ms1,b1,e1,id2,ms2,b2,e2,ch_match,matches_percent
1,1,266,ShamAY0038056,1,1,286,207,88
1,23,525,ShamAY0032931,1,51,563,225,42
1,1052,1275,Shamela0025794,2144,191,404,157,84
1,1,537,ShamAY0032887,1,1,585,243,42
1,960,1282,ShamAY0033945,99,571,872,178,58
1,23,266,ShamAY0032961,1,43,264,139,64
1,23,545,ShamAY0032925,1,47,593,210,37
1,23,545,ShamAY0032917,1,61,793,212,28
1,60,268,ShamAY0032943,1,213,430,152,81
1,23,537,ShamAY0032892,1,59,497,227,48
1,36,291,ShamAY0032947BK1,1,156,409,172,79
1,1058,1275,JK000475,2524,813,1062,142,64
1,60,763,ShamAY0032921,1,248,1158,301,35
1,1,270,ShamAY0032914,1,1,282,180,75
1,23,268,ShamAY0032940,1,52,274,169,84
1,29,553,ShamAY0032888BK1,1,145,610,208,45
1,1076,1275,Tafsir09050,4933,1074,1252,138,87
1,1073,1295,Sham19Y0148271,182,607,822,154,84
1,1,266,ShamAY0038161,1,31,314,184,77
1,513,1038,Shamela0030696,1,44,513,254,52
1,875,1485,Shamela0007891,2622,824,1373,217,36
1,23,266,ShamAY0038135,1,56,267,146,68
1,14,266,ShamAY0032960,1,78,399,192,72
1,23,266,ShamAY0038064,1,37,270,171,83
1,1,525,ShamAY0032878,1,1,538,222,43
1,23,521,ShamAY0032907,1,64,551,205,39
1,23,510,ShamAY0032922,1,36,425,269,63
1,23,266,ShamAY0032967,1,63,277,143,67
1,1073,1282,Shamela0012740,21,1060,1276,164,95
1,1088,1275,Shia003732Vols,5756,407,590,141,93
1,1073,1275,Shamela0012884,5449,1158,1345,146,91
1,1356,1499,Shamela0030327,209,1064,1183,75,66
1,1125,1275,Shia002261Vols,204,615,759,112,93
1,998,1282,Shamela0026564,22,1076,1429,135,39
1,23,266,ShamAY0038127,1,50,347,175,68
1,14,548,ShamAY0032936,1,47,474,218,42
1,23,537,ShamAY0032950,1,47,751,297,48
1,1026,1263,JK000083,146,1291,1528,182,93
1,981,1216,Shamela0021602,84,1095,1418,173,64
1,1,268,ShamAY0032901,1,1,261,179,76
1,1125,1275,Sham19Y0127677,1407,333,477,113,94
1,615,1125,Shamela0010480,826,542,983,199,40
1,23,266,ShamAY0032952,1,68,535,173,43
1,1073,1275,Shia002702Vols,11846,405,579,132,82
1,14,266,ShamAY0032938,1,50,305,178,80
1,1,521,ShamAY0032880,1,1,494,206,40
1,1,266,ShamAY0032913,1,1,268,183,78
1,1058,1275,Tafsir02100,217,1002,1251,142,64
1,23,266,ShamAY0032908,1,76,350,166,69
1,1052,1270,Shamela0007798,9664,1252,1455,148,83
1,1073,1282,Sham19Y0132973,496,894,1112,158,89
1,23,571,ShamAY0032927,1,49,524,226,45
1,1,266,ShamAY0032966,1,1,270,180,78
1,23,266,ShamAY0032956,1,70,306,171,83
1,1026,1275,Shia001976Vols,756,111,322,132,65
1,1,545,ShamAY0032937,1,1,405,204,39
1,1073,1275,Shamela0023623,4638,331,518,146,91
1,41,525,ShamAY0032918,1,167,650,205,43
1,833,1485,Shamela0030592Vols,209,870,1306,223,41
1,14,266,ShamAY0032933,1,39,292,178,82
1,1125,1295,Shamela0001438,2175,275,443,121,86
1,1,561,ShamAY0032912,1,32,611,215,34
1,1,266,ShamAY0038147,1,1,265,173,75
1,14,276,ShamAY0032929,1,41,282,174,82
1,23,266,ShamAY0032919,1,60,297,173,83
1,1,326,ShamAY0032885,1,1,364,192,61
1,1092,1275,Shamela0010668,76,191,380,143,94
1,1,266,ShamAY0038153,1,1,274,178,73
1,23,226,ShamAY0032883,1,41,231,139,81
1,23,266,ShamAY0032897,1,35,267,162,79
1,23,571,ShamAY0032916,1,64,616,264,48
1,23,266,ShamAY0032909,1,65,311,169,78
1,23,268,ShamAY0032941,1,29,255,171,85
1,1125,1275,Shamela0001975,503,1042,1186,113,94
1,23,266,ShamAY0032969,1,56,342,175,71
1,23,268,ShamAY0032942,1,55,311,173,80
1,1,976,ShamAY0032886,1,1,964,389,37
1,23,266,ShamAY0032891,1,40,325,171,67
1,1356,1548,ShamAY0034569,732,329,525,125,73
1,23,268,ShamAY0032930,1,38,275,173,83
1,1,266,ShamAY0038078,1,1,236,153,63
1,23,266,ShamAY0032965,1,167,419,178,84
1,1125,1275,Shamela0021659,639,561,705,113,94
1,1022,1282,Shamela0013035,415,505,739,160,75
1,36,266,ShamAY0032947BK2,1,156,382,167,86
1,14,578,ShamAY0032946,1,39,555,244,47
1,23,266,ShamAY0032896,1,68,319,171,78
1,1073,1282,Sham19Y0016618,245,423,640,157,89
1,833,1010,Shamela0021626,16,1244,1439,105,60
1,23,268,ShamAY0032904,1,58,296,178,86
1,1,266,ShamAY0032971,1,1,255,185,81
1,23,266,ShamAY0032955,1,66,299,171,83
1,1,521,ShamAY0032889,1,1,534,241,49
1,833,1485,Shamela0010835,212,520,961,214,39
1,23,270,ShamAY0032932,1,55,293,172,81
1,23,266,ShamAY0032935,1,49,277,170,83
1,1,301,ShamAY0032920,1,1,319,197,72
1,1,266,ShamAY0038072,1,1,367,183,57
1,23,266,ShamAY0038074,1,60,296,174,82
1,23,266,ShamAY0038063,1,47,293,171,77
1,23,266,ShamAY0032893,1,42,272,191,94
1,23,270,ShamAY0038148,1,41,352,180,69
1,1038,1282,Sham19Y0018272,1201,904,1139,133,58
1,23,266,ShamAY0038082,1,109,336,170,85
1,23,266,ShamAY0032970,1,61,421,163,54
1,1,266,ShamAY0032944,1,44,304,182,81
1,1073,1275,ShamAY0034054,4485,867,1059,146,88
1,23,266,ShamAY0032959,1,60,326,174,75
1,1,266,ShamAY0032957,1,1,295,177,70
1,14,444,ShamAY0032902,1,36,379,228,64
1,23,268,ShamAY0032924,1,46,267,171,85
1,14,525,ShamAY0032928,1,39,545,230,48
1,842,1275,Shamela0021681,45,328,733,204,50
1,14,266,ShamAY0032899,1,48,340,172,67
1,1,462,ShamAY0032898,1,1,441,237,56
1,23,266,ShamAY0032951,1,83,346,176,77
1,1026,1342,Shamela0008473,5188,1196,1480,188,72
1,1,266,ShamAY0038109,1,1,313,184,68
1,23,266,ShamAY0038086,1,104,408,181,69
1,23,521,ShamAY0032915,1,44,468,201,43
1,23,266,ShamAY0038123,1,113,340,169,83
1,1356,1510,Shamela0023764BK3,350,747,876,91,74
1,1349,1510,Shamela0023764BK3,373,612,745,96,73
1,23,266,ShamAY0032962,1,48,284,155,69
1,29,553,ShamAY0032888BK2,1,145,610,211,43
1,1043,1282,Shamela0010906,3208,22,241,170,89
1,1,537,ShamAY0032926,1,1,406,220,49
1,1052,1282,ShamAY0032799,2,789,981,141,75
1,23,248,ShamAY0032877,1,38,296,157,67
2,131,551,ShamAY0033686,1,6,493,225,53
2,1248,1468,Shamela0000772,185,1133,1389,172,85
2,1324,1468,Shamela0026495,11,1,145,112,100
2,650,1005,Shamela0030267Vols,50,971,1322,202,68
2,1301,1468,Shamela0030267Vols,62,1,166,128,98
2,290,740,Shamela0010444,88,24,375,197,51
2,1081,1468,Shamela0012531,254,448,726,157,48
2,1304,1468,Shia003732Vols,2858,1033,1218,117,81
2,802,931,Shamela0029991,17,1,130,105,100
2,1236,1468,Shamela0026731,99,639,896,182,90
2,645,950,Shamela0026731,198,652,940,205,82
2,601,953,Shamela0030327,16,323,754,220,60
2,1220,1468,Shamela0030327,148,688,946,186,90
2,131,709,Shia002230,27,122,883,237,33
2,714,936,Shamela0000347,323,1,213,151,84
2,110,504,Shamela0010831,29,98,419,197,55
2,558,1009,JK009154,35,825,1374,244,53
2,1339,1468,JK009154,108,1,111,86,85
2,48,740,Shamela0009370,11,377,1029,236,30
2,974,1468,Shamela0009370,13,114,551,287,72
2,546,950,ShamAY0033569,23,176,627,254,67
2,966,1468,ShamAY0033569,26,217,670,278,60
2,1179,1468,JK000532,244,1111,1367,177,73
2,202,539,Shamela0012865,27,572,890,182,67
2,1331,1468,Shamela0003118,426,238,375,107,100
2,1324,1468,Shamela0003118,1949,377,529,112,94
2,198,514,Shamela0007435,1005,1042,1379,159,52
2,48,766,Shamela0007289,5607,803,1446,257,35
2,974,1468,Shamela0007289,5609,857,1294,287,72
2,1236,1468,ShamAY0032856,9,1067,1301,182,99
2,123,504,Shamela0030246,5,688,988,212,68
2,908,1468,Shamela0030246,8,628,1125,294,63
2,177,543,ShamAY0038078,40,683,1189,243,59
2,1248,1468,ShamAY0038078,52,48,299,162,78
2,551,1220,Shamela0029617,2,83,682,291,47
2,974,1468,Shamela0029617,3,569,1060,243,49
2,1292,1468,JK000916,1112,51,227,132,96
2,110,681,JK000916,3201,396,818,267,57
2,1331,1468,JK000916,5610,1,138,107,100
2,127,740,JK000916,12307,1,478,242,45
2,558,1228,Shamela0029738,6,554,1235,300,43
2,747,931,Shamela0026716,3,996,1185,142,94
2,613,1228,ShamAY0032864,7,29,585,278,46
2,747,931,Shamela0026504,3,612,810,139,86
2,1258,1468,Shamela0026722,17,1,227,163,92
3,379,741,Sham19Y0013572,822,1126,1483,234,71
3,1148,1366,ShamAY0033686,3,468,685,168,96
3,1188,1384,JK007036,287,659,816,112,73
3,1188,1371,Shamela0023644,1550,788,943,109,77
3,246,741,Sham19Y0016946,94,715,1189,336,83
3,321,741,Shamela0005756,2319,66,447,285,83
3,1172,1366,Shamela0012031,64,207,399,147,94
3,351,741,Shamela0001875,420,398,1130,293,49
3,1188,1366,Shamela0013033,26,1146,1291,107,77
3,1,152,Shamela0030327,148,946,1118,120,87
3,846,1207,Shamela0030327,227,834,1281,227,62
3,890,1366,Shamela0026389,12,212,764,290,61
3,846,1299,Shia002230,16,955,1369,226,56
3,158,752,Shia002230,43,772,1461,417,73
3,289,741,Shamela0000137,445,293,719,313,85
3,321,746,Sham19Y0016684,260,205,611,304,88
3,321,741,Sham19Y0018103,570,770,1171,303,88
3,193,796,Shamela0010831,35,56,745,437,78
3,1188,1366,Shamela0009873,2088,528,715,121,77
3,957,1366,Shamela0013129,16,749,1231,194,43
3,321,741,JK007065,839,103,495,255,69
3,293,808,ShamAY0033698,5,691,1170,221,45
3,1167,1366,JK009154,164,1,177,121,73
3,193,796,JK009154,438,593,1352,416,67
3,1014,1393,ShamAY0033569,18,864,1250,238,72
3,158,808,ShamAY0033569,30,35,804,453,71
3,1188,1366,JK009242,284,61,232,131,92
3,170,890,ShamAY0032854,3,670,1328,269,44
3,441,555,Sham19Y0016584,515,1,112,88,95
3,1139,1393,ShamAY0032856,3,605,864,181,86
3,321,741,Sham19Y0018176,227,292,693,303,88
3,351,741,Shamela0096283,52,335,699,280,89
3,196,890,Shamela0010447,9,508,1307,466,69
3,1188,1366,Shamela0002863,1265,313,458,107,77
3,369,741,Shamela0023685,334,605,954,219,63
3,366,555,JK009324,330,770,964,125,80
3,1050,1366,ShamAY0038078,19,328,782,240,67
3,1175,1376,Shamela0009918,1701,1050,1250,119,67
3,1059,1366,ShamAY0038144,36,5,245,165,66
3,246,741,Sham19Y0018106,447,257,723,319,77
3,321,573,Sham19Y0013605,870,120,378,190,92
3,945,1366,ShamAY0032971,16,575,983,207,51
3,965,1366,JK000916,1068,619,1079,270,73
3,957,1371,Shamela0012750,542,357,880,297,71
3,260,526,Shamela0026429,87,428,662,164,76
3,483,808,Shamela0021715,903,1,295,202,77
3,351,760,Sham19Y0014309,173,893,1293,251,67
3,321,789,Shamela0030324,2,1,502,329,81
3,321,741,Sham19Y0013252,1295,136,537,303,88
3,321,569,JK000110,100,1187,1441,187,92
3,379,760,Shamela0025800,156,521,893,240,71
3,339,741,Shamela0011428,562,417,798,270,79
3,432,741,Shamela0006617,663,477,798,194,65
3,284,741,Shamela0010906,7155,821,1264,343,92
3,158,741,Shamela0009808,1,382,986,406,79
3,297,741,Shamela0004289,469,600,1014,307,86
3,321,666,Shamela0009107,54,90,368,205,73
4,393,757,Shamela0000772,156,839,1233,269,84
4,162,722,Shamela0003722,1305,627,1191,307,56
4,388,722,Shamela0026731,98,922,1268,253,89
4,388,757,Shamela0030327,73,492,911,278,82
4,261,757,Shia002230,17,834,1381,258,55
4,757,1260,Shamela0010480,1825,423,805,161,35
4,764,1009,Shamela0010480,1829,725,1023,136,56
4,365,757,Shamela0010831,24,1,447,279,77
4,186,809,Shamela0011746,90,607,1219,304,54
4,393,757,JK009154,164,661,1051,259,78
4,252,772,Shamela0012865,19,1,539,321,71
4,482,722,Shamela0003118,1211,341,585,174,88
4,176,722,Shamela0030246,9,994,1500,329,69
4,393,772,ShamAY0038078,18,1,375,267,86
4,307,722,Sham19Y0148486,3156,16,450,235,62
4,400,816,Shamela0030623Vols,531,435,831,262,77
4,162,722,Shamela0029617,1,888,1480,336,63
4,302,894,JK000916,1068,150,749,349,68
4,302,919,JK000916,3201,11,555,325,64
4,489,739,Shamela0006227,471,635,911,160,71
4,447,727,Sham19Y0122397,99,23,299,179,75
4,252,722,Shamela0030790,32,429,914,319,79
4,252,971,Shamela0030324,5,631,1440,342,45
4,176,693,Shamela0025800,47,721,1504,302,45
4,477,722,Sham19Y0013667,5238,1142,1348,142,69
5,845,1027,ShamAY0033686,3,691,873,145,100
5,660,1053,Shamela0030267Vols,41,686,1013,231,73
5,646,1027,Shamela0003722,671,152,603,263,69
5,1163,1316,Sham19Y0036114,421,466,632,112,85
5,701,1027,Shia002230,25,385,683,189,63
5,726,1292,Shamela0010480,1765,467,1465,216,26
5,876,1297,Shamela0004473,12365,1,323,143,39
5,756,1153,JK009154,107,957,1392,167,41
5,804,1297,Shamela0010322,34,94,504,190,44
5,660,1027,ShamAY0033569,27,399,726,226,74
5,653,913,Shamela0012865,8,409,994,173,37
5,653,1153,Shamela0012865,65,777,1215,250,58
5,742,1292,Shamela0029937,2,845,1403,157,25
5,98,489,Shamela0012750,537,63,454,237,70
5,828,991,Shamela0009107,211,1252,1423,103,75
6,4,429,Shamela0022642,193,361,876,209,45
6,1134,1430,ShamAY0034447,5,319,638,228,90
6,94,421,Shamela0030327,202,1,305,199,73
6,1074,1389,Shia002230,25,1082,1507,233,69
6,94,581,Shamela0010831,23,863,1340,213,41
6,1074,1430,Shamela0010831,27,562,1019,261,72
6,65,493,ShamAY0033674,13,301,842,199,38
6,1050,1430,JK009154,37,282,731,241,64
6,1,421,ShamAY0033569,11,611,1048,246,62
6,1022,1430,ShamAY0033569,21,457,863,259,74
6,65,575,Shamela0012865,50,758,1234,228,47
6,1074,1430,Sham19Y0038171,5,579,975,261,83
6,141,407,Shamela0007289,5598,866,1114,180,83
6,132,350,ShamAY0032856,3,895,1115,146,81
6,48,624,Shamela0030246,15,260,866,237,43
6,141,324,Shamela0030623Vols,22,977,1152,135,90
6,9,467,Shamela0029617,1,344,843,225,45
6,85,493,JK000916,5610,421,822,195,45
6,1,324,Shamela0007349,484,550,849,228,86
6,1,324,Shamela0012750,102,667,1016,244,87
6,1,421,Shamela0021681,26,316,763,260,72
6,1,467,Shamela0027085,16,1090,1559,269,64
6,4,324,Shamela0023764BK3,86,903,1259,193,65
6,68,386,Shamela0009397,5,197,574,205,68
7,1209,1439,Shamela0025794,2137,444,617,105,55
7,1202,1466,Shia000234Vols,3451,603,799,96,37
7,982,1470,ShamAY0033686,1,6,860,312,45
7,358,580,ShamAY0033686,3,1209,1404,135,75
7,849,1394,Shamela0013132,65,1280,1501,109,24
7,1174,1466,JK000475,2115,491,689,124,52
7,1202,1466,Shamela0007891,2117,1,457,143,35
7,962,1470,Shamela0010444,5,469,849,208,47
7,1,143,ShamAY0034447,5,638,770,105,92
7,918,1470,Shamela0030327,91,301,853,344,70
7,918,1202,Shamela0030327,110,466,761,177,69
7,687,1196,Shamela0030327,209,920,1407,219,41
7,1006,1453,Shamela0026389,19,1077,1517,273,66
7,207,723,Shamela0026389,30,677,1275,273,51
7,1149,1470,Shia002230,19,1,337,214,72
7,180,580,Shia002230,23,44,451,173,41
7,1,143,Shia002230,26,41,173,105,92
7,1217,1466,ShamAY0033731,160,256,420,107,54
7,1217,1466,Sham19Y0020638,1381,1262,1438,116,58
7,1229,1466,Sham19Y0127677,771,350,551,146,77
7,1174,1466,JK000735,54,525,746,139,58
7,982,1470,Shamela0010831,21,156,603,215,44
7,180,580,Shamela0010831,22,1097,1536,230,60
7,1,147,Shamela0010831,27,1019,1183,100,72
7,1202,1466,Shia001731Vols,782,456,656,140,64
7,1247,1466,Shamela0000638,36,6,168,128,73
7,1202,1466,Shamela0009810,1345,74,275,142,65
7,1,131,Shamela0098087,285,910,1050,86,79
7,1217,1466,Shia001174Vols,4090,44,227,114,57
7,1144,1470,Shia002067,484,461,714,165,59
7,1,143,JK009154,37,731,844,90,79
7,1129,1470,JK009154,177,896,1233,180,55
7,1183,1430,Shamela0009370,3,1277,1515,184,93
7,1,168,ShamAY0033569,21,863,1019,114,80
7,982,1470,ShamAY0033569,22,485,1021,310,65
7,271,596,ShamAY0033569,25,120,456,211,73
7,900,1470,Shamela0012865,8,565,1195,324,59
7,168,580,Shamela0012865,59,135,588,196,44
7,1,143,Sham19Y0038171,5,975,1119,100,82
7,1183,1470,Shamela0007289,5599,280,558,218,95
7,1144,1470,Shamela0013048,374,16,234,149,59
7,1202,1356,JK000786,2557,1356,1477,87,69
7,918,1470,Shamela0030246,6,533,991,290,62
7,330,715,ShamAY0038144,35,485,896,210,58
7,1217,1470,Shamela0030623Vols,22,810,965,119,60
7,1183,1470,ShamAY0032786,7,123,428,213,85
7,30,723,Shamela0029922,2,606,1282,263,38
7,180,580,Shamela0010479,59,471,965,228,54
7,1103,1470,JK000022,827,979,1243,151,50
7,1217,1470,ShamAY0032971,4,392,644,170,76
7,937,1470,Shamela0029617,5,53,560,261,52
7,944,1470,JK000916,13746,610,1045,286,65
7,918,1470,JK000916,27720,273,742,239,51
7,1050,1470,JK000021,2590,275,759,188,39
7,957,1470,Shamela0029738,13,232,833,335,67
7,900,1470,ShamAY0038086,18,391,878,179,31
7,1241,1466,Shia003895Vols,184,378,547,117,60
7,1299,1470,ShamAY0032864,14,1,172,133,98
8,575,949,ShamAY0033686,3,879,1245,294,97
8,433,949,Shamela0005815,42,698,1202,324,72
8,593,1047,JK007036,328,580,823,196,53
8,593,958,Shamela0005756,7917,815,1170,279,95
8,596,1047,Shamela0012031,241,909,1143,189,51
8,596,862,Sham19Y0020699,1572,895,1116,134,57
8,588,1047,Shamela0003722,671,617,865,200,54
8,539,949,Shamela0001733,165,903,1316,326,98
8,1305,1508,Shamela0001733,3921,104,307,158,100
8,475,949,Shamela0001733,4898,351,771,253,66
8,596,943,Shia000841Vols,8416,812,1185,242,79
8,478,1047,Shamela0026731,56,254,637,250,50
8,680,1047,Shamela0030327,210,1,165,131,44
8,588,1168,Shamela0026389,62,1,461,325,66
8,380,1168,Shia002230,13,488,1160,399,54
8,1,156,Shia002230,19,337,524,104,69
8,593,923,Sham19Y0127677,757,77,414,256,92
8,380,570,Shamela0010480,1796,825,1119,101,41
8,380,1137,Shamela0010657,1140,895,1442,368,57
8,1293,1508,Shamela0022882,166,8,210,119,67
8,380,603,JK000508,7,746,1002,117,51
8,313,1156,Shamela0010831,22,168,874,400,50
8,596,949,Sham19Y0019188,4861,12,329,203,67
8,526,949,ShamAY0033538,20,824,1207,248,71
8,596,943,JK000272,1293,351,722,240,78
8,313,1047,JK009154,177,187,722,243,33
8,462,949,Shamela0030592Vols,92,250,750,341,81
8,361,1047,Shamela0009370,3,21,465,264,42
8,1,156,ShamAY0033569,22,1021,1216,90,59
8,470,1047,ShamAY0033569,24,205,601,244,49
8,668,1137,Shamela0021107,13,1,403,269,64
8,317,949,Shamela0005680,1,629,1286,343,56
8,539,966,Shamela0031366,514,991,1425,296,79
8,36,137,Shamela0012865,8,1329,1495,66,53
8,236,953,Shamela0012865,37,128,825,360,54
8,608,949,Zaydiyya0000054,428,128,504,236,75
8,475,774,JK007025,80,1177,1472,181,62
8,419,949,Shamela0029778,4,236,764,333,66
8,596,949,Shamela0008463,4517,193,516,203,65
8,313,1047,Shamela0007289,5598,80,571,268,39
8,300,949,ShamAY0032856,3,9,555,350,60
8,539,1047,ShamAY0038083,203,303,615,236,57
8,337,953,Shamela0010447,28,77,719,350,58
8,535,949,Shamela0007370,236,243,610,259,76
8,608,1040,Shamela0021721,3730,1171,1383,127,35
8,650,949,Shamela0030246,6,1,307,239,97
8,419,949,ShamAY0034569,959,122,618,332,71
8,539,973,ShamAY0038078,16,160,635,324,83
8,1305,1508,ShamAY0038078,60,28,243,158,94
8,478,949,JK009408,2376,510,981,336,87
8,575,949,Sham19Y0146127,2687,508,880,262,84
8,608,745,Shia004526,104,555,699,108,91
8,462,1137,Shamela0029922,2,177,792,369,62
8,308,1047,Shamela0009354,2,778,1245,267,39
8,462,953,Shamela0010479,27,290,851,364,81
8,593,949,Shamela0029617,9,1,361,280,96
8,462,949,Shamela0010835,106,692,1194,340,81
8,322,953,JK007062,77,347,947,318,49
8,628,1047,Shamela0026813,36,1,217,175,51
8,1187,1469,Shamela0006439,6,1180,1477,151,62
8,457,1047,Shamela0029738,3,570,953,258,52
8,588,953,Shamela0022848,358,338,693,282,96
8,433,949,Shamela0030324,3,25,575,294,53
8,1222,1508,Shamela0030324,4,21,287,137,58
8,608,1161,Shamela0026432,23,1,484,317,65
8,558,1047,ShamAY0032855,16,780,1066,160,40
8,558,949,Shamela0008473,1600,664,1132,303,81
8,30,156,ShamAY0038086,18,943,1099,90,75
8,535,1047,ShamAY0032864,4,9,314,230,55
8,521,949,Shamela0021493,107,70,453,285,81
8,285,1336,JK000221,614,49,702,410,48
9,313,867,Shamela0030267Vols,3,55,649,276,52
9,269,1508,Shamela0009870,89,386,1158,350,29
9,433,842,Shamela0026731,143,990,1343,238,70
9,1303,1508,Shamela0029714,2,979,1262,146,64
9,422,891,Shamela0030327,29,924,1431,276,61
9,1283,1508,ShamAY0032919,12,1232,1452,172,94
9,685,842,ShamAY0032919,13,252,410,125,98
9,1329,1478,Shamela0036515,2214,1004,1280,72,31
9,1283,1508,ShamAY0032869,2,478,726,166,83
9,502,930,ShamAY0032746,3,1101,1533,173,42
10,975,1499,Shamela0013068,84,350,867,404,96
10,599,999,ShamAY0032778,1,743,961,147,44
10,1054,1499,Shamela0010736,104,1,319,231,65
10,979,1499,Shia002034Vols,806,694,1201,382,91
10,832,1276,Shia002230,46,992,1523,321,72
10,1276,1499,Shia002230,47,1,221,172,98
10,733,995,Shamela0010480,469,1031,1267,161,72
10,731,979,Shamela0010480,875,636,857,160,77
10,741,992,Shamela0010480,964,178,355,125,63
10,599,1037,Shamela0010480,1531,757,1153,152,38
10,731,1037,Shamela0010480,1535,110,403,142,52
10,606,1033,Shamela0010480,1796,712,1162,150,34
10,599,999,Shamela0010480,1872,1014,1189,112,36
10,599,961,Shamela0010480,1964,1146,1509,142,40
10,606,1465,Shamela0022882,171,280,930,457,65
10,613,1084,JK000508,2,1157,1464,162,41
10,741,1202,Shamela0010831,35,1030,1530,263,59
10,1202,1499,Shamela0010831,36,1,296,228,96
10,741,1499,ShamAY0033613,6,386,1248,473,60
10,966,1499,Shamela0009329,345,5,550,379,80
10,741,1499,JK000914,1953,286,1038,458,72
10,958,1125,Shamela0029745,150,812,1044,115,62
10,1069,1499,Shia001782Vols,265,814,1222,282,79
10,613,961,JK009154,227,245,797,125,22
10,606,1009,JK009154,386,280,994,150,21
10,940,1125,JK001293BK1,292,627,821,129,84
10,979,1465,Shamela0003118,1516,157,635,362,92
10,915,1499,Shamela0030315,2,354,1001,424,79
10,591,995,Shamela0029937,3,113,366,123,36
10,966,1118,Zaydiyya0000100,854,1343,1495,99,81
10,1118,1465,Zaydiyya0000100,855,1,351,263,93
10,335,512,ShamAY0034123,364,732,958,119,63
10,599,995,Shamela0009385,15,1014,1297,174,54
10,741,1118,Shamela0009385,19,869,1191,167,52
10,940,1125,Shamela0036357,520,424,616,129,85
10,979,1129,JK000916,27504,1294,1446,112,94
10,1129,1465,JK000916,27505,1,335,259,95
10,975,1382,ShamAY0032855,12,1021,1479,304,83
10,693,1310,ShamAY0032855,122,822,1498,306,43
10,1310,1499,ShamAY0032855,123,1,174,134,91
10,915,1499,Shamela0001002,839,105,669,377,73
11,402,728,Shamela0021809,1062,238,484,143,51
11,399,1312,Shamela0021809,1062,764,1273,196,25
11,402,938,Shamela0010444,63,558,928,98,16
11,952,1104,Shamela0035100,8983,909,1056,99,86
11,377,718,Shamela0001733,1452,1217,1437,155,55
11,718,1461,Shamela0001733,1453,1,757,416,60
11,1160,1461,Shia002230,21,62,358,208,78
11,557,977,Shia002230,37,404,900,258,61
11,145,381,Shamela0010480,9,10,225,127,68
11,145,474,Shamela0010480,1085,113,505,165,47
11,138,649,JK000508,21,524,688,118,29
11,658,1026,Sham19Y0018144,2003,697,1260,154,29
11,1160,1461,Shamela0010831,37,1195,1487,203,76
11,295,693,ShamAY0032956,4,798,1189,202,56
11,295,862,ShamAY0032956,5,422,688,196,43
11,668,1036,JK007065,349,173,784,165,32
11,161,668,JK009154,236,431,1080,272,50
11,577,977,JK009154,248,374,821,221,55
11,1230,1458,Shamela0027103,21,1010,1357,132,44
11,538,967,ShamAY0033569,20,1,505,217,49
11,658,1026,ShamAY0032665,2003,602,1165,154,29
11,399,557,Shamela0010447,21,1,183,123,86
11,1196,1458,ShamAY0038078,14,417,675,207,98
11,152,557,ShamAY0038078,21,603,1132,247,56
11,577,1104,ShamAY0038078,60,652,997,172,33
11,637,1461,JK009408,1005,588,1183,374,54
11,1196,1380,JK009408,2236,129,343,140,80
11,455,967,Sham19Y0148486,5191,156,920,203,26
11,518,1104,Sham19Y0148486,5637,603,964,155,28
11,1196,1373,Sham19Y0148486,6663,1266,1471,136,83
11,1204,1461,Sham19Y0146127,3694,416,675,195,92
11,1196,1439,JK006838,890,901,1153,175,82
11,557,858,Shamela0029617,7,204,560,234,83
11,445,689,Shamela0029617,9,290,592,126,51
11,1196,1458,Shamela0029617,9,576,1008,158,45
11,673,1316,JK000916,8265,7,686,198,31
11,1185,1458,JK000916,20388,633,1086,156,43
11,399,967,Shamela0008473,4399,953,1372,234,46
11,316,732,Sham19Y0039268,213,675,1125,167,40
12,1167,1436,Shamela0012579,624,857,1183,200,78
12,1115,1337,Shamela0005797,314,1110,1547,167,48
12,1337,1436,Shamela0005797,315,1,100,77,100
12,643,836,ShamAY0032778,8,1224,1488,129,59
12,317,652,Shamela0030267Vols,30,202,628,184,54
12,15,204,Shamela0021809,1064,603,830,116,61
12,1203,1436,Shamela0021809,1494,77,288,158,83
12,306,652,Shamela0003722,1234,21,397,171,48
12,486,605,JK000646,10,356,475,95,100
12,1014,1436,ShamAY0032843,72,568,1040,220,51
12,1,123,Shamela0001733,1453,757,879,98,100
12,1199,1460,Shia003732Vols,2945,6,292,156,70
12,1127,1436,ShamAY0034447,1121,478,801,234,89
12,298,828,Shamela0026731,181,871,1399,178,32
12,302,643,Shamela0026389,153,595,1288,169,27
12,247,652,Shia002230,14,42,532,173,36
12,1,204,Shia002230,21,358,642,154,66
12,486,798,ShamAY0033673,2,638,1059,121,31
12,659,962,Shamela0010480,1014,1165,1416,115,39
12,1014,1460,Shamela0010480,1289,634,1188,311,66
12,643,965,Shamela0010480,1342,315,702,131,40
12,310,652,Shamela0010831,19,466,881,179,47
12,907,1342,ShamAY0032956,23,1023,1491,256,58
12,1342,1460,ShamAY0032956,24,1,110,85,92
12,573,1144,ShamAY0032956,25,1,595,300,57
12,404,912,ShamAY0032759,15,12,463,173,33
12,306,643,ShamAY0033569,28,780,1184,162,46
12,643,1029,JK000532,882,136,516,200,59
12,529,1003,Shamela0003118,1694,825,1053,132,33
12,1167,1460,JK007025,101,300,616,188,69
12,1167,1432,ShamAY0032770,20,749,1054,184,72
12,652,915,Shamela0010447,23,1104,1490,153,46
12,302,652,Shamela0010447,24,141,620,209,52
12,1240,1436,Shamela0006060,430,377,613,137,75
12,542,977,Shia002069Vols,262,1,620,131,22
12,1,170,ShamAY0038078,14,682,912,131,71
12,1,123,JK009408,1005,1183,1310,92,90
12,5,204,Sham19Y0148486,6664,93,264,122,71
12,5,143,Sham19Y0146127,3694,679,814,95,87
12,559,1044,Shamela0009385,5,547,1080,210,42
12,404,611,Sham19Y0020989,809,15,269,130,60
12,5,136,JK006838,890,1160,1293,102,94
12,1014,1460,Shamela0036357,708,386,820,209,46
12,306,980,JK000916,4539,903,1467,316,53
12,404,652,JK007062,26,70,347,152,67
12,310,646,Shamela0026813,19,440,753,151,50
12,1203,1436,Shamela0000956,395,830,995,119,64
12,382,836,Shamela0012750,361,567,1188,187,31
12,1108,1452,Shamela0026429,169,573,926,251,89
12,705,1014,Shamela0030790,39,102,404,195,75
13,218,543,Shamela0025794,3256,11,302,174,64
13,202,543,JK000201,3445,427,749,124,35
13,193,408,Sham19Y0148271,909,170,379,154,88
13,202,1375,Shamela0021809,1493,186,1144,444,39
13,59,416,Shamela0003722,1255,555,938,250,82
13,16,305,Shia002230,27,1137,1527,195,60
13,305,482,Shia002230,28,1,199,132,85
13,218,378,Sham19Y0127677,886,735,876,105,85
13,198,423,Sham19Y0127677,13495,1217,1428,154,84
13,602,1132,Shamela0010480,1286,945,1383,166,29
13,744,1447,Shamela0010480,1287,70,774,373,58
13,6,781,Shamela0010480,1288,466,1170,325,41
13,16,482,Shamela0010831,25,635,1202,316,67
13,658,1321,ShamAY0032956,23,924,1393,164,23
13,6,1408,ShamAY0032956,24,125,851,490,43
13,45,423,JK009154,38,778,1100,180,56
13,54,543,JK009154,39,52,621,284,60
13,80,372,ShamAY0033569,30,1157,1490,211,79
13,925,1186,JK000532,1003,358,650,133,51
13,45,408,Shia002069Vols,616,1029,1356,200,66
13,80,658,JK000916,10384,612,1134,233,46
14,185,913,Shamela0012579,1804,53,720,364,56
14,1160,1371,Shamela0000432,4992,1185,1418,147,75
14,833,1394,Shamela0030267Vols,6,221,699,318,66
14,1187,1371,Sham19Y0127663,47,1,191,138,85
14,126,781,Shamela0021809,1497,334,930,456,85
14,107,781,Shia002034Vols,1212,361,1494,503,53
14,1129,1388,JK000481,612,861,1128,168,74
14,1129,1371,ShamAY0033910,155,1130,1377,168,79
14,1125,1358,Sham19Y0127677,9566,1286,1529,171,82
14,15,326,Shamela0010480,1295,1196,1456,189,75
14,326,910,Shamela0010480,1296,1,533,387,79
14,726,1107,Shamela0030305,67,448,824,168,48
14,1160,1486,Shia002616Vols,2580,132,465,172,57
14,64,975,ShamAY0032956,23,178,1237,603,68
14,207,431,Shia001782Vols,1717,1365,1580,167,94
14,436,781,Shia001782Vols,1718,5,342,266,95
14,822,1375,ShamAY0033569,33,389,928,343,71
14,1129,1486,JK000786,320,622,990,215,66
14,1129,1371,JK000130,157,217,464,168,79
14,1129,1437,Sham19Y0148486,1651,962,1251,200,75
14,1129,1500,Sham19Y0146127,843,883,1228,221,70
14,1103,1371,ShamAY0034256,298,166,436,182,77
14,1092,1303,Shamela0021477,3,1252,1469,145,80
14,1129,1492,Shamela0001686,270,190,635,209,56
14,1160,1371,Shamela0001686,2412,256,894,167,32
14,1163,1371,Sham19Y0014827,464,1204,1401,138,79
14,117,817,Shamela0001453,14,275,520,121,21
14,1129,1492,Shamela0012415,105,894,1235,220,71
14,799,1081,Shamela0027085,9,83,408,133,47
14,1187,1486,Shamela0025800,1424,1024,1302,160,63
15,609,1005,Shamela0023700,2267,1068,1443,262,75
15,1005,1481,Shamela0023700,2268,1,464,339,87
15,609,1316,Shamela0005963,759,459,1065,414,68
15,578,1481,Shamela0021809,2650,712,1301,363,50
15,556,1098,Shia002034Vols,2013,844,1417,410,89
15,1098,1470,Shia002034Vols,2014,1,382,293,97
15,988,1357,Shamela0009780,593,442,1247,248,38
15,678,919,Shia003732Vols,5675,309,501,138,66
15,632,1020,JK000985,31,886,1194,208,65
15,674,1470,Shamela0013178,391,1,680,494,76
15,563,976,Shamela0013178,407,1093,1347,176,51
15,496,1405,JK000761,319,615,1473,600,78
15,609,900,JK000533,2604,1195,1460,190,78
15,900,1316,JK000533,2605,1,273,200,60
15,642,1025,Shia001782Vols,3367,1070,1446,274,85
15,1025,1470,Shia001782Vols,3368,1,391,280,79
15,552,1005,JK001293BK1,654,114,482,231,62
15,678,919,Shamela0023695,1220,370,570,141,66
15,693,1470,JK009408,1963,1,790,588,92
15,520,1477,Shamela0009628,8,8,1005,713,87
15,1,106,Shamela0029617,6,1430,1540,82,92
15,632,1005,Shamela0007349,39,207,465,164,55
15,632,992,Shamela0023798,139,453,752,187,61
16,200,466,Shamela0025794,3876,609,851,194,89
16,182,466,Shamela0023700,74,261,530,167,66
16,200,466,Sham19Y0148271,57,22,272,197,90
16,166,459,Shamela0021809,79,1072,1341,208,85
16,200,459,Shamela0021809,3234,920,1164,199,94
16,914,1513,Shamela0003722,7327,382,1152,347,51
16,196,419,ShamAY0032843,66,413,626,162,89
16,697,867,Shamela0035100,3662,127,297,127,90
16,1088,1417,Shamela0001733,4301,490,812,228,87
16,227,466,Shamela0001733,4410,1,222,175,89
16,1124,1513,ShamAY0034447,1403,572,1156,181,31
16,511,867,Sham19Y0127677,19977,6,248,109,34
16,894,1218,JK000508,3,876,1238,172,53
16,511,867,ShamAY0033613,7,657,1132,166,39
16,200,549,ShamAY0032379,547,111,327,152,54
16,166,459,JK007016,68,372,644,198,82
16,196,459,JK007016,128,18,273,182,77
16,200,459,JK007016,551,721,975,174,74
16,111,705,ShamAY0032956,16,693,1332,318,54
16,91,471,ShamAY0033538,20,364,820,225,53
16,251,471,Shia001782Vols,726,502,722,175,96
16,1188,1388,Shia001782Vols,1045,1,190,146,91
16,750,936,Shamela0000736,1208,1,144,108,70
16,200,466,Shia001949,78,1011,1270,204,92
16,251,471,ShamAY0033531,2211,931,1141,167,92
16,251,471,Shamela0021765,620,860,1067,165,91
16,219,459,Sham19Y0122236,298,420,650,188,95
16,251,466,Shamela0003118,71,913,1127,173,98
16,251,471,Shamela0003118,486,1051,1312,170,78
16,251,466,Shamela0012220,1423,421,656,139,70
16,166,419,Shamela0011766,8,1193,1453,182,85
16,219,459,Shamela0005816,780,443,879,183,50
16,200,459,Shamela0009567,209,432,683,201,95
16,1168,1361,Shia003348,23,1,250,151,75
16,597,886,Shia002069Vols,6,768,1047,157,66
16,172,459,JK009408,281,701,985,221,91
16,597,886,JK009408,1197,392,692,164,63
16,172,419,JK009408,2142,1218,1460,195,97
16,549,724,Shamela0021626,7,1258,1439,102,66
16,1,332,Shamela0009385,6,801,1103,187,64
16,200,466,ShamAY0033926,78,861,1118,203,92
16,928,1361,Shamela0029617,6,563,999,272,74
16,186,710,JK000916,301,951,1470,284,55
16,124,413,JK000916,1295,1210,1476,173,66
16,200,446,Shamela0001686,2391,1243,1468,175,85
16,914,1477,JK007062,63,358,1110,346,53
16,1,705,Shamela0012750,279,621,1384,293,37
16,166,509,Shamela0029779,23,1106,1404,225,80
16,172,566,Shamela0004445,2552,146,519,258,80
16,166,554,Shamela0009808,8,369,761,248,72
17,70,481,Shamela0030306,1,1060,1485,195,46
17,1129,1255,Shamela0002569,665,1,360,70,22
17,885,1264,JK000778,1036,464,764,159,50
17,885,1264,Shamela0007891,2127,872,1241,151,41
17,1103,1264,Sham19Y0149213,2137,794,951,116,90
17,956,1264,SHAM19Y23644,3650,464,781,130,39
17,12,810,Shamela0021809,2706,33,341,154,24
17,964,1264,Shamela0003722,7750,1143,1459,196,77
17,207,579,Shamela0012860,244,155,501,171,51
17,187,575,Shamela0001875,228,6,425,225,61
17,1116,1264,Shamela0012991,77,219,374,116,94
17,732,1229,Shamela0001733,4301,280,728,225,47
17,83,575,Shamela0030327,214,251,749,232,52
17,70,469,Shamela0026389,296,987,1427,197,49
17,1070,1264,Shamela0013178,448,374,569,120,68
17,1100,1287,JK007049,158,668,860,127,82
17,1092,1234,Shamela0022547,1878,155,284,79,72
17,70,517,Shamela0010480,70,612,1013,237,60
17,70,481,Shamela0010480,675,541,922,264,78
17,83,575,Shamela0010480,882,928,1364,276,72
17,76,579,Shamela0010480,996,124,540,218,52
17,83,575,Shamela0010480,1051,210,601,222,54
17,83,575,Shamela0010480,1816,1,485,251,52
17,62,575,Shamela0010480,1838,1053,1477,246,58
17,70,575,JK000508,27,538,1188,282,53
17,1041,1229,ShamAY0032956,6,1266,1490,110,61
17,876,1334,JK000667,58,918,1315,155,33
17,247,606,ShamAY0032760,1,847,1179,158,49
17,465,601,Shamela0096165,63,902,1033,83,77
17,424,621,ShamAY0032919,8,250,414,110,70
17,465,700,Shamela0005816,1332,869,1046,109,57
17,885,1341,Shamela0030741,169,50,510,165,37
17,1046,1337,Shia002158,64,630,906,176,69
17,415,606,ShamAY0038078,59,809,988,114,72
17,876,1264,JK009408,2059,82,443,159,44
17,83,740,Shamela0021626,11,560,1076,172,23
17,70,579,Shamela0021681,33,753,1284,163,27
17,876,1264,Shamela0023647,66,835,1251,165,43
17,876,1341,Shamela0096239,284,158,562,175,40
17,207,575,JK000691,1,101,625,196,48
17,247,575,JK000691,25,38,428,163,47
17,465,798,JK000691,46,560,785,133,49
18,1037,1333,Shamela0023700,2562,1159,1438,180,75
18,994,1205,JK000778,1111,490,724,125,62
18,913,1468,Shia002034Vols,1722,728,1203,316,69
18,1,230,Shia002174,32,404,798,143,42
18,1,301,Shia002230,31,776,1026,152,57
18,994,1320,Shamela0000137,609,290,559,201,78
18,970,1454,Shamela0012862,208,884,1259,275,72
18,1053,1324,Sham19Y0127677,6127,543,786,184,85
18,1,301,Shamela0010831,42,1148,1403,154,58
18,781,1357,JK000533,2964,972,1443,264,48
18,1059,1468,Shia001782Vols,27,779,1099,230,70
18,1163,1454,Shia001782Vols,827,12,269,196,85
18,1,243,ShamAY0033569,12,168,445,154,60
18,1059,1333,Sham19Y0020761,300,837,1070,150,68
18,1,243,Shamela0030246,5,215,411,154,80
18,1006,1205,Shamela0002170,2941,21,180,104,65
18,538,825,JK009408,1691,1035,1419,183,58
18,781,1468,JK009408,2122,762,1359,444,79
18,935,1468,Shamela0009628,9,271,1099,268,36
18,990,1454,ShamAY0033053,142,698,1049,248,67
18,844,1468,Shamela0009701,24,128,667,405,80
18,1,301,Sham19Y0020989,367,694,1394,167,27
18,1090,1320,Sham19Y0132971,507,157,373,159,87
18,1173,1320,Shamela0010443,121,108,277,106,71
18,1,243,Sham19Y0013241,1006,735,1036,146,55
19,277,1489,ShamAY0032865,9,219,862,422,41
19,404,1489,Shamela0000772,187,78,852,615,71
19,796,1448,Shamela0005756,12899,1,343,245,45
19,748,1480,Shamela0023700,1676,1,398,280,47
19,315,911,Sham19Y0149213,1196,537,760,169,35
19,1211,1489,Shamela0025791,547,125,340,159,72
19,434,1165,Shamela0021809,1919,124,473,186,30
19,973,1305,Shamela0021809,1919,1157,1465,239,91
19,277,1489,Shamela0003722,4476,59,955,662,66
19,815,1435,Shia002034Vols,1526,1,636,459,87
19,832,1448,Shamela0000782,642,1,313,224,43
19,676,1401,Shamela0001733,3410,755,1468,510,82
19,1125,1489,Shia003732Vols,3022,112,520,173,42
19,383,1146,Shamela0026731,99,1026,1486,357,57
19,1146,1489,Shamela0026731,100,1,351,268,95
19,493,1047,JK009390,7075,1158,1409,192,41
19,1047,1485,JK009390,7076,1,372,280,80
19,367,1233,Shamela0030327,235,934,1469,412,59
19,1233,1489,Shamela0030327,236,1,257,203,99
19,125,1489,Shia002230,28,428,1496,684,56
19,754,1172,Shamela0013178,302,707,1107,154,34
19,493,1489,Sham19Y0127677,5121,705,1348,502,63
19,796,1248,Sham19Y0127677,19743,1019,1476,342,92
19,790,1489,Sham19Y0127677,19744,648,1305,463,77
19,206,1489,Shamela0010831,40,9,953,683,64
19,423,996,JK008250Vols,1063,331,573,167,35
19,722,1448,Shamela0013041,569,472,781,208,35
19,295,1489,ShamAY0033590,114,490,1345,630,63
19,367,1485,JK009154,108,451,1154,531,58
19,158,1376,ShamAY0033569,9,539,1500,592,55
19,493,1396,Shamela0001438,7139,907,1462,436,60
19,705,1376,JK010552,788,786,1486,467,79
19,434,911,Shamela0001578,57,683,881,90,22
19,434,1185,ShamAY0031687,812,1088,1531,338,56
19,855,1448,JK000917,1609,1,251,173,34
19,754,1103,Shamela0010843,66,882,1332,177,41
19,754,1489,JK009408,1688,5,717,549,93
19,158,1489,Shamela0029617,4,144,1071,645,58
19,175,1489,JK000021,1701,158,1123,548,47
19,362,966,JK000021,1702,125,405,192,39
19,434,1118,Shamela0001686,2401,1086,1447,274,50
19,1118,1435,Shamela0001686,2402,1,347,240,85
19,796,1485,Shamela0021751,6703,770,1397,478,86
19,493,1041,Shia002265Vols,2998,1192,1443,199,44
19,1041,1489,Shia002265Vols,2999,1,401,311,88
19,434,1448,Shia003616Vols,1683,96,498,283,34
19,434,1448,Shia003616Vols,3372,600,1022,281,33
19,796,966,Sham19Y0014309,2369,1311,1469,122,84
19,796,1363,Sham19Y0014309,2370,530,1016,177,27
19,748,1207,Shamela0008473,4608,1141,1559,289,76
19,434,1029,Shia003101Vols,426,1017,1543,193,29
19,1033,1435,Shia003101Vols,427,6,353,221,64
19,823,1383,Shamela0007012,48,718,906,123,25
19,796,1448,Shamela0025800,1978,850,1188,239,43
19,823,1383,Shia002170Vols,580,943,1110,120,26
20,1,408,ShamAY0032865,9,862,1273,301,91
20,1,412,Shamela0010646,2051,712,981,168,49
20,1,279,ShamIbadiyya0000433,539,943,1191,168,72
20,1,408,Shamela0000772,187,852,1247,296,90
20,1,279,Shamela0005756,12899,316,572,170,73
20,1,408,Shamela0036446,647,171,535,264,78
20,200,408,Shamela0010781,262,1284,1453,115,70
20,1195,1476,Shamela0023591,3600,132,833,165,27
20,1,408,Sham19Y0131521,5189,997,1386,266,76
20,235,408,JK009334,28,20,168,104,73
20,1195,1476,Shamela0010736,102,108,315,153,67
20,1,408,Shamela0023700,1676,338,758,285,80
20,1,279,Shamela0021589,1766,52,312,154,66
20,1,274,Shamela0007891,1925,406,591,134,63
20,1,675,Shamela0025791,547,340,847,354,66
20,1,675,Shamela0021809,1919,458,935,319,55
20,1,599,Shamela0003722,4476,955,1430,346,72
20,1246,1472,Shia002034Vols,1136,1330,1477,100,56
20,1,408,Shia002034Vols,1526,621,986,279,86
20,1233,1476,ShamAY0032775,42,1,195,143,71
20,1,675,Shamela0000782,642,286,753,321,58
20,1246,1476,Shamela0001733,1200,1109,1246,101,56
20,1,408,Shamela0001733,3411,40,400,282,88
20,1195,1476,Shia003732Vols,2297,218,479,166,63
20,1,327,Shia003732Vols,2998,667,1019,198,63
20,1032,1476,ShamAY0034447,2007,1186,1554,198,51
20,1,408,Shamela0026731,100,351,770,309,94
20,16,412,JK009390,7076,372,732,259,80
20,946,1476,Shia002174,52,279,605,198,45
20,1,675,Shamela0030327,236,257,871,396,67
20,6,675,Shia002230,29,1,530,382,72
20,703,1252,Shia002230,37,329,566,143,32
20,1233,1476,Shia002230,48,368,563,143,73
20,1,279,Shamela0021597,2045,676,939,155,65
20,1,279,JK000216,376,1117,1369,143,58
20,1,131,Sham19Y0127677,5121,1348,1476,99,97
20,1,412,Sham19Y0127677,19744,192,576,289,88
20,136,540,Sham19Y0127677,19745,1,373,219,60
20,1218,1476,Shamela0000347,596,250,428,130,61
20,1,279,Shamela0000551,2912,421,671,167,72
20,703,959,Shamela0010480,469,1039,1245,147,69
20,703,959,Shamela0010480,875,648,844,145,71
20,1,650,Shamela0010831,40,953,1462,361,70
20,1,279,Shia001731Vols,700,500,751,143,58
20,131,408,Shamela0013041,569,541,860,152,59
20,1,327,Shamela0000767,2001,992,1202,139,56
20,1,279,Shamela0021677,2602,442,691,141,56
20,946,1476,ShamAY0033613,1,1117,1530,186,37
20,131,408,JK007016,567,846,1160,139,53
20,1,675,JK007054,856,243,901,361,55
20,1,279,Shamela0009810,1222,997,1248,143,58
20,1207,1476,Shamela0009329,343,1137,1309,122,56
20,1,279,Shamela0023631,4336,109,322,143,64
20,937,1476,ShamAY0032956,21,294,673,212,43
20,937,1472,ShamAY0032956,22,792,1095,174,39
20,1,155,ShamAY0033590,114,1345,1499,120,100
20,158,408,ShamAY0033590,115,1,249,185,90
20,1252,1476,Shia003488Vols,249,499,675,110,54
20,85,279,Sham19Y0017437,1746,680,852,119,79
20,16,308,JK009154,108,1154,1435,209,90
20,337,889,JK009154,109,5,479,179,30
20,1,675,ShamAY0033569,10,113,759,388,65
20,1,412,Shamela0001438,7140,94,485,288,87
20,1218,1476,Shamela0000736,2581,590,814,158,72
20,1,279,Shamela0021590,1036,20,270,174,75
20,1,408,JK010552,789,99,452,242,71
20,1,408,Shamela0008360,637,1001,1377,274,81
20,709,1476,Shamela0030315,1,549,957,214,33
20,1,327,Shamela0008463,3808,76,402,151,47
20,1,427,JK000917,1609,234,601,253,75
20,1,408,Sham19Y0122257,2486,338,715,275,81
20,1,393,Sham19Y0017747,1597,1097,1461,263,80
20,1207,1476,ShamAY0032859,36,159,328,135,62
20,75,408,Sham19Y0145212,2644,609,939,211,70
20,1218,1476,JK009408,912,1134,1319,115,50
20,1,408,JK009408,1688,717,1108,289,88
20,1,274,Sham19Y0017063,1024,1211,1381,122,57
20,1,222,Sham19Y0013614,625,1335,1473,101,58
20,1,279,Shamela0021642,2686,959,1190,129,52
20,1,397,Shamela0029617,4,1071,1478,305,96
20,1200,1476,Shamela0036357,1326,1310,1486,131,58
20,1246,1476,Shamela0036357,1328,708,891,112,54
20,1,312,JK000021,1701,1123,1424,226,91
20,62,279,Shamela0008203,123,1,111,83,50
20,1,408,Shamela0001686,2402,332,712,288,88
20,70,393,Shamela0021751,6704,1,308,217,83
20,1,274,Sham19Y0016976,1353,114,324,131,57
20,1271,1476,ShamAY0033705,8,1,147,116,71
20,1,675,Sham19Y0017903,862,515,931,293,54
20,1111,1476,Shamela0012750,503,111,443,174,54
20,1,412,Shia002265Vols,2999,473,878,301,91
20,1,675,Shia003616Vols,1683,471,935,328,59
20,1,675,Shia003616Vols,3372,995,1443,313,56
20,1,408,Sham19Y0014309,2370,104,459,252,75
20,1,412,Sham19Y0014309,2371,43,721,228,40
20,1,279,Sham19Y0013252,8129,201,434,156,69
20,1246,1476,ShamAY0032855,13,123,304,138,74
20,1246,1476,ShamAY0032855,123,203,384,138,74
20,1,696,Shamela0008473,4609,190,748,363,62
20,1,408,Shia003101Vols,427,338,703,277,84
20,1,214,Sham19Y0017791,1422,1335,1465,95,56
20,1,274,Sham19Y0017791,1423,354,563,134,60
20,1,293,Shamela0025800,1978,1161,1449,195,79
20,293,408,Shamela0025800,1979,1,114,90,97
20,1,327,Sham19Y0014119,458,48,330,154,54
20,1,408,Shamela0008176,5366,900,1272,272,81
20,1,393,Shamela0008176,5367,507,1460,241,31
20,50,408,Zaydiyya0000133,64,525,868,192,57
21,178,598,Shamela0023680,709,579,943,215,57
21,1,984,Shamela0013068,179,309,1274,712,87
21,1,984,Shamela0036446,873,471,1344,658,82
21,1,767,Shamela0023591,3600,833,1426,411,63
21,760,1272,Shamela0023591,3601,20,716,236,35
21,1,206,Shamela0010736,101,983,1117,106,64
21,1,984,Shamela0010736,102,315,1213,690,88
21,178,603,Shamela0023700,826,956,1384,306,89
21,1,230,Shamela0021766,1891,561,710,117,62
21,158,984,Shamela0005719,20,64,834,491,66
21,178,957,JK000778,304,730,1427,429,65
21,1,957,Shamela0005446,794,127,720,285,34
21,158,422,SHAM19Y23644,1346,1394,1543,103,50
21,422,949,SHAM19Y23644,1347,1,749,206,26
21,1,984,Shia002034Vols,1137,5,865,656,84
21,1,689,Shia001432Vols,8561,930,1488,313,49
21,484,964,Shia001432Vols,8562,12,434,285,73
21,1,949,Shia001432Vols,8709,634,1485,653,87
21,178,603,Shamela0035100,345,550,976,299,88
21,1,984,ShamAY0032775,42,195,1053,641,80
21,178,376,Shamela0009780,675,1345,1541,116,74
21,551,1311,Shamela0009780,677,17,499,351,57
21,1,257,Shamela0001733,1200,1246,1433,129,60
21,262,984,Shamela0001733,1201,1,645,509,88
21,376,551,Shamela0001733,1202,1,176,128,93
21,1,988,Shia003732Vols,2297,479,1374,656,80
21,31,957,ShamAY0034447,2008,1,845,648,87
21,178,603,JK000015,67,490,856,265,79
21,1,949,Shia002174,52,605,1501,688,90
21,1,972,Shia002230,48,563,1467,683,86
21,1,984,ShamAY0033555,24,163,1053,689,87
21,1,447,Shamela0013178,101,516,841,147,37
21,178,551,Shamela0000347,595,143,517,273,93
21,1,1265,Shamela0000347,596,428,943,345,32
21,1,603,Shamela0023789,1375,825,1089,148,31
21,145,984,Shamela0026568,415,1,835,623,92
21,178,656,Shamela0009873,1678,676,1008,162,36
21,178,551,Shamela0022881,147,1235,1498,189,64
21,152,984,ShamAY0033613,2,1,832,643,96
21,1,281,Shamela0009329,343,1309,1519,161,71
21,281,988,Shamela0009329,344,52,722,496,85
21,1,964,JK000914,170,182,1102,530,58
21,1,870,ShamAY0032956,21,673,1464,614,89
21,1,230,ShamAY0032956,22,616,755,107,58
21,178,1251,Sham19Y0013577,8029,372,794,186,21
21,1,837,Shia001782Vols,2040,713,1476,591,88
21,178,551,Shia001782Vols,2041,717,1090,285,96
21,7,551,Shamela0011746,88,354,818,260,54
21,1,650,Shamela0011746,89,840,1440,428,79
21,650,988,Shamela0011746,90,1,331,245,87
21,1,964,ShamAY0032759,12,411,1332,523,58
21,1,984,Shamela0004473,1702,244,1144,457,51
21,1,755,Shamela0000736,2581,814,1488,527,88
21,755,984,Shamela0000736,2582,1,230,181,100
21,189,656,Shamela0010668,561,573,824,146,40
21,828,984,Zaydiyya0000098,1028,792,959,120,88
21,1,984,Shamela0003118,1305,141,1039,692,88
21,223,500,Shamela0007435,465,1,113,81,37
21,1,685,Shamela0030315,1,957,1562,472,86
21,689,984,Shamela0030315,2,4,304,217,88
21,178,621,JK003609,3545,1098,1541,350,99
21,621,984,JK003609,3546,1,366,264,88
21,178,500,Shamela0009784,1264,780,1009,159,59
21,178,860,JK006908,7,366,775,226,38
21,178,789,Shamela0010283,3658,893,1450,348,66
21,1,526,Shamela0006610,1203,1079,1533,347,83
21,526,984,Shamela0006610,1204,1,461,337,90
21,178,905,ShamAY0034443,176,34,590,209,27
21,1,675,Shamela0023685,436,926,1528,468,87
21,675,984,Shamela0023685,437,1,313,227,88
21,1,230,Zaydiyya0000100,784,1384,1530,105,54
21,1,230,Zaydiyya0000100,854,761,926,125,65
21,189,964,ShamAY0032859,35,1,769,478,67
21,824,984,ShamAY0032859,36,557,746,126,84
21,178,603,ShamAY0034249,6137,98,314,133,39
21,178,976,ShamAY0034249,7339,450,1068,313,43
21,158,964,JK011633,351,623,1289,470,72
21,1,211,JK009408,912,1319,1445,95,57
21,211,984,JK009408,913,1,750,578,94
21,178,551,JK009408,914,84,401,233,79
21,391,656,Shamela0022892,5,1383,1542,115,55
21,178,551,JK011302,117,856,1173,231,78
21,1,984,Shia003714Vols,559,75,991,694,86
21,178,391,JK006838,1132,1274,1492,161,92
21,391,603,JK006838,1133,1,158,115,68
21,45,984,Shamela0036357,1327,1,868,654,86
21,1,890,JK000916,27410,684,1480,619,87
21,1,716,Shia001134,460,822,1406,335,50
21,537,964,Shia001134,461,1,367,254,73
21,1,984,ShamAY0033705,8,147,1057,712,91
21,199,391,ShamAY0038072,12,1,193,151,98
21,1,988,Shamela0012750,503,443,1362,717,91
21,178,1251,Sham19Y0145166,391,59,1058,656,70
21,230,824,Shia003616Vols,337,57,490,286,55
21,178,870,Shamela0009770,524,164,782,466,85
21,178,960,Shamela0004445,902,798,1484,507,81
21,178,603,Shamela0004445,902,94,517,313,92
21,178,598,Shamela0004445,2023,569,987,305,91
21,391,500,Shamela0004445,2041,479,587,71,83
21,1,865,Shamela0012828,126,738,1503,534,73
21,1,824,ShamAY0032855,13,304,1053,586,89
21,1,984,ShamAY0032855,123,384,1314,704,88
21,1,943,Shamela0001002,838,683,1498,612,80
21,1,984,Zaydiyya0000342,537,158,1069,693,88
21,178,824,Shamela0006864,1636,536,1129,379,68
21,851,1311,Shamela0025800,2295,804,1177,144,34
21,178,447,Shamela0010906,529,1265,1536,194,89
21,391,603,Shamela0010906,530,1,156,116,69
21,1,419,ShamAY0034585,703,994,1436,230,53
21,419,984,ShamAY0034585,704,1,568,339,63
21,178,957,Sham19Y0029560,156,102,829,512,80