ms1,b1,e1,id2,ms2,b2,e2,ch_match,matches_percent
1,286,852,Shamela0095700,22,56,656,443,87
1,110,296,Shia000953Vols,1,208,420,144,83
1,110,257,Shia000953Vols,245,500,646,115,93
1,110,257,Shia000953Vols,460,883,1029,115,93
1,110,252,ShamAY0034251BK3,2664,1472,1604,103,88
1,89,296,Shia001881,1,84,286,148,83
1,13,286,Shia002032,1,10,222,169,74
1,6,286,Shia003732Vols,1,31,336,171,64
1,6,240,Shia003732Vols,563,1300,1560,138,60
1,6,280,Shia003732Vols,1016,358,644,158,60
1,6,280,Shia003732Vols,1466,275,575,170,64
1,6,280,Shia003732Vols,3253,1195,1495,170,64
1,6,280,Shia003732Vols,3707,1416,1716,170,64
1,6,247,Shia003732Vols,4765,1316,1587,145,61
2,428,665,Shia002032,1,229,596,129,41
3,27,283,Shamela0029745,22,406,907,127,26
3,20,283,Shia002032,2,1080,1412,142,44
3,723,1048,Shia002032,3,336,638,226,80
5,586,925,ShamAY0033548,13,1,247,147,53
5,907,1288,JK001236,1,1243,1601,266,85
5,573,925,JK000914,34,204,419,145,52
6,545,905,JK000475,2463,949,1170,102,34
6,102,905,Shamela0038202,4,600,1099,307,44
6,1029,1336,Shamela0009810,1381,472,635,62,20
6,545,905,Tafsir02100,156,720,941,102,34
6,760,1439,JK000786,2903,1024,1256,139,27
6,911,1336,Shamela0008210,122,303,588,78,19
6,5,371,ShamAY0033555,14,383,752,233,77
7,425,665,Shamela0007798,1014,13,224,137,69
7,192,385,Shia002034Vols,769,26,209,119,76
7,711,865,Shia002462,33,47,198,117,96
7,436,598,JK000055,384,1097,1247,111,85
7,198,363,Shamela0038202,17,103,255,117,92
7,425,588,ShamAY0038067,671,13,176,131,100
7,192,363,Shamela0000782,1153,41,199,98,67
8,878,1319,Sham19Y0014119,264,96,884,242,35
8,878,1382,Shamela0003118,4125,688,1453,246,34
8,464,717,Shamela0035100,7892,119,550,177,50
8,910,1319,Sham19Y0017063,523,209,937,219,33
8,819,1184,JK010552,546,980,1549,205,41
8,1184,1319,JK010552,547,1,148,105,91
8,910,1319,Sham19Y0122257,1452,277,845,193,35
8,878,1382,JK000916,13946,1,774,252,36
8,1043,1319,Sham19Y0145212,1714,982,1275,169,65
8,723,1375,Shamela0012981,1090,718,1436,320,46
8,819,1257,Shamela0012981,1107,665,1382,273,46
8,73,228,JK000021,401,1,152,112,92
8,234,602,JK000021,2013,697,1273,215,45
8,910,1319,Shia001432Vols,30473,162,904,218,33
8,1043,1319,Shia001432Vols,30814,284,543,159,66
8,936,1276,Shamela0001975,1086,708,1439,174,28
8,305,717,ShamAY0033945,2357,146,857,278,48
8,936,1319,Shamela0021659,1516,535,1246,207,33
8,1043,1319,Sham19Y0013614,304,231,528,162,62
8,1,209,Shamela0007891,736,520,739,141,77
8,309,717,JK011633,211,705,1406,257,44
8,13,464,Shamela0009697,57,343,744,132,28
8,464,717,Shamela0000727,207,92,531,177,50
8,845,1099,Shamela0013027,147,1006,1347,151,51
8,1043,1325,Shamela0013027,148,37,355,178,64
8,473,717,Shamela0026813,44,271,695,170,48
8,881,1319,Shamela0008360,363,135,890,235,35
8,222,677,Sham19Y0148486,3591,589,1477,287,40
8,570,1307,Shamela0025800,3092,420,1476,316,33
8,234,1291,Shamela0038202,12,341,1465,786,83
8,845,1091,Shamela0010835,312,851,1284,139,37
8,564,723,Shamela0003722,3862,1088,1247,126,98
8,228,573,Shamela0003722,3862,364,838,240,59
8,464,710,Shamela0008203,259,108,538,174,49
8,798,1319,Shamela0008473,4020,744,1042,177,41
8,901,1332,Shia001237Vols,1125,707,1460,226,34
8,745,1319,Shamela0009270,134,64,758,332,54
8,729,1021,Shamela0009270,169,1003,1385,193,60
8,1043,1319,Shamela0009270,170,210,497,210,91
8,234,602,Shamela0009270,225,887,1488,230,47
8,1,151,Shamela0000041,500,1277,1436,108,87
8,955,1325,Sham19Y0018144,2757,117,596,238,57
8,1,238,Sham19Y0018144,2759,255,478,166,90
8,1043,1319,Sham19Y0017791,770,852,1149,162,62
8,845,1116,ShamAY0032775,39,953,1414,167,42
8,1116,1412,ShamAY0032775,40,1,308,145,53
8,845,1375,Shamela0026564,4,913,1425,284,59
8,901,1319,Sham19Y0148271,430,4,224,138,40
8,878,1319,Tafsir09084,2042,1199,1445,146,39
8,845,1319,Shamela0036543,2138,418,1155,236,35
8,1043,1319,Shamela0036543,2193,594,822,146,64
8,910,1319,Shia002334,29,408,1189,218,31
8,955,1319,Shamela0021809,3097,13,559,222,47
8,845,1354,ShamAY0032874,6,238,711,258,56
8,819,1319,Shamela0009810,1556,1,746,247,38
8,952,1319,Sham19Y0017745,116,875,1455,168,31
8,234,602,Shia002174,26,851,1414,225,49
8,228,595,Sham19Y0123581,57,210,683,207,46
8,947,1319,Shamela0001438,4361,111,821,204,32
8,234,658,JK009154,385,1104,1507,321,95
8,769,1319,Shia001731Vols,915,179,946,258,37
8,1,228,Sham19Y0023625,2916,943,1150,149,82
8,881,1319,Shamela0008176,3150,196,967,244,36
8,1043,1325,Shamela0025794,4005,17,309,176,65
8,1,433,Shamela0025794,4028,826,1258,183,50
8,1043,1412,Shamela0025794,4047,64,395,201,63
8,952,1319,Sham19Y0008889,292,222,844,171,30
8,955,1325,Shamela0023102,29,74,637,204,40
8,464,723,JK000022,1692,37,462,209,60
8,845,1319,Shamela0000782,840,316,1120,258,36
8,888,1319,JK009390,2892,331,1097,238,35
8,936,1319,Sham19Y0127677,2701,420,1128,201,32
8,13,209,Sham19Y0127677,20296,1049,1252,131,77
8,234,699,JK001277,1,344,1114,231,33
8,845,1257,Shamela0030592Vols,308,788,1439,188,34
8,845,1099,Shamela0010443,312,1145,1474,152,52
8,952,1319,Shia001417,119,819,1511,194,31
8,955,1325,ShamAY0032665,2757,30,509,238,57
8,1,238,ShamAY0032665,2759,168,391,166,90
8,845,1404,JK000624,211,76,918,290,38
8,228,554,Shamela0029449,2,429,931,188,45
8,322,714,Sham19Y0146127,1890,684,1378,245,41
8,570,723,ShamAY0034059,2601,1165,1396,95,48
8,1047,1319,Tafsir07076,5561,571,873,170,64
8,955,1319,JK009288,33,297,736,229,59
8,234,554,Shamela0026742,12,115,625,193,47
8,845,1319,Sham19Y0013223,648,517,1247,242,36
9,42,323,Sham19Y0020882,193,519,766,144,55
9,111,495,Shamela0006060,186,963,1304,227,73
9,107,323,Shia002265Vols,364,639,868,134,65
9,93,323,Shia002265Vols,365,656,864,123,62
9,46,323,Shia002265Vols,5257,98,373,141,52
9,111,372,Shia002265Vols,5268,167,426,200,92
9,16,488,Shia002265Vols,5367,653,1106,253,61
9,1,264,Shamela0035100,2747,1301,1533,164,73
9,51,474,Shia001782Vols,52,1,452,267,72
9,64,323,Shia001782Vols,3580,172,439,148,59
9,58,488,Shamela0022797,1040,1098,1471,208,59
9,55,343,Shamela0022797,1071,1139,1407,171,71
9,1,609,ShamAY0034002,38,339,1004,318,55
9,1,474,ShamAY0034002,120,164,689,295,63
9,128,323,JK000916,2476,908,1082,123,74
9,132,323,JK000916,2509,848,1045,121,66
9,55,488,Shia001122Vols,678,212,775,208,43
9,1,488,Shia001976Vols,593,313,778,308,73
9,107,323,Sham19Y0122096,2883,543,772,130,63
9,934,1402,Shamela0029779,34,154,566,261,71
9,111,372,Shamela0007266,21,594,876,152,58
9,7,378,ShamAY0032784,10,869,1218,268,88
9,132,446,Shia001134,550,280,593,176,67
9,107,361,Shamela0001585,38,435,688,152,69
9,111,349,Shamela0023613,314,1014,1249,151,75
9,132,349,Shamela0010488,282,1017,1240,144,74
9,107,323,Shia002261Vols,289,11,242,131,63
9,132,252,Shia001148,173,1322,1442,91,95
9,1,478,Shamela0012981,1647,677,1145,204,46
9,121,495,JK000021,418,53,814,186,29
9,16,372,JK000021,3048,1,337,245,87
9,100,500,JK001297,516,80,799,193,32
9,1120,1291,Shia002034Vols,1358,1,181,131,92
9,107,323,JK007006,1234,1029,1258,133,64
9,27,474,Shamela0023790,454,270,697,169,44
9,141,478,Shia001432Vols,25255,1,325,170,61
9,55,372,Shia001432Vols,25265,539,946,186,58
9,68,372,Shia001432Vols,25994,104,497,177,57
9,16,372,Shia001432Vols,30874,996,1334,241,83
9,107,323,Shamela0001975,645,144,374,131,63
9,478,934,Shamela0001975,1085,159,466,182,52
9,68,343,Shamela0007289,548,1,275,168,68
9,55,361,Shamela0007289,2927,905,1208,184,69
9,107,323,Shamela0021659,915,293,523,131,63
9,478,934,Shamela0021659,1472,1061,1411,188,54
9,1,478,ShamAY0033053,7,616,1103,210,45
9,158,372,Shia001149Vols,1087,1,232,138,75
9,100,366,ShamAY0034570,15,283,596,161,62
9,1,478,ShamAY0032873,9,657,1157,312,74
9,27,569,ShamAY0033949,73,415,1004,207,39
9,55,361,JK000079,45,979,1275,181,68
9,168,478,Shamela0021765,82,1,357,200,70
9,107,323,Shamela0021660,3742,76,306,131,63
9,42,488,Sham19Y0014592,1157,689,1037,180,46
9,613,1127,Shamela0038202,15,1,573,295,56
9,181,323,Shamela0008473,592,1,135,98,87
9,1,474,Shamela0008473,4191,577,1083,314,77
9,111,349,Shamela0023635,738,1326,1562,151,76
9,613,940,Shia001831Vols,520,1143,1451,207,81
9,132,495,Shia001615Vols,52,1048,1355,180,60
9,584,1111,Sham19Y0018144,2862,992,1450,251,57
9,132,315,Shia003700,51,1284,1480,124,79
9,1,372,ShamAY0032775,29,739,1075,258,85
9,1,488,JK006801,785,385,1049,330,61
9,1,474,Shamela0021570,8,185,729,301,64
9,1,474,Shamela0012579,1452,166,717,297,62
9,7,372,Shia001272,47,1115,1530,175,48
9,55,478,Shamela0021809,1033,556,997,190,41
9,27,323,Shamela0001733,1414,1123,1380,146,54
9,934,1417,Shamela0001733,2731,483,969,275,62
9,121,474,Shamela0012862,7,24,372,162,53
9,1,323,Shamela0010632,26,1174,1466,172,62
9,215,372,ShamAY0032826,1035,1,164,124,95
9,107,372,Shamela0001438,2577,343,611,203,91
9,107,323,Shamela0001438,2591,654,878,129,62
9,478,934,Shamela0001438,4351,285,737,187,39
9,121,323,Shamela0001438,4360,1213,1399,120,67
9,11,372,Shamela0001438,6172,1121,1458,235,77
9,1,474,Shia003101Vols,295,865,1374,287,66
9,55,252,Shia001137,193,1127,1408,115,53
9,1,464,Shia001137,194,334,820,277,65
9,55,361,JK000075,10,536,832,181,68
9,42,323,Shamela0008494,48,237,484,144,55
9,64,343,Shamela0006104,441,513,801,176,68
9,128,323,JK000786,3691,821,987,123,78
9,100,323,Shamela0023102,14,510,723,126,59
9,940,1291,JK000022,1481,487,836,237,83
9,111,584,JK000022,2135,1,394,187,43
9,132,372,JK000022,2790,461,697,154,81
9,934,1291,Shamela0013068,219,732,1096,261,88
9,27,323,JK009390,1546,757,1122,159,48
9,27,495,JK009390,1558,515,882,251,66
9,426,1120,JK009390,2890,889,1350,282,53
9,34,495,JK009390,2899,739,1059,200,53
9,107,323,JK009390,3201,51,295,135,63
9,244,464,JK009390,6220,1,179,119,67
9,93,372,Sham19Y0127677,1596,620,906,207,87
9,121,323,Sham19Y0127677,2701,132,317,119,67
9,88,478,Sham19Y0127677,4354,1,364,228,68
9,1,474,Sham19Y0127677,8551,525,1063,258,52
9,1,372,Sham19Y0037618,4762,196,554,277,92
9,55,372,Shia001417,5,690,1088,186,59
9,710,934,JK006950,4110,522,741,148,86
9,584,1131,ShamAY0032665,2862,907,1435,269,60
9,27,315,Sham19Y0018272,1588,1086,1482,141,39
9,132,372,Shamela0013043,323,40,274,160,84
9,121,488,Shamela0012884,143,894,1221,154,50
9,51,488,Shamela0012884,477,826,1259,245,65
9,649,934,Tafsir07076,926,697,982,199,90
9,609,945,Shamela0004289,132,1129,1451,214,81
9,55,343,Shamela0006947,16773,32,319,176,68
9,649,1120,JK001429,98,766,1143,246,67
9,55,372,Shia001174Vols,2939,449,856,186,58
9,51,474,Shamela0036446,21,806,1182,260,76
9,55,343,ShamAY0034371,139,32,319,178,69
10,604,843,Sham19Y0017063,499,11,615,135,27
10,274,460,JK001297,459,447,643,136,83
10,255,637,Shamela0009953,243,749,1220,181,39
10,480,840,Shamela0009307,1,669,1082,209,61
10,290,476,ShamAY0034644,225,1,228,128,69
10,552,872,Shamela0038202,2,256,658,118,30
10,989,1383,Shamela0038202,11,659,1096,219,62
10,452,717,Shamela0038202,15,394,636,189,90
10,446,717,Shamela0003722,1634,1245,1501,192,85
10,717,879,Shamela0003722,8202,367,521,116,88
10,446,840,Shia004092Vols,10514,190,584,204,48
10,137,531,ShamAY0032764,5,6,429,228,61
10,446,843,Shamela0001733,2270,160,551,241,68
10,66,581,ShamAY0032826,916,287,823,237,47
10,82,647,JK000022,2170,320,842,300,55
11,96,312,Shamela0003118,2983,829,1016,135,76
11,161,312,Shia002265Vols,367,591,732,108,86
11,99,405,Shia001782Vols,3679,191,452,174,71
11,32,491,JK000916,9104,74,625,246,50
11,5,398,JK000916,20348,707,1110,207,60
11,161,312,Sham19Y0122096,698,236,377,108,86
11,161,312,Shia002261Vols,50,59,200,108,86
11,812,1417,Shamela0023177,234,472,715,161,33
11,959,1362,Shamela0012981,725,48,411,210,63
11,32,244,JK000021,419,1261,1434,127,75
11,1,682,JK000021,420,153,735,192,27
11,146,312,Shamela0001975,155,39,198,110,81
11,161,312,Shamela0021659,324,1348,1495,108,87
11,20,491,Shamela0009307,6,476,955,233,51
11,32,491,Shamela0007891,772,922,1435,207,40
11,728,1362,Shamela0021765,329,9,693,179,24
11,96,491,Sham19Y0014592,436,1067,1422,194,52
11,1,491,Shamela0021635,272,322,813,274,62
11,5,326,Shamela0001719,1010,1098,1415,203,74
11,32,346,Shamela0038202,5,1066,1330,179,71
11,1,450,Shamela0038202,6,602,1079,297,74
11,923,1273,Shamela0038202,8,555,871,221,77
11,5,491,ShamAY0034123,608,233,771,251,53
11,5,351,Shamela0010835,216,404,771,226,75
11,917,1166,Shamela0003722,5595,264,528,178,78
11,45,450,Shamela0008473,2424,1,295,193,61
11,1118,1417,Shamela0036543,178,243,502,99,30
11,1,491,JK009408,208,447,965,282,62
11,142,312,Shamela0010646,24,423,576,124,90
11,560,735,Shamela0012579,1834,1140,1305,119,85
11,1014,1193,Shamela0021809,1032,127,295,117,76
11,1,491,Shamela0001733,156,407,861,270,61
11,986,1417,Shamela0001733,317,532,952,194,52
11,728,1362,Shamela0001733,1413,402,971,259,46
11,678,1362,Shamela0001733,3217,311,750,183,34
11,472,741,Shamela0005737,50,1072,1325,127,54
11,161,312,Shamela0001438,715,821,962,108,86
11,1127,1417,JK001012,27,81,579,116,28
11,687,1404,ShamAY0032924,2,87,912,269,36
11,5,491,Shia002119Vols,3142,172,686,224,46
11,613,889,Shamela0001456,531,1,270,112,42
11,1,398,JK000022,957,953,1337,222,62
11,817,1193,Shamela0000782,725,771,1128,176,52
11,5,312,Shia002103Vols,171,547,842,207,81
11,111,472,JK009390,324,31,287,147,50
11,111,312,JK009390,2992,401,540,102,62
11,1082,1417,Shamela0006886,149,957,1297,124,36
11,161,312,Sham19Y0127677,359,393,534,108,86
11,1141,1417,Sham19Y0127677,2486,871,1013,86,40
11,1059,1417,Sham19Y0127677,14236,751,1195,168,44
11,959,1413,Sham19Y0127677,14236,367,861,276,62
11,764,1193,JK007054,323,935,1316,183,46
11,5,351,Shamela0030592Vols,213,795,1160,229,76
11,1014,1193,Sham19Y0037618,4886,949,1112,117,83
11,1,354,Shamela0007435,823,15,376,234,81
11,959,1193,Shamela0004289,1165,449,646,127,69
12,652,1342,Shamela0003118,4513,163,685,335,60
12,717,1090,Shia002265Vols,1982,552,928,297,99
12,218,786,Shia001782Vols,3577,1,514,225,40
12,103,506,Shamela0009567,969,462,764,171,49
12,606,868,JK000916,15373,1245,1496,191,92
12,868,1342,JK000916,15374,4,309,218,58
12,103,801,Zaydiyya0000268,5,1,365,155,23
12,692,1090,Shamela0023177,212,506,884,296,92
12,160,600,Shamela0023177,234,755,1029,198,57
12,196,790,Shia002034Vols,601,474,1143,275,48
12,1090,1432,Shia002034Vols,1068,423,706,200,73
12,145,560,ShamAY0033945,580,950,1440,229,53
12,99,319,Shamela0021765,2184,594,762,122,72
12,902,1090,Shamela0021660,4544,62,283,141,77
12,309,786,Shamela0026563,2,742,1297,267,56
12,36,1100,Shamela0038202,9,283,1189,587,62
12,36,360,ShamAY0034123,1059,1101,1441,172,61
12,30,556,JK009179,78,7,434,198,44
12,103,319,Sham19Y0148271,1936,807,998,132,75
12,30,503,Shamela0001733,3957,424,858,255,62
12,1090,1432,Shamela0012862,784,976,1278,210,78
12,600,883,Shia002069Vols,7,1169,1435,206,91
12,883,1280,Shia002069Vols,8,1,380,221,63
12,1204,1432,Shia002069Vols,647,1,201,138,71
12,717,1090,Shia002294Vols,352,960,1317,280,93
12,172,600,Shia002294Vols,393,251,482,162,48
12,749,1072,JK000216,415,1147,1441,198,72
12,631,966,Shamela0026884,450,270,576,227,84
12,902,1090,Shamela0001438,3309,742,931,150,98
12,703,1090,Shamela0001438,6686,855,1231,291,94
12,103,503,Shamela0025794,4149,838,1247,199,56
12,329,786,ShamAY0032927,12,1,489,266,62
12,606,1090,Shamela0012750,613,614,1125,348,81
12,88,506,Shia002103Vols,211,261,738,201,50
12,902,1090,JK009390,1932,986,1174,151,99
12,717,1090,JK009390,6634,831,1169,267,88
12,902,1090,Sham19Y0127677,1845,480,668,152,100
12,720,1090,Sham19Y0127677,4733,1,363,285,95
12,943,1090,Sham19Y0127677,10044,1352,1495,115,94
12,717,927,Sham19Y0127677,10045,816,1007,144,87
12,74,378,Shamela0026324,4204,732,1383,144,26
12,950,1090,Shamela0025791,468,1354,1494,115,100
12,1090,1432,Shamela0004289,1167,642,953,214,78
12,88,360,Zaydiyya0000342,413,82,343,127,49
13,129,387,Shamela0011620,318,549,781,150,75
13,134,387,Shamela0021537,2689,1049,1292,168,79
13,172,387,Shamela0021537,5780,1,201,143,81
13,134,701,ShamAY0034068,2200,601,772,98,20
13,153,701,Shia002265Vols,366,247,411,101,22
13,87,701,Shia001782Vols,3579,1184,1387,117,23
13,87,701,Shamela0037458,312,1008,1210,119,23
13,87,814,Shamela0037458,4456,491,801,143,23
13,129,404,Shia000047,8,179,428,153,70
13,124,387,Shamela0000894,8136,1025,1249,162,76
13,87,814,Sham19Y0122257,1323,473,775,196,34
13,1,442,ShamAY0034002,36,955,1384,265,71
13,87,701,Sham19Y0122401,803,849,1052,133,26
13,153,701,Shamela0001673,9408,162,315,91,20
13,50,337,Shamela0026542,49,861,1118,182,80
13,32,550,Shia001976Vols,263,989,1469,260,57
13,87,387,Shia004012,164,320,582,174,74
13,87,814,Shamela0007266,23,535,863,197,34
13,87,701,Sham19Y0145212,1615,48,249,117,23
13,32,387,JK011496,46,952,1270,213,73
13,14,337,JK001266,7,974,1257,166,57
13,153,701,Sham19Y0014299,468,393,551,97,21
13,510,713,JK001297,201,450,654,113,70
13,87,814,Shamela0023623,317,838,1118,135,23
13,77,692,Sham19Y0020643,466,1316,1516,116,23
13,116,387,Zaydiyya0000133,11,262,595,162,54
13,156,814,Shamela0022547,355,681,1127,264,49
13,573,713,Sham19Y0013252,9390,350,486,89,83
13,134,387,Shia001432Vols,30876,1115,1334,157,78
13,50,479,ShamAY0033945,581,977,1322,187,52
13,153,387,Shamela0007289,160,1163,1375,144,79
13,134,387,Shamela0007289,2501,1039,1274,159,77
13,134,387,Shamela0007289,3116,179,402,136,67
13,134,387,Shamela0007289,4464,986,1256,165,72
13,134,695,Shamela0007289,4579,1058,1244,128,29
13,134,387,Shia002642Vols,265,607,842,159,77
13,536,713,JK009324,3491,1086,1252,107,79
13,153,701,Sham19Y0017747,2415,639,792,91,20
13,134,692,Shamela0011993,15,1436,1599,99,21
13,482,709,Shamela0000551,900,878,1057,121,69
13,87,814,Shamela0008360,346,157,473,197,34
13,57,387,Shamela0023578,276,137,422,209,78
13,50,761,Shamela0001719,1013,150,792,333,53
13,14,387,Shamela0038202,3,1053,1397,256,84
13,84,701,Shamela0000432,5894,86,290,119,23
13,32,584,Shamela0001453,106,1,530,293,57
13,8,590,Shamela0003722,4994,208,1062,366,51
13,50,701,Shamela0008473,589,1134,1379,147,27
13,494,713,Shamela0023635,1478,134,342,147,86
13,153,701,Shia002264,271,144,297,91,20
13,69,814,Shamela0021766,3920,930,1251,206,35
13,153,701,JK000201,4077,838,991,91,20
13,153,761,JK000201,4224,1002,1220,126,27
13,1,814,Sham19Y0148271,697,633,1113,246,37
13,87,829,Tafsir09084,210,1092,1378,193,33
13,87,814,Shamela0004473,7226,887,1272,215,36
13,32,501,Shamela0021570,382,962,1425,252,60
13,134,400,Shamela0001463,27,20,275,169,79
13,28,555,ShamAY0032764,20,563,1132,293,54
13,84,387,Shia002359Vols,512,344,612,188,76
13,129,387,Shamela0012094,124,510,742,151,75
13,134,387,Shamela0022649,81,622,861,158,77
13,153,701,Shamela0001438,3415,818,976,97,21
13,87,996,JK001012,32,71,596,163,17
13,87,701,JK001012,52,625,832,125,25
13,87,814,JK001012,66,237,581,160,27
13,8,555,Shamela0026746,15,105,607,302,63
13,32,393,ShamAY0032924,6,887,1222,244,83
13,8,555,Shamela0009107,239,73,628,315,61
13,87,814,Shamela0008176,2971,711,1018,207,36
13,239,743,Shia002119Vols,925,106,639,232,47
13,134,695,Shamela0007609,74,76,262,128,29
13,28,387,Shamela0012750,89,384,741,260,88
13,497,786,Shamela0010283,1154,434,667,149,62
13,153,743,Shia001887Vols,3814,1008,1213,97,20
13,844,1312,JK000022,1058,672,1161,211,45
13,28,555,JK000022,2274,576,1177,323,61
13,50,479,Shamela0008970,112,604,920,177,50
13,84,795,JK009390,1981,732,1031,180,33
13,84,795,JK009390,3331,148,461,164,30
13,134,701,Shamela0006886,88,1099,1281,106,22
13,87,701,Shamela0006886,110,355,566,117,23
13,87,701,Shamela0006886,147,516,727,117,23
13,153,701,Sham19Y0127677,1917,264,429,102,22
13,87,701,Sham19Y0127677,6972,791,986,115,23
13,844,1087,Sham19Y0127677,9879,295,487,144,77
13,50,325,Sham19Y0017817,373,1300,1553,166,71
13,134,356,Shamela0001500,50,938,1132,148,85
13,134,387,Shamela0000107,3826,1,239,159,77
13,65,701,Shamela0012884,477,1179,1401,127,24
13,8,387,Zaydiyya0000342,400,995,1358,230,70
13,134,387,Shamela0009690,1991,1039,1262,136,67
13,28,566,Sham19Y0149213,1330,482,1052,277,54
13,134,387,Shamela0010549,402,283,503,144,72
13,87,814,Sham19Y0013223,650,55,434,213,37
14,482,1344,Shamela0011333,50,67,374,178,27
14,734,1134,Sham19Y0014119,546,541,859,231,70
14,12,746,Shamela0010480,1647,43,642,437,75
14,99,608,Shia002265Vols,72,292,849,286,54
14,780,1134,JK001046,137,268,538,196,68
14,672,1258,ShamAY0033712,6,932,1485,307,58
14,681,1094,Shia001976Vols,541,1052,1442,250,69
14,763,1191,ShamAY0032918,3,735,1102,244,67
14,672,1134,Shamela0010437,250,526,888,238,60
14,12,608,ShamAY0032921,72,1029,1437,266,56
14,16,477,JK000021,2756,979,1397,250,62
14,672,1330,JK001487,154,183,811,311,49
14,839,1250,JK001487,155,1,364,212,58
14,648,1376,ShamAY0032799,22,616,1292,340,51
14,1,373,ShamAY0033945,1968,1073,1413,260,87
14,396,684,ShamAY0033945,1969,7,311,181,68
14,961,1134,Shamela0007289,68,78,240,120,86
14,780,1114,Shamela0007289,130,1171,1438,144,48
14,701,1122,Shamela0011334,51,174,499,152,35
14,142,538,Shia001149Vols,1092,426,619,124,36
14,859,1134,Shia002611Vols,216,1,247,185,81
14,661,1200,Shamela0010482,5,352,782,291,68
14,648,1335,Shamela0005806,6,161,819,370,57
14,137,406,Shamela0000761,773,1313,1581,182,78
14,886,1110,Shamela0021654,725,844,1070,135,69
14,169,608,Shamela0021765,2555,1004,1417,284,75
14,672,1134,Zaydiyya0000013,129,1006,1389,238,62
14,67,498,ShamAY0033973,143,971,1400,265,69
14,750,1110,Shamela0002300,10,823,1180,212,65
14,780,1072,Shamela0002300,56,1234,1486,180,77
14,967,1114,Shamela0002300,302,361,504,102,82
14,961,1114,Shamela0002300,331,1190,1342,104,81
14,237,961,Shamela0010835,40,595,1407,224,25
14,12,804,Shamela0001453,53,272,1161,246,27
14,642,1134,Shamela0003722,5759,560,1017,345,84
14,16,406,Shamela0008203,230,1124,1485,217,63
14,689,1134,Shamela0008473,4811,968,1388,278,74
14,961,1110,Shamela0012293,2236,253,405,105,80
14,701,1110,Shamela0009270,78,792,1261,200,48
14,661,1140,ShamAY0032946,26,628,1071,270,65
14,672,1169,JK009179,89,693,1131,273,63
14,967,1134,Shamela0029677,1324,262,424,119,86
14,914,1151,Shamela0029677,1379,200,425,153,76
14,704,1122,Shamela0008658,2739,293,615,150,35
14,132,535,Shia001334,499,1266,1416,118,36
14,689,1134,Sham19Y0148271,1066,1028,1456,282,75
14,734,1134,Tafsir09084,2477,645,1004,249,75
14,37,560,Shamela0013132,106,338,633,149,33
14,961,1134,Shamela0004473,5408,860,1042,123,80
14,780,1134,Shamela0004473,5654,1009,1340,220,74
14,961,1110,Sham19Y0145410,501,451,585,102,86
14,5,324,JK009408,1286,978,1305,177,62
14,961,1110,Shamela0023606,444,524,666,102,82
14,12,804,Shamela0001733,2522,23,720,458,70
14,642,1191,Shamela0001733,2864,1005,1443,318,73
14,192,608,Shia002294Vols,761,1,433,231,55
14,780,1114,Shamela0022649,51,608,875,144,48
14,169,608,Shamela0001438,4222,136,639,278,63
14,689,1376,Shamela0025794,562,353,988,334,51
14,672,1134,Noorlib0007682,77,374,834,296,71
14,16,535,Shamela0008210,99,362,601,120,26
14,672,1134,Shamela0000782,847,233,673,285,67
14,1,684,Shia002103Vols,181,676,1264,422,79
14,99,575,JK009390,2803,963,1468,278,60
14,111,477,JK009390,3483,1106,1463,217,67
14,99,608,Sham19Y0127677,2612,474,1033,290,55
14,701,881,Sham19Y0127677,15019,1,147,113,80
14,1,642,Sham19Y0127677,15023,408,1014,432,79
14,661,1169,Shia002094,5,382,868,293,66
14,701,1351,JK000316,9,1,607,243,40
14,99,477,Shamela0012884,155,1106,1491,236,69
14,672,1204,Shamela0004289,1135,69,564,302,64
14,16,244,Zaydiyya0000342,841,1242,1469,151,79
14,244,642,Zaydiyya0000342,842,1,351,272,86
14,482,1038,Shamela0029716,7,1189,1315,98,22
15,984,1265,ShamAY0034055,6809,484,762,190,80
15,844,1280,Shia002265Vols,4021,413,829,289,81
15,732,1364,Shamela0007798,7802,402,1021,386,70
15,736,957,Shamela0012828,15,1208,1454,142,66
15,957,1280,Shamela0012828,16,1,295,218,82
15,984,1265,Shia002702Vols,6991,472,750,190,80
15,935,1265,Shia002702Vols,9316,817,1155,215,74
15,833,1280,Shia003721Vols,259,11,475,321,82
15,873,1280,ShamIbadiyya0000433,731,1058,1375,216,63
15,728,1280,Shamela0009307,7,359,943,393,79
15,6,348,Shamela0038202,10,961,1429,198,52
15,1,398,Shamela0038202,11,279,711,180,41
15,260,463,Shamela0003722,2460,11,214,146,86
15,713,1280,Shamela0008473,3181,491,1076,398,81
15,721,1280,Shamela0008473,4061,548,1127,382,78
15,925,1420,Shamela0008473,4872,899,1376,235,51
15,713,1323,Shamela0008658,2055,359,1402,414,49
15,844,1265,Shamela0008658,2718,628,1123,256,59
15,721,1280,Shamela0008658,2720,109,687,384,78
15,804,1280,Tafsir09084,2065,986,1463,311,74
15,236,463,Shamela0012579,2105,194,422,141,74
15,453,873,Shia002069Vols,109,80,475,200,56
15,181,631,Shia002069Vols,825,1008,1379,175,47
15,469,873,Shia002069Vols,826,135,506,191,53
15,196,631,Shamela0026884,403,681,1265,227,45
15,844,1280,Shamela0001438,6225,911,1327,289,81
15,612,1280,Shamela0004445,337,366,1042,414,70
15,854,1280,Shamela0022593,2170,785,1190,286,80
15,854,1280,Tafsir03092,2134,57,463,289,81
15,236,631,Shamela0000782,1156,573,1012,183,47
15,961,1280,Sham19Y0127677,4353,1,289,219,86
15,236,631,Sham19Y0127677,11612,954,1420,188,45
15,873,1280,Shamela0010443,267,778,1097,225,67
15,863,1280,Sham19Y0122187,716,614,971,246,69
15,873,1280,Shamela0012884,3458,1113,1498,281,87
16,274,711,Sham19Y0014309,1014,391,858,177,40
16,526,711,Shamela0038202,21,645,818,128,86
16,447,866,Shia002231Vols,617,740,1237,187,41
16,205,947,Shamela0001733,2314,22,802,231,28
16,410,880,Sham19Y0017903,977,1008,1253,156,42
16,442,880,Shamela0004289,1166,1,699,205,33
17,198,640,Shamela0000894,1117,710,1117,229,56
17,123,882,Shia001976Vols,196,56,810,296,35
17,721,992,Sham19Y0014601,2503,199,830,205,40
17,112,816,Sham19Y0014601,2504,854,1468,269,39
17,184,640,Shamela0001385,119,1068,1366,207,55
17,184,640,Shamela0095735,253,432,835,234,56
17,503,992,Sham19Y0017768,247,573,764,139,36
17,721,1112,Shamela0008540,1781,1116,1526,278,83
17,891,1096,Shamela0007289,2759,1,216,152,89
17,668,1090,JK001236,73,148,890,273,46
17,721,1358,Shamela0117359,387,795,1375,337,58
17,784,1090,Sham19Y0020944,315,1132,1466,236,88
17,71,241,Shamela0021765,2187,968,1141,129,91
17,721,859,Sham19Y0020591,534,1288,1425,103,89
17,859,1073,Sham19Y0020591,535,1,221,166,95
17,539,1085,Shia002218Vols,340,627,1184,284,59
17,768,992,Shamela0025800,869,1209,1433,166,90
17,781,1015,ShamAY0034352,60,1265,1499,187,99
17,184,645,Shamela0023631,2170,10,434,239,56
17,443,992,Shamela0008473,1957,14,625,220,35
17,59,640,Tafsir07057,1968,405,836,239,49
17,78,640,Sham19Y0148271,622,940,1446,274,53
17,184,640,Tafsir09084,936,396,785,238,60
17,184,992,Shamela0010517,1949,622,1292,240,30
17,410,992,Shamela0021809,967,716,1393,252,34
17,536,792,Shamela0021809,968,36,244,119,59
17,422,975,Shamela0021809,1666,52,714,150,21
17,123,640,Shia001919,33,211,679,289,64
17,1165,1358,Shamela0009082,394,1000,1408,109,30
17,214,640,Sham19Y0023625,2753,966,1274,204,57
17,171,640,Shamela0025794,329,4,446,248,57
17,107,640,Shamela0025794,349,321,1016,284,48
17,59,992,JK000786,2944,601,1048,248,32
17,746,1246,Shamela0001456,47,36,594,200,41
17,721,965,Sham19Y0020868,534,337,579,187,93
17,158,1090,Shamela0008970,99,1,810,475,62
17,721,1090,Sham19Y0127677,7838,1076,1429,262,86
17,422,656,Sham19Y0127677,7839,252,909,156,29
17,696,1029,Shamela0005702,9,1107,1474,243,80
17,123,640,Shamela0005702,10,463,829,153,30
17,721,1059,Sham19Y0131521,2145,1186,1525,255,91
17,184,640,Shamela0010443,628,774,1179,234,56
17,184,640,Shamela0012884,2012,234,633,241,58
17,796,1090,Kraken21042921,22,808,1077,189,77
17,781,1106,JK000383,62,1088,1427,242,89
17,696,1082,Shamela0000736,4524,726,1171,195,50
17,784,1090,Shamela0036446,1300,136,448,234,91
18,175,697,Shia002616Vols,2612,860,1235,231,50
18,160,659,Sham19Y0001729,2289,942,1513,269,48
18,368,659,Shamela0008540,172,321,594,163,67
18,412,850,ShamAY0033945,202,1,440,226,57
18,391,850,Shamela0117359,84,620,1030,226,56
18,420,850,Sham19Y0020591,43,124,508,213,57
18,43,850,ShamAY0033973,117,734,1136,213,33
18,336,850,Sham19Y0148486,346,395,916,239,47
18,448,864,Shamela0025800,870,268,601,193,56
18,711,1362,Shamela0038202,5,146,1055,349,42
18,342,667,Shamela0038202,24,295,642,201,67
18,391,667,Shamela0008473,1957,384,633,178,77
18,420,659,Shamela0021766,1587,149,388,163,78
18,368,703,Shia002231Vols,90,885,1212,220,78
18,391,697,Sham19Y0145410,542,978,1277,202,74
18,74,667,Shamela0021809,1668,841,1409,315,53
18,123,659,Sham19Y0016599,282,1,504,195,34
18,21,462,Shamela0001733,827,437,863,160,45
18,1205,1416,Shamela0001733,1590,173,911,124,20
18,585,1303,JK000946,44,598,1163,129,16
18,391,821,Shamela0009810,1395,607,1030,218,57
18,423,659,Shamela0011438,136,1317,1518,133,70
18,147,697,Shia001731Vols,813,902,1478,239,40
18,64,850,Shamela0025794,3061,729,1114,230,37
18,381,562,Shamela0025794,3062,1263,1443,115,72
18,106,728,Shamela0025794,3833,163,685,232,38
18,156,840,JK000786,2944,705,1143,281,50
18,336,671,Shamela0008970,99,1009,1330,207,72
18,391,681,Sham19Y0131521,311,804,1084,188,75
18,595,1170,Shia002033,75,807,1119,126,25
18,391,850,Sham19Y0146127,161,646,993,209,55
18,391,659,ShamAY0033975,285,1012,1266,179,79
18,160,850,Shamela0004289,314,650,1276,281,45
19,899,1434,Shamela0001733,2923,122,617,112,21
19,223,847,Shamela0001733,4955,585,1238,249,43
19,84,477,JK007099,492,18,590,191,37
20,1012,1416,Tafsir06049,889,375,513,108,34
20,1056,1416,Tafsir09050,2734,688,823,89,30
20,1056,1416,Shamela0007289,2694,212,341,95,32
20,1012,1416,Shamela0023628,226,1068,1219,114,35
20,1075,1405,Sham19Y0013572,1238,120,621,75,13
20,420,1075,Shamela0001733,4806,29,948,235,29
20,681,1075,Shamela0001733,5058,578,1052,153,34
20,1046,1416,Sham19Y0127700,187,171,306,103,35
20,1075,1416,ShamIbadiyya0000193,2652,291,407,74,26
20,1075,1416,Shamela0036446,1300,16,118,80,29
21,562,1075,Shamela0026324,4961,347,530,91,23
22,14,673,Shamela0009567,969,462,1046,210,33
22,861,1154,Shamela0012220,1691,457,941,102,23
22,887,1209,Sham19Y0014462,73,664,1086,179,52
22,637,1229,Sham19Y0001729,411,595,1243,217,39
22,596,1209,Shamela0028107,316,473,884,200,37
22,367,999,ShamAY0034005,1131,121,538,163,28
22,57,505,Shamela0021765,2189,1,857,190,25
22,887,1111,Sham19Y0122406,3970,1265,1460,130,73
22,887,1234,Shamela0000551,884,245,708,175,42
22,869,1150,Shamela0011385,3029,422,695,100,38
22,869,1051,Shamela0001719,1959,617,773,116,82
22,491,1209,Shamela0001719,1960,916,1386,259,40
22,872,1150,Shamela0038202,17,948,1280,142,52
22,887,1406,Sham19Y0006684,674,959,1143,131,32
22,538,827,Shamela0000041,201,477,770,194,76
22,673,827,JK009266,1069,417,613,114,71
22,833,1307,Shamela0001733,5025,178,608,117,20
22,57,491,Shamela0012862,783,113,481,174,48
22,370,999,Shia002069Vols,478,120,652,314,59
22,596,1209,Shamela0025794,1840,886,1377,203,37
22,861,1209,Shamela0008970,111,955,1360,193,52
22,324,491,Sham19Y0127677,14248,209,369,111,83
22,596,1209,Shamela0012399,1004,338,804,240,43
22,91,478,Shia001949,278,865,1152,137,45
22,91,673,ShamAY0033926,279,167,742,193,33
23,632,948,Shamela0003118,1074,109,407,198,73
23,91,380,Shamela0010480,1209,842,1088,161,72
23,705,944,Shia002265Vols,373,121,328,148,74
23,19,708,Shia001782Vols,3578,542,1170,282,40
23,617,1101,Shia001782Vols,3582,703,1110,233,56
23,772,948,Sham19Y0122401,963,1,154,119,85
23,526,1028,JK000916,2737,528,1008,266,63
23,648,944,Shia004012,164,882,1154,183,74
23,686,944,Shia001391,13,916,1141,166,77
23,1,301,Shia000841Vols,3809,1421,1581,104,45
23,352,944,JK001266,17,50,611,267,46
23,160,380,JK000021,424,555,748,139,81
23,705,944,JK001297,53,1215,1422,146,72
23,46,686,Shia002034Vols,97,595,1140,347,71
23,515,944,Shia002034Vols,2117,781,1169,275,77
23,1,459,Sham19Y0001729,411,898,1359,169,40
23,1162,1379,ShamAY0033627,12,115,338,154,85
23,154,714,Shamela0022547,355,586,992,205,44
23,91,380,Sham19Y0038171,748,579,822,143,64
23,188,499,JK001236,7,1096,1305,157,64
23,91,380,Shamela0007891,775,824,1093,150,68
23,25,459,Sham19Y0122406,3971,806,1173,124,29
23,632,944,Shamela0023578,276,1061,1335,196,76
23,188,720,Shamela0025800,2657,156,488,214,50
23,81,701,Shamela0038202,3,149,746,259,45
23,160,380,Shamela0008473,590,25,232,141,82
23,185,376,Shia001237Vols,1177,299,458,111,75
23,91,367,Shamela0000041,201,1209,1478,142,66
23,352,459,Shia002264,709,1353,1460,78,91
23,185,499,Shamela0023628,225,1387,1585,151,61
23,91,380,Sham19Y0148271,897,149,414,159,70
23,1,459,Sham19Y0013572,989,118,317,118,31
23,188,380,JK009266,1070,849,1019,121,81
23,160,380,Shamela0021809,1379,30,235,146,84
23,1180,1379,Shamela0021809,2177,303,488,120,70
23,46,172,Shamela0001733,856,1377,1503,98,100
23,978,1310,Shamela0001733,1446,390,707,175,58
23,1046,1379,Shamela0001733,3557,836,1213,202,65
23,1046,1379,Shamela0001733,3558,179,555,201,65
23,648,944,Shia002359Vols,512,665,915,172,69
23,46,599,Shia002069Vols,46,629,1354,192,27
23,43,725,Shia002069Vols,831,190,889,406,67
23,705,944,Shamela0001438,1226,434,635,148,74
23,230,520,Shamela0001438,3333,761,1000,165,73
23,185,503,Sham19Y0023625,2770,770,1003,162,63
23,651,944,Tafsir02091,157,613,860,183,78
23,160,380,Shamela0025794,4319,361,565,146,84
23,188,486,Shamela0000140,1922,1288,1494,151,65
23,1180,1379,ShamAY0033626,57,970,1170,141,87
23,52,732,JK000022,1703,499,1121,252,38
23,648,944,ShamIbadiyya0000197,186,1056,1321,175,68
23,1180,1379,Shamela0000782,1189,270,452,133,81
23,46,705,Shamela0000782,1222,42,609,223,36
23,253,520,Sham19Y0127677,1861,745,965,164,78
23,1180,1379,Sham19Y0127677,8115,199,382,132,81
23,599,1101,Sham19Y0127677,18659,897,1267,194,48
23,230,520,JK007054,130,1,177,130,58
23,629,944,Sham19Y0017817,374,786,1107,223,82
23,185,432,Shamela0012884,479,857,1083,140,71
23,37,708,Shamela0004289,1167,215,799,243,37
23,1,520,Shamela0011816,613,346,606,174,43
23,759,944,Shia002389Vols,177,7,186,129,83
23,188,705,Shamela0012014,318,315,697,201,46
23,188,732,Sham19Y0013223,649,969,1448,205,39
24,1,464,Shia001782Vols,3588,381,798,173,36
24,133,790,ShamAY0033910,266,502,1023,293,51
24,143,649,Shamela0000767,773,559,1070,284,64
24,266,790,ShamAY0031687,273,18,552,259,52
24,809,1027,Shamela0021635,284,258,442,120,70
24,1,207,Shamela0021766,3922,397,836,140,39
24,750,1176,Shamela0021809,736,674,1296,154,28
24,771,1098,Shamela0001733,1030,306,713,157,46
24,1,224,Shamela0001733,3557,1213,1420,158,91
24,1,790,Shamela0001733,3558,555,1331,525,80
24,180,519,Shamela0001733,3559,672,1445,119,15
24,262,790,Shamela0009107,537,131,742,281,47
24,765,1176,Shamela0025794,3233,379,761,159,42
24,1,469,ShamAY0033626,71,876,1411,171,34
24,385,790,ShamAY0033626,72,4,319,207,60
24,133,557,Sham19Y0127677,8115,1053,1450,212,55
24,1,207,Shamela0012027,201,823,1269,140,38
24,133,790,JK000130,267,618,1138,291,51
25,245,526,Shamela0021783,6,6,295,125,39
25,715,1362,Shamela0021783,7,1,663,306,47
25,727,1417,Shamela0021783,9,779,1453,308,43
25,573,1051,Shamela0008244,210,1017,1417,165,40
26,655,1137,Shamela0021783,10,660,1375,228,33
27,1176,1511,ShamAY0034055,3498,124,517,262,77
27,1123,1511,Sham19Y0014119,257,1,520,304,69
27,1203,1504,Shia001399,276,290,669,237,72
27,1196,1511,ShamAY0034068,901,1223,1601,251,77
27,952,1444,Shamela0003118,2985,1089,1543,324,73
27,1095,1511,Shia002265Vols,249,563,1009,303,74
27,1062,1511,Sham19Y0017063,508,392,867,324,74
27,1203,1511,Shamela0000894,667,23,394,246,76
27,1176,1511,Tafsir06049,2789,27,439,255,71
27,1176,1511,Shamela0001673,9591,832,1230,266,78
27,991,1511,JK000916,9118,1,567,381,75
27,890,1511,ShamAY0034282,2873,774,1448,429,72
27,1066,1511,Shamela0030718,9,1,499,338,78
27,1035,1511,Shia002702Vols,3545,867,1521,314,55
27,1025,1511,Shamela0010639,114,255,807,375,80
27,1095,1511,Shia002261Vols,115,195,641,303,74
27,1106,1511,Tafsir03037,1445,572,1111,306,67
27,918,1498,Shamela0026566,34,963,1534,388,78
27,948,1396,JK000021,51,1012,1461,333,86
27,1106,1511,Shamela0023623,1434,8,574,322,67
27,918,1511,Sham19Y0001729,355,890,1528,396,69
27,1032,1511,Shia002406Vols,3264,1290,1775,338,77
27,1179,1511,Shia002669,399,435,830,264,78
27,1095,1511,Shamela0001975,331,712,1158,303,74
27,890,1511,ShamAY0033945,20,577,1343,445,68
27,1203,1511,Shamela0007289,6897,169,540,245,76
27,1035,1511,Shamela0011334,197,22,668,351,62
27,884,1511,Shamela0013176,57,916,1564,417,72
27,1095,1511,Shamela0021659,537,233,679,303,74
27,1035,1511,JK001236,129,662,1343,365,63
27,890,1511,Sham19Y0009382,10,175,865,428,70
27,1179,1511,Zaydiyya0000031,11,390,785,264,78
27,1106,1511,Sham19Y0013614,276,872,1314,295,73
27,1062,1511,Zaydiyya0000371,6,232,885,314,55
27,952,1511,Shamela0007891,721,139,728,394,73
27,952,1511,Shamela0005922,2992,465,1072,412,79
27,1076,1511,Sham19Y0014404,523,617,1137,334,75
27,1032,1511,ShamAY0034054,1378,367,990,364,67
27,1176,1511,Sham19Y0017747,2186,1139,1537,266,78
27,1302,1511,Shamela0008360,352,1,268,161,69
27,890,1511,Sham19Y0148486,6280,868,1556,417,68
27,1058,1511,Sham19Y0014309,1024,1,587,337,66
27,1058,1511,Shamela0025800,875,1046,1527,327,74
27,943,1511,Shamela0003722,3036,653,1277,416,75
27,952,1511,JK000806,5,683,1264,404,77
27,849,1511,Shamela0008473,2060,14,692,322,43
27,1217,1511,Shamela0008473,4733,1,358,234,75
27,1106,1511,Sham19Y0016976,758,245,680,295,74
27,977,1511,Shamela0009270,4,1,581,398,79
27,1032,1511,Shamela0021766,1678,737,1240,337,73
27,1179,1511,Sham19Y0017791,735,1,403,264,76
27,1032,1511,Tafsir07057,4997,646,1224,354,70
27,1058,1472,Shamela0023628,1465,1245,1610,279,78
27,895,1511,Shia002231Vols,612,603,1290,420,70
27,155,614,Shamela0008658,1343,407,803,121,24
27,1025,1511,Tafsir09084,2436,781,1314,357,77
27,1203,1511,Shamela0010517,12,546,917,246,76
27,1032,1511,Shamela0004473,6757,688,1317,365,69
27,991,1511,Shamela0011036,1854,110,781,308,51
27,980,1511,Shamela0021783,3,1,580,383,74
27,1035,1511,JK000036,30,560,1095,353,75
27,1035,1511,ShamAY0034134,672,596,1135,367,80
27,1106,1511,Shamela0010273,1633,1099,1638,306,67
27,961,1511,ShamAY0032854,34,376,949,393,77
27,1106,1377,Shamela0001438,1528,1427,1667,188,81
27,952,1511,JK007099,484,506,1095,404,77
27,1176,1511,Sham19Y0011326,21,825,1369,264,57
27,1176,1511,JK001012,73,798,1196,266,78
27,1032,1511,Shamela0008176,3020,851,1362,347,76
27,1032,1511,Shamela0012001,144,293,916,355,66
27,1203,1511,JK007128,793,213,584,246,76
27,1035,1511,Shamela0010283,1192,395,936,358,76
27,890,1511,Shamela0008210,133,187,841,409,68
27,952,1511,Shamela0000782,1198,932,1527,407,78
27,1158,1511,Shamela0008970,89,1,492,282,67
27,1032,1511,JK009390,612,58,545,326,71
27,1095,1511,Sham19Y0127677,721,455,999,313,68
27,966,1511,Shamela0008680,63,201,830,339,57
27,1176,1511,JK001277,9,1,399,266,78
27,926,1511,Shamela0005702,164,621,1288,442,79
27,1203,1511,JK006950,1105,446,817,246,76
27,1189,1511,Zaydiyya0000233,7,1,386,256,77
27,1176,1511,JK000959,3,385,783,266,78
27,1252,1511,Sham19Y0146127,3474,1,323,204,73
27,1274,1511,ShamAY0034059,1917,1,301,185,71
27,1032,1511,Shamela0012884,2147,86,611,364,79
27,1288,1511,Shamela0004289,123,1,287,173,69
27,1158,1511,JK000698,12,1,417,274,76
27,1203,1511,Shamela0009690,707,443,821,246,75
27,1138,1511,Shamela0036446,1303,6,426,281,75
27,1162,1511,Shamela0006686,171,1,413,277,78
28,1,309,ShamAY0034055,3498,517,832,248,89
28,1077,1333,Sham19Y0014119,257,853,1059,142,69
28,1,309,Sham19Y0014119,257,520,836,255,95
28,1,309,Shia001399,276,669,976,242,88
28,61,309,ShamAY0034068,902,1,267,198,83
28,1,309,Shamela0003118,2986,110,424,244,87
28,817,1328,Shamela0003118,5617,857,1362,209,38
28,1,309,Shia002265Vols,249,1009,1344,252,88
28,1,309,Sham19Y0017063,508,867,1189,255,93
28,1077,1333,Sham19Y0017063,508,1527,1733,142,69
28,1,309,Shamela0000894,667,394,729,254,89
28,1,288,Tafsir06049,2789,439,744,225,82
28,1,309,Shamela0001673,9591,1230,1546,248,88
28,1,309,JK000916,9118,567,883,230,77
28,1010,1361,JK000916,19300,1091,1445,212,71
28,1,309,Sham19Y0122096,1268,716,1025,238,85
28,157,551,ShamAY0034282,2874,1,369,152,39
28,1130,1333,Sham19Y0014045,50,5,180,136,85
28,1,309,Shamela0030718,9,499,815,255,95
28,95,309,Shia002702Vols,3546,1,222,169,85
28,1,309,Shamela0010639,114,807,1122,248,89
28,1,309,Shia002261Vols,115,641,957,248,88
28,1,309,Tafsir03037,1445,1111,1433,248,87
28,1,309,Shamela0026566,35,68,390,238,80
28,1,366,JK000021,52,172,575,262,73
28,1,309,Shamela0023623,1434,574,889,247,88
28,1234,1521,Shia002034Vols,1523,79,354,159,63
28,1,551,Sham19Y0001729,356,21,583,285,55
28,1,599,Shia002406Vols,3265,40,557,316,52
28,1,309,Shia002669,399,830,1152,255,93
28,1,309,Shamela0001975,331,1158,1474,255,95
28,1,309,ShamAY0033945,20,1343,1659,256,95
28,985,1333,ShamAY0033945,594,102,404,185,63
28,1,309,Shamela0007289,6897,540,875,254,89
28,1,309,Shamela0011334,197,668,996,242,83
28,54,316,Shamela0013176,58,1,265,198,81
28,1,309,Shamela0021659,537,679,995,249,89
28,1,309,JK001236,129,1343,1659,255,95
28,1,309,Sham19Y0009382,10,865,1187,250,89
28,1,309,Zaydiyya0000031,11,785,1101,249,91
28,1,599,Sham19Y0013614,276,1314,1749,327,62
28,1,309,Zaydiyya0000371,6,885,1200,242,86
28,1,614,Shamela0007891,721,728,1239,302,57
28,989,1333,Shamela0007891,722,937,1264,244,88
28,812,1410,Shamela0026390,40,715,1310,341,68
28,1,614,Shamela0005922,2992,1072,1604,307,58
28,1,309,Sham19Y0014404,523,1137,1451,249,89
28,1,309,ShamAY0034054,1378,990,1305,254,94
28,82,309,Sham19Y0017747,2187,1,238,180,84
28,1077,1333,Shamela0008360,352,675,881,142,69
28,1,309,Shamela0008360,352,268,590,255,93
28,1,309,Sham19Y0148486,6281,40,356,255,95
28,1,309,Sham19Y0014309,1024,587,909,255,93
28,95,614,Shamela0025800,876,1,488,217,39
28,1,309,Shamela0003722,3036,1277,1593,245,87
28,1,309,JK000806,5,1264,1599,255,89
28,1,316,Shamela0008473,2060,692,1027,256,90
28,1,309,Shamela0008473,4733,358,673,253,94
28,1,309,Sham19Y0016976,758,680,1002,255,93
28,1,614,Shamela0009270,4,581,1155,299,47
28,780,1101,Shamela0009270,107,1,462,180,49
28,1,309,Shamela0021766,1678,1240,1555,254,94
28,1,599,Sham19Y0017791,735,403,837,333,65
28,1,316,Tafsir07057,4997,1224,1540,239,83
28,1,614,Shamela0023628,1466,89,626,297,48
28,1,309,Shia002231Vols,612,1290,1604,240,84
28,1,309,Tafsir09084,2436,1314,1637,254,92
28,1,309,Shamela0010517,12,917,1252,248,83
28,1,316,Shamela0004473,6757,1317,1652,249,84
28,1,614,Shamela0011036,1854,781,1384,314,54
28,707,1106,Sham19Y0036114,664,145,461,178,51
28,1,551,Shamela0021783,3,580,1061,304,60
28,1234,1521,Shamela0001733,2662,192,491,167,67
28,1087,1466,Tafsir03097,16,25,318,193,63
28,1,309,JK000036,30,1095,1410,254,94
28,1,316,ShamAY0034134,672,1135,1466,255,90
28,654,929,Shamela0009810,1390,915,1148,144,60
28,1010,1514,Shamela0009810,1391,339,1158,208,27
28,61,309,Shamela0010273,1634,1,256,199,89
28,1,309,ShamAY0032854,34,949,1273,245,86
28,1010,1441,Shamela0006446,3,698,1133,213,50
28,1010,1441,Shamela0006446,14,643,1001,200,56
28,985,1437,Shamela0026884,28,422,936,214,47
28,985,1347,Shamela0026884,398,29,356,194,63
28,1,309,Shamela0001438,1529,191,506,255,95
28,1,555,JK007099,484,1095,1634,289,49
28,1,309,Sham19Y0011326,21,1369,1705,246,83
28,1,323,JK001012,73,1196,1530,260,91
28,428,1030,Shia001731Vols,810,929,1420,219,45
28,1,309,Shamela0008176,3020,1362,1678,255,95
28,1,345,Shamela0012001,144,903,1252,247,77
28,1010,1466,Shamela0025794,4375,614,970,224,65
28,1,579,JK007128,793,584,1025,320,63
28,1,309,Shamela0010283,1192,936,1251,255,95
28,1010,1347,JK000786,2936,991,1241,155,55
28,665,943,JK000786,2937,306,587,136,49
28,723,1339,JK000786,3810,489,1265,303,40
28,1,309,Shamela0008210,133,841,1171,232,75
28,985,1333,Shamela0009385,9,1051,1337,186,68
28,1339,1521,Shamela0009385,24,520,701,140,98
28,28,614,Shamela0000782,1199,1,540,281,47
28,1,541,Shamela0008970,89,492,1121,308,53
28,1,599,JK009390,612,545,956,311,61
28,1026,1333,JK003501,226,681,931,177,75
28,1,599,Sham19Y0127677,721,999,1557,255,35
28,1,309,Shamela0008680,63,830,1145,240,84
28,1,309,JK001277,9,399,715,244,87
28,1,309,Shamela0005702,164,1288,1604,253,94
28,1,309,JK006950,1105,817,1152,254,89
28,1,323,Zaydiyya0000233,7,386,745,255,83
28,1,309,JK000959,3,783,1105,256,93
28,1,309,Sham19Y0146127,3474,323,631,241,86
28,1,309,ShamAY0034059,1917,301,617,255,95
28,1,599,Shamela0012884,2147,611,1126,315,52
28,798,1316,Shamela0012884,5479,998,1437,238,52
28,1,614,Shamela0004289,123,287,859,304,48
28,1,589,JK000698,12,417,1031,375,65
28,1,309,Shamela0009690,707,821,1162,252,87
28,1134,1437,JK000653,6,364,729,153,46
28,1,309,Shamela0036446,1303,426,746,253,93
28,1,309,Shamela0006686,171,413,728,247,90
29,128,433,ShamAY0034055,10275,146,482,200,67
29,104,433,Shamela0003118,4144,822,1234,227,67
29,44,433,Shamela0010480,802,816,1268,256,68
29,528,964,Shia002265Vols,455,1,366,163,35
29,30,433,JK000916,14027,122,598,258,66
29,128,433,Shia002702Vols,10587,4,323,196,68
29,66,433,ShamAY0033910,270,958,1385,245,70
29,132,433,Tafsir09050,4204,721,1038,204,73
29,48,605,Shamela0012981,1602,441,869,230,49
29,20,433,JK001266,19,79,510,236,63
29,20,433,Shamela0005815,43,984,1410,241,65
29,20,194,Shamela0005815,165,1290,1473,77,49
29,20,584,Shamela0022547,77,64,528,268,58
29,886,1152,Shia001432Vols,30760,345,603,173,73
29,30,789,ShamAY0033945,593,430,1377,423,55
29,945,1412,ShamAY0033945,594,634,1115,170,33
29,66,641,JK000475,252,354,1032,297,51
29,148,433,Sham19Y0020891,6166,1,306,192,71
29,13,645,Shamela0117359,390,35,577,280,57
29,20,641,Shamela0026390,40,418,1056,346,56
29,210,433,Sham19Y0014309,1021,310,580,165,76
29,107,428,Shamela0025800,874,1044,1405,217,74
29,66,433,Sham19Y0148271,214,521,919,230,69
29,329,851,Shamela0021809,3215,378,846,223,49
29,555,886,Shamela0001733,1060,1,381,201,64
29,104,584,Sham19Y0016928,229,176,651,291,67
29,836,1162,Sham19Y0016928,230,328,649,240,89
29,33,448,Shamela0006446,2,413,806,241,70
29,20,433,Shamela0006446,32,809,1192,250,73
29,555,904,Shamela0001438,6741,555,895,181,53
29,136,584,Shamela0025794,2249,1,476,253,58
29,1202,1371,JK000786,2937,710,881,93,65
29,153,886,JK000786,3810,798,1368,273,43
29,1107,1412,JK000786,3811,86,352,114,47
29,20,433,Shamela0008210,94,445,859,252,70
29,20,433,Shamela0008210,126,111,541,228,65
29,33,579,Shamela0009385,7,303,1073,323,52
29,13,584,Shamela0008970,41,531,1246,298,51
29,525,734,JK009390,5592,1210,1402,139,78
29,555,904,Sham19Y0127677,4751,76,356,176,59
29,13,645,Sham19Y0131521,2148,369,910,279,57
29,132,433,ShamIbadiyya0000193,4069,704,983,174,68
29,107,433,ShamAY0038516,35,1044,1325,196,75
29,79,803,Shamela0004289,1225,579,1368,340,47
29,66,408,JK000130,271,1084,1486,226,69
29,185,378,Shamela0036446,1301,1274,1489,131,70
30,880,1461,JK000977,141,254,709,310,63
30,41,551,Shia001782Vols,3589,305,753,301,71
30,838,1461,ShamAY0034282,2915,166,641,329,64
30,1,202,Shia002034Vols,178,1220,1396,135,83
30,202,551,Shia002034Vols,179,1,435,190,52
30,875,1081,Sham19Y0001729,104,1285,1498,150,84
30,875,1333,Sham19Y0001729,105,530,998,344,89
30,875,1441,Shamela0022547,686,477,960,315,66
30,875,1383,JK000384,113,960,1495,387,89
30,970,1306,Shamela0022593,326,1129,1401,194,70
30,970,1306,Tafsir03092,286,791,1061,191,69
30,970,1456,Shamela0011816,537,390,676,207,51
30,62,412,Shamela0036446,1302,278,575,225,80
31,1,298,JK000977,141,709,972,180,73
31,603,732,Shia002265Vols,387,605,736,91,91
31,845,1125,Shia001782Vols,3589,926,1182,197,90
31,1,367,Shia002616Vols,1266,876,1551,250,43
31,1,363,Sham19Y0023618,2273,782,1458,247,42
31,1,611,ShamAY0034282,2915,641,1177,321,58
31,54,367,Shamela0023613,951,117,472,251,88
31,566,918,Shamela0010639,135,516,806,146,52
31,603,732,Shia002261Vols,205,661,790,88,89
31,241,367,ShamAY0033938,85,1,135,101,94
31,522,926,Shamela0021578,23,448,814,178,51
31,1,367,JK000021,184,759,1369,289,59
31,519,1125,Shia002034Vols,2164,83,591,290,56
31,1,367,Sham19Y0001729,105,1057,1436,286,92
31,519,926,Shamela0000216,113,32,387,165,46
31,603,732,Shamela0001975,506,81,230,88,77
31,409,874,ShamAY0033945,1087,739,1266,233,53
31,237,367,Shamela0007289,4436,1,139,104,94
31,440,732,JK000475,2206,594,860,175,77
31,1,375,Sham19Y0133367,20,812,1306,273,66
31,1,344,JK007065,1106,933,1533,266,54
31,603,732,Shamela0021659,641,231,360,88,89
31,20,367,Sham19Y0020638,74,1,648,244,44
31,123,603,Sham19Y0017616,541,1,401,235,51
31,1,367,Sham19Y0122406,282,138,818,250,43
31,54,363,Sham19Y0014309,343,170,515,239,83
31,1,367,Shamela0025800,288,313,995,256,44
31,98,603,Shamela0008473,862,261,809,255,50
31,1,363,Sham19Y0150960,1293,530,1167,284,55
31,1147,1424,Sham19Y0013667,542,1108,1355,174,78
31,1,367,Shamela0000041,378,832,1448,281,57
31,48,367,Shia001831Vols,87,1,615,218,41
31,192,367,Sham19Y0018144,249,20,211,140,91
31,1,367,JK000384,114,79,403,248,81
31,54,367,Shamela0023628,438,1076,1431,246,86
31,1,367,JK000374,62,195,875,256,44
31,9,367,JK009179,91,895,1514,250,47
31,519,918,Shia004672,122,110,439,177,59
31,54,409,Shamela0029677,1091,769,1179,258,77
31,1147,1424,Shia002003Vols,212,1157,1393,169,75
31,522,732,Shamela0010517,457,887,1080,140,87
31,1,367,Shamela0036543,690,688,1363,251,43
31,1,367,Sham19Y0013572,1404,674,1311,287,56
31,570,1125,Shamela0001733,3839,893,1328,296,68
31,566,918,ShamAY0034134,827,985,1256,154,57
31,1,379,Shamela0021715,6853,6,679,282,52
31,899,1125,Shamela0028168,175,462,682,166,95
31,1147,1424,Sham19Y0123581,67,1176,1409,167,75
31,603,732,Shamela0001438,2187,258,389,90,90
31,566,752,Sham19Y0023625,1200,847,1026,121,85
31,519,918,Shamela0021713,1153,539,867,176,59
31,603,732,Shamela0031457,197,48,175,89,91
31,538,732,JK009390,1270,968,1134,103,69
31,574,732,Sham19Y0127677,1410,599,808,111,70
31,409,918,Sham19Y0127677,9210,157,712,239,47
31,761,986,Sham19Y0127677,11475,371,574,162,90
31,603,732,Shamela0026324,1370,27,159,80,80
31,440,732,JK000735,146,843,1109,175,77
31,118,367,ShamAY0032665,249,1,221,156,74
31,397,732,ShamAY0033672,27,775,1154,197,64
31,1,440,Shamela0004289,44,716,1493,274,41
31,9,379,Shamela0012014,57,1,645,255,46
31,1,367,Shamela0036446,905,689,1256,280,60
31,202,367,Sham19Y0132524,205,821,994,132,95
31,845,1054,Sham19Y0013223,653,1256,1458,159,96
32,369,620,Shamela0006449,9,88,381,168,71
32,369,620,JK011454,9,22,277,150,67
32,375,620,JK000916,18217,1126,1423,176,75
32,870,1001,JK000916,18219,1,131,103,97
32,375,617,ShamAY0034282,627,1061,1283,153,77
32,394,772,ShamAY0033910,116,355,709,210,65
32,1071,1368,Shia002034Vols,1749,902,1257,124,38
32,1192,1384,Shia002034Vols,1750,1,186,131,83
32,369,768,Shamela0022547,1704,115,479,172,43
32,375,772,ShamAY0031687,422,882,1305,206,57
32,375,890,ShamAY0033945,374,613,1162,215,40
32,369,772,JK000475,321,572,926,216,66
32,413,641,Shamela0011385,2472,480,631,100,56
32,369,1071,Sham19Y0148486,1509,813,1326,259,43
32,569,772,Sham19Y0014309,1457,482,714,145,77
32,600,772,Shamela0025800,1267,510,715,124,74
32,586,772,Shamela0001719,689,1174,1348,127,87
32,369,620,Shamela0001719,689,460,757,179,76
32,369,772,Shamela0001719,694,715,1082,199,60
32,837,1001,Shamela0001719,710,424,602,107,69
32,795,1001,Shamela0010637,148,1018,1206,138,81
32,375,617,Sham19Y0013667,246,861,1097,164,83
32,604,772,Sham19Y0013667,247,48,201,115,87
32,772,1010,JK000778,758,883,1106,143,73
32,795,1001,Shamela0013035,356,1195,1385,139,82
32,829,1001,JK009408,1497,975,1155,134,90
32,848,1010,Shamela0021809,2088,96,257,110,82
32,508,768,ShamAY0034134,462,6,271,182,84
32,772,1001,Shia002069Vols,213,629,850,172,93
32,369,620,Shia002069Vols,490,333,635,178,76
32,386,586,Shamela0026884,590,1254,1465,142,82
32,586,772,Shamela0026884,591,508,695,117,76
32,513,768,Sham19Y0023625,825,37,256,142,67
32,848,1001,Shamela0025794,3108,993,1148,112,85
32,145,591,Shamela0000262,6,1029,1373,188,50
32,531,1071,Sham19Y0127677,7284,1146,1460,194,45
32,617,1071,Sham19Y0146127,769,1,256,164,45
32,795,1071,Zaydiyya0000342,419,222,471,173,76
32,471,772,JK000130,117,1,275,168,66
32,600,772,Shamela0036446,128,1238,1406,104,68
33,1181,1408,Shamela0013041,288,1,199,140,76
33,55,493,ShamAY0034128,174,979,1215,116,31
33,1187,1408,ShamAY0038387,340,5,178,110,62
33,55,499,ShamAY0033910,118,783,1073,123,30
33,1176,1413,JK001293BK1,556,150,341,146,77
33,1203,1408,Shamela0005756,4503,194,352,120,74
33,1187,1413,Sham19Y0038171,874,489,759,119,47
33,1140,1408,Shamela0009200,202,563,805,159,71
33,1140,1402,JK001487,349,33,243,131,61
33,1187,1413,ShamAY0035035,3429,107,378,118,46
33,55,499,JK000475,324,560,815,117,30
33,55,499,Sham19Y0013667,968,86,361,140,37
33,1128,1408,Shamela0000041,1361,302,566,185,82
33,1140,1402,Shamela0008206,852,376,588,131,61
33,1140,1408,ShamAY0038329,750,878,1076,148,70
33,72,266,Shamela0021809,2081,686,989,145,61
33,499,744,Shia002069Vols,455,655,839,135,67
33,55,744,Shia001731Vols,283,433,936,171,26
33,1077,1408,Shamela0009107,564,636,980,186,62
33,28,499,JK001127,41,70,266,121,33
33,63,266,Shamela0025794,3109,306,600,150,65
33,72,499,Shamela0025794,3113,462,704,109,29
33,72,493,JK000786,672,1065,1231,107,33
33,28,499,Sham19Y0127677,19799,771,1034,112,28
33,1234,1413,JK000083,86,1,144,108,77
33,77,493,JK007049,172,275,492,102,28
33,1140,1408,Sham19Y0132403,184,52,360,163,59
33,884,1134,Zaydiyya0000342,371,1196,1441,150,70
33,55,499,JK000130,119,382,672,123,30
34,198,332,Shamela0009242,1121,1170,1299,104,96
34,6,344,Shamela0013041,288,221,587,263,88
34,268,922,JK006833,193,183,721,168,24
34,6,627,Shia002265Vols,386,326,824,342,65
34,6,584,Shia002265Vols,558,6,664,236,37
34,6,580,Shia001782Vols,3587,24,532,305,62
34,201,627,Shamela0001404,284,225,540,207,58
34,1038,1437,JK000916,19855,696,952,167,53
34,6,423,Shamela0007798,5958,37,565,205,43
34,6,263,Shamela0023685,1541,1195,1485,200,85
34,1054,1443,Shamela0036041,2,258,570,215,71
34,6,323,JK001293BK1,556,363,670,235,89
34,6,423,JK001297,518,887,1303,291,80
34,6,497,Shia002034Vols,2164,909,1400,311,72
34,6,609,Shamela0005756,4503,374,959,348,62
34,85,423,Sham19Y0038171,751,8,333,248,88
34,6,423,Sham19Y0038171,874,781,1205,310,87
34,6,584,Shamela0009200,202,827,1428,335,60
34,6,627,JK001487,349,266,1071,286,39
34,6,215,ShamAY0035035,3146,1305,1523,161,91
34,6,423,ShamAY0035035,3429,400,731,237,67
34,527,1443,Shamela0021765,2194,19,578,371,51
34,6,323,JK000098,683,700,1030,249,93
34,6,627,Shamela0008206,852,611,1425,292,40
34,241,874,Shamela0008206,853,50,443,162,29
34,1038,1413,Sham19Y0148271,1589,1190,1464,194,65
34,6,408,ShamAY0038329,750,1098,1496,277,82
34,6,332,Shamela0007351,12,168,505,255,92
34,6,692,ShamAY0033974,106,376,1004,308,50
34,791,1443,Shamela0021809,1806,553,1143,273,43
34,6,584,Shamela0021809,3035,225,827,293,49
34,423,874,Shamela0001733,345,326,809,220,50
34,679,1241,Shamela0001733,1963,791,1380,326,59
34,967,1443,Shamela0001733,1964,121,587,342,87
34,6,395,Sham19Y0132973,551,831,1213,288,89
34,6,198,ShamAY0037747,480,1245,1443,147,92
34,1235,1443,Shamela0001438,1495,1041,1215,135,82
34,122,423,Shamela0001438,4375,1,300,224,88
34,6,497,Shamela0009107,564,997,1479,306,69
34,1020,1443,Shamela0025794,3309,790,1177,236,66
34,198,323,Shia002178,210,452,580,101,97
34,1215,1443,JK009390,797,830,1022,140,78
34,6,370,JK009390,2922,1131,1498,277,92
34,1235,1443,Sham19Y0127677,704,1171,1344,135,82
34,6,423,Sham19Y0127677,2722,688,1099,303,86
34,6,584,Sham19Y0127677,5316,248,791,223,37
34,423,788,Sham19Y0127677,15563,626,1222,202,41
34,6,337,Shamela0026568,1371,659,1031,251,83
34,6,594,JK000083,86,166,780,348,64
34,6,594,Shamela0012740,9,78,545,343,71
35,202,474,Shamela0003118,5758,1187,1416,167,77
35,265,595,Shia001782Vols,853,968,1406,180,50
35,175,558,Shamela0009567,247,988,1445,193,47
35,175,360,JK000916,19854,1283,1453,121,81
35,102,558,JK000916,19856,951,1432,192,42
35,171,586,Shamela0021765,2193,882,1316,262,70
35,1,849,Shamela0021765,2194,578,1427,293,32
35,79,553,JK000533,2234,928,1421,225,48
35,1238,1414,JK001259,66,538,825,118,50
35,1170,1414,ShamAY0033973,188,189,524,157,55
35,1139,1414,Shamela0009383,1,39,409,158,51
35,1198,1414,Shamela0005610,34,4,199,139,78
35,171,601,Shamela0021809,1805,855,1349,219,48
35,126,466,Shamela0001733,1963,1094,1427,247,90
35,466,859,Shamela0001733,1964,1,417,207,51
35,1182,1414,JK000435,157,891,1119,151,76
35,159,586,JK000481,357,578,1065,290,72
35,1182,1414,Shamela0025794,2126,210,533,153,55
35,175,523,Shamela0025794,2941,1009,1425,170,45
35,988,1414,Shia001887Vols,2535,762,1145,197,55
35,265,595,Shamela0021629,317,270,694,167,49
35,187,595,Sham19Y0127677,7371,1,478,205,46
35,126,471,Zaydiyya0000342,356,1151,1479,233,82
35,471,595,Zaydiyya0000342,357,1,127,99,98
35,265,595,Sham19Y0013223,332,786,1196,178,52
36,926,1062,Shia002265Vols,2411,1094,1230,97,93
36,805,1302,Shia001976Vols,295,621,999,204,50
36,926,1062,Sham19Y0122096,1101,405,528,87,83
36,36,650,ShamAY0034282,862,667,1260,292,51
36,911,1062,Shia002261Vols,94,386,537,99,86
36,787,1309,ShamAY0033938,391,708,1273,238,40
36,845,1348,ShamAY0035960,578,879,1360,192,41
36,888,1062,ShamAY0033728,24,208,386,133,94
36,810,1062,ShamAY0033760,849,123,324,125,61
36,749,1056,Sham19Y0001729,393,439,741,179,65
36,845,1348,ShamAY0033523,577,546,1042,207,44
36,926,1062,Shamela0001975,293,775,905,92,88
36,701,1062,Shamela0009642,36,1,320,176,58
36,850,1062,ShamAY0035035,865,1164,1372,143,84
36,42,547,JK000475,2071,210,646,47,8
36,835,1348,JK007065,920,394,706,187,46
36,926,1062,Shamela0021659,322,269,403,95,91
36,926,1062,Shamela0006610,264,1126,1261,99,94
36,845,1302,Sham19Y0020638,323,118,437,194,55
36,787,1076,Sham19Y0122406,1111,117,420,197,75
36,850,1062,Sham19Y0014309,2787,1069,1260,141,81
36,926,1062,Shamela0025800,863,55,181,93,87
36,926,1062,Sham19Y0016618,443,1144,1281,101,95
36,926,1062,Sham19Y0013572,961,489,619,101,95
36,749,1385,Shamela0013074,17,501,1227,370,59
36,134,607,Shamela0013074,18,1,471,270,63
36,1,671,Shamela0013074,19,665,1347,240,34
36,873,1062,JK009390,566,1154,1313,108,75
36,850,1062,Shamela0006454,83,172,360,122,71
36,24,476,Shamela0026324,1375,757,1244,98,17
36,42,471,JK000735,9,968,1323,122,29
36,902,1062,Shamela0025791,952,431,599,114,88
36,787,1242,Shamela0004289,644,1096,1510,220,55
36,835,1085,JK007107,180,542,778,155,74
36,845,1062,Sham19Y0017581,640,362,582,157,85
36,916,1062,Shamela0036446,1298,205,345,102,87
37,231,386,Shia002265Vols,383,439,583,105,86
37,155,333,Shia002616Vols,6415,156,596,106,29
37,382,532,JK000916,26182,182,327,91,77
37,94,386,Shia001976Vols,1154,1154,1416,190,81
37,382,685,Shamela0009584,95,727,1009,139,56
37,193,355,ShamAY0033728,23,1250,1418,91,61
37,58,595,Shamela0012981,1960,713,1169,192,37
37,376,626,Shia002034Vols,414,1097,1323,123,58
37,43,355,Shamela0000767,32,285,594,125,45
37,853,1335,Sham19Y0013605,4464,765,1188,158,33
37,649,1101,Shamela0008540,1654,180,435,110,29
37,155,515,Shamela0029769,11,118,444,132,43
37,155,355,JK000475,2166,594,780,101,55
37,1,328,JK000475,2167,79,438,164,50
37,76,435,Shamela0030623Vols,215,851,1155,214,75
37,1,355,JK007065,920,542,822,133,42
37,649,1297,Shamela0006610,264,1126,1402,126,23
37,411,685,Shamela0005922,1297,1107,1352,129,60
37,126,576,Sham19Y0127656,946,771,1126,128,28
37,155,355,Sham19Y0122406,1110,131,312,99,55
37,155,355,Sham19Y0122406,1199,531,712,99,55
37,853,1340,JK000110,1677,656,1089,162,33
37,532,957,ShamAY0033973,188,226,695,177,38
37,649,1101,Shamela0025800,863,55,302,114,31
37,532,778,Shamela0005610,191,1071,1401,148,52
37,649,1101,Sham19Y0013572,961,489,741,111,29
37,155,484,ShamAY0033974,100,285,579,130,40
37,382,532,Shia002069Vols,328,1087,1237,92,75
37,566,1063,ShamAY0037747,476,32,392,201,51
37,415,548,JK009154,99,1250,1405,86,70
37,155,355,Shamela0013074,7,638,806,92,56
37,532,1101,Shamela0013074,18,787,1342,279,56
37,519,957,Shamela0013074,19,29,1226,236,25
37,94,376,JK000679,31,1099,1330,157,65
37,1182,1393,Shia001887Vols,679,200,393,143,83
37,532,778,Shia001887Vols,2692,1107,1437,148,52
37,853,1340,Sham19Y0018176,2271,418,876,162,32
37,522,992,JK001435,29,694,1168,242,56
37,126,621,Shamela0013068,11,907,1407,178,38
37,371,645,Shamela0013068,104,1,283,121,50
37,1182,1393,Sham19Y0017903,329,926,1115,146,87
37,1182,1393,Shamela0000137,1714,36,229,137,79
37,621,1101,Shamela0025791,952,431,723,124,31
37,90,484,Sham19Y0132403,186,1065,1375,209,67
37,235,576,Sham19Y0132403,188,1,407,156,42
37,90,484,Sham19Y0132403,192,837,1209,221,66
37,64,719,Sham19Y0132403,226,689,1233,138,21
37,155,355,Shamela0001875,568,808,989,99,55
37,1156,1393,Shamela0030427,5,624,831,158,84
38,508,897,JK000977,392,1042,1423,149,48
38,539,969,JK000977,742,861,1402,195,41
38,719,1043,JK000977,867,648,1040,150,38
38,719,1025,JK000977,941,153,503,155,49
38,719,1021,JK000977,954,284,629,139,42
38,29,853,Shamela0006610,341,234,807,200,25
38,713,1021,Shamela0001733,3136,262,898,101,17
38,475,1021,Shamela0025794,1441,35,513,257,56
39,813,1228,Shamela0026390,33,47,604,258,54
39,596,1308,Shamela0001456,515,506,1181,209,25
41,64,834,JK000977,743,65,909,252,28
41,686,910,Shamela0010480,1255,51,185,83,47
41,98,680,Shia001782Vols,569,617,970,145,27
41,902,1304,ShamAY0034282,583,1037,1454,193,48
41,902,1148,Sham19Y0013241,465,1252,1515,166,73
41,934,1130,Shia000841Vols,2144,533,807,140,60
41,957,1434,Sham19Y0014462,129,27,413,162,32
41,686,914,Shamela0021626,3,404,608,129,63
41,518,1130,JK000021,915,343,842,258,49
41,948,1140,ShamAY0033522,157,1325,1519,140,88
41,902,1399,JK000475,362,698,1156,272,61
41,896,1439,JK000475,2164,953,1435,307,63
41,902,1434,Shamela0028107,273,549,1039,231,41
41,931,1399,Shamela0006227,283,497,825,225,60
41,680,1130,Sham19Y0148486,1904,357,744,228,58
41,902,1314,Shamela0002863,771,697,1161,225,50
41,902,1145,Sham19Y0006684,376,455,685,170,86
41,902,1314,ShamAY0035950,122,357,731,241,70
41,902,1314,Sham19Y0123510,291,532,903,224,62
41,469,1118,Shamela0001733,1319,13,569,224,36
41,686,1118,Shamela0001733,1498,1,399,185,50
41,872,1281,Shamela0001733,1927,33,429,148,38
41,566,914,Shamela0001733,3290,339,719,162,39
41,675,1118,Shamela0001733,4075,938,1314,160,36
41,680,855,Shamela0001733,4591,1312,1425,85,62
41,566,1194,Shamela0001733,4955,346,914,236,42
41,566,989,Shamela0001733,4997,664,1030,168,42
41,495,974,Shamela0001733,4998,1,352,174,45
41,566,907,Shamela0001733,5025,16,237,149,56
41,481,1194,Shamela0001733,5125,73,651,262,42
41,902,1314,Shamela0021495,104,459,1051,235,45
41,704,1399,Sham19Y0131336,700,111,826,307,43
41,902,1130,Shia002119Vols,501,416,630,166,89
41,924,1399,JK007116,28,233,521,213,56
41,902,1130,Shamela0030327,70,461,688,176,97
41,924,1130,Sham19Y0127677,8478,164,380,142,76
41,902,1314,Shia000820Vols,377,393,802,219,54
41,884,1439,JK000735,104,760,1270,312,63
41,902,1399,Shamela0000137,1703,700,1135,235,52
41,534,1349,Shamela0004289,701,9,588,296,42
41,931,1130,Shamela0021590,464,560,816,142,66
41,902,1314,Shamela0021479,152,151,539,232,68
41,902,1130,Shamela0021577,19,1231,1445,166,92
42,1154,1407,Shia002034Vols,1966,748,1057,132,52
42,598,1201,Shamela0013132,95,169,943,281,39
43,860,1137,JK000977,743,871,1188,172,63
43,317,530,Shamela0013041,845,966,1189,139,71
43,129,789,Shamela0009567,162,42,651,175,23
43,384,785,Shamela0009567,165,675,1159,144,29
43,1041,1394,JK000021,919,717,1054,150,51
43,865,1303,JK000021,919,296,743,204,47
43,666,1137,Shamela0006366,1112,602,1089,217,42
43,713,1137,Shamela0006366,1119,77,889,196,30
43,657,1137,Shamela0117359,293,901,1369,213,45
43,808,1296,JK009324,658,772,1206,195,42
43,1103,1394,Shamela0007891,603,1,355,166,58
43,657,1137,Sham19Y0020591,397,120,588,213,45
43,860,1137,Sham19Y0148486,1904,957,1276,166,62
43,765,1209,Shamela0001719,3411,465,1074,221,41
43,393,1143,Sham19Y0018144,803,43,793,294,39
43,653,1318,JK000024,91,261,817,239,36
43,924,1137,Shamela0011036,852,161,415,144,67
43,303,703,Shamela0025794,1426,510,875,174,48
43,20,530,Shia001887Vols,678,221,753,197,35
43,860,1137,Shamela0008970,157,327,631,162,62
43,1137,1391,Shamela0029703,3,806,1028,154,75
43,657,1137,Sham19Y0131521,1587,368,836,212,45
43,1197,1391,Sham19Y0017817,405,412,607,132,82
43,666,1137,JK007083,86,877,1276,206,45
43,393,1143,ShamAY0032665,803,52,802,294,39
43,641,1099,Shamela0001875,485,1062,1420,183,42
43,684,1137,Shamela0004289,701,526,930,201,49
43,844,1296,JK000653,112,29,533,196,43
44,881,1352,Shia002265Vols,2404,333,599,146,39
44,46,364,ShamAY0034282,586,1,311,186,69
44,732,962,Shamela0012981,1567,434,635,109,55
44,732,967,Shia002034Vols,94,930,1130,144,76
44,395,915,Shamela0117359,293,763,1263,215,44
44,364,895,Shamela0026390,33,312,901,310,62
44,487,915,Sham19Y0020591,397,30,482,191,47
44,364,732,Shamela0001719,3410,235,619,187,50
44,1,324,Shamela0001719,3412,435,1172,199,32
44,1016,1420,Sham19Y0148271,939,691,1067,264,80
44,858,1420,Shamela0021809,1615,479,945,285,63
44,578,1201,Shamela0001733,161,469,996,274,52
44,632,962,ShamAY0034134,586,949,1457,222,53
44,136,324,Shamela0021713,208,1093,1248,97,61
44,136,329,Shia002119Vols,503,310,476,113,69
44,1020,1420,Shamela0025794,4539,57,427,263,81
44,520,1234,Shamela0001456,491,963,1400,175,26
44,395,915,Sham19Y0131521,1587,230,730,215,44
44,441,732,Shamela0004289,701,1013,1313,178,65
44,464,732,Shamela0021577,9,1168,1414,149,62
45,747,1426,Shia001782Vols,2722,280,822,360,62
45,1,567,Shamela0026473,12,31,624,287,50
45,789,1426,Shamela0012981,299,1,601,402,72
45,619,901,ShamAY0033053,422,193,448,146,59
45,406,567,Sham19Y0148271,940,1,171,116,83
45,1,497,Shamela0021809,1615,945,1385,200,40
45,1,567,ShamAY0034134,585,376,735,200,44
45,619,933,Shamela0012862,453,1242,1502,156,58
45,939,1426,Shamela0012862,454,1,388,259,62
45,1,779,Shamela0025794,4539,427,1098,291,40
45,22,576,Shamela0001456,492,130,654,239,43
45,120,567,Sham19Y0127677,14261,525,805,178,47
46,1150,1439,Shia001782Vols,2720,704,968,205,90
46,1,831,Shia001782Vols,2722,822,1511,469,67
46,964,1439,Shamela0009754,31,156,523,249,65
46,381,574,Shamela0001673,5406,1033,1458,130,38
46,108,971,Shamela0012981,299,695,1385,433,57
46,381,574,Shamela0005756,9911,376,820,127,35
46,1081,1439,Shamela0021765,2196,1,315,228,79
46,992,1116,Shamela0021765,2197,1068,1192,96,100
46,1056,1439,ShamAY0033623,31,1,298,216,69
46,1073,1262,Sham19Y0018144,1574,724,891,112,73
46,1,831,Shamela0012862,454,388,1079,468,67
46,1073,1262,ShamAY0032665,1574,639,806,112,73
47,1,464,Shia001782Vols,2720,968,1449,361,93
47,1,266,Shamela0009754,31,523,784,192,87
47,1,266,ShamAY0033623,31,298,559,192,87
47,1340,1526,Shia002032,67,649,831,138,93
47,1051,1486,Shamela0026324,4350,663,951,159,46
48,872,1446,ShamAY0034068,1686,135,565,278,56
48,1,1369,Shia001782Vols,2719,94,1453,1016,90
48,1,659,Shamela0009754,29,763,1453,497,89
48,665,1459,Shamela0009754,30,1,811,604,91
48,1,1327,Shamela0009567,580,78,1437,1005,91
48,548,1446,Tafsir06049,4155,426,1080,413,57
48,191,496,Shamela0001673,5404,1216,1503,204,81
48,1,524,Shia002034Vols,559,884,1428,370,80
48,524,1459,Shia002034Vols,560,1,1021,643,75
48,872,1446,Shamela0003565,1940,929,1332,272,57
48,1,904,Shamela0021765,2196,536,1416,651,87
48,904,1459,Shamela0021765,2197,1,486,364,78
48,1,445,Shamela0023578,1871,1032,1522,318,77
48,445,1459,Shamela0023578,1872,1,1010,734,88
48,872,1446,Shamela0023588,1015,262,644,256,54
48,1,849,ShamAY0033623,29,546,1429,639,89
48,849,1459,ShamAY0033623,30,1,616,463,91
48,872,1446,Shamela0021766,2590,109,480,253,53
48,1,527,Shamela0012820,312,976,1568,370,76
48,527,1455,Shamela0012820,313,1,936,678,88
48,872,1446,Tafsir04042,1288,634,1054,237,46
48,1,654,Shamela0008658,1967,782,1467,390,65
48,734,1446,Shamela0008658,1968,178,865,306,40
48,1,1391,Sham19Y0148271,2008,60,1438,1030,89
48,1,151,Shamela0021809,2676,1354,1491,107,89
48,151,1455,Shamela0021809,2677,1,1338,964,87
48,191,568,Shamela0021715,5501,130,485,250,80
48,1305,1429,Shamela0021715,5503,1083,1195,86,86
48,1,377,Shamela0001438,7282,1103,1488,252,74
48,377,1459,Shamela0001438,7283,1,1092,702,72
48,993,1446,Shamela0021598,1837,390,695,196,52
48,1,802,Shamela0025794,3414,611,1445,615,91
48,802,1459,Shamela0025794,3415,1,668,502,92
48,1,632,Shia002032,67,831,1481,484,91
48,632,1459,Shia002032,68,1,841,640,93
48,191,568,Sham19Y0018176,1286,1046,1402,255,83
48,28,1171,JK009390,3047,386,1462,769,82
48,1109,1459,JK009390,3048,70,290,159,54
48,11,776,JK009390,6080,597,1383,509,74
48,776,1459,JK009390,6081,5,618,432,75
48,1,925,Shamela0010664,1223,406,1472,667,77
48,925,1459,Shamela0010664,1224,1,581,400,84
48,532,1271,Sham19Y0127677,5248,708,1436,443,65
48,1271,1459,Sham19Y0127677,5249,1,201,140,85
48,97,1455,Shamela0021599,1438,1,1461,751,59
48,1,770,Shamela0012884,3168,613,1433,463,65
48,734,1446,Shamela0012884,3169,27,715,306,40
48,872,1101,Shamela0001535,4132,95,293,148,80
49,953,1488,Shamela0010480,992,619,1107,267,55
49,934,1173,Shamela0010480,993,321,540,142,71
49,995,1488,Shia002265Vols,4957,767,1277,339,80
49,1022,1488,Shia001782Vols,2718,491,986,344,84
49,8,560,Shia001782Vols,2720,101,625,406,89
49,917,1488,Shamela0009754,28,505,1056,294,56
49,8,560,Shamela0009754,30,819,1363,415,92
49,866,1488,Shamela0009567,579,132,778,392,71
49,8,566,Shamela0009567,581,146,686,413,89
49,8,508,Tafsir06049,4155,1088,1538,251,56
49,866,1488,Shia001976Vols,620,559,1119,334,60
49,1279,1488,Shamela0012828,26,1179,1482,97,41
49,1279,1488,Shamela0012981,900,874,1169,99,41
49,1119,1488,Shamela0012981,1743,1,528,199,39
49,845,1488,Shamela0012981,2234,65,620,303,53
49,1,422,Shia002034Vols,560,1021,1453,305,82
49,1145,1488,Shia002034Vols,593,1,325,180,56
49,8,794,Shamela0021765,2197,498,1258,435,60
49,979,1329,Shamela0021765,2578,1278,1536,185,64
49,8,494,Shamela0023578,1872,1018,1471,337,84
49,917,1488,ShamAY0033623,28,293,844,294,56
49,8,845,ShamAY0033623,30,624,1430,466,60
49,8,463,Shamela0021766,2590,488,839,232,61
49,8,560,Shamela0012820,313,943,1465,398,87
49,957,1288,ShamAY0032775,29,1195,1448,181,67
49,8,463,Shamela0008658,1968,886,1449,286,62
49,849,1488,Sham19Y0148271,84,412,1112,405,67
49,1,711,Sham19Y0148271,2009,71,734,440,73
49,957,1488,Shamela0021570,394,911,1357,305,66
49,8,446,Shamela0021809,2677,758,1387,127,20
49,110,560,Shamela0021809,2678,1,430,338,92
49,876,1239,Shamela0012862,454,1229,1516,207,71
49,1041,1488,Shamela0001438,6166,25,483,322,82
49,1,347,Shamela0001438,7283,1092,1454,249,80
49,866,1488,Shamela0025794,2219,39,741,390,63
49,8,566,Shamela0025794,3415,676,1204,413,91
49,1,560,Shia002032,68,841,1418,430,91
49,957,1488,Shamela0001456,426,457,942,267,55
49,923,1488,Sham19Y0020868,532,504,1066,375,77
49,976,1488,JK009390,3046,971,1470,293,65
49,8,467,JK009390,3048,298,792,329,78
49,1,578,JK009390,6081,618,1119,347,70
49,976,1488,JK009390,6214,834,1341,358,81
49,1,560,Shamela0010664,1224,581,1124,401,87
49,1041,1488,Sham19Y0127677,4372,233,701,322,82
49,1,578,Sham19Y0127677,5249,201,702,345,70
49,1288,1455,JK000691,32,627,890,45,15
49,1,442,Shamela0021599,1439,5,413,264,69
49,8,513,Shamela0012884,3169,736,1392,303,56
49,1155,1488,Shamela0012884,3170,1,361,246,82
49,961,1488,JK000653,300,943,1417,261,54
49,991,1488,Sham19Y0013223,927,974,1374,221,54
50,695,1511,Shamela0010480,992,658,1472,532,72
50,645,1524,Shia002265Vols,4956,36,813,408,44
50,27,453,Shia002265Vols,4957,1048,1530,254,62
50,123,500,Shia001782Vols,2718,917,1293,269,83
50,590,1520,Shamela0009754,28,25,1430,522,39
50,123,500,Shamela0009567,579,709,1081,268,83
50,695,1479,Shia000047,18,428,1193,326,36
50,1,391,Shia001976Vols,620,1123,1506,263,75
50,1,528,Shamela0012981,1743,339,826,329,70
50,651,1524,Shamela0012981,2234,52,1006,645,80
50,528,805,Shia002034Vols,592,1176,1413,159,70
50,805,1524,Shia002034Vols,593,1,705,556,95
50,580,1305,Sham19Y0001729,409,1091,1512,292,48
50,915,1524,Sham19Y0001729,410,100,420,230,46
50,208,431,Sham19Y0013252,12454,698,917,145,73
50,695,1431,Shia001432Vols,23525,831,1528,309,37
50,1,714,Shamela0021765,2579,175,898,398,57
50,590,774,ShamAY0033623,27,1364,1538,123,78
50,534,1520,ShamAY0033623,28,44,1216,624,58
50,590,1199,Shia002231Vols,511,1140,1481,248,48
50,915,1524,Shia002231Vols,512,168,482,227,46
50,1,538,ShamAY0032775,30,226,774,354,74
50,123,500,Sham19Y0148271,84,1043,1414,265,81
50,164,728,Shamela0021570,395,1,462,286,60
50,1,742,Shamela0012862,455,226,927,418,60
50,27,500,Shamela0001438,6166,254,783,292,65
50,641,1135,Shamela0001438,7529,897,1513,303,52
50,123,504,Shamela0025794,2219,672,1052,271,83
50,608,1520,Shamela0001456,426,402,1325,576,69
50,123,383,Sham19Y0020868,532,997,1249,185,82
50,651,1444,JK009390,5709,816,1508,354,42
50,651,1169,JK009390,5728,10,646,313,51
50,123,419,JK009390,6214,1271,1563,204,80
50,123,500,Sham19Y0127677,4372,632,1001,267,84
50,651,1524,Sham19Y0127677,5483,650,1416,395,43
50,123,500,Shamela0012884,3170,292,662,267,83
50,590,1183,JK000653,300,855,1477,410,77
50,1186,1520,JK000653,301,1,314,202,69
50,654,1412,Sham19Y0013223,927,964,1422,326,52
50,1356,1524,Sham19Y0013223,928,1,157,103,73
51,561,1229,Shamela0010480,992,865,1388,186,32
51,1,320,Shamela0010480,993,16,423,147,38
51,671,1208,Shia002265Vols,4948,342,973,192,34
51,802,1394,Shia002265Vols,4956,383,925,190,34
51,269,1401,Shia001115Vols,229,66,895,255,24
51,671,1229,Shamela0009754,26,519,1136,191,36
51,561,1208,Shamela0009754,27,275,1061,224,33
51,287,1388,Shia000047,18,428,1365,263,22
51,671,1208,ShamAY0034282,2682,70,707,193,33
51,671,1208,ShamAY0033938,1498,460,1088,190,34
51,671,1208,Shamela0012981,1477,357,989,173,27
51,151,933,Shia002034Vols,1127,716,1476,560,85
51,933,1448,Shia002034Vols,1128,1,538,390,90
51,277,1248,Shia001432Vols,6486,1,569,196,22
51,1,309,Shia001432Vols,23526,92,382,149,54
51,243,1244,Shia001432Vols,23823,731,1354,219,24
51,671,1208,Shamela0001975,429,814,1444,188,34
51,287,555,Shia002170Vols,623,647,906,193,88
51,771,1208,Shamela0021659,588,10,495,150,35
51,671,1208,Sham19Y0020638,1260,641,1271,190,34
51,671,1208,Sham19Y0017616,471,823,1453,190,34
51,671,1208,ShamAY0034005,1150,41,644,193,35
51,788,1208,Sham19Y0122406,3975,204,665,139,33
51,561,1229,ShamAY0033623,26,176,957,214,32
51,561,1208,ShamAY0033623,27,95,879,224,33
51,671,1208,Shia001831Vols,543,464,1093,190,34
51,671,1229,Shamela0021563,23,19,666,206,37
51,151,491,Sham19Y0018144,1575,488,790,181,64
51,157,357,Shia003488Vols,160,1059,1232,132,83
51,671,1208,Shamela0010517,2134,802,1431,189,34
51,619,1418,Shamela0012929,660,6,712,434,65
51,703,924,Shamela0021715,5502,430,1069,114,23
51,671,1208,Shamela0026884,457,503,1112,194,35
51,671,1120,Shamela0001438,5746,924,1474,176,37
51,703,1208,Shamela0001438,6947,13,577,178,36
51,1,306,Shamela0001438,7530,144,413,139,59
51,671,1208,Shamela0001438,7998,540,1170,190,34
51,381,1248,Shia003749,481,143,589,165,23
51,157,555,ShamAY0032379,90,1092,1483,264,80
51,550,1229,ShamAY0033551,38,18,848,226,32
51,217,386,JK000022,623,499,657,111,82
51,671,1229,JK009390,5274,1,647,192,35
51,243,1214,JK009390,5709,816,1503,243,28
51,671,1084,Sham19Y0127677,4962,977,1523,155,34
51,151,491,ShamAY0032665,1575,398,700,181,64
51,561,1208,JK000624,94,352,1142,208,30
51,1,136,Shamela0012884,3170,532,677,95,84
51,703,1208,Shamela0004289,1207,50,619,180,36
51,357,1401,Shia002389Vols,1622,21,785,222,22
51,703,1128,Sham19Y0016584,2560,515,989,170,40
51,671,1229,JK011273,22,437,1074,199,36
51,703,1208,Sham19Y0132524,2887,196,782,174,33
51,1,306,Sham19Y0013223,928,157,399,153,61
52,214,1041,Shamela0011620,378,228,878,258,34
52,1,163,Shamela0009754,23,1377,1525,115,89
52,163,1531,Shamela0009754,24,1,1394,959,82
52,1,747,Shamela0012403,688,777,1496,543,87
52,747,1426,Shamela0012403,689,1,671,482,81
52,111,905,Shamela0012828,26,723,1345,274,41
52,1,354,ShamAY0033623,23,1202,1532,257,90
52,354,1531,ShamAY0033623,24,1,1210,821,81
52,96,285,Sham19Y0018144,1576,1,181,130,81
52,7,285,Shamela0030774,54,250,495,181,78
52,1,209,ShamAY0032665,1575,1341,1509,129,77
52,1054,1472,JK000624,96,652,1024,192,51
52,7,1369,JK000653,60,275,1531,948,84
53,19,1408,Shia001115Vols,229,1,1337,854,71
53,588,757,Shamela0001673,5404,728,884,119,87
53,65,1276,Shia001432Vols,6486,1,1168,804,80
53,1,814,Shia001432Vols,23823,713,1506,525,77
53,814,1276,Shia001432Vols,23824,1,445,302,78
53,991,1113,Shia001432Vols,38214,1048,1172,93,94
53,75,584,Shia001344Vols,490,750,1419,222,35
53,1,1020,Shia003700,207,498,1476,671,78
53,1020,1276,Shia003700,208,1,244,163,77
53,84,1276,Shia003749,481,46,1194,772,76
53,1,1099,Shamela0009107,618,538,1566,733,81
53,119,1276,Shia002389Vols,1622,21,1150,783,81
54,158,590,Shamela0011620,378,549,938,262,70
54,832,1444,Shamela0011620,378,810,1310,345,67
54,14,1422,Shamela0021537,1752,181,1523,864,69
54,14,980,Shamela0003118,1660,888,1452,396,48
54,590,1444,Shamela0003118,1661,1,930,524,62
54,14,1444,Shia002265Vols,4947,187,1487,839,66
54,14,838,Shamela0012403,118,585,1499,544,66
54,841,1504,Shamela0012403,119,5,654,359,61
54,14,686,JK000916,4418,749,1406,444,74
54,709,1523,JK000916,4419,9,797,456,61
54,14,1330,Sham19Y0016684,908,232,1515,816,69
54,7,1152,Shamela0023613,2994,442,1480,623,61
54,14,238,Shamela0010639,397,339,565,160,85
54,976,1321,Shia000841Vols,4390,1105,1415,205,70
54,14,801,Sham19Y0018103,1634,771,1549,489,68
54,720,1444,Sham19Y0018103,1635,20,578,394,66
54,375,1054,Shamela0037837,628,1,820,366,52
54,137,1444,Shamela0036191,10,1,1235,785,67
54,97,1444,Shamela0021550,388,1,1294,734,58
54,832,1444,Shamela0012034,908,995,1497,338,66
54,158,590,Shamela0012034,908,741,1124,257,70
54,14,1090,JK000021,2020,402,1527,709,69
54,1096,1526,JK000021,2021,10,380,227,65
54,14,900,Shamela0005756,7539,619,1502,544,66
54,900,1444,Shamela0005756,7540,1,477,330,73
54,14,1444,Sham19Y0013252,4195,129,1487,877,69
54,14,801,Sham19Y0013605,2153,196,1230,488,53
54,720,1444,Sham19Y0013605,2154,313,870,394,66
54,14,296,Shamela0001975,225,1172,1443,198,84
54,296,1444,Shamela0001975,226,1,1031,644,62
54,14,426,JK000001,1678,1120,1511,277,79
54,426,1450,JK000001,1679,18,977,518,53
54,14,1016,ShamAY0035035,6138,186,1126,411,37
54,14,1444,JK007065,472,142,1529,870,67
54,14,269,Shamela0021659,271,1213,1457,176,83
54,269,1444,Shamela0021659,272,1,1058,666,63
54,7,980,Shamela0009953,328,557,1566,626,68
54,980,1444,Shamela0009953,329,1,403,272,70
54,14,312,Shamela0011755,580,1315,1598,204,81
54,194,1444,Shamela0011755,581,8,1135,701,63
54,14,1152,JK001236,89,466,1570,683,66
54,14,345,Shamela0026389,226,1217,1568,236,76
54,345,1534,Shamela0026389,227,1,1228,662,58
54,14,467,Shamela0013150,7,1071,1519,317,80
54,503,1556,Shamela0013150,8,17,1066,614,62
54,709,1225,Sham19Y0020638,1261,714,915,121,27
54,1006,1303,JK009324,2077,739,986,163,64
54,995,1255,Sham19Y0127656,274,1259,1539,155,61
54,14,907,JK000110,543,650,1537,553,66
54,907,1444,JK000110,544,1,468,325,73
54,14,455,Sham19Y0014592,1986,1167,1568,300,81
54,455,1444,Sham19Y0014592,1987,1,939,550,61
54,14,280,Shamela0025800,2871,1295,1544,183,82
54,280,1444,Shamela0025800,2872,1,1144,688,63
54,7,1225,ShamAY0034352,28,368,1551,737,67
54,7,1152,Shamela0023635,5846,493,1520,616,61
54,976,1321,Shamela0010517,1368,823,1133,204,70
54,976,1321,Shamela0010517,1534,156,466,204,70
54,14,1039,Sham19Y0013572,523,510,1556,638,66
54,1039,1444,Sham19Y0013572,524,1,339,232,69
54,14,720,ShamAY0038083,51,814,1559,479,72
54,750,1444,ShamAY0038083,52,1,641,436,73
54,14,1467,Shamela0021715,3675,102,1494,888,68
54,14,524,Shia002069Vols,762,1019,1480,338,80
54,524,1551,Shia002069Vols,763,12,1012,578,60
54,14,1230,Shamela0001438,6941,392,1523,708,64
54,14,919,Shamela0001438,7986,668,1547,561,67
54,924,1444,Shamela0001438,7987,1,416,291,67
54,14,238,Sham19Y0023625,2759,598,825,161,86
54,228,1444,Sham19Y0023625,2760,328,1527,577,47
54,14,223,Shamela0009631,117,1380,1588,157,88
54,244,1450,Shamela0009631,118,11,1112,608,53
54,14,686,Sham19Y0014088,259,859,1467,422,75
54,686,1444,Sham19Y0014088,260,10,711,450,67
54,14,1152,Sham19Y0018106,1632,392,1488,693,67
54,14,576,Sham19Y0018176,876,1035,1538,353,74
54,586,1444,Sham19Y0018176,877,1,846,518,66
54,14,845,JK009390,485,662,1496,517,66
54,855,1444,JK009390,486,1,473,330,68
54,7,571,Shamela0021629,600,744,1432,329,52
54,69,931,Shamela0021629,713,13,533,247,29
54,14,704,Sham19Y0127677,4961,779,1427,431,70
54,709,1444,Sham19Y0127677,4962,5,607,411,65
54,1016,1444,Shamela0038740,838,56,420,259,72
54,14,966,Shamela0003485,312,590,1549,511,55
54,69,1217,Shamela0000107,275,391,1536,498,46
54,14,686,Shamela0025791,363,819,1465,423,71
54,670,1444,Shamela0025791,364,29,691,438,67
54,14,686,JK000624,92,726,1429,426,65
54,709,1534,JK000624,93,9,834,466,59
54,14,202,Shamela0012014,5,1308,1491,135,84
54,202,1444,Shamela0012014,6,1,1211,677,58
54,7,1050,JK000383,29,558,1583,649,68
54,1050,1444,JK000383,30,1,333,234,71
54,14,304,Sham19Y0016584,1777,1243,1517,200,82
54,686,1152,Sham19Y0016584,1778,1070,1518,275,63
54,315,686,Sham19Y0016584,1778,1,335,224,72
54,14,571,Shamela0036446,1286,1032,1568,354,70
54,581,1444,Shamela0036446,1287,5,862,513,64
54,14,1096,Shamela0096283,186,471,1540,677,68
54,14,686,Sham19Y0013223,49,1021,1652,411,69
54,686,1444,Sham19Y0013223,50,41,719,422,62
54,14,931,Sham19Y0013223,902,931,1461,303,36
54,14,449,Sham19Y0013223,926,1116,1512,299,82
56,8,402,ShamAY0033945,628,17,519,189,42
56,937,1305,Shamela0000956,501,917,1236,182,56
56,352,931,Shamela0021765,2199,184,674,286,57
56,131,926,Shamela0022921,155,6,416,113,14
56,1,638,Shamela0038202,14,17,837,333,43
56,474,883,Shamela0006262,2,698,1172,177,35
56,8,409,Shamela0001733,1413,847,1461,204,38
56,937,1406,Shia003616Vols,1369,529,1030,344,83
57,373,819,Shamela0030294,22,113,940,148,21
57,167,373,Shia002265Vols,1160,689,910,153,88
57,110,353,Sham19Y0023618,1708,1328,1553,158,77
57,167,373,Sham19Y0122096,2994,532,747,154,91
57,144,373,Shia002261Vols,300,485,726,158,82
57,6,373,JK000021,2010,467,831,246,79
57,167,373,JK001297,309,822,1018,147,90
57,167,369,Shamela0001975,675,6,217,151,91
57,6,373,ShamAY0033945,607,418,773,249,83
57,6,373,ShamAY0033945,2380,322,692,248,83
57,1135,1487,ShamAY0033945,2443,767,1197,223,63
57,167,373,Shamela0021659,1034,720,935,154,91
57,110,373,JK001236,52,1062,1317,185,85
57,107,373,Zaydiyya0000067,64,710,954,166,75
57,110,373,Shamela0005922,3094,557,772,160,76
57,167,377,Shamela0021660,3872,500,801,149,62
57,1176,1434,Sham19Y0148486,923,528,814,173,71
57,1,373,Sham19Y0148486,6512,704,1063,262,87
57,1257,1418,Shamela0008544,1346,758,906,117,90
57,1176,1357,Sham19Y0017798,2505,181,365,123,76
57,167,369,Shamela0021809,3025,92,391,140,57
57,6,373,Shamela0026884,235,872,1229,258,86
57,163,373,Shamela0001438,2691,933,1145,150,86
57,110,364,ShamAY0034066,1332,1387,1606,152,73
57,477,891,Shamela0026561,1,158,534,167,38
57,52,373,JK009390,1632,656,929,180,70
57,167,373,Sham19Y0127677,1663,65,286,154,89
57,29,373,Sham19Y0127677,8862,1,344,240,85
57,1,204,Shamela0026324,4035,1074,1222,100,63
57,167,377,Sham19Y0018272,1643,682,978,149,64
57,1211,1362,Sham19Y0146127,466,1302,1454,98,73
57,29,369,Sham19Y0146127,3610,237,540,232,86
57,79,377,Shamela0012884,1117,388,660,190,81
57,855,1311,ShamAY0038135,7,6,469,190,38
57,477,975,Shia001959,3,985,1401,244,57
58,349,576,Shamela0010463,455,545,754,144,75
58,378,576,Shamela0009242,1155,775,914,96,60
58,378,576,Shamela0009242,1156,437,576,96,60
58,191,576,Shamela0013041,464,1071,1419,248,81
58,17,488,Shamela0013178,390,375,775,154,32
58,414,856,Sham19Y0020989,1222,20,432,159,33
58,221,571,Sham19Y0020989,2486,1124,1463,226,78
58,184,816,Shamela0009076,354,678,1288,266,47
58,197,816,Shamela0000772,90,789,1269,259,50
58,197,811,Shamela0096233,129,820,1397,251,46
58,221,816,Shia001976Vols,1286,755,1233,261,51
58,372,580,Shamela0007266,136,1,186,126,72
58,250,791,Sham19Y0014601,2268,781,1069,134,29
58,349,576,Shamela0095735,214,918,1127,144,75
58,244,816,Sham19Y0127660,850,170,793,212,33
58,221,400,Shamela0012981,630,1194,1359,109,78
58,400,580,Shamela0012981,631,1,164,107,72
58,414,576,JK001297,247,709,816,68,54
58,191,729,Shia002034Vols,2163,968,1411,303,67
58,256,816,ShamAY0031687,446,760,1250,224,44
58,244,363,Shamela0008540,1636,964,1088,84,85
58,221,363,JK000475,124,1228,1380,89,75
58,381,816,JK000475,125,9,390,225,56
58,202,816,JK000475,299,663,1225,328,62
58,336,545,Shia000055Vols,523,1247,1419,124,75
58,221,580,JK000055,267,1014,1352,237,83
58,405,576,Shamela0006610,277,1,168,110,74
58,191,860,Shamela0117359,346,614,1158,185,29
58,943,1240,Shamela0008381,1082,138,529,148,47
58,943,1240,Shamela0008381,1383,446,841,148,47
58,210,822,Shamela0000956,533,148,724,306,58
58,221,576,Shamela0007891,451,525,854,233,82
58,244,852,ShamAY0034011,49,15,430,167,30
58,336,852,Shamela0006227,260,375,930,213,40
58,349,852,Shamela0006227,296,708,1228,220,46
58,221,576,Shamela0023700,2185,618,916,171,58
58,210,363,Shamela0011385,2629,998,1156,93,75
58,184,816,Sham19Y0148486,1480,338,1101,329,49
58,363,627,Shamela0008544,1243,539,866,152,53
58,244,440,ShamAY0034123,899,1334,1527,120,76
58,221,580,ShamAY0034123,900,119,451,228,79
58,244,410,Shamela0003722,657,1012,1178,98,73
58,191,576,Shamela0003722,1996,988,1361,277,88
58,580,852,Shamela0003722,1997,152,435,199,84
58,336,1062,Shamela0010657,492,1,971,190,20
58,244,414,Shamela0001442,223,911,1051,89,67
58,17,816,Shamela0006262,9,485,1208,346,49
58,191,576,Sham19Y0148271,1842,924,1289,247,81
58,191,580,Sham19Y0148271,1922,663,961,156,53
58,221,791,Sham19Y0148271,3141,378,753,113,21
58,256,1062,JK009408,1888,69,683,244,32
58,191,567,Shamela0021809,2181,302,637,235,78
58,230,816,Shamela0021809,2419,563,1397,222,29
58,250,576,Sham19Y0016599,1104,640,896,148,57
58,17,816,Shamela0001733,3550,31,738,353,56
58,217,567,Shamela0012872,90,314,594,202,72
58,184,576,Shamela0009810,510,864,1193,159,45
58,197,816,Sham19Y0131336,640,774,1379,312,54
58,1,545,Sham19Y0131336,727,920,1424,245,45
58,217,488,Sham19Y0131336,728,166,390,131,61
58,281,791,JK000134,274,460,709,140,34
58,256,580,JK000481,103,172,409,147,57
58,191,386,Shia001881,19,1209,1377,102,69
58,184,580,Shia001731Vols,273,516,844,165,54
58,244,955,JK000679,31,43,583,179,28
58,184,567,Shamela0025794,405,18,377,242,79
58,191,791,Shamela0025794,3214,957,1435,212,39
58,244,816,Shamela0025794,3215,106,586,271,54
58,181,576,Shamela0001456,312,963,1262,154,51
58,260,567,JK011593,86,1,231,164,67
58,191,363,Shamela0000782,146,1290,1465,102,72
58,381,816,Shamela0000782,147,5,557,221,43
58,943,1225,Shamela0000782,1157,494,880,146,47
58,346,567,Sham19Y0127677,6873,1190,1357,127,72
58,250,580,Sham19Y0127677,7983,293,561,158,60
58,256,1062,Shamela0022848,114,761,1239,215,32
58,256,580,JK000477,331,324,564,146,58
58,181,363,Shamela0026324,4080,156,332,106,75
58,346,580,Shamela0010443,149,323,525,151,81
58,346,1066,Sham19Y0017903,229,95,605,207,28
58,349,580,Shamela0000137,1325,659,936,144,58
58,346,576,Shamela0001875,388,866,1235,155,50
58,349,576,Sham19Y0146127,753,1,493,133,31
58,244,414,Sham19Y0150639,149,1247,1387,89,67
58,363,580,Shamela0011816,37,1121,1390,124,54
58,191,761,Zaydiyya0000342,364,338,896,259,46
58,244,469,Sham19Y0149213,518,414,591,136,77
58,256,627,Sham19Y0013223,222,267,568,160,54
59,1009,1377,Zaydiyya0000015,826,1,315,219,73
59,695,1445,Sham19Y0017063,218,468,1174,408,61
59,911,1426,Shamela0001404,186,963,1256,118,24
59,874,1439,Shia002616Vols,128,1009,1506,349,74
59,955,1421,Shamela0029882,158,423,873,220,50
59,894,1445,Sham19Y0014601,1706,375,1016,336,60
59,814,1445,JK007016,50,21,632,387,69
59,1105,1445,Shia002394Vols,979,13,454,216,57
59,837,1445,Shamela0008540,1275,14,517,328,66
59,885,1288,JK001236,76,1191,1534,263,81
59,1288,1445,JK001236,77,1,158,104,77
59,837,1445,Shamela0117359,268,576,1113,390,77
59,874,1377,Sham19Y0020944,201,1049,1476,322,79
59,791,1254,Sham19Y0132971,410,1214,1589,252,63
59,1264,1445,Sham19Y0132971,411,1,173,117,76
59,837,1445,Shamela0007891,781,456,997,391,78
59,332,746,Shamela0021765,2199,44,621,180,37
59,850,1439,JK000533,2925,942,1431,339,70
59,837,1240,Sham19Y0020591,359,730,1064,216,66
59,1131,1445,Sham19Y0020591,360,108,400,203,77
59,660,1307,Shamela0025800,868,1022,1498,309,59
59,1112,1445,Shamela0008544,1266,141,429,197,74
59,993,1445,Shamela0038202,25,1,454,355,98
59,23,351,Sham19Y0017878,135,1135,1466,153,51
59,20,351,Sham19Y0017878,537,1099,1422,149,42
59,640,1445,ShamAY0034123,886,501,1186,375,51
59,824,1445,Shamela0003722,2997,87,721,475,91
59,824,1445,JK009408,2104,130,730,424,80
59,837,1445,Shamela0021809,3170,592,1099,357,72
59,824,1076,Shamela0001733,4353,1187,1439,193,90
59,1076,1445,Shamela0001733,4354,1,374,290,98
59,961,1325,Sham19Y0127700,186,1181,1473,174,62
59,874,1445,JK000216,247,341,849,365,78
59,807,1445,JK000481,334,343,946,421,80
59,911,1421,Shamela0008176,1282,956,1244,170,42
59,589,791,JK000022,1058,245,508,134,59
59,633,1283,Shamela0021481,254,834,1478,342,57
59,837,1445,Shamela0008970,201,747,1282,373,73
59,1195,1445,eScr20112614,53,1,246,127,59
59,837,1445,Sham19Y0131521,1419,313,849,390,77
59,894,1061,Sham19Y0131521,1426,400,750,106,36
59,928,1439,Shia003732Vols,3976,1056,1450,224,53
59,1131,1445,Sham19Y0018272,888,311,534,133,47
59,911,1426,Shamela0012884,35,919,1354,288,66
59,955,1348,Shamela0001535,317,1114,1459,151,36
59,1088,1445,Shamela0036446,1299,1203,1524,219,75
59,667,1445,Sham19Y0013223,214,352,1015,415,65
60,1076,1473,Shia002265Vols,5101,304,644,243,73
60,174,561,Shia001976Vols,409,642,922,191,63
60,919,1379,ShamAY0033603,42,485,902,256,68
60,285,561,Sham19Y0001729,1871,375,643,174,76
60,320,964,Shamela0021765,2156,425,1296,363,47
60,7,447,Shamela0023578,58,351,871,193,45
60,1048,1450,Shia004092Vols,9076,1215,1546,238,71
60,332,561,Shamela0021570,372,497,700,160,87
60,13,248,ShamAY0034134,324,201,427,164,85
60,328,561,ShamAY0034134,636,561,791,170,90
60,110,555,Shamela0012872,75,70,563,215,46
60,7,429,ShamAY0032826,80,601,1132,210,43
60,7,424,ShamAY0032826,81,943,1464,227,51
60,1076,1473,Shamela0001438,5583,837,1173,235,71
60,174,561,JK000022,2224,396,776,207,62
60,1048,1444,JK009390,5289,1220,1539,233,71
60,1048,1393,JK009390,5953,1257,1536,204,71
60,1076,1473,Sham19Y0127677,3671,4,341,234,71
61,506,869,Shia002265Vols,5098,1145,1469,214,72
61,869,1460,Shia002265Vols,5099,5,590,427,89
61,1,396,Shia002265Vols,5101,650,1025,294,89
61,513,1247,Shamela0001673,9448,308,797,217,32
61,1075,1460,Shia002213,134,999,1313,239,77
61,1,513,ShamAY0033603,42,897,1531,334,61
61,513,1460,ShamAY0033603,43,1,907,606,76
61,1037,1460,Shamela0012981,295,104,477,287,85
61,475,1460,JK000475,2238,156,1032,639,80
61,396,801,Shamela0003722,2828,1022,1401,280,85
61,801,1460,Shamela0003722,2829,1,662,505,95
61,1174,1441,Shia004092Vols,3961,1217,1496,208,90
61,1,696,Shia004092Vols,9077,20,643,353,53
61,506,1254,Shia004092Vols,9083,743,1480,516,82
61,1,376,Shamela0001438,5583,1179,1534,279,89
61,634,1460,Shamela0001438,5834,1,797,575,86
61,435,1247,JK000022,70,717,1456,514,76
61,1251,1460,JK000022,71,1,213,166,95
61,499,1426,JK009390,5287,600,1456,595,77
61,1,696,JK009390,5290,38,556,350,61
61,251,1365,JK009390,5951,516,1457,599,60
61,1,696,JK009390,5954,93,612,351,61
61,1,396,Sham19Y0127677,3671,347,723,295,89
61,506,1460,Sham19Y0127677,3703,235,1162,654,83
61,226,1097,JK000735,178,669,1437,394,46
61,1097,1460,JK000735,179,1,355,262,86
62,245,723,Shamela0005756,12878,848,1215,252,64
62,245,493,Sham19Y0013252,8110,1330,1511,125,65
62,267,737,Sham19Y0013605,3928,649,1075,259,60
62,241,627,Shamela0008493,12,1113,1475,275,86
62,627,788,Shamela0008493,13,1,133,88,66
62,318,737,Shamela0021765,2146,381,813,270,68
62,241,766,Shia004092Vols,9090,889,1373,364,85
62,1019,1402,Shia004092Vols,9091,1040,1491,151,35
62,377,1217,Shamela0013132,186,722,1469,283,34
62,872,1238,JK009408,2272,597,939,168,49
62,241,723,ShamAY0034134,607,452,886,317,79
62,245,746,Shamela0021715,8372,1108,1505,264,63
62,245,746,Sham19Y0018106,3399,950,1345,260,63
62,813,1195,Shamela0029778,15,1016,1441,193,49
62,245,737,Sham19Y0018176,1993,914,1317,261,62
62,34,979,JK000022,1536,598,1431,427,50
62,191,984,Shamela0008970,115,418,1217,400,51
62,245,681,Sham19Y0016584,3681,33,472,256,62
63,580,1057,Sham19Y0014119,268,1,395,241,59
63,567,820,Shamela0021537,5745,1313,1483,107,54
63,541,898,Shamela0003118,4054,1107,1441,242,83
63,898,1229,Shamela0003118,4055,1,215,159,59
63,505,1154,Shamela0009395,5,35,658,278,45
63,529,1079,SHAM19Y23644,1621,964,1449,246,50
63,1381,1489,Shamela0026542,184,166,274,83,100
63,483,1172,JK000916,13610,676,1308,444,78
63,1132,1489,Shamela0026878,256,584,891,122,39
63,1358,1489,ShamAY0033603,26,239,372,88,81
63,1316,1489,ShamAY0033603,38,869,1051,85,47
63,510,1079,Sham19Y0018103,3713,1,445,222,43
63,524,1079,ShamAY0032925,6,244,759,241,45
63,567,1079,Shamela0021578,8,215,520,188,45
63,1322,1489,JK000021,291,1272,1464,99,62
63,524,1079,Sham19Y0001729,1868,804,1347,252,44
63,505,1079,Shamela0005756,14000,773,1227,234,45
63,458,939,Shamela0022547,1772,922,1425,239,50
63,505,981,Sham19Y0013252,9301,1170,1511,167,42
63,564,1079,Sham19Y0038171,838,504,1268,254,36
63,505,922,Sham19Y0013605,4423,420,703,142,40
63,501,1214,Shamela0029772,6,186,894,313,45
63,1139,1489,ShamAY0033945,1511,766,1192,152,40
63,564,740,ShamAY0035035,3312,1023,1519,115,29
63,567,931,JK001236,148,977,1529,152,28
63,1381,1489,Shamela0026389,184,32,141,83,99
63,567,1079,JK009324,3449,254,640,193,40
63,505,1079,JK000110,1659,358,808,223,43
63,458,1219,Sham19Y0013667,4953,605,1405,339,45
63,567,1057,Sham19Y0016976,796,844,1241,241,57
63,598,939,Shia004092Vols,9089,106,290,119,43
63,421,1229,Shia004092Vols,9091,192,810,307,42
63,571,1229,Shia004092Vols,9092,38,665,242,38
63,564,1229,Shia004092Vols,12189,868,1367,227,38
63,571,1014,Shia004092Vols,12190,1120,1513,241,66
63,458,959,Shia004092Vols,12194,1013,1510,240,50
63,501,1229,Sham19Y0017535,26,872,1448,258,40
63,567,1057,Sham19Y0017791,783,382,779,241,57
63,671,931,Sham19Y0017791,783,1045,1456,128,36
63,598,939,JK000201,4095,1282,1467,119,43
63,783,1188,Shia002003Vols,1396,1,333,197,58
63,458,1201,Shia002003Vols,1485,81,785,282,38
63,496,1229,Sham19Y0148271,1658,368,1052,315,48
63,1316,1489,JK009408,79,1136,1279,86,63
63,532,1079,Shamela0006025,630,189,747,266,51
63,1084,1489,Shamela0005737,18,876,1210,144,38
63,662,922,Shamela0021715,9506,696,981,131,49
63,571,1229,JK001012,114,77,674,235,36
63,571,1079,Shamela0021713,1396,706,1147,282,68
63,295,623,Shamela0008176,3207,695,879,107,40
63,505,1057,Shamela0025794,257,1000,1512,245,48
63,501,913,Shamela0012750,373,1045,1428,287,86
63,913,1192,Shamela0012750,374,1,318,154,56
63,505,1014,Sham19Y0018106,3769,1103,1491,191,43
63,787,1229,Shamela0001456,26,1,370,211,55
63,496,1079,Sham19Y0018285,128,80,528,227,43
63,505,1079,Sham19Y0018176,2251,870,1321,223,43
63,594,1079,JK000022,1536,30,474,240,55
63,552,1079,JK009390,5952,794,1198,172,36
63,555,1079,Shamela0012031,313,15,476,259,55
63,559,1079,Sham19Y0037618,2410,1000,1438,264,59
63,571,1079,Sham19Y0016584,4163,1,395,192,41
63,505,1079,Shamela0023764BK3,262,489,1041,262,50
64,343,1245,JK009332,13,627,1508,438,52
64,234,915,Shamela0010480,238,355,992,460,82
64,183,1111,Shia002265Vols,5100,521,1475,447,49
64,343,1366,Shia001782Vols,3520,186,1347,551,52
64,464,1194,Shamela0009567,956,315,915,286,39
64,478,915,Shamela0001673,9446,1289,1482,121,34
64,1,245,Shamela0026542,184,274,517,160,76
64,407,1366,ShamAY0034447,718,1,1097,539,54
64,1,374,Shia001976Vols,95,1102,1459,200,60
64,1,379,Shia001976Vols,110,425,811,205,57
64,1,234,Shia001976Vols,159,597,815,164,86
64,1,228,Shamela0026878,256,891,1133,169,86
64,478,1216,ShamAY0034634,2,49,656,307,42
64,1,284,JK000021,292,1,324,173,61
64,1,169,JK000475,2237,1353,1506,124,89
64,263,1241,Shia001270Vols,351,68,1116,512,52
64,1,228,Shamela0026389,184,141,364,166,90
64,1,393,Shamela0021765,2147,799,1162,211,58
64,276,1366,JK000533,3386,370,1304,504,50
64,245,669,Shamela0000347,592,1110,1490,268,78
64,669,915,Shamela0000347,593,1,239,186,93
64,315,1023,Shia004092Vols,4020,85,443,241,41
64,464,1270,Shia004092Vols,9076,77,913,401,50
64,165,747,Shia004092Vols,9078,123,772,313,59
64,315,1224,Shia004092Vols,9229,496,1490,485,53
64,1,379,Shia004092Vols,12192,25,382,198,58
64,315,1216,Shamela0006617,420,601,1438,384,42
64,387,1216,Shamela0006617,954,6,891,412,50
64,478,1208,Shamela0004473,2839,161,766,288,38
64,1,228,JK009408,79,1279,1491,158,85
64,360,1366,Shamela0010646,1796,453,1241,453,48
64,1,383,Sham19Y0036114,555,950,1326,191,54
64,1,228,Shamela0005640,28,317,523,150,81
64,1,219,Shamela0005737,18,1210,1441,166,88
64,284,1326,Shamela0001438,5488,266,1380,551,53
64,464,1220,Shamela0025794,202,284,891,286,38
64,1,325,Shamela0025794,274,149,485,192,65
64,411,1216,Shamela0004445,3111,1,923,411,48
64,1,228,JK000022,71,418,632,159,85
64,1,379,JK000022,1665,938,1327,201,56
64,407,1366,Shia003702,24,301,1402,499,49
64,289,1518,JK009390,5289,35,1240,591,50
64,289,1398,JK009390,5953,42,1158,564,52
64,96,666,Sham19Y0127677,3637,925,1455,293,60
64,464,1220,Sham19Y0127677,3638,60,648,280,38
64,1,228,Sham19Y0127677,20327,878,1089,161,87
64,318,1241,Shamela0012031,312,430,1432,463,48
64,1,397,JK000735,178,606,1039,209,52
64,350,1366,Shia003732Vols,4820,19,799,375,39
64,350,1270,Shia003729Vols,89,531,1443,407,45
64,343,1216,Shamela0012731,13,695,1551,421,51
64,96,1366,Sham19Y0013223,634,240,1541,616,48
65,762,1267,Shia002265Vols,5097,6,519,360,80
65,1,349,Shia002265Vols,5099,648,952,211,75
65,819,1205,Shamela0008657,570,58,433,262,77
65,693,1267,Sham19Y0001729,2364,608,1142,352,70
65,842,1478,ShamAY0035249,86,1,598,354,59
65,476,1267,JK000475,1948,708,1500,438,57
65,78,616,Shamela0008493,13,193,687,171,31
65,1,616,Shamela0021765,2146,416,983,280,46
65,1267,1512,Shamela0003722,3842,189,387,147,73
65,1,291,Shia004092Vols,9072,28,292,202,81
65,750,1267,Shia004092Vols,9087,598,1115,384,87
65,693,1267,Shia004092Vols,9088,161,685,352,70
65,120,616,Shia004092Vols,9091,1,377,149,38
65,1267,1512,Shia004092Vols,12190,469,668,147,73
65,73,616,Shamela0013132,186,794,1310,197,37
65,1,291,Shamela0001438,5520,1337,1587,192,81
65,744,1267,Shamela0001438,5593,503,1000,361,81
65,560,1178,Shamela0025794,232,954,1409,145,23
65,1,291,JK000022,438,735,1006,200,79
65,750,1267,JK009390,5285,1017,1516,369,84
65,1,291,JK009390,5288,87,335,188,78
65,750,1131,JK009390,5949,1160,1517,274,86
65,10,291,JK009390,5952,129,387,191,77
65,1,349,Sham19Y0127677,3731,987,1273,214,76
65,750,1156,Sham19Y0127677,4042,1138,1530,299,87
65,1,197,Sham19Y0127677,13127,1255,1457,138,77
65,872,1205,Shamela0001001,102,653,835,126,43
66,293,609,Shia002265Vols,5060,1019,1313,160,58
66,293,609,Shia001782Vols,1485,1002,1373,198,66
66,245,545,Shamela0009567,842,136,418,197,82
66,552,907,ShamAY0033603,46,28,444,223,57
66,183,794,ShamAY0033599,208,351,704,191,37
66,198,545,JK000021,1745,521,880,181,56
66,183,928,Sham19Y0038171,1621,198,721,319,50
66,188,928,ShamAY0035035,6278,902,1403,318,52
66,11,907,Shamela0117359,728,870,1454,265,34
66,63,907,Sham19Y0020591,1104,13,557,259,36
66,552,794,Sham19Y0020591,1833,984,1485,158,38
66,188,940,JK000482,282,733,1455,457,70
66,15,171,Shamela0003722,3842,392,573,118,77
66,320,940,Shamela0003722,4847,1,601,402,74
66,198,907,Shamela0001442,553,964,1396,213,35
66,201,794,Shia004092Vols,3954,718,1270,387,80
66,216,907,Shia004092Vols,3960,743,1095,217,40
66,552,794,Shia004092Vols,9051,488,720,153,70
66,293,989,Shia004092Vols,9086,657,1390,439,68
66,552,794,Shia004092Vols,9228,777,998,156,73
66,15,632,Shia004092Vols,12190,673,971,194,39
66,552,794,Shia004092Vols,12895,1100,1321,158,74
66,293,545,Shamela0001438,5820,72,259,126,64
66,171,486,Shamela0025794,289,1193,1480,177,66
66,486,989,Shamela0025794,290,1,555,320,64
66,188,545,JK000786,2413,78,402,152,46
66,264,545,JK000786,2970,831,1049,136,59
66,63,928,JK000022,71,500,1390,510,65
66,188,893,JK000022,438,5,564,266,37
66,293,545,JK009390,5279,86,294,146,73
66,293,609,Sham19Y0127677,3732,337,610,160,62
66,570,893,Shamela0001001,45,398,696,179,60
66,45,907,Sham19Y0131521,4207,19,590,266,36
67,438,1517,Shia001782Vols,3552,338,1408,826,92
67,581,764,Sham19Y0014462,201,181,391,137,82
67,313,869,Shamela0009270,135,825,1436,345,67
67,808,1495,Shamela0009270,136,7,671,451,73
67,254,541,Shamela0001733,5020,1198,1523,226,88
67,541,1517,Shamela0001733,5021,1,974,778,98
67,438,1517,ShamAY0033182,3542,331,1420,859,97
68,117,793,Zaydiyya0000379,291,650,896,193,35
68,7,753,Shamela0010480,334,1144,1463,207,34
68,1,793,JK000918,127,313,656,244,38
68,499,950,Shia002265Vols,5102,1154,1505,259,72
68,174,1270,Shia002265Vols,5103,1,485,333,37
68,134,793,Sham19Y0017063,535,1025,1260,156,27
68,499,793,Shia001782Vols,3551,938,1220,216,92
68,1116,1367,ShamAY0032774,4,1191,1424,170,86
68,117,712,Sham19Y0122257,1485,1340,1499,105,21
68,53,678,Sham19Y0014601,6080,1248,1425,136,27
68,53,940,Sham19Y0014601,6081,291,858,193,21
68,114,726,Shamela0010639,92,1321,1501,142,29
68,114,968,Shamela0010639,105,490,884,222,32
68,96,793,Sham19Y0145212,1736,650,888,167,28
68,53,871,Zaydiyya0000229,205,778,1173,259,38
68,355,739,Shia002034Vols,1702,1114,1424,238,77
68,1088,1449,Shamela0022547,468,287,661,209,63
68,64,950,JK000475,1588,535,1008,246,32
68,93,1012,JK000475,2227,1,417,271,36
68,1126,1449,Shamela0029972,16,452,753,219,85
68,1116,1405,JK001171,102,1186,1416,166,72
68,117,1001,JK001236,153,176,581,233,32
68,1,968,Shamela0117359,1160,890,1368,266,33
68,83,626,Shamela0023644,1495,214,579,189,36
68,940,1449,ShamAY0033949,212,98,564,302,71
68,96,968,Sham19Y0020944,1188,623,1183,221,26
68,1126,1449,Shia002158,177,415,733,229,86
68,114,968,Sham19Y0020591,1830,833,1213,217,30
68,117,793,Shamela0008360,373,460,700,170,30
68,117,793,Sham19Y0014309,1089,77,331,145,24
68,121,950,Shamela0025800,918,356,693,199,28
68,1171,1449,Shamela0010835,193,11,270,190,83
68,156,793,Shamela0009270,199,1,208,164,31
68,361,954,Shamela0009270,315,507,1094,325,67
68,7,950,Shamela0013132,179,602,1132,301,37
68,1,913,Shamela0026588,3,312,935,303,36
68,114,968,ShamAY0034134,550,625,1001,230,33
68,7,355,ShamAY0034134,551,354,739,263,85
68,361,641,ShamAY0034134,551,1210,1451,149,63
68,114,968,ShamAY0034134,621,98,478,219,31
68,114,974,Sham19Y0127700,190,1076,1462,218,30
68,147,793,Zaydiyya0000259,273,357,562,159,30
68,607,793,Shamela0001438,260,533,717,146,97
68,470,811,Shamela0001438,5896,951,1263,229,85
68,114,705,Sham19Y0023625,920,1184,1343,124,26
68,114,968,Sham19Y0023625,961,443,816,218,31
68,130,793,Shamela0008176,3225,1238,1459,153,27
68,7,871,Shamela0010803,353,959,1427,275,39
68,53,871,Zaydiyya0000352,239,48,450,256,37
68,7,950,Shamela0013068,272,109,704,272,31
68,36,950,Shamela0008970,119,654,1184,280,35
68,588,840,JK009390,2959,826,1079,170,81
68,499,996,JK009390,5291,27,403,256,63
68,1144,1449,ShamAY0032970,16,1042,1295,193,78
68,499,811,Sham19Y0127677,4107,149,444,225,90
68,1,793,Sham19Y0127677,17788,29,387,239,37
68,1,875,Sham19Y0131521,6596,1011,1448,251,33
68,1116,1314,Shamela0030592Vols,190,1268,1459,137,83
68,19,1012,JK000735,167,448,946,309,38
68,83,954,Shamela0012884,1887,1013,1440,222,28
68,19,779,JK000698,35,1145,1497,233,36
68,19,950,JK001202,17,907,1395,262,31
68,147,950,Shamela0036446,1321,817,1140,170,23
69,1,342,ShamAY0032774,5,85,432,185,60
69,1,342,Shamela0029972,16,753,1093,179,63
69,1,342,JK001171,103,45,384,182,63
69,1,342,ShamAY0033949,212,564,904,212,73
69,1,218,Shia002158,177,733,963,140,77
69,1,179,Shamela0010835,193,270,451,135,95
69,1,195,Shamela0096178,86,114,318,139,85
69,1,256,Shamela0030592Vols,191,136,364,156,74
69,1,342,Shamela0008244,121,652,966,144,49
70,249,546,Shamela0026576,8,775,1042,190,76
70,249,769,Shia001976Vols,390,94,597,237,47
70,315,542,ShamAY0033938,1486,1,219,162,83
70,720,1255,Shamela0022547,468,321,845,251,50
70,144,542,JK000475,2231,767,1096,198,61
70,249,570,Sham19Y0020638,1251,148,492,216,72
70,305,661,Shamela0007891,747,1,328,219,72
70,249,542,Sham19Y0122406,3953,1239,1511,197,79
70,168,542,Shamela0026731,203,500,889,212,61
70,231,570,Shamela0005610,60,179,515,242,83
70,272,542,JK000735,172,1,244,171,76
70,195,542,Shamela0004289,1192,108,460,209,64
70,141,542,JK000653,89,921,1298,202,52
71,31,313,Shamela0001733,889,98,378,108,38
71,1,563,Shamela0001733,4167,161,737,190,32
72,1259,1411,Shamela0005610,60,522,661,108,91
72,923,1377,Sham19Y0036114,555,524,969,215,50
72,561,1014,Shia002069Vols,626,18,437,169,46
72,1004,1391,Shamela0025794,1447,1,330,201,63
72,931,1377,Shamela0025794,1470,126,487,232,64
72,1259,1411,Shia001887Vols,2562,208,347,108,91
72,954,1226,Shamela0098087,46,641,896,174,77
73,556,1261,Shamela0037837,818,600,962,242,41
73,7,377,JK009390,212,370,645,146,42
73,7,164,Sham19Y0127677,173,59,276,109,61
74,1032,1310,Sham19Y0014119,271,1086,1409,202,75
74,1117,1310,Shamela0021537,3864,93,327,122,57
74,1058,1205,Sham19Y0017063,537,1403,1558,117,94
74,1117,1310,Sham19Y0145212,1739,23,282,148,71
74,1067,1310,Tafsir02096,2005,948,1342,168,53
74,1058,1310,Shamela0012034,448,39,333,179,75
74,846,1310,Sham19Y0001729,1872,1179,1448,163,39
74,1117,1310,Sham19Y0038171,839,1049,1324,153,69
74,1058,1310,ShamAY0034364,59,907,1225,184,71
74,1117,1310,JK000001,646,983,1257,153,69
74,978,1368,Shamela0009642,25,70,514,210,55
74,846,1310,Shamela0009642,294,10,304,165,38
74,1117,1310,Shamela0007289,659,906,1186,151,67
74,1058,1310,Shamela0007289,3514,1188,1506,184,71
74,1024,1422,JK000475,1574,55,470,215,56
74,1058,1310,JK000368,228,353,672,181,67
74,791,1422,Shamela0117359,1160,265,997,287,44
74,960,1310,Shamela0012991,257,21,405,210,66
74,1045,1310,Sham19Y0020944,1188,196,548,203,72
74,1035,1310,Shamela0008360,374,837,1157,202,76
74,1117,1310,Shamela0025800,916,1175,1449,150,68
74,1032,1310,Sham19Y0132415,1035,138,479,213,78
74,1032,1310,Sham19Y0016976,801,936,1273,213,80
74,1067,1310,Shamela0012293,1660,1124,1432,166,61
74,1004,1368,Shamela0009270,8,918,1360,242,69
74,846,1310,Shamela0009270,239,321,620,160,36
74,846,1310,Shamela0000041,2519,900,1195,164,37
74,846,1310,Shamela0023628,3357,1250,1590,166,35
74,1135,1310,Shamela0004473,5664,1,258,137,67
74,1117,1310,Shamela0001463,25,444,712,151,70
74,291,803,Shamela0001733,373,710,1312,201,39
74,1027,1310,ShamAY0034134,620,1158,1520,212,73
74,846,1310,Sham19Y0127700,190,99,402,167,38
74,932,1280,Shamela0009810,1398,1115,1447,230,79
74,1032,1310,Shamela0001341,143,775,1093,187,71
74,982,1272,ShamAY0038082,6,1209,1508,212,86
74,982,1422,Shia001731Vols,816,1,448,274,69
74,1024,1310,Shamela0008176,3234,419,756,206,74
74,1024,1422,Shamela0025794,1635,716,1111,236,65
74,993,1422,Shamela0025794,1936,305,756,246,61
74,1117,1310,Shamela0003055,2807,11,292,152,67
74,993,1324,JK000786,2927,352,731,227,71
74,1061,1310,Sham19Y0127677,20308,1,406,180,56
74,846,1422,Sham19Y0131521,6596,467,1126,269,46
74,1024,1422,JK001202,3,44,459,215,56
74,762,1310,Shamela0036446,1320,1059,1430,198,39
75,505,934,JK000918,127,1,490,191,43
75,136,425,Shia001782Vols,3548,1249,1549,199,77
75,151,666,Shamela0009567,964,1,573,252,49
75,584,744,Shamela0010639,105,1043,1223,106,68
75,236,488,JK001297,138,776,998,172,84
75,500,934,ShamAY0033945,634,528,1012,233,53
75,496,934,ShamAY0033945,643,776,1326,231,50
75,500,698,ShamAY0034123,953,1361,1552,121,74
75,77,648,Shamela0008473,4132,189,879,296,50
75,456,805,Shia002095,3,1102,1431,200,70
75,513,805,Shamela0013132,180,326,821,183,45
75,73,648,Shamela0001733,3006,465,1003,253,48
75,43,648,Shamela0001733,3015,539,1065,337,68
75,471,851,Shamela0001733,4354,807,1399,235,48
75,471,744,ShamAY0034134,625,469,820,196,68
75,456,910,Shia002069Vols,103,272,691,256,65
75,471,934,Shamela0010803,353,607,1183,230,44
75,19,483,Shamela0025794,1230,268,709,264,68
75,456,805,Shamela0013072,3,1059,1388,200,70
75,161,488,JK009390,3222,1142,1442,215,82
75,121,1115,Shia003732Vols,3080,64,920,379,40
75,128,623,Sham19Y0013223,251,951,1431,215,43
77,1061,1414,Shamela0013178,64,306,507,106,38
77,502,996,Shia002265Vols,480,1075,1451,228,55
77,176,393,Shamela0009567,963,21,247,118,56
77,527,996,Shamela0001404,207,364,742,263,69
77,1151,1423,Shamela0000638,28,1158,1397,169,80
77,1166,1408,Shamela0012220,298,318,498,104,50
77,585,855,Zaydiyya0000373Vols,47,1079,1328,170,75
77,1182,1408,Zaydiyya0000373Vols,230,417,606,134,75
77,1117,1408,Sham19Y0001729,1869,243,591,170,56
77,1117,1408,Sham19Y0001729,1875,172,520,165,55
77,1169,1408,Sham19Y0001729,5073,1318,1514,101,53
77,581,996,Zaydiyya0000133,103,304,679,267,73
77,452,948,Shia001432Vols,30483,537,1306,260,41
77,1166,1408,JK006476,2073,197,384,133,69
77,1051,1408,ShamAY0033945,1245,314,579,136,47
77,1166,1408,Shamela0007289,5182,587,807,156,83
77,1136,1423,JK000475,2234,1047,1309,177,78
77,1151,1408,JK000475,2525,332,559,164,81
77,1069,1423,JK001171,102,513,1015,167,35
77,1182,1408,JK001236,151,1166,1301,85,47
77,1151,1423,Shamela0117359,1161,313,475,94,45
77,1069,1423,ShamAY0033949,211,662,1164,167,35
77,1117,1408,Shamela0000956,1409,212,427,143,61
77,481,996,JK011565,68,219,627,285,67
77,1117,1414,JK011565,79,767,1022,158,63
77,1166,1408,Shia001901,295,1052,1360,151,57
77,1151,1408,Shamela0023700,2318,429,576,87,44
77,1151,1423,Sham19Y0020591,1831,591,753,94,45
77,553,996,Sham19Y0017878,327,941,1293,243,67
77,1094,1408,JK000806,330,579,877,156,55
77,1166,1408,Shamela0008473,5196,729,899,104,52
77,1182,1408,Shia001237Vols,939,523,720,134,72
77,1117,1408,Shia002231Vols,606,1020,1368,166,54
77,1110,1408,Sham19Y0148271,2029,225,625,153,45
77,1124,1408,Shamela0013132,174,159,426,194,87
77,1002,1408,JK009408,1972,361,759,180,45
77,1147,1408,Sham19Y0036114,670,259,476,162,78
77,1166,1414,Shamela0021809,493,894,1069,101,48
77,133,387,Shamela0001733,1656,82,291,151,74
77,1182,1408,Shia002359Vols,4615,1044,1224,123,64
77,393,708,ShamAY0034134,644,1132,1421,180,66
77,387,1010,Shamela0021315,157,231,808,323,58
77,598,996,Shamela0001438,5976,783,1073,219,69
77,1182,1408,JK001012,118,861,994,86,49
77,487,996,Sham19Y0023625,983,205,608,214,50
77,1166,1408,Shamela0025794,4596,90,260,104,52
77,1151,1408,Tafsir02100,218,518,745,164,81
77,1128,1423,JK000786,2618,562,824,177,77
77,1166,1414,JK000786,2926,6,232,164,84
77,433,996,JK011564,9,1,524,355,74
77,527,996,ShamAY0034080,163,904,1292,248,63
77,1151,1408,Shamela0008970,121,319,466,87,44
77,520,996,JK009390,4794,952,1294,238,63
77,598,996,Sham19Y0127677,3866,581,871,219,69
77,1141,1408,Shamela0026324,1009,1043,1256,109,49
77,1136,1423,JK000735,175,247,509,177,78
77,598,996,Shamela0012884,796,690,980,218,69
77,1182,1408,Shia002389Vols,3310,1221,1418,134,72
77,393,840,Zaydiyya0000342,195,1008,1501,287,69
77,840,996,Zaydiyya0000342,196,1,168,121,90
77,1061,1389,Shamela0021821,2076,1244,1491,160,61
77,598,1173,ShamAY0033729,124,1,485,277,57
78,61,193,Shamela0013178,64,355,485,62,48
78,53,425,Shia001976Vols,374,853,1269,140,36
78,29,220,Shamela0000638,28,1138,1388,109,49
78,61,214,Shamela0012220,298,318,498,83,55
78,6,396,JK000021,792,576,1053,158,35
78,214,725,Shia002034Vols,322,726,1300,272,49
78,61,214,JK006476,2073,197,384,84,52
78,6,392,ShamAY0033945,1245,347,839,160,35
78,61,214,Shamela0007289,5182,587,807,96,50
78,61,392,JK000475,2234,1067,1440,116,29
78,61,392,JK000475,2525,337,707,124,34
78,61,392,JK001171,102,379,651,143,51
78,61,392,ShamAY0033949,211,515,800,153,54
78,53,214,Shamela0005816,431,1007,1195,91,53
78,53,214,Shamela0023700,1917,956,1149,91,52
78,64,214,Shamela0023700,2597,1096,1245,82,64
78,61,392,Shamela0023578,3522,880,1173,125,39
78,61,425,Shamela0008473,5196,729,1042,102,30
78,77,339,Shia001237Vols,939,523,886,101,27
78,14,363,Shamela0013132,174,148,539,143,38
78,1,228,JK009408,1972,437,771,123,43
78,64,214,JK009408,2148,351,500,82,64
78,220,558,ShamAY0032859,23,135,451,200,67
78,77,214,Shia002359Vols,4615,1044,1224,84,55
78,61,176,Shamela0021315,219,1400,1506,75,81
78,61,214,Shamela0025794,4596,90,260,82,51
78,61,392,Tafsir02100,218,523,898,124,34
78,17,220,JK000786,2618,550,815,113,49
78,61,392,JK000786,2926,6,324,126,36
78,1016,1300,Shamela0026324,553,922,1055,94,42
78,61,392,JK000735,175,267,640,116,29
78,77,214,Shia002389Vols,3310,1221,1418,92,55
79,904,1204,Shia002265Vols,5030,827,1105,217,90
79,376,721,Shia002265Vols,5094,36,559,190,40
79,473,750,Tafsir06049,5696,29,391,187,60
79,1229,1441,JK000916,3829,30,228,113,62
79,190,904,Shia001976Vols,409,652,1310,346,52
79,1291,1456,JK000021,1999,749,885,105,82
79,130,735,Sham19Y0001729,1871,96,896,379,54
79,835,1403,Shamela0000216,85,486,1083,247,39
79,303,712,ShamAY0033945,643,89,576,210,45
79,400,858,JK000475,2247,1,531,258,56
79,1229,1441,ShamAY0033053,534,254,420,109,67
79,340,735,JK001236,154,156,581,231,57
79,320,995,Shamela0021765,2156,425,1179,411,64
79,846,1456,Sham19Y0014592,961,1120,1446,184,38
79,1229,1441,Shamela0023578,2928,886,1108,99,55
79,117,904,Shia002231Vols,606,246,1137,345,42
79,388,904,Shamela0013132,4,1,813,269,37
79,332,904,Shamela0021570,372,497,1080,320,57
79,1291,1448,Shamela0007351,16,277,422,92,71
79,1291,1441,Shamela0007351,492,431,564,99,85
79,328,735,ShamAY0034134,636,561,1050,274,67
79,1229,1441,Shamela0012862,810,367,520,99,61
79,120,612,Shamela0012872,75,58,740,256,44
79,741,1200,ShamAY0032826,178,228,643,312,83
79,320,712,Shamela0026884,389,266,748,208,46
79,904,1204,Shamela0001438,296,899,1177,218,90
79,437,712,Shamela0001438,333,1078,1288,159,70
79,429,721,Shamela0001438,6369,185,576,165,44
79,1261,1441,Shia003101Vols,167,660,849,100,62
79,1257,1441,Shamela0009107,36,39,222,99,64
79,437,1154,JK009379,122,1174,1555,293,51
79,379,735,ShamAY0034066,1203,588,1092,240,55
79,437,908,JK001127,91,24,519,249,55
79,1229,1441,Shamela0004445,67,458,634,99,57
79,362,735,ShamAY0034080,339,41,571,257,58
79,275,712,Shamela0008210,62,267,750,202,41
79,1221,1441,Shamela0007350,177,1162,1345,106,61
79,282,550,JK011593,71,1142,1481,134,44
79,190,798,JK000022,2224,406,1147,318,50
79,1229,1456,Shamela0000782,349,13,187,105,61
79,437,712,Shamela0008970,124,53,266,141,57
79,832,1204,JK009390,205,586,900,234,79
79,889,1204,Sham19Y0127677,155,931,1218,223,88
79,437,712,Sham19Y0127677,173,445,650,153,67
79,450,721,Sham19Y0127677,4488,27,383,154,44
79,1210,1456,Sham19Y0127677,10284,638,819,101,50
79,1257,1456,Shamela0007435,770,856,1053,130,79
79,1229,1456,Shamela0010798,3201,431,643,116,57
79,1310,1456,Shamela0025791,822,495,635,106,92
79,376,871,Shamela0012884,4211,403,1143,262,44
79,437,735,Shamela0036446,1322,314,576,188,76
79,1229,1441,Shamela0023764BK3,337,935,1157,116,62
80,197,494,Sham19Y0014119,268,861,1124,160,62
80,5,118,Shamela0003118,1418,119,235,82,83
80,677,1149,Shamela0003118,7724,567,1006,328,85
80,979,1149,Shia002265Vols,427,973,1146,133,97
80,768,1396,Shia002265Vols,651,447,909,205,35
80,510,816,Shamela0005680,4,1255,1490,140,57
80,816,1327,Shamela0005680,5,1,547,259,52
80,626,1375,ShamAY0033548,2,89,821,413,57
80,223,494,Sham19Y0122257,1479,920,1156,139,57
80,680,1149,Shamela0008657,164,599,964,270,71
80,504,1149,Shamela0009389,58,201,770,380,72
80,612,1047,JK000916,26009,1051,1467,293,79
80,118,578,Shia001976Vols,43,761,1155,238,62
80,677,945,Shamela0012220,801,1125,1393,184,79
80,223,494,Sham19Y0145212,1732,755,992,140,61
80,200,478,Zaydiyya0000003,68,541,784,134,53
80,556,1375,Shamela0030769,7,212,968,392,53
80,1184,1419,Shamela0012981,258,249,442,138,75
80,847,1375,Shamela0012981,2263,724,1115,163,37
80,139,406,JK001266,30,1138,1392,199,95
80,148,494,Sham19Y0001729,407,463,807,174,55
80,330,1040,Sham19Y0038171,787,590,1284,216,26
80,510,1149,Shia003348,99,587,1201,375,65
80,979,1149,Shamela0001975,1036,821,1033,131,78
80,838,1108,ShamAY0033945,604,1113,1314,126,53
80,156,547,JK000475,1579,507,829,202,64
80,143,719,JK000475,2233,587,1041,224,48
80,510,1040,Shamela0010076,1,1043,1489,295,66
80,979,1149,Shamela0021659,1423,108,280,132,97
80,5,118,Shamela0010922,14,1332,1436,79,85
80,771,1402,Shamela0117359,1164,506,1130,189,26
80,336,1402,Shamela0012991,255,21,1023,457,45
80,504,1370,Shamela0026390,26,119,1097,551,65
80,143,518,Shamela0009697,76,606,1011,206,58
80,160,518,Sham19Y0020591,1835,623,950,214,71
80,223,494,Shamela0008360,370,1030,1267,140,61
80,702,862,Shamela0011385,1952,16,153,104,81
80,878,1112,Shamela0025800,904,226,431,119,58
80,680,1149,Shamela0025800,909,340,780,316,79
80,118,504,Shamela0003722,5256,432,782,264,84
80,635,1149,Shamela0008473,4132,744,1243,369,87
80,556,1375,Shamela0021672,8,110,919,398,49
80,197,494,Sham19Y0016976,797,485,744,157,61
80,139,494,Shamela0009270,19,674,1054,188,56
80,139,489,Shamela0009270,25,1108,1454,231,76
80,605,893,Shamela0009270,29,1172,1463,204,82
80,893,1172,Shamela0009270,30,14,295,201,87
80,197,494,Sham19Y0017791,784,1203,1462,157,61
80,275,456,Sham19Y0017791,785,1,189,99,56
80,148,526,Shia002231Vols,603,873,1241,183,55
80,601,1296,ShamAY0033598,285,124,799,411,67
80,605,986,Sham19Y0148271,1175,1055,1427,261,82
80,986,1387,Sham19Y0148271,1176,1,348,168,47
80,226,456,Tafsir09084,1252,626,841,139,67
80,677,1135,Tafsir09084,2105,998,1477,343,88
80,143,547,Shamela0013132,12,315,741,242,67
80,118,456,Shamela0013132,183,95,428,158,51
80,1,118,Shamela0007351,492,564,672,77,77
80,143,494,Sham19Y0036114,556,701,1003,197,69
80,510,1090,ShamAY0034134,538,37,615,379,77
80,570,1375,ShamAY0032947BK1,3,494,1302,400,54
80,504,843,Shia002069Vols,209,1145,1461,249,91
80,843,1269,Shia002069Vols,210,1,480,267,61
80,197,1122,Shamela0001341,142,760,1442,436,56
80,139,484,Shamela0026884,105,816,1131,219,78
80,139,680,Shamela0026884,400,462,1014,225,41
80,1,264,Shamela0026884,598,113,461,133,44
80,979,1149,Shamela0001438,4096,416,588,132,97
80,833,1149,Shamela0001438,4405,742,1030,162,54
80,204,456,Sham19Y0011326,54,1,222,141,63
80,605,1090,Sham19Y0023625,904,187,643,289,72
80,226,494,Shamela0021713,522,1021,1310,151,56
80,160,518,Shamela0025794,20,269,607,182,58
80,833,1257,Shamela0025794,26,615,1010,177,39
80,724,1155,Shamela0025794,1279,1,439,321,89
80,510,1149,Shamela0012750,502,807,1439,389,70
80,833,1108,Shamela0010283,1169,152,411,136,50
80,118,746,Shamela0001456,4,65,595,216,34
80,143,489,Shamela0008210,84,28,382,179,58
80,510,1149,Shamela0013089,45,726,1293,375,69
80,635,999,Shamela0021681,47,1111,1428,239,82
80,999,1149,Shamela0021681,48,1,150,117,98
80,635,893,Shamela0030327,130,1212,1465,188,87
80,893,1149,Shamela0030327,131,10,239,177,86
80,118,494,Shamela0000782,1159,334,677,193,56
80,635,838,Shamela0000782,1205,1299,1481,135,82
80,838,1149,Shamela0000782,1206,1,305,216,82
80,118,564,Shamela0008970,10,1077,1495,220,56
80,635,1392,Shamela0008970,11,137,879,420,61
80,964,1172,JK009390,2693,950,1169,141,83
80,950,1149,ShamAY0032837,13,1078,1359,147,63
80,821,1149,Sham19Y0127677,2521,590,890,156,47
80,118,450,Sham19Y0127677,8654,1071,1429,171,54
80,635,1040,Sham19Y0127677,14503,897,1263,271,80
80,833,1155,Sham19Y0127677,15653,932,1224,162,53
80,635,1163,Shamela0009313,19,949,1445,365,83
80,160,518,Sham19Y0131521,6620,123,450,214,71
80,210,494,Shia003732Vols,4472,153,461,184,68
80,950,1149,Shia003732Vols,5059,555,757,156,98
80,605,1375,Shamela0007525,2,515,1222,411,60
80,156,523,Shamela0004289,1172,659,1008,177,55
80,593,1375,Shamela0004289,1175,284,995,416,61
80,118,578,Zaydiyya0000342,405,185,669,231,53
80,197,494,Sham19Y0018612,111,1025,1352,170,57
80,118,578,Shamela0000736,4515,265,664,200,48
80,156,547,JK001202,8,596,909,207,67
81,403,881,Shamela0026668,21,55,535,188,40
81,374,790,ShamAY0034134,528,186,672,183,35
81,383,608,JK009154,185,992,1265,137,60
81,383,737,Shamela0030327,155,899,1346,180,51
82,869,1455,Shamela0021537,5740,383,876,287,51
82,668,1120,Shamela0010480,1065,440,915,248,57
82,72,933,Shamela0006060,726,902,1429,217,25
82,930,1207,Shia002265Vols,398,297,563,195,85
82,82,306,Shia002265Vols,408,918,1233,161,65
82,148,937,Shia002009,145,22,709,198,25
82,105,638,Shia001782Vols,3539,36,1102,348,40
82,6,433,Shamela0010842,253,456,959,237,56
82,59,638,Sham19Y0122257,1493,746,993,166,33
82,930,1129,Shamela0001673,9463,1075,1257,133,83
82,907,1207,Shamela0011363,318,914,1216,214,84
82,866,1391,Shamela0010639,92,87,616,286,61
82,55,638,Shamela0010639,95,6,261,174,35
82,59,754,Sham19Y0145212,1741,863,1180,180,31
82,869,1391,Shamela0021578,6,31,486,249,52
82,930,1391,Shamela0095735,117,961,1400,253,65
82,40,829,JK001266,31,356,695,147,20
82,668,1251,JK001266,33,849,1397,304,60
82,890,1207,Shamela0000216,43,716,1042,227,85
82,890,1391,Shamela0000216,96,774,1189,232,51
82,40,655,Shamela0023790,454,917,1240,223,42
82,937,1356,Shamela0001975,908,4,467,211,46
82,312,926,ShamAY0032956,19,202,754,293,54
82,59,638,Shamela0010668,362,597,865,203,41
82,40,638,Shamela0030623Vols,458,324,549,154,31
82,114,294,Tafsir07053,334,378,593,126,73
82,930,1207,Shamela0021659,1305,259,530,199,87
82,869,1120,JK001236,138,1276,1519,181,91
82,894,1191,Kraken2108092202141,396,212,536,188,69
82,869,1207,Shamela0010922,70,926,1272,240,82
82,781,970,Shamela0117359,1164,1249,1448,125,76
82,970,1395,Shamela0117359,1165,1,373,220,63
82,869,1207,Shamela0012991,254,968,1269,187,63
82,860,1207,Sham19Y0020944,1193,691,1031,253,89
82,400,851,Shamela0026390,24,963,1438,207,48
82,851,1363,Shamela0026390,25,1,513,305,65
82,930,1356,Shamela0009780,1279,356,866,224,44
82,82,709,Shamela0021765,2150,17,317,180,34
82,873,1281,JK011404,13,1,381,243,69
82,114,414,Sham19Y0132416,101,592,941,161,54
82,930,1207,Sham19Y0132416,102,1,298,210,84
82,772,1221,Sham19Y0020591,1836,9,443,306,82
82,14,638,Sham19Y0014592,592,20,310,219,42
82,59,763,ShamAY0033973,123,8,353,194,30
82,59,590,Shamela0008360,375,1228,1449,151,33
82,869,1207,Shamela0025800,904,1010,1353,243,85
82,114,270,JK009237,6083,109,308,112,73
82,701,1207,Shamela0003722,4065,819,1355,318,65
82,800,1221,Shamela0012444,114,339,694,227,61
82,907,1391,Shamela0009795,255,739,1148,247,62
82,930,1391,JK000034,30,590,1015,246,63
82,1,638,Shamela0013132,10,184,876,407,66
82,869,1251,Shamela0013132,19,1056,1391,198,55
82,751,1303,Shamela0013132,185,874,1491,349,65
82,316,655,JK009408,1200,668,1011,245,83
82,306,655,JK006801,813,286,637,237,80
82,40,926,Shamela0012579,2153,201,694,231,27
82,14,433,Shamela0021809,194,709,1192,242,58
82,306,763,Shamela0021809,1484,424,921,262,57
82,91,433,Shamela0001733,257,1,405,209,61
82,1,316,ShamAY0034134,532,252,503,174,67
82,866,1207,ShamAY0034134,544,875,1214,240,85
82,644,1251,ShamAY0034134,545,531,1140,420,81
82,14,638,ShamAY0034134,561,503,1146,242,34
82,14,571,ShamAY0034134,563,1251,1467,160,35
82,638,1299,Shia002069Vols,380,797,1422,428,79
82,629,1085,Shia002069Vols,804,1037,1447,291,77
82,907,1360,Shamela0028168,95,414,803,249,62
82,82,638,Shia002294Vols,130,54,276,156,33
82,114,306,Shamela0001438,701,706,1092,144,47
82,869,1207,JK001012,88,690,1057,228,75
82,40,306,Sham19Y0023625,894,172,342,126,59
82,866,1041,Sham19Y0023625,912,602,882,97,44
82,970,1207,Sham19Y0023625,913,991,1233,169,84
82,55,638,Sham19Y0023625,937,1244,1499,169,34
82,114,294,Shamela0021713,522,699,914,126,73
82,930,1207,Shamela0021713,523,189,476,192,80
82,800,1360,Shamela0009107,315,290,886,337,63
82,1299,1463,ShamAY0034048,24,524,659,98,76
82,17,638,Sham19Y0018567,1316,1031,1315,209,40
82,826,1230,Noorlib0007682,221,267,706,254,68
82,82,964,Shamela0010283,1169,624,1079,237,28
82,1,926,JK000786,2921,184,650,255,33
82,1,433,JK000022,1594,320,843,255,58
82,644,1191,JK000022,1751,913,1470,346,72
82,781,1391,Shamela0008970,14,486,1173,358,62
82,37,400,JK009390,320,1064,1363,179,57
82,881,1207,JK009390,2109,138,435,208,78
82,6,400,JK009390,2983,68,465,168,42
82,114,306,Sham19Y0127677,353,27,254,143,80
82,930,1207,Sham19Y0127677,2181,1038,1304,196,87
82,819,1234,Sham19Y0148883,127,889,1339,244,65
82,869,1455,JK007054,925,85,568,262,48
82,1337,1463,Shamela0026660,6,1,127,100,100
82,781,1395,Sham19Y0131521,6620,676,1254,358,69
82,306,509,Sham19Y0037618,4977,1300,1501,138,79
82,1,306,JK000667,33,1092,1402,217,85
82,6,621,Shia003732Vols,3081,1233,1524,196,38
82,37,578,Shia003732Vols,3082,959,1483,345,73
82,114,287,Shamela0000107,1634,194,426,124,68
82,902,1207,Shamela0025791,818,1,311,219,84
82,777,1363,JK000624,194,506,1174,277,49
82,59,713,ShamAY0032855,65,1085,1423,187,31
82,6,260,ShamAY0032901,22,1224,1442,149,76
82,930,1375,Shamela0036446,1315,701,1070,219,58
82,447,621,Shia000042,316,562,745,133,82
82,869,1207,Sham19Y0013223,270,520,861,243,85
83,1031,1333,Sham19Y0020989,2239,981,1315,197,69
83,287,720,Shamela0006060,1003,35,365,228,61
83,418,1031,Shia002265Vols,443,4,185,115,21
83,711,1175,Shia001782Vols,3502,111,560,251,54
83,228,1031,Shia001782Vols,3503,856,1209,238,35
83,1054,1298,ShamAY0034128,491,1000,1239,162,80
83,608,1168,Shamela0012981,723,549,1081,332,68
83,1054,1298,JK011496,76,785,1061,173,77
83,1054,1308,JK001266,32,240,511,119,52
83,608,1168,ShamAY0033945,615,269,974,336,57
83,1050,1308,Shamela0026484,429,286,582,181,73
83,608,1129,ShamAY0033053,504,266,700,299,72
83,1054,1304,JK001171,89,11,293,184,80
83,310,779,Shamela0030025,10,1,555,229,46
83,711,1025,Kraken2108092202141,396,903,1184,219,88
83,1094,1433,JK000533,2946,436,1039,169,35
83,1149,1433,Shamela0023700,875,616,1191,157,31
83,1065,1433,Shamela0003722,8192,1,487,216,55
83,192,1050,Shamela0012444,114,1029,1418,254,35
83,1031,1390,JK000778,1106,768,1189,224,66
83,1139,1394,Sham19Y0148271,2077,1076,1347,130,49
83,1042,1390,JK009408,2115,544,915,177,48
83,91,577,Shamela0012579,696,992,1416,261,63
83,608,1175,Shamela0021809,1037,490,978,333,72
83,1054,1298,Shamela0021809,3192,1051,1307,160,69
83,172,1149,Shamela0001733,1387,1,1040,683,81
83,1031,1298,Shamela0001733,4395,856,1162,199,80
83,1054,1298,Shamela0009810,1397,376,657,177,77
83,287,1013,Shamela0001438,3749,1190,1483,156,24
83,1054,1298,JK000481,101,563,871,188,78
83,1054,1298,Shia001731Vols,815,220,497,179,79
83,1094,1298,Shia003616Vols,4560,575,810,139,71
83,1078,1308,JK000786,2620,267,532,172,78
83,1183,1385,JK000786,2922,22,221,109,58
83,1054,1433,Shamela0096228,523,315,803,227,59
83,698,1168,Shamela0008970,69,26,617,287,57
83,346,1031,JK009390,2280,13,263,156,27
83,237,577,JK009390,3379,240,549,236,86
83,714,1031,JK009390,3381,597,914,206,70
83,373,1031,Sham19Y0127677,2182,1,249,156,28
83,1105,1433,Sham19Y0127677,12041,838,1330,184,43
83,1062,1237,Sham19Y0127677,12042,91,336,129,68
83,1054,1298,Zaydiyya0000059,1181,454,765,179,70
83,604,937,Shamela0007435,511,1166,1521,216,69
83,772,1022,Shamela0036446,1346,308,545,183,90
84,37,336,Shamela0003118,7267,667,961,216,86
84,438,824,Sham19Y0020989,2239,1054,1319,123,34
84,835,1064,Sham19Y0020989,2472,1383,1567,124,64
84,1034,1243,Sham19Y0020989,2473,12,224,158,92
84,813,1331,Shamela0010480,1960,441,933,317,75
84,940,1243,Shia002265Vols,652,1029,1394,223,74
84,965,1411,Shia001782Vols,3612,474,785,177,48
84,1034,1224,Shamela0000894,8159,1101,1290,144,93
84,928,1253,Sham19Y0122257,1483,967,1304,192,71
84,928,1243,Shia002616Vols,2418,995,1303,184,73
84,37,336,JK000916,27963,1154,1448,216,86
84,1048,1224,Sham19Y0122096,895,642,812,130,89
84,848,1411,ShamAY0033910,1146,9,404,162,31
84,928,1411,Shamela0010639,92,841,1373,243,53
84,932,1418,Shamela0021578,6,652,1200,235,46
84,928,1233,Shamela0000482,13,1282,1622,199,67
84,631,936,JK000021,1765,62,461,117,33
84,1048,1224,JK001297,128,907,1078,137,96
84,940,1243,Sham19Y0001729,407,19,351,188,71
84,998,1418,Shamela0000216,97,9,433,207,53
84,1048,1224,JK000001,628,203,386,137,92
84,848,1415,ShamAY0033945,609,9,591,253,43
84,679,1415,JK000475,2185,1,775,403,61
84,928,1422,JK001236,139,152,719,250,46
84,653,1411,Shamela0117359,1166,455,1330,313,37
84,610,1426,Shamela0012991,254,194,1028,294,32
84,928,1415,JK009242,327,537,879,220,56
84,778,1411,Shamela0026390,23,240,864,372,66
84,813,1411,Sham19Y0020591,1838,107,754,269,42
84,965,1411,Sham19Y0014592,794,936,1395,216,49
84,613,1243,ShamAY0033973,181,682,1293,310,48
84,928,1426,Shamela0008360,372,653,1064,227,55
84,932,1253,Shamela0025800,907,914,1261,202,72
84,807,1426,Shamela0001719,2195,631,1355,367,60
84,1117,1415,Shamela0001719,2196,1,294,143,49
84,807,1189,Shamela0003722,3286,1085,1459,278,89
84,1243,1426,Shamela0003722,3633,1033,1227,139,92
84,108,672,Shamela0003722,8192,109,628,193,33
84,807,1392,Shamela0008473,1920,875,1369,228,41
84,1070,1253,Shamela0008473,1921,1,189,136,91
84,98,683,JK000778,1106,883,1311,195,39
84,824,1411,Shamela0009270,146,185,949,340,50
84,928,1411,Sham19Y0017729,491,783,1166,243,59
84,998,1415,Shia002231Vols,605,19,454,188,43
84,782,1224,Shamela0008658,3096,179,506,185,50
84,898,1411,Sham19Y0148271,1138,1,491,232,49
84,1,499,Sham19Y0148271,2077,940,1445,262,60
84,895,1411,ShamAY0032851,15,522,1000,185,33
84,622,1106,Shamela0013132,10,936,1470,210,39
84,1106,1426,Shamela0013132,11,1,433,209,62
84,807,1243,Shamela0001733,2926,399,823,323,92
84,37,245,ShamAY0034134,543,975,1221,156,76
84,928,1253,ShamAY0034134,547,813,1173,212,72
84,813,1243,ShamAY0034134,549,743,1244,327,81
84,928,1253,Sham19Y0127700,188,1099,1450,205,72
84,813,1228,Shamela0012862,797,732,1076,192,54
84,635,1243,Shamela0009810,1397,475,1157,315,49
84,945,1411,Shia002294Vols,177,114,511,170,36
84,631,1411,Shamela0026884,104,461,1030,203,29
84,954,1411,Shamela0001438,6965,7,506,257,54
84,770,1415,Shia001731Vols,815,455,1081,289,47
84,610,1070,Sham19Y0023625,917,147,512,201,53
84,835,1228,Shamela0025794,944,1049,1448,248,75
84,282,756,Shamela0025794,3532,11,717,116,15
84,72,342,Shamela0025794,4388,18,280,181,75
84,835,1415,JK000786,2921,491,1192,335,55
84,774,1253,Shamela0004445,93,57,535,271,70
84,108,504,Shamela0096228,523,432,828,161,42
84,1,336,Shamela0008970,10,663,987,223,76
84,798,1048,Shamela0008970,11,1179,1436,150,67
84,1034,1243,Shamela0008970,12,22,235,160,92
84,928,1243,JK009390,6839,779,1159,237,76
84,954,1411,Sham19Y0127677,4901,185,632,248,59
84,62,732,Sham19Y0127677,12040,1,478,248,41
84,965,1228,Sham19Y0127677,17855,666,872,153,70
84,813,1418,Sham19Y0131521,6622,70,724,268,42
84,6,504,Shamela0026324,5364,354,876,163,28
84,647,1415,JK000735,125,37,923,423,56
84,928,1224,Sham19Y0017903,980,1220,1498,181,71
84,831,1017,Shamela0004289,1174,1255,1405,105,71
84,1034,1411,Shamela0004289,1175,18,459,203,54
84,807,1243,ShamAY0033586,226,931,1432,312,76
84,848,1411,JK000130,1147,4,396,145,26
84,928,1422,Sham19Y0013223,273,743,1279,250,53
84,1048,1224,Sham19Y0013223,1425,68,237,133,94
85,1,114,Sham19Y0014119,271,939,1051,79,92
85,1,393,Shamela0021537,5740,1103,1452,130,35
85,1,403,Shamela0013178,180,888,1201,122,33
85,1076,1341,Shia002265Vols,399,342,612,181,82
85,1,114,Sham19Y0017063,537,1047,1159,79,92
85,1,114,Sham19Y0122257,1489,306,418,79,92
85,1,110,Shamela0001673,9464,94,198,76,90
85,1,114,Shamela0021642,496,736,848,79,92
85,976,1383,Sham19Y0014601,6093,812,1179,245,75
85,1,197,Sham19Y0014601,6096,1003,1274,101,46
85,1,114,Sham19Y0014601,6097,220,333,67,67
85,1,114,Sham19Y0145212,1738,927,1039,79,92
85,1,114,Shamela0021578,6,475,586,77,90
85,384,1095,JK000021,787,318,1045,299,47
85,1,114,Sham19Y0001729,373,298,411,84,97
85,1,114,Shamela0000216,96,1178,1289,77,90
85,1080,1328,Shamela0001975,907,1037,1296,175,81
85,1,318,JK007097,1247,770,1221,109,24
85,1095,1328,Shamela0021659,1198,963,1189,170,90
85,945,1334,JK001171,90,916,1290,242,74
85,976,1383,Shamela0117359,1165,229,597,248,76
85,1199,1328,Sham19Y0020944,1194,1,115,89,88
85,1123,1328,Shamela0007891,744,1,192,149,92
85,1,110,Shamela0026390,24,297,406,84,100
85,1,114,Shamela0009780,1279,652,763,77,90
85,1,114,Sham19Y0132416,102,314,426,79,92
85,1024,1383,Sham19Y0020591,1836,891,1208,217,77
85,1,114,Shamela0008360,374,667,779,79,92
85,318,1095,Shamela0023578,3124,242,1029,258,33
85,1,179,Sham19Y0014309,1086,1221,1410,90,61
85,1031,1328,Shamela0025800,907,125,403,202,84
85,1,133,Shamela0025800,910,246,370,78,70
85,437,828,Shamela0001453,58,602,966,202,58
85,1,176,Shamela0003722,3633,1227,1405,119,83
85,176,445,Shamela0003722,3634,1,305,189,77
85,936,1328,Shamela0003722,7002,1,419,294,87
85,546,828,Shamela0003722,7171,733,1008,171,70
85,555,828,Shamela0008473,4733,1019,1306,184,78
85,976,1312,Shamela0001442,920,1196,1502,216,80
85,1,114,Sham19Y0016976,801,693,805,79,92
85,528,828,Shamela0000041,2570,177,497,177,66
85,958,1328,Shia002231Vols,604,494,821,206,69
85,1,403,Shia002231Vols,606,326,579,122,33
85,976,1328,Sham19Y0148271,259,1069,1421,237,79
85,1,403,Shamela0013132,11,433,710,124,41
85,500,828,Shamela0013132,22,913,1228,181,63
85,252,1090,Shamela0013132,172,418,1189,245,28
85,375,848,Sham19Y0036114,669,797,1228,219,48
85,993,1334,Shamela0021809,264,36,352,236,86
85,1,240,Shamela0021809,1640,71,393,133,49
85,1,110,ShamAY0034134,548,817,926,84,100
85,426,828,ShamAY0034134,565,171,724,279,63
85,1,114,Shamela0006193,352,1024,1141,87,96
85,507,1090,Shamela0026884,396,58,578,228,44
85,1,516,Shamela0023100,520,141,535,179,40
85,1095,1328,Shamela0001438,3754,899,1122,170,91
85,6,362,Sham19Y0023625,915,209,514,129,43
85,1,114,Shamela0021713,523,501,612,77,90
85,1,403,Shamela0009107,168,1068,1328,126,38
85,555,828,JK011566,44,863,1124,167,73
85,993,1334,Shamela0025794,4368,899,1222,238,86
85,1076,1328,Shamela0010283,1169,1018,1269,182,85
85,1,114,Sham19Y0008889,309,447,564,87,96
85,280,828,Shamela0000782,975,252,815,225,38
85,1095,1328,Sham19Y0127677,2182,443,669,170,90
85,1,110,Sham19Y0127677,11991,1069,1178,83,99
85,976,1341,Sham19Y0131521,6620,1110,1450,239,81
85,1,431,Shamela0026324,2157,112,807,126,18
85,1,197,Shamela0010443,343,169,349,104,68
85,437,848,Shamela0010798,3541,191,583,221,63
85,431,828,ShamAY0033672,34,494,820,181,55
85,1,114,Shamela0025791,817,1131,1243,79,92
85,1,114,Shamela0012884,375,305,417,79,92
85,1,403,Shamela0004289,1171,1011,1397,146,43
85,1,110,Shamela0022667,8,1253,1362,83,99
85,1031,1328,JK001429,100,559,839,196,82
85,1076,1362,Shamela0036446,1316,506,778,177,75
85,1,114,Sham19Y0013223,272,455,567,79,92
86,130,760,Shia002265Vols,409,935,1211,212,42
86,60,942,Shia001782Vols,3538,450,1215,510,70
86,1174,1406,JK000916,3601,660,894,149,80
86,905,1406,ShamAY0033910,1144,589,1080,228,51
86,70,403,Shamela0010488,402,1046,1387,208,75
86,813,1127,Shia001148,176,155,427,187,72
86,1177,1406,JK000021,311,165,398,160,86
86,5,463,Shia002034Vols,744,997,1420,315,86
86,463,942,Shia002034Vols,745,1,472,248,59
86,115,760,Zaydiyya0000133,26,1,341,144,25
86,70,407,Zaydiyya0000133,49,1108,1443,246,88
86,530,760,Zaydiyya0000133,50,9,247,176,94
86,813,1302,Shia001432Vols,30803,693,1138,182,38
86,1177,1406,ShamAY0033945,1165,127,360,160,86
86,905,1406,JK000475,1634,439,929,228,51
86,1161,1406,JK000475,2163,325,606,156,67
86,70,942,Shamela0010922,51,433,976,359,53
86,813,1281,ShamAY0033973,231,314,756,250,57
86,813,1127,Shamela0003722,6512,447,749,235,93
86,905,1244,Shamela0003722,7002,142,598,199,57
86,813,1316,Shia001237Vols,1209,145,627,180,32
86,1157,1392,ShamAY0032781,54,175,390,135,70
86,1177,1406,JK009179,93,651,852,136,77
86,1177,1406,Shamela0021477,98,294,531,152,81
86,790,1292,Shamela0013132,95,87,623,289,62
86,1161,1400,Shamela0021809,1201,992,1214,161,86
86,905,1302,Shamela0021809,1202,28,520,237,52
86,798,1281,Shamela0001733,1655,194,762,276,54
86,5,942,Shamela0001733,1823,151,1192,632,73
86,5,942,Shia002069Vols,222,165,1241,647,73
86,1161,1406,Shamela0006446,15,45,296,174,89
86,130,760,Shamela0001438,3756,217,492,212,42
86,1161,1400,Shamela0025794,3130,821,1051,164,86
86,1161,1406,Shamela0008210,89,156,397,167,84
86,1177,1406,Shamela0008210,101,201,404,158,88
86,913,1406,Shamela0008970,51,571,1085,215,42
86,174,760,JK009390,2269,1,226,171,37
86,130,760,Sham19Y0127677,2170,193,468,210,42
86,5,760,Sham19Y0127677,12000,594,1350,585,98
86,892,1406,Sham19Y0127677,12042,697,1349,325,59
86,949,1397,Zaydiyya0000413Vols,737,257,695,193,38
86,1177,1406,JK000735,5,714,933,162,88
86,1161,1406,JK000735,103,133,419,156,66
86,923,1400,JK000735,129,1,490,302,74
86,790,1161,Shamela0008244,86,463,930,234,61
86,790,1326,Sham19Y0132403,62,691,1157,246,50
86,1157,1345,Shamela0004289,1173,1175,1395,124,71
86,5,602,Zaydiyya0000342,436,862,1461,447,92
86,597,760,Zaydiyya0000342,437,1,165,124,96
86,905,1406,JK000130,1145,581,1071,228,51
86,1157,1400,ShamAY0033671,7,5,231,162,84
86,766,992,Sham19Y0149213,1784,565,783,167,88
86,214,942,Sham19Y0013223,275,1,646,417,71
87,245,1405,Shamela0026378,63,403,1229,460,45
87,233,622,ShamAY0033910,1144,864,1242,240,73
87,291,820,Shamela0021578,5,390,825,266,61
87,166,533,Shamela0012981,952,747,1117,225,72
87,166,749,Shia002034Vols,277,123,691,334,68
87,622,1142,Shia002034Vols,1117,619,1113,290,63
87,248,588,Shamela0005756,13982,711,1094,245,82
87,248,588,Sham19Y0013252,9283,360,1160,246,39
87,288,622,Shamela0000216,95,1071,1382,233,88
87,233,777,JK000475,1634,713,1311,272,51
87,348,1107,JK000475,2067,1,749,344,44
87,233,781,JK000475,2163,392,970,276,58
87,1,628,JK000475,2189,15,502,291,57
87,291,781,JK001236,284,102,588,253,57
87,21,1202,Shamela0010922,50,836,1448,122,10
87,269,824,Shamela0026390,29,1,579,328,65
87,1,307,Shamela0003722,7002,299,598,116,44
87,185,777,ShamAY0032781,54,144,755,256,47
87,1,362,Shamela0021809,1202,169,520,159,44
87,166,777,Shamela0001733,1655,183,762,391,74
87,622,1069,Shamela0001733,1657,934,1378,281,71
87,1006,1373,Shamela0001733,1658,1088,1427,261,89
87,248,588,Shamela0021715,9482,312,693,245,82
87,213,533,Shamela0012872,67,959,1243,195,77
87,217,781,Shamela0006446,15,45,679,304,57
87,876,1247,JK001012,94,10,533,114,20
87,217,654,Shamela0025794,3130,821,1262,244,66
87,758,1405,JK000786,2948,664,1235,335,56
87,230,533,JK000786,2948,577,885,195,78
87,217,622,Shamela0008210,89,156,587,245,63
87,166,622,Shamela0008210,101,149,525,241,68
87,166,578,Shamela0008970,51,805,1250,240,62
87,233,908,JK000735,5,714,1415,356,52
87,1,370,JK000735,103,419,792,148,45
87,1,628,JK000735,129,175,665,291,56
87,166,1123,Shamela0006003,50,400,1049,256,28
87,166,503,Shamela0029991,5,1100,1447,253,89
87,503,642,Shamela0029991,6,1,143,107,95
87,1,843,Shamela0004289,1174,62,760,334,42
87,288,777,JK001429,21,534,973,289,71
87,233,622,JK000130,1145,855,1233,240,73
87,213,777,ShamAY0033671,7,5,474,247,52
87,291,622,Sham19Y0013223,268,232,571,243,88
88,926,1059,Shamela0021537,5802,60,183,85,84
88,804,1050,Shamela0010480,163,440,646,143,76
88,16,583,Shamela0026378,63,712,1360,296,56
88,716,1050,JK001266,32,553,825,154,58
88,783,1059,Sham19Y0001729,370,127,368,176,83
88,759,1402,Shamela0022547,1305,16,679,311,50
88,277,597,Shamela0001975,389,171,521,195,65
88,277,597,Shamela0021659,495,736,1066,199,70
88,759,1059,JK001171,90,511,833,185,67
88,854,1028,Shamela0025800,906,160,330,124,89
88,829,1059,Shamela0009270,46,1,238,158,86
88,759,1059,Shia002231Vols,604,156,429,183,80
88,767,1050,Sham19Y0148271,1600,406,644,163,75
88,97,597,Shamela0001733,1658,425,939,372,88
88,1,159,Shamela0001733,1659,33,182,81,70
88,122,552,ShamAY0034134,522,561,921,160,41
88,225,583,Shamela0001438,878,347,820,228,57
88,97,597,Shamela0000782,1159,758,1253,292,68
88,372,597,Sham19Y0127677,952,1,258,141,70
88,854,1028,Shamela0036446,1317,660,789,92,68
89,770,1321,Shia001782Vols,3539,1175,1535,273,60
89,7,596,Shia001782Vols,3542,516,1103,465,98
89,720,1212,Shamela0010639,98,1057,1486,321,78
89,1212,1394,Shamela0010639,99,1,201,129,81
89,16,249,JK001297,123,168,406,173,93
89,7,596,Zaydiyya0000133,49,508,1095,466,98
89,1,798,Shia001432Vols,28750,736,1489,493,70
89,904,1182,Shia001432Vols,29014,1270,1545,150,58
89,16,401,Shia001432Vols,32538,418,840,195,56
89,16,495,Shamela0002386,352,1071,1251,63,14
89,30,401,Shia001362Vols,421,857,1262,190,56
89,770,1361,ShamAY0033053,513,262,667,289,58
89,720,1361,ShamAY0034350,136,47,679,478,89
89,1,495,Shamela0023644,1492,100,586,305,66
89,91,589,Zaydiyya0000067,217,1,496,390,97
89,1,793,Shamela0026390,29,544,1431,507,61
89,732,1121,Shamela0009795,256,384,783,260,75
89,607,1464,Shamela0013132,41,14,900,567,72
89,1,408,Shamela0021809,2835,1074,1482,318,96
89,408,789,Shamela0021809,2836,1,369,195,51
89,1,793,Shamela0001733,1878,73,864,483,65
89,720,1394,ShamAY0034134,587,349,959,450,80
89,602,1361,ShamAY0034134,588,97,840,526,79
89,770,1361,Shamela0012862,774,726,1128,287,58
89,1,789,Sham19Y0016928,239,736,1398,470,75
89,1048,1361,Shamela0001438,940,747,1046,234,89
89,24,798,JK001012,95,64,781,500,81
89,720,1394,Sham19Y0023625,941,348,953,450,80
89,596,966,Shamela0008970,16,954,1466,243,55
89,958,1386,Shamela0008970,17,60,501,322,86
89,1182,1361,JK009390,2999,1,174,136,90
89,7,339,JK009390,3221,1069,1403,244,92
89,339,596,JK009390,3222,1,252,196,93
89,1,894,Shia003732Vols,3083,625,1397,534,71
89,765,1492,Shia003732Vols,3690,816,1372,343,55
89,636,1361,Shamela0004289,1221,1,597,456,77
89,1,793,Zaydiyya0000342,432,347,1233,539,70
90,1,818,JK000101,590,674,1475,590,88
90,829,1017,JK000101,591,9,197,137,90
90,1,1118,Shia001782Vols,3537,266,1392,783,85
90,1,773,Shamela0009567,959,621,1388,553,87
90,773,1190,Shamela0009567,960,1,420,244,62
90,1,105,ShamAY0038324,346,1327,1442,76,81
90,105,353,ShamAY0038324,347,1,245,175,89
90,1,1190,ShamAY0034282,2912,98,1256,731,70
90,353,560,Shamela0021550,143,566,772,147,85
90,1,1017,Shamela0095735,88,65,1099,755,90
90,560,869,Shamela0095735,116,612,939,243,93
90,1,471,Shamela0095735,762,536,682,105,28
90,1,1190,ShamAY0033728,9,199,1327,794,80
90,1196,1405,Shamela0012981,2019,597,789,129,77
90,1,204,JK001266,32,1155,1370,147,86
90,216,1121,JK001266,33,5,976,629,78
90,875,1190,JK000021,333,471,798,143,46
90,32,237,JK001297,125,186,404,150,85
90,353,587,Sham19Y0038171,789,551,789,152,77
90,240,1121,Shamela0009200,227,1,923,611,78
90,560,1017,Shia001432Vols,29991,130,680,340,76
90,1,471,JK001487,301,392,852,358,96
90,353,566,JK000001,629,144,361,152,84
90,1,398,ShamAY0033945,607,1029,1419,268,80
90,398,1190,ShamAY0033945,608,1,810,499,67
90,560,749,Shia001362Vols,478,1375,1554,138,89
90,749,1017,Shia001362Vols,479,1,376,203,69
90,1,942,JK001236,144,558,1482,673,86
90,1,353,Shamela0021765,2207,105,480,253,83
90,19,1017,Sham19Y0132416,104,594,1373,563,69
90,1196,1405,Shamela0003722,2103,469,677,151,88
90,1196,1405,Shamela0008473,4159,969,1170,139,83
90,11,482,Shamela0009270,173,924,1406,325,80
90,482,1017,Shamela0009270,174,1,528,403,94
90,1,471,Shamela0008206,806,399,859,358,96
90,1,879,Shamela0029677,1026,573,1464,641,87
90,879,1017,Shamela0029677,1027,1,139,108,99
90,1,343,Sham19Y0148271,588,1112,1457,245,88
90,343,1158,Sham19Y0148271,589,1,818,526,74
90,1,1017,JK000034,1,171,1213,764,91
90,85,231,JK000034,4,1239,1376,96,87
90,560,869,JK000034,29,265,591,242,92
90,560,912,JK000034,30,1009,1524,148,28
90,1,353,Shamela0013132,13,7,364,250,85
90,1109,1405,Shamela0013132,173,804,1263,180,52
90,1,353,JK006801,814,268,659,251,79
90,1,882,Shamela0021809,843,545,1425,641,89
90,882,1190,Shamela0021809,844,1,277,134,47
90,11,834,Shamela0001733,1075,568,1400,590,85
90,834,1190,Shamela0001733,1076,1,404,179,48
90,1,532,Shamela0001733,1107,878,1400,406,97
90,532,1190,Shamela0001733,1108,1,700,406,64
90,1202,1405,ShamAY0034134,576,716,1040,154,61
90,11,1280,Shia002069Vols,366,82,1397,828,74
90,108,1252,Shia002069Vols,502,1,1126,754,78
90,1,440,Sham19Y0016928,238,1056,1503,338,94
90,440,1190,Sham19Y0016928,239,1,727,485,77
90,686,869,Shamela0006446,2,162,342,139,97
90,1,1017,Shamela0006446,326,137,1141,746,90
90,1,369,Shamela0006446,424,1066,1425,275,95
90,369,1162,Shamela0006446,425,1,801,530,77
90,11,1045,Shamela0023100,259,119,1149,733,85
90,159,1162,JK001012,101,8,1004,660,79
90,1,1017,Shamela0021713,526,166,984,602,72
90,1,661,Shamela0025794,4072,784,1449,477,86
90,661,1190,Shamela0025794,4073,1,487,315,72
90,1,353,Shia003616Vols,2366,74,479,245,75
90,85,296,ShamAY0032379,334,589,782,122,68
90,85,283,Shia001887Vols,2080,219,396,86,51
90,686,1149,Shamela0008210,93,920,1192,174,44
90,1,1190,Shamela0008970,15,84,1381,806,72
90,1220,1405,Sham19Y0127677,12189,1072,1258,137,96
90,1,846,JK000083,275,439,1317,604,83
90,1,359,Sham19Y0037618,4980,46,443,254,79
90,1,440,Shamela0098087,295,1036,1156,72,20
90,1,994,Shamela0025791,819,447,1436,699,85
90,11,626,Shamela0012884,5190,896,1499,428,83
90,630,1017,Shamela0012884,5191,6,393,295,96
90,1,1002,Shamela0036446,1318,329,1430,700,74
90,85,231,Shia001960,143,917,1058,86,70
90,1,1190,Sham19Y0013223,277,27,1214,769,76
91,120,489,Sham19Y0014119,269,602,949,183,50
91,35,312,Shamela0013041,293,1072,1415,186,67
91,5,312,Shamela0009076,274,695,1051,186,62
91,775,1296,Shia002265Vols,443,810,1271,125,20
91,154,489,Sham19Y0017063,533,668,1059,163,49
91,397,825,Shia001782Vols,3542,1162,1459,194,57
91,345,615,Shamela0009567,962,1177,1424,165,72
91,120,466,Shamela0001404,323,1284,1581,169,57
91,123,312,Sham19Y0122257,1481,867,1097,120,63
91,123,334,Sham19Y0023618,1404,688,885,133,76
91,123,312,Shamela0038091,428,614,735,85,58
91,466,615,Shamela19Y0145334,23,729,860,105,86
91,379,595,Shamela0007798,736,138,756,134,26
91,374,775,Shamela0007798,8615,771,1159,200,52
91,120,466,Sham19Y0014601,6100,630,991,176,53
91,154,312,Shamela0023613,3738,1244,1385,103,80
91,123,312,Sham19Y0145212,1734,150,387,127,66
91,177,312,Tafsir03037,2159,986,1107,86,78
91,177,312,Shamela0029743,817,786,892,76,73
91,154,312,Shia001395Vols,85,584,740,103,77
91,67,312,Sham19Y0011402,743,28,316,136,58
91,120,312,Shamela0023623,3174,39,319,127,54
91,977,1342,Shia002034Vols,578,90,443,232,76
91,1,462,Shia002034Vols,2165,421,932,255,56
91,1063,1300,JK000475,2185,1041,1251,136,72
91,154,312,Sham19Y0020891,4785,729,943,104,61
91,177,312,Shamela0021659,1305,869,1048,97,67
91,5,443,JK001171,88,489,984,216,49
91,123,470,JK001236,142,860,1245,185,49
91,5,489,Shamela0117359,1167,153,799,254,45
91,1023,1228,ShamAY0033949,194,1339,1509,117,71
91,184,312,Shamela0001394,1250,304,433,93,87
91,1023,1268,JK011633,310,536,740,151,79
91,173,489,Sham19Y0020591,1839,1,376,154,45
91,387,615,Sham19Y0014592,1144,694,923,153,76
91,394,791,Sham19Y0014592,1160,162,432,182,57
91,123,466,Shamela0008360,371,1100,1398,160,52
91,47,306,Shamela0023578,2386,1236,1486,179,83
91,1076,1271,Shamela0011385,2975,95,229,78,53
91,148,466,Shia002218Vols,728,695,1007,154,58
91,11,615,Shia002218Vols,931,655,1230,247,40
91,127,466,Shamela0025800,908,47,434,182,51
91,1023,1268,Shamela0026563,16,403,657,188,95
91,136,306,Shamela0023588,1357,338,500,89,58
91,5,334,Shamela0003722,2358,591,923,220,79
91,5,312,Shamela0008473,3685,833,1188,210,71
91,312,615,Shamela0008473,4549,798,1073,190,77
91,394,778,Sham19Y0150960,1449,703,957,156,51
91,1043,1233,Sham19Y0018144,6636,594,811,110,66
91,394,778,Shamela0021766,4260,318,562,165,54
91,120,312,Sham19Y0017791,786,1105,1342,126,63
91,430,782,Sham19Y0148271,1925,236,475,157,56
91,5,466,Shamela0013132,22,483,1102,269,54
91,5,470,Shamela0001733,2865,391,963,247,48
91,115,312,ShamAY0034134,555,979,1290,137,55
91,11,312,ShamAY0034134,556,529,900,211,71
91,318,595,ShamAY0034134,557,1168,1412,183,82
91,163,312,JK000074,79,322,480,74,45
91,177,365,Shamela0001438,3754,1,223,109,59
91,123,312,JK001012,84,43,359,125,49
91,120,489,Shamela0008176,3216,833,1178,173,51
91,123,334,ShamAY0034066,1093,80,277,133,76
91,334,806,Shamela0025794,2785,279,657,221,57
91,154,312,Zaydiyya0000062,1533,1029,1187,113,85
91,154,306,Zaydiyya0000295Vols,731,594,735,101,82
91,977,1268,Shamela0008970,14,101,403,191,78
91,5,462,Shamela0008970,16,109,692,233,48
91,177,312,Sham19Y0127677,2167,912,1091,93,64
91,5,227,Sham19Y0127677,11992,400,691,137,58
91,5,312,Sham19Y0131521,6622,1011,1432,194,57
91,11,312,Shamela0007435,896,962,1317,207,72
91,177,312,Zaydiyya0000274,471,598,732,98,89
91,1063,1300,JK000735,125,1189,1399,136,72
91,1043,1233,ShamAY0032665,6636,499,716,110,66
91,394,778,Shia003732Vols,4054,89,333,165,53
91,120,470,Shamela0025791,815,1013,1377,175,49
91,438,605,JK007018,38,1114,1265,110,79
91,394,778,Shamela0011728,796,1021,1273,163,54
91,163,295,ShamAY0034052,1718,1444,1573,91,84
91,145,595,ShamAY0034059,4713,786,1066,136,38
91,120,306,ShamAY0036163,13,432,663,120,64
91,120,312,ShamAY0033729,142,1077,1267,131,80
91,154,312,JK000458,2657,579,738,113,85
92,510,915,Shia002265Vols,391,1112,1501,225,65
92,78,386,Shia002265Vols,409,346,575,150,57
92,489,958,Shia001782Vols,3510,636,1109,312,74
92,417,1192,Shamela0009567,953,67,760,399,55
92,645,958,Shia002261Vols,223,1000,1320,234,86
92,392,733,JK000021,297,1074,1431,240,82
92,953,1479,Shia002034Vols,1032,503,979,346,81
92,645,958,JK007006,1001,369,1092,231,39
92,645,958,Shamela0001975,538,279,597,235,86
92,417,839,JK000475,2244,1122,1467,259,75
92,645,958,Shamela0021659,765,295,615,234,86
92,989,1479,ShamAY0032891,6,832,1255,266,63
92,513,906,JK001236,27,222,592,257,75
92,489,874,Zaydiyya0000067,204,642,975,253,79
92,417,1238,Sham19Y0148271,2333,260,1033,438,60
92,458,958,Shamela0004473,15512,888,1384,316,68
92,641,1192,Shamela0004473,15513,22,691,221,32
92,392,958,JK009408,2434,537,1075,414,90
92,1,583,Shamela0001733,4992,303,874,340,64
92,386,839,Shamela0001733,4994,1008,1442,325,86
92,645,971,JK000216,318,932,1265,238,85
92,645,958,Shamela0001438,2282,442,772,235,84
92,212,386,Shamela0001438,4119,491,665,140,98
92,535,906,JK001012,319,949,1311,255,79
92,489,727,JK001012,342,1274,1475,155,82
92,727,958,JK001012,343,1,468,160,41
92,613,958,Shamela0025794,5128,19,391,247,78
92,192,386,JK009390,2744,922,1119,147,89
92,645,958,Sham19Y0127677,1465,531,772,173,63
92,212,386,Sham19Y0127677,2542,190,353,131,92
92,1,386,Sham19Y0127677,14638,176,537,281,90
92,417,906,JK000735,185,464,908,310,72
92,535,958,Sham19Y0013223,613,1,480,313,78
93,438,796,Sham19Y0014119,269,854,1257,242,74
93,486,737,Shia002265Vols,397,524,786,178,84
93,421,812,Sham19Y0017063,533,954,1409,277,76
93,441,1044,Sham19Y0122257,1482,603,1122,344,71
93,405,1044,Sham19Y0014601,6101,186,836,340,58
93,438,775,Shamela0010639,93,132,581,233,65
93,486,812,Shamela0012220,1425,1181,1447,127,40
93,441,1044,Sham19Y0145212,1734,705,1212,344,73
93,737,931,Shamela0022547,1671,1236,1428,87,54
93,486,821,Shamela0001975,906,338,671,192,66
93,268,859,JK000475,2069,589,1146,318,57
93,486,713,Shamela0021659,1197,1128,1355,161,87
93,441,867,JK001236,139,654,1117,308,83
93,486,867,Kraken2108092202141,401,756,1070,181,64
93,441,698,Shamela0010922,12,1137,1393,184,88
93,405,1044,Shamela0117359,1167,661,1379,356,61
93,418,867,Sham19Y0020944,1196,88,608,322,78
93,353,1157,Shamela0026390,39,143,963,395,50
93,472,737,Sham19Y0132416,104,42,308,187,85
93,405,1044,Sham19Y0020591,1839,238,1304,357,39
93,486,1044,Shamela0008360,372,1,477,311,69
93,176,760,Shamela0011385,2871,1111,1387,94,17
93,421,1048,Shamela0025800,904,542,1071,330,63
93,486,775,Shamela0000432,5134,847,1148,198,82
93,438,664,Sham19Y0016976,798,1229,1468,166,90
93,347,737,Sham19Y0148271,600,185,538,236,74
93,328,886,JK009408,880,860,1431,373,83
93,596,872,Shamela0001733,1157,1,288,194,83
93,438,765,ShamAY0034134,550,918,1298,222,73
93,340,859,ShamAY0034134,552,50,594,364,80
93,405,1044,Shamela0009810,1396,135,824,340,54
93,405,867,Shamela0023100,266,59,583,276,59
93,438,1048,JK001012,89,635,1256,346,61
93,143,1044,Shia001731Vols,814,216,1017,370,44
93,450,867,Sham19Y0023625,923,1,517,304,74
93,441,1048,Shamela0008176,3218,760,1318,347,66
93,610,859,Shamela0008176,3219,370,1042,179,34
93,347,1044,Shamela0025794,3014,129,787,353,52
93,430,737,JK009390,2107,455,777,199,77
93,486,698,Sham19Y0127677,2167,1119,1329,149,87
93,347,859,Sham19Y0127677,11992,889,1394,326,75
93,405,1044,Sham19Y0131521,6623,7,701,358,58
93,450,664,Sham19Y0131521,6636,970,1488,161,40
93,664,906,Sham19Y0131521,6637,1,340,141,50
93,392,859,Shamela0026324,4576,824,1023,130,35
93,176,518,ShamAY0033531,3622,410,896,117,30
93,265,518,ShamAY0033531,4805,14,368,80,26
93,268,1053,JK000735,8,22,830,340,40
93,410,1044,JK007049,185,6,534,308,60
93,401,1044,Shamela0004289,1151,325,985,366,65
93,486,859,Shamela0036446,1315,324,682,250,82
93,441,765,Sham19Y0013223,270,1136,1423,193,70
94,257,440,Sham19Y0038171,729,288,478,130,88
94,197,657,JK000001,584,126,473,238,64
94,147,429,ShamAY0033945,589,588,885,207,90
94,194,702,JK000475,2188,7,489,275,63
94,985,1252,Sham19Y0009382,12,1,269,192,90
94,133,1043,Shamela0021765,2162,41,1004,342,37
94,122,545,Shamela0026563,3,317,720,211,58
94,912,1252,ShamIbadiyya0000279,17,685,1022,238,86
94,261,721,Shamela0001438,3768,171,728,212,39
94,162,641,Shamela0025794,1314,575,1091,252,57
94,912,1252,Shamela0000782,1186,758,1095,238,86
94,7,702,JK000735,128,1,647,328,55
95,145,440,Shia002265Vols,409,615,915,215,91
95,599,898,Shia002265Vols,410,634,915,199,79
95,1133,1294,Shia002265Vols,653,880,1103,127,72
95,82,695,Shia001782Vols,3536,219,830,347,64
95,10,196,Shamela0009567,960,1258,1434,133,90
95,196,813,Shamela0009567,961,1,615,344,62
95,122,440,Shamela0000894,287,817,1120,217,82
95,82,440,Shamela0000894,288,41,405,266,90
95,122,390,Shamela0000894,5001,1277,1541,189,85
95,82,440,Shamela0000894,5002,513,877,266,90
95,145,440,Sham19Y0001729,3021,195,497,216,88
95,10,234,Sham19Y0001729,3629,1252,1473,156,85
95,234,440,Sham19Y0001729,3630,1,214,148,84
95,82,440,Zaydiyya0000133,50,963,1319,241,81
95,242,679,Sham19Y0038171,730,791,1230,178,44
95,100,413,Shia001432Vols,28677,1209,1498,203,81
95,257,599,Shamela0010922,13,403,693,170,62
95,113,308,Zaydiyya0000067,206,1177,1371,139,86
95,314,663,Zaydiyya0000067,207,1,273,152,54
95,6,465,Shamela0021765,2152,795,1254,312,83
95,446,898,Shamela0000347,1041,348,1240,288,39
95,898,1294,Shamela0001453,142,47,359,132,38
95,116,413,Shia001237Vols,1085,440,713,203,85
95,1,440,Sham19Y0148271,524,803,1234,315,88
95,1119,1294,Shamela0021809,2887,11,215,111,66
95,10,599,Shamela0021809,2915,472,971,340,71
95,1,660,Shamela0001733,855,377,1062,380,61
95,858,1128,Shamela0001733,877,705,969,181,83
95,1161,1356,Shamela0001733,878,1,312,134,55
95,440,1102,Shamela0001733,903,506,1188,374,62
95,496,880,Shamela0021715,9611,128,710,166,31
95,1,599,Shia002069Vols,230,627,1216,350,66
95,122,413,Shia001155,160,400,679,191,80
95,599,898,Shamela0001438,889,871,1152,201,81
95,145,381,Shamela0001438,3756,1201,1436,173,91
95,1133,1294,Shamela0001438,7335,257,481,124,70
95,474,871,Shamela0025794,4471,956,1380,199,53
95,10,599,Shamela0025794,4481,370,974,353,70
95,51,328,JK000786,2621,49,302,143,62
95,440,898,Shamela0008970,13,516,894,193,52
95,537,898,JK009390,979,595,913,217,73
95,100,684,JK009390,2267,118,554,282,59
95,1133,1308,JK009390,5479,125,364,129,69
95,599,898,Sham19Y0127677,959,1053,1330,199,80
95,145,684,Sham19Y0127677,2167,57,503,268,58
95,1179,1294,Sham19Y0127677,5292,1,162,85,67
95,10,177,Sham19Y0127677,11989,488,645,119,89
95,43,182,Shamela0026324,1150,320,562,62,35
95,21,673,Zaydiyya0000342,44,1,660,349,57
95,202,599,Sham19Y0013223,274,175,573,204,55
96,1203,1369,Sham19Y0017063,532,1033,1228,121,78
96,359,915,Shamela0010842,252,885,1393,275,54
96,1172,1369,Sham19Y0122257,1480,940,1143,128,71
96,1092,1363,Shia001976Vols,991,642,896,180,81
96,1172,1369,Sham19Y0145212,1733,417,620,129,72
96,516,1369,ShamAY0033938,1490,413,1136,395,51
96,513,1315,ShamAY0033938,1491,9,442,280,44
96,986,1363,JK011496,75,796,1319,219,49
96,1,341,JK000475,2068,797,1131,232,82
96,620,1363,JK000475,2187,5,596,257,39
96,40,341,JK001236,143,1039,1329,212,89
96,1032,1369,Shamela0117359,1165,556,1024,196,48
96,535,1226,Sham19Y0017616,476,1003,1425,260,47
96,1032,1363,ShamAY0034005,1132,307,678,207,66
96,1172,1369,Sham19Y0020944,1194,379,760,144,48
96,850,1331,Sham19Y0122406,3962,1115,1436,205,53
96,1032,1315,Sham19Y0020591,1836,1165,1409,155,64
96,1172,1369,Shamela0008360,371,302,505,129,72
96,1164,1369,Sham19Y0017791,785,948,1160,131,71
96,1231,1369,Sham19Y0017791,786,16,183,99,75
96,1109,1363,JK000201,4084,33,252,105,45
96,1032,1334,Shamela0013132,9,978,1244,182,72
96,26,393,Shamela0001733,905,1,388,238,75
96,1080,1369,Shamela0030291,5,813,1124,174,65
96,347,1032,ShamAY0034134,531,14,797,331,47
96,128,341,Shamela0001438,3765,789,989,148,89
96,40,252,JK001012,96,1235,1441,156,93
96,1076,1369,Shamela0010803,354,35,684,201,38
96,1092,1363,JK000786,2920,1028,1282,180,81
96,1128,1321,JK000786,2921,17,400,105,35
96,1106,1369,Shamela0000782,1158,831,1112,173,71
96,347,891,Shamela0008970,9,305,824,275,57
96,128,359,Sham19Y0127677,2188,434,652,151,85
96,1,156,Sham19Y0127677,12065,643,789,113,93
96,1038,1369,Sham19Y0131521,6621,23,418,193,55
96,1051,1355,Sham19Y0131521,6631,344,1019,166,30
96,611,1363,ShamAY0033531,3618,448,1089,366,56
96,1106,1369,ShamAY0033531,4800,768,1131,147,50
96,657,1363,ShamAY0033531,4801,1,592,329,54
96,1068,1334,JK000735,6,1056,1313,175,82
96,1,341,JK000735,7,198,532,232,82
96,445,1363,JK000735,127,15,750,355,44
96,1092,1363,JK007049,61,844,1099,179,81
96,1080,1369,Shamela0004289,1170,635,963,182,67
96,596,1315,JK000314,70,1,375,225,39
96,40,282,Sham19Y0013223,273,1180,1419,179,94
97,242,1180,Shamela0003118,7391,209,1110,482,55
97,701,1004,Shia002265Vols,410,872,1202,206,81
97,239,656,Shia002265Vols,653,1118,1423,232,71
97,656,1187,Shia002265Vols,654,1,532,301,70
97,1134,1351,Shia001782Vols,3545,151,356,157,89
97,151,692,JK006838,1648,919,1452,255,46
97,692,1004,JK006838,1649,7,344,225,86
97,10,163,Shamela0010842,251,1213,1394,96,69
97,457,1047,JK000916,13951,1,595,403,86
97,180,1022,JK000916,25272,320,1145,477,61
97,627,935,Shia001391,156,1130,1481,160,54
97,239,1004,Shamela0010639,97,664,1190,315,48
97,242,886,Shamela0021578,6,1041,1439,220,39
97,483,1004,Shamela0021550,141,738,1259,241,50
97,242,1019,ShamAY0033728,52,129,649,318,48
97,743,1014,ShamAY0033728,68,153,432,198,91
97,743,1022,ShamAY0033728,69,203,492,202,89
97,743,1004,Shamela0000482,15,31,316,179,75
97,743,1004,ShamIbadiyya0000185,1989,972,1245,168,72
97,1004,1351,Shia002034Vols,1048,764,1082,227,80
97,10,163,Shamela0000216,95,448,626,98,70
97,242,1196,Shamela0000216,97,274,891,340,42
97,462,1004,Sham19Y0038171,782,197,685,239,50
97,627,1014,Shia001432Vols,28764,443,864,213,61
97,749,1022,Shia001432Vols,31358,923,1219,171,70
97,743,1004,Shia001432Vols,32168,442,760,173,63
97,483,1004,JK000001,622,704,1225,241,50
97,576,1004,ShamAY0035035,3226,339,812,212,54
97,145,1187,JK001171,89,287,1132,361,38
97,743,1014,Zaydiyya0000053,690,533,814,199,91
97,627,1291,JK006919,983,1067,1358,179,34
97,524,876,Shamela0009780,1282,1173,1510,209,73
97,151,532,Shamela0021765,2150,1089,1431,106,23
97,430,1183,Shamela0021765,2151,1,781,472,68
97,10,163,Sham19Y0122406,3962,292,473,96,61
97,647,1004,Sham19Y0132416,103,585,899,215,76
97,467,1187,Sham19Y0014592,2805,523,1160,260,40
97,180,886,Shamela0009270,174,726,1404,362,52
97,10,122,Shia001831Vols,537,14,135,86,91
97,743,1004,Shia004672,103,284,583,198,86
97,612,1004,Shamela0009795,254,1004,1369,222,68
97,743,1004,Shamela0010517,2388,635,931,198,87
97,171,1039,Shamela0013132,15,681,1322,418,60
97,1019,1338,Shamela0013132,18,919,1313,164,49
97,627,1291,JK006801,813,968,1270,198,38
97,508,1004,Shamela0007351,523,9,519,349,88
97,276,743,Sham19Y0017530,16,300,762,177,34
97,10,140,Shamela0030291,5,1130,1260,83,80
97,239,1019,ShamAY0034134,577,191,733,317,47
97,151,1004,ShamAY0034134,579,93,890,517,69
97,791,1004,Shamela0028168,180,1,224,159,92
97,1156,1351,Shamela0028168,291,849,1052,136,82
97,749,1022,Shia001288,119,632,966,171,62
97,260,1180,ShamAY0032826,143,88,992,526,66
97,576,1030,ShamAY0032826,144,1,529,322,79
97,176,679,Shamela0026884,106,914,1378,225,43
97,679,1180,Shamela0026884,107,1,640,301,56
97,647,903,Shamela0001438,956,1317,1545,137,67
97,1196,1351,Shamela0001438,1045,887,1038,119,96
97,1191,1338,Shamela0001438,1614,1032,1184,95,77
97,734,1291,Shamela0001438,3756,586,834,164,37
97,239,841,Shamela0001438,7357,932,1459,309,57
97,239,1004,Sham19Y0023625,940,32,558,312,47
97,647,1004,Shamela0021713,525,33,425,247,82
97,743,1004,Shamela0021713,1134,86,382,198,87
97,151,1004,Shamela0009385,17,418,1275,481,60
97,743,1004,JK009390,425,652,927,199,94
97,1123,1338,JK009390,846,163,471,115,48
97,734,1291,JK009390,2271,691,940,164,37
97,1115,1351,JK009390,3012,500,748,131,53
97,239,1191,JK009390,3613,205,1090,478,55
97,1191,1338,Sham19Y0127677,787,1040,1192,95,77
97,743,1004,Sham19Y0127677,1051,720,994,200,95
97,824,1291,Sham19Y0127677,2173,1,166,112,30
97,239,935,Sham19Y0127677,5310,729,1385,388,62
97,705,1180,Sham19Y0127677,12007,1,575,284,60
97,171,1004,Sham19Y0127677,20041,502,1097,386,55
97,743,1004,Sham19Y0000760,310,473,705,176,88
97,627,1291,Sham19Y0037618,4979,71,373,198,38
97,151,1004,Shamela0007435,1067,736,1408,373,49
97,10,122,ShamAY0033531,3619,410,531,86,91
97,10,140,Sham19Y0017903,972,682,810,85,82
97,743,1004,Shamela0098087,42,1001,1203,154,76
97,10,140,Shamela0098087,42,35,165,84,81
97,10,140,Shamela0025791,815,1,131,84,81
97,239,1004,Shamela0025791,821,63,579,313,48
97,1004,1351,JK011598,144,774,1098,219,76
97,10,168,Sham19Y0132524,2877,1023,1209,92,62
98,357,786,ShamAY0033731,191,692,1019,162,50
98,357,771,Shia002616Vols,5247,752,1089,198,60
98,543,976,Shamela0010488,402,215,584,210,55
98,507,984,Sham19Y0014462,153,732,1217,253,54
98,507,971,Sham19Y0001729,425,111,616,257,60
98,470,799,Shamela0022547,7,1115,1396,181,70
98,507,771,ShamAY0033522,696,703,955,192,93
98,156,326,JK000475,2067,1138,1327,119,80
98,120,489,JK000475,2186,821,1313,190,47
98,367,951,JK000475,2191,93,536,231,49
98,156,427,Shamela0117359,1171,368,674,175,72
98,597,771,Shamela0028107,690,1,176,134,98
98,150,417,Shamela0012991,147,720,1151,171,49
98,532,786,ShamIbadiyya0000438,856,172,396,156,78
98,507,786,Shamela0007891,77,829,1091,202,93
98,507,786,Shamela0007891,760,196,458,196,91
98,417,976,Shamela0009697,58,773,1339,286,51
98,507,976,Shamela0000551,2963,1026,1400,248,64
98,586,976,Shamela0001719,4002,1,380,201,64
98,427,971,ShamAY0034123,1,990,1501,231,47
98,507,771,Sham19Y0006684,4221,716,971,192,92
98,481,786,Shamela0009270,182,758,1047,211,88
98,507,786,Shamela0029639,16,629,892,203,94
98,150,417,Sham19Y0148271,2020,914,1326,147,43
98,156,434,Shamela0013132,19,473,935,173,47
98,150,417,Shamela0021809,2958,311,744,168,49
98,1,417,ShamAY0034134,554,705,1244,189,39
98,251,417,ShamAY0032870,22,6,290,115,50
98,198,417,Shamela0001341,82,702,1089,140,46
98,337,786,ShamIbadiyya0000155,118,457,756,187,54
98,562,671,JK000216,123,875,989,83,94
98,507,771,Shia002119Vols,3614,70,322,192,93
98,150,322,Shamela0025794,3809,438,619,115,76
98,136,497,JK000786,2906,505,904,233,66
98,120,641,Shamela0001456,191,480,1088,223,40
98,198,417,Shamela0009385,14,1,279,145,67
98,535,756,Shamela0037325,1783,1281,1480,153,89
98,512,771,Shamela0021751,7117,157,404,189,94
98,1,322,Shamela0008970,12,309,597,133,44
98,507,771,Shamela0012399,3787,624,889,202,98
98,507,763,Shamela0012399,3789,1225,1469,187,94
98,156,391,Sham19Y0131521,6626,1148,1422,153,71
98,1097,1312,Shamela0006410,12,202,698,139,35
98,156,641,JK000735,6,540,1204,211,33
98,120,434,JK000735,126,957,1387,178,49
98,367,951,JK000735,131,266,709,231,49
98,156,644,Shamela0004289,1176,301,888,215,37
98,178,417,Sham19Y0016877,82,442,848,156,48
98,557,786,Shamela0021479,126,391,610,159,88
99,450,899,JK007016,495,36,470,190,49
99,213,642,JK000475,2190,811,1221,198,51
99,366,763,Sham19Y0020591,1414,32,381,199,59
99,321,711,Shamela0025800,955,1,310,171,52
99,450,711,Shamela0003722,3106,479,725,177,82
99,835,1243,Shamela0009270,197,837,1333,225,54
99,239,884,Shia002069Vols,444,889,1434,252,43
99,742,1048,JK000786,2302,122,424,173,67
99,503,1160,JK000786,3004,122,697,207,30
99,287,952,JK001435,75,166,640,278,52
99,278,899,Sham19Y0131521,5318,582,1166,277,50
100,375,494,Shia002265Vols,390,417,562,72,62
100,375,767,Shia001782Vols,3567,111,400,123,38
100,610,847,Sham19Y0013252,9307,1315,1489,127,67
100,610,847,JK009324,3451,774,945,119,63
100,590,847,Zaydiyya0000149,18,119,419,150,64
100,393,494,Zaydiyya0000100,639,443,549,75,95
100,656,994,ShamAY0032781,108,553,934,182,55
100,661,847,Shamela0029639,8,1,241,139,74
100,763,1120,Shamela0021809,801,1,434,167,43
100,707,1207,ShamAY0034134,115,701,1388,267,42
100,375,523,Shamela0001438,3770,460,574,75,68
100,953,1207,Sham19Y0023625,359,1029,1488,113,25
100,375,523,Sham19Y0127677,2183,1223,1337,75,68
100,393,494,Zaydiyya0000233,10,1235,1341,75,95
100,393,489,Zaydiyya0000098,605,1450,1551,71,95
100,375,641,Zaydiyya0000342,44,596,792,93,48
101,637,956,Shia002034Vols,1682,638,952,191,71
101,763,1235,ShamAY0032922,13,80,528,180,38
101,897,1402,Shamela0005922,426,95,505,198,43
101,720,1117,Shamela0026474,16,1,404,208,54
101,930,1402,Sham19Y0148486,202,1,484,234,51
101,606,956,Zaydiyya0000010,39,1085,1326,143,47
101,61,287,Shamela0012579,2648,215,421,122,63
101,876,1297,Shamela0021809,801,5,469,202,46
101,186,794,Shamela0001733,965,72,528,131,24
101,1036,1402,Shamela0001733,1149,1,287,139,42
101,149,876,Shamela0001438,6247,690,1032,170,28
101,584,956,Zaydiyya0000267,52,442,782,163,47
101,511,1199,Sham19Y0131521,154,374,970,236,32
101,472,1394,Sham19Y0146127,87,654,1136,260,34
101,1059,1408,ShamAY0033975,506,1,400,146,34
101,866,1402,Shamela0004289,228,825,1384,258,48
102,185,776,Shia002265Vols,2932,532,816,191,40
102,348,534,ShamAY0033945,230,1,185,134,88
102,109,436,Shamela0007891,154,965,1386,151,43
102,109,761,Shamela0005922,426,340,770,206,39
102,46,448,Shamela0008544,47,27,453,224,63
102,10,441,JK007082,695,657,1100,184,45
102,100,761,Shamela0021809,801,274,535,159,30
102,46,404,Sham19Y0016599,49,452,793,191,65
102,514,892,Shamela0001733,1148,943,1313,227,64
102,1067,1382,ShamAY0034134,118,670,987,222,84
102,286,914,Shia002069Vols,643,839,1435,257,41
102,100,455,Shamela0009810,162,50,462,219,64
102,190,776,Shamela0001438,1600,608,977,217,45
102,100,448,Shia001731Vols,67,57,436,213,66
102,46,462,JK000679,3,522,915,230,66
102,100,441,Shamela0025794,3590,598,869,147,48
102,100,529,Shamela0025794,3598,841,1009,126,36
102,79,776,JK000940,24,801,1401,222,28
103,480,1232,ShamAY0034282,110,987,1228,145,24
103,273,590,Shia002034Vols,1774,1202,1413,125,47
103,497,979,ShamAY0031687,52,144,503,136,31
103,775,1402,ShamAY0038063,20,615,986,145,31
103,464,1128,Shia001989,17,615,1135,183,30
103,627,965,Shamela0003722,7924,663,869,134,49
103,845,1232,Shamela0035261,99,294,399,78,25
103,370,1186,Shamela0013132,6,1,828,307,38
103,299,644,Shamela0013132,71,1027,1329,149,51
103,815,1369,Shamela0007351,209,610,1041,129,22
103,330,590,Shamela0012579,1301,695,873,116,56
103,286,590,ShamAY0034134,89,73,369,168,62
103,965,1287,ShamAY0034134,129,648,965,227,85
103,590,1398,Shamela0021473,5,504,1024,188,26
103,845,1287,JK001012,128,211,502,136,36
103,845,1232,Shamela0005963,165,676,781,78,25
103,407,965,Shamela0008970,20,484,997,184,36
103,299,556,Sham19Y0127677,7731,1300,1479,116,57
103,471,1247,Shamela0021731,37,525,1011,161,20
103,845,1232,Shamela0009329,83,1357,1457,78,25
103,845,1398,JK006897,5,889,1180,114,23
104,256,713,ShamAY0034002,25,362,788,247,65
104,263,509,Shamela0011569,77,1143,1390,140,63
104,454,1327,ShamAY0034282,114,855,1020,114,16
104,333,952,Shamela0021765,208,747,1318,243,37
104,65,245,Zaydiyya0000149,20,158,313,95,67
104,11,132,Sham19Y0016599,55,400,713,66,26
104,269,531,ShamAY0034134,134,1123,1382,177,86
104,294,713,Shia001731Vols,87,1,408,186,48
104,1,488,JK000786,2,458,878,186,45
104,1,235,JK000786,3020,57,269,109,55
104,256,626,Sham19Y0127677,13865,1,497,176,43
104,256,713,Sham19Y0127677,13989,100,578,201,46
104,565,1134,JK000477,46,104,658,359,78
105,1,224,Shamela0013041,118,717,934,163,92
105,24,399,Shamela0010480,502,1,401,210,63
105,1,346,JK000916,6552,1,312,191,68
105,984,1357,Shia001976Vols,271,546,811,140,50
105,984,1357,Shia001976Vols,302,580,960,155,43
105,1,250,Shamela0011569,78,1039,1286,179,89
105,1,329,Shamela0011569,79,632,933,196,75
105,1,230,Shamela0030305,31,1062,1291,179,100
105,1,399,Shamela0013087,151,1082,1411,169,46
105,788,1010,Shamela0006610,61,987,1204,107,62
105,1,356,Shamela0021765,208,778,1244,239,65
105,1,438,Shamela0005922,263,246,638,239,68
105,946,1357,ShamAY0033973,199,465,769,131,41
105,547,1060,Sham19Y0148486,120,686,1421,241,36
105,1,562,Sham19Y0148486,120,478,1109,332,57
105,1,470,Shia002003Vols,129,398,985,211,39
105,910,1128,ShamAY0034134,132,208,419,164,96
105,1118,1357,ShamAY0034134,135,790,1017,112,58
105,8,230,Shamela0025794,4413,1124,1347,167,96
105,814,1357,ShamAY0033585,43,570,904,148,34
105,1037,1357,Sham19Y0127677,13989,293,608,181,66
105,1,224,JK007049,143,1250,1468,170,97
105,8,224,ShamAY0033590,61,309,526,162,96
105,1,394,Sham19Y0123608,115,717,1322,183,35
105,1,242,Sham19Y0146127,44,296,537,176,95
105,1,441,Shamela0013066,60,355,795,217,47
106,353,587,Shamela0000427BK2,1077,594,810,152,84
106,227,587,ShamAY0034128,60,121,402,158,56
106,883,1321,ShamAY0034128,68,836,1297,197,46
106,286,587,ShamAY0038324,49,189,488,207,85
106,643,1181,Shia001976Vols,921,171,586,190,41
106,622,1181,Shia001976Vols,939,321,834,213,42
106,842,1181,Shia001976Vols,951,1,354,133,32
106,1140,1321,Shamela0010639,41,986,1175,136,87
106,1185,1321,Shamela0001975,876,498,662,101,74
106,1023,1327,Shamela0021602,40,12,347,182,63
106,159,587,Shamela0008540,1323,1191,1503,176,52
106,1185,1321,Shamela0021659,1172,948,1092,101,84
106,1125,1321,Shamela0005922,374,704,908,146,88
106,29,280,JK000533,564,92,320,137,66
106,280,587,Shamela0008544,212,8,278,170,68
106,21,587,Shamela0010657,438,383,950,229,36
106,249,774,Sham19Y0013667,163,571,1139,237,48
106,1043,1362,Shia003488Vols,563,850,1157,176,65
106,280,587,Sham19Y0014313,1095,287,541,162,66
106,872,1321,Sham19Y0148271,207,131,619,195,41
106,21,451,JK009408,2113,712,1296,183,36
106,670,1181,Shamela0021570,27,199,620,193,44
106,56,427,Shamela0001733,1303,1105,1407,177,60
106,427,811,Shamela0001733,1304,1,375,151,36
106,15,747,Shamela0001733,4353,753,1343,202,27
106,784,1002,ShamAY0034134,136,1,193,148,86
106,1149,1321,ShamAY0034134,146,972,1152,127,86
106,1039,1367,ShamAY0034134,148,254,560,208,81
106,1,747,Shamela0009810,202,111,773,287,41
106,1026,1380,Shamela0009810,222,1023,1455,219,61
106,1,587,Shia001731Vols,87,229,731,256,48
106,912,1380,Shia001731Vols,99,508,1081,240,50
106,898,1327,Shamela0025794,2454,181,540,197,50
106,1140,1321,JK009390,2071,39,209,116,73
106,1,451,Shamela0011428,23,183,637,160,39
106,280,653,Sham19Y0127677,13867,219,826,202,40
106,1115,1321,Shamela0001875,146,937,1137,144,82
106,362,747,Shamela0001875,363,378,712,182,57
106,369,756,ShamAY0033975,189,436,872,192,46
106,60,280,ShamAY0033975,191,609,838,149,82
106,280,747,ShamAY0033975,302,98,612,280,66
106,1115,1321,ShamAY0033975,304,605,819,155,89
106,432,610,JK000653,240,1131,1311,118,83
107,163,302,Sham19Y0014119,91,42,227,109,75
107,527,633,Shia002265Vols,2907,225,331,82,100
107,408,633,Shia002265Vols,2968,480,897,167,51
107,141,514,Sham19Y0017063,110,841,1234,163,45
107,480,898,Shia001782Vols,270,186,647,195,47
107,95,302,Sham19Y0017885,136,661,911,150,76
107,1,160,Shamela0021602,40,369,515,87,62
107,548,980,ShamAY0035035,736,547,931,169,39
107,718,994,JK000475,2081,984,1209,148,68
107,160,302,Shamela0021659,1172,712,1092,103,34
107,480,821,Shamela0021765,214,120,548,156,38
107,704,980,Shamela0021765,219,1207,1384,130,61
107,821,980,Shamela0005922,375,364,522,121,95
107,155,302,Sham19Y0016976,267,877,1070,112,74
107,95,302,Sham19Y0017729,67,1019,1255,139,71
107,155,302,Sham19Y0017791,164,99,292,112,74
107,339,821,JK006801,23,251,785,243,47
107,127,824,Shamela0021570,30,31,775,281,36
107,95,527,Shamela0021723,682,848,1478,167,29
107,123,302,Sham19Y0016599,271,1310,1530,136,77
107,639,980,ShamAY0034134,145,683,1158,229,57
107,12,302,ShamAY0034134,148,250,517,167,66
107,821,980,Zaydiyya0000259,225,650,815,119,88
107,527,633,Shamela0001438,3583,435,541,82,100
107,408,633,Shamela0001438,5373,476,900,172,51
107,255,937,Sham19Y0023625,402,479,1139,249,35
107,58,320,JK000786,3018,549,1095,182,42
107,31,320,Shamela0008970,21,22,282,156,71
107,527,633,JK009390,2181,168,275,82,99
107,527,633,JK009390,3362,113,220,82,99
107,408,614,JK009390,4737,1088,1484,136,42
107,527,633,Sham19Y0127677,2056,1141,1247,82,100
107,408,633,Sham19Y0127677,3577,793,1217,172,51
107,416,633,Sham19Y0127677,11290,404,736,153,57
107,718,980,Sham19Y0127677,12051,658,893,153,65
107,408,639,Sham19Y0127677,17492,212,636,167,50
107,6,302,Shamela0005583,15,972,1313,150,50
107,527,664,Sham19Y0131521,416,76,206,91,86
107,480,633,Sham19Y0037618,331,46,199,119,100
107,95,872,Sham19Y0017903,112,170,769,316,49
107,85,302,ShamAY0033975,304,605,819,149,83
107,454,821,Sham19Y0013223,133,400,811,171,45
108,717,1168,Shia002265Vols,5077,638,971,242,68
108,553,1168,ShamAY0033945,2304,436,1026,373,70
108,515,962,JK000055,166,978,1428,248,57
108,567,1168,Shamela0013027,106,83,610,317,62
108,508,900,Shamela0009773,2786,861,1253,217,60
108,515,1109,ShamAY0038139,40,872,1437,428,91
108,521,1015,ShamAY0034134,75,878,1389,359,87
108,831,1168,JK000216,287,59,389,209,74
108,907,1168,Shamela0001438,4053,617,890,154,61
108,628,1058,Shamela0001438,5003,1149,1459,199,58
108,567,1185,Shia001881,9,22,639,375,67
108,903,1168,JK009390,2468,58,341,157,60
108,659,1168,JK009390,3533,660,1030,257,64
108,907,1168,Sham19Y0127677,2331,979,1252,154,61
108,717,1168,Sham19Y0127677,2954,66,402,243,68
108,553,1168,Sham19Y0127677,12384,770,1358,371,69
108,562,1168,Sham19Y0127677,12963,10,584,366,70
108,553,1168,Sham19Y0127677,16075,681,1271,374,70
109,256,539,Shamela0003118,4852,688,990,216,90
109,256,539,JK000916,16596,1023,1325,218,91
109,38,588,Shia001976Vols,100,197,855,240,42
109,256,504,Shia001131Vols,419,78,420,155,53
109,640,1300,Shamela0010639,33,170,672,260,48
109,1076,1393,Shamela0001686,367,124,440,163,59
109,141,475,ShamAY0033599,50,1155,1474,161,55
109,446,905,Shia001975,10,285,896,224,44
109,1050,1346,JK000021,1801,283,599,152,55
109,539,816,Shamela0026733,21,314,686,199,65
109,1004,1307,Sham19Y0001729,1844,535,1197,171,32
109,1089,1304,Shamela0000216,138,1054,1273,126,64
109,256,539,Shia001432Vols,15450,838,1137,212,90
109,5,539,Shia001432Vols,15561,275,943,260,41
109,5,539,Shia001432Vols,26762,206,868,255,40
109,256,539,Shia001432Vols,30267,965,1339,192,65
109,557,790,ShamAY0033945,597,1239,1494,159,77
109,1072,1361,ShamAY0033945,2303,1113,1401,156,63
109,256,539,Shia001270Vols,328,202,502,210,89
109,1022,1346,Shamela0117359,935,933,1269,155,51
109,1101,1346,Sham19Y0020944,915,881,1163,136,57
109,844,1000,Shamela0000956,649,204,352,115,94
109,256,539,Shamela0021765,885,377,679,215,89
109,144,532,Shamela0021765,1734,57,587,210,44
109,184,545,Shamela0013027,113,1003,1347,246,84
109,1004,1346,Sham19Y0020591,1448,810,1158,154,48
109,316,539,Shia001382,65,5,239,167,90
109,256,539,ShamAY0033973,25,570,873,217,90
109,1029,1300,ShamAY0033973,193,1201,1468,144,56
109,256,539,Shia004030Vols,2275,336,633,214,90
109,256,504,Shia004030Vols,2282,1156,1461,167,70
109,1076,1304,Shamela0001453,22,15,230,129,64
109,446,816,Shamela0008203,156,739,1319,188,39
109,1126,1300,Shamela0008203,157,1,182,106,65
109,184,539,Shamela0008473,1925,1159,1503,219,73
109,256,460,Shia001237Vols,679,1129,1449,141,55
109,316,539,Shia001237Vols,680,169,396,164,92
109,539,816,ShamAY0032834,13,716,1087,182,58
109,256,539,Shia004092Vols,3232,631,934,211,88
109,256,539,Shia004092Vols,6553,738,1007,187,77
109,256,539,Shia004092Vols,6555,294,601,217,89
109,256,539,Shia003697,84,308,608,210,89
109,256,491,Shia001334,341,1249,1534,157,69
109,1029,1300,Sham19Y0148271,710,463,713,144,64
109,184,491,Sham19Y0148271,1657,1239,1518,167,66
109,1054,1300,Shamela0013132,70,1026,1260,180,92
109,557,816,Shamela0013132,117,714,980,178,83
109,84,607,Shamela0021570,350,667,1295,234,41
109,256,592,Shia001421Vols,361,620,1068,205,55
109,256,539,Shia001421Vols,372,639,937,212,90
109,545,816,ShamAY0034134,72,1033,1352,186,72
109,1101,1300,ShamAY0034134,74,1,212,125,67
109,109,523,ShamAY0034134,76,1067,1467,264,73
109,256,539,Shia003707Vols,149,441,722,199,84
109,1072,1304,Shamela0029721,5,662,881,131,64
109,55,539,Shamela0001438,5541,902,1346,222,51
109,640,1178,Sham19Y0023625,285,1033,1390,196,46
109,1076,1416,Shamela0010803,257,175,593,179,54
109,1029,1361,Shamela0025794,2003,492,758,152,56
109,256,539,Zaydiyya0000352,57,840,1168,193,73
109,1101,1300,Shamela0010283,3879,253,452,117,65
109,603,816,Shamela0000140,1299,1,209,124,74
109,256,451,Shamela0004445,3667,1263,1471,144,86
109,446,816,Shamela0008970,145,975,1387,199,56
109,55,539,Sham19Y0127677,3636,993,1368,220,56
109,561,816,Sham19Y0127677,11103,7,259,166,78
109,557,781,Sham19Y0127677,12385,331,555,156,83
109,184,528,Sham19Y0127677,18023,986,1448,187,46
109,1081,1346,Sham19Y0131521,5451,747,1036,142,57
109,239,592,Sham19Y0037618,7274,145,527,239,72
109,607,816,Shamela0012052,268,1,160,117,73
109,1059,1300,JK000735,72,317,557,168,84
109,1148,1346,Sham19Y0017903,891,1,233,100,50
109,256,539,Shia001273Vols,414,1110,1415,212,88
109,1089,1300,Shamela0025791,728,139,361,135,70
109,1050,1383,Shamela0004289,1183,165,474,185,66
109,539,922,Zaydiyya0000342,433,262,789,212,51
109,539,905,Shamela0011404,296,96,532,173,46
110,747,1240,Shamela0009242,643,793,1246,213,41
110,747,1042,Shamela0009242,644,1234,1546,180,61
110,517,1042,Shamela0035100,1410,167,646,248,45
110,28,259,Shia001782Vols,2999,1,322,146,52
110,4,192,Sham19Y0122257,2527,363,518,112,71
110,747,1038,Shamela0005772,168,253,535,179,67
110,1,192,ShamAY0034569,682,721,859,104,70
110,1,204,Shamela0010639,34,111,304,135,84
110,1,236,ShamAY0032964,23,607,790,118,59
110,517,1042,Shamela0001686,2872,661,1142,260,51
110,622,1042,Sham19Y0018103,3509,891,1279,249,65
110,511,1038,Shamela0037837,477,681,1338,268,48
110,378,1240,JK000021,1803,77,832,317,33
110,622,1042,Sham19Y0013252,8836,1034,1422,249,65
110,622,1042,Sham19Y0013605,4178,644,1054,251,63
110,603,1240,ShamAY0033945,744,1,585,323,56
110,699,1042,JK007065,1512,198,643,220,55
110,1,299,Shamela0026484,467,1153,1368,151,64
110,34,536,ShamAY0033053,451,333,757,161,34
110,747,1038,Sham19Y0020638,979,60,375,190,66
110,508,902,ShamAY0034005,1029,894,1345,198,47
110,699,1240,Sham19Y0020944,916,490,927,221,45
110,747,1042,JK009324,3093,857,1154,179,63
110,1,192,Shamela0007891,1983,1200,1339,106,71
110,651,1240,Shamela0007891,1984,4,548,265,47
110,34,192,Shamela0021765,1358,234,776,84,18
110,622,1240,JK000110,1554,583,1262,299,43
110,1,192,ShamAY0033973,162,714,881,126,82
110,699,1042,Shamela0025800,3044,541,891,196,56
110,1,265,JK000482,69,712,1335,137,25
110,1,259,JK000778,734,742,936,147,72
110,747,1248,Shamela0000170,1094,773,1162,222,51
110,547,1230,JK009408,2477,329,935,261,42
110,34,182,JK006801,954,1191,1372,93,66
110,1,299,Shamela0005610,155,610,839,161,69
110,34,236,Shamela0000193,5,1016,1235,114,56
110,1068,1313,Shamela0001733,2433,750,1005,179,87
110,21,495,Shamela0001733,2892,1040,1396,213,53
110,541,1230,Shamela0001733,5071,613,1196,282,50
110,1,259,ShamAY0037109,194,1189,1387,150,74
110,21,536,JK000946,38,166,632,148,26
110,1,192,ShamAY0034134,79,135,291,111,74
110,199,511,ShamAY0034134,82,568,913,195,66
110,622,1042,Shamela0021715,8954,901,1289,249,65
110,517,1117,Shamela0010906,1718,499,1030,248,40
110,1074,1327,Shamela0026884,360,483,734,178,90
110,34,236,Shamela0001438,7591,75,259,106,67
110,699,934,Sham19Y0023625,289,1206,1419,133,61
110,192,495,Sham19Y0023625,294,803,983,91,39
110,699,1038,ShamAY0033659,11,163,443,205,72
110,1,192,Shamela0008176,5474,1010,1168,121,81
110,1,192,Shamela0010803,257,593,753,113,73
110,491,1038,Shamela0010803,257,600,1271,311,50
110,1,495,JK000679,151,466,824,142,31
110,651,1244,Shia003616Vols,1578,735,1265,260,43
110,1,259,Shamela0010283,4188,845,1064,160,77
110,612,1042,Sham19Y0018106,3582,472,892,255,62
110,1,299,Shia001887Vols,2656,856,1085,161,69
110,1,192,ShamAY0035223,5,115,290,123,77
110,34,236,JK000786,2997,887,1079,106,63
110,622,1042,Sham19Y0018176,2126,267,677,251,63
110,1,259,Shamela0008970,146,137,615,170,42
110,34,236,JK009390,7260,649,857,124,74
110,34,236,Sham19Y0127677,5510,1195,1390,112,67
110,699,1038,Shamela0003485,318,404,715,207,69
110,34,236,Sham19Y0037618,5704,298,534,132,71
110,142,495,Sham19Y0037618,5705,74,620,108,19
110,1,277,Shamela0007435,339,665,930,193,86
110,34,236,Shamela0026324,2538,434,738,111,39
110,1,236,Shia003732Vols,3095,121,412,160,66
110,699,1012,Shamela0025791,736,1253,1502,160,55
110,1,192,ShamAY0032809,12,361,536,123,77
110,622,1019,Sham19Y0016584,3917,121,485,232,64
110,747,1038,Shamela0036446,678,837,1106,180,70
111,95,410,Shia001976Vols,1003,234,508,152,62
111,1,333,Shamela0001686,300,567,823,111,35
111,862,1255,Shamela0021659,1047,815,1033,103,35
111,692,934,Shamela0012991,252,601,826,161,82
111,1,298,Shamela0021765,487,533,771,149,65
111,167,339,Shamela0013027,201,500,649,99,70
111,866,1297,Shamela0013132,49,1,362,235,65
111,1,339,Shamela0021570,384,949,1224,137,52
111,646,934,ShamAY0034134,98,1,286,188,78
111,6,333,Shamela0010803,335,1,392,129,32
111,1,248,Shamela0008970,147,156,288,76,38
111,454,579,Sham19Y0037618,3710,250,374,97,97
112,398,607,Shamela0006060,189,581,768,124,68
112,776,969,Shamela0006060,907,338,532,140,93
112,786,969,Shia002265Vols,1081,199,387,134,92
112,407,602,Shia002265Vols,5048,1183,1409,149,84
112,71,182,Shia002265Vols,5049,16,128,87,99
112,6,182,Shia001782Vols,3557,214,379,121,89
112,1047,1373,Shia001782Vols,3557,442,788,105,33
112,956,1309,Shamela0012749,43,833,1228,152,43
112,6,607,ShamAY0034128,493,78,635,277,51
112,343,786,Shia002616Vols,3841,126,498,213,57
112,956,1175,ShamAY0033910,1148,374,562,130,76
112,728,1081,Shamela0010639,138,920,1271,194,64
112,786,956,JK001297,414,265,437,129,95
112,343,607,Sham19Y0001729,3008,530,812,178,75
112,484,1376,Sham19Y0038171,646,1,613,318,39
112,71,182,Shamela0001975,82,945,1056,87,100
112,415,607,Shamela0001975,83,9,207,141,89
112,969,1258,ShamAY0033945,610,643,929,159,69
112,407,607,ShamAY0035035,2525,895,1088,144,88
112,749,1376,ShamAY0035035,2526,96,428,219,43
112,407,548,ShamAY0035035,2611,1341,1479,102,88
112,749,1376,ShamAY0035035,2612,543,875,219,43
112,827,1376,JK000475,2082,174,707,208,38
112,71,452,Shamela0021659,178,878,1423,132,24
112,452,607,Shamela0021659,179,1,158,114,90
112,647,1373,Shamela0117359,1172,42,426,170,27
112,786,905,Shamela0009780,1111,1407,1526,94,100
112,1,133,JK000533,2890,524,717,95,60
112,984,1309,ShamAY0033973,332,90,357,167,62
112,607,1312,Sham19Y0148486,3242,158,984,233,30
112,33,182,Shamela0002300,939,135,367,115,63
112,728,1175,Shia004092Vols,6695,77,356,115,31
112,624,1376,Shamela0013132,48,689,1151,154,23
112,647,1081,Shamela0013132,90,505,985,246,60
112,647,956,Shamela0012579,1997,540,818,193,78
112,956,1188,Shamela0012579,2546,1152,1372,122,67
112,299,560,Shamela0012579,2714,1233,1462,146,67
112,30,182,Shamela0021809,3012,83,238,107,81
112,1,182,Shamela0001733,4412,639,820,141,100
112,1175,1373,Shamela0001733,4668,1170,1354,142,91
112,1181,1376,ShamAY0034134,92,685,884,146,94
112,188,655,ShamAY0034134,98,745,1167,249,61
112,728,1081,ShamAY0034134,847,421,775,198,69
112,672,956,ShamAY0034134,848,1,287,186,75
112,6,607,Shamela0009810,1402,783,1401,306,55
112,607,1085,ShamAY0032826,831,676,1201,247,50
112,71,182,Shamela0001438,390,65,176,87,100
112,401,607,Shamela0001438,390,1240,1471,148,80
112,786,969,Shamela0001438,3446,250,437,134,92
112,6,607,Shia001731Vols,818,811,1380,304,57
112,728,1110,Sham19Y0023625,1217,892,1373,171,40
112,956,1309,Shamela0009107,211,295,629,166,53
112,340,786,JK009379,119,335,722,209,57
112,15,514,Shia003616Vols,4810,963,1341,189,46
112,980,1373,Shia002103Vols,346,616,1049,176,47
112,956,1188,Shamela0008970,22,74,282,135,74
112,827,1309,Shamela0008970,136,237,746,151,30
112,71,607,JK009390,130,667,1323,249,39
112,728,1062,JK009390,1997,441,712,171,61
112,47,196,JK009390,2966,768,907,89,78
112,407,607,Sham19Y0127677,198,900,1127,148,81
112,771,969,Sham19Y0127677,1936,996,1194,139,88
112,664,956,Sham19Y0127677,10535,1,271,192,82
112,767,1081,Sham19Y0127677,19667,689,1020,173,56
112,423,776,Sham19Y0131521,6650,700,1269,185,40
112,827,1147,JK000735,20,1177,1367,104,43
112,6,182,Shia003732Vols,4100,1039,1219,115,76
112,956,1175,JK000130,1149,369,557,130,76
112,343,655,ShamAY0033729,140,120,453,209,78
113,123,390,Shia002034Vols,578,416,668,142,67
113,19,618,Sham19Y0038171,646,368,1118,279,41
113,12,618,ShamAY0035035,2526,176,943,290,42
113,12,618,ShamAY0035035,2612,623,1390,290,42
113,199,622,Sham19Y0014592,1685,769,1229,218,50
113,123,464,Shamela0001733,4742,135,485,162,55
113,68,326,ShamAY0034134,95,995,1235,158,70
113,93,582,JK009391,195,1247,1440,120,32
113,180,406,Shamela0007435,655,1042,1243,137,78
113,199,390,Shia003732Vols,4100,1232,1412,121,80
114,959,1133,Shamela0011620,371,26,199,136,94
114,100,672,Shamela0021537,5743,130,767,209,32
114,234,668,JK000935,33,89,507,226,63
114,941,1199,Shia002265Vols,5048,548,820,182,82
114,891,1254,Shia002265Vols,5050,142,523,240,73
114,194,698,Sham19Y0017063,547,1,546,172,30
114,327,708,Shia001782Vols,3557,679,1027,168,44
114,846,1199,ShamAY0034128,105,529,867,234,79
114,868,1175,Shamela0007664,247,1269,1581,232,92
114,785,1254,ShamAY0034282,611,771,1200,303,80
114,918,1199,Shamela0021642,364,1,441,206,58
114,871,1199,Sham19Y0019188,440,1047,1379,230,82
114,334,698,Shamela0021578,12,722,1039,156,51
114,975,1166,Shamela0021550,149,1308,1509,151,94
114,70,668,Shamela0021484,4,819,1133,157,30
114,123,762,Shamela0095735,112,580,1042,180,30
114,975,1166,ShamAY0033728,76,443,637,152,97
114,348,766,ShamAY0033728,88,691,948,156,47
114,918,1254,Shamela0012843,11,724,1055,250,90
114,871,1133,Shamela0012034,901,348,605,162,70
114,698,1166,JK000386,1150,620,1163,288,65
114,234,668,Shia002034Vols,578,410,907,242,55
114,70,389,Shia001913Vols,443,131,546,127,31
114,723,1170,Shamela0007360,80,713,1095,199,46
114,348,698,Shamela0000216,101,1035,1344,137,39
114,56,495,Sham19Y0038171,646,231,658,212,56
114,975,1170,Sham19Y0038171,805,956,1161,152,93
114,941,1199,Shamela0001975,883,262,559,188,78
114,975,1166,JK000001,638,555,798,151,77
114,868,1199,Shia004520,6,6,360,242,85
114,56,495,ShamAY0035035,2526,39,474,207,53
114,56,495,ShamAY0035035,2612,486,921,207,53
114,809,1268,ShamAY0035035,3270,782,1112,199,54
114,846,1166,Shamela0007289,207,1190,1501,215,76
114,868,1133,Shamela0007289,244,1319,1552,162,72
114,918,1170,Shamela0007289,7815,406,664,176,83
114,871,1199,Shamela0021677,308,1,470,225,57
114,846,1254,Tafsir07053,333,771,1172,290,83
114,941,1199,Shamela0021659,1290,674,951,187,83
114,95,698,JK001236,243,794,1330,240,41
114,6,698,Shamela0117359,1172,276,661,182,32
114,975,1170,Sham19Y0014153,65,1076,1271,153,95
114,868,1195,ShamIbadiyya0000095,1376,631,955,212,74
114,324,698,Sham19Y0020944,1201,561,907,159,50
114,846,1254,JK009324,493,990,1340,241,72
114,846,1352,Shia001901,239,227,686,241,56
114,842,1254,Shamela0021765,354,138,513,242,71
114,279,579,JK011633,324,858,1162,154,57
114,871,1254,Sham19Y0132416,100,1025,1420,257,75
114,6,698,Sham19Y0020591,1845,76,689,181,24
114,324,766,Sham19Y0014592,1685,769,1229,200,43
114,92,766,Shamela0025800,919,475,999,289,52
114,932,1254,Shamela0025800,936,1,353,183,54
114,240,618,Shamela0026563,4,471,920,219,57
114,941,1199,Shamela0008544,1134,4,280,187,83
114,868,1166,ShamAY0034352,27,200,456,179,73
114,1,392,Shamela0001453,200,714,1147,214,57
114,842,1361,Shamela0001453,209,422,941,290,62
114,868,1199,Shamela0021619BK2,300,502,837,233,83
114,970,1199,Shia002264,53,1,250,165,83
114,348,495,JK000201,4115,707,870,109,88
114,846,1268,Sham19Y0148271,667,752,1198,268,70
114,123,762,JK000034,25,36,505,187,31
114,785,1254,Shamela0013132,24,30,507,341,88
114,255,511,JK009408,2310,1081,1312,169,83
114,1025,1239,ShamAY0038405,78,1,343,157,56
114,871,1199,Shamela0007663,87,754,1104,239,85
114,52,495,Shamela0001733,4668,1214,1415,128,36
114,234,598,Shamela0001733,4742,129,498,220,68
114,716,1170,JK006883,1,450,860,219,52
114,17,478,ShamAY0034134,92,672,912,148,41
114,802,1254,ShamAY0034134,161,654,1100,347,95
114,201,672,Sham19Y0127700,192,1,321,176,47
114,868,1199,JK000787BK1,21,1083,1418,233,83
114,975,1166,Shamela0012028,363,170,365,147,94
114,918,1170,Shamela0012094,159,308,562,176,85
114,762,1143,Shamela0009810,336,1077,1513,241,67
114,846,1254,Shamela0022649,128,658,1040,265,76
114,868,1166,Shamela0022649,165,99,366,188,75
114,294,668,Shamela0009082,2040,314,776,168,38
114,959,1254,Shamela0001438,3752,630,911,219,91
114,891,1211,Shamela0001438,7434,669,1132,214,53
114,814,1199,Shia001731Vols,163,874,1266,256,79
114,918,1254,Sham19Y0023625,427,544,1092,256,57
114,846,1254,Shamela0021713,521,1043,1449,291,82
114,918,1166,JK000287,8,122,403,171,76
114,70,389,Shamela0009107,211,332,629,151,54
114,846,1265,Shamela0025794,1986,272,665,265,78
114,723,1211,Shia003616Vols,4811,326,772,231,56
114,52,495,Shamela0012750,242,674,876,134,38
114,871,1254,Shamela0010283,1172,39,388,233,74
114,723,1166,JK000786,2908,976,1373,220,57
114,56,389,Shamela0001456,355,315,665,154,53
114,846,1254,Shamela0008970,23,42,431,287,84
114,1004,1199,JK009390,2079,1,225,142,80
114,868,1254,JK009390,2273,1027,1362,234,75
114,868,1211,JK009390,5566,152,479,206,65
114,975,1166,Shamela0012718,9,91,316,151,84
114,343,495,Sham19Y0013785,1109,245,415,104,79
114,941,1254,Sham19Y0127677,2083,929,1222,200,71
114,959,1254,Sham19Y0127677,2175,329,617,219,91
114,860,1211,Sham19Y0127677,5358,607,929,194,61
114,868,1130,Shamela0008463,392,1247,1494,183,84
114,6,698,Sham19Y0131521,6648,969,1353,183,32
114,353,517,Sham19Y0037618,4878,715,877,120,96
114,279,576,Sham19Y0037618,4880,25,403,81,19
114,52,550,Shamela0007435,655,1033,1272,148,38
114,82,668,Sham19Y0017817,46,57,358,168,34
114,918,1170,JK006950,2000,1129,1387,176,83
114,79,511,Shia003732Vols,4100,1048,1428,193,47
114,975,1248,Shia003732Vols,5676,113,495,190,59
114,975,1239,Shamela0023695,1221,212,588,193,60
114,975,1166,ShamAY0034818,6,1070,1266,147,92
114,975,1166,ShamAY0034263,63,1189,1384,153,97
114,868,1233,ShamAY0034263,64,240,609,237,76
114,868,1166,JK000383,28,379,635,179,73
114,234,511,JK011598,118,146,436,161,65
114,937,1254,Shamela0036446,1322,827,1329,181,40
114,975,1166,Sham19Y0020589,75,29,225,151,96
114,868,1233,Sham19Y0013223,159,967,1344,250,83
114,871,1199,Sham19Y0013223,640,1084,1442,190,56
114,891,1199,Sham19Y0013223,641,168,495,218,82
114,918,1170,Shamela0006919,14,497,755,176,83
115,359,762,Shia002265Vols,2607,32,419,183,43
115,369,1045,Shamela0009567,117,421,919,222,40
115,231,756,ShamAY0033632,46,392,694,196,43
115,303,691,ShamAY0038324,286,743,1074,167,43
115,197,706,Zaydiyya0000268,49,427,844,175,36
115,279,1194,JK000621,51,217,857,364,45
115,248,635,ShamAY0033603,80,1,463,153,33
115,505,972,ShamAY0033603,80,857,1352,214,51
115,225,762,ShamAY0033603,81,590,1319,324,56
115,649,1094,Shamela0023645,268,467,967,163,29
115,471,1094,ShamAY0033627,35,54,449,193,36
115,20,706,Sham19Y0038171,807,75,933,345,43
115,20,413,ShamAY0035035,3272,955,1416,169,35
115,20,1377,Shamela0030623Vols,178,4,788,222,17
115,516,1100,Shamela0030623Vols,355,396,714,203,41
115,197,1001,Shamela0008473,3876,136,719,264,37
115,566,1094,Shia000317Vols,4749,807,1327,198,34
115,952,1068,Shamela0001391,190,597,704,85,92
115,892,1440,Sham19Y0018144,492,810,1378,229,39
115,762,1094,Shamela0012579,1421,573,1455,200,27
115,279,491,Shamela0012579,1460,108,285,116,71
115,364,762,Shamela0001733,4431,1,388,295,91
115,1100,1440,ShamAY0034134,164,528,845,224,81
115,255,1186,Shamela0009082,1999,568,1276,289,32
115,16,505,Shamela0009082,2001,95,617,165,27
115,279,902,Shamela0009082,2001,776,1402,186,25
115,630,1034,Shamela0001438,5865,1196,1415,159,49
115,1125,1440,Shamela0026764,11,700,1023,228,86
115,350,762,Shamela0025794,5030,892,1254,168,47
115,11,823,Shamela0025794,5031,449,1033,180,21
115,303,721,Shia003616Vols,2452,1000,1430,245,65
115,11,762,Shia001887Vols,191,686,1321,294,41
115,793,1094,ShamAY0033626,51,347,722,209,69
115,819,1068,ShamAY0033626,52,1131,1358,113,51
115,265,491,ShamAY0033626,62,781,1062,158,70
115,1125,1440,ShamAY0033626,145,243,600,219,73
115,630,1034,Sham19Y0127677,3861,802,1021,159,49
115,300,762,Sham19Y0127677,20597,176,650,250,55
115,1216,1426,Sham19Y0131521,806,374,820,133,38
115,1151,1426,Sham19Y0037618,798,675,854,111,51
115,320,762,ShamAY0033531,397,958,1270,200,55
115,892,1440,ShamAY0032665,492,819,1387,229,39
115,1001,1440,Shia003732Vols,5738,41,351,120,26
115,359,1094,Shia000220Vols,812,63,1006,209,19
115,303,691,Shamela0025791,753,870,1156,195,59
116,30,386,Shia002265Vols,2358,1030,1180,111,38
116,1041,1411,ShamAY0033548,13,1,278,160,52
116,864,1376,Shamela0026565,11,43,481,194,42
116,30,379,Shamela0009801,130,1212,1355,105,37
116,803,1232,JK000562,1,1,331,184,47
116,1079,1505,Shamela0009642,90,4,285,146,39
116,864,1397,ShamAY0032956,2,139,419,205,48
116,1079,1407,ShamAY0032956,21,298,510,104,35
116,197,477,Shamela0021765,358,406,632,120,50
116,30,379,Sham19Y0017747,2422,508,650,99,33
116,174,386,Shamela0008544,1127,526,804,157,67
116,844,1305,Shamela0030558,12,200,566,188,45
116,152,408,Shia003488Vols,394,1049,1311,126,50
116,1006,1282,Sham19Y0016599,1280,206,538,91,27
116,97,386,ShamAY0034134,165,829,1244,225,67
116,1079,1397,JK009154,3,249,757,181,43
116,1158,1397,JK009154,15,26,451,138,39
116,905,1397,JK009154,376,908,1315,203,43
116,1074,1492,JK009154,385,869,1182,176,53
116,1,436,Shamela0004289,442,630,1019,211,51
116,908,1289,Shamela0022882,42,1,570,151,29
116,1028,1289,JK000914,34,204,401,140,67
116,1163,1397,ShamAY0038135,7,1,214,170,89
116,803,1407,Shia001959,3,985,1517,285,52
117,1075,1375,Shia001782Vols,386,1057,1394,211,74
117,165,1132,Shamela0000772,84,11,829,443,53
117,911,1044,JK000916,15581,318,439,89,87
117,1072,1352,Shamela0009801,126,651,955,190,72
117,872,1234,Shia002034Vols,879,1000,1347,199,65
117,723,1156,Shamela0026823,16,975,1421,184,45
117,1226,1352,Shamela0001391,193,1,150,92,74
117,654,896,JK000532,262,760,956,140,68
117,662,886,Sham19Y0016599,955,1267,1461,144,81
117,610,1136,Shamela0001733,4110,517,842,151,37
117,896,1234,ShamAY0034134,217,1078,1340,132,44
117,911,1352,ShamAY0034134,218,1,332,240,69
117,654,947,Shamela0010906,3508,877,1135,152,60
117,1113,1352,JK007074,275,126,388,175,80
117,1075,1352,JK001012,135,538,842,215,87
117,302,604,JK009154,386,999,1221,171,70
117,760,896,Sham19Y0023625,516,569,705,111,100
117,1072,1352,Sham19Y0023625,534,442,933,221,56
117,323,649,Shamela0012750,207,698,1012,214,73
117,319,604,Shamela0030327,113,1024,1290,208,89
117,111,604,Tafsir09068,269,822,1026,140,34
117,1044,1298,Shia003732Vols,3319,1184,1452,193,90
117,1072,1352,Shia003732Vols,5737,265,578,211,83
117,760,1234,Shamela0000137,1032,33,449,194,45
117,1075,1352,Sham19Y0013223,142,179,483,213,87
118,1151,1279,Shamela0009242,576,509,640,103,97
118,104,344,Shia002265Vols,2376,872,1354,170,40
118,1,344,Zaydiyya0000015,2223,1076,1390,238,86
118,25,344,Shia001782Vols,387,917,1202,199,74
118,409,778,Zaydiyya0000268,49,240,517,169,51
118,185,866,Shia001976Vols,1325,722,1405,301,44
118,1151,1444,JK000386,886,466,860,150,48
118,25,344,Shamela0005756,3026,590,915,209,75
118,47,550,Zaydiyya0000133,29,648,1002,231,56
118,1049,1331,Shamela0008540,738,398,676,172,73
118,1012,1279,ShamAY0033945,248,1160,1452,186,77
118,1151,1279,Shamela0006610,135,595,726,103,97
118,815,1327,Shamela0117359,184,223,743,235,42
118,1126,1279,Sham19Y0020944,122,956,1112,122,98
118,446,778,Shamela0005816,951,1125,1410,187,65
118,1151,1279,Sham19Y0017747,309,816,944,103,100
118,703,1436,ShamAY0033973,333,166,609,259,41
118,1066,1279,Sham19Y0148486,653,988,1199,165,96
118,488,660,Shamela0025800,909,798,956,111,77
118,1049,1279,Shamela0003722,8326,1057,1322,171,80
118,344,679,Shamela0003722,8514,843,1176,249,89
118,1,344,Sham19Y0013667,903,1200,1499,228,81
118,437,1078,Sham19Y0013667,907,956,1477,191,31
118,468,1019,Sham19Y0013667,908,48,598,287,50
118,34,555,Shamela0001391,193,1101,1531,245,49
118,1,550,Shia002003Vols,287,779,1268,258,52
118,1,409,Shamela0013132,27,969,1415,260,72
118,743,1440,Shamela0013132,165,17,750,267,33
118,1,550,Shamela0001733,2203,727,1195,279,57
118,397,1199,Shamela0001733,4659,473,1180,357,47
118,1285,1475,ShamAY0034134,214,852,1053,136,85
118,104,344,Shamela0001438,446,381,611,163,80
118,79,593,JK001012,135,132,625,202,36
118,1012,1279,JK009391,6,121,366,183,84
118,719,1057,JK000786,2914,442,618,116,42
118,719,1346,JK000786,2915,731,1045,166,31
118,1096,1279,Shamela0096228,603,15,199,128,87
118,378,669,Shamela0023102,6,916,1193,184,76
118,34,344,JK009390,231,633,904,179,67
118,370,1279,Sham19Y0127677,8691,482,1213,352,38
118,1070,1407,Sham19Y0127677,8692,1,318,183,64
118,1,344,Sham19Y0127677,10430,538,831,225,80
118,1049,1303,Sham19Y0131521,908,7,277,192,89
118,1148,1279,Shamela0001875,251,1145,1279,105,97
118,1066,1279,Sham19Y0146127,328,63,266,159,93
118,1049,1279,Shamela0004289,1176,735,965,183,100
118,1,359,Zaydiyya0000342,434,779,1097,232,76
119,874,1323,Shamela0006060,724,1047,1431,164,33
119,459,717,ShamAY0033945,255,1037,1280,129,53
119,1075,1360,Shamela0008544,1019,265,512,162,69
119,836,1396,Shamela0012579,619,70,590,271,50
119,869,1364,Sham19Y0016599,946,665,1168,262,62
119,394,917,Shamela0001733,4613,942,1377,229,51
119,717,1048,Shamela0001733,4743,73,421,227,78
119,1119,1360,Shia002069Vols,465,63,255,106,48
119,133,278,Shamela0007435,369,345,480,97,84
120,340,471,ShamAY0038324,283,369,481,88,83
120,30,224,Zaydiyya0000229,180,1025,1215,128,84
120,340,471,JK000386,886,116,248,104,99
120,107,691,Sham19Y0001729,629,174,794,219,34
120,56,710,JK000475,2074,54,734,247,38
120,330,466,ShamAY0034249,511,6,143,108,99
120,323,715,Shamela0117359,183,1,318,158,44
120,101,715,Sham19Y0020944,121,497,1062,206,35
120,230,466,Shamela0007891,296,881,1411,151,36
120,35,691,Shamela0026390,30,514,1317,292,41
120,5,436,Shamela0021765,328,6,344,158,41
120,224,484,Sham19Y0020591,221,1125,1361,160,74
120,323,691,Sham19Y0148486,654,1,304,165,52
120,303,691,Shia002231Vols,117,1,341,171,48
120,30,436,Shamela0013132,25,878,1294,185,45
120,340,691,Sham19Y0016599,944,941,1370,141,31
120,1,436,Shamela0001733,205,881,1230,204,58
120,1,561,Shamela0001733,2626,678,1309,144,23
120,230,471,ShamAY0034134,221,139,365,159,76
120,30,436,Shamela0023100,34,559,975,147,36
120,282,691,Shamela0025794,1231,1,429,210,53
120,30,224,Zaydiyya0000352,213,758,949,128,84
120,278,715,Sham19Y0131521,897,11,368,184,47
120,56,466,JK000735,12,860,1235,200,57
120,51,471,Shamela0001875,251,361,788,177,44
120,273,691,Sham19Y0146127,328,471,822,168,41
120,344,703,Shamela0004289,457,1,281,142,47
120,30,436,JK000653,165,292,625,171,50
121,271,644,Shamela0003118,6436,381,782,204,59
121,534,1128,Shia002265Vols,2628,811,1210,249,50
121,383,1128,JK000916,22441,57,600,218,29
121,277,919,ShamAY0033694,17,225,744,272,46
121,589,919,Shamela0005756,3017,727,1133,213,65
121,339,644,ShamAY0032956,3,160,401,189,76
121,836,1419,JK000475,341,611,1053,191,40
121,361,693,Shamela0001719,1892,671,1001,212,75
121,333,644,Shamela0003722,6662,293,598,227,89
121,589,912,Sham19Y0013667,891,175,564,189,57
121,122,333,Shia003488Vols,684,726,886,108,65
121,411,644,Sham19Y0016599,948,360,599,175,86
121,333,1156,Shamela0001733,3812,280,1263,517,60
121,1004,1424,Shamela0001733,3815,1074,1473,250,69
121,174,324,Shamela0012862,92,1,383,100,31
121,277,919,Shamela0009644,17,348,867,272,46
121,599,1128,Shamela0001438,7264,481,963,223,51
121,1081,1410,Shia001887Vols,214,1076,1433,187,59
121,534,1145,Shia001887Vols,215,38,490,264,53
121,836,1156,JK000022,2633,341,624,135,49
121,534,1400,JK009390,7222,46,839,248,27
121,599,933,Sham19Y0127677,5230,1001,1297,189,71
121,1191,1428,Sham19Y0127677,19908,181,411,175,90
121,333,650,Shamela0000736,570,160,556,211,66
122,496,946,Shamela0009242,571,678,1009,130,28
122,526,904,Sham19Y0020699,152,517,915,159,36
122,496,904,Shamela0021642,271,111,499,161,35
122,244,951,Sham19Y0001729,626,515,1215,252,32
122,418,951,Shamela0005756,3017,299,771,254,49
122,465,907,Shamela0005756,3018,489,968,173,33
122,597,904,Shamela0021693,141,5,316,150,46
122,331,951,ShamAY0031687,175,376,1083,278,41
122,621,860,Shamela0007289,1522,1,244,184,97
122,526,825,Shamela0021677,225,1161,1465,99,27
122,114,407,Shamela0021765,328,465,765,142,53
122,751,904,JK000272,103,1,154,118,100
122,452,951,Shamela0008544,1015,300,860,120,19
122,424,692,Sham19Y0013667,890,1198,1442,188,90
122,432,845,Sham19Y0013667,894,1038,1470,135,28
122,424,951,Sham19Y0013667,897,932,1412,157,28
122,448,904,Sham19Y0013667,898,854,1404,197,34
122,452,951,Sham19Y0148271,1961,193,612,139,26
122,133,411,JK006801,55,1026,1303,133,53
122,452,965,Shamela0030543,10,942,1366,97,16
122,452,1157,Sham19Y0036114,240,8,756,240,29
122,69,411,Shamela0021809,2521,933,1255,200,70
122,244,951,Shamela0021809,2554,654,1289,284,39
122,287,878,Shamela0001733,3814,796,1385,234,34
122,60,443,Shamela0001733,3822,1029,1438,223,64
122,152,492,Shamela0005737,138,1052,1363,180,64
122,239,965,Shamela0025794,3084,95,837,230,26
122,74,359,Shamela0025794,3088,1182,1437,164,73
122,465,907,Sham19Y0016555,62,272,765,185,36
122,526,860,Shamela0011258,171,232,569,122,30
122,1,407,Shia001887Vols,215,19,345,147,35
122,540,904,Sham19Y0013785,55,817,1186,150,36
122,133,411,Sham19Y0037618,529,956,1233,133,53
122,526,904,ShamAY0034263,53,335,734,160,36
122,84,411,ShamAY0033926,38,934,1307,159,47
123,383,704,Shia002265Vols,2369,217,550,247,90
123,450,704,Sham19Y0023618,1691,1,238,182,87
123,380,704,Sham19Y0013252,1573,982,1299,255,97
123,212,740,ShamAY0033945,641,114,754,353,67
123,468,704,JK001236,236,1,226,173,89
123,243,968,Shamela0021765,327,267,845,349,58
123,383,704,Shamela0021660,838,43,395,247,85
123,322,666,Shamela0011993,287,567,959,243,72
123,265,704,Shamela0008544,1018,402,818,318,89
123,998,1431,Shamela0008544,1023,1,273,136,39
123,36,795,Shamela0013132,27,137,1015,409,54
123,247,704,JK006801,55,214,743,348,81
123,247,704,Shamela0021809,2817,408,890,300,72
123,322,704,Sham19Y0016928,232,395,781,283,87
123,6,744,Shamela0026884,89,184,946,268,33
123,445,704,Shamela0001438,575,1,272,198,87
123,325,704,JK001012,57,929,1341,273,77
123,397,704,JK001012,273,1,297,230,91
123,6,192,Shamela0008176,1020,411,621,58,25
123,383,704,Shamela0008176,1022,181,506,239,91
123,383,666,ShamAY0034066,1317,1227,1498,214,94
123,247,893,Shamela0021744,260,350,982,339,54
123,247,893,JK000299,221,145,699,338,59
123,261,704,JK000022,3758,263,739,309,78
123,335,704,JK009390,269,1056,1468,265,79
123,335,704,Sham19Y0127677,295,1046,1437,262,82
123,768,1039,Sham19Y0037618,520,1113,1450,167,62
123,247,704,Sham19Y0037618,522,865,1394,348,81
123,383,704,Shamela0000137,1033,38,279,161,56
123,325,691,Sham19Y0013223,144,741,1172,280,80
123,426,704,Sham19Y0013223,718,1,276,206,88
124,424,662,Shamela0012981,2255,13,249,124,65
124,819,1366,Sham19Y0001729,619,193,711,228,44
124,911,1190,Shamela0005756,3014,204,808,195,40
124,424,737,ShamAY0033053,68,238,527,135,55
124,902,1190,JK000170,530,563,827,196,84
124,829,1160,Shia000895Vols,3036,682,904,138,53
124,870,1180,JK009324,470,882,1141,192,77
124,845,1366,Shamela0021765,317,346,939,282,54
124,890,1394,Shamela0023700,2760,909,1382,240,55
124,787,1190,Sham19Y0013667,909,763,1125,225,68
124,787,1190,Shia002003Vols,288,658,1056,274,81
124,845,1137,Shamela0001733,2264,766,1397,195,37
124,424,750,Shamela0012862,92,230,512,137,50
124,849,1375,JK007049,64,177,599,265,63
124,947,1375,Shamela0000137,1081,22,566,206,38
124,937,1375,Shamela0001875,248,17,828,224,30
124,764,1366,Shamela0013066,92,521,1070,328,64
125,529,923,Shamela0010657,31,1014,1406,308,99
125,923,1141,Shamela0010657,32,1,190,147,86
125,127,717,Shamela0012862,91,778,1331,188,35
125,1,161,Shamela0009082,453,700,878,82,59
125,992,1374,Shamela0025794,2463,923,1328,146,33
126,995,1431,Shia001782Vols,390,268,698,303,81
126,1,430,Shia002034Vols,1472,931,1346,254,68
126,874,1431,Shamela0001733,1846,225,762,394,88
126,494,794,Shamela0001733,2264,746,1397,149,26
127,1293,1419,Shamela0010480,1362,232,347,87,89
127,302,915,Shia001782Vols,389,840,1423,346,59
127,827,1419,Shia001782Vols,390,703,1208,227,40
127,171,827,Shamela0005756,3014,231,854,159,21
127,465,827,Shamela0021765,319,245,713,151,34
127,921,1419,Shamela0021809,1265,279,799,262,57
127,915,1133,Shamela0001733,1731,1250,1446,146,85
127,612,1133,Shamela0001733,4241,1,531,302,65
127,15,915,Shamela0023100,671,528,935,264,37
127,558,904,Shia001887Vols,217,774,1204,202,59
127,915,1287,Shamela0013068,206,140,509,145,39
127,1052,1287,Sham19Y0127677,4715,169,704,157,37
127,336,755,Shia002094,22,692,1097,174,47
127,460,947,Shia001949,38,726,1262,170,31
127,481,962,ShamAY0033926,38,511,1057,175,33
128,1139,1447,Shia001399,79,379,618,180,73
128,1,213,Shamela0013178,217,278,474,150,91
128,903,1447,Shamela0003118,2159,814,1333,412,94
128,887,1447,Sham19Y0020989,2479,191,605,272,56
128,1,229,Shamela0010480,1362,347,518,127,71
128,715,1211,Shamela0006060,430,554,1010,220,46
128,1139,1374,Shia002265Vols,414,1194,1393,146,72
128,938,1197,Shia002265Vols,659,472,676,161,77
128,1139,1447,Shia002265Vols,660,383,640,181,72
128,850,1447,ShamAY0033632,53,797,1238,238,46
128,1064,1447,Tafsir06049,6748,1,487,257,64
128,1139,1342,Zaydiyya0000255,13,1162,1331,108,58
128,938,1447,JK000916,6272,8,492,382,93
128,842,1447,JK000916,6273,670,1248,452,94
128,900,1447,JK000916,6275,265,721,281,62
128,1139,1447,JK000916,6277,184,439,181,72
128,1139,1354,Sham19Y0023618,1054,1196,1379,132,72
128,1139,1447,Sham19Y0122096,877,588,860,205,78
128,918,1447,Sham19Y0014045,58,403,901,371,85
128,1257,1447,Zaydiyya0000262,1151,1,186,133,79
128,1139,1398,JK011548,53,1187,1442,193,87
128,1,229,ShamAY0033910,135,1187,1276,58,33
128,1139,1447,Shia002261Vols,64,74,346,204,78
128,1139,1447,Shamela0021550,138,802,1114,248,98
128,719,1447,Shamela0000482,7,274,869,428,70
128,870,1182,JK001293BK1,495,1074,1302,176,72
128,887,1447,Shamela0012981,1390,854,1398,255,45
128,1049,1447,Shia001395Vols,89,90,451,238,71
128,1145,1354,Shamela0023645,46,1,177,126,70
128,1139,1354,JK001297,127,222,422,131,66
128,903,1447,Shia002034Vols,889,1,487,384,87
128,1074,1431,Sham19Y0038171,1088,610,894,205,68
128,903,1155,Sham19Y0038171,1488,1183,1384,146,68
128,689,1447,ShamAY0031687,412,580,1461,497,69
128,1139,1447,Shia001432Vols,29072,333,642,223,83
128,1139,1447,Shia001432Vols,29558,725,996,194,75
128,1139,1328,Shia001432Vols,32190,1296,1489,147,95
128,1139,1447,Shamela0001975,190,418,690,205,78
128,723,1311,JK000001,618,1130,1521,281,57
128,1311,1447,JK000001,619,1,137,110,100
128,1182,1431,ShamAY0035035,4517,1,214,156,73
128,903,1155,ShamAY0035035,5790,717,918,139,64
128,1139,1303,Sham19Y0122402,1528,1301,1426,98,75
128,1139,1447,Shamela0021659,352,211,483,205,78
128,1,246,ShamAY0032873,5,288,538,171,87
128,1139,1447,Zaydiyya0000031,7,419,696,215,85
128,989,1354,Shamela0026520,135,159,546,127,28
128,1139,1342,Shamela0023644,1476,1101,1304,160,99
128,1139,1374,Zaydiyya0000067,136,1275,1461,133,71
128,1074,1354,Zaydiyya0000067,221,987,1193,142,59
128,1139,1354,Zaydiyya0000371,32,451,633,130,71
128,825,1232,Shamela0026390,35,1112,1518,288,85
128,1232,1447,Shamela0026390,36,1,216,174,100
128,903,1155,Shamela0021660,1252,1091,1325,153,66
128,1045,1447,Sham19Y0014309,1077,1038,1389,247,73
128,1045,1447,Shamela0025800,892,1117,1468,245,72
128,1163,1447,Sham19Y0017878,576,1,267,197,82
128,1074,1447,Shamela0003722,1904,1,374,284,91
128,1045,1447,Shamela0006146,145,941,1326,290,86
128,850,1288,Shamela0009270,61,1033,1484,332,91
128,1288,1447,Shamela0009270,62,1,160,129,100
128,831,1139,Shamela0009270,128,1126,1438,226,89
128,850,1139,Shamela0009270,133,1088,1394,225,93
128,1045,1437,Shamela0009270,170,681,1019,198,55
128,1139,1447,Shia003711,139,166,496,239,89
128,1139,1342,Shia003711,220,505,773,125,53
128,887,1447,ShamAY0033598,295,1117,1553,292,62
128,891,1447,Shia002073,32,517,924,243,47
128,1139,1447,Shia001372,100,894,1161,192,74
128,866,1342,ShamAY0032899,17,710,1034,186,46
128,595,1447,Shamela0001733,2408,6,828,527,70
128,1045,1437,Shamela0012872,202,641,947,186,57
128,1226,1447,Shamela0012872,259,1,218,164,85
128,854,1447,ShamAY0032938,2,184,758,445,93
128,964,1447,JK000216,109,85,640,243,44
128,884,1155,JK000216,110,323,525,145,66
128,1139,1447,JK000216,514,561,770,159,64
128,1139,1447,Shamela0001438,6772,208,465,181,72
128,938,1447,Shamela0001438,6824,791,1228,337,80
128,1139,1447,Shamela0001438,7969,264,536,205,78
128,900,1447,Shia003101Vols,188,451,870,272,61
128,1139,1354,ShamAY0034066,820,1050,1233,132,72
128,900,1447,JK001127,10,37,435,262,58
128,1074,1354,Shamela0010283,1503,1280,1474,135,57
128,300,529,Shia001887Vols,215,678,904,158,82
128,1139,1348,Shia001367,80,682,965,132,53
128,1139,1348,Shia001367,129,367,609,127,59
128,831,1447,JK000022,1005,376,1004,443,83
128,733,1447,Shamela0000782,1168,187,737,293,48
128,900,1447,Shamela0008970,24,550,1006,282,62
128,1125,1447,JK009390,398,600,882,206,74
128,915,1447,JK009390,6674,518,935,306,67
128,1139,1447,JK009390,6676,97,354,181,72
128,825,1447,JK000581,59,96,618,343,64
128,1064,1447,Shamela0012718,9,890,1394,275,64
128,918,1342,Sham19Y0127677,4823,1070,1421,260,74
128,1168,1447,Sham19Y0127677,4827,1,229,161,70
128,733,1182,Sham19Y0127677,19279,254,681,269,75
128,923,1447,Zaydiyya0000233,11,519,983,354,81
128,1139,1354,Shia003732Vols,640,1260,1434,125,68
128,1139,1447,Sham19Y0018272,436,554,1292,202,33
128,926,1447,Shamela0009769,138,871,1273,281,61
128,1064,1447,ShamAY0034797,492,677,1187,277,64
128,1149,1303,Zaydiyya0000355,146,1410,1562,119,96
128,1303,1447,Zaydiyya0000355,147,1,145,117,100
128,1139,1447,JK000624,297,1075,1332,181,71
128,1074,1342,Shamela0012086,124,1082,1278,139,61
128,1074,1447,Shamela0036446,1309,30,347,225,72
128,1139,1447,Shia000042,116,205,513,231,88
128,1155,1447,Shia000042,167,1,242,184,78
128,1139,1447,Sham19Y0013223,1422,897,1159,197,75
129,910,1171,Zaydiyya0000004,71,373,655,194,84
129,1,1055,Shia001399,79,618,1463,460,44
129,1,150,Shamela0003118,2159,1333,1481,118,95
129,150,1185,Shamela0003118,2160,1,1068,811,93
129,916,1061,Shamela0095700,71,806,934,98,86
129,410,696,Shamela0095700,72,791,1326,122,22
129,1,1185,Sham19Y0020989,2479,605,1496,508,45
129,1,1185,Shia002265Vols,415,74,1056,542,46
129,1,1185,Shia002265Vols,660,640,1464,485,48
129,1,318,ShamAY0033632,53,1238,1478,168,62
129,318,1171,ShamAY0033632,54,1,547,298,39
129,1,1171,Tafsir06049,6748,487,1497,561,51
129,1,1033,JK000916,6272,492,1558,765,85
129,1,235,JK000916,6273,1248,1480,188,98
129,235,1185,JK000916,6274,1,990,742,92
129,1,957,JK000916,6275,721,1531,519,62
129,957,1171,JK000916,6276,1,199,120,58
129,1,1185,JK000916,6277,439,1253,482,47
129,1,778,Sham19Y0122096,877,860,1419,412,63
129,916,1185,Sham19Y0122096,878,15,285,126,42
129,963,1171,Shia001131Vols,155,1,215,140,74
129,1,613,Sham19Y0014045,58,901,1546,479,90
129,613,1189,Sham19Y0014045,59,1,595,427,85
129,1,1185,Zaydiyya0000262,1151,186,1173,528,44
129,1,1185,JK011548,54,50,1253,919,92
129,1,1185,Shia002261Vols,64,346,1419,534,42
129,655,784,Shamela0021550,132,439,567,101,95
129,1,384,Shamela0021550,138,1114,1517,280,83
129,384,1185,Shamela0021550,139,1,875,612,86
129,1,678,Shamela0000482,7,869,1567,526,91
129,678,1185,Shamela0000482,8,1,538,393,91
129,87,1055,Shamela0012981,1391,1,899,424,41
129,1,1185,Shia001395Vols,89,451,1458,523,43
129,916,1180,JK001297,134,345,667,106,30
129,1,1049,Shia002034Vols,889,487,1547,834,96
129,1049,1334,Shia002034Vols,890,1,314,131,45
129,916,1141,JK007006,353,76,310,88,37
129,102,258,Sham19Y0038171,776,82,631,123,27
129,935,1185,Sham19Y0038171,1489,1,165,112,55
129,24,1353,ShamAY0031687,413,6,1352,920,80
129,1,857,Shia001432Vols,29072,642,1542,454,49
129,881,1055,Shia001432Vols,29073,1,264,132,63
129,910,1171,Shia001432Vols,29102,536,801,180,79
129,1,778,Shia001432Vols,29558,996,1495,367,56
129,456,1055,Shia001432Vols,29559,12,333,193,35
129,1,1185,Shia001432Vols,32191,142,1463,875,79
129,949,1185,Shia001432Vols,32223,1188,1410,116,56
129,1,1136,Shamela0001975,190,690,1542,504,46
129,957,1185,Shamela0001975,191,6,149,103,54
129,1,1185,JK000001,619,137,1410,892,85
129,1185,1386,Shamela0008540,725,706,919,113,63
129,888,1141,ShamAY0035035,3219,9,566,133,29
129,916,1185,ShamAY0035035,5790,946,1157,135,55
129,1,1185,Shamela0021659,352,483,1483,534,44
129,1185,1530,Shamela0117359,182,606,936,160,51
129,916,1185,Zaydiyya0000031,8,490,774,209,92
129,230,436,Zaydiyya0000031,15,783,976,127,78
129,150,778,Shamela0023644,1476,373,852,373,70
129,1,1185,Zaydiyya0000067,137,72,896,485,48
129,11,1185,Zaydiyya0000371,32,664,1569,517,45
129,1,1185,Shamela0026390,36,216,1442,926,91
129,904,1141,Shamela0021660,1250,253,649,92,25
129,1185,1530,Sham19Y0020591,220,475,805,158,51
129,1263,1424,Sham19Y0148486,654,227,358,93,74
129,194,1185,Sham19Y0014309,1078,1,825,388,37
129,11,1185,Shamela0025800,893,1,1018,546,45
129,1392,1537,Shamela0038202,8,1030,1179,97,79
129,1,1185,Sham19Y0017878,576,267,1173,539,48
129,619,888,Sham19Y0017878,580,696,1331,150,27
129,655,778,Shamela0000432,4532,79,201,101,99
129,1,1157,Shamela0003722,1904,374,1553,885,90
129,910,1171,Shia001237Vols,1094,1084,1352,180,78
129,1,242,Shamela0006146,145,1326,1579,170,76
129,242,1171,Shamela0006146,146,1,884,621,77
129,1,1185,Shamela0009270,62,160,1386,933,93
129,1256,1386,JK007082,209,1212,1330,92,89
129,1,910,Shia003711,139,496,1554,673,76
129,910,1185,Shia003711,140,1,263,203,92
129,949,1185,Shia003711,214,759,981,116,56
129,62,1185,ShamAY0033598,296,9,949,507,44
129,1,755,Shia002073,32,924,1464,393,62
129,416,1185,Shia002073,33,24,462,233,31
129,1,696,Shia001372,100,1161,1568,286,48
129,410,1055,Shia001372,101,83,466,231,39
129,1,696,Shamela0001733,2408,828,1523,562,98
129,696,1473,Shamela0001733,2409,1,743,455,71
129,916,1356,Shamela0001733,2698,635,1072,201,48
129,619,857,Shamela0012872,202,941,1531,139,27
129,1,1185,Shamela0012872,259,218,1423,917,91
129,1,819,ShamAY0032938,2,758,1555,633,94
129,805,1353,ShamAY0032938,3,13,533,313,66
129,1,1171,JK000216,109,640,1517,517,46
129,1,1113,JK000216,514,770,1595,476,45
129,935,1119,JK000216,515,7,184,105,74
129,1,1185,Shamela0001438,6772,465,1295,480,47
129,1,311,Shamela0001438,6824,1228,1522,214,80
129,311,1185,Shamela0001438,6825,1,704,318,34
129,1,1185,Shamela0001438,7969,536,1518,542,46
129,1,778,Shia003101Vols,188,870,1540,470,70
129,541,1171,Shia003101Vols,189,1,335,215,38
129,1,1171,JK001127,10,435,1448,669,64
129,916,1185,Shamela0012750,219,1240,1373,95,45
129,1177,1488,Shia001887Vols,222,877,1087,133,55
129,1256,1530,JK007025,57,962,1254,139,51
129,910,1353,Zaydiyya0000049,122,364,761,230,61
129,949,1133,Shia001367,128,306,477,92,56
129,1,488,JK000022,1005,1004,1493,375,91
129,488,1211,JK000022,1006,1,749,537,86
129,1,963,Shamela0000782,1168,737,1510,442,47
129,930,1185,Shamela0000782,1169,49,220,114,55
129,1185,1537,Shamela0008970,21,854,1324,200,50
129,1,517,Shamela0008970,24,1006,1521,360,80
129,613,1171,Shamela0008970,25,1,496,277,54
129,1,778,JK009390,398,882,1441,412,63
129,916,1185,JK009390,399,68,338,126,42
129,1,778,JK009390,6674,935,1496,412,63
129,916,1185,JK009390,6675,138,408,126,42
129,1,1185,JK009390,6676,354,1180,484,48
129,1,916,JK000581,59,618,1554,720,92
129,916,1204,JK000581,60,1,287,200,84
129,133,1185,Shamela0012718,10,1,1125,805,87
129,916,1185,ShamAY0035059,15,163,415,186,83
129,1,1185,Sham19Y0127677,4824,100,1097,542,45
129,1,1185,Sham19Y0127677,4827,229,1046,470,46
129,1253,1386,Sham19Y0037618,525,595,735,98,84
129,1,778,Zaydiyya0000233,11,983,1537,411,63
129,429,1185,Zaydiyya0000233,12,1,426,231,32
129,115,410,Sham19Y0018272,437,118,626,210,50
129,916,1193,Sham19Y0018272,438,111,506,135,38
129,1,332,ShamAY0034797,492,1187,1547,232,72
129,332,1185,ShamAY0034797,493,1,909,638,84
129,1,755,Zaydiyya0000355,147,145,1027,352,37
129,194,1185,JK000624,298,1,674,377,43
129,1266,1386,Shamela0012531,5,1058,1166,84,88
129,1185,1386,Sham19Y0014538,600,363,547,113,72
129,1,1185,Shamela0036446,1309,347,1371,548,45
129,1,963,Shia000042,116,513,1528,520,50
129,1,1055,Shia000042,167,242,1093,467,44
129,1,341,Sham19Y0013223,1422,1159,1500,232,76
129,346,1185,Sham19Y0013223,1423,1,674,299,32
130,925,1262,Shia002265Vols,379,91,336,133,48
130,888,1026,Shamela0026390,31,1,137,110,98
130,1032,1266,Shamela0021477,247,640,887,170,81
130,805,1458,ShamAY0034134,223,55,630,173,24
130,1032,1254,ShamAY0034134,230,301,567,145,61
130,849,1262,Sham19Y0023625,540,1123,1538,140,27
130,39,370,JK000022,848,49,428,172,51
130,1045,1377,Shamela0013068,125,1,355,174,60
130,505,1161,JK001186,17,109,756,240,40
130,59,370,Shamela0010627,28,205,523,172,59
130,410,600,Shamela0000736,2983,795,983,124,77
131,695,1253,Sham19Y0014119,132,891,1478,426,87
131,56,702,Shamela0010480,449,684,1311,288,42
131,39,435,Shamela0010480,450,381,738,262,85
131,692,1160,Shia002265Vols,2554,990,1431,338,88
131,727,1253,Sham19Y0017063,207,768,1322,403,87
131,156,422,Shia001782Vols,1779,1125,1374,178,82
131,596,1253,Shia001976Vols,163,630,1256,478,88
131,19,435,Shia001976Vols,192,250,650,269,77
131,1,422,ShamAY0034282,432,272,672,235,62
131,474,788,ShamAY0034282,437,1264,1535,190,74
131,145,422,Shamela0001582,9,453,709,179,80
131,692,1253,Sham19Y0017885,288,670,1298,423,80
131,153,435,Shamela0010639,52,796,1075,211,93
131,695,1190,Sham19Y0145212,758,896,1392,358,85
131,727,1253,Sham19Y0019188,451,442,943,392,91
131,47,553,ShamAY0032921,72,369,879,301,68
131,47,435,Shamela0012981,363,506,859,235,75
131,91,435,Sham19Y0001729,1599,615,968,228,73
131,1,741,ShamAY0031687,186,198,970,328,45
131,596,1385,ShamAY0031687,189,26,768,512,77
131,545,785,ShamAY0031687,243,754,1062,155,62
131,737,954,ShamAY0031687,1010,1,231,154,80
131,596,1253,Shamela0008540,1010,413,1015,452,84
131,25,435,ShamAY0033945,259,286,710,243,66
131,19,435,ShamAY0033945,755,815,1258,260,67
131,10,435,JK000475,2084,248,639,251,73
131,51,435,ShamAY0033053,296,713,1055,234,76
131,695,1219,JK001236,164,704,1167,358,84
131,695,1253,Sham19Y0013614,142,843,1432,426,87
131,517,1137,ShamAY0033949,6,474,1029,376,71
131,72,435,Shamela0000956,120,1055,1341,193,66
131,19,435,Shamela0026390,39,890,1267,271,81
131,25,422,Shamela0021765,1547,939,1339,254,73
131,792,954,Zaydiyya0000162,1186,1046,1214,133,96
131,545,1128,Shia001989,47,880,1436,418,90
131,596,1182,Sham19Y0020591,298,661,1237,421,85
131,145,425,Sham19Y0014592,581,969,1246,198,86
131,153,430,Sham19Y0014592,749,1238,1495,185,83
131,156,435,Shamela0025800,2626,530,810,199,85
131,256,435,Shamela0001719,152,1,174,133,93
131,870,1291,JK000917,1427,1,442,296,82
131,193,435,Shamela0003722,6468,1,265,172,78
131,695,1253,Sham19Y0016976,407,302,891,426,87
131,692,1253,Sham19Y0013577,473,21,573,322,60
131,695,1219,Sham19Y0017791,315,1031,1586,397,86
131,91,435,Shia002231Vols,405,942,1278,234,80
131,91,435,ShamAY0038116,26,285,642,233,75
131,596,1385,ShamAY0038116,128,326,1119,479,66
131,10,534,Shamela0013132,29,631,1144,298,62
131,47,385,JK006801,436,1105,1434,219,78
131,19,435,Shamela0021570,184,476,875,269,77
131,47,435,Shamela0021809,937,260,607,237,76
131,153,435,ShamAY0034134,226,12,291,211,93
131,14,435,ShamAY0034134,227,72,500,302,86
131,523,1160,ShamAY0034134,246,61,422,163,29
131,47,435,Shamela0012862,395,1001,1344,235,76
131,727,1253,Shamela0001438,5866,612,1113,396,93
131,153,435,Sham19Y0023625,546,987,1266,211,93
131,83,435,Shamela0009107,430,666,990,239,85
131,695,1253,Shamela0008176,1233,946,1503,409,86
131,72,435,Shamela0008223,35,607,892,193,66
131,695,1253,Shamela0010283,1175,427,961,412,90
131,596,1253,Shia001887Vols,307,857,1433,333,54
131,587,1259,JK000786,214,8,605,447,81
131,587,1128,Shamela0001456,36,939,1468,383,83
131,596,1253,Shamela0008970,26,197,827,463,85
131,692,1253,JK009390,4991,673,1191,398,86
131,153,435,Shamela0010664,414,1056,1351,211,88
131,727,1253,Sham19Y0127677,3661,207,708,396,93
131,596,1253,Sham19Y0131521,1195,228,875,478,86
131,140,435,Shamela0005733,19,8,276,171,70
131,592,1253,JK000477,240,35,583,413,75
131,47,422,Sham19Y0037618,2739,1040,1425,249,77
131,181,435,JK000735,23,1,261,191,90
131,153,435,Shamela0012884,1167,782,1033,178,79
131,737,1253,Shamela0011816,34,865,1438,285,49
131,692,1253,Shamela0119492,35,397,930,414,91
131,181,435,Shamela0036446,1305,15,252,167,80
131,148,422,Sham19Y0013223,555,795,1178,183,56
132,301,1079,ShamAY0033910,184,619,1418,496,73
132,13,411,Shia002034Vols,1115,373,755,228,57
132,24,192,ShamAY0031687,1010,62,231,133,92
132,24,192,Zaydiyya0000162,1186,1046,1214,138,100
132,24,192,Shamela0008183,457,548,721,133,90
133,673,1128,Shamela0003118,3212,952,1344,288,76
133,697,1128,Shia002265Vols,2490,66,533,235,48
133,1,462,ShamAY0032913,11,449,820,279,73
133,673,1128,Shia002616Vols,2548,426,942,291,63
133,553,1128,JK000916,10301,669,1177,356,73
133,839,1128,Sham19Y0013241,316,1,320,223,86
133,816,1031,Sham19Y0014601,1454,1223,1442,156,84
133,673,1128,Sham19Y0017885,288,670,1298,345,68
133,816,1128,Sham19Y0147671,225,711,1071,236,81
133,627,1128,Shamela0012981,202,147,738,349,68
133,539,1128,Shia002034Vols,1115,171,755,437,89
133,656,1197,ShamAY0031687,189,95,716,331,62
133,816,1128,Sham19Y0016934,540,677,1029,240,84
133,1,226,Shamela0021476,57,1229,1453,179,96
133,676,1128,JK001236,64,700,1061,251,65
133,651,1073,JK001236,164,704,1167,258,60
133,800,1134,Shamela0006227,175,80,414,230,77
133,701,1128,Zaydiyya0000162,1188,238,785,315,68
133,606,1128,JK011633,107,481,1084,306,53
133,648,1038,Sham19Y0020591,298,758,1233,272,68
133,730,1419,Shamela0002863,329,33,828,352,48
133,804,1128,JK000917,1427,64,401,228,80
133,673,1128,Sham19Y0013577,473,21,573,296,67
133,839,1128,Shamela0021721,369,330,672,228,83
133,599,1230,JK009179,124,404,1113,368,58
133,730,1128,Sham19Y0123510,157,453,1016,303,66
133,539,1128,Shamela0009376,4,377,924,380,75
133,1128,1478,Shamela0001733,206,782,1105,228,78
133,507,730,ShamAY0034134,348,917,1106,139,81
133,673,1128,Shamela0001438,5867,439,920,246,49
133,599,1141,Shia001887Vols,307,895,1456,329,66
133,641,1138,JK000786,214,62,609,323,65
133,651,1171,Shamela0008970,26,275,862,346,68
133,673,1128,JK009390,4984,279,758,244,50
133,651,1419,JK000677,65,1,808,344,44
133,44,441,Sham19Y0127677,6675,966,1363,295,90
133,661,1128,Sham19Y0131521,1195,332,875,323,69
133,560,1128,JK000477,240,26,583,298,50
133,701,1128,Shia000820Vols,207,738,1391,317,58
133,715,1128,Shia000820Vols,208,1,514,308,73
133,790,1128,Shia003732Vols,3341,47,637,252,53
133,816,1128,Shamela0011816,34,1144,1438,218,82
133,749,1128,Shamela0121376,440,776,1236,273,68
134,5,376,Shia002265Vols,2554,1066,1431,256,80
134,165,463,Zaydiyya0000015,154,470,676,151,62
134,526,926,Zaydiyya0000015,798,272,604,224,65
134,1,482,Shia001782Vols,504,279,667,301,76
134,13,395,Shamela0000427BK2,970,1196,1573,268,80
134,1056,1353,Shamela0000427BK2,973,145,487,237,85
134,634,1140,Sham19Y0122257,614,1156,1536,246,61
134,9,692,Shia002616Vols,2548,504,1074,342,52
134,188,482,Sham19Y0013241,316,1,320,198,70
134,165,403,Sham19Y0014601,1454,1223,1456,144,68
134,554,1163,ShamAY0033910,184,289,990,326,47
134,5,482,Sham19Y0017885,288,752,1298,349,76
134,634,1211,Sham19Y0145212,766,728,1165,271,52
134,165,482,Sham19Y0147671,225,711,1071,216,70
134,5,482,Sham19Y0019188,451,490,943,314,75
134,9,482,Shia002034Vols,1115,380,755,274,68
134,9,562,Sham19Y0001729,652,837,1423,341,65
134,1037,1353,Shamela0005756,3400,426,720,236,92
134,5,482,ShamAY0031687,189,188,642,324,79
134,165,482,Sham19Y0016934,540,677,1029,218,72
134,634,926,ShamAY0035035,947,1228,1451,161,68
134,523,888,Shamela0026730,17,1058,1422,222,68
134,692,1112,JK000475,200,1,528,218,44
134,147,482,Shamela0006366,481,350,669,212,72
134,165,482,JK001236,64,764,1061,199,72
134,68,634,Shamela0006227,175,1,494,326,68
134,13,482,Zaydiyya0000162,1188,268,785,347,80
134,1,482,JK011633,107,611,1084,378,97
134,5,395,Sham19Y0020591,298,846,1233,276,82
134,634,1211,Shamela0008360,127,863,1322,277,53
134,637,877,Sham19Y0014309,1068,1318,1556,192,99
134,642,1211,Shamela0025800,881,364,850,311,67
134,637,1060,Shamela0008544,1194,963,1394,214,47
134,9,692,Shamela0002863,329,46,828,378,54
134,89,500,JK000917,1427,1,419,273,74
134,500,926,Shamela0010657,383,1020,1447,256,67
134,142,482,Sham19Y0013577,473,137,573,233,63
134,13,482,Shamela0021721,369,1,672,346,61
134,9,615,JK009179,124,541,1158,338,65
134,83,482,Shia002073,21,1,394,253,73
134,5,526,ShamAY0038116,128,539,1083,331,67
134,9,531,Sham19Y0123510,157,466,1074,353,68
134,626,926,Sham19Y0016599,1064,1217,1503,202,82
134,1,439,Shamela0001733,206,1109,1466,275,75
134,912,1414,Shamela0001733,2932,405,886,336,79
134,488,1072,ShamAY0034134,246,61,883,315,43
134,634,932,Sham19Y0127700,104,1262,1528,204,85
134,488,926,Shia002069Vols,707,1084,1466,293,84
134,5,482,Shamela0001438,5866,660,1113,318,77
134,1034,1518,Shia003101Vols,306,701,1114,249,60
134,634,1140,Shamela0008176,1250,957,1325,257,63
134,13,482,Shamela0031457,7,1035,1483,320,80
134,9,482,Shia001887Vols,307,1049,1433,240,58
134,5,568,JK000786,214,151,665,326,68
134,5,357,Shamela0001456,36,1136,1454,242,85
134,5,634,Shamela0008970,26,373,985,390,72
134,1,482,JK009390,3250,278,664,295,74
134,5,482,JK009390,4991,731,1191,322,78
134,1013,1353,Shamela0011428,386,1,320,256,93
134,5,482,Sham19Y0127677,3661,255,708,318,77
134,5,482,Sham19Y0131521,1195,413,875,328,80
134,554,1179,ShamAY0034256,184,739,1422,311,47
134,5,482,JK000477,240,228,583,281,71
134,523,926,JK000477,241,456,862,250,70
134,9,677,Shia000820Vols,207,834,1527,367,55
134,5,482,Shia000820Vols,208,38,514,291,66
134,9,482,JK007083,43,781,1232,319,78
134,128,710,Shia003732Vols,3341,1,838,316,41
134,68,721,JK000271,41,1,443,302,55
134,634,926,Shamela0001875,325,577,853,200,84
134,554,1122,Shamela0004289,1225,113,650,280,49
134,165,482,Shamela0011816,34,1144,1438,198,72
134,5,482,Shamela0119492,35,471,930,322,78
134,526,1021,Zaydiyya0000342,435,829,1270,246,57
134,13,482,Shamela0121376,440,776,1236,318,75
134,9,482,JK006897,74,200,655,322,79
134,554,1133,JK000130,185,837,1501,302,46
134,1,482,Shamela0036446,160,193,577,301,77
134,673,922,Shamela0036446,1304,1188,1426,187,92
135,132,594,JK005008,52,1095,1480,143,30
135,4,358,Shamela0013104,11,255,575,193,63
135,705,1361,Shamela0008540,1036,311,1091,344,46
135,4,470,JK001081,30,217,613,199,50
135,742,1486,Sham19Y0013667,1237,539,1225,321,43
135,4,461,Shia002003Vols,356,597,1359,306,49
135,4,209,JK000532,325,950,1127,137,83
135,4,347,Shamela0025794,2078,423,785,180,51
135,871,1478,Shamela0011428,388,751,1366,383,70
135,113,594,JK000477,243,705,1452,231,37
135,4,486,Shamela0008244,108,252,685,207,47
136,829,1439,JK000977,523,89,756,262,41
136,1008,1288,Shamela0010480,804,150,334,120,52
136,1,193,Shia001782Vols,499,623,842,149,81
136,873,1288,Shia001976Vols,779,665,1167,244,53
136,1316,1485,ShamAY0033910,185,872,1023,110,80
136,1008,1485,ShamAY0033938,310,269,738,212,43
136,1,418,Shia002240Vols,106,237,638,169,38
136,1008,1288,Sham19Y0001729,3018,400,714,171,60
136,1,431,Shamela0005756,3400,1028,1370,205,52
136,1026,1288,ShamAY0031687,190,1213,1506,155,59
136,1316,1485,JK000475,201,76,225,109,79
136,1026,1288,Shamela0030623Vols,33,303,550,155,63
136,1336,1485,JK007065,854,235,351,91,77
136,1052,1288,JK001236,165,1,229,128,57
136,1004,1485,Shamela0117359,231,331,860,227,47
136,1008,1288,Sham19Y0020638,262,1091,1359,156,59
136,899,1427,Sham19Y0017616,80,286,834,217,37
136,936,1344,ShamAY0034005,194,407,848,250,64
136,1004,1288,Sham19Y0020944,166,1086,1356,171,67
136,1008,1439,Shamela0007891,401,660,987,197,52
136,882,1288,Shamela0021765,441,426,919,234,52
136,1004,1485,Sham19Y0020591,300,470,1252,223,34
136,1008,1427,Shamela0008360,126,946,1344,192,48
136,1,193,Sham19Y0013667,1237,1225,1434,138,74
136,1008,1349,Sham19Y0018144,567,41,469,179,44
136,823,1427,ShamAY0038116,3,460,1067,244,38
136,936,1394,Shamela0026668,188,970,1457,189,41
136,936,1427,Shamela0026668,189,15,535,244,50
136,1156,1485,Shamela0026668,272,813,1228,180,50
136,969,1288,Sham19Y0148271,181,477,808,160,53
136,765,1288,Shamela0009808,4,380,996,259,46
136,834,1427,Shamela0013132,30,134,768,255,43
136,1,389,Shamela0001733,692,381,751,218,58
136,31,467,Shamela0001733,2932,301,756,231,51
136,730,1427,JK000216,444,19,668,197,26
136,652,1131,Shamela0001438,3682,619,951,139,33
136,625,1119,Shamela0001438,6201,1,444,209,46
136,783,1288,JK001012,138,857,1295,203,44
136,1008,1288,Shamela0008176,1241,387,703,149,50
136,498,675,Shia001887Vols,305,1316,1472,120,86
136,320,955,Shia001887Vols,408,246,791,253,41
136,1,288,Shamela0011428,382,1084,1453,181,56
136,1,193,Shamela0011428,390,1199,1425,156,84
136,652,1112,Sham19Y0127677,2273,51,325,140,39
136,561,955,Sham19Y0127677,4274,40,363,215,66
136,501,991,Sham19Y0127677,12640,837,1237,253,65
136,1004,1485,Sham19Y0131521,1196,796,1326,227,47
136,1008,1288,Sham19Y0037618,1015,534,804,157,59
136,861,1288,Sham19Y0037618,4949,973,1320,180,47
136,1008,1349,ShamAY0032665,567,54,482,179,44
136,1004,1427,Shamela0004289,523,85,625,227,47
136,1008,1485,Shamela0004289,1159,581,1058,214,42
136,1008,1161,JK007107,96,1319,1500,103,65
137,14,255,JK000977,523,239,462,175,89
137,14,385,Shia001976Vols,617,332,688,206,59
137,14,507,ShamAY0033910,185,1029,1433,204,41
137,376,1023,ShamAY0033910,192,303,989,208,29
137,14,255,Shia000841Vols,1419,1115,1342,164,78
137,14,543,ShamAY0033938,310,300,843,246,47
137,376,1224,JK000021,1344,18,862,333,37
137,14,255,Sham19Y0001729,650,341,601,184,86
137,14,419,Sham19Y0001729,3018,458,954,201,41
137,14,255,ShamAY0031687,190,1245,1506,187,87
137,14,487,JK000475,201,231,606,216,55
137,376,1023,JK000475,207,440,1107,181,25
137,14,255,Shamela0030623Vols,33,325,550,170,85
137,23,446,JK001236,165,1,329,199,55
137,14,255,Shamela0117359,231,378,601,176,90
137,14,255,Sham19Y0020638,262,1122,1359,173,83
137,14,255,Sham19Y0017616,80,507,744,173,83
137,14,351,ShamAY0034005,194,501,862,181,54
137,462,1197,Shamela0012991,144,462,1248,269,32
137,14,255,Sham19Y0020944,166,1133,1356,176,90
137,14,255,Shamela0007891,401,691,926,172,82
137,14,312,Shamela0021765,441,609,1119,195,46
137,729,1197,Shamela0021765,2132,658,1363,252,44
137,14,446,Sham19Y0122406,901,969,1371,169,42
137,14,198,Sham19Y0020591,300,517,683,130,87
137,14,255,Shamela0008360,126,977,1254,175,72
137,14,255,Shamela0025800,880,690,933,170,78
137,729,1061,Shamela0003722,8344,766,1217,206,56
137,14,255,Sham19Y0018144,567,72,338,173,74
137,14,381,ShamAY0038116,3,631,1057,222,59
137,14,446,Shamela0026668,189,103,595,223,50
137,14,210,Shamela0026668,272,1234,1421,149,95
137,34,255,Shamela0004473,11946,59,276,157,81
137,729,1197,JK006801,808,12,679,264,47
137,14,446,JK001012,138,1062,1387,202,54
137,14,255,Shamela0008176,1241,428,703,175,73
137,14,255,Shamela0025794,2430,18,261,170,80
137,14,255,Sham19Y0131521,1196,843,1066,176,90
137,14,255,Sham19Y0037618,1015,565,804,173,82
137,14,255,Sham19Y0037618,4949,1083,1320,172,82
137,14,255,ShamAY0032665,567,85,351,173,74
137,14,255,Shamela0004289,523,132,354,175,89
137,14,517,Shamela0004289,1159,612,1139,232,46
137,905,1149,Shamela0013066,259,33,276,117,52
137,14,158,JK007107,96,1350,1504,106,82
137,14,507,JK000130,187,98,502,204,41
137,376,984,JK000130,193,824,1460,177,24
138,301,879,JK000977,523,533,985,247,50
138,315,950,Shamela0003118,5329,82,704,252,39
138,1,467,Shamela0010480,1943,609,1017,224,55
138,1183,1446,Shia002265Vols,2491,73,672,111,20
138,15,315,Shamela0009567,143,959,1266,199,74
138,720,1348,ShamAY0034128,480,377,883,217,36
138,341,684,JK001287,8,1054,1415,215,69
138,364,879,JK000916,18470,215,742,241,48
138,353,859,ShamAY0033910,182,84,679,258,48
138,364,879,ShamAY0033938,310,561,978,252,58
138,15,287,Shamela0021611,188,686,962,189,80
138,364,864,JK000475,197,973,1359,220,51
138,1170,1451,Shamela0030623Vols,459,667,948,203,86
138,424,859,JK007065,586,984,1450,223,52
138,301,864,Shamela0026484,171,546,967,252,53
138,427,864,JK009249,16,82,505,245,62
138,467,879,JK001236,165,547,888,207,58
138,512,879,Sham19Y0020638,263,6,298,175,56
138,584,997,ShamAY0034005,194,1,642,213,41
138,1281,1446,Shamela0021765,442,28,176,109,82
138,792,1382,Shamela0021765,443,11,630,211,36
138,301,879,Shamela0005816,1633,713,1172,267,53
138,364,879,Sham19Y0122406,902,754,1171,252,58
138,467,879,Sham19Y0014309,1067,833,1156,198,56
138,455,997,Shamela0025800,880,116,852,302,45
138,484,950,Shamela0025800,2625,943,1317,188,49
138,15,287,Shamela0001719,2908,1113,1406,187,75
138,1,284,Shamela0008544,1199,1151,1439,182,69
138,333,879,Sham19Y0018144,567,543,1036,259,54
138,301,711,Shamela0026668,189,1074,1464,220,62
138,364,879,Sham19Y0148271,1125,352,770,243,55
138,480,879,Sham19Y0013572,647,552,877,193,57
138,467,689,Sham19Y0016599,1065,45,271,151,80
138,720,1386,Shamela0001733,4188,768,1451,489,86
138,307,864,ShamAY0034134,232,785,1256,280,60
138,720,1079,Shamela0009810,1372,621,941,202,70
138,771,1259,Shamela0006463,7,939,1342,246,54
138,459,976,JK001012,138,459,1159,276,43
138,720,1259,Shia001731Vols,799,252,732,250,57
138,480,761,Sham19Y0023625,549,1265,1496,162,71
138,488,879,Sham19Y0023625,571,314,639,188,53
138,383,879,Shamela0025794,923,18,406,233,56
138,15,467,Shamela0025794,3564,1001,1417,196,40
138,1159,1451,Shamela0001456,234,593,866,153,59
138,1159,1446,ShamAY0032818,1,1074,1354,212,91
138,301,879,JK000022,1442,274,775,258,49
138,301,864,Shamela0000782,1227,899,1355,262,54
138,720,1451,Sham19Y0127677,9164,612,1271,385,64
138,1159,1451,Sham19Y0127677,20026,845,1118,152,58
138,333,879,ShamAY0032665,567,556,1049,259,54
138,301,864,Shamela0004289,1159,856,1291,250,52
138,15,333,Shia001949,47,749,1070,207,76
138,467,950,JK007107,97,128,559,230,54
138,353,859,JK000130,183,604,1198,261,49
138,480,711,Shia001174Vols,3753,1204,1464,152,73
138,488,997,Shamela0036446,1304,308,833,229,42
138,15,333,ShamAY0033926,47,473,794,207,76
139,1106,1433,Shamela0009242,783,1151,1476,237,86
139,1109,1433,Zaydiyya0000015,798,1193,1519,232,83
139,1002,1412,ShamAY0036014,133,1263,1648,245,71
139,1106,1433,Sham19Y0150600,196,313,657,251,91
139,1106,1344,ShamAY0034230,300,257,489,181,93
139,1123,1433,Sham19Y0017437,417,1,318,234,90
139,1010,1433,ShamAY0033938,309,815,1200,278,77
139,1078,1433,JK000021,959,1,335,246,83
139,985,1433,Shamela0000767,739,637,1146,306,71
139,1058,1433,Shia001913Vols,77,924,1269,253,82
139,1106,1433,Sham19Y0017350,319,672,1010,249,91
139,985,1315,Sham19Y0001729,654,1248,1549,199,70
139,997,1433,Sham19Y0001729,655,693,1103,279,73
139,1061,1433,ShamAY0035035,1258,534,870,242,76
139,560,1010,JK007097,598,141,602,302,79
139,1106,1270,Sham19Y0014224,279,1470,1638,130,97
139,1078,1412,JK007065,994,873,1124,195,72
139,1106,1433,Sham19Y0011194,237,365,701,247,90
139,1106,1402,Shamela0006610,183,1293,1580,221,91
139,1109,1315,Shamela0006610,198,1283,1497,142,82
139,965,1282,JK000631,88,1197,1507,173,63
139,1106,1433,Sham19Y0020638,262,554,878,241,88
139,1010,1433,Sham19Y0122406,900,733,1118,278,77
139,1150,1315,Sham19Y0014309,2982,1,158,106,77
139,1109,1433,Shamela0025800,879,1270,1547,198,73
139,1106,1433,Sham19Y0013769,519,263,601,249,91
139,1078,1433,Shamela0002863,433,28,366,245,82
139,1106,1433,Sham19Y0017729,123,513,837,238,87
139,1024,1278,Sham19Y0018144,566,587,1138,171,37
139,1109,1344,JK000201,598,1131,1390,171,82
139,985,1387,ShamAY0038116,144,1092,1458,257,75
139,997,1433,ShamAY0038116,145,74,504,272,73
139,1106,1412,Sham19Y0013572,1114,168,407,186,75
139,1106,1433,Shamela0001665,151,1019,1357,255,94
139,111,824,Shamela0001733,4188,632,1447,315,43
139,456,1169,Shamela0001733,4189,1,738,410,62
139,1106,1433,Sham19Y0127700,104,974,1242,192,70
139,1106,1336,Sham19Y0023625,579,691,924,154,77
139,1061,1433,Sham19Y0020868,300,487,853,276,90
139,1024,1412,ShamAY0034256,187,214,600,279,85
139,1058,1344,Sham19Y0037618,951,799,1072,213,92
139,319,666,Sham19Y0037618,4950,495,939,161,44
139,1024,1278,ShamAY0032665,566,598,1149,171,37
139,1106,1433,Sham19Y0017903,236,1051,1375,243,89
139,1024,1433,Shamela0012415,108,381,764,275,81
139,1169,1433,JK000271,3,1,272,206,94
139,1106,1433,ShamAY0034383,96,1234,1558,238,87
139,1101,1433,Shamela0004289,522,1,330,245,89
139,1109,1315,JK006897,73,1304,1500,153,91
139,1106,1433,Sham19Y0132524,544,193,518,238,87
140,66,348,Shamela0010463,384,1105,1390,156,58
140,109,556,Shamela0023685,1175,1231,1554,193,51
140,405,839,Shamela0012981,824,326,690,191,52
140,377,839,Shia002034Vols,1409,502,951,171,37
140,15,348,ShamAY0037282,24,727,1065,256,96
140,54,428,Shia001989,48,668,1003,202,60
140,9,425,Shamela0003722,3194,760,1144,275,81
140,9,425,Shia002231Vols,144,462,878,216,59
140,9,513,Shamela0001733,345,914,1410,275,63
140,731,1210,Shamela0012872,139,10,477,229,52
140,15,348,Shamela0026884,102,695,1052,182,58
140,15,518,Shamela0026884,188,850,1408,229,44
140,54,518,Shamela0025794,3059,242,766,212,47
140,15,348,Shia002229,24,555,893,258,96
140,957,1210,JK011593,132,1143,1358,152,74
140,66,348,Shamela0000137,1354,988,1275,155,57
141,545,835,Sham19Y0148486,853,200,590,177,57
141,884,1231,ShamAY0034134,348,917,1218,187,65
141,1026,1400,Shia002069Vols,803,597,912,163,55
141,605,1231,Sham19Y0146127,391,201,791,158,20
142,306,625,Shamela0010765,111,706,1038,168,60
142,4,373,Shamela0008544,1304,1099,1366,171,55
142,882,1378,Shamela0001733,346,768,1230,240,57
142,1,346,Shia002069Vols,803,912,1148,165,57
142,1,184,JK000481,470,919,1329,121,36
142,110,373,Sham19Y0023625,663,984,1168,113,50
142,1094,1413,Shamela0008210,112,866,1243,143,43
142,1,393,Shamela0001875,344,813,1130,191,55
142,508,1019,Shamela0012884,4883,991,1467,242,54
143,847,1163,ShamAY0034282,498,11,350,174,59
143,672,1053,JK005008,72,250,781,188,41
143,1241,1428,Sham19Y0038171,813,534,731,127,80
143,1241,1428,ShamAY0035035,3280,391,588,119,70
143,1259,1377,Shamela0000956,207,498,599,71,78
143,1082,1428,Shamela0007891,396,34,475,185,48
143,98,638,Sham19Y0016546,181,414,584,48,9
143,998,1428,Sham19Y0148486,851,563,1252,199,33
143,1163,1428,Sham19Y0148486,891,632,888,136,57
143,756,1369,Shamela0008544,1304,264,538,149,28
143,1241,1428,ShamAY0035950,77,1251,1434,142,97
143,1252,1428,ShamAY0035950,88,1,173,134,97
143,1126,1405,Shamela0021477,230,285,662,144,49
143,1091,1428,Sham19Y0123510,173,602,857,145,53
143,1241,1428,Sham19Y0123510,204,963,1130,125,84
143,1126,1428,ShamAY0034134,343,30,321,136,46
143,892,1365,ShamAY0034134,345,485,1414,248,34
143,969,1428,Shamela0007370,2356,401,847,180,43
143,950,1428,Shamela0021473,11,469,969,158,30
143,478,1114,Shia001887Vols,12,159,465,109,18
143,288,1114,Shia001887Vols,345,476,1085,225,29
143,932,1120,Shia001887Vols,346,265,507,126,65
143,981,1428,Sham19Y0020868,310,504,845,173,47
143,1203,1428,Shamela0000782,102,500,709,131,72
143,998,1428,Shamela0005583,81,198,604,161,44
143,549,1110,JK000477,276,342,944,228,41
143,1241,1428,Shia000820Vols,217,1106,1276,131,89
143,1091,1428,Shamela0026865,68,131,504,147,39
143,817,1066,ShamAY0033531,704,699,1041,104,38
143,575,1066,Sham19Y0123608,303,118,657,144,32
144,414,689,Shamela0010480,883,966,1231,173,78
144,414,689,Shamela0010480,884,454,721,179,80
144,239,616,ShamAY0034282,482,101,414,140,40
144,337,858,ShamAY0032921,147,475,957,218,45
144,230,400,Shamela0012981,821,121,285,120,86
144,506,858,Shamela0012981,1794,1,269,129,47
144,1130,1288,ShamAY0031687,240,790,962,83,61
144,1032,1328,JK000475,1579,1028,1347,112,43
144,597,1070,Shamela0117359,255,448,1103,197,35
144,456,689,Shamela0000956,160,95,615,145,33
144,1164,1288,ShamAY0032922,15,1155,1283,91,91
144,722,1070,Sham19Y0020591,337,420,996,176,37
144,697,881,Sham19Y0148486,1203,1133,1430,111,46
144,400,693,Shamela0003722,3323,393,669,180,75
144,118,400,Sham19Y0013667,1516,975,1213,123,49
144,1130,1288,Shamela0009270,36,1190,1372,93,67
144,703,914,Shamela0009270,145,502,853,142,51
144,277,623,ShamAY0034134,345,935,1421,212,52
144,319,858,Shamela0025794,2257,847,1306,241,54
144,253,689,Shamela0008223,45,758,1118,185,49
144,597,1070,Sham19Y0131521,1346,450,1105,199,35
144,515,1091,Shamela0004289,550,367,1117,247,37
144,506,914,JK000698,24,48,621,179,39
144,137,400,Shamela0000736,4732,850,1095,138,63
144,1032,1328,JK001202,8,1110,1429,113,43
146,1073,1352,Shia001782Vols,522,379,628,184,84
146,844,1352,ShamAY0031687,244,1,218,142,33
146,694,1358,Sham19Y0018144,626,860,1373,204,31
146,470,1182,Shamela0001733,2363,977,1425,208,35
146,891,1367,Shamela0001733,2364,10,177,83,19
146,143,359,ShamAY0034134,348,917,1119,134,78
146,876,1352,Shamela0009107,134,624,1209,306,63
146,274,642,Shamela0025794,641,1032,1383,172,50
146,1033,1358,Shamela0025794,2114,24,343,164,56
146,764,1215,Shia001887Vols,351,923,1352,154,32
146,1103,1352,JK009390,3258,444,719,166,76
146,694,1358,ShamAY0032665,626,871,1384,204,31
146,863,1352,JK000130,221,1,446,226,52
147,818,1306,ShamAY0033910,220,1,504,250,60
147,509,799,ShamAY0034569,779,1178,1453,189,77
147,393,832,Shamela0009369,34,755,1253,239,55
147,666,1161,Shia002034Vols,771,749,1210,272,69
147,766,1348,Sham19Y0038171,816,323,965,266,46
147,949,1180,ShamAY0031687,244,1,241,170,89
147,1209,1358,Shamela0008540,1146,549,693,86,66
147,115,1306,JK000475,133,1,1103,490,45
147,786,1161,JK001236,171,307,628,180,58
147,1209,1354,Shamela0117359,248,1306,1457,101,79
147,1209,1334,Sham19Y0020591,327,1398,1515,85,85
147,73,990,ShamAY0033973,142,624,1011,77,8
147,832,1072,Sham19Y0148486,865,1136,1400,168,81
147,986,1358,Sham19Y0013667,1539,6,324,152,46
147,874,1161,Sham19Y0013667,1540,664,928,194,84
147,838,1345,Sham19Y0018144,626,438,1067,290,57
147,744,1358,Shamela0026668,4,586,1116,279,53
147,838,1247,ShamAY0034134,359,316,707,186,50
147,641,1212,Shia002069Vols,73,184,814,294,53
147,740,1354,Sham19Y0131336,489,383,1110,328,51
147,540,973,Shamela0025794,528,115,545,247,64
147,707,1144,Shamela0025794,2113,755,1470,231,37
147,832,1306,Shamela0025794,2114,18,445,265,67
147,393,963,Shia002088,126,544,1210,280,45
147,610,999,Shamela0010492,3,1,449,177,44
147,838,1345,ShamAY0032665,626,449,1078,290,57
147,641,1220,Sham19Y0146127,436,601,1235,315,61
147,8,968,JK000130,220,855,1489,220,26
147,766,1306,JK000130,221,42,599,298,61
149,109,459,Shamela0021765,469,821,1234,237,65
149,172,693,Shamela0001719,4330,953,1451,214,43
149,103,349,ShamAY0038139,48,1109,1430,110,38
149,191,484,Shamela0003722,8274,1,284,203,88
149,155,459,Sham19Y0013667,1542,1079,1430,161,53
149,697,1276,Shia002003Vols,412,57,781,231,37
149,349,689,Shamela0001733,3755,718,1167,218,61
149,103,507,Shamela0001733,4256,710,1304,255,51
149,459,879,Shia002069Vols,803,756,1349,229,43
149,200,459,Shamela0096228,570,241,484,182,87
149,10,689,Sham19Y0127677,20028,585,1050,211,35
149,216,459,Shia003732Vols,3361,944,1325,128,35
150,658,1296,Shamela0001733,250,361,619,123,24
150,498,1070,Shamela0001733,3816,1132,1433,107,24
150,960,1348,Shia001887Vols,352,1,162,100,33
151,401,575,ShamAY0033910,242,1088,1255,121,85
151,384,575,JK000631,94,1194,1404,114,60
151,74,393,JK000631,94,51,641,128,27
151,665,1144,ShamAY0034005,204,485,1001,227,46
151,401,575,ShamAY0034005,231,1100,1285,119,76
151,665,1152,Sham19Y0018144,634,401,877,259,57
151,401,575,Sham19Y0148271,1234,1224,1397,121,82
151,410,575,Shamela0021809,3317,863,1011,106,83
151,307,809,Shamela0021809,3318,601,1003,249,63
151,307,575,Shamela0025794,3637,1160,1414,194,92
151,401,575,Shamela0025794,3667,194,367,121,82
151,307,579,Shia001887Vols,351,1065,1332,183,80
151,401,575,Shamela0001456,115,675,848,121,82
151,332,575,Shamela0011428,458,699,1028,154,56
151,665,1152,ShamAY0032665,634,412,888,259,57
151,401,575,JK000130,243,1181,1348,121,85
152,980,1163,Shamela0010765,111,853,1114,133,61
152,963,1176,ShamAY0034282,481,985,1273,115,44
152,959,1163,Shamela0000767,641,956,1223,128,54
152,709,941,JK009324,587,614,926,133,51
152,4,941,Shamela0002863,396,856,1372,278,35
152,963,1189,Shia002003Vols,405,678,999,148,55
152,1006,1304,Shamela0001733,3328,132,585,144,37
152,458,941,Shamela0001733,3755,798,1288,272,67
152,4,824,Shamela0001733,5072,146,852,147,15
152,616,832,ShamAY0034134,348,917,1115,142,83
152,995,1304,Shamela0001456,230,118,463,140,41
152,398,941,Shia000107Vols,897,917,1408,217,39
152,995,1163,Shamela0011428,456,536,776,105,51
152,1035,1169,JK000653,60,4,240,95,49
153,45,415,Shamela0012981,572,893,1346,152,40
153,8,211,ShamAY0033053,94,162,350,141,87
153,1,349,Shamela0001733,346,812,1139,205,69
153,8,211,Shamela0012862,132,107,296,142,87
154,134,453,ShamAY0034282,497,950,1419,132,29
154,327,674,Shia002034Vols,149,158,455,178,61
154,364,577,Shamela0010835,271,121,336,152,85
154,112,327,Sham19Y0013667,1516,1039,1253,112,58
154,157,711,Shamela0001733,2311,433,994,225,39
154,321,969,Shamela0001733,3985,9,596,167,24
154,291,729,Shamela0012862,133,57,635,226,43
154,256,711,ShamAY0032870,11,237,706,194,48
154,1082,1414,Shamela0010492,12,1,692,214,38
154,90,327,Shamela0000736,4732,815,1135,139,55
155,9,504,Shamela0009567,683,1183,1452,154,35
155,534,1170,ShamAY0034282,482,105,662,280,51
155,200,567,Shia003488Vols,352,880,1176,96,33
155,303,633,Sham19Y0016599,1154,309,676,163,46
155,318,650,Shia003732Vols,3360,424,734,151,52
155,310,466,Shia003732Vols,5524,13,550,113,26
155,280,637,Shamela0001875,345,46,381,164,51
156,572,820,JK000977,433,805,1091,174,74
156,1256,1420,Shamela0013041,831,1017,1163,98,71
156,592,799,Sham19Y0018337,314,36,276,159,84
156,569,799,ShamAY0033910,231,945,1189,164,83
156,609,799,Sham19Y0020561,1372,860,1072,144,86
156,426,759,Shamela0010639,69,21,280,126,44
156,671,983,Shamela0012220,1828,1,368,125,38
156,620,759,Shia000841Vols,557,1304,1443,110,100
156,615,759,Shia000841Vols,1528,1402,1515,86,75
156,592,983,ShamAY0033938,259,116,487,216,60
156,820,1162,JK000021,1171,1156,1471,230,84
156,1162,1448,JK000021,1172,1,270,196,80
156,890,1420,Sham19Y0016934,576,802,1124,184,42
156,609,983,ShamAY0035035,3287,262,532,180,58
156,606,795,Shamela0007289,4961,1207,1400,149,97
156,395,799,JK000475,144,843,1260,215,57
156,404,993,JK000475,1886,636,1286,266,46
156,592,983,JK007065,1438,194,540,194,59
156,609,983,JK001236,168,767,1071,190,61
156,426,778,Sham19Y0020638,221,1047,1499,213,59
156,572,983,ShamAY0034005,288,285,790,215,50
156,1250,1420,JK009242,322,937,1092,102,71
156,542,799,Shamela0007891,395,998,1291,186,80
156,592,983,Shamela0005922,455,75,356,196,63
156,937,1329,Shamela0005922,932,1,251,183,55
156,592,983,Sham19Y0122406,768,829,1313,221,52
156,615,983,Shamela0025800,883,1042,1359,180,61
156,592,799,ShamAY0032798,16,816,1040,157,89
156,890,1420,Shamela0010646,27,995,1477,287,62
156,805,1010,Shamela0007351,343,1210,1420,143,79
156,1010,1448,Shamela0007351,344,1,491,313,75
156,978,1448,ShamAY0036182,20,1,306,225,57
156,404,759,Sham19Y0016599,1153,628,989,169,54
156,542,799,ShamAY0034134,363,984,1334,180,62
156,913,1448,JK007063,412,313,901,410,85
156,620,799,Shamela0001438,7672,1046,1238,141,93
156,426,759,Sham19Y0023625,687,600,838,126,44
156,592,943,Sham19Y0023625,688,59,372,162,57
156,558,1362,Shamela0013074,30,743,1433,452,65
156,404,983,Shamela0025794,4814,243,723,243,53
156,592,799,Shia001887Vols,349,62,274,158,93
156,609,918,Shamela0000140,1871,1269,1552,119,39
156,866,1448,ShamAY0036166,4,840,1412,438,92
156,696,964,JK009390,5856,1,159,113,52
156,620,799,Sham19Y0127677,5575,661,852,139,92
156,846,1448,Shamela0005702,82,1,689,456,81
156,592,799,Sham19Y0037618,1071,693,904,163,98
156,620,812,Shamela0026324,5551,988,1203,124,67
156,869,1420,eScr20120309,261,77,606,297,60
156,404,799,Shamela0001875,343,648,1052,213,57
156,890,1448,Shamela0012884,4545,358,747,287,62
156,606,983,Shamela0004289,560,201,658,192,53
156,609,759,Shamela0012014,304,1166,1294,91,69
156,620,759,JK007107,109,796,907,88,79
156,853,1420,Shia001144,28,805,1403,250,47
156,869,1420,Shamela0023789,609,229,765,304,61
156,569,799,JK000130,232,1035,1277,162,82
156,404,799,JK000130,842,986,1400,187,48
156,576,993,JK000130,843,15,410,199,50
156,620,799,Shamela0036446,1307,671,856,140,96
156,615,725,Sham19Y0132524,453,1135,1245,87,100
156,799,1448,ShamAY0033607,6,16,625,469,90
157,1,499,Tafsir06049,5920,721,1301,318,65
157,1,519,JK000021,1172,270,797,360,82
157,734,971,Sham19Y0001729,707,92,314,132,66
157,1171,1430,Shamela0022547,2627,1076,1302,135,66
157,734,971,ShamAY0033945,323,509,756,127,60
157,851,1161,ShamAY0035035,3287,1201,1484,164,63
157,782,996,Sham19Y0122406,766,940,1392,118,30
157,734,983,Sham19Y0148486,890,789,1382,149,31
157,115,674,Shamela0007351,344,398,907,268,47
157,1,624,ShamAY0036182,20,306,880,380,74
157,115,581,JK007063,412,808,1389,293,57
157,765,1015,Shamela0010803,194,55,316,142,68
157,1,519,Shamela0013074,31,88,595,362,84
157,1161,1430,Shia001887Vols,341,453,659,135,64
157,996,1364,JK000703,1,834,1198,149,42
157,69,494,ShamAY0036166,5,1,417,297,82
157,115,494,Shamela0005702,82,598,1123,268,61
157,1,624,Shamela0012884,4545,747,1330,394,77
157,1,494,ShamAY0033607,6,625,1095,351,87
158,1054,1325,Shamela0008540,1183,1101,1360,154,65
158,1036,1329,ShamAY0034005,161,717,1035,167,66
158,145,385,Shamela0021765,463,1238,1461,161,80
158,1108,1325,Sham19Y0148271,1467,1120,1330,122,68
158,145,446,ShamAY0034134,366,680,976,207,79
158,1036,1184,ShamAY0034134,366,1309,1461,97,76
158,226,832,Shamela0012862,132,739,1434,236,37
159,640,763,ShamAY0034055,11535,1,139,88,83
159,1116,1431,ShamAY0032904,15,56,399,213,73
159,459,763,Shamela0010463,856,130,425,202,83
159,1249,1425,Shamela0021743,206,149,357,97,52
159,459,677,Shia002702Vols,11889,1293,1487,135,77
159,412,1116,ShamAY0033910,271,1,646,426,71
159,459,763,Shamela0095735,359,254,549,202,83
159,583,699,Shamela0004482,513,831,959,88,88
159,1171,1425,ShamAY0031687,277,1053,1401,174,57
159,208,753,ShamAY0031687,278,103,684,290,59
159,1249,1366,JK000428,8,1160,1279,71,60
159,412,753,Shamela0008540,1327,1,280,192,70
159,446,763,ShamAY0033945,328,4,275,174,65
159,1171,1425,ShamAY0033945,452,1,350,152,47
159,384,1029,JK000475,252,825,1377,352,67
159,384,964,JK000475,1573,302,791,247,49
159,1249,1366,Sham19Y0017363,23,592,713,71,60
159,462,743,JK001236,177,131,401,203,92
159,498,777,Kraken2108092202141,210,234,458,157,73
159,174,918,Shamela0117359,279,55,783,288,39
159,462,969,Sham19Y0020944,211,181,715,178,30
159,171,918,Sham19Y0020591,375,359,1208,305,38
159,810,1183,ShamAY0033973,2,609,922,203,66
159,462,763,Sham19Y0014309,1020,1133,1353,153,66
159,462,763,Shamela0025800,874,738,1014,168,64
159,462,805,Shamela0008544,1342,494,812,158,51
159,336,760,Shamela0003722,6669,1062,1471,301,89
159,360,763,Shamela0009270,59,415,790,229,65
159,1212,1425,Shamela0026668,106,580,798,136,73
159,407,879,Sham19Y0148271,1895,462,930,235,47
159,342,763,JK009408,1897,454,859,306,92
159,434,942,Shamela0021809,2344,5,526,256,52
159,1,211,Shamela0001733,2734,1126,1365,133,66
159,28,969,Shamela0001733,4077,244,1124,381,41
159,1249,1366,Sham19Y0013571,34,155,274,72,61
159,1,325,ShamAY0034134,383,173,689,190,46
159,462,753,Sham19Y0016928,234,690,972,208,90
159,508,763,ShamAY0037747,688,422,647,156,74
159,1249,1387,Shamela0001438,762,67,206,81,60
159,336,969,JK000481,564,697,1230,271,47
159,56,315,Sham19Y0023625,705,441,759,126,45
159,384,805,Shamela0025794,3533,899,1350,277,75
159,1149,1431,Shamela0025794,4895,460,761,204,80
159,1149,1343,Shia001887Vols,371,1298,1497,143,88
159,44,527,JK000786,825,168,669,108,17
159,380,926,Shamela0009385,11,169,766,268,48
159,336,879,Shamela0008970,35,841,1324,263,54
159,1249,1392,Sham19Y0127677,380,51,190,85,61
159,498,825,Sham19Y0131521,1487,1,291,156,47
159,470,714,Sham19Y0131521,1488,1226,1549,168,64
159,462,736,Shamela0026324,4161,1107,1421,195,79
159,455,743,Shamela0000137,1523,1046,1319,188,79
159,459,733,Shamela0001875,365,68,389,169,59
159,384,763,ShamAY0038516,273,303,674,263,85
159,336,985,Shamela0004289,582,1,537,281,50
159,346,1116,JK000130,272,62,762,444,70
159,384,805,JK001202,2,314,726,246,67
160,409,1093,JK006833,245,398,913,258,45
160,101,494,Shamela0000427BK2,1080,942,1353,166,42
160,613,1097,JK000916,27321,126,550,248,57
160,658,1093,Shia001976Vols,1184,459,887,211,53
160,562,1097,ShamAY0033910,273,464,1133,233,36
160,409,1010,Sham19Y0020879,492,985,1446,237,45
160,17,285,Shamela0008540,1326,870,1136,171,75
160,658,942,JK001171,117,1123,1373,159,64
160,29,494,Shamela0117359,279,1,431,223,57
160,104,573,Shamela0008381,1590,1102,1405,204,54
160,140,1093,ShamAY0033949,237,11,579,272,32
160,134,285,Sham19Y0020944,211,9,168,120,94
160,29,542,Sham19Y0020591,375,309,786,239,53
160,66,613,Shamela0003722,6222,1,203,111,23
160,440,866,Shamela0013035,306,782,1480,220,35
160,337,1106,Shamela0026668,225,212,755,209,28
160,688,1101,Shamela0038194,17,186,532,202,57
160,628,925,JK000532,274,1,298,178,67
160,8,433,Shamela0001733,2466,994,1389,227,62
160,658,942,ShamAY0032776,20,1214,1479,174,74
160,29,433,Sham19Y0131521,1486,1092,1445,214,66
160,628,942,Shamela0026324,5093,158,442,135,49
160,409,1093,Shamela0009368,6,471,1005,240,40
160,688,1093,Shamela0012415,91,371,797,204,53
160,354,1034,JK000624,161,336,947,273,43
160,562,1097,JK000130,274,581,1250,233,36
161,120,1312,JK006833,70,623,1465,485,47
161,905,1488,Shamela0003118,7736,255,839,292,52
161,364,802,Shia002265Vols,416,462,881,313,85
161,670,1510,Shamela0000772,122,419,1146,501,71
161,381,802,Shamela0022797,1092,737,1135,313,90
161,461,802,Sham19Y0122257,1540,19,348,256,90
161,83,802,Shamela0009389,18,233,887,419,69
161,374,670,ShamAY0038387,521,899,1294,224,68
161,833,1461,Zaydiyya0000268,60,468,1074,447,85
161,381,802,Sham19Y0122096,921,15,423,312,88
161,83,808,Shamela0021794,66,742,1469,493,78
161,825,1455,Shamela0021794,67,30,644,389,67
161,539,802,JK011548,56,1,252,198,92
161,174,1455,ShamAY0033910,272,9,1288,790,68
161,358,696,Sham19Y0145212,1776,314,668,264,90
161,381,802,Shia002261Vols,70,675,1083,315,89
161,266,802,Shamela0021578,20,27,558,388,86
161,314,802,Shamela0095735,125,574,1012,331,82
161,489,802,ShamAY0033728,10,11,288,221,86
161,868,1184,Shamela0012981,443,1047,1368,199,69
161,83,757,Shamela0012981,444,316,948,446,78
161,367,626,Shamela0004482,513,1253,1516,182,81
161,132,802,Sham19Y0001729,720,112,877,453,69
161,287,802,Shamela0000216,108,247,713,360,84
161,166,802,Shamela0000216,145,163,688,399,75
161,229,802,Shamela0009200,226,326,892,362,69
161,406,696,Shia001432Vols,28586,53,295,178,76
161,381,802,Shamela0001975,194,928,1336,314,89
161,89,802,ShamAY0033945,616,424,1175,526,84
161,381,946,ShamAY0035035,8760,1,533,281,53
161,314,802,Shamela0007289,2603,572,1022,347,86
161,553,802,Shamela0007289,2939,1,253,194,92
161,314,802,Shamela0007289,3329,669,1095,330,82
161,132,813,JK000475,253,758,1469,460,74
161,868,1455,JK000475,254,49,609,351,65
161,314,802,JK000028,263,1104,1536,339,84
161,381,726,Shia001362Vols,717,165,499,212,66
161,381,802,Shamela0021659,247,855,1264,315,89
161,908,1312,JK001236,274,1194,1556,223,60
161,314,632,JK000368,353,1239,1534,205,77
161,287,802,ShamAY0038393,40,679,1123,337,79
161,381,802,Shamela0023644,1477,6,412,310,89
161,314,802,JK000079,56,1135,1592,338,83
161,83,301,Shamela0026390,40,1216,1422,158,90
161,301,915,Shamela0026390,41,1,625,417,75
161,314,802,JK001259,75,660,1100,327,80
161,381,802,Sham19Y0132416,107,135,532,304,87
161,495,802,Sham19Y0014592,3068,1,291,221,86
161,147,802,Shamela0008360,389,429,1114,452,76
161,147,1083,Shamela0025800,891,475,1358,547,65
161,489,833,Shamela0009270,127,1,342,252,86
161,93,915,Shamela0009270,133,383,1149,384,53
161,282,802,Shamela0011817,142,999,1448,332,77
161,83,816,Shia002231Vols,158,51,861,472,66
161,868,1455,Shamela0029677,1027,233,696,303,60
161,132,829,ShamAY0038116,60,615,1418,459,67
161,868,1461,Sham19Y0148271,1718,430,927,307,58
161,314,802,Shamela0000927,317,1018,1465,339,85
161,83,833,ShamAY0033974,10,262,1090,484,66
161,808,1077,Sham19Y0016599,1268,280,536,139,58
161,137,908,Shamela0028453,135,19,731,477,73
161,83,816,ShamAY0032840,14,1,675,420,68
161,905,1455,Sham19Y0127700,108,950,1461,337,68
161,381,802,Shamela0006193,351,29,420,293,83
161,257,825,Shamela0012872,261,15,535,382,79
161,107,696,Shamela0021638,13,900,1437,326,65
161,89,816,Shamela0006446,325,594,1321,443,67
161,83,802,Shamela0006446,425,677,1383,541,91
161,896,1465,Shamela0026884,397,1,555,331,62
161,461,845,Shamela0001438,980,6,347,259,80
161,825,1480,JK000481,55,406,1061,479,87
161,309,795,Shamela0021713,576,1102,1600,339,78
161,147,802,Shamela0008176,3365,97,794,452,75
161,868,1461,Shamela0025794,3395,187,671,305,58
161,314,802,JK000075,21,684,1141,338,83
161,849,1461,JK000786,2933,536,1141,457,90
161,132,829,JK001435,47,252,939,490,82
161,116,836,Shamela0008970,78,24,757,523,83
161,381,802,JK009390,403,602,1011,313,89
161,1077,1455,JK009390,865,246,600,240,71
161,128,825,JK000581,61,377,1045,461,76
161,381,816,Sham19Y0127677,1046,169,594,317,87
161,868,1455,Sham19Y0127677,19758,508,986,299,58
161,314,802,Shamela0000301,3,661,1092,338,84
161,437,790,Sham19Y0018272,463,43,782,225,37
161,961,1455,JK007049,90,1,505,384,92
161,358,829,JK000624,313,55,540,340,81
161,928,1455,Shamela0001875,365,706,1155,277,59
161,174,691,ShamAY0038516,204,1128,1546,283,68
161,171,802,Shamela0012884,5190,313,803,372,72
161,374,802,Shamela0004289,1220,8,438,324,88
161,468,802,Shamela0008370,595,1,330,264,96
161,314,802,Shamela0008370,838,814,1250,332,83
161,808,1214,Shamela0022882,338,1021,1440,236,63
161,546,802,Shamela0022882,339,1,236,189,90
161,314,802,Shamela0009690,725,971,1396,328,81
161,928,1455,JK000099,117,343,794,275,58
161,301,802,Sham19Y0018612,49,693,1140,348,85
161,928,1455,JK006897,93,889,1422,324,65
161,132,1455,JK000130,273,76,1405,814,69
161,174,802,Shamela0036446,1308,488,1051,344,63
161,314,802,JK000077,73,918,1344,330,82
161,670,1373,Shia001960,146,765,1032,169,31
161,314,733,Shamela0010549,75,1180,1565,279,80
161,546,802,Sham19Y0013223,1429,1,215,172,82
162,1301,1478,Shamela0003118,2855,1069,1376,136,55
162,1204,1478,JK000916,27833,743,1142,192,60
162,107,650,ShamAY0033910,271,898,1334,265,56
162,702,967,JK001266,29,880,1318,162,43
162,324,961,Sham19Y0001729,721,471,752,178,33
162,361,650,JK000475,253,437,719,217,92
162,727,1188,Shamela0011385,1082,1,681,190,30
162,369,1478,Shia002231Vols,619,1,965,437,40
162,767,1344,Shamela0021809,1203,84,550,188,30
162,435,1070,Shamela0021809,1216,203,593,193,34
162,1062,1478,Shamela0001733,1651,647,1146,264,62
162,650,1478,Shamela0001733,1656,82,1054,465,50
162,656,1169,ShamAY0034134,633,1024,1294,157,34
162,397,1111,Shamela0025794,3135,100,905,209,22
162,1082,1478,JK000022,279,762,1436,276,50
162,1233,1478,Sham19Y0127677,14850,90,468,180,59
162,767,967,Shamela0029712,10,971,1233,140,65
162,324,1142,Shamela0004289,1219,285,793,272,36
162,107,621,JK000130,272,1013,1420,244,58
163,1074,1271,ShamAY0034055,9812,158,304,107,66
163,1074,1243,Shamela0000963,1228,47,381,112,40
163,125,453,JK000916,22183,421,728,231,86
163,746,1446,Shamela0095735,236,662,1460,277,31
163,837,1399,Shia002034Vols,815,92,576,205,35
163,125,417,Sham19Y0001729,3607,785,1095,217,82
163,1074,1243,Sham19Y0132974,101,162,455,112,45
163,118,775,Shamela0026390,41,792,1524,387,56
163,1095,1243,Shamela0011406,1230,1,222,99,52
163,178,417,Shamela0021809,1213,215,432,173,90
163,125,633,Shamela0001733,1645,88,631,378,85
163,576,775,Shamela0001733,1655,183,348,107,71
163,932,1399,Sham19Y0016928,234,10,276,169,43
163,149,670,Shamela0026884,387,767,1340,351,72
163,837,1260,Shamela0001438,479,1237,1453,154,44
163,220,775,Shamela0025794,3134,593,1153,156,27
163,837,1243,Shamela0009385,20,501,693,140,43
163,149,453,JK000022,280,89,377,221,88
163,837,1399,Shamela0013068,90,296,768,207,36
163,837,1366,JK009390,2970,307,624,174,41
163,1,401,Sham19Y0127677,14850,468,984,302,71
163,1090,1260,Sham19Y0017817,550,587,973,114,37
164,435,601,Shia002265Vols,2515,626,805,132,91
164,377,601,JK000916,16905,586,822,159,80
164,349,720,ShamAY0034282,516,567,965,208,64
164,1067,1428,ShamAY0033910,263,1,348,238,81
164,367,720,Sham19Y0001729,711,87,461,174,49
164,377,627,ShamAY0031687,275,1200,1464,169,78
164,128,720,JK000475,245,715,1253,232,46
164,1102,1428,Shamela0117359,280,133,448,194,65
164,1102,1428,Shamela0007891,422,86,389,188,64
164,1102,1428,Sham19Y0020591,376,739,1054,194,65
164,1102,1421,Sham19Y0148486,920,630,954,211,75
164,367,601,Sham19Y0148486,920,207,482,172,78
164,408,601,Shamela0001719,2337,11,215,145,87
164,367,601,Shamela0003722,7271,354,604,184,91
164,899,1428,Sham19Y0018144,664,74,676,296,54
164,192,716,Shia002231Vols,156,48,626,203,40
164,373,601,JK009408,1973,675,915,175,90
164,1102,1428,Shamela0001733,3053,646,970,242,91
164,192,720,JK000481,551,262,738,139,22
164,1102,1428,Shia001887Vols,2996,31,274,155,55
164,435,637,Sham19Y0127677,5250,254,468,137,74
164,1102,1428,Sham19Y0131521,1490,24,339,194,65
164,1102,1266,Sham19Y0131521,1492,302,523,110,62
164,899,1428,ShamAY0032665,664,81,683,296,54
164,395,601,Sham19Y0146127,464,1099,1300,155,93
164,1118,1280,Sham19Y0146127,464,1350,1482,97,75
164,1098,1428,Shamela0004289,573,120,440,197,65
164,128,720,JK000130,264,886,1499,238,42
165,1020,1255,Shamela0009567,154,284,535,146,69
165,1020,1235,JK000916,19634,898,1116,139,74
165,491,687,Shamela0012220,1435,957,1132,112,73
165,764,986,JK001293BK1,1142,490,669,129,72
165,754,1034,Shamela0009561,22,1,228,149,64
165,793,1297,Shamela0021765,481,987,1398,166,35
165,1,384,Shamela0001733,217,282,769,142,30
165,7,319,Shamela0001733,850,817,1410,96,18
165,1020,1241,Shamela0005737,28,275,529,146,70
165,1020,1268,Shamela0025794,1127,377,623,148,70
165,810,986,Shia001887Vols,945,844,1007,131,92
166,789,1464,ShamAY0034282,520,718,1421,353,55
166,973,1485,JK007016,527,1219,1409,125,29
166,654,1093,Shia002034Vols,794,372,862,219,49
166,970,1464,ShamAY0031687,281,643,1385,256,40
166,1115,1464,Shamela0007891,437,178,728,221,45
166,596,1115,Shamela0021765,487,366,793,229,53
166,229,398,Shamela0000727,187,12,176,121,88
166,1115,1464,Sham19Y0148486,996,464,1026,222,48
166,1173,1464,JK007062,101,74,596,191,43
166,496,1052,Shamela0003722,3985,454,733,93,17
166,898,1154,Shamela0003722,5401,1172,1487,190,73
166,1179,1464,Shamela0009270,35,940,1255,176,64
166,1188,1382,ShamAY0033598,271,1259,1480,106,54
166,1065,1464,Shamela0026668,225,382,855,193,47
166,970,1470,Shamela0026668,323,625,1078,270,61
166,1197,1464,Sham19Y0016599,1250,484,793,175,68
166,994,1470,Shamela0025794,4231,446,864,201,48
166,229,578,Shamela0025794,4867,987,1256,164,57
166,431,654,Shia001887Vols,386,464,673,167,93
166,442,1065,Shia001887Vols,2992,618,929,108,18
166,1248,1464,Shamela0008210,85,791,1024,153,77
166,1206,1464,Shamela0000782,114,1093,1414,180,69
166,442,898,Shamela0013068,80,231,734,246,54
166,1173,1494,Shamela0008970,37,7,326,171,57
166,1,398,JK000735,23,967,1315,215,61
166,1206,1485,JK000601,10,43,319,175,71
166,1173,1470,JK000653,146,85,417,182,59
166,496,1037,Sham19Y0149213,1053,61,222,82,19
167,663,935,Shamela0011333,56,921,1141,131,60
167,916,1327,Shamela0003118,2133,526,923,245,70
167,892,1397,Shamela0010480,1121,1,454,299,71
167,935,1323,Shia002265Vols,688,203,535,229,74
167,876,1218,Shia001625,193,1157,1548,185,54
167,812,1292,JK000916,6228,983,1414,313,82
167,871,1337,ShamAY0034282,522,1,406,293,77
167,916,1327,ShamAY0033910,282,31,406,246,73
167,558,1361,Shamela0012981,610,575,1397,319,37
167,628,1327,ShamAY0031687,284,556,1297,325,45
167,801,1230,Shia001432Vols,28627,52,501,202,49
167,871,1323,ShamAY0035035,3290,1018,1448,259,69
167,151,420,ShamAY0035035,3290,780,1165,87,22
167,852,1323,JK000475,263,285,728,274,70
167,541,1192,JK000475,2094,894,1435,263,48
167,871,1323,JK001236,183,159,594,274,72
167,1,491,Shamela0021765,488,172,658,272,62
167,876,1375,Shamela0021765,494,1,518,252,56
167,610,1323,Shamela0025800,900,145,765,303,45
167,947,1292,Shamela0008544,1363,972,1311,201,67
167,392,759,Sham19Y0017878,463,995,1354,242,82
167,876,1222,Shia001237Vols,1084,28,426,190,55
167,947,1287,JK000201,729,1212,1534,184,64
167,855,1323,Shia002231Vols,166,81,536,275,69
167,855,1296,ShamAY0038116,33,593,1161,267,54
167,767,1242,Shia001334,148,908,1397,228,50
167,55,392,JK006801,115,940,1272,120,30
167,558,1323,Shamela0012864,3,1,799,455,69
167,663,1323,Shamela0021809,1284,360,928,393,74
167,852,1323,Sham19Y0016599,1256,814,1260,275,70
167,641,1035,Shamela0001733,1701,964,1428,216,48
167,1071,1393,Shamela0001733,1702,1,328,208,76
167,287,707,Shamela0001733,2517,933,1428,194,44
167,246,698,ShamAY0034134,499,137,777,172,26
167,845,1323,ShamAY0034134,518,1,359,270,70
167,935,1323,Shamela0001438,6675,455,775,220,71
167,897,1327,Sham19Y0023625,873,736,1030,203,59
167,900,1327,Sham19Y0023625,1822,1,409,296,82
167,947,1323,Shamela0021713,151,14,370,203,63
167,947,1323,Shamela0003055,1004,1040,1384,192,60
167,767,1327,Shamela0009377,4,613,1138,396,88
167,767,1296,JK000022,2010,925,1416,293,68
167,767,1102,Shamela0013068,242,1020,1346,141,48
167,767,1292,Shamela0008970,38,981,1445,318,74
167,935,1234,JK009390,6618,1204,1455,192,80
167,935,1357,Sham19Y0127677,4720,809,1204,240,67
167,55,258,Sham19Y0037618,1105,1116,1285,116,72
167,1,232,Sham19Y0037618,1106,1176,1409,182,99
167,541,1323,JK000735,33,636,1303,319,47
167,900,1292,Shamela0000137,1557,397,756,202,60
167,852,1143,Shamela0004289,590,1203,1473,180,72
167,801,1361,Shamela0013066,223,218,814,303,58
167,852,1327,JK000130,283,60,522,283,71
167,987,1296,Shamela0036446,1312,1,256,176,72
168,779,1179,Shamela0009076,405,740,1096,166,48
168,11,402,Shamela0010758,10,1157,1516,186,59
168,1188,1396,Shia001976Vols,863,867,1173,146,59
168,850,1086,Shia001976Vols,1408,332,509,121,67
168,8,428,Shamela0012131,9,472,896,310,88
168,11,648,ShamAY0034282,523,695,1066,207,42
168,11,208,Sham19Y0014601,2549,448,615,120,76
168,523,761,JK001293BK1,1285,867,1100,151,76
168,11,506,Shamela0012981,754,916,1401,326,78
168,779,1141,JK001266,27,993,1287,123,38
168,8,218,Shamela0026733,19,1304,1502,146,84
168,218,436,Shamela0026733,20,1,214,160,88
168,11,511,Sham19Y0001729,736,857,1367,296,66
168,135,648,Sham19Y0001729,737,1,592,259,47
168,11,440,ShamAY0031687,286,761,1146,259,69
168,11,423,Shamela0008540,1809,1101,1445,225,63
168,11,686,ShamAY0033945,334,365,1103,369,57
168,11,619,ShamAY0033945,1655,38,655,382,70
168,263,673,ShamAY0035035,3290,1,360,181,48
168,11,667,JK000475,2087,759,1360,334,59
168,135,340,Shamela0006366,521,1068,1236,108,64
168,102,663,JK001236,182,323,928,276,47
168,11,282,Shamela0117359,395,1245,1437,138,64
168,11,423,Sham19Y0009382,4,266,672,263,77
168,33,302,Shamela0023644,1484,1271,1491,136,61
168,102,395,Sham19Y0020944,324,640,865,164,67
168,866,1141,Shamela0021765,219,315,567,135,58
168,548,761,Shamela0021765,481,759,973,134,72
168,1184,1396,Shamela0021765,2144,662,998,161,59
168,11,648,Sham19Y0020591,549,25,498,254,44
168,11,656,ShamAY0033973,31,344,900,315,58
168,65,340,Shamela0011385,2640,1119,1314,128,58
168,182,346,Sham19Y0014309,1082,1,113,85,65
168,11,340,Shamela0001719,4795,1198,1445,177,68
168,11,380,Shamela0026490,14,1167,1523,263,85
168,8,436,Shamela0003722,6828,978,1399,328,94
168,59,648,Shia002231Vols,602,1,534,280,54
168,24,252,Shia002231Vols,641,332,541,144,74
168,87,436,Shamela0010778,5,1,356,226,71
168,11,559,ShamAY0038116,66,862,1366,307,65
168,11,506,Sham19Y0148271,1933,957,1435,297,70
168,8,365,Shamela0036543,618,917,1204,157,50
168,494,1009,JK006801,116,130,558,215,49
168,925,1396,JK006801,117,133,720,199,32
168,1163,1396,Shamela0021570,374,23,351,151,57
168,850,1086,Shamela0021570,385,366,543,121,67
168,494,1014,Shamela0012579,2166,693,1180,198,35
168,552,782,Shamela0021809,383,1156,1404,136,67
168,28,593,Shamela0021809,2495,297,797,268,57
168,11,279,Sham19Y0016599,1254,1247,1440,139,65
168,569,850,Shamela0001733,441,846,1396,153,35
168,8,648,Shamela0001733,3930,601,1214,340,59
168,895,1086,ShamAY0034134,158,1,166,98,68
168,8,395,ShamAY0034134,493,898,1339,256,70
168,1159,1396,ShamAY0034134,505,695,1038,161,57
168,11,436,Shamela0026463,13,520,858,230,62
168,11,340,Shamela0029868,10,202,450,145,55
168,87,667,Shamela0026884,388,1,654,283,46
168,11,436,Shamela0030665,23,882,1208,230,65
168,11,416,Shamela0030665,25,198,518,235,71
168,145,686,Sham19Y0023625,2276,268,751,270,59
168,11,648,Shamela0025794,4168,781,1308,309,57
168,33,340,Shamela0025794,4173,231,466,153,61
168,875,1322,JK000786,2941,24,298,172,51
168,543,1009,Shamela0001456,175,181,540,183,46
168,46,428,JK000022,253,1,382,281,86
168,11,428,JK000022,1696,929,1332,310,90
168,11,131,Shamela0008970,35,1345,1469,95,96
168,135,648,Shamela0008970,36,1,500,286,60
168,11,436,Sham19Y0127677,15059,367,759,274,77
168,11,428,Shamela0021493,240,1061,1467,259,69
168,11,648,Sham19Y0131521,2192,308,791,259,44
168,1188,1396,Sham19Y0037618,1119,95,432,152,54
168,11,667,JK000735,26,429,1036,334,59
168,11,436,Shamela0012415,6,103,522,317,90
168,65,340,Shamela0010798,2154,931,1065,100,45
168,8,428,Shamela0029449,4,700,1116,308,89
168,895,1322,ShamAY0033975,301,790,1251,155,34
168,11,725,Shamela0004289,591,491,1203,359,52
168,11,511,ShamAY0033586,72,418,827,182,38
168,11,514,ShamAY0033586,223,68,481,183,38
168,8,208,Zaydiyya0000342,410,1234,1426,140,84
168,208,528,Zaydiyya0000342,411,4,294,192,71
168,102,673,Sham19Y0013223,637,43,605,273,52
169,1159,1419,Shamela0009242,968,614,874,189,90
169,1159,1419,Shamela0009242,969,16,276,189,90
169,217,649,Shamela0009242,971,1261,1420,121,35
169,201,912,Shia001782Vols,3533,893,1377,226,38
169,1,262,ShamAY0033632,49,1151,1341,114,57
169,1,249,Shia001976Vols,863,1173,1413,132,64
169,1105,1419,ShamAY0034282,522,461,761,219,86
169,1,254,Sham19Y0014045,52,927,1117,116,58
169,1105,1419,ShamAY0033910,1131,191,476,205,79
169,840,1402,ShamAY0033910,1137,42,532,242,44
169,1108,1419,Sham19Y0018103,1969,158,433,191,74
169,1075,1414,Shamela0012981,372,589,959,169,47
169,1,124,JK001297,130,767,890,96,100
169,372,809,Shia002034Vols,601,992,1385,228,58
169,226,649,Shia002034Vols,765,792,943,117,34
169,1087,1419,Sham19Y0001729,739,158,487,212,79
169,1108,1419,Shamela0005756,8828,1048,1327,191,74
169,1147,1402,Zaydiyya0000133,132,681,990,136,47
169,1246,1419,Sham19Y0017757,52,1063,1240,128,91
169,1105,1419,ShamAY0031687,285,15,318,207,82
169,1108,1317,Sham19Y0013605,2517,771,962,126,70
169,1156,1419,Shamela0007289,6907,682,945,191,91
169,1105,1419,JK000475,1620,654,939,205,79
169,840,1402,JK000475,1626,18,508,242,44
169,1105,1363,JK000475,2093,1209,1438,161,75
169,1159,1419,Shamela0006366,521,97,408,192,75
169,1159,1414,Shamela0006366,525,403,737,153,57
169,1092,1402,JK007065,92,906,1147,140,51
169,1134,1419,JK001236,181,820,1090,178,73
169,1255,1419,Shamela0006610,222,1302,1466,126,96
169,1067,1419,ShamAY0034005,212,591,950,219,71
169,1176,1402,JK009324,1521,767,977,162,89
169,1126,1402,Shamela0007891,440,1221,1468,161,69
169,1,174,Shamela0021765,2144,998,1182,110,77
169,1,124,Shamela0021765,2228,812,935,96,100
169,1147,1419,Sham19Y0127656,346,523,838,165,57
169,1108,1419,JK000110,705,524,799,191,74
169,1255,1419,Sham19Y0017747,453,1259,1424,125,95
169,1176,1295,Shamela0025800,952,1365,1485,89,90
169,1176,1419,Shamela0008544,1361,355,602,184,93
169,800,987,Shamela0008544,1366,871,1059,128,78
169,1212,1419,ShamAY0038116,26,1,204,141,85
169,694,1035,Shamela0021477,394,1037,1354,248,90
169,372,863,Shamela0013132,31,30,509,238,51
169,1,226,JK006801,117,720,940,122,63
169,1,280,Shamela0021570,374,351,588,123,48
169,1147,1402,Sham19Y0013572,200,1044,1233,125,58
169,1108,1419,Sham19Y0016599,1253,365,666,212,86
169,1278,1419,ShamAY0034134,483,1,139,94,75
169,378,649,ShamAY0034134,496,100,491,196,62
169,1108,1419,Shamela0021715,4585,13,288,191,74
169,690,1121,Shamela0029942,5,46,474,286,82
169,1163,1323,JK001012,163,792,951,117,90
169,1112,1402,Shamela0008176,1403,930,1167,145,59
169,1176,1419,Sham19Y0016817,94,791,1035,186,95
169,1147,1419,Sham19Y0016555,560,903,1143,173,78
169,1108,1419,Sham19Y0018106,2026,945,1220,191,74
169,1147,1419,Sham19Y0018176,1074,6,253,173,76
169,1126,1402,Shamela0000782,1219,1,247,163,70
169,1043,1419,Shamela0008970,39,59,449,238,74
169,1,226,Sham19Y0037618,1119,432,652,122,63
169,1159,1329,JK007083,55,748,919,118,85
169,1156,1419,JK006950,1115,501,745,179,86
169,1105,1419,JK000735,32,918,1203,205,79
169,1,124,Shia003732Vols,3389,1300,1423,94,98
169,1255,1419,Shamela0022644,711,1176,1341,125,95
169,830,1419,JK008250Vols,573,263,772,259,46
169,1156,1419,Shamela0001875,374,582,845,191,91
169,1043,1402,Shamela0004289,591,914,1259,205,63
169,1049,1419,JK000314,69,234,549,197,65
169,1071,1317,Zaydiyya0000342,1035,1236,1465,144,69
169,1156,1419,Shamela0009690,554,1021,1284,191,91
169,1156,1419,Shamela0012027,525,71,335,191,90
169,1217,1419,Sham19Y0016584,2168,1,187,136,83
169,1180,1419,JK006897,98,580,821,180,93
169,1105,1419,JK000130,1132,190,475,205,79
169,840,1402,JK000130,1138,42,532,242,44
170,218,476,Shamela0009242,968,606,880,179,81
170,226,476,Shamela0009242,969,16,282,175,81
170,150,476,ShamAY0034282,522,426,767,213,75
170,158,511,ShamAY0033910,1131,163,519,239,80
170,170,498,Sham19Y0018103,1969,142,460,216,77
170,180,476,Sham19Y0001729,739,185,493,197,76
170,170,498,Shamela0005756,8828,1028,1354,216,76
170,230,476,Sham19Y0017757,52,1046,1246,146,76
170,180,476,ShamAY0031687,285,15,324,198,76
170,226,476,Shamela0007289,6907,685,951,175,81
170,158,498,JK000475,1620,626,967,234,81
170,201,498,JK001236,181,834,1116,194,77
170,285,476,Shamela0006610,222,1284,1472,136,91
170,13,476,ShamAY0034005,212,548,956,230,59
170,170,504,JK000110,705,508,832,221,78
170,291,476,Sham19Y0017747,453,1246,1430,135,93
170,239,476,Shamela0008544,1361,359,608,173,86
170,257,476,ShamAY0038116,26,1,210,152,89
170,183,683,Sham19Y0016599,1253,365,868,218,45
170,498,1272,Shamela0001733,2821,778,1313,314,47
170,498,814,Shamela0001733,4281,1031,1277,106,43
170,135,327,ShamAY0034134,482,1298,1547,145,74
170,239,476,Sham19Y0016817,94,795,1041,173,86
170,204,476,Sham19Y0016555,560,898,1149,178,78
170,170,498,Sham19Y0018106,2026,929,1247,216,77
170,204,504,Sham19Y0018176,1074,1,286,199,78
170,180,556,Shamela0008970,39,147,540,218,69
170,226,476,JK006950,1115,504,751,159,74
170,291,476,Shamela0022644,711,1163,1347,135,93
170,226,476,Shamela0001875,374,585,851,175,81
170,135,498,JK000314,69,234,576,235,76
170,170,365,Zaydiyya0000342,1035,1265,1465,130,76
170,226,476,Shamela0009690,554,1024,1290,175,81
170,226,476,Shamela0012027,525,74,341,175,81
170,262,498,Sham19Y0016584,2168,1,214,160,85
170,226,476,JK006897,98,575,827,172,82
170,158,511,JK000130,1132,162,518,239,80
171,1200,1418,Shamela0009242,971,22,253,158,80
171,100,219,Shamela0003118,6566,765,877,87,94
171,96,302,Shia002265Vols,394,301,550,140,68
171,526,697,Shia002265Vols,401,390,551,113,81
171,59,306,Shia002265Vols,4354,701,1076,167,55
171,100,219,JK000916,22839,1037,1149,87,94
171,820,1418,Shia001976Vols,1395,655,1135,227,39
171,96,302,Sham19Y0122096,492,350,599,140,68
171,1117,1418,Sham19Y0014601,2535,640,1118,207,53
171,96,302,Shia002261Vols,33,224,473,140,68
171,23,302,Sham19Y0017437,580,186,459,127,52
171,1120,1418,Shamela0023685,1223,130,453,194,66
171,1019,1418,JK000021,298,302,745,246,63
171,526,697,JK001297,389,1238,1399,114,81
171,100,219,Sham19Y0001729,737,1164,1276,86,93
171,96,302,Shamela0001975,102,1096,1345,138,66
171,1052,1418,Shamela0008540,1799,321,718,220,60
171,1120,1418,ShamAY0035035,3290,272,629,204,69
171,823,1371,JK000475,2085,919,1444,240,46
171,1,529,JK000475,2088,133,709,241,47
171,96,302,Shamela0021659,188,895,1144,140,68
171,23,302,JK001236,184,65,358,174,70
171,23,529,Shamela0010922,70,119,607,210,39
171,1105,1418,Shamela0117359,393,1,397,219,66
171,1148,1418,Shamela0023644,1481,893,1158,151,59
171,1,240,Shamela0023644,1482,1238,1475,144,77
171,1105,1418,Sham19Y0020944,321,372,798,212,60
171,1117,1418,Shamela0009780,1209,128,463,182,60
171,100,316,Shamela0021660,748,443,603,84,44
171,1,302,Shamela0023700,475,1109,1438,192,68
171,96,521,Shamela0023700,2168,8,453,158,38
171,1117,1418,Sham19Y0132416,26,953,1228,181,73
171,91,302,Sham19Y0132416,28,371,589,129,67
171,1052,1418,Sham19Y0020591,544,12,531,242,55
171,1148,1418,Shamela0025800,899,34,539,196,46
171,1274,1418,Shamela0008544,1362,1,148,106,85
171,1008,1418,Shamela0003722,1888,248,647,303,90
171,1200,1418,Shamela0006146,110,502,711,156,87
171,828,1418,Shamela0009270,144,39,650,283,49
171,77,302,Shia002264,80,647,909,138,62
171,1,302,JK000201,730,179,473,172,66
171,100,224,Shia002231Vols,602,1115,1232,87,91
171,1,521,Sham19Y0148271,472,431,954,225,43
171,804,1418,Sham19Y0148271,577,601,1249,262,39
171,23,302,Shamela0010517,677,925,1215,173,70
171,800,1418,Shamela0013132,31,455,1038,277,49
171,1,219,Shamela0013132,39,85,305,139,73
171,59,244,JK009408,613,1133,1414,134,60
171,96,521,JK009408,1846,295,731,175,43
171,4,521,Shamela0021809,505,828,1430,232,41
171,1032,1418,Shamela0021809,808,968,1380,227,60
171,833,1418,Sham19Y0016599,1254,307,1008,283,41
171,1008,1418,Shamela0001733,1150,717,1101,299,92
171,1,521,Shamela0001733,3883,672,1174,259,57
171,96,521,Shamela0001733,3884,82,485,197,52
171,1,224,ShamAY0034134,512,1267,1478,159,91
171,1200,1418,Sham19Y0127700,110,4,235,158,80
171,310,794,ShamAY0032826,772,771,1438,263,44
171,479,764,ShamAY0032826,774,1,314,193,76
171,96,302,Shamela0001438,469,826,1075,140,68
171,526,697,Shamela0001438,3401,93,254,116,82
171,59,306,Shamela0001438,6460,21,396,167,55
171,1117,1418,Shamela0021713,149,13,359,206,70
171,4,302,Shamela0021713,151,529,825,176,67
171,1,521,Shamela0025794,3339,227,722,220,46
171,820,1418,Shamela0025794,3591,720,1238,263,47
171,4,302,Shamela0003055,1005,78,374,184,70
171,4,302,Shamela0031457,16,231,519,175,67
171,1148,1418,Shamela0036558,313,575,890,191,70
171,1052,1418,Shamela0008970,37,917,1352,248,65
171,506,697,JK009390,1970,845,1026,121,78
171,96,306,JK009390,5630,940,1177,138,71
171,96,302,Sham19Y0127677,233,1085,1334,140,68
171,506,697,Sham19Y0127677,1903,83,254,120,77
171,59,244,Sham19Y0127677,4526,1149,1430,133,59
171,1120,1418,Shamela0026568,1048,322,654,206,71
171,1200,1418,Sham19Y0131521,2179,78,290,158,86
171,1186,1406,Sham19Y0131521,2184,949,1527,136,30
171,23,240,Sham19Y0037618,4995,1287,1499,125,63
171,823,1418,JK000735,24,558,1129,275,48
171,1,181,JK000735,26,1260,1448,122,79
171,96,306,Sham19Y0018272,213,1065,1350,140,60
171,1110,1418,Shamela0001875,375,861,1208,206,69
171,1117,1418,Shamela0012884,3672,299,656,197,64
171,4,521,Shamela0004289,1175,890,1417,261,54
171,1048,1418,Shamela0004289,1223,790,1141,200,57
171,1148,1418,Shamela0006947,11978,830,1088,193,86
171,1052,1418,Zaydiyya0000342,429,1016,1317,185,59
171,1120,1418,Shamela0036446,1311,673,1004,196,67
171,23,521,Sham19Y0013223,201,902,1421,212,38
172,1193,1416,Shia001976Vols,410,581,792,139,72
172,1176,1416,ShamAY0032787,6,1013,1238,152,77
172,223,1101,JK000021,614,412,857,195,27
172,932,1416,Shia002034Vols,806,154,507,196,52
172,1205,1416,Shamela0021765,2081,1077,1301,150,81
172,1205,1416,Shamela0021765,2149,479,688,136,75
172,854,1050,ShamAY0033956,257,136,486,107,35
172,1216,1416,Shamela0008473,5217,1,199,132,76
172,1205,1416,Shamela0001458,6,516,720,124,67
172,1082,1392,JK009408,444,1167,1427,138,46
172,1205,1416,JK006801,118,990,1212,145,80
172,1193,1416,Shamela0021570,373,1107,1325,143,73
172,218,980,Shamela0001733,4660,863,1357,253,36
172,1150,1416,ShamAY0034134,490,1251,1498,145,68
172,322,1332,ShamAY0034134,569,107,743,163,15
172,942,1416,Shamela0013138,14,138,606,198,39
172,1058,1416,JK000022,2206,17,348,186,61
172,1205,1416,Sham19Y0037618,1128,773,995,145,80
173,1,127,Shia001782Vols,2167,860,980,76,70
173,11,127,Shia001782Vols,3523,1277,1406,69,62
173,11,141,Shia001976Vols,410,773,908,74,60
173,20,127,Shamela0021550,435,857,964,67,74
173,1208,1395,JK000021,805,673,867,143,94
173,1202,1395,Shamela0026733,15,230,478,148,76
173,20,127,JK007006,787,589,726,63,56
173,11,343,Shia001432Vols,30549,122,426,101,28
173,20,127,JK000001,1830,1320,1427,67,74
173,20,127,Shamela0021654,887,446,575,80,81
173,11,343,Shamela0021765,2149,669,1020,118,37
173,20,131,ShamIbadiyya0000109,7219,150,344,79,52
173,20,135,Shamela0021660,2495,774,989,63,36
173,11,343,Sham19Y0014592,318,738,1049,134,44
173,1202,1395,Shamela0003722,7826,348,552,148,92
173,11,350,Shamela0008473,5217,180,569,138,36
173,1224,1400,Shamela0008473,5224,289,455,107,72
173,1,120,Shia002264,409,1291,1404,73,71
173,1224,1400,Sham19Y0148271,1625,1112,1285,107,71
173,324,622,Shamela0010517,579,817,1074,115,43
173,1224,1404,Shamela0013132,33,690,899,120,67
173,1,127,JK009408,445,33,170,74,65
173,11,127,JK006801,118,1193,1341,80,66
173,113,425,Shamela0021809,602,985,1439,159,39
173,135,585,Shamela0001733,586,165,606,224,55
173,431,882,Shamela0001733,1764,637,1100,227,53
173,1202,1395,Shamela0001733,3312,409,609,148,94
173,1228,1395,ShamAY0034134,489,1,159,96,69
173,141,425,ShamAY0034134,492,586,860,207,89
173,411,838,Shia002069Vols,203,1077,1470,215,61
173,40,425,Shamela0013138,15,695,1110,173,43
173,11,127,Shamela0001438,1991,8,140,67,60
173,11,127,Shamela0021713,152,1027,1165,82,72
173,1224,1400,Shamela0025794,3193,69,244,108,69
173,11,127,ShamAY0034080,309,129,263,80,72
173,20,135,JK000022,2206,353,468,70,72
173,11,127,Sham19Y0127677,1315,800,924,67,60
173,11,127,Sham19Y0037618,1128,976,1124,80,66
173,11,350,Shamela0012884,5474,990,1219,115,41
173,1208,1400,Shamela0026742,23,1039,1262,140,80
174,892,1307,Shamela0001719,4328,911,1311,196,57
174,170,729,Sham19Y0017878,441,1019,1472,342,78
174,271,743,Sham19Y0017878,507,1,369,280,76
174,605,1353,Sham19Y0018144,677,474,1056,280,47
174,407,863,Shamela0012579,2790,725,1413,285,51
174,892,1353,Shamela0001733,3068,735,1232,267,65
174,395,533,ShamAY0034134,470,1262,1457,98,64
174,605,1353,ShamAY0032665,677,482,1064,280,47
175,682,1080,JK000916,24796,791,1173,273,83
175,580,1080,Shia002034Vols,893,204,616,311,78
175,205,1012,Shamela0001733,4131,716,1445,572,90
175,1012,1399,Shamela0001733,4132,1,475,303,81
175,602,1012,Shamela0021715,9711,629,1206,252,51
176,725,1376,JK000916,20787,1193,1486,166,31
176,512,725,JK007016,428,197,499,151,64
176,425,910,JK000021,1491,600,1265,238,43
176,429,935,Shamela0030623Vols,5,503,1007,197,40
176,263,844,ShamAY0033973,94,755,1410,357,63
176,458,725,Sham19Y0013769,706,489,843,167,54
176,436,749,Shamela0026668,221,369,1106,224,38
176,425,725,Shamela0005610,31,954,1346,195,58
176,458,658,Shamela0021809,2604,1177,1419,134,67
176,1,658,Shamela0001733,4132,475,1258,438,67
176,69,254,Shamela0001733,4133,255,431,129,89
176,412,1213,Shamela0001733,4134,151,1405,559,54
176,418,725,ShamAY0034134,469,348,655,241,100
176,768,1376,ShamAY0034134,470,377,645,182,38
176,555,725,Sham19Y0023625,830,1,171,133,100
176,571,1376,Shamela0010803,197,581,1090,171,21
176,512,725,Shia002119Vols,3458,553,823,142,64
176,491,658,Shamela0025794,3367,1333,1496,117,84
176,796,1376,Shamela0012750,346,979,1198,145,30
176,425,932,Shia001887Vols,2533,466,1080,232,41
176,768,1376,ShamAY0038135,8,126,372,151,31
177,823,1125,Shamela0011333,56,1173,1423,145,59
177,442,844,ShamAY0033548,13,1,377,170,47
177,203,610,JK000562,1,1,331,176,47
177,766,1084,Shamela0013132,31,1142,1466,221,81
177,766,1381,Shamela0001733,4135,497,1095,391,75
177,942,1474,Shamela0001733,4136,244,694,338,80
177,556,1056,ShamAY0038135,7,6,499,264,54
177,203,661,Shia001959,3,985,1441,239,55
178,328,733,ShamAY0034815,496,604,937,149,45
178,523,733,Shamela0021809,1358,130,361,120,63
178,309,733,Shamela0001733,1738,792,1120,162,48
178,228,733,Shamela0001733,1771,854,1324,175,33
178,296,733,Shamela0001733,1795,5,338,149,44
178,533,733,Shamela0001733,1869,1,218,126,72
178,523,745,Shamela0001733,3301,294,504,130,74
178,304,1045,Shamela0001733,4135,627,1291,419,64
178,1,320,Shamela0001733,4136,694,1176,244,65
178,523,733,Shamela0004445,7205,910,1081,105,59
178,497,733,Shamela0013068,164,786,1046,130,63
178,301,745,Sham19Y0127677,10374,222,750,141,25
178,156,533,Shamela0026553,2,972,1389,224,62
179,1,238,JK000977,516,921,1123,156,84
179,1,238,Shamela0029878,294,207,418,161,86
179,110,574,Shamela0021642,410,941,1449,184,34
179,86,928,ShamAY0033938,306,1,703,235,26
179,44,238,Shamela0007349,485,8,202,151,100
179,486,1325,JK000475,262,1,802,434,59
179,110,600,Shamela0021677,347,769,1227,181,40
179,1096,1384,Shamela0005922,976,737,1010,211,94
179,1,238,Shamela0000347,1067,805,1012,159,86
179,151,1151,Sham19Y0122406,894,237,1048,276,29
179,699,1151,ShamAY0033973,94,636,1016,237,61
179,1002,1384,Sham19Y0013667,1710,456,814,264,87
179,1,450,Shamela0026668,223,988,1398,199,46
179,1,238,Shamela0021809,2603,378,587,163,88
179,67,238,Shamela0005992,37,499,670,133,100
179,1,771,Shamela0001733,4138,161,973,492,68
179,314,815,Shamela0001733,4138,933,1393,322,77
179,815,1384,Shamela0001733,4139,1,736,430,73
179,1023,1384,Shia002069Vols,847,773,1126,216,72
179,293,1096,Shamela0009082,683,990,1422,107,13
179,1,238,Shamela0025794,3359,641,842,152,82
179,67,439,Sham19Y0123665,1854,1009,1350,163,42
179,1,238,Shia001887Vols,389,633,844,162,87
179,1,238,ShamAY0038135,7,367,621,183,91
180,622,1048,Shamela0026665,8,234,595,264,76
180,93,587,Shamela0001719,4328,204,930,250,37
180,47,587,Shamela0026668,108,489,1227,277,43
180,93,444,Shamela0021809,2604,104,420,210,72
180,450,1398,Shamela0001733,4134,1,800,243,23
180,1,592,Shamela0001733,4140,676,1251,344,66
180,300,1398,Shamela0001733,4141,94,1020,695,79
180,1048,1398,Shia002069Vols,524,576,911,256,94
180,1022,1398,Shamela0009107,212,257,603,239,81
180,93,587,Shamela0025794,3363,76,500,271,67
180,47,551,ShamAY0038144,27,63,566,241,52
181,27,499,Shamela0011333,57,319,1200,250,34
181,537,817,Shamela0008381,671,201,470,189,85
181,117,443,Shamela0005922,976,737,1034,194,74
181,117,443,Sham19Y0013667,1710,548,838,185,73
181,416,870,Shia003488Vols,420,1125,1414,121,32
181,78,817,Shamela0026668,110,592,879,195,33
181,283,934,Shamela0026668,221,523,1193,270,49
181,435,1139,Shamela0001733,2405,1,581,153,22
181,27,443,Shamela0001733,4139,355,760,206,55
181,421,734,Shamela0001733,4139,1124,1410,223,90
181,22,839,Shamela0001733,4140,293,1138,500,66
181,996,1366,ShamAY0032938,4,1098,1484,200,56
181,421,636,Shia002069Vols,315,1270,1462,149,87
181,817,1015,Shia002069Vols,348,1023,1209,142,89
181,58,567,Shia002069Vols,847,773,1298,292,65
181,1057,1398,Shamela0009082,1168,513,826,205,73
181,117,435,JK000786,282,571,950,198,66
182,760,1163,Shia002265Vols,403,496,921,293,86
182,722,1153,Zaydiyya0000015,164,127,538,271,78
182,722,1163,Shia001782Vols,3531,768,1184,305,87
182,403,1097,Zaydiyya0000268,101,979,1482,343,61
182,422,1292,Zaydiyya0000268,102,110,740,347,43
182,829,1153,Shamela0005756,3716,1,312,227,87
182,747,1153,Zaydiyya0000133,35,817,1227,263,79
182,769,933,Sham19Y0038171,853,1221,1376,118,93
182,769,933,ShamAY0035035,3358,313,471,120,95
182,464,919,JK000475,2091,1106,1316,130,33
182,937,1163,JK000475,2092,1,223,158,87
182,734,1163,JK001236,184,730,1380,222,38
182,722,1103,Shamela0010922,8,1023,1389,272,89
182,340,1020,Shamela0026390,38,1015,1484,319,55
182,1020,1239,Shamela0026390,39,1,213,129,71
182,765,1153,Zaydiyya0000260,27,793,1193,241,71
182,784,1010,Shamela0008544,1362,1241,1482,170,90
182,340,1103,Shamela0026490,29,878,1430,288,44
182,438,1061,Shamela0003722,1493,537,1403,319,41
182,384,1380,Shamela0013132,39,320,1072,403,47
182,417,861,Shamela0021809,2459,1137,1345,134,37
182,542,1292,Shamela0021809,2460,58,699,407,64
182,482,1303,Shamela0001733,3933,242,1130,544,74
182,441,784,Shamela0001733,4843,123,403,117,42
182,1202,1358,ShamAY0034134,480,804,956,104,80
182,352,1103,ShamAY0034134,509,491,1018,302,49
182,1,230,ShamAY0032938,5,33,258,175,98
182,441,1140,Shamela0009082,551,593,1355,387,56
182,1,521,Shamela0009082,1168,826,1229,220,47
182,683,1270,Shamela0026884,415,1,553,310,61
182,784,933,Shamela0001438,3759,1320,1469,115,100
182,933,1163,Shamela0001438,3760,1,225,169,91
182,660,1180,Sham19Y0023625,868,694,1284,184,28
182,832,1163,JK009390,2270,1,329,247,93
182,784,1163,Sham19Y0127677,2171,100,477,287,96
182,683,1192,Sham19Y0127677,12002,577,1064,323,77
182,467,1163,JK000735,30,845,1294,288,49
182,1262,1380,JK000735,36,1249,1357,76,81
182,722,1159,Sham19Y0013223,202,773,1200,316,90
183,552,821,Shia002265Vols,657,5,276,213,93
183,1,430,Shamela0009567,957,51,443,201,52
183,967,1404,Shamela0005756,3702,373,647,190,52
183,964,1404,JK000475,2097,926,1186,194,55
183,1,1038,JK000475,2098,43,1121,518,49
183,430,734,Shamela0026548,46,1137,1455,233,90
183,374,1408,Shamela0021765,491,149,1204,600,62
183,949,1404,Shamela0000347,1034,864,1147,200,54
183,7,430,Sham19Y0148271,1826,577,950,188,52
183,525,813,Shamela0001438,7361,1166,1457,221,91
183,7,546,Shamela0025794,4081,299,849,228,47
183,340,839,Shia001887Vols,384,192,629,334,81
183,473,1022,JK000786,3743,193,645,235,46
183,953,1414,Shamela0001456,225,719,1281,225,44
183,242,716,JK009390,5430,1117,1517,258,64
183,506,844,Sham19Y0127677,5307,164,786,244,47
183,964,1404,JK000735,36,761,1021,194,55
183,91,1038,JK000735,37,6,981,456,47
184,717,1147,Shia001782Vols,3521,438,773,231,68
184,26,262,JK000916,18499,1192,1408,169,91
184,22,246,Shamela0021765,490,1182,1400,145,80
184,26,246,Shamela0021765,491,1249,1456,139,80
184,262,583,Shamela0021765,492,42,308,132,45
184,26,409,Shamela0026871,29,952,1396,196,51
184,26,415,JK000786,2919,342,745,135,32
184,17,409,JK011645,3,796,1252,190,47
185,637,1266,JK000977,521,418,926,274,46
185,915,1266,JK000916,26181,992,1303,227,80
185,554,1266,JK000916,26182,491,1397,405,49
185,938,1358,Shia002034Vols,220,11,397,202,56
185,571,1070,Shamela0026390,11,1,587,297,56
185,904,1266,Shamela0003722,8241,504,885,251,76
185,934,1266,ShamAY0034134,477,850,1357,228,54
185,670,1067,Shia002069Vols,329,1,478,225,57
185,910,1409,Shamela0026884,229,418,970,288,60
185,611,1067,Shamela0010283,1178,508,843,253,70
185,910,1266,Shamela0096228,551,916,1213,232,83
185,208,515,Sham19Y0127677,5307,179,781,162,31
186,535,1345,JK000977,519,150,1328,372,36
186,695,1118,ShamAY0034068,3713,749,1202,329,88
186,859,1118,Sham19Y0122257,682,961,1254,205,87
186,692,936,Shia002616Vols,6187,1245,1472,176,87
186,931,1118,Shia002616Vols,6188,6,197,148,97
186,1110,1291,Shamela0001673,9469,428,594,77,53
186,1,214,JK000916,26182,1166,1397,164,90
186,1,214,JK000916,26183,354,570,157,92
186,1,390,Shia001976Vols,1221,621,1006,210,60
186,676,1118,Sham19Y0150600,289,75,556,329,82
186,1,232,ShamAY0034569,1010,1012,1238,166,92
186,704,1118,Shamela0010639,84,716,1125,275,72
186,145,331,Shamela0012220,1602,1,159,92,57
186,707,874,Sham19Y0145212,860,135,291,119,84
186,874,1084,Sham19Y0145212,860,963,1203,169,87
186,931,1118,Shia000841Vols,1612,6,198,137,86
186,676,1118,Sham19Y0017437,590,32,528,334,81
186,535,981,ShamAY0033938,307,987,1444,273,68
186,981,1118,ShamAY0033938,308,1,142,108,96
186,834,1118,Shamela0021578,21,1,286,177,65
186,707,1110,Shamela0006137,99,618,1040,282,72
186,692,1118,Sham19Y0017350,477,714,1175,333,88
186,707,1096,Shamela0000216,75,710,1084,246,72
186,676,1118,Sham19Y0014224,431,704,1192,333,82
186,773,927,Sham19Y0020891,2498,1,170,119,81
186,472,1118,JK007065,979,631,1176,374,68
186,936,1110,Shamela0021659,497,1217,1367,118,83
186,676,1118,Sham19Y0011194,258,272,755,335,83
186,707,1118,Sham19Y0147311,197,435,824,264,70
186,685,1118,Sham19Y0020638,260,900,1349,329,87
186,730,1110,Shamela0008381,1618,1042,1443,299,89
186,730,1110,Sham19Y0149697,1011,611,1030,294,83
186,535,1118,Sham19Y0122406,896,611,1209,380,74
186,704,1118,Sham19Y0014592,856,519,967,325,88
186,707,1047,ShamAY0035990,360,880,1317,200,54
186,996,1110,ShamAY0035990,361,40,544,84,21
186,707,1118,Shamela0008360,147,888,1322,313,86
186,671,826,Shamela0011385,2979,1126,1260,87,70
186,559,1114,Sham19Y0148486,1002,918,1460,366,74
186,790,1118,Sham19Y0014309,1081,7,336,249,92
186,503,1118,Shamela0025800,896,893,1510,362,64
186,730,1110,Sham19Y0014555,149,100,523,293,82
186,692,1118,Sham19Y0013769,716,179,658,334,85
186,579,1118,Shamela0001453,201,119,650,356,76
186,704,1114,Shamela0008473,4490,536,877,228,65
186,730,1114,Shamela0008473,4667,1123,1441,231,73
186,676,1118,Shamela0022645,435,251,743,334,81
186,730,1110,Shamela0022645,436,131,1501,300,27
186,11,406,Sham19Y0018144,680,1039,1448,216,59
186,535,1114,Sham19Y0018144,681,902,1519,380,68
186,704,1114,Tafsir07057,4772,441,785,211,60
186,644,1118,Shamela0026668,233,950,1445,349,84
186,1,349,Shamela0026668,261,599,961,193,63
186,475,1118,Sham19Y0148271,1352,357,1075,368,55
186,704,1114,Tafsir09084,2309,729,1127,239,61
186,865,1114,Tafsir09084,2401,1,212,150,75
186,707,1040,Shamela0010517,673,1181,1509,225,73
186,707,1110,Shamela0010517,771,1093,1490,270,73
186,790,1170,Sham19Y0013572,1090,1,875,294,41
186,695,1118,JK009266,8796,647,1085,316,85
186,676,1118,Shamela0001665,239,227,718,329,80
186,704,1118,ShamAY0034134,471,930,1345,276,72
186,704,967,ShamAY0034134,473,985,1472,163,37
186,704,1114,Sham19Y0127700,109,765,1186,307,85
186,570,1110,Shia002069Vols,525,354,886,365,79
186,707,936,Sham19Y0020583,930,1357,1568,164,85
186,931,1118,Sham19Y0020583,931,20,249,141,75
186,820,1061,Sham19Y0023625,836,452,694,153,66
186,707,1118,Shamela0008176,1404,615,1062,323,88
186,936,1114,Sham19Y0016817,93,1029,1180,111,75
186,33,390,Shamela0025794,1834,1,312,178,62
186,730,1110,Sham19Y0014249,345,551,927,274,83
186,721,1118,Sham19Y0008889,299,866,1278,300,87
186,936,1110,Sham19Y0127677,960,382,532,116,81
186,730,1110,Shamela0021589,430,842,1386,214,42
186,739,1118,Shamela0021589,1794,968,1297,190,54
186,649,841,Shia002206,114,394,574,137,89
186,704,1118,Sham19Y0037618,4727,814,1244,315,86
186,886,1118,Shamela0010443,329,1,270,184,85
186,11,406,ShamAY0032665,680,1049,1458,216,59
186,535,1114,ShamAY0032665,681,913,1530,380,68
186,739,1110,Shamela0000107,1650,241,596,195,54
186,733,1110,Shamela0000107,1655,680,1125,240,57
186,749,1118,Shamela0001875,373,462,860,289,88
186,662,1170,Sham19Y0146127,508,716,1361,365,67
186,535,1068,Shamela0004289,588,870,1423,330,67
186,707,1110,Shamela0012014,159,69,498,310,86
186,778,1118,Shamela0012014,303,1,332,217,68
186,704,996,JK001429,14,1208,1527,235,90
186,707,1052,JK007107,134,1135,1480,234,73
186,927,1110,ShamAY0038389,339,1175,1358,142,97
186,730,1057,Shamela0021590,341,412,792,251,80
186,730,1118,Shamela0036446,1310,1102,1504,299,89
186,707,918,Sham19Y0132524,541,1090,1486,156,45
186,918,1118,Sham19Y0132524,542,1,238,156,83
186,704,1102,Sham19Y0013223,632,1033,1453,311,89
187,1,674,JK000977,519,327,984,472,78
187,1158,1374,Sham19Y0020989,823,238,499,153,73
187,329,498,Shia002265Vols,391,420,580,121,89
187,952,1109,Shia002265Vols,393,128,303,123,86
187,329,587,Shia002265Vols,395,326,674,114,31
187,1162,1374,JK000916,20441,496,733,142,74
187,770,1109,Shia004012,75,674,1008,210,70
187,153,674,Sham19Y0147658,562,511,998,205,37
187,107,498,Shamela0011363,266,907,1318,286,83
187,28,333,Sham19Y0016684,394,1208,1501,211,82
187,345,674,Sham19Y0016684,395,8,321,254,94
187,80,329,ShamAY0033910,284,382,572,102,43
187,730,1297,ShamAY0033910,284,374,968,291,50
187,107,839,Shamela0010639,84,716,1396,324,50
187,324,839,Shia000841Vols,1612,1,446,170,38
187,28,292,Sham19Y0018103,873,1313,1567,179,81
187,297,674,Sham19Y0018103,874,5,360,287,92
187,207,674,Sham19Y0019188,507,1,490,358,87
187,70,674,Sham19Y0017437,597,195,662,235,39
187,261,674,Shamela0037837,230,69,625,285,60
187,238,1025,Shamela0021578,21,8,493,202,28
187,666,1109,Zaydiyya0000229,288,931,1345,271,70
187,1140,1374,Shamela0030769,70,36,323,146,61
187,42,587,Shamela0012981,2105,746,1221,233,44
187,189,674,Sham19Y0014299,546,424,930,110,16
187,19,498,Sham19Y0001729,734,1,465,336,85
187,28,674,Shamela0005756,3699,740,1361,467,86
187,133,329,Shamela0005756,3700,985,1129,100,63
187,754,1109,Shamela0005756,3700,960,1305,218,66
187,770,1115,Zaydiyya0000133,33,925,1225,222,75
187,70,839,Sham19Y0013252,1853,1,757,491,73
187,149,498,Sham19Y0038171,2121,592,868,141,40
187,51,587,ShamAY0031687,285,975,1484,400,88
187,133,587,Shia001432Vols,30718,526,997,171,37
187,770,1109,Shia001432Vols,30718,517,846,203,64
187,28,367,Sham19Y0013605,1267,669,996,235,83
187,367,680,Sham19Y0013605,1268,797,1097,244,94
187,952,1109,Shamela0001975,104,520,695,123,86
187,149,498,ShamAY0035035,8130,303,579,141,40
187,726,1297,JK000475,265,602,1173,290,52
187,19,498,JK000475,2097,357,815,348,87
187,449,674,JK007065,980,404,624,182,97
187,110,689,Shia000055Vols,531,624,1195,414,84
187,137,502,Shia000109Vols,314,1129,1474,253,83
187,952,1109,Shamela0021659,189,698,873,123,86
187,329,498,Shamela0021659,492,1185,1344,118,88
187,98,947,JK001236,178,789,1539,505,68
187,770,1109,JK001236,180,694,1038,217,67
187,110,329,JK001236,180,694,862,112,63
187,110,1025,Shamela0006610,222,250,1107,461,48
187,1162,1374,Shamela0026389,3,1200,1456,148,71
187,110,1025,Sham19Y0147311,197,435,1188,349,40
187,95,674,Sham19Y0020638,261,398,986,370,70
187,1158,1374,Sham19Y0009382,3,650,912,152,72
187,110,498,Shamela0008381,632,617,983,268,83
187,1162,1374,Shamela0026842,19,1021,1276,151,73
187,24,674,ShamAY0034005,210,788,1406,478,88
187,110,498,JK009324,616,1023,1324,219,66
187,680,1109,Shamela0007891,439,959,1393,250,61
187,110,674,Sham19Y0127656,125,711,1279,420,85
187,28,388,JK000110,204,1129,1477,252,84
187,388,839,JK000110,205,1,435,255,66
187,102,275,Shamela0011993,451,1440,1616,126,84
187,275,498,Shamela0011993,452,1,209,161,88
187,70,238,Shamela0011385,2975,1154,1311,112,85
187,51,674,Sham19Y0148486,1002,141,756,485,93
187,449,1019,Shamela0025800,897,553,1100,232,36
187,774,1374,Shamela0025800,898,623,1400,278,35
187,16,587,Shamela0008544,1360,826,1439,289,48
187,1109,1374,Shamela0003722,1334,986,1257,148,62
187,674,1109,Shamela0003722,4558,316,748,337,92
187,895,1109,Shia001237Vols,1055,1,202,133,68
187,1162,1374,ShamAY0033674,8,232,475,139,70
187,1,918,Sham19Y0018144,681,293,1323,545,59
187,110,952,ShamIbadiyya0000229,1381,426,1114,486,69
187,1162,1363,ShamAY0032770,5,1216,1442,130,69
187,36,684,Shia002073,30,678,1351,486,85
187,10,498,ShamAY0038116,78,193,688,337,80
187,1109,1374,ShamAY0032767,5,934,1219,146,55
187,42,511,Shamela0026668,260,1007,1503,346,83
187,511,849,Shamela0026668,261,1,340,188,61
187,110,394,Shamela0010517,673,1181,1456,177,72
187,110,498,Shamela0036543,2348,331,709,282,85
187,110,674,Shamela0036543,2354,523,1071,418,88
187,1115,1374,Shamela0030248,9,794,1100,165,68
187,449,674,Sham19Y0013572,1090,1042,1262,182,97
187,1162,1313,Shamela0021809,959,626,762,89,78
187,24,846,Sham19Y0016599,1251,809,1566,494,65
187,655,1061,Shamela0001733,2664,1023,1481,300,79
187,107,660,ShamAY0034134,471,930,1449,272,57
187,24,373,ShamAY0034134,473,1102,1472,244,76
187,373,839,ShamAY0034134,474,1,584,278,57
187,1158,1374,ShamAY0034134,486,1098,1357,152,72
187,28,674,Shamela0021715,1498,161,781,472,88
187,1162,1374,Shamela0026857,7,867,1117,143,70
187,937,1109,Shamela0001438,474,896,1080,127,82
187,329,498,Shamela0001438,862,377,529,113,83
187,329,498,Shamela0001438,881,65,233,128,92
187,110,952,JK001012,159,756,1481,496,69
187,120,333,JK001012,161,383,544,109,63
187,770,1109,JK001012,161,374,707,220,70
187,449,660,Sham19Y0023625,838,744,989,86,36
187,743,1109,Zaydiyya0000352,325,1,326,245,79
187,28,306,Sham19Y0018106,757,1221,1488,189,81
187,306,674,Sham19Y0018106,758,1,347,279,92
187,28,364,Sham19Y0018176,401,1179,1495,227,80
187,364,674,Sham19Y0018176,402,1,298,241,94
187,107,498,Shia000107Vols,944,760,1130,277,85
187,1162,1374,Shamela0030327,128,1009,1275,149,69
187,689,1109,Shamela0000782,158,403,850,255,62
187,1162,1374,Shamela0008970,115,1135,1377,149,75
187,937,1109,JK009390,156,1129,1326,128,80
187,329,498,JK009390,953,165,324,118,88
187,329,498,JK009390,976,532,700,128,92
187,449,674,Sham19Y0013785,1125,1181,1346,98,53
187,110,498,Shia000089Vols,550,424,789,273,84
187,329,498,Sham19Y0127677,940,752,904,113,83
187,329,498,Sham19Y0127677,954,1192,1361,128,92
187,110,674,Shamela0008463,481,984,1513,415,88
187,1162,1374,Shamela0009313,18,712,956,142,72
187,110,354,Sham19Y0037618,1115,1307,1554,184,89
187,354,839,Sham19Y0037618,1116,1,583,295,55
187,1158,1374,Shamela0007435,900,86,360,155,70
187,767,1103,Shamela0012052,335,1240,1530,184,60
187,19,498,JK000735,36,187,650,343,86
187,1,918,ShamAY0032665,681,304,1334,545,59
187,28,674,Shamela0000137,1550,565,1166,455,85
187,1158,1374,Shamela0007525,1,950,1200,147,73
187,253,952,Shamela0001875,373,1,669,398,62
187,51,918,Sham19Y0146127,508,113,944,513,66
187,133,498,Shia001368,416,869,1150,191,64
187,1162,1374,Shamela0022882,240,1110,1368,150,72
187,177,952,Shamela0012014,303,1,625,303,46
187,110,394,JK007107,134,1135,1415,179,72
187,449,952,JK007107,135,10,440,163,31
187,28,329,Sham19Y0016584,873,1083,1372,208,82
187,51,674,Sham19Y0016584,874,199,876,377,60
187,107,674,JK006897,96,71,630,438,93
187,133,329,JK000130,285,538,683,98,59
187,730,1297,JK000130,285,487,1078,291,53
187,1162,1374,Shamela0026742,24,1208,1414,132,74
187,1180,1374,Shamela0023764BK3,78,4,212,130,76
187,141,839,Shamela0096283,92,1,596,439,75
188,245,840,Sham19Y0014119,271,194,867,296,43
188,302,636,Shia002265Vols,391,593,933,168,53
188,46,160,Shia002265Vols,395,1065,1179,76,74
188,240,797,Shia002265Vols,5095,849,1425,264,46
188,269,510,Sham19Y0017063,536,1183,1483,139,47
188,1,302,Shia001782Vols,3522,856,1230,146,45
188,362,997,Shamela0026378,55,1,367,162,29
188,1,164,SHAM19Y23644,1777,379,550,122,90
188,490,840,Sham19Y0122257,1488,1,267,157,53
188,283,636,Sham19Y0122096,1983,333,693,167,47
188,221,933,Shamela0007798,9181,291,957,358,53
188,218,836,ShamAY0033910,282,751,1442,333,50
188,1,164,Sham19Y0122409,49,1378,1531,116,90
188,409,801,Sham19Y0145212,1737,1150,1482,179,50
188,302,636,Shia002261Vols,192,666,1003,166,52
188,1,164,Shamela0001686,3004,1239,1410,122,90
188,333,997,JK000021,295,1,727,373,57
188,46,179,JK001297,568,899,1031,98,93
188,218,590,Shia002034Vols,709,90,410,193,60
188,218,848,Sham19Y0001729,733,149,724,320,56
188,75,675,Shamela0005756,3706,552,1145,219,33
188,221,764,Shamela0022547,1769,1002,1522,286,54
188,1,201,Shamela0012406,973,1248,1447,130,77
188,302,636,Shamela0001975,487,188,528,168,49
188,194,946,JK000475,2239,138,682,254,39
188,451,636,Shamela0028114,29,65,275,111,56
188,302,636,Shamela0021659,625,1103,1443,168,52
188,1,302,ShamAY0033053,509,460,813,154,45
188,1,681,JK009249,17,781,1454,331,46
188,170,829,ShamAY0032891,2,851,1392,312,54
188,218,946,Shamela0026548,24,562,1342,408,55
188,218,636,ShamAY0033949,210,863,1310,261,65
188,218,997,Shamela0012991,258,333,1059,358,47
188,1,160,Shamela0021765,2148,1266,1427,117,90
188,881,1066,ShamAY0033973,85,1221,1393,124,85
188,596,997,ShamAY0033973,86,1,423,213,49
188,451,840,Shamela0008360,374,5,322,193,55
188,252,840,Sham19Y0014309,1115,622,1185,288,48
188,283,590,Shamela0025800,898,1016,1509,166,39
188,248,1002,Shamela0025800,957,267,1360,343,32
188,211,534,Shamela0008544,1355,1101,1432,185,58
188,245,840,Sham19Y0016976,800,680,1349,296,43
188,1,260,Shamela0029747,9,83,371,144,61
188,245,840,Sham19Y0017791,791,217,886,296,43
188,218,929,Shamela0029701,24,653,1270,379,58
188,170,493,ShamAY0033594,6,1147,1482,244,91
188,493,1002,ShamAY0033594,7,1,431,310,75
188,221,918,Shia002231Vols,165,796,1488,377,57
188,75,941,Shia002231Vols,601,497,1380,432,51
188,164,493,Shamela0026668,64,689,1163,147,30
188,164,929,Shamela0026668,224,721,1447,366,50
188,164,604,Shamela0026668,322,1036,1470,244,58
188,237,681,Sham19Y0148271,1163,1,556,226,43
188,1,164,Shamela0012862,772,1285,1444,117,86
188,211,843,Shamela0009810,383,744,1316,333,58
188,245,807,Shamela0001341,144,151,663,300,59
188,1,302,JK000216,56,636,891,126,51
188,208,843,Shamela0026884,220,645,1291,337,56
188,302,764,Shamela0001438,2114,143,560,205,45
188,197,797,Shamela0001438,7023,410,1025,274,43
188,218,501,JK001012,160,174,471,143,46
188,211,933,Shia001731Vols,192,779,1425,366,58
188,248,840,Shamela0008176,3230,522,1086,301,51
188,218,681,Shamela0025794,1208,878,1453,236,43
188,87,704,Shia001887Vols,384,951,1518,402,78
188,704,1089,Shia001887Vols,385,1,335,256,83
188,221,918,Shamela0000782,1165,607,1282,332,48
188,164,636,Shamela0008970,115,1109,1548,194,42
188,226,764,JK009390,1230,279,744,218,42
188,245,797,JK009390,6937,198,768,247,43
188,302,764,Sham19Y0127677,1373,844,1267,209,45
188,240,797,Sham19Y0127677,5008,411,987,269,47
188,1,164,Shamela0012031,342,849,1022,122,86
188,42,302,Shia002094,8,139,549,139,41
188,248,675,Shamela0010443,499,752,1157,233,59
188,237,843,Shamela0012052,336,583,1082,210,37
188,1,302,Shamela0006700,212,668,898,140,56
188,194,946,JK000735,179,877,1427,254,39
188,245,681,Shamela0001875,377,146,690,223,43
188,218,997,ShamAY0032777,26,363,1021,356,51
188,221,787,Shamela0004289,589,1006,1510,289,52
188,245,823,JK001429,15,1017,1535,296,54
188,248,590,JK006897,96,1195,1545,210,66
188,218,651,JK000130,283,867,1447,270,54
188,283,840,Shamela0036446,1342,703,1227,269,47
188,248,1061,Sham19Y0013223,635,624,1498,419,52
189,843,1297,Shamela0009076,452,20,478,257,60
189,843,1293,ShamAY0033910,283,827,1319,293,68
189,843,1263,Shamela0012981,1502,707,1133,278,74
189,925,1263,Sham19Y0013252,1855,1083,1361,169,59
189,849,1240,JK000475,264,1087,1520,262,70
189,871,1301,JK011633,170,724,1155,259,67
189,949,1197,Shamela0025800,961,1142,1412,176,75
189,843,1263,Shamela0003722,5008,323,765,292,76
189,867,1400,Shamela0026668,263,357,961,330,65
189,945,1263,Sham19Y0016599,1250,905,1251,213,70
189,849,1263,ShamAY0034134,481,674,1010,228,64
189,606,835,ShamAY0034134,486,352,538,116,60
189,1025,1247,Shamela0007370,2743,908,1256,135,45
189,871,1263,Shamela0010906,3128,7,422,281,80
189,843,1263,Shamela0010906,3665,750,1145,274,75
189,867,1263,JK000022,3074,413,847,286,80
189,629,822,Shamela0026324,2928,324,499,93,48
189,942,1263,Shamela0001875,373,1130,1479,215,70
189,827,1263,Shamela0004289,590,153,627,272,65
189,843,1293,JK000130,284,950,1441,292,68
190,1,376,JK006838,1606,853,1158,197,63
190,17,218,Shamela0001673,2222,118,605,131,32
190,55,395,ShamAY0034282,523,1,334,204,68
190,17,395,Sham19Y0145212,866,878,1252,225,64
190,17,165,Sham19Y0017437,598,1142,1485,106,36
190,1,395,Sham19Y0001729,735,408,806,246,71
190,1040,1362,Zaydiyya0000133,34,585,1050,203,49
190,1,380,ShamAY0033945,311,1129,1476,229,72
190,1,354,JK000055,269,1199,1527,217,73
190,1,347,Shamela0023644,1511,466,1024,206,44
190,1040,1362,Zaydiyya0000067,219,692,1097,203,57
190,17,395,Shamela0008360,149,504,878,225,64
190,1,395,Shamela0003722,5797,395,785,241,68
190,1,433,Shia002231Vols,600,743,1178,255,67
190,1,395,ShamAY0038116,24,1004,1402,246,71
190,1,129,Sham19Y0148271,584,1370,1485,91,89
190,318,887,Shamela0013132,35,571,1161,237,44
190,1,347,Sham19Y0036114,272,880,1264,207,61
190,1,214,Shamela0021809,838,1239,1437,140,77
190,1,574,Shamela0001733,1098,91,773,362,61
190,688,1362,ShamAY0034134,518,815,1159,213,38
190,1,347,Shamela0007370,2743,860,1244,201,59
190,1,214,Shamela0007370,2894,883,1102,142,74
190,1050,1472,ShamAY0032826,226,1,352,188,46
190,1146,1362,Shamela0001438,885,777,954,122,68
190,1125,1362,Sham19Y0023625,874,1,163,124,65
190,17,376,Shamela0008176,1418,1232,1596,221,67
190,1,395,Shamela0025794,4059,815,1205,237,66
190,1,366,Shamela0000782,1166,763,1150,224,67
190,1,433,Shamela0008970,40,176,568,251,68
190,1142,1421,JK009390,979,387,625,134,59
190,1146,1362,Sham19Y0127677,959,842,1026,127,71
190,407,674,Sham19Y0127677,12017,308,590,179,79
190,17,395,Shamela0012052,336,119,488,234,70
190,14,395,Shia003732Vols,4476,776,1130,235,74
190,1040,1455,Zaydiyya0000342,405,860,1433,221,44
191,165,423,Shia001399,28,667,838,128,61
191,155,409,Shia001399,92,292,520,162,74
191,832,1165,Shamela0003118,1758,179,477,163,62
191,823,1020,Shamela0009076,239,732,903,128,81
191,98,284,Shia002265Vols,654,1275,1454,136,88
191,122,423,Shia002265Vols,2461,970,1275,197,77
191,98,423,Shia002213,103,1037,1357,205,72
191,832,992,JK000916,4791,1303,1462,125,97
191,122,423,Shia001976Vols,131,1158,1462,196,76
191,792,1165,Shia001976Vols,1292,992,1371,192,54
191,118,423,Shia001131Vols,157,527,872,230,80
191,118,423,JK011548,55,862,1149,176,61
191,155,423,Shia001134,363,1,305,184,70
191,206,423,Shia000043Vols,136,1,249,157,79
191,792,1160,Sham19Y0001729,323,321,827,185,40
191,118,302,Shia001432Vols,28538,1279,1476,138,86
191,162,418,Shia001432Vols,28592,317,601,171,70
191,186,423,Shia001432Vols,28971,6,243,162,76
191,143,423,Shia001432Vols,29476,73,397,187,68
191,155,409,Shia001432Vols,29780,583,811,161,73
191,155,423,Shia001149Vols,247,207,510,184,70
191,85,423,Shamela0026548,6,59,443,250,78
191,122,423,Zaydiyya0000067,123,635,946,198,76
191,1,423,Shamela0026390,10,948,1400,334,92
191,118,366,Shamela0021765,581,1174,1476,176,72
191,122,366,Shamela0021765,2201,1256,1492,166,81
191,647,986,Shamela0005922,918,1068,1397,212,73
191,155,423,ShamAY0034123,892,615,925,201,77
191,115,423,Shia001237Vols,1080,655,1027,236,79
191,832,1279,Shia004092Vols,9468,426,911,208,44
191,229,423,Shamela0029701,6,1,234,150,78
191,792,986,Shia002231Vols,159,605,795,142,85
191,792,1165,ShamAY0038116,108,1053,1455,218,63
191,792,986,ShamAY0038116,109,321,510,142,85
191,143,409,Shia001334,404,212,519,182,69
191,155,423,Shia001372,201,772,1132,190,62
191,155,423,Shia000011,79,1202,1507,207,83
191,202,537,JK006801,813,1,345,166,51
191,122,537,Shamela0021570,380,716,1099,218,61
191,832,986,Shia003698,15,1045,1198,123,99
191,480,1169,Shamela0001733,577,232,1428,477,47
191,1169,1479,Shamela0001733,578,1,320,245,95
191,441,832,ShamAY0034134,402,898,1294,257,76
191,118,423,Shamela0012872,260,1069,1356,176,61
191,98,493,Shamela0001438,5568,201,631,240,64
191,122,423,Shamela0001438,5805,6,313,198,77
191,162,423,JK001012,403,229,504,179,79
191,441,832,ShamAY0034293,21,914,1304,256,76
191,85,423,JK000786,2916,851,1208,242,80
191,1030,1333,Shamela0008210,126,1086,1397,164,60
191,75,423,Shamela0023102,14,752,1132,234,75
191,98,239,JK009390,4844,1344,1491,109,93
191,139,423,JK009390,4978,48,349,195,77
191,118,423,JK000581,61,58,358,186,63
191,162,423,Sham19Y0127677,1299,601,880,184,82
191,122,423,Sham19Y0127677,3705,608,919,198,76
191,92,570,Sham19Y0127677,3897,677,1120,255,57
191,98,423,Sham19Y0127677,7172,1090,1432,226,73
191,118,423,Sham19Y0037618,4977,292,671,198,65
191,122,427,Shia003732Vols,3461,1183,1492,197,75
191,122,423,Shia003732Vols,3478,759,1062,194,76
191,162,423,Shia000042,46,518,692,128,61
191,155,423,Shia000042,230,349,707,190,63
191,155,409,Shia000042,316,938,1161,160,73
191,832,996,Shia003704,401,14,176,126,96
192,299,613,ShamAY0034282,901,972,1289,204,72
192,997,1444,JK009408,517,344,772,299,80
192,728,1424,Shamela0001733,577,564,1270,499,85
192,1,1136,Shamela0001733,578,320,1447,820,90
192,894,1444,Shamela0001733,579,163,648,325,68
192,991,1124,Shamela0001733,1478,362,494,90,88
192,991,1206,Shamela0001733,1997,904,1211,116,48
192,991,1206,Shamela0001733,2310,849,1040,116,64
192,997,1223,ShamAY0034293,22,98,300,154,87
193,952,1457,JK000621,36,221,902,306,52
193,609,1269,Shamela0009200,308,160,944,274,40
193,1,558,Shamela0026730,7,911,1419,315,67
193,1136,1354,JK011633,411,929,1119,125,69
193,1131,1457,Shamela0021635,147,280,751,223,57
193,665,1332,Shamela0001733,577,804,1424,354,59
193,741,1457,Shamela0001733,579,245,1009,518,80
193,92,558,Shamela0001733,579,1,410,275,72
193,830,1358,JK000481,87,438,974,271,55
193,1131,1457,JK000022,3039,41,424,227,69
193,1187,1358,Sham19Y0127677,7485,450,604,104,76
193,853,1457,Shamela0005583,145,68,706,304,48
194,1,316,JK000621,36,268,661,194,57
194,144,1021,Shamela0009200,308,466,1372,448,54
194,567,712,Shia004092Vols,12314,742,1278,97,22
194,1,532,Shamela0001733,579,474,1158,334,58
194,111,797,Shamela0001733,580,435,1448,508,62
194,1140,1449,Shamela0001733,581,96,404,243,98
194,903,1449,ShamAY0034293,12,1012,1246,119,26
194,144,662,Shia001887Vols,605,100,1014,298,40
194,144,320,Sham19Y0127677,7485,446,604,109,79
195,283,677,Shia002265Vols,2479,736,1155,294,84
195,504,713,Shia001131Vols,187,441,769,155,56
195,504,761,Sham19Y0150676,2133,914,1188,184,72
195,504,683,JK011548,42,672,1158,140,34
195,504,761,Shia000841Vols,1619,975,1199,169,74
195,677,854,Shia001432Vols,28985,11,212,119,70
195,677,854,Sham19Y0014325,782,1134,1279,119,81
195,677,854,Sham19Y0016934,782,1111,1256,119,81
195,203,677,Shia001269,474,108,633,356,82
195,432,1024,Sham19Y0011194,86,834,1387,346,65
195,558,677,Sham19Y0017104,466,149,648,88,21
195,504,761,Shamela0005922,1130,500,774,184,72
195,677,854,Shia000002,227,451,654,122,71
195,504,761,JK000272,144,774,999,177,81
195,504,677,Noorlib38975Vols,13,1302,1502,138,84
195,510,864,ShamAY0034123,896,633,1067,245,62
195,303,422,Shamela0003722,3433,915,1029,85,88
195,854,1284,Shamela0003722,7370,574,1009,285,80
195,303,677,Sham19Y0150960,152,9,411,285,85
195,504,761,ShamAY0034251BK3,255,509,777,187,76
195,203,504,Shia004092Vols,11539,748,1083,224,83
195,504,677,Shia003636Vols,102,878,1086,138,81
195,504,677,ShamAY0034134,405,707,899,132,81
195,167,871,ShamAY0034134,406,831,1495,447,73
195,504,761,Shamela0012872,246,1008,1318,180,63
195,504,683,Shamela0012872,247,286,772,140,34
195,898,1358,Shamela0012872,257,1022,1431,220,54
195,504,677,ShamAY0032803,11,1096,1289,140,88
195,303,422,JK000134,1570,460,586,92,93
195,283,677,Shamela0001438,5826,891,1314,297,85
195,167,303,ShamAY0034293,23,1374,1503,98,91
195,303,854,ShamAY0034293,24,9,516,348,72
195,298,531,Sham19Y0023625,727,1305,1578,181,83
195,672,854,Sham19Y0023625,728,10,188,147,97
195,1007,1468,JK001127,78,773,1388,274,53
195,961,1294,Shamela0025794,224,1078,1398,196,70
195,970,1381,Shamela0025794,285,962,1369,228,62
195,941,1377,Shamela0001456,32,202,577,248,67
195,504,802,Shamela0008970,128,1113,1463,195,59
195,341,677,JK009390,4982,1,337,236,78
195,283,465,Sham19Y0127677,3974,1269,1492,136,78
195,465,677,Sham19Y0127677,3975,1,206,161,89
195,504,802,Shamela0007435,127,423,786,208,65
195,504,677,JK008250Vols,148,685,1175,54,10
195,203,677,Shamela0011728,133,628,1123,357,86
195,504,677,Shamela0012884,5497,1294,1470,139,96
195,504,677,Shamela0012884,5499,913,1095,142,95
195,307,426,Sham19Y0149213,902,1242,1359,86,93
196,183,549,Shia001625,124,933,1335,210,56
196,112,433,JK001287,23,1081,1341,170,62
196,654,1460,JK001287,24,1,838,440,54
196,119,713,ShamAY0034282,439,364,994,310,51
196,39,727,ShamAY0034282,863,605,1368,422,62
196,75,515,Sham19Y0018103,4271,1074,1513,283,69
196,112,713,ShamAY0033938,399,809,1423,312,52
196,86,549,Shamela0005756,15363,168,605,273,65
196,105,549,Shamela0005756,15416,1,426,276,67
196,75,500,Sham19Y0013252,10841,1050,1474,272,68
196,142,549,ShamAY0031687,424,184,603,258,67
196,233,709,Shia001432Vols,25810,40,426,221,51
196,214,534,Sham19Y0013605,5094,1224,1556,209,67
196,183,549,JK000475,2437,1064,1417,228,67
196,220,549,Tafsir07053,332,1017,1354,201,60
196,7,709,Shamela0012991,146,100,793,333,49
196,86,549,JK000110,1943,736,1189,286,69
196,75,709,JK000110,1957,477,1164,356,54
196,75,549,Sham19Y0148486,1511,1,430,284,66
196,75,549,Shamela0008203,209,532,958,284,66
196,86,592,Shamela0009270,11,394,884,274,58
196,202,699,Shamela0009270,201,1,616,261,47
196,267,549,Shia001372,124,927,1227,156,52
196,737,1460,Shamela0001733,2476,522,1219,471,78
196,206,382,Shamela0021715,11145,1,311,96,34
196,75,622,Shamela0021715,11213,874,1429,318,63
196,122,549,Shamela0021715,11214,1,761,282,44
196,155,549,Shamela0001341,81,978,1378,249,67
196,142,569,ShamIbadiyya0000155,90,161,534,235,63
196,224,549,Shamela0021713,74,571,893,198,62
196,183,709,Shia001340,244,1,420,235,52
196,53,709,Shamela0025794,572,290,892,328,55
196,75,771,Shamela0025794,592,802,1431,281,38
196,75,709,Shamela0025794,705,902,1254,196,38
196,75,247,Sham19Y0018106,4267,1300,1459,116,83
196,75,473,Shia001887Vols,306,1087,1471,257,71
196,142,690,Tafsir02100,131,299,812,262,52
196,187,562,JK000786,2931,1,399,241,67
196,75,709,Sham19Y0018176,2591,199,885,354,54
196,75,549,Shamela0008970,125,487,825,191,42
196,310,549,JK006950,1053,553,887,175,63
196,89,519,Sham19Y0146127,769,1078,1455,249,63
197,1074,1277,Sham19Y0014119,278,541,759,156,90
197,398,693,JK000977,679,877,1217,149,43
197,1100,1277,Sham19Y0017063,551,741,937,136,87
197,1,384,Sham19Y0032381,43,173,528,256,76
197,1082,1277,Shamela0000894,4939,303,508,144,87
197,1082,1277,Shamela0000894,5074,381,586,144,87
197,659,958,Shamela0022797,612,500,826,210,75
197,587,958,Shia001625,124,933,1335,216,57
197,534,665,Shamela0001673,2604,586,699,74,75
197,510,1136,JK001287,24,174,838,261,37
197,441,1140,ShamAY0034282,439,282,990,366,58
197,27,735,ShamAY0034282,863,764,1478,394,56
197,703,1151,ShamAY0034282,864,1,525,249,55
197,1082,1277,Sham19Y0145212,1761,362,556,142,86
197,1,501,ShamAY0033938,399,878,1309,294,70
197,958,1294,ShamAY0033938,1488,991,1310,198,70
197,1,384,Shamela0021578,16,1002,1407,271,76
197,958,1277,Sham19Y0001729,386,326,624,192,71
197,470,958,Sham19Y0001729,907,485,941,321,82
197,38,398,Sham19Y0001729,907,1,332,255,88
197,484,958,ShamAY0031687,424,89,603,321,74
197,1,390,ShamAY0033522,261,813,1175,287,91
197,614,1145,Shia001432Vols,25810,25,431,233,51
197,581,958,Shamela0007289,6843,652,1055,209,54
197,1,398,JK000475,1582,765,1134,287,89
197,1,154,Shamela0117359,232,1351,1504,124,100
197,1,384,Sham19Y0020638,329,1097,1444,268,84
197,1079,1277,Sham19Y0020638,1254,92,289,144,86
197,1,138,Sham19Y0017616,104,1343,1475,107,96
197,1079,1277,Sham19Y0017616,469,1048,1260,154,91
197,1,384,Shamela0028107,317,423,780,283,91
197,964,1382,ShamAY0034005,286,574,981,227,60
197,1,384,Shamela0012991,146,252,615,276,87
197,1,650,Shamela0007891,552,543,1267,347,52
197,1,565,Shamela0000347,1171,296,747,179,30
197,958,1290,ShamAY0038149,1,842,1172,192,62
197,1,168,Sham19Y0122406,1130,471,629,123,91
197,909,1257,Sham19Y0122406,3958,963,1355,190,57
197,1,689,Shamela0000551,895,174,980,392,50
197,1063,1277,Shamela0011385,1506,723,983,156,76
197,1045,1277,Shamela0025800,943,140,353,158,82
197,1,384,Shamela0001719,2196,294,641,271,88
197,1283,1429,Sham19Y0013667,1801,370,511,109,95
197,1079,1277,Sham19Y0016976,813,951,1160,151,89
197,506,958,Shamela0009270,11,384,852,285,70
197,964,1277,Shamela0009270,117,890,1207,210,80
197,958,1277,Shamela0009270,138,222,540,212,79
197,1,384,Sham19Y0017729,150,787,1136,270,85
197,964,1277,JK009179,108,1082,1390,178,62
197,650,958,Shia001372,124,927,1227,192,70
197,1,149,Shamela0004473,5919,381,524,116,96
197,1079,1277,Sham19Y0013572,418,1081,1276,144,87
197,1277,1429,Shamela0001733,2402,1256,1402,114,96
197,470,787,Shamela0012872,78,1183,1505,201,70
197,1,384,Shamela0001341,81,1024,1378,270,85
197,918,1277,Shamela0006446,1,1136,1525,223,74
197,954,1393,Shamela0006446,16,4,505,232,53
197,1079,1277,Sham19Y0023625,2713,511,723,154,91
197,1091,1290,Shamela0008176,3311,1,217,145,85
197,987,1390,Shamela0010803,357,858,1269,220,60
197,1,384,Shia002119Vols,922,688,1038,279,90
197,587,1145,Shia001340,244,1,430,244,51
197,1,390,Shamela0025794,572,388,758,294,94
197,1007,1402,Shamela0025794,579,1032,1395,199,57
197,1,390,Shamela0025794,592,905,1294,285,84
197,560,1145,Shamela0010283,1171,140,605,303,63
197,958,1294,Shamela0008254,1,765,1081,195,65
197,484,958,Tafsir02100,131,229,669,270,62
197,987,1294,Shamela0008210,92,22,349,210,79
197,376,790,Shamela0008210,117,982,1343,211,57
197,470,958,JK011593,75,254,723,276,62
197,1,249,Shamela0000782,1167,1248,1483,189,94
197,958,1433,Shamela0008970,62,313,875,238,48
197,581,958,JK006950,1053,481,887,210,54
197,1,384,JK000735,191,431,785,279,90
197,441,991,Shamela0012415,151,866,1433,296,55
197,958,1422,Shamela0029991,5,645,1119,271,66
197,682,977,Shamela0012884,3672,1,281,195,78
197,938,1326,Shamela0004289,126,484,863,209,65
197,1,453,Shamela0004289,647,29,508,290,68
197,1091,1277,Shamela0006947,11861,336,530,137,89
197,1091,1277,Shamela0008370,507,708,906,138,88
197,1079,1277,Shamela0012014,31,1162,1375,153,91
197,384,1057,Zaydiyya0000342,377,726,1466,363,54
197,1082,1277,Sham19Y0132524,2874,570,764,142,86
198,17,759,JK000918,139,816,1341,342,54
198,217,595,Shamela0010765,163,1,349,190,52
198,1219,1459,Shia002265Vols,429,85,326,187,97
198,1,450,Shia001976Vols,538,770,1315,206,40
198,1219,1465,JK011548,53,370,617,173,81
198,1214,1459,JK011496,66,256,429,102,51
198,17,579,Shamela0022547,6,359,875,251,49
198,1,633,ShamAY0033945,1961,826,1417,432,83
198,1076,1459,ShamAY0033945,1962,1,339,251,81
198,1214,1459,Tafsir07053,333,588,766,106,53
198,1230,1380,Shamela0023644,1354,82,219,99,84
198,188,569,Shamela0023631,1009,1,320,205,59
198,1,569,Shamela0008473,1093,28,552,321,63
198,10,1268,Sham19Y0013667,1801,511,1460,601,53
198,1268,1459,Sham19Y0013667,1802,1,195,152,98
198,359,569,Shamela0009270,37,1180,1395,166,97
198,58,1465,Shamela0001733,2403,1,1101,742,59
198,1214,1459,Shamela0001733,2697,594,806,97,39
198,1219,1465,Shamela0012872,258,485,732,173,81
198,1,996,Shamela0021315,107,131,1372,653,61
198,1219,1408,Shamela0001438,932,1407,1596,150,100
198,1214,1459,Shamela0021713,521,860,1038,106,53
198,1,727,JK001127,91,660,1450,328,43
198,10,1459,JK000022,1004,26,1151,741,57
198,1219,1459,JK009390,432,111,273,124,64
198,1219,1465,JK000581,58,852,1098,171,80
198,1219,1459,Sham19Y0127677,1058,6,244,185,95
198,1,196,Sham19Y0127677,6699,1303,1484,134,83
198,196,690,Sham19Y0127677,6700,1,461,328,78
199,1,386,Shamela0003118,6163,25,256,164,55
199,120,680,Shia001782Vols,689,180,627,249,48
199,1,386,JK000916,21416,933,1212,202,67
199,1,613,Shia002034Vols,68,846,1426,427,85
199,613,1397,Shia002034Vols,69,1,876,414,46
199,120,770,Zaydiyya0000133,47,801,1469,457,81
199,770,1401,Zaydiyya0000133,48,1,561,218,31
199,125,309,ShamAY0033522,174,918,1067,109,74
199,1,367,Shamela0001733,2403,1101,1467,275,91
199,367,1435,Shamela0001733,2404,1,1104,576,51
199,120,386,Shamela0001438,6778,704,876,128,60
199,131,309,Shia003732Vols,3462,876,1072,135,85
199,138,339,Shia003732Vols,3491,539,753,131,75
199,9,485,Zaydiyya0000342,368,935,1426,354,88
199,485,1382,Zaydiyya0000342,369,11,928,500,53
200,52,316,Shia001782Vols,687,1250,1477,166,77
200,316,1448,Shia001782Vols,688,1,1079,824,90
200,1,487,Shamela0001733,2800,982,1444,366,94
200,487,1448,Shamela0001733,2801,1,969,737,95
200,548,738,Sham19Y0023625,2638,540,742,128,82
200,162,1448,Shia003732Vols,3489,1,1209,908,87
201,1,436,Shia001782Vols,688,1079,1449,254,69
201,783,1012,Shamela0010639,32,1024,1245,171,94
201,783,1012,Shamela0010639,110,738,959,171,94
201,467,633,Tafsir03037,1876,639,788,102,71
201,814,1012,Shamela0021578,10,1,191,151,95
201,723,1012,JK000021,333,1,302,217,89
201,698,1012,Sham19Y0001729,1870,1136,1415,188,76
201,783,1012,Shamela0000216,100,402,601,154,84
201,698,1025,JK011497,6,256,564,216,78
201,694,1274,ShamAY0033945,634,128,662,279,55
201,843,1012,Tafsir07053,332,408,569,128,95
201,768,1012,JK001236,156,1043,1286,176,87
201,676,1025,Shamela0117359,1162,598,941,233,80
201,783,1012,Zaydiyya0000067,148,1122,1347,174,93
201,786,1012,Sham19Y0020944,1190,1025,1238,169,94
201,1012,1402,Shamela0026390,28,154,532,278,88
201,676,1012,ShamAY0032959,54,173,514,223,81
201,483,622,Shia000210,119,625,766,98,80
201,806,1012,Sham19Y0132416,99,462,651,147,89
201,833,1012,Sham19Y0020591,1833,1,172,136,95
201,786,1012,Shamela0025800,917,295,515,169,93
201,1018,1293,Shamela0038202,40,368,596,117,48
201,694,882,Shamela0001453,3,1275,1456,135,91
201,676,907,Shamela0003722,3812,1218,1447,169,91
201,796,1012,Shamela0008473,886,1,207,160,93
201,694,1012,Shamela0009270,79,181,494,239,95
201,776,1012,Tafsir07057,665,894,1111,167,89
201,811,1012,JK009179,100,7,185,141,88
201,698,1090,Shia002231Vols,605,1024,1371,213,70
201,698,1274,Shamela0038194,119,638,1145,225,40
201,824,1012,Shamela0009795,245,1172,1349,135,91
201,758,1012,Tafsir09084,356,292,528,183,90
201,698,1274,Shamela0013132,192,427,1075,265,42
201,682,1033,JK009408,2289,1064,1392,242,86
201,1,353,Shamela0001733,2801,969,1437,153,32
201,353,851,Shamela0001733,2802,1,450,251,58
201,783,1012,ShamAY0034134,68,374,583,160,87
201,682,1012,ShamAY0034134,70,60,403,242,86
201,783,1012,ShamAY0034134,648,1065,1288,171,91
201,783,1012,Sham19Y0127700,190,502,725,171,93
201,702,1283,Shamela0012872,75,7,446,268,58
201,1012,1279,Shia002069Vols,52,1076,1301,131,51
201,1012,1402,Shia002069Vols,56,312,662,269,88
201,467,633,Shamela0010273,2095,814,963,102,71
201,676,1012,Shamela0026857,12,573,927,240,84
201,758,1274,Shamela0026884,392,1,486,221,43
201,783,1012,Sham19Y0023625,987,508,724,171,94
201,843,1012,Shamela0021713,520,647,808,128,95
201,731,1279,Shamela0009107,440,219,733,257,50
201,676,1085,JK001127,59,450,826,226,66
201,676,1012,ShamAY0032765,11,1005,1342,225,81
201,731,1279,ShamAY0035223,7,326,751,247,54
201,676,1274,Shamela0008210,57,730,1182,211,41
201,670,1060,JK011593,71,832,1173,210,67
201,698,1384,Shamela0008970,123,72,773,398,65
201,360,627,Shamela0008970,130,391,680,142,52
201,698,886,Shamela0009323,5,1278,1446,123,83
201,886,1025,Shamela0009323,6,1,140,108,97
201,676,1212,Sham19Y0131521,6609,831,1378,289,64
201,467,843,Shamela0006700,397,542,915,120,30
201,698,1274,JK000735,190,720,1149,252,54
201,1,310,Shia003732Vols,3489,1209,1438,167,68
201,783,1012,Shamela0025791,812,538,754,171,94
201,64,222,Sham19Y0014285,5041,856,1015,116,88
201,783,1012,Shamela0012884,951,445,651,163,89
201,676,1012,Shamela0004289,1198,710,1014,228,86
202,1146,1370,Shamela0003118,3967,63,295,163,85
202,1184,1380,Shamela0003118,5234,1029,1256,153,82
202,583,1370,Shamela0003118,6753,375,780,262,41
202,1184,1370,Shia002265Vols,2443,122,330,147,87
202,1184,1370,Sham19Y0018337,373,419,637,148,83
202,927,1370,JK000916,1314,376,841,224,53
202,1193,1370,JK000916,13265,1,195,141,89
202,1015,1380,JK000916,18046,80,501,213,55
202,583,1333,JK000916,23526,950,1497,337,52
202,835,1370,ShamAY0032856,5,910,1193,226,52
202,1149,1447,Sham19Y0001729,905,728,1053,191,74
202,82,318,Sham19Y0001729,1870,689,908,162,84
202,367,531,Shamela0008540,1033,255,470,103,54
202,82,286,ShamAY0033945,633,1235,1434,147,91
202,1149,1364,JK000475,2248,685,918,135,63
202,42,488,JK000475,2249,903,1391,211,47
202,615,815,Shia002170Vols,980,506,701,131,78
202,1172,1370,Zaydiyya0000067,148,849,1090,147,75
202,985,1380,ShamAY0034005,285,202,669,186,37
202,1020,1364,Shamela0007891,412,565,897,192,65
202,328,531,Shamela0006227,176,120,378,126,59
202,509,1004,Shamela0008360,187,164,519,171,44
202,1149,1370,Sham19Y0148486,1477,774,1023,174,86
202,618,802,Shamela0025800,903,594,764,122,84
202,82,499,ShamAY0034644,135,881,1396,219,47
202,318,531,Shamela0002863,331,588,856,130,57
202,1184,1370,Shamela0003722,2011,869,1037,135,89
202,318,583,Shamela0003722,4994,857,1104,166,77
202,42,342,Shamela0003722,7937,560,858,213,84
202,318,531,Sham19Y0013667,1230,426,745,140,55
202,367,568,Sham19Y0013667,1231,1,234,65,26
202,42,234,Shamela0009270,12,1344,1517,117,79
202,575,1242,Sham19Y0018144,722,791,1166,160,27
202,109,356,JK009179,44,453,651,145,74
202,82,525,Shia002231Vols,605,696,1181,225,50
202,564,749,Sham19Y0148271,553,1253,1453,127,76
202,1073,1370,Shamela0013132,190,469,823,201,68
202,554,1454,JK009408,2197,98,730,206,22
202,960,1391,Shamela0030543,5,698,1298,212,42
202,543,1004,Shamela0021809,740,80,531,236,56
202,531,802,Shamela0001733,1022,1168,1440,204,90
202,802,1454,Shamela0001733,1023,1,529,326,53
202,48,342,ShamAY0034134,650,1061,1369,217,86
202,438,1004,Shamela0012872,75,866,1445,242,46
202,82,512,Shamela0012872,76,202,602,238,63
202,342,531,Sham19Y0131336,410,837,1093,126,62
202,82,318,Shamela0026884,391,996,1225,164,87
202,618,1370,Shamela0001438,6577,1,794,276,32
202,509,1009,Shamela0008176,1695,32,644,188,30
202,324,531,Shamela0010803,189,451,793,146,55
202,564,1004,Shamela0025794,3008,1044,1447,210,48
202,564,1004,Shia001887Vols,306,817,1206,230,59
202,1149,1370,Shamela0004445,2570,130,341,163,92
202,82,318,Shamela0008210,115,825,1058,153,80
202,82,469,JK011593,72,1126,1437,179,52
202,1166,1370,Shamela0008970,124,532,778,161,80
202,109,335,Shamela0008970,125,1077,1302,166,92
202,426,802,JK009390,6505,982,1446,155,37
202,1181,1370,JK009390,6506,1,210,136,73
202,1201,1370,Sham19Y0127677,4629,164,317,123,88
202,1098,1370,Shamela0029712,3,720,987,179,76
202,318,531,Sham19Y0131521,1219,422,673,122,55
202,318,531,Sham19Y0037618,999,27,284,129,58
202,543,802,Shamela0026324,1206,734,975,157,76
202,1166,1364,JK000735,189,115,355,130,62
202,42,492,JK000735,190,359,862,214,46
202,575,1242,ShamAY0032665,722,803,1178,160,27
202,184,698,Sham19Y0017903,237,259,875,159,27
202,438,1004,Shia003732Vols,3081,458,1075,208,32
202,105,499,JK000624,391,1,426,207,51
202,975,1370,Sham19Y0146127,751,621,1026,183,42
202,16,520,Shamela0004289,1198,413,892,259,60
202,48,318,Shamela0021821,1584,31,292,166,70
202,48,396,Sham19Y0149213,2189,612,960,209,70
203,26,487,ShamAY0034644,377,1,446,158,32
203,366,583,Sham19Y0018144,722,676,1166,126,30
203,1339,1436,JK009408,817,1,98,76,100
203,1,943,Shamela0001733,1023,529,1449,703,92
203,943,1436,Shamela0001733,1024,1,481,378,97
203,339,663,Shamela0026588,7,1149,1449,203,77
203,302,853,Shia002069Vols,671,662,1312,340,65
203,461,890,Shamela0009810,1401,122,621,213,49
203,281,1212,JK000481,565,1,742,325,37
203,457,894,Shia001731Vols,817,606,999,224,62
203,461,853,JK000786,2931,920,1310,203,53
203,366,583,ShamAY0032665,722,688,1178,126,30
203,452,858,JK007049,158,178,615,203,52
204,324,721,ShamAY0034055,9601,1152,1468,180,51
204,1,121,Shia001782Vols,658,1262,1404,95,84
204,489,1063,ShamAY0033176,354,147,352,99,19
204,863,1210,Shamela0009801,142,1097,1432,251,91
204,847,1082,Shia001432Vols,21821,1176,1421,167,80
204,379,1068,Shia001432Vols,25889,225,820,231,33
204,844,1210,Sham19Y0149697,426,109,479,265,85
204,863,1210,Sham19Y0017747,2426,483,827,226,75
204,140,427,Shia002218Vols,847,1267,1487,163,71
204,427,872,Shia002218Vols,848,1,383,253,70
204,1,121,ShamAY0036031,170,1188,1320,95,90
204,1256,1449,Shamela0013035,231,1155,1388,123,68
204,1,121,JK009408,817,98,224,90,87
204,1,121,Shamela0001733,1024,481,612,95,91
204,728,907,Shamela0001733,1791,1094,1300,111,66
204,489,1068,Shamela0021640,409,630,861,116,22
204,847,1210,Shamela0036569,16,163,526,245,78
204,291,699,JK000786,2992,457,746,193,56
204,844,1234,Shamela0010664,610,816,1193,277,89
204,1349,1449,Sham19Y0037618,4691,807,907,79,100
205,1,346,ShamAY0033680,5,1070,1397,252,91
205,417,1380,ShamAY0033680,6,474,1317,502,63
205,1,395,Shia002265Vols,458,1045,1421,288,91
205,1,698,Shia002009,76,72,752,418,69
205,498,937,Tafsir06049,5871,1041,1449,235,62
205,498,1064,Shamela0022892,40,706,1196,232,42
205,495,1123,Zaydiyya0000229,201,737,1361,264,42
205,198,538,Shamela0012981,265,6,337,172,62
205,495,1064,JK001266,43,162,667,269,55
205,1101,1388,Shia002034Vols,104,356,648,200,84
205,498,1094,Zaydiyya0000133,57,432,1001,215,33
205,495,1278,Sham19Y0038171,649,641,1358,330,48
205,495,1064,Sham19Y0038171,1254,318,865,288,58
205,16,806,JK001487,322,1,503,255,37
205,937,1101,JK001487,322,371,538,114,83
205,495,1273,ShamAY0033945,781,1,869,446,58
205,476,1388,ShamAY0035035,2616,260,1103,361,45
205,495,1064,ShamAY0035035,4953,124,581,255,54
205,108,395,Shamela0021765,2225,296,552,195,84
205,1,408,Shamela0021765,2585,924,1316,290,88
205,498,1064,Shamela0025800,924,532,1031,256,49
205,1189,1325,Shamela0003722,2924,910,1032,95,89
205,445,620,Shamela0003722,4279,1318,1437,93,67
205,48,1094,Shamela0009270,464,1,989,558,62
205,495,1064,Shamela0023628,3100,291,820,292,59
205,937,1140,Shamela0008206,826,856,1077,132,74
205,1,806,Shamela0008206,826,481,988,267,38
205,1,542,Shamela0013035,231,771,1306,294,60
205,413,882,ShamAY0033598,273,991,1422,294,80
205,1,395,Shamela0029639,13,273,645,285,90
205,1,395,JK006801,775,284,730,287,78
205,495,937,Sham19Y0127700,192,979,1404,254,65
205,121,818,JK000216,341,892,1450,246,38
205,135,395,Shamela0001438,5643,1,247,188,91
205,606,1123,Zaydiyya0000352,235,97,497,140,26
205,1,395,JK000786,2942,1016,1389,286,90
205,495,835,Shamela0001456,33,1193,1448,162,58
205,1,395,JK009390,4789,1038,1397,270,83
205,1,395,Sham19Y0127677,3622,336,706,286,90
205,1,395,Sham19Y0127677,17587,686,1059,284,90
205,441,610,Sham19Y0127677,17732,296,471,109,81
205,1,395,Sham19Y0037618,4691,907,1294,306,98
205,1,395,Sham19Y0037618,4692,155,286,92,29
205,495,1064,Shamela0010512,247,870,1376,256,49
206,239,959,ShamAY0033680,6,1,851,426,58
206,1207,1371,Shamela0010480,324,1251,1418,113,80
206,287,802,Shamela0009076,448,367,958,278,56
206,204,736,Shia002009,76,333,924,317,66
206,694,1255,Shamela0026566,107,335,958,387,77
206,63,460,Shamela0012981,265,11,347,121,33
206,1,287,Shia002034Vols,104,648,975,180,62
206,432,634,Sham19Y0020891,5722,836,1018,133,82
206,450,634,Shamela0023591,6133,985,1155,112,73
206,435,634,Shamela0001394,1507,212,391,128,80
206,1207,1371,ShamAY0033973,22,559,728,113,79
206,287,634,Shamela0023578,2779,437,777,254,92
206,1211,1371,Sham19Y0148486,3245,1,180,121,87
206,1,476,Shia002218Vols,846,724,1442,259,45
206,1177,1371,Shamela0000041,2304,447,639,131,80
206,657,1371,Shamela0013035,232,120,945,489,74
206,1207,1371,JK000435,340,1126,1292,114,81
206,1185,1371,Shamela0007370,2704,1322,1530,130,81
206,1185,1371,Shamela0007370,2882,689,897,130,81
206,53,634,JK000216,341,976,1353,164,35
206,1204,1371,Shamela0010803,342,505,687,122,85
206,57,634,Shia000234Vols,5545,450,1095,182,25
206,432,634,Shia000181,369,22,192,122,75
206,1221,1371,Sham19Y0146127,1707,1026,1173,104,83
206,432,634,ShamAY0034052,2090,352,543,133,78
206,460,881,Tafsir05047,817,1,359,162,46
207,246,580,ShamAY0033680,5,113,465,202,66
207,1089,1227,Sham19Y0014119,274,1307,1444,100,92
207,445,1020,Shamela0010480,324,500,1013,294,61
207,5,383,Shamela0010480,325,1,402,271,83
207,458,790,Shia002265Vols,2861,795,1418,219,42
207,1129,1390,Sham19Y0017063,544,994,1234,185,88
207,1065,1390,Shamela0023647,44,332,635,235,90
207,1092,1390,Shamela0000894,5821,187,479,230,97
207,1089,1390,Shamela0001404,368,213,556,229,84
207,1065,1390,Tafsir06049,5871,1016,1319,214,83
207,1129,1390,Shamela0022653,149,429,645,167,80
207,1092,1390,Shamela0022892,40,706,965,201,85
207,684,1390,Sham19Y0014601,3990,1,660,303,45
207,1089,1390,Shamela0010639,225,1021,1318,224,91
207,1065,1390,Shamela0096239,234,798,1088,225,86
207,1092,1334,Shia000841Vols,1994,1337,1576,177,88
207,1092,1390,Shamela0021578,32,194,511,229,90
207,1031,1390,Zaydiyya0000229,201,676,1051,246,81
207,1277,1390,ShamAY0036508,23,1,114,89,100
207,1037,1390,JK001266,43,110,456,270,96
207,1092,1390,Zaydiyya0000133,57,432,731,214,87
207,1092,1231,Shamela0000216,121,1314,1459,105,88
207,1231,1390,Shamela0000216,122,1,160,125,100
207,1031,1390,Sham19Y0038171,649,579,917,256,89
207,1079,1390,Sham19Y0038171,1254,300,628,240,92
207,1031,1390,ShamAY0035035,2616,211,547,256,90
207,1079,1390,ShamAY0035035,4953,106,344,174,67
207,161,1020,JK000475,1857,137,894,370,48
207,445,1020,JK000475,2171,382,872,264,53
207,1092,1390,Shamela0010668,423,1115,1408,230,97
207,1092,1390,Shamela0010668,595,1214,1479,201,83
207,1137,1390,JK001236,201,1,253,199,99
207,1115,1390,Shamela0006610,588,126,378,193,89
207,1056,1242,Shamela0117359,633,1324,1524,141,89
207,1089,1390,Sham19Y0020944,569,247,541,225,92
207,1,684,Shamela0007891,757,631,1440,431,67
207,1129,1390,JK000903,38,433,649,167,80
207,1092,1390,Shamela0000700,28,1050,1326,212,89
207,1056,1272,Sham19Y0020591,947,1306,1535,163,90
207,1,625,ShamAY0033973,22,728,1336,425,82
207,673,1045,ShamAY0033973,23,6,396,258,81
207,1129,1390,Shamela0008360,379,277,517,185,88
207,1,386,Sham19Y0148486,3245,180,587,280,85
207,1089,1390,Sham19Y0014309,1092,515,837,233,91
207,1079,1390,Shia002218Vols,846,545,853,210,78
207,1092,1390,Shamela0025800,924,532,823,216,88
207,1110,1390,Sham19Y0122255,229,7,257,167,74
207,1,424,Shamela0008203,196,116,550,287,79
207,1,386,Shamela0000041,2304,639,1046,273,82
207,1,351,Shamela0021766,3990,812,1190,256,86
207,1089,1390,Shamela0023628,3100,291,609,226,88
207,1089,1390,Shamela0011406,396,74,378,225,89
207,1031,1390,Shamela0029639,11,594,923,243,85
207,1,500,Tafsir09084,2187,647,1098,224,49
207,1089,1390,JK000059,8,155,435,211,89
207,23,386,Shamela0005610,10,82,472,272,87
207,1,386,JK009266,8002,1081,1471,260,79
207,202,625,JK000435,341,1,380,202,55
207,1089,1390,Sham19Y0127700,192,979,1275,229,95
207,198,859,JK000216,341,892,1485,318,55
207,458,790,Shamela0001438,5682,782,1406,219,42
207,1092,1242,JK001012,214,48,179,104,87
207,1065,1390,Shamela0010803,124,890,1198,234,88
207,1,432,Shamela0010803,342,687,1152,290,78
207,139,461,Shamela0025794,218,1,312,201,73
207,437,1129,Shamela0025794,242,530,1194,353,58
207,445,1224,Shia003616Vols,1801,518,1237,309,40
207,1056,1390,ShamAY0038067,678,1071,1394,245,90
207,23,336,Shia001887Vols,2511,1070,1405,236,88
207,844,1390,Shamela0001456,33,1051,1396,204,46
207,1065,1390,Shamela0000782,1179,993,1291,223,83
207,188,757,Shamela0008970,137,779,1442,275,46
207,763,1262,Shamela0008970,138,4,599,308,62
207,1089,1390,Shamela0010664,610,8,335,234,90
207,458,790,Sham19Y0127677,3656,298,918,213,41
207,415,673,Sham19Y0127677,17731,132,365,150,76
207,1056,1224,Sham19Y0127677,17731,466,646,126,87
207,1056,1390,Sham19Y0131521,3651,368,716,256,93
207,1076,1386,Sham19Y0037618,4692,1172,1500,239,92
207,445,1020,JK000735,111,290,784,271,54
207,1089,1390,Shamela0010512,247,870,1147,205,83
207,246,386,Sham19Y0146127,1708,1,150,105,88
207,445,1020,Shamela0004289,1183,856,1374,295,61
207,1092,1390,Shamela0012014,234,421,736,232,93
208,190,1206,ShamAY0033680,4,703,1353,317,35
208,158,1064,ShamAY0033680,5,134,822,350,44
208,538,1343,Sham19Y0014119,275,5,469,190,27
208,323,1007,Shamela0010480,324,431,1317,391,53
208,399,926,Shamela0023647,44,343,910,267,49
208,402,579,Shamela0000894,5083,216,404,131,84
208,1,250,Shamela0000894,5821,479,720,164,83
208,1,250,Shamela0001404,368,556,804,170,85
208,1,190,Tafsir06049,5871,1319,1488,122,84
208,968,1361,Zaydiyya0000268,55,335,1001,179,35
208,343,872,Shia001976Vols,166,88,635,345,69
208,458,734,Shamela0022653,149,429,694,178,75
208,1,250,Shamela0022892,40,965,1201,161,83
208,1,250,Sham19Y0014601,3990,96,333,172,89
208,1,250,Shia000841Vols,1995,57,291,163,85
208,1,297,ShamAY0038346,22,932,1189,156,68
208,399,714,JK007016,552,39,356,174,56
208,1,250,Shamela0021578,32,511,759,162,80
208,1,256,Zaydiyya0000229,201,1051,1340,178,78
208,1,250,ShamAY0036508,23,114,341,162,85
208,365,625,Shamela0012981,265,506,748,158,71
208,1,250,JK001266,43,456,672,145,75
208,1,250,Zaydiyya0000133,57,731,1013,163,71
208,1,250,Shamela0000216,122,160,403,166,84
208,1,250,Sham19Y0038171,649,917,1151,174,90
208,1,272,Sham19Y0038171,1254,628,888,190,91
208,1,250,Shia001432Vols,21821,723,967,168,85
208,1,250,ShamAY0035035,2616,547,781,172,89
208,1,272,ShamAY0035035,4953,344,604,189,90
208,1,1068,JK000475,1857,89,1036,513,56
208,374,1068,JK000475,2171,368,1073,389,57
208,91,250,Shamela0010668,424,1,144,105,85
208,20,250,Shamela0010668,596,1,216,147,81
208,365,1023,Shamela0026484,166,13,629,359,59
208,1,250,JK001236,201,253,479,155,81
208,1,250,Shamela0117359,634,157,384,163,85
208,1,250,Sham19Y0020944,569,541,767,162,85
208,458,734,JK000903,38,433,698,178,75
208,1,250,Sham19Y0020591,948,127,354,163,85
208,620,1023,ShamAY0033973,23,52,560,178,38
208,1,250,Shia002218Vols,846,853,1088,166,86
208,1,256,Shamela0025800,924,823,1042,151,77
208,374,768,Shamela0008473,4269,536,986,230,60
208,1,272,Shamela0009270,464,734,1229,178,45
208,1,256,Shamela0023628,3100,609,831,150,76
208,1,250,Shamela0011406,396,378,613,165,84
208,77,880,Shamela0013035,232,494,1379,464,57
208,634,859,ShamAY0033598,274,77,181,80,46
208,309,823,Shamela0029639,11,549,1153,259,46
208,399,734,Tafsir09084,2187,494,802,202,71
208,374,1087,Shamela0013132,124,321,1020,368,55
208,866,1343,Shamela0013132,125,38,790,211,36
208,1,250,JK000059,8,435,674,163,84
208,1,250,EShia0071536,730,972,1192,144,75
208,1,163,Sham19Y0127700,192,1275,1422,104,83
208,87,739,JK000216,341,892,1462,261,45
208,24,250,JK001012,214,234,363,84,46
208,1,212,Sham19Y0023625,1776,266,474,139,85
208,374,1064,Shia003616Vols,1801,504,1179,374,56
208,53,256,ShamAY0038067,679,1,193,140,89
208,1,256,Zaydiyya0000352,235,185,476,167,70
208,370,866,Shamela0012750,185,651,1011,238,58
208,53,256,Shamela0001456,34,1,215,141,82
208,680,1059,Shamela0008970,138,1,462,147,37
208,412,831,JK009390,5014,1118,1436,212,58
208,36,859,JK009390,5015,1,313,167,24
208,374,734,Sham19Y0127677,15418,781,1104,213,70
208,374,538,Sham19Y0127677,17731,1037,1388,110,36
208,1,203,Sham19Y0127677,18136,1300,1483,125,76
208,1,497,Sham19Y0131521,3651,716,1205,221,44
208,1,250,Sham19Y0037618,4693,6,233,163,85
208,775,1184,Shamela0010443,319,1057,1389,135,36
208,374,1068,JK000735,111,276,989,390,57
208,419,711,Sham19Y0017903,978,1109,1404,225,95
208,1,250,Shamela0010512,247,1147,1381,161,82
208,538,1184,ShamIbadiyya0000193,3666,35,523,117,15
208,370,866,Shamela0004289,1183,838,1390,369,82
208,1,250,Shamela0012014,234,736,970,163,85
209,685,1096,Shamela0010843,49,756,1193,224,55
209,870,1119,JK007016,200,19,299,175,77
209,706,1326,Shamela0030769,43,16,569,290,58
209,792,1330,Shamela0012981,1541,661,1090,264,60
209,870,1105,JK000001,584,575,769,148,82
209,761,1326,Shamela0026390,40,7,563,278,58
209,107,316,Shamela0006870,111,560,996,128,37
209,746,1330,JK000532,515,259,754,273,57
209,695,1365,Shamela0013132,50,398,1012,344,61
209,443,1360,Shamela0012579,1885,164,924,404,52
209,426,889,Shamela0001733,1769,77,364,149,41
209,566,900,Shamela0001733,3434,778,1098,117,37
209,746,1330,Shamela0009810,871,182,753,277,52
209,107,409,ShamAY0032826,61,901,1177,201,84
209,107,403,ShamAY0032826,62,1198,1469,199,85
209,751,1326,Shamela0009082,1430,330,480,103,23
209,265,399,Shamela0001438,432,348,471,93,88
209,710,1326,Shamela0000782,1174,73,619,275,49
209,215,399,JK009390,229,900,1046,106,74
209,742,1365,Sham19Y0127677,12003,394,951,311,58
209,702,1105,Sham19Y0127677,12004,1,373,255,79
209,702,1337,Shamela0029767,12,280,849,349,67
209,219,399,ShamAY0034059,6072,1067,1273,129,80
209,618,938,ShamAY0033647,6,735,1060,131,37
209,729,1195,Zaydiyya0000342,43,773,1326,266,56
209,736,1105,Zaydiyya0000342,427,956,1283,227,78
210,343,670,Shamela0006060,1004,493,749,162,61
210,542,933,JK000916,22068,540,881,240,79
210,359,1296,Zaydiyya0000268,98,694,1230,312,41
210,572,684,Sham19Y0013252,12411,315,428,82,94
210,994,1094,Sham19Y0013252,12412,135,235,77,99
210,526,933,ShamAY0033945,631,119,506,264,82
210,521,778,Shamela0021765,2180,981,1226,138,67
210,521,933,Shamela0030317,7,962,1351,269,84
210,521,1085,Shamela0011385,2399,12,561,133,21
210,198,515,JK000532,515,259,575,204,76
210,245,737,Shamela0012579,405,96,425,188,49
210,1,375,Shamela0012579,1885,545,924,196,59
210,306,933,Sham19Y0036114,557,109,663,270,45
210,136,644,Shamela0000782,1174,62,574,215,43
210,429,933,Shamela0008970,91,188,825,309,58
210,76,644,Sham19Y0127677,11468,990,1362,133,25
210,291,920,Sham19Y0127677,11469,41,656,290,49
210,284,670,Shamela0026324,3896,981,1339,143,37
210,61,907,ShamAY0033647,6,661,1380,321,43
211,940,1238,Shamela0013041,643,295,568,159,63
211,104,502,Shia002265Vols,2136,88,242,119,38
211,314,502,Shia001782Vols,1183,36,227,146,97
211,314,731,Shia001782Vols,3557,958,1329,251,74
211,314,502,Sham19Y0122257,1516,1352,1526,121,79
211,104,488,Sham19Y0122096,3137,838,1343,153,33
211,5,502,ShamAY0034569,314,19,262,170,44
211,287,502,Shamela0010639,303,802,1040,147,78
211,314,502,Sham19Y0145212,1758,865,1490,121,24
211,104,502,Shia002261Vols,316,26,190,120,37
211,72,502,Shia000841Vols,4273,927,1240,173,43
211,287,502,Shamela0021578,40,1056,1274,160,89
211,373,502,Shamela0021550,151,1317,1454,94,88
211,995,1348,JK000021,3036,564,1098,164,32
211,85,502,Shia002034Vols,1370,325,789,242,57
211,287,645,Shamela0000216,130,802,1112,178,62
211,373,502,Sham19Y0038171,820,437,587,100,85
211,104,502,Shamela0001975,697,957,1140,130,41
211,191,653,ShamAY0033945,633,280,732,225,55
211,104,502,Shamela0021659,1048,1148,1311,120,37
211,287,502,JK001236,261,788,1000,156,89
211,976,1238,Shamela0007891,754,1111,1361,170,82
211,191,515,Shamela0030317,11,237,582,178,56
211,284,502,Sham19Y0014592,991,1018,1239,157,86
211,1084,1278,ShamAY0033973,12,1,199,128,72
211,1,674,Shamela0013132,50,89,561,226,38
211,857,1375,Shamela0012579,1886,7,459,218,48
211,46,641,Shamela0021809,244,768,1351,279,52
211,185,466,Shamela0001733,254,1140,1423,205,93
211,753,1109,Shamela0001733,452,993,1278,137,45
211,753,1109,Shamela0001733,1769,77,364,156,57
211,502,781,Shamela0001733,2063,250,502,154,64
211,753,1109,Shamela0001733,3434,772,1074,142,44
211,18,519,Shamela0005737,2,21,499,239,54
211,104,502,JK001239,120,444,608,120,37
211,191,451,Shamela0026884,383,1166,1431,150,65
211,79,502,Shamela0001438,6321,304,472,125,37
211,355,502,JK001012,247,919,1082,112,87
211,314,502,Sham19Y0023625,2285,18,211,141,91
211,287,502,Shamela0008176,3301,413,606,136,78
211,185,476,Shamela0008970,91,1092,1402,168,60
211,49,712,JK009390,1676,137,535,153,25
211,55,712,JK009390,3272,98,453,182,33
211,55,502,JK009390,3279,454,637,134,37
211,126,502,Sham19Y0127677,1062,382,513,101,34
211,21,502,Sham19Y0127677,4402,556,778,142,37
211,940,1372,Sham19Y0127677,11505,391,1116,292,50
211,27,502,Sham19Y0148883,70,675,881,124,33
211,940,1286,Shamela0029767,12,693,1000,214,80
211,185,641,Shamela0026324,567,547,952,180,43
211,104,502,Zaydiyya0000274,428,772,1029,171,54
211,314,502,Sham19Y0017817,66,105,275,124,83
211,5,502,Shia003732Vols,3714,804,1043,174,44
211,85,502,Sham19Y0018272,1709,180,479,129,30
211,287,502,Shamela0001875,982,1022,1229,152,87
211,126,466,JK000314,70,91,189,69,26
211,27,502,Shamela0011686,84,985,1192,125,34
211,314,502,JK006897,341,686,880,141,91
211,929,1388,ShamAY0032901,24,878,1388,213,44
211,185,577,JK000653,11,370,792,208,60
212,198,640,Shia002034Vols,1162,131,549,206,49
212,571,887,ShamAY0032802,1,1115,1390,205,82
213,800,1138,ShamAY0033680,9,647,978,222,79
213,869,1132,Shia002265Vols,2083,304,617,185,74
213,865,1097,Shia001782Vols,3559,450,690,163,82
213,88,695,Shia001782Vols,3561,60,539,311,60
213,1202,1442,Shamela0009567,966,867,1077,124,64
213,925,1097,ShamAY0033176,353,1173,1375,131,79
213,1207,1453,Shamela0029960,2,698,921,131,67
213,841,1132,Shia001625,114,829,1158,166,57
213,800,1138,Shia001976Vols,595,1083,1426,227,78
213,780,1377,Zaydiyya0000229,203,5,634,267,42
213,835,1113,ShamAY0036508,20,510,789,191,80
213,1227,1422,Shamela0012981,273,971,1170,126,75
213,304,909,Shia002034Vols,1529,584,1155,311,50
213,869,1132,Zaydiyya0000133,53,1208,1503,195,83
213,722,1117,Sham19Y0038171,648,14,345,220,65
213,722,1113,Sham19Y0038171,1253,784,1137,239,71
213,201,819,Shamela0023790,133,1,229,157,31
213,722,1117,ShamAY0035035,2528,273,604,216,64
213,722,1117,ShamAY0035035,2614,729,1060,216,64
213,722,1113,ShamAY0035035,4952,608,961,237,70
213,88,330,Shamela0030623Vols,443,770,1067,142,57
213,851,1132,Sham19Y0132974,47,1,331,191,69
213,1113,1445,ShamAY0032763,6,780,1091,167,54
213,869,1132,Zaydiyya0000067,109,620,947,183,70
213,894,1381,Shamela0026390,35,1,391,229,56
213,800,1105,Shamela0021765,2218,823,1136,222,86
213,88,300,Sham19Y0014592,1160,861,1036,126,70
213,750,1113,Sham19Y0148486,3241,714,1121,233,68
213,310,909,Shia002218Vols,847,269,838,349,70
213,1202,1453,JK000482,281,257,498,155,78
213,109,691,Tafsir09084,1670,13,266,192,39
213,728,1097,Shamela0021477,585,93,482,214,65
213,885,1113,Shamela0013132,124,1,237,162,83
213,800,1097,JK006801,806,199,497,215,86
213,800,1113,Shamela0021570,374,996,1304,219,83
213,126,691,EShia0071536,738,584,818,177,38
213,722,1097,Shamela0012579,1809,329,699,227,67
213,1132,1422,Shamela0012862,780,550,738,120,51
213,869,1132,Sham19Y0017101,27,982,1334,188,67
213,925,1044,Shamela0021640,408,1388,1521,94,89
213,925,1097,Shamela0001438,980,510,678,129,93
213,869,1113,Shamela0001438,6260,591,848,174,84
213,101,695,JK001012,219,192,456,209,43
213,832,1223,Shia003101Vols,361,208,568,208,61
213,841,1091,Shamela0021713,557,1316,1616,177,72
213,1202,1437,Shamela0025794,171,325,532,123,66
213,1216,1413,Shamela0025794,285,1215,1405,127,82
213,1295,1427,Shia003616Vols,1800,160,301,98,86
213,921,1097,Sham19Y0018567,933,263,482,128,73
213,750,1377,Zaydiyya0000352,236,639,1306,273,42
213,844,1132,Shamela0010283,1188,138,419,183,77
213,732,1368,Shia002103Vols,352,729,1388,286,46
213,722,1122,Shamela0008970,135,1015,1455,248,63
213,825,1122,JK009390,3004,497,736,150,63
213,841,1122,JK009390,6157,246,529,174,70
213,869,1113,Sham19Y0127677,4361,1214,1470,177,85
213,869,1117,Sham19Y0127677,18670,1199,1434,149,68
213,59,695,Sham19Y0037618,4883,746,1445,173,19
213,800,1097,Sham19Y0037618,4936,767,1065,215,86
213,841,1132,Shia003732Vols,3246,870,1225,196,67
213,921,1097,Shamela0023695,1217,685,859,135,94
213,1113,1427,JK008250Vols,794,804,1033,136,55
213,800,1368,JK008250Vols,798,469,1021,275,54
213,800,1117,Sham19Y0146127,1706,74,380,209,77
213,88,497,Shamela0012884,2599,1204,1528,185,56
213,869,1091,Shamela0012027,284,1198,1430,160,84
213,26,304,Shamela0021821,828,648,934,136,49
214,25,311,ShamAY0033680,7,1210,1508,180,71
214,587,1236,ShamAY0033680,9,200,745,308,53
214,1161,1467,JK000977,1216,1,299,210,83
214,125,658,Shia002265Vols,2079,1225,1496,172,36
214,848,1076,Shia002265Vols,2081,1165,1381,168,92
214,877,1244,Shia002265Vols,2082,116,492,161,40
214,848,1076,Shia001782Vols,3558,292,507,171,94
214,780,1076,Shamela0000772,123,400,686,200,82
214,1181,1467,Shamela0000894,5821,778,1064,208,87
214,6,499,Shamela0013133,275,288,669,223,53
214,1076,1314,JK001287,17,1194,1394,144,75
214,1204,1467,ShamAY0034447,1222,7,274,194,88
214,813,1076,Shia001976Vols,506,1079,1321,192,92
214,780,1076,ShamAY0034282,1292,993,1272,201,84
214,33,504,ShamAY0033620,4,645,1129,234,54
214,1127,1467,ShamAY0033620,9,624,960,244,87
214,1181,1467,Shamela0010639,226,220,517,220,92
214,1177,1467,Sham19Y0145212,1743,1171,1459,211,86
214,1177,1467,Shia000841Vols,1994,303,600,210,85
214,1070,1467,ShamAY0033938,717,916,1309,261,76
214,1181,1467,Shamela0021578,32,835,1103,192,81
214,51,914,Shamela0012981,2005,86,525,177,23
214,6,476,Shamela0012981,2288,130,664,268,54
214,1217,1467,Shamela0004482,466,29,291,188,88
214,1127,1467,Sham19Y0001729,938,268,595,230,82
214,804,1076,Sham19Y0001729,943,718,972,199,90
214,851,1076,Zaydiyya0000133,54,851,1069,167,90
214,1181,1467,Shamela0000216,122,461,741,203,85
214,1254,1467,Sham19Y0038171,649,1,222,157,87
214,1127,1467,ShamAY0031687,900,580,921,249,87
214,1127,1467,ShamAY0035035,2615,1009,1342,242,86
214,25,525,JK000475,2171,919,1422,233,52
214,877,1467,JK000475,2464,162,648,265,49
214,1231,1467,JK007065,587,1,245,177,89
214,1174,1467,Shamela0021677,419,587,864,191,79
214,848,1250,Sham19Y0132974,46,1102,1406,200,62
214,1157,1467,JK001236,201,780,1088,221,86
214,6,358,Shamela0026389,44,587,946,212,69
214,408,1467,Shamela0117359,633,12,666,460,53
214,1174,1467,Sham19Y0020638,592,468,746,201,83
214,848,1076,Zaydiyya0000067,125,576,797,168,90
214,973,1467,Sham19Y0020944,568,254,811,269,49
214,450,914,Sham19Y0020944,568,156,567,201,55
214,877,1291,JK009242,372,1,508,210,43
214,1127,1467,Shamela0007891,758,549,894,251,88
214,450,682,Shamela0001449,260,136,355,159,86
214,934,1467,Shamela0001449,260,195,655,302,65
214,1082,1467,Shamela0026390,35,244,603,277,89
214,848,1076,Shamela0021765,797,408,673,181,85
214,905,1244,Shamela0021765,2218,1,379,176,52
214,1278,1467,Shamela0007606,143,1174,1374,139,85
214,891,1076,Shamela0026333,206,1075,1260,145,98
214,1127,1467,Sham19Y0122406,1919,126,462,244,87
214,408,658,Sham19Y0020591,945,1265,1495,160,79
214,1076,1467,Sham19Y0020591,946,696,1087,273,83
214,621,1076,Sham19Y0148486,3241,1,436,232,55
214,1127,1467,Sham19Y0148486,3244,663,998,242,84
214,201,682,Shamela0001719,4753,743,1208,239,51
214,42,457,Shamela0026731,33,11,473,229,55
214,25,416,JK007062,83,271,709,231,64
214,1115,1467,Shamela0003722,4978,885,1250,241,79
214,1076,1467,Shamela0003722,4979,594,997,284,84
214,1217,1467,Shia001237Vols,1937,269,529,180,85
214,408,682,Shamela0001442,462,1166,1429,180,82
214,809,1076,Sham19Y0013667,4567,1074,1315,185,86
214,1177,1467,Sham19Y0018144,1171,1,295,215,89
214,813,1244,Shia002231Vols,266,380,866,235,49
214,813,1076,Shia003488Vols,759,956,1182,178,85
214,1207,1467,Shamela0030760,12,490,762,172,72
214,799,1240,Sham19Y0148271,1027,1019,1426,232,59
214,1189,1467,Shamela0009795,265,393,702,203,83
214,809,1231,Shamela0013132,133,229,786,246,53
214,628,1244,Shamela0021570,375,141,736,248,38
214,154,358,Shamela0010646,1813,702,909,156,91
214,1154,1467,Sham19Y0013572,648,467,776,207,79
214,1064,1467,Shamela0012579,1931,375,820,248,65
214,688,1240,Shamela0001733,2614,261,859,288,52
214,169,358,Shamela0007853,89,999,1188,145,93
214,30,716,Shamela0012862,780,560,1068,186,34
214,848,1076,Shamela0001438,6839,276,493,169,92
214,842,1244,Shamela0001438,6862,187,628,223,57
214,1161,1467,Shamela0001438,6925,959,1289,206,72
214,125,914,Shamela0001438,7545,1002,1409,226,33
214,1177,1467,Shamela0008176,3252,188,476,211,86
214,1174,1467,Shamela0005923,65,359,640,205,84
214,813,1076,Shamela0025794,490,1194,1437,189,90
214,813,1236,Shamela0025794,575,909,1271,225,67
214,1111,1457,Shamela0025794,1187,1101,1452,260,89
214,408,1091,Shamela0025794,1735,945,1211,156,26
214,1127,1467,Shia003616Vols,1800,548,906,255,86
214,1131,1467,Shia003616Vols,4701,1,332,245,88
214,910,1076,Sham19Y0018567,933,1,245,118,58
214,1226,1467,Shamela0021744,1117,183,442,178,84
214,864,1467,Shia001887Vols,1156,459,1076,335,55
214,877,1467,Tafsir02100,157,327,821,274,50
214,813,1244,JK000786,2977,722,1060,237,69
214,827,1244,JK000786,3519,1,494,232,52
214,1226,1467,JK000299,963,1204,1463,178,84
214,851,1076,JK000299,963,501,727,167,91
214,1127,1413,ShamAY0033605,6,1060,1301,140,61
214,25,358,Shamela0000782,1177,577,922,210,72
214,46,682,Shamela0008970,135,47,837,364,50
214,864,1467,Shamela0008970,138,779,1391,283,47
214,1076,1467,Shamela0008970,139,945,1329,266,81
214,860,1076,JK009390,3279,649,836,143,81
214,125,700,JK009390,5672,236,538,192,38
214,877,1076,Sham19Y0127677,4787,962,1161,157,98
214,851,1076,Sham19Y0127677,4883,1,215,167,92
214,1174,1467,Sham19Y0127677,4969,863,1166,200,76
214,1181,1467,Sham19Y0127677,18709,1084,1373,209,88
214,1177,1467,JK007054,357,308,592,204,83
214,408,1467,Sham19Y0131521,3646,838,1492,460,53
214,25,525,JK000735,111,831,1340,228,49
214,1177,1467,ShamAY0032665,1171,14,308,215,89
214,1174,1467,Sham19Y0017903,979,292,574,205,84
214,128,358,JK007040,3701,343,597,186,90
214,125,602,Shia003732Vols,3246,114,794,204,33
214,25,504,Shamela0029967,98,934,1430,233,48
214,780,1076,JK008250Vols,795,1003,1272,199,84
214,25,428,JK008250Vols,796,1129,1514,241,72
214,416,1467,JK008250Vols,797,17,944,404,35
214,1127,1467,Shamela0023422,646,524,872,252,88
214,476,1076,Shamela0001687,8357,755,901,109,22
214,467,1076,Sham19Y0146127,1705,932,1426,315,56
214,1127,1467,Sham19Y0146127,1707,537,865,230,80
214,1127,1467,Shamela0004289,1184,247,579,241,85
214,1064,1467,Shamela0004289,1187,266,660,269,80
214,759,1076,Shamela0009654,244,553,833,196,78
214,1177,1467,Shamela0012014,233,793,1087,215,89
214,1115,1467,Shamela0009564,135,413,772,243,80
214,780,1076,Zaydiyya0000342,426,431,708,204,85
214,1127,1467,Shamela0021821,1659,609,950,247,85
215,87,337,ShamAY0033680,18,889,1113,117,56
215,257,707,JK000977,1216,1,455,286,70
215,1,337,Shamela0006060,283,74,342,173,62
215,279,917,Shia002265Vols,2081,388,896,304,53
215,1,283,ShamAY0033620,9,960,1415,163,42
215,279,707,Shia000841Vols,1994,307,757,287,72
215,839,1120,Shamela0010437,18,256,600,167,56
215,25,623,Shamela0010437,18,24,600,274,50
215,314,680,Shamela0004482,466,29,390,244,76
215,257,680,ShamIbadiyya0000074,754,684,1088,273,76
215,1,283,ShamAY0031687,900,921,1179,174,77
215,314,707,Shia002356Vols,1124,757,1152,252,72
215,224,917,JK000475,2464,313,875,318,52
215,257,707,JK001236,201,784,1252,294,71
215,440,917,Sham19Y0017616,163,1,421,255,60
215,1239,1443,Sham19Y0148486,3240,1233,1483,103,44
215,1,496,Shamela0001719,4752,917,1492,364,76
215,408,680,Shamela0012293,5901,148,436,217,93
215,1,342,Sham19Y0018144,1171,295,893,205,43
215,279,627,Shamela0023628,3099,1211,1545,220,78
215,863,1120,Tafsir09084,2187,1085,1390,169,64
215,238,707,Sham19Y0013572,648,460,933,296,70
215,1251,1466,Shamela0021809,1594,1097,1307,149,81
215,413,707,Shia002359Vols,3804,1,324,223,84
215,279,707,Shamela0001438,6925,989,1442,270,66
215,385,680,Sham19Y0023625,1778,583,905,221,85
215,1251,1466,Shamela0025794,3877,423,633,148,80
215,1,559,Shia003616Vols,1800,906,1394,320,69
215,304,721,Shamela0010283,1188,512,887,220,58
215,296,707,Shamela0021744,1117,162,599,260,67
215,1239,1516,Shia001887Vols,1156,412,661,188,85
215,158,623,Shamela0008210,111,877,1298,246,61
215,296,617,JK000299,963,1183,1487,186,66
215,158,644,Shamela0008970,138,1003,1442,251,63
215,279,898,JK009390,6859,805,1308,296,53
215,279,707,Sham19Y0127677,4969,870,1318,270,67
215,279,707,JK007054,357,312,753,274,69
215,1,342,ShamAY0032665,1171,308,906,205,43
215,279,707,Shamela0012014,233,797,1251,288,72
216,992,1428,ShamAY0033680,3,228,867,315,62
216,159,398,JK000977,1217,1,243,191,97
216,964,1290,Shamela0010480,1068,385,718,212,71
216,40,473,ShamAY0031687,898,197,646,246,60
216,196,325,ShamAY0035035,2611,414,543,102,98
216,809,1393,ShamAY0033949,185,8,597,268,44
216,95,460,ShamAY0034005,1141,994,1383,252,76
216,99,398,Shamela0023700,1321,809,1128,224,86
216,99,521,ShamAY0033973,119,306,803,260,57
216,60,375,Sham19Y0148486,3240,1225,1501,189,69
216,99,546,Shamela0026563,17,789,1195,263,64
216,60,416,Shamela0001719,4750,1152,1502,238,78
216,60,398,ShamAY0033598,282,402,754,239,80
216,63,565,Shamela0013132,123,317,799,275,63
216,819,1387,Shamela0013132,126,1,670,234,40
216,1100,1428,JK009408,1751,135,470,147,48
216,715,1271,Sham19Y0036114,552,786,1335,216,44
216,99,546,Shamela0021809,1596,274,695,262,65
216,1300,1428,Shamela0001733,3610,94,230,100,94
216,1322,1428,Shamela0012862,798,895,1018,79,80
216,60,546,Shia002119Vols,3689,531,1030,270,59
216,177,398,Shamela0025794,3879,1,225,177,97
216,50,325,Shamela0000782,1177,1195,1436,174,79
216,964,1278,Sham19Y0127677,8453,1055,1397,187,63
216,964,1285,Sham19Y0127677,8481,591,1205,193,37
217,400,841,ShamAY0033680,2,738,1178,226,54
217,14,370,ShamAY0033680,3,867,1250,199,58
217,1227,1426,ShamAY0033680,4,35,186,87,56
217,5,173,Shamela0013178,328,931,1054,90,67
217,290,483,Shia001782Vols,993,47,244,139,83
217,14,168,Shia001782Vols,3559,799,952,122,99
217,89,483,Shamela0029702,7,791,1133,215,64
217,290,483,Shamela0010639,232,914,1095,137,87
217,763,1201,Shamela0012220,651,799,1196,204,52
217,847,1154,JK001266,45,214,507,181,69
217,89,483,Shia002034Vols,1114,94,495,251,77
217,639,1128,Shamela0022547,2716,4,513,216,43
217,722,1374,Shamela0000216,121,348,985,224,34
217,882,1188,Sham19Y0038171,1246,628,891,175,72
217,1,173,Sham19Y0038171,1247,1230,1367,109,79
217,672,841,Sham19Y0038171,1248,125,295,121,84
217,290,483,ShamAY0033743,3,199,352,114,75
217,400,841,JK000001,1215,813,1268,199,43
217,882,1188,ShamAY0035035,4944,1024,1287,176,72
217,672,841,ShamAY0035035,4946,404,574,121,84
217,1,173,ShamAY0035035,4946,9,146,109,79
217,400,1149,JK000475,2172,710,1396,242,31
217,677,841,Sham19Y0132974,308,884,1039,89,65
217,400,1099,JK001171,81,813,1361,280,46
217,763,1431,JK001236,200,255,913,245,32
217,400,753,ShamAY0033949,184,1112,1418,179,58
217,14,173,Shamela0000956,1273,244,369,95,73
217,14,437,Shamela0007891,759,37,502,186,41
217,14,173,JK000533,2113,576,696,96,75
217,14,361,Shamela0023700,2343,1016,1386,143,45
217,483,841,Shamela0003722,1266,1020,1397,257,83
217,841,1154,Shamela0003722,2391,576,847,172,66
217,878,1267,Shamela0030346,4,17,435,214,60
217,841,1154,Shamela0029639,20,23,344,199,70
217,400,1099,Shamela0013132,126,703,1407,248,33
217,197,483,Shamela0013132,134,1,265,196,86
217,14,173,JK009408,1751,470,628,126,99
217,14,293,JK009408,2012,7,423,153,42
217,290,483,Shamela0021723,103,34,187,114,75
217,14,429,Shamela0021809,2203,638,1000,116,24
217,14,429,Shamela0021809,2212,787,1183,133,29
217,14,173,Shamela0021809,2715,1,128,101,79
217,89,483,Shamela0001733,2897,272,658,247,77
217,14,173,Shamela0001733,3610,230,392,123,95
217,14,356,Shamela0012862,798,1026,1404,168,47
217,305,483,Sham19Y0017101,31,1413,1577,118,83
217,1,356,Shamela0026884,212,103,474,169,51
217,14,173,Shamela0023100,590,575,731,124,98
217,290,483,Shamela0005396,20,842,996,114,74
217,1,139,JK001012,212,841,978,108,99
217,253,483,Sham19Y0023625,1828,15,324,145,52
217,1,269,Shamela0010803,343,1028,1327,158,58
217,763,1327,Shamela0025794,910,226,684,238,49
217,951,1154,Shia003616Vols,4847,1183,1381,142,82
217,878,1154,Shamela0012750,398,1004,1271,188,83
217,14,269,Shamela0012750,530,64,287,140,65
217,878,1154,Shamela0026495,19,966,1214,172,76
217,173,465,Sham19Y0127677,15020,1166,1447,191,78
217,14,168,Sham19Y0127677,17273,322,475,122,99
217,841,1154,Sham19Y0037618,4593,502,753,171,68
217,847,1154,Shamela0007435,547,54,350,190,68
217,400,1128,JK000735,112,634,1266,223,30
217,43,1128,Shia003732Vols,3252,1,818,375,37
217,10,483,Shamela0001875,832,863,1248,193,47
217,14,173,Shamela0012884,541,1337,1462,94,73
217,569,1128,Shamela0004289,1186,576,1020,204,39
217,653,1141,Shamela0011816,735,557,917,183,39
217,816,1154,Shamela0012531,298,300,568,165,63
218,389,903,Shamela0012062,140,1,409,194,48
218,44,273,ShamAY0034128,364,666,831,78,41
218,101,273,Sham19Y0038171,1248,987,1140,117,85
218,273,1227,Sham19Y0038171,1250,421,1337,675,85
218,415,780,JK000001,1216,193,503,154,49
218,101,273,ShamAY0035035,4946,1266,1419,117,85
218,450,1227,ShamAY0035035,4949,1,736,554,86
218,279,1201,JK001171,80,530,1147,303,39
218,305,1258,Shia001269,189,120,1054,636,78
218,279,945,Shamela0010482,11,765,1446,511,92
218,945,1258,Shamela0010482,12,1,317,245,93
218,279,1201,ShamAY0033949,183,244,875,317,41
218,365,1227,JK009291,237,627,1486,531,70
218,294,1168,ShamAY0034123,113,601,1493,641,87
218,51,400,Shamela0012579,1058,453,760,147,56
218,273,903,Shamela0012936,17,85,580,229,43
218,51,428,Shamela0009810,1075,532,887,115,36
218,524,1219,Shia002294Vols,218,6,693,448,72
218,149,892,Sham19Y0023625,1762,767,1485,425,66
218,892,1227,Sham19Y0023625,1763,1,327,231,80
218,114,273,Shia003616Vols,1803,604,742,91,67
218,279,709,Sham19Y0016555,118,734,1077,187,51
218,385,1258,Shamela0010664,1022,382,1305,507,61
218,409,1219,eScr20112614,25,5,628,462,70
218,273,903,Shamela0010628,27,364,848,229,43
219,1,702,Shia002265Vols,1860,739,1460,477,76
219,707,890,Shia002265Vols,1861,8,262,135,65
219,1,827,Shia002265Vols,4946,601,1453,575,79
219,38,1189,Shamela0009754,58,1,1247,645,56
219,1274,1461,ShamAY0033548,13,278,488,145,85
219,1,168,Sham19Y0150676,2616,1316,1496,133,90
219,173,906,Sham19Y0150676,2617,1,806,473,68
219,92,890,Sham19Y0016684,915,1,896,539,71
219,1,588,Sham19Y0018103,1646,888,1510,405,76
219,601,912,Sham19Y0018103,1647,1,371,206,66
219,1,517,Shamela0037837,639,949,1512,354,72
219,517,890,Shamela0037837,640,1,438,254,70
219,1,297,Shamela0000767,2304,955,1248,188,69
219,1,639,Shamela0005756,5641,823,1496,430,75
219,639,1036,Shamela0005756,5642,1,504,231,55
219,1,457,Shamela0005756,7591,1033,1529,319,73
219,457,890,Shamela0005756,7592,1,494,296,72
219,1,562,Kraken2107192213411,11,245,842,407,84
219,115,562,Kraken2107192213411,65,1,471,320,84
219,1,890,Sham19Y0013252,4229,233,1221,609,73
219,1,308,Sham19Y0013605,2166,414,745,235,87
219,413,890,Sham19Y0013605,2167,9,543,325,73
219,1,827,Shamela0012406,349,550,1415,572,77
219,1,890,Shamela0001975,318,311,1294,608,73
219,1,350,Sham19Y0133367,68,1224,1582,241,79
219,343,1036,Sham19Y0133367,69,39,655,359,60
219,1,454,JK007065,1045,1000,1489,320,74
219,454,1051,JK007065,1046,1,661,336,58
219,1,890,Shamela0021659,434,33,1015,606,73
219,1,890,JK001236,67,311,1301,607,73
219,1,827,Shamela0013150,13,613,1441,614,86
219,1,156,Sham19Y0020638,722,1326,1493,121,89
219,156,890,Sham19Y0020638,723,1,841,488,68
219,1,707,ShamAY0034005,1229,755,1463,471,76
219,712,890,ShamAY0034005,1230,1,263,139,66
219,1,356,JK009324,2094,61,405,241,78
219,1054,1274,Shamela0021765,1499,153,335,126,73
219,1,236,ShamIbadiyya0000109,4946,861,1058,145,71
219,136,1036,Sham19Y0127656,278,1,914,532,64
219,1,418,JK000110,548,1026,1435,292,81
219,438,1004,JK000110,549,7,662,332,57
219,925,1320,ShamAY0033973,186,170,579,164,43
219,1,508,Sham19Y0148486,3563,953,1479,357,78
219,508,1026,Sham19Y0148486,3564,1,601,289,51
219,1,260,Shamela0025800,2876,1198,1480,200,87
219,260,896,Shamela0025800,2877,1,636,407,73
219,1,890,JK000917,229,243,1235,609,72
219,1,327,JK000917,1234,1218,1573,242,83
219,333,890,JK000917,1235,1,637,344,62
219,1274,1461,Shamela0003722,6814,1138,1566,147,42
219,1,742,Shamela0008473,854,716,1495,509,76
219,742,890,Shamela0008473,855,1,224,115,65
219,1,260,Shamela0008473,941,1236,1515,202,89
219,267,890,Shamela0008473,942,1,695,414,69
219,1,426,ShamAY0033623,57,1070,1530,292,72
219,426,1189,ShamAY0033623,58,1,823,383,49
219,71,890,ShamAY0033733,101,5,950,564,71
219,1,1036,Sham19Y0148271,1367,105,1284,649,60
219,1,890,Tafsir09084,337,29,1030,621,74
219,1,707,Sham19Y0016946,339,488,1002,351,59
219,1,890,Sham19Y0013572,1269,222,1201,608,73
219,1274,1461,Shamela0001733,2976,47,248,128,78
219,1,457,Shamela0021735,842,1041,1532,322,75
219,457,890,Shamela0021735,843,1,497,290,70
219,50,890,ShamAY0038083,58,1,845,585,79
219,1,707,Shamela0021715,3707,749,1483,480,76
219,707,890,Shamela0021715,3708,1,255,133,64
219,273,548,Shamela0021715,3709,422,1568,178,19
219,747,871,Shamela0021715,3710,896,1200,94,39
219,1,236,Shamela0021715,3940,1092,1302,145,68
219,1162,1461,Shia002069Vols,224,647,974,178,60
219,1,672,Shamela0026884,406,775,1471,452,75
219,672,890,Shamela0026884,407,1,299,167,69
219,1,890,Shamela0026884,702,48,793,449,58
219,1,890,Shamela0001438,7504,36,1004,601,73
219,1,687,Shamela0001438,7981,759,1471,471,77
219,687,890,Shamela0001438,7982,1,287,159,69
219,1,1041,Shamela0025794,1572,281,1435,661,66
219,1,890,Sham19Y0018106,1646,431,1419,609,73
219,1,337,Shamela0004445,710,1100,1458,250,86
219,343,884,Shamela0004445,711,51,636,359,71
219,1,890,Sham19Y0018176,884,212,1200,609,73
219,92,1017,JK009390,596,1,950,564,65
219,184,1026,JK009390,5670,1,907,472,53
219,1,270,Sham19Y0127677,5481,1151,1441,208,88
219,273,1036,Sham19Y0127677,5482,1,849,430,54
219,202,1036,Sham19Y0146127,1874,1,886,501,62
219,1,661,Sham19Y0016584,1792,361,1047,445,75
219,1,588,Shamela0036446,1289,853,1464,406,77
219,1,1036,Sham19Y0013223,706,205,1355,641,61
220,1,185,Shamela0003118,582,1078,1248,134,88
220,203,571,Shamela0029702,7,823,1235,234,65
220,1012,1338,Sham19Y0122401,1451,1124,1416,184,73
220,650,898,Shamela0030305,29,178,425,171,85
220,323,571,Shamela0010639,232,914,1192,173,71
220,720,1175,ShamAY0033938,1484,940,1458,280,62
220,56,784,Shia002034Vols,1114,94,789,329,49
220,650,1127,Shia001913Vols,491,33,417,191,51
220,879,1347,Sham19Y0001729,939,910,1391,248,60
220,922,1237,Shamela0022547,11,1062,1367,215,82
220,650,1127,Shamela0022547,12,408,882,234,57
220,892,1261,Sham19Y0038171,653,842,1248,256,81
220,323,571,ShamAY0033743,3,199,449,152,64
220,744,1191,Sham19Y0020879,380,1,273,145,42
220,1,181,JK000475,2172,1240,1403,128,86
220,429,879,JK000475,2183,1021,1419,166,35
220,922,1231,Shamela0026484,74,243,556,219,85
220,626,1057,ShamAY0032891,8,978,1393,210,56
220,605,1127,ShamAY0033949,187,658,1105,223,51
220,720,1231,Sham19Y0122406,3951,870,1444,317,66
220,1012,1372,Shamela0000551,3061,1046,1515,211,56
220,650,892,Shamela0001719,4650,77,324,158,79
220,11,398,Shamela0003722,6815,1,354,173,50
220,429,1036,Shamela0029747,7,188,886,261,39
220,1076,1231,Sham19Y0017729,490,1191,1346,121,99
220,45,407,Shamela0013132,126,1067,1425,180,57
220,458,784,Shamela0013132,127,57,379,137,40
220,231,784,Shamela0013132,134,1,603,293,56
220,605,1093,JK009408,2360,529,938,255,64
220,323,571,Shamela0021723,103,34,284,152,64
220,482,892,Sham19Y0036114,554,552,964,218,65
220,949,1231,ShamAY0033974,129,1094,1395,211,90
220,56,792,Shamela0001733,2897,272,946,311,43
220,699,1261,Shamela0001733,4882,813,1406,365,75
220,429,1122,Shamela0001733,4883,117,851,354,50
220,429,1024,Shia001919,37,934,1408,231,43
220,1,448,Shia002069Vols,224,974,1418,185,44
220,605,892,Shamela0009810,1300,916,1201,177,74
220,323,571,Shamela0005396,20,842,1093,152,64
220,605,898,Shia001731Vols,752,1099,1384,182,74
220,287,571,Sham19Y0023625,1828,15,617,182,35
220,690,1132,Shamela0025794,5218,1,600,170,28
220,591,1127,JK000786,2944,307,738,219,46
220,801,1231,Shamela0008970,141,1008,1430,241,70
220,605,1231,Sham19Y0127677,9382,378,852,272,54
220,181,474,Sham19Y0127677,15020,1130,1424,176,68
220,1057,1237,Sham19Y0127677,19047,489,701,136,82
220,1,334,JK000735,112,1161,1475,167,58
220,1076,1231,Sham19Y0017903,979,1158,1313,121,99
220,323,571,Shamela0001875,832,1064,1360,179,72
220,1012,1258,JK000698,28,1,234,170,89
220,1,448,Shamela0010627,17,169,515,190,50
220,351,571,Shamela0036446,365,292,556,149,64
221,455,687,Shia001365,98,476,709,140,72
221,6,687,ShamAY0033680,13,386,1336,432,58
221,458,687,Sham19Y0014119,275,1117,1361,164,82
221,321,687,Shamela0010480,1978,801,1165,263,88
221,471,687,Shia002265Vols,2081,855,1086,163,90
221,571,687,Sham19Y0017063,546,1,128,78,73
221,225,653,Shamela0010437,31,1068,1470,148,34
221,6,307,ShamAY0033938,1484,993,1420,171,52
221,241,687,Shamela0021578,33,853,1280,225,51
221,471,987,Shamela0012843,127,159,659,195,40
221,321,674,JK001266,42,1075,1407,224,78
221,768,1421,Sham19Y0038171,652,246,1169,346,41
221,6,307,Sham19Y0038171,653,525,1107,166,34
221,359,687,Sham19Y0038171,654,1007,1360,237,83
221,824,1291,Sham19Y0038171,1259,78,511,269,69
221,321,691,ShamAY0031687,908,122,498,264,85
221,443,694,ShamAY0032969,9,1,245,170,82
221,545,687,Shia001432Vols,25810,1225,1389,100,78
221,475,687,Shia001432Vols,25811,1196,1430,154,84
221,466,687,Shia001432Vols,25854,454,695,146,73
221,443,687,Shia001432Vols,38039,1036,1275,163,79
221,535,694,JK000001,482,835,991,112,90
221,443,707,Shia004520,36,464,744,181,78
221,355,970,ShamAY0033945,529,477,1045,285,54
221,321,595,ShamAY0033945,782,1118,1424,194,81
221,768,1291,ShamAY0035035,2619,793,1242,287,66
221,359,687,ShamAY0035035,2622,40,382,238,84
221,824,1291,ShamAY0035035,4959,325,756,267,69
221,413,687,JK000475,1616,1,280,194,86
221,535,687,Sham19Y0013783,920,1139,1299,110,83
221,392,974,JK001171,83,6,543,274,53
221,283,970,ShamAY0033949,188,7,628,300,46
221,273,716,JK009242,379,621,1072,187,43
221,6,307,Sham19Y0122406,3951,923,1350,171,52
221,502,687,Sham19Y0132416,121,1167,1377,124,74
221,315,699,Sham19Y0148486,3246,879,1277,268,83
221,315,955,Shamela0001719,4651,264,895,284,46
221,315,970,Shamela0001719,4754,8,622,290,49
221,315,691,Shamela0003722,2098,337,707,273,91
221,458,699,Shamela0096232,28,706,943,162,79
221,355,687,Shamela0030432,22,966,1295,234,86
221,879,1105,Shia003488Vols,668,1,205,145,75
221,283,584,Sham19Y0148271,1152,1211,1538,184,63
221,584,970,Sham19Y0148271,1153,1,351,127,41
221,443,687,Sham19Y0145410,471,804,1040,163,79
221,443,687,Shamela0023606,415,352,588,163,79
221,397,687,Shia004510,11,992,1345,187,66
221,6,307,Shamela0001733,4882,884,1273,186,61
221,315,687,Shamela0010906,4244,756,1108,231,76
221,315,462,Shia002069Vols,240,1285,1432,116,100
221,475,687,Shia002069Vols,241,11,238,163,92
221,11,307,Shamela0006446,119,825,1139,136,45
221,273,687,Shamela0001438,6981,750,1076,198,55
221,258,667,Shamela0026680,4,923,1420,259,60
221,921,1291,Sham19Y0023625,1810,550,897,203,65
221,512,699,Shamela0021713,559,763,969,138,86
221,321,970,ShamAY0032924,18,22,543,282,50
221,471,687,Shamela0008176,3279,784,1009,152,82
221,545,687,Shia001340,303,254,415,102,81
221,283,811,Shamela0025794,1153,70,545,286,63
221,359,687,Shamela0025794,2183,542,847,216,80
221,6,512,Shamela0025794,5174,399,880,224,52
221,6,512,Shamela0025794,5175,271,688,236,56
221,443,970,Shia003616Vols,1804,429,873,229,49
221,493,687,Sham19Y0018567,934,886,1090,139,80
221,483,687,Shamela0010283,1189,44,238,143,87
221,502,687,Shamela0021744,1117,1106,1292,125,79
221,502,687,JK000299,964,633,819,125,79
221,315,687,Shamela0021681,21,396,760,249,82
221,315,566,Shamela0008970,140,1217,1470,157,72
221,566,978,Shamela0008970,141,1,396,144,35
221,458,602,JK009390,6859,1271,1398,96,84
221,443,687,Shamela0010664,51,843,1100,170,80
221,471,687,Sham19Y0127677,4965,76,306,162,90
221,315,716,Sham19Y0127677,19498,947,1390,270,73
221,371,687,Sham19Y0127677,19499,1,261,185,70
221,535,687,ShamIbadiyya0000771,39,486,635,113,94
221,458,687,Shia003732Vols,3248,548,792,165,83
221,375,638,Sham19Y0146127,1708,1122,1373,176,81
221,315,699,Shamela0026669,5,316,705,252,80
221,475,687,Shamela0012014,236,1,221,151,83
221,443,687,Shamela0012027,384,865,1119,171,81
222,666,915,Shamela0022769,1629,1320,1560,186,93
222,658,1296,ShamAY0033680,12,1,967,342,40
222,212,615,Shamela0013041,755,833,1210,237,70
222,732,1157,Shamela0021537,5747,153,515,225,63
222,540,1006,Shamela0013178,163,1006,1401,216,52
222,648,892,ShamAY0034068,3778,1296,1538,185,94
222,546,1134,Shamela0010480,1125,144,739,358,67
222,6,212,Shia001782Vols,3563,812,991,140,85
222,640,1310,Shia001782Vols,3564,192,726,309,55
222,582,972,Shamela0009783BK4,93,985,1349,181,51
222,540,820,Shia002616Vols,6263,1224,1496,184,84
222,820,1134,Shia002616Vols,6264,1,312,143,57
222,792,972,Shamela0021642,1036,843,1025,133,86
222,732,972,Shamela0010639,229,1257,1502,185,91
222,732,1134,Shia000841Vols,2002,226,669,230,53
222,637,1134,JK007016,84,326,854,229,48
222,340,564,JK007016,229,1,209,136,72
222,732,1134,Shamela0021578,33,592,923,208,65
222,792,1011,ShamAY0033728,72,576,794,144,77
222,719,972,Shamela0012843,127,803,1064,196,92
222,621,1134,Shamela0012981,611,15,398,241,57
222,249,540,Shamela0012981,1827,194,462,157,63
222,1,154,Shia002034Vols,1169,1286,1426,111,91
222,582,1138,Sham19Y0001729,942,183,786,308,58
222,778,1134,Zaydiyya0000133,56,1112,1513,172,52
222,540,1138,Shamela0022547,751,227,836,266,43
222,669,972,Shamela0022547,1062,817,1126,229,91
222,732,1134,Shamela0000216,123,521,887,216,66
222,597,972,Sham19Y0038171,650,409,808,280,86
222,546,972,Sham19Y0038171,1257,705,1068,246,68
222,608,1134,ShamAY0031687,906,345,986,298,56
222,854,972,Shia001432Vols,35503,1125,1258,93,87
222,578,1134,ShamAY0033945,528,803,1396,312,62
222,546,1138,ShamAY0033945,783,190,844,329,57
222,597,972,ShamAY0035035,2617,983,1385,282,86
222,546,972,ShamAY0035035,4957,1002,1364,244,67
222,608,1138,JK000475,1863,595,1121,294,64
222,669,972,JK000475,2179,837,1147,229,91
222,767,972,JK000475,2180,1,201,158,95
222,792,972,Shamela0021677,884,512,698,133,84
222,732,1163,Sham19Y0132974,51,695,1064,243,69
222,792,972,Sham19Y0026094,695,903,1078,136,93
222,732,1134,JK001236,203,1005,1399,227,56
222,778,972,Zaydiyya0000053,689,1240,1424,146,93
222,669,972,Sham19Y0017442,230,246,555,228,91
222,705,1196,Sham19Y0017442,426,679,1212,218,41
222,708,1397,ShamAY0033949,187,71,676,372,62
222,732,1051,Shamela0000956,1165,16,367,192,61
222,708,942,Shamela0001449,261,1181,1421,178,88
222,578,1119,Shamela0021765,2219,784,1422,328,62
222,792,972,Sham19Y0014404,1411,536,699,128,88
222,732,1138,Sham19Y0014592,992,70,400,229,71
222,732,1143,Sham19Y0014592,2806,1130,1470,229,66
222,608,972,Sham19Y0148486,3246,23,387,252,81
222,534,1134,Shamela0001719,4651,692,1233,238,44
222,212,564,Shamela0003722,5767,396,759,251,84
222,722,972,Shamela0001515,333,1141,1458,154,58
222,792,972,Shamela0009784,1124,13,224,131,73
222,637,1138,Shamela0023833,688,761,1261,229,51
222,582,751,Shia002231Vols,166,22,504,116,30
222,582,1134,Shia002231Vols,610,338,1000,339,62
222,732,972,Shamela0012935,291,851,1099,150,74
222,732,972,Shamela0009795,266,209,470,186,87
222,722,972,Sham19Y0127698,86,864,1089,152,76
222,608,1115,Shamela0013132,131,743,1355,324,67
222,637,972,JK009408,2176,788,1114,182,61
222,648,960,JK009266,8883,1202,1514,237,94
222,640,1129,Shia004510,10,1029,1475,267,61
222,669,972,Shamela0021809,1283,1089,1402,227,89
222,540,1163,Shamela0001733,1702,247,941,388,63
222,792,1134,Shamela0001733,4391,13,382,168,49
222,705,1163,Sham19Y0017101,28,1117,1456,245,65
222,556,1134,Shamela0026884,384,157,652,270,52
222,732,1296,JK001012,219,803,1354,213,32
222,9,160,JK001012,220,408,559,118,96
222,590,782,Sham19Y0023625,1806,401,603,141,89
222,1,212,Sham19Y0023625,1810,1043,1468,94,22
222,757,972,Shamela0021713,559,1152,1352,160,92
222,722,972,Shia003616Vols,256,1129,1412,161,70
222,669,1134,Shia003616Vols,1805,126,706,276,60
222,719,1138,Sham19Y0018567,934,156,570,226,57
222,757,1138,Shamela0031457,31,618,989,187,52
222,732,1163,Shamela0010283,1189,835,1154,204,56
222,741,933,Shamela0021744,1533,1361,1563,151,92
222,637,972,Shamela0004445,1772,1082,1406,183,63
222,778,972,Kraken210630005153,7501,292,475,134,79
222,741,972,JK000299,1312,341,597,179,87
222,602,1134,Shamela0021488,3,565,1136,226,43
222,546,972,JK000022,2010,427,844,291,84
222,546,1025,Shamela0008970,140,472,905,266,63
222,732,1163,JK009390,3224,253,687,170,38
222,571,826,Shamela0026324,1768,943,1288,135,49
222,669,972,JK000735,119,903,1212,228,91
222,714,972,JK000735,120,31,280,191,93
222,267,751,JK000735,122,19,451,205,48
222,719,1138,Shia003732Vols,2012,244,682,189,41
222,546,1163,Shia002033,146,554,1184,321,57
222,608,972,Sham19Y0146127,1708,606,940,254,88
222,666,972,ShamAY0034059,7305,849,1150,218,84
222,705,972,Shamela0012884,3198,371,618,189,89
222,792,1138,Shamela0009770,464,31,333,178,55
222,669,972,Shamela0004289,1188,547,857,229,91
222,540,1134,Shamela0013066,223,781,1225,246,47
222,810,983,Shamela0011766,121,1,185,128,86
222,719,1273,Shamela0012027,300,634,1150,242,46
222,666,972,JK000458,3281,181,475,228,93
223,34,594,Shia001782Vols,2048,736,1250,287,52
223,107,349,ShamIbadiyya0000482,53,1120,1394,130,49
223,1,398,Shamela0012981,1026,174,590,284,80
223,15,398,Sham19Y0001729,1612,796,1202,206,56
223,1,398,ShamAY0033053,331,541,949,277,79
223,31,349,JK001236,196,801,1154,168,52
223,31,410,Shamela0021766,2051,324,634,224,70
223,15,342,Shia002231Vols,436,1137,1484,165,53
223,31,402,JK000620,26,14,379,194,56
223,4,569,Shamela0001733,3553,592,1211,348,61
223,1,569,Shamela0012862,445,165,804,329,60
223,74,573,Shia002069Vols,232,22,480,271,58
223,15,398,Shia002069Vols,243,1082,1491,201,54
223,15,569,JK000481,501,530,938,231,51
223,31,569,Shamela0006590,443,973,1444,251,48
223,31,398,Sham19Y0127677,6704,1090,1439,255,84
223,31,398,Shia003732Vols,2375,1067,1377,236,77
223,31,569,Shia003732Vols,4230,460,1013,274,54
223,97,402,Shia001273Vols,33,1,337,168,55
223,4,398,ShamAY0033556,64,781,1163,298,91
224,23,413,ShamAY0033680,20,170,1119,187,23
224,565,1031,Shamela0008493,142,183,746,230,47
224,261,813,Sham19Y0018144,1122,599,1130,376,82
224,261,667,Shamela0001733,2941,1023,1431,283,82
224,1,212,Shia001887Vols,1158,296,502,149,84
224,261,813,ShamAY0032665,1122,609,1140,376,82
225,552,735,Shamela0009567,477,916,1081,105,73
225,869,1003,ShamAY0034447,1264,1,135,107,100
225,658,1064,Shamela0023685,1381,512,825,176,51
225,762,1064,Shia002034Vols,1528,698,1021,225,88
225,658,1068,Sham19Y0026094,590,379,789,133,25
225,640,1003,Shamela0005922,1737,812,1333,212,44
225,526,928,Sham19Y0148271,1155,471,882,159,44
225,776,1003,Shamela0021809,3182,1,214,154,84
225,762,1003,Shamela0001733,663,320,555,178,90
225,371,956,Shamela0001733,2933,541,1164,188,28
225,739,1077,ShamAY0034134,1217,146,565,230,65
225,1074,1382,ShamAY0034134,1222,866,1128,172,69
225,549,735,Shamela0025794,943,1176,1343,121,83
225,557,928,Shamela0025794,1139,377,695,147,47
225,1064,1382,Shia001887Vols,1108,388,737,187,61
225,576,924,Sham19Y0146127,3058,176,453,131,45
225,1131,1382,Shamela0022579,53,910,1187,185,83
226,1040,1254,ShamAY0034050,83,313,491,131,77
226,977,1414,ShamAY0033680,16,179,610,232,62
226,733,1397,Shamela0010480,1397,359,1032,262,37
226,984,1254,Sham19Y0020878,821,278,534,180,82
226,1040,1254,ShamAY0034447,1275,824,1025,153,90
226,1008,1258,JK000608,7,52,293,169,82
226,1012,1254,Sham19Y0013241,985,361,569,150,79
226,1008,1254,ShamAY0034569,768,129,370,176,87
226,1065,1254,ShamAY0034569,1155,1,177,136,91
226,370,917,Sham19Y0001729,4308,1038,1476,313,71
226,1012,1210,Shamela0007891,1095,1320,1483,114,75
226,984,1332,Shia001989,112,542,891,198,64
226,1040,1275,Shamela0002863,1174,883,1088,146,76
226,1008,1426,ShamAY0034273,74,883,1249,205,56
226,1024,1202,Shamela0010657,890,274,656,112,35
226,1040,1258,Shamela0008473,652,365,558,134,77
226,708,1254,Shamela0000041,235,711,1122,189,34
226,1082,1254,Sham19Y0017791,855,747,909,123,90
226,1012,1197,ShamAY0035950,183,817,967,104,73
226,1012,1254,Sham19Y0123510,472,991,1198,150,79
226,1033,1207,Shamela0021809,1591,1,534,124,28
226,984,1299,ShamAY0034134,1221,1120,1433,189,71
226,566,939,ShamAY0034134,1224,1,339,237,75
226,1019,1410,Shamela0025794,2736,34,373,180,53
226,566,1248,Sham19Y0018567,946,111,600,243,41
226,553,1254,Shia001887Vols,1108,902,1219,196,34
226,416,1258,Shia001887Vols,1109,1,626,429,63
226,1,284,Sham19Y0143167,45,39,307,179,78
226,270,432,Sham19Y0127677,16208,546,695,118,91
226,1024,1254,Shia000820Vols,850,32,217,126,64
226,1012,1254,Shamela0029785,27,382,590,150,79
226,977,1258,Shamela0022579,29,110,409,188,75
227,1,251,Shia001782Vols,1024,638,843,110,55
227,1152,1254,Shamela0010842,307,1103,1205,78,100
227,280,735,Shia001887Vols,1100,1092,1487,296,81
227,43,497,Shia001887Vols,1101,1,387,179,40
228,1175,1406,Shamela0003118,6910,1,201,152,82
228,879,1406,JK000916,24092,68,555,349,81
228,138,310,ShamAY0034447,1281,1181,1360,129,87
228,822,1406,Shamela0010488,245,813,1278,263,51
228,138,310,Shia002034Vols,663,11,184,125,85
228,194,534,ShamAY0035035,2687,1094,1521,123,30
228,932,1406,Shia001362Vols,372,176,708,333,78
228,1011,1406,Zaydiyya0000236,243,671,974,210,70
228,153,310,Shamela0005922,1758,202,368,110,78
228,43,534,JK000786,2983,534,837,118,28
228,867,1336,Sham19Y0017817,362,684,1200,333,81
228,194,710,Sham19Y0123608,640,184,730,167,29
229,1,1206,Shamela0003118,6910,201,924,490,50
229,1,1206,JK000916,24092,555,1357,549,55
229,1,751,Shia001362Vols,372,708,1432,493,74
229,751,1209,Shia001362Vols,373,1,471,341,89
229,1231,1447,Shia001887Vols,1326,1129,1367,159,83
229,162,1206,Sham19Y0017817,363,73,657,348,40
230,1038,1297,Shia001399,582,381,649,173,73
230,759,1284,Shamela0013041,723,917,1479,333,65
230,846,1431,Shamela0009076,507,1,541,275,51
230,926,1297,Shia002265Vols,1377,699,1026,214,66
230,851,1297,Shia001782Vols,1037,978,1378,274,73
230,637,1297,Sham19Y0030388BK2,2,81,712,351,60
230,779,1157,Shia001976Vols,1065,1140,1438,211,71
230,1143,1303,Shia001976Vols,1066,13,147,108,83
230,764,1090,Shamela0036357,1384,212,470,165,59
230,14,143,Shamela0007798,8409,664,786,86,75
230,800,1297,Shamela0026566,90,5,325,221,56
230,759,1349,Shamela0026473,14,791,1327,332,64
230,764,1090,JK001293BK1,1046,1148,1398,159,57
230,901,1297,JK005005,594,712,1117,264,73
230,161,1052,Shamela0012745,10,527,1391,628,86
230,1052,1436,Shamela0012745,11,1,386,303,97
230,851,1297,Zaydiyya0000133,112,1068,1504,283,72
230,1038,1271,Shia001432Vols,32137,1124,1400,92,30
230,779,1297,ShamAY0035035,2719,303,806,344,79
230,724,1297,Shia001362Vols,379,114,632,288,54
230,1038,1297,Zaydiyya0000236,250,592,860,174,73
230,891,1297,Shamela0021765,832,4,385,259,75
230,775,1303,Shamela0030317,2,193,724,326,67
230,764,1297,Zaydiyya0000336,544,60,811,303,44
230,759,1297,Shamela0026469,7,233,705,292,61
230,705,1297,Sham19Y0017535,66,660,1190,372,76
230,1070,1364,JK007082,111,1,305,174,62
230,863,1143,Shamela0001391,215,1244,1507,172,71
230,755,1297,JK006801,270,97,569,311,69
230,724,1297,JK000024,73,372,913,353,69
230,779,1311,Shamela0021570,116,830,1303,309,67
230,724,1297,Shamela0001733,2364,871,1340,326,67
230,724,1297,ShamAY0034138,575,151,732,355,66
230,637,1297,Sham19Y0030388BK1,2,81,712,351,60
230,926,1297,Shamela0001438,3624,279,602,217,68
230,779,1303,Shamela0009107,340,135,620,290,63
230,759,1297,JK000786,3007,726,1215,273,55
230,167,327,Shamela0004445,2320,162,616,121,34
230,1038,1297,Shia001367,103,436,708,158,62
230,719,1075,Shamela0008970,164,1087,1451,195,59
230,1075,1297,Shamela0008970,165,1,232,156,75
230,860,1297,JK009390,2204,266,682,237,57
230,869,1297,JK009390,3384,693,1153,263,65
230,926,1297,Sham19Y0127677,2086,739,1061,215,68
230,724,1038,Sham19Y0127677,11475,936,1514,171,33
230,755,1297,Sham19Y0037618,2033,455,927,311,69
230,851,1297,Shamela0012884,559,976,1350,239,58
230,759,1349,Shamela0013066,179,19,563,310,59
230,724,1338,Shamela0022579,750,55,631,341,64
230,724,1297,Zaydiyya0000342,600,583,1147,340,64
230,724,1297,Zaydiyya0000342,613,792,1278,323,64
230,759,1292,JK005004,648,955,1482,316,63
230,533,1297,Shamela0027097,2,154,831,324,45
231,21,463,Shamela0010463,460,614,1035,284,75
231,1,312,Shamela0010480,1690,1194,1493,218,82
231,9,554,Shamela0010480,1691,786,1314,348,70
231,24,476,Shia002265Vols,417,31,480,317,82
231,75,679,Shia001782Vols,1038,1,668,380,60
231,109,463,ShamIbadiyya0000482,354,626,995,270,87
231,80,463,ShamAY0034447,1327,1,388,303,94
231,71,383,Shamela0021642,1141,850,1172,222,78
231,1,463,ShamAY0033589,15,500,970,339,86
231,104,463,Shia002261Vols,65,338,700,284,95
231,71,370,Sham19Y0019188,1543,724,1031,207,74
231,104,473,Shamela0023685,1388,106,476,289,94
231,93,463,Shamela0021550,100,1140,1513,278,88
231,24,463,Shamela0021550,103,602,817,133,36
231,21,463,Shamela0095735,219,994,1403,283,75
231,16,326,Shamela0095735,841,1012,1320,146,41
231,1121,1467,Shamela0002102,211,78,481,172,43
231,24,463,ShamAY0033728,8,164,581,281,72
231,21,1009,JK000386,749,392,1364,682,84
231,104,392,JK001297,124,286,593,222,87
231,1,1005,Shamela0012745,11,386,1382,748,91
231,1,463,Shamela0005995,19,599,1059,359,94
231,24,463,Zaydiyya0000133,98,500,946,307,78
231,46,463,Zaydiyya0000133,113,1,400,288,80
231,46,463,Sham19Y0038171,665,957,1395,295,80
231,97,463,Shia001432Vols,31098,1005,1368,274,89
231,16,679,Sham19Y0016934,1904,170,675,343,61
231,104,476,Shamela0001975,189,255,626,287,93
231,24,685,JK000001,494,641,1102,191,28
231,93,463,JK000001,495,419,790,277,88
231,463,1009,ShamAY0035035,2715,383,922,391,86
231,286,463,ShamAY0035035,2716,1,194,130,81
231,21,463,Shamela0007289,32,368,775,309,85
231,104,383,Shamela0021677,970,1091,1376,205,78
231,104,451,JK005200,515,517,824,235,81
231,90,476,Shamela0021659,351,84,470,289,91
231,21,463,Shamela0026842,51,1064,1512,325,84
231,24,463,Shamela0009873,1952,405,859,340,91
231,104,463,Shamela0021843,1251,1261,1548,220,73
231,1129,1431,Shamela0021843,1260,558,828,203,84
231,75,997,Sham19Y0149697,1213,1,1164,539,51
231,129,463,Shamela0007606,154,1,339,269,96
231,104,679,Sham19Y0132416,86,261,803,344,71
231,80,380,Shamela0021619BK2,897,984,1289,210,77
231,104,389,Shamela0012293,5792,289,563,217,91
231,104,463,Shamela0012293,5928,282,632,277,92
231,104,463,Shamela0012293,6078,752,1102,277,92
231,1,476,ShamAY0033598,294,817,1296,338,81
231,178,383,Shamela0000927,453,200,380,143,81
231,9,433,Shamela0007351,527,1065,1487,316,89
231,1,568,Shamela0001733,2551,650,1197,378,81
231,97,392,Sham19Y0017101,91,1323,1618,222,88
231,118,463,JK000216,114,1,346,272,95
231,104,463,Shamela0001438,959,97,458,287,96
231,1121,1460,Sham19Y0023625,1657,1144,1466,240,86
231,104,679,Shamela0021713,446,360,918,350,63
231,9,469,Shamela0009107,386,405,849,326,83
231,247,463,Shamela0021598,2706,9,217,156,85
231,1142,1431,Shamela0021598,2720,1,274,205,89
231,24,761,Sham19Y0018567,950,151,778,433,71
231,104,679,Shamela0031457,54,629,1180,355,70
231,24,473,Zaydiyya0000072,83,314,736,302,81
231,1,554,Shamela0012750,488,32,575,381,81
231,1,496,Shamela0004445,2321,95,608,369,86
231,104,451,Shamela0021644,369,52,346,226,78
231,1,418,Shamela0013068,187,1158,1543,275,78
231,33,476,JK009390,397,134,528,294,81
231,33,463,JK009390,423,1061,1445,296,83
231,173,585,Sham19Y0127677,1049,1,429,247,58
231,104,370,Shamela0008463,1595,810,1090,198,78
231,104,473,Shamela0026568,1215,910,1281,288,93
231,104,463,JK007142,265,1230,1517,220,73
231,1129,1431,JK007142,268,265,535,203,84
231,9,463,JK000667,40,772,1223,339,88
231,97,685,Shia003732Vols,3650,662,1114,346,71
231,104,343,Sham19Y0018272,439,988,1437,194,52
231,21,1044,Shamela0001875,927,137,1323,706,69
231,21,997,Shamela0012884,560,397,1203,567,70
231,1,476,Shamela0022882,340,900,1368,333,81
231,178,326,Shamela0022720,41,325,473,125,99
231,9,415,Zaydiyya0000342,607,1084,1492,283,79
231,1,463,Zaydiyya0000342,608,217,666,328,84
231,9,554,Shamela0000736,2247,660,1234,352,70
231,561,912,JK006897,304,1100,1442,262,91
231,21,463,JK006897,305,90,492,294,80
231,104,463,Sham19Y0013223,1423,1112,1473,287,96
232,993,1342,ShamIbadiyya0000482,124,992,1350,217,69
232,959,1312,Sham19Y0020699,619,790,1111,171,55
232,951,1312,Sham19Y0018353,126,568,913,176,53
232,1193,1395,Shia001122Vols,1966,1,192,138,86
232,993,1312,Sham19Y0147658,214,266,555,147,51
232,987,1312,Shamela0011468BK1,974,251,551,139,44
232,993,1395,Shia000298Vols,2856,725,1118,257,77
232,993,1312,Shamela0010639,211,55,350,133,45
232,993,1312,Sham19Y0019228,1379,260,735,140,32
232,959,1312,Shia000841Vols,3898,488,827,162,47
232,962,1312,Sham19Y0017437,1031,685,990,157,50
232,1172,1395,Shia001161Vols,1451,1,225,154,82
232,962,1312,Shamela0010437,154,884,1179,154,49
232,993,1395,Shia000043Vols,234,1071,1433,235,71
232,993,1312,Sham19Y0147665,30,566,854,148,53
232,993,1348,ShamIbadiyya0000185,1843,92,405,213,75
232,959,1312,JK000386,778,271,606,173,53
232,970,1312,Shamela0004482,503,1150,1466,163,53
232,993,1348,ShamIbadiyya0000074,765,637,957,217,76
232,993,1312,Shamela0007360,293,635,917,145,51
232,974,1312,Sham19Y0014325,2474,584,903,143,43
232,959,1312,Sham19Y0016934,1959,427,732,149,48
232,933,1312,JK000001,503,320,668,154,42
232,993,1312,Shamela0007289,7668,455,743,148,53
232,1095,1419,ShamAY0034249,1818,1,275,197,79
232,999,1312,Sham19Y0013783,1011,25,301,131,44
232,993,1312,Shamela0011444BK2,1061,44,337,134,44
232,959,1312,Sham19Y0148486,3083,651,978,163,48
232,959,1312,Shamela0002863,1226,1143,1473,163,48
232,993,1312,Shamela0021619BK2,917,395,851,148,36
232,993,1395,Shia000317Vols,6912,346,738,258,78
232,962,1312,ShamAY0034251BK3,684,427,733,155,48
232,993,1395,Shia000196Vols,2008,547,936,256,77
232,962,1312,Sham19Y0013577,1533,242,547,153,47
232,999,1312,Shamela0021721,1185,13,303,138,47
232,999,1312,Shamela0026535,537,486,765,134,45
232,999,1415,ShamIbadiyya0000129,463,1071,1435,251,73
232,993,1395,Shia002945Vols,1220,936,1329,258,75
232,993,1395,Shia000715,259,522,930,257,72
232,993,1348,ShamIbadiyya0000200,4,882,1167,204,72
232,920,1312,Shamela0011498,357,636,1056,175,43
232,959,1312,JK000787BK1,74,713,1034,171,54
232,937,1312,Shamela0021848BK1,681,95,432,167,49
232,821,1395,Sham19Y0023625,1672,817,1326,381,83
232,959,1342,JK000287,28,1144,1455,174,52
232,970,1312,Shamela0021598,2759,189,498,137,41
232,993,1395,Shia000233,578,984,1376,262,79
232,951,1342,Sham19Y0013664,112,1172,1492,176,52
232,1123,1348,ShamIbadiyya0000473,95,1,203,136,77
232,993,1395,Shia000107Vols,2434,799,1191,241,70
232,970,1312,Sham19Y0016952,90,639,935,152,52
232,993,1395,Shia001187Vols,4018,484,876,258,75
232,970,1312,Sham19Y0017817,15,5,311,156,49
232,993,1348,ShamIbadiyya0000771,93,280,594,217,77
232,993,1395,Shia000234Vols,6778,655,1051,257,77
232,959,1312,Shamela0012415,316,1091,1418,163,48
232,959,1312,Sham19Y0146127,1622,740,1067,162,48
232,959,1312,ShamAY0034263,212,522,858,173,53
232,959,1312,JK000303,58,228,549,160,48
232,962,1395,Shamela0022579,119,700,1194,225,48
232,993,1312,Sham19Y0020589,225,197,487,146,51
232,993,1229,Shia000042,449,1292,1522,148,73
232,993,1348,ShamIbadiyya0000773,940,862,1163,210,73
233,985,1157,Shamela0000894,5271,1,159,123,91
233,885,1368,Sham19Y0016684,1787,38,538,225,46
233,934,1398,Shamela0010639,237,299,491,150,41
233,885,1157,Sham19Y0018103,3302,998,1251,174,78
233,865,1285,Shamela0037837,717,8,435,206,50
233,616,1051,ShamAY0033938,1145,973,1419,176,44
233,657,1368,Sham19Y0014462,172,766,1313,273,43
233,590,921,Shia002034Vols,1962,4,320,140,44
233,972,1157,Shamela0005756,12895,6,177,133,91
233,928,1338,Sham19Y0013605,3936,1,476,197,46
233,630,1398,JK007065,1135,91,718,238,32
233,894,1157,Shamela0026842,94,1107,1385,177,74
233,810,1352,ShamAY0034005,818,565,1076,198,34
233,937,1157,JK009324,3316,1002,1190,140,81
233,813,1157,Shamela0007891,1912,1121,1469,203,67
233,699,1338,Shia002158,63,749,1377,252,39
233,918,1157,Sham19Y0127656,670,532,784,155,72
233,885,1338,JK000110,1448,552,1073,219,49
233,937,1157,Sham19Y0014309,2369,346,570,158,85
233,937,1398,Shamela0025800,1978,50,548,181,33
233,781,1157,Shamela0001719,4292,670,1340,170,28
233,763,1338,Shamela0002863,1729,1,664,232,35
233,860,1134,Shamela0008203,122,1069,1278,138,65
233,478,1163,Sham19Y0018144,2207,492,1399,266,30
233,709,1157,Sham19Y0148271,1771,542,953,211,54
233,937,1398,Shamela0004473,8314,891,1071,132,36
233,1048,1398,JK009408,1463,675,1058,209,64
233,182,664,Shamela0001733,1942,975,1375,241,61
233,338,1398,Shamela0001733,1943,1,1354,601,51
233,1157,1398,Shamela0001733,1944,1,222,174,91
233,885,1172,Shamela0021715,8389,565,848,186,75
233,865,1134,Shamela0009810,1220,1164,1377,150,70
233,630,1338,Shamela0023100,525,660,1318,314,49
233,934,1088,Sham19Y0023625,1862,634,788,120,100
233,865,1134,Shia002119Vols,3561,395,622,151,69
233,686,1163,JK000679,120,748,1202,237,53
233,599,1080,Shamela0030741,154,498,940,134,26
233,787,1153,Shamela0012750,611,530,854,183,56
233,885,1157,Sham19Y0018106,3405,199,452,174,78
233,934,1121,Shamela0000140,1301,887,1174,107,42
233,868,1134,JK000786,2405,174,378,141,68
233,885,1157,Sham19Y0018176,1997,633,886,174,78
233,985,1338,Sham19Y0127677,15017,1,438,188,52
233,478,1194,ShamAY0032665,2207,401,1331,277,31
233,934,1374,Shia003732Vols,2998,169,559,224,59
233,881,1368,JK001186,22,772,1273,241,57
233,623,1338,JK007049,183,641,1300,221,29
233,937,1338,Shamela0012014,90,218,571,193,55
233,934,1398,Shamela0012014,194,914,1106,149,41
233,699,1338,Sham19Y0016584,3689,842,1420,256,41
233,1157,1398,Shamela0000736,5715,103,324,157,80
233,934,1342,JK006897,432,729,1093,158,40
233,937,1352,JK006897,472,123,458,155,39
233,937,1175,Shamela0036446,646,1237,1454,143,71
233,934,1338,Shamela0096283,384,821,1189,196,50
234,192,657,Shamela0009242,3722,798,1043,133,33
234,481,864,Shia002265Vols,4990,328,722,166,41
234,294,816,Shia001782Vols,1487,516,986,203,44
234,56,299,Shamela0036357,1810,10,241,172,87
234,56,299,JK001293BK1,1389,94,311,157,81
234,350,819,Shia002034Vols,1121,568,1185,281,56
234,150,816,Sham19Y0001729,1787,718,1174,186,31
234,779,1390,JK000475,1395,36,663,305,58
234,663,918,Shamela0030623Vols,207,1094,1357,140,58
234,448,1058,Shamela0030623Vols,208,29,628,205,32
234,294,462,Shamela0021765,1212,23,348,109,41
234,888,1236,Shamela0003722,921,866,1222,205,67
234,129,819,Shamela0012863,9,77,726,299,42
234,150,816,Shia002231Vols,345,762,1143,184,33
234,90,823,Shamela0013132,115,1039,1430,233,38
234,56,525,Shamela0013132,117,364,866,182,34
234,909,1301,JK009408,1148,1051,1448,219,61
234,90,816,JK006801,550,947,1374,176,26
234,60,299,Shamela0012579,2334,227,465,177,90
234,663,1316,Shamela0001733,1749,778,1415,332,57
234,60,816,Shamela0001733,2322,185,838,325,49
234,944,1396,Shia002069Vols,100,1,419,325,91
234,522,888,Shamela0001438,3886,817,1228,152,40
234,744,1163,JK009154,389,42,386,198,56
234,499,657,Sham19Y0023625,1836,29,167,104,83
234,797,1301,JK000022,1784,15,638,276,51
234,503,864,JK000022,3675,1,309,154,48
234,441,783,JK009390,2341,935,1321,144,47
234,522,657,Sham19Y0127677,2258,972,1104,98,89
234,150,590,Sham19Y0127677,12539,856,1313,195,45
234,174,657,Sham19Y0131521,5179,1,361,89,16
234,90,657,Sham19Y0037618,3365,586,1246,271,43
235,1227,1345,Shamela0009242,3735,348,466,93,99
235,748,1367,JK000918,169,734,1301,353,67
235,1092,1367,Shia002265Vols,4994,724,1014,206,87
235,1030,1432,Shamela0000772,123,15,447,272,71
235,646,1316,Shamela0000772,204,715,1384,345,53
235,625,817,Shamela0036357,1810,10,278,128,57
235,850,1410,Shia001937,4,480,1053,363,71
235,844,1390,Shamela0021670,11,802,1362,356,72
235,625,817,JK001293BK1,1389,94,348,121,55
235,850,1410,JK001266,38,495,1000,302,60
235,1057,1410,JK000021,1342,6,371,256,85
235,22,259,Sham19Y0001729,1789,1234,1455,160,78
235,879,1367,Sham19Y0001729,1790,741,1146,294,74
235,1084,1390,Zaydiyya0000133,63,13,337,218,82
235,970,1367,Sham19Y0038171,1377,386,959,307,67
235,850,1294,ShamAY0033945,640,959,1455,300,73
235,970,1367,ShamAY0035035,3560,213,606,282,80
235,1030,1367,ShamAY0035035,5515,628,997,256,84
235,879,1223,JK000475,2130,1153,1449,202,67
235,1223,1367,JK000475,2131,1,145,113,97
235,730,1367,JK001236,210,163,734,322,51
235,967,1367,JK009242,353,240,616,255,77
235,771,1367,Sham19Y0132416,126,719,1002,144,26
235,942,1367,ShamAY0036031,159,245,669,305,84
235,48,259,Shamela0003722,3208,5,206,146,88
235,942,1367,Shamela0008473,1745,650,1112,303,76
235,711,1367,Shia002231Vols,348,23,570,346,63
235,1011,1345,Shamela0008658,3077,1,384,236,73
235,844,1345,Shamela0029639,4,816,1300,331,76
235,967,1367,Tafsir09084,806,460,931,287,71
235,703,1390,Shamela0013132,121,388,1136,424,66
235,959,1367,ShamAY0038329,353,565,885,230,71
235,767,1227,Shamela0005610,24,692,953,92,21
235,629,824,Shamela0012579,2334,227,509,136,60
235,54,447,Shamela0021809,2802,499,1301,180,26
235,1,465,Shamela0001733,1750,101,570,258,60
235,7,259,Shamela0010906,2726,70,287,151,74
235,27,314,Shia002069Vols,483,239,508,172,71
235,970,1345,JK010656,23,727,1116,263,78
235,1092,1367,Shamela0001438,2092,571,861,208,88
235,1084,1345,JK001012,208,877,1378,203,50
235,31,259,JK009154,349,281,497,144,76
235,1088,1390,Shamela0021713,70,710,954,179,74
235,711,1410,Shamela0010803,322,307,1134,411,59
235,1057,1390,Sham19Y0017842,319,1,320,242,88
235,54,443,Shamela0025794,4199,450,895,187,44
235,748,1367,Shia003616Vols,1710,783,1360,342,59
235,1006,1345,Sham19Y0018567,1111,445,785,198,60
235,767,1227,Shia001887Vols,2526,224,459,92,22
235,850,1367,JK000022,2205,51,1015,341,42
235,844,1410,Shamela0008970,152,34,637,349,62
235,1092,1367,Sham19Y0127677,1107,1079,1369,207,87
235,1242,1367,Sham19Y0127677,1108,1,126,99,99
235,875,1367,ShamAY0038144,32,795,1265,343,83
235,879,1367,JK000735,70,71,511,315,76
235,950,1367,Shia003732Vols,3004,622,1057,280,74
235,1092,1345,Sham19Y0018272,574,525,847,170,61
235,909,1410,JK000013,4,1,488,332,76
235,967,1385,Shamela0012884,1805,645,1065,262,68
235,875,1367,Shamela0022882,136,740,1222,351,85
235,926,1367,Zaydiyya0000342,436,4,463,307,76
235,942,1227,ShamAY0038389,166,1217,1474,186,78
235,1227,1367,ShamAY0038389,167,1,488,109,28
236,934,1309,ShamAY0033548,13,1,312,170,52
236,24,154,Sham19Y0014601,5179,860,982,83,83
236,11,360,Sham19Y0014601,5180,203,567,148,42
236,421,618,Shia001937,14,151,330,125,81
236,8,228,Shia001937,33,712,908,134,76
236,1298,1466,Shia001975,10,455,617,111,82
236,1184,1466,Shamela0026733,21,272,499,170,75
236,24,407,Sham19Y0013252,8219,1055,1408,137,35
236,695,1167,JK000562,1,1,342,185,44
236,1290,1466,ShamAY0033945,597,1239,1430,126,80
236,972,1232,ShamAY0032956,20,953,1138,141,68
236,24,179,JK000475,2128,32,178,106,85
236,24,360,Shamela0117359,904,574,858,134,49
236,1087,1466,ShamAY0032834,13,519,910,169,51
236,27,407,Shia002231Vols,348,1,410,151,38
236,1290,1466,Shamela0013132,117,714,881,123,88
236,24,364,Shamela0013132,118,333,673,176,56
236,1,214,Shamela0001733,901,1023,1215,125,76
236,11,179,Shamela0026884,621,643,815,127,94
236,972,1434,JK009154,290,674,1257,244,48
236,42,388,Sham19Y0023625,1885,151,727,152,31
236,92,618,Shamela0010283,1181,545,1056,164,25
236,197,666,JK000022,2908,238,625,184,40
236,1265,1466,Shamela0008970,151,1112,1334,105,54
236,24,400,Shamela0008970,151,946,1356,174,47
236,1290,1466,Sham19Y0127677,12385,331,903,108,22
236,24,364,Sham19Y0131521,5267,244,647,153,46
236,24,400,JK000735,67,361,772,159,46
236,421,610,JK000013,13,442,608,114,77
236,8,209,JK000013,31,303,475,121,76
236,483,618,Shamela0012884,4192,1251,1385,103,96
236,1272,1466,Zaydiyya0000342,433,262,477,136,77
236,906,1337,JK000914,34,197,505,183,51
236,8,214,Shamela0000736,3947,802,974,116,69
236,1193,1461,Shamela0026742,4,1137,1428,134,52
236,1272,1466,Shamela0011404,296,96,279,103,64
236,695,1218,Shia001959,3,985,1383,245,54
237,723,961,Shamela0013041,320,1081,1298,159,80
237,863,1197,Shamela0010480,381,1,409,154,39
237,743,967,Shia001976Vols,183,1113,1299,133,71
237,781,1406,Shamela0010639,198,13,593,254,44
237,873,1375,Shia002261Vols,317,81,565,98,14
237,873,1406,Shia000841Vols,3117,1,478,145,22
237,885,1406,Shamela0021550,152,810,1297,160,30
237,873,1396,Shamela0001975,699,976,1290,145,30
237,885,1406,JK000001,642,490,1009,159,29
237,693,1161,ShamAY0033945,2406,516,944,222,49
237,784,1406,ShamIbadiyya0000433,720,1119,1407,174,33
237,664,1153,Shamela0026339,5,208,698,167,35
237,401,557,Shamela0000956,649,204,352,115,94
237,576,1396,Shamela0007891,754,1,747,274,33
237,576,827,Shamela0026390,37,1227,1497,188,89
237,848,1406,Sham19Y0149697,2336,942,1371,92,13
237,844,1396,Sham19Y0132416,111,889,1245,142,24
237,743,1153,ShamAY0033973,27,43,433,150,31
237,848,1380,Shamela0011385,4278,541,918,122,24
237,781,1406,Sham19Y0014309,1105,112,575,204,33
237,784,1406,Shamela0025800,936,659,968,170,32
237,713,961,ShamAY0034123,651,26,244,159,79
237,723,947,JK000917,74,528,750,151,79
237,719,1153,Sham19Y0017535,13,1046,1396,161,45
237,175,410,JK007082,695,1143,1394,139,63
237,589,961,Sham19Y0148271,864,808,1117,170,49
237,773,1406,Shamela0013132,163,90,1145,361,40
237,723,1157,Shamela0004473,13102,310,724,157,38
237,723,1157,Shamela0026664,56,577,991,165,39
237,781,1366,ShamAY0034134,1182,1171,1447,171,36
237,827,1406,Shamela0028168,309,1085,1314,171,36
237,848,1406,ShamAY0034227,3596,472,898,141,22
237,896,1366,Sham19Y0023625,1559,143,334,114,29
237,854,1406,Shamela0021713,534,142,584,157,26
237,723,1157,Shamela0025794,309,577,884,177,52
237,723,1153,Shamela0000782,1181,598,1082,190,38
237,583,961,Shamela0008970,155,665,1061,167,40
237,815,1396,JK009390,1678,496,870,185,35
237,739,1153,ShamAY0032855,63,77,449,178,45
237,589,985,Zaydiyya0000342,456,563,926,185,53
237,781,1396,Shamela0012027,289,26,531,226,39
237,723,1366,Shamela0012027,385,1029,1472,213,38
237,784,1406,Shamela0036446,1331,936,1206,171,33
238,763,1130,Shia002265Vols,2113,585,973,165,43
238,449,1077,Shia001782Vols,3569,395,830,226,43
238,744,898,Shamela0021550,152,1201,1484,84,36
238,842,1338,Sham19Y0038171,827,22,417,201,47
238,744,1338,ShamAY0035035,3299,597,1154,212,33
238,1,782,Shamela0026390,37,108,630,197,32
238,697,1130,Sham19Y0014592,2807,1065,1432,219,61
238,47,501,Shamela0013132,163,922,1425,192,39
238,717,1052,Shamela0021809,720,1047,1268,138,51
238,440,941,Shamela0001733,979,336,811,253,52
238,1,274,Sham19Y0023625,1560,248,593,123,43
238,697,1077,Shia001887Vols,3860,591,863,160,48
238,440,763,Shia002094,19,1,348,176,61
238,308,605,ShamAY0033583,4,698,995,209,80
238,1,274,Sham19Y0037618,1834,824,1021,98,44
238,449,1071,Shia003732Vols,3591,787,1265,265,50
239,1,1161,Shamela0026390,38,222,1153,599,58
239,144,738,Shamela0010906,6126,930,1224,202,42
239,181,741,ShamAY0032826,214,280,579,206,46
239,38,439,Shamela0026568,1155,322,686,123,28
240,1136,1462,Shamela0009076,694,286,627,212,73
240,912,1107,Shamela0000894,592,381,576,138,89
240,921,1096,Shamela0000894,2333,1343,1499,117,85
240,885,1103,ShamAY0034128,231,296,480,132,76
240,570,792,Shia002034Vols,1903,905,1403,150,37
240,718,1103,Sham19Y0013252,3740,168,360,81,22
240,640,792,Sham19Y0013252,12275,255,387,100,83
240,1164,1307,Shamela0012991,248,585,717,91,79
240,718,1107,Shamela0009780,1269,854,1344,124,23
240,570,1066,Shamela0026474,21,502,865,171,36
240,576,921,Shia003488Vols,603,1126,1373,149,53
240,636,1269,Shamela0013132,120,538,1254,320,50
240,1136,1462,Sham19Y0039268,465,781,1114,229,82
240,912,1107,Shamela0009810,686,1,178,129,84
240,856,1237,Shamela0026884,547,553,804,152,48
240,885,1107,Shia001731Vols,372,410,614,151,87
240,1142,1462,JK000728,137,884,1206,232,85
240,118,542,ShamAY0034080,373,545,917,233,66
240,570,1061,Shamela0013068,245,739,1268,198,39
240,823,1107,Sham19Y0127677,9277,1214,1457,143,64
240,885,1220,Sham19Y0127677,9278,179,452,182,70
240,206,542,Shia001187Vols,2082,890,1195,163,54
240,206,542,Shamela0022579,432,159,610,200,54
240,873,1103,Sham19Y0149213,2415,177,386,139,78
241,25,365,JK000916,10382,1038,1304,144,51
241,450,864,Sham19Y0001729,4979,1215,1364,118,35
241,21,552,JK000475,2129,670,1328,193,28
241,399,864,Shamela0005816,1430,656,864,130,36
241,86,385,Shamela0003722,7375,1148,1399,132,50
241,260,976,Sham19Y0148271,210,723,1136,167,26
241,140,527,Shamela0021809,1500,7,389,163,42
241,417,1010,Shamela0026884,548,66,804,297,47
241,450,976,Shamela0025794,2171,1048,1302,158,36
241,421,637,Shamela0012750,395,638,838,140,75
241,21,406,JK000735,68,1016,1442,185,47
242,1041,1392,JK000935,34,103,468,224,69
242,1,329,Shia002265Vols,2116,221,390,126,46
242,1,329,Shamela0000894,2306,107,727,168,31
242,1,333,Shia002261Vols,312,619,775,126,46
242,1,329,Shamela0001975,692,947,1112,126,47
242,5,281,JK000475,1396,218,485,113,42
242,121,408,Shia002231Vols,348,637,929,152,62
242,1061,1392,Shamela0013132,151,446,1080,239,46
242,921,1478,Shamela0001733,2268,506,948,329,70
242,1,329,JK009390,1670,691,869,136,51
242,1,329,Sham19Y0018272,1695,979,1231,123,34
242,914,1424,Shamela0013066,207,948,1399,277,58
242,1105,1478,Shamela0013066,208,9,435,230,63
243,619,1438,Shamela0009242,2737,876,1251,209,29
243,994,1438,Shia001782Vols,1407,672,1113,320,88
243,587,1248,Sham19Y0122257,1911,587,1042,176,25
243,567,1438,Shia001976Vols,1034,366,656,191,28
243,896,1438,Shia001976Vols,1396,778,1320,393,87
243,494,1248,Shamela0026878,387,777,1131,203,33
243,567,1248,ShamAY0033910,687,181,473,194,33
243,587,1248,Sham19Y0145212,2081,156,613,176,25
243,619,1438,Sham19Y0019188,3800,354,676,210,30
243,881,1438,Shia002034Vols,1985,41,529,380,86
243,623,1248,ShamAY0034403,154,1151,1375,163,31
243,597,1334,Sham19Y0017757,127,903,1267,221,36
243,913,1438,JK000475,2169,364,847,371,89
243,594,1438,Sham19Y0011194,143,669,1204,231,27
243,534,1438,ShamAY0032843,2,952,1290,236,32
243,901,1438,Shamela0021765,1038,24,552,390,88
243,623,1248,Shamela0005922,2288,848,1271,238,47
243,567,1438,Shia001989,161,567,1011,255,33
243,114,1438,Shamela0001453,24,501,1220,256,19
243,151,981,Shamela0001733,2230,1,1411,383,31
243,67,237,Shamela0001733,2268,131,301,134,100
243,587,1414,Shamela0008176,4028,1023,1548,204,25
243,173,792,Shamela0000782,390,1040,1491,159,22
243,597,1438,Shamela0008463,3568,39,399,215,30
243,913,1438,JK000735,109,214,704,370,88
243,994,1438,Shia003732Vols,3696,37,502,323,82
243,534,1438,Shia003732Vols,3745,507,989,302,41
243,597,1438,JK000271,241,250,663,234,32
243,567,1248,JK000130,688,415,708,195,34
244,643,958,Shia001782Vols,1159,1182,1491,234,90
244,1061,1256,JK000916,15692,54,595,111,24
244,165,708,Shia002034Vols,607,625,1401,308,46
244,626,797,Sham19Y0013252,7679,1,168,115,82
244,149,501,Shamela0008540,1450,319,693,229,73
244,597,1046,JK011405,12,1,440,327,86
244,693,1046,JK005018,98,1101,1369,204,70
244,149,501,Shamela0117359,303,247,615,231,74
244,629,1038,Shamela0005922,2380,1049,1439,290,84
244,557,868,JK000533,1577,1211,1480,149,55
244,149,422,JK011633,264,206,439,162,74
244,557,1202,Shamela0023700,1528,519,1200,322,51
244,149,410,Sham19Y0020591,412,468,727,146,66
244,149,501,Sham19Y0148486,4363,858,1239,241,77
244,532,1038,Sham19Y0148486,4610,198,651,306,70
244,87,501,Shamela0003722,3908,156,557,306,91
244,532,1038,Sham19Y0013667,4273,162,682,261,57
244,162,505,ShamAY0035950,614,630,997,226,74
244,611,1030,Shia002003Vols,1170,636,1035,243,68
244,538,812,JK009408,1410,1187,1445,197,90
244,532,1067,Shamela0021809,1756,883,1477,314,58
244,557,812,Shamela0021809,1757,7,247,176,86
244,618,1046,Shamela0021809,2439,1,418,326,92
244,241,708,Shamela0001733,2352,1,466,243,55
244,1128,1426,Shamela0001733,3248,1,522,210,50
244,532,896,Shamela0001733,3953,1105,1461,274,93
244,896,1202,Shamela0001733,3954,1,309,148,46
244,1128,1252,Shamela0007853,176,562,679,90,91
244,532,1046,ShamAY0034138,622,171,681,391,92
244,532,1202,Shia002069Vols,99,497,1165,423,68
244,149,565,Sham19Y0131336,794,72,535,242,63
244,646,1038,Shamela0005355,73,839,1156,228,71
244,538,1207,JK000022,1782,102,802,421,67
244,538,820,JK000022,2059,1242,1487,193,86
244,820,1202,JK000022,2060,1,425,226,57
244,110,708,Shamela0008970,172,361,992,314,52
244,658,1046,JK009390,3185,487,804,203,60
244,149,501,Sham19Y0131521,1645,259,627,231,74
244,583,1046,Shia003732Vols,3757,1055,1495,324,84
244,557,1026,Sham19Y0146127,2476,984,1334,248,64
244,149,501,Shamela0004289,715,61,436,236,75
244,532,996,JK005004,698,1140,1541,303,80
245,304,503,Shamela0035100,943,1088,1478,123,36
245,503,1068,Shamela0035100,944,1,579,351,68
245,341,1068,Shia001782Vols,1410,771,1456,503,86
245,273,881,JK000916,8130,515,1453,398,50
245,1096,1380,ShamAY0032921,94,369,696,164,64
245,1215,1344,Sham19Y0132416,123,487,661,96,68
245,1096,1438,Sham19Y0148486,4366,426,798,163,46
245,269,848,Shia003488Vols,59,551,947,225,46
245,297,1234,Shamela0021809,1019,528,1349,446,56
245,278,1128,Shamela0001733,1393,1,845,619,88
245,1,163,Shamela0009810,754,113,253,103,81
245,1117,1344,Shamela0009810,758,19,283,148,71
245,87,433,JK000022,192,903,1195,134,42
245,429,1210,JK000022,193,1,900,452,56
245,1096,1344,Shamela0008970,172,860,1154,148,60
245,1,163,Sham19Y0127677,8184,381,521,103,81
246,170,928,ShamAY0034055,946,1,154,87,13
246,793,928,Shia002265Vols,5469,25,163,108,97
246,730,928,Shia002265Vols,5557,213,370,100,59
246,730,1117,Shia001782Vols,1412,447,746,157,42
246,175,932,Sham19Y0122401,600,1282,1420,105,17
246,137,928,Shia002702Vols,902,644,832,112,17
246,166,606,Tafsir09050,272,1249,1410,90,24
246,137,1166,Shamela0000216,127,889,1416,170,17
246,723,1162,JK001236,216,330,709,210,54
246,389,1100,ShamAY0034005,619,765,1237,193,31
246,1021,1170,Sham19Y0020944,1203,1109,1268,104,82
246,938,1162,Sham19Y0122397,85,1050,1300,134,64
246,89,1107,ShamAY0033973,156,472,843,170,20
246,470,594,Sham19Y0013550,361,857,989,96,90
246,1026,1149,Shamela0010517,506,37,178,88,81
246,180,928,Shamela0004473,8018,1455,1592,79,12
246,89,793,Shamela0001733,4072,214,993,228,32
246,793,928,Shamela0001438,3003,50,186,106,96
246,730,942,Shamela0001438,6900,511,695,120,66
246,199,932,JK000287,63,646,769,64,10
246,89,606,Shia001887Vols,1417,172,625,335,80
246,730,928,Sham19Y0127677,2501,153,370,123,71
246,730,928,Sham19Y0127677,4872,813,990,118,69
246,427,928,Sham19Y0127677,14340,185,762,278,50
246,137,942,Shamela0012884,657,623,800,103,15
247,960,1344,Sham19Y0014119,188,213,645,191,46
247,963,1161,Shamela0009242,2212,973,1152,133,83
247,541,813,Shamela0006060,1179,1162,1399,171,75
247,551,792,Shia002265Vols,1385,1108,1349,162,79
247,485,813,Shia001782Vols,1119,277,602,255,97
247,924,1209,Shamela0000427BK2,6569,346,664,179,65
247,924,1344,Shamela0000427BK2,6692,824,1280,193,47
247,449,813,Shamela0000427BK2,6701,177,516,190,55
247,482,813,Shamela0037458,1239,127,390,195,73
247,963,1209,Sham19Y0122257,903,53,312,151,66
247,485,813,Shia002616Vols,2550,566,869,236,89
247,960,1209,Shia002616Vols,5266,411,682,146,62
247,973,1199,JK000916,2838,5,289,147,64
247,1020,1344,Sham19Y0020561,1739,1,356,167,54
247,261,686,ShamAY0033603,73,1142,1469,172,48
247,960,1348,Sham19Y0017437,1787,761,1138,181,53
247,963,1348,Shamela0023685,1283,756,1039,154,45
247,865,1282,ShamAY0033938,1114,561,1008,205,48
247,345,813,JK000021,2084,454,900,299,76
247,482,813,Shamela0023623,1289,1157,1420,196,73
247,284,1011,Shia002034Vols,604,1,644,355,53
247,819,1209,Sham19Y0001729,1984,346,749,208,61
247,541,813,Sham19Y0014325,2545,538,802,184,82
247,390,1011,ShamAY0033945,2336,591,1282,371,62
247,924,1344,JK007065,1442,471,862,202,54
247,482,813,Sham19Y0013783,290,195,483,203,74
247,532,756,Sham19Y0013783,3346,1348,1493,102,54
247,485,813,JK001236,259,609,948,245,88
247,960,1348,Sham19Y0011194,172,8,358,174,47
247,963,1344,Shamela0006610,601,294,685,174,45
247,151,886,Shamela0030025,3,68,565,289,48
247,865,1124,Shamela0117359,682,1179,1422,161,73
247,960,1209,Sham19Y0020638,931,1128,1395,161,70
247,960,1325,Sham19Y0017616,320,663,1066,173,53
247,960,1209,Sham19Y0020944,620,1075,1334,172,79
247,960,1161,Shamela0005922,2878,1373,1578,145,89
247,686,813,Shamela0005922,2904,1,127,97,96
247,482,813,ShamAY0034054,1240,632,895,196,73
247,865,1344,Sham19Y0020591,1027,262,720,260,61
247,963,1344,Shamela0008360,220,945,1392,179,40
247,469,813,Shamela0023578,1174,609,877,192,69
247,205,610,Sham19Y0148486,3219,1084,1475,173,44
247,610,813,Sham19Y0148486,3220,1,197,153,94
247,890,1209,Sham19Y0148486,6061,1,332,211,73
247,160,813,Sham19Y0148486,6092,897,1446,336,62
247,482,813,Shia003429,95,585,900,242,90
247,924,1180,Shamela0002863,2291,1240,1485,176,86
247,418,813,Shamela0002863,2300,863,1421,283,61
247,944,1348,Sham19Y0017878,393,545,1005,206,50
247,865,1209,Shamela0001442,438,812,1165,217,71
247,813,1230,Sham19Y0013667,5157,666,1112,228,56
247,960,1209,Sham19Y0016976,545,909,1188,164,71
247,963,1199,Shamela0021721,1221,178,425,163,82
247,963,1344,Sham19Y0017729,430,175,505,176,53
247,897,1180,Sham19Y0018144,2122,782,1430,186,35
247,960,1344,Sham19Y0017791,492,1020,1361,193,56
247,963,1161,JK000201,2205,655,839,134,84
247,924,1209,JK000201,2213,634,966,171,63
247,482,827,ShamAY0033181,1298,1182,1506,219,75
247,482,827,ShamAY0033181,1369,1254,1578,219,75
247,813,1348,Shia002003Vols,1750,249,867,275,52
247,960,1209,Sham19Y0014313,1279,1002,1272,149,63
247,390,947,Shia002333,92,571,1102,325,68
247,345,602,Shia002333,269,75,313,145,66
247,963,1344,Shamela0010517,1297,412,749,174,51
247,404,813,JK000024,75,974,1357,292,88
247,422,813,Shamela0012579,2617,1040,1394,257,78
247,422,808,Shamela0021809,1988,566,929,278,89
247,205,1011,Shamela0001733,3512,455,1288,483,63
247,404,1011,Shamela0006025,337,141,845,311,47
247,960,1344,Sham19Y0127700,213,999,1341,169,46
247,469,675,Shamela0007370,2455,1317,1500,133,78
247,551,792,Shamela0001438,4225,657,895,166,81
247,963,1209,Sham19Y0023625,1667,178,770,145,28
247,865,1209,Tafsir07055,2380,65,450,195,58
247,485,813,ShamAY0034066,1170,686,974,198,72
247,960,1209,Shamela0005923,72,457,716,151,64
247,865,1223,Shia002119Vols,1885,940,1303,206,63
247,886,1344,Shamela0025794,4693,795,1282,232,53
247,916,1344,Shia003616Vols,1400,26,508,217,51
247,514,813,Sham19Y0018567,1188,440,754,224,86
247,304,1011,Shamela0008970,167,41,845,312,43
247,572,813,Shamela0011428,1806,1,487,148,34
247,551,792,Sham19Y0127677,2614,40,278,166,81
247,205,624,Sham19Y0127677,15031,874,1303,301,83
247,211,813,Sham19Y0127677,15032,487,1082,325,58
247,485,686,Shamela0008183,2781,53,257,158,96
247,963,1348,Shamela0026568,1110,1103,1387,151,43
247,865,1344,Sham19Y0131521,3948,423,881,260,61
247,897,1215,ShamAY0032665,2122,689,1394,213,37
247,960,1344,Sham19Y0017903,853,413,746,178,53
247,865,1344,Shamela0012415,326,758,1283,249,54
247,446,630,Shamela0012415,327,940,1113,119,77
247,541,813,JK000271,289,1,288,207,89
247,963,1206,Sham19Y0123608,1112,893,1140,164,79
247,412,761,Sham19Y0146127,1694,1143,1449,231,82
247,897,1124,Sham19Y0146127,3355,1144,1346,142,78
247,422,813,Sham19Y0146127,3372,740,1108,283,89
247,514,813,Shamela0012884,1950,9,305,227,94
247,960,1334,JK001429,68,1062,1455,192,57
247,589,813,Shamela0021821,601,1,231,174,94
247,960,1344,JK006897,319,938,1302,183,50
247,551,813,Sham19Y0014580,544,5,283,199,89
248,1327,1494,Sham19Y0018103,975,44,183,100,75
248,1296,1501,ShamAY0033938,454,921,1117,118,71
248,1209,1494,Shamela0005756,4185,851,1071,135,55
248,1196,1494,Sham19Y0013252,2152,578,792,133,53
248,1209,1494,Sham19Y0013605,1392,675,885,130,54
248,1296,1501,Sham19Y0122406,1277,1137,1333,118,71
248,1209,1494,JK000110,246,1186,1396,130,54
248,1209,1501,Sham19Y0148486,2049,139,504,151,44
248,1224,1501,Shia003461Vols,91,188,402,139,63
248,1250,1501,JK000532,294,267,538,112,40
248,1327,1494,Shamela0021715,1763,547,1173,121,24
248,1209,1494,Sham19Y0018106,880,640,894,127,46
248,1209,1494,Sham19Y0018176,467,891,1109,130,52
248,1209,1494,Shamela0000137,1888,821,1029,133,55
248,1327,1501,Sham19Y0146127,1063,116,263,109,78
248,1283,1501,Shamela0012531,502,319,511,115,68
249,179,761,Sham19Y0014119,646,750,1364,308,56
249,836,1472,Shamela0009242,1556,451,1082,450,83
249,836,1472,Shamela0009242,1559,410,1029,450,85
249,813,1472,JK000977,775,344,956,428,75
249,128,521,JK000977,776,14,505,238,60
249,888,1472,Shamela0003118,358,344,961,439,86
249,407,761,Shamela0003118,6374,1,336,259,91
249,222,761,Shamela0010895,155,261,769,281,59
249,240,761,Sham19Y0017063,1555,244,765,284,60
249,1250,1472,Shamela0000427BK2,1740,1,222,173,94
249,892,1286,Shamela0000894,2044,1164,1545,291,91
249,363,761,Sham19Y0122257,3358,1,371,202,54
249,637,1342,Sham19Y0122401,943,836,1477,389,58
249,103,485,JK000916,22224,1221,1563,249,81
249,485,776,JK000916,22225,1,279,209,88
249,1047,1472,Sham19Y0020590,127,291,770,289,71
249,922,1472,Sham19Y0150600,336,1,560,415,92
249,167,761,Sham19Y0016684,421,819,1454,330,57
249,836,1472,Sham19Y0016684,447,143,792,457,84
249,817,1472,Sham19Y0016684,448,49,675,460,84
249,828,1472,ShamAY0033910,323,1,615,450,82
249,203,1136,ShamAY0033910,325,741,1303,306,37
249,203,642,Sham19Y0020561,1468,990,1493,246,55
249,864,1472,Shamela0010639,192,550,1103,392,76
249,892,1472,Shia000841Vols,2288,310,847,380,76
249,167,761,Sham19Y0018103,917,240,874,330,57
249,836,1472,Sham19Y0018103,966,803,1452,457,84
249,817,1472,Sham19Y0018103,968,763,1389,460,84
249,324,761,Sham19Y0018103,978,1,486,252,59
249,879,1464,Sham19Y0019188,858,504,1209,422,71
249,883,1472,Sham19Y0022884,103,901,1256,252,51
249,864,1308,Sham19Y0017437,668,1110,1581,324,84
249,1308,1472,Sham19Y0017437,669,1,163,130,98
249,1342,1472,Sham19Y0017437,673,1203,1475,100,45
249,358,761,Shamela0023685,683,1,379,208,55
249,888,1472,Shamela0023685,1295,396,1010,442,88
249,864,1136,Shamela0011380,193,1114,1397,202,84
249,817,1459,Shamela0037837,253,92,1210,365,39
249,667,1472,ShamAY0033938,455,595,1420,499,69
249,879,1472,Shamela0021578,30,554,1057,387,81
249,790,1472,Shamela0012981,1552,550,1171,379,68
249,864,1250,Sham19Y0017350,532,1132,1531,274,82
249,1250,1472,Sham19Y0017350,533,1,226,177,96
249,167,761,Shamela0005756,3930,511,1147,330,57
249,1047,1472,Shamela0005756,4161,1,430,317,89
249,817,1356,Shamela0005756,4170,1043,1563,379,83
249,167,761,Sham19Y0013252,1995,543,1177,330,57
249,915,1472,Sham19Y0013252,2139,14,571,415,90
249,817,1472,Sham19Y0013252,2142,719,1345,460,84
249,158,761,Sham19Y0013252,2157,206,929,357,58
249,922,1472,Shamela0000216,120,6,490,368,81
249,1006,1472,ShamAY0031687,648,1,485,353,89
249,813,1472,JK011499,71,299,1079,423,62
249,874,1109,Sham19Y0014325,1352,1299,1551,165,78
249,1109,1472,Sham19Y0014325,1353,1,375,279,93
249,836,1182,Sham19Y0013605,1382,749,1105,236,77
249,1162,1472,Sham19Y0013605,1383,585,921,236,86
249,817,1216,Sham19Y0013605,1384,777,1161,273,79
249,1216,1472,Sham19Y0013605,1385,324,566,192,93
249,494,761,Sham19Y0013605,1396,297,571,149,59
249,240,657,ShamAY0035035,5668,1112,1538,236,61
249,864,1472,Shamela0007289,7816,295,505,110,20
249,1119,1472,JK000475,378,1,355,261,89
249,203,754,JK000475,381,584,1240,326,57
249,952,1472,Sham19Y0014224,493,1,524,393,92
249,892,1472,Shamela0006366,1186,318,918,440,89
249,864,1472,Shamela0006366,1193,131,1430,462,43
249,203,1293,JK007065,759,372,1466,600,61
249,1293,1472,JK007065,760,1,182,139,95
249,206,667,JK001236,46,958,1500,262,54
249,864,1322,JK001236,245,1036,1502,336,85
249,1322,1472,JK001236,246,1,148,118,98
249,864,1472,Sham19Y0011194,269,358,993,455,89
249,836,1472,Shamela0006610,378,669,1305,460,86
249,888,1472,Sham19Y0020638,381,660,1271,435,88
249,222,761,Shamela0008381,232,15,561,282,55
249,971,1342,ShamIbadiyya0000433,726,649,1067,202,49
249,867,1472,Shamela0023644,1030,389,1186,435,64
249,218,761,Sham19Y0013614,817,64,625,293,58
249,218,761,Shamela0009873,1886,763,1387,314,58
249,786,1472,ShamAY0034005,1005,615,1265,455,79
249,85,761,ShamAY0034005,1006,101,1133,253,27
249,657,1472,Shamela0026339,5,376,1221,490,64
249,309,1070,JK009242,225,1,724,335,48
249,296,761,JK009324,714,932,1356,241,56
249,1013,1472,JK006919,961,869,1200,241,63
249,817,1232,Shamela0007891,667,1051,1478,296,82
249,1232,1472,Shamela0007891,668,1,244,191,97
249,1154,1472,Shamela0009780,461,1189,1510,247,95
249,1179,1472,Shamela0006227,322,1,306,229,93
249,888,1472,Sham19Y0127656,142,485,1068,425,86
249,40,696,Shia001989,68,437,1172,346,53
249,806,1119,Sham19Y0122406,1280,706,1013,212,78
249,1124,1472,Sham19Y0122406,1281,916,1273,271,94
249,179,761,JK000110,224,224,1138,299,37
249,836,1472,JK000110,242,634,1283,457,84
249,817,1472,JK000110,243,106,744,460,83
249,363,1000,JK000110,248,1,676,239,33
249,1142,1342,Shamela0000551,792,1,226,150,81
249,222,719,Shamela0008360,905,985,1484,263,56
249,825,1472,Sham19Y0148486,2057,619,1440,485,73
249,222,761,Sham19Y0014309,1825,1,554,306,61
249,206,754,Shamela0025800,1592,946,1539,303,56
249,892,1472,Shamela0025800,1593,73,683,438,88
249,817,1472,Shamela0008273,15,203,862,492,91
249,154,761,Shamela0010637,276,806,1471,343,58
249,864,1472,Sham19Y0013769,812,603,1241,461,89
249,288,761,Shia001344Vols,35,722,1038,192,50
249,860,1472,Shamela0022645,501,881,1490,432,83
249,864,1080,Shamela0022645,502,397,1132,136,22
249,1232,1472,Shamela0022645,503,720,1199,175,44
249,786,1472,Sham19Y0013667,1977,899,1536,397,68
249,218,761,Sham19Y0016976,1855,766,1328,294,58
249,203,739,Shamela0012293,871,207,613,236,53
249,203,662,Shamela0012293,999,1001,1507,260,59
249,203,739,Shamela0012293,1052,830,1236,236,53
249,203,761,Shamela0012293,1126,337,839,280,55
249,218,719,Shamela0012293,1128,1136,1521,224,51
249,888,1472,Sham19Y0017729,162,103,717,429,86
249,158,1158,Sham19Y0018144,788,14,675,311,33
249,786,1472,Shia002003Vols,528,205,886,457,79
249,833,1472,Shamela0026668,384,776,1364,341,59
249,158,761,Sham19Y0148271,215,548,1245,336,54
249,1013,1472,Shamela0010517,730,6,483,338,83
249,995,1472,Shamela0000170,1049,1,622,355,69
249,892,1399,Shamela0036543,247,1104,1534,242,55
249,158,761,Sham19Y0016946,165,258,871,344,64
249,1114,1414,Sham19Y0016946,171,1,272,149,57
249,240,1136,Sham19Y0013572,706,601,1476,478,59
249,1124,1472,Sham19Y0013572,707,1,347,268,95
249,864,1130,Shamela0001665,266,1294,1587,203,85
249,1124,1472,Shamela0001665,267,7,359,264,93
249,203,761,Sham19Y0127700,150,882,1496,300,55
249,386,856,Shamela0021715,1620,21,494,215,44
249,836,1404,Shamela0021715,1738,929,1512,403,82
249,817,1435,Shamela0021715,1743,987,1576,430,83
249,158,761,Shamela0021715,1770,632,1355,357,58
249,864,1472,Shamela0012094,160,155,725,393,76
249,1031,1472,Sham19Y0131336,799,1,454,334,90
249,879,1472,JK001012,239,696,1268,440,90
249,1124,1342,Sham19Y0023625,1518,1072,1309,158,79
249,895,1472,Shamela0008176,2077,817,1310,362,77
249,206,761,Shamela0008176,7467,374,944,302,56
249,158,1158,Shamela0010803,59,303,966,343,37
249,527,922,Shia003616Vols,1239,1058,1448,108,24
249,915,1472,Shia003616Vols,1240,9,559,419,92
249,235,761,Shia003616Vols,1241,887,1428,293,59
249,864,1136,Shamela0003055,2877,1,286,205,85
249,883,1459,Shia004509,177,176,719,310,58
249,203,1158,Shamela0010283,3713,888,1481,301,35
249,1013,1472,Shamela0021744,715,473,897,322,85
249,158,761,Sham19Y0018106,811,163,810,338,57
249,836,1472,Sham19Y0018106,869,369,1018,457,84
249,817,1136,Sham19Y0018106,871,1326,1624,215,77
249,1124,1472,Sham19Y0018106,872,1,329,259,93
249,158,761,Sham19Y0018106,883,669,1421,357,55
249,786,1472,Shamela0004445,2739,300,997,473,82
249,154,761,Shamela0004445,2740,708,1451,360,56
249,1090,1342,Shamela0004445,3032,624,932,181,72
249,1216,1472,JK000299,617,1,256,200,95
249,158,761,Sham19Y0018176,432,723,1370,338,57
249,836,1472,Sham19Y0018176,461,685,1334,457,84
249,817,1472,Sham19Y0018176,463,256,882,460,84
249,167,1000,Sham19Y0018176,469,5,1055,376,39
249,761,1472,Shamela0008970,167,661,1360,484,80
249,928,1472,Shamela0010444,95,429,991,335,69
249,652,1472,Shamela0010444,96,159,1025,518,68
249,888,1472,Sham19Y0145166,822,411,935,373,76
249,895,1472,Shamela0011428,755,548,1082,368,78
249,206,761,Shamela0012031,31,304,973,317,54
249,786,1148,ShamAY0038144,17,1142,1509,247,78
249,1142,1472,ShamAY0038144,18,1,330,251,92
249,1342,1472,Shamela0008463,832,76,204,103,98
249,892,1464,Shamela0008463,939,359,912,420,89
249,341,761,Shamela0026568,593,1,392,216,55
249,888,1472,Shamela0026568,1122,824,1438,442,88
249,892,1472,JK007083,93,785,1324,389,80
249,864,1472,JK006950,2001,970,1180,110,20
249,158,1158,ShamAY0032665,788,25,686,311,33
249,592,1472,Sham19Y0017903,321,300,1054,486,67
249,892,1409,Shia003732Vols,3533,503,1505,361,44
249,892,1472,Shia003732Vols,4165,169,871,366,64
249,1154,1353,Shamela0022644,1184,775,1143,152,52
249,844,1472,Shia001273Vols,29,1,601,393,73
249,864,1342,Shamela0023695,621,1013,1497,348,85
249,78,761,Shamela0000137,1696,749,1432,344,52
249,222,1119,Shamela0001875,499,5,985,347,34
249,657,1472,Shamela0001875,534,210,1010,483,66
249,648,1472,Sham19Y0146127,1067,742,1435,445,59
249,203,761,Sham19Y0014328,544,50,586,273,55
249,806,1472,Shamela0004289,685,49,706,460,81
249,864,1472,JK007107,273,648,1225,447,91
249,888,1472,Shamela0021590,512,353,1163,376,52
249,296,761,Sham19Y0016584,930,331,822,245,54
249,836,1459,Sham19Y0016584,987,396,1161,372,53
249,1124,1472,Sham19Y0016584,988,103,733,208,40
249,662,1472,Sham19Y0016584,989,605,1379,493,72
249,158,719,Sham19Y0016584,1000,404,1076,325,56
249,981,1472,Shamela0121376,940,623,1134,362,84
249,739,1472,JK000130,324,79,762,478,77
249,203,1136,JK000130,326,870,1432,306,37
249,933,1472,JK001036,47,741,1247,242,45
249,1047,1342,Sham19Y0132524,766,1200,1497,213,89
249,309,952,Shamela0096283,98,1,583,287,49
249,1325,1472,Shamela0096283,103,352,496,116,97
249,864,1472,Shamela0006919,15,380,590,110,20
250,1132,1313,ShamAY0033910,324,1308,1463,104,75
250,432,730,Shamela0023790,454,1225,1482,112,40
250,1,199,Shamela0006366,1186,918,1125,159,94
250,1135,1345,Shamela0001719,2957,290,483,126,73
250,1,263,Shamela0008273,15,862,1144,167,71
250,1135,1511,JK000435,386,727,1120,193,54
250,432,772,ShamAY0034134,1136,1241,1489,179,61
250,1141,1345,Shamela0006700,433,1098,1269,124,78
250,1,199,JK007107,273,1225,1417,154,94
251,962,1355,JK000916,18780,73,398,239,74
251,995,1265,Sham19Y0014592,1180,1287,1542,182,81
251,679,977,Shamela0010637,356,1240,1489,143,54
251,659,1059,Sham19Y0018144,796,392,836,205,56
251,673,1006,Shamela0001733,17,704,1049,177,57
251,995,1355,JK000435,227,446,765,212,71
251,663,945,Sham19Y0016555,105,713,1029,158,54
251,995,1468,Shia001887Vols,593,614,919,185,47
251,673,945,Shamela0004445,3268,838,1095,142,54
251,679,844,Shamela0030327,92,1399,1534,91,62
251,659,1059,ShamAY0032665,796,402,846,205,56
252,1093,1464,ShamAY0034055,3234,1024,1382,233,73
252,1093,1464,ShamAY0034050,493,1,350,239,75
252,993,1464,Sham19Y0020882,192,1,478,296,70
252,194,456,Sham19Y0020882,196,555,828,182,76
252,865,1029,Shamela0003118,7471,72,313,115,60
252,16,456,Shamela0023775,518,344,733,229,59
252,622,951,Shamela0010480,1012,733,1159,140,38
252,888,1402,Shamela0009076,133,985,1470,238,50
252,622,1005,Shia001782Vols,3564,1030,1346,176,54
252,190,551,Shamela0000772,128,774,1094,185,56
252,905,1464,Shamela0012403,198,126,658,285,58
252,220,456,Shamela0037458,3067,903,1145,160,77
252,162,470,SHAM19Y23644,584,800,1059,163,63
252,613,757,Shamela0001673,2506,805,936,100,90
252,1,182,JK000916,8440,1094,1269,120,81
252,922,1464,Shia001976Vols,1186,177,646,285,62
252,1066,1464,Sham19Y0013241,600,155,506,233,69
252,1093,1464,Shia002702Vols,3274,144,502,233,73
252,220,456,Sham19Y0145212,4200,365,606,151,71
252,1081,1464,ShamAY0032921,128,120,431,232,73
252,914,1402,JK001263,102,1041,1507,247,53
252,1069,1464,JK000021,1547,545,894,242,73
252,220,456,Shamela0023623,3022,321,563,162,77
252,241,456,ShamAY0034403,127,894,1107,153,83
252,613,757,Shamela0005756,4195,1367,1498,100,90
252,1058,1464,Shamela0022547,375,483,836,253,78
252,482,757,Shamela0022547,376,677,907,147,69
252,241,670,Sham19Y0017757,73,774,1015,173,49
252,622,757,Sham19Y0018569,287,253,392,102,96
252,223,460,Shia001432Vols,21695,543,786,155,74
252,223,460,JK000001,605,1167,1398,145,66
252,901,1392,ShamAY0033945,2406,891,1476,277,58
252,214,422,ShamAY0035035,3177,864,1344,130,33
252,1,370,Shia003721Vols,449,496,1107,175,35
252,757,1005,ShamAY0033053,516,230,467,155,76
252,951,1464,JK001171,106,623,1054,288,65
252,241,456,Shamela0006610,379,308,474,118,67
252,1167,1464,ShamAY0033949,219,1,280,224,93
252,1081,1464,Shamela0012991,190,9,267,190,62
252,1066,1464,Shamela0007891,661,662,1018,239,71
252,194,456,ShamAY0032959,52,1183,1450,192,81
252,223,427,Shamela0005922,1345,924,1386,142,36
252,220,456,ShamAY0034054,2916,524,766,160,77
252,241,456,Sham19Y0017747,652,466,638,131,72
252,16,456,Sham19Y0014592,1180,566,943,210,54
252,220,456,Sham19Y0014592,2969,359,639,177,75
252,1069,1464,Sham19Y0148486,2068,84,494,283,82
252,793,1069,Shamela0008273,30,1,254,157,69
252,1066,1464,Shamela0002863,846,145,503,243,71
252,1047,1464,JK001184,67,7,395,279,78
252,194,674,Shamela0008473,3542,235,595,206,51
252,227,456,Shamela0012293,1602,217,451,128,55
252,1066,1464,Shamela0000041,946,673,1055,249,71
252,1093,1373,Shamela0096178,271,1223,1464,190,85
252,1081,1464,Sham19Y0018144,793,205,552,263,83
252,1066,1464,ShamAY0035950,135,35,719,245,42
252,1093,1464,Shamela0023628,1344,212,567,233,74
252,1,332,Sham19Y0018632,221,1277,1595,213,73
252,223,456,Sham19Y0018632,222,174,407,189,100
252,162,456,Shamela0008658,2402,326,606,169,66
252,207,456,Shamela0012845,82,738,986,124,51
252,220,456,Tafsir09084,1795,184,417,156,74
252,757,1119,Shamela0013132,78,1,439,210,58
252,220,456,Shamela0004473,7520,492,735,162,77
252,1047,1464,Shamela0005610,88,1072,1446,287,84
252,531,967,Shamela0021570,376,868,1137,156,47
252,1096,1464,JK009266,4077,1027,1359,223,70
252,914,1464,Sham19Y0123510,321,625,1103,266,55
252,768,1011,Shamela0001733,1958,1,242,174,87
252,757,1005,Shamela0012862,778,365,598,155,77
252,910,1430,Shamela0021495,146,990,1537,260,48
252,918,1464,Shamela0025794,1417,232,753,322,67
252,1066,1430,Shamela0025794,1689,374,669,185,64
252,1096,1464,Shamela0025794,1901,1,280,220,73
252,162,543,Shamela0008494,89,263,663,201,51
252,245,456,Shamela0012722,244,550,750,133,67
252,1,182,Shia001887Vols,594,146,307,117,79
252,1047,1464,Shia001887Vols,2590,348,722,287,84
252,832,1464,JK007025,6,831,1438,340,58
252,194,670,JK000786,2956,86,481,189,44
252,194,514,JK000786,3634,1139,1437,171,60
252,1,370,Shamela0004445,529,328,940,175,35
252,1066,1464,Shamela0008210,29,28,382,264,83
252,839,1464,ShamAY0033605,10,772,1310,269,49
252,129,514,JK000022,896,135,540,223,63
252,1156,1464,Shamela0008970,109,1,303,219,84
252,629,1005,JK009390,3224,491,708,111,32
252,223,434,Shamela0021493,261,1305,1529,159,82
252,891,1464,Shia000820Vols,455,818,1285,280,59
252,1081,1464,ShamAY0032665,793,219,566,263,83
252,241,456,Shamela0022644,1193,1244,1413,131,73
252,922,1464,Shamela0029967,79,945,1338,284,66
252,162,670,Shamela0013043,384,839,1319,216,43
252,1081,1464,Sham19Y0146127,1073,644,968,246,77
252,220,456,Shamela0012884,3816,777,1016,161,78
252,922,1464,ShamAY0034383,211,949,1376,299,69
252,670,757,Shamela0011816,644,529,635,66,82
252,241,703,Shamela0021590,514,879,1154,180,48
252,261,450,Shamela0021590,515,981,1117,103,65
252,1227,1464,Shamela0021821,136,1,228,180,92
253,175,547,ShamAY0034055,3234,1024,1471,265,70
253,175,547,ShamAY0034050,493,1,404,271,79
253,107,595,Sham19Y0020882,192,65,603,283,58
253,64,446,Shamela0009076,133,1087,1470,248,76
253,456,860,Shia002265Vols,924,129,362,151,43
253,84,547,Shamela0012403,198,266,704,316,83
253,210,547,Tafsir06049,2618,440,787,185,60
253,56,547,Shia001976Vols,1186,261,698,285,69
253,135,547,Sham19Y0013241,600,155,552,263,71
253,175,547,Shia002702Vols,3274,144,586,265,71
253,135,775,ShamAY0032921,128,91,688,315,52
253,178,446,JK001263,102,1229,1507,176,72
253,170,547,JK000021,1547,558,949,253,75
253,147,1045,Shamela0022547,375,483,1373,320,31
253,124,436,ShamAY0033945,2406,1152,1476,223,81
253,436,1045,JK000475,2263,1,244,146,30
253,135,757,JK001171,106,730,1266,314,57
253,417,874,Shamela0117359,1172,1241,1424,116,29
253,239,1300,ShamAY0033949,219,1,681,352,39
253,611,860,Shamela0012991,151,1095,1318,159,77
253,142,757,Shamela0012991,190,1,527,280,50
253,135,603,Shamela0007891,661,662,1103,282,68
253,417,1045,Sham19Y0020591,1846,55,351,159,30
253,124,860,Sham19Y0148486,2068,57,555,305,46
253,26,763,Shamela0002863,846,62,814,362,51
253,150,590,JK001184,67,54,526,267,64
253,135,547,Shamela0000041,946,673,1105,279,73
253,175,417,Shamela0096178,271,1223,1464,158,73
253,130,561,Sham19Y0018144,793,167,619,313,82
253,135,598,ShamAY0035950,135,35,819,280,41
253,175,547,Shamela0023628,1344,212,638,265,73
253,150,501,Shamela0005610,88,1111,1446,232,75
253,178,547,JK009266,4077,1027,1409,259,76
253,135,561,Sham19Y0123510,321,734,1169,280,73
253,394,547,Shamela0001341,106,1,151,121,98
253,135,474,Shamela0021495,146,1056,1537,225,54
253,95,757,Shamela0025794,1417,378,928,328,56
253,112,757,Shamela0025794,1689,359,927,267,44
253,178,757,Shamela0025794,1901,1,444,306,63
253,150,547,Shia001887Vols,2590,387,785,267,75
253,150,518,JK007025,6,1104,1469,251,77
253,135,547,Shamela0008210,29,28,448,277,77
253,135,553,ShamAY0033605,10,963,1362,282,79
253,235,770,Shamela0008970,109,8,602,305,59
253,417,1045,Sham19Y0131521,6651,832,1128,159,30
253,135,547,Shia000820Vols,455,911,1339,283,75
253,388,1045,JK000735,203,1082,1383,153,26
253,130,561,ShamAY0032665,793,181,633,313,82
253,417,860,Shia003732Vols,3538,336,489,91,23
253,188,547,Shamela0029967,79,1017,1401,260,80
253,135,757,Shamela0013043,222,185,669,246,41
253,130,757,Sham19Y0146127,1073,610,1163,323,55
253,150,547,ShamAY0034383,211,1039,1439,272,77
253,292,547,Shamela0021821,136,11,291,205,90
254,111,758,Sham19Y0014119,194,359,1030,238,36
254,562,752,Shia002265Vols,2112,1091,1299,124,64
254,503,752,Shia001782Vols,3565,335,587,157,66
254,47,317,Shamela0012403,198,279,704,140,37
254,562,752,Shia002261Vols,322,989,1195,124,65
254,121,758,Shamela0005756,4196,116,605,280,49
254,562,752,JK007006,1354,832,1148,124,44
254,830,1297,Shamela0022547,54,534,984,236,51
254,516,694,Shamela0001975,707,1166,1381,119,70
254,799,1151,Shamela0008540,1770,711,1056,224,74
254,688,1302,ShamAY0035035,3301,131,842,278,42
254,562,784,Shamela0021659,1055,680,919,130,60
254,723,1189,JK001171,107,283,749,274,68
254,799,1151,Shamela0117359,384,732,1100,245,79
254,723,1274,ShamAY0033949,220,463,1032,296,57
254,799,1085,Sham19Y0020591,529,1169,1459,194,79
254,562,963,Sham19Y0014592,1233,339,615,161,49
254,118,752,Shamela0008360,230,85,850,211,26
254,788,1151,Sham19Y0148486,1326,533,919,248,77
254,471,752,Shia002218Vols,729,1127,1402,168,65
254,323,963,Shamela0001733,2574,57,581,252,42
254,830,1235,Shamela0030774,35,1062,1444,249,75
254,876,1226,ShamAY0034134,1153,1,347,205,71
254,758,1302,Shamela0007370,2930,716,1191,286,62
254,562,752,JK001239,184,1003,1209,123,64
254,830,1157,Shamela0009107,35,928,1273,235,83
254,454,764,ShamAY0038067,688,409,631,152,59
254,486,752,JK009390,1687,561,812,146,58
254,500,752,Sham19Y0127677,6669,926,1181,161,67
254,500,752,Sham19Y0127677,6694,322,577,161,67
254,799,1132,Sham19Y0127677,14912,1139,1478,228,79
254,503,752,Sham19Y0127677,19237,925,1176,157,66
254,799,1151,Sham19Y0131521,2125,191,559,245,79
254,387,688,Sham19Y0037618,4941,1047,1255,146,61
254,118,317,Shia003732Vols,3538,300,489,137,83
254,500,963,Shia003732Vols,3539,526,897,215,49
254,562,752,Sham19Y0018272,1732,543,770,120,58
254,26,330,Shamela0013043,222,123,427,169,62
254,854,1151,Sham19Y0146127,673,920,1211,213,85
254,799,1302,Shamela0004289,836,16,505,268,57
254,799,1307,Shamela0004289,1254,204,694,286,67
254,387,752,Shamela0000736,2575,1059,1438,178,44
255,334,942,ShamAY0034055,4939,744,1202,196,40
255,911,1404,Shia002616Vols,3394,1083,1478,258,66
255,888,1345,Shamela0011468BK1,555,1144,1410,178,46
255,334,942,Shia002702Vols,5025,184,643,189,35
255,906,1345,Shamela0010639,191,130,440,186,48
255,1118,1345,Sham19Y0145212,4201,1405,1557,120,66
255,1,357,Shamela0001686,584,679,1015,142,44
255,1118,1357,Shia000841Vols,2284,574,763,141,74
255,26,665,Shia002034Vols,1466,206,821,252,41
255,933,1345,Sham19Y0014325,1359,154,520,172,42
255,1118,1307,Sham19Y0016934,1132,1295,1459,127,85
255,1118,1311,Sham19Y0017104,493,807,992,125,74
255,1,108,JK000582,853,296,418,83,84
255,888,1345,Shamela0009780,467,652,921,181,46
255,1,159,Shamela0023700,2704,255,420,113,85
255,1118,1345,JK000272,231,101,281,142,78
255,1099,1231,Sham19Y0014592,136,1378,1520,88,71
255,1231,1404,Sham19Y0014592,137,1,131,100,72
255,259,449,Shamela0023578,1647,262,427,112,75
255,255,414,Shia002218Vols,491,428,572,110,88
255,759,1404,Shamela0008273,21,592,1268,332,53
255,236,950,Shamela0008273,21,29,631,217,30
255,839,992,Shamela0008273,22,1046,1216,117,84
255,449,684,Shamela0008473,2573,1128,1332,151,78
255,1118,1345,Shamela0021721,658,471,655,142,77
255,338,684,Tafsir09084,1264,1,423,168,44
255,203,746,Shamela0001733,2544,922,1438,234,50
255,184,633,Shamela0001733,2912,509,1003,249,57
255,911,1345,ShamAY0034134,1155,563,849,196,55
255,906,1345,Sham19Y0023625,1511,869,1179,186,48
255,1127,1404,Sham19Y0023625,1512,1,152,112,52
255,1118,1345,Shamela0008176,2090,975,1127,120,66
255,798,1016,JK000786,2910,1259,1451,109,62
255,190,449,Shamela0096228,625,160,427,171,78
255,236,449,Shamela0000782,1181,237,441,145,83
255,1,163,Sham19Y0127677,14585,1292,1469,113,82
255,295,1404,Shamela0013043,217,1,928,507,52
255,259,967,Sham19Y0146127,1074,387,866,188,26
255,312,798,Shamela0012884,2776,772,1375,174,29
255,892,1404,ShamAY0033729,135,293,715,268,62
256,295,583,Shamela0010480,1479,350,988,184,36
256,944,1365,Shamela0009754,12,62,562,218,52
256,21,267,Shia002616Vols,3395,1,235,172,86
256,375,587,Shamela0095590,2332,118,387,157,72
256,725,1336,Shamela0012981,2183,207,771,276,52
256,950,1388,JK000021,1035,971,1442,229,54
256,375,587,Shamela0000209,23,1132,1422,125,46
256,375,583,Sham19Y0020891,293,279,510,140,72
256,944,1420,Shamela0009953,330,740,1245,284,64
256,911,1412,ShamAY0034005,1176,650,1250,259,47
256,993,1412,Sham19Y0148486,2397,752,1192,229,57
256,306,587,Shia002218Vols,491,889,1207,182,66
256,317,593,Shamela0008273,22,505,844,188,66
256,944,1365,ShamAY0033623,12,20,518,219,52
256,289,587,Sham19Y0016636,772,138,851,196,34
256,993,1301,Sham19Y0148271,1378,988,1378,176,51
256,375,587,Shamela0011468BK2,297,750,977,113,53
256,289,497,Shamela0001733,2747,910,1454,142,32
256,993,1412,Shamela0006446,412,65,512,246,62
256,440,587,JK007114,293,1,170,75,46
256,346,587,Shia002119Vols,3744,885,1150,157,67
256,725,1412,Shamela0001456,531,208,869,284,43
256,984,1412,Shamela0008210,25,671,1148,259,62
256,289,796,Shamela0008210,26,327,984,271,47
256,944,1177,JK000022,1070,1226,1449,117,55
256,289,587,Shamela0000782,1051,115,493,192,58
256,967,1388,Shamela0005702,2,963,1453,231,53
256,289,656,Shamela0013043,214,689,1167,224,54
256,967,1420,Sham19Y0146127,1255,346,829,243,56
256,140,560,ShamAY0034052,1066,974,1287,125,30
256,734,1171,Shamela0012884,2777,973,1282,191,52
256,313,587,Shamela0004289,1258,34,723,190,34
256,283,587,Shamela0004289,1318,509,898,197,58
256,478,587,Shamela0001535,850,1194,1364,84,62
256,457,602,Shamela0021821,27,1,249,105,51
256,1,206,ShamAY0033729,135,715,1263,108,22
257,406,1391,Shamela0007798,208,240,1214,292,26
257,529,959,JK001171,108,974,1330,140,37
257,845,1269,JK009379,50,643,1076,102,24
258,576,889,JK001012,257,456,719,149,60
259,6,156,Shamela0012220,1888,151,440,97,41
259,1155,1423,Sham19Y0001729,374,556,800,157,74
259,624,1003,JK000475,379,47,382,205,62
259,1185,1423,JK000475,1575,534,726,133,73
259,1185,1423,JK000475,2200,635,837,142,76
259,627,1019,JK000475,2260,11,359,192,57
259,428,999,Shamela0012991,143,332,999,260,44
259,1223,1423,JK000482,259,1103,1286,140,90
259,1176,1423,Sham19Y0017535,35,402,642,148,74
259,1172,1423,Shia002231Vols,608,896,1112,148,76
259,533,862,Sham19Y0148271,2216,1102,1454,155,49
259,1219,1416,Shamela0013132,87,439,621,139,91
259,6,562,Shamela0001733,3850,793,1510,182,26
259,1208,1423,Shamela0025794,179,262,466,151,90
259,1128,1423,Shamela0008210,119,411,674,169,74
259,1150,1423,Shamela0009385,3,1159,1426,169,78
259,1214,1423,ShamAY0032970,15,317,495,125,75
259,1180,1423,JK000735,140,456,1138,150,27
259,627,989,JK000735,200,1115,1426,175,57
259,1219,1423,Shamela0004289,1204,590,761,132,83
259,1185,1423,JK001202,4,569,761,134,74
260,573,1034,Sham19Y0030388BK2,7,1,555,221,44
260,899,1034,Shia002034Vols,814,1122,1269,102,89
260,188,696,Sham19Y0001729,374,614,1053,235,50
260,149,696,Sham19Y0038171,837,655,1264,362,68
260,712,1034,Shamela0012406,1537,114,421,183,68
260,1,521,ShamAY0033945,599,29,639,323,62
260,149,696,ShamAY0035035,3311,614,1219,361,68
260,149,696,JK000475,1575,537,1005,248,49
260,1,521,JK000475,2200,536,940,278,65
260,196,696,JK001171,110,793,1252,242,54
260,560,1037,Shamela0026548,38,276,831,213,42
260,196,511,ShamAY0033949,225,1075,1353,198,80
260,806,1387,Zaydiyya0000067,75,633,1238,269,44
260,17,1034,Shamela0021765,2178,38,774,403,47
260,168,521,JK000482,259,1091,1389,215,75
260,188,494,Sham19Y0017535,35,457,730,201,80
260,188,696,Shia002231Vols,608,922,1422,254,53
260,149,521,Shamela0013132,87,412,724,216,70
260,573,1034,Sham19Y0030388BK1,7,1,555,221,44
260,595,1132,Shamela0009082,229,516,897,72,12
260,1,521,Shamela0026884,386,689,1297,325,65
260,910,1034,Shamela0001438,479,887,1011,97,100
260,677,1067,Shamela0009107,351,56,468,195,50
260,188,696,Shamela0025794,179,272,659,255,62
260,758,1052,JK000786,2928,763,1055,204,84
260,90,696,Shamela0008210,119,358,975,371,69
260,145,423,Shamela0009385,3,1182,1449,178,80
260,806,1034,Shamela0009385,20,58,264,118,66
260,103,651,ShamAY0032970,15,244,856,283,51
260,595,1132,ShamAY0032970,15,824,1189,80,14
260,120,696,Sham19Y0127677,8886,1207,1395,115,24
260,149,762,Sham19Y0127677,17631,700,1222,255,44
260,145,615,Shamela0026324,3630,550,1182,180,32
260,1,521,JK000735,140,373,1241,290,38
260,1,521,Shamela0004289,1204,431,864,266,64
260,806,1034,Sham19Y0016877,45,1034,1244,119,66
260,149,696,JK001202,4,572,1052,246,49
261,169,516,Shamela0003118,3283,769,1098,218,75
261,58,478,Shamela0010480,276,827,1173,246,74
261,478,853,Shamela0009076,78,322,710,232,70
261,228,478,Shia002265Vols,447,820,1048,155,74
261,1071,1269,Shia002265Vols,663,761,961,149,90
261,318,853,Shia002265Vols,3136,1,139,70,15
261,1,244,JK000916,10569,1188,1412,117,60
261,244,587,JK000916,10570,1,378,164,42
261,58,717,JK000475,2203,1,678,347,57
261,525,853,JK000475,2204,11,338,220,78
261,647,1269,JK001171,110,959,1437,322,63
261,911,1288,ShamAY0033949,226,1,379,250,78
261,50,1062,Shamela0021635,257,624,1279,284,30
261,50,549,ShamAY0033598,272,865,1389,285,63
261,228,1090,Shamela0013132,139,41,458,162,20
261,113,613,Shamela0004473,16210,122,632,292,64
261,1,604,ShamAY0034041,269,124,810,323,53
261,44,478,ShamAY0034134,824,676,1014,222,62
261,143,613,Shamela0009082,230,82,238,74,19
261,228,726,Shamela0001438,2742,219,588,211,48
261,563,853,Shamela0001438,5491,913,1210,218,88
261,44,604,JK000481,36,132,609,281,58
261,137,927,JK000786,2936,77,482,247,37
261,148,599,Shamela0008210,120,9,521,264,58
261,497,853,JK000022,2595,1004,1356,238,79
261,37,613,Shamela0008970,72,815,1428,311,56
261,1049,1269,JK009390,4846,907,1115,148,81
261,166,1090,JK009390,6808,285,704,278,36
261,228,478,Sham19Y0127677,2349,938,1170,157,75
261,644,853,Sham19Y0127677,3622,1,218,166,95
261,501,853,Sham19Y0127677,13094,290,644,237,79
261,501,853,Sham19Y0127677,17587,1,359,237,78
261,58,726,JK000735,143,293,980,357,58
261,132,853,JK000735,144,56,602,290,44
262,595,1452,Shamela0010480,276,364,1124,213,23
262,1,589,JK000916,27096,629,1179,292,55
262,366,1365,Shamela0012981,181,193,744,248,28
262,88,453,Shia002034Vols,1580,1131,1421,138,50
262,493,1211,JK000475,2199,731,1468,437,64
262,589,1326,Shamela0003722,8608,751,1471,542,88
262,595,1189,Shamela0012845,17,879,1441,415,84
262,1189,1361,Shamela0012845,18,1,178,136,96
262,653,834,ShamAY0032970,14,482,926,98,28
262,493,946,JK000735,139,1005,1410,265,69
262,910,1442,JK000735,140,5,544,333,70
262,681,1361,JK000624,203,717,1215,216,33
263,343,1011,Shia002265Vols,666,133,865,211,24
263,158,640,Shamela0012981,1286,1052,1431,207,53
263,158,844,Shamela0012981,1415,663,1370,286,39
263,454,780,JK001266,46,1,289,182,65
263,1043,1386,Shia002034Vols,1524,8,315,215,77
263,454,747,Sham19Y0013252,9332,56,299,156,60
263,470,904,Sham19Y0038171,837,1,467,155,31
263,174,1025,JK000475,2205,519,1322,421,57
263,515,885,JK001236,60,853,1224,224,77
263,257,569,Shamela0010922,17,1,276,156,62
263,454,747,JK009324,3464,827,1052,142,55
263,429,885,ShamAY0033973,148,620,1064,264,64
263,768,1011,Shamela0009270,394,215,523,180,73
263,179,885,Sham19Y0018144,2881,611,1303,343,48
263,454,753,Shia001886,10,1169,1461,186,68
263,515,1255,Shamela0001733,2816,604,1351,276,32
263,753,1011,Shamela0005640,40,893,1131,189,92
263,591,739,Sham19Y0017796,20,264,389,90,72
263,429,653,ShamAY0034134,816,494,744,155,78
263,1211,1369,Sham19Y0016928,231,119,277,116,91
263,429,885,Shamela0025794,514,165,582,243,59
263,753,1243,Shamela0009385,1,606,1164,246,45
263,454,994,Shamela0009385,2,831,1418,244,39
263,174,885,JK000735,145,769,1422,330,53
263,179,885,ShamAY0032665,2881,515,1207,343,48
263,413,669,Shamela0004289,1204,1194,1440,177,85
264,226,524,Shamela0026878,338,427,751,186,74
264,665,1334,Shamela0012828,30,558,1294,271,38
264,925,1180,JK007016,451,6,213,117,53
264,853,1365,JK000021,2807,32,852,225,31
264,277,428,Shia001913Vols,487,1250,1377,90,71
264,209,510,Shamela0030375,3,1049,1324,170,71
264,34,463,JK000475,2205,155,554,184,50
264,260,510,Shamela0010485,4,861,1111,162,78
264,978,1331,ShamAY0033949,230,1,267,137,48
264,226,457,Shamela0009312,6,1210,1434,161,87
264,132,407,Shamela0011385,1188,570,943,107,29
264,312,618,Shamela0003722,8210,719,1358,165,32
264,234,510,Shamela0003722,8211,259,533,205,90
264,892,1119,Shamela0008203,232,1,204,132,73
264,127,708,Sham19Y0148271,2143,748,1314,236,44
264,234,651,JK009408,2327,945,1415,210,50
264,6,708,Shamela0021809,1518,611,1052,102,14
264,127,708,Shamela0001733,4823,134,773,273,47
264,802,1042,Shamela0001733,4831,1211,1458,149,74
264,90,510,Shamela0009810,1401,839,1316,210,51
264,364,656,Shamela0009082,2056,57,457,140,44
264,291,698,Shia001731Vols,818,1,360,189,50
264,13,618,Shamela0008494,297,653,1213,215,32
264,137,516,JK000786,2902,151,494,185,60
264,127,510,Shamela0009385,5,199,624,204,57
264,260,510,Shamela0096228,533,17,238,159,78
264,234,728,Shamela0008970,59,233,1190,233,28
264,361,510,Sham19Y0127677,6653,13,144,99,84
264,34,463,JK000735,145,407,804,184,50
265,721,925,Shia001782Vols,1815,867,1044,139,85
265,716,925,Shamela0037458,41,157,352,150,89
265,1111,1383,Shamela0012828,30,1104,1338,149,66
265,452,893,Shia002034Vols,2050,1035,1428,231,58
265,346,788,Sham19Y0001729,409,760,1218,178,39
265,1156,1383,Sham19Y0038171,833,802,1001,130,68
265,1117,1383,ShamAY0033945,600,155,396,155,72
265,1156,1383,ShamAY0035035,3307,410,608,122,60
265,109,788,JK000475,2205,209,856,279,45
265,173,788,Shamela0009307,11,267,929,229,34
265,1140,1383,Shamela0009307,12,111,305,136,71
265,706,925,ShamAY0034054,23,349,554,159,91
265,586,1064,Shamela0010637,284,567,1105,271,56
265,1121,1350,Shamela0009270,4,1481,1668,120,64
265,170,788,Shia002231Vols,608,429,1059,255,41
265,318,576,ShamAY0032770,41,1187,1479,143,59
265,350,1064,Shamela0013132,85,222,875,283,42
265,1111,1383,Shamela0001733,2321,1058,1317,195,91
265,45,243,ShamAY0034134,829,1245,1456,141,86
265,1111,1383,ShamAY0034134,833,321,604,154,62
265,580,925,ShamAY0034134,841,445,800,253,86
265,45,263,Shia002069Vols,100,1162,1386,148,78
265,626,925,Shia003616Vols,2644,1013,1300,207,83
265,721,925,Shamela0006590,435,1172,1357,146,89
265,83,266,Shamela0009385,5,872,1066,131,88
265,51,494,JK000022,1786,131,561,185,44
265,721,1111,Sham19Y0127677,14502,788,1087,181,60
265,109,788,JK000735,145,461,1108,267,41
265,721,925,Shia003732Vols,3813,10,219,156,94
265,706,925,Shamela0012884,30,150,353,158,91
265,179,788,Shamela0004289,1205,522,1079,256,47
265,1111,1383,Zaydiyya0000342,399,605,884,198,87
266,653,982,Shia002185Vols,2911,862,1210,227,82
266,1051,1422,Shia001399,40,761,1100,228,73
266,649,982,Shamela0003118,5631,1,334,249,92
266,510,982,Shamela0010480,1327,999,1422,327,87
266,345,893,Shamela0010480,1327,335,869,326,68
266,510,982,Shamela0006060,837,854,1335,361,93
266,1,339,Shia002265Vols,389,525,864,259,95
266,21,312,Shia002265Vols,390,10,291,200,82
266,653,979,Shia002265Vols,416,1156,1495,231,82
266,653,982,Shia002265Vols,430,128,470,233,82
266,486,893,Shia002265Vols,688,1089,1483,301,91
266,767,1012,Shamela0035100,557,1,245,153,77
266,486,979,Shia001782Vols,1869,301,775,360,90
266,83,339,Shia001782Vols,3566,1,272,192,90
266,1,561,Shia001782Vols,3626,525,1098,285,49
266,378,678,JK000991,6,893,1180,183,74
266,1,355,Shamela0009567,965,1,375,240,76
266,6,339,ShamAY0033632,52,732,1087,244,87
266,1,339,Shamela0000894,3903,1107,1460,256,92
266,1,262,Shamela0000894,5067,1125,1386,179,80
266,1,281,Shamela0000894,8258,415,717,211,89
266,445,982,Zaydiyya0000087,121,401,894,251,53
266,489,706,Sham19Y0122401,1381,262,476,155,86
266,339,793,JK000916,19351,986,1487,339,83
266,793,982,JK000916,19352,1,194,147,96
266,382,982,ShamAY0034447,2165,808,1395,405,82
266,834,982,JK001336,850,1,156,106,88
266,1,557,Sham19Y0023618,1528,928,1430,282,56
266,6,557,Shia001976Vols,1047,924,1422,287,57
266,759,982,Sham19Y0122096,889,1,250,158,81
266,653,982,Shamela0012320,1114,213,557,225,80
266,1076,1422,Shamela0012828,18,1,341,232,77
266,86,561,Shamela0012828,31,1,467,230,56
266,653,982,Tafsir09050,3911,432,789,220,77
266,653,982,Shia002261Vols,65,966,1315,233,80
266,653,982,Shamela0023685,127,701,1061,255,89
266,1,262,Shamela0021578,23,854,1115,194,92
266,339,982,Shia003153,10,804,1426,459,86
266,538,982,Shamela0036578,21,514,930,246,68
266,6,339,Sham19Y0001729,410,1081,1419,250,93
266,382,982,JK000761,436,900,1481,409,84
266,1,339,Zaydiyya0000133,74,622,956,240,86
266,842,982,Zaydiyya0000133,85,1,144,106,95
266,842,982,Shamela0000216,49,606,746,99,90
266,738,982,Shia001432Vols,7989,28,281,167,85
266,1257,1422,Shia001432Vols,30187,6,170,116,82
266,639,852,Shia001432Vols,31098,1403,1600,141,82
266,1,281,Shia001432Vols,31492,64,357,193,80
266,653,982,Shamela0012406,519,131,476,218,75
266,653,982,Shamela0001975,188,117,485,233,76
266,345,979,Shamela0007640,68,164,784,413,80
266,6,339,ShamAY0033945,600,391,713,248,94
266,720,982,Shamela0007289,3031,19,279,167,77
266,653,959,Shamela0007289,3311,661,972,194,72
266,1,339,Shamela0007289,7818,952,1287,244,87
266,532,979,Shamela0011334,204,110,516,238,64
266,382,982,Shamela0030623Vols,18,123,700,405,83
266,532,979,Shamela0002386,352,577,1047,253,62
266,653,982,Shamela0021659,350,746,1094,233,80
266,649,982,Shamela0011755,301,20,369,229,83
266,6,352,JK001236,236,1090,1439,253,91
266,975,1422,JK000038,70,53,497,276,70
266,538,940,Shamela0030868,188,303,646,165,43
266,486,982,Zaydiyya0000067,35,378,865,367,91
266,456,1012,Zaydiyya0000067,93,436,1162,372,61
266,653,959,Shia002642Vols,217,171,482,194,72
266,6,561,Shamela0009307,12,309,787,289,61
266,653,982,JK009242,142,584,934,226,81
266,745,982,Shamela0009780,187,900,1139,165,88
266,6,456,Shamela0021765,2215,896,1340,259,68
266,538,1000,Shamela0007597,341,441,888,238,56
266,1,339,JK000098,45,765,1108,247,87
266,532,982,Shia003656Vols,382,778,1217,256,68
266,538,982,Shamela0006864,688,683,1169,259,68
266,532,943,Sham19Y0017878,75,1040,1485,234,66
266,345,759,Shamela0026731,177,1085,1480,240,64
266,759,982,Shamela0026731,178,1,224,174,99
266,653,982,ShamAY0034443,50,817,1167,229,83
266,1,339,JK000806,7,746,1077,249,91
266,649,982,ShamAY0034434,67,609,939,218,77
266,847,982,Shamela0008473,3394,1,135,96,91
266,1008,1422,JK001462,85,302,751,298,82
266,1,557,Shamela0009270,5,35,682,318,60
266,1,390,JK007082,357,823,1171,249,77
266,538,982,Shamela0023833,257,403,840,254,69
266,706,982,Shamela0000041,2353,5,295,184,81
266,1,262,Shia002264,310,566,852,203,90
266,842,982,Tafsir07057,3756,977,1135,100,81
266,1,339,Tafsir07057,4998,269,569,204,75
266,742,982,Shamela0006617,269,1,247,179,93
266,6,561,Shia002231Vols,609,36,560,302,63
266,1,339,ShamAY0033598,279,114,451,257,96
266,514,982,JK001286,37,314,854,306,71
266,646,982,Shamela0009795,108,101,458,234,83
266,1,262,Shamela0005748,102,601,868,184,80
266,1,339,Shamela0010517,9,235,566,226,78
266,751,982,Shamela0000170,121,1,237,159,86
266,653,982,Shamela0004473,4954,552,902,223,80
266,1,339,Shamela0004473,6758,486,823,238,86
266,6,557,Shamela0021570,373,445,952,286,63
266,6,339,Shamela0000927,339,339,673,246,90
266,339,847,Shamela0012579,2229,866,1422,382,84
266,847,982,Shamela0012579,2230,1,137,105,98
266,339,982,Shamela0021809,1517,675,1304,443,82
266,664,982,ShamAY0034441,141,1,335,221,80
266,159,557,Shamela0001733,2322,1,343,185,49
266,396,1103,Shamela0001733,3036,4,705,479,81
266,1,262,JK000036,107,260,527,199,93
266,689,1012,Shamela0010906,151,1,334,205,76
266,1,339,Shamela0012094,162,863,1196,241,86
266,1,339,Sham19Y0016928,232,900,1237,248,90
266,486,982,Sham19Y0016928,233,121,654,376,88
266,486,982,Shamela0009918,1678,157,686,363,83
266,6,339,JK009220,62,781,1129,251,92
266,653,940,Zaydiyya0000025,49,1022,1332,192,78
266,339,982,Shamela0006446,423,777,1301,365,69
266,6,578,Shamela0026884,394,530,1056,308,63
266,653,982,Shamela0001438,952,165,504,229,81
266,1,339,Shamela0001438,3275,137,479,261,96
266,486,979,Shamela0001438,6752,979,1471,376,95
266,767,982,Sham19Y0011326,165,1,223,146,86
266,1,339,JK001012,74,1103,1446,243,85
266,1,339,JK001012,271,346,919,255,56
266,653,982,Shamela0021713,586,1083,1431,227,83
266,595,982,Shamela0008176,6471,1,460,291,78
266,1,557,ShamAY0034066,1187,100,601,281,56
266,767,982,Shia003616Vols,1887,1,216,146,85
266,1,378,Zaydiyya0000352,236,45,411,253,82
266,653,982,Shamela0009783BK1,772,956,1301,226,83
266,1,240,Shamela0031457,196,1258,1502,182,94
266,653,982,Shamela0004445,1209,853,1199,232,85
266,429,982,Shamela0004445,1210,1,559,423,95
266,1000,1264,ShamAY0034080,272,1136,1383,166,77
266,1264,1422,ShamAY0034080,273,1,155,107,79
266,1,262,Shamela0009385,6,1150,1412,195,92
266,532,979,Shamela0022647,24,771,1172,242,62
266,649,879,JK009390,395,1273,1502,155,79
266,167,339,JK009390,1919,1,178,133,93
266,486,982,JK009390,6807,276,771,367,90
266,738,982,Sham19Y0127677,1033,1,270,176,83
266,179,339,Sham19Y0127677,1823,1,165,123,93
266,83,312,Sham19Y0127677,2004,1,220,152,78
266,486,982,Sham19Y0127677,4759,615,1110,376,94
266,653,982,Shamela0026568,103,742,1103,255,88
266,538,982,Shamela0007435,406,15,442,305,84
266,6,262,Shamela0022642,908,1187,1448,196,95
266,1,339,JK006950,1106,52,391,245,87
266,486,982,Shia003732Vols,980,313,775,284,69
266,1004,1422,Shamela0009356,63,647,1089,308,87
266,653,982,ShamIbadiyya0000193,3788,203,559,220,77
266,653,982,JK011068,74,738,1084,228,83
266,532,982,Sham19Y0014328,44,998,1419,263,71
266,1,312,Shamela0012884,2149,353,717,219,76
266,649,908,Tafsir07076,3637,1238,1511,177,81
266,839,982,Tafsir07076,5734,1,147,110,96
266,538,982,Shamela0009770,235,1057,1454,248,69
266,653,959,Shamela0006947,14990,883,1195,192,70
266,653,982,Shamela0006947,20159,306,649,224,82
266,1030,1331,Shamela0011686,228,1121,1438,216,83
266,6,456,Zaydiyya0000342,399,879,1366,279,71
266,1,339,Shamela0009690,708,94,435,245,87
266,653,982,Shamela0009690,1905,614,945,209,74
266,37,339,Shamela0009690,2907,1,310,220,86
266,538,982,Sham19Y0145435,1422,683,1167,249,57
266,653,857,Shamela0012027,520,10,232,128,69
266,6,339,Sham19Y0017581,347,1039,1365,243,90
266,1,268,Shamela0023789,612,805,1064,188,86
266,489,979,Shamela0036446,781,326,803,357,88
266,653,959,JK000077,55,316,626,194,72
266,1,339,Sham19Y0013223,715,1084,1434,254,91
266,653,982,Sham19Y0013223,1424,89,437,234,81
266,653,959,ShamAY0034371,1,940,1251,190,70
267,853,1087,Shia001399,263,424,715,166,73
267,853,1087,Shia001399,501,10,301,167,73
267,821,1087,Shia001399,508,567,877,172,67
267,853,1087,Shamela0003118,1858,1165,1431,157,70
267,853,1087,Zaydiyya0000087,198,581,834,144,65
267,752,1087,Shia002213,153,340,668,172,53
267,728,1087,JK000916,5214,998,1417,184,47
267,456,664,JK000916,13671,364,582,115,65
267,728,1087,Shia001122Vols,1004,28,437,200,60
267,853,1087,Shia001122Vols,1017,538,803,139,57
267,793,1399,Shamela0009801,144,1,603,470,97
267,10,403,Shamela0012828,18,346,770,228,58
267,741,1115,Shia003699,108,769,1160,177,47
267,821,1087,Shia001161Vols,786,129,443,175,70
267,733,1087,Shia001161Vols,795,433,804,185,53
267,749,1087,Shia001432Vols,16742,1128,1467,170,56
267,853,1087,Shia001432Vols,31085,700,992,168,73
267,821,1087,Shia001432Vols,31145,311,614,174,66
267,853,1087,Shia001432Vols,31409,235,538,169,71
267,853,1087,Shia001432Vols,31424,103,409,167,68
267,853,1087,Shia001432Vols,32420,882,1120,158,77
267,821,1087,Shia001432Vols,32437,478,820,177,65
267,853,1087,Shia001432Vols,32639,254,491,154,76
267,853,1087,Shia001362Vols,159,445,709,153,67
267,821,1087,Shia001362Vols,220,60,400,177,65
267,853,1087,Shia001362Vols,655,385,652,156,69
267,1,403,JK001462,85,751,1157,297,88
267,840,1092,Shia004092Vols,4786,1235,1478,189,96
267,1092,1399,Shia004092Vols,4787,1,319,244,95
267,853,1087,Shia004092Vols,7019,442,706,155,69
267,853,1087,Shia004092Vols,9688,77,341,155,69
267,728,1399,Shamela0001391,224,426,1092,505,93
267,853,1087,Shia001663Vols,574,693,948,148,66
267,840,1087,Shia003636Vols,865,86,393,171,71
267,749,1033,Shia003636Vols,1896,1186,1428,144,67
267,749,1087,Shia001294Vols,256,240,581,167,55
267,853,1087,Shamela0009783BK1,2371,447,702,148,66
267,853,1087,Shamela0010283,4511,1252,1516,155,69
267,853,1033,Shamela0004445,3908,1299,1473,124,89
267,749,1087,Shia001552,201,732,1093,179,59
267,1,410,Shamela0009356,63,1089,1484,293,84
267,1,403,Shamela0011686,229,95,500,297,88
267,853,1087,Sham19Y0145435,2658,1106,1361,148,66
267,728,1087,Shia001174Vols,3879,168,569,200,61
267,853,1087,Shia001174Vols,3934,775,1040,139,57
267,821,1087,Shia000042,349,129,445,179,71
267,821,1087,Shia000042,356,1150,1464,179,71
267,853,1087,Shia003704,550,165,471,169,70
268,1155,1450,Shamela0010480,248,140,398,185,78
268,840,1084,Shia002265Vols,1847,444,676,154,74
268,920,1450,Shia002265Vols,1859,6,683,311,50
268,786,1072,Zaydiyya0000015,240,48,555,168,38
268,457,848,JK006838,1394,1186,1480,166,48
268,848,1131,JK006838,1395,1,260,187,81
268,37,434,Shia004029,114,1005,1359,260,83
268,1289,1450,Shamela0012220,955,238,392,111,81
268,718,1068,Shamela0000216,143,307,661,230,74
268,1194,1445,Sham19Y0038171,820,1149,1424,162,71
268,718,1160,Sham19Y0038171,821,380,816,277,69
268,37,445,Shia001432Vols,27461,740,1148,305,91
268,562,1160,ShamAY0033945,606,767,1362,391,74
268,1222,1450,ShamAY0033945,630,1175,1371,123,65
268,718,1160,ShamAY0035035,3293,600,1033,266,68
268,18,434,Shamela0007289,247,621,1042,275,76
268,942,1068,Sham19Y0132974,103,418,547,103,96
268,37,445,Shia001401,48,641,1065,303,87
268,37,445,Shia001269,560,388,811,299,87
268,721,1160,JK001236,264,805,1260,282,70
268,721,1098,Zaydiyya0000067,219,1101,1476,219,65
268,745,1150,Shamela0009873,386,766,1210,256,67
268,18,375,ShamAY0032959,62,1070,1443,234,72
268,1171,1450,Shamela0021635,280,902,1203,145,53
268,630,1146,Shamela0021635,281,1,492,307,67
268,37,434,Sham19Y0020594,76,58,451,309,98
268,1,438,Shamela0010637,388,83,523,323,90
268,18,434,ShamAY0034352,29,476,896,278,77
268,1177,1450,JK000482,264,480,768,201,84
268,1171,1450,JK000482,283,286,554,181,72
268,1155,1450,Sham19Y0148271,1712,282,555,186,79
268,1286,1450,Shamela0004473,17079,659,841,129,89
268,1171,1450,ShamAY0034134,851,910,1225,205,78
268,18,362,Shamela0012936,16,1121,1471,229,75
268,721,1146,Sham19Y0016928,236,789,1269,289,72
268,730,1102,Shamela0028168,505,652,942,191,61
268,18,434,Shamela0022649,167,48,466,272,75
268,662,1160,Shamela0026884,385,17,516,328,74
268,840,1084,Shamela0001438,2660,1129,1368,161,74
268,760,1160,Shamela0001438,4493,1043,1433,264,75
268,1286,1450,Shamela0001438,5421,403,554,120,92
268,730,1160,JK001012,287,1083,1406,204,58
268,1171,1450,Shamela0025794,291,509,803,191,73
268,491,1076,Shia003616Vols,2637,948,1439,318,64
268,718,1131,Shamela0006590,713,472,766,214,65
268,18,434,ShamAY0032765,18,260,694,279,74
268,37,434,Shamela0004445,3051,25,463,265,73
268,749,1450,Shamela0009385,13,27,866,313,40
268,890,1068,Sham19Y0008889,465,861,1046,136,86
268,457,1055,Shamela0008970,92,993,1506,327,63
268,745,1093,JK009390,1609,903,1197,195,67
268,718,1160,JK009390,3858,173,571,260,67
268,1286,1450,JK009390,4944,427,572,105,74
268,840,1080,Sham19Y0127677,1634,799,1036,162,78
268,727,1160,Sham19Y0127677,2887,618,1088,277,66
268,1286,1450,Sham19Y0127677,3670,495,642,117,89
268,65,434,Shamela0012031,346,357,800,267,74
268,727,1068,Sham19Y0017817,543,11,367,255,86
268,718,1036,Shia003732Vols,4464,1257,1490,157,57
268,1171,1450,Sham19Y0016877,43,757,1139,216,71
268,558,1017,Sham19Y0016877,44,1084,1524,295,72
268,1017,1160,Sham19Y0016877,45,1,144,103,88
268,601,1076,ShamAY0033586,81,402,825,253,60
268,649,1248,JK000693,17,259,827,341,65
268,18,434,JK000383,30,634,1054,278,77
268,745,1160,Sham19Y0013223,715,7,438,277,74
269,604,977,ShamAY0034055,9811,1209,1549,218,64
269,892,1217,ShamAY0034055,9812,1,294,200,69
269,175,487,ShamAY0034055,10369,349,754,208,62
269,768,946,Sham19Y0020878,2388,365,549,136,89
269,558,1427,Shia001782Vols,3590,501,1244,511,73
269,268,636,Shamela0026878,318,56,376,191,59
269,604,1217,Shia002702Vols,10105,328,953,417,75
269,175,487,Shia002702Vols,10686,901,1300,208,63
269,583,1217,Tafsir09050,3921,208,828,411,72
269,219,487,Tafsir09050,4265,274,609,202,74
269,1080,1193,ShamIbadiyya0000185,1986,137,329,90,58
269,268,487,JK001297,125,876,1095,176,99
269,478,892,Shia002034Vols,814,679,1398,308,54
269,892,1427,Shia002034Vols,815,1,576,307,57
269,112,527,Shamela0005744,1,711,1185,242,56
269,487,1217,Sham19Y0038171,548,133,700,329,51
269,587,768,Shamela0012406,1537,228,421,102,70
269,132,604,ShamAY0033945,1517,465,1179,265,46
269,162,636,JK000475,1574,435,1032,232,40
269,1000,1427,JK000055,253,1099,1432,166,42
269,1006,1427,JK001236,276,1,404,199,44
269,599,768,Zaydiyya0000067,75,640,805,109,79
269,132,644,Shamela0021765,2157,19,779,232,34
269,665,768,Shamela0021765,2178,671,774,80,100
269,219,599,Shamela0009394,2,21,419,188,53
269,165,487,Shamela0023578,3061,1,441,207,54
269,263,527,Shamela0001719,4573,146,437,196,83
269,108,487,Shamela0009270,34,561,1063,243,57
269,136,648,Shia004092Vols,9067,125,970,236,30
269,184,487,Tafsir07057,4908,697,1042,193,66
269,1080,1217,Shamela0010010,630,395,525,104,94
269,112,487,Shamela0012579,604,733,1163,214,57
269,162,481,ShamAY0033974,89,1125,1509,223,70
269,580,1043,Sham19Y0016928,233,1040,1489,337,88
269,263,487,Shamela0009810,1383,126,351,181,99
269,644,1217,Shamela0001438,479,887,1453,431,92
269,175,648,Shamela0001438,7484,456,974,216,42
269,1000,1221,JK001012,421,1315,1536,173,97
269,112,644,Shia001731Vols,805,419,1075,296,49
269,1080,1217,Sham19Y0023625,2734,80,217,110,100
269,644,768,Shamela0009107,351,317,443,87,89
269,144,644,Shamela0025794,1680,767,1249,247,52
269,985,1217,Zaydiyya0000072,86,1107,1468,162,55
269,108,487,Shamela0012750,474,100,528,226,61
269,677,859,Shamela0008634,724,899,1086,137,92
269,136,636,JK000786,2932,541,1119,292,58
269,478,1200,Shamela0009385,20,4,700,532,91
269,487,709,Shamela0013068,89,1250,1461,152,83
269,709,1435,Shamela0013068,90,1,776,454,65
269,768,1000,Shamela0008970,173,1045,1289,180,91
269,673,1390,JK009390,2970,1,634,427,71
269,136,487,JK009390,5286,819,1501,204,35
269,604,1217,Shamela0010664,285,96,690,390,74
269,599,768,Sham19Y0127677,3660,751,918,108,80
269,184,487,Sham19Y0127677,5426,1026,1426,197,57
269,768,1000,JK007054,729,721,942,153,75
269,1000,1193,Shamela0038740,842,343,567,145,80
269,1000,1221,Shamela0022642,910,227,476,161,77
269,1043,1217,Shia003732Vols,3699,8,232,130,72
269,175,631,Shamela0025791,831,993,1553,230,47
269,636,1217,ShamIbadiyya0000193,3797,754,1355,390,72
269,604,1217,Shamela0012884,4590,66,601,320,59
269,89,419,Sham19Y0016877,42,1203,1510,239,89
269,487,1052,Sham19Y0016877,45,958,1524,388,76
269,1052,1217,Sham19Y0016877,46,1,190,122,79
269,1241,1476,Sham19Y0016877,52,476,717,185,97
269,985,1217,Zaydiyya0000375,26,439,800,165,55
269,162,636,JK001202,3,424,1027,234,42
269,258,487,Shamela0036446,1338,803,1032,181,97
269,210,487,Shamela0005899,143,833,1245,216,65
270,1102,1368,Shia002265Vols,671,1153,1381,168,78
270,1,372,Shia001115Vols,81,355,736,174,52
270,15,496,Shia001782Vols,2251,662,1275,295,58
270,598,973,Shia001782Vols,3618,1130,1501,284,92
270,15,381,Shia001782Vols,3712,942,1450,237,56
270,1,496,Shamela0001404,285,475,1055,363,76
270,1105,1430,Shia002213,133,256,510,184,69
270,1,372,Shia001122Vols,3476,305,712,185,50
270,15,569,Shia001976Vols,1274,416,1076,294,52
270,1008,1437,Zaydiyya0000229,192,658,1084,290,81
270,496,1008,Shia002034Vols,856,262,738,337,81
270,1195,1437,Zaydiyya0000133,77,1,230,163,80
270,6,372,Shia001432Vols,28729,422,798,171,52
270,1,372,Shia001432Vols,31506,413,807,185,51
270,549,1068,Shamela0096165,610,383,543,88,22
270,538,1022,Shamela0005816,1007,1048,1191,91,25
270,6,400,Shia001237Vols,1247,224,622,175,50
270,1105,1430,Shia004092Vols,9064,41,313,203,76
270,1068,1214,Shia004092Vols,9065,4,153,100,78
270,1102,1437,Shia004092Vols,9071,691,997,220,78
270,496,806,Shia004092Vols,12195,1203,1527,231,86
270,806,1008,Shia004092Vols,12196,1,190,144,86
270,598,1195,Sham19Y0016928,237,966,1443,337,72
270,1,659,Sham19Y0016928,237,17,628,404,73
270,1214,1437,Sham19Y0016928,238,1,228,157,78
270,194,381,Shamela0026884,399,780,971,107,66
270,1014,1368,Shamela0026884,402,265,715,213,56
270,15,220,Shamela0021315,252,1192,1434,105,49
270,1102,1437,Shamela0001438,5440,589,883,220,80
270,1008,1437,Zaydiyya0000352,225,851,1284,294,81
270,353,1214,Shamela0013068,117,438,1333,450,49
270,1102,1437,JK009390,4849,537,821,209,76
270,1102,1368,JK009390,5938,110,327,157,73
270,1102,1437,Shamela0010664,987,381,765,238,74
270,1102,1437,Sham19Y0127677,3765,1091,1383,220,81
270,180,357,Sham19Y0127677,10186,379,620,126,68
270,180,357,ShamAY0032936,5,43,289,123,65
270,1068,1437,Shamela0007435,284,810,1205,255,75
270,1,496,Sham19Y0016877,52,717,1208,370,92
270,1019,1227,Shamela0012531,400,782,960,117,71
270,1008,1368,Zaydiyya0000342,421,602,973,226,72
270,1,496,Zaydiyya0000342,870,627,1128,329,75
270,1,408,Shia001174Vols,3806,776,1149,162,39
270,1014,1437,Shamela0029976,56,41,429,287,83
271,1173,1473,ShamAY0033066,7,868,1136,201,87
271,539,844,Shamela0013041,885,1008,1363,151,47
271,1193,1362,Shamela0013178,280,75,240,91,67
271,38,372,Shia002265Vols,672,1216,1517,219,78
271,114,838,Shia002265Vols,1969,142,633,242,35
271,1331,1473,Shia001782Vols,691,552,665,81,73
271,1204,1473,JK006838,1392,1123,1342,145,68
271,22,533,Shia000047,21,143,689,230,44
271,1335,1477,Shamela0031372,94,1209,1336,86,76
271,1,533,Shia002213,133,515,1010,367,83
271,213,533,Zaydiyya0000044,179,5,292,207,75
271,1222,1358,Shamela0026566,62,1197,1308,84,80
271,1,445,Zaydiyya0000229,192,1084,1518,314,82
271,1248,1384,Shamela0021670,35,1301,1439,90,78
271,1248,1473,JK001266,21,735,952,147,80
271,915,1134,Shia002034Vols,867,1110,1281,130,75
271,1,533,Zaydiyya0000133,77,132,756,371,69
271,1303,1468,Sham19Y0038171,551,645,791,110,86
271,22,517,Shia001432Vols,16207,261,719,204,42
271,22,517,Shia001432Vols,30798,614,1071,209,45
271,1320,1473,Zaydiyya0000102,82,879,1029,93,72
271,1362,1473,Shia004520,8,437,556,67,66
271,1267,1370,ShamAY0033945,618,229,332,79,100
271,644,1134,ShamAY0033945,635,764,1264,200,42
271,1303,1468,ShamAY0035035,1838,1102,1248,109,85
271,1230,1473,Shamela0007289,193,662,861,132,68
271,1204,1454,Shamela0007289,197,31,258,133,63
271,1209,1454,Shamela0021554,141,1250,1480,136,68
271,1233,1454,Sham19Y0018328,362,1381,1564,121,70
271,1264,1473,Shamela0023644,986,237,428,126,70
271,1209,1411,Shamela0000956,1071,688,906,112,62
271,1328,1477,Shamela0000791,231,1038,1157,79,69
271,1335,1477,ShamAY0038413,76,517,637,88,79
271,1,533,Shia004092Vols,9064,318,826,376,83
271,38,424,Shia004092Vols,9069,969,1325,264,81
271,1,522,Shia004092Vols,9071,896,1483,354,67
271,195,513,Shia004092Vols,12195,724,960,173,65
271,1313,1473,Shamela0001391,237,1,121,90,72
271,1353,1473,JK000201,4230,978,1099,85,87
271,1335,1477,Shia001663Vols,20,1239,1349,80,72
271,1353,1473,Shamela0010517,496,557,677,85,86
271,1248,1362,Shamela0013132,159,345,482,86,82
271,1167,1477,Shamela0004473,5607,828,1171,211,76
271,1230,1477,JK009408,1477,714,1115,117,35
271,1222,1473,Zaydiyya0000220,46,191,420,165,82
271,1248,1411,Zaydiyya0000220,47,759,917,114,87
271,1041,1477,Shamela0001733,1945,493,930,227,51
271,1167,1349,ShamAY0034134,1161,1384,1555,120,83
271,1349,1473,ShamAY0034134,1162,1,116,84,87
271,983,1138,ShamAY0034138,153,295,444,98,80
271,1,1070,Sham19Y0016928,238,95,1034,591,60
271,1222,1473,Shamela0022649,114,153,352,138,70
271,1204,1454,Shamela0022649,117,988,1218,138,66
271,38,428,ShamAY0032826,1144,564,954,314,97
271,38,428,ShamAY0032826,1145,916,1306,314,97
271,38,428,ShamAY0032826,1146,378,768,314,97
271,1209,1454,ShamIbadiyya0000610,141,1254,1484,136,68
271,1248,1473,ShamIbadiyya0000610,143,1,227,134,68
271,1,688,Shamela0026884,402,678,1438,385,57
271,118,424,Shamela0001438,4036,95,304,162,64
271,1,533,Shamela0001438,5440,780,1377,361,67
271,38,424,Shamela0001438,7734,920,1279,261,79
271,1167,1477,JK007099,182,350,599,176,72
271,1248,1473,Shia003616Vols,2593,326,531,131,69
271,1,186,Zaydiyya0000352,225,1182,1483,137,56
271,191,742,Zaydiyya0000352,226,7,622,284,52
271,1159,1477,Shia004509,175,991,1290,204,77
271,1281,1398,Shia004509,176,820,1032,86,53
271,1222,1473,ShamAY0033626,81,41,272,159,79
271,1328,1473,Shamela0009385,16,1,130,86,69
271,1204,1473,Shamela0013068,135,15,273,174,77
271,114,424,JK009390,2463,19,238,165,64
271,1,533,JK009390,4849,718,1326,371,68
271,1,522,JK009390,5938,290,776,356,81
271,1,579,Shamela0010664,987,765,1399,391,73
271,118,424,Sham19Y0127677,2324,922,1131,164,65
271,85,533,Sham19Y0127677,3766,1,400,291,78
271,38,424,Sham19Y0127677,5641,320,677,264,81
271,38,424,Sham19Y0127677,12926,960,1314,259,79
271,1,287,Shamela0007435,284,1205,1520,213,78
271,1328,1477,Shamela0023695,1203,1088,1225,91,75
271,915,1138,Sham19Y0016877,55,501,718,163,90
271,195,513,Shamela0012531,400,963,1199,173,65
271,1,533,Zaydiyya0000342,421,936,1493,380,78
271,1341,1468,Shamela0012027,352,639,794,82,64
271,1353,1473,Sham19Y0013223,288,592,712,85,86
271,1,790,Shamela0029976,56,429,1186,461,67
272,6,823,Zaydiyya0000379,402,372,1160,532,76
272,1,311,ShamAY0033066,7,1145,1455,221,83
272,325,894,ShamAY0033066,8,7,534,341,72
272,647,898,Shamela0003118,6622,1,260,182,86
272,1,735,Shia001782Vols,691,674,1422,532,85
272,735,894,Shia001782Vols,692,1,201,118,76
272,581,894,Shamela0012403,1001,150,546,153,43
272,575,894,JK006838,1392,619,981,142,41
272,103,891,JK006838,1393,1,756,432,60
272,183,894,Shamela0031372,95,1,646,445,75
272,575,898,JK000916,23097,172,493,232,87
272,1,891,Shamela0009801,151,338,1278,536,63
272,34,508,Shamela0007664,250,1131,1515,252,65
272,1,917,Shamela0021670,36,80,1086,603,70
272,1,495,JK001266,21,961,1416,322,79
272,613,912,JK001266,22,1,395,162,48
272,1,705,Sham19Y0038171,551,804,1491,476,80
272,842,1199,Sham19Y0038171,552,187,641,108,28
272,575,894,Shia001432Vols,7612,790,1136,109,31
272,1,543,Zaydiyya0000102,82,1044,1512,317,69
272,543,1034,Zaydiyya0000102,83,1,558,225,46
272,6,705,Shia004520,8,551,1209,377,61
272,575,806,ShamAY0033945,618,918,1114,120,60
272,295,1039,ShamAY0035035,1839,6,813,387,53
272,1,602,Shamela0007289,193,876,1399,363,71
272,613,898,Shamela0007289,194,1,412,190,57
272,575,898,Shamela0007289,195,137,509,154,44
272,1,1025,Shamela0007289,197,239,1244,661,74
272,1,898,Shamela0021554,142,25,1053,574,67
272,1,657,Sham19Y0018328,363,29,615,393,71
272,128,443,Shamela0023644,986,1308,1557,165,65
272,476,891,Shamela0023644,987,952,1468,270,64
272,6,672,ShamIbadiyya0000095,1377,852,1381,330,60
272,575,806,Zaydiyya0000067,37,889,1157,144,67
272,1,385,Shamela0000791,231,1157,1513,249,74
272,388,898,Shamela0000791,232,1,495,323,74
272,1,443,ShamAY0038413,76,637,1067,309,82
272,1,1030,Shamela0001391,237,130,1433,569,48
272,575,898,Shamela0001391,238,364,752,149,42
272,1,385,JK000201,4230,1108,1487,280,87
272,388,907,JK000201,4231,1,506,354,81
272,177,443,Shia001663Vols,21,1,233,172,80
272,1,751,Shamela0010517,496,686,1445,536,84
272,751,907,Shamela0010517,497,1,197,117,75
272,1,256,Shamela0004473,5607,1171,1439,196,89
272,256,1153,Shamela0004473,5608,1,943,535,65
272,1,287,JK009408,1477,1115,1395,207,87
272,287,1399,JK009408,1478,1,954,545,56
272,1,907,Zaydiyya0000220,46,429,1334,630,82
272,1,589,Shia003724,92,741,1440,391,68
272,589,898,Shia003724,93,10,343,206,77
272,28,891,Shamela0007663,78,98,855,456,60
272,1,453,Shamela0001733,1945,930,1428,343,86
272,453,1399,Shamela0001733,1946,1,593,413,52
272,1,894,ShamAY0034134,1162,125,956,553,74
272,575,894,Shamela0010906,607,80,413,130,37
272,575,1004,Shamela0022649,113,761,1300,192,38
272,1,898,Shamela0022649,114,367,1311,553,65
272,575,806,Shamela0022649,115,1074,1232,110,61
272,1,195,Shamela0022649,117,1199,1426,151,81
272,195,1025,Shamela0022649,118,5,773,510,73
272,1,898,ShamIbadiyya0000610,142,31,1059,574,67
272,1,898,ShamIbadiyya0000610,143,236,1264,574,67
272,1,183,JK007099,182,599,788,140,91
272,1,806,Shia003616Vols,2593,540,1242,494,75
272,1,174,Shia004509,175,1290,1496,133,81
272,177,1399,Shia004509,176,1,888,614,60
272,1,898,Shamela0006590,753,172,1022,480,58
272,1,1251,ShamAY0033626,81,281,1364,588,53
272,1,1153,Shamela0009385,16,139,1288,714,68
272,1,941,Shamela0013068,135,282,1285,667,79
272,1,898,Shia003732Vols,5696,410,1300,622,82
272,1,253,Shamela0023695,1203,1225,1483,170,74
272,274,898,Shamela0023695,1204,1,679,447,80
272,6,199,Shamela0012027,125,1311,1512,126,70
272,1,708,Sham19Y0013223,288,721,1440,505,83
272,708,907,Sham19Y0013223,289,1,241,154,81
273,9,424,ShamAY0033066,8,845,1149,204,62
273,620,1464,Shia001782Vols,2923,217,1028,636,93
273,1226,1445,Shamela0009801,50,997,1165,123,72
273,768,1460,Shamela0009801,155,296,957,509,91
273,706,1191,Shia001432Vols,7579,1001,1483,235,51
273,1191,1464,Shia001432Vols,7580,1,269,190,86
273,725,1464,Shia001432Vols,30950,149,918,448,67
273,640,1464,Shamela0009873,1986,358,1129,552,79
273,1220,1464,Shamela0008544,1335,765,1077,165,64
273,1263,1464,Shamela0001391,43,78,263,137,87
273,501,1464,Shia001334,121,1,1018,558,63
273,372,1460,Shamela0021809,828,112,1163,745,81
273,424,1018,Shamela0001733,1094,853,1422,449,94
273,1018,1464,Shamela0001733,1095,1,446,346,96
273,788,1460,Shamela0010664,255,1,668,463,79
274,1124,1259,Shia002265Vols,386,1353,1475,93,85
274,224,613,Shia002265Vols,468,1017,1395,286,90
274,617,900,Shia002265Vols,469,8,261,192,84
274,1073,1308,Shia001782Vols,3567,362,592,173,89
274,1061,1308,Shia001782Vols,3626,1048,1290,180,88
274,299,545,Shamela0009801,154,1294,1441,93,47
274,637,900,Shamela0009801,155,9,229,160,74
274,367,894,ShamAY0034230,5178,750,1226,284,64
274,520,894,JK005005,771,1,269,195,64
274,925,1079,Sham19Y0013252,13171,669,852,118,84
274,925,1153,Sham19Y0038171,648,710,941,154,78
274,1083,1299,Shamela0001975,74,144,332,134,77
274,925,1153,ShamAY0035035,2528,983,1206,153,80
274,976,1153,ShamAY0035035,2615,7,186,123,83
274,1124,1308,Shamela0021659,174,688,859,129,88
274,227,894,Shamela0023644,1523,145,942,425,59
274,1061,1303,Shamela0012991,149,374,582,114,54
274,248,528,Shia001369,51,1170,1455,169,62
274,485,894,Shia001369,52,1,599,272,54
274,1073,1308,Sham19Y0014592,2829,174,408,176,92
274,1124,1308,Shia002264,378,1168,1361,138,87
274,227,869,Shamela0001391,247,950,1515,393,72
274,81,1049,Sham19Y0018315,284,34,924,509,60
274,1061,1308,Shia004510,10,370,610,177,86
274,821,1350,Shamela0001733,2204,443,948,320,72
274,925,1308,ShamAY0034134,838,1026,1417,198,58
274,1061,1308,Sham19Y0016928,243,651,902,194,97
274,1049,1303,Shamela0001341,83,1156,1372,117,54
274,216,894,Shamela0028168,571,580,955,261,49
274,992,1303,Shamela0026884,380,29,316,144,50
274,1124,1308,Shamela0001438,348,123,299,135,92
274,224,894,Shamela0001438,6950,672,1294,480,89
274,1079,1308,JK001012,277,1,232,176,96
274,894,1153,Sham19Y0023625,1208,904,1281,155,48
274,1061,1308,Shamela0010283,1186,892,1167,187,84
274,821,1350,Shamela0008970,142,447,1050,280,57
274,1083,1308,JK009390,120,123,345,150,79
274,224,407,JK009390,6837,1230,1407,137,94
274,407,1120,JK009390,6838,1,612,394,68
274,1,894,Shamela0010664,255,663,1433,550,76
274,1124,1308,Sham19Y0127677,179,1235,1411,135,92
274,224,900,Sham19Y0127677,4930,455,1080,479,89
274,227,464,Sham19Y0127677,19440,738,1007,154,69
274,1061,1308,Sham19Y0035453,47,911,1166,191,94
274,929,1308,Zaydiyya0000342,903,1,409,277,82
274,216,627,JK009306,232,1110,1520,315,98
274,627,894,JK009306,233,1,246,192,89
274,1124,1308,Shamela0036446,1342,440,618,134,91
274,1061,1308,Sham19Y0013223,844,550,805,191,94
275,734,920,Sham19Y0020882,192,1255,1459,124,73
275,105,345,Shia002265Vols,388,558,790,176,93
275,645,920,Shia002265Vols,5031,1170,1406,153,70
275,491,813,Shia001782Vols,3555,1181,1480,233,91
275,813,1188,Shia001782Vols,3556,1,264,135,42
275,438,1024,Zaydiyya0000268,64,21,567,222,38
275,446,943,ShamAY0034447,2213,7,402,244,60
275,491,938,Zaydiyya0000262,1198,1023,1495,252,62
275,345,943,Shia002034Vols,70,853,1398,393,79
275,621,943,Shamela0000216,86,1155,1430,169,66
275,446,902,Shia001432Vols,21642,1152,1531,237,63
275,462,943,Shia001432Vols,31089,588,1134,246,51
275,999,1421,Shamela0012406,1630,1,455,250,65
275,607,916,ShamAY0033561,195,1187,1482,174,69
275,1,550,ShamAY0033949,229,57,542,309,72
275,449,943,Shamela0001719,4608,871,1398,250,49
275,545,943,Shamela0010637,102,1,381,294,93
275,595,943,Shamela0009270,315,5,412,228,67
275,446,943,Shamela0023635,95,72,488,266,66
275,607,943,ShamAY0033562BK2,106,873,1207,199,68
275,488,943,JK000999,12,376,899,235,45
275,739,943,JK009266,20,1,233,149,82
275,607,1007,Shamela0001733,844,743,1164,220,58
275,607,943,ShamAY0034134,830,820,1172,190,61
275,1,345,ShamAY0034134,838,419,776,239,80
275,999,1421,Sham19Y0016928,243,929,1383,178,38
275,342,949,ShamAY0038082,19,752,1373,363,67
275,531,943,Shamela0006446,35,1061,1413,203,56
275,573,938,ShamAY0037747,432,475,893,234,67
275,721,943,Shamela0001438,78,475,698,172,96
275,114,345,Shamela0001438,348,558,778,172,94
275,671,943,Shamela0001438,888,350,622,167,74
275,724,943,JK001012,123,741,953,153,86
275,55,345,Sham19Y0023625,1208,198,465,191,78
275,449,943,Shia002119Vols,3613,181,696,244,47
275,531,943,Shia003616Vols,921,1,395,302,92
275,734,943,Shamela0008494,199,1179,1406,143,76
275,479,1184,Shamela0006590,215,826,1465,375,65
275,531,943,JK000940,227,89,511,228,61
275,621,949,JK000786,2310,570,838,171,65
275,1,345,JK009390,215,299,605,201,72
275,501,938,JK009390,978,17,412,170,39
275,721,938,JK009390,2943,709,939,166,90
275,69,345,Sham19Y0127677,180,76,344,188,83
275,645,916,Sham19Y0127677,957,1210,1442,150,69
275,611,943,Sham19Y0127677,8658,535,770,151,57
275,607,943,ShamAY0033562BK1,106,873,1207,199,68
275,469,1007,Shamela0007435,972,412,1028,240,40
275,491,943,Sham19Y0122187,888,559,1011,297,77
275,462,943,JK000735,208,915,1426,246,50
275,587,943,Shia003732Vols,1102,923,1321,217,58
275,607,943,Shia003732Vols,4466,161,517,200,64
275,607,1180,Shia003732Vols,4468,715,1329,240,39
275,746,943,Shia003732Vols,5469,701,940,151,80
276,532,872,ShamAY0034055,6996,257,584,250,92
276,204,435,Shia001399,60,632,1164,162,39
276,527,1003,Shia002265Vols,666,298,701,278,72
276,535,867,Shia001782Vols,3567,677,977,230,87
276,596,1029,Shia001782Vols,3627,1,422,220,55
276,532,872,Shia002702Vols,7183,820,1145,249,92
276,535,820,Tafsir09050,2792,1232,1497,174,70
276,204,435,Shia001432Vols,28779,703,1235,162,39
276,1,435,Shamela0012406,1630,455,1019,302,67
276,565,872,ShamAY0035035,3326,355,649,215,88
276,532,872,JK001236,238,582,921,262,96
276,435,940,ShamAY0033949,227,734,1313,293,59
276,463,902,Shamela0012991,149,620,1071,312,83
276,204,435,Shia000210,27,735,1287,162,37
276,599,872,Sham19Y0018607,4678,1061,1327,147,59
276,527,958,Sham19Y0014592,2829,417,826,263,73
276,622,872,Shia002264,379,1,245,190,95
276,535,872,Shia004510,10,637,971,248,89
276,435,815,Shamela0001733,2389,1139,1501,276,91
276,519,872,ShamAY0034134,839,947,1295,266,93
276,532,991,Sham19Y0016928,243,304,712,277,74
276,85,435,Sham19Y0016928,244,1,382,267,88
276,625,991,Shamela0001341,84,1,336,213,73
276,459,949,Shamela0026884,380,709,1167,294,67
276,561,862,Shamela0001438,245,210,486,210,88
276,532,872,Shamela0001438,6769,626,952,254,93
276,570,872,JK001012,276,183,462,200,80
276,561,1003,Sham19Y0023625,1209,566,963,263,72
276,565,878,JK000786,2905,1,311,243,96
276,459,894,JK000022,340,545,973,315,89
276,603,991,ShamAY0034816,19,458,874,155,36
276,463,679,Shamela0008970,142,1224,1420,137,75
276,679,872,Shamela0008970,143,1,185,140,91
276,532,862,JK009390,2959,285,601,227,85
276,603,872,JK009390,6677,1,273,213,98
276,527,872,JK009390,6745,564,910,264,95
276,532,872,Sham19Y0127677,4792,209,535,254,93
276,603,872,ShamIbadiyya0000193,2709,1,256,192,88
276,532,867,Sham19Y0035453,47,424,761,256,95
276,532,872,Shamela0012884,3546,1143,1460,240,89
276,532,991,Shamela0012884,4211,27,468,286,71
276,535,862,Shamela0036446,1342,124,418,228,87
276,535,872,Sham19Y0013223,844,918,1250,260,96
277,1247,1448,JK000916,26610,406,601,148,91
277,838,1241,Shia004029,114,1005,1359,260,82
277,838,1241,Shia001432Vols,27461,740,1124,298,93
277,794,1241,Shamela0007289,247,568,1042,286,71
277,838,1241,Shia001401,48,641,1053,297,87
277,838,1241,Shia001269,560,388,799,293,86
277,720,1182,ShamAY0032959,62,958,1443,258,56
277,1241,1448,JK000533,694,591,795,155,91
277,838,1241,Sham19Y0020594,76,58,451,309,97
277,694,1241,Shamela0010637,388,45,519,351,79
277,814,1241,ShamAY0034352,29,465,896,282,75
277,814,1169,Shamela0012936,16,1110,1471,233,73
277,278,702,Shamela0012936,33,1017,1471,231,56
277,814,1241,Shamela0022649,167,38,466,276,74
277,409,870,Shamela0026884,383,4,603,215,44
277,720,1241,ShamAY0032765,18,148,694,303,59
277,338,702,JK000786,2905,311,717,207,60
277,838,1241,Shamela0004445,3051,25,463,265,72
277,1247,1448,JK006670,59,1331,1527,150,91
277,349,694,Shamela0023102,13,1020,1410,200,58
277,866,1255,Shamela0012031,346,357,814,269,72
277,814,1241,JK000383,30,623,1054,282,75
278,1,572,Shamela0003118,7938,980,1482,382,83
278,572,1493,Shamela0003118,7939,1,760,575,77
278,1,884,JK000916,26610,601,1482,675,94
278,891,1497,JK000916,26611,7,604,462,94
279,1,784,Shamela0003118,7939,760,1464,521,82
279,784,1318,Shamela0003118,7940,1,442,334,78
279,1,939,JK000916,26611,604,1443,641,85
279,939,1314,JK000916,26612,1,367,289,95
279,355,601,Shamela0009801,152,663,910,142,62
279,72,1266,Sham19Y0038171,1319,454,1452,746,77
279,78,846,ShamAY0035035,5429,813,1460,477,77
279,846,1318,ShamAY0035035,5430,1,413,310,82
279,316,668,JK006919,981,427,661,148,51
279,72,689,JK000533,694,949,1488,393,78
279,738,1314,JK000533,695,1,512,398,86
279,282,542,Shamela0009823,458,1262,1474,148,70
279,78,1314,JK006670,60,127,1185,790,79
280,1,457,ShamAY0033592,11,708,1193,279,61
280,895,1178,ShamAY0033592,11,1016,1266,142,58
280,628,797,Shamela0026378,31,234,407,105,71
280,80,302,Sham19Y0014601,4019,1133,1372,119,54
280,43,789,Shamela0013154,6,164,757,248,33
280,51,457,Shamela0013154,7,943,1323,245,65
280,55,457,Shamela0013154,9,1,355,273,82
280,24,457,Sham19Y0018103,2059,937,1372,268,68
280,55,203,Sham19Y0017437,1837,1,143,90,69
280,18,508,Shamela0037837,449,148,711,284,56
280,84,530,ShamAY0033938,981,1,517,288,66
280,160,457,Sham19Y0013252,5372,1,278,204,77
280,1,504,JK007065,296,937,1462,350,75
280,1,530,Sham19Y0020638,794,237,762,360,80
280,1,457,Sham19Y0017616,273,562,1032,339,85
280,51,733,ShamAY0034005,701,540,1252,385,56
280,60,457,Shamela0021765,1521,721,1087,233,70
280,1,457,Sham19Y0122406,2729,84,530,339,90
280,51,457,JK000110,754,78,457,245,65
280,84,457,Sham19Y0020591,958,185,542,231,67
280,489,1024,Sham19Y0148486,5849,1,496,176,34
280,28,457,Shamela0025800,492,881,1271,267,71
280,51,457,Shamela0008473,2167,75,418,239,66
280,151,504,Sham19Y0017729,287,23,375,260,88
280,1,302,Sham19Y0018144,1809,1192,1469,216,90
280,55,457,Shamela0021715,4831,59,650,259,51
280,96,457,JK000216,483,610,921,203,65
280,1,276,Shamela0023798,397,598,913,199,76
280,142,457,Shia001764Vols,1746,28,531,146,30
280,1,302,Shamela0005923,253,428,712,213,87
280,1088,1376,Shia002119Vols,1699,150,624,138,32
280,51,409,Sham19Y0018106,2141,1008,1476,204,46
280,1,895,Shia001887Vols,1197,702,1498,609,84
280,895,1420,Shia001887Vols,1198,1,564,327,61
280,51,457,Sham19Y0018176,1130,1,380,245,65
280,51,1307,Shamela0008970,143,414,1438,509,42
280,1,386,Sham19Y0127677,6638,762,1102,215,65
280,151,422,Sham19Y0127677,13216,1313,1540,159,69
280,24,504,JK007083,149,451,914,297,69
280,1,397,ShamAY0032665,1809,1105,1480,292,92
280,1,142,Shamela0009329,267,277,384,74,67
280,813,1094,Shamela0009311,27,1190,1447,144,57
280,18,504,JK006897,328,191,638,299,70
281,1095,1430,Shia002185Vols,3096,980,1346,193,60
281,1316,1470,Shamela0095700,77,208,677,103,26
281,329,658,Shamela0010480,962,309,684,152,50
281,1008,1476,Shia002265Vols,3299,356,916,292,55
281,855,1028,Shamela0035100,102,1308,1484,122,81
281,1043,1476,Shamela0035100,103,5,436,219,48
281,85,275,Shia001782Vols,1815,1262,1445,148,95
281,894,1476,Shia001782Vols,1967,212,947,384,59
281,85,338,Shia001782Vols,2000,758,1008,193,91
281,804,1476,Shamela0009567,539,463,1339,421,53
281,323,524,Shia001976Vols,615,1160,1342,102,55
281,358,804,Shia001976Vols,622,959,1302,177,49
281,18,323,Zaydiyya0000229,39,1,280,184,71
281,846,1476,Shamela0012981,1015,680,1369,400,63
281,358,658,Shamela0012981,1749,1131,1439,122,43
281,1095,1260,Sham19Y0014299,163,588,702,89,69
281,77,404,Shamela0023790,108,901,1202,128,38
281,1095,1364,Shia001432Vols,30015,705,958,135,52
281,1153,1370,Shia001432Vols,32228,405,730,119,41
281,804,1476,ShamAY0033945,597,42,799,405,59
281,815,1448,ShamAY0033945,1368,758,1497,398,60
281,1,338,ShamAY0033945,1384,397,840,248,67
281,846,1476,JK000475,2194,598,1333,423,63
281,905,1306,JK001236,59,551,917,247,68
281,902,1476,JK001236,199,1,669,375,61
281,905,1476,JK001236,273,790,1457,374,61
281,1153,1470,Shamela0023644,1478,1,404,172,44
281,1008,1260,Shamela0009873,1267,1,208,136,63
281,57,323,Shamela0009873,1494,6,298,184,67
281,846,1354,Shamela0012991,146,1025,1498,318,69
281,747,1476,Shamela0021765,2224,495,1384,420,49
281,875,1032,JK000533,1379,196,332,96,76
281,855,1149,Shamela0023700,1301,101,472,180,52
281,1071,1430,Shia003656Vols,610,510,911,215,62
281,1,338,Shia004030Vols,1568,931,1381,245,66
281,855,1223,Shamela0008473,4448,1190,1567,245,73
281,1271,1476,Shamela0008473,4449,1,364,164,54
281,1,338,Shia004092Vols,1894,585,1055,250,64
281,66,458,Shamela0021766,4127,267,593,210,63
281,855,1476,JK009179,117,402,1111,390,59
281,1153,1370,Shia003711,221,85,410,122,42
281,11,291,Shamela0029677,1411,491,704,173,75
281,1003,1254,Shamela0012935,208,584,856,129,48
281,846,1476,Sham19Y0148271,559,270,1024,423,62
281,894,1476,Tafsir09084,2286,311,1022,407,65
281,1,323,Shamela0013132,169,480,788,214,78
281,989,1476,Shamela0004473,3585,347,925,304,55
281,747,1149,JK009408,1237,979,1462,231,55
281,1149,1476,JK009408,1238,1,477,233,56
281,85,338,Shia003714Vols,491,78,327,193,91
281,875,1476,Shamela0021809,751,104,660,438,90
281,875,1476,Shamela0021809,1548,15,829,403,55
281,747,1476,Shamela0001733,1015,664,1374,564,96
281,797,1114,ShamAY0034134,409,86,450,206,61
281,855,1476,Shamela0010906,287,627,1238,344,55
281,851,1476,Shamela0012862,430,32,682,376,61
281,1043,1476,Shamela0001341,82,1,512,275,57
281,855,1476,Shamela0023100,212,122,827,379,60
281,1095,1476,Shamela0001438,989,944,1430,266,62
281,114,323,Shamela0001438,2763,172,372,163,93
281,1008,1476,Shamela0001438,6580,180,739,292,55
281,1095,1476,JK001012,234,277,784,259,59
281,855,1476,Shamela0025794,2758,127,961,409,54
281,1095,1407,Shia003616Vols,146,1191,1508,167,53
281,1,323,Zaydiyya0000352,67,1077,1372,201,73
281,855,1476,Shamela0004445,1562,349,1096,419,62
281,1095,1370,Shia001367,129,1074,1457,147,41
281,358,510,Shamela0000782,1225,681,826,102,84
281,1,338,Shamela0013068,211,852,1303,243,64
281,639,1476,Shamela0008970,60,445,1300,424,48
281,50,439,JK009390,2540,458,844,209,58
281,1080,1476,JK009390,3005,338,818,256,62
281,62,316,JK009390,3448,745,965,164,76
281,902,1336,JK009390,3646,1122,1439,198,52
281,1306,1476,JK009390,3647,18,287,131,58
281,114,323,Sham19Y0127677,2365,843,1043,163,93
281,886,1476,Sham19Y0127677,4632,450,1170,319,46
281,1,235,Sham19Y0127677,13219,183,538,174,59
281,1,258,Sham19Y0127677,13721,1243,1479,166,75
281,85,338,Sham19Y0127677,20271,93,338,190,90
281,846,1417,JK000735,134,849,1419,376,71
281,1008,1476,Shia003732Vols,1704,178,829,300,52
281,42,458,Shia003732Vols,2014,683,1039,236,66
281,1061,1430,Shamela0023680,233,665,1068,233,66
281,902,1476,Shamela0012884,4698,187,857,364,58
281,851,1476,Shamela0004289,1220,546,1212,388,62
281,871,1476,JK000698,66,13,692,391,63
281,747,1411,Shia001960,131,669,1077,216,36
282,94,358,JK006838,560,1138,1432,148,56
282,725,1105,Sham19Y0014601,4133,176,561,182,54
282,688,997,Shamela0117359,660,710,1033,178,60
282,744,997,Sham19Y0020944,597,183,432,148,64
282,1018,1233,Shamela0021765,1591,1145,1394,123,59
282,171,654,Shamela0021765,1592,540,813,182,48
282,688,997,Sham19Y0020591,991,671,994,178,60
282,844,1037,Shamela0025800,2186,1,231,134,72
282,688,997,Shamela0001442,496,82,385,177,62
282,754,997,Shamela0023628,1517,379,605,134,63
282,227,844,Shamela0001733,1986,1154,1448,178,35
282,844,1310,Shamela0001733,1987,11,606,296,59
282,1018,1274,Shia003616Vols,2707,618,1113,124,30
282,701,997,Sham19Y0131521,3804,618,931,175,60
282,1018,1359,Shia001949,183,816,1187,153,44
282,1018,1359,ShamAY0033926,183,926,1295,154,45
283,950,1376,Shamela0003118,1820,990,1369,208,55
283,215,1002,Shamela0003118,7394,468,1196,565,89
283,744,979,Shia002265Vols,462,1,222,121,56
283,730,941,Zaydiyya0000015,891,1,180,126,72
283,325,941,Shia001782Vols,1583,1,467,273,52
283,1096,1376,Shia001782Vols,1583,1106,1343,172,78
283,320,1198,Shamela0009567,873,13,697,330,39
283,215,863,Shamela0001404,246,801,1486,386,64
283,1081,1376,Shamela0001404,310,583,826,186,78
283,124,950,ShamAY0034128,450,747,1420,397,55
283,1071,1376,Shia002616Vols,4334,420,695,148,50
283,1008,1380,JK000916,5069,947,1274,237,78
283,130,1018,JK000916,25288,572,1406,632,88
283,1179,1376,Sham19Y0023618,1286,1,144,108,69
283,398,1203,Shia001976Vols,374,50,932,368,44
283,941,1440,Shia001976Vols,997,237,765,277,58
283,215,913,Shamela0010639,142,516,1495,435,52
283,1081,1380,Shamela0010639,143,996,1252,195,80
283,262,941,Shamela0023623,58,698,1203,313,55
283,249,941,ShamAY0033945,2545,764,1383,387,65
283,349,941,JK000657,101,1,419,247,48
283,262,941,JK001236,222,547,1194,407,69
283,579,941,Zaydiyya0000067,203,1,292,201,68
283,145,767,Shamela0021765,1344,746,1413,340,57
283,1024,1380,Shamela0021765,1345,1023,1343,234,82
283,130,921,JK011633,101,695,1170,258,39
283,730,941,ShamAY0034054,52,16,176,116,68
283,998,1376,Shamela0023578,2124,30,392,173,47
283,1075,1376,ShamAY0034644,363,279,569,130,43
283,249,941,Sham19Y0017878,331,624,1202,346,58
283,1118,1376,Sham19Y0150960,184,535,753,163,79
283,403,941,Sham19Y0150960,251,44,412,245,56
283,1075,1376,Shamela0000041,1768,1247,1526,117,38
283,955,1380,Shamela0013132,160,276,727,277,70
283,744,1208,Shamela0013132,161,1,391,183,46
283,1036,1451,JK006801,569,1053,1442,241,70
283,199,1477,Shamela0021570,359,38,1282,673,56
283,262,806,Shamela0007351,552,1036,1451,242,51
283,548,941,Shia004510,6,1,259,145,42
283,1125,1376,Sham19Y0017530,17,1,266,161,67
283,262,941,Shamela0021809,54,814,1367,334,57
283,124,1096,Shamela0021809,3282,172,946,412,50
283,215,782,ShamAY0034134,864,931,1503,325,62
283,174,909,ShamAY0034134,865,718,1424,390,58
283,998,1376,ShamAY0034134,871,139,501,252,82
283,199,1002,Shamela0009810,1301,631,1312,431,63
283,1081,1351,Shamela0001438,3154,934,1132,147,68
283,262,941,Shamela0001438,6104,851,1374,315,54
283,116,1002,Shia001731Vols,753,613,1325,424,56
283,331,587,Sham19Y0023625,1236,1147,1458,162,62
283,587,941,Sham19Y0023625,1237,1,348,218,71
283,1071,1380,Sham19Y0023625,1240,235,484,185,74
283,1102,1376,ShamAY0034066,1004,871,1121,152,60
283,262,1219,Shamela0025794,3956,626,1426,406,49
283,417,941,Shamela0006590,562,1,251,165,40
283,1084,1380,Shamela0010283,1183,614,842,164,70
283,215,950,ShamAY0034080,354,144,702,370,61
283,1002,1440,JK000022,5,144,537,261,70
283,262,1203,Shamela0008970,182,668,1453,398,49
283,262,979,Sham19Y0127677,4203,277,918,337,50
283,950,1376,Sham19Y0127677,9396,343,799,262,68
283,1036,1376,Sham19Y0037618,3510,495,804,231,85
283,262,979,Shia003732Vols,4260,452,1186,412,61
283,262,941,Shamela0011728,717,270,792,315,54
283,262,817,Shamela0012884,61,1065,1540,286,60
283,1081,1376,Kraken21042921,24,806,1048,169,70
283,262,941,Zaydiyya0000342,407,795,1255,264,46
283,1036,1376,JK005004,264,48,339,199,71
283,1071,1376,ShamAY0034294,6,126,355,165,68
283,998,1440,Shamela0000736,5114,781,1167,175,46
283,182,596,ShamAY0033729,161,1111,1472,207,61
283,218,1002,Shamela0036446,1029,765,1353,359,54
284,1152,1423,Sham19Y0014119,272,414,724,160,62
284,1060,1410,ShamAY0032869,10,842,1188,202,62
284,190,387,Shamela0006060,942,1117,1308,151,95
284,1264,1423,Shia002265Vols,5019,1158,1331,119,84
284,714,981,Shia002265Vols,5031,1146,1406,207,97
284,1140,1423,Shia002265Vols,5032,20,354,169,59
284,1194,1423,Sham19Y0017063,539,34,262,146,73
284,1149,1389,Shia001782Vols,3553,1230,1450,166,87
284,615,1247,Shia001782Vols,3554,693,1366,361,61
284,870,1282,Shia001782Vols,3556,1,288,146,44
284,1152,1423,Sham19Y0122257,1491,671,984,163,62
284,600,1231,JK000916,5941,1,568,219,35
284,612,1160,ShamAY0034447,2213,7,569,212,39
284,630,999,Zaydiyya0000262,1198,1033,1495,207,50
284,10,423,ShamAY0035253,43,725,1165,304,79
284,1207,1423,Sham19Y0145212,1740,5,632,144,28
284,1152,1418,Shamela0023685,1051,1144,1439,155,62
284,49,423,Shamela0023685,1067,532,889,270,88
284,1264,1423,ShamAY0033728,68,1094,1270,123,88
284,651,1004,Shia002034Vols,70,1088,1398,181,63
284,41,689,Shia002034Vols,2165,1,581,333,59
284,738,1004,Shamela0000216,86,1143,1430,189,81
284,1152,1423,Shamela0000216,100,674,982,153,60
284,1212,1423,Shia001432Vols,25820,7,225,146,81
284,1126,1423,Shia001432Vols,25825,1013,1275,174,71
284,1264,1423,Shamela0001975,71,628,799,118,84
284,1,393,ShamAY0033945,412,657,1073,217,55
284,1,393,ShamAY0033945,2333,73,512,213,53
284,10,423,JK000475,2288,813,1177,285,85
284,1264,1423,Shamela0021659,172,1060,1231,118,84
284,58,423,JK001236,223,1073,1428,278,93
284,162,684,Shamela0006610,1080,594,1090,255,54
284,615,977,ShamAY0033561,195,1155,1482,246,84
284,61,423,ShamAY0033561,196,60,400,254,82
284,1264,1423,Shamela0005551,72,171,339,118,89
284,1152,1418,Sham19Y0132416,124,1018,1252,155,69
284,181,387,Sham19Y0018607,4649,862,1090,161,85
284,1004,1423,Shia003706,230,450,866,213,57
284,1152,1423,Shamela0008360,375,226,542,163,61
284,61,684,Shamela0025800,2053,190,959,322,43
284,651,1180,Shamela0010637,102,64,614,236,46
284,10,423,Shamela0003722,2194,190,623,291,76
284,1019,1423,Shia001237Vols,1105,714,1088,189,49
284,10,393,Shamela0001442,986,470,783,207,60
284,1049,1423,JK000588,9,488,820,207,69
284,1152,1423,Sham19Y0016976,802,1135,1445,160,62
284,738,1231,JK000778,509,24,535,188,35
284,655,1004,Shamela0009270,24,595,959,191,64
284,660,1004,Shamela0023635,95,107,488,196,65
284,911,1410,Shia002264,263,189,564,239,60
284,643,1004,ShamAY0033562BK2,106,865,1207,265,92
284,651,1004,Shamela0021766,4996,566,874,163,56
284,1152,1423,Sham19Y0017791,794,883,1193,160,62
284,162,393,Shamela0029701,20,998,1241,160,74
284,1152,1423,Shia004672,130,601,902,157,61
284,10,399,Shamela0007268,4,759,1063,188,53
284,805,1004,JK009266,20,17,233,141,80
284,1,418,Shamela0012579,1103,871,1497,311,60
284,1112,1423,Shamela0021809,242,287,669,184,58
284,440,1394,Shamela0001733,844,584,1438,568,71
284,1019,1394,ShamAY0034134,658,433,753,199,67
284,449,1004,ShamAY0034134,830,638,1172,394,87
284,58,423,Sham19Y0127700,326,844,1210,263,83
284,597,1004,Shamela0010906,1080,118,370,152,47
284,10,423,Shamela0006463,75,358,754,303,88
284,655,1024,ShamAY0038082,19,1078,1378,180,63
284,168,387,Sham19Y0018260,53,1172,1415,169,86
284,655,1004,Shamela0006446,35,1051,1413,194,66
284,200,665,Shamela0006446,256,300,796,204,41
284,10,423,Shamela0006446,259,844,1188,261,79
284,660,999,ShamAY0037747,432,525,893,193,64
284,790,1004,Shamela0001438,78,475,698,159,87
284,1264,1423,Shamela0001438,335,581,752,118,84
284,1231,1423,Shamela0001438,887,53,261,132,79
284,714,1004,Shamela0001438,888,350,622,215,93
284,655,1231,Shamela0001438,6707,369,964,233,38
284,793,1004,JK001012,123,741,953,166,99
284,1231,1410,JK001012,124,709,892,113,77
284,115,393,JK001012,296,327,568,172,76
284,10,393,Shia003101Vols,247,122,583,224,57
284,1152,1418,Shamela0021713,566,463,702,136,57
284,1282,1423,Shamela0008176,3240,1,155,104,83
284,181,393,Shamela0008176,5674,1184,1440,171,82
284,660,1004,Shia002119Vols,3613,359,696,184,63
284,651,1180,Shia003616Vols,921,76,501,215,45
284,10,393,Shia003616Vols,1752,875,1200,203,57
284,651,1074,Shamela0006590,215,946,1316,205,60
284,597,1004,Shamela0006590,713,1018,1282,150,45
284,1126,1423,Shamela0006590,714,760,1033,193,81
284,61,423,Shamela0010283,1184,284,643,267,88
284,655,1004,JK000940,227,79,511,202,51
284,615,1067,JK000786,2310,480,907,220,56
284,655,1423,JK000786,2980,448,1139,394,60
284,655,1231,JK000786,4044,493,1048,231,40
284,1104,1309,Shamela0023102,27,1235,1438,128,68
284,1309,1429,Shamela0023102,28,1,137,93,88
284,10,393,JK001435,17,190,529,230,68
284,1194,1423,Shamela0000782,1204,24,248,142,72
284,1004,1423,Shamela0013068,268,335,779,301,81
284,10,393,Shamela0008970,179,1078,1406,207,58
284,1010,1429,Shamela0008970,186,645,1045,220,58
284,714,1423,JK009390,978,162,752,363,57
284,1216,1437,JK009390,3100,979,1260,146,65
284,1152,1423,JK009390,6259,949,1231,165,75
284,1264,1423,Sham19Y0127677,173,1071,1242,118,84
284,714,977,Sham19Y0127677,957,1186,1442,204,97
284,1152,1423,Sham19Y0127677,4406,1086,1386,170,68
284,615,1004,Sham19Y0127677,8658,896,1274,289,93
284,21,643,Shamela0008680,145,1,617,266,44
284,190,387,JK007054,807,1240,1440,153,93
284,643,1004,ShamAY0033562BK1,106,865,1207,265,92
284,1152,1423,Shamela0026568,875,370,671,160,63
284,49,381,Shamela0026568,890,1215,1535,221,77
284,10,393,Sham19Y0131521,5317,142,471,207,58
284,10,298,Sham19Y0131521,5321,162,656,148,33
284,665,1004,JK000735,208,1133,1426,188,67
284,10,423,JK000735,229,1060,1426,285,85
284,612,1235,Shia003732Vols,4466,122,646,342,66
284,600,1360,Shia003732Vols,4468,673,1452,444,62
284,49,423,Shia003732Vols,5388,724,1079,274,90
284,1152,1423,Shia003732Vols,5390,699,982,164,67
284,793,1004,Shia003732Vols,5469,696,940,161,82
284,1152,1429,Shamela0025791,832,910,1252,171,57
284,655,1004,Shamela0012884,1888,304,656,187,63
284,1149,1423,JK001429,104,185,529,164,56
284,61,423,Shamela0036446,1028,329,684,247,79
284,508,1004,Shia001960,128,1027,1376,258,65
284,651,1410,Sham19Y0013223,639,597,1425,267,29
285,42,338,Sham19Y0014119,272,380,724,175,61
285,1256,1406,Shamela0010480,1213,712,957,94,51
285,1,169,Shamela0006060,45,1339,1484,106,81
285,174,338,Shia002265Vols,5019,1135,1331,99,62
285,136,338,Sham19Y0017063,539,1,262,129,61
285,1005,1250,Shia001782Vols,1582,693,909,166,86
285,45,338,Sham19Y0122257,1491,657,984,173,61
285,736,1250,ShamAY0034447,1467,418,960,307,60
285,42,250,Shamela0010639,111,1199,1466,142,67
285,104,338,Sham19Y0145212,1740,5,632,121,22
285,42,333,Shamela0023685,1051,1127,1439,160,57
285,42,604,Shamela0021578,10,441,966,266,53
285,35,552,Sham19Y0127660,512,90,462,190,43
285,661,884,JK000021,2562,1107,1336,157,83
285,1,483,Shia002034Vols,97,295,782,175,38
285,42,805,Shamela0000216,100,657,1344,291,39
285,174,338,Shamela0001975,71,605,799,98,61
285,933,1301,ShamAY0033945,1795,1,396,244,74
285,174,338,Shamela0021659,172,1037,1231,98,61
285,67,560,ShamAY0033561,195,838,1328,206,44
285,45,526,Shamela0008360,375,212,749,212,41
285,45,338,Sham19Y0014309,1089,744,1074,160,54
285,45,338,Shamela0025800,918,622,941,169,62
285,1,250,Shamela0003722,1542,1283,1518,185,94
285,42,338,Sham19Y0016976,802,1105,1445,175,62
285,67,560,ShamAY0033562BK2,106,566,1025,194,42
285,42,498,Sham19Y0017791,794,853,1292,207,50
285,24,302,JK000201,4189,127,666,85,18
285,42,594,Shia004672,130,584,1063,249,50
285,59,498,Shamela0012579,620,710,1179,213,52
285,1,498,Shamela0021809,242,267,909,278,52
285,1,338,ShamAY0034134,657,864,1209,244,83
285,884,1250,ShamAY0034134,901,72,452,266,89
285,1250,1406,Shia002069Vols,56,21,183,88,64
285,174,479,Shamela0001438,335,558,844,129,49
285,1,233,Sham19Y0023625,994,200,513,163,65
285,994,1231,Sham19Y0023625,1264,555,1236,138,24
285,42,256,Shamela0021713,1161,1310,1548,124,59
285,764,1256,Shamela0009107,277,131,593,272,65
285,109,604,Shamela0031457,198,404,897,237,47
285,688,1074,JK000786,1019,634,1058,175,49
285,933,1406,JK000786,2957,29,584,152,27
285,425,805,JK000786,2980,1,373,135,31
285,146,338,Shamela0000782,1204,1,248,120,60
285,42,488,JK009390,6259,918,1314,201,52
285,174,479,Sham19Y0127677,173,1048,1328,128,49
285,42,493,Sham19Y0127677,4406,1069,1451,191,48
285,45,338,JK007054,920,531,793,142,55
285,67,560,ShamAY0033562BK1,106,566,1025,194,42
285,42,338,Shamela0026568,875,353,671,165,58
285,82,535,Shia003732Vols,5390,672,1184,210,45
285,45,338,Shamela0025791,832,873,1246,189,63
285,67,498,JK001429,104,188,640,201,48
285,45,547,Shamela0036446,1321,1090,1452,185,43
286,1094,1316,Shia002265Vols,3136,308,524,145,72
286,471,821,ShamAY0034447,1467,418,769,136,36
286,523,1090,Shia002034Vols,2148,495,1049,233,45
286,307,796,Shamela0022547,1219,475,1050,250,53
286,523,1090,Shamela0009200,104,73,747,252,43
286,796,1174,Sham19Y0017616,357,1,565,157,31
286,1,348,ShamAY0033949,230,1022,1294,159,54
286,407,796,ShamAY0033973,193,998,1329,209,66
286,767,1021,Sham19Y0013667,5741,1,239,127,59
286,513,1267,Shia002003Vols,1951,42,577,263,42
286,1104,1316,Shamela0013132,143,1153,1357,138,72
286,1,348,Shia002069Vols,56,183,539,154,40
286,1094,1316,Shamela0001438,4855,953,1170,146,73
286,440,1277,Shia001731Vols,747,224,987,297,40
286,830,1277,Shamela0008176,5652,591,977,115,27
286,513,911,Shamela0025794,2053,407,707,165,51
286,459,867,JK000786,2305,1,337,148,43
286,928,1257,JK000786,2306,952,1272,226,84
286,1094,1316,Sham19Y0127677,3217,1092,1308,143,71
286,1132,1316,Sham19Y0127677,16929,1,126,94,64
286,1094,1324,Shamela0007435,1088,1112,1328,157,87
286,379,709,JK011598,144,1140,1432,150,54
287,357,846,ShamAY0034447,1467,437,947,201,38
287,604,891,Shamela0012981,1986,1137,1421,141,55
287,390,1090,ShamAY0033945,1247,275,934,226,31
287,925,1319,Shamela0007891,789,361,652,177,53
287,604,891,Shamela0003722,2148,849,1171,159,61
287,1,156,Shamela0013132,143,769,951,104,69
287,1263,1428,Shamela0005610,51,1030,1173,112,86
287,309,604,ShamAY0034134,898,550,831,223,94
287,1263,1428,Shia001887Vols,2553,748,891,112,86
287,627,1135,JK000786,2303,556,910,190,46
287,663,1135,JK000786,2957,34,391,201,50
288,1173,1425,Shia001976Vols,882,41,300,186,86
288,187,476,ShamAY0033938,1233,22,440,163,44
288,762,1134,JK000021,2560,335,698,268,88
288,1155,1425,Shamela0030623Vols,471,1020,1290,199,89
288,174,723,JK007065,1384,944,1445,240,48
288,747,1134,Sham19Y0148486,2104,351,719,231,70
288,747,1275,Shamela0008203,82,722,1227,273,62
288,432,1411,Sham19Y0018144,2389,1,920,447,50
288,1134,1425,Shamela0013132,138,879,1162,210,89
288,22,588,Shamela0005610,52,1048,1449,253,55
288,588,883,Shamela0005610,53,1,395,153,45
288,791,1163,Shamela0025794,4772,1003,1335,190,56
288,22,883,Shia001887Vols,2554,764,1403,383,51
288,747,1188,Shamela0008970,177,273,702,247,67
288,819,1233,Sham19Y0127677,20552,918,1274,181,49
288,494,1411,ShamAY0032665,2389,1,829,424,53
288,799,1271,Sham19Y0146127,1092,680,1208,255,56
289,432,820,Shamela0006449,59,934,1290,143,39
289,432,1096,Shia001782Vols,1581,142,780,234,32
289,611,1100,Shamela0001686,584,880,1309,223,50
289,1197,1390,Shamela0005803,145,309,486,110,74
289,407,1096,Shia002034Vols,792,113,766,236,37
289,704,1157,Sham19Y0001729,2039,1,457,174,37
289,1238,1401,JK000475,2107,733,887,107,78
289,372,1166,JK000475,2284,254,921,303,43
289,1123,1390,JK000475,2285,1,243,127,59
289,667,1041,Shamela0000956,930,950,1288,154,48
289,1077,1401,Shamela0021765,1346,132,413,167,63
289,655,1086,Shamela0011385,4058,449,795,130,31
289,588,955,Shamela0003722,4004,7,349,202,67
289,432,912,Shia002231Vols,361,1001,1443,258,63
289,426,912,Shia002003Vols,1951,213,633,215,53
289,407,1096,Sham19Y0148271,2345,546,1176,267,39
289,1071,1401,Shamela0001733,3761,329,663,195,68
289,426,1096,Shamela0001733,4738,628,1264,278,44
289,1118,1401,Shamela0001733,4958,787,1086,203,82
289,1238,1390,Shamela0010906,1702,570,701,89,71
289,650,1096,Shia002069Vols,510,865,1302,194,46
289,394,541,Shia002294Vols,103,989,1546,100,22
289,655,1104,Shamela0001438,7746,138,491,195,51
289,1214,1401,JK000481,173,501,679,137,94
289,407,1096,Shamela0025794,5110,158,857,274,41
289,704,1064,JK009390,5884,949,1357,159,42
289,664,912,Sham19Y0127677,5652,685,919,154,75
289,397,912,JK007054,807,48,829,230,32
289,1238,1401,JK000735,46,655,809,107,78
289,372,1166,JK000735,225,381,1049,301,42
289,1071,1390,JK000735,226,91,372,154,59
289,1238,1401,Shamela0004289,884,1,149,106,80
290,1102,1274,Shamela0003118,5914,1125,1277,98,71
290,961,1340,Shamela0009076,131,285,650,191,63
290,1063,1274,Shia002265Vols,2868,916,1109,127,75
290,1,234,Shia002265Vols,3137,21,214,141,77
290,1,417,Shia001782Vols,1580,715,1017,177,54
290,961,1351,Shamela0012403,160,862,1263,206,62
290,1066,1274,Shamela0000894,822,1264,1492,139,77
290,1013,1274,Shamela0009783BK4,77,254,496,150,69
290,967,1274,JK000916,20499,1007,1305,171,67
290,1013,1274,Sham19Y0014601,5207,766,1081,174,70
290,1090,1250,Sham19Y0014601,5208,1,256,102,52
290,129,361,Shamela0012220,1119,285,700,119,35
290,992,1241,Shia002034Vols,2287,1139,1390,162,78
290,961,1274,Sham19Y0001729,2032,258,566,192,71
290,745,1274,JK000475,2283,679,1174,282,63
290,1,234,JK000475,2285,243,443,142,78
290,1013,1274,JK000475,2289,400,660,172,80
290,1,219,JK001236,223,765,952,132,77
290,1,239,ShamIbadiyya0000100,150,840,1069,130,57
290,796,1384,Shamela0117359,910,507,1119,234,38
290,775,1274,Sham19Y0020944,881,994,1415,182,36
290,1,417,Shamela0021765,1346,413,1079,269,48
290,796,1340,Sham19Y0020591,1409,18,562,236,47
290,961,1274,Shamela0003722,6011,224,534,218,85
290,961,1375,Shia002231Vols,362,22,414,216,63
290,225,417,JK009408,154,832,1012,121,82
290,961,1314,JK009408,382,318,702,187,54
290,247,417,JK009408,2466,255,416,115,87
290,961,1274,Shamela0021809,329,834,1120,168,66
290,119,417,Shamela0021809,2350,454,1069,164,31
290,1040,1274,Shamela0001733,295,1,214,158,88
290,1,324,Shamela0001733,3761,663,964,159,51
290,1,276,Shamela0001733,4958,1086,1406,160,54
290,1,234,Shamela0010906,1702,701,885,126,69
290,1063,1274,Shamela0001438,6352,316,504,126,76
290,1,219,Shamela0001438,7230,56,236,134,78
290,1,417,JK000481,173,679,928,182,56
290,1,417,JK000481,746,710,1062,253,78
290,1,225,JK000786,2304,1139,1332,147,83
290,1,239,JK000786,2957,884,1084,142,77
290,779,1274,Shamela0008970,177,925,1432,227,48
290,1,234,JK009390,7187,876,1071,141,77
290,1,234,Sham19Y0127677,5200,1118,1313,137,76
290,1274,1392,Sham19Y0127677,9640,269,390,91,95
290,1274,1392,Sham19Y0127677,12416,631,750,88,92
290,1274,1392,Sham19Y0127677,13113,769,890,90,95
290,1,417,Sham19Y0127677,19861,856,1203,165,47
290,961,1384,Sham19Y0131521,5311,426,912,213,51
290,247,364,Shamela0026324,5410,178,291,88,96
290,775,1274,JK000735,224,828,1292,272,65
290,1,234,JK000735,226,372,571,142,77
290,1013,1274,JK000735,230,674,935,173,80
290,219,417,ShamAY0034585,25,176,374,99,61
290,1274,1392,Sham19Y0018611,56,777,900,91,94
291,177,546,Shia001976Vols,894,45,341,155,47
291,123,380,Sham19Y0016684,1840,1111,1301,118,56
291,5,380,Sham19Y0018103,3463,587,914,158,47
291,123,380,Shamela0005756,13384,200,388,118,56
291,5,395,Sham19Y0013252,8728,1093,1404,162,50
291,1,542,ShamAY0032969,13,558,1079,203,41
291,404,842,JK000014,37,222,1015,223,32
291,5,532,ShamAY0033945,2544,723,1454,187,29
291,1,542,Shamela0008493,57,76,679,167,30
291,5,546,Shamela0026429,103,607,1192,189,37
291,15,562,ShamAY0034005,840,160,900,183,26
291,5,380,JK009324,3298,82,454,98,20
291,5,380,Sham19Y0127656,703,83,567,127,24
291,177,562,Sham19Y0020591,1413,140,469,137,36
291,5,481,Shamela0013132,145,488,933,175,40
291,123,380,ShamAY0034134,883,720,1019,128,56
291,477,667,Shia002294Vols,122,362,537,122,78
291,141,542,Shamela0012750,401,454,706,155,48
291,5,395,Sham19Y0018106,3542,1095,1406,162,50
291,5,599,JK000786,2303,650,1122,157,29
291,5,562,Sham19Y0131521,5317,923,1372,172,34
292,1057,1217,Shamela0013041,226,537,688,112,86
292,283,731,Shamela0010480,1583,98,722,299,59
292,1114,1324,Shia001782Vols,1578,176,431,118,53
292,1104,1324,Shamela0010639,148,192,631,131,37
292,199,781,Shia000841Vols,2298,41,455,166,27
292,148,571,Sham19Y0017350,547,1223,1496,151,40
292,1002,1346,JK000014,37,222,586,250,84
292,1193,1330,Shamela0001975,163,42,148,82,77
292,373,973,ShamAY0033945,411,77,539,244,45
292,56,781,ShamAY0033945,2327,585,1320,355,52
292,187,781,JK000475,2290,580,1397,235,31
292,1193,1330,Shamela0021659,331,1193,1299,82,77
292,1193,1324,Shamela0021765,1349,20,170,85,69
292,323,586,JK011633,44,770,962,131,62
292,123,577,JK000272,232,112,411,165,42
292,915,1340,ShamAY0034123,340,282,792,212,45
292,1086,1324,JK006801,570,628,923,152,64
292,21,836,Shamela0001733,2715,600,1368,434,63
292,21,490,Shamela0001733,2716,713,1138,251,65
292,1111,1324,ShamAY0034134,907,89,366,129,58
292,1188,1340,ShamAY0034134,908,20,460,111,32
292,1104,1324,Shamela0001438,5412,588,877,122,52
292,1111,1324,Sham19Y0023625,1270,119,389,132,60
292,153,586,Sham19Y0018567,1372,681,799,91,26
292,1123,1330,JK009390,336,649,787,102,62
292,1111,1330,Sham19Y0127677,3569,295,583,126,53
292,1111,1340,Sham19Y0127677,3591,669,871,132,73
292,1079,1340,Sham19Y0127677,17512,723,968,143,70
292,1086,1324,Sham19Y0037618,3513,192,487,152,64
292,1,95,Shamela0026324,2014,982,1076,72,100
292,958,1366,ShamAY0034585,735,693,1155,188,48
293,709,1192,ShamAY0033569,30,966,1447,196,44
293,95,262,Shamela0006060,918,303,480,122,86
293,62,262,Shia001782Vols,1578,165,389,134,73
293,1266,1447,Shia000047,88,275,449,112,74
293,671,1018,ShamAY0033548,13,1,284,156,52
293,490,1096,Shamela0026565,11,43,557,210,35
293,709,1203,Shamela0012741,4,615,1013,194,42
293,62,250,Shamela0022842,145,1144,1324,119,76
293,16,262,ShamAY0032843,6,1,268,177,83
293,16,262,Shamela0021635,119,671,946,182,82
293,470,1096,Shamela0030558,12,200,721,211,34
293,20,262,JK006801,570,594,881,177,78
293,91,262,Shamela0012579,819,1178,1363,133,91
293,636,1106,Sham19Y0016599,1280,206,711,120,21
293,69,262,ShamAY0034134,907,89,317,143,78
293,709,1173,ShamAY0032854,25,217,579,202,53
293,62,262,Shamela0001438,5412,588,802,137,78
293,709,898,JK009154,38,1128,1300,117,77
293,709,1173,JK009154,127,721,1094,204,53
293,709,1041,JK009154,236,141,451,139,46
293,709,1173,JK009154,344,539,913,188,49
293,709,1159,JK009154,376,1053,1444,183,43
293,704,1182,JK009154,385,869,1306,204,46
293,69,262,Sham19Y0023625,1270,119,347,143,78
293,54,262,ShamAY0034080,310,215,438,148,80
293,20,262,Shamela0008970,181,1167,1429,170,80
293,20,262,Sham19Y0037618,3513,158,445,177,78
293,69,217,ShamAY0033531,3503,169,325,110,85
293,69,217,ShamAY0033531,4685,1146,1302,110,85
293,69,262,Shia003732Vols,3544,179,405,141,78
293,1,262,ShamAY0034585,735,773,1040,186,85
293,801,1455,Zaydiyya0000342,1007,203,786,285,45
293,658,1130,JK000914,34,204,573,170,39
293,37,262,Shamela0000736,5568,11,253,159,80
293,429,891,Shia001959,3,985,1395,248,63
294,4,311,Shia001399,136,356,617,197,81
294,4,291,Shia002265Vols,3134,716,992,199,82
294,1129,1337,Zaydiyya0000015,306,120,319,126,73
294,1010,1434,Shia001782Vols,3618,681,1094,315,91
294,10,298,Shia000047,88,497,791,188,73
294,4,311,Shia000117Vols,514,685,987,197,72
294,1050,1400,ShamAY0034447,1727,1,321,250,87
294,1,377,Shia001131Vols,410,851,1218,225,71
294,4,132,Shamela0023685,1067,1390,1518,102,99
294,1,377,Shia000043Vols,729,674,1034,224,71
294,1,422,Shia003716,73,423,846,307,86
294,4,267,JK001297,136,253,498,189,91
294,1,422,Zaydiyya0000133,122,478,918,309,86
294,1,377,Shia001432Vols,21334,226,628,226,65
294,4,298,Shia001432Vols,31285,123,393,184,74
294,4,263,Zaydiyya0000031,10,395,658,201,96
294,1,316,Shia000049Vols,1227,36,325,208,79
294,938,1434,Shamela0021765,1051,194,653,331,80
294,938,1417,Shamela0021765,2216,1033,1473,316,79
294,950,1369,Shamela0023700,3010,89,525,271,71
294,4,230,Sham19Y0017878,487,1267,1492,178,99
294,1,377,Shia001615Vols,3192,834,1191,226,71
294,748,1434,Shamela0013132,157,520,1227,379,60
294,925,1429,JK009408,2449,422,940,355,83
294,1007,1452,JK006801,349,1,410,289,79
294,790,1463,Shamela0001733,5037,276,861,424,75
294,422,684,ShamAY0034134,893,384,673,183,78
294,4,267,ShamAY0032826,239,515,777,193,87
294,4,267,ShamAY0032826,240,879,1141,193,87
294,4,251,Shamela0001438,7686,1224,1470,180,86
294,950,1369,Shamela0004445,2564,630,1067,272,71
294,57,291,JK009390,3619,1,224,156,79
294,4,291,Sham19Y0127677,5601,1045,1321,199,82
294,950,1434,Sham19Y0127677,8035,122,565,320,80
294,1010,1434,Sham19Y0127677,8036,353,767,320,93
294,4,263,Sham19Y0127677,20505,686,928,190,92
294,4,263,Shamela0026568,891,554,797,191,93
294,950,1434,Sham19Y0037618,2354,726,1176,322,81
294,1007,1337,Shia003732Vols,5399,355,623,203,75
294,1007,1337,Shia003732Vols,5416,329,500,136,51
294,1,439,Zaydiyya0000342,1007,786,1257,310,80
295,875,1288,Shia002265Vols,3118,701,925,119,33
295,728,958,Zaydiyya0000015,305,775,1005,156,77
295,766,1165,Sham19Y0017063,338,1074,1461,180,50
295,672,1227,Shamela0012403,186,661,1245,232,38
295,728,1357,JK006838,1198,246,876,289,51
295,731,1357,Shamela0000894,5312,790,1240,285,51
295,761,1161,Shia002616Vols,101,18,422,161,44
295,958,1249,Sham19Y0014601,5211,811,1068,192,83
295,1005,1371,Sham19Y0014601,5212,1,400,253,75
295,728,1165,Shamela0010639,146,208,538,202,57
295,1089,1357,ShamAY0034230,4969,984,1225,182,86
295,875,1288,Shia002261Vols,249,999,1187,100,28
295,731,958,Shia000841Vols,2301,386,600,151,78
295,723,958,Shamela0023685,1051,801,1029,154,76
295,672,1227,ShamAY0033938,1237,430,987,257,48
295,782,1357,Sham19Y0014462,173,580,1165,277,47
295,6,432,ShamAY0032921,123,639,1008,173,45
295,782,1357,Shamela0009804,312,659,1224,312,64
295,1098,1357,JK001266,40,1,207,154,75
295,602,1357,Sham19Y0001729,1023,183,1053,476,65
295,669,1208,Sham19Y0001729,1024,77,661,269,54
295,875,1288,JK007006,1099,1000,1374,125,31
295,1092,1357,Zaydiyya0000133,117,651,907,192,88
295,731,1227,Shamela0000216,117,1,501,225,44
295,782,1278,ShamAY0033522,690,830,1401,264,52
295,875,1288,Shamela0001975,581,455,677,119,32
295,529,958,ShamAY0035035,4740,482,819,177,43
295,968,1357,JK000475,1548,92,398,201,67
295,968,1357,JK000475,2279,1107,1417,197,65
295,493,1227,JK000475,2280,324,1025,348,55
295,707,1227,JK007065,1272,831,1267,224,50
295,875,1288,Shamela0021659,800,347,618,120,34
295,1,211,Shamela0005797,32,168,383,157,90
295,731,958,JK001236,61,680,923,174,90
295,731,1357,JK001236,217,597,1187,332,59
295,731,1357,Shamela0006610,1080,1030,1342,204,40
295,958,1371,Shamela0117359,911,910,1303,287,87
295,688,958,Sham19Y0020638,1019,1178,1445,173,76
295,728,908,Sham19Y0017616,357,1225,1405,140,100
295,707,958,Shamela0023644,997,809,1048,171,81
295,782,1357,Shamela0028107,686,564,1091,309,61
295,1092,1357,Shamela0001717,4014,787,1025,177,83
295,635,1161,ShamAY0033949,237,410,883,258,58
295,1092,1357,Sham19Y0020944,883,229,490,200,96
295,1142,1357,ShamIbadiyya0000438,849,1246,1454,136,80
295,994,1357,Shamela0007891,788,193,542,266,92
295,731,1357,Shamela0021765,1339,648,1020,230,42
295,672,1165,Sham19Y0122406,3365,106,563,255,54
295,958,1371,Sham19Y0020591,1411,356,1194,283,41
295,792,1357,Shamela0000551,2934,716,1241,301,61
295,1053,1249,Shamela0000551,2935,1,443,147,42
295,635,1198,Shamela0011385,2180,338,870,262,50
295,731,1275,Shamela0025800,2053,871,1400,230,38
295,997,1350,Shamela0001719,4298,551,882,248,88
295,728,1161,Shamela0001719,4299,1,393,215,61
295,1092,1357,Sham19Y0006684,4198,1,267,192,88
295,958,1165,Shamela0003722,5268,1228,1428,151,91
295,1165,1357,Shamela0003722,5269,1,185,142,94
295,1,211,Shamela0003722,6117,833,1030,149,87
295,683,958,Shamela0009270,133,1,278,199,86
295,971,1368,Shamela0009270,138,697,1086,281,88
295,787,1288,Shia002264,567,1,508,250,48
295,731,971,Sham19Y0017729,460,1137,1375,157,77
295,660,851,Sham19Y0018144,2399,1283,1492,131,76
295,851,1111,Sham19Y0018144,2400,1,278,132,54
295,770,1357,JK000201,2796,344,1062,206,29
295,1089,1357,JK000201,4243,463,710,180,81
295,728,958,Shia004672,115,516,740,152,76
295,1092,1357,Shamela0010705,69,590,828,170,81
295,712,1313,Shamela0013132,136,930,1417,208,36
295,712,1357,Shamela0021809,1811,719,1312,256,36
295,997,1363,Shamela0021809,1812,121,445,241,84
295,1,811,Shamela0001733,81,147,738,193,30
295,707,1363,Shamela0001733,1956,799,1227,331,64
295,770,1288,Shamela0001733,1957,330,897,228,43
295,14,432,Shamela0001733,1959,917,1335,202,59
295,435,811,Shamela0001733,1960,614,1007,198,55
295,728,958,Sham19Y0127700,326,1225,1426,132,66
295,1227,1363,Shamela0028168,674,9,138,96,90
295,1089,1363,Shamela0028168,675,1256,1474,157,74
295,1193,1357,ShamIbadiyya0000155,118,11,175,119,91
295,728,1357,Shamela0021607,2721,784,1079,200,39
295,1124,1357,Sham19Y0127713,1566,1,229,169,90
295,533,1350,JK001012,298,629,1341,342,43
295,728,1357,Sham19Y0023625,1256,11,604,265,41
295,728,958,Shamela0021713,1146,1020,1243,151,76
295,731,1161,Shamela0008176,2103,912,1248,209,60
295,846,1357,Shia002119Vols,3583,310,758,289,72
295,792,1363,Shamela0025794,2939,614,1148,304,67
295,712,1371,Shamela0025794,2940,629,1247,290,44
295,672,908,Shia003616Vols,1751,1166,1397,168,88
295,912,1357,Shia003616Vols,1752,1,391,279,80
295,672,1175,JK007025,4,434,884,244,54
295,707,1371,Shamela0004445,2101,573,901,194,34
295,672,958,Shamela0008210,87,314,558,164,67
295,1092,1357,Shamela0021751,6745,672,913,177,83
295,1089,1357,Shamela0021751,7170,808,1062,187,85
295,1092,1357,Shamela0021751,7440,164,405,178,85
295,1062,1357,Shamela0021751,7570,608,870,199,85
295,997,1357,Shamela0000782,705,1007,1340,244,84
295,1,189,Shamela0013068,133,1216,1419,148,92
295,958,1368,Shamela0008970,179,116,527,280,80
295,860,1288,JK009390,1435,1079,1345,135,36
295,875,1288,Sham19Y0127677,1520,103,331,118,33
295,1089,1357,Sham19Y0127677,6136,355,555,142,66
295,672,1227,Sham19Y0127677,8029,656,1158,283,59
295,846,1288,Sham19Y0127677,8030,795,1313,195,44
295,994,1363,Shamela0012399,3755,570,916,261,89
295,994,1288,Shamela0012399,3758,758,1434,214,40
295,1089,1345,JK007054,647,1226,1453,167,84
295,1120,1284,Shamela0021493,230,1271,1433,117,87
295,723,1357,Shamela0021589,1807,390,694,206,39
295,723,1161,Shamela0026568,875,10,469,172,33
295,958,1278,Sham19Y0131521,5316,1208,1494,215,84
295,731,1357,Sham19Y0131521,5320,631,1167,213,31
295,964,1089,Shamela0026324,3410,331,466,78,76
295,731,958,JK007083,232,1182,1409,162,84
295,968,1308,JK000735,220,1159,1427,165,62
295,493,1227,JK000735,221,376,1083,349,55
295,660,908,ShamAY0032665,2399,1205,1471,175,81
295,731,1208,Sham19Y0017903,919,42,524,200,40
295,723,1288,Sham19Y0018272,1405,872,1154,155,32
295,731,958,Shamela0098087,85,125,376,167,82
295,672,958,Shamela0004289,837,1091,1379,206,85
295,731,958,Shamela0012014,220,385,612,157,80
295,958,1371,Zaydiyya0000342,408,1,428,298,85
295,757,1161,JK007107,292,1,406,176,41
295,1089,1357,JK006897,169,1114,1348,175,84
295,731,1161,JK006897,495,941,1245,200,56
295,635,1227,JK000653,336,670,1201,277,58
295,731,1357,Shamela0036446,1028,694,948,166,33
295,792,1212,Shamela0021479,237,1045,1428,190,45
295,1212,1357,Shamela0021479,238,1,143,109,96
295,728,958,Sham19Y0132524,2271,820,1054,166,85
295,720,1357,Sham19Y0013223,1237,43,451,244,43
296,277,377,Shia002265Vols,3118,836,936,78,100
296,776,1210,Shia002265Vols,3121,625,1066,175,36
296,654,893,Shia002265Vols,3127,76,345,148,67
296,49,366,JK006838,1198,590,814,127,52
296,277,377,Shia002261Vols,249,1098,1198,78,100
296,49,366,Sham19Y0014462,173,833,1096,130,43
296,1037,1214,Zaydiyya0000133,117,926,1107,133,90
296,212,390,Sham19Y0038171,835,1241,1451,110,65
296,49,356,ShamAY0033522,690,1145,1401,130,44
296,49,327,JK011499,58,1264,1455,146,66
296,25,662,ShamAY0033945,412,43,708,336,59
296,212,390,ShamAY0035035,3309,1292,1502,110,65
296,16,366,JK000475,1548,99,344,138,50
296,25,372,JK000475,1586,939,1273,250,92
296,49,366,JK000475,2279,1151,1363,130,51
296,29,377,JK000475,2280,70,422,262,93
296,277,377,Shamela0021659,800,529,629,78,100
296,244,820,JK001236,217,993,1293,118,24
296,49,366,Shamela0117359,911,953,1220,132,48
296,49,366,Shamela0028107,686,760,1027,137,44
296,66,366,Sham19Y0020591,1411,866,1111,118,41
296,567,1078,ShamAY0033973,93,257,730,261,58
296,49,366,Shamela0000551,2934,913,1179,137,45
296,49,186,Shamela0011385,2180,756,1243,92,24
296,499,1078,Shamela0011385,2181,210,485,133,27
296,49,366,Shamela0001719,4298,559,826,137,45
296,1,744,Shamela0009270,138,680,1359,311,47
296,149,820,JK000201,2796,247,866,172,24
296,122,829,Shamela0010705,69,590,1205,185,25
296,29,377,Sham19Y0148271,1590,343,641,204,71
296,49,366,Shamela0013132,136,1185,1396,131,53
296,499,1018,JK009408,1481,203,944,276,45
296,49,366,Shamela0021809,1811,996,1250,134,44
296,29,377,Shamela0021809,1812,466,824,245,86
296,25,662,Shamela0001733,1956,866,1360,239,42
296,1,377,Shamela0001733,1957,528,908,292,97
296,468,957,ShamAY0034134,888,911,1429,177,37
296,556,1233,Shamela0009810,1291,513,860,174,29
296,9,366,Shamela0026884,646,459,745,137,45
296,277,395,Shamela0001438,2417,138,262,86,89
296,634,847,Shamela0001438,7117,993,1254,124,61
296,572,1233,Shia001731Vols,747,141,472,172,29
296,54,366,Shia002119Vols,3583,435,696,133,44
296,49,366,Shamela0025794,2939,823,1080,138,46
296,29,331,Shamela0025794,3308,1108,1429,213,82
296,49,366,Shia003616Vols,1752,74,333,163,63
296,659,847,Shamela0006590,470,12,194,102,66
296,662,847,Shamela0010283,1183,108,341,143,78
296,556,1078,JK000786,2306,22,511,264,58
296,576,1078,JK000786,2958,368,839,248,56
296,49,366,Shamela0000782,705,1015,1282,163,61
296,29,366,Shamela0008970,179,146,449,144,43
296,258,377,JK009390,1435,1237,1356,86,88
296,638,1091,JK009390,7035,205,584,207,49
296,277,377,Sham19Y0127677,1520,242,342,77,99
296,659,854,Sham19Y0127677,5100,259,544,141,60
296,638,1233,Sham19Y0127677,8029,1011,1264,119,23
296,63,390,Sham19Y0127677,8030,1015,1365,233,83
296,49,366,Shamela0012399,3755,581,847,137,45
296,49,356,Sham19Y0131521,5316,1242,1494,123,41
296,49,366,JK000735,220,1203,1415,130,51
296,29,377,JK000735,221,126,475,260,92
296,528,847,Zaydiyya0000342,412,959,1280,227,85
296,854,1324,Zaydiyya0000342,413,939,1405,248,59
296,5,359,Zaydiyya0000342,419,1061,1447,275,90
296,97,377,JK001202,16,5,285,211,96
297,299,661,Shamela0003118,5703,123,420,217,74
297,5,200,Shamela0009567,872,1027,1246,128,73
297,286,655,JK000916,19681,1,309,217,72
297,758,1344,JK000021,2762,84,884,239,32
297,752,1119,Shia002034Vols,1497,223,927,237,40
297,227,978,JK000014,29,147,770,337,53
297,1,462,ShamAY0033945,2540,421,873,157,38
297,5,211,JK001171,114,25,251,139,75
297,200,655,JK001171,115,870,1250,278,76
297,327,712,Shamela0023644,1508,619,944,233,76
297,5,360,ShamAY0033949,230,395,760,173,47
297,200,655,ShamAY0033949,233,735,1134,291,79
297,5,185,Shamela0021765,1339,52,624,114,24
297,758,1158,ShamAY0032781,9,405,782,214,64
297,1290,1430,Shia003488Vols,47,1106,1246,108,99
297,5,144,Sham19Y0148271,1867,1285,1416,92,84
297,5,185,Shamela0021809,2288,641,831,117,75
297,1284,1430,Shamela0001733,593,593,752,113,91
297,1,462,Shamela0001733,3664,396,862,185,41
297,752,1046,ShamAY0034134,932,362,660,189,72
297,324,647,Shamela0001438,7622,1042,1296,187,72
297,5,249,Shamela0025794,5192,108,363,142,62
297,324,634,JK009390,5917,115,347,180,73
297,365,647,Sham19Y0127677,5546,1,214,155,70
297,378,539,Sham19Y0127677,8033,1,153,116,88
298,223,388,Shia002265Vols,824,1311,1476,133,100
298,16,388,Shia001782Vols,720,204,565,272,87
298,149,394,ShamAY0033760,365,51,367,152,54
298,189,401,Sham19Y0013252,9455,981,1186,158,91
298,199,388,Shia001432Vols,27449,308,496,146,96
298,203,353,Shamela0011092,11,1355,1500,109,91
298,199,388,Shia001401,31,1062,1287,147,81
298,5,388,JK005018,145,453,852,220,56
298,30,531,Shamela0022551,10,1,570,255,48
298,1,465,Shamela0023578,2669,826,1340,257,56
298,199,388,Shia001237Vols,458,1161,1349,147,97
298,16,226,Shia003488Vols,47,1246,1413,130,79
298,226,479,Shia003488Vols,48,1,224,158,75
298,16,388,Shamela0021809,602,162,507,268,89
298,1,650,Shamela0001733,593,722,1308,343,55
298,16,223,ShamAY0034138,831,1204,1402,137,80
298,223,417,ShamAY0034138,832,8,217,125,64
298,16,394,Zaydiyya0000131,277,68,443,275,87
298,1,632,Shamela0026884,491,406,998,332,61
298,223,406,Shamela0001438,1490,496,679,140,95
298,1,406,Sham19Y0018567,1405,83,582,259,57
298,203,388,JK009390,796,42,226,138,92
298,223,388,Sham19Y0127677,702,937,1102,133,100
298,111,388,ShamAY0034059,410,76,386,181,63
298,149,388,Shamela0012884,4378,272,501,183,95
298,16,388,JK005004,952,1049,1447,230,63
299,131,541,JK000916,24221,670,962,173,51
299,89,541,ShamAY0033620,6,29,494,195,44
299,166,358,ShamAY0034569,139,20,201,129,78
299,166,358,ShamAY0035960,365,605,773,113,75
299,166,358,ShamAY0033523,365,283,451,113,75
299,105,336,Shamela0026390,4,587,810,168,90
299,162,541,Shamela0029722,4,96,449,187,58
299,166,570,Shamela0001719,1039,918,1350,201,49
299,166,336,ShamAY0034644,333,831,999,127,92
299,92,336,ShamAY0034134,958,336,623,159,70
299,119,336,Shamela0007435,1081,546,780,143,76
299,162,541,ShamAY0032855,74,352,679,180,58
299,166,336,JK000914,28,718,875,124,92
299,166,336,Shamela0000736,1056,73,231,120,90
300,1058,1422,Shamela0009242,1570,781,1247,174,36
300,1207,1411,JK000977,801,1190,1377,140,88
300,178,420,Shamela0003118,4176,1045,1292,155,69
300,1058,1422,Shamela0007264,83,451,759,151,45
300,1295,1427,Shamela0000894,5615,1160,1292,100,97
300,903,1180,ShamAY0034128,188,446,698,133,52
300,999,1431,Shia001976Vols,1353,745,1106,200,61
300,1083,1431,Sham19Y0013241,617,889,1361,186,41
300,1,420,Sham19Y0014601,4612,996,1340,187,52
300,1091,1431,Sham19Y0020561,1474,669,980,130,34
300,1292,1431,Shamela0010639,154,1112,1261,105,90
300,1295,1431,Shia000841Vols,2307,770,905,103,97
300,1083,1422,Sham19Y0022884,104,405,635,136,50
300,59,434,Zaydiyya0000229,352,1001,1449,204,52
300,976,1211,Shamela0021670,17,853,1091,134,62
300,910,1180,Shia002034Vols,1479,662,950,160,62
300,181,661,Sham19Y0001729,1034,1,424,183,39
300,1186,1431,Sham19Y0001729,2418,304,555,164,79
300,212,566,Zaydiyya0000133,124,1,429,158,38
300,1079,1431,Sham19Y0017757,75,1,366,148,42
300,1303,1422,Shamela0000216,115,1339,1458,93,100
300,59,504,Shamela0030267Vols,1,1071,1510,219,55
300,156,405,Shamela0008540,1852,125,379,159,71
300,999,1191,Shamela0008540,1855,421,633,120,66
300,90,562,JK000475,2295,19,508,201,41
300,810,1194,Shamela0013176,21,708,1146,192,50
300,1058,1431,Shamela0006610,383,417,829,174,39
300,1055,1422,Shamela0007342,252,360,726,175,44
300,125,434,Shamela0117359,761,1046,1385,184,64
300,1292,1431,Shamela0008381,1948,1397,1535,105,97
300,1070,1431,Sham19Y0017616,122,429,711,140,40
300,1166,1431,ShamAY0034005,332,623,879,166,78
300,178,420,Sham19Y0020944,717,356,604,155,71
300,1091,1431,Shamela0007891,815,1024,1419,192,60
300,1021,1431,Shamela0005922,1365,522,939,138,27
300,995,1312,JK011404,24,1,296,119,39
300,1101,1431,Sham19Y0122406,1313,377,666,179,63
300,1295,1431,Sham19Y0017747,665,579,714,103,97
300,156,434,Sham19Y0020591,1155,14,313,180,70
300,156,562,ShamAY0033973,332,290,692,207,54
300,1180,1431,Sham19Y0148486,2109,196,458,185,90
300,1070,1431,Shamela0025800,3131,319,599,150,52
300,59,420,Shamela0026731,93,236,598,180,56
300,1101,1431,ShamAY0033181,391,255,560,154,53
300,59,426,Shia003488Vols,440,1092,1424,235,75
300,903,1359,Sham19Y0148271,813,705,1158,177,39
300,1247,1431,Sham19Y0148271,2356,1,170,128,90
300,1295,1431,Shamela0010517,804,1278,1413,103,97
300,1295,1431,Shamela0010517,876,1,136,103,97
300,999,1180,Shamela0012579,693,1127,1329,121,70
300,1091,1431,Sham19Y0123510,980,416,710,182,69
300,999,1180,Shamela0021809,1206,136,332,123,72
300,910,1355,Shamela0001733,1654,493,994,255,59
300,1292,1431,ShamAY0034134,968,1241,1402,105,83
300,1180,1431,ShamAY0034134,970,335,625,172,76
300,1101,1431,Shia002069Vols,530,922,1177,196,75
300,1174,1422,Shamela0009810,572,495,726,165,84
300,999,1355,ShamAY0038082,12,621,969,142,39
300,999,1194,Shia003101Vols,448,1028,1285,136,64
300,710,1355,Shia001731Vols,306,675,1399,200,25
300,1292,1407,Sham19Y0023625,1319,1274,1405,89,87
300,1186,1422,Shamela0010803,227,587,829,169,89
300,990,1186,Shamela0025794,3135,1207,1424,133,72
300,1091,1431,Shamela0025794,5054,849,1137,180,66
300,189,420,Shamela0013068,171,59,290,177,92
300,999,1180,Shamela0011428,773,134,344,128,72
300,90,562,JK000735,236,348,836,200,40
300,1186,1431,Shamela0012415,194,613,844,169,88
300,910,1194,Shamela0010798,2561,1105,1364,130,50
300,1091,1431,JK000271,129,356,652,128,35
300,1229,1431,Sham19Y0146127,1095,333,523,145,91
300,1070,1431,Shamela0012014,222,683,939,154,56
300,1070,1431,JK007107,296,617,926,147,41
300,212,562,Sham19Y0132524,786,31,565,165,38
301,1,549,JK000977,802,20,758,330,53
301,1303,1459,Shia002265Vols,5129,853,1010,123,94
301,1244,1459,Shia001782Vols,748,782,981,159,91
301,1,225,Shia001976Vols,1353,1106,1334,179,98
301,1225,1459,Shamela0021502,102,670,898,175,93
301,1112,1459,ShamAY0032921,74,1040,1336,202,69
301,1,219,Sham19Y0001729,2418,555,771,163,94
301,1244,1459,Shia001432Vols,27452,354,561,157,89
301,1,219,Sham19Y0016934,1234,685,887,160,91
301,1,219,Shamela0008540,1854,485,702,172,97
301,1,380,JK007065,1463,471,821,214,64
301,1244,1459,Shia001401,36,49,261,160,88
301,1,219,Shamela0117359,762,483,701,174,100
301,1,405,ShamAY0034005,332,879,1361,217,51
301,1,405,Sham19Y0020944,717,1082,1440,203,57
301,1,219,Sham19Y0020591,1156,269,484,172,98
301,1,219,Sham19Y0148486,2109,458,675,173,99
301,1,377,Shamela0002863,854,429,844,233,65
301,1,424,Shamela0003722,4429,898,1413,284,68
301,1241,1459,Shia001237Vols,489,789,999,159,89
301,1,215,Shamela0009784,342,614,826,168,98
301,225,607,ShamAY0032781,70,682,1079,165,40
301,1,215,Shamela0006617,341,632,789,120,70
301,1,405,Sham19Y0148271,2356,170,503,210,63
301,1029,1459,Shamela0013132,141,778,1147,231,61
301,1067,1459,Shamela0001733,2756,1046,1432,254,75
301,1,230,Shamela0001733,4665,1203,1434,183,99
301,1,219,ShamAY0034134,970,625,842,173,99
301,1241,1459,ShamAY0034134,980,866,1094,163,87
301,1067,1459,ShamAY0034134,981,859,1277,240,67
301,1,294,Shia002069Vols,530,1177,1456,216,92
301,1298,1459,Shamela0001438,1525,523,685,125,92
301,1241,1459,Sham19Y0023625,1331,308,529,162,90
301,1,405,Shamela0025794,5054,1137,1466,210,63
301,779,1029,Shia001887Vols,737,1,267,163,72
301,1055,1459,JK000022,1483,247,692,251,65
301,1,219,Shamela0008970,191,158,373,172,98
301,1241,1459,JK009390,816,1298,1496,140,77
301,1303,1459,Sham19Y0127677,735,526,683,123,94
301,1,405,Sham19Y0127677,13324,41,531,242,54
301,1,215,Shamela0001001,256,602,814,167,97
301,1,219,Sham19Y0131521,4422,693,908,172,98
301,1,405,Shamela0012415,194,844,1247,224,55
301,1,405,Sham19Y0146127,1095,523,839,206,63
301,1241,1396,Shamela0012884,382,629,771,113,91
301,1,607,Shamela0004289,729,114,660,265,50
301,1303,1459,Shamela0036446,271,1223,1375,123,97
302,393,536,JK000196,1991,6,153,110,94
302,695,1068,Sham19Y0014119,205,314,657,266,88
302,620,1352,JK000977,838,153,827,410,64
302,695,1068,Shamela0000894,530,573,951,296,97
302,686,1068,Shamela0007664,283,1086,1443,283,91
302,163,560,Shamela0011468BK1,595,1107,1387,203,62
302,600,919,ShamAY0033910,10,1180,1488,211,82
302,425,536,Sham19Y0020561,206,1173,1286,89,98
302,695,1068,Sham19Y0017885,485,872,1219,268,89
302,695,1239,Shamela0010639,168,18,540,333,65
302,695,1068,Shia000841Vols,2393,331,694,287,94
302,402,1296,ShamAY0033938,491,632,1446,467,62
302,721,1239,Shamela0012981,776,16,604,327,63
302,163,536,Shamela0003565,2025,1042,1297,189,63
302,600,961,Sham19Y0001729,1053,1088,1456,252,82
302,695,1068,Shamela0005756,5065,635,1011,292,95
302,739,1068,Sham19Y0038171,531,770,1151,262,84
302,695,1068,Sham19Y0016934,1224,650,1015,286,93
302,739,1068,ShamAY0035035,1793,972,1353,262,84
302,600,1021,JK000475,443,522,975,295,80
302,695,1239,JK001236,227,782,1292,333,75
302,695,1068,Sham19Y0020638,410,554,919,286,93
302,695,1239,Sham19Y0017616,126,347,854,333,76
302,393,536,Shamela0009059BK2,1989,1188,1335,110,94
302,600,1068,Shamela0007891,833,797,1249,338,89
302,695,1068,Shamela0005922,1404,896,1255,287,95
302,686,1068,Shamela0007597,272,1119,1472,283,92
302,568,1288,Shia001989,134,351,999,438,74
302,402,1068,Sham19Y0122406,1362,76,738,367,61
302,1115,1450,Sham19Y0122406,1363,35,546,187,43
302,695,1068,Shamela0008360,252,676,1078,287,85
302,600,1293,Sham19Y0148486,2218,25,700,463,79
302,89,411,ShamAY0033567,24,1,352,166,51
302,425,536,Shamela0012738,55,1448,1561,89,98
302,574,839,Shamela0012844,32,1193,1448,145,66
302,695,1068,Sham19Y0016976,594,1119,1462,266,88
302,753,1068,Sham19Y0014207,38,1,319,246,93
302,266,536,Sham19Y0018315,281,819,1031,147,69
302,725,1036,JK000201,1658,24,335,250,99
302,695,1068,ShamAY0033181,400,825,1190,277,89
302,695,1068,ShamIbadiyya0000229,2049,1,409,284,82
302,670,1239,Shamela0010517,224,799,1307,333,72
302,1255,1454,Shamela0001733,3385,991,1176,144,92
302,357,1427,Shamela0001733,3386,254,1127,564,64
302,568,1145,ShamAY0034134,1026,962,1491,361,75
302,615,1148,ShamAY0034134,1027,165,502,89,17
302,654,1454,Shia002069Vols,508,322,1075,501,74
302,380,536,Shamela0028168,127,1255,1400,115,92
302,163,540,Shamela0009823,404,726,976,175,58
302,695,1068,Shamela0008176,2249,919,1233,232,76
302,600,1068,Shamela0010803,228,618,1095,346,89
302,163,536,Shamela0021598,1944,893,1156,191,63
302,402,536,Shamela0010283,1179,1246,1386,107,95
302,695,1068,Sham19Y0127677,6700,907,1274,293,97
302,615,1255,ShamAY0032785,5,73,679,447,86
302,695,1062,Shamela0021731,220,1261,1597,259,88
302,695,1068,Shamela0008463,981,319,662,273,90
302,686,1068,ShamAY0036141,22,836,1200,282,89
302,695,1068,JK007083,99,329,694,287,94
302,695,1068,Zaydiyya0000061,151,200,564,288,94
302,657,1068,ShamAY0033531,2289,587,995,312,92
302,695,1068,Shia003732Vols,3558,189,595,287,84
302,695,1239,JK000271,134,414,891,333,76
302,686,1068,Shamela0011079,122,528,883,285,92
302,695,1068,Shamela0001875,623,585,945,287,95
302,624,995,Sham19Y0146127,1153,1126,1474,272,91
302,670,1239,Shamela0012014,226,221,729,345,76
302,695,1239,JK007107,316,491,1003,338,78
302,163,498,Shamela0021590,556,1328,1539,155,57
302,686,1068,Sham19Y0018612,210,106,463,283,91
302,600,1021,JK000130,420,20,466,292,79
303,1,556,Shamela0009242,1635,188,638,297,63
303,1,471,JK000977,839,182,656,267,64
303,1,341,Shamela0003118,5326,300,640,262,94
303,1,535,Shamela0003118,5826,700,1266,235,45
303,1,341,Shamela0021743,355,260,579,250,92
303,720,1204,Shamela0009783BK4,78,857,1280,256,59
303,1,386,JK000916,18462,1036,1439,269,83
303,1,330,JK000916,20136,463,845,209,63
303,1,561,ShamAY0033910,418,900,1448,309,62
303,1,295,Sham19Y0022884,107,1174,1455,213,85
303,1,539,ShamAY0033938,492,312,840,311,67
303,1,330,Shamela0021611,328,1122,1427,235,88
303,301,854,Shamela0005968,46,528,1063,198,31
303,341,829,Shamela0012981,2015,341,913,209,40
303,1,502,Shamela0000767,1027,1076,1548,248,55
303,502,829,Shamela0000767,1028,1,328,147,44
303,1,237,Shamela0003565,2043,44,284,180,90
303,498,829,Shamela0005756,5065,1043,1342,152,47
303,452,1387,Shamela0022547,396,301,1165,307,31
303,1,579,Shamela0000216,134,993,1479,252,44
303,498,678,Sham19Y0014325,1419,548,742,127,72
303,530,678,Shamela0008540,1930,1,163,102,67
303,1,561,JK000475,443,188,737,297,58
303,1,535,JK000475,2298,849,1319,256,55
303,452,678,JK001236,227,1205,1449,148,70
303,1,295,Shamela0011444BK2,720,749,1019,209,85
303,341,678,Shamela0117359,778,1141,1445,151,48
303,502,878,Zaydiyya0000067,71,719,1070,161,45
303,1,539,ShamAY0034005,350,473,1034,304,57
303,452,910,Sham19Y0020944,740,562,1130,252,49
303,1,335,Shia000895Vols,182,1065,1395,254,92
303,485,678,Shamela0005922,1405,168,633,136,34
303,1,295,Shamela0006140,173,266,554,211,85
303,1,255,Sham19Y0122406,1363,541,793,203,99
303,1,315,Sham19Y0018607,364,1220,1515,228,89
303,1,295,Sham19Y0148486,2218,1147,1458,198,71
303,738,1402,Sham19Y0148486,2219,171,920,226,27
303,485,848,Shamela0025800,1604,1011,1370,179,51
303,1,335,Shamela0003722,4722,321,693,203,62
303,1,361,Shamela0003722,5476,1108,1463,259,89
303,33,255,Shamela0006146,225,571,782,170,95
303,1,848,Sham19Y0017729,182,387,1110,422,56
303,1,295,ShamIbadiyya0000229,2049,35,409,215,69
303,38,249,ShamAY0032443,293,198,411,170,99
303,1,295,Shamela0029639,24,865,1181,206,75
303,1,502,Sham19Y0148271,1819,188,635,293,71
303,916,1402,JK009408,2197,335,1187,249,31
303,306,1077,Shamela0001733,2288,361,924,211,32
303,1,243,Shamela0001733,3385,1176,1417,192,98
303,301,720,Shamela0001733,5040,877,1344,118,23
303,301,854,Sham19Y0127700,160,492,1177,193,25
303,1,535,ShamAY0032874,1,805,1327,224,46
303,1,550,Shia002069Vols,363,492,1033,242,44
303,1,263,Shamela0009810,587,1180,1437,165,67
303,452,860,Sham19Y0018609,58,411,795,180,47
303,1,539,Shia001731Vols,316,524,954,215,45
303,703,1407,Shamela0025794,4467,56,409,189,31
303,485,678,Shamela0010283,1178,1258,1465,137,73
303,1,561,Shamela0010283,1179,819,1301,287,56
303,1,570,Shamela0008970,192,93,755,322,58
303,452,678,Sham19Y0131521,4505,210,441,139,67
303,502,834,JK000734,121,259,872,162,31
303,38,255,Shamela0012052,625,1092,1315,175,97
303,1,255,JK000735,239,1201,1448,197,96
303,223,848,Sham19Y0017903,361,1,498,247,43
303,1,535,Shamela0029728,13,14,477,232,44
303,1,535,Shamela0012415,203,378,955,255,49
303,1,255,JK007064,245,731,968,191,93
303,1,678,JK000271,134,461,1365,322,34
303,1,561,JK008250Vols,968,548,1439,295,36
303,1,481,ShamAY0034585,419,624,1085,240,55
303,1,481,ShamAY0034585,856,640,1083,248,56
303,220,678,Shamela0001875,623,857,1242,156,30
303,1,341,Sham19Y0146127,1154,287,742,223,57
303,1,910,Shamela0004289,748,164,1123,503,58
303,341,678,Shamela0013066,68,260,589,203,70
303,1,539,Shamela0009564,128,118,639,319,70
303,1,829,JK007107,316,538,1488,351,35
303,1,354,Shamela0000736,4311,335,687,268,92
303,1,545,JK006897,182,178,679,305,63
303,1,335,JK000130,419,1136,1458,251,93
304,15,757,Shamela0009783BK4,78,872,1357,229,33
304,15,577,ShamAY0033910,419,829,1103,141,31
304,15,462,JK007016,23,502,679,134,36
304,338,873,Shamela0022547,396,146,628,288,65
304,15,577,JK000475,444,93,360,143,32
304,334,846,Shamela0021765,649,257,684,270,62
304,269,577,Sham19Y0148486,2219,171,435,142,53
304,18,637,Sham19Y0148271,2062,273,613,154,26
304,15,637,JK009408,2197,703,1187,180,29
304,131,604,JK000481,519,74,477,234,57
304,18,637,Shamela0025794,4467,83,404,175,34
304,15,660,JK000786,3000,1019,1438,175,27
304,15,637,Sham19Y0020761,11,38,416,188,34
304,258,677,Sham19Y0146127,1155,10,288,151,46
304,15,577,JK000130,420,1065,1338,145,32
305,567,1176,ShamAY0032904,16,72,480,179,29
305,162,674,Shamela0009242,1632,905,1197,198,44
305,245,904,Shamela0021743,355,1,306,198,36
305,421,1180,Shia001976Vols,1164,87,875,395,53
305,470,1065,Shamela0023700,2708,886,1224,185,37
305,61,1023,Shia002231Vols,216,677,1378,292,32
305,453,1348,Shamela0025794,3220,48,968,235,21
305,509,1368,JK000786,3001,81,356,157,21
305,437,1508,JK008250Vols,965,40,773,302,29
305,203,722,Sham19Y0146127,1154,1187,1510,200,47
306,1277,1494,Shia001782Vols,789,574,781,149,85
306,1313,1494,Shia001976Vols,1261,410,597,141,96
306,1003,1494,Sham19Y0020561,1481,63,277,158,40
306,261,619,Shia002034Vols,752,319,655,228,79
306,843,1494,Sham19Y0001729,1053,139,467,168,30
306,1313,1494,JK001236,229,637,1237,137,29
306,1006,1494,Sham19Y0147311,241,271,479,156,40
306,1057,1494,Shamela0021765,648,931,1098,129,37
306,237,687,Shamela0011385,3258,949,1134,113,31
306,843,1494,Shia002231Vols,216,677,998,174,31
306,1213,1494,Shamela0021570,92,533,876,192,72
306,187,1065,Shia002069Vols,11,348,1235,554,67
306,709,1177,Shia002069Vols,525,1026,1445,288,75
306,1274,1494,JK009390,3269,159,464,151,64
306,1277,1494,JK000271,133,972,1196,163,91
307,708,1358,Shamela0012403,923,1,270,206,39
307,584,1489,Shamela0012981,2212,51,980,543,65
307,88,846,Shia001913Vols,103,173,614,100,12
307,411,1236,Shia001913Vols,127,371,1184,326,41
307,34,1338,JK000475,2296,584,1480,508,43
307,1036,1334,Shamela0117359,778,572,933,176,57
307,66,465,ShamAY0033973,316,447,815,224,60
307,28,948,Sham19Y0148486,2221,666,1448,359,40
307,1043,1358,Shamela0003722,4920,84,395,223,83
307,652,970,Shamela0026918,6,135,381,152,55
307,1032,1355,Shamela0021477,244,708,995,208,79
307,966,1115,Sham19Y0017798,2808,1266,1415,83,69
307,580,1200,ShamAY0034134,1034,1028,1511,258,48
307,1118,1497,Sham19Y0018609,58,678,994,188,57
307,134,465,Shamela0025794,1566,6,310,174,56
307,126,465,Shamela0025794,1600,374,670,186,61
307,414,917,Shamela0025794,1785,934,1397,203,50
307,446,1236,JK000786,1063,878,1477,273,39
307,126,303,Sham19Y0127677,6701,362,610,130,64
307,34,938,JK000735,237,906,1457,291,34
307,28,1236,JK008250Vols,969,275,1289,531,49
307,628,948,ShamAY0034585,288,1149,1465,190,67
307,1115,1334,Shamela0001875,624,238,510,146,61
307,114,948,Sham19Y0146127,1155,644,1186,330,46
307,1008,1334,Shamela0004289,749,165,554,189,56
308,629,868,Sham19Y0014119,207,507,736,181,94
308,629,868,Shamela0009242,1635,543,768,175,90
308,703,868,Shia002265Vols,5141,629,783,112,83
308,662,868,Sham19Y0017063,366,394,595,161,97
308,629,868,Sham19Y0122257,1009,892,1112,175,91
308,731,868,Shia000121Vols,221,443,579,109,99
308,509,868,ShamAY0034282,1024,115,442,206,70
308,626,868,Shamela0010639,169,137,378,187,95
308,629,868,Sham19Y0145212,1316,1292,1517,179,93
308,629,1050,Shia000841Vols,2394,228,535,198,59
308,629,868,Shamela0023685,1314,452,677,179,93
308,731,868,JK001297,141,1280,1409,101,91
308,1025,1451,Shia002034Vols,1165,801,1245,230,52
308,534,868,Sham19Y0001729,1053,646,940,188,70
308,626,836,Shamela0005756,5065,1282,1533,154,73
308,626,868,Shamela0000216,135,169,388,167,85
308,618,868,Shamela0008540,1931,1,269,178,76
308,629,1086,JK001236,228,894,1282,243,65
308,629,868,Shamela0006610,404,326,552,174,89
308,468,868,Shamela0117359,779,15,422,255,72
308,726,868,Sham19Y0020944,741,1,179,109,74
308,621,868,Sham19Y0017747,699,1250,1499,187,93
308,462,868,Sham19Y0020591,1183,420,849,258,71
308,629,868,Shamela0008360,255,772,997,179,93
308,13,201,Shamela0021635,72,509,697,153,99
308,654,868,Shamela0025800,1604,1,229,170,93
308,916,1163,Shamela0003722,1495,870,1112,151,74
308,629,868,Sham19Y0016976,600,1269,1490,176,92
308,629,868,Sham19Y0017791,555,88,562,176,45
308,604,1143,Shamela0006262,7,760,1314,217,40
308,635,1050,Shia002231Vols,217,1,417,172,43
308,534,1050,Sham19Y0148271,2034,50,544,221,49
308,626,868,ShamAY0038394,306,160,360,158,81
308,868,1050,Shamela0001733,774,900,1085,122,81
308,201,699,Shamela0001733,3853,818,1354,141,23
308,339,882,Shamela0001733,4228,447,1031,279,57
308,1143,1465,ShamAY0034134,1022,352,614,170,62
308,201,868,ShamAY0034134,1035,627,990,202,38
308,626,868,Sham19Y0127700,160,448,683,186,96
308,468,1050,Shia002069Vols,276,94,906,314,44
308,567,1050,Shia002069Vols,544,1,496,246,51
308,544,868,Shamela0009810,587,399,717,234,86
308,13,684,Sham19Y0018609,58,789,1511,256,34
308,731,868,Shamela0001438,954,1305,1442,106,95
308,618,1393,JK000481,507,344,972,240,34
308,544,1054,Shia001731Vols,316,76,543,286,68
308,731,868,Shamela0021713,280,645,779,103,92
308,629,868,Shamela0008176,2274,692,917,179,93
308,680,868,Shamela0031457,35,193,355,114,76
308,626,868,Shamela0021744,750,576,806,179,92
308,42,414,JK000786,3001,9,198,108,36
308,626,868,JK000299,648,1111,1341,179,92
308,275,932,JK000022,1819,720,1391,219,28
308,544,868,Shamela0008970,193,637,954,233,84
308,731,868,JK009390,432,1264,1401,106,95
308,731,868,Sham19Y0127677,1058,1277,1415,108,97
308,626,868,Sham19Y0127677,6701,610,878,181,80
308,868,1050,Sham19Y0127677,19019,632,817,122,81
308,232,484,JK000691,37,814,1108,165,67
308,629,868,Shamela0026568,1141,948,1172,178,93
308,462,868,Sham19Y0131521,4505,477,906,258,71
308,731,868,Shamela0012052,625,1315,1475,108,83
308,621,1050,Shia003732Vols,3557,592,981,220,57
308,680,868,JK007064,245,1225,1390,125,83
308,629,1054,JK000271,134,135,480,216,63
308,502,839,JK008250Vols,970,1142,1482,215,77
308,868,1241,Sham19Y0132403,101,396,811,178,50
308,703,868,Shamela0001875,624,1,160,126,94
308,710,868,Shamela0012014,227,1,158,123,94
308,629,1054,JK007107,317,409,718,202,58
308,680,868,Shamela0012027,348,1041,1213,121,80
308,629,868,Shamela0021590,556,477,707,173,87
308,912,1143,Shia001960,198,827,1045,149,80
309,600,1028,ShamAY0034282,1024,587,957,216,59
309,1,246,Shia002034Vols,1165,1235,1428,149,73
309,1,246,ShamAY0034134,1022,614,797,147,73
309,246,505,Shamela0012862,191,1060,1286,158,74
309,538,1186,Shia001887Vols,779,1276,1433,112,21
309,293,651,JK000786,1065,174,439,185,65
309,16,246,Shia003732Vols,3557,182,360,141,75
309,971,1493,JK008250Vols,973,413,824,266,61
309,265,505,Shia001960,92,715,1138,158,43
310,1126,1443,ShamAY0036014,156,874,1116,180,71
310,1126,1443,ShamAY0038324,277,889,1199,220,82
310,877,1434,ShamAY0034282,1022,893,1374,282,62
310,23,734,ShamAY0034282,1024,755,1197,298,53
310,1131,1443,Sham19Y0022884,108,329,590,187,73
310,1146,1437,Shamela0009804,181,265,501,177,76
310,421,635,Zaydiyya0000133,126,605,1003,161,49
310,1179,1443,ShamAY0033522,275,1,229,175,82
310,28,624,JK001236,230,135,384,186,38
310,1112,1291,Shamela0028107,321,1285,1451,121,85
310,1291,1443,Shamela0028107,322,1,130,100,84
310,1171,1443,Shamela0001717,571,253,492,169,72
310,104,935,Shamela0013142,4,810,1400,214,27
310,421,635,Zaydiyya0000067,71,991,1206,161,89
310,1167,1443,Shia000895Vols,183,1,244,181,79
310,1123,1443,Shamela0007891,834,95,379,214,84
310,1134,1326,Sham19Y0127657,157,1366,1533,126,80
310,1179,1443,Sham19Y0018607,365,40,278,179,83
310,1091,1443,Shamela0000551,938,330,635,229,81
310,1175,1443,Sham19Y0014309,1835,594,849,179,78
310,902,1443,Shamela0025800,1603,61,518,243,54
310,1112,1443,Sham19Y0006684,715,413,710,220,83
310,1254,1443,Shamela0001391,209,6,193,144,94
310,361,613,ShamAY0034134,1032,1139,1379,158,74
310,28,609,Sham19Y0018609,59,560,908,221,44
310,1123,1443,Sham19Y0018609,59,918,1196,211,83
310,1123,1443,Shia002119Vols,961,543,829,218,84
310,874,1443,Shia003616Vols,2445,312,791,230,41
310,1171,1443,Shamela0021744,750,230,468,182,83
310,28,1443,Shia001887Vols,780,1,1069,672,55
310,147,935,JK000786,1064,304,1106,322,36
310,180,555,JK000786,1066,597,1137,101,16
310,147,935,JK000786,3001,477,1260,321,36
310,147,1049,JK000786,3002,98,840,228,25
310,1126,1443,ShamAY0033626,73,348,680,238,88
310,1171,1443,JK000299,648,765,1003,182,83
310,1091,1443,Shamela0012399,1106,271,588,238,84
310,1116,1443,Sham19Y0037618,1628,259,581,234,86
310,1302,1443,Shia000820Vols,491,937,1154,105,61
310,828,1443,Shia001950,27,38,538,303,58
310,1126,1321,ShamAY0033531,2285,1289,1479,140,86
310,166,804,JK008250Vols,975,94,748,271,41
310,1219,1443,Shamela0121376,993,86,276,143,81
310,1142,1443,Shamela0036446,288,654,904,191,79
311,122,453,Shamela0001391,210,1024,1347,244,91
311,1229,1477,ShamAY0034134,1033,597,855,175,81
311,104,766,Shia001887Vols,781,511,1495,501,61
311,370,823,JK008250Vols,980,7,869,216,27
312,494,1432,JK006884,11,346,1012,271,30
312,316,1000,Shamela0010480,1957,559,978,301,55
312,957,1262,Shamela0006060,494,1133,1518,147,42
312,1262,1432,Shamela0006060,495,1,182,132,91
312,1074,1432,Zaydiyya0000015,1632,120,436,241,84
312,1021,1413,ShamAY0034128,200,369,704,243,74
312,957,1432,Shia002616Vols,2128,531,920,249,63
312,286,604,ShamAY0034282,1031,1064,1309,149,59
312,715,1432,Shamela0021642,737,43,389,191,30
312,557,1432,Sham19Y0019188,933,843,1337,301,43
312,1021,1432,JK001293BK1,433,634,1042,314,93
312,1067,1432,ShamAY0033760,108,553,872,238,80
312,412,778,Sham19Y0001729,1062,1158,1334,102,35
312,523,1057,Shamela0008540,1945,551,1297,173,25
312,377,778,ShamAY0033945,437,821,1409,210,44
312,1074,1432,ShamAY0035035,9697,98,401,223,76
312,1136,1413,Shia000055Vols,220,5,218,150,66
312,434,774,ShamAY0035220,79,1216,1342,84,32
312,939,1432,Shamela0007891,846,1,444,296,67
312,880,1432,Shamela0005922,1427,593,1098,262,55
312,1043,1432,Shamela0005922,1442,16,377,275,87
312,192,793,Sham19Y0020591,1186,1069,1453,162,30
312,384,614,Sham19Y0148486,2244,1138,1498,134,48
312,880,1432,Sham19Y0148486,2245,509,1209,376,64
312,1026,1432,ShamAY0034123,908,550,1028,290,73
312,1026,1432,ShamAY0034123,1094,68,562,302,75
312,793,1432,Shamela0012579,657,717,1409,315,43
312,711,1432,JK001227,92,152,598,270,46
312,799,1432,Shamela0001733,2887,148,787,335,54
312,384,793,ShamAY0034134,1042,283,561,156,43
312,986,1432,ShamAY0034134,1043,477,907,285,71
312,1021,1432,Shamela0009810,606,447,875,266,67
312,957,1267,Shia001731Vols,326,1049,1424,212,64
312,1105,1348,Sham19Y0023625,1401,1,412,150,43
312,434,793,Shamela0025794,1028,844,1159,166,53
312,183,793,Shamela0025794,1144,222,767,194,33
312,434,986,JK000786,1094,603,1121,247,48
312,339,585,JK000022,897,196,400,135,67
312,434,793,Shamela0008970,194,146,306,111,39
312,891,1368,Shamela0008970,194,893,1492,297,62
312,1074,1432,Sham19Y0127677,6684,882,1178,224,76
312,694,1432,Shamela0008463,992,136,651,297,46
312,943,1432,Shia003732Vols,3567,130,637,253,48
312,575,1432,Shamela0001875,639,247,959,280,31
312,434,1432,Sham19Y0146127,1167,251,1044,451,52
312,1021,1432,Zaydiyya0000342,1040,183,609,295,82
312,957,1413,Shamela0036446,296,1011,1375,225,60
313,1099,1288,JK006884,11,1275,1462,139,91
313,976,1408,Shamela0009242,1671,740,1201,328,90
313,960,1408,Shamela0003118,2973,977,1332,238,65
313,940,1408,Shia002265Vols,5202,633,1062,285,74
313,1099,1408,Zaydiyya0000015,1630,1224,1532,236,95
313,876,1408,Shamela0035100,1503,419,950,295,61
313,943,1408,Shia001782Vols,740,974,1379,298,80
313,940,1408,Shia001782Vols,804,598,1004,310,83
313,976,1236,Shamela0000427BK2,1769,1267,1512,180,83
313,1236,1408,Shamela0000427BK2,1770,1,173,131,94
313,1104,1408,Shamela0000963,960,912,1214,221,90
313,811,1408,JK000916,9058,130,631,308,63
313,1058,1408,Shamela0011468BK1,629,512,878,236,80
313,940,1408,Shia000841Vols,2470,635,1056,322,87
313,775,1408,Shamela0023177,184,775,1385,437,86
313,943,1408,Shamela0021550,636,246,673,275,71
313,943,1077,ShamAY0035960,603,1399,1516,92,87
313,1,440,ShamAY0033760,108,872,1144,117,36
313,1099,1408,ShamAY0033760,112,916,1231,212,81
313,928,1408,ShamAY0033760,113,857,1273,260,64
313,928,1408,Shamela0000497,25,442,867,301,79
313,1099,1408,Shamela0021693,397,306,601,214,86
313,943,1334,Sham19Y0038171,2444,908,1473,227,46
313,943,1215,ShamAY0033523,602,1311,1520,160,74
313,1020,1408,Shamela0006610,418,460,729,198,62
313,836,1408,Shamela0005922,1440,1,555,429,93
313,1016,1299,Sham19Y0017747,722,1197,1485,224,98
313,798,1299,Shamela0021635,12,1015,1475,270,59
313,1,440,ShamAY0034123,908,938,1141,112,34
313,1109,1408,Shamela0000432,4625,747,1044,203,82
313,726,1404,Shamela0010517,838,633,1107,263,44
313,943,1190,Shamela0010517,2601,1304,1488,141,72
313,940,1404,Shamela0010517,2602,417,768,221,57
313,940,1408,ShamAY0038394,84,406,841,282,71
313,1099,1282,JK001227,92,1281,1461,135,89
313,792,1408,Shamela0021809,2809,793,1348,407,81
313,792,1408,Shamela0001733,1867,462,1062,466,94
313,792,1408,ShamAY0034134,1051,25,587,305,60
313,1099,1408,Sham19Y0132973,92,207,519,237,94
313,1109,1408,Shamela0028168,129,772,1065,206,84
313,1109,1408,Shamela0028168,131,678,971,206,84
313,940,1408,Shia002294Vols,308,753,1211,353,93
313,940,1408,Shamela0001438,7322,516,943,285,74
313,1128,1248,Sham19Y0023625,1411,1392,1508,91,95
313,1248,1408,Sham19Y0023625,1412,1,149,114,88
313,1109,1408,Shamela0021713,288,785,1077,220,92
313,1058,1408,Shamela0003055,1133,1020,1398,238,76
313,943,1408,Shamela0010283,1180,181,608,329,89
313,792,1158,Sham19Y0020868,368,1118,1470,271,91
313,1158,1408,Sham19Y0020868,369,1,253,197,99
313,940,1339,JK009390,5471,1156,1502,223,68
313,976,1408,Sham19Y0016952,229,89,482,288,81
313,1128,1408,Sham19Y0127677,289,105,386,188,82
313,940,1151,Sham19Y0127677,5276,1276,1460,129,74
313,943,1408,JK000734,126,215,621,307,82
313,1006,1408,Zaydiyya0000171,29,725,1142,308,93
313,990,1230,Sham19Y0123608,509,1224,1479,174,85
313,1230,1408,Sham19Y0123608,510,1,180,138,96
313,940,1408,Shamela0001875,642,667,1125,349,93
313,1099,1408,ShamAY0034059,3373,754,1065,237,93
313,1109,1408,Shamela0012884,2856,1,299,229,95
313,940,1408,Shamela0006947,5227,35,583,341,76
313,940,1169,Shamela0006947,11954,777,984,137,71
313,999,1408,Shamela0012027,392,1,365,280,86
313,1128,1408,Shamela0021590,571,6,247,182,81
313,943,1408,Shamela0011789,71,973,1317,262,70
313,1048,1408,Shamela0036446,297,30,550,237,52
314,1,293,JK006884,12,122,391,208,86
314,1,293,Shamela0009242,1671,1201,1450,188,78
314,692,1052,Shamela0003118,6638,1004,1468,242,57
314,642,1160,Shamela0022301,17,263,796,311,62
314,1,269,Shia002265Vols,5143,57,345,161,64
314,766,1144,Shia002265Vols,5166,439,877,186,41
314,1,263,Shia002265Vols,5202,1062,1338,165,66
314,692,990,Shia002265Vols,5207,940,1281,219,78
314,1027,1160,Shia002265Vols,5208,1,134,107,100
314,70,288,Zaydiyya0000015,1631,20,213,147,83
314,84,293,Shia001782Vols,741,1,190,145,85
314,639,913,Shia001782Vols,750,1201,1462,206,95
314,913,1484,Shia001782Vols,751,1,550,377,81
314,1,293,Shia001782Vols,804,1004,1277,213,88
314,1,293,Shamela0000427BK2,1770,173,433,192,79
314,1,293,Shamela0000963,960,1214,1475,193,80
314,502,1247,JK000916,23168,283,1251,369,42
314,622,1160,JK000916,23169,1,502,394,91
314,639,1132,JK001336,884,857,1441,290,53
314,622,1091,Shamela0021502,103,579,1052,373,97
314,585,727,Shamela0036357,1676,1051,1182,94,84
314,1,293,Shamela0011468BK1,629,878,1134,192,79
314,642,1160,Zaydiyya0000217,65,863,1503,350,62
314,1,317,Shamela0021642,738,849,1103,163,62
314,1,269,ShamAY0034230,954,901,1162,179,79
314,825,1160,Shia002165,13,379,966,213,43
314,1,293,Shia000841Vols,2470,1056,1310,193,80
314,1,263,Sham19Y0019188,937,551,829,185,80
314,1,263,Shamela0021550,636,673,957,188,78
314,692,1144,ShamIbadiyya0000185,1140,7,688,239,40
314,711,1217,JK005005,807,253,1041,318,46
314,639,1160,ShamAY0034300,27,762,1466,333,54
314,491,1160,Shia002034Vols,82,425,1084,490,89
314,1160,1484,Shia002034Vols,2041,239,557,244,91
314,642,1132,Zaydiyya0000133,131,904,1518,296,51
314,1,293,Shamela0000497,25,867,1199,210,75
314,1,317,Shamela0021693,397,601,828,161,62
314,1,293,Sham19Y0038171,2445,110,485,212,69
314,1,263,Shia001432Vols,1698,784,1009,167,77
314,702,1132,Shia001432Vols,26082,95,558,177,41
314,1,263,Shia001432Vols,27362,15,240,165,76
314,702,1091,Shia001432Vols,27414,761,1304,277,59
314,1,310,JK000001,3196,1066,1367,196,71
314,497,1160,ShamAY0033945,1654,690,1329,478,88
314,1,293,ShamAY0035035,9770,260,631,201,65
314,846,1160,Shamela0000738,265,1,378,204,61
314,1,317,Shamela0021677,640,529,783,163,62
314,639,937,Sham19Y0013783,686,1286,1553,210,87
314,949,1160,Sham19Y0013783,687,1,223,163,91
314,702,1091,Shia001401,77,794,1329,272,58
314,1,263,Sham19Y0026094,74,337,544,146,67
314,642,1302,JK001236,226,411,1258,444,63
314,1,293,Shamela0006610,418,729,965,176,73
314,692,1160,Shamela0026803,153,111,691,242,42
314,702,1132,Shia001153,41,334,792,176,41
314,1,293,Shamela0005922,1440,555,811,193,80
314,484,733,JK011633,166,1144,1363,148,74
314,747,1160,JK011633,167,1,390,304,90
314,639,1091,Zaydiyya0000013,188,678,1149,264,59
314,702,1160,Zaydiyya0000260,57,603,1210,332,64
314,1,293,Sham19Y0017747,723,115,377,195,80
314,1,263,Shamela0011993,899,178,433,178,79
314,639,1091,ShamAY0034817,16,1095,1480,261,69
314,293,474,Sham19Y0148486,2247,89,245,111,73
314,1,269,Shamela0021635,13,107,420,191,74
314,1,263,Shamela0000432,4625,1044,1325,184,78
314,711,1091,Shia001237Vols,421,1,539,269,58
314,1,263,Shamela0006146,239,891,1175,188,78
314,642,1160,ShamIbadiyya0000229,2102,166,803,387,72
314,622,1091,Shamela0010517,807,57,530,373,97
314,1,293,JK001227,93,128,399,214,90
314,491,1302,Shamela0021809,2480,500,1256,495,69
314,1,142,Shamela0021809,2809,1348,1488,115,99
314,142,293,Shamela0021809,2810,1,136,100,82
314,1,293,Shamela0001733,1867,1062,1335,215,90
314,491,990,Shamela0001733,3990,876,1391,370,86
314,946,1302,Shamela0001733,3991,36,457,207,55
314,491,1160,ShamAY0034134,1011,562,1205,453,80
314,622,990,ShamAY0034138,869,1128,1503,211,64
314,1,293,Sham19Y0132973,92,519,791,215,90
314,1,263,Shamela0028168,129,1065,1321,182,81
314,1,263,Shamela0028168,131,971,1227,182,81
314,642,1118,Shamela0026556,7,1014,1526,290,61
314,1,293,Shia002294Vols,308,1211,1499,209,82
314,1,263,ShamAY0032826,163,246,513,190,85
314,1,263,Shamela0001438,562,1211,1486,157,64
314,766,937,Shamela0001438,3920,1319,1541,121,66
314,743,1160,Shamela0001438,7253,213,771,331,72
314,1,263,Shamela0001438,7322,943,1198,154,65
314,702,990,JK001012,310,1122,1418,220,86
314,946,1302,JK001012,311,28,402,201,68
314,598,1091,Zaydiyya0000140,12,990,1471,315,74
314,639,1160,Sham19Y0023625,1363,214,679,343,79
314,1,293,Shamela0021713,288,1077,1350,215,90
314,702,937,Shamela0008176,2321,1277,1516,177,90
314,946,1160,Shamela0008176,2322,155,366,165,95
314,625,890,Shamela0096551,99,620,794,133,63
314,1,293,Shamela0010283,1180,608,882,216,90
314,1,293,Sham19Y0020868,369,253,527,214,89
314,1,263,JK000030,128,545,829,192,80
314,491,1240,JK000022,254,426,1448,388,43
314,497,849,JK000022,255,232,603,247,83
314,1,258,Shia000107Vols,1459,489,741,164,74
314,1,263,JK009390,264,1010,1290,162,66
314,639,1302,JK009390,3114,174,701,380,72
314,639,1160,JK009390,3650,679,1321,352,62
314,642,1160,JK009390,3671,328,1044,363,60
314,1,263,JK009390,5472,55,334,166,66
314,1,317,Sham19Y0013785,179,28,255,161,61
314,1,293,Sham19Y0016952,229,482,754,214,89
314,1,293,Sham19Y0127677,289,386,681,171,63
314,766,1144,Sham19Y0127677,2281,510,940,183,41
314,743,1160,Sham19Y0127677,5225,824,1373,327,72
314,1,263,Sham19Y0127677,5277,243,498,154,65
314,631,985,Sham19Y0127677,12688,944,1321,188,55
314,306,474,Sham19Y0127677,16569,309,474,105,72
314,622,1160,Sham19Y0148883,324,227,790,225,39
314,1,263,Shamela0021731,230,851,1132,189,78
314,1,263,Shamela0008463,998,123,404,185,79
314,825,1160,Shia004021,224,243,801,205,43
314,1,293,JK000734,126,621,871,190,79
314,1,263,Sham19Y0017817,527,117,322,144,67
314,1,263,Shamela0012052,650,1145,1383,152,65
314,639,985,eScr20120309,128,1193,1482,215,74
314,946,1160,eScr20120309,129,58,409,139,46
314,1,293,Zaydiyya0000171,29,1142,1390,187,77
314,1,263,Zaydiyya0000171,32,748,1004,180,79
314,532,1091,JK001186,28,945,1522,284,50
314,1,263,Shia000220Vols,564,653,881,162,74
314,1,293,Sham19Y0123608,510,180,439,192,79
314,1,263,Shamela0001875,642,1125,1380,198,92
314,340,474,Sham19Y0146127,1168,598,715,85,76
314,1,276,ShamAY0034059,3373,1065,1362,201,79
314,1,293,Shamela0012884,2856,299,582,206,81
314,1,263,Shamela0006947,5227,583,855,201,88
314,639,1091,Shamela0000678,120,1016,1507,244,50
314,491,1160,Zaydiyya0000342,1028,542,1317,465,69
314,1,293,Shamela0021590,571,247,504,193,80
314,702,990,Shamela0009429,2777,1118,1464,187,64
314,960,1160,Shamela0009429,2778,1,361,144,50
314,711,1160,JK005004,981,32,741,298,48
314,1,293,Shamela0036446,297,550,822,214,89
314,743,1474,Shamela0036446,299,14,635,462,77
315,607,1471,Shia002185Vols,2628,608,1370,504,67
315,1,141,Shia001782Vols,751,550,690,101,88
315,658,1487,Shia001782Vols,2941,8,774,548,78
315,572,1355,JK006838,1711,804,1528,428,59
315,1189,1482,SHAM19Y23644,1451,1,242,159,63
315,439,1009,Shamela0026542,162,965,1490,297,56
315,1016,1265,Shamela0026542,163,1,235,175,83
315,914,1189,Shamela0012320,1188,564,813,176,74
315,607,1170,Shamela0001686,622,884,1417,338,64
315,1170,1487,Shamela0001686,623,1,349,182,59
315,611,1471,Shamela0023685,1446,729,1418,397,51
315,715,1298,Shamela0021550,621,236,550,208,42
315,378,1249,Shamela0012981,592,716,1487,493,63
315,1249,1487,Shamela0012981,593,1,229,150,72
315,439,1009,Shia002034Vols,973,880,1434,407,86
315,1016,1487,Shia002034Vols,974,1,448,357,93
315,1,130,Shia002034Vols,2041,557,680,94,92
315,619,1298,Sham19Y0038171,2361,486,855,224,39
315,674,1180,Sham19Y0038171,2362,11,391,262,59
315,517,1333,Shia001432Vols,9318,799,1553,470,62
315,1215,1471,Shia001432Vols,9388,822,1055,153,69
315,693,1487,Shamela0012406,835,1,754,463,63
315,619,1298,JK000001,3153,33,405,226,39
315,674,848,ShamAY0035035,9516,1361,1494,89,57
315,619,1487,ShamAY0034249,7363,30,757,450,58
315,1180,1487,ShamAY0033053,440,561,854,187,71
315,378,1180,ShamAY0033053,441,368,1025,441,66
315,517,1215,Shamela0023644,733,1026,1551,306,50
315,611,1152,JK009242,442,722,1287,314,56
315,1231,1482,JK009242,443,8,256,151,65
315,619,1482,Shamela0021765,695,165,1036,552,68
315,243,977,Shamela0021765,2359,966,1482,326,50
315,981,1482,Shamela0021765,2360,1,471,314,72
315,176,1471,Sham19Y0122397,333,46,1154,678,57
315,658,1487,JK000911,625,1,666,437,61
315,604,1402,Shamela0009784,1363,817,1558,459,61
315,319,1379,Shia001334,193,1,731,499,55
315,368,1346,Sham19Y0127698,110,242,854,446,54
315,243,1384,JK006801,1118,636,1533,545,53
315,572,1482,Shamela0006025,440,31,844,481,56
315,530,1487,Shamela0012862,198,17,844,588,73
315,625,1265,Shamela0028168,656,428,709,186,35
315,810,1487,Shia001626Vols,384,1,658,409,67
315,604,1180,Shia001626Vols,448,546,1065,343,66
315,325,804,Shia003616Vols,3533,1140,1442,145,33
315,799,1318,Shia003616Vols,5675,67,556,332,72
315,679,1471,Shamela0009783BK1,1155,1,673,445,64
315,607,1180,Shamela0010283,3943,957,1483,361,70
315,1189,1487,Shamela0010283,3944,15,327,174,62
315,575,1437,Shamela0004445,2445,654,1541,478,55
315,259,1487,Sham19Y0020868,359,372,1300,668,63
315,464,1482,JK000022,1345,607,1495,500,52
315,898,1170,Sham19Y0127677,924,1204,1463,186,77
315,793,1471,Shamela0026568,1276,38,603,334,52
315,243,1170,Sham19Y0037618,6378,859,1521,413,50
315,337,1482,Shia003732Vols,5551,9,895,569,55
315,715,1482,Shamela0009384,53,27,775,427,57
315,715,1482,Shamela0098087,336,615,1105,264,38
315,783,1180,Sham19Y0014328,166,359,708,240,69
315,722,1437,ShamAY0034059,799,1,253,176,30
315,564,1437,ShamAY0034059,3799,994,1389,223,31
315,607,1482,Shamela0009770,660,571,1497,592,72
315,876,1141,Shia002389Vols,2137,643,874,162,73
315,439,1180,Sham19Y0145435,1639,876,1484,404,64
315,629,1482,Shamela0036446,278,735,1497,531,74
315,1,141,Shamela0036446,299,612,752,101,88
316,54,192,Shia002185Vols,2628,1375,1522,109,92
316,192,546,Shia002185Vols,2629,1,426,246,69
316,15,529,Shamela0003118,529,955,1531,260,48
316,15,529,Shamela0003118,530,912,1488,260,48
316,892,1489,Shamela0003118,539,59,611,400,81
316,821,1117,Shia002265Vols,2201,1143,1442,222,89
316,1117,1489,Shia002265Vols,2202,1,330,250,83
316,15,462,Shia002265Vols,3661,657,1110,300,77
316,15,546,Shia001782Vols,2941,779,1453,354,62
316,803,1422,Shia001782Vols,2953,879,1479,463,93
316,898,1489,JK006838,1697,12,614,359,63
316,15,562,JK006838,1712,193,760,298,54
316,15,517,SHAM19Y23644,1451,247,811,305,60
316,8,361,Sham19Y0018147,610,534,982,207,52
316,682,1046,ShamAY0034447,1519,790,1205,179,44
316,653,1489,Shia001134,261,35,819,515,73
316,15,546,Shamela0001686,623,354,895,351,73
316,682,898,Shamela0001686,625,961,1151,130,75
316,54,200,Shamela0023685,1446,1422,1552,101,82
316,8,546,Shamela0021550,624,696,1312,272,47
316,15,546,Shamela0012981,593,234,980,353,57
316,8,662,Shia002034Vols,974,448,1067,416,75
316,826,1467,Shamela0006596,43,1060,1294,180,35
316,1140,1489,Shamela0006596,44,11,301,209,73
316,8,159,Sham19Y0038171,2370,1281,1432,120,100
316,657,1489,Shia001432Vols,9364,1,780,514,73
316,15,350,Shia001432Vols,9388,1110,1508,193,55
316,15,546,Shamela0012406,835,759,1292,348,73
316,15,462,Zaydiyya0000037Vols,240,859,1313,234,50
316,8,200,JK000001,3156,1231,1521,143,59
316,15,462,ShamAY0033945,1407,740,1200,232,49
316,8,546,ShamAY0035035,9525,860,1454,256,42
316,15,507,ShamAY0034249,7363,762,1211,271,63
316,15,502,ShamAY0033053,440,859,1481,309,58
316,11,546,Shamela0023644,734,301,1179,378,52
316,15,546,JK009242,443,268,780,353,76
316,725,1106,Shamela0021765,692,71,386,217,70
316,15,446,Shamela0021765,695,1048,1548,303,70
316,15,642,Shamela0021765,2360,483,1148,388,64
316,15,462,Shamela0005922,1409,306,744,227,50
316,11,332,Sham19Y0122397,333,1166,1562,231,70
316,332,546,Sham19Y0122397,334,1,232,136,71
316,54,410,Shamela0009773,478,1202,1472,211,73
316,54,283,Shamela0000551,948,262,457,140,72
316,826,1326,Sham19Y0020594,181,798,1445,184,27
316,15,380,Sham19Y0013769,2360,791,1068,193,61
316,11,546,Shamela0006864,1824,307,969,398,73
316,11,454,JK000911,625,611,1029,263,67
316,682,1374,Shia001237Vols,272,972,1377,170,25
316,15,546,Shamela0009784,1364,93,643,355,74
316,559,1489,Shamela0013035,423,38,1012,361,35
316,559,1135,Shamela0013035,706,1002,1423,228,46
316,15,200,JK001286,55,1364,1521,117,73
316,665,1117,Shamela0010517,2611,1046,1541,247,53
316,1117,1489,Shamela0010517,2612,1,331,252,84
316,682,1319,JK006801,1116,640,1409,342,50
316,15,546,JK006801,1119,133,746,369,69
316,574,1489,Shamela0001733,621,7,869,644,84
316,15,546,Shamela0006025,440,849,1384,329,66
316,764,1489,Sham19Y0127700,384,640,1443,457,64
316,15,546,Shamela0012862,198,849,1524,349,61
316,15,361,Shia003707Vols,19,42,442,199,56
316,15,546,Shia001626Vols,384,663,1203,348,72
316,15,228,Shia004007,270,31,249,146,76
316,15,213,Shamela0001438,3928,1327,1532,144,82
316,826,1362,Shamela0001438,5956,1301,1460,79,17
316,830,1444,Shamela0001438,6439,1236,1463,142,27
316,1068,1489,Shamela0001438,6440,1,380,292,86
316,826,1444,JK009379,51,971,1181,145,29
316,15,361,Shia003616Vols,3535,984,1461,234,58
316,826,1489,Shia003616Vols,3552,256,964,443,71
316,11,589,Shamela0009783BK1,1155,685,1314,397,75
316,54,539,Shamela0006590,868,231,511,179,43
316,15,546,Shamela0010283,3944,332,875,354,74
316,15,546,Shamela0004445,2446,65,633,302,54
316,8,249,Sham19Y0020868,359,1300,1528,181,94
316,249,826,Sham19Y0020868,360,1,480,269,55
316,20,546,JK000022,1346,1,590,340,63
316,11,462,JK009390,2363,426,898,306,75
316,821,1346,JK009390,3666,1282,1422,60,12
316,974,1489,JK009390,3667,1,447,326,77
316,54,283,Sham19Y0145166,857,794,972,133,69
316,1,462,Sham19Y0127677,2286,958,1434,309,76
316,826,1437,Sham19Y0127677,3725,236,832,255,44
316,774,1489,Sham19Y0127677,4509,452,1133,487,83
316,682,898,Sham19Y0127677,17962,1247,1454,147,85
316,54,517,Shamela0026568,1276,607,1004,274,68
316,682,1319,Sham19Y0037618,6371,616,1385,342,50
316,15,546,Sham19Y0037618,6379,368,981,369,69
316,15,562,Shia003732Vols,5551,907,1537,356,62
316,830,1467,Shia003732Vols,5561,10,530,254,38
316,15,706,Shamela0009384,53,780,1528,357,50
316,15,462,Shamela0098087,336,1110,1470,257,68
316,826,1489,Shamela0005719,73,20,457,304,57
316,58,269,ShamAY0034059,799,258,456,141,78
316,58,259,ShamAY0034059,3799,1394,1570,133,82
316,58,269,ShamAY0034059,5655,1087,1272,141,83
316,20,567,Shamela0009770,661,1,597,334,60
316,11,857,Sham19Y0145435,1640,224,1006,439,58
316,20,546,Shamela0036446,279,1,644,355,65
317,13,851,Shamela0003118,539,611,1476,558,72
317,23,247,Shia002265Vols,2193,1238,1459,119,59
317,265,872,Shia002265Vols,2194,1,499,335,62
317,13,909,Shia002265Vols,2202,330,1147,622,86
317,46,635,Shamela0005539,290,156,576,267,53
317,13,883,Shia001782Vols,2954,68,854,604,86
317,13,883,JK006838,1697,614,1223,386,52
317,28,663,JK006838,1734,268,697,259,49
317,54,635,SHAM19Y23644,1456,859,1282,258,53
317,191,883,Shamela0011077,215,14,561,355,59
317,28,663,Sham19Y0122257,3404,207,694,297,54
317,1,142,ShamAY0034447,1517,1327,1468,98,84
317,156,891,ShamAY0034447,1518,7,778,460,66
317,540,872,Shia000121Vols,263,228,557,202,68
317,13,878,Shamela0011363,111,644,1454,474,60
317,13,710,Shia001134,261,809,1496,475,82
317,718,955,Shia001134,262,37,357,163,62
317,54,801,Sham19Y0145212,3701,19,626,351,55
317,13,942,Shamela0001686,625,60,985,529,62
317,476,883,Shamela0001686,638,956,1417,236,52
317,13,781,Shamela0023685,1451,779,1435,377,56
317,46,606,ShamAY0038409,107,1003,1396,236,50
317,13,858,Shamela0006596,44,301,890,383,54
317,582,866,Shia002406Vols,1355,299,617,200,76
317,13,649,Sham19Y0038171,2379,202,684,302,59
317,582,872,Sham19Y0038171,2388,752,1033,164,60
317,486,872,Sham19Y0038171,2389,744,1118,251,73
317,585,872,Shia002394Vols,713,989,1515,205,48
317,13,737,Shia001432Vols,9364,770,1485,480,77
317,601,891,Shia001432Vols,9375,98,416,225,86
317,592,891,Shia001432Vols,27415,312,975,182,33
317,13,891,Shamela0012406,838,257,1126,502,62
317,13,259,ShamAY0035035,9536,1292,1488,148,76
317,272,649,ShamAY0035035,9537,1,289,162,53
317,582,772,ShamAY0035035,9548,1233,1457,132,71
317,486,766,ShamAY0035035,9549,1193,1438,172,73
317,23,635,Shamela0023644,736,820,1292,294,54
317,23,883,Shamela0023644,741,348,1034,469,65
317,681,891,Shamela0009873,2128,745,1006,156,72
317,13,641,JK009242,445,254,810,313,57
317,13,635,Shia001171,87,854,1472,398,74
317,641,891,Shia001171,88,1,272,184,80
317,13,826,Shamela0021765,692,754,1444,453,64
317,582,858,JK000533,684,156,467,200,78
317,486,872,JK000533,685,251,636,255,73
317,28,663,Shamela0008360,927,917,1404,297,54
317,13,635,Sham19Y0020594,182,125,695,331,60
317,592,959,Shamela0010637,356,26,469,225,59
317,58,592,Shamela0000432,4172,427,931,180,34
317,699,891,Shamela0008473,1081,7,222,144,80
317,476,891,Shamela0009784,1376,629,1029,209,56
317,54,606,Shamela0009784,1376,1,490,269,56
317,585,748,Shia004092Vols,3590,1318,1481,127,97
317,28,866,Shia004092Vols,8902,433,1159,427,58
317,13,526,Shamela0013035,423,1002,1447,248,56
317,13,781,Shamela0013035,707,526,1092,303,46
317,582,737,Shamela0008658,677,1350,1515,111,82
317,592,883,Shamela0008658,2594,412,687,202,83
317,592,891,Tafsir09084,462,1253,1580,217,79
317,28,814,Shamela0010517,2610,816,1434,372,55
317,13,891,Shamela0010517,2612,331,1138,618,87
317,1,891,Sham19Y0127698,112,425,1205,471,58
317,1,301,JK006801,1116,1147,1461,194,71
317,407,872,JK006801,1117,8,465,303,72
317,13,521,JK001227,41,604,970,274,67
317,616,891,Shia003714Vols,709,1,305,200,77
317,641,891,ShamAY0034441,469,142,424,177,72
317,1,606,Shamela0001733,621,878,1469,447,91
317,606,955,Shamela0001733,622,1,342,233,74
317,1,866,JK007020,17,217,1125,517,63
317,83,858,Sham19Y0127700,385,5,529,347,53
317,13,238,Sham19Y0132973,55,1293,1464,132,73
317,238,521,Sham19Y0132973,56,1,185,137,60
317,676,891,Shia001146,367,1,239,163,82
317,606,909,Shamela0006593,67,513,877,210,68
317,23,872,Shamela0001438,5957,435,1157,467,62
317,13,891,Shamela0001438,6440,380,1187,618,87
317,606,891,Shia001278Vols,394,232,659,168,46
317,476,891,Shia001278Vols,524,1,414,178,38
317,13,808,Zaydiyya0000140,7,597,1486,574,76
317,13,521,JK009379,32,564,930,274,67
317,54,866,Shamela0008176,7582,746,1412,402,58
317,13,686,Shia003616Vols,3552,964,1492,342,58
317,28,883,Shia003616Vols,3605,609,1272,411,57
317,676,883,Sham19Y0018567,635,1,235,156,80
317,13,858,Shamela0006590,862,658,1324,405,55
317,13,663,Shamela0010283,3947,859,1449,349,60
317,667,891,Shamela0010283,3948,13,270,166,77
317,28,883,Shamela0004445,2483,310,1040,441,59
317,521,872,JK006670,51,737,1077,215,67
317,28,340,Shia003459BK1,100,363,648,177,66
317,13,909,JK009390,3667,447,1217,577,79
317,535,872,JK009390,4972,9,322,212,70
317,13,826,Sham19Y0145166,846,702,1477,453,63
317,28,641,JK000677,86,894,1422,305,55
317,13,872,Sham19Y0127677,3725,663,1398,471,62
317,13,368,Sham19Y0127677,4509,1133,1460,253,89
317,368,909,Sham19Y0127677,4510,1,502,379,86
317,62,891,Shamela0026568,1281,1,733,449,61
317,1,495,Sham19Y0037618,6371,1123,1513,248,56
317,495,872,Sham19Y0037618,6372,1,389,256,73
317,191,567,Shia003732Vols,5562,16,350,200,59
317,606,872,Shia003732Vols,5627,204,552,199,70
317,1,635,Shamela0098087,337,273,821,341,61
317,28,635,Shamela0005719,71,175,734,261,43
317,582,866,Shamela0012884,1190,986,1304,200,76
317,585,934,Shia002389Vols,436,156,605,216,58
317,28,778,Shamela0013033,75,788,1423,366,55
317,13,851,Kraken21042921,26,608,1519,514,64
318,815,1002,JK000021,2579,15,176,115,77
318,1028,1411,Shamela0000222,12,505,724,134,40
318,1167,1393,Shia001432Vols,27414,239,477,172,88
318,1167,1393,Shia001401,77,44,288,174,86
318,849,1349,Shia001237Vols,419,64,563,247,48
318,594,1002,Shamela0012579,1655,1019,1374,170,50
318,433,947,Shamela0001733,4575,194,658,212,48
318,844,1002,ShamAY0034134,1000,1,154,116,93
318,581,1002,Shamela0001438,6228,1075,1424,128,28
318,857,1002,Shia003101Vols,451,1,128,98,86
318,1028,1397,Shia001887Vols,739,779,1136,271,90
318,849,1002,Sham19Y0127677,4319,100,253,99,77
318,1167,1393,Shia001417,17,566,789,162,88
319,160,464,Shamela0009076,429,6,413,184,56
319,646,802,Shia002265Vols,810,582,1113,91,20
319,436,802,Shamela0026878,350,1097,1442,254,85
319,968,1361,Shamela0022547,2624,1,346,264,82
319,12,119,Shia001432Vols,27414,473,579,83,97
319,12,119,Shia001401,77,284,391,86,100
319,814,1361,ShamAY0035220,787,789,1344,403,85
319,453,987,ShamAY0035220,790,952,1358,253,55
319,547,1232,JK001236,237,432,721,167,29
319,145,430,Shia002218Vols,485,389,671,210,91
319,612,1255,Shamela0025800,1696,480,769,150,27
319,430,1080,Shamela0001719,593,835,1341,300,53
319,430,825,Shamela0003722,3535,1053,1425,266,82
319,430,802,Shamela0003722,5717,100,449,263,87
319,145,550,Shamela0001733,2744,843,1216,235,68
319,612,1353,Shamela0001733,4626,362,1023,415,64
319,453,987,Shamela0009810,624,138,547,255,55
319,646,785,Shamela0001438,3400,217,650,96,27
319,453,770,JK000481,64,564,854,203,78
319,337,987,Shia001731Vols,337,213,781,287,49
319,835,1399,Shia001887Vols,817,49,451,289,63
319,430,785,JK000022,403,25,361,199,64
319,808,1361,JK011645,7,387,875,331,70
319,430,785,Sham19Y0127677,10367,45,384,201,65
319,453,998,Sham19Y0127677,10426,127,563,240,48
319,327,802,JK007049,140,985,1449,238,58
319,538,992,Shamela0009329,517,177,555,204,55
319,453,1232,Shamela0004289,1182,310,676,186,28
319,531,1249,Sham19Y0013223,1253,836,1304,139,18
320,67,436,ShamAY0034055,755,284,532,159,51
320,1,436,JK000977,800,954,1293,202,53
320,1,472,JK000977,801,221,596,234,58
320,110,274,Sham19Y0122096,376,645,793,113,85
320,67,436,Shia002702Vols,715,301,538,159,53
320,1,472,ShamAY0033938,469,36,419,250,62
320,1,274,Shamela0000767,1052,1012,1268,192,86
320,67,472,Shamela0000216,115,1015,1295,198,59
320,699,1235,Shia001432Vols,27451,51,466,203,42
320,67,436,Shia001401,34,1101,1391,185,59
320,110,274,Shamela0008381,6244,1053,1221,130,96
320,1,241,Sham19Y0122406,1312,126,390,179,86
320,1,436,Shamela0001719,592,497,822,228,62
320,67,472,Shia002264,579,333,647,150,38
320,67,436,ShamIbadiyya0000229,2101,215,484,192,63
320,549,940,Shamela0001733,4635,1024,1377,252,77
320,1,436,Shamela0001733,4661,490,809,199,54
320,684,1447,Shamela0001733,4668,773,1290,294,46
320,105,760,Shamela0001733,4712,647,1287,243,38
320,1,436,Shamela0001733,4714,585,913,154,42
320,67,436,ShamAY0034134,974,995,1279,194,62
320,67,472,JK001012,309,191,484,199,59
320,741,1119,Shamela0000107,3079,1247,1434,124,41
320,90,472,Shamela0012014,223,199,476,194,61
320,67,472,JK007107,297,471,776,197,58
320,67,436,ShamAY0035003,7,9,285,194,63
320,75,472,Sham19Y0013223,1253,591,934,167,42
321,271,753,JK000977,847,632,1260,287,55
321,458,1095,Shamela0004289,768,613,1240,353,57
322,1,407,Shia001887Vols,822,639,978,203,58
323,64,963,JK000977,848,517,1507,652,78
323,963,1148,JK000977,849,1,188,147,93
323,150,463,Shamela0022797,648,523,728,119,45
323,808,1123,Shamela0031372,392,440,680,165,61
323,110,1354,Shamela0021502,81,93,1459,727,59
323,64,1162,ShamAY0033910,428,403,1551,761,76
323,48,1007,ShamAY0033910,842,127,1105,662,78
323,279,1007,ShamAY0033910,843,1,765,539,83
323,353,1354,Shamela0010437,237,1,884,533,60
323,19,752,ShamAY0032839,3,673,1471,479,69
323,759,1148,ShamAY0032839,4,1,374,285,88
323,64,382,ShamAY0033938,496,976,1469,184,43
323,390,1354,ShamAY0033938,497,8,1372,582,49
323,1154,1475,JK000021,121,335,645,198,70
323,1202,1475,Shia002034Vols,1178,1,245,185,83
323,13,1354,Sham19Y0001729,2449,7,1396,841,71
323,48,1007,ShamAY0035249,23,144,1101,641,75
323,290,1320,ShamAY0035249,24,1,969,577,62
323,150,924,Sham19Y0016934,1243,741,1504,487,69
323,175,550,ShamAY0035035,2816,1162,1580,231,60
323,550,1140,ShamAY0035035,2817,1,567,369,67
323,169,1148,Shamela0007289,3611,1,1037,642,69
323,161,1354,JK000475,453,1,1143,742,69
323,48,333,JK000475,1886,1175,1416,159,70
323,68,659,JK000475,1887,831,1529,422,71
323,659,1007,JK000475,1888,1,306,234,81
323,80,1053,JK007065,1450,380,1525,616,60
323,101,1033,Sham19Y0020638,413,448,1507,609,65
323,150,924,Sham19Y0017616,130,620,1478,519,68
323,59,838,ShamAY0034005,356,461,1466,527,62
323,838,1354,ShamAY0034005,357,1,556,311,63
323,175,948,Shamela0008362,987,773,1519,453,63
323,948,1148,Shamela0008362,988,1,227,152,80
323,1007,1399,Sham19Y0018610,112,571,1102,165,30
323,1135,1524,JK011633,405,826,1104,186,59
323,569,1140,Sham19Y0122406,1375,989,1554,380,73
323,150,569,Sham19Y0122406,1375,36,584,295,64
323,80,816,Shamela0026813,53,733,1554,489,68
323,816,1148,Shamela0026813,54,1,323,253,90
323,80,781,Shamela0025800,3164,641,1512,457,59
323,781,1148,Shamela0025800,3165,1,384,246,69
323,110,776,ShamAY0038413,82,764,1556,443,65
323,776,1148,ShamAY0038413,83,1,397,255,70
323,13,876,Shamela0009357,2,638,1538,557,71
323,876,1148,Shamela0009357,3,1,263,202,88
323,13,1148,Shamela0003722,3670,82,1260,756,74
323,80,671,Shamela0006262,5,751,1500,389,59
323,671,1354,Shamela0006262,6,1,667,349,49
323,80,632,Shia003461Vols,59,864,1466,389,77
323,632,1354,Shia003461Vols,60,1,630,428,66
323,13,1140,Sham19Y0148271,2310,286,1535,702,62
323,303,1148,ShamAY0038405,204,1,1031,589,66
323,110,957,ShamAY0038419,110,731,1602,506,61
323,80,350,ShamAY0034134,1080,1030,1445,161,46
323,350,1148,ShamAY0034134,1081,1,706,484,70
323,169,366,Shia001626Vols,34,1338,1571,115,55
323,375,766,Shia001626Vols,35,8,440,273,72
323,64,1148,Shamela0026884,471,235,1375,767,78
323,217,1148,Shamela0029738,20,1,934,631,76
323,80,1148,JK009154,219,310,1381,727,77
323,19,881,ShamAY0032864,20,626,1530,535,67
323,881,1148,ShamAY0032864,21,1,254,194,87
323,150,1354,Shamela0025794,4929,69,1359,732,61
323,446,1354,Shia003616Vols,2271,1,906,526,61
323,64,439,Sham19Y0123665,853,1026,1512,197,43
323,418,1148,Sham19Y0123665,854,16,767,479,68
323,48,1020,Shia001887Vols,820,571,1515,689,84
323,418,1148,Sham19Y0127677,6295,26,589,403,65
323,64,433,Sham19Y0127677,8696,899,1466,223,46
323,449,1148,Sham19Y0127677,8697,1,709,482,75
323,13,1015,Shamela0010025,3,514,1549,660,73
323,64,1033,Shia002206,71,381,1425,665,74
323,80,339,Shamela0026324,5788,214,442,167,82
323,390,787,Shamela0012052,2007,279,642,222,60
323,120,682,Shamela0023695,789,801,1511,341,53
323,682,1123,Shamela0023695,790,1,443,283,70
323,175,509,Shamela0026662,111,1137,1505,200,59
323,509,1148,Shamela0026662,112,1,629,411,70
323,390,787,Shamela0025791,848,350,706,215,59
323,150,1393,Shamela0001875,663,259,1502,726,61
323,390,1148,ShamAY0034383,546,547,1340,522,73
323,80,1067,Shamela0012531,309,549,1514,660,78
323,169,476,JK007107,345,1192,1536,191,61
323,476,1148,JK007107,346,1,676,455,74
323,13,905,JK000130,429,617,1517,569,69
323,905,1354,JK000130,430,1,424,237,57
323,48,1007,JK000130,843,303,1280,662,78
323,150,1007,JK000130,844,6,942,638,81
323,150,1148,Shamela0036446,303,73,1139,669,70
323,524,801,Sham19Y0132524,828,1254,1538,195,79
323,150,524,Sham19Y0132524,828,167,658,261,62
323,816,1020,Sham19Y0132524,829,6,230,123,58
325,1032,1365,JK006833,32,680,1087,137,33
325,1108,1365,Shia002616Vols,1291,755,1065,110,38
325,1032,1371,Shia001976Vols,1344,346,751,144,40
325,1032,1262,Shia002034Vols,577,1297,1521,154,79
325,987,1382,Sham19Y0020879,197,833,1283,160,38
325,1108,1365,Sham19Y0020891,2372,957,1219,119,47
325,1104,1365,JK001236,272,935,1198,131,53
325,1108,1365,Shamela0025800,944,1019,1323,129,46
325,1032,1378,Shamela0003722,3905,603,937,236,81
325,1108,1365,Tafsir07057,665,1127,1437,110,38
325,1108,1317,Sham19Y0020583,859,745,1024,112,49
325,1108,1401,Shamela0001438,7760,884,1173,119,43
325,1057,1382,Shamela0025794,5083,240,628,137,39
325,1,208,Shamela0012750,217,70,297,143,75
325,1077,1382,JK000786,2908,96,403,147,51
325,872,1371,Shamela0001456,355,364,816,154,34
325,1032,1365,Shamela0000782,1203,704,1091,140,40
325,1108,1365,Sham19Y0127677,5658,1132,1393,121,47
325,1032,1365,Sham19Y0127677,14625,183,576,140,40
325,1057,1345,Sham19Y0127677,20612,792,1158,129,41
325,1,522,Shia002094,20,1100,1403,165,34
325,1028,1365,Sham19Y0037618,1091,49,440,147,42
326,1064,1318,Shamela0003118,4175,275,502,160,78
326,1092,1298,Shia002265Vols,218,725,920,149,90
326,42,409,Shia001782Vols,2191,795,1139,252,86
326,42,409,Shia001782Vols,2420,997,1337,248,86
326,42,592,Shia001782Vols,3613,146,742,290,56
326,1,409,Shamela0009567,978,868,1268,280,82
326,42,409,Shamela0001404,219,675,1036,268,92
326,133,317,Shia001625,215,1,165,123,86
326,592,1129,JK000916,11825,24,642,297,56
326,998,1318,JK000916,14166,713,1027,194,72
326,877,1391,ShamAY0032844,5,573,1129,225,46
326,1,272,Shamela0007798,1911,1155,1415,183,84
326,1006,1279,Shamela0007798,1912,295,891,153,31
326,272,572,Shamela0007798,1912,1,438,142,32
326,1,409,Shamela0007798,1913,655,1028,276,85
326,952,1312,Shamela0026878,136,738,1087,263,91
326,586,1129,JK000329,9,147,656,294,60
326,946,1302,JK000329,12,384,1065,213,38
326,612,1129,ShamAY0033938,1459,875,1396,268,56
326,28,311,Sham19Y0020937,215,800,1098,140,56
326,633,1129,Shamela0012981,703,20,469,237,55
326,586,946,Shamela0026733,9,36,615,241,49
326,830,1279,ShamAY0034403,182,1,306,211,58
326,101,409,JK007006,1355,1032,1415,168,49
326,42,317,Shia002406Vols,956,916,1135,166,77
326,596,1096,Shamela0009200,192,858,1330,254,59
326,175,946,JK001487,358,17,616,313,44
326,946,1307,Shamela0009642,16,597,944,184,59
326,756,1279,Shamela0007289,4821,686,1043,183,37
326,612,946,JK000475,1615,1054,1324,183,65
326,604,946,ShamAY0034005,13,1031,1359,229,81
326,42,548,Shamela0008353,218,83,487,279,69
326,248,399,Shamela0021660,4104,1199,1541,102,37
326,704,946,Shamela0022921,123,1153,1375,174,90
326,1038,1312,Shamela0022921,124,124,365,155,67
326,42,586,Sham19Y0014592,1507,347,993,331,64
326,1,409,ShamAY0033973,331,801,1174,278,86
326,69,409,Shamela0023578,537,115,454,234,81
326,704,1286,Shamela0025800,1826,466,914,315,67
326,69,409,Shamela0008473,885,7,332,246,91
326,105,946,Shamela0008473,2127,1,761,433,63
326,612,882,Shamela0009270,156,1174,1438,184,83
326,523,1129,Shamela0009270,347,585,1367,312,46
326,612,946,Shia001831Vols,509,167,481,219,79
326,873,1307,Shamela0030432,21,787,1221,202,50
326,608,965,Sham19Y0018144,2837,903,1419,234,53
326,586,1302,Shamela0006870,52,123,990,383,48
326,704,1286,Shamela0023628,1522,306,717,291,62
326,623,946,JK009179,98,931,1189,188,73
326,877,1337,Shamela0013035,260,566,1408,213,31
326,612,946,ShamAY0033598,286,559,860,223,84
326,652,946,Sham19Y0148271,1171,189,450,203,87
326,8,409,Sham19Y0148271,2371,1027,1402,262,83
326,64,328,Tafsir09084,355,1058,1315,180,85
326,42,395,Tafsir09084,1031,1151,1475,237,85
326,998,1307,Shamela0004473,7772,19,291,164,64
326,704,1279,Shamela0023606,179,855,1257,283,61
326,21,548,ShamAY0033974,64,837,1344,294,63
326,491,1129,Shamela0001733,3012,165,642,284,51
326,1,409,Shamela0001733,4679,146,514,278,87
326,1,409,ShamAY0034134,597,450,650,135,42
326,1092,1307,Shamela0001438,6413,606,819,155,90
326,608,1129,Shamela0025794,1223,283,733,278,65
326,1064,1233,Shamela0025794,2438,1302,1463,119,87
326,1,409,Shamela0025794,5062,691,1080,276,83
326,21,586,JK000786,2908,122,649,205,36
326,28,592,Shamela0007767,9,1,756,210,28
326,457,1134,Shamela0008970,65,319,1039,279,38
326,185,409,JK009390,3220,14,228,157,89
326,133,523,JK009390,3281,1,331,201,59
326,203,529,JK009390,3325,638,881,168,66
326,1092,1307,Sham19Y0127677,4467,63,274,161,93
326,37,409,Sham19Y0127677,8695,546,901,254,84
326,586,1129,Sham19Y0127677,19555,546,1024,268,56
326,448,1150,Shamela0008680,108,596,1308,356,54
326,1,328,Shamela0008680,109,470,673,141,54
326,21,364,Sham19Y0037618,1091,128,483,168,55
326,189,409,Shamela0010443,85,7,237,161,86
326,608,965,ShamAY0032665,2837,813,1329,234,53
326,810,1307,Shamela0013022,26,155,634,206,46
326,189,402,Sham19Y0018272,1733,1239,1463,120,62
326,42,409,Shamela0012884,948,979,1322,253,85
326,592,946,Shamela0026742,16,766,1102,241,84
326,592,870,Shia001960,80,824,1062,170,78
326,1006,1286,Shia001960,81,1133,1368,158,69
326,514,790,Shia001960,83,823,1148,168,60
327,1,669,JK006833,207,1037,1461,144,23
327,20,565,Shamela0003118,1319,470,970,249,50
327,12,347,Shamela0026542,158,1142,1489,215,73
327,1,355,JK000916,3465,94,463,217,69
327,12,161,JK000329,12,1296,1450,102,83
327,161,583,JK000329,13,1,145,95,28
327,1,372,Sham19Y0001729,401,396,763,217,65
327,1,355,ShamAY0033945,617,604,969,221,68
327,1,545,Shamela0021476,27,890,1454,280,52
327,886,1380,ShamAY0034005,1495,136,618,182,39
327,1,550,Shamela0000956,1416,418,889,189,39
327,1,583,Shamela0007891,69,438,781,221,46
327,97,583,Shamela0022921,123,502,775,162,41
327,68,355,Shamela0022921,124,402,717,186,74
327,1,583,Shamela0001719,4781,261,800,277,54
327,12,583,Shamela0008473,2126,605,1199,291,54
327,1,583,Sham19Y0017535,19,1069,1347,144,30
327,1,372,Shamela0000041,392,1015,1400,225,68
327,44,423,Shamela0006870,53,1,404,204,56
327,68,254,Tafsir07057,2183,1015,1192,116,80
327,1,587,Shamela0008206,860,1074,1359,162,33
327,1,587,Shia002231Vols,619,1211,1488,165,34
327,101,238,Shamela0013035,260,561,691,91,85
327,1,287,Shamela0013035,261,496,818,184,69
327,12,405,Sham19Y0148271,2027,1102,1514,219,65
327,68,583,Tafsir09084,1031,871,1245,234,55
327,1,339,Shamela0004473,7771,1118,1428,206,78
327,365,812,Shamela0001733,1671,1,377,183,46
327,1,361,Shia002069Vols,138,1084,1414,254,88
327,1,812,Shamela0006446,346,125,644,271,36
327,140,355,Shamela0001438,3405,268,543,116,42
327,12,318,Shamela0025794,3242,1054,1366,194,75
327,1,565,Shamela0008210,56,1197,1467,185,41
327,140,355,Sham19Y0127677,1908,656,1060,130,38
327,12,318,Sham19Y0127677,19943,503,815,198,76
327,1,583,Shamela0013022,26,16,510,284,61
327,97,355,ShamAY0034059,730,949,1426,167,40
327,205,355,JK000914,1034,1,173,108,73
327,1,583,Shamela0000736,3315,1150,1482,191,36
328,40,430,Sham19Y0014119,69,361,611,168,52
328,758,1220,JK000977,148,201,671,197,41
328,1,394,Shamela0021537,42,1096,1472,218,63
328,23,388,Shamela0021537,46,28,254,157,53
328,1,600,Shamela0021537,6315,45,789,274,37
328,23,388,Shamela0021537,6318,543,773,163,55
328,67,174,ShamAY0034068,3473,880,996,82,89
328,53,550,Sham19Y0017063,54,787,1295,234,50
328,550,978,Shia001782Vols,33,198,625,192,42
328,16,188,ShamAY0033886,139,1,159,111,79
328,26,315,Shia002616Vols,2720,1,199,140,60
328,23,188,JK000362,219,1465,1619,112,81
328,23,647,Shamela0010639,140,55,479,255,51
328,600,812,Shamela0012220,1599,319,510,123,65
328,1,318,ShamAY0033938,88,463,804,178,59
328,291,430,Shamela0002864,1661,867,1088,96,53
328,922,1357,Shamela0012981,1199,665,1080,235,68
328,255,974,Shamela0004482,793,706,1268,214,29
328,49,677,Shamela0009200,55,61,743,279,48
328,1,365,Shamela0009200,244,374,830,186,45
328,812,1014,Shamela0013087,259,1146,1301,107,69
328,8,600,JK007065,932,671,1089,273,57
328,26,600,Shamela0008493,244,109,593,251,54
328,1025,1357,ShamAY0033053,266,128,435,199,74
328,40,430,Shamela0008381,479,607,870,168,54
328,787,974,ShamAY0034005,31,1109,1349,136,68
328,1,388,ShamAY0034005,1495,375,838,201,46
328,437,752,Shamela0007891,48,166,430,161,59
328,513,738,Shamela0023594,1818,72,279,148,78
328,513,758,Shamela0013027,153,481,700,160,80
328,1,194,Sham19Y0122406,289,1236,1412,133,85
328,752,974,Shamela0003722,2517,581,786,133,72
328,26,188,Sham19Y0017729,47,1290,1435,111,84
328,1,603,Sham19Y0018144,252,618,1254,316,53
328,198,695,JK000384,164,848,1377,258,51
328,53,600,Sham19Y0017791,68,165,834,217,32
328,57,700,Shamela0008206,90,19,659,246,35
328,67,732,Shamela0010517,2580,1009,1523,325,58
328,278,941,Shamela0013132,158,207,862,259,42
328,53,600,Shamela0004473,3593,1,929,251,28
328,23,616,Shamela0004473,3596,506,990,215,38
328,1,388,Sham19Y0016946,463,960,1443,208,47
328,16,430,Sham19Y0013572,978,923,1185,177,53
328,752,1228,Shamela0001733,2257,959,1310,208,55
328,23,388,ShamAY0034134,852,1243,1498,168,55
328,513,763,ShamAY0034134,855,773,1006,166,81
328,23,188,Sham19Y0023625,1225,346,511,124,91
328,513,752,Sham19Y0023625,1228,639,855,157,80
328,513,738,Shamela0009698,7,1,199,149,81
328,600,812,Shamela0026324,4997,505,698,122,65
328,1,603,ShamAY0032665,252,632,1268,316,53
328,49,315,Sham19Y0017903,46,1,334,137,51
328,13,941,Shamela0004289,45,67,850,348,42
328,787,978,Shamela0004289,47,217,382,118,79
328,26,188,Sham19Y0132524,209,921,1066,111,84
328,8,388,Shia001960,237,402,763,203,58
329,4,260,JK000021,1432,1186,1440,177,83
329,484,1263,JK000475,1569,1114,1414,166,27
329,44,293,Sham19Y0020638,1039,163,421,139,66
329,34,333,Sham19Y0122406,3441,1202,1493,168,68
329,1109,1454,Sham19Y0122406,3441,1202,1601,152,42
329,1112,1454,Sham19Y0018144,2459,730,1101,152,48
329,15,682,Shamela0005610,149,399,663,199,37
329,15,905,Shamela0021809,3271,83,556,208,26
329,1119,1463,Shamela0021809,3271,765,968,58,17
329,34,682,Shamela0025794,4259,631,897,155,29
329,15,268,Shamela0025794,4275,1232,1475,189,92
329,15,682,Shia001887Vols,2650,684,948,199,37
329,15,410,Shamela0021684,6,65,490,246,62
329,34,592,Shamela0026324,1043,1055,1230,105,24
329,1112,1454,ShamAY0032665,2459,628,999,152,48
329,34,410,Shamela0004289,1402,837,1292,197,52
330,528,1168,Shamela0013178,67,578,1263,252,39
330,246,489,Shamela0012981,1827,1120,1346,110,44
330,1052,1368,Sham19Y0122406,3441,1212,1604,171,52
330,154,354,Shamela0001733,949,966,1186,89,50
330,178,373,Shamela0001733,3734,38,226,115,68
330,1052,1425,Shamela0004289,1402,847,1299,177,45
331,261,779,Zaydiyya0000004,673,314,485,123,29
331,261,779,Zaydiyya0000064,728,375,550,123,29
331,475,942,Shamela0026440,16,611,1018,298,80
331,521,876,Shamela0021578,10,1097,1422,248,86
331,497,954,Sham19Y0014462,181,653,1057,292,78
331,497,876,Sham19Y0001729,2029,933,1276,260,85
331,728,1122,Shamela0000216,101,1,438,145,30
331,497,882,ShamAY0033522,701,340,712,273,86
331,212,1133,Sham19Y0020638,1039,243,883,255,28
331,513,1015,Shamela0028107,692,1,620,304,58
331,497,745,Shamela0007891,2061,1259,1485,174,88
331,745,958,Shamela0007891,2062,1,199,112,68
331,497,1045,Shamela0000551,2991,205,810,316,56
331,225,876,Shamela0025800,472,614,1298,315,47
331,261,779,Shia000812Vols,734,265,440,123,29
331,705,876,Shamela0001719,4367,1,157,117,83
331,497,876,Sham19Y0006684,4231,688,1053,269,86
331,497,779,Sham19Y0006684,4232,1119,1393,199,85
331,460,1430,Sham19Y0018144,2457,283,1168,469,55
331,521,1122,Sham19Y0018144,2459,745,1272,199,35
331,407,1035,Shamela0001733,1082,1,418,130,23
331,280,876,Shamela0021735,1366,269,863,320,59
331,608,1015,ShamIbadiyya0000155,12,887,1208,212,65
331,497,1141,Shia002119Vols,3626,674,1183,327,63
331,598,882,Shamela0012399,3799,1,284,206,86
331,497,779,Shamela0012399,3803,719,1214,200,50
331,672,876,Shamela0012399,3805,1156,1388,149,78
331,460,1430,ShamAY0032665,2457,188,1073,469,55
331,280,1122,Shamela0036446,1012,1014,1416,230,33
331,407,1020,Shamela0021479,224,64,630,327,59
332,374,1279,Sham19Y0018144,2457,283,1177,465,58
332,374,1279,ShamAY0032665,2457,188,1082,465,58
333,645,954,Shamela0003118,1100,93,409,201,77
333,190,1351,Shia002009,89,426,759,174,18
333,1051,1310,Shamela0026542,40,693,931,148,67
333,674,960,JK000916,2840,1,283,207,88
333,629,1186,ShamAY0033938,1268,9,571,281,58
333,689,1316,Shamela0008493,97,881,1425,319,60
333,693,954,Zaydiyya0000053,418,1281,1532,174,80
333,763,954,Shamela0009780,914,1,184,128,79
333,1121,1426,Sham19Y0122406,3441,1278,1601,161,52
333,629,954,Sham19Y0122406,3443,1087,1399,216,80
333,1118,1310,Sham19Y0014309,570,847,1018,128,83
333,621,976,Sham19Y0018144,2460,498,878,234,74
333,570,1131,Shamela0026862,11,240,735,255,48
333,570,1181,Shamela0012579,2397,54,597,185,33
333,725,954,Shamela0021713,562,287,505,157,84
333,629,1186,Shamela0009107,392,78,635,272,52
333,570,1226,Shamela0008970,175,553,1180,280,50
333,8,570,JK000735,198,52,389,158,33
333,666,1310,JK000735,198,898,1150,135,24
333,621,976,ShamAY0032665,2460,414,794,234,74
333,1121,1310,Shamela0004289,1402,913,1097,125,82
334,325,513,Shamela0003118,1100,143,340,127,72
334,328,776,Shia001782Vols,2388,203,559,196,50
334,197,988,Shamela0026542,40,614,1148,175,23
334,313,513,JK000916,2840,1,206,136,75
334,291,743,Shia002034Vols,2188,1,369,212,49
334,11,864,Sham19Y0001729,2029,643,1175,212,27
334,910,1347,ShamAY0033945,586,791,1332,171,38
334,943,1154,Shamela0008493,106,947,1309,132,43
334,1,864,JK009237,2623,621,1080,170,22
334,200,928,Sham19Y0018144,2457,248,1005,220,24
334,183,1028,Sham19Y0018144,2458,216,1154,336,40
334,1,802,Shamela0012579,1612,1094,1408,176,25
334,884,1434,Shamela0001733,4709,673,1213,149,24
334,724,864,Shia001764Vols,2140,1083,1504,97,28
334,183,845,JK009390,3159,1024,1450,265,48
334,200,928,ShamAY0032665,2457,153,910,220,24
334,1,402,Shia003732Vols,3084,1174,1400,127,37
334,11,776,Shamela0012884,2550,925,1412,253,37
334,683,1150,Shamela0004289,1402,913,1377,132,27
335,361,852,Shamela0012991,133,530,917,220,51
335,1,220,Shamela0012991,146,698,885,137,79
335,300,727,Shamela0012865,78,933,1275,187,46
335,67,733,Shamela0013027,68,933,1246,166,30
335,1,226,Shamela0008473,1920,932,1090,124,69
335,1,226,ShamAY0032851,15,488,748,169,77
335,1,226,Shamela0012862,797,800,958,124,69
335,539,900,Shamela0025794,2190,10,375,169,51
335,239,727,Shamela0010831,34,684,1113,213,45
335,339,750,Shamela0098087,248,675,1014,170,43
335,733,908,Shamela0023764BK3,774,526,707,109,73
336,840,1412,ShamAY0032902,13,322,931,339,66
336,882,1425,Shamela0003118,6293,356,886,310,63
336,36,764,Shia002265Vols,2426,7,273,185,31
336,1,175,Shia001782Vols,692,1280,1454,140,100
336,469,1297,Shia001782Vols,693,624,1251,338,45
336,175,307,Shia001782Vols,693,1,136,102,97
336,877,1425,JK000916,21982,24,568,327,67
336,1155,1485,Shamela0021642,502,514,883,250,81
336,951,1485,ShamAY0033910,682,511,1068,385,80
336,1041,1485,Tafsir02096,1491,412,890,340,85
336,36,747,Shamela0012034,380,1016,1509,293,50
336,36,307,Shamela0012034,381,989,1242,185,83
336,951,1485,JK001266,47,387,910,332,66
336,31,331,Shia002034Vols,266,409,731,180,61
336,36,1165,Sham19Y0001729,381,781,1481,377,40
336,398,1078,Shamela0005756,4557,625,1188,274,41
336,1155,1485,Shamela0007360,110,1166,1535,250,81
336,847,1425,Shamela0008540,1821,1,534,333,63
336,1291,1485,ShamAY0035035,1830,765,1168,104,33
336,946,1455,JK000475,1121,938,1461,360,79
336,1,764,JK001171,96,137,456,224,36
336,159,764,JK001236,233,618,749,84,18
336,809,1297,Shamela0117359,398,1066,1501,299,71
336,1155,1481,Sham19Y0014153,89,1101,1456,239,78
336,1,1049,ShamAY0033949,202,740,1341,258,25
336,1008,1474,Sham19Y0020944,328,299,826,292,60
336,493,764,Shamela0000956,743,594,892,179,67
336,36,781,JK010475,21,852,1375,317,52
336,36,512,JK010475,22,829,1262,226,53
336,1274,1485,Sham19Y0127656,747,1,213,159,90
336,809,1165,Sham19Y0020591,553,790,1087,211,72
336,961,1408,ShamAY0033973,235,665,1156,314,75
336,1059,1485,Shamela0002300,1976,945,1464,219,43
336,951,1485,Shamela0003722,4163,225,751,357,73
336,961,1335,Shamela0008473,1481,1199,1575,266,80
336,42,536,Shamela0009270,126,1,546,286,58
336,36,1068,Shia002231Vols,201,7,476,232,25
336,925,1485,Sham19Y0148271,379,342,883,351,70
336,1008,1485,Shamela0010517,780,235,735,346,80
336,36,764,Shamela0005610,127,121,380,173,29
336,36,764,Shia001374,164,673,932,173,29
336,327,850,Shamela0001733,2254,1,516,368,80
336,1,155,Shamela0001733,2262,1294,1448,125,100
336,155,1068,Shamela0001733,2263,1,314,174,23
336,36,821,Shamela0001733,2336,568,864,225,35
336,36,378,ShamAY0033943,86,1095,1421,180,55
336,961,1485,ShamAY0034134,805,271,831,361,74
336,1304,1485,Shamela0021715,9581,102,478,139,46
336,473,756,Shamela0012862,795,236,612,168,48
336,910,1408,Shamela0009810,537,34,565,338,74
336,1068,1485,Shamela0001341,83,1,398,285,79
336,36,764,Shamela0001438,268,7,272,185,31
336,910,1408,Shia001731Vols,287,380,908,338,74
336,159,764,Sham19Y0023625,1176,143,272,88,18
336,36,1068,Shamela0009107,612,365,776,251,30
336,951,1425,Shamela0025794,2606,988,1485,321,72
336,36,764,Shamela0008223,128,835,1094,187,32
336,36,764,Shia001887Vols,2628,506,765,173,29
336,1008,1485,Shia001544Vols,1356,811,1249,311,74
336,934,1485,JK000786,2943,320,813,316,63
336,36,512,Shamela0023102,7,1088,1466,204,49
336,809,1425,Shamela0030327,137,359,957,376,66
336,781,1425,Shamela0008970,134,100,717,378,63
336,896,1425,Shamela0010444,15,724,1250,321,68
336,939,1425,Shamela0010444,39,57,558,340,80
336,36,764,JK009390,203,721,988,185,31
336,36,781,JK009390,3002,852,1116,207,35
336,36,764,Sham19Y0127677,150,190,455,184,31
336,809,1425,Sham19Y0131521,2219,475,1056,374,66
336,925,1485,Sham19Y0037618,1166,593,1137,366,75
336,1,764,Shia003732Vols,3463,331,660,242,39
336,997,1485,Sham19Y0018272,264,622,1129,342,77
336,1,512,Sham19Y0132403,161,527,987,269,59
336,1008,1408,Sham19Y0019230,79,1112,1552,307,83
336,36,794,Shamela0008233,2,887,1173,194,32
336,951,1485,JK000130,683,768,1324,385,80
337,869,1393,Shia001782Vols,693,1037,1476,221,41
337,152,811,Shia001976Vols,327,12,555,355,64
337,143,707,ShamAY0034282,1804,193,679,352,75
337,280,707,Shamela0012034,381,459,899,323,88
337,82,854,JK000021,126,698,1407,397,57
337,176,833,Sham19Y0001729,381,1,693,413,69
337,931,1333,Shamela0005756,4558,1116,1459,138,33
337,520,732,JK001236,233,796,1019,149,83
337,280,707,JK010475,22,303,739,323,88
337,283,707,Shamela0021765,607,779,1143,259,69
337,148,707,Shamela0021765,2209,764,1231,343,73
337,114,833,Shia002231Vols,200,693,1366,438,71
337,283,707,Shamela0010517,781,477,882,325,95
337,148,717,JK006801,122,805,1296,357,74
337,152,515,Shamela0021570,75,1157,1492,261,89
337,707,1357,Shamela0001733,2563,774,1323,290,48
337,858,1357,ShamAY0034134,809,556,968,123,23
337,64,936,Shamela0012862,795,62,839,455,61
337,739,1137,Shia002069Vols,20,961,1369,301,89
337,520,717,Sham19Y0023625,1176,319,497,125,74
337,850,1357,JK000022,1816,1,459,268,57
337,927,1137,JK009390,3266,1239,1451,150,81
337,148,465,Sham19Y0037618,1164,1223,1528,233,90
338,364,706,Shamela0003118,1994,369,693,225,81
338,403,706,Shia002265Vols,2425,135,417,191,78
338,1,156,Shia002265Vols,2426,103,289,121,82
338,1,425,Shia001782Vols,693,781,1116,151,41
338,895,1337,Shia001782Vols,3571,366,734,135,29
338,285,958,Shamela0009567,198,155,827,326,51
338,186,640,JK000916,5764,730,1180,264,69
338,870,1337,Shia001976Vols,1263,1,339,154,35
338,160,519,ShamAY0034282,1803,1073,1421,190,64
338,1,173,Shamela0012034,381,1078,1277,126,80
338,1,160,Sham19Y0001729,381,877,1063,121,82
338,314,958,Sham19Y0001729,1385,1,598,308,51
338,27,640,Shamela0005756,4557,851,1482,259,43
338,254,757,ShamAY0031687,450,19,540,306,69
338,214,558,ShamAY0033945,379,1087,1433,222,75
338,180,768,ShamAY0033945,852,867,1435,341,68
338,425,706,Shamela0021659,342,143,409,187,82
338,45,706,JK001236,233,640,1360,353,51
338,895,1180,JK001236,261,1127,1378,147,56
338,1058,1180,Shamela0006610,785,815,1204,100,31
338,1,149,Shamela0000956,743,728,898,112,82
338,364,710,Shamela0009780,1246,402,667,181,65
338,1,422,JK010475,22,918,1266,170,41
338,746,1437,Shamela0021765,2215,90,511,310,57
338,352,980,Sham19Y0148486,4366,1,592,299,58
338,156,1008,Shia002231Vols,200,192,937,390,55
338,1,418,Shia002231Vols,201,96,486,176,44
338,285,706,Sham19Y0148271,527,348,744,278,81
338,322,706,Shamela0010517,590,994,1363,235,73
338,1,692,Shamela0010517,781,645,1318,338,49
338,186,706,JK009408,712,986,1396,274,66
338,1,149,Shamela0005610,127,216,387,101,74
338,706,1337,Shamela0021570,377,25,471,196,33
338,285,706,Shamela0021809,2890,460,908,278,75
338,1,149,Shia001374,164,768,939,101,74
338,746,1350,Shamela0001733,855,312,1039,121,15
338,285,776,Shamela0001733,860,1,439,245,61
338,1,418,Shamela0001733,2336,657,1005,135,33
338,186,640,ShamAY0034134,808,903,1330,254,69
338,329,958,Shamela0021715,9582,111,755,248,39
338,254,706,Shamela0010906,1373,786,1159,252,71
338,1,149,Shamela0001438,268,103,278,115,83
338,958,1194,Shamela0001438,300,878,1029,58,23
338,425,706,Shamela0001438,839,88,354,187,82
338,895,1180,JK001012,251,990,1228,139,54
338,364,696,Sham19Y0023625,1177,1205,1451,163,63
338,1,418,Shamela0009107,612,454,786,189,55
338,285,958,Shamela0025794,4487,220,975,313,45
338,1,149,Shamela0008223,128,924,1100,115,83
338,6,149,ShamAY0034122,339,826,1316,99,26
338,1,149,Shia001887Vols,2628,601,772,101,74
338,180,706,Shamela0021481,111,331,770,276,65
338,1,149,JK009390,203,817,994,115,83
338,364,706,JK009390,379,294,596,203,73
338,1,149,Sham19Y0127677,150,286,461,115,83
338,334,706,Sham19Y0127677,412,95,385,206,68
338,850,1365,JK000735,58,14,510,154,27
338,357,958,Shamela0001875,456,829,1325,282,54
338,254,980,Sham19Y0146127,2346,442,1012,343,57
338,285,677,Sham19Y0019230,735,1059,1463,250,75
338,1,418,Shamela0008233,2,983,1300,164,49
338,817,1292,Shia001960,67,804,1182,158,31
339,687,1133,Shamela0010480,683,389,945,209,40
339,172,414,Shamela0010480,684,291,514,150,71
339,1138,1444,Shia002265Vols,378,479,732,119,36
339,527,832,Sham19Y0017063,555,343,688,142,51
339,515,673,Sham19Y0122257,1527,712,862,103,81
339,515,673,Sham19Y0023618,1327,588,748,109,85
339,305,673,Sham19Y0014045,76,852,1216,137,35
339,464,832,ShamAY0033910,1144,525,966,176,43
339,977,1227,ShamAY0034569,448,1264,1532,136,56
339,515,673,Sham19Y0145212,1766,357,507,103,81
339,1138,1444,Shia002261Vols,170,510,729,82,22
339,730,1450,JK000021,2123,163,799,184,21
339,512,832,ShamAY0033760,440,841,1140,123,35
339,718,960,Sham19Y0001729,423,725,942,162,83
339,373,673,Sham19Y0001729,428,415,730,161,58
339,1138,1416,Shamela0001975,451,1286,1408,95,41
339,983,1190,ShamAY0033673,5,1034,1251,140,76
339,464,832,JK000475,1634,374,815,185,48
339,515,825,JK001236,70,285,648,148,43
339,983,1190,Shamela0026389,104,605,876,151,70
339,701,1369,Shamela0013142,3,121,767,228,32
339,1,298,Shamela0021765,2215,511,850,150,48
339,515,673,Shamela0008360,385,1219,1369,103,81
339,237,825,Shamela0025800,942,394,660,131,25
339,258,931,Shamela0026731,146,568,1078,184,25
339,677,1029,Shamela0010835,339,894,1275,207,60
339,298,825,Shamela0001453,92,1,316,146,31
339,512,883,Sham19Y0017791,816,1088,1371,183,61
339,193,683,Shamela0013035,322,1018,1257,155,38
339,275,673,Shamela0009795,258,628,798,61,15
339,214,949,Sham19Y0132973,547,742,1217,239,37
339,515,677,Shamela0028168,814,160,313,97,78
339,515,677,Shamela0028168,815,1153,1306,97,78
339,515,673,ShamAY0034066,1036,920,1078,109,86
339,531,1138,Shamela0025794,2244,1,437,213,38
339,503,983,Shamela0025794,2448,265,626,199,48
339,512,825,Shamela0004445,7159,369,644,119,37
339,468,855,Shamela0004445,7280,191,548,184,49
339,468,825,Shamela0000782,866,761,1083,193,65
339,677,1163,Shamela0008970,96,873,1375,219,43
339,1043,1436,Shamela0008970,198,1,388,207,60
339,1138,1444,JK009390,1147,543,722,134,52
339,677,960,Sham19Y0127677,10105,1154,1431,173,69
339,119,673,Sham19Y0127677,10106,24,747,230,32
339,646,1138,Shamela0030592Vols,335,508,1093,246,48
339,367,825,JK000735,26,861,1367,207,48
339,683,960,JK000624,165,953,1333,160,51
339,515,673,ShamAY0034059,975,1157,1328,109,80
339,414,683,Shamela0029714,4,673,927,170,77
339,265,844,Shamela0004289,1170,242,820,244,43
339,512,828,JK001429,103,328,659,154,49
339,464,832,JK000130,1145,516,957,185,48
339,983,1444,Shamela0009375,22,590,808,161,44
339,275,877,Shamela0007361,300,113,346,96,18
339,253,837,Sham19Y0013223,1324,311,909,160,22
340,850,1441,Shamela0009567,970,91,616,173,28
340,159,508,Shamela0000894,327,559,855,136,35
340,159,508,Shamela0000894,2330,199,495,136,35
340,108,301,Shamela0000894,8118,599,786,142,87
340,1,609,Sham19Y0017533,59,776,1422,388,67
340,598,1226,Shamela0009783BK4,75,357,988,275,41
340,98,301,Sham19Y0122257,1320,514,709,124,68
340,32,224,Shamela0012220,1695,1178,1328,84,55
340,98,301,Sham19Y0017437,734,1241,1456,140,76
340,846,1277,Sham19Y0017437,735,158,633,167,32
340,774,987,Shamela0023177,34,262,426,112,67
340,598,1050,JK007016,521,13,438,264,68
340,297,896,JK000021,2092,425,894,229,45
340,36,301,Sham19Y0001729,2553,513,1247,184,30
340,98,301,ShamAY0035035,7013,1175,1418,146,73
340,98,301,JK001412,107,51,266,140,76
340,98,301,Shamela0008360,345,221,416,124,68
340,49,301,Sham19Y0148486,2042,1,217,169,82
340,36,301,Sham19Y0148486,6388,335,563,177,83
340,98,301,Shamela0025800,864,1236,1444,134,74
340,551,1216,ShamAY0038139,27,996,1467,348,65
340,98,301,Shamela0023631,545,63,265,134,75
340,98,301,Shamela0008473,592,927,1129,134,75
340,36,301,Shamela0008473,1014,321,993,179,32
340,126,301,Shamela0012293,4839,1093,1281,122,74
340,15,512,Shamela0009270,141,596,1045,233,54
340,418,881,JK007082,639,976,1380,204,55
340,36,233,Sham19Y0148271,1381,929,1548,134,26
340,1128,1441,Sham19Y0148271,1556,366,571,137,54
340,98,301,Tafsir09084,211,755,957,134,75
340,855,1441,Shamela0036543,2144,1035,1456,178,33
340,98,301,ShamAY0038329,268,150,331,136,84
340,471,1441,Shamela0001733,818,5,662,343,38
340,49,301,Shamela0009810,685,703,945,144,65
340,49,508,Shia001731Vols,372,162,578,175,39
340,98,301,Shamela0008176,2965,1027,1235,134,74
340,36,307,Shamela0001456,530,1229,1492,186,77
340,375,942,Shia002103Vols,178,902,1486,257,47
340,36,430,Shamela0008970,198,496,944,223,56
340,15,224,Shamela0011428,1643,622,790,119,69
340,98,301,Sham19Y0127677,7229,150,352,134,75
340,1,731,JK000860,6,235,989,412,58
340,829,987,Sham19Y0037618,4940,784,942,126,100
340,32,274,Sham19Y0146127,1058,1280,1500,164,79
340,98,301,Shamela0004289,949,619,826,125,66
340,98,512,JK001429,37,84,552,184,39
340,659,1207,JK011598,116,446,852,241,54
340,98,508,JK006897,238,356,723,164,36
340,98,301,Sham19Y0013223,402,54,269,139,74
340,130,301,Sham19Y0013223,412,1,179,114,73
340,846,1277,Sham19Y0013223,840,1243,1544,168,43
340,98,301,Sham19Y0013223,840,563,771,134,75
340,832,1441,Sham19Y0013223,841,167,707,230,38
341,109,371,JK000977,65,173,744,157,34
341,964,1375,Shia002265Vols,378,558,724,124,36
341,1,754,Shia001782Vols,3583,958,1332,141,21
341,615,964,Sham19Y0017533,53,139,438,154,53
341,964,1383,Sham19Y0122096,1778,84,492,150,31
341,964,1375,Shia002261Vols,170,570,721,115,34
341,146,566,Shamela0021765,2208,809,1307,176,32
341,643,785,Shamela0025794,1755,1299,1440,90,78
341,619,785,JK000786,2121,1203,1347,92,72
341,582,785,JK000786,3385,562,721,107,65
341,48,508,Shamela0004289,949,291,666,180,40
341,1,754,Sham19Y0013223,841,53,454,177,26
342,699,1164,ShamAY0034002,104,882,1307,225,52
342,312,1172,ShamAY0034002,109,739,1410,218,26
342,778,983,Sham19Y0014601,2557,167,406,146,71
342,758,983,Shamela0008540,1818,298,489,141,76
342,350,1207,JK001171,79,130,537,199,29
342,528,1221,Shamela0117359,398,32,676,260,37
342,758,983,ShamAY0032379,559,623,836,155,82
342,1043,1207,Shamela0000782,677,195,341,103,79
342,632,1169,Sham19Y0127677,10353,91,615,237,42
342,528,983,Sham19Y0127677,11474,7,496,170,30
342,738,1221,Sham19Y0131521,2216,206,642,257,63
342,867,1444,Sham19Y0013223,1124,48,534,182,28
343,885,1210,Shamela0013041,777,376,744,193,61
343,936,1494,Shamela0003118,5835,235,804,383,77
343,1191,1421,Shamela0010480,1806,1207,1466,171,80
343,1096,1494,Shia002265Vols,360,931,1288,286,86
343,1191,1494,Shia002265Vols,361,652,1056,234,70
343,1191,1446,Shia002265Vols,2655,1219,1530,194,75
343,94,608,Shamela0001673,5301,873,1051,87,21
343,919,1494,JK000916,20171,1,562,407,83
343,1191,1396,JK000916,20172,1283,1512,135,61
343,1301,1494,Sham19Y0122096,1512,1,196,153,94
343,638,856,ShamAY0034282,2319,885,1128,117,55
343,1096,1494,Shia002261Vols,143,481,830,275,84
343,1191,1494,Shamela0010747,29,1120,1519,231,70
343,638,1096,Shamela0012981,1957,404,952,178,32
343,986,1494,JK005005,531,307,742,330,78
343,638,1100,Shia002034Vols,625,745,1173,144,32
343,644,856,Shamela0000767,873,1060,1260,92,46
343,1191,1391,JK000761,425,1273,1482,149,80
343,1096,1494,JK007006,678,568,1310,281,44
343,1179,1494,Zaydiyya0000133,82,256,606,222,70
343,1010,1494,Shia001432Vols,29583,300,900,285,51
343,1007,1494,Shia001432Vols,30505,1,472,369,92
343,1179,1494,Shamela0001975,392,1,315,251,95
343,644,1100,JK000475,2105,5,454,177,42
343,919,1494,Shamela0030623Vols,553,396,985,421,84
343,1179,1494,Shamela0021659,564,1,319,251,94
343,1196,1494,JK001236,242,1,395,229,70
343,983,1465,Shamela0008381,1082,1062,1513,361,91
343,1032,1396,Shamela0002671,19,1238,1560,240,77
343,1191,1494,Zaydiyya0000067,77,808,1190,231,71
343,936,1494,Sham19Y0132971,924,344,897,404,85
343,885,1494,Shamela0026390,26,895,1478,459,91
343,919,1494,Shamela0026390,27,467,1044,409,81
343,1191,1494,Shamela0009780,1247,94,502,234,69
343,1191,1494,Sham19Y0014309,1099,275,637,217,69
343,1191,1494,Shamela0025800,929,286,660,231,72
343,1191,1494,Shia003429,87,632,1025,234,72
343,1040,1494,Shamela0008473,107,1,427,342,91
343,1191,1494,Shamela0008473,108,248,647,234,70
343,986,1358,Shia001237Vols,988,1111,1538,185,41
343,1196,1494,Shamela0001391,249,1061,1456,229,70
343,1162,1494,Shamela0001391,251,1,334,257,91
343,1191,1494,Shamela0026866,2,86,458,207,64
343,1191,1483,ShamAY0033598,288,1161,1545,225,70
343,1191,1494,Shamela0010517,2639,388,787,234,70
343,846,1494,Shamela0013132,146,173,895,460,73
343,999,1494,Shamela0001733,2666,1,465,373,91
343,644,843,ShamAY0034134,179,44,305,109,51
343,885,1171,ShamAY0034138,508,1231,1500,195,80
343,1171,1494,ShamAY0034138,509,1,257,193,69
343,651,856,Shamela0007370,2807,119,350,123,64
343,1191,1494,Zaydiyya0000259,307,875,1276,232,69
343,1191,1494,Shamela0026884,390,955,1344,227,70
343,1191,1494,Shamela0001438,4091,651,1042,228,69
343,1191,1494,Shamela0001438,6898,54,367,179,56
343,1191,1494,Shamela0001438,8056,902,1301,234,70
343,860,1494,Shamela0022800,107,641,1295,479,85
343,1191,1494,Shamela0022800,108,1087,1479,228,69
343,986,1494,ShamAY0034080,88,543,1081,358,78
343,1191,1494,ShamAY0034080,90,449,899,225,60
343,1191,1494,Shamela0010460,115,1006,1406,233,70
343,49,569,JK000022,1420,912,1415,343,76
343,1191,1494,Shamela0000782,1220,611,1011,234,70
343,1191,1465,Shamela0008970,158,1165,1541,178,52
343,1140,1494,JK009390,960,1,328,260,88
343,1191,1437,JK009390,3653,1209,1505,181,72
343,1191,1494,JK009390,5001,556,973,235,67
343,648,856,Shamela0011428,1028,229,475,118,59
343,1191,1494,Sham19Y0127677,2525,237,619,228,70
343,1191,1494,Sham19Y0127677,4825,329,729,234,70
343,1191,1494,Sham19Y0127677,14523,666,1065,234,70
343,856,1494,Sham19Y0127677,14525,584,1296,460,77
343,1096,1494,Sham19Y0018272,920,102,784,287,48
343,907,1494,ShamAY0034585,683,165,744,423,85
343,1191,1494,Shamela0012884,2740,275,668,234,72
343,969,1308,Shamela0012884,4216,1155,1477,239,86
343,1312,1494,Shamela0012884,4217,1,176,145,96
343,644,944,Shamela0004289,437,803,1109,154,55
343,1191,1494,Shamela0004289,1203,233,636,234,70
343,1179,1494,Zaydiyya0000342,192,731,1095,223,68
343,885,1494,JK005004,588,701,1272,439,86
343,1191,1494,JK005004,589,963,1347,213,64
343,1191,1494,Shamela0036446,1328,1087,1450,218,68
343,1191,1494,Sham19Y0013223,573,657,1056,234,70
344,9,406,JK000196,1734,1,473,273,67
344,870,1473,Shia001399,169,340,944,322,54
344,75,549,Shia001399,169,1,400,282,72
344,1,619,Shamela0003118,5835,804,1406,461,90
344,1,428,Shamela0010480,1807,54,601,301,64
344,1,216,Shia002265Vols,360,1288,1514,174,94
344,216,482,Shia002265Vols,361,1,260,206,97
344,1,482,Shia002265Vols,2656,81,701,338,64
344,1,707,JK000916,20171,562,1246,479,81
344,1,587,JK000916,20173,155,865,344,53
344,1,406,Shia001122Vols,1002,1203,1485,179,51
344,1,482,Sham19Y0122096,1512,196,687,380,96
344,195,482,Sham19Y0122096,1514,408,1034,216,43
344,1,206,Shamela0009801,156,1373,1586,167,96
344,43,615,Shamela0009801,157,11,563,286,52
344,1,406,Shia001131Vols,409,36,263,160,49
344,1,406,Shia001391,174,959,1230,180,53
344,1,482,Shia002261Vols,143,830,1312,376,95
344,91,520,Shamela0010747,30,1,617,273,53
344,1,627,JK005005,531,742,1338,461,89
344,1159,1542,JK005005,759,1,658,270,47
344,1,237,Shamela0003565,1777,1313,1556,189,95
344,31,482,Shamela0008612,66,101,686,295,58
344,842,1343,JK000761,426,1110,1521,281,65
344,1,457,JK000761,426,149,548,249,60
344,91,507,JK007006,679,14,714,305,54
344,1,436,Zaydiyya0000133,82,606,1164,304,64
344,1,512,Shia001432Vols,29555,790,1315,338,79
344,1,441,Shia001432Vols,29583,900,1484,302,60
344,1,406,Shia001432Vols,30438,747,1014,177,52
344,1,627,Shia001432Vols,30505,472,1097,483,94
344,70,390,Shia001432Vols,32247,1,452,190,48
344,1,482,Shamela0001975,392,315,796,375,94
344,1,587,ShamAY0033945,383,186,901,346,53
344,568,1270,Shamela0007289,186,123,656,300,44
344,1,582,Shamela0030623Vols,553,985,1541,423,88
344,1,482,Shamela0021659,564,319,800,375,94
344,833,1400,JK005018,138,509,972,251,48
344,64,184,JK001236,61,1316,1444,98,93
344,1,520,JK001236,242,395,1115,349,58
344,1,627,Shamela0008381,1083,30,661,490,95
344,1,289,Zaydiyya0000067,77,1190,1585,226,69
344,1,619,Sham19Y0132971,924,897,1403,381,76
344,1,233,Shamela0009059BK2,1732,1303,1542,186,95
344,54,406,Shamela0026390,27,1,352,283,99
344,1,237,Shamela0009780,1247,502,745,191,96
344,412,895,Shamela0009780,1248,62,900,110,14
344,1,482,Shamela0021660,2213,628,1536,358,48
344,1,520,Sham19Y0014309,1099,637,1366,348,57
344,1,520,Shamela0025800,929,660,1368,348,59
344,1,406,Shia003429,87,1025,1514,282,67
344,1,895,Shamela0008473,107,427,1310,552,66
344,1,520,Shamela0008473,108,647,1377,349,57
344,1,406,Shia001237Vols,988,645,922,174,50
344,1,406,Shia001237Vols,989,138,632,277,64
344,24,406,Shia001237Vols,989,1010,1509,278,67
344,1,364,Shia001237Vols,993,1313,1509,141,48
344,1,457,Shamela0012738,48,1222,1605,297,79
344,899,1473,Shamela0012738,54,973,1462,325,63
344,1,125,Shamela0001391,249,1456,1579,99,97
344,21,627,Shamela0001391,251,324,920,461,94
344,1,587,Shamela0026866,2,458,1162,348,53
344,1198,1479,Shamela0026866,4,1,258,200,86
344,1,406,Shia003711,251,891,1416,254,55
344,1,587,ShamAY0033598,289,12,730,342,52
344,1,441,Shia001372,63,223,804,304,60
344,1,412,Shia001372,98,422,834,316,92
344,1,587,Shamela0010517,2639,787,1490,339,51
344,1,615,Shamela0013132,146,895,1509,462,91
344,1,806,Shamela0001733,2666,465,1256,549,79
344,110,520,ShamAY0034138,510,1,414,186,45
344,833,1542,ShamAY0034138,807,49,985,392,42
344,1,468,Shamela0010906,3290,623,912,192,49
344,568,1078,Shamela0022649,106,1079,1473,193,37
344,1,174,Shamela0026884,390,1344,1524,140,95
344,174,587,Shamela0026884,391,1,556,199,36
344,1,406,Shamela0001438,4091,1042,1528,285,68
344,1,479,Shamela0001438,6898,367,978,331,63
344,1,237,Shamela0001438,8056,1301,1544,191,96
344,60,512,JK001012,189,1,545,282,59
344,1,402,Shia001278Vols,462,619,856,146,43
344,1,252,Shamela0022800,107,1295,1555,200,94
344,252,895,Shamela0022800,108,1,625,351,61
344,60,520,Shamela0022800,109,1,477,242,51
344,1,406,Shamela0008176,1836,986,1521,288,63
344,1,406,Shamela0021598,1648,1,482,281,68
344,1,512,Shia001340,291,670,1301,318,62
344,1,412,ShamAY0034080,88,1081,1487,313,92
344,412,1479,ShamAY0034080,89,1,827,531,57
344,1,457,ShamAY0034080,90,899,1303,253,60
344,1,144,Shamela0010460,115,1406,1548,116,99
344,144,520,Shamela0010460,116,1,571,240,51
344,1,406,Shamela0000782,1220,1011,1497,282,67
344,1,587,Shamela0008970,159,30,749,328,48
344,1,502,JK009390,960,328,841,376,89
344,1,482,JK009390,3654,115,739,337,63
344,1,457,JK009390,5001,973,1563,325,64
344,1,520,Sham19Y0127677,4825,729,1447,347,57
344,1,406,Sham19Y0127677,14523,1065,1551,282,67
344,1,252,Sham19Y0127677,14525,1296,1557,202,95
344,260,615,Sham19Y0127677,14526,8,351,255,89
344,18,433,Sham19Y0018272,920,881,1570,321,58
344,1,627,ShamAY0034585,683,744,1272,391,77
344,1,587,Shamela0012884,2740,668,1404,345,50
344,1,627,Shamela0012884,4217,176,620,349,69
344,1,428,Shamela0004289,1203,636,1195,298,62
344,1,327,Zaydiyya0000342,192,1095,1525,251,71
344,1,265,JK005004,588,1272,1543,213,96
344,265,765,JK005004,589,1,509,258,50
344,653,1542,JK005004,905,33,1100,404,37
344,899,1552,Shamela0010016,41,778,1405,475,84
344,1,406,Shia001174Vols,3872,1231,1513,179,51
344,84,520,Shamela0036446,1329,1,618,285,55
344,1,343,Shia000042,164,1188,1538,271,94
344,1,402,Sham19Y0013223,573,1056,1543,285,68
345,1133,1357,JK000916,14369,1225,1478,145,70
345,746,1310,ShamAY0033910,1138,434,1042,274,46
345,1139,1371,Shamela0009584,326,1261,1495,146,77
345,97,510,Shamela0021550,140,470,976,176,35
345,97,485,JK005005,759,269,902,212,38
345,10,485,JK000761,427,47,694,160,23
345,97,561,JK000001,621,1,552,193,36
345,1133,1357,Shamela0009592,1,176,401,146,78
345,153,485,Shamela0012738,55,1,499,164,34
345,10,485,Shamela0026866,4,199,846,155,22
345,97,426,Shia003711,57,422,963,124,22
345,1139,1357,ShamAY0033598,279,1192,1432,154,78
345,534,1025,Shamela0001733,1547,87,693,193,41
345,10,553,ShamAY0034138,807,634,1304,192,28
345,1114,1357,JK009154,344,766,991,174,90
345,10,543,ShamAY0034080,89,814,1404,112,16
345,846,1280,Shamela0008970,68,557,1145,206,42
345,581,895,Shamela0029991,6,933,1353,211,62
345,1006,1357,Shamela0011079,59,1,228,121,35
345,1139,1405,Shamela0012860,300,1137,1400,162,77
345,1139,1405,Shamela0012860,331,26,289,162,77
345,1143,1379,Shamela0004289,1213,884,1113,145,74
345,1139,1357,Shamela0022882,207,379,611,155,81
345,963,1357,Shamela0021590,1596,1350,1563,127,40
345,97,485,JK005004,905,803,1317,161,29
345,746,1310,JK000130,1139,428,1034,273,46
345,1,320,Shamela0010016,41,1405,1663,213,79
345,320,510,Shamela0010016,42,1,191,151,97
346,227,489,Shamela0003118,2133,1191,1423,164,78
346,136,516,JK000916,6229,691,1031,197,58
346,625,1242,ShamAY0033910,1133,633,1313,231,38
346,16,649,Shamela0026353,9,591,1016,277,54
346,545,1132,Shamela0012981,1947,710,1261,225,40
346,794,994,JK000475,1622,1249,1442,135,84
346,935,1425,Shamela0117359,401,497,1373,209,26
346,774,1132,Shamela0012991,142,21,371,154,43
346,191,926,Shamela0013027,166,1169,1445,184,31
346,317,630,Shamela0013027,167,1,260,168,65
346,1040,1425,Sham19Y0020591,558,751,1366,181,34
346,722,994,Shamela0001719,4575,549,821,161,69
346,589,1251,Shia002231Vols,625,47,651,254,42
346,586,1136,Sham19Y0148271,1559,357,890,235,46
346,1,311,Shamela0001733,3312,284,644,152,46
346,536,1136,Shamela0025794,1489,448,959,167,25
346,555,1141,Shamela0025794,1582,941,1343,228,49
346,794,1073,Sham19Y0016877,39,970,1251,156,66
346,911,1432,Shamela0022882,338,333,792,190,35
346,625,1242,JK000130,1134,631,1313,232,38
347,818,1188,Shia002034Vols,2333,568,1022,232,58
347,460,1180,Sham19Y0020638,1249,371,960,262,36
347,439,1343,ShamAY0033707,16,907,1453,272,33
347,924,1475,Sham19Y0148271,2275,807,1512,299,48
347,439,1010,Shamela0029933,6,4,592,307,56
347,1343,1454,Shamela0026324,5922,49,160,85,98
348,1,199,Shia002265Vols,368,1215,1390,98,65
348,1,229,Shia002265Vols,416,208,462,169,85
348,13,229,Shia002265Vols,681,1,234,154,82
348,1,229,ShamAY0034128,486,344,591,169,87
348,327,884,Shia001976Vols,752,253,770,271,53
348,746,1435,Shia001976Vols,808,602,957,151,24
348,1,483,Shia001976Vols,884,320,781,253,63
348,1,229,Sham19Y0122096,900,281,530,169,87
348,1,199,Sham19Y0122096,2635,88,275,106,62
348,568,884,ShamAY0034282,2428,448,606,120,48
348,549,1060,ShamAY0033910,1141,195,629,262,58
348,1,199,Shamela0010639,394,177,364,106,62
348,1,229,Shia002261Vols,67,528,778,169,86
348,1,199,Shia002261Vols,262,189,376,106,62
348,549,884,Sham19Y0018103,3321,734,1087,239,79
348,364,884,Sham19Y0018103,3731,124,634,264,49
348,358,890,Shamela0037837,820,717,1211,290,65
348,549,774,ShamAY0033938,727,719,970,162,77
348,1,387,Shamela0095735,252,1009,1377,181,49
348,1,181,Shamela0004482,511,1260,1460,136,87
348,1,383,Sham19Y0001729,375,588,1039,210,56
348,549,884,Shamela0005756,12954,978,1331,239,79
348,549,884,Shamela0005756,14043,330,687,242,80
348,1,199,JK007006,1146,799,986,106,62
348,1,383,Sham19Y0017757,194,296,658,200,63
348,549,884,Sham19Y0013252,8191,574,927,239,79
348,1,202,Shamela0000216,144,722,908,108,63
348,545,884,JK011499,64,1109,1390,209,74
348,7,202,Shia001432Vols,32170,168,295,88,59
348,623,884,Sham19Y0013605,3956,1147,1407,194,88
348,560,884,Sham19Y0013605,4446,824,1170,233,79
348,1,229,Shamela0001975,191,710,960,169,86
348,1,199,Shamela0001975,602,117,302,106,62
348,1,199,ShamAY0033945,613,898,1085,106,62
348,1,229,ShamAY0035035,3221,290,690,127,38
348,549,1060,JK000475,1630,755,1191,258,57
348,565,884,JK007065,771,1033,1381,209,68
348,1,229,Shamela0021659,244,662,912,169,86
348,1,199,Shamela0021659,815,588,775,106,62
348,37,398,JK001236,275,396,820,181,44
348,342,884,JK001236,279,797,1280,251,49
348,1,229,Kraken2108092202141,219,246,492,166,86
348,358,884,Shamela0005806,22,303,834,297,62
348,597,846,Shamela0009873,1486,1195,1499,172,70
348,37,229,Shamela0021660,1272,538,950,140,43
348,549,774,Sham19Y0122406,1949,746,997,162,77
348,549,884,JK000110,1459,421,774,239,79
348,1,229,Sham19Y0017747,2467,675,922,169,87
348,1,383,Sham19Y0014592,512,760,1091,196,61
348,1,164,Sham19Y0014592,997,1288,1470,121,85
348,593,774,Shamela0008473,487,1161,1331,128,87
348,1,392,Shia002231Vols,618,531,987,218,53
348,7,202,Shia003711,57,1179,1303,86,58
348,623,774,Tafsir09084,149,1,155,118,95
348,549,884,Shamela0021715,8439,379,732,239,79
348,549,884,Shamela0021715,9560,51,408,242,80
348,1,172,Shamela0009810,1387,1258,1448,127,85
348,1,387,Shamela0001341,75,511,921,139,39
348,1,383,JK000216,111,16,423,199,57
348,1,243,Shamela0001438,964,22,281,169,82
348,1,202,Shamela0001438,4191,942,1132,96,48
348,13,229,Shamela0001438,7660,30,176,108,64
348,1,229,Shia001731Vols,808,946,1193,169,87
348,327,1056,Shamela0009107,385,314,909,199,29
348,1,229,Shamela0008176,3377,385,627,167,87
348,549,884,Shia002119Vols,3422,961,1303,247,86
348,364,884,Shamela0025794,2250,921,1392,271,62
348,1,383,Shamela0025794,4785,536,927,207,61
348,1,202,Shamela0025794,4806,1121,1311,110,64
348,549,853,Sham19Y0018106,3422,1144,1466,216,80
348,585,884,Sham19Y0018106,3787,1,290,214,86
348,13,229,JK000786,2933,245,480,162,88
348,1,229,Shamela0027083,427,908,1207,171,73
348,549,809,Sham19Y0018176,2010,1182,1460,183,78
348,549,884,Sham19Y0018176,2262,243,600,242,80
348,1,229,JK009390,399,996,1246,169,86
348,1,199,JK009390,1469,1260,1447,106,62
348,1,202,JK009390,2800,726,916,96,48
348,1,229,JK009390,5788,71,319,164,84
348,1,229,Sham19Y0127677,1041,1118,1365,169,87
348,1,202,Sham19Y0127677,2608,637,827,96,48
348,1,199,Sham19Y0127677,20577,1098,1285,106,62
348,1,202,Sham19Y0127677,20578,416,606,110,64
348,1,199,Sham19Y0037618,1109,597,784,106,62
348,605,884,Shia003732Vols,2008,1099,1423,196,72
348,1,229,Shia003732Vols,4464,952,1244,165,72
348,1,229,Sham19Y0018272,450,1261,1508,169,87
348,1,199,Sham19Y0018272,1458,1346,1531,100,65
348,549,1028,Shamela0023422,717,493,1066,223,46
348,351,774,Shamela0001875,964,53,411,164,38
348,565,884,Sham19Y0146127,3188,843,1119,158,56
348,483,884,Sham19Y0016877,36,627,1043,248,70
348,549,846,Sham19Y0016584,3711,1148,1463,213,80
348,549,1056,Sham19Y0016584,4188,485,953,268,59
348,549,1060,JK000130,1142,190,625,263,59
348,1,229,Shamela0036446,1339,824,1073,169,87
348,593,774,Sham19Y0132524,1179,396,566,128,87
348,593,774,Sham19Y0013223,492,775,956,137,95
348,1,229,Sham19Y0013223,1425,1217,1464,169,87
349,483,920,ShamAY0032956,20,953,1253,152,38
349,873,1084,Shamela0021765,2241,241,439,156,93
349,966,1084,Shamela0001463,25,303,421,94,100
349,483,827,ShamAY0032854,25,217,467,149,56
349,483,928,JK009154,376,1053,1444,190,49
349,898,1289,Shia003732Vols,5393,76,482,179,42
349,770,1084,Sham19Y0016877,39,426,759,231,83
349,440,819,JK000914,34,204,445,159,52
349,549,961,ShamAY0038135,7,1,469,199,41
350,488,826,Shamela0003118,785,878,1208,245,89
350,573,881,Shia002265Vols,435,759,1063,237,96
350,491,881,Shia001782Vols,3612,716,1096,269,83
350,491,799,Shia001782Vols,3613,1167,1464,228,91
350,409,826,JK000916,1739,103,512,305,91
350,409,881,Shia002034Vols,1551,517,989,342,88
350,488,752,Shamela0000216,144,1252,1482,169,82
350,349,606,ShamAY0033945,611,1088,1337,127,66
350,526,1053,ShamAY0033945,616,7,554,308,62
350,358,770,ShamAY0033945,701,1004,1406,260,72
350,435,770,Shamela0023644,1486,9,806,238,36
350,409,770,Shamela0001719,4575,7,375,253,83
350,427,1068,Shamela0009270,9,1,595,296,47
350,343,743,Shamela0001733,4666,1034,1412,287,92
350,743,881,Shamela0001733,4667,1,139,112,100
350,1,447,Shamela0001733,4687,822,1370,289,66
350,349,770,Shamela0006446,21,374,815,279,76
350,573,881,Shamela0001438,955,807,1108,236,95
350,508,881,JK001012,406,233,620,291,93
350,601,881,JK009390,435,1,277,216,95
350,623,881,JK009390,3003,11,266,186,83
350,526,881,Sham19Y0127677,1061,922,1289,258,85
350,558,885,Sham19Y0037618,4999,1,330,260,98
350,488,881,Shia003732Vols,3704,266,676,304,91
350,488,770,Shamela0012884,4890,597,862,199,89
351,157,812,ShamAY0033910,1135,37,635,260,41
351,589,1439,ShamAY0033910,1146,549,1309,246,27
351,907,1334,JK007016,94,603,1033,208,48
351,857,1404,ShamAY0033945,624,110,667,234,46
351,195,1092,JK000475,1624,346,1075,186,18
351,6,210,JK000475,1634,1171,1416,135,69
351,589,1180,JK000475,1636,530,1403,180,19
351,149,394,JK009242,330,273,436,112,58
351,251,574,Shamela0021765,2240,1093,1408,183,63
351,88,388,Sham19Y0148271,2210,1012,1377,120,39
351,195,574,JK006801,818,841,1194,162,55
351,918,1376,Shamela0021809,3380,432,987,183,34
351,1,284,Shamela0001733,1331,1164,1462,98,34
351,251,723,ShamAY0034134,642,655,1195,243,49
351,272,723,Shamela0012862,799,603,1108,186,41
351,132,406,Shamela0009810,1386,239,664,133,40
351,388,522,Shamela0001438,967,906,1101,108,68
351,903,1386,JK000481,447,682,1163,222,44
351,132,495,Shia001731Vols,807,393,798,184,56
351,167,492,Shamela0005923,711,1040,1430,178,54
351,639,1433,Shamela0025794,2764,92,832,287,35
351,88,383,Shamela0025794,4729,178,458,132,57
351,88,383,Shamela0025794,5023,430,855,124,35
351,88,259,JK000786,2897,1222,1413,98,66
351,320,522,JK009390,423,647,881,126,59
351,388,522,Sham19Y0127677,1048,140,338,107,66
351,251,434,Sham19Y0037618,4996,1285,1465,103,73
351,245,522,Sham19Y0037618,4997,490,674,140,63
351,109,723,Shia003732Vols,3691,309,814,228,39
351,88,388,Shamela0004289,1226,935,1326,148,43
351,167,522,Shia001949,277,343,657,187,62
351,157,812,JK000130,1136,37,632,199,27
351,589,1439,JK000130,1147,541,1301,243,26
351,27,522,ShamAY0033926,277,911,1385,191,35
352,220,397,Shia002265Vols,687,626,892,106,46
352,511,1375,ShamAY0033910,1135,506,1037,165,20
352,540,1346,Zaydiyya0000229,195,195,839,141,15
352,1,371,ShamIbadiyya0000185,679,379,604,116,35
352,810,1180,Sham19Y0001729,3098,1071,1400,154,45
352,749,1180,Zaydiyya0000133,91,474,650,93,25
352,160,595,Shamela0001733,1143,36,598,206,40
352,223,565,Shamela0001438,6595,474,871,132,37
352,140,565,JK000481,500,89,659,217,44
352,540,1341,Zaydiyya0000352,228,500,1155,147,15
352,140,685,JK000786,2897,847,1413,171,25
352,907,1219,Shia002103Vols,346,137,411,161,63
352,215,397,JK009390,6521,1011,1289,102,42
352,230,397,Sham19Y0127677,4640,147,405,103,46
352,771,1351,Sham19Y0127677,6659,70,421,121,22
352,514,1180,Sham19Y0131521,2235,1054,1385,116,17
352,511,1375,JK000130,1136,503,1034,165,20
353,1007,1322,JK000977,512,907,1274,200,65
353,62,486,Shia002034Vols,1596,858,1215,199,56
353,116,512,JK001171,118,4,454,236,62
353,50,512,ShamAY0033949,237,685,1233,271,62
353,143,482,Shamela0008544,1365,806,1051,154,54
353,47,406,Shia001332,247,592,973,197,62
353,69,512,JK011273,2,287,773,241,59
354,841,1303,ShamAY0032749,8,1055,1248,143,39
354,1093,1303,JK000475,1627,66,284,142,79
354,607,988,Shamela0012991,136,529,901,215,64
354,845,1394,Shamela0003722,2275,48,262,128,30
354,624,988,Shamela0001341,76,1083,1351,188,65
354,607,977,JK007025,42,690,1107,172,38
354,607,977,Shamela0009563,17,785,1191,162,38
354,607,824,Shamela0000782,1231,1124,1330,166,93
354,369,977,JK008250Vols,575,183,764,282,47
355,237,390,Shamela0022769,857,1374,1511,104,87
355,158,630,Shamela0013178,156,647,1055,187,48
355,237,448,ShamAY0034068,1610,1161,1353,142,85
355,37,656,Sham19Y0122257,1524,99,444,171,36
355,37,656,ShamAY0033910,1130,606,1234,280,49
355,27,448,ShamAY0033910,1132,641,1119,234,60
355,211,656,Sham19Y0145212,1763,810,1067,117,32
355,158,400,Shamela0000956,746,944,1144,136,71
355,136,656,Shamela0007891,768,585,1111,252,48
355,232,575,Shamela0021635,173,1,297,161,60
355,130,448,Shamela0003722,2310,576,974,220,69
355,60,405,Sham19Y0016976,815,1296,1534,107,40
355,123,448,Shamela0000041,1483,994,1336,215,76
355,237,428,Shamela0023628,2277,1139,1326,127,79
355,136,566,JK009408,1119,66,502,209,46
355,143,630,Shamela0001733,1669,1,529,260,55
355,147,635,Shamela0008223,129,576,949,198,52
355,1159,1389,JK000022,2603,675,865,125,67
355,130,400,Shamela0008970,103,1194,1464,178,79
355,195,448,Sham19Y0127677,8656,941,1223,171,74
355,37,656,JK000130,1131,608,1239,280,49
355,27,448,JK000130,1133,641,1121,234,60
356,648,1014,Sham19Y0017063,554,119,333,108,40
356,623,1268,Shia001782Vols,3575,159,661,224,37
356,505,950,Shamela0009567,980,363,804,194,44
356,301,1040,ShamAY0032784,18,95,804,312,47
356,755,1020,Shia002034Vols,885,248,511,184,79
356,590,1265,ShamAY0033945,626,1,411,147,25
356,425,950,Shamela0023644,1500,381,975,237,45
356,454,1254,Shamela0007891,766,541,1053,168,22
356,192,755,Shamela0021765,2239,798,1326,231,49
356,411,950,ShamAY0033973,30,217,737,222,46
356,505,1014,Sham19Y0148271,1932,282,495,142,35
356,548,1014,Shamela0021809,2436,61,460,215,56
356,755,1239,Shamela0001733,3402,68,508,193,49
356,312,1235,Shamela0001733,3951,384,1083,299,37
356,565,1239,Shamela0001733,4063,239,891,287,44
356,497,819,Shia002069Vols,123,1061,1406,105,33
356,505,1239,Shia002069Vols,341,517,1104,289,44
356,275,505,Shamela0021485,4,23,235,144,74
356,505,1032,Shamela0025794,4144,1215,1453,156,38
356,321,1062,Shamela0025794,4173,487,876,191,32
356,511,1239,JK000022,1703,235,694,204,35
356,505,1265,Shamela0008970,101,303,772,204,30
356,27,689,Shamela0004289,1222,269,879,247,39
356,505,1265,Shia001949,277,223,518,153,25
356,411,950,Shamela0013066,316,599,1139,191,38
356,505,1265,ShamAY0033926,277,905,1242,176,29
357,1062,1300,Zaydiyya0000379,320,1271,1501,161,78
357,323,469,Shamela0013041,407,871,998,95,83
357,1,439,Shamela0013041,407,133,534,243,64
357,1163,1417,Shamela0003118,2850,1,210,157,75
357,1062,1417,JK000101,545,505,809,224,77
357,1050,1417,Sham19Y0020989,1903,629,965,244,81
357,637,1126,ShamAY0032749,10,62,516,250,56
357,87,735,Shamela0006060,454,1,522,101,12
357,1059,1417,Shia002265Vols,682,629,987,249,80
357,30,266,Shia002265Vols,3214,640,881,169,85
357,50,637,Zaydiyya0000015,2380,237,554,172,31
357,732,1126,Shia001782Vols,3615,128,464,192,52
357,1019,1454,Shamela0012818,6,77,459,283,79
357,682,1126,Shamela0009567,979,248,657,212,57
357,50,637,Sham19Y0122257,341,243,536,179,35
357,1062,1417,Sham19Y0122257,1525,288,616,231,77
357,995,1216,JK000916,27809,1257,1469,130,71
357,1216,1417,JK000916,27810,1,232,124,56
357,1102,1438,Shamela0007664,309,1163,1430,135,48
357,1023,1417,Shia002214,149,450,780,243,77
357,967,1329,JK000362,276,47,386,173,48
357,50,845,ShamAY0032940,6,20,433,218,33
357,1062,1417,Sham19Y0145212,1765,743,1068,230,77
357,1059,1399,Shamela0009702,385,1199,1500,216,77
357,1053,1417,ShamAY0035960,555,486,826,244,80
357,973,1329,Shamela0002864,417,983,1335,187,58
357,973,1329,Shamela0002864,624,238,581,188,60
357,1093,1239,Shamela0002864,735,309,533,91,51
357,1023,1417,Shamela0012981,974,812,1331,286,68
357,30,845,Shamela0009283,15,851,1227,214,31
357,967,1417,Shia002034Vols,480,512,983,328,84
357,682,967,Sham19Y0001729,387,233,467,164,71
357,33,637,Sham19Y0038171,2570,63,622,240,35
357,822,1394,Shamela0009200,310,804,1429,261,47
357,14,609,JK011499,48,443,703,150,30
357,967,1362,ShamAY0000958,90,593,877,195,61
357,1053,1387,ShamAY0033523,554,1230,1521,204,73
357,33,234,JK000001,3272,484,692,148,89
357,33,637,ShamAY0035035,10001,962,1517,237,35
357,1037,1454,Shamela0026484,208,343,1124,248,36
357,87,266,Sham19Y0017531,26,513,701,128,81
357,1023,1427,JK001171,116,533,782,180,55
357,967,1417,ShamAY0035220,41,61,456,272,73
357,757,1102,JK001236,278,303,561,161,58
357,1023,1427,ShamAY0033949,234,851,1113,191,58
357,1023,1417,Shamela0000956,424,201,450,179,55
357,682,1023,Shamela0021765,2223,1098,1373,181,63
357,973,1427,JK011633,330,551,903,211,58
357,1062,1417,Shamela0009697,11,460,775,239,83
357,967,1417,Shamela0023700,578,853,1246,280,76
357,1059,1304,Sham19Y0014592,2804,1194,1460,178,84
357,754,967,Sham19Y0014592,2805,1057,1263,138,76
357,50,637,Shamela0008360,51,857,1151,177,34
357,1062,1417,Shamela0008360,385,530,860,231,77
357,1062,1417,Shamela0025800,944,656,1003,246,82
357,37,637,JK000076,94,693,1332,299,46
357,1062,1235,Shamela0023631,2284,673,842,116,79
357,323,841,Shamela0010835,176,67,666,270,49
357,816,1451,Shamela0001453,48,653,1084,206,38
357,1023,1417,Shamela0003722,2836,11,242,163,51
357,725,1417,Shamela0009270,420,333,985,346,53
357,1220,1417,Sham19Y0018632,71,1,185,129,77
357,682,1126,Shia002231Vols,621,546,985,204,52
357,1059,1417,Shamela0004473,9611,1015,1323,229,79
357,1053,1255,ShamAY0038329,374,1313,1511,131,76
357,967,1417,JK009408,641,299,756,304,76
357,967,1417,Shamela0021809,622,952,1310,249,68
357,682,973,Shamela0021809,1813,1140,1364,166,71
357,776,1154,Shamela0021809,1814,1,437,180,49
357,967,1247,Shamela0021809,1978,1160,1420,170,72
357,637,1126,Shamela0001733,1962,935,1397,223,46
357,967,1423,Shamela0001733,3467,580,1039,345,91
357,323,637,Shia002228,74,145,515,187,57
357,1,266,ShamAY0034138,888,870,1131,187,85
357,1102,1438,Shamela0012094,209,1176,1443,135,48
357,30,353,Sham19Y0132973,735,209,576,184,63
357,959,1454,Shamela0006463,10,929,1338,270,69
357,1059,1290,Shamela0008585,10,1260,1487,155,81
357,1062,1417,Shamela0028168,116,589,868,195,67
357,1023,1362,JK000134,664,632,867,160,56
357,54,234,ShamIbadiyya0000279,412,212,407,137,89
357,999,1454,Shamela0006446,259,195,703,309,74
357,30,266,Shamela0001438,5786,1111,1346,164,82
357,1045,1417,Shamela0001438,7157,842,1208,251,78
357,757,967,JK001012,392,1059,1256,149,86
357,999,1451,JK000481,557,1,457,320,86
357,14,739,Shia003101Vols,160,229,624,201,32
357,1,637,Shia001731Vols,58,1086,1380,195,36
357,1062,1417,Shamela0008176,3325,369,699,232,77
357,967,1417,JK000679,146,834,1229,272,73
357,703,973,Shamela0025794,2939,1198,1418,176,81
357,682,1107,Shamela0025794,3308,670,1012,191,48
357,1059,1300,Shamela0003055,625,1246,1483,163,82
357,956,1329,Shamela0011146,87,593,849,159,52
357,682,1126,JK000786,2941,661,1031,229,61
357,682,1126,ShamAY0032818,3,173,512,213,60
357,1134,1417,Shamela0007350,169,1,237,177,77
357,967,1427,Shamela0000782,1191,575,982,275,72
357,30,266,JK009390,3572,523,759,164,82
357,1059,1417,JK009390,7097,1050,1348,208,70
357,30,266,Sham19Y0127677,3767,175,406,167,84
357,1059,1247,Sham19Y0127677,5136,1251,1426,120,77
357,754,999,Sham19Y0127677,6687,87,300,156,80
357,1,266,Sham19Y0127677,18029,1156,1432,185,77
357,967,1417,Sham19Y0127677,19778,171,1073,322,43
357,973,1329,Shamela0008680,74,103,446,182,57
357,266,841,Shamela0030592Vols,174,64,741,293,48
357,643,981,Shamela0026324,3410,1110,1335,143,54
357,754,967,Shia003732Vols,3699,1263,1401,96,55
357,747,1126,Shia003732Vols,3705,478,766,190,61
357,1,238,Shamela0009292,158,128,379,166,79
357,1,770,JK000624,119,252,622,211,33
357,25,637,Sham19Y0035453,158,687,977,187,36
357,1053,1417,Sham19Y0132403,47,1115,1466,247,81
357,967,1362,Shamela0036515,702,165,449,195,61
357,1,637,JK005004,1020,939,1555,296,48
357,999,1258,JK000653,20,1183,1434,157,72
357,1258,1427,JK000653,21,1,125,92,68
357,30,234,ShamAY0033729,114,702,1221,124,28
357,1062,1417,Shamela0036446,1336,94,412,228,77
357,953,1423,JK011273,6,314,607,161,41
357,46,612,Sham19Y0013223,61,1058,1505,164,26
357,33,637,Sham19Y0013223,1334,306,820,328,63
357,1102,1417,ShamAY0034371,53,598,853,127,46
358,6,306,Sham19Y0020989,2460,420,735,225,90
358,782,928,Shamela0010843,6,115,283,98,69
358,21,306,Shia002265Vols,4351,485,808,202,78
358,40,306,Shia001782Vols,3619,1171,1435,200,94
358,40,306,SHAM19Y23644,2637,803,1041,146,67
358,149,306,Shamela0009567,980,1,161,123,97
358,12,306,Shamela0009783BK4,79,761,975,142,61
358,306,629,Shamela0026440,11,1046,1396,205,70
358,24,312,Shamela0012220,1046,984,1268,201,84
358,12,306,Sham19Y0001729,386,805,1054,147,57
358,15,306,Shamela0022547,1060,11,370,197,65
358,12,306,ShamAY0035220,41,745,1173,177,49
358,110,306,Shamela0021765,2305,1,204,148,93
358,21,306,JK000533,519,1181,1510,120,37
358,24,296,Shamela0023700,578,1251,1457,117,55
358,12,306,ShamAY0033973,112,664,929,177,73
358,741,918,ShamAY0034644,27,884,1095,124,74
358,1216,1429,Shamela0001453,12,695,913,135,75
358,12,145,Shamela0003722,1486,506,632,88,86
358,12,306,Shia002231Vols,622,488,744,163,68
358,6,306,Sham19Y0148271,1787,448,763,225,90
358,6,235,JK009408,640,975,1383,172,52
358,107,306,Shamela0021809,623,1,200,153,95
358,6,306,Shamela0021809,1983,882,1202,222,88
358,1,306,Shamela0001733,3512,127,425,230,95
358,1022,1429,Shamela0029721,6,1054,1400,151,38
358,12,455,Shamela0023100,160,554,1008,207,46
358,87,306,Shamela0001438,6520,1,221,171,98
358,968,1193,JK000481,67,1,222,145,78
358,12,455,JK000679,147,105,688,214,39
358,196,629,Shamela0013034,21,1062,1467,219,56
358,340,629,Shamela0025794,572,22,296,197,85
358,92,306,Shamela0025794,3733,1,219,167,97
358,15,187,Shia002103Vols,348,1211,1396,113,72
358,12,306,Shamela0008970,66,247,516,152,57
358,388,1148,Shamela0008970,101,1,772,290,37
358,37,306,Sham19Y0127677,4578,239,501,196,92
358,21,196,Shamela0026324,3777,1196,1367,119,83
358,12,306,Shamela0004289,1224,1020,1277,162,67
358,49,271,Shamela0011816,678,744,1176,160,45
359,1254,1460,Sham19Y0014119,281,376,595,148,85
359,707,1050,Sham19Y0020882,224,937,1267,144,44
359,1328,1460,Shia002265Vols,419,306,445,103,94
359,1296,1460,Sham19Y0017063,558,451,630,125,89
359,942,1334,Shamela0009567,974,1026,1369,185,54
359,697,896,JK000916,24423,373,558,126,79
359,1328,1460,Sham19Y0122096,874,1135,1274,103,94
359,686,896,ShamAY0032918,9,704,936,147,76
359,1257,1460,Sham19Y0145212,1771,197,413,146,85
359,886,1185,JK007016,453,463,735,141,52
359,1300,1460,Shamela0009856,415,1,179,119,83
359,1257,1460,ShamAY0033728,8,1124,1346,152,87
359,823,1130,JK001297,133,1097,1594,122,25
359,1328,1460,Shamela0004482,514,164,302,102,94
359,697,886,ShamAY0034403,214,617,785,126,83
359,1257,1460,Sham19Y0038171,791,1106,1314,138,82
359,1328,1460,Shamela0001975,186,1087,1226,103,94
359,1257,1460,ShamAY0035035,3246,920,1128,138,82
359,1328,1460,Shamela0021659,349,836,975,103,94
359,1188,1460,JK000055,87,746,1056,203,81
359,1257,1460,JK001236,273,541,759,147,85
359,1155,1460,Shamela0023700,1466,1113,1431,196,72
359,1257,1460,Shamela0025800,944,339,568,144,79
359,1254,1460,Sham19Y0017791,820,1138,1357,148,85
359,958,1315,Sham19Y0148271,1562,1037,1346,160,49
359,697,1050,Sham19Y0148271,2274,599,988,171,48
359,491,1050,Shia002092,7,1,502,221,45
359,1145,1460,Shamela0021809,1677,250,583,195,68
359,570,818,Shamela0001733,1241,298,630,90,36
359,1328,1460,Shamela0001438,7970,528,667,103,94
359,1247,1460,Sham19Y0023625,1769,381,589,144,81
359,1257,1460,Shamela0008176,3347,436,665,146,82
359,942,1315,Shamela0025794,1500,205,500,170,54
359,697,1050,Shamela0025794,4778,198,513,179,60
359,707,1050,Shamela0025794,4803,1172,1507,171,51
359,707,958,Shamela0025794,4874,876,1122,140,63
359,707,1050,Shamela0025794,4958,110,369,166,60
359,707,1050,Shamela0008494,40,184,516,146,44
359,1159,1460,JK000786,2975,550,795,167,71
359,1145,1460,Shamela0000782,1193,918,1250,200,70
359,707,1053,Shamela0008970,65,922,1323,162,44
359,1296,1460,JK009390,394,252,414,107,80
359,1021,1460,Shamela0026872,12,707,1015,209,58
359,1145,1460,Shamela0004289,1218,895,1214,190,67
359,1290,1460,JK009288,820,942,1100,117,87
359,1328,1460,ShamAY0034274,453,671,809,101,93
360,497,847,Shia001782Vols,3620,372,735,146,36
360,201,646,Shamela0095735,562,1326,1536,137,37
360,134,661,ShamAY0033945,600,921,1412,257,58
360,215,841,JK000475,1617,747,1302,255,45
360,201,661,ShamAY0038626,2,904,1129,149,39
360,183,826,Shamela0023644,1490,1,623,222,29
360,690,1097,Shamela0021765,487,404,771,149,36
360,232,826,Shamela0009107,568,538,1162,258,42
360,366,698,Shamela0008970,74,1069,1389,201,74
360,191,826,JK000624,217,284,795,216,37
360,771,1133,Shamela0012884,1108,265,498,136,44
361,505,1354,Sham19Y0014119,280,1036,1458,248,36
361,958,1278,Shamela0010480,1630,1141,1477,181,64
361,1013,1446,Shamela0010480,1631,537,999,276,70
361,1130,1408,Shamela0010480,1632,1,277,221,98
361,958,1451,Shamela0009076,364,32,600,297,63
361,1125,1272,Shia002265Vols,427,1132,1289,99,81
361,786,952,Shia002265Vols,676,123,291,134,98
361,1180,1408,Sham19Y0017063,557,1,238,163,82
361,778,952,Shia001782Vols,3615,1107,1284,137,96
361,526,1227,Sham19Y0122257,1531,618,876,137,23
361,1078,1408,Sham19Y0122257,1532,161,477,154,47
361,1013,1422,Zaydiyya0000268,61,1,402,257,74
361,985,1408,JK011548,56,358,768,248,70
361,1152,1269,Sham19Y0020561,134,1507,1624,87,94
361,1078,1408,Shamela0010639,393,953,1280,243,90
361,526,1349,Sham19Y0145212,1769,500,1368,215,19
361,1152,1408,Shamela0023685,1412,73,320,175,80
361,1034,1427,Zaydiyya0000229,197,1,378,231,72
361,1152,1323,JK001297,212,1260,1431,115,85
361,656,952,Shia002034Vols,1988,1,271,210,90
361,1152,1408,Shamela0004482,511,351,614,191,92
361,1081,1408,ShamAY0034403,203,746,1060,210,77
361,989,1408,Sham19Y0001729,403,63,469,285,83
361,1081,1391,Zaydiyya0000133,28,936,1276,192,66
361,1078,1408,Shamela0000216,140,765,1052,198,74
361,730,1408,JK001487,152,152,807,286,43
361,1116,1408,Shamela0001975,520,1050,1380,207,78
361,989,1403,Shamela0008540,1800,1122,1494,275,83
361,985,1408,ShamAY0033945,611,592,1001,268,75
361,1085,1446,JK000475,2194,4,376,221,66
361,1152,1408,Shamela0021659,652,290,560,201,93
361,1090,1408,JK001236,269,1,320,209,78
361,738,1419,Shamela0117359,393,673,1267,347,59
361,958,1349,Sham19Y0009382,14,850,1158,222,70
361,1116,1323,Zaydiyya0000031,5,1338,1562,126,66
361,1111,1408,Shamela0023644,1475,730,1030,199,81
361,754,1408,Sham19Y0013614,320,1114,1450,230,42
361,1013,1408,Shamela0012991,139,583,1202,261,51
361,1081,1408,Sham19Y0020944,322,224,533,230,86
361,1184,1408,JK009242,330,1,232,159,82
361,952,1408,Shamela0007891,771,70,505,300,80
361,952,1300,ShamAY0032959,49,1021,1404,236,72
361,1300,1446,ShamAY0032959,50,1,138,96,83
361,1152,1408,Sham19Y0132416,106,941,1206,172,75
361,989,1354,Sham19Y0020591,544,991,1448,245,63
361,1013,1414,ShamAY0033973,161,704,1090,269,80
361,526,1408,Shamela0008360,387,338,790,263,35
361,636,933,Shia002218Vols,508,620,869,189,79
361,1044,1408,Shamela0025800,942,596,943,233,75
361,1121,1408,ShamAY0036031,154,81,364,190,78
361,1081,1408,Shamela0008544,1362,365,672,220,83
361,1121,1408,ShamAY0034352,60,601,955,200,71
361,952,1408,Shamela0003722,3162,450,876,282,71
361,1053,1446,ShamAY0032834,23,1,363,268,84
361,754,1408,Sham19Y0016976,819,647,982,231,43
361,505,1408,Sham19Y0017791,819,289,833,285,36
361,952,1408,Shamela0008206,486,238,711,268,65
361,1180,1446,JK009179,118,1,272,163,65
361,971,1422,Shia002231Vols,618,825,1284,298,78
361,958,1408,ShamAY0033598,280,303,805,277,67
361,1029,1408,Sham19Y0148271,973,108,512,259,77
361,782,1408,Shamela0005748,103,852,1099,162,31
361,952,1408,JK000919,446,340,643,139,36
361,45,153,Shamela0001733,921,1205,1320,78,87
361,45,370,Shamela0001733,1883,90,327,123,46
361,45,153,Shamela0001733,1888,1050,1158,84,100
361,36,697,Shamela0001733,2271,411,900,242,41
361,985,1408,Shamela0012872,261,531,960,260,72
361,1013,1408,Shamela0009810,1382,431,877,237,63
361,1078,1446,Shamela0001341,78,494,905,219,66
361,963,1408,Shamela0026884,378,458,912,264,67
361,1152,1391,Shamela0001438,2230,1280,1534,184,91
361,778,952,Shamela0001438,5869,903,1079,138,97
361,1152,1408,JK001012,395,100,360,181,83
361,1066,1408,Shia001731Vols,805,19,352,203,70
361,1152,1293,Sham19Y0023625,2730,465,616,105,88
361,1078,1408,Shamela0008176,3341,996,1328,227,81
361,958,1446,Shamela0010803,359,178,656,306,76
361,989,1422,JK001127,8,365,762,257,69
361,1078,1422,Shamela0025794,435,21,354,236,84
361,952,1323,Shamela0030741,128,484,832,202,61
361,952,1427,Zaydiyya0000352,230,312,825,267,62
361,1121,1408,Shamela0008634,727,454,730,196,82
361,952,1446,ShamAY0032765,8,128,648,326,73
361,1013,1391,JK000786,2940,1060,1442,227,70
361,1094,1259,Shamela0036558,313,926,1092,98,72
361,1152,1323,Shamela0027083,425,1379,1553,117,82
361,952,1408,Shamela0000782,1214,68,500,274,73
361,341,952,Shamela0013068,290,774,1433,297,54
361,958,1438,Shamela0008970,61,444,949,310,75
361,762,952,JK009390,4850,310,485,134,86
361,985,1408,JK000581,61,1041,1489,265,73
361,1152,1408,Sham19Y0127677,1441,973,1243,199,92
361,786,952,Sham19Y0127677,3743,409,569,126,93
361,45,153,Sham19Y0127677,14821,275,390,78,87
361,952,1422,Shamela0005702,142,370,942,318,69
361,824,1408,Shamela0026568,1241,412,888,233,39
361,735,1419,Sham19Y0131521,2179,561,1161,348,58
361,989,1446,JK000735,134,131,627,273,64
361,782,1408,Sham19Y0017903,983,435,744,211,41
361,1078,1408,Shia003732Vols,3697,945,1269,189,61
361,762,952,Shia003732Vols,3705,91,285,137,86
361,952,1451,Shamela0008244,130,762,1238,280,64
361,1078,1259,Shamela0012884,2819,56,240,124,85
361,952,1408,Shamela0004289,1218,437,864,272,73
361,1152,1259,Shamela0006947,11978,1189,1296,81,97
361,1081,1408,Shamela0008370,612,698,1045,225,81
361,958,1408,Shamela0022882,340,169,643,287,73
361,1121,1408,JK000383,62,424,778,200,71
361,1152,1408,ShamAY0034274,453,406,671,185,84
361,1152,1408,Shamela0036446,1335,284,548,185,84
361,1013,1422,Shamela0029976,2,287,688,277,83
362,939,1463,ShamAY0034055,9195,541,1127,330,63
362,80,350,Sham19Y0014119,280,1173,1458,197,86
362,995,1463,ShamAY0034068,2951,139,757,195,32
362,5,277,Shamela0010480,1630,1192,1477,169,70
362,31,861,Shamela0010480,1631,553,1449,339,37
362,128,443,Shamela0010480,1632,1,313,210,82
362,5,404,Shamela0009076,364,140,545,253,74
362,830,1052,Shamela0006060,24,865,1059,144,80
362,123,271,Shia002265Vols,427,1132,1289,97,79
362,178,404,Sham19Y0017063,557,1,238,158,80
362,710,1463,Shamela0000894,515,32,1026,381,44
362,706,1463,Shamela0000894,5585,297,1331,385,42
362,80,404,Sham19Y0122257,1532,161,477,142,44
362,640,1346,JK000916,13130,891,1505,327,47
362,659,1052,JK000916,13131,135,499,271,85
362,31,597,Zaydiyya0000268,61,17,516,298,61
362,842,1130,Shamela0021794,99,988,1161,111,46
362,31,404,JK011548,56,420,768,247,80
362,629,1467,ShamAY0035253,25,1,887,617,83
362,150,268,Sham19Y0020561,134,1507,1624,92,99
362,80,404,Shamela0010639,393,953,1280,240,91
362,80,345,Sham19Y0145212,1769,632,1368,183,31
362,119,629,Shamela0023177,106,566,800,86,18
362,150,404,Shamela0023685,1412,73,320,164,74
362,842,1463,Shamela0026566,140,244,932,226,31
362,36,387,Zaydiyya0000229,197,1,345,223,74
362,801,1159,Shamela0095735,799,935,1543,155,30
362,826,1467,Shamela0002864,1461,1,632,473,89
362,659,1052,JK001293BK1,1616,883,1229,254,78
362,150,319,JK001297,212,1260,1431,119,85
362,150,404,Shamela0004482,511,351,614,203,96
362,83,404,ShamAY0034403,203,746,1060,222,82
362,5,404,Sham19Y0001729,403,94,469,272,83
362,83,387,Zaydiyya0000133,28,936,1276,190,62
362,80,404,Shamela0000216,140,765,1052,208,76
362,781,1008,Sham19Y0018569,163,979,1192,161,88
362,5,404,JK001487,152,416,807,245,71
362,150,404,Shamela0001975,520,1090,1380,188,81
362,1,399,Shamela0008540,1800,1135,1494,265,83
362,1,586,ShamAY0033945,611,621,1284,338,58
362,87,586,JK000475,2194,4,441,261,58
362,150,435,Shamela0021659,652,290,590,200,83
362,92,404,JK001236,269,1,320,229,85
362,5,410,Shamela0117359,393,885,1262,278,85
362,1,345,Sham19Y0009382,14,884,1158,184,66
362,113,319,Zaydiyya0000031,5,1338,1562,130,66
362,119,404,Shamela0023644,1475,740,1030,200,81
362,550,1008,Sham19Y0013614,131,1036,1530,190,39
362,80,404,Sham19Y0013614,320,1114,1450,229,82
362,5,435,Shamela0012991,139,583,1221,277,50
362,83,404,Sham19Y0020944,322,224,533,227,87
362,182,597,JK009242,330,1,436,201,46
362,710,1463,Shamela0007891,541,675,1355,280,37
362,5,404,Shamela0007891,771,128,505,280,85
362,1013,1297,Shamela0021654,842,423,839,102,24
362,5,302,ShamAY0032959,49,1127,1404,183,73
362,798,1060,Shamela0022921,40,201,458,181,81
362,150,404,Sham19Y0132416,106,941,1206,171,74
362,5,350,Sham19Y0020591,544,1011,1448,229,62
362,995,1467,Sham19Y0014592,946,149,677,327,73
362,28,586,ShamAY0033973,161,710,1215,312,61
362,80,404,Shamela0008360,387,470,790,220,80
362,46,404,Shamela0025800,942,596,943,219,71
362,113,591,ShamAY0036031,154,75,433,249,62
362,83,404,Shamela0008544,1362,365,672,218,84
362,109,404,ShamAY0034352,60,591,955,220,75
362,798,1463,Shamela0023631,3957,479,1278,327,44
362,5,404,Shamela0003722,3162,509,876,269,81
362,55,472,ShamAY0032834,23,1,396,259,76
362,5,586,Shamela0001442,236,864,1159,120,23
362,58,404,Sham19Y0016976,819,630,982,236,81
362,80,420,Sham19Y0017791,819,498,846,234,81
362,5,404,Shamela0008206,486,319,711,246,71
362,178,676,JK009179,118,1,562,202,42
362,5,404,Shia002231Vols,618,872,1254,279,84
362,1,404,ShamAY0033598,280,403,805,271,80
362,31,586,Sham19Y0148271,973,108,697,285,47
362,83,404,Shamela0005748,103,843,1099,166,60
362,847,1463,Shamela0004473,15723,1,447,215,39
362,781,1008,Sham19Y0150962,1566,178,577,154,46
362,648,1052,Shamela0012579,2472,350,728,275,85
362,5,404,JK000919,446,414,643,126,38
362,842,1463,ShamAY0033974,168,107,699,232,35
362,919,1463,Shamela0021809,2478,66,704,253,40
362,635,1013,Shamela0001733,3960,1046,1409,270,87
362,1013,1467,Shamela0001733,3961,1,461,352,93
362,31,404,Shamela0012872,261,593,960,262,83
362,781,1008,Shamela0009918,659,696,1045,156,53
362,5,404,Shamela0009810,1382,431,877,259,69
362,80,404,Shamela0001341,78,494,864,226,71
362,119,629,Shia002294Vols,177,792,1021,90,22
362,1,404,Shamela0026884,378,546,912,257,76
362,150,387,Shamela0001438,2230,1280,1534,180,89
362,150,591,JK001012,395,100,533,235,58
362,68,586,Shia001731Vols,805,19,543,246,44
362,150,292,Sham19Y0023625,2730,465,616,103,87
362,813,1463,Shamela0009107,180,20,663,330,53
362,781,988,Shamela0008176,1112,1354,1542,140,83
362,80,404,Shamela0008176,3341,996,1328,228,82
362,781,1013,Shamela0008176,5747,350,572,163,85
362,5,404,Shamela0010803,359,217,621,287,85
362,5,420,JK001127,8,381,762,241,66
362,80,591,Shamela0025794,435,21,443,271,58
362,31,319,Shamela0030741,128,558,832,172,69
362,5,453,Zaydiyya0000352,230,392,870,255,64
362,119,404,Shamela0008634,727,454,730,203,86
362,5,586,ShamAY0032765,8,234,815,299,51
362,5,387,JK000786,2940,1060,1442,246,73
362,635,1374,Shamela0006415,14,483,1198,343,45
362,96,258,Shamela0036558,313,948,1092,92,73
362,150,319,Shamela0027083,425,1379,1553,123,85
362,5,586,Shamela0000782,1214,114,750,312,52
362,5,597,Shamela0008970,61,523,1132,357,66
362,31,404,JK000581,61,1104,1489,272,86
362,150,404,Sham19Y0127677,1441,973,1243,188,88
362,5,404,Shamela0005702,142,505,915,287,85
362,150,404,Shamela0026568,1241,640,888,165,75
362,5,410,Sham19Y0131521,2179,780,1156,278,85
362,1013,1463,ShamAY0034073,4306,139,549,184,39
362,5,586,JK000735,134,167,693,302,57
362,80,404,Sham19Y0017903,983,423,744,218,79
362,80,404,Shia003732Vols,3697,945,1269,193,62
362,5,420,Shamela0008244,130,852,1216,249,71
362,655,1467,Shamela0026872,13,448,1268,591,86
362,80,258,Shamela0012884,2819,56,240,134,92
362,939,1463,Shamela0012884,4368,963,1549,329,62
362,798,1420,Shamela0012884,4370,834,1432,206,29
362,813,1463,Shamela0012884,4371,523,1125,288,46
362,5,597,Shamela0004289,1218,481,1083,319,58
362,404,629,Sham19Y0016877,50,1315,1532,158,86
362,150,258,Shamela0006947,11978,1189,1296,79,94
362,83,404,Shamela0008370,612,698,1045,227,82
362,1,718,Shamela0022882,340,238,837,303,44
362,629,1210,Shamela0013066,310,833,1399,372,75
362,1210,1467,Shamela0013066,311,1,276,205,89
362,109,404,JK000383,62,414,778,220,75
362,150,404,ShamAY0034274,453,406,671,181,82
362,842,1463,JK000653,150,945,1539,257,42
362,150,404,Shamela0036446,1335,284,548,181,83
362,5,581,Shamela0029976,2,287,761,321,68
363,656,1205,ShamAY0034055,9195,640,1231,320,59
363,550,1141,Sham19Y0014119,124,75,751,287,44
363,419,1186,Shamela0010463,539,57,901,296,34
363,656,1131,ShamAY0034068,2951,154,792,255,48
363,550,1101,Shamela0003118,2036,269,905,267,43
363,652,1186,Shia002265Vols,5277,109,655,359,78
363,550,1131,Sham19Y0017063,186,207,879,294,46
363,656,1186,Sham19Y0017063,187,1,544,347,75
363,706,1101,Shia001782Vols,2383,1,588,250,52
363,550,1131,Shamela0009567,639,456,1169,281,41
363,550,920,ShamAY0033632,203,94,410,158,42
363,296,1186,Shamela0000894,515,183,1101,446,52
363,296,1186,Shamela0000894,5585,488,1406,445,52
363,944,1186,Sham19Y0122257,577,442,664,163,82
363,550,1131,JK000916,13121,222,864,311,50
363,724,1131,JK000916,13126,13,535,236,53
363,687,1186,JK000916,13129,185,734,326,71
363,614,1186,JK000916,13130,1,551,361,72
363,7,783,Shamela0021794,87,472,998,289,42
363,550,920,Shamela0021794,88,339,576,165,55
363,550,932,Shamela0021794,89,1037,1451,152,34
363,550,777,Shamela0021794,90,1183,1351,60,24
363,814,1131,Shamela0021794,91,4,344,197,65
363,550,1131,Shamela0021794,93,386,1068,310,50
363,652,1205,Shamela0021794,98,211,785,301,60
363,245,1186,ShamAY0035253,25,146,976,372,41
363,656,1004,Shia002702Vols,9457,1108,1380,188,66
363,882,1186,Sham19Y0145212,713,1,340,210,72
363,845,1186,Shamela0095735,800,1,370,228,71
363,561,1186,Shamela0002864,1414,508,1114,329,53
363,1186,1436,Shamela0002864,1449,1267,1428,103,48
363,582,1186,Shamela0002864,1459,150,543,227,41
363,296,1186,Shamela0002864,1461,1,721,314,36
363,309,1186,Shamela0012981,1427,618,1513,419,51
363,296,539,Shamela0000216,143,1291,1502,159,83
363,582,1186,Sham19Y0038171,791,161,551,254,49
363,652,1186,Shamela0001975,199,315,855,349,76
363,561,1186,JK006476,1494,288,811,300,54
363,110,464,ShamAY0033945,612,1099,1509,224,70
363,800,1186,ShamAY0035035,3246,1,376,247,72
363,973,1186,Sham19Y0020891,5385,1,192,140,82
363,652,1186,Shamela0021659,357,753,1293,349,76
363,582,1186,JK001236,272,363,758,259,50
363,550,1131,Sham19Y0013614,131,348,1006,288,46
363,550,920,Shamela0007891,540,1083,1441,162,43
363,656,1241,Shamela0007891,541,862,1476,269,47
363,721,1186,ShamAY0034011,178,1,477,297,72
363,1213,1436,Shamela0022921,29,569,806,155,80
363,1,338,Sham19Y0014592,946,677,934,157,52
363,561,1186,Shamela0008360,115,270,856,320,52
363,268,1186,Shamela0023631,3957,479,1351,454,54
363,190,398,ShamAY0034123,1165,1298,1513,144,79
363,398,1411,ShamAY0034123,1166,1,1062,637,68
363,436,1186,JK000917,1366,416,1099,389,61
363,554,1186,Shamela0003722,4039,796,1438,316,47
363,752,1186,Shamela0008473,4106,1,427,277,73
363,550,920,Sham19Y0016976,381,1192,1539,159,43
363,554,1131,Shamela0009270,307,602,1287,252,36
363,550,1131,Sham19Y0017791,285,675,1335,288,45
363,550,932,Shamela0013035,397,43,243,121,35
363,550,1141,Sham19Y0148271,2120,264,998,254,35
363,314,1186,Shamela0004473,15723,1,522,257,34
363,656,1186,ShamAY0033974,167,608,1201,359,73
363,652,1347,ShamAY0033974,168,216,996,334,50
363,395,1186,Shamela0021809,2478,14,779,351,44
363,1,338,Shamela0001733,3961,461,791,175,51
363,95,1308,Shamela0001733,3981,160,1429,735,65
363,582,1186,Shamela0012862,512,836,1371,184,26
363,454,1186,Shamela0001438,1006,78,723,328,48
363,550,1131,Shamela0001438,6710,768,1421,276,43
363,259,1186,Shamela0009107,180,1,735,379,46
363,561,1186,Shamela0008176,1145,227,827,331,54
363,561,1186,Shamela0025794,4166,391,1030,314,48
363,550,1101,Shamela0025794,4408,819,1498,271,41
363,561,1066,Shia003616Vols,1787,1030,1491,250,50
363,668,936,Shamela0006415,15,1,688,181,33
363,777,1186,Sham19Y0020868,231,4,404,265,74
363,561,1186,Shamela0000782,1100,891,1457,322,54
363,652,932,JK009390,437,1050,1364,186,73
363,944,1186,JK009390,438,6,228,165,83
363,656,1131,JK009390,3155,208,829,281,51
363,797,1186,Shamela0010664,1347,486,964,267,66
363,652,920,Sham19Y0127677,436,1142,1449,178,71
363,944,1186,Sham19Y0127677,437,9,224,160,82
363,431,928,Shamela0006454,64,945,1410,172,35
363,161,413,Shamela0026324,4216,195,465,132,62
363,793,1131,ShamAY0034073,4306,135,584,196,49
363,561,1186,Sham19Y0122187,866,628,1207,315,52
363,1,169,Shamela0026872,13,1268,1432,120,90
363,656,1096,Shamela0012884,4368,1063,1549,259,58
363,550,1066,Shamela0012884,4371,106,455,198,42
363,656,1186,Shamela0012884,4371,647,1219,259,50
363,561,1186,Shamela0004289,1408,498,1051,309,52
363,271,1186,Shamela0022720,1,269,1224,411,45
363,1,338,Shamela0013066,311,276,589,166,57
363,561,1000,ShamAY0034274,31,325,754,207,44
363,857,1186,JK009306,239,10,355,224,74
363,1182,1436,Shamela0000736,3060,925,1183,189,91
363,550,1131,Shamela0029976,62,298,996,255,36
364,21,714,Sham19Y0014119,124,20,802,303,38
364,75,528,Shamela0010463,539,175,855,183,26
364,82,914,Shia002265Vols,5426,539,1350,275,30
364,181,1090,Zaydiyya0000015,2134,1187,1526,190,26
364,43,528,Sham19Y0017063,186,183,879,247,39
364,652,1010,Shia001782Vols,2383,1248,1540,213,74
364,1017,1350,Shia001782Vols,2384,7,345,250,87
364,43,300,ShamAY0033632,203,70,399,141,48
364,75,528,Shamela0000894,515,509,1055,242,47
364,75,528,Shamela0000894,5585,814,1360,242,47
364,1172,1350,Sham19Y0122257,577,501,664,118,79
364,43,528,JK000916,13121,151,864,263,40
364,43,528,JK000916,13134,1,618,217,36
364,25,409,Shia002382Vols,1574,141,431,190,58
364,25,409,Shia002382Vols,2116,687,974,189,57
364,34,326,Shamela0021794,88,302,595,171,66
364,528,914,Shamela0021794,90,941,1375,144,37
364,34,197,Shamela0021794,96,605,724,63,40
364,421,1181,Shamela0021794,98,596,1497,512,67
364,587,1350,ShamAY0035253,25,99,976,357,44
364,572,773,ShamAY0035253,26,669,1062,135,41
364,695,1109,Shamela0023613,3999,209,576,170,40
364,43,330,ShamAY0033610,7,732,1123,146,42
364,618,1073,Shamela0026566,140,197,599,185,47
364,43,473,Shamela0002864,1412,449,1019,207,38
364,66,528,Shamela0002864,1450,18,483,346,87
364,1,741,Shamela0002864,1456,1008,1457,199,29
364,747,914,Shamela0002864,1457,1,166,123,93
364,71,773,Shamela0002864,1461,159,959,327,43
364,528,1034,Shamela0012981,1150,1038,1461,284,68
364,1043,1350,Shamela0012981,1151,1,308,223,85
364,760,1350,Shamela0012981,1427,884,1513,285,44
364,82,528,Shamela0012981,1427,884,1462,243,49
364,14,449,Shia002406Vols,6562,905,1246,201,53
364,34,379,Shia001432Vols,7925,1298,1551,169,57
364,760,1350,JK006476,1494,288,811,256,44
364,538,1350,ShamAY0033053,377,300,1007,503,75
364,760,1350,ShamAY0033053,378,39,613,256,40
364,82,528,ShamAY0033053,378,39,570,233,51
364,34,300,Shia001269,83,1063,1343,136,50
364,25,398,Shia001269,293,692,970,186,58
364,21,714,Sham19Y0013614,131,293,1073,290,37
364,37,300,Shamela0007891,540,1053,1430,146,44
364,549,1378,Shamela0007891,541,630,1476,604,85
364,572,1064,Shamela0021765,354,973,1450,330,79
364,1064,1350,Shamela0021765,355,1,275,211,88
364,1,204,Shamela0022921,29,806,1016,129,68
364,843,1350,Shamela0008360,115,377,856,224,44
364,621,1299,Shamela0025800,2674,734,1433,284,40
364,43,642,Shamela0001719,4733,88,875,269,37
364,1,714,Shamela0001719,4734,74,751,262,34
364,75,528,Shamela0023631,3957,794,1305,239,49
364,1,528,Shamela0008473,4533,117,744,221,35
364,43,528,Tafsir06048,988,343,1067,261,38
364,21,300,Sham19Y0016976,381,1137,1528,151,45
364,21,714,Sham19Y0017791,285,620,1405,290,37
364,34,398,Tafsir04042,1901,77,336,165,53
364,729,1090,Shamela0013035,397,31,230,127,41
364,1,528,Sham19Y0148271,1067,459,1081,224,35
364,181,402,ShamIbadiyya0000194,973,1082,1350,177,79
364,128,914,Shamela0004473,7773,1,443,261,40
364,528,773,JK006801,891,442,683,138,62
364,652,914,Shia003724,15,671,919,194,94
364,90,402,Shamela0007351,7,1,318,252,95
364,71,483,Shamela0007351,8,121,791,227,39
364,43,473,ShamAY0033974,165,65,644,215,39
364,760,1350,ShamAY0033974,167,590,1201,282,46
364,572,1369,ShamAY0033974,168,6,800,417,55
364,528,1350,Shamela0021809,352,144,868,510,74
364,781,1497,Shamela0021809,2478,271,996,289,38
364,100,528,Shamela0001733,3961,15,500,184,37
364,71,528,Shamela0001733,3981,650,1237,215,37
364,538,1350,Shamela0012862,512,663,1371,504,75
364,760,1315,Shamela0012862,513,413,1008,268,44
364,82,528,Shamela0012862,513,413,992,246,50
364,43,704,Shamela0012872,31,540,1323,267,35
364,528,734,Shia002069Vols,492,937,1124,137,85
364,43,483,Shamela0023100,564,759,1384,224,41
364,760,1299,Shamela0001438,60,277,689,207,39
364,34,528,Shamela0009107,180,11,692,237,36
364,671,1090,JK009379,133,1114,1481,196,50
364,541,1121,Shamela0006415,15,232,699,193,36
364,613,1090,Shamela0006415,18,881,1192,178,43
364,1175,1350,Shamela0004445,6782,1041,1213,132,91
364,652,914,Shia002178,68,51,286,181,88
364,100,402,Shia002380Vols,678,886,1111,159,59
364,47,528,JK011593,30,150,801,232,37
364,843,1350,Shamela0000782,1100,998,1457,219,44
364,549,914,Shamela0008680,200,930,1210,200,70
364,528,773,Sham19Y0037618,5386,415,656,138,62
364,781,1299,ShamAY0034073,4306,139,584,203,42
364,1,914,Shamela0013022,27,185,792,327,40
364,642,1299,Shia003732Vols,3847,913,1546,294,43
364,71,528,Shamela0026872,13,774,1307,190,35
364,685,1299,Shamela0012884,4368,5,545,261,45
364,1,695,Shamela0012884,4370,1008,1602,381,61
364,334,1350,Shamela0012884,4371,309,1219,623,73
364,843,1350,Shamela0004289,1408,603,1051,218,45
364,34,402,JK000791,1985,201,492,196,58
364,75,528,Shamela0022720,1,579,1178,248,44
364,43,330,Shamela0009564,117,1047,1459,151,42
364,1,263,Shamela0000736,3060,1183,1455,198,86
364,263,528,Shamela0000736,3061,1,267,212,95
364,528,1260,JK000653,150,836,1539,500,81
364,1,723,JK000653,274,102,946,320,38
364,747,1299,Shamela0036446,191,601,1192,226,40
364,1,773,Shia001960,163,659,1116,177,25
364,658,1090,Sham19Y0013223,195,451,867,192,44
365,6,599,Sham19Y0014119,124,45,744,432,73
365,235,599,JK006833,180,1,373,244,77
365,1,810,Shamela0013178,199,561,1263,294,37
365,11,599,ShamAY0034068,2951,58,792,337,52
365,1,781,Shamela0003118,2036,230,1072,488,65
365,1,377,Shamela0003118,3935,907,1470,268,58
365,383,873,Shamela0003118,3936,1,523,255,47
365,35,235,Shia002265Vols,5426,1196,1462,137,63
365,235,634,Shia002265Vols,5427,1,454,305,78
365,1,873,Sham19Y0017063,186,173,1193,482,47
365,40,878,Shia001782Vols,2382,688,1482,394,48
365,109,878,Shia001782Vols,2383,1,947,467,58
365,72,599,Shamela0009567,639,738,1169,283,62
365,492,634,ShamAY0033632,55,12,205,109,65
365,1,419,ShamAY0033632,203,60,533,289,69
365,44,599,Shamela0000894,515,509,1055,288,56
365,44,599,Shamela0000894,5585,814,1360,288,56
365,44,634,Shamela0009783BK4,86,203,869,447,81
365,796,1007,Sham19Y0018337,193,738,970,65,22
365,1,244,JK000916,5898,1188,1492,172,70
365,244,781,JK000916,5899,1,628,308,48
365,64,781,JK000916,13120,536,1311,469,67
365,1,599,JK000916,13121,141,864,335,51
365,1,864,JK000916,13122,321,1419,539,57
365,128,864,JK000916,13123,8,847,427,57
365,1,993,JK000916,13124,10,1140,579,57
365,1,634,JK000916,13125,109,889,456,70
365,128,864,JK000916,13126,13,851,446,58
365,40,599,JK000916,13127,555,1264,372,63
365,72,599,JK000916,13130,43,505,248,54
365,1,244,Shamela0007798,8585,1179,1388,143,72
365,1,372,Shamela0021794,89,998,1467,279,74
365,372,864,Shamela0021794,90,1,540,249,47
365,193,993,Shamela0021794,91,4,1147,414,40
365,383,993,Shamela0021794,92,1,598,310,52
365,1,868,Shamela0021794,93,347,1299,526,60
365,1,173,Shamela0021794,99,988,1172,119,76
365,11,484,Shamela0023613,3999,209,752,239,48
365,267,599,Sham19Y0145212,713,1,294,165,56
365,1,823,Shamela0026566,140,244,1400,323,29
365,11,356,Shamela0002864,1411,1015,1466,207,51
365,1,864,Shamela0002864,1412,439,1419,511,58
365,51,599,Shamela0002864,1414,508,1068,263,52
365,201,864,Shamela0002864,1459,183,946,256,31
365,72,599,Sham19Y0020879,191,625,1056,282,62
365,1,864,Sham19Y0013614,131,314,1073,485,61
365,6,356,Shamela0007891,540,1053,1497,248,67
365,356,864,Shamela0007891,541,1,444,243,54
365,64,599,ShamAY0034011,178,77,431,209,45
365,1,634,Shamela0027103,19,50,817,468,73
365,1,786,Shamela0001719,4732,642,1462,417,51
365,1,864,Shamela0001719,4733,78,973,522,64
365,44,599,Shamela0003722,4039,796,1392,252,41
365,6,288,Shamela0008473,4533,1044,1275,152,66
365,197,599,Tafsir06048,988,676,1067,281,80
365,11,397,Shamela0009784,633,1039,1532,271,66
365,1,307,Sham19Y0016976,381,1158,1547,214,66
365,312,599,Sham19Y0016976,382,1,302,221,87
365,1,864,Shamela0009270,307,501,1487,544,64
365,793,1152,Shamela0009270,308,48,379,88,21
365,162,634,Shamela0000041,2216,1,612,369,73
365,6,634,Shamela0021766,3839,38,768,439,70
365,1,593,Sham19Y0017791,285,641,1329,433,75
365,197,484,Sham19Y0017791,287,175,979,220,33
365,11,634,Shamela0013035,397,538,1267,357,54
365,72,752,Sham19Y0148271,2120,563,1082,295,49
365,1,193,JK000532,274,1014,1190,128,81
365,640,993,Shamela0021477,207,1055,1432,185,54
365,152,781,Shamela0021477,208,1,655,428,75
365,1,419,Shamela0007351,7,805,1212,279,80
365,72,873,Shamela0007351,8,387,1106,335,41
365,765,993,Shamela0007351,9,302,592,101,43
365,1,757,ShamAY0033974,165,55,963,489,62
365,44,864,Shamela0021809,2478,142,1024,362,44
365,1,634,Shamela0012872,31,530,1272,444,70
365,1,409,Shia002069Vols,142,974,1450,317,81
365,409,864,Shia002069Vols,143,1,431,316,85
365,64,252,Shamela0009918,647,1070,1496,140,41
365,252,599,Shamela0009918,648,1,415,262,77
365,718,1193,Shamela0009082,555,522,1154,163,27
365,1,634,Shamela0023100,564,749,1481,452,74
365,1,634,Shamela0001438,6710,671,1491,463,67
365,207,1193,JK000481,608,1,1101,488,49
365,51,599,Shamela0008176,1145,227,781,292,57
365,730,1193,JK000679,142,750,1205,173,37
365,263,864,Shamela0025794,3024,7,534,273,52
365,72,864,Shamela0025794,4166,518,1242,302,39
365,72,575,Shamela0025794,4408,1093,1498,267,61
365,547,864,Shia003616Vols,1788,1,420,129,30
365,327,599,Shia003616Vols,1789,1,287,174,73
365,1,423,Shamela0006415,15,371,773,224,58
365,1,423,Shamela0006415,15,1037,1403,220,56
365,669,1193,Shamela0006415,16,489,1390,209,26
365,1,383,Shamela0022593,2215,1153,1545,208,53
365,35,419,Shia002178,105,249,623,253,78
365,741,1152,Shia002178,106,968,1108,79,25
365,64,599,Sham19Y0020868,231,16,358,213,48
365,1,419,Tafsir03092,2179,715,1143,238,56
365,1,599,JK000520,255,347,1033,323,54
365,1,634,JK011593,30,145,849,429,69
365,72,599,JK009390,2948,800,1238,265,56
365,6,648,JK009390,3155,156,890,450,72
365,35,634,JK009390,6657,23,747,439,72
365,51,419,Sham19Y0145166,774,732,1251,268,63
365,179,634,Sham19Y0127677,5086,7,558,345,74
365,1,288,Sham19Y0127677,19480,1109,1342,151,64
365,1,686,Shamela0011433,4,165,955,476,69
365,1,167,Shamela0013022,27,206,395,113,70
365,793,993,Shamela0012884,1846,1397,1558,87,46
365,128,599,Shamela0012884,1847,8,583,318,65
365,845,993,Shamela0012884,4371,1,158,109,86
365,11,201,Shamela0012884,4779,1283,1457,119,76
365,645,1147,Shamela0010627,39,998,1262,120,31
365,1,757,Shamela0029976,62,190,1167,491,56
366,176,675,Shia002265Vols,435,1083,1575,403,97
366,176,484,Shia001782Vols,3612,1116,1432,187,67
366,176,1104,Shia001782Vols,3614,106,921,538,63
366,1336,1513,Shia001782Vols,3616,1,163,124,85
366,1212,1513,Shia001122Vols,1003,45,286,104,38
366,769,1050,Shamela0021794,82,1116,1364,176,77
366,928,1050,Shamela0021550,143,566,694,92,90
366,928,1104,Shamela0095735,98,847,1019,118,84
366,166,449,Shamela0095735,253,440,1011,95,19
366,928,1050,ShamAY0033728,9,553,674,96,96
366,176,395,JK001297,127,1208,1434,180,96
366,1368,1513,JK001297,133,1240,1387,116,98
366,1104,1513,Shia002034Vols,1481,684,1041,250,75
366,797,1178,Shia002034Vols,1514,918,1376,233,60
366,22,489,Shia002034Vols,1551,517,1473,307,39
366,176,572,Shamela0004482,514,1198,1612,276,78
366,101,783,Shamela0000216,143,676,1263,337,53
366,928,1050,Sham19Y0038171,789,551,679,92,90
366,919,1055,Sham19Y0038171,2208,1053,1325,106,48
366,819,1315,Shamela0009200,227,862,1403,258,55
366,1368,1513,Shia001432Vols,32515,981,1111,104,89
366,18,331,ShamAY0033945,611,1148,1460,226,90
366,331,857,ShamAY0033945,612,1,662,254,37
366,919,1055,ShamAY0035035,8759,1267,1539,106,48
366,919,1050,Shamela0007289,2939,59,208,99,79
366,104,572,JK001236,276,1033,1527,320,79
366,601,783,JK001236,277,96,265,124,84
366,176,395,Zaydiyya0000031,15,293,488,157,86
366,48,395,Shamela0023644,1486,9,302,188,66
366,176,783,Zaydiyya0000067,217,829,1529,362,54
366,1368,1513,Zaydiyya0000236,254,1475,1605,104,88
366,101,556,Sham19Y0014592,998,84,568,309,77
366,831,1323,Shamela0029677,1033,711,1122,208,50
366,849,1002,Shamela0029677,1036,44,185,109,89
366,928,1050,JK000034,1,524,645,96,96
366,928,1104,JK000034,11,357,530,117,82
366,783,1026,Shamela0021809,2179,1229,1462,180,91
366,783,1231,Shamela0001733,3564,1016,1440,287,79
366,1,186,Shamela0001733,4666,1077,1259,128,84
366,176,849,Shamela0001733,4667,159,859,509,85
366,928,1050,Shia002069Vols,366,429,557,92,90
366,1363,1513,Shamela0001438,933,765,919,117,95
366,176,661,Shamela0001438,955,1128,1600,388,96
366,928,1050,JK001012,101,197,318,96,96
366,176,783,JK001012,405,14,714,362,54
366,176,783,JK001012,406,640,1116,375,75
366,1368,1513,Shia000784,90,1451,1581,104,89
366,176,395,Shamela0027083,426,803,1029,179,95
366,139,857,Shamela0008970,80,7,834,390,48
366,176,783,JK009390,435,298,891,483,96
366,176,783,JK009390,3003,288,817,421,82
366,176,401,Sham19Y0127677,1061,1309,1534,185,99
366,401,783,Sham19Y0127677,1062,1,366,295,93
366,176,783,Shamela0022642,909,591,1298,399,64
366,101,783,Shia003732Vols,3699,335,1071,375,51
366,1257,1513,Shia003732Vols,3703,192,438,176,82
366,176,783,Shia003732Vols,3704,696,1213,411,81
366,1368,1513,Shia000741,91,422,552,104,89
366,1212,1513,Shia001174Vols,3873,1340,1581,104,38
366,176,337,Shamela0036446,1336,1386,1535,123,91
366,337,498,Shamela0036446,1337,1,312,90,36
366,1368,1513,Shia000042,168,1144,1274,101,87
366,819,1104,Shia001960,147,254,524,210,93
367,698,907,JK000916,14528,277,486,140,77
367,382,849,JK000916,24910,101,635,229,44
367,537,907,Sham19Y0023618,2861,73,518,155,31
367,158,646,Shamela0023177,104,729,1054,159,38
367,537,907,Shamela0023177,105,74,689,215,38
367,1180,1459,Shamela0012981,527,592,1027,155,40
367,456,638,JK000021,1612,1,218,117,66
367,532,907,JK000021,2885,43,467,190,47
367,158,646,Sham19Y0038171,1171,679,1014,158,37
367,537,907,Sham19Y0038171,1172,42,648,215,39
367,158,646,ShamAY0035035,4723,355,691,158,37
367,762,1180,Sham19Y0014592,2803,281,679,159,38
367,975,1459,Shamela0010835,58,764,1471,187,30
367,377,646,Shamela0001453,109,1073,1377,177,66
367,1238,1459,Sham19Y0018632,243,252,412,103,54
367,1238,1459,JK009179,118,993,1220,124,56
367,1058,1459,Shia002231Vols,621,647,1177,161,32
367,1191,1459,Shamela0026668,120,385,723,140,46
367,118,303,ShamAY0034815,496,747,937,115,77
367,274,638,Shamela0012579,913,913,1357,178,41
367,118,303,Shamela0021809,1358,130,361,110,56
367,118,303,Shamela0001733,1795,148,338,115,77
367,907,1459,Shamela0001733,2337,1,482,246,53
367,118,751,Shamela0001733,2987,903,1262,163,31
367,382,849,Shamela0001733,3959,152,610,166,42
367,270,849,Shia002069Vols,400,738,1406,236,38
367,537,907,Shia002294Vols,176,312,757,155,31
367,382,638,ShamAY0032826,228,186,413,146,69
367,382,646,Shamela0012750,618,315,622,183,72
367,1058,1341,Shamela0001456,47,314,622,146,54
367,812,1341,Shamela0001456,175,21,544,130,20
367,118,303,Shamela0004445,7205,910,1081,101,70
367,118,303,Shamela0011818,436,947,1119,98,67
367,1254,1459,JK000022,1287,1,213,145,82
367,118,303,Shamela0013068,164,821,1046,122,69
367,118,303,Sham19Y0127677,10374,516,740,108,57
367,1234,1444,Sham19Y0018611,250,6,293,131,55
367,1180,1459,Zaydiyya0000342,417,529,805,191,81
367,118,907,JK005004,871,17,1361,287,21
368,1,168,Shia002265Vols,422,1147,1316,134,95
368,1,168,Sham19Y0122096,886,1109,1278,134,95
368,1,174,Shia002261Vols,65,797,972,134,92
368,284,637,Sham19Y0019188,499,613,958,206,67
368,1,843,Shamela0012981,527,1027,1410,171,21
368,168,629,Shia002034Vols,1429,863,1318,317,83
368,401,629,Shamela0004482,514,932,1168,163,77
368,907,1427,Sham19Y0001729,409,147,704,284,59
368,1,168,Zaydiyya0000133,60,1328,1503,129,89
368,284,859,Sham19Y0016934,592,262,710,239,49
368,181,629,ShamAY0033945,325,612,1139,208,42
368,284,592,ShamAY0034249,607,1078,1393,163,60
368,401,629,Sham19Y0132974,102,953,1152,145,72
368,1,168,Shamela0021659,349,1316,1485,134,95
368,327,564,Shamela0023644,1491,598,802,134,63
368,907,1189,Shamela0001719,3240,52,321,177,76
368,401,843,Shamela0008544,1315,15,412,210,55
368,401,555,Shamela0010835,58,1374,1538,111,76
368,299,637,Shamela0021721,404,381,720,186,64
368,1,346,Shamela0001733,2337,482,796,177,57
368,401,643,Shamela0006193,351,728,986,168,74
368,1,168,Shamela0001438,940,1247,1416,134,95
368,658,907,Sham19Y0016555,80,1131,1366,165,82
368,401,675,JK000786,2964,69,346,182,69
368,963,1332,Shamela0001456,424,1,290,179,60
368,190,629,Shamela0029904,2,1097,1466,247,63
368,658,946,JK000022,53,42,289,159,64
368,1,346,JK000022,1287,213,650,167,38
368,168,722,Shamela0008970,79,806,1377,354,74
368,1,168,JK009390,394,785,954,134,95
368,1,168,Sham19Y0127677,1049,722,891,135,95
368,287,859,Shamela0008463,471,449,929,254,51
368,249,637,ShamAY0034256,251,119,431,198,62
368,401,637,Shamela0030592Vols,45,126,397,162,69
368,1,354,Zaydiyya0000342,417,805,1226,175,47
368,299,574,Shamela0036446,1307,1292,1539,150,60
369,404,957,Shamela0013178,30,138,651,226,47
369,459,637,Shamela0003118,1265,810,972,89,55
369,451,637,Shamela0003118,5909,168,356,117,73
369,400,637,Sham19Y0020989,2444,1164,1392,171,86
369,490,825,Shia002265Vols,686,713,942,141,51
369,502,825,Shia001782Vols,3615,637,953,145,50
369,176,681,Shamela0009567,976,962,1425,226,48
369,989,1334,Shamela0009567,978,640,1404,137,20
369,229,819,Shamela0009567,979,810,1416,256,45
369,425,637,Shamela0002170,218,841,991,97,56
369,425,637,JK000916,12165,756,904,107,61
369,400,729,JK000916,15878,593,954,168,57
369,394,637,JK000916,20470,1143,1380,173,86
369,404,643,JK000916,20725,383,640,134,65
369,425,637,Shamela0012220,176,1059,1250,149,88
369,207,575,ShamAY0033945,635,718,1220,201,49
369,490,637,ShamAY0033945,2025,1274,1413,93,75
369,451,814,Shamela0000956,16,101,522,139,33
369,1168,1374,ShamAY0033973,331,797,1368,129,28
369,176,651,Shia002231Vols,620,1030,1500,164,31
369,305,637,Sham19Y0148271,265,236,529,181,68
369,190,643,JK009408,349,938,1410,187,41
369,333,637,Shamela0010010,630,292,810,106,18
369,292,651,Shamela0012579,411,419,789,170,46
369,176,637,Shamela0021809,281,460,929,184,37
369,630,866,Shamela0021809,484,79,477,124,33
369,431,938,Shamela0001733,528,799,1371,217,44
369,400,637,Shamela0030243,10,473,702,128,67
369,39,339,Shamela0025794,2420,148,373,126,51
369,447,651,Shamela0012750,366,493,713,132,75
369,176,814,Shamela0000040,2,806,1409,224,35
369,404,825,Shamela0008970,83,257,720,183,46
369,1041,1334,Shamela0008970,110,817,1261,186,51
369,333,637,Shamela0038740,841,1306,1489,100,34
369,1130,1334,Shamela0026324,5980,521,714,80,45
369,400,637,ShamAY0032855,142,658,895,131,67
369,394,637,Shamela0000736,6009,590,834,148,69
370,605,867,Shia002265Vols,645,676,898,162,77
370,1235,1449,Shia001782Vols,3617,848,1047,148,87
370,347,1021,JK000916,9051,456,1236,302,38
370,593,839,ShamAY0034447,1086,796,1325,187,44
370,496,857,Shamela0026878,258,10,435,242,65
370,544,857,JK001293BK1,1875,205,558,217,71
370,230,670,Shamela0012981,916,939,1439,218,47
370,334,1029,Shamela0012981,1636,336,980,306,46
370,483,877,JK001266,27,490,920,174,44
370,500,851,JK000021,2496,867,1267,242,71
370,992,1449,Shia002034Vols,1859,632,1121,283,72
370,30,477,Sham19Y0001729,405,555,1374,211,27
370,1115,1449,ShamAY0033949,234,386,688,204,75
370,628,1021,Sham19Y0132971,985,1,446,188,39
370,170,706,Sham19Y0148486,64,264,872,202,34
370,488,820,Shamela0021635,283,998,1400,194,55
370,316,706,Shamela0025800,946,30,408,169,42
370,477,889,Shamela0003722,873,796,1296,245,54
370,461,889,Shamela0031366,424,365,824,204,48
370,536,728,Sham19Y0148271,829,1219,1493,137,60
370,477,675,Sham19Y0039268,475,1261,1462,138,88
370,536,857,Shamela0021809,2874,1056,1404,195,58
370,477,1035,Shamela0001733,1890,456,1144,305,49
370,577,857,Shamela0009810,1385,14,366,170,58
370,593,851,Shamela0009082,1373,773,1013,161,74
370,593,1021,Shamela0001438,7319,1075,1473,210,53
370,500,1029,Shia003101Vols,620,273,840,276,54
370,301,1039,Shia001731Vols,806,328,1113,292,39
370,170,670,Shamela0009107,237,11,435,198,39
370,536,1021,Shamela0025794,4184,650,1163,256,51
370,533,1021,Shamela0025794,4189,274,908,208,38
370,524,1039,JK000786,2934,867,1364,262,53
370,1111,1449,Shamela0013068,323,1033,1402,244,82
370,602,1045,JK009390,5461,997,1277,188,54
370,632,839,Sham19Y0127677,5274,1202,1437,160,82
370,1132,1449,Sham19Y0127677,7157,19,290,194,75
370,590,1021,Sham19Y0127677,13668,1,561,221,42
370,511,857,Sham19Y0037618,4854,11,320,217,78
370,477,742,JK000624,68,1045,1404,161,50
370,544,1029,Zaydiyya0000342,418,135,633,210,40
371,240,456,Shia002265Vols,422,1321,1545,127,66
371,311,475,Sham19Y0122096,890,1122,1299,107,70
371,311,456,Shia002261Vols,65,1361,1530,114,83
371,311,456,Shamela0004482,512,49,218,114,83
371,266,622,Shamela0000216,145,888,1253,175,48
371,135,627,Shamela0009200,310,621,1214,291,58
371,311,475,Shamela0001975,186,571,755,115,75
371,311,456,Shamela0021659,242,175,344,114,83
371,243,633,JK001236,275,1061,1511,197,42
371,240,633,Sham19Y0014592,997,266,613,194,58
371,311,627,JK000216,110,546,923,153,43
371,311,456,Shamela0001438,7970,339,508,114,83
371,909,1060,Sham19Y0020761,105,225,376,114,98
371,192,518,Shamela0008970,79,1,335,193,62
371,240,456,JK009390,393,1118,1326,129,67
371,240,456,Shia003732Vols,3698,1254,1471,128,61
371,311,456,Sham19Y0018272,441,1206,1469,114,53
371,1146,1456,Sham19Y0016877,51,401,739,247,91
371,109,627,Shia001960,130,569,1035,217,50
371,311,456,Sham19Y0013223,1424,493,662,114,83
372,721,857,Shia002265Vols,422,903,1039,110,100
372,1185,1348,Shia002265Vols,676,475,618,110,83
372,1,500,Shia002265Vols,686,1049,1389,264,67
372,711,893,Shia002265Vols,688,1,173,130,88
372,679,913,Shia001782Vols,3617,554,792,185,95
372,1038,1240,Shia001782Vols,3620,1302,1484,133,81
372,670,913,Shia001782Vols,3622,750,1009,185,86
372,514,893,JK000916,6230,324,666,236,77
372,721,857,Sham19Y0122096,884,595,731,110,100
372,721,857,Shia002261Vols,65,202,338,110,100
372,683,857,JK001297,123,668,844,119,85
372,913,1337,Shia002034Vols,330,915,1259,220,62
372,1052,1337,Shia002034Vols,1322,1,187,149,65
372,721,857,Shamela0001975,189,731,867,110,100
372,506,913,ShamAY0033945,1803,1084,1480,280,83
372,721,857,Shamela0021659,351,670,806,110,100
372,721,857,Kraken2108092202141,217,818,954,109,99
372,1038,1262,Shamela0021660,1294,942,1145,125,62
372,649,913,Sham19Y0014592,1167,665,927,196,90
372,500,913,Shamela0021809,1284,1053,1461,296,84
372,500,1025,Shamela0001733,1702,726,1238,324,70
372,1,457,ShamAY0032826,230,1175,1480,232,65
372,721,857,Shamela0001438,959,1502,1638,110,100
372,1185,1337,Shamela0001438,5827,1238,1371,108,87
372,1,721,Shamela0001438,6408,534,1059,310,52
372,642,889,Shamela0001438,6674,1158,1375,160,81
372,533,913,JK000022,160,1,377,262,80
372,506,889,JK000022,390,639,1020,267,83
372,506,1090,JK000022,2011,108,677,311,57
372,666,893,JK009390,397,658,853,132,70
372,1,500,JK009390,6311,74,415,263,67
372,661,913,Shamela0010664,1313,154,430,183,80
372,721,857,Sham19Y0127677,1047,385,521,110,100
372,1185,1324,Sham19Y0127677,3743,744,921,108,76
372,1,500,Sham19Y0127677,4467,571,921,269,68
372,740,913,Sham19Y0127677,6694,1,171,137,98
372,1038,1337,Sham19Y0127677,17989,973,1253,210,86
372,679,913,Sham19Y0127677,19165,877,1106,177,91
372,506,716,Shamela0026324,1773,682,928,128,62
372,721,857,Shia003732Vols,3700,145,294,108,87
372,721,889,Sham19Y0018272,439,657,946,127,54
372,1,500,Sham19Y0016877,51,739,1240,392,98
372,721,857,Sham19Y0013223,1423,976,1112,110,100
373,838,1275,Sham19Y0014119,280,381,795,200,46
373,838,1275,Sham19Y0122257,1530,643,1027,184,45
373,783,965,JK001040,18,1,171,107,63
373,744,1045,JK001040,23,499,756,150,63
373,835,1031,Shamela0010639,389,1065,1293,151,84
373,838,1275,Sham19Y0145212,1768,815,1206,184,44
373,690,1200,ShamAY0033938,1489,510,1090,270,54
373,838,1031,Sham19Y0017757,193,1089,1315,149,84
373,1,625,ShamAY0033945,614,558,1396,298,41
373,806,1275,JK007065,1083,297,693,192,43
373,596,1031,JK001236,268,858,1224,184,44
373,596,1031,Shamela0006610,1188,522,1008,175,32
373,830,1302,Sham19Y0020638,1254,812,1317,191,37
373,835,1280,Sham19Y0017616,470,352,781,201,45
373,711,1002,ShamAY0034005,1137,24,412,193,61
373,771,1028,Shamela0012991,140,604,822,150,70
373,838,1031,Sham19Y0017747,2466,990,1216,149,84
373,865,1031,Sham19Y0014592,540,1,199,128,82
373,830,1382,Sham19Y0014592,2804,597,1092,220,44
373,830,1031,Shamela0008360,386,1088,1309,143,78
373,835,1031,Sham19Y0014309,1111,593,821,151,84
373,771,1031,Shamela0003722,5342,1058,1357,188,76
373,838,1031,Sham19Y0016976,818,233,462,149,83
373,690,965,Shia001831Vols,535,1071,1451,167,53
373,1,378,Shia002231Vols,624,94,503,202,56
373,771,1280,Sham19Y0148271,1468,627,1228,220,35
373,606,1031,Shamela0005748,103,360,824,178,35
373,835,1031,Sham19Y0013572,1349,708,923,141,79
373,767,1031,ShamIbadiyya0000279,23,928,1262,187,69
373,711,1275,Shamela0026884,392,804,1390,215,37
373,705,1275,Shamela0009107,657,177,750,245,44
373,767,1031,Shamela0010803,358,764,1120,196,70
373,861,1031,Shamela0000140,1908,708,933,131,74
373,771,1042,Shamela0008970,76,16,342,194,73
373,82,221,Sham19Y0127677,59,1188,1327,112,99
373,835,1031,Sham19Y0017903,982,653,868,141,79
373,606,1275,Shamela0004289,1213,361,1014,283,47
373,861,1031,Shamela0012014,313,1238,1440,131,82
373,838,1275,Shamela0021590,1600,592,911,193,53
373,801,1275,Shamela0008233,4,1,474,207,44
373,499,898,Shia001960,129,1,547,171,33
373,705,1008,Shamela0023764BK3,813,1143,1482,173,58
374,110,334,Shamela0010463,342,1104,1316,138,66
374,110,469,Sham19Y0020882,221,119,435,169,53
374,29,334,JK000916,3896,97,407,219,83
374,110,334,ShamAY0034447,1025,270,478,144,74
374,100,469,Shamela0008256,8,11,408,179,45
374,750,1158,JK007016,345,135,597,264,63
374,117,334,Shamela0095735,970,1,205,132,66
374,814,1158,Shamela0000482,13,872,1243,264,82
374,110,405,JK000055,101,669,1011,163,54
374,110,405,JK009172,38,39,306,153,53
374,110,469,Shamela0008494,8,775,1093,184,60
374,29,334,JK000022,597,98,576,186,46
374,110,487,Shamela0009099,62,956,1339,183,48
374,637,967,ShamAY0034585,723,419,823,158,47
374,722,1158,Sham19Y0016877,53,283,734,340,89
374,754,894,Sham19Y0016877,87,1324,1464,106,97
375,444,816,Shamela0026378,9,1,346,207,66
375,303,800,Shamela0021765,52,880,1395,186,33
375,538,816,Shamela0021765,2170,674,950,181,80
375,20,816,ShamAY0033973,30,625,1300,305,43
375,385,927,Shamela0029867,10,892,1398,238,47
375,271,672,Shamela0001453,129,6,432,205,56
375,385,816,JK000384,59,940,1276,192,57
375,1144,1379,JK000384,60,6,205,116,62
375,222,542,Shia003488Vols,166,346,631,157,55
375,525,940,Shamela0021809,2435,835,1202,225,64
375,525,1019,Shamela0001733,3916,941,1417,359,92
375,1019,1379,Shamela0001733,3917,1,371,244,76
375,1128,1379,Sham19Y0016928,100,224,472,142,67
375,895,1374,Shamela0029863,3,103,521,160,40
376,707,1315,JK000475,2310,1,480,338,71
376,694,1346,Shamela0021765,16,164,836,308,49
376,633,1006,Shamela0003722,7385,1074,1437,223,69
376,726,939,Shamela0005850,136,773,965,146,85
376,334,1346,Shamela0021809,2455,1,1096,542,54
376,65,1346,Shamela0001733,3920,1,1341,812,66
376,672,1346,Shamela0025794,4139,511,1150,420,71
376,633,1169,Sham19Y0127677,10481,358,897,347,73
376,512,1315,JK000735,251,394,1034,364,53
376,52,531,JK000914,34,432,932,370,95
377,1096,1327,Shia001782Vols,3503,6,291,143,61
377,406,1007,ShamAY0034002,2,311,994,227,34
377,670,1031,Shamela0012981,745,783,1359,182,38
377,33,240,JK000021,72,994,1388,118,39
377,532,974,Sham19Y0038171,2642,1,309,216,62
377,406,812,ShamAY0035035,10128,1061,1414,249,78
377,402,827,JK011405,4,316,823,227,51
377,226,784,Shamela0026572,2,592,1123,316,64
377,384,937,ShamAY0033974,265,757,1338,282,54
377,38,272,Shamela0021809,2455,206,466,110,46
377,38,430,Shamela0001733,3920,873,1239,199,54
377,267,974,Shamela0001733,3922,78,721,402,69
377,869,1327,Shamela0001733,3993,386,941,252,54
377,1111,1327,Shamela0006463,45,18,232,127,67
377,1096,1327,JK001012,322,508,788,154,70
377,38,256,Shamela0025794,4140,234,387,103,61
377,455,1007,Shamela0010444,34,488,1112,223,36
377,263,802,Sham19Y0127677,11712,701,1221,271,52
377,402,775,ShamAY0038144,33,1037,1432,209,57
377,1070,1327,Sham19Y0132403,152,1011,1306,152,60
377,394,802,JK000914,33,6,402,299,94
378,1113,1394,Shamela0003118,3490,868,1114,151,60
378,1192,1394,Shamela0003118,5398,992,1182,131,74
378,635,980,Shia001782Vols,15,379,723,171,62
378,1048,1390,Shamela0026378,29,1,454,258,71
378,1,407,Shamela0026542,48,444,833,169,52
378,1122,1394,JK000916,3811,162,410,172,76
378,1021,1390,JK000916,11175,789,1134,189,51
378,1134,1394,JK000595,40,439,686,178,83
378,1076,1394,Shamela0026487,34,922,1244,210,76
378,1192,1394,Sham19Y0019188,323,1156,1330,131,79
378,181,404,JK001297,181,1115,1327,148,85
378,577,778,Shia002034Vols,1617,1,158,110,72
378,80,383,ShamAY0033760,585,289,594,231,97
378,585,999,Shamela0005756,4766,936,1346,156,40
378,1192,1394,Sham19Y0038171,2626,4,467,149,39
378,435,950,Shia001432Vols,30737,17,472,196,45
378,1225,1394,ShamAY0035035,10111,751,1192,130,37
378,479,941,JK000475,2304,957,1386,216,56
378,1113,1394,JK000475,2355,390,624,169,75
378,1092,1394,Shamela0022334,6,880,1188,182,67
378,479,784,Shia001136,12,383,697,204,80
378,934,1390,Zaydiyya0000067,204,16,586,200,38
378,934,1394,ShamAY0034005,35,91,538,220,49
378,492,999,Shamela0000956,569,942,1352,120,21
378,577,908,JK011633,97,291,610,152,55
378,15,688,Shamela0026474,32,53,632,321,54
378,588,752,Shamela0011385,806,1080,1212,85,69
378,435,778,Shamela0003722,8119,968,1395,204,60
378,329,814,Shia001237Vols,1233,434,846,185,49
378,1131,1394,Sham19Y0018144,199,9,276,172,74
378,1134,1394,JK000384,32,701,940,176,81
378,1122,1390,JK000384,33,17,264,173,80
378,588,778,Shamela0021809,865,901,1059,87,60
378,479,647,Shia001542Vols,56,1104,1288,120,84
378,683,1122,Shamela0001733,1140,361,812,229,60
378,383,795,Shamela0001733,1188,1032,1404,271,85
378,1134,1394,Sham19Y0016928,98,1128,1380,186,86
378,118,383,Shamela0010632,99,27,249,136,64
378,15,464,ShamAY0032826,506,600,1027,216,55
378,1109,1394,Tafsir02100,47,839,1077,172,75
378,841,1394,ShamAY0032817,3,289,773,226,45
378,778,1310,Sham19Y0127677,12022,32,526,249,52
378,77,468,Shamela0026660,9,1061,1381,170,54
378,479,956,JK000735,246,97,556,223,55
378,1131,1394,ShamAY0032665,199,19,286,172,74
378,424,778,ShamAY0034585,432,1048,1401,183,60
378,254,383,JK000914,27,845,974,100,99
379,747,1113,ShamAY0034055,3384,81,420,256,86
379,782,1348,Sham19Y0014119,259,392,655,200,45
379,770,1113,Shamela0010463,624,23,371,243,87
379,770,1113,ShamAY0034068,1856,1135,1363,147,55
379,815,1113,Shia002265Vols,245,1081,1376,215,91
379,553,1348,Sham19Y0017063,513,389,824,192,29
379,916,1319,Shia001782Vols,3497,1,313,192,63
379,365,811,Shamela0009567,5,592,1158,186,32
379,217,811,Shamela0009567,948,68,589,221,39
379,708,1113,Shamela0000894,5895,483,767,207,64
379,750,1323,Sham19Y0122257,1422,1420,1626,135,28
379,750,1348,Tafsir06049,5553,55,374,197,38
379,836,1247,Shia002616Vols,245,1,348,233,72
379,681,1123,JK000916,24137,808,1237,299,82
379,668,1162,JK000916,24138,111,630,289,64
379,750,1316,Sham19Y0023618,1495,701,1134,236,47
379,747,1108,Shia002702Vols,3427,1001,1343,252,88
379,792,1113,Shamela0023613,3126,1167,1421,160,65
379,750,1323,Sham19Y0145212,1694,1228,1522,199,41
379,631,1348,Shia004519,82,775,1145,211,36
379,770,1113,Shamela0095735,597,912,1256,246,90
379,815,1097,JK001297,295,380,601,162,75
379,45,217,Shia002034Vols,586,1260,1441,129,91
379,660,1247,Sham19Y0001729,2079,415,1085,326,55
379,750,1247,Zaydiyya0000133,92,86,491,266,67
379,811,1123,Sham19Y0013252,10939,1,291,209,85
379,664,938,ShamAY0033945,620,1148,1434,197,89
379,581,1316,JK000475,2242,362,1125,416,64
379,631,1113,JK000475,2311,711,1176,315,79
379,750,1113,Shamela0011334,17,1073,1345,205,71
379,869,1348,Shia003721Vols,348,1,403,208,54
379,568,1104,JK001236,29,973,1481,254,48
379,70,217,Shamela0000956,1392,102,282,102,67
379,715,1348,Shamela0007891,728,823,1189,262,51
379,664,1162,Shamela0021765,2164,351,812,278,69
379,747,1348,Sham19Y0014592,1165,363,869,265,47
379,581,1348,Shamela0008360,355,872,1344,281,44
379,782,1113,JK009237,6044,565,875,222,86
379,715,1343,Shamela0001719,1040,1,565,332,63
379,653,1247,ShamAY0034123,939,540,1163,334,64
379,872,1339,ShamAY0034123,1150,7,235,107,26
379,782,1348,Sham19Y0016976,768,401,600,147,33
379,740,931,Shamela0012293,1869,360,550,140,91
379,664,1247,Shamela0009270,107,302,1023,369,62
379,568,1348,Sham19Y0016618,254,556,1380,343,44
379,548,1378,Shia002231Vols,596,60,643,313,46
379,750,1251,Shamela0021709,42,874,1271,267,63
379,750,1251,Shamela0004473,4762,894,1295,243,56
379,770,1113,Shamela0004473,9116,613,873,188,69
379,51,394,JK009408,2121,940,1423,179,45
379,553,1319,Shamela0021570,369,80,845,383,55
379,819,1113,JK009266,6193,371,634,161,67
379,45,401,Shamela0001733,4363,763,1136,180,53
379,599,1348,Tafsir03097,19,264,797,288,46
379,750,1215,Shamela0010632,101,934,1358,270,69
379,815,1123,Shamela0001438,2601,203,499,217,89
379,568,1215,Shamela0021473,17,299,1071,374,57
379,750,1113,JK007099,61,970,1292,241,84
379,750,1251,Sham19Y0011326,72,224,613,258,62
379,747,1113,Sham19Y0011326,100,62,348,214,73
379,770,1113,JK000340,16,205,499,206,74
379,750,1348,Shamela0008176,3093,145,476,229,46
379,750,1316,ShamAY0034066,1163,1053,1459,234,49
379,750,1113,Shamela0012001,86,391,670,211,73
379,887,1113,Sham19Y0123665,767,661,862,129,68
379,70,394,Shamela0008223,147,785,1153,140,42
379,811,1362,JK000786,2952,184,516,118,25
379,647,927,Shamela0004445,427,1117,1363,152,68
379,927,1348,Shamela0004445,428,1,345,167,49
379,890,1247,JK000022,3103,1,437,227,62
379,766,1215,JK009390,1563,961,1343,245,69
379,815,1113,Sham19Y0127677,1603,69,360,214,91
379,585,1113,Sham19Y0127677,7690,107,755,299,51
379,642,1113,Sham19Y0127677,8578,621,1063,302,77
379,463,647,Sham19Y0127677,10663,960,1146,123,80
379,45,433,Sham19Y0127677,12020,958,1304,204,62
379,770,1113,Shamela0010443,305,144,443,216,79
379,842,1316,JK000735,183,1,447,276,70
379,727,1113,JK000735,253,1,362,262,85
379,581,1348,Sham19Y0017903,974,31,717,364,56
379,747,1113,Shamela0012884,2069,709,1056,256,88
379,668,1254,Shamela0004289,1149,225,812,369,75
379,824,1281,Kraken21040802,17,417,838,230,61
379,750,1247,Shamela0022712,138,672,1087,267,68
379,634,1123,Zaydiyya0000342,37,96,558,294,75
379,750,1251,JK006870,3,415,779,239,58
379,631,1348,Shia004518,74,1055,1424,210,36
379,815,1348,Shamela0036446,1346,841,1265,219,44
379,599,1088,ShamAY0035260,18,947,1427,255,56
379,750,1316,Sham19Y0013223,604,5,521,295,64
380,89,609,ShamAY0034055,3128,157,690,359,79
380,925,1134,ShamAY0034055,5748,888,1060,134,79
380,301,795,Sham19Y0014119,585,1,394,242,58
380,967,1134,Shamela0010463,626,130,308,124,85
380,971,1134,ShamAY0034068,2791,731,906,121,85
380,1,609,Shamela0026726,86,69,694,426,79
380,726,1280,Shamela0003118,2809,307,743,233,49
380,197,609,ShamAY0035746,55,1,442,286,80
380,115,609,Sham19Y0017811,257,1,510,321,73
380,184,601,Shia002265Vols,22,979,1445,296,77
380,925,1307,Shia002265Vols,29,613,955,164,50
380,957,1203,JK000018,19,1,233,156,73
380,133,609,Sham19Y0017063,1420,466,960,319,77
380,1,609,Shamela0010758,36,309,936,426,80
380,184,550,JK001046,6,1187,1501,213,70
380,89,609,Shamela0037458,1247,1059,1572,358,81
380,850,1195,Shamela0011077,189,122,458,199,69
380,66,795,Sham19Y0122257,3115,421,1047,345,51
380,89,609,Tafsir06049,4521,298,830,319,67
380,89,511,Shia002616Vols,2558,1072,1505,275,71
380,925,1134,Shamela0008648,23,476,684,155,90
380,856,1134,JK000916,27718,1048,1294,180,82
380,1,313,ShamAY0033620,3,1140,1452,208,76
380,313,609,ShamAY0033620,4,5,298,218,89
380,89,609,Shia002702Vols,3164,750,1284,360,79
380,925,1134,Shia002702Vols,5900,1099,1292,150,89
380,957,1134,Shamela0023613,3882,909,1105,132,83
380,1,214,Shamela0011479,16,1333,1537,147,82
380,206,609,Shamela0011479,17,5,432,289,82
380,89,609,Sham19Y0145212,3359,662,1168,325,72
380,1,609,JK000649,8,225,839,426,81
380,89,828,Shia004519,83,645,1358,360,49
380,1,609,Kraken21041223,154,108,630,356,69
380,89,609,Shamela0021550,671,307,777,298,67
380,24,609,ShamAY0035960,593,559,1093,378,76
380,967,1134,Shamela0095735,599,1002,1180,122,84
380,24,518,Shamela0030586,14,949,1442,339,80
380,776,1134,ShamIbadiyya0000185,237,738,1412,146,23
380,874,1307,JK000021,49,456,901,211,46
380,10,609,JK000021,157,773,1367,381,73
380,962,1134,JK001297,336,965,1151,122,81
380,89,609,Shamela0023623,1302,937,1441,351,80
380,1162,1331,Shia002034Vols,396,1015,1328,100,40
380,13,532,Shia002034Vols,1162,639,1077,260,59
380,766,1294,Shia002034Vols,2375,298,918,278,52
380,928,1134,ShamAY0033760,199,1,208,148,82
380,38,609,Sham19Y0001729,149,606,1196,394,79
380,1,609,Sham19Y0013252,10938,536,1149,412,78
380,1,685,Sham19Y0038171,2628,172,821,436,76
380,24,629,Shamela0009200,573,719,1272,394,79
380,24,609,ShamAY0033523,592,309,839,375,75
380,292,609,Shamela0001975,272,10,315,217,81
380,184,609,Shamela0001975,1080,664,1197,304,69
380,189,795,JK000001,3303,6,652,300,45
380,1,609,Shamela0010479,14,706,1343,437,82
380,10,493,ShamAY0033945,8,946,1417,284,68
380,1,800,ShamAY0033945,621,302,1113,492,70
380,1,685,ShamAY0035035,10114,99,744,434,75
380,142,609,Shamela0007289,2432,978,1378,228,57
380,147,609,Shamela0007289,2697,414,905,331,82
380,184,298,Shamela0011334,18,1408,1529,84,84
380,298,609,Shamela0011334,19,1,288,219,89
380,184,609,Shamela0002386,40,818,1254,304,84
380,89,795,Shamela0028114,25,713,1360,367,57
380,1,362,Shamela0009372,6,1090,1462,245,77
380,362,609,Shamela0009372,7,1,246,183,87
380,189,609,Shamela0021659,306,362,799,286,76
380,362,609,Shamela0021659,1468,1,236,185,94
380,5,609,JK000055,442,239,844,386,74
380,73,609,Shamela0006610,1190,364,894,354,77
380,24,609,Shamela0030025,10,420,1016,371,71
380,1,609,Shamela0026389,16,275,905,436,81
380,24,609,Shamela0006031,14,1,592,412,81
380,1,609,Shamela0007891,2605,734,1376,403,74
380,329,609,ShamAY0034054,1253,1,272,211,92
380,1,609,Shamela0029722,2,148,761,426,81
380,1,595,Shamela0026813,30,880,1483,408,79
380,89,795,Shamela0008360,829,429,1050,348,52
380,1134,1331,Shamela0023578,3309,307,818,95,22
380,307,828,JK009237,6045,1,383,235,55
380,137,828,JK009237,6046,642,1220,342,59
380,220,609,Sham19Y0132415,1111,1,413,267,82
380,89,609,JK000076,165,192,719,334,73
380,89,609,Shamela0023631,2073,453,957,349,79
380,1,609,ShamAY0034123,276,348,926,342,64
380,1,609,Shamela0026731,112,234,878,429,79
380,909,1280,Shamela0001453,207,133,521,187,57
380,93,657,Shamela0003722,3239,1,534,389,86
380,1,609,JK000806,503,598,1237,414,76
380,18,609,Shamela0008473,3155,467,1068,383,76
380,891,1134,Shamela0008473,3968,1250,1478,177,91
380,1134,1331,Shamela0008473,4974,117,586,113,29
380,1,609,Shamela0010736,30,475,1114,434,82
380,119,609,Sham19Y0016976,1665,522,1021,315,73
380,856,1170,Shamela0012704,45,967,1261,198,76
380,283,609,Shamela0000041,613,1,354,235,81
380,137,795,Sham19Y0016618,256,1,766,356,49
380,1,800,Shamela0030055,1,263,1074,485,67
380,101,805,Shamela0021766,1542,770,1326,325,56
380,274,795,Shamela0021766,3035,1,434,241,56
380,292,609,Shamela0023628,2465,22,340,219,79
380,925,1134,Shamela0023628,2909,587,780,146,87
380,142,609,Shia002231Vols,644,1,496,328,81
380,1,242,Shamela0031366,538,1253,1486,163,79
380,89,581,Tafsir09084,1577,972,1488,311,74
380,925,1256,Tafsir09084,2011,1254,1513,179,67
380,89,609,Shamela0004473,15522,203,803,362,73
380,957,1331,JK009408,239,476,1150,145,24
380,24,237,JK000763,22,1288,1476,138,77
380,237,609,JK000763,23,1,387,265,84
380,850,1412,Shamela0001733,2436,187,831,151,23
380,10,805,Shamela0001733,3002,1,705,440,61
380,1,609,Shamela0005640,25,742,1302,395,75
380,1,484,Shamela0006025,473,978,1445,341,86
380,870,1280,Shamela0030725,30,518,1000,235,56
380,1134,1338,ShamAY0034138,592,278,782,141,37
380,18,629,Shamela0009810,1574,389,989,399,76
380,89,581,Sham19Y0132973,476,832,1539,308,51
380,55,609,JK007063,519,88,672,375,79
380,925,1314,Shamela0010632,99,296,613,166,46
380,147,828,Shamela0010632,102,218,854,368,61
380,874,1235,Shamela0021107,4,16,362,203,60
380,962,1307,ShamIbadiyya0000279,177,307,735,179,53
380,89,609,ShamIbadiyya0000279,538,348,843,311,68
380,766,1314,Shamela0026884,745,161,711,292,63
380,986,1134,Shamela0001438,3221,174,354,114,77
380,184,609,Shamela0001438,4328,242,703,305,79
380,189,609,Shamela0001438,7008,95,532,286,76
380,189,609,Shamela0001438,7977,764,1200,284,76
380,1162,1331,ShamAY0033660,7,915,1285,117,40
380,1162,1331,ShamAY0033660,70,431,801,117,40
380,184,518,JK007099,63,1144,1467,230,84
380,1,609,JK009154,381,435,1045,421,80
380,1,609,JK009154,382,38,588,422,88
380,1,795,Shia001881,30,160,928,423,60
380,24,629,Shia001731Vols,926,106,700,395,76
380,1162,1331,ShamAY0033659,6,611,972,115,40
380,967,1134,JK000340,18,178,356,125,86
380,197,795,Shamela0008176,6928,1,538,305,60
380,986,1280,ShamAY0034048,23,12,349,151,51
380,133,609,ShamAY0034048,24,773,1266,314,77
380,1,518,Sham19Y0017842,460,912,1424,339,77
380,189,609,Shamela0025794,1312,20,461,285,79
380,24,609,Noorlib0007682,110,1,592,401,78
380,870,1134,Shamela0012750,69,279,541,184,84
380,891,1134,Shamela0004445,6990,351,580,173,89
380,18,609,Shamela0004445,7054,115,724,388,75
380,912,1134,Shamela0022593,2111,1,204,152,85
380,971,1170,Zaydiyya0000049,557,1,158,99,62
380,891,1134,Shamela0011818,218,1053,1282,173,89
380,905,1134,Tafsir03092,2074,691,901,157,86
380,89,595,ShamAY0033741,25,949,1473,332,75
380,1,274,Shamela0030327,35,1215,1495,186,78
380,271,609,Shamela0030327,36,14,360,250,87
380,1,609,Shamela0000782,889,216,826,384,71
380,98,609,JK009390,540,632,1123,307,69
380,925,1265,JK009390,1843,362,686,160,51
380,184,609,JK009390,2877,499,980,301,75
380,184,416,Sham19Y0127677,2685,1162,1448,154,64
380,776,1175,Sham19Y0127677,9689,1095,1433,196,60
380,24,629,Sham19Y0127677,15398,525,1119,395,76
380,24,609,Sham19Y0127677,15399,10,566,412,85
380,287,609,Sham19Y0148883,47,1,350,229,79
380,292,609,Shamela0001417,637,16,322,219,82
380,1,304,Shamela0029922,3,1159,1456,192,72
380,1,609,Shamela0010798,2361,330,947,423,80
380,909,1134,Shamela0009292,31,253,432,130,74
380,1,609,Shamela0009329,524,373,998,424,80
380,89,609,Shamela0098087,355,24,566,352,79
380,89,609,ShamIbadiyya0000193,2622,578,1074,311,68
380,957,1147,ShamAY0034052,1862,313,558,140,71
380,953,1147,ShamAY0034059,747,843,1048,141,82
380,89,795,Shamela0012884,1959,666,1269,382,65
380,1,609,Shamela0004289,1079,61,672,385,72
380,237,609,JK000791,739,1,328,218,69
380,13,609,Shamela0012531,56,101,652,413,86
380,128,609,Shamela0012531,391,1,425,311,78
380,1,609,ShamAY0032855,72,528,1141,426,81
380,137,609,Shamela0022712,137,382,865,302,73
380,1,362,JK000914,97,1110,1499,243,73
380,366,677,JK000914,98,13,311,196,76
380,89,609,Shia004518,75,898,1410,331,73
380,24,347,Shamela0011404,250,1173,1472,206,75
380,347,609,Shamela0011404,251,1,251,189,89
380,967,1134,ShamAY0035260,20,1074,1252,125,86
380,957,1134,JK000458,2789,925,1131,132,79
380,147,301,Shamela0007361,324,1391,1577,114,77
380,301,609,Shamela0007361,325,1,332,213,79
380,891,1134,Shamela0023764BK3,6,365,627,177,80
380,58,341,Shamela0010549,361,1304,1588,172,70
380,928,1280,Sham19Y0013223,605,893,1332,207,56
381,115,329,Shia002265Vols,106,662,798,100,61
381,776,903,Shia002265Vols,5292,312,440,93,91
381,53,504,Shia001782Vols,164,399,881,222,50
381,752,1131,Shia001782Vols,2386,546,848,138,45
381,776,903,Sham19Y0122096,1403,353,481,93,91
381,752,886,Sham19Y0122096,1406,487,677,108,70
381,776,886,Shia002261Vols,130,822,933,89,99
381,932,1245,JK000021,44,336,584,196,79
381,167,508,Shia002034Vols,1896,1,397,166,45
381,776,903,Shamela0001975,370,174,322,93,79
381,951,1397,JK000475,2532,233,650,237,62
381,776,886,Shamela0021659,553,1438,1549,89,99
381,1009,1402,Shamela0030432,18,1114,1432,216,66
381,53,244,Zaydiyya0000220,346,1215,1469,115,55
381,776,1131,Shamela0021809,1712,760,1069,139,42
381,329,771,Shamela0001733,3033,652,1044,218,60
381,776,903,Shamela0001438,1694,625,759,94,87
381,115,329,Shamela0001438,3439,1341,1477,103,62
381,442,789,Shia002032,65,771,1076,204,69
381,776,903,JK009390,658,1188,1317,93,90
381,45,329,JK009390,1993,256,502,128,51
381,776,903,Sham19Y0127677,870,289,417,93,91
381,115,329,Sham19Y0127677,1932,353,490,103,62
381,951,1397,JK000130,1050,113,531,239,63
382,764,930,Shamela0000347,17,751,907,110,85
382,353,1133,Shamela0000347,18,95,644,203,25
382,432,643,Shamela0009082,1262,570,823,110,52
383,71,563,ShamAY0034569,38,8,286,132,31
383,223,542,Shamela0095735,597,1,284,158,60
383,44,577,Shamela0029707,19,1129,1410,139,32
383,108,632,Shamela0009270,112,1022,1435,170,35
383,747,1305,Shamela0008658,1179,894,1219,221,51
383,747,1305,Shamela0008658,2470,819,1159,218,50
383,747,1305,Shamela0008658,2550,273,613,218,50
383,27,563,Shamela0004473,15521,151,554,202,39
383,104,587,JK000022,1394,705,1403,286,49
383,514,666,Shamela0005702,88,740,1070,83,30
383,192,747,Shamela0010443,221,61,496,207,40
383,185,393,Shamela0012884,1943,902,1096,150,91
383,195,377,JK000914,98,1289,1475,144,97
383,219,542,ShamAY0035260,18,309,583,161,62
388,869,1190,Shamela0007798,2182,1179,1473,194,68
388,14,284,Shamela0007798,8044,1300,1557,156,71
388,597,802,Shia002462,90,1254,1381,86,55
388,879,1209,Shamela0009270,114,542,885,233,81
388,947,1190,Shamela0012884,1085,701,931,174,84
388,1200,1423,Shamela0012884,4838,608,958,93,32
390,411,638,Shamela0007798,9156,802,1006,138,74
390,1080,1254,Shamela0008658,687,1040,1202,107,72
390,20,1194,JK000022,1128,138,988,329,30
391,273,387,Shia002616Vols,5436,1433,1543,85,96
391,110,387,Shamela0010488,303,862,1079,109,46
391,273,397,JK000462,493,1005,1124,86,89
391,273,387,Tafsir05047,780,59,180,80,81
394,1064,1252,Shia002389Vols,2205,296,690,91,31
395,155,750,Shamela0008658,2336,77,499,184,33
395,181,518,JK000022,341,573,791,132,48
395,760,1366,Shamela0012884,4473,438,1093,170,24
396,889,1161,Shamela0007798,5485,306,565,165,70
396,958,1161,Shamela0023623,2096,773,994,139,76
396,958,1161,ShamAY0034054,2017,501,718,139,77
396,951,1347,Shamela0008473,2627,1,596,178,35
396,995,1161,Shamela0009270,115,312,504,121,79
396,199,457,Shamela0013035,507,891,1392,159,39
396,967,1161,Shamela0008658,1883,573,783,141,84
396,970,1161,Tafsir09084,1292,1098,1262,125,83
396,951,1161,Shamela0023606,248,1217,1393,136,82
396,951,1161,Sham19Y0017798,370,600,776,136,82
397,661,983,Shamela0003722,3346,1167,1370,137,53
397,661,821,Shamela0008473,2854,322,468,85,64
397,565,965,Shamela0006025,207,428,734,224,69
398,40,312,Shamela0003118,305,918,1141,170,76
398,28,322,Shia002616Vols,5018,1,358,139,40
398,40,312,Sham19Y0023618,1441,1243,1465,174,79
398,12,523,ShamAY0032826,355,945,1461,233,48
398,12,312,Shamela0000736,1329,602,848,198,81
399,499,896,Shamela0008477,443,72,441,214,61
399,242,910,Shamela0004473,15519,1026,1449,231,44
400,1072,1250,Shamela0004473,14958,1361,1550,134,85
401,664,881,Shamela0006060,1090,1037,1312,154,69
401,1125,1411,Shia002265Vols,246,292,608,155,52
401,969,1411,Shia002265Vols,452,577,1031,262,61
401,927,1380,Zaydiyya0000268,75,959,1433,257,62
401,598,871,ShamAY0034447,84,1175,1453,150,60
401,579,881,ShamAY0034447,85,19,384,192,64
401,579,881,ShamAY0032789,19,806,1157,179,60
401,857,1407,JK007016,60,508,1069,306,58
401,1275,1407,Shamela0029864,246,1160,1291,100,99
401,490,885,Zaydiyya0000013,32,627,1012,164,42
401,933,1112,Shamela0023700,2715,1275,1457,140,97
401,1112,1407,Shamela0023700,2716,1,371,207,69
401,550,881,Shamela0021635,93,598,953,169,52
401,1182,1368,Sham19Y0014309,1163,1,186,132,88
401,953,1363,Sham19Y0017878,467,597,974,153,36
401,579,881,Shamela0021477,592,254,608,186,61
401,933,1167,JK009408,2265,1217,1455,173,90
401,1167,1411,JK009408,2266,1,309,171,69
401,601,885,Shia003724,85,786,1124,130,44
401,579,908,Shamela0012579,369,958,1322,190,62
401,526,908,Shamela0012579,2192,554,1007,223,59
401,1125,1411,Shamela0001438,4235,908,1217,154,52
401,969,1411,Shamela0001438,7620,500,953,262,61
401,507,881,JK001288,103,651,1104,215,57
401,1093,1411,JK009390,2812,471,816,166,50
401,969,1278,JK009390,7204,1186,1427,177,73
401,969,1411,JK009390,7248,474,887,236,60
401,857,1411,JK009390,7275,126,763,302,53
401,1118,1368,Sham19Y0127677,2620,1267,1448,128,67
401,1049,1411,Sham19Y0127677,5532,1,403,227,63
401,933,1151,Sham19Y0127677,15069,580,801,169,98
401,871,1125,Sham19Y0127677,20385,927,1288,140,41
401,980,1407,Shamela0026660,5,1,498,289,69
401,1080,1380,Shamela0010443,626,728,1092,204,68
402,97,567,Shamela0003118,2287,912,1417,207,41
402,57,493,Shamela0011077,291,914,1386,217,51
402,63,435,JK000916,6636,914,1257,220,72
402,1016,1374,Shamela0025794,1904,194,459,135,41
402,792,1321,Sham19Y0037618,5003,593,868,141,34
402,178,389,Sham19Y0037618,5005,159,361,153,92
402,741,1361,Shamela0004289,1163,98,823,203,26
403,97,366,Shamela0035100,1481,78,321,175,82
403,97,366,Shamela0003722,5847,940,1203,194,90
405,828,1106,Shia004050,325,797,1077,127,44
405,907,1106,Shia002265Vols,5426,37,361,100,39
405,821,1106,Shia001782Vols,860,168,359,122,53
405,821,1126,Shia001782Vols,1332,617,899,126,39
405,714,1323,JK000916,4199,166,893,191,24
405,680,1120,Shamela0010488,166,1072,1423,151,37
405,780,1106,JK011584,8,556,796,128,43
405,780,1291,JK000021,2161,91,632,228,45
405,841,1126,Shia001383,67,27,243,113,46
405,828,1126,Shia001383,120,599,860,130,43
405,832,1126,Shia001432Vols,23616,33,339,141,45
405,799,1323,Shamela0021765,2171,525,1044,242,51
405,780,1126,Zaydiyya0000013,45,791,1160,188,51
405,691,1338,Shamela0001453,26,372,1032,214,29
405,686,1257,Shamela0001453,147,757,1314,237,41
405,724,1323,JK009408,451,59,639,246,44
405,845,1106,Shamela0010646,734,528,754,138,57
405,680,1359,Shamela0001733,363,734,1389,244,36
405,195,877,Shamela0001733,2314,313,923,203,31
405,474,1160,Shamela0001733,4001,757,1430,194,32
405,338,1126,Shamela0012862,48,229,358,83,13
405,279,877,Shia002069Vols,45,5,336,152,32
405,845,1323,Sham19Y0036110,50,98,505,160,35
405,811,1323,Shamela0001438,7371,54,442,175,42
405,818,1126,Sham19Y0018567,865,1075,1370,191,69
405,788,1126,Zaydiyya0000352,287,1,324,156,45
405,748,1323,JK000022,761,695,1414,252,36
405,811,1355,JK009390,5527,598,1032,198,39
405,818,1126,Sham19Y0127677,5328,906,1202,141,43
405,818,1142,Zaydiyya0000274,152,66,440,171,48
405,818,1142,Zaydiyya0000274,240,245,619,171,48
405,588,1359,Shia001949,126,83,722,234,30
405,583,1335,JK001429,23,1,408,164,28
405,1011,1126,Shamela0021590,873,1,224,84,48
405,752,1126,Shamela0000736,5237,11,384,208,56
405,588,1359,ShamAY0033926,126,223,866,240,31
406,664,1046,Shamela0009076,701,743,974,117,34
406,764,1162,Shia001115Vols,62,276,628,157,44
406,1,243,Shia001782Vols,2481,487,700,160,78
406,797,1151,Shia001782Vols,3718,807,1117,154,45
406,821,1151,SHAM19Y23644,1985,32,329,141,42
406,670,1046,Shamela0096233,275,985,1204,115,37
406,759,1176,Shamela0009567,1001,931,1317,192,49
406,865,1151,Sham19Y0122257,2942,29,259,136,57
406,797,1020,Sham19Y0023618,591,1341,1539,135,71
406,787,1151,Sham19Y0145212,3155,616,922,149,43
406,727,1319,Shamela0001686,1432,80,583,219,41
406,664,1020,Zaydiyya0000229,251,1098,1433,212,68
406,213,853,Zaydiyya0000229,252,1,712,303,44
406,748,1302,JK000021,1043,828,1377,275,56
406,759,1336,JK000021,2161,94,632,256,47
406,808,1162,Shia001301,26,109,406,162,54
406,664,1162,Sham19Y0001729,247,362,791,248,58
406,858,1162,Shia001383,67,31,243,130,55
406,804,1162,Shia001383,120,599,860,146,50
406,843,1162,Shia001432Vols,23607,1,287,178,62
406,808,1162,Shia001432Vols,23616,33,339,168,55
406,759,1162,Shia001432Vols,26017,630,995,234,66
406,821,1162,Shia001432Vols,26061,308,592,151,49
406,797,1142,Shamela0010496,184,610,949,193,55
406,1,243,Shamela0021765,2171,607,849,194,100
406,794,984,Zaydiyya0000331,170,1199,1401,139,88
406,784,1151,Zaydiyya0000142,2978,837,1128,148,42
406,759,1162,Zaydiyya0000013,45,794,1160,194,48
406,797,1151,Shamela0008360,772,90,387,145,43
406,748,1286,Sham19Y0148486,6394,465,1041,298,59
406,670,1316,Shamela0001453,26,392,961,253,41
406,659,1312,Shamela0001453,147,707,1394,280,40
406,659,1362,Shamela0001453,187,14,695,317,47
406,727,912,Shamela0008473,1618,1259,1459,104,63
406,787,1162,Shia001615Vols,1234,699,1031,207,62
406,794,1182,Shia001615Vols,3573,125,467,212,62
406,794,1075,Tafsir07057,1582,1378,1567,97,36
406,759,1319,Shia002231Vols,515,50,518,273,56
406,727,1151,Shamela0008658,3062,577,960,192,49
406,727,1151,Sham19Y0148271,439,358,741,197,50
406,772,1151,Tafsir09084,744,120,459,180,50
406,301,468,Shamela0010517,2223,260,517,51,18
406,794,1151,Shia003636Vols,6452,172,463,142,42
406,794,1162,Shia003636Vols,6454,184,522,203,61
406,794,1142,ShamIbadiyya0000967,1179,961,1254,197,70
406,873,1372,Shamela0021809,3091,1,414,199,44
406,794,1041,ShamAY0035911,9,1306,1519,137,61
406,797,1046,Sham19Y0036110,68,1057,1290,104,39
406,797,1151,Shamela0008176,6478,121,430,155,46
406,797,1142,ShamAY0034066,437,87,417,201,64
406,711,1168,Shamela0025794,4013,786,1207,207,48
406,1,853,Zaydiyya0000352,287,150,951,371,42
406,759,1377,Shia001137,273,427,1064,348,60
406,1,243,JK000022,761,867,1091,163,77
406,1,246,Shamela0013068,203,785,1004,164,79
406,794,1162,Shamela0021629,610,1122,1454,212,66
406,794,1162,Zaydiyya0000274,152,66,425,202,57
406,794,1162,Zaydiyya0000274,240,245,604,202,57
406,808,1162,Shia001352,79,78,391,162,52
406,794,1057,Shamela0025791,339,1232,1474,160,67
406,880,1372,Sham19Y0146127,3537,1,425,225,54
406,794,1372,Shia001949,126,595,940,138,26
406,670,1372,ShamAY0032855,52,85,440,178,29
406,664,1142,Shamela0000736,793,715,1204,250,56
406,1,250,Shamela0000736,5237,183,388,161,80
406,732,1372,ShamAY0033926,126,667,1083,147,26
406,797,1162,Sham19Y0013223,936,285,614,210,65
407,1197,1378,ShamAY0033569,30,966,1143,118,76
407,6,264,Shia001782Vols,2481,474,700,165,76
407,1,253,SHAM19Y23644,1985,109,329,105,48
407,438,676,Shamela0097928,21,997,1186,122,67
407,1,127,Sham19Y0023618,591,1414,1558,95,81
407,6,230,Shamela0030305,56,1323,1472,116,64
407,1,392,Shamela0001686,1432,245,583,138,38
407,1,396,JK000021,1043,944,1422,197,47
407,1,389,JK000021,2161,194,615,229,60
407,1,264,Shia001301,26,201,406,141,66
407,1,396,Sham19Y0001729,247,557,937,180,49
407,296,658,Sham19Y0001729,3006,909,1271,151,38
407,1,264,Shia001383,67,56,243,128,60
407,1,264,Shia001383,120,673,860,128,60
407,1,264,Shia001432Vols,23607,41,287,183,82
407,1,264,Shia001432Vols,23616,140,339,140,65
407,1,264,Shia001432Vols,26017,750,995,182,82
407,1,178,Shamela0010496,184,722,1000,120,55
407,264,817,Shamela0000956,187,379,974,196,32
407,1,448,Shamela0021765,2171,589,1064,233,58
407,1,438,Zaydiyya0000013,45,935,1259,197,50
407,1,360,Sham19Y0148486,6394,595,1041,155,38
407,1,433,Shamela0001453,26,573,1022,172,38
407,1,375,Shamela0001453,147,952,1314,226,67
407,1,389,Shamela0001453,187,250,642,238,69
407,212,797,Shamela0003722,1123,383,801,281,61
407,1,264,Shia001615Vols,1234,786,1031,183,83
407,1,264,Shia001615Vols,3573,205,450,183,83
407,1,433,Shia002231Vols,515,174,555,211,54
407,1,253,Shamela0008658,3062,749,960,110,52
407,1,253,Tafsir09084,744,248,459,110,52
407,1,253,Shia003636Vols,6452,256,463,105,50
407,10,264,Shia003636Vols,6454,257,522,176,74
407,1,244,ShamIbadiyya0000967,1179,1044,1254,136,62
407,1,433,Shamela0021809,3091,11,414,169,40
407,1121,1371,Sham19Y0016599,1280,206,538,91,28
407,264,791,Shamela0001733,361,521,1362,334,49
407,438,758,Shamela0001733,362,7,288,194,78
407,1197,1378,JK009154,38,1128,1300,119,78
407,1197,1394,JK009154,236,141,378,128,62
407,1156,1378,JK009154,376,981,1253,130,59
407,1,244,ShamAY0034066,437,160,417,184,88
407,1,264,Zaydiyya0000352,287,132,324,129,55
407,1,433,Shia001137,273,539,1059,255,59
407,6,355,JK000022,761,854,1200,188,55
407,6,375,Shamela0013068,203,772,1127,194,61
407,1,264,Shamela0021629,610,1224,1454,158,74
407,6,264,Sham19Y0127677,5328,979,1202,144,64
407,385,787,Sham19Y0127677,20081,979,1347,258,81
407,264,624,Sham19Y0037618,5028,959,1374,226,63
407,1,438,Zaydiyya0000274,152,196,563,206,59
407,1,438,Zaydiyya0000274,240,375,742,206,59
407,1,264,Shia001352,79,173,391,141,63
407,1,183,Shamela0025791,339,1334,1479,104,71
407,1,433,Sham19Y0146127,3537,4,425,171,43
407,438,758,Zaydiyya0000342,858,843,1148,196,74
407,1143,1378,JK000914,34,204,401,137,72
407,1,304,Shamela0000736,793,934,1259,192,72
407,6,264,Shamela0000736,5237,170,384,166,81
407,1,433,Sham19Y0013223,936,384,775,189,43
408,1105,1311,Shia002265Vols,456,1,197,154,91
408,818,1380,Shamela0000772,125,50,610,301,61
408,840,1406,ShamAY0033632,263,666,1257,276,49
408,728,1354,ShamAY0034002,78,223,793,259,45
408,840,1414,JK000916,1969,430,1008,281,56
408,890,1311,ShamAY0034447,2232,55,412,252,72
408,840,1414,JK000021,307,428,1046,258,44
408,94,1209,Shamela0021765,2172,57,1392,653,56
408,537,992,JK011404,1,911,1295,169,44
408,738,1354,JK007082,9,752,1428,301,51
408,863,1317,JK007082,352,202,727,271,60
408,828,1414,JK009408,712,235,845,356,64
408,205,757,Shamela0001733,1077,834,1310,256,54
408,519,1024,Shamela0001733,1094,1,465,271,63
408,962,1311,Shamela0001438,7332,974,1274,214,73
408,205,531,JK000786,3770,1111,1396,202,78
408,855,1311,JK000022,598,401,824,307,81
408,950,1311,JK009390,5478,784,1104,235,80
408,724,1311,Sham19Y0127677,5294,131,731,269,45
408,728,1037,Sham19Y0127677,9812,115,659,186,42
408,859,1311,Sham19Y0127677,20009,635,1056,294,80
408,938,1199,Shamela0026324,1134,73,289,145,69
408,1005,1311,Shia001949,274,6,289,214,83
408,605,1311,ShamAY0033926,274,211,914,389,57
409,598,1148,ShamAY0034128,484,583,780,93,20
409,1061,1383,Sham19Y0016684,2053,626,1016,146,41
409,1170,1383,Sham19Y0018103,3738,1071,1424,132,44
409,1196,1383,Sham19Y0018103,4211,1,281,111,48
409,1170,1383,Shamela0005756,14061,489,842,132,44
409,1170,1383,Shamela0005756,15280,1118,1408,121,47
409,1170,1383,Sham19Y0013252,9360,826,1179,132,44
409,1170,1383,Sham19Y0013605,5018,1128,1436,131,52
409,41,435,Zaydiyya0000067,213,1,422,186,44
409,904,1383,JK000110,1673,476,1102,178,31
409,1045,1383,JK000110,1926,530,921,153,41
409,598,904,Shamela0003722,1123,127,434,226,89
409,1261,1383,Shamela0009270,188,166,287,92,99
409,1103,1327,Sham19Y0018144,2884,1067,1497,104,29
409,163,593,JK009408,1730,850,1218,159,36
409,598,1180,Shamela0001733,777,956,1392,218,38
409,1,356,Shamela0001733,2938,979,1312,189,61
409,41,533,Shamela0001733,3585,265,766,261,57
409,198,441,ShamAY0032840,16,341,638,170,71
409,1170,1383,Shamela0021715,9583,255,608,132,44
409,1170,1383,Shamela0021715,11054,391,699,131,52
409,598,1294,Shamela0009810,1380,878,1322,137,20
409,628,1170,Shamela0023100,169,1044,1342,110,23
409,598,1148,Shia001731Vols,804,111,327,107,23
409,1170,1383,Sham19Y0018106,3795,467,820,132,44
409,1067,1383,Sham19Y0018106,4221,898,1284,147,42
409,1170,1383,Sham19Y0018176,2267,175,528,132,44
409,1045,1383,Sham19Y0018176,2557,125,525,156,42
409,650,1148,Shamela0021481,100,388,588,113,26
409,655,1148,Sham19Y0127677,14801,1,217,167,43
409,1253,1383,JK001277,12,980,1111,99,99
409,760,1041,Sham19Y0037618,5004,449,730,184,76
409,1103,1361,ShamAY0032665,2884,979,1443,130,34
409,1061,1383,Shamela0004289,123,777,1252,149,35
409,337,1294,JK001429,23,11,397,188,25
409,16,593,Sham19Y0013223,628,634,1087,225,42
409,598,1148,Shamela0006686,16,291,590,148,30
410,164,737,Shamela0000772,33,1,495,299,61
410,113,737,Shamela0026542,6,110,714,375,67
410,113,534,JK000916,11976,649,1080,314,91
410,168,534,ShamAY0034569,201,456,644,133,47
410,205,528,Zaydiyya0000133,57,1143,1427,194,73
410,168,409,Sham19Y0038171,657,947,1170,153,76
410,113,534,ShamAY0033673,5,25,470,324,92
410,168,409,ShamAY0035035,2639,364,587,153,76
410,119,534,Shamela0026389,220,36,486,317,89
410,350,1306,Shamela0117359,396,601,1339,271,29
410,74,737,Sham19Y0020638,1248,281,960,245,35
410,143,544,ShamAY0033686,1,1001,1410,295,90
410,53,737,ShamAY0032959,43,646,1155,194,36
410,134,534,JK007062,81,370,856,306,79
410,113,534,Shamela0008473,588,873,1311,176,46
410,1,113,Shamela0009270,188,287,399,84,98
410,113,741,JK007082,477,845,1509,323,49
410,113,737,Sham19Y0148271,1230,681,1350,258,42
410,205,534,Tafsir09084,210,269,629,140,44
410,119,345,ShamAY0034134,45,690,928,160,83
410,119,534,JK009154,280,737,1172,284,76
410,222,705,JK009154,281,10,407,227,59
410,195,760,Shamela0025794,3654,1,555,206,38
410,53,534,ShamAY0032765,2,1144,1468,158,42
410,113,534,Sham19Y0127677,14661,352,832,178,39
410,119,534,JK001277,13,956,1370,315,95
410,46,468,ShamAY0032665,2885,23,684,239,41
410,247,737,Shia003732Vols,3231,1,590,255,51
410,113,551,Zaydiyya0000342,412,410,863,277,70
411,886,1325,Shamela0030294,33,5,364,153,37
411,399,1015,Sham19Y0038171,743,1,426,178,30
411,594,1304,JK000055,262,32,625,211,29
411,851,1069,Shamela0008473,588,879,1311,158,46
411,847,1069,Shamela0009270,191,279,770,171,44
411,819,1325,Shamela0011417,33,996,1397,145,26
411,706,1304,Sham19Y0148271,1230,614,1350,250,36
411,566,1015,ShamAY0034134,46,227,404,126,35
411,560,1069,Shamela0010906,3066,210,455,177,44
411,625,1069,Sham19Y0127677,14661,125,832,203,31
411,442,801,JK000735,121,944,1479,164,35
412,276,488,Shamela0012403,660,1029,1310,150,66
412,893,1062,JK000916,23873,988,1144,104,79
412,671,1210,Shia001976Vols,487,945,1438,146,24
412,645,1203,Shamela0029779,8,216,575,170,38
412,221,652,Shia001148,175,403,849,179,38
412,1024,1313,Shia002034Vols,2125,278,562,209,89
412,592,783,Shia001913Vols,138,621,803,133,89
412,293,783,ShamAY0033945,636,331,810,193,38
412,284,482,Shamela0000956,532,1174,1349,126,83
412,837,1203,Shamela0021765,2156,408,1090,168,30
412,1024,1307,Shamela0026474,27,1123,1399,209,90
412,808,1024,ShamAY0038086,31,561,719,105,62
412,252,482,ShamAY0034644,109,1168,1390,132,72
412,276,740,Shia001237Vols,1238,90,461,183,50
412,890,1236,Shia002231Vols,599,85,513,137,37
412,620,1203,JK009408,430,630,1139,200,38
412,272,652,JK009408,1715,596,1079,200,49
412,221,708,Shamela0021809,2171,895,1291,221,47
412,221,359,Shamela0001733,3553,1314,1452,107,99
412,359,546,Shamela0001733,3554,1,194,110,67
412,853,1038,Shamela0012750,453,649,801,103,71
412,890,1024,Shamela0000782,1185,1126,1249,81,71
412,857,1203,Shamela0013068,75,16,359,139,42
412,877,1024,Sham19Y0127677,12067,564,899,105,38
412,637,1255,Shamela0004289,1158,706,1372,226,35
413,238,755,Zaydiyya0000268,89,1,441,174,34
413,1007,1439,ShamAY0038346,30,433,798,207,55
413,1,420,ShamAY0033945,590,927,1362,176,40
413,1178,1439,ShamAY0033945,603,1,290,187,75
413,47,314,Shamela0011385,2831,855,1088,85,33
413,730,1098,Shamela0003722,8178,343,724,289,95
413,1098,1439,Sham19Y0148271,673,853,1198,194,61
413,838,1439,Sham19Y0148271,1518,805,1345,218,37
413,736,1111,Shia002069Vols,150,241,581,238,73
413,226,936,Shia002069Vols,198,38,677,216,27
413,838,1439,Shamela0025794,1497,858,1442,233,36
413,36,689,JK000786,2945,743,1364,245,39
413,251,602,Shamela0000782,1228,99,635,167,39
413,922,1439,Shamela0008970,46,683,1306,257,42
413,1,275,Shamela0008970,47,1140,1435,154,58
413,607,970,Sham19Y0127677,1236,367,668,169,55
413,104,665,Shamela0004289,1157,615,1253,154,22
414,270,657,Shia002265Vols,5427,1119,1423,192,61
414,296,525,Shia002382Vols,1114,685,928,146,65
414,118,525,Shia002034Vols,982,264,605,262,79
414,150,486,Shamela0030267Vols,6,1203,1495,195,69
414,1,333,ShamAY0033945,603,228,600,157,43
414,176,675,JK000475,2245,891,1415,274,59
414,273,679,JK001236,29,5,496,211,43
414,273,525,Shamela0010922,76,1209,1450,177,81
414,6,333,Shamela0025800,962,364,799,120,26
414,344,525,Shamela0000432,4252,338,520,136,86
414,979,1145,Shamela0003722,1596,1,167,135,100
414,304,525,Tafsir06048,685,651,919,158,70
414,240,525,Shia001237Vols,1213,928,1283,185,62
414,747,1038,Shamela0012581,149,1120,1389,164,66
414,304,525,ShamIbadiyya0000194,674,962,1211,151,72
414,758,1228,Shamela0021477,103,6,461,241,54
414,6,525,Shamela0004473,15515,277,1051,280,44
414,1,118,JK000059,13,164,305,84,70
414,270,525,Shamela0001438,7528,1095,1324,168,80
414,273,525,JK001012,339,813,1059,180,82
414,270,679,Shia001340,258,58,548,212,47
414,245,690,JK000786,2993,381,804,217,53
414,6,118,JK000786,3008,832,973,78,70
414,314,525,Shamela0022593,1538,280,505,167,91
414,314,525,Tafsir03092,1498,1313,1538,167,91
414,296,643,JK009390,5717,1,292,179,62
414,270,672,Sham19Y0127677,5495,1079,1357,187,57
414,747,1164,Shamela0005702,154,747,1169,274,70
414,893,1145,Shamela0005702,155,17,286,175,74
414,176,697,JK000735,186,249,834,289,56
414,273,525,Sham19Y0013223,617,377,619,178,82
415,392,831,Shamela0000894,5018,521,805,184,54
415,389,820,Shamela0010639,27,138,453,189,54
415,392,556,Shia000841Vols,3746,756,906,114,88
415,339,556,ShamAY0033938,1209,26,212,139,82
415,240,357,Shia002034Vols,1946,906,1361,92,25
415,357,683,Shia002034Vols,1947,1,291,137,44
415,436,582,Sham19Y0038171,734,969,1115,101,89
415,436,831,JK000001,588,81,407,158,49
415,300,831,JK000475,2245,165,591,235,51
415,362,556,JK007065,218,402,560,125,81
415,375,556,JK001002,7,1,167,131,91
415,130,556,Kraken2108092202141,175,134,506,165,35
415,436,556,Shamela0022842,77,605,724,90,95
415,418,556,Sham19Y0020638,997,147,278,104,94
415,389,781,Sham19Y0017616,350,256,618,160,39
415,781,1142,Shamela0021765,2177,8,370,211,67
415,436,551,Shamela0000551,871,461,569,86,93
415,418,781,Shamela0025800,160,185,533,149,39
415,389,556,Sham19Y0017729,449,508,662,121,92
415,365,556,Sham19Y0018144,2338,1,426,143,42
415,126,820,Shamela0010517,737,190,574,227,40
415,130,556,Shamela0021809,1113,218,688,184,41
415,130,562,Shamela0001733,1577,941,1406,231,57
415,389,556,ShamAY0034134,26,408,568,116,85
415,148,792,Shamela0005737,121,697,1276,268,45
415,336,556,Shamela0025794,3774,942,1139,135,72
415,130,831,JK000786,3014,90,591,257,45
415,300,831,JK000735,185,976,1404,235,51
415,389,556,Sham19Y0017903,900,218,372,121,92
415,389,820,Sham19Y0017903,975,447,683,165,49
415,130,771,Shamela0004289,1156,856,1366,236,38
415,389,820,JK001429,17,906,1161,184,55
415,389,556,Sham19Y0132524,2179,1187,1334,116,88
415,392,556,Sham19Y0132524,2882,1368,1499,102,78
415,126,831,Sham19Y0013223,611,794,1310,239,35
415,752,1223,Sham19Y0013223,618,1125,1464,181,44
415,392,556,Sham19Y0013223,766,1350,1507,124,95
416,758,1076,Shamela0009076,547,837,1154,147,53
416,220,490,Shia002265Vols,439,449,643,131,61
416,145,628,Shia001782Vols,3508,768,1169,246,61
416,937,1155,Shamela0021550,126,260,423,124,70
416,56,432,Shamela0012981,983,741,1061,220,72
416,73,455,JK000021,292,365,717,254,84
416,953,1407,Sham19Y0038171,734,33,366,192,53
416,937,1155,JK000001,587,603,798,146,81
416,84,368,JK000475,2242,1183,1423,173,77
416,56,628,ShamAY0033053,505,446,1031,282,50
416,84,455,JK001002,10,328,655,247,83
416,56,455,Shamela0003722,4535,138,514,256,79
416,823,1390,Shamela0009270,145,149,684,256,51
416,84,628,Shamela0009383,29,550,1098,288,57
416,851,1358,Shamela0007268,21,798,1309,197,39
416,84,628,Shamela0021809,1979,253,597,194,42
416,851,1390,Shamela0021809,2668,430,862,223,46
416,851,1397,Shamela0021809,2672,895,1412,217,39
416,56,273,Shamela0001733,3467,1230,1428,152,89
416,273,455,Shamela0001733,3468,1,183,142,100
416,56,432,Shamela0012862,765,755,1058,215,70
416,851,1155,Shamela0009810,1375,1094,1380,170,68
416,782,1394,Shamela0006463,36,1111,1463,186,38
416,108,628,Shamela0026884,229,1,556,303,62
416,998,1168,Shamela0001438,1181,975,1167,124,77
416,220,455,Shamela0001438,1782,404,565,118,62
416,209,628,JK001012,342,111,480,218,64
416,699,1155,Shia001731Vols,800,925,1286,200,54
416,867,1394,Shamela0025794,3403,667,1090,224,50
416,851,1206,Shamela0025794,3408,1116,1410,182,60
416,856,1407,JK000786,2945,253,653,232,52
416,557,1155,JK000786,3742,861,1388,231,44
416,741,1155,JK000022,1447,642,1151,237,58
416,994,1155,JK009390,740,521,695,119,83
416,871,1159,Shamela0010664,1324,1,279,176,72
416,934,1155,Sham19Y0127677,606,1103,1290,130,70
416,1007,1184,Sham19Y0127677,739,136,325,116,75
416,172,455,Sham19Y0127677,983,869,1099,143,58
416,84,628,JK000735,183,505,1004,274,56
416,934,1187,Shamela0012884,3201,705,955,151,72
416,62,628,JK000653,20,822,1303,299,64
416,209,455,Shamela0036446,1343,190,408,171,88
416,145,455,Sham19Y0013223,619,999,1314,237,94
417,849,1046,ShamAY0034068,1738,363,551,147,92
417,136,709,Shia002265Vols,5428,526,1108,272,50
417,522,1052,Shamela0009567,951,1020,1337,154,29
417,859,1351,Tafsir06049,4233,133,532,183,37
417,296,1219,Shia002616Vols,3847,1141,1524,211,26
417,557,1351,Sham19Y0023618,1139,95,443,190,30
417,281,1339,Shamela0007798,6101,794,1329,276,29
417,288,1219,Sham19Y0001729,366,149,788,281,31
417,557,1219,JK001236,29,431,692,172,31
417,510,1219,Shamela0007891,732,656,1156,192,28
417,281,1046,Shamela0008473,2949,999,1397,213,30
417,319,1087,Shamela0000041,1556,635,1142,170,21
417,557,1219,Sham19Y0017729,488,852,1236,168,26
417,532,1219,Shia002231Vols,598,859,1234,209,34
417,595,1219,Sham19Y0148271,708,936,1271,144,24
417,453,925,Shamela0001733,217,575,1093,195,42
417,709,827,Shamela0001733,294,1304,1438,76,76
417,459,925,Shamela0001733,3328,78,604,165,31
417,136,618,Shamela0001438,5485,295,732,262,66
417,554,1046,Sham19Y0127713,1725,92,315,146,33
417,237,1046,JK001012,345,623,1053,202,27
417,557,1351,ShamAY0034066,889,201,549,190,30
417,535,1219,Shamela0025794,2090,7,370,184,29
417,136,618,JK009390,3605,592,1048,249,60
417,136,618,Sham19Y0127677,4074,238,657,263,66
417,557,1219,Sham19Y0017903,975,824,1087,168,30
417,459,1228,Shamela0004289,1158,608,1032,238,38
417,547,1351,Sham19Y0013223,617,92,541,221,29
418,304,838,ShamAY0034055,9302,641,1441,313,45
418,280,608,ShamAY0034055,9303,273,572,211,75
418,338,608,Shamela0022769,1367,542,818,192,80
418,338,980,Shamela0013041,901,1,814,444,65
418,348,608,ShamAY0034068,3004,677,944,182,79
418,435,917,Shia002265Vols,352,743,1324,344,70
418,304,848,Shia002265Vols,577,206,814,253,49
418,617,829,Shia002265Vols,577,1276,1476,143,80
418,307,917,Shia001782Vols,3540,283,941,399,67
418,386,608,Tafsir06049,5710,1063,1328,164,73
418,280,551,Shia002616Vols,5422,1291,1575,192,78
418,187,608,Shamela0036357,2062,671,1087,278,76
418,280,838,Shia002702Vols,9569,921,1399,281,57
418,280,608,Shia002702Vols,9570,234,526,210,76
418,330,608,Shamela0023613,4033,1247,1515,177,72
418,304,816,Tafsir09050,3628,1117,1489,230,53
418,307,608,Tafsir03037,2538,360,608,170,65
418,468,608,Tafsir02096,1734,1,152,113,92
418,187,608,JK001293BK1,1538,196,603,266,72
418,367,917,JK005005,175,826,1472,396,73
418,334,888,Zaydiyya0000133,51,61,620,310,59
418,379,626,JK006476,1566,204,394,144,68
418,307,608,Sham19Y0020891,5476,697,987,208,80
418,343,608,Shamela0002671,204,690,914,173,78
418,338,608,Shamela0001394,1439,813,1090,193,81
418,222,917,Shamela0021765,2151,649,1382,438,65
418,961,1264,Shamela0021765,2177,428,718,200,81
418,198,891,Shamela0023578,2693,258,1024,420,63
418,338,608,Shia002218Vols,822,126,416,193,77
418,307,608,Shamela0023588,1531,904,1139,170,66
418,176,917,Shamela0008473,4142,625,1450,472,64
418,304,589,Sham19Y0150960,1446,1067,1324,183,72
418,176,608,Shamela0009270,12,28,468,309,84
418,376,608,Shamela0023635,7792,1,228,163,81
418,376,896,JK007082,584,1,566,316,61
418,307,608,Shamela0021766,3881,5,237,158,62
418,158,917,Shamela0008658,2742,380,1221,474,63
418,198,848,Shamela0013132,20,756,1410,415,70
418,980,1186,JK006801,820,399,586,124,74
418,222,1264,JK006801,892,302,1407,671,69
418,198,917,Shamela0021570,371,495,1253,450,65
418,338,608,JK009266,7791,876,1148,192,81
418,176,917,ShamAY0034138,117,784,1465,497,78
418,472,608,Shamela0010273,2806,1,160,109,83
418,435,917,Shamela0001438,4203,255,834,345,70
418,617,917,Shamela0001438,5379,398,808,195,54
418,461,608,Zaydiyya0000062,1712,1,158,116,91
418,348,891,ShamAY0034080,234,1,556,333,66
418,410,1152,JK009390,2785,145,1019,392,47
418,291,731,JK009390,3382,1034,1465,192,40
418,617,917,JK009390,3541,441,854,194,54
418,1086,1264,JK009390,4752,1,155,121,83
418,435,917,Sham19Y0127677,2591,201,767,332,68
418,617,917,Sham19Y0127677,3579,680,1090,193,54
418,376,589,Shamela0001417,1164,184,356,133,71
418,226,1186,Shamela0026660,7,347,1258,409,43
418,222,1264,Sham19Y0037618,5398,319,1423,671,69
418,194,938,Shamela0007435,1141,72,844,453,63
418,307,848,Zaydiyya0000274,551,1030,1516,293,60
418,304,589,Shia003732Vols,4052,742,988,183,74
418,307,608,ShamAY0034052,1999,867,1160,205,77
418,453,608,ShamAY0034059,5699,15,193,125,85
418,33,608,Shamela0012884,4403,848,1349,304,55
418,321,608,Tafsir07076,8738,972,1290,188,69
418,980,1264,JK005004,92,1283,1534,164,66
418,461,917,JK005004,92,1,554,345,76
418,386,838,JK005004,94,1,368,230,56
418,307,608,JK000458,2931,1295,1561,184,69
418,304,617,Sham19Y0013223,277,1147,1455,236,91
418,617,1186,Sham19Y0013223,278,1,530,236,38
419,752,968,ShamAY0034068,2509,698,907,141,80
419,794,968,Shamela0000894,5027,872,1031,117,85
419,752,968,Sham19Y0122257,1415,1248,1451,131,76
419,752,968,Tafsir06049,5208,1000,1162,106,64
419,878,1193,Shamela0010639,29,10,401,121,33
419,752,968,Sham19Y0145212,1690,628,830,133,78
419,670,1193,ShamAY0033938,1479,861,1406,224,47
419,494,1152,JK000021,289,578,1259,239,39
419,729,923,Sham19Y0001729,361,1240,1449,123,71
419,752,968,Shamela0010668,586,893,1059,108,65
419,729,1139,JK007065,95,875,1298,190,48
419,702,1193,Shamela0008493,21,182,601,180,41
419,744,968,JK001236,22,185,413,143,75
419,749,1193,Sham19Y0017616,480,329,633,177,51
419,670,968,Sham19Y0122406,3942,4,300,166,62
419,845,968,ShamAY0035990,351,1,143,82,69
419,506,1193,Shamela0008360,354,44,631,228,35
419,752,1193,Shamela0025800,968,169,525,183,52
419,670,1193,Shia001831Vols,527,826,1420,227,44
419,523,1013,ShamAY0032781,93,955,1400,186,40
419,664,1156,ShamAY0033594,9,38,486,186,41
419,533,1193,Shamela0004473,15634,597,1140,242,43
419,777,968,Sham19Y0013572,210,1292,1482,129,83
419,718,968,Shamela0021809,956,625,850,148,75
419,664,1134,Shia001919,22,1114,1526,207,49
419,675,988,Shamela0026884,218,866,1139,163,67
419,744,968,JK001012,327,149,363,137,76
419,752,1193,Shamela0008176,3083,535,822,191,54
419,794,1267,Shamela0025794,345,18,457,177,42
419,686,1193,Shamela0008970,48,1,534,210,45
419,749,968,Sham19Y0037618,4952,1123,1346,141,79
419,788,1139,Shamela0026324,1349,46,374,146,46
419,506,968,Sham19Y0017903,974,885,1238,175,47
419,523,1193,Shia003732Vols,3979,149,625,218,37
419,752,1193,Shamela0012014,305,15,433,201,51
419,664,1193,Shamela0013066,19,848,1290,231,49
419,502,1193,JK001429,17,497,972,231,43
419,752,968,Sham19Y0132524,2859,770,973,136,79
420,1009,1317,Shamela0021537,5733,837,1181,201,69
420,1009,1292,Shia002265Vols,684,403,703,200,82
420,119,387,ShamAY0034128,479,1046,1373,184,65
420,1009,1292,Sham19Y0122257,1428,629,929,200,81
420,1168,1435,Shia001976Vols,209,1,188,116,50
420,989,1292,Shia001976Vols,215,329,624,211,83
420,933,1292,Shamela0010488,400,424,843,153,36
420,1009,1285,Shamela0010639,28,965,1286,196,74
420,1009,1292,Shamela0010639,389,700,1021,213,84
420,1009,1292,Sham19Y0145212,1698,1,303,204,82
420,1024,1285,ShamAY0038346,29,134,396,170,76
420,708,1191,ShamAY0033938,1478,1032,1425,217,56
420,1012,1292,Shamela0021578,3,728,1039,200,79
420,933,1292,ShamAY0032772,2,196,533,229,77
420,200,614,JK000021,1345,13,448,212,56
420,989,1285,Sham19Y0001729,402,942,1284,226,83
420,834,1310,Shamela0009642,21,679,1183,243,52
420,1012,1413,Shamela0030623Vols,52,1,432,217,51
420,986,1292,JK007065,95,517,842,235,91
420,994,1285,JK001236,24,291,613,210,80
420,814,1292,JK001002,15,749,1224,282,64
420,1004,1195,Sham19Y0020638,1245,1196,1401,127,74
420,986,1292,Sham19Y0017616,479,659,1002,224,80
420,830,1292,ShamAY0034005,1133,592,1021,256,66
420,708,1310,Shamela0007891,730,711,1334,273,51
420,203,387,Shamela0026474,31,5,230,131,73
420,708,1292,Sham19Y0122406,3941,83,590,298,61
420,989,1371,ShamAY0033973,35,227,597,222,71
420,1009,1292,Shamela0008360,357,834,1135,203,82
420,1012,1285,Shamela0025800,958,183,487,197,79
420,119,387,Shamela0003722,3003,635,949,199,78
420,885,1292,Shamela0009270,20,1030,1413,210,57
420,806,1292,Shia001831Vols,527,222,671,282,69
420,989,1205,Sham19Y0018144,2879,1302,1538,166,90
420,986,1337,Sham19Y0148271,632,98,474,227,70
420,1028,1285,Shamela0004473,17079,323,628,187,74
420,1004,1285,JK000059,12,192,495,196,76
420,994,1292,Sham19Y0013572,209,159,464,219,87
420,1049,1292,Sham19Y0017798,1630,1050,1298,166,79
420,986,1292,Shamela0021809,953,604,922,213,79
420,989,1285,Shamela0021809,954,547,868,224,86
420,93,387,Shamela0001733,2926,943,1283,210,77
420,989,1285,Shia001919,24,289,608,226,89
420,1004,1285,ShamAY0034134,35,984,1301,199,76
420,1102,1310,ShamAY0034134,38,1,222,148,81
420,55,295,Shamela0009810,1371,1167,1515,144,52
420,1009,1262,JK000216,107,1073,1355,178,78
420,847,1285,Shamela0026884,400,848,1310,247,60
420,1009,1292,Shamela0001438,6024,740,1040,200,82
420,834,1292,JK009154,398,326,776,218,47
420,63,387,Shia001731Vols,798,888,1277,218,65
420,1004,1292,Sham19Y0023625,2712,509,831,213,82
420,1009,1292,Shamela0008176,3106,1133,1447,204,79
420,885,1337,Shamela0025794,344,824,1252,244,64
420,989,1285,Shamela0025794,354,483,805,222,84
420,1012,1262,Shamela0000140,1858,759,1039,177,77
420,986,1292,JK000786,2934,516,861,228,84
420,885,1285,Shamela0008210,90,146,568,241,70
420,1068,1371,Shamela0008970,74,1,367,188,62
420,1151,1292,JK009390,5345,12,161,104,87
420,994,1292,Sham19Y0127677,4144,756,1066,209,82
420,59,463,Shia002008,18,191,620,251,68
420,989,1285,ShamAY0032665,2879,1215,1531,231,92
420,885,1285,Shamela0006003,80,20,415,223,63
420,933,1285,Shamela0004289,1154,533,874,233,78
420,1012,1285,Shamela0012014,302,198,501,197,79
420,989,1285,Shamela0013066,19,524,848,223,86
420,1012,1285,Sham19Y0132524,2858,948,1236,197,83
420,1012,1285,Sham19Y0013223,616,43,341,202,82
420,59,463,Shamela0013140,3,237,666,251,68
421,991,1378,Shamela0003118,3585,962,1345,283,88
421,501,854,Shamela0010480,1933,1177,1479,182,64
421,172,1167,Shamela0010480,1934,320,1273,486,51
421,575,1019,Sham19Y0017063,222,193,533,213,62
421,575,862,Shamela0097928,380,641,1173,131,28
421,945,1378,JK000916,11651,244,664,316,88
421,25,613,ShamAY0034172,447,779,1167,129,21
421,166,562,Shamela0026566,108,1,597,189,40
421,483,902,ShamAY0037282,39,718,1131,321,96
421,1,620,ShamAY0032891,19,568,1169,315,55
421,549,1070,JK001236,25,525,996,213,46
421,108,558,JK001002,15,19,455,265,63
421,466,854,Shamela0026389,348,429,1002,216,43
421,523,866,Shamela0117359,246,22,345,208,74
421,526,866,Sham19Y0020944,180,673,994,202,72
421,62,763,Shamela0005922,884,585,1389,377,52
421,1,1316,Shamela0005922,885,52,1295,360,22
421,542,862,Shamela0006227,267,1257,1522,206,81
421,1,604,Shamela0026871,44,513,1076,320,57
421,471,866,Sham19Y0020591,323,168,551,215,66
421,1,617,ShamAY0033973,121,674,1184,330,65
421,247,1116,Sham19Y0148486,1302,305,1292,452,54
421,295,866,Shamela0025800,958,4,491,206,40
421,514,1308,Shamela0010657,417,633,1294,262,32
421,40,426,Shamela0004473,15517,450,857,284,85
421,40,726,Shamela0004473,16547,468,1170,350,54
421,157,1085,Shamela0021809,1466,1,980,485,55
421,936,1097,ShamAY0034134,40,483,892,121,37
421,108,422,ShamAY0034134,40,1,302,214,85
421,518,1308,JK000221,181,449,1208,264,30
421,599,991,Sham19Y0131336,662,1,379,242,76
421,25,604,Shamela0001438,6719,557,1035,284,58
421,339,1065,Shamela0025794,3560,385,1009,254,34
421,505,1070,Shamela0025794,3565,381,921,320,62
421,483,902,Shia002229,39,625,1039,322,96
421,1,549,Shia001887Vols,329,931,1422,295,59
421,25,613,JK000022,2471,71,731,284,48
421,25,575,JK009390,6774,99,522,245,51
421,66,613,Sham19Y0127677,4742,631,1195,270,47
421,108,331,Shamela0022848,88,757,957,124,66
421,471,866,Sham19Y0131521,1295,289,659,217,67
421,1,290,JK000477,254,1158,1422,164,66
421,290,737,JK000477,255,1,462,211,47
421,1,422,Shamela0007435,950,919,1354,235,61
421,1,422,Sham19Y0017903,245,884,1285,248,72
421,25,422,Shia003732Vols,3934,996,1432,260,70
421,373,737,Shia003732Vols,3978,1162,1482,146,48
421,549,866,Shamela0001875,334,1138,1427,188,74
421,505,1055,Sham19Y0146127,661,26,471,292,64
421,477,862,Zaydiyya0000342,415,995,1364,198,59
421,936,1378,Zaydiyya0000342,415,991,1471,250,57
422,224,650,Shamela0003118,7100,782,980,133,38
422,269,673,Shamela0097928,377,1020,1405,304,93
422,1,433,JK000916,24671,1088,1479,264,78
422,438,673,JK000916,24672,6,297,175,72
422,11,564,JK000916,24674,1123,1466,175,35
422,8,673,Sham19Y0020879,48,258,735,234,38
422,23,673,Sham19Y0014592,513,60,551,226,37
422,18,673,Sham19Y0014592,1145,523,991,224,37
422,23,569,Sham19Y0014592,2993,1168,1434,171,39
422,1,626,Shamela0010835,24,148,526,230,41
422,8,673,Shamela0008494,52,95,572,234,38
422,1,626,Shamela0030592Vols,23,809,1155,217,40
422,23,673,Shamela0012884,2931,531,991,213,35
422,1,673,Sham19Y0016877,54,553,1207,514,95
423,738,1209,Shamela0001733,784,201,578,160,46
424,1088,1367,Shia002265Vols,685,249,508,193,84
424,1088,1367,Zaydiyya0000067,164,763,1027,193,82
424,1021,1378,ShamAY0032955,18,672,1139,229,58
424,887,1378,ShamAY0032826,219,498,839,259,65
424,918,1378,ShamAY0032826,220,1,307,234,63
424,1088,1367,Shamela0001438,6153,288,547,193,84
424,1094,1367,JK009390,3628,374,622,190,85
424,1130,1378,Sham19Y0127677,4303,1,219,172,85
425,780,1420,JK000977,879,429,942,338,63
425,1,150,Shia002265Vols,685,498,634,106,87
425,943,1241,Shamela0011363,277,843,1138,204,76
425,906,1241,ShamAY0033938,516,1,315,243,89
425,826,1225,Shamela0012981,1068,299,627,187,51
425,736,1057,Shamela0021626,13,1089,1386,199,78
425,1278,1435,JK000021,2171,64,208,104,83
425,785,1241,Sham19Y0001729,365,725,1177,330,85
425,1286,1438,Sham19Y0001729,1163,822,955,101,86
425,962,1241,Shamela0007289,5763,1007,1283,218,95
425,922,1241,JK007065,143,1037,1309,213,81
425,946,1209,JK001236,23,1190,1446,195,91
425,1044,1431,Shamela0006610,1166,244,545,189,57
425,922,1241,Sham19Y0020638,432,714,1016,223,86
425,943,1241,Sham19Y0017616,144,18,309,226,93
425,1,166,Zaydiyya0000067,164,1017,1173,114,84
425,714,1241,ShamAY0034005,1163,797,1319,331,70
425,808,1241,Shamela0012991,48,657,985,209,58
425,943,1420,Shamela0012836,8,57,663,266,44
425,852,1420,Shamela0007891,943,446,1344,263,33
425,1,269,ShamAY0032955,18,1139,1383,190,83
425,817,1241,Sham19Y0122406,1439,267,676,308,88
425,726,1241,Sham19Y0148486,2495,559,1040,301,66
425,925,1229,Shia002218Vols,410,1203,1467,199,78
425,946,1241,Shamela0025800,2680,283,581,223,89
425,1065,1241,JK007036,303,1,174,137,92
425,943,1225,Sham19Y0017729,348,482,740,198,85
425,726,1241,Sham19Y0018144,694,1032,1400,148,30
425,615,1241,Sham19Y0018144,971,826,1346,293,55
425,269,506,Sham19Y0018315,276,67,247,127,68
425,1286,1435,Shia002231Vols,244,673,804,101,87
425,817,1241,Shamela0026668,233,378,712,216,60
425,994,1241,Sham19Y0018568,117,1,245,194,95
425,1019,1241,Shamela0004473,1857,467,715,173,83
425,943,1241,Shamela0004473,15516,1118,1413,232,95
425,929,1241,Sham19Y0013572,327,983,1277,221,86
425,994,1241,Sham19Y0017798,1657,20,344,171,60
425,843,1197,Shamela0021809,3120,1218,1518,191,60
425,261,443,Shamela0001733,4209,555,722,108,75
425,297,506,Shamela0030291,2,1012,1174,126,77
425,736,1241,ShamAY0034134,42,5,374,205,47
425,953,1241,Sham19Y0036110,58,1048,1335,219,91
425,1,142,ShamAY0032826,219,839,973,104,90
425,1,443,ShamAY0032826,220,307,678,140,30
425,962,1241,Sham19Y0017745,124,1,276,218,95
425,1,150,Shamela0001438,6153,537,679,108,88
425,946,1241,JK001012,336,848,1145,207,78
425,843,1193,Shamela0025794,4028,1117,1421,205,66
425,611,1241,Shamela0025794,4030,681,1161,249,45
425,936,1241,Shamela0023423,340,918,1222,234,93
425,943,1241,Shamela0023423,341,17,950,217,28
425,943,1241,Sham19Y0008889,293,1160,1459,232,94
425,1,123,JK009390,3628,612,734,99,100
425,936,1251,eScr20112614,73,1081,1333,177,68
425,1,150,Sham19Y0127677,4303,219,352,102,84
425,1286,1435,Sham19Y0127677,8195,951,1082,101,87
425,1044,1241,ShamAY0033075,72,18,215,151,91
425,925,1241,Shamela0011244,46,175,493,236,91
425,943,1241,JK009318,59,107,473,226,74
425,943,1241,Shamela0010443,328,82,376,232,96
425,545,962,Shia002008,16,649,960,141,40
425,852,1229,ShamAY0033531,3710,711,1044,212,61
425,852,1229,ShamAY0033531,4893,171,504,212,61
425,726,1241,ShamAY0032665,694,1040,1408,148,30
425,615,1241,ShamAY0032665,971,837,1357,293,55
425,943,1241,Sham19Y0017903,634,393,673,214,87
425,282,652,JK000624,167,35,425,166,43
425,943,1438,Sham19Y0035453,4,440,843,227,50
425,943,1241,Shamela0001875,728,969,1251,220,90
425,852,1220,Sham19Y0146127,1310,1128,1435,226,75
425,1044,1241,Shamela0012014,43,1271,1464,150,90
425,943,1424,JK001429,18,27,590,273,51
425,966,1241,Shamela0036446,326,855,1101,189,82
425,943,1241,Sham19Y0132524,870,262,929,199,34
425,946,1225,Sham19Y0013223,614,1159,1434,211,91
425,946,1424,Sham19Y0013223,867,567,963,221,46
425,545,962,Shamela0013140,1,694,1005,155,48
426,5,134,Shia002265Vols,1943,566,695,90,77
426,687,1024,Shia001782Vols,3511,49,306,109,33
426,669,1024,JK009249,15,10,276,105,31
426,687,1024,Shamela0010922,27,1244,1477,115,34
426,695,1131,JK009408,2481,1,398,117,24
426,325,976,Shamela0001733,4923,860,1429,180,25
426,655,752,ShamAY0034134,228,593,974,65,22
426,145,463,Shamela0006463,18,399,719,166,61
426,224,514,Shamela0007350,165,845,1094,155,61
426,684,1024,Sham19Y0017090,19,1248,1462,89,26
426,684,1024,Sham19Y0127677,8689,183,443,111,33
426,687,901,Sham19Y0013223,616,1239,1453,141,71
427,213,477,JK000021,1087,1050,1296,192,90
427,213,477,JK007097,428,324,573,194,91
427,1,477,Shamela0023700,2746,913,1385,180,34
427,604,881,Shamela0004473,16551,863,1118,176,80
427,57,495,JK009408,2219,399,856,234,52
427,213,477,Sham19Y0036114,158,863,1111,164,77
427,604,881,Shia002119Vols,3543,683,977,176,71
427,213,477,Shamela0025794,4393,954,1181,156,74
427,604,864,Sham19Y0123665,1932,861,1130,178,78
427,515,938,JK000022,340,958,1333,234,63
427,216,439,Shamela0005542,29,26,192,102,57
428,462,631,Sham19Y0014119,259,1178,1350,120,89
428,631,824,Sham19Y0014119,260,1,194,150,100
428,462,1114,Shamela0009242,979,531,1077,372,72
428,609,824,Shamela0021537,5759,1221,1440,152,82
428,351,824,Shamela0010480,461,852,1328,320,81
428,573,1117,Shia002265Vols,260,982,1398,232,53
428,573,824,Shia002265Vols,425,699,954,195,98
428,488,824,Sham19Y0017063,514,210,548,252,95
428,609,824,Sham19Y0122257,1425,6,219,167,99
428,889,1127,Shamela0008648,738,153,410,173,82
428,341,700,Shia001976Vols,194,1062,1405,226,77
428,700,953,Shia001976Vols,195,1,259,136,58
428,1028,1127,Shamela0030027,4,1,100,76,100
428,341,568,Sham19Y0014601,2525,904,1106,132,70
428,609,830,Sham19Y0014601,2527,168,395,172,97
428,462,824,Shamela0010639,29,906,1282,277,95
428,488,769,ShamAY0034230,4908,312,600,214,94
428,462,824,Sham19Y0145212,1695,975,1329,259,91
428,466,943,ShamAY0038346,29,889,1382,261,64
428,462,953,Shamela0021578,3,343,801,279,71
428,341,958,Shamela0012981,389,619,1338,352,59
428,360,880,JK000021,290,95,620,346,80
428,824,1334,Shia002034Vols,2132,577,1368,202,27
428,390,824,Sham19Y0001729,365,226,630,289,82
428,462,824,Shamela0000216,89,286,556,203,72
428,462,953,Shamela0000216,138,336,859,276,60
428,573,824,Shamela0001975,386,946,1221,195,91
428,360,824,Shamela0008540,1793,749,1197,314,82
428,347,953,ShamAY0033945,642,473,1195,356,59
428,573,824,Shamela0021659,561,965,1220,195,98
428,462,782,JK001236,24,1051,1394,245,92
428,782,1331,JK001236,25,1,590,211,34
428,462,1127,Shamela0006610,224,310,1100,419,66
428,462,824,JK000170,953,452,791,235,78
428,449,953,Shamela0117359,391,1,496,313,75
428,449,824,Sham19Y0020944,319,384,769,280,90
428,372,824,Shamela0007891,731,139,600,325,86
428,462,596,JK000098,579,1390,1524,93,88
428,596,856,JK000098,580,1,251,177,88
428,420,765,Sham19Y0020591,540,69,429,256,88
428,462,953,Shamela0008360,356,428,915,284,61
428,462,802,Shamela0025800,958,1107,1457,218,70
428,609,727,Shamela0025800,959,56,174,92,100
428,462,1127,Sham19Y0017878,449,166,627,240,41
428,462,790,Shamela0000432,4891,714,1027,228,88
428,341,609,Shamela0003722,1828,1135,1402,163,72
428,609,824,Shamela0003722,1829,1,218,159,91
428,458,824,Sham19Y0016976,769,360,729,271,94
428,462,794,ShamAY0034204BK1,721,1228,1553,221,80
428,458,824,Sham19Y0017791,754,202,571,271,94
428,462,986,JK000201,4158,500,690,131,32
428,573,953,Shia002231Vols,598,5,444,217,58
428,934,1114,Shamela0036543,2344,1257,1453,133,86
428,462,824,Shamela0036543,2344,421,754,240,82
428,462,953,JK000059,12,508,1005,299,75
428,462,953,Shamela0021723,535,721,1210,280,67
428,820,1331,Shamela0012579,2704,343,1116,198,28
428,390,953,Shamela0021809,969,723,1358,328,60
428,462,824,Sham19Y0123663,255,866,1139,197,70
428,824,1331,Shamela0001733,4782,982,1388,277,69
428,394,830,Shia001919,32,19,466,327,91
428,462,824,ShamAY0034134,46,840,1217,277,94
428,347,824,ShamAY0034134,47,199,701,359,91
428,934,1127,ShamAY0034134,48,1,196,137,87
428,462,953,Shamela0021715,11335,792,1332,314,74
428,889,1159,JK007074,318,942,1191,179,84
428,573,991,Shamela0001438,192,894,1221,198,59
428,573,991,Shamela0001438,864,517,961,240,62
428,889,1331,Shamela0001438,7639,925,1249,205,61
428,462,991,JK001012,331,961,1468,270,59
428,991,1127,JK001012,332,1,135,96,92
428,462,603,Sham19Y0023625,231,75,223,106,93
428,889,1124,Sham19Y0023625,231,1210,1442,157,82
428,509,722,Sham19Y0023625,233,54,208,108,65
428,722,824,Sham19Y0023625,234,1,103,79,100
428,341,953,Shamela0009107,436,369,1037,374,68
428,462,953,Shamela0008176,3097,429,903,293,75
428,615,824,Shamela0008176,3099,498,726,126,62
428,462,596,Shamela0000140,1882,318,455,101,95
428,462,953,Shamela0000140,1883,108,844,267,42
428,653,953,Shamela0000140,1884,19,770,172,29
428,341,824,Shamela0000782,1219,455,934,323,77
428,341,953,Shamela0008970,97,632,1370,381,62
428,573,991,JK009390,81,330,684,221,64
428,573,712,JK009390,953,1301,1448,109,94
428,889,1127,JK009390,5889,596,782,138,73
428,573,824,Sham19Y0127677,111,1202,1432,176,88
428,573,991,Sham19Y0127677,941,432,815,241,72
428,889,1331,Sham19Y0127677,5559,93,430,192,51
428,830,1070,Sham19Y0127677,8695,1200,1441,174,92
428,943,1127,Sham19Y0127677,20431,1,186,138,96
428,341,733,Sham19Y0131521,2169,1129,1510,261,79
428,733,953,Sham19Y0131521,2170,1,206,98,59
428,509,707,Sham19Y0131521,2171,864,1263,105,31
428,462,824,Shamela0010443,625,1193,1519,237,82
428,462,953,Shamela0001875,377,1026,1459,284,70
428,368,953,Shamela0004289,1156,1,676,343,61
428,462,953,Shamela0012014,307,1,470,304,77
428,499,1114,JK001429,20,1,521,345,71
428,488,824,JK006897,100,1069,1416,260,96
428,492,824,Shamela0036446,1343,412,745,206,69
428,449,982,Sham19Y0013223,622,873,1490,333,66
429,1044,1334,Shamela0003118,2970,550,1058,146,37
429,1136,1334,Shia002265Vols,245,611,981,70,20
429,1041,1319,Shia002265Vols,458,147,663,168,41
429,922,1330,Shamela0011077,75,433,1066,170,28
429,922,1330,Shamela0012981,1119,773,1282,179,39
429,18,400,Shia002034Vols,1355,1,393,178,50
429,347,646,Shia001913Vols,418,438,767,204,75
429,376,659,Shia001913Vols,475,1,396,197,63
429,1041,1338,Sham19Y0001729,363,299,706,126,32
429,1089,1338,ShamAY0031687,288,1,363,90,25
429,371,646,JK007065,1477,839,1008,114,52
429,1041,1330,ShamAY0033053,506,24,447,158,46
429,1044,1338,JK001236,27,770,1186,127,31
429,156,646,Sham19Y0009382,5,382,809,290,72
429,1044,1338,Sham19Y0017878,449,681,997,59,14
429,1033,1338,Shamela0003722,6122,1,448,109,24
429,425,903,Shamela0009270,296,1,570,210,45
429,128,646,Shia001831Vols,538,74,443,187,44
429,265,652,Sham19Y0018144,2877,1113,1448,225,71
429,1044,1348,Shia002231Vols,598,394,807,124,31
429,1033,1338,Shamela0012987,26,88,353,159,60
429,515,1099,Sham19Y0148271,1031,149,720,212,38
429,1080,1313,Shamela0036543,2341,1149,1343,125,66
429,1080,1330,Shamela0036543,2345,173,420,91,32
429,156,908,JK009408,2306,563,1286,326,46
429,646,795,Shamela0001733,1661,874,1006,90,75
429,37,583,Shamela0001733,4775,998,1434,321,74
429,583,1119,Shamela0001733,4776,1,426,200,41
429,1033,1338,ShamAY0033943,267,940,1176,150,61
429,218,838,ShamAY0034134,29,11,849,324,45
429,1033,1338,ShamAY0034134,49,367,846,117,25
429,937,1330,Shamela0012862,767,245,737,178,42
429,173,555,Shamela0009810,1374,1168,1481,202,64
429,1190,1319,Shamela0001438,879,97,247,98,82
429,1041,1319,Shamela0001438,7321,171,650,103,23
429,1058,1330,JK001012,332,113,395,123,45
429,228,652,JK000481,724,953,1367,279,77
429,288,908,JK000481,725,1,550,255,46
429,228,908,Shia001731Vols,800,577,1134,287,45
429,1033,1338,Sham19Y0023625,231,588,1003,176,51
429,249,659,JK000786,2941,908,1303,251,72
429,265,666,Shamela0021481,290,661,1004,195,57
429,922,1330,Shamela0008970,48,769,1289,199,44
429,1041,1338,JK009390,967,487,906,88,21
429,1160,1319,JK009390,975,6,355,59,17
429,1048,1319,JK009390,5461,1,529,158,38
429,1136,1348,Sham19Y0127677,942,61,357,77,25
429,1136,1319,Sham19Y0127677,953,423,798,66,18
429,1084,1319,Sham19Y0127677,5279,1,448,90,21
429,228,646,Sham19Y0127677,9172,1007,1398,267,78
429,395,822,Sham19Y0131521,2176,58,405,129,30
429,1044,1338,Shamela0010443,626,241,661,92,21
429,1160,1387,JK000735,42,15,335,138,50
429,265,652,ShamAY0032665,2877,1032,1367,225,71
429,1041,1353,JK001429,20,554,989,140,34
429,1080,1338,JK000653,268,1,325,83,23
429,889,1283,JK000653,269,785,1407,101,18
429,1033,1338,Sham19Y0149213,2693,1056,1473,129,32
430,1236,1415,ShamAY0034055,8485,625,785,122,86
430,100,459,Shamela0003118,2970,540,895,209,66
430,229,509,Shia002265Vols,245,611,1014,162,48
430,229,509,Shia002265Vols,425,377,679,190,73
430,303,449,Shia002265Vols,441,980,1122,84,63
430,107,459,Shia002265Vols,458,147,484,192,61
430,110,489,Shia001782Vols,3511,1114,1447,201,62
430,100,417,Shia001782Vols,3512,702,1050,163,56
430,1247,1415,Shia001782Vols,3515,1,163,126,95
430,201,475,Shamela0009567,953,714,1008,45,12
430,1127,1415,Shamela0009567,953,1035,1322,198,81
430,107,733,Shamela0011077,75,757,1269,157,26
430,1064,1415,JK011548,55,428,745,214,72
430,1236,1415,Shia002702Vols,8724,750,910,122,86
430,107,417,Shamela0012981,1119,857,1329,148,34
430,229,509,Shamela0001975,389,805,1091,187,75
430,82,733,ShamAY0033945,604,591,1138,196,33
430,229,509,Shamela0021659,496,81,365,185,75
430,107,417,ShamAY0033053,506,24,500,142,32
430,1241,1415,Shamela0023644,1477,1241,1411,133,96
430,535,1036,Shamela0026390,33,690,1188,384,95
430,1193,1415,Sham19Y0014592,137,985,1261,166,75
430,1236,1415,Sham19Y0014592,297,837,997,122,86
430,107,459,Sham19Y0014309,2875,268,911,132,21
430,1236,1415,ShamAY0036031,154,1270,1430,122,86
430,535,990,ShamAY0034644,224,249,682,255,65
430,303,475,Sham19Y0017878,449,1137,1372,35,12
430,107,602,ShamAY0032781,73,893,1387,209,41
430,1098,1415,Sham19Y0148271,498,350,680,210,75
430,145,377,Shamela0021477,401,1,313,168,69
430,229,509,ShamAY0034819,2,400,644,175,78
430,1180,1415,Shamela0021723,914,768,1032,174,82
430,1236,1415,Shamela0021723,915,12,178,127,89
430,1127,1415,Shamela0021809,591,413,719,199,77
430,201,475,Shamela0021809,2808,468,761,111,36
430,303,733,Shamela0001733,1859,1,373,200,54
430,73,733,Shamela0001733,1901,671,1386,211,29
430,107,728,Shamela0012862,767,317,1089,207,27
430,1064,1415,Shamela0012872,260,597,933,219,70
430,671,1036,Shamela0028168,248,876,1166,209,70
430,107,406,Shamela0026884,226,735,1101,189,61
430,229,342,Shamela0001438,878,1396,1525,78,75
430,342,509,Shamela0001438,879,1,274,104,45
430,303,475,Shamela0001438,2093,774,1007,27,10
430,303,449,Shamela0001438,3391,9,150,83,63
430,107,449,Shamela0001438,7321,171,505,195,65
430,124,417,JK001012,332,113,549,62,13
430,110,496,JK001012,333,882,1448,225,47
430,303,482,JK001012,334,649,889,33,11
430,1165,1415,Sham19Y0023625,1658,939,1182,191,97
430,1180,1412,JK009379,137,314,572,169,80
430,303,733,Shamela0025794,4177,21,472,77,14
430,1127,1415,Shamela0025794,4439,108,402,199,80
430,1236,1415,Shamela0006590,591,1062,1242,119,76
430,1229,1415,Shia001887Vols,624,69,269,133,82
430,1236,1415,Shia001887Vols,990,938,1103,117,79
430,82,399,Shamela0008970,48,843,1432,127,23
430,107,509,JK009390,957,179,644,224,59
430,248,509,JK009390,975,1,382,150,46
430,303,449,JK009390,1972,526,668,84,63
430,120,733,JK009390,3144,422,987,198,31
430,114,459,JK009390,5461,1,349,199,63
430,1064,1415,JK000581,60,1024,1373,223,69
430,229,509,Sham19Y0127677,953,423,825,164,48
430,303,449,Sham19Y0127677,1904,1019,1165,86,63
430,155,449,Sham19Y0127677,5279,1,303,176,66
430,201,744,Sham19Y0127677,10382,737,1191,174,31
430,107,459,Sham19Y0131521,2172,213,832,130,21
430,1036,1415,JK000050,20,847,1194,223,67
430,1236,1415,Shia003732Vols,4279,835,992,117,83
430,1202,1415,Shamela0000558,412,361,586,158,88
430,59,459,JK000653,269,901,1296,235,67
430,110,438,Shamela0036446,1347,594,868,122,43
430,1183,1415,Shamela0036446,1347,903,1150,172,85
430,107,459,Sham19Y0013223,623,245,886,142,23
430,1236,1415,Sham19Y0013223,624,1017,1177,122,86
431,198,590,Shamela0013178,232,1132,1448,218,68
431,1120,1431,Shamela0003118,2908,568,1101,169,38
431,295,648,Shamela0003118,4015,20,340,257,89
431,512,648,Shia002265Vols,3263,987,1123,112,100
431,298,648,Shia002265Vols,3985,1,318,254,89
431,298,837,Shia001782Vols,82,515,983,294,57
431,1,198,Shia001782Vols,3515,163,265,80,51
431,295,648,Shamela0037458,2336,44,346,240,84
431,1,204,Shamela0009567,953,1322,1430,85,52
431,1120,1431,JK000916,8775,389,948,169,35
431,244,648,ShamAY0034447,2240,1,370,247,72
431,226,590,Shamela0036357,2078,925,1239,225,76
431,198,648,JK000717,2,671,1124,323,83
431,47,361,Shamela0012220,307,607,851,131,50
431,295,648,Shamela0023623,2318,352,651,236,83
431,198,648,Shia002034Vols,900,587,1005,321,87
431,648,927,Shia002034Vols,1607,1197,1443,195,88
431,269,542,JK000533,1567,435,676,187,85
431,244,467,Shamela0023700,1529,1255,1442,136,75
431,295,641,ShamAY0034054,2233,1053,1345,230,82
431,1125,1421,Shia001369,37,607,1041,149,36
431,198,582,Shamela0003722,4115,1086,1511,268,73
431,208,648,Shamela0008473,2798,733,1158,305,81
431,198,648,Shamela0008473,2853,602,1019,331,90
431,648,942,Shamela0008473,2896,155,416,199,84
431,648,942,Shamela0008473,4991,88,350,201,85
431,1,234,Sham19Y0148271,498,680,860,99,46
431,204,480,JK009408,1393,1167,1482,192,70
431,47,361,Shamela0021809,591,482,993,133,31
431,234,837,Shamela0021809,1759,1,553,345,67
431,648,1021,Shamela0001733,2563,520,873,220,65
431,654,942,ShamAY0033559,22,524,778,188,83
431,143,832,Shamela0023100,561,98,795,336,48
431,133,648,Shamela0001438,6716,179,592,269,56
431,191,659,ShamAY0038067,573,1011,1482,322,81
431,295,832,Shamela0006590,258,301,787,282,54
431,678,942,Shamela0004445,55,8,238,176,82
431,461,654,JK000022,407,1,158,125,79
431,654,942,JK000022,1112,736,1001,204,88
431,508,803,JK009390,1363,484,717,141,57
431,295,666,JK009390,6663,1066,1397,259,86
431,30,187,JK000581,60,1124,1463,92,32
431,298,662,Sham19Y0127677,5091,333,662,247,84
431,198,648,Sham19Y0127677,7784,850,1298,293,69
431,226,832,Shamela0012884,3021,556,1030,300,62
431,295,648,Shamela0012884,3096,547,882,257,87
432,336,621,Shamela0012981,314,330,887,130,29
432,297,701,ShamAY0033945,591,170,693,212,51
432,734,886,Shamela0007289,4968,743,893,105,86
432,273,511,ShamAY0033053,506,1248,1419,100,53
432,279,526,Shia002158,225,566,779,131,67
432,279,701,Shamela0009270,37,694,1209,223,47
432,336,526,Shamela0004473,15640,1172,1365,142,91
432,273,701,Shamela0021809,1330,877,1260,154,40
432,526,1237,Shamela0001733,2272,1,549,125,16
432,290,669,ShamAY0033559,12,55,460,157,38
432,11,255,JK009379,3,255,482,166,83
432,106,255,Shia003732Vols,5294,1,148,107,89
432,1,355,Shamela0013043,91,540,869,202,67
433,1237,1360,JK011486,1,1171,1300,84,78
433,285,767,Shamela0007289,4968,883,1278,255,62
433,308,767,Shamela0012884,266,431,935,238,57
434,1003,1414,ShamAY0034055,3982,1164,1464,219,65
434,1168,1427,ShamAY0034128,480,999,1282,162,64
434,1065,1414,Shamela0021502,132,19,238,140,50
434,1032,1414,Tafsir09050,1615,640,971,191,60
434,1087,1431,JK000021,1341,473,875,209,64
434,844,1310,Shia002034Vols,726,809,1304,193,38
434,949,1373,Shia002034Vols,1673,921,1393,184,39
434,868,1333,Shamela0021602,20,585,1026,206,48
434,1139,1442,ShamAY0033945,588,633,979,200,72
434,1065,1414,JK000079,60,1106,1325,146,51
434,928,1333,ShamAY0032929,7,684,971,180,57
434,998,1414,Shamela0008203,219,230,680,219,58
434,933,1414,Shamela0013132,96,497,1082,260,50
434,68,805,Shamela0004473,15641,243,683,255,43
434,844,1310,Sham19Y0016946,85,664,1161,212,46
434,880,1310,Shamela0001733,2731,275,646,206,56
434,1046,1427,Shia001731Vols,799,439,876,202,55
434,1139,1414,Shamela0012750,177,469,783,164,63
434,868,1133,Shamela0013068,75,187,431,178,82
434,1036,1446,Shamela0008970,111,367,928,238,54
434,953,1420,Shia002008,22,229,502,138,36
434,1003,1414,Shamela0012884,2473,167,577,211,50
434,953,1420,Shamela0013140,7,286,559,138,36
435,667,1028,Shamela0003118,3306,976,1333,170,50
435,1179,1469,ShamAY0034002,44,46,295,146,61
435,1179,1479,JK000916,4964,425,710,180,78
435,649,880,JK000916,10644,1301,1515,163,86
435,380,1045,Sham19Y0014601,2528,620,1353,298,39
435,753,1041,Shamela0010639,30,1,256,144,60
435,380,582,Shamela0001686,2930,362,597,140,65
435,225,615,Shia002034Vols,1239,1055,1375,217,60
435,909,1339,Shia002034Vols,2149,128,438,137,38
435,195,1041,Sham19Y0001729,366,881,1516,291,36
435,658,976,Shamela0008540,1794,779,1094,169,62
435,658,1079,Shamela0117359,391,388,796,253,73
435,722,1041,Sham19Y0020944,319,836,1273,152,38
435,1208,1451,Shamela0007891,737,1108,1318,157,84
435,676,835,Sham19Y0020591,541,1,157,119,92
435,829,1079,Sham19Y0020591,541,1002,1240,120,60
435,621,801,ShamAY0034123,250,1361,1563,121,73
435,326,1013,Shia002231Vols,598,1079,1457,231,42
435,615,1028,JK009408,2461,282,802,201,38
435,852,1469,Shamela0001733,2407,552,1167,297,54
435,658,1363,Shamela0001733,4912,453,1025,172,25
435,225,710,Shamela0001733,5059,885,1467,370,76
435,736,1041,ShamAY0034134,49,1165,1404,148,58
435,961,1451,Shamela0009810,1378,492,919,200,46
435,961,1487,Shia001731Vols,802,829,1254,214,50
435,667,852,Shamela0009107,222,643,834,142,86
435,953,1457,Shamela0025794,476,929,1315,215,55
435,380,629,JK000786,704,1029,1300,165,66
435,401,629,JK000786,3743,1,187,122,62
435,225,777,JK000022,466,506,1132,276,45
435,370,582,Sham19Y0127677,15137,1275,1537,160,72
435,928,1451,Shamela0005702,173,748,1400,263,45
435,658,1079,Sham19Y0131521,2170,98,506,253,73
435,667,852,Shamela0000736,1820,626,811,143,90
435,642,852,Shamela0000736,4026,1226,1457,170,90
436,553,1254,Sham19Y0017063,519,545,1019,188,26
436,1138,1254,Shamela0000894,4566,1015,1345,38,12
436,1138,1254,Shamela0000894,7608,752,1082,38,12
436,999,1254,Shamela0000894,7844,211,645,106,24
436,1002,1254,Shia002616Vols,1471,528,804,148,63
436,376,803,JK001336,861,709,1040,229,67
436,868,1199,Shia001976Vols,1248,1052,1445,209,63
436,653,803,JK000362,318,7,159,108,88
436,897,1271,ShamAY0033938,1507,65,591,169,32
436,897,1254,Sham19Y0001729,289,404,768,232,74
436,868,1355,Shamela0009200,515,140,754,210,43
436,553,845,Shamela0001975,321,748,1100,161,53
436,226,1358,ShamAY0033945,2358,120,907,456,46
436,443,803,ShamAY0035035,7921,1108,1459,166,45
436,973,1271,JK007065,942,542,1033,113,23
436,999,1271,Sham19Y0020638,1268,978,1406,144,36
436,897,1355,Shamela0008381,1065,215,833,187,29
436,160,729,ShamAY0034005,16,691,1358,368,67
436,319,964,Shamela0007891,735,1,684,144,16
436,897,1230,Sham19Y0122406,3995,1107,1491,235,75
436,1002,1271,Shamela0025800,2110,942,1387,99,22
436,973,1278,ShamAY0034644,296,1,338,204,73
436,1002,1271,Sham19Y0132415,1147,330,770,104,23
436,842,1358,Shamela0003722,4097,629,1318,181,26
436,923,1254,Shamela0010441,24,827,1222,251,80
436,267,1070,Shamela0000041,500,682,1355,376,54
436,897,1254,Shia001831Vols,551,821,1452,169,28
436,980,1254,Sham19Y0017729,470,346,796,151,37
436,1021,1230,Shamela0023628,609,1259,1437,112,62
436,868,1319,Shamela0013132,92,689,1234,301,69
436,999,1271,Sham19Y0013572,996,879,1286,126,32
436,1138,1254,Sham19Y0017745,190,1227,1381,87,71
436,868,1264,Shia002174,37,87,711,179,30
436,575,803,Shamela0001438,1477,1,213,133,67
436,1063,1254,Sham19Y0023625,2779,1,206,93,52
436,315,1053,Shamela0025794,1682,1,739,165,17
436,927,1116,Shamela0025794,1850,1184,1410,114,63
436,837,1319,Shamela0012750,73,158,774,265,51
436,897,1230,ShamAY0033741,2,1112,1519,239,75
436,553,803,Sham19Y0127677,693,720,947,157,78
436,999,1271,Sham19Y0127677,6313,449,887,156,40
436,923,1254,ShamAY0033704,4,437,919,235,59
436,999,1254,JK007054,79,895,1329,102,23
436,371,803,Shamela0005702,92,849,1300,149,28
436,832,1077,Shamela0005702,93,7,276,141,66
436,371,803,Shamela0007435,915,832,1161,222,63
436,553,803,Shamela0010443,548,1093,1323,115,58
436,376,680,Shamela0008476,2528,1316,1518,137,56
436,901,1350,JK000735,95,699,1373,260,47
436,980,1254,Sham19Y0017903,944,386,830,147,37
436,626,803,Shamela0098087,354,1,183,115,78
436,267,816,Sham19Y0146127,3641,424,934,108,15
436,897,1271,Shamela0004289,136,211,726,211,44
436,897,1254,Shamela0004289,980,383,895,126,23
436,813,1196,Shamela0012531,39,1124,1483,194,55
436,237,956,JK000914,907,213,792,268,42
436,1138,1254,Shamela0036446,1372,1010,1330,38,12
436,553,803,Shamela0000200,6,960,1190,115,58
436,999,1230,Sham19Y0132524,2902,824,1390,166,36
436,1081,1254,Sham19Y0132524,2903,296,483,132,90
437,598,1300,Shamela0010463,346,123,679,308,53
437,149,421,Shamela0009076,536,1205,1435,150,70
437,332,472,Shia002265Vols,266,754,879,97,87
437,617,1247,Shia002265Vols,1184,708,1296,239,35
437,626,1387,Shia001782Vols,3642,416,1341,377,45
437,257,709,Shia001782Vols,3650,872,1350,202,38
437,208,472,Shamela0022653,120,1031,1261,174,82
437,749,1064,Shia002034Vols,2178,1011,1307,227,91
437,196,450,Shia002034Vols,2206,1198,1415,169,84
437,1088,1405,Shamela0009200,517,1055,1221,115,46
437,728,1064,ShamAY0033945,75,11,254,182,69
437,720,1114,ShamAY0033945,2374,1045,1420,230,67
437,1088,1405,ShamAY0033053,533,1030,1312,199,78
437,826,1064,Shamela0009780,1258,944,1088,108,58
437,289,709,Shamela0021765,2586,706,1134,179,41
437,208,472,JK000903,10,97,327,174,82
437,149,667,Shamela0026474,28,915,1381,271,60
437,257,663,Shamela0023631,930,595,863,179,54
437,354,667,Shamela0021766,878,13,197,119,48
437,179,472,Shamela0006870,153,1168,1463,192,73
437,257,472,Tafsir07057,2200,511,692,126,72
437,260,472,Shamela0036543,2172,490,688,142,81
437,188,509,Shamela0021570,395,903,1165,155,61
437,561,1107,Shamela0001733,3308,9,400,225,52
437,709,1290,Shamela0030774,40,167,725,292,52
437,1076,1387,Shamela0012862,809,708,985,191,76
437,872,1064,Shamela0001438,7137,24,205,143,94
437,336,472,JK001012,351,1352,1489,97,86
437,867,1262,JK001012,355,216,570,199,62
437,208,667,Shamela0025794,2002,559,916,200,54
437,196,663,Shamela0025794,2024,454,900,225,58
437,260,472,Shia001887Vols,3873,66,225,113,66
437,240,663,JK000022,3108,1,400,200,45
437,257,487,JK009390,1566,410,596,120,64
437,276,487,JK009390,3040,191,370,110,58
437,891,1064,JK009390,7064,1,172,131,93
437,332,472,Sham19Y0127677,1606,654,779,98,87
437,630,1064,Sham19Y0127677,5112,971,1455,197,43
437,149,472,Shamela0005702,93,798,1125,220,80
437,1171,1405,Sham19Y0037618,4697,297,481,132,70
437,598,1251,Shamela0010443,230,1035,1517,292,56
437,797,1234,Shia003732Vols,4038,282,618,211,61
437,260,455,Shamela0098087,253,1356,1556,143,89
437,617,1118,Shamela0012884,1118,638,1188,110,16
437,626,1290,JK000653,42,452,1119,333,56
438,178,361,Shamela0028114,16,650,818,128,89
438,522,1195,Sham19Y0148271,688,841,1519,253,44
438,1088,1438,JK006801,863,8,193,112,38
438,199,825,Shamela0026884,65,703,1282,248,38
438,805,1038,Shamela0025794,1965,1131,1416,151,66
438,171,634,ShamAY0033741,19,1116,1413,197,52
438,1135,1438,Shia003732Vols,2981,946,1262,147,58
439,775,985,Shamela0010480,1301,568,773,105,53
439,1273,1451,JK000916,24486,53,206,109,75
439,585,761,Shamela0036357,1371,438,789,87,27
439,1258,1451,Shia002034Vols,1732,559,767,128,73
439,1301,1451,ShamAY0034123,463,7,164,115,92
439,1102,1457,Shamela0012579,2670,802,1170,151,42
439,283,513,Shamela0005702,173,672,902,166,88
439,991,1230,Sham19Y0018611,343,1229,1450,174,91
440,988,1300,Sham19Y0014119,280,77,377,223,91
440,1074,1300,Shamela0021537,3863,1114,1340,177,99
440,991,1300,Shamela0021537,5736,88,382,216,88
440,767,1300,Sham19Y0017063,555,660,914,199,47
440,417,608,Shia001782Vols,2761,493,663,131,85
440,1049,1300,Shamela0022797,612,152,400,183,91
440,1143,1300,Sham19Y0122257,1530,469,629,122,97
440,360,608,Shamela0036357,2350,495,738,170,82
440,1030,1300,JK009251,64,1157,1420,192,88
440,1053,1300,Shamela0022653,148,1,237,184,94
440,988,1300,Shamela0010639,388,1064,1376,233,95
440,1067,1300,Shia000841Vols,2205,716,933,163,89
440,1062,1300,Sham19Y0018103,3744,1,223,152,76
440,1074,1300,Shamela0023685,1412,613,839,177,99
440,923,1300,Shamela0037837,822,324,668,222,72
440,920,1315,ShamAY0033938,1489,131,541,280,83
440,190,548,Shia002034Vols,1640,1074,1432,205,65
440,1000,1315,ShamAY0034403,215,947,1140,135,54
440,923,1300,Sham19Y0001729,406,20,400,219,67
440,405,870,Sham19Y0001729,426,781,1271,169,32
440,767,1300,Sham19Y0013252,9369,304,780,248,52
440,1074,1300,Shia001432Vols,31591,504,716,142,73
440,762,1300,Sham19Y0013605,4463,710,1120,251,58
440,1074,1300,Shamela0001975,187,534,740,150,80
440,1000,1300,Shamela0007289,3111,1154,1433,207,86
440,975,1319,JK007065,160,724,1092,238,78
440,1067,1300,Shamela0021659,242,879,1092,152,79
440,1003,1300,Shamela0006610,1188,505,784,201,85
440,754,1300,Sham19Y0020638,1254,307,781,245,43
440,1000,1300,Sham19Y0017616,470,51,350,225,95
440,287,608,Shamela0008338,5,1002,1291,217,82
440,936,1292,ShamAY0034005,1135,1091,1430,227,75
440,754,1300,Shamela0012991,143,967,1454,258,56
440,988,1300,JK009242,328,378,676,225,92
440,1021,1300,JK009324,3478,733,992,181,77
440,420,786,Shamela0021765,2173,948,1332,204,63
440,1074,1300,Shamela0007606,155,1244,1470,177,99
440,1049,1300,JK000903,37,1,241,187,94
440,1003,1300,Sham19Y0127656,748,455,715,187,79
440,911,1300,Shamela0000347,1038,599,940,223,67
440,762,1300,JK000110,1677,58,467,252,58
440,991,1300,Sham19Y0017747,2464,790,1084,212,86
440,1000,1300,Shamela0008360,386,786,1088,226,94
440,1008,1306,Shamela0025800,944,22,323,221,92
440,1024,1300,JK000917,1618,360,598,155,68
440,988,1285,Sham19Y0016976,817,1255,1534,208,89
440,1088,1300,Shamela0009270,89,1,201,138,75
440,940,1315,Shia001831Vols,535,706,1102,275,86
440,412,870,Shia002231Vols,619,1,508,199,45
440,1000,1300,Shamela0005748,103,83,316,171,71
440,1067,1300,Shamela0010010,629,1276,1516,177,92
440,1049,1300,Shamela0000927,452,1029,1268,180,89
440,762,1300,Shamela0021715,9599,532,963,253,57
440,1000,1300,Shamela0001341,80,408,695,185,71
440,1101,1300,Sham19Y0023625,2705,1199,1398,155,99
440,988,1300,Shamela0008176,3335,766,1072,225,92
440,1053,1300,Shamela0010803,358,1,248,193,99
440,287,608,ShamAY0032927,2,727,1046,243,95
440,762,1300,Sham19Y0018106,3800,808,1227,252,58
440,1062,1300,Sham19Y0018176,2271,1,223,152,76
440,360,608,Shamela0096228,396,657,835,125,63
440,190,608,Shamela0013068,262,150,612,257,65
440,1003,1300,Shamela0008970,61,1,305,222,88
440,297,608,Sham19Y0127677,11108,952,1299,223,76
440,1074,1300,Shamela0026568,1241,1181,1407,177,99
440,991,1306,Sham19Y0037618,4849,259,557,196,77
440,203,608,Shamela0009368,10,10,411,227,62
440,1003,1186,Sham19Y0017903,982,1252,1426,134,92
440,1000,1306,Shia003732Vols,3696,752,1068,220,86
440,1024,1300,Shamela0000107,1636,13,312,202,85
440,940,1306,Shamela0004289,1217,47,429,273,88
440,1003,1300,Shamela0012014,314,674,975,231,97
440,1000,1300,Shamela0009690,1987,339,619,204,85
440,1074,1300,ShamAY0034274,458,63,289,177,99
440,923,1300,JK000653,116,43,400,220,72
440,1012,1300,Shamela0036446,1335,1085,1440,191,66
440,1003,1221,Sham19Y0132524,2875,215,432,163,94
440,1,247,Shamela0023764BK3,933,160,379,154,75
441,904,1432,Shia002265Vols,1159,13,160,112,26
441,400,1172,JK000018,5,764,1452,236,30
441,4,168,Shamela0009567,974,1278,1430,111,84
441,4,356,Shamela0009567,978,183,542,190,62
441,4,437,Shia001913Vols,106,927,1344,153,33
441,1,356,Shamela0012991,141,348,674,188,64
441,1,356,Shamela0021765,2222,269,637,204,64
441,637,942,ShamAY0032764,22,1133,1387,161,66
441,1,437,Shamela0025794,1462,723,1111,172,37
441,1,232,Shamela0025794,1892,1191,1421,158,79
441,4,356,Shamela0025794,1917,519,864,170,55
441,637,1199,JK000022,2570,433,1030,230,39
441,1,359,Shamela0026741,7,261,644,221,66
442,1314,1457,Shamela0010463,346,507,646,103,93
442,1030,1166,Shia002265Vols,1172,1357,1510,99,81
442,897,1457,Shamela0009567,990,701,1277,255,46
442,696,1399,Shia001976Vols,839,353,891,244,39
442,1030,1188,JK001297,459,1392,1545,95,69
442,1277,1450,JK007097,602,219,379,122,90
442,965,1188,Shamela0021765,2587,684,923,153,78
442,943,1399,Shamela0008473,4138,7,504,222,50
442,1207,1450,Shamela0026918,5,459,692,165,82
442,965,1416,Tafsir09084,2109,751,1294,208,38
442,995,1199,Shamela0036543,2170,1161,1383,132,71
442,1194,1450,JK009408,502,448,693,188,92
442,969,1394,Shamela0021570,396,1,356,195,50
442,594,1025,Shamela0001733,2825,1,613,227,43
442,1030,1188,Shamela0001438,4050,458,626,111,79
442,981,1399,JK001012,349,756,1117,176,50
442,704,1402,Shamela0025794,2402,829,1459,275,44
442,965,1188,JK009390,2469,158,353,125,66
442,1030,1188,Sham19Y0127677,2332,1241,1404,104,75
442,305,778,Sham19Y0127677,8794,133,890,255,37
442,538,778,Sham19Y0127677,9529,160,387,171,87
442,1188,1450,Shamela0005702,94,650,925,175,77
442,1194,1450,Shamela0007435,692,786,1048,175,78
442,965,1399,Shamela0012884,4397,837,1157,182,51
443,9,158,Shamela0010463,346,583,761,100,66
443,679,898,Shamela0013041,867,145,356,152,86
443,1,158,Shia002265Vols,1183,1195,1330,102,84
443,1,342,Shia002265Vols,1184,45,305,134,50
443,1,342,Shia001782Vols,3642,953,1257,133,37
443,22,203,Shia002100,18,916,1085,96,55
443,679,1111,Shia002034Vols,899,340,758,151,30
443,1,342,Shia002034Vols,1196,1019,1423,145,38
443,1,342,Shia002034Vols,1299,330,732,160,46
443,407,833,Sham19Y0001729,289,23,543,184,39
443,1,158,Shia001383,97,147,286,95,72
443,1,158,JK007097,602,379,519,106,87
443,634,1164,JK000475,2159,829,1288,211,47
443,1,158,Shamela0023700,369,201,340,102,84
443,442,1111,ShamAY0033973,130,826,1454,197,26
443,1,171,Shamela0023578,295,14,165,96,68
443,679,898,Shamela0003722,6937,311,522,136,76
443,1,158,JK000778,156,725,853,91,75
443,685,898,Shia003488Vols,64,569,749,135,82
443,1,148,Shamela0026918,5,692,821,95,84
443,1,278,Shamela0021477,317,208,457,133,64
443,1,342,JK009408,502,693,1095,140,38
443,937,1164,ShamAY0034041,157,325,528,138,75
443,14,352,ShamAY0032826,716,104,422,137,40
443,703,898,Shamela0021556,173,1147,1350,144,87
443,14,158,Sham19Y0127677,5605,121,254,98,84
443,1,342,Sham19Y0127677,5618,1051,1303,137,53
443,373,608,Sham19Y0127677,15000,185,449,143,63
443,1,158,Sham19Y0127677,20516,668,807,104,85
443,14,158,Shamela0010443,231,12,147,92,75
443,634,1111,JK000653,117,15,461,201,46
444,674,1258,Shamela0010639,307,772,1132,145,25
444,108,277,Shamela0023177,334,591,745,108,77
444,29,401,JK000021,1928,548,1026,170,35
444,638,825,Shamela0013084,279,1101,1276,135,91
444,965,1440,Shamela0026577,18,1,462,191,41
444,649,990,ShamAY0032873,5,1,298,176,66
444,649,1202,Shamela0011385,669,458,775,136,29
444,369,508,Shamela0011385,670,55,182,101,91
444,108,277,Sham19Y0017878,69,1039,1195,104,74
444,131,277,Shamela0012738,166,480,624,100,83
444,61,304,Sham19Y0148271,496,477,690,145,73
444,48,300,Sham19Y0036114,563,212,560,155,53
444,61,304,Shamela0021809,581,122,333,143,72
444,514,746,Shamela0001733,193,631,882,128,55
444,508,746,Shamela0001733,2697,29,302,110,50
444,10,277,Shamela0009810,1378,1,224,133,64
444,105,284,Shia002294Vols,560,530,694,110,75
444,10,284,Shia001731Vols,802,454,679,131,62
444,704,1025,Shamela0025794,3388,1173,1443,96,35
444,61,304,Shamela0025794,4435,557,766,145,74
444,634,1193,JK000022,289,1100,1502,186,36
444,105,1211,Sham19Y0127677,8378,582,1185,312,32
444,514,746,Sham19Y0127677,11409,951,1201,128,55
444,131,277,Sham19Y0037618,3837,594,738,100,83
444,108,428,Sham19Y0037618,4679,1027,1305,128,45
444,35,421,Shamela0026324,1093,433,1038,145,28
444,108,300,Shamela0010443,318,160,408,119,56
444,908,1411,JK000735,101,1,777,181,23
445,892,1346,Shia002009,102,162,582,249,63
445,572,871,Zaydiyya0000229,207,1070,1380,173,64
445,857,1153,Sham19Y0038171,767,1247,1510,186,79
445,857,1346,ShamAY0035035,3201,528,1133,239,41
445,213,1077,Shamela0026577,18,34,626,292,39
445,665,1059,Shamela0013027,149,752,1023,190,60
445,857,1346,ShamAY0032815,7,263,715,227,49
445,572,871,Zaydiyya0000352,241,487,796,174,64
445,375,1064,Shamela0013068,79,194,885,280,40
446,120,613,Shamela0026577,18,7,621,118,17
446,110,1069,JK000055,265,99,991,203,18
446,940,1159,Shamela0007891,734,1012,1247,124,63
446,792,1140,Shamela0000041,1801,163,635,162,40
446,802,1126,Sham19Y0148271,1134,1226,1505,131,46
446,906,1403,Shamela0001733,196,103,537,228,55
446,899,1154,Shamela0009810,1377,360,596,134,64
446,899,1146,Shia001731Vols,801,1154,1374,139,70
446,940,1372,Shamela0010803,350,500,996,162,32
446,965,1146,Shamela0025794,937,78,248,118,81
446,1115,1390,ShamAY0032898,4,1002,1275,193,86
446,929,1140,Shamela0012750,106,1006,1228,119,62
446,756,1396,JK000786,2949,140,626,249,44
446,965,1317,Shamela0026359,7,896,1133,138,51
447,140,978,Shamela0013178,18,281,1102,218,23
447,406,746,Sham19Y0038171,1965,693,1021,98,23
447,406,746,ShamAY0035035,7363,1235,1559,98,23
447,94,670,JK007065,1275,156,804,180,28
447,385,1129,ShamAY0033973,87,351,951,284,48
447,803,1332,Sham19Y0013667,5557,938,1391,120,25
447,76,1409,Shamela0001733,196,381,1363,655,58
447,406,896,Shamela0001733,504,235,896,178,30
447,51,490,Shamela0025794,3388,1117,1443,160,45
447,822,1409,Shia003616Vols,568,61,762,263,40
447,106,707,Sham19Y0127677,14718,713,1261,182,27
447,1013,1404,Sham19Y0127677,14720,1,434,202,47
447,602,1154,JK000735,99,736,1424,231,38
448,735,1188,Shia001782Vols,3652,205,966,156,23
448,177,776,Shamela0029859,21,861,1387,211,41
448,18,621,Shamela0001733,197,253,780,376,76
448,1194,1430,Sham19Y0131336,1607,218,681,127,33
448,311,955,JK000786,2949,1,358,179,34
448,1,818,Shamela0012884,4633,180,835,284,39
449,580,1201,Shamela0010480,7,280,843,247,43
449,816,1162,Shia002616Vols,1947,128,431,182,60
449,742,985,Shia001976Vols,24,1109,1372,147,68
449,742,978,Shia001976Vols,25,192,449,156,71
449,707,1213,Shamela0007798,2249,368,871,240,52
449,853,1201,Shamela0010488,70,1,403,210,59
449,720,1162,ShamAY0032912,15,244,700,248,65
449,827,1201,Shamela0028114,18,841,1207,216,69
449,816,1126,Shamela0023594,410,139,443,164,57
449,742,1207,Shamela0008473,1357,955,1414,267,67
449,720,1162,Shamela0008658,872,29,464,245,65
449,732,1213,Sham19Y0148271,1082,204,697,269,65
449,738,1162,Shamela0013132,92,163,643,246,59
449,823,1201,Shamela0004473,13453,1199,1586,188,52
449,712,1049,Shia002174,24,887,1336,181,48
449,742,946,Shamela0030665,17,1149,1416,138,66
449,742,1213,Shamela0025794,16,517,1011,284,69
449,59,434,JK000022,903,570,943,196,57
449,548,995,Shamela0011026,1,1070,1540,189,44
449,742,1162,Sham19Y0127677,15896,707,1159,242,60
449,569,1201,ShamAY0038144,41,446,1075,310,51
449,6,360,Sham19Y0037618,4681,389,896,232,50
449,742,1207,ShamAY0033555,11,1068,1482,243,59
449,885,1223,Shamela0011816,740,1,325,159,52
449,674,1213,JK000693,6,21,605,246,46
449,823,982,Shamela0005997,27,69,294,96,49
450,195,592,Shamela0013041,70,942,1280,219,68
450,229,1071,Shamela0010480,7,438,1417,367,38
450,184,592,Shamela0010480,8,316,695,246,73
450,769,1220,Shamela0006060,804,239,863,227,41
450,731,1074,Shamela0008534,35,33,382,233,77
450,303,1071,Shamela0008657,178,766,1425,283,36
450,748,1071,JK001336,861,425,691,161,59
450,195,719,Shia001976Vols,24,692,1140,274,62
450,547,1312,Shia001976Vols,25,1,764,256,34
450,748,1301,Sham19Y0014601,2548,185,783,256,41
450,434,592,Sham19Y0019188,596,1158,1298,97,79
450,60,592,Shamela0030769,1,61,567,264,50
450,626,1445,Shamela0012981,4,142,1203,363,37
450,632,1445,Shamela0012981,41,401,1155,359,48
450,19,592,JK000021,2009,594,1190,303,56
450,195,442,Shamela0022547,2753,822,1442,173,34
450,184,592,Shamela0022547,2754,177,583,259,75
450,756,996,Sham19Y0013252,9284,1144,1410,173,82
450,271,592,Sham19Y0038171,769,462,888,218,62
450,280,1074,JK000001,615,179,679,223,28
450,140,743,JK000475,2154,686,1255,327,64
450,513,1301,JK000475,2155,167,806,275,38
450,626,1071,Shamela0022549,172,805,1260,229,57
450,60,592,Shamela0008493,1,344,960,311,58
450,654,1301,Shamela0008493,2,385,1012,254,44
450,764,1071,Shamela0028114,18,841,1086,164,64
450,161,818,Shamela0026548,30,609,1156,322,59
450,799,1074,JK001236,41,7,265,158,69
450,699,1074,Shamela0117359,395,695,1087,227,69
450,773,1074,Sham19Y0020944,324,107,412,203,77
450,702,1074,Shamela0007891,581,1009,1397,216,65
450,184,592,Sham19Y0020591,548,419,848,278,77
450,699,1074,Sham19Y0020591,548,425,851,249,73
450,1131,1445,Shamela0011385,1525,1054,1245,91,34
450,248,592,Sham19Y0014309,1120,557,936,221,71
450,773,1074,Shia002218Vols,319,114,419,203,77
450,184,592,JK000482,145,1061,1452,249,74
450,773,1301,Shamela0001453,190,10,485,229,45
450,447,592,Shamela0021619BK2,403,637,764,87,78
450,699,1071,Shamela0008473,1357,960,1287,178,53
450,702,1074,Shamela0000041,500,88,470,212,62
450,654,1282,Shia003488Vols,149,548,1059,237,43
450,178,592,Shamela0029677,147,722,985,170,51
450,198,592,JK000532,7,203,565,262,80
450,760,1074,Shamela0004473,13453,1199,1530,222,82
450,60,592,Sham19Y0039268,146,974,1480,300,64
450,632,1312,Shamela0009082,51,734,1364,331,55
450,913,1247,Shamela0009082,75,168,472,111,36
450,777,1071,Sham19Y0122232,1603,1,305,206,82
450,952,1247,Shamela0030665,15,602,822,90,36
450,298,592,Shamela0030665,17,13,312,209,84
450,434,934,Shamela0008176,1828,654,1006,136,27
450,195,592,Shamela0025794,1,921,1336,259,74
450,699,1071,Shamela0025794,16,522,868,193,58
450,184,592,JK009391,153,5,422,286,82
450,699,1071,JK009391,153,11,422,234,68
450,198,605,JK009189,22,399,725,234,71
450,195,488,JK000786,702,1128,1404,188,76
450,303,581,Shamela0022593,404,55,456,172,53
450,248,592,Shamela0010781,374,714,1080,225,75
450,303,581,Tafsir03092,363,99,500,172,53
450,447,592,Shia000107Vols,1143,185,312,84,76
450,184,592,Shamela0000782,156,281,663,239,70
450,184,592,Shamela0000782,1005,761,1137,240,72
450,830,1074,Shamela0008970,54,1,244,152,72
450,734,1301,Sham19Y0127677,10354,216,1030,288,41
450,184,592,Sham19Y0127677,10354,180,556,236,70
450,198,773,ShamAY0038144,15,669,1260,331,60
450,434,592,Shamela0008463,665,778,924,97,80
450,184,442,Sham19Y0131521,2191,1143,1417,183,82
450,908,1074,Sham19Y0131521,2192,1,159,105,79
450,699,1071,Shamela0030592Vols,252,1018,1367,189,57
450,140,592,JK000735,94,303,742,277,73
450,773,1301,JK000735,95,1,464,212,40
450,198,592,ShamAY0033555,11,1084,1420,218,69
450,198,760,Shamela0010798,1178,12,894,344,48
450,626,1301,Shamela0008244,100,233,799,252,41
450,760,1301,ShamAY0034383,215,976,1417,280,61
450,245,835,ShamAY0034383,215,499,1434,311,38
450,773,1074,ShamAY0038640,888,39,345,203,77
450,760,971,Shamela0005997,27,69,345,160,72
451,821,1238,Shamela0003118,7565,94,466,220,59
451,62,523,Shia002265Vols,1164,22,293,88,18
451,1103,1231,Shia002265Vols,2219,564,691,100,96
451,792,1203,Shia001782Vols,691,69,540,214,51
451,792,1255,Shia001782Vols,3650,476,872,224,57
451,698,1335,Shamela0009567,193,713,1252,273,54
451,1088,1241,JK000916,28151,1,191,117,76
451,622,1234,Shia002034Vols,1242,774,1271,248,47
451,1079,1231,Zaydiyya0000067,156,953,1104,116,91
451,792,1234,Shamela0021765,574,67,440,260,74
451,792,1245,Shamela0004473,13454,70,525,328,86
451,734,1178,Shamela0004473,13462,657,861,96,23
451,523,1231,JK006801,125,294,907,318,53
451,1103,1231,Shamela0001438,3581,285,411,101,98
451,973,1430,JK000481,484,12,442,204,49
451,698,1335,Shamela0025794,5273,176,726,252,51
451,1103,1231,JK009390,2185,1030,1156,101,98
451,1103,1231,Sham19Y0127677,2062,234,360,101,98
451,792,1238,Sham19Y0127677,11315,1049,1398,214,62
451,698,1231,Sham19Y0037618,1190,720,1178,283,66
451,569,817,Sham19Y0037618,1191,1083,1330,195,99
451,792,1231,Sham19Y0013223,177,884,1239,221,65
452,214,700,ShamAY0032757,9,792,1289,228,49
452,214,706,Shamela0030587,11,10,482,242,59
452,274,470,Shamela0013084,202,901,1091,142,91
452,126,470,Sham19Y0038171,684,68,420,241,79
452,126,426,ShamAY0035035,2898,1180,1488,204,76
452,507,772,ShamAY0034123,934,498,753,155,63
452,507,979,Shamela0008473,103,269,759,189,40
452,877,1282,Shamela0001733,3960,1,345,257,81
452,507,772,Shamela0022800,103,1093,1310,129,55
452,318,772,Shamela0000782,976,947,1404,190,40
452,222,979,Shamela0004289,1145,45,796,190,22
453,835,1090,Shamela0013041,381,674,919,136,62
453,48,377,Sham19Y0020882,189,829,1356,165,38
453,54,592,Shamela0010480,1296,764,1374,151,21
453,118,384,Shamela0010480,1297,516,893,150,48
453,92,505,JK000045,1,439,926,173,42
453,54,505,Shamela0012403,607,539,1040,194,42
453,139,333,JK000916,18261,520,819,128,53
453,92,505,Zaydiyya0000268,3,458,870,175,46
453,118,387,Shamela0030769,97,820,1192,156,52
453,333,605,Shia002034Vols,549,620,1007,158,51
453,111,402,JK000733,16,921,1334,157,43
453,153,457,Shamela0008203,263,1,449,125,27
453,122,778,Shamela0008473,3834,929,1465,165,24
453,48,460,Sham19Y0148271,908,1007,1521,186,43
453,54,783,Shamela0021809,1498,63,562,178,26
453,651,1182,Shamela0021809,3028,326,1054,290,45
453,118,599,ShamAY0034134,54,223,1322,288,32
453,101,333,Shamela0009810,1368,197,440,141,69
453,1074,1182,Shamela0001438,3696,314,411,74,89
453,101,477,Shia001731Vols,796,627,974,164,52
453,54,473,Shamela0025794,3257,550,997,172,40
453,1,505,Shamela0008494,35,720,1342,186,31
453,143,387,JK000786,2950,877,1143,144,64
453,101,326,Shamela0000782,1154,254,462,135,74
453,1074,1182,JK009390,2244,1224,1325,77,93
453,1074,1182,Sham19Y0127677,2138,840,941,77,93
453,122,344,JK007054,336,514,829,131,51
453,134,291,Sham19Y0146127,1081,1135,1401,105,48
453,20,520,Shamela0004289,1144,674,1160,171,40
453,1074,1182,Sham19Y0013223,282,109,210,77,93
454,115,313,Shia002265Vols,5261,151,345,147,87
454,33,313,Shia001782Vols,1330,1217,1388,112,51
454,13,313,Shia001782Vols,3765,249,450,157,66
454,13,313,JK010189,2,1000,1417,161,43
454,367,1066,ShamAY0034002,39,320,957,240,34
454,10,521,Shamela0009398,14,345,764,244,54
454,1,525,Shia001976Vols,260,959,1342,249,57
454,115,313,Sham19Y0122096,2631,167,350,143,87
454,849,1132,Shia001134,223,476,994,144,32
454,1164,1420,Shamela0008253,17,993,1249,140,65
454,1,313,Shamela0010488,154,70,391,221,84
454,100,313,Shia002261Vols,261,859,1078,154,81
454,1,521,ShamAY0032787,6,744,1147,234,48
454,1037,1365,JK000021,272,27,378,177,60
454,115,313,JK007006,1144,872,1350,142,35
454,100,313,Sham19Y0038171,2009,281,712,166,47
454,115,313,Shamela0001975,601,1124,1332,147,81
454,105,313,JK000001,2373,1251,1444,127,74
454,115,313,ShamAY0035035,7585,118,305,146,88
454,10,313,Shamela0010496,26,382,663,203,84
454,115,313,Shamela0021659,888,1046,1234,147,89
454,1,240,Shamela0009953,102,424,616,137,72
454,68,525,Shamela0021765,970,1,425,220,52
454,1155,1365,Shamela0021765,2084,172,365,130,77
454,68,313,Sham19Y0014592,945,1,245,186,89
454,162,525,Sham19Y0014592,1491,1,238,157,52
454,1,521,Shamela0008203,255,104,569,194,38
454,1,313,Shamela0008473,112,713,924,151,61
454,1,521,Shamela0021570,140,238,621,250,60
454,739,1137,Shamela0021809,1711,548,1129,230,48
454,4,313,JK000216,346,128,553,193,51
454,1,521,Shamela0026884,413,884,1377,264,53
454,115,313,Shamela0001438,2476,298,486,147,89
454,1148,1407,Shamela0011438,22,372,677,140,55
454,149,313,Shamela0022800,113,1,158,117,88
454,10,319,JK011566,14,1191,1456,189,71
454,743,1137,Shia002032,65,685,1187,235,57
454,13,313,ShamAY0034080,12,398,666,205,86
454,1143,1415,JK000022,2231,122,386,174,77
454,1,375,Shamela0013068,257,1095,1460,224,62
454,10,313,JK009390,1469,598,904,167,65
454,115,313,Sham19Y0127677,1547,20,209,145,87
454,10,313,Sham19Y0127677,8206,352,635,210,83
454,1,126,Sham19Y0127677,8221,971,1079,80,82
454,92,313,Sham19Y0127677,8222,1,118,77,44
454,42,313,Shamela0012884,4722,1,246,186,84
454,1,313,Shamela0021821,292,958,1218,199,80
454,1,313,Shamela0000736,2858,303,564,195,79
454,13,313,Sham19Y0013223,1042,641,934,218,87
455,208,778,ShamAY0034002,41,872,1335,251,50
455,1,699,Shia001976Vols,1196,230,776,262,44
455,220,912,Sham19Y0001729,356,765,1412,333,50
455,677,912,Sham19Y0013253,860,340,554,155,84
455,621,1216,Sham19Y0038171,719,472,1159,191,24
455,696,1216,Sham19Y0038171,2056,463,926,150,25
455,699,1216,ShamAY0035035,7905,403,762,133,25
455,677,912,Shamela0007289,9959,330,548,151,79
455,603,1096,Sham19Y0018144,2862,1017,1450,224,48
455,457,1138,Sham19Y0148271,1387,332,897,343,59
455,208,646,ShamAY0032841,1,1044,1506,233,62
455,1,354,Shamela0001733,4006,325,988,204,38
455,202,457,Shamela0010906,5723,553,782,164,83
455,621,912,JK007063,584,1231,1493,174,73
455,21,354,Shamela0028168,16,1194,1412,153,59
455,711,1216,Shamela0001438,4351,521,994,219,42
455,558,1104,Shamela0025794,1831,858,1331,283,59
455,711,912,JK006950,4110,522,714,133,81
455,603,1109,ShamAY0032665,2862,932,1397,234,47
455,633,1109,JK001429,98,763,1143,232,62
456,937,1390,ShamAY0034068,170,728,1056,173,45
456,113,813,Shamela0010480,1530,522,1131,265,39
456,1044,1390,Shia002265Vols,119,1022,1388,156,45
456,1161,1384,Shia001782Vols,3492,224,458,142,67
456,1115,1384,Shamela0009567,946,1031,1309,181,75
456,1110,1390,ShamAY0034002,41,926,1475,142,32
456,1207,1384,Sham19Y0122096,2881,206,392,109,66
456,1207,1384,Shia002261Vols,288,919,1105,109,66
456,1174,1384,JK001263,102,757,992,135,71
456,486,616,JK001297,288,261,409,86,66
456,716,1028,Shia002034Vols,424,95,344,103,31
456,1211,1390,Sham19Y0038171,720,90,274,97,57
456,1207,1390,Sham19Y0038171,1903,910,1102,114,67
456,1207,1384,Shamela0001975,644,1001,1191,108,64
456,1211,1390,ShamAY0035035,3095,549,733,97,57
456,1207,1390,ShamAY0035035,7050,703,894,112,65
456,1207,1384,Shamela0021659,848,1053,1243,108,64
456,1188,1390,Zaydiyya0000067,25,838,1120,128,53
456,616,1216,ShamAY0034005,14,655,1402,256,35
456,1115,1384,Shamela0007891,717,949,1238,188,78
456,1115,1384,Shamela0021765,2133,278,574,181,73
456,1150,1390,Shamela0022921,167,96,364,161,73
456,729,1294,Sham19Y0014592,906,1154,1540,203,44
456,776,1384,ShamAY0033973,257,797,1248,277,55
456,1115,1384,Shamela0008473,539,573,862,191,80
456,647,1091,Shamela0009270,221,563,996,189,43
456,1178,1390,Shamela0000041,160,1079,1299,122,62
456,1115,1384,Shamela0009383,2,289,576,179,75
456,1166,1390,Tafsir09084,181,786,1045,168,83
456,1115,1384,Shamela0005610,191,439,721,187,80
456,1150,1390,JK009266,882,713,993,142,59
456,1226,1329,ShamAY0033974,6,1,104,80,100
456,113,813,Shamela0001733,2759,569,1131,284,43
456,1207,1384,Shamela0001438,2590,967,1147,109,65
456,1211,1390,Shamela0001438,4349,124,301,92,54
456,949,1390,JK001012,7,111,508,157,38
456,716,1333,Shia001731Vols,803,73,678,248,40
456,1115,1384,Shamela0025794,2209,1064,1342,181,75
456,1115,1384,Shia001887Vols,2692,475,757,187,80
456,726,1091,Shamela0001456,103,67,250,107,37
456,1150,1384,JK009390,1546,241,468,123,56
456,1207,1384,Sham19Y0127677,1595,926,1111,106,63
456,1211,1390,Sham19Y0127677,2698,802,979,92,54
456,1091,1384,Sham19Y0127677,15468,73,376,181,69
456,937,1390,Shamela0012884,362,769,1135,215,60
456,1223,1384,Tafsir07076,3128,260,429,101,65
457,902,1090,JK000002,29,804,978,106,71
457,104,360,Shamela0026719,3,770,955,124,56
457,125,580,Shamela0037458,3209,1098,1452,199,51
457,122,555,Shamela0037458,3372,1207,1564,197,51
457,970,1245,ShamAY0034447,1101,978,1380,117,30
457,122,360,Tafsir02096,1512,1074,1327,169,77
457,187,367,Shamela0021550,120,369,568,125,70
457,473,902,JK000021,1483,440,931,161,31
457,122,555,Shamela0023623,3290,374,731,199,51
457,367,783,Shia002034Vols,1867,114,484,205,56
457,125,367,Sham19Y0038171,720,518,792,171,71
457,125,367,JK000001,577,1206,1450,160,70
457,902,1308,ShamAY0033945,65,545,1004,162,32
457,15,381,ShamAY0033945,584,1065,1430,217,66
457,150,555,JK000055,263,737,1104,147,38
457,1138,1400,JK000055,306,1,305,132,43
457,52,558,Shamela0009953,203,752,1221,243,52
457,1109,1359,ShamAY0035235,14,903,1128,163,80
457,994,1315,Shamela0007891,279,1028,1313,178,65
457,52,555,Shamela0007891,714,409,963,244,47
457,122,367,ShamAY0034054,3171,1251,1512,164,71
457,1090,1315,Sham19Y0148486,604,267,502,153,74
457,125,360,Sham19Y0014309,1001,599,849,164,74
457,1,500,Shamela0003722,2163,473,1077,228,43
457,587,1013,Shamela0008473,353,828,1154,182,50
457,35,282,Shamela0008473,3833,1400,1644,174,83
457,695,1090,Shamela0012846,5,1067,1399,110,24
457,40,320,Shamela0000041,1976,1235,1538,187,71
457,96,555,Tafsir07057,4150,179,568,216,53
457,122,580,Shamela0023628,2761,599,947,191,47
457,902,1090,Shia002231Vols,539,117,283,99,68
457,373,587,Shia003488Vols,622,198,370,112,66
457,26,580,Sham19Y0148271,1821,878,1373,278,56
457,932,1263,Sham19Y0036114,48,257,696,135,34
457,109,555,Shamela0021809,3047,1,549,219,43
457,48,367,ShamAY0034134,57,20,349,203,73
457,1109,1308,ShamAY0034134,190,129,323,145,87
457,40,360,Shamela0030518,51,986,1280,172,54
457,52,360,Shamela0009810,1367,66,372,187,65
457,40,580,Shamela0026884,410,128,723,237,40
457,1,360,Shia001731Vols,795,1009,1372,199,56
457,1027,1356,Shamela0009107,656,176,561,186,56
457,942,1245,Shamela0010803,146,383,834,151,41
457,895,1315,Shamela0005923,418,221,689,200,47
457,35,342,Shamela0025794,4079,1092,1462,195,58
457,902,1090,ShamAY0038157,30,814,988,106,71
457,1113,1308,JK009189,206,1220,1386,128,78
457,187,367,Sham19Y0008889,300,324,519,123,71
457,12,555,JK000022,410,871,1433,250,46
457,1,360,Shamela0000782,1154,957,1304,205,66
457,1,381,Shamela0008970,8,370,757,221,64
457,125,367,Shamela0010443,335,417,656,148,66
457,1109,1364,Shamela0001875,249,333,597,163,72
457,1113,1308,Sham19Y0146127,299,443,627,139,84
457,40,360,ShamAY0034580,38,1069,1370,187,66
457,125,367,Shamela0008370,754,315,528,144,64
457,1134,1356,Shamela0008233,3,1,210,138,73
457,631,902,Shamela0021821,72,313,564,152,64
457,125,367,Shamela0005486,808,1131,1368,158,71
457,1084,1315,Shamela0023764BK3,162,736,965,158,82
458,407,989,Shamela0009567,957,745,1407,171,22
458,440,843,Shamela0003617,4,880,1437,147,35
458,370,971,Shia001976Vols,690,562,1004,200,43
458,379,971,Shia001976Vols,819,28,556,264,46
458,440,826,Sham19Y0122096,3319,185,472,79,22
458,653,974,Shamela0010639,100,827,1143,169,59
458,386,971,JK000021,277,975,1434,223,43
458,171,1222,JK000021,278,120,1247,310,24
458,632,974,Shamela0000767,4154,846,1212,170,47
458,448,804,Sham19Y0038171,115,1,442,117,24
458,653,971,ShamAY0034350,137,236,621,174,59
458,1,159,Shamela0010482,15,756,919,120,94
458,238,971,Shamela0117359,870,814,1267,265,46
458,324,971,Shamela0021765,2130,370,930,216,33
458,370,1008,Shamela0021765,2131,168,1025,190,21
458,452,1008,Shamela0021765,2144,1,473,256,57
458,379,826,Shamela0006227,715,362,618,164,47
458,238,479,Sham19Y0020591,1338,1291,1478,112,59
458,382,938,Sham19Y0148486,5007,363,799,195,38
458,244,938,Sham19Y0148486,5077,682,1234,228,34
458,403,818,Shamela0013132,170,193,660,228,55
458,303,818,JK006801,811,712,971,158,39
458,343,984,JK006801,812,389,1023,315,56
458,490,971,Shamela0021570,371,1,652,249,43
458,352,718,ShamAY0034134,507,744,1068,147,48
458,653,826,ShamAY0034134,592,914,1079,127,94
458,578,826,ShamAY0034134,594,350,647,181,76
458,382,971,Sham19Y0131336,1446,23,470,213,42
458,352,548,Sham19Y0023625,865,848,983,100,65
458,412,746,Sham19Y0018567,484,1228,1438,108,41
458,379,974,Shamela0001456,443,443,925,104,15
458,183,938,JK009390,1716,479,1016,213,34
458,364,793,JK009390,3287,322,713,137,32
458,379,826,Sham19Y0127677,8987,837,1057,144,41
458,238,971,Sham19Y0131521,5061,172,631,265,46
458,395,826,Sham19Y0131521,5065,522,831,102,26
458,303,826,Sham19Y0037618,4970,713,980,165,40
458,672,832,Sham19Y0037618,4972,1,160,114,92
458,753,1190,Sham19Y0037618,4974,909,1275,173,39
458,379,978,Shia003732Vols,3389,782,1196,208,44
458,403,826,Sham19Y0146127,2700,533,753,146,44
458,352,826,Sham19Y0146127,2743,632,872,155,41
458,238,804,Shamela0004289,1147,994,1316,216,49
459,188,398,Shia001782Vols,3526,11,192,129,77
459,79,285,Shamela0009567,957,672,974,115,46
459,192,369,Sham19Y0038171,115,5,442,104,28
459,92,670,Shamela0021809,2871,400,975,214,35
459,45,393,Shamela0001733,1878,716,1058,249,87
459,61,670,Shamela0025794,4185,345,765,262,54
459,79,293,Shamela0025794,4187,598,881,109,45
459,476,710,Sham19Y0037618,4737,825,1063,178,96
459,488,716,Shia003470,75,307,800,155,39
459,1129,1332,JK000914,1970,754,945,107,64
459,61,670,JK000653,279,141,550,232,45
459,1129,1332,Shamela0021479,88,826,1140,131,50
460,683,1129,Shamela0010463,797,1213,1564,187,45
460,11,439,Shamela0009619,40,67,430,237,61
460,841,1377,Shia001782Vols,3487,227,781,291,61
460,981,1373,Shamela0009567,945,14,432,235,64
460,683,1219,Shamela0011363,304,619,1054,245,50
460,28,383,ShamAY0034569,589,53,487,227,62
460,706,986,Shamela0012220,1133,432,717,119,46
460,887,1219,Tafsir03037,2268,280,610,224,76
460,100,378,Shamela0000482,1104,202,333,82,38
460,1,439,JK000021,274,788,1200,228,55
460,123,349,JK001297,230,220,488,148,68
460,28,478,Shia001432Vols,10536,227,551,216,59
460,100,478,Shia001432Vols,31797,467,643,114,36
460,8,453,JK000475,1208,653,1074,227,52
460,11,439,JK000055,314,527,952,216,51
460,8,439,JK000733,15,448,893,226,52
460,11,439,Sham19Y0148486,1607,376,774,216,52
460,68,478,Shamela0025800,2682,253,641,237,63
460,838,1196,ShamAY0036031,56,60,393,222,71
460,8,378,Shamela0001453,157,67,512,208,58
460,788,1219,Shamela0008473,3821,141,556,284,76
460,906,1219,Shia002264,256,286,628,220,76
460,28,512,Shamela0006870,174,774,1186,275,66
460,109,453,JK001310,3,1,369,179,51
460,163,702,Sham19Y0148271,1385,1,417,211,43
460,709,1186,Sham19Y0148271,1923,1142,1490,212,52
460,1017,1373,Tafsir09084,1938,24,446,172,39
460,874,1382,Shamela0036543,2351,752,1150,236,52
460,887,1219,Sham19Y0017798,1629,512,777,209,78
460,123,270,Shamela0000243,26,1,107,75,67
460,600,1377,Shamela0021809,2424,415,1185,414,56
460,492,1196,Shamela0001733,4008,562,1373,476,68
460,887,1219,Shamela0010273,2517,1012,1343,223,76
460,78,466,JK007063,510,1178,1500,217,63
460,149,702,Shamela0026884,498,1,588,222,40
460,8,439,Shamela0021556,39,617,1038,232,56
460,861,1363,JK001012,13,1006,1513,297,67
460,8,439,Shia001881,24,530,935,221,53
460,600,1377,Shamela0025794,2783,340,1076,436,61
460,28,439,Shia001137,271,315,786,225,53
460,11,559,Shamela0008970,7,1,652,263,42
460,834,1387,Shamela0010443,615,491,961,287,61
460,649,1373,Shamela0012884,4083,789,1403,351,57
460,906,1219,Kraken21040802,29,1111,1360,175,67
460,762,1382,Zaydiyya0000342,699,782,1469,313,52
460,28,383,JK000914,1970,798,1179,213,66
460,634,1377,Shamela0011404,297,506,1247,361,53
460,28,383,Shamela0021479,88,856,1425,235,51
460,649,1373,Sham19Y0013223,594,269,925,348,52
461,895,1154,JK000101,579,100,401,167,61
461,1037,1184,ShamAY0032757,4,48,183,93,81
461,914,1154,Shia002265Vols,242,198,469,159,65
461,914,1154,Shia002265Vols,243,244,535,162,62
461,847,1154,Tafsir06049,5316,1024,1367,195,60
461,770,1154,JK000916,2294,1060,1293,151,47
461,572,1168,Zaydiyya0000268,1,726,1349,294,47
461,847,1154,Sham19Y0023618,1432,155,525,185,55
461,505,1160,Shia001976Vols,422,610,1164,275,46
461,757,1160,Shia001976Vols,470,997,1416,227,56
461,987,1154,Shamela0000482,76,551,720,92,62
461,959,1168,JK001293BK1,1154,5,170,117,69
461,885,1154,JK000021,268,24,364,177,61
461,625,1154,Shia002034Vols,602,15,543,323,71
461,471,997,Sham19Y0013252,12148,550,1171,162,24
461,847,1154,Shamela0000216,72,142,442,148,55
461,505,965,Sham19Y0038171,118,1051,1497,159,33
461,762,1154,ShamAY0033945,583,136,582,252,66
461,742,1154,ShamAY0033053,501,617,1045,244,63
461,784,1168,Shamela0009953,205,36,398,178,53
461,835,1154,JK001236,18,435,819,204,62
461,757,1154,Shamela0021765,2136,409,888,269,66
461,844,1132,Sham19Y0014592,140,1219,1543,177,59
461,788,1168,ShamAY0033973,239,1,431,266,73
461,566,1160,Shamela0021635,273,627,1370,295,46
461,757,1006,ShamAY0034123,454,208,552,150,49
461,684,1154,JK007062,56,432,911,253,60
461,505,1168,Shamela0001453,163,282,1072,334,50
461,272,1154,Shamela0004473,5986,744,1434,330,38
461,766,1154,JK006801,809,122,625,250,62
461,519,1160,Shamela0021570,367,592,1233,292,46
461,113,595,Shamela0001733,861,631,1013,149,36
461,487,684,Shamela0012862,761,800,1440,111,20
461,742,1154,Shamela0012862,762,62,488,244,64
461,173,684,Shamela0026884,416,8,567,214,43
461,784,1154,Shamela0026884,419,216,574,196,61
461,914,1154,Shamela0001438,1531,416,680,154,63
461,914,1154,Shamela0001438,4133,498,787,154,58
461,847,1154,JK001012,17,609,974,200,62
461,788,1154,Shia003101Vols,357,1024,1409,217,59
461,847,1154,ShamAY0034066,1114,65,417,178,57
461,455,974,JK000022,2231,362,779,234,53
461,784,1168,Shamela0008970,3,463,910,224,59
461,864,1154,JK009390,807,896,1199,178,63
461,852,1154,JK009390,2760,1016,1366,183,59
461,260,595,JK009390,2903,908,1186,152,55
461,914,1154,Sham19Y0127677,720,213,490,159,66
461,766,1154,Sham19Y0037618,4955,949,1452,250,62
461,791,974,Shamela0026324,677,612,804,95,56
461,885,1154,Shamela0012884,369,900,1207,169,61
461,505,1154,Shamela0004289,1147,100,780,329,50
461,847,1154,Sham19Y0013223,598,502,848,187,60
462,111,379,ShamAY0033569,30,966,1191,148,69
462,866,1169,Shamela0000894,1285,676,963,197,80
462,73,404,ShamAY0033548,13,1,284,154,53
462,590,994,Sham19Y0122257,1344,447,863,221,57
462,723,1210,Sham19Y0122257,1345,560,735,77,18
462,111,304,Shamela0026565,11,163,395,121,60
462,499,1080,Shia001976Vols,1433,1152,1389,170,37
462,499,1169,ShamAY0033620,15,471,1082,426,78
462,507,1258,ShamAY0033910,1126,307,805,286,48
462,499,1019,ShamAY0033938,1480,1020,1487,322,76
462,742,1169,Sham19Y0145411,151,1,412,265,74
462,625,1169,JK000021,270,1,537,381,84
462,499,1169,Sham19Y0001729,358,141,681,359,65
462,111,437,Shamela0012741,4,615,883,157,55
462,597,1169,Shamela0000216,73,321,873,371,79
462,482,1169,JK000055,261,775,1421,412,69
462,600,1169,JK001236,15,25,596,395,83
462,600,1006,Sham19Y0147311,201,1124,1515,273,82
462,597,1169,Sham19Y0020638,1247,249,783,373,80
462,597,1169,Sham19Y0017616,475,356,909,388,82
462,495,1266,ShamAY0034005,1126,543,1294,487,75
462,841,1169,Shamela0036080,17,1,293,193,71
462,767,1169,Sham19Y0122406,3944,1,396,254,73
462,597,1169,Shamela0008360,350,426,956,365,77
462,600,1169,Shamela0025800,1002,305,844,376,81
462,111,310,Shamela0030558,12,319,555,124,62
462,453,1128,Shamela0003722,6706,836,1479,439,79
462,771,1169,Shia001831Vols,529,1,392,251,73
462,738,1182,Sham19Y0018144,2884,1,457,261,65
462,499,1027,Shamela0013035,747,932,1476,349,76
462,731,1197,Shamela0013035,748,1,223,87,19
462,464,1096,Sham19Y0148271,1962,1170,1466,184,35
462,799,1169,Sham19Y0148271,1963,1,369,239,75
462,529,1169,Shamela0021809,2548,851,1446,427,81
462,38,423,Sham19Y0016599,1280,206,647,84,15
462,437,1057,Shamela0001733,3807,815,1401,404,78
462,1169,1476,Shamela0001733,3826,1164,1439,215,87
462,437,1169,ShamAY0034134,15,33,810,497,78
462,525,1186,Shamela0026884,418,249,939,421,71
462,616,1169,JK001012,15,805,1145,216,46
462,499,1307,JK000481,117,164,948,462,65
462,111,388,JK009154,38,1128,1383,147,62
462,111,423,JK009154,127,721,982,160,61
462,111,297,JK009154,236,141,366,119,63
462,111,388,JK009154,344,539,763,149,68
462,111,388,JK009154,376,1053,1308,156,66
462,106,629,JK009154,385,869,1279,208,51
462,499,1105,Shamela0030240,21,400,657,189,39
462,879,1169,JK009379,126,1025,1300,193,83
462,590,1169,Shamela0008176,3009,852,1401,375,78
462,827,1169,Shamela0008176,3011,768,1381,179,35
462,519,1024,Shamela0025794,3072,968,1451,338,83
462,728,1175,Shamela0025794,3073,1,158,71,17
462,600,1101,Shamela0000140,1897,1106,1299,143,36
462,590,1160,Shamela0000140,1898,547,1418,333,46
462,718,1169,Sham19Y0008889,398,28,189,116,31
462,529,1169,Shamela0000782,1155,602,1179,402,78
462,674,1169,Shamela0006886,85,1071,1298,135,31
462,398,824,ShamAY0032665,2883,1030,1503,215,49
462,824,1182,ShamAY0032665,2884,1,369,193,58
462,499,1160,Shamela0004289,1146,869,1477,429,79
462,600,1169,Shamela0012014,309,766,1308,379,81
462,60,514,JK000914,34,204,596,175,43
462,507,1258,JK000130,1127,311,809,286,48
462,201,657,ShamAY0038135,7,6,408,176,38
462,879,1169,Shamela0005899,192,1116,1389,212,91
462,616,1169,Sham19Y0013223,596,960,1257,204,45
463,651,1329,ShamAY0034392,123,1,642,388,62
463,457,1183,Shia002265Vols,231,525,1361,464,63
463,630,1329,ShamAY0034002,41,109,1020,412,54
463,922,1149,Shamela0001673,9586,789,1234,100,23
463,578,1199,JK000362,317,11,648,367,63
463,438,1183,Shamela0010488,323,20,717,452,66
463,348,1183,Shamela0021550,121,317,1183,470,54
463,560,1279,Sham19Y0038171,120,1,829,419,59
463,485,1155,Sham19Y0038171,724,18,821,380,49
463,457,1183,Shamela0001975,333,510,1355,465,63
463,438,1369,JK000001,580,12,970,515,53
463,348,1155,ShamAY0035035,3100,512,1513,447,47
463,457,1183,Shamela0021659,444,198,1043,465,63
463,1235,1524,ShamAY0034005,1125,1065,1328,198,83
463,167,1415,Sham19Y0014592,139,135,1331,583,48
463,438,1269,Shamela0001719,3477,95,831,295,36
463,420,1329,Shamela0007318,11,644,1533,602,74
463,172,1189,Sham19Y0148271,2061,1,943,641,74
463,438,1305,Shamela0021723,524,74,783,284,35
463,299,1329,Shamela0007268,23,172,1302,678,68
463,1158,1531,Sham19Y0017530,10,448,901,237,61
463,26,460,Shamela0001733,3827,1,482,266,64
463,324,922,Shamela0006463,21,983,1549,404,78
463,926,1183,Shamela0006463,22,4,266,203,93
463,1095,1531,Shamela0026884,417,589,1079,274,63
463,457,843,Shamela0001438,1538,1151,1595,251,64
463,843,1183,Shamela0001438,1539,10,381,214,65
463,367,963,JK009379,104,893,1549,367,62
463,93,1355,Shamela0025794,1386,254,1512,711,59
463,311,1112,Shamela0004445,69,763,1544,556,80
463,311,916,Sham19Y0020868,531,949,1529,421,82
463,891,1332,Sham19Y0020868,532,1,584,244,46
463,324,1343,Shamela0000782,1230,55,1203,669,66
463,367,1350,JK009390,614,330,1338,517,52
463,457,957,Sham19Y0127677,720,901,1505,315,60
463,517,1095,Shamela0010443,483,12,703,366,61
463,428,1183,Zaydiyya0000355,10,104,859,425,57
463,630,1300,Shamela0013043,148,6,624,354,60
463,438,1235,Shamela0012884,366,66,822,396,54
463,457,1112,Shamela0036446,1294,708,1451,401,62
464,1,727,Sham19Y0014119,255,472,1384,425,53
464,1,578,Shia002265Vols,231,726,1361,413,76
464,1,578,Sham19Y0017063,504,209,1012,399,59
464,230,578,SHAM19Y23644,171,18,213,127,43
464,277,578,Shamela0000894,1286,1,332,223,82
464,1,578,Shamela0000894,5103,319,1020,416,69
464,119,578,Sham19Y0122257,1335,317,816,287,62
464,267,542,Shamela0001673,9586,688,1161,130,34
464,77,578,Sham19Y0145212,1625,1,227,124,28
464,236,722,Sham19Y0018103,3750,25,500,293,66
464,1,722,Shamela0037837,823,270,1084,441,61
464,312,486,Shamela0095735,885,732,921,130,85
464,1,1287,Shamela0012981,2140,540,1478,523,44
464,1,823,JK000021,269,237,1114,484,61
464,59,722,Sham19Y0001729,372,83,684,172,23
464,1,446,Shamela0005756,14087,1006,1564,317,67
464,1,727,Sham19Y0013252,9381,234,1016,453,63
464,1,571,Shamela0000216,72,845,1527,409,70
464,1,681,Sham19Y0038171,120,78,829,433,67
464,59,452,Shamela0021799,2,917,1041,48,13
464,1,374,Sham19Y0013605,4471,540,1014,261,63
464,386,864,Sham19Y0013605,4472,10,463,192,37
464,1,578,Shamela0001975,333,712,1355,419,76
464,1,562,JK007065,1034,809,1481,402,70
464,1,578,Shamela0021659,444,400,1043,419,76
464,1,722,JK001236,14,286,1114,437,61
464,1,318,Shamela0006610,1184,1111,1505,214,62
464,323,578,Shamela0006610,1185,1,274,177,79
464,77,722,Sham19Y0147311,200,952,1425,291,52
464,6,578,Shamela0010922,25,703,1369,359,60
464,20,578,Sham19Y0020638,1244,353,1020,394,69
464,1,578,JK009324,3483,655,1356,416,69
464,151,722,Shamela0009780,1298,1,599,325,58
464,1,722,Sham19Y0127656,749,365,1141,434,61
464,77,864,JK000110,1680,8,688,323,40
464,1,578,Sham19Y0014592,139,584,1234,419,75
464,1,452,Shamela0008360,347,957,1516,321,67
464,1,578,Sham19Y0014309,1159,146,768,396,72
464,1,513,Shamela0025800,1000,888,1517,364,68
464,236,578,Sham19Y0016976,753,34,545,245,59
464,1,578,Shamela0021766,1586,243,932,399,67
464,1,578,Shamela0021766,3432,375,1043,394,68
464,1,578,Sham19Y0017791,728,601,1414,403,58
464,1,542,Sham19Y0017791,729,420,1372,369,46
464,1,578,Sham19Y0013572,1251,146,840,421,71
464,6,712,Shamela0007268,23,518,1292,328,44
464,1,499,Sham19Y0017530,10,901,1530,352,65
464,1,722,ShamAY0033656,2,4,676,327,47
464,312,486,Shia002228,38,1116,1300,130,87
464,6,864,Shamela0021715,9616,1,965,461,48
464,46,452,Shamela0021715,9617,677,1393,287,49
464,312,722,Sham19Y0132973,709,1102,1361,155,47
464,189,578,Shamela0006463,22,43,266,127,41
464,1,722,JK007063,585,809,1551,439,65
464,1,393,Shamela0026884,417,1079,1552,288,71
464,393,675,Shamela0026884,418,1,328,177,65
464,230,589,Shamela0001438,1539,10,386,267,85
464,6,542,Sham19Y0127713,224,1,1081,320,36
464,1,354,JK009379,104,1150,1549,252,71
464,63,722,JK009379,105,1,312,156,28
464,1,348,Shamela0008176,2988,1107,1532,230,61
464,59,578,Shamela0008176,2989,6,230,159,37
464,133,452,Shamela0008176,2991,530,1354,223,33
464,236,727,Sham19Y0018106,3806,6,492,295,65
464,323,722,Shamela0000140,1891,1029,1382,208,59
464,1,675,JK007025,34,823,1533,424,64
464,1,584,Shamela0009563,9,869,1512,397,70
464,463,578,Sham19Y0008889,397,1365,1480,90,96
464,1,348,Sham19Y0018176,2273,1045,1486,241,62
464,59,864,Sham19Y0018176,2274,10,580,186,21
464,63,668,JK000022,2886,1063,1506,265,50
464,1,703,JK009390,614,568,1318,443,62
464,1,348,Sham19Y0127677,720,1108,1505,245,70
464,59,578,Sham19Y0127677,721,19,254,137,30
464,1,578,Shamela0010443,483,131,794,417,74
464,125,578,Shamela0012884,366,331,803,319,79
464,1,416,Shamela0004289,1145,962,1483,286,63
464,416,832,Shamela0004289,1146,1,368,192,49
464,189,578,Shamela0006947,17505,1,445,270,72
464,869,1287,Shamela0026741,13,467,859,192,52
464,1,722,Shamela0012014,308,245,994,450,65
464,172,722,JK001429,99,9,605,330,60
464,1,374,Sham19Y0016584,4211,127,593,259,64
464,371,722,Sham19Y0016584,4211,1208,1513,193,63
464,1,578,Shamela0036446,1294,879,1510,420,76
464,1,578,Shamela0096283,411,757,1456,415,69
464,371,578,Sham19Y0013223,596,8,232,149,80
465,497,1043,Shamela0026719,1,1192,1457,148,33
465,254,1086,Shia001976Vols,1189,960,1433,305,43
465,542,842,ShamAY0034569,257,405,710,163,58
465,1096,1483,Shamela0030587,12,5,416,201,58
465,485,1002,Shia002034Vols,1985,701,1162,248,51
465,491,842,Shia003488Vols,215,1027,1318,227,80
465,1,485,ShamAY0034134,16,676,846,129,32
465,207,485,Shamela0009810,1367,762,1014,190,85
465,37,718,Shia001881,18,309,1010,236,32
465,207,627,Shia001731Vols,796,31,409,236,67
465,559,1238,Shamela0025794,2009,1091,1455,188,33
465,334,1285,Shamela0025794,2040,675,1145,230,29
465,497,1080,Shamela0012860,526,339,670,178,35
466,857,1245,Shamela0010480,1027,1137,1482,229,72
466,940,1316,Shia001782Vols,3678,1087,1453,258,84
466,5,760,Shamela0026542,220,938,1435,161,23
466,308,973,Shia001976Vols,315,840,1505,266,46
466,256,689,Shia001976Vols,1188,239,799,202,41
466,259,913,Shia001976Vols,1189,927,1491,302,54
466,551,804,ShamAY0034569,257,468,710,178,83
466,825,1333,Shamela0012981,1752,789,1273,309,72
466,16,400,Shamela0012981,1961,704,999,174,48
466,973,1316,ShamAY0033945,2373,1,315,220,78
466,901,1316,Shamela0010496,170,969,1357,258,75
466,840,1363,ShamAY0033053,532,339,873,332,73
466,22,685,Shamela0013035,254,84,772,103,12
466,259,719,Sham19Y0148271,672,783,1234,168,33
466,151,685,ShamAY0033974,97,805,1429,200,29
466,840,1418,ShamAY0032840,43,69,640,331,66
466,799,1316,Shamela0012862,806,883,1356,310,73
466,857,1316,Shamela0026884,338,377,810,288,75
466,512,811,Shamela0026884,418,1022,1322,189,72
466,1148,1316,Shamela0001438,1026,1016,1169,98,72
466,101,804,ShamAY0038067,641,270,612,217,38
466,840,1306,ShamAY0033551,42,571,1049,329,85
466,16,1045,Shamela0001456,467,340,973,210,21
466,16,969,Shamela0001456,496,380,926,229,25
466,1148,1312,Sham19Y0127677,451,709,864,101,75
466,934,1446,Shamela0026324,394,126,509,135,26
466,64,323,Shamela0026324,1375,695,872,82,38
466,64,392,Shamela0026324,4602,349,790,110,28
466,523,804,Shamela0012860,526,414,670,175,70
466,840,1316,Shamela0023764BK3,696,20,491,300,72
467,1,247,Shamela0009242,736,42,225,129,63
467,594,950,Shamela0003118,7864,354,747,232,72
467,1,333,Shia002265Vols,3196,1332,1560,165,61
467,993,1447,ShamAY0033632,50,1034,1269,115,31
467,1,409,Shamela0000894,5102,1135,1530,314,94
467,1,445,Sham19Y0122401,1437,1146,1587,341,93
467,485,950,JK000916,26347,786,1250,301,77
467,1,445,JK000916,26348,971,1407,336,91
467,594,950,JK000362,314,1031,1403,217,68
467,1248,1447,Sham19Y0014045,60,970,1154,131,82
467,1,445,Sham19Y0016684,126,167,598,343,95
467,99,441,Sham19Y0016684,292,1,242,194,70
467,1,445,Shamela0023613,265,774,1100,221,59
467,1,548,Shamela0010488,322,717,1169,271,56
467,1,445,Sham19Y0018103,209,999,1430,343,95
467,1,445,Sham19Y0018103,644,515,831,244,67
467,1,662,Sham19Y0019188,353,60,463,291,54
467,1,445,Shamela0037837,111,772,1204,333,90
467,1,128,ShamAY0033938,1225,1332,1459,101,100
467,128,578,ShamAY0033938,1226,1,480,308,76
467,1,590,Sham19Y0014462,16,619,1250,379,68
467,1,445,Shamela0021550,258,1001,1353,259,70
467,769,1447,Shamela0012981,1514,389,792,189,32
467,1,445,Sham19Y0001729,84,593,1021,330,90
467,1,445,Shamela0005756,792,141,572,343,95
467,20,445,Shamela0005756,2631,387,685,220,63
467,993,1447,Shia002173,94,1154,1414,192,54
467,1,445,Sham19Y0013252,647,1006,1437,341,94
467,1,445,Sham19Y0013252,648,246,677,343,95
467,1,445,Sham19Y0013252,1421,430,746,244,67
467,1,264,Sham19Y0013605,315,988,1251,208,97
467,138,445,Sham19Y0013605,316,1116,1437,183,64
467,1,445,Sham19Y0013605,973,231,547,242,68
467,1,445,JK000001,1123,279,631,259,70
467,1,659,ShamAY0035035,4709,50,619,295,47
467,1,606,JK000475,1203,803,1458,416,76
467,1232,1447,JK000475,2152,173,368,143,83
467,1,662,JK007065,1164,59,626,396,73
467,1,445,Shamela0022842,143,969,1324,255,68
467,1,445,Sham19Y0147311,201,683,1110,338,93
467,1,445,Sham19Y0020638,1009,249,686,346,95
467,1,445,Shamela0008381,518,676,1107,336,92
467,1,445,Shamela0008381,1579,419,845,325,89
467,1,445,Sham19Y0017616,353,300,731,346,96
467,1,581,Shamela0028107,693,548,1031,369,78
467,73,659,ShamAY0034005,1125,1,650,332,56
467,1,315,JK009324,79,1203,1521,248,96
467,315,467,JK009324,80,1,136,97,78
467,171,445,JK009324,386,11,218,167,75
467,1,613,Shamela0007891,2111,120,673,379,72
467,1,370,Shamela0009780,1298,580,933,280,93
467,1,445,Shamela0022921,155,682,1134,330,86
467,1,128,Sham19Y0127656,39,1332,1459,98,93
467,128,445,Sham19Y0127656,40,1,305,245,95
467,1,445,Sham19Y0122406,3329,812,1243,346,96
467,1,445,JK000110,23,882,1313,343,95
467,1,659,JK000110,122,531,984,294,53
467,1,445,Sham19Y0014592,790,112,546,334,90
467,1,445,Sham19Y0014592,1547,945,1374,327,87
467,1,333,ShamAY0035990,352,1276,1571,141,41
467,1,365,Shamela0000551,3001,1186,1554,283,94
467,1,445,Sham19Y0148486,1873,563,993,342,94
467,436,950,Sham19Y0148486,1878,132,691,316,68
467,1256,1403,Sham19Y0014309,1091,866,1021,87,66
467,1235,1447,Shamela0025800,921,357,546,134,79
467,85,659,Shamela0025800,2098,1,480,307,62
467,118,445,Shamela0001719,203,1,302,234,88
467,1,569,Shamela0038202,56,249,721,346,75
467,1,445,Sham19Y0006684,4240,21,458,342,94
467,1,659,Shamela0001453,169,110,762,414,74
467,1,659,Shamela0008203,75,300,1047,395,59
467,365,950,Shamela0009270,477,575,1212,322,60
467,1,445,Sham19Y0017729,455,981,1412,346,96
467,1,613,Sham19Y0018144,2373,484,1118,410,72
467,689,1153,Sham19Y0018144,2374,1,539,211,43
467,1,659,Sham19Y0148271,469,823,1454,379,60
467,1,329,Shamela0010517,349,1195,1523,258,96
467,979,1447,Shamela0013132,112,330,644,221,58
467,1,445,Shamela0004473,1668,47,323,195,53
467,1,554,JK009408,586,420,881,361,80
467,1,662,ShamAY0032764,10,366,1025,409,69
467,528,950,Shamela0021809,3377,679,1110,236,63
467,1,1073,Shamela0001733,716,113,1166,740,83
467,971,1376,Shamela0001733,2568,560,888,136,40
467,1,578,Shamela0021715,345,926,1501,386,73
467,1,659,Shamela0021715,1028,901,1511,325,53
467,1,606,Sham19Y0132963,300,514,1292,377,54
467,1,659,Shamela0026884,421,6,691,380,58
467,1,297,Shamela0001438,875,701,894,149,63
467,1,659,JK000481,201,553,1178,418,74
467,1,445,Shamela0010541,88,351,793,346,95
467,1245,1447,Shamela0005923,732,880,1066,135,81
467,99,445,Shia002119Vols,3635,1,344,264,91
467,528,1017,Shamela0025794,4122,728,1224,260,61
467,594,950,Shamela0003055,710,624,996,217,68
467,1,321,Shamela0003055,3567,1189,1485,231,89
467,1,445,Sham19Y0018106,154,177,608,343,95
467,1,734,Sham19Y0018106,517,473,1039,311,49
467,15,370,Shamela0000140,1896,537,882,271,94
467,73,445,Shamela0000140,1897,78,1092,273,33
467,1,445,Sham19Y0018176,88,1013,1444,343,95
467,1,659,Sham19Y0018176,261,898,1395,307,53
467,1042,1447,JK000520,335,429,615,100,29
467,73,445,Shamela0000782,916,1,364,281,92
467,20,445,JK009390,969,734,1036,190,54
467,1,445,Sham19Y0127677,945,263,592,216,60
467,1,581,Shamela0012399,3816,513,1013,369,77
467,20,259,Shamela0012399,3817,896,1443,185,42
467,208,413,Shamela0012399,3818,235,466,145,76
467,1,613,Shamela0026324,5289,240,985,160,19
467,1005,1447,JK000968,85,230,485,181,51
467,993,1447,JK000735,91,1077,1346,197,54
467,1,613,ShamAY0032665,2373,391,1025,410,72
467,1,445,Sham19Y0017903,910,644,1075,346,96
467,1245,1447,Sham19Y0017903,983,1004,1184,130,79
467,1,659,Shamela0000137,649,146,704,318,51
467,1,659,Shamela0001875,266,842,1257,282,53
467,1,659,Sham19Y0146127,964,417,995,380,66
467,525,798,Sham19Y0146127,966,773,1028,149,66
467,1,445,ShamAY0034059,1098,1049,1476,333,90
467,1,662,Shamela0004289,192,809,1426,353,57
467,1,445,Shamela0004289,436,1154,1471,244,67
467,993,1397,Shamela0004289,1223,1272,1488,160,50
467,1,445,Shamela0012014,309,325,752,340,94
467,1,445,JK007107,76,1079,1405,258,71
467,1,659,Shamela0011328,10,88,760,378,62
467,1,329,Sham19Y0016584,142,307,635,260,97
467,1,445,Sham19Y0016584,602,96,412,244,67
467,1,305,Shamela0036446,44,1237,1479,190,76
467,305,445,Shamela0036446,45,1,128,103,90
467,1,445,Shamela0005899,188,454,1233,298,44
467,1,370,Sham19Y0132524,2214,250,613,291,98
467,1,418,Shamela0096283,17,1069,1473,321,94
468,11,518,Shamela0008220,2,1,387,246,60
468,1,285,Shia002185Vols,1208,457,699,184,79
468,1,518,Sham19Y0014119,281,765,1276,231,41
468,1,279,Shia001399,506,1306,1502,156,69
468,1,272,Shamela0010284,419,916,1175,182,75
468,1,279,Shia002265Vols,417,538,807,202,86
468,1,279,Shia002265Vols,430,1205,1475,199,85
468,1,279,Sham19Y0017063,558,934,1222,207,83
468,1,279,Sham19Y0122257,1534,732,1005,204,87
468,1,279,Shia001625,196,234,514,200,84
468,1,279,Sham19Y0122096,907,171,444,204,87
468,1,279,Sham19Y0014045,60,1154,1482,210,76
468,77,518,Shamela0010639,299,1,385,203,49
468,1,279,ShamAY0034230,304,1255,1535,204,85
468,1,279,Shia002261Vols,68,567,836,201,86
468,1,279,Shia001161Vols,793,591,788,153,68
468,1,231,Shamela0021578,39,1254,1482,173,87
468,1,279,ShamAY0033728,71,196,426,174,74
468,1,279,Shamela0012981,1514,792,1036,187,79
468,1,279,Shia001395Vols,78,633,917,199,80
468,1,370,JK001266,37,733,1053,214,70
468,1,279,JK001297,137,1261,1525,204,89
468,1,279,Shamela0006517,337,746,1018,207,88
468,1,279,Shamela0004482,512,271,549,212,90
468,304,979,Shia002173,67,637,1427,268,35
468,52,285,Shia002173,95,1,233,173,86
468,1,279,Shamela0000216,129,864,1141,209,89
468,162,279,Sham19Y0038171,783,703,820,94,100
468,58,279,Sham19Y0038171,792,1117,1333,165,87
468,285,580,Sham19Y0038171,1354,1253,1511,143,53
468,1,279,Shamela0023790,455,673,910,177,76
468,108,279,Shia001432Vols,260,9,170,127,90
468,1,279,Shia001432Vols,31560,1028,1275,182,77
468,1,279,Shia001432Vols,32435,952,1149,153,68
468,1,279,Shia001432Vols,32701,1177,1458,200,84
468,1,279,Shamela0001975,187,1236,1506,198,84
468,162,279,ShamAY0035035,3227,1090,1207,94,100
468,108,279,ShamAY0035035,3249,19,179,128,92
468,308,815,ShamAY0035035,5490,44,443,228,51
468,431,815,JK007097,1821,1,347,195,55
468,1,574,JK000475,2152,368,840,277,58
468,1,279,Shia001362Vols,848,13,294,200,84
468,1,184,Sham19Y0132974,103,1111,1277,132,88
468,1,279,Shamela0021659,243,134,404,198,84
468,108,279,JK000055,88,1,161,129,93
468,1,279,JK001236,270,1138,1407,202,86
468,1,279,Zaydiyya0000031,13,1022,1320,185,66
468,1,279,Shamela0023644,1487,860,1131,211,92
468,156,279,Sham19Y0013614,322,1,124,99,100
468,1,294,Zaydiyya0000067,218,153,454,211,82
468,1,279,Zaydiyya0000236,160,918,1199,200,84
468,1,279,Shamela0007891,770,868,1141,204,87
468,1,188,Shamela0009780,1293,1342,1536,136,81
468,137,294,Shamela0038011,295,426,588,118,91
468,108,279,Sham19Y0132416,107,1,135,108,78
468,30,279,Sham19Y0014592,2552,6,248,179,84
468,1,279,Shamela0008360,388,317,590,204,87
468,1,279,Sham19Y0014309,1091,517,794,212,90
468,1,279,Sham19Y0014309,2758,905,1177,206,88
468,1,279,Shia002218Vols,507,1224,1493,194,80
468,1,279,Shamela0025800,921,546,824,212,90
468,1,279,Sham19Y0016976,821,216,489,204,87
468,1,285,JK007082,141,77,331,185,75
468,1,279,Sham19Y0017791,821,461,734,204,87
468,1,524,Shamela0013132,112,644,1169,274,58
468,1,279,Shamela0004473,1378,478,764,211,87
468,1,279,ShamAY0032786,12,966,1231,205,90
468,334,898,Shamela0001733,3554,471,971,96,17
468,1,279,Shia002294Vols,187,431,701,198,84
468,1,266,Shamela0001438,950,1340,1600,194,86
468,1,518,JK001012,418,221,644,253,56
468,77,279,Sham19Y0023625,2263,517,751,154,77
468,1,279,Shia001402,123,76,353,209,89
468,1,279,Shamela0008176,3348,710,983,204,87
468,1,370,Shamela0010803,359,1070,1430,209,68
468,1,279,Shia003764Vols,710,649,930,208,88
468,1,279,Sham19Y0123665,778,264,503,180,77
468,1,279,Shamela0008634,726,902,1201,203,78
468,77,279,Shamela0005963,591,1,214,150,79
468,1,285,Shamela0027083,426,1262,1540,208,87
468,1,279,Shamela0006723BK1,324,39,312,204,87
468,1,508,Shamela0030327,190,739,1211,240,52
468,1,201,Shamela0000782,1196,1311,1506,142,82
468,1,279,JK009390,395,833,1104,198,84
468,1,279,JK003501,384,58,351,212,85
468,1,518,Sham19Y0127677,1045,341,716,229,54
468,1,279,Shamela0038740,842,48,328,207,86
468,1,279,JK000968,85,485,679,140,58
468,1,279,Zaydiyya0000233,12,1007,1330,197,69
468,1,279,Sham19Y0017903,983,1184,1462,212,90
468,1,279,Shia003732Vols,2980,516,787,198,84
468,1,279,JK009151,1182,938,1222,192,76
468,1,279,Shamela0012884,4786,1080,1350,198,84
468,1,542,Shamela0004289,1224,54,488,256,56
468,1,279,Shamela0012531,165,983,1248,205,90
468,108,518,ShamAY0033645,17,9,260,178,54
468,1,279,Shamela0012014,209,1129,1404,212,89
468,1,518,ShamAY0035226,6,618,1058,266,61
468,1,294,ShamAY0034274,453,862,1150,206,84
468,1,279,Shamela0036446,1324,144,416,203,84
468,1,279,Shia000042,355,24,221,153,68
469,156,366,Shia002265Vols,2832,322,533,145,80
469,876,1298,ShamAY0034447,1135,606,943,173,44
469,733,998,Shia001976Vols,1441,568,813,172,80
469,156,366,Sham19Y0122096,3015,420,626,146,83
469,240,1014,Sham19Y0014601,5961,7,714,347,44
469,156,366,Shia002702Vols,9342,67,264,144,82
469,54,643,Shamela0030769,58,1,588,340,68
469,624,1355,Shamela0012981,1043,595,1050,149,21
469,1058,1335,Shia002034Vols,1094,1,230,171,77
469,624,1335,JK000761,329,867,1425,211,28
469,156,439,JK007006,1285,1089,1457,154,52
469,94,485,Sham19Y0013252,10934,54,381,220,66
469,156,480,Shamela0001975,680,1,343,171,51
469,776,1298,ShamAY0033945,630,346,976,306,56
469,781,1384,JK007097,1819,28,366,125,21
469,773,1298,JK000475,2157,388,1002,302,56
469,156,480,Sham19Y0020891,5310,1099,1410,183,68
469,156,366,Shamela0021659,1037,290,496,146,83
469,127,480,Shamela0006610,1182,1135,1449,188,65
469,10,439,Shamela0117359,1122,960,1413,301,78
469,624,988,Shamela0117359,1123,7,314,179,58
469,79,290,Sham19Y0020944,1143,1266,1462,137,81
469,156,370,Shamela0021660,3895,1093,1422,144,56
469,57,988,Sham19Y0020591,1766,414,1135,474,59
469,112,366,Sham19Y0014592,3068,841,1190,177,64
469,24,480,Shamela0011385,3039,42,279,165,45
469,115,624,Shamela0025800,920,578,973,237,57
469,10,518,Shamela0003722,4096,13,503,344,83
469,988,1335,Shamela0003722,6795,678,1030,258,89
469,112,480,Shamela0008473,4522,739,1124,194,58
469,10,370,Shia002231Vols,607,1007,1351,248,85
469,781,1341,Sham19Y0148271,1995,670,1003,120,21
469,810,1222,Shamela0001733,987,1009,1396,201,61
469,522,1112,Shamela0009082,644,1013,1402,168,32
469,141,439,Shamela0001438,2708,319,583,176,71
469,781,1341,Shamela0025794,3699,19,329,118,21
469,624,1006,JK000786,2929,673,980,187,58
469,810,1335,Shamela0013068,167,229,781,304,65
469,776,1211,Shamela0008970,89,1020,1645,272,52
469,152,461,JK009390,1638,622,880,174,67
469,793,1196,Shamela0008316,332,918,1174,129,41
469,156,366,Sham19Y0127677,1667,1032,1257,158,88
469,10,480,Sham19Y0127677,8886,220,1001,316,48
469,127,643,JK007054,1194,408,1015,273,49
469,54,988,Sham19Y0131521,6401,1,726,476,60
469,773,1298,JK000735,97,100,713,302,56
469,127,480,Shamela0036446,1323,1141,1414,184,63
469,115,452,Sham19Y0013223,601,1073,1448,205,68
470,815,932,Shamela0006060,902,589,707,87,88
470,103,227,Shia002265Vols,2834,1311,1434,97,94
470,469,861,Shia001782Vols,3494,1157,1454,163,46
470,635,936,ShamAY0038324,82,1210,1472,189,77
470,305,635,Shia001122Vols,933,579,825,95,38
470,557,1150,Shamela0009801,122,132,881,170,19
470,305,601,Shamela0009801,185,347,524,49,15
470,378,872,JK000021,270,696,1042,216,53
470,409,635,Shia002034Vols,901,8,189,138,77
470,507,963,JK000761,148,774,1178,179,45
470,103,270,Shamela0001975,909,302,487,127,83
470,98,521,ShamAY0033945,630,1,444,175,40
470,635,888,Shamela0026823,19,1218,1426,122,60
470,574,1409,JK000475,2153,193,1337,271,24
470,103,270,Shamela0021659,1199,731,896,127,93
470,1248,1425,Shamela0006227,321,104,254,110,77
470,755,1104,Shamela0001391,155,1084,1378,162,57
470,1054,1425,Shamela0001391,156,388,833,142,31
470,29,361,Sham19Y0017729,489,15,287,177,67
470,24,270,Shamela0004473,15635,954,1182,178,91
470,503,932,Shamela0012579,2443,600,925,126,28
470,1,270,Shamela0001733,349,593,835,188,88
470,635,1104,Shamela0001733,1812,700,1100,231,59
470,367,950,Shia002069Vols,219,114,653,285,56
470,635,1104,Shia002069Vols,221,1038,1432,248,64
470,815,936,JK007074,392,1334,1452,90,91
470,1217,1425,Sham19Y0131336,797,257,444,142,84
470,815,1143,Shamela0001438,3406,434,682,133,49
470,103,270,Shamela0001438,3761,1104,1269,127,93
470,469,1180,JK001012,20,739,1104,190,32
470,302,1143,Shia003616Vols,2417,132,636,271,40
470,593,861,Shamela0000140,1377,1,123,66,32
470,652,1425,ShamAY0033626,100,599,1377,304,38
470,1221,1425,Shamela0008970,55,16,199,137,81
470,9,481,Shamela0008970,90,828,1352,223,45
470,45,270,JK009390,2110,557,754,142,79
470,103,270,Sham19Y0127677,2168,1104,1269,127,93
470,305,872,Shia001187Vols,1866,97,768,176,27
470,635,778,Sham19Y0037618,4994,576,719,114,100
470,9,222,Shamela0026324,973,92,262,124,74
470,782,1409,JK000735,93,222,964,232,32
470,1,264,JK000735,96,1028,1259,169,81
470,29,361,Sham19Y0017903,976,1004,1275,176,67
470,752,1104,Shia003732Vols,5708,961,1371,161,38
470,302,815,Shia003732Vols,5709,300,686,155,36
470,1221,1425,Sham19Y0146127,942,666,847,133,78
470,1075,1425,ShamAY0032777,23,90,390,159,54
470,84,503,Shamela0004289,1181,1,378,178,50
470,1180,1425,JK000914,121,364,590,131,60
471,814,1232,Shamela0009567,947,70,445,180,50
471,1110,1276,Shamela0009801,122,121,300,117,80
471,60,217,JK000021,556,1247,1404,109,80
471,44,531,ShamAY0033945,585,96,669,252,46
471,30,333,Shamela0026823,19,137,426,196,81
471,745,1291,Shamela0021765,2140,302,817,236,51
471,1142,1276,Shamela0001391,155,640,787,94,78
471,438,1106,Sham19Y0148271,1464,319,869,259,43
471,36,537,Shamela0013132,113,226,753,253,50
471,1055,1276,Shia003616Vols,5275,250,481,130,65
471,1052,1276,JK009390,3319,715,922,137,76
471,517,927,Sham19Y0127677,1815,326,522,121,38
471,36,333,Sham19Y0127677,10051,529,835,201,79
471,125,333,Sham19Y0127677,10400,1224,1433,137,77
472,939,1306,Shamela0010639,310,572,1125,128,22
472,1099,1306,ShamAY0033945,1874,437,627,123,74
472,59,374,Shamela0001391,156,711,905,136,55
472,1093,1398,Shamela0001733,857,655,939,145,48
472,59,374,Shia003732Vols,5709,414,686,144,57
473,19,422,Shamela0013178,254,836,1245,241,68
473,460,721,Shamela0010480,1684,1212,1470,158,71
473,732,1128,JK000021,2559,289,759,196,48
473,477,1274,Shia002034Vols,2255,128,697,204,30
473,152,637,ShamAY0033945,2246,422,886,217,52
473,612,895,Shamela0021765,1311,1122,1390,147,63
473,468,855,Shamela0021765,1313,43,454,209,63
473,732,945,ShamAY0033973,249,1216,1426,142,83
473,736,1196,Shia003488Vols,423,770,1213,189,40
473,554,1174,Shamela0013132,51,1,208,103,19
473,99,370,Shamela0013132,119,1115,1377,144,59
473,105,637,Shamela0001733,3133,188,686,275,57
473,99,422,Shamela0006025,183,158,892,186,32
473,800,927,Shamela0001438,6418,316,430,89,89
473,728,960,JK001288,112,997,1241,151,81
473,800,965,JK009390,6328,1066,1197,91,72
473,800,927,Sham19Y0127677,4472,1235,1348,89,88
473,627,1168,Sham19Y0127677,7023,1,99,70,16
473,166,637,Shamela0026324,3971,46,429,171,41
474,1287,1418,JK006838,1496,15,147,103,97
474,267,413,Shamela0000963,2837,12,166,112,88
474,204,413,Sham19Y0014827,339,874,1044,122,69
474,1155,1422,ShamAY0033603,10,137,511,140,47
474,204,413,Shamela0010639,250,1101,1278,128,72
474,1300,1418,Shamela0001686,2692,684,831,78,61
474,1172,1422,Shia001913Vols,480,871,1193,109,32
474,1259,1422,Shamela0012406,836,413,573,104,72
474,209,413,Sham19Y0020944,1236,516,711,134,76
474,610,787,Shamela0021765,2312,1132,1308,127,88
474,204,413,Shamela0023631,1259,469,639,122,69
474,1300,1418,Shia004092Vols,3813,289,435,78,61
474,1259,1422,Shia004092Vols,8979,512,656,114,88
474,1259,1422,Shia004092Vols,8980,630,800,115,84
474,1287,1422,Shia004092Vols,8981,1054,1202,93,76
474,1259,1422,Shia004092Vols,12182,204,364,104,72
474,1118,1422,JK007082,272,7,425,154,44
474,1283,1422,Shamela0026668,463,1110,1272,88,63
474,621,992,Shamela0013132,53,215,559,166,50
474,654,798,Shamela0021570,280,1,145,107,90
474,1259,1422,Shamela0001733,4427,120,268,117,90
474,1143,1422,Shamela0008237,43,27,331,149,59
474,212,413,JK001012,263,360,533,118,70
474,617,1024,Sham19Y0016555,395,112,563,166,38
474,140,525,JK000786,2531,839,1220,194,52
475,1014,1188,Shamela0003118,4118,1368,1514,115,83
475,1014,1210,JK009332,7,1204,1354,115,74
475,1014,1210,Shia002265Vols,4531,221,396,138,88
475,923,1210,JK000916,13910,1111,1386,198,82
475,936,1210,JK000916,16244,143,407,174,74
475,819,1210,JK000621,26,1064,1446,224,66
475,936,1210,Shamela0001686,2687,8,273,178,72
475,696,1210,Shamela0012981,1222,454,930,207,46
475,1007,1210,Shamela0022341,8,835,1029,130,74
475,809,1210,Shamela0022547,2717,778,1225,238,64
475,1010,1210,Shia001432Vols,16192,821,1056,138,74
475,809,1210,ShamAY0033053,477,176,626,207,52
475,999,1210,Shamela0003722,3976,1,244,147,78
475,936,1210,Shia004092Vols,4000,374,660,181,73
475,1210,1362,Shia004092Vols,5581,1332,1491,111,90
475,1210,1401,Shia004092Vols,5888,883,1084,127,80
475,1014,1210,Shia004092Vols,8595,1137,1347,137,75
475,1,452,Shia004092Vols,8979,656,1326,192,34
475,1014,1401,Shia004092Vols,9104,550,1026,148,29
475,1014,1210,Shia004092Vols,9116,82,233,116,74
475,1014,1210,Shia004092Vols,9152,558,760,148,88
475,1014,1210,Shia004092Vols,12204,619,826,137,78
475,899,1210,Shia004092Vols,12205,452,805,207,74
475,936,1138,Shia004092Vols,12218,1272,1473,121,68
475,557,988,Shamela0013035,754,1021,1418,112,22
475,936,1210,Shamela0013132,153,1,285,181,74
475,1014,1210,Shia003636Vols,880,635,780,111,71
475,899,1210,Shamela0001733,253,588,907,230,88
475,508,838,Shamela0001733,3284,805,1293,116,26
475,1210,1401,Shamela0001733,4421,173,367,127,80
475,1091,1372,Shamela0001733,4820,1121,1443,139,56
475,813,1210,Shamela0012862,319,1,413,202,54
475,1010,1210,Shia003707Vols,333,918,1107,124,76
475,1014,1210,Shamela0001438,6320,870,1045,138,88
475,1081,1401,Shia002032,84,172,560,152,48
475,1014,1210,JK009390,5212,748,932,130,77
475,1002,1210,JK009390,6259,1250,1430,127,76
475,1014,1210,Sham19Y0127677,4407,703,886,127,74
475,1014,1210,Sham19Y0127677,6681,334,544,137,75
475,1002,1210,Shamela0001001,28,148,335,120,67
475,936,1210,JK000735,61,556,834,168,67
475,1014,1210,Shamela0012731,7,1315,1464,114,73
475,819,1210,JK000653,9,289,626,217,64
476,477,637,JK000021,12,28,190,121,93
476,477,637,Shamela0001733,2854,1173,1324,112,86
476,64,570,Shamela0001733,2855,934,1297,151,31
476,116,273,Shamela0001733,2856,583,1175,110,23
476,477,628,Shamela0001456,564,399,568,102,74
476,477,628,Sham19Y0146127,2106,52,205,102,81
477,64,538,Shamela0013178,121,713,1281,161,31
477,1191,1315,Shia002265Vols,387,361,491,92,90
477,1046,1315,Zaydiyya0000015,302,689,955,191,86
477,1191,1315,Sham19Y0122096,567,609,739,92,90
477,1046,1315,Shamela0010639,136,421,687,187,83
477,1191,1315,Shia002261Vols,41,709,839,92,90
477,928,1308,Zaydiyya0000229,288,357,753,254,75
477,1049,1308,Zaydiyya0000133,74,1113,1388,186,83
477,44,193,Shamela0012406,927,1129,1282,99,76
477,1191,1315,Shamela0001975,129,1217,1347,92,90
477,1011,1216,ShamAY0035035,2623,1350,1554,143,88
477,1191,1315,Shamela0021659,204,1036,1166,92,90
477,1046,1315,Zaydiyya0000067,213,448,611,115,53
477,40,193,ShamAY0032922,18,1257,1404,110,87
477,1191,1315,Shamela0009780,1284,336,466,92,90
477,1191,1315,Sham19Y0149697,55,1033,1157,92,89
477,1046,1315,Sham19Y0149697,10955,1130,1405,210,97
477,660,882,Shia004092Vols,4190,443,850,152,47
477,928,1315,Shamela0013132,85,979,1392,230,68
477,85,390,JK009408,1018,585,882,161,59
477,1,193,Shamela0021809,1920,749,929,106,59
477,459,882,Shamela0001733,551,674,1340,228,41
477,133,432,Shamela0001733,1473,418,838,176,50
477,1,193,Shamela0001733,3360,129,321,141,87
477,1046,1315,ShamAY0034134,834,636,898,186,83
477,928,1315,ShamAY0034134,835,139,542,285,87
477,35,193,Shamela0005737,121,158,310,99,77
477,928,1375,ShamAY0032826,1077,961,1270,156,43
477,1191,1315,Shamela0001438,591,697,821,92,89
477,1106,1315,Sham19Y0023625,1205,84,281,143,84
477,928,1308,Zaydiyya0000352,324,768,1160,257,78
477,276,390,Shamela0021481,202,1,198,70,47
477,1,193,Shamela0000782,919,352,540,112,68
477,1187,1315,JK009390,187,769,910,95,85
477,1191,1315,Shamela0010664,56,645,775,89,87
477,1191,1315,Shamela0010664,75,524,654,89,87
477,1191,1315,Sham19Y0127677,2598,397,520,92,90
477,1,129,Sham19Y0127677,10623,1046,1422,99,34
477,77,193,Sham19Y0127677,19745,498,791,78,32
477,1046,1334,Shamela0021589,1855,176,436,163,68
477,1163,1343,Shamela0007435,173,1,185,112,74
477,1046,1315,Shia003732Vols,5392,500,693,135,61
477,193,432,ShamAY0033590,31,615,995,154,49
478,300,637,Shia002185Vols,2060,1170,1419,180,67
478,300,637,Sham19Y0014119,556,956,1273,146,48
478,300,637,Shamela0010463,282,1026,1323,225,83
478,1,173,JK000977,64,903,1052,115,82
478,215,637,Shamela0013041,960,887,1138,173,50
478,300,831,Shia002265Vols,3519,601,1078,266,55
478,300,637,Sham19Y0122257,3012,112,436,155,51
478,201,651,Sham19Y0014601,5554,922,1393,301,75
478,662,989,Sham19Y0018103,3082,460,764,226,84
478,662,989,Shamela0037837,1052,1127,1440,212,75
478,1,173,ShamAY0033938,37,251,412,120,82
478,662,989,Shamela0005756,12150,1038,1351,226,82
478,215,827,Shamela0022547,488,381,959,330,60
478,662,989,Sham19Y0013252,7362,457,770,226,82
478,662,969,Sham19Y0013605,3685,1185,1462,211,85
478,419,637,Shamela0001975,91,479,646,128,70
478,357,877,ShamAY0033945,2404,30,537,247,52
478,237,898,ShamAY0033945,2665,164,450,196,38
478,419,637,Shamela0021659,83,597,764,128,70
478,766,989,Sham19Y0018328,416,310,544,174,93
478,288,455,Shamela0026803,101,1326,1490,117,83
478,455,637,Shamela0026803,102,1,173,129,86
478,63,827,Shamela0117359,1002,527,1144,365,55
478,300,637,Sham19Y0013614,721,354,678,158,52
478,288,637,Sham19Y0020944,1003,725,1059,242,85
478,1,173,Sham19Y0122406,150,371,532,120,82
478,662,963,JK000110,1331,1245,1515,205,85
478,63,827,Sham19Y0020591,1566,648,1274,359,54
478,339,637,Shamela0025800,2720,12,309,211,84
478,766,989,Sham19Y0013231,8784,1319,1549,174,94
478,288,637,Shia001237Vols,2821,414,747,231,79
478,419,637,Sham19Y0016976,1577,4,263,122,57
478,419,637,Shia002264,465,515,737,147,79
478,69,827,JK009408,1302,161,939,374,53
478,215,575,JK009187,40,1140,1371,165,58
478,766,989,Sham19Y0150962,1603,1305,1500,136,74
478,173,827,Shamela0001733,2996,66,714,377,63
478,201,548,Shamela0013042,6,1216,1566,227,76
478,662,1022,Shamela0021715,7718,522,870,237,77
478,789,959,Shamela0021715,7719,89,270,131,90
478,713,1165,ShamAY0032803,6,222,942,198,31
478,419,637,Shamela0001438,426,282,448,128,71
478,300,827,Shamela0001438,7019,982,1388,265,61
478,300,637,Sham19Y0127713,1707,1079,1369,216,80
478,362,643,Shia001881,68,5,291,194,82
478,237,651,Shamela0013034,30,924,1333,232,65
478,224,798,Shamela0025794,1310,889,1398,319,68
478,1,386,Shamela0025794,2055,784,1203,152,37
478,662,989,Sham19Y0018106,3204,275,588,226,82
478,1,173,Shia001887Vols,2178,511,668,122,86
478,237,827,JK000786,4103,581,1083,304,60
478,201,648,Shamela0004445,6811,414,858,313,85
478,201,648,Shamela0011818,45,981,1423,308,84
478,662,989,Sham19Y0018176,1847,286,599,226,82
478,419,637,JK009390,141,11,179,128,70
478,300,637,JK009390,6927,270,588,223,79
478,419,827,Sham19Y0127677,214,839,1232,155,36
478,1,173,Sham19Y0127677,13447,1224,1383,118,81
478,1,173,Sham19Y0127677,20113,278,434,118,85
478,423,637,Zaydiyya0000059,1086,1,243,164,83
478,63,827,Sham19Y0131521,5810,182,809,359,54
478,258,575,Sham19Y0131521,5820,1,559,227,51
478,258,637,Sham19Y0037618,4647,129,303,106,35
478,300,637,Shamela0010443,452,977,1274,225,83
478,69,558,JK000735,49,968,1408,214,48
478,300,827,Sham19Y0017903,1015,570,920,241,56
478,300,611,eScr20120309,241,503,800,198,74
478,312,637,Shamela0098087,89,982,1226,169,63
478,312,637,Shamela0025791,202,1170,1461,217,82
478,233,698,Shamela0004289,1589,973,1434,252,56
478,725,989,Sham19Y0016584,3433,1,268,200,91
478,630,989,Shamela0012736,1,784,1150,229,73
478,326,637,Sham19Y0013223,1001,973,1239,188,72
479,225,798,Shia002265Vols,2899,272,747,313,62
479,148,798,JK000916,7599,661,1277,360,57
479,225,798,Shamela0001438,6216,530,1005,313,62
479,216,798,JK009390,6177,779,1277,322,61
479,225,632,JK009390,6550,687,1061,256,73
479,225,798,Sham19Y0127677,4291,584,1055,316,65
480,793,1185,Shamela0006060,974,402,719,226,70
480,683,1202,Shia002265Vols,3297,817,1296,317,73
480,716,1202,Shia001782Vols,1964,106,518,306,77
480,785,1206,Shamela0001686,734,1,398,285,82
480,665,1069,Shamela0005756,5091,1151,1486,223,65
480,648,1073,Shamela0022547,1745,995,1417,283,77
480,665,810,Sham19Y0013252,2627,38,178,92,75
480,716,1145,Shamela0023644,639,1123,1471,196,57
480,455,1326,Shamela0021765,1604,132,939,448,61
480,690,1202,Sham19Y0148486,2169,1,504,344,78
480,394,1322,JK006801,1091,8,994,460,51
480,624,1185,Shamela0012579,1685,594,1075,329,71
480,624,922,Shamela0021809,2279,1178,1459,183,74
480,961,1326,Shamela0021809,2280,1,334,171,49
480,341,1202,Shamela0001733,3656,225,966,437,57
480,716,1202,Shamela0001438,7216,995,1427,313,79
480,648,1202,JK000786,3987,585,1107,362,79
480,716,966,JK009390,6440,1239,1460,140,67
480,716,975,Sham19Y0127677,5187,1212,1432,154,75
480,975,1202,Sham19Y0127677,5188,1,213,158,83
480,648,935,Sham19Y0127677,19841,1126,1403,177,73
480,935,1202,Sham19Y0127677,19842,1,255,194,88
480,716,1202,Sham19Y0037618,6294,11,516,337,80
480,1008,1202,Shia003732Vols,1702,180,355,135,83
480,766,1202,JK007049,109,1,417,295,81
480,648,1202,Sham19Y0146127,1128,56,555,352,78
480,716,1202,Shamela0012884,1167,369,754,282,72
481,267,452,Shia003699,156,22,229,111,59
481,1,205,ShamAY0033910,398,1212,1408,150,92
481,1,173,Shamela0012220,2011,1242,1410,134,97
481,818,1412,JK000021,2592,312,764,216,44
481,1,205,JK000475,422,790,979,143,88
481,1,348,JK000657,182,1070,1414,161,43
481,1,197,JK000533,3546,920,1070,105,67
481,1,197,Sham19Y0014309,2326,26,214,149,94
481,1,197,Shamela0025800,1954,622,812,150,94
481,1,197,Shamela0003722,8637,783,959,139,87
481,801,1270,Shamela0001733,883,487,1207,142,20
481,91,452,Shamela0001733,5030,206,593,158,40
481,1,197,Shamela0001733,5127,1181,1369,150,95
481,1,197,JK000134,4306,565,732,134,84
481,861,1403,Shamela0009082,277,41,541,245,48
481,1,242,Shamela0025794,5146,1,228,158,82
481,1,197,Shamela0006590,710,522,697,138,87
481,1,197,Shamela0096228,799,670,824,119,75
481,1,197,Shamela0003485,261,354,542,149,94
481,17,197,Shamela0026324,6051,1,177,139,96
481,1,197,Sham19Y0017903,352,748,937,150,94
481,45,205,JK000130,400,1,157,119,93
481,1,197,Sham19Y0149213,2396,1037,1200,129,81
481,1,197,Shamela0036446,284,985,1166,144,91
482,705,1413,Shia001782Vols,2633,1,912,302,36
482,808,1417,Shamela0009567,611,1,225,144,28
482,742,1417,Shia001976Vols,977,969,1278,181,33
482,181,1417,JK000021,2593,4,815,444,44
482,353,849,Sham19Y0038171,1166,89,413,143,29
482,353,849,ShamAY0035035,4714,927,1251,141,28
482,895,1417,Shamela0021765,1950,635,826,110,24
482,705,1214,Shamela0001719,3163,697,1306,259,47
482,549,945,Sham19Y0013667,5617,866,1286,156,39
482,670,1206,Sham19Y0013667,5618,1,631,278,51
482,225,447,Sham19Y0013667,5622,655,1194,153,34
482,423,963,Shia002003Vols,1914,1006,1400,204,46
482,963,1172,Shia002003Vols,1915,1,261,143,67
482,549,923,Sham19Y0148271,914,130,485,165,47
482,588,1172,Shamela0013132,67,850,1417,301,59
482,1029,1338,Shamela0021570,230,1,324,139,44
482,549,923,Shamela0001733,3042,669,991,189,56
482,970,1172,Shamela0001438,7697,68,284,140,77
482,746,1417,Shamela0025794,4694,491,765,134,24
482,970,1328,JK009390,5813,315,907,165,31
482,746,1160,Sham19Y0127677,5618,960,1447,161,32
482,756,1338,JK000691,11,482,1013,248,52
483,874,1266,Shamela0010480,1557,398,883,234,59
483,5,540,Shia001782Vols,2633,660,1070,236,53
483,334,453,Shamela0021550,259,1159,1279,94,97
483,988,1384,Shamela0012981,871,848,1272,176,40
483,173,615,JK000021,2595,130,568,207,47
483,1221,1396,JK000021,2595,1168,1329,127,90
483,148,663,Shia002034Vols,1408,764,1257,237,50
483,56,572,Shamela0022547,1724,617,1149,257,54
483,271,471,Sham19Y0038171,1165,859,1063,155,95
483,918,1396,JK000475,2117,96,583,181,37
483,1221,1396,Sham19Y0018100,287,859,1016,120,83
483,962,1400,Sham19Y0020591,1825,400,834,168,39
483,1180,1396,Shamela0001719,3165,507,716,155,87
483,1024,1400,JK007036,300,573,939,146,34
483,1180,1396,Sham19Y0013667,5618,1041,1265,149,79
483,785,1362,Shamela0013132,67,422,1058,300,54
483,142,681,Shamela0001733,1475,574,969,150,28
483,148,453,Shamela0001733,2315,1160,1416,199,82
483,868,1337,Shamela0001733,2718,753,1156,233,54
483,1259,1400,Shamela0001341,109,138,270,103,88
483,234,615,Shamela0009082,534,326,932,182,34
483,271,453,Shamela0001438,7085,81,254,127,84
483,271,457,JK001012,283,10,194,143,97
483,1067,1327,Shamela0008176,5887,1341,1496,123,58
483,1180,1400,Shia002119Vols,3647,1183,1404,149,80
483,271,453,JK009390,7015,384,570,137,91
483,1154,1396,Sham19Y0127677,19467,823,1053,146,73
483,256,533,Sham19Y0127677,19642,465,712,168,73
483,942,1337,JK007054,637,810,1277,214,51
483,1030,1396,JK000735,56,367,754,161,43
483,1259,1396,Shia003732Vols,4082,1020,1171,105,87
484,451,720,ShamAY0033569,22,672,1027,185,64
484,457,746,JK000916,13746,729,1077,177,60
484,466,788,Shia002230,19,1,433,195,55
484,506,1006,JK000021,2590,384,1034,203,35
484,1,156,Shia002034Vols,1795,298,445,102,84
484,493,802,Shamela0007289,5599,280,640,160,45
484,493,904,Shamela0030623Vols,22,788,1088,190,59
484,461,788,Shamela0030246,6,717,1054,168,55
484,277,415,Shamela0023644,1464,230,369,89,80
484,306,586,Shamela0002671,94,445,633,108,45
484,451,720,Shamela0013048,374,6,240,164,76
484,461,847,ShamAY0033686,1,239,1120,236,32
484,261,596,Shamela0026429,69,507,921,148,43
484,764,1209,ShamAY0034005,807,286,495,143,39
484,261,596,Shamela0012991,194,956,1334,141,40
484,771,1398,Shamela0007891,2117,1,447,236,41
484,461,942,Shamela0012865,8,863,1459,241,45
484,810,1083,Sham19Y0014592,1240,680,911,143,66
484,62,586,Sham19Y0017878,465,741,1396,184,26
484,742,1083,Shamela0005610,37,819,1086,182,68
484,493,720,ShamAY0032786,7,123,434,158,62
484,457,720,Shamela0029738,13,484,839,166,55
484,493,720,JK009154,177,980,1239,142,62
484,739,950,Shamela0010803,131,944,1172,161,89
484,461,714,ShamAY0032903,7,1144,1470,165,59
484,742,1083,Shia001887Vols,2539,320,587,182,68
484,457,720,JK000022,827,988,1249,146,58
484,461,720,Shamela0030327,91,529,859,181,68
484,457,847,Shamela0010444,5,594,1100,224,51
484,667,918,Sham19Y0127677,771,273,477,110,52
484,457,720,Shamela0010831,21,301,609,175,67
484,693,950,Shamela0025791,430,251,555,141,49
484,261,386,JK005004,826,1294,1413,84,83
485,873,1444,Sham19Y0014119,502,397,655,150,33
485,371,940,Shia002265Vols,2882,557,1155,214,35
485,487,940,Shia001782Vols,2634,637,1130,152,27
485,434,940,Shamela0009567,611,349,879,224,45
485,83,390,Shia001976Vols,810,874,1185,142,50
485,347,725,Shia001976Vols,1260,618,1065,160,40
485,916,1444,Shamela0000638,36,1,483,276,59
485,979,1444,Sham19Y0145212,2903,532,693,92,25
485,951,1444,ShamAY0033938,1632,89,696,260,49
485,86,390,JK000021,2590,384,910,136,33
485,425,725,JK000021,2591,251,628,211,67
485,490,1059,Shia002034Vols,350,388,924,253,45
485,890,1444,ShamAY0033945,2384,190,822,267,48
485,1138,1444,JK007065,177,45,355,197,72
485,1216,1444,Sham19Y0020638,1382,6,259,158,73
485,86,725,Shamela0012991,195,835,1398,268,46
485,1123,1444,Shamela0012991,197,322,590,165,58
485,451,899,Shamela0021765,1950,159,732,216,39
485,1123,1361,Sham19Y0122406,4240,677,918,149,67
485,895,1444,Shamela0008360,701,861,1097,131,30
485,421,940,Shamela0021635,355,55,512,182,36
485,1161,1391,Sham19Y0014309,2066,433,667,146,67
485,886,1227,Shamela0025800,1779,1009,1461,112,23
485,1230,1444,Shamela0025800,1780,5,244,149,72
485,1123,1434,Shia001831Vols,661,1229,1537,200,72
485,873,1444,Sham19Y0017791,1562,94,677,144,19
485,400,725,Shia002231Vols,496,1011,1381,154,41
485,873,1444,Sham19Y0148271,1239,843,1366,233,41
485,487,940,Sham19Y0148271,1542,498,968,203,42
485,1123,1344,Shamela0021809,3346,1251,1477,133,63
485,1,575,Shamela0001733,3693,743,1181,159,29
485,19,554,Shamela0005737,8,30,513,174,31
485,124,725,Shamela0001341,108,509,930,208,39
485,1161,1444,Shamela0001341,109,294,527,135,52
485,487,696,JK000216,461,707,917,138,79
485,338,725,Shamela0001438,7527,720,1155,164,38
485,451,940,Shamela0025794,1533,15,472,199,40
485,1123,1444,Shamela0025794,3673,596,936,212,71
485,1001,1444,JK000786,2558,17,402,234,61
485,494,725,Sham19Y0127677,5430,290,567,150,62
485,549,940,Sham19Y0127677,5464,1,460,170,36
485,487,725,Sham19Y0127677,5487,22,325,169,65
485,487,725,Sham19Y0127677,6367,239,540,144,51
485,602,940,Sham19Y0127677,20274,1,315,130,39
485,334,725,Sham19Y0131521,6587,751,1251,169,35
485,430,725,Shamela0007435,687,540,903,215,70
485,487,997,Shia003732Vols,4032,803,1265,229,49
485,899,1444,Shamela0004289,893,46,640,289,55
485,400,940,Shia001949,216,779,1255,182,30
485,400,725,ShamAY0033926,216,1036,1371,183,57
486,1037,1213,Shamela0023644,1461,826,994,116,80
486,903,1364,Shamela0001733,1440,962,1453,248,58
486,584,1139,Shia003732Vols,5501,1295,1485,122,27
486,88,331,Shamela0004289,894,1097,1305,128,64
487,593,1283,JK000475,2265,262,1043,286,36
487,113,767,ShamAY0033999,82,707,1459,242,33
487,916,1283,Shamela0001733,1706,432,858,198,50
487,1,775,Shia003616Vols,1706,495,1162,278,40
487,1071,1364,JK000786,3005,141,411,159,62
487,612,916,Shamela0008970,141,702,996,198,74
487,712,916,Sham19Y0000760,1244,298,472,133,80
487,623,1283,JK000735,206,12,938,279,30
487,445,1413,Shamela0004289,1201,256,1287,317,27
488,331,598,Shia001782Vols,3560,1214,1456,180,82
488,265,533,Shamela0022547,161,1325,1550,153,70
488,533,718,Shamela0022547,162,1,314,92,36
488,261,591,JK011499,47,819,1091,207,77
488,261,598,ShamAY0033945,2414,552,906,227,77
488,9,615,JK000475,2182,263,856,278,47
488,339,598,JK001236,203,529,783,186,88
488,261,598,Shamela0005806,21,37,346,226,82
488,339,615,Shamela0008353,32,1223,1518,193,77
488,182,598,Shamela0021765,2179,792,1203,241,65
488,265,598,Shamela0023700,92,786,1087,219,80
488,339,604,Sham19Y0014592,1443,1140,1408,182,81
488,255,598,Shamela0003722,6060,987,1316,231,78
488,261,591,Shamela0008473,138,481,1091,134,24
488,42,630,Shamela0013132,127,620,1245,287,48
488,58,598,Shamela0021809,117,70,529,252,56
488,16,615,Shamela0001733,114,65,602,300,55
488,777,1130,Shamela0001733,3363,374,784,227,65
488,1191,1447,Shamela0001733,4198,426,680,190,90
488,265,664,JK000481,244,360,768,238,68
488,384,615,Sham19Y0023625,543,646,877,152,77
488,339,591,Shamela0010664,669,1053,1313,167,73
488,189,598,Sham19Y0127677,13588,1034,1441,269,74
488,265,604,JK000691,14,1081,1402,230,80
488,64,615,JK000735,122,432,945,264,52
488,375,598,Shia003732Vols,3202,1,231,163,84
488,357,598,Shia003732Vols,3205,834,1086,147,62
488,339,598,Sham19Y0035453,226,234,469,167,77
488,331,615,Shamela0011816,629,779,1030,165,70
488,339,598,Sham19Y0013223,1123,279,521,177,84
489,400,1082,Shamela0013178,419,707,1194,295,51
489,1049,1319,Shamela0012403,169,1145,1473,141,45
489,394,1006,ShamAY0034128,536,936,1404,244,47
489,1049,1482,ShamAY0033910,660,128,529,177,43
489,1049,1482,Shia002034Vols,740,281,1000,180,28
489,1102,1341,Shamela0022547,959,878,1077,133,72
489,479,1019,JK007097,1738,490,1046,350,71
489,441,989,Shamela0000956,1416,1010,1332,203,42
489,594,1244,Shamela0021765,2598,11,587,251,42
489,469,1019,Shamela0023700,2307,338,815,329,71
489,1093,1482,Shamela0021635,238,24,460,183,45
489,556,1006,Sham19Y0017878,367,56,450,221,56
489,394,844,Shamela0003722,754,1049,1501,329,87
489,742,1019,Shamela0003722,755,7,260,141,54
489,1093,1319,Shamela0003722,5661,975,1162,142,80
489,404,1019,JK007082,592,9,623,324,59
489,1049,1337,Sham19Y0148271,788,27,260,142,61
489,469,1244,Sham19Y0148271,2025,548,1281,387,55
489,469,989,JK009408,1982,349,892,299,59
489,1102,1337,Sham19Y0036114,495,1075,1275,150,82
489,469,1019,Shamela0021809,2690,737,1301,354,71
489,7,613,Shamela0001733,4198,680,1208,258,45
489,394,926,Shamela0009810,1515,995,1448,231,48
489,195,1019,JK000481,242,589,1294,368,46
489,394,1006,Shia001731Vols,889,595,1139,277,50
489,644,1082,Shamela0025794,3870,1,477,267,62
489,504,1251,Shamela0001456,286,713,1453,275,35
489,885,1341,Shamela0000782,588,794,1134,175,43
489,885,1337,Sham19Y0127677,11575,251,657,193,52
489,688,1019,Sham19Y0127677,15142,10,298,194,70
489,559,989,Shamela0001500,28,1070,1452,219,57
489,469,959,JK007049,146,1004,1436,285,69
489,1049,1482,JK000130,661,370,768,181,43
489,548,989,JK000653,321,1,445,181,41
490,232,726,Shamela0012749,9,67,578,239,49
490,1,364,Shamela0022547,860,647,1018,240,75
490,754,1078,JK007065,852,22,356,192,70
490,669,1059,Shamela0023644,1505,641,952,235,76
490,1,390,Shamela0007891,774,255,708,246,65
490,618,1136,ShamAY0033567,9,169,620,232,49
490,1,269,Shamela0000041,235,196,488,196,84
490,1,364,Shamela0021766,293,706,1138,172,39
490,1,1196,Shamela0008658,2371,957,1379,176,17
490,709,1064,Shamela0012579,2803,335,640,231,81
490,1,588,ShamAY0033698,10,327,632,170,34
490,258,857,Shamela0021315,249,825,1440,313,61
490,1,588,Shamela0021556,161,880,1132,189,40
490,237,588,Shamela0026428,22,675,1055,232,75
490,249,588,Shamela0012750,226,421,765,218,74
490,1,243,Shamela0011816,672,259,525,187,88
491,1216,1448,Shia002265Vols,2871,58,245,124,66
491,1254,1448,Sham19Y0017063,337,131,347,146,85
491,1241,1439,Shia001782Vols,713,725,891,97,60
491,1241,1439,Shamela0009567,207,1251,1417,97,60
491,1219,1448,Sham19Y0122257,937,587,793,134,68
491,1047,1439,Shia001976Vols,840,838,1235,105,25
491,1299,1409,Sham19Y0122096,3139,1112,1574,82,23
491,1210,1448,Sham19Y0016684,1828,1,277,178,81
491,1219,1448,Sham19Y0145212,1228,311,542,154,78
491,1147,1448,Sham19Y0018103,2377,526,882,213,73
491,1147,1448,Sham19Y0018103,3422,188,516,212,78
491,1163,1448,Sham19Y0018103,4259,540,800,170,73
491,1147,1448,Shamela0037837,736,1127,1434,201,75
491,106,985,Shia001937,30,254,553,201,28
491,1219,1448,ShamAY0033728,52,631,888,172,84
491,142,1219,Shamela0012981,747,685,1469,424,43
491,1192,1448,Sham19Y0001729,1021,1029,1225,148,74
491,1147,1448,Shamela0005756,10110,882,1244,213,72
491,1237,1448,Shamela0005756,15392,1,176,117,66
491,1147,1448,Sham19Y0013252,6120,864,1220,213,73
491,1219,1448,Sham19Y0013252,6143,1214,1480,171,80
491,1263,1448,Sham19Y0013252,8622,1,226,143,80
491,1163,1448,Sham19Y0013252,10816,969,1229,170,73
491,1147,1409,Sham19Y0013605,2935,854,1173,183,70
491,1147,1448,Sham19Y0013605,4074,366,694,212,78
491,1219,1448,Sham19Y0013605,5078,550,771,142,72
491,1111,1448,JK000657,71,258,557,189,69
491,177,388,Shamela0010668,946,947,1142,136,74
491,1192,1439,JK007065,438,552,1054,162,39
491,398,1273,Shamela0026548,38,55,387,180,24
491,1219,1448,JK001236,219,804,1030,146,71
491,1216,1448,Sham19Y0020638,1022,661,908,160,76
491,1099,1448,Shamela0026429,124,96,456,203,66
491,1071,1448,ShamAY0034005,331,83,448,219,68
491,1147,1414,Shamela0012991,106,1047,1285,139,64
491,1268,1448,Shamela0012991,110,1,216,135,80
491,110,510,Shamela0012991,152,1138,1466,235,72
491,1219,1448,JK009324,3262,666,947,149,68
491,1060,1448,Shamela0007891,786,854,1286,221,59
491,1273,1448,Zaydiyya0000142,268,1284,1483,126,75
491,1299,1391,Shamela0021660,4048,1020,1475,66,19
491,1219,1448,Sham19Y0127656,695,440,659,132,64
491,1147,1448,JK000110,917,623,978,212,73
491,1147,1448,JK000110,1510,936,1262,211,78
491,1136,1448,JK000110,1951,241,522,178,70
491,1219,1448,Shamela0008360,232,165,371,134,68
491,1125,1448,Sham19Y0148486,2106,45,387,220,75
491,137,358,Shia002218Vols,936,1264,1472,143,79
491,1223,1448,Shamela0025800,1784,257,539,172,77
491,1219,1448,Sham19Y0016976,569,185,437,163,80
491,585,1047,Shamela0009270,95,995,1174,128,35
491,89,388,Shamela0009270,143,664,1083,210,60
491,1219,1414,Sham19Y0017791,517,1258,1476,135,77
491,1219,1448,Sham19Y0017791,518,39,521,135,36
491,1207,1439,Shia001886,12,1032,1251,105,59
491,1241,1439,Sham19Y0148271,148,414,580,97,60
491,449,1273,Sham19Y0148271,1932,1,427,191,26
491,1207,1439,Shamela0013132,134,786,1005,106,58
491,604,1116,JK009408,1817,629,1155,226,42
491,1216,1448,Sham19Y0013572,481,1123,1318,139,73
491,561,1263,Shamela0021809,2476,252,885,308,45
491,1053,1448,Shamela0001733,2650,779,1160,262,84
491,83,527,Shamela0001733,3927,434,1160,302,49
491,1147,1448,ShamAY0034134,902,398,735,218,80
491,1216,1448,Sham19Y0127700,154,461,687,172,94
491,1147,1448,Shamela0021715,5680,66,422,213,73
491,1147,1448,Shamela0021715,8720,83,417,212,77
491,1299,1448,JK001239,123,539,1051,112,28
491,1216,1448,Shamela0001341,59,962,1239,162,71
491,1216,1448,Shamela0001438,6788,1131,1318,124,66
491,1219,1448,Shamela0008176,2098,471,708,154,78
491,1087,1448,Shamela0010803,226,77,511,228,65
491,1241,1439,Shamela0025794,2426,187,353,97,60
491,398,1273,Shamela0025794,4144,29,559,213,25
491,561,994,Shamela0025794,4151,1099,1482,278,77
491,1147,1448,Sham19Y0018106,2498,266,622,213,73
491,1147,1383,Sham19Y0018106,3508,1225,1480,161,76
491,1163,1448,Sham19Y0018106,4258,1029,1289,170,73
491,1147,1448,Sham19Y0018176,1332,571,927,213,73
491,1147,1448,Sham19Y0018176,2072,1062,1390,212,78
491,1136,1448,Sham19Y0018176,2584,567,849,179,71
491,527,1047,JK000022,2166,239,809,295,56
491,128,718,Shamela0000782,1205,301,946,279,42
491,77,689,Shamela0008970,87,405,1068,283,46
491,1200,1448,Sham19Y0127677,4883,897,1103,129,64
491,124,985,Sham19Y0127677,14577,960,1362,244,32
491,1216,1439,Sham19Y0127677,19364,888,1082,110,61
491,1071,1448,ShamAY0038144,11,1047,1394,225,71
491,1147,1387,JK011184,356,992,1304,115,39
491,1219,1424,eScr20120309,227,809,1015,130,74
491,1163,1448,Sham19Y0146127,1093,951,1251,189,73
491,106,985,JK000013,28,34,328,200,28
491,128,718,Shamela0026359,12,904,1180,170,36
491,1147,1448,Shamela0004289,810,103,418,209,78
491,1147,1448,Sham19Y0016584,2632,685,1041,213,73
491,1147,1448,Sham19Y0016584,3825,236,564,212,78
491,1147,1448,Sham19Y0016584,4839,672,952,132,51
491,1263,1448,Shamela0036446,268,1,217,138,79
491,1216,1448,Shamela0096283,283,1034,1332,174,73
492,770,993,Shamela0003118,4791,521,763,163,84
492,749,1189,Shia002265Vols,2868,643,990,162,41
492,89,278,Shia001782Vols,713,713,897,135,85
492,37,272,Shamela0009567,207,1194,1417,160,81
492,774,968,Sham19Y0122257,3465,1274,1505,132,70
492,774,993,Shamela0008657,549,1013,1279,148,68
492,677,1110,JK000916,16428,672,1208,237,56
492,54,434,Shia001976Vols,840,1010,1356,199,63
492,774,993,Sham19Y0145212,3783,1131,1396,143,65
492,110,278,Shamela0095735,262,873,1045,130,94
492,754,989,Sham19Y0038171,1183,692,978,149,61
492,796,979,Shia003754Vols,306,401,614,127,70
492,757,993,JK001236,220,508,799,155,65
492,37,815,Shamela0021765,1312,855,1350,188,26
492,714,1194,ShamAY0033973,18,680,1123,182,39
492,774,993,Shamela0008360,950,1154,1419,144,66
492,761,993,Shamela0025800,2412,915,1191,154,68
492,714,1189,JK000482,279,88,557,219,46
492,754,993,Shia004092Vols,6253,321,588,142,64
492,754,1343,Shia004092Vols,7474,558,1390,216,26
492,714,1122,Shia004092Vols,8599,869,1465,246,48
492,754,1301,Shia004092Vols,8600,386,831,280,58
492,754,963,Shia004092Vols,13058,263,484,135,72
492,754,993,Shamela0006617,949,773,1000,120,58
492,54,278,Shia001886,12,1011,1257,157,76
492,714,1110,Shia002231Vols,562,41,527,228,60
492,37,430,Sham19Y0148271,148,351,724,203,59
492,705,1189,Sham19Y0148271,1710,811,1304,244,55
492,50,430,Shamela0013132,134,761,1276,230,54
492,407,567,Sham19Y0013572,481,1148,1318,121,89
492,754,1189,ShamAY0034134,893,1039,1471,194,42
492,1,278,ShamAY0034134,903,1175,1433,181,79
492,611,1189,Shamela0009082,269,6,556,209,35
492,749,993,Shamela0001438,5593,1239,1480,134,58
492,774,1226,Shamela0008176,7770,732,1153,147,30
492,705,1205,Shamela0025794,159,132,585,259,60
492,714,1199,Shamela0025794,203,119,649,234,50
492,37,430,Shamela0025794,2426,132,502,192,48
492,714,1359,Shia003616Vols,2566,25,658,183,23
492,719,1189,JK000786,2304,1,431,194,41
492,705,1189,JK000786,2958,57,535,219,48
492,714,1189,Shamela0004445,3655,996,1434,240,59
492,754,968,Shia003702,48,1208,1428,127,66
492,749,993,Sham19Y0127677,3627,309,551,135,59
492,749,993,Sham19Y0127677,17607,556,798,134,58
492,86,278,Sham19Y0127677,19364,888,1088,147,92
492,774,1189,Shamela0001001,90,352,780,191,45
492,757,979,Shia003729Vols,74,1179,1437,155,73
492,54,820,Shia001949,78,468,926,173,27
493,1025,1174,Shamela0009082,777,1369,1504,91,73
493,947,1390,JK000624,238,28,491,247,61
495,862,1136,Shamela0010480,465,187,523,140,51
495,841,1085,Shamela0022547,345,1168,1421,133,59
495,747,1109,Shamela0000956,45,446,718,134,47
495,716,1333,Shamela0008206,254,11,217,96,18
495,865,1385,Shamela0001733,75,163,722,237,46
495,881,1296,Shia001887Vols,2630,134,704,164,34
495,468,889,JK011598,100,923,1347,94,18
496,471,1023,Shamela0001733,2312,408,1049,255,45
496,825,1042,Shamela0001733,3140,1232,1476,132,63
496,76,442,JK000646,15,947,1287,161,53
497,166,516,Shia001782Vols,2648,346,696,160,45
497,434,800,JK001297,472,90,256,118,39
497,1019,1436,Shamela0007891,2059,818,1330,278,67
497,1235,1436,Shamela0001453,89,1129,1325,144,88
497,995,1359,Sham19Y0148271,591,924,1313,180,55
497,995,1409,Shamela0005610,175,884,1244,168,45
497,1019,1436,Shamela0021809,862,854,1451,235,43
497,786,1436,Shamela0001733,1176,710,1381,349,62
497,16,261,ShamAY0034134,1149,557,872,183,73
497,75,717,Shia002069Vols,664,668,1356,230,33
498,1341,1463,Shia002265Vols,900,487,607,91,89
498,851,1056,Shia002265Vols,1026,1200,1409,131,69
498,1060,1463,Shia002265Vols,1027,1,385,298,90
498,333,784,Shamela0000772,74,959,1415,254,61
498,424,666,Sham19Y0017451,22,1342,1585,147,67
498,946,1153,Shia002616Vols,2716,1266,1512,129,61
498,460,640,Shamela0009379,118,11,175,116,76
498,333,790,Zaydiyya0000229,317,38,514,253,61
498,1220,1463,ShamAY0035960,570,545,782,170,83
498,333,634,Sham19Y0001729,268,1153,1482,173,62
498,1220,1463,ShamAY0033523,569,406,644,170,83
498,333,778,JK000475,2041,768,1256,277,67
498,286,778,Shamela0005805,39,906,1345,263,61
498,353,778,Shamela0007891,2192,367,844,255,66
498,383,830,Shia001901,373,45,544,262,62
498,272,880,Shamela0023700,346,628,1189,283,54
498,387,730,Shamela0023700,2471,1182,1468,167,62
498,93,220,ShamAY0034123,325,1247,1371,85,79
498,896,1153,JK000917,706,296,640,154,52
498,338,823,Shamela0003722,4805,463,937,264,62
498,333,784,Shamela0026722,8,1051,1502,251,61
498,1341,1463,Sham19Y0018632,85,632,754,87,88
498,333,784,Shia002231Vols,245,884,1328,251,64
498,333,730,Shia002231Vols,368,1054,1456,222,64
498,888,1153,Shamela0023582,371,604,997,146,45
498,790,1268,JK009408,441,1010,1457,347,89
498,1268,1463,JK009408,442,1,194,148,92
498,383,778,JK009408,2081,116,490,250,76
498,794,1212,Shamela0007268,13,708,1274,261,52
498,1220,1463,Shamela0007268,14,18,255,178,89
498,387,1153,Shamela0021809,361,132,855,347,47
498,262,1463,Shamela0001733,1479,41,1201,881,90
498,387,978,JK000946,42,447,1108,288,48
498,773,1463,Shamela0006463,22,277,1294,438,50
498,794,1153,Shamela0006446,264,949,1403,219,56
498,666,1457,Shamela0006446,265,1,479,258,40
498,387,790,Shamela0023100,91,578,948,260,79
498,387,983,Shamela0023100,332,909,1460,293,58
498,1341,1463,Shamela0001438,1467,761,876,91,93
498,1013,1463,Shamela0001438,6361,1,424,327,88
498,387,1212,JK000481,268,556,1348,336,45
498,387,1153,Shamela0025794,3847,481,1413,342,38
498,333,794,Zaydiyya0000352,354,919,1410,262,62
498,313,784,Shamela0012750,594,287,751,285,71
498,387,790,ShamAY0035223,3,557,957,270,80
498,333,784,Shamela0030327,108,172,620,250,61
498,1341,1463,JK009390,786,512,627,90,92
498,851,1463,JK009390,5494,770,1371,434,83
498,1341,1463,Sham19Y0127677,686,820,935,91,93
498,859,1463,Sham19Y0127677,4440,780,1356,423,84
498,1341,1463,Sham19Y0127677,13153,1075,1195,91,89
498,424,784,Zaydiyya0000059,1065,1097,1441,211,67
498,773,1457,Shamela0008680,97,242,523,188,33
498,443,794,Sham19Y0037618,3606,40,396,215,67
498,84,227,Shamela0007435,1063,1236,1378,98,81
498,481,799,ShamAY0032809,3,1,313,213,80
498,333,778,Shamela0004289,871,762,1192,276,74
498,377,790,Shamela0009564,95,478,887,273,80
498,424,784,Sham19Y0013223,987,1042,1398,215,66
499,716,1237,Sham19Y0014119,227,165,908,370,61
499,1237,1454,Shamela0013178,126,294,506,159,90
499,349,1237,Shia002265Vols,5269,41,616,302,36
499,749,1237,Sham19Y0017063,425,670,1295,349,68
499,749,1237,Shamela0009783BK4,71,641,1319,299,53
499,880,1156,Sham19Y0122257,1145,1,397,197,60
499,25,646,Shamela0030305,68,1,600,465,93
499,749,958,Sham19Y0014601,5350,1188,1412,149,82
499,958,1204,Sham19Y0014601,5351,793,1107,173,63
499,749,905,Sham19Y0014601,5351,69,325,117,57
499,962,1237,ShamAY0034230,4951,1231,1552,181,62
499,57,378,Shamela0001686,2380,411,746,228,81
499,749,1232,JK007016,100,813,1435,293,57
499,278,745,JK007016,100,25,553,159,30
499,671,1243,Zaydiyya0000229,268,527,1336,389,58
499,749,943,JK000386,1010,1292,1476,127,79
499,943,1237,JK000386,1011,56,422,210,68
499,671,1435,JK000021,2307,918,1324,139,20
499,980,1237,Sham19Y0038171,1583,320,600,185,77
499,349,573,Shamela0001975,22,10,180,98,48
499,980,1237,Shamela0001975,995,504,810,184,71
499,980,1133,ShamAY0035035,6221,486,998,119,28
499,90,791,JK000475,2040,313,877,244,35
499,980,1237,Shamela0021659,1375,390,669,185,78
499,749,958,JK001236,6,363,565,136,78
499,716,1435,Shamela0117359,947,7,883,412,52
499,703,1049,ShamAY0033949,18,836,967,74,25
499,133,423,ShamAY0033949,26,7,264,187,78
499,749,1237,Sham19Y0020944,929,715,1360,343,64
499,745,1049,Sham19Y0132971,379,378,580,123,48
499,867,1237,Shamela0009780,1053,1,506,265,62
499,349,474,Shamela0021660,247,1394,1538,97,84
499,671,1038,Sham19Y0020591,1468,847,1461,245,49
499,1038,1435,Sham19Y0020591,1469,276,604,188,53
499,749,1168,Shamela0008360,295,881,1435,303,66
499,646,1435,Sham19Y0148486,6663,283,1400,443,46
499,749,1178,Shamela0025800,3458,911,1472,306,66
499,854,1164,Sham19Y0013231,7955,1,411,169,48
499,25,646,Shamela0003722,4550,801,1417,459,89
499,646,1190,Shamela0008203,36,672,1448,364,56
499,716,1425,Shamela0008473,3565,850,1495,221,29
499,224,646,Shamela0008473,3566,1,411,313,90
499,671,876,Shamela0001442,960,159,461,126,50
499,716,1237,Sham19Y0016976,660,437,1172,371,62
499,716,1237,Sham19Y0017791,627,9,750,370,61
499,993,1232,Sham19Y0017791,628,424,935,172,41
499,25,796,Sham19Y0148271,287,527,1390,486,66
499,976,1164,Sham19Y0148271,288,12,246,125,66
499,716,1164,Tafsir09084,1808,929,1361,191,42
499,300,646,Tafsir09084,1809,1,343,268,96
499,749,1237,Sham19Y0150962,1363,593,1206,352,69
499,57,1049,Shamela0021809,361,529,1441,550,65
499,516,832,Shamela0021809,362,58,406,140,43
499,1,249,Shamela0001733,1479,1201,1454,194,96
499,249,1401,Shamela0001733,1480,1,1455,854,70
499,234,791,Shamela0026383,45,77,646,213,35
499,149,595,JK000216,16,417,904,230,54
499,70,437,Shamela0026884,350,8,419,185,52
499,657,872,Shamela0023100,91,1118,1404,121,51
499,25,505,Shamela0023100,91,209,927,258,42
499,993,1435,Shamela0023100,333,195,578,148,37
499,161,516,Shamela0023100,333,1,419,181,47
499,349,595,Shamela0001438,112,218,518,188,76
499,980,1237,Shamela0001438,2803,201,478,182,76
499,595,1237,JK000481,269,43,809,299,44
499,737,1237,Sham19Y0023625,1987,573,1347,297,43
499,848,1237,Shamela0008176,2563,1,508,276,65
499,57,412,Shamela0025794,3847,1108,1454,244,82
499,412,1164,Shamela0025794,3848,1,707,382,57
499,25,640,Shia003616Vols,4617,874,1481,412,79
499,671,1291,Zaydiyya0000352,304,76,911,398,55
499,980,1295,Shamela0012750,593,943,1191,108,44
499,31,437,Shamela0012750,593,593,1057,200,49
499,349,595,JK009390,51,914,1220,188,76
499,976,1237,JK009390,2515,28,319,188,76
499,832,1237,Shamela0021629,568,11,576,295,64
499,349,595,Sham19Y0127677,76,703,1010,189,76
499,980,1237,Sham19Y0127677,2392,391,668,182,76
499,1237,1454,Sham19Y0127677,13271,154,377,169,94
499,958,1237,Sham19Y0127677,13421,5,294,180,66
499,749,1435,Sham19Y0127677,13601,304,1172,411,53
499,667,1435,Sham19Y0127677,13603,363,1369,427,45
499,671,958,Sham19Y0131521,5518,982,1426,191,52
499,943,1435,Sham19Y0131521,5519,8,481,255,54
499,749,1237,Sham19Y0017903,936,624,1252,358,69
499,685,1228,JK007049,179,685,1402,268,44
499,703,958,Sham19Y0146127,3693,1040,1398,177,60
499,671,1049,Shamela0004289,922,840,1430,255,53
499,1008,1237,Shamela0004289,923,8,204,147,77
499,808,1237,Shamela0012014,203,1,559,309,66
499,25,516,JK011598,5,178,532,235,58
499,749,1435,Shamela0036446,1046,54,841,363,55
499,749,1237,Sham19Y0013223,1014,172,788,355,70
500,637,828,JK000732,87,342,520,125,76
500,637,951,Shamela0012579,1650,856,1094,151,61
500,890,1243,JK001227,269,883,1353,148,33
500,533,951,Shamela0021809,1245,755,1170,195,53
500,1,595,Shamela0001733,1481,55,623,363,71
500,438,1086,Shamela0001733,1696,377,917,231,37
500,1066,1243,ShamAY0034134,1248,42,206,110,78
500,475,855,ShamAY0033698,18,913,1340,195,50
500,475,960,JK001241,3,73,676,201,35
500,1102,1243,Sham19Y0023625,1429,483,606,82,75
500,89,326,Shamela0012750,198,66,269,124,67
500,566,1086,Shamela0013068,159,83,682,200,32
500,1,595,Sham19Y0127677,13271,377,885,288,54
501,837,1379,Shamela0012981,1945,172,644,181,34
501,901,1245,Shia002034Vols,1559,869,1221,232,78
501,967,1268,ShamAY0034644,286,1006,1267,170,67
501,1223,1473,JK009408,2490,187,451,174,75
501,416,863,Shia002069Vols,389,837,1441,254,45
501,863,1230,Shamela0009810,1278,183,467,160,53
501,986,1379,JK000786,1014,275,551,155,48
501,986,1230,Sham19Y0127677,13419,681,889,138,69
502,988,1173,Sham19Y0127677,13690,5,166,124,81
502,988,1166,Sham19Y0127677,19129,867,1027,119,80
503,4,760,ShamAY0033938,1432,319,970,281,41
503,190,452,Shamela0030769,77,1168,1448,151,65
503,1073,1385,Sham19Y0038171,1587,425,687,189,72
503,1073,1385,ShamAY0035035,6226,823,1085,189,72
503,982,1385,ShamAY0035035,9123,483,826,218,63
503,712,1252,Shamela0012991,66,892,1477,208,34
503,751,1391,Shamela0013039,102,594,1187,307,54
503,4,760,Sham19Y0122406,3834,814,1465,281,41
503,47,775,Shamela0021635,348,382,1136,283,37
503,1,756,Shamela0012579,1131,783,1350,182,24
503,201,778,Sham19Y0127677,14418,235,1028,135,16
503,4,609,JK007049,8,1046,1348,178,37
504,992,1220,Shamela0009076,548,48,197,103,57
504,266,388,Shia002265Vols,930,1,142,72,51
504,1016,1470,Shia002265Vols,930,417,852,158,34
504,148,388,Shia001782Vols,2651,813,1050,158,75
504,416,1190,Shamela0009567,616,792,1424,363,56
504,388,1270,Shamela0022547,1579,457,1360,573,72
504,429,1224,Shamela0022547,1580,222,578,235,37
504,113,388,ShamAY0035035,6238,1153,1432,177,76
504,32,412,Shamela0013039,58,565,977,232,65
504,943,1314,Sham19Y0148271,1276,9,336,206,68
504,211,388,Shamela0001438,1053,404,600,115,63
504,1016,1232,Shamela0001438,1238,644,821,113,64
504,416,1470,Shamela0025794,786,445,1260,463,53
504,996,1224,JK009390,740,728,916,117,62
504,152,388,JK009390,911,596,827,136,60
504,211,388,Sham19Y0127677,889,513,707,114,62
504,982,1224,Sham19Y0131521,6447,1021,1220,124,62
504,982,1224,Sham19Y0018272,664,520,732,114,52
504,388,1482,Shamela0004289,924,372,996,292,33
504,982,1270,Shamela0011816,698,160,788,213,43
505,1221,1418,ShamAY0033886,326,1046,1283,109,56
505,1186,1418,JK001293BK1,931,903,1150,113,51
505,1073,1418,JK009408,526,9,340,138,36
505,986,1418,Shamela0001733,619,781,1200,182,39
505,1,882,Shamela0001733,3477,411,1363,567,70
506,1,174,Sham19Y0014119,75,401,561,129,91
506,1,116,Shamela0009076,29,572,741,83,56
506,1,174,Shia002265Vols,5342,359,525,132,93
506,1,116,Shia002265Vols,5343,158,325,83,57
506,1,116,Shia002265Vols,5344,356,537,74,48
506,1,174,Sham19Y0017063,69,143,303,129,91
506,432,916,Shia001782Vols,1538,1143,1571,244,52
506,602,1093,Shamela0009567,855,740,1164,256,60
506,289,580,JK000916,19352,400,688,211,85
506,1,116,Sham19Y0122096,2285,842,1023,74,48
506,1,174,Sham19Y0122096,2292,1028,1199,132,91
506,423,1093,Shamela0007266,164,59,538,250,44
506,1,116,Shia002261Vols,224,899,1080,74,48
506,1,174,Shia002261Vols,225,979,1150,132,91
506,454,1038,JK000021,1635,483,1119,327,56
506,444,716,Shamela0026733,6,1271,1500,113,53
506,729,1093,Shamela0026733,7,1,362,221,68
506,289,768,Shia002034Vols,1227,424,976,242,46
506,1,174,Sham19Y0022797,594,1076,1240,129,92
506,1,481,Sham19Y0001729,1937,43,430,175,35
506,9,136,JK007006,1007,419,654,95,48
506,945,1485,Sham19Y0038171,1073,437,1104,236,41
506,1,213,Shia001432Vols,24428,700,1356,90,15
506,1,116,Shia001432Vols,30358,527,1088,74,16
506,1,174,Shamela0001975,540,1205,1395,132,81
506,590,916,ShamAY0033945,709,1112,1403,214,78
506,320,768,ShamAY0033945,710,67,461,224,52
506,1,116,Shamela0021659,765,1286,1467,74,48
506,1,174,Shamela0021659,767,224,395,132,91
506,707,908,Shamela0008381,3403,1145,1338,154,93
506,5,180,Shamela0008353,286,373,551,119,73
506,401,1093,Shamela0021765,1260,593,1326,310,47
506,1074,1360,Shamela0005922,1885,1009,1304,179,69
506,344,560,Shamela0005922,2702,1414,1594,144,82
506,1,481,Shamela0009993,37,597,925,155,37
506,1,473,Sham19Y0014592,183,904,1325,175,35
506,627,916,ShamAY0033973,155,1216,1472,206,87
506,1,166,Shamela0001453,64,1012,1182,112,71
506,1,174,Sham19Y0016976,173,1003,1163,129,91
506,1,428,Shia004092Vols,3633,714,1193,146,30
506,1,197,Shia004092Vols,3634,247,433,127,74
506,1,161,Shia004092Vols,8876,1374,1517,98,73
506,5,180,Sham19Y0016618,222,584,762,119,73
506,1,174,Shamela0021766,2900,6,171,128,88
506,1,174,Sham19Y0017791,97,1038,1198,129,91
506,1,481,Shia002231Vols,65,35,395,173,38
506,1,423,Shamela0029677,1358,385,753,166,46
506,1,477,JK009408,526,351,676,165,39
506,1,116,JK009408,1544,37,218,74,48
506,1,174,Sham19Y0039268,88,656,827,117,73
506,1,384,Shamela0001733,619,1200,1428,152,51
506,580,1093,Shamela0001733,2861,569,1182,301,56
506,1,116,Shamela0001733,3143,445,626,74,48
506,5,174,Zaydiyya0000046,170,1,162,129,94
506,1023,1360,Shamela0011498,247,442,869,128,29
506,1,174,Shamela0001438,2295,1020,1187,132,93
506,1,116,Shamela0001438,2296,54,221,83,57
506,1,166,Shia003101Vols,127,554,702,102,74
506,602,1093,Shamela0025794,606,641,1106,278,61
506,344,586,ShamAY0038067,505,318,556,178,85
506,1,166,Sham19Y0143167,98,985,1133,102,74
506,1,116,Sham19Y0143167,99,191,372,74,48
506,1,166,Shamela0036558,88,625,796,110,74
506,1,473,Shamela0000782,730,932,1362,155,28
506,289,580,Shamela0013068,202,111,403,211,84
506,1,116,JK009390,1344,963,1144,74,48
506,1,174,JK009390,1349,739,911,132,90
506,1,116,JK009390,1353,508,675,83,57
506,1,174,Shamela0021629,173,453,638,117,69
506,1,116,Sham19Y0127677,1465,805,986,74,48
506,1,174,Sham19Y0127677,1467,1138,1305,128,91
506,1,111,Sham19Y0127677,1468,1471,1633,79,56
506,1,174,Sham19Y0127677,7723,939,1104,132,94
506,1,174,Zaydiyya0000059,1156,340,505,132,94
506,1,180,JK001324,271,1074,1276,123,67
506,707,916,Shamela0008476,981,883,1086,160,92
506,961,1354,ShamAY0033531,2536,409,715,113,30
506,14,174,Sham19Y0018272,1299,502,762,116,55
506,423,916,Sham19Y0035453,134,415,804,215,49
506,1,248,Shamela0004289,942,1198,1425,129,58
506,1,180,Shamela0036446,37,783,897,89,61
506,1,174,Zaydiyya0000017,28,359,531,132,90
506,1,174,Zaydiyya0000017,76,777,947,131,90
507,1,540,Shamela0030341,7,479,1147,287,52
507,1055,1211,Sham19Y0022884,863,311,468,113,83
507,1,552,Shamela0009853,7,913,1308,106,17
507,1089,1404,Shamela0009853,8,102,683,171,36
507,129,540,Shamela0009853,8,52,202,37,9
507,205,540,ShamAY0032939,8,1,385,184,58
507,931,1388,Shamela0001733,4713,547,1044,235,54
507,18,709,Shamela0001733,5124,135,551,154,24
508,25,618,ShamAY0034282,1378,106,661,212,33
508,1,337,Shamela0021765,1740,342,679,167,52
508,9,328,Shamela0021809,340,680,1294,139,27
508,520,1034,Shia001887Vols,3629,609,875,181,43
508,39,218,JK000786,2126,927,1084,111,76
508,39,218,JK000786,2140,952,1113,120,82
508,52,365,Shamela0006206,30,830,1366,160,33
508,1,208,Shamela0096228,490,485,669,132,76
508,514,1034,Sham19Y0127677,19625,857,1144,195,47
509,1177,1365,Shia001782Vols,3584,1286,1436,104,71
509,1189,1365,Shamela0023177,481,1275,1426,103,75
509,936,1371,JK001487,355,870,1318,215,52
509,1189,1365,Sham19Y0149697,3399,957,1095,101,74
509,1,477,Shamela0001077,177,158,772,196,35
509,1189,1365,Sham19Y0017747,2328,1121,1259,101,74
509,936,1371,Shamela0008206,858,760,1171,206,57
509,200,955,JK006801,1040,151,684,214,32
509,240,959,Shamela0021570,331,813,1171,115,17
509,915,1349,Shamela0021809,3232,260,693,169,38
509,1077,1398,Shamela0001733,4401,918,1222,152,55
509,1213,1365,Shia002294Vols,815,629,767,96,81
509,805,1398,Shamela0006446,424,415,874,219,45
509,1189,1365,Shamela0012001,149,782,934,103,76
509,1189,1365,Shamela0021629,334,967,1118,105,77
509,1192,1365,Sham19Y0127677,10686,296,660,66,19
509,1189,1365,Sham19Y0131521,2420,514,651,100,73
509,200,818,Sham19Y0037618,6146,185,580,174,32
509,1233,1365,Shamela0021590,1510,1252,1370,92,89
510,238,805,JK000935,54,372,880,212,46
510,769,1118,Shia002265Vols,4588,998,1240,179,64
510,559,1135,Shia001782Vols,1667,1,499,242,49
510,554,1118,Shia001976Vols,161,300,905,285,54
510,35,612,ShamAY0033945,735,391,1058,189,27
510,462,649,Shamela0000956,791,1196,1372,99,63
510,781,1118,Shamela0021765,1152,1,493,194,41
510,681,1135,Shamela0021765,1418,630,1203,244,46
510,437,703,Shamela0011385,1997,617,830,117,58
510,256,805,Sham19Y0148486,5800,1,697,239,36
510,441,703,Shamela0003722,3161,1016,1218,127,58
510,391,703,Shamela0010657,962,1086,1348,163,68
510,681,1064,JK006801,481,130,565,248,68
510,685,1222,Shamela0021570,172,52,663,319,61
510,1,353,Shamela0021809,2569,194,522,147,42
510,1089,1401,Shamela0001733,157,510,844,186,64
510,1,353,Shamela0001733,4034,450,814,159,49
510,253,623,Sham19Y0151100,91,837,1103,184,62
510,270,805,JK000221,496,17,646,195,32
510,987,1409,Shamela0012862,364,45,443,220,63
510,987,1427,Shia002069Vols,622,902,1281,242,62
510,769,997,Shamela0001438,5482,1258,1515,167,77
510,741,1085,JK009390,5244,509,786,174,57
510,243,623,Shamela0011428,1597,454,796,210,71
510,769,1121,Sham19Y0127677,3690,1070,1399,192,58
510,685,987,Sham19Y0127677,17831,272,597,207,73
510,441,805,Shamela0022848,284,1005,1282,150,49
510,32,781,JK000477,638,464,1403,297,34
510,681,947,Sham19Y0037618,2903,1250,1520,185,81
510,65,623,Sham19Y0146127,3191,357,762,195,36
510,993,1352,ShamAY0033678,50,202,555,209,64
510,629,987,ShamAY0033678,55,339,698,259,85
510,773,987,Shia003725,73,1237,1427,146,84
510,40,805,Sham19Y0013223,702,712,1503,286,34
511,1,277,Shia002265Vols,4591,758,1066,200,76
511,1,454,JK000916,24011,91,551,178,39
511,517,1427,Shia001976Vols,805,368,1077,209,20
511,512,1100,Shia002034Vols,1660,5,626,325,55
511,1,263,Shamela0005922,2617,1195,1468,133,52
511,708,1020,Sham19Y0148486,5186,9,325,180,68
511,1,314,ShamAY0032781,54,740,1002,205,81
511,1,454,Shamela0001733,157,444,854,260,65
511,6,277,Shamela0001438,6255,1,304,196,76
511,517,1028,Shamela0013034,49,1015,1436,229,52
511,932,1318,Shamela0013034,50,100,565,193,44
511,435,1020,JK000022,2892,670,1247,351,67
511,28,277,JK009390,6210,6,284,172,71
511,1,277,Sham19Y0127677,4354,345,653,200,76
511,1,277,Sham19Y0146127,2808,1121,1404,153,59
511,938,1120,ShamAY0033678,44,835,1004,129,91
511,289,721,ShamAY0033678,45,1012,1458,212,46
511,721,932,ShamAY0033678,46,1,215,167,94
511,1,413,ShamAY0033678,47,5,636,234,42
512,976,1244,Shamela0010480,1613,1066,1362,175,64
512,380,985,Shia001782Vols,1668,906,1528,275,43
512,623,1113,Shia001782Vols,1670,78,545,260,61
512,1,689,Shamela0009567,455,276,910,360,60
512,398,1113,Shamela0009567,456,334,1249,384,49
512,540,946,Shamela0036357,2041,59,500,142,39
512,1011,1161,Shamela0012220,545,271,796,82,19
512,599,966,Shamela0005803,351,982,1360,231,70
512,380,970,Shamela0012981,854,1,620,299,50
512,540,1108,Shia002034Vols,614,273,937,334,59
512,259,689,Shia002034Vols,716,234,683,243,58
512,259,689,Sham19Y0001729,1581,259,708,211,47
512,613,849,Zaydiyya0000106,35,522,779,139,65
512,296,1113,Shia001901,334,1061,1374,170,25
512,546,966,JK011633,344,846,1231,269,77
512,670,890,JK009334,7,652,891,134,63
512,670,970,Shamela0000432,4481,668,887,166,67
512,540,985,Shamela0003722,8328,956,1423,269,68
512,540,1113,Sham19Y0148271,1223,38,649,285,52
512,292,717,Shamela0005610,72,837,1153,211,63
512,999,1378,Shamela0012579,1430,1051,1395,185,58
512,1003,1244,Sham19Y0036114,591,599,838,170,85
512,980,1378,Shamela0001733,2869,1,462,211,52
512,670,1113,ShamAY0034173,19,615,996,167,44
512,357,985,Shamela0012862,364,692,1299,285,48
512,613,946,Sham19Y0036110,342,726,1071,241,84
512,292,550,Shamela0026884,642,855,1098,188,91
512,346,946,Shamela0001438,1546,1046,1534,182,30
512,652,1113,Shamela0001438,7478,78,593,264,59
512,652,1113,Shamela0025794,3643,6,510,275,63
512,757,1113,Shia003616Vols,2819,20,391,195,60
512,282,540,Shamela0012750,581,1124,1354,177,86
512,540,1113,JK000786,4212,124,603,240,45
512,561,985,Shamela0096228,604,107,560,262,69
512,535,1113,Shamela0013068,56,282,971,337,58
512,620,1094,JK009390,5641,454,1033,220,39
512,620,946,Shamela0021629,811,239,568,241,88
512,652,1113,Sham19Y0127677,5423,48,488,249,59
512,595,1080,Sham19Y0127677,20186,800,1338,260,53
512,599,985,Sham19Y0127677,20206,775,1180,237,69
512,693,1113,Sham19Y0127677,20207,1,421,217,55
512,357,1113,Shamela0001001,9,206,615,189,27
512,384,890,ShamAY0033590,40,255,807,223,39
512,535,946,ShamAY0033678,53,439,844,283,81
512,540,980,ShamAY0033678,54,696,1154,255,63
512,265,540,ShamAY0033678,56,366,621,184,85
512,595,976,JK000653,127,1010,1382,202,59
512,380,1113,Sham19Y0013223,830,632,1320,362,55
512,777,946,Sham19Y0013223,852,1,558,126,27
513,172,902,Shamela0009567,34,691,1253,157,24
513,1196,1404,ShamAY0034447,1317,719,1060,137,51
513,466,849,Sham19Y0023618,2130,769,1185,133,28
513,1186,1404,Shia001976Vols,352,129,495,135,47
513,1045,1393,ShamAY0034282,1705,601,1101,172,44
513,1045,1393,Shamela0001686,559,314,782,181,45
513,609,849,Shia001432Vols,14391,12,319,125,47
513,642,849,JK011633,288,317,559,115,58
513,609,849,Shia001237Vols,4545,192,528,127,44
513,609,849,Sham19Y0013667,4530,868,1163,136,54
513,109,300,Sham19Y0017729,382,584,876,141,58
513,603,849,Shia001334,212,856,1120,124,52
513,966,1393,Sham19Y0036114,523,399,843,196,52
513,1124,1399,Shamela0001733,3137,867,1359,181,42
513,300,790,Shamela0001733,3293,21,634,275,56
513,80,300,ShamAY0033943,136,164,544,147,50
513,790,1393,Shamela0025794,3250,642,1168,190,28
513,1045,1393,Shamela0025794,3345,900,1406,172,39
513,738,1280,JK009390,730,208,470,81,16
513,109,300,Shamela0011428,1631,445,894,141,38
513,672,1074,Shamela0011428,2015,425,868,137,30
513,1186,1369,Sham19Y0127677,6156,1223,1495,119,54
513,109,300,Sham19Y0017903,709,622,912,139,57
513,1129,1353,JK000624,120,1030,1413,123,40
514,702,1117,JK000916,24605,412,799,244,68
514,1183,1406,Sham19Y0014601,6126,267,507,171,90
514,38,432,Shamela0021602,47,209,581,181,52
514,1183,1406,Shamela0117359,1176,162,401,172,91
514,1183,1406,Sham19Y0020591,1850,1170,1417,170,87
514,8,760,JK000384,237,445,1108,189,23
514,1162,1375,JK000384,237,1176,1411,154,77
514,785,1406,ShamAY0033974,282,1,725,239,35
514,589,1138,Shia001887Vols,2105,753,1263,336,72
514,617,1138,Shamela0011428,1334,76,278,103,24
514,1183,1406,Sham19Y0131521,6665,620,860,159,82
514,78,235,JK000083,129,1172,1329,103,83
515,1062,1299,Shia001976Vols,193,82,311,156,81
515,1092,1299,Shia001976Vols,194,171,361,148,89
515,962,1299,Shamela0012981,1000,840,1206,181,62
515,1109,1299,Sham19Y0148486,4813,1080,1306,126,67
515,972,1299,ShamAY0033974,282,65,386,195,69
515,962,1402,JK008250Vols,847,296,914,150,27
515,884,1299,Sham19Y0146127,2593,247,644,128,26
516,441,857,ShamAY0034055,5549,691,1099,230,60
516,392,857,ShamAY0034068,3651,463,929,284,70
516,117,297,Shamela0006060,774,704,875,111,79
516,456,857,Sham19Y0017063,1073,240,605,235,70
516,441,857,Shamela0037458,4367,503,911,270,75
516,429,867,Sham19Y0122257,2553,676,1070,251,69
516,551,857,Shia002616Vols,6119,1,296,194,78
516,415,886,Sham19Y0014827,72,204,668,300,76
516,251,1014,Shia001976Vols,1016,46,924,357,46
516,117,345,Shamela0036357,2159,1090,1302,136,71
516,520,1004,Sham19Y0016684,1704,1,444,281,71
516,441,1030,Shia002702Vols,10821,650,1234,317,56
516,441,886,Shamela0001385,216,294,679,272,74
516,507,886,Sham19Y0145212,2732,1229,1604,212,63
516,737,1004,Sham19Y0018103,3045,1,243,153,68
516,92,326,Shia002034Vols,2150,561,796,134,61
516,392,640,JK000699,8,1193,1454,150,65
516,392,1004,Shamela0005756,12041,618,1166,361,71
516,555,1213,Sham19Y0013252,7292,1,574,340,60
516,412,1027,Shamela0006856,64,16,623,434,86
516,653,1151,Sham19Y0013605,3645,1183,1553,201,46
516,429,1222,JK001236,113,17,705,403,58
516,412,1004,Sham19Y0020638,993,153,840,309,52
516,597,857,Sham19Y0013614,643,24,287,172,82
516,392,1004,ShamAY0034005,778,10,699,333,53
516,750,1030,Shamela0007891,2012,6,274,151,61
516,268,828,Sham19Y0127656,604,1040,1552,286,59
516,828,996,Sham19Y0127656,605,7,136,88,64
516,425,828,Shamela0011435,863,313,701,255,72
516,586,1108,ShamAY0033956,577,4,776,318,49
516,441,886,Tafsir10066,1897,1119,1549,284,77
516,392,1213,JK000110,1310,603,1312,448,67
516,429,886,Shamela0008360,661,620,1059,267,67
516,251,1004,Shamela0001719,1382,792,1487,474,75
516,425,828,Shamela0023631,120,258,646,255,72
516,456,909,Zaydiyya0000361,941,956,1420,278,71
516,429,853,JK000917,461,1087,1509,274,75
516,412,862,JK000917,1457,467,889,267,71
516,371,1213,Shamela0008473,4717,116,838,403,56
516,441,857,Sham19Y0150960,957,175,601,270,73
516,429,857,Sham19Y0016976,1389,151,533,248,70
516,278,881,Shamela0000041,2556,702,1340,334,63
516,251,677,Sham19Y0018144,2325,1128,1592,251,64
516,687,1263,Sham19Y0018144,2326,8,516,326,66
516,429,886,Shamela0021766,4411,301,786,296,72
516,456,1004,Tafsir07057,4982,981,1543,323,66
516,392,828,Shamela0008206,24,747,1242,267,59
516,460,828,Shamela0008206,25,1,320,235,77
516,371,938,Sham19Y0148271,1278,973,1491,318,65
516,451,909,Zaydiyya0000054,369,892,1342,275,72
516,429,1004,Tafsir09084,2426,887,1459,350,68
516,368,737,Shamela0004473,1892,1197,1554,261,84
516,737,895,Shamela0004473,1893,1,171,121,90
516,345,996,Sham19Y0039268,99,407,961,351,64
516,268,1004,Sham19Y0039268,127,473,1246,396,53
516,412,871,JK009266,8712,224,705,292,70
516,92,326,Shamela0012579,1802,317,544,127,59
516,746,1208,Sham19Y0036114,548,1,511,190,39
516,564,1213,Shamela0001733,2144,1,679,399,67
516,857,1412,Shamela0001733,4044,439,945,223,47
516,392,1222,Shamela0021715,7624,385,1115,418,57
516,392,1263,ShamAY0032850,7,431,1206,492,66
516,392,1145,ShamAY0032850,8,101,744,361,55
516,73,297,Shamela0009082,104,700,1281,125,27
516,392,1054,Shamela0009082,459,883,1508,370,61
516,392,938,JK009154,365,1040,1479,293,65
516,392,975,Shia001731Vols,424,886,1472,355,65
516,429,876,Shamela0008176,5553,906,1333,263,69
516,278,1213,Shamela0025794,835,21,849,424,50
516,268,857,Shamela0003055,4317,936,1455,280,54
516,392,996,Sham19Y0018106,3170,910,1461,352,69
516,371,621,Shia001887Vols,617,1304,1544,184,87
516,626,1004,Shia001887Vols,618,5,374,273,90
516,412,1022,Shamela0037325,95,562,1248,379,62
516,392,857,Sham19Y0018176,1821,1000,1451,290,74
516,516,1263,Sham19Y0127677,9108,1,765,394,55
516,278,800,Shamela0001417,10,969,1482,251,51
516,268,857,Shamela0008476,259,965,1438,239,47
516,447,1004,Shamela0008476,837,539,1104,345,69
516,251,767,ShamAY0032665,2325,1031,1577,301,66
516,385,1213,ShamAY0032665,2326,306,1052,441,62
516,392,971,Shamela0009564,15,1,542,311,61
516,490,1213,Sham19Y0016584,3397,801,1433,390,63
516,421,886,Shamela0009776,8539,90,559,257,61
517,116,392,Shamela0000894,552,754,1088,188,63
517,87,392,Shia001976Vols,1016,255,615,223,73
517,730,1125,ShamAY0033910,1064,1030,1416,242,73
517,56,392,ShamAY0033938,1203,976,1366,233,68
517,84,399,Shamela0012981,467,34,399,228,73
517,56,392,Sham19Y0001729,1864,20,424,236,68
517,577,1269,JK007105,21,590,1161,194,27
517,730,1044,JK000475,1986,1146,1472,192,70
517,95,399,Sham19Y0020638,993,153,520,218,70
517,61,399,Sham19Y0017616,345,912,1297,211,59
517,52,399,ShamAY0034005,778,1,400,247,72
517,84,555,Shia001901,103,417,1057,182,28
517,108,392,Shamela0011435,863,313,558,156,62
517,829,977,Shamela0011385,2121,1132,1284,82,60
517,112,392,Sham19Y0014309,3,520,882,206,68
517,890,1125,Shamela0025800,1134,116,334,160,86
517,68,659,Shamela0001719,1382,892,1423,240,40
517,108,392,Shamela0023631,120,258,503,156,62
517,32,392,Sham19Y0018144,2326,336,681,186,58
517,10,392,Shamela0008206,24,711,1130,251,67
517,5,392,Shamela0013035,41,560,1037,289,73
517,52,399,ShamAY0032762,13,564,936,243,76
517,211,1382,Shamela0001733,2144,1,1435,777,63
517,10,392,Shamela0010906,2041,765,1156,240,66
517,21,392,ShamAY0032850,6,870,1310,253,67
517,717,1269,Shamela0025794,800,323,838,239,49
517,447,840,Shamela0025794,875,88,531,221,52
517,98,392,Shamela0096551,4,58,442,211,65
517,52,399,Shamela0012750,495,44,441,247,72
517,95,652,Shamela0037325,95,562,1156,282,47
517,32,392,ShamAY0032665,2326,254,599,186,58
517,399,840,Shamela0013066,84,293,714,206,46
517,765,1450,Shamela0013066,102,370,955,424,76
517,730,1106,JK000130,1065,1098,1465,227,72
518,92,404,ShamAY0033910,1064,1139,1416,179,74
518,37,517,JK007105,21,696,1124,168,36
518,92,326,JK000475,1986,1272,1472,125,69
518,92,522,JK011633,424,484,824,198,54
518,152,404,Shamela0025800,1134,116,334,132,67
518,92,581,Shamela0001733,2144,910,1378,279,66
518,92,522,Shamela0025794,800,436,806,194,49
518,331,817,Sham19Y0131521,5609,192,665,197,39
518,92,581,Shamela0013066,102,417,879,259,59
518,92,385,JK000130,1065,1207,1465,164,72
519,1,350,Sham19Y0018103,3537,552,818,188,65
519,5,548,ShamAY0033938,1203,1,492,256,52
519,582,846,Shia002034Vols,1227,417,995,114,20
519,1,199,Shamela0005756,13586,237,445,149,88
519,1,350,Sham19Y0013252,8918,1022,1288,188,65
519,1,168,Sham19Y0013605,4210,985,1160,129,93
519,1,846,Shia001901,23,323,534,149,22
519,1,481,Sham19Y0122406,3272,1131,1563,226,49
519,1,350,JK000110,1569,748,1013,189,66
519,471,926,Shamela0025794,4755,871,1368,174,37
519,138,537,Shamela0025794,4940,303,641,216,65
519,1,350,Sham19Y0018106,3607,842,1108,188,65
519,1,209,Sham19Y0018176,2145,1336,1554,150,85
519,1,350,Sham19Y0016584,3950,956,1222,188,65
519,199,531,Shamela0000736,4655,221,554,202,65
520,959,1361,Shamela0005756,13587,776,1206,159,38
520,849,1361,Sham19Y0013252,8919,44,409,118,20
520,695,1361,Sham19Y0013605,4211,707,1200,251,42
520,659,1274,JK000475,1986,110,606,182,30
520,939,1274,ShamAY0032929,8,718,1016,157,50
520,716,1154,JK000110,1569,810,1487,173,27
520,610,1489,Shamela0001733,4808,525,1411,641,85
520,959,1361,Sham19Y0018106,3608,37,349,117,27
520,638,1059,Shia001887Vols,617,349,757,214,53
520,695,1361,Sham19Y0018176,2146,197,728,251,40
520,849,1361,Sham19Y0016584,3951,677,1030,118,20
521,578,854,Shamela0001673,8924,727,872,102,45
521,137,398,Shia002034Vols,2179,861,1368,141,32
521,1111,1386,Shamela0000767,3823,1021,1269,195,84
521,313,1133,Shia001913Vols,508,156,944,367,48
521,1111,1386,ShamAY0035220,980,635,909,209,87
521,132,839,ShamIbadiyya0000109,6153,1127,1611,201,29
521,1034,1357,Sham19Y0017798,1003,1305,1577,177,67
521,65,1162,Shamela0001733,4809,1,660,387,39
521,316,868,Shamela0001733,4817,847,1403,270,54
521,495,1057,Shamela0001733,4818,1,536,351,73
521,578,854,Shamela0021715,9029,1431,1576,101,43
521,976,1386,Shia001887Vols,1456,294,798,293,68
521,1133,1386,Shamela0009690,2481,730,971,194,93
521,1020,1386,Sham19Y0018612,268,950,1323,220,63
522,9,360,ShamAY0033569,30,906,1186,136,47
522,130,520,Shamela0012741,4,629,831,130,42
522,644,1380,ShamAY0033945,395,381,689,132,20
522,922,1380,JK000657,17,526,854,175,45
522,603,1380,Sham19Y0148486,2047,925,1269,142,21
522,603,1125,Shamela0012546,22,571,821,68,13
522,648,1380,Sham19Y0018144,795,954,1260,131,20
522,603,1380,Shia002231Vols,183,349,679,178,27
522,111,375,JK009154,38,1118,1368,134,58
522,111,520,JK009154,127,711,956,143,42
522,174,520,JK009154,236,243,663,144,39
522,130,535,JK009154,344,553,770,138,42
522,111,520,JK009154,376,1043,1308,135,39
522,130,529,JK009154,385,887,1104,132,42
522,648,1380,ShamAY0032665,795,961,1267,131,20
522,673,1135,Sham19Y0146127,1062,187,343,59,14
523,1,589,Shamela0009242,1541,713,1167,290,56
523,23,363,Shia002265Vols,2434,152,467,229,81
523,1,589,Shamela0021743,334,481,898,287,59
523,33,367,Zaydiyya0000015,548,68,386,241,89
523,1,340,Sham19Y0122257,926,1019,1355,242,87
523,177,363,Shamela0007038,74,1191,1375,141,92
523,1,589,Shamela0007038,75,551,819,169,35
523,503,961,Shia001976Vols,620,160,588,207,45
523,125,722,Sham19Y0014601,2082,332,831,238,38
523,469,1351,ShamAY0033910,321,753,1362,283,36
523,1,589,Shamela0010639,187,457,909,288,56
523,6,589,Sham19Y0145212,1216,1,854,285,34
523,1,722,Sham19Y0019188,853,817,1400,320,49
523,187,363,Sham19Y0022884,103,1,178,132,89
523,33,382,Shamela0023685,1293,423,806,246,78
523,33,589,Shamela0021578,29,12,403,278,60
523,53,382,Sham19Y0001729,417,6,335,234,86
523,1,382,Sham19Y0001729,986,946,1325,260,83
523,1,589,Shamela0005756,4153,142,561,292,60
523,1,260,Shamela0022547,2465,97,352,171,82
523,33,382,Sham19Y0017757,72,754,1061,224,79
523,1,589,Shamela0000216,118,29,463,289,58
523,503,1210,ShamAY0031687,649,138,506,180,32
523,65,363,Shamela0001975,352,825,1108,213,88
523,1,589,Shamela0008540,1509,568,985,292,61
523,1018,1259,ShamAY0033945,394,1154,1379,138,71
523,1,589,ShamAY0033945,395,644,1041,287,61
523,177,363,ShamAY0035035,1782,932,1121,138,86
523,1,589,Shamela0006366,1185,874,1342,290,55
523,19,359,Shamela0006366,1191,1017,1574,243,53
523,1,589,JK000657,17,809,1175,259,56
523,38,363,Shamela0010668,44,697,917,167,63
523,65,363,Shamela0021659,461,85,368,213,88
523,1,589,JK001236,58,484,909,290,59
523,1,589,JK001236,246,1048,1469,292,60
523,1,589,Shamela0006610,374,1078,1511,286,58
523,53,589,Shamela0117359,317,11,377,268,60
523,33,589,Shamela0001717,553,88,472,278,61
523,1,382,Zaydiyya0000067,31,160,566,263,79
523,1,589,Sham19Y0020944,246,228,657,292,59
523,33,382,Shamela0009780,459,19,365,249,86
523,33,295,Sham19Y0149697,1650,1251,1524,194,85
523,1,589,Shamela0005922,1342,553,971,289,60
523,177,589,Sham19Y0132416,59,577,893,168,42
523,33,382,Sham19Y0017747,645,630,942,225,78
523,1,589,Sham19Y0020591,432,299,738,289,58
523,42,589,Shamela0011993,802,1,617,277,46
523,1,589,Shamela0008360,228,1021,1437,288,59
523,1,244,Sham19Y0148486,2047,1224,1472,170,83
523,244,589,Sham19Y0148486,2048,1,166,122,44
523,33,589,Sham19Y0014309,1827,112,502,284,61
523,1,589,Shamela0025800,1597,1086,1492,288,60
523,33,589,Sham19Y0013667,1997,481,881,284,61
523,173,392,Shamela0009270,36,507,731,146,80
523,707,993,Sham19Y0018144,786,1,426,147,40
523,1,274,Sham19Y0018144,795,1215,1471,182,82
523,264,589,Sham19Y0018144,796,1,143,108,42
523,1,382,Shia002231Vols,183,634,1011,254,81
523,129,589,ShamAY0033181,311,1,288,214,57
523,1,589,ShamIbadiyya0000229,1870,6,411,289,61
523,1,308,Shia002003Vols,532,1172,1458,203,83
523,308,589,Shia002003Vols,533,1,104,77,34
523,857,1210,Sham19Y0148271,1453,486,814,166,52
523,177,589,Shamela0010517,371,456,768,166,42
523,1,363,Shamela0010517,731,455,839,255,81
523,1,589,ShamAY0034134,1133,200,626,288,59
523,42,589,ShamAY0034134,1135,53,439,242,50
523,65,363,Shamela0001438,1620,320,614,213,85
523,1,244,Sham19Y0023625,1490,757,1037,166,73
523,213,589,Sham19Y0023625,1491,748,991,135,40
523,177,589,Shamela0021713,249,580,888,166,42
523,1,589,Shamela0008176,2073,240,645,289,61
523,614,1060,Shamela0025794,1356,916,1441,194,39
523,1,589,Shia003616Vols,1238,640,1067,287,58
523,177,589,Shamela0031457,29,246,563,168,42
523,1,589,Shamela0021744,714,82,497,285,59
523,1,589,JK000299,615,1078,1493,285,59
523,1,589,Shamela0008970,169,156,569,292,61
523,53,363,JK009390,637,404,709,219,84
523,109,589,Shamela0011428,759,1,309,229,58
523,65,363,Sham19Y0127677,791,802,1085,213,88
523,1,722,Shamela0008463,936,10,583,315,46
523,33,382,Shamela0026568,1120,923,1271,246,84
523,33,589,Sham19Y0131521,1718,12,423,281,59
523,149,961,JK007083,93,1,867,310,32
523,698,993,ShamAY0032665,786,1,435,154,41
523,1,257,ShamAY0032665,795,1222,1468,175,84
523,264,589,ShamAY0032665,796,1,153,112,43
523,1,589,Sham19Y0017903,320,146,667,300,61
523,33,589,Shia003732Vols,3530,29,419,280,60
523,58,363,Shamela0022644,1172,757,1120,225,74
523,125,363,Shamela0022644,1174,1051,1358,173,70
523,53,589,Shamela0001875,532,30,396,265,60
523,33,589,Sham19Y0146127,1062,394,773,280,62
523,33,367,Shamela0012884,29,779,1102,245,90
523,1,257,Shamela0011816,535,379,630,177,86
523,1,382,JK007107,275,160,543,248,76
523,33,382,Shamela0021590,507,989,1332,227,74
523,49,589,Shamela0021590,509,34,637,234,36
523,1,589,JK006897,167,461,900,289,58
523,469,1259,JK000130,322,895,1402,277,42
523,33,382,Shamela0036446,234,1059,1405,258,90
524,993,1381,Shia002185Vols,1580,1021,1411,281,82
524,1012,1291,Shamela0095700,88,1303,1587,203,83
524,321,1490,Shia001782Vols,618,419,1560,869,89
524,662,965,Shamela0000427BK2,1738,1287,1570,188,68
524,965,1381,Shamela0000427BK2,1739,1,387,284,82
524,656,848,Sham19Y0019188,853,1375,1553,134,78
524,855,1385,Sham19Y0019188,854,7,510,383,87
524,225,1012,Shia002034Vols,1920,719,1511,604,92
524,1012,1591,Shia002034Vols,1921,1,585,439,89
524,993,1381,Zaydiyya0000133,42,489,825,192,52
524,318,809,Shia001432Vols,8473,1071,1556,369,89
524,829,1587,Shia001432Vols,8474,9,747,561,87
524,656,1385,Shia001432Vols,30220,631,1331,522,84
524,1018,1381,Sham19Y0016934,1121,337,697,267,89
524,972,1389,Shamela0010668,44,1102,1531,303,84
524,662,1199,Shia002170Vols,222,1033,1566,392,84
524,1199,1385,Shia002170Vols,223,1,197,148,92
524,375,1457,Shamela0009873,1887,606,1578,694,73
524,318,1515,Shia003656Vols,720,567,1612,757,73
524,347,1199,Shamela0001515,332,797,1578,580,78
524,1199,1591,Shamela0001515,333,1,385,293,89
524,690,1381,Shia000317Vols,4057,1,660,475,79
524,347,788,Shamela0009784,1060,1230,1567,274,75
524,788,1591,Shamela0009784,1061,1,802,601,87
524,884,1219,Shia003461Vols,808,931,1387,207,50
524,1219,1490,Shia003461Vols,809,1,271,205,92
524,656,1381,Shamela0010646,1384,140,817,506,82
524,347,1591,ShamAY0038419,356,380,1452,831,79
524,686,1385,Shamela0007853,81,1,683,523,89
524,889,1381,Shia002119Vols,835,878,1322,318,75
524,212,476,Shia002032,38,1271,1547,193,85
524,476,1591,Shia002032,39,1,1161,867,90
524,656,1381,Shamela0021731,204,456,1065,396,59
524,656,884,Shamela0008463,931,8,229,164,79
524,560,1385,Shamela0008463,936,554,1400,548,74
524,889,1471,Sham19Y0131521,1726,358,872,382,80
524,681,1381,Shia003732Vols,3531,1,637,480,82
524,656,1381,Shamela0001875,536,488,1214,540,86
525,380,768,Shia002185Vols,2896,1112,1520,263,76
525,796,1304,Shia002185Vols,2897,7,511,273,58
525,594,743,ShamAY0034068,2088,970,1119,118,98
525,376,709,Sham19Y0014320,50,1161,1434,187,70
525,98,556,Shamela0003118,358,1037,1514,216,44
525,556,1475,Shamela0003118,359,1,957,682,88
525,1273,1504,Shia001416,378,1023,1372,181,64
525,380,1194,Shamela0006060,7,784,1488,498,72
525,1194,1520,Shamela0006060,8,1,292,220,84
525,349,1430,Shia002265Vols,2670,627,1525,654,72
525,103,969,JK006838,1378,468,1522,534,58
525,969,1475,JK006838,1379,1,504,348,81
525,291,1439,ShamAY0032753,14,310,1491,827,84
525,344,1299,Shamela0001673,2470,385,784,264,33
525,344,1317,Shamela0009768,90,594,1508,614,76
525,360,1475,Shamela0023685,1299,163,1286,758,77
525,1,262,Shia002034Vols,1921,589,845,193,88
525,268,1293,Shamela0005756,4146,698,1481,500,58
525,272,743,Shia001299,181,931,1483,340,75
525,743,1520,Shia001299,182,30,1149,539,58
525,349,768,Sham19Y0013252,2134,974,1377,298,86
525,291,743,Shia001432Vols,7602,1184,1667,303,72
525,743,1520,Shia001432Vols,7603,51,1119,524,57
525,1,262,Shia001432Vols,8474,752,1028,206,92
525,1105,1520,Shia001432Vols,8474,1066,1493,315,91
525,589,1304,Shia001432Vols,13657,1,737,424,66
525,445,1520,Shia001432Vols,30225,1,1484,739,59
525,349,791,Shia004520,27,656,1050,161,37
525,268,1475,JK000657,178,64,1318,878,86
525,434,1504,ShamAY0034249,1017,1,989,684,76
525,969,1325,Shamela0026484,384,168,467,181,57
525,594,728,Sham19Y0016782,589,699,831,91,83
525,360,1513,Shamela0023644,1035,5,1276,783,73
525,515,1508,Zaydiyya0000067,33,1,801,599,73
525,397,1325,Shamela0009873,1887,151,551,252,33
525,1,208,Shamela0009873,1888,128,340,165,95
525,1011,1273,Shamela0009873,1888,128,479,134,42
525,416,1375,Sham19Y0017724,232,787,1269,350,45
525,360,1325,Zaydiyya0000142,2612,149,1072,626,78
525,344,1504,Shamela0022881,116,391,1526,747,74
525,372,1114,Sham19Y0029600,321,827,1530,348,49
525,1105,1485,Shia003656Vols,721,330,701,279,88
525,344,1520,Shamela0001719,4082,331,1337,678,69
525,969,1325,Shamela0006864,460,220,528,180,57
525,1,262,Shamela0001515,333,385,655,201,90
525,1105,1325,Shamela0001515,333,682,916,166,87
525,1194,1470,Shia001344Vols,621,697,970,209,93
525,110,883,Shia000317Vols,4055,606,1533,423,51
525,883,1520,Shia000317Vols,4056,1,702,357,53
525,110,714,Shia001237Vols,1375,867,1517,323,56
525,714,1148,Shia001237Vols,1376,1,632,306,57
525,1105,1520,Shamela0009784,1061,1099,1528,318,91
525,1,262,Shamela0009784,1061,802,1072,201,90
525,391,1163,Shia001341,41,441,1356,482,64
525,969,1325,Shamela0023833,158,980,1283,182,58
525,376,709,ShamIbadiyya0000229,1865,337,671,248,92
525,372,1375,Shamela0006687,774,327,1537,620,59
525,272,1258,Shia001334,76,253,1496,671,64
525,1114,1520,Shia001334,77,9,400,247,77
525,387,1045,Shamela0004473,5819,819,1281,231,42
525,268,1499,Shamela0012579,1330,386,1523,801,78
525,380,1304,Shia003636Vols,11911,192,1075,496,61
525,357,1325,Shamela0021715,1733,677,1028,223,28
525,349,738,JK000216,284,1153,1565,284,83
525,927,1508,JK000216,285,19,564,404,84
525,476,1508,Shamela0001438,6194,1,825,631,75
525,344,1119,Shia002119Vols,836,712,1561,552,78
525,1119,1520,Shia002119Vols,837,1,403,316,97
525,344,1520,Shia003616Vols,1245,126,1345,807,79
525,483,1063,Shia003616Vols,2654,290,907,275,46
525,1,416,Shia002032,39,1161,1604,309,87
525,416,1520,Shia002032,40,1,1121,860,94
525,483,714,JK006908,9,1046,1324,129,58
525,357,1520,Shia004509,178,190,1300,726,73
525,380,1520,Sham19Y0123665,673,102,1335,682,63
525,344,1325,Shamela0006590,694,118,1042,660,80
525,6,523,Shamela0004445,2742,1098,1497,189,42
525,523,1475,Shamela0004445,2743,1,1016,711,86
525,483,703,Shamela0035077,32,1364,1584,155,89
525,357,578,JK009390,3631,1206,1466,168,80
525,578,1508,JK009390,3632,1,735,549,72
525,357,1174,Sham19Y0127677,4308,864,1487,450,65
525,1174,1508,Sham19Y0127677,4309,1,336,263,97
525,397,1035,Shamela0008183,645,45,548,239,43
525,360,1279,Shamela0026568,1126,602,1531,592,71
525,98,684,Shia003732Vols,4165,949,1524,304,59
525,684,1325,Shia003732Vols,4166,1,584,398,74
525,594,709,Shia003965Vols,4989,419,534,92,99
525,594,709,Shamela0001687,3658,1311,1426,92,99
525,357,1355,ShamIbadiyya0000612,14,567,1504,622,74
525,1355,1517,ShamIbadiyya0000612,15,1,163,123,93
525,1273,1470,Shia001368,224,569,765,152,93
525,1011,1375,Shia003695Vols,39,1104,1566,250,63
525,344,1299,Shamela0012027,272,876,1275,263,33
525,380,1304,Shia002958,64,394,1302,481,56
525,594,709,Shia003923Vols,1041,776,891,92,99
526,1,393,Shia002185Vols,2897,597,965,256,82
526,1,407,Shamela0003118,359,969,1380,284,84
526,7,393,Shamela0006060,8,307,668,256,81
526,1,600,JK006838,1379,516,1138,298,49
526,1,407,ShamAY0032753,15,82,477,262,73
526,7,387,Tafsir06049,5008,814,1083,176,58
526,1,416,Shamela0009768,91,168,526,240,71
526,561,1171,Sham19Y0016684,1885,786,1311,328,61
526,561,1171,Sham19Y0018103,3604,37,562,328,61
526,586,1248,Shamela0012981,1721,304,959,376,62
526,561,1171,Shamela0005756,13749,899,1424,324,60
526,1,364,Shia001299,182,1153,1464,223,75
526,561,1171,Sham19Y0013252,9065,728,1253,328,61
526,1,364,Shia001432Vols,7603,1123,1434,218,73
526,91,393,Shia001432Vols,8475,1,299,213,86
526,1,393,Shia001432Vols,13657,842,1229,270,87
526,21,364,Shia001432Vols,30226,1,291,201,71
526,596,1032,Sham19Y0013605,4291,40,370,219,61
526,1,188,JK000657,178,1325,1514,140,92
526,188,393,JK000657,179,1,200,145,85
526,15,393,ShamAY0034249,1017,1000,1333,216,70
526,1,192,Shamela0023644,1035,1290,1482,133,88
526,1,364,Zaydiyya0000142,417,693,1068,218,62
526,1,383,Zaydiyya0000142,2612,1158,1523,226,66
526,12,393,Shamela0022881,117,10,336,229,73
526,561,1171,JK000110,1603,373,898,328,61
526,1,393,Sham19Y0029600,322,12,365,242,76
526,12,364,Shamela0001719,4083,945,1396,182,50
526,1,364,Shia000317Vols,4056,706,1019,204,69
526,28,393,Shamela0009784,1062,1,346,251,84
526,1,364,Shia001615Vols,1587,342,724,183,48
526,561,1213,Shamela0012863,1,109,658,340,59
526,1,393,Shamela0006687,775,157,557,272,84
526,1,364,Shia001334,77,404,713,216,73
526,7,393,Shamela0012579,1331,37,417,273,87
526,1,345,Shia003636Vols,11911,1153,1494,235,86
526,596,1185,Shamela0021715,9205,27,523,322,63
526,548,1129,Shamela0025794,2446,713,1335,386,73
526,561,1171,Shia003616Vols,1243,396,901,324,62
526,15,335,Shia003616Vols,1244,1113,1480,157,52
526,1,393,Shia002032,40,1121,1511,285,88
526,7,206,Shia004509,178,1325,1519,143,90
526,1,393,Shamela0006590,694,1054,1388,187,50
526,561,1171,Sham19Y0018106,3668,403,928,328,61
526,1,393,Shamela0004445,2743,1028,1416,279,87
526,561,1171,Sham19Y0018176,2185,801,1326,328,61
526,1,393,Shia003732Vols,4166,596,927,194,55
526,7,393,ShamIbadiyya0000612,15,163,544,273,88
526,1185,1420,JK000698,140,345,624,56,16
526,596,1171,Sham19Y0016584,4030,730,1204,314,64
526,63,447,Shia002958,65,1,391,226,71
527,743,945,Shia002034Vols,196,453,650,116,63
527,1252,1394,ShamAY0033945,395,381,542,95,76
527,51,646,Sham19Y0013667,1982,374,932,220,39
527,1252,1394,Shamela0009270,36,334,497,101,79
528,206,643,Shamela0003118,4930,255,843,248,48
528,286,643,Shia001782Vols,621,777,1200,239,65
528,169,643,JK000916,16840,363,1028,302,55
528,141,638,ShamAY0032844,18,16,690,312,56
528,1112,1486,Sham19Y0018103,970,959,1266,210,64
528,165,752,Shamela0026566,142,87,934,350,51
528,1112,1486,Sham19Y0014462,158,851,1198,231,68
528,692,1217,Shamela0021626,21,904,1323,184,40
528,236,648,Shamela0005756,4157,803,1246,247,59
528,1112,1486,Shamela0005756,4173,166,494,224,68
528,1112,1486,Shamela0005756,4175,56,363,210,64
528,1112,1486,Sham19Y0013252,2144,256,584,224,68
528,1127,1486,Sham19Y0013252,2145,1,293,199,62
528,1115,1486,ShamAY0033522,241,1,338,229,69
528,1112,1486,Sham19Y0013605,1386,1077,1405,224,68
528,1112,1486,Sham19Y0013605,1387,733,1040,210,64
528,1112,1444,JK000475,374,6,319,213,72
528,165,643,JK000657,69,535,1092,270,51
528,311,643,Shamela0023644,1034,161,706,222,49
528,1112,1481,Shamela0028107,307,786,1098,224,71
528,169,643,Shamela0023700,268,16,666,289,52
528,169,643,Shamela0023700,2645,647,1262,307,61
528,311,662,Sham19Y0132416,60,743,1108,206,62
528,1153,1486,Sham19Y0018607,354,1221,1503,196,66
528,1112,1486,Shamela0000551,790,207,547,231,69
528,1051,1486,Sham19Y0148486,2039,69,491,245,61
528,116,524,Sham19Y0148486,2056,972,1480,255,59
528,1112,1486,Shamela0001719,4080,693,1034,233,69
528,909,1298,ShamAY0038139,50,379,844,183,43
528,158,643,Shamela0010637,277,674,1143,262,59
528,1112,1439,Shamela0002863,835,1182,1498,212,71
528,1146,1472,Shia004523,28,1326,1585,174,59
528,1112,1481,Sham19Y0006684,629,1168,1504,229,69
528,1,220,Sham19Y0013667,1997,1051,1277,114,56
528,169,735,Sham19Y0018144,794,572,1247,379,65
528,624,966,Shamela0001733,850,638,885,127,45
528,307,922,Shamela0006025,436,10,590,309,61
528,1,116,ShamAY0034134,1135,748,846,76,84
528,732,966,Shia002069Vols,590,1017,1197,96,54
528,328,662,Shamela0021713,250,718,1070,208,68
528,195,704,Shamela0010803,130,9,585,359,76
528,213,643,Shia003616Vols,1248,1,657,273,50
528,1189,1486,Sham19Y0018106,874,1,248,167,63
528,1112,1486,Sham19Y0018106,875,389,696,210,64
528,286,643,Shamela0004445,2745,56,632,197,38
528,429,643,Shamela0004445,2746,11,273,131,58
528,1112,1486,Sham19Y0018176,464,889,1217,224,68
528,1112,1486,Sham19Y0018176,465,185,492,210,64
528,169,614,Shamela0021481,29,768,1267,229,47
528,116,836,Shamela0013068,101,228,973,421,61
528,1107,1486,Shamela0012399,872,1040,1397,230,66
528,165,424,Shamela0007435,737,404,711,175,68
528,209,467,Shamela0026324,4581,1004,1303,143,50
528,169,735,ShamAY0032665,794,585,1260,379,65
528,283,498,Shia003732Vols,3534,1324,1547,138,68
528,255,662,Shamela0001875,535,513,944,290,81
528,1112,1486,Sham19Y0146127,1057,201,504,190,55
528,169,662,Sham19Y0146127,1067,195,806,321,61
528,1146,1486,Shamela0021739,225,1202,1461,154,51
528,1143,1486,Shamela0012027,349,1220,1498,191,62
528,1158,1444,JK000130,321,1,276,181,70
529,1,594,ShamAY0033910,322,444,989,187,32
529,273,844,ShamAY0032921,60,199,905,297,48
529,1155,1426,Sham19Y0148486,2059,39,324,202,88
529,1105,1426,Sham19Y0013667,1984,511,837,159,55
529,1170,1401,Sham19Y0013667,1985,85,315,158,81
529,1105,1426,Shia002003Vols,529,643,979,172,60
529,1111,1426,Shamela0012415,139,361,692,214,82
529,1170,1426,Sham19Y0146127,1068,715,990,198,90
529,1,594,JK000130,323,567,1112,187,32
530,334,1063,Shia001782Vols,619,654,1349,440,71
530,1156,1369,Shia001782Vols,620,473,662,100,54
530,1156,1338,Shamela0036357,1046,702,925,83,40
530,884,1369,Shia002034Vols,1481,145,613,184,38
530,432,708,Shamela0005756,4156,1258,1533,203,89
530,1156,1331,Shamela0096165,725,118,368,78,33
530,1098,1369,Shamela0000956,1158,1039,1273,129,56
530,1156,1369,Shamela0005922,1351,84,265,100,53
530,1132,1331,JK000533,972,36,217,108,65
530,1156,1369,Shamela0021660,316,602,807,99,50
530,7,353,Sham19Y0148486,2059,250,699,153,36
530,1069,1375,Shamela0021635,31,267,580,137,43
530,1110,1331,Shamela0008273,11,1284,1455,97,52
530,429,1063,Sham19Y0017878,39,1162,1450,173,34
530,7,172,Shamela0012844,29,166,327,103,69
530,487,1026,Shamela0021809,2851,844,1178,236,54
530,358,1022,Shamela0001733,1828,814,1468,475,84
530,1156,1369,JK000216,22,119,485,97,35
530,416,955,Shia003616Vols,1248,740,1114,266,59
530,576,1296,Shamela0006590,695,1,456,241,37
530,328,1230,Shia003732Vols,4166,875,1424,297,39
530,1145,1369,Shamela0000137,1892,1193,1393,103,54
530,1145,1369,Shamela0000137,1893,453,653,102,53
530,7,353,Sham19Y0146127,1068,916,1204,150,51
531,921,1288,Sham19Y0018144,784,548,914,166,46
531,918,1276,Shamela0021809,1577,665,1427,140,19
531,6,291,Shamela0001733,2409,1191,1414,141,62
531,178,509,Shia003616Vols,2656,284,568,214,80
531,53,707,Shamela0006590,487,642,1179,237,40
531,921,1288,ShamAY0032665,784,556,922,166,46
531,303,734,Shia003732Vols,4169,1042,1459,209,52
532,607,825,Shamela0010480,1437,1045,1323,156,70
532,501,825,Shamela0010480,1438,422,1156,190,32
532,670,825,Shia002265Vols,2669,66,237,108,72
532,1012,1422,Shia001782Vols,618,103,504,179,44
532,584,825,ShamAY0034282,751,115,439,171,65
532,685,1435,ShamAY0033910,324,4,428,195,27
532,515,950,Sham19Y0001729,987,654,1213,206,45
532,584,879,ShamAY0031687,514,330,683,176,58
532,618,825,ShamAY0033945,393,1245,1504,150,71
532,431,1422,JK000475,378,653,1262,293,34
532,649,825,Shamela0006366,1185,364,588,131,70
532,962,1217,ShamAY0033053,113,1039,1245,119,51
532,594,825,Sham19Y0148486,2040,793,1089,153,64
532,594,825,Sham19Y0148486,2045,635,944,173,70
532,594,1347,Sham19Y0148486,2046,39,885,372,46
532,618,833,Sham19Y0013667,1994,859,1105,145,71
532,427,1033,Shamela0001733,2445,218,932,261,42
532,356,786,Shamela0001733,4930,215,640,179,47
532,584,825,ShamAY0034134,286,236,542,167,66
532,594,1033,ShamAY0034134,1124,678,1177,207,41
532,840,1422,Shamela0012862,155,70,621,247,41
532,567,825,Shamela0009810,493,997,1328,166,62
532,509,825,Sham19Y0131336,851,422,976,218,49
532,670,825,Shamela0001438,6773,464,635,108,72
532,567,887,Shia001731Vols,262,316,687,185,59
532,644,825,Sham19Y0023625,625,6,209,125,77
532,436,748,Shamela0005923,9,542,871,124,47
532,445,825,Shamela0025794,683,179,582,186,51
532,641,1077,Shia001887Vols,589,18,476,190,46
532,581,825,JK000786,774,15,309,161,62
532,456,987,JK000786,3907,156,778,183,30
532,427,844,JK000022,2473,789,1300,181,35
532,670,825,Sham19Y0127677,4799,544,715,108,72
532,600,825,JK000477,381,354,654,154,63
532,649,825,JK007083,92,813,1037,131,70
532,1009,1252,Shia003732Vols,3530,759,1102,145,52
532,436,1252,Sham19Y0146127,1061,186,887,312,40
532,635,801,JK000130,321,938,1134,110,66
532,534,1435,JK000130,325,1,569,259,32
533,1248,1426,Shia002218Vols,835,954,1107,117,84
533,1058,1426,ShamAY0034434,6,224,556,156,50
533,236,610,Shamela0026664,36,526,793,176,59
533,1248,1426,Shamela0001733,4896,639,798,116,81
533,151,852,Shia001731Vols,262,316,994,208,30
533,699,1222,Shia003616Vols,1249,275,787,380,90
533,1248,1426,Shia002032,37,1086,1251,112,76
533,777,1226,Shamela0006590,695,278,593,189,48
533,8,300,Shia000820Vols,449,74,332,119,45
534,179,1409,Shia002185Vols,1579,4,1447,797,64
534,1,1009,Shamela0003118,6467,489,1514,758,90
534,1009,1518,Shamela0003118,6468,1,500,384,92
534,8,783,Shia001782Vols,620,746,1499,576,90
534,783,1518,Shia001782Vols,621,1,714,549,91
534,107,1518,Shia001782Vols,2805,1,1376,1054,91
534,226,1518,JK006838,186,12,1303,773,67
534,1,1522,JK006838,187,1,1453,1108,89
534,1,286,SHAM19Y23644,940,1221,1498,199,83
534,286,1525,SHAM19Y23644,941,1,1137,838,80
534,160,1525,JK000916,22522,11,1395,814,65
534,1,1194,JK000916,22523,303,1512,902,90
534,1194,1525,JK000916,22524,1,316,247,93
534,1275,1514,ShamAY0034447,257,1319,1559,183,93
534,8,504,ShamAY0034447,257,411,854,209,49
534,1,697,ShamAY0034447,258,785,1489,539,92
534,697,1518,ShamAY0034447,259,1,795,617,92
534,1,1051,Shamela0009768,131,544,1551,720,81
534,1051,1518,Shamela0009768,132,1,400,307,80
534,4,504,Shamela0001686,62,556,1017,219,50
534,1299,1522,Shamela0001686,63,10,233,173,97
534,14,264,Shia004649Vols,354,338,511,94,45
534,155,921,Shamela0012848,39,729,1508,410,60
534,921,1518,Shamela0012848,40,1,526,362,72
534,8,1518,Shia001432Vols,6891,42,1563,917,67
534,1,1286,Shamela0012406,426,306,1551,924,87
534,1299,1518,Shamela0012406,427,1,220,172,98
534,823,1357,Zaydiyya0000037Vols,44,751,1193,285,63
534,8,1130,Sham19Y0020891,5662,355,1144,583,63
534,8,1163,Shamela0010668,43,324,1582,768,72
534,1163,1413,Shamela0010668,44,1,207,155,77
534,8,738,Shia002170Vols,713,766,1518,423,63
534,738,1242,Shia002170Vols,714,8,522,313,67
534,1299,1518,Shamela0000355,31,408,624,164,94
534,440,1158,Shamela0009873,211,632,1538,400,51
534,1275,1518,Shamela0009873,212,202,494,175,72
534,53,517,JK009242,67,1025,1496,349,89
534,517,1525,JK009242,68,1,908,683,83
534,349,1518,JK001493,215,361,1051,394,40
534,819,1357,JK000533,3270,506,778,148,32
534,1,419,JK011633,264,966,1414,245,60
534,419,1518,JK011633,265,1,1124,647,65
534,8,859,Shamela0023700,2879,343,1525,662,68
534,859,1518,Shamela0023700,2880,1,645,513,95
534,1299,1449,Shamela0009773,58,1384,1535,114,94
534,1,686,Shia003656Vols,164,906,1525,376,62
534,692,1518,Shia003656Vols,165,1,619,380,53
534,1,415,Shia002218Vols,835,1107,1485,277,80
534,415,1518,Shia002218Vols,836,1,1068,784,82
534,8,404,Shamela0008273,7,1133,1499,275,84
534,404,1518,Shamela0008273,8,1,1115,866,94
534,22,1130,Shamela0006864,475,1,1092,619,60
534,1,946,ShamAY0034434,6,556,1481,726,94
534,952,1518,ShamAY0034434,7,8,554,432,93
534,8,1416,Shamela0009784,482,75,1179,555,43
534,1084,1409,Shamela0006617,253,445,689,163,61
534,1,264,JK009408,2374,195,464,191,81
534,819,1242,Shamela0010646,1384,845,1197,222,58
534,8,1249,Shamela0010646,2097,226,1557,820,73
534,1275,1518,Shia003714Vols,42,168,432,186,86
534,1078,1518,Noorlib0031306,45,129,353,143,40
534,1299,1518,Noorlib0031306,199,680,795,90,51
534,1,423,Shia003458,79,1052,1445,256,71
534,431,1522,Shia003458,80,8,1065,631,67
534,8,681,Shamela0001733,4896,600,1468,528,75
534,681,1518,Shamela0001733,4897,1,851,654,93
534,819,1264,Shamela0007853,168,1009,1412,241,60
534,4,1040,Shamela0007853,545,438,1537,679,71
534,1,1009,Shamela0012936,5,546,1515,714,86
534,1009,1518,Shamela0012936,6,1,511,377,90
534,1,482,Zaydiyya0000131,70,921,1459,351,78
534,486,1518,Zaydiyya0000131,71,6,1260,691,62
534,1,880,ShamAY0032889,8,573,1475,669,90
534,880,1518,ShamAY0032889,9,1,630,492,93
534,1,292,Shia002032,37,1251,1541,213,86
534,292,1535,Shia002032,38,1,1284,974,93
534,1,1252,JK007128,381,344,1553,903,87
534,1252,1522,JK007128,382,1,255,196,91
534,8,466,ShamAY0032379,217,1097,1520,275,69
534,498,1130,ShamAY0032379,218,38,670,352,59
534,113,1518,Shamela0006590,125,1,1356,954,78
534,1,264,Shamela0010283,3191,1172,1476,187,73
534,268,1518,Shamela0010283,3192,1,1320,905,81
534,8,434,Kraken210630005153,2482,1395,1609,142,41
534,717,1518,Kraken210630005153,2483,1,706,433,62
534,1299,1518,Shamela0021508,52,390,605,156,89
534,8,412,Shia003732Vols,672,1095,1505,289,84
534,412,1518,Shia003732Vols,673,1,1096,681,70
534,8,1110,Shamela0001535,5821,501,1369,478,47
534,1299,1518,Noorlib0010712,33,15,234,161,92
534,250,1518,Shamela0036446,765,1,866,621,60
534,8,526,Shamela0009776,7516,1132,1523,260,58
535,273,670,Shamela0009242,1547,834,1122,209,65
535,304,769,Shamela0003118,3180,677,1126,294,70
535,301,683,Shia002265Vols,4433,6,393,276,82
535,273,603,Shamela0001673,2473,1313,1533,154,58
535,7,683,JK000916,10146,297,852,295,51
535,170,696,JK000916,10147,432,1001,356,72
535,481,670,Shamela0023685,1303,1204,1375,131,85
535,68,683,ShamAY0033945,1726,486,1093,366,66
535,1211,1464,JK000475,382,726,956,180,89
535,273,769,Shamela0005922,1354,814,1341,325,72
535,477,683,Zaydiyya0000142,3471,1264,1474,145,78
535,273,670,Sham19Y0017747,650,1031,1317,206,64
535,273,670,Shamela0004473,2782,323,593,189,57
535,492,683,Sham19Y0013572,1165,546,763,153,87
535,17,683,Shamela0010906,1234,71,714,334,50
535,460,683,Shamela0028168,760,227,434,148,80
535,301,683,Shamela0001438,4635,686,1063,273,83
535,103,392,Sham19Y0016555,105,751,1186,130,37
535,301,683,Shamela0006590,880,1146,1458,225,71
535,7,584,Shamela0012750,362,750,1452,293,43
535,301,683,JK009390,4107,892,1265,238,68
535,440,683,JK009390,6046,1,217,158,74
535,477,696,Sham19Y0145166,598,404,629,156,80
535,301,683,Sham19Y0127677,2964,900,1287,276,82
535,481,670,Shamela0026568,1131,127,298,131,85
535,487,655,JK001324,276,1340,1520,133,90
535,232,683,Shamela0010798,3062,11,500,331,81
535,907,1087,Sham19Y0146127,1041,328,654,119,44
535,232,670,Shamela0012027,197,742,1072,217,61
536,1181,1436,Shamela0002863,824,922,1040,62,30
536,215,647,Shamela0001733,3259,1149,1479,242,66
536,441,884,Shamela0001733,3311,102,786,226,37
536,834,1288,Shamela0001733,3601,540,998,183,39
536,799,1288,Shamela0011428,746,6,966,157,17
537,564,1020,ShamAY0033910,306,483,962,239,52
537,682,1030,Shamela0007289,7357,575,708,99,35
537,537,1030,Shia002003Vols,536,950,1296,128,25
537,1077,1391,Shamela0001733,850,689,1010,163,58
537,1151,1391,Shamela0001733,962,956,1194,113,50
537,295,918,Shamela0001733,2887,848,1391,254,43
537,155,797,JK000221,292,894,1443,176,26
537,5,324,Shia002069Vols,693,656,953,157,56
537,309,446,Sham19Y0127663,625,485,628,103,88
537,1151,1391,Sham19Y0127677,12639,84,346,118,55
537,682,1030,JK006950,1552,361,494,99,35
537,682,1030,Shamela0009690,1701,681,814,99,35
538,1134,1321,Shia001782Vols,613,737,950,107,54
538,1088,1316,Shamela0026440,5,122,378,145,64
538,1124,1434,Sham19Y0147658,617,763,1010,144,58
538,1088,1316,Sham19Y0013241,576,881,1103,145,71
538,1088,1434,Sham19Y0016684,456,1166,1509,170,54
538,403,659,Sham19Y0018259,153,193,469,196,87
538,1088,1316,ShamAY0033910,309,453,706,149,68
538,18,609,ShamAY0033910,318,734,1311,141,21
538,1088,1327,Sham19Y0018103,984,1226,1490,149,64
538,371,659,Sham19Y0018103,993,1197,1532,221,81
538,1112,1316,Sham19Y0014462,160,979,1213,129,63
538,1124,1434,Shamela0005756,4226,42,289,144,58
538,441,662,Shamela0005756,4266,1,242,167,85
538,1138,1434,Sham19Y0013252,2174,1,234,133,57
538,371,662,Sham19Y0013252,2198,60,398,223,81
538,18,239,ShamAY0031687,503,667,897,0,0
538,1088,1434,Sham19Y0013605,1404,458,800,170,54
538,371,662,Sham19Y0013605,1415,125,463,223,81
538,1088,1316,JK000475,385,1057,1310,145,67
538,1124,1375,JK000475,386,1165,1477,135,51
538,1,456,Shamela0008493,42,655,1135,200,47
538,906,1321,ShamAY0033053,112,811,1264,133,26
538,1112,1327,Sham19Y0011194,91,328,568,131,61
538,1124,1327,ShamIbadiyya0000438,159,6,175,123,75
538,1088,1316,Shamela0007891,655,766,1054,145,59
538,1124,1385,ShamIbadiyya0000109,812,144,369,136,66
538,1088,1434,JK000110,250,491,833,170,54
538,371,662,JK000110,255,803,1141,223,81
538,1088,1316,Shamela0000551,762,1060,1347,145,59
538,1,297,Sham19Y0148486,2009,413,742,167,57
538,1088,1316,Sham19Y0148486,2029,88,360,145,62
538,1088,1316,Shamela0001719,4121,232,490,147,66
538,1088,1316,Sham19Y0006684,617,530,817,145,59
538,1172,1312,Shamela0022645,495,550,1081,91,21
538,1091,1321,Sham19Y0013667,2006,1094,1309,127,60
538,1088,1434,Sham19Y0013667,2008,119,420,160,55
538,980,1316,Sham19Y0018144,775,886,1242,165,54
538,357,584,Sham19Y0018144,777,1,233,179,96
538,1167,1316,Sham19Y0014245,138,7,134,98,80
538,1124,1434,Shamela0010517,885,1261,1508,144,58
538,1129,1434,Shamela0021715,1791,1,243,140,58
538,12,265,Shamela0021715,1821,251,549,124,44
538,371,662,Shamela0021715,1822,1133,1471,223,81
538,906,1321,Shamela0012862,157,398,838,138,29
538,18,659,Sham19Y0018609,22,993,1439,166,26
538,335,668,Sham19Y0131336,837,882,1249,250,84
538,1088,1316,Shamela0010803,223,1,308,145,55
538,1088,1316,Shia002119Vols,817,178,460,145,60
538,357,577,Shamela0025794,4841,1264,1491,174,96
538,371,662,Sham19Y0018106,901,502,840,223,81
538,357,668,Shia001887Vols,594,285,623,244,90
538,131,591,Shia001887Vols,595,1,380,176,40
538,1088,1434,Sham19Y0020868,348,995,1337,170,54
538,1088,1434,Sham19Y0018176,472,535,877,170,54
538,371,662,Sham19Y0018176,479,94,432,223,81
538,371,655,Shamela0000782,211,503,796,175,65
538,1088,1316,JK000677,12,523,781,149,67
538,1088,1316,Shamela0012399,837,730,1017,145,59
538,379,668,Shamela0005583,175,1,314,219,86
538,980,1316,ShamAY0032665,775,895,1251,165,54
538,357,584,ShamAY0032665,777,10,242,179,96
538,1112,1434,Shamela0001875,520,980,1296,152,51
538,18,239,Shamela0001875,522,306,491,87,39
538,1088,1316,Sham19Y0146127,1051,518,726,140,71
538,1088,1316,Shamela0013033,11,5,263,147,66
538,1115,1316,Shamela0021739,221,13,215,131,71
538,1124,1434,JK007107,266,1232,1478,144,59
538,1088,1434,Sham19Y0016584,1008,412,754,170,54
538,480,662,Sham19Y0016584,1020,1,206,144,87
538,1088,1316,JK000130,310,592,845,149,68
538,18,609,JK000130,319,866,1444,140,20
538,1124,1316,Shamela0021479,209,496,659,121,78
538,1124,1434,Shamela0096283,104,1080,1327,144,58
539,150,363,Shamela0009242,1525,1218,1447,160,83
539,990,1252,Shamela0009242,1530,428,646,157,70
539,990,1252,Shamela0009242,1531,145,363,157,70
539,937,1252,JK000977,786,1027,1346,212,78
539,987,1252,Shia002265Vols,2663,197,476,205,92
539,150,320,Shamela0021743,333,307,466,126,92
539,614,1252,Shia001782Vols,613,681,1016,181,36
539,104,307,ShamAY0034282,939,1362,1558,154,96
539,104,363,Sham19Y0013241,571,1241,1510,197,90
539,946,1291,Sham19Y0014601,2095,278,662,242,79
539,916,1150,ShamAY0033910,310,1253,1491,162,81
539,1150,1266,ShamAY0033910,311,1,147,78,68
539,973,1295,Sham19Y0020561,1468,61,442,212,66
539,150,681,Shia000841Vols,2252,909,1274,230,54
539,104,448,Sham19Y0018103,3214,1111,1488,222,68
539,916,1252,ShamAY0033938,461,1006,1347,223,78
539,119,363,ShamAY0033938,464,1137,1420,187,83
539,104,287,Shamela0012843,22,1382,1554,132,89
539,104,363,Shamela0012981,1402,1161,1426,190,87
539,147,363,Sham19Y0132620,239,938,1135,148,85
539,101,437,Sham19Y0001729,972,1126,1475,221,71
539,101,493,Sham19Y0001729,982,680,1076,239,65
539,990,1246,Shamela0021693,351,1368,1589,172,85
539,104,493,ShamAY0031687,502,661,1147,213,45
539,931,1252,ShamAY0031687,504,400,681,189,70
539,946,1252,Shamela0009200,588,228,551,213,77
539,150,367,Sham19Y0016934,1104,219,550,158,59
539,976,1252,Shamela0008540,1520,627,879,187,84
539,954,1252,JK000475,387,363,692,230,87
539,224,360,Shamela0006366,345,1288,1411,95,87
539,219,363,Shamela0006366,698,613,752,101,83
539,958,1252,JK007065,644,440,723,217,91
539,134,430,ShamAY0034249,1007,461,829,182,59
539,587,1252,ShamAY0033053,112,949,1331,189,34
539,150,343,Shamela0006610,369,1287,1473,144,91
539,990,1252,Shamela0006610,370,1216,1421,157,74
539,976,1252,Shamela0117359,319,516,793,212,96
539,987,1252,Sham19Y0020638,387,1057,1336,205,92
539,150,363,Shamela0001717,550,931,1148,162,92
539,922,1137,ShamAY0034005,1193,259,429,126,73
539,976,1291,Sham19Y0020944,248,704,1078,233,78
539,147,493,ShamIbadiyya0000438,158,845,1123,181,63
539,104,475,Shia000895Vols,171,1042,1519,207,45
539,69,363,Shamela0007891,653,1044,1383,206,74
539,101,343,Shia001989,65,1102,1401,184,76
539,150,681,JK000272,226,380,741,232,54
539,916,1252,Sham19Y0122406,1298,815,1155,225,79
539,976,1252,Sham19Y0020591,436,85,551,174,42
539,174,360,Shamela0000551,770,124,842,71,10
539,681,1183,Sham19Y0148486,2010,838,1443,223,37
539,995,1252,Shamela0025800,1579,429,675,189,91
539,958,1256,Shamela0002863,823,29,325,231,97
539,504,916,Sham19Y0013667,2010,435,934,250,64
539,681,1252,Sham19Y0013667,2011,77,315,138,30
539,937,1252,Sham19Y0018144,775,18,351,237,90
539,104,676,ShamAY0035950,128,762,1335,252,45
539,219,360,Shamela0012036,190,401,588,92,58
539,150,323,ShamAY0034134,1255,925,1106,133,92
539,990,1203,ShamAY0034134,1258,938,1148,154,86
539,104,367,JK000221,290,1217,1480,201,94
539,565,1252,Shamela0012862,157,503,904,208,37
539,104,687,Sham19Y0018609,22,885,1347,259,50
539,131,676,ShamIbadiyya0000155,35,879,1478,234,37
539,922,1440,Sham19Y0131336,839,815,1341,260,58
539,987,1252,Shamela0001438,6413,1122,1396,205,94
539,603,1049,Sham19Y0127663,625,164,731,269,54
539,150,323,Sham19Y0023625,1476,1307,1489,133,92
539,990,1203,Sham19Y0023625,1480,1277,1456,129,76
539,154,363,Shamela0008176,2038,451,760,166,67
539,219,360,Shamela0021598,1799,257,444,92,58
539,69,493,Shamela0025794,572,758,1400,221,36
539,916,1189,Shamela0025794,2664,1166,1474,187,72
539,916,1291,Shamela0025794,2680,834,1208,222,64
539,987,1252,Shamela0021744,705,649,880,162,71
539,75,493,Shia001887Vols,595,144,544,307,90
539,896,1252,Shamela0001456,384,222,542,226,80
539,987,1252,JK000299,608,58,302,172,75
539,937,1252,JK000022,2246,671,968,217,86
539,198,390,Shia000107Vols,1102,1,186,134,85
539,987,1252,JK009390,6327,1003,1259,174,74
539,990,1252,Sham19Y0013785,156,260,487,163,75
539,973,1252,Shamela0011428,742,42,290,189,84
539,104,360,JK000677,12,1191,1463,200,93
539,987,1252,Sham19Y0127677,4481,626,900,204,93
539,937,1252,Sham19Y0127677,8135,387,706,207,77
539,104,363,Shamela0022848,168,433,774,198,72
539,147,354,Shamela0008183,640,73,306,149,77
539,976,1252,Sham19Y0131521,1738,259,536,212,96
539,885,1252,Sham19Y0131521,1742,236,793,234,51
539,937,1252,ShamAY0032665,775,27,360,237,90
539,147,363,Shia003732Vols,3522,1238,1514,172,78
539,150,360,Shamela0022644,1158,773,1275,143,34
539,976,1144,ShamAY0033885,32,1321,1499,131,91
539,987,1252,Shamela0001875,524,1114,1393,204,92
539,681,1252,Sham19Y0146127,1040,906,1249,240,53
539,104,363,Shamela0013033,11,625,900,202,93
539,159,363,Shamela0119492,127,262,631,75,20
539,999,1252,Shamela0009564,5,761,1040,195,87
539,973,1318,JK007107,269,722,1345,162,27
539,1016,1266,JK000130,312,1,281,185,83
539,101,363,JK000130,316,1143,1421,197,90
539,30,363,Shamela0021479,95,1145,1442,212,76
540,369,958,JK000977,783,251,931,321,49
540,988,1439,JK000977,787,653,1266,305,61
540,958,1269,Shamela0026726,64,1140,1568,207,59
540,1213,1439,Shamela0026726,65,1,197,137,73
540,1040,1416,Shia002265Vols,2662,938,1332,248,73
540,372,958,Shia002265Vols,2664,817,1355,329,65
540,958,1439,Shamela0009395,1,33,674,334,66
540,992,1439,Shamela0026542,177,594,1207,313,65
540,969,1351,Shamela0026641,8,995,1512,256,62
540,958,1421,ShamAY0034282,942,911,1445,319,76
540,336,582,Sham19Y0014601,2087,369,583,136,65
540,1052,1331,Sham19Y0014601,2093,1,406,210,66
540,488,1161,ShamAY0033910,308,1,645,382,64
540,1008,1439,ShamAY0033938,462,519,1075,301,65
540,1008,1439,Shamela0005803,108,301,729,256,64
540,746,1099,Shamela0012981,2388,890,1326,161,37
540,1,669,Shia001913Vols,294,881,1440,277,49
540,958,1283,Sham19Y0001729,978,1046,1465,207,63
540,336,1048,ShamAY0031687,505,588,1242,413,68
540,958,1439,ShamAY0031687,506,514,1106,313,64
540,369,938,Shamela0008540,1514,604,1112,333,69
540,992,1439,Shamela0008540,1518,619,1160,295,67
540,369,938,ShamAY0033945,400,408,932,328,66
540,185,1161,JK000475,384,163,1092,471,51
540,1032,1439,JK007065,643,545,1095,294,66
540,181,1254,Shamela0117359,318,267,1441,562,52
540,1198,1439,Shamela0117359,319,1,216,150,74
540,1048,1439,Sham19Y0020638,388,391,921,281,65
540,405,1099,Sham19Y0020944,247,622,1356,378,53
540,1084,1439,Sham19Y0020944,248,1,358,246,80
540,161,622,Sham19Y0122406,1296,516,828,98,22
540,1008,1439,Sham19Y0122406,1300,189,745,301,65
540,190,628,Sham19Y0020591,434,586,1047,203,44
540,1075,1439,Sham19Y0020591,435,899,1296,254,81
540,958,1439,ShamAY0033973,221,552,1153,300,57
540,336,951,Sham19Y0148486,2012,683,1206,323,62
540,958,1439,Sham19Y0148486,2013,668,1268,331,68
540,1005,1439,Shamela0025800,1578,615,1173,290,62
540,1057,1439,Shamela0002863,829,1,528,279,65
540,958,1439,Shamela0001442,1102,82,683,327,66
540,75,418,Sham19Y0013667,2014,131,495,158,50
540,148,688,Sham19Y0013667,2014,687,1459,255,34
540,1008,1439,Sham19Y0013667,2016,343,892,291,63
540,1150,1439,Sham19Y0013667,2017,1,318,222,88
540,1043,1439,Sham19Y0017729,164,664,1210,285,64
540,484,1161,Sham19Y0018144,773,1,756,387,57
540,988,1227,Sham19Y0018144,773,1108,1459,177,65
540,1227,1439,Sham19Y0018144,774,1,240,159,84
540,32,418,Shia002003Vols,536,429,876,200,53
540,983,1439,Sham19Y0148271,371,661,1235,312,68
540,1084,1426,JK000763,21,1,265,191,69
540,1080,1416,Shamela0001438,6385,12,305,205,72
540,358,958,Shamela0001438,7585,918,1468,336,65
540,992,1439,Shamela0025794,2555,846,1398,305,68
540,355,824,Shia001887Vols,595,1012,1478,350,92
540,824,951,Shia001887Vols,596,1,130,100,96
540,803,1439,JK000786,769,400,1097,309,47
540,997,1416,JK009390,6327,305,676,233,63
540,390,958,JK009390,7028,298,856,320,62
540,372,958,JK009390,7275,759,1320,303,53
540,1040,1416,Sham19Y0127677,4480,336,730,248,73
540,644,958,Sham19Y0127677,5533,19,288,186,71
540,969,1439,Shamela0008623,22,117,728,345,71
540,190,787,Sham19Y0131521,1733,1011,1508,288,58
540,958,1439,Sham19Y0131521,1737,854,1483,327,64
540,474,1161,ShamAY0032665,773,1,766,395,57
540,988,1218,ShamAY0032665,773,1118,1460,170,64
540,1218,1439,ShamAY0032665,774,1,249,166,84
540,1138,1439,Sham19Y0017903,324,8,358,215,74
540,42,336,Shamela0000137,1906,561,882,168,62
540,1043,1439,JK000271,121,27,470,229,56
540,507,1439,Shamela0001875,526,294,1208,516,58
540,1005,1439,Sham19Y0146127,1042,120,599,293,73
540,1080,1439,JK007107,270,32,417,232,68
540,958,1351,Shamela0000736,1432,1066,1577,262,64
540,376,1161,JK000130,309,20,773,446,65
540,600,958,Sham19Y0132524,777,89,540,176,41
541,58,1185,ShamAY0034282,943,608,1427,525,55
541,58,299,Shamela0000767,997,765,1059,159,67
541,109,299,Shamela0008540,1523,250,425,115,76
541,299,652,ShamAY0033053,113,20,341,170,55
541,674,881,Sham19Y0122406,4732,610,803,122,70
541,109,326,Sham19Y0020591,437,714,921,143,81
541,299,688,Sham19Y0148486,2017,444,827,214,66
541,114,481,ShamAY0032798,35,403,857,151,33
541,84,481,Shamela0001733,2481,407,783,198,53
541,299,652,Shamela0012862,157,1045,1410,182,54
541,744,986,Shia001887Vols,598,1,239,168,82
541,299,652,Sham19Y0127677,18996,663,1004,204,69
541,109,326,Sham19Y0131521,1739,459,666,143,81
541,58,299,Sham19Y0146127,1043,678,907,141,74
541,335,688,Sham19Y0146127,1044,897,1234,200,69
542,354,478,Shamela0000427BK2,1726,242,535,97,41
542,180,478,Sham19Y0122257,919,682,856,117,47
542,1,468,Sham19Y0145212,1207,910,1246,243,63
542,290,478,Shamela0000767,994,418,616,107,65
542,237,760,Shamela0117359,322,547,991,218,47
542,1,444,Zaydiyya0000067,132,37,585,210,37
542,1,222,Shamela0005922,1329,1010,1258,159,76
542,267,760,Sham19Y0020591,440,204,584,206,49
542,1,478,Shamela0008360,226,424,783,250,63
542,284,714,Shamela0001719,655,788,1199,185,45
542,1,760,Sham19Y0017729,165,627,1394,280,35
542,63,222,Sham19Y0148271,48,1,153,118,91
542,1129,1428,Shia001887Vols,598,1083,1370,145,60
542,5,226,Shamela0008623,23,701,956,160,79
542,267,760,Sham19Y0131521,1754,714,1094,206,49
542,1,444,Sham19Y0017903,325,8,624,232,46
542,1,454,Sham19Y0123608,457,29,366,207,53
542,24,222,Sham19Y0146127,1045,1,195,147,92
542,222,478,JK007107,272,924,1207,111,36
543,896,1040,Shamela0011385,928,976,1089,61,56
543,975,1298,Shamela0001453,145,1035,1424,183,56
544,458,702,Shamela0003118,3634,787,965,129,65
544,551,702,Shia002265Vols,5598,908,1066,124,95
544,458,702,Shia001782Vols,1732,664,887,161,80
544,381,702,Shamela0009567,476,539,939,211,63
544,323,702,JK000916,11882,674,1061,170,45
544,317,702,Shamela0007798,3962,1,274,169,50
544,358,702,Shamela0012981,346,833,1155,220,74
544,329,702,JK000021,2053,306,650,254,83
544,317,702,Shia002034Vols,74,292,697,293,90
544,462,702,Shamela0005756,62,775,1005,155,73
544,462,670,Shamela0005756,8748,1338,1514,126,74
544,187,702,Shamela0022547,1102,547,969,246,55
544,28,308,ShamAY0033945,2028,1189,1461,205,90
544,433,702,Shamela0008353,574,735,1020,207,88
544,179,702,Sham19Y0014592,3049,751,1176,217,46
544,462,702,Sham19Y0148271,1347,92,321,163,81
544,197,702,Tafsir09084,900,601,1383,257,37
544,462,702,Shamela0011036,188,586,809,161,80
544,317,702,Shamela0021809,1743,829,1254,224,58
544,317,702,Shamela0021809,2538,207,570,277,88
544,22,537,Shamela0001733,658,275,761,257,53
544,12,702,Shamela0001733,3851,101,788,367,53
544,528,702,Zaydiyya0000259,201,369,545,136,92
544,377,702,Shamela0012862,412,8,313,218,77
544,414,518,Shia002069Vols,406,1264,1451,71,49
544,317,702,Shamela0025794,368,612,1035,224,58
544,381,702,Shamela0004445,6914,1065,1470,218,64
544,551,702,Sham19Y0127677,1222,58,209,123,98
544,455,702,Sham19Y0127677,13742,58,497,171,48
544,381,702,JK007054,102,1098,1466,200,63
544,171,702,Shamela0012884,1932,183,641,265,57