ms1,b1,e1,id2,ms2,b2,e2,ch_match,matches_percent
1,110,484,Shia003752Vols,1,113,517,227,62
2,1138,1329,Shia001432Vols,8983,228,400,130,85
2,1206,1370,Shia001432Vols,32014,1,165,131,98
2,1138,1370,Shia002334,422,375,590,162,86
4,909,1482,Shia004022,143,473,670,144,30
4,906,1418,Shia001389,13,1114,1635,147,25
4,909,1203,Shia003636Vols,7869,1211,1476,183,71
4,909,1607,Shia003636Vols,7870,88,410,240,42
5,1,305,Shia004022,143,473,635,104,41
5,242,1498,Shia001389,14,1,1310,945,87
5,1,656,Shia003636Vols,7870,466,1546,473,51
5,656,1523,Shia003636Vols,7871,1,831,646,92
6,336,1565,Shia003366Vols,6939,350,1570,975,97
7,189,400,Shia001237Vols,902,943,1211,150,71
7,1,235,Masaha0003164Vols,1006,1207,1560,107,34
7,1,158,Shia003366Vols,168,608,1113,104,25
7,1,441,Shia003366Vols,6940,36,465,338,96
8,1168,1587,Shia001292,33,140,422,207,59
8,1424,1628,Shia004524,31,1085,1332,116,51
8,1369,1628,Shia002970Vols,762,801,1017,129,55
9,1,1148,Shia001292,33,582,1577,792,83
10,1,237,Shia004525,50,533,1175,121,23
11,1160,1486,Shia001174Vols,2442,36,554,215,51
11,1063,1486,Shia002389Vols,425,692,1128,315,88
11,1211,1486,Shia004013,82,89,361,206,93
11,1070,1476,Shia004029,123,842,1249,292,86
11,1187,1398,Shia001432Vols,11186,1263,1466,130,70
11,1187,1470,Shia001432Vols,12215,287,543,154,63
11,1073,1486,Shia002394Vols,695,563,980,292,84
11,1046,1486,Shia001423Vols,577,625,1057,309,83
11,1073,1486,Shia001122Vols,530,145,909,271,43
12,26,151,Shia001174Vols,2263,200,347,92,82
12,26,169,Shia001174Vols,2442,550,695,105,94
12,26,293,Shia002389Vols,425,1124,1373,139,68
12,1,174,Shia004013,82,361,529,121,90
12,16,174,Shia004029,123,1249,1409,106,87
12,174,732,Shia001432Vols,1664,210,738,396,87
12,50,169,Shia001432Vols,10066,1,141,87,82
12,174,732,Shia001432Vols,10845,813,1316,385,86
12,1,169,Shia001432Vols,11187,172,353,100,73
12,1,169,Shia001432Vols,12215,670,863,100,68
12,311,732,Shia001432Vols,33224,451,818,261,76
12,26,169,Shia002394Vols,695,976,1118,102,92
12,26,169,Shia001423Vols,577,1053,1199,105,95
12,1,169,Shia001117,259,277,470,100,68
12,30,151,Shia002984Vols,825,1070,1191,82,90
12,26,174,Shia001122Vols,530,905,1059,106,90
13,567,837,Shia001349Vols,515,405,629,151,67
13,140,372,Shia001272,81,61,311,163,74
13,477,800,Shia004029,102,944,1259,237,88
13,23,388,Shia004029,166,837,1241,232,66
13,140,384,Shia004029,182,21,232,164,82
13,140,372,Shia001432Vols,1621,1078,1328,163,74
13,506,780,Shia001432Vols,1654,652,911,207,93
13,23,372,Shia001432Vols,1664,766,1122,273,93
13,506,848,Shia001432Vols,10843,829,1181,221,75
13,23,260,Shia001432Vols,10845,1344,1569,173,91
13,506,780,Shia001432Vols,14984,684,942,206,92
13,23,372,Shia001432Vols,19330,963,1339,220,67
13,477,780,Shia001423Vols,125,858,1120,205,82
13,140,372,Shia001423Vols,618,421,690,169,74
13,520,800,Shia001344Vols,427,926,1205,156,64
13,523,837,Shia001117,261,581,905,212,79
13,140,372,Shia001122Vols,1185,1078,1323,163,75
13,72,316,Shia001615Vols,1053,1198,1436,188,95
14,763,1180,Shia001334,391,1058,1489,220,54
14,525,1022,Shia001334,391,549,1127,313,59
14,577,1142,ShamAY0034055,750,1200,1524,165,32
14,559,1210,Shia002406Vols,352,553,1385,422,57
14,582,1180,Shia001272,87,1,483,268,48
14,577,1206,Shia002702Vols,710,985,1371,215,40
14,574,1198,Shia002382Vols,183,486,940,273,49
14,510,1180,Shia002389Vols,146,69,551,237,36
14,525,1180,Shia002389Vols,1926,245,777,283,46
14,719,1198,Shia001544Vols,195,1,349,179,40
14,110,386,Shia001432Vols,1580,310,525,154,67
14,525,832,Shia001432Vols,1651,1264,1549,187,68
14,832,1180,Shia001432Vols,1652,1,547,246,51
14,525,1104,Shia001432Vols,1689,950,1406,222,39
14,566,1202,Shia001432Vols,20871,1059,1318,144,26
14,155,462,Shia001432Vols,24083,64,389,166,52
14,510,1180,Shia002394Vols,274,625,1128,236,35
14,510,1180,Shia002359Vols,438,242,711,239,37
14,686,1180,Shia001122Vols,1273,6,393,198,42
14,539,1198,Shia001615Vols,1092,606,993,263,48
14,505,1225,Shia004695Vols,2403,584,1032,220,34
16,792,1116,Shia001237Vols,4344,193,572,176,51
16,792,1072,Shia001431,125,501,1066,154,31
16,821,1015,Shia001432Vols,340,128,323,136,80
16,846,1015,Shia001432Vols,10308,1,159,116,83
16,821,1015,Shia003752Vols,53,619,814,136,80
16,679,1033,Shia001117,376,642,993,168,50
16,842,1019,Shia002984Vols,1055,1033,1200,121,82
17,1357,1544,Shia001186,126,475,673,139,85
17,278,507,Shia001310,22,594,895,149,62
17,311,529,Shia001294Vols,306,246,535,135,58
17,1357,1544,Shia002964Vols,889,752,949,139,85
17,1276,1544,Shia001432Vols,287,260,527,163,70
17,311,500,Shia001432Vols,9415,1149,1398,124,62
17,311,529,Shia001432Vols,17917,357,644,135,59
17,613,1206,Shia001432Vols,23350,420,848,114,18
17,1347,1544,Shia003026Vols,485,756,947,140,86
17,1357,1544,Shia001187Vols,7049,296,468,117,74
17,1347,1544,Shia002758,144,272,440,120,75
17,311,500,Shia001337Vols,390,187,423,122,65
17,1385,1544,Shia001402,110,812,972,118,88
17,1326,1544,Shia001117,17,1322,1533,143,79
17,311,529,Shia003636Vols,14929,807,1088,125,57
17,1357,1544,Shia001122Vols,59,815,1013,139,85
17,311,529,Shia003707Vols,676,704,991,135,60
17,1385,1544,Shia000234Vols,146,1333,1493,117,87
17,311,529,Shia003695Vols,290,1051,1338,135,60
17,1326,1544,Shia001418Vols,235,86,314,138,71
18,1,153,Shia001186,126,673,846,122,87
18,96,727,Shia004028,154,568,1018,167,27
18,344,732,Shia001237Vols,4329,795,1154,224,64
18,1,153,Shia001174Vols,602,1044,1217,122,87
18,462,727,Shia001174Vols,2059,4,250,178,83
18,1,162,Shia002964Vols,889,949,1131,123,84
18,1,162,Shia001432Vols,261,712,916,121,73
18,486,727,Shia001432Vols,291,1,223,148,72
18,1,162,Shia001432Vols,9485,348,552,121,73
18,344,796,Shia001432Vols,15289,937,1427,246,54
18,1,153,Shia001432Vols,15892,239,433,120,76
18,1,153,Shia003026Vols,485,947,1110,122,92
18,1,225,Shia001187Vols,7049,468,713,143,74
18,440,727,Shia001187Vols,7082,1,265,194,83
18,1,153,Shia002758,144,440,836,102,32
18,1,162,Shia001337Vols,351,1017,1222,121,73
18,344,732,Shia001117,21,241,580,206,59
18,452,727,Shia001117,472,1,241,164,72
18,361,727,Shia001122Vols,391,718,1068,251,84
18,1,153,Shia001418Vols,235,314,465,113,92
19,258,400,Shia001334,391,1331,1489,108,83
19,1247,1516,Shia001362Vols,749,399,673,217,97
19,258,460,Shia002406Vols,352,1176,1377,124,74
19,429,651,Shia002382Vols,995,1215,1425,162,91
19,1258,1533,Shia004053Vols,741,492,781,209,89
19,1160,1516,Shia004029,136,929,1077,108,37
19,1160,1516,Shia004029,172,562,787,133,41
19,258,409,Shia001432Vols,1652,403,555,112,89
19,1236,1499,Shia001432Vols,19328,457,711,202,93
19,1344,1533,Shia001432Vols,33926,1,181,146,94
19,1247,1533,Shia001357,96,922,1195,220,94
19,1247,1516,Zaydiyya0000236,128,776,1047,214,96
19,253,460,Shia001615Vols,1092,796,993,126,68
19,1247,1533,Shia000042,526,500,773,220,94
21,1073,1468,Shia001172,117,535,927,284,88
21,104,412,Shia001172,118,1,318,177,59
21,516,1206,Shia001172,118,5,611,290,49
21,1139,1375,Shia001349Vols,1112,544,750,126,62
21,1151,1351,Shia001269,563,1207,1387,140,89
21,1103,1366,Shia001300,236,1158,1425,163,66
21,321,751,Shia002992Vols,3559,602,1023,311,89
21,1163,1375,Shia002382Vols,1607,565,754,121,69
21,1163,1366,Shia002382Vols,1843,970,1150,124,73
21,1163,1375,Shia002382Vols,2157,1099,1288,121,69
21,1163,1366,Shia002382Vols,2436,445,625,124,73
21,1106,1351,Shia002389Vols,2540,256,742,147,36
21,1106,1351,Shia002389Vols,3041,534,1022,150,37
21,732,1186,Shia004029,105,655,1056,225,59
21,1078,1366,Shia004029,117,391,658,204,90
21,6,399,Shia004029,127,801,1242,224,57
21,732,1186,Shia001432Vols,1653,837,1227,207,50
21,324,723,Shia001432Vols,1654,268,650,300,93
21,324,767,Shia001432Vols,10843,442,886,315,85
21,1097,1366,Shia001432Vols,12857,1005,1255,176,78
21,1,447,Shia001423Vols,951,875,1295,262,72
21,1073,1366,Shia001423Vols,1023,504,778,195,80
21,1136,1351,Shia001423Vols,1032,312,527,130,65
21,1,447,Shia001423Vols,1059,779,1247,260,65
21,321,723,Shia001423Vols,1256,951,1338,304,93
21,1175,1366,Shia002380Vols,830,336,500,108,67
21,1113,1384,Shia001344Vols,425,7,263,197,92
21,485,1186,Shia001344Vols,427,428,1287,335,42
21,1,526,Shia001344Vols,427,347,857,280,60
21,732,1007,Shia001117,257,492,798,186,75
21,324,1014,Shia001117,261,200,905,339,47
21,1001,1351,Shia001117,263,720,1323,192,36
21,337,751,Shia002962,306,505,757,170,52
22,792,1496,Shia001172,116,9,689,475,78
22,1,390,Shia001172,117,927,1311,298,93
22,802,1496,Shia001300,233,477,1235,436,65
22,797,1496,Shia004029,125,412,693,174,32
22,802,1496,Shia001432Vols,11185,702,1437,426,64
22,846,1215,Shia001432Vols,12234,1149,1540,262,79
22,1199,1496,Shia001432Vols,12235,1,279,210,87
22,905,1496,Shia001432Vols,15660,1,598,434,85
22,722,1013,Shia001423Vols,562,1245,1581,172,61
22,1013,1421,Shia001423Vols,563,1,439,266,69
22,380,679,Shia001423Vols,599,695,1026,225,81
22,380,679,Shia001423Vols,819,20,338,224,84
22,792,1496,Shia001344Vols,422,604,1285,485,80
22,380,679,Shia001344Vols,424,502,801,225,91
22,1,493,Shia001344Vols,426,34,520,321,73
22,797,1400,Shia001117,257,809,1457,412,74
23,1,788,Shia001172,116,689,1480,553,80
23,1362,1509,Shia001272,82,243,378,95,77
23,302,880,Shia001300,234,8,858,265,34
23,1202,1317,Shia001278Vols,511,299,413,92,97
23,1362,1509,Shia001148,250,615,741,96,83
23,1,375,Shia004029,125,693,1081,279,87
23,1362,1509,Shia001432Vols,1607,75,201,95,79
23,824,1355,Shia001432Vols,10738,508,997,221,43
23,31,777,Shia001432Vols,11186,1,760,326,44
23,1,797,Shia001432Vols,12235,279,1099,590,85
23,1,797,Shia001432Vols,15660,598,1419,589,85
23,629,802,Shia001432Vols,36088,321,481,112,84
23,1,777,Shia001423Vols,563,511,1300,359,46
23,170,797,Shia001344Vols,423,1,599,453,88
23,1060,1317,Shia004030Vols,681,236,716,161,39
23,1060,1317,Shia001154,80,210,682,155,38
24,205,667,Shia001149Vols,98,721,1181,347,94
24,710,1385,Shia001149Vols,106,306,1134,455,64
24,768,1302,Shia002389Vols,1488,332,855,372,83
24,577,1233,Shia004029,93,920,1439,241,40
24,231,568,Shia001432Vols,1678,1,409,230,70
24,591,1385,Shia001187Vols,958,175,1001,428,54
24,817,1302,Shia003986,177,455,905,344,90
24,202,667,Shia002945Vols,253,459,1060,347,73
24,202,616,Shia000107Vols,1472,906,1397,276,70
24,205,616,Shia000207,140,320,736,282,87
24,202,560,Shia001122Vols,1260,960,1394,245,71
24,202,568,Shia000234Vols,1336,201,863,267,51
24,202,533,Shia001615Vols,1095,794,1190,225,72
24,202,573,Shia001418Vols,149,91,512,230,67
25,1,522,Shia001149Vols,106,956,1464,387,94
25,522,823,Shia001149Vols,107,8,388,228,73
25,1,522,Shia002389Vols,1488,926,1403,359,88
25,522,823,Shia002389Vols,1489,13,389,224,72
25,1,616,Shia001187Vols,958,831,1409,449,92
25,97,580,Shia003986,177,1068,1497,332,87
25,580,781,Shia003986,178,1,184,128,77
27,1052,1401,Shia001140Vols,325,766,1082,212,77
27,1031,1360,Shia001395Vols,908,86,458,212,65
27,1057,1386,Shia002406Vols,6605,1103,1408,209,79
27,1255,1360,Shia000401Vols,445,1,106,82,100
27,1114,1378,Shia001137,509,465,733,203,95
27,1114,1301,Shia001153,65,1418,1598,129,87
27,1114,1255,Shia002389Vols,2492,1367,1500,107,94
27,1255,1360,Shia002389Vols,2493,1,107,80,96
27,1114,1378,Shia001432Vols,2838,677,945,203,95
27,1150,1366,Shia001432Vols,20855,1,218,169,97
27,1080,1371,Shia001432Vols,25792,193,477,213,90
27,1049,1371,Shia001432Vols,27139,201,506,201,72
27,1064,1360,Shia001187Vols,282,1,259,190,80
27,1039,1360,Shia000317Vols,1664,1101,1391,206,81
27,1117,1366,Shia001615Vols,1088,1,250,192,96
29,827,1573,Shia003744Vols,463,932,1614,540,88
29,750,1573,Shia001432Vols,1599,388,1162,561,79
29,805,1573,Shia001423Vols,625,138,955,576,84
29,704,827,Shia001255Vols,1206,1438,1561,100,100
29,805,1573,Shia002334,139,662,1461,556,80
29,704,827,Shia002334,454,122,245,100,100
29,792,1486,Shia001418Vols,140,299,791,363,63
29,792,1578,Shia001418Vols,658,539,1068,325,46
30,1,1478,Shia003744Vols,464,1,1425,1109,93
30,1,467,Shia001432Vols,1599,1165,1605,338,89
30,467,1478,Shia001432Vols,1600,1,990,749,91
30,1,589,Shia001423Vols,625,958,1546,444,90
30,589,1478,Shia001423Vols,626,1,916,691,93
30,1,159,Shia002334,139,1464,1621,120,88
30,159,1478,Shia002334,140,1,1301,1010,94
30,972,1185,Shia001615Vols,524,1255,1447,151,87
31,108,1578,Shia003744Vols,465,1,1478,1124,92
31,1,577,Shia001432Vols,1600,990,1530,409,84
31,587,1578,Shia001432Vols,1601,12,1014,762,92
31,6,652,Shia001423Vols,626,926,1573,495,89
31,652,1578,Shia001423Vols,627,1,944,707,92
31,226,1578,Shia002334,141,1,1374,1051,93
32,415,1563,Shia003744Vols,388,1,1160,872,89
32,64,502,Shia002382Vols,107,1241,1682,255,63
32,374,613,Shia002382Vols,1615,1352,1586,182,96
32,613,1563,Shia002382Vols,1616,1,964,733,92
32,374,1563,Shia002382Vols,2168,346,1542,920,93
32,1,547,Shia001432Vols,1601,1014,1548,394,86
32,547,1563,Shia001432Vols,1602,1,1012,785,93
32,374,1198,Shia001432Vols,9731,697,1545,630,91
32,1198,1563,Shia001432Vols,9732,1,357,279,90
32,68,521,Shia001432Vols,23569,297,748,265,63
32,101,521,Shia001432Vols,24217,361,767,330,96
32,374,978,Tafsir04042,1964,982,1562,454,93
32,978,1563,Tafsir04042,1965,1,675,387,61
32,1,811,Shia001423Vols,627,944,1498,392,57
32,811,1563,Shia001423Vols,628,1,818,596,88
32,101,374,Shia002380Vols,28,433,688,165,64
32,80,1057,Shia002334,156,611,1665,780,90
32,1061,1563,Shia002334,157,1,539,395,88
32,59,374,Shia001615Vols,2076,24,257,163,62
32,374,521,Shia001615Vols,2257,245,386,112,95
32,378,570,Shia001418Vols,140,868,1037,133,87
33,490,596,Shia003744Vols,388,1,106,84,99
33,352,577,Shia002382Vols,107,1430,1682,169,83
33,454,596,Shia002382Vols,1615,1352,1494,112,98
33,454,596,Shia002382Vols,2168,346,488,112,98
33,352,596,Shia001432Vols,1601,1202,1522,186,71
33,454,596,Shia001432Vols,9731,697,838,112,99
33,352,610,Shia001432Vols,23569,480,762,183,82
33,352,596,Shia001432Vols,24217,447,767,186,71
33,454,596,Tafsir04042,1964,982,1107,98,86
33,454,596,Shia001423Vols,627,1048,1189,112,99
33,352,596,Shia002334,156,743,1112,187,62
33,454,596,Shia001615Vols,2257,245,386,112,99
33,458,596,Shia001418Vols,140,868,988,95,86
34,1083,1407,Shia003704,368,1256,1546,169,58
34,460,766,Shia001171,559,1105,1345,152,56
34,1100,1503,Shia003711,145,1192,1562,229,64
34,566,791,Shia20200618,240,648,842,149,81
34,1107,1561,Shia004053Vols,716,726,1181,288,69
34,566,791,Shia001107Vols,472,839,1033,149,81
34,1100,1561,Shia001286,43,456,979,269,56
34,1100,1561,Shia001432Vols,6966,345,770,264,64
34,1100,1556,Shia001432Vols,16058,560,1019,282,66
34,547,804,Shia001432Vols,23942,716,964,154,73
34,1100,1397,Shia003757,174,1328,1598,187,74
34,566,791,Shia002185Vols,4046,132,426,148,62
34,1100,1392,Shia003752Vols,227,1364,1650,187,72
34,1100,1561,Shia001344Vols,285,667,1085,284,72
34,569,750,Zaydiyya0000272,1302,1,419,134,40
34,1107,1556,Shia004039,161,358,790,288,73
34,1100,1556,Shia001134,537,398,882,284,64
34,1100,1556,Shia004030Vols,598,497,970,277,63
35,1,1390,Shia003704,369,145,1580,938,74
35,1367,1570,Shia003704,370,1,213,134,72
35,1,553,Shia001171,171,989,1550,413,87
35,557,1570,Shia001171,172,5,1025,694,78
35,1130,1477,Shia001349Vols,935,1,246,171,59
35,75,784,Shia001341,152,680,1444,325,45
35,1104,1570,Shia001341,153,596,1065,316,74
35,1,1570,Shia003711,146,53,1541,1009,73
35,256,766,Shia003754Vols,281,586,953,134,33
35,70,409,Shia004053Vols,716,1176,1534,263,89
35,409,881,Shia004053Vols,717,1,472,329,82
35,1,537,Shia001286,43,979,1520,387,85
35,537,1570,Shia001286,44,1,1053,688,73
35,453,869,Shia004029,86,34,427,304,87
35,494,776,Shia001432Vols,1668,1,271,195,85
35,1,755,Shia001432Vols,6966,770,1533,525,80
35,755,1570,Shia001432Vols,6967,1,745,490,66
35,1,533,Shia001432Vols,16058,1037,1610,401,84
35,533,1570,Shia001432Vols,16059,1,1046,719,78
35,1,1334,Shia003757,175,166,1563,949,79
35,1334,1570,Shia003757,176,1,240,164,78
35,1,1323,Shia003752Vols,228,207,1585,952,81
35,1323,1570,Shia003752Vols,229,1,269,172,74
35,476,766,Shia004092Vols,8932,551,789,92,39
35,1,498,Shia001344Vols,285,1085,1560,372,92
35,498,1570,Shia001344Vols,286,1,1080,755,80
35,1,609,Shia001134,537,900,1536,449,84
35,609,1570,Shia001134,538,1,981,664,77
35,1,498,Shia004030Vols,598,988,1509,367,84
35,498,1570,Shia004030Vols,599,1,1094,734,77
35,1275,1570,Shia001615Vols,2654,232,460,134,50
36,236,517,Shia003961Vols,940,219,495,195,78
36,248,517,Shia001431,88,941,1150,141,60
36,248,517,Shia001174Vols,1584,866,1113,175,74
36,223,517,Shia001432Vols,9402,153,442,205,79
36,248,517,Shia001432Vols,10358,530,785,176,75
36,9,218,Shia001432Vols,16059,1052,1268,155,86
36,248,517,Shia001432Vols,16136,198,436,162,69
36,338,517,Shia001432Vols,16210,1,140,97,64
36,248,517,Shia001432Vols,16244,861,1095,164,69
36,248,517,Shia000806Vols,163,661,904,166,70
36,9,218,Shia003757,176,246,449,144,80
36,1258,1596,Shia001292,33,1304,1503,131,45
36,9,313,Shia003752Vols,229,275,662,184,56
36,236,487,Shia003752Vols,612,125,392,159,67
36,248,517,Shia004092Vols,10115,714,881,121,53
36,9,517,Shia001344Vols,286,1086,1525,338,82
36,9,218,Shia001134,538,987,1203,155,86
36,9,227,Shia004030Vols,599,1100,1313,159,89
36,248,517,Shia001122Vols,224,870,1118,175,74
36,223,517,Shia001122Vols,450,955,1233,190,76
36,223,517,Shia001615Vols,1756,786,1070,166,57
38,1433,1613,Shia001334,53,1091,1277,140,93
38,1433,1613,Shia001432Vols,1606,437,617,141,96
38,1433,1613,Shia001432Vols,10732,956,1137,142,97
38,1426,1613,Shia001432Vols,15099,855,1044,146,96
38,1433,1613,Shia003692,92,450,587,110,76
38,1436,1613,Shia003707Vols,126,841,1020,141,97
38,1286,1568,Shia001418Vols,660,1267,1488,125,55
39,257,1229,Shia001334,579,609,1528,693,86
39,1229,1536,Shia001334,580,1,315,246,97
39,257,1348,Shia001299,19,424,1485,781,85
39,1348,1536,Shia001299,20,1,195,142,92
39,247,1536,Shia003744Vols,466,22,1256,956,91
39,257,1291,Zaydiyya0000142,4056,195,1509,739,66
39,1295,1532,Zaydiyya0000142,4057,6,248,187,95
39,1319,1529,Shia004023,194,867,1023,101,61
39,1093,1220,Shia004023,286,38,168,103,97
39,257,1532,Shia001432Vols,1604,102,1324,905,85
39,1093,1220,Shia001432Vols,4584,519,649,103,97
39,1093,1220,Shia001432Vols,6575,521,652,103,96
39,257,1181,Shia001432Vols,10734,678,1522,648,86
39,1181,1536,Shia001432Vols,10735,1,363,283,96
39,257,1400,Shia001432Vols,15074,430,1518,826,87
39,257,860,Shia001432Vols,23030,896,1453,415,82
39,860,1532,Shia001432Vols,23031,1,643,488,88
39,874,1057,Shia001187Vols,7124,615,789,110,69
39,257,800,Shia003692,10,1020,1529,349,73
39,797,1532,Shia003692,11,1,705,535,89
39,257,1536,Shia001423Vols,622,82,1314,927,87
39,257,1238,Shia002984Vols,716,663,1338,473,58
39,348,1134,Shia003636Vols,6835,8,720,555,87
39,257,1396,Shia001255Vols,431,569,1595,759,80
39,1,205,Shia003707Vols,126,1020,1219,158,95
39,257,1536,Shia003707Vols,376,54,1310,996,96
39,1,205,Shia001418Vols,661,45,227,143,86
40,1,1112,Shia001334,580,315,1371,787,85
40,1408,1516,Shia001140Vols,345,326,434,86,100
40,61,1112,Shia001299,20,197,1231,728,80
40,215,961,Shia001349Vols,846,1054,1485,333,55
40,961,1107,Shia001349Vols,847,1,146,99,85
40,1,330,Shia003744Vols,466,1256,1546,225,83
40,330,744,Shia003744Vols,467,1,378,292,85
40,833,1107,Shia003754Vols,103,36,263,166,77
40,1,1119,Zaydiyya0000142,4057,253,1303,781,84
40,833,1112,Noorlib0010605,100,178,366,108,50
40,838,1021,Shia002972Vols,1591,48,319,141,65
40,61,265,Shia001432Vols,1604,1329,1540,141,72
40,265,1112,Shia001432Vols,1605,1,812,579,82
40,1,744,Shia001432Vols,10735,363,1019,504,82
40,838,1095,Shia001432Vols,13513,1353,1563,156,77
40,215,635,Shia001432Vols,15065,305,572,204,60
40,1,1112,Shia001432Vols,15075,142,1179,773,84
40,37,920,Shia001432Vols,23031,656,1519,609,81
40,925,1107,Shia001432Vols,23032,6,188,130,89
40,1408,1516,Shia001187Vols,955,1342,1450,86,100
40,42,880,Shia003692,11,724,1509,536,75
40,880,1107,Shia003692,12,1,226,164,90
40,838,1016,Shia002185Vols,212,680,945,127,60
40,1,241,Shia001423Vols,622,1314,1538,180,91
40,241,1112,Shia001423Vols,623,1,864,640,90
40,838,1131,Shia004524,31,1171,1465,200,85
40,838,1131,Zaydiyya0000098,950,1251,1453,134,58
40,799,1079,Shia001344Vols,901,986,1265,203,91
40,830,1016,Shia002984Vols,716,366,641,139,64
40,234,744,Shia002984Vols,717,1,433,322,76
40,799,1107,Shia003636Vols,5037,789,1096,225,92
40,580,1107,Shia003636Vols,6835,731,1262,386,90
40,61,863,Shia001255Vols,432,139,923,515,73
40,1,257,Shia003707Vols,376,1310,1553,196,93
40,257,1112,Shia003707Vols,377,1,790,583,84
40,838,1107,Shamela0096337,80,1268,1447,130,61
40,61,208,Shia003764Vols,455,823,971,96,67
40,761,1112,Shia003764Vols,455,984,1346,252,87
40,858,1107,ShamAY0037888,39,1,253,178,88
40,744,925,Shia001418Vols,142,678,883,120,76
40,838,1107,Shia002970Vols,762,855,1123,186,85
41,1179,1565,Shia001140Vols,144,732,1162,289,78
41,1,486,Shia001140Vols,345,434,895,352,87
41,773,1174,Shia002406Vols,3072,741,1064,218,64
41,789,1184,Shia001186,338,1118,1476,279,90
41,1204,1565,Shia001186,339,648,1033,271,81
41,789,1187,Shia001172,167,1079,1456,290,93
41,1187,1565,Shia001172,168,1,388,280,83
41,1179,1565,Shia001172,225,970,1392,278,75
41,789,1565,Shia001174Vols,1119,507,1275,566,85
41,969,1174,Shia001174Vols,1120,957,1490,143,34
41,1167,1565,Shia001417,173,956,1337,266,75
41,1179,1565,Shia002382Vols,707,829,1245,288,80
41,825,1174,Shia002382Vols,864,270,563,214,76
41,1179,1565,Shia002389Vols,920,471,881,281,77
41,861,1565,Shia002389Vols,1162,1,663,495,82
41,789,1565,Shia001136,244,438,1206,575,88
41,1174,1430,Shia004023,297,414,640,183,87
41,789,981,Shia001432Vols,839,1271,1443,132,88
41,981,1565,Shia001432Vols,840,1,560,420,86
41,1167,1565,Shia001432Vols,1359,653,1096,296,78
41,1184,1565,Shia001432Vols,6576,8,438,288,79
41,789,1342,Shia001432Vols,10548,973,1464,381,87
41,1342,1565,Shia001432Vols,10549,1,233,175,87
41,789,1532,Shia001432Vols,19594,823,1524,539,88
41,1,577,Shia001432Vols,27550,678,1271,377,70
41,89,539,Shia001187Vols,956,1,488,321,79
41,1179,1565,Shia002380Vols,276,427,856,287,78
41,837,1065,Shia004092Vols,10125,1023,1202,122,68
41,789,1355,Shia001542Vols,536,777,1320,406,88
41,1400,1565,Shia001542Vols,537,1392,1570,130,86
41,789,1342,Shia001122Vols,128,912,1434,393,86
41,1342,1565,Shia001122Vols,129,1,251,175,82
41,748,1565,Shia002962,221,605,1140,375,55
41,789,1532,Shia001615Vols,2160,108,805,517,83
41,1167,1565,Shia001615Vols,3501,800,1217,272,72
44,1382,1538,Shia001148,156,1,154,122,98
44,1324,1524,Shia001432Vols,13882,423,620,155,98
44,1324,1538,Shia004664,62,624,835,166,98
45,6,772,Shia001148,156,154,972,534,76
45,11,766,Shia001432Vols,13882,620,1411,525,76
45,1,572,Shia004664,62,835,1474,428,82
45,572,766,Shia004664,63,1,180,126,76
46,499,694,Shia000011,98,876,1115,144,73
46,1033,1219,Shia001340,264,1214,1374,116,81
46,831,1075,Shia001432Vols,28628,16,247,148,73
46,484,813,Shia001432Vols,29721,501,917,231,63
46,831,1465,Shia001432Vols,30954,462,1186,317,50
46,1321,1465,Shia001432Vols,30955,1146,1281,106,93
46,831,1491,Shia001432Vols,30961,149,612,253,47
46,831,1071,Shia001138BK1,164,1048,1378,153,60
46,1071,1446,Shia001138BK1,165,1,413,153,42
46,484,699,Shia001138BK1,167,663,1100,144,38
46,1321,1465,Shia001138BK1,168,1,145,110,94
46,1232,1465,Shia001343,167,217,461,103,38
46,831,1050,Shia001187Vols,1764,75,308,137,72
46,1043,1219,Shia001187Vols,1892,7,161,119,87
46,1321,1446,Shia001187Vols,2001,1229,1361,93,88
46,936,1219,Shia000317Vols,3403,85,383,123,37
46,831,1465,Shia004012,84,894,1372,267,51
46,945,1491,Shia004012,86,907,1137,144,33
46,119,646,Zaydiyya0000236,45,925,1467,193,29
46,302,813,Shia000042,243,1144,1594,306,66
47,431,687,Shia001140Vols,264,545,769,123,60
47,461,721,Shia001137,427,69,298,131,61
47,431,649,Shia001432Vols,17144,1274,1453,112,66
47,431,687,Shia001423Vols,963,1060,1285,123,60
47,461,821,Shia001615Vols,1855,33,349,144,42
48,313,866,Shia001432Vols,6570,130,925,241,35
48,365,780,Shia001432Vols,15222,535,1002,216,48
48,348,870,Shia002339,251,335,1196,226,30
49,331,474,Shia001432Vols,9778,200,355,118,92
49,331,474,Shia001432Vols,13547,1106,1249,118,100
49,331,567,Shia003757,163,740,926,142,69
52,21,218,Shia002406Vols,3042,1344,1529,138,87
52,24,1563,Shia003704,184,57,1521,1083,81
52,9,1056,Shia002389Vols,3223,510,1532,786,90
52,1056,1563,Shia002389Vols,3224,1,450,324,73
52,1,431,Shia001148,99,1042,1477,323,91
52,431,1563,Shia001148,100,1,1076,823,85
52,1,1506,Shia001432Vols,12943,131,1550,1079,86
52,1,312,Shia001432Vols,13559,1226,1544,223,84
52,312,1563,Shia001432Vols,13560,1,1216,920,86
52,1,428,Shia003692,19,1087,1512,311,88
52,428,1563,Shia003692,20,1,1054,805,83
52,1,287,Shia004030Vols,1232,1177,1431,189,82
52,1,218,Shia004030Vols,1265,793,986,151,87
52,1,379,Shia004030Vols,1553,254,617,216,61
52,741,926,Shia001615Vols,172,249,363,84,56
52,741,926,Shia001615Vols,346,981,1163,148,97
52,725,1021,Shia001615Vols,1405,954,1243,208,85
52,60,260,Shia001615Vols,1405,790,959,126,77
53,45,1334,Shia003704,185,1,1329,774,63
53,471,588,Shia002389Vols,858,1433,1549,90,95
53,1,1004,Shia002389Vols,3224,450,1543,598,59
53,1004,1334,Shia002389Vols,3225,1,325,242,91
53,1,509,Shia001148,100,1076,1586,307,63
53,509,1574,Shia001148,101,1,1428,656,53
53,476,588,Shia001432Vols,2402,1116,1226,88,98
53,1,1334,Shia001432Vols,12944,70,1529,817,62
53,1,306,Shia001432Vols,13560,1216,1566,211,70
53,323,1493,Shia001432Vols,13561,25,1513,702,53
53,1,525,Shia003692,20,1054,1597,314,63
53,525,1334,Shia003692,21,1,874,518,66
53,471,588,Shia004030Vols,1198,78,193,91,97
54,230,1128,Shia003704,190,546,1346,562,73
54,265,1128,Shia001349Vols,556,240,1015,414,54
54,1253,1540,Zaydiyya0000142,293,111,376,189,76
54,67,1128,Shia001148,102,1,1085,750,81
54,1219,1540,Shia001432Vols,11949,1100,1444,245,82
54,1,1128,Shia001432Vols,13562,83,1228,789,80
54,265,1133,Shia001432Vols,15698,456,1103,416,57
54,1128,1333,Shia001432Vols,36609,725,889,131,79
54,1287,1540,Shia001382,39,724,1004,186,74
54,927,1128,Shia001615Vols,1803,200,412,126,67
54,265,861,Shia003710,345,1069,1538,333,71
55,126,1556,Shia001432Vols,11950,1,1519,1035,78
55,1,244,Shia001432Vols,32644,1361,1602,166,73
55,244,1552,Shia001432Vols,32645,6,1222,724,60
55,1,505,Shia001382,39,1009,1537,366,81
55,505,1556,Shia001382,40,1,1068,720,75
56,8,1593,Shia001432Vols,11951,1,1609,1238,92
56,1,327,Shia001432Vols,32645,1222,1541,219,76
56,327,1601,Shia001432Vols,32646,1,1323,925,83
56,1,460,Shia001382,40,1068,1557,288,63
56,40,1609,Shia001382,41,11,1166,854,65
57,1,1502,Shia001432Vols,11952,17,1559,1138,88
57,1,253,Shia001432Vols,32646,1331,1590,181,82
57,253,1560,Shia001432Vols,32647,1,1504,894,71
57,1,390,Shia001382,41,1166,1610,305,85
57,390,1556,Shia001382,42,1,1212,873,85
58,1,1428,Shia001432Vols,11953,59,1569,1020,77
58,76,1421,Shia001432Vols,32648,58,1464,894,72
58,787,1137,Shia001432Vols,36613,139,701,168,35
58,1120,1400,Shia001382,42,1278,1545,170,75
59,1306,1555,Shia001432Vols,8028,1155,1434,171,74
59,1314,1555,Shia001432Vols,11600,961,1235,172,75
59,1290,1517,Shia001117,388,1167,1382,140,73
60,985,1336,Tafsir05047,822,836,1225,157,45
60,627,842,Shia001172,34,1,160,121,69
60,990,1392,Shia003744Vols,410,1,381,203,58
60,997,1325,Zaydiyya0000408,118,370,734,135,46
60,823,1170,Shia001294Vols,96,1170,1524,156,47
60,895,1392,Shia001174Vols,4416,540,1029,379,96
60,880,1236,Shia002382Vols,747,1188,1515,258,91
60,1236,1392,Shia002382Vols,748,1,138,102,83
60,877,1396,Shia002382Vols,1649,985,1467,370,88
60,877,1396,Shia002382Vols,2208,290,797,389,92
60,813,1392,Shia002389Vols,1355,453,1018,340,62
60,895,1392,Shia002389Vols,2616,831,1294,362,91
60,895,1067,Shia002389Vols,3044,72,227,121,89
60,288,490,Shia001389,54,1260,1452,132,80
60,490,847,Shia001389,55,1,310,209,70
60,276,776,Shia001265,332,925,1429,380,92
60,127,1034,Shia001432Vols,4618,99,961,442,50
60,127,776,Shia001432Vols,7695,386,1022,386,74
60,71,842,Shia001432Vols,8029,1,871,535,72
60,6,249,Shia001432Vols,11600,1241,1474,179,90
60,249,776,Shia001432Vols,11601,1,686,391,71
60,1073,1204,Shia001432Vols,12057,264,386,92,90
60,276,842,Shia001432Vols,12236,557,1053,330,71
60,813,1015,Shia001432Vols,13788,1186,1437,122,57
60,1015,1392,Shia001432Vols,13789,1,353,272,91
60,288,842,Shia001432Vols,19312,787,1273,324,71
60,911,1396,Tafsir04042,2007,566,976,317,82
60,895,1392,Shia001423Vols,455,209,696,379,96
60,1015,1325,Zaydiyya0000098,948,1094,1418,128,49
60,1039,1325,Shia002380Vols,721,111,395,222,98
60,1067,1176,Zaydiyya0000342,234,115,228,77,88
60,6,776,Shia001117,389,47,845,545,82
60,971,1196,Shia003636Vols,1230,1210,1402,116,59
60,1010,1392,Shia004030Vols,1339,1,346,267,87
60,895,1392,Shia004030Vols,1425,404,892,378,96
60,855,1392,Shia004030Vols,1427,205,687,226,48
60,1059,1204,Shia004030Vols,2135,836,965,93,82
60,895,1392,Shia001122Vols,3448,57,546,379,96
60,895,1216,Shia001255Vols,1013,508,820,244,96
60,813,1196,Shia003707Vols,209,820,1238,131,27
60,985,1176,Zaydiyya0000080,297,678,956,132,61
61,646,1269,Shia001368,311,915,1422,306,57
61,1265,1492,Shia001368,312,1,219,130,61
61,794,1492,Shia001172,137,717,1332,467,83
61,1,501,Shia001421Vols,101,765,1216,320,74
61,712,1492,Shia001421Vols,104,129,925,538,82
61,1020,1492,Shia003656Vols,445,185,642,334,85
61,1,474,Shia001174Vols,4991,210,660,318,77
61,712,1492,Shia001174Vols,5142,686,1477,547,83
61,40,474,Shia002382Vols,787,533,949,309,83
61,491,677,Shia002389Vols,573,454,673,122,68
61,1,540,Shia002389Vols,1045,651,1141,345,76
61,1,559,Shia001432Vols,8042,433,988,347,69
61,712,1492,Shia001432Vols,8064,496,1293,545,83
61,491,629,Shia001432Vols,11645,805,950,108,93
61,212,474,Tafsir04042,958,1,224,170,78
61,56,267,Shia002380Vols,312,1325,1535,152,84
61,712,1492,Shia003752Vols,270,490,1285,554,84
61,959,1458,Shia001551,215,1,529,340,77
61,1,559,Shia001122Vols,3606,714,1273,348,68
61,491,616,Shia001122Vols,3661,1350,1486,99,90
61,712,1098,Shia001122Vols,3666,1092,1501,251,70
61,1098,1492,Shia001122Vols,3667,1,385,298,93
62,7,1266,Shia001265,143,330,1505,816,78
62,1266,1518,Shia001265,144,1,237,187,92
62,64,891,Shia001432Vols,11680,730,1492,534,73
62,891,1518,Shia001432Vols,11681,1,579,449,89
62,146,1530,Shia001432Vols,11684,161,1492,1014,88
62,236,1036,Shia001423Vols,362,710,1501,548,79
62,1036,1518,Shia001423Vols,363,1,468,342,86
63,46,865,Shia001265,156,761,1553,585,85
63,865,1515,Shia001265,157,1,627,487,93
63,46,1426,Shia001432Vols,10964,161,1505,973,84
63,308,918,Shia001382,79,823,1530,427,73
63,918,1515,Shia001382,80,1,547,397,81
63,20,1035,Shia004030Vols,238,878,1513,403,47
63,82,1035,Shia004030Vols,2506,1,957,709,89
64,121,786,Shia001265,83,800,1514,471,76
64,786,1500,Shia001265,84,1,841,526,75
64,121,866,Shia001432Vols,11055,692,1492,540,80
64,866,1500,Shia001432Vols,11056,21,895,466,64
64,168,661,Shia001337Vols,104,1030,1494,286,63
64,698,1494,Shia001337Vols,105,8,830,508,69
64,922,1214,Shia002984Vols,2549,409,617,122,51
64,121,1180,Shia004050,346,340,1487,765,80
64,1162,1500,Shia004050,347,1,328,239,85
64,121,1039,Shia004030Vols,1853,509,1497,630,73
64,1039,1500,Shia004030Vols,1854,1,456,329,83
64,121,1119,Shia004030Vols,1875,463,1497,689,76
64,1119,1500,Shia004030Vols,1876,1,352,265,85
64,132,313,Shia001416,117,729,1083,81,25
64,569,1293,Shia001416,192,1,776,461,67
65,1,428,Shia001265,84,841,1286,282,69
65,1,428,Shia001432Vols,11056,719,1124,287,76
65,598,852,Shia001432Vols,28439,1352,1578,190,88
65,852,1680,Shia001432Vols,28440,1,786,559,74
65,8,428,Shia001337Vols,105,830,1102,184,52
65,665,1680,Shia003752Vols,5,125,981,594,66
65,528,996,Shia004092Vols,413,473,1411,292,34
65,549,1612,Shia001399,481,639,1688,853,95
65,1176,1529,Shia004039,197,511,855,273,93
65,1,428,Shia004050,347,328,766,293,74
65,8,428,Shia004030Vols,1854,464,750,191,54
65,1,428,Shia004030Vols,1876,352,642,194,54
65,569,1321,Shamela0037325,2855,928,1685,618,97
65,1321,1680,Shamela0037325,2856,1,388,290,91
66,649,1605,Shia003744Vols,19,291,1125,586,72
66,717,1605,Shia001432Vols,14367,326,1151,578,75
66,1,549,Shia001432Vols,28440,786,1302,372,76
66,747,1605,Shia002394Vols,83,369,1139,546,75
66,8,549,Shia001399,482,71,586,370,74
66,964,1283,Shia004012,26,888,1116,134,53
66,629,889,Shia002334,73,1195,1490,177,71
66,889,1605,Shia002334,74,1,716,510,83
66,1,549,Shamela0037325,2856,388,928,398,78
67,1,432,Shia003744Vols,19,1125,1545,315,88
67,432,1542,Shia003744Vols,20,1,1153,797,81
67,34,487,Shia002382Vols,78,369,787,273,66
67,742,1542,Shia001432Vols,1491,532,1395,455,54
67,1,369,Shia001432Vols,14367,1151,1506,257,83
67,369,1542,Shia001432Vols,14368,1,1161,844,85
67,1,399,Shia002394Vols,83,1139,1509,274,82
67,403,736,Shia002394Vols,84,4,301,226,83
67,742,1542,Shia002394Vols,86,378,1201,586,86
67,1,761,Shia002334,74,716,1449,535,84
67,755,1542,Shia002334,75,47,853,594,90
68,1,461,Shia003744Vols,20,1153,1562,316,84
68,389,665,Shia003744Vols,23,1351,1496,84,36
68,241,485,Shia002382Vols,79,72,312,169,78
68,180,1364,Shia001432Vols,1492,8,949,688,69
68,594,1564,Shia001432Vols,11617,165,1196,652,74
68,1,424,Shia001432Vols,14368,1161,1547,284,80
68,165,440,Shia002380Vols,15,804,1025,166,73
68,594,1434,Shia004050,88,809,1608,555,76
68,973,1564,Shia004030Vols,1330,1,629,437,82
68,614,1180,Shia004030Vols,1418,1123,1680,396,80
68,1180,1564,Shia004030Vols,1419,1,436,261,75
68,1,582,Shia002334,75,853,1424,421,85
68,650,1564,Shia002334,80,56,971,628,81
69,805,949,Shia001137,93,1,140,101,88
69,1427,1554,Shia001137,451,258,383,91,92
69,1427,1554,Shia001421Vols,411,502,627,91,92
69,727,949,Shia001174Vols,1980,1117,1301,129,69
69,718,949,Shia001174Vols,1985,1136,1323,135,73
69,698,949,Shia002389Vols,370,215,420,141,69
69,959,1422,Shia002389Vols,3042,812,1249,264,64
69,9,612,Shia001432Vols,1492,1051,1630,425,82
69,718,949,Shia001432Vols,1956,69,256,135,73
69,690,987,Shia001432Vols,2425,386,657,166,65
69,1427,1554,Shia001432Vols,11177,793,918,91,92
69,1,422,Shia001432Vols,11618,1178,1592,306,84
69,702,898,Shia001432Vols,24368,1350,1534,144,91
69,690,949,Shia002394Vols,595,1154,1355,138,66
69,727,949,Shia002394Vols,598,33,237,142,75
69,702,991,Shia001187Vols,7468,306,656,206,70
69,1427,1554,Shia001423Vols,572,353,478,91,92
69,757,949,Shia000374Vols,1021,1307,1456,110,71
69,1427,1554,Shia004030Vols,989,497,621,91,93
69,1,616,Shia004030Vols,1331,648,1248,436,81
69,1,616,Shia004030Vols,1420,498,1114,438,79
69,1427,1554,Shia004030Vols,1902,9,134,91,92
69,727,949,Shia001122Vols,363,1082,1266,129,69
69,718,949,Shia001122Vols,365,749,935,133,72
69,740,949,Shia000234Vols,1734,100,271,121,68
69,706,949,Shia000234Vols,6980,620,863,191,98
69,1,616,Shia002334,81,964,1567,446,83
69,727,949,Shia001418Vols,182,1042,1206,116,63
70,760,907,Shia003725,75,1221,1335,88,75
70,1,613,Shia001137,451,383,993,449,89
70,690,1445,Shia001137,455,8,790,529,80
70,1,613,Shia001421Vols,411,627,1248,452,88
70,690,1445,Shia001421Vols,415,397,1139,502,77
70,1,572,Shia001432Vols,11177,918,1482,420,90
70,690,1271,Shia001432Vols,11181,790,1398,417,85
70,1261,1445,Shia001432Vols,11182,27,215,138,88
70,1,613,Shia001423Vols,572,478,1092,454,90
70,690,1445,Shia001423Vols,576,307,1068,508,77
70,1,582,Shia001337Vols,133,149,727,420,89
70,763,1441,Shia001337Vols,137,1,626,429,73
70,1,613,Shia001551,175,91,581,295,57
70,763,1445,Shia001551,176,5,559,346,59
70,1,582,Shia004030Vols,496,55,614,419,89
70,834,1445,Shia004030Vols,500,1,602,388,71
70,1,613,Shia004030Vols,989,621,1230,442,87
70,810,1445,Shia004030Vols,991,20,637,452,85
70,1,613,Shia004030Vols,1902,134,747,453,90
70,690,911,Shia004030Vols,1905,1194,1425,149,78
70,911,1441,Shia004030Vols,1906,1,485,344,77
71,1,620,Shia001137,455,795,1415,469,94
71,620,832,Shia001137,456,1,212,162,94
71,4,286,Shia001421Vols,415,1147,1430,199,85
71,286,832,Shia001421Vols,416,1,561,412,91
71,1,832,Shia001432Vols,11182,220,1054,626,93
71,849,1443,Shia001432Vols,11685,7,606,410,80
71,1,354,Shia001423Vols,576,1073,1432,266,91
71,359,929,Shia001423Vols,577,1,625,389,74
71,1,750,Shia001337Vols,137,631,1419,493,72
71,1,832,Shia001551,176,564,1400,296,31
71,1,771,Shia004030Vols,500,590,1408,491,69
71,1,806,Shia004030Vols,991,642,1420,585,90
71,1,832,Shia004030Vols,1906,490,1298,607,91
72,1,876,Shia001432Vols,11685,606,1422,617,87
72,876,1485,Shia001432Vols,11686,1,602,431,84
73,1248,1432,Shia001137,324,74,258,142,96
73,1199,1428,Shia001171,564,960,1233,154,72
73,1131,1432,Shia003749,124,23,283,169,69
73,502,684,Shia002389Vols,1762,327,513,140,92
73,374,911,Shia001138BK2,29,960,1469,387,89
73,911,1432,Shia001138BK2,30,1,494,379,91
73,1131,1432,Shia001432Vols,2375,677,1019,179,65
73,1131,1432,Shia001432Vols,5411,375,703,180,65
73,1,339,Shia001432Vols,11686,602,936,238,84
73,420,1432,Shia001432Vols,11736,26,1072,743,87
73,367,684,Shia004664,306,971,1273,201,75
73,544,1187,Shia004012,175,875,1426,429,84
73,1190,1432,Shia004012,176,1,283,172,77
74,663,1400,Shia001552,487,465,1297,574,85
74,1,645,Shia001137,324,258,897,506,97
74,1,245,Shia001171,564,1238,1483,185,93
74,245,645,Shia001171,565,1,393,310,95
74,663,1132,Shia003744Vols,625,1036,1519,326,84
74,1062,1400,Shia003744Vols,626,50,392,244,82
74,1,645,Shia003749,124,283,886,478,92
74,663,916,Shia001300,300,1206,1460,189,93
74,916,1400,Shia001300,301,12,635,364,69
74,663,1400,Zaydiyya0000196,332,346,1470,540,59
74,10,614,Shia002389Vols,84,1230,1547,205,42
74,336,675,Shia002389Vols,276,355,724,264,88
74,1,726,Shia001138BK2,30,494,1311,545,82
74,663,1400,Shia001138BK2,32,749,1473,555,93
74,663,1123,Shia001432Vols,1708,848,1445,334,69
74,1062,1400,Shia001432Vols,1709,18,349,230,79
74,1,449,Shia001432Vols,2375,1019,1462,345,96
74,449,645,Shia001432Vols,2376,1,198,158,97
74,1,645,Shia001432Vols,5411,703,1347,506,96
74,663,938,Shia001432Vols,10311,1160,1446,202,89
74,938,1400,Shia001432Vols,10312,1,637,345,64
74,663,1400,Shia001432Vols,11598,135,964,581,86
74,1,357,Shia001432Vols,11736,1072,1431,272,92
74,357,645,Shia001432Vols,11737,1,291,232,97
74,196,734,Shia001432Vols,12234,78,768,296,49
74,655,1400,Shia001432Vols,12249,435,1371,550,72
74,655,1123,Shia001432Vols,12268,749,1354,341,70
74,1116,1400,Shia001432Vols,12269,1,277,213,91
74,336,645,Shia002394Vols,452,214,523,249,99
74,770,1400,Shia001423Vols,1357,1,817,462,68
74,666,1037,Shia002984Vols,1540,215,474,160,52
74,1,645,Shia004012,176,283,910,500,96
74,351,645,Shia001615Vols,1337,1408,1540,106,43
74,663,1254,Shia001418Vols,153,144,496,230,50
75,1,1525,Shia001140Vols,190,9,1405,1032,81
75,1,559,Shia001172,226,913,1457,408,85
75,559,1525,Shia001172,227,1,904,678,84
75,6,1029,Shia003744Vols,561,591,1515,694,82
75,1029,1414,Shia003744Vols,562,1,316,241,78
75,1,1156,Shia002382Vols,23,516,1526,760,78
75,1160,1525,Shia002382Vols,24,1,316,230,76
75,6,215,Shia001389,196,1189,1385,158,93
75,1,1390,Shia001432Vols,15036,194,1553,1005,85
75,1390,1525,Shia001432Vols,15037,1,143,98,85
75,1,1404,Shia004664,340,156,1525,1019,85
75,1,842,Shia004030Vols,1569,724,1527,586,82
75,842,1525,Shia004030Vols,1570,1,635,466,82
75,1,1390,Shia004030Vols,1595,243,1527,961,82
75,1,601,Shia004030Vols,2341,908,1526,455,86
75,607,1525,Shia004030Vols,2342,5,838,624,82
76,98,751,Shia001140Vols,191,1,560,425,79
76,1,681,Shia001172,227,907,1505,451,80
76,1,751,Shia002382Vols,24,316,986,516,84
76,1,421,Shia001432Vols,6574,899,1283,244,65
76,563,1215,Shia001432Vols,10638,970,1525,253,41
76,1215,1514,Shia001432Vols,10639,1,278,203,84
76,1,751,Shia001432Vols,15037,143,835,527,85
76,1,751,Shia004664,341,129,833,527,84
76,862,1511,Shia001423Vols,130,678,1275,420,76
76,774,1511,Shia001423Vols,307,449,1230,517,80
76,825,1514,Shia004050,332,885,1513,437,74
76,1,751,Shia004030Vols,1570,635,1181,420,69
76,1,995,Shia004030Vols,1596,143,967,517,55
76,1,716,Shia004030Vols,2342,838,1493,488,81
77,1,1284,Shia001432Vols,10639,278,1534,986,93
77,1284,1580,Shia001432Vols,10640,1,327,221,76
77,5,295,Shia001423Vols,130,1275,1539,199,81
77,295,1347,Shia001423Vols,131,7,1025,756,84
77,5,295,Shia001423Vols,307,1236,1540,232,94
77,295,1580,Shia001423Vols,308,1,1297,967,87
77,24,1580,Shia004050,333,1,1551,1204,92
78,1,1249,Shia001432Vols,10640,284,1543,957,92
78,1249,1533,Shia001432Vols,10641,1,294,224,93
78,1,276,Shia001423Vols,308,1297,1574,215,95
78,276,1533,Shia001423Vols,309,1,1321,964,89
78,32,1533,Shia004050,334,1,1510,1144,91
79,1033,1390,Shia002406Vols,5961,569,920,209,69
79,1033,1338,Shia003744Vols,353,1176,1480,192,73
79,1033,1390,Shia003749,408,450,797,209,68
79,1033,1344,Shia001431,20,1157,1487,204,74
79,1033,1214,Shia001174Vols,1559,1406,1586,119,77
79,1033,1338,Shia002382Vols,1351,545,851,198,74
79,1033,1259,Shia002389Vols,2081,1221,1455,146,73
79,1033,1390,Shia004053Vols,14,160,510,210,68
79,1093,1338,Shia001544Vols,2076,1,236,164,79
79,1033,1338,Shia001432Vols,1037,1052,1346,192,74
79,1033,1390,Shia001432Vols,10632,718,1078,206,67
79,1,1188,Shia001432Vols,10641,299,1522,891,88
79,1188,1497,Shia001432Vols,10642,1,311,239,94
79,1033,1390,Shia003026Vols,1268,470,840,214,69
79,1,226,Shia001423Vols,309,1326,1555,176,92
79,226,1497,Shia001423Vols,310,1,1302,929,86
79,1033,1338,Shia002380Vols,578,1057,1363,198,74
79,1033,1344,Shia001117,194,22,325,198,75
79,1033,1214,Shia004050,208,682,860,112,74
79,35,1497,Shia004050,335,1,1481,1099,90
79,1080,1338,Shia001122Vols,215,1,263,173,78
79,1033,1486,Shia001615Vols,89,1009,1372,169,44
79,1033,1299,Shia001615Vols,486,892,1142,161,72
79,1033,1338,Shia001391,216,44,336,195,74
80,1,1240,Shia001432Vols,10642,311,1556,934,90
80,1240,1573,Shia001432Vols,10643,1,326,261,96
80,371,971,Shia001423Vols,131,998,1585,445,88
80,6,371,Shia001423Vols,132,459,827,269,87
80,6,227,Shia001423Vols,310,1302,1516,171,94
80,227,1573,Shia001423Vols,311,1,1407,1018,87
80,11,1573,Shia004050,336,1,1529,1151,88
81,1,1321,Shia001432Vols,10643,326,1564,963,88
81,1345,1593,Shia001432Vols,10644,1,246,194,95
81,1,219,Shia001423Vols,311,1407,1636,180,93
81,219,1593,Shia001423Vols,312,1,1316,995,86
81,48,1593,Shia004050,337,1,1535,1143,87
82,483,759,Shia001140Vols,491,919,1204,207,86
82,483,759,Shia001172,233,263,538,194,81
82,470,952,Shia001237Vols,4150,1046,1481,245,54
82,1,391,Shia001432Vols,10644,246,631,301,94
82,483,1067,Shia001432Vols,10826,817,1245,233,43
82,470,759,Shia001432Vols,22319,282,562,205,83
82,483,952,Shia001187Vols,6719,180,727,251,49
82,1,237,Shia001423Vols,312,1316,1554,192,99
82,237,391,Shia001423Vols,313,1,158,122,96
82,60,650,Shia004050,338,5,576,299,51
82,470,841,Shia001615Vols,232,1067,1414,235,76
83,1048,1545,Shia003754Vols,185,730,1216,333,73
83,1048,1545,Shia001432Vols,14643,18,509,390,97
83,1055,1545,Shia001432Vols,15218,747,1232,381,96
83,149,564,Shia001432Vols,22993,1098,1532,296,82
83,556,1031,Shia001432Vols,22994,14,491,314,74
83,1198,1545,Shia003692,69,1,342,269,95
83,1048,1545,Shia004092Vols,1323,953,1434,330,73
83,1060,1545,Shia004092Vols,8018,402,852,315,72
83,1048,1545,Shia002984Vols,742,696,1185,386,95
83,1129,1545,Shia001134,289,1,411,326,96
83,1137,1545,Shia004030Vols,175,1,403,320,96
83,1055,1545,Shia004030Vols,869,516,988,374,94
83,1055,1370,Shia004030Vols,2077,1246,1549,239,94
83,1370,1545,Shia004030Vols,2078,1,170,135,94
83,1055,1545,Shia004030Vols,2318,828,1311,384,96
83,149,1092,Shia001615Vols,1693,70,1009,620,75
83,1051,1383,Shia003710,297,1208,1537,252,93
84,195,628,Shia003744Vols,616,1040,1494,281,70
84,628,1158,Shia003744Vols,617,1,516,337,72
84,1158,1451,Shia003744Vols,617,992,1347,217,73
84,1,226,Shia003754Vols,185,1216,1418,139,77
84,24,178,Shia001417,193,390,527,108,88
84,1,178,Shia001432Vols,14643,509,686,139,99
84,7,178,Shia001432Vols,15218,1211,1368,120,88
84,195,567,Shia001432Vols,15220,1131,1511,224,65
84,1158,1451,Shia001432Vols,15221,1034,1389,217,73
84,567,1158,Shia001432Vols,15221,1,579,379,73
84,195,1040,Shia002339,249,498,1416,574,74
84,1158,1431,Shia002339,250,630,926,198,77
84,1,253,Shia003692,69,342,623,160,67
84,213,1165,Shia001423Vols,523,1,959,605,70
84,1165,1451,Shia001423Vols,524,1,347,212,73
84,1,348,Shia004092Vols,8018,852,1269,182,47
84,1,178,Shia002984Vols,742,1185,1362,140,100
84,1,253,Shia001134,289,411,637,159,79
84,1,178,Shia004030Vols,175,403,570,132,93
84,1,178,Shia004030Vols,869,988,1165,139,99
84,195,699,Shia004030Vols,2051,933,1450,328,71
84,699,1165,Shia004030Vols,2052,1,452,276,66
84,1158,1451,Shia004030Vols,2052,924,1236,217,82
84,1,178,Shia004030Vols,2078,170,344,137,97
84,1,178,Shia004030Vols,2318,1311,1478,131,93
84,597,1080,Shia001615Vols,926,806,1344,302,63
85,158,1350,Shia003744Vols,618,36,1383,777,64
85,1454,1613,Shia003744Vols,619,11,199,130,83
85,612,1319,Shia001432Vols,6570,181,1014,252,27
85,84,1350,Shia001432Vols,15222,1,1390,798,63
85,311,769,Shia001432Vols,15224,68,672,290,56
85,858,1270,Shia002339,251,956,1547,267,51
85,1,1133,Shia001423Vols,524,347,1559,703,63
85,1139,1613,Shia001423Vols,525,27,729,290,44
85,230,1555,Shia004030Vols,2053,1,1644,806,53
86,46,351,Shia003744Vols,618,1234,1601,241,79
86,1,1174,Shia003744Vols,619,199,1463,684,55
86,381,532,Shia001432Vols,2244,1259,1471,116,67
86,606,886,Shia001432Vols,6570,846,1297,154,41
86,46,388,Shia001432Vols,15222,1241,1612,233,72
86,1,1174,Shia001432Vols,15223,161,1430,691,56
86,359,590,Shia002339,252,1217,1551,175,64
86,96,478,Shia002339,252,1,618,274,53
86,619,1174,Shia002339,253,117,1040,328,41
86,46,670,Shia001423Vols,525,145,851,383,56
86,36,810,Shia001423Vols,525,765,1637,424,50
86,843,1174,Shia001423Vols,526,6,356,223,69
86,46,464,Shia004030Vols,2053,1122,1644,328,76
86,1,1380,Shia004030Vols,2054,59,1494,716,49
86,381,640,Shia001615Vols,2599,686,980,184,73
88,1202,1508,Shia001334,40,97,385,216,85
88,1202,1508,Shia001334,241,436,747,143,51
88,1202,1508,Shia003683,3,568,879,144,51
88,1202,1508,Shia003683,5,9,283,127,46
88,1233,1508,Shia003704,229,1,264,122,50
88,1202,1508,Shia003704,258,959,1241,211,83
88,1202,1508,Shia001299,163,159,452,220,86
88,1369,1508,Shia001349Vols,841,935,1115,92,61
88,1202,1508,JK000916,16441,305,617,144,51
88,1393,1508,Shia003754Vols,117,19,148,78,74
88,1101,1508,Shia001278Vols,547,614,995,153,44
88,1209,1508,Shia001432Vols,1971,1217,1494,214,87
88,1202,1508,Shia001432Vols,1974,510,821,143,51
88,1202,1508,Shia001432Vols,1975,508,782,127,46
88,1202,1508,Shia001432Vols,2081,1151,1450,144,51
88,1202,1508,Shia001432Vols,14515,98,410,143,51
88,1393,1508,Shia001432Vols,15183,52,177,79,80
88,1152,1508,Shia001432Vols,23023,494,821,224,73
88,1214,1508,Zaydiyya0000039,1057,1152,1420,138,53
88,1202,1508,Shia003692,78,987,1297,212,77
88,1223,1508,Shia003697,214,896,1153,124,49
88,1393,1508,Shia003697,266,76,201,79,80
88,1202,1508,Shia004092Vols,5644,189,419,120,43
88,1202,1508,Shia004092Vols,7360,886,1097,118,45
88,1202,1508,Shia001371,111,1207,1501,133,50
88,1202,1508,Shia001371,254,478,777,144,51
88,1202,1508,Shia001371,257,400,707,143,52
88,1369,1508,Zaydiyya0000288,235,18,163,93,76
88,1233,1508,Zaydiyya0000022,41,1208,1459,140,58
88,1202,1508,Shia004030Vols,83,584,894,143,51
88,1202,1508,Shia004030Vols,531,800,1101,142,52
88,1202,1508,Shia004030Vols,610,132,442,143,51
88,1242,1508,Shia004030Vols,1638,1,229,105,44
88,1202,1508,Shia004030Vols,1979,481,769,216,84
88,1202,1508,Shia004030Vols,2307,733,1021,216,84
88,1202,1508,Shia004030Vols,2309,1028,1357,161,57
88,1202,1508,Shia004030Vols,2312,697,995,146,54
88,1209,1508,Shia004030Vols,2320,436,719,214,85
88,1202,1508,Shia004030Vols,2323,141,452,143,51
88,1194,1508,Shia004030Vols,2331,117,434,149,52
88,1202,1508,Zaydiyya0000461,247,950,1237,141,52
89,1,703,Shia001334,40,385,1095,550,95
89,720,1218,Shia001334,43,1046,1551,386,91
89,1218,1487,Shia001334,44,1,267,203,89
89,223,565,Shia001334,241,805,1092,157,56
89,258,565,Shia001368,74,5,319,161,58
89,223,565,Shia003683,3,937,1222,158,57
89,217,565,Shia003683,4,694,962,148,51
89,223,565,Shia003704,229,323,607,153,55
89,1,275,Shia003704,258,1241,1520,199,83
89,275,703,Shia003704,259,1,434,335,96
89,739,1487,Shia003704,569,1,735,583,94
89,1,703,Shia001299,163,452,1165,556,96
89,217,565,Shia001137,162,250,518,148,51
89,223,565,JK000916,16441,673,952,156,56
89,217,565,JK000916,16442,785,1109,174,59
89,217,565,Shia004007,386,252,600,175,57
89,223,565,Shia003754Vols,117,218,537,162,56
89,223,565,Shia001278Vols,547,1055,1353,160,54
89,217,565,Shamela0000736,4461,120,443,174,59
89,217,565,Shamela0003118,4795,376,700,174,59
89,74,703,Shia001432Vols,1972,1,632,496,97
89,223,565,Shia001432Vols,1974,879,1166,157,56
89,217,565,Shia001432Vols,1976,865,1133,148,51
89,720,1326,Shia001432Vols,2258,300,887,450,88
89,720,1487,Shia001432Vols,14277,640,1430,588,89
89,223,565,Shia001432Vols,14515,469,760,163,57
89,223,565,Shia001432Vols,15183,236,522,159,55
89,1,640,Shia001432Vols,23023,821,1473,500,95
89,223,565,ShamAY0034138,350,382,694,161,56
89,720,1347,Shia001382,49,945,1538,464,89
89,1347,1487,Shia001382,50,1,144,113,97
89,720,1487,Shia001187Vols,1272,700,1036,262,42
89,1,227,Shia003692,78,1297,1530,179,94
89,227,703,Shia003692,79,1,491,374,95
89,720,1125,Shia003692,80,1130,1517,279,79
89,1125,1487,Shia003692,81,1,348,279,94
89,217,565,JK005004,403,470,798,174,57
89,223,565,Shia003697,266,260,553,153,54
89,217,565,Shia004092Vols,1583,822,1148,173,58
89,223,565,Shia004092Vols,1584,515,838,151,53
89,223,565,Shia004092Vols,5677,92,377,158,57
89,217,565,Shia004092Vols,11134,375,699,174,59
89,223,565,Shia001371,112,31,321,166,58
89,223,565,Shia001371,123,141,427,164,59
89,223,565,Shia001371,254,836,1128,159,56
89,223,565,Shia001371,257,766,1054,163,58
89,263,565,Shia001371,276,1,299,144,52
89,1326,1487,Shia000275Vols,592,1126,1299,119,81
89,368,565,Shia004030Vols,71,1079,1306,107,52
89,223,565,Shia004030Vols,83,953,1240,157,56
89,217,565,Shia004030Vols,120,742,1079,179,58
89,223,565,Shia004030Vols,531,1171,1474,165,58
89,223,565,Shia004030Vols,610,500,787,157,56
89,1,703,Shia004030Vols,1979,769,1481,536,91
89,720,1487,Shia004030Vols,1980,159,915,589,93
89,1,489,Shia004030Vols,2307,1021,1516,386,96
89,489,703,Shia004030Vols,2308,1,228,168,92
89,404,565,Shia004030Vols,2311,25,156,84,66
89,223,565,Shia004030Vols,2312,1053,1357,165,58
89,1,703,Shia004030Vols,2320,719,1422,548,95
89,223,565,Shia004030Vols,2323,510,797,157,56
89,227,565,Shia004030Vols,2331,496,795,159,57
89,720,1487,Shia001615Vols,2266,795,1387,449,70
89,217,565,Shia003710,84,574,916,174,55
89,217,565,JK005005,353,282,610,174,57
90,1,855,Shia001334,66,374,1208,633,91
90,952,1537,Shia001334,83,4,595,442,90
90,1,855,Shia001334,95,216,1023,623,90
90,933,1537,Shia001334,99,1,606,469,95
90,896,1441,Shia003704,407,616,1132,369,81
90,1,460,Shia001299,170,994,1444,352,95
90,460,845,Shia001299,171,1,389,289,91
90,1,443,Shia001349Vols,701,447,735,214,60
90,91,471,Shia001349Vols,840,48,435,202,55
90,974,1537,Shia001349Vols,996,818,1209,266,55
90,1,615,Shia003744Vols,57,867,1481,473,94
90,1,534,Shia001417,181,1025,1464,333,77
90,1,845,Shia002389Vols,155,87,895,614,89
90,1029,1441,Shia002389Vols,2478,294,683,237,64
90,46,811,Shia001432Vols,2087,32,661,495,79
90,1,340,Shia001432Vols,12275,1263,1600,253,92
90,340,811,Shia001432Vols,12276,1,475,372,96
90,837,1537,Shia001432Vols,12454,834,1518,503,87
90,1,443,Shia001432Vols,14691,657,957,226,64
90,1,467,Shia001432Vols,15059,658,1167,213,47
90,1,811,Shia001432Vols,15174,486,1298,630,95
90,918,1537,Shia001432Vols,16397,406,857,282,53
90,1,845,Shia002394Vols,288,178,1008,639,93
90,918,1537,Shia002394Vols,549,372,795,292,55
90,1,930,Shia003692,8,467,1416,650,83
90,837,1144,Shia003692,307,1153,1455,216,83
90,1152,1537,Shia003692,308,1,387,282,87
90,1,443,Shia001392Vols,349,147,422,208,59
90,1,845,Shia004030Vols,251,408,1264,634,91
90,1,930,Shia004030Vols,2304,255,1181,661,84
90,1,692,Shia003707Vols,127,239,926,537,95
90,904,1322,Shia001615Vols,725,1075,1509,181,41
90,1,602,Shia001418Vols,161,889,1451,433,89
90,1,443,Shia003710,214,501,797,231,65
90,290,417,Shia003710,300,1072,1199,100,99
91,98,1528,Shia001334,113,1,1410,1049,88
91,38,550,Shia001299,57,993,1471,332,74
91,550,1512,Shia001299,58,1,1024,669,74
91,38,640,Shia001299,204,923,1514,437,87
91,640,1525,Shia001299,205,1,858,647,87
91,38,1172,Shia001361,6,361,1490,774,77
91,1172,1528,Shia001361,7,1,329,232,80
91,30,778,Shia001417,187,913,1439,375,63
91,947,1139,Shia001417,188,13,205,132,72
91,30,1213,Shia001432Vols,14655,403,1522,856,88
91,1213,1528,Shia001432Vols,14656,1,300,228,89
91,30,1128,Shia003692,82,506,1531,788,88
91,1117,1528,Shia003692,83,6,399,288,86
91,30,622,Shia003692,136,934,1510,430,89
91,622,1528,Shia003692,137,1,902,681,88
91,30,307,Shia004030Vols,602,1167,1424,184,80
91,307,1528,Shia004030Vols,603,1,1198,902,88
91,30,677,Shia004030Vols,1752,844,1470,447,82
91,677,1528,Shia004030Vols,1753,1,822,617,85
91,219,1528,Shia003707Vols,350,1,1264,962,88
91,41,835,Shia003707Vols,353,727,1484,573,86
91,835,1528,Shia003707Vols,354,1,668,507,88
91,122,390,Shia001615Vols,705,677,936,187,85
91,30,1254,Shia003712,156,346,1526,880,86
91,1254,1528,Shia003712,157,1,258,204,90
92,1,148,Shia001334,113,1410,1551,106,91
92,148,341,Shia001334,114,1,162,131,83
92,361,888,Shia001334,139,969,1490,384,86
92,896,1359,Shia001334,140,8,490,355,92
92,6,341,Shia001299,58,1024,1270,196,71
92,441,1089,Shia001299,142,243,860,177,25
92,1,341,Shia001299,205,867,1170,237,86
92,459,1052,Shia003744Vols,322,776,1428,300,48
92,475,1284,Shia001273Vols,248,708,1475,379,51
92,1,475,Shia001361,7,329,734,256,66
92,475,1363,Shia001278Vols,891,461,1235,390,47
92,29,402,Shia001417,188,233,528,205,68
92,378,921,Shia002389Vols,1094,594,1125,385,82
92,921,1140,Shia002389Vols,2227,909,1122,164,95
92,459,1396,Shia001432Vols,9952,86,1045,452,49
92,361,1249,Shia001432Vols,10674,619,1506,658,87
92,1,341,Shia001432Vols,14656,300,603,237,86
92,627,978,Shia001270Vols,256,286,567,172,61
92,361,492,Shia001270Vols,506,1414,1564,100,81
92,500,1363,Shia001270Vols,507,1,832,629,89
92,1,487,Shia003692,83,399,825,265,67
92,361,1359,Shia003692,108,61,1050,740,89
92,1,492,Shia003692,137,902,1370,278,67
92,441,1083,Shia002333,147,716,1322,178,25
92,1,341,Shia004030Vols,603,1198,1502,237,86
92,361,1190,Shia004030Vols,604,652,1480,615,88
92,1,341,Shia004030Vols,1753,822,1109,224,81
92,361,470,Shia004030Vols,1990,1455,1583,82,78
92,470,1359,Shia004030Vols,1991,1,875,650,88
92,1,341,Shia003707Vols,350,1264,1537,211,75
92,475,1363,Shia003707Vols,352,1,851,647,90
92,1,487,Shia003707Vols,354,668,1044,264,67
92,1,341,Shia003712,157,258,526,210,75
93,40,1187,Shia001334,156,1,1143,881,91
93,1204,1578,Shia001334,191,767,1130,265,84
93,22,340,Shia003961Vols,652,967,1320,223,73
93,1,673,Shia003683,59,890,1551,522,95
93,673,1187,Shia003683,60,1,520,389,87
93,1214,1578,Shia001137,337,797,1198,249,70
93,1204,1578,Shia003744Vols,76,877,1233,267,86
93,1,683,Shia004007,319,781,1410,430,75
93,1,503,Shia001237Vols,2987,831,1282,340,83
93,110,1260,Shia001300,64,1,1069,568,57
93,806,986,Shia001300,353,1178,1358,132,88
93,1204,1529,Shia001431,83,1170,1475,212,79
93,1,1183,Shia002992Vols,2226,540,1524,578,57
93,1,677,Shia001276,106,798,1395,396,71
93,1,1260,Zaydiyya0000003,118,361,1456,587,52
93,1214,1578,Shia001432Vols,10440,551,896,270,91
93,1266,1578,Shia001432Vols,15158,19,356,217,72
93,1,585,Shia001432Vols,15874,999,1530,421,89
93,585,1260,Shia001432Vols,15875,1,716,462,75
93,1,806,Shia001432Vols,15887,172,993,477,65
93,6,683,Shia001432Vols,25615,888,1511,414,73
93,1,763,Shia002968,103,797,1518,450,70
93,1204,1578,Shia002394Vols,532,632,987,269,88
93,1,486,Shia003692,115,982,1491,352,85
93,486,1183,Shia003692,116,1,701,515,84
93,1,278,Shia003633,251,1191,1448,189,83
93,278,1049,Shia003633,252,1,569,335,52
93,1,358,Shia001423Vols,401,1138,1485,274,95
93,358,1187,Shia001423Vols,402,1,831,635,90
93,472,1260,Shia001423Vols,403,1,830,319,41
93,1204,1578,Shia001117,188,1098,1518,251,68
93,1207,1503,Shia002984Vols,233,308,615,181,68
93,1,450,Shia003636Vols,10286,1134,1536,304,84
93,450,1187,Shia003636Vols,10287,1,448,319,51
93,64,1042,Shia002932Vols,235,1,805,477,58
93,1260,1578,Shia004030Vols,1145,1,296,226,87
93,1196,1574,Shia001375,75,1080,1539,250,63
94,1,270,Shia001334,191,1130,1580,176,46
94,270,1233,Shia001334,192,1,889,654,79
94,310,1006,Shia001186,474,45,799,333,45
94,163,1233,Shia001186,476,271,1330,723,77
94,221,766,Shia001186,477,319,912,208,34
94,1,148,Shia001137,337,1198,1333,89,68
94,1,143,Shia003744Vols,76,1233,1355,93,80
94,160,541,Shia003744Vols,229,1209,1520,222,69
94,535,1412,Shia003744Vols,230,6,849,506,61
94,163,455,Shia001421Vols,474,1279,1541,197,84
94,455,1233,Shia001421Vols,475,1,757,535,78
94,160,640,Shia001237Vols,42,217,777,199,34
94,590,811,Shia001300,18,1071,1299,157,84
94,280,766,Shia001431,80,291,762,190,37
94,294,1233,Shia001431,81,517,1333,504,63
94,163,1045,Shia001431,82,672,1397,514,70
94,208,1233,Shia001174Vols,1439,668,1599,592,67
94,163,666,Shia001174Vols,1443,1026,1514,314,71
94,666,1233,Shia001174Vols,1444,1,566,408,82
94,606,811,Shia002389Vols,816,131,331,139,82
94,590,868,Shia002389Vols,1420,484,799,138,42
94,351,934,Shia004029,212,773,1327,99,12
94,221,681,Shia001432Vols,7188,980,1414,160,34
94,196,472,Shia001432Vols,7188,469,667,119,56
94,160,780,Shia001432Vols,10295,948,1538,409,76
94,780,1233,Shia001432Vols,10296,1,425,328,86
94,196,890,Shia001432Vols,10297,241,1176,311,36
94,590,811,Shia001432Vols,10301,574,802,157,84
94,1226,1548,Shia001432Vols,10449,739,1007,190,68
94,1,143,Shia001432Vols,15158,356,486,104,91
94,208,1233,Shia001432Vols,15164,508,1481,583,64
94,221,890,Shia001117,186,370,1231,247,29
94,280,1233,Shia001117,188,5,885,542,64
94,6,322,Shia001117,189,1,329,139,41
94,188,1233,Shia004030Vols,712,1,968,713,80
94,163,472,Shia004030Vols,1514,787,1064,210,85
94,208,1233,Shia001122Vols,185,355,1290,598,68
94,163,1233,Shia001122Vols,186,116,1176,723,77
94,347,859,Shia001122Vols,187,1,782,232,33
94,163,507,Shia001255Vols,1230,1139,1435,219,80
94,507,1233,Shia001255Vols,1231,14,759,508,78
94,234,472,Shia001615Vols,367,704,876,109,60
94,1,143,Shia001375,76,5,146,89,66
95,733,1268,Shia004023,98,1082,1508,244,51
95,543,1501,Shia001432Vols,2868,22,1077,633,70
95,1,502,Shia001432Vols,10449,1007,1474,352,85
95,520,1040,Shia001432Vols,19705,1045,1554,385,92
95,1040,1490,Shia001432Vols,19706,1,441,313,81
95,733,1490,Shia001432Vols,19792,1,597,347,53
95,511,640,Shia001432Vols,19793,71,208,96,86
96,1000,1328,Shia003704,342,1194,1530,259,94
96,952,1383,Shia001161Vols,1628,45,488,306,84
96,952,1383,Zaydiyya0000196,53,336,763,310,89
96,1,992,Shia004023,99,179,1057,552,64
96,1,794,Shia001432Vols,2868,1077,1476,288,44
96,424,927,Shia001432Vols,2869,13,529,328,74
96,952,1421,Shia001432Vols,10303,5,422,297,80
96,1,957,Shia001432Vols,19706,441,1340,682,89
96,1,898,Shia001432Vols,19792,597,1471,512,61
96,952,1121,Shia001432Vols,33245,1386,1547,104,79
96,1121,1388,Shia001432Vols,33246,1,267,210,97
96,952,1177,Shia001187Vols,4063,1281,1490,140,80
96,1177,1383,Shia001187Vols,4064,1,225,160,85
96,1003,1435,Shia001270Vols,457,446,823,261,69
96,952,1383,Shia001305,14,573,1000,313,89
96,1003,1383,Shia001357,13,1,368,293,95
96,1003,1383,Shia000317Vols,6941,722,1102,290,90
96,952,1383,Shia001380,48,223,631,305,88
96,952,1383,Shia001122Vols,2006,608,1020,307,88
96,354,746,Shia001615Vols,2160,1090,1490,263,77
97,862,1185,Shia001431,98,1082,1334,169,65
97,1190,1418,Shia001431,99,5,195,136,73
97,788,1397,Shia001174Vols,1752,906,1459,360,71
97,1230,1413,Shia001174Vols,1753,28,690,87,17
97,495,1063,Shia001265,152,30,601,244,41
97,1,851,Shia001432Vols,10450,348,1174,662,94
97,1,948,Shia001432Vols,10580,592,1480,663,84
97,46,590,Shia001423Vols,606,1109,1377,168,37
97,862,1413,Shia004030Vols,1741,426,927,341,73
97,862,1551,Shia001122Vols,281,535,1239,377,53
97,1,237,Shia001615Vols,713,1018,1250,191,98
97,876,1551,Shia001615Vols,2088,530,942,244,45
97,887,1413,Shia001418Vols,773,1061,1350,199,47
98,305,894,Shia001368,124,1,711,327,55
98,9,817,Shia003744Vols,69,539,1449,399,47
98,96,894,Shia001348,2,1,900,436,56
98,1,475,Shia003754Vols,660,1029,1583,232,42
98,198,821,Shia001417,198,13,473,231,41
98,1,974,Shia001417,201,144,1075,709,89
98,93,817,Shia001417,222,269,1063,411,58
98,9,213,Shia003992,30,1275,1573,128,51
98,1,418,Shia002389Vols,604,75,490,328,96
98,1,1053,Shia002389Vols,1496,78,1123,823,95
98,842,1053,Shia002389Vols,2797,982,1187,163,91
98,1,1053,Shia001146,245,303,1358,810,93
98,347,817,Shia004053Vols,158,1,462,199,47
98,19,750,Shia004053Vols,163,752,1481,567,96
98,757,1104,Shia004053Vols,164,1,427,260,71
98,1085,1256,Shia004053Vols,181,61,221,126,91
98,23,817,Shia001335,100,452,1405,402,46
98,1,530,Shia001432Vols,2420,55,321,173,40
98,1,498,Shia001432Vols,7191,123,678,284,56
98,1,495,Shia001432Vols,10572,802,1468,252,41
98,175,903,Shia001432Vols,10765,38,867,397,56
98,418,530,Shia001432Vols,11161,379,492,87,96
98,821,1002,Shia001432Vols,12242,1144,1325,145,93
98,5,894,Shia001432Vols,14056,116,1198,465,50
98,9,894,Shia001432Vols,14062,69,1056,474,54
98,1067,1256,Shia001432Vols,14080,1094,1272,139,91
98,1,1053,Shia001432Vols,14082,154,1218,824,94
98,9,817,Shia001432Vols,14096,378,1320,401,46
98,1,894,Shia001432Vols,14113,211,1156,464,56
98,213,834,Shia001432Vols,14133,1,462,226,44
98,1,498,Shia001432Vols,14293,601,1308,280,45
98,588,855,Shia001432Vols,19239,1168,1434,202,92
98,855,1121,Shia001432Vols,19240,1,263,179,76
98,1,453,Zaydiyya0000198,95,274,898,256,49
98,1,498,Shia002339,51,209,999,297,44
98,188,641,Shia002339,52,108,667,243,48
98,9,894,Shia002394Vols,498,82,951,361,39
98,1,418,Shia002394Vols,964,225,645,323,95
98,93,894,Shia001423Vols,479,401,1328,436,54
98,1,894,Shia004092Vols,1628,30,1149,485,50
98,9,798,Shia004092Vols,4936,662,1506,418,52
98,1,1053,Shia001142Vols,319,466,1506,816,94
98,1067,1256,Shia001142Vols,324,1107,1281,136,89
98,9,261,Shia004008,88,909,1103,149,73
98,9,750,Shia001289,19,628,1517,414,53
98,96,894,Shia001289,31,52,749,350,47
98,9,861,Shia001289,32,508,1466,439,50
98,93,817,Shia001290,18,615,1440,422,60
98,9,743,Shia000275Vols,16,506,1485,422,50
98,1,894,Shia001551,132,70,1203,488,50
98,1071,1265,Shia001392Vols,402,625,801,133,86
98,538,1256,Shia001392Vols,429,535,1045,236,37
98,52,1256,Shia004030Vols,41,133,1002,387,38
98,1,789,Shia004030Vols,95,461,1445,455,54
98,1,453,Shia004030Vols,121,806,1441,260,46
98,459,817,Shia004030Vols,122,9,376,203,67
98,96,894,Shia004030Vols,638,36,781,395,54
98,93,911,Shia004030Vols,656,168,1072,443,55
98,1,347,Shia004030Vols,845,1008,1471,194,47
98,347,894,Shia004030Vols,846,1,630,289,55
98,1,656,Shia004030Vols,868,729,1490,320,47
98,1,418,Shia004030Vols,2360,941,1514,232,46
98,397,817,Shia004030Vols,2361,7,467,252,67
98,1,817,Shia004030Vols,2374,87,1117,464,53
98,1,968,Shia004030Vols,2412,566,1528,742,94
98,14,894,Shia001416,276,64,1169,480,50
98,52,834,Shia001154,36,743,1326,314,49
98,9,626,Shia001154,50,736,1113,148,28
98,1,750,Shia001154,66,759,1510,591,97
98,757,968,Shia001154,67,1,211,160,90
99,1,373,Shia001417,157,1217,1530,245,80
99,373,835,Shia001417,158,8,445,349,92
99,947,1186,Shia001417,163,101,301,146,77
99,1,817,Shia001417,191,342,980,422,60
99,668,835,Shia002382Vols,376,1153,1304,121,89
99,668,835,Shia002389Vols,438,479,646,136,100
99,1,486,Shia002389Vols,443,44,327,209,52
99,37,817,Shia004023,140,99,677,402,62
99,947,1169,Shia001432Vols,9504,1110,1315,157,88
99,944,1174,Shia001432Vols,14081,455,701,150,67
99,88,889,Shia001432Vols,14641,1,871,612,85
99,373,835,Shia001432Vols,22933,757,1211,363,96
99,668,782,Shia002394Vols,711,1378,1492,92,100
99,1,486,Shia002394Vols,721,1189,1474,209,52
99,1,243,Shia001187Vols,7156,633,844,165,82
99,159,856,Shia003692,43,1,688,540,94
99,1,835,Shia001142Vols,43,546,1363,649,94
99,1,919,Shia001134,216,613,1503,671,87
99,947,1169,Shia001134,495,387,592,157,88
99,1,653,Shia004030Vols,247,890,1540,504,92
99,653,835,Shia004030Vols,248,1,177,143,96
99,81,856,Shia004030Vols,583,1,778,596,93
99,947,1169,Shia004030Vols,709,103,322,157,83
99,1,906,Shia004030Vols,1632,319,1229,663,88
99,1,835,Shia004030Vols,2077,180,1022,653,93
100,256,418,Shia002928,161,1326,1483,127,96
100,418,717,Shia002928,162,1,267,185,75
100,256,717,Zaydiyya0000180,159,458,880,312,82
100,264,1137,Shia001431,62,479,1251,577,80
100,264,1123,Shia001431,114,115,909,590,80
100,264,942,Shia002389Vols,1402,963,1514,423,75
100,951,1466,Shia002389Vols,1403,1,546,357,80
100,648,1123,Shia001432Vols,9807,396,856,310,75
100,1005,1386,Shia001432Vols,10063,933,1233,156,51
100,267,1466,Shia001432Vols,10132,1,1193,829,78
100,256,535,Shia001432Vols,12283,338,809,188,46
100,267,560,Shia000806Vols,241,1003,1266,211,89
100,264,1265,Shia001423Vols,1582,594,1540,702,83
100,264,1466,Shia001142Vols,189,102,1230,784,76
100,648,1132,Shia004050,250,212,654,303,70
100,1203,1386,Shia001615Vols,1082,588,756,114,73
101,550,808,Shia001334,211,695,963,152,70
101,766,1270,Shia001334,235,956,1463,390,93
101,1135,1551,Shia001334,378,971,1472,245,54
101,703,1270,Zaydiyya0000124,241,642,1303,399,74
101,766,1263,Shia003683,110,1027,1493,359,89
101,1,279,Zaydiyya0000367,183,244,522,197,84
101,1,274,Zaydiyya0000367,206,865,1133,205,91
101,29,259,Zaydiyya0000367,352,1347,1572,168,87
101,29,274,Zaydiyya0000367,401,1,239,182,91
101,550,781,Shia001285,92,868,1059,120,67
101,766,1121,Shia003744Vols,590,1061,1510,175,42
101,766,1270,JK000916,16486,180,652,363,88
101,766,1270,Shia001421Vols,476,288,777,384,93
101,766,1222,Shia001421Vols,478,302,866,241,47
101,766,1270,Shia001421Vols,479,266,839,370,77
101,4,475,Shia001153,282,655,1130,360,87
101,1,157,Shia003754Vols,63,1385,1540,121,94
101,157,475,Shia003754Vols,64,1,328,250,92
101,890,1507,Shia003754Vols,95,1,496,318,61
101,698,1176,Zaydiyya0000142,463,1114,1572,303,73
101,1,342,Shia003727Vols,519,1157,1555,252,75
101,738,1372,Shia002382Vols,1931,485,1064,403,76
101,738,1372,Shia002382Vols,2538,33,622,416,79
101,1,139,Shia002389Vols,2364,1475,1613,114,100
101,146,475,Shia002389Vols,2365,6,342,260,94
101,758,982,Shia002389Vols,3270,1347,1559,164,92
101,985,1498,Shia002389Vols,3271,5,498,264,47
101,769,1270,Shamela0003118,4809,883,1353,363,89
101,1,475,Shia001432Vols,10196,817,1300,369,93
101,629,1270,Shia001432Vols,13805,447,1208,325,47
101,900,1246,Shia001432Vols,13806,88,732,213,37
101,1291,1551,Shia001432Vols,14278,942,1163,164,74
101,766,1270,Shia001432Vols,14559,632,1128,390,95
101,1,274,Shia001432Vols,18164,655,933,206,90
101,968,1380,Shia001432Vols,22974,1,477,205,47
101,766,1132,Shia001432Vols,23042,1132,1494,279,92
101,766,1270,Shia000806Vols,1167,833,1301,365,90
101,4,379,Shia001187Vols,7157,719,933,158,52
101,766,1183,Shia003692,113,420,818,303,86
101,766,1270,Shia003692,150,902,1370,361,88
101,671,1207,Shia003692,228,1018,1508,306,66
101,1,475,Shia003692,269,685,1175,360,89
101,766,1270,Shia003697,76,587,1137,381,84
101,774,1270,Zaydiyya0000098,91,1,622,328,58
101,766,1172,Shia004092Vols,1032,1216,1583,287,87
101,766,1270,Shia004092Vols,1034,214,640,313,74
101,766,1270,Shia004092Vols,1361,337,871,374,83
101,841,1270,Shia004092Vols,1387,404,763,171,43
101,766,1042,Shia004092Vols,5296,1305,1538,170,73
101,1042,1270,Shia004092Vols,5297,1,198,152,79
101,668,1183,Shia004092Vols,7217,624,1222,338,66
101,870,1126,Shia004092Vols,7332,588,836,197,94
101,754,1126,Shia004092Vols,7442,130,467,215,63
101,870,1088,Shia004092Vols,7457,583,793,166,94
101,870,1222,Shia004092Vols,7459,1052,1410,222,72
101,876,1065,Shia004092Vols,7953,1346,1529,145,95
101,769,1126,Shia004092Vols,11263,396,729,264,91
101,1,475,Shia001142Vols,449,826,1302,363,92
101,4,459,Zaydiyya0000220,90,1124,1558,301,78
101,1,475,Shia001134,477,225,726,366,88
101,766,1270,Zaydiyya0000398,133,812,1301,363,85
101,1,475,Shia004030Vols,742,189,678,369,92
101,766,1270,Shia004030Vols,1106,534,1013,376,91
101,766,1222,Shia004030Vols,1108,663,1211,240,49
101,766,1270,Shia004030Vols,1109,921,1425,385,92
101,786,1192,Shia004030Vols,1113,1,376,290,86
101,1,191,Shia004030Vols,1189,1368,1556,147,94
101,191,475,Shia004030Vols,1190,1,284,214,89
101,766,1270,Shia004030Vols,1498,389,884,350,82
101,766,1270,Shia004030Vols,1615,869,1346,346,82
101,766,1498,Shia004030Vols,1700,497,1239,425,60
101,766,1372,Shia004030Vols,1953,951,1547,389,72
101,4,475,Shia004030Vols,2184,1,471,360,91
101,703,1270,Shia003707Vols,137,827,1362,384,80
101,922,1270,Shia003707Vols,363,1,340,267,93
101,766,1270,Shia002550Vols,877,621,1099,365,88
102,611,1106,Shia001334,270,305,990,326,58
102,21,697,Shia001334,379,1,693,449,73
102,1163,1370,Shia001334,382,1275,1492,157,90
102,861,1115,Shia001349Vols,439,918,1136,133,68
102,611,807,Shia001273Vols,729,98,289,153,97
102,824,1014,Shia003754Vols,160,1184,1365,143,95
102,816,1213,Shia002389Vols,2402,377,747,194,50
102,599,960,Shia002389Vols,2753,288,617,161,44
102,1176,1401,Shia004023,59,331,561,108,52
102,611,885,Shia001432Vols,2074,355,812,188,50
102,824,1038,Shia001432Vols,2142,122,337,157,86
102,1,303,Shia001432Vols,14278,1163,1467,218,83
102,207,595,Shia001432Vols,14279,37,278,186,60
102,1163,1401,Shia001432Vols,14659,562,793,182,96
102,824,1038,Shia001432Vols,15037,992,1209,162,90
102,685,807,Shia001432Vols,15038,1,123,98,100
102,824,996,Shia001432Vols,15042,1200,1375,129,88
102,611,1026,Shia003692,176,818,1462,312,59
102,827,1208,Shia004092Vols,7783,790,1101,179,58
102,1205,1401,Shia002984Vols,1409,1,190,150,96
102,1189,1401,Shia004012,31,266,458,113,63
102,1,375,Shia004030Vols,616,1142,1500,274,88
102,245,659,Shia004030Vols,617,1,269,163,49
102,824,1038,Shia004030Vols,880,453,658,162,95
102,824,1213,Shia004030Vols,889,194,565,194,51
102,816,1096,Shia003707Vols,363,386,663,175,79
102,824,1043,Shia002550Vols,744,680,891,158,91
102,611,807,Shia002550Vols,794,272,468,157,100
103,1005,1397,Shia001368,77,601,981,253,76
103,785,997,Shia001368,111,1,216,152,85
103,1005,1373,Shia001362Vols,686,167,548,265,81
103,11,151,JK000916,16424,846,996,98,82
103,286,688,Shia003429,83,110,535,199,47
103,602,997,Shia003754Vols,122,176,566,258,77
103,621,997,Shia001417,209,859,1190,246,80
103,659,997,Shia002382Vols,1053,742,1074,241,85
103,640,997,Shia001544Vols,15,1061,1414,249,87
103,621,997,Shia001544Vols,16,387,761,262,84
103,663,1002,Shia001432Vols,4376,1,319,226,84
103,621,997,Shia001432Vols,7936,793,1158,258,81
103,174,624,Shia001432Vols,12982,1,456,254,64
103,714,997,Shia001432Vols,14834,1,302,209,84
103,1005,1378,Shia001432Vols,15695,947,1329,264,82
103,1005,1378,Shia001432Vols,16173,21,404,276,86
103,11,151,Shamela0012579,2521,674,880,98,60
103,41,616,Shia003689,156,130,688,241,45
103,621,1055,Shia003697,52,244,670,284,79
103,1005,1373,Shia001423Vols,61,464,850,270,83
103,1005,1300,Shia001423Vols,372,1185,1503,213,80
103,748,997,Shia001423Vols,527,1,243,175,87
103,621,997,Shia004456Vols,1005,317,674,268,88
103,621,997,Shia004456Vols,1096,105,467,270,88
103,621,934,Shia004456Vols,3088,1232,1529,229,92
103,624,1020,Shamela0000927,1092,51,394,256,81
103,1130,1451,Shia003752Vols,602,1075,1404,207,76
103,1020,1373,Shia004092Vols,1664,12,347,247,83
103,621,997,Shia004092Vols,1786,407,794,268,85
103,1002,1373,Shia004092Vols,2092,721,992,192,62
103,640,997,Shia004092Vols,2133,120,439,195,64
103,11,203,Shia004092Vols,7454,282,942,99,18
103,286,616,Zaydiyya0000220,57,833,1374,142,29
103,628,1020,JK001173,201,1,343,253,79
103,710,1020,Shamela0021512,235,1,268,197,78
103,624,1020,ShamAY0035288,235,378,721,256,81
103,621,997,Shia004030Vols,25,404,745,247,82
103,760,997,Shia001255Vols,1513,479,705,168,88
103,616,997,Shia003707Vols,95,353,698,261,86
103,273,572,Shia003707Vols,143,1193,1449,191,79
103,1005,1373,Shia003707Vols,259,338,704,276,90
103,11,151,Zaydiyya0000461,111,524,702,85,55
103,11,160,Zaydiyya0000461,285,688,869,88,56
103,624,997,Shia003712,90,771,1128,269,89
103,624,1020,Shia004019,45,341,725,284,89
103,5,194,Shia004019,50,824,993,125,84
104,67,382,Shia001395Vols,531,381,796,144,43
104,121,1226,Shia001285,212,144,1201,652,66
104,348,1280,Shia001285,448,1,808,417,45
104,67,1226,Shia001285,458,118,1312,780,74
104,141,373,Shia001285,459,1194,1411,141,74
104,373,1280,Shia001285,460,1,781,396,44
104,83,943,Shia001171,134,819,1527,452,60
104,158,394,Shia001349Vols,241,1108,1310,138,71
104,126,317,Shia003744Vols,410,1,212,108,60
104,141,1270,Shia001273Vols,90,301,1337,593,58
104,148,399,Shia001273Vols,185,526,800,173,76
104,283,1226,Shia001421Vols,273,1,946,709,91
104,148,914,Shia003691,57,488,914,263,41
104,104,1226,Shia003754Vols,96,198,1381,832,85
104,67,1119,Shia003754Vols,182,366,1468,739,78
104,230,1270,Shia001278Vols,504,1,868,516,57
104,121,450,Shia001278Vols,519,597,961,175,53
104,1076,1221,Shia001278Vols,1036,146,305,110,82
104,582,702,Zaydiyya0000142,827,190,427,83,43
104,133,351,Kraken2106220218081,425,1064,1242,115,67
104,67,874,Zaydiyya0000227,6,729,1481,449,62
104,67,600,Shamela0023644,1841,43,475,261,62
104,600,1288,Shamela0023644,1841,805,1379,303,48
104,333,1226,Zaydiyya0000003,36,5,780,436,52
104,511,1226,Zaydiyya0000015,2225,183,558,256,45
104,416,1216,Shia001332,378,1,761,389,50
104,83,1226,Zaydiyya0000328,303,339,1360,563,52
104,148,914,Zaydiyya0000328,440,856,1373,322,49
104,1235,1492,Shia001432Vols,7248,198,462,198,90
104,1235,1487,Shia001432Vols,10284,710,957,197,96
104,1235,1487,Shia001432Vols,10829,332,595,202,95
104,121,1270,Shia001432Vols,14488,69,1126,586,56
104,121,339,Shia001432Vols,14774,1271,1479,161,92
104,348,1280,Shia001432Vols,14775,9,1104,707,80
104,209,1221,Shia001432Vols,14896,1,957,593,65
104,333,1270,Shia001432Vols,23047,9,820,466,57
104,67,1302,Shia001382,56,67,1274,868,83
104,141,1280,Shamela0026456,108,413,1397,543,50
104,121,339,EShia0071536,244,720,893,115,69
104,467,1226,Zaydiyya0000039,1051,1,513,319,48
104,78,682,Zaydiyya0000037Vols,428,756,1299,299,54
104,141,1280,Shia001270Vols,51,1,1000,628,62
104,1027,1221,Shia001270Vols,53,119,339,147,82
104,137,1226,Shia003692,189,261,1255,597,61
104,67,382,Shia003697,88,1149,1462,217,81
104,382,1221,Shia003697,89,1,837,650,94
104,1235,1496,Shia003697,93,45,304,201,93
104,274,914,Shia003697,112,1,367,237,45
104,137,1202,Shia004456Vols,1094,10,1016,776,90
104,67,1188,Shia004456Vols,2247,417,1469,810,90
104,67,806,Shia004456Vols,2538,808,1486,520,88
104,812,1280,Shia004456Vols,2539,8,486,346,88
104,1235,1487,Shia004456Vols,3567,465,719,201,98
104,204,1280,Shia004456Vols,4029,1,863,466,46
104,137,1280,Shia004456Vols,4030,1,1149,833,87
104,121,525,Shia004456Vols,4031,817,1103,216,67
104,141,695,Shia004456Vols,4059,1033,1491,308,67
104,67,481,Shia004456Vols,4060,678,1049,263,78
104,121,382,Shia004046,55,1211,1466,193,93
104,153,1175,Zaydiyya0000098,103,536,1454,514,56
104,958,1261,Zaydiyya0000098,104,491,716,159,65
104,1261,1487,Zaydiyya0000098,838,635,862,175,92
104,67,747,Shia004092Vols,1570,781,1457,492,87
104,747,1221,Shia004092Vols,1571,8,506,362,88
104,280,1202,Shia004092Vols,1572,12,753,451,56
104,556,1027,Shia004092Vols,2329,480,1095,130,21
104,1324,1487,Shia004092Vols,2579,1189,1366,131,90
104,137,1280,Shia004092Vols,2604,146,1201,654,62
104,141,419,Shia004092Vols,5673,1225,1453,149,67
104,141,481,Shia004092Vols,5840,1156,1458,191,68
104,481,1280,Shia004092Vols,5841,1,613,297,38
104,104,1221,Shia004092Vols,5897,332,1487,821,85
104,141,1027,Shia004092Vols,8058,774,1208,315,45
104,243,1072,Shia004092Vols,8059,1,742,558,84
104,563,1298,Shia004092Vols,8060,1,826,506,71
104,83,403,Shia001134,107,1188,1485,180,61
104,403,1226,Shia001134,108,1,719,433,58
104,83,1202,Zaydiyya0000288,431,424,1396,577,59
104,1256,1487,Shia001290,13,1,232,187,99
104,67,689,Zaydiyya0000398,38,988,1506,389,78
104,689,1270,Zaydiyya0000398,39,1,549,418,88
104,204,1072,Shia001392Vols,166,1,516,383,55
104,153,382,Shia001392Vols,361,97,294,126,67
104,67,1226,Shia004030Vols,393,129,1301,823,83
104,264,635,Shia004030Vols,397,5,318,182,56
104,141,845,Shia004030Vols,402,941,1450,321,53
104,137,768,Shia004030Vols,430,868,1442,362,65
104,1235,1487,Shia004030Vols,698,1165,1441,200,88
104,1235,1487,Shia004030Vols,1333,268,533,202,93
104,67,317,Shia004030Vols,1427,198,517,130,45
104,83,1226,Shia004030Vols,1536,227,1210,576,56
104,67,702,Shia004030Vols,1702,809,1432,444,85
104,702,1221,Shia004030Vols,1703,1,553,384,81
104,148,914,Shia004030Vols,1954,5,501,305,47
104,67,1202,Shia004030Vols,1956,281,1436,816,83
104,83,1069,Shia004030Vols,1981,642,1439,517,61
104,67,653,Shia004030Vols,2328,887,1462,406,83
104,653,1283,Shia004030Vols,2329,1,692,445,76
104,148,914,Shia004030Vols,2330,261,771,281,42
104,121,1226,Shia003707Vols,260,244,1344,856,95
104,1235,1492,Shia003707Vols,265,145,402,201,94
104,121,914,Shia003707Vols,272,331,825,309,47
104,83,1072,Shia003695Vols,199,558,1413,562,65
104,1243,1487,Shia001416,26,331,566,183,92
104,67,958,Shia001416,69,766,1476,456,61
104,196,532,Zaydiyya0000383,12,1157,1474,203,71
104,608,1211,Zaydiyya0000383,13,1,507,284,50
104,121,428,Shia001615Vols,2210,112,405,186,76
104,196,394,Shia003710,266,156,339,123,75
104,182,419,Shia003712,46,1268,1511,179,91
104,419,1202,Shia003712,47,1,778,606,95
104,1235,1505,Shia003712,97,733,1013,206,87
104,121,378,Shia003712,104,1200,1460,152,64
104,378,914,Shia003712,105,1,268,174,40
104,348,1280,Shia003712,141,9,778,377,42
104,83,1202,Zaydiyya0000373Vols,603,573,1421,493,51
105,1,578,Shia003716,12,1066,1407,202,41
105,24,275,Shia003683,128,180,428,177,89
105,1,250,Shia001285,455,526,748,162,82
105,1,386,Shia001285,456,151,686,246,57
105,284,643,Shia001137,532,54,442,255,81
105,53,275,Shamela0006617,958,788,994,153,89
105,284,578,Shia003703,42,551,880,213,83
105,841,1385,Shia003744Vols,454,1,603,280,49
105,1,275,JK000916,16189,693,946,189,88
105,284,525,Shia003429,129,1214,1455,178,93
105,525,643,Shia003429,130,1,116,91,97
105,652,1385,Shia003429,147,8,699,472,76
105,1,275,Shia003429,302,981,1236,190,88
105,660,1022,Shia003691,172,1086,1452,249,81
105,1022,1401,Shia003691,173,1,275,186,62
105,284,578,Zaydiyya0000036,94,574,899,212,83
105,448,643,Shia003754Vols,21,1,241,150,78
105,1,505,Shia003992,27,693,1305,283,54
105,1,257,Shia002371,55,33,267,172,85
105,1,317,Shamela0003118,4740,754,1067,213,82
105,652,1380,Shia001432Vols,2082,512,1207,421,63
105,652,1380,Shia001432Vols,10581,157,750,276,41
105,652,1066,Shia001432Vols,10711,1067,1465,201,52
105,466,643,Shia001432Vols,13551,1,220,135,78
105,652,1380,Shia001432Vols,13931,452,1156,506,83
105,1,257,Shia001432Vols,14685,1127,1336,148,70
105,652,874,Shia001432Vols,15056,1175,1462,135,56
105,874,1380,Shia001432Vols,15057,1,461,287,62
105,24,317,Shia001432Vols,15241,123,386,191,84
105,708,1312,Shia001432Vols,35900,306,668,195,40
105,652,911,Shia002339,307,1162,1487,163,59
105,911,1380,Shia002339,308,1,424,244,56
105,884,1019,Shia004664,333,1,124,94,89
105,1,257,Shamela0026456,44,1176,1405,168,83
105,1,257,Shamela0026456,45,216,416,132,63
105,5,257,Zaydiyya0000039,576,367,578,157,79
105,1,604,Shia003697,101,512,1440,446,60
105,284,643,Shia004456Vols,964,238,591,264,92
105,284,648,Shia004456Vols,970,1201,1559,261,89
105,1,275,Shia004456Vols,973,930,1207,205,91
105,284,643,Shia004456Vols,974,555,899,258,92
105,1,275,Shia004456Vols,975,613,862,185,86
105,284,643,Shia004456Vols,976,988,1371,269,88
105,307,578,Shia004456Vols,977,31,297,187,87
105,1,275,Shia004456Vols,981,124,372,185,86
105,1,275,Shia004456Vols,985,1074,1346,208,94
105,1,578,Shia004456Vols,986,559,893,220,46
105,284,687,Shia004456Vols,992,9,442,284,82
105,24,760,Shia004456Vols,1008,283,1252,378,44
105,652,1160,Shia004456Vols,1076,420,881,209,43
105,1,578,Shia004456Vols,3334,396,754,218,44
105,284,687,Shia004456Vols,4192,693,1120,281,81
105,652,1126,Shia004092Vols,1094,733,1518,318,48
105,664,1380,Shia004092Vols,1095,250,949,478,78
105,1,257,Shia004092Vols,1259,1080,1331,173,80
105,284,643,Shia004092Vols,1587,557,933,267,88
105,1,275,Shia004092Vols,1780,967,1238,205,93
105,1,257,Shia004092Vols,1782,583,778,128,61
105,1,522,Shia004092Vols,2332,1212,1469,172,40
105,522,643,Shia004092Vols,2333,1,117,87,91
105,781,1380,Shia004092Vols,5345,183,661,341,72
105,97,430,Shia004092Vols,5631,404,795,196,60
105,1,227,Shia004092Vols,5661,1229,1445,145,76
105,284,643,Shia004092Vols,5918,485,843,262,92
105,652,1385,Shia004092Vols,7242,1,628,291,45
105,652,1353,Shia004092Vols,7337,578,1272,298,45
105,53,275,Shia004092Vols,7730,1123,1349,161,91
105,1,694,Shia004092Vols,7731,7,812,431,61
105,1,275,Shia004092Vols,11245,1007,1259,185,86
105,1,643,Shia002213,54,398,751,242,46
105,322,643,Shia002984Vols,800,990,1354,234,81
105,1,257,Shia004050,300,84,318,173,85
105,1,326,Zaydiyya0000288,67,202,479,140,49
105,5,257,Zaydiyya0000398,103,1043,1277,168,83
105,1,648,Shia004030Vols,21,477,1469,477,60
105,284,648,Shia004030Vols,22,639,1028,271,86
105,701,1380,Shia004030Vols,1383,30,787,378,53
105,1,478,Shia003707Vols,269,885,1393,345,85
105,478,687,Shia003707Vols,270,1,236,139,74
105,652,1380,Shia003707Vols,292,54,636,438,76
105,1,505,Shia001360,43,497,729,153,39
105,1,360,Shia001416,33,243,609,192,56
105,61,275,JK001297,317,1,190,140,83
105,1,643,Shia003712,20,111,773,477,89
105,652,1380,Shia003712,130,220,866,462,77
105,53,275,Shia004019,148,756,958,145,84
106,703,1196,Shamela0036357,1716,1022,1322,211,53
106,689,1263,Shia003704,258,467,1018,341,67
106,685,1196,Shia004026,1,394,826,310,73
106,673,1059,Shia001171,136,1082,1443,215,60
106,1031,1196,Shia001171,137,1,166,125,88
106,18,232,Shia001172,208,202,470,147,61
106,1388,1527,Shia003744Vols,327,520,663,76,60
106,769,1066,Shia003744Vols,629,1,314,204,74
106,659,1342,Shia004007,151,490,1027,331,51
106,656,1092,Shia001421Vols,305,944,1462,292,66
106,656,899,Shia001421Vols,310,1258,1503,189,96
106,899,1196,Shia001421Vols,311,1,280,207,82
106,693,1253,Shia003754Vols,171,1,553,353,70
106,727,1196,JK001293BK1,1332,1033,1314,212,56
106,50,261,Shia001432Vols,10450,1,209,167,96
106,656,1196,Shia001432Vols,10511,843,1380,362,79
106,656,1189,Shia001432Vols,14731,575,1186,358,68
106,656,1169,Shia002937,210,1007,1471,342,80
106,366,542,Tafsir04042,48,679,847,134,93
106,685,899,Zaydiyya0000258,97,1283,1467,140,82
106,899,1196,Zaydiyya0000258,98,1,255,174,66
106,656,1196,Shia003697,20,718,1216,368,81
106,1385,1550,Shia003697,120,99,266,116,84
106,1388,1527,Shia001423Vols,548,289,463,96,68
106,656,1196,Shia004456Vols,4173,767,1254,348,76
106,673,1082,Shia003366Vols,6346,332,684,244,71
106,685,1263,Shamela0000927,1092,526,1063,345,72
106,656,1059,Zaydiyya0000098,450,1289,1588,232,71
106,999,1196,Zaydiyya0000098,451,11,187,128,79
106,656,1196,Shia004092Vols,1697,610,1110,360,78
106,664,1196,Shia004092Vols,5863,1,478,352,79
106,689,1196,JK001173,201,343,645,153,33
106,656,1201,Shia001134,144,546,1161,370,70
106,656,1196,Zaydiyya0000288,4,688,1248,309,54
106,685,1263,Shamela0021512,235,400,937,345,72
106,656,1196,Shia004012,31,650,1247,365,71
106,656,1196,Shia001290,55,303,860,363,74
106,741,1263,Shia000275Vols,35,8,542,330,69
106,685,1263,ShamAY0035288,235,853,1390,344,72
106,656,1196,Zaydiyya0000398,132,579,1073,349,75
106,623,1263,Shia001551,264,269,874,369,68
106,685,1263,Shia004020,114,514,1124,357,65
106,1388,1550,Shia004030Vols,1408,1157,1286,90,70
106,764,1196,Shia004030Vols,1649,1,380,278,77
106,656,916,Shia004030Vols,1663,1118,1454,182,68
106,916,1196,Shia004030Vols,1664,1,264,178,74
106,656,1213,Shia003707Vols,100,667,1216,363,72
106,703,1263,Shia001416,18,596,1218,305,54
106,689,1066,Shia001553,2,1017,1394,273,85
106,623,999,Shia003710,9,948,1364,235,65
106,623,1059,Shia003710,366,1125,1496,230,59
106,685,1196,Shia003712,18,858,1330,345,80
106,685,1268,Shia004019,45,862,1422,375,74
107,637,1068,Shia003961Vols,983,184,595,296,82
107,1072,1405,Shia003704,228,12,342,257,97
107,1072,1351,Shia001349Vols,923,1289,1520,158,69
107,11,342,Shia003744Vols,327,638,1021,229,71
107,654,1028,Shia004007,181,1151,1516,276,89
107,16,342,Shia003754Vols,137,354,668,199,66
107,1072,1421,Shia001432Vols,15071,1000,1357,266,93
107,637,1072,ShamAY0034138,326,42,474,296,80
107,1,342,ShamAY0034138,346,189,525,235,84
107,637,1068,JK005004,380,1024,1368,247,70
107,40,330,JK005004,397,1276,1506,173,75
107,1,342,Shia003697,120,266,583,238,88
107,310,620,Shia003697,225,21,307,214,87
107,637,935,Shia003697,227,1175,1473,213,86
107,1072,1325,Shia003697,232,1166,1427,195,92
107,6,342,Shia001423Vols,213,1125,1498,246,80
107,637,1068,Shia001423Vols,222,783,1187,287,81
107,351,620,Shia001423Vols,529,1203,1453,194,90
107,310,707,Shia001423Vols,530,655,1157,239,55
107,11,403,Shia001423Vols,548,438,1006,256,55
107,403,707,Shia004456Vols,1076,1,324,192,70
107,637,1068,Shia004456Vols,3946,897,1347,319,86
107,637,1068,Shia004092Vols,1278,802,1302,316,77
107,6,342,Shia004092Vols,2122,754,1087,247,88
107,469,620,Shia004092Vols,2140,1,175,108,73
107,1072,1304,Shia004092Vols,2152,1195,1444,177,87
107,654,854,Shia004092Vols,2568,498,702,139,81
107,153,347,Shia004092Vols,7472,1,160,113,73
107,354,620,Shia004092Vols,7805,809,1079,194,86
107,1068,1451,Shia004092Vols,8337,368,748,274,88
107,6,342,Shia004092Vols,11351,82,370,184,62
107,1072,1417,Shia001371,110,783,1140,267,92
107,1072,1417,Shia001371,149,1115,1481,259,87
107,1182,1417,Shia001371,256,1,263,183,88
107,1072,1417,Shia001290,41,587,955,259,87
107,6,342,Shia001290,56,707,1032,248,92
107,637,1068,Shia004014Vols,250,501,865,263,75
107,1072,1371,Shia004030Vols,64,1205,1519,228,90
107,637,1068,Shia004030Vols,528,755,1203,312,84
107,11,243,Shia004030Vols,1408,1291,1568,165,72
107,666,939,Shia004030Vols,1619,1205,1490,206,87
107,70,342,Shia004030Vols,2244,1,269,199,89
107,11,342,Shamela0002671,159,730,1032,190,64
107,1,342,JK005018,54,454,716,189,70
107,670,1076,Zaydiyya0000461,229,730,1152,297,85
107,351,711,Shia003710,346,837,1105,186,65
107,670,1072,JK005005,343,204,529,238,72
107,96,342,JK005005,351,1,194,143,73
108,555,888,Shamela0028168,750,852,1158,224,82
108,655,888,Shamela0028168,751,862,1082,168,87
108,9,548,Shia003744Vols,62,1018,1481,259,52
108,956,1536,Shia003744Vols,74,6,637,384,71
108,922,1536,Shia003749,332,611,1168,358,65
108,922,1536,Shia001431,16,286,1002,420,70
108,1,433,Shia003754Vols,116,885,1384,310,73
108,1,413,Shia003754Vols,177,556,1017,288,73
108,375,794,Shia003727Vols,162,1083,1488,234,60
108,922,1536,Shia001432Vols,6004,193,799,400,74
108,9,555,Shia001432Vols,8041,752,1223,278,55
108,893,1536,Shia001432Vols,10487,191,902,463,79
108,62,605,Shia002394Vols,364,1,514,254,49
108,922,1536,Shia002394Vols,519,603,1246,404,75
108,872,1536,Shia003757,164,79,705,379,64
108,1,365,Shia003697,233,377,728,268,89
108,922,1536,Shia001423Vols,388,184,849,407,73
108,1,371,Shia001423Vols,547,631,1038,273,80
108,79,371,Zaydiyya0000098,135,1225,1485,197,84
108,529,878,Shia003752Vols,612,700,1094,277,86
108,57,371,Shia004092Vols,1261,16,355,225,78
108,555,888,Shia004092Vols,3497,790,1096,223,81
108,31,605,Shia004092Vols,5595,145,638,243,50
108,31,404,Shia004092Vols,5623,103,425,223,68
108,31,324,Shia004092Vols,8039,1360,1585,156,62
108,1,409,Shia001366,43,157,544,279,82
108,922,1536,Shia004050,142,518,1124,399,74
108,1,371,Shia001290,45,670,1079,275,80
108,26,385,Shia001392Vols,144,613,886,187,63
108,1,371,Shia004030Vols,94,1108,1475,246,76
108,1,371,Shia004030Vols,117,1091,1468,258,78
108,1,404,Shia004030Vols,159,131,584,289,74
108,1,371,Shia004030Vols,529,45,409,257,80
108,1,605,Shia004030Vols,564,676,1135,299,60
108,375,878,Shia003707Vols,455,491,1037,311,58
108,26,365,Shia001416,37,512,757,175,62
108,9,287,Shia003710,166,1299,1535,185,83
109,1,707,Shia003744Vols,74,637,1384,422,59
109,339,520,Shia003749,333,11,170,125,85
109,1,401,Shia001431,16,1002,1442,289,77
109,529,1544,Shia001432Vols,4685,339,1213,673,80
109,1,520,Shia001432Vols,6004,799,1333,292,55
109,1,520,Shia001432Vols,10487,902,1378,337,76
109,532,1179,Shia001432Vols,10710,1016,1533,389,72
109,1179,1544,Shia001432Vols,10711,1,369,284,93
109,110,520,Shia001432Vols,34891,695,1102,221,63
109,592,906,Shia001432Vols,35899,1119,1263,101,40
109,1,237,Shia002394Vols,519,1246,1510,173,77
109,237,707,Shia002394Vols,520,1,495,251,49
109,1,401,Shia003757,164,705,1091,225,59
109,1,401,Shia001423Vols,388,849,1306,285,73
109,1,396,Shia004050,142,1124,1546,201,47
109,157,349,Shia001615Vols,700,729,1034,150,60
109,191,349,Shia001615Vols,2038,818,990,118,84
110,600,1119,Shia001368,69,838,1313,215,46
110,1162,1404,Sham19Y0018100,711,1301,1527,113,61
110,669,1186,Shia002406Vols,4444,51,581,174,32
110,55,437,Shia003704,257,63,584,196,40
110,1268,1456,Sham19Y0145212,3770,604,758,119,79
110,1237,1441,Kraken210630005153,7538,1260,1432,110,68
110,1162,1461,Zaydiyya0000079,222,904,1155,159,68
110,656,921,Shamela0023613,2666,800,1027,139,62
110,1265,1456,Shamela0023700,1710,737,896,121,80
110,640,1181,Shia001349Vols,844,287,835,180,33
110,55,437,Shia003744Vols,616,64,505,199,45
110,1265,1456,Shia001348,31,1179,1386,133,73
110,1272,1441,ShamAY0033599,20,262,424,120,90
110,1141,1456,Shia003429,210,761,1382,187,35
110,1152,1461,Shia003754Vols,87,414,701,176,73
110,1268,1456,Shamela0008360,949,20,176,119,79
110,46,437,Shia001361,152,43,675,148,27
110,1265,1456,Shia001278Vols,585,848,1033,142,94
110,618,1114,Shia002371,132,269,634,207,48
110,1152,1456,Shamela0011997,149,267,481,141,60
110,637,1181,Shia001432Vols,2249,1,332,126,26
110,1,334,Shia001432Vols,4685,1213,1517,242,90
110,334,600,Shia001432Vols,4686,1,257,170,77
110,1,806,Shia001432Vols,10711,369,1128,459,62
110,640,1119,Shia001432Vols,13936,1,507,232,49
110,640,1181,Shia001432Vols,15063,386,980,185,33
110,637,921,Shia001432Vols,15067,1103,1270,101,40
110,55,437,Shia001432Vols,15220,224,664,198,44
110,1152,1461,Shia001432Vols,36019,694,1049,167,53
110,637,921,Shia002339,150,813,996,109,43
110,1152,1456,JK001324,196,156,416,152,63
110,1040,1456,Shamela0008657,488,489,920,163,39
110,1272,1456,Shamela0012579,577,1,186,124,81
110,640,1072,Shamela0026568,1381,1022,1321,85,17
110,1265,1456,Shamela0004445,3621,172,342,131,86
110,1265,1456,Shamela0000782,1268,1247,1420,131,87
110,1265,1456,Shia004092Vols,1340,722,895,131,87
110,1265,1456,Shia004092Vols,1343,814,969,117,78
110,1,437,Shia004092Vols,1657,258,949,170,28
110,943,1114,Shia004092Vols,2143,577,880,99,38
110,640,1001,Shia004092Vols,5357,217,784,110,21
110,1152,1441,Shia004092Vols,7956,1039,1328,141,54
110,1265,1456,Shia004092Vols,7958,355,528,131,87
110,1265,1456,Shia004092Vols,8555,387,557,131,86
110,1162,1461,Zaydiyya0000330,62,962,1213,159,68
110,1272,1456,SHAM19Y23644,2395,215,381,126,87
110,1247,1456,Sham19Y0122257,3461,133,308,124,75
110,640,1077,Zaydiyya0000288,64,717,1207,209,45
110,715,1190,Zaydiyya0000288,65,1,503,251,53
110,1152,1461,Zaydiyya0000288,81,559,989,197,57
110,1265,1456,Sham19Y0014309,2485,13,186,131,87
110,1265,1388,Shia003444,36,1314,1420,83,86
110,1141,1456,Shamela0009702,345,141,486,140,45
110,1265,1456,ShamAY0035288,316,342,515,131,87
110,637,1072,Shia004030Vols,1318,559,961,157,35
110,640,1048,Shia002550Vols,147,1241,1458,82,20
110,618,749,Shia002550Vols,585,1321,1471,93,75
110,777,1001,Shia002616Vols,3412,853,1089,139,71
110,777,1114,Zaydiyya0000383,26,999,1314,159,49
110,1265,1456,Shia002942,223,300,473,130,86
110,1053,1456,Shia001553,90,458,843,177,45
110,1265,1461,Zaydiyya0000461,353,375,558,141,91
110,1265,1456,Shia003710,237,1028,1199,130,85
110,915,1114,Shia003710,333,21,159,90,57
110,1265,1461,Shia004019,147,630,812,141,91
111,299,1575,Shia001172,13,94,1347,974,92
111,299,1181,Shia001389,33,621,1508,694,94
111,1181,1575,Shia001389,34,1,387,308,96
111,454,1575,Shia001432Vols,10645,55,1154,801,85
111,299,547,Shia001432Vols,10646,461,691,171,87
111,55,299,Shia001432Vols,10648,1117,1354,179,92
111,299,554,Shia001432Vols,19787,1259,1502,189,93
111,554,1575,Shia001432Vols,19788,1,1030,802,94
111,299,1038,Shia001423Vols,1309,811,1540,579,95
111,1042,1575,Shia001423Vols,1310,4,540,410,92
111,454,1575,Shia003366Vols,331,891,1069,131,14
111,454,1560,Shia001117,446,484,1558,774,84
111,123,299,Shia001615Vols,354,5,170,103,63
112,1,224,Shia001172,13,1347,1554,155,86
112,224,1509,Shia001172,14,1,1231,710,56
112,895,1153,Shia001349Vols,994,1130,1397,141,55
112,895,1239,Shia001174Vols,2295,921,1226,181,56
112,1,1246,Shia001389,34,387,1545,747,63
112,1246,1509,Shia001389,35,1,351,182,64
112,898,1509,Shia001389,36,478,932,234,41
112,878,1132,Shia004023,46,543,825,135,53
112,1,444,Shia001432Vols,10645,1154,1580,330,92
112,1158,1424,Shia001432Vols,10646,1290,1528,173,80
112,450,907,Shia001432Vols,10646,7,338,235,61
112,1208,1502,Shia001432Vols,19786,1,360,201,67
112,1,566,Shia001432Vols,19788,1030,1604,444,94
112,566,890,Shia001432Vols,19789,1,318,239,90
112,898,1502,Shia001423Vols,689,529,1333,306,42
112,1158,1458,Shia001423Vols,846,670,938,185,73
112,1,925,Shia001423Vols,1310,540,1468,690,90
112,911,1491,Shia003366Vols,331,891,1454,249,40
112,1,1474,Shia001117,447,18,1178,749,56
112,898,1447,Shia001117,449,126,828,345,58
112,895,1153,Shia001122Vols,455,72,329,156,63
112,281,692,Shia001615Vols,1745,1225,1612,302,90
112,692,898,Shia001615Vols,1746,1,180,137,84
113,160,702,Shia003700,231,471,1021,374,80
113,1148,1298,Shia001432Vols,14865,328,472,105,85
113,160,685,Shia001432Vols,15611,1001,1493,344,79
113,1148,1298,Shia001353,154,720,869,109,88
113,1148,1340,Shamela0026456,23,660,831,120,77
113,1148,1332,Shia004456Vols,1068,538,733,118,72
113,1148,1298,Shia004092Vols,2134,1273,1417,105,85
113,1148,1298,Shia004092Vols,6149,797,941,105,85
113,272,718,Shia001344Vols,295,1,423,287,77
113,1148,1337,Zaydiyya0000288,69,1229,1473,133,68
113,1153,1293,Shia004030Vols,1613,1,135,97,84
113,1148,1298,Shia003707Vols,298,1205,1332,92,74
113,1158,1327,Shia001360,41,255,420,107,75
114,1012,1365,Shia003744Vols,132,773,1254,208,47
114,1304,1488,Shia001174Vols,2219,363,531,134,91
114,200,380,Shia003754Vols,339,351,556,119,75
114,1012,1365,Shia003754Vols,339,741,1098,173,50
114,1040,1257,Shia001417,218,672,908,157,80
114,237,461,Shia002371,111,95,270,138,78
114,1012,1257,Shia002371,144,198,471,179,80
114,1321,1488,Zaydiyya0000189,17,86,254,122,85
114,1337,1488,Shia004023,286,513,649,109,90
114,1304,1488,Shia001432Vols,6582,649,817,134,91
114,695,965,Shia001432Vols,7248,214,457,185,80
114,695,965,Shia001432Vols,10284,726,957,185,84
114,237,718,Shia001432Vols,10621,675,1187,337,75
114,695,965,Shia001432Vols,10829,357,595,187,83
114,237,461,Shia001432Vols,13923,1017,1187,134,75
114,977,1342,Shia001432Vols,15241,449,856,231,69
114,1321,1488,Shia001432Vols,19676,1184,1341,123,91
114,1040,1257,Zaydiyya0000258,82,1091,1334,163,82
114,695,965,Shia003697,93,61,292,185,84
114,1,232,Shia003697,250,1080,1380,143,61
114,23,228,Shia001423Vols,531,1177,1405,134,69
114,23,324,Shia004456Vols,1075,1068,1376,159,62
114,1036,1292,Shia004456Vols,1088,251,535,189,82
114,695,1003,Shia004456Vols,3567,481,785,204,72
114,237,449,Shamela0000927,1684,6,170,130,77
114,1012,1257,Shamela0000927,1732,906,1182,174,74
114,727,1047,Zaydiyya0000098,838,635,949,201,76
114,1012,1292,Shia004092Vols,1406,353,645,151,50
114,793,965,Shia004092Vols,2579,1189,1366,131,86
114,237,461,Shia004092Vols,7274,1314,1495,143,80
114,1031,1257,Shia004024,42,1,240,160,80
114,1012,1257,JK001173,319,563,828,178,78
114,237,449,Shamela0021512,391,1272,1436,130,77
114,1321,1488,Shia003636Vols,3939,449,591,112,85
114,727,965,Shia001290,13,6,232,178,89
114,1,228,Shia001290,17,534,786,150,68
114,237,449,ShamAY0035288,108,677,841,125,75
114,1012,1257,ShamAY0035288,156,1251,1522,174,75
114,1012,1360,Shia004020,98,1015,1398,198,63
114,700,965,Shia004030Vols,698,1180,1441,181,79
114,695,965,Shia004030Vols,1333,284,533,185,78
114,1304,1488,Shia001122Vols,433,655,823,134,91
114,695,1031,Shia003707Vols,265,161,463,202,66
114,237,461,Shia002550Vols,528,599,774,138,78
114,695,965,Shia001416,26,339,566,177,80
114,1016,1257,JK001297,329,347,623,170,76
114,1337,1488,Shia001615Vols,27,1272,1412,112,92
114,1012,1267,Shia001615Vols,924,855,1127,173,76
114,1012,1257,Shia001615Vols,3506,1295,1569,172,74
114,695,982,Shia003712,97,749,997,187,80
114,237,474,Shia004019,71,704,935,174,93
114,1012,1257,Shia004019,75,508,782,180,80
115,274,1391,Shia003744Vols,69,539,1370,410,43
115,548,1466,Shia001348,2,1,723,397,50
115,1,169,Shia001174Vols,2219,531,702,128,92
115,274,1083,Shia003754Vols,660,1019,1589,258,33
115,430,1391,Shia004052,85,47,827,294,32
115,545,1466,Shia001417,201,223,868,384,50
115,274,1466,Shia001417,222,55,970,467,46
115,274,674,Shia003992,30,1275,1565,130,34
115,696,1466,Shia003992,31,1,569,324,50
115,545,941,Shia002389Vols,604,162,490,202,55
115,545,1485,Shia002389Vols,1496,160,838,394,50
115,541,1485,Shia001146,245,368,1071,395,49
115,545,1476,Shia004053Vols,163,821,1491,402,51
115,430,1391,Shia001335,100,581,1278,364,44
115,1,169,Zaydiyya0000189,17,254,430,128,89
115,1,174,Shia001432Vols,6582,817,995,131,91
115,545,1098,Shia001432Vols,7191,204,675,245,48
115,284,1098,Shia001432Vols,10572,821,1468,321,42
115,598,1466,Shia001432Vols,10765,8,685,363,48
115,430,1466,Shia001432Vols,14056,254,1007,426,48
115,274,1391,Shia001432Vols,14062,69,855,421,42
115,545,1485,Shia001432Vols,14082,241,933,400,51
115,274,1391,Shia001432Vols,14096,378,1206,400,41
115,274,1391,Shia001432Vols,14113,219,951,410,42
115,274,1098,Shia001432Vols,14293,609,1305,339,46
115,1,113,Shia001432Vols,19676,1341,1456,83,89
115,274,1089,Zaydiyya0000198,95,282,913,335,44
115,274,1098,Shia002339,51,217,996,332,41
115,567,1357,Shia002339,52,1,667,299,40
115,12,303,Shia003026Vols,1272,462,781,127,36
115,195,1043,Shia002394Vols,498,33,704,343,47
115,274,1466,Shia001423Vols,479,158,1152,492,48
115,1,169,Shia004456Vols,1006,1309,1477,126,91
115,430,1098,Shia003752Vols,704,198,746,300,51
115,244,1466,Shia004092Vols,1628,15,971,487,46
115,274,1485,Shia004092Vols,4936,662,1492,423,39
115,545,1485,Shia001142Vols,319,553,1224,386,49
115,430,1466,Shia001289,19,766,1517,433,49
115,548,1378,Shia001289,31,52,582,281,36
115,274,1378,Shia001289,32,508,1281,405,40
115,1,169,Shia003636Vols,3939,591,762,128,92
115,274,1466,Shia001290,18,361,1342,496,49
115,274,1459,Shia000275Vols,16,506,1485,483,47
115,274,1485,Shia001551,132,79,1013,487,48
115,274,1466,Shia004030Vols,95,470,1392,485,48
115,274,1064,Shia004030Vols,121,815,1441,335,50
115,548,1391,Shia004030Vols,638,36,576,296,39
115,430,1466,Shia004030Vols,656,95,886,434,49
115,274,869,Shia004030Vols,845,1017,1482,251,51
115,274,1269,Shia004030Vols,868,737,1451,380,42
115,274,941,Shia004030Vols,2360,950,1514,296,52
115,274,1466,Shia004030Vols,2374,96,1023,484,48
115,545,1485,Shia004030Vols,2412,653,1332,392,49
115,1,169,Shia001122Vols,433,823,994,128,92
115,430,1466,Shia001416,276,196,982,434,49
115,1,135,Shia001615Vols,27,1412,1567,101,80
115,1,169,Shia001615Vols,3445,1250,1396,89,61
115,545,761,Shia001615Vols,3651,1372,1575,120,61
115,545,1466,Shia001154,66,851,1510,375,48
116,1125,1476,Shia001334,100,1,340,235,76
116,1055,1476,Shia003704,82,69,480,278,75
116,1055,1284,Shia001137,232,797,1061,171,78
116,1055,1261,Shia001171,130,149,382,152,75
116,1055,1261,Shia001349Vols,869,646,873,154,78
116,1055,1476,Shia003744Vols,202,353,737,265,72
116,1055,1476,Shia001341,69,613,1027,282,76
116,1055,1476,Shia001361,4,441,858,275,73
116,1040,1476,Shia001361,172,714,1138,242,61
116,1055,1364,Shia001432Vols,2104,44,411,190,62
116,1055,1476,Shia001432Vols,7159,916,1329,280,75
116,1055,1261,Shia001432Vols,7921,1299,1529,155,79
116,1261,1476,Shia001432Vols,7922,1,172,126,74
116,697,1046,Shia001432Vols,10319,699,1041,247,89
116,1055,1241,Shia001432Vols,14694,1224,1435,138,77
116,1241,1476,Shia001432Vols,14695,1,192,143,76
116,1055,1476,Shia001432Vols,15005,534,952,278,73
116,1055,1388,Shia003692,53,1225,1528,202,67
116,1055,1476,Shia003757,171,700,1014,218,59
116,1055,1476,Shia001423Vols,314,223,627,281,76
116,1059,1476,Shia004030Vols,252,1,395,282,78
116,1055,1476,Shia004030Vols,1730,150,526,262,72
116,1055,1284,Shia004030Vols,2048,1156,1431,170,72
116,1055,1476,Shia003707Vols,346,1050,1451,280,76
116,1055,1328,Shia003707Vols,356,1169,1446,168,63
116,1055,1442,Shia001360,121,1127,1499,226,63
116,1055,1364,Shia001615Vols,783,1062,1348,190,68
116,1055,1476,Shia003712,157,558,963,283,77
117,1,940,Shia001334,100,340,1459,638,67
117,945,1459,Shia001334,101,5,489,374,91
117,1,902,Shia003704,82,480,1467,483,51
117,902,1459,Shia003704,83,1,469,288,60
117,710,886,Shia004026,14,1344,1533,128,85
117,958,1056,Shia001349Vols,847,799,898,74,96
117,1,574,Shia003744Vols,202,737,1406,399,73
117,583,958,Shia003744Vols,203,25,477,274,78
117,1,513,Shia001341,69,1027,1522,344,78
117,446,1459,Shia001341,70,51,1047,465,46
117,1,526,Shia001361,4,858,1372,350,76
117,486,1459,Shia001361,5,20,1000,597,68
117,342,1459,Shia001361,173,1,1119,495,44
117,1,164,Shia001432Vols,7159,1329,1497,127,94
117,164,1459,Shia001432Vols,7160,1,1430,880,72
117,1,635,Shia001432Vols,7922,172,1002,447,66
117,744,937,Shia001432Vols,10779,1236,1464,145,81
117,937,1459,Shia001432Vols,10780,1,500,369,85
117,1086,1459,Shia001432Vols,10930,837,1215,281,91
117,1,1052,Shia001432Vols,14695,192,1415,725,70
117,1089,1459,Shia001432Vols,14696,1,373,287,95
117,1,526,Shia001432Vols,15005,952,1463,341,73
117,486,1459,Shia001432Vols,15006,94,1080,591,67
117,866,1446,Shia001432Vols,35162,247,900,275,46
117,1,1132,Shia003692,54,98,1428,790,71
117,1132,1459,Shia003692,55,1,340,252,92
117,1,526,Shia003757,171,1014,1446,283,63
117,1,635,Shia001423Vols,314,627,1470,453,66
117,648,1459,Shia001423Vols,315,1,761,547,81
117,1,913,Shia004030Vols,252,395,1469,615,67
117,917,1459,Shia004030Vols,253,5,519,392,89
117,714,958,Shia004030Vols,885,1082,1350,177,85
117,714,1438,Shia004030Vols,1513,741,1449,524,89
117,1,806,Shia004030Vols,1730,526,1476,529,64
117,806,1459,Shia004030Vols,1731,1,632,468,88
117,16,1459,Shia003707Vols,347,1,1450,1055,87
117,557,1282,Shia001360,122,733,1405,294,42
117,1,588,Shia003712,157,963,1559,428,85
117,592,1459,Shia003712,158,6,870,623,86
118,1,708,Shia001334,101,489,1183,540,97
118,4,696,Shia003704,83,469,1041,370,63
118,775,1326,Shia001359,10,1025,1412,259,60
118,1,450,Shia001341,70,1047,1382,253,70
118,454,708,Shia001341,71,11,211,134,65
118,1,425,Shia001361,5,1000,1379,267,76
118,425,829,Shia001361,6,1,433,246,66
118,791,1345,Shia001361,8,5,544,374,82
118,4,321,Shia001361,173,1127,1397,141,49
118,321,737,Shia001361,174,1,401,226,60
118,8,820,Shia001432Vols,7161,1,773,559,85
118,238,524,Shia001432Vols,7163,513,670,87,36
118,775,1067,Shia001432Vols,10897,1258,1546,225,97
118,1067,1340,Shia001432Vols,10898,1,291,207,90
118,708,1302,Shia001432Vols,10930,148,840,410,73
118,245,696,Shia001432Vols,10931,1,470,320,84
118,4,708,Shia001432Vols,14696,373,1056,504,88
118,1,354,Shia001432Vols,15006,1080,1408,236,81
118,370,708,Shia001432Vols,15007,1,350,252,91
118,839,999,Shia001432Vols,16531,1,143,100,80
118,128,524,Shia002339,14,951,1139,108,32
118,1,708,Shia003692,55,345,1048,526,92
118,775,1310,Shia003692,234,900,1413,392,94
118,1,620,Shia001423Vols,315,761,1379,454,90
118,775,1335,Shia003752Vols,662,945,1503,430,96
118,775,1345,Shia001134,122,239,788,429,95
118,775,1345,Shia004030Vols,167,730,1293,441,98
118,1,708,Shia004030Vols,253,519,1217,536,96
118,1,702,Shia004030Vols,1731,632,1313,503,89
118,1,869,Shia003707Vols,348,1,822,569,78
118,4,742,Shia001360,123,158,934,375,51
118,775,999,Shia001615Vols,514,1056,1257,146,83
118,1,519,Shia003712,158,875,1404,385,90
118,519,820,Shia003712,159,1,401,196,64
119,35,925,Shia001361,8,544,1464,642,82
119,925,1587,Shia001361,9,1,685,505,87
119,676,901,Shia001286,89,669,1106,102,27
119,1365,1587,Shia001432Vols,6298,1084,1315,174,92
119,35,1212,Shia001432Vols,10898,291,1528,892,87
119,1212,1587,Shia001432Vols,10899,1,399,295,90
119,1051,1368,Shia001432Vols,12239,1209,1542,253,93
119,1368,1587,Shia001432Vols,12240,1,243,169,85
119,656,1307,Shia001432Vols,16224,840,1532,514,90
119,1307,1587,Shia001432Vols,16225,1,325,217,82
119,35,1509,Shia003692,235,36,1571,1111,87
119,665,1587,Shia003757,664,5,974,718,90
119,35,1587,Shia003752Vols,663,16,1576,1133,85
119,35,704,Shia001134,122,788,1470,494,86
119,704,1587,Shia001134,123,1,967,699,88
119,175,1587,Shia004030Vols,168,1,1442,1065,88
119,91,406,Shia004030Vols,576,511,812,205,77
119,665,1051,Shia001615Vols,2657,727,1143,302,89
120,1080,1517,Shia001359,11,32,385,236,62
120,1060,1393,Shia001358,4,1120,1463,249,86
120,1,774,Shia001361,9,685,1572,567,77
120,774,1509,Shia001361,10,1,751,537,83
120,1,1038,Shia001432Vols,10899,399,1558,785,81
120,1038,1533,Shia001432Vols,10900,1,523,362,82
120,84,306,Shia001432Vols,12240,269,564,170,70
120,1,306,Shia001432Vols,16225,325,723,234,71
120,301,799,Shia001432Vols,16531,158,664,364,86
120,1,1336,Shia003692,236,71,1532,1008,83
120,1349,1533,Shia003692,237,1,198,135,80
120,1,301,Shia003757,664,974,1366,229,71
120,1,1419,Shia003752Vols,664,1,1535,1063,83
120,1,488,Shia001134,123,967,1560,363,73
120,488,1533,Shia001134,124,1,1071,789,88
120,119,1533,Shia004030Vols,169,1,1520,1046,82
120,301,534,Shia001615Vols,514,1272,1521,167,80
120,534,794,Shia001615Vols,515,1,253,195,93
121,213,549,Shia001362Vols,509,1014,1282,147,45
121,170,549,Shia002759,493,1,355,161,41
121,213,549,Shia004037,25,820,1084,142,45
121,650,801,Shia001432Vols,381,407,767,90,29
121,561,1517,Shia001432Vols,401,115,1129,631,74
121,179,549,Shia001432Vols,9507,1,333,145,41
121,564,907,Shia001432Vols,10319,1087,1445,250,85
121,907,1517,Shia001432Vols,10320,1,609,398,73
121,777,1517,Shia001432Vols,14453,4,739,425,62
121,96,549,Shia001432Vols,30353,29,483,336,85
121,23,310,Zaydiyya0000198,43,983,1500,197,44
121,650,1517,Shia002339,39,1,894,478,58
121,395,549,Shia002337Vols,20,50,275,116,61
121,561,1517,Shia003692,181,17,1057,631,72
121,102,543,Shia002758,40,845,1248,195,45
121,6,549,Shia004030Vols,760,151,756,386,76
122,1343,1505,Shia001137,531,11,169,127,96
122,379,1088,Shia001172,114,789,1370,301,45
122,1039,1505,Shia001237Vols,1162,865,1513,305,55
122,379,727,Shia001121,86,965,1244,211,73
122,304,717,Shia002389Vols,1551,479,804,229,68
122,382,717,Shia002389Vols,2664,128,398,215,78
122,379,717,Shia001432Vols,396,15,266,195,69
122,6,225,Shia001432Vols,401,1129,1360,168,90
122,379,912,Shia001432Vols,4675,822,1309,218,37
122,1063,1505,Shia001432Vols,7672,998,1411,200,50
122,6,374,Shia001432Vols,10320,609,974,272,89
122,1273,1505,Shia001432Vols,10623,700,900,160,85
122,379,929,Shia001432Vols,15351,846,1431,335,60
122,1273,1505,Shia001432Vols,21455,59,259,160,85
122,1,230,Shia002339,39,894,1133,168,83
122,6,225,Shia003692,181,1057,1284,165,88
122,379,601,Shamela0036091,107,807,997,148,83
122,1039,1276,Shamela0000927,1650,86,336,154,74
122,1039,1505,Shia004092Vols,895,697,1021,140,32
122,379,912,Shia001344Vols,418,1063,1527,300,61
122,1039,1276,Shamela0021512,378,445,695,154,74
122,819,1276,ShamAY0035288,73,716,1137,194,52
122,1343,1505,Shia003707Vols,424,1,496,130,32
122,304,650,Shamela0096337,196,1000,1341,208,67
122,1088,1429,Shia001615Vols,569,463,662,132,47
123,1361,1516,Shamela0000894,983,6,137,95,79
123,1,284,Shia001137,531,169,445,196,79
123,1316,1535,Shia001137,539,414,657,147,70
123,1077,1535,Shia003744Vols,72,51,503,326,86
123,9,295,Shia001237Vols,1163,1,279,201,80
123,1316,1535,Shia001300,242,1060,1251,125,65
123,1050,1535,Shia001431,86,792,1207,257,66
123,1077,1512,Shia001431,97,538,872,229,68
123,985,1535,Shia001174Vols,1577,658,1195,338,75
123,1037,1535,Shia001544Vols,62,805,1281,338,84
123,123,316,Shia001432Vols,7673,1,175,118,73
123,1316,1535,Shia001432Vols,10347,1198,1411,132,67
123,1084,1535,Shia001432Vols,10355,955,1421,295,73
123,300,905,Shia001432Vols,10600,518,1327,449,66
123,1,284,Shia001432Vols,10623,900,1177,197,79
123,303,905,Shia001432Vols,10712,869,1445,444,88
123,312,919,Shia001432Vols,14309,185,754,441,86
123,1316,1535,Shia001432Vols,15285,633,853,138,71
123,1,284,Shia001432Vols,21455,259,535,197,79
123,1,412,Shia001432Vols,30920,89,436,238,68
123,1042,1535,Shia002394Vols,517,604,1098,325,77
123,1077,1427,Shia001187Vols,42,262,585,230,78
123,92,289,Shia003757,30,935,1125,124,72
123,1084,1535,Shia001117,143,74,515,274,70
123,1316,1535,Shia001117,280,232,469,154,77
123,300,687,Shia004012,24,959,1382,299,83
123,719,905,Shia004012,25,1,192,137,85
123,1050,1470,Shia004030Vols,1739,1008,1452,274,73
123,1077,1535,Shia001122Vols,222,62,509,328,88
123,321,919,Shia003707Vols,417,1,569,440,87
123,1,412,Shia003707Vols,424,158,504,234,67
123,1074,1427,Shia001663Vols,462,1111,1444,215,71
123,331,652,Shia001615Vols,1706,1,356,246,81
124,293,467,Shia000277Vols,4321,952,1120,119,82
124,552,689,Shamela0000894,983,144,282,109,98
124,129,355,Shia003961Vols,289,974,1160,136,73
124,819,960,Shia003961Vols,940,192,646,101,26
124,4,998,Shia003744Vols,72,503,1393,665,83
124,1005,1269,Shia003744Vols,73,1,245,189,91
124,227,477,Shia001237Vols,4644,805,1049,147,63
124,84,355,Shia001269,605,1093,1332,180,80
124,101,1269,Shia001431,87,1,1046,785,83
124,80,467,Shia001174Vols,658,443,814,279,88
124,4,355,Shia001174Vols,1577,1195,1491,225,79
124,355,1269,Shia001174Vols,1578,1,877,654,89
124,4,255,Shia001544Vols,62,1281,1503,175,87
124,255,1290,Shia001544Vols,63,1,962,692,82
124,84,355,Shia001432Vols,10342,710,960,190,84
124,36,1269,Shia001432Vols,10356,1,1138,758,71
124,4,355,Shia002394Vols,517,1098,1408,233,81
124,355,1269,Shia002394Vols,518,1,834,618,85
124,19,523,Shia001187Vols,42,522,999,302,68
124,293,467,Shia001187Vols,7680,48,214,118,81
124,101,355,Shia004092Vols,10215,553,730,134,64
124,84,247,Shia001117,134,1306,1450,116,88
124,31,972,Shia001117,143,529,1390,563,69
124,972,1269,Shia001117,144,1,283,202,84
124,751,960,Shamela0010517,56,724,907,138,82
124,293,467,Shia000317Vols,15195,796,966,116,79
124,4,978,Shia001122Vols,222,509,1406,685,88
124,978,1269,Shia001122Vols,223,1,270,208,91
124,107,502,Shia001663Vols,463,1,348,262,80
124,159,477,Shia001418Vols,220,770,1048,201,75
124,84,306,Shia001418Vols,743,320,493,135,75
125,966,1491,Shia003744Vols,71,906,1397,342,77
125,536,961,Shia003744Vols,73,862,1264,306,87
125,521,956,Shia003749,331,835,1234,309,88
125,966,1403,Shia001300,239,1069,1455,266,72
125,536,974,Shia001431,27,730,1110,285,81
125,536,956,Shia001174Vols,1645,1056,1453,302,87
125,966,1198,Shia001174Vols,1650,1290,1502,170,91
125,1198,1491,Shia001174Vols,1651,1,270,165,65
125,727,956,Shia002382Vols,1121,966,1205,156,74
125,536,1009,Shia002389Vols,1648,80,574,311,73
125,966,1491,Shia002389Vols,3075,418,904,356,84
125,521,1014,Shia004053Vols,9,586,999,300,73
125,988,1491,Shia004053Vols,16,706,1072,244,57
125,536,1009,Shia001286,170,370,830,311,77
125,536,956,Shia001432Vols,5993,1000,1382,298,88
125,494,956,Shia001432Vols,7366,74,466,225,55
125,494,961,Shia001432Vols,10415,535,1009,308,77
125,966,1364,Shia001432Vols,10465,1053,1445,268,79
125,536,805,Shia001432Vols,10484,804,1025,174,79
125,927,1208,Shia001432Vols,15349,1118,1458,208,75
125,1208,1440,Shia001432Vols,15350,1,228,136,65
125,539,706,Shia001432Vols,35210,370,524,122,91
125,966,1491,Shia002394Vols,517,86,580,349,79
125,536,956,Shia002394Vols,519,58,457,300,86
125,966,1233,Shia001423Vols,179,1229,1476,194,91
125,1214,1491,Shia001423Vols,180,36,247,154,70
125,983,1440,Shia003752Vols,354,1,458,310,78
125,494,1009,Shia001117,122,143,655,322,75
125,536,805,Shia001117,213,802,1023,171,78
125,966,1440,Shia001117,271,41,470,305,79
125,966,1491,Shia001117,273,503,984,331,74
125,536,974,Shia001122Vols,243,947,1376,308,83
125,966,1491,Shia001122Vols,246,693,1174,335,76
125,966,1205,Shia001255Vols,829,334,566,186,96
125,695,961,Shia001615Vols,700,383,622,183,86
126,74,250,Shia000150,57,906,1082,135,92
126,713,1224,Shia003744Vols,125,255,789,358,78
126,74,250,Shia003744Vols,130,1296,1483,139,91
126,83,250,Shia000376Vols,565,1306,1498,133,85
126,74,250,Shia001161Vols,2048,983,1158,135,92
126,74,250,Shia001174Vols,2097,159,339,139,95
126,452,698,Shia001174Vols,2101,586,831,169,81
126,706,1219,Shia001174Vols,2102,259,768,386,90
126,1144,1503,Shia001174Vols,2104,78,1237,267,28
126,1004,1235,Shia000366,162,510,763,163,79
126,975,1275,Shia002382Vols,653,1031,1315,194,78
126,706,1235,Shia002389Vols,850,756,1281,387,88
126,74,246,Shia004053Vols,718,656,823,132,92
126,37,250,Shia000134VolsBK2,1704,288,526,142,72
126,706,1047,Shia001432Vols,20520,1191,1509,236,81
126,1047,1219,Shia001432Vols,20521,1,171,130,95
126,706,946,Shia001432Vols,22005,1376,1593,160,77
126,946,1219,Shia001432Vols,22006,1,274,209,96
126,74,250,Shia001432Vols,33070,666,847,139,95
126,975,1219,Tafsir04042,785,399,628,170,84
126,975,1219,Tafsir04042,828,440,676,176,90
126,1227,1422,Shia000297,122,1007,1168,127,81
126,74,250,Shia000215Vols,852,81,256,135,92
126,909,1235,Shia001187Vols,2680,1,371,244,83
126,74,250,Shia001187Vols,6845,579,754,135,92
126,1004,1235,Shia000374Vols,1649,170,399,159,84
126,83,261,Shia000163VolsBK2,3658,443,634,135,80
126,109,250,Shia000163VolsBK2,3663,1,137,108,94
126,9,983,Shia000317Vols,5498,597,1475,375,37
126,979,1235,Shia000317Vols,5499,12,271,184,89
126,706,1251,Shia000317Vols,5612,922,1430,372,84
126,83,336,Shia000317Vols,7385,8,346,163,59
126,706,1093,Shia000317Vols,7717,1118,1475,267,83
126,1093,1275,Shia000317Vols,7718,1,184,111,76
126,70,250,Shia000317Vols,13354,1178,1378,136,83
126,74,250,Shia001157Vols,775,551,726,135,92
126,74,250,Shia001122Vols,399,967,1147,139,95
126,474,1503,Shia001122Vols,401,1,1249,750,72
126,74,250,Shia001122Vols,2246,239,415,133,91
126,634,1189,Shia000234Vols,5036,924,1458,356,78
126,74,250,Shia000234Vols,5037,113,293,139,95
126,9,706,Shia000234Vols,5038,233,674,289,48
126,74,250,Shia000234Vols,7090,123,303,139,95
126,74,217,Shia002335Vols,321,1340,1488,115,95
126,706,1275,Shia001615Vols,3483,832,1349,374,80
127,753,1024,Shia001140Vols,149,115,382,188,86
127,1029,1538,Shia002759,422,777,1299,388,88
127,1029,1346,Shia002406Vols,3228,723,1044,250,96
127,753,1029,Shia002406Vols,5439,554,834,203,91
127,155,327,Shia001137,231,381,549,131,90
127,1029,1271,Shia001172,158,272,675,162,48
127,1029,1538,Shia001172,163,7,489,379,91
127,1029,1538,Shia001172,171,395,898,367,85
127,753,1032,Shia003744Vols,233,1084,1406,199,78
127,1349,1538,Shia003744Vols,234,389,575,142,88
127,339,789,Shia003744Vols,381,454,948,304,70
127,756,1096,Shia003749,32,1039,1380,201,68
127,155,327,Shia001149Vols,304,756,934,131,85
127,155,334,Shia001174Vols,2105,44,229,137,86
127,830,1024,Shia001174Vols,2127,1,212,141,83
127,1029,1271,Shia001174Vols,2506,791,1172,144,45
127,1029,1516,Shia001174Vols,2512,1110,1580,376,95
127,1349,1538,Shia001417,151,163,335,136,87
127,842,1538,Shia002382Vols,1184,1062,1397,192,31
127,1029,1538,Shia002389Vols,922,407,913,387,91
127,753,1024,Shia002389Vols,1770,201,470,199,91
127,795,1491,Shia002389Vols,1770,775,1448,402,66
127,372,748,Shia002389Vols,2515,831,1236,274,80
127,817,1024,Shia002389Vols,2665,1,208,148,87
127,1129,1271,Shia002389Vols,2848,154,300,92,70
127,339,748,Shia001544Vols,366,971,1407,298,80
127,753,1032,Shia001432Vols,4869,880,1172,198,85
127,753,1096,Shia001432Vols,4937,550,1082,220,51
127,372,756,Shia001432Vols,9867,1069,1483,279,79
127,753,1024,Shia001432Vols,9981,41,353,200,80
127,753,1060,Shia001432Vols,10549,1022,1352,212,80
127,1029,1538,Shia001432Vols,10550,26,543,389,91
127,372,637,Shia001432Vols,10596,1265,1541,185,78
127,372,580,Shia001432Vols,20291,1398,1604,147,82
127,155,327,Shia001432Vols,20518,167,345,131,85
127,1129,1271,Shia001432Vols,22689,135,282,94,72
127,1029,1538,Shia001432Vols,22705,732,1224,393,95
127,372,603,Shia001432Vols,22994,1284,1510,163,84
127,163,444,Shia001432Vols,31807,695,997,135,41
127,155,364,Shia001432Vols,31827,143,340,146,79
127,753,1032,Shia002337Vols,439,1004,1314,194,77
127,489,748,Shia002337Vols,610,1,283,196,83
127,155,327,Shia001187Vols,2667,831,996,130,90
127,1029,1538,Shia001423Vols,28,705,1197,393,95
127,753,1201,Shia001117,70,922,1449,333,79
127,519,789,Shia001117,70,1,340,176,61
127,1201,1538,Shia001117,71,6,350,250,87
127,1029,1538,Shia004030Vols,85,737,1228,393,95
127,155,334,Shia001122Vols,402,31,217,137,85
127,753,1024,Shia001122Vols,408,185,473,196,85
127,1029,1271,Shia001122Vols,554,609,1000,152,46
127,1029,1346,Shia001122Vols,555,1203,1520,255,99
127,1346,1538,Shia001122Vols,556,1,176,138,87
127,155,327,Shia000234Vols,5037,1245,1423,131,85
127,180,327,Shia000298Vols,2226,677,814,112,93
127,753,1024,Shia001615Vols,2396,166,451,200,87
127,372,748,Shia001615Vols,3225,109,509,275,80
127,1029,1271,Shia001418Vols,191,1266,1498,186,95
128,1,272,Shia002759,422,1299,1566,203,88
128,285,753,Shia002759,423,27,466,268,59
128,1,589,Shia001172,171,898,1455,434,90
128,1,332,Shia003744Vols,234,575,909,236,82
128,1233,1520,Shia001431,89,1110,1375,178,73
128,349,562,Shia001174Vols,2506,1169,1390,150,74
128,1,571,Shia001174Vols,2513,23,575,421,87
128,1,349,Shia001417,151,335,670,256,89
128,1,163,Shia002382Vols,1184,1397,1567,128,90
128,163,349,Shia002382Vols,1185,1,179,128,82
128,1,579,Shia002389Vols,922,913,1489,424,85
128,1,571,Shia002389Vols,1771,48,601,424,88
128,349,562,Shia002389Vols,2848,297,520,153,75
128,1,332,Shia004053Vols,66,346,656,233,87
128,349,562,Shia001432Vols,1368,11,234,153,75
128,1241,1520,Shia001432Vols,10424,112,377,184,77
128,1,631,Shia001432Vols,10550,543,1165,443,79
128,724,922,Shia001432Vols,10551,418,722,133,52
128,349,562,Shia001432Vols,22689,279,501,152,75
128,1,349,Shia001432Vols,22705,1224,1549,252,91
128,349,601,Shia001432Vols,22706,1,239,183,86
128,349,562,Shia001115Vols,255,17,223,151,82
128,1,327,Shia001423Vols,28,1197,1513,235,87
128,327,583,Shia001423Vols,29,1,249,190,86
128,1233,1520,Shia001423Vols,1010,950,1230,193,78
128,1,631,Shia001117,71,350,970,441,79
128,724,982,Shia001117,73,89,742,139,25
128,1233,1520,Shia001117,160,1068,1327,177,73
128,1,262,Shia004030Vols,85,1228,1486,198,89
128,267,571,Shia004030Vols,86,1,294,221,86
128,349,562,Shia001122Vols,554,997,1220,152,75
128,1,631,Shia001122Vols,556,176,864,451,77
129,327,716,Shia002406Vols,4641,896,1310,190,44
129,847,1259,Shia001137,534,914,1425,169,30
129,847,1306,Shia001137,537,811,1393,238,41
129,1065,1461,Shia001137,539,88,485,170,39
129,847,1241,Shia001300,243,680,1170,209,45
129,327,570,Shia001300,261,88,346,166,78
129,359,556,Shia001431,60,1,205,129,75
129,46,317,Shia001431,90,1,282,194,82
129,847,1060,Shia001431,99,938,1136,136,76
129,843,1442,Shia003754Vols,114,32,612,239,39
129,327,519,Shia002382Vols,1003,1358,1554,119,74
129,573,905,Shia002382Vols,1790,141,659,184,43
129,573,828,Shia002382Vols,2372,1218,1555,150,52
129,327,667,Shia002389Vols,1400,321,663,178,66
129,573,818,Shia002389Vols,2916,1140,1443,132,52
129,639,847,Shia001432Vols,7243,26,241,150,84
129,327,667,Shia001432Vols,9808,560,902,189,69
129,639,843,Shia001432Vols,10279,64,245,131,75
129,639,1172,Shia001432Vols,10348,350,978,233,34
129,25,317,Shia001432Vols,10424,381,705,219,82
129,847,1461,Shia001432Vols,15285,205,704,260,42
129,861,1065,Shia001432Vols,15294,339,547,141,82
129,650,905,Tafsir04042,2184,1261,1522,147,66
129,25,304,Shia001423Vols,1010,1234,1532,203,81
129,359,519,Shia002380Vols,421,1111,1273,111,86
129,583,843,Shia002380Vols,797,660,859,119,58
129,646,1246,Shia004092Vols,2799,693,1390,217,33
129,90,317,Shia001117,161,1,248,157,74
129,1109,1379,Shia001117,287,1,580,137,27
129,327,570,Shia001117,325,719,964,166,83
129,351,570,Shia004050,249,1346,1560,148,80
129,639,847,Shia004030Vols,1646,481,694,146,81
129,847,1266,Shia004030Vols,1742,459,919,202,40
129,639,843,Shamela0096337,206,932,1133,122,67
129,639,843,Shia001615Vols,2714,747,952,127,70
130,272,414,Shia001137,537,1,145,107,92
130,1,414,Shia001137,539,509,1206,255,43
130,603,819,Shia001172,39,1368,1587,168,98
130,1,236,Shia003744Vols,72,375,716,135,49
130,538,1185,Shia001149Vols,565,908,1552,486,88
130,1185,1586,Shia001149Vols,566,1,407,336,97
130,1068,1318,Shia001237Vols,2570,1411,1675,198,84
130,1318,1586,Shia001237Vols,2571,1,315,192,69
130,607,1586,Shia001161Vols,1692,453,1453,770,91
130,1129,1555,Zaydiyya0000161,1,693,918,164,44
130,1,236,Shia001174Vols,1577,1067,1395,137,52
130,603,835,Shia001389,61,90,324,181,98
130,1,236,Shia001544Vols,62,1152,1495,138,49
130,607,885,Shia004029,135,425,616,151,67
130,174,424,Shia001432Vols,9326,352,596,183,90
130,1068,1367,Shia001432Vols,33169,1131,1335,148,59
130,658,1586,Shia001432Vols,33872,188,1154,741,91
130,1068,1303,Shia001432Vols,33887,1530,1778,196,93
130,1310,1586,Shia001432Vols,33888,7,327,210,78
130,1,236,Shia002394Vols,517,970,1310,134,48
130,607,1113,Shia001187Vols,4072,749,1228,332,75
130,607,1586,Shia004092Vols,12627,188,1196,785,93
130,607,1586,Shia001142Vols,260,482,1469,762,91
130,1068,1253,Shia001357,23,1440,1588,119,76
130,607,788,Shia001357,255,1376,1554,134,95
130,788,1586,Shia001357,256,1,816,644,93
130,174,532,Shia001117,282,553,944,206,58
130,641,855,Shia002984Vols,2624,843,1090,107,45
130,658,847,Shia001554,3,740,940,142,87
130,1068,1586,Shia001554,5,906,1427,434,98
130,607,1068,Shia001554,11,528,1072,302,62
130,1160,1586,Shia001554,14,1,430,357,98
130,641,1586,Zaydiyya0000236,497,90,1292,685,64
130,1,236,Shia001122Vols,222,381,722,135,49
131,1,1423,Shia001149Vols,566,407,1825,1147,94
131,1423,1790,Shia001149Vols,567,1,367,301,99
131,13,151,Shia001237Vols,2562,441,564,100,89
131,1,776,Shia001237Vols,2571,331,1212,574,73
131,776,1535,Shia001237Vols,2572,779,1786,578,66
131,1500,1790,Shia001237Vols,2573,7,335,227,81
131,1,202,Shia001161Vols,1692,1453,1639,151,92
131,213,1790,Shia001161Vols,1693,11,1589,1286,96
131,767,1650,Shia000003,1,1021,1616,387,52
131,1296,1561,Shia001432Vols,33330,1209,1359,105,47
131,13,151,Shia001432Vols,33762,1433,1556,100,89
131,1,555,Shia001432Vols,33872,1154,1696,445,96
131,555,1790,Shia001432Vols,33873,1,1249,1017,97
131,1,776,Shia001432Vols,33888,327,1210,516,61
131,776,1423,Shia001432Vols,33889,869,1798,504,63
131,1423,1790,Shia001432Vols,33890,1,472,287,72
131,534,787,Shia001432Vols,33912,277,536,191,92
131,1,491,Shia004092Vols,12627,1196,1671,387,94
131,491,1790,Shia004092Vols,12628,1,1340,1057,94
131,1,202,Shia001142Vols,260,1469,1642,137,81
131,202,1790,Shia001142Vols,261,1,1599,1292,95
131,1296,1561,Shia001357,119,1459,1609,105,47
131,1,928,Shia001357,256,832,1759,738,92
131,928,1790,Shia001357,257,1,877,715,98
131,534,787,Shia001357,271,289,548,191,92
131,1,380,Shia001554,5,1427,1803,300,92
131,380,1790,Shia001554,6,1,1455,1158,94
131,1,1385,Shia001554,14,430,1835,1125,94
131,1413,1790,Shia001554,15,1,378,309,99
131,1,391,Zaydiyya0000236,497,1292,1667,309,95
131,391,1790,Zaydiyya0000236,498,1,1412,1151,97
132,1,1316,Shia001149Vols,567,367,1656,1047,97
132,1316,1613,Shia001149Vols,568,1,287,227,95
132,1,1025,Shia001237Vols,2573,335,1532,772,76
132,1020,1613,Shia001237Vols,2574,617,1287,461,83
132,1,203,Shia001161Vols,1693,1589,1806,168,93
132,210,1613,Shia001161Vols,1694,4,1370,1094,96
132,1,508,Shia001432Vols,33873,1249,1765,416,97
132,508,1613,Shia001432Vols,33874,1,1092,869,96
132,1,1025,Shia001432Vols,33890,472,1599,729,75
132,1020,1613,Shia001432Vols,33891,729,1404,444,79
132,1,450,Shia004092Vols,12628,1340,1789,373,100
132,450,1613,Shia004092Vols,12629,1,1153,919,97
132,1,210,Shia001142Vols,261,1599,1807,173,99
132,214,1613,Shia001142Vols,262,1,1363,1081,93
132,43,210,Shia001357,119,1609,1760,106,72
132,1,847,Shia001357,257,877,1704,653,92
132,847,1613,Shia001357,258,1,750,598,96
132,1,343,Shia001554,6,1455,1782,268,95
132,343,1613,Shia001554,7,1,1263,1001,96
132,1,1277,Shia001554,15,378,1663,1030,97
132,1277,1613,Shia001554,16,1,329,249,89
132,1,396,Zaydiyya0000236,498,1412,1791,313,95
132,396,1613,Zaydiyya0000236,499,1,1197,961,97
132,964,1170,Shia000234Vols,6863,381,598,120,54
133,305,1321,Shia001172,40,105,394,222,26
133,1,1354,Shia001149Vols,568,287,1657,1095,96
133,1364,1666,Shia001149Vols,569,1,301,239,99
133,1,305,Shia001237Vols,2574,1287,1610,247,93
133,305,1666,Shia001237Vols,2575,12,1539,1084,86
133,1,238,Shia001161Vols,1694,1370,1601,190,97
133,243,1666,Shia001161Vols,1695,5,1435,1145,96
133,305,1321,Shia001389,61,417,705,225,26
133,1167,1321,Shia004053Vols,740,706,858,125,98
133,1028,1321,Shia004029,135,637,838,157,65
133,76,1321,Shia004029,172,1039,1473,332,32
133,1167,1321,Shia001432Vols,19326,382,532,123,97
133,1,488,Shia001432Vols,33874,1092,1594,395,94
133,492,1666,Shia001432Vols,33875,1,1189,946,96
133,36,1434,Shia001432Vols,33892,46,1682,955,64
133,1420,1629,Shia001432Vols,33893,1,228,144,73
133,1,484,Shia004092Vols,12629,1153,1587,338,82
133,484,1666,Shia004092Vols,12630,1,1193,922,92
133,1,259,Shia001142Vols,262,1363,1616,205,96
133,259,1666,Shia001142Vols,263,1,1433,1123,94
133,223,626,Shia001305,77,864,1006,85,23
133,1,898,Shia001357,258,750,1657,715,93
133,898,1666,Shia001357,259,1,767,612,96
133,1,346,Shia001554,7,1263,1613,278,95
133,346,1666,Shia001554,8,1,1339,1054,95
133,1,1374,Shia001554,16,329,1647,1031,87
133,1374,1666,Shia001554,17,1,308,228,93
133,1,417,Zaydiyya0000236,499,1197,1618,338,96
133,417,1666,Zaydiyya0000236,500,1,1256,1005,96
134,321,570,Shia003445,69,830,1038,165,79
134,1,1393,Shia001149Vols,569,301,1673,1128,98
134,1393,1680,Shia001149Vols,570,1,288,230,100
134,111,1566,Shia001237Vols,2576,74,1709,1174,86
134,1566,1680,Shia001237Vols,2577,1,143,85,76
134,1,218,Shia001161Vols,1695,1435,1652,175,99
134,218,1680,Shia001161Vols,1696,1,1462,1194,98
134,1,497,Shia001432Vols,33875,1189,1666,390,95
134,497,1680,Shia001432Vols,33876,1,1192,969,99
134,84,1339,Shia001432Vols,33893,380,1611,892,78
134,379,510,Shia003752Vols,788,321,452,110,100
134,1,497,Shia004092Vols,12630,1193,1677,390,95
134,497,1680,Shia004092Vols,12631,1,1189,942,94
134,1,225,Shia001142Vols,263,1433,1654,178,98
134,225,1680,Shia001142Vols,264,1,1442,1150,93
134,1,993,Shia001357,259,767,1669,742,90
134,993,1680,Shia001357,260,1,690,559,99
134,1,310,Shia001554,8,1339,1634,223,88
134,310,1680,Shia001554,9,1,1373,1118,98
134,1,1438,Shia001554,17,308,1664,1112,93
134,1438,1680,Shia001554,18,1,243,195,100
134,1,411,Zaydiyya0000236,500,1256,1655,314,90
134,411,1680,Zaydiyya0000236,501,1,1270,1040,99
135,1,1404,Shia001149Vols,570,288,1688,1096,90
135,1,170,Shia001237Vols,2577,143,337,141,87
135,1,282,Shia001161Vols,1696,1462,1703,188,80
135,285,1404,Shia001161Vols,1697,5,1117,868,89
135,222,625,Shia004029,135,932,1111,133,40
135,229,625,Shia004029,173,37,221,141,43
135,272,1062,Shia001432Vols,33339,439,1259,501,64
135,259,895,Shia001432Vols,33784,114,705,155,24
135,1,449,Shia001432Vols,33876,1192,1653,347,89
135,449,1428,Shia001432Vols,33877,1,1014,771,87
135,259,521,Shia001432Vols,33895,1193,1552,158,48
135,1,454,Shia004092Vols,12631,1189,1663,320,78
135,454,1527,Shia004092Vols,12632,1,1128,806,82
135,1,340,Shia001142Vols,264,1442,1708,209,73
135,277,1428,Shia001142Vols,265,1,1137,874,86
135,161,670,Shia001357,154,974,1552,299,54
135,676,1365,Shia001357,155,1,791,433,59
135,1,1124,Shia001357,260,690,1696,793,84
135,1124,1404,Shia001357,261,1,282,233,98
135,359,1404,Shia001357,275,1,1010,793,88
135,1,238,Shia001554,9,1373,1617,182,87
135,1,229,Shia001554,18,243,476,180,88
135,222,1404,Shia001386,82,8,1216,889,83
135,1,229,Zaydiyya0000236,501,1270,1505,182,89
136,59,406,Shia003704,607,968,1369,154,38
136,34,232,Shia001137,257,81,294,147,83
136,325,650,Shia003744Vols,451,1,432,195,54
136,585,891,Shia003744Vols,477,282,714,213,60
136,1182,1480,Shia003744Vols,590,492,800,207,77
136,34,406,Shia003429,34,351,801,167,36
136,1182,1417,Shia001421Vols,477,1157,1421,156,67
136,59,232,Shia001332,80,741,919,130,87
136,251,580,Shia001432Vols,7861,6,316,232,89
136,245,585,Shia001432Vols,7958,243,540,213,77
136,1182,1480,Shia001432Vols,9321,1069,1363,195,76
136,585,1015,Shia001432Vols,9741,30,614,238,45
136,1182,1480,Shia001432Vols,9908,920,1228,207,77
136,34,272,Shia001432Vols,10615,868,1128,163,75
136,631,891,Shia001432Vols,10622,1,311,173,67
136,1123,1480,Shia001432Vols,12282,1,333,215,69
136,526,891,Shia001432Vols,13856,423,922,229,54
136,1182,1480,Shia001432Vols,22973,405,710,199,75
136,59,237,Shia001423Vols,500,438,948,100,22
136,585,891,Shia001423Vols,533,88,526,216,60
136,251,788,Shia001423Vols,546,602,1100,256,47
136,59,406,Shia001423Vols,851,826,1190,152,38
136,251,538,Shamela0036091,101,1084,1319,154,69
136,34,232,Shia003752Vols,801,1229,1446,149,85
136,34,232,Shia004092Vols,1294,265,497,135,68
136,1182,1480,Shia004030Vols,1108,84,392,207,77
136,585,891,Shia004030Vols,2205,901,1309,204,59
136,370,538,Shamela0096337,194,1,167,114,85
136,659,936,Shia001615Vols,3229,1207,1461,118,42
137,165,589,Shia001137,485,1027,1485,310,81
137,589,1150,Shia001137,486,1,642,438,85
137,165,777,Shia001171,130,924,1539,444,86
137,777,1221,Shia001171,131,1,475,313,75
137,515,972,Shia001349Vols,838,1113,1517,300,78
137,1,161,Shia001421Vols,478,55,228,118,84
137,197,508,Shia001417,167,1049,1377,234,89
137,286,1150,Shia001432Vols,2079,1,875,523,62
137,515,1221,Shia001432Vols,2080,11,894,514,72
137,1,129,Shia001432Vols,9321,1363,1488,94,91
137,1154,1523,Shia001432Vols,10600,518,1126,259,50
137,1174,1532,Shia001432Vols,10712,874,1224,246,76
137,1157,1532,Shia001432Vols,14309,159,515,252,74
137,515,1231,Shia001432Vols,15053,486,1017,358,60
137,1,156,Shia001432Vols,22973,710,875,117,86
137,1,174,Shia002339,374,254,463,123,72
137,515,982,Shia004664,333,1051,1470,312,80
137,165,1226,Shia001382,20,48,1339,797,76
137,165,1150,Shia001134,590,47,1084,610,63
137,165,425,Zaydiyya0000288,123,432,719,88,30
137,1,156,Shia002333,188,168,336,117,85
137,1154,1523,Shia004012,24,959,1554,245,47
137,1,156,Shia004030Vols,1108,392,560,118,86
137,165,766,Shia004030Vols,1628,855,1434,395,74
137,770,1162,Shia004030Vols,1629,1,413,219,56
137,1192,1532,Shia003707Vols,417,1,330,227,73
137,1202,1532,Shia001615Vols,1706,1,356,218,66
138,791,949,Shia001186,372,1,169,118,90
138,770,946,Zaydiyya0000256,506,564,755,136,91
138,946,1107,Shia001300,282,301,476,113,80
138,320,658,Shia001431,74,316,558,154,52
138,946,1107,Shia001431,123,1256,1443,113,75
138,946,1107,Shia001431,124,109,271,109,78
138,770,946,Shia001174Vols,1215,574,764,134,90
138,775,1051,Shia001276,199,440,672,140,60
138,271,505,Shia001432Vols,10055,710,933,175,93
138,544,658,Shia001432Vols,10056,27,148,92,93
138,770,1441,Shia001432Vols,10321,44,609,298,48
138,1193,1418,Shia001432Vols,10435,1,213,157,86
138,271,765,Shia001432Vols,10436,640,1077,308,78
138,770,965,Shia001432Vols,10525,355,570,136,82
138,1,284,Shia001432Vols,10712,1245,1536,189,81
138,1,213,Shia001432Vols,14309,537,748,165,96
138,775,1027,Shia001432Vols,17289,1292,1519,156,76
138,320,658,Shia001432Vols,20800,1136,1365,162,57
138,356,651,Shia001423Vols,958,19,219,148,59
138,770,1177,Shia001344Vols,171,514,968,250,64
138,770,957,Shia001117,63,150,350,136,88
138,320,658,Shia001117,397,626,855,162,57
138,320,505,Shia001117,397,1,187,146,98
138,770,1006,Shia002984Vols,517,1012,1410,175,56
138,14,213,Shia004012,25,1,212,142,80
138,770,965,Shia001122Vols,139,620,826,139,86
138,1,213,Shia003707Vols,417,352,563,165,96
138,320,658,Shia002335Vols,298,282,511,161,57
138,1119,1418,Shia001615Vols,2345,1187,1495,202,75
139,262,1039,Shia001334,605,1,786,532,74
139,1039,1284,Shia001186,369,1191,1455,162,72
139,1147,1284,Shia001186,370,118,520,110,32
139,1378,1570,Shia001552,4,1193,1420,145,80
139,336,1039,Shia001349Vols,1171,771,1470,435,65
139,1165,1413,Shia001174Vols,1210,1,257,172,81
139,215,1018,Shia003754Vols,35,461,1371,560,72
139,215,1018,Shia003754Vols,649,133,942,511,68
139,267,1062,Shia001276,197,1,331,196,28
139,212,1059,Shia001146,201,66,978,579,72
139,1026,1373,Shia001136,105,692,1036,263,90
139,257,914,Shia004023,57,1,680,265,37
139,1026,1262,Shia001432Vols,9858,1220,1452,180,90
139,1378,1570,Shia001432Vols,10027,319,510,142,94
139,1,207,Shia001432Vols,10321,449,641,143,88
139,212,880,Shia001432Vols,10526,861,1574,489,78
139,212,914,Shia001432Vols,10534,922,1644,292,39
139,1026,1373,Shia003026Vols,775,600,926,260,91
139,212,1023,Shia003026Vols,1250,1032,1470,229,31
139,212,1018,Shia004092Vols,12742,181,1038,547,71
139,212,505,Shia001117,64,1151,1479,214,77
139,505,1067,Shia001117,65,1,628,398,73
139,1026,1207,Shia002984Vols,2731,563,743,139,90
139,1026,1297,Shia001542Vols,290,1128,1395,210,92
139,464,1023,Shia004030Vols,97,1,589,410,79
139,212,1018,Shia004030Vols,129,198,1053,568,75
139,292,1018,Shia004030Vols,832,5,794,516,74
139,212,926,Shia004030Vols,837,817,1583,523,79
139,212,655,Shia004030Vols,1155,1052,1538,308,72
139,650,1018,Shia004030Vols,1156,1,376,279,86
139,224,573,Shia004030Vols,1158,1087,1457,252,78
139,568,1067,Shia004030Vols,1159,10,585,350,71
139,1026,1425,Shia001122Vols,138,722,1166,277,71
140,730,990,Shia001174Vols,1210,7,208,143,64
140,1105,1570,Shia001361,8,1,437,310,83
140,610,990,Shia001136,105,705,1036,229,70
140,610,786,Shia001432Vols,9858,1233,1420,134,87
140,4,1084,Shia001432Vols,10027,510,1539,828,93
140,1089,1373,Shia001432Vols,10897,1255,1546,213,91
140,1373,1570,Shia001432Vols,10898,1,171,127,78
140,1089,1570,Shia001432Vols,10930,299,774,373,98
140,610,990,Shia003026Vols,775,613,926,221,67
140,1089,1570,Shia003692,234,897,1340,312,80
140,1089,1570,Shia003752Vols,662,942,1409,337,84
140,610,766,Shia002984Vols,2731,576,743,118,85
140,1089,1570,Shia001134,122,236,680,337,88
140,610,908,Shia001542Vols,290,1141,1395,177,69
140,1089,1570,Shia004030Vols,167,727,1185,333,84
140,466,990,Shia001122Vols,138,290,1041,285,41
141,119,1063,Shia001334,101,112,1171,668,76
141,1071,1431,Shia001334,181,209,579,250,76
141,119,1097,Shia003704,83,129,1083,517,56
141,1071,1431,Shia001299,110,942,1316,250,76
141,119,827,Shia001341,70,698,1382,394,60
141,119,802,Shia001361,5,578,1379,441,64
141,802,1171,Shia001361,6,1,430,217,61
141,119,705,Shia001361,173,754,1397,297,49
141,1071,1404,Shia001432Vols,2256,471,816,232,75
141,119,500,Shia001432Vols,7160,1057,1422,269,86
141,423,1171,Shia001432Vols,7161,12,773,445,68
141,119,547,Shia001432Vols,10780,130,542,290,83
141,1,635,Shia001432Vols,10930,774,1443,425,72
141,635,1068,Shia001432Vols,10931,1,475,315,83
141,1071,1431,Shia001432Vols,14675,720,1072,248,79
141,1071,1431,Shia001432Vols,14693,29,380,234,71
141,125,1063,Shia001432Vols,14696,5,1044,643,72
141,1085,1431,Shia001432Vols,14853,1019,1309,220,79
141,119,734,Shia001432Vols,15006,657,1408,417,67
141,740,1171,Shia001432Vols,15007,1,495,250,57
141,1059,1284,Zaydiyya0000265,1313,445,770,102,34
141,174,1063,Shia003692,55,1,1036,644,76
141,1071,1431,Shia003692,129,171,523,246,78
141,119,991,Shia001423Vols,315,385,1379,617,74
141,1085,1431,Shia001366,43,807,1170,225,68
141,1090,1431,Zaydiyya0000199,176,128,400,188,64
141,1085,1431,Shia003996Vols,522,49,359,232,82
141,119,1063,Shia004030Vols,253,142,1205,673,77
141,629,900,Shia004030Vols,606,1001,1155,85,36
141,1071,1431,Shia004030Vols,607,833,1152,233,77
141,119,487,Shia004030Vols,1513,1093,1449,266,89
141,1071,1431,Shia004030Vols,1636,688,1058,249,76
141,119,1063,Shia004030Vols,1731,261,1307,678,79
141,119,500,Shia003707Vols,347,1071,1442,280,90
141,423,1243,Shia003707Vols,348,19,838,455,61
141,1071,1223,Shia003707Vols,357,1279,1423,111,92
141,388,1176,Shia001360,123,31,934,387,45
141,388,831,Sham19Y0018315,112,82,360,106,27
141,393,831,JK005005,386,913,1172,89,23
141,119,895,Shia003712,158,479,1404,578,77
142,111,562,Shia003704,195,813,1283,272,69
142,1011,1531,Shia001421Vols,242,1,450,284,65
142,863,1531,Shia001432Vols,10028,23,714,507,90
142,111,520,Shia001432Vols,10379,368,783,290,80
142,651,804,Shia001432Vols,10395,1,154,123,98
142,863,1531,Shia001432Vols,16108,43,906,481,66
142,926,1531,JK005004,424,944,1335,193,38
142,673,1531,Shia003757,142,201,1000,491,60
142,855,1531,Shia003752Vols,348,17,761,506,83
142,863,1531,Shia004092Vols,3503,1,489,217,37
142,111,569,Shia002984Vols,1186,407,829,296,78
142,894,1531,Shia001392Vols,174,815,1226,261,49
142,863,1531,Shia003707Vols,415,112,945,475,67
142,884,1457,Shia001615Vols,823,366,873,316,59
143,456,605,Shia001140Vols,208,1195,1321,93,75
143,649,1554,Shia001140Vols,209,33,1137,665,72
143,1210,1554,Shia003704,371,13,384,251,80
143,1237,1554,Shia003711,149,288,587,228,84
143,1237,1428,Shia001287,57,1254,1456,143,81
143,1428,1554,Shia001287,58,1,124,96,94
143,1210,1554,Shia001417,169,103,439,241,82
143,623,1191,Shia001417,174,116,664,377,77
143,1210,1554,Shia001121,83,617,981,254,84
143,649,1191,Shia001432Vols,2126,484,1019,398,88
143,1210,1443,Shia001432Vols,16068,1276,1533,171,80
143,456,646,Shia001432Vols,16070,1084,1268,115,71
143,649,1283,Shia001432Vols,16071,349,1067,455,75
143,456,1248,Shia003757,70,358,1154,520,75
143,1234,1554,Shia003757,77,1041,1382,229,78
143,1234,1554,Shia003752Vols,107,991,1326,246,87
143,649,1283,Shia003752Vols,162,98,764,439,77
143,456,1554,Shia003707Vols,422,217,1518,777,70
144,364,650,Zaydiyya0000142,777,361,578,122,55
144,450,619,Zaydiyya0000142,2413,574,695,81,60
144,426,723,Shia003727Vols,162,652,932,177,71
144,269,704,Shia001432Vols,16110,547,954,222,59
144,426,642,Shia001432Vols,16136,1213,1425,166,97
144,658,1204,Shia001432Vols,16178,905,1503,382,74
144,1204,1344,Shia001432Vols,16179,1,132,97,89
144,364,685,Shia003757,39,722,1002,151,56
144,353,642,Shia003757,101,72,354,172,72
144,655,1427,Shia003697,250,681,1427,436,62
144,658,1344,Shia001423Vols,531,636,1405,473,73
144,655,1344,Shia004456Vols,1075,552,1263,440,70
144,364,876,Shia003752Vols,682,127,592,175,33
144,450,728,Shia003752Vols,736,795,1091,166,69
144,655,1344,Shia004092Vols,2441,422,1041,379,62
144,513,642,Shia004092Vols,3923,1,156,98,81
144,426,642,Shia004092Vols,6857,597,811,141,77
144,454,723,Shia004092Vols,12169,1,344,140,49
144,694,1344,Shia001290,17,1,786,460,69
144,426,723,Shia001551,205,380,681,185,76
144,658,1208,Shia003707Vols,321,848,1477,382,71
144,281,728,Shia003707Vols,425,411,849,239,58
144,66,281,Shia003707Vols,430,172,459,143,61
145,197,1502,Shia001171,173,1,1481,780,59
145,1011,1415,Shia001417,164,1297,1489,127,38
145,277,1415,Shia001286,49,1,1257,522,43
145,54,860,Shia001432Vols,3512,309,1209,454,56
145,32,431,Shia001432Vols,16157,1006,1387,224,64
145,450,1522,Shia001432Vols,16158,12,1235,640,57
145,32,813,Shia002339,280,446,1420,497,58
145,820,1320,Shia002339,281,1,733,291,47
145,54,868,Shia001423Vols,486,554,1491,474,58
145,878,1402,Shia001423Vols,487,38,791,262,39
145,32,1292,Shia001142Vols,445,291,1489,850,78
145,105,1415,Shia001134,508,18,1492,787,59
146,963,1423,Shia002406Vols,4849,1042,1486,218,48
146,941,1423,Shia003704,81,769,1150,261,63
146,23,538,Shia001171,174,1,561,367,77
146,650,1188,Shia001171,175,500,1048,243,42
146,1084,1450,Shia001349Vols,929,988,1340,138,39
146,197,591,Shia001349Vols,944,971,1231,162,51
146,650,984,Shamela0001001,27,729,1105,164,47
146,1,188,Shia001417,165,151,353,147,88
146,647,958,Shia001417,171,1025,1301,206,81
146,650,970,Shia001417,209,193,500,233,90
146,1226,1423,Shia002389Vols,1327,1,236,129,66
146,591,970,Zaydiyya0000328,248,1132,1558,221,54
146,1000,1418,Shia001432Vols,2193,615,1056,211,51
146,963,1389,Shia001432Vols,2213,848,1293,264,64
146,937,1298,Shia001432Vols,7872,1162,1491,225,74
146,963,1423,Shia001432Vols,7915,727,1248,231,46
146,963,1352,Shia001432Vols,16062,243,604,209,57
146,979,1450,Shia001432Vols,16098,1115,1522,160,34
146,1,251,Shia001432Vols,16158,1235,1548,198,77
146,256,538,Shia001432Vols,16159,1,272,189,81
146,794,1153,Shia001432Vols,16161,1,371,162,40
146,201,679,Shia001432Vols,16168,211,540,206,54
146,650,991,Shia001432Vols,16179,1118,1482,238,77
146,4,419,Shia002339,281,941,1488,289,64
146,419,684,Shia002339,282,1,597,179,37
146,586,1094,Zaydiyya0000052,312,9,516,250,50
146,650,958,Shia003697,252,225,525,231,91
146,963,1444,Shia003752Vols,185,209,721,253,51
146,650,918,Shia004092Vols,2441,1148,1444,121,40
146,650,958,Shia004092Vols,2443,681,988,214,79
146,650,958,Shia004092Vols,4028,170,442,213,86
146,750,958,Shia001142Vols,25,1,205,162,95
146,1,601,Shia001142Vols,446,175,777,449,89
146,1,538,Shia001134,509,148,723,388,80
146,205,505,Shia003636Vols,881,1386,1492,85,35
146,205,505,Shia003636Vols,1110,1378,1484,85,35
146,650,958,Shia003707Vols,322,852,1132,214,84
146,963,1389,Shia002335Vols,468,1009,1403,252,68
146,647,927,Zaydiyya0000158,138,1311,1587,197,82
147,16,1191,Shia001140Vols,213,276,1520,874,81
147,754,1343,Shia001552,89,194,923,275,36
147,19,1200,Shia001336,39,1,1335,758,62
147,142,531,Shia002389Vols,605,30,320,195,61
147,142,1229,Shia002389Vols,1495,332,1402,812,88
147,302,534,Shia002389Vols,1564,90,316,173,88
147,1,134,Shia001286,87,1191,1315,101,93
147,139,1209,Shia001286,88,50,936,633,68
147,641,1185,Shia001432Vols,2259,921,1495,414,85
147,754,1221,Shia001432Vols,2261,120,709,263,47
147,219,1221,Shia001432Vols,7904,1,1003,754,87
147,151,531,Shia001432Vols,14309,1039,1429,245,70
147,764,1284,Shia001432Vols,14310,307,1078,265,36
147,16,1028,Shia001432Vols,16061,393,1530,772,81
147,1028,1474,Shia001432Vols,16062,1,389,202,47
147,764,988,Shia001432Vols,16606,1323,1474,94,45
147,895,1196,Shia001432Vols,16607,100,352,182,69
147,151,441,Shia002339,52,1137,1457,179,65
147,441,1221,Shia002339,53,1,1193,360,30
147,142,531,Shia002394Vols,963,1035,1327,201,63
147,139,243,Shia003757,83,1513,1625,78,84
147,175,1214,Shia003757,84,1,998,747,84
147,139,803,Shia001423Vols,533,761,1523,433,62
147,803,1284,Shia001423Vols,534,1,497,297,64
147,964,1221,Shia003752Vols,94,1474,1717,195,91
147,1,1028,Shia003752Vols,185,350,1535,729,74
147,1028,1479,Shia003752Vols,186,1,379,180,37
147,151,531,Shia003707Vols,417,859,1256,253,72
147,764,1284,Shia003707Vols,418,140,931,265,35
148,10,372,Shia001334,44,1111,1490,266,85
148,372,1396,Shia001334,45,1,1186,669,64
148,1179,1461,Shia001334,240,690,925,163,68
148,13,860,Shia003704,325,793,1541,502,67
148,860,1396,Shia003704,326,1,557,312,66
148,600,839,Shia001349Vols,943,1135,1319,138,72
148,1054,1229,Shia001349Vols,948,1095,1251,112,80
148,1179,1461,JK000916,16247,1268,1473,155,70
148,1179,1461,Shia001421Vols,115,1099,1322,170,77
148,1179,1457,Shia001340,166,808,1035,155,67
148,1179,1461,Shia001287,65,110,389,192,80
148,928,1276,Shia002389Vols,345,774,1138,220,71
148,1179,1446,Zaydiyya0000328,249,1,195,148,71
148,1179,1457,Shia001432Vols,2261,827,1047,155,69
148,1179,1457,Shia001432Vols,3349,1188,1399,155,70
148,907,1461,Shia001432Vols,3357,350,1025,365,61
148,10,1027,Shia001432Vols,16149,363,1430,736,81
148,1034,1396,Shia001432Vols,16150,1,505,193,43
148,596,839,Shia001432Vols,16167,901,1120,156,76
148,1054,1229,Shia001432Vols,16172,73,229,112,80
148,928,1174,Shia002394Vols,552,817,1252,194,55
148,10,839,Shia001187Vols,5493,910,1315,233,34
148,10,539,Shia003692,306,965,1501,375,80
148,539,1244,Shia003692,307,1,771,497,76
148,274,839,Shia003757,185,333,1187,371,52
148,1054,1371,Shia003757,208,731,1066,130,35
148,1179,1461,Shia001423Vols,496,1103,1351,177,77
148,1182,1457,Shia004092Vols,8518,814,1046,162,71
148,1207,1461,Shia004092Vols,11042,318,497,137,68
148,600,839,Shia003636Vols,880,1072,1246,134,69
148,10,1003,Shia004030Vols,1512,402,1452,716,81
148,1003,1174,Shia004030Vols,1513,1,184,138,91
149,1,615,Shia001334,240,925,1551,429,76
149,906,1145,Shia001334,332,973,1222,182,88
149,634,887,Shia001140Vols,208,789,1007,156,74
149,1,629,Shia003683,46,622,1246,448,80
149,1,951,Shia003683,47,118,853,444,55
149,8,743,Shia003704,329,314,950,426,68
149,634,892,Shia001172,228,206,432,157,73
149,1150,1525,Shamela0023700,281,284,632,224,70
149,36,638,JK000916,16248,14,598,418,79
149,1,148,Shia001421Vols,115,1322,1463,107,82
149,143,634,Shia001421Vols,116,8,465,330,77
149,1,761,Shia001149Vols,764,131,998,483,63
149,143,629,Shia001237Vols,3472,1034,1536,344,78
149,1,433,Shia001340,166,1046,1537,303,69
149,433,655,Shia001340,167,1,243,140,65
149,1,951,Shia001287,65,393,1271,513,59
149,1150,1520,Zaydiyya0000142,700,970,1306,204,61
149,1150,1520,Shia003727Vols,46,1109,1452,208,60
149,1150,1520,Shia003727Vols,554,908,1343,223,57
149,1,951,Shia001286,59,23,759,444,55
149,8,761,Zaydiyya0000328,249,195,991,486,68
149,1,143,Shia001432Vols,3349,1410,1528,92,79
149,143,956,Shia001432Vols,3350,20,793,400,50
149,1,479,Shia001432Vols,3357,1025,1500,349,82
149,634,918,Shia001432Vols,16070,79,367,201,83
149,1,634,Shia001432Vols,16160,455,1061,431,76
149,906,1145,Shia001432Vols,16161,322,551,179,92
149,1117,1520,Shia001432Vols,16179,111,484,209,58
149,17,629,Shamela0026456,147,648,1320,323,53
149,1150,1525,Shamela0021477,578,435,775,210,63
149,143,542,Shia001187Vols,5389,1143,1501,269,79
149,643,1036,Shia003757,70,96,451,220,66
149,1150,1520,Shia003697,251,176,485,178,57
149,1,148,Shia001423Vols,496,1351,1498,107,82
149,148,655,Shia001423Vols,497,1,444,302,66
149,1150,1298,Shia004456Vols,4174,1392,1546,102,75
149,1150,1520,Shia004456Vols,4176,979,1373,214,59
149,1150,1520,Shia004456Vols,4178,860,1230,214,60
149,31,555,Zaydiyya0000047,68,995,1602,356,68
149,655,761,Shia003752Vols,150,387,497,84,95
149,566,956,Shia003752Vols,153,752,1202,246,64
149,1150,1520,Shia003752Vols,623,735,1075,205,60
149,1171,1525,Shia004092Vols,2444,1,311,194,62
149,17,629,Shia004092Vols,6611,624,1293,324,54
149,1,648,Shia004092Vols,6613,878,1312,262,47
149,1150,1520,Shia004092Vols,6615,677,1006,178,54
149,1150,1520,Shia004092Vols,6798,348,702,215,65
149,1,555,Shia004092Vols,8518,1057,1522,348,74
149,1150,1449,Shia004092Vols,9135,1236,1552,179,64
149,1,761,Shia004092Vols,11042,497,1198,478,71
149,148,629,Shia000089Vols,4992,617,1094,322,74
149,148,748,Zaydiyya0000288,87,316,899,372,69
149,1150,1520,Shia001290,51,640,992,202,62
149,906,1145,Shia004030Vols,1638,846,1091,184,92
149,634,951,Shia001122Vols,452,526,876,206,69
149,1277,1525,Shia003707Vols,84,5,248,180,88
149,1117,1520,Shia003707Vols,322,87,441,191,53
149,922,1525,Shia003707Vols,416,50,646,281,43
149,634,805,Shia003707Vols,421,1349,1536,126,85
149,1150,1412,Shia004525,506,1300,1549,148,61
149,158,433,Shia001615Vols,1381,170,354,138,60
150,940,1249,Shia003704,81,451,700,168,66
150,1001,1215,Shia001137,499,1085,1283,150,85
150,1,194,Shamela0023700,281,632,814,136,82
150,1061,1277,Shia003744Vols,202,1,171,117,67
150,1001,1215,Shia001432Vols,7937,875,1085,151,82
150,1220,1541,Shia001432Vols,10622,408,948,242,56
150,202,411,Shia001432Vols,16063,1001,1213,138,78
150,600,1056,Shia004456Vols,924,164,687,228,41
150,1,194,Shia003707Vols,84,248,448,142,83
150,1,426,Shia003707Vols,416,646,1102,179,35
150,202,699,Shia003707Vols,421,919,1471,335,69
150,642,914,Shia002550Vols,30,1100,1405,218,87
150,946,1270,Shia001615Vols,2154,642,926,170,61
151,610,771,Shamela0011258,171,251,415,0,0
151,458,827,Shamela0001733,3814,890,1231,86,20
151,5,444,Shia001273Vols,83,914,1312,298,81
151,614,810,Shamela0001673,431,781,978,135,83
151,614,810,Shamela0001673,1869,766,963,135,83
151,31,436,Shia003754Vols,303,54,390,206,56
151,38,506,Shia001278Vols,548,102,557,280,68
151,52,511,Shia003729Vols,70,446,856,226,54
151,31,522,Shia002389Vols,1510,449,972,333,72
151,614,827,Shamela0009242,571,718,931,141,80
151,614,827,Shia002003Vols,286,578,780,138,83
151,614,810,Shia001805,435,523,720,135,83
151,1154,1520,Shia001432Vols,1406,1139,1525,212,59
151,1,431,Shia001432Vols,2248,147,549,280,75
151,31,515,Shia001432Vols,2260,575,1088,289,59
151,1,299,Shia001432Vols,7853,1290,1579,213,81
151,441,1400,Shia001432Vols,7861,503,1450,710,89
151,31,314,Shia001432Vols,7886,1316,1616,193,68
151,1,420,Shia001432Vols,7957,1113,1515,292,81
151,31,359,Shia001432Vols,15175,1161,1507,217,65
151,1,388,Shia001432Vols,30648,994,1372,255,76
151,786,1436,Shia001432Vols,35304,272,466,113,22
151,1,491,Shia002337Vols,34,1068,1554,323,74
151,52,511,Shamela0008657,542,759,1192,219,50
151,31,506,Shia003697,215,88,475,230,56
151,31,469,Shia001423Vols,212,301,729,268,63
151,31,436,Shia004456Vols,2060,377,716,209,57
151,136,436,Shia004092Vols,7817,1,270,199,79
151,31,506,Shia004092Vols,7818,425,802,221,53
151,31,436,Shia004092Vols,11136,692,1038,211,57
151,614,771,Shamela0000137,1020,1247,1425,110,76
151,31,244,Shia001134,182,1241,1468,139,62
151,614,827,Sham19Y0001729,626,770,976,138,80
151,31,465,Shia004030Vols,578,16,446,271,64
151,52,436,Shia004030Vols,1617,853,1173,199,58
151,31,465,Shia004030Vols,2076,129,559,271,64
151,115,469,Shia004030Vols,2246,1,340,199,57
151,453,1539,Shia004030Vols,2505,8,1049,786,88
151,614,794,Sham19Y0013667,890,1288,1442,113,81
151,614,827,Sham19Y0013667,897,1072,1274,138,83
152,125,565,Shia004022,31,1192,1590,293,82
152,565,1424,Shia004022,32,1,842,593,83
152,125,428,Shia002389Vols,1499,1193,1481,196,77
152,428,1424,Shia002389Vols,1500,1,1002,712,85
152,125,1143,Shia001146,243,359,1427,742,84
152,1143,1424,Shia001146,244,1,293,200,84
152,125,623,Shia004053Vols,181,964,1463,344,81
152,627,1424,Shia004053Vols,182,13,846,587,86
152,242,1424,Shia001432Vols,18615,1,1239,868,86
152,125,1043,Shia001432Vols,19154,554,1448,682,94
152,1043,1424,Shia001432Vols,19155,1,343,257,85
152,298,468,Shia004008,88,690,849,96,67
152,130,1115,Shia001392Vols,412,803,1239,259,34
152,125,524,Shia004030Vols,427,1087,1479,268,79
152,524,1424,Shia004030Vols,428,1,894,637,84
152,125,890,Shia004030Vols,2410,709,1510,542,81
152,890,1424,Shia004030Vols,2411,1,554,397,89
152,1196,1394,Shamela0096337,193,419,603,129,81
153,1,634,Shia004022,32,842,1465,473,90
153,634,1356,Shia004022,33,1,708,440,62
153,1,438,Shia002389Vols,1500,1002,1434,319,86
153,438,1356,Shia002389Vols,1501,1,992,668,80
153,1,1227,Shia001146,244,293,1547,927,88
153,1,609,Shia004053Vols,182,846,1455,451,88
153,615,1356,Shia004053Vols,183,1,746,544,87
153,1299,1548,Shia001432Vols,10622,886,1143,190,93
153,1,190,Shia001432Vols,18615,1239,1422,133,86
153,190,1294,Shia001432Vols,18616,1,1115,839,89
153,1,1219,Shia001432Vols,19155,343,1545,932,92
153,1,561,Shia004030Vols,428,894,1452,416,90
153,561,1294,Shia004030Vols,429,1,749,528,80
153,1,970,Shia004030Vols,2411,554,1537,737,89
153,970,1294,Shia004030Vols,2412,1,338,234,84
154,418,986,Shia002406Vols,4841,898,1490,413,87
154,986,1389,Shia002406Vols,4842,7,440,302,87
154,1164,1341,Shia003704,80,1111,1279,130,92
154,371,1384,Shia001171,68,27,1020,689,81
154,1164,1425,Shia001349Vols,161,960,1164,151,72
154,406,645,Shia003744Vols,115,1232,1469,154,73
154,645,1384,Shia003744Vols,116,1,761,537,86
154,1117,1384,Shia003744Vols,117,308,562,163,69
154,376,1100,Shia004037,13,663,1447,512,80
154,1105,1384,Shia004037,14,1,258,195,88
154,406,705,Shia004037,103,1142,1451,207,80
154,705,1384,Shia004037,104,1,704,488,83
154,1117,1384,Shia004037,105,238,492,163,69
154,406,1341,Shia001417,160,183,725,376,50
154,73,491,Shia001432Vols,7862,378,896,300,70
154,406,1341,Shia001432Vols,7892,366,1342,680,85
154,1164,1425,Shia001432Vols,7933,272,477,151,72
154,1,319,Shia001432Vols,10622,1143,1465,248,95
154,406,1384,Shia001432Vols,14336,387,1394,692,83
154,1117,1384,Shia001432Vols,14337,967,1221,163,69
154,406,655,Shia001432Vols,20352,1224,1492,174,79
154,655,1105,Shia001432Vols,20353,1,439,211,46
154,406,1389,Shia004664,224,73,1094,717,86
154,895,1336,Shia004664,225,552,1027,174,33
154,406,1252,Shia001134,331,527,1426,610,83
154,1117,1384,Shia001134,332,1234,1488,162,68
154,406,676,Shia004030Vols,315,1181,1462,185,78
154,676,1384,Shia004030Vols,316,1,724,509,84
154,1117,1384,Shia004030Vols,317,283,537,162,68
154,406,613,Shia004030Vols,1150,1316,1528,136,74
154,613,1384,Shia004030Vols,1151,1,792,560,86
154,1117,1384,Shia004030Vols,1152,390,654,169,71
154,651,1384,Shia004030Vols,2080,1,737,532,87
154,1117,1384,Shia004030Vols,2081,324,578,162,68
154,411,1110,Shia001615Vols,3450,446,1112,453,77
155,8,508,Shia003704,259,997,1495,352,81
155,508,1543,Shia003704,260,1,885,622,72
155,74,1526,Shia003744Vols,550,8,1415,1037,85
155,8,503,Shia004705,37,515,985,347,83
155,53,260,Shia001174Vols,5714,1,186,142,83
155,25,196,Shia001432Vols,10025,1307,1484,136,95
155,208,1526,Shia001432Vols,10026,1,1298,944,84
155,25,186,Shia001432Vols,19654,656,823,130,96
156,281,401,Shia003683,128,203,353,70,62
156,128,427,Shia001285,211,748,929,122,49
156,6,272,Shamela0001733,2505,788,944,100,47
156,1,1145,Shia003744Vols,199,652,1502,581,60
156,1145,1556,Shia003744Vols,200,8,438,281,72
156,281,424,Shia003990,58,85,212,79,70
156,100,401,Shia003754Vols,367,160,336,115,47
156,281,424,Shia003754Vols,450,976,1106,90,78
156,116,424,Shia003729Vols,24,839,1182,126,43
156,1,1513,Shia001432Vols,7947,48,1552,1039,76
156,281,424,Shia001432Vols,13542,1265,1393,90,74
156,281,407,Shia001432Vols,13546,320,420,73,74
156,1,1539,Shia001432Vols,15188,200,1521,952,72
156,138,490,Shia001432Vols,15241,51,386,118,37
156,281,424,Shia001432Vols,15247,396,530,90,75
156,128,424,Shia001432Vols,36847,285,458,122,52
156,281,424,JK000482,261,68,197,90,78
156,281,407,Shia001353,87,1348,1464,81,80
156,128,424,Shia004456Vols,962,944,1113,119,50
156,281,424,Shia004456Vols,983,1249,1377,95,81
156,281,490,Shia004456Vols,989,575,836,105,47
156,281,424,Shia004456Vols,996,504,638,92,76
156,281,407,Shia004456Vols,1011,1334,1434,72,72
156,281,511,Shia004456Vols,1121,140,330,113,62
156,281,424,Shia004092Vols,5631,701,827,81,73
156,6,272,Shia004092Vols,8390,487,643,100,47
156,281,407,Shia001344Vols,435,1105,1204,73,74
156,1,1545,Shia001371,249,195,1542,950,70
156,281,407,Shia004050,301,452,569,76,75
156,1174,1494,Shia001625,228,41,353,206,70
156,281,424,Shia000275Vols,26,93,210,87,78
156,281,475,Shia004030Vols,226,570,734,108,68
156,281,424,Shia004030Vols,557,970,1104,90,75
156,281,424,Shia004030Vols,1656,1212,1346,90,75
156,281,430,Shia004525,153,276,409,92,76
156,281,401,Shia001416,33,288,425,73,70
156,281,424,Shia001416,348,392,519,85,76
157,1,1141,Shia003744Vols,200,438,1547,813,83
157,1159,1569,Shia003744Vols,201,1,462,304,81
157,1,1476,Shia001432Vols,7948,57,1540,1046,81
157,1,1554,Shia001432Vols,15189,16,1550,1085,80
157,1,1565,Shia001371,250,24,1566,1089,80
157,111,856,Shia001615Vols,426,817,1189,251,40
158,907,1597,Shia001552,392,125,929,525,80
158,1,1016,Shia003744Vols,201,462,1563,704,73
158,907,1548,Shia001432Vols,7862,785,1491,486,84
158,1,902,Shia001432Vols,7949,95,1073,667,79
158,1,902,Shia001432Vols,15190,16,964,651,79
158,1029,1597,Shia001432Vols,16936,1,662,431,80
158,1,902,Shia001371,251,5,947,655,80
158,902,1597,Shia002984Vols,1306,147,888,503,79
159,422,1003,Shia001334,321,842,1425,416,86
159,1007,1428,Shia001334,322,39,585,272,63
159,593,1337,Shia001334,332,1,789,544,83
159,422,803,Shia003683,22,1011,1401,273,85
159,803,1432,Shia003683,23,1,667,389,66
159,427,827,Shia003704,229,1083,1466,270,82
159,849,1337,Shia003704,230,10,541,358,83
159,1,414,Shia001552,392,929,1309,289,84
159,432,965,Shia003744Vols,430,969,1480,366,83
159,965,1337,Shia003744Vols,431,1,438,240,67
159,556,1417,Shia001273Vols,152,164,1019,504,67
159,422,622,Shia001273Vols,520,163,349,138,87
159,419,881,Shia001237Vols,2559,1030,1336,218,58
159,877,1283,Shia003990,55,57,480,263,75
159,877,1286,Shia003754Vols,447,933,1358,257,74
159,422,1083,Shia001417,182,799,1453,436,75
159,1083,1337,Shia001417,183,1,269,170,78
159,898,1286,Shia001417,217,462,855,249,74
159,877,1296,Shia001417,219,937,1374,269,70
159,422,1011,Shia001417,220,553,1086,386,80
159,451,1003,Shia003992,28,467,931,323,71
159,1,488,Shia001432Vols,7863,57,683,319,57
159,422,1428,Shia001432Vols,7923,42,1192,683,72
159,432,791,Shia001432Vols,9846,1140,1489,242,79
159,798,1337,Shia001432Vols,9847,11,601,354,72
159,422,732,Shia001432Vols,14009,1137,1426,200,78
159,732,1337,Shia001432Vols,14010,1,677,409,73
159,509,1337,Shia001432Vols,14506,1,877,588,82
159,427,1003,Shia001432Vols,15183,885,1441,396,83
159,998,1337,Shia001432Vols,15184,31,408,241,79
159,877,1286,Shia001432Vols,15244,423,848,263,75
159,1,451,Shia001432Vols,16936,662,1081,283,73
159,20,292,Shia001432Vols,35304,631,846,131,53
159,280,981,Shia001382,57,830,1509,428,71
159,981,1421,Shia001382,58,1,491,262,65
159,427,1228,Shia003697,221,595,1444,556,78
159,877,1283,Shia002185Vols,1926,13,431,261,75
159,422,1412,Shia001423Vols,539,36,1205,678,71
159,432,1337,Shia001423Vols,540,276,1243,613,75
159,877,1286,Zaydiyya0000098,133,459,876,260,75
159,427,1337,Shia004092Vols,1321,528,1246,393,46
159,877,1181,Shia004092Vols,8035,1137,1448,181,65
159,877,1374,Shia004092Vols,8036,463,940,275,66
159,422,1217,Shia001366,7,672,1453,530,79
159,432,886,Shia001366,8,976,1414,301,79
159,886,1412,Shia001366,9,1,506,345,78
159,427,869,Shia001371,15,1262,1471,141,39
159,427,981,Shia001371,112,959,1491,382,83
159,981,1421,Shia001371,113,1,513,275,67
159,1,459,Shia002984Vols,1306,888,1216,151,33
159,422,827,Shia001551,160,1122,1497,268,78
159,849,1412,Shia001551,161,14,591,367,74
159,401,1412,Shia004030Vols,72,86,1106,634,72
159,405,1078,Shia004030Vols,84,745,1425,457,79
159,1078,1428,Shia004030Vols,85,1,451,197,55
159,422,1115,Shia004030Vols,119,728,1450,486,80
159,1115,1421,Shia004030Vols,120,1,333,172,64
159,405,1428,Shia004030Vols,189,201,1351,673,69
159,422,1337,Shia004030Vols,229,266,1213,636,80
159,401,1025,Shia004030Vols,527,859,1495,417,76
159,1025,1337,Shia004030Vols,528,18,327,221,87
159,405,728,Shia004030Vols,614,1127,1451,212,79
159,728,1428,Shia004030Vols,615,1,835,444,64
159,401,1412,Shia003707Vols,316,134,1150,669,77
159,877,1412,Shia004525,143,280,779,280,62
159,877,1286,Shia001416,27,479,900,263,75
159,401,798,Shia001416,58,1097,1479,263,80
159,798,1412,Shia001416,59,1,555,350,66
159,961,1286,Shia001553,66,1,330,198,71
159,422,913,Shia003712,103,1007,1484,327,79
159,913,1428,Shia003712,104,1,619,314,56
160,26,186,Shia001368,123,1309,1468,115,87
160,207,507,Shia001368,124,1,286,174,64
160,26,507,Shia003744Vols,69,745,1211,278,65
160,29,507,Shia001348,2,1,479,280,65
160,1,492,Shia003754Vols,660,1139,1589,273,62
160,21,458,Shia004052,85,128,587,193,45
160,15,539,Shia001417,201,214,659,245,50
160,26,507,Shia001417,222,269,735,283,67
160,1,162,Shia003992,30,1412,1565,121,93
160,61,507,Shia003992,31,1,337,198,50
160,15,385,Shia002389Vols,604,151,490,164,46
160,26,539,Shia002389Vols,1496,160,601,239,50
160,15,539,Shia001146,245,379,833,245,48
160,26,291,Shia004053Vols,157,1305,1562,156,71
160,291,507,Shia004053Vols,158,4,219,125,66
160,15,539,Shia004053Vols,163,810,1262,252,52
160,26,507,Shia001335,100,663,1129,285,68
160,26,507,Shia001432Vols,7191,204,675,275,66
160,553,1535,Shia001432Vols,7870,411,1381,750,93
160,11,507,Shia001432Vols,10572,981,1468,366,87
160,93,507,Shia001432Vols,10765,1,442,237,61
160,26,507,Shia001432Vols,14056,318,769,281,68
160,26,510,Shia001432Vols,14062,248,708,251,54
160,15,539,Shia001432Vols,14082,230,697,247,50
160,26,507,Shia001432Vols,14096,586,1056,289,69
160,26,510,Shia001432Vols,14113,344,801,249,54
160,26,507,Shia001432Vols,14293,835,1305,273,66
160,130,354,Shia001432Vols,35878,448,615,113,61
160,26,498,Zaydiyya0000198,95,459,913,246,54
160,26,507,Shia002339,51,440,996,279,56
160,104,507,Shia002339,52,56,520,225,57
160,26,424,Shia002394Vols,498,297,697,226,63
160,26,507,Shia001423Vols,479,401,902,283,64
160,407,581,Shia003752Vols,660,255,460,128,79
160,26,547,Shia003752Vols,704,275,782,287,63
160,26,507,Shia004092Vols,1628,246,727,285,67
160,1,507,Shia004092Vols,4936,785,1250,287,64
160,15,539,Shia001142Vols,319,542,987,236,49
160,709,1535,Shia004050,303,1,843,640,94
160,26,507,Shia001289,19,830,1279,278,68
160,26,507,Shia001290,18,615,1097,282,65
160,26,572,Shia000275Vols,16,742,1293,296,59
160,26,507,Shia001551,132,288,758,274,64
160,251,577,Shia001392Vols,408,979,1342,166,51
160,26,507,Shia004030Vols,95,678,1145,282,67
160,26,464,Shia004030Vols,121,1024,1441,248,65
160,26,507,Shia004030Vols,656,168,646,280,65
160,26,284,Shia004030Vols,845,1222,1471,157,73
160,330,507,Shia004030Vols,846,9,198,118,73
160,26,510,Shia004030Vols,868,904,1367,253,54
160,26,389,Shia004030Vols,2360,1163,1518,199,62
160,26,507,Shia004030Vols,2374,308,783,286,67
160,15,539,Shia004030Vols,2412,642,1095,243,48
160,26,507,Shia001416,276,268,746,286,67
160,233,507,Shia001615Vols,3652,9,269,157,67
160,15,539,Shia001154,66,840,1294,242,48
161,708,1170,Shia002406Vols,4838,449,932,321,80
161,612,1165,Shia003744Vols,452,334,823,311,63
161,708,1170,Shia002382Vols,288,1025,1515,329,81
161,708,1170,Shia002389Vols,316,192,682,326,81
161,1,102,Shia001432Vols,7870,1381,1481,74,93
161,102,1480,Shia001432Vols,7871,1,1438,1017,86
161,708,1170,Shia001432Vols,7883,579,1068,329,81
161,700,866,Shia001432Vols,35305,1202,1384,110,75
161,708,1170,Shia002337Vols,100,148,639,329,82
161,708,1095,Shia000297,159,1013,1305,182,57
161,708,1170,Shia002394Vols,505,527,1016,329,81
161,838,1077,Shia002380Vols,93,123,337,141,72
161,1,666,Shia004050,303,843,1495,489,91
161,666,1480,Shia004050,304,1,886,614,85
161,16,652,Shia001542Vols,209,385,994,438,84
162,1206,1498,Shamela0023578,1783,938,1225,186,72
162,1073,1498,JK009242,245,514,868,274,78
162,1069,1498,Shia001432Vols,7863,595,1021,318,91
162,48,1093,Shia001432Vols,7872,1,1081,728,80
162,1069,1498,Shamela0009076,516,741,1192,307,83
162,1107,1498,Sham19Y0020594,21,1,356,207,57
162,1076,1498,Sham19Y0020594,134,743,1098,266,75
162,1206,1498,Sham19Y0020594,166,930,1228,188,72
162,1161,1402,JK005004,78,1286,1560,153,64
162,1090,1498,Shia002213,23,443,765,256,76
162,1,591,Shia004050,304,886,1467,432,87
162,591,1085,Shia004050,305,1,555,336,72
162,288,403,Shia001542Vols,209,1074,1500,93,26
162,403,785,Shia001542Vols,210,1,375,284,93
162,1147,1498,Shamela0007351,107,1,328,252,87
162,1085,1408,Shia002616Vols,6734,273,619,111,30
162,586,754,Shia001615Vols,571,405,559,116,87
162,1161,1498,JK005005,144,708,1096,226,66
163,680,1411,Shia001334,649,42,1445,411,35
163,349,1468,Shia001140Vols,163,17,1186,783,80
163,349,1188,Shia001171,93,617,1489,615,84
163,1193,1497,Shia001171,94,1,280,169,60
163,1,299,JK009242,245,868,1126,193,77
163,527,1296,Shia001421Vols,248,57,1506,428,36
163,349,926,Shia003656Vols,179,895,1453,360,71
163,349,680,Shia001341,101,1085,1459,240,77
163,680,1395,Shia001341,102,1,727,493,80
163,349,1253,Shia003727Vols,583,21,915,576,69
163,346,1395,Shia001417,161,408,1091,459,53
163,349,1232,Shia001148,103,513,1451,657,85
163,1232,1395,Shia001148,104,1,159,118,90
163,1,299,Shia001432Vols,7863,1021,1317,234,94
163,349,1395,Shia001432Vols,13530,259,1345,772,86
163,362,717,Shia001432Vols,13553,857,1473,205,41
163,723,1411,Shia001432Vols,13554,38,1332,387,36
163,1,299,Shamela0009076,516,1192,1487,222,88
163,1,299,Sham19Y0020594,134,1098,1363,192,75
163,349,1468,Shia003692,15,9,1146,774,81
163,319,864,Shia001423Vols,22,489,1392,306,41
163,968,1411,Shia001423Vols,23,169,956,259,39
163,299,1395,Shia003752Vols,443,50,1238,799,81
163,349,729,Shia004092Vols,1637,1186,1580,260,76
163,740,1395,Shia004092Vols,1638,9,669,453,81
163,1,310,Shia002213,23,765,1035,192,73
163,349,531,Shia001134,138,1304,1474,134,92
163,531,1404,Shia001134,139,1,938,643,83
163,1,299,Shamela0007351,107,328,607,205,81
163,1122,1497,Shia001392Vols,278,7,279,160,50
163,362,870,Shia004030Vols,46,453,1329,310,43
163,968,1497,Shia004030Vols,47,101,892,267,40
163,349,844,Shia003707Vols,57,972,1509,351,78
163,844,1497,Shia003707Vols,58,1,690,424,68
163,346,1497,Shia001416,39,30,1241,756,70
163,299,575,Shia003712,20,1058,1446,207,65
163,575,1497,Shia003712,21,1,990,603,68
164,964,1459,Shia003704,628,851,1319,231,46
164,964,1471,Shia001349Vols,264,565,1049,231,44
164,964,1459,Shia003711,51,897,1361,231,46
164,25,510,Shamela0009775,34,1,489,336,78
164,964,1216,Shia004053Vols,202,1343,1585,148,65
164,1074,1520,Shia001332,346,1,531,326,73
164,969,1520,Shia001432Vols,6755,362,992,398,75
164,969,1520,Shia001432Vols,7856,88,724,397,74
164,969,1520,Shia001432Vols,10567,274,905,393,73
164,518,1127,Shia001432Vols,10571,585,1135,296,52
164,1,430,Shia001432Vols,10850,1173,1573,293,79
164,1,286,Shia001432Vols,20750,1220,1486,216,91
164,290,518,Shia001432Vols,20751,1,247,129,55
164,4,510,Shamela0036091,207,263,760,343,77
164,1,547,Shia001366,37,499,1033,329,66
164,969,1520,Shia001289,40,588,1224,393,73
164,1,397,Shia001290,37,1117,1505,283,82
164,964,1463,Shia001392Vols,518,198,635,259,54
164,1,647,Shia004030Vols,158,744,1332,325,50
164,1,537,Shia004030Vols,563,977,1546,344,67
164,1,647,Shia004030Vols,2094,696,1308,344,53
164,338,510,Shamela0096337,312,1,173,128,93
164,969,1520,Shia001416,281,816,1369,277,50
164,528,893,Shia001615Vols,2415,77,442,164,53
165,394,858,Shia001552,4,1,566,305,63
165,6,585,Shia001276,307,893,1525,410,77
165,585,1531,Shia001276,308,1,1042,567,61
165,6,210,Shia004053Vols,719,1297,1521,158,90
165,210,1491,Shia004053Vols,720,1,1512,875,68
165,6,687,Shia001286,276,833,1529,441,69
165,687,1531,Shia001286,277,1,920,535,65
165,224,785,Shia001432Vols,6571,4,568,399,81
165,6,663,Shia001432Vols,10028,810,1500,467,78
165,663,1531,Shia001432Vols,10029,1,981,592,70
165,6,1325,Shia001432Vols,19368,58,1471,909,76
165,15,785,Shia001432Vols,19654,595,1235,307,41
165,312,863,Shia004456Vols,1010,95,662,355,73
165,9,630,Shia001266,17,1058,1639,410,77
165,625,1396,Shia001266,18,9,882,461,62
165,231,785,Shia003752Vols,173,921,1485,341,63
165,47,1417,Shia003752Vols,705,1,1486,948,74
165,75,277,Shia004050,262,1361,1568,133,76
165,277,1537,Shia004050,263,1,1387,832,68
165,6,990,Shia001289,16,429,1478,696,77
165,990,1527,Shia001289,17,1,611,305,54
165,1054,1281,Shia001392Vols,432,1313,1560,140,66
166,813,1536,Shia002406Vols,138,380,1076,508,83
166,39,530,Shia004022,160,93,368,193,46
166,826,1174,Shamela0006617,33,662,885,154,51
166,826,1196,Shia003749,46,1108,1503,276,84
166,1196,1536,Shia003749,47,1,349,260,91
166,1170,1533,Shia001417,178,83,440,254,82
166,826,1536,Shia002382Vols,98,481,1253,534,84
166,15,526,Shia001276,308,1042,1535,339,77
166,826,1528,Shia002389Vols,59,744,1479,530,87
166,6,749,Shia004053Vols,721,61,820,557,86
166,15,618,Shia001286,277,920,1517,423,81
166,813,1504,Shia001148,161,787,1519,521,86
166,813,1536,Shia001432Vols,4986,699,1467,537,84
166,1174,1536,Shia001432Vols,7191,836,1233,275,84
166,30,549,Shia001432Vols,10029,996,1514,381,85
166,900,1536,Shia001432Vols,10545,1,656,479,88
166,1174,1536,Shia001432Vols,10617,743,1026,209,69
166,30,743,Shia001432Vols,19369,256,976,533,86
166,826,1364,Shia002394Vols,179,953,1501,392,85
166,1364,1536,Shia002394Vols,180,1,198,137,86
166,1170,1536,Shamela0036091,113,930,1239,216,73
166,30,601,Shia001266,18,907,1491,391,75
166,813,1536,Shia003752Vols,349,595,1401,549,83
166,44,743,Shia003752Vols,706,178,904,503,78
166,813,1388,Shia001142Vols,510,869,1493,433,85
166,115,743,Shia004050,264,1,677,465,80
166,30,743,Shia001289,17,625,1361,527,84
166,671,1095,Zaydiyya0000236,306,197,639,87,15
166,1170,1536,Shamela0096337,200,798,1143,229,74
166,1345,1536,Shia002962,283,1,195,148,93
166,826,1129,Shia001615Vols,1532,1240,1547,229,89
167,243,479,Shia001186,369,1191,1455,156,69
167,5,227,Shia003749,47,335,690,172,59
167,361,627,Shia001174Vols,1210,1,380,192,60
167,544,1585,Shia001174Vols,2076,4,1041,686,74
167,1,172,Shia002382Vols,98,1253,1475,130,70
167,1,222,Shia002389Vols,60,9,339,169,62
167,1313,1585,Shia002389Vols,2046,1,270,207,91
167,5,222,Shia001148,162,44,399,162,54
167,230,627,Shia001136,105,692,1220,283,63
167,46,243,Shia001432Vols,4987,1,387,147,47
167,1,172,Shia001432Vols,7191,1233,1456,130,70
167,181,457,Shia001432Vols,9858,1190,1452,178,75
167,263,564,Shia001432Vols,10027,1085,1442,213,69
167,575,1585,Shia001432Vols,10322,205,1238,714,81
167,5,222,Shia001432Vols,10545,642,1030,170,53
167,181,564,Shia003026Vols,775,570,921,258,79
167,1,222,Shia002394Vols,180,198,529,169,61
167,1,263,Shia001142Vols,511,176,595,181,51
167,230,403,Shia002984Vols,2731,563,743,133,86
167,181,492,Shia001542Vols,290,1098,1395,208,78
167,181,624,Shia001122Vols,138,692,1147,277,66
167,544,1585,Shia001122Vols,394,346,1401,699,75
167,612,839,Shia001615Vols,1298,271,500,166,89
168,1139,1534,Shia003744Vols,505,640,1104,271,71
168,323,725,Shia003744Vols,560,1143,1560,305,87
168,725,1189,Shia003744Vols,561,1,612,302,59
168,1,248,Shia001174Vols,2076,1041,1340,165,62
168,323,1134,Shia001174Vols,4761,18,800,512,70
168,1139,1384,Shia001174Vols,5001,1114,1437,163,64
168,323,768,Shia002382Vols,1909,968,1405,330,87
168,323,762,Shia002382Vols,2513,1175,1606,325,87
168,1,248,Shia002389Vols,2046,270,567,161,60
168,1217,1479,Shia002389Vols,3018,1,325,173,65
168,323,768,Shia002389Vols,3194,652,1111,332,85
168,1139,1534,Shia001432Vols,2021,341,808,250,63
168,323,1225,Shia001432Vols,2073,163,1229,618,69
168,1,230,Shia001432Vols,10322,1238,1525,175,72
168,323,1235,Shia001432Vols,10851,184,1165,597,68
168,395,1001,Shia001432Vols,35921,1177,1347,114,23
168,343,768,Tafsir04042,2331,63,377,226,63
168,1139,1406,Shia004030Vols,1457,1140,1465,170,63
168,57,248,Shia001122Vols,395,1,172,123,75
168,343,1193,Shia001122Vols,3532,362,1310,593,74
168,1139,1534,Shia001122Vols,3610,910,1375,246,63
168,343,1134,Shia001418Vols,205,570,1169,383,56
169,1316,1529,Shia001140Vols,445,193,411,143,80
169,966,1190,Shia000047,22,1249,1467,154,84
169,1324,1529,Shia003744Vols,303,1091,1283,143,87
169,1,270,Shia003744Vols,505,1104,1385,190,79
169,1324,1529,Shia001149Vols,446,105,299,138,84
169,966,1200,Shia001174Vols,3835,1259,1497,172,86
169,395,584,Shia001174Vols,4807,1,197,141,79
169,1,304,Shia001174Vols,5002,140,459,211,80
169,605,961,Shia001174Vols,5204,140,505,259,88
169,636,790,Shia001174Vols,5205,997,1485,121,30
169,1334,1529,Shia002382Vols,1376,750,930,128,82
169,1316,1529,Shia002389Vols,18,825,1042,143,80
169,1316,1529,Shia002389Vols,2123,1232,1449,143,80
169,1,270,Shia001432Vols,2021,808,1077,190,80
169,966,1370,Shia001432Vols,2134,1135,1516,257,77
169,976,1195,Shia001432Vols,4693,1114,1318,152,89
169,1343,1529,Shia001432Vols,6026,481,674,124,78
169,1316,1529,Shia001432Vols,10547,105,315,147,87
169,614,994,Shia001432Vols,10713,1,379,266,83
169,966,1316,Shia001432Vols,10851,1097,1446,267,95
169,371,584,Shia001432Vols,26204,1092,1313,161,81
169,1316,1529,Shia001432Vols,30447,1064,1274,143,80
169,966,1379,Shia001432Vols,30921,206,609,263,75
169,966,1343,Shia001432Vols,31389,219,577,251,80
169,1324,1529,Shia001432Vols,32858,516,709,139,84
169,1366,1529,Tafsir04042,1680,276,437,113,86
169,966,1195,Shia001187Vols,1836,1202,1429,171,93
169,1316,1529,Shia003692,252,382,587,143,85
169,1316,1529,Shia001142Vols,492,59,259,130,73
169,371,584,Shia000317Vols,3717,335,574,161,76
169,371,584,Zaydiyya0000236,317,556,776,161,81
169,1,283,Shia004030Vols,1458,125,405,196,79
169,966,1316,Shia001122Vols,990,555,892,247,85
169,371,584,Shia001122Vols,3545,52,271,160,81
169,18,334,Shia001122Vols,3611,1,388,215,67
169,605,961,Shia001122Vols,3686,1033,1399,257,87
169,1310,1529,Shia002334,22,723,934,147,85
169,966,1165,Shia001615Vols,616,1338,1529,132,80
169,966,1329,Shia001391,29,610,929,234,80
170,1,1116,Shia001140Vols,445,411,1449,648,64
170,1116,1490,Shia001140Vols,446,16,383,267,85
170,940,1252,ShamAY0034055,7974,1080,1369,117,33
170,525,1252,Sham19Y0122187,788,447,996,279,44
170,598,1096,Shia000196Vols,1726,691,1311,354,69
170,1,165,Shia003744Vols,303,1283,1457,118,86
170,165,1490,Shia003744Vols,304,1,1456,947,78
170,1,625,Shia003749,335,1054,1490,292,55
170,625,1490,Shia003749,336,1,941,600,75
170,1,1096,Shia001149Vols,446,299,1355,649,63
170,466,719,Shamela0023685,776,154,363,116,55
170,940,1252,Shamela0012884,3886,1149,1407,126,43
170,1096,1446,Shia001417,174,1116,1478,239,79
170,1,1096,Shia001417,175,414,1374,604,62
170,1,673,Shia002382Vols,1376,930,1510,343,55
170,673,1490,Shia002382Vols,1377,19,982,568,70
170,1,629,Shia002389Vols,18,1042,1500,308,58
170,629,1490,Shia002389Vols,19,1,999,612,73
170,44,1490,Shia002389Vols,2124,1,1394,877,67
170,1,728,Shia001432Vols,6026,674,1474,536,82
170,733,1490,Shia001432Vols,6027,4,867,549,77
170,1,1175,Shia001432Vols,10547,315,1445,692,64
170,1175,1490,Shia001432Vols,10548,1,317,229,86
170,1,204,Shia001432Vols,30447,1274,1501,144,81
170,204,1490,Shia001432Vols,30448,1,1220,777,65
170,1,1051,Shia001432Vols,30467,324,1456,747,79
170,1051,1490,Shia001432Vols,30468,1,460,319,84
170,1,872,Shia001432Vols,32858,709,1476,479,61
170,876,1490,Shia001432Vols,32859,1,728,436,72
170,1,1091,Tafsir04042,1680,437,1451,630,63
170,1091,1490,Tafsir04042,1681,1,432,281,78
170,466,719,ShamIbadiyya0000109,7153,532,745,118,55
170,466,719,Shamela0026568,686,275,485,116,55
170,40,1490,Shia002394Vols,34,1,1413,901,68
170,1,973,Shia003692,252,587,1452,555,63
170,973,1482,Shia003692,253,1,561,360,78
170,953,1252,Shia003616Vols,4111,1137,1391,111,34
170,1,1216,Shia001142Vols,492,259,1456,726,63
170,1216,1490,Shia001142Vols,493,1,275,191,81
170,953,1252,Shamela0037458,3151,941,1195,112,35
170,1,577,Shia000107Vols,2133,1092,1452,245,52
170,577,1096,Shia000107Vols,2134,1,641,348,66
170,953,1252,Shamela0023623,3100,759,1013,112,35
170,593,1096,Shia000234Vols,5913,203,867,353,65
170,1,477,Shia002334,22,934,1459,357,84
170,486,1490,Shia002334,23,25,1230,737,74
170,466,1490,Shia001615Vols,119,1,973,613,65
170,1,664,Shia001418Vols,186,567,1069,332,58
171,121,1164,Shia003744Vols,27,404,1531,758,82
171,974,1220,Shia003749,44,352,583,141,67
171,121,518,Shia003754Vols,139,1030,1457,272,78
171,502,1220,Shia003754Vols,140,1,806,508,78
171,614,748,Shia002382Vols,92,1382,1550,98,75
171,121,945,Shia002382Vols,96,685,1553,587,81
171,952,1236,Shia002382Vols,97,7,314,188,74
171,1194,1516,Shia002382Vols,141,232,586,219,68
171,121,997,Shia001432Vols,4973,602,1535,617,80
171,997,1191,Shia001432Vols,4974,1,210,137,83
171,121,287,Shia001432Vols,10587,1402,1569,107,74
171,287,1277,Shia001432Vols,10588,1,1103,694,77
171,1194,1516,Shia001432Vols,30909,909,1245,207,65
171,121,684,Shia001307,13,839,1490,390,73
171,684,1272,Shia001307,14,1,658,357,60
171,121,790,Shia004030Vols,1326,823,1569,482,78
171,790,1277,Shia004030Vols,1327,1,526,308,71
171,121,535,Shia002334,144,1094,1561,279,73
171,535,1194,Shia002334,145,1,687,473,84
171,1194,1516,Shia002334,254,796,1134,199,60
171,952,1129,Shia001615Vols,3544,121,303,125,86
172,1196,1569,Shia003744Vols,176,443,799,238,75
172,1230,1569,Shia001287,18,590,937,216,74
172,263,629,Shia001146,274,383,768,213,62
172,260,549,Shia004013,49,439,769,211,75
172,382,577,Shia001286,281,1,185,139,80
172,1196,1569,Shia001432Vols,4676,291,635,224,71
172,263,727,Shia001432Vols,10304,1143,1593,343,85
172,727,1188,Shia001432Vols,10305,1,455,336,87
172,1286,1569,Shia001432Vols,10506,1,269,177,77
172,1196,1569,Shia001432Vols,10635,103,433,246,83
172,263,588,Shia001432Vols,14091,770,1109,212,68
172,263,641,Shia001432Vols,14199,407,1201,270,40
172,593,1183,Shia001432Vols,14221,922,1473,409,83
172,1237,1569,Shia001432Vols,15815,805,1127,191,66
172,1237,1569,Shia001432Vols,19796,541,841,176,59
172,727,1188,Zaydiyya0000198,87,710,1119,309,80
172,263,634,Shia001330,6,16,432,229,60
172,263,588,Shia003752Vols,838,796,1136,256,88
172,1210,1569,Shia004050,232,66,421,208,61
172,1278,1569,Shia004050,296,1,261,181,78
172,263,681,Shia004000,279,474,955,270,64
172,263,475,Shia001289,18,882,1055,110,62
172,376,634,Shia001289,19,1,301,185,69
172,263,629,Shia004030Vols,635,862,1218,249,75
172,593,1196,Shia001255Vols,131,347,988,440,81
172,1196,1555,Shia001615Vols,90,66,321,186,65
172,273,549,Shia000055Vols,11,165,490,204,73
172,273,549,Shia001406Vols,428,1312,1637,198,70
173,288,672,Shia001186,478,333,699,298,95
173,288,461,Shia003683,167,1295,1459,131,94
173,461,672,Shia003683,168,1,203,167,95
173,732,942,Shia001172,14,1200,1420,161,90
173,288,672,Shia001172,46,227,601,286,87
173,288,619,Shia001172,213,1166,1508,252,87
173,1,304,Shia003744Vols,176,799,1111,223,82
173,1168,1619,Shia003749,49,725,1166,295,68
173,308,672,Shia001431,80,1039,1369,260,85
173,308,672,Shia001431,81,89,419,258,84
173,288,672,Shia001174Vols,1445,360,726,298,95
173,1,279,Shia001287,18,937,1317,209,64
173,1168,1619,Shia001417,179,623,1037,326,86
173,288,672,Shia002389Vols,2089,835,1251,189,49
173,1168,1619,Shia002389Vols,2308,959,1410,345,87
173,732,1196,Shia001389,35,320,914,319,66
173,288,672,Shia001389,67,751,1115,295,93
173,1168,1619,Shia001148,147,641,1094,354,92
173,1181,1619,Shia001432Vols,4994,1,444,347,93
173,288,675,Shia001432Vols,10297,1142,1515,293,89
173,1168,1619,Shia001432Vols,10582,879,1336,356,92
173,1,279,Shia001432Vols,10635,433,777,220,77
173,732,969,Shia001432Vols,10649,108,447,180,66
173,732,933,Shia001432Vols,11602,1165,1367,153,92
173,1,279,Shia001432Vols,15815,1127,1506,193,62
173,1,279,Shia001432Vols,19796,841,1127,201,79
173,732,959,Shia001432Vols,20587,1259,1494,163,84
173,1168,1394,Shia001432Vols,20951,428,641,167,88
173,1168,1561,Shia003757,162,433,810,293,87
173,1,486,Shia001423Vols,302,184,850,253,40
173,288,672,Shia001423Vols,606,1088,1456,299,95
173,1260,1561,Shia003752Vols,211,1,274,216,84
173,1168,1492,Shia003752Vols,562,1319,1628,244,89
173,308,607,Shia001117,186,1209,1505,230,90
173,732,933,Shia001117,447,1262,1459,151,91
173,1,279,Shia004050,232,421,710,201,78
173,1,326,Shia004050,296,261,686,232,65
173,1168,1551,Shia004030Vols,1333,1169,1553,293,87
173,288,672,Shia001122Vols,187,770,1136,297,94
173,342,531,Shia001404,218,1,191,146,93
173,1181,1381,Shia001615Vols,1086,1109,1300,146,86
173,1168,1419,Shia001615Vols,2166,1418,1671,191,85
173,1419,1619,Shia001615Vols,2167,8,208,163,100
174,1,590,Shia003749,49,1166,1622,348,68
174,590,1563,Shia003749,50,1,674,472,57
174,1,552,Shia001417,179,1037,1570,414,86
174,552,1512,Shia001417,180,1,906,654,79
174,384,1112,Shia002389Vols,838,825,1581,550,85
174,1112,1656,Shia002389Vols,839,6,491,346,72
174,1,120,Shia002389Vols,2308,1410,1526,94,97
174,120,1656,Shia002389Vols,2309,1,1516,1110,81
174,1,488,Shia001148,147,1094,1607,395,93
174,488,1656,Shia001148,148,1,1138,808,79
174,1121,1378,Shia001432Vols,2373,452,696,173,77
174,1,1200,Shia001432Vols,4994,444,1689,928,88
174,1200,1656,Shia001432Vols,4995,1,397,270,67
174,1,235,Shia001432Vols,10582,1336,1566,187,97
174,235,1656,Shia001432Vols,10583,1,1404,1010,80
174,389,1047,Shamela0036091,114,9,657,486,86
174,1,1620,Shia004030Vols,1334,69,1654,1174,83
174,442,1047,Shamela0096337,201,1,597,451,87
174,1,384,Shia001615Vols,2167,208,603,312,95
175,1,535,Shamela0023614,367,321,598,208,47
175,1,535,Shia002406Vols,120,1144,1421,208,47
175,1,535,Shia002406Vols,133,682,1030,193,40
175,19,433,Shamela0023628,1297,1200,1389,136,40
175,323,535,Shamela0095590,1625,1156,1336,147,84
175,1,535,Shamela0023613,1932,1025,1302,208,47
175,1,535,Shamela0010273,890,1311,1588,208,47
175,323,535,JK000916,2472,1,223,132,73
175,1,452,Shia004007,284,88,356,164,40
175,19,1091,Shia003749,50,674,1643,714,76
175,1,535,Shamela0029743,311,1384,1662,208,47
175,19,433,Shamela0023588,591,1209,1398,136,40
175,1,433,Shamela0012884,1966,1246,1471,142,38
175,1,433,ShamAY0034052,669,319,527,151,42
175,1,535,Shamela0004473,9153,888,1165,208,47
175,1,465,Shamela0004473,9688,331,561,165,43
175,323,535,Sham19Y0023618,712,543,723,147,84
175,965,1277,Shia002382Vols,1485,272,817,248,55
175,965,1277,Shia002382Vols,2014,30,575,248,55
175,613,979,Shia002389Vols,66,725,1126,280,83
175,1524,1666,Shia002389Vols,655,1,157,106,85
175,1,620,Shia002389Vols,839,491,1054,429,82
175,1,162,Shia002389Vols,2309,1516,1662,121,90
175,162,1277,Shia002389Vols,2310,1,1124,823,84
175,323,535,Shamela0003118,1015,970,1189,133,75
175,323,535,Shamela0008473,1922,949,1129,147,84
175,1,535,ShamAY0038067,600,210,512,214,48
175,1,433,Zaydiyya0000062,534,1,270,151,37
175,1,554,Shia001148,148,1138,1637,379,80
175,554,1277,Shia001148,149,1,774,570,88
175,1,535,Shamela0023594,613,613,890,208,47
175,1,535,Shia001432Vols,4977,618,896,208,47
175,1,531,Shia001432Vols,4983,1175,1534,191,38
175,1,1261,Shia001432Vols,4995,397,1638,931,85
175,1,244,Shia001432Vols,10583,1404,1643,183,88
175,233,1277,Shia001432Vols,10584,1,1016,763,84
175,1,535,Tanzil001,66,386,663,208,47
175,19,535,JK000791,745,101,360,193,45
175,1,535,Shamela0004445,94,1104,1381,208,47
175,951,1257,Shia003757,386,103,341,138,48
175,323,535,Shia002185Vols,1401,1324,1504,147,84
175,19,433,Shamela0023629,357,134,323,136,40
175,1,433,Shamela0007798,334,1016,1252,138,33
175,1,531,Shia003752Vols,351,955,1228,203,46
175,1,465,Shia002356Vols,394,617,838,158,41
175,1,419,Shamela0023591,3141,1413,1606,140,40
175,1,535,Shia003721Vols,11,1207,1484,208,47
175,1,433,Sham19Y0145435,926,803,1031,142,37
175,1,535,Sham19Y0145435,4904,299,576,208,47
175,323,535,Shia002359Vols,1662,329,509,147,84
175,1,433,Shamela0023635,3886,1197,1404,151,42
175,323,531,Shamela0021751,7172,349,533,151,88
175,1,1277,Shia004030Vols,1335,37,1292,944,85
175,1,535,Shamela0023623,1304,577,854,208,47
175,1,433,Shamela0009783BK1,77,200,429,142,37
175,323,535,Shia002616Vols,2570,886,1066,147,84
175,1,535,Shamela0021821,605,297,575,208,47
175,983,1222,Shia001615Vols,2167,625,880,192,91
175,1,433,Sham19Y0020891,2078,917,1124,151,42
175,10,504,ShamAY0034073,1600,1345,1583,169,42
176,1364,1544,Shia001149Vols,2270,241,440,135,83
176,1364,1595,Shia001174Vols,2030,475,725,177,86
176,1,792,Shia001174Vols,2132,1032,1582,385,58
176,792,1315,Shia001174Vols,2133,1,533,372,78
176,1,982,Shia001174Vols,4208,578,1578,664,76
176,986,1315,Shia001174Vols,4209,12,343,253,88
176,323,803,Shia001174Vols,4257,245,1574,258,22
176,883,1412,Shia002389Vols,396,159,786,356,66
176,1,1359,Shia002389Vols,655,157,1588,957,78
176,1450,1595,Shia001432Vols,20867,1,138,103,84
176,752,1319,Shia002394Vols,643,168,752,348,60
176,1377,1595,Shia003752Vols,181,1064,1279,150,83
176,1364,1595,Shia001117,27,1089,1322,146,78
176,1,550,Shia004039,173,592,907,216,48
176,1,1315,Shia004030Vols,2355,111,1494,943,80
176,1364,1595,Shia001122Vols,381,660,911,177,86
176,169,1315,Shia001122Vols,3422,11,1204,838,81
177,415,1350,Shia003744Vols,355,1,1146,622,63
177,804,1074,Shia003749,408,82,414,145,45
177,407,1350,Shia001431,9,1,1017,618,68
177,381,1350,Shia001174Vols,1550,1,1025,641,71
177,794,1074,Shia002382Vols,1348,324,709,202,64
177,1081,1350,Shia002382Vols,1357,1,253,171,75
177,231,1350,Shia002389Vols,1331,125,1330,746,70
177,231,577,Shia002389Vols,2067,1035,1430,224,66
177,231,1006,Shia002389Vols,2075,696,1449,497,72
177,1003,1350,Shia002389Vols,2076,67,433,250,83
177,1003,1350,Shia002389Vols,2088,615,979,245,80
177,1003,1350,Shia002389Vols,2360,1111,1476,249,82
177,231,1016,Shia001432Vols,6217,722,1523,504,69
177,157,1209,Shia001432Vols,7355,497,1448,570,58
177,231,1363,Shia001432Vols,10455,30,1423,661,54
177,231,1350,Shia001432Vols,30337,53,1269,728,68
177,587,926,Shia001432Vols,35860,977,1256,177,63
177,804,1338,Shia004092Vols,2796,1134,1493,213,46
177,231,1350,Shia001117,51,1,1228,733,69
177,231,695,Shia001117,109,856,1368,273,60
177,695,1463,Shia001117,110,1,881,431,55
177,231,1148,Shia004030Vols,1187,478,1481,600,68
177,1148,1350,Shia004030Vols,1188,1,211,153,89
177,231,1350,Shia004030Vols,1805,278,1459,720,68
177,231,872,Shia001122Vols,211,795,1406,393,69
177,872,1358,Shia001122Vols,212,1,601,358,72
177,454,1191,Shia001173,103,509,1476,213,22
177,231,1024,Shia001615Vols,2960,583,1475,453,58
177,1003,1463,Shia001615Vols,2961,64,568,251,55
178,396,934,Shia003744Vols,362,968,1545,374,76
178,934,1172,Shia003744Vols,363,1,106,77,41
178,1,367,Zaydiyya0000256,436,357,728,241,73
178,1,338,Shia001421Vols,23,47,392,234,76
178,396,1172,Shia001421Vols,243,680,1411,444,64
178,112,338,Shia001174Vols,2217,1,248,166,80
178,1,183,Shia002382Vols,1116,443,612,127,79
178,1,338,Shia002972Vols,1068,791,1123,229,76
178,467,961,Shia004023,44,1036,1470,275,63
178,835,1075,Shia004023,297,833,1067,161,74
178,1,338,Shia001432Vols,6578,701,1033,229,76
178,396,716,Shia001432Vols,9777,1237,1542,199,73
178,720,1172,Shia001432Vols,9778,1,423,254,58
178,467,948,Shia001432Vols,10044,372,814,270,62
178,22,338,Shia001432Vols,10286,1,303,212,76
178,457,1172,Shia001432Vols,10601,743,1496,540,88
178,396,1172,Shia001432Vols,13547,622,1305,452,66
178,1,165,Shia001432Vols,19572,335,498,122,83
178,1,230,Shia001432Vols,19675,1416,1636,156,76
178,353,1172,Shia003757,163,181,1028,533,70
178,1,353,Shia004456Vols,1007,1098,1433,226,75
178,353,952,Shia004456Vols,1013,451,1017,332,57
178,1,338,Shia002984Vols,2333,79,413,228,75
178,396,1172,Shia004030Vols,43,410,1093,450,66
178,973,1152,Shia004030Vols,2463,455,613,108,73
178,1,372,Shia001122Vols,432,716,1182,250,61
178,1,218,Shamela0096337,206,536,733,139,76
178,1,230,Shia002962,407,393,591,151,79
178,1,165,Shia001615Vols,1685,677,826,122,90
178,1,338,Shia001615Vols,2716,131,456,230,77
178,654,835,Shia001615Vols,3445,183,410,116,64
180,175,467,Shia001334,183,1183,1468,221,93
180,635,932,Shia001334,210,1,298,231,94
180,292,620,Shia000047,90,1,301,220,83
180,175,566,Shia001299,113,370,750,300,95
180,404,566,Shia003706,105,1057,1228,97,62
180,175,458,Shia003706,185,1157,1452,203,83
180,404,566,Shia001237Vols,1076,535,706,97,62
180,175,624,Shia001237Vols,1089,907,1353,307,84
180,582,932,Shia001237Vols,2036,943,1237,225,77
180,582,932,Shia001237Vols,2547,561,855,224,76
180,1173,1296,Shia001310,104,830,956,72,67
180,1173,1486,Shia001302,16,495,919,201,54
180,1173,1486,Shia003995,16,1020,1444,201,54
180,175,566,Shia001174Vols,3803,730,1126,284,84
180,370,624,Shia001340,36,228,494,170,78
180,175,390,Shia001340,336,1265,1479,149,82
180,390,566,Shia001340,337,1,172,137,97
180,582,932,Shia001432Vols,175,43,392,273,95
180,582,932,Shia001432Vols,25176,876,1169,224,77
180,370,624,Shia001432Vols,25726,489,733,167,82
180,404,566,Shia001432Vols,28512,912,1083,97,62
180,175,608,Shia001432Vols,28593,506,928,311,89
180,352,566,Shia001432Vols,28643,533,740,155,91
180,175,599,Shia001432Vols,31325,1091,1502,294,86
180,175,566,Shia001432Vols,31329,398,777,283,88
180,175,566,Shia001187Vols,1767,505,905,286,85
180,582,932,Shia001187Vols,4622,1,348,271,94
180,582,932,Shia003692,136,69,362,226,77
180,370,566,Shia001399,34,628,816,146,92
180,178,566,Shia001399,149,93,462,280,88
180,363,566,Shia000275Vols,731,824,1029,152,90
180,270,624,Zaydiyya0000236,15,925,1261,187,57
180,175,566,Shia001122Vols,978,854,1254,287,85
180,345,624,Shia001615Vols,843,529,777,190,85
180,582,932,Shia001615Vols,1185,312,606,224,77
180,240,624,Shia001615Vols,2990,944,1325,202,53
180,370,566,Shia000210,86,232,423,153,97
180,370,624,Shia000210,99,1136,1394,169,77
180,183,435,Shia000210,148,406,641,158,72
180,370,566,Shia000042,65,1051,1267,156,90
180,370,566,Shia000042,133,985,1168,147,93
183,706,921,Shia002341Vols,3850,369,572,162,92
183,706,921,Shamela0023614,1281,577,779,162,92
183,706,921,Shia002406Vols,7468,981,1183,162,92
183,706,921,Shamela0023578,3230,358,560,162,92
183,706,921,Shamela0095590,4733,537,739,162,92
183,706,939,Shamela0023613,4447,764,984,164,86
183,710,921,JK006476,1899,316,626,156,59
183,706,921,Shia003744Vols,514,991,1193,162,92
183,706,921,Shamela0029743,1144,1045,1247,162,92
183,753,921,Shamela0000041,2659,1239,1394,123,90
183,734,921,Shia001278Vols,138,1,236,145,75
183,706,921,ShamAY0034052,2408,1012,1224,165,93
183,706,967,Shamela0000170,38,73,310,174,81
183,706,921,Shamela0000170,935,822,1024,162,92
183,725,921,Sham19Y0023618,1863,1147,1332,143,88
183,706,921,Shia002382Vols,2437,460,792,162,57
183,706,921,Shamela0023632,3602,713,915,162,92
183,706,921,Shamela0008473,4891,20,222,162,92
183,706,921,Shamela0023594,2056,365,567,162,92
183,706,921,Shia001432Vols,2495,1259,1461,162,92
183,706,921,Tanzil001,247,744,946,162,92
183,706,921,JK000791,2360,668,870,162,92
183,774,921,Shamela0007798,9098,894,1028,106,89
183,706,921,Shamela0023591,6629,256,458,162,92
183,706,921,Shamela0023591,6642,1285,1487,162,92
183,706,921,Shia002359Vols,4289,1042,1244,162,92
183,706,967,ShamAY0034364,75,472,708,172,81
183,682,921,JK009396,1655,796,1020,168,81
183,706,921,JK007018,799,16,218,162,92
183,706,921,JK009266,9014,137,339,162,92
183,706,921,Shamela0023623,4271,638,840,162,92
183,706,921,Shamela0021821,1905,597,799,162,92
183,706,914,Sham19Y0020891,6505,1409,1604,156,92
183,706,967,Shamela0007289,3530,104,340,172,81
183,774,921,ShamAY0034073,5555,1176,1310,106,89
188,695,1338,Shia003704,184,775,1134,97,14
188,695,1438,Shia002389Vols,3223,1221,1510,93,13
188,695,1048,Shia001148,100,311,626,82,22
188,695,1338,Shia001432Vols,12943,830,1213,97,13
188,695,1338,Shia003692,20,294,658,86,12
190,892,1233,Shia004664,62,1046,1430,76,16
201,658,762,Shia001172,227,425,610,49,35
201,658,762,Shia001432Vols,15036,1188,1398,51,31
201,658,762,Shia004664,340,1161,1356,49,33
201,658,762,Shia004030Vols,1595,1181,1376,49,33
201,658,762,Shia004030Vols,2342,364,547,49,35
207,230,473,Shia001137,485,1127,1258,43,18
207,230,473,Shia001171,130,1012,1132,43,19
207,230,874,Shia001417,167,1122,1322,71,13
207,230,473,Shia001382,20,152,312,43,16
207,230,473,Shia001134,590,138,272,48,27
207,230,473,Shia004030Vols,1628,948,1082,49,27
211,1262,1376,Shia001432Vols,15221,50,170,42,31
211,1262,1376,Shia002339,249,1024,1147,42,30
211,1262,1376,Shia001423Vols,523,428,548,42,31
211,1242,1376,Shia001615Vols,926,875,1012,49,33
212,1061,1167,Shia001432Vols,1664,428,557,49,36
212,964,1295,Shia001423Vols,312,351,741,47,8
213,513,798,Shia001334,101,204,755,94,20
213,513,798,Shia001423Vols,315,474,1026,95,20
213,513,798,Shia004030Vols,253,231,783,96,21
213,513,798,Shia004030Vols,1731,351,879,96,22
216,224,421,Shia001432Vols,7947,221,365,55,28
216,648,816,Shia001432Vols,7949,203,368,71,40
216,224,421,Shia001432Vols,15188,357,501,55,28
218,1133,1297,Shia003754Vols,746,997,1241,97,47
218,1133,1346,Shia003754Vols,885,982,1159,97,54
218,520,818,Shia001292,33,277,574,230,92
220,738,1091,Zaydiyya0000256,355,1006,1362,268,92
220,738,943,Shia001272,81,1305,1523,160,92
220,943,1091,Shia001272,82,1,181,111,80
220,738,1091,Shia001148,250,158,511,277,100
220,738,1096,Sham19Y0014592,2841,620,1012,130,39
220,738,863,Shia001432Vols,1558,1318,1443,98,100
220,868,1091,Shia001432Vols,1559,5,235,174,96
220,738,1110,Shia001187Vols,583,625,983,266,88
220,738,1085,Shia001122Vols,1188,332,676,264,94
220,684,1103,Shia000234Vols,1252,34,376,128,35
220,300,733,Shia001418Vols,655,777,1049,132,32
221,911,1062,Shia002406Vols,5955,448,599,112,92
221,396,529,Shia001265,179,1414,1544,95,87
221,396,572,Shia001432Vols,12849,1369,1546,128,87
221,903,1062,Shia001391,215,1125,1296,118,84
222,1,352,Shia003704,578,1077,1441,176,51
222,1,200,Shia001349Vols,1366,655,862,155,93
222,265,640,Shia001300,183,1004,1386,304,98
222,690,1066,Shia001431,11,922,1273,267,87
222,1,200,Shia001431,21,1084,1283,158,100
222,1,200,Shia001431,23,399,624,148,81
222,1,200,Shia001174Vols,1006,743,942,158,100
222,1,200,Shia001174Vols,1561,713,913,158,99
222,928,1075,Shia003754Vols,147,209,372,110,84
222,928,1066,Shia003754Vols,157,554,693,98,82
222,675,1080,Shia002382Vols,971,459,844,296,89
222,17,134,Shia002382Vols,1351,1001,1118,92,99
222,1,172,Shia001276,260,530,751,113,63
222,685,1085,Shia002389Vols,1348,346,758,301,91
222,475,1066,Shia002389Vols,2079,820,1343,335,66
222,1,200,Shia002389Vols,2082,266,465,158,100
222,1,341,Shia001286,259,572,944,160,43
222,1,134,Shia001432Vols,6218,957,1090,105,100
222,265,640,Shia001432Vols,6220,408,790,289,90
222,685,1066,Shia001432Vols,10454,1074,1459,297,96
222,1,200,Shia001432Vols,10633,494,702,158,95
222,265,640,Shia001432Vols,10634,1073,1443,290,93
222,265,954,Shia001432Vols,12560,165,826,328,47
222,744,961,Shia001432Vols,13872,1,229,154,83
222,265,697,Shia001432Vols,15812,909,1320,289,81
222,1,200,Shia001432Vols,18434,505,726,153,86
222,928,1066,Shia001432Vols,30334,191,336,109,93
222,923,1066,Zaydiyya0000198,45,193,397,115,70
222,265,640,Shia000806Vols,86,1153,1533,302,97
222,928,1066,Shia002337Vols,20,1434,1591,109,86
222,685,1085,Shia002337Vols,356,131,531,319,99
222,1,291,Shia001423Vols,1718,305,593,159,63
222,1,172,Shia001423Vols,1764,1221,1447,117,63
222,942,1066,Shia004456Vols,2263,1,122,87,83
222,685,1085,Zaydiyya0000220,285,56,454,317,97
222,1,288,Shia001117,196,1031,1345,174,64
222,685,942,Shia004030Vols,1208,1156,1419,200,95
222,954,1066,Shia004030Vols,1209,1,113,89,100
222,1,259,Shia001122Vols,215,944,1191,174,83
222,1,200,Shia003707Vols,863,1095,1310,154,89
222,5,502,Shia001615Vols,89,1056,1540,283,67
222,685,1066,Shia001615Vols,2960,128,507,302,99
223,258,589,Shia002928,22,1269,1561,224,85
223,258,1175,Shia002759,222,345,1263,696,93
223,302,800,Shia001186,421,542,1021,375,95
223,477,1175,Shia001186,422,21,1004,467,57
223,258,606,Zaydiyya0000180,22,851,1158,238,85
223,1225,1435,Shia001237Vols,3196,110,347,166,86
223,733,1140,Shia001310,22,564,899,212,60
223,302,576,Shia001294Vols,305,1210,1487,202,88
223,576,1175,Shia001294Vols,306,6,541,394,83
223,924,1150,Shia001174Vols,680,980,1204,178,98
223,302,1175,Shia001174Vols,1359,197,1047,668,97
223,639,895,Shia001174Vols,1362,859,1364,93,20
223,1014,1150,Shia001174Vols,1363,885,1371,78,20
223,258,796,Shia002992Vols,6320,526,1089,201,31
223,1225,1435,Shia20200618,190,1300,1510,171,100
223,1196,1429,Shia002382Vols,429,895,1122,168,89
223,1218,1435,Shia002389Vols,528,609,827,169,95
223,1225,1400,Shia001107Vols,386,1301,1476,143,100
223,1196,1435,Shia001432Vols,435,1162,1399,172,89
223,302,1150,Shia001432Vols,9415,613,1427,608,88
223,1225,1435,Shia001432Vols,13195,168,386,165,93
223,302,495,Shia001432Vols,17916,1262,1465,153,95
223,520,1175,Shia001432Vols,17917,1,650,480,90
223,771,1175,Shia000233,28,212,560,259,81
223,1196,1429,Shia002394Vols,837,1080,1310,173,90
223,919,1150,Shia001187Vols,4533,623,856,183,97
223,938,1150,Shia001187Vols,7081,1,131,103,60
223,1182,1429,Shia001187Vols,7115,118,429,176,68
223,1225,1435,Shia002185Vols,3527,956,1198,166,84
223,302,1175,Shia001423Vols,1196,1,876,681,98
223,1225,1429,Shamela0010646,171,465,669,166,100
223,1231,1435,Shia002758,36,1,214,166,95
223,302,634,Shia001337Vols,389,1158,1464,227,84
223,634,1175,Shia001337Vols,390,1,474,346,79
223,1225,1435,Shia004092Vols,11629,837,1047,171,100
223,1225,1429,Shamela0010283,1216,444,648,166,100
223,111,297,Shia000004,296,726,991,91,38
223,808,1099,Shia001542Vols,779,166,446,187,76
223,1218,1435,Shia003636Vols,1671,450,677,173,91
223,302,1175,Shia003636Vols,14929,364,1094,536,77
223,302,1175,Shia001122Vols,160,400,1238,658,95
223,252,471,Shia001255Vols,448,751,973,148,82
223,305,1175,Shia003707Vols,676,140,997,644,91
223,302,1175,Shia003695Vols,290,468,1344,653,91
223,302,411,Shia002970Vols,903,1439,1548,85,100
223,411,1175,Shia002970Vols,904,1,720,556,91
224,989,1344,Shia001174Vols,1542,17,372,280,98
224,1047,1344,Shia002389Vols,490,1,314,235,94
224,989,1122,Shia001432Vols,7353,1390,1523,107,99
224,1122,1344,Shia001432Vols,7354,1,236,175,94
224,919,1344,Shia001432Vols,10459,977,1481,289,70
224,989,1344,Shia002394Vols,784,750,1108,276,94
224,989,1344,Shia001117,111,967,1336,239,72
224,989,1344,Shia001122Vols,208,819,1175,282,99
224,989,1344,Shia001615Vols,2282,989,1307,252,88
224,1171,1332,Shia001418Vols,179,3,128,97,76
224,866,1332,Shia001418Vols,690,468,1040,197,33
225,1,274,Shia001174Vols,1542,372,645,218,100
225,1,274,Shia002389Vols,490,314,560,192,86
225,1,274,Shia001432Vols,10460,1,278,202,87
225,894,1358,Shia001432Vols,23286,1117,1453,183,44
225,1358,1579,Shia001432Vols,23287,1,258,186,85
225,1,274,Shia002394Vols,784,1108,1371,207,95
225,1161,1579,Shia001139,22,271,678,330,92
225,53,274,Shia001117,112,1,208,162,92
225,1,239,Shia001122Vols,208,1175,1413,190,100
225,1,398,Shia001418Vols,690,841,1160,217,67
226,876,1012,Shia001395Vols,514,171,303,85,61
226,842,1012,Shia000196Vols,683,419,577,122,85
226,597,726,Shia001237Vols,1570,452,813,105,35
226,597,726,Zaydiyya0000196,261,16,475,101,27
226,592,726,Shia002389Vols,567,541,687,106,89
226,173,317,Shia002389Vols,1260,151,295,117,100
226,842,1031,Shia001432Vols,28299,360,569,143,79
226,853,1012,Shia001432Vols,32642,1064,1230,125,88
226,850,1012,Shia001432Vols,33525,688,849,129,91
226,161,328,Shia001432Vols,33535,526,704,122,84
226,850,1015,Shia001432Vols,33722,437,594,129,92
226,670,1012,Shia001187Vols,4123,803,1177,148,35
226,173,317,Shia001187Vols,4154,247,391,111,95
226,592,726,Shia003633,29,1013,1162,106,87
226,173,317,Shia001423Vols,1465,802,944,115,98
226,173,317,Shia001142Vols,353,746,885,110,94
226,597,1012,Shia001357,171,904,1300,172,35
226,592,726,Shia000182VolsBK2,885,940,1095,103,82
226,592,726,Shia000107Vols,1244,894,1043,106,87
226,592,726,Shia001122Vols,2013,69,215,106,89
226,842,1012,Shia000234Vols,3065,1221,1385,130,91
226,592,726,Shia000055Vols,703,754,888,106,97
226,592,729,Shia000042,466,795,1253,108,29
226,850,1012,Shia000042,505,765,925,130,93
228,900,1083,Shia001421Vols,218,336,514,132,84
228,900,1083,Shia001117,78,505,680,139,94
228,893,1083,Shia001615Vols,2154,699,878,122,77
230,965,1132,Shia003990,64,1177,1345,134,99
230,939,1132,Shia20200618,118,177,365,148,95
230,939,1132,Shia001107Vols,259,136,473,148,53
230,1224,1378,Shia001148,340,231,431,108,67
230,1224,1378,Shia001432Vols,6396,1226,1437,107,62
230,889,1132,Shia001432Vols,23477,409,622,158,79
230,953,1132,Shia002185Vols,2679,759,939,144,99
230,965,1132,Shamela0023741,13,107,275,129,95
231,418,560,Shia001344Vols,286,200,478,73,35
233,895,1073,Shia003961Vols,342,1303,1480,148,99
233,895,1073,Shia002382Vols,2596,1240,1415,142,96
234,321,489,ShamAY0035689,49,586,749,123,89
234,321,489,Shia001161Vols,667,1093,1261,138,100
234,60,249,Zaydiyya0000090,121,1343,1537,119,67
234,321,489,Shia001432Vols,11730,1305,1473,138,100
234,321,489,Shia001432Vols,28560,1129,1299,137,97
234,55,249,Shia002185Vols,772,46,243,157,97
234,321,489,Shia002945Vols,483,508,675,137,99
234,60,249,Shia001380,109,312,502,154,99
234,321,489,Shia001122Vols,1353,199,363,123,89
235,164,459,Shia002382Vols,1479,507,909,208,63
235,164,459,Shia002382Vols,2007,645,1055,209,63
235,11,459,Shia002389Vols,2301,926,1439,329,76
235,11,452,Shia001148,355,900,1442,347,80
235,754,1025,Shia001432Vols,29594,1333,1601,208,93
235,11,115,Shia001432Vols,30951,1333,1437,81,100
235,115,452,Shia001432Vols,30952,1,432,263,76
235,11,459,Shia001187Vols,1892,536,1122,346,74
235,754,1025,Shia001372,117,1268,1532,212,97
235,14,452,Shia000317Vols,2066,585,997,220,51
235,11,452,Shia002333,190,333,873,348,80
235,11,452,Shia004030Vols,1058,905,1442,339,77
236,1204,1439,Shia001432Vols,12943,794,1456,123,23
237,88,793,Shia003704,185,101,1169,357,40
237,88,677,Shia002389Vols,3224,584,1389,315,48
237,88,414,Shia001148,100,1209,1586,174,54
237,429,793,Shia001148,101,73,713,182,36
237,148,793,Shia001432Vols,12944,253,1351,308,33
237,300,793,Shia001432Vols,13561,1,901,257,36
237,88,429,Shia003692,20,1189,1597,184,53
237,429,793,Shia003692,21,58,700,174,34
238,807,1360,Shia001237Vols,506,1195,1372,120,26
238,799,1036,Shia001432Vols,11949,1149,1335,150,77
238,1267,1549,Shia001432Vols,11955,60,370,179,61
238,807,1036,Shia001432Vols,32644,1073,1251,142,75
238,1,867,Shia001432Vols,36613,1074,1482,293,39
239,1,566,Shia001432Vols,11955,370,941,311,57
239,988,1130,Shia001432Vols,32649,5,137,99,86
239,1438,1581,Shia000317Vols,1469,150,529,101,34
240,1181,1383,Shia004051,28,173,345,102,58
240,1174,1282,Shia001174Vols,301,1111,1231,84,85
240,1,206,Shia000317Vols,1469,529,778,160,76
242,1163,1371,Shia001432Vols,3677,1176,1421,164,82
242,1163,1371,Shia001432Vols,23793,175,418,164,83
242,1160,1363,Shia001432Vols,28289,1046,1294,161,81
242,1148,1379,Shia001187Vols,104,583,834,172,82
242,1163,1374,Shia001119,25,137,379,163,83
242,1160,1363,Shia001119,45,857,1104,161,81
246,648,922,Shia001432Vols,28440,984,1302,95,27
246,648,922,Shia001399,482,256,586,119,41
247,349,616,Shia001432Vols,1492,459,761,132,44
247,435,616,Shia001432Vols,11617,383,679,115,47
247,334,616,Shia004050,88,886,1244,150,48
247,391,616,Shia004030Vols,1418,1225,1550,132,48
247,334,616,Shia002334,80,60,449,150,44
248,265,423,Shia001432Vols,11685,40,576,94,22
248,552,833,Shia001432Vols,11686,147,770,164,33
250,657,964,Shia003366Vols,4906,868,1163,230,88
250,982,1349,Shia003366Vols,4908,467,901,299,84
251,1305,1485,Shia001332,349,1,217,140,83
251,1246,1485,Shia001432Vols,7859,1,243,179,90
251,1246,1485,Shia001432Vols,10570,954,1208,187,94
251,1246,1485,Shia001432Vols,20751,789,1043,170,79
251,1246,1485,Shia001423Vols,478,575,926,184,66
251,1246,1485,Shia001423Vols,587,71,422,183,66
251,1,364,Shia003366Vols,4907,299,614,243,81
251,1246,1359,Shia001290,15,1350,1475,88,90
251,1359,1485,Shia001290,16,1,234,99,54
252,1,429,Shia001332,349,217,637,294,80
252,1,429,Shia001432Vols,7859,243,657,302,84
252,1,271,Shia001432Vols,10570,1208,1476,185,80
252,271,429,Shia001432Vols,10571,1,135,107,84
252,1,429,Shia001432Vols,20751,1043,1447,293,83
252,1,456,Shia001423Vols,478,926,1401,353,92
252,1,507,Shia001423Vols,587,422,947,369,87
252,1,456,Shia001290,16,234,688,362,99
253,535,673,Shia001334,156,939,1158,96,53
253,535,673,Shia003683,60,316,535,96,53
253,535,673,Shia001432Vols,15875,392,599,92,54
253,535,673,Shia003692,116,509,721,92,54
253,535,709,Shia001423Vols,402,627,887,108,48
254,81,281,Shia002389Vols,138,1084,1275,154,95
254,81,281,Shia001432Vols,9677,983,1174,154,95
254,100,281,Shia002335Vols,51,1098,1279,145,100
255,1087,1422,Shia003754Vols,780,244,582,51,12
255,1,204,Shia001432Vols,10243,1174,1378,159,96
257,273,964,Shia003754Vols,751,381,1205,130,13
257,9,696,Shia001423Vols,2146,1,725,130,13
258,280,450,Shia003754Vols,811,720,976,100,49
259,256,523,Shia001432Vols,10487,745,1087,137,51
260,567,728,Shia001432Vols,10648,1365,1518,109,82
261,421,582,Shia001137,121,1117,1277,128,99
261,351,582,Shia001432Vols,33793,1061,1288,132,60
261,421,649,Shia001187Vols,4172,912,1137,134,68
261,421,574,Shia004092Vols,12612,398,537,111,90
261,421,582,Shia001142Vols,242,421,581,127,98
261,421,582,Shia001418Vols,552,591,741,118,91
263,1122,1308,Shia001431,54,122,303,136,89
263,1122,1308,Shia001174Vols,2045,294,483,147,98
263,1122,1308,Shia002389Vols,3264,840,1028,147,97
263,1122,1308,Shia001432Vols,10610,854,1058,145,89
263,1122,1313,Shia001117,92,125,323,140,85
263,1122,1308,Shia001122Vols,386,277,466,147,98
264,308,696,Shia001349Vols,702,723,991,192,63
264,892,1053,Shia003744Vols,73,1108,1270,123,96
264,308,696,Shia003744Vols,352,899,1245,259,84
264,892,1042,Shia003749,331,1097,1234,102,86
264,892,1053,Shia001174Vols,1645,1302,1459,119,93
264,892,1053,Shia002382Vols,1121,1044,1211,117,85
264,305,696,Shia002382Vols,1520,642,994,274,88
264,281,696,Shia002382Vols,2055,431,980,287,61
264,892,1053,Shia002389Vols,1648,322,480,119,92
264,258,527,Shia002389Vols,2378,1191,1454,172,77
264,527,696,Shia002389Vols,2379,1,161,124,90
264,892,1037,Shia004053Vols,9,835,987,103,86
264,315,696,Shia001148,136,686,1056,288,95
264,281,711,Shia004023,63,1044,1338,181,53
264,892,1053,Shia001432Vols,10415,813,1015,97,57
264,369,696,Shia001432Vols,13871,6,319,247,95
264,892,1053,Shia002394Vols,519,306,463,119,93
264,315,696,Shia001423Vols,385,172,542,284,93
264,342,696,Shia002380Vols,653,131,389,199,71
264,305,696,Shia002984Vols,350,1040,1344,226,70
264,308,696,Shia001134,171,626,978,256,80
264,359,696,Shia004030Vols,171,878,1137,200,75
264,315,696,Shia004030Vols,1732,184,529,264,87
264,892,1053,Shia001122Vols,243,1193,1350,119,93
264,892,1047,Shia001615Vols,700,481,622,102,83
267,680,846,Shia001432Vols,33885,798,973,130,91
267,882,1076,Shia001432Vols,33886,882,1074,158,98
267,672,833,Shia002984Vols,2624,1340,1525,127,84
268,439,976,Shia001432Vols,10436,450,1007,228,36
272,943,1066,Shia001146,244,229,546,45,15
272,812,977,Shia004053Vols,182,462,816,71,26
272,812,977,Shia001432Vols,18615,845,1209,71,26
272,943,1066,Shia001432Vols,19155,279,576,64,28
272,812,977,Shia004030Vols,2411,162,524,71,26
273,414,700,Shia001552,392,454,908,129,33
273,414,568,Shia001432Vols,7862,1089,1360,85,39
273,1205,1418,Shia001432Vols,7870,122,322,152,90
273,1231,1410,Shia001432Vols,10572,175,777,98,20
273,414,763,Shia001432Vols,16936,181,979,220,34
273,1231,1418,Shia004050,302,1050,1266,147,86
274,1102,1399,Shia001237Vols,510,930,1305,209,71
274,1134,1367,Shia001432Vols,7863,429,657,178,97
274,894,1358,Shia001432Vols,7872,923,1250,161,36
274,534,699,Shia004050,304,790,1064,78,37
274,894,1294,Shia004050,305,400,805,145,31