ms1,b1,e1,id2,ms2,b2,e2,ch_match,matches_percent
1,1293,1457,Shamela0003118,390,1036,1201,115,81
1,406,873,Shia003714Vols,246,388,850,217,45
2,359,785,Shamela0012406,570,338,1165,181,26
2,305,459,Shia003616Vols,66,17,822,99,15
2,446,721,Shamela0023675,43,499,979,111,28
2,1,312,Shamela0003118,390,1201,1489,224,91
2,312,1379,Shamela0003118,391,1,1004,771,92
2,497,785,Shia003636Vols,665,809,1439,152,29
2,41,293,Shia003636Vols,796,815,1254,111,27
2,1,1012,Sham19Y0127700,306,416,1417,774,97
2,1012,1379,Sham19Y0127700,307,1,290,226,78
2,1088,1281,Sham19Y0013252,6440,1160,1346,103,64
2,695,878,Sham19Y0018260,66,928,1088,47,36
2,68,380,Shamela0009773,310,1082,1491,113,30
2,1,346,Shamela0021723,331,75,351,136,47
2,81,423,Shamela0023685,158,722,1264,121,25
2,305,764,Zaydiyya0000037Vols,138,763,1470,176,30
2,485,618,Shamela0009783BK1,818,1329,1442,87,80
2,1,293,Shamela0023718,161,496,1040,147,30
2,346,721,Shamela0023718,162,632,1335,151,26
2,221,328,Shamela0021713,658,1180,1507,50,20
2,1,134,Shamela0001686,405,1136,1268,92,85
2,6,395,Shamela0001686,406,586,1294,154,23
2,366,721,Shamela0001686,407,807,1345,150,34
2,296,881,Shamela0031457,136,835,1466,172,31
3,170,406,Shia003616Vols,214,878,1348,137,36
3,1,377,Shamela0003118,391,1004,1384,295,97
3,387,1454,Shamela0003118,392,15,1085,839,98
3,1,928,Sham19Y0127700,307,467,1462,724,90
3,928,1454,Sham19Y0127700,308,1,527,415,99
3,976,1098,Sham19Y0013252,6442,647,808,69,55
3,170,415,Shamela0009784,921,1285,1453,99,51
3,170,406,Shamela0010283,3502,1224,1427,111,54
3,167,438,Shia003714Vols,384,155,397,99,33
3,167,438,Shamela0001686,445,402,643,99,33
4,227,965,Shamela0012318,434,1168,1390,134,23
4,764,1068,ShamAY0034443,134,418,1304,115,15
4,413,1028,ShamAY0034443,231,792,1002,146,31
4,529,900,Sham19Y0145435,1545,195,1074,174,25
4,932,1134,Sham19Y0145435,1546,44,778,123,21
4,473,1251,Zaydiyya0000107,119,625,1058,204,33
4,932,1044,Shamela0012406,707,591,807,80,46
4,598,1008,Shamela0035100,196,874,1480,124,24
4,541,754,ShamAY0034249,7307,11,290,50,15
4,267,1028,ShamAY0038419,355,691,1174,179,26
4,1,347,Shamela0003118,392,1085,1430,268,99
4,347,1367,Shamela0003118,393,1,964,732,90
4,1,941,Sham19Y0127700,308,527,1405,673,90
4,941,1367,Sham19Y0127700,309,1,472,319,87
4,439,900,Shia001432Vols,8534,605,1492,189,26
4,329,968,Sham19Y0013252,6572,1055,1557,235,43
4,968,1238,Sham19Y0013252,6573,1,314,114,44
4,598,1008,Shamela0010906,381,228,834,124,24
4,164,792,Shamela0006700,30,825,1389,200,31
4,710,1037,JK006838,838,463,1208,83,13
4,367,754,SHAM19Y23644,1196,1,1092,184,21
4,473,1242,Shamela0009784,6,420,1105,238,31
4,473,1203,Shamela0009784,1036,600,1255,226,31
4,227,1125,Shamela0009784,1830,1134,1566,211,30
4,822,1162,Sham19Y0020989,330,408,1317,153,21
4,595,1037,Sham19Y0122236,57,153,1188,162,18
4,529,854,Shamela0010283,3557,1218,1463,75,22
4,764,900,Shamela0010283,3559,57,547,91,23
4,577,1028,Shamela0009773,316,391,1225,232,34
4,164,1085,Zaydiyya0000087,129,173,1078,379,40
4,862,1251,Sham19Y0145166,414,300,678,125,35
4,492,854,Shia003714Vols,460,909,1093,83,25
4,857,1158,Shia003714Vols,463,650,852,97,40
4,289,637,Shamela0009898,139,56,351,52,14
4,932,1158,Shamela0009873,1786,343,507,76,45
4,478,900,Shamela0009783BK1,994,633,1526,188,27
4,862,1037,Shamela0009783BK1,995,245,555,91,38
4,410,893,Shamela0023718,175,960,1478,166,31
4,862,1037,Shamela0021713,736,932,1312,56,16
4,857,1044,Shamela0001686,479,192,467,106,44
4,598,1037,Shia003695Vols,109,840,1277,121,24
4,728,1037,Shamela0006617,595,4,660,129,23
4,529,1037,Shia001615Vols,1312,369,852,140,28
4,529,954,Shia002218Vols,499,53,460,126,26
5,1,420,Shamela0003118,393,964,1349,289,89
5,378,1386,Shamela0003118,394,1,994,772,97
5,1,908,Sham19Y0127700,309,472,1366,699,98
5,908,1386,Sham19Y0127700,310,1,454,337,86
5,96,417,Sham19Y0013252,6635,602,1115,150,37
5,297,1068,Shamela0006700,31,578,1213,230,35
5,51,157,Shamela0026568,248,492,839,70,25
5,22,664,Zaydiyya0000087,130,141,714,245,41
5,832,1312,Zaydiyya0000087,131,288,916,142,22
5,51,157,Shamela0023685,272,565,835,69,32
5,300,500,Zaydiyya0000037Vols,192,127,530,56,14
6,1162,1441,Shia003616Vols,2107,6,236,171,74
6,1,398,Shamela0003118,394,994,1392,311,99
6,398,1441,Shamela0003118,395,1,1019,803,96
6,1,913,Sham19Y0127700,310,454,1375,675,92
6,913,1441,Sham19Y0127700,311,1,537,411,92
6,1144,1415,Sham19Y0013252,6374,30,267,163,70
6,14,473,Sham19Y0013252,6702,361,1342,206,26
6,1081,1378,Shia003714Vols,246,1127,1469,174,61
6,1081,1415,Shamela0023644,651,273,656,209,65
6,1075,1235,Sham19Y0016546,1430,28,192,126,93
6,1081,1415,Shamela0001686,405,555,937,210,65
6,1081,1415,Shamela0021715,6742,634,1016,201,61
6,1152,1415,ShamAY0034447,1208,989,1302,136,49
7,1035,1478,Shia003616Vols,2106,902,1333,311,83
7,79,501,ShamAY0035288,247,23,316,146,42
7,1,894,Sham19Y0127700,311,537,1451,668,87
7,902,1478,Sham19Y0127700,312,8,570,447,97
7,38,552,Shia001432Vols,10987,541,817,140,32
7,79,552,Shia001285,51,49,318,195,52
7,4,1020,Shia001285,246,139,1111,761,93
8,146,298,Shia003616Vols,64,1210,1382,109,77
8,705,1264,Shia003616Vols,65,44,458,277,59
8,1028,1264,Shia003732Vols,2420,29,307,156,71
8,146,316,Sham19Y0122236,193,618,906,88,39
8,81,298,Shia003656Vols,472,508,790,125,49
8,722,1009,Shamela0001686,406,127,421,134,42
9,869,1365,Sham19Y0145435,1446,566,910,205,48
9,826,1307,Shamela0012406,564,784,1152,152,30
9,11,897,Shia003616Vols,65,569,1440,351,40
9,869,1365,Shamela0004445,1349,558,999,222,47
9,834,995,Shamela0026568,132,1181,1298,52,42
9,834,1307,Shia003732Vols,2422,217,622,126,25
9,186,1434,Shamela0010283,3415,59,1072,310,24
9,55,1434,Shamela0012935,162,309,1469,291,18
9,834,995,Shamela0023685,158,856,984,56,47
9,55,495,Zaydiyya0000037Vols,138,388,667,150,40
9,161,883,Shia003656Vols,473,1,544,309,48
9,928,1262,Shia003656Vols,474,731,1076,153,43
9,18,317,Shamela0023718,161,929,1278,125,37
9,18,1034,Shamela0001686,406,469,1294,234,21
10,169,784,Sham19Y0145435,1449,640,1083,195,33
10,180,930,Shamela0012406,570,14,1244,333,32
10,169,417,Shia003616Vols,66,598,983,162,48
10,614,1026,Shia003616Vols,67,145,906,277,45
10,1088,1456,Shia003616Vols,68,27,481,241,61
10,627,784,Shia003616Vols,1903,1032,1189,125,100
10,365,627,Shia003616Vols,1903,1,410,173,49
10,784,1241,Shia003616Vols,1904,5,390,229,57
10,526,734,Shamela0023675,43,671,999,106,40
10,177,1180,Shamela0003118,391,48,581,351,44
10,273,844,Shia003636Vols,665,444,1439,255,30
10,177,1180,Sham19Y0127700,306,764,1312,368,46
10,213,417,Shia001432Vols,35360,1000,1278,122,49
10,194,1125,Sham19Y0018260,66,263,1088,143,12
10,417,1231,Sham19Y0020989,320,398,1128,231,29
10,807,1022,Shia003732Vols,1481,154,554,120,37
10,1088,1456,Shia003732Vols,2423,404,764,212,63
10,713,930,Shamela0010283,3416,647,1099,107,30
10,164,368,Shamela0009773,232,1080,1430,124,44
10,391,636,Shamela0012935,163,1128,1493,121,36
10,164,607,Shia003714Vols,249,540,901,126,32
10,177,823,Zaydiyya0000037Vols,138,961,1470,203,34
10,643,882,Shamela0009783BK1,819,88,392,121,45
10,1190,1451,Shia003656Vols,502,520,810,153,55
10,164,713,Shamela0021713,659,248,1224,252,32
10,807,930,Shamela0021713,660,34,198,62,47
10,164,713,Shamela0001686,407,134,1345,300,28
10,784,930,Shamela0001686,408,355,598,74,39
10,607,1256,Sham19Y0018607,4659,290,774,125,20
11,1,1126,Shia003616Vols,68,481,1480,606,56
11,1126,1536,Shia003616Vols,69,1,223,169,51
11,86,403,Shamela0010529,66,132,370,179,70
11,1161,1498,Shamela0026566,85,41,442,170,48
11,1337,1498,Shia001432Vols,8080,868,1041,128,92
11,1337,1468,Shia001432Vols,20164,1069,1206,100,92
11,336,476,Shia001432Vols,35367,306,467,111,86
11,314,551,Shamela0005816,66,1213,1424,153,78
11,551,1324,Shamela0005816,67,1,622,258,32
11,1311,1498,JK006838,519,891,1129,143,73
11,1337,1498,Shia002359Vols,567,1240,1412,128,92
11,1,276,Shia003732Vols,2423,764,1014,191,86
11,719,1324,Shia003732Vols,2424,967,1468,232,39
11,685,822,Shamela0009773,311,514,676,98,75
11,1311,1498,Shamela0021821,184,1115,1357,148,76
11,1346,1498,ShamAY0036736,76,948,1105,109,86
11,1311,1498,Shamela0012884,616,986,1219,142,75
11,314,1324,Shamela0009898,74,425,1276,411,41
11,1,168,Shamela0009873,1733,727,889,82,54
11,361,677,Shamela0009873,1735,732,935,139,52
11,1337,1459,Shamela0009873,1738,1197,1321,89,88
11,1,729,Shia003656Vols,502,815,1505,472,73
11,1337,1468,Shia001122Vols,4681,256,391,98,91
11,1337,1498,Shia001615Vols,526,1184,1338,112,81
12,397,1048,Shamela0012406,666,913,1285,240,45
12,336,892,Shamela0006590,497,337,741,306,70
12,309,1313,Shia003656Vols,543,259,752,366,45
12,176,872,Shamela0001686,1353,906,1460,391,70
12,872,1307,Shamela0001686,1354,1,417,320,92
13,495,805,Sham19Y0145435,217,741,1271,167,37
13,107,940,Shia003616Vols,69,720,1114,234,31
13,495,805,Shamela0009769,26,446,1049,174,35
13,495,805,Shia003714Vols,252,311,862,169,36
13,488,805,Shamela0009783BK1,822,535,1019,154,37
13,482,698,Shamela0001686,1059,103,345,129,65
14,378,727,Shamela0012406,571,1228,1430,147,52
14,738,1231,Shia002616Vols,889,32,539,305,62
14,157,657,Shia003616Vols,69,1180,1533,127,26
14,1308,1453,Shia003616Vols,70,402,555,79,55
14,279,558,ShamAY0034585,830,511,796,198,88
14,613,1231,Shamela0026566,85,588,1182,314,50
14,864,1231,JK006838,520,1,320,181,50
14,738,1231,Shamela0021821,185,40,555,303,61
14,157,727,Shia003714Vols,253,734,1048,169,33
14,776,1231,Shamela0012884,617,1,452,279,64
14,218,504,Shia003656Vols,542,1292,1550,166,68
14,378,727,Shamela0001686,409,905,1111,141,50
15,30,215,Shamela0035100,13,138,412,94,41
15,301,506,Shia003616Vols,1905,1054,1230,137,82
15,308,1405,Shamela0003722,2407,134,1002,354,32
15,308,1391,Shamela0003118,2574,462,1465,387,33
15,1357,1531,Shia001432Vols,8218,1138,1301,124,84
15,30,215,Shamela0010906,198,1012,1285,92,40
15,308,650,Shamela0010906,974,115,302,123,44
15,353,1531,Shia002185Vols,2900,32,1219,791,75
15,308,1391,JK000916,7808,542,1407,337,29
15,297,868,Shamela0001686,409,1223,1536,161,33
15,868,1469,Shamela0001686,410,1,272,178,36
15,426,1391,Shamela0001686,904,28,915,342,33
16,1061,1460,Shamela0012406,610,232,646,304,91
16,1061,1460,Shamela0006789,40,955,1375,304,89
16,620,932,Shia003616Vols,1905,1077,1404,157,51
16,1099,1460,Sham19Y0017768,1371,1068,1360,218,73
16,1061,1460,Shamela0027096,10,378,798,301,87
16,937,1317,Shamela0005816,68,1212,1480,149,48
16,620,1038,Shia003732Vols,1489,70,460,167,39
16,1080,1245,Shamela0012031,143,1254,1447,125,84
16,1245,1460,Shamela0012031,144,1,206,164,94
16,5,293,Shia002185Vols,2900,1219,1511,221,95
16,374,1460,Shia002185Vols,2901,60,985,685,78
16,937,1424,Shamela0009898,76,422,782,205,51
16,1115,1317,Shamela0023700,1874,5,168,120,69
16,207,403,Shia003656Vols,927,544,744,108,66
16,937,1424,ShamAY0034434,94,435,822,209,51
16,1061,1460,Shamela0001686,846,684,1105,304,89
16,1061,1460,JK000533,1820,146,502,264,81
16,630,1359,Sham19Y0001729,4998,337,1010,318,42
17,388,901,Shamela0004473,10021,559,1052,293,59
17,627,1042,Sham19Y0148271,465,1,487,198,40
17,530,920,Shia003616Vols,73,1021,1491,291,76
17,388,1042,Shia003616Vols,2579,726,1399,356,54
17,461,1018,Shamela0025794,4283,621,1269,307,52
17,434,1018,Shamela0021766,1720,536,1197,295,49
17,520,901,Shia001432Vols,8219,45,464,254,68
17,388,633,Shamela0023695,753,595,818,172,86
17,509,823,Sham19Y0127677,1041,56,462,189,54
17,598,823,Shia002265Vols,3898,111,396,165,68
17,496,901,Shia001782Vols,1094,1005,1459,235,60
17,553,1018,Shia003732Vols,1489,584,1091,255,51
17,598,823,Shamela0001438,953,411,694,166,69
17,1,934,Shia002185Vols,2901,985,1494,351,46
17,955,1463,Shia002185Vols,2902,1,528,365,80
17,530,901,Shamela0023735,2815,493,848,225,65
17,553,833,Shia003656Vols,900,1043,1324,209,85
17,598,823,JK009390,420,285,568,166,69
17,598,756,ShamAY0034447,1197,72,566,93,23
17,108,549,Sham19Y0001729,4998,710,1010,197,55
17,520,833,Shia001615Vols,3174,608,1010,245,75
18,654,929,Shia003616Vols,74,908,1155,168,73
18,638,929,Shia003616Vols,1906,1,354,187,60
18,508,943,Shia001432Vols,8219,445,812,233,63
18,1,993,Shia002185Vols,2902,540,1533,757,91
18,996,1520,Shia002185Vols,2903,5,532,408,96
19,501,1072,Shia003616Vols,81,224,633,267,58
19,339,465,Shia003616Vols,1252,1377,1503,99,100
19,465,1072,Shia003616Vols,1253,1,600,472,98
19,1180,1447,Shia003616Vols,2725,1125,1413,200,84
19,339,958,ShamAY0032784,1,472,1072,252,41
19,355,1072,Shia001432Vols,8219,740,1405,507,88
19,929,1447,Shamela0023695,753,595,1070,229,44
19,389,1072,Shia003732Vols,1490,591,1182,312,51
19,1,924,Shia002185Vols,2903,540,1427,655,88
19,924,1447,Shia002185Vols,2904,1,461,334,78
19,1079,1276,JK000916,7598,85,255,106,72
20,11,458,Shia003616Vols,74,1131,1550,307,79
20,458,1408,Shia003616Vols,75,1,906,508,56
20,300,568,Shia003616Vols,2067,94,456,140,41
20,831,1204,Shia003616Vols,2636,470,835,283,94
20,45,329,Shia003616Vols,2726,1,312,215,85
20,840,1204,Shamela0021766,1721,285,635,200,59
20,132,292,Shia001432Vols,8220,1,158,126,96
20,372,471,Sham19Y0132971,419,126,640,78,19
20,1,455,Shamela0023695,753,1070,1455,254,65
20,292,1204,Shia003732Vols,1491,671,1312,362,43
20,1,1051,Shia002185Vols,2904,461,1490,740,85
20,1051,1476,Shia002185Vols,2905,1,358,255,74
20,26,292,Shamela0009873,1069,346,645,213,86
20,292,568,JK000916,19595,1081,1327,180,78
21,111,351,Shia003616Vols,75,902,1124,139,62
21,822,1229,Shamela0003118,6468,500,906,316,94
21,123,272,Shia001432Vols,8220,229,386,112,89
21,171,351,Shia001432Vols,35371,1117,1253,103,72
21,1,1142,Shia002185Vols,2905,362,1493,814,84
21,1142,1476,Shia002185Vols,2906,1,345,262,95
21,165,704,Shia003656Vols,899,532,717,140,32
21,782,1289,Shia003656Vols,901,297,636,210,50
21,782,1229,JK000916,22524,445,893,349,95
22,318,680,Shia003458,181,1137,1456,203,64
22,680,1117,Shia003458,182,1,419,302,85
22,275,666,ShamAY0034068,928,964,1556,146,24
22,296,1457,Sham19Y0145435,224,361,1476,554,47
22,318,940,Shamela0012406,576,609,1131,303,55
22,296,575,Shamela0023833,398,1181,1490,166,63
22,575,1467,Shamela0023833,399,1,964,412,40
22,318,695,Shamela0009770,309,1188,1550,221,64
22,698,1467,Shamela0009770,310,1,753,335,40
22,100,304,Shia003616Vols,76,1,204,158,95
22,304,1310,Shia003616Vols,3710,307,1135,466,49
22,310,1310,Shia003616Vols,4491,39,883,460,48
22,318,866,ShamIbadiyya0000193,1337,416,868,253,52
22,318,935,Shia003636Vols,667,146,555,299,60
22,408,1467,Shamela0004445,1380,8,1071,507,45
22,62,211,Shia001432Vols,35371,1323,1495,120,86
22,522,935,Shia001432Vols,35372,80,494,273,72
22,324,1457,Shamela0005816,69,433,1057,368,39
22,1166,1467,JK009408,2322,909,1259,138,41
22,431,935,Sham19Y0013995,20,5,513,326,70
22,318,866,Tafsir09050,1379,723,1194,253,51
22,532,784,SHAM19Y23644,1054,1229,1481,152,66
22,314,680,Kraken210630005153,7457,1222,1564,206,61
22,680,1298,Kraken210630005153,7458,1,405,229,41
22,304,1457,Shamela0009784,750,301,1383,541,47
22,356,1467,JK009266,4340,6,999,462,41
22,527,1467,Shamela0009229,462,1,941,424,42
22,280,738,ShamAY0034055,3584,1023,1540,182,31
22,747,935,ShamAY0034055,3585,1,165,121,82
22,1166,1467,Shia001782Vols,1907,170,518,140,42
22,299,854,Shia003732Vols,1484,266,1046,273,40
22,299,940,JK009242,384,72,586,317,59
22,304,935,Shamela0010283,3420,334,885,327,58
22,408,1350,Sham19Y0145166,201,1,646,376,46
22,296,935,Shia003714Vols,267,463,1050,366,63
22,296,1310,JK000927,768,656,1502,465,49
22,1192,1467,Tafsir06049,2832,519,1020,170,42
22,318,930,Tafsir06049,2832,7,519,304,56
22,296,760,Shamela0006864,944,968,1491,284,62
22,760,1467,Shamela0006864,945,1,738,292,36
22,1,1112,Shia002185Vols,2906,345,1471,842,91
22,1062,1467,Shia002185Vols,2907,201,605,279,82
22,318,935,Zaydiyya0000037Vols,141,308,706,265,52
22,318,866,Shamela0009898,76,1124,1517,254,55
22,62,527,Shamela0009873,1060,880,1403,178,36
22,522,940,Shamela0009873,1061,9,575,274,56
22,296,1467,Shamela0023700,2939,222,1252,406,35
22,318,615,Shia003704,115,943,1238,166,60
22,431,1467,Shamela0009783BK1,833,5,1088,500,45
22,1166,1467,Shamela0001733,4947,26,376,134,40
22,314,940,ShamAY0034434,94,861,1461,381,68
22,1222,1457,ShamAY0034434,95,38,330,117,46
22,318,1467,Shamela0001686,2707,163,1050,576,61
22,296,1341,Shamela0006617,337,612,1523,496,50
22,318,940,Shamela0023628,1501,726,1386,375,64
22,262,738,Shamela0000041,1033,545,1544,292,35
22,738,1467,Shamela0000041,1034,20,731,295,38
22,1166,1467,Shamela0021481,278,380,756,143,41
22,280,935,Shia002702Vols,3630,617,1297,305,42
23,632,1322,ShamAY0034068,929,840,1439,296,47
23,1,1452,Sham19Y0145435,225,116,1139,494,37
23,658,1452,Shamela0012406,577,117,790,320,45
23,1,855,Shamela0023833,399,964,1455,242,32
23,1095,1452,Shamela0023833,400,143,623,217,54
23,628,959,Shamela0035100,31,1119,1464,163,56
23,1,1294,Shamela0009770,310,753,1460,374,34
23,34,1452,Shamela0021766,1717,46,1266,458,31
23,1,800,Shamela0004445,1380,1071,1468,207,30
23,1095,1452,Shamela0004445,1381,154,628,212,53
23,628,959,Shamela0010906,217,535,880,162,55
23,1099,1455,JK009408,2323,354,732,193,55
23,632,959,JK006838,526,534,889,160,54
23,705,1404,SHAM19Y23644,1055,647,1153,236,43
23,1,1265,Kraken210630005153,7459,746,1486,358,32
23,1095,1452,Shamela0009784,751,455,890,193,48
23,1095,1452,Shamela0009229,463,16,416,204,58
23,632,1426,Shia001782Vols,1907,737,1429,327,44
23,1,1386,Shia003732Vols,1485,25,1417,451,28
23,1,192,JK009242,384,719,835,71,43
23,100,1452,Shamela0010283,3421,8,863,398,33
23,1,1452,Shia003714Vols,268,88,1384,488,31
23,1095,1452,JK000927,769,881,1349,213,54
23,1,978,JK000927,769,344,921,293,34
23,1,855,Tafsir06049,2832,1020,1465,239,33
23,1099,1452,Tafsir06049,2833,83,540,214,55
23,1,1244,Shamela0006864,945,738,1431,358,33
23,1244,1452,Shamela0006864,946,9,312,139,56
23,4,635,Shia002185Vols,2907,609,1252,500,96
23,519,1455,Shia002185Vols,2908,6,837,553,73
23,1099,1426,Shia002032,51,716,1087,169,50
23,1,978,Shia002032,51,165,750,278,33
23,34,685,Shamela0009873,1061,1214,1451,124,23
23,705,1452,Shamela0009873,1062,304,966,264,38
23,1,192,Shia003704,116,239,439,96,57
23,632,1452,Shia003704,116,446,1098,328,47
23,1,779,Shamela0009783BK1,833,1088,1460,209,32
23,779,1452,Shamela0009783BK1,834,1,654,300,45
23,1,1426,Shamela0001733,4947,376,1299,438,35
23,1233,1455,ShamAY0034434,95,891,1155,129,59
23,1,232,Shamela0001686,2707,1050,1257,146,76
23,1,1452,Shamela0006617,338,303,1325,490,37
23,1095,1426,Shamela0023628,1502,966,1432,202,53
23,1,978,Shamela0023628,1502,415,1006,304,36
23,1,1244,Shamela0000041,1034,731,1416,362,34
23,1244,1452,Shamela0000041,1035,1,295,139,58
23,4,959,Shamela0021481,278,756,1303,247,31
24,891,1243,Shia003616Vols,76,464,750,97,29
24,1,138,Shia003636Vols,667,772,881,87,79
24,746,1243,Shia003732Vols,1486,565,919,139,31
24,1,686,Shia002185Vols,2908,837,1436,445,79
24,686,1507,Shia002185Vols,2909,1,729,553,82
25,257,1198,Shia003616Vols,76,564,1238,334,39
25,691,1153,Shamela0021766,1718,575,705,80,21
25,1204,1481,Shia001432Vols,8220,678,961,221,94
25,276,751,Shia003732Vols,1486,727,1519,241,35
25,1,747,Shia002185Vols,2909,729,1495,577,94
25,747,1461,Shia002185Vols,2910,1,874,555,79
26,1,174,Shia001432Vols,8220,961,1119,130,91
26,770,1176,Shia001432Vols,8220,1127,1505,286,89
26,1183,1491,Shia001432Vols,8221,1,249,190,75
26,1,1001,Shia002185Vols,2912,499,1457,707,86
26,1012,1491,Shia002185Vols,2913,1,492,368,89
27,1,421,Shia001432Vols,8221,249,687,326,92
27,1,951,Shia002185Vols,2913,492,1482,731,92
27,951,1446,Shia002185Vols,2914,1,510,380,93
28,529,849,Shia003616Vols,77,568,844,213,83
28,1141,1474,Shia003616Vols,2702,40,381,261,95
28,529,838,Shamela0021766,1726,663,939,201,77
28,1141,1474,Shia001432Vols,8221,691,855,123,46
28,529,838,Shia003732Vols,1497,357,625,207,83
28,1,930,Shia002185Vols,2914,510,1462,724,94
28,930,1474,Shia002185Vols,2915,1,576,427,93
29,246,899,Shia003458,72,391,1306,282,38
29,155,1117,Shamela0023833,401,223,1392,575,59
29,5,141,Shia003616Vols,2702,386,524,104,96
29,176,1342,Shamela0009773,240,293,1409,819,87
29,229,1096,Shamela0009773,2941,734,1253,363,52
29,287,1186,Shamela0006864,947,1,1203,559,57
29,1,918,Shia002185Vols,2915,576,1437,637,85
29,918,1395,Shia002185Vols,2916,1,469,360,95
30,1059,1480,Sham19Y0145435,1457,595,996,157,40
30,1054,1480,Shamela0023833,407,186,600,161,40
30,1059,1480,Shamela0009770,312,237,621,154,38
30,582,1054,Shia003616Vols,78,633,1185,339,72
30,1054,1450,Shamela0004445,1392,1003,1409,154,41
30,1054,1480,Shamela0010695,73,183,582,142,34
30,122,576,Shia001432Vols,8221,924,1111,149,39
30,582,1054,Shia003732Vols,1496,493,982,325,77
30,1054,1445,Shia003714Vols,275,1078,1479,150,40
30,1059,1337,JK000927,774,1222,1475,112,43
30,1054,1480,Shamela0006864,952,1118,1532,161,40
30,1,748,Shia002185Vols,2916,481,1541,544,59
30,748,1580,Shia002185Vols,2917,1,833,630,91
30,1059,1337,Shamela0009783BK1,839,1239,1491,112,43
31,590,913,Sham19Y0145435,1457,1110,1383,165,60
31,834,1001,Shia003616Vols,78,1238,1377,110,81
31,252,1001,Shia003636Vols,668,1,338,229,37
31,1,648,Shia002185Vols,2917,833,1489,495,93
31,648,1512,Shia002185Vols,2918,1,873,673,94
31,590,913,Shamela0009783BK1,840,228,501,165,60
31,482,913,ShamAY0034434,96,1253,1503,165,46
31,266,906,Shamela0001686,411,496,884,271,51
32,347,809,Shia003458,182,565,1029,306,74
32,330,926,Shamela0009790,356,855,1335,255,49
32,434,956,Sham19Y0145435,1458,1,409,197,43
32,330,956,Shamela0012406,580,255,767,243,42
32,330,809,Shamela0023833,407,1066,1457,211,49
32,493,918,Shamela0009770,315,1,276,156,44
32,442,945,Shia003616Vols,79,1,447,331,82
32,330,918,Shamela0004445,1393,286,763,259,50
32,319,899,Shia001432Vols,8221,1116,1547,312,66
32,720,918,Shia001432Vols,35374,31,213,111,68
32,330,918,Shamela0005816,70,1047,1401,218,47
32,337,914,JK000911,531,549,846,170,37
32,330,918,Shamela0009784,761,272,736,260,51
32,330,918,Shamela0010283,3426,203,677,239,46
32,347,918,Shamela0009773,237,730,1102,215,48
32,347,918,Shamela0009773,2532,85,595,214,38
32,330,918,Shia003714Vols,276,417,890,253,49
32,330,956,JK000927,775,492,1026,260,47
32,330,914,Tafsir06049,2836,335,782,225,44
32,330,918,Shamela0006864,953,434,909,257,50
32,1,493,Shia002185Vols,2918,873,1507,373,72
32,493,1460,Shia002185Vols,2919,1,883,657,83
32,530,945,Zaydiyya0000037Vols,142,1,371,240,69
32,330,918,Shamela0009898,78,264,614,218,47
32,330,956,Shamela0009783BK1,840,501,1036,265,47
32,405,918,ShamAY0034434,97,6,320,191,47
32,330,918,Shamela0006617,467,677,1146,262,51
33,762,1007,Shia003616Vols,79,694,846,116,59
33,1,443,Shia002185Vols,2919,883,1355,322,80
33,421,1520,Shia002185Vols,2920,553,1564,718,76
33,389,876,Shamela0001686,411,996,1294,177,41
34,1128,1287,Shamela0009236,91,174,305,97,77
34,1168,1287,Shamela0010664,1004,1119,1229,83,89
34,1152,1287,Shamela0012929,593,153,279,95,88
34,11,317,Shia003732Vols,1497,645,827,119,46
34,1094,1366,Shia003732Vols,1497,1204,1427,144,61
34,11,321,Shamela0012935,169,1286,1481,118,44
34,6,1411,Shia002185Vols,2921,7,1379,946,79
34,22,321,Shamela0009873,1079,731,911,117,46
34,1094,1366,Shamela0001686,412,420,645,145,61
35,1,519,Shamela0035100,48,812,1396,226,43
35,6,1012,Shia003616Vols,80,610,1354,538,65
35,86,746,Shia003616Vols,471,409,977,241,33
35,483,1161,Shia003616Vols,2695,665,1233,432,78
35,1,1012,Shia001432Vols,8222,106,1010,604,71
35,1,519,Shamela0010906,234,305,889,226,43
35,483,589,Shamela0023695,904,1336,1442,84,99
35,118,1475,Shia002185Vols,2922,1,1274,822,69
35,801,945,Shamela0009873,1085,278,412,103,89
36,1001,1465,Sham19Y0145435,1455,826,1143,180,44
36,967,1465,Shamela0008473,2104,589,1002,213,44
36,967,1465,Shamela0012406,578,77,349,163,37
36,967,1465,Shamela0007798,4369,83,493,205,42
36,1159,1394,Shia003727Vols,735,1323,1550,173,93
36,967,1465,Shia003616Vols,81,649,1085,333,82
36,835,961,Shia003616Vols,81,1,118,93,92
36,967,1214,Shia003616Vols,1906,354,579,149,72
36,961,1465,Shia003616Vols,2079,607,1159,372,80
36,1181,1315,Shia001663Vols,98,1460,1598,107,97
36,1315,1465,Shia001663Vols,99,1,151,119,100
36,967,1465,Shamela0022593,936,283,603,196,48
36,1052,1465,Shamela0005816,71,253,540,150,43
36,1126,1465,Shamela0026568,139,33,222,135,50
36,972,1465,JK006838,529,168,475,182,44
36,1089,1465,Tafsir09084,1019,23,295,167,50
36,811,1465,Shia003732Vols,1492,672,1506,264,30
36,1027,1445,JK000917,719,1350,1574,138,40
36,1156,1465,Sham19Y0145166,204,828,1173,198,65
36,967,1461,Shamela0023685,164,1013,1438,203,41
36,1001,1465,JK000927,772,1,303,189,47
36,967,1449,Shamela0012884,2196,1194,1556,192,43
36,1,287,Shia002185Vols,2922,1210,1468,143,51
36,297,1454,Shia002185Vols,2923,1,1508,805,63
36,1052,1465,Shamela0009898,78,980,1259,153,45
36,1001,1465,Shamela0009783BK1,837,214,519,167,40
36,967,1465,Tafsir03092,895,510,830,196,48
36,1126,1330,Shia003656Vols,903,490,667,129,80
36,1052,1465,ShamAY0034434,97,677,991,147,40
37,19,333,Shamela0012318,417,578,764,117,48
37,517,1065,Shamela0001515,240,510,1104,213,33
37,7,756,Shamela0004473,8353,504,1484,275,28
37,828,1065,Shamela0004473,8354,46,405,136,48
37,333,1065,ShamAY0034059,1970,879,1423,257,37
37,704,1065,Shamela0023588,660,8,240,153,51
37,434,1065,ShamAY0034068,931,397,908,260,44
37,1,422,Sham19Y0145435,1455,1143,1490,192,48
37,338,1065,Sham19Y0145435,1456,109,657,295,47
37,756,1065,Shamela0022769,567,683,860,123,49
37,333,1065,ShamAY0033595,45,488,1043,284,44
37,482,1065,Shamela0008473,1544,765,1124,170,32
37,1,506,Shamela0008473,2104,1002,1500,232,45
37,472,1065,Shamela0008473,2105,99,520,251,49
37,506,941,Shia002382Vols,725,1092,1425,134,36
37,338,1065,Shamela0012406,578,778,1267,267,42
37,1,333,Shamela0023833,404,1165,1468,179,59
37,338,1065,Shamela0023833,405,118,673,297,47
37,1,290,Shamela0009770,312,1287,1493,141,61
37,338,1065,Shamela0009770,313,217,770,284,43
37,1,1032,Shamela0007798,4369,493,1477,433,40
37,764,913,Shia003727Vols,736,210,359,117,100
37,434,1065,Shamela0023613,2157,570,1072,262,45
37,1,584,Shia003616Vols,81,1085,1480,279,57
37,584,1424,Shia003616Vols,82,1,764,551,82
37,1,343,Shia003616Vols,2079,1159,1501,271,99
37,343,1424,Shia003616Vols,2080,1,1076,845,99
37,7,1065,ShamAY0034073,455,657,1305,383,42
37,496,1065,ShamIbadiyya0000193,1336,884,1246,223,46
37,1,256,JK000022,178,884,1070,121,57
37,517,1065,Shia003636Vols,10941,429,785,218,47
37,1,1280,Shia001663Vols,99,151,1428,1005,99
37,1280,1424,Shia001663Vols,100,1,145,115,100
37,1,969,Shia002389Vols,951,878,1440,208,24
37,477,1065,Shamela0021766,1722,74,863,253,38
37,434,828,Sham19Y0020891,2343,361,755,189,48
37,1,333,Shamela0004445,1387,1153,1403,178,67
37,338,1065,Shamela0004445,1388,55,611,288,45
37,7,264,Zaydiyya0000161,150,1323,1526,122,55
37,7,941,Shia001432Vols,8162,248,668,180,24
37,333,1065,Tafsir03037,869,777,1344,260,35
37,1,300,Shamela0000552,75,1193,1471,145,50
37,1,506,Shamela0023578,1290,948,1401,230,48
37,477,1065,Shamela0023578,1291,5,429,246,47
37,7,1065,Shamela0005816,71,545,1203,428,49
37,434,1065,Zaydiyya0000062,620,692,1171,246,43
37,333,1065,Shamela0010273,1003,678,1246,263,35
37,1,596,JK000911,530,776,1163,176,33
37,1,1065,Shamela0026568,139,222,1175,388,35
37,650,1065,Tafsir02096,728,22,193,101,31
37,333,1053,Tafsir09050,1378,986,1512,240,33
37,7,1065,JK006838,529,480,1373,410,38
37,1,1065,SHAM19Y23644,1058,679,1521,439,46
37,517,1065,Shia002359Vols,1853,737,1039,110,22
37,472,1065,Shamela0009784,759,8,416,247,48
37,506,874,Shia002380Vols,285,372,618,108,35
37,517,1065,JK000458,1293,73,436,231,49
37,1,1065,Tafsir09084,1019,295,1321,458,41
37,1,747,Shamela0009776,3419,749,1538,304,37
37,333,802,ShamAY0034055,3585,1048,1519,183,34
37,517,1065,Shia003732Vols,1493,451,1261,241,37
37,1,1065,Shamela0010283,3424,725,1345,379,43
37,564,1065,Shamela0012935,169,124,454,199,46
37,487,1065,Sham19Y0145166,205,398,927,237,40
37,209,1065,Shamela0023685,165,23,824,336,37
37,650,1065,ShamAY0034052,766,1,302,193,53
37,1,343,Shia003714Vols,272,896,1178,176,62
37,338,1065,Shia003714Vols,273,52,602,280,44
37,517,1065,Shia002333,102,216,518,110,22
37,1,264,JK000927,772,303,503,123,53
37,7,333,ShamAY0034441,210,1162,1411,177,68
37,338,1065,ShamAY0034441,211,406,966,281,44
37,756,1065,JK011068,116,19,192,117,48
37,50,1065,Shamela0023631,606,1,588,346,40
37,751,1065,Shamela0023631,1621,221,408,124,49
37,1,756,Shamela0006864,950,677,1515,333,38
37,756,1065,Shamela0006864,951,5,183,120,49
37,7,259,Shia004456Vols,2419,342,517,119,59
37,7,290,Shamela0012884,2197,22,240,115,50
37,1,1424,Shia002185Vols,2924,12,1387,1008,86
37,1,328,Shamela0009898,78,1259,1494,160,60
37,477,1065,Shamela0009898,79,6,431,265,51
37,517,1065,Shia004026,332,160,521,219,46
37,832,1065,Shamela0009873,1074,134,454,128,50
37,477,1065,Shamela0023700,951,623,1038,243,47
37,1,259,Shamela0023700,2234,625,812,123,58
37,731,1065,Shamela0036578,35,1,223,137,49
37,522,1065,Shamela0036578,1635,19,415,225,48
37,472,1065,Shamela0009783BK1,838,53,448,239,46
37,1,941,Shia003656Vols,507,984,1416,178,23
37,7,756,ShamAY0034434,97,996,1474,308,51
37,58,828,Shamela0001686,412,846,1140,209,34
37,522,1065,Shamela0006617,465,896,1248,217,46
37,1,307,Shamela0023628,1503,1237,1490,158,59
37,338,1065,Shamela0023628,1504,212,770,284,44
37,1,1065,Shamela0000041,1036,44,1062,451,41
37,721,1065,Shia002218Vols,363,1,223,144,50
37,333,1060,Shia002702Vols,3631,600,1190,259,35
38,1,144,ShamAY0034443,84,554,882,84,31
38,1,706,Shia003616Vols,82,764,1451,443,68
38,1006,1502,Shia003616Vols,83,360,821,345,86
38,90,304,Shia003616Vols,1906,453,671,135,64
38,1,358,Shia003616Vols,2080,1076,1433,285,100
38,358,746,Shia003616Vols,2081,1,275,166,49
38,1,642,Shia001663Vols,100,145,713,412,80
38,1,642,Shia003732Vols,1499,568,1350,189,24
38,49,1429,Shia002185Vols,2925,1,1042,733,64
38,1,340,Shamela0009873,1083,723,1368,108,17
38,185,495,Shamela0000041,1036,1088,1416,162,51
39,1,989,Shia003616Vols,83,821,1442,444,53
39,12,611,Shia002185Vols,2925,961,1512,303,56
39,611,1494,Shia002185Vols,2926,1,810,558,74
39,262,855,Shia002185Vols,4552,1,354,187,39
40,482,1347,Shamela0009770,314,434,1285,333,34
40,296,799,Shia003616Vols,84,92,456,279,67
40,510,1347,Shia003636Vols,669,240,630,236,34
40,1045,1370,JK006838,535,127,451,139,46
40,444,911,Shia003732Vols,1495,391,894,251,51
40,472,839,Shia002406Vols,3314,211,576,242,71
40,1,697,Shia002185Vols,2926,810,1517,515,87
40,705,1497,Shia002185Vols,2927,22,736,503,78
40,363,515,Shamela0009873,1077,136,281,115,95
40,961,1174,Shamela0001686,413,446,646,145,85
41,90,741,Shamela0004473,16382,1,482,257,45
41,134,741,Sham19Y0145435,1459,705,1129,245,46
41,81,453,Sham19Y0014218,152,991,1363,198,60
41,793,970,Shamela0008473,2113,47,241,98,54
41,71,741,Shamela0023833,409,330,839,271,46
41,90,453,Shamela0035100,16,1,366,191,57
41,67,343,Shamela0010646,725,606,931,179,66
41,71,741,Shamela0009770,316,76,603,269,44
41,823,970,Shamela0037458,1465,60,225,88,66
41,57,292,Tafsir07076,3837,897,1122,117,47
41,134,430,Tafsir07076,8150,30,263,127,51
41,108,1054,Shia003616Vols,84,713,1425,305,31
41,505,753,Shia003616Vols,1972,1190,1464,192,88
41,67,753,Shia003616Vols,2081,242,929,547,99
41,823,970,Tafsir07057,2162,175,346,92,60
41,71,687,Shamela0021766,1727,940,1539,257,44
41,71,609,Shamela0004445,1395,849,1459,245,44
41,134,453,Shamela0010695,74,12,353,172,57
41,134,343,Shamela0009728,58,1175,1448,154,70
41,76,453,Shamela0010906,201,915,1298,204,58
41,60,343,Shamela0005816,73,260,688,188,55
41,129,314,JK006838,530,378,578,123,70
41,71,741,Shamela0009784,764,96,715,263,41
41,67,741,Zaydiyya0000053,1145,309,850,273,45
41,129,453,Shamela0009776,6533,1155,1424,159,59
41,475,707,ShamAY0033945,1834,1104,1340,156,77
41,71,296,Shia003732Vols,1498,1229,1565,163,60
41,71,264,JK000917,260,1242,1454,152,86
41,823,970,Shamela0023623,1477,1117,1282,88,66
41,67,343,Shamela0010283,1250,360,714,182,65
41,134,314,JK000362,1292,117,313,124,70
41,71,741,Shia003714Vols,277,453,997,262,42
41,71,343,JK000927,776,1066,1452,188,59
41,122,343,ShamAY0034441,213,935,1221,158,69
41,67,741,Tafsir06049,2860,939,1448,271,45
41,823,970,ShamAY0034054,1420,1211,1376,88,66
41,81,687,Shamela0006947,15182,665,1168,249,50
41,71,343,Shamela0006864,954,1088,1485,188,58
41,308,817,Shamela0012884,1150,107,431,228,55
41,1,936,Shia002185Vols,2927,736,1498,544,69
41,936,1499,Shia002185Vols,2928,1,626,425,85
41,60,343,Shamela0009898,80,981,1420,188,54
41,81,741,Shamela0009873,1082,283,991,290,43
41,81,453,Shamela0012293,4869,816,1220,187,52
41,134,308,Shamela0009783BK1,841,1256,1455,136,83
41,71,343,JK001310,24,367,642,181,79
41,129,1217,Shamela0001686,413,696,1438,387,39
41,308,817,Shamela0001686,1194,925,1251,201,49
42,1192,1453,Shamela0021766,1731,1042,1267,107,54
42,1192,1453,Shia003732Vols,1503,577,878,135,53
42,20,1117,Shia002185Vols,2928,631,1245,410,43
42,1185,1453,Shia002185Vols,2929,164,459,174,66
42,299,722,Shia002185Vols,4552,480,896,324,96
43,656,1132,Sham19Y0145435,1461,105,641,211,43
43,1,1085,Shia003616Vols,85,729,1502,586,67
43,1113,1485,Shia003616Vols,791,606,889,183,64
43,1,163,Shamela0021766,1731,1267,1429,135,99
43,744,1132,Shamela0021766,1732,1,331,225,72
43,1,1056,Shia003732Vols,1503,878,1531,484,56
43,1,1459,Shia002185Vols,2929,459,1485,729,61
44,1185,1453,Shamela0012406,584,158,579,195,57
44,10,306,Shamela0012406,592,188,462,166,62
44,1185,1487,Shia003616Vols,86,984,1286,219,86
44,7,543,Shia003616Vols,791,840,1287,344,79
44,1185,1453,Shia003616Vols,1626,148,572,164,49
44,860,1453,Shia003616Vols,3712,765,1307,177,25
44,7,322,Shamela0021766,1735,354,727,193,62
44,7,433,Sham19Y0127677,3720,665,1057,184,47
44,10,456,Sham19Y0127677,4073,206,638,296,79
44,7,433,Shia002265Vols,3279,245,639,180,45
44,59,456,Shia002265Vols,3285,557,964,268,78
44,1190,1453,SHAM19Y23644,1058,22,397,179,61
44,1190,1413,Shamela0009784,768,607,1063,160,44
44,7,543,ShamAY0033945,1417,360,967,336,65
44,7,433,Shia001782Vols,1915,279,683,184,46
44,7,369,Shia003732Vols,1509,1144,1542,212,61
44,1185,1413,Shamela0009773,239,366,555,106,51
44,1177,1453,Shamela0012935,174,699,1198,179,43
44,7,322,Shamela0006590,318,768,1151,198,62
44,15,306,Shia003714Vols,282,383,669,165,65
44,10,456,Shamela0001438,5635,1039,1464,295,79
44,7,433,Shamela0001438,5911,990,1387,180,45
44,24,1396,Shia002185Vols,2930,1,1499,743,50
44,15,384,Shamela0001686,414,18,433,197,56
44,7,433,Shamela0021765,1590,7,403,179,46
44,7,433,Shamela0021765,2414,854,1264,190,47
45,32,347,Shamela0001515,243,1043,1159,83,33
45,973,1463,Shamela0023833,410,1,446,185,33
45,1116,1463,Shamela0035100,16,856,1133,173,55
45,32,287,Shia003616Vols,86,1286,1527,192,94
45,287,1398,Shia003616Vols,87,1,984,741,80
45,845,992,Shia003616Vols,2695,1242,1404,113,87
45,992,1332,Shia003616Vols,2696,1,344,278,99
45,1018,1332,Shamela0010529,67,464,698,176,65
45,987,1463,Shamela0021766,1729,1,401,257,59
45,1116,1463,Shamela0004445,1397,28,370,179,55
45,32,1332,Shia001432Vols,8223,138,1182,814,75
45,347,1145,Shia001432Vols,35402,165,511,190,29
45,1116,1463,Shamela0010906,202,268,547,172,55
45,1232,1463,JK000911,532,693,899,155,82
45,1116,1463,Shamela0009784,765,424,755,178,56
45,960,1463,Shia003732Vols,1500,87,544,292,62
45,32,824,Shia003732Vols,1504,90,928,635,94
45,32,835,Shia002406Vols,3314,630,1428,614,93
45,973,1463,Shia003714Vols,278,225,655,186,34
45,973,1463,Shamela0006864,955,794,1238,185,33
45,32,1492,Shia002185Vols,2931,107,1450,1023,83
45,32,347,Shamela0009873,1082,6,128,83,33
45,968,1463,ShamAY0034434,100,630,1061,191,35
46,23,300,Sham19Y0145435,1460,733,1001,184,74
46,23,300,Shamela0023833,410,492,778,185,71
46,23,300,Shamela0035100,16,1146,1401,166,70
46,1054,1357,ShamAY0036107,40,418,726,149,55
46,84,300,Shamela0009770,317,1,202,150,84
46,1054,1454,Shia003616Vols,87,941,1374,290,85
46,23,300,Shamela0021766,1729,519,798,175,67
46,1050,1357,Shamela0021766,1731,539,804,183,75
46,23,300,Shamela0004445,1397,412,680,184,75
46,23,300,Shamela0010906,202,560,815,166,70
46,368,1409,SHAM19Y23644,1061,181,1328,523,47
46,23,300,Shamela0009784,765,802,1074,187,76
46,23,300,Shia003732Vols,1500,863,1151,178,67
46,1050,1357,Shia003732Vols,1502,950,1269,212,83
46,23,300,Shia003714Vols,278,693,969,180,70
46,23,255,JK000927,777,1241,1462,147,69
46,23,209,Shamela0006864,955,1284,1467,113,63
46,14,113,Shia002185Vols,2931,1450,1545,74,95
46,113,1454,Shia002185Vols,2932,1,1240,921,84
46,1079,1357,Shamela0009873,1089,180,439,173,74
46,23,280,Shamela0009783BK1,842,1212,1456,168,73
47,469,999,Sham19Y0145435,228,1023,1509,248,48
47,475,999,Shamela0012406,582,5,458,238,49
47,1,588,Shamela0023833,410,873,1292,165,31
47,736,999,Shamela0023833,411,6,214,153,70
47,492,999,Shamela0035100,17,139,570,214,45
47,1,999,Shamela0009770,317,239,926,322,37
47,1,155,Shia003616Vols,87,1374,1510,107,87
47,625,1398,Shia003616Vols,88,124,713,437,69
47,162,469,Shamela0003722,1581,305,639,231,87
47,498,919,Shia003636Vols,671,258,580,205,58
47,1,894,Shamela0021766,1729,878,1495,296,38
47,736,999,Shamela0004445,1399,171,378,154,70
47,492,999,Shamela0010906,202,1057,1488,212,44
47,1,999,Shamela0005816,74,249,838,315,34
47,749,999,SHAM19Y23644,1060,76,321,167,80
47,1,588,Shamela0009784,765,1154,1444,146,31
47,736,999,Shamela0009784,766,131,392,154,62
47,1,554,Shia003732Vols,1500,1231,1501,136,32
47,736,1398,Shia003732Vols,1501,188,680,357,65
47,480,999,Shamela0010283,3428,1,518,278,55
47,736,999,Shia003714Vols,279,152,357,150,71
47,48,999,JK000927,778,130,906,325,34
47,1,999,ShamAY0034441,214,824,1470,295,34
47,1,999,Tafsir06049,2838,475,1145,326,37
47,1,999,Shamela0006864,956,184,957,336,37
47,1,261,Shia002185Vols,2932,1240,1464,154,74
47,261,1484,Shia002185Vols,2933,1,1234,904,88
47,669,985,Zaydiyya0000037Vols,143,609,899,210,80
47,1,803,Shamela0009898,81,1027,1478,215,29
47,1,999,Shamela0009783BK1,843,87,911,307,30
47,155,469,JK000916,5492,254,568,234,91
47,277,999,Shamela0001686,414,404,1005,392,66
47,475,999,Shamela0006617,471,612,1075,232,46
48,154,401,Sham19Y0145435,229,1,200,135,65
48,985,1447,Shia001887Vols,1246,762,1194,196,39
48,145,401,JK000911,533,176,358,124,60
48,145,401,JK006838,547,845,1040,138,66
48,149,642,SHAM19Y23644,1060,326,736,275,66
48,365,842,Shamela0012884,2193,23,777,219,33
48,141,339,Shia002185Vols,2933,1265,1469,152,95
48,339,1478,Shia002185Vols,2934,1,1105,851,92
48,386,588,Shamela0009873,1086,514,782,72,32
48,145,401,Shamela0009783BK1,843,916,1124,142,66
48,697,1447,JK000435,133,1,436,221,32
48,49,925,JK000916,14580,611,1488,688,98
48,925,1478,JK000916,14581,1,534,418,93
48,1227,1447,Shamela0022549,162,98,350,154,70
49,59,616,Sham19Y0145435,229,880,1280,181,33
49,59,496,Shamela0012406,583,1149,1442,131,31
49,59,350,Shamela0023833,411,1235,1439,92,31
49,456,616,Shamela0023833,412,5,180,82,51
49,59,616,Shamela0009770,318,476,868,183,33
49,496,1140,Shia003616Vols,88,897,1260,207,36
49,59,496,Shamela0004445,1399,1211,1470,135,34
49,59,616,Shamela0010906,203,819,1208,166,30
49,59,616,Shamela0005816,75,209,643,184,37
49,59,616,JK006838,548,241,620,168,31
49,238,616,Shamela0009784,768,217,491,149,44
49,59,616,Shia003732Vols,1502,222,625,177,32
49,694,1140,Shia003732Vols,1505,1,420,176,35
49,59,535,Shamela0010283,3428,907,1101,131,33
49,59,535,Shia003714Vols,279,1183,1458,142,31
49,59,616,JK000927,780,291,692,178,32
49,59,616,Shamela0006864,957,553,940,181,33
49,1,389,Shia002185Vols,2934,1105,1515,300,89
49,389,1505,Shia002185Vols,2935,1,969,724,78
49,59,616,Shamela0009898,82,971,1405,184,37
49,59,616,Shamela0009783BK1,845,252,653,178,32
49,59,595,ShamAY0034434,101,1034,1437,167,34
49,1,1007,JK000916,14581,534,1500,758,94
49,1007,1505,JK000916,14582,1,484,374,92
49,473,1056,Shamela0001686,414,1209,1548,179,34
49,456,616,Shamela0006617,473,25,210,80,47
50,222,470,Shia002382Vols,727,515,719,131,64
50,1291,1477,Shia003616Vols,88,1272,1473,144,87
50,157,1473,Shamela0003118,4288,370,1431,825,77
50,222,470,Shia002389Vols,953,386,590,131,64
50,72,476,Shia001432Vols,8163,993,1372,162,46
50,1278,1473,Sham19Y0127677,5757,939,1148,150,87
50,1278,1473,Shia002265Vols,3286,889,1099,152,88
50,1278,1473,Shamela0001438,7867,964,1173,149,87
50,1,487,Shia002185Vols,2935,969,1485,372,89
50,487,1473,Shia002185Vols,2936,1,999,731,87
50,1,985,JK000916,14582,484,1466,774,99
50,985,1473,JK000916,14583,1,499,377,92
51,999,1411,Shamela0009770,318,1067,1463,155,36
51,132,1517,Shia003616Vols,89,1,1161,672,52
51,59,1411,Shamela0003118,4289,1,995,780,71
51,1168,1486,Shia003636Vols,672,1,264,161,60
51,1,305,Sham19Y0127677,5757,1135,1469,241,90
51,305,1486,Sham19Y0127677,5758,1,740,566,59
51,1,348,Shia002265Vols,3286,1086,1450,274,94
51,348,1486,Shia002265Vols,3287,1,694,527,57
51,323,530,Sham19Y0122397,179,1,172,119,69
51,127,746,Shia003732Vols,1507,569,1219,276,45
51,117,530,Shamela0023623,1470,163,413,164,50
51,117,530,ShamAY0034054,1413,475,726,169,51
51,1,323,Shamela0001438,7867,1160,1500,252,92
51,323,1486,Shamela0001438,7868,1,709,549,58
51,117,530,Shamela0012884,2183,760,992,147,44
51,1,541,Shia002185Vols,2936,986,1479,365,84
51,541,1517,Shia002185Vols,2937,1,964,708,85
51,49,530,Shamela0001733,896,98,401,173,45
51,1,108,JK009390,5059,1355,1462,85,100
51,108,1486,JK009390,5060,1,1038,503,35
51,1,995,JK000916,14583,486,1495,775,95
51,995,1517,JK000916,14584,1,522,420,99
52,37,892,Shia003727Vols,72,68,777,271,30
52,1,448,Shia003616Vols,89,1136,1528,296,80
52,1073,1453,Shamela0003118,4289,1000,1388,304,96
52,174,743,Shia003636Vols,672,275,850,270,49
52,1128,1453,Shia003636Vols,673,1,339,217,78
52,192,743,Shia003636Vols,1123,651,1265,262,46
52,174,724,Shia003636Vols,9643,125,813,273,44
52,37,892,Shia001432Vols,8185,275,977,229,25
52,820,1142,Shia001432Vols,8223,1231,1554,229,81
52,1179,1490,Shia002958,64,49,357,151,55
52,327,708,Shia004092Vols,3047,48,353,171,48
52,1,882,Shia004092Vols,10787,1115,1585,341,47
52,246,717,Shamela0008658,2068,231,599,202,46
52,19,868,Sham19Y0127677,5758,703,1518,586,79
52,868,1522,Sham19Y0127677,5759,1,644,492,91
52,19,932,Shia002265Vols,3287,657,1515,620,79
52,932,1522,Shia002265Vols,3288,1,578,451,95
52,66,459,JK006838,578,344,579,121,36
52,1128,1410,SHAM19Y23644,1062,1039,1387,185,63
52,1216,1410,Shia003732Vols,1530,1082,1303,113,60
52,19,898,Shamela0001438,7868,698,1510,602,82
52,898,1501,Shamela0001438,7869,8,583,446,92
52,246,717,Shamela0012884,3495,668,1036,201,46
52,1,557,Shia002185Vols,2937,964,1523,442,97
52,557,827,Shia002185Vols,2938,613,895,197,83
52,820,1453,Shia002185Vols,2939,559,1242,484,86
52,19,583,JK009390,5060,1001,1549,411,85
52,567,1522,JK009390,5061,8,784,565,71
52,37,892,Shia003707Vols,167,187,872,228,25
52,1,1003,JK000916,14584,522,1540,778,93
52,1003,1522,JK000916,14585,1,522,417,99
52,37,1158,Shamela0001686,415,223,1134,680,73
53,565,1128,Shamela0008473,2170,903,1440,393,84
53,405,805,Shia002382Vols,733,695,1096,132,30
53,206,565,JK000786,3963,418,777,159,50
53,397,1209,Shia003616Vols,90,349,1068,396,54
53,558,830,Shia003616Vols,787,1055,1340,216,95
53,341,830,Shia003616Vols,2696,350,894,386,89
53,548,1471,Shia003616Vols,2702,527,1467,705,92
53,367,552,Shamela0003118,3237,1059,1268,117,64
53,964,1497,Shamela0021766,1816,220,769,273,52
53,608,825,Shia001432Vols,8229,1323,1517,145,84
53,837,1497,Shia001432Vols,8230,22,674,503,93
53,608,1167,Shia001432Vols,20310,852,1383,385,85
53,397,552,Shia001432Vols,35374,1272,1412,112,89
53,1,206,Sham19Y0127677,5759,644,836,149,91
53,1,221,Shia002265Vols,3288,578,798,156,88
53,845,1497,Shia003732Vols,1514,339,1107,310,43
53,405,805,Shia002406Vols,3316,6,408,134,30
53,1,206,Shamela0001438,7869,553,745,145,89
53,608,1115,Shamela0012884,2248,1072,1498,299,70
53,42,529,Shia002185Vols,2941,99,609,280,57
53,565,1497,Shia002185Vols,2962,486,1414,712,94
53,20,217,JK009390,5061,784,960,130,82
53,307,558,JK000916,10403,1199,1452,137,56
53,1,253,JK000916,14585,522,780,173,81
53,397,805,Shamela0021713,671,323,809,142,28
54,924,1068,Shamela0004473,6422,893,1071,108,77
54,548,742,Shamela0008473,2173,700,960,139,64
54,904,1068,Shamela0008473,2176,16,191,112,81
54,457,891,Shia002382Vols,732,120,496,231,60
54,286,451,ShamAY0033926,183,1214,1358,97,78
54,286,451,Shia001949,183,1105,1250,97,77
54,136,286,Shamela0035100,40,916,1070,104,87
54,548,891,Shamela0007798,4477,603,1033,190,52
54,924,1410,Shamela0023613,2197,600,1258,286,46
54,168,451,Shia003616Vols,90,1084,1246,127,56
54,85,286,Shia003616Vols,2106,802,1026,157,86
54,924,1068,ShamAY0034073,1862,1319,1476,107,86
54,924,1174,Shamela0095590,1880,98,595,157,36
54,837,1410,Tanzil001,79,415,1567,342,33
54,548,792,Shamela0021766,1817,937,1245,137,57
54,924,1068,Sham19Y0020891,2420,98,254,106,85
54,136,430,Shamela0004445,1406,537,802,136,49
54,467,824,Shia001432Vols,8154,62,514,150,35
54,457,891,Shia001432Vols,8168,492,878,235,60
54,139,457,Shia001432Vols,8224,677,932,160,59
54,941,1179,Shia001432Vols,33059,408,703,134,58
54,168,451,Shia001432Vols,35356,1282,1449,131,58
54,548,669,Shamela0001673,6636,792,1140,81,28
54,136,286,Shamela0010906,226,340,494,104,87
54,924,1068,Zaydiyya0000062,646,816,973,107,86
54,759,1068,Shamela0029743,373,1,598,155,29
54,401,891,Shamela0008658,1425,316,1028,160,22
54,462,797,Shia002359Vols,1901,6,439,150,36
54,924,1068,JK009266,4421,422,579,107,86
54,924,1068,Shamela0009776,3539,639,796,107,86
54,281,664,Sham19Y0122397,404,245,728,179,42
54,187,451,Shia003732Vols,1516,863,1133,125,51
54,913,1068,JK007018,252,764,932,109,83
54,924,1068,Shamela0023594,732,894,1051,107,86
54,924,1068,Shamela0023623,1524,736,893,107,86
54,162,430,Shamela0010283,1302,1301,1580,119,45
54,136,286,Sham19Y0146127,2188,567,721,104,87
54,162,286,Shamela0012935,174,836,952,86,87
54,136,286,Shamela0002863,1580,987,1145,105,85
54,891,1369,Shamela0021821,702,910,1541,260,42
54,924,1068,Tafsir10066,581,1068,1311,112,58
54,64,286,Sham19Y0148486,4089,854,1099,122,55
54,457,891,Shia002337Vols,256,874,1253,232,61
54,924,1260,Shia002406Vols,3398,959,1499,191,38
54,924,1068,ShamAY0034052,796,620,777,107,86
54,910,1068,JK009396,549,1217,1384,111,83
54,924,1486,Shia002333,104,429,1204,312,44
54,924,1410,Shia002333,195,118,775,285,46
54,837,1055,ShamAY0036821,1035,961,1593,149,30
54,548,742,JK000791,868,405,641,115,56
54,75,357,JK007016,267,108,397,134,49
54,837,1022,Shamela0023614,415,1010,1602,133,28
54,578,792,Shamela0023614,431,777,1262,106,27
54,401,654,Shamela0012884,2250,1127,1374,115,44
54,139,457,Shia002185Vols,2941,632,880,159,60
54,490,894,Shia002185Vols,2961,1,397,251,69
54,989,1282,Sham19Y0150960,646,1,390,146,42
54,924,1068,JK000370,240,713,870,107,86
54,924,1068,Shamela0010496,153,51,208,107,86
54,924,1282,Shia003656Vols,555,659,1109,214,54
54,499,1439,Shia003656Vols,909,133,855,452,54
54,136,430,Shamela0012415,725,768,1225,142,35
54,326,451,Shamela0021765,1588,336,457,87,92
54,565,778,Shamela0023628,1552,1,268,134,58
54,924,1068,Shamela0023628,1554,1407,1564,107,86
54,548,792,Shamela0000041,1070,646,882,122,49
54,837,1068,Shamela0023591,3512,830,1481,163,31
55,512,939,Shamela0001515,216,124,429,192,52
55,512,939,Sham19Y0122236,39,848,1154,195,52
55,407,1396,Shia002185Vols,2961,441,1602,753,78
56,447,1429,Shia003616Vols,2703,90,1013,698,88
56,690,1483,Shia001432Vols,8230,742,1432,502,76
56,343,683,Shamela0006025,250,513,837,231,80
56,1055,1429,Shamela0006025,251,1,356,273,91
56,759,1483,Shia002185Vols,2963,1,704,521,85
57,978,1384,Shamela0012406,592,660,1003,191,54
57,970,1471,Shia001544Vols,1115,209,634,318,79
57,761,965,Shia001544Vols,1116,1,213,153,86
57,978,1319,Shamela0023833,418,815,1116,183,59
57,1009,1319,ShamAY0034066,611,1,265,158,56
57,150,585,Shia003616Vols,90,1251,1539,204,55
57,720,1431,Shia003616Vols,91,45,677,470,80
57,978,1319,Shia003616Vols,787,7,306,183,59
57,108,700,Shia003616Vols,788,1,592,398,80
57,685,818,Shia003616Vols,789,1,129,102,96
57,609,970,Shamela0004445,1416,822,1139,242,83
57,115,246,Shia002265Vols,3280,1234,1358,101,94
57,603,868,JK006838,543,1182,1450,186,82
57,1,520,Shamela0010283,3431,358,544,140,33
57,978,1319,Shamela0010283,3431,630,934,182,58
57,840,1319,Sham19Y0018567,622,830,1165,206,52
57,978,1319,Shia003714Vols,286,1031,1332,183,59
57,818,965,Shamela0011484,619,195,342,111,95
57,978,1319,JK000927,787,485,784,184,59
57,978,1319,Shamela0006864,964,90,391,182,59
57,818,965,Shia003919Vols,902,1233,1379,116,99
57,978,1319,JK000050,2,673,966,180,58
57,1,951,Shia002185Vols,2963,704,1522,547,67
57,951,1515,Shia002185Vols,2964,1,494,356,77
57,978,1319,Sham19Y0023618,796,130,424,178,57
57,720,1020,Zaydiyya0000037Vols,144,1270,1500,170,70
57,1020,1431,Zaydiyya0000037Vols,145,1,318,244,71
57,978,1319,Shamela0009873,1123,328,641,181,57
57,617,827,JK000916,27748,939,1151,160,96
57,1,520,Shamela0001686,414,356,538,135,31
57,978,1319,Shamela0006617,478,683,981,185,60
57,680,827,JK000533,1053,6,149,102,87
58,882,1115,Shamela0000551,1592,1,258,176,86
58,887,1060,ShamAY0034068,962,241,417,115,79
58,877,1060,JK000024,63,1211,1393,127,83
58,877,1115,Shamela0008473,2172,1050,1304,144,67
58,911,1154,Shamela0036446,358,693,933,146,71
58,867,1115,Shamela0022579,750,722,1008,176,75
58,32,849,Shia001544Vols,1115,554,1331,531,77
58,616,1106,ShamAY0033522,397,898,1385,172,29
58,877,1115,Shia002616Vols,831,1103,1369,182,85
58,877,1115,Shia002616Vols,2794,559,823,181,86
58,896,1115,Shia002616Vols,4647,687,917,159,87
58,877,1115,Shamela0007798,4475,725,962,148,71
58,787,1060,Sham19Y0150962,1406,675,968,156,68
58,877,1045,JK000386,747,1293,1465,122,86
58,212,1080,Shia003616Vols,91,682,1515,641,91
58,1080,1498,Shia003616Vols,92,1,278,212,62
58,1,1361,Shia003616Vols,789,179,1485,999,90
58,1361,1498,Shia003616Vols,790,1,133,106,96
58,1125,1498,Shia003616Vols,2136,788,1211,207,49
58,877,1115,Shia003616Vols,2703,1193,1457,181,85
58,877,1154,Sham19Y0006684,1445,1095,1380,195,84
58,877,1115,Tafsir07057,2227,822,1058,145,72
58,906,1060,ShamIbadiyya0000277,49,220,397,98,70
58,877,1115,Shamela0007891,1108,53,310,176,85
58,877,1115,JK000021,1237,122,541,167,49
58,209,849,Shamela0021766,1736,370,913,409,78
58,877,1115,Shamela0021766,1817,70,344,173,80
58,877,1115,Sham19Y0020891,2415,142,366,150,76
58,882,1115,Sham19Y0014592,1505,827,1050,152,76
58,22,849,Shia001432Vols,8231,1,886,534,69
58,882,1115,Shamela0022593,962,1259,1504,142,67
58,877,1130,Shamela0023578,1323,999,1236,160,75
58,877,1159,Shamela0021744,1214,945,1275,174,62
58,887,1115,Sham19Y0013614,342,347,596,164,80
58,877,1115,Shia002119Vols,1673,531,793,180,86
58,877,1149,Sham19Y0145212,1837,918,1195,183,81
58,877,1115,Shamela0025800,2537,1109,1331,154,78
58,896,1115,Shamela0008658,3270,251,485,158,86
58,911,1115,Sham19Y0127677,1850,943,1121,127,76
58,1330,1498,Sham19Y0127677,4179,1184,1368,130,86
58,877,1115,Sham19Y0127677,10078,686,945,182,88
58,906,1139,Sham19Y0127677,10101,1,267,166,79
58,1296,1483,Sham19Y0127677,18452,1289,1516,133,72
58,906,1115,Shia002265Vols,1376,115,298,127,75
58,877,1115,Sham19Y0017817,358,771,1009,146,70
58,911,1149,Tafsir09083,529,167,318,93,48
58,887,1115,Shamela0011363,316,929,1170,162,80
58,877,1115,JK009266,4415,1143,1398,179,88
58,877,1041,Sham19Y0122257,83,425,597,123,88
58,877,1154,Sham19Y0122257,1605,574,923,197,72
58,911,1115,ShamAY0034055,3677,765,960,119,65
58,877,1159,Sham19Y0014462,10,788,1056,178,75
58,209,860,Shia003732Vols,1510,608,1199,454,85
58,1106,1461,Shia003732Vols,1511,1221,1507,178,60
58,1385,1498,Shamela0021723,916,1,109,87,95
58,901,1115,Sham19Y0038171,629,287,511,157,91
58,616,1115,Shamela0028107,420,765,1253,179,30
58,887,1115,Sham19Y0017101,93,1,224,146,74
58,1357,1498,Shamela0006590,317,876,1011,106,94
58,911,1121,ShamAY0034204BK1,1267,905,1090,132,78
58,877,1115,Shamela0001719,67,911,1171,181,87
58,877,1154,Sham19Y0014119,293,498,825,193,75
58,877,1154,Shamela0008360,406,12,375,197,69
58,825,1154,Sham19Y0017791,859,1014,1371,200,64
58,1239,1498,JK009154,294,124,366,172,79
58,911,1115,Shamela0001438,3318,119,518,128,37
58,1308,1498,Shamela0001438,6062,732,931,135,81
58,877,1115,Shamela0008176,3509,315,561,173,87
58,877,1159,Shamela0023631,2368,619,935,175,63
58,877,1121,JK000940,195,661,894,152,73
58,873,1041,Shamela0096232,17,271,433,117,84
58,867,1115,ShamAY0033589,19,108,357,165,76
58,867,1135,Shamela0012745,6,1113,1356,161,76
58,877,1154,Shamela0012884,557,836,1168,183,68
58,1,1019,Shia002185Vols,2964,494,1495,707,83
58,1019,1498,Shia002185Vols,2965,1,401,269,65
58,877,1045,ShamAY0034311,9,517,695,120,82
58,961,1115,Sham19Y0013223,472,1,146,95,70
58,463,849,Shamela0009873,1124,975,1232,174,55
58,877,1115,Sham19Y0017063,586,231,484,173,83
58,882,1115,Sham19Y0122406,4578,1,250,143,68
58,882,1115,Tafsir03092,922,6,251,142,67
58,887,1041,Sham19Y0014591,639,1119,1277,111,85
58,877,1115,Shamela0026884,323,782,1025,148,70
58,877,1135,Shamela0030317,3,1134,1369,144,67
58,891,1115,JK009390,1936,359,557,136,74
58,1330,1498,JK009390,5415,1130,1327,130,80
58,901,1115,ShamAY0035035,2426,1134,1348,150,86
58,1268,1498,JK000916,13358,927,1149,176,95
58,877,1159,JK000299,1049,347,677,173,62
58,877,1115,Shamela0023628,1551,185,407,156,79
58,968,1115,Shamela0000041,1070,1,177,111,81
58,877,1115,Shia002218Vols,380,691,926,169,84
58,911,1115,Shia002702Vols,3725,986,1181,119,65
59,532,1474,Shia001544Vols,1117,123,752,466,60
59,851,1016,Shamela0035100,38,639,811,131,95
59,1,1106,Shia003616Vols,92,278,891,473,53
59,1,1389,Shia003616Vols,790,133,1461,994,86
59,1,265,Shia003616Vols,2136,1211,1463,177,77
59,138,297,Shamela0003118,2540,356,510,109,78
59,1156,1474,Shamela0021766,1736,992,1246,192,74
59,847,1170,Shamela0004445,1415,270,585,189,64
59,380,1474,Shamela0004445,1417,1,658,490,56
59,48,297,Shamela0004445,3771,571,814,170,81
59,918,1106,Sham19Y0014592,225,1,186,139,85
59,359,1170,Shia001432Vols,8231,897,1541,440,64
59,1175,1474,Shia001432Vols,8232,5,281,210,83
59,851,1016,Shamela0010906,224,76,248,131,95
59,27,297,Shamela0006025,252,395,659,200,92
59,135,384,Sham19Y0127677,4152,16,220,125,60
59,309,1474,JK006838,544,200,1335,801,81
59,1156,1474,Shia003732Vols,1512,200,489,214,84
59,529,1106,Shamela0021723,916,383,838,348,75
59,324,645,Shamela0006590,319,1267,1492,151,59
59,645,1474,Shamela0006590,320,1,663,474,70
59,532,791,Tafsir06049,2856,316,534,164,76
59,135,297,Shamela0001438,6028,299,456,111,79
59,1,1175,Shia002185Vols,2965,401,1486,703,68
59,1175,1474,Shia002185Vols,2966,1,308,238,96
59,532,770,Zaydiyya0000037Vols,145,322,578,180,85
59,516,791,Shamela0023644,1145,1030,1271,188,85
59,33,297,JK000916,7662,10,265,181,82
60,1,314,Shia001544Vols,1117,752,1032,213,84
60,420,784,Shia003616Vols,92,895,1213,175,51
60,1,626,Shia003616Vols,791,83,659,414,78
60,417,626,ShamAY0038419,247,1274,1476,141,79
60,43,626,Shamela0004445,1417,658,1075,306,66
60,626,1344,Shia001432Vols,8201,431,1239,517,79
60,1,247,Shia001432Vols,8232,281,509,174,89
60,420,626,Shamela0023695,1064,696,895,139,79
60,205,626,JK006838,545,1,375,269,79
60,364,626,ShamAY0033945,1900,831,1087,169,76
60,410,666,Shia003732Vols,1511,1028,1287,160,70
60,43,626,Shamela0006590,320,663,1010,227,48
60,43,314,Tafsir06049,2856,742,941,148,69
60,420,626,Shamela0031372,499,966,1153,127,72
60,632,1171,Shia002185Vols,2941,888,1454,397,86
60,1307,1445,Shia002185Vols,2942,1044,1182,108,98
60,1,666,Shia002185Vols,2966,308,899,416,74
60,626,1282,Shia001122Vols,4629,794,1474,488,88
61,419,656,Shamela0035100,37,624,871,170,87
61,593,885,Shia003616Vols,93,218,529,194,65
61,155,575,Shia003616Vols,786,826,1309,249,61
61,1101,1486,Shia003616Vols,2713,814,1471,180,28
61,419,616,Shamela0021766,1734,448,674,147,78
61,627,1018,Shamela0021766,1747,372,831,221,57
61,140,544,Shamela0004445,1415,1108,1477,284,87
61,140,616,Shamela0008657,116,694,1134,316,80
61,419,656,Shamela0010906,223,36,283,170,87
61,140,646,JK006838,541,643,1094,319,77
61,155,575,JK006838,578,1052,1513,233,58
61,1181,1486,SHAM19Y23644,1079,984,1384,172,53
61,140,616,Shia003732Vols,1508,273,786,333,77
61,622,785,Shia003732Vols,1520,1157,1335,123,82
61,140,656,Shamela0006590,318,112,604,344,81
61,1298,1480,Tafsir06049,2839,295,470,130,86
61,155,602,Shamela0012884,2195,29,489,215,51
61,140,448,Shamela0012884,2205,1287,1575,219,88
61,453,616,Shamela0012884,2206,1,170,122,88
61,900,1038,Shia002185Vols,2942,1338,1476,104,93
61,1,146,Shia002185Vols,2942,1182,1323,108,93
61,1038,1486,Shia002185Vols,2943,1,436,298,75
61,140,622,Shia002185Vols,2966,842,1313,344,84
61,627,1006,Zaydiyya0000037Vols,145,544,912,177,46
62,79,294,Shia003616Vols,93,702,991,134,54
62,204,1006,Shia003616Vols,2710,658,1450,618,96
62,1006,1460,Shia003616Vols,2711,1,444,338,91
62,1,209,Shia003616Vols,2713,1083,1266,139,84
62,31,213,Shia003616Vols,2714,1,174,133,92
62,1,294,Shia001432Vols,8224,1244,1510,190,79
62,294,1460,Shia001432Vols,8225,1,371,233,25
62,1137,1315,Shamela0009773,146,495,690,109,66
62,1,1019,Shia002185Vols,2943,446,1468,755,89
62,1019,1460,Shia002185Vols,2944,1,473,320,84
63,1,404,Shia003616Vols,2711,444,846,312,95
63,1,463,Shia001432Vols,8225,371,576,146,37
63,963,1414,SHAM19Y23644,1069,628,998,246,64
63,1,1003,Shia002185Vols,2944,473,1467,725,86
63,991,1474,Shia002185Vols,2945,1,435,338,88
63,944,1233,JK000533,2459,1,222,154,66
64,483,787,Shia003616Vols,1621,1162,1457,221,89
64,472,1458,Shia001432Vols,8225,602,1247,435,53
64,923,1263,SHAM19Y23644,1070,1092,1431,223,79
64,1,472,Shia002185Vols,2945,435,889,335,89
64,478,1452,Shia002185Vols,2946,343,1361,682,78
64,483,858,Shia003656Vols,545,1220,1476,157,51
64,478,853,Shia001615Vols,2369,1270,1508,162,54
65,556,955,Shia003616Vols,2705,1068,1489,154,38
65,1,972,Shia003636Vols,674,132,765,435,54
65,1,535,Shia003636Vols,1127,848,1081,164,39
65,315,420,Shia003636Vols,9644,747,881,77,70
65,556,972,Shamela0004445,1425,450,897,168,40
65,1,370,Shia001432Vols,8225,1247,1481,169,57
65,370,1356,Shia001432Vols,8226,1,835,550,67
65,1105,1458,Sham19Y0013252,5565,1145,1370,148,54
65,556,975,JK006838,558,981,1423,152,37
65,556,972,Shia003714Vols,287,993,1444,168,40
65,1,136,Shia002185Vols,2946,1366,1497,106,96
65,136,1458,Shia002185Vols,2947,1,1164,840,79
66,1,494,Shia002185Vols,2947,1164,1435,173,44
66,494,1421,Shia002185Vols,2948,1,880,647,85
67,478,788,Sham19Y0037618,2121,8,321,176,62
67,835,1440,Shia003636Vols,674,765,1243,350,71
67,835,1418,SHAM19Y23644,1073,861,1448,261,44
67,239,788,JK006801,294,36,598,317,64
67,175,452,Shamela0009773,243,1177,1427,187,85
67,575,1440,Shamela0009773,244,12,691,467,66
67,13,685,Shia002185Vols,2948,880,1458,434,79
67,690,1440,Shia002185Vols,2949,5,685,511,83
67,194,623,Shamela0001686,2923,1006,1447,334,96
67,623,805,Shamela0001686,2924,1,179,136,95
67,239,868,Shia001913Vols,513,341,1049,344,55
67,175,714,JK000533,3161,30,404,232,52
68,1136,1378,Shamela0035100,44,29,282,168,77
68,872,1348,Shia003616Vols,94,609,979,244,63
68,1147,1400,Shia003616Vols,2707,1204,1425,167,80
68,1147,1367,Shamela0004445,1428,695,903,157,86
68,1136,1388,Shamela0010906,229,995,1243,167,74
68,1141,1426,JK006838,561,193,474,158,59
68,382,909,SHAM19Y23644,1074,1,416,282,66
68,337,686,Shia002034Vols,2291,62,340,185,63
68,206,629,Shia001782Vols,1916,1132,1483,169,43
68,1,853,Shia002185Vols,2949,685,1429,543,77
68,905,1440,Shia002185Vols,2950,1,557,385,83
69,1,798,Shia003616Vols,2716,309,1130,605,90
69,454,854,Shia003636Vols,675,8,272,175,55
69,312,714,Shia003636Vols,1127,1168,1421,184,58
69,714,1490,Shia003636Vols,1128,1,568,306,42
69,1,482,Shia001432Vols,8226,940,1469,364,85
69,482,1490,Shia001432Vols,8227,7,729,508,60
69,637,798,JK006838,565,204,330,81,58
69,1,478,SHAM19Y23644,1075,1106,1439,204,50
69,631,798,SHAM19Y23644,1076,5,158,121,91
69,1,818,Shia002185Vols,2950,557,1462,615,83
69,1167,1490,Shia002185Vols,2951,842,1161,244,90
69,804,1167,Shia002185Vols,2951,1,295,191,58
69,637,798,Shamela0009873,1111,884,1045,115,83
69,647,798,Shia003695Vols,91,739,872,80,63
70,536,982,ShamAY0034068,2716,608,977,179,47
70,466,965,Shamela0035100,46,1051,1442,292,73
70,530,1004,Shia003616Vols,94,1151,1457,216,58
70,456,892,Shia003616Vols,1181,575,934,202,53
70,574,945,Shia003616Vols,1181,993,1466,225,59
70,1004,1456,Shia003616Vols,1254,605,1009,314,87
70,558,999,ShamAY0034073,4000,796,1296,195,42
70,1,405,ShamAY0032379,461,1037,1330,217,67
70,530,688,Shamela0003118,361,1010,1168,118,91
70,1,431,Shia003636Vols,1128,568,985,327,92
70,574,1207,Shamela0021766,1810,584,1231,270,42
70,466,762,Shamela0004445,1430,1195,1458,202,86
70,762,999,Shamela0004445,1431,1,222,172,93
70,1,431,Shia001432Vols,8227,729,1140,308,87
70,456,1456,Shia001432Vols,8228,552,1433,600,72
70,466,999,Shamela0010906,232,561,986,318,75
70,489,994,JK006838,567,1,434,328,82
70,574,994,Shia003732Vols,1527,263,826,232,51
70,536,1004,Shia003732Vols,4242,900,1313,237,66
70,466,630,Shamela0006590,324,1326,1481,115,86
70,630,999,Shamela0006590,325,1,376,265,88
70,574,1004,Shia003714Vols,290,240,769,262,61
70,1,405,Shia002170Vols,451,573,866,216,67
70,530,999,JK000698,150,677,957,198,54
70,1,326,Shia002185Vols,2951,1178,1481,235,88
70,456,1456,Shia002185Vols,2953,85,958,613,74
70,530,986,Zaydiyya0000037Vols,145,858,1112,185,51
70,431,658,Shamela0007435,445,1256,1476,154,83
70,1105,1456,Shamela0009873,1095,892,1216,217,73
70,1105,1456,Shia002984Vols,735,1065,1285,163,59
70,741,1456,Shia003656Vols,522,38,422,245,42
71,6,467,Shia003616Vols,1254,1016,1480,353,92
71,957,1507,Shamela0004445,1420,427,954,368,80
71,9,473,Shia001432Vols,8229,1,480,338,82
71,1054,1507,Shia001432Vols,8232,502,768,201,54
71,936,1507,JK006838,555,570,1112,405,86
71,1132,1507,Tafsir06049,2857,532,720,138,45
71,459,771,Shia002185Vols,2952,1189,1513,234,85
71,6,463,Shia002185Vols,2953,706,1447,336,54
71,803,1122,Shia002185Vols,2966,1099,1476,160,54
71,1122,1507,Shia002185Vols,2967,1,311,237,76
71,6,199,Shamela0009873,1095,1223,1445,143,76
71,228,478,Shamela0009873,1096,1,238,183,91
71,6,315,Shia002984Vols,735,1110,1469,158,46
71,1,467,Shia003656Vols,522,422,848,330,86
72,7,1470,Shia002185Vols,2954,17,1351,1013,84
72,7,530,JK000916,5491,981,1497,405,97
72,534,777,JK000916,5492,7,246,184,95
73,1310,1497,Shia003616Vols,95,1,185,124,74
73,1,1167,Shia003616Vols,2722,381,1488,876,94
73,1,935,Shamela0003118,5641,633,1507,702,93
73,935,1252,Shamela0003118,5642,1,315,245,98
73,790,1268,Shamela0004445,1446,211,655,322,83
73,790,1449,Sham19Y0127677,5176,570,1222,413,76
73,4,150,Sham19Y0127677,5176,424,570,117,100
73,4,663,Sham19Y0127677,19828,845,1455,461,85
73,663,1252,Sham19Y0127677,19829,1,589,460,97
73,790,999,Shia002265Vols,3959,1269,1478,166,100
73,4,150,Shia002265Vols,3959,1124,1269,115,98
73,999,1252,Shia002265Vols,3960,1,260,198,97
73,779,1252,JK006838,601,984,1441,350,93
73,1,150,JK006838,601,815,959,115,96
73,790,1252,Shamela0006590,330,166,487,239,65
73,4,150,Shamela0006590,330,28,166,110,94
73,790,1252,Tafsir06049,2857,960,1334,272,73
73,4,150,Shamela0001438,7203,150,296,117,100
73,790,1320,Shamela0001438,7203,296,898,391,82
73,139,1277,Shia002185Vols,2955,1,1157,882,93
73,1258,1497,Shia002185Vols,2968,255,491,157,75
73,790,1320,JK009390,7153,722,1329,387,81
73,4,150,JK009390,7153,576,722,117,100
73,4,238,JK000916,19413,1222,1456,186,100
73,238,1252,JK000916,19414,1,956,757,92
74,1,626,Shia002382Vols,719,416,1358,399,50
74,1065,1453,Shia003616Vols,95,855,1192,258,84
74,1,874,Shia003616Vols,95,185,991,478,61
74,1,380,Shia002389Vols,946,846,1369,254,55
74,425,789,Shia002389Vols,947,116,546,183,45
74,1,221,Shia001432Vols,8178,1078,1477,166,52
74,48,874,Shia001432Vols,31826,489,1503,417,43
74,108,485,Tafsir06048,394,839,1225,165,47
74,431,615,Shamela0037834,138,291,793,92,20
74,1,585,Shia002337Vols,246,595,1496,385,51
74,755,1130,Shamela0012884,2242,1,359,179,57
74,1,1179,Shia002185Vols,2968,491,1558,731,73
74,1179,1488,Shia002185Vols,2969,1,561,223,49
74,1,380,Shia003656Vols,513,1051,1479,193,44
74,108,485,ShamIbadiyya0000194,388,138,524,165,47
75,777,1010,Shia003616Vols,95,1292,1505,164,87
75,1019,1422,Shia003616Vols,96,34,197,125,38
75,1041,1285,Shia003616Vols,2118,73,705,116,23
75,1,682,Sham19Y0014601,4185,16,558,186,30
75,1,192,Shamela0011428,1511,1044,1234,150,99
75,37,247,Shia003732Vols,1539,77,293,128,72
75,1,682,Shia002185Vols,2969,561,1015,323,59
75,1,265,Shia003656Vols,518,1164,1374,127,58
76,358,769,Sham19Y0145435,1476,15,280,151,43
76,33,1299,Shia003616Vols,96,191,918,561,54
76,456,1322,Shia003616Vols,3716,436,785,200,25
76,828,1159,Shamela0003118,2521,132,431,181,59
76,83,797,Sham19Y0013252,6381,910,1367,242,38
76,267,769,JK000911,543,85,358,156,39
76,154,625,SHAM19Y23644,1078,694,1346,197,31
76,33,821,Shia003732Vols,1539,293,904,463,70
76,127,857,Shamela0010283,3423,169,762,277,36
76,173,681,Shamela0012935,167,1187,1571,216,45
76,83,712,Shia003714Vols,270,990,1491,256,43
76,33,456,Shia002185Vols,2969,1027,1455,271,70
76,608,1528,Shia002185Vols,2970,1,868,472,53
76,227,769,Shamela0009783BK1,872,62,406,189,41
76,51,797,Shamela0005756,10585,813,1368,239,34
76,383,961,Shia003656Vols,519,554,1141,247,47
76,951,1096,Shia003656Vols,905,154,289,94,75
76,797,1116,JK000916,7598,195,524,247,94
76,83,863,Shamela0001686,410,737,1521,333,40
76,51,769,Shamela0021715,6143,488,1030,251,37
77,1196,1502,Shia003616Vols,96,1092,1298,157,64
77,378,490,Shia003616Vols,3716,838,950,87,100
77,1,653,Shia002185Vols,2970,868,1491,411,71
77,653,1486,Shia002185Vols,2971,1,437,307,44
77,153,634,Shia003656Vols,910,1095,1414,117,26
77,634,837,Shia003656Vols,911,1,171,133,78
77,68,235,Shamela0001686,1112,1011,1167,120,92
78,154,326,Shia003616Vols,96,1239,1436,122,72
78,1,671,Shia003616Vols,1612,660,1313,418,70
78,106,407,Shamela0003118,511,869,1151,192,78
78,154,1160,Shia002185Vols,2971,394,1517,672,69
78,8,326,JK000916,1223,185,514,245,95
78,1279,1439,JK000916,21528,735,894,124,98
79,30,141,Shia003616Vols,96,1442,1551,84,91
79,141,1439,Shia003616Vols,97,28,790,436,39
79,284,655,Shamela0003118,2819,814,1188,293,97
79,254,655,Sham19Y0127677,4153,818,1228,310,93
79,240,655,Shia002265Vols,4393,50,472,315,91
79,254,655,Shamela0001438,6029,349,747,307,95
79,1,1419,Shia002185Vols,2972,170,1442,831,68
79,237,655,JK009390,5364,530,913,272,77
79,254,655,JK009390,6600,766,1130,265,78
79,254,484,JK000916,27753,1175,1426,178,89
79,484,655,JK000916,27754,1,176,137,96
80,128,1058,Shamela0004473,8669,423,1100,312,40
80,954,1179,Sham19Y0145435,1469,611,835,123,54
80,954,1096,Sham19Y0131521,3758,296,469,109,80
80,182,573,Sham19Y0017816,119,742,979,143,47
80,954,1179,Shamela0023833,431,147,381,123,52
80,912,1096,ShamAY0036107,41,1025,1332,134,55
80,925,1197,Shamela0009770,334,1197,1476,148,60
80,920,1467,Shia003616Vols,98,173,753,404,85
80,805,1346,Shia003616Vols,2723,128,653,324,71
80,937,1407,Shamela0003118,2818,1133,1426,114,27
80,925,1337,Shamela0011428,1161,860,1211,250,74
80,805,1135,Sham19Y0127677,4153,1141,1437,154,45
80,805,1342,Shia002265Vols,4393,385,865,297,59
80,925,1312,Shamela0009784,792,730,1086,155,42
80,937,1407,Sham19Y0020989,1359,444,706,125,28
80,946,1206,Shia003732Vols,1548,839,1159,150,57
80,925,1337,Shia003732Vols,4328,765,1305,226,48
80,279,653,Shamela0009773,108,80,381,164,50
80,925,1337,Shamela0006590,644,898,1265,251,70
80,912,1135,Zaydiyya0000220,234,722,960,102,52
80,954,1179,Shia003714Vols,296,495,719,123,54
80,946,1179,ShamAY0034441,227,1212,1419,119,55
80,920,1312,Tafsir06049,2846,219,574,162,42
80,805,1342,Shamela0001438,6029,660,1140,297,59
80,954,1179,Shamela0006864,988,165,399,123,52
80,1,920,Shia002185Vols,2973,4,1011,656,79
80,920,1467,Shia002185Vols,2974,99,639,357,75
80,98,573,Shamela0009873,1140,340,783,241,57
80,934,1096,Shamela0009783BK1,861,881,1061,94,59
80,128,912,JK000370,119,631,1227,442,71
80,925,1254,JK009390,5364,929,1212,218,84
80,925,1259,JK009390,6600,1146,1447,219,80
80,934,1407,JK000916,27750,108,409,119,27
80,805,1342,JK000916,27754,89,600,307,59
80,934,1096,Shamela0006617,488,17,200,103,62
80,937,1179,Shamela0010614,163,442,723,141,64
81,1,292,Shia003616Vols,98,753,952,148,62
81,276,758,Shia003616Vols,2081,1024,1522,375,92
81,758,1556,Shia003616Vols,2082,1,843,595,86
81,1,246,Shia001432Vols,13490,1288,1547,184,87
81,281,554,Shia003459BK1,37,1261,1515,187,80
81,554,1423,Shia003459BK1,38,1,799,539,72
81,1,545,Shia002185Vols,2974,639,1526,358,48
81,545,1556,Shia002185Vols,2975,1,945,734,90
82,1295,1489,JK000786,3970,57,296,122,59
82,1,767,Shia003616Vols,2082,843,1519,478,73
82,767,1489,Shia003616Vols,2083,1,776,569,91
82,944,1347,Shamela0009789,151,293,586,206,63
82,1016,1489,Sham19Y0146127,2138,140,465,179,40
82,80,1135,Shia003459BK1,38,575,1507,543,60
82,1156,1381,Shia003459BK1,39,1,233,177,94
82,7,590,Shia002185Vols,2975,952,1520,410,85
82,590,1489,Shia002185Vols,2976,1,974,673,83
82,1385,1481,Shia003656Vols,517,438,534,75,100
82,737,1381,JK006919,989,403,943,360,66
83,1,670,Shia003616Vols,2083,776,1445,497,90
83,1025,1413,Shia001432Vols,8232,787,1177,282,90
83,998,1342,Shamela0011428,1481,1191,1464,177,62
83,837,1413,Shamela0005922,2787,68,686,264,41
83,942,1413,Sham19Y0146127,3116,445,919,249,53
83,998,1413,Sham19Y0148486,5684,589,972,256,70
83,1,455,Shia002185Vols,2976,974,1473,335,82
83,487,866,Shia002185Vols,2977,1,305,181,62
83,775,1413,Shia002185Vols,2978,96,762,479,92
83,1162,1346,Shia003656Vols,524,586,719,96,66
83,629,866,Shia002218Vols,386,361,616,140,61
84,276,611,Shamela0023833,544,470,769,154,55
84,234,657,Shia003616Vols,2165,685,1016,229,69
84,519,987,Shia003616Vols,2712,935,1472,305,61
84,987,1452,Shia003616Vols,2713,1,426,293,71
84,332,879,Shamela0004445,1583,212,795,176,30
84,1,262,Shia001432Vols,8232,1177,1444,202,96
84,262,909,Shia001432Vols,8233,1,552,357,68
84,366,672,Sham19Y0123608,1079,908,1125,139,58
84,332,611,Shamela0023695,259,964,1226,105,33
84,121,632,Shamela0011428,1482,74,348,196,47
84,1,875,Shamela0005922,2787,686,1436,409,49
84,1,653,Sham19Y0146127,3116,919,1318,290,55
84,1,653,Sham19Y0148486,5684,972,1462,362,70
84,638,841,Shia002406Vols,3315,574,788,162,94
84,276,611,Shamela0006864,1178,297,592,154,56
84,1,695,Shia002185Vols,2978,762,1418,477,85
84,695,1452,Shia002185Vols,2979,1,905,578,80
84,207,632,Shia003656Vols,912,601,914,223,64
84,289,611,Shia003656Vols,988,204,412,158,61
84,366,672,Shia000841Vols,8818,833,1083,138,56
85,112,583,Shamela0001515,249,1,315,157,36
85,181,308,JK010001,2776,566,662,64,66
85,7,443,Sham19Y0145435,237,78,511,164,35
85,119,308,Sham19Y0145435,5189,684,895,89,42
85,119,400,Shamela0008473,1975,248,777,180,41
85,129,443,Shamela0012865,62,1127,1379,134,48
85,231,472,Shamela0035100,23,1,291,111,47
85,12,308,Shia002616Vols,2745,497,798,105,37
85,115,414,Shamela0010646,1124,756,1263,163,34
85,129,583,ShamAY0033973,308,588,948,120,25
85,308,671,Shamela0009770,327,251,668,124,26
85,108,443,Shamela0012981,1622,789,1035,141,50
85,119,583,JK007065,859,483,982,139,26
85,119,836,Shia003616Vols,99,38,855,404,51
85,501,836,Shia003616Vols,1908,470,728,201,73
85,1,663,Shia003616Vols,2713,426,1031,417,70
85,163,443,ShamIbadiyya0000193,1340,1033,1322,212,90
85,7,583,Shamela0025794,2146,393,871,150,24
85,7,663,Shamela0025794,2451,105,702,157,19
85,148,409,Shia003636Vols,679,1304,1564,208,98
85,129,443,Shamela0004445,195,304,674,165,45
85,1302,1492,Shia001432Vols,8233,1169,1337,121,77
85,148,994,Shia001432Vols,8233,524,1236,414,51
85,129,443,Shia003721Vols,116,52,422,165,45
85,133,583,JK008250Vols,533,1,601,131,20
85,7,583,Shamela0010444,1,607,1062,157,29
85,163,472,Shamela0010906,208,821,1183,156,54
85,7,663,ShamAY0033698,3,314,992,130,15
85,119,308,Tafsir07055,2896,270,480,84,40
85,129,308,Tafsir07055,2899,63,257,76,36
85,119,308,ShamAY0033938,1570,981,1190,87,41
85,7,583,Sham19Y0017729,185,153,650,124,19
85,119,308,Shamela0025800,2190,361,570,87,41
85,108,583,Sham19Y0127677,5607,1075,1386,134,32
85,119,308,Sham19Y0127677,14608,590,800,87,41
85,119,308,Sham19Y0127677,19460,986,1191,100,52
85,133,443,Tafsir09050,1383,1,312,225,83
85,119,583,Shamela0021676,9,917,1285,124,25
85,7,583,Shia002265Vols,3283,11,460,167,31
85,119,308,Shamela0005922,1388,73,282,87,41
85,308,663,Shamela0009784,784,370,759,132,30
85,119,308,Shamela0004289,764,1055,1264,87,41
85,181,400,Shia003732Vols,1530,24,248,141,76
85,119,308,Sham19Y0132524,2950,553,762,87,41
85,115,501,Shamela0010283,3432,1000,1193,120,40
85,7,308,Sham19Y0017903,366,242,493,106,35
85,148,865,Shia002406Vols,3315,841,1443,388,58
85,156,663,JK000927,790,12,738,199,26
85,12,583,Shamela0001438,7648,232,625,158,33
85,7,308,Shamela0010463,500,609,897,109,39
85,7,300,Shamela0006864,979,1105,1440,125,36
85,129,308,Sham19Y0020638,1324,967,1311,84,27
85,1,583,Shia002185Vols,2979,905,1459,373,75
85,507,1345,Shia002185Vols,2980,803,1491,487,70
85,892,1271,Shia002185Vols,3021,545,939,141,34
85,119,308,Sham19Y0017616,289,220,429,87,41
85,181,484,Shamela0009873,1128,858,1319,159,41
85,119,308,Sham19Y0122406,4123,868,1077,87,41
85,108,400,Shamela0009783BK1,854,866,1426,197,43
85,129,443,Zaydiyya0000272,1730,1,266,145,51
85,119,472,Shamela0005756,5198,922,1264,137,41
85,108,308,Shamela0001733,2314,1075,1201,87,56
85,501,723,Shia003656Vols,908,131,306,125,66
85,406,805,Shia003656Vols,911,92,333,106,28
85,251,501,JK009390,2748,295,614,91,28
85,224,501,JK009390,5824,628,778,93,45
85,181,443,JK011499,11,114,274,106,53
85,129,583,Shia001976Vols,768,446,926,139,26
85,129,443,Shia001976Vols,776,559,772,106,37
85,129,663,Sham19Y0001729,2187,338,845,126,20
85,129,443,Shamela0006446,355,1106,1340,126,49
86,328,854,Sham19Y0017816,119,993,1383,297,70
86,886,1471,Shia003616Vols,2133,33,800,409,67
86,218,915,Shia003616Vols,2164,433,1148,522,88
86,224,748,Sham19Y0020699,2201,806,1399,351,66
86,1,477,Shamela0004445,1450,222,682,225,55
86,996,1471,Shamela0004445,1450,429,915,344,83
86,1,181,Shia001432Vols,8233,1337,1497,123,84
86,218,1062,Shia001432Vols,8234,1,662,497,73
86,1,141,JK006838,588,1330,1482,107,90
86,1001,1471,JK006838,589,71,479,306,78
86,224,719,Shamela0005922,2786,812,1264,333,80
86,886,1471,Shia003732Vols,1532,1,588,366,67
86,224,714,Sham19Y0146127,3115,894,1322,318,78
86,345,748,Shamela0009773,111,630,1131,214,45
86,190,748,Shamela0010710,12,67,500,172,29
86,224,714,Sham19Y0148486,5683,456,922,335,80
86,1,854,Shia002185Vols,2981,158,971,594,82
86,1001,1344,Shia002185Vols,2984,1132,1475,239,81
86,1350,1471,Shia002185Vols,2985,1,121,94,99
86,218,531,JK000370,119,1239,1472,182,72
86,531,854,JK000370,120,1,284,220,82
86,996,1471,Shia003656Vols,520,429,885,221,45
87,541,823,Shamela0004473,3540,452,760,163,56
87,1253,1521,Shia003616Vols,471,776,1032,187,85
87,1,232,Shia003616Vols,2133,800,993,126,64
87,1,636,Shamela0004445,1450,915,1507,432,79
87,636,1345,Shamela0004445,1451,1,708,434,64
87,1,1103,JK006838,589,479,1499,800,89
87,1108,1362,JK006838,590,4,280,188,77
87,1,891,Shia003732Vols,1532,588,1520,606,72
87,891,1148,Shia003732Vols,1533,1,315,200,79
87,1253,1521,Shia003732Vols,1541,598,904,153,61
87,541,823,Shamela0009773,240,10,219,133,60
87,1,1391,Shia002185Vols,2985,121,1500,980,80
87,1391,1521,Shia002185Vols,2986,1,125,96,92
87,551,1122,Shamela0009873,1135,580,1143,271,50
87,111,951,Shia003656Vols,520,905,1542,295,37
87,1312,1521,Shia003656Vols,521,802,982,140,83
88,739,893,Sham19Y0018562,144,1,154,120,99
88,1,445,Shia003616Vols,471,1032,1436,308,84
88,650,893,Shamela0003118,1140,196,436,187,97
88,672,893,Shia003636Vols,5091,302,510,136,73
88,389,893,Shamela0004445,1451,485,924,220,50
88,1093,1464,Sham19Y0127677,4154,75,387,237,80
88,854,1464,Shia002265Vols,4393,573,1152,271,42
88,627,869,JK006838,590,280,542,184,89
88,854,1464,Shamela0001438,6029,848,1427,271,42
88,1,1459,Shia002185Vols,2986,125,1487,970,79
88,1,578,Shia003656Vols,521,982,1501,309,55
88,1093,1434,JK009390,5364,1184,1450,195,71
88,1108,1450,JK009390,6601,59,321,194,68
88,389,893,JK000916,2968,486,950,243,51
88,854,1464,JK000916,27754,282,915,299,46
88,554,869,Shamela0001686,1221,990,1373,186,56
89,271,1106,Sham19Y0145435,1465,615,1454,442,57
89,458,777,Sham19Y0131521,3752,1143,1453,198,70
89,458,1166,Shamela0023833,427,580,1342,427,63
89,455,1127,JK000786,3969,51,600,286,50
89,97,572,Shia003616Vols,1657,43,545,277,63
89,825,1120,Sham19Y0014601,4082,664,945,177,73
89,458,1020,Shamela0003722,8539,876,1475,334,63
89,1,412,Shamela0003118,2819,1211,1493,218,67
89,539,1120,Shamela0003118,2820,17,504,381,82
89,458,878,Sham19Y0020591,978,403,782,236,65
89,458,1071,Shamela0004445,1454,770,1443,376,64
89,458,795,Shamela0117359,651,1110,1439,213,71
89,455,885,JK009408,1399,370,1001,169,29
89,1,572,Sham19Y0127677,4154,387,889,346,74
89,1,295,Shia002265Vols,4393,1152,1458,225,90
89,295,572,Shia002265Vols,4394,1,352,123,37
89,458,958,Shamela0096228,752,955,1429,265,58
89,977,1120,Shamela0096228,753,1,142,99,84
89,441,1120,ShamAY0033945,1367,234,986,400,60
89,130,377,ShamAY0033945,1665,530,754,139,63
89,458,1038,Shia003732Vols,1542,885,1518,350,63
89,458,1120,Sham19Y0146127,3145,736,1422,392,64
89,458,1127,Sham19Y0148486,5729,406,1119,403,63
89,271,1174,JK000927,791,409,1321,462,55
89,36,417,Shamela0001438,6030,1,422,296,88
89,458,1166,Shamela0006864,984,621,1383,426,63
89,13,423,Shia002185Vols,2987,22,427,266,75
89,585,747,Shia002185Vols,2987,1323,1507,119,77
89,747,1415,Shia002185Vols,2988,1,675,501,92
89,455,1120,Shamela0009783BK1,857,712,1382,391,65
89,455,1127,Shamela0001733,4758,63,577,280,51
89,13,423,JK009390,5365,17,390,288,87
89,13,470,JK009390,6601,321,801,306,73
89,1,423,JK000916,27754,915,1357,332,95
89,430,1171,JK000916,27756,434,1188,528,84
89,620,1227,JK000916,27757,11,672,339,59
89,458,1085,Shamela0006617,485,819,1447,355,60
89,488,977,Sham19Y0020944,588,730,1257,246,53
90,113,622,ShamAY0036107,29,57,509,280,67
90,879,1036,Shia003616Vols,3712,46,201,127,98
90,204,617,Shamela0003118,7767,432,836,293,88
90,681,1561,Tafsir06049,2842,603,1517,512,60
90,681,1044,Shia002185Vols,2955,1143,1515,287,91
90,1048,1561,Shia002185Vols,2956,1,492,366,86
90,1,617,Shia002185Vols,2988,675,1284,389,70
90,201,533,Shia003656Vols,517,641,977,177,54
90,177,560,JK000916,26131,180,622,299,83
91,733,1141,Shia001432Vols,8229,488,895,304,87
91,230,733,SHAM19Y23644,1076,163,635,321,77
91,226,538,Tafsir06049,2845,749,1059,173,58
91,1,1124,Shia002185Vols,2956,492,1532,771,82
91,1172,1522,Shia002185Vols,2995,591,888,209,72
91,568,733,Shia002185Vols,4554,804,969,131,100
91,756,1141,Shia003656Vols,933,64,451,313,99
92,121,346,Shamela0023833,505,1062,1393,163,62
92,146,354,Shamela0035100,76,6,270,164,77
92,41,631,Shia003616Vols,2727,277,1386,328,33
92,31,660,Shia003616Vols,3426,244,412,115,23
92,7,454,JK006838,623,645,1286,283,52
92,31,569,Shamela0009773,230,1066,1496,328,76
92,121,346,Shamela0006864,1111,1126,1457,163,62
92,1029,1524,Shia002185Vols,2957,30,582,368,81
92,1,770,Shia002185Vols,2995,888,1535,465,70
92,793,1034,Shia002185Vols,2996,1,259,175,80
92,726,996,Shia003656Vols,933,595,863,188,79
92,121,454,Shamela0005416,26,638,1218,239,51
93,364,702,Shamela0026525,169,415,739,174,54
93,1,691,Sham19Y0145435,1468,588,1373,451,68
93,108,691,Sham19Y0016435,226,708,1170,221,42
93,1,408,Shamela0012406,596,649,1037,210,60
93,130,702,Shamela0023833,430,1,623,381,72
93,1,516,Shamela0009770,333,824,1401,343,70
93,761,1031,Shia003616Vols,3406,693,992,179,67
93,417,691,Shamela0028174,130,1,142,106,49
93,1,300,Shamela0004445,1457,987,1477,205,51
93,300,691,Shamela0004445,1458,1,410,249,69
93,745,1166,Shia001432Vols,8229,874,1299,317,93
93,1,702,JK000911,539,699,1336,374,61
93,1,555,Shamela0009784,791,563,1196,354,67
93,12,324,Shia003732Vols,1545,1119,1513,215,67
93,324,691,Shia003732Vols,1546,1,381,228,67
93,364,691,Shamela0009773,113,77,399,222,81
93,761,1031,Shamela0009773,115,150,408,151,59
93,427,691,Shamela0026536,503,455,585,100,48
93,179,516,Sham19Y0145166,211,703,976,186,68
93,1,511,Shia003714Vols,295,792,1436,354,68
93,427,691,JK001099,257,672,802,100,48
93,1,247,JK000927,794,1164,1457,156,66
93,247,691,JK000927,795,1,471,283,68
93,113,702,Shamela0006864,987,1,643,395,72
93,1,706,Shamela0013133,126,107,782,374,58
93,1,970,Shia002185Vols,2957,582,1492,698,88
93,970,1489,Shia002185Vols,2958,1,537,407,96
93,96,691,Zaydiyya0000037Vols,145,1128,1477,167,31
93,242,691,Shamela0009873,1146,779,1216,186,39
93,1,691,Shamela0023735,462,425,1132,422,64
93,108,388,Shia003704,119,1157,1452,189,77
93,1,443,Shamela0009783BK1,860,904,1441,296,68
93,443,691,Shamela0009783BK1,861,1,249,157,67
93,761,1489,Shia003656Vols,933,870,1501,474,78
93,236,691,JK009225,321,720,975,138,39
93,96,702,Shamela0006617,487,12,691,396,68
93,422,691,JK009223,140,674,942,163,65
94,282,1362,Shamela0010646,2101,196,1107,699,80
94,225,426,ShamAY0034585,53,465,679,150,85
94,282,1398,Shamela0021493,227,474,1285,481,52
94,398,1398,JK009408,1585,1,661,415,50
94,286,1398,JK006838,599,233,985,469,51
94,257,624,Shamela0009768,84,669,936,194,66
94,282,1196,Shia001344Vols,72,579,1435,649,89
94,254,1398,JK000657,126,10,817,482,50
94,254,771,Shamela0006590,330,1033,1418,254,59
94,1,903,Shia002185Vols,2958,537,1442,699,96
94,903,1467,Shia002185Vols,2959,1,559,427,92
94,290,777,Shamela0023700,1874,679,1030,209,51
94,278,531,Shamela0001733,3152,1155,1399,149,67
94,535,1398,Shamela0001733,3153,1,528,322,45
94,240,544,Shamela0001733,3156,1163,1448,178,70
94,544,1398,Shamela0001733,3157,1,554,333,46
94,51,195,Shia003656Vols,934,1,145,116,100
94,371,1398,Shamela0000170,1037,1,583,390,46
94,282,777,JK000533,1820,797,1156,248,60
95,546,1059,Shia001349Vols,116,16,250,151,37
95,39,756,Shamela0001515,251,727,1443,237,32
95,35,1145,Sham19Y0145435,241,375,1400,334,31
95,264,1087,Shamela0012406,599,213,952,227,27
95,164,1173,Shamela0023833,440,484,1393,316,33
95,16,410,Shamela0010646,2101,1102,1446,235,72
95,608,1448,Shamela0010646,2102,4,685,498,72
95,497,1421,Shamela0009770,342,1,702,232,29
95,608,989,Shia003616Vols,100,1287,1536,185,62
95,989,1122,Shia003616Vols,101,1,132,89,80
95,264,756,Shia003616Vols,2720,807,1279,188,39
95,35,1139,Shamela0004445,1463,416,1411,293,27
95,277,1053,Shamela0010637,299,10,726,258,35
95,493,1365,Shamela0008657,308,14,671,233,30
95,546,1059,Shia001432Vols,7722,45,279,152,37
95,35,1448,Shamela0022593,976,97,1072,612,50
95,277,1421,JK008250Vols,755,262,1218,352,34
95,311,1421,JK008250Vols,785,1,923,325,32
95,146,1444,Shamela0021493,228,55,1246,708,60
95,35,796,JK009408,1585,691,1470,384,50
95,774,1444,JK009408,1586,1,616,397,68
95,264,1421,Shia002265Vols,4468,40,1011,350,33
95,62,529,JK006838,599,1005,1446,178,38
95,529,1444,JK006838,600,1,840,515,62
95,546,1025,Shamela0009768,84,1134,1442,179,46
95,1025,1448,Shamela0009768,85,1,240,160,45
95,608,1330,Shia001344Vols,73,11,632,461,78
95,267,1421,Shia001782Vols,2877,62,1059,343,32
95,267,1421,Shamela0010283,3458,55,1065,328,30
95,425,1208,Shamela0009773,249,377,935,238,34
95,35,646,JK000657,126,847,1458,298,48
95,631,1444,JK000657,127,1,715,471,68
95,425,1311,Shamela0006590,331,193,663,279,38
95,35,1173,Shia003714Vols,298,258,1330,342,30
95,516,1365,Tafsir06049,2172,217,941,237,31
95,146,1173,Shamela0001438,7861,296,1312,351,35
95,164,1421,Shamela0006864,1011,47,1141,369,32
95,1,955,Shia002185Vols,2959,559,1476,660,84
95,955,1448,Shia002185Vols,2960,1,457,348,86
95,315,1122,Zaydiyya0000037Vols,147,431,1254,368,43
95,49,864,Shamela0009873,1160,670,1446,236,27
95,273,1444,Shamela0023700,1875,1,916,517,50
95,406,1365,Shamela0009783BK1,868,263,1033,257,30
95,35,1448,Tafsir03092,935,296,1271,612,50
95,35,895,Shamela0001733,3153,556,1469,459,53
95,899,1448,Shamela0001733,3154,6,549,353,71
95,35,899,Shamela0001733,3157,584,1445,447,52
95,932,1444,Shamela0001733,3158,1,485,311,68
95,546,1241,Shamela0000170,1037,606,1214,365,58
95,35,1421,JK000533,1821,1,1111,601,47
96,1,575,Shamela0010646,2102,685,1064,260,53
96,35,565,Shamela0009770,342,673,1215,219,42
96,616,1003,JK000778,777,958,1434,243,60
96,1003,1133,JK000778,778,1,130,102,99
96,616,1100,JK000778,1015,867,1409,321,71
96,671,999,Shia003616Vols,2721,1160,1471,229,84
96,35,565,Shia003616Vols,2721,336,902,224,44
96,999,1133,Shia003616Vols,2722,1,135,106,100
96,664,827,ShamAY0034585,52,1286,1454,123,92
96,827,1133,ShamAY0034585,53,1,306,233,95
96,35,410,Shamela0010637,299,988,1425,193,50
96,162,645,Shamela0021493,229,1,646,245,43
96,1,711,JK009408,1586,624,1443,365,47
96,35,565,Zaydiyya0000473,178,128,670,227,45
96,1,544,JK006838,600,848,1462,292,51
96,1,292,Shamela0009768,85,240,484,171,69
96,375,1133,Sham19Y0020989,1907,450,1121,397,58
96,51,664,Shia001344Vols,73,644,974,232,45
96,35,410,Shia001782Vols,2877,1030,1441,188,52
96,1,616,JK000657,127,723,1464,341,53
96,35,544,Shia003714Vols,299,72,603,214,42
96,1,1133,Shia002185Vols,2960,457,1407,723,78
96,1175,1439,Shia002185Vols,3002,515,869,192,69
96,35,544,Shamela0009873,1161,469,1017,207,39
96,700,1133,Shamela0009873,1161,1017,1383,231,64
96,1,503,Shamela0023700,1875,924,1488,279,54
96,181,664,Tafsir03092,936,18,490,215,43
96,35,565,Shamela0001733,3156,472,1012,224,44
96,1,544,Shamela0001733,3158,493,1120,300,52
96,688,1133,Shia003656Vols,559,723,1050,250,70
97,67,323,Shamela0009697,46,414,644,122,54
97,117,392,Shamela0003118,1476,763,1038,222,99
97,625,945,Shia001432Vols,8240,305,622,170,61
97,168,392,Sham19Y0013252,1747,209,446,172,89
97,632,903,Shamela0011428,1477,1162,1442,201,90
97,550,1470,Shia002185Vols,2996,314,1111,578,74
97,168,392,Shamela0005756,3491,661,900,172,89
97,117,392,JK000916,27456,501,797,222,92
98,812,1234,Sham19Y0145435,240,1,380,210,56
98,695,1102,Sham19Y0145435,6088,677,952,182,53
98,710,1234,Sham19Y0131521,3774,1,341,202,48
98,774,1234,Sham19Y0131521,3777,114,1202,220,23
98,743,1234,Shamela0036446,809,1184,1470,188,47
98,779,1166,Shamela0012406,597,451,743,156,45
98,759,1241,Shamela0012406,895,119,560,231,52
98,695,1132,Shamela0023833,433,1078,1462,253,68
98,779,1234,Shamela0035100,26,625,939,225,60
98,715,1234,Shia002616Vols,2819,256,594,219,53
98,738,1166,Sham19Y0148271,2226,1,335,229,65
98,710,1234,Shamela0009770,336,997,1413,269,64
98,695,1144,Shamela0009428,99,584,1015,252,64
98,706,1212,JK000778,1121,1071,1465,188,41
98,715,1132,Shamela0037458,1525,774,1023,164,50
98,747,1166,Tafsir07076,3839,1141,1480,230,66
98,759,1422,Shia003616Vols,101,474,952,303,56
98,906,1047,Shia003616Vols,3717,939,1079,112,99
98,695,1166,ShamAY0034585,892,236,606,221,55
98,747,1212,Sham19Y0014601,1663,1134,1421,190,51
98,679,1234,Sham19Y0014601,4104,805,1184,220,49
98,703,1119,Sham19Y0020699,2202,139,421,183,56
98,665,1234,ShamAY0034282,1159,633,1214,303,57
98,695,1166,Shamela0025794,5020,945,1375,266,64
98,747,1422,Shamela0003118,7767,766,1352,347,56
98,665,1166,Shamela0022547,2103,420,870,272,61
98,718,1234,Shamela0021766,1834,778,1187,230,54
98,695,1234,Shamela0004445,1461,26,496,279,61
98,779,1234,Shamela0010906,212,57,371,225,60
98,706,1071,Shamela0010906,1308,1252,1497,136,43
98,743,1234,Shamela0021744,3296,311,696,215,50
98,715,1234,Sham19Y0013614,586,432,744,208,51
98,679,1234,Shamela0117359,655,756,1135,220,49
98,743,1166,Sham19Y0123608,1080,861,1171,224,65
98,759,1234,Sham19Y0145212,2495,1078,1482,190,46
98,718,1234,Shamela0025800,2193,489,842,226,54
98,665,1234,Shamela0011428,1480,335,875,267,48
98,1055,1251,Shamela0011428,1481,1,194,142,86
98,706,1234,Shamela0005922,2790,983,1349,231,54
98,718,1251,Kraken210630005153,7367,408,982,278,53
98,710,1234,Shamela0009784,796,101,519,270,64
98,715,1216,Shamela0011816,237,923,1365,264,61
98,715,1212,Sham19Y0122257,2358,958,1267,212,54
98,743,1234,ShamAY0033945,1368,1,361,215,52
98,695,1226,ShamAY0033945,1609,496,942,277,61
98,695,1212,ShamAY0033945,1715,304,758,265,58
98,695,1095,ShamAY0033945,2138,1094,1416,223,67
98,743,1234,ShamAY0034055,9820,1045,1430,215,52
98,695,1234,Shia001782Vols,3163,932,1420,284,61
98,715,1132,Shamela0023623,1540,1048,1297,164,50
98,698,1226,Shamela0009783BK4,6,404,787,236,54
98,747,1166,Shamela0010283,3453,1161,1467,223,66
98,695,1166,Sham19Y0146127,2139,43,403,242,63
98,755,1422,ShamAY0035797,2,9,690,361,56
98,695,1212,Sham19Y0148486,4012,690,1162,285,62
98,715,1212,Sham19Y0014119,428,722,1049,175,40
98,710,1234,Shamela0008360,599,581,907,219,53
98,695,1166,JK000927,794,702,1094,262,66
98,695,1166,ShamAY0032665,6350,905,1303,264,66
98,715,851,Sham19Y0017791,1326,395,623,96,53
98,715,1132,ShamAY0034054,1482,102,351,161,49
98,695,1115,Shamela0006864,990,1094,1461,240,66
98,718,1234,ShamAY0034409,232,1111,1449,211,52
98,695,1166,Sham19Y0020878,1743,937,1363,258,63
98,715,1132,Shamela0012884,2283,762,1027,155,46
98,5,336,Shia002185Vols,2996,1116,1482,248,83
98,336,817,Shia002185Vols,2997,1,504,274,61
98,695,1166,Sham19Y0018144,6350,1009,1407,264,66
98,743,1140,Shia003704,119,749,1091,229,71
98,695,1234,Shamela0009783BK1,864,363,814,244,53
98,687,1140,Shia001989,259,981,1409,261,65
98,715,1234,Shamela0005756,2727,877,1262,210,50
98,658,1234,Shamela0001733,4434,180,708,298,58
98,728,1332,Shia003656Vols,525,66,541,154,28
98,695,1212,JK000916,26131,988,1425,271,62
98,551,1345,JK000916,26133,108,886,553,87
98,665,1251,Shamela0001686,2696,596,1374,385,59
98,743,1234,JK000299,2825,51,437,215,49
98,695,1234,Shamela0006617,398,13,455,242,52
98,718,1234,Sham19Y0020944,592,394,716,199,49
98,767,1166,Shia000841Vols,8819,1,287,206,63
98,695,1259,JK000533,2991,231,698,220,39
98,715,1422,ShamAY0034447,729,44,894,347,41
98,718,1216,Shamela0021743,1564,275,637,215,56
98,743,1234,Shia002702Vols,10114,741,1117,212,52
98,715,1234,Shamela0008540,1233,806,1190,218,53
99,219,645,Shamela0009789,283,689,854,134,38
99,219,435,Tafsir06048,395,842,1064,75,32
99,344,570,Shia003656Vols,927,390,604,145,72
100,451,880,Shamela0023833,445,75,847,230,36
100,814,1588,Shia001432Vols,2455,637,1228,260,33
103,1054,1174,JK000435,138,624,749,92,92
104,342,1389,Shia001432Vols,8240,666,1439,446,49
104,621,1090,Shamela0011428,1478,133,366,140,37
104,479,893,Shamela0011428,1482,361,667,161,47
104,358,813,Shamela0009773,245,1169,1415,152,39
104,903,1389,Shamela0009773,246,1,346,178,40
104,342,1153,Shia002185Vols,2997,646,1423,441,62
105,325,1181,Shamela0023833,481,739,1387,213,25
105,61,1408,Shia001432Vols,8241,111,1305,757,65
105,1078,1408,Shamela0009728,78,1046,1161,81,31
105,742,1295,Shamela0011428,1478,358,780,264,56
105,641,1222,Shamela0009784,827,15,297,132,25
105,311,689,Shamela0010283,3449,579,1022,105,23
105,61,1386,Shamela0009773,246,734,1421,436,41
105,325,689,Shamela0006864,1069,967,1334,132,37
105,176,1408,Shia002185Vols,2999,6,1279,823,75
105,311,1222,Shamela0006617,510,13,658,223,25
106,992,1436,Shamela0023833,482,270,627,194,49
106,313,640,JK000778,1013,318,622,166,54
106,305,450,Shia003616Vols,1507,397,627,96,48
106,313,678,Sham19Y0014601,2459,616,852,116,35
106,313,715,Shamela0003118,5369,340,1090,256,42
106,235,1360,Shia001432Vols,8242,1,736,497,54
106,992,1282,Shamela0009728,78,1211,1365,96,42
106,1,1205,Shamela0011428,1478,793,1356,370,38
106,992,1436,Shamela0009784,827,506,783,157,40
106,529,678,Sham19Y0023625,1223,1,279,81,33
106,992,1442,Shamela0010283,3450,261,594,196,49
106,313,640,Shamela0010283,3456,46,386,177,53
106,987,1370,Shamela0009773,247,385,608,139,46
106,41,395,Shamela0009773,247,6,329,221,72
106,313,715,JK007128,748,974,1297,171,44
106,316,678,Shamela0009061,3,1204,1494,166,50
106,992,1436,Shamela0006864,1070,535,886,196,49
106,1,124,Shia002185Vols,2999,1279,1402,98,100
106,130,1442,Shia002185Vols,3000,6,1324,879,78
106,316,678,Shamela0009873,963,341,821,161,39
106,313,678,Shamela0023700,2380,793,1373,211,41
106,313,715,JK000916,18633,671,1430,254,41
106,313,715,Shamela0001686,1349,283,1052,255,41
106,992,1436,Shamela0006617,510,814,1160,180,45
107,1143,1301,Shamela0000504,50,587,760,103,73
107,1036,1301,Shamela0023833,430,1098,1396,150,54
107,1043,1163,Shia003616Vols,2723,669,1023,66,23
107,1097,1301,Shamela0004445,1458,887,1146,143,68
107,248,1004,Shia001432Vols,8242,973,1465,302,47
107,1143,1315,Sham19Y0020989,1359,1,178,115,82
107,1143,1301,ShamAY0033945,1665,202,399,118,76
107,1097,1398,Shia003732Vols,1548,371,689,185,65
107,89,616,Shamela0010283,3450,957,1263,128,30
107,1128,1362,Shamela0009773,247,905,1213,156,59
107,1043,1301,Shamela0009773,2928,847,1262,160,48
107,1036,1301,Shamela0006864,987,1118,1416,150,54
107,192,555,Shamela0006864,1071,1,330,91,22
107,1143,1301,Shia002185Vols,2987,1008,1179,113,84
107,93,1128,Shia002185Vols,3001,1,1093,593,59
107,1009,1270,JK000916,27755,1148,1404,189,93
107,1270,1398,JK000916,27756,1,129,96,93
107,1097,1301,Shamela0006617,487,1035,1300,142,66
107,50,551,Shamela0006617,511,83,391,106,25
108,168,478,Shamela0023833,483,232,498,117,43
108,662,855,Shamela0009773,250,1,204,117,69
108,168,478,Shamela0006864,1071,468,733,117,42
108,100,288,Shia002185Vols,3001,1193,1393,139,87
108,997,1434,Shia002185Vols,3002,502,1127,302,59
109,730,1400,Shamela0009862,213,308,767,214,38
109,510,1400,Shamela0023833,474,518,1226,275,35
109,99,300,Shia003616Vols,78,1,242,125,66
109,8,300,Shamela0004445,1384,611,861,140,57
109,513,1456,Shia001432Vols,8243,560,1283,494,62
109,16,203,Shia001432Vols,35376,1273,1493,118,68
109,741,1400,Shamela0005816,77,1107,1425,174,32
109,8,296,JK006838,574,1141,1460,173,63
109,586,1283,Shamela0009784,820,832,1345,222,36
109,741,1456,Shamela0009773,241,188,844,359,54
109,537,1456,Shia002406Vols,3319,117,811,474,61
109,8,304,Shia003714Vols,275,651,1013,213,74
109,510,1400,Shamela0006864,1057,637,1346,275,35
109,1,380,Shia002185Vols,3002,1127,1490,229,68
109,406,1456,Shia002185Vols,3003,5,1298,593,49
109,741,1400,Shamela0009898,85,395,715,174,32
109,709,1400,ShamAY0034434,104,436,819,169,27
109,730,1400,Shamela0006617,504,570,1078,240,43
109,741,1413,JK000412,8,1,705,279,39
110,1,492,Shamela0023833,474,942,1330,48,9
110,1,294,Shia001432Vols,8243,1283,1511,168,73
110,358,1082,Shia001432Vols,8244,37,346,197,33
110,626,761,Shamela0011428,832,1333,1474,105,95
110,1,258,Shamela0009773,241,844,1403,124,25
110,412,621,Shamela0009773,242,1,276,100,37
110,1,1082,Shia002406Vols,3319,811,1391,356,38
110,1,208,Shia002185Vols,3003,1298,1461,126,77
110,208,1473,Shia002185Vols,3004,1,613,335,32
110,767,972,Shia003656Vols,906,893,1047,120,72
110,1,184,JK000412,8,942,1111,80,50
111,128,588,Shamela0023833,475,564,1068,138,25
111,1067,1420,Shamela0023833,476,13,487,172,40
111,143,1210,Shia003636Vols,675,717,1450,424,44
111,128,1410,Shia001432Vols,8244,453,1471,511,40
111,342,887,Shamela0009728,77,496,713,124,28
111,763,1420,Shamela0009784,822,1,681,278,40
111,342,1205,Shia003732Vols,1556,945,1305,154,22
111,685,1415,Shamela0010283,3444,484,1326,290,36
111,143,1133,Shamela0009773,242,469,1389,410,38
111,330,1205,Shia003714Vols,316,172,546,145,21
111,694,1420,Shamela0006864,1064,9,898,292,33
111,107,1080,Shia002185Vols,3004,616,1465,446,45
111,1080,1423,Shia002185Vols,3005,1,477,182,40
111,125,1205,Shamela0006617,505,463,1378,385,36
112,574,793,Sham19Y0147104,1024,576,704,79,46
112,354,947,Shamela0023833,476,615,1389,202,26
112,950,1312,Shamela0023833,477,5,568,167,35
112,163,305,Shamela0026324,1941,473,985,83,20
112,593,1312,Shia003636Vols,676,294,674,242,42
112,593,962,Shia003636Vols,1130,791,1042,156,50
112,13,1312,Shia001432Vols,8245,7,640,349,32
112,381,935,Shamela0009784,822,819,1402,211,35
112,714,1312,Shamela0010283,3446,359,1108,238,32
112,314,1217,Shamela0009773,243,451,986,306,39
112,354,793,Shamela0006864,1064,1026,1358,124,28
112,618,1312,Shamela0006864,1065,72,985,280,34
112,6,1189,Shia002185Vols,3005,494,1436,418,36
112,366,1312,Shamela0006617,506,195,1285,369,33
113,67,730,Shamela0023833,477,636,1330,217,29
113,920,1355,Shamela0023833,478,470,878,152,33
113,42,1093,Shia003636Vols,676,660,1413,459,52
113,1134,1406,Shia003636Vols,677,13,295,150,61
113,274,616,Shia003636Vols,1130,1088,1279,59,18
113,31,1306,Shia001432Vols,8245,614,1428,534,52
113,518,1030,SHAM19Y23644,1075,239,618,140,30
113,39,734,Shamela0009784,823,514,1270,217,27
113,916,1364,Shamela0009784,824,390,794,170,41
113,410,1070,Shamela0010283,3447,35,561,214,32
113,67,650,Shamela0009773,244,1147,1444,175,37
113,679,1396,Shamela0009773,245,1,557,316,50
113,1241,1364,Shia001278Vols,978,439,550,88,90
113,42,1406,Shia002185Vols,3006,147,1428,784,64
113,916,1344,Shamela0006617,507,838,1403,173,33
114,589,820,Shamela0023833,479,70,266,74,32
114,1,963,Shia001432Vols,8246,94,675,364,46
114,1,978,Shamela0009773,245,554,1090,360,47
114,519,820,Shamela0006864,1067,355,685,98,27
114,1,963,Shia002185Vols,3007,1,733,445,54
114,519,646,Shamela0006617,508,35,317,62,25
115,1180,1410,Shamela0023833,220,433,590,104,57
115,978,1431,Shamela0023833,453,113,556,214,48
115,963,1410,Shamela0010695,80,548,879,182,45
115,1176,1410,Shamela0005816,85,846,1097,125,54
115,407,1176,JK000481,71,977,1399,165,23
115,1044,1431,JK000481,72,1,417,207,52
115,978,1431,Shamela0009784,806,901,1323,209,48
115,866,1425,Shia003714Vols,300,682,1088,177,36
115,978,1431,Shamela0006864,1036,293,736,214,48
115,1176,1410,Shamela0009898,93,240,492,125,54
116,613,1296,Shamela0009862,115,1058,1449,180,31
116,613,1304,Shamela0009862,154,242,1092,187,19
116,865,1369,Shamela0009862,157,397,684,108,26
116,957,1359,Shamela0023833,189,283,703,128,32
116,613,1359,Shamela0023833,191,374,1171,252,34
116,613,1280,Shamela0023833,220,687,1143,184,32
116,12,1214,Shamela0023833,454,18,1305,423,32
116,29,364,Shamela0003118,3491,1065,1412,132,41
116,613,1307,Shamela0006706,42,318,683,119,19
116,613,1304,Shamela0010695,81,163,632,225,35
116,774,1359,Shamela0009728,28,226,634,135,23
116,638,1226,Shamela0009728,29,891,1386,155,28
116,600,865,Shamela0009728,61,1011,1372,172,61
116,1018,1369,Shamela0009728,62,6,438,236,65
116,574,721,Shia003056,16,45,436,90,29
116,1099,1369,Shia003056,21,22,569,117,26
116,991,1369,Shamela0005816,86,64,531,174,37
116,1018,1333,JK000481,72,977,1376,179,52
116,613,1333,Shamela0009784,807,795,1351,277,40
116,774,1206,Shamela0010283,3254,92,283,89,25
116,613,1171,Shamela0010283,3262,484,949,132,22
116,613,1066,Shamela0010283,3277,1308,1439,91,25
116,1,1359,Shamela0010283,3436,430,1321,366,30
116,865,1119,Shamela0009773,156,346,656,86,28
116,613,1351,Shia003714Vols,301,5,435,202,31
116,613,1359,ShamAY0034441,88,497,1089,210,33
116,960,1359,Shamela0006864,531,83,501,139,40
116,613,1231,Shamela0006864,533,19,1111,300,33
116,613,1359,Shamela0006864,600,537,1193,191,24
116,12,1119,Shamela0006864,1037,177,1251,322,27
116,1089,1369,Shamela0006864,1038,1,321,189,70
116,1022,1369,Shamela0009898,93,838,1211,193,62
116,613,1356,Shamela0009898,94,395,997,199,25
116,869,1018,JK000916,9546,664,817,116,97
116,869,1056,JK000916,9547,142,641,102,26
116,29,227,JK000916,11179,1153,1399,103,52
116,29,364,Shamela0001686,798,14,382,139,42
116,613,1351,Shamela0006617,491,817,1334,273,44
116,617,1206,JK000412,95,674,1136,86,13
117,1,439,Shamela0023833,455,155,674,138,31
117,496,799,Shamela0023833,456,340,689,145,47
117,588,1155,Shamela0009728,63,15,792,272,40
117,880,1247,Shamela0005816,85,96,540,118,26
117,694,906,Shamela0005816,87,31,304,127,59
117,464,1373,JK000481,73,330,1034,266,30
117,496,1093,Shamela0009784,808,645,1375,249,42
117,638,1342,Shamela0010283,3437,6,571,217,33
117,591,1105,Shamela0001485,62,847,1283,124,27
117,241,1064,Shia003714Vols,301,195,1230,302,29
117,452,799,Shamela0006864,534,491,1038,121,23
117,1,439,Shamela0006864,1038,321,841,133,28
117,496,799,Shamela0006864,1039,521,871,145,47
117,839,1108,Shamela0006864,1040,48,431,113,35
117,632,1247,Shamela0009898,92,561,1249,153,19
117,496,924,Shamela0009898,94,534,1028,179,44
117,139,356,Shamela0001686,858,623,837,120,62
117,496,1309,Shamela0006617,492,627,1363,252,28
118,606,894,Shamela0012406,880,313,706,178,55
118,463,1013,Shamela0023833,195,893,1247,74,15
118,15,256,Shamela0023833,221,369,927,137,30
118,118,1030,Shamela0023833,458,10,739,186,19
118,1069,1173,Shamela0021477,590,1094,1197,79,98
118,15,1034,Shamela0010695,82,654,1315,257,27
118,11,225,Shamela0009728,63,982,1335,122,44
118,158,1030,Shamela0009728,64,1,457,189,26
118,15,1030,Shamela0005816,87,281,856,261,30
118,15,1039,JK000481,74,179,857,229,21
118,11,1034,Shamela0009784,809,427,1134,227,21
118,133,528,Shamela0010283,3264,1062,1393,71,16
118,15,1034,Shamela0010283,3437,571,1161,234,26
118,15,256,Shamela0006864,601,164,657,138,33
118,23,1017,Shamela0006864,1041,1,926,232,20
118,128,511,Shia002185Vols,3001,571,1355,87,12
118,15,219,Shamela0009898,94,997,1302,127,51
118,368,1030,Shamela0009898,95,10,274,128,26
118,298,434,JK000916,25118,42,170,100,94
118,617,894,Shamela0001686,1071,922,1366,171,47
118,15,1030,Shamela0006617,493,209,790,256,28
119,9,1137,Shamela0023833,459,132,1314,494,40
119,624,1132,Shamela0023833,460,193,737,198,37
119,1084,1190,Shamela0009793,292,943,1343,55,18
119,829,1068,Shamela0003722,8238,172,667,78,19
119,708,824,Shia003636Vols,5407,512,622,65,67
119,9,1061,Shamela0010695,83,318,1391,383,35
119,9,1137,Shamela0009728,65,263,1251,443,41
119,682,1132,Shamela0009728,66,64,508,182,41
119,480,824,Shia003056,62,36,481,94,22
119,64,761,Shamela0005816,88,1,811,389,53
119,792,1293,Shamela0005816,88,343,848,145,26
119,12,402,JK000481,421,455,747,168,51
119,1,1290,Shamela0009784,810,150,1234,477,40
119,829,1053,Shamela0096228,549,983,1424,74,20
119,767,1190,Shia003732Vols,5960,593,761,67,21
119,91,1117,Shamela0010283,3438,216,1120,270,26
119,1,767,Shia003714Vols,303,388,1380,379,43
119,829,1046,JK000134,4093,86,402,61,21
119,64,1124,Shamela0012205,148,271,821,196,21
119,9,1084,Shamela0006864,1042,292,1343,448,40
119,648,1132,Shamela0006864,1043,366,889,177,33
119,1,716,Shamela0009898,95,608,1339,416,63
119,1080,1293,Shamela0009898,96,1,233,101,47
119,381,619,JK000916,8186,1,295,91,38
119,320,536,Shamela0001686,1102,74,205,78,47
119,642,995,Shamela0001686,1107,1066,1377,120,36
119,1114,1307,Shamela0001686,1111,316,838,92,22
119,480,824,Shamela0001686,1535,324,704,124,34
119,185,858,Shamela0001686,2946,13,429,108,17
119,659,903,Shamela0006617,494,1075,1342,159,72
119,53,809,Shamela0006617,494,1,893,360,47
119,829,1093,JK000533,3004,100,470,57,14
120,659,1070,Shamela0023833,460,749,1215,210,48
120,992,1349,Shamela0023833,461,432,704,173,59
120,361,631,Shamela0023833,461,1,334,157,55
120,824,1092,Shamela0009793,285,784,1063,88,29
120,706,1092,Shamela0010695,84,1,376,168,47
120,992,1337,Shamela0010695,84,957,1214,155,53
120,655,1020,Shamela0009728,51,225,686,85,18
120,659,1035,Shamela0009728,66,479,982,196,45
120,992,1349,Shamela0009728,67,257,557,153,46
120,659,1012,Shamela0005816,88,1028,1318,168,58
120,276,702,Shamela0005816,89,9,303,176,51
120,758,1349,Shamela0005816,89,1,562,166,26
120,345,1088,JK000481,420,556,1089,208,31
120,992,1349,Shamela0009784,811,820,1072,159,55
120,38,694,Shamela0009784,811,177,856,263,42
120,65,684,Shia003714Vols,304,641,1316,240,35
120,659,1028,Shamela0006864,1043,901,1269,202,61
120,263,684,Shamela0006864,1044,41,604,245,53
120,992,1349,Shamela0006864,1044,576,847,173,59
120,758,1180,Shamela0009898,96,703,1271,119,20
120,38,694,Shamela0009898,96,422,989,222,34
120,824,1127,Shamela0001686,1118,676,1377,164,29
120,38,694,Shamela0006617,495,139,847,229,33
120,943,1349,Shamela0006617,495,737,1072,151,38
121,4,477,Shamela0023833,461,754,1114,133,31
121,486,1383,Shamela0023833,462,21,1083,446,47
121,906,1328,Shamela0023833,560,540,892,106,32
121,589,940,JK000778,1135,125,373,116,35
121,245,1199,Shamela0010695,85,28,712,303,37
121,906,1383,Shamela0010695,112,319,658,104,26
121,4,692,Shamela0009728,67,521,1381,241,31
121,744,1232,Shamela0009728,68,6,494,210,42
121,9,1383,Shamela0005816,89,531,1272,495,44
121,249,511,JK000481,420,138,438,124,40
121,589,1275,JK000481,420,1068,1370,224,42
121,4,302,Shamela0009784,811,1121,1285,102,44
121,387,1383,Shamela0009784,812,6,683,322,37
121,1239,1348,Sham19Y0122397,224,30,176,76,66
121,463,961,Sham19Y0122397,244,148,459,115,26
121,585,1111,Shia003714Vols,305,921,1335,203,42
121,950,1365,Shia003714Vols,306,307,815,142,27
121,4,477,Shamela0006864,1044,896,1256,139,32
121,455,1383,Shamela0006864,1045,127,1238,463,47
121,906,1328,Shamela0006864,1202,1004,1357,105,32
121,249,1383,Shamela0009898,97,1,665,442,47
121,777,1041,Shamela0023700,1508,583,730,79,37
121,249,980,Shamela0023700,2606,1160,1404,68,10
121,1245,1365,Shamela0001686,1121,1091,1213,77,76
121,585,1067,Shamela0001686,1125,323,956,255,47
121,851,1052,Shamela0001686,1528,639,842,85,50
121,4,602,Shamela0006617,495,1038,1359,160,32
121,602,1383,Shamela0006617,496,1,511,291,42
122,52,549,Shamela0028172,149,345,800,158,33
122,479,1139,Shamela0028172,150,492,1255,187,26
122,14,644,Shamela0023833,470,515,1310,362,54
122,762,1236,Shamela0023833,471,5,660,269,51
122,52,636,Shamela0009793,297,261,749,133,23
122,268,909,Shamela0009793,298,488,925,162,28
122,45,1288,Shamela0010695,90,82,1264,510,42
122,45,403,Shamela0009728,73,905,1303,151,43
122,520,1236,Shamela0009728,74,6,691,283,41
122,45,567,Shamela0005816,93,838,1295,230,50
122,567,1288,Shamela0005816,94,1,496,308,52
122,549,888,Shamela0005816,426,851,1220,137,40
122,14,469,JK000481,424,863,1247,149,35
122,567,1252,JK000481,425,72,464,142,22
122,86,1008,Shamela0009784,817,448,1312,461,56
122,1013,1288,Shamela0009784,818,18,294,98,34
122,60,644,Shamela0010283,3441,931,1324,184,35
122,812,1236,Shamela0010283,3442,14,383,202,54
122,354,1299,Shia003714Vols,307,9,1193,367,32
122,649,946,Shia003714Vols,308,79,365,132,49
122,599,822,Shamela0006864,969,6,291,117,49
122,14,558,Shamela0006864,1053,644,1306,314,57
122,537,1288,Shamela0006864,1054,5,729,314,41
122,45,1288,Shamela0009898,101,297,1251,529,50
122,629,771,Shamela0012581,373,1029,1170,100,87
122,90,254,JK000916,5766,670,833,125,99
122,379,624,Shamela0001686,1137,703,1175,121,30
122,549,860,Shamela0001686,1138,161,583,81,20
122,629,771,Shamela0001686,1142,670,818,106,92
122,45,644,Shamela0006617,501,669,1314,337,59
122,762,1236,Shamela0006617,502,10,461,248,64
123,142,843,Shamela0023833,471,671,1335,308,45
123,737,1344,Shamela0023833,472,21,942,343,45
123,326,627,Shamela0009793,298,1108,1339,88,27
123,769,1045,Shamela0004445,1466,251,537,79,24
123,274,1338,Shamela0010695,91,39,1243,555,49
123,457,1109,Shamela0009728,41,5,388,128,23
123,264,868,Shamela0009728,74,691,1315,275,44
123,791,1344,Shamela0009728,75,6,681,289,49
123,347,1101,Shamela0009728,90,184,566,117,18
123,805,1333,Shia003056,69,525,841,122,26
123,326,1330,Shamela0005816,94,507,1275,421,47
123,678,1326,JK000481,425,531,1317,305,49
123,142,1003,Shamela0009784,818,358,1347,424,44
123,999,1333,Shamela0009784,819,45,305,154,60
123,419,1338,Shamela0010283,3442,455,952,305,40
123,457,1087,Shia003714Vols,185,411,959,171,27
123,326,587,Shia003714Vols,307,1127,1319,113,50
123,995,1338,Shia003714Vols,308,590,1036,164,42
123,142,737,Shamela0006864,1054,795,1305,302,58
123,678,1344,Shamela0006864,1055,13,1066,361,42
123,399,1338,Shamela0009898,102,1,793,403,47
123,7,438,Shamela0001686,1143,193,644,198,47
123,326,1277,Shamela0006617,502,513,1314,447,53
124,102,707,Shamela0028172,152,29,618,145,20
124,211,1029,Shamela0023833,283,179,995,173,18
124,1,363,Shamela0023833,472,942,1271,188,56
124,288,1282,Shamela0023833,473,1,914,495,53
124,102,432,Shamela0009793,300,64,379,137,46
124,4,1230,Shamela0010695,92,1,944,487,45
124,1,815,Shamela0009728,75,681,1229,290,44
124,898,1230,Shamela0009728,76,1,294,160,54
124,1,1230,Shamela0005816,95,45,732,462,46
124,348,1282,JK000481,426,6,653,292,33
124,9,1282,Shamela0009784,819,68,1292,594,46
124,882,1205,Shamela0010283,3443,15,265,148,54
124,211,1041,Shia003714Vols,185,615,1173,135,17
124,1,453,Shia003714Vols,308,915,1313,162,40
124,680,1214,Shia003714Vols,309,267,915,223,34
124,1,228,Shamela0006864,1055,1066,1246,116,59
124,223,1282,Shamela0006864,1056,1,1028,548,55
124,1,997,Shamela0009898,102,793,1280,314,39
124,997,1230,Shamela0009898,103,1,203,150,78
124,441,912,Shamela0001733,3151,1100,1212,86,23
124,1,366,Shamela0001686,1155,504,1010,122,26
124,558,1154,Shamela0001686,1159,152,1336,207,20
124,1,1282,Shamela0006617,503,74,1037,622,59
125,418,625,Shamela0028172,154,51,329,64,24
125,558,1321,Shamela0028172,155,31,1222,260,24
125,111,1256,Shamela0023833,463,11,1265,498,41
125,1236,1333,Shamela0023833,464,1,97,73,98
125,1,176,Shamela0023833,473,905,1079,115,81
125,262,466,Shamela0009793,311,25,471,110,31
125,191,1117,Shamela0010695,85,882,1396,257,33
125,1,195,Shamela0010695,92,993,1179,114,68
125,7,693,Shamela0009728,68,226,1364,246,23
125,529,1326,Shamela0009728,69,62,535,258,37
125,1,222,Shamela0009728,76,343,592,129,58
125,233,1333,Shamela0005816,90,1,674,363,39
125,1,176,Shamela0005816,95,762,907,96,64
125,262,426,Shamela0005816,362,1,312,82,32
125,111,850,Shamela0009784,812,910,1361,220,35
125,876,1333,Shamela0009784,813,5,272,164,44
125,1024,1308,Sham19Y0122397,923,296,455,85,37
125,246,1321,Shamela0010283,3439,675,1074,220,27
125,1,400,Shamela0010283,3443,201,566,104,24
125,22,604,Shia003714Vols,309,733,1352,173,26
125,104,596,Shamela0006864,744,519,911,119,24
125,111,1117,Shamela0006864,1046,167,1329,459,42
125,1222,1333,Shamela0006864,1047,129,239,83,98
125,1,176,Shamela0006864,1056,1019,1193,115,81
125,7,1308,Shamela0009898,97,387,1328,404,34
125,1,176,Shamela0009898,103,233,378,96,64
125,114,449,Shamela0001686,1161,744,1259,141,35
125,979,1308,Shamela0001686,1173,578,1125,145,29
125,233,836,Shamela0001686,2961,96,651,110,17
125,1045,1321,Shamela0001686,2963,141,603,97,26
125,104,833,Shamela0006617,496,318,1332,297,32
125,709,1333,Shamela0006617,497,4,455,252,47
125,1,222,Shamela0006617,503,1028,1233,123,71
126,675,1143,Shamela0028172,157,596,1377,162,24
126,63,557,Shamela0028172,158,181,973,177,26
126,1,916,Shamela0023833,464,217,1180,441,48
126,766,1340,Shamela0023833,465,24,599,256,42
126,144,636,Shamela0009793,303,486,1374,192,28
126,13,1127,Shamela0010695,86,122,1339,499,40
126,1,790,Shamela0009728,69,574,1268,364,49
126,523,1340,Shamela0009728,70,6,604,294,39
126,832,1050,Shamela0009728,91,1,157,73,35
126,23,992,Shamela0005816,90,639,1288,402,53
126,949,1323,Shamela0005816,91,1,381,186,50
126,125,1050,JK000481,424,1,840,284,31
126,13,1041,Shamela0009784,813,385,1285,420,41
126,989,1337,Shia001782Vols,1938,351,641,96,31
126,787,1036,Shamela0023789,721,1,220,100,50
126,13,753,Shamela0010283,3439,847,1390,167,21
126,359,717,Shia003714Vols,311,618,869,111,37
126,13,275,Shamela0012205,146,848,1275,125,36
126,1,790,Shamela0006864,1047,359,1189,409,53
126,684,1340,Shamela0006864,1048,1,751,275,37
126,23,1323,Shamela0009898,98,46,1078,571,51
126,140,461,Shamela0001686,1175,1,252,77,24
126,1,881,Shamela0006617,497,466,1295,480,61
126,1006,1340,Shamela0006617,498,1,259,166,58
127,1,356,Shamela0023833,465,599,1170,158,30
127,291,1252,Shamela0023833,466,1,982,327,31
127,225,380,JK000582,943,993,1222,78,36
127,225,380,JK000582,1207,487,657,99,70
127,215,371,Shamela0005797,666,1303,1461,92,61
127,1,903,Shamela0010695,87,123,985,277,30
127,1,575,Shamela0009728,70,604,1339,221,33
127,548,903,Shamela0009728,71,7,385,153,43
127,40,865,Shamela0005816,91,327,993,296,39
127,15,1283,Shamela0009784,814,251,1335,397,34
127,1,392,Shia003714Vols,312,221,499,113,36
127,1,356,Shamela0006864,1048,751,1323,158,30
127,264,1252,Shamela0006864,1049,124,1130,324,31
127,40,302,Shamela0009898,98,1024,1287,130,52
127,225,356,Shamela0012581,473,1139,1374,67,37
127,313,692,Shamela0001686,1185,47,600,169,35
127,721,1131,Shamela0001686,1237,632,1037,192,53
127,797,1325,Shamela0001686,1767,304,904,95,14
127,40,1252,Shamela0006617,498,295,1307,418,36
128,239,698,Shamela0004092,353,1108,1419,149,36
128,850,1069,Shamela0004092,354,31,285,92,45
128,160,911,Sham19Y0145435,1428,1,330,125,18
128,46,911,Shamela0023833,264,308,784,147,19
128,29,787,Shamela0023833,265,731,1252,138,20
128,116,264,Shamela0023833,466,1160,1322,109,90
128,183,1264,Shamela0023833,467,8,1245,523,47
128,850,1020,Shamela0009793,307,922,1292,65,21
128,29,879,Shamela0004445,1230,495,816,137,22
128,264,1264,Shamela0010695,88,1,697,321,35
128,29,1129,Shamela0009728,71,462,1330,363,36
128,1129,1311,Shamela0009728,72,1,464,97,25
128,386,1311,Shamela0005816,92,1,704,373,45
128,671,1057,JK009408,1214,760,1082,130,41
128,128,698,JK000481,421,870,1360,250,47
128,837,1311,JK000481,422,1,330,174,43
128,111,1264,Shamela0009784,815,30,930,463,46
128,120,271,Sham19Y0122397,257,198,336,96,84
128,128,279,Shia001782Vols,1942,72,551,66,17
128,32,1264,Shamela0010283,3440,498,1330,379,34
128,167,911,Shia003714Vols,175,1,206,120,21
128,69,465,Shia003714Vols,312,1032,1238,105,33
128,615,1264,Shia003714Vols,313,426,1055,199,31
128,850,1311,Shamela0012205,147,18,563,153,32
128,46,911,Shamela0006864,695,437,913,147,19
128,29,787,Shamela0006864,708,373,836,132,19
128,160,937,Shamela0006864,747,137,750,170,24
128,160,1269,Shamela0006864,1050,1,1267,547,48
128,29,1269,Shamela0009898,99,433,1324,439,39
128,811,1065,Shamela0023700,1265,576,747,92,43
128,841,1078,Shamela0023700,1588,465,927,75,18
128,7,911,Shamela0009783BK1,779,602,1060,152,19
128,144,599,JK000916,3982,739,954,99,29
128,29,513,Shamela0001686,1189,634,1273,201,33
128,811,1008,Shamela0001686,1196,942,1119,81,50
128,116,1264,Shamela0006617,499,79,1147,531,50
129,1,842,Shamela0004092,354,370,1195,187,18
129,706,1292,Shamela0023833,284,829,1289,119,20
129,228,1025,Shamela0023833,286,6,820,188,22
129,4,385,Shamela0023833,467,1065,1345,149,48
129,411,1095,Shamela0023833,468,247,1261,328,40
129,890,1302,Shamela0023833,469,179,709,238,52
129,373,1018,Shamela0023833,562,213,589,105,19
129,977,1266,Shamela0021477,62,464,773,148,53
129,698,1071,ShamAY0034585,817,124,454,96,27
129,1,548,Shamela0009793,308,143,663,105,16
129,118,842,Shamela0004445,1255,306,861,145,20
129,377,1078,Shamela0010695,54,35,464,160,29
129,118,847,Shamela0010695,88,627,1340,275,34
129,834,1297,Shamela0010695,89,1,549,226,46
129,518,1018,Shamela0010695,113,702,837,75,19
129,251,1118,Shamela0009728,42,134,846,176,20
129,101,1100,Shamela0009728,72,76,1282,352,29
129,1063,1297,Shamela0009728,73,1,216,114,55
129,4,908,Shamela0005816,92,624,1309,342,43
129,842,1289,Shamela0005816,93,5,255,133,37
129,620,1261,JK000481,418,272,923,165,24
129,1,1075,JK000481,422,330,1127,359,37
129,77,438,Shamela0009784,815,816,1099,147,48
129,534,1306,Shamela0009784,816,1,1003,385,44
129,118,936,Shamela0010283,3319,451,1107,166,20
129,472,1297,Shamela0010283,3441,16,640,324,46
129,278,1156,Shamela0010283,3487,427,960,154,22
129,356,897,Shia003714Vols,314,1,452,153,27
129,85,1066,Shamela0006864,746,162,1226,271,24
129,411,919,Shamela0006864,1051,387,1260,294,43
129,890,1302,Shamela0006864,1052,299,828,236,52
129,373,1001,Shamela0006864,1204,636,989,99,18
129,4,1289,Shamela0009898,100,5,992,415,35
129,973,1100,Shamela0023700,1980,1239,1340,76,79
129,81,329,Shamela0001733,455,1128,1259,72,41
129,730,857,Shamela0001686,1203,210,472,71,37
129,27,438,Shamela0006617,499,994,1332,171,49
129,399,1306,Shamela0006617,500,9,1213,476,48
129,518,1001,JK000412,16,512,655,82,22
130,439,815,Shamela0028172,159,825,1472,163,31
130,758,1059,Shamela0028172,160,55,363,140,47
130,1197,1334,Sham19Y0017816,115,1399,1536,107,100
130,607,1053,Shamela0023833,284,786,1289,190,40
130,1,720,Shamela0023833,469,729,1314,353,55
130,720,1059,Shamela0023833,470,1,272,141,47
130,340,571,Shamela0023833,474,17,260,129,65
130,452,1100,Shamela0009793,305,122,1041,258,29
130,1,1059,Shamela0010695,89,525,1174,448,53
130,452,753,Shamela0009728,41,905,1314,133,39
130,10,483,Shamela0009728,73,170,638,225,55
130,381,1059,Shamela0009728,73,359,799,211,36
130,607,809,Shia003056,75,18,207,105,70
130,1,1036,Shamela0005816,93,147,877,421,47
130,313,839,JK000481,423,889,1333,179,34
130,1,321,Shamela0009784,816,1003,1292,175,63
130,321,1053,Shamela0009784,817,1,338,219,38
130,298,530,Shamela0009784,820,283,526,119,53
130,409,720,Shia001782Vols,1941,181,433,123,53
130,5,1125,Shamela0010283,3441,618,1142,324,36
130,326,972,Shia003714Vols,186,747,1260,199,36
130,1,699,Shia003714Vols,314,665,1353,276,38
130,607,729,Shamela0006864,744,1233,1390,87,69
130,1,422,Shamela0006864,1052,848,1306,279,72
130,607,1059,Shamela0006864,1053,36,401,211,55
130,298,571,Shamela0006864,1057,65,380,136,49
130,1,674,Shamela0009898,100,883,1281,287,55
130,674,1036,Shamela0009898,101,1,336,135,33
130,1197,1334,JK000370,77,1075,1224,107,91
130,611,711,Shamela0001733,1196,1197,1292,70,89
130,26,152,Shamela0001686,1213,894,1183,73,31
130,601,782,Shamela0001686,1216,166,398,93,46
130,439,571,Shamela0001686,1217,1272,1395,93,91
130,530,942,Shamela0001686,1949,841,1291,118,31
130,170,1059,Shamela0006617,501,1,489,327,45
131,289,1368,Shamela0004473,3539,567,1479,356,33
131,350,607,Shamela0009918,1801,329,569,148,71
131,200,1475,Sham19Y0017816,116,33,1293,985,97
131,486,947,Shamela0012406,606,1,309,194,50
131,12,196,Shamela0023833,903,193,336,108,72
131,389,947,Shamela0009236,161,58,462,234,49
131,66,196,Shamela0008459,176,313,442,101,96
131,6,1259,Shia003616Vols,102,510,1471,579,53
131,1298,1470,Shia003616Vols,103,1,169,130,94
131,55,196,Shamela0004445,2393,818,960,105,91
131,200,938,Shia001432Vols,8252,894,1403,231,33
131,345,938,Sham19Y0127677,13728,546,1067,275,53
131,200,533,Sham19Y0127677,14472,1151,1507,111,26
131,919,1475,SHAM19Y23644,1084,146,534,244,51
131,464,938,Shamela0009784,830,16,393,204,49
131,72,220,JK010664,157,214,407,108,71
131,798,1475,Shia003732Vols,2428,648,1362,414,63
131,318,709,Shia003732Vols,2428,8,367,186,55
131,200,696,Shamela0010283,3459,900,1459,198,33
131,289,883,ShamAY0036737,154,253,636,187,35
131,36,418,Shamela0009773,312,559,1022,195,45
131,389,665,Sham19Y0145166,420,291,514,129,53
131,389,665,Shamela0023685,180,1238,1456,153,70
131,289,938,Shia003714Vols,323,76,612,248,38
131,289,938,Shamela0009873,1740,628,1250,269,41
131,913,1475,Shamela0009873,1741,396,799,257,53
131,1,418,JK009218,811,845,1411,261,56
131,1,208,JK000370,77,1224,1431,167,100
131,228,1475,JK000370,78,5,1226,950,95
131,200,1470,Shia003656Vols,992,114,1458,675,51
131,345,938,Shamela0001686,425,82,586,259,50
132,585,1364,Sham19Y0017816,107,1,779,609,99
132,1,428,Sham19Y0017816,116,1293,1442,113,33
132,47,271,Shamela0023833,903,410,593,130,73
132,357,1233,Shia003616Vols,103,197,909,273,30
132,93,316,Shia003616Vols,3718,196,423,175,94
132,700,1021,Shia003616Vols,3718,521,867,192,68
132,47,287,Shamela0004445,2393,1011,1214,134,69
132,585,1309,Shamela0009784,833,1104,1393,176,30
132,585,1459,Shia003732Vols,2429,323,938,307,40
132,585,1316,Shamela0010283,3460,551,904,228,39
132,65,428,ShamAY0038465,25,214,515,209,72
132,585,1459,Shia003714Vols,323,898,1385,316,45
132,47,271,Shamela0006864,1770,512,696,129,72
132,580,1233,Zaydiyya0000037Vols,148,434,699,168,32
132,620,1264,Shamela0009873,1742,248,646,198,35
132,1,262,JK000370,78,1226,1490,211,98
132,262,428,JK000370,79,1,159,116,89
132,455,625,JK000370,85,1332,1500,124,94
132,625,1364,JK000370,86,1,647,449,74
132,520,1279,Shia003656Vols,554,103,772,397,60
132,103,316,Shia003656Vols,993,198,411,173,99
132,585,1316,Shamela0001686,425,778,1168,250,42
132,473,744,Shamela0001686,1130,985,1284,142,47
133,742,1160,Shamela0001515,263,942,1532,187,37
133,1160,1429,Shamela0001515,264,1,278,160,64
133,359,737,Sham19Y0017816,90,727,1099,285,93
133,389,895,Shia003616Vols,103,1083,1492,265,58
133,895,1429,Shia003616Vols,104,1,614,338,60
133,871,1489,Shia003616Vols,1909,1,592,270,44
133,1019,1364,Shamela0010529,71,187,471,187,63
133,278,1049,Shamela0021766,4428,1233,1580,200,32
133,986,1410,Shia001432Vols,35413,796,1264,238,53
133,385,971,Shia003732Vols,1642,673,1332,284,44
133,986,1429,Shia003732Vols,1643,111,773,210,37
133,389,1124,Shamela0009773,251,983,1515,310,48
133,316,986,ShamAY0034409,552,63,733,500,88
133,278,871,JK009218,955,710,1190,304,57
133,316,504,JK000370,51,1297,1489,148,96
133,504,986,JK000370,52,1,485,380,97
133,359,1335,Shia003656Vols,554,913,1441,306,35
134,1167,1498,Shia003616Vols,1551,815,1171,239,80
134,88,1158,Shamela0021766,4429,427,1542,406,33
134,178,606,Shamela0010906,256,444,744,142,35
134,88,793,Shia003732Vols,1643,608,1424,253,28
134,708,1246,Shia003732Vols,1644,56,701,254,39
134,221,606,Shamela0010283,3461,1143,1422,149,41
134,361,1123,Shamela0009773,252,420,901,238,35
134,452,1123,ShamAY0034409,551,543,1308,252,33
134,783,1158,Shamela0009873,1186,1,287,137,38
134,452,1123,JK000370,51,412,1070,264,38
134,157,425,Shia003656Vols,555,1245,1497,127,52
134,639,1158,Shia003656Vols,556,174,567,270,61
134,1193,1498,Shia003656Vols,556,1063,1346,165,61
134,221,606,Shamela0001686,426,437,774,168,43
135,317,1193,Shia003616Vols,104,869,1550,244,26
135,1,364,Shia003616Vols,1551,1171,1468,168,47
135,928,1508,Shia003616Vols,2119,228,898,438,80
135,479,957,Shia003616Vols,4681,155,623,282,65
135,459,993,Shia001432Vols,35414,15,251,175,40
135,437,822,Shia003732Vols,1644,612,964,219,66
135,479,822,Shamela0010283,3462,1262,1513,185,66
135,993,1508,Shia003656Vols,556,567,955,242,53
135,442,709,Shia003656Vols,557,94,367,133,52
135,993,1488,JK000916,10021,533,1043,390,94
135,335,1027,Shamela0001686,426,745,1446,286,35
136,1,445,Shia003616Vols,2119,898,1344,290,74
136,52,325,JK000916,10021,1043,1317,217,98
137,425,1082,Sham19Y0145435,1481,849,1207,195,35
137,6,818,Shia003616Vols,105,336,1009,381,50
137,1017,1525,Shia003616Vols,1911,641,925,218,53
137,1017,1230,Shamela0003118,391,877,1040,90,52
137,1286,1525,Shamela0003118,484,445,683,189,99
137,52,818,Shia003636Vols,686,18,693,364,51
137,1017,1230,Sham19Y0127700,307,163,503,98,31
137,509,806,JK009242,388,560,756,114,49
137,1151,1436,JK009242,388,769,1268,80,18
137,6,1460,Shamela0010283,3463,272,1414,358,24
137,151,1431,Shamela0009773,253,7,1109,565,47
137,438,1431,Shia003714Vols,327,276,1235,231,20
137,6,509,Zaydiyya0000037Vols,149,1150,1518,206,46
137,1188,1525,Shia003656Vols,570,60,347,141,45
137,1248,1525,JK000916,1290,373,646,215,98
137,6,1431,Shamela0001686,427,44,1262,592,42
138,267,673,Shia003616Vols,1534,221,586,260,75
138,1,628,Shia003616Vols,1911,925,1527,479,95
138,628,1306,Shia003616Vols,1912,1,558,368,65
138,1143,1495,Shia003616Vols,2726,283,549,163,58
138,1,810,Shamela0003118,484,683,1482,628,96
138,105,328,Shia003636Vols,686,1024,1207,133,75
138,1,528,Shia003732Vols,1636,429,950,265,52
138,1,296,Shia003714Vols,327,1249,1532,205,83
138,964,1303,Shia003714Vols,328,47,578,121,22
138,1317,1495,ShamAY0034409,559,1,196,139,89
138,1317,1427,JK000370,58,680,789,85,99
138,1143,1492,JK000370,63,269,602,171,52
138,1,821,JK000916,1290,646,1456,644,98
138,1,286,Shamela0001686,427,1276,1550,205,85
138,964,1303,Shamela0001686,428,57,446,134,33
138,1098,1253,Shamela0001686,1414,105,345,122,64
138,72,708,JK000533,2787,563,1085,290,50
139,5,749,Sham19Y0145435,5195,1,375,265,42
139,5,749,Sham19Y0131521,4246,351,725,265,42
139,1,758,Sham19Y0017816,92,844,1127,230,37
139,874,1004,Sham19Y0017816,93,640,775,99,91
139,1096,1557,Shamela0023833,505,856,1499,259,43
139,1205,1557,Shamela0035100,76,11,314,191,58
139,5,678,Shamela0035100,78,341,921,376,63
139,5,504,Shamela0023613,1268,573,875,197,47
139,1,802,Shia003616Vols,2726,549,1572,633,75
139,802,1583,Shia003616Vols,2727,1,733,582,92
139,381,749,Sham19Y0020591,1108,25,267,156,50
139,5,504,Shamela0010906,262,1039,1508,295,64
139,5,758,Shia003461Vols,267,45,1013,505,59
139,404,744,Shamela0025800,520,1224,1453,165,59
139,1154,1503,JK006838,623,717,1026,193,59
139,230,758,JK006838,629,1,586,301,53
139,381,678,Shia003732Vols,1467,1044,1384,174,56
139,527,1183,Shia003732Vols,2430,654,1430,341,44
139,5,593,Sham19Y0146127,3261,982,1558,349,61
139,1091,1400,Shamela0009773,230,1076,1349,182,70
139,5,639,Shamela0021821,333,760,1163,225,38
139,5,758,Sham19Y0148486,5910,277,1240,516,63
139,5,557,ShamAY0036736,56,221,536,180,37
139,5,544,ShamAY0036736,134,284,646,212,46
139,210,744,JK000927,4705,1,480,283,56
139,1096,1503,Shamela0006864,1111,916,1357,216,49
139,5,1199,ShamAY0034409,559,203,1432,941,92
139,1091,1400,Shia002185Vols,2995,928,1218,179,70
139,1,959,JK000370,63,602,1561,766,96
139,959,1199,JK000370,64,1,243,188,95
139,168,439,JK000370,82,1,284,191,80
139,5,758,Shamela0001733,3652,64,1040,524,63
139,845,1135,Shia003656Vols,913,1281,1563,220,94
139,5,749,Sham19Y0020944,685,106,489,265,42
139,404,749,Sham19Y0014309,633,150,400,167,57
139,5,544,Sham19Y0013231,5697,411,776,225,48
139,1096,1557,Shamela0005416,26,433,1086,250,41
139,5,535,Shia002702Vols,1665,133,505,222,48
140,667,1384,Shamela0012406,623,702,962,125,19
140,18,290,Shamela0023833,506,238,522,208,91
140,780,1401,Shia003616Vols,106,1083,1489,252,46
140,24,554,Shia003616Vols,2727,968,1539,408,89
140,554,1470,Shia003616Vols,2728,1,934,705,93
140,842,1014,Shia003636Vols,797,301,449,114,80
140,797,1465,Shamela0021766,797,366,1283,365,44
140,803,1238,Shamela0023578,751,973,1440,184,38
140,410,559,ShamAY0037912,8,352,502,113,94
140,332,1212,Shia003732Vols,2431,89,1465,494,39
140,1105,1451,Shia003732Vols,2432,4,416,229,64
140,667,1149,Shamela0010283,3464,1000,1472,210,45
140,667,1257,Sham19Y0145166,422,336,1256,203,23
140,18,290,Shamela0006864,1112,314,598,207,91
140,559,1257,ShamAY0034409,560,5,745,375,51
140,1063,1455,JK009218,173,518,877,168,48
140,907,1257,JK009218,173,59,452,241,72
140,366,1257,JK000370,64,282,1091,440,54
140,983,1451,Shia003656Vols,573,962,1460,265,57
140,337,1043,Shia003656Vols,573,128,1040,417,53
140,776,1465,Shamela0001686,428,685,1071,281,51
140,912,1411,Shamela0000041,542,27,618,238,44
140,902,1391,Shamela0005416,27,121,720,243,44
141,315,736,Shamela0009862,220,944,1431,165,38
141,296,811,Sham19Y0145435,245,712,1295,189,36
141,296,811,Shamela0023833,507,797,1392,196,37
141,465,819,Shamela0035100,79,1026,1427,167,47
141,78,1486,Shia003616Vols,107,52,732,487,43
141,1,580,Shia003616Vols,2728,934,1485,441,93
141,580,1489,Shia003616Vols,2729,1,914,682,90
141,414,770,Shia003636Vols,797,671,864,124,43
141,296,811,Shamela0004445,1513,345,936,201,38
141,296,811,Shamela0010695,102,642,1314,213,34
141,465,819,Shamela0010906,264,228,627,165,46
141,202,783,Shamela0009784,844,331,806,223,43
141,414,1135,Shia003732Vols,2432,986,1357,187,30
141,16,424,Shia003732Vols,2432,595,878,168,44
141,696,1479,Shia003732Vols,2433,22,838,354,41
141,465,815,Shamela0010283,3465,449,811,194,59
141,465,811,Shamela0012935,192,521,905,173,51
141,465,745,Sham19Y0145166,424,148,388,138,56
141,622,811,Shia003714Vols,330,5,268,93,41
141,410,628,JK009218,173,1001,1520,139,30
141,628,1489,JK009218,174,1,841,470,56
141,465,823,Shamela0005756,8113,359,806,152,38
141,78,1489,Shia003656Vols,574,110,1240,606,45
141,414,815,Shamela0001686,428,1154,1373,144,45
141,465,811,Shamela0021715,6238,352,879,171,38
141,229,973,Shamela0005416,27,790,1395,352,55
141,1078,1489,Shamela0005416,28,1,482,249,58
142,561,1122,Shia003616Vols,107,923,1164,151,34
142,1,557,Shia003616Vols,2729,914,1463,434,97
142,557,1498,Shia003616Vols,2730,1,937,741,97
142,189,1079,Shia003636Vols,797,958,1504,325,42
142,1,588,Shamela0021766,798,807,1540,292,43
142,634,1093,Shamela0021766,799,145,627,249,57
142,791,1494,Shamela0004445,1514,406,867,199,33
142,855,1084,Shamela0001673,6050,570,745,137,74
142,14,364,Shia003732Vols,2433,1017,1503,178,40
142,434,1494,Shia003732Vols,2434,159,1375,539,49
142,640,1494,Shamela0010283,3466,447,1069,236,32
142,1,819,JK009218,174,841,1482,448,66
142,819,1494,JK009218,175,5,676,396,58
142,879,1494,Shamela0009783BK1,881,8,421,164,30
142,1,1144,Shamela0001686,429,71,697,463,50
143,127,433,Sham19Y0017816,92,135,367,180,73
143,1201,1511,Sham19Y0017816,92,156,597,144,36
143,486,1230,Sham19Y0122187,919,636,1054,286,47
143,469,1230,JK000778,491,22,682,346,50
143,1249,1517,Shia003616Vols,108,1,263,183,76
143,1,651,Shia003616Vols,2730,937,1527,471,89
143,651,1517,Shia003616Vols,2731,1,767,604,86
143,469,1043,Shamela0003722,3247,890,1381,314,68
143,25,478,Shamela0021766,799,832,1369,348,78
143,91,433,Shamela0001673,6050,819,1095,191,63
143,502,1230,Shamela0010906,1066,430,983,327,49
143,502,869,Shia003461Vols,897,1226,1503,197,67
143,490,1086,JK009408,1367,868,1243,222,47
143,289,1043,ShamAY0033945,1844,317,1042,331,45
143,86,478,Shia003732Vols,2435,1,461,306,82
143,1201,1427,Shia003732Vols,2435,414,639,135,71
143,116,433,Shamela0010283,3466,1158,1403,193,76
143,490,1048,Shamela0010283,3467,149,625,314,68
143,464,1399,Sham19Y0145166,425,5,807,380,43
143,116,433,Shamela0023685,186,656,868,150,57
143,490,1333,Shia003714Vols,331,669,1459,398,48
143,82,478,ShamAY0034441,249,399,761,186,48
143,502,1043,JK003609,4135,244,693,294,69
143,1185,1433,ShamAY0034409,570,192,430,178,88
143,116,433,Shamela0009873,1747,841,1184,209,68
143,1211,1517,JK009218,175,964,1420,207,56
143,1,328,JK009218,175,698,1086,162,45
143,1185,1433,JK000370,74,528,777,186,92
143,111,433,Shamela0001686,429,717,969,196,76
143,1201,1418,Shamela0001686,429,759,1094,120,40
143,116,433,Shamela0006617,527,183,392,150,57
143,289,1043,JK000533,3104,460,904,234,40
143,97,483,Shamela0005416,29,76,338,182,54
144,23,447,Shamela0009862,222,668,1119,221,50
144,36,782,Sham19Y0017816,92,662,1493,378,46
144,782,947,Sham19Y0017816,93,1,164,129,98
144,932,1447,Sham19Y0017816,94,177,694,372,87
144,6,641,Shamela0023833,510,95,895,280,36
144,453,872,Shamela0035100,79,138,427,179,52
144,89,641,Shamela0009770,356,1,522,208,34
144,41,517,JK000778,944,1,459,244,54
144,622,947,Shia003616Vols,108,552,828,198,72
144,1,246,Shia003616Vols,108,263,531,158,68
144,1,756,Shia003616Vols,2731,767,1472,536,88
144,756,1447,Shia003616Vols,2732,1,710,542,96
144,234,447,Shia003616Vols,3719,501,714,169,100
144,982,1447,Shamela0003118,6264,413,897,358,93
144,6,447,Shamela0004445,1515,721,1259,252,55
144,453,872,Shamela0010906,263,854,1144,180,52
144,94,447,Shamela0036515,2513,110,405,199,67
144,772,1324,Sham19Y0127677,5206,452,987,315,63
144,982,1447,Sham19Y0127677,19877,306,789,358,93
144,932,1324,Shia002265Vols,3413,589,1001,289,86
144,6,252,JK006838,631,546,848,146,54
144,986,1421,SHAM19Y23644,2479,712,1111,247,64
144,41,344,Kraken210630005153,7475,917,1091,96,40
144,472,786,Shamela0000432,4029,376,703,193,71
144,453,907,Sham19Y0146127,3262,354,684,190,49
144,492,765,ShamAY0038465,24,335,554,117,48
144,6,447,Shia003714Vols,332,164,706,254,53
144,936,1333,Shamela0001438,7236,519,917,292,88
144,6,447,Sham19Y0014224,969,212,650,232,52
144,6,641,Shamela0006864,1122,533,1306,292,38
144,447,947,ShamAY0034409,556,251,744,387,97
144,932,1447,ShamAY0034409,569,12,570,388,86
144,86,447,JK009218,176,1,364,251,80
144,6,447,Shamela0023700,634,183,602,257,63
144,447,947,JK000370,58,813,1304,387,97
144,645,765,JK000370,60,704,821,91,97
144,772,1447,JK000370,73,433,1069,411,66
144,492,808,JK000370,239,186,464,124,41
144,492,765,JK000370,361,418,725,134,49
144,447,947,Shia003656Vols,575,805,1288,352,82
144,986,1396,Shia003656Vols,929,769,1249,224,53
144,940,1324,JK009390,7194,440,810,269,85
144,940,1324,JK009390,7304,949,1309,265,86
144,954,1447,JK000916,21817,426,943,384,94
144,6,517,Sham19Y0013769,1574,24,523,274,59
144,970,1447,Shamela0037325,169,606,1104,366,93
144,195,447,Shamela0021481,105,1,199,147,73
144,453,813,ShamAY0033592,9,1185,1414,135,44
144,447,947,Shamela0005416,29,442,936,344,83
145,1,409,Sham19Y0017816,94,694,1109,256,75
145,340,1033,Shia003616Vols,108,931,1391,180,26
145,1,409,Shia003616Vols,2732,710,1132,271,80
145,380,926,Shia003616Vols,2736,548,1114,380,83
145,1,312,Shamela0003118,6264,897,1219,241,94
145,721,1033,Shia001432Vols,35415,606,787,118,47
145,1,308,Sham19Y0127677,19877,789,1108,236,93
145,317,926,JK006838,611,846,1418,384,73
145,668,926,Shia003732Vols,1639,1243,1569,198,74
145,981,1449,Shia003732Vols,1640,27,403,202,47
145,574,926,Shia003732Vols,4502,1,340,185,53
145,340,1423,Shamela0010283,3467,725,1372,380,41
145,340,837,Sham19Y0145166,398,967,1410,114,18
145,725,926,Shamela0006590,333,1,179,115,60
145,331,1418,Shia003714Vols,333,683,1296,388,42
145,1,308,ShamAY0034409,569,570,874,228,89
145,1,312,JK000370,73,1069,1379,232,91
145,658,1452,Shia003656Vols,571,872,1463,299,39
145,467,877,JK000916,358,734,1155,179,45
145,1,308,JK000916,21817,943,1261,240,94
145,317,784,Shamela0001686,430,1335,1559,131,33
145,784,1418,Shamela0001686,431,1,434,262,48
145,1,308,Shamela0037325,169,1104,1410,231,92
146,560,1101,Shamela0009918,368,1033,1435,268,61
146,644,931,Shamela0012406,623,1,232,176,78
146,150,967,Shia003616Vols,109,1,508,331,49
146,1,365,Shia003616Vols,2736,1136,1490,278,96
146,365,1473,Shia003616Vols,2737,1,1093,821,89
146,613,1446,Shamela0004445,1506,504,1114,422,63
146,318,826,Shia001432Vols,7640,1290,1569,164,40
146,150,1312,Shia001432Vols,8250,355,1459,794,82
146,450,1334,Sham19Y0013252,5230,742,1194,224,30
146,1106,1458,Shamela0006517,273,922,1173,168,57
146,150,1458,JK006838,612,1,1114,829,78
146,635,1001,SHAM19Y23644,1093,167,492,212,71
146,304,1473,Shia003732Vols,1640,615,1509,539,56
146,89,1446,Shia003732Vols,4502,275,1453,848,76
146,162,1452,Shamela0010283,3468,1,1232,920,87
146,621,1001,Shamela0009773,254,447,782,218,68
146,1043,1430,Sham19Y0145166,400,1,392,203,55
146,89,1452,Shamela0006590,333,114,1290,843,75
146,613,1092,Shia003714Vols,334,90,503,212,46
146,450,1168,Shamela0023700,722,590,1238,288,43
146,704,1334,Shamela0005756,8967,388,938,169,24
146,369,1362,Shia003656Vols,572,167,926,460,54
146,318,931,Shia001122Vols,4603,996,1385,248,51
146,150,1288,Shia003695Vols,93,477,1479,731,78
146,1288,1463,Shia003695Vols,94,1,174,134,94
147,1187,1486,Shamela0004473,3535,1,315,196,74
147,76,775,Shamela0004473,3545,1,564,213,34
147,45,752,Shia003616Vols,109,867,1314,234,37
147,108,404,Shia003636Vols,686,1395,1536,86,36
147,859,1077,JK006838,613,706,926,128,61
147,278,701,Shia003732Vols,1641,682,1045,164,39
147,143,451,Shia003714Vols,334,767,927,98,39
147,1,414,Shamela0001686,431,1107,1456,147,42
148,690,1368,Shia003616Vols,110,119,887,325,41
148,690,1219,Shia001432Vols,35413,153,557,257,57
148,278,1200,JK006838,613,996,1514,409,54
148,454,1239,Shia003732Vols,2438,6,596,315,42
148,986,1421,Shamela0010283,3469,819,1282,248,55
148,550,1405,Shia003714Vols,335,456,948,291,40
148,545,1405,Shamela0009873,1752,581,1021,215,29
148,682,1091,Shia003656Vols,576,466,1022,222,41
148,550,1368,Shamela0001686,432,372,1027,326,41
149,30,410,Shia003616Vols,3039,283,492,135,46
149,206,414,Shia003616Vols,3059,102,338,110,51
149,872,1384,Shia003636Vols,687,976,1310,167,33
149,421,1348,Shamela0009784,857,479,1134,264,31
149,588,760,Shamela0009784,859,308,463,110,80
149,442,1032,Shia003732Vols,1646,216,733,168,29
149,884,1348,Shamela0010283,3470,4,232,139,33
149,584,973,Shamela0009773,255,75,437,249,75
149,410,1476,Shia002185Vols,3008,369,1407,807,92
149,414,1272,Shia003656Vols,934,533,1068,340,48
149,1,404,JK000916,6342,279,570,174,53
149,1,414,JK000916,22367,228,586,184,53
149,798,1348,Shamela0001686,432,1089,1439,172,34
150,836,1007,Shia001432Vols,8232,1153,1314,90,62
150,836,1088,Shia002185Vols,2978,738,978,102,49
150,1,134,Shia002185Vols,3008,1407,1541,105,99
150,134,1472,Shia002185Vols,3009,1,1332,1009,91
151,821,1377,Sham19Y0145435,251,72,755,208,30
151,1187,1377,Shamela0023833,513,1,505,128,31
151,580,885,Shia003636Vols,688,919,1131,135,54
151,1116,1312,Shamela0004445,1518,1126,1402,131,59
151,821,1312,Shamela0005816,101,674,994,161,36
151,1130,1312,JK000911,551,1,288,118,50
151,1125,1351,Shamela0009784,858,1,407,142,41
151,1116,1413,Shamela0010283,3470,892,1368,185,46
151,821,1116,Shamela0009773,255,1144,1515,198,63
151,1125,1468,Shamela0009773,256,5,399,266,85
151,821,1377,Shamela0006864,1125,247,914,200,29
151,1,209,Shia002185Vols,3009,1332,1490,127,75
151,209,1468,Shia002185Vols,3010,1,1412,964,84
151,821,1312,Shamela0009898,109,75,392,161,35
151,821,1377,Shamela0009783BK1,889,609,1296,206,29
152,937,1475,Shia003616Vols,111,841,1360,173,28
152,1132,1439,Shia003636Vols,689,403,841,165,40
152,571,917,Shia001432Vols,8345,1212,1514,238,85
152,24,1434,Shia002185Vols,3011,6,1557,1071,84
152,24,267,Shia003656Vols,935,560,832,134,50
152,712,1321,Shia003656Vols,936,393,983,348,60
153,41,534,Shia003636Vols,689,601,872,110,25
153,6,1375,Shia002185Vols,3012,132,1477,970,84
153,896,1266,Shia003656Vols,936,12,275,192,63
154,739,1135,Shia003636Vols,690,121,646,156,32
154,6,1544,Shia002185Vols,3013,1,1563,1167,90
155,354,1572,Shia003616Vols,112,495,998,314,29
155,145,1561,Shia003636Vols,690,379,1270,461,33
155,1290,1572,Shia001432Vols,8347,787,1021,179,76
155,350,950,Shia003732Vols,1648,920,1160,135,25
155,21,1572,Shia002185Vols,3014,15,1557,1150,87
156,16,702,Shia003616Vols,112,932,1518,375,60
156,6,406,Shia003616Vols,1772,1072,1449,294,90
156,396,1000,Shia003616Vols,1773,16,611,293,45
156,702,1377,Shia003616Vols,2085,814,1511,538,94
156,1377,1513,Shia003616Vols,2086,1,142,105,95
156,62,439,Shia001663Vols,100,1188,1552,186,46
156,439,1276,Shia001663Vols,101,1,524,265,35
156,265,1471,Shia001432Vols,8346,1,814,572,57
156,187,1139,Shamela0010283,3471,555,1188,298,34
156,6,840,Shamela0009773,257,355,1006,331,45
156,11,1513,Shia002185Vols,3015,1,1450,1060,85
156,181,889,Zaydiyya0000037Vols,152,274,881,288,40
156,900,1432,Shia003656Vols,937,1072,1453,286,65
156,187,1069,Shamela0001686,433,970,1472,275,34
157,162,1542,Shia003616Vols,113,1,874,608,51
157,1,1350,Shia003616Vols,2086,136,1541,1077,94
157,1350,1542,Shia003616Vols,2087,1,206,152,93
157,162,1542,Shia001663Vols,101,220,1049,608,53
157,153,878,Shia001432Vols,8346,795,1189,300,50
157,878,1086,Shia001432Vols,35433,614,819,157,91
157,158,1005,Shia003732Vols,1650,291,1548,474,43
157,1005,1542,Shia003732Vols,1651,1,303,146,31
157,153,656,Shamela0010283,3471,909,1327,241,49
157,84,1542,Shia002185Vols,3016,1,1441,1111,92
157,1,1542,Shia003656Vols,938,82,1055,669,51
157,339,656,Shamela0001686,434,1,167,132,51
158,1,1345,Shia003616Vols,2087,206,1542,1068,98
158,1345,1544,Shia003616Vols,2088,1,200,160,100
158,550,1387,Shia003636Vols,691,772,1548,586,83
158,1,419,Shamela0021766,721,568,932,219,55
158,882,1102,Shia001432Vols,8346,1348,1532,148,82
158,1102,1547,Shia001432Vols,8347,1,298,231,62
158,1316,1547,JK006838,662,581,774,145,77
158,1,419,Shia003732Vols,1651,303,675,220,54
158,129,1547,Shia002185Vols,3017,1,1365,1078,94
158,1,597,Shia003656Vols,938,1055,1478,330,69
158,597,1547,Shia003656Vols,939,1,1086,761,86
159,473,1129,Shia003616Vols,113,1055,1580,350,61
159,1129,1481,Shia003616Vols,114,1,263,201,68
159,930,1509,Shia003616Vols,1618,511,775,183,37
159,1,1349,Shia003616Vols,2088,200,1547,1070,97
159,1349,1538,Shia003616Vols,2089,1,191,150,99
159,473,1015,Shia001663Vols,101,1228,1568,263,60
159,1019,1481,Shia001663Vols,102,1,363,274,71
159,265,1436,Shamela0021766,721,716,1512,393,34
159,1,605,Shia001432Vols,8347,298,757,346,69
159,1,315,JK006838,662,774,1066,234,92
159,265,1488,Shia003732Vols,1651,450,1519,574,49
159,1,309,Shia003732Vols,1694,761,1015,195,78
159,930,1477,Shamela0010283,3472,20,335,213,45
159,1,309,Shamela0006590,344,1243,1492,200,80
159,415,1214,Shia003714Vols,344,282,771,289,41
159,1,170,Shia002185Vols,3017,1365,1535,134,98
159,170,1538,Shia002185Vols,3018,1,1249,958,85
159,1,315,Shia002984Vols,1219,44,325,222,88
159,1,275,Shia003656Vols,939,1086,1360,218,99
159,265,1524,Shia003656Vols,940,115,1211,514,43
159,1,186,Shamela0021713,685,1249,1431,146,98
159,186,315,Shamela0021713,686,1,130,103,100
159,415,1481,Shamela0001686,434,77,724,386,41
159,940,1481,ShamAY0034447,1877,476,697,144,31
160,255,1388,Shamela0012406,626,892,1341,263,28
160,112,1435,Shia003616Vols,114,164,982,454,39
160,1023,1473,Shia003616Vols,1626,306,748,228,53
160,1,745,Shia003616Vols,2089,191,938,535,84
160,112,525,Shia003616Vols,2945,1009,1389,186,45
160,112,745,Shia001663Vols,102,264,672,233,45
160,112,561,Shia001663Vols,104,830,1264,129,24
160,235,745,Shamela0021766,722,111,461,189,41
160,1033,1356,Shamela0023695,247,1091,1384,179,66
160,1052,1261,Shamela0009784,862,130,320,136,81
160,628,826,Sham19Y0122397,934,862,1070,153,92
160,1042,1435,Shia003732Vols,1652,459,845,200,51
160,235,806,Shia003732Vols,1652,12,471,210,36
160,37,1435,Shamela0010283,3472,158,937,349,26
160,822,1059,Shamela0009099,43,781,1052,161,77
160,1,408,Shia002185Vols,3018,1249,1538,226,70
160,663,1473,Shia002185Vols,3019,729,1472,518,75
160,408,628,Shia002185Vols,3019,1,200,155,86
160,235,561,Shamela0009873,1203,26,380,145,47
160,141,628,Shia003656Vols,940,987,1413,220,46
160,37,1435,Shamela0001686,434,541,1364,416,31
160,628,848,Shamela0001686,1238,1105,1330,159,87
160,716,1016,Shamela0001686,1446,306,555,169,72
161,757,1090,Sham19Y0145435,254,744,1134,226,67
161,5,429,Shia003616Vols,114,987,1281,172,43
161,483,1090,Shia003616Vols,115,25,553,287,48
161,131,1071,Shia003636Vols,693,173,845,380,42
161,30,1090,Shamela0021766,722,489,1311,382,37
161,5,900,Shamela0009784,863,11,776,326,36
161,5,559,Shia003732Vols,1652,850,1520,228,33
161,5,458,Shamela0010283,3472,942,1376,228,52
161,443,1123,Shamela0009773,259,1,528,362,63
161,757,1090,JK000927,3172,21,337,173,54
161,60,1491,Shia002185Vols,3020,1,1456,1025,83
161,499,616,Shamela0009873,1204,446,546,76,83
161,802,1071,Shamela0009783BK1,893,183,417,167,78
161,1117,1408,Shia003656Vols,941,816,1093,139,49
161,101,483,Shia003656Vols,941,551,816,158,48
161,5,314,Shamela0001686,434,1369,1549,126,48
162,1,1483,Shia003616Vols,115,511,963,342,28
162,1259,1453,ShamAY0034585,434,1099,1296,149,94
162,1,290,Shamela0021766,722,1269,1471,111,41
162,1,285,Shia003732Vols,1653,1303,1487,120,50
162,610,1220,Shia002185Vols,2980,1054,1485,159,27
162,51,1483,Shia002185Vols,3021,1,1411,935,73
162,1,336,Shamela0009873,1205,212,461,152,52
162,58,435,Shamela0001686,435,133,423,191,60
163,592,1179,Shia003616Vols,115,1006,1498,284,53
163,843,1107,Shia003616Vols,1618,931,1237,122,51
163,17,1018,Shia003636Vols,694,741,1507,436,48
163,69,1239,Shia002185Vols,3022,1,1463,877,74
163,1239,1482,Shia002185Vols,3023,1,249,192,95
163,1028,1352,Shia003656Vols,941,1230,1507,188,67
163,965,1275,Shamela0001686,435,316,660,161,51
164,1243,1469,Shamela0012406,627,628,999,150,46
164,211,730,Shia003616Vols,116,66,608,207,42
164,1213,1534,Shia003616Vols,116,593,874,188,68
164,93,413,Shia003636Vols,694,172,324,108,42
164,615,1527,Shia003636Vols,695,11,425,302,39
164,987,1469,Shamela0009784,866,392,740,174,38
164,1253,1539,Shia003732Vols,1658,632,880,170,75
164,1213,1527,Shamela0010283,3474,1,317,253,99
164,1026,1469,Shamela0009773,259,863,1417,178,29
164,1,1539,Shia002185Vols,3023,249,1535,944,73
164,916,1178,Shamela0009783BK1,900,172,468,94,30
164,1,748,Shia003656Vols,942,107,724,253,30
164,1213,1452,Shia003656Vols,943,1177,1358,129,66
164,1253,1487,Shia003656Vols,944,266,696,76,17
164,1213,1534,Shamela0001686,435,1122,1443,258,100
164,1253,1434,Shamela0021715,6255,1229,1377,110,75
165,557,1392,Shia003616Vols,116,904,1547,442,61
165,759,934,Shia003616Vols,1626,572,748,136,98
165,1,915,Shia003636Vols,695,479,1227,456,58
165,981,1266,Shia003636Vols,696,1254,1534,214,92
165,1266,1476,Shia003636Vols,697,1,213,168,94
165,103,547,Shia003636Vols,1141,545,813,155,40
165,941,1446,Shia001432Vols,8347,1034,1552,384,90
165,915,1521,Shia003732Vols,1656,780,1450,476,87
165,759,970,Shamela0010283,3474,351,561,150,84
165,24,1484,Shia002185Vols,3024,1,1538,1095,85
165,547,1521,Shia003656Vols,585,97,827,562,71
165,1,547,Shia003656Vols,944,675,1176,365,76
165,547,734,Shia002218Vols,154,692,850,127,84
166,418,900,ShamAY0034443,102,458,684,174,45
166,164,305,ShamIbadiyya0000441,14,1024,1188,96,66
166,119,305,Shia002616Vols,6196,756,938,106,66
166,1,1426,Shia003616Vols,117,129,1479,948,77
166,164,305,Shia001887Vols,3128,343,494,93,70
166,119,305,ShamIbadiyya0000487,33,290,472,106,66
166,36,305,JK000022,2607,570,834,133,57
166,988,1260,Shia003636Vols,697,1156,1380,155,68
166,168,305,JK000021,929,489,632,90,69
166,36,920,Shia001432Vols,8348,105,992,686,96
166,281,623,Shamela0009082,510,520,820,169,58
166,119,305,Sham19Y0020561,1447,325,507,104,62
166,119,305,Tafsir07055,3791,1396,1582,109,67
166,119,305,Sham19Y0145212,1132,1040,1222,106,66
166,164,305,Sham19Y0127677,2215,1149,1305,98,75
166,62,305,Sham19Y0127677,7263,1,238,119,56
166,160,305,Shia002265Vols,3030,1289,1429,101,81
166,119,305,JK000477,336,1209,1391,106,66
166,76,920,Shia003732Vols,1657,1,860,654,94
166,119,305,Sham19Y0146127,923,307,498,111,68
166,626,793,Shamela0007853,96,469,636,128,94
166,164,313,JK005008,86,256,415,97,73
166,119,305,Sham19Y0148486,1798,365,547,104,62
166,62,305,Shamela0012579,2558,1,193,107,50
166,119,305,Shamela0008360,210,1038,1211,100,61
166,160,305,Shamela0001438,7954,1302,1440,99,80
166,164,305,Shamela0006060,1015,1220,1367,92,69
166,36,1418,Shia002185Vols,3025,70,1469,1056,91
166,62,950,Shamela0009873,1207,594,1371,412,48
166,1,906,Shia003656Vols,585,827,1368,428,59
166,220,406,Shia003656Vols,586,1,187,147,100
166,906,1458,Shia003656Vols,586,231,771,220,39
166,164,336,JK009390,2307,771,955,106,69
166,164,305,JK009390,2310,445,611,96,70
166,984,1436,Shamela0001686,436,71,295,171,45
166,119,336,Shia001406Vols,428,1030,1229,105,54
166,119,336,Shia001406Vols,444,394,600,104,53
166,958,1265,Shamela0021715,6256,398,647,165,64
166,626,838,Shia001615Vols,1526,1258,1471,163,97
166,305,406,Shia001615Vols,2361,513,610,76,96
166,281,406,Shia001615Vols,2833,478,603,88,89
167,653,1233,Shamela0012406,652,1,448,324,69
167,308,1529,Shia003616Vols,118,718,1533,573,55
167,1239,1529,Shia003616Vols,2067,842,1132,235,99
167,86,1245,Shia003616Vols,3053,23,1178,915,98
167,896,1233,Sham19Y0013252,5214,442,626,141,52
167,389,1037,Shamela0001673,6224,732,1001,174,33
167,431,1233,JK007128,395,613,1121,374,58
167,1,1525,Shia002185Vols,3026,51,1542,1133,90
167,126,484,Shia003656Vols,586,1049,1295,175,58
167,1312,1529,Shia003656Vols,944,1,196,160,89
168,873,1490,Shia003636Vols,698,1,393,223,41
168,687,1326,Shia003636Vols,1136,153,749,325,54
168,682,1086,Shia001432Vols,8348,1004,1385,267,79
168,1,1426,Shia002185Vols,3027,5,1568,952,70
168,522,907,Shamela0001686,436,262,616,172,41
168,522,907,Shamela0021715,6256,661,1007,164,39
169,958,1482,Shia003616Vols,119,272,503,135,31
169,29,1479,Shia003636Vols,699,15,994,446,32
169,29,318,SHAM19Y23644,1106,1160,1368,150,65
169,958,1175,Shamela0009784,873,76,347,113,47
169,958,1492,Shia003732Vols,1662,886,1232,142,29
169,118,331,Shia003732Vols,1662,705,869,119,70
169,1,407,Shamela0010283,3476,400,694,217,65
169,173,331,Shia003714Vols,347,558,678,88,70
169,23,1070,Shia002185Vols,3028,194,1535,712,63
169,1070,1479,Shia002185Vols,3029,1,441,272,72
169,173,331,Shamela0009873,1210,431,618,98,63
169,958,1175,Shamela0009873,1210,624,954,91,32
169,1,407,Shamela0001686,436,794,1089,234,72
169,1,407,Shamela0021715,6256,1177,1436,206,63
170,500,628,Shia003616Vols,120,1361,1527,104,77
170,628,1576,Shia003616Vols,121,1,504,398,51
170,692,1132,Shia003616Vols,1913,1128,1540,329,92
170,1132,1580,Shia003616Vols,1914,1,445,363,98
170,1229,1535,Shia003616Vols,2067,1212,1508,240,95
170,1,170,Shia003636Vols,699,1269,1478,119,73
170,1273,1580,Shia003636Vols,703,1,206,162,64
170,1,245,Shia003636Vols,1137,920,1264,135,47
170,103,673,Shia001432Vols,8349,1,325,209,43
170,1,170,Shia003732Vols,1662,1232,1446,109,64
170,1141,1572,Shia003732Vols,1663,489,1293,291,42
170,1,260,Shamela0010283,3476,786,1117,169,62
170,16,289,Shia003714Vols,347,787,1019,165,77
170,1,764,Shia002185Vols,3029,690,1503,541,78
170,764,1580,Shia002185Vols,3030,1,796,556,77
170,680,1309,Shia003656Vols,949,1082,1537,326,63
170,1309,1580,Shia003656Vols,950,1,236,180,79
170,9,318,Shamela0001686,436,1183,1437,136,53
170,978,1580,Shamela0001686,1127,10,557,342,59
170,497,819,Shamela0005446,789,15,307,216,79
170,4,318,Shamela0021715,6257,35,345,174,67
171,1,457,Shia003636Vols,703,206,467,203,54
171,1,568,Shia002185Vols,3030,796,1242,343,73
171,627,1616,Shia002185Vols,3032,524,1565,735,84
171,1,1575,Shia003656Vols,950,236,771,377,29
171,1,352,Shamela0001686,1127,557,834,215,77
171,690,1094,JK000533,2619,25,209,137,41
172,895,1125,Shia003636Vols,703,694,922,168,87
172,895,1505,Shia001432Vols,8349,371,883,350,71
172,360,839,Shamela0000427BK2,6755,555,995,297,72
172,360,831,Shamela0011428,1821,728,1159,305,77
172,895,1243,Shia002185Vols,3030,1247,1574,228,83
172,1285,1505,Shia002185Vols,3031,85,306,173,98
172,8,848,Shia002185Vols,3033,1,844,623,87
172,848,1505,Shia003656Vols,598,992,1464,339,61
172,394,676,Shia003656Vols,609,563,926,157,45
172,848,1234,Shia003656Vols,950,781,1126,242,78
172,895,1121,Shamela0001686,1127,839,1077,169,89
172,176,385,JK000533,2619,289,485,133,77
173,1279,1474,Shia003616Vols,122,1,209,131,69
173,248,840,Shia003616Vols,1914,505,1098,456,95
173,1,381,Shia001432Vols,8349,892,1174,222,70
173,860,1474,Shamela0011428,1947,1,485,297,52
173,709,1426,Shamela0009784,877,538,1323,281,34
173,840,1387,Shia003714Vols,354,804,1428,271,45
173,840,1426,JK000927,3186,298,1121,272,38
173,1,1221,Shia002185Vols,3031,323,1500,870,87
173,1221,1480,Shia002185Vols,3032,1,247,187,88
173,872,1426,Shamela0023700,566,7,693,276,44
174,731,923,Sham19Y0018176,1495,879,1067,106,59
174,965,1105,Zaydiyya0000295Vols,2834,226,367,111,98
174,278,541,Shamela0012406,631,1,312,204,82
174,965,1117,Shia001544Vols,1115,1343,1499,111,89
174,305,731,Shamela0023613,1171,849,1160,206,58
174,965,1105,Shamela0023613,1172,1444,1584,111,99
174,1,526,Shia003616Vols,122,140,707,222,36
174,261,1443,Shia003616Vols,793,563,1379,628,67
174,254,569,Shia003616Vols,1626,831,1147,247,99
174,617,942,Shamela0003118,2540,154,689,187,42
174,737,923,Shamela0007891,1974,111,280,102,62
174,737,923,Shamela0007891,2342,562,731,102,62
174,492,942,Shamela0004445,3771,126,598,230,52
174,310,865,Sham19Y0014592,224,56,562,144,23
174,287,541,Shia001432Vols,8362,367,624,186,90
174,300,731,Tafsir09050,508,230,487,178,52
174,278,541,SHAM19Y23644,1131,544,751,154,72
174,359,530,Shamela0009784,872,178,381,113,63
174,731,942,Sham19Y0018103,2603,785,1034,117,51
174,305,731,Shamela0023635,2437,1010,1330,204,56
174,965,1105,ShamAY0034055,1506,488,627,110,98
174,275,846,Shia003732Vols,1677,28,766,299,49
174,1149,1408,Shamela0009773,265,532,700,122,60
174,334,541,Shamela0009773,2541,691,887,140,86
174,731,942,JK000110,1042,619,825,119,61
174,731,923,Sham19Y0016684,1491,1127,1315,106,59
174,271,986,Shamela0012031,143,520,749,153,27
174,261,865,Shamela0006590,342,111,900,311,45
174,334,865,Tafsir06049,1512,1017,1365,200,48
174,737,933,Shamela0010803,32,556,755,105,56
174,1,254,Shia002185Vols,3032,247,507,195,91
174,261,889,Shia002185Vols,3070,833,1476,451,85
174,889,1408,Shia002185Vols,3071,1,484,337,78
174,731,923,Sham19Y0018144,2517,51,240,119,66
174,745,923,Sham19Y0016584,2903,1,175,95,57
174,731,923,Sham19Y0018106,2709,719,907,106,59
174,731,923,Shamela0005756,10722,165,359,106,57
174,621,973,Shia003656Vols,955,1015,1464,189,49
174,576,731,JK000916,7661,614,780,119,89
174,261,477,Shamela0001686,822,1182,1437,153,72
174,737,923,Shamela0000041,491,1184,1353,102,62
174,965,1105,Shia002702Vols,1482,615,754,110,98
175,354,1419,Shia003616Vols,122,539,991,284,31
175,494,1206,Shamela0003118,5732,631,1424,347,49
175,416,1069,Shamela0010906,1427,33,508,196,29
175,624,1277,Sham19Y0127677,5190,103,727,420,77
175,624,1277,Shia002265Vols,3295,510,1133,415,76
175,1001,1169,Shamela0001438,7217,1304,1483,127,85
175,624,1174,Shamela0001438,7218,538,1189,291,55
175,188,1192,Shia002185Vols,3033,857,1472,411,49
175,1198,1419,Shia002185Vols,3034,126,347,175,100
175,247,398,Shia003656Vols,599,669,813,114,95
175,1227,1382,Shia003656Vols,599,1117,1286,119,89
175,247,601,JK009390,7170,649,932,188,66
175,553,1202,JK000916,19779,66,1163,507,58
176,1222,1396,Shamela0008473,1037,351,534,128,90
176,915,1232,Shia001553,184,1,312,224,85
176,1238,1396,Shamela0035100,98,633,791,123,99
176,1,883,Shia003616Vols,122,991,1393,266,36
176,1238,1396,Shamela0004445,1548,1116,1274,124,100
176,613,899,Shia001432Vols,8359,340,650,193,76
176,1238,1329,Shamela0010906,282,1355,1446,70,100
176,1238,1396,JK006838,670,820,978,123,99
176,725,1396,Shia003732Vols,1666,487,811,153,27
176,1,607,Shia002185Vols,3034,347,957,409,78
176,1242,1396,Shia002185Vols,3036,890,1044,120,99
176,725,1232,Shia002185Vols,3080,747,1271,290,63
176,607,899,Shia002185Vols,3081,489,793,207,84
176,960,1246,Zaydiyya0000037Vols,157,53,345,203,83
177,1,432,Shamela0008473,1037,534,836,220,64
177,1026,1492,Shamela0012406,654,56,495,251,59
177,1,432,Shamela0035100,98,791,1094,224,65
177,1,185,Shia002616Vols,1446,1276,1476,144,92
177,74,1108,Shia003616Vols,123,1,790,534,64
177,1,179,Shamela0004445,1548,1274,1448,136,97
177,1,432,Shamela0010906,283,68,362,216,63
177,25,432,JK006838,670,983,1242,188,58
177,1094,1479,Shamela0009784,871,1105,1476,220,64
177,1,655,Shia003732Vols,1666,811,1302,271,51
177,1094,1486,Shamela0005539,219,89,354,135,40
177,1026,1492,Shamela0009773,2541,111,555,178,34
177,1146,1486,Shamela0012031,143,91,429,228,77
177,1,432,Shamela0006590,346,452,749,216,63
177,1,459,ShamAY0034441,255,969,1284,224,62
177,1,410,Shia002185Vols,3036,1044,1459,303,90
177,410,1492,Shia002185Vols,3037,1,763,541,61
177,92,377,Shamela0009873,1228,667,827,107,47
177,726,931,Shia003656Vols,956,613,795,137,83
177,1129,1492,JK000916,23896,113,482,283,94
177,1,446,Shamela0021713,687,348,671,226,63
177,1026,1492,Shamela0001686,822,308,835,305,72
178,1043,1378,Shamela0022769,218,289,573,215,78
178,1043,1351,Zaydiyya0000295Vols,2877,618,849,161,59
178,877,1543,Shia003727Vols,74,859,1380,361,63
178,1038,1525,Shamela0023613,1220,366,764,258,59
178,535,1156,Shia003616Vols,123,1010,1480,255,45
178,12,450,Shia003616Vols,123,834,1218,166,41
178,1161,1543,Shia003616Vols,124,1,393,285,84
178,12,259,Shia003616Vols,1626,1156,1318,120,61
178,195,1407,Shamela0003118,6260,339,1542,962,98
178,1048,1543,Shia001432Vols,8328,881,1412,371,87
178,162,1140,Shia001432Vols,8357,589,1533,639,75
178,1121,1525,Shia001432Vols,8358,14,475,246,62
178,184,961,Shia004007,235,775,1399,443,64
178,192,1378,Sham19Y0127677,5242,89,1266,933,97
178,766,1098,Sham19Y0127677,19928,1138,1462,217,73
178,766,1098,Sham19Y0127677,19929,1125,1439,222,76
178,184,1378,Shia002265Vols,3298,183,1434,879,80
178,766,1204,JK006838,670,535,873,214,60
178,1200,1378,SHAM19Y23644,1108,1,198,118,65
178,1043,1525,JK009266,2330,1077,1515,187,35
178,816,1525,Shamela0023635,2509,546,1132,253,32
178,766,1098,Shia003732Vols,1665,636,949,213,73
178,1038,1378,Shamela0009773,261,131,470,189,60
178,1038,1459,Sham19Y0016684,1586,105,511,284,76
178,192,495,Shamela0001438,7276,1225,1528,243,98
178,499,1378,Shamela0001438,7277,6,881,700,98
178,1,259,Shia002185Vols,3037,763,1058,150,54
178,162,1148,Shia002185Vols,3077,502,1506,674,76
178,1152,1556,Shia002185Vols,3078,6,462,248,62
178,1043,1537,Zaydiyya0000037Vols,155,548,1111,306,61
178,806,1378,Shamela0005756,9147,657,1513,236,27
178,1156,1395,Shamela0005756,10226,6,246,140,60
178,308,1543,Shia003656Vols,956,896,1351,368,36
178,184,1378,JK009390,3573,61,1159,864,87
178,184,403,JK009390,6124,1300,1498,160,89
178,403,1378,JK009390,6125,1,919,704,85
178,184,1271,JK009390,6185,397,1503,863,96
178,184,612,JK009390,7200,1077,1473,298,80
178,612,1378,JK009390,7201,1,779,562,85
178,162,529,Shia001122Vols,4673,1157,1559,267,81
178,535,1556,Shia001122Vols,4674,11,1081,647,67
178,1048,1543,Shia003707Vols,169,1021,1553,369,86
178,162,1459,JK000916,21807,147,1446,1037,99
178,162,905,JK000916,23894,770,1511,598,99
178,905,1543,JK000916,23895,1,642,510,98
178,1,155,JK000916,23896,482,636,123,99
178,1,211,Shamela0001686,822,835,1063,136,75
179,326,746,JK000778,312,315,948,262,50
179,1,1086,Shia003616Vols,124,417,1503,783,83
179,1100,1456,Shia003616Vols,125,1,390,217,62
179,751,1115,Shamela0003118,2538,1091,1448,272,91
179,1115,1456,Shamela0003118,2539,1,280,199,74
179,1,319,Shia001432Vols,8358,479,845,243,82
179,976,1333,JK000911,558,1171,1325,92,32
179,1006,1322,Shamela0005455,68,70,315,152,60
179,912,1456,SHAM19Y23644,1112,1,355,179,41
179,606,1481,Shia003732Vols,1671,124,971,429,47
179,976,1456,Shamela0009773,263,8,459,180,38
179,319,966,Shia002185Vols,3037,927,1525,461,89
179,966,1496,Shia002185Vols,3038,1,568,381,82
179,1,319,Shia002185Vols,3078,494,851,235,79
179,1,177,Zaydiyya0000037Vols,155,1129,1350,134,74
179,976,1322,Shamela0009873,1217,262,563,191,69
179,334,746,Shamela0023700,835,562,1170,255,50
179,971,1284,Shia003656Vols,957,318,545,155,61
179,1,319,Shia001122Vols,4674,1113,1484,242,80
179,815,1333,JK000916,7649,57,560,398,96
179,1,177,JK000916,23895,647,822,138,98
180,9,1450,Shia003616Vols,125,269,1431,702,54
180,191,1350,Shia003616Vols,2107,273,1457,819,82
180,196,423,Shia003616Vols,2594,1069,1455,168,54
180,423,634,Shia003616Vols,2595,1,206,160,95
180,1159,1464,Shamela0003118,2442,12,389,219,72
180,397,669,Shamela0003118,5651,62,385,202,77
180,315,702,Shia001432Vols,8329,1,354,246,80
180,733,1239,Sham19Y0127677,19929,82,556,266,55
180,488,1239,Shia003732Vols,1665,902,1487,324,51
180,1120,1268,Shamela0008493,253,336,517,91,61
180,676,1091,Shia002185Vols,2816,81,340,173,51
180,1,951,Shia002185Vols,3038,568,1495,678,85
180,951,1464,Shia002185Vols,3039,1,527,373,86
180,676,1091,Zaydiyya0000142,2447,936,1196,173,51
180,650,1239,Shamela0009873,1219,417,863,206,37
180,18,146,Shia003656Vols,957,144,275,77,66
180,1115,1421,Shia003656Vols,957,990,1114,95,39
180,818,1115,Shia003656Vols,958,1,223,138,56
180,323,626,Shia003764Vols,568,869,1148,196,81
180,289,702,Shia003707Vols,170,86,446,254,78
180,1115,1464,JK000916,7274,631,915,206,75
180,196,471,JK000916,19454,1143,1496,173,54
180,471,650,JK000916,19455,1,178,123,85
181,10,175,Shia003616Vols,125,1314,1466,121,92
181,175,1507,Shia003616Vols,126,1,1189,723,57
181,564,1106,Shia003616Vols,3046,882,1476,398,81
181,1106,1517,Shia003616Vols,3047,1,402,320,97
181,1,710,Shamela0003118,2442,389,1077,435,67
181,108,481,Shamela0009773,265,985,1497,232,52
181,100,593,JK003609,3571,930,1358,318,81
181,1,710,Shia002185Vols,3039,527,1309,465,70
181,645,1507,Shia002185Vols,3065,227,1355,444,41
181,143,634,Shia003656Vols,957,1128,1290,128,32
181,1,478,JK000916,7274,915,1361,350,91
182,78,414,Shamela0012406,629,1,311,240,90
182,629,1049,Shamela0007798,2239,326,836,167,34
182,1,673,Shia003616Vols,126,1163,1496,256,47
182,673,1442,Shia003616Vols,127,5,454,277,42
182,1,1034,Shia003616Vols,3047,402,1463,783,89
182,1034,1442,Shia003616Vols,3048,1,407,320,99
182,110,721,Shia001237Vols,548,32,288,178,37
182,20,845,Shia001432Vols,8329,493,1073,425,64
182,113,423,Shamela0009784,882,996,1291,208,80
182,431,827,Shamela0005803,261,30,286,150,45
182,1,460,JK009242,390,383,812,266,68
182,110,334,Shia001278Vols,980,7,197,150,83
182,152,1442,Shia002185Vols,3066,1,1395,929,81
182,110,334,Shia003656Vols,958,1039,1182,112,62
182,648,776,Shia003656Vols,978,846,978,85,71
182,20,845,Shia003707Vols,170,583,1136,421,64
182,353,813,Shia002218Vols,155,808,1409,185,32
183,769,986,Shamela0012406,1011,1302,1501,148,85
183,986,1472,Shamela0012406,1012,1,394,287,70
183,705,1254,Shamela0023833,526,587,858,103,22
183,31,1034,Shia003616Vols,127,454,1266,511,61
183,1,461,Shia003616Vols,3048,407,944,341,80
183,117,437,Shia003616Vols,5636,1135,1478,186,68
183,437,700,Shia003616Vols,5637,1,263,201,95
183,1000,1370,Shia003459BK1,34,894,1286,182,47
183,821,1472,Shamela0037063,86,383,869,370,69
183,705,1254,Shamela0006864,1138,872,1143,102,22
183,73,461,Shia002185Vols,3067,19,401,236,69
183,133,777,Shia002185Vols,3068,9,727,365,58
183,777,1472,Shia002185Vols,3089,858,1487,492,88
183,777,1472,JK000916,9807,760,1418,525,94
183,700,1026,Shamela0001686,1074,1118,1405,187,73
183,1026,1472,Shamela0001686,1075,1,364,271,73
184,46,351,Sham19Y0151010,113,1192,1436,151,62
184,1,869,Shia003616Vols,128,4,842,336,34
184,153,1160,Shamela0003118,2555,434,1450,793,98
184,1160,1442,Shamela0003118,2556,1,283,225,100
184,153,434,Shamela0023100,286,683,898,118,50
184,182,445,Shamela0023100,647,357,568,117,50
184,153,434,JK009408,1829,110,361,122,47
184,153,678,JK000481,498,721,1214,184,38
184,56,501,Shamela0009784,879,767,1236,161,35
184,153,434,Shia001782Vols,1958,1174,1399,122,51
184,132,678,Shamela0009773,264,152,644,262,55
184,321,434,Sham19Y0029560,28,713,831,81,86
184,30,1424,Shia002185Vols,3090,1,1444,1055,90
184,567,1041,Shia003656Vols,610,1117,1528,220,50
184,148,828,JK000916,7724,736,1422,538,98
184,828,1442,JK000916,7725,1,619,485,99
184,153,434,Sham19Y0020594,336,274,504,108,44
184,153,434,JK000533,2298,505,705,93,34
185,824,1075,Shia003727Vols,755,669,922,138,57
185,598,1481,Shia003616Vols,128,592,1361,506,67
185,34,645,Shia003616Vols,148,115,923,321,42
185,1,645,Shamela0003118,2556,283,931,512,99
185,651,1080,Shia003636Vols,1146,1020,1360,210,56
185,918,1367,Shamela0004445,1576,782,1241,143,27
185,849,1213,JK006838,641,18,298,182,61
185,718,1218,JK006838,681,579,1016,254,59
185,651,1238,Shamela0026429,101,140,535,220,44
185,1,368,Shia003732Vols,1707,764,1255,232,56
185,281,772,Shia003732Vols,1708,490,771,154,38
185,1075,1213,Shia003714Vols,366,6,152,87,70
185,748,1238,Shia004525,282,792,1048,151,38
185,34,1238,Shia002185Vols,3091,23,1044,724,69
185,5,276,Shamela0009873,1268,611,1021,139,41
185,1091,1213,Shamela0009873,1269,892,1029,84,77
185,1,291,Shia003656Vols,612,1189,1496,188,66
185,335,645,Shia003656Vols,613,891,1085,122,48
185,645,829,Shia003656Vols,977,1106,1517,111,31
185,862,1075,Shia003656Vols,978,8,238,76,28
185,1,645,JK000916,7725,619,1267,513,99
186,613,1185,Sham19Y0145435,5203,374,867,196,33
186,136,1462,Shia003616Vols,129,1,1071,733,66
186,613,1094,Shia003616Vols,2107,932,1484,261,53
186,1094,1462,Shia003616Vols,2108,1,374,270,87
186,613,1185,Shia003616Vols,3042,658,1155,192,32
186,1246,1462,Shia003616Vols,3044,882,1094,152,88
186,1324,1458,ShamAY0032379,349,699,830,92,84
186,429,608,Shia003636Vols,1147,52,219,130,89
186,429,558,Shia001432Vols,35429,1331,1444,90,86
186,107,386,Shia003732Vols,1682,730,1028,145,49
186,851,1077,Shamela0023623,1484,1214,1461,153,77
186,851,1081,ShamAY0034054,1427,1178,1429,156,78
186,1020,1462,Shia002185Vols,3069,1,518,313,73
186,1,818,Shia002185Vols,3092,289,1017,531,79
186,613,1185,Shamela0023644,1065,425,921,196,35
186,356,578,Shia003656Vols,978,272,432,120,63
187,323,696,Shamela0009790,268,1005,1313,164,55
187,71,696,Sham19Y0145435,259,180,710,175,27
187,1120,1426,Shamela0008473,1036,425,780,183,66
187,323,696,Shamela0023833,529,124,432,164,55
187,1128,1426,Shamela0035100,101,1,326,162,52
187,323,757,Shamela0009770,367,129,577,170,39
187,1,427,Shia003616Vols,129,1071,1457,305,90
187,427,1470,Shia003616Vols,130,1,1019,720,81
187,71,757,Shia003616Vols,1639,23,537,190,28
187,1,1076,Shia003616Vols,2108,374,1455,842,97
187,1076,1470,Shia003616Vols,2109,1,413,312,95
187,71,696,Shia003616Vols,3043,272,757,130,19
187,1,328,Shia003616Vols,3044,1094,1421,259,99
187,328,1470,Shia003616Vols,3045,1,1156,849,88
187,301,827,Shamela0010664,795,835,1354,152,24
187,71,696,Shamela0004445,1552,885,1420,208,33
187,1115,1426,Shamela0004445,1553,223,568,188,70
187,154,696,Shamela0010637,300,543,999,151,27
187,1115,1426,Shamela0010906,285,739,1077,172,53
187,71,757,Shamela0005816,105,847,1429,188,27
187,395,1312,Shamela0026568,170,742,1499,312,36
187,890,1323,JK006838,667,445,993,217,43
187,1021,1426,Shamela0009784,891,391,924,224,52
187,323,757,Tafsir09084,440,511,1032,195,41
187,1,938,Shia003732Vols,1680,10,1444,435,34
187,938,1312,Shia003732Vols,1681,21,481,155,34
187,71,757,Shamela0023594,301,585,1167,140,19
187,894,1323,Sham19Y0145166,236,69,665,183,30
187,1115,1426,Shamela0023685,196,340,767,193,57
187,333,588,Shamela0006590,338,1220,1394,113,57
187,1115,1328,Shamela0006590,339,451,686,164,89
187,323,696,JK000927,3181,177,459,145,50
187,1036,1426,Tafsir06049,1506,217,530,197,61
187,323,696,Shamela0006864,1163,11,319,164,55
187,1,915,Shia002185Vols,3069,518,1428,647,84
187,915,1455,Shia002185Vols,3070,1,920,359,46
187,248,827,Zaydiyya0000037Vols,156,866,1116,145,32
187,323,696,Shamela0023644,1066,696,984,135,45
187,1026,1323,Shamela0023644,1067,625,990,189,67
187,71,757,Shamela0009898,113,188,770,188,27
187,463,811,Shia003459BK2,43,875,1039,126,43
187,333,938,Shamela0009873,1224,671,1303,172,24
187,71,591,ShamAY0034434,124,1094,1499,162,34
187,328,588,Shamela0023775,1284,749,946,116,57
187,323,1055,Shamela0021713,679,980,1393,153,23
187,1040,1426,Shamela0021713,687,1,372,175,50
187,1115,1293,Shamela0006617,534,1310,1490,139,97
187,471,1055,Shamela0023628,619,15,485,185,33
187,71,817,Shamela0000041,506,822,1461,155,17
187,328,786,ShamAY0034447,1876,188,793,205,38
188,1,532,Shia003616Vols,130,946,1477,327,67
188,532,1503,Shia003616Vols,131,6,741,412,45
188,1,242,Shia003616Vols,2109,413,680,129,47
188,1,242,Shia003616Vols,3045,1156,1405,129,49
188,152,660,Shia003732Vols,1681,1074,1470,263,62
188,146,651,Shia002185Vols,3040,1002,1537,374,84
188,651,1503,Shia002185Vols,3041,1,845,583,80
188,952,1279,Shia003656Vols,959,353,552,142,54
188,195,610,Shia003656Vols,959,23,317,164,46
189,175,1411,Shia003616Vols,131,798,1500,375,36
189,621,1457,Sham19Y0127677,20814,54,895,559,77
189,666,1457,Sham19Y0127677,20839,443,1245,537,77
189,1,699,Shia002185Vols,3041,845,1486,451,78
189,699,1457,Shia002185Vols,3042,1,811,533,81
189,585,1457,JK000916,9480,252,1119,676,97
189,120,247,JK000533,2826,1347,1479,96,93
190,1,514,Shia003616Vols,132,37,393,244,58
190,307,457,ShamAY0032379,1114,1281,1418,110,91
190,42,452,Shamela0003118,3064,1076,1460,299,92
190,1034,1443,Shamela0003118,3065,12,414,310,94
190,1,144,Sham19Y0127677,20814,895,1028,102,91
190,1,561,Shamela0009773,2663,1117,1323,104,22
190,1,590,Shia002185Vols,3042,811,1447,443,86
190,610,1443,Shia002185Vols,3043,1,904,630,86
190,1,301,JK000916,9480,1119,1419,235,100
190,301,1443,JK000916,9481,1,1154,865,91
190,1,864,Shamela0001686,904,1027,1225,146,21
191,1252,1472,Shamela0012406,648,534,774,168,86
191,180,1090,Shia003616Vols,132,631,1201,327,41
191,1,649,Shamela0003118,3065,414,1017,462,87
191,438,642,Shia001432Vols,8329,1283,1487,156,92
191,1019,1286,Shia001432Vols,35430,194,461,145,56
191,180,866,Shia003732Vols,1674,857,1277,221,41
191,937,1252,Shia003459BK1,34,170,594,137,37
191,1,609,Shia002185Vols,3043,904,1474,387,72
191,609,1472,Shia002185Vols,3044,1,856,634,89
191,1252,1462,Shamela0023700,1091,997,1210,153,88
191,282,642,Shia003656Vols,959,1133,1441,227,77
191,351,1257,Shia003707Vols,171,1,494,365,50
191,1,343,JK000916,9481,1154,1456,221,77
191,351,649,JK000916,9482,1,291,228,95
191,1252,1472,Shamela0001686,929,890,1135,172,88
192,968,1326,JK000778,240,573,1162,175,31
192,1,1409,Shia003616Vols,133,235,1454,694,52
192,9,1100,Shia003732Vols,1678,247,1192,544,55
192,968,1326,Shia003714Vols,380,128,462,169,45
192,1,524,Shia002185Vols,3044,860,1492,389,77
192,524,1460,Shia002185Vols,3045,1,982,719,90
192,968,1326,Shamela0009873,1260,1200,1370,111,38
192,968,1341,Shamela0001686,1164,270,576,180,52
193,24,819,Shia003616Vols,134,44,649,343,47
193,24,759,Shia001432Vols,8350,849,1270,233,36
193,1,572,Shia002185Vols,3045,945,1458,367,77
193,572,1538,Shia002185Vols,3046,20,1052,741,87
193,24,229,Shia003656Vols,946,239,404,123,75
194,625,1210,JK000778,290,42,681,435,82
194,634,1072,ShamAY0034585,831,871,1503,241,39
194,273,639,Shamela0004445,1528,745,1132,247,75
194,634,1038,Sham19Y0127677,10500,1091,1461,271,82
194,1038,1227,Sham19Y0127677,10501,1,162,128,83
194,273,625,JK006838,641,1057,1431,245,77
194,265,629,Shia003732Vols,1660,870,1254,238,74
194,663,1175,JK003609,3485,1017,1511,380,93
194,5,269,Shia002185Vols,3046,1052,1322,161,64
194,1210,1450,Shia002185Vols,3046,1312,1556,166,78
194,634,1236,Shia002185Vols,3107,341,969,384,70
194,667,1236,Shamela0009873,1244,46,526,317,68
194,634,1138,Shamela0023700,783,989,1464,362,87
194,629,1236,JK000533,796,1191,1348,98,20
195,578,1146,Shamela0012406,650,654,962,211,46
195,443,1442,Shia003616Vols,134,899,1437,318,37
195,978,1245,ShamAY0034073,841,162,642,136,34
195,1164,1481,Shia001663Vols,320,82,448,177,50
195,1153,1466,Shia001432Vols,8350,1185,1491,223,88
195,1216,1458,Shamela0022721,519,814,1239,162,46
195,1164,1458,Shamela0009784,895,588,897,125,41
195,231,443,Shia003732Vols,1666,1258,1410,120,70
195,1216,1458,JK009242,21,518,947,162,46
195,443,1473,Shamela0009773,267,570,1039,253,29
195,836,1149,Shamela0009099,58,624,878,164,67
195,1,1481,Shia002185Vols,3047,65,1460,1027,84
195,682,1395,Shia003656Vols,979,412,965,210,33
196,435,737,Shia003616Vols,3053,1190,1492,240,100
196,737,1070,Shia003616Vols,3054,1,330,263,98
196,1027,1466,Shia001432Vols,8351,74,502,321,90
196,45,1461,Shia002185Vols,3048,1,1474,1068,90
196,435,1070,Shia003656Vols,983,151,587,275,50
196,420,891,JK000533,2128,855,1208,174,42
197,1,297,Shamela0012406,651,775,969,147,61
197,11,312,Shamela0026662,36,268,528,190,77
197,745,1407,Shamela0003565,2023,1082,1514,262,46
197,1,312,Shamela0023833,534,635,911,195,75
197,1,312,Shamela0009770,369,692,968,195,75
197,1,312,Tafsir07076,1355,274,565,194,74
197,520,1509,Shia003616Vols,135,380,1090,516,61
197,514,932,Shia003616Vols,1914,1098,1529,333,96
197,668,920,Shia003616Vols,2982,1167,1470,138,50
197,1,312,Shamela0004445,1560,723,998,198,76
197,1,329,Shia001432Vols,8351,511,816,225,83
197,1,362,Shamela0021493,209,807,1122,214,73
197,11,307,Shamela0006700,77,1282,1472,138,57
197,329,813,Shamela0006700,78,108,480,172,39
197,1,312,JK009408,1499,251,519,195,75
197,11,303,JK007063,28,1310,1500,135,56
197,329,514,JK007063,29,92,280,133,82
197,1,514,SHAM19Y23644,1128,231,640,147,30
197,1,312,Shamela0009784,897,118,383,178,69
197,520,1076,Shia003732Vols,1687,1149,1497,235,50
197,1,297,Shia003732Vols,1687,213,481,194,78
197,1076,1509,Shia003732Vols,1688,1,382,268,72
197,11,514,Shamela0012031,251,785,1343,323,65
197,1,312,Shia003714Vols,356,1160,1430,197,77
197,1,312,Shamela0006864,1168,509,784,199,77
197,1,1245,Shia002185Vols,3049,15,1496,874,69
197,1245,1509,Shia002185Vols,3050,1,238,176,80
197,1,297,Shamela0009873,1244,700,944,173,72
197,822,1388,Shamela0009873,1246,527,920,189,38
197,1,297,Shamela0023700,1799,874,1147,202,82
197,1,297,Shia003656Vols,583,919,1148,161,66
197,568,1421,Shia003656Vols,981,1,647,385,49
197,11,312,Shamela0008362,916,1039,1300,188,76
198,5,124,Shamela0003565,2024,90,206,90,95
198,5,453,Shia003616Vols,135,1095,1480,282,80
198,453,589,Shia003616Vols,136,13,149,108,100
198,15,349,Shia001432Vols,8351,1165,1476,232,88
198,353,1340,Shia001432Vols,8352,6,771,559,69
198,207,658,Shamela0000427BK2,1873,386,687,152,41
198,377,589,Shamela0011428,833,24,159,106,63
198,711,1048,JK006838,662,247,589,202,67
198,987,1452,JK006838,688,28,371,219,52
198,381,589,ShamAY0033945,1570,141,333,115,71
198,711,959,ShamAY0033945,1571,1163,1403,177,90
198,5,1021,Shia003732Vols,1688,387,1255,517,57
198,987,1357,Sham19Y0016684,541,15,217,125,38
198,15,1179,Shia002185Vols,3050,243,1465,827,81
198,1179,1452,Shia002185Vols,3051,1,272,215,96
198,711,1002,Shia003656Vols,588,410,716,174,64
198,1040,1423,Shia003656Vols,975,824,1032,146,47
198,114,377,Shia003656Vols,981,617,865,188,88
198,711,1025,Shamela0021713,685,786,1119,224,81
198,935,1370,Shamela0021713,689,483,791,116,25
198,461,1429,Shamela0001686,1191,203,564,273,35
199,1280,1495,Shamela0026710,4,357,582,168,91
199,493,714,ShamAY0034066,308,933,1137,102,56
199,79,1083,Shamela0021766,770,912,1335,252,30
199,1,691,Shia001432Vols,8352,794,1498,504,86
199,691,1495,Shia001432Vols,8353,1,515,353,51
199,8,204,Shamela0010906,1060,250,431,117,71
199,1,1044,Shamela0023695,840,189,774,423,50
199,1,1044,JK006838,688,371,1189,599,68
199,1325,1495,SHAM19Y23644,1741,493,667,117,78
199,79,377,Shia003732Vols,1732,1282,1467,124,53
199,307,704,Shamela0006590,349,9,159,95,28
199,493,714,Tafsir06049,1498,1273,1477,98,52
199,1,1199,Shia002185Vols,3051,272,1500,890,87
199,1199,1495,Shia002185Vols,3052,1,330,219,80
199,493,714,Sham19Y0023618,439,970,1174,102,56
199,493,714,Shamela0010517,2756,496,700,102,56
199,1280,1495,Shia003656Vols,960,30,243,147,80
199,27,450,Shamela0021713,689,743,1151,242,65
199,1,895,Shamela0001686,1191,587,1131,376,51
199,1298,1495,Shamela0001686,2994,31,203,124,79
199,493,714,Shamela0023790,480,163,401,103,47
200,1,941,Shamela0026710,4,582,1515,746,98
200,941,1541,Shamela0026710,5,1,603,473,95
200,7,663,Shamela0023833,527,470,1146,449,76
200,81,663,Shamela0009770,365,596,1204,392,73
200,7,577,Shamela0004445,1555,883,1440,385,78
200,1,1052,Shia001432Vols,8353,515,1522,779,91
200,1058,1318,Shia001432Vols,8354,8,277,171,71
200,81,512,Zaydiyya0000098,1122,142,467,221,60
200,1081,1318,Shamela0010906,1320,1327,1566,170,83
200,1404,1541,Shamela0010906,1321,1,138,101,90
200,231,663,SHAM19Y23644,1741,681,990,206,53
200,1158,1541,SHAM19Y23644,1741,1005,1245,137,42
200,81,663,Shamela0009784,884,193,758,360,67
200,70,663,Shamela0010283,3478,872,1432,367,70
200,75,663,Shamela0012935,203,1,587,401,77
200,456,663,Sham19Y0145166,227,1,219,119,61
200,7,663,Shia003714Vols,351,368,1033,436,74
200,7,663,Shamela0006864,1139,768,1444,449,76
200,1,1167,Shia002185Vols,3052,330,1522,903,92
200,1158,1541,Shia002185Vols,3053,1,588,299,61
200,81,696,Shamela0009873,1222,785,1327,357,70
200,441,609,Shia003656Vols,960,238,388,115,86
200,1177,1318,Shia003656Vols,960,470,607,106,93
200,1,1541,Shamela0001686,2994,203,1162,731,58
200,7,466,JK000533,3445,426,813,271,70
200,7,512,JK000533,3536,918,1441,320,66
200,1,1318,ShamAY0034447,885,174,1112,686,62
201,1,317,Shamela0026710,5,603,1071,240,64
201,262,669,Shamela0026710,8,1074,1476,312,93
201,669,1481,Shamela0026710,9,1,857,626,91
201,1,1481,Shamela0010906,1321,138,1308,841,70
201,6,392,SHAM19Y23644,1741,1249,1505,176,58
201,1,971,Shia002185Vols,3053,588,1527,687,85
201,971,1481,Shia002185Vols,3054,1,506,389,93
201,334,926,Shia003656Vols,960,928,1416,320,64
201,995,1426,Shia003656Vols,961,13,332,190,53
201,1,334,Shamela0001686,2994,1162,1507,245,84
201,334,1481,Shamela0001686,2995,1,1082,801,83
202,110,570,Shamela0026710,3,768,1247,314,82
202,1143,1341,Shia003616Vols,1661,767,958,110,68
202,392,1143,Shamela0003118,7363,167,868,499,76
202,1269,1469,Shia001432Vols,8354,1068,1255,142,91
202,1255,1469,Shamela0010906,1322,1,191,132,74
202,124,498,Sham19Y0127677,3230,259,636,265,85
202,124,379,Shia002265Vols,4500,1185,1433,176,85
202,135,490,SHAM19Y23644,1742,193,488,208,69
202,124,485,Shia003732Vols,1672,752,1060,213,71
202,110,490,Shamela0009773,268,248,603,245,78
202,132,545,Shamela0001438,4601,472,890,268,79
202,1,983,Shia002185Vols,3054,506,1493,728,88
202,983,1469,Shia002185Vols,3055,1,482,376,97
202,156,498,JK009390,3526,1,353,234,79
202,132,498,JK009390,5903,882,1233,219,68
202,392,1121,JK000916,27073,652,1478,538,79
202,1179,1426,Shamela0001686,2995,1192,1438,170,81
202,104,485,Shamela0001686,2996,491,879,288,93
203,1,443,Shamela0026710,3,338,764,315,84
203,463,1366,Shamela0012406,646,43,535,329,45
203,184,506,Shia003616Vols,136,1058,1405,218,76
203,443,608,Shia003616Vols,3048,1316,1479,127,97
203,608,1493,Shia003616Vols,3049,1,841,673,94
203,454,1003,Shamela0003118,3296,765,1293,411,94
203,831,1003,Shamela0003118,3297,1,159,121,89
203,443,1126,Shamela0010637,302,672,1314,374,57
203,1,264,Shia001432Vols,8354,1255,1523,206,96
203,264,675,Shia001432Vols,8355,1,463,146,26
203,1,675,Shamela0010906,1322,191,658,214,34
203,646,1137,Shamela0011428,835,1,302,160,38
203,992,1366,Shamela0005922,2800,719,1078,282,92
203,449,1077,SHAM19Y23644,1121,142,624,323,63
203,477,1189,Shamela0009784,874,140,666,364,64
203,184,443,Shia003732Vols,1672,122,377,167,69
203,477,937,Shia003732Vols,1686,1044,1449,272,70
203,992,1366,Sham19Y0146127,3143,978,1306,262,86
203,477,1189,Shamela0012031,235,256,802,376,64
203,1065,1366,Sham19Y0148486,5727,1,288,229,92
203,1,977,Shia002185Vols,3055,482,1453,718,88
203,977,1488,Shia002185Vols,3056,1,483,384,92
203,477,928,Shamela0023700,1286,592,872,193,53
203,1,443,Shia003656Vols,961,555,884,248,68
203,1086,1483,Shia003656Vols,967,578,921,254,78
203,443,1065,JK000916,10617,102,856,455,74
203,1,443,Shamela0001686,2996,44,472,318,85
204,30,1047,Shamela0012406,646,506,1267,398,43
204,885,1540,Shamela0012406,655,402,883,350,64
204,594,879,JK005200,346,192,430,164,64
204,594,879,Shia003616Vols,137,297,554,193,84
204,1,575,Shia003616Vols,3049,841,1499,387,64
204,575,1138,Shia003616Vols,3050,1,592,276,44
204,579,914,Shamela0021766,776,336,672,228,81
204,570,867,Shamela0010637,302,1231,1496,209,86
204,879,1540,Shia001432Vols,8355,215,815,470,87
204,599,823,Shamela0021744,784,1,202,145,80
204,594,898,Shamela0006700,75,749,1022,200,80
204,588,879,Shamela0011428,834,1098,1362,184,76
204,594,879,Shamela0011428,835,350,635,230,100
204,588,898,Shamela0005922,1395,446,759,229,87
204,669,1047,SHAM19Y23644,1122,7,263,171,52
204,465,879,Shamela0009784,874,551,906,163,36
204,588,898,JK000221,303,954,1269,225,85
204,588,898,Shamela0010657,608,475,788,229,87
204,594,879,Sham19Y0018567,624,950,1198,194,84
204,794,1540,Shamela0012031,234,343,926,376,58
204,465,1047,Shamela0012031,235,687,1351,249,36
204,623,771,Shamela0006590,343,846,982,107,88
204,588,879,ShamAY0033181,422,740,991,177,72
204,39,388,Shia002185Vols,3056,1111,1489,253,82
204,388,1540,Shia002185Vols,3057,1,1166,906,93
204,618,879,Shamela0000412,274,873,1083,152,71
204,594,898,Sham19Y0122409,33,339,612,203,81
204,431,594,Shia003656Vols,966,1183,1320,107,80
204,30,431,Shia003656Vols,967,1095,1404,213,66
204,618,879,Shamela0011993,915,251,461,152,71
204,794,1540,Shamela0001686,1447,318,992,499,81
204,588,898,Sham19Y0020594,89,216,512,224,88
205,1,335,Shamela0012406,655,883,1205,186,55
205,1,617,Shia001432Vols,8355,815,1428,412,79
205,1,554,Shamela0012031,234,926,1221,212,47
205,1,378,Shia002185Vols,3057,1166,1559,286,87
205,378,1472,Shia002185Vols,3058,1,1105,825,91
205,365,617,Shia003656Vols,961,1253,1408,123,60
205,1,554,Shamela0001686,1447,992,1534,381,78
206,1151,1390,Shia001553,184,406,648,186,95
206,140,300,Shia001432Vols,8355,1350,1528,121,86
206,332,584,Shia001432Vols,8356,8,226,164,81
206,1146,1296,Shia001432Vols,8359,960,1106,106,87
206,1146,1390,JK006838,698,484,719,180,89
206,1146,1380,Shamela0009773,268,923,1143,152,77
206,1,342,Shia002185Vols,3058,1105,1462,242,81
206,342,770,Shia002185Vols,3059,1,453,241,55
206,640,996,Shia002185Vols,3081,1139,1460,231,80
206,996,1385,Shia002185Vols,3082,1,377,287,91
206,640,1390,Zaydiyya0000037Vols,157,493,1154,466,73
206,195,640,Shamela0001686,1448,1,469,270,64
207,1080,1492,Shia001432Vols,8356,364,765,299,87
207,1080,1492,Shia002185Vols,3061,171,593,328,96
207,95,888,Shia002185Vols,3079,702,1448,515,76
207,888,1105,Shia002185Vols,3080,25,197,110,60
207,77,482,Shia003656Vols,567,272,582,224,65
207,77,313,Shia003656Vols,962,245,441,144,73
208,1117,1441,Shamela0012406,638,74,286,144,52
208,204,401,Shia001553,182,1155,1384,154,85
208,992,1272,JK000778,118,1198,1456,202,89
208,1272,1441,JK000778,119,1,169,136,99
208,93,282,Shia003616Vols,137,1277,1427,101,69
208,272,1441,Shia003616Vols,138,1,1120,716,71
208,1,913,Shia001432Vols,8356,765,1452,430,54
208,287,401,Shamela0006700,76,810,943,91,85
208,992,1350,Shamela0007434,269,282,468,135,47
208,1059,1441,SHAM19Y23644,1115,152,422,169,55
208,1145,1431,Shamela0009784,888,1132,1341,143,59
208,546,904,Shia003732Vols,1678,1205,1470,155,48
208,754,948,Shia003732Vols,1679,1,223,132,73
208,630,789,Shamela0009773,269,1,180,104,67
208,998,1441,Shamela0012031,238,493,771,209,59
208,251,401,Shamela0012031,241,163,468,118,49
208,1,769,Shia002185Vols,3061,593,1441,530,75
208,758,929,Shia002185Vols,3062,1,168,123,89
208,998,1441,Shia002185Vols,3062,895,1339,353,98
208,1133,1441,Shamela0009873,1216,689,958,181,69
208,998,1285,Shamela0023700,302,1105,1365,204,88
208,1285,1441,Shamela0023700,303,1,156,126,99
208,287,393,Sham19Y0122409,34,143,268,85,84
208,992,1441,Sham19Y0122406,4755,105,532,340,93
208,540,1416,Shia003656Vols,605,138,1119,593,74
208,540,754,Shia002218Vols,165,362,510,104,61
209,1,169,Shia003616Vols,138,1120,1284,116,80
209,922,1181,Shamela0003118,3032,581,770,116,54
209,173,745,Sham19Y0127677,7594,646,1464,264,38
209,102,745,Sham19Y0146127,1862,745,1388,198,30
209,173,745,Sham19Y0148486,3707,308,1126,264,38
209,173,1315,Shia002185Vols,3059,315,1507,808,81
209,173,792,Shia003656Vols,581,77,636,347,62
209,922,1181,JK000916,9342,203,394,117,54
209,805,1376,JK000916,9345,883,1487,453,93
210,1,1355,Shia002185Vols,3060,152,1520,1052,93
210,1355,1513,Shia002185Vols,3061,7,159,116,93
210,1120,1513,Shia003656Vols,607,783,1140,267,82
210,342,790,Shia003656Vols,949,671,1120,337,90
210,896,1075,Shia003656Vols,972,8,150,105,72
210,1,1127,JK000916,9346,95,1218,881,95
211,627,795,Shamela0012406,649,34,202,133,97
211,1097,1219,Shia003616Vols,138,1304,1421,90,91
211,1165,1290,Shamela0003118,7130,280,410,86,77
211,1091,1480,Shia003636Vols,9645,893,1302,260,71
211,1091,1480,Shia002958,74,876,1279,250,71
211,1091,1480,Shia002185Vols,3071,646,1054,260,74
211,1091,1290,Shia003656Vols,965,1283,1443,103,60
211,1290,1469,Shia003656Vols,966,1,163,119,79
211,1165,1290,JK000916,24776,77,221,97,86
211,284,758,Shamela0001686,1127,586,1527,359,47
211,758,1107,Shamela0001686,1128,1,351,271,94
212,348,1073,Shia003616Vols,139,210,690,291,49
212,1,473,ShamAY0032379,669,463,778,221,59
212,1,141,Shia003636Vols,9645,1327,1449,93,83
212,141,1300,Shia003636Vols,9646,4,1051,769,81
212,1,167,Shia002958,74,1304,1458,111,83
212,167,1073,Shia002958,75,11,914,641,82
212,724,1056,Shia003732Vols,1693,229,497,170,61
212,1,189,Shamela0000761,277,1326,1523,127,74
212,340,473,Shamela0000761,278,12,144,90,87
212,1080,1349,Shamela0009773,1141,1216,1445,176,83
212,7,473,Shia002170Vols,849,24,349,222,59
212,1,369,Shia002185Vols,3071,1079,1429,265,90
212,369,1484,Shia002185Vols,3072,1,1111,859,93
212,729,1015,Shamela0009873,1248,500,769,132,52
212,1,1030,Shia003656Vols,966,172,1159,640,70
212,1073,1484,JK000916,24785,672,1065,301,91
213,20,437,Shia003636Vols,9646,1084,1477,304,92
213,437,1146,Shia003636Vols,9647,1,340,239,42
213,300,1115,Shamela0009773,1142,246,865,352,52
213,1,377,Shia002185Vols,3072,1111,1478,288,97
213,377,1050,Shia002185Vols,3073,1,764,482,75
213,1152,1466,Shia002185Vols,3074,801,1096,185,66
213,29,1146,Shia003656Vols,965,485,1270,514,54
213,1,395,JK000916,24785,1065,1464,307,97
213,395,1165,JK000916,24786,1,771,577,91
214,499,1176,Shia003616Vols,139,1113,1461,181,33
214,1183,1433,Shia003616Vols,140,1,232,150,68
214,730,1394,Shia002958,75,926,1460,202,29
214,9,1090,Shamela0009773,267,133,684,288,32
214,1,572,Shia002185Vols,3074,1096,1520,275,60
214,572,1457,Shia002185Vols,3075,1,835,499,62
214,726,1183,Shia003656Vols,972,994,1345,267,73
214,1189,1447,Shia003656Vols,977,428,636,140,69
214,393,726,Shia003656Vols,977,75,391,238,85
214,735,1095,Shamela0001686,1153,1,342,215,65
215,6,1477,Shia003616Vols,140,232,1416,828,66
215,517,889,ShamAY0033945,1561,255,676,114,23
215,1126,1477,Shia003732Vols,1701,53,346,178,57
215,6,949,Shia002185Vols,3075,726,1470,487,60
215,966,1477,Shia002185Vols,3076,1,459,286,63
215,417,788,Zaydiyya0000142,2025,1,311,201,63
215,1126,1477,Shamela0009873,1243,234,440,129,45
216,64,1381,Shia003616Vols,141,1,1310,903,78
216,1,248,Shia003732Vols,1701,346,663,175,68
216,1,993,Shia002185Vols,3076,459,1452,651,73
216,993,1323,Shia002185Vols,3077,1,411,240,71
216,1,219,Shamela0009873,1243,440,607,129,73
216,607,1307,Shamela0009873,1267,316,913,343,53
216,219,425,Shia003656Vols,604,1264,1500,150,78
216,649,1260,Shia003656Vols,980,153,602,346,71
216,879,1307,Shamela0001686,2878,32,457,139,34
216,214,795,Shamela0005815,256,865,1432,437,94
216,795,1107,Shamela0005815,257,1,305,236,94
217,262,493,Shia003616Vols,135,346,690,160,56
217,517,857,ShamAY0032379,69,948,1150,131,47
217,517,1168,Shamela0025800,2214,1122,1500,143,25
217,512,769,Shamela0005803,62,1151,1410,195,92
217,769,1282,Shamela0005803,63,19,563,382,87
217,512,949,Shia002185Vols,3092,1025,1496,325,84
217,1,546,Shia002185Vols,3093,382,839,280,57
217,1,505,Zaydiyya0000272,1746,600,961,265,66
217,505,710,Shia003656Vols,972,571,760,126,67
217,42,505,Shia003656Vols,980,1050,1434,221,54
218,692,1395,Shia003616Vols,142,1,570,334,53
218,353,848,Sham19Y0127677,5190,155,598,155,29
218,353,848,Shia002265Vols,3295,569,1004,128,21
218,353,656,Shamela0001438,7218,596,803,150,62
218,269,1463,Shia002185Vols,3083,185,1296,686,65
218,772,1108,Shia003656Vols,968,1038,1297,184,66
219,1031,1520,Shia003616Vols,3052,383,867,352,84
219,124,635,JK006838,638,965,1360,219,47
219,124,365,JK006838,674,1208,1421,148,72
219,785,1031,Shia002185Vols,3080,414,813,185,58
219,1,214,Shia002185Vols,3083,1316,1495,136,81
219,165,1505,Shia002185Vols,3084,9,1434,863,70
219,257,1520,Shia003656Vols,969,773,1198,292,28
220,701,1164,Shamela0004473,7915,183,449,98,22
220,928,1443,Shamela0009862,234,238,645,157,30
220,701,1178,Sham19Y0145435,262,1064,1284,106,25
220,701,1178,Sham19Y0145435,5199,240,521,109,24
220,872,1094,Shamela0022769,210,1,211,143,79
220,701,1178,Sham19Y0018176,1492,379,659,109,24
220,745,1178,Sham19Y0127656,500,13,252,96,22
220,567,1108,Shamela0008473,1027,254,694,291,65
220,701,1178,Shamela0008473,1029,420,703,109,24
220,880,1168,Shamela0008473,4374,1031,1452,94,24
220,701,1178,Shamela0036446,821,672,938,108,24
220,701,1178,Sham19Y0013605,3175,631,1241,114,16
220,1002,1397,Shamela0023833,536,354,660,138,35
220,998,1186,ShamAY0034249,7296,1,262,108,53
220,665,1178,Shia002616Vols,1492,10,350,102,19
220,567,1108,Sham19Y0148271,1059,49,504,296,64
220,1002,1443,Shamela0007798,2305,743,1094,169,41
220,993,1178,Shamela0007798,2900,919,1084,94,54
220,1002,1178,Shia002341Vols,1141,1134,1285,90,56
220,479,1178,Shamela0023613,1168,136,591,135,19
220,1,1361,Shia003616Vols,143,25,1432,967,81
220,1,388,Shia003616Vols,3052,867,1260,303,96
220,388,1397,Shamela0010529,69,830,1465,426,51
220,701,1178,Sham19Y0037618,6280,751,1029,109,24
220,820,1112,Shamela0025794,553,9,318,206,80
220,792,1094,Shia002378,173,219,528,193,74
220,792,1094,Sham19Y0020891,1194,493,815,193,71
220,567,1026,Shamela0004445,1539,1091,1488,235,58
220,701,1178,Shamela0004445,1540,1077,1359,110,24
220,1002,1380,Shamela0004445,1561,848,1118,137,38
220,485,1178,Shamela0009789,298,428,751,194,34
220,701,1178,Sham19Y0013252,6463,222,502,109,24
220,695,1112,Shamela0023578,695,520,888,236,67
220,830,1043,Zaydiyya0000062,248,33,234,154,91
220,750,1178,Shamela0009795,155,1,231,91,21
220,701,1178,Shamela0025800,2206,1096,1374,108,23
220,701,1178,Shamela0008658,624,945,1370,110,19
220,511,1098,Shamela0008658,638,847,1297,290,61
220,750,1043,Tafsir02096,307,822,1120,130,44
220,665,1178,JK006838,672,803,1092,102,20
220,567,1112,JK006838,674,331,789,305,66
220,928,1443,Kraken210630005153,7480,175,543,160,34
220,701,1178,Sham19Y0018103,2599,142,423,109,24
220,777,1094,JK009266,2272,667,992,195,72
220,701,1178,Tafsir09084,436,726,1007,108,23
220,880,1094,Shamela0023635,2467,1,229,136,68
220,567,1112,ShamAY0033945,998,79,528,286,61
220,567,1112,Shia001782Vols,1955,273,752,301,64
220,1,223,Shia003732Vols,1675,1186,1408,164,94
220,701,1443,Shia003732Vols,1696,178,916,350,47
220,1002,1443,Shamela0010283,3481,439,803,161,37
220,701,1178,JK000110,1039,1088,1368,109,24
220,701,1178,Sham19Y0016684,1489,1215,1495,109,24
220,937,1429,Sham19Y0145166,231,280,778,193,37
220,750,1178,Shamela0009780,308,53,214,90,24
220,395,1164,Shia003459BK1,40,550,981,290,45
220,792,1094,ShamAY0034052,359,38,360,194,72
220,669,1443,JK000927,3183,497,1202,192,22
220,534,1112,Shamela0009567,538,341,862,326,63
220,1002,1397,Shamela0006864,1170,209,515,138,35
220,796,1094,Shamela0012884,1134,398,797,189,56
220,85,388,Shia002185Vols,3085,1,225,154,62
220,706,1380,Shia002185Vols,3087,879,1417,279,44
220,511,1098,Shamela0023644,669,20,469,293,62
220,701,1172,Sham19Y0016584,2897,728,1002,104,23
220,558,1112,Shamela0010480,1665,611,1102,297,62
220,1,218,Shamela0009873,1218,68,299,147,74
220,701,1178,Sham19Y0018106,2704,806,1086,109,24
220,701,1443,Shamela0009783BK1,908,240,832,194,24
220,1002,1178,Tafsir03092,513,218,376,90,54
220,701,1144,Shamela0005756,10710,1312,1518,83,21
220,567,1112,Shamela0001733,2423,1,487,294,62
220,937,1433,Shia003656Vols,606,511,1005,168,36
220,1002,1443,Shia003656Vols,968,530,827,140,33
220,1,303,Shia003656Vols,969,1198,1426,167,69
220,412,1443,Shia003656Vols,970,550,1088,354,41
220,701,1178,ShamAY0034434,142,1090,1369,108,23
220,750,1087,JK000435,63,264,447,115,41
220,511,1112,Shamela0022549,200,235,759,337,65
220,600,1047,Shamela0023628,614,475,966,143,29
220,701,1178,Shamela0021715,6255,653,933,109,24
220,777,1178,Shamela0031457,141,1,152,74,20
220,660,1094,Shia002218Vols,162,812,1205,254,68
221,1,1139,Shia003616Vols,144,28,852,505,51
221,298,972,Shamela0021766,753,49,502,305,53
221,1,673,Shia003732Vols,1696,916,1483,339,58
221,130,491,Shamela0009773,269,521,848,119,29
221,44,1533,Shia002185Vols,3088,1,1482,1087,86
221,6,371,Shia003656Vols,970,1088,1401,219,73
221,336,665,Shia003656Vols,971,429,714,231,85
222,54,1131,Shia002185Vols,3089,1,889,643,72
222,469,589,Shia003656Vols,623,171,292,92,95
222,276,474,Shia003656Vols,971,725,918,130,76
223,449,1389,Shamela0026662,32,694,1203,236,31
223,275,909,Shamela0023833,559,753,1428,257,39
223,909,1394,Shamela0023833,560,1,656,181,28
223,958,1394,Shamela0035100,104,659,922,92,26
223,453,849,Shamela0010695,111,1187,1453,137,40
223,891,1394,Shamela0010695,112,80,466,154,35
223,311,1394,Shamela0009728,89,475,1328,365,37
223,875,1244,Shamela0005816,88,894,1318,81,19
223,449,1096,Shamela0023695,835,828,1239,209,41
223,1010,1394,Shamela0009784,811,27,1293,122,12
223,275,1394,Shamela0009784,911,311,1360,405,36
223,406,1394,Shamela0010283,3485,6,1304,373,29
223,1,725,Shamela0009773,270,500,1326,356,45
223,768,1373,Shamela0009773,271,227,1031,227,29
223,1010,1326,Shia003714Vols,371,940,1322,107,25
223,275,558,Shamela0006864,1201,1263,1481,108,43
223,558,1394,Shamela0006864,1202,1,1120,330,31
223,1,449,Shia002185Vols,3105,660,1082,146,29
223,875,1326,Shamela0009898,96,279,995,111,18
223,319,757,Shamela0001686,438,17,254,133,37
223,1003,1389,Shamela0006617,495,19,1171,128,13
223,53,1394,JK000412,14,214,1209,415,33
223,449,1389,Shamela0008362,913,182,685,234,32
224,1,917,Shamela0023833,561,231,1302,477,52
224,344,1171,Shamela0035100,105,21,352,195,30
224,1211,1400,Shia003616Vols,2165,1121,1374,151,74
224,248,432,Shamela0010695,112,1164,1337,100,59
224,432,1046,Shamela0010695,113,1,440,221,45
224,248,851,Shamela0009728,90,623,1302,376,66
224,203,963,Shamela0010906,289,648,1106,239,39
224,53,873,Shamela0009784,912,463,1325,401,53
224,68,412,Shamela0009784,912,9,299,88,25
224,408,1023,Shamela0010283,3487,11,542,251,46
224,1,946,Shamela0009773,272,21,1376,441,36
224,1,614,Shamela0006864,1203,661,1329,265,46
224,600,1032,Shamela0006864,1204,1,568,241,52
224,1211,1373,Shia002185Vols,3102,1316,1506,126,80
224,195,851,Shamela0006617,497,299,705,71,10
224,42,972,JK000412,15,420,1323,371,39
225,703,1459,Shamela0012406,639,137,824,368,51
225,54,1520,Shia003616Vols,2166,1,1467,1147,96
225,846,1075,SHAM19Y23644,1129,1293,1493,134,73
225,703,1075,Shamela0009784,895,1169,1447,179,57
225,974,1520,Shia003732Vols,1718,1,513,225,41
225,808,1035,Sham19Y0146127,2722,1260,1448,139,76
225,1035,1440,Sham19Y0146127,2723,1,400,171,42
225,624,1474,Shamela0009773,273,420,1253,456,56
225,879,1520,Sham19Y0148486,5042,1,678,359,59
225,856,1055,Shamela0006590,347,1307,1489,145,90
225,1,1474,Shia002185Vols,3103,32,1528,1085,86
225,368,1030,Shamela0009873,801,531,984,284,53
225,832,1459,Shamela0009873,1280,307,853,224,35
225,1,1440,Shia003656Vols,996,84,1225,622,49
226,6,1366,Shamela0012406,639,667,1406,519,45
226,136,1366,Shia003616Vols,2167,1,1265,976,96
226,111,840,Shamela0010529,70,370,846,257,42
226,6,1039,Shamela0009784,896,175,775,434,51
226,132,1366,Shamela0002449,162,97,813,455,43
226,6,1366,Shia003732Vols,1718,303,929,444,39
226,217,986,Sham19Y0146127,2723,151,843,466,69
226,188,360,Shamela0009773,273,1336,1492,107,77
226,424,1165,Shamela0009773,274,43,740,368,52
226,117,957,Sham19Y0148486,5042,207,1138,562,71
226,6,1366,Shamela0006590,348,313,919,458,42
226,1,1415,Shia002185Vols,3104,47,1426,915,75
226,117,840,Shamela0009873,1280,585,1315,279,35
226,6,500,Shia003656Vols,996,1162,1518,249,58
226,500,1022,Shia003656Vols,997,1,490,341,76
227,405,673,Shamela0023833,560,965,1316,145,49
227,695,997,Shamela0023833,561,72,494,130,35
227,101,376,Shamela0023833,562,161,565,80,19
227,108,409,Shamela0035100,105,368,726,120,38
227,1163,1407,Shia003636Vols,1153,1,271,154,63
227,414,874,Shamela0009728,90,180,661,213,49
227,350,997,Shamela0009784,912,104,734,273,47
227,949,1407,Shamela0009784,914,65,577,182,36
227,414,889,Shamela0010283,3486,56,625,232,46
227,829,1347,Shamela0010283,3487,892,1365,156,29
227,1,254,Shamela0009773,274,1017,1470,159,40
227,286,879,Shamela0009773,275,8,1040,290,32
227,949,1370,Shamela0009773,276,6,463,261,69
227,623,1000,Shia003714Vols,373,160,793,144,27
227,405,997,Shamela0006864,1203,67,924,278,37
227,945,1228,Shia002185Vols,3105,1228,1467,156,63
227,1,439,Shia002185Vols,3105,163,725,84,13
227,1121,1407,Shia002185Vols,3106,1,215,112,39
227,1102,1201,Shia003656Vols,948,490,961,69,18
227,1040,1400,Shia003656Vols,949,254,490,186,65
227,405,858,JK000412,15,92,613,251,58
227,1026,1352,Shamela0000496,16,887,1189,144,47
228,1,443,Shia001421Vols,743,505,784,91,23
228,100,462,Shamela0023833,563,845,1287,242,67
228,1061,1394,Shia003616Vols,145,1,252,164,61
228,462,1050,Shia003616Vols,3054,330,866,381,79
228,100,1031,Shia003636Vols,1153,813,1274,304,39
228,848,1390,Shamela0010695,114,553,1052,165,33
228,89,443,Shamela0009728,92,113,399,148,46
228,848,1390,Shamela0010283,3488,550,1173,226,39
228,24,462,Shamela0010283,3488,187,720,239,50
228,11,462,Shamela0009773,276,539,1025,231,49
228,100,443,Shia003714Vols,376,436,713,160,58
228,141,462,Shamela0006864,1206,10,373,214,71
228,1061,1434,Shia002185Vols,3100,927,1249,216,70
228,1,1150,Shia002185Vols,3106,407,1400,468,39
228,980,1415,Zaydiyya0000037Vols,158,22,356,197,55
228,848,1390,Shamela0001686,438,755,1302,237,45
228,71,451,Shamela0001686,438,593,857,191,62
229,35,1230,Shia003616Vols,145,255,1215,693,71
229,798,1213,Shamela0009773,277,1149,1429,209,62
229,1,511,Shamela0009773,277,754,1314,284,60
229,424,1224,Shia002185Vols,3093,765,1530,509,72
229,1230,1507,Shia002185Vols,3094,45,266,156,67
229,1,242,Shia002185Vols,3100,1253,1488,186,95
229,25,242,Zaydiyya0000037Vols,158,356,564,158,87
229,1062,1230,Shamela0009873,1256,1256,1486,132,70
229,640,1507,Shia003656Vols,974,721,1469,482,62
229,833,1349,Shamela0001686,439,17,289,184,44
230,263,638,Shamela0012406,633,962,1310,159,47
230,364,1436,Shia003616Vols,146,1,740,560,65
230,1274,1473,Shamela0009773,278,333,527,135,82
230,1,1473,Shia002185Vols,3094,266,1317,620,48
230,263,619,Shia003656Vols,976,1,277,203,66
230,124,575,Shamela0001686,439,58,498,186,36
230,657,801,Shamela0001686,731,369,514,104,81
230,1274,1473,Shamela0001686,823,1176,1365,132,79
231,120,487,Shamela0012406,633,1211,1391,122,40
231,330,910,Shamela0012406,648,678,1165,285,56
231,330,899,JK000778,433,441,939,272,57
231,324,574,Shia003616Vols,146,798,990,133,66
231,592,925,Shamela0005539,219,436,812,160,51
231,464,1292,Shamela0009773,278,741,1195,285,41
231,324,889,Shamela0012935,208,8,326,202,45
231,120,740,Shia003714Vols,361,201,727,138,18
231,330,783,Shia003714Vols,379,1225,1504,192,53
231,1,180,Shia002185Vols,3094,1317,1520,137,82
231,186,1484,Shia002185Vols,3095,1,987,631,59
231,535,797,Shamela0023700,1091,1098,1450,120,33
231,375,806,Shia003656Vols,982,1,210,117,30
231,120,750,Shamela0001686,439,498,949,158,27
231,330,786,Shamela0001686,929,1039,1411,185,44
232,624,904,Shamela0035100,107,700,1037,206,73
232,614,900,Shia002616Vols,4979,901,1255,191,61
232,628,895,Shamela0037458,3344,1,246,150,60
232,761,900,ShamAY0038419,122,16,148,102,90
232,769,900,Shamela0021766,771,1,137,102,91
232,614,895,Shamela0004445,1572,985,1285,170,63
232,1,548,Shamela0004445,1573,258,533,202,46
232,610,895,Shia001880,45,10,451,205,58
232,614,895,Shamela0023578,729,670,972,170,62
232,624,904,Shamela0010906,292,27,372,206,72
232,555,900,Sham19Y0127677,351,456,748,172,57
232,614,895,Sham19Y0127677,6696,962,1361,210,63
232,761,900,Shia002265Vols,3269,861,986,98,87
232,614,895,JK006838,682,339,671,197,71
232,11,555,JK006838,697,112,400,217,50
232,614,900,ShamAY0038405,213,324,670,183,65
232,614,895,ShamAY0033945,945,743,1150,210,62
232,614,895,Shamela0023623,3262,1113,1378,161,62
232,614,895,Shamela0006590,349,259,411,110,49
232,614,1003,Shamela0009823,406,884,1083,124,38
232,643,895,Tafsir06049,1587,8,272,158,70
232,614,895,ShamAY0034054,3145,229,494,161,62
232,761,895,Shamela0001438,697,259,383,97,86
232,660,895,Shamela0012884,4049,29,226,135,66
232,1,655,Shia002185Vols,3095,987,1481,352,65
232,655,1472,Shia002185Vols,3096,1,567,383,54
232,18,517,JK001227,190,1,274,203,52
232,610,895,Shamela0023700,2181,244,682,203,58
232,610,1420,Shia003656Vols,976,366,890,364,53
232,76,643,ShamAY0035035,9684,1,233,163,37
232,614,895,Shamela0023628,652,1108,1418,182,70
232,614,895,Shamela0000041,528,819,1135,184,69
233,665,1261,Shamela0008970,60,729,1379,348,57
233,699,1252,Shamela0004473,3585,439,995,311,57
233,699,1252,Shamela0001341,82,24,581,299,53
233,680,1049,Shia001960,131,860,1077,122,39
233,670,858,Shamela0008473,4448,1313,1573,124,56
233,868,1252,Shamela0008473,4449,7,434,248,63
233,699,1252,Shamela0035100,103,28,506,259,47
233,670,1252,Sham19Y0148271,559,407,1094,374,61
233,665,1252,Shamela0012981,1015,819,1428,321,53
233,426,1045,Shia003616Vols,146,962,1508,407,80
233,1045,1451,Shia003616Vols,147,1,404,280,75
233,670,1252,Shamela0025794,2758,345,1031,371,60
233,782,956,Shia003711,221,85,410,96,35
233,670,1252,Shamela0023100,212,259,897,354,59
233,670,871,ShamAY0038434,90,539,937,110,38
233,670,1266,JK000475,2194,724,1417,379,61
233,670,1252,Shamela0004445,1562,472,1166,374,60
233,782,956,Shia001432Vols,32117,753,1051,95,38
233,782,956,Shia001432Vols,32228,405,730,96,35
233,665,1068,Shia002067,281,1061,1430,233,66
233,670,1252,Shamela0010906,287,754,1308,280,46
233,778,1252,JK009408,1238,1,547,305,62
233,699,1266,JK001012,234,277,888,356,64
233,727,852,Shamela0023695,742,908,1087,70,53
233,670,1252,Sham19Y0127677,4632,510,1240,365,56
233,684,1252,Shia002265Vols,3299,367,986,344,61
233,157,420,JK006838,697,494,748,194,88
233,665,1252,Shamela0004289,1220,662,1282,328,55
233,727,852,ShamAY0038405,219,1239,1418,70,53
233,665,1252,Tafsir09084,2286,457,1092,368,63
233,665,1261,ShamAY0033945,597,231,878,350,58
233,670,1168,ShamAY0033945,1368,927,1452,324,68
233,670,1252,Shia001782Vols,1967,334,1016,362,59
233,435,1428,Shia003732Vols,1704,8,1033,553,56
233,1297,1497,Shia003732Vols,1705,514,761,140,72
233,670,1266,Shamela0021809,751,195,749,246,42
233,670,1252,Shamela0021809,1548,170,899,374,58
233,670,890,JK001236,59,625,911,142,59
233,670,1266,JK001236,199,78,753,383,63
233,670,1266,JK001236,273,866,1541,383,63
233,670,1266,JK009179,117,533,1195,373,63
233,718,852,Sham19Y0014299,163,588,740,82,61
233,665,1252,Shamela0012862,430,132,741,320,53
233,665,1261,JK000698,66,117,771,347,57
233,670,1108,JK000735,134,975,1453,270,62
233,170,420,Shamela0031372,414,969,1207,175,78
233,170,420,Shamela0031372,416,377,615,175,78
233,670,1252,Shamela0009567,539,723,1409,371,60
233,699,1252,Shamela0001438,989,944,1500,311,58
233,684,1252,Shamela0001438,6580,191,809,344,61
233,727,852,ShamAY0038413,94,349,528,70,53
233,675,1252,Shamela0012884,4698,251,927,361,59
233,343,1276,Shia002185Vols,3096,647,1565,658,81
233,1276,1560,Shia002185Vols,3097,1,220,159,69
233,199,420,JK001227,190,278,496,170,93
233,727,1168,Shamela0023644,1478,37,351,219,60
233,670,976,Shamela0012991,146,1159,1484,170,53
233,990,1252,Shamela0012991,147,1,303,153,53
233,606,852,Shamela0009873,1267,1,245,129,54
233,619,1261,Shamela0001733,1015,929,1466,271,46
233,411,1266,Shia003656Vols,610,313,1108,596,83
233,684,1252,JK009390,3005,338,888,315,63
233,684,933,JK009390,3646,1177,1444,151,63
233,933,1252,JK009390,3647,1,357,193,57
233,782,956,Shia001367,81,183,483,101,39
233,699,956,Shia001367,129,1074,1457,126,41
233,670,1252,Shamela0021765,2224,774,1454,385,64
234,20,1248,Shia003616Vols,147,404,1502,776,75
234,1204,1461,Shia003616Vols,148,192,633,139,36
234,38,1340,Shia003732Vols,1706,323,1393,762,72
234,1039,1461,Shia003732Vols,1707,654,1289,186,34
234,4,1461,Shia002185Vols,3097,193,1436,909,76
234,38,589,Shamela0009873,1267,917,1453,310,61
234,151,897,Shia003656Vols,611,841,1476,419,66
234,897,1234,Shia003656Vols,612,1,269,199,73
235,1,911,Shia003616Vols,148,633,1486,420,46
235,911,1509,Shia003616Vols,149,1,455,349,73
235,15,203,Shia003636Vols,9648,381,543,84,47
235,500,1397,Shia003732Vols,1708,747,1525,556,73
235,67,1509,Shia002185Vols,3098,7,1197,853,71
235,920,1509,Shamela0009873,1272,1,195,120,25
235,644,866,Shia003656Vols,614,802,1010,158,87
235,870,1509,Shia003656Vols,617,469,983,319,53
236,1,277,Shia003616Vols,149,455,701,192,88
236,277,523,JK006838,702,1199,1487,107,44
236,1,580,Shia003732Vols,1709,70,864,336,51
236,277,1118,Shamela0012884,5020,19,740,270,32
236,1,277,Shia002185Vols,3098,1197,1434,174,77
236,1,469,Shamela0009873,1272,195,600,139,28
236,1,277,Shia003656Vols,617,983,1245,202,90
236,200,502,Shia003656Vols,914,194,460,166,70
236,350,1150,Shia003656Vols,991,608,1263,358,50
237,385,918,Shamela0007597,161,1219,1513,201,42
237,336,918,Sham19Y0018176,1459,346,665,222,43
237,336,923,Sham19Y0013605,3119,1138,1462,224,43
237,336,1010,Shamela0023613,1165,297,672,266,45
237,501,785,Shia003616Vols,149,840,1210,195,60
237,336,911,ShamAY0034073,830,1327,1639,216,42
237,336,1010,Tanzil001,28,1042,1417,266,45
237,336,1014,Shia001432Vols,8257,934,1314,269,45
237,336,1010,Shamela0023578,651,1135,1510,266,45
237,1,114,Shamela0023578,656,600,741,89,78
237,571,1010,JK007018,105,1,302,205,52
237,336,1010,Shamela0023623,662,1017,1392,266,45
237,336,918,JK000110,1012,596,915,222,43
237,336,1010,Shamela0021821,299,1038,1413,266,45
237,439,911,JK006476,231,533,995,144,29
237,336,1010,Shia002406Vols,1275,635,1010,266,45
237,602,1010,JK009396,254,1,271,180,49
237,336,1545,Shamela0023614,143,312,1037,389,35
237,336,918,Sham19Y0018106,2660,1135,1454,222,43
237,336,918,Shamela0005756,10572,1104,1424,222,43
237,336,918,Shamela0021715,6132,357,676,222,43
237,336,918,Shamela0023591,1884,405,724,222,43
238,195,498,Shamela0023614,177,266,694,160,45
239,63,809,Shamela0023613,1193,915,1390,294,44
239,63,1163,Tanzil001,29,960,1640,403,42
239,63,964,Shamela0004445,1550,215,770,338,43
239,63,1163,Shia001432Vols,8258,231,760,359,40
239,63,1163,Shamela0023614,144,198,878,403,42
239,63,1163,Shamela0023591,1919,866,1546,403,42
240,915,1057,Shia003616Vols,5643,1185,1340,114,91
241,1062,1502,Sham19Y0037618,6281,322,743,197,44
241,865,1506,Tafsir06048,175,593,1405,303,39
241,1347,1514,ShamAY0033108,329,48,386,102,34
241,620,1502,Shamela0023623,695,609,1352,280,30
241,865,1462,Shia002337Vols,125,903,1248,226,46
241,1347,1514,Tafsir02091,444,543,881,102,34
241,870,1502,Shamela0022928,208,114,694,309,48
241,865,1506,ShamIbadiyya0000194,172,523,1335,303,39
242,362,777,Shamela0002102,339,857,1241,245,69
242,349,771,Shamela0008473,1062,621,1050,292,79
242,362,1115,Shia004509,197,721,1528,345,44
242,691,1202,Shamela0036446,727,1,572,191,34
242,319,816,Shamela0026662,37,49,623,324,66
242,328,899,Shamela0023833,557,52,791,376,60
242,349,764,Sham19Y0148271,1041,1103,1511,270,75
242,92,905,Shamela0009770,382,371,1405,457,50
242,362,819,Shamela0007798,2352,1,389,265,70
242,729,1202,Shamela0007798,2354,1066,1426,233,57
242,362,751,Shamela0002247,44,477,840,256,76
242,362,729,Tafsir07076,1470,1219,1560,231,74
242,349,890,Shamela0025794,510,99,918,351,51
242,277,816,Shamela0022593,427,70,841,311,46
242,277,771,Shamela0026568,173,36,497,317,74
242,362,771,Sham19Y0017817,110,703,1117,249,67
242,362,816,Tafsir09083,241,327,784,274,68
242,362,1163,Shamela0009784,906,330,1129,455,59
242,362,771,JK000098,79,632,1033,233,62
242,362,816,Tafsir09084,453,336,870,292,62
242,729,1202,Shia001782Vols,2195,645,1181,264,50
242,240,991,Shia003732Vols,1731,565,1487,420,54
242,362,771,ShamIbadiyya0000942,554,962,1356,260,72
242,277,751,Shamela0023685,198,565,993,297,72
242,362,677,Shia003714Vols,380,1213,1502,202,75
242,449,745,JK000791,363,6,289,200,80
242,362,1202,Shamela0023631,973,667,1514,345,41
242,362,771,Shamela0021502,179,1001,1403,286,81
242,328,899,Shamela0006864,1199,556,1294,376,60
242,439,771,Shia002185Vols,3099,1,329,253,90
242,349,777,Shamela0023644,644,598,990,272,75
242,398,816,Shamela0009898,115,924,1309,208,51
242,393,751,Shia002669,227,355,700,242,77
242,277,816,Tafsir03092,386,90,927,311,42
242,349,771,Shamela0005756,8812,67,467,284,80
242,729,1202,JK000435,65,361,824,245,50
242,420,819,ShamIbadiyya0000185,2036,918,1369,241,60
242,277,932,Shamela0021713,619,170,745,335,57
242,366,890,Shamela0022549,225,1,584,334,67
242,677,1202,Shamela0023628,647,1,629,202,34
242,371,827,Shamela0028168,368,424,877,269,64
242,362,713,ShamAY0038394,141,436,742,213,73
242,319,816,Shamela0008362,917,820,1384,312,62
243,1082,1338,ShamIbadiyya0000075,130,1000,1467,143,37
243,1,531,Shia003732Vols,1772,40,839,276,36
243,1,267,Shia003656Vols,613,506,813,210,83
244,1,594,Shamela0023613,1253,996,1506,289,56
244,1,594,ShamAY0034073,881,451,970,289,56
244,1,594,Shamela0023578,742,829,1339,289,56
244,1,594,Shamela0023614,146,680,1190,289,56
245,219,928,Shia003616Vols,3054,791,1500,566,100
245,928,1469,Shia003616Vols,3055,1,559,426,96
245,496,1469,Shamela0023695,1000,6,507,334,40
245,219,1352,Shia003656Vols,618,111,919,466,46
246,1,833,Shia003616Vols,3055,559,1438,643,92
246,833,1427,Shia003616Vols,3056,1,595,468,100
246,24,881,Shamela0023695,1000,507,1254,554,81
246,87,984,Shia003656Vols,618,799,1490,475,64
246,974,1379,Shia003656Vols,619,1,317,226,68
247,610,1289,Shia003616Vols,144,1006,1373,242,43
247,1,660,Shia003616Vols,3056,595,1267,477,88
247,300,585,Sham19Y0127677,3459,925,1190,143,52
247,300,499,Sham19Y0127677,16417,1280,1430,85,55
247,300,585,Shia002265Vols,3432,916,1181,130,45
247,201,585,SHAM19Y23644,1124,880,1185,143,39
247,300,585,Sham19Y0146127,2066,273,493,126,56
247,300,585,Sham19Y0148486,3890,1177,1456,138,52
247,300,585,Shamela0001438,4887,729,994,130,45
247,910,1481,Shia002185Vols,3099,417,1088,394,73
247,23,275,Shia003656Vols,619,317,478,110,55
247,585,1434,Shia003656Vols,622,821,1528,493,67
247,300,585,JK009390,4434,811,1089,130,44
248,129,601,Shamela0001515,273,958,1460,266,59
248,601,1454,Shamela0001515,274,1,800,395,50
248,129,529,Shia003616Vols,149,1255,1423,129,40
248,480,1454,Shia001432Vols,8363,460,1359,439,49
248,129,354,Shamela0009773,278,1219,1483,166,78
248,401,1454,Shamela0009773,279,7,1033,509,51
248,7,152,Shia002185Vols,3099,1094,1269,111,77
248,129,1454,Shia002185Vols,3101,115,1444,645,51
248,129,718,Zaydiyya0000037Vols,158,564,1065,263,52
248,134,443,Shia003656Vols,983,1062,1366,179,65
248,443,1322,Shia003656Vols,984,1,817,483,58
249,430,1526,Shia003616Vols,150,607,1267,443,49
249,795,1516,ShamAY0034073,876,759,1497,483,73
249,303,786,Shia003636Vols,711,217,440,120,29
249,629,1491,Shia003732Vols,1772,710,1136,313,44
249,303,790,Shamela0010283,3501,82,632,181,30
249,326,1540,Shia002185Vols,3108,385,1467,784,77
249,6,228,Zaydiyya0000037Vols,159,129,286,110,61
249,480,861,Shia003656Vols,986,1096,1493,213,54
249,900,1335,Shia003656Vols,987,6,257,195,54
249,308,790,Shamela0001686,443,1054,1427,169,33
250,1021,1482,Shia003616Vols,1915,364,707,268,74
250,1,940,ShamAY0034073,877,25,787,551,71
250,1046,1194,Shia003636Vols,711,372,533,80,65
250,1026,1482,Shamela0021766,781,193,660,304,75
250,1163,1482,Shia003732Vols,1773,16,427,225,65
250,96,1043,Shia003732Vols,1774,510,1498,564,60
250,125,1482,Shia002185Vols,3109,10,1339,958,84
250,374,940,Shamela0009873,1276,60,568,226,42
250,1026,1429,Shia003656Vols,987,346,779,303,84
251,1059,1522,Shamela0012406,635,821,1116,128,28
251,587,1222,Shia003616Vols,151,352,873,300,54
251,1,616,Shia003616Vols,1915,707,1204,275,43
251,47,857,ShamAY0034073,875,730,1505,566,81
251,857,1083,ShamAY0034073,876,1,231,174,96
251,1,923,Shia003732Vols,1773,427,1496,647,72
251,923,1522,Shia003732Vols,1774,1,569,316,53
251,47,201,Shamela0010283,3501,762,935,101,68
251,1049,1522,Shia003714Vols,383,202,509,155,34
251,1,146,Shia002185Vols,3109,1339,1482,112,96
251,146,1539,Shia002185Vols,3110,1,1145,785,66
251,597,1083,Shamela0009873,1275,665,1120,229,49
251,41,704,Shia003656Vols,987,769,1171,286,52
251,912,1194,Shia003656Vols,987,1192,1422,164,72
251,15,494,Shamela0001686,444,78,442,233,57
251,1049,1522,Shamela0001686,444,408,795,156,30
252,503,1253,ShamAY0034068,440,923,1395,191,30
252,496,1072,Sham19Y0145435,1500,746,1376,211,36
252,1211,1463,Sham19Y0145435,1501,1,399,181,56
252,491,1463,Shamela0008473,1069,344,1459,418,40
252,846,1463,Shamela0023833,543,9,703,284,43
252,1020,1463,Shamela0035100,118,15,536,232,48
252,1265,1463,Shia002616Vols,1533,94,371,152,67
252,491,1448,Shamela0009770,376,411,1493,385,37
252,503,1415,Shamela0007798,2364,383,1432,363,38
252,503,1072,JK000778,921,808,1428,190,31
252,491,1415,ShamAY0034066,296,811,1442,284,35
252,49,629,Shia003616Vols,151,880,1476,349,65
252,49,408,Shia003616Vols,1915,1170,1529,289,100
252,49,484,ShamAY0034073,876,197,652,331,89
252,503,1269,Tafsir03095,172,406,730,153,24
252,558,1504,Shia003636Vols,712,32,800,336,37
252,148,573,Shamela0021766,781,1118,1461,193,49
252,463,1399,Shamela0004445,1580,418,1492,368,36
252,503,1463,Shia001432Vols,8280,85,1141,390,38
252,963,1410,Shia001432Vols,8327,100,434,154,36
252,503,1463,Shamela0023578,734,329,1416,400,40
252,846,1463,Shamela0010906,302,685,1338,271,43
252,503,1359,JK006838,701,65,887,306,36
252,554,1441,SHAM19Y23644,1136,31,686,265,34
252,1020,1415,Kraken210630005153,7483,796,1197,179,45
252,520,1441,Shia002359Vols,948,517,1481,347,37
252,415,1359,Shamela0009784,917,5,1085,367,37
252,531,1359,JK009266,2382,7,861,288,35
252,832,1359,Sham19Y0020989,2069,118,695,216,38
252,491,1415,Shamela0009776,1755,440,969,267,35
252,491,1269,ShamAY0034055,1641,590,1373,270,35
252,1291,1463,ShamAY0034055,1642,5,229,130,72
252,126,1314,Shia003732Vols,1775,16,1525,698,54
252,1314,1463,Shia003732Vols,1776,1,200,119,72
252,508,713,Tafsir05047,109,516,689,101,56
252,1188,1463,Sham19Y0145166,240,925,1324,197,61
252,503,1463,JK000927,3188,155,1173,371,39
252,491,871,ShamAY0034441,267,306,651,137,37
252,503,1463,Tafsir06049,1602,418,1373,377,40
252,491,871,Shia001278Vols,162,1073,1539,155,35
252,940,1463,Shia001278Vols,163,1,736,277,42
252,1020,1463,Shamela0006864,1177,15,553,225,46
252,54,420,Shia002185Vols,3110,1145,1567,228,65
252,420,1540,Shia002185Vols,3111,1,1199,825,81
252,1188,1415,Sham19Y0023618,426,104,411,157,65
252,491,1034,Shamela0009898,116,641,1102,179,36
252,126,975,Shamela0009873,1276,868,1535,294,34
252,975,1269,Shamela0009873,1277,1,370,194,64
252,516,1332,Shamela0023700,2208,544,1450,276,31
252,573,1463,Shamela0009783BK1,915,49,990,371,41
252,126,878,Shia003656Vols,988,479,1458,391,40
252,878,1463,Shia003656Vols,989,1,548,403,82
252,491,713,ShamAY0034434,128,287,489,112,55
252,503,1260,Shamela0023624,217,45,381,158,25
252,496,1463,Shamela0022549,229,311,1394,404,40
252,931,1410,Shia003695Vols,100,514,848,162,37
252,508,1374,Shamela0023628,656,559,1491,301,33
252,503,1072,Shamela0000041,530,890,1475,184,33
252,1188,1359,Shamela0000041,531,66,307,117,60
252,491,1463,Shia002702Vols,1622,254,1367,421,40
253,856,1456,Shamela0035100,119,1007,1468,234,41
253,309,875,Shia003616Vols,1916,77,730,412,74
253,6,270,Shamela0021766,780,785,1049,202,95
253,856,1456,Shamela0010906,304,312,783,234,41
253,974,1412,JK006838,703,391,883,270,62
253,6,270,Shia003732Vols,1772,305,567,198,93
253,13,270,Shamela0012935,210,1312,1562,188,90
253,13,277,Sham19Y0145166,238,922,1201,189,81
253,6,309,Shia002185Vols,3111,1214,1544,240,90
253,309,1105,Shia002185Vols,3112,1,731,447,62
253,1,177,Shamela0023644,670,1155,1336,140,97
253,6,198,Shamela0009873,1273,566,732,123,80
253,974,1481,Shia003656Vols,628,1053,1423,196,45
253,6,148,Shia003656Vols,988,829,976,111,95
253,270,974,Shia003656Vols,989,548,1050,377,64
253,1069,1508,JK000916,9549,735,1173,340,98
254,187,546,Shamela0004445,1593,804,1087,222,77
254,551,1092,JK000481,74,422,991,118,20
254,193,1258,JK006838,703,888,1430,420,49
254,319,546,Shia003732Vols,2439,825,1101,179,81
254,1,348,Shamela0010283,3502,518,973,109,25
254,266,443,Sham19Y0145166,427,617,1080,98,27
254,69,468,Shia003714Vols,383,660,1364,149,23
254,551,801,ShamAY0034441,90,96,378,94,38
254,266,511,Shia003656Vols,629,539,768,161,79
254,1,254,JK000916,9549,1173,1426,198,98
254,254,1482,JK000916,9550,1,1233,958,97
255,870,1558,JK006838,704,7,442,345,61
255,171,1233,Shia003732Vols,2439,409,1529,687,65
255,1233,1521,Shia003732Vols,2440,1,283,220,91
255,1,244,JK000916,9550,1233,1474,188,98
255,244,1558,JK000916,9551,1,1326,1037,96
255,807,1462,Shamela0001686,445,70,380,229,42
256,246,912,Shamela0003118,456,189,841,470,85
256,6,954,Shamela0004445,1594,13,700,466,61
256,288,630,Shamela0036515,1684,569,895,192,61
256,1,954,JK006838,704,442,1111,501,66
256,173,796,ShamAY0033945,2107,698,1211,225,40
256,225,954,Shamela0009702,703,273,764,220,35
256,193,727,Shia003656Vols,649,395,836,228,49
256,675,912,Shia003656Vols,653,230,424,149,79
256,173,727,Shamela0001686,925,31,743,402,69
256,173,954,Shamela0001686,2743,416,953,248,37
257,180,475,Sham19Y0132971,391,464,793,153,59
257,670,1311,Shia003656Vols,629,1095,1492,283,53
258,165,1272,Shia003616Vols,153,321,1213,580,59
258,212,611,Shia003616Vols,3039,277,736,167,40
258,438,1156,Shamela0003118,3139,762,1472,557,95
258,1156,1505,Shamela0003118,3140,1,323,248,88
258,170,937,Shamela0004445,1609,230,707,222,35
258,180,1166,Sham19Y0013252,6503,883,1321,246,31
258,644,907,Shamela0005816,110,1,176,119,55
258,438,937,JK009408,1652,1027,1378,210,49
258,180,937,Shamela0026568,182,36,659,180,23
258,480,937,Shia002066,47,1,254,152,40
258,180,1009,Sham19Y0023625,2295,1190,1538,212,31
258,438,1272,Shia003732Vols,2462,63,1290,604,58
258,170,1009,Shamela0010283,3504,405,796,212,30
258,629,937,Shamela0012935,215,55,298,170,67
258,180,937,Sham19Y0145166,435,218,677,195,30
258,448,879,Shamela0009780,337,292,559,159,47
258,180,937,Shamela0023685,207,392,1023,193,25
258,165,783,Zaydiyya0000037Vols,159,1226,1510,153,29
258,448,953,Shamela0023644,672,580,934,205,48
258,448,907,Shamela0009898,117,757,1088,235,63
258,170,1166,Shamela0005756,10775,1020,1476,253,31
258,212,1505,JK000916,9940,56,1336,1013,97
258,170,1009,Shamela0001686,446,288,736,254,36
259,49,925,Shamela0012406,657,646,974,230,31
259,330,1255,Shia003616Vols,154,306,754,280,37
259,1,1300,Shamela0003118,3140,323,1531,900,82
259,1300,1510,Shamela0003118,3141,1,195,156,91
259,316,748,Sham19Y0013252,6503,1272,1480,132,35
259,316,748,Sham19Y0023625,2296,41,248,127,34
259,760,1228,Sham19Y0122397,284,875,1164,172,43
259,286,478,Shia003732Vols,2463,65,274,130,73
259,336,1054,Shia003732Vols,2463,570,1495,327,37
259,1054,1510,Shia003732Vols,2464,1,515,335,76
259,1,980,Shamela0010283,3504,807,1292,321,39
259,316,980,Shamela0012935,215,386,746,187,32
259,24,737,Shia003714Vols,390,329,731,195,33
259,1,132,JK000916,9940,1336,1470,102,95
259,132,1510,JK000916,9941,12,1402,1090,97
259,1,1182,Shamela0001686,446,747,1533,405,36
260,24,391,JK000778,168,128,301,102,34
260,474,876,Shia003616Vols,3070,1014,1444,310,90
260,876,1349,Shia003616Vols,3071,1,481,366,94
260,474,1009,Shamela0003118,508,879,1416,419,99
260,1009,1311,Shamela0003118,509,1,261,208,85
260,1,469,Shamela0003118,3141,195,659,358,93
260,1311,1464,Shamela0003118,3141,659,812,121,100
260,469,876,Shamela0010637,321,1008,1443,303,86
260,876,1311,Shamela0010637,322,1,427,325,90
260,362,1124,Shamela0001673,6117,330,1105,321,40
260,641,1311,JK006884,42,1,412,311,57
260,474,1110,JK006838,722,850,1451,449,86
260,1,530,Shia003732Vols,2464,515,1453,385,50
260,530,1330,Shia003732Vols,2465,1,960,548,68
260,840,1197,Sham19Y0145166,437,1074,1356,145,42
260,474,676,Shamela0006590,354,1302,1505,147,86
260,696,1311,Shamela0006590,355,1,393,303,62
260,775,1363,Shia003714Vols,394,801,1289,183,32
260,469,1311,JK001227,233,184,789,453,65
260,86,503,Shia003656Vols,1002,778,1170,187,50
260,469,1168,JK000916,1335,678,1400,545,95
260,1168,1311,JK000916,1336,1,144,115,100
260,109,469,JK000916,9942,1,361,283,98
260,1311,1464,JK000916,9942,361,514,121,100
260,352,1450,Shamela0001686,447,84,563,274,31
261,6,285,Shia003616Vols,154,1195,1449,198,87
261,285,1392,Shia003616Vols,155,1,862,516,50
261,1,705,Shamela0003118,3141,812,1516,558,98
261,705,1467,Shamela0003118,3142,1,755,588,97
261,737,1327,Shamela0010637,322,300,817,277,53
261,1007,1378,Shia003732Vols,4254,394,731,173,54
261,46,269,Shamela0010283,3506,9,206,131,63
261,1001,1359,Shamela0006590,556,1204,1493,168,59
261,906,1378,Shamela0023644,1004,92,566,370,98
261,11,471,Shia003656Vols,1003,69,710,285,48
261,1,972,JK000916,9942,514,1477,764,98
261,972,1467,JK000916,9943,1,498,389,99
261,11,906,Shamela0001686,447,565,954,271,36
261,46,902,Shamela0021715,6316,327,700,226,31
262,620,1320,Shia003616Vols,155,869,1223,173,27
262,1,635,Shamela0003118,3142,755,1392,497,98
262,726,1442,Shamela0010283,3505,554,1064,228,35
262,1,635,JK000916,9943,498,1135,496,98
262,556,1075,Shamela0001686,447,954,1304,201,44
263,1078,1336,Shamela0023833,593,197,396,133,64
263,16,192,JK000778,671,351,571,133,77
263,51,192,Sham19Y0013252,6508,1041,1180,97,80
263,570,1078,Shia003732Vols,2468,412,698,125,27
263,550,1078,Shia003714Vols,393,873,1168,135,33
263,51,192,JK003609,5065,610,755,93,79
263,1078,1336,Shamela0006864,1255,644,843,132,64
263,16,192,Shamela0005756,10777,313,522,133,80
263,1078,1358,JK000916,3194,761,1041,219,97
263,321,815,JK000916,9945,1001,1344,148,34
263,16,204,Shamela0001686,1545,710,935,147,83
264,683,1476,Shia003616Vols,156,11,531,292,38
264,327,702,Shia003616Vols,3039,277,664,174,42
264,237,1510,Shia003616Vols,3059,1,1273,1014,99
264,645,1180,Shamela0021766,301,1,413,258,54
264,106,259,Sham19Y0013252,5403,67,677,116,23
264,113,659,Sham19Y0013252,6405,1076,1451,122,23
264,928,1333,SHAM19Y23644,1143,389,712,132,35
264,928,1462,ShamAY0033945,1592,925,1359,199,37
264,575,1415,Shia003732Vols,2444,523,1124,431,60
264,571,1162,Sham19Y0145166,430,1181,1526,195,36
265,490,650,Shia002959,462,1250,1403,94,70
265,517,674,Shamela0012318,428,927,1083,116,89
265,194,678,Shamela0023833,582,533,902,203,48
265,265,678,Shamela0009770,389,135,723,182,32
265,73,778,Shia003616Vols,156,537,969,231,37
265,1,248,Shia003616Vols,3059,1273,1520,199,100
265,248,1510,Shia003616Vols,3060,1,1266,1003,98
265,490,650,JK000022,113,1070,1224,93,70
265,194,678,Shamela0004445,1597,266,625,200,48
265,490,674,JK006838,709,302,495,131,82
265,490,650,Shamela0012031,171,234,388,94,70
265,439,697,Sham19Y0029560,32,980,1251,139,62
265,194,678,Shamela0006864,1244,1083,1452,203,48
265,62,439,Shia003656Vols,1000,30,300,183,56
265,734,1053,Shamela0001686,1118,139,425,198,76
266,75,404,Shia003616Vols,156,1077,1497,94,24
266,437,1195,Shia003616Vols,157,8,639,335,49
266,1,213,Shia003616Vols,3060,1266,1491,167,94
266,213,1475,Shia003616Vols,3061,1,1276,1005,98
266,411,1038,Sham19Y0013252,6407,400,888,184,28
266,411,1007,Shamela0009784,933,142,620,242,41
266,68,554,Shia003732Vols,2446,336,847,168,30
266,736,1129,Shia003732Vols,2447,982,1259,99,27
266,1043,1211,Shia003656Vols,631,309,482,119,80
266,396,1211,Shia003656Vols,1000,339,921,308,41
266,411,929,Shamela0001686,450,362,651,162,37
266,496,672,Shamela0001686,1111,1219,1396,122,84
266,1217,1475,Shamela0001686,2924,731,983,184,87
267,1037,1438,Shamela0023833,584,835,1335,167,33
267,1279,1438,Shamela0009770,391,73,252,94,61
267,159,1336,Shia003616Vols,157,825,1352,332,35
267,1,233,Shia003616Vols,3061,1276,1507,187,99
267,233,1544,Shia003616Vols,3062,1,1312,1053,99
267,997,1438,Shamela0023100,189,386,961,188,34
267,1037,1438,Shamela0004445,1599,218,701,167,34
267,455,654,Shia001432Vols,35438,28,167,111,69
267,1191,1438,Shamela0010906,1022,913,1243,140,47
267,154,679,Shia003732Vols,2448,606,1120,302,58
267,721,1540,Shia003732Vols,2449,97,980,465,55
267,1145,1336,Sham19Y0029560,34,52,277,73,30
267,1145,1438,Shamela0006864,1247,38,394,135,37
267,721,1544,Shia003656Vols,631,525,1199,373,52
267,1,444,Shamela0001686,2924,983,1465,351,89
267,444,1094,Shamela0001686,2925,1,657,515,95
268,360,709,Shamela0023833,585,201,589,237,74
268,1175,1442,Shia003616Vols,158,1,252,184,84
268,1,224,Shia003616Vols,3062,1312,1540,175,93
268,224,1447,Shia003616Vols,3063,1,1194,928,94
268,398,709,Shamela0023100,301,1067,1391,198,71
268,982,1368,Shamela0021766,2450,278,659,275,84
268,360,709,Shamela0004445,1601,9,373,215,66
268,709,1368,Shamela0011428,1742,287,642,237,43
268,330,747,Sham19Y0127677,3250,701,1092,286,86
268,335,552,Sham19Y0127677,16979,1219,1421,157,91
268,552,709,Sham19Y0127677,16980,1,152,117,94
268,322,764,Shia002265Vols,4362,25,428,289,83
268,982,1368,Shia003732Vols,2449,1077,1470,302,96
268,335,747,Shamela0009099,51,54,434,287,89
268,330,709,Shamela0001438,4636,627,988,278,92
268,360,709,Shamela0006864,1247,731,1118,236,73
268,774,1046,Shia003656Vols,631,1339,1549,135,55
268,1046,1368,Shia003656Vols,632,1,333,248,94
268,330,733,JK009390,4095,773,1177,288,87
268,322,764,JK009390,6482,334,781,286,75
268,318,651,JK000916,7888,1123,1440,247,93
268,426,782,Shamela0001686,2606,11,314,159,51
269,23,1093,Shia003616Vols,158,230,764,343,39
269,6,222,Shia003616Vols,3063,1225,1442,170,99
269,222,1474,Shia003616Vols,3064,1,1256,998,99
269,166,1093,Shia001432Vols,35438,241,686,266,33
269,27,948,Shamela0011428,1742,631,1181,362,47
269,64,578,Shia003732Vols,2450,1,781,350,53
269,27,472,Shia003656Vols,632,322,777,308,79
269,1019,1474,Shia003656Vols,632,777,1025,163,43
270,455,638,Shia003616Vols,2983,358,537,140,97
270,1211,1473,Shia003616Vols,3039,177,513,202,76
270,1236,1451,Shia003616Vols,3059,91,334,144,73
270,1,225,Shia003616Vols,3064,1256,1481,177,98
270,225,1145,Shia003616Vols,3065,1,944,734,97
270,876,1089,ShamAY0037912,33,31,242,160,94
270,692,848,ShamAY0037912,55,133,287,126,98
270,633,848,Shamela0001733,1194,1272,1475,138,79
270,1,546,Shia003656Vols,632,1025,1481,320,68
270,1242,1445,JK000916,6342,297,570,102,48
270,1236,1451,JK000916,9940,56,288,105,49
270,1236,1470,Shia002218Vols,287,1171,1388,156,79
271,453,933,Shia003616Vols,158,1087,1476,233,55
271,1,956,Shia003616Vols,3039,513,1464,760,99
271,956,1486,Shia003616Vols,3040,1,533,420,99
271,794,1486,Shamela0010637,306,811,1503,464,75
271,1,765,Shia003732Vols,1781,873,1490,402,61
271,772,1486,Shia003732Vols,1782,34,765,521,83
271,666,936,Shamela0012935,216,1338,1533,140,61
271,567,1291,Tafsir06049,2049,1051,1554,368,61
271,1291,1486,Tafsir06049,2050,1,207,146,87
271,676,1164,Shia003656Vols,1006,880,1493,272,44
271,1255,1486,Shia003656Vols,1007,1,233,184,99
271,596,956,Shamela0001686,451,23,331,186,58
272,288,504,Shia003616Vols,159,199,366,113,62
272,1,952,Shia003616Vols,3040,533,1476,740,96
272,952,1531,Shia003616Vols,3041,10,590,468,99
272,617,1531,Shamela0021766,4397,421,1213,605,81
272,1,1531,Shamela0010637,307,9,1499,1105,86
272,1,788,Shia003732Vols,1782,820,1488,392,57
272,362,1531,Shia003732Vols,1783,81,1157,816,84
272,1,1361,Tafsir06049,2050,215,1509,872,74
272,1,1134,Shia003656Vols,1007,233,1499,711,60
272,1134,1531,Shia003656Vols,1008,1,399,319,96
273,402,834,Shia003616Vols,159,214,520,143,35
273,1,733,Shia003616Vols,3041,590,1347,585,96
273,1,447,Shamela0021766,4397,1213,1458,180,51
273,790,1526,Shamela0021766,4398,1,755,509,81
273,30,1526,Shamela0010637,308,1,1442,1018,79
273,1,535,Shia003732Vols,1783,1157,1526,285,66
273,535,1526,Shia003732Vols,1784,5,1296,701,63
273,1,1394,Tafsir06049,2051,180,1531,942,78
273,447,834,Shia003656Vols,1007,776,1128,270,84
273,1,1526,Shia003656Vols,1008,399,1339,710,57
274,601,797,ShamAY0034059,7072,74,244,126,75
274,67,979,Shia003616Vols,159,476,1059,205,25
274,1,949,Shamela0021766,4398,755,1527,555,71
274,949,1472,Shamela0021766,4399,1,300,211,51
274,969,1472,Shamela0010637,309,257,546,208,52
274,62,337,Shamela0010637,309,1,262,195,88
274,80,618,Shamela0026568,185,1226,1499,138,30
274,287,979,ShamAY0033531,2126,557,879,205,36
274,1,232,Shia003732Vols,1784,1296,1520,166,89
274,232,1472,Shia003732Vols,1785,1,1129,795,74
274,280,797,Shamela0009769,35,656,890,154,34
274,70,797,Shamela0010283,3509,484,911,246,39
274,70,1109,Shamela0012935,217,332,759,278,33
274,80,979,Shamela0023685,211,41,697,262,29
274,70,1109,Shia003714Vols,397,674,1140,274,31
274,1,337,Tafsir06049,2052,101,446,242,84
274,280,674,JK000791,2275,1440,1607,101,29
274,150,337,Shamela0009873,1286,192,363,115,73
274,589,1057,Shamela0009873,1286,776,1074,175,41
274,10,228,Shia003656Vols,1008,1343,1547,154,87
274,228,1472,Shia003656Vols,1009,1,1031,708,65
274,70,1109,Shamela0001686,451,700,1126,280,33
274,280,815,Shamela0006617,557,112,450,198,40
275,1,268,Shamela0010637,309,546,815,200,94
275,5,352,Shia003732Vols,1785,1134,1479,271,97
275,352,1446,Shia003732Vols,1786,1,1135,804,85
275,1,243,Tafsir06049,2052,641,868,170,89
275,715,1369,Shamela0009873,1287,7,625,361,56
275,1,504,Shia003656Vols,1009,1031,1509,358,84
275,504,1446,Shia003656Vols,1010,1,871,614,77
276,920,1429,Shia003616Vols,159,955,1333,230,54
276,120,1203,Shamela0021766,4399,523,1402,513,52
276,1,269,Shia003732Vols,1786,1135,1457,214,83
276,265,1512,Shia003732Vols,1787,10,1438,872,71
276,1141,1429,Shamela0012935,217,933,1242,154,53
276,1136,1429,Sham19Y0017437,1870,1080,1408,180,61
276,1,581,Shia003656Vols,1010,871,1444,379,71
276,590,1410,Shia003656Vols,1011,20,426,240,33
276,1141,1312,Shamela0001686,451,1284,1505,130,68
277,138,1132,Shia003616Vols,160,1,612,349,39
277,900,1495,Shia001294Vols,57,380,1120,298,47
277,992,1495,Shia003636Vols,715,676,1186,248,52
277,992,1353,Shia003636Vols,1156,1129,1487,173,51
277,1,546,Shamela0021766,4400,116,448,204,45
277,900,1495,Shia001432Vols,8384,94,817,293,47
277,1,359,Shia001432Vols,35440,636,1025,226,66
277,206,546,Shia003732Vols,1787,924,1208,159,54
277,60,1495,Shia003732Vols,1788,1,1071,679,57
277,1,216,Shamela0009873,1287,1339,1525,134,71
277,951,1444,Shamela0009873,1288,251,613,135,29
277,776,1083,Shamela0009873,1290,1150,1362,129,53
277,900,1495,Shia003656Vols,637,61,769,299,47
277,1,701,Shia003656Vols,1011,452,915,276,44
277,885,1495,Shia003656Vols,1011,915,1458,388,73
278,6,747,Shia003616Vols,2068,642,1484,393,46
278,1111,1504,Shamela0021766,4400,248,545,184,59
278,277,814,Shamela0021766,4405,1,327,182,38
278,1178,1346,Shamela0021766,4405,209,361,116,87
278,1268,1504,Shamela0010637,309,838,1053,143,75
278,6,432,Shia003732Vols,1788,940,1472,278,61
278,1178,1504,Shia003732Vols,1789,51,543,258,66
278,1268,1492,Tafsir06049,2052,892,1100,128,73
278,1258,1504,Shia003656Vols,1012,235,456,163,79
278,129,488,Shia002218Vols,960,480,844,265,89
279,1113,1513,Shia003616Vols,161,146,350,151,44
279,1,1093,Shamela0021766,4400,545,1499,417,36
279,6,365,Shamela0010637,309,1058,1339,212,72
279,1,1048,Shia003732Vols,1789,543,1497,525,53
279,1048,1531,Shia003732Vols,1790,1,469,264,55
279,141,667,Tafsir06049,2052,1066,1459,216,50
279,199,523,Shamela0009873,1292,705,1139,149,34
279,155,461,Shia003656Vols,1012,472,808,211,73
279,772,1538,Shia003656Vols,1012,681,1173,339,54
280,939,1073,Shia003732Vols,1790,496,628,104,97
280,788,1073,Shia003656Vols,1012,1225,1452,163,66
281,1097,1514,Shia003616Vols,161,678,914,186,55
281,1249,1514,Shamela0021766,4426,784,1006,126,59
281,1097,1514,Shia003732Vols,1790,898,1156,191,57
281,828,955,JK000927,475,1346,1472,92,92
281,116,879,JK000927,476,343,1128,522,81
281,1314,1514,Shamela0009873,1294,44,231,127,80
281,1314,1479,Shia003656Vols,1014,219,359,97,76
281,1314,1514,Shia004020,394,282,428,110,70
281,834,1004,Shamela0005416,45,902,1069,123,92
281,1054,1514,Shia002218Vols,754,546,904,239,60
282,20,1193,Shia003616Vols,161,1017,1613,400,40
282,14,421,Shia001663Vols,290,197,338,101,30
282,59,297,Sham19Y0127700,177,474,713,173,83
282,998,1530,Shamela0021766,4416,897,1311,295,65
282,20,584,Shia001432Vols,35440,1197,1502,193,38
282,1,1126,Shia003732Vols,1790,1156,1593,263,26
282,1126,1530,Shia003732Vols,1791,1,318,229,66
282,54,522,JK009242,449,623,1043,202,47
282,1204,1530,Shia003714Vols,398,834,1183,254,91
282,1011,1530,Sham19Y0017437,1872,91,526,292,64
282,1001,1381,Shamela0009873,911,655,960,176,50
282,499,1030,Shamela0023735,3102,725,1244,183,31
282,344,918,Shia003656Vols,1013,1086,1404,213,42
282,59,499,Shamela0001686,401,888,1327,221,50
282,59,376,ShamAY0034447,1794,384,772,222,70
283,17,656,ShamAY0034068,3654,1058,1636,341,57
283,76,444,Shia002616Vols,6123,1266,1622,250,77
283,17,320,Shamela0037458,4370,296,608,185,63
283,7,733,Shia003616Vols,162,79,947,508,66
283,7,444,ShamAY0034073,5272,1057,1468,260,63
283,1,211,Shamela0021766,4416,1311,1571,167,78
283,211,739,Shamela0021766,4417,1,557,394,82
283,7,330,Shia001432Vols,35441,1061,1435,243,75
283,330,733,Shia001432Vols,35442,1,375,261,74
283,17,616,Tafsir02096,2041,265,776,283,50
283,7,616,JK009266,8718,1018,1592,340,61
283,1,739,Shia003732Vols,1791,318,1145,589,88
283,17,320,Shamela0023623,4133,986,1297,185,63
283,1,401,Shia003714Vols,398,1183,1582,309,93
283,401,739,Shia003714Vols,399,1,328,263,96
283,17,320,ShamAY0034054,3985,610,920,184,63
283,1,739,Sham19Y0017437,1872,526,1365,574,82
283,17,285,Shamela0009873,1294,773,1336,206,44
283,285,754,Shamela0009873,1295,109,1118,340,41
283,7,1059,Shia003656Vols,1013,75,851,587,67
283,745,1093,Shamela0001686,452,667,1033,196,55
283,7,197,Shia002218Vols,961,1273,1522,134,60
283,197,739,Shia002218Vols,962,1,492,378,86
284,628,1179,Shia003616Vols,2068,846,1484,204,31
285,834,1568,Shamela0008473,4724,898,1294,272,45
285,834,1568,Shia002341Vols,3749,113,509,272,45
285,834,1568,Shamela0037458,4374,664,1060,272,45
285,805,1568,ShamAY0034073,5274,690,1146,282,44
285,815,1568,Shamela0095590,4500,1089,1501,275,45
285,834,1568,Tanzil001,238,15,411,272,45
285,810,1568,Shia001432Vols,8372,715,1147,278,44
285,738,1568,Shamela0023578,3117,514,1025,297,43
285,834,1568,Shamela0029743,1104,185,581,272,45
285,834,1568,JK009266,8723,848,1244,272,45
285,834,1550,Shamela0023594,1986,1188,1566,257,44
285,819,1568,Shia002406Vols,7279,801,1209,277,45
285,834,1568,JK009396,1588,105,501,272,45
285,805,1568,JK000791,2284,211,705,295,43
285,708,1568,Shamela0023614,1229,184,741,306,40
285,911,1568,Shamela0023628,3409,119,810,241,33
285,708,1568,Shamela0023591,6504,413,970,306,40
285,708,1568,Shamela0023591,6513,675,1232,306,40
286,1158,1485,Shamela0012406,662,418,652,140,47
286,654,1373,Shia003616Vols,162,1235,1510,163,26
286,654,1230,Shia003636Vols,716,1135,1365,103,19
286,1149,1470,Shia003732Vols,1800,896,1112,170,65
286,1153,1551,Shia003656Vols,662,1276,1502,164,50
286,659,1257,Shamela0001686,452,1362,1554,132,27
286,846,1190,Shia002218Vols,177,934,1213,216,80
286,1143,1348,Shia002218Vols,178,162,368,132,74
287,38,621,Shia003616Vols,163,19,379,163,32
287,8,210,Shia003636Vols,716,1323,1539,82,43
287,38,621,Shia003732Vols,1800,1112,1564,248,48
287,43,265,Shia003656Vols,662,1140,1571,156,42
287,289,1524,Shia003656Vols,663,6,946,713,70
287,173,1437,Shamela0001686,453,125,440,225,22
288,606,1294,Shia003616Vols,163,717,1190,355,65
288,350,1130,Shamela0021766,783,975,1464,319,50
288,606,1193,Shia003732Vols,1801,282,785,323,63
288,606,1294,Shamela0009873,1308,595,1122,288,44
288,38,670,Shia003656Vols,663,935,1514,427,81
289,875,1109,Shamela0012406,663,14,236,157,76
289,1189,1492,Shamela0035100,132,178,302,65,27
289,937,1492,Shia003616Vols,164,39,416,229,49
289,682,1104,Shia003636Vols,717,685,897,141,40
289,875,1003,Shamela0021766,783,231,526,76,31
289,875,1109,Shia001432Vols,8390,921,1132,151,77
289,1189,1492,Shamela0010906,316,978,1102,65,27
289,1189,1492,JK006838,740,241,365,67,28
289,77,473,Shia003732Vols,1801,756,1164,181,41
289,588,1275,Shia003732Vols,1802,309,993,435,71
289,875,1148,Shamela0010283,3522,226,572,200,70
289,875,1104,Shamela0012935,222,1140,1418,132,58
289,875,1275,Sham19Y0145166,245,7,555,176,37
289,336,473,Shia003714Vols,403,1,154,106,86
289,582,899,Shamela0009873,1308,1128,1430,217,82
289,899,1148,Shamela0009873,1309,1,336,151,54
289,77,1492,Shia003656Vols,664,298,1286,663,55
289,875,1148,Shamela0001686,453,1023,1340,207,82
289,875,1077,Shia002218Vols,178,1051,1226,118,66
290,993,1532,Shamela0023833,606,671,1104,272,61
290,993,1532,Shamela0009770,401,798,1174,265,56
290,1,1191,Shia003616Vols,164,416,1070,443,45
290,1,227,ShamAY0034073,877,1115,1334,174,96
290,1221,1516,Shamela0003118,5733,1230,1504,200,83
290,1207,1532,Sham19Y0150966,794,338,618,212,80
290,1233,1532,Shamela0004445,1630,464,761,213,86
290,1,276,Shia001432Vols,35447,1130,1441,176,63
290,1260,1532,ShamAY0034055,1643,1213,1477,200,90
290,429,953,Shia003732Vols,1802,896,1337,326,75
290,1303,1532,Shia003732Vols,1803,1,229,181,96
290,237,703,Shamela0010283,3522,503,677,131,35
290,1282,1532,Shamela0010283,3522,700,949,195,95
290,993,1532,Sham19Y0145166,245,942,1400,277,60
290,1191,1532,Shamela0009780,331,230,558,215,75
290,1191,1532,Sham19Y0029560,121,1,315,211,74
290,1367,1532,Shamela0023631,1252,6,170,134,98
290,993,1492,Shamela0006864,1279,1094,1487,240,58
290,1,384,Shia003656Vols,664,1286,1512,149,46
290,384,768,Shia003656Vols,665,1,268,199,63
290,1282,1532,JK000916,19781,8,258,203,99
290,1282,1532,EShia0086596,105,85,335,198,96
290,1260,1532,Shia002702Vols,1624,937,1201,200,90
291,139,568,Shamela0009862,219,499,768,207,60
291,1,281,Shamela0023833,606,1104,1521,187,55
291,456,609,Shamela0023833,607,15,251,116,62
291,1,215,Shamela0009770,401,1174,1513,137,50
291,220,585,Shamela0009770,402,1,204,151,51
291,738,1536,Shia003616Vols,3089,274,1083,636,98
291,240,511,Shamela0010529,68,1,383,164,52
291,1,609,Shamela0004445,1630,761,1402,308,47
291,764,1516,Sham19Y0013252,5369,394,1030,284,39
291,139,585,ShamAY0037912,42,259,811,303,68
291,80,456,Shamela0006909,293,1018,1357,175,49
291,1,585,Shia003732Vols,1803,229,781,282,49
291,139,511,Sham19Y0145166,246,154,365,163,53
291,139,585,Sham19Y0145166,426,1255,1559,206,55
291,1,632,Shamela0006864,1280,41,736,314,45
291,1088,1516,Shamela0005756,9127,1,302,199,58
291,772,1457,Shia003656Vols,706,926,1455,266,42
292,268,1433,Shamela0012406,709,569,1055,337,35
292,5,462,Shia003616Vols,3089,1086,1543,368,99
292,462,1556,Shia003616Vols,3090,4,1101,877,99
292,268,1433,Sham19Y0013252,5368,433,911,333,35
292,192,437,Shia003732Vols,2504,553,862,125,52
292,268,1221,Shamela0010283,3553,1056,1411,249,32
292,268,1433,Shamela0005756,9126,280,757,332,35
292,192,1556,Shia003656Vols,707,97,1027,525,45
292,268,1433,Shamela0001686,481,230,712,338,35
293,1005,1152,Shamela0012406,709,269,433,116,89
293,1,417,Shia003616Vols,3090,1101,1518,330,99
293,417,1490,Shia003616Vols,3091,1,1096,846,95
293,106,717,Shia003656Vols,707,1016,1549,311,57
293,717,979,Shia003656Vols,708,1,271,193,81
294,140,1420,Shamela0035100,130,6,963,631,57
294,136,347,Shia003616Vols,4738,541,843,134,56
294,140,1013,Shamela0010906,314,782,1477,453,59
294,1020,1420,Shamela0010906,315,9,261,180,55
294,147,705,JK006838,731,913,1490,330,59
294,705,1420,JK006838,732,1,575,428,72
294,743,1479,Shia003732Vols,2070,99,1036,403,47
295,871,1111,Shia001365,93,418,590,71,37
295,1,383,Shia003616Vols,166,1334,1541,160,50
295,383,649,Shia003616Vols,167,1,309,130,38
295,510,1370,Shia003616Vols,168,640,1468,643,93
295,1370,1490,Shia003616Vols,169,1,118,89,97
295,871,1111,Shia001237Vols,904,800,971,68,36
295,871,1111,Shia001432Vols,9013,792,969,70,36
295,84,1407,JK006838,736,301,1509,927,85
295,926,1490,Shia003732Vols,2076,1,538,395,87
295,136,506,Shia003732Vols,3455,27,366,255,80
295,773,1091,Shamela0009873,1300,42,351,138,43
295,609,1486,Shamela0006227,58,293,1234,318,35
296,840,1379,Shia003616Vols,169,405,889,271,54
296,1,734,Shia003616Vols,169,118,829,339,46
296,204,677,Shia003616Vols,1341,260,761,261,50
296,835,1379,Shia003616Vols,2677,278,883,337,59
296,79,734,Shamela0004445,1627,1,825,335,42
296,840,1379,Shia001432Vols,35446,889,1356,279,58
296,324,734,Shia001432Vols,35446,815,1301,165,31
296,6,534,JK006838,737,90,545,338,79
296,927,1379,Sham19Y0122257,3361,668,1016,203,55
296,209,677,Shia003732Vols,2075,606,1198,312,65
296,1,314,Shia003732Vols,2076,538,891,173,58
296,976,1383,Shamela0021751,7111,351,668,165,52
296,209,538,Shamela0023644,1279,768,1194,255,75
296,1,135,Shamela0009873,1300,801,1235,96,28
296,290,630,Shamela0009873,1304,982,1372,195,59
296,209,1052,Shia003656Vols,1016,1060,1427,287,42
296,648,1018,Shia003656Vols,1017,224,622,216,66
297,920,1356,Sham19Y0145435,5219,680,1173,276,67
297,295,1082,Shamela0023833,603,296,865,229,30
297,1196,1356,Shamela0023833,604,6,169,124,92
297,295,905,Shamela0009770,399,933,1442,157,23
297,968,1356,Shamela0009770,400,214,618,254,72
297,1,655,Shia003616Vols,1702,744,1308,405,74
297,454,1434,Shia003616Vols,2557,43,1018,753,96
297,399,975,ShamAY0034282,2425,1,396,189,36
297,939,1356,Shamela0025794,2668,335,881,276,61
297,295,978,Shamela0004445,1627,661,1166,237,41
297,968,1356,Shamela0004445,1628,29,452,258,72
297,295,1082,Shia001432Vols,35445,140,709,245,36
297,920,1356,Shia001432Vols,35445,898,1383,275,67
297,750,1326,JK006838,739,6,757,294,44
297,392,968,Shia003732Vols,2073,33,628,323,62
297,939,1356,Shia003732Vols,2941,199,642,260,65
297,13,532,Shia003732Vols,4196,458,855,270,63
297,772,1352,Shamela0010283,3526,7,856,341,46
297,1,645,Shamela0006590,360,278,770,298,54
297,671,975,Sham19Y0017437,1103,1,467,215,57
297,939,1356,Shamela0006864,1277,21,566,282,62
297,25,532,Shamela0023644,983,665,1160,303,71
297,968,1356,Shia003656Vols,1016,10,412,252,73
297,1,577,Shia003656Vols,1017,574,1011,261,53
298,926,1161,Shia003616Vols,1292,1208,1471,185,89
298,1161,1470,Shia003616Vols,1293,1,316,246,97
298,5,423,Shia003616Vols,2557,1023,1432,319,96
298,423,938,Shia003616Vols,2558,1,466,357,85
298,992,1470,Shamela0003118,1462,708,1209,374,92
298,989,1470,Shia003636Vols,5897,210,599,215,47
298,989,1470,Shia003656Vols,1017,893,1383,219,46
298,926,1180,JK000916,3994,1150,1412,186,85
298,1180,1470,JK000916,3995,1,294,229,96
299,864,1437,Shamela0035100,136,904,1313,218,42
299,854,1443,Shia003616Vols,170,502,858,181,33
299,1,809,Shia003616Vols,1293,316,1082,600,93
299,922,1332,Shia003616Vols,1921,1296,1516,160,47
299,1332,1443,Shia003616Vols,1922,1,112,87,100
299,1,268,Shamela0003118,1462,1209,1477,213,99
299,268,1012,Shamela0003118,1463,1,658,410,60
299,1269,1443,Shamela0003118,6478,340,511,130,95
299,1,809,Shia003636Vols,5897,599,1173,421,64
299,1269,1443,Shamela0004445,1635,947,1081,105,76
299,864,1437,Shamela0010906,321,234,643,218,42
299,1077,1443,JK006838,742,661,1017,259,86
299,137,633,Shia003656Vols,1018,6,394,280,69
299,1,809,JK000916,3995,294,1069,606,94
299,1070,1443,JK000916,22563,672,1058,290,95
299,854,1443,JK000916,22564,813,1153,174,36
299,854,1443,Shamela0001686,455,507,723,120,24
300,86,352,Shamela0001515,308,1060,1401,111,31
300,18,245,Shia003616Vols,170,841,1010,95,51
300,1,1228,Shia003616Vols,1922,112,1510,960,85
300,1167,1400,Shamela0003118,457,1197,1432,140,69
300,1,1000,Shamela0003118,6478,511,1494,771,96
300,1000,1324,Shamela0003118,6479,1,380,228,74
300,1,801,Shamela0004445,1635,1081,1459,279,43
300,801,1320,Shamela0004445,1636,1,421,241,52
300,666,930,Shamela0026568,191,711,900,146,69
300,1,908,JK006838,742,1017,1488,354,49
300,580,1033,Shamela0009784,960,977,1343,185,50
300,82,616,Shia003732Vols,1804,939,1558,336,61
300,616,1228,Shia003732Vols,1805,1,546,367,72
300,86,514,Shamela0010283,3527,750,1386,160,25
300,666,1132,Shamela0010283,3527,1129,1480,220,53
300,29,935,Sham19Y0145166,247,1,710,317,36
300,666,930,Shamela0023685,216,1054,1242,146,69
300,1,231,Shamela0037063,61,604,877,123,45
300,86,514,Shia003714Vols,403,614,1210,160,26
300,481,1194,Shia003714Vols,403,739,1316,282,40
300,741,935,ShamAY0034441,277,1,141,104,66
300,86,352,Shamela0009873,1310,604,1136,151,33
300,1261,1464,JK000916,813,1132,1305,126,75
300,1,391,JK000916,22563,1058,1446,303,97
300,391,1324,JK000916,22564,1,992,708,88
300,666,1033,Shamela0021713,717,131,364,163,55
300,1,245,Shamela0001686,455,723,1084,146,44
300,666,1194,Shamela0001686,455,1140,1485,225,50
300,666,930,Shamela0006617,562,319,508,135,64
300,29,551,JK000533,2378,1231,1504,201,48
301,210,1181,Shamela0012406,673,490,975,296,38
301,210,553,Shamela0035100,137,1091,1427,181,56
301,322,1187,Shia001626Vols,335,17,765,601,85
301,277,1144,Shia003636Vols,718,848,1337,319,44
301,210,553,Shamela0010906,322,424,759,181,57
301,295,1036,Shamela0026568,192,1059,1359,182,30
301,123,1079,JK006838,814,740,1168,303,39
301,295,657,Shia003732Vols,1805,1199,1577,154,39
301,657,1181,Shia003732Vols,1806,1,495,355,83
301,947,1192,Shamela0010283,3528,638,1035,127,34
301,574,1042,Sham19Y0145166,281,11,383,258,64
301,295,1036,Shamela0023685,217,321,610,174,29
301,440,1166,Shia003714Vols,446,214,596,234,40
301,609,1079,Shamela0009873,1313,11,402,283,73
301,210,1405,Shia003656Vols,726,167,1076,565,54
301,295,1079,Shamela0021713,717,530,826,187,29
301,204,1150,Shamela0001686,456,348,930,339,40
302,12,229,Shia001626Vols,335,765,948,144,84
302,12,559,Shia003732Vols,1806,798,1333,377,81
302,12,461,Shamela0009873,1313,1033,1465,273,70
302,12,539,Shia003656Vols,726,1094,1513,277,62
302,699,1338,Shia003656Vols,727,492,1009,351,65
303,103,499,Shamela0012406,673,1214,1472,173,55
303,470,920,Shamela0035100,138,313,636,233,64
303,499,916,Shia001626Vols,335,1227,1506,193,56
303,103,1485,Shia003616Vols,172,196,1343,529,39
303,284,709,Shia003616Vols,1627,59,415,186,50
303,709,911,Shia003636Vols,719,313,435,86,52
303,535,1171,Shamela0004445,1731,1,433,195,34
303,470,920,Shamela0010906,322,1177,1500,233,64
303,1,396,Shamela0026568,193,8,170,103,32
303,94,1171,JK006838,815,127,1217,663,64
303,117,499,SHAM19Y23644,1156,1,250,132,43
303,667,1325,Shamela0009784,963,297,881,206,33
303,1,709,Shamela0009784,963,17,583,186,24
303,103,1100,Shia003732Vols,1807,12,1380,601,50
303,751,920,Sham19Y0122236,234,1067,1228,126,91
303,23,379,Shamela0010283,3528,1147,1540,187,48
303,1,798,Sham19Y0145166,281,1217,1526,177,27
303,1,396,Shamela0023685,217,807,961,103,32
303,667,1171,Shamela0023685,217,969,1328,184,40
303,1,855,Shia003714Vols,446,900,1348,331,47
303,1,855,Shamela0009873,1314,514,1133,377,51
303,1,409,Shia003656Vols,727,1025,1388,223,60
303,517,827,Shia003656Vols,728,14,268,148,55
303,1,396,Shamela0001686,456,1245,1520,195,61
303,685,1190,Shamela0001686,457,1,333,266,64
303,1,396,Shamela0006617,563,1001,1163,103,32
303,1196,1359,JK000533,132,1250,1417,123,93
304,15,306,Shamela0001515,315,1039,1190,101,45
304,15,233,Shamela0006624,142,615,734,79,46
304,15,238,Sham19Y0145435,1539,88,315,126,72
304,15,181,Shamela0023833,660,869,1149,122,55
304,273,569,Shamela0035100,137,1263,1533,197,83
304,569,940,Shamela0035100,138,1,263,191,64
304,31,470,Shamela0022881,145,231,707,190,45
304,1,355,Shia003616Vols,172,1343,1470,84,29
304,321,858,Shia003616Vols,794,127,671,382,85
304,15,331,Shamela0004445,1731,784,1140,155,52
304,18,470,Shamela0004445,1947,290,963,198,35
304,402,727,Shia001432Vols,8469,15,353,237,86
304,135,331,Sham19Y0013252,6319,384,536,104,62
304,273,940,Shamela0010906,322,595,1127,387,72
304,36,302,Sham19Y0127677,4299,163,469,152,61
304,338,713,JK006838,814,1186,1532,258,85
304,713,826,JK006838,815,1,115,88,98
304,68,233,JK006838,1059,766,986,120,69
304,15,331,SHAM19Y23644,1160,793,1083,162,62
304,68,302,JK006801,1105,262,550,146,64
304,15,238,ShamAY0038405,396,743,953,110,62
304,15,380,Shamela0012221,35,1060,1431,188,63
304,1,331,Sham19Y0016934,6924,831,1105,186,71
304,412,612,Shia003732Vols,1807,1310,1521,147,88
304,612,940,Shia003732Vols,1808,1,301,186,72
304,22,302,Shamela0023789,1709,976,1237,157,72
304,15,331,Shamela0009773,299,315,584,188,73
304,15,302,Shamela0009773,2983,81,317,171,75
304,15,242,Shamela0009780,369,1081,1314,128,70
304,338,956,Shamela0006590,375,572,1177,394,78
304,15,233,Sham19Y0029560,125,1302,1476,88,47
304,15,181,Shia003714Vols,450,1,281,123,55
304,31,238,Shamela0006864,1372,1,219,118,70
304,435,826,Shamela0009873,1325,729,1214,296,76
304,15,238,Shamela0023735,2338,910,1120,115,65
304,15,238,Shamela0009783BK1,969,976,1204,127,72
304,1057,1436,Shia003656Vols,727,99,458,224,67
304,435,727,Shia003656Vols,728,908,1186,198,82
304,273,727,Shia003695Vols,108,734,1225,257,57
305,750,1147,Shia001626Vols,336,66,270,159,48
305,485,1527,Shia003616Vols,173,6,865,620,69
305,178,627,Shia003616Vols,2118,1086,1478,195,41
305,627,967,Shia003616Vols,2119,1,257,186,66
305,471,1527,Shia003732Vols,1808,268,1229,630,64
305,393,785,Shia003714Vols,447,163,573,194,50
305,28,282,Shia003656Vols,1048,747,960,165,80
305,499,742,Shamela0001686,457,333,500,121,60
305,400,1028,Shamela0001686,1405,483,951,325,61
306,622,1169,Shamela0001515,317,589,1027,304,67
306,252,1036,Shamela0001515,318,107,698,273,37
306,582,1085,Shamela0004473,10448,1171,1493,189,46
306,127,1434,Shamela0009862,181,172,889,389,36
306,413,1145,ShamAY0034435,13,1,549,247,39
306,232,1031,Sham19Y0131521,5364,780,1456,261,36
306,345,1388,Shamela0036446,472,458,1119,270,28
306,127,956,Shamela0012406,674,348,1493,389,34
306,956,1434,Shamela0012406,675,1,240,147,36
306,127,1208,Shamela0023833,661,385,1214,325,30
306,536,1409,JK000170,6562,949,1468,368,53
306,121,1308,Shia001626Vols,336,327,817,303,29
306,7,1333,Shia003616Vols,173,876,1586,424,35
306,121,1429,Shia003616Vols,1445,378,1357,717,67
306,322,1434,Shamela0003118,458,1,1113,847,93
306,127,559,Shamela0022547,1897,1184,1484,168,47
306,127,734,Shamela0022547,2122,750,1172,250,49
306,688,1169,Shamela0021766,882,395,541,107,27
306,249,545,Shamela0021766,4505,1202,1464,190,79
306,545,1466,Shamela0021766,4506,1,901,646,84
306,410,1132,Sham19Y0020591,1426,1,548,206,28
306,1007,1434,Shamela0004445,3735,22,411,100,20
306,295,1434,Shia001432Vols,8472,51,698,438,47
306,345,1132,Shamela0001875,1136,868,1436,218,28
306,249,849,Shamela0011446,2119,960,1494,236,37
306,849,1434,Shamela0011446,2120,1,352,235,49
306,345,1208,Shamela0117359,920,6,673,223,26
306,582,1085,Tafsir09085,585,1119,1418,171,42
306,345,1208,Shamela0000927,1920,369,1016,231,26
306,345,1208,Shamela0025800,3303,1,653,231,26
306,121,665,Shamela0011428,2027,971,1469,274,52
306,665,1434,Shamela0011428,2028,1,479,315,49
306,483,1129,Shamela0026568,364,1073,1486,180,31
306,924,1333,Shamela0005455,100,1,296,177,53
306,96,1429,SHAM19Y23644,1156,487,1240,456,41
306,339,1276,Shamela0009784,971,40,877,265,29
306,295,840,ShamAY0033531,2803,928,1516,252,46
306,971,1169,ShamAY0033531,2804,172,344,121,70
306,295,1129,ShamAY0033531,3986,597,1509,361,40
306,249,1352,Shia000996Vols,359,686,1452,440,47
306,127,1276,Shamela0011816,456,14,773,325,30
306,200,1036,ShamAY0033945,2117,481,1405,383,40
306,7,272,Shia003732Vols,1808,1240,1511,167,72
306,249,1466,Shia003732Vols,1809,73,1351,924,90
306,127,1129,Shia002003Vols,1134,294,959,346,41
306,207,707,Shamela0009783BK4,109,751,1406,244,39
306,345,1208,Sham19Y0017903,777,789,1433,247,30
306,121,1036,Shamela0012031,332,818,1398,386,51
306,345,707,Sham19Y0145166,542,1165,1539,186,52
306,904,1388,Sham19Y0145166,543,4,338,203,50
306,483,1129,Shamela0023685,386,1009,1430,182,31
306,615,1145,Sham19Y0029560,240,508,978,145,26
306,435,1434,ShamAY0033181,1714,115,776,418,48
306,258,1208,Shamela0003485,335,568,1339,236,25
306,127,1276,Shamela0010765,824,516,1374,372,33
306,134,1045,Shamela0009873,1315,870,1470,392,50
306,252,579,Shamela0009873,1316,654,988,236,84
306,127,1145,Shamela0023700,2833,779,1409,298,32
306,127,1017,Shamela0009783BK1,970,290,902,307,40
306,127,1017,Shamela0005756,2282,310,866,266,34
306,339,1434,Shia003656Vols,1049,87,1012,614,62
306,200,426,JK000916,813,1270,1485,165,90
306,426,1457,JK000916,814,1,1021,783,94
306,295,1434,Shamela0001686,2771,81,732,453,48
306,345,1036,Sham19Y0017442,38,980,1452,234,40
306,345,1208,Sham19Y0017442,88,706,1355,222,26
306,207,1145,ShamAY0034447,1687,424,1428,434,42
306,483,1145,Shia002702Vols,8751,23,463,151,25
307,140,541,Shamela0001515,318,953,1325,197,57
307,332,1423,Shia003616Vols,174,46,765,505,57
307,6,108,Shia003616Vols,1445,1363,1465,81,100
307,108,541,Shia003616Vols,1446,1,253,159,44
307,975,1382,Shia003616Vols,1446,187,521,177,51
307,486,743,Shia003636Vols,719,1306,1470,132,63
307,1,338,Shamela0021766,4506,901,1233,257,95
307,42,541,Shamela0004445,1736,1,551,334,77
307,332,541,Shamela0011446,2119,773,1022,117,58
307,332,445,Shamela0000427BK2,7655,584,726,85,75
307,332,445,Shamela0011428,2028,747,860,90,100
307,1,456,JK006838,817,1,435,305,78
307,1,332,ShamAY0033945,2118,859,1208,265,94
307,1,118,Shia003732Vols,1809,1351,1468,93,100
307,118,541,Shia003732Vols,1810,1,490,230,52
307,1,541,Shia003732Vols,5003,784,1254,250,55
307,1,252,Shamela0009783BK4,110,1237,1462,172,83
307,341,743,Shamela0010283,3529,611,956,191,47
307,1,192,Sham19Y0145166,285,1226,1417,142,88
307,1,370,Shamela0006590,375,1111,1473,200,57
307,27,531,Shamela0009873,1321,873,1544,201,30
307,332,541,Shamela0005756,8177,890,1116,109,54
307,501,748,Shia003656Vols,729,490,678,145,72
307,1,308,Shia003656Vols,1049,1228,1474,191,76
307,892,1371,JK000916,814,1002,1409,264,62
307,341,818,Shamela0001686,457,823,1278,269,62
307,1,360,ShamAY0034447,1686,732,1116,265,84
308,1,359,Shamela0000551,2027,115,546,243,66
308,1,319,Sham19Y0018176,1525,1152,1533,216,70
308,1,359,Sham19Y0131521,3047,483,912,258,75
308,49,359,Sham19Y0127656,510,285,604,225,84
308,1,359,Shamela0037837,533,197,850,247,47
308,153,359,Shamela0036446,494,28,233,156,90
308,1,359,Sham19Y0013605,3218,56,478,248,72
308,1,359,ShamAY0033522,486,724,1154,241,65
308,49,359,Shamela0001449,92,307,633,233,86
308,52,378,JK009324,2252,1053,1315,147,50
308,25,359,JK007065,693,17,436,230,67
308,870,1504,Shia001626Vols,336,1038,1451,265,48
308,52,359,Shamela0001717,1281,1228,1531,210,78
308,219,1504,Shia003616Vols,174,731,1508,411,36
308,49,346,Shamela0007289,2932,1,264,153,57
308,1,368,Sham19Y0006684,2257,881,1322,241,64
308,91,359,Sham19Y0014601,3417,83,554,201,53
308,1,359,Shamela0025794,2076,592,1013,251,73
308,1,364,JK000022,1712,711,1154,258,73
308,1,359,Shamela0012399,2428,1018,1462,243,64
308,1,359,Shamela0012399,2430,150,1110,214,26
308,195,359,Shamela0012399,2431,407,596,123,78
308,167,359,Shamela0004445,1735,1,183,135,82
308,1,359,Sham19Y0013252,6546,234,656,248,72
308,1,359,Shamela0117359,537,520,949,258,75
308,9,368,Shia002119Vols,2370,1,436,246,68
308,91,364,Sham19Y0018146,711,514,797,134,50
308,52,359,Sham19Y0145212,2096,340,650,181,63
308,52,359,Shamela0025800,3352,547,908,223,75
308,1,359,Shamela0005733,14,663,1090,242,67
308,49,359,Sham19Y0016976,1058,323,612,203,76
308,52,359,Sham19Y0018103,2643,38,396,225,76
308,1,359,Sham19Y0013667,4198,969,1382,238,69
308,49,359,Shamela0096283,316,387,725,228,82
308,52,288,Sham19Y0122257,1928,1286,1527,170,84
308,1,346,Sham19Y0014462,28,1058,1473,232,65
308,44,1315,Shia003732Vols,1810,281,1325,671,61
308,214,359,Shamela0021479,92,9,155,115,99
308,1,319,Sham19Y0146127,2420,1068,1409,207,72
308,1,359,Sham19Y0146127,3128,10,395,242,74
308,1,359,JK000110,1065,487,908,246,72
308,52,368,Shamela0002863,2213,410,799,238,76
308,1,364,Sham19Y0148486,4503,774,1227,256,71
308,195,364,Sham19Y0148486,5702,1,182,130,90
308,1,359,Shamela0028107,499,654,1091,243,65
308,1,359,ShamAY0032804,2,725,1122,239,72
308,1,359,Shamela0001719,566,58,488,242,65
308,49,373,Sham19Y0014119,347,555,848,212,79
308,95,359,Shamela0008360,483,1,277,190,82
308,49,346,JK000075,14,1048,1312,153,57
308,49,373,Sham19Y0017791,1048,543,844,210,76
308,81,359,Shamela0021735,1138,425,716,205,84
308,52,373,Shamela0008176,4071,810,1151,233,83
308,1,359,ShamAY0034580,32,457,888,243,66
308,52,359,Shamela0021751,7246,512,833,230,86
308,49,359,Shamela0003485,350,1181,1458,202,77
308,1,359,Sham19Y0016584,2949,826,1248,248,72
308,113,359,Sham19Y0018106,2747,1,262,178,81
308,195,359,Shamela0005756,10827,7,177,124,87
308,338,839,Shia003656Vols,729,646,1339,211,29
308,153,359,Sham19Y0020944,469,20,240,165,92
308,1,359,Shamela0021715,6370,499,921,248,72
309,914,1441,ShamAY0034443,115,488,1015,244,43
309,914,1512,Sham19Y0145435,1537,394,760,255,52
309,941,1525,Shamela0008473,4788,265,624,221,46
309,914,1512,Shamela0023833,658,49,422,253,52
309,941,1517,Shamela0035100,139,1086,1419,215,46
309,914,1221,Shamela0009770,439,1276,1510,151,56
309,911,1512,Shamela0007798,8955,723,1100,264,54
309,578,1488,Shia001626Vols,337,45,751,538,70
309,75,1554,Shia003616Vols,175,1,1030,617,44
309,911,1176,Tafsir07057,5060,714,883,122,54
309,914,1314,Shia001663Vols,211,1355,1624,205,62
309,450,1535,Shamela0021766,4499,391,1184,353,36
309,914,1512,Shamela0004445,1732,20,393,256,53
309,921,1314,Shia001432Vols,8462,569,875,187,51
309,921,1314,Shamela0023578,3162,956,1261,187,51
309,941,1517,Shamela0010906,324,437,770,215,46
309,921,1545,Shia002359Vols,4203,130,659,228,40
309,921,1507,Shamela0009784,964,404,1094,246,34
309,941,1525,Tafsir09084,2466,128,498,221,45
309,450,1554,Shia003732Vols,1811,75,1116,745,80
309,911,1507,Shamela0010283,3387,47,406,250,51
309,914,1512,Shamela0012935,227,232,594,251,51
309,914,1507,Sham19Y0145166,283,237,649,229,41
309,924,1507,Shamela0009780,372,45,515,185,34
309,964,1314,ShamAY0036736,327,269,545,164,49
309,914,1512,Shia003714Vols,447,1146,1521,255,52
309,914,1314,Tafsir06049,6375,808,1050,124,37
309,914,1345,Shamela0023631,4453,1234,1544,220,61
309,914,1512,Shamela0006864,1369,789,1161,253,52
309,911,1554,Shamela0009873,1328,1,1121,409,42
309,914,1345,Shamela0009783BK1,967,54,353,219,61
309,921,1314,JK000370,295,801,1107,185,50
309,911,1345,Shia003656Vols,732,567,897,213,56
309,921,1314,Zaydiyya0000025,70,644,933,187,53
309,921,1535,Shamela0023628,3455,1009,1477,234,43
309,941,1330,JK009228,18,238,462,149,47
309,921,1535,Shamela0000041,2602,461,979,236,41
310,63,1421,Shia001626Vols,338,176,1400,957,89
310,76,1010,Shia003616Vols,175,959,1482,306,40
310,63,334,Shamela0021766,4499,1284,1525,158,68
310,334,890,Shamela0021766,4500,1,504,314,63
310,63,455,Shia003732Vols,1811,1116,1514,282,84
310,455,1421,Shia003732Vols,1812,1,856,573,68
310,76,455,Shamela0009873,1328,1229,1434,130,43
310,476,805,Shamela0009873,1329,68,234,124,48
310,952,1204,Shamela0009873,1330,1125,1426,133,52
310,1207,1421,Shamela0009873,1331,1,247,145,70
311,10,231,Shia001626Vols,339,1,162,88,52
311,955,1370,Shia001626Vols,339,188,568,243,65
311,449,897,Shia001626Vols,340,73,470,312,88
311,464,1306,Shia003616Vols,176,263,823,362,53
311,98,290,Shia003616Vols,1554,1244,1453,150,91
311,290,1014,Shia003616Vols,1555,1,713,496,81
311,1157,1370,Shamela0021766,4501,9,209,94,45
311,1,609,Shia003732Vols,1812,856,1392,224,36
311,609,1306,Shia003732Vols,1813,1,767,506,81
311,441,765,Shamela0009873,1329,675,1112,153,35
312,1,617,Sham19Y0145435,1538,111,687,282,45
312,136,617,Shamela0023833,659,8,462,178,33
312,6,514,Shamela0009770,440,853,1277,259,59
312,1,514,Shamela0007798,8956,418,838,262,60
312,1,1027,Shia001626Vols,339,494,1397,712,87
312,1027,1450,Shia001626Vols,340,1,522,108,17
312,40,254,Shia001626Vols,370,114,307,122,64
312,6,1038,Shia003616Vols,176,771,1415,428,50
312,1,312,Shia003636Vols,10530,1164,1433,162,61
312,1,497,Shamela0021766,4501,149,656,350,81
312,458,1065,Shamela0021766,4504,918,1428,374,75
312,6,262,Shamela0004445,1732,1165,1433,168,73
312,1,497,Shia001432Vols,8463,152,544,220,50
312,1,312,Shia002958,460,1048,1334,165,58
312,1,270,Shia002359Vols,4203,1276,1506,151,65
312,1,497,Shamela0009784,965,788,1215,234,51
312,11,497,ShamAY0033108,1830,893,1261,195,44
312,1,497,Sham19Y0007233,82,147,558,228,50
312,1,617,Shia003732Vols,1813,757,1323,377,68
312,1134,1321,Shia003732Vols,1819,1063,1281,148,85
312,634,1075,Shia003732Vols,1820,1,441,326,88
312,11,514,Shamela0010283,3387,854,1339,239,49
312,60,514,Shamela0012935,228,1,361,218,56
312,6,181,Sham19Y0145166,283,1267,1469,129,78
312,1,497,Shia002406Vols,7352,894,1287,222,50
312,11,497,ShamAY0036736,328,201,637,211,46
312,6,514,Shia003714Vols,448,769,1178,258,60
312,11,612,Sham19Y0014404,1535,319,779,163,25
312,6,514,Shamela0023631,4454,845,1256,259,60
312,11,497,Tafsir02091,2107,419,787,195,44
312,6,617,Shamela0006864,1370,502,1077,276,44
312,6,497,Shamela0009873,1330,406,919,274,57
312,593,1033,Shamela0009873,1336,647,1079,243,62
312,1,286,Shamela0009783BK1,967,1103,1390,169,66
312,6,244,Shia003656Vols,732,1238,1479,132,60
312,1,497,Shamela0023628,3456,992,1415,225,50
312,1,497,Shamela0000041,2603,481,900,231,50
313,484,1067,Shamela0008473,4794,332,773,240,47
313,743,1067,Shamela0023833,660,1,245,149,52
313,461,1104,Shamela0009770,441,420,896,259,47
313,471,1067,Shamela0007798,8957,293,714,257,49
313,20,975,Shia001626Vols,340,524,1414,695,92
313,975,1427,Shia001626Vols,341,1,402,316,88
313,533,959,Shia001626Vols,370,498,765,196,56
313,20,198,Shia001626Vols,370,326,478,99,69
313,1,1330,Shia003616Vols,177,212,1180,611,53
313,475,1330,Shamela0021766,4501,571,1278,496,68
313,646,994,Shamela0022593,2645,7,286,166,50
313,461,1013,SHAM19Y23644,1158,912,1316,210,42
313,471,1067,Tafsir09084,2468,379,827,250,48
313,461,727,Shia003732Vols,1813,1219,1427,151,71
313,727,1330,Shia003732Vols,1814,1,581,431,86
313,461,1104,Shamela0006864,1371,295,860,269,44
313,606,1003,Shamela0009873,1331,1101,1388,181,56
313,1003,1330,Shamela0009873,1332,1,386,210,66
313,471,959,Shia002984Vols,1593,506,860,182,45
313,600,1013,Shamela0023700,1358,249,556,150,41
313,471,994,Tafsir03092,2611,213,653,219,47
314,1,1287,Shia001626Vols,341,402,1467,838,81
314,1287,1510,Shia001626Vols,342,1,173,139,77
314,541,1201,Shia003616Vols,177,1091,1463,196,33
314,1201,1510,Shia003616Vols,178,1,140,109,44
314,489,1510,Shia003616Vols,3095,504,1513,801,97
314,613,1201,Shia003732Vols,1814,733,1076,155,31
315,1,915,Shia001626Vols,342,173,995,642,87
315,1,1307,Shia003616Vols,178,140,1054,511,42
315,14,942,Shia003616Vols,3096,1,995,707,89
315,894,1469,Shia003616Vols,3097,128,738,451,92
315,5,1247,Shamela0021766,4502,592,1467,597,60
315,1247,1469,Shamela0021766,4503,11,250,159,79
315,71,476,Shamela0023695,1159,199,393,137,40
315,1,1332,Shia003732Vols,1815,201,1480,823,72
315,1332,1469,Shia003732Vols,1816,1,157,108,87
315,1,174,JK007128,628,493,628,95,63
315,5,586,Shamela0009873,1332,926,1462,147,26
315,586,810,Shamela0009873,1333,1,155,114,63
315,976,1416,Shamela0009873,1334,218,720,235,52
316,288,748,Shia003616Vols,178,1094,1456,284,76
316,1,738,Shia003616Vols,3097,738,1486,583,96
316,738,1466,Shia003616Vols,3098,1,797,533,82
316,1,1290,Shamela0021766,4503,250,1464,879,82
316,1,1306,Shamela0010637,323,588,1482,446,40
316,196,1295,Shia003461Vols,212,739,1528,394,39
316,1,1319,JK006838,823,16,914,457,39
316,1,1242,Shia003732Vols,1816,157,1466,959,91
316,1247,1451,Shia003732Vols,1817,25,205,122,71
316,288,748,Sham19Y0018567,625,551,1135,234,45
316,277,1295,Shamela0006590,376,414,1142,347,38
316,355,748,Zaydiyya0000037Vols,168,44,481,277,75
316,355,1451,Shamela0009873,1334,666,1425,455,49
317,915,1494,Shia001626Vols,328,685,1158,359,78
317,1027,1494,Shia001626Vols,355,29,427,313,84
317,165,890,Shia003616Vols,179,1,497,368,60
317,635,1141,Shia003616Vols,1646,102,542,216,47
317,86,758,Shia003616Vols,1673,1,792,520,82
317,1,758,Shia003616Vols,3362,413,1252,590,87
317,1,523,Shia003732Vols,1817,893,1445,392,84
317,523,1141,Shia003732Vols,1818,1,655,284,44
318,99,703,Shamela0002102,383,1,498,222,39
318,48,703,Shamela0000551,217,141,730,259,40
318,48,703,Sham19Y0018176,1688,708,1271,265,41
318,48,703,Sham19Y0148271,2327,260,816,258,40
318,48,703,JK007065,1289,774,1214,229,41
318,48,703,Shamela0009804,137,793,1362,289,50
318,781,1024,Shia001626Vols,314,1118,1372,161,74
318,1,406,Shia001626Vols,328,1158,1501,276,84
318,406,1500,Shia001626Vols,329,1,1027,817,93
318,258,1177,Shia001626Vols,355,398,963,424,57
318,118,703,Shamela0023613,1394,248,778,243,47
318,67,1024,Shia003616Vols,179,602,1436,338,36
318,48,894,Sham19Y0006684,201,342,1023,311,41
318,48,703,Tafsir07057,1158,388,951,262,41
318,12,703,Shamela0021696,5,725,1315,271,41
318,48,698,Shia001887Vols,100,665,1153,186,28
318,48,556,ShamAY0033910,60,975,1439,259,54
318,48,703,Shamela0007891,224,826,1402,262,39
318,48,703,Shamela0012399,234,235,837,266,41
318,48,698,JK000475,2348,792,1292,249,42
318,80,703,JK000130,61,1,543,283,52
318,12,703,Shamela0008233,18,528,1119,269,41
318,48,703,Sham19Y0013252,6941,213,768,266,42
318,12,387,Shamela0010906,1272,1229,1450,124,39
318,118,703,Shia002119Vols,266,93,769,256,40
318,48,703,ShamAY0033938,202,244,819,257,40
318,48,561,Shamela0025800,1911,949,1407,233,45
318,272,703,Sham19Y0149697,600,1,354,175,46
318,48,698,Sham19Y0127677,20454,837,1306,183,29
318,48,703,Shamela0005733,10,234,817,263,41
318,48,698,Sham19Y0127713,134,352,897,286,50
318,48,703,Shamela0011036,268,414,996,255,39
318,263,703,Shamela0011036,280,47,406,178,46
318,48,694,Shamela0004289,348,885,1450,246,39
318,48,703,Sham19Y0018103,2858,198,753,266,42
318,48,698,Tafsir02100,40,270,770,249,42
318,48,703,Tafsir09084,546,889,1449,285,47
318,48,698,Shamela0009776,1980,209,664,221,40
318,48,406,Sham19Y0014462,133,1087,1488,207,58
318,48,703,Sham19Y0132524,395,93,668,257,40
318,48,894,Shamela0021479,164,58,840,286,31
318,48,703,JK000110,1201,827,1382,266,42
318,118,703,Shamela0002863,181,7,683,256,40
318,154,703,Sham19Y0148486,388,1,446,218,48
318,48,703,Shamela0009780,376,638,1202,258,41
318,48,703,ShamAY0036736,147,261,822,250,39
318,351,703,Shia003714Vols,459,9,257,126,44
318,241,703,Shamela0001719,3584,1,510,193,38
318,48,703,ShamAY0034005,893,186,748,243,38
318,48,698,Shamela0008236,6,770,1333,257,42
318,48,703,Shamela0026366,6,121,721,250,38
318,48,698,JK009154,66,210,682,210,33
318,48,698,Shamela0001438,7685,819,1260,242,44
318,48,703,Shamela0023631,1142,619,1188,286,47
318,48,561,Sham19Y0020638,177,1023,1486,262,55
318,48,894,Shamela0003485,256,640,1424,309,34
318,48,703,JK007116,6,522,1085,279,46
318,48,684,ShamAY0033177,557,1168,1540,205,40
318,48,703,Sham19Y0017616,58,230,811,262,41
318,123,703,Sham19Y0018106,2968,7,499,224,38
318,48,561,Sham19Y0122406,609,329,759,164,32
318,99,703,Shamela0009107,671,1,531,258,47
318,128,698,Shamela0001733,4480,337,731,181,35
318,48,561,Shamela0023628,785,961,1412,203,37
318,48,703,Shamela0000041,623,217,828,270,40
318,48,703,Shamela0021715,6980,93,648,266,42
318,356,703,Sham19Y0001729,513,1,224,114,38
318,118,703,Sham19Y0001729,523,304,803,190,31
318,48,703,Shamela0006446,363,718,1276,292,52
319,62,603,Sham19Y0145435,287,1056,1454,179,39
319,1269,1526,Sham19Y0145435,288,728,993,124,52
319,477,1053,Shamela0023833,664,32,631,205,35
319,1222,1526,Shamela0023833,664,927,1213,126,46
319,62,921,Shamela0009770,444,218,853,307,41
319,1269,1522,Shamela0009770,444,1271,1524,115,50
319,62,382,Shamela0007798,6793,361,563,124,49
319,11,498,Shia001626Vols,329,1023,1476,359,92
319,498,1522,Shia001626Vols,330,1,1021,819,99
319,62,921,Shamela0004445,1737,148,794,315,42
319,1269,1526,Shamela0004445,1737,1228,1485,121,52
319,1222,1526,Shia003461Vols,199,103,371,124,45
319,1222,1526,ShamIbadiyya0000942,581,149,407,120,45
319,62,921,Shamela0006864,1375,351,999,315,42
319,1416,1526,Shamela0006864,1376,1,149,70,59
319,62,603,Shamela0009783BK1,971,1027,1425,179,39
319,1269,1522,Shamela0009783BK1,972,706,951,117,52
319,1269,1526,Shamela0005446,646,797,1063,121,50
319,62,1053,Shamela0009564,49,19,791,313,36
319,62,921,Shia001976Vols,974,137,777,314,42
320,300,1058,ShamAY0034068,2116,738,1465,324,43
320,281,1022,Sham19Y0145435,289,177,725,254,39
320,425,1017,Sham19Y0018176,1758,25,944,300,36
320,555,1329,Shamela0036446,957,1,724,382,53
320,300,1153,ShamAY0035249,30,436,1244,390,49
320,540,1017,Sham19Y0013605,3552,1,1178,267,27
320,281,1022,Shamela0023833,665,578,1195,262,39
320,146,1022,Shamela0009770,445,342,1143,297,35
320,315,1017,Shia001831Vols,566,431,1407,330,37
320,629,1017,Shamela0012981,2377,7,608,208,37
320,300,1153,Shia001626Vols,317,419,1241,357,45
320,1,529,Shia001626Vols,330,1016,1539,415,97
320,529,1494,Shia001626Vols,331,1,903,716,93
320,266,1208,Shamela0026740,9,332,1208,386,46
320,988,1434,Shia003616Vols,180,1231,1536,228,64
320,315,1121,Shamela0025794,4886,645,1369,369,51
320,266,1397,Shamela0003118,721,172,1144,413,39
320,300,1053,JK000021,1990,906,1493,322,48
320,497,1153,JK000475,1894,23,696,324,51
320,281,1017,Shamela0004445,1738,667,1227,257,38
320,300,1017,Sham19Y0013252,7130,117,1140,337,36
320,300,1153,Shamela0010906,1265,251,1003,366,47
320,315,1017,ShamAY0033938,1522,398,1374,330,37
320,1,698,Shia003461Vols,187,1021,1531,241,42
320,281,742,Shia003461Vols,199,1054,1426,133,32
320,300,1017,Tafsir09085,446,330,1270,346,40
320,315,1153,Shamela0006596,19,494,1330,385,47
320,300,1058,Shamela0025800,367,721,1426,372,55
320,300,1215,Shamela0008658,2120,520,1430,392,45
320,315,1017,Shamela0004289,1351,399,1371,313,34
320,604,1017,Sham19Y0018103,2959,1,771,231,34
320,760,1017,Shamela0009200,731,12,614,157,32
320,653,1220,Shamela0023594,1327,390,829,237,48
320,784,1017,Sham19Y0132524,3112,7,704,144,26
320,315,1017,Shamela0021660,5530,216,1192,330,37
320,337,1017,ShamAY0032753,21,1,971,318,36
320,300,1017,JK000110,1261,39,1063,339,36
320,300,1029,Sham19Y0016684,1653,751,1415,346,54
320,773,1017,Shamela0012031,320,6,586,149,30
320,300,1153,Shamela0009780,387,630,1480,377,44
320,300,1215,Shamela0006590,378,435,1243,368,43
320,315,1017,ShamAY0034005,919,75,1032,323,37
320,306,1017,ShamAY0034441,280,846,1451,308,52
320,281,876,JK011068,133,629,1056,188,37
320,550,1224,Shamela0013035,735,1,714,328,49
320,281,792,Shamela0006864,1376,941,1391,182,38
320,315,1017,Sham19Y0020638,1281,303,1280,330,37
320,315,1308,JK007116,89,25,1281,433,37
320,300,1058,Shamela0026735,4,63,774,360,52
320,315,1017,Sham19Y0017616,550,16,1019,330,37
320,300,1121,Sham19Y0016584,3309,539,1311,375,50
320,300,1017,Sham19Y0150960,1359,15,968,346,40
320,784,1017,Sham19Y0018106,3078,1,611,153,30
320,604,1017,Sham19Y0122406,4030,1,738,232,36
320,281,907,Shamela0009783BK1,973,140,679,244,44
320,425,1017,Shamela0005756,11782,14,933,301,36
320,300,1017,Shamela0001733,4492,204,1174,341,38
320,266,1029,Shamela0001733,4499,855,1476,346,55
320,35,1053,Shamela0001733,4507,510,1449,424,42
320,300,1017,Shamela0001733,4512,362,1234,318,38
320,300,1144,Shamela0001733,4516,405,1168,383,51
320,300,1208,Shamela0001733,4520,573,1432,367,43
320,545,1153,Shamela0001733,4525,9,606,277,49
320,425,1397,JK000916,1471,186,1037,352,37
320,250,1017,Shamela0005446,647,83,684,260,38
320,300,1397,Shia001976Vols,970,221,1250,471,48
320,281,876,Shia001976Vols,975,512,1009,235,44
320,315,1017,Shamela0023628,2578,16,983,326,38
320,300,1017,Sham19Y0014309,461,208,1153,347,40
320,413,1017,Shamela0000041,1784,30,896,254,30
320,300,1029,Shamela0021715,7345,741,1410,342,53
320,300,1029,Shia002702Vols,7410,797,1447,344,54
321,913,1316,Sham19Y0145435,290,45,271,143,44
321,827,1316,Shamela0023833,666,477,827,197,47
321,591,1316,Shamela0009770,446,75,644,218,33
321,703,1061,Shamela0026813,25,40,482,148,37
321,601,1088,Shamela0007798,6790,199,802,221,40
321,1,658,Shia001626Vols,331,903,1447,421,81
321,658,1431,Shia001626Vols,332,1,772,608,99
321,1,1286,Shia003616Vols,181,54,759,476,44
321,493,1088,Shamela0003118,3483,407,919,233,43
321,591,1316,Shamela0004445,1739,150,758,253,39
321,827,1316,Shia003461Vols,200,812,1166,197,47
321,591,1316,Shamela0026878,80,620,1270,269,37
321,591,1088,Shia002069Vols,584,972,1376,211,51
321,591,1316,Shamela0006864,1377,81,1083,298,31
321,591,1088,Shamela0029702,25,223,765,211,41
321,655,1316,Shamela0001733,4493,3,482,238,41
321,252,1088,Shamela0001733,4504,682,1082,204,29
321,591,1316,Shamela0001733,4513,22,566,271,41
321,627,1275,Shamela0001733,4529,930,1396,229,38
321,488,1088,JK000916,11159,193,715,231,42
321,293,1316,Shamela0009564,106,625,1329,322,34
322,1035,1450,ShamAY0034059,4105,5,343,199,57
322,728,1450,ShamAY0034068,2118,93,876,429,63
322,728,1118,Sham19Y0145435,5252,1034,1439,245,71
322,829,1450,Shamela0022769,1050,340,886,334,62
322,728,1450,Sham19Y0018176,1530,186,1016,427,59
322,728,1307,Sham19Y0018176,1759,761,1434,352,61
322,935,1455,Shamela0008473,3349,1,533,314,68
322,728,1220,Shamela0037837,950,910,1443,291,65
322,728,1314,Zaydiyya0000295Vols,1001,1010,1448,262,52
322,728,1450,Sham19Y0122187,742,232,942,412,64
322,728,1450,Shamela0036446,958,447,1178,406,62
322,728,1450,Shamela0012406,679,74,926,458,65
322,1031,1450,ShamAY0035249,32,5,500,261,64
322,810,1450,Sham19Y0013605,3226,1,718,379,60
322,728,1450,Sham19Y0013605,3554,311,1232,449,57
322,728,1064,Sham19Y0148271,2249,1099,1456,215,71
322,930,1450,Shia001831Vols,568,1,605,321,63
322,601,1268,Shamela0026813,25,697,1318,212,31
322,728,1342,Shamela0012981,2378,399,1041,374,67
322,728,1450,JK007065,1371,125,987,452,63
322,728,1078,Shia001626Vols,318,1102,1445,210,69
322,1,686,Shia001626Vols,332,772,1443,531,96
322,686,1455,Shia001626Vols,333,1,711,555,90
322,595,1455,Shia003616Vols,181,775,1443,470,66
322,728,1110,Shia001887Vols,1283,1092,1467,241,74
322,1059,1450,Shia001887Vols,1284,32,446,209,55
322,766,1455,Shamela0025794,4888,1,804,433,64
322,728,1365,Shamela0003118,722,766,1450,372,63
322,784,1268,Shamela0003118,3484,1,501,267,61
322,843,1450,JK000021,1992,1,698,364,61
322,728,1450,JK000475,1895,596,1398,444,66
322,839,1450,JK000475,2387,669,1286,339,58
322,869,1450,Sham19Y0013252,6553,1,655,335,58
322,728,1174,Sham19Y0013252,7131,945,1443,301,74
322,728,1413,Shamela0023578,2140,11,762,428,69
322,728,1450,Shamela0010906,333,463,1165,410,63
322,977,1450,ShamAY0033938,1524,7,567,296,64
322,728,1450,Shia003461Vols,189,197,970,422,61
322,1161,1450,Tafsir09085,448,1,321,171,64
322,895,1450,Shamela0006596,21,1,645,326,58
322,728,1088,JK007063,345,1076,1454,237,74
322,728,1450,Shamela0025800,369,232,1081,457,65
322,728,1450,ShamAY0038638,117,147,933,426,62
322,797,1450,Shamela0008658,2122,1,661,414,73
322,581,1450,Shamela0005455,86,303,1039,392,51
322,935,1450,JK006838,829,1,497,281,60
322,968,1450,Shamela0011036,2067,84,667,300,62
322,762,1450,Shamela0009784,977,13,791,439,67
322,999,1450,Shamela0004289,1353,1,549,285,63
322,728,1450,Sham19Y0018103,2648,177,1007,427,59
322,728,1450,Sham19Y0018103,2960,572,1414,449,62
322,901,1450,Tafsir02100,80,5,539,291,56
322,728,1450,Shamela0009200,732,401,1227,453,66
322,728,1450,JK009266,6716,324,1139,433,61
322,858,1450,Tafsir09084,1685,1,650,369,67
322,606,1450,Shamela0023635,6634,329,1134,403,52
322,728,1450,ShamAY0034055,7219,626,1419,471,70
322,977,1450,Sham19Y0132524,3114,559,1230,296,54
322,728,1279,JK000917,1133,7,515,301,65
322,728,1147,Shamela0021660,5531,1009,1448,269,73
322,728,1174,ShamAY0032753,22,877,1440,280,60
322,776,1450,Shamela0010283,3393,27,754,406,63
322,728,1147,JK000110,1069,1003,1438,263,71
322,728,1245,JK000110,1262,873,1459,330,69
322,728,1285,Sham19Y0016684,1515,711,1376,318,55
322,728,1450,Sham19Y0016684,1655,122,964,449,62
322,728,1450,Shamela0021821,1270,182,933,448,69
322,728,1450,Shamela0012031,321,392,1234,464,67
322,728,1319,Shamela0009780,391,277,998,347,56
322,858,1450,Shamela0006590,379,374,931,342,68
322,901,1450,Shia002406Vols,5710,373,1012,341,63
322,968,1450,ShamAY0036736,254,6,561,295,65
322,780,1450,Shia003714Vols,454,12,766,412,63
322,728,1268,ShamAY0034005,920,789,1418,343,66
322,728,1450,ShamAY0034441,283,130,864,431,67
322,901,1450,ShamAY0035250,35,5,624,311,56
322,728,1450,Shamela0026747,5,49,858,436,64
322,939,1450,Tafsir02091,1444,1,595,307,61
322,728,1078,Sham19Y0020638,1282,1092,1458,230,74
322,728,1413,Shamela0012884,3617,730,1450,409,65
322,728,1304,JK007116,90,782,1457,368,66
322,728,1268,Sham19Y0017616,551,837,1449,339,67
322,728,1073,Sham19Y0016584,2956,903,1264,212,68
322,728,1237,Sham19Y0016584,3311,216,779,324,70
322,728,1450,Shamela0009873,1345,15,1145,407,44
322,728,1158,Sham19Y0018106,2751,961,1405,268,71
322,728,1450,Sham19Y0018106,3079,410,1252,449,62
322,943,1450,Sham19Y0122406,4032,332,923,311,63
322,873,1455,Shamela0029702,26,1,625,303,56
322,728,1290,Shamela0005756,10832,706,1370,322,55
322,728,1307,Shamela0005756,11783,744,1417,352,61
322,728,1455,Shamela0001733,4484,732,1465,410,60
322,728,1450,Shamela0001733,4489,169,991,456,67
322,728,1450,Shamela0001733,4501,45,761,431,67
322,890,1424,Shamela0001733,4509,1,508,315,71
322,999,1440,Shamela0001733,4522,1,443,276,71
322,728,1450,Shamela0001733,4526,420,1118,410,64
322,728,1424,JK000916,1472,636,1399,402,61
322,728,1450,Shia001913Vols,269,461,1239,398,58
322,728,1137,Shia001976Vols,971,1010,1434,250,69
322,1137,1450,Shia001976Vols,972,5,366,187,61
322,728,1237,Shamela0023628,2579,900,1440,318,69
322,728,1290,Shamela0000041,1785,776,1444,326,56
322,728,1450,Shamela0021715,6377,47,877,427,59
322,728,1450,Shamela0021715,7347,104,946,449,62
322,728,1450,Shia002702Vols,7412,137,919,451,66
323,516,726,Sham19Y0145435,290,1216,1455,131,70
323,301,1316,Sham19Y0145435,291,183,1075,414,44
323,5,284,Shamela0008473,3349,545,750,125,51
323,775,971,Shamela0023833,667,1214,1384,118,73
323,516,824,Shamela0023833,667,404,793,180,57
323,989,1316,Shamela0023833,668,6,341,199,68
323,5,284,Sham19Y0148271,2250,431,646,126,50
323,775,1316,Shamela0009770,447,884,1403,317,68
323,516,824,Shamela0009770,447,87,470,177,56
323,1,733,Shia001626Vols,333,711,1413,554,95
323,733,1411,Shia001626Vols,334,1,625,488,91
323,795,1311,Shia003616Vols,182,288,442,117,29
323,29,485,Shia003616Vols,182,1,258,197,55
323,480,1180,Shamela0004445,1740,716,1416,307,43
323,516,824,Shamela0004445,1740,244,610,176,59
323,516,824,Shia003461Vols,201,656,1036,185,62
323,814,1316,Shia003461Vols,202,1,493,277,63
323,545,893,Shamela0026878,81,976,1226,148,54
323,1,284,ShamAY0038638,117,933,1135,139,58
323,653,1199,Shamela0010283,3395,545,1124,283,55
323,507,893,ShamAY0034441,283,1055,1348,145,45
323,5,893,Shamela0026747,5,858,1355,269,36
323,560,862,Shia002069Vols,585,793,955,97,43
323,545,1411,Tafsir02091,1444,826,1381,250,34
323,516,824,Shamela0006864,1378,640,1029,187,61
323,775,1316,Shamela0006864,1379,7,535,314,66
323,545,718,Sham19Y0014328,286,272,430,110,79
323,795,1386,Shamela0009873,1346,480,1178,327,53
323,169,530,Shamela0009873,1346,43,499,179,44
323,525,805,Shamela0009783BK1,974,1087,1423,149,51
323,301,1316,Shamela0009783BK1,975,37,876,373,40
323,560,862,Shamela0001733,4505,581,747,95,43
323,545,893,Shamela0001733,4514,238,448,116,44
323,507,893,Shamela0001733,4518,188,422,116,40
323,766,1316,Shamela0005446,649,851,1395,311,65
323,545,824,Shamela0005446,649,97,433,162,57
323,516,766,Shamela0009564,51,1107,1364,158,77
323,310,1411,Shamela0009564,52,42,1023,398,34
324,345,874,Sham19Y0145435,1539,573,1234,242,40
324,515,902,Shamela0008473,3357,680,1074,301,96
324,585,857,Shamela0023833,668,644,1296,178,33
324,573,726,Shamela0009770,448,533,727,107,69
324,5,399,Shia001626Vols,334,659,1003,267,85
324,5,374,Shia003616Vols,182,453,979,174,38
324,1172,1355,Shia003616Vols,182,983,1153,120,81
324,515,874,Shamela0003722,1747,255,614,278,97
324,345,902,Shamela0003118,1996,607,1092,282,55
324,582,937,Shamela0001673,6918,336,662,153,47
324,515,874,Shamela0008658,2126,543,948,200,57
324,585,885,Tafsir09084,1688,990,1306,199,74
324,254,874,Shamela0023623,2815,646,1377,244,36
324,573,869,Shamela0010283,3396,935,1266,181,66
324,585,834,Shamela0006864,1379,806,1421,172,34
324,458,742,Shamela0012884,3636,1126,1482,132,45
324,560,810,Shamela0012884,3637,187,420,185,93
324,560,885,ShamAY0035783,31,711,1048,238,87
324,573,726,Shamela0009873,1363,1189,1359,93,68
324,515,761,Shamela0009783BK1,975,1058,1355,142,59
324,644,951,JK000916,5780,1,310,212,85
324,582,885,Sham19Y0013231,3212,1073,1316,165,66
324,57,399,Shia002218Vols,653,1043,1285,167,61
325,1147,1438,Shia001626Vols,344,147,342,135,56
325,819,1438,Shia003616Vols,183,73,942,368,47
325,812,1438,Shia003616Vols,1546,701,1378,461,82
325,620,1438,JK000916,9147,252,1080,625,93
325,627,819,Shia002218Vols,654,706,838,64,34
326,200,1166,Shia001626Vols,344,712,1478,497,62
326,1166,1437,Shia001626Vols,345,1,263,186,87
326,1,637,Shia003616Vols,183,942,1442,289,55
326,637,1437,Shia003616Vols,184,1,791,525,76
326,120,1451,Shia003616Vols,1547,1,1297,899,78
326,354,1175,Shamela0009873,1360,523,1089,308,42
326,1,410,JK000916,9147,1080,1429,258,76
326,410,1451,JK000916,9148,1,1143,805,88
327,1,830,Shia001626Vols,345,270,773,334,50
327,1,845,Shia003616Vols,184,798,1378,351,50
327,1,145,Shia003616Vols,1547,1297,1441,110,96
327,145,830,Shia003616Vols,1548,1,587,432,78
327,1036,1407,Shia003616Vols,3736,133,502,292,99
327,1136,1295,Shamela0003118,1708,677,822,116,91
327,683,1036,Shamela0003118,2991,886,1369,236,60
327,1043,1295,Shamela0010906,1424,490,700,156,78
327,956,1407,JK000927,764,44,287,117,31
327,1,442,Shamela0009873,1360,1162,1479,168,42
327,1021,1295,JK000916,4598,849,1113,196,88
327,1,273,JK000916,9148,1143,1434,204,88
327,273,1089,JK000916,9149,1,825,594,90
328,123,1424,Shia003616Vols,185,1,862,543,47
328,112,1108,Shia003732Vols,1818,462,1484,768,92
328,1108,1424,Shia003732Vols,1819,1,326,240,91
329,1033,1457,Shia003616Vols,187,602,959,250,71
329,238,391,Shia003616Vols,187,334,583,79,33
329,704,1014,Shamela0006706,69,516,812,137,44
329,1033,1457,Shia003732Vols,1827,483,859,229,60
329,1008,1444,Shamela0010283,3530,1,396,150,32
329,1328,1504,Shia003656Vols,1025,601,716,93,65
329,624,1069,JK000916,9424,32,197,95,27
330,472,901,Shamela0004473,8365,400,756,248,65
330,1,701,Shia003616Vols,187,959,1594,348,51
330,701,1599,Shia003616Vols,188,1,765,393,43
330,19,317,Shamela0003118,6261,1039,1377,208,73
330,41,566,Shia003636Vols,721,33,167,99,23
330,1407,1599,Shia001432Vols,35453,44,270,143,75
330,1,901,Shia003732Vols,1827,859,1611,493,61
330,1161,1599,Shia003732Vols,1828,595,813,132,33
330,15,689,Shamela0009873,1367,1149,1577,196,32
330,1,804,Shia003656Vols,1025,716,1485,600,89
330,6,334,JK000916,21814,1021,1391,216,69
331,1,306,Shia003616Vols,188,752,1061,200,73
331,9,351,Shia003636Vols,721,772,1042,174,60
331,9,319,Shia003636Vols,1163,933,1194,131,48
331,1,351,Shia001432Vols,35453,257,584,202,64
331,1074,1562,Shia001432Vols,35453,653,1019,195,45
331,9,422,Shia003732Vols,1828,813,1179,199,50
331,1074,1428,Shia003732Vols,1838,697,1032,184,56
331,9,351,Shia003714Vols,406,469,777,190,64
331,26,351,Shia003656Vols,667,1050,1277,131,47
331,927,1327,Shia003656Vols,674,961,1356,217,51
331,9,319,Shamela0001686,458,1263,1551,181,65
332,665,1500,Shia003616Vols,189,672,1363,291,32
332,864,1525,Shia003732Vols,1829,530,1103,395,67
332,772,1540,Sham19Y0017437,1878,454,1137,287,35
332,864,1303,Shamela0009873,1371,5,327,158,43
332,1,132,Shia003656Vols,667,1389,1501,86,83
332,89,1563,Shia003656Vols,668,684,1619,713,58
332,864,1563,Shamela0001686,459,475,889,248,42
333,568,1536,Shia003616Vols,190,37,1019,434,42
333,1202,1536,Shia003616Vols,3738,336,670,263,99
333,496,992,Shia003732Vols,1829,1168,1601,239,53
333,819,997,Sham19Y0145166,250,207,428,107,57
333,622,997,Shia003656Vols,670,767,1056,198,65
334,962,1295,Shamela0000976,47,1172,1453,191,72
334,962,1173,Shia002240Vols,475,1304,1457,107,65
334,12,1216,Shia003616Vols,190,812,1504,436,44
334,471,1426,Shamela0003118,2424,152,803,294,38
334,957,1263,JK000216,464,64,260,137,56
334,962,1426,SHAM19Y23644,2503,49,411,220,60
334,466,1426,ShamAY0033945,1828,492,1141,310,35
334,957,1270,Shamela0009873,1372,1265,1491,137,54
334,6,388,Shia003656Vols,669,1305,1534,119,39
334,738,881,JK000916,7178,1245,1386,111,97
334,881,1426,JK000916,7179,1,458,342,78
334,685,1426,JK000916,7180,53,519,265,44
334,101,575,Shamela0001686,1446,588,1180,299,62
335,383,1479,Shia003616Vols,191,249,992,457,48
335,352,810,Shia003616Vols,3078,1081,1453,202,57
335,810,1479,Shia003616Vols,3079,1,721,514,89
335,556,855,Shia003616Vols,5547,617,802,113,46
335,556,855,Shamela0001687,8492,403,588,113,46
335,910,1157,Shamela0023695,1068,1299,1557,188,90
335,1157,1479,Shamela0023695,1069,1,319,232,88
335,544,1010,Sham19Y0127677,4697,138,630,212,42
335,544,1006,Shia002265Vols,3308,664,1122,229,51
335,634,855,Shamela0001438,6653,1,171,129,73
335,127,528,Shia003656Vols,670,1,302,209,64
335,544,855,JK009390,6595,700,923,168,69
335,862,1048,Shia002218Vols,125,1295,1486,132,79
336,1,731,Shia003616Vols,191,992,1382,293,48
336,1,328,Shia003616Vols,3079,721,1061,263,94
336,1,346,Shamela0023695,1069,319,702,268,86
336,26,334,Shia003732Vols,1833,308,630,210,76
336,323,691,Shia003656Vols,669,75,412,140,33
336,381,731,Shamela0001686,459,765,1111,203,63
337,538,1327,Shia003616Vols,192,1,756,516,77
337,250,1535,Shia003616Vols,1265,1,1269,954,89
338,56,625,Shia003616Vols,192,727,1543,275,37
338,306,754,Shia003732Vols,1831,921,1349,276,68
338,1249,1411,Shia003732Vols,1832,1,161,103,75
338,21,469,Shia003732Vols,1836,782,1215,180,35
338,746,1167,Shia003732Vols,1836,1027,1493,217,54
338,47,335,Sham19Y0017437,1879,10,272,185,73
339,1,1091,Shia003616Vols,193,453,1232,521,57
339,12,240,Shamela0009873,1377,389,685,150,60
340,274,1016,Sham19Y0145435,1522,292,1068,229,25
340,274,1016,Shamela0023833,613,281,1085,232,25
340,274,1016,Shamela0007798,7457,23,802,229,25
340,415,937,JK006838,766,258,491,125,27
340,415,1016,Shamela0005922,2856,1067,1392,143,25
340,274,1016,Shia003732Vols,1839,457,1264,224,24
340,428,1016,Sham19Y0146127,3323,1,277,135,25
340,415,1016,Sham19Y0148486,6000,518,847,144,25
340,274,1001,Shia003714Vols,409,512,1231,210,24
340,420,1016,ShamAY0034441,297,142,407,161,33
340,274,997,Shamela0009783BK1,941,131,907,200,21
340,282,1016,Shamela0023628,2818,174,933,215,24
341,384,1181,Shia003616Vols,194,38,626,354,53
342,1,287,Shia003732Vols,1840,526,1078,196,43
343,967,1251,Shamela0004473,5702,6,231,128,51
343,111,514,Shia003616Vols,194,1056,1537,215,47
343,810,1475,Shia003616Vols,195,1,558,288,43
343,553,719,Shia003732Vols,1840,1211,1418,131,75
343,128,514,Shia003732Vols,1841,82,531,266,70
343,105,309,Shamela0010283,3533,971,1202,165,86
343,190,383,Shamela0001686,460,1,199,142,83
344,317,964,Sham19Y0122397,205,590,895,175,33
345,895,1329,Shia003616Vols,195,983,1360,254,67
345,938,1087,Tafsir07057,4119,1107,1614,111,27
345,895,1318,Shia001432Vols,35456,15,344,241,71
345,887,1429,Shia003732Vols,1841,870,1469,416,87
346,555,1008,Shia003616Vols,196,360,685,177,46
346,5,432,Shia003616Vols,196,72,447,209,54
346,185,447,Shamela0024831,23,1126,1372,144,68
346,1,1470,Shia003732Vols,1842,11,1358,893,70
346,15,417,Shamela0009873,1390,1066,1555,255,62
346,729,1241,Shamela0009873,1391,291,757,206,43
346,5,447,Shia002218Vols,478,334,767,153,34
348,1029,1357,Shia003616Vols,197,1,239,177,67
349,367,708,Shamela0004473,9405,595,1048,253,67
349,1253,1499,Shamela0012406,685,914,1239,142,51
349,955,1308,Shia003616Vols,195,122,465,90,24
349,1331,1499,Shia003616Vols,196,710,941,134,71
349,358,682,Shia003616Vols,197,440,761,257,97
349,1331,1499,Shia001432Vols,35454,907,1120,129,74
349,1331,1499,Shia003732Vols,1843,95,273,124,86
349,1345,1499,Shamela0010283,3534,20,209,105,61
349,1243,1499,Shamela0001686,460,334,664,143,50
350,247,504,Shamela0012406,685,964,1497,151,32
350,58,504,Shia003616Vols,197,1010,1487,270,62
350,355,491,Shia003636Vols,725,194,322,90,83
350,1032,1476,Shia003732Vols,1845,65,562,245,52
350,355,561,Shamela0009773,288,72,336,108,46
350,247,561,Shamela0001686,460,393,1041,160,28
350,786,941,JK000533,965,33,168,91,75
351,697,1393,Shia001384,28,668,1486,301,37
351,160,758,Shia003616Vols,198,121,536,177,30
351,822,1262,Shia003636Vols,728,340,859,288,66
351,798,1262,Shia003636Vols,1168,854,1391,297,65
351,160,758,Shia004092Vols,3059,288,709,179,30
351,822,1262,Shia004092Vols,3061,802,1347,297,67
351,1,758,Shia003732Vols,1845,591,1393,295,34
351,803,1268,Shia003732Vols,1846,8,457,328,88
351,47,432,Shamela0010283,3535,136,444,197,59
351,803,1268,Shamela0009873,1383,39,628,300,62
351,810,1465,Shia003707Vols,184,65,667,287,47
351,47,758,Shamela0001686,460,1073,1504,287,48
351,353,682,Shia003695Vols,208,224,488,117,38
352,1423,1560,Shamela0012406,688,386,555,105,78
352,92,753,Shia003616Vols,1505,1032,1320,176,33
352,533,753,ShamAY0032379,493,531,718,134,74
352,214,1203,Shia003732Vols,1847,210,946,300,29
352,1026,1560,Shia003732Vols,1848,500,917,311,72
352,1408,1560,Shamela0010283,3535,1243,1427,117,78
352,533,753,Sham19Y0018254,238,476,664,134,74
352,533,753,Shia002170Vols,57,1285,1472,134,74
352,994,1550,Shia003656Vols,685,1,463,337,71
352,214,518,Shia003656Vols,1033,354,652,231,92
352,1408,1560,Shamela0001686,461,199,383,118,79
353,794,1068,Shia002463Vols,12,1223,1458,171,76
353,794,1249,ShamAY0035950,66,183,540,235,60
353,794,1332,Shia000820Vols,171,516,976,306,66
353,794,1389,Shamela0003328,27,881,1399,314,61
353,794,1227,ShamAY0031687,364,971,1385,275,74
353,794,1389,ShamAY0031687,613,768,1270,276,52
353,794,1027,Shamela0021495,165,1151,1557,150,43
353,935,1332,ShamAY0034050,142,1,338,236,70
353,794,1379,ShamAY0034050,295,648,1166,316,61
353,794,1249,ShamAY0034050,597,271,671,269,68
353,1,649,Shia003616Vols,198,951,1514,316,53
353,794,1389,ShamAY0034073,520,247,887,316,52
353,890,1332,ShamAY0034282,412,1,392,263,68
353,707,1332,Shamela0025794,2075,796,1390,317,54
353,717,1389,Sham19Y0036114,310,53,684,298,49
353,794,1389,Shamela0007891,301,17,586,334,61
353,866,1332,Shia002924Vols,977,544,945,252,61
353,863,1389,Shamela0001875,229,5,572,324,64
353,866,1332,Shamela0009242,533,989,1414,264,62
353,830,1332,Shia002119Vols,815,918,1353,282,65
353,707,1337,Sham19Y0131336,318,735,1407,345,53
353,691,1332,Shamela0000137,976,378,915,326,60
353,794,1332,Shamela0005922,745,100,549,308,68
353,794,1332,Sham19Y0013667,1975,409,878,285,61
353,963,1332,Shamela0006610,248,1,327,200,60
353,1,543,Shia003732Vols,1848,917,1414,313,63
353,201,784,Shamela0010283,3536,10,418,277,58
353,794,1332,Shamela0002863,281,503,960,312,68
353,788,1304,Sham19Y0148486,639,1081,1512,261,60
353,335,784,Shia003714Vols,415,318,631,199,54
353,794,1389,Shamela0022868,115,624,1139,320,62
353,824,1374,Shia000819,103,466,926,292,64
353,794,1332,JK000677,1,647,1111,301,64
353,794,1389,Shamela0013033,1,610,1212,333,58
353,794,1332,Shamela0010765,160,144,564,274,62
353,863,1332,Sham19Y0122406,4642,227,597,246,62
353,707,1332,Shamela0005756,2943,454,936,237,44
353,6,1542,Shia003656Vols,685,459,1227,526,40
353,794,1512,Shamela0006227,133,483,1008,297,45
353,971,1512,Shamela0012415,132,1,484,240,47
353,875,1315,Sham19Y0014032,111,1025,1364,213,57
353,6,784,Shamela0001686,461,304,848,337,53
353,794,1332,Sham19Y0123510,141,748,1187,290,64
353,866,1249,Shia000841Vols,1230,1299,1584,192,62
354,1028,1522,Shamela0000551,3057,306,813,311,72
354,1174,1527,Shamela0000551,3058,12,468,202,54
354,1069,1508,JK010001,1645,130,555,264,67
354,1035,1309,Sham19Y0131521,6805,1071,1470,165,50
354,1072,1522,Shamela0036446,459,191,632,254,62
354,1016,1243,ShamAY0033522,711,1264,1466,151,81
354,1069,1527,Shia002616Vols,298,964,1447,297,70
354,1069,1527,JK007065,717,639,1160,299,66
354,1,593,Shia003616Vols,199,984,1506,276,46
354,1069,1527,Shamela0007289,5792,702,1188,299,70
354,1035,1527,Sham19Y0006684,4278,785,1256,298,71
354,1069,1527,ShamAY0038419,152,578,986,260,65
354,1035,1265,Shamela0003722,3060,1164,1386,163,84
354,1275,1527,Shamela0003722,3061,6,262,184,84
354,1069,1483,Shamela0010664,538,1153,1545,243,68
354,1072,1320,Shamela0001025,195,1260,1508,171,80
354,1035,1522,Shamela0007891,2056,927,1383,316,78
354,1016,1527,Shamela0012399,3891,338,873,306,64
354,1035,1409,Shamela0012399,3894,533,1036,243,58
354,1035,1527,Shamela0022547,1233,376,887,292,64
354,1035,1527,JK000475,1877,51,547,342,82
354,1035,1359,Shia001432Vols,21642,379,747,214,71
354,1069,1366,Shia001432Vols,21869,1163,1468,180,69
354,1069,1527,Tafsir07055,1727,716,1198,296,70
354,1035,1527,Shia002119Vols,3685,798,1268,298,71
354,1035,1527,ShamAY0033938,1257,8,541,319,69
354,1069,1527,Shamela0023695,778,62,532,281,65
354,1072,1324,Shamela0025800,2828,1272,1550,163,70
354,1215,1527,Sham19Y0127677,6290,14,343,202,69
354,1035,1224,Shamela0005733,25,1248,1434,136,86
354,1224,1527,Shamela0005733,26,1,315,213,81
354,1083,1527,Shamela0004289,967,1,448,283,71
354,1035,1359,JK009266,19,624,952,212,79
354,1035,1359,Shamela0023635,94,871,1194,220,83
354,185,910,Shia003732Vols,1849,474,944,308,49
354,1035,1522,Sham19Y0122401,1447,847,1282,285,72
354,1072,1527,Sham19Y0132524,2235,193,715,297,65
354,1069,1508,JK000917,1524,321,750,268,68
354,1035,1527,Shamela0021479,130,116,616,355,85
354,1069,1508,JK006950,23,452,919,284,69
354,1035,1527,Shamela0028107,700,158,637,300,70
354,1035,1527,Shamela0022868,239,441,953,312,69
354,1016,1527,Shamela0001719,2939,255,759,305,68
354,1035,1247,Shamela0026440,28,1254,1462,153,87
354,1035,1527,ShamAY0032665,2444,69,618,311,65
354,1069,1527,Shamela0025791,527,426,885,276,65
354,1069,1527,Sham19Y0020638,1033,262,740,293,70
354,1069,1527,Sham19Y0017616,368,188,687,299,69
354,1035,1527,Sham19Y0018144,2444,174,723,311,65
354,1072,1315,Sham19Y0013223,1082,1248,1497,143,64
354,222,534,Shamela0009873,1386,107,390,152,48
354,1035,1224,Sham19Y0122406,3415,1309,1523,126,72
354,1069,1527,Shamela0008381,114,988,1427,241,56
354,1035,1498,Sham19Y0001729,1899,20,487,327,82
355,4,582,Shamela0000551,3057,792,1269,320,68
355,39,346,Shamela0000551,3058,988,1490,199,49
355,148,582,JK010001,1645,724,1095,229,65
355,370,582,Shia002264,488,844,1043,150,87
355,317,645,Sham19Y0131521,6797,1,630,168,30
355,1,582,Sham19Y0131521,6806,236,938,225,30
355,127,598,Shamela0036446,459,735,1175,274,69
355,4,582,Shamela0009841,56,838,1413,359,70
355,4,582,ShamAY0034350,31,576,1180,356,66
355,148,582,Shia002616Vols,299,114,505,249,70
355,370,582,JK007065,718,1,201,157,90
355,346,598,Shamela0037458,115,834,1011,123,61
355,365,582,Shamela0021597,2123,1377,1518,113,64
355,39,582,Shia003616Vols,200,142,455,232,53
355,1275,1529,Shia003616Vols,1311,40,295,204,99
355,365,582,Shamela0007289,5793,5,209,157,87
355,4,211,Sham19Y0006684,4278,1269,1472,119,68
355,211,582,Sham19Y0006684,4279,1,275,203,68
355,100,582,Sham19Y0122096,501,164,616,267,64
355,1,582,Shamela0003722,3061,262,826,441,93
355,4,582,Shamela0010664,539,84,668,343,67
355,1,582,Shamela0001025,196,185,787,403,76
355,1,189,Shamela0007891,2056,1359,1536,133,82
355,189,582,Shamela0007891,2057,7,379,272,85
355,4,582,Shamela0012399,3891,886,1363,320,68
355,4,286,Shamela0012399,3895,169,845,152,28
355,4,598,Shamela0022547,1233,895,1457,334,65
355,1,582,JK000475,1877,547,1092,406,84
355,61,606,JK000475,2273,260,647,230,50
355,306,576,Sham19Y0020591,1891,882,1493,156,29
355,4,582,Shia001432Vols,21870,196,781,340,68
355,311,582,Tafsir07055,1728,1,253,178,81
355,184,582,Shia002119Vols,3686,1,302,225,70
355,127,598,ShamAY0033938,1257,672,1115,278,69
355,445,582,Sham19Y0145212,2595,21,295,111,50
355,127,582,Shamela0023695,778,663,1086,261,68
355,127,582,Shamela0025800,2829,353,784,271,70
355,4,641,Shamela0005733,26,323,1048,412,65
355,470,582,Sham19Y0016976,1332,441,553,90,100
355,470,582,Shamela0011036,2134,412,524,89,99
355,4,598,Shamela0004289,967,456,1019,357,70
355,459,582,Sham19Y0122257,2446,109,238,96,92
355,4,582,Sham19Y0014462,108,342,821,320,68
355,39,582,Shia003732Vols,1849,967,1374,311,71
355,1,286,Sham19Y0122401,1447,1258,1527,164,69
355,176,582,Sham19Y0132524,2236,1,360,244,73
355,4,582,JK000917,1524,758,1279,316,64
355,1,582,Shamela0021479,130,616,1218,409,79
355,189,582,ShamAY0031806,923,721,1009,218,68
355,4,582,JK006950,23,927,1456,327,65
355,4,582,Shamela0028107,700,650,1133,319,67
355,127,582,Shamela0022868,239,1083,1512,275,71
355,470,582,Shamela0001719,2037,382,493,88,98
355,4,582,Shamela0001719,2939,772,1251,321,68
355,470,582,Sham19Y0014119,448,56,168,90,100
355,29,582,Shamela0008360,625,237,903,328,55
355,1,625,Shamela0026440,29,254,915,414,71
355,234,659,ShamAY0034005,533,8,455,227,60
355,29,582,ShamAY0032665,2444,647,1167,325,68
355,61,606,JK000735,214,227,595,214,46
355,29,582,Shamela0008176,5254,461,1125,327,55
355,4,582,Shamela0025791,527,893,1469,350,69
355,184,582,ShamIbadiyya0000438,1011,1,338,216,66
355,365,582,Shamela0007441,588,238,379,112,64
355,73,582,Shamela0021751,7249,1080,1478,279,68
355,122,582,Sham19Y0020638,1033,866,1290,270,69
355,15,582,Shamela0008203,111,803,1329,300,60
355,127,582,Sham19Y0017616,368,819,1247,269,69
355,29,582,Sham19Y0018144,2444,752,1272,325,68
355,29,582,Sham19Y0013223,1083,226,756,330,69
355,470,582,Sham19Y0017063,999,1163,1276,90,99
355,127,598,Sham19Y0122406,3416,1048,1490,273,69
355,306,582,Sham19Y0020944,1242,916,1442,161,35
355,350,598,Shamela0023628,70,886,1059,123,62
355,1,582,Sham19Y0001729,1899,490,1027,394,83
356,767,969,ShamAY0034068,2635,996,1209,134,76
356,215,579,Shamela0026662,41,1,344,184,60
356,37,684,Shamela0023833,611,1,713,243,31
356,983,1501,ShamAY0036107,10,1049,1307,132,30
356,13,684,Shamela0009770,404,772,1488,258,36
356,13,579,Shia003727Vols,76,621,1338,274,44
356,1,1501,Shia003616Vols,200,630,1534,538,43
356,1,745,Shia003616Vols,1311,295,1065,585,93
356,655,1362,Shia003616Vols,2089,741,1476,523,88
356,1362,1501,Shia003616Vols,2090,1,140,113,100
356,790,1273,Shia001887Vols,1256,45,442,202,44
356,655,953,Shamela0003118,387,1154,1454,142,48
356,487,901,Shamela0003118,3789,534,1014,232,52
356,800,1501,Shia001663Vols,102,1027,1395,219,38
356,28,579,Shamela0004445,1646,1,699,271,45
356,13,463,Shamela0004445,2783,476,986,238,53
356,13,499,Shamela0010637,312,831,1378,247,52
356,1,731,Shia001432Vols,35467,630,1127,323,54
356,13,418,Shia003702,103,760,1195,188,48
356,171,819,Shia003732Vols,1835,85,806,363,56
356,983,1501,Shia003732Vols,1843,419,844,265,59
356,764,953,Shia003732Vols,1852,119,304,138,90
356,470,731,Shia003732Vols,4207,101,369,182,82
356,478,819,Shamela0006590,362,145,541,224,70
356,764,1012,Shamela0006590,367,704,973,160,74
356,210,688,Shia003714Vols,407,416,874,199,46
356,655,1182,ShamAY0032665,1941,948,1489,175,30
356,93,418,Shamela0001043,413,1133,1527,176,49
356,146,684,Shamela0006864,1297,1,597,199,30
356,764,969,Shamela0012884,4052,700,936,138,72
356,655,953,Sham19Y0018144,1941,1040,1342,146,49
356,514,749,Shamela0009873,1400,803,1073,161,75
356,786,1335,JK009218,957,113,735,249,40
356,141,463,Shia003656Vols,1029,208,567,181,58
356,754,1048,Shia003656Vols,1030,956,1149,128,50
356,665,1316,JK000435,29,493,1199,240,35
356,470,749,JK000916,12570,1012,1302,210,92
356,665,1273,Shamela0001686,465,451,887,240,47
356,37,579,Shamela0008362,921,390,963,268,52
357,1183,1435,Shamela0035100,869,1120,1359,149,66
357,143,609,Shamela0035100,869,704,1207,229,48
357,1,236,ShamAY0036107,10,1307,1502,118,63
357,33,1319,Shia003616Vols,201,14,974,677,64
357,1,1245,Shia003616Vols,2090,166,1476,983,94
357,1245,1456,Shia003616Vols,2091,1,213,164,96
357,318,1319,Shia001663Vols,103,1,816,581,71
357,143,609,Shamela0010906,860,913,1415,226,48
357,1,662,Shia003732Vols,1843,844,1540,501,89
357,662,1193,Shia003732Vols,1844,1,661,277,49
357,187,1289,Shamela0009873,1381,188,1353,312,22
357,917,1242,JK009218,957,897,1294,224,68
358,1,1265,Shia003616Vols,2091,213,1513,1013,97
358,1265,1485,Shia003616Vols,2092,1,227,139,77
359,195,861,Shamela0012406,689,604,1044,305,57
359,190,670,Shia003732Vols,1852,613,1444,307,43
359,670,1479,Shia003732Vols,1853,1,829,601,88
359,222,837,Shamela0009873,1391,738,1452,227,35
359,837,1164,Shamela0009873,1392,1,255,163,58
359,939,1067,ShamAY0034434,152,273,786,67,16
359,130,861,Shamela0001686,1472,1,575,408,69
360,5,1014,Shamela0004473,5703,50,1196,332,28
360,175,982,ShamAY0034068,2621,298,1096,266,32
360,175,1092,Shamela0009790,307,501,1392,306,33
360,175,982,Sham19Y0145435,1526,399,1205,272,32
360,175,718,Shamela0012406,689,1148,1502,242,52
360,649,1050,Shamela0012406,690,22,191,132,40
360,5,571,Shamela0023833,619,741,1435,202,28
360,587,1092,Shamela0023833,620,1,528,162,31
360,175,1085,Shamela0035100,159,285,1165,292,31
360,175,1092,Shamela0009770,412,519,1429,307,33
360,175,779,Shamela0021766,3537,945,1528,208,34
360,460,1092,Shamela0004445,1666,1,654,225,34
360,175,982,Shia001432Vols,8410,40,652,280,36
360,450,982,Shamela0023578,2445,48,557,212,39
360,175,982,Shamela0005816,125,659,1357,244,30
360,175,982,JK001336,585,527,1264,258,31
360,175,982,Tafsir02096,1561,121,873,253,32
360,5,514,JK006838,775,935,1523,190,34
360,226,982,Shia002359Vols,3423,1,584,256,35
360,373,982,Shamela0009784,1002,471,1151,225,33
360,1,722,Shia003732Vols,1853,829,1557,546,90
360,722,1553,Shia003732Vols,1854,1,849,576,78
360,450,1092,Shamela0010283,3537,217,814,225,34
360,175,899,Shamela0012935,240,836,1525,252,35
360,17,899,Shamela0012396,158,667,1504,267,29
360,175,1092,Shia003714Vols,416,104,1021,302,31
360,450,982,Tafsir02091,1654,867,1356,198,36
360,5,899,Shamela0006864,1305,404,1389,306,29
360,175,982,Shamela0009898,133,92,800,250,30
360,175,870,Shamela0009873,1392,619,1543,416,54
360,175,982,Shamela0009783BK1,947,421,1227,272,32
360,175,982,ShamAY0034434,152,511,1204,246,30
360,175,1530,Shamela0001686,1472,662,1386,447,38
360,384,982,Shamela0023628,2823,16,614,216,35
360,175,613,JK000910,28,1081,1499,186,43
360,175,566,Shamela0000041,2039,1061,1465,150,37
360,587,982,Shamela0000041,2040,26,361,138,36
361,1,275,Shia003616Vols,202,586,825,160,69
361,1239,1473,Shia003616Vols,202,934,1120,137,71
361,1,743,Shia003732Vols,1854,849,1523,481,75
362,167,631,Shamela0012406,690,475,751,196,50
362,202,676,Shamela0001686,1473,6,297,209,54
364,200,929,Shamela0023582,423,451,1152,483,80
364,194,1163,Shamela0000976,58,661,1447,496,60
364,1163,1413,Shamela0000976,59,4,206,153,74
364,194,576,JK008250Vols,816,1074,1481,267,75
364,576,1458,JK008250Vols,817,1,870,560,74
364,194,947,Sham19Y0127677,5826,695,1470,484,72
364,947,1458,Sham19Y0127677,5827,1,522,359,81
364,194,892,Shia002265Vols,3314,703,1444,445,69
364,892,1458,Shia002265Vols,3315,1,576,394,80
364,169,423,Shamela0007370,2299,1276,1535,195,90
364,423,929,Shamela0007370,2300,1,501,357,84
364,169,362,Shamela0007370,2423,753,943,146,90
364,200,681,ShamAY0032665,1941,1257,1489,142,35
364,244,883,Shamela0001438,7943,941,1456,332,62
364,883,1458,Shamela0001438,7944,1,585,405,81
364,200,662,Sham19Y0018144,1941,1349,1562,127,32
364,194,1255,JK009390,5575,331,1437,703,74
364,1255,1458,JK009390,5576,1,206,149,87
364,322,1458,JK009390,7419,1,1134,754,77
365,656,1152,JK000646,13,885,1418,238,48
365,812,1194,Shamela0001341,83,457,788,166,49
365,823,1096,Shamela0000551,900,85,292,132,58
365,646,1096,JK000024,105,272,697,198,44
365,804,1096,JK007054,915,1245,1532,184,68
365,646,1198,Shia003616Vols,203,6,379,194,35
365,617,1096,Shia003616Vols,2105,933,1448,311,69
365,1088,1323,Shia003616Vols,2106,16,242,153,83
365,785,1194,Shia001237Vols,1191,12,452,180,40
365,759,1096,JK001266,16,103,410,184,59
365,759,1161,JK000021,1183,116,497,232,66
365,812,1082,Sham19Y0132617,154,538,773,151,67
365,1,371,JK008250Vols,817,870,1361,212,50
365,815,1109,Shia001391,22,612,821,134,55
365,1,371,Sham19Y0127677,5827,522,963,190,45
365,1,371,Shia002265Vols,3315,576,1016,189,47
365,656,1096,ShamAY0038405,710,369,898,216,44
365,815,1096,Shia001369,20,1408,1620,137,59
365,759,1194,Shamela0012845,27,812,1251,215,52
365,656,1214,Shamela0006590,367,732,1381,266,43
365,1,371,Shamela0001438,7944,585,1023,190,44
365,759,1194,Shamela0012991,148,824,1267,194,45
365,1,371,JK009390,5576,206,648,192,45
366,989,1447,Shamela0023833,621,744,1189,125,24
366,1,328,Shia003616Vols,203,242,615,168,49
366,989,1351,Shamela0021766,3539,731,1206,127,27
366,1102,1447,Shamela0004445,1668,617,832,101,35
366,1060,1351,Tafsir02096,1562,752,1260,134,31
366,1102,1351,Shamela0009784,1005,66,377,122,45
366,739,1298,Shamela0023594,1556,619,1118,254,48
366,985,1447,Shamela0010283,3538,421,785,98,19
366,989,1447,Shamela0006864,1307,348,793,125,24
366,378,1089,Shamela0009873,1394,764,1481,261,37
366,1060,1447,Shamela0009783BK1,949,304,581,112,33
366,331,1454,Shia003656Vols,691,278,879,441,48
366,1194,1351,Shamela0023628,2825,1,246,89,45
366,989,1351,Shamela0000041,2041,945,1420,127,27
367,131,514,Shamela0009790,309,512,903,234,64
367,94,514,Sham19Y0145435,275,722,1155,256,65
367,138,474,Shamela0012406,690,862,1120,108,29
367,94,514,Sham19Y0148271,495,280,703,247,63
367,94,514,Shamela0025794,4433,768,1189,253,65
367,94,514,Shamela0004445,1668,872,1303,256,66
367,99,495,Shamela0005816,126,1044,1451,248,70
367,94,474,SHAM19Y23644,1179,914,1363,200,48
367,94,514,Shamela0021809,567,878,1301,250,64
367,94,514,Shamela0013087,56,864,1301,252,64
367,99,514,Shamela0009898,134,450,870,259,70
367,88,337,Shamela0009873,1395,1147,1432,140,50
367,521,1065,Shamela0009873,1396,117,551,315,72
367,19,730,Shia003656Vols,691,879,1494,469,81
367,730,1299,Shia003656Vols,692,1,313,235,51
367,99,514,ShamAY0034434,153,870,1310,264,70
367,138,431,Shamela0001686,462,373,608,167,66
368,392,1300,Shia003732Vols,1860,424,1268,425,46
368,603,1337,Shia003656Vols,692,590,1011,252,42
368,613,868,Shamela0001686,462,810,979,135,64
369,250,1035,Shia003725,17,748,1177,232,34
369,707,1045,ShamAY0034059,4921,1,176,129,46
369,188,668,Shia003616Vols,203,1153,1532,242,60
369,668,1520,Shia003616Vols,204,1,787,609,86
369,188,395,Shia001432Vols,35465,1218,1416,133,79
369,395,1493,Shia001432Vols,35466,1,957,708,77
369,75,1030,Shia003732Vols,1861,709,1478,476,55
369,180,1035,Shamela0009773,285,943,1418,248,33
369,246,1049,Shamela0009873,1401,413,1087,312,41
369,1,607,Shia003656Vols,692,1031,1500,347,70
369,607,1049,Shia003656Vols,693,1,428,335,92
370,561,1047,Shamela0004473,2543,1,495,235,46
370,756,970,Shamela0004473,15897,240,393,124,71
370,704,1024,ShamAY0034059,4923,901,1148,194,74
370,188,727,ShamAY0034443,123,1265,1593,250,56
370,549,852,Shamela0023588,1391,671,1313,217,41
370,704,1032,JK010001,3573,415,666,203,76
370,627,1072,Shamela0010523,159,1,381,251,63
370,704,945,JK007095,496,1235,1648,129,34
370,549,840,Shamela0008473,3780,130,379,203,85
370,108,1032,Shamela0023833,632,276,1418,593,57
370,65,662,Shamela0009770,423,506,975,291,53
370,549,1032,Shia002341Vols,3149,911,1277,297,75
370,168,1072,Shamela0023613,3785,891,1559,474,61
370,704,1015,Shamela0037458,3334,1255,1546,181,65
370,549,1032,ShamAY0034073,3903,1049,1412,296,75
370,549,1072,Shamela0095590,3526,1034,1571,317,59
370,372,662,Shia001294Vols,63,1196,1400,168,70
370,704,1032,ShamIbadiyya0000075,721,821,1263,210,55
370,434,1072,Tanzil001,182,1,488,342,60
370,591,970,Sham19Y0020891,4912,404,1060,223,36
370,188,1072,Shamela0004445,1636,847,1496,454,59
370,168,1072,Shia001432Vols,8393,265,935,474,60
370,344,662,Shia001432Vols,8447,37,253,178,67
370,591,1041,Shamela0009789,322,839,1449,267,50
370,375,1072,Shamela0023578,2435,1,546,390,64
370,591,970,Tafsir03097,1275,630,904,221,72
370,372,970,JK000379,81,739,1149,334,68
370,704,1032,Tafsir07055,3723,717,967,202,76
370,570,1032,Zaydiyya0000062,1584,704,1231,293,60
370,591,975,Shamela0010273,2489,230,511,224,72
370,549,1072,Shamela0029743,843,15,473,317,68
370,71,872,JK006838,769,288,936,390,55
370,549,1072,Shia002359Vols,3425,1,457,313,66
370,372,790,Shamela0022653,323,1235,1526,238,69
370,188,1072,JK009266,7307,129,777,454,59
370,408,840,Zaydiyya0000236,357,132,437,246,69
370,549,835,JK007018,567,305,548,198,84
370,372,1072,Shamela0023594,1557,1023,1571,392,64
370,349,662,Shamela0023623,371,1012,1222,174,67
370,168,1072,Shamela0023623,3245,921,1589,474,61
370,349,543,Shamela0010283,3540,302,795,129,30
370,361,662,Shamela0023632,2861,1377,1592,172,69
370,704,1032,Shamela0023632,2863,590,842,203,76
370,399,1032,Shamela0012935,250,212,738,380,71
370,549,1072,Shamela0021821,1467,850,1308,317,68
370,704,1032,JK006476,1349,397,992,198,36
370,188,1072,Shia002406Vols,6256,825,1465,455,60
370,591,985,ShamAY0034052,1772,467,769,232,70
370,549,835,JK009396,1197,924,1168,199,85
370,188,1072,JK011068,131,468,1118,455,59
370,188,1072,ShamAY0036821,1592,729,1373,449,59
370,591,1072,JK000791,1830,874,1508,293,49
370,344,662,Shamela0023631,601,17,232,178,67
370,211,835,Shamela0023631,3741,832,1390,322,51
370,168,731,Shamela0023614,936,1321,1672,272,58
370,731,1072,Shamela0023614,937,1,318,202,64
370,372,945,Shia001278Vols,168,692,1229,316,56
370,555,1032,Shamela0006864,1318,1,664,331,59
370,434,1015,Shia002356Vols,966,1072,1561,287,49
370,408,840,Shia001386,32,663,967,244,68
370,49,1230,Shamela0012884,4036,644,1501,636,64
370,168,662,Sham19Y0023618,1428,547,871,251,61
370,704,1032,Sham19Y0023618,1429,1318,1570,203,76
370,155,662,Sham19Y0013223,2929,170,512,257,61
370,585,970,Tafsir09068,931,1058,1557,209,49
370,344,1072,Shia003656Vols,677,541,1118,401,63
370,372,970,Shamela0022928,680,766,1478,297,44
370,549,1072,Shamela0023628,2826,801,1258,317,68
370,549,985,Shamela0000041,2043,787,1198,267,63
370,408,840,Shia001357,133,539,843,248,69
370,168,1066,Shamela0023591,5600,984,1646,469,60
370,163,1072,Shamela0023591,5613,593,1266,475,60
371,164,681,Shamela0023833,636,982,1372,163,35
371,237,681,Shia003616Vols,204,1030,1294,131,35
371,264,681,Sham19Y0013252,6528,763,933,105,32
371,164,921,Shamela0009784,1006,742,1314,193,27
371,457,1200,Shia003732Vols,1861,55,732,318,43
371,260,974,JK000917,1257,543,1158,182,23
371,271,427,Shia003714Vols,303,411,897,82,22
371,264,681,Shia003714Vols,419,1286,1456,105,32
371,164,1040,Shamela0006864,1322,271,944,216,26
371,244,440,Shamela0023700,168,848,1095,55,19
371,127,237,JK000916,9488,514,624,86,100
371,164,1232,Shamela0001686,462,810,1361,238,24
372,673,886,ShamAY0034059,4940,302,743,99,25
372,1181,1531,Shamela0009862,153,450,1105,125,21
372,335,1281,Shia003616Vols,205,285,1253,634,71
372,896,1276,Shia003616Vols,1646,393,766,236,67
372,768,1181,Shamela0021766,3551,342,866,195,38
372,773,1242,Shia003732Vols,1890,117,752,242,41
372,568,1044,JK009242,395,585,1193,232,43
372,465,1044,Shamela0010283,3545,304,726,209,40
372,568,1044,JK000791,1838,1010,1460,218,46
372,331,1044,Zaydiyya0000037Vols,173,453,890,291,50
372,568,1010,Shamela0005756,3989,964,1286,135,32
372,320,1044,Shamela0001686,466,614,1073,319,52
373,578,977,Shamela0001515,297,713,1038,170,49
373,651,902,ShamAY0034059,4940,776,936,97,49
373,563,977,Shamela0009790,134,826,1170,155,40
373,568,1141,Shamela0023833,623,209,736,193,34
373,568,1114,Shamela0009770,415,858,1318,171,34
373,578,902,Shia003616Vols,205,1200,1506,201,70
373,1243,1472,ShamAY0034585,436,498,736,173,85
373,1276,1478,Shamela0003118,1144,162,367,156,87
373,642,1478,Shamela0021766,3552,1,683,459,62
373,1276,1478,Sham19Y0127677,5397,27,211,143,82
373,1085,1472,Shia002265Vols,3400,197,515,175,54
373,568,1384,Shia003732Vols,1890,680,1513,430,54
373,568,1114,Shamela0012935,244,518,974,179,36
373,1276,1478,Shamela0001438,7451,1150,1334,143,82
373,632,977,Shia003919Vols,443,858,1076,112,35
373,568,785,Shamela0009873,1403,1217,1483,113,48
373,1236,1478,JK000916,2983,794,1039,187,89
374,13,1465,Shia003616Vols,206,141,1144,511,38
374,1,742,ShamAY0034585,436,736,1430,519,85
374,1,407,Shamela0003118,1144,367,757,309,95
374,1,603,Shamela0021766,3552,683,1508,396,54
374,1,441,Sham19Y0127677,5397,211,674,314,79
374,1,441,Shia002265Vols,3400,520,984,322,83
374,1,742,Shia003732Vols,1891,95,1213,482,50
374,1,193,Shamela0001438,7451,1334,1520,143,90
374,193,441,Shamela0001438,7452,1,320,191,75
374,639,1407,Shia003656Vols,696,8,505,308,47
374,1,431,JK009390,5611,681,1033,251,71
374,1,407,JK009390,6125,1135,1465,249,74
374,1,407,JK000916,2983,1039,1429,309,95
375,796,1022,Shia003616Vols,206,1347,1567,152,83
375,80,1562,Shamela0021766,3553,165,1468,642,44
375,737,1562,Shia003732Vols,1892,40,1085,458,46
375,796,1156,Sham19Y0145166,268,1209,1508,190,61
375,1285,1552,Shamela0009873,1406,935,1126,128,58
375,75,1194,Shia003656Vols,696,490,1205,454,47
376,85,699,Shamela0021766,3554,6,513,242,41
376,1,572,Shia003732Vols,1892,1085,1516,269,50
377,555,813,Shamela0001515,299,33,289,167,81
377,1,321,Shia003616Vols,3085,132,455,257,97
377,321,1056,Shia003616Vols,3086,715,1451,579,98
377,1,701,Shamela0021766,3554,957,1541,424,71
377,713,1115,Shamela0021766,3555,1,376,255,74
377,1,1051,Shia003732Vols,1893,574,1501,699,81
377,1,279,Shamela0006590,372,170,454,222,96
377,372,1335,Shamela0009873,1407,597,1009,303,38
377,521,748,Shia003656Vols,698,1,236,180,95
377,1335,1488,JK000916,6844,1182,1332,120,98
377,244,950,JK000533,1755,964,1435,298,52
378,66,618,ShamAY0033949,152,849,1461,335,59
378,625,1171,ShamAY0033949,153,7,567,346,68
378,190,1171,Sham19Y0127677,7594,502,1464,593,66
378,242,1171,Sham19Y0146127,1956,1,728,444,55
378,190,1171,Sham19Y0148486,3707,163,1126,595,67
378,200,1171,Shia002185Vols,3059,284,911,310,37
378,1261,1482,Shia002183,60,477,706,155,79
378,1,155,JK000916,6844,1332,1488,117,90
379,153,405,Shamela0001515,299,906,1097,132,67
379,1,1006,SHAM19Y23644,1183,800,1367,339,38
379,678,1190,Shia003732Vols,1894,338,996,270,42
379,1129,1470,Shia003732Vols,1894,987,1483,183,42
379,11,1148,Shamela0009873,1409,583,1226,377,41
379,6,1283,Shia003656Vols,1036,675,1464,542,51
379,1,1234,Shia002183,60,706,1457,587,59
380,260,771,Shamela0035100,369,648,1157,262,51
380,1,599,Shamela0021766,3556,706,1005,226,47
380,414,771,Shamela0010906,554,28,408,256,83
380,371,786,JK006838,1174,180,578,242,66
380,490,1292,SHAM19Y23644,1184,1,263,188,28
380,1,599,Shia003732Vols,1895,6,313,226,46
380,260,822,Shamela0012884,2451,790,1355,291,51
380,229,1287,Shia002183,61,74,777,531,61
380,260,822,Shia002218Vols,373,91,615,274,50
381,11,494,Shamela0000551,1742,244,641,232,52
381,14,438,ShamAY0034068,2640,297,753,251,63
381,6,438,Sham19Y0145435,1530,120,605,264,63
381,34,438,Shamela0026662,63,1017,1430,241,66
381,11,801,Shamela0023833,625,651,1435,355,42
381,11,438,Shamela0035100,171,943,1383,226,54
381,34,457,Shamela0009770,417,925,1358,240,62
381,6,505,Shamela0002247,104,1039,1434,287,69
381,1152,1457,Shia003616Vols,208,123,361,187,75
381,1245,1490,Shia003616Vols,2120,1,172,123,61
381,11,511,Shamela0026764,38,631,1346,294,47
381,125,438,Shamela0021766,3556,1,342,190,64
381,11,460,Shia001432Vols,8458,439,953,278,64
381,11,194,Shamela0023578,2455,1220,1441,117,66
381,11,438,Shamela0010906,356,370,810,226,54
381,34,417,Shamela0023695,392,1148,1475,209,66
381,11,494,Shamela0026568,206,339,907,262,54
381,29,438,Tafsir02096,736,964,1332,206,59
381,11,432,Shamela0009784,1013,290,798,267,63
381,11,422,Shia003732Vols,1895,993,1437,242,61
381,898,1457,Shia003732Vols,1896,360,863,295,60
381,42,457,Shamela0010283,3547,664,1097,233,60
381,34,384,Shia001149Vols,1786,1194,1468,169,57
381,11,422,Shamela0023685,230,984,1405,244,64
381,6,457,Shia003714Vols,423,729,1242,260,58
381,90,438,Shamela0001719,3687,1,339,195,63
381,11,494,Tafsir06049,5324,844,1386,264,55
381,11,801,Shamela0006864,1311,95,848,351,43
381,6,259,Shia002669,498,541,747,157,79
381,11,422,Sham19Y0150960,64,1032,1454,230,59
381,42,438,Shamela0009873,1421,886,1411,249,56
381,6,438,Shamela0009783BK1,953,21,455,245,62
381,1189,1457,Shia003656Vols,1037,210,452,178,75
381,47,438,Shia003656Vols,1041,689,1049,210,60
381,152,801,Shia003764Vols,126,541,980,135,22
381,47,494,Shamela0006617,577,1,422,229,58
381,11,460,Shamela0023628,2835,888,1355,260,64
381,11,438,Shamela0000041,2053,81,556,277,69
381,34,604,Shamela0008362,943,70,520,278,57
381,11,438,Shia002218Vols,372,693,1143,239,58
382,371,822,Shia002382Vols,1986,1044,1483,174,41
382,371,822,Shia002616Vols,4961,1108,1459,162,35
382,700,1280,Shia003616Vols,208,590,1195,318,53
382,1,202,Shia003616Vols,208,366,557,134,79
382,289,1489,Shia003616Vols,2092,161,1378,922,92
382,371,822,Shia002389Vols,2256,967,1405,178,40
382,1,1136,Shamela0021766,3557,293,1502,640,55
382,1136,1280,Shamela0021766,3558,1,213,111,66
382,371,1046,Shamela0010695,131,65,694,207,30
382,371,822,Shia001432Vols,8430,1079,1518,177,40
382,633,1068,Shamela0001673,6151,231,722,85,14
382,1,745,Shia003732Vols,1896,870,1456,442,71
382,735,1280,Shia003732Vols,1897,76,954,404,57
382,633,1280,Shamela0009873,1411,146,1104,210,26
382,371,822,Shia003656Vols,698,816,1218,146,36
383,208,735,Shamela0001515,301,773,1191,206,41
383,706,1280,Shamela0004473,5708,12,674,149,19
383,647,1462,Sham19Y0145435,278,215,708,265,38
383,647,1425,Shamela0023833,627,851,1442,284,39
383,1162,1462,Shamela0009770,420,40,320,164,60
383,706,1462,Shamela0007798,7486,471,906,233,36
383,610,1484,Shia003616Vols,209,1,359,261,37
383,1,108,Shia003616Vols,2092,1378,1490,86,95
383,108,1484,Shia003616Vols,2093,1,1368,1068,95
383,191,1289,Shamela0021766,3558,230,1484,567,46
383,1289,1476,Shamela0021766,3559,1,162,124,80
383,579,1425,Shamela0004445,1681,802,1451,302,39
383,521,1484,Shamela0010695,131,760,1368,279,32
383,702,1222,Shamela0009728,104,1218,1445,120,28
383,702,1462,Shamela0023578,2457,845,1283,243,37
383,517,1462,Shamela0005816,128,90,957,231,20
383,1158,1484,Zaydiyya0000364Vols,1034,1026,1344,233,85
383,671,1462,Kraken210630005153,7494,725,1094,199,31
383,579,1462,Shamela0009784,1016,610,1254,274,34
383,191,517,Shia003732Vols,1897,979,1440,196,51
383,430,1484,Shia003732Vols,1898,31,1445,692,55
383,653,1462,Shamela0010283,3549,5,616,294,39
383,430,910,Sham19Y0145166,271,264,849,196,34
383,706,1387,Shamela0009780,420,464,953,210,32
383,1162,1462,Shia003714Vols,426,824,1116,164,58
383,706,1462,Tafsir06049,5327,1018,1455,244,38
383,657,1462,Sham19Y0014404,1176,524,1010,246,35
383,647,1462,Shamela0023631,3752,697,1384,268,31
383,647,1462,Shamela0006864,1313,253,891,299,39
383,706,1462,Shamela0009898,136,13,442,232,35
383,1162,1476,Shamela0009873,1412,426,856,165,41
383,1162,1484,JK009218,348,743,994,183,70
383,653,1462,Shamela0009783BK1,955,5,381,209,32
383,1162,1455,ShamAY0034434,155,389,655,160,59
383,706,1462,Shamela0023628,2837,568,1007,242,37
383,1226,1462,Shamela0000041,2055,14,216,115,55
384,175,386,Shamela0012318,433,101,220,85,51
384,175,516,Shia001349Vols,181,874,1145,110,38
384,180,386,Sham19Y0145435,273,1014,1218,135,80
384,6,516,Shamela0008473,3790,710,1215,159,33
384,84,516,Shia002382Vols,1457,1,368,167,44
384,6,516,Shia002382Vols,1982,438,1058,195,33
384,149,386,Shamela0026662,42,287,558,150,67
384,180,386,Shamela0023833,617,1221,1425,135,80
384,180,386,Shamela0035100,158,104,308,125,72
384,180,396,Shamela0009770,410,1265,1477,134,74
384,1,1042,Shia003616Vols,209,359,1041,327,33
384,180,516,Shia003616Vols,1926,520,802,150,58
384,106,819,Shia003616Vols,2094,1,643,330,44
384,175,386,ShamAY0038419,373,482,603,76,46
384,139,386,Shia003636Vols,725,269,520,148,72
384,11,516,Shia002389Vols,2249,1,428,186,41
384,180,386,Shamela0021766,3532,417,609,130,80
384,1,1318,Shamela0021766,3559,202,1496,730,58
384,180,386,Shamela0004445,1659,901,1101,131,77
384,1,677,Shamela0010695,129,122,720,235,36
384,180,677,Shia001432Vols,8409,790,1151,129,24
384,6,516,Shia001432Vols,8428,387,828,190,41
384,153,677,Shamela0009728,101,358,843,158,27
384,180,386,Shamela0023578,2443,638,839,135,82
384,180,386,Shamela0010906,342,960,1167,125,71
384,180,516,Shamela0010906,1038,402,735,151,55
384,49,391,Shamela0009795,175,1101,1343,107,38
384,175,386,JK000911,572,891,1086,125,71
384,180,386,JK006838,773,244,433,128,78
384,153,386,SHAM19Y23644,1176,438,623,113,61
384,180,677,Shia002359Vols,3422,683,1049,129,24
384,175,406,Shamela0000432,5927,940,1171,141,73
384,180,677,Shamela0009784,999,910,1403,189,37
384,175,516,ShamAY0033108,1415,448,727,153,52
384,139,386,Shia003732Vols,1849,104,365,149,68
384,1,1142,Shia003732Vols,1899,33,1513,711,53
384,1142,1496,Shia003732Vols,1900,1,324,190,63
384,180,386,JK000917,1259,465,663,125,73
384,6,677,Shamela0005539,227,143,735,197,28
384,180,396,Sham19Y0145166,259,534,744,135,76
384,6,386,Shia002337Vols,551,740,1122,162,46
384,180,386,Shia002406Vols,6271,437,630,131,80
384,175,516,Sham19Y0029560,130,440,676,112,42
384,180,391,Shia003714Vols,414,482,689,130,77
384,6,516,ShamAY0038409,45,962,1426,172,34
384,180,386,Shamela0012320,1143,535,719,125,75
384,139,516,Shamela0023631,3753,133,527,191,57
384,180,368,Shamela0021751,6667,1268,1444,116,74
384,175,506,Tafsir02091,1653,1197,1466,145,51
384,180,386,Shamela0006864,1303,973,1177,135,80
384,6,516,JK009218,347,872,1360,163,39
384,180,386,Shamela0023700,948,656,849,129,79
384,227,386,Shamela0009783BK1,945,1,158,98,75
384,406,886,Shia003656Vols,1037,885,1187,213,51
384,180,386,Shamela0023628,2821,945,1140,130,78
384,180,386,Shamela0000041,2038,503,704,135,82
384,149,386,Shamela0008362,922,809,1065,150,70
385,114,425,Shamela0004473,5708,916,1182,167,60
385,32,425,Sham19Y0145435,279,137,463,166,47
385,290,425,Shamela0035100,175,1,136,95,82
385,13,649,Shia002616Vols,4962,442,995,164,24
385,32,425,Shamela0009770,420,1008,1307,168,48
385,32,425,Shamela0007798,7487,353,679,166,47
385,107,354,Shia003616Vols,209,1257,1489,180,92
385,354,1102,Shia003616Vols,210,1,519,302,45
385,107,425,Shia003616Vols,1489,235,547,239,94
385,1,525,Shia003616Vols,1929,51,349,179,42
385,6,478,ShamAY0032379,679,479,600,94,25
385,1,408,Shia001294Vols,66,1193,1421,153,47
385,1,649,Shamela0021766,3560,163,823,332,48
385,1,408,Shia001432Vols,8450,28,252,148,45
385,107,408,Shia001432Vols,35458,800,1088,221,93
385,32,425,Shamela0023578,2458,567,887,166,48
385,32,425,Shamela0010906,359,720,1012,165,48
385,76,425,Shamela0009784,1018,20,324,148,45
385,1,751,Shia003732Vols,1900,761,1424,472,75
385,751,1085,Shia003732Vols,1901,1,316,245,91
385,114,425,Shamela0010283,3550,14,213,142,56
385,114,425,Shamela0023632,2873,108,317,128,53
385,32,425,Shamela0012935,247,1125,1440,166,48
385,32,425,Sham19Y0145166,273,205,473,146,43
385,1,425,Shia003714Vols,427,814,1058,159,47
385,1,478,Shia002170Vols,476,425,524,75,20
385,114,425,Tafsir06049,5328,703,895,143,57
385,1,384,Shamela0009873,1414,218,702,184,42
385,1,337,Shia003704,130,1384,1534,103,39
385,32,525,Shamela0023628,2838,269,718,186,41
385,27,425,Shamela0000041,2055,943,1262,170,49
386,435,705,Shia003616Vols,210,702,954,189,88
386,441,765,Shia003732Vols,1900,331,718,229,74
386,435,679,Shamela0009873,1414,1202,1442,169,85
387,42,476,Shamela0021766,3560,840,1190,234,65
387,589,1304,Shamela0021766,3561,405,1137,431,70
387,37,476,Shia003732Vols,1901,350,684,239,66
387,608,1500,Shia003732Vols,1902,1,1042,673,78
387,52,350,Shamela0009873,1414,805,1098,214,86
388,1182,1458,Sham19Y0145435,1531,301,634,151,51
388,1050,1462,Shamela0000492,35,7,485,211,48
388,1182,1462,Shamela0023833,629,957,1293,159,53
388,1182,1440,Sham19Y0013252,13103,666,981,137,48
388,1182,1458,Shamela0023578,2459,186,791,166,34
388,1182,1458,Shamela0009784,1019,169,530,153,48
388,1159,1458,Shia003732Vols,1902,1183,1485,196,79
388,1182,1458,Shamela0010283,3550,1055,1396,153,50
388,1182,1462,Shia003714Vols,428,530,851,154,53
388,1182,1462,Shamela0006864,1315,244,580,159,53
388,1197,1462,Shamela0009873,1416,323,878,162,36
388,1182,1458,Shamela0009783BK1,956,791,1107,135,45
388,91,337,Shia003656Vols,1038,1248,1446,146,76
388,337,845,Shia003656Vols,1039,1,280,159,39
388,1182,1448,Shamela0023628,2838,1122,1447,148,51
388,1182,1458,Shamela0000041,2056,456,793,159,53
389,1,788,Sham19Y0145435,1531,637,1390,352,45
389,1,885,Shamela0000492,35,488,1411,520,60
389,1019,1454,Shamela0000492,36,1,584,320,67
389,237,806,Shamela0023833,630,295,655,212,45
389,65,399,Shamela0009770,421,924,1265,162,46
389,526,806,Shamela0009770,422,36,249,141,63
389,1,806,Shamela0021766,3562,380,1245,385,45
389,192,806,Shamela0004445,1687,814,1312,194,33
389,1,576,Shia001432Vols,8459,766,1394,223,33
389,1,806,Shamela0023578,2459,525,1258,354,45
389,1,806,Shamela0009784,1019,533,1269,318,38
389,96,806,ShamAY0034055,8406,95,752,227,30
389,261,612,Shia003732Vols,1903,1,379,224,69
389,96,806,Shamela0010283,3551,5,709,323,44
389,359,806,Sham19Y0145166,274,1,284,170,48
389,543,806,Shia003714Vols,429,1,196,130,62
389,1,806,Tafsir06049,5329,247,1002,338,43
389,65,399,Shamela0006864,1315,603,958,160,45
389,237,800,Shamela0006864,1315,1015,1374,213,46
389,466,1173,Shamela0009873,1417,13,666,262,39
389,101,806,Shamela0009783BK1,957,66,377,190,33
389,65,800,Shia003656Vols,701,647,1326,313,42
389,1,806,Shamela0023628,2839,14,735,334,42
390,560,1096,ShamAY0034068,2639,1278,1633,157,31
390,614,1156,Sham19Y0145435,1533,341,766,203,38
390,96,548,Shamela0000492,36,580,980,305,83
390,614,1145,Shamela0009770,423,1,497,196,35
390,589,1458,Shia003616Vols,1461,358,1002,430,58
390,990,1468,Shia003616Vols,2956,4,426,271,70
390,1022,1136,ShamIbadiyya0000193,3180,473,594,85,86
390,314,1370,Shamela0003118,467,445,1479,590,57
390,560,1431,Shamela0021766,3568,763,1391,389,50
390,548,1172,Shamela0004445,2524,639,1498,494,72
390,1172,1458,Shamela0004445,2525,1,244,184,80
390,614,1395,Shia001432Vols,8460,648,1138,218,33
390,723,1145,Shamela0023578,2461,62,276,141,41
390,723,1145,JK009408,2321,1,221,145,42
390,1022,1136,Tafsir09050,3281,62,183,85,86
390,1210,1458,ShamAY0034055,8509,1288,1495,138,62
390,560,904,Shia003732Vols,1903,1128,1484,245,85
390,152,391,Shia003732Vols,1903,478,670,136,69
390,904,1431,Shia003732Vols,1904,1,564,254,45
390,614,1273,Tafsir06049,5330,388,850,206,35
390,614,1145,Shamela0006864,1317,493,879,187,37
390,614,1102,Shamela0026484,421,1182,1525,154,33
390,686,1277,Shamela0009873,1424,71,820,248,34
390,686,1145,Shamela0009783BK1,958,784,1015,143,39
390,54,548,Shia003656Vols,702,103,529,289,70
390,949,1458,Shia003656Vols,1038,282,823,197,34
390,548,1330,JK000916,830,724,1511,618,98
390,1330,1468,JK000916,831,1,143,107,94
390,990,1370,Shamela0001686,2783,1055,1494,200,47
390,560,1145,Shamela0023628,2840,72,581,201,35
390,614,1145,Shamela0000041,2057,1106,1489,174,35
390,949,1468,ShamAY0034447,1713,681,1327,262,41
390,984,1145,Shia002702Vols,8644,1076,1243,111,80
390,1210,1458,Shia002702Vols,8749,1187,1388,138,64
391,1,179,ShamAY0034435,16,839,998,99,64
391,249,517,Shamela0035100,730,1,298,170,65
391,756,1452,Shia003616Vols,211,822,1518,274,32
391,1,352,Shia003616Vols,1461,1002,1464,219,56
391,1,432,Shia003616Vols,2956,445,878,313,87
391,1,517,Shamela0003118,468,116,615,362,84
391,1060,1344,Shamela0021766,3563,660,885,150,59
391,1,517,Shamela0004445,2525,244,795,342,72
391,191,438,Shamela0010906,726,1243,1484,173,81
391,1,273,ShamAY0034055,8510,1,410,168,48
391,249,1462,Shia003732Vols,1904,51,1080,396,31
391,1,362,Shia003656Vols,1038,823,1076,167,56
391,1,438,JK000916,831,162,624,342,92
392,541,1490,Shia003616Vols,212,368,1284,517,59
392,512,1490,Shia003616Vols,2120,140,1153,779,96
392,1149,1490,Shia003732Vols,1904,841,1120,213,77
392,787,1108,Shia003732Vols,1905,91,324,157,55
392,601,965,Shamela0009873,1422,751,1360,155,30
393,1,434,Shia003616Vols,212,1284,1540,164,47
393,434,751,Shia003616Vols,213,1,268,208,78
393,1,298,Shia003616Vols,2120,1153,1444,227,96
393,1129,1237,Shamela0009242,3457,1302,1413,83,95
393,1129,1237,Sham19Y0123608,803,491,602,83,95
393,1129,1237,Sham19Y0013577,7664,101,212,83,95
393,200,751,Shia003732Vols,1905,646,974,232,49
393,1129,1237,JK000299,2850,380,491,83,95
394,453,989,Shamela0035100,179,7,418,184,40
394,369,989,Shamela0010906,363,743,1244,178,31
394,666,1095,Shamela0036515,1040,904,1237,131,35
394,1,337,Shia001782Vols,1986,674,951,184,61
394,672,1284,Shamela0023700,950,80,485,171,28
394,1,349,Shamela0001733,1210,23,317,194,64
394,349,1071,Shia003656Vols,1039,882,1366,367,64
394,55,243,Shia001976Vols,885,559,769,121,68
395,332,1024,Shamela0012406,699,485,1406,356,44
395,278,796,Shamela0021477,61,264,863,399,84
395,722,1376,Shia003616Vols,213,621,1179,191,32
395,777,1061,Sham19Y0037618,1598,1126,1399,200,90
395,181,882,Shamela0003118,2668,211,909,439,76
395,788,1082,Shamela0022547,1806,38,255,109,40
395,1,258,Shamela0010906,1041,308,607,125,40
395,777,1082,Sham19Y0127677,12720,229,527,216,90
395,420,882,Shamela0006590,373,568,888,220,59
395,349,741,Shamela0009873,1419,386,824,226,57
395,278,882,JK000916,8183,44,656,426,83
395,52,378,Shamela0001686,1089,1,356,183,62
395,278,1082,Shamela0001686,1090,576,1382,571,85
396,622,868,ShamAY0033761,64,309,548,133,61
396,622,967,Shamela0036569,426,724,989,134,46
396,425,868,Shamela0010906,1042,617,893,194,54
396,622,868,Shamela0010906,1046,8,197,124,61
396,672,967,Shamela0036515,1042,24,258,148,60
396,622,1110,JK006884,30,872,1256,115,21
396,938,1130,Shamela0011428,806,803,976,111,73
396,49,562,Shamela0011428,806,211,853,230,38
396,750,967,Shamela0026568,210,1,158,98,52
396,508,967,Shamela0009784,1022,892,1278,164,37
396,622,1110,Shia003732Vols,4633,381,928,153,27
396,745,967,Shamela0023685,234,715,876,104,54
396,745,967,Shamela0006590,374,167,328,104,54
396,508,1149,ShamAY0034441,304,246,891,158,22
396,1,724,Shia003656Vols,1040,260,700,294,46
396,463,868,Sham19Y0132973,170,410,665,157,47
396,245,501,Shamela0001686,1092,866,1384,197,49
396,636,1440,Shamela0001686,1093,5,607,310,39
396,1,337,Shamela0001686,1094,32,337,203,74
396,745,901,Shamela0006617,580,491,632,88,65
397,704,897,Shamela0012406,699,1328,1469,112,72
397,150,751,Shia003616Vols,213,1055,1443,296,62
397,243,652,Shamela0010906,1043,8,254,179,55
397,63,652,Sham19Y0127677,7111,209,826,448,88
397,1,874,Shia003656Vols,1040,790,1486,485,67
397,874,1096,Shia003656Vols,1041,1,171,132,73
397,1,797,Shamela0001686,1093,590,1439,528,77
397,658,1096,Shamela0001686,1094,283,711,303,79
398,8,662,Shia003616Vols,214,234,546,175,31
399,14,1343,Shamela0012406,656,583,1100,297,28
399,14,484,Shia003616Vols,214,878,1468,248,45
399,517,963,Shia003616Vols,215,1,268,152,40
399,218,1397,Shia003616Vols,3092,268,1457,936,99
399,14,214,Shamela0003118,391,1178,1381,137,82
399,14,214,Sham19Y0127700,307,640,832,128,77
399,14,218,Shamela0026568,176,987,1523,102,23
399,14,546,Shamela0009784,921,1285,1466,95,21
399,54,1460,Shia003732Vols,2441,137,1294,646,52
399,14,357,Shamela0010283,3502,1224,1471,133,48
399,580,985,Sham19Y0145166,428,577,916,184,52
399,14,1460,Shia003714Vols,384,158,922,492,42
399,566,876,Shamela0009873,1753,1209,1467,152,61
399,284,1456,Shia003656Vols,633,137,1188,524,46
399,14,1359,Shamela0001686,445,405,1127,479,44
399,580,1456,Shamela0008540,1594,256,662,204,27
400,857,1288,Sham19Y0131521,1833,790,1162,247,66
400,1,1075,Shamela0012406,656,1104,1513,291,33
400,1075,1242,Shamela0012406,657,1,127,88,64
400,1,334,Shia003616Vols,215,469,698,159,58
400,935,1434,Shia003616Vols,215,809,1264,229,49
400,1,1288,Shia003616Vols,3093,64,1344,1027,99
400,15,551,Shamela0000432,4030,1,499,310,62
400,1,149,Shia003732Vols,2441,1294,1442,115,93
400,149,1237,Shia003732Vols,2442,1,978,652,68
400,4,344,Sham19Y0145166,428,1172,1489,237,85
400,4,1242,Shia003714Vols,384,929,1478,402,40
400,1301,1459,Shamela0023644,679,334,491,124,99
400,1,1242,Shamela0009873,1754,515,1324,514,49
400,508,1242,JK009218,172,149,1052,356,42
400,1,386,Shia003656Vols,633,1188,1498,212,68
400,386,1242,Shia003656Vols,634,1,781,413,51
400,1,1031,Shamela0001686,445,1150,1531,279,33
400,1031,1242,Shamela0001686,446,1,167,123,72
400,1,1242,Shamela0008540,1594,662,1161,357,35
401,62,1203,Shia003732Vols,2475,580,1499,671,72
401,53,533,Shia003714Vols,433,726,1216,156,26
401,72,782,Shamela0009873,1772,82,706,352,52
401,91,601,Shia003656Vols,713,1258,1539,144,34
401,601,1411,Shia003656Vols,714,1,697,365,47
402,96,761,Shamela0012406,701,1027,1496,216,35
402,96,594,Shia003616Vols,216,225,595,170,39
402,166,594,Shia003636Vols,739,872,1191,160,42
402,86,815,Shamela0026568,211,305,908,264,37
402,161,849,Shia003732Vols,1915,80,852,276,40
402,96,628,Shamela0010283,3555,405,906,258,50
402,166,599,Sham19Y0145166,278,433,1079,181,33
402,86,594,Shamela0023685,235,990,1447,232,47
402,266,628,ShamAY0034441,306,944,1246,133,35
402,86,523,Tafsir06049,998,1113,1525,195,44
402,96,787,Shia003656Vols,714,549,1284,256,35
402,96,802,Shamela0021713,731,162,648,223,34
402,86,849,Shamela0001686,470,743,1258,261,39
402,363,815,Shamela0006617,581,63,455,179,40
403,1,392,Shia003616Vols,216,1003,1284,214,63
403,833,1509,Shia003616Vols,217,132,616,285,45
403,713,1502,Shia003616Vols,1665,195,958,485,67
403,955,1346,ShamAY0032379,527,1071,1386,123,28
403,20,305,Shia003636Vols,739,1295,1503,122,43
403,1,310,Shia003732Vols,1915,900,1223,170,52
403,833,1509,Shia003732Vols,1988,848,1342,348,60
403,833,1346,Shia002170Vols,827,277,612,165,39
403,1166,1509,Shamela0009873,1428,19,487,133,29
404,1,1011,Shia003616Vols,217,616,1430,474,52
404,1026,1442,Shia003616Vols,218,84,431,221,60
404,1,691,Shia003616Vols,1665,844,1492,483,84
404,691,1254,Shia003616Vols,1666,1,604,305,52
404,1,170,Shia003732Vols,1988,1342,1507,130,97
404,623,1353,Shia003732Vols,1989,10,870,494,69
404,175,338,Shia003732Vols,1990,1313,1467,111,80
404,1,175,Shamela0009873,1428,487,668,131,88
404,421,1244,Shamela0009873,1428,442,1460,397,42
405,86,318,Shamela0012406,703,1,232,162,80
405,19,1552,Shia003616Vols,218,437,1352,414,28
405,64,1552,Shamela0003118,6806,1,1520,1168,94
405,19,297,Shia003636Vols,740,570,845,140,58
405,72,285,Sham19Y0013252,5390,1254,1461,147,79
405,24,265,Sham19Y0013667,1913,861,1116,128,62
405,72,265,Shia003714Vols,441,403,610,149,87
405,72,285,Shamela0005756,9153,558,786,165,88
405,24,1524,Shia003656Vols,717,626,1398,489,40
405,1,861,JK000916,23739,614,1482,686,98
405,861,1552,JK000916,23740,1,697,542,93
405,104,318,Shamela0001686,472,1,195,148,86
406,660,1153,Shamela0012406,703,773,1196,222,50
406,1,233,Shamela0012406,703,822,1000,133,69
406,931,1137,Shia003616Vols,219,119,346,167,89
406,931,1153,Shia003616Vols,1931,171,366,153,84
406,38,421,Shamela0003118,6807,5,367,280,91
406,1,180,Shamela0026568,212,1058,1207,117,80
406,931,1097,Shamela0026568,212,1389,1529,110,80
406,837,1105,Shamela0009784,1045,1171,1398,144,65
406,969,1153,Sham19Y0013667,1913,1167,1317,109,71
406,931,1137,Shia003732Vols,1996,1218,1459,166,84
406,1,233,Shamela0010283,3556,1167,1345,133,69
406,660,1149,Shamela0010283,3556,1118,1536,217,50
406,1,180,Shamela0023685,237,191,330,109,75
406,931,1153,Shamela0023685,237,507,702,154,84
406,660,1149,Shia003714Vols,441,403,866,184,33
406,627,925,Shamela0023644,928,372,666,213,87
406,6,135,Shamela0009873,1434,1328,1431,78,71
406,981,1153,Shamela0005756,9154,857,992,109,78
406,1,233,Shia003656Vols,718,719,881,126,68
406,1,421,JK000916,23740,697,1121,323,95
406,1,233,Shamela0021713,732,1065,1247,139,72
406,660,1153,Shamela0021713,732,1024,1473,220,47
406,660,1153,Shamela0001686,472,741,1145,199,38
406,931,1153,Shamela0006617,582,831,1007,139,76
406,1,180,Shamela0006617,582,529,649,94,64
406,1,145,Shamela0021715,4849,1210,1516,87,36
407,1151,1395,Sham19Y0127677,2839,5,235,154,68
407,1142,1395,Sham19Y0127677,15863,751,990,161,69
407,1151,1395,Shia002265Vols,5106,11,241,155,68
407,1151,1395,Shia003732Vols,1993,118,378,186,87
407,1142,1382,Shamela0006590,400,1255,1493,148,64
407,1151,1395,Shamela0009099,40,323,552,154,68
407,1151,1395,Shamela0001438,4524,979,1209,155,68
407,1116,1395,JK009390,3922,706,977,163,61
407,1213,1395,Shamela0001686,803,1,193,126,71
408,887,1184,Sham19Y0016599,111,177,486,215,85
408,887,1184,JK000778,1145,322,627,214,86
408,820,1361,Shia003616Vols,219,654,1155,290,63
408,1,156,Shamela0003118,7817,1294,1449,123,100
408,156,1311,Shamela0003118,7818,1,1133,867,91
408,1014,1184,Shia003636Vols,3226,1,160,117,89
408,1,1275,Shamela0010906,1395,366,1165,588,57
408,887,1184,Sham19Y0020989,2256,1061,1397,216,79
408,820,1193,ShamAY0033945,1895,265,624,241,80
408,826,1240,Shia003732Vols,1996,904,1218,172,51
408,887,1240,Shamela0006590,401,51,359,219,77
408,887,1184,JK003609,2778,264,544,193,78
408,887,1184,Shamela0023644,1273,72,370,215,89
408,948,1297,Shamela0009873,1434,47,687,172,31
408,820,1193,Shamela0023700,2631,506,895,214,63
408,1,740,JK000916,26244,741,1492,588,96
408,740,1307,JK000916,26245,1,628,437,87
408,820,1199,Sham19Y0013769,206,1,252,148,48
409,1419,1510,JK009189,57,376,468,70,98
409,1236,1419,Shia003616Vols,220,1,160,124,80
409,1142,1419,Shamela0009873,1436,628,911,198,77
409,1,630,Shia003656Vols,718,10,430,305,58
410,1,918,Shamela0001515,312,339,763,281,38
410,20,878,JK009189,57,468,1185,560,80
410,1,922,Shia003616Vols,220,245,1074,491,60
410,195,993,Shamela0003118,2526,291,1168,562,72
410,133,507,Shamela0010283,3556,217,594,124,28
410,620,918,Shamela0009873,1437,5,291,165,60
410,20,883,Shia003656Vols,718,897,1577,406,53
410,195,1158,JK000916,7604,219,1237,591,63
411,282,874,Shamela0023833,655,280,793,281,53
411,337,761,Shamela0035100,186,492,895,174,41
411,605,761,Shamela0009770,436,1,162,121,95
411,282,1041,Shia003616Vols,220,1051,1562,356,55
411,15,761,Shia003616Vols,1657,212,844,331,48
411,389,1458,Shia003616Vols,1666,382,1115,569,67
411,622,761,Shamela0004445,1724,1,144,110,97
411,450,761,Shamela0010906,371,1,262,161,60
411,282,710,Shamela0023695,274,632,1030,187,45
411,445,751,JK006838,895,343,597,162,63
411,347,761,Shamela0009784,1046,353,790,186,39
411,615,1458,Shia003732Vols,1999,36,803,461,61
411,282,738,Shamela0006864,1366,1093,1508,235,55
411,445,1458,Shia003656Vols,719,123,710,330,40
412,1,681,Shia003616Vols,221,200,880,182,21
412,1,138,Shia003616Vols,1666,1115,1267,108,90
412,350,599,SHAM19Y23644,1196,72,254,100,51
412,1,204,Shia003732Vols,1999,803,972,118,68
412,355,1002,Shia003732Vols,2480,757,1553,410,60
412,1002,1439,Shia003732Vols,2481,1,429,306,81
412,355,846,Shia003714Vols,459,806,1319,197,35
412,355,1010,Shamela0009873,1775,863,1482,245,39
412,645,1357,Shia003656Vols,715,4,487,272,46
412,1,138,Shia003656Vols,719,710,865,106,87
413,33,669,Shamela0012406,704,886,1365,251,41
413,74,644,Shamela0026568,213,705,1017,183,37
413,239,644,Shamela0009784,1050,711,975,153,41
413,19,1105,Shia003732Vols,2482,353,1254,485,44
413,1281,1526,Shia003732Vols,2483,1085,1336,183,88
413,19,669,Shamela0010283,3557,667,1198,261,40
413,1309,1479,Shamela0010283,3557,1364,1559,115,65
413,52,669,Shamela0012935,255,332,904,284,45
413,19,669,Shia003714Vols,460,335,824,257,41
413,1298,1526,Shia003714Vols,460,988,1267,159,65
413,33,669,Shamela0009873,1776,522,1146,315,49
413,1,693,JK000916,21809,739,1505,549,87
413,693,1121,JK000916,21810,1,415,317,93
413,1105,1526,Shamela0001686,476,991,1370,195,49
413,19,669,Shamela0001686,476,431,934,261,42
414,887,1147,Sham19Y0145435,1473,70,347,124,45
414,8,459,Sham19Y0145435,1545,251,827,205,39
414,787,1092,Shamela0012406,598,101,382,137,46
414,329,699,Shamela0012406,705,1097,1505,220,63
414,1,526,Shamela0012406,705,234,679,223,43
414,725,1147,Shamela0023833,437,5,489,203,44
414,8,526,Shamela0035100,196,438,1369,176,18
414,86,949,ShamAY0034249,7307,35,620,257,33
414,689,1079,Shamela0009770,338,1074,1489,179,45
414,39,1308,Shia003616Vols,222,271,1152,333,28
414,780,1473,Shia003616Vols,1518,469,1310,277,38
414,814,1315,Shamela0003118,7770,5,450,220,50
414,814,1315,Shamela0003118,7771,114,559,220,50
414,742,1092,Shia001432Vols,8239,326,807,164,39
414,632,1111,Shia001432Vols,35474,109,360,152,40
414,593,1308,Shamela0001001,155,803,1394,257,38
414,110,351,Shamela0026568,213,1017,1293,134,50
414,689,1092,Shamela0009784,798,453,871,173,41
414,329,949,Shamela0009784,1051,32,496,239,43
414,787,1172,ShamAY0033945,1610,6,498,177,39
414,849,1308,Shia003732Vols,2485,18,619,249,49
414,554,1456,Shia003732Vols,4799,1,625,469,64
414,733,1446,Shamela0009769,57,302,924,249,39
414,887,1298,Shamela0009783BK4,7,11,395,150,40
414,689,1147,Shamela0010283,3455,63,546,211,45
414,234,949,Shamela0010283,3558,751,1488,303,38
414,35,529,Shamela0010283,3558,84,449,217,51
414,893,1092,Sham19Y0146127,3152,742,952,123,68
414,684,1147,Shamela0009773,335,501,955,210,50
414,752,1259,Sham19Y0145166,445,1,448,181,35
414,689,1259,Sham19Y0148486,5740,802,1279,243,49
414,110,351,Shamela0023685,238,81,338,134,52
414,1,316,Shia003714Vols,460,1267,1531,181,66
414,329,949,Shia003714Vols,461,932,1459,318,55
414,208,843,ShamAY0034441,309,256,1123,238,28
414,725,1147,Shamela0006864,994,11,496,203,44
414,689,1092,Shia002185Vols,2994,368,849,181,41
414,282,1211,Shamela0009873,1777,476,1491,358,35
414,689,1092,Shamela0009783BK1,866,129,592,165,37
414,725,1473,Shia003656Vols,1046,540,1190,436,69
414,386,1473,JK000916,26138,1,1115,849,94
414,689,999,JK000916,26140,1111,1403,161,56
414,282,949,Shamela0021713,734,525,1224,135,15
414,1,192,Shamela0001686,476,1370,1565,127,75
414,329,930,Shamela0001686,477,713,1264,308,54
414,742,1092,Shamela0001686,2697,303,720,177,49
414,380,1456,Shamela0001686,2698,59,959,557,58
414,689,1092,Shamela0006617,401,1012,1447,156,37
414,380,1456,ShamAY0034447,730,266,1248,595,60
414,329,771,Shia002218Vols,499,438,759,157,35
415,1188,1480,Sham19Y0145435,1545,856,975,94,40
415,728,1211,Shia003616Vols,223,6,421,279,70
415,460,947,Shia001432Vols,35474,521,914,204,48
415,1183,1480,Shia003732Vols,2488,926,1222,201,78
415,1183,1480,Shamela0009783BK1,994,1303,1427,98,41
415,1,221,Shia003656Vols,1046,1190,1411,169,95
415,1,316,JK000916,26138,1115,1447,243,92
416,274,588,Sham19Y0145435,1545,1031,1335,181,70
416,951,1067,Shamela0012406,706,837,976,65,58
416,274,588,Shamela0035100,196,1007,1327,163,50
416,951,1135,Shia003616Vols,223,812,944,56,40
416,274,588,Shamela0010906,381,361,681,163,50
416,274,569,JK006838,838,463,819,167,57
416,951,1067,Shia003714Vols,462,578,751,64,46
416,324,569,Shamela0009783BK1,995,23,243,139,73
416,951,1067,Shamela0001686,478,495,634,65,58
417,158,669,Sham19Y0145435,1613,946,1353,188,44
417,755,1285,Shamela0012406,706,1024,1374,232,50
417,158,669,Shamela0023833,871,1047,1498,180,35
417,215,590,Shamela0009429,4269,1,412,161,36
417,381,774,JK009408,811,37,547,191,42
417,739,1285,Shamela0009784,1052,361,635,179,38
417,158,669,Sham19Y0007233,279,296,802,191,34
417,739,1058,Shia003732Vols,2489,1146,1507,235,80
417,1066,1400,Shia003732Vols,2490,1,318,214,72
417,745,1227,Shamela0010283,3559,1211,1499,187,45
417,381,590,Sham19Y0145166,448,519,836,143,55
417,158,777,Shamela0009701,31,428,961,211,34
417,745,1285,Shamela0023685,239,416,711,195,41
417,755,1285,Shia003714Vols,462,799,1149,233,50
417,215,774,Shia003714Vols,609,669,1196,209,34
417,329,774,Shamela0006864,1724,21,512,206,45
417,745,1359,Shamela0009873,1781,692,1069,201,36
417,158,774,Shamela0009873,1879,500,1043,203,31
417,221,590,Shamela0023700,790,512,923,156,34
417,372,669,Shamela0009783BK1,1112,312,601,161,60
417,158,590,Shamela0001733,1020,304,682,168,38
417,755,1285,Shamela0001686,478,682,1030,233,51
417,112,354,Shamela0001686,2629,1215,1498,148,65
418,103,386,Sham19Y0145435,1615,437,734,163,60
418,418,731,Sham19Y0145435,1615,1119,1465,169,56
418,897,1390,Sham19Y0145435,1616,741,1183,202,44
418,897,1400,Shamela0012406,707,1,548,242,48
418,103,386,Shamela0023833,885,944,1185,156,67
418,418,785,Shamela0023833,886,133,572,207,55
418,1057,1390,Shamela0023833,887,1,305,129,39
418,418,1142,Shamela0009770,562,486,1465,269,29
418,828,1312,SHAM19Y23644,1198,875,1310,145,29
418,180,785,Shamela0009784,1052,742,1426,192,25
418,876,1229,Shamela0009784,1053,314,850,207,48
418,205,785,Shia003732Vols,2490,274,557,170,35
418,828,1211,Shia003732Vols,2490,1011,1473,210,49
418,1211,1425,Shia003732Vols,2491,1,175,118,66
418,897,1400,Shamela0010283,3560,96,645,224,44
418,897,1409,Shamela0009780,559,887,1324,206,47
418,828,1158,Shia003714Vols,462,1205,1475,148,50
418,103,386,Shamela0006864,1752,1200,1440,156,67
418,418,785,Shamela0006864,1753,400,836,206,55
418,897,1390,Shamela0006864,1754,79,566,208,43
418,876,1312,Shamela0009873,1781,1187,1480,161,45
418,103,386,Shamela0009783BK1,1113,1156,1453,163,60
418,418,785,Shamela0009783BK1,1114,353,791,207,55
418,940,1390,Shamela0009783BK1,1115,1,399,182,43
418,828,1282,Shamela0001686,478,1085,1466,209,52
418,536,1400,Shamela0001686,2630,104,735,213,27
419,661,1197,Shia003616Vols,1558,915,1418,330,74
419,1197,1430,Shia003616Vols,1559,1,241,187,97
419,839,1158,Shamela0003118,83,1198,1527,243,91
419,1158,1430,Shamela0003118,84,1,273,214,98
419,671,1013,Shamela0003118,1162,1199,1422,159,59
419,1019,1430,Shamela0003118,1163,30,429,305,93
419,661,1272,Sham19Y0127677,4922,788,1404,349,64
419,1272,1430,Sham19Y0127677,4923,1,154,112,90
419,863,1430,Shia002265Vols,3396,1,582,411,86
419,6,707,Shia003732Vols,2491,260,981,453,74
419,728,1267,Shia003732Vols,2494,255,939,254,41
419,1139,1430,Shia003732Vols,2495,142,318,119,50
419,15,427,Shia003714Vols,463,125,316,87,23
419,839,1430,Shamela0001438,6955,483,1083,433,89
419,728,1415,Shamela0009873,1786,647,1124,184,27
419,858,1430,Shia003656Vols,722,654,1099,182,30
419,830,1282,JK009390,5404,1065,1512,281,69
419,1282,1430,JK009390,5405,1,146,108,92
419,790,1175,JK000916,341,1092,1485,291,91
419,1175,1430,JK000916,342,1,257,203,99
419,796,1430,JK000916,3054,414,1057,461,89
419,24,905,Shamela0001686,479,1,562,169,18
420,10,343,Shamela0004473,8365,1076,1392,166,58
420,1312,1464,Shamela0000551,1971,1022,1166,111,90
420,719,1248,Shamela0012406,707,1080,1346,138,29
420,750,1340,ShamAY0034249,7308,578,856,136,27
420,10,1190,Shia003616Vols,224,153,1252,625,60
420,5,755,Shia003616Vols,1559,241,994,587,98
420,1,1209,Shamela0003118,84,273,1469,945,98
420,1,1248,Shamela0003118,1163,429,1303,652,64
420,269,1190,Shia001432Vols,35476,1,741,486,63
420,1218,1464,Sham19Y0013252,341,822,1071,137,66
420,724,1362,Shamela0011428,1691,16,383,170,32
420,1,1248,Sham19Y0127677,4923,154,994,625,61
420,1,1248,Shia002265Vols,3396,582,1425,641,63
420,1312,1464,Sham19Y0127713,1043,651,795,111,90
420,719,1348,Shia003732Vols,2495,705,1331,367,62
420,719,1241,Shamela0010283,3560,1193,1452,128,27
420,366,647,Shamela0007853,96,702,960,144,52
420,719,1005,Shamela0012935,257,1021,1378,143,41
420,1,768,Shamela0001438,6955,1083,1454,276,44
420,768,1340,Shamela0001438,6956,1,580,388,80
420,1293,1464,Shamela0009702,675,1204,1400,137,87
420,719,1255,Shamela0009873,1787,341,926,230,39
420,236,715,Shamela0009873,1788,7,586,213,37
420,1,199,JK009218,62,671,855,138,85
420,64,517,Shia003656Vols,722,1099,1473,267,72
420,517,1222,Shia003656Vols,723,1,705,433,67
420,1,1366,JK009390,5405,146,1018,592,52
420,1,1222,JK000916,342,257,1469,956,97
420,1,347,JK000916,3054,1057,1399,251,88
420,755,1248,JK000916,3055,1,490,373,93
420,719,1340,Shamela0001686,479,736,1149,159,25
420,825,1362,Shamela0001686,830,58,351,194,45
420,1248,1415,Shamela0001686,2921,1245,1426,127,90
420,719,1248,JK000533,165,257,591,229,51
420,1255,1464,JK000533,3196,591,827,157,80
421,18,572,Sham19Y0145435,1546,218,716,235,42
421,1,174,Shamela0012406,707,1244,1428,111,67
421,268,572,Shamela0035100,197,1,227,135,51
421,368,598,Shia003636Vols,803,1186,1456,156,70
421,342,1239,Shia003636Vols,1184,337,1117,348,38
421,174,572,Shamela0004445,1766,828,1127,182,54
421,113,368,Shia001432Vols,8470,74,217,96,46
421,117,368,Shia001432Vols,8481,1,140,93,45
421,180,572,Shamela0010906,381,822,1107,173,53
421,1,368,Shamela0026568,215,1032,1340,154,46
421,174,572,JK006838,838,853,1121,165,50
421,113,1103,Shia003732Vols,2497,458,1477,663,76
421,108,411,Shamela0010283,3561,12,359,139,43
421,108,480,Sham19Y0145166,450,1181,1499,120,35
421,480,612,Sham19Y0145166,451,1,131,101,95
421,1,368,Shamela0023685,240,9,283,151,47
421,24,411,Shia003714Vols,465,552,782,146,44
421,18,572,Shamela0009783BK1,995,614,1086,227,42
421,73,903,Shia003656Vols,723,690,1483,434,53
421,1,411,Shamela0001686,479,900,1308,217,52
421,113,368,Shia003695Vols,109,1075,1223,98,46
421,1263,1484,JK000533,3029,365,521,100,59
422,522,1142,Shamela0012406,708,443,1015,263,42
422,522,1056,ShamAY0034249,7308,1100,1477,166,32
422,500,1367,Shia003616Vols,225,482,1116,270,33
422,736,1115,Shamela0026568,216,119,412,169,51
422,572,1106,Shamela0009784,1056,1047,1440,190,43
422,632,971,Shia003732Vols,2498,1251,1551,199,69
422,971,1444,Shia003732Vols,2499,1,637,322,60
422,522,1062,Shamela0010283,3561,597,1067,235,46
422,522,1062,Shamela0012935,258,196,628,201,39
422,749,993,Sham19Y0145166,451,1327,1456,99,49
422,1046,1425,Sham19Y0145166,452,7,470,185,46
422,567,1106,Shamela0023685,240,405,825,196,39
422,500,937,Shia003714Vols,465,988,1441,170,34
422,728,1444,Shamela0009873,1785,277,1111,416,55
422,500,1142,Shamela0001686,480,63,685,287,44
423,99,1144,Shamela0012406,708,1036,1461,173,19
423,208,667,Shamela0023833,888,231,730,115,21
423,202,959,ShamAY0034249,7309,84,437,145,21
423,1069,1402,Shia003616Vols,226,597,826,109,41
423,613,964,Shamela0010906,1013,460,919,214,56
423,506,964,Sham19Y0127677,5619,544,926,222,61
423,830,964,Shia002265Vols,3382,1,135,108,100
423,328,880,Shia003732Vols,2500,95,640,248,52
423,202,1206,Shamela0010283,3562,26,574,200,20
423,783,964,Shamela0001438,7700,1,184,145,98
423,725,964,JK009390,5825,389,606,149,73
423,725,964,JK009390,5863,1074,1278,152,79
423,725,964,JK009390,6538,41,259,152,75
423,695,964,JK000916,7225,1064,1326,174,70
423,856,1144,Shamela0001686,480,861,1112,100,41
424,721,1446,Shamela0012406,710,103,602,262,39
424,928,1446,Shamela0035100,201,1,319,197,45
424,736,1283,Shia003616Vols,226,914,1388,194,35
424,141,726,Shia003616Vols,3098,768,1421,403,79
424,726,1456,Shia003616Vols,3099,1,819,583,89
424,736,1446,Shamela0010906,385,661,1149,245,37
424,810,1446,Shamela0026568,218,370,782,156,24
424,810,1446,Shamela0009784,1062,994,1393,156,24
424,343,829,Shia003732Vols,2510,1148,1593,255,56
424,1,226,Shia003732Vols,2511,67,281,151,78
424,721,1450,Shia003732Vols,2511,200,1038,494,68
424,800,1446,Shamela0010283,3562,862,1263,249,46
424,923,1446,Shamela0012935,261,987,1466,236,43
424,918,1446,Sham19Y0145166,456,989,1362,196,40
424,810,1446,Shamela0023685,242,751,1159,156,24
424,1039,1446,Shia003714Vols,467,21,303,180,51
424,302,887,Shia003656Vols,736,808,1340,335,66
424,810,1419,Shia003656Vols,737,201,815,329,56
424,1058,1446,Shamela0001686,482,1,268,168,50
425,1,853,Shamela0012406,710,602,1165,351,46
425,691,1479,Shia003616Vols,227,214,894,362,48
425,1,691,Shia003616Vols,3099,819,1510,553,99
425,691,1333,Shia003616Vols,3100,1,619,464,89
425,1,385,Shia003732Vols,2511,1120,1452,257,82
425,385,1078,Shia003732Vols,2512,1,693,515,89
425,327,892,Shamela0010283,3563,1,308,212,44
425,1,853,Shia003714Vols,467,303,869,353,47
425,288,1329,Shamela0009873,1790,739,1370,325,35
425,1,797,Shia003656Vols,737,821,1256,267,38
425,1,853,Shamela0001686,482,268,845,345,45
426,1,576,Shamela0012406,710,1160,1456,181,37
426,1,556,Shia003616Vols,227,894,1496,432,86
426,556,1574,Shia003616Vols,228,1,658,418,48
426,507,1257,Shia003616Vols,4549,426,744,204,31
426,1290,1594,Shamela0011428,1455,1240,1497,179,69
426,24,1252,Shamela0009784,1054,192,1227,298,22
426,342,957,Shia003732Vols,2515,139,1555,422,35
426,957,1419,Shia003732Vols,2516,1,465,175,33
426,272,1381,Shamela0010283,1983,347,679,203,22
426,1,1570,Shamela0010283,3563,481,1294,517,38
426,1290,1613,ShamAY0033182,2221,678,938,180,66
426,1015,1594,ShamAY0033181,1549,744,1255,210,37
426,522,1381,ShamAY0038413,106,660,1350,217,21
426,957,1252,Shamela0009873,1794,476,644,127,51
426,6,326,Shia003656Vols,1052,1118,1436,178,54
426,326,1613,Shia003656Vols,1053,1,927,605,54
426,1,1257,Shamela0001686,482,903,1543,411,38
426,6,797,JK000533,2213,312,669,229,35
426,189,611,ShamAY0034447,1773,399,757,262,78
427,4,880,Shia003616Vols,228,662,1200,381,54
427,125,884,Shia003616Vols,1667,22,729,477,78
427,98,542,Shia003656Vols,1053,908,1209,145,37
428,1170,1429,Shamela0004473,10024,585,931,160,51
428,384,605,Shia003616Vols,228,1258,1539,157,64
428,715,1424,Shia003616Vols,229,1,653,359,54
428,384,1047,Shia003616Vols,1667,814,1362,365,66
428,374,506,Shia003616Vols,3127,1389,1520,105,99
428,553,988,Shia003732Vols,1917,884,1207,208,56
428,777,1434,Shia003656Vols,1054,220,702,220,34
428,95,313,JK000916,9147,281,404,76,46
429,1,272,Shamela0004473,10024,931,1152,165,76
429,132,647,Shamela0012406,713,932,1350,165,32
429,1,734,Shia003616Vols,229,653,1510,419,51
429,232,844,Shamela0021766,4100,650,988,217,43
429,232,1537,Shia003732Vols,1918,300,1357,453,33
429,132,802,Shamela0010283,3566,373,1044,192,24
429,37,194,Shia003656Vols,1054,453,591,110,87
429,389,1286,Shia003656Vols,1055,159,927,323,34
429,132,647,Shamela0001686,484,436,883,164,30
430,32,751,Shia003616Vols,230,380,1144,327,42
430,1,581,Shamela0021766,4100,1274,1562,179,36
430,488,1132,Shia003732Vols,1919,1,402,195,34
430,278,638,Shia003656Vols,1056,168,511,240,72
430,1261,1442,Shia003656Vols,1056,912,1061,100,70
432,78,351,Shamela0009076,183,905,1322,193,56
432,78,351,JK007025,132,903,1282,196,62
433,1,1034,Shia003616Vols,231,869,1453,348,39
433,1,338,Shia003616Vols,1668,199,525,110,25
433,141,714,Shia001294Vols,72,1,516,270,52
433,137,714,Shia003636Vols,1188,785,1220,252,52
433,606,1196,Shamela0021766,4101,163,597,259,50
433,213,714,Shia001432Vols,8523,15,458,260,59
433,1,170,Shamela0011428,1207,1078,1346,123,57
433,968,1396,Shia003732Vols,1921,848,1133,197,56
433,132,714,Shia003704,133,610,1117,278,55
433,137,709,Shia003656Vols,739,595,1014,243,49
433,973,1508,Shia003656Vols,1058,295,607,212,45
434,448,977,Shamela0004473,10025,1,506,393,89
434,1034,1557,Shia003616Vols,2095,75,633,416,92
434,6,264,Shia003732Vols,1921,1143,1439,125,42
434,958,1497,Shia003732Vols,1922,561,1029,211,39
434,1081,1497,Shia003459BK1,35,402,602,117,34
434,1,427,Shia003656Vols,1058,607,895,190,53
435,80,471,Sham19Y0145435,1455,904,1413,208,48
435,142,471,Shamela0023833,404,1035,1435,174,46
435,137,478,Shia002616Vols,2743,10,325,162,50
435,80,471,Shamela0007798,4369,242,736,205,48
435,137,760,Shia003616Vols,232,744,1495,435,69
435,760,1456,Shia003616Vols,233,1,718,379,53
435,142,471,Shia003616Vols,2079,1004,1458,187,51
435,1,799,Shia003616Vols,2095,633,1499,626,90
435,799,965,Shia003616Vols,2096,1,167,137,100
435,80,471,JK000022,178,694,1060,194,53
435,142,471,Shia001663Vols,99,23,451,190,55
435,1323,1452,Shamela0021766,4102,729,860,79,62
435,142,471,Shamela0021766,4102,493,848,134,33
435,142,471,Shamela0004445,1387,1024,1370,173,51
435,158,399,Zaydiyya0000161,150,441,848,158,48
435,80,471,Shamela0022593,936,384,892,197,45
435,80,471,Shamela0023578,1290,718,1170,200,46
435,516,799,Shia004007,254,698,1127,163,44
435,70,471,Tafsir09084,1019,31,535,215,50
435,163,471,Shia003732Vols,1922,1188,1508,126,34
435,1318,1440,Shia003732Vols,1922,1381,1508,73,61
435,21,333,Sham19Y0148486,6430,768,1367,145,29
435,516,799,Shia003459BK1,35,624,1053,163,45
435,137,333,Shamela0023685,164,1300,1539,139,72
435,80,471,JK000927,772,79,485,187,50
435,142,471,Shamela0006864,950,546,939,174,46
435,70,343,Shia004456Vols,2418,879,1461,141,29
435,137,343,Shamela0009873,1443,1294,1522,154,84
435,70,471,Shamela0023700,2234,420,799,202,56
435,137,395,Shamela0009783BK1,837,379,687,160,61
435,80,471,Tafsir03092,895,611,1119,197,45
436,6,819,Shia003616Vols,233,553,1595,528,56
436,819,1526,Shia003616Vols,234,1,663,493,83
436,617,1126,Sham19Y0014601,2175,1,492,256,53
436,1,632,Shamela0021766,4102,860,1451,280,41
436,732,1307,Shamela0029863,20,420,886,157,27
436,1,499,Shia003732Vols,1923,13,461,337,80
436,16,632,Shamela0009873,1442,207,1121,327,38
436,106,732,Shia003656Vols,1059,950,1533,399,73
437,1,1428,Shia003616Vols,234,696,1459,493,41
437,176,678,Shia003616Vols,3102,1014,1485,372,92
437,678,1428,Shia003616Vols,3103,1,568,441,72
437,7,176,Shamela0000427BK2,1752,62,241,126,85
437,1,176,Shamela0011428,766,397,586,131,83
437,1,176,Sham19Y0013667,1964,1268,1445,131,89
437,60,458,Shia003732Vols,1923,1092,1540,185,39
437,458,1314,Shia003732Vols,1924,88,787,425,54
437,856,1060,Shia003656Vols,740,1015,1200,148,90
437,1,176,Shamela0008540,1575,525,697,120,81
438,595,1442,Shia003616Vols,235,1,730,408,51
438,422,1073,Shia003616Vols,3101,1084,1493,209,38
438,247,1269,Shia003616Vols,3103,429,1464,712,80
438,1269,1448,Shia003616Vols,3104,1,181,140,99
438,1021,1417,Shamela0008353,828,1056,1457,188,44
438,1009,1436,Shia003732Vols,1925,70,562,254,56
438,1009,1448,Shamela0006590,389,760,1030,194,54
438,676,1039,Shia003656Vols,740,1259,1524,153,50
439,345,671,Shamela0023587,1142,38,399,194,68
439,358,671,Zaydiyya0000107,48,849,1204,182,61
439,315,671,Shamela0008473,4652,764,1222,222,60
439,330,671,Shamela0008473,4653,124,612,205,54
439,1039,1443,Shamela0012406,714,518,948,248,61
439,1206,1443,ShamAY0034249,7312,19,232,169,88
439,1109,1448,JK000786,4010,919,1251,189,62
439,358,671,Shamela0037458,4309,755,1160,186,57
439,1,414,Shia003616Vols,235,730,1012,141,41
439,782,1448,Shia003616Vols,235,890,1399,323,55
439,987,1448,Shia003616Vols,1232,1,168,114,31
439,1,920,Shia003616Vols,3104,181,1074,561,70
439,5,308,Shamela0008353,829,177,349,122,49
439,1085,1443,Shia003636Vols,742,1100,1458,221,66
439,1026,1448,Shamela0021766,4103,882,1298,209,52
439,330,665,Shamela0023578,3062,1010,1474,189,50
439,315,671,Shamela0008658,2807,14,472,222,60
439,1109,1448,Sham19Y0127677,5753,295,627,189,62
439,1109,1448,Shia002265Vols,3332,786,1112,187,62
439,361,671,Tafsir09084,2392,511,965,190,53
439,5,418,Shia003732Vols,1925,649,931,151,40
439,753,1324,Shia003732Vols,1925,896,1444,277,48
439,1044,1443,Shamela0010437,96,465,737,208,62
439,5,308,Shamela0006590,389,1030,1207,119,46
439,1180,1364,JK006476,1665,872,1023,113,75
439,330,671,Shia002406Vols,7228,716,1155,207,59
439,1039,1443,JK007128,282,1231,1563,218,60
439,1039,1443,JK000791,2129,343,753,209,58
439,1109,1448,Shamela0001438,7847,577,908,182,63
439,315,671,Zaydiyya0000080,383,351,822,218,58
439,370,671,Tafsir03092,2545,67,388,162,62
439,1109,1448,JK009390,7052,692,1026,187,61
439,891,1448,Shamela0001686,485,17,550,277,48
440,92,505,Shia001349Vols,92,346,772,194,47
440,219,505,Sham19Y0145435,1543,47,367,179,61
440,1250,1457,Shia003616Vols,236,239,382,104,62
440,115,663,Shia003616Vols,236,1,131,102,22
440,46,505,Shia003616Vols,1231,825,1275,198,40
440,1,1505,Shia003616Vols,1232,168,1279,831,67
440,525,789,Shia003616Vols,3771,988,1216,109,51
440,638,1222,Shamela0021766,4104,58,669,399,76
440,92,505,Shia001432Vols,7632,916,1341,192,47
440,230,505,JK006838,853,489,781,175,64
440,1,1457,Shia003732Vols,1926,160,1489,891,69
440,794,1505,Shamela0006590,390,907,1471,403,69
440,46,366,Shamela0023644,963,1108,1550,159,39
440,366,663,Shamela0023644,964,1,645,234,45
440,1245,1463,Shamela0023644,964,1095,1313,171,99
440,800,1457,Shamela0009873,1446,284,799,337,62
440,219,505,Shamela0009783BK1,981,152,455,179,64
440,745,1480,Shia003656Vols,741,635,1381,320,41
440,525,789,Shamela0001686,1499,604,832,109,51
440,670,1313,Shia002218Vols,880,288,808,305,55
441,1038,1321,Shamela0009270,225,1,313,225,90
441,988,1289,ShamAY0034059,4264,1297,1608,225,87
441,1048,1321,ShamAY0034059,6913,6,279,215,97
441,935,1321,Shamela0029785,21,454,863,294,88
441,988,1321,ShamAY0034068,2223,129,487,213,63
441,935,1312,Shia000820Vols,452,1115,1510,289,90
441,935,1321,Shamela0008473,4636,986,1404,298,90
441,935,1321,JK000384,210,806,1186,289,92
441,929,1321,JK000977,105,363,759,287,87
441,935,1321,Shia001831Vols,53,776,1155,289,91
441,935,1289,Shamela0021495,11,466,837,265,87
441,988,1321,Shamela0021578,30,191,536,258,93
441,134,442,Shia003616Vols,236,387,647,191,77
441,724,1335,Shia003616Vols,236,685,1118,282,54
441,1,202,Shia003616Vols,1232,1279,1480,160,100
441,202,471,Shia003616Vols,1233,1,268,209,98
441,776,995,Shia003636Vols,4529,362,611,87,42
441,880,1321,Sham19Y0020891,6208,606,1092,287,69
441,885,1321,Shamela0010526,126,740,1225,323,82
441,890,1321,Sham19Y0016976,1423,468,900,280,76
441,880,1385,Shamela0004289,58,145,769,338,67
441,150,734,Shia003732Vols,1927,1,578,234,37
441,929,1321,Shamela0021479,129,769,1180,298,88
441,880,1321,Shamela0000216,119,497,1019,290,67
441,929,1373,Sham19Y0148486,1005,122,598,311,80
441,922,1321,Sham19Y0148486,2062,498,937,302,84
441,99,471,Shamela0006590,391,6,400,221,60
441,922,1123,Shamela0026365,47,1187,1474,139,61
441,880,1331,ShamAY0032665,213,511,1065,330,75
441,776,922,JK003609,2046,772,953,83,58
441,985,1321,Sham19Y0020587,225,21,363,254,90
441,880,1331,Sham19Y0018144,213,502,1056,330,75
441,1,183,Shamela0023644,965,89,273,143,97
441,964,1321,Sham19Y0013223,2639,466,829,272,92
441,141,471,Shamela0009873,1446,808,1181,211,67
441,880,1321,Shamela0012014,368,160,636,287,76
441,163,421,Shia003656Vols,742,1,189,122,56
441,985,1327,Shia003656Vols,742,555,879,230,82
441,935,1321,Sham19Y0123510,318,512,926,292,86
441,985,1321,Shamela0023628,1780,832,1177,263,95
441,985,1361,Shamela0023628,3352,3,397,276,86
441,935,1321,Shamela0000041,1848,748,1164,300,90
441,935,1321,Sham19Y0001729,131,31,430,295,91
442,52,1164,Shia003616Vols,3412,296,1442,866,95
442,1164,1459,Shia003616Vols,3413,1,296,237,100
442,33,428,ShamAY0034585,831,544,1004,225,51
442,64,409,Shia003656Vols,741,373,680,202,71
442,262,623,Shia003656Vols,742,115,391,165,53
442,26,485,Shia002218Vols,880,760,950,146,40
443,441,807,Shia003616Vols,236,1151,1495,227,69
443,1,397,Shia003616Vols,3413,296,691,312,99
443,422,1300,ShamAY0032379,131,583,899,236,33
443,412,1014,Shia003732Vols,1928,858,1422,316,55
443,397,1507,Shia003656Vols,742,900,1500,374,38
444,31,1061,Sham19Y0145435,294,283,1081,280,26
444,520,791,Shamela0012406,714,1157,1426,214,96
444,510,791,ShamAY0034249,7312,411,621,137,60
444,266,990,Shamela0007798,8398,894,1465,243,35
444,266,1511,Shia003616Vols,237,92,1076,739,73
444,352,675,Shamela0003118,6766,645,942,138,47
444,460,791,Shia003636Vols,743,18,325,215,78
444,36,555,Shamela0021766,4104,883,1505,205,30
444,555,1511,Shamela0021766,4105,1,768,489,56
444,305,1033,Shamela0023578,2879,1044,1530,235,37
444,118,1511,Shia003732Vols,1929,15,1358,870,67
444,510,791,JK009242,397,262,517,203,87
444,118,1061,Shamela0010283,3569,305,984,310,36
444,533,1051,Shia002170Vols,226,29,392,231,55
444,633,791,JK007128,283,39,197,127,100
444,498,791,JK000791,2129,842,1058,166,70
444,538,1061,Shamela0009783BK1,981,1045,1449,173,37
444,520,1511,Shia003656Vols,1061,1,911,643,76
444,352,675,JK000916,23609,481,777,138,47
444,266,791,Shamela0001686,485,665,1026,274,62
444,1003,1441,Shamela0021715,4430,130,704,97,15
445,161,1268,JK000786,4011,568,1480,486,50
445,700,993,Shia003616Vols,237,92,431,118,34
445,578,1301,Shia003616Vols,238,1,539,408,70
445,278,1428,Shamela0003118,6766,216,1348,856,90
445,839,993,Shia003636Vols,743,94,220,83,61
445,1207,1518,Shamela0021766,4106,1,349,196,64
445,224,1518,Sham19Y0127677,5754,1,1051,521,43
445,161,1471,Shia002265Vols,3333,435,1478,540,47
445,705,993,Shia003732Vols,1929,225,561,135,47
445,256,1447,Shia003732Vols,1930,78,1506,764,61
445,834,1169,Shia002170Vols,226,24,496,121,28
445,161,1518,Shamela0001438,7848,223,1359,506,39
445,1,684,Shia003656Vols,1061,911,1346,347,63
445,1291,1457,Shia003656Vols,1062,1097,1265,119,87
445,161,1338,JK009390,7053,349,1279,484,46
445,278,1518,JK000916,23609,44,1290,935,91
445,769,993,Shamela0001686,485,665,935,110,44
446,1,305,Shamela0001515,320,541,949,169,47
446,1,354,Shia003616Vols,1635,765,1062,141,48
446,955,1523,Shamela0003118,6767,21,467,354,76
446,159,1258,Shia001270Vols,442,428,1538,880,98
446,1258,1523,Shia001270Vols,443,1,275,210,95
446,1,407,Shia003732Vols,1931,108,671,268,59
446,69,407,Shamela0009873,1451,1,874,222,32
446,297,521,Shia003656Vols,1062,819,1020,138,72
446,1,178,JK000916,23609,1290,1488,139,88
446,178,1523,JK000916,23610,1,1340,1064,98
447,863,1048,ShamAY0032379,661,1312,1497,138,89
447,210,394,Shamela0001687,8697,603,759,109,69
447,23,1089,Shamela0003118,6767,415,1523,785,86
447,1089,1477,Shamela0003118,6768,1,388,295,92
447,1,1477,Shia001270Vols,443,275,1456,930,78
447,210,394,Sham19Y0017124,440,737,908,111,69
447,863,1048,Shia002170Vols,586,995,1181,138,89
447,248,394,Shia002170Vols,586,798,948,102,79
447,1,184,JK000916,23610,1340,1513,136,94
447,184,1477,JK000916,23611,1,1340,1017,94
448,160,586,JK000786,4012,405,770,189,48
448,74,937,Shia003616Vols,238,699,1449,568,81
448,937,1478,Shia003616Vols,239,1,715,301,49
448,329,586,Sham19Y0127677,5755,1,167,119,57
448,160,586,Shia002265Vols,3334,272,635,188,48
448,1035,1457,SHAM19Y23644,1204,650,1026,242,65
448,86,541,Shia003732Vols,1931,1011,1419,243,63
448,590,1338,Shia003732Vols,1932,206,873,349,51
448,160,586,Shamela0001438,7849,66,429,185,47
448,78,800,Shia003656Vols,744,885,1488,447,74
448,800,1022,Shia003656Vols,745,1,231,160,83
448,247,586,JK009390,7054,143,477,164,48
448,980,1457,Shamela0001686,485,1169,1412,155,40
449,658,1433,ShamAY0034059,6372,4,469,195,27
449,59,209,ShamAY0034068,3330,1230,1381,88,67
449,264,719,ShamAY0034068,3331,1,459,152,27
449,558,1394,Shamela0009790,123,963,1486,280,40
449,59,209,Sham19Y0145435,296,760,911,90,68
449,807,1444,Sham19Y0145435,298,334,871,200,32
449,258,546,Sham19Y0145435,1543,593,824,149,59
449,55,209,Shamela0008473,4416,459,610,89,68
449,562,1388,Shamela0012406,1360,490,1000,314,45
449,59,658,Shamela0023833,675,208,735,217,35
449,931,1444,Shamela0023833,677,237,779,196,38
449,55,209,Sham19Y0148271,1910,60,212,90,67
449,59,591,Shamela0009770,452,883,1294,208,40
449,853,1444,Shamela0009770,454,30,614,228,39
449,1039,1444,Shamela0007798,8382,1,353,178,50
449,1,704,Shia003616Vols,239,715,1460,460,69
449,576,979,Shia003616Vols,240,1,279,171,50
449,55,209,Shamela0025794,3506,1047,1198,89,68
449,546,1450,Shamela0003118,4345,129,1029,704,97
449,55,546,Shia003636Vols,743,739,1018,156,41
449,558,1068,Shamela0021766,4107,1103,1445,210,51
449,59,653,Shamela0021766,4107,344,965,269,43
449,1034,1450,Shamela0021766,4108,18,309,194,55
449,59,466,Shamela0004445,1746,1080,1449,163,41
449,562,1444,Shamela0004445,1748,524,1434,284,28
449,1039,1444,Shamela0000552,11,767,1120,174,49
449,576,1444,Shamela0023578,2868,1,553,267,37
449,59,466,Shamela0023578,2881,1074,1483,206,57
449,807,1444,Tafsir02096,1893,532,1118,198,29
449,55,209,SHAM19Y23644,1204,1047,1199,90,68
449,258,546,SHAM19Y23644,1210,1030,1241,147,60
449,864,1444,Shamela0009784,1072,503,1098,210,35
449,558,1228,Shia003732Vols,1933,861,1462,334,54
449,119,714,Shia003732Vols,1933,10,647,338,54
449,1034,1403,Shia001378,26,1072,1342,145,48
449,59,591,Shamela0010283,3570,489,895,208,42
449,562,1444,Shamela0010283,3572,445,1218,280,32
449,59,591,Shamela0012935,266,798,1208,209,41
449,796,1444,Shamela0012935,269,15,671,251,38
449,572,1444,Tafsir10066,1753,435,1193,316,37
449,59,466,Shamela0009780,485,454,870,202,55
449,59,591,Shia003714Vols,472,737,1189,206,38
449,562,1444,Shia003714Vols,474,261,1167,296,30
449,807,1450,ShamAY0034441,316,518,1139,189,28
449,123,726,Tafsir06049,6054,1,591,203,32
449,264,460,JK011068,136,470,630,106,63
449,59,591,Shamela0006864,1401,286,768,212,39
449,931,1444,Shamela0006864,1403,190,707,196,38
449,59,719,Shamela0009873,1449,312,1009,248,32
449,562,1444,Shamela0009873,1454,128,885,363,42
449,59,310,Shamela0009783BK1,983,1113,1466,122,40
449,1039,1444,Shamela0009783BK1,986,381,726,148,42
449,551,1444,Shia003656Vols,1063,166,831,354,45
449,546,897,JK000916,14819,1165,1517,280,99
449,897,1450,JK000916,14820,1,539,416,93
449,535,897,Shamela0001686,486,1,149,106,37
449,59,591,Shamela0023628,3212,217,773,246,48
449,562,1444,Shamela0000041,2382,536,1134,318,42
449,59,719,Shamela0000041,2395,528,1234,247,33
450,1,438,Shamela0003118,4345,1029,1487,351,93
450,438,1539,Shamela0003118,4346,6,1059,797,86
450,76,1107,Shamela0021766,4108,477,1491,577,58
450,76,1214,Shia003732Vols,1934,426,1515,640,59
450,962,1361,Shia003656Vols,1063,975,1311,237,69
450,71,815,Shia003656Vols,1064,79,695,461,76
450,1,914,JK000916,14820,539,1483,714,92
450,914,1539,JK000916,14821,1,655,481,88
451,494,1035,Shamela0001515,322,1147,1484,189,41
451,454,1297,Shia003616Vols,240,758,1514,278,32
451,1,321,Shamela0003118,4346,1059,1431,232,74
451,166,1419,Shamela0021766,4109,217,1394,475,35
451,13,908,Shia003732Vols,1935,500,1473,529,59
451,956,1241,Shia003732Vols,1936,256,654,161,49
451,494,1241,Shamela0009873,1460,136,853,248,29
451,287,893,Shia003656Vols,745,965,1238,186,37
451,551,1222,Shia003656Vols,746,21,503,286,46
451,1,321,JK000916,14821,655,1026,229,73
452,1037,1403,Shamela0001515,323,105,485,195,52
452,1093,1353,ShamAY0034059,6373,947,1151,136,62
452,5,1429,Shia003616Vols,241,16,1018,575,45
452,1109,1429,Shamela0021766,4111,1,314,199,67
452,1015,1429,Shia003732Vols,1936,569,1036,264,62
452,1037,1353,Shamela0009873,1460,863,1236,191,56
453,90,1126,Shia003616Vols,241,934,1494,323,37
453,1054,1476,Shia003616Vols,242,11,347,195,52
453,1282,1476,Shamela0009873,1458,680,902,128,66
453,774,1209,JK000916,14821,709,1148,181,46
453,1051,1476,Shia002218Vols,428,556,950,216,59
454,1213,1466,Shamela0004473,10027,394,660,151,66
454,586,1490,Shia003616Vols,242,676,1374,499,66
454,736,1163,Shia003616Vols,1638,725,1196,321,83
454,11,683,Shamela0021766,4111,362,1085,326,46
454,87,505,Shia003732Vols,1940,1029,1506,288,69
454,567,1309,Shia003732Vols,1941,65,706,176,20
454,1129,1480,Shamela0012062,97,739,1221,143,37
454,1223,1463,ShamAY0034364,33,126,508,118,38
454,736,1158,Shia001285,175,1029,1437,275,79
454,468,696,ShamAY0034434,164,1,251,139,64
454,1139,1454,Sham19Y0127698,85,56,354,179,69
455,6,144,Shamela0004473,10027,510,764,101,50
455,1287,1438,Shia003616Vols,243,541,675,98,78
455,1277,1480,Shia003616Vols,3128,137,349,162,95
455,377,601,Shamela0021766,4114,1,192,108,58
455,67,666,Shia003732Vols,1942,630,1372,259,36
455,255,1467,Shia001285,176,35,789,403,38
455,683,793,Shia001285,422,1,111,89,100
455,635,1277,Zaydiyya0000220,235,545,798,181,36
455,1184,1367,Zaydiyya0000220,240,131,318,94,66
455,1299,1438,Zaydiyya0000037Vols,184,1292,1432,104,91
456,1150,1296,ShamAY0034443,141,226,383,99,73
456,7,563,Sham19Y0145435,301,783,1253,187,32
456,7,563,Shamela0008473,4419,689,1130,176,32
456,1116,1296,Shamela0023833,680,857,1045,125,76
456,7,563,Shamela0023833,680,383,852,178,30
456,7,563,Sham19Y0148271,1913,355,795,179,33
456,7,563,Shamela0009770,456,702,1166,184,32
456,1,513,Shia003616Vols,243,340,1530,383,39
456,522,1461,Shia003616Vols,244,1,1043,662,74
456,1,188,Shia003616Vols,3128,349,536,148,98
456,37,563,Shamela0025794,3510,55,387,151,31
456,500,1296,Shamela0003118,3104,1,793,626,99
456,1116,1305,Shamela0021766,4115,151,343,129,78
456,1116,1296,Shamela0004445,1751,1236,1424,125,76
456,7,563,Shamela0004445,1751,759,1231,179,30
456,1116,1296,Shia001432Vols,35483,421,609,123,75
456,7,563,SHAM19Y23644,1207,886,1314,183,33
456,389,1262,Shia003732Vols,1945,895,1500,267,31
456,7,188,Shia003732Vols,1946,267,463,92,44
456,1116,1328,Shamela0010283,3577,325,534,134,71
456,1116,1296,Shia001265,312,73,261,123,75
456,1116,1461,Shamela0009780,488,994,1390,194,52
456,823,1343,Sham19Y0122232,1565,282,871,243,46
456,1116,1305,Zaydiyya0000220,236,1040,1218,124,77
456,1116,1296,Shia003714Vols,477,778,965,124,76
456,7,563,Shia003714Vols,477,311,773,187,32
456,1116,1296,ShamAY0034441,319,981,1153,114,68
456,1116,1296,Shamela0006864,1406,621,809,125,76
456,7,563,Shamela0006864,1406,147,616,178,30
456,833,1217,Sham19Y0014328,153,111,407,102,28
456,600,795,Shamela0009873,1467,1054,1212,122,80
456,7,522,Shamela0009783BK1,989,1028,1426,146,27
456,235,556,JK000916,9680,1147,1468,254,98
456,556,1296,JK000916,9681,1,740,578,98
456,795,1309,Shamela0023628,3214,86,646,221,41
456,795,1309,Shamela0000041,2397,411,958,209,38
457,1042,1394,ShamAY0034059,6376,1075,1357,184,61
457,718,1107,Shia001553,184,743,1121,295,94
457,1049,1366,Shamela0009770,459,531,801,188,71
457,1,465,Shia003616Vols,244,1043,1411,228,62
457,465,1468,Shia003616Vols,245,1,910,657,76
457,573,1468,Shia003616Vols,3128,385,1345,627,78
457,825,1385,ShamAY0034073,4849,817,1370,244,41
457,1042,1366,ShamIbadiyya0000193,3837,522,719,121,43
457,1042,1389,Zaydiyya0000161,162,362,674,213,72
457,718,1033,Shia001432Vols,8359,1183,1470,226,88
457,1033,1468,Shia001432Vols,8360,1,356,270,74
457,1042,1316,Shamela0010906,407,829,1010,128,53
457,807,1366,Tafsir09050,3962,541,945,154,28
457,1042,1385,JK006838,879,683,992,199,66
457,1042,1366,Shamela0009776,7925,859,1148,190,67
457,1042,1366,ShamAY0034055,9899,420,706,189,68
457,1042,1404,Shia003732Vols,1949,1075,1423,223,69
457,411,939,Shamela0023594,1857,459,933,117,20
457,1042,1404,Shamela0012935,274,1201,1542,228,71
457,718,1274,Shia001285,176,635,1112,343,72
457,1042,1385,Shia002406Vols,6970,1270,1571,202,68
457,1042,1385,Shamela0012884,4645,1190,1492,203,68
457,718,1468,Shia002185Vols,3082,467,1177,497,74
457,420,718,Shamela0009873,1468,85,335,179,73
457,825,1366,Shamela0009873,1472,900,1485,250,43
457,718,1053,Shia001331,73,339,607,175,61
457,844,1408,Shia002702Vols,10195,118,821,251,38
458,998,1479,Shamela0001515,324,144,571,202,43
458,863,1479,Shamela0006624,144,943,1425,180,29
458,863,1479,Sham19Y0127656,331,79,716,178,24
458,1061,1479,Shamela0008473,4424,206,627,166,39
458,853,1483,Shamela0012715,185,564,1018,180,29
458,863,1479,Shamela0035100,206,200,876,191,25
458,1101,1497,JK000786,4013,182,591,229,64
458,863,1397,JK007065,1153,934,1496,209,36
458,1,587,Shia003616Vols,245,910,1496,424,85
458,587,1501,Shia003616Vols,246,1,760,586,78
458,888,1483,Shia003616Vols,1944,10,583,223,36
458,1,161,Shia003616Vols,3128,1345,1508,124,96
458,242,882,Shia003616Vols,3129,1,591,436,81
458,863,1479,Shia001887Vols,1239,354,1005,239,36
458,863,1479,ShamAY0034282,1213,84,711,228,36
458,1072,1479,Shamela0025794,3509,205,551,163,38
458,1066,1479,Shamela0025794,3519,49,575,197,42
458,177,953,Shamela0003118,2822,603,1416,496,65
458,863,1479,Shamela0003118,6490,685,1365,188,25
458,863,1479,Shamela0009429,4317,685,1224,200,32
458,1106,1479,Shamela0021766,4112,29,403,148,38
458,1,723,Shamela0021766,4119,709,1346,455,76
458,863,1479,Shamela0004445,1761,83,735,243,37
458,863,1479,Shamela0009242,3541,322,1001,235,35
458,1106,1479,Shamela0005816,140,1,356,171,48
458,863,1479,Shamela0000927,2062,288,919,237,37
458,863,1483,Shamela0025800,2233,158,809,237,36
458,1061,1479,Shamela0026568,226,198,696,197,45
458,182,943,Sham19Y0127677,2855,583,1337,407,54
458,1101,1497,Sham19Y0127677,5755,1021,1449,223,60
458,168,953,Shia002265Vols,3322,413,1108,430,58
458,1101,1497,Shia002265Vols,3335,32,443,228,63
458,1072,1479,Shia002265Vols,3566,498,813,164,46
458,863,1479,Shamela0006610,997,34,676,246,39
458,853,1479,Shia003732Vols,1943,1,770,241,31
458,1,723,Shia003732Vols,1956,188,937,489,75
458,1072,1479,Shamela0023594,1856,514,830,147,39
458,1072,1479,Shamela0021809,2401,514,838,188,55
458,858,1479,Shamela0021809,2408,291,911,189,26
458,858,1479,Sham19Y0146127,3305,467,1132,235,34
458,1125,1479,Shamela0009773,290,593,835,137,42
458,1101,1479,Sham19Y0148486,5975,194,565,173,49
458,1061,1479,Shamela0009780,486,58,483,201,50
458,395,694,Shia001285,177,200,497,193,73
458,1061,1479,Shamela0023685,250,499,999,198,45
458,863,1479,Shamela0006590,385,96,702,218,33
458,1066,1479,ShamAY0034005,1345,1011,1497,202,46
458,182,723,Shamela0001438,4538,153,667,399,89
458,1072,1479,Shamela0001438,5626,1133,1473,166,43
458,1291,1497,Shamela0001438,7850,1,219,111,60
458,1101,1479,Shamela0001442,516,1079,1449,151,39
458,858,1377,Shamela0012884,4666,1024,1512,186,34
458,853,1479,Shamela0009898,147,182,794,225,36
458,1061,1479,Shamela0010480,295,296,609,174,47
458,222,948,Shamela0009873,1480,1,795,396,52
458,1101,1479,Shamela0013073,281,13,413,143,34
458,1066,1479,Shamela0001733,3898,388,894,169,34
458,182,723,JK009390,3898,426,917,367,81
458,182,723,JK009390,6599,620,1115,376,83
458,1101,1462,Shamela0012415,708,1021,1312,169,53
458,863,1479,JK000916,22586,378,1085,188,24
458,177,793,JK000916,27760,512,1124,465,89
458,863,1483,ShamAY0038083,217,661,1339,208,28
459,782,988,Sham19Y0145435,301,6,324,130,54
459,1206,1373,Sham19Y0145435,302,279,435,89,59
459,491,862,Shamela0008473,4418,1026,1433,140,34
459,935,1221,Shia002382Vols,1690,6,391,197,62
459,865,1221,Shia002382Vols,2256,1,484,250,64
459,741,1417,Shamela0012406,715,615,1221,458,84
459,347,988,Shamela0023833,679,568,1283,230,31
459,724,993,ShamAY0034249,7312,1264,1529,195,93
459,993,1455,ShamAY0034249,7313,1,440,306,81
459,347,988,Sham19Y0148271,1912,642,1346,233,31
459,1,1016,Shia003616Vols,246,760,1494,549,65
459,1016,1455,Shia003616Vols,247,1,530,332,77
459,347,988,Shamela0025794,3509,248,925,232,31
459,663,1363,Shia003636Vols,745,571,1397,321,39
459,668,1221,Shia002389Vols,2693,777,1393,343,65
459,56,891,Shamela0021766,4112,279,994,256,30
459,782,988,Shamela0004445,1751,6,311,133,57
459,668,1221,Shia001432Vols,8517,365,991,349,65
459,668,988,Shamela0009242,3544,185,488,161,56
459,508,854,Shamela0000427BK2,4080,615,1006,140,43
459,678,858,Shamela0001535,6324,1354,1552,120,76
459,347,1052,Shamela0005816,140,1,591,150,18
459,724,903,Shamela0011428,1459,379,551,136,96
459,656,1149,SHAM19Y23644,1207,32,686,195,29
459,668,911,Shamela0006610,999,1305,1477,115,60
459,56,697,Shia003732Vols,1943,937,1429,217,37
459,741,1455,JK009242,397,762,1291,389,68
459,342,988,Shamela0021809,2401,549,1210,232,31
459,663,1221,Tafsir04042,2059,119,856,339,55
459,668,1382,Shamela0009773,290,709,1427,504,81
459,741,960,Shia003459BK1,39,1282,1477,137,81
459,960,1455,Shia003459BK1,40,1,460,289,67
459,668,1221,Shia002337Vols,665,104,745,347,64
459,503,977,Shia002406Vols,6967,686,1299,187,31
459,663,1122,Shia003714Vols,476,895,1409,193,35
459,668,988,Shamela0022868,223,309,868,191,44
459,741,1202,JK000791,889,46,511,358,96
459,347,1000,Shamela0006864,1405,376,1108,230,30
459,317,1052,Shamela0009898,147,388,1028,171,19
459,209,1034,Shamela0009873,1464,575,1156,219,26
459,497,988,Shamela0009783BK1,989,58,620,188,32
459,1206,1373,Shamela0009783BK1,990,494,650,89,59
459,663,1157,Shia003656Vols,749,711,1445,302,49
459,497,865,ShamAY0034434,164,597,955,103,23
459,668,1455,Shamela0001686,486,580,1400,551,82
459,668,1196,Zaydiyya0000025,92,114,784,338,61
459,741,972,Shia002525,166,1075,1428,131,42
459,678,988,Shia002702Vols,10868,802,1231,189,56
460,1,976,Shia003616Vols,247,530,1486,519,51
460,1030,1494,Shia003616Vols,248,6,365,246,64
460,60,599,Shamela0009873,1468,948,1437,327,74
460,1103,1468,Shamela0009873,1470,819,1315,211,48
460,926,1375,Shia003656Vols,1068,1136,1460,236,64
461,1,1458,Shia003616Vols,248,365,1309,494,40
461,379,1132,Shia003616Vols,1668,185,1018,438,56
461,1119,1418,Shamela0009784,1079,472,728,86,26
461,30,560,Shia003732Vols,1946,1217,1490,182,41
461,702,1418,Shia003732Vols,1947,220,936,257,34
462,266,716,Shia001949,107,948,1349,198,51
462,493,1426,Shia003616Vols,249,1,892,383,37
462,1191,1510,Shia003616Vols,1259,52,348,229,87
462,1261,1510,Shia003616Vols,2096,179,434,197,96
462,266,1301,Shia003616Vols,2180,31,1178,721,78
462,382,716,Shamela0011428,1116,231,554,242,89
462,266,716,JK006801,272,739,1192,195,46
462,1,671,Shia003732Vols,1947,754,1490,202,24
462,1191,1506,Shia003732Vols,1948,285,929,219,40
462,382,723,Shamela0005737,91,1122,1433,176,56
462,194,716,Shia003656Vols,1069,337,595,159,34
463,11,727,Shia003616Vols,249,927,1544,453,77
463,727,1506,Shia003616Vols,250,1,697,388,56
463,1,1138,Shia003616Vols,1259,348,1527,809,78
463,661,1205,Shia003616Vols,1261,85,650,254,46
463,1,839,Shia003616Vols,2096,434,1389,581,70
463,661,875,ShamAY0034585,491,1291,1474,121,70
463,661,1005,JK009408,2094,907,1279,208,63
463,449,952,JK000481,657,1030,1440,195,41
463,682,1001,Sham19Y0122397,299,1,379,196,59
463,661,916,Sham19Y0122397,501,1250,1456,137,65
463,1,237,Shia003732Vols,1948,929,1256,158,59
463,476,1205,Shia003732Vols,1949,32,873,319,35
463,668,977,JK007016,40,1089,1444,176,54
463,661,1151,Shamela0021481,247,549,1026,242,51
464,453,850,Shia002508Vols,812,518,942,107,21
464,1,721,Shia003616Vols,250,732,1245,305,49
464,434,668,Shia003732Vols,4572,1,247,178,88
464,356,668,Shamela0006590,745,1027,1302,218,87
464,356,843,Shamela0012884,4649,836,1384,255,47
464,334,584,Shia003656Vols,1070,307,525,163,78
464,334,560,Shamela0001686,1541,1179,1397,163,90
465,485,968,JK009396,1465,1098,1546,153,29
467,1,902,Shamela0006864,1408,643,1535,326,33
468,325,1206,Sham19Y0145435,304,1,654,262,32
468,175,606,Shia002616Vols,5773,984,1274,149,36
468,646,1206,Shamela0009770,460,670,983,191,41
468,178,561,Shia003616Vols,243,629,943,187,53
468,727,1517,Shia003616Vols,251,45,721,414,59
468,655,1517,Shamela0021766,4117,473,936,272,37
468,182,704,Shamela0004445,1753,1122,1493,174,35
468,1218,1517,Zaydiyya0000161,163,1045,1190,96,42
468,679,1206,JK009408,1614,1,373,161,35
468,655,1517,Shia003732Vols,1952,527,1343,505,63
468,806,1111,Sham19Y0016684,1115,1010,1377,146,39
468,646,1510,Sham19Y0148486,5990,283,870,287,36
468,182,903,Shamela0006864,1409,356,1166,249,27
468,1078,1517,Shamela0009873,1477,274,502,130,33
468,577,1510,Shamela0023700,2460,70,693,300,35
468,561,1510,Shamela0012415,709,459,1133,314,36
469,1,992,Shia003616Vols,251,721,1460,501,61
469,1041,1512,Shia003616Vols,252,1,323,245,65
469,1,223,Zaydiyya0000570BK3,3599,434,662,131,72
469,1,125,Shamela0021766,4117,936,1079,89,77
469,1,223,Shamela0021493,232,964,1180,134,72
469,1,223,JK009408,1614,385,613,137,73
469,1,158,Shia003732Vols,1952,1343,1498,118,90
469,196,1512,Shia003732Vols,1953,1,1125,484,37
469,1,497,Shamela0009873,1477,502,951,226,52
470,714,1390,Sham19Y0145435,305,5,373,182,29
470,79,583,Shamela0023833,684,878,1363,215,44
470,87,1488,Shia003616Vols,252,363,1403,611,50
470,166,1410,Shamela0021766,4118,38,1356,350,23
470,157,523,Shia003732Vols,1953,1041,1473,189,48
470,772,1165,Shia003732Vols,1954,891,1317,191,47
470,251,1003,Sham19Y0146127,3317,5,929,241,25
470,171,736,Shamela0009773,164,839,1118,173,39
470,719,1446,Shia003714Vols,486,430,791,225,36
470,157,383,Shamela0026333,226,1096,1272,116,65
470,719,1446,Shamela0006864,1410,833,1205,223,36
470,79,583,Shamela0006864,1410,559,1007,178,32
470,87,554,Shamela0009873,1478,384,811,257,65
470,79,383,Shamela0023700,2460,1071,1262,140,58
470,79,583,Shamela0012415,710,81,547,197,38
471,302,662,Sham19Y0145435,305,613,797,117,37
471,302,662,Shamela0023833,685,310,501,122,39
471,302,1003,Shia003732Vols,1954,284,793,372,63
471,302,662,Shamela0009783BK1,993,663,847,117,37
472,902,1510,Shamela0012406,1243,680,1180,355,69
472,106,459,Shia003616Vols,253,82,368,210,72
472,590,895,Sham19Y0127677,9836,603,854,160,61
472,822,1510,Shamela0012031,336,453,1062,395,67
472,431,624,Shamela0009061,4,1302,1492,124,77
472,54,889,Shamela0001686,1351,566,1211,408,59
473,1,361,Shamela0012406,1243,1180,1506,246,85
473,395,1424,Shamela0012406,1244,6,717,520,62
473,785,1424,Shia003616Vols,253,832,1530,229,30
473,1,541,Shamela0012031,336,1062,1514,337,76
473,489,1424,Shamela0012031,337,5,635,444,58
474,105,490,Shamela0023833,686,742,1385,231,41
474,1088,1422,Shia003616Vols,254,341,753,193,56
474,1,419,Shamela0003118,7334,985,1399,322,96
474,1,880,Shamela0003118,7672,634,1518,688,95
474,880,1422,Shamela0003118,7673,1,548,414,91
474,1,251,ShamAY0036736,323,1281,1513,175,83
474,1,490,Shamela0022868,224,271,813,263,53
474,105,490,Shamela0006864,1412,252,898,228,41
474,577,723,Shamela0003485,148,1337,1483,118,99
474,1,1074,JK000916,27111,489,1554,837,94
474,1074,1454,JK000916,27112,1,365,264,84
474,1121,1422,JK000916,27114,174,337,129,52
474,1,419,JK000916,28042,688,1122,324,92
474,1,294,Shamela0001686,2679,1153,1478,232,88
474,294,1422,Shamela0001686,2680,1,1144,809,82
475,756,1470,Shia003616Vols,256,397,943,225,30
475,752,1470,Shia003732Vols,2008,526,1303,209,24
475,114,700,JK000916,370,1237,1429,118,26
475,15,785,JK000916,6342,220,626,175,26
476,1,1122,Shia003732Vols,2009,386,1557,455,33
476,1361,1513,Shia003732Vols,2010,1219,1366,112,92
477,1271,1518,Shia003616Vols,256,887,1107,160,80
477,112,710,Shia003732Vols,2011,1,646,451,85
477,1208,1514,Shia003732Vols,2012,756,1073,168,55
477,633,1328,Shia003732Vols,2034,293,1013,263,33
477,1208,1518,Zaydiyya0000037Vols,185,501,835,180,60
477,1287,1450,Shamela0009873,1491,64,228,81,57
477,677,979,Shia001913Vols,12,507,905,186,55
478,1073,1500,Sham19Y0018176,2201,99,544,210,51
478,1115,1485,Sham19Y0013605,4325,186,531,175,49
478,1124,1500,Shamela0023833,688,63,390,203,60
478,1073,1500,Shamela0009770,471,1033,1409,231,60
478,1073,1500,JK007065,346,866,1307,209,51
478,1056,1521,Shia003616Vols,2129,5,475,352,90
478,1073,1500,Sham19Y0150966,1374,19,460,237,55
478,1073,1500,Shamela0004445,1772,579,993,228,56
478,1073,1500,Sham19Y0013252,9118,761,1205,176,41
478,1073,1513,ShamAY0033938,1023,763,1180,205,49
478,1073,1500,JK000028,128,1061,1492,198,50
478,1073,1500,SHAM19Y23644,1244,326,759,195,47
478,1230,1521,SHAM19Y23644,3179,52,214,120,52
478,1073,1500,Sham19Y0018103,3631,988,1431,210,51
478,1069,1513,JK001039,66,749,1124,198,49
478,1073,1500,Shia001782Vols,1997,187,644,237,55
478,1073,1500,JK000110,1616,560,1003,210,51
478,1073,1472,Sham19Y0148486,2176,43,458,248,68
478,1073,1513,Sham19Y0020638,853,726,1140,205,50
478,1073,1500,Sham19Y0018106,3693,818,1263,210,51
478,1073,1472,Shamela0023700,1197,740,1151,244,65
478,1073,1500,Shamela0005756,13811,490,937,209,51
478,1073,1513,Shamela0001733,1455,266,702,189,46
478,1073,1513,Shamela0021713,759,1035,1472,204,47
478,1165,1521,Shamela0001686,1491,1,327,257,89
478,1241,1513,Shamela0006617,440,1012,1373,123,40
478,1,289,Zaydiyya0000025,94,175,464,162,69
478,1073,1500,Shamela0021715,9275,975,1418,210,51
479,329,801,JK000786,3354,596,1216,231,44
479,329,655,Shia003616Vols,2130,84,440,262,91
479,1132,1461,ShamAY0038419,322,1143,1430,216,82
479,1132,1504,ShamAY0038405,433,686,1029,255,85
479,557,1468,Shia003732Vols,2011,554,1451,549,67
479,1132,1504,Shamela0023735,2841,1079,1415,238,80
480,213,1432,Shia003616Vols,2069,414,1574,870,85
480,1,167,ShamAY0038405,433,1029,1228,116,67
481,215,846,Shia003616Vols,256,914,1523,270,44
481,1160,1514,Shia003616Vols,257,9,343,239,79
481,1,365,Shia003616Vols,2070,122,447,220,71
481,551,708,JK001266,43,1129,1286,108,81
481,473,741,Shamela0030760,12,961,1228,165,67
481,483,708,ShamAY0032774,5,1101,1302,129,68
481,533,786,Shamela0009784,1124,1,337,164,58
481,1252,1514,Shia003732Vols,2012,1035,1268,184,83
481,159,708,Shamela0010283,3591,605,1166,196,31
481,1266,1514,Shamela0010283,3591,1177,1458,173,70
481,493,736,Shamela0012935,291,851,1115,147,64
481,493,741,Sham19Y0145166,307,519,786,154,66
481,493,679,Sham19Y0026094,438,192,351,110,74
481,341,755,Shamela0009873,1490,97,525,204,49
481,971,1514,Shamela0009873,1491,116,749,217,34
481,493,708,Shamela0029972,17,271,535,133,62
481,1290,1514,Shamela0001686,494,307,537,156,72
481,473,736,Sham19Y0127698,86,854,1106,157,66
481,341,755,Shamela0021765,2219,414,760,170,47
482,261,1448,Shia003616Vols,2070,234,1456,654,55
482,110,530,Shia003616Vols,2096,1119,1549,335,95
482,530,1495,Shia003616Vols,2097,1,976,760,97
482,509,989,Shia003732Vols,2013,975,1444,326,80
482,1001,1477,Shia003732Vols,2014,1,552,277,53
482,747,1346,Shamela0012935,292,42,438,166,29
482,566,1481,Shamela0009873,1492,1,795,411,50
483,1,487,Shia003616Vols,2097,976,1490,391,93
483,487,1262,Shia003616Vols,2098,1,783,450,64
483,1,237,Shia003732Vols,2015,262,486,171,83
483,1372,1497,Shia003714Vols,502,523,645,95,95
484,67,352,Shia003616Vols,257,960,1206,154,59
484,77,472,Shia003616Vols,2071,146,406,194,60
484,718,947,Shia003732Vols,2015,756,993,175,88
485,141,1283,Shia003616Vols,2071,477,1520,771,82
485,1283,1513,Shia003616Vols,2072,1,244,177,88
485,11,843,Shamela0009873,1494,482,1161,428,58
485,1145,1510,Shamela0009873,1495,1,302,223,75
486,1127,1507,Shamela0012406,747,968,1268,184,58
486,718,1337,Shia003616Vols,258,151,511,134,22
486,1,504,Shia003616Vols,2072,244,732,382,93
486,795,1076,Shamela0021766,4127,25,316,198,80
486,475,1076,Shia003732Vols,2014,228,736,207,31
487,162,575,Shamela0012406,735,434,861,189,43
487,26,551,Shamela0012406,747,1268,1501,176,41
487,167,575,Shia003616Vols,1627,386,1188,210,33
487,693,1507,Shia003616Vols,3108,162,1006,625,91
487,274,444,Shia003616Vols,4686,1081,1251,134,96
487,202,575,Sham19Y0013252,6610,146,500,175,49
487,162,444,Shamela0010283,3592,24,319,193,75
487,162,575,Shamela0001686,494,646,970,219,66
488,1,443,Shia003616Vols,3108,1006,1477,352,93
488,443,1509,Shia003616Vols,3109,1,1077,829,94
489,1,456,Shia003616Vols,3109,1077,1532,368,99
489,456,1506,Shia003616Vols,3110,1,1088,827,94
490,11,516,Shia003616Vols,258,1211,1533,218,52
490,968,1476,Shia003616Vols,259,48,582,321,65
490,1,409,Shia003616Vols,3110,1088,1495,327,99
490,409,1562,Shia003616Vols,3111,1,1160,881,92
490,973,1367,Shia004092Vols,1896,392,791,254,71
491,903,1089,Shia003616Vols,259,661,845,127,77
491,1,365,Shia003616Vols,3111,1160,1544,272,89
491,792,1000,Shia003702,107,867,1092,93,51
491,792,1000,Shia002359Vols,3929,283,503,94,52
491,792,995,Shia003707Vols,191,748,968,86,49
492,1206,1365,Shamela0035100,232,1270,1469,117,76
492,618,1274,Shamela0035100,233,212,572,232,42
492,618,1274,Shamela0010906,417,1046,1408,237,43
492,623,770,Sham19Y0131336,1113,1323,1477,108,83
492,618,1220,JK006838,911,699,1198,350,70
492,618,1206,Shamela0005922,2191,150,625,349,73
492,618,1229,Sham19Y0146127,2124,639,1137,353,71
492,618,1206,Sham19Y0148486,3988,529,1066,374,75
492,590,1063,Shamela0009873,1501,997,1303,191,50
492,618,1206,Shamela0021713,762,201,706,361,74
493,545,824,Shamela0035100,233,580,772,138,63
493,1,606,Shia003616Vols,260,233,798,155,22
493,1,266,Shamela0003118,2342,1212,1476,202,95
493,274,606,Shamela0003118,2343,1,314,235,85
493,540,656,Shamela0021766,4130,1128,1236,81,87
493,577,824,Shamela0010906,418,1,166,119,62
493,80,606,Sham19Y0127677,9251,52,396,155,31
493,555,824,JK006838,912,1,186,130,60
493,540,858,Shia003732Vols,2021,622,882,159,59
493,32,459,Shamela0023644,1109,727,1233,242,51
493,1,540,JK000916,6845,90,614,415,96
494,907,1370,Shia003616Vols,260,1182,1466,200,54
494,378,1494,Shia003616Vols,3105,198,1328,868,95
494,550,1085,Shamela0021766,4127,1253,1533,185,41
494,563,1500,Shia003732Vols,2016,416,1419,630,73
495,391,805,Shamela0023833,693,1049,1421,236,64
495,530,920,Sham19Y0148271,1859,16,488,275,72
495,391,920,Shamela0009770,468,826,1351,304,62
495,1,197,Shia003616Vols,3105,1328,1525,156,99
495,197,1274,Shia003616Vols,3106,1,1120,826,89
495,391,805,Shamela0025794,2764,1088,1459,235,63
495,391,920,Shamela0010664,1039,29,556,303,61
495,391,920,Shamela0004445,1789,331,860,306,62
495,391,920,Shamela0009784,1137,67,580,300,63
495,530,920,Shia001782Vols,1998,45,545,281,70
495,451,717,Shia003732Vols,2015,1235,1537,205,85
495,717,1050,Shia003732Vols,2016,1,299,232,86
495,120,711,Shia003732Vols,2017,55,533,262,47
495,648,920,Shamela0021809,3381,1,319,191,74
495,391,915,Shamela0026389,142,905,1433,307,62
495,391,920,Shamela0009567,545,193,724,310,62
495,391,733,Shamela0006864,1430,1115,1408,177,58
496,9,216,Shia003616Vols,261,433,667,135,64
496,721,977,Shamela0003118,2043,290,551,201,95
496,638,977,Shamela0000427BK2,6615,397,558,112,42
496,726,977,Sham19Y0127677,19045,416,672,146,66
496,638,977,Shamela0009642,263,526,999,227,61
496,653,986,JK000916,5931,1,345,257,94
497,272,596,Shia002240Vols,397,857,1141,137,42
497,154,596,Shamela0011428,1485,913,1313,161,34
498,593,851,Shia002240Vols,397,1015,1261,193,90
498,580,1302,Shia003616Vols,262,157,655,303,48
498,606,776,Shamela0021766,4128,399,564,117,86
498,593,851,Shamela0011428,1485,1181,1435,197,92
498,606,776,Shia003732Vols,2017,621,798,131,91
498,1039,1217,Shamela0009873,1507,288,462,126,80
499,1015,1269,Shia003616Vols,3112,1,254,199,96
499,17,488,Sham19Y0146127,3162,1077,1423,216,56
499,17,415,Sham19Y0016684,1965,115,491,283,86
499,17,270,Sham19Y0148486,5756,1249,1511,199,93
500,463,1112,Shamela0021766,4128,745,1317,420,79
500,402,641,Shamela0004445,1794,1277,1488,163,85
500,641,1218,Shamela0004445,1795,1,441,270,50
500,412,740,Shamela0023695,1157,649,937,141,47
500,402,695,JK006838,915,1195,1470,180,72
500,695,1521,JK006838,916,1,541,372,54
500,402,953,Shia003732Vols,2017,983,1498,365,78
500,953,1521,Shia003732Vols,2018,1,401,227,47
500,402,1347,Shamela0010283,3595,468,1240,532,64
500,1356,1470,Sham19Y0146127,2124,1107,1220,88,99
500,1363,1470,Sham19Y0148486,3988,1187,1294,83,100
500,396,1351,Shamela0021713,764,285,757,330,41
501,1,1419,Shia003616Vols,3107,120,1494,1047,89
501,553,1511,Shamela0021766,4129,1,793,539,66
501,1,1163,Shamela0004445,1795,412,1150,422,42
501,1,1148,JK006838,916,541,1556,783,84
501,1,1123,Shia003732Vols,2018,401,1534,859,92
501,1085,1549,Shia003732Vols,2019,6,406,189,47
501,1,320,Shamela0010283,3595,1207,1499,222,86
501,320,1549,Shamela0010283,3596,1,1074,655,59
501,429,616,Sham19Y0146127,2124,1270,1410,111,74
501,1064,1423,Shamela0006590,405,211,457,143,49
501,54,1202,Shamela0009873,1506,412,1216,426,43
502,1088,1551,Shamela0021766,4133,38,389,190,43
502,918,1496,Shamela0004445,1795,1037,1589,294,48
502,1098,1404,Shamela0023695,1137,51,340,187,69
502,1074,1542,JK006838,917,133,490,275,71
502,1311,1551,Shia003732Vols,2027,256,481,171,87
502,1080,1551,Shamela0010283,3596,756,1425,185,30
502,918,1551,Shamela0021713,764,536,1148,289,42
503,997,1532,ShamAY0034059,6428,712,954,142,32
503,934,1253,Shamela0021600,290,1241,1514,173,63
503,858,1532,Shamela0021766,4133,405,930,376,68
503,948,1350,Shamela0004445,1796,1,337,219,62
503,858,1350,Shia001432Vols,8555,1078,1518,333,82
503,858,1366,JK006838,917,496,877,282,67
503,991,1350,Shia002359Vols,3931,14,362,264,88
503,858,1532,Shia003732Vols,2027,497,1162,486,84
503,858,1350,Tafsir04042,2070,480,842,275,69
503,852,1064,Shamela0010283,3596,1323,1548,154,83
503,1064,1385,Shamela0010283,3597,1,374,247,81
503,858,1137,Sham19Y0018159,33,1288,1558,216,96
503,1137,1385,Sham19Y0018159,34,1,295,181,73
503,858,1385,Shia002406Vols,6996,892,1426,355,73
503,898,1350,Tafsir06049,6042,171,628,253,57
503,934,1385,Shamela0021595,619,888,1293,275,70
503,858,1263,Shamela0021713,764,1164,1548,307,94
504,1,616,Shia003616Vols,263,179,564,232,47
504,1,652,Shia003461Vols,270,820,1306,183,29
504,446,1186,JK009218,178,174,1242,400,40
505,65,1461,Shia003616Vols,263,719,1462,501,42
506,1097,1525,Shia003616Vols,5507,646,1073,343,99
506,50,1228,Shamela0003118,461,253,1529,749,66
506,1228,1525,Shamela0003118,462,1,310,230,91
506,236,394,Shamela0006596,38,1310,1467,122,96
506,394,1525,Shamela0006596,39,1,1139,881,94
506,229,447,JK000916,817,1343,1555,165,95
506,447,1525,JK000916,818,1,1095,847,95
507,214,1516,Shia003616Vols,3112,202,1462,886,78
507,1,438,Shia003616Vols,5507,1073,1502,339,97
507,1,438,Shamela0003118,462,310,729,324,93
507,1,400,Shamela0006596,39,1139,1530,307,96
507,438,1170,JK006838,933,185,765,438,73
507,214,901,Shia003732Vols,2035,819,1445,293,46
507,966,1170,Shia003732Vols,2036,11,213,149,92
507,347,1155,Shamela0006590,406,318,1023,450,65
507,347,1170,ShamAY0034441,335,120,681,384,57
507,489,1155,Tafsir06049,6043,189,618,283,53
507,755,1155,Shamela0009873,1527,992,1362,197,56
507,670,822,Shamela0009873,1528,1,137,98,79
507,1,438,JK000916,818,1095,1520,329,92
507,347,1170,Shamela0021713,771,427,1050,432,65
508,81,1128,Shia003616Vols,3113,1,1120,816,90
508,1081,1522,Shia003616Vols,3122,835,1285,346,95
508,691,1133,Shamela0004445,1816,373,887,322,76
508,1099,1407,Shamela0026568,246,1012,1433,206,60
508,636,1133,JK006838,933,739,1222,346,85
508,1109,1407,Shamela0002569,342,512,896,185,57
508,636,1154,Shia003732Vols,2036,187,624,247,59
508,1109,1342,Sham19Y0145166,316,779,1257,145,37
508,709,1085,Shamela0010895,68,946,1314,288,95
508,1099,1342,Shamela0023685,270,1108,1436,175,64
508,636,1133,Shamela0006590,406,1010,1472,308,76
508,636,1085,ShamAY0034441,335,655,1087,325,88
508,636,1128,Tafsir06049,6043,605,1034,310,77
508,1140,1522,Shamela0009873,1534,7,453,217,52
508,636,1128,Shamela0021713,771,1024,1490,348,88
508,1081,1522,Shamela0001686,575,100,549,296,75
508,1099,1342,Shamela0006617,606,336,644,164,62
508,1085,1522,ShamAY0034447,1485,1,487,318,77
509,1215,1398,Sham19Y0131521,6017,1244,1436,96,53
509,119,1398,Shamela0035100,688,366,1139,382,37
509,357,865,Shamela0009770,470,1,542,237,45
509,39,1474,Shia003616Vols,264,144,1511,610,39
509,1,256,Shia003616Vols,3122,1285,1501,175,84
509,256,1496,Shia003616Vols,3123,1,1253,957,94
509,39,865,Shamela0021766,4135,394,1214,382,53
509,1215,1398,Sham19Y0020591,1634,976,1168,96,53
509,202,865,Shamela0004445,1814,459,1107,301,45
509,34,1398,Shamela0010906,685,536,1343,421,39
509,1215,1398,Shamela0117359,1045,819,1011,96,53
509,316,865,Sham19Y0127677,5746,463,1053,298,59
509,316,865,Shia002265Vols,2207,389,957,297,59
509,602,876,Shia001782Vols,2003,1,330,148,51
509,271,865,Shia003732Vols,2031,328,990,282,45
509,1287,1471,Sham19Y0146127,2709,611,839,91,40
509,1215,1398,Sham19Y0148486,5021,1000,1192,96,53
509,109,813,Sham19Y0038171,1460,739,1453,355,57
509,1095,1398,Shamela0008176,7512,771,1152,109,30
509,34,775,Shamela0009873,1534,430,1137,401,59
509,316,831,Shamela0001733,266,220,697,283,67
509,516,831,JK009390,6263,1,253,160,63
509,223,831,ShamAY0035035,5643,1,607,335,63
509,34,1014,Shamela0001686,575,520,1457,471,49
509,1215,1398,Sham19Y0020944,1057,1143,1334,96,53
509,34,1053,ShamAY0034447,1485,454,1470,529,53
509,109,977,Shia002218Vols,40,260,829,233,29
510,939,1516,Shia003616Vols,265,138,505,219,44
510,939,1476,Shia003616Vols,2072,695,1242,359,74
510,939,1516,Shia003616Vols,2121,252,827,451,95
510,1,218,Shia003616Vols,3123,1253,1470,172,100
510,218,933,Shia003616Vols,3124,1,488,375,65
510,19,348,Shia003616Vols,3489,1185,1451,170,61
510,1,357,Sham19Y0014592,1375,667,1008,240,79
510,7,308,JK000216,383,32,346,206,75
510,66,366,Sham19Y0127677,1672,568,978,204,61
510,66,366,Shia002265Vols,3660,888,1285,217,68
510,1,342,SHAM19Y23644,1260,998,1357,228,72
510,1,327,Shamela0006590,857,1202,1509,219,79
510,85,366,Shamela0001438,2715,96,443,202,72
510,85,390,JK009390,1648,1093,1395,188,71
510,1,348,Shamela0001686,2933,433,789,256,85
511,1,1441,Shia003616Vols,265,505,1511,578,47
511,867,1334,Shia003616Vols,1536,949,1452,133,21
511,7,379,Shia003616Vols,2072,1122,1527,239,69
511,1,379,Shia003616Vols,2121,827,1215,277,83
511,1162,1511,Shia003616Vols,3118,503,849,274,98
511,1,689,Shamela0001686,495,836,1449,214,29
512,1,466,Sham19Y0131521,3806,860,1284,110,18
512,1,197,Shamela0012750,514,340,544,116,62
512,1,197,Shamela0036446,752,1315,1458,114,72
512,1,501,Shamela0035100,244,395,812,174,36
512,1,197,Shia002616Vols,6984,1340,1483,114,72
512,1,197,Sham19Y0148271,593,1158,1303,112,70
512,1,197,ShamAY0033973,65,1117,1295,107,63
512,1,197,JK000786,3507,952,1108,102,60
512,1100,1477,Shia003616Vols,266,13,391,274,86
512,1,466,Shia003616Vols,3118,849,1287,170,34
512,1,466,Shamela0021629,782,382,726,163,35
512,1,202,Sham19Y0127663,747,1226,1393,99,61
512,1,197,Shamela0003722,8287,898,1041,112,71
512,1,197,Shamela0025794,4074,1241,1385,111,69
512,1,197,Shamela0022547,37,305,502,120,68
512,1,197,Sham19Y0127700,305,523,669,114,71
512,1,466,Sham19Y0020591,992,386,756,110,19
512,1,197,Shamela0001077,310,37,205,113,69
512,1,202,Shamela0009242,1608,944,1115,113,69
512,1,466,Shamela0001582,13,453,804,152,35
512,1,466,Shamela0023578,721,5,355,117,21
512,1,369,Shamela0010906,428,1212,1458,133,41
512,1,197,Shamela0117359,660,1258,1401,114,72
512,1,202,Shamela0030760,10,219,431,151,89
512,1,369,Sham19Y0145212,2519,943,1179,140,48
512,1,202,JK009408,890,792,964,109,66
512,1,466,Shamela0025800,558,533,942,118,20
512,16,197,JK006838,936,1,155,109,71
512,1,197,Shamela0096228,580,516,659,112,71
512,1,202,Shamela0006610,396,107,281,113,68
512,1,197,ShamAY0033945,811,1126,1270,115,72
512,1,190,JK000221,311,1144,1282,106,69
512,1,197,Shamela0010657,620,562,707,112,70
512,1,482,Sham19Y0018567,1005,280,690,165,35
512,1,466,Shamela0006590,409,441,858,171,41
512,1,197,Sham19Y0014119,435,62,205,114,72
512,1,369,Shamela0008360,607,190,434,141,48
512,1,182,Tafsir06049,1573,1341,1471,103,70
512,1,197,Shamela0026333,211,642,808,112,70
512,1,197,JK000201,3041,1173,1316,114,72
512,1,197,Sham19Y0017791,1347,1279,1424,116,73
512,1,197,Sham19Y0017791,1348,60,306,127,57
512,1,197,JK000677,145,139,336,128,72
512,1,202,Shamela0008176,5095,1106,1254,115,71
512,1,197,Shamela0023631,967,1237,1380,114,72
512,1,197,ShamAY0034644,247,205,379,105,65
512,1,197,Shamela0013033,128,417,614,128,72
512,1,171,Sham19Y0013223,539,1365,1483,95,69
512,1,197,Shamela0010826,99,319,497,107,63
512,1,197,JK007064,247,525,668,114,72
512,1,197,Sham19Y0017063,970,1309,1452,114,72
512,1,197,Shia001989,257,647,854,128,70
512,1,369,Sham19Y0020879,113,452,804,150,45
512,1,466,Sham19Y0020944,597,626,1014,109,19
512,1,466,Shamela0023628,641,141,476,121,24
512,1,197,Sham19Y0001729,1676,1273,1420,108,68
513,512,707,Sham19Y0018176,1559,495,681,96,61
513,426,694,Sham19Y0013605,3268,17,311,104,40
513,1,219,Shia003616Vols,266,395,626,165,88
513,344,1438,Shia003616Vols,267,16,654,479,54
513,1,162,Shia001887Vols,1693,172,348,123,88
513,431,720,Sham19Y0018100,654,409,647,125,49
513,580,724,Shamela0022334,11,1,136,95,80
513,426,833,Sham19Y0013252,6608,474,1002,131,26
513,512,774,Sham19Y0013252,6626,1157,1460,116,47
513,735,1045,Shia003461Vols,113,735,1006,164,59
513,431,720,Sham19Y0017124,823,455,733,125,43
513,431,720,Sham19Y0017124,988,1068,1309,125,48
513,421,833,SHAM19Y23644,1248,855,1359,176,38
513,426,707,Sham19Y0018103,2689,366,670,111,41
513,421,833,Shamela0011816,230,720,1116,178,47
513,421,724,ShamAY0032828,10,692,983,149,55
513,421,724,Sham19Y0146127,2151,230,518,153,55
513,426,833,JK000110,1094,468,974,130,27
513,389,774,Shamela0002863,2140,721,1084,149,39
513,389,724,Sham19Y0148486,4033,700,980,159,57
513,389,724,ShamAY0034005,1364,446,733,155,56
513,421,833,Shamela0008493,237,1,478,143,27
513,512,833,Sham19Y0016584,3004,145,542,120,33
513,512,707,Sham19Y0018106,2790,1172,1358,96,61
513,512,707,Shamela0005756,10932,168,355,100,63
513,421,724,Shamela0012403,813,186,414,136,57
513,344,490,Shamela0001686,495,1304,1490,102,63
514,1376,1530,Sham19Y0016599,667,1049,1206,102,71
514,1376,1530,Sham19Y0131521,597,833,1044,108,63
514,1376,1530,Shamela0036446,103,271,477,108,65
514,1169,1530,Shamela0023833,699,1,402,234,63
514,1042,1530,Sham19Y0148271,2394,722,1259,292,59
514,1109,1346,Shamela0009770,471,526,766,148,67
514,1042,1420,Shamela0021477,595,769,1467,268,47
514,1042,1530,Shamela0021477,596,645,1134,383,96
514,325,602,Shia002240Vols,402,426,669,129,57
514,158,1316,Shia003616Vols,267,680,1452,444,40
514,1058,1530,Shamela0025794,5178,198,712,291,61
514,1376,1530,Sham19Y0020591,130,1018,1229,108,63
514,1058,1530,Shamela0004445,1804,536,1055,288,60
514,1376,1530,Shamela0001875,204,167,376,107,59
514,1376,1530,Shamela0117359,132,961,1170,107,59
514,1376,1530,Shamela0025800,1948,990,1199,109,64
514,1112,1346,Shamela0009784,1141,111,343,143,65
514,1096,1330,Shamela0009229,85,788,1232,161,43
514,1212,1530,Sham19Y0146127,683,1,299,210,77
514,325,602,Sham19Y0014285,5627,437,644,128,59
514,1058,1261,Sham19Y0148486,1344,1213,1473,125,54
514,1261,1530,Sham19Y0148486,1345,1,251,186,84
514,1164,1530,Shamela0006864,1436,1,406,238,64
514,1376,1530,Shamela0003485,260,207,398,109,70
514,1131,1530,Shamela0005806,26,6,843,236,32
514,1131,1500,Shamela0009873,1538,1055,1514,203,46
514,1042,1261,Shamela0023700,2813,1275,1481,158,90
514,1058,1241,Shamela0023700,2814,154,326,109,67
514,1058,1405,Shamela0023700,3129,618,951,192,65
514,1055,1530,Shamela0001686,2918,1,474,351,88
514,1376,1530,Sham19Y0020944,76,18,227,108,64
514,1042,1189,JK007097,80,743,890,110,94
515,1,379,Sham19Y0016599,667,1206,1483,176,54
515,1,466,Sham19Y0131521,597,1044,1448,213,49
515,1,415,Shamela0036446,103,477,791,195,55
515,1,415,Shamela0023833,699,402,868,301,79
515,1,178,Sham19Y0148271,2394,1259,1450,130,85
515,178,524,Sham19Y0148271,2395,1,434,210,60
515,1,327,Shamela0021477,596,1134,1465,256,97
515,1,158,Sham19Y0014601,740,997,1160,119,92
515,55,451,Sham19Y0014601,741,155,563,167,38
515,1,600,Shamela0025794,5178,712,1304,331,62
515,6,150,Shamela0021642,199,564,750,95,65
515,1,158,Sham19Y0020591,130,1229,1392,119,92
515,1,354,Shamela0004445,1804,1055,1422,261,87
515,415,790,Shamela0004445,1805,1006,1399,279,89
515,1,415,Shamela0001875,204,376,688,198,56
515,1,199,Shamela0117359,132,1170,1404,148,80
515,1,415,Shamela0025800,1948,1199,1519,198,55
515,415,816,JK006838,929,394,764,249,75
515,164,600,Shamela0009784,1141,343,741,168,36
515,1,402,Shamela0008544,770,334,636,187,54
515,187,340,Shamela0008544,772,329,480,116,92
515,501,737,Shia003732Vols,2044,1,241,187,95
515,1,199,Shia003732Vols,3208,215,444,142,80
515,1019,1406,Shamela0009783BK4,124,1045,1423,258,78
515,463,669,Shamela0006590,406,237,412,134,79
515,1,415,Shamela0001442,75,852,1171,198,55
515,1,415,Shamela0006864,1436,406,871,300,79
515,6,150,Shamela0021677,169,1315,1499,95,66
515,1,415,Shamela0003485,260,398,691,191,55
515,1,415,Shamela0005806,26,843,1161,192,54
515,6,150,Shamela0008463,50,418,604,95,65
515,1,158,Shamela0009873,1539,31,188,106,82
515,1,415,ShamIbadiyya0000185,4587,833,1151,196,54
515,1013,1432,Shamela0001686,2917,568,987,307,89
515,25,595,Shamela0001686,2918,479,1058,351,69
515,1,415,Sham19Y0020944,76,227,547,198,55
515,1,415,Sham19Y0014309,2314,181,500,198,55
515,20,199,Sham19Y0014309,2315,1,594,121,26
515,1019,1411,JK000533,3511,483,704,153,49
515,25,415,Shamela0008540,452,496,772,178,55
516,1319,1489,Shamela0011428,1498,444,596,115,85
517,159,628,Shia003616Vols,268,1,397,239,60
517,1024,1356,Shia003616Vols,2073,7,380,179,54
517,49,270,Shamela0021744,3327,1,205,142,77
517,732,933,Shamela0036515,1273,446,667,156,88
517,29,587,Shamela0011428,1498,596,938,237,54
517,29,251,ShamAY0033181,1568,35,250,165,94
517,29,270,JK000299,2850,731,954,151,76
518,1117,1482,Shia003616Vols,2160,272,657,252,74
518,564,756,Shamela0023100,463,78,284,113,60
519,542,965,Shamela0004473,5719,1382,1611,152,44
519,127,299,Shamela0004473,7581,906,1161,132,65
519,127,299,Shamela0000551,2273,851,1107,133,65
519,32,489,Shamela0009790,359,666,1173,199,42
519,663,1003,Shamela0008473,2699,210,412,106,38
519,663,1003,Shamela0000976,37,786,988,106,38
519,127,299,ShamAY0033522,553,275,532,133,64
519,663,1003,Sham19Y0148271,529,1017,1222,105,38
519,119,299,Shamela0009804,300,1153,1393,135,69
519,24,1020,Shia003616Vols,268,895,1515,425,51
519,1,658,Shia003616Vols,2160,657,1216,406,77
519,127,299,Sham19Y0006684,2802,925,1181,133,65
519,663,1003,Shamela0026324,1157,755,957,106,38
519,134,308,Shamela0003118,3323,455,710,123,59
519,127,313,Shamela0026566,91,258,556,132,54
519,127,299,Shamela0012399,2822,1160,1417,133,64
519,127,268,Shamela0012399,2830,897,1391,108,27
519,106,268,Shamela0006039,213,333,672,109,39
519,663,1003,Sham19Y0123608,1127,974,1179,105,38
519,127,384,Shamela0025800,1066,878,1271,159,50
519,629,1003,Shamela0005922,2930,890,1180,129,38
519,119,299,Sham19Y0127713,1485,378,621,134,69
519,127,299,ShamAY0033531,2431,454,684,132,70
519,663,1003,Sham19Y0013577,8283,1175,1379,101,37
519,127,299,Sham19Y0014462,67,842,1092,130,65
519,663,1003,Shamela0021809,675,817,1014,102,37
519,127,384,Sham19Y0146127,1244,786,1473,138,24
519,127,322,Shamela0002863,953,674,948,130,59
519,119,388,Sham19Y0014285,3896,953,1301,150,54
519,127,299,Sham19Y0148486,2378,570,823,131,64
519,127,299,Shamela0028107,560,860,1112,131,64
519,663,1003,Shamela0012220,329,1139,1341,106,38
519,127,299,Shamela0001719,1730,112,365,130,64
519,127,299,Sham19Y0013241,693,125,378,133,66
519,127,299,JK000916,10720,918,1170,129,63
519,127,299,Sham19Y0014309,1229,497,741,126,63
520,4,612,Shia003616Vols,2110,755,1479,482,83
520,612,1485,Shia003616Vols,2111,1,878,693,98
520,99,917,Shamela0006590,408,113,870,413,51
520,1,655,Shamela0001686,1858,682,1380,416,67
521,767,1022,Shamela0023833,705,1231,1455,143,63
521,6,807,Shia003616Vols,2111,767,1506,483,64
521,807,1576,Shia003616Vols,2112,1,771,620,98
521,767,901,Sham19Y0122397,310,1323,1444,87,78
521,901,1570,Sham19Y0122397,311,1,615,193,24
521,767,1570,Shamela0010283,3601,327,1248,347,36
521,767,1357,Shamela0006864,1442,967,1489,208,32
521,507,716,Shamela0001686,857,847,1055,106,57
522,1144,1484,Sham19Y0039268,56,306,623,198,69
522,370,600,Shamela0012406,784,222,437,169,93
522,1020,1453,Shamela0022579,618,1065,1453,195,53
522,1098,1490,JK000272,1435,537,848,196,57
522,1144,1490,Shamela0007798,4458,720,1042,212,72
522,1141,1490,JK000786,4019,1002,1326,220,75
522,1,840,Shia003616Vols,2112,771,1552,617,91
522,840,1506,Shia003616Vols,2113,1,709,530,93
522,935,1506,Sham19Y0020699,682,502,1001,214,36
522,1177,1490,Shamela0009788,1749,266,550,188,70
522,1094,1506,Shamela0021766,1779,50,636,215,40
522,1013,1506,Shamela0021766,4410,161,469,222,56
522,181,1004,ShamAY0034291,17,301,1020,449,64
522,1144,1484,Shamela0010906,424,676,968,193,67
522,1177,1506,Sham19Y0123608,796,982,1198,159,60
522,312,579,Shamela0005816,179,547,899,149,49
522,1177,1506,Sham19Y0145212,2523,1152,1401,189,70
522,1136,1490,Sham19Y0131336,1137,551,840,192,64
522,1020,1490,Sham19Y0127677,4498,299,707,231,60
522,1144,1490,Sham19Y0127677,18901,167,485,207,71
522,1020,1460,Shia002265Vols,4591,1133,1444,210,60
522,925,1506,Sham19Y0016976,1309,434,948,217,34
522,1094,1380,JK009266,4399,460,707,147,59
522,1030,1490,Shamela0006610,1011,235,711,208,45
522,1177,1438,Sham19Y0122257,2391,848,1059,157,74
522,1144,1490,Sham19Y0022797,43,898,1210,206,71
522,1144,1490,Sham19Y0146127,2161,639,932,194,66
522,1209,1490,Shamela0021721,4051,192,496,171,62
522,1151,1490,Shamela0002863,1568,1,319,214,74
522,1236,1490,Sham19Y0148486,4049,4,239,149,68
522,1186,1484,Sham19Y0148486,4098,4,286,178,69
522,1177,1490,Shia002406Vols,3393,1042,1351,201,72
522,1020,1506,Sham19Y0014119,436,878,1275,217,47
522,1177,1506,Sham19Y0017791,1352,981,1230,189,70
522,1186,1506,Sham19Y0017791,1353,1,317,183,57
522,1177,1490,Shamela0001438,6429,172,465,204,78
522,370,579,Sham19Y0014224,1130,1174,1364,122,67
522,1177,1506,Shamela0008176,5105,1166,1428,188,68
522,1020,1453,Shamela0008176,5106,12,564,200,42
522,1030,1490,Shamela0008463,3444,552,1077,226,43
522,1136,1506,Sham19Y0013241,1217,1046,1351,200,64
522,1020,1490,Zaydiyya0000142,2920,622,970,188,47
522,1209,1506,Shamela0009873,1184,924,1300,155,43
522,1020,1490,Shamela0012415,720,452,981,237,45
522,1098,1490,Shia000841Vols,8881,905,1215,193,56
522,925,1423,ShamAY0034263,635,670,1151,206,39
522,1199,1506,Shamela0000041,1062,1,225,173,70
522,1177,1490,Zaydiyya0000461,437,1062,1340,187,69
523,304,416,Shamela0000551,3139,1,114,88,96
523,141,416,Sham19Y0131521,4216,1147,1474,163,56
523,192,416,Shamela0036446,317,163,355,147,78
523,192,416,JK000977,936,865,1100,166,81
523,192,434,Sham19Y0148271,1577,1110,1369,164,72
523,326,887,Sham19Y0148271,1578,56,697,209,30
523,215,416,JK007065,1239,1,179,132,77
523,192,416,Shia003616Vols,1398,917,1151,166,81
523,1,618,Shia003616Vols,2113,709,1517,488,74
523,618,1224,Shia003616Vols,2114,1,580,429,88
523,1163,1531,Shia003616Vols,2115,688,1085,287,90
523,251,812,Sham19Y0022884,126,733,1010,154,33
523,192,416,ShamAY0034585,365,721,933,153,79
523,618,812,Shamela0007342,319,1385,1547,102,65
523,192,806,Shamela0025794,3213,501,1489,354,43
523,192,1019,Shamela0010664,1151,224,1155,357,41
523,187,434,Shamela0003118,3468,1194,1453,165,72
523,326,1009,Shamela0003118,3469,142,935,304,42
523,192,416,Shamela0001875,706,67,296,163,80
523,192,434,Shia004092Vols,12051,664,927,164,71
523,326,812,Shamela0009242,1782,59,426,165,40
523,192,907,Shamela0021744,940,478,1152,331,49
523,304,416,ShamAY0033938,553,1,114,89,97
523,618,812,JK006897,208,553,715,102,65
523,192,416,Sham19Y0127677,6230,551,781,162,79
523,192,416,Shamela0005922,2215,493,718,159,80
523,181,416,JK007083,113,869,1110,164,76
523,192,416,Sham19Y0014462,368,633,860,160,81
523,192,416,Sham19Y0122401,1472,208,444,164,79
523,192,434,Shamela0021809,1768,579,847,164,70
523,141,416,Sham19Y0132524,920,565,872,172,63
523,146,812,Sham19Y0146127,480,456,892,233,42
523,206,416,Sham19Y0017903,391,1,209,147,77
523,192,386,JK007128,938,1170,1386,127,66
523,35,181,Shamela0001719,2449,764,890,98,82
523,192,416,Shamela0001719,4754,1173,1399,158,80
523,326,1023,ShamAY0032665,960,621,1386,300,42
523,192,667,Shamela0010803,142,604,1169,269,54
523,146,812,Shamela0008176,2475,925,1506,304,50
523,1,416,Sham19Y0017616,136,703,1061,170,37
523,326,1023,Sham19Y0018144,960,606,1371,300,42
523,146,416,Shamela0023644,1715,831,1118,174,70
523,449,907,Shamela0013178,389,868,1428,194,39
523,275,416,Sham19Y0122406,1520,1,154,113,90
523,192,1009,Shia001989,266,144,698,301,43
523,192,708,JK000916,14250,703,1441,258,38
523,187,434,JK000916,27884,465,724,165,72
523,326,779,JK000916,27884,899,1455,191,37
523,326,806,Shamela0001686,1287,876,1456,210,39
523,566,1009,Sham19Y0001729,1561,9,605,251,48
523,465,812,Shamela0021743,408,962,1174,124,44
524,1,324,Shia003616Vols,2115,1085,1486,253,80
524,324,1424,Shia003616Vols,2116,1,1268,867,86
524,1181,1424,Shamela0009773,2647,670,882,100,51
525,1,176,Shia003616Vols,2116,1268,1443,135,96
525,176,1064,Shia003616Vols,2117,1,1083,674,79
526,732,902,Shamela0023833,703,846,1052,119,74
526,418,728,Shia003616Vols,269,737,1037,177,68
526,969,1426,Shamela0003118,1960,638,1108,357,94
526,1,501,Shamela0010695,151,178,538,98,20
526,1,370,Shamela0009728,117,1109,1316,69,24
526,986,1426,Shia003732Vols,2037,699,1257,259,53
526,732,902,Shamela0006864,1440,621,826,119,74
526,1108,1426,JK000916,5698,1,337,253,94
526,1,606,Shamela0001686,495,88,558,235,39
527,1204,1475,Sham19Y0145435,317,16,295,169,66
527,592,1475,Shamela0023833,701,396,1059,306,39
527,1,341,Shamela0003118,1960,1108,1439,263,96
527,641,1090,Shamela0023100,163,159,575,145,31
527,959,1475,Shamela0004445,1821,85,572,255,51
527,874,1249,JK001336,583,125,651,204,47
527,592,1475,Shamela0009784,1142,749,1354,300,38
527,1,341,Shia003732Vols,2037,1257,1512,175,59
527,602,1498,Shia003732Vols,2038,212,1168,633,77
527,597,1218,Shamela0010283,3603,1034,1415,164,31
527,1218,1475,Shamela0010283,3604,1,314,172,64
527,874,1394,Zaydiyya0000063,1736,839,1285,213,42
527,869,1475,Shamela0001043,289,916,1514,285,50
527,592,1475,Shamela0006864,1438,240,903,306,39
527,712,959,JK000916,4332,1147,1332,140,70
527,1,353,JK000916,5698,337,684,272,96
527,959,1498,JK010552,136,460,1056,258,48
528,1,738,Sham19Y0145435,317,305,915,353,52
528,1,738,Shamela0009770,473,430,1034,355,52
528,1138,1310,Shia003636Vols,7356,268,409,100,73
528,193,738,Shamela0009784,1143,1,488,308,63
528,1,334,Shia003732Vols,2038,1168,1495,257,93
528,334,1545,Shia003732Vols,2039,1,1328,830,73
528,1,738,Shamela0010283,3604,324,923,350,52
528,187,738,Shamela0001043,290,40,569,312,59
528,1,569,Shamela0025791,126,774,1286,241,39
528,1,745,Shamela0006864,1438,913,1370,255,38
528,421,1545,Shamela0009873,1529,32,800,338,34
528,1,738,Shamela0009783BK1,1015,364,974,353,52
528,233,1332,Shamela0001686,1466,660,1239,429,48
528,1,534,JK010552,136,1056,1454,207,41
529,1165,1301,Sham19Y0145435,318,221,332,80,70
529,1165,1301,Shamela0009770,474,315,431,80,68
529,551,1451,Shia003636Vols,7356,740,1291,349,46
529,1165,1301,Shamela0009784,1143,1253,1369,80,68
529,1,175,Shia003732Vols,2039,1345,1527,136,93
529,126,705,Shia003732Vols,2040,1,400,282,60
529,1165,1301,Shamela0010283,3605,183,299,80,68
529,1,621,Shamela0009873,1529,848,1266,279,53
529,1165,1301,Shamela0009783BK1,1016,267,378,80,70
529,1,175,Shamela0001686,1466,1285,1464,139,97
529,190,1527,Shamela0001686,1467,1,723,488,43
530,154,1257,Shia003732Vols,2036,548,1510,676,69
530,1257,1541,Shia003732Vols,2037,1,295,217,89
530,154,1246,Shamela0009873,1526,127,968,384,36
531,270,941,Shia003616Vols,2183,790,1544,511,84
531,899,1528,Shia003616Vols,5112,751,1373,495,98
531,1075,1398,ShamAY0038419,224,702,936,145,55
531,1,299,Shia003732Vols,2037,295,653,191,64
531,914,1398,Shamela0001043,655,212,635,210,45
531,1075,1398,Shamela0031372,488,143,374,146,56
532,1325,1532,Shia003616Vols,1537,34,188,118,72
532,1325,1532,Shia003616Vols,3118,913,1179,119,57
532,120,361,Shia003616Vols,5113,1,223,179,92
532,1,336,Sham19Y0127677,5739,993,1424,203,54
532,67,384,JK006838,922,1073,1463,185,53
532,1321,1532,Shia003732Vols,2048,478,717,159,84
532,1,399,Shamela0001438,7879,420,957,235,51
532,85,389,JK009390,5890,447,812,176,52
532,56,361,JK000916,5777,941,1235,230,91
532,67,361,Shamela0021713,766,1097,1446,198,68
533,374,612,Shamela0001515,339,1284,1524,133,56
533,90,653,JK000275,9,1037,1481,254,55
533,333,619,ShamAY0034068,432,472,767,193,74
533,90,619,Sham19Y0145435,5286,851,1318,262,57
533,64,619,Sham19Y0018176,2359,553,961,275,59
533,393,619,Sham19Y0131521,3807,1,235,141,66
533,397,619,Sham19Y0013605,4629,1110,1307,128,64
533,90,619,JK000384,260,817,1234,256,59
533,85,619,JK000384,261,245,676,192,38
533,1,1459,Shamela0035100,248,194,1190,728,61
533,90,847,Shia003616Vols,270,1023,1355,208,34
533,1,619,Shia003616Vols,1537,188,790,459,92
533,619,810,Shia003616Vols,1627,844,1022,135,88
533,1,310,Shia003616Vols,3118,1179,1490,248,99
533,310,814,Shia003616Vols,3119,1,563,224,36
533,333,653,Sham19Y0022884,262,1120,1438,158,52
533,64,653,Shamela0003118,482,433,967,291,52
533,36,619,ShamAY0033910,809,1,450,274,53
533,12,476,Shamela0007891,1834,1159,1469,218,58
533,1,775,Shamela0004445,1825,606,1502,592,81
533,810,1540,Shamela0004445,1826,7,666,474,74
533,90,619,Shamela0004445,2547,445,836,252,56
533,16,619,JK000130,810,186,655,290,55
533,90,619,Sham19Y0013252,6607,349,817,262,57
533,64,810,Sham19Y0013252,9771,218,829,272,35
533,85,653,Shamela0023578,721,277,768,270,54
533,1,560,Shamela0010906,432,970,1479,376,82
533,590,1459,Shamela0010906,433,6,482,344,48
533,79,653,Sham19Y0013614,592,355,801,289,58
533,85,619,Shamela0117359,661,158,644,257,49
533,85,810,ShamAY0032852,2,449,1134,302,41
533,79,653,Sham19Y0145212,2514,297,758,283,56
533,1086,1540,Shamela0023695,1163,1033,1476,218,51
533,85,653,Shamela0005733,7,626,1230,280,46
533,1,927,JK006838,943,757,1523,585,78
533,1002,1540,JK006838,944,1,463,352,78
533,79,634,Sham19Y0016976,1302,59,464,276,60
533,90,619,Sham19Y0018103,2687,262,730,262,57
533,64,619,Sham19Y0018103,3886,289,697,275,59
533,1,745,Shia003732Vols,2048,717,1511,566,88
533,750,1540,Shia003732Vols,2049,49,916,577,77
533,90,619,ShamAY0034299,5,391,854,260,58
533,756,1540,Shamela0010283,3606,1,682,460,68
533,85,653,Shamela0021479,83,789,1370,280,47
533,90,619,JK000110,1093,378,845,262,57
533,90,810,Sham19Y0016684,1528,525,1132,301,50
533,12,643,Shamela0002863,2188,149,660,312,58
533,634,1540,Sham19Y0145166,319,740,1443,505,65
533,190,619,Sham19Y0148486,5751,4,348,235,67
533,90,619,Sham19Y0148486,5818,49,515,264,58
533,185,619,Shia003714Vols,504,14,370,224,59
533,79,653,Sham19Y0014119,433,567,1008,288,59
533,79,653,Shamela0008360,605,169,620,283,58
533,85,619,Shamela0026365,43,143,619,243,50
533,85,1540,ShamAY0034441,336,144,1317,767,62
533,306,619,JK009154,100,713,961,165,64
533,12,595,JK000677,144,711,1283,265,46
533,79,810,Shamela0008176,5078,192,864,324,45
533,12,486,Shamela0013033,127,1061,1387,228,59
533,12,595,Sham19Y0013241,1645,176,729,268,46
533,179,619,Sham19Y0016584,3001,727,1112,232,60
533,64,619,Sham19Y0016584,4373,61,469,275,59
533,90,619,Sham19Y0018106,2788,944,1411,262,57
533,64,619,Sham19Y0018106,3933,73,481,275,59
533,79,619,Sham19Y0017063,967,206,586,267,61
533,90,619,Shamela0005756,10923,838,1306,262,57
533,64,619,Shamela0005756,14446,9,418,273,59
533,290,667,Shamela0012415,683,928,1283,198,59
533,22,619,JK000916,1284,414,1115,288,42
533,85,590,Shamela0021713,785,1042,1492,264,59
533,590,1540,Shamela0021713,786,1,818,592,74
533,85,619,Shamela0005815,140,676,1105,259,58
533,85,619,Sham19Y0020944,597,936,1418,251,48
533,12,619,Shamela0000041,520,573,1033,301,58
533,90,619,Shamela0021715,6470,447,915,262,57
533,64,619,Shamela0021715,10038,39,447,275,59
533,185,619,Shamela0021715,10039,414,1023,239,42
533,12,580,Sham19Y0001729,1675,1075,1464,271,59
533,877,1448,Shamela0031457,162,163,515,210,43
534,188,380,Shamela0004473,5721,63,256,118,70
534,31,366,Shamela0035100,248,1138,1484,190,55
534,1287,1488,Shia003616Vols,271,240,552,131,51
534,1,431,Shamela0004445,1826,666,1077,314,87
534,31,490,Shamela0010906,433,430,861,198,42
534,76,420,Shamela0023695,1164,1,281,219,79
534,1,431,JK006838,944,463,816,267,76
534,337,593,Shia003732Vols,2049,1291,1540,183,87
534,1,918,Shamela0010283,3606,682,1208,245,32
534,31,330,Sham19Y0146127,3293,859,1183,172,61
534,31,330,Sham19Y0148486,5958,571,964,197,62
534,1,234,ShamAY0034441,336,1317,1535,158,82
534,1,648,Shamela0021713,786,818,1351,342,65
534,1,440,Shamela0031457,162,430,680,183,51
535,227,475,ShamAY0033926,229,654,997,172,63
535,222,435,Shia001949,107,948,1211,130,63
535,227,475,Shia001949,229,348,692,172,63
535,116,639,Shia003616Vols,3757,35,448,242,56
535,155,639,Shamela0004445,1826,904,1448,314,70
535,293,392,Shamela0012226,10,1148,1247,76,100
535,293,475,JK009408,2502,656,866,131,76
535,155,639,JK006838,944,669,1139,256,53
535,222,475,JK006801,611,567,892,164,64
535,397,639,Shia003732Vols,2050,1136,1359,146,76
535,232,435,Shamela0005737,91,1013,1281,125,57
535,222,475,Shamela0005737,94,405,686,147,62
535,375,639,Shamela0006590,411,285,544,195,89
535,293,626,Shamela0021765,1877,73,435,162,42
536,945,1517,Shamela0000551,2693,69,487,250,48
536,910,1517,Shamela0021614,4366,605,1027,258,46
536,969,1433,ShamAY0035950,438,1141,1471,170,36
536,1160,1517,Shamela0021626,23,15,303,195,62
536,1136,1517,Sham19Y0018176,2503,44,387,223,65
536,1160,1517,Sham19Y0131521,6030,6,291,192,61
536,969,1517,Shia000820Vols,2849,872,1255,201,37
536,1160,1427,Shamela0037837,579,113,330,156,73
536,969,1517,Shamela0036446,614,838,1172,226,49
536,1136,1517,Sham19Y0013605,4905,434,777,223,65
536,945,1517,ShamAY0033522,650,732,1150,250,48
536,954,1517,JK000272,1582,116,542,249,48
536,1166,1517,Shamela0021495,427,7,284,191,62
536,945,1517,Shamela0009804,263,107,529,251,48
536,945,1517,Shamela0009810,1023,232,657,225,42
536,945,1427,Shamela0003722,8332,1075,1455,172,35
536,865,1517,ShamAY0033910,987,327,798,282,51
536,1160,1517,ShamAY0033910,988,6,294,195,62
536,969,1367,Shamela0007891,1681,1176,1471,133,32
536,945,1517,Shamela0012399,3637,983,1401,250,48
536,945,1517,Shamela0022547,2034,997,1431,209,37
536,1131,1517,ShamAY0032443,4192,344,691,220,60
536,924,1517,JK000475,1226,678,1128,261,48
536,865,1517,JK000475,1399,823,1297,286,52
536,945,1517,JK000475,1400,316,740,203,37
536,865,1517,JK000130,988,497,968,282,51
536,945,1517,JK000130,989,22,449,206,37
536,945,1304,Shamela0001875,1279,1177,1450,149,46
536,945,1517,Sham19Y0020561,1706,10,412,213,40
536,945,1517,Sham19Y0013252,10542,725,1127,213,40
536,1131,1517,Shamela0006222,1164,724,1082,218,59
536,945,1517,Shia002119Vols,3385,738,1156,250,48
536,945,1517,ShamAY0033938,937,340,767,224,42
536,945,1517,Sham19Y0017729,411,219,646,207,37
536,969,1517,Sham19Y0131336,1459,791,1168,197,36
536,945,1517,Shamela0025800,2853,314,740,223,42
536,945,1517,JK006897,452,318,745,224,42
536,969,1517,Sham19Y0127677,8776,1086,1468,220,43
536,945,1517,JK007083,206,704,1131,224,42
536,954,1517,Sham19Y0018103,4120,6,399,210,40
536,945,1517,Sham19Y0014462,204,894,1311,250,48
536,945,1517,Shamela0021589,1420,804,1227,219,41
536,1212,1517,Shamela0009769,10,1,528,172,36
536,985,1517,Shia002003Vols,1351,7,379,234,48
536,945,1517,Shamela0021479,135,92,518,205,37
536,950,1517,Sham19Y0146127,2779,276,658,184,34
536,945,1420,JK000110,1876,1110,1458,172,38
536,945,1517,Sham19Y0017903,794,179,610,210,38
536,969,1517,Shamela0002863,1966,1048,1428,199,37
536,969,1517,Sham19Y0148486,5141,53,433,200,37
536,924,1517,ShamAY0033182,3702,157,607,260,48
536,1131,1517,Shamela0001719,4631,4,360,220,59
536,1160,1517,ShamAY0032665,1678,19,302,190,61
536,985,1517,JK000677,136,780,1143,230,47
536,969,1517,Shamela0013033,120,347,725,213,41
536,945,1517,Sham19Y0020638,756,335,762,224,42
536,945,1517,Sham19Y0017616,250,324,751,224,42
536,969,1517,Sham19Y0018144,1678,11,392,197,36
536,969,1517,Sham19Y0013241,1528,797,1170,195,36
536,945,1517,Sham19Y0016584,4671,587,989,213,40
536,865,1517,Shamela0009873,1541,971,1447,329,62
536,945,1517,Sham19Y0018106,4145,490,892,213,40
536,1200,1498,Sham19Y0122406,2563,706,998,153,52
536,969,1517,Sham19Y0122406,2575,1069,1451,220,43
536,1141,1517,Shia001989,193,1,357,228,66
536,945,1517,Shamela0001733,1285,603,1037,216,39
536,945,1517,Shamela0012415,580,1011,1430,249,48
536,945,1463,Shamela0021590,1204,947,1524,230,41
536,945,1517,Sham19Y0020944,1061,611,1028,248,47
536,954,1517,Shia000841Vols,9174,99,544,265,51
536,1160,1517,Shamela0021715,10775,867,1140,204,71
537,838,1460,Shamela0023833,710,86,603,229,37
537,1108,1489,Shamela0030327,200,598,920,167,47
537,914,1489,Shamela0001719,1237,444,991,185,30
538,1014,1356,Shamela0005816,256,79,318,118,36
538,1120,1279,Sham19Y0127677,3254,858,1027,124,90
538,1120,1279,Sham19Y0127677,16988,332,502,123,89
538,1120,1341,Shia002265Vols,1296,1013,1249,132,61
538,1120,1341,SHAM19Y23644,3175,622,830,135,74
538,1120,1279,Shamela0001438,4644,240,396,113,84
538,1014,1356,Shamela0009898,264,56,295,118,36
538,164,864,Shamela0009873,1541,200,784,350,57
538,1120,1331,JK009390,3944,669,853,105,60
538,1120,1279,JK009390,4479,527,666,101,74
538,1209,1356,ShamAY0034434,274,34,177,106,91
539,282,561,Shamela0004473,5720,1105,1296,105,43
540,123,418,Shamela0009790,192,367,674,100,36
540,14,418,Shamela0023833,705,499,823,114,30
540,123,418,Sham19Y0122397,310,638,922,90,30
540,123,418,Shamela0006864,1442,253,560,100,36
541,862,1276,Shamela0023833,710,1075,1416,165,42
541,1200,1495,Shamela0023833,711,25,275,185,78
541,862,1495,Shamela0006864,1447,626,1265,314,49
542,623,1063,Shamela0012406,741,508,896,207,50
542,1,238,Shamela0023833,711,275,589,181,72
542,623,1392,Shamela0035100,251,567,1173,386,62
542,744,1281,Shia003616Vols,272,1,355,165,31
542,681,1392,Shamela0010906,436,13,568,366,63
542,623,1063,Shamela0026568,248,781,1043,179,51
542,681,1268,JK006838,957,176,709,368,76
542,623,829,Sham19Y0020989,2377,1742,1866,67,34
542,628,1238,Shia003732Vols,2529,506,1078,411,79
542,623,1264,Shamela0010283,3607,245,749,170,25
542,628,995,Shamela0012062,169,55,357,194,59
542,623,1063,Shamela0023685,272,777,1044,171,45
542,623,829,Shia003714Vols,504,1201,1372,93,59
542,1,146,Shamela0006864,1447,1265,1446,110,75
542,817,991,Shia002185Vols,3612,866,1011,117,82
542,628,1268,Shamela0009873,1794,844,1528,286,43
542,623,1392,Shamela0021713,789,139,535,214,34
542,740,1437,Shamela0001686,504,1,616,264,36
542,687,829,Shamela0001686,952,1141,1278,95,85
543,48,807,Shamela0012406,742,511,1131,363,53
543,778,1147,Shamela0012406,751,708,1055,239,76
543,56,717,Shamela0035100,251,1069,1489,308,57
543,717,1481,Shamela0035100,252,1,356,204,32
543,334,1328,Shia003616Vols,272,505,1022,247,27
543,149,761,Shamela0003118,1346,430,1027,474,96
543,474,960,Shamela0003118,1346,1027,1512,382,98
543,964,1147,Shamela0003118,1347,1,185,145,99
543,56,1481,Shamela0010906,436,464,1240,510,43
543,98,1248,JK006838,958,839,1487,422,42
543,56,571,Shia003732Vols,2530,1018,1559,369,77
543,571,773,Shia003732Vols,2531,1,199,151,92
543,778,1481,Shia003732Vols,2536,673,1287,373,60
543,56,807,Shamela0010283,3608,304,893,347,51
543,773,1118,Shamela0010283,3611,783,1147,236,78
543,56,817,Shia003714Vols,506,232,865,341,45
543,778,1289,Shia003714Vols,511,51,641,361,75
543,56,406,Shamela0023644,685,959,1521,177,34
543,413,807,Shamela0023644,686,7,338,172,48
543,56,773,Shamela0009873,1795,443,1229,357,48
543,98,960,JK000916,3575,661,1516,683,98
543,964,1205,JK000916,3576,1,423,182,55
543,56,807,Shamela0001686,505,196,871,378,57
543,778,1036,Shamela0001686,510,1222,1498,193,85
543,1036,1267,Shamela0001686,511,1,298,161,68
543,104,1205,Shamela0001686,1169,313,729,253,27
544,10,343,ShamAY0034443,157,606,928,212,75
544,485,1042,Shia003616Vols,272,1202,1480,157,33
544,354,849,ShamAY0032379,533,16,226,137,34
544,1,1019,JK006838,959,135,988,599,72
544,5,177,Shia003732Vols,2536,1297,1470,134,98
544,454,1051,Shia003732Vols,2537,654,1363,395,67
544,1161,1450,Shia003732Vols,2589,1338,1533,137,56
544,5,343,ShamAY0034441,340,903,1204,214,78
544,1,1051,Shamela0009873,1801,196,1242,472,44
544,1,1019,Shamela0021713,790,190,786,341,41
545,624,968,Sham19Y0145435,1557,521,760,128,45
545,251,766,Sham19Y0018176,1479,28,706,270,41
545,238,766,Sham19Y0018176,2402,761,1292,237,45
545,1,766,Sham19Y0131521,3697,541,1463,362,45
545,219,496,Sham19Y0131521,3700,725,1287,183,41
545,65,492,Shia000820Vols,2682,840,1342,228,51
545,65,769,Shia000820Vols,2978,469,1095,287,41
545,274,766,Sham19Y0127656,796,474,1016,220,41
545,238,766,Shamela0037837,573,802,1344,234,44
545,459,766,Sham19Y0013605,4711,1,263,119,40
545,238,592,JK000977,118,570,931,236,77
545,159,596,Shia001831Vols,66,624,1188,250,53
545,219,492,JK000786,2871,1146,1440,188,79
545,230,596,JK000786,3457,123,546,233,65
545,65,766,Shamela0021495,415,180,1026,279,32
545,304,605,JK009324,2943,708,1046,173,58
545,274,596,JK007065,1136,459,975,217,50
545,1,766,Shia003616Vols,273,98,469,165,27
545,192,596,Sham19Y0014601,4028,308,846,255,57
545,304,492,Sham19Y0096629,255,631,866,141,73
545,219,596,Shamela0003722,4474,978,1362,243,75
545,248,609,Shamela0025794,4552,465,935,239,61
545,238,766,Shamela0022547,382,517,939,238,53
545,304,641,JK000021,35,884,1258,196,59
545,347,601,Sham19Y0017798,1639,558,872,169,63
545,248,596,JK000475,1800,828,1282,231,61
545,301,766,Shamela0021766,261,86,659,216,46
545,1,596,Sham19Y0020591,961,785,1439,320,56
545,251,766,Sham19Y0013252,6422,691,1378,270,42
545,238,592,Sham19Y0013252,10053,960,1403,198,51
545,1,766,Shamela0117359,642,56,856,347,46
545,159,636,ShamAY0033938,69,136,759,263,51
545,264,596,Shamela0025800,2818,187,711,220,50
545,225,596,Sham19Y0127677,13571,399,921,242,57
545,324,596,Sham19Y0127677,19927,807,1111,154,57
545,670,1432,JK006838,962,268,609,233,39
545,238,636,Shamela0004289,48,465,987,242,57
545,238,766,Shamela0004289,1596,557,1083,231,45
545,238,766,Sham19Y0018103,3956,732,1361,250,45
545,233,596,Sham19Y0013667,4863,1004,1329,181,57
545,301,766,Shamela0011816,214,661,1098,233,59
545,301,592,JK009266,2832,889,1268,180,54
545,320,656,Shamela0096283,309,783,1239,205,53
545,375,596,Sham19Y0022797,166,960,1162,141,75
545,624,947,Shia003732Vols,2531,603,934,160,49
545,65,766,JK007049,104,403,1131,287,37
545,248,696,Shamela0021809,2618,917,1432,258,60
545,238,766,Sham19Y0146127,2877,644,1300,256,44
545,320,766,JK000110,1029,66,568,222,43
545,436,766,JK000110,1789,1,284,136,43
545,301,766,Sham19Y0017903,1017,524,1114,227,41
545,251,596,Sham19Y0016684,1475,644,1205,234,50
545,230,596,Shamela0002863,1995,870,1217,229,74
545,238,766,Shamela0007370,1438,470,1045,271,50
545,238,766,Sham19Y0148486,4974,319,1090,281,45
545,230,766,Sham19Y0148486,5294,225,1061,273,39
545,256,766,Shamela0001719,1910,1,788,261,37
545,401,618,Shamela0021751,846,1,173,111,61
545,230,573,Sham19Y0013241,1470,1068,1525,226,60
545,324,766,Sham19Y0016584,4460,296,678,191,48
545,230,596,Shamela0030586,17,963,1416,233,59
545,301,492,Shamela0029677,1901,1302,1535,139,73
545,219,496,ShamAY0034284,11,1011,1395,184,60
545,238,496,Sham19Y0018106,3998,1024,1330,148,58
545,24,473,Sham19Y0122406,246,941,1425,218,54
545,624,968,Shamela0009783BK1,1019,244,467,129,48
545,238,596,Shamela0005756,14656,103,538,209,54
545,219,766,Shamela0001733,4046,634,1255,265,46
545,238,766,Shamela0001733,4047,247,1007,271,41
545,159,596,Sham19Y0016546,1393,372,844,241,59
545,230,596,Sham19Y0123510,706,301,779,240,61
545,251,596,Shamela0021715,6205,383,923,234,52
545,238,766,Shamela0021715,10262,683,1206,235,45
545,219,645,Sham19Y0001729,117,344,863,246,57
546,364,809,Sham19Y0145435,1557,783,1201,210,54
546,685,1248,Shamela0012406,743,209,496,166,37
546,460,1191,Shamela0035100,254,312,869,389,64
546,278,1239,Shia003616Vols,273,469,1028,233,28
546,460,1399,Shia003616Vols,2098,529,1470,734,96
546,1399,1532,Shia003616Vols,2099,1,134,107,100
546,460,773,Shamela0010906,438,1244,1522,175,66
546,786,1191,Shamela0010906,439,4,277,210,63
546,1,840,JK006838,962,609,1474,513,63
546,868,1239,JK006838,963,1,324,236,77
546,685,1239,Shia003732Vols,2532,679,1068,199,41
546,364,809,Shamela0009783BK1,1019,490,874,181,47
546,704,1239,Shamela0021713,792,1,412,317,72
546,617,1248,Shamela0001686,506,14,390,202,36
547,1,531,Shia003616Vols,2099,134,663,421,96
547,131,1008,JK006838,963,361,1151,568,79
547,43,525,Shia003732Vols,2532,1033,1467,260,59
547,183,906,Shamela0021713,792,455,1011,394,67
549,339,1356,Shia003616Vols,274,149,727,408,50
549,326,644,Sham19Y0013252,6640,228,445,162,61
549,320,623,Sham19Y0123608,686,675,934,163,60
549,326,561,Shia003732Vols,2085,536,958,141,40
549,751,1438,Shia003732Vols,2085,552,1513,374,46
549,320,745,Shamela0001686,506,731,1092,218,57
550,653,968,Shamela0001515,344,1243,1538,183,59
550,41,822,Shia003616Vols,274,703,1046,174,27
550,563,1238,Shia003616Vols,1632,418,1052,467,84
550,118,682,Shia003616Vols,1668,920,1284,152,31
550,663,1134,Shia003616Vols,4913,284,741,184,42
550,118,592,Shamela0004445,1844,477,898,237,53
550,1306,1437,Sham19Y0013252,3448,190,321,103,100
550,563,1134,Shamela0026568,250,935,1484,221,42
550,167,514,JK006838,974,97,383,173,53
550,573,1134,Shamela0009784,1160,217,753,226,42
550,100,1235,Shia003732Vols,2086,200,1294,531,47
550,573,1249,Shamela0010283,3686,281,574,190,35
550,682,1249,Sham19Y0145166,322,64,460,269,55
550,573,1134,Shamela0023685,274,719,1250,221,43
550,645,1129,Shamela0009873,1550,208,762,281,54
550,1306,1437,Shamela0005756,6433,596,727,103,100
550,617,802,JK000916,21810,846,1019,107,66
550,563,1249,Shamela0001686,506,1063,1363,207,36
550,563,802,Shamela0001686,1103,7,280,128,53
550,118,341,Shamela0001686,1499,115,436,158,62
550,682,832,Shamela0006617,608,1336,1472,111,89
551,611,992,Shamela0001515,344,1238,1541,109,31
551,696,1395,Shamela0001515,345,98,684,290,44
551,111,665,Shia003616Vols,274,1073,1517,251,50
551,701,1445,Shia003616Vols,275,18,476,258,41
551,571,1249,Shia003616Vols,1632,418,1049,170,24
551,194,645,Shia003616Vols,1647,934,1440,287,68
551,204,1529,Shia003616Vols,4913,470,1009,344,31
551,176,804,Shamela0004445,1844,852,1503,485,92
551,804,1537,Shamela0004445,1845,1,701,471,73
551,1141,1529,Shamela0026568,251,37,187,114,36
551,176,1471,JK006838,974,383,1523,816,76
551,204,690,Shamela0009784,1160,482,826,218,50
551,189,566,Shia003732Vols,2086,1050,1519,251,65
551,53,1425,Shia003732Vols,2087,275,1300,501,38
551,1092,1537,Shia003732Vols,2088,45,427,184,44
551,204,1445,Shamela0010283,3686,541,1084,326,30
551,204,1092,Sham19Y0145166,322,421,1021,316,40
551,204,804,Shamela0023685,274,979,1440,256,45
551,189,1249,Shamela0009873,1550,527,1495,484,48
551,571,1529,Shamela0001686,507,1,301,195,24
551,333,1406,Shamela0006617,609,1,370,203,21
552,571,1113,Shamela0012406,744,541,1517,225,25
552,446,997,Shamela0022579,100,313,898,336,61
552,369,600,Shia001949,107,939,1207,133,64
552,5,830,Shia003616Vols,275,396,900,179,23
552,296,600,Shia003616Vols,1632,1030,1272,128,46
552,378,1113,Shia003616Vols,1661,762,1485,558,93
552,571,1100,Shia003616Vols,1948,1112,1561,222,41
552,879,1044,Shia003616Vols,2133,1010,1175,133,100
552,369,600,Shamela0004445,1826,975,1235,138,64
552,446,551,Shamela0012226,10,1142,1247,81,100
552,446,820,Shamela0011428,1073,862,1200,255,83
552,446,581,JK006838,944,828,944,86,82
552,884,1253,SHAM19Y23644,1257,7,443,197,51
552,1091,1489,Shia003732Vols,2090,490,1054,146,31
552,1091,1489,Shamela0010283,3687,1,368,107,22
552,341,600,Shamela0005737,91,970,1277,124,53
552,686,1489,Shamela0008176,5174,286,1008,266,33
552,571,1489,Shamela0001686,507,243,1052,367,37
552,446,551,Shamela0001686,1265,1133,1246,80,92
553,62,602,Shia002240Vols,326,599,1158,115,15
553,1217,1408,Shia003616Vols,276,1,107,72,48
553,148,375,Shia003616Vols,2180,23,258,112,52
553,895,1241,Shia003616Vols,2180,1114,1416,182,65
553,1247,1422,JK006838,978,149,314,119,82
553,1,277,Shia003732Vols,2090,1054,1342,192,80
553,1078,1441,Shamela0008362,208,549,798,148,47
554,801,1207,Shamela0035100,262,774,1155,277,85
554,667,1446,Shamela0021477,598,672,1493,507,67
554,11,1450,Shia003616Vols,276,107,1124,624,52
554,1006,1450,Shia003636Vols,5170,608,1003,255,68
554,1,306,Shamela0004445,1847,488,795,234,97
554,823,1242,Shamela0004445,1850,1029,1454,312,91
554,1242,1450,Shamela0004445,1851,1,206,152,88
554,1031,1450,Shia001432Vols,35491,1,380,232,62
554,823,1450,Shia004092Vols,11292,805,1432,479,92
554,801,1207,Shamela0010906,447,171,552,277,85
554,688,1450,Sham19Y0127677,4807,595,1406,471,70
554,943,1450,Shia002265Vols,1603,1,485,376,93
554,1,306,JK006838,978,314,621,234,97
554,823,1242,JK006838,981,1116,1461,246,74
554,1242,1450,JK006838,982,1,206,154,89
554,911,1124,Sham19Y0122397,955,693,921,140,74
554,1,713,Shia003732Vols,2090,92,1133,355,36
554,787,1413,Shia003732Vols,2092,39,880,305,40
554,694,1370,Shamela0001438,6805,807,1452,335,51
554,11,523,Shamela0009873,1555,699,1347,275,48
554,797,1186,Shamela0023700,2950,1047,1440,263,81
554,870,1450,JK009390,3555,22,571,370,75
554,1152,1450,JK009390,6692,1,284,207,83
554,823,1450,JK000916,7226,547,1091,426,85
554,823,1384,Shamela0001686,2807,895,1416,387,83
555,615,1207,Shamela0004473,10028,1110,1558,341,71
555,1207,1440,Shamela0004473,10029,1,193,147,80
555,493,1025,Sham19Y0145435,1558,585,996,169,33
555,486,911,Shamela0023833,720,941,1483,149,27
555,1188,1432,Shamela0009770,479,12,362,146,51
555,1,239,Shamela0021477,599,5,244,187,98
555,1,405,Shia003616Vols,276,1124,1457,256,79
555,405,1440,Shia003616Vols,277,1,812,527,59
555,493,1025,Shia003616Vols,1949,91,598,177,34
555,765,911,Shia003636Vols,757,34,166,92,73
555,1,819,Shamela0004445,1851,206,951,448,62
555,493,1025,Shia001432Vols,35490,892,1390,179,35
555,1,712,Shia001432Vols,35491,380,1394,316,33
555,1,486,Shia004092Vols,5818,76,506,310,78
555,49,239,Shia004092Vols,11293,1,192,149,97
555,318,587,Sham19Y0131336,1198,254,507,158,75
555,6,587,Sham19Y0127677,4808,1,563,433,92
555,645,911,Sham19Y0127677,13037,374,714,114,37
555,1,712,Shia002265Vols,1603,485,1152,443,71
555,1,587,JK006838,982,206,687,364,77
555,1188,1432,Shamela0009784,1163,987,1328,146,53
555,760,1025,ShamAY0033945,2123,32,332,122,37
555,503,1440,Shia003732Vols,2091,64,1242,640,65
555,6,419,Shia003732Vols,2092,948,1420,196,47
555,669,1350,Sham19Y0145166,554,415,826,221,37
555,435,587,Sham19Y0148486,4320,1,153,121,100
555,1,712,Shamela0001438,6806,81,770,414,66
555,486,1025,Shamela0006864,1489,494,1100,148,21
555,493,1025,Shamela0010480,1693,323,796,174,32
555,688,1432,Shamela0009873,1553,284,1379,341,34
555,760,922,Shamela0009783BK1,1021,87,263,105,72
555,493,1025,Shamela0001733,2550,873,1251,163,32
555,1,587,JK009390,3555,571,1007,322,68
555,1,587,JK009390,6692,284,720,315,67
555,493,1025,ShamAY0034199,1523,171,667,178,29
555,323,587,Shamela0006227,619,5,254,159,76
555,1,303,JK000916,7226,1091,1382,216,88
555,359,611,JK000916,7227,1,195,143,72
555,1001,1432,Shamela0021713,797,544,978,124,24
555,1,587,Shamela0001686,2808,67,552,352,75
555,527,1440,ShamAY0034447,1703,105,1096,569,66
556,881,1533,Shamela0035100,263,1,651,439,72
556,407,567,Shia003616Vols,1632,1235,1395,129,98
556,771,1415,Shamela0004445,1852,1,706,468,80
556,849,1395,Sham19Y0013252,6643,26,430,286,63
556,803,1533,Shamela0010906,447,660,1506,476,61
556,760,905,JK006838,982,1335,1473,90,69
556,905,1533,JK006838,983,1,830,466,67
556,1249,1395,Shamela0009784,1165,804,955,110,87
556,1,177,Shia003732Vols,2091,1242,1455,137,80
556,712,1395,Shia003732Vols,2533,713,1227,315,53
556,990,1395,Shamela0010283,3610,94,391,224,67
556,712,1395,Shia003714Vols,509,315,846,312,53
556,712,1253,Shamela0001686,508,1075,1490,209,41
556,1253,1395,Shamela0001686,509,1,136,108,95
556,1,383,ShamAY0034447,1703,1096,1470,286,93
557,361,1477,Shamela0001515,258,81,1059,634,66
557,361,1477,ShamAY0033660,27,358,1335,617,64
557,361,1284,Sham19Y0145435,322,585,1454,541,67
557,1284,1477,Sham19Y0145435,323,4,116,78,51
557,1,461,Shamela0012406,1254,1029,1456,328,87
557,469,1477,Shamela0012406,1255,1,949,731,90
557,361,1473,ShamAY0033926,268,286,1251,591,61
557,361,726,Shia001949,267,1126,1428,182,56
557,735,1473,Shia001949,268,35,663,408,65
557,361,1477,Shamela0023833,649,174,1206,634,64
557,6,1318,Shamela0035100,263,637,1543,625,58
557,361,1477,Sham19Y0148271,1801,395,1357,614,65
557,361,1237,Shamela0009770,430,695,1491,508,67
557,1237,1477,Shamela0009770,431,1,157,101,53
557,361,958,Shamela0011789,78,872,1394,313,57
557,891,1477,Shamela0011789,79,577,1217,305,54
557,361,1058,Shia003616Vols,1112,822,1468,336,53
557,361,735,Shamela0025794,3272,1095,1410,195,59
557,741,1477,Shamela0025794,3273,4,638,423,70
557,361,1477,Shamela0003118,5243,408,1383,601,61
557,361,735,Shamela0004445,1708,1135,1448,202,61
557,735,1477,Shamela0004445,1709,5,645,426,70
557,1,1357,Shamela0004445,1853,156,1499,1004,90
557,1357,1473,Shamela0004445,1854,1,117,91,100
557,505,945,Shamela0009789,385,806,1222,208,48
557,27,1473,Shamela0010906,448,7,956,663,56
557,505,945,Shamela0010906,1502,1090,1489,197,50
557,829,1473,Shamela0006700,81,483,809,227,44
557,361,953,JK009408,1502,223,669,261,50
557,1,708,JK006838,983,830,1531,498,83
557,708,1473,JK006838,984,1,729,567,92
557,505,1468,JK006838,986,612,1376,345,40
557,6,926,SHAM19Y23644,1263,827,1538,405,51
557,926,1477,SHAM19Y23644,1264,1,399,240,54
557,656,1128,Kraken210630005153,7402,9,393,248,62
557,1132,1477,Kraken210630005153,7403,215,474,178,65
557,361,735,Shamela0010798,2509,1123,1440,189,56
557,735,1477,Shamela0010798,2510,20,637,421,69
557,1,793,Sham19Y0007233,173,327,1511,610,63
557,793,1477,Sham19Y0007233,174,1,652,490,86
557,361,1477,Shia001782Vols,3322,252,1179,558,56
557,361,1477,JK009242,128,342,1311,622,65
557,361,1464,Shamela0021809,2056,462,1430,599,63
557,361,916,Shamela0010283,3401,951,1460,319,64
557,916,1477,Shamela0010283,3402,1,422,292,65
557,745,1477,Shamela0012935,304,1,607,412,69
557,1,829,Shamela0006590,474,759,1499,559,83
557,829,1473,Shamela0006590,475,1,619,480,91
557,361,887,Shamela0009567,799,949,1451,284,57
557,887,1477,Shamela0009567,800,1,497,325,68
557,361,1477,Shamela0006864,1350,132,1116,623,65
557,854,1477,Zaydiyya0000131,55,926,1288,237,47
557,361,945,Shia002185Vols,1306,927,1453,324,63
557,1003,1477,Shia002185Vols,1307,47,417,260,69
557,361,1477,Shia002032,23,164,1130,539,55
557,1175,1473,Shamela0009873,1168,365,676,218,82
557,361,945,Shamela0009873,1171,216,744,320,62
557,361,793,Shamela0009783BK1,1024,1075,1477,230,58
557,793,1477,Shamela0009783BK1,1025,1,567,373,66
557,361,1477,Shia003656Vols,335,283,1245,613,63
557,1,203,Shia003656Vols,755,102,380,136,54
557,20,557,Shia003656Vols,762,1272,1581,200,42
557,557,1477,Shia003656Vols,763,1,806,529,65
557,575,1477,JK000916,18094,14,864,523,64
557,505,911,JK000916,18095,1014,1433,193,49
557,916,1468,JK000916,18096,1,450,181,37
557,1,1089,JK000916,18097,398,1475,840,96
557,1089,1477,JK000916,18098,1,396,307,96
557,361,1219,Sham19Y0127698,91,762,1235,302,44
557,361,1074,Shamela0021765,2494,766,1439,384,60
557,1074,1473,Shamela0021765,2495,1,313,207,62
558,1,571,Shamela0001515,258,1059,1445,235,49
558,156,677,ShamAY0033660,28,22,382,257,59
558,190,677,Sham19Y0145435,323,53,606,229,39
558,1,517,Shamela0012406,1255,952,1484,386,88
558,517,1529,Shamela0012406,1256,1,1024,777,93
558,219,677,ShamAY0033926,269,1,291,204,53
558,1,677,Shia001949,268,663,1144,300,53
558,304,677,Shamela0023833,650,5,252,178,56
558,1,1529,Shamela0035100,264,77,1540,1110,88
558,156,677,Sham19Y0148271,1802,17,375,252,58
558,23,677,Shamela0009770,431,197,635,298,55
558,190,677,Shamela0025794,3273,575,1118,229,39
558,59,677,Shamela0003118,5244,1,401,273,53
558,1,677,Shamela0004445,1709,645,1135,312,53
558,1,1419,Shamela0004445,1854,117,1521,1051,90
558,1,571,Shamela0010906,448,956,1508,414,88
558,578,1529,Shamela0010906,449,4,843,642,83
558,1,677,Shamela0006700,81,809,1229,297,55
558,39,677,JK009408,1502,733,1165,289,54
558,1,764,JK006838,984,729,1504,568,89
558,764,1529,JK006838,985,1,774,594,95
558,63,677,JK006838,987,1,415,232,44
558,18,1405,SHAM19Y23644,1264,408,1372,487,39
558,190,677,Kraken210630005153,7403,411,907,222,41
558,190,677,Shamela0010798,2510,577,1101,224,40
558,1,825,Sham19Y0007233,174,652,1506,637,90
558,825,1512,Sham19Y0007233,175,1,731,548,93
558,200,677,JK009242,129,1,318,223,55
558,1,677,Shamela0021809,2057,14,495,306,53
558,1,677,Shamela0010283,3402,422,920,311,54
558,1,677,Shamela0012935,304,607,1087,312,55
558,1,677,Shamela0006590,475,619,1256,490,88
558,190,677,Shamela0009567,800,434,981,228,40
558,1,383,Shamela0006864,1350,1116,1404,179,55
558,190,677,Shia002185Vols,1307,354,884,211,36
558,277,614,Zaydiyya0000142,527,397,590,134,48
558,63,669,Shamela0011404,249,149,614,188,31
558,1,831,Shamela0009873,1168,676,1447,431,52
558,190,677,Shamela0009783BK1,1025,504,1057,229,39
558,310,614,Shia003656Vols,336,1,168,120,47
558,1,775,Shia003656Vols,763,806,1437,426,62
558,39,677,JK000916,18094,872,1332,286,51
558,9,775,JK000916,18096,454,1119,285,38
558,1,1095,JK000916,18098,396,1514,864,96
558,1095,1536,JK000916,18099,1,442,355,99
558,214,677,Sham19Y0127698,91,1301,1491,133,36
558,39,677,Shamela0021765,2495,319,789,292,52
559,1174,1470,Shamela0012406,1055,487,766,188,73
559,1,516,Shamela0012406,1256,1030,1548,403,94
559,516,1122,Shamela0012406,1257,1,352,246,50
559,1,1267,Shamela0035100,265,7,1473,844,67
559,1267,1470,Shamela0035100,266,1,199,145,85
559,1305,1470,Shamela0003118,2044,704,870,129,98
559,1,1122,Shamela0004445,1855,118,1446,838,76
559,1215,1470,Shamela0004445,1856,224,491,182,79
559,1,758,Shamela0010906,449,849,1541,544,89
559,758,1470,Shamela0010906,450,1,966,438,53
559,1305,1467,Shamela0006700,80,35,184,112,82
559,1309,1463,Sham19Y0127677,4599,1266,1425,121,96
559,1309,1470,Shia002265Vols,4358,1194,1360,126,96
559,1,813,JK006838,985,780,1526,590,90
559,813,1257,JK006838,986,1,468,258,57
559,1130,1470,JK006838,987,968,1308,213,72
559,184,703,SHAM19Y23644,1265,1,481,260,56
559,1130,1470,Shamela0010798,2511,334,692,241,84
559,15,639,Sham19Y0007233,176,1,1207,495,51
559,1305,1470,Shamela0012935,311,255,441,119,75
559,1309,1470,Shamela0001438,6548,1048,1214,126,96
559,520,944,Shamela0011404,248,167,521,129,33
559,261,830,Shamela0009873,1548,1,660,425,79
559,1309,1470,JK009390,6470,445,634,126,84
559,1305,1470,Shamela0007472,84,344,514,121,84
559,1286,1470,JK000916,5938,1,186,144,98
559,1,1034,JK000916,18099,442,1508,818,95
559,1203,1381,Shia002218Vols,377,29,191,121,85
560,441,1425,Shamela0012406,1055,805,1448,426,53
560,1,1435,Shamela0035100,266,199,1492,998,85
560,41,336,Shia003616Vols,3072,1197,1484,217,87
560,1,622,Shamela0003118,2044,870,1483,485,96
560,622,1513,Shamela0003118,2045,1,885,697,96
560,46,336,Shamela0004445,1622,392,610,161,67
560,1,1000,Shamela0004445,1856,491,1490,774,95
560,1000,1513,Shamela0004445,1857,1,491,368,87
560,1,551,Shamela0010906,450,966,1470,393,87
560,551,1513,Shamela0010906,451,1,855,654,82
560,751,1274,Shamela0006700,80,224,873,244,38
560,1,1513,Sham19Y0127677,4600,8,1488,1156,94
560,60,1513,Shia002265Vols,4359,1,1449,1135,96
560,41,336,JK006838,729,721,959,188,78
560,1,225,JK006838,987,1308,1489,144,78
560,225,1508,JK006838,988,1,1195,917,87
560,570,1265,SHAM19Y23644,1265,755,1149,261,46
560,41,783,SHAM19Y23644,1266,215,865,371,54
560,1,778,Shamela0010798,2511,692,1463,609,97
560,778,1513,Shamela0010798,2512,1,735,579,96
560,693,1372,Shamela0012935,311,491,1109,455,82
560,441,1504,Shamela0012031,253,486,1167,470,54
560,168,336,Shamela0006590,357,1,153,118,85
560,1,1513,Shamela0006590,396,67,1486,1063,83
560,916,1274,JK003609,3285,1,415,231,67
560,1,259,Shamela0001438,6548,1214,1466,200,96
560,259,1513,Shamela0001438,6549,1,1256,982,96
560,666,1372,Shamela0009873,1546,510,1173,465,78
560,1,910,JK009390,6470,634,1467,644,87
560,910,1508,JK009390,6471,1,604,430,81
560,693,1372,Shamela0007472,84,568,1185,453,82
560,1,1312,JK000916,5938,186,1491,1032,97
560,1312,1513,JK000916,5939,1,199,160,98
560,953,1105,Shamela0001686,2601,1268,1448,116,81
561,1,1092,Shamela0035100,267,70,834,507,58
561,1,559,Shamela0003118,2045,885,1445,409,90
561,559,1455,Shamela0003118,2046,1,862,679,94
561,1,966,Shamela0004445,1857,491,1442,687,86
561,966,1455,Shamela0004445,1858,1,490,380,94
561,1,920,Shamela0010906,451,855,1463,430,59
561,38,1455,Sham19Y0127677,4601,10,1374,1045,91
561,53,1455,Shia002265Vols,4360,1,1364,1047,92
561,11,341,JK006838,988,1191,1490,220,83
561,341,1455,JK006838,989,1,1024,769,85
561,24,702,SHAM19Y23644,1266,832,1289,277,48
561,1,749,Shamela0010798,2512,735,1452,545,93
561,749,1455,Shamela0010798,2513,1,598,472,83
561,44,515,Shamela0012935,311,1114,1446,206,55
561,637,1455,Shamela0012935,312,128,893,411,50
561,38,1455,Shamela0006590,397,10,1390,1028,89
561,1,221,Shamela0001438,6549,1256,1494,168,90
561,221,1455,Shamela0001438,6550,1,1194,914,91
561,44,410,Shamela0009873,1546,1178,1465,179,62
561,480,1455,Shamela0009873,1547,18,1112,525,49
561,11,880,JK009390,6471,600,1465,632,89
561,880,1455,JK009390,6472,1,492,392,84
561,44,413,Shamela0007472,84,1190,1471,183,62
561,480,1455,Shamela0007472,85,15,805,434,49
561,1,1300,JK000916,5939,199,1461,978,95
561,1300,1455,JK000916,5940,1,151,120,96
562,1,553,Shamela0012406,1056,486,871,187,40
562,981,1280,Shamela0022579,437,1142,1426,206,83
562,436,640,Shamela0035100,267,768,1021,129,65
562,971,1409,JK000786,4035,737,1189,315,84
562,1,557,Shamela0003118,2046,862,1451,423,90
562,971,1409,Shamela0003118,4632,11,359,249,69
562,155,312,Sham19Y0020583,1016,1320,1510,118,77
562,1121,1396,Shia003636Vols,5404,1,274,204,92
562,1,640,Shamela0004445,1858,490,1237,440,72
562,436,640,Shamela0010906,452,91,344,129,65
562,981,1184,JK009408,354,1167,1393,134,71
562,1184,1409,JK009408,355,9,230,165,90
562,981,1404,JK000481,553,948,1415,297,76
562,1010,1409,Sham19Y0127677,1229,164,523,265,80
562,60,549,Sham19Y0127677,4602,1,487,360,91
562,971,1169,Sham19Y0127677,5529,1224,1434,141,79
562,1169,1409,Sham19Y0127677,5530,1,239,172,87
562,971,1409,Sham19Y0127677,20383,960,1412,314,83
562,971,1376,Shia002265Vols,1259,1042,1527,297,76
562,971,1184,Shia002265Vols,1285,1195,1425,152,78
562,41,640,Shia002265Vols,4361,1,603,396,78
562,1,446,JK006838,989,1024,1447,313,85
562,1,828,Shamela0009784,1167,814,1385,220,28
562,1,596,Shamela0010798,2513,598,1222,422,84
562,967,1404,JK011302,188,1013,1452,269,68
562,971,1400,Shia001782Vols,2753,1014,1365,225,62
562,981,1409,Shia001782Vols,2754,28,494,290,75
562,967,1396,Shamela0021809,178,852,1300,295,79
562,1,291,Shamela0012935,312,893,1139,163,68
562,1,553,Shamela0012031,254,37,397,191,42
562,70,431,Shamela0006590,398,1,256,172,60
562,60,498,JK003609,3285,441,744,173,45
562,1010,1409,Shamela0001438,1867,643,1048,293,88
562,1,220,Shamela0001438,6550,1194,1445,168,85
562,223,640,Shamela0001438,6551,1,515,275,66
562,1019,1409,Shamela0001438,7616,1,383,273,85
562,1010,1400,Shamela0023700,233,46,427,274,85
562,981,1409,Shamela0001733,261,684,1142,302,79
562,981,1409,JK009390,1064,521,952,305,86
562,971,1409,JK009390,6248,852,1290,290,75
562,1,621,JK009390,6472,492,1102,392,73
562,1092,1409,JK009390,7274,6,324,228,87
562,1,291,Shamela0007472,85,805,1051,166,69
562,1,557,JK000916,5940,151,750,424,89
562,1033,1341,JK000916,15812,32,342,203,77
562,1243,1409,JK000916,15813,1,164,121,93
562,971,1409,Shamela0001686,218,678,1023,250,70
562,1,640,Shamela0001686,1451,414,1032,318,52
562,1,640,Shamela0001686,2602,508,1162,301,47
562,981,1194,Shamela0021481,42,1182,1413,141,71
562,1198,1409,Shamela0021481,43,1,204,157,92
563,373,607,Shamela0000956,342,600,821,145,77
563,324,1486,Sham19Y0145435,321,31,1160,503,46
563,532,784,Sham19Y0131521,3752,1,289,165,61
563,431,1453,Shamela0036446,880,214,1185,461,47
563,409,1342,Shamela0012406,750,803,1545,497,61
563,1,173,Shamela0022579,438,166,367,128,78
563,277,1453,Shamela0023833,882,182,1487,680,59
563,351,967,Shamela0035100,253,229,795,280,50
563,282,801,Sham19Y0148271,449,43,552,246,50
563,409,1483,Shamela0009770,560,182,1278,585,55
563,373,607,Shamela0021477,94,480,694,143,79
563,277,784,Sham19Y0014601,4077,988,1469,203,41
563,282,592,Shamela0003722,1048,721,1018,179,66
563,384,876,Shamela0025794,2839,792,1327,260,54
563,324,897,Shamela0023100,106,613,1421,349,49
563,897,1486,Shamela0023100,107,4,539,367,74
563,336,699,Sham19Y0020591,976,1121,1475,211,61
563,387,924,Shamela0004445,1832,586,1138,276,54
563,351,759,Shamela0010906,437,1055,1435,209,55
563,506,784,Shamela0117359,651,6,300,171,59
563,470,592,Shia002119Vols,1706,1056,1204,77,57
563,1,138,JK009408,355,230,378,100,84
563,179,699,JK009408,466,704,1321,238,37
563,743,1473,JK009408,467,1,709,467,76
563,373,1032,JK000481,609,740,1457,449,74
563,1032,1486,JK000481,610,1,430,282,67
563,431,784,Shamela0025800,509,87,459,216,60
563,285,664,JK006838,960,1128,1461,157,42
563,332,592,Sham19Y0013667,4842,547,791,165,79
563,342,784,Sham19Y0013667,4844,47,519,260,58
563,336,784,ShamAY0033945,808,540,1041,257,55
563,421,1146,Shia001782Vols,2058,807,1490,304,45
563,1,138,Shia001782Vols,2754,494,629,95,85
563,282,1486,Shia003732Vols,2534,15,1379,809,71
563,373,801,Shamela0021809,479,390,837,225,54
563,332,555,Shia002003Vols,1362,1207,1414,135,76
563,261,1483,Shamela0010283,3610,443,1521,652,61
563,428,784,Sham19Y0146127,3145,1,367,218,61
563,285,791,Sham19Y0148486,5728,878,1414,267,52
563,265,699,Shia003714Vols,509,955,1425,294,74
563,705,1486,Shia003714Vols,510,19,798,519,77
563,431,592,Shamela0001719,2878,52,218,120,91
563,421,1433,Shamela0009567,563,6,986,460,49
563,1,173,Shamela0001438,1867,1048,1226,125,85
563,336,784,Shamela0001442,484,474,956,258,55
563,277,1160,Shamela0006864,1749,439,1459,520,59
563,1157,1483,Shamela0006864,1750,11,310,183,66
563,318,584,Shamela0013133,249,51,236,112,55
563,1070,1463,Shamela0009873,1800,1,348,241,75
563,342,525,Shamela0023700,418,628,833,105,62
563,324,1121,Shamela0009783BK1,1022,661,1458,336,44
563,342,1483,Shamela0001733,381,35,1117,609,61
563,277,664,Shamela0021713,790,1239,1468,118,38
563,265,1414,Shamela0001686,509,233,1503,753,71
563,431,784,Sham19Y0014309,613,1111,1445,192,55
563,332,686,JK000533,2048,489,820,169,49
564,955,1300,Shamela0012406,752,1,294,200,67
564,787,1357,Shamela0035100,268,448,891,344,75
564,787,1337,ShamAY0034249,7322,187,538,163,33
564,880,1357,Shamela0003118,85,72,556,382,98
564,804,1136,Shamela0003118,5722,1096,1420,216,73
564,1136,1357,Shamela0003118,5723,1,159,127,71
564,1,927,Shamela0023100,107,539,1533,445,45
564,787,1350,Shamela0004445,1859,985,1481,367,80
564,787,1136,Shamela0010906,452,1239,1521,219,78
564,1136,1357,Shamela0010906,453,1,162,126,70
564,1,712,JK009408,467,712,1389,380,57
564,1,667,JK000481,610,430,1080,392,62
564,796,1357,Shamela0026568,254,1,366,236,48
564,868,1357,Sham19Y0127677,5826,31,519,368,89
564,868,1143,Shia002265Vols,3400,1232,1492,205,93
564,1143,1357,Shia002265Vols,3401,1,207,163,94
564,890,1528,JK006838,992,1,503,389,74
564,787,1357,Shamela0009784,1175,1062,1483,247,49
564,160,787,Shia003732Vols,2535,1,563,374,65
564,787,1528,Shia003732Vols,2539,82,858,538,83
564,787,1357,Shamela0010283,3612,26,514,312,59
564,927,1389,Shamela0012935,302,900,1363,227,49
564,939,1357,Sham19Y0145166,468,149,774,219,38
564,242,537,Shamela0006590,412,1208,1535,193,67
564,1,576,Shia003714Vols,510,798,1402,323,55
564,787,1357,Shia003714Vols,512,333,943,422,82
564,927,1357,Zaydiyya0000037Vols,193,311,581,139,34
564,787,1376,Shamela0023644,690,739,1319,211,32
564,1,494,Shamela0009873,1800,499,1081,247,43
564,787,1357,Shamela0009873,1802,381,889,224,40
564,1,912,Shamela0009783BK1,1023,315,1256,326,34
564,845,1246,Shamela0005756,9198,155,586,278,71
564,875,1357,JK009390,7167,327,733,311,77
564,880,1357,JK009390,7418,680,1165,368,90
564,857,1502,JK000916,343,216,899,418,66
564,849,1109,JK000916,19743,1284,1541,207,98
564,1109,1357,JK000916,19744,1,250,199,99
564,1,658,Shamela0001686,510,86,797,395,58
564,818,1357,Shamela0001686,512,7,567,395,84
565,149,414,Shamela0012406,751,1144,1326,145,68
565,1248,1386,Shamela0012406,786,736,878,108,97
565,82,755,Shamela0035100,267,908,1476,432,78
565,755,1050,Shamela0035100,268,1,235,182,75
565,82,436,Shamela0004445,1858,1124,1454,259,91
565,82,1050,Shamela0010906,452,231,1026,605,77
565,214,517,Shamela0026568,253,1264,1507,176,64
565,76,1070,JK006838,990,257,1165,707,87
565,1181,1347,ShamAY0033945,1597,434,576,104,81
565,4,544,Shia003732Vols,2538,857,1383,335,68
565,166,436,Shamela0010283,3611,1219,1491,141,49
565,1296,1488,Shamela0010283,3665,658,855,90,43
565,1263,1465,Shamela0012935,353,1423,1555,106,65
565,214,517,Shamela0023685,277,1030,1273,176,64
565,4,249,Shia003714Vols,511,1125,1378,148,73
565,255,544,Shia003714Vols,512,44,268,181,75
565,1296,1488,Shia003714Vols,568,166,395,99,41
565,166,530,Shamela0009873,1802,24,386,220,65
565,94,396,JK000916,27831,97,361,196,79
565,4,544,Shamela0001686,511,787,1356,328,64
565,1263,1488,Shamela0001686,541,766,924,127,70
565,90,396,Shamela0001686,801,1134,1408,171,59
565,1172,1380,Shamela0001686,1202,178,356,126,76
565,1263,1465,Shia002218Vols,498,1005,1162,109,68
565,82,602,Shia002218Vols,500,815,1302,323,71
566,671,1433,Shamela0001515,355,1091,1421,149,22
566,657,1464,Shamela0012406,753,313,758,295,44
566,612,1118,Shamela0035100,268,947,1445,301,63
566,1189,1548,Shamela0035100,270,507,789,215,75
566,657,1444,ShamAY0034249,7322,904,1376,265,37
566,657,959,Shamela0012286,690,182,385,137,52
566,1133,1459,Shia003616Vols,280,395,786,167,42
566,604,1284,Shia003616Vols,3130,796,1505,536,94
566,1284,1548,Shia003616Vols,3131,1,260,204,96
566,588,1526,Shamela0003118,85,561,1493,703,92
566,640,1080,Shamela0003118,1600,407,863,348,94
566,661,1390,Shia003636Vols,757,728,1125,204,33
566,661,1080,Shia003636Vols,6132,199,563,268,76
566,1189,1548,Shamela0004445,1860,617,960,265,91
566,774,973,Zaydiyya0000161,34,1275,1446,121,78
566,1073,1548,Shamela0010637,333,85,451,266,65
566,637,1532,Shia001432Vols,8600,479,1255,573,79
566,671,1016,Sham19Y0013252,6645,1001,1250,156,50
566,612,1444,Shamela0010906,453,218,906,345,42
566,661,1459,Shamela0026568,254,575,919,228,35
566,1189,1548,JK006838,994,678,982,228,79
566,671,1453,Shamela0009784,1176,593,1085,271,41
566,657,988,Sham19Y0007233,114,837,1205,178,47
566,1103,1548,Shia003732Vols,2540,67,510,299,74
566,661,1459,Shamela0010283,3612,638,1035,279,42
566,661,1162,Shamela0010283,3784,648,1191,183,32
566,671,1548,Shamela0012935,313,182,874,247,26
566,661,1459,Shamela0023685,278,328,667,224,34
566,1189,1548,Shamela0006590,414,33,366,253,89
566,604,1532,Shia002185Vols,3112,692,1505,600,79
566,1294,1433,JK001493,253,1109,1247,90,76
566,1251,1548,Shamela0023644,1063,1,277,210,88
566,755,983,Shamela0009873,1558,1,225,138,64
566,657,988,Shamela0023700,467,898,1142,150,55
566,616,1548,JK000916,345,381,1330,731,96
566,604,1080,JK000916,4198,585,1071,372,94
566,661,994,Shamela0021713,803,1228,1475,157,54
566,653,1459,Shamela0001686,512,689,1087,285,43
566,612,1052,Shamela0001686,1521,189,636,332,89
566,675,994,JK000533,439,943,1255,162,49
567,691,1232,Shamela0012091,16,511,1068,350,71
567,691,1380,Sham19Y0145435,5449,42,889,408,55
567,691,1482,Sham19Y0131521,3663,614,1389,466,63
567,731,1376,Shamela0008473,2197,11,632,408,72
567,635,1216,ShamAY0038144,57,810,1467,365,63
567,1196,1526,ShamAY0038144,58,1,500,189,43
567,701,1526,Shamela0036446,735,425,1483,538,58
567,701,987,Shia002642Vols,102,1279,1625,193,66
567,680,1526,ShamIbadiyya0000109,6309,55,869,446,55
567,993,1526,Shamela0001975,164,60,755,319,53
567,313,755,Shamela0035100,269,152,636,154,36
567,691,1269,JK000272,1405,1062,1548,305,62
567,691,1376,JK000786,3392,895,1494,372,63
567,691,1376,JK000786,3449,9,764,461,72
567,691,1526,Shamela0012981,1194,57,1140,525,56
567,691,1487,Shamela0012981,1399,801,1441,352,50
567,255,1272,Shia003616Vols,280,780,1573,543,63
567,1272,1547,Shia003616Vols,281,1,276,221,100
567,1,265,Shia003616Vols,3131,260,538,188,85
567,691,1229,Shamela0007289,5779,335,929,358,70
567,1038,1376,Sham19Y0006684,1016,1,365,216,70
567,867,1540,Zaydiyya0000054,466,357,1331,392,44
567,701,1418,ShamAY0034122,747,821,1389,305,45
567,691,1128,Shia001887Vols,1183,948,1431,303,73
567,1160,1526,Shia001887Vols,1184,15,654,257,48
567,691,1530,Shamela0009810,1086,92,1188,520,53
567,691,987,Shamela0003722,6774,1139,1473,204,71
567,691,1376,Shamela0025794,4361,129,821,426,67
567,755,1466,Shamela0025794,4372,1,735,452,70
567,1,503,Shamela0003118,86,23,523,404,99
567,691,1380,Shamela0003118,126,343,1188,407,54
567,688,1515,Shia003636Vols,6133,757,1590,596,81
567,1,246,Zaydiyya0000090,116,1318,1575,167,78
567,691,1482,Shamela0007891,1778,509,1282,465,63
567,1376,1526,Shamela0022547,1532,599,742,93,71
567,701,1376,Shamela0021642,1224,27,370,207,36
567,590,1398,JK000475,1798,769,1497,330,42
567,691,1114,JK000475,1825,1122,1448,197,53
567,705,1530,JK000475,1845,1,1083,541,58
567,680,1254,JK000475,1851,849,1507,424,79
567,1254,1544,JK000475,1852,1,282,206,84
567,691,1232,Shamela0021766,1906,621,1205,349,69
567,961,1482,Sham19Y0020591,951,851,1412,324,67
567,1,358,Shamela0004445,1860,960,1252,176,54
567,1,358,Shamela0010637,333,451,786,185,52
567,1145,1544,Shia001432Vols,8109,12,551,211,46
567,1,228,Shia001432Vols,8600,1258,1484,176,94
567,236,1547,Shia001432Vols,8601,6,1320,879,79
567,1,209,Sham19Y0013252,6648,436,647,154,85
567,1,182,Zaydiyya0000098,461,1345,1513,127,85
567,182,581,Zaydiyya0000098,462,1,303,209,61
567,236,755,Shamela0010906,453,687,1423,184,29
567,691,1290,Shamela0021744,3252,842,1512,399,70
567,691,1544,Shamela0012987,116,569,1491,492,62
567,742,1482,Shamela0117359,636,14,687,432,65
567,691,1530,JK000624,259,355,1489,529,54
567,772,983,Sham19Y0145212,2461,489,710,148,75
567,691,1526,Sham19Y0017747,2036,201,1008,443,54
567,724,1482,Sham19Y0131336,1560,5,712,445,64
567,880,1547,ShamAY0033584,9,1,677,454,77
567,705,1380,Sham19Y0127677,2803,461,1220,389,57
567,691,1376,Sham19Y0127677,4397,627,1217,365,62
567,1066,1526,Shia002265Vols,1234,17,649,293,54
567,724,1380,Shia002265Vols,1277,417,1154,381,58
567,691,1376,Shia002265Vols,1281,78,627,345,58
567,1,209,JK006838,994,982,1195,152,84
567,691,1128,Sham19Y0016976,1274,1024,1508,300,72
567,731,1526,Shamela0000782,577,34,870,424,50
567,691,1418,JK007083,148,779,1535,468,70
567,688,1232,Sham19Y0011326,281,382,953,356,71
567,856,1526,Sham19Y0011326,283,1,822,427,58
567,724,1482,Sham19Y0013667,4832,38,751,445,64
567,731,972,Sham19Y0018259,508,46,296,163,75
567,691,1526,Shamela0006610,941,430,1479,538,59
567,701,1376,Sham19Y0019188,1717,696,1034,207,36
567,691,1380,Tafsir09084,1069,540,1248,434,68
567,691,1530,JK011302,25,454,1512,505,55
567,691,1376,JK011302,195,340,1020,404,64
567,635,1526,Sham19Y0017757,163,108,981,461,53
567,776,1466,Shamela0021659,225,811,1498,426,68
567,867,1376,Shamela0021739,413,984,1504,333,72
567,691,1515,Shia001782Vols,1738,486,1132,330,43
567,10,299,Shia003732Vols,2540,517,797,189,76
567,667,1440,Shia003732Vols,2542,472,1204,476,71
567,752,1376,Shamela0021809,235,1,654,392,67
567,691,944,Shamela0021809,238,1151,1470,186,72
567,812,1376,JK000917,786,1,587,376,73
567,236,571,Shamela0010283,3612,1114,1544,140,34
567,828,1376,Sham19Y0146127,3097,5,572,337,68
567,705,1173,Sham19Y0146127,3140,982,1502,278,59
567,691,1482,Sham19Y0146127,3263,371,1139,460,63
567,701,1380,Sham19Y0018567,991,92,863,441,66
567,691,1229,JK006950,10,644,1219,342,69
567,724,862,Shamela0012935,313,1269,1393,99,88
567,794,1376,JK006800,16,1,597,380,71
567,691,1380,JK006800,142,1,624,368,59
567,705,1376,Sham19Y0148486,5654,1,737,418,67
567,705,1324,Sham19Y0148486,5722,832,1528,361,57
567,691,1482,Sham19Y0148486,5912,557,1326,460,63
567,236,571,Shamela0023685,278,765,1109,144,41
567,1,209,Shamela0006590,414,366,574,153,86
567,867,1376,Zaydiyya0000361,1185,958,1496,338,72
567,691,1207,JK007025,21,915,1517,370,74
567,1207,1547,JK007025,22,1,362,207,63
567,664,1285,Shamela0022868,207,339,1020,394,67
567,604,1380,Shamela0001719,410,500,1337,473,63
567,691,1482,ShamIbadiyya0000313,35,266,986,414,55
567,250,571,ShamAY0034441,345,348,911,147,32
567,828,1526,ShamAY0032665,1795,1,900,446,59
567,604,1544,ShamAY0032665,1796,179,1173,524,57
567,656,1482,Shamela0012862,389,61,699,347,48
567,691,1241,Sham19Y0017791,1302,428,1016,359,71
567,812,1526,Shamela0001438,770,1,901,470,60
567,701,1232,Shamela0001438,6311,75,634,324,67
567,691,1380,Shamela0001438,6321,688,1242,347,58
567,691,1380,Shamela0023631,2395,317,1005,426,68
567,691,1482,Shamela0001442,465,82,854,463,63
567,867,1376,Shamela0021677,1040,44,242,141,34
567,691,1376,Shamela0012884,2288,64,726,418,67
567,25,571,Shia002185Vols,3113,1,523,384,83
567,610,1431,Shia002185Vols,3114,787,1601,637,94
567,1431,1547,Shia002185Vols,3115,1,117,91,100
567,691,1035,Sham19Y0017616,267,1057,1449,233,70
567,752,1526,Sham19Y0018144,1795,5,988,502,61
567,604,1544,Sham19Y0018144,1796,259,1253,524,57
567,1,209,Zaydiyya0000037Vols,304,1,212,160,93
567,1,269,Shamela0023644,1063,277,519,166,71
567,828,1547,ShamAY0033944,189,1,630,421,68
567,764,1526,Shamela0012293,6235,1,730,395,52
567,731,1376,JK007064,892,50,702,418,73
567,691,1466,Shia001989,247,547,1382,450,60
567,1044,1526,JK009390,348,7,733,317,51
567,731,1515,JK009390,3234,239,829,302,42
567,776,1232,JK009390,6252,213,687,302,73
567,701,1346,Shamela0000170,386,922,1633,393,61
567,1196,1482,Sham19Y0016546,1390,1,329,193,70
567,1,155,JK000916,345,1330,1483,123,99
567,155,614,JK000916,346,1,458,366,98
567,705,1380,JK000916,411,443,1211,390,57
567,232,571,Shamela0001686,512,1092,1490,167,44
567,691,1526,Shamela0021590,1299,634,1470,445,52
567,705,1526,JK000299,2789,1,1024,520,61
567,691,1482,Sham19Y0020944,572,685,1453,465,63
567,896,1376,Shia000841Vols,8798,1,528,333,75
567,791,1536,Sham19Y0001729,1629,1,833,353,42
568,7,197,ShamAY0038144,58,184,361,126,85
568,7,203,Shamela0036446,735,1171,1349,128,83
568,7,203,Shamela0001975,164,462,640,126,82
568,1050,1451,Shamela0023833,723,556,962,194,52
568,1054,1451,Shamela0035100,276,172,565,189,51
568,7,203,Shamela0001449,58,1019,1197,125,81
568,7,203,JK007065,213,978,1175,124,74
568,1,1042,Shia003616Vols,281,276,1025,557,66
568,7,197,Shia003616Vols,2062,1396,1568,120,81
568,7,203,Shamela0007289,5779,1095,1273,125,81
568,7,268,Zaydiyya0000054,466,964,1178,140,69
568,7,203,Shamela0009810,1086,861,1054,137,87
568,7,203,Shamela0003722,6775,411,598,137,89
568,15,203,Sham19Y0036114,504,38,224,132,88
568,326,574,Shamela0003118,87,1,256,192,91
568,1064,1456,Shamela0003118,3324,1069,1476,220,63
568,621,1050,Shamela0003118,3325,394,835,327,95
568,19,567,Shia003636Vols,6134,1,275,201,46
568,1064,1356,Shia003636Vols,10528,557,839,122,45
568,658,1046,Zaydiyya0000090,117,1,359,262,84
568,7,203,Sham19Y0127700,298,626,804,127,82
568,7,268,JK000475,1826,402,665,158,64
568,19,197,JK000475,1845,752,933,120,85
568,7,268,JK000475,1852,282,647,168,57
568,1,227,Shia001432Vols,8601,1320,1550,168,89
568,227,1046,Shia001432Vols,8602,1,728,531,78
568,1054,1451,Shamela0010906,460,960,1353,189,51
568,717,1011,Shamela0010488,347,1,280,156,59
568,7,203,ShamAY0033938,977,1144,1322,127,82
568,7,203,Sham19Y0017729,284,845,1023,123,80
568,7,150,Sham19Y0013253,683,1388,1515,94,83
568,7,176,Zaydiyya0000364Vols,1026,1326,1484,114,82
568,7,203,Shamela0025800,502,298,476,125,81
568,7,203,JK006897,327,1248,1426,127,82
568,7,203,Sham19Y0127677,4400,998,1176,127,82
568,621,1042,Sham19Y0127677,14569,781,1365,285,60
568,7,203,ShamAY0034383,86,770,948,127,82
568,7,203,Shia002265Vols,1234,337,515,125,81
568,7,203,Shia002265Vols,1281,1259,1437,126,82
568,7,203,Sham19Y0016976,1275,256,434,127,82
568,7,203,Sham19Y0016976,1276,1345,1523,127,82
568,222,682,Shamela0005922,2772,107,581,297,72
568,7,203,Shamela0005922,2821,1096,1274,128,83
568,7,203,Sham19Y0013667,4831,841,1019,125,81
568,7,203,Sham19Y0122257,2333,147,325,127,82
568,7,203,Shamela0006856,154,968,1145,126,80
568,219,686,Shia003732Vols,2542,81,536,289,68
568,621,767,Shia003732Vols,2542,1387,1547,110,86
568,1046,1451,Shia003732Vols,2543,919,1376,245,61
568,767,1059,Shia003732Vols,2543,1,301,212,90
568,7,203,JK009242,405,224,413,129,81
568,7,203,Shamela0021809,239,448,635,136,88
568,209,682,Sham19Y0146127,3148,164,723,309,65
568,7,203,JK006950,10,1385,1563,125,81
568,7,203,Sham19Y0017903,537,665,843,127,82
568,203,579,Sham19Y0148486,5733,482,879,278,83
568,7,203,Zaydiyya0000361,1186,16,207,128,83
568,7,203,Sham19Y0014119,421,1118,1296,126,82
568,7,203,Shamela0008360,591,1116,1294,127,82
568,7,203,Sham19Y0017791,1302,1183,1361,127,82
568,7,268,Shamela0006947,2661,1127,1325,144,70
568,7,203,Shamela0001438,770,587,765,126,82
568,7,203,Shamela0001438,6311,789,967,126,82
568,7,203,Sham19Y0032384,671,254,432,127,82
568,7,203,Shamela0008176,4960,1285,1463,127,82
568,1248,1451,Shamela0006864,1492,38,287,145,72
568,7,203,Sham19Y0020638,792,689,867,128,83
568,621,1042,Shamela0012884,2246,765,1125,239,66
568,1,1110,Shia002185Vols,3115,117,1131,714,78
568,1036,1460,Shia002185Vols,3116,65,534,299,76
568,7,268,Sham19Y0017616,268,387,622,140,60
568,7,197,Sham19Y0013241,1614,411,570,114,77
568,7,268,Shamela0007435,60,600,927,163,57
568,663,1059,Zaydiyya0000067,187,1,400,297,95
568,249,574,Shamela0009873,1558,1176,1467,173,55
568,7,203,Shia001989,247,1320,1512,143,90
568,7,203,JK009390,348,417,596,123,80
568,209,589,JK000916,346,1066,1467,260,77
568,203,608,JK000916,347,100,510,310,92
568,1268,1446,JK000916,348,1115,1293,138,96
568,1059,1468,JK000916,10726,690,1098,323,98
568,579,1042,JK000916,10727,769,1241,355,95
568,7,203,Sham19Y0014309,610,608,777,120,77
568,7,203,Shamela0009993,314,508,683,126,81
568,7,268,Sham19Y0001729,1629,495,704,156,74
568,7,203,Shamela0012001,156,431,609,127,82
569,330,837,Shamela0001515,356,1174,1553,200,40
569,943,1544,Shamela0004473,4311,964,1548,392,74
569,594,949,Sham19Y0145435,1563,1029,1465,207,57
569,594,1144,Shamela0036446,858,585,1091,239,48
569,594,1144,Shamela0012406,754,671,1129,227,44
569,594,1144,Shamela0023833,722,867,1497,286,50
569,702,1455,Shamela0035100,269,830,1539,263,33
569,594,823,Shamela0009770,480,1275,1514,137,65
569,823,1144,Shamela0009770,481,1,304,136,44
569,242,744,Shia003616Vols,281,1063,1485,222,49
569,757,1544,Shia003616Vols,282,11,711,475,69
569,1312,1536,Shamela0003118,87,265,490,177,97
569,1309,1544,Shamela0003118,1440,6,243,187,98
569,18,247,Shamela0003118,3325,1,308,126,44
569,594,1144,JK000022,121,609,1064,219,43
569,330,1144,Shia003636Vols,758,913,1509,261,36
569,463,1270,Shia003636Vols,6134,303,1014,399,53
569,671,1544,Zaydiyya0000090,117,492,1280,524,69
569,696,1144,Sham19Y0150966,1799,8,282,141,35
569,594,1144,Shamela0004445,1862,340,1147,294,41
569,1283,1544,Shamela0004445,1863,1056,1323,194,89
569,608,1144,Shamela0010695,153,686,1222,204,39
569,463,1404,Shia001432Vols,8602,741,1520,515,64
569,1404,1544,Shia001432Vols,8603,1,141,105,88
569,594,1144,Sham19Y0013252,6646,446,1056,290,52
569,702,1544,Shamela0010906,454,125,927,326,38
569,585,1144,Shamela0005816,156,1074,1367,168,37
569,797,1144,Shamela0009241,58,1211,1487,117,38
569,1283,1544,JK006838,995,76,338,196,91
569,594,1144,SHAM19Y23644,1268,442,869,221,44
569,330,1276,Shamela0009784,1177,315,1142,353,37
569,594,1144,Shia001782Vols,2008,351,930,266,51
569,38,1144,Shia003732Vols,2544,1,1215,521,44
569,1309,1544,Shia003732Vols,2545,287,550,168,77
569,330,1428,Shamela0010283,3613,18,908,401,37
569,585,1043,Shamela0012935,314,99,493,187,44
569,594,1144,Shamela0012031,180,733,1192,221,43
569,626,1144,Sham19Y0145166,327,665,1220,252,49
569,330,855,Shamela0023685,278,1109,1442,190,40
569,1309,1544,Shamela0006590,414,621,842,156,79
569,594,1144,Shia003714Vols,513,656,1245,295,55
569,598,1139,ShamAY0034441,345,1025,1500,234,47
569,594,1144,JK011068,142,972,1547,193,35
569,773,1144,Shamela0001043,973,53,419,175,48
569,608,1144,Shamela0021751,7006,475,866,172,38
569,594,1144,Shamela0006864,1491,222,819,290,53
569,463,1467,Shia002185Vols,3116,697,1560,569,66
569,585,1144,Shamela0009898,164,218,571,183,38
569,594,1144,Shamela0009783BK1,1031,254,839,276,50
569,594,1144,Shamela0005756,9198,759,1298,244,47
569,594,871,Shamela0001733,3108,1014,1374,185,64
569,242,702,JK000916,350,999,1506,343,83
569,702,1550,JK000916,351,1,957,679,87
569,1276,1544,JK000916,3884,992,1261,214,98
569,1,242,JK000916,10726,1102,1348,182,92
569,594,1139,Shamela0021713,804,711,1212,243,46
569,377,855,Shamela0001686,513,1,291,191,46
569,330,855,Shamela0006617,612,431,751,178,37
569,594,1144,Shamela0008540,1858,452,1027,277,51
570,906,1468,Shia001341,47,572,1072,354,73
570,1009,1468,Shamela0035100,273,160,372,152,40
570,129,836,Shia003616Vols,282,735,1219,267,41
570,875,1273,Shia003616Vols,283,1269,1572,229,71
570,1278,1468,Shia003616Vols,284,23,198,140,90
570,751,1153,Shia003616Vols,3133,1085,1487,320,99
570,1153,1472,Shia003616Vols,3134,1,320,259,100
570,824,1472,Shamela0003118,87,494,1110,493,94
570,884,1472,Shamela0003118,2435,440,1028,474,99
570,404,751,Shia003636Vols,6135,446,1015,178,37
570,875,1472,Shamela0004445,1868,20,696,442,77
570,884,1472,Shamela0010637,333,669,1215,434,89
570,166,603,Shia001432Vols,8603,171,461,182,53
570,875,1468,Shia002958,84,1,551,412,82
570,865,1472,Zaydiyya0000098,460,1161,1476,148,27
570,1028,1292,Zaydiyya0000098,461,78,240,87,41
570,1009,1468,Shamela0010906,457,955,1167,152,40
570,751,1472,Shamela0021744,744,779,1178,294,51
570,751,1472,Shamela0011428,803,902,1299,287,50
570,1,303,JK006838,999,728,1031,221,84
570,757,1209,JK006838,999,1058,1495,328,85
570,1209,1468,JK006838,1000,1,322,189,68
570,824,1472,ShamAY0033531,2312,333,663,243,47
570,751,1468,Sham19Y0013667,2857,256,652,278,49
570,751,1448,Shamela0006590,415,746,1358,466,81
570,751,1472,Shamela0008176,2247,789,1189,284,50
570,751,1315,Shia002185Vols,3117,1095,1516,304,67
570,166,603,Shia002185Vols,3117,105,417,186,54
570,1315,1472,Shia002185Vols,3118,1,157,126,98
570,166,1281,Zaydiyya0000037Vols,195,918,1549,303,29
570,757,1472,Shamela0023644,1063,534,1282,571,94
570,751,1472,Shamela0005756,4810,285,690,305,53
570,801,1309,Shamela0005756,9199,558,910,186,45
570,294,496,Shamela0005756,10954,528,702,97,51
570,757,1315,JK000916,351,957,1519,444,98
570,1315,1472,JK000916,352,1,155,127,98
570,744,1171,JK000916,7233,1049,1450,306,88
570,1171,1468,JK000916,7234,1,281,226,93
570,1,368,JK000916,26537,1071,1248,100,31
570,496,836,Shamela0001686,1270,627,1254,173,33
570,751,1472,JK000299,643,594,997,293,51
570,821,1309,Sham19Y0013769,2327,298,585,210,55
570,751,1309,Shamela0008540,1936,706,1059,249,57
571,6,434,Shia001341,47,1059,1390,232,66
571,1194,1464,Shamela0012406,1056,985,1171,143,66
571,1332,1464,Shia003616Vols,283,17,147,101,98
571,6,756,Shia003616Vols,284,185,591,286,46
571,1,434,Shia003616Vols,3134,320,867,314,70
571,1,370,Shamela0003118,87,1110,1473,251,76
571,1171,1464,Shamela0003118,88,1,294,230,99
571,1078,1464,Shamela0003118,1439,919,1292,283,89
571,1,512,Shamela0003118,2435,1028,1502,350,81
571,123,378,Shamela0003118,3328,923,1179,155,65
571,802,983,Shamela0003118,7898,1298,1527,138,75
571,1,434,Shamela0004445,1868,696,1117,278,72
571,1,358,Shamela0010637,333,1215,1552,237,75
571,1074,1464,Shia001432Vols,8603,667,919,162,51
571,1,434,Shia002958,84,546,1011,272,64
571,47,434,Zaydiyya0000098,461,1,566,235,50
571,434,639,Sham19Y0127677,1437,1145,1333,131,80
571,434,609,Shia002265Vols,3758,1259,1417,123,88
571,6,419,JK006838,1000,307,743,263,67
571,1178,1464,Shamela0012031,254,454,657,148,64
571,57,208,Shamela0006590,415,1362,1503,108,88
571,208,706,Shamela0006590,417,541,953,223,47
571,434,639,Shamela0001438,2221,130,317,129,79
571,1074,1464,Shia002185Vols,3117,630,879,166,51
571,1,445,Shia002185Vols,3118,157,558,278,78
571,67,339,Zaydiyya0000037Vols,196,67,254,145,66
571,1,282,Shamela0023644,1063,1282,1516,181,78
571,419,639,JK009390,1304,497,705,133,74
571,1023,1464,JK000916,352,499,940,344,98
571,1,401,JK000916,352,155,554,262,71
571,1194,1436,JK000916,3883,1341,1501,121,62
571,1023,1464,JK000916,3884,388,820,324,89
571,6,392,JK000916,7234,266,632,249,76
571,362,632,JK000916,7235,1,242,178,84
571,609,756,JK000916,8258,80,242,116,88
571,123,405,JK000916,10732,1141,1405,162,62
571,756,1031,JK000916,26533,659,930,215,98
571,123,328,Shamela0001686,1167,1268,1411,115,69
571,1,609,Shamela0001686,1270,191,584,266,53
571,1238,1464,Shamela0001686,1452,9,160,118,66
572,561,1464,Shamela0012406,753,1211,1515,116,15
572,481,912,Shamela0035100,272,1064,1429,214,60
572,1,188,Shia003616Vols,283,147,336,143,91
572,640,912,Shamela0003118,88,453,718,201,89
572,1,174,Shamela0003118,88,294,469,140,97
572,1,174,Shamela0003118,1439,1292,1464,137,96
572,1279,1549,Shia003636Vols,6136,472,611,108,48
572,1258,1565,Zaydiyya0000090,118,943,1164,145,55
572,487,1011,Shamela0004445,1868,1013,1518,261,50
572,704,927,Sham19Y0013252,6647,750,943,135,70
572,481,912,Shamela0010906,457,379,744,213,59
572,481,927,JK006838,1000,643,1034,238,63
572,953,1574,SHAM19Y23644,1271,197,463,110,19
572,89,593,Shamela0009784,1179,892,999,58,14
572,574,1018,Shia003732Vols,2548,380,883,278,67
572,529,1022,Shamela0010283,3614,814,1213,122,24
572,1201,1574,Shia002185Vols,3119,179,481,219,71
572,578,1002,Shamela0023644,1064,883,1395,243,59
572,561,1018,Shamela0005756,9199,316,448,88,24
572,1,174,JK000916,352,940,1120,141,95
572,654,930,JK000916,352,1136,1417,222,96
572,174,506,JK000916,19492,382,722,238,84
572,1397,1565,Shamela0001686,513,1072,1264,125,80
573,1,442,Shia003616Vols,283,780,1108,158,38
573,1070,1420,Shamela0003722,1013,725,1072,265,94
573,1191,1420,Shamela0003118,1530,847,1050,156,85
573,653,919,Shamela0003118,2699,1,234,184,86
573,1191,1420,Shia003636Vols,4693,799,1212,147,41
573,754,1420,Shia003636Vols,6136,583,1065,215,30
573,11,442,Zaydiyya0000090,118,1164,1462,164,45
573,81,265,Shia001432Vols,8603,1330,1497,123,84
573,1191,1420,Shia001432Vols,8604,177,405,177,96
573,1070,1220,Shia001432Vols,35511,295,418,84,71
573,442,881,JK009408,1017,508,973,167,37
573,1078,1420,Sham19Y0127677,14616,494,865,266,91
573,925,1289,ShamAY0033945,1389,120,438,134,40
573,1084,1412,Shamela0011766,127,1014,1379,181,56
573,1,505,Shia002185Vols,3119,481,931,262,61
573,1084,1420,Shia002185Vols,3119,886,1201,242,91
573,1191,1420,JK000916,27520,1096,1299,160,87
573,1078,1420,Shamela0001686,2909,818,1170,251,85
574,234,751,Shamela0001515,356,353,634,179,43
574,497,1469,Shamela0000355,49,198,938,419,50
574,515,760,Shamela0012406,1536,1152,1406,191,94
574,157,729,Shamela0035100,274,914,1496,224,33
574,729,909,Shamela0035100,275,1,150,117,82
574,1,870,Shia003616Vols,284,798,1487,470,64
574,870,1469,Shia003616Vols,285,1,568,319,57
574,587,1465,Shia003616Vols,5384,442,1300,681,96
574,152,566,Shia001887Vols,809,820,1277,193,43
574,468,760,Shia001237Vols,423,591,917,214,81
574,1148,1450,Shia001237Vols,435,147,374,147,54
574,234,647,Shia001237Vols,479,740,1197,145,29
574,1,401,Shamela0003722,1013,1072,1476,315,97
574,372,1460,Shamela0003722,3367,109,1107,738,83
574,1,417,Shamela0003118,1530,1050,1470,329,98
574,488,1469,Shamela0003118,3253,433,1389,745,95
574,1,436,Shia003636Vols,4693,1212,1521,240,69
574,1,570,Shia003636Vols,6136,1065,1517,314,68
574,570,1469,Shia003636Vols,6137,1,825,633,86
574,488,1187,Shia001432Vols,8598,854,1501,483,85
574,1195,1469,Shia001432Vols,8599,10,182,126,55
574,1,449,Shia001432Vols,8604,405,770,265,72
574,304,943,Shia001432Vols,27411,313,778,320,63
574,1,501,Shia002958,84,1079,1487,284,68
574,501,1469,Shia002958,85,1,900,628,75
574,152,909,Shamela0010906,459,192,914,365,46
574,368,754,Sham19Y0127677,4757,1031,1395,216,70
574,754,1469,Sham19Y0127677,4758,1,715,564,97
574,152,449,Sham19Y0127677,14616,67,324,168,66
574,368,1469,Shia002265Vols,4401,81,1160,779,87
574,449,1399,JK006838,1001,626,1490,666,86
574,244,943,Shia001401,70,438,1165,335,48
574,162,449,ShamIbadiyya0000229,2103,60,344,134,55
574,147,443,Shamela0009773,515,1050,1432,131,37
574,1,417,Shamela0012935,316,774,1363,249,48
574,309,943,Shamela0006590,416,1136,1509,176,35
574,662,1144,Shia003752Vols,496,347,487,87,23
574,497,1469,Shamela0001438,6750,501,1454,743,94
574,1,309,Shia002185Vols,3119,1201,1484,201,78
574,342,1469,Shia002185Vols,3120,1,1028,781,84
574,1284,1450,Shamela0009873,1562,760,1022,102,46
574,346,839,JK009390,6809,936,1419,284,71
574,839,1469,JK009390,6810,1,650,494,93
574,449,1394,JK000916,10473,500,1444,737,97
574,1,186,JK000916,27520,1299,1489,146,96
574,186,566,JK000916,27521,1,340,242,77
574,1,365,Shamela0001686,2909,1170,1478,242,83
574,488,1469,Shia003695Vols,117,451,1284,606,74
574,497,948,JK009223,56,997,1428,327,90
574,958,1444,JK009223,57,1,478,374,93
575,140,511,Shamela0023833,726,164,605,226,57
575,511,1453,Shamela0035100,275,175,973,588,76
575,114,551,JK000786,4053,222,591,219,59
575,1,252,Shia003616Vols,2640,775,961,113,56
575,1,114,Shia003616Vols,5384,1295,1410,88,96
575,161,789,Shamela0025794,5021,6,693,249,41
575,140,511,Shamela0004445,1875,225,656,225,58
575,511,1184,Shamela0010906,459,939,1467,401,73
575,1188,1453,Shamela0010906,460,1,267,188,83
575,1,205,Sham19Y0127677,4758,715,884,99,61
575,511,1453,JK006838,1003,382,1225,617,80
575,511,846,Sham19Y0013667,4929,978,1220,174,63
575,482,863,Shia003732Vols,2549,1000,1410,187,46
575,482,822,Sham19Y0146127,2123,900,1178,182,62
575,511,851,Sham19Y0148486,3987,108,390,210,73
575,140,511,Shamela0006864,1494,918,1359,226,57
575,114,617,Shamela0009107,422,1,728,292,47
575,1,252,JK009390,6810,650,826,116,57
575,1,374,JK000916,10474,75,489,150,37
575,851,1178,JK000916,26534,1062,1424,200,65
575,1184,1394,JK000916,26535,6,211,164,97
575,1,492,Shamela0001686,1272,726,1243,229,47
576,948,1143,Shamela0012406,743,205,406,106,65
576,962,1190,Shamela0012406,755,686,911,161,82
576,957,1190,ShamIbadiyya0000109,6227,949,1108,96,48
576,307,679,Shamela0023833,730,1,269,162,50
576,981,1441,Shia003616Vols,285,901,1177,144,33
576,723,1102,Shia003616Vols,2736,707,1065,164,47
576,992,1441,Shamela0003118,90,1,450,354,99
576,1,261,Shamela0003118,2075,278,516,190,87
576,265,558,Shamela0009728,120,1111,1524,121,36
576,948,1428,Sham19Y0013252,6183,418,665,178,45
576,1,229,Shamela0010906,1410,502,691,148,77
576,1,247,Sham19Y0131336,1113,746,947,141,67
576,1,229,Sham19Y0127677,4614,397,599,163,85
576,1,229,Shia002265Vols,3373,417,619,163,85
576,140,640,Shamela0009784,1185,342,870,156,30
576,1,261,Shamela0010798,2616,1220,1463,193,89
576,942,1143,Shia003732Vols,2532,669,899,114,62
576,1,251,Shia003732Vols,2550,6,217,154,73
576,140,543,Shia003732Vols,2553,77,442,139,36
576,8,251,Shia003732Vols,2555,584,783,149,74
576,948,1441,Shia003732Vols,2564,286,699,233,48
576,952,1190,Shamela0010283,3615,980,1204,161,77
576,1,247,Sham19Y0148486,3987,467,686,160,76
576,942,1143,Shia003714Vols,507,620,845,111,61
576,265,640,Shia003714Vols,516,55,541,173,38
576,942,1428,Shia003714Vols,517,964,1274,211,53
576,942,1428,ShamAY0034441,348,1023,1341,197,48
576,38,229,Shamela0001438,6560,1,172,137,85
576,265,679,Shamela0006864,1498,701,965,166,47
576,981,1441,Zaydiyya0000037Vols,196,533,796,133,32
576,948,1190,Shamela0009873,1803,75,330,150,62
576,1,229,JK009390,6486,185,400,173,90
576,140,665,JK000916,348,674,1033,145,27
576,709,1441,JK000916,358,762,1495,569,97
576,261,622,JK000916,4218,219,325,79,28
576,1,261,JK000916,6051,32,276,197,90
576,942,1428,Shamela0021713,807,50,367,211,52
576,942,1143,Shamela0001686,506,43,233,95,56
576,942,1190,Shamela0001686,515,61,319,192,91
577,130,811,Shamela0012406,755,911,1226,197,34
577,130,779,ShamIbadiyya0000109,6227,1108,1477,230,40
577,1147,1540,Shamela0035100,290,641,983,264,83
577,1,397,Shia003616Vols,285,1177,1549,207,54
577,397,1412,Shia003616Vols,286,1,769,566,69
577,1,1133,Shamela0003118,90,450,1493,826,90
577,1133,1540,Shamela0003118,91,1,409,325,96
577,712,1167,Shamela0004445,1907,117,539,230,60
577,1147,1540,Shamela0004445,1908,10,390,290,88
577,1293,1540,Shamela0010906,475,1,224,178,88
577,363,1179,Sham19Y0145212,3733,159,475,212,30
577,130,523,Shamela0026568,257,1273,1498,136,38
577,523,1179,Shamela0026568,258,6,197,137,25
577,712,1126,Sham19Y0127677,5745,1103,1458,206,57
577,804,1167,Shia002265Vols,3379,475,832,210,65
577,1216,1540,JK006838,1022,5,327,254,95
577,130,811,Shamela0009784,1186,231,589,230,39
577,1,872,Shia003732Vols,2564,699,1503,348,38
577,872,1192,Shia003732Vols,2565,1,382,227,74
577,43,536,Shamela0010283,3615,1067,1497,179,34
577,651,1527,Shamela0010283,3616,16,281,181,25
577,91,1074,Shamela0012935,318,160,671,290,36
577,114,811,Sham19Y0145166,469,663,1049,194,31
577,130,1179,Shamela0023685,281,989,1418,270,30
577,37,531,Shia003714Vols,517,1064,1487,174,34
577,651,1532,Shia003714Vols,518,1,293,200,27
577,651,1243,ShamAY0034441,349,16,174,113,23
577,712,1167,Shamela0001438,7859,332,723,232,59
577,373,1192,Shamela0009873,1803,465,1199,377,50
577,14,1540,JK000916,359,1,1533,1206,96
577,712,1187,JK000916,361,857,1281,242,59
577,114,1532,Shamela0021713,807,356,877,338,29
577,114,1527,Shamela0001686,515,383,923,361,30
577,114,1527,Shamela0021715,6608,708,1249,362,30
578,804,929,Shamela0023833,893,1372,1474,70,64
578,668,1092,Shamela0009770,567,819,1484,211,37
578,652,1171,Shamela0021477,588,23,476,202,41
578,675,1289,JK011358,7,10,536,232,42
578,921,1252,Sham19Y0037618,2893,4,385,202,62
578,1,179,Shamela0003118,91,409,589,139,96
578,915,1293,Shamela0023100,227,55,512,189,46
578,1,165,Shamela0004445,1908,390,554,130,98
578,184,657,Shia001432Vols,11206,1361,1496,82,22
578,657,1406,Shia001432Vols,11207,1,501,344,54
578,649,1226,JK009408,794,995,1497,262,51
578,1,179,JK006838,1022,327,510,139,94
578,649,1252,JK006801,476,642,1193,279,50
578,804,1200,Sham19Y0007233,20,957,1477,177,40
578,567,1402,Shia003732Vols,2567,61,1453,464,40
578,179,499,Shia001285,71,1187,1486,232,89
578,499,1402,Shia001285,72,1,676,478,64
578,804,1356,Shamela0006864,1761,97,788,256,44
578,622,1230,Shia002185Vols,1105,899,1478,251,42
578,1,179,JK000916,360,1,179,140,98
578,179,1451,Shia001337Vols,112,747,1453,445,41
578,649,1226,Shamela0021765,1436,219,733,271,51
579,37,858,Sham19Y0017372,628,16,430,195,29
579,19,596,Shia003616Vols,286,946,1506,370,73
579,596,1401,Shia003616Vols,287,1,558,378,56
579,1,1006,Shia003616Vols,3136,29,1013,652,74
579,447,1427,Shamela0004445,1909,1,956,682,85
579,447,1395,JK006838,1022,616,1445,608,79
579,447,701,Shia003732Vols,2568,105,330,144,67
579,1092,1378,Shia003732Vols,2568,253,543,188,76
579,686,1170,Shia003732Vols,2569,121,706,229,40
579,507,1349,Shamela0009873,1804,465,1485,402,43
580,1197,1463,Shamela0000551,2899,1163,1417,130,49
580,1,1463,Shamela0012406,1349,589,1421,608,52
580,106,1375,Shamela0010664,982,572,1479,625,60
580,115,1463,Shamela0003118,5672,1,1369,1032,92
580,86,1463,Shamela0010906,1527,604,1330,539,48
580,1,1463,Shamela0000772,215,121,1105,754,64
580,594,1261,Shamela0011036,1434,272,545,183,34
580,451,1463,Shia003732Vols,2574,249,1271,647,70
580,1,1463,Shamela0012031,285,414,1245,578,49
580,1140,1463,Sham19Y0145166,472,298,576,141,47
580,1,891,Shia003714Vols,519,996,1473,365,51
580,929,1463,Shia003714Vols,520,7,484,358,84
580,740,1275,Shia002170Vols,229,414,695,183,42
580,516,945,Shamela0009873,1805,1181,1474,165,47
580,949,1463,Shamela0009873,1806,1,571,222,43
580,4,1066,JK000916,19544,853,1457,461,54
580,1066,1463,JK000916,19545,1,368,286,90
580,1,976,JK000916,19546,476,1487,755,92
580,976,1463,JK000916,19547,1,470,362,94
580,558,721,Shamela0021715,6615,1260,1415,111,85
581,190,1123,Shamela0000551,2900,1,641,457,61
581,1129,1312,Shamela0008473,1692,63,603,122,29
581,49,1123,Shamela0012406,1350,1,846,611,70
581,62,1123,Shamela0010664,983,104,877,563,65
581,148,1123,Shamela0003118,5673,1,986,661,74
581,1,391,Shamela0000772,215,1105,1446,244,76
581,391,1160,Shamela0000772,216,1,639,453,72
581,129,550,Shia003732Vols,2575,6,403,292,84
581,555,1108,Shia003732Vols,2576,1,649,192,26
581,154,524,Shamela0012031,285,1232,1446,149,50
581,524,1123,Shamela0012031,286,1,738,386,59
581,124,1108,Sham19Y0145166,472,531,1102,342,40
581,1,1115,Shia003714Vols,520,484,1409,609,62
581,475,883,Shamela0009873,1807,924,1323,233,63
581,1,1160,JK000916,19545,368,1353,700,73
581,1,914,JK000916,19547,470,1415,621,73
581,914,1123,JK000916,19548,1,206,162,97
581,559,814,Shamela0021715,6616,1,221,100,37
582,58,404,Shamela0000772,216,600,904,229,83
582,421,1047,Shia003732Vols,2582,491,1220,438,73
582,1054,1489,Shia003732Vols,2583,158,711,328,73
582,114,336,Shamela0012031,286,474,680,150,82
582,947,1366,Sham19Y0017437,1858,1123,1526,206,53
582,876,1489,Shamela0009873,1810,519,1075,316,56
582,1101,1424,JK009218,54,356,771,173,47
582,1292,1489,JK009218,55,218,363,111,70
582,455,1245,Shia002218Vols,501,348,721,213,33
583,1,853,Shia003732Vols,2583,711,1572,593,77
583,853,1170,Shia003732Vols,2584,1,363,239,80
583,1,169,Sham19Y0017437,1859,163,290,100,70
583,658,1103,Shamela0009873,1811,1,374,238,62
584,1081,1343,SHAM19Y23644,1289,1032,1488,182,47
584,1081,1424,Shia003732Vols,2097,840,1374,241,55
584,64,642,Shia003732Vols,2585,508,975,354,74
584,272,610,Shamela0009873,1809,166,505,144,38
585,65,1485,ShamAY0034073,1887,127,1527,1021,83
585,1219,1508,Shamela0003118,1311,1093,1347,198,86
585,189,454,Shia003636Vols,761,970,1229,177,79
585,15,660,SHAM19Y23644,1290,32,789,411,61
585,48,660,Shia003732Vols,2098,1,626,427,77
585,42,457,Sham19Y0145166,336,1088,1536,228,50
585,457,660,Sham19Y0145166,337,1,201,140,76
585,1214,1454,JK003609,2419,713,925,163,85
585,120,454,Shamela0009873,1567,18,376,206,68
585,1260,1508,JK000916,27423,1,227,176,89
586,104,238,Sham19Y0017816,107,1124,1290,77,49
586,923,1171,Shia003616Vols,289,287,631,135,47
586,104,746,ShamAY0034073,1920,1178,1452,219,42
586,64,375,SHAM19Y23644,1290,789,1006,140,55
586,923,1178,SHAM19Y23644,1290,1042,1338,128,42
586,130,1070,Shia003732Vols,2098,483,1536,547,57
586,1131,1546,Shia003732Vols,2099,1,438,271,69
586,18,280,JK000370,86,1092,1354,203,99
587,831,1066,Shamela0023833,732,618,949,173,65
587,847,1066,Shamela0004445,1916,99,382,166,72
587,1075,1395,SHAM19Y23644,1291,82,331,125,44
587,120,529,Shia003732Vols,2099,448,948,243,53
587,1075,1395,Shia003732Vols,2103,899,1236,241,90
587,1070,1406,Sham19Y0145166,340,230,532,215,78
587,831,1066,Shamela0006864,1512,636,965,170,64
587,1070,1454,Shia002185Vols,3682,1152,1507,249,81
588,112,251,Shamela0004473,5269,1424,1563,110,98
588,1160,1355,Shamela0001673,6299,569,822,94,39
588,850,1307,Shia003732Vols,2102,889,1388,329,80
588,1,148,Shia003732Vols,2103,1254,1403,110,92
588,148,494,Shia003732Vols,2104,1,319,241,89
588,1,1273,Shia002185Vols,3683,7,910,648,63
589,680,1433,Shia003732Vols,2102,10,752,491,78
589,1,541,Shia003732Vols,2103,114,730,267,42
589,1,813,Shia002185Vols,3683,935,1417,309,48
589,813,1433,Shia002185Vols,3684,1,566,385,77
590,565,768,Shamela0004473,5270,183,363,103,64
590,1109,1456,Shia003458,48,872,1445,194,40
590,1239,1450,Sham19Y0145435,5302,1,234,142,71
590,1049,1445,Zaydiyya0000295Vols,1962,475,870,210,59
590,1142,1433,Shamela0036446,864,846,1177,175,64
590,1214,1430,Shamela0022579,787,36,204,118,65
590,1043,1456,Shamela0023833,733,415,891,193,40
590,1043,1456,Shamela0035100,294,118,505,192,44
590,1043,1445,Shamela0009770,486,1090,1495,176,39
590,1049,1456,Shia003616Vols,3140,232,654,180,39
590,1220,1433,ShamIbadiyya0000193,1412,564,728,128,75
590,1220,1406,Shia002378,84,31,211,107,56
590,1049,1450,Shamela0004445,1914,1092,1514,195,45
590,1043,1456,Shamela0010906,478,887,1274,192,44
590,1035,1456,JK009408,1468,810,1243,188,39
590,1132,1456,JK009408,1523,36,365,167,54
590,1179,1456,Shia003710,131,1200,1470,155,59
590,1054,1456,Sham19Y0127677,5213,134,519,193,50
590,1054,1433,Tafsir09050,1457,448,786,178,52
590,1114,1433,Shamela0013068,263,977,1361,162,41
590,1132,1456,JK006838,1029,397,687,151,46
590,1049,1456,Zaydiyya0000373Vols,464,654,1192,217,47
590,484,1497,SHAM19Y23644,1291,549,1356,536,58
590,1169,1456,Shamela0009784,1190,960,1381,199,57
590,1049,1456,Sham19Y0018259,482,954,1400,208,48
590,1109,1456,JK009266,4464,395,661,183,63
590,1174,1456,Sham19Y0020989,1882,1104,1392,169,63
590,1043,1456,Sham19Y0020989,2483,408,850,193,40
590,1169,1456,ShamAY0034055,3726,1258,1520,178,69
590,1127,1433,Shia001782Vols,2014,145,498,179,55
590,480,905,Shia003732Vols,2099,1036,1440,213,52
590,820,1479,Shia003732Vols,2100,618,1367,407,60
590,1,119,Shia003732Vols,2102,752,872,87,93
590,1054,1456,Shamela0023789,1376,49,619,203,36
590,811,1456,Shamela0010283,3618,647,1137,279,48
590,876,1456,Sham19Y0146127,3324,682,1196,224,39
590,1043,1456,Shamela0012935,321,866,1334,191,40
590,1169,1456,Shia001353,148,215,474,175,69
590,1169,1456,Shia004030Vols,1540,1104,1387,178,65
590,1049,1456,Sham19Y0148486,6002,445,859,197,47
590,1049,1456,Shia002406Vols,3476,723,1104,179,41
590,1103,1456,Sham19Y0029560,148,590,927,189,55
590,1043,1456,Shia003714Vols,525,544,991,192,40
590,1220,1456,JK011068,144,163,377,151,72
590,1043,1456,Shamela0001043,1038,1002,1442,193,40
590,1054,1456,Shamela0001438,7244,415,798,193,50
590,1283,1456,Shamela0023614,451,1,127,95,69
590,1043,1456,Shamela0006864,1513,415,892,190,38
590,1049,1456,Shamela0012884,2311,101,451,177,44
590,1043,1482,Shia002185Vols,3681,940,1382,222,49
590,1,905,Shia002185Vols,3684,566,1324,415,50
590,1220,1456,Sham19Y0023618,2561,1223,1458,139,61
590,1220,1456,Shamela0023644,692,629,842,150,72
590,1049,1445,Shamela0023644,913,1082,1483,187,46
590,1220,1450,Shamela0009107,628,191,438,159,75
590,1220,1450,Shamela0009107,768,1098,1345,159,75
590,1049,1456,Shamela0012415,712,526,992,177,35
590,1209,1456,Shamela0021713,814,61,309,154,65
590,1049,1456,Shamela0023628,1579,757,1176,172,39
590,1043,1456,Shamela0023628,3759,922,1381,193,41
590,1272,1497,EShia0086596,111,1,248,121,52
590,1214,1497,JK000533,1752,20,300,158,60
590,1169,1456,Shia002702Vols,3776,767,1021,177,70
590,1179,1456,Shamela0023591,3565,1,287,158,60
591,887,1303,Shamela0009918,376,930,1188,170,48
591,92,1303,Sham19Y0017816,108,1,999,614,57
591,314,867,Shamela0023833,756,1,661,386,73
591,95,711,Shamela0009770,504,455,1299,373,51
591,178,609,Sham19Y0150966,1739,988,1498,297,73
591,140,867,Shamela0004445,1964,47,1008,497,65
591,86,329,Shia004649Vols,1702,1260,1489,108,55
591,140,649,Sham19Y0127677,4810,938,1440,249,51
591,95,673,Shia002265Vols,4311,842,1441,259,48
591,173,916,SHAM19Y23644,1312,647,1424,508,76
591,108,649,Shamela0002449,205,156,741,280,50
591,249,577,JK006908,6,926,1264,228,85
591,108,867,Shia003732Vols,2174,551,1398,483,68
591,140,729,Shia003732Vols,2661,835,1430,307,54
591,95,978,Shia003732Vols,2747,1,805,386,47
591,86,519,JK001233,122,859,1105,117,28
591,887,1374,JK007082,111,531,883,117,25
591,140,663,Shamela0009773,303,898,1218,194,44
591,209,609,Shamela0009773,2992,336,551,142,42
591,108,592,ShamAY0038465,25,1017,1506,237,49
591,592,1303,ShamAY0038465,26,1,276,186,33
591,178,609,Shia003714Vols,544,570,1018,255,67
591,100,867,JK003609,2311,7,752,448,60
591,199,609,JK003609,2313,5,446,288,82
591,95,625,Shamela0001438,6855,877,1431,237,47
591,100,711,Shamela0006864,1550,778,1475,380,63
591,254,609,Shamela0026484,117,91,400,225,79
591,1303,1449,Shia002185Vols,3684,1222,1359,99,83
591,86,798,Shia002185Vols,3703,696,1491,498,77
591,804,1411,Shia002185Vols,3704,1,647,379,66
591,150,663,Shamela0023700,123,918,1376,246,55
591,71,1411,JK000370,87,149,1303,759,64
591,881,1303,JK000370,349,682,1168,320,82
591,140,558,JK000916,7407,917,1389,176,39
591,887,1303,JK000916,7408,702,995,113,29
591,563,916,JK000916,7408,7,283,177,59
591,178,467,Shamela0006617,636,1250,1557,182,69
591,467,867,Shamela0006617,637,1,505,276,69
591,86,509,JK000533,101,714,1180,126,23
591,558,815,JK000533,102,17,324,185,74
591,457,867,JK000533,908,768,1178,272,83
591,1303,1449,Shia002218Vols,396,1354,1492,101,84
592,1,253,Shia003732Vols,2101,343,764,98,23
592,42,169,Shia003732Vols,2103,665,803,95,87
592,479,1458,Shia003732Vols,2104,290,1190,620,74
592,47,1231,Shia002185Vols,3685,1,1151,720,68
592,186,1231,Shamela0009873,1570,327,1069,291,30
593,13,497,Shamela0001515,359,607,890,158,36
593,213,497,Sham19Y0145435,1567,5,247,140,53
593,148,528,Shamela0012406,1266,979,1321,196,63
593,213,497,Shamela0023833,734,707,962,155,60
593,309,519,Shamela0035100,295,62,294,144,73
593,7,264,Shamela0035100,298,557,746,129,59
593,13,528,Shamela0009770,487,1112,1403,171,38
593,13,294,Shia003616Vols,289,1220,1484,166,66
593,294,1394,Shia003616Vols,290,23,916,601,65
593,314,519,Shia003616Vols,1438,1083,1288,132,70
593,223,528,Shia003616Vols,4393,594,895,182,74
593,13,746,Shamela0003118,2325,388,1177,564,89
593,309,519,Shia003636Vols,762,904,1092,107,59
593,314,941,Shamela0021766,4985,539,1003,243,44
593,213,528,Shamela0004445,1917,190,488,167,55
593,13,478,Shamela0004445,1919,706,1081,195,47
593,309,519,Shamela0010906,479,777,1009,144,73
593,7,264,Shamela0010906,482,1275,1465,129,59
593,158,528,Shamela0010906,1298,1077,1489,184,53
593,13,497,Shamela0005816,159,284,508,151,38
593,309,519,JK006838,1030,217,435,112,50
593,31,1049,SHAM19Y23644,1292,390,1438,665,72
593,148,544,Sham19Y0007233,166,287,635,207,64
593,1,497,Shia003732Vols,2104,1190,1449,166,39
593,731,1278,Shia003732Vols,2105,696,1349,288,46
593,54,478,Shia003732Vols,2105,238,817,215,41
593,54,528,Shia003732Vols,4988,516,998,225,55
593,213,544,Shamela0005748,32,165,479,188,70
593,148,544,Shamela0012031,433,609,978,202,61
593,13,528,Shia003714Vols,526,664,922,169,39
593,54,519,Sham19Y0014404,1672,689,1275,159,25
593,268,528,ShamAY0035990,677,918,1129,136,64
593,213,497,Shamela0006864,1514,536,791,155,60
593,333,519,Shamela0026484,415,81,347,130,58
593,7,324,Shia002185Vols,3685,1151,1476,221,78
593,324,1426,Shia002185Vols,3686,1,1018,727,82
593,13,497,Shamela0009898,166,945,1173,155,39
593,731,1262,Shamela0009873,1571,574,1252,225,34
593,48,478,Shamela0009873,1571,67,641,183,34
593,309,497,Shamela0009783BK1,1037,928,1116,103,55
593,13,497,ShamAY0034434,181,1249,1475,157,39
593,148,473,JK000916,26811,1132,1425,156,58
593,13,746,JK000916,26812,230,954,547,93
593,13,401,Shamela0021713,814,1358,1475,92,29
593,48,528,Shamela0001686,2755,649,1105,208,47
593,148,519,Sham19Y0127698,93,322,898,199,43
593,213,497,Shamela0023628,3760,1030,1278,155,61
593,314,519,Sham19Y0013769,2738,300,511,132,69
593,309,528,JK000533,3276,241,460,162,90
593,213,497,Shamela0000041,2838,576,825,155,61
593,148,528,ShamAY0034447,1659,200,549,198,63
593,213,528,Shamela0037325,177,659,970,178,68
593,213,528,Shamela0008362,624,582,949,173,50
594,99,644,Shia003616Vols,290,916,1404,331,72
594,644,1378,Shia003616Vols,291,7,657,453,76
594,529,690,Shamela0004445,1918,6,167,77,50
594,1,830,SHAM19Y23644,1293,270,792,336,50
594,1,429,Shia002185Vols,3686,1018,1436,282,78
594,429,1204,Shia002185Vols,3687,1,786,482,75
595,81,948,Shia003616Vols,291,664,1404,559,80
595,948,1447,Shia003616Vols,292,1,440,287,70
595,31,457,SHAM19Y23644,1293,856,1191,238,68
595,1,168,Shia003732Vols,2106,1239,1410,128,91
595,168,1117,Shia003732Vols,2107,1,1159,533,51
595,1088,1447,Shia003732Vols,2108,883,1203,191,55
595,20,637,Shia002185Vols,3687,823,1426,371,66
595,634,1353,Shia002185Vols,3688,1,730,520,87
595,56,613,Shamela0009873,1573,691,1051,192,41
596,962,1408,Sham19Y0145435,325,206,782,250,51
596,962,1458,Shamela0008473,1325,407,962,267,52
596,982,1451,Shamela0012406,1015,1,448,286,67
596,798,1458,Shamela0023833,895,28,823,278,34
596,798,1331,Shamela0035100,255,954,1488,208,38
596,1,921,Shia003616Vols,292,440,1383,524,58
596,962,1412,ShamAY0034282,3207,127,585,299,75
596,1158,1458,Shamela0025794,4564,10,344,186,60
596,723,1458,Shamela0003118,7820,172,809,382,57
596,883,1451,Shamela0023100,488,143,709,260,46
596,956,1458,Shamela0004445,1835,44,603,299,61
596,962,1408,ShamAY0033949,157,404,854,210,48
596,798,1451,Shamela0010906,440,321,1002,310,46
596,1006,1412,Shamela0008658,853,1,381,248,70
596,956,1451,JK006838,965,385,918,265,56
596,962,1408,Shamela0005803,187,1022,1440,280,74
596,966,1458,Shia001782Vols,2203,556,1084,265,53
596,837,1458,Shia003732Vols,2587,1,1020,385,45
596,1077,1408,Shia003732Vols,2628,29,404,192,56
596,956,1458,Shamela0021809,1531,591,1178,285,55
596,998,1408,Shamela0023623,889,691,1175,239,57
596,723,1458,Shamela0010283,3617,632,1241,371,54
596,956,1408,Sham19Y0146127,3175,493,895,235,57
596,962,1458,Shamela0009773,323,90,613,278,58
596,1043,1451,Sham19Y0148486,5776,1,420,225,61
596,962,1408,ShamAY0036736,162,526,959,210,50
596,723,1458,Shia003714Vols,522,97,783,379,54
596,987,1408,ShamAY0034054,857,1017,1511,236,55
596,962,1458,Shamela0009567,657,681,1209,262,53
596,962,1412,Shamela0026484,242,1012,1434,279,73
596,1121,1408,Shamela0012884,1418,1,343,175,58
596,95,783,Shia002185Vols,3688,772,1445,391,63
596,956,1408,Shamela0010480,1348,724,1247,255,55
596,406,742,Shamela0009873,1574,1021,1366,169,51
596,798,1341,Shamela0009873,1811,507,923,202,40
596,956,1451,Shamela0023700,2096,778,1320,280,58
596,1165,1408,Shamela0009783BK1,1030,26,323,155,60
596,962,1412,Shia001989,187,333,774,285,72
596,966,1412,JK000916,10541,1,430,214,51
596,962,1451,JK000916,10541,788,1435,286,51
596,723,1458,JK000916,26248,187,780,384,58
596,723,1458,Shamela0001686,516,832,1433,392,59
596,808,1345,Shamela0001686,1474,840,1421,258,45
596,956,1400,Shamela0021765,1989,717,1252,237,50
596,883,1377,Shia002702Vols,2082,701,1235,236,48
597,930,1497,Shamela0001515,360,698,1171,270,53
597,299,583,Shamela0004473,10030,387,711,139,45
597,85,620,Sham19Y0145435,329,777,1454,299,48
597,626,1504,Sham19Y0145435,330,10,837,545,70
597,188,609,Shamela0008473,4737,908,1446,272,61
597,626,1487,Shamela0008473,4738,38,854,539,70
597,216,650,Shamela0023833,736,869,1465,284,57
597,650,1487,Shamela0023833,737,1,799,549,75
597,64,566,Shamela0035100,296,26,426,170,37
597,896,1155,Shamela0022881,50,749,1133,156,48
597,85,1335,Shamela0009770,489,233,1458,669,56
597,85,1318,Shamela0007798,8884,23,1465,764,59
597,233,382,Shia003616Vols,292,1220,1359,108,91
597,382,1483,Shia003616Vols,293,87,1280,767,72
597,85,620,Shia003616Vols,3142,229,783,305,64
597,1146,1463,Shamela0008353,821,900,1313,220,63
597,188,1322,Shamela0004445,1922,201,1471,724,65
597,233,1060,Shamela0010695,157,53,942,319,37
597,233,1050,Shamela0009728,123,354,1100,249,32
597,973,1388,Tafsir03037,3063,1,374,173,45
597,188,739,Shia004092Vols,3214,1133,1546,217,43
597,225,553,Shia004092Vols,11107,121,513,203,62
597,85,959,Shia004092Vols,13198,730,1278,292,36
597,238,994,Shamela0005816,160,553,1446,484,62
597,994,1399,Shamela0005816,161,1,301,211,64
597,930,1388,Shamela0010273,3356,98,514,206,49
597,225,620,JK006838,1034,999,1397,232,61
597,85,566,Zaydiyya0000373Vols,232,884,1445,240,45
597,566,959,Zaydiyya0000373Vols,233,11,472,243,61
597,262,1463,SHAM19Y23644,1294,1,1002,559,52
597,85,382,Sham19Y0020989,253,1181,1491,133,45
597,238,485,Shia003732Vols,2109,255,769,157,37
597,490,1335,Shia003732Vols,2110,65,1449,517,42
597,1,382,Shia003732Vols,2587,1020,1419,145,33
597,161,758,Shia003732Vols,4297,498,1080,298,56
597,925,1155,Shamela0010283,1308,1238,1471,152,79
597,1,267,Shamela0010283,3617,1241,1489,158,68
597,161,1388,Shamela0010283,3621,12,1213,695,60
597,1231,1483,Shamela0010283,3623,290,590,187,75
597,299,1277,Shamela0012935,325,356,1480,596,59
597,1277,1497,Shamela0012935,326,1,222,145,78
597,85,758,Shamela0006590,419,225,920,316,48
597,1226,1388,ShamAY0036736,321,947,1103,118,90
597,293,1399,Shia003714Vols,528,17,1001,619,63
597,216,819,Shamela0006864,1516,700,1501,411,61
597,819,1487,Shamela0006864,1517,1,613,421,74
597,490,1483,JK001480,943,16,1073,382,37
597,82,1394,Shia002185Vols,3689,98,1399,860,73
597,353,1399,Shamela0009898,168,1,1003,630,66
597,233,431,Shamela0009873,1575,1162,1426,96,37
597,248,873,Shamela0009873,1576,419,1363,299,35
597,725,1184,Shamela0009873,1577,753,1191,175,37
597,216,873,Shamela0009783BK1,1039,750,1494,406,60
597,873,1504,Shamela0009783BK1,1040,5,536,352,66
597,238,1399,ShamAY0034434,183,136,1415,718,62
597,1,382,JK000916,26248,780,1174,141,32
597,165,999,Shamela0021713,816,366,1483,465,48
597,994,1388,Shamela0021713,817,1,451,196,46
597,53,382,Shamela0001686,517,1,287,106,27
597,1226,1487,Shamela0000041,2572,1247,1506,190,89
597,85,1039,Sham19Y0018147,595,318,1477,490,46
597,1090,1463,Sham19Y0018147,596,6,314,195,58
597,216,730,Shamela0008362,626,774,1483,347,59
597,730,1487,Shamela0008362,627,1,725,501,77
597,721,1388,Shia002218Vols,964,607,1281,201,27
597,194,857,Shia002218Vols,966,541,1521,416,48
598,42,290,Shamela0004473,5271,1042,1371,150,56
598,111,550,Shia003616Vols,293,1,420,229,52
598,511,806,Shia003616Vols,294,76,322,184,77
598,701,1358,Shamela0003722,862,230,489,132,25
598,255,550,Shia003732Vols,2109,591,928,142,46
598,521,730,Shia003732Vols,2111,1274,1491,161,90
598,832,1358,JK000916,11891,557,745,114,27
598,851,1424,JK000916,15392,1201,1372,107,24
598,521,1266,Shamela0001686,1523,270,882,192,23
599,739,1455,Shia003616Vols,294,377,645,209,35
599,53,318,Shia003616Vols,1627,1159,1487,193,70
599,318,1328,Shia003616Vols,1628,1,818,524,60
599,837,979,Shamela0003722,862,489,629,111,98
599,837,979,Shamela0003118,3636,1170,1335,113,86
599,744,1250,Sham19Y0122397,320,92,337,192,45
599,739,1121,Shia002185Vols,3682,575,796,173,53
599,837,979,JK000916,3694,658,800,113,100
599,843,1219,JK000916,8974,742,1101,143,35
599,837,979,JK000916,11891,745,910,113,86
600,448,1140,Shamela0000551,1144,462,1028,110,15
600,137,406,Shamela0035100,305,1,316,169,66
600,606,1140,ShamAY0033522,311,9,363,143,33
600,1,1022,Shia003616Vols,294,645,1566,321,27
600,1059,1463,Shia003616Vols,295,1,374,184,46
600,127,646,Shia003616Vols,3140,811,1479,167,24
600,646,1472,Shia003616Vols,3141,1,819,646,99
600,537,897,Sham19Y0006684,778,1201,1449,134,43
600,387,1140,Shamela0012399,1471,586,1078,108,14
600,127,406,Shamela0010906,489,722,1047,178,67
600,127,289,JK006838,1039,547,694,117,86
600,504,1140,Shia003732Vols,3604,555,975,168,32
600,606,1140,Shamela0001719,4070,9,346,143,34
600,174,601,Shia002185Vols,3690,1,212,134,38
600,480,601,Shamela0023644,915,53,174,96,100
601,13,489,Shamela0004473,5273,415,901,252,58
601,13,312,Shamela0023833,787,234,542,184,75
601,355,824,Shia003616Vols,295,172,598,137,25
601,1,618,Shia003616Vols,3141,819,1436,489,100
601,618,1128,Shia003616Vols,3142,1,519,226,43
601,83,312,Shamela0004445,2011,804,1064,156,75
601,66,267,JK006838,1108,761,963,121,66
601,355,1128,Shia003732Vols,2113,274,880,216,29
601,83,312,Shia003732Vols,2315,602,823,155,85
601,13,312,Shamela0006864,1608,1005,1321,180,72
601,70,567,Shia002185Vols,3690,270,747,273,65
601,130,384,JK001296,54,707,1010,163,66
601,130,256,Shamela0006617,646,1444,1569,97,96
602,289,645,Shia003616Vols,491,91,460,207,67
602,616,1463,Shia003616Vols,2073,232,987,468,66
602,348,645,Shia003616Vols,3837,996,1325,187,72
602,503,784,Shia003732Vols,2113,1,217,139,58
602,223,645,Shia003732Vols,2853,465,909,227,60
603,173,1240,Shia003616Vols,295,965,1448,348,40
603,1,536,Shia003616Vols,2073,987,1512,403,94
603,536,1445,Shia003616Vols,2074,1,874,544,66
603,1347,1477,JK000370,114,1,131,104,100
603,1244,1477,Shia002183,65,596,799,160,86
603,1343,1477,Shamela0001686,1280,323,457,107,100
604,411,1490,Shamela0004473,4727,296,1274,587,62
604,254,890,Shamela0012406,961,566,1132,231,34
604,616,1434,SHAM19Y23644,1738,106,705,328,46
604,411,1494,JK000370,114,1,1121,664,61
604,254,1104,Shia002183,65,675,1443,433,50
604,1010,1494,Shia002183,66,1,401,313,80
604,254,1424,Shamela0001686,1280,248,1494,598,47
605,16,410,Shamela0004473,4727,1274,1506,164,51
605,410,1427,Shamela0004473,4728,1,614,456,56
605,16,542,SHAM19Y23644,1738,655,1418,291,42
605,576,1379,SHAM19Y23644,1739,1,385,185,29
605,1,377,JK000370,114,1121,1503,298,97
605,377,1427,JK000370,115,1,710,502,58
605,1,1057,Shia002183,66,401,1452,790,91
605,1057,1427,Shia002183,67,1,356,267,90
606,1,903,Shamela0004473,4728,618,1450,599,78
606,543,688,Shamela0012406,962,4,117,87,74
606,283,688,Shia003616Vols,296,278,692,193,46
606,223,663,SHAM19Y23644,1739,413,808,246,62
606,283,688,Shamela0009784,320,445,782,177,45
606,283,688,ShamAY0033945,1632,733,1038,188,53
606,347,688,Shamela0009783BK4,10,793,1009,159,57
606,347,688,Shamela0012031,196,574,772,152,55
606,293,660,Shamela0025791,322,865,1159,154,46
606,1,1209,Shia002183,67,360,1526,919,93
606,347,688,Shamela0001686,1281,111,321,156,56
606,347,688,Shamela0006617,328,136,332,146,54
607,8,1145,ShamAY0038465,31,281,833,344,36
607,8,1220,JK000370,116,365,1448,786,78
608,486,1074,Shia003616Vols,296,864,1507,360,61
608,673,992,JK006856,230,417,784,184,55
608,486,964,Shia002185Vols,3690,668,1140,241,50
609,1096,1542,Shia003616Vols,297,69,434,181,44
609,634,1083,Shamela0036515,1541,1038,1545,317,71
609,539,1096,JK000916,10223,831,1506,407,73
609,551,1288,Shamela0001686,1468,1,882,480,65
610,84,888,Shamela0004473,10031,357,741,167,23
610,1,1138,Shia003616Vols,297,434,1509,527,45
610,920,1512,Shia003616Vols,298,1,535,350,66
610,1,275,JK006838,1045,600,866,148,60
610,1,349,Shia001782Vols,2022,693,1011,189,64
610,892,1196,Shia003732Vols,2117,1052,1428,223,74
610,940,1349,Shamela0012935,329,598,873,176,52
610,940,1314,Shamela0009873,1585,1069,1428,195,52
610,282,925,Shamela0001686,518,697,1090,187,30
611,872,1308,Shamela0012406,1116,8,340,247,70
611,970,1489,Shamela0023833,739,576,1264,329,58
611,1007,1179,ShamAY0034249,7509,974,1128,109,79
611,1,872,Shia003616Vols,298,535,1351,591,79
611,940,1329,Shamela0003118,2948,980,1457,191,45
611,701,1396,Sham19Y0127677,4816,847,1492,398,61
611,701,1505,Shia002265Vols,3343,138,899,485,65
611,271,840,JK006838,1049,1,634,345,59
611,1007,1179,Sham19Y0016934,7770,1182,1336,109,79
611,937,1505,Shia003732Vols,2116,223,963,346,56
611,174,876,Shia003732Vols,2119,589,1362,385,54
611,701,1505,Shamela0001438,6879,271,1054,483,63
611,970,1489,Shamela0006864,1519,273,961,329,58
611,1166,1485,Shia002185Vols,3691,1,320,216,80
611,390,1026,Shamela0009873,1587,258,952,321,46
611,883,1241,JK009390,6728,1180,1506,234,76
611,1263,1505,JK009390,6729,1,245,189,95
611,883,1454,JK000916,8969,170,879,270,43
611,872,1281,JK000916,8971,1039,1444,315,94
611,1281,1505,JK000916,8972,1,226,174,96
611,970,1489,Shamela0021713,818,485,1067,235,40
612,610,1388,Sham19Y0145435,333,1,849,371,46
612,49,1249,Sham19Y0145435,5307,136,1396,586,51
612,641,1388,Sham19Y0131521,4282,147,701,257,36
612,78,688,Sham19Y0131521,4284,862,1484,262,44
612,747,1348,Sham19Y0131521,4285,11,657,329,56
612,201,688,Shamela0036446,865,981,1459,210,43
612,747,1388,Shamela0036446,866,8,549,236,39
612,1,481,Shamela0012406,1116,366,721,256,66
612,353,1073,Shia001657Vols,59,890,1501,357,57
612,173,1384,Shamela0023833,740,72,1402,672,56
612,82,1388,Shamela0035100,306,1,1279,605,47
612,1,836,Shamela0010646,2107,796,1473,337,45
612,845,1388,Shamela0010646,2108,1,554,288,55
612,54,590,Shamela0009770,491,989,1488,212,37
612,590,1388,Shamela0009770,492,1,910,442,55
612,551,1388,Shia003616Vols,299,1,563,360,54
612,566,1388,Sham19Y0037618,6336,21,1067,433,48
612,590,1358,Sham19Y0017768,2843,898,1308,246,41
612,1,1182,Shamela0003118,2949,228,1431,556,49
612,1161,1388,Shamela0003118,2950,50,327,141,60
612,54,1016,Shia003636Vols,766,243,826,324,42
612,54,1212,Shia002389Vols,3319,426,1431,509,49
612,942,1388,Shamela0021766,4988,1,377,176,47
612,82,782,Shamela0004445,1931,139,987,242,26
612,791,1388,Shamela0004445,1932,1,752,352,54
612,73,561,Shamela0008657,305,971,1440,216,44
612,571,1358,Shamela0008657,306,1,920,439,53
612,414,1388,Shamela0010695,159,324,1305,358,35
612,358,1388,Shia001432Vols,8639,1,900,457,49
612,414,1358,Shamela0009728,125,343,1060,291,32
612,1,1050,Shamela0010906,490,571,1469,463,49
612,1058,1388,Shamela0010906,491,53,477,185,48
612,1,443,Shamela0006700,86,1056,1310,186,53
612,54,1241,Shamela0005816,162,223,1402,539,49
612,853,1388,JK009408,1134,1,301,154,32
612,753,1388,Shamela0026568,268,1011,1321,173,32
612,1,1291,Sham19Y0127677,4817,112,1404,974,93
612,1291,1388,Sham19Y0127677,4818,1,245,76,39
612,348,1388,Tafsir02096,2319,19,677,390,44
612,1,541,Shia002265Vols,3343,899,1448,409,92
612,541,1388,Shia002265Vols,3344,1,985,636,80
612,54,1259,JK006838,1043,323,1421,506,44
612,49,1249,Zaydiyya0000373Vols,234,267,1414,498,44
612,800,1388,SHAM19Y23644,1299,247,809,249,44
612,419,902,SHAM19Y23644,1299,1,328,207,53
612,255,1030,Kraken210630005153,7510,908,1513,353,54
612,54,952,Shia002359Vols,4623,787,1449,344,44
612,1,971,Shamela0009784,1197,424,1459,466,49
612,747,1161,ShamAY0033531,2138,1120,1460,226,65
612,1161,1388,ShamAY0033531,2139,1,330,133,46
612,566,1388,JK006801,1107,30,1076,433,48
612,82,1301,Sham19Y0007233,62,153,1272,541,46
612,1,443,Shia001782Vols,2016,1039,1458,198,47
612,419,1388,Shia001782Vols,2017,1,1059,531,57
612,1,265,Shia003732Vols,2116,963,1276,192,76
612,348,1241,Shia003732Vols,2117,34,1085,604,69
612,16,600,Shia002003Vols,1515,833,1459,269,46
612,600,1388,Shia002003Vols,1516,1,866,411,53
612,49,655,Shamela0010283,3627,782,1467,286,46
612,655,1388,Shamela0010283,3628,1,847,409,54
612,54,853,Shamela0012935,327,805,1471,280,38
612,853,1388,Shamela0012935,328,1,594,269,48
612,54,1123,Sham19Y0145166,347,565,1446,450,48
612,763,1388,Shamela0009780,625,765,1360,238,37
612,753,1388,Shamela0023685,292,369,679,175,32
612,54,681,Shia002406Vols,7838,953,1471,261,48
612,782,1388,Shia002406Vols,7839,78,670,313,55
612,59,1348,Shia003714Vols,530,192,1421,606,50
612,54,1207,JK000927,1375,333,1445,514,45
612,753,1388,Tafsir06049,6833,346,646,161,30
612,453,1388,Tafsir06049,6844,1,886,450,54
612,1,414,Shamela0001438,6879,1054,1486,320,93
612,414,1388,Shamela0001438,6880,1,1107,731,81
612,414,971,Shamela0021751,7009,141,568,219,45
612,49,457,Shamela0006864,1519,1031,1469,190,46
612,457,1388,Shamela0006864,1520,1,1077,538,58
612,353,971,Shia000107Vols,2919,49,503,208,36
612,1,1199,Shia002185Vols,3691,331,1440,749,75
612,1199,1388,Shia002185Vols,3692,1,188,140,95
612,54,626,Shamela0009898,169,945,1471,237,46
612,626,1388,Shamela0009898,170,1,885,379,48
612,1,1182,Shamela0010480,1659,199,1419,594,53
612,54,928,Shamela0009873,1583,557,1461,449,53
612,894,1358,Shamela0009873,1584,117,705,240,48
612,566,1388,Shamela0009783BK1,1043,20,840,375,46
612,433,971,Shamela0013073,193,1,508,227,46
612,345,1388,Shamela0001733,1683,7,1233,597,57
612,1,1334,JK009390,6729,245,1430,891,83
612,353,1388,ShamAY0034434,185,63,1166,484,45
612,1,481,JK000916,8969,890,1450,231,48
612,571,1388,JK000916,8970,5,988,436,50
612,1,1295,JK000916,8972,226,1411,879,83
612,405,1388,Shamela0021713,819,1,975,524,57
612,551,1388,Shamela0006617,623,233,785,162,20
612,1,1358,Shamela0021765,1616,253,1439,538,43
612,54,845,Shamela0023628,3763,695,1486,353,47
612,826,1388,Shamela0023628,3764,1,687,306,49
612,119,1388,Shamela0000041,2841,25,1325,590,48
612,332,976,Shia001615Vols,2559,147,539,213,39
612,63,1388,Sham19Y0018147,597,127,1221,547,47
612,101,1388,Shamela0008362,629,1,1372,636,51
613,641,934,Shamela0004473,10031,1261,1493,137,51
613,1,300,Shia003725,18,27,300,165,69
613,1,306,Shamela0009790,324,1,288,161,66
613,1,485,Sham19Y0145435,333,849,1344,217,43
613,1,725,Sham19Y0145435,5308,164,852,385,62
613,1,575,Sham19Y0131521,4285,729,1267,294,59
613,1,414,Shamela0036446,866,396,804,217,63
613,1,485,Shamela0012406,1116,909,1376,339,89
613,1,725,Shamela0023833,741,5,702,377,55
613,156,575,Shamela0035100,307,11,452,180,41
613,1,763,Shamela0010646,2108,554,1065,270,43
613,1,535,Shamela0009770,492,910,1383,248,50
613,1,306,JK000778,1104,417,705,168,68
613,1,278,Shia001626Vols,183,1158,1442,177,76
613,1,575,Shia003616Vols,299,563,1099,375,83
613,601,1415,Shia003616Vols,300,316,1101,327,37
613,946,1182,Shia003616Vols,2074,682,968,135,57
613,1,466,Sham19Y0037618,6336,874,1397,280,61
613,135,648,Shamela0003118,2950,297,981,230,35
613,524,1434,Shamela0003118,2951,151,1134,709,89
613,1,503,Shia003636Vols,766,947,1338,178,41
613,1,300,Shia002389Vols,3320,149,419,154,64
613,1,385,Shamela0021766,4988,377,699,184,61
613,1,606,Shamela0004445,1932,752,1340,278,45
613,1,278,Shamela0010695,159,1135,1416,163,69
613,1,300,Shia001432Vols,8639,900,1169,153,63
613,1015,1434,Shia001432Vols,8642,225,639,248,64
613,135,575,Shamela0010906,491,447,1051,195,33
613,1,701,Shamela0005816,163,216,847,348,58
613,1,575,JK009408,1134,301,814,285,60
613,1,1434,Sham19Y0127677,4818,95,1417,1026,89
613,1,683,Tafsir02096,2319,677,1003,193,34
613,1,557,Shia002265Vols,3344,831,1372,409,93
613,557,1434,Shia002265Vols,3345,1,879,686,97
613,135,648,JK006838,1044,90,772,230,35
613,1,725,Zaydiyya0000373Vols,235,145,761,349,60
613,1,185,SHAM19Y23644,1299,1014,1148,82,59
613,1,725,Kraken210630005153,7511,411,1083,359,53
613,1,300,Shia002359Vols,4624,375,645,156,64
613,1,466,Shamela0009784,1198,246,698,244,63
613,390,690,Shamela0009784,1198,862,1172,191,73
613,1,385,ShamAY0033531,2139,330,738,221,63
613,1,485,JK006801,1107,883,1362,288,68
613,1,278,Sham19Y0007233,63,825,1090,157,68
613,273,694,Sham19Y0007233,64,115,498,215,60
613,1,319,Shia001782Vols,2017,1059,1374,183,69
613,328,725,Shia001782Vols,2018,1,349,196,57
613,1,592,Shia003732Vols,2119,220,813,263,43
613,982,1430,Shia003732Vols,2121,462,1109,272,51
613,1,531,Shia002003Vols,1516,866,1380,290,63
613,1,575,Shamela0010283,3628,847,1355,271,51
613,1,300,Shamela0010710,15,786,1059,169,71
613,1,648,Shamela0012935,328,594,1264,285,44
613,1,662,Sham19Y0145166,348,369,966,286,45
613,1211,1394,Sham19Y0145166,349,6,167,90,60
613,1,520,Shamela0023685,292,679,1104,266,63
613,1,300,Shia002406Vols,7839,670,940,156,64
613,1,690,Shia003714Vols,531,79,703,323,50
613,1,516,Tafsir06049,6833,646,1065,262,63
613,1,185,Shamela0012320,1161,1346,1504,88,62
613,1,531,Shamela0001438,6880,952,1380,330,79
613,531,1434,Shamela0001438,6881,1,908,706,97
613,1,575,Shamela0021751,7009,698,1187,257,52
613,1,295,Shamela0006864,1520,1077,1375,185,76
613,300,725,Shamela0006864,1521,7,395,223,60
613,1,300,Shamela0028182,122,26,308,162,66
613,1,1415,Shia002185Vols,3692,188,1360,753,63
613,1,575,Shamela0009898,170,885,1341,267,59
613,1,694,Shamela0010480,1660,283,945,392,67
613,1,278,Shamela0009873,1585,740,994,156,66
613,629,1394,Shamela0009873,1588,374,1079,182,21
613,1,485,Shamela0009783BK1,1043,840,1318,217,44
613,163,690,Shamela0001733,1684,1,488,283,62
613,1,1434,JK009390,6730,33,1425,1047,90
613,1,238,ShamAY0034434,185,1166,1393,140,76
613,1,414,JK000916,8970,988,1347,191,55
613,1,1292,JK000916,8973,94,1423,966,88
613,1,485,Shamela0021713,819,975,1383,256,64
613,503,690,Shamela0021713,820,11,204,95,53
613,1,385,Shamela0006617,623,683,987,174,55
613,1,701,Shamela0021765,1617,137,815,424,71
613,1,263,Zaydiyya0000025,97,1323,1587,169,79
613,1,678,Shamela0023628,3764,687,1366,383,63
613,135,975,EShia0086596,114,323,1261,313,34
613,94,690,Shamela0000041,2842,1,578,347,67
613,40,725,Shamela0008362,630,1,724,377,58
614,1,759,Shia003616Vols,300,1113,1499,275,43
614,417,1451,Shia003616Vols,301,1,892,656,78
614,1,326,Shamela0003118,2951,1134,1460,255,98
614,326,1451,Shamela0003118,2952,1,1098,830,92
614,1,990,Shia001432Vols,8642,639,1459,579,71
614,990,1316,Shia001432Vols,8643,12,332,229,86
614,27,1451,Sham19Y0127677,4819,1,1262,956,83
614,1,606,Shia002265Vols,3345,879,1487,458,94
614,606,1451,Shia002265Vols,3346,1,857,659,96
614,1,240,Shia003732Vols,2121,1115,1531,151,45
614,240,1316,Shia003732Vols,2122,1,1280,608,50
614,19,838,Sham19Y0145166,349,167,645,240,33
614,1,745,Shamela0001438,6881,908,1475,433,73
614,745,1451,Shamela0001438,6882,1,714,541,94
614,77,1316,Shia002185Vols,3693,8,1130,779,76
614,31,1451,JK009390,6731,1,1440,1081,93
614,1,1303,JK000916,8974,147,1452,1008,96
614,1303,1451,JK000916,8975,1,174,116,84
615,1082,1445,ShamAY0035950,811,1098,1461,290,100
615,1076,1476,Shamela0009790,218,11,499,257,59
615,1082,1385,JK000778,357,1154,1479,190,68
615,6,861,Shia003616Vols,301,907,1510,407,55
615,927,1385,Shia003616Vols,302,16,403,225,57
615,1,347,Shamela0003118,2952,1098,1433,262,95
615,347,1476,Shamela0003118,2953,1,1136,884,96
615,1,1362,Shia001432Vols,8643,114,1354,633,46
615,1,171,Sham19Y0127677,4819,1262,1432,125,89
615,171,1476,Sham19Y0127677,4820,6,1317,1002,93
615,1,590,Shia002265Vols,3346,857,1451,453,93
615,590,1471,Shia002265Vols,3347,1,860,680,96
615,1214,1476,Sham19Y0007233,65,1,258,183,84
615,27,216,Shia003732Vols,2122,1280,1586,136,54
615,219,1301,Shia003732Vols,2123,1,827,492,51
615,1082,1476,Shamela0010283,3630,705,1167,250,62
615,1082,1402,Shia003714Vols,533,934,1276,192,65
615,1,732,Shamela0001438,6882,714,1469,564,90
615,732,1476,Shamela0001438,6883,1,718,560,94
615,27,293,Shia002185Vols,3693,1130,1437,146,50
615,293,1476,Shia002185Vols,3694,1,1073,706,67
615,19,1476,JK009390,6732,1,1403,1048,86
615,6,1314,JK000916,8975,178,1476,1010,95
615,1117,1402,Shamela0008362,661,11,309,168,65
616,761,1407,Shamela0004473,10032,82,581,321,61
616,1,508,ShamAY0035950,812,32,539,401,99
616,1,217,Shamela0009790,218,505,736,143,74
616,217,483,Shamela0009790,218,1228,1507,180,78
616,1,217,JK000778,358,88,310,142,72
616,217,750,JK000778,358,947,1504,266,51
616,1,1202,Shia003616Vols,302,428,1451,636,58
616,1202,1416,Shia003616Vols,303,1,166,126,76
616,1,340,Shamela0003118,2953,1136,1476,253,91
616,340,675,Shamela0003118,2954,1,287,137,40
616,1,123,Shia001432Vols,8643,1382,1501,83,79
616,1,180,Sham19Y0127677,4820,1317,1479,115,82
616,180,675,Sham19Y0127677,4821,1,503,294,63
616,1,675,Shia002265Vols,3347,860,1415,413,75
616,217,508,Sham19Y0020989,1389,1112,1429,197,78
616,1,293,Sham19Y0007233,65,258,539,177,72
616,217,776,Shia003732Vols,2125,397,815,251,50
616,1,637,Shamela0010283,3630,1167,1410,160,30
616,213,512,Shamela0010283,3631,580,901,205,78
616,1,170,Shia003714Vols,533,1281,1441,109,76
616,1,508,Shamela0001438,6883,718,1226,383,91
616,1,278,Shia002185Vols,3694,1073,1338,165,65
616,646,1345,Shia002185Vols,3695,19,665,370,61
616,1,464,Shamela0009873,1591,52,592,208,44
616,48,429,Shamela0023700,931,745,1188,139,30
616,85,508,JK009390,6733,1,346,251,73
616,1,723,JK000916,8976,163,935,421,58
616,1,260,Shamela0008362,661,314,613,148,56
617,1,1215,Shia003616Vols,303,166,1304,578,46
617,948,1308,Shia003732Vols,2130,15,409,268,86
617,275,813,Shia003732Vols,2131,703,1433,372,62
617,968,1308,Sham19Y0017437,930,589,952,252,87
617,1,745,Shia002185Vols,3695,526,1451,435,53
617,745,1308,Shia002185Vols,3696,1,410,306,67
617,1279,1477,Shia002185Vols,3696,804,1026,114,60
618,770,1460,Shamela0012406,760,15,838,353,45
618,926,1157,ShamAY0034249,7329,841,1089,136,63
618,877,1144,ShamAY0034249,7512,764,1059,158,63
618,770,1460,Shia003616Vols,304,5,922,480,62
618,829,1041,Sham19Y0123665,2436,1344,1540,122,63
618,1041,1176,Sham19Y0123665,2437,1,126,96,88
618,711,1318,Kraken210630005153,7513,17,500,122,18
618,682,866,Sham19Y0020989,254,739,950,81,39
618,877,1144,Sham19Y0016934,7773,695,990,159,63
618,672,1169,JK009242,398,811,1519,243,38
618,829,1157,Shamela0010283,3633,122,512,211,64
618,872,1163,Shamela0009773,297,397,683,162,63
618,829,1071,Shamela0001349,400,711,986,145,59
618,1,405,Shia002185Vols,3696,1026,1461,261,67
618,410,1447,Shia002185Vols,3697,1,696,465,53
618,726,1460,Shamela0001686,519,1,568,360,55
618,1218,1452,Shamela0001686,2603,455,645,145,74
619,113,1398,Shia003616Vols,305,177,1222,596,49
619,770,1362,Shia003732Vols,2127,759,1164,285,58
619,16,331,Shia003732Vols,2132,342,1063,255,43
619,340,539,Shia003732Vols,2133,230,513,147,65
619,8,1175,Shia002185Vols,3697,689,1498,545,54
619,1394,1537,Shia002185Vols,3698,1,147,109,93
619,952,1169,JK000370,111,1310,1483,123,71
619,331,764,JK000533,613,29,370,237,64
619,621,764,JK000533,2076,711,813,68,54
620,1190,1462,Shia003616Vols,306,20,325,116,37
620,1335,1462,Shamela0000427BK2,6875,491,640,88,69
620,1335,1462,Shamela0011428,1858,783,932,99,85
620,126,447,Shia003732Vols,2132,1231,1558,163,48
620,671,1290,Shia003732Vols,2134,224,784,297,52
620,943,1331,Shia003732Vols,2134,1159,1483,178,55
620,1,1462,Shia002185Vols,3698,147,1170,617,49
620,674,1124,Shamela0009873,1597,574,1025,233,54
621,1,1406,Shia003616Vols,306,325,1309,474,34
621,1055,1491,ShamAY0034282,1256,12,346,204,55
621,1,298,Shamela0000427BK2,6875,640,863,177,74
621,1190,1406,Shamela0021744,3280,807,1004,110,58
621,1190,1491,Shamela0011428,1467,837,1044,123,50
621,1,294,Shamela0011428,1858,932,1155,177,75
621,1,368,Shia003732Vols,2135,690,1049,240,72
621,1194,1384,Shamela0008176,5034,1293,1448,101,64
621,1,298,Shia002185Vols,3698,1170,1441,204,85
621,589,1491,Shia002185Vols,3699,1,767,578,78
621,1062,1491,JK009218,163,827,1131,193,54
621,1190,1491,Shamela0001733,4996,315,694,139,37
621,1,583,JK003504,341,434,874,266,52
621,1190,1406,JK003504,341,913,1122,154,84
621,1190,1406,JK000299,2812,377,574,110,58
622,1,369,Shia003616Vols,306,1161,1477,224,73
622,603,1532,Shia003616Vols,307,9,765,323,33
622,1226,1553,Shia003616Vols,1662,24,332,234,86
622,1,603,ShamAY0034282,1256,346,955,276,41
622,61,793,Shamela0003118,1607,351,829,310,48
622,47,793,ShamAY0033945,1660,745,1264,313,46
622,504,1222,Shia003732Vols,2138,813,1520,341,43
622,1222,1553,Shia003732Vols,2139,1,323,259,94
622,1272,1539,Shamela0012935,338,1258,1484,171,73
622,1,924,Shia002185Vols,3699,767,1515,496,63
622,924,1539,Shia002185Vols,3700,1,514,358,67
622,1,335,JK009218,163,1131,1456,200,65
622,1,312,Shamela0001733,4996,694,1326,167,30
622,113,305,Shamela0001733,5000,5,566,99,22
622,70,335,JK003504,341,1044,1280,176,82
623,192,326,Shamela0006624,151,121,250,97,87
623,51,806,Shia003616Vols,307,802,1527,405,51
623,806,1254,Shia003616Vols,308,1,502,332,82
623,1,515,Shia003616Vols,1202,639,1246,399,80
623,1,680,Shia003616Vols,1662,332,1043,530,93
623,1,326,Shamela0008476,698,1257,1432,138,51
623,950,1177,ShamAY0032379,514,574,778,150,84
623,1202,1476,Shamela0003118,4320,700,952,194,86
623,65,510,Shamela0021766,4992,5,476,210,48
623,481,891,Shamela0021766,4992,447,901,204,52
623,1177,1476,Shamela0005803,193,1131,1443,189,66
623,1,721,Shia003732Vols,2139,663,1555,382,47
623,721,1476,Shia003732Vols,2140,1,783,409,59
623,1192,1476,Shia003732Vols,2142,163,399,156,68
623,950,1137,Kraken2106220218081,734,1345,1496,114,78
623,940,1221,Shamela0005539,50,130,436,190,76
623,336,940,Sham19Y0016636,998,710,946,153,31
623,945,1476,Shia002185Vols,3700,801,1240,291,65
623,16,326,Shia002185Vols,3700,514,794,216,81
623,1177,1476,Shamela0023644,696,559,861,188,69
623,940,1221,Shamela0009873,1598,1181,1436,143,56
623,336,876,JK003504,66,1017,1479,317,68
623,940,1177,JK003504,67,6,249,179,95
623,1177,1457,JK003504,162,77,397,177,64
623,1147,1476,JK000916,14692,1020,1355,245,91
623,1,326,Shamela0001686,519,1098,1273,138,51
623,340,1177,Shamela0008362,844,1,470,284,39
624,667,1247,Shia001887Vols,1122,739,1399,218,35
624,1,479,Shamela0003118,4320,952,1489,361,82
624,479,1494,Shamela0003118,4321,1,575,445,53
624,824,1087,Sham19Y0127677,4942,1053,1349,191,78
624,66,1277,SHAM19Y23644,1309,194,1237,590,52
624,85,873,Shamela0005803,194,79,788,423,61
624,78,696,Shia003732Vols,2142,588,1408,283,35
624,824,1041,Shamela0001438,6907,866,1086,169,95
624,41,465,Shia002185Vols,3700,1137,1539,251,67
624,469,1475,Shia002185Vols,3701,6,654,389,45
624,1,691,Shamela0023644,696,861,1476,378,67
624,343,696,Shamela0009873,1625,50,389,111,26
624,831,1247,Shamela0001733,229,710,1102,148,39
624,824,1065,JK009390,6910,588,841,149,64
624,1,581,JK003504,162,397,935,389,81
624,570,742,JK003504,163,372,525,106,71
624,1,108,JK000916,14692,1355,1462,86,100
624,108,1494,JK000916,14693,1,1401,1083,95
624,41,581,Shamela0008362,680,1,545,388,85
624,518,742,Shamela0008362,683,665,877,134,68
625,162,442,Shamela0004473,5396,336,628,152,57
625,1,654,Shamela0004473,5398,768,995,162,31
625,348,654,Shia002616Vols,541,971,1277,171,68
625,363,654,JK000786,2481,836,1226,177,54
625,371,601,JK000786,4037,1252,1471,145,79
625,371,662,JK009324,1295,127,488,148,45
625,635,1483,Shia003616Vols,309,504,959,318,45
625,382,614,Sham19Y0037618,6224,745,1019,157,74
625,1,187,Shamela0003118,4321,575,823,125,60
625,158,654,Shamela0021537,1123,147,687,184,37
625,382,614,JK000021,1810,911,1167,176,87
625,397,614,Shamela0001673,6318,944,1134,126,67
625,371,691,Shamela0001456,145,150,464,166,65
625,1061,1407,Shamela0011428,1674,428,681,181,66
625,439,654,Shamela0026568,281,848,1109,106,48
625,467,654,Sham19Y0127677,4231,1,229,103,51
625,434,654,Shia002265Vols,1476,1081,1331,121,55
625,371,614,Sham19Y0013667,5535,703,920,136,69
625,382,614,Sham19Y0013667,5536,365,542,108,59
625,401,654,JK006801,1067,1,315,158,63
625,467,1054,Shamela0005803,194,504,982,334,67
625,1,654,Shia003732Vols,2143,607,1041,180,26
625,811,1480,Shia003732Vols,2148,134,1077,332,36
625,162,614,JK007049,32,417,844,204,55
625,371,614,Shia002003Vols,1890,1111,1334,145,74
625,439,654,Shamela0023685,305,102,382,108,47
625,439,620,Shamela0001438,6126,1184,1346,102,69
625,439,654,ShamIbadiyya0000438,452,514,788,122,53
625,371,614,Shamela0000894,1770,1208,1457,144,69
625,24,1430,Shia002185Vols,3701,641,1489,546,45
625,197,363,JK003504,98,1,152,120,89
625,620,1213,JK003504,162,951,1471,349,72
625,439,614,Shamela0006617,635,851,990,78,57
625,371,614,Shamela0021765,1910,1143,1374,141,72
625,382,614,Shamela0008362,195,989,1224,136,68
625,371,830,Shamela0008362,210,602,1074,194,46
625,805,1336,Shamela0008362,682,489,918,160,29
625,918,1402,Shia002218Vols,489,508,902,190,38
626,1082,1405,Shamela0001515,366,832,1087,172,61
626,1,146,Shia002945Vols,895,327,442,91,79
626,1082,1405,ShamAY0034443,166,459,736,168,55
626,1,828,Shia001421Vols,171,604,1013,238,33
626,431,838,Sham19Y0018176,1579,666,991,208,60
626,431,838,Sham19Y0143167,36,668,1071,244,70
626,415,838,Sham19Y0013605,3296,227,573,214,59
626,463,838,Shamela0022579,322,1,390,211,62
626,198,596,Shamela0023833,748,1,524,185,34
626,771,1350,Shia002231Vols,433,945,1437,205,36
626,1,560,Shia003616Vols,309,959,1492,416,92
626,609,1510,Shia003616Vols,310,1,853,678,92
626,1,238,Shamela0003118,2820,1008,1199,136,67
626,972,1142,Shamela0007891,1659,42,171,79,59
626,104,838,Kraken2108092202141,1155,1,768,400,59
626,142,332,Shamela0021766,4993,934,1144,129,71
626,838,1335,Shamela0021766,4993,1144,1505,273,66
626,33,596,Shamela0004445,1949,611,1227,204,30
626,415,838,Shamela0004445,1955,747,1089,211,59
626,62,661,Shia001432Vols,8664,822,1203,181,35
626,1,146,Shia001432Vols,8667,458,573,91,79
626,415,838,Sham19Y0013252,6674,903,1249,214,59
626,174,403,Shamela0005816,166,951,1197,153,71
626,33,403,ShamAY0038086,51,1027,1423,183,49
626,431,838,Sham19Y0127677,496,839,1141,201,58
626,168,403,Kraken210630005153,7514,345,601,149,67
626,431,596,Shamela0009784,1216,667,1001,115,44
626,415,744,Sham19Y0018103,2715,1168,1467,177,61
626,431,838,Sham19Y0013667,4084,1018,1344,208,60
626,962,1335,Sham19Y0013667,6305,127,805,151,23
626,168,403,Sham19Y0007233,265,598,757,97,51
626,1,828,Shamela0012221,36,748,1348,269,36
626,1,238,JK011302,105,918,1109,136,67
626,1,209,Shia003732Vols,2148,1090,1409,156,60
626,213,1531,Shia003732Vols,2149,1,1522,1004,79
626,168,596,Shamela0010283,3637,117,636,197,36
626,1,828,Shia000317Vols,6491,358,815,239,32
626,431,838,JK000110,1111,689,1012,208,60
626,174,403,Shamela0010437,146,643,912,150,66
626,168,403,Shia003714Vols,540,508,762,151,67
626,431,716,Sham19Y0133413,33,604,890,130,50
626,474,838,Tafsir06049,668,321,668,232,78
626,515,838,Shamela0001438,1275,1,203,135,50
626,62,694,ShamIbadiyya0000438,467,892,1564,322,50
626,62,596,ShamIbadiyya0000438,468,833,1203,110,24
626,33,596,Shamela0006864,1527,770,1468,229,32
626,198,661,Shia002356Vols,1438,1,243,116,29
626,1,1405,Shia002185Vols,3702,54,1297,916,77
626,1,671,JK001493,250,24,435,184,32
626,168,427,Shamela0009898,174,179,544,177,57
626,415,838,Sham19Y0016584,3039,122,468,214,59
626,863,1249,Shia002032,91,1123,1436,150,43
626,1086,1361,Shamela0009873,1623,1266,1472,150,64
626,431,838,Sham19Y0018106,2815,993,1318,208,60
626,431,838,Shamela0005756,11000,360,679,204,59
626,168,734,ShamAY0034434,189,258,1264,257,28
626,1,928,JK003504,307,334,1307,528,56
626,1,828,Shia001122Vols,1725,973,1337,243,36
626,1,238,JK000916,27758,520,711,136,67
626,174,439,Shamela0021713,823,387,757,167,53
626,168,403,Shamela0023628,3768,636,896,145,64
626,431,838,Shamela0021715,6544,455,777,208,60
626,786,1350,Sham19Y0001729,2011,501,981,192,35
626,11,403,ShamIbadiyya0000155,75,1158,1474,197,56
626,403,838,ShamIbadiyya0000155,76,17,606,232,45
627,368,851,Shamela0009770,433,1,533,208,40
627,20,870,Shia003616Vols,310,889,1498,409,57
627,1,249,Shia003616Vols,3147,1180,1460,193,83
627,249,851,Shia003616Vols,3148,1,751,472,78
627,363,851,Shamela0003118,4319,692,1339,219,37
627,284,762,Shamela0021766,998,355,926,231,44
627,743,1152,ShamIbadiyya0000433,627,1063,1491,217,54
627,284,721,Shamela0026568,278,714,1248,226,48
627,1,439,SHAM19Y23644,1309,947,1438,292,71
627,363,851,SHAM19Y23644,2459,538,1090,214,38
627,870,1440,Shamela0009784,1207,43,643,333,58
627,284,721,Shamela0009784,1212,860,1412,224,47
627,358,711,Sham19Y0007233,265,1106,1482,166,48
627,284,851,Shia003732Vols,2151,10,689,244,38
627,284,762,Shia003732Vols,4299,72,607,197,38
627,870,1440,Shamela0005539,46,674,1294,327,56
627,306,851,Shamela0023685,302,1,625,214,34
627,284,721,Shamela0006590,426,740,1226,177,37
627,504,851,Shia003714Vols,541,135,539,186,49
627,284,851,Tafsir06049,6839,463,1177,239,38
627,400,851,Shia002185Vols,3703,1,391,244,64
627,189,411,Shamela0023644,698,237,414,126,67
627,557,919,Shamela0009873,1629,754,1050,136,40
627,870,1440,JK003504,61,847,1395,321,58
627,20,798,JK003504,163,272,1181,487,58
627,363,693,JK000916,14689,1080,1458,165,51
627,1,817,JK000916,14694,88,945,646,93
627,504,851,Shamela0021713,824,122,561,155,34
627,863,1256,Shamela0006617,191,1063,1486,251,65
627,284,721,Shamela0006617,632,751,1283,222,47
627,863,1335,Shamela0008362,601,527,1093,320,66
627,1,497,Shamela0008362,684,238,986,285,42
627,199,863,Shamela0008362,685,72,957,284,36
628,6,593,Shia003616Vols,311,7,605,386,75
628,1,568,Shia003732Vols,2138,429,1041,423,83
628,388,534,Shia003732Vols,2150,134,304,117,85
628,1,254,Shamela0009873,1594,1298,1514,151,72
628,309,568,Shamela0009873,1595,844,1109,97,30
628,945,1415,JK000370,131,359,990,272,47
628,985,1386,Shamela0001686,1327,235,554,233,74
628,985,1386,Shamela0005416,135,693,1032,227,69
629,1296,1468,Shamela0005539,50,550,717,133,97
629,948,1536,JK003504,67,297,861,409,78
629,380,948,Shamela0001686,1327,71,927,362,51
629,478,959,Shamela0005416,135,964,1434,309,77
629,1136,1424,Shamela0008362,844,644,908,152,61
630,56,378,Shamela0004473,14005,577,838,156,57
630,122,378,Sham19Y0127700,227,12,241,154,73
630,52,401,Sham19Y0127677,3508,475,818,188,57
630,122,252,Sham19Y0127677,19285,1,139,102,94
630,52,378,Shia002265Vols,4607,29,347,180,58
630,145,559,SHAM19Y23644,1321,1,325,185,54
630,45,240,Shia003732Vols,225,257,380,86,55
630,45,252,Shia003732Vols,2157,276,542,150,71
630,1016,1439,Shia003732Vols,2165,602,1046,324,90
630,52,316,Shamela0001438,4658,1276,1499,144,62
630,45,240,Shamela0012884,297,406,553,87,56
630,52,410,Shamela0023644,462,1148,1467,188,55
630,45,240,Shamela0023644,462,301,765,68,15
630,52,378,JK009390,4373,966,1276,169,56
630,1016,1439,JK003504,308,77,502,322,92
630,52,410,JK003504,314,1153,1453,174,53
630,497,737,JK003504,315,700,948,174,86
630,816,930,JK003504,328,1146,1260,81,85
630,56,378,Sham19Y0017419,64,331,616,163,56
631,893,1315,Shamela0004473,10033,586,1005,254,65
631,929,1171,Shia002945Vols,895,442,983,111,22
631,918,1208,ShamAY0034059,6444,196,557,211,72
631,1039,1318,Sham19Y0006538,317,1173,1331,102,46
631,918,1208,Kraken210622021806,614,1331,1591,158,62
631,822,1479,Shamela0023833,750,860,1450,359,59
631,932,1215,ShamAY0034249,7332,1062,1224,109,44
631,827,1163,Shamela0022881,180,1213,1470,169,60
631,749,1223,Shamela0009770,502,912,1433,271,56
631,1241,1485,Shamela0009770,503,4,220,149,76
631,800,1311,Shamela0007798,753,87,528,220,46
631,209,1343,Shia003616Vols,311,652,1504,573,57
631,1343,1485,Shia003616Vols,312,1,137,109,95
631,1039,1318,Sham19Y0017768,936,871,1026,101,46
631,822,1485,Shamela0025794,2961,65,696,350,54
631,837,1208,Zaydiyya0000570BK3,1107,884,1211,189,58
631,885,1223,Shia003636Vols,773,392,589,138,49
631,827,1171,Shia002389Vols,2098,183,824,137,23
631,822,1485,Shamela0004445,1957,245,861,361,57
631,885,1441,Sham19Y0013252,748,563,895,175,35
631,827,1318,Sham19Y0014827,129,266,592,151,33
631,913,1485,JK006838,1072,378,902,301,60
631,907,1251,Kraken210630005153,7516,480,818,207,66
631,827,1485,Shamela0009784,1216,530,1210,375,58
631,827,1311,Sham19Y0013667,4089,77,526,252,60
631,822,1485,Sham19Y0013667,4091,65,672,343,55
631,1039,1318,Sham19Y0019188,5108,949,1105,99,45
631,1,434,Shia003732Vols,2165,1046,1489,337,93
631,434,867,Shia003732Vols,2166,1,387,289,81
631,822,1305,Shia003732Vols,2166,865,1497,282,48
631,1311,1485,Shia003732Vols,2167,114,273,107,75
631,822,1485,Shamela0021809,3196,218,809,339,54
631,827,1311,Shia002003Vols,1096,556,1021,273,63
631,822,1485,Shia002003Vols,1525,247,752,309,54
631,827,1270,Shamela0010283,3638,905,1149,170,48
631,827,1158,Shamela0022877,144,1225,1474,166,61
631,827,1318,Sham19Y0148486,5964,324,645,151,33
631,822,1485,Shamela0010437,147,10,458,274,47
631,800,1311,JK009396,99,782,1199,221,48
631,822,1485,Shamela0006864,1530,293,885,360,59
631,1099,1485,Shamela0026484,236,1,394,253,75
631,822,1163,Shamela0009873,1632,996,1387,229,66
631,827,1485,Shamela0001733,4290,176,894,365,56
631,923,1171,JK003504,307,793,933,96,49
631,50,1068,JK003504,308,513,1510,763,91
631,1068,1499,JK003504,309,1,419,310,87
631,822,1417,JK000916,18024,884,1419,302,53
631,827,1223,Shamela0001686,520,771,963,147,46
631,827,1311,Sham19Y0017419,89,897,1332,237,54
631,731,1485,Shamela0008362,638,8,1076,443,48
632,761,1457,Shia003616Vols,312,251,679,264,46
632,1252,1457,Shia003616Vols,3149,17,223,163,97
632,638,866,Shamela0026324,3803,129,486,134,47
632,677,866,Shamela0011428,1937,1275,1450,122,77
632,677,866,JK000477,685,970,1164,135,86
632,1264,1457,Shamela0010437,97,492,673,141,91
632,677,866,Shamela0022868,190,1231,1408,114,72
632,1243,1457,JK003504,168,936,1135,146,81
632,1,1086,JK003504,309,436,1463,710,77
633,646,1201,Shamela0012406,1008,1012,1438,261,53
633,1201,1432,Shamela0012406,1009,1,192,141,72
633,1066,1432,JK000778,571,492,881,273,85
633,1,727,Shia003616Vols,312,679,1408,510,85
633,1160,1432,Shia003616Vols,313,94,319,171,80
633,1,1057,Shia003616Vols,3149,223,1437,813,84
633,1057,1432,Shia003616Vols,3150,1,407,288,88
633,732,1432,ShamAY0034585,284,1,714,514,87
633,682,900,Shamela0003118,2820,1199,1439,170,89
633,900,1432,Shamela0003118,2821,1,451,353,83
633,24,294,Shia003636Vols,5572,1179,1509,207,80
633,308,581,Shia003636Vols,5573,6,309,203,84
633,218,741,Shia001432Vols,8665,127,533,151,33
633,218,640,Shia002958,378,321,615,194,54
633,686,1432,Sham19Y0127677,4697,832,1351,389,65
633,686,1432,Shia002265Vols,3340,764,1310,393,64
633,24,737,SHAM19Y23644,1311,164,936,331,40
633,609,1432,ShamAY0033945,1665,641,1225,374,55
633,665,1432,Shia003732Vols,2158,333,906,411,66
633,97,737,JK009242,214,1,599,344,60
633,1,737,Shamela0010437,97,673,1401,404,59
633,614,1408,JK007128,317,410,894,211,30
633,223,633,JK000791,2156,673,1001,125,34
633,686,1432,Shamela0001438,6654,1,568,395,63
633,208,640,Shamela0023614,1161,792,1133,135,33
633,6,553,Shia002185Vols,3704,854,1419,387,82
633,553,1432,Shia002185Vols,3705,1,820,544,74
633,1045,1432,Shamela0009873,1632,25,376,238,71
633,919,1432,Shamela0023700,1334,899,1373,275,60
633,686,1418,JK009390,6595,937,1396,338,57
633,6,284,JK003504,168,1139,1431,200,85
633,291,646,JK003504,169,1,322,232,79
633,657,1251,JK000916,27758,851,1446,462,97
633,1251,1432,JK000916,27759,1,180,140,98
633,218,737,Shia003695Vols,126,526,886,147,35
633,1,948,Shamela0008362,689,27,891,452,47
634,408,1473,Shamela0004473,4726,256,914,476,55
634,1,109,Shamela0012406,1009,192,314,82,84
634,109,519,ShamAY0034249,7334,866,1144,101,32
634,1,935,Shia003616Vols,3150,407,1458,728,86
634,935,1473,Shia003616Vols,3151,1,521,413,95
634,1,109,ShamAY0034585,284,714,826,87,96
634,473,590,ShamAY0037912,53,1412,1529,91,96
634,1,109,Shia002265Vols,3340,1310,1422,82,91
634,568,1331,SHAM19Y23644,1317,1,499,359,59
634,402,1461,Shia003732Vols,2159,211,980,532,58
634,1,109,Shamela0001438,6654,568,680,82,91
634,109,823,Shia002185Vols,3706,848,1488,468,80
634,823,1473,Shia002185Vols,3707,1,613,478,92
634,402,1448,Shia002183,69,483,1493,783,92
634,1,109,JK000916,27759,180,288,87,100
635,1,139,Shamela0004473,4726,914,1054,103,91
635,1198,1366,Shamela0012406,926,186,490,106,45
635,184,579,Shamela0023833,754,408,1011,293,60
635,317,478,JK000778,1316,460,675,119,70
635,1,139,Shia003616Vols,3151,521,660,108,99
635,1125,1437,Shia003616Vols,3151,698,1038,205,69
635,369,579,Shamela0028174,134,1018,1230,156,91
635,619,1202,Shamela0003722,1708,549,1303,291,42
635,712,1202,Shamela0003118,1961,148,722,239,46
635,65,605,Shia003636Vols,5993,982,1379,152,28
635,211,579,Shamela0005455,118,1000,1205,145,49
635,55,579,SHAM19Y23644,1002,846,1120,200,47
635,55,579,SHAM19Y23644,1317,511,1047,169,25
635,145,555,ShamAY0033945,1556,1190,1456,122,31
635,623,1202,ShamAY0033945,1911,1,743,280,42
635,422,579,Shamela0009769,59,496,655,118,91
635,605,1202,Shamela0009783BK4,23,517,1270,287,41
635,201,394,Shia003714Vols,539,1174,1513,138,51
635,265,579,Shamela0006864,1549,1,528,235,56
635,184,478,Shamela0026484,60,541,987,187,52
635,211,584,Shia002185Vols,2080,666,897,123,33
635,1,1180,Shia002185Vols,3707,613,1456,574,60
635,317,478,Shia002185Vols,4503,257,475,116,67
635,1,145,Shia002183,70,26,170,108,95
635,1266,1372,Shia002183,71,1142,1248,84,100
635,609,1198,JK000916,5698,692,1263,438,94
635,605,1202,JK000916,5699,63,860,303,42
635,1209,1383,JK000916,15739,1308,1462,120,88
635,1209,1437,JK000916,27076,368,595,179,99
635,1209,1326,Shamela0001686,2874,415,532,91,100
635,1213,1383,Shamela0001686,2893,764,1263,123,31
635,1115,1437,Shamela0001686,2921,590,853,136,48
635,1202,1383,Shia002218Vols,980,1018,1212,133,84
635,178,579,JK009223,26,1244,1478,151,46
635,317,486,JK009223,27,1,227,124,70
635,112,478,JK009223,226,537,866,162,53
636,391,594,ShamAY0034443,168,297,500,113,61
636,242,594,Shamela0036080,33,1313,1476,109,38
636,467,657,Sham19Y0018176,1405,1,183,106,62
636,391,594,Sham19Y0018176,2491,936,1111,106,56
636,459,657,Sham19Y0127656,466,15,205,113,64
636,391,594,Sham19Y0127656,828,1213,1388,106,56
636,391,657,Shamela0037837,556,968,1232,135,50
636,485,609,Sham19Y0013605,3042,96,253,85,68
636,391,594,Sham19Y0013605,4883,797,972,106,56
636,242,594,ShamIbadiyya0000109,3551,369,749,144,41
636,459,657,Shamela0035100,319,1221,1450,128,66
636,391,594,JK009324,2753,286,461,110,61
636,409,594,JK007065,1313,94,377,128,56
636,242,599,Shamela0009775,46,26,195,114,39
636,14,235,Shia003616Vols,313,993,1218,147,71
636,1,444,Shia003616Vols,3151,1038,1484,355,98
636,444,1133,Shia003616Vols,3152,1,759,457,73
636,391,657,Shia003616Vols,3153,815,1059,150,63
636,997,1466,Shia003616Vols,3155,728,1201,366,98
636,1036,1466,Shamela0003118,4617,6,436,329,95
636,14,1130,Shamela0003118,7365,113,1223,792,83
636,391,594,Shamela0012844,123,68,249,114,67
636,391,594,Shamela0007891,1291,755,930,106,56
636,242,599,Shamela0004445,3844,506,676,115,40
636,391,594,Sham19Y0013252,6290,1316,1480,110,65
636,242,599,Sham19Y0013252,6291,250,688,62,12
636,391,594,Sham19Y0013252,10490,540,715,106,56
636,459,657,Shamela0010906,504,393,622,128,66
636,391,657,ShamAY0033938,967,809,1059,139,52
636,419,618,Shamela0000927,986,1107,1344,127,65
636,423,774,Shamela0000927,1009,776,1175,113,24
636,1005,1466,Sham19Y0127677,4772,169,665,353,88
636,1005,1137,Shia002265Vols,4454,1260,1427,103,79
636,1137,1466,Shia002265Vols,4455,1,320,246,94
636,242,657,Shamela0000347,672,806,1015,128,37
636,14,790,SHAM19Y23644,1318,337,919,423,66
636,414,594,Shamela0009784,898,486,663,119,76
636,391,657,Sham19Y0018103,2473,430,638,124,53
636,391,594,Sham19Y0018103,4102,904,1079,106,56
636,391,770,Shamela0096283,296,917,1272,114,25
636,125,527,Sham19Y0023625,179,1213,1489,88,20
636,391,599,Sham19Y0007233,69,1280,1449,111,65
636,1005,1466,Shia003732Vols,2161,85,667,320,66
636,73,676,Shia003732Vols,2164,916,1439,301,55
636,391,594,Sham19Y0146127,2267,1261,1438,109,60
636,242,657,Sham19Y0146127,3728,993,1210,134,38
636,1096,1416,Shamela0009773,297,817,1100,175,67
636,391,657,JK000110,971,365,573,124,53
636,391,657,Sham19Y0016684,1421,83,291,124,53
636,453,628,Shamela0009690,1983,554,730,120,83
636,391,594,Sham19Y0148486,4223,725,902,109,60
636,391,657,Sham19Y0148486,6725,706,933,125,50
636,391,594,ShamAY0034005,1390,457,634,109,60
636,423,676,JK001173,175,394,669,130,47
636,391,657,ShamAY0032665,1763,597,837,147,60
636,1005,1466,Shamela0001438,6731,725,1221,353,88
636,447,594,Shia002069Vols,734,1058,1213,99,76
636,479,657,Sham19Y0020638,785,5,198,120,71
636,604,1466,Shia002185Vols,3708,380,1087,416,52
636,14,235,Shia002185Vols,3708,278,494,136,69
636,391,657,Sham19Y0018144,1763,683,923,147,60
636,391,594,Sham19Y0016584,4646,181,356,106,56
636,391,657,Sham19Y0018106,2595,1231,1439,124,53
636,391,594,Sham19Y0018106,4128,468,643,106,56
636,505,657,Sham19Y0122406,2678,1208,1374,99,66
636,391,594,Shamela0005756,15030,203,378,106,56
636,1005,1466,JK009390,6789,138,609,338,85
636,1005,1466,JK009390,7072,820,1299,337,84
636,43,325,Shia002183,71,1189,1478,194,84
636,325,1451,Shia002183,72,1,693,531,59
636,1036,1466,JK000916,15740,9,441,331,95
636,1,883,JK000916,27076,595,1486,696,96
636,883,997,JK000916,27077,1,115,91,99
636,419,657,JK000916,27081,20,272,128,52
636,119,838,Shamela0001686,2874,543,1062,383,64
636,391,657,Shamela0021715,5949,467,675,124,53
636,391,594,Shamela0021715,10713,608,783,106,56
636,647,977,Shia002218Vols,980,1218,1488,177,66
637,267,1362,Shamela0000551,1903,20,1033,534,51
637,1,842,Shamela0012406,926,740,1437,352,42
637,119,769,Shia003616Vols,314,142,507,211,39
637,1,186,Shia003616Vols,3155,1201,1380,141,96
637,161,1456,Shia003616Vols,3156,8,1278,922,87
637,1,1049,Shamela0003118,4617,436,1450,770,89
637,1049,1456,Shamela0003118,4618,1,316,243,74
637,1,842,Shia001432Vols,8675,420,990,327,44
637,1,765,Sham19Y0127677,4772,665,1457,601,94
637,765,1456,Sham19Y0127677,4773,1,690,539,98
637,11,654,Sham19Y0127677,15198,84,393,180,31
637,1,1115,Shia002265Vols,4455,320,1456,871,95
637,1115,1456,Shia002265Vols,4456,1,343,264,95
637,1,649,Sham19Y0127713,1086,636,1207,185,24
637,576,1362,Sham19Y0127713,1087,70,701,406,62
637,618,956,SHAM19Y23644,1315,958,1175,147,55
637,4,191,Shamela0009784,1220,1140,1275,98,65
637,297,842,Shamela0009784,1221,7,558,253,44
637,11,654,ShamAY0033945,1616,205,514,180,31
637,1,780,Shia003732Vols,2161,667,1463,545,79
637,788,1386,Shia003732Vols,2162,1,625,427,84
637,1,710,Shamela0009783BK4,8,887,1428,281,44
637,1,243,Shamela0001438,6731,1221,1458,186,96
637,243,1456,Shamela0001438,6732,1,1251,956,96
637,1,403,Shia002185Vols,3708,1087,1465,282,84
637,534,1456,Shia002185Vols,3709,46,593,363,47
637,1,842,JK009390,6789,609,1434,623,89
637,842,1456,JK009390,6790,1,611,473,95
637,89,1456,JK009390,7073,1,1238,922,81
637,1,1319,Shia002183,72,698,1427,553,52
637,1319,1456,Shia002183,73,1,132,105,95
637,1,983,JK000916,15740,441,1441,753,92
637,983,1456,JK000916,15741,1,478,371,97
638,10,552,Shamela0012406,927,128,712,278,52
638,936,1415,Shamela0012406,1248,603,917,186,46
638,1,162,Shia003616Vols,3156,1278,1440,126,99
638,162,1415,Shia003616Vols,3157,1,1345,986,93
638,1,577,Shamela0003118,4618,316,717,312,68
638,315,513,Shia001432Vols,8676,1,186,144,93
638,319,513,Shia003461Vols,913,228,510,102,41
638,528,1415,Sham19Y0127677,4769,464,1287,562,73
638,1,577,Sham19Y0127677,4773,690,1268,448,98
638,577,1415,Shia002265Vols,3341,446,1140,539,81
638,1,577,Shia002265Vols,4456,343,919,449,99
638,577,893,SHAM19Y23644,1313,1155,1471,226,86
638,10,519,Shamela0009784,1221,728,1355,250,42
638,10,552,ShamAY0033945,1617,538,1111,272,50
638,533,1028,Shia003732Vols,2162,855,1298,203,47
638,10,519,Shamela0009783BK4,9,215,628,193,40
638,1,198,Shamela0001438,6732,1251,1448,154,98
638,577,1144,Shamela0001438,6733,846,1415,443,98
638,198,577,Shamela0001438,6733,1,380,295,99
638,1144,1415,Shamela0001438,6734,1,124,97,45
638,1,889,Shia002185Vols,3709,593,1417,578,77
638,883,1415,Shia002185Vols,3710,1,476,307,66
638,577,1415,JK009390,6784,534,1169,470,69
638,1,577,JK009390,6790,611,1186,448,98
638,1,220,JK009390,7073,1238,1438,157,90
638,220,577,JK009390,7074,1,358,262,89
638,1,552,Shia002183,73,132,689,388,83
638,577,1415,JK000916,9094,719,1386,522,78
638,1,577,JK000916,15741,478,1074,447,95
639,426,901,Shamela0012406,1248,1014,1428,260,62
639,1027,1436,Shamela0012406,1249,1,375,285,85
639,603,1077,Shamela0035100,319,61,543,239,50
639,446,1120,ShamAY0033522,460,20,797,311,42
639,85,1469,Shia003616Vols,3158,1,1392,1074,94
639,446,1077,Sham19Y0006684,1957,33,749,280,40
639,1041,1436,Shamela0003118,2979,624,994,288,92
639,638,1077,Shamela0012399,2255,8,518,226,47
639,446,1006,Shamela0001875,1175,858,1494,240,38
639,410,1077,Shamela0010906,503,528,1212,256,36
639,435,923,Shamela0010906,1445,634,1072,214,51
639,1072,1424,Shamela0010906,1446,1,258,189,67
639,446,1077,Shia002119Vols,2149,372,1087,283,41
639,446,1077,Shamela0025800,3347,277,981,282,42
639,1,171,Sham19Y0127677,4769,1287,1446,124,91
639,171,1461,Sham19Y0127677,4770,1,1280,972,93
639,1,288,Shia002265Vols,3341,1140,1427,226,99
639,293,1436,Shia002265Vols,3342,1,1184,894,94
639,410,1077,Shamela0005922,2337,36,597,251,40
639,783,1436,SHAM19Y23644,1314,335,946,379,63
639,446,1077,Sham19Y0014462,80,188,904,279,41
639,446,1077,Shamela0005803,333,620,1328,280,41
639,405,1436,Shia003732Vols,2163,307,1005,449,51
639,446,1077,Sham19Y0017903,627,62,789,274,40
639,987,1430,Shamela0012935,337,525,918,123,26
639,923,1378,Shamela0006590,433,541,949,230,54
639,446,816,Shamela0001719,2111,1063,1443,166,43
639,1,1344,Shamela0001438,6734,124,1476,1034,94
639,1,1077,Shia002185Vols,3710,476,1476,626,68
639,1125,1402,Shia002185Vols,3711,11,268,181,78
639,1,298,JK009390,6784,1169,1449,216,91
639,298,1436,JK009390,6785,1,1039,781,83
639,25,1436,JK000916,9095,1,1434,1108,96
639,446,1077,Shamela0021743,1129,761,1454,277,41
640,710,1474,Sham19Y0017816,40,141,875,567,91
640,309,666,Shamela0012406,1213,1138,1489,244,76
640,666,1474,Shamela0012406,1214,1,784,578,85
640,73,479,Shia003616Vols,3159,1,531,259,60
640,238,1056,Shamela0003118,3379,669,1468,600,91
640,1056,1474,Shamela0003118,3380,1,421,327,96
640,127,1474,Shia002185Vols,3711,94,1404,742,59
640,309,578,JK000370,93,1205,1468,201,92
640,578,1474,JK000370,94,1,866,675,93
640,309,886,JK000916,10911,846,1412,445,97
640,886,1474,JK000916,10912,1,593,458,95
641,1,611,Sham19Y0017816,40,875,1455,455,94
641,1,697,Shamela0012406,1214,784,1472,495,88
641,1285,1442,Shia003616Vols,505,72,229,125,100
641,1,989,Shamela0003118,3380,421,1400,746,92
641,104,1442,Shia002185Vols,3712,1,1222,732,61
641,1,620,JK000370,94,866,1478,475,96
641,620,1060,JK000370,95,1,465,309,84
641,989,1290,JK000370,118,54,327,203,85
641,1,896,JK000916,10912,593,1470,681,95
642,1,1330,Shia003616Vols,505,229,1449,945,88
642,1330,1438,Shia003616Vols,506,1,108,83,93
642,731,884,Shia003616Vols,3838,919,1071,116,93
642,385,918,Shamela0003118,7278,946,1462,367,78
642,924,1427,Shamela0003118,7279,6,475,349,87
642,615,878,Shia000111Vols,2662,120,325,140,67
642,590,1368,JK009408,2029,342,1097,535,83
642,607,1218,Sham19Y0127677,8601,874,1412,379,75
642,1218,1368,Sham19Y0127677,8602,1,153,112,91
642,181,875,SHAM19Y23644,1316,592,1255,202,28
642,907,1368,Shamela0021809,2704,1,448,319,84
642,437,1390,Shamela0009783BK4,43,6,979,652,78
642,319,561,Shia002185Vols,3713,1,331,152,54
642,907,1368,Shamela0009873,1611,351,748,269,72
642,431,1390,Shamela0023700,2327,370,1245,557,71
642,385,851,Shia002183,70,1172,1482,141,29
642,856,1368,Shia002183,71,1,659,362,65
642,385,1372,JK000916,27977,391,1375,710,84
642,523,1406,JK000533,2685,265,1152,541,70
643,355,730,Sham19Y0017816,45,847,1151,185,60
643,706,1142,Shia003616Vols,314,1004,1291,141,40
643,1,789,Shia003616Vols,506,124,872,578,91
643,345,623,Shamela0003118,7279,350,614,149,57
643,1187,1404,Shia003732Vols,2127,53,317,166,77
643,919,1071,Shamela0023623,4544,471,628,114,88
643,66,582,Shamela0009783BK4,42,925,1440,384,90
643,582,793,Shamela0009783BK4,43,1,177,132,79
643,919,1071,ShamAY0034054,4390,909,1066,114,88
643,919,1095,Shamela0012884,5326,926,1111,114,75
643,238,1274,Shia002185Vols,3713,35,729,326,33
643,1173,1476,JK000370,105,1225,1537,241,95
643,701,1071,JK000370,111,980,1294,148,43
643,1,374,Shia002183,70,919,1302,288,93
643,412,778,Shia002183,71,423,799,274,88
643,891,1071,Shia002218Vols,968,1013,1130,83,58
644,145,424,Sham19Y0017816,14,171,348,136,59
644,1324,1519,SHAM19Y23644,1316,1,214,146,83
644,352,757,Shia003732Vols,2129,26,368,237,69
644,195,913,Shia002185Vols,3714,430,1095,354,53
644,4,1041,JK000370,106,1,999,778,91
645,277,760,Sham19Y0145435,1539,31,361,148,30
645,176,760,Shamela0023833,660,768,1149,170,30
645,272,728,ShamAY0034249,6337,1278,1511,132,33
645,652,810,Shamela0022881,145,277,491,108,60
645,1172,1406,Shia003616Vols,315,521,739,164,87
645,1138,1406,Shia003616Vols,3147,775,1039,203,95
645,647,845,Shamela0003118,3378,631,916,143,63
645,272,845,Shamela0004445,1731,656,1130,175,31
645,714,849,Sham19Y0013252,6319,384,521,97,81
645,647,810,JK006838,1059,766,986,119,68
645,133,845,SHAM19Y23644,1160,550,1053,213,32
645,120,760,ShamAY0038405,396,588,999,159,25
645,128,907,Shamela0012221,35,850,1413,265,37
645,272,845,Sham19Y0016934,6924,739,1090,217,44
645,1169,1406,Shia003732Vols,2167,657,944,186,81
645,128,845,Shamela0009773,299,102,551,281,48
645,294,845,Shamela0009773,2983,5,317,218,49
645,286,810,Shamela0009780,369,1029,1303,148,35
645,258,810,Sham19Y0029560,125,1206,1476,131,29
645,647,845,Shamela0026507,7,722,960,114,61
645,363,760,Shia003714Vols,450,1,281,115,27
645,647,845,Shamela0001438,6150,693,981,142,62
645,13,414,Shia002185Vols,3714,7,430,256,71
645,120,810,Shamela0023735,2338,755,1115,142,24
645,255,810,Shamela0009783BK1,969,792,1199,150,30
645,665,845,JK009390,6189,4,274,131,61
645,647,845,JK000916,10908,636,929,143,62
645,647,845,Shamela0005815,65,63,347,141,63
646,1008,1343,Shamela0001515,374,887,1202,179,56
646,1058,1442,Sham19Y0131521,4287,1,269,194,61
646,955,1446,Shamela0035100,319,896,1148,194,49
646,736,1442,Shia003616Vols,315,971,1351,249,43
646,175,713,Shamela0003118,7130,836,1376,389,90
646,955,1446,Shamela0010906,504,68,320,194,49
646,955,1442,JK006838,1080,321,590,208,53
646,1001,1276,SHAM19Y23644,1320,1083,1287,118,49
646,495,933,Shia003732Vols,2167,997,1458,197,38
646,978,1418,Shia003732Vols,2168,22,461,336,93
646,134,722,Shamela0009773,1141,590,1251,333,59
646,1008,1276,Sham19Y0013783,1251,345,557,146,67
646,971,1343,Shamela0009873,1635,460,816,195,59
646,175,664,JK000916,24779,1,511,380,94
647,528,853,Shia000820Vols,3022,872,1216,176,58
647,620,1281,Shia003616Vols,316,153,504,248,46
647,80,780,Shia003616Vols,1724,1,697,361,52
647,521,881,Sham19Y0036114,429,9,453,224,60
647,22,152,Shia001782Vols,1531,1362,1491,101,98
647,507,853,Shamela0001719,755,798,1155,192,61
647,1,290,Shamela0001733,4074,168,453,222,95
647,563,853,Shamela0026654,15,27,297,181,74
648,886,1423,Shia003616Vols,316,934,1319,197,43
648,357,1142,Shia003616Vols,1544,852,1402,382,59
648,151,335,Shamela0030327,224,4,193,119,77
648,1057,1406,JK000216,332,21,497,196,50
648,1057,1331,Sham19Y0127677,20757,564,892,148,54
648,125,579,Shia002185Vols,3715,1,333,171,46
649,1,312,Shia003616Vols,316,1319,1531,163,65
649,460,1066,Shia003616Vols,317,35,637,385,71
649,1002,1286,JK000481,792,1053,1368,169,65
649,1002,1375,ShamAY0038637,34,624,933,173,53
649,1002,1375,Shia001782Vols,2871,509,899,175,41
649,1037,1176,Shamela0023644,378,572,714,100,85
649,1002,1264,JK000916,878,628,902,152,66
649,1002,1375,Shamela0001686,333,534,904,178,53
649,1002,1375,ShamAY0034447,959,391,798,177,47
649,1,328,Shamela0095735,721,34,364,255,96
650,615,1263,Shia003616Vols,317,577,1138,359,61
650,391,1172,Shia003616Vols,1344,806,1507,527,83
650,1172,1443,Shia003616Vols,1345,1,272,215,100
650,585,1443,Shamela0003118,7367,278,1148,672,93
650,634,1263,SHAM19Y23644,1319,201,611,240,45
650,582,705,Shia003732Vols,2164,1354,1477,98,100
650,705,1491,Shia003732Vols,2165,1,521,401,64
650,23,410,Shamela0009773,330,658,1036,222,68
650,559,1386,JK000916,27081,646,1470,661,99
651,1009,1399,Shamela0012406,763,128,485,205,56
651,707,906,Shamela0023833,232,1232,1455,102,55
651,751,1461,ShamAY0034249,7333,104,383,120,20
651,707,939,Shamela0009770,215,269,515,119,57
651,707,939,JK000778,465,520,825,123,48
651,751,1498,Shia003616Vols,318,39,472,231,32
651,707,939,Shia003616Vols,329,496,959,121,30
651,717,939,Shia003616Vols,1364,1,280,112,48
651,707,939,Shamela0004445,1155,131,388,120,52
651,986,1356,Shia001432Vols,8676,1068,1338,181,59
651,707,939,JK009408,1177,1017,1268,124,52
651,991,1364,Shamela0026568,282,321,621,165,51
651,6,736,SHAM19Y23644,1321,967,1507,385,64
651,707,932,Kraken210630005153,7413,1041,1277,104,48
651,721,1356,Shamela0009784,1231,1,417,200,33
651,986,1356,Shia003732Vols,2595,849,1211,223,69
651,1009,1399,Shamela0010283,3639,484,860,243,72
651,781,939,Shamela0012935,113,35,206,99,73
651,1135,1359,Shamela0012935,343,1,212,142,80
651,1009,1356,Sham19Y0145166,478,685,956,168,57
651,991,1359,Shamela0023685,305,1090,1401,167,51
651,672,1101,Shamela0006590,424,402,932,147,26
651,991,1352,Shia003714Vols,546,1168,1518,223,70
651,695,939,Shia003714Vols,562,606,916,141,49
651,707,939,Shamela0006864,618,877,1133,125,59
651,1056,1399,Shamela0009873,1814,15,384,203,61
651,707,939,Shamela0023700,1161,57,300,120,55
651,703,939,Shamela0023735,2673,344,578,118,62
651,644,1356,JK003504,72,741,1415,509,88
651,695,939,JK000916,9424,140,626,142,35
651,991,1359,Shamela0021713,827,693,1029,228,75
651,695,939,Shamela0021713,884,61,370,138,48
651,991,1399,Shamela0001686,528,569,1026,255,64
652,170,957,Shia003616Vols,318,472,903,181,27
652,796,1433,Shia003616Vols,3160,734,1206,271,45
652,1102,1433,Shamela0003118,2047,851,1182,256,97
652,277,588,Sham19Y0014592,2112,40,388,231,81
652,1130,1433,Sham19Y0127677,20796,279,572,224,90
652,1072,1433,Shamela0010798,2523,688,1071,285,93
652,1,466,JK003504,67,1072,1487,297,76
652,466,744,JK003504,68,1,291,204,90
652,1082,1433,JK003504,70,42,392,259,88
652,1072,1380,JK003504,72,741,859,83,34
652,1076,1363,JK000916,5806,394,707,215,86
652,1076,1433,JK000916,5943,524,903,281,93
652,599,934,JK000916,27081,485,856,155,42
652,1189,1301,JK000916,28004,1,113,87,98
652,1082,1226,Shamela0008362,677,1043,1191,110,95
652,1,400,Shamela0008362,844,1025,1409,258,74
652,400,744,Shamela0008362,845,1,373,252,87
652,905,1433,Shia002218Vols,929,475,1048,317,60
653,31,295,Shamela0012406,762,955,1240,143,56
653,328,591,Shamela0023833,763,1043,1219,110,54
653,328,591,Shamela0009770,508,58,235,113,55
653,335,617,JK007059,8,803,1071,143,58
653,1,302,Shia003616Vols,3160,1206,1505,234,95
653,302,1393,Shia003616Vols,3161,1,1205,835,85
653,1,253,Shamela0003118,2047,1182,1433,198,98
653,253,1393,Shamela0003118,2048,1,1185,862,90
653,31,672,Shamela0021766,992,218,792,246,37
653,328,591,Shamela0004445,1970,1193,1374,117,58
653,1,647,Shia001432Vols,8676,582,888,197,36
653,14,617,Shia004649Vols,1870,327,795,190,36
653,91,647,Shamela0026568,282,1,304,208,45
653,1,647,Sham19Y0127677,20796,572,1070,353,67
653,339,617,Shia003965Vols,4976,1,266,146,61
653,7,647,SHAM19Y23644,1323,1010,1377,258,50
653,1,421,Shamela0010798,2523,1071,1483,310,92
653,421,1393,Shamela0010798,2524,1,1038,746,89
653,7,647,Shia003732Vols,2594,335,830,261,45
653,1,805,Shamela0005539,51,948,1500,397,60
653,805,1366,Shamela0005539,52,1,647,407,76
653,115,647,Shamela0010283,3639,18,290,201,46
653,1,647,Shamela0012935,342,637,931,217,41
653,86,650,Shamela0023685,305,774,1085,214,45
653,14,682,Shamela0006590,424,330,775,199,34
653,1,647,Shia003714Vols,546,731,1070,249,46
653,328,591,Shamela0006864,1558,361,537,110,54
653,335,529,Shamela0023735,2193,1080,1238,104,69
653,71,1045,Shamela0007472,88,365,1226,600,74
653,1,1145,JK003504,70,392,1477,774,82
653,1145,1366,JK003504,71,1,307,161,65
653,1,607,JK000916,5943,903,1494,454,92
653,607,1406,JK000916,5944,1,887,618,88
653,1,647,Shamela0021713,827,260,605,248,46
653,91,647,Shamela0001686,528,1,310,228,49
653,7,647,Shia002218Vols,930,143,531,223,40
654,320,859,Shamela0012406,763,934,1280,227,49
654,437,1126,Shia003636Vols,775,6,697,249,31
654,360,1567,SHAM19Y23644,1325,1,742,495,49
654,457,924,Shamela0010283,3640,37,378,217,53
654,328,814,Shamela0012935,343,1090,1504,202,42
654,451,859,Sham19Y0145166,479,1002,1424,169,39
654,316,924,Shia003714Vols,547,649,1077,288,55
654,644,915,Shamela0009873,1815,112,380,143,54
654,307,924,Shia004014Vols,255,210,653,286,54
654,316,924,Shia004014Vols,258,391,868,277,52
654,437,924,Shamela0021713,828,6,382,210,50
654,316,924,Shamela0001686,529,293,728,283,54
655,1,422,SHAM19Y23644,1325,742,1111,251,72
655,250,422,Shamela0010283,3640,438,590,116,83
655,250,422,Shia003714Vols,547,1138,1296,130,91
655,250,422,Shia004014Vols,255,714,873,129,91
655,250,422,Shamela0021713,828,443,586,109,78
655,250,422,Shamela0001686,529,789,948,129,91
657,11,349,Shia003458,117,342,779,136,32
657,32,349,Sham19Y0145435,339,586,934,138,39
657,65,468,Shamela0023833,762,302,681,153,36
657,32,141,Shamela0009770,507,419,667,83,42
657,1312,1472,Shia003616Vols,319,166,384,105,60
657,584,1472,Shamela0003118,2049,185,1095,700,95
657,141,349,Shamela0003118,3277,1062,1326,103,49
657,32,555,Shamela0004445,1969,415,989,198,35
657,609,1472,Shamela0010906,1081,1,465,336,48
657,589,1476,Sham19Y0127677,4673,411,1324,695,94
657,581,1472,Sham19Y0127677,14802,39,876,605,80
657,622,1476,Shia002265Vols,4277,1,889,671,93
657,26,349,JK006838,1088,73,437,157,42
657,613,1241,SHAM19Y23644,1326,127,633,314,60
657,555,1476,Shamela0010798,2527,338,1286,717,93
657,5,376,Shia003732Vols,2599,747,1181,164,41
657,589,1472,Shia003732Vols,2600,319,1439,629,67
657,32,294,Shamela0010283,3644,491,843,101,37
657,555,904,Shia001285,378,221,572,275,98
657,32,349,JK000927,1549,298,689,141,46
657,589,830,Shamela0001438,6632,1257,1525,183,84
657,830,1476,Shamela0001438,6633,1,656,508,96
657,141,349,Shamela0026102,68,965,1229,114,55
657,65,376,Shamela0006864,1556,1206,1444,135,49
657,65,574,Shamela0006870,357,832,1177,92,16
657,32,349,Shamela0009783BK1,1056,324,672,138,39
657,589,939,JK009390,3608,1085,1483,262,81
657,939,1472,JK009390,3609,1,543,418,95
657,589,1300,JK009390,6467,692,1445,502,79
657,589,1472,JK009390,6576,530,1447,608,76
657,559,1476,JK000916,5945,358,1316,730,95
657,141,329,JK000916,10545,1179,1424,92,46
658,1,121,Shia003616Vols,319,389,510,92,97
658,1,114,ShamAY0034147,6,670,790,89,94
658,631,959,Shamela0010906,1081,499,768,166,64
658,155,627,Sham19Y0127677,4925,526,1022,359,89
658,1,627,Sham19Y0127677,14802,881,1467,414,81
658,155,627,Shia002265Vols,3394,980,1476,363,90
658,158,915,Shamela0010798,2528,1,816,582,89
658,103,627,Shamela0001438,6974,685,1206,379,89
658,155,627,JK009390,3945,226,716,362,91
658,155,670,JK009390,6466,366,927,370,79
658,125,915,JK000916,5946,1,835,612,92
659,552,906,Shamela0009790,420,30,454,178,48
659,288,985,Shamela0023833,759,702,1330,236,34
659,288,985,Shamela0009770,506,659,1237,230,34
659,229,922,Shia003616Vols,319,515,1061,273,44
659,357,985,Shia003732Vols,2598,772,1285,211,35
659,288,985,Shamela0006864,1554,183,811,240,34
659,343,900,JK009218,167,604,1061,259,50
659,288,985,Shia004020,420,312,853,214,34
660,1115,1449,Shamela0012406,1057,54,423,135,32
660,647,897,Shamela0003118,2049,1225,1485,198,92
660,897,1459,Shamela0003118,2050,1,558,436,97
660,1199,1438,Shamela0006700,80,835,1099,121,48
660,1115,1438,Shamela0009784,1181,1019,1336,150,55
660,651,1459,Shamela0010798,2530,1,818,630,95
660,1115,1438,Shamela0012031,254,1022,1399,139,39
660,948,1449,JK003609,3285,844,1214,210,48
660,597,914,JK000916,5947,1143,1473,253,95
660,914,1459,JK000916,5948,1,541,420,96
660,219,586,JK000916,5955,846,1220,288,97
661,933,1292,Shia003616Vols,3039,269,492,126,45
661,1,779,Shamela0003118,2050,558,1337,608,98
661,1,654,Shamela0010798,2530,818,1450,497,96
661,654,978,Shamela0010798,2531,1,394,156,47
661,1,779,JK000916,5948,541,1320,606,98
661,884,1329,JK000916,6342,214,626,264,71
661,903,1422,JK000916,22367,207,714,377,90
662,1039,1517,Shamela0023833,764,187,587,142,29
662,1306,1536,Shamela0003118,2175,254,472,173,93
662,1039,1517,Shamela0004445,1981,560,947,139,29
662,741,1512,SHAM19Y23644,1327,96,346,165,27
662,1039,1440,Shia003732Vols,2213,329,724,205,51
662,100,333,Shamela0010283,3645,1,549,110,25
662,1039,1517,Shia003714Vols,549,982,1376,137,29
662,1039,1432,Shamela0006864,1571,969,1188,105,32
662,1039,1529,Shamela0009783BK1,1057,921,1332,152,31
662,1306,1536,JK000916,6342,638,868,182,99
662,1,441,JK000916,22367,714,1033,213,58
662,1039,1517,Shamela0021713,862,577,889,124,28
663,964,1318,Shia001349Vols,192,458,764,167,58
663,1037,1318,ShamAY0034443,170,236,448,138,58
663,1,1469,Sham19Y0145435,341,259,1286,629,48
663,956,1266,Sham19Y0131521,3526,1306,1543,164,65
663,828,1414,Shamela0023833,764,933,1447,377,79
663,856,1427,Shamela0035100,325,346,846,282,54
663,258,447,ShamAY0034249,7336,804,991,124,70
663,828,1427,Shamela0009770,508,933,1407,343,69
663,828,1311,Shamela0028174,172,269,579,214,57
663,1,1084,Shamela0003118,2175,472,1547,836,95
663,1084,1469,Shamela0003118,2176,1,386,300,98
663,1097,1469,Shia003636Vols,777,163,618,234,59
663,1037,1469,Shamela0004445,1982,1,527,277,60
663,964,1469,Shamela0010695,166,391,984,282,53
663,828,1318,Shia001432Vols,8693,576,944,236,58
663,276,451,Shia001432Vols,8693,423,580,113,77
663,1164,1469,Shamela0009728,131,82,515,196,54
663,856,1384,Shamela0010906,509,987,1453,254,52
663,832,1469,Shia004649Vols,3051,543,1231,374,60
663,832,1469,Shamela0005816,169,94,543,313,60
663,1025,1469,Shamela0021525,414,1,557,275,56
663,1,454,JK000911,586,401,686,191,52
663,964,1427,JK000911,586,569,1017,243,52
663,451,706,Tafsir06048,426,841,1053,121,54
663,828,1427,JK006838,1091,622,1151,305,56
663,38,1300,SHAM19Y23644,1327,346,1493,766,69
663,828,1469,Kraken210630005153,7519,565,1244,400,64
663,828,1465,Shamela0009784,1237,51,684,370,60
663,851,1469,Shia003732Vols,2214,407,919,295,51
663,115,451,Shia003732Vols,2214,11,326,215,74
663,869,1311,Shamela0023789,83,156,506,254,72
663,828,1266,Shamela0010283,3645,1121,1476,265,75
663,1266,1469,Shamela0010283,3646,1,327,145,55
663,832,1179,Shamela0012396,160,1240,1504,189,68
663,1184,1469,Shamela0012396,161,1,377,201,65
663,964,1311,Sham19Y0145166,370,82,318,161,57
663,828,1469,Shia003714Vols,550,198,890,401,64
663,828,1427,ShamAY0034441,358,922,1388,339,69
663,828,1418,Tafsir06049,2997,137,613,332,68
663,1,447,Shamela0023631,2429,1208,1512,189,51
663,1191,1469,Shamela0023631,2430,11,405,181,54
663,841,1311,Shia001278Vols,179,1005,1287,183,48
663,828,1454,Shamela0006864,1572,804,1485,404,66
663,832,1469,Shamela0009898,176,811,1319,356,68
663,847,1191,Shamela0009873,1639,1263,1537,186,65
663,1184,1380,Shamela0009873,1640,99,348,141,69
663,276,1469,Shamela0009783BK1,1058,7,860,516,48
663,832,1469,ShamAY0034434,191,631,1129,336,64
663,828,1311,JK000916,6341,359,698,226,59
663,1,603,JK000916,6342,868,1474,470,95
663,603,1469,JK000916,6343,1,868,679,98
663,828,1173,Shamela0021713,862,1216,1490,198,71
663,1196,1469,Shamela0021713,863,1,400,192,58
663,828,1318,Shia003695Vols,128,335,704,236,58
663,173,451,Shia003695Vols,128,128,339,131,58
663,451,706,ShamIbadiyya0000194,419,400,612,121,54
664,502,986,Sham19Y0145435,342,16,326,178,41
664,1119,1339,Shamela0012406,762,376,548,117,67
664,1,835,Shamela0023833,765,191,595,256,37
664,1,835,Shamela0009770,509,123,515,259,38
664,65,835,Shamela0028174,172,587,998,223,36
664,1,952,Shamela0003118,2176,386,1360,733,93
664,1,835,Shia003636Vols,777,618,1015,249,36
664,1312,1451,Shamela0021766,1876,1,570,103,22
664,1,835,Shamela0004445,1982,527,945,262,39
664,491,835,Shia004649Vols,3052,1,215,107,38
664,1,592,Shamela0005816,169,543,815,175,36
664,58,795,JK000911,586,1056,1365,200,33
664,113,835,SHAM19Y23644,1328,50,697,461,77
664,1,835,Shamela0009784,1237,687,1065,259,38
664,1,549,Shia003732Vols,2214,919,1496,330,65
664,1021,1379,JK009242,400,9,363,143,42
664,1,835,Shamela0010283,3646,327,716,248,36
664,1,1045,Shamela0012396,161,377,983,303,33
664,65,835,Sham19Y0145166,370,349,855,332,53
664,1,835,Shia003714Vols,550,890,1277,247,36
664,1,835,ShamAY0034441,359,34,414,252,37
664,1,795,Shamela0023631,2430,405,764,217,33
664,1,835,Shamela0006864,1573,23,427,258,38
664,1,986,Shamela0009783BK1,1058,860,1362,325,39
664,52,592,ShamAY0034434,191,1134,1388,170,39
664,1,795,JK000916,6341,758,1495,177,19
664,1,587,JK000916,6343,868,1458,463,98
664,592,1050,JK000916,6344,8,467,329,90
664,1,835,Shamela0021713,863,400,779,257,38
665,968,1480,Sham19Y0145435,5065,230,567,174,41
665,968,1480,Shamela0008473,2001,1231,1549,175,43
665,287,731,Shamela0012406,764,1354,1503,117,33
665,971,1480,Shamela0023833,767,560,1113,358,76
665,933,1480,Shamela0009770,510,845,1307,303,64
665,968,1480,Shamela0007798,4193,128,566,162,32
665,1056,1480,Shia003616Vols,321,956,1333,193,43
665,986,1480,Shamela0025794,4120,849,1173,175,44
665,971,1480,Shamela0004445,1985,216,767,360,76
665,957,1366,Shia003721Vols,323,1367,1540,121,37
665,968,1480,Shia003721Vols,324,381,699,174,43
665,836,1471,SHAM19Y23644,1328,938,1494,291,45
665,443,638,SHAM19Y23644,1328,970,1181,149,88
665,1028,1480,Kraken210630005153,7520,1167,1498,209,55
665,826,1480,Shamela0009784,1240,295,952,360,59
665,452,1480,Shamela0010283,3647,336,1083,398,41
665,1028,1480,Sham19Y0145166,369,32,424,252,63
665,928,1480,ShamAY0034441,360,950,1445,306,65
665,1328,1480,Shamela0013032,9,163,779,79,14
665,971,1480,Shamela0006864,1575,294,847,358,76
665,957,1480,Shamela0001733,712,67,525,297,65
665,968,1316,JK003504,71,1126,1439,243,86
665,1316,1480,JK003504,72,1,150,110,80
665,246,855,Shamela0001686,531,106,479,133,20
665,963,1432,Shamela0000041,982,548,817,149,37
666,76,826,Shia003616Vols,3162,760,1496,567,93
666,826,1419,Shia003616Vols,3163,1,569,436,94
666,494,1357,Shamela0021766,1878,57,679,328,45
666,432,1419,Shia003732Vols,2220,434,1413,619,71
666,198,480,Shamela0005539,52,767,1044,202,91
666,1,486,JK003504,72,150,635,321,75
667,90,385,Sham19Y0145435,1576,1116,1436,138,49
667,119,294,Shamela0012406,765,20,175,87,57
667,1,482,Shia003616Vols,322,190,650,272,60
667,170,833,Shia003616Vols,4108,517,1183,524,98
667,114,385,Shia003636Vols,778,266,515,151,63
667,839,1360,Shamela0021766,1877,1052,1496,277,59
667,11,881,Shamela0021766,1878,437,1358,493,59
667,77,385,SHAM19Y23644,1329,85,359,167,59
667,715,1405,SHAM19Y23644,1329,269,825,311,52
667,1069,1470,Shia003732Vols,2217,1,367,260,79
667,90,833,Shia003732Vols,2221,169,911,523,82
667,985,1405,Shamela0012935,347,1,379,269,76
667,100,833,Sham19Y0145166,369,521,1177,423,63
667,1031,1338,Sham19Y0145166,370,1262,1510,199,79
667,175,385,Shamela0009783BK1,1059,158,339,110,63
667,90,294,Shamela0001686,531,217,436,110,54
668,21,230,Sham19Y0145435,5323,5,234,109,56
668,167,850,Shamela0008473,1108,50,678,274,39
668,167,870,Shamela0036446,867,56,650,292,44
668,1,244,Shamela0023833,766,72,393,141,56
668,167,870,Shamela0035100,326,790,1438,304,45
668,1119,1477,Shia001626Vols,185,491,965,118,24
668,167,855,JK000562,29,286,837,311,55
668,1119,1477,Shia003616Vols,322,718,1059,127,35
668,1224,1416,ShamAY0034073,1917,416,587,136,86
668,167,690,Shamela0003722,8323,159,592,240,51
668,145,567,Shamela0003118,7823,216,552,173,45
668,167,560,Shamela0023100,307,451,750,166,46
668,167,870,JK000475,1876,243,924,297,41
668,277,855,Sham19Y0020591,911,1,385,232,49
668,167,560,Shamela0001673,6328,923,1208,174,53
668,167,870,Shamela0010906,511,1,641,286,44
668,151,870,Sham19Y0013614,824,721,1253,281,45
668,167,870,Shamela0117359,613,441,1120,294,40
668,167,586,JK000481,491,984,1332,178,48
668,167,850,Shamela0025800,2282,529,1079,270,43
668,381,560,Shamela0026568,284,6,186,116,73
668,256,567,Shamela0009654,38,10,331,181,63
668,167,870,JK006838,1093,302,870,253,38
668,167,850,Sham19Y0016976,1874,1033,1494,265,46
668,1,230,SHAM19Y23644,1329,825,1146,118,46
668,1119,1477,SHAM19Y23644,1329,796,1215,142,30
668,352,690,Shamela0009784,1239,1054,1331,186,66
668,167,690,Sham19Y0122257,3377,74,419,215,51
668,368,870,Tafsir09084,476,1,485,227,46
668,167,870,ShamAY0033945,765,456,1136,294,40
668,167,845,Shia003732Vols,2219,264,906,268,38
668,167,870,Shamela0021809,1160,603,1259,279,39
668,167,870,Sham19Y0146127,3219,802,1399,284,43
668,167,560,Sham19Y0145166,371,43,438,186,47
668,167,560,Shamela0023685,307,653,943,167,50
668,167,850,Sham19Y0014119,655,1003,1465,265,46
668,167,870,Shamela0008360,915,180,688,272,45
668,211,560,Tafsir06049,2997,1054,1406,158,44
668,167,870,Sham19Y0017791,2066,111,617,274,45
668,167,870,Shamela0008176,7514,199,707,271,44
668,167,855,Shamela0001442,448,87,607,275,45
668,167,596,Sham19Y0023618,838,249,678,206,48
668,352,850,Sham19Y0013223,502,6,497,240,47
668,352,596,Shamela0009873,1641,36,278,154,72
668,352,870,Sham19Y0017063,1571,929,1342,227,48
668,277,870,Shamela0001733,1281,23,588,258,43
668,145,567,JK000916,26253,1119,1456,172,45
668,151,870,Sham19Y0020944,547,140,825,299,40
669,456,945,Shamela0012406,765,271,651,254,60
669,171,908,Shia003616Vols,322,1101,1503,249,41
669,623,1494,Shia003616Vols,1629,184,986,606,83
669,439,780,Shia003636Vols,778,983,1443,172,45
669,461,705,Shamela0021766,1878,1186,1459,174,78
669,1,304,SHAM19Y23644,1329,1215,1497,207,81
669,685,1392,Sham19Y0122397,316,957,1469,305,50
669,1356,1494,Sham19Y0122397,317,1,154,104,84
669,461,711,Shia003732Vols,2221,993,1271,190,84
669,456,711,Shamela0010283,3647,1259,1491,154,66
669,711,1017,Shamela0010283,3648,1,224,158,64
669,456,711,Sham19Y0145166,372,94,308,142,67
669,450,618,JK009218,75,657,822,128,95
669,456,986,Shamela0001686,531,540,988,330,76
670,834,1517,SHAM19Y23644,1330,261,692,295,52
670,1,728,Sham19Y0122397,317,154,868,497,83
670,1373,1517,Shia003732Vols,2223,580,712,94,74
670,728,1129,Shamela0010283,3648,300,546,179,56
670,433,762,JK000916,6549,1184,1441,125,50
670,629,942,JK000916,10225,238,550,240,94
670,728,1129,Shamela0001686,531,1066,1308,181,56
671,690,1529,Sham19Y0145435,344,65,693,362,49
671,939,1521,Shamela0008473,2228,404,801,140,24
671,726,1529,Shamela0023833,769,739,1264,295,42
671,205,482,Shamela0035100,326,13,206,138,59
671,1114,1521,Shamela0035100,328,388,631,159,49
671,868,1529,Shamela0009770,512,775,1277,293,52
671,694,1338,Shamela0007798,4580,861,1374,312,55
671,239,1338,Shia003616Vols,323,488,1443,438,41
671,690,1344,JK000475,1816,876,1363,322,59
671,1,470,Shamela0021766,1880,51,543,310,73
671,939,1315,Shia002958,90,715,1098,151,40
671,161,482,Shamela0010906,510,686,898,151,57
671,1114,1521,Shamela0010906,512,1072,1315,159,49
671,863,1525,Shamela0005816,170,853,1432,237,34
671,824,1315,Shamela0010668,469,264,586,240,60
671,1,968,SHAM19Y23644,1330,692,1540,509,57
671,744,1338,SHAM19Y23644,1332,19,355,252,52
671,1283,1521,Shamela0009784,1244,763,1249,168,41
671,1,470,Shia003732Vols,2223,712,1245,299,60
671,1,694,Shamela0023594,759,65,878,468,66
671,939,1529,Shamela0010283,3649,981,1432,272,54
671,1325,1521,Sham19Y0145166,376,688,870,134,80
671,1147,1529,Shia003714Vols,554,12,328,192,57
671,726,1529,Shamela0006864,1577,422,946,295,42
671,854,1525,Shamela0009898,178,143,725,278,43
671,1124,1521,Shamela0009873,1644,1012,1468,140,26
671,690,1529,Shamela0009783BK1,1061,446,1023,335,47
671,910,1521,ShamAY0034434,193,53,554,219,35
671,741,1521,Shia002183,68,16,459,289,45
671,581,1344,JK000435,142,412,1065,358,53
671,569,1529,Shamela0021713,866,396,1021,307,36
671,711,1344,Shamela0001686,535,999,1484,313,59
672,1019,1467,Shamela0023833,770,81,827,209,32
672,156,400,Shamela0007798,4581,5,266,167,74
672,147,419,JK000475,1817,19,309,185,75
672,1075,1375,Shamela0004445,1987,862,1306,174,45
672,53,866,SHAM19Y23644,1332,275,682,161,21
672,406,1512,Shia002183,68,57,824,444,44
672,45,406,JK000435,142,1131,1503,214,64
672,53,406,Shamela0001686,536,7,330,186,58
673,676,1523,Shia003616Vols,324,313,678,179,22
673,16,456,Shia003616Vols,324,60,394,175,45
673,54,325,Shamela0025794,2669,564,997,154,42
673,352,867,Shamela0021766,1883,1075,1515,268,56
673,676,1510,SHAM19Y23644,1334,421,829,249,34
673,371,911,Shia003732Vols,2237,1,621,362,66
673,54,325,Shamela0009567,555,213,651,154,41
673,371,911,Shamela0009873,1645,603,1213,352,66
673,54,325,Shamela0021765,1629,775,1192,154,43
674,1247,1520,Shamela0026710,5,1015,1291,212,97
674,1358,1517,Shia003616Vols,324,1338,1510,109,78
674,1268,1517,Shia003732Vols,2239,61,335,184,85
674,1224,1452,Shamela0001686,3003,540,744,104,46
675,1102,1382,Sham19Y0145435,345,579,1036,179,48
675,1,207,Shamela0026710,5,1291,1497,162,98
675,207,881,Shamela0026710,6,1,718,531,91
675,1102,1382,Shamela0023833,770,939,1406,176,46
675,1236,1391,Shamela0009770,514,63,239,108,79
675,181,1102,Shia003616Vols,325,30,677,391,51
675,786,1127,SHAM19Y23644,1334,981,1225,170,60
675,1102,1382,Kraken210630005153,7524,1115,1534,174,50
675,1236,1382,Shamela0009784,1248,997,1153,106,87
675,5,881,Shia003732Vols,2239,341,986,481,66
675,1217,1336,Shamela0010283,3650,601,716,83,84
675,1102,1382,Shamela0006864,1578,591,1059,179,47
675,1193,1382,Shamela0009873,1652,215,430,122,69
675,1102,1382,Shamela0009783BK1,1062,836,1259,178,52
676,581,965,Shamela0008473,3693,633,1011,178,50
676,581,915,Sham19Y0148271,75,86,445,185,54
676,532,1495,Shia003616Vols,325,697,1480,578,72
676,900,1495,Shia003616Vols,795,155,746,461,97
676,677,896,JK000022,3038,1,181,136,75
676,360,900,Shamela0021766,1887,618,1135,353,78
676,585,896,Sham19Y0127677,9987,782,1081,172,56
676,569,896,Sham19Y0127677,9988,1210,1508,212,76
676,528,875,SHAM19Y23644,1334,1249,1582,246,84
676,875,1215,SHAM19Y23644,1335,1,228,177,63
676,581,915,Tafsir09084,1882,491,813,178,58
676,360,900,Shia003732Vols,2240,71,645,392,82
676,581,918,Sham19Y0148486,5708,377,690,178,58
676,581,918,JK009179,180,870,1155,191,67
676,585,906,Shamela0009567,499,405,712,176,56
676,581,941,Shamela0021765,1555,156,494,179,56
677,1161,1428,Sham19Y0145435,1578,775,1071,181,73
677,48,364,Shamela0008473,2231,641,943,117,36
677,1161,1428,Shamela0023833,773,285,580,173,70
677,1,655,Shia003616Vols,795,746,1364,483,92
677,48,258,Shamela0004445,1998,15,154,95,56
677,1161,1428,Shamela0004445,2001,57,345,167,68
677,119,377,Shia003732Vols,2235,1202,1480,181,83
677,377,1188,Shia003732Vols,2236,1,758,562,83
677,1161,1428,Shamela0009783BK1,1064,67,350,174,73
678,1057,1429,Shamela0000551,1645,1,340,225,76
678,945,1424,ShamAY0035950,302,340,901,234,41
678,922,1360,JK010001,611,1020,1474,234,54
678,945,1429,Sham19Y0018176,1169,412,850,180,34
678,945,1429,Sham19Y0018176,1582,502,923,207,45
678,787,1360,Sham19Y0131521,3815,791,1314,260,46
678,945,1429,Shia000820Vols,1789,922,1301,244,58
678,945,1096,Shia000820Vols,3638,1314,1473,97,63
678,1182,1429,Shia000820Vols,3639,39,216,133,68
678,945,1429,Sham19Y0127656,527,654,1007,199,49
678,1251,1429,Shamela0037837,497,11,205,120,82
678,797,1429,Shamela0036446,870,609,1105,245,45
678,1182,1429,Shamela0012406,853,15,283,80,25
678,945,1429,Sham19Y0013605,2681,688,1126,180,34
678,945,1429,Sham19Y0013605,3299,820,1231,197,43
678,945,1429,Shamela0035100,333,975,1405,263,63
678,945,1429,ShamAY0033522,412,886,1351,292,69
678,937,1429,ShamAY0034249,4275,811,1179,232,56
678,945,1429,ShamAY0034249,4277,783,1160,226,53
678,945,1429,Sham19Y0148271,463,30,467,176,34
678,972,1320,JK000272,1417,522,746,143,48
678,945,1424,Shamela0021495,430,169,598,237,51
678,1182,1429,JK009324,1720,34,209,124,64
678,945,1429,JK007065,266,336,706,230,58
678,1020,1381,Sham19Y0133411,1895,12,367,198,60
678,1182,1429,Sham19Y0006684,1658,25,283,185,93
678,1020,1256,Sham19Y0014601,4146,213,410,129,67
678,945,1429,Zaydiyya0000407,276,1018,1441,224,48
678,945,1424,ShamAY0034282,1099,6,368,235,57
678,945,1429,Sham19Y0017768,1860,761,1119,225,54
678,945,1381,Shamela0012844,76,447,894,235,59
678,945,1429,Shamela0007891,1828,649,1188,164,26
678,945,1429,Shamela0012399,2122,903,1368,292,69
678,1020,1233,Shamela0012399,2124,982,1410,104,30
678,945,1429,Shamela0022547,2155,248,649,240,55
678,945,1405,Shamela0021766,1790,126,587,216,49
678,780,917,Shamela0021766,1887,1161,1289,99,90
678,972,1400,JK000734,232,416,641,137,37
678,945,1429,Sham19Y0020591,995,381,861,192,35
678,953,1429,Shamela0004445,1991,1,345,197,50
678,945,1429,Sham19Y0013252,5556,999,1437,180,34
678,945,1429,Sham19Y0013252,6681,101,512,197,43
678,945,1353,Sham19Y0018611,405,1018,1421,235,63
678,945,1429,Shamela0009242,3424,552,974,264,64
678,972,1400,Shamela0006140,558,186,433,146,38
678,945,1429,Shamela0010906,518,154,584,263,63
678,1182,1429,Sham19Y0013614,589,24,173,103,55
678,945,1360,Tafsir07055,653,407,831,236,60
678,1182,1429,Shamela0117359,663,1,266,78,24
678,945,1429,Shia002119Vols,1735,863,1309,273,65
678,945,1405,ShamAY0033938,985,1036,1433,246,63
678,945,1429,Sham19Y0017729,321,39,461,264,64
678,1188,1320,ShamIbadiyya0000433,677,1378,1511,102,98
678,1071,1285,Sham19Y0145212,2506,219,372,95,57
678,945,1416,JK000481,436,127,599,231,51
678,945,1429,Sham19Y0131336,1106,1002,1409,256,63
678,787,1348,Shamela0025800,2291,927,1507,257,42
678,945,1429,Shamela0011428,1509,340,803,191,35
678,937,1429,Shamela0005733,6,596,1067,303,71
678,1065,1429,JK006838,1107,1,326,100,24
678,945,1429,Sham19Y0016976,1296,209,543,190,47
678,787,1429,Shamela0005922,2192,99,692,272,46
678,945,1429,Sham19Y0018103,2131,700,1138,180,34
678,945,1353,Sham19Y0013667,4925,1074,1470,225,60
678,945,1429,Shamela0011816,240,20,415,240,56
678,972,1400,Sham19Y0013577,3532,279,517,135,37
678,945,1429,Shamela0006610,958,959,1376,261,64
678,945,1292,Sham19Y0122257,2369,832,1120,157,52
678,792,1381,Sham19Y0019188,1730,5,467,178,28
678,893,1429,Sham19Y0016934,3529,225,698,237,48
678,945,1429,Sham19Y0016934,3531,336,712,225,53
678,922,1429,JK011302,298,630,1134,294,62
678,945,1275,Sham19Y0014462,186,1118,1419,177,60
678,1275,1429,Sham19Y0014462,187,1,188,113,78
678,728,917,Shia003732Vols,2236,745,937,143,90
678,780,917,Shia003732Vols,2240,671,799,101,93
678,1071,1429,Shia003732Vols,2246,26,315,155,49
678,1081,1424,Sham19Y0132524,1218,463,747,174,65
678,787,1429,Shamela0009769,46,423,1052,275,41
678,945,1342,Shia002003Vols,1386,1008,1408,228,61
678,945,1429,Shamela0021479,228,819,1299,191,34
678,945,1424,Sham19Y0146127,2119,989,1350,236,58
678,945,1429,JK000110,789,174,612,180,34
678,945,1292,JK000110,1113,1135,1430,155,51
678,787,1429,Sham19Y0017903,584,170,750,292,51
678,945,1429,Sham19Y0016684,1253,872,1310,179,34
678,945,1424,Shamela0002863,1546,688,1051,238,58
678,922,1429,JK006800,205,1066,1433,206,47
678,945,1429,Shamela0012031,85,606,948,190,47
678,945,1424,Sham19Y0148486,3981,773,1152,233,56
678,945,1429,Shamela0012062,167,650,977,198,49
678,945,1245,Sham19Y0018159,98,1295,1557,158,59
678,945,1429,Shamela0028107,428,133,600,292,69
678,972,1320,Zaydiyya0000361,1213,1117,1330,128,43
678,945,1429,Shamela0022868,222,595,1010,255,62
678,945,1429,Shamela0001719,4424,181,629,276,67
678,787,1348,Sham19Y0014119,430,963,1455,220,43
678,787,1408,Shamela0008360,602,580,1149,258,47
678,937,1400,Shamela0026365,40,473,923,271,65
678,945,1381,Shamela0026440,19,610,1064,254,61
678,945,1429,ShamAY0034005,1393,178,710,240,44
678,945,1429,ShamAY0034441,367,1185,1544,209,53
678,1020,1360,ShamAY0032665,1822,1,357,198,63
678,945,1429,Shia000819,259,465,844,236,56
678,945,1429,Sham19Y0017791,1333,591,925,190,47
678,945,1360,JK000677,142,847,1323,239,54
678,945,1408,Shamela0008176,5044,777,1226,220,50
678,972,1400,Sham19Y0017885,1393,566,803,148,40
678,1182,1324,ShamIbadiyya0000438,542,297,449,92,72
678,787,1429,Shamela0001442,497,697,1223,217,32
678,787,1429,Shia000107Vols,2935,697,1059,185,32
678,945,1429,Shia000107Vols,2936,1159,1479,200,49
678,945,1429,Shamela0013033,125,835,1225,242,57
678,967,1429,Sham19Y0020638,798,1,401,244,62
678,1065,1429,Sham19Y0017616,277,1,319,170,52
678,945,1360,Sham19Y0018144,1822,25,455,235,59
678,792,1381,Shamela0008463,5051,64,523,179,28
678,945,1424,Sham19Y0013241,1236,1110,1476,237,58
678,945,1429,Sham19Y0016584,2365,138,505,231,56
678,945,1429,Sham19Y0016584,3043,659,1070,197,43
678,945,1429,Sham19Y0018106,2226,236,674,180,34
678,945,1429,Sham19Y0018106,2819,186,607,207,45
678,945,1429,Sham19Y0017063,960,1006,1347,195,48
678,1035,1395,Sham19Y0122406,2742,1,322,203,70
678,945,1320,Sham19Y0122406,4675,308,642,213,66
678,945,1360,Shia001989,255,819,1328,240,52
678,945,1424,Shamela0005756,9337,1035,1461,275,68
678,945,1429,Shamela0005756,11011,406,814,194,43
678,1182,1360,JK001324,139,24,241,102,55
678,945,1429,Shamela0012415,660,747,1126,246,61
678,945,1429,Sham19Y0014032,170,350,698,209,52
678,945,1429,Sham19Y0011194,416,361,801,180,34
678,945,1360,JK000916,26245,823,1206,235,65
678,945,1429,Shamela0021713,881,322,732,260,64
678,774,1429,Sham19Y0020944,599,249,942,210,25
678,945,1429,Shia000841Vols,8048,6,426,261,63
678,945,1381,ShamAY0034263,626,553,829,163,43
678,945,1320,Sham19Y0013769,2902,845,1165,192,58
678,945,1429,Shamela0021715,5000,368,807,180,34
678,945,1429,Shamela0021715,6555,25,367,190,47
678,945,1429,Sham19Y0001729,1655,834,1356,291,64
678,945,1429,Sham19Y0001729,1668,460,971,293,66
678,945,1429,Shamela0021743,1574,59,494,263,62
678,787,1429,ShamIbadiyya0000155,85,801,1397,255,41
678,937,1429,Shia000828,263,905,1273,232,56
679,201,604,JK010001,612,31,325,190,56
679,6,604,Shia000820Vols,3639,216,630,252,53
679,6,604,Shamela0036446,870,1005,1479,235,39
679,1,585,ShamAY0034249,4275,1081,1543,266,56
679,192,431,Sham19Y0150600,1138,522,826,172,71
679,1,604,JK007065,266,601,1144,262,41
679,6,445,ShamAY0032376,1626,836,1188,190,52
679,635,1431,Shia003616Vols,326,515,1126,443,70
679,635,935,Shia003616Vols,3163,1114,1414,236,100
679,935,1431,Shia003616Vols,3164,1,498,377,93
679,1,604,Sham19Y0017768,1860,1021,1491,261,53
679,1107,1431,Shamela0004445,1998,1056,1416,159,53
679,773,1431,Shia001432Vols,8694,337,840,213,35
679,1,730,Shamela0009978,91,214,863,291,40
679,1,440,Shamela0006222,740,1019,1335,202,55
679,1,604,Shamela0009242,3424,817,1359,255,41
679,1,604,Tafsir07055,653,672,1231,262,41
679,192,604,ShamAY0033938,986,59,413,213,58
679,11,431,Sham19Y0013253,687,88,407,187,53
679,6,661,JK000481,436,464,1088,287,45
679,192,604,Sham19Y0131336,1107,32,423,224,56
679,192,604,Shamela0025800,2292,90,439,214,58
679,30,734,Shamela0011428,1509,728,1339,280,49
679,1,431,Shamela0005733,6,884,1393,190,35
679,1,604,Shamela0005922,2192,587,1067,267,55
679,711,1431,Shamela0009784,1245,176,845,239,33
679,1,604,Shamela0011816,240,314,833,271,52
679,1,440,Sham19Y0019188,1730,346,737,206,47
679,1,604,Sham19Y0016934,3529,604,1081,276,56
679,1,730,Sham19Y0016934,3531,712,1221,301,50
679,1,604,Shia003732Vols,2246,315,875,265,44
679,222,604,Shamela0021479,229,5,285,197,65
679,222,730,Sham19Y0146127,2120,23,467,236,53
679,6,604,Shamela0021721,4006,606,1024,230,49
679,1,730,Sham19Y0017903,584,601,1193,278,39
679,1,585,Shamela0002863,1546,958,1472,250,41
679,1,604,Shamela0022868,222,853,1404,260,41
679,1,604,Shamela0026440,19,907,1413,277,56
679,1,604,ShamAY0034005,1393,608,1119,272,54
679,225,730,JK000677,143,1,497,225,45
679,6,417,Shia000107Vols,2937,1,403,208,58
679,211,604,Shamela0013033,126,1,326,222,67
679,1,604,Sham19Y0017616,277,161,722,264,41
679,1,440,Shamela0008463,5051,405,796,207,48
679,635,1431,Zaydiyya0000037Vols,208,902,1219,204,30
679,1,431,JK009218,355,974,1252,185,53
679,635,791,JK000916,8812,1306,1461,121,99
679,791,1431,JK000916,8813,1,648,476,91
679,324,604,JK000916,26246,1,189,137,61
679,635,1431,Shia003695Vols,129,104,623,206,30
679,30,730,Sham19Y0020944,599,865,1428,271,47
679,1,604,Shia000841Vols,8048,269,810,256,41
679,1,604,Shia000841Vols,8828,840,1204,245,51
679,222,635,Sham19Y0001729,1656,1,307,205,63
679,1,604,Sham19Y0001729,1668,869,1384,285,56
679,1,417,Shamela0021743,1574,337,810,213,44
680,551,1163,ShamAY0034443,171,293,855,246,42
680,511,900,Sham19Y0145435,1577,132,494,160,45
680,1,319,Shamela0008473,2230,757,1086,189,66
680,494,883,Shamela0012715,196,513,813,129,36
680,511,883,Shamela0023833,768,1071,1413,156,44
680,1,345,Shia003616Vols,326,1126,1472,258,90
680,345,1167,Shia003616Vols,327,1,773,531,76
680,1,454,Shia003616Vols,3164,498,968,352,94
680,8,298,Shia003616Vols,3165,1,303,174,64
680,224,454,Shia003616Vols,4158,360,610,179,90
680,887,1154,Shamela0003118,4618,1172,1450,200,88
680,1,454,Shamela0021766,1881,676,1167,330,81
680,20,303,Shamela0004445,1999,6,297,170,65
680,511,933,JK000911,588,12,351,175,49
680,976,1189,Sham19Y0127677,4774,14,233,142,80
680,887,1239,Shia002265Vols,4456,940,1286,221,74
680,1,298,JK006838,1105,413,705,187,71
680,547,1163,SHAM19Y23644,1333,510,1161,406,75
680,1,303,Tafsir09084,1086,16,331,186,67
680,511,900,Shia003732Vols,2224,825,1226,162,41
680,1,230,Shia003732Vols,2226,1170,1446,174,78
680,230,454,Shia003732Vols,2227,1,226,172,96
680,511,900,Shamela0010283,3649,193,465,152,49
680,511,900,Shia002406Vols,3530,365,738,165,44
680,511,908,Shia003714Vols,552,853,1171,146,41
680,511,830,ShamAY0034441,364,1233,1436,111,41
680,887,1163,Shamela0001438,6733,401,697,207,88
680,511,883,Shamela0006864,1576,787,1130,156,44
680,1,255,Zaydiyya0000037Vols,208,1219,1493,188,84
680,749,1186,Shamela0009873,1649,233,922,242,43
680,887,1087,JK009390,6790,1207,1425,155,89
680,887,1239,JK009390,7074,379,729,220,73
680,1,454,JK000916,8813,648,1108,350,96
680,887,1171,JK000916,15741,1095,1399,205,82
680,511,883,Shamela0021713,865,346,628,139,44
680,494,883,Sham19Y0127698,99,462,746,132,38
680,1,298,Shia003695Vols,129,623,907,190,74
682,733,1241,Shamela0001515,377,1018,1530,310,65
682,1241,1528,Shamela0001515,378,1,272,210,89
682,802,1510,Sham19Y0145435,1580,1,616,275,38
682,756,1281,ShamAY0034249,6137,878,1170,158,37
682,752,1115,Shamela0022881,148,1080,1353,167,52
682,516,1510,Shamela0009770,517,42,725,361,41
682,1204,1528,JK000778,1247,667,955,156,49
682,21,869,Shia003616Vols,327,807,1464,333,40
682,361,1349,Shamela0021766,1892,674,1499,546,66
682,521,1063,Shamela0004445,2039,952,1425,214,40
682,1241,1528,Shamela0001001,263,45,269,126,48
682,1204,1528,Shamela0026568,380,878,1147,147,51
682,1204,1528,Shamela0009784,460,1191,1485,154,49
682,361,696,Shia003732Vols,2241,1156,1464,150,54
682,696,1528,Shia003732Vols,2242,1,862,614,83
682,1204,1528,Sham19Y0038171,1135,289,548,148,51
682,1204,1528,Shamela0023685,402,748,1026,155,54
682,756,1528,Shia003714Vols,557,1024,1542,254,34
682,1204,1528,JK003609,3944,565,843,151,48
682,521,1427,Shamela0006864,1585,810,1511,336,39
682,1369,1528,Shamela0026484,292,1,149,110,81
682,764,1510,JK000015,72,606,1017,246,39
682,756,1281,Shamela0009783BK1,1066,46,512,196,36
682,756,1528,Shamela0021713,869,453,995,262,35
683,173,482,Shamela0001515,378,277,515,187,71
683,821,1210,Sham19Y0000259,1151,469,951,194,42
683,425,781,Sham19Y0145435,1578,978,1439,210,57
683,781,1448,Sham19Y0145435,1579,1,703,421,68
683,508,1292,Shamela0023833,774,601,1476,495,66
683,1292,1448,Shamela0023833,775,1,170,118,86
683,315,1442,Shamela0035100,335,270,1161,424,41
683,514,1448,Shamela0009770,515,76,932,502,61
683,798,1448,JK000778,287,92,716,378,65
683,1153,1448,Shamela0028174,173,1,268,183,74
683,635,1472,Shamela0003118,2177,7,873,603,83
683,798,1448,Shia003636Vols,782,219,693,311,58
683,275,664,Shamela0021766,1893,120,420,173,48
683,315,1032,Shamela0004445,2003,844,1508,307,48
683,1032,1448,Shamela0004445,2004,1,438,291,81
683,561,821,Shamela0009728,133,458,658,107,47
683,315,1115,Shamela0010906,519,921,1490,238,31
683,1115,1442,Shamela0010906,520,1,323,196,70
683,425,1448,Shia004649Vols,3052,257,1124,445,46
683,519,1257,Shamela0005816,172,476,1009,290,45
683,514,1032,Shamela0021525,414,1084,1411,186,42
683,1028,1448,Shamela0021525,415,1,603,281,58
683,1102,1448,JK000911,589,1,214,153,54
683,690,1442,JK006838,1110,1,768,465,69
683,640,1210,Shamela0005922,2773,989,1499,261,50
683,514,980,SHAM19Y23644,1338,1167,1476,185,48
683,966,1472,SHAM19Y23644,1339,38,498,334,81
683,815,1448,Kraken210630005153,7527,1,610,386,70
683,425,1448,Shamela0009784,1252,52,1028,502,54
683,716,1210,Sham19Y0013667,4917,413,1123,168,23
683,275,928,Shia003732Vols,2242,815,1534,404,60
683,928,1472,Shia003732Vols,2243,1,598,394,79
683,508,1120,Shamela0010283,3650,966,1451,263,46
683,1120,1448,Shamela0010283,3651,1,260,174,64
683,635,1257,Sham19Y0146127,3149,191,708,285,54
683,514,1243,Sham19Y0145166,378,981,1472,297,48
683,1243,1448,Sham19Y0145166,379,1,180,120,68
683,798,1210,Sham19Y0148486,5735,175,546,239,68
683,554,1283,Shamela0009780,656,1011,1402,239,41
683,554,1210,Sham19Y0029560,153,242,570,200,38
683,514,1448,ShamAY0034441,365,218,1039,484,57
683,784,1238,JK003609,3420,992,1472,286,72
683,1238,1472,JK003609,3421,1,239,182,95
683,1013,1238,Shia001278Vols,181,1277,1544,157,73
683,508,1448,Shamela0006864,1582,117,1161,610,68
683,940,1257,Shamela0009898,180,1,324,183,61
683,630,1448,Shamela0009873,1651,852,1469,316,44
683,716,1448,Shamela0023700,772,96,712,393,62
683,495,1448,Shamela0009783BK1,1064,405,1404,593,68
683,640,1120,ShamAY0034434,194,1143,1490,174,41
683,491,1442,JK000916,6340,223,1297,574,62
683,625,1472,JK000916,6344,428,1352,659,90
683,508,849,Shamela0006617,644,1079,1509,213,59
683,849,1448,Shamela0006617,645,1,582,361,69
683,716,1257,JK000533,783,297,704,109,19
683,169,508,ShamAY0034447,2007,212,513,241,86
684,71,1399,Shia003616Vols,2075,8,1022,743,68
684,6,808,Shamela0003118,4277,661,1475,617,94
684,808,1399,Shamela0003118,4278,1,512,373,76
684,264,986,Sham19Y0013252,6687,573,1031,144,19
684,441,1224,SHAM19Y23644,1338,209,571,240,38
684,35,566,Shia003732Vols,2603,506,1000,210,40
684,622,1026,Shia003732Vols,2604,112,1087,266,33
684,768,1055,Shamela0010283,3651,640,769,100,43
684,1259,1418,Shamela0010283,3653,798,947,104,78
684,768,1475,Shia003714Vols,555,263,751,197,27
684,24,472,JK000916,14552,994,1448,353,98
684,472,1253,JK000916,14553,1,800,620,96
684,35,1055,Shamela0001686,532,1164,1522,233,28
684,1259,1475,Shamela0001686,533,147,338,127,71
684,35,1075,Shamela0001686,1530,49,778,428,45
685,1273,1529,Shamela0023833,796,876,1132,148,62
685,1289,1529,Shamela0009770,526,667,897,145,66
685,771,1126,Shia003616Vols,3119,251,641,262,81
685,760,1145,Shia003732Vols,2241,933,1320,253,76
685,1001,1390,Shia003732Vols,2247,794,1489,223,35
685,1294,1529,Shamela0006864,1618,1,236,138,62
685,765,1145,Shia004456Vols,4300,942,1321,238,70
685,1,412,JK000916,22367,1121,1534,331,98
685,412,790,JK000916,22368,1,381,291,95
686,529,763,Shamela0036446,753,20,235,158,80
686,806,1443,Shia003616Vols,328,600,1310,330,49
686,1068,1457,Shia003616Vols,3125,520,1011,127,24
686,478,835,Sham19Y0006684,1681,740,1082,215,69
686,647,835,Sham19Y0006684,1682,148,605,102,25
686,299,1097,Shamela0012399,2137,491,1293,287,33
686,487,763,Shamela0012399,2143,42,547,190,46
686,909,1288,Shia001432Vols,35531,438,965,256,56
686,518,835,Shia002119Vols,1760,1,341,194,64
686,529,1097,Shamela0025800,558,713,1276,210,32
686,924,1328,Shamela0009784,1255,751,1277,209,46
686,498,835,Sham19Y0014462,194,804,1181,216,67
686,1,1328,Shia003732Vols,2248,115,950,498,41
686,1288,1457,Shia003732Vols,2249,246,399,121,89
686,513,806,Shamela0029344,57,846,1144,127,46
686,299,1097,Shamela0028107,430,601,1294,276,35
686,498,748,Shamela0001719,4536,1229,1495,172,76
686,924,1328,ShamAY0034441,367,79,450,189,50
686,498,763,Noorlib0007682,124,15,334,186,71
687,85,1206,Sham19Y0131521,6002,23,959,490,47
687,255,517,Sham19Y0131521,6011,14,494,124,31
687,11,1082,Shamela0036446,621,558,1424,477,49
687,493,1453,Shamela0012406,1015,735,1428,452,57
687,85,731,Shamela0023833,896,6,714,310,45
687,702,1426,Shamela0023833,896,579,871,139,23
687,488,1082,Shamela0035100,257,187,724,216,37
687,18,333,Sham19Y0148271,854,1118,1459,169,54
687,6,474,Shia003616Vols,3125,1015,1474,347,92
687,483,1305,Sham19Y0014601,5698,869,1478,258,33
687,660,1305,Sham19Y0014601,5699,75,656,264,45
687,731,1426,Shamela0025794,3928,1108,1420,145,23
687,111,1426,Shamela0025794,4563,1,757,388,34
687,18,575,Shamela0023100,288,963,1441,249,47
687,702,1426,Shamela0023100,289,44,349,174,30
687,11,493,Sham19Y0127700,276,944,1462,249,51
687,493,1381,Sham19Y0127700,277,1,714,241,25
687,89,986,Sham19Y0020591,1631,1,767,413,50
687,11,1206,Shamela0117359,1043,149,1162,520,49
687,18,1206,JK009408,951,423,1427,466,44
687,293,462,JK009408,1926,77,206,80,59
687,11,402,Shamela0025800,987,995,1422,204,53
687,410,1206,Shamela0025800,988,1,593,317,46
687,11,1082,JK006838,967,386,1187,415,44
687,6,698,Shia003732Vols,2249,403,1507,531,59
687,698,1470,Shia003732Vols,2250,1,798,572,88
687,159,1426,Shamela0021809,1297,6,730,346,32
687,702,1426,Shamela0021809,1298,653,989,196,34
687,11,677,Shamela0009076,247,861,1391,274,48
687,843,1250,Shamela0009076,248,15,559,251,54
687,293,751,Sham19Y0146127,3176,15,490,188,38
687,6,814,Shamela0009773,323,914,1452,306,45
687,18,751,Sham19Y0148486,5777,568,1262,294,38
687,702,1426,Tafsir06049,1874,1017,1294,135,23
687,11,474,Sham19Y0016636,606,950,1450,255,57
687,483,1206,Sham19Y0016636,607,6,524,263,42
687,174,483,Shamela0001442,810,1,326,181,63
687,702,1426,Shamela0006864,1763,719,1011,139,23
687,18,731,Shamela0006864,1763,71,854,348,47
687,18,483,Shamela0023700,2239,266,464,130,34
687,926,1426,Shia001989,188,1,227,138,35
687,11,575,Shamela0001733,1237,958,1451,268,53
687,11,889,Sham19Y0020944,1054,720,1455,390,50
687,89,1206,Sham19Y0014309,1147,1,872,475,48
687,146,422,Sham19Y0014309,1148,569,1100,79,16
688,1117,1447,Sham19Y0131521,5987,301,661,150,44
688,1123,1447,Sham19Y0131521,5992,765,1119,150,45
688,1123,1451,ShamAY0032781,72,524,852,139,43
688,138,417,Shia003616Vols,3126,521,741,153,69
688,1123,1447,Sham19Y0014601,7032,862,1216,146,44
688,556,691,ShamAY0032379,638,233,361,97,90
688,1136,1312,Shamela0010529,89,816,988,109,71
688,1113,1329,ShamAY0034282,3145,177,430,132,64
688,1117,1447,Sham19Y0020591,1624,602,962,150,44
688,1117,1447,Shamela0117359,1039,81,441,150,44
688,1113,1312,Shia003461Vols,405,858,1069,118,65
688,1123,1312,Shamela0029897,10,286,454,108,72
688,1113,1329,Sham19Y0013667,6455,13,662,126,24
688,1123,1447,JK007049,159,402,798,144,45
688,1113,1447,Shamela0012403,137,1086,1338,136,45
689,410,1268,Shamela0012406,772,508,1020,240,28
689,410,847,Shamela0023833,232,1232,1455,106,30
689,410,880,Shamela0009770,215,269,515,121,32
689,410,954,JK000778,465,520,866,135,27
689,410,1176,Shia003616Vols,329,496,1204,402,55
689,420,880,Shia003616Vols,1364,1,280,113,31
689,483,1115,Shamela0003118,3054,1,512,408,79
689,410,954,Shamela0004445,1155,131,428,139,31
689,394,793,Sham19Y0013252,6692,1288,1502,163,50
689,798,984,Sham19Y0013252,6693,13,199,125,78
689,410,954,JK009408,1177,1017,1321,151,32
689,473,984,Shamela0026568,291,185,542,204,42
689,410,873,Kraken210630005153,7413,1041,1277,104,28
689,732,1004,Shamela0009784,1257,161,410,173,75
689,394,1115,Shia003732Vols,2607,312,852,359,56
689,410,824,Shamela0010283,3653,1283,1530,143,40
689,488,954,Shamela0012935,113,42,251,114,29
689,400,1004,Shamela0012935,350,507,912,272,52
689,779,984,Sham19Y0145166,481,992,1223,133,63
689,732,984,Shamela0023685,314,397,622,160,74
689,488,880,Shia003714Vols,156,1086,1226,90,29
689,394,1302,Shia003714Vols,562,606,1424,454,52
689,394,1221,ShamAY0034441,368,586,1201,320,43
689,410,954,Shamela0006864,618,877,1177,149,34
689,473,1149,Shamela0009873,1821,594,1196,263,36
689,410,954,Shamela0023700,1161,57,345,137,30
689,410,880,Shamela0023735,2673,361,578,121,31
689,394,880,JK003504,72,792,1017,126,33
689,122,254,JK000916,9423,1274,1406,104,100
689,254,1115,JK000916,9424,1,862,683,97
689,394,1527,Shamela0021713,884,61,688,387,38
689,394,944,Shamela0001686,537,1177,1544,260,56
690,265,751,Sham19Y0145435,1581,20,449,134,24
690,1030,1413,ShamAY0033999,87,611,975,201,56
690,210,654,Shamela0023833,788,625,1069,126,24
690,1030,1335,Shia003616Vols,3400,1251,1483,158,61
690,222,843,Sham19Y0014601,5714,7,397,158,27
690,222,613,Shamela0023695,925,67,609,166,35
690,1030,1395,SHAM19Y23644,1091,981,1362,189,50
690,78,717,SHAM19Y23644,1340,1151,1439,200,38
690,241,922,Shamela0009784,1259,1,430,154,25
690,1059,1413,Shamela0011385,4264,829,1073,168,58
690,968,1455,Shamela0010521,343,716,1073,173,40
690,217,751,Shia003732Vols,2285,525,950,137,23
690,232,796,Shamela0009769,7,858,1309,154,27
690,217,762,Shamela0010283,3654,529,862,181,39
690,1030,1395,Shamela0009773,107,177,456,201,66
690,1040,1395,Shamela0009773,307,918,1227,228,76
690,1030,1395,Shamela0009773,1468,369,672,219,71
690,269,717,ShamAY0034441,368,1362,1533,97,28
690,1040,1455,Shamela0013027,187,704,1150,176,40
690,330,654,Shamela0006864,1610,1,325,65,16
690,222,571,ShamAY0038413,113,59,440,166,48
690,1030,1455,JK010770,24,344,678,157,41
690,265,613,Shamela0023735,445,9,252,120,40
690,222,628,Shamela0009783BK1,1067,969,1234,133,39
690,1030,1455,Shamela0000677,26,589,961,189,48
691,1,338,Sham19Y0145435,1581,380,699,197,65
691,1,338,Shamela0023833,788,1002,1415,217,60
691,1,338,Shamela0009770,521,764,1015,153,55
691,436,1068,Shia003616Vols,2076,1,604,439,85
691,135,1163,Shia003616Vols,2099,589,1544,616,68
691,1,343,Sham19Y0014601,3225,1016,1281,145,52
691,1,381,Shamela0004445,2013,258,781,221,51
691,264,1232,SHAM19Y23644,1341,6,450,262,33
691,1,683,Shamela0009784,1259,286,714,183,29
691,1,381,Shia003732Vols,2285,889,1402,165,31
691,1,690,Shamela0010283,3654,900,1311,213,33
691,10,690,ShamAY0034441,369,72,386,173,33
691,1,338,Shamela0006864,1610,258,671,217,60
691,112,338,Shamela0009783BK1,1068,1,162,110,62
692,678,1530,Shamela0035100,337,871,1405,330,43
692,426,1506,Shia003616Vols,330,673,1397,413,44
692,109,659,Shia003616Vols,3167,497,1019,376,84
692,668,1530,Shia001432Vols,8696,48,561,257,30
692,678,1530,Shamela0010906,522,64,597,329,43
692,451,629,Shamela0023695,925,1189,1365,115,78
692,640,1122,Shamela0011428,1452,23,418,231,56
692,668,1530,JK006838,1114,188,676,369,51
692,672,1506,SHAM19Y23644,1341,415,926,324,46
692,437,629,Shia003732Vols,2286,772,939,100,62
692,640,1190,Shia003732Vols,2288,783,1528,426,70
692,1190,1530,Shia003732Vols,2289,1,323,231,79
692,1088,1530,Shamela0010283,3655,392,873,201,42
692,722,1122,ShamAY0033181,1546,76,477,205,55
692,1297,1506,Shamela0006617,648,549,724,88,49
693,717,1080,Shamela0023833,789,1054,1536,196,46
693,1105,1479,Shamela0023833,790,1,430,268,77
693,717,1479,Shamela0009770,522,369,961,350,51
693,412,639,Shamela0021766,1889,955,1290,149,52
693,717,1479,Shamela0004445,2016,305,867,328,49
693,398,878,JK006838,1114,658,856,123,32
693,398,1144,SHAM19Y23644,1341,938,1350,297,49
693,552,1479,Shamela0009784,1260,293,1311,388,36
693,161,754,Shia003732Vols,2289,232,878,227,32
693,844,1479,Shamela0009769,135,570,1186,356,62
693,717,1479,Shamela0006864,1611,283,1195,458,58
694,62,376,Shia003616Vols,3167,1000,1385,247,80
694,46,376,Shia003732Vols,2289,542,843,226,85
695,280,1290,Sham19Y0014601,4118,739,1321,312,37
695,292,915,JK009408,1939,193,796,163,22
695,280,1290,Shamela0011428,1333,748,1341,326,38
695,1,465,SHAM19Y23644,1342,100,536,225,53
695,286,1160,Shia003732Vols,2287,237,1433,543,52
695,1016,1478,Shia003732Vols,2288,111,609,313,76
695,398,768,Shamela0009780,667,1129,1370,111,36
696,104,859,Shamela0010646,2100,758,1437,450,66
696,859,1491,Shamela0010646,2101,1,166,118,23
696,104,1075,Shia003616Vols,3166,493,1458,694,86
696,1075,1491,Shia003616Vols,3167,1,451,329,92
696,1,164,Shamela0021766,1072,115,279,128,96
696,114,356,Shia001432Vols,8683,1267,1450,109,51
696,371,1147,Shia001432Vols,8684,1,587,391,61
696,1,896,SHAM19Y23644,1342,631,1459,512,65
696,896,1480,SHAM19Y23644,1343,1,466,332,68
696,114,424,Shia001344Vols,71,1214,1442,150,56
696,424,1147,Shia001344Vols,72,1,536,361,61
696,1,164,Shia003732Vols,2288,609,774,130,96
697,421,919,Shamela0000551,2461,26,226,121,28
697,25,491,ShamAY0035249,307,670,1052,228,54
697,31,1237,Shia003616Vols,331,434,1193,485,46
697,25,748,Shamela0004445,2018,265,804,249,34
697,175,1044,Sham19Y0013252,6696,92,475,107,12
697,25,491,Shia002119Vols,2942,829,1243,246,60
697,36,491,Shamela0005816,173,411,705,189,53
697,25,491,JK006838,1113,971,1303,215,55
697,36,462,Shia003732Vols,2290,1066,1432,223,60
697,355,725,Sham19Y0122401,526,555,885,156,48
697,397,1263,Sham19Y0132524,2219,385,1031,242,29
697,39,929,Sham19Y0146127,2911,504,953,220,29
697,25,446,Shamela0001719,4239,1047,1410,218,63
697,350,1263,JK000927,471,774,1433,228,25
697,36,416,Shamela0009898,180,1246,1473,135,46
697,39,760,Shamela0009873,1659,592,1161,297,43
697,696,1304,Shamela0009873,1660,179,748,175,26
697,25,491,Shamela0023700,2040,122,578,265,60
697,31,845,ShamAY0036061,13,495,1429,529,64
697,31,491,ShamAY0034434,195,997,1281,172,48
698,530,1124,Sham19Y0145435,1582,889,1443,300,54
698,422,1178,Shamela0023833,790,535,1348,313,38
698,636,1093,Shia003616Vols,331,1211,1511,206,56
698,452,1147,Shia003616Vols,3168,714,1470,344,48
698,1147,1422,Shia003616Vols,3169,1,270,216,97
698,562,1183,Shamela0004445,2019,360,887,291,52
698,642,1178,JK006838,1118,22,395,205,43
698,448,963,SHAM19Y23644,1343,793,1396,253,49
698,462,1183,ShamAY0033531,2143,460,1028,281,47
698,452,1183,Shia003732Vols,2291,613,1280,320,47
698,562,1192,Shamela0010283,3656,14,721,294,43
698,642,883,Sham19Y0145166,386,1234,1451,134,63
698,228,591,Shia003459BK1,50,334,698,211,67
698,562,1178,Shamela0006864,1612,28,596,288,50
698,576,1157,Shamela0009873,1663,27,572,267,48
698,530,1183,Shamela0009783BK1,1069,233,775,290,49
699,840,1161,Sham19Y0145435,1582,381,710,181,61
699,499,844,Shamela0023833,790,478,800,185,62
699,642,1095,ShamAY0034249,7338,1260,1517,174,48
699,420,844,Shamela0009770,522,1009,1303,155,42
699,605,982,Shia003616Vols,1789,380,782,217,65
699,1,1069,Shia003616Vols,3169,270,1459,831,88
699,1069,1448,Shia003616Vols,3170,1,404,294,89
699,499,1020,Shamela0021766,1889,1029,1456,271,64
699,1031,1399,Shamela0021766,1890,7,354,122,27
699,840,982,Shamela0004445,2018,1311,1445,94,79
699,610,848,Shamela0004445,2019,152,409,172,80
699,972,1448,Sham19Y0013252,6701,1152,1533,226,54
699,795,1448,SHAM19Y23644,1344,540,1018,331,63
699,430,982,Shamela0009784,1261,762,1384,177,27
699,804,1376,ShamAY0033531,2143,318,899,185,30
699,416,1295,Shia003732Vols,2291,146,1000,357,39
699,425,787,Shamela0010283,3655,1140,1475,117,27
699,1137,1448,Shamela0010283,3656,403,839,199,51
699,1122,1448,Shamela0023685,315,969,1282,198,66
699,655,1012,Shamela0006590,435,1,235,136,49
699,799,1262,Shia003714Vols,563,1113,1485,188,48
699,1266,1448,Shia003714Vols,564,28,214,146,95
699,799,1448,Shamela0009873,1663,370,1016,327,55
699,840,1103,Shamela0009783BK1,1068,1268,1502,155,71
699,799,1448,Shamela0021713,885,241,841,336,57
699,1066,1448,Shamela0001686,539,1,316,204,58
699,953,1387,Shamela0021715,6565,1024,1556,146,24
700,16,426,Sham19Y0145435,1583,32,460,261,70
700,77,719,Shamela0023833,791,4,639,236,32
700,1140,1449,Shamela0023833,792,306,628,194,71
700,16,517,Shamela0009770,523,286,819,246,44
700,536,817,Shia003616Vols,332,143,385,170,70
700,1,802,Shia003616Vols,3170,404,1250,631,93
700,16,517,Shamela0004445,2019,882,1409,274,58
700,547,882,Sham19Y0013252,6702,1,304,193,66
700,16,383,JK000911,591,196,513,188,61
700,16,383,Shamela0009784,1262,195,528,217,67
700,1245,1449,Shamela0009784,1263,1,224,140,76
700,793,1449,Sham19Y0122397,318,19,796,476,75
700,462,857,Shia003732Vols,2292,1040,1372,195,53
700,407,867,Shia003714Vols,564,119,598,254,54
700,16,719,Shamela0006864,1612,609,1324,274,34
700,1140,1449,Shamela0006864,1613,969,1291,194,71
700,16,383,Shamela0009783BK1,1069,770,1137,239,74
700,493,793,Shamela0001686,539,302,546,170,70
700,875,1168,Shamela0001686,1341,735,1267,147,34
700,1140,1449,JK000412,27,624,995,196,63
701,199,1115,Shamela0012406,1132,332,1185,522,63
701,175,1334,Shia003616Vols,332,389,1200,543,54
701,433,1115,SHAM19Y23644,2055,134,745,390,65
701,14,462,Shia003732Vols,2293,308,915,224,41
701,413,1280,Shia003732Vols,2294,297,1269,509,59
701,374,1044,Shia003732Vols,2896,485,1077,410,71
701,263,1115,JK009242,438,349,1107,443,54
701,193,613,Shamela0012031,233,1041,1452,210,53
701,613,1115,Shamela0012031,234,1,372,256,60
701,231,403,JK001117,13,1242,1478,85,46
701,368,1115,Shamela0001686,1445,370,1080,482,74
702,983,1503,Shamela0023833,308,312,811,216,43
702,902,1503,Shamela0009770,276,128,679,244,42
702,1004,1508,Shamela0029852,13,89,500,176,35
702,763,1457,Shia003616Vols,333,6,329,194,34
702,983,1503,Shamela0010637,198,933,1437,217,44
702,888,1316,Sham19Y0007233,224,982,1458,187,45
702,1004,1503,Shia003732Vols,1290,228,691,200,37
702,869,1468,Shia003732Vols,2293,854,1516,473,88
702,869,1264,JK007128,1035,1163,1522,224,68
702,983,1503,Shamela0006864,776,254,756,216,43
702,1223,1503,Shamela0026484,124,1,213,124,48
702,983,1503,Shamela0012855,7,218,702,208,42
703,1064,1362,Sham19Y0018176,1073,896,1122,137,55
703,1064,1362,Sham19Y0018176,1172,199,398,149,60
703,1064,1362,Sham19Y0127656,387,1316,1516,149,59
703,1064,1373,Shamela0037837,446,1099,1347,151,59
703,1064,1362,Sham19Y0013605,2686,1137,1336,149,60
703,1058,1362,JK009324,1520,123,351,150,58
703,1058,1362,JK009324,1726,1014,1278,156,58
703,15,1362,Shia003616Vols,333,373,1195,549,49
703,1004,1362,Shia003616Vols,479,880,1120,133,45
703,1058,1362,Shamela0003722,5174,811,1075,152,56
703,1058,1362,JK000383,131,55,383,113,35
703,1058,1362,ShamAY0034352,125,673,1000,113,35
703,1064,1362,Shamela0004445,2025,1148,1409,152,58
703,1064,1362,Shamela0004445,2027,362,668,120,41
703,1064,1362,Sham19Y0013252,5570,1208,1407,149,60
703,1058,1362,Shamela0025800,1156,539,774,151,59
703,1004,1362,Shamela0026568,294,843,1155,158,50
703,1064,1362,Sham19Y0016976,1784,174,392,143,57
703,1064,1362,Sham19Y0018103,1968,126,352,137,55
703,1064,1362,Sham19Y0018103,2136,923,1122,149,60
703,1064,1362,Shamela0096283,247,175,374,149,60
703,1064,1362,Shamela0021809,407,298,499,149,60
703,1310,1454,Sham19Y0146127,3161,151,426,101,43
703,1064,1369,JK000110,705,232,465,137,54
703,1064,1362,Sham19Y0016684,1146,771,997,137,55
703,1058,1454,Sham19Y0148486,5754,191,648,148,33
703,1064,1377,Shamela0001719,3662,1184,1432,156,62
703,1064,1377,Shamela0001719,3663,649,897,156,62
703,1064,1362,Shamela0021475,4,673,875,149,59
703,1064,1362,Sham19Y0017791,1970,896,1114,143,57
703,1058,1362,Sham19Y0018328,94,500,827,113,35
703,1064,1362,Sham19Y0016584,2370,795,994,149,60
703,1064,1362,Sham19Y0018106,2025,927,1153,137,55
703,1058,1362,Shamela0012014,154,379,603,149,58
703,1064,1362,Shamela0001733,343,175,428,147,56
703,1064,1362,Shamela0021715,4583,468,694,137,55
703,1064,1362,Shamela0021715,5012,404,604,149,59
704,744,1084,Sham19Y0145435,1583,1014,1287,143,46
704,607,1423,Shamela0023833,794,619,1475,362,41
704,96,657,Shia003616Vols,333,1211,1540,210,41
704,858,1534,Shamela0004445,2026,21,703,319,47
704,744,1077,Shamela0009784,1265,865,1045,128,49
704,865,1534,Shamela0006864,1616,1,775,328,45
704,858,1246,Shamela0009783BK1,1071,360,868,189,41
705,988,1457,Sham19Y0016946,236,231,603,243,63
705,988,1457,Shamela0026525,139,12,418,301,80
705,1058,1457,Sham19Y0127656,191,916,1233,228,71
705,998,1457,Shamela0012406,1311,118,546,324,86
705,1013,1457,JK007065,1160,1052,1496,254,60
705,6,1412,Shia003616Vols,334,142,1098,641,55
705,71,1052,Shia003616Vols,2122,452,1512,675,70
705,1052,1505,Shia003616Vols,2123,1,466,360,96
705,988,1283,ShamAY0034282,2833,1198,1450,152,57
705,1058,1505,Shamela0003118,1925,658,1069,311,85
705,333,865,Shamela0003118,2957,884,1424,418,96
705,988,1452,ShamAY0033910,546,146,552,256,63
705,988,1452,JK000475,505,131,558,274,67
705,1058,1505,Shamela0021766,1893,1066,1451,295,82
705,1058,1499,Shamela0001875,711,314,689,250,67
705,1003,1356,ShamAY0033949,146,91,331,183,65
705,1037,1499,ShamIbadiyya0000433,492,1049,1459,263,65
705,1003,1457,JK000055,107,998,1346,238,64
705,339,1505,SHAM19Y23644,1349,755,1516,501,50
705,1003,1457,Shamela0000782,831,133,490,250,67
705,1058,1457,Shamela0009776,4918,1144,1443,221,67
705,1058,1505,Shia003732Vols,2303,607,1022,301,78
705,1003,1457,Sham19Y0146127,1319,484,826,243,67
705,435,1109,Tafsir06049,2999,614,1127,308,53
705,1058,1356,Shamela0021751,7432,1109,1336,177,75
705,1058,1457,Shamela0012884,887,263,557,215,67
705,992,1499,Shamela0001733,669,752,1179,269,63
705,984,1505,JK000916,5496,358,852,377,87
705,339,971,JK000916,8984,623,1276,503,96
706,1197,1448,Shamela0004473,1494,599,869,149,61
706,1112,1452,Sham19Y0145435,1585,465,868,184,51
706,967,1182,Shamela0023833,797,129,396,77,28
706,1027,1452,Shamela0023833,797,569,1101,184,36
706,152,520,ShamAY0034249,7340,839,1170,103,26
706,1033,1452,ShamAY0034249,7340,1100,1507,159,34
706,1118,1452,Shamela0022881,140,438,831,178,56
706,122,623,Shia003616Vols,334,1093,1460,191,45
706,555,1278,Shia003616Vols,335,1,739,446,66
706,1,980,Shia003616Vols,2123,466,1444,770,99
706,980,1410,Shia003616Vols,2124,1,458,265,59
706,1197,1459,Shia003616Vols,5021,410,617,165,77
706,1104,1459,Shia003616Vols,5493,1,350,281,98
706,1220,1459,Shamela0003118,3200,157,396,190,97
706,955,1350,Shia003636Vols,785,1146,1540,138,31
706,545,907,Shamela0021766,1894,471,922,225,58
706,994,1278,Shamela0005816,174,808,1127,143,48
706,1177,1452,Sham19Y0127677,20748,949,1176,165,74
706,545,856,Shia003732Vols,2304,901,1276,205,63
706,1081,1414,Shamela0023789,160,827,1019,103,40
706,181,1452,Shamela0010283,3657,311,1148,528,49
706,545,862,Sham19Y0145166,389,349,629,160,55
706,263,1235,Shia003714Vols,556,1,511,370,47
706,1066,1414,Sham19Y0014404,575,1321,1577,109,33
706,1118,1414,Shamela0023785,91,145,342,103,45
706,994,1278,Shamela0009898,182,248,568,145,50
706,1150,1452,Shamela0009783BK1,1073,969,1296,160,53
706,1,144,JK000916,5496,852,1011,110,86
706,520,876,JK000916,9097,342,672,259,92
706,1197,1459,JK000916,10225,564,825,206,96
706,309,436,JK000916,22529,1002,1130,97,97
706,181,1124,Shamela0001686,533,1026,1510,337,44
706,1197,1452,Shamela0001686,1468,784,1065,194,84
706,1019,1414,Sham19Y0001729,1665,302,523,141,44
707,839,1192,Shia002959,443,445,745,181,64
707,1,580,Shamela0009985,642,497,673,116,24
707,681,1177,Sham19Y0145435,1585,962,1448,241,50
707,1,188,Sham19Y0145435,1585,790,991,112,64
707,1,710,Shamela0001404,50,353,915,275,43
707,909,1177,Shamela0012406,1054,976,1162,145,67
707,1,218,Shamela0023833,797,1023,1309,114,51
707,839,1177,Shamela0023833,799,671,1024,212,75
707,1,188,Shamela0022881,140,752,949,110,62
707,1,188,Shia002616Vols,2932,392,588,114,65
707,929,1211,Shamela0009770,527,1122,1452,219,82
707,1,569,Shamela0009770,527,209,822,239,40
707,833,1177,JK000778,142,121,381,173,63
707,522,1464,Shia003616Vols,335,739,1452,447,52
707,126,1276,Shia003616Vols,2124,299,1495,911,95
707,1276,1464,Shia003616Vols,2125,1,189,147,99
707,1,126,Shia003616Vols,5021,617,742,98,100
707,1,615,Shia003616Vols,5493,350,996,474,91
707,37,292,Shia001294Vols,85,1391,1599,124,58
707,1,655,Shamela0003118,3200,396,991,454,86
707,833,1177,JK000022,372,99,416,199,64
707,1,126,Shia003636Vols,786,71,234,97,76
707,1,710,Sham19Y0017724,508,347,1111,291,35
707,833,1396,Shamela0021766,1895,766,1463,264,42
707,10,569,Shamela0004445,2034,1,504,257,47
707,839,1341,Shamela0004445,2035,397,869,236,53
707,1,556,Shamela0010695,173,62,678,232,40
707,929,1341,Shamela0010695,176,35,477,226,51
707,37,411,Shia001432Vols,8688,919,1221,150,43
707,1,411,Shia001432Vols,8697,1070,1293,135,41
707,1,126,Sham19Y0016714,1005,942,1434,95,24
707,929,1177,Sham19Y0013252,11128,16,284,198,91
707,839,1211,Shamela0021493,128,1116,1453,208,62
707,1,126,Shia003461Vols,305,318,443,92,95
707,972,1177,JK009408,495,1,211,157,90
707,913,1375,JK000911,593,779,1089,196,49
707,1,126,JK000911,593,597,759,96,75
707,1048,1177,Sham19Y0127677,435,1162,1291,104,99
707,833,1177,Sham19Y0127677,12974,199,516,199,64
707,1,594,JK006838,1124,784,1366,251,41
707,833,1177,JK006838,1125,899,1166,181,64
707,1,459,Shamela0005922,2208,898,1426,157,29
707,1,188,SHAM19Y23644,1349,26,221,112,64
707,920,1388,SHAM19Y23644,1349,479,841,179,39
707,929,1396,Shamela0009784,1269,192,657,253,59
707,1267,1457,Shia001918,19,611,784,122,81
707,929,1177,ShamAY0034055,10002,874,1068,151,73
707,1,710,Shia003732Vols,2305,299,1219,299,31
707,833,1396,Shia003732Vols,2307,722,1377,298,49
707,929,1341,Shamela0009769,52,880,1342,227,52
707,1,710,Shamela0010283,3657,1071,1369,182,29
707,1,126,JK007082,668,1293,1413,67,68
707,37,710,Sham19Y0038171,1597,1013,1338,130,21
707,1,710,JK000927,3026,656,1375,322,47
707,37,710,ShamAY0034441,372,644,881,155,29
707,942,1211,ShamAY0034441,373,1,320,199,73
707,1,126,Shamela0008477,174,1212,1332,64,66
707,37,710,Sham19Y0017437,752,807,1245,259,44
707,1,556,Shamela0006864,1619,58,922,233,31
707,829,1106,Shamela0006864,1620,1033,1321,160,70
707,929,1177,Shamela0026484,119,250,502,194,95
707,188,522,Shamela0023644,1227,366,693,194,62
707,199,527,Shamela0009873,919,712,1039,129,34
707,900,1177,Shamela0009873,1667,366,617,169,72
707,1,126,Shamela0009783BK1,1073,1218,1381,97,76
707,829,1177,Shamela0009783BK1,1074,1,340,204,66
707,929,1177,JK000370,159,618,888,190,87
707,1033,1177,JK009390,457,184,332,107,89
707,833,1177,Shamela0012581,112,708,1005,168,52
707,81,710,ShamAY0035035,6249,402,683,98,17
707,1,655,JK000916,10225,825,1448,475,89
707,1,188,JK000916,10226,370,570,112,64
707,1001,1341,Shamela0001686,1447,1,347,161,42
707,1,459,Shamela0001686,1468,1116,1491,282,76
707,37,419,Shia003695Vols,132,882,1240,183,61
707,942,1417,EShia0086596,121,1,481,195,36
707,681,1341,JK000533,369,630,1144,164,22
707,681,1341,Shamela0021715,2462,167,709,177,24
707,929,1177,Shia002702Vols,10300,68,261,151,73
707,913,1177,Shia001155,36,300,617,154,54
708,998,1309,Shamela0012406,769,1196,1508,228,87
708,1309,1481,Shamela0012406,770,1,201,137,85
708,42,570,Shamela0007798,4649,710,1161,216,41
708,73,1124,Shia003616Vols,336,56,1114,470,44
708,500,1032,Shia003616Vols,2076,384,901,228,39
708,1,1032,Shia003616Vols,2125,189,1188,770,93
708,1032,1375,Shia003636Vols,787,1135,1482,261,90
708,720,939,Shamela0021766,1894,1240,1462,165,92
708,803,955,Shia001432Vols,35529,608,759,113,94
708,720,1032,Shia003732Vols,2307,396,675,201,83
708,737,955,Shamela0010283,1927,224,571,156,55
708,756,1032,Shamela0012935,348,1288,1514,163,75
708,969,1385,Shamela0006590,93,420,719,187,54
708,756,1035,Shia003714Vols,556,616,935,162,65
708,998,1481,Shamela0001686,83,20,521,372,89
708,756,1032,Shamela0001686,534,202,433,177,81
708,969,1356,JK000533,2853,366,801,284,80
708,969,1481,ShamAY0034447,2010,344,847,393,95
709,1017,1562,Shamela0012318,442,1266,1446,116,25
709,574,943,ShamAY0033613,2,15,440,216,56
709,579,1236,Shamela0004473,1702,362,1065,201,27
709,579,1171,ShamAY0034443,176,34,492,191,33
709,94,1582,Sham19Y0145435,347,530,1365,478,35
709,579,943,Shamela0012750,503,550,971,215,57
709,574,943,Shamela0036446,873,532,960,218,56
709,1,367,Shamela0012406,770,201,536,258,87
709,948,1419,Shamela0012406,770,531,925,314,82
709,94,367,Shamela0023833,793,733,1102,197,64
709,82,1329,Shamela0035100,345,313,1224,532,47
709,242,738,ShamAY0034249,4293,480,700,118,28
709,579,1236,ShamAY0034249,6137,98,495,266,49
709,179,1501,ShamAY0034249,7339,215,1329,457,34
709,579,943,Shia002174,52,721,1141,216,57
709,74,898,Shamela0022881,147,997,1498,334,48
709,213,1582,Shamela0009770,524,1,1054,539,39
709,166,943,JK000778,304,535,1207,362,47
709,579,943,Shamela0001002,838,739,1158,213,56
709,948,1527,Tafsir07076,3969,546,1060,300,58
709,10,630,Shia003616Vols,336,954,1499,404,78
709,681,1553,Shia003616Vols,337,1,1249,619,57
709,579,948,Shamela0012828,126,822,1247,218,57
709,579,709,ShamAY0034585,703,1191,1436,94,49
709,579,943,Shamela0003118,1305,239,660,215,57
709,166,301,Shia003636Vols,787,1146,1589,95,27
709,948,1305,Shia003636Vols,788,42,310,193,62
709,82,624,Shamela0021766,1891,194,703,199,37
709,94,1549,Shamela0004445,2023,204,1520,703,49
709,677,794,Shamela0004445,2041,475,587,72,79
709,574,794,Shia001432Vols,8561,1127,1455,149,57
709,579,948,Shia001432Vols,8709,717,1141,216,56
709,624,922,Shia001432Vols,35532,17,236,86,32
709,94,367,Shia001432Vols,37370,701,1041,197,70
709,82,630,Shamela0001673,6338,1341,1541,98,20
709,82,738,Shamela0010906,529,1028,1536,233,38
709,681,1329,Shamela0010906,530,1,404,302,55
709,99,361,JK009408,913,1100,1452,194,66
709,574,1582,JK009408,914,79,676,354,38
709,681,898,Shamela0009795,205,655,762,81,47
709,94,607,JK000911,591,1169,1519,176,36
709,82,630,Shamela0026568,414,1229,1405,106,24
709,574,943,Shamela0026568,415,21,445,219,57
709,574,943,ShamAY0033555,24,247,676,219,57
709,112,301,Shamela0000347,594,1225,1491,124,54
709,574,1553,Shamela0000347,595,138,1009,495,55
709,579,948,Shamela0013068,179,435,860,219,57
709,82,847,JK006838,1132,1038,1492,248,40
709,681,1582,JK006838,1133,1,431,304,40
709,579,943,ShamAY0032903,21,178,598,215,57
709,82,712,SHAM19Y23644,1346,1158,1543,229,43
709,712,1520,SHAM19Y23644,1347,1,659,420,60
709,94,367,Kraken210630005153,7529,829,1191,195,65
709,1038,1582,Kraken210630005153,7529,1209,1470,171,35
709,94,1582,Shamela0009784,1264,426,1344,550,42
709,579,948,Shia002034Vols,1137,101,526,219,57
709,574,948,Shamela0030315,1,1048,1480,224,57
709,82,1236,Sham19Y0013577,8029,141,770,433,46
709,579,873,Shamela0006610,1203,1185,1533,167,52
709,112,1553,Shamela0011746,88,14,1363,641,47
709,579,948,Shamela0011746,89,945,1393,228,57
709,242,738,Sham19Y0016934,3546,969,1189,118,28
709,94,1582,JK011302,117,418,1434,538,41
709,579,948,JK006908,7,366,638,116,34
709,579,948,Shia001782Vols,2040,818,1245,220,57
709,112,1118,Shia001782Vols,2041,306,1420,413,35
709,82,361,Shia003732Vols,2295,901,1152,146,54
709,579,943,Shia003732Vols,2297,598,1018,218,57
709,953,1553,Shia003732Vols,2298,283,1020,276,40
709,242,630,JK009242,402,1041,1164,87,27
709,94,948,Shamela0010283,3658,478,1377,431,46
709,579,943,Shia002230,48,668,1088,214,56
709,948,1582,Sham19Y0146127,3129,52,334,200,36
709,579,943,ShamAY0033705,8,252,672,214,56
709,574,948,JK011633,351,630,1007,195,57
709,555,948,Sham19Y0145166,391,27,485,239,58
709,630,898,Shamela0022892,5,1333,1489,104,50
709,948,1582,Sham19Y0148486,5703,239,551,218,39
709,242,833,Shamela0009780,675,1167,1541,194,40
709,82,948,Shamela0023685,436,632,1455,311,35
709,543,943,Sham19Y0029560,156,19,467,198,49
709,579,943,Shia003714Vols,559,179,600,216,57
709,590,943,ShamAY0032859,35,1,520,212,51
709,574,1236,JK000914,170,319,1044,279,37
709,94,351,Shia003060Vols,17,387,629,164,73
709,94,361,ShamAY0034441,375,1093,1440,194,67
709,107,948,JK003609,3545,807,1523,372,48
709,574,1236,Shamela0005719,20,71,794,276,37
709,574,948,Shamela0036357,1327,48,478,222,57
709,948,1582,Shia001278Vols,182,681,1023,203,37
709,948,1582,Shamela0006864,1615,394,703,205,37
709,82,367,Shamela0006864,1615,32,253,165,69
709,238,948,Shamela0006864,1636,11,1021,291,33
709,579,948,Shamela0000736,2581,912,1337,219,57
709,579,948,ShamAY0032956,21,778,1203,219,57
709,579,948,ShamAY0032775,42,302,746,218,55
709,681,948,Shamela0009329,344,162,319,114,53
709,948,1527,Zaydiyya0000037Vols,211,995,1502,274,50
709,94,361,Sham19Y0029600,173,886,1194,174,64
709,555,738,Shamela0013178,101,660,845,121,82
709,94,1067,Shamela0009873,1678,120,1090,382,35
709,94,1582,JK000015,67,60,1154,590,42
709,82,1093,Shamela0023700,826,735,1477,429,47
709,579,943,Zaydiyya0000342,537,263,682,208,55
709,94,1582,Shamela0009783BK1,1070,358,1160,463,34
709,112,833,Shamela0001733,1201,850,1475,276,43
709,681,1553,Shamela0001733,1202,16,669,415,57
709,574,948,JK000916,27410,767,1198,221,57
709,1,1485,Shamela0001686,83,521,1569,826,67
709,82,794,Shamela0005446,794,96,559,204,30
709,574,884,Shia001134,460,1019,1443,182,54
709,579,948,ShamAY0032855,13,409,834,219,57
709,579,948,ShamAY0032855,123,489,914,221,58
709,99,238,JK000533,853,885,1083,106,64
709,1,574,JK000533,854,56,295,171,36
709,579,943,Shamela0010736,102,434,854,214,56
709,579,943,ShamAY0034447,2008,64,485,213,56
709,1,1059,ShamAY0034447,2010,847,1550,530,60
709,1059,1582,ShamAY0034447,2011,1,574,414,86
709,574,1236,ShamAY0032759,12,548,1274,275,36
709,579,948,Shamela0023591,3600,939,1479,226,52
710,51,384,Sham19Y0145435,348,1,345,247,88
710,6,654,Sham19Y0145435,5329,249,729,237,41
710,1,228,Shamela0036446,871,1238,1502,164,77
710,40,387,Shamela0012406,769,549,848,222,80
710,6,384,Shamela0023833,794,208,667,277,75
710,11,269,Shamela0035100,345,1292,1538,149,62
710,6,572,ShamAY0034249,7339,947,1510,356,69
710,6,384,Shamela0022881,148,218,657,281,80
710,6,327,Sham19Y0148271,1183,1120,1441,184,62
710,6,301,Shamela0009770,524,1178,1510,223,83
710,6,384,Tafsir07076,3969,1019,1477,271,73
710,11,387,Shia003616Vols,337,1115,1502,253,81
710,360,1073,Shia003616Vols,338,1,708,543,92
710,79,384,Sham19Y0014601,4108,1127,1426,187,70
710,6,393,ShamAY0034282,1118,115,553,231,57
710,6,393,Shamela0025794,1255,647,1036,200,53
710,6,384,Shamela0025794,1323,365,827,270,73
710,40,696,Shia003636Vols,788,209,760,356,63
710,6,292,ShamAY0033910,784,945,1469,216,51
710,6,393,JK000475,1333,73,710,268,53
710,21,387,Shamela0004445,2024,1,448,264,73
710,121,393,JK000130,786,20,325,179,73
710,79,384,Shamela0009242,3499,677,977,187,70
710,11,387,Shamela0010906,530,472,877,219,61
710,6,393,Shamela0025800,2295,987,1423,268,73
710,6,365,JK000911,592,363,658,198,69
710,6,384,Shamela0000347,595,990,1394,240,68
710,1,332,JK006838,1133,533,816,210,79
710,6,365,Kraken210630005153,7530,101,441,251,86
710,79,384,Shamela0009784,1265,1,347,223,79
710,165,679,Shamela0011746,89,6,366,174,39
710,6,365,JK011302,118,1,303,209,72
710,6,654,Shia001782Vols,2042,118,571,244,44
710,6,645,Shia003732Vols,2299,90,611,337,62
710,1369,1502,Shia003732Vols,2300,1,133,103,99
710,40,696,Shamela0010283,3659,421,1054,390,66
710,1322,1502,Shamela0010283,3660,232,394,124,87
710,6,384,Sham19Y0146127,2155,864,1146,209,69
710,6,384,Sham19Y0146127,3129,423,731,213,67
710,6,387,Sham19Y0148486,4040,209,629,240,63
710,6,387,ShamAY0034318,3,303,722,240,63
710,40,696,Shia003714Vols,558,270,883,389,66
710,6,393,Shamela0009567,557,258,647,200,53
710,6,327,Shia001278Vols,182,1158,1514,226,78
710,6,384,Shamela0006864,1615,834,1293,277,75
710,84,384,Zaydiyya0000037Vols,212,1,300,205,84
710,21,348,Shamela0009873,1679,1064,1431,220,68
710,6,228,JK000015,67,1278,1506,167,92
710,6,384,Shamela0023700,827,52,710,212,35
710,6,228,Shamela0009783BK1,1070,1274,1478,158,90
710,6,161,Shamela0005756,7631,404,560,122,98
710,6,384,Shamela0001733,1202,650,1034,238,70
710,54,690,Shamela0021713,870,1,648,389,65
710,40,696,Shamela0001686,534,636,1252,389,65
710,6,686,ShamAY0034447,2011,598,1386,512,81
710,1322,1502,ShamAY0034447,2014,759,946,140,95
711,888,1385,Sham19Y0145435,1584,47,308,88,19
711,722,1255,Shamela0035100,870,649,1075,288,66
711,722,1255,Shamela0010906,861,858,1284,288,66
711,882,1083,Shamela0009784,1265,669,894,116,65
711,5,1260,Shia003732Vols,2300,144,1102,694,68
711,1,1121,Shamela0010283,3660,394,1410,753,82
711,1125,1255,Shamela0010283,3661,1,131,96,92
711,882,1083,Shamela0009873,1681,866,1139,104,43
711,1,475,ShamAY0034447,2014,946,1420,353,93
711,475,1415,ShamAY0034447,2015,1,933,712,94
712,277,467,ShamAY0034059,2116,845,1035,136,84
712,482,678,ShamAY0034443,176,1153,1343,108,59
712,262,1388,Sham19Y0145435,1584,263,961,404,41
712,255,1388,Shamela0023833,795,468,1422,442,38
712,267,1388,Shamela0035100,347,213,958,317,29
712,262,1388,Shamela0009770,525,545,1344,349,32
712,1,858,Shia003616Vols,338,747,1469,356,43
712,366,1412,Shamela0021766,1898,1,886,601,68
712,267,1118,Shamela0010906,531,869,1274,229,31
712,758,1383,JK009408,1838,601,1232,238,37
712,255,1118,JK006838,1135,306,781,238,32
712,117,1077,Shia001782Vols,2043,898,1504,298,34
712,20,1112,Shia003732Vols,2312,438,1461,680,71
712,1152,1463,Shia003732Vols,2313,241,552,229,88
712,1022,1388,Shamela0010283,3661,453,915,180,39
712,262,955,Shamela0006864,1616,1060,1459,230,38
712,964,1388,Shamela0006864,1617,6,550,214,40
712,112,501,Shamela0009873,1682,573,931,208,62
712,262,1388,Shamela0009783BK1,1072,12,661,364,38
712,267,1118,Shamela0001733,3802,399,923,300,39
712,610,1226,JK000916,22364,614,1481,290,38
712,366,717,JK000916,22366,767,1112,167,46
712,262,1359,JK000916,22368,347,1484,856,94
712,1359,1463,JK000916,22369,1,105,81,98
712,1068,1388,JK000533,2308,1,465,133,28
713,606,1366,Sham19Y0145435,350,67,512,207,32
713,226,392,Sham19Y0145435,1584,975,1132,125,92
713,1033,1435,ShamAY0033595,49,11,285,105,28
713,409,606,Shamela0008473,2232,72,269,154,97
713,392,650,Shamela0023833,795,1060,1321,192,90
713,606,1366,Shamela0023833,801,142,635,239,35
713,409,650,Shamela0035100,347,623,855,159,83
713,392,606,ShamAY0036107,30,1336,1542,160,93
713,606,709,Sham19Y0148271,649,1340,1461,77,77
713,709,1366,Sham19Y0148271,650,1,354,156,28
713,392,650,Shamela0009770,525,1033,1273,182,88
713,612,1366,Tafsir07076,3967,557,1018,232,36
713,717,1435,Shia003616Vols,339,75,668,343,52
713,606,1366,ShamAY0034282,1116,75,532,221,32
713,606,1366,Shamela0025794,2092,563,1027,234,36
713,392,650,Shamela0003118,6418,19,319,176,73
713,621,1441,Shamela0021766,1896,198,1079,295,33
713,15,231,Shamela0021766,1898,860,1069,152,89
713,606,1366,Shamela0010695,175,17,433,196,29
713,409,606,Shamela0010906,531,1279,1477,141,90
713,397,799,Shamela0009795,202,829,1179,190,58
713,606,1366,Sham19Y0127677,15118,529,994,233,36
713,392,668,JK006838,1135,781,1073,178,74
713,392,606,JK006908,5,200,426,165,92
713,606,1366,Shia001782Vols,3432,533,1006,237,36
713,621,1435,Shia003732Vols,2308,535,1222,177,18
713,392,650,Shia003732Vols,2313,25,279,185,90
713,392,650,Shamela0010283,3661,559,814,182,88
713,606,1435,Shamela0010283,3662,785,1335,227,30
713,392,606,JK001164,73,196,419,163,92
713,392,668,Sham19Y0145166,380,180,436,172,74
713,392,560,Shamela0009780,681,631,797,119,89
713,392,650,Sham19Y0029560,157,677,926,175,83
713,606,1366,Shia003714Vols,556,890,1381,241,36
713,392,570,ShamAY0034441,376,1299,1492,127,79
713,606,1061,Shamela0009567,821,1232,1481,175,45
713,397,612,Shamela0023631,2432,1146,1387,162,84
713,616,1310,Sham19Y0017437,753,581,1059,151,20
713,392,650,Shamela0006864,1617,187,449,192,90
713,606,1366,Shamela0006864,1622,546,1039,239,35
713,1234,1366,Shamela0009873,1673,711,1055,93,35
713,392,606,JK000015,73,1124,1338,164,96
713,226,392,Shamela0009783BK1,1072,675,833,125,92
713,606,1366,Shamela0009783BK1,1075,678,1122,209,32
713,420,606,Shamela0005756,11005,1,187,136,91
713,392,650,JK000916,22364,1158,1448,175,76
713,1,650,JK000916,22369,105,756,495,94
713,606,1366,Shamela0021713,868,297,787,240,36
713,392,799,JK000533,2308,64,542,216,48
714,300,941,ShamAY0034443,175,684,1178,305,49
714,656,1367,Shamela0006624,154,595,1020,247,40
714,32,1316,Sham19Y0145435,350,541,1559,774,71
714,143,1375,ShamAY0033595,49,21,1088,673,56
714,1308,1592,Shamela0012406,768,874,1236,134,35
714,672,1367,Shamela0012715,197,1182,1534,253,42
714,25,864,Shamela0023833,801,661,1518,622,83
714,864,1424,Shamela0023833,802,1,269,207,44
714,143,1411,ShamAY0034249,7341,510,1578,617,49
714,25,1411,Sham19Y0148271,650,385,1550,821,66
714,25,1424,Shamela0009770,529,186,1326,802,64
714,746,1331,Tafsir07076,1765,408,719,251,51
714,25,487,Tafsir07076,3967,1057,1496,327,83
714,662,1367,Tafsir07076,3968,1216,1624,292,48
714,156,1289,Shia003616Vols,339,489,1548,729,72
714,1382,1633,Shia003616Vols,1950,381,580,154,73
714,1375,1592,ShamAY0034073,1967,211,437,176,94
714,832,1367,JK009334,14,96,330,172,38
714,25,1267,ShamAY0034282,1116,563,1552,744,69
714,25,425,Shamela0025794,2092,1066,1446,283,82
714,425,1375,Shamela0025794,2093,1,700,543,67
714,1411,1592,Shia003636Vols,788,795,940,102,69
714,143,548,Shamela0021766,1896,819,1434,194,34
714,672,1367,Shamela0021766,1897,691,1275,304,45
714,25,1338,Shamela0004445,2032,278,1456,642,50
714,25,1375,Shamela0010695,175,459,1551,815,69
714,857,1331,Sham19Y0017729,325,24,430,144,28
714,362,1429,JK000911,594,204,932,509,54
714,338,1263,Sham19Y0127677,2631,1,586,465,59
714,25,506,Sham19Y0127677,15118,1033,1493,342,83
714,512,1375,Sham19Y0127677,15119,8,639,472,62
714,272,1263,Shia002265Vols,3803,162,814,505,61
714,25,408,JK006838,1121,1077,1473,204,53
714,408,1357,JK006838,1122,1,763,428,47
714,1338,1592,Shamela0005922,1703,40,385,155,48
714,213,941,SHAM19Y23644,1350,639,1205,321,46
714,156,531,Shia002359Vols,1952,1201,1494,174,54
714,538,1424,Shia002359Vols,1953,6,834,383,39
714,25,1411,Shamela0009784,1271,98,1266,797,63
714,143,555,Shia001782Vols,3432,764,1516,302,47
714,555,1375,Shia001782Vols,3433,1,588,422,58
714,25,656,Shia003732Vols,2309,174,1017,344,44
714,734,1367,Shia003732Vols,2310,26,565,211,28
714,1396,1633,Shia003732Vols,2314,1,404,180,52
714,143,355,Shamela0010283,3662,987,1428,114,28
714,355,1470,Shamela0010283,3663,1,947,645,64
714,1208,1592,Shamela0012935,349,682,1000,211,66
714,1495,1633,Shamela0023685,318,1,242,103,49
714,156,596,Shia002406Vols,3527,1067,1493,185,38
714,610,1424,Shia002406Vols,3528,44,788,341,39
714,81,1411,Shia003714Vols,557,1,1089,782,66
714,672,1411,JK000927,3027,842,1370,239,32
714,468,1415,ShamAY0034441,375,93,840,505,58
714,169,1331,JK011068,147,605,1493,618,61
714,25,1375,Shamela0009567,822,260,1359,816,70
714,304,691,Shamela0001438,4240,1396,1707,251,77
714,694,1263,Shamela0001438,4241,7,311,248,52
714,68,320,Sham19Y0017437,754,267,668,155,46
714,223,1263,Shia001278Vols,184,274,1012,510,57
714,25,446,Shamela0006864,1622,1065,1465,299,83
714,446,1424,Shamela0006864,1623,1,725,523,61
714,223,656,Shamela0023644,1439,381,787,302,81
714,889,1415,Shamela0009898,183,4,410,133,22
714,262,656,Shamela0009873,1674,460,1374,300,39
714,672,1411,Shamela0009873,1675,491,1134,341,44
714,32,362,Shamela0009783BK1,1075,1151,1448,212,73
714,362,1424,Shamela0009783BK1,1076,1,776,599,66
714,292,1263,JK009390,2820,526,1162,495,60
714,45,765,Shamela0021713,868,805,1506,496,77
714,765,1411,Shamela0021713,869,1,518,305,49
714,757,1592,Shamela0001686,535,44,491,255,32
714,672,1392,Sham19Y0127698,100,1140,1568,291,45
714,1411,1633,Shamela0006617,651,72,406,162,56
714,156,838,EShia0086596,121,830,1523,471,77
714,838,1331,EShia0086596,122,1,220,179,43
714,832,1367,ShamAY0033590,65,475,698,177,39
714,1392,1592,Shamela0008362,380,342,540,141,81
715,190,1388,Shia003616Vols,340,163,1107,499,45
715,18,730,Shia003616Vols,1950,381,1041,384,58
715,343,574,Shia003616Vols,2181,206,559,136,42
715,1247,1486,Shia003616Vols,3174,346,615,152,71
715,541,1311,ShamAY0034073,1967,218,784,285,39
715,1,182,Shamela0023695,924,997,1166,134,90
715,748,1266,Shamela0036515,1992,83,561,224,41
715,18,1388,SHAM19Y23644,1354,561,1402,451,37
715,1,182,Shamela0008362,379,620,798,131,84
716,1201,1436,Shia003616Vols,378,1112,1257,111,60
716,57,712,Shia003616Vols,378,627,1079,189,28
716,1,915,Shia003616Vols,3174,615,1526,717,96
716,915,1517,Shia003616Vols,3175,1,674,479,88
716,664,843,ShamAY0032379,663,1,161,109,69
716,53,643,Shamela0010637,336,655,1297,357,60
716,664,843,Sham19Y0017124,814,1219,1379,109,69
716,112,1517,SHAM19Y23644,1358,32,910,594,51
716,1201,1446,Shamela0010283,3725,297,525,123,55
716,30,864,Shamela0001686,250,126,566,237,33
716,1201,1436,Shamela0001686,250,566,726,98,48
717,901,1426,Sham19Y0145435,1588,889,1327,239,52
717,9,436,Shamela0012406,774,517,823,216,62
717,901,1426,Shamela0023833,828,887,1348,242,52
717,587,847,Shamela0023833,832,58,265,122,51
717,639,1426,Shamela0009770,551,136,825,274,38
717,515,801,Shamela0009770,553,1184,1470,147,52
717,272,840,Shia003616Vols,378,1271,1471,152,33
717,896,1426,Shia003616Vols,379,9,434,239,56
717,1,860,Shia003616Vols,3175,674,1520,658,94
717,4,367,SHAM19Y23644,1358,913,1259,260,86
717,896,1426,Shamela0009784,1310,29,450,223,50
717,515,801,Shamela0009784,1312,737,1030,147,51
717,9,1016,Shamela0010283,3725,643,1482,423,45
717,1016,1426,Shamela0010283,3726,1,328,184,53
717,515,801,Shia003714Vols,593,397,683,147,52
717,1211,1426,Shamela0006864,1668,1,171,111,66
717,515,801,Shamela0006864,1671,45,331,147,52
717,272,801,Shamela0023700,2671,106,868,192,25
717,901,1226,Shamela0009783BK1,1078,1095,1391,148,48
717,1316,1426,Shamela0009783BK1,1079,1,115,83,95
717,515,801,Shamela0021713,888,155,440,147,52
717,9,709,Shamela0001686,250,844,1224,269,48
717,9,896,Shamela0001686,2062,283,1080,546,72
718,717,1446,Shamela0009790,297,756,1203,277,46
718,277,1450,Sham19Y0145435,1589,1,967,468,41
718,266,1446,Shamela0023833,829,1,1072,533,48
718,255,878,Shamela0009770,551,881,1396,332,61
718,1187,1446,Shamela0009770,552,174,375,136,62
718,429,1425,Shia003616Vols,379,521,1258,393,42
718,671,878,Sham19Y0014601,2384,440,623,125,71
718,695,1400,Shamela0004445,2098,1,697,225,29
718,487,1275,Shamela0010695,185,862,1439,281,38
718,498,878,Shamela0009728,143,465,763,121,38
718,606,878,Shamela0026568,416,278,471,103,41
718,487,1400,SHAM19Y23644,1381,11,981,347,32
718,255,1446,Shamela0009784,1310,504,1401,514,49
718,348,966,Shia003732Vols,2683,120,630,263,44
718,255,1450,Shamela0010283,3726,383,1292,499,49
718,606,878,Shamela0023685,437,1225,1418,103,41
718,255,878,Shia003714Vols,591,731,1289,263,42
718,266,1446,ShamAY0034441,379,161,1068,480,45
718,255,1446,Shamela0006864,1668,226,1260,551,50
718,255,1450,Shamela0009783BK1,1079,170,1122,456,40
718,255,878,Shamela0021713,886,620,1092,242,44
718,757,917,Shamela0001686,251,132,321,80,44
719,1,841,Shamela0009873,1852,128,512,209,30
720,605,1229,Shamela0035100,382,25,467,268,51
720,519,1556,Shamela0009770,555,431,1166,420,48
720,330,1225,Shia003616Vols,380,1,940,548,61
720,519,1229,Shamela0010906,566,674,1233,304,50
720,524,1473,Shia003461Vols,289,834,1482,364,45
720,636,1229,JK006838,1193,96,495,232,47
720,519,1556,Shamela0009784,1314,21,795,434,49
720,740,1229,Shamela0021713,955,1,365,230,57
720,889,1459,Shamela0001686,2064,540,1119,217,33
721,1,217,Shamela0035100,382,646,812,126,73
721,1,411,Shamela0009770,555,1176,1505,211,61
721,1,1213,Shia003616Vols,380,956,1535,431,44
721,1,712,Shia003461Vols,290,96,711,385,63
721,19,1107,Shia003461Vols,914,82,1004,567,58
721,1,474,JK006838,1193,636,1013,256,65
721,1,712,Shamela0009784,1314,804,1451,397,65
721,1107,1345,ShamAY0033531,1559,525,810,95,29
721,1,706,Shia003732Vols,2686,239,899,381,59
721,1107,1241,Shamela0012402,120,762,902,89,71
721,1,712,Shamela0021713,955,535,1186,390,60
722,171,854,Shamela0023833,830,541,1201,265,40
722,890,1177,Shia003616Vols,3385,40,294,166,62
722,396,736,Shamela0026568,416,691,1018,116,34
722,171,885,Shamela0009784,1311,748,1418,272,38
722,1,529,Shia003732Vols,2620,56,589,315,64
722,334,854,Shia003732Vols,2684,1,391,196,41
722,396,736,Shamela0023685,438,156,475,146,43
722,175,751,ShamAY0034441,380,293,897,243,39
722,171,854,Shamela0006864,1669,781,1412,266,41
722,1055,1498,Shamela0001686,2064,1030,1444,253,60
723,83,1095,Shamela0035100,383,1,697,346,38
723,62,850,Shamela0009770,556,995,1548,275,42
723,42,1095,Shamela0010906,567,742,1478,373,39
723,209,1171,Shia003461Vols,291,13,798,402,43
723,51,720,JK006838,1194,402,1051,351,54
723,62,1095,Shamela0009784,1315,539,1277,357,41
723,51,668,Shamela0021713,956,355,932,288,45
724,784,1120,SHAM19Y23644,1382,1141,1475,100,27
724,293,591,Shia003732Vols,2620,645,906,179,71
724,932,1109,Shamela0001686,2062,1140,1447,132,55
724,1109,1358,Shamela0001686,2063,1,235,163,74
725,1,385,Shia003732Vols,2620,1009,1506,260,60
726,1,377,Shamela0023833,832,1039,1449,250,73
726,318,1072,ShamAY0034249,7342,412,1292,249,26
726,817,1457,Shia003616Vols,341,300,973,439,76
726,1,521,Shia003616Vols,381,558,1020,308,73
726,1,536,Shamela0003118,502,562,1232,251,38
726,1118,1477,Shamela0003118,4564,930,1257,234,78
726,1,347,Shamela0004445,2104,1132,1466,227,77
726,62,536,Shamela0004445,2585,6,527,142,23
726,21,372,Shia004092Vols,9371,928,1344,225,67
726,148,328,Shamela0026568,417,1,164,115,78
726,638,1477,SHAM19Y23644,1359,88,766,440,60
726,1,328,Shamela0009784,1429,716,1021,205,76
726,1,352,ShamAY0033531,1559,674,1147,241,62
726,21,367,JK011302,184,245,617,196,61
726,1,497,Shia003732Vols,2685,886,1424,256,55
726,44,497,Shia003732Vols,5188,1016,1393,167,42
726,1,536,Shamela0010283,3727,389,963,238,39
726,21,367,JK006800,130,848,1220,201,62
726,21,377,Shamela0009701,40,819,1209,211,61
726,1,328,Shamela0023685,438,820,1148,223,79
726,446,1006,Shia003714Vols,564,1037,1505,220,42
726,1,275,Shia003714Vols,593,1249,1497,149,63
726,202,536,Shia003714Vols,594,1,322,171,59
726,796,1072,ShamAY0034441,394,47,242,142,64
726,1,347,Shamela0006864,1671,1085,1437,232,78
726,21,362,JK000916,1324,126,498,222,70
726,670,821,JK000916,6550,1,149,112,92
726,1034,1477,JK000916,15535,85,535,339,94
726,1,328,Shamela0021713,888,966,1324,225,77
726,446,1051,Shamela0021713,893,1016,1501,252,42
726,1,536,Shamela0001686,229,34,564,170,27
726,352,955,Shamela0001686,539,881,1495,189,24
726,955,1113,Shamela0001686,540,1,152,121,95
727,1414,1574,ShamAY0034249,7343,1,161,110,78
727,951,1477,Shia003616Vols,341,1125,1502,221,46
727,1,229,Shamela0003118,4564,1257,1484,177,94
727,232,1574,Shamela0003118,4565,5,1341,1045,94
727,970,1548,Shamela0026568,295,991,1279,205,43
727,1,1371,SHAM19Y23644,1359,766,1568,551,48
727,1371,1574,SHAM19Y23644,1360,1,219,128,71
727,1,583,Shia003732Vols,2608,1264,1530,195,40
727,583,1485,Shia003732Vols,2609,1,647,422,53
727,941,1574,Shamela0010283,3664,267,820,321,53
727,970,1485,Shamela0012935,352,1065,1369,226,54
727,753,1510,Sham19Y0145166,483,221,640,267,40
727,970,1548,Shamela0023685,318,970,1255,210,44
727,817,1574,Shia003714Vols,565,531,1119,337,51
727,970,1548,Shamela0012402,103,710,1029,175,36
727,941,1574,Shamela0009873,1822,70,509,262,48
727,1,1009,JK000916,15535,535,1541,792,94
727,1009,1574,JK000916,15536,1,565,451,99
727,1173,1574,Shamela0021713,894,848,1138,189,56
727,734,1574,Shamela0001686,540,157,908,321,34
728,768,1579,Shamela0009790,149,170,1074,493,61
728,768,1579,Sham19Y0145435,1599,152,1018,487,61
728,1122,1579,ShamAY0033595,68,146,621,261,59
728,768,1579,ShamAY0037109,113,164,1015,451,55
728,778,1579,Shamela0023833,847,4,898,484,60
728,796,1009,Shamela0035100,384,1316,1548,146,70
728,1018,1579,Shamela0035100,385,8,558,321,62
728,456,1579,Shamela0010646,794,309,1319,431,37
728,461,1382,Shamela0009770,580,571,1516,423,46
728,27,1431,Shia003616Vols,342,373,1497,720,59
728,1431,1579,Shia003616Vols,343,1,149,120,100
728,1,236,Shamela0003118,4565,1341,1575,191,99
728,251,1562,Shamela0003118,4566,8,1317,1032,96
728,461,1095,Shamela0009429,286,1084,1604,248,46
728,1108,1579,Shamela0009429,287,17,514,279,63
728,461,1534,Shamela0004445,2116,386,1512,503,44
728,768,1545,Shia001432Vols,7255,11,667,403,58
728,796,1579,Shamela0010906,569,526,1318,467,64
728,819,1194,Shia003461Vols,304,7,457,241,63
728,768,1579,JK006838,1199,546,1326,469,62
728,1,1524,SHAM19Y23644,1360,219,1494,855,63
728,461,1060,Shia002359Vols,3942,1104,1540,195,35
728,461,1447,Shia003732Vols,2675,539,1513,446,43
728,456,1579,Shamela0010283,3709,7,1247,545,43
728,768,1290,Sham19Y0145166,686,1072,1537,279,60
728,466,1169,JK000927,754,925,1515,212,29
728,456,1579,JK003609,2615,74,1089,425,37
728,461,1579,Shamela0025791,182,265,1425,530,45
728,461,1579,Shamela0006864,1699,354,1462,544,52
728,1105,1579,Shamela0009873,1823,568,1115,273,59
728,791,1122,Shamela0009873,1823,68,373,190,64
728,768,1506,Shamela0009783BK1,1094,729,1474,425,60
728,819,1579,JK000916,3561,1,741,449,64
728,11,819,JK000916,15533,88,601,213,27
728,461,1579,JK000916,15534,177,1218,473,40
728,1,1042,JK000916,15536,565,1602,845,99
728,1042,1579,JK000916,15537,1,534,421,98
728,461,1579,Shamela0021713,896,361,1343,545,55
728,11,561,Shamela0001686,236,757,1043,181,38
729,590,1518,Sham19Y0000259,681,889,1449,308,37
729,613,989,Shamela0004473,4655,1145,1305,124,41
729,562,989,ShamAY0033598,231,1114,1475,225,60
729,859,1524,ShamAY0033598,232,1,567,283,50
729,720,831,Shamela0008675,500,1205,1315,89,99
729,304,989,Shamela0009790,142,876,1462,389,64
729,874,1421,Shamela0009790,143,1,226,164,38
729,21,547,Shamela0009790,352,654,1034,150,28
729,1,490,Sham19Y0145435,1599,1018,1510,325,78
729,552,1307,Sham19Y0145435,1600,728,1402,384,59
729,1307,1524,Sham19Y0145435,1601,1,270,160,75
729,720,831,Shamela0012055,61,842,953,90,100
729,21,320,ShamAY0033595,68,629,945,188,63
729,720,1469,ShamAY0033595,69,7,376,209,30
729,26,251,ShamAY0037109,113,1037,1270,170,88
729,695,1041,ShamAY0037109,114,256,497,148,54
729,1,557,Shamela0023833,847,898,1510,350,68
729,552,1337,Shamela0023833,848,799,1504,399,57
729,1076,1524,Shamela0023833,849,16,346,206,52
729,1,831,Shamela0035100,385,558,1338,488,72
729,248,1307,ShamAY0034249,7343,362,1533,566,52
729,1144,1524,ShamAY0034249,7344,1,375,195,58
729,720,848,ShamAY0034541,82,615,742,88,85
729,165,1529,Shamela0010646,795,6,1362,634,45
729,590,1144,Shamela0010646,820,1010,1359,238,52
729,552,762,Shamela0009770,581,1360,1567,137,81
729,1,557,Shamela0009770,581,263,840,344,67
729,762,1518,Shamela0009770,582,1,821,321,37
729,304,1421,JK000778,199,306,1139,523,53
729,547,1197,JK007054,1090,215,781,281,49
729,562,1385,JK010732,426,699,1525,388,50
729,1060,1529,JK010732,427,115,360,128,31
729,1,1129,Shia003616Vols,343,149,1561,859,74
729,1129,1534,Shia003616Vols,344,1,408,299,92
729,55,329,Shamela0003118,4566,1287,1567,219,96
729,329,1534,Shamela0003118,4567,1,1219,939,96
729,720,831,JK003502,1902,1121,1232,90,100
729,1,1041,Shamela0009429,287,514,1470,567,60
729,720,831,Sham19Y0020891,3999,795,906,89,99
729,552,779,Shamela0004445,2117,1304,1551,152,74
729,1,557,Shamela0004445,2117,65,643,348,67
729,779,1529,Shamela0004445,2118,1,817,396,52
729,720,831,Shamela0023788,484,1299,1410,90,100
729,720,831,JK001001,210,60,171,90,100
729,133,701,Shamela0023578,2900,265,1122,249,32
729,224,831,Shamela0010906,570,1,560,339,70
729,695,1197,Shamela0002512,43,921,1160,178,44
729,313,581,Shia003461Vols,303,518,835,152,51
729,304,1041,JK001336,239,661,1463,475,68
729,613,979,ShamAY0037912,34,1229,1548,252,86
729,889,1524,ShamAY0037912,35,11,880,254,32
729,562,784,Shamela0036515,609,1282,1517,149,79
729,784,1421,Shamela0036515,610,1,368,222,41
729,50,889,JK000911,605,443,1511,493,51
729,1041,1524,JK000911,606,32,340,128,27
729,720,831,Sham19Y0013680,50,1021,1132,90,100
729,613,1421,Sham19Y0020762,589,215,710,350,55
729,720,889,Sham19Y0020762,1675,761,971,98,54
729,89,1469,SHAM19Y23644,1361,1,964,564,44
729,720,831,Shamela0009776,7864,990,1101,88,98
729,1,557,Shia003732Vols,2676,181,905,342,54
729,552,1524,Shia003732Vols,2677,84,1133,551,57
729,590,1421,JK010724,158,553,1206,396,53
729,552,989,Shamela0010283,3710,1073,1476,253,61
729,304,557,Shamela0010283,3710,1,370,177,59
729,1041,1529,Shamela0010283,3711,72,659,296,58
729,720,831,Zaydiyya0000331,91,220,331,90,100
729,1,320,Sham19Y0145166,687,357,686,188,66
729,304,1421,Sham19Y0145166,690,356,1530,580,50
729,304,1446,Shia003714Vols,566,142,1548,602,46
729,21,1091,JK000927,755,407,1507,630,59
729,1132,1529,JK000927,756,37,431,210,60
729,21,248,JK003609,2615,1097,1404,173,70
729,304,1524,JK003609,2845,12,1262,596,46
729,26,557,Shamela0025791,183,1,694,306,49
729,613,1529,Shamela0025791,184,40,1020,509,57
729,709,831,JK010081,326,286,406,92,94
729,720,831,Sham19Y0147320,151,49,160,90,100
729,31,557,Shamela0006864,1700,1,570,328,69
729,652,1524,Shamela0006864,1701,1,931,481,56
729,720,831,Sham19Y0017458,236,6,142,90,81
729,1,248,Shamela0009873,1823,1115,1372,173,77
729,313,547,Shamela0023700,809,616,800,129,67
729,1,557,Shamela0009783BK1,1095,98,691,360,70
729,552,765,Shamela0009783BK1,1095,1327,1539,124,69
729,765,1524,Shamela0009783BK1,1096,1,825,407,53
729,1,557,JK000916,3561,741,1363,366,69
729,552,1091,JK000916,3562,500,995,325,75
729,1,965,JK000916,15537,534,1507,775,98
729,965,1534,JK000916,15538,1,572,438,96
729,304,1421,Shamela0021713,895,165,1499,607,51
729,613,1366,Shamela0005446,501,910,1401,346,57
729,720,831,Shamela0005446,741,418,529,90,100
729,720,831,Zaydiyya0000079,100,290,401,90,100
729,831,1054,Shamela0010548,500,852,972,89,49
729,831,1054,Shamela0008506,205,1287,1407,89,49
729,40,701,Shamela0023591,6295,456,1046,275,47
730,727,973,Shia003616Vols,344,1381,1519,95,49
730,1,308,Shamela0003118,4567,1219,1522,239,96
730,308,1341,Shamela0003118,4568,1,1064,793,91
730,1,487,Shamela0006590,499,718,1081,202,52
730,1013,1337,JK000927,2922,285,622,149,52
730,1205,1337,JK000916,3563,21,156,82,69
730,1,1008,JK000916,15538,572,1493,704,85
730,1008,1337,JK000916,15539,1,329,256,96
730,1337,1499,Shamela0001686,237,244,407,129,98
731,103,626,Shamela0012406,785,172,667,212,35
731,1128,1457,Shamela0012406,786,511,878,173,52
731,66,821,Shamela0012406,1378,854,1407,269,37
731,1230,1431,Shia003616Vols,279,1341,1476,83,52
731,55,864,Shamela0026568,296,657,1285,366,50
731,103,827,SHAM19Y23644,1366,152,661,351,57
731,61,728,Shamela0009784,1278,45,840,332,49
731,1133,1418,ShamAY0033945,1597,146,576,168,49
731,195,864,Shamela0010283,3665,1,528,320,54
731,1201,1457,Shamela0012935,353,1350,1523,107,53
731,66,864,Shamela0012935,353,536,1237,351,46
731,117,827,Sham19Y0145166,484,866,1502,236,31
731,107,864,Shamela0023685,319,558,1186,358,55
731,103,297,Shamela0001686,540,1382,1552,115,67
731,297,864,Shamela0001686,541,1,401,269,54
731,827,1457,Shamela0001686,541,354,885,242,38
731,1187,1451,Shamela0001686,1202,37,356,152,61
732,312,876,Shamela0035100,353,156,518,251,53
732,79,497,Shia003616Vols,345,949,1459,116,19
732,778,1495,Shia003616Vols,3176,131,708,438,75
732,312,876,Shamela0010906,537,822,1184,251,53
732,306,736,Shia003732Vols,2611,17,438,309,84
732,847,1495,Shia003732Vols,4461,181,454,199,37
732,79,687,Shamela0010283,3665,848,1605,317,43
732,316,876,Shamela0012935,354,405,1000,336,61
732,847,1499,Shamela0006590,467,1151,1423,196,36
732,79,876,Shia003714Vols,568,388,1372,411,42
732,192,527,ShamAY0034441,394,1330,1558,140,51
732,312,563,Shamela0023735,1592,510,850,127,46
732,192,736,Shamela0021713,897,1017,1554,293,52
732,79,420,Shamela0001686,541,917,1555,140,22
732,420,876,Shamela0001686,542,1,494,279,59
733,262,767,ShamAY0034128,369,427,989,220,39
733,165,804,Shamela0036446,876,229,964,279,41
733,8,1058,Shamela0012406,787,47,743,318,34
733,464,767,Shamela0023833,905,888,1371,190,46
733,464,767,Shamela0009770,576,592,975,194,59
733,258,767,JK000786,3530,559,1139,255,46
733,258,1053,JK000786,3954,26,875,301,33
733,258,1058,Shia002231Vols,391,568,1457,289,35
733,648,1351,Shia003616Vols,348,36,514,244,35
733,56,291,Shia003616Vols,2186,1259,1494,186,99
733,291,1053,Shia003616Vols,2187,1,781,426,56
733,860,1392,Shamela0003118,2835,245,756,393,90
733,258,767,Shamela0003118,4640,905,1488,249,44
733,258,767,Sham19Y0013252,6706,968,1476,306,65
733,711,1521,Shia004092Vols,8378,23,963,581,77
733,8,1058,Shamela0026568,297,629,1404,356,38
733,258,767,Shia002265Vols,1718,293,800,219,42
733,8,824,SHAM19Y23644,1364,84,729,475,69
733,459,767,Shamela0009784,1280,438,820,196,59
733,258,776,Shia003732Vols,2612,11,496,268,58
733,258,1331,Shamela0010283,3666,358,1206,437,42
733,258,767,Shia001731Vols,613,48,664,252,43
733,8,804,Shamela0012935,354,875,1540,364,52
733,439,767,Sham19Y0145166,486,623,1029,165,43
733,8,767,Shamela0023685,320,443,974,309,47
733,474,783,Shia003714Vols,569,1,409,234,69
733,258,735,Shamela0006864,1772,877,1411,205,40
733,155,767,Shamela0012884,1362,259,967,232,30
733,151,767,Shamela0009873,1829,29,686,309,49
733,459,767,JK000916,15857,273,738,207,52
733,14,495,JK000916,15858,944,1463,346,81
733,495,1053,JK000916,15859,1,581,277,53
733,842,1521,JK000916,26849,41,702,519,95
733,459,767,JK011499,41,706,1132,194,53
733,8,788,Shamela0021713,898,51,663,385,56
733,8,1331,Shamela0001686,542,358,1405,558,47
733,495,1058,Shamela0021715,6941,1172,1540,193,43
734,234,982,Shamela0003118,2835,792,1542,578,93
734,982,1568,Shamela0003118,2836,1,568,441,92
734,1,557,Shia004092Vols,8378,963,1511,439,97
734,557,1568,Shia004092Vols,8379,1,1012,817,99
734,234,1004,SHAM19Y23644,1364,1046,1532,292,46
734,1,837,JK000916,26849,702,1539,660,95
734,837,1568,JK000916,26850,1,703,541,91
735,1,984,Shamela0003118,2836,568,1523,730,91
735,984,1546,Shamela0003118,2837,1,508,402,88
735,1,522,Shia004092Vols,8379,1017,1537,413,99
735,522,1546,Shia004092Vols,8380,1,1037,828,98
735,24,625,SHAM19Y23644,1365,151,552,242,49
735,1,835,JK000916,26850,703,1509,614,91
735,835,1546,JK000916,26851,1,671,532,92
736,921,1267,Shia003616Vols,4675,752,950,122,41
736,1,1015,Shamela0003118,2837,508,1506,766,93
736,1015,1494,Shamela0003118,2838,1,413,317,80
736,1,598,Shia004092Vols,8380,1037,1562,418,87
736,598,1494,Shia004092Vols,8381,1,914,706,95
736,933,1326,Shia003732Vols,2613,668,1034,216,58
736,933,1322,Shamela0012935,355,444,795,216,61
736,933,1322,Shia003714Vols,569,746,1084,191,51
736,1,824,JK000916,26851,671,1502,644,97
736,824,1494,JK000916,26852,1,662,507,92
736,1064,1322,Shamela0001686,543,34,255,159,74
737,1,395,Shia003616Vols,348,1135,1465,219,64
737,1238,1502,Shia003616Vols,349,359,626,191,83
737,1244,1502,Shamela0003118,97,1,265,208,96
737,1,596,Shamela0003118,2838,413,992,460,97
737,120,435,Shia003636Vols,1234,181,615,142,33
737,1,574,Shia004092Vols,8381,914,1487,456,99
737,1140,1481,SHAM19Y23644,1368,293,563,172,60
737,1313,1502,Shamela0009784,1284,1244,1481,137,72
737,1233,1471,Shamela0037063,63,1245,1562,186,72
737,15,379,Zaydiyya0000037Vols,215,558,880,183,59
737,120,435,Shamela0009873,1831,208,678,139,32
737,614,1084,JK000916,370,991,1429,326,88
737,1084,1502,JK000916,371,1,421,335,97
737,1,839,JK000916,26852,662,1492,500,68
738,884,1368,Shamela0004473,8368,309,739,175,39
738,918,1159,ShamAY0034059,2215,1112,1351,143,65
738,103,1136,Shia003616Vols,349,650,1535,600,69
738,1136,1490,Shia003616Vols,350,1,298,185,61
738,1,1255,Shamela0003118,97,265,1513,969,95
738,1255,1490,Shamela0003118,98,1,222,175,94
738,816,1311,SHAM19Y23644,1368,1015,1512,264,54
738,19,455,SHAM19Y23644,1368,624,879,184,52
738,816,1396,Shia003732Vols,2335,1119,1535,271,56
738,1,1133,JK000916,371,421,1541,880,96
738,1133,1490,JK000916,372,1,346,264,92
739,1034,1254,Sham19Y0145435,1591,1208,1454,132,65
739,1039,1434,Shamela0008473,2266,774,1250,209,53
739,548,1319,Shamela0023833,808,283,1097,316,38
739,714,1319,Shamela0009770,534,691,1353,266,39
739,1039,1319,Shamela0007798,4640,640,941,177,71
739,1,1319,Shia003616Vols,350,298,1411,672,57
739,1039,1319,Tafsir07057,2382,1105,1428,174,68
739,1,1068,Shamela0003118,98,222,1271,811,93
739,714,1319,Zaydiyya0000090,119,215,795,224,35
739,878,1469,Shamela0021766,1937,584,1125,321,61
739,608,1293,Shamela0009784,1286,956,1520,315,49
739,1039,1434,Tafsir09084,1105,760,1227,209,53
739,176,580,Shia003732Vols,2337,122,661,211,44
739,878,1469,Shia003732Vols,2338,103,737,272,40
739,1034,1330,Shamela0010283,3348,1085,1388,171,67
739,1049,1319,Shamela0023631,2491,463,732,157,71
739,1088,1319,Shamela0006864,1648,16,242,141,73
739,878,1434,Shamela0009873,1689,111,622,219,40
739,1068,1319,Shamela0009783BK1,1082,11,247,143,69
739,1,1068,JK000916,372,346,1392,807,93
740,510,847,Sham19Y0145435,1592,26,290,171,62
740,510,821,Shamela0008473,2266,1035,1272,158,63
740,1120,1461,Shia002382Vols,807,789,1078,208,76
740,510,716,Shamela0009770,534,1313,1505,99,49
740,510,887,Shamela0003118,96,728,999,157,48
740,1292,1461,Shia002389Vols,1077,1,175,128,93
740,1,353,Shamela0021766,1937,1125,1446,237,80
740,1205,1461,Shia001432Vols,8735,15,268,185,91
740,1,1062,Shamela0009784,1287,190,648,289,34
740,510,864,Tafsir09084,1105,1011,1280,181,63
740,1,847,Shia003732Vols,2338,737,1357,415,57
740,1120,1461,Shia002337Vols,283,147,451,204,71
740,510,887,Shamela0012884,2391,29,293,156,47
740,617,847,Shamela0009783BK1,1082,263,452,124,66
740,510,887,JK000916,370,308,581,157,47
741,940,1119,Shamela0004473,8369,665,870,111,61
741,1188,1388,Sham19Y0145435,1592,985,1138,104,62
741,380,940,Sham19Y0145435,1592,636,1177,231,40
741,104,795,Zaydiyya0000295Vols,2071,896,1481,240,39
741,1,220,Shia002382Vols,807,1078,1288,145,81
741,1018,1490,Shamela0012406,790,1,314,186,45
741,240,1047,Shamela0023833,810,160,975,278,31
741,25,726,Shamela0035100,355,841,1442,263,40
741,197,1490,Shia003616Vols,351,377,1508,668,59
741,670,1217,Shia003616Vols,3224,583,1105,266,51
741,1,220,Shia002389Vols,1077,175,405,155,86
741,316,647,Shamela0021766,2001,1176,1455,216,82
741,647,906,Shamela0021766,2002,1,214,139,67
741,104,795,Shamela0004445,2061,481,1005,251,39
741,1,220,Shia001432Vols,8735,268,490,156,90
741,25,726,Shamela0010906,540,32,640,263,40
741,336,1349,Shamela0009784,1288,848,1547,394,43
741,336,795,ShamAY0034055,3929,72,424,217,57
741,316,670,Shia003732Vols,2341,1150,1453,235,83
741,670,1217,Shia003732Vols,2346,454,826,180,35
741,1,220,Shia002337Vols,283,451,684,164,88
741,240,940,Shamela0006864,1649,760,1454,295,43
741,341,714,Shamela0023700,730,401,870,172,38
741,380,776,Shamela0009783BK1,1082,1014,1370,192,53
741,81,795,Shia002702Vols,3981,350,1081,280,37
742,442,768,Shamela0004473,8369,229,503,168,56
742,451,748,ShamAY0034443,181,1286,1553,128,47
742,41,1316,Shia003616Vols,352,1,1330,720,54
742,800,1272,Shia003616Vols,1630,111,675,209,35
742,82,442,Shamela0003118,98,1021,1509,239,56
742,442,1277,Shamela0003118,99,1,852,503,60
742,68,819,Shamela0021766,1936,388,757,260,42
742,1,792,Shamela0009784,1289,230,535,220,34
742,777,1195,Shamela0009784,1290,58,413,220,61
742,46,800,Shia003732Vols,2345,1079,1434,256,42
742,768,1316,Shia003732Vols,2346,96,613,297,60
742,485,782,Sham19Y0013631,2479,418,652,118,47
742,506,1048,Shamela0009873,1688,357,1140,338,49
742,311,1277,JK000916,373,45,1006,583,61
743,1117,1346,Shamela0010639,342,622,861,153,77
743,258,775,ShamAY0034068,1098,262,850,232,40
743,901,1360,ShamAY0034068,1098,682,1190,292,70
743,491,1360,Sham19Y0145435,5341,53,930,535,69
743,491,1360,Sham19Y0018176,1620,138,1014,534,69
743,491,1360,Sham19Y0127656,538,175,1018,492,63
743,585,1360,Shamela0008473,2344,1,817,487,68
743,491,1360,Shamela0037837,971,511,1396,539,69
743,1101,1329,Sham19Y0122187,468,62,240,115,66
743,502,1346,Shamela0036446,935,590,1334,456,62
743,607,1346,Shamela0012406,794,1,781,475,70
743,491,1083,Sham19Y0013605,3352,743,1555,349,49
743,1083,1360,Sham19Y0013605,3353,1,290,191,81
743,261,537,Shamela0023833,822,79,430,159,58
743,502,1041,Shamela0023833,822,928,1465,354,73
743,1045,1346,Shamela0023833,823,4,329,226,89
743,357,537,Shamela0035100,371,6,228,125,71
743,508,1329,Shamela0035100,371,545,1358,506,69
743,502,1262,Shia002616Vols,3028,754,1463,409,58
743,261,537,Shia002616Vols,3028,35,380,151,55
743,692,1346,Sham19Y0148271,1862,1,637,394,67
743,502,1141,Shamela0009770,545,938,1458,357,67
743,1034,1346,Shamela0009770,546,1,334,228,86
743,261,537,Shia001831Vols,556,796,1141,151,55
743,502,1346,Shia001831Vols,557,76,867,490,65
743,739,1320,Shamela0007798,4796,480,1033,307,58
743,261,537,JK007065,255,24,429,139,45
743,242,1145,JK007065,255,641,1469,374,41
743,1145,1346,JK007065,256,1,216,150,90
743,1117,1320,JK007054,207,1039,1214,117,75
743,252,991,Tafsir07057,2479,1088,1543,217,33
743,1101,1360,Tafsir07057,2480,8,240,163,78
743,1145,1329,ShamIbadiyya0000193,1573,446,596,115,80
743,502,1141,Shamela0025794,2818,928,1469,302,52
743,1034,1346,Shamela0025794,2819,1,328,226,84
743,1041,1329,Shamela0025794,5188,75,526,166,43
743,261,768,Shamela0003118,5735,863,1451,145,23
743,508,1346,Shamela0003118,5736,116,930,468,61
743,1080,1329,Shamela0000140,96,524,1450,184,25
743,1122,1329,Shamela0000140,1963,723,1019,143,58
743,491,1360,Shamela0021766,2021,1,1064,556,61
743,491,901,Shamela0004445,2088,1088,1429,222,64
743,901,1360,Shamela0004445,2089,1,491,310,76
743,491,1360,Sham19Y0013252,6763,53,929,534,69
743,1041,1296,Shamela0023578,1452,1086,1453,169,57
743,261,537,Shamela0010906,555,613,941,150,56
743,655,1329,Shamela0010906,556,7,612,406,72
743,261,1092,ShamAY0033938,1514,228,1464,429,39
743,1092,1346,ShamAY0033938,1515,1,279,191,88
743,1112,1373,Shamela0005816,184,464,733,161,74
743,1101,1324,JK009408,2093,1168,1396,115,60
743,502,1184,Shamela0025800,335,833,1460,368,59
743,261,768,Shamela0025800,335,1,621,182,29
743,1184,1346,Shamela0025800,336,1,171,120,91
743,261,1235,Shamela0008658,1585,374,1458,542,54
743,1101,1329,Tafsir02096,812,1246,1458,157,85
743,1217,1329,Tafsir09050,1625,5,114,84,94
743,1122,1346,Tafsir09050,1626,1016,1223,138,75
743,361,518,JK006838,1176,459,645,109,76
743,491,1015,JK006838,1176,978,1444,264,57
743,1015,1329,JK006838,1177,1,314,205,74
743,261,718,SHAM19Y23644,1374,522,1455,271,36
743,888,1346,SHAM19Y23644,1375,14,533,312,73
743,502,1346,Shamela0009784,1304,92,961,566,76
743,502,1346,Shamela0004289,1309,214,1006,493,66
743,491,951,Sham19Y0018103,2766,1034,1444,258,66
743,951,1360,Sham19Y0018103,2767,1,467,280,73
743,491,1360,Shamela0096283,336,25,903,534,69
743,1117,1324,Sham19Y0023625,2518,943,1153,142,80
743,495,1360,Tafsir09084,1144,314,1208,500,63
743,495,1088,ShamAY0034055,4002,886,1496,319,56
743,1088,1329,ShamAY0034055,4003,1,260,176,82
743,673,1360,Shia003732Vols,2386,1,909,425,54
743,258,1346,Shia003732Vols,4094,16,1384,593,47
743,651,1346,Shamela0021809,2282,1,713,442,70
743,502,1346,Sham19Y0132524,2910,25,1259,492,45
743,1112,1329,Sham19Y0132524,2911,10,484,98,23
743,667,957,Shamela0000761,464,433,624,141,61
743,491,923,Shamela0010283,3674,1043,1433,247,67
743,933,1360,Shamela0010283,3675,1,485,292,74
743,508,1329,Sham19Y0146127,3077,107,958,513,68
743,491,1360,ShamAY0033705,72,534,1412,532,69
743,784,1360,JK000110,1145,1,633,388,75
743,552,1360,Sham19Y0016684,1554,11,807,491,70
743,242,1184,Sham19Y0148486,5623,564,1465,442,48
743,261,768,Sham19Y0148486,5623,28,596,196,36
743,1196,1360,Sham19Y0148486,5624,5,169,108,81
743,502,1053,Shamela0009780,763,1047,1546,308,64
743,1053,1360,Shamela0009780,764,1,319,214,82
743,491,1360,Shia003714Vols,586,134,1011,533,69
743,242,1296,ShamAY0034005,1412,448,1464,534,52
743,1,290,Tafsir06049,3037,612,914,166,59
743,1041,1360,Tafsir06049,3160,872,1185,175,63
743,261,621,JK011068,153,779,1496,206,36
743,621,1346,JK011068,154,1,748,463,70
743,502,1360,Shamela0023631,2581,70,918,485,61
743,502,673,Shamela0006864,1661,1260,1444,134,90
743,261,537,Shamela0006864,1661,411,762,159,58
743,673,1346,Shamela0006864,1662,1,686,445,75
743,261,537,Sham19Y0020638,1273,766,1111,150,56
743,518,1346,Sham19Y0020638,1274,1,785,480,65
743,502,1201,Shamela0012884,2487,742,1454,394,61
743,261,923,Sham19Y0017616,482,425,1436,316,35
743,923,1346,Sham19Y0017616,483,1,509,304,76
743,1101,1241,Shamela0023644,1113,1346,1492,107,93
743,1180,1373,Shamela0009898,192,1,220,130,78
743,491,1251,Sham19Y0016584,3103,706,1469,465,68
743,502,1346,Sham19Y0013223,1061,608,1401,489,65
743,261,768,Shamela0029677,2149,126,707,187,34
743,242,1126,Shamela0029677,2149,675,1479,363,42
743,1126,1346,Shamela0029677,2150,1,248,162,85
743,508,1346,Sham19Y0150960,1334,119,905,475,64
743,491,839,Sham19Y0018106,2866,1138,1438,197,66
743,839,1360,Sham19Y0018106,2867,1,577,347,73
743,242,1346,Sham19Y0122406,4009,211,1249,525,49
743,502,1346,Shamela0012014,10,616,1419,489,65
743,1117,1346,Shamela0012014,327,1126,1365,153,77
743,491,1360,Shamela0005756,11134,146,1023,535,69
743,435,1346,Shamela0001733,3630,201,971,472,61
743,502,1346,Shamela0001733,3636,16,809,264,31
743,1208,1373,ShamAY0034434,206,1,193,112,76
743,1041,1329,Shia002183,56,671,1060,172,52
743,261,768,JK000916,19787,124,727,151,23
743,491,1045,JK000916,19787,880,1470,308,56
743,1045,1346,JK000916,19788,1,316,217,84
743,382,1346,Sham19Y0127698,103,33,951,376,35
743,261,768,Shamela0023628,1741,537,1127,188,34
743,607,1346,Shamela0023628,1742,1,692,421,63
743,242,1346,Sham19Y0014309,418,175,1166,527,53
743,242,1154,Shamela0000041,1183,587,1474,430,48
743,1154,1360,Shamela0000041,1184,1,209,136,79
743,491,854,Shamela0021715,6677,1128,1441,208,67
743,854,1360,Shamela0021715,6678,1,565,337,73
743,1080,1346,Shamela0021715,6685,546,1178,173,35
743,915,1373,Sham19Y0018147,724,1052,1426,178,45
743,261,768,Shamela0031457,181,529,1112,193,35
743,655,1360,Shamela0031457,182,7,706,429,68
743,1112,1373,Shia002218Vols,442,453,793,173,66
743,495,1346,Shia002702Vols,4057,236,1113,522,69
744,538,1466,Sham19Y0145435,352,90,945,466,57
744,622,1026,ShamAY0033595,77,1162,1461,190,58
744,576,855,Shamela0012406,998,1227,1464,142,59
744,343,1078,Shamela0023833,811,865,1449,292,45
744,1057,1466,Shamela0023833,812,65,398,199,56
744,591,1451,Shamela0035100,358,135,862,403,53
744,739,1466,Shamela0009770,537,1,696,380,57
744,571,1230,Shia002341Vols,2043,916,1518,359,62
744,603,1048,JK000778,1076,1077,1422,228,62
744,1057,1466,JK000778,1077,84,420,204,57
744,343,1295,Shamela0023100,649,748,1414,312,37
744,1216,1466,Shamela0023100,650,16,226,148,73
744,629,1451,Shamela0021766,2019,57,924,493,64
744,603,1451,Shamela0004445,2065,145,951,440,56
744,571,1287,Shia001432Vols,8726,761,1447,375,54
744,591,1292,Shamela0010906,542,822,1440,326,51
744,781,1466,Shamela0005816,183,1,666,352,57
744,603,1093,JK009408,939,262,733,271,60
744,591,1466,JK006838,1147,606,1367,398,50
744,603,1372,SHAM19Y23644,1370,102,716,308,45
744,571,1169,Shia002359Vols,2052,986,1551,355,67
744,603,820,Shamela0009784,1290,1265,1462,123,67
744,845,1466,Shamela0009784,1291,15,619,316,55
744,629,1466,Shia001919,29,416,1172,401,55
744,629,966,Shia003732Vols,2347,1032,1422,229,69
744,988,1451,Shia003732Vols,2348,6,478,254,59
744,732,1093,Sham19Y0122236,277,1,383,242,71
744,576,820,Shamela0010283,3668,1221,1462,124,52
744,603,1466,Shia003714Vols,578,516,1329,447,57
744,576,1093,JK011068,151,816,1231,214,47
744,538,1466,Shamela0006864,1651,32,911,469,55
744,567,1026,Shamela0023644,1114,1052,1476,227,54
744,1026,1466,Shamela0023644,1115,1,447,243,60
744,576,1295,Shamela0009898,190,762,1459,347,53
744,1292,1466,Shamela0009898,191,1,156,116,85
744,680,1451,Shamela0009873,1692,228,1004,341,46
744,591,1093,Shamela0023700,2072,724,1240,259,54
744,603,1466,Shamela0009783BK1,1084,8,740,399,53
744,576,1304,ShamAY0034434,204,782,1470,330,49
744,1319,1466,ShamAY0034434,205,1,145,110,94
744,629,1466,Shia002183,54,459,1264,432,58
744,633,1451,Shamela0038160,35,1004,1473,319,46
744,603,820,Shamela0021713,906,1257,1455,125,67
744,845,1466,Shamela0021713,907,1,585,326,58
744,603,1105,Shamela0031457,172,1028,1448,263,61
744,1069,1451,Shamela0031457,173,1,292,174,52
744,560,706,Shia002218Vols,440,935,1081,107,94
745,31,464,Sham19Y0145435,352,901,1359,175,34
745,1,312,Shamela0023833,812,398,732,236,88
745,1031,1463,Shamela0023833,815,40,274,125,35
745,947,1463,Shamela0035100,357,420,825,172,34
745,31,266,Shamela0035100,358,867,1023,112,60
745,947,1463,Shamela0035100,890,794,1096,155,38
745,1,308,Shamela0009770,537,696,991,193,71
745,947,1463,Shamela0009770,539,848,1256,196,41
745,5,346,JK000778,1077,425,828,220,61
745,317,1308,Shia003616Vols,353,202,790,354,43
745,942,1463,Shia003616Vols,3180,1015,1430,198,38
745,951,1493,Shia003616Vols,3181,149,641,281,63
745,308,521,Shamela0003118,99,595,814,169,96
745,1190,1493,Shamela0003118,7700,227,531,236,98
745,1,308,Shamela0023100,650,235,528,190,73
745,947,1457,Shamela0021766,2018,339,1017,312,50
745,1,308,Shamela0021766,2019,924,1172,180,73
745,1,308,Shamela0004445,2065,951,1214,181,71
745,947,1463,Shamela0004445,2066,328,732,116,20
745,1093,1463,JK000216,354,1,317,119,34
745,947,1132,Shamela0010906,541,1141,1315,117,81
745,31,266,Shamela0010906,543,113,269,112,60
745,947,1308,Shamela0010906,1214,824,1141,150,45
745,961,1463,Shamela0010488,434,721,1127,177,42
745,1,464,Shamela0005816,183,666,1079,235,58
745,947,1463,Sham19Y0018272,1486,510,936,196,46
745,947,1132,Sham19Y0127677,15374,119,298,117,78
745,947,1438,JK006838,1146,948,1316,157,37
745,87,308,JK006838,1148,1,155,106,58
745,942,1132,SHAM19Y23644,1369,1332,1501,116,78
745,312,646,Shamela0009784,1290,827,1198,243,78
745,1,464,Shamela0009784,1291,619,1114,193,35
745,951,1132,Shamela0009784,1291,872,1077,138,83
745,947,1132,Shamela0009784,1293,1066,1373,134,52
745,1,215,Shia001919,29,1181,1397,147,80
745,947,1463,Shia003732Vols,2346,998,1446,183,34
745,1202,1457,Shia003732Vols,2347,12,300,185,80
745,1,312,Shia003732Vols,2348,478,758,193,74
745,1,468,Shamela0010283,3669,339,814,210,42
745,947,1463,Shia001285,470,407,824,192,37
745,105,346,Shia003714Vols,579,1,253,181,91
745,1,312,Shamela0006864,1651,911,1245,236,88
745,947,1463,Shamela0006864,1654,358,775,197,38
745,947,1132,Shamela0023644,1115,1183,1369,117,76
745,951,1463,Shamela0009898,189,722,1054,161,39
745,1,464,Shamela0009898,191,156,573,236,58
745,1,346,Shamela0009873,1692,947,1331,246,78
745,67,308,Shamela0023700,2073,1,269,178,83
745,947,1463,Shamela0023700,2512,1117,1483,182,45
745,31,327,Shamela0009783BK1,1084,713,1010,143,48
745,951,1463,ShamAY0034434,203,830,1162,162,40
745,1,464,ShamAY0034434,205,145,561,236,58
745,308,521,JK000916,373,749,968,170,97
745,1190,1493,JK000916,25973,89,393,236,98
745,1,308,Shamela0038160,36,16,296,207,81
745,1,346,Shamela0021713,907,585,948,252,86
745,947,1463,Shamela0021713,909,319,577,175,42
745,1001,1132,JK000533,2906,1136,1272,97,87
745,951,1463,Sham19Y0018147,724,304,567,158,39
746,184,1248,Sham19Y0145435,355,1,1039,459,40
746,608,1024,Shia003996Vols,860,686,1184,273,65
746,39,1107,Shamela0023833,815,239,1331,572,57
746,1112,1467,Shamela0023833,819,551,941,239,70
746,1112,1467,Sham19Y0148271,1871,1228,1497,153,51
746,215,1248,Shamela0009770,540,1,959,469,46
746,569,1024,Shia004038,210,745,1268,281,62
746,39,495,Shia003616Vols,353,761,977,163,45
746,559,1219,Shia003616Vols,3180,241,1099,408,57
746,1,773,Shia003616Vols,3181,641,1444,599,92
746,773,1116,Shia003616Vols,3182,1,370,262,87
746,39,266,Shia004695Vols,3245,612,797,106,58
746,1,548,Shamela0003118,7700,531,1077,426,99
746,578,1079,Shamela0003118,7721,545,1136,310,60
746,559,1057,Shia003636Vols,6489,892,1517,321,61
746,35,495,Shamela0021766,2018,984,1411,244,58
746,1060,1467,Shamela0004445,2081,313,725,222,57
746,39,364,JK000216,354,322,611,195,75
746,553,1107,Shia002958,264,291,923,351,64
746,711,1107,Shamela0010906,1227,1,326,225,72
746,559,1128,Shamela0010488,435,100,765,291,46
746,39,364,Sham19Y0018272,1486,901,1188,196,76
746,559,1024,Sham19Y0018272,1487,915,1464,304,65
746,1112,1467,JK009408,1783,997,1264,158,52
746,673,1238,SHAM19Y23644,1988,71,609,324,63
746,39,1185,Shamela0009784,1294,63,1098,596,58
746,1112,1404,ShamAY0033945,2028,422,715,173,64
746,29,582,Shia003732Vols,2347,341,952,325,62
746,39,677,Shamela0012935,359,1018,1452,245,47
746,664,1116,Shamela0012935,360,104,475,247,65
746,589,1043,Sham19Y0145166,407,1022,1447,220,48
746,39,364,Shia001285,470,789,1105,197,75
746,39,1112,Shia003714Vols,580,345,1387,566,58
746,578,1238,Tafsir06049,3038,516,1136,229,33
746,39,364,JK011068,152,308,646,145,49
746,565,877,Shamela0001043,486,443,883,209,56
746,1112,1467,Sham19Y0020868,468,834,1211,231,70
746,39,891,Shamela0006864,1654,740,1361,328,46
746,701,1107,Shamela0006864,1655,1,417,278,79
746,1112,1467,Shamela0006864,1658,1015,1404,240,70
746,1107,1467,Shia003919Vols,411,568,858,189,63
746,1201,1467,Shamela0023644,1659,40,227,128,60
746,117,891,Shamela0009873,1695,672,1406,300,39
746,701,1043,Shamela0009873,1696,22,337,200,67
746,39,664,Shamela0009783BK1,1086,939,1409,226,39
746,664,1107,Shamela0009783BK1,1087,1,485,252,55
746,1112,1467,Shamela0001733,3724,354,618,158,52
746,1331,1467,Shamela0001733,3726,1,138,103,94
746,1,548,JK000916,25973,393,941,426,98
746,578,1024,JK000916,26001,278,833,292,62
746,39,924,Shamela0021713,909,582,1466,439,52
746,559,1107,Shamela0001686,1437,407,1053,350,62
746,1116,1467,Sham19Y0001729,2510,1,267,155,49
747,1,601,Shamela0023833,819,945,1509,388,75
747,601,836,Shamela0023833,820,1,265,136,56
747,1,807,Shamela0005610,68,752,1373,417,63
747,44,681,Sham19Y0148271,1872,5,453,258,49
747,77,657,Shamela0009770,543,1013,1493,349,74
747,50,884,Shia003616Vols,353,1051,1448,252,37
747,1,807,Shia001887Vols,2570,419,1031,411,61
747,1,836,Shamela0025794,3553,754,1485,372,49
747,144,836,Shamela0025794,3554,381,1029,191,23
747,1026,1482,Shamela0003118,99,717,1183,330,89
747,1,795,Shamela0023100,619,8,709,431,62
747,71,795,Shamela0029707,28,381,876,266,44
747,1,836,Shamela0004445,2081,729,1498,508,69
747,253,795,JK009408,1784,4,409,282,63
747,1,795,Shia001782Vols,2047,559,1469,319,34
747,1,681,Shamela0021809,3164,988,1449,251,44
747,210,385,Shia002170Vols,902,905,1055,118,82
747,1,769,Shamela0001346,18,862,1463,400,61
747,1104,1262,Tafsir06049,3037,870,1410,121,27
747,1,795,Shamela0009567,558,266,789,291,44
747,1,301,Sham19Y0020868,468,1215,1497,194,73
747,301,756,Sham19Y0020868,469,1,371,251,67
747,1,1060,Shia002069Vols,784,143,952,388,37
747,71,836,Shamela0006864,1659,11,717,468,70
747,1,743,Shamela0023644,1659,227,800,355,57
747,1,795,Shamela0012991,160,751,1382,422,62
747,1,1055,Shamela0001733,3724,618,1476,455,45
747,1,795,Shamela0001733,3725,434,1024,388,58
747,1,795,Shamela0001733,3726,142,852,500,73
747,1,562,Shamela0012403,205,963,1465,292,55
747,577,795,Shamela0012403,206,11,172,114,66
747,1026,1482,JK000916,373,871,1335,327,88
747,1031,1482,JK000916,7179,149,622,172,33
747,1,836,Sham19Y0001729,2510,267,1026,405,52
748,396,1265,Sham19Y0145435,355,854,1480,378,48
748,942,1246,Sham19Y0145435,5338,128,404,168,63
748,585,1522,Shamela0008473,2278,96,730,430,53
748,547,1522,Shamela0023833,816,11,771,454,50
748,467,1093,Shamela0035100,364,1075,1456,204,37
748,1093,1522,Shamela0035100,365,1,254,190,54
748,440,1318,Shamela0009770,540,738,1485,407,48
748,232,1417,Shia003616Vols,354,428,1528,743,69
748,396,1034,Shia003616Vols,3176,845,1505,510,95
748,1034,1526,Shia003616Vols,3177,1,543,389,89
748,424,1526,ShamAY0034073,1905,1,441,287,32
748,467,1442,Tafsir07057,2407,684,1387,404,46
748,1,247,Shamela0003118,99,1183,1476,195,83
748,402,1246,Shia003636Vols,792,756,1043,201,29
748,467,1442,Shamela0002386,336,626,1380,414,47
748,407,1281,Shamela0021766,1978,671,1521,515,63
748,467,1522,Shamela0010906,549,311,945,395,44
748,942,1281,Shamela0008658,1523,815,1180,208,67
748,440,1281,Tafsir09084,1112,481,1011,289,39
748,580,1522,Shia003732Vols,2349,1,852,537,63
748,402,1079,Shamela0010283,3672,1095,1489,228,39
748,1079,1522,Shamela0010283,3673,1,351,221,59
748,407,1246,Shia002406Vols,3645,864,1412,259,34
748,550,1522,Shia003714Vols,581,1,642,373,43
748,407,1522,Shamela0023631,2509,59,851,487,49
748,407,1522,Shamela0006864,1655,477,1303,497,49
748,968,1246,Shamela0012884,2407,1,261,158,64
748,597,1417,Tafsir09071,391,1192,1547,200,28
748,396,1522,Shamela0009783BK1,1087,485,1227,465,47
748,1,161,JK000916,373,1335,1501,130,96
748,407,1522,Shamela0021713,911,199,835,423,46
749,479,722,Sham19Y0145435,356,147,331,140,73
749,479,728,Shamela0008473,2278,730,920,140,72
749,479,722,Shamela0023833,816,771,963,136,72
749,479,722,Shamela0035100,365,292,496,127,67
749,479,722,Shamela0009770,541,90,275,136,72
749,728,1434,JK000778,152,926,1499,363,56
749,155,619,Shia003616Vols,355,343,794,229,47
749,12,916,Shia003616Vols,3177,580,1503,695,93
749,916,1467,Shia003616Vols,3178,1,546,431,98
749,155,295,ShamAY0034073,1905,472,656,99,65
749,479,722,Shamela0010906,549,990,1201,127,68
749,906,1467,JK006838,1182,871,1301,135,28
749,421,706,Tafsir09084,1112,937,1200,151,60
749,201,722,Shia003732Vols,2349,941,1331,208,44
749,421,722,Shia003714Vols,581,506,821,157,53
749,479,706,Tafsir06049,3088,820,947,92,51
749,731,1467,JK003609,2738,452,1110,428,65
749,426,722,Shamela0023631,2509,717,1036,150,51
749,479,718,Shamela0006864,1655,1303,1491,133,72
749,824,1225,Shamela0009873,1016,187,599,196,50
749,728,1467,Shamela0023700,399,385,989,375,57
749,479,722,Shamela0009783BK1,1087,1227,1411,140,73
749,421,722,Shamela0021713,911,704,1021,152,50
749,906,1467,Shia002218Vols,417,892,1171,106,24
750,747,1138,Sham19Y0145435,353,146,528,275,83
750,826,1138,Shamela0023833,813,1,328,213,74
750,470,1130,Shamela0035100,361,846,1383,250,38
750,747,1176,Shamela0009770,538,102,512,297,83
750,339,1290,Shia003616Vols,355,692,1479,497,59
750,1126,1406,Shia003616Vols,1691,1125,1404,214,95
750,1,368,Shia003616Vols,3178,546,969,272,80
750,470,1254,Shia003616Vols,3185,544,1423,344,38
750,404,1176,Shia003616Vols,3186,1,762,572,89
750,1103,1254,Shia003616Vols,3381,869,1038,108,81
750,1138,1290,Shamela0021766,2037,461,584,99,80
750,624,1254,Shamela0021766,2038,370,991,358,64
750,526,1254,Shamela0004445,2071,1,671,287,36
750,480,916,Shamela0010637,329,946,1439,181,36
750,916,1138,Shamela0010637,330,1,197,145,81
750,440,1138,Shia001432Vols,8763,324,1021,336,47
750,747,1130,Shamela0001673,3092,976,1313,247,81
750,470,1130,Shamela0010906,546,35,572,250,38
750,747,1064,JK006838,1157,819,1099,208,78
750,530,1004,SHAM19Y23644,1370,1068,1445,219,55
750,781,1187,Shamela0009784,1292,1,413,256,68
750,751,1254,Shia001919,30,411,846,198,38
750,921,1389,Shia003732Vols,2350,402,897,169,30
750,619,1176,Shia003732Vols,2351,844,1441,326,59
750,916,1328,Shia003732Vols,3019,1138,1557,178,38
750,530,945,Shia003732Vols,4250,178,452,140,43
750,480,1000,Shamela0010283,3671,917,1470,207,39
750,747,1143,Shamela0012935,358,1173,1524,252,78
750,722,1138,Sham19Y0145166,404,413,782,227,61
750,436,1176,Shamela0023685,327,746,1391,295,44
750,470,1254,Shamela0006590,442,606,1374,330,41
750,426,1176,Shia003714Vols,579,126,881,301,36
750,641,1254,Tafsir06049,3039,105,764,328,51
750,734,1138,Shamela0001043,35,1011,1402,277,80
750,470,1138,Shamela0006864,1652,158,884,321,43
750,540,945,Zaydiyya0000037Vols,216,1235,1537,195,59
750,470,1122,Shamela0023644,1068,824,1476,264,36
750,747,873,Shamela0009783BK1,1084,1270,1398,100,98
750,747,1143,Shamela0005756,5572,175,481,219,70
750,426,1064,Shamela0021713,907,822,1431,222,31
750,426,1138,Shamela0031457,173,382,941,203,29
751,534,914,Shia002231Vols,535,1039,1431,257,75
751,596,757,Shia003616Vols,356,171,331,129,98
751,601,914,Sham19Y0127677,13391,1,310,201,72
751,534,914,Sham19Y0001729,2072,660,1041,251,74
752,1,115,Shamela0000727,153,452,579,93,89
752,1,1201,Shia003616Vols,356,342,1125,490,47
752,316,995,Shia003616Vols,1236,903,1477,352,59
752,995,1241,Shia003616Vols,1237,1,239,187,95
752,1241,1469,Shia003616Vols,3411,97,320,175,96
752,580,1201,SHAM19Y23644,1371,67,499,268,49
753,562,1439,Sham19Y0145435,354,19,826,506,65
753,765,1213,Shamela0023833,336,53,485,210,49
753,406,1439,Shamela0023833,814,4,1102,623,64
753,192,1439,Shamela0035100,364,30,953,587,57
753,765,1110,ShamAY0034249,7350,625,946,180,54
753,765,1213,Shamela0009770,296,105,497,209,53
753,142,660,Shamela0009770,538,853,1462,269,52
753,727,1439,Shamela0009770,539,1,700,481,81
753,145,1047,Shia003616Vols,356,951,1556,326,41
753,1067,1439,Shia003616Vols,357,9,398,236,69
753,220,1439,Shia003616Vols,1237,91,1269,859,87
753,406,1042,Shamela0021766,2038,829,1313,245,42
753,765,1208,Shamela0004445,1356,338,667,170,44
753,298,499,Shia001432Vols,8763,1337,1469,94,59
753,759,1208,Shamela0001673,11510,1091,1421,189,47
753,196,1208,Shamela0010906,548,494,1453,460,45
753,1208,1439,Shamela0010906,549,1,189,139,77
753,784,1208,Shamela0005816,181,1017,1294,198,57
753,815,1189,JK000911,599,524,740,139,45
753,784,1128,Shamela0026568,305,649,933,199,71
753,507,1439,JK006838,1153,92,651,346,46
753,484,1433,Shamela0009768,82,398,1033,342,44
753,308,1155,SHAM19Y23644,1371,476,927,273,40
753,562,1439,Shamela0009784,1293,4,855,548,72
753,230,1395,Shia003732Vols,2353,33,1462,807,69
753,765,1213,Shamela0010283,3351,388,773,205,53
753,507,1189,Shamela0012935,359,140,678,320,57
753,784,1087,Sham19Y0145166,403,1285,1505,131,50
753,480,1439,Shamela0000767,4656,48,957,549,65
753,765,1128,Shamela0023685,328,225,565,210,63
753,765,1302,Shamela0006590,441,420,874,280,59
753,765,1208,Shia003714Vols,232,772,1132,202,54
753,784,1038,Shia003714Vols,579,1279,1465,124,62
753,209,1031,Tafsir06049,3039,722,1491,390,48
753,1034,1439,Tafsir06049,3040,4,368,250,76
753,789,1208,ShamIbadiyya0000438,1119,71,316,167,50
753,765,1213,Shamela0006864,834,48,480,210,49
753,192,1242,Shamela0006864,1653,311,1443,609,60
753,393,1439,Shamela0023644,1108,568,1457,360,33
753,784,1208,Shamela0009898,189,474,751,198,57
753,765,1208,Shamela0009873,1694,906,1306,187,40
753,393,1439,Shamela0023700,870,191,880,322,34
753,192,955,Shamela0009783BK1,1085,814,1415,319,50
753,955,1439,Shamela0009783BK1,1086,1,421,298,76
753,784,1208,ShamAY0034434,203,585,859,193,56
753,784,1208,Shamela0021713,909,1,352,223,65
753,784,1128,Shamela0006617,655,351,610,180,64
753,765,1208,Shamela0021715,11040,896,1210,170,43
754,7,418,Shia003616Vols,357,398,588,142,45
754,1131,1473,Shia003616Vols,357,606,942,198,57
754,1,209,Shia003616Vols,1237,1269,1476,165,99
754,209,708,Shia003616Vols,1238,1,524,194,33
754,1032,1482,Shia003616Vols,1554,38,508,215,42
754,1266,1482,Shia003732Vols,2354,286,550,166,78
755,807,1415,Shamela0001515,383,844,1446,284,44
755,165,499,Shamela0000551,157,104,439,191,60
755,952,1058,Shamela0000551,596,1380,1485,81,97
755,1078,1463,Shamela0000551,597,5,431,282,81
755,882,1113,Shamela0000551,599,469,901,136,39
755,952,1420,Sham19Y0145435,5339,1026,1466,296,75
755,952,1187,Shamela0036446,1168,1260,1482,163,82
755,1193,1463,Shamela0036446,1169,6,292,201,89
755,952,1251,ShamAY0031687,352,1146,1437,202,77
755,1251,1463,ShamAY0031687,353,7,224,156,90
755,952,1463,Shamela0035100,360,858,1362,346,80
755,952,1463,ShamAY0033522,196,116,652,366,82
755,952,1463,Sham19Y0148271,1938,552,1073,352,80
755,872,1447,ShamAY0033556,84,472,1440,402,50
755,872,1251,Shia002231Vols,167,984,1470,239,55
755,1251,1463,Shia002231Vols,168,10,224,153,88
755,7,489,Shia003616Vols,357,951,1476,308,67
755,489,1463,Shia003616Vols,358,1,867,568,68
755,952,1463,Shia003616Vols,1233,723,1265,342,73
755,1,901,Shia003616Vols,1554,508,1384,481,52
755,952,1463,Sham19Y0006684,481,259,794,366,82
755,952,1463,Shia001887Vols,529,8,516,337,75
755,165,379,Sham19Y0014601,411,294,467,125,74
755,952,1405,Shamela0025794,4155,979,1456,321,81
755,952,1463,Shamela0003118,100,917,1434,358,81
755,952,1463,Shamela0007891,596,831,1349,359,81
755,952,1463,Shamela0012399,575,436,971,366,82
755,937,1171,Shamela0012399,582,205,573,134,46
755,807,1370,Shamela0021766,2039,729,1424,307,49
755,123,597,Shamela0021766,2039,249,392,79,20
755,872,1463,Shamela0004445,2072,669,1352,363,62
755,918,1463,Shamela0004445,2758,411,960,371,79
755,872,1460,Shamela0010637,328,558,1216,377,64
755,933,1383,Shia001432Vols,8764,309,732,294,79
755,933,1383,Shamela0001673,6440,532,812,179,45
755,952,1463,Shamela0010906,545,45,548,345,80
755,872,1463,Shia002119Vols,637,140,878,414,67
755,1049,1463,JK000620,14,1,413,266,72
755,952,1463,ShamAY0033938,1277,332,896,346,71
755,1251,1463,Shamela0006517,251,725,1001,140,60
755,872,1463,Shamela0025800,3263,282,948,373,66
755,882,1139,Shamela0026568,589,1183,1485,171,69
755,1147,1463,Shamela0026568,590,38,310,173,68
755,740,1463,Sham19Y0127677,5218,710,1393,331,44
755,952,1058,Sham19Y0127677,15592,1344,1450,78,92
755,1078,1444,Sham19Y0127677,15593,5,416,267,80
755,740,1176,Shia002265Vols,3961,1077,1498,171,35
755,1212,1463,Shia002265Vols,3962,13,274,176,83
755,872,1217,ShamAY0034182,311,1095,1463,245,80
755,952,1463,JK006838,1155,911,1346,306,75
755,165,499,Sham19Y0127713,103,130,415,179,67
755,872,1294,Shamela0009784,1294,1006,1464,261,66
755,952,1463,Shamela0004289,1426,520,1089,344,70
755,1242,1463,ShamAY0038405,762,703,963,150,71
755,952,1463,Sham19Y0014462,83,717,1258,352,75
755,740,1290,Shamela0005803,355,892,1461,265,43
755,1294,1463,Shamela0005803,356,10,182,124,91
755,7,687,Shia003732Vols,2354,560,1458,491,67
755,687,952,Shia003732Vols,2355,1,336,186,69
755,872,1460,Shia003732Vols,2356,129,1050,370,49
755,882,1463,Shia003732Vols,4179,703,1352,376,67
755,952,1463,Shamela0021809,2446,500,1029,359,81
755,952,1058,Sham19Y0132524,2348,529,639,81,92
755,933,1287,Sham19Y0132524,2349,6,486,257,65
755,1300,1463,Shamela0010283,3896,1,186,98,57
755,952,1463,Shamela0021479,64,807,1333,355,79
755,1251,1463,Shamela0023645,156,1091,1327,123,56
755,952,1463,JK000657,162,14,580,347,71
755,1245,1447,Sham19Y0145166,404,1338,1509,110,64
755,1251,1463,Shamela0009780,1033,368,559,106,60
755,923,1463,Sham19Y0038171,1437,404,902,342,75
755,1036,1463,Shamela0028107,288,1,456,301,79
755,872,1054,Shamela0012220,1139,365,584,126,70
755,923,1212,Shamela0023685,679,1226,1474,179,75
755,1150,1463,Shamela0023685,680,1,276,199,80
755,923,1463,Shamela0006590,436,1010,1391,262,60
755,952,1463,Shamela0013066,309,286,815,355,80
755,1015,1463,Shamela0001719,2198,1,482,319,80
755,952,1460,Shamela0026440,11,363,843,329,77
755,872,1463,ShamAY0034005,1409,96,801,374,62
755,882,1463,ShamAY0034441,396,495,980,327,70
755,952,1463,ShamAY0032665,2489,600,1122,357,80
755,740,1106,Shamela0001438,7251,1157,1481,121,30
755,1106,1463,Shamela0001438,7252,1,374,235,74
755,1176,1415,Shamela0021751,7020,768,1049,161,71
755,957,1463,Sham19Y0020638,1053,1,564,339,70
755,984,1463,Sham19Y0017616,376,1,532,320,70
755,952,1463,Sham19Y0018144,2489,692,1214,357,80
755,918,1463,Zaydiyya0000037Vols,217,267,731,294,61
755,952,1217,Sham19Y0122406,3477,1082,1370,193,79
755,1217,1463,Sham19Y0122406,3478,292,569,153,63
755,734,1212,Shamela0005756,11127,119,678,160,27
755,872,1463,Shamela0001733,3928,659,1378,359,55
755,1124,1463,Shia003656Vols,18,1,314,192,63
755,952,1463,JK009390,7215,620,1072,303,71
755,952,1463,Shamela0000170,1061,414,946,337,73
755,952,1463,ShamAY0034434,218,806,1366,346,72
755,937,1463,ShamAY0035035,5618,1,484,324,72
755,952,1100,JK000916,374,1293,1428,105,89
755,1100,1463,JK000916,375,1,384,255,79
755,807,1147,Shamela0021713,911,1058,1460,143,32
755,1147,1463,Shamela0021713,912,20,346,224,87
755,872,1054,Shamela0021713,914,383,648,108,51
755,740,1463,Shamela0012532,2,470,1293,407,54
755,952,1463,Sham19Y0001729,600,84,602,356,80
755,952,1463,Sham19Y0001729,2194,147,663,354,80
755,872,1463,Shamela0031457,175,17,579,365,73
756,126,1499,Shamela0012406,804,5,1184,865,76
756,11,436,Shia003616Vols,3192,1081,1506,331,97
756,436,1505,Shia003616Vols,3193,1,1088,836,94
756,22,1146,Shamela0010637,330,347,1458,768,79
756,1146,1499,Shamela0010637,331,1,353,255,87
756,405,965,Shamela0006700,83,1,403,280,60
756,52,284,SHAM19Y23644,1408,1327,1506,130,70
756,354,1499,SHAM19Y23644,1409,6,988,603,60
756,662,1499,Shamela0009784,1298,352,1149,465,57
756,11,1477,Shia003732Vols,2367,73,1498,1058,85
756,31,428,Shamela0012031,266,1189,1421,165,52
756,428,1505,Shamela0012031,267,1,684,489,53
756,944,1505,Sham19Y0014328,98,788,1435,202,32
757,916,1380,Shamela0004473,8369,1216,1588,282,75
757,20,342,Shamela0012406,804,1184,1501,244,92
757,213,579,Shamela0009770,543,384,869,198,46
757,213,531,JK000778,629,1080,1419,181,59
757,847,1415,Shia003616Vols,358,896,1467,409,84
757,975,1486,Shia003616Vols,1340,1,509,398,96
757,1,412,Shia003616Vols,3193,1088,1518,323,93
757,412,579,Shia003616Vols,3194,1,180,115,75
757,569,1426,Shamela0021766,2039,425,958,351,48
757,1,760,Shamela0010637,331,363,1180,406,49
757,162,537,Shamela0006700,83,382,725,190,51
757,20,531,SHAM19Y23644,1409,988,1444,292,67
757,550,1460,Shia003732Vols,2355,383,1456,651,73
757,1,760,Shia003732Vols,2368,34,798,420,55
757,550,1026,Shamela0009773,2972,496,721,145,40
757,1,582,Shamela0012031,267,684,1146,310,61
757,1134,1460,Shamela0006590,444,1,365,216,66
757,213,579,Shia003714Vols,584,46,387,197,60
757,213,760,Shamela0006864,1658,77,813,215,32
757,910,1460,Shamela0023644,1214,501,962,314,65
757,962,1275,Shamela0009873,687,1090,1374,194,70
757,962,1349,Shamela0009873,1715,1101,1525,252,65
757,213,579,Shamela0021713,914,831,1282,205,51
757,162,486,Sham19Y0127698,106,1143,1439,125,36
757,861,1486,ShamAY0034447,2172,18,630,430,84
758,377,959,Shamela0004473,8372,1054,1505,350,72
758,576,1462,Sham19Y0039268,488,585,1554,627,76
758,564,1552,Shamela0009918,1205,282,1291,749,89
758,564,1552,Shamela0012750,289,277,1306,740,85
758,564,963,Shamela0001975,202,1111,1505,299,88
758,970,1552,Shamela0001975,203,1,593,447,92
758,576,1388,Shamela0010646,71,513,1114,400,56
758,576,803,JK011496,33,342,557,162,87
758,576,1064,JK000786,3676,989,1527,303,62
758,1064,1552,JK000786,3677,1,523,365,83
758,576,959,JK011358,39,1086,1460,258,80
758,959,1552,JK011358,40,20,698,413,73
758,132,1552,Shia003616Vols,359,49,1405,1004,83
758,576,1294,Sham19Y0037618,4399,730,1564,483,67
758,1297,1552,Sham19Y0037618,4400,1,299,185,74
758,564,1552,Sham19Y0122096,962,63,1043,746,90
758,576,1100,Shamela0003118,3780,1014,1549,311,61
758,1100,1552,Shamela0003118,3781,1,503,339,81
758,95,1552,Shamela0003118,5833,11,1310,911,73
758,576,1366,JK000022,141,719,1255,309,43
758,502,1158,Shia003636Vols,844,1042,1585,418,75
758,1164,1535,Shia003636Vols,845,1,273,202,65
758,576,868,Shamela0026566,143,1193,1503,216,81
758,868,1552,Shamela0026566,144,1,700,456,71
758,1175,1493,JK000021,1443,539,694,54,16
758,95,1027,Shamela0004445,2073,627,1459,604,78
758,1031,1552,Shamela0004445,2074,1,528,389,87
758,683,1552,Shia001432Vols,8733,1,873,671,92
758,518,793,Shia001432Vols,26063,1269,1519,185,76
758,793,1552,Shia001432Vols,26064,1,772,586,91
758,549,1552,JK000216,132,52,1041,751,89
758,868,1388,Shamela0010488,114,1278,1494,157,36
758,564,1552,Sham19Y0127677,463,23,1009,747,90
758,553,1552,Sham19Y0127677,1016,353,1354,763,90
758,576,1114,Sham19Y0127677,5074,971,1551,340,65
758,1114,1552,Sham19Y0127677,5075,1,479,325,81
758,576,793,Sham19Y0123665,622,1325,1568,167,83
758,793,1552,Sham19Y0123665,623,1,777,506,71
758,564,1552,Shia002265Vols,5288,208,1214,741,87
758,588,1552,Shia002265Vols,5293,1,899,677,83
758,95,1552,JK006838,1158,98,1449,970,79
758,683,1552,JK000728,160,1,939,606,75
758,518,1297,Shia001300,299,794,1537,584,90
758,1297,1552,Shia001300,300,1,258,195,92
758,576,1223,SHAM19Y23644,2021,1079,1502,237,43
758,576,863,JK006801,729,1144,1492,179,56
758,863,1552,JK006801,730,1,791,490,74
758,588,1204,JK011273,8,1,149,118,23
758,576,1315,JK000946,45,793,1517,475,72
758,1315,1552,JK000946,46,1,196,143,70
758,95,1399,Sham19Y0122397,302,241,1529,872,75
758,1399,1552,Sham19Y0122397,303,1,163,113,87
758,558,1074,Shamela0021659,358,1000,1507,379,87
758,1074,1552,Shamela0021659,359,1,487,371,92
758,15,502,Shia003732Vols,2357,94,534,249,61
758,377,803,Shia003732Vols,2357,1103,1437,249,69
758,803,1552,Shia003732Vols,2358,1,744,554,87
758,576,1021,Shamela0038194,94,1008,1491,272,62
758,1021,1552,Shamela0038194,95,1,570,386,81
758,576,1366,Shamela0023789,906,69,419,197,30
758,564,1100,Shamela0007853,58,1082,1580,379,84
758,1100,1552,Shamela0007853,59,1,431,332,89
758,541,1482,Shia002261Vols,75,574,1543,701,86
758,564,762,JK001293BK2,136,1127,1310,131,81
758,576,1366,Shamela0012031,150,946,1475,317,45
758,576,762,Sham19Y0038171,223,178,397,132,68
758,627,1552,Shia002337Vols,281,1,908,704,91
758,377,1107,Shia002406Vols,1794,923,1552,466,77
758,1107,1552,Shia002406Vols,1795,1,463,343,90
758,377,1552,Shia002406Vols,3598,55,1089,779,79
758,1,637,ShamAY0034441,396,898,1454,303,55
758,637,1552,ShamAY0034441,397,1,846,641,84
758,576,1315,ShamAY0032887,12,742,1531,482,68
758,1315,1552,ShamAY0032887,13,1,272,176,77
758,558,1100,Shamela0006947,12719,1148,1685,395,86
758,1100,1552,Shamela0006947,12720,1,472,350,90
758,553,1552,Shamela0001438,1810,200,1200,756,90
758,576,1552,Shamela0001438,7060,493,1557,672,73
758,351,1552,Shamela0001438,7972,228,1419,773,68
758,95,1425,ShamAY0032826,235,422,1529,779,69
758,95,645,ShamAY0032826,236,1150,1522,211,45
758,657,1552,ShamAY0032826,237,1,844,647,86
758,576,1528,JK000060,125,483,1336,400,40
758,576,787,Shamela0013027,79,1265,1503,134,62
758,787,1552,Shamela0013027,80,1,848,554,79
758,576,902,Shamela0008206,55,1026,1359,201,63
758,95,1528,Shamela0012884,1480,165,1531,957,78
758,518,742,Sham19Y0014328,96,1356,1553,144,79
758,742,1552,Sham19Y0014328,97,1,706,516,75
758,564,722,Shamela0007435,129,755,901,118,91
758,576,1552,Shamela0007435,817,723,1544,595,72
758,541,1552,Shia001332,126,556,1549,717,83
758,518,1552,Shamela0029702,11,164,1240,738,82
758,564,1403,Shamela0026884,374,695,1511,615,87
758,753,1552,JK009390,442,1,804,604,90
758,541,1552,JK009390,1032,130,1156,766,89
758,576,1552,JK009390,7022,209,1273,667,72
758,576,1119,JK000916,12532,897,1510,346,63
758,1119,1552,JK000916,12533,1,529,323,73
758,588,1388,JK000916,12534,765,1582,541,78
758,466,1552,JK000916,20163,1,966,734,81
758,564,1552,JK001095,3,79,1079,746,89
758,15,1552,Shamela0021713,915,37,1428,948,72
758,564,762,Shamela0005847,139,21,204,131,81
758,581,811,JK009288,678,1285,1544,171,78
758,811,1456,JK009288,679,1,516,343,64
758,576,1052,Shamela0021765,2569,968,1522,302,61
758,1064,1552,Shamela0021765,2570,5,534,363,81
758,576,902,Shamela0037325,96,4,335,203,64
759,1,264,Sham19Y0039268,489,126,495,182,61
759,1,264,Shamela0009918,1205,1291,1582,208,89
759,1,188,Shamela0012750,289,1306,1544,148,77
759,1,331,Shamela0001975,203,593,966,262,87
759,12,264,Shamela0010646,71,1173,1443,164,68
759,1,269,JK000786,3677,523,911,186,59
759,1,264,JK011358,40,698,1099,181,56
759,1,140,Shia003616Vols,359,1405,1544,110,100
759,140,1482,Shia003616Vols,360,1,1173,748,65
759,1,264,Sham19Y0037618,4400,299,720,181,54
759,1,331,Sham19Y0122096,962,1043,1424,262,86
759,1,269,Shamela0003118,3781,503,885,183,60
759,1,188,Shamela0003118,5833,1310,1520,149,89
759,188,331,Shamela0003118,5834,1,155,110,89
759,1,202,Shia003636Vols,845,273,434,110,68
759,1,264,Shamela0026566,144,700,1069,188,62
759,95,197,Shia002103Vols,83,869,967,60,61
759,963,1461,Shamela0021766,2040,707,1044,252,63
759,1,331,Shamela0004445,2074,528,912,254,81
759,1,402,Shia001432Vols,8733,873,1278,267,82
759,1,402,Shia001432Vols,26064,772,1230,262,65
759,1,331,JK000216,132,1041,1414,261,87
759,1,331,Sham19Y0127677,463,1009,1382,262,87
759,1,166,Sham19Y0127677,1016,1354,1542,128,86
759,166,331,Sham19Y0127677,1017,1,150,115,87
759,1,402,Sham19Y0127677,5075,479,1044,209,41
759,1,269,Sham19Y0123665,623,777,1153,180,58
759,1,326,Shia002265Vols,5288,1214,1540,240,86
759,1,331,Shia002265Vols,5293,899,1236,243,86
759,91,331,JK006838,1159,1,277,190,86
759,1,264,JK000728,160,939,1313,171,58
759,1,331,Shia001300,300,258,573,236,88
759,1,264,JK006801,730,791,1213,181,54
759,1,402,JK000946,46,196,564,202,56
759,1,331,Sham19Y0122397,303,163,563,248,77
759,1,331,Shamela0021659,359,487,860,262,87
759,1,408,Shia003732Vols,2358,744,1160,272,79
759,1193,1482,Shia003732Vols,2360,1,281,216,93
759,336,762,Shia003732Vols,2361,1120,1518,296,84
759,762,1019,Shia003732Vols,2362,1,225,172,83
759,1,402,Shamela0038194,95,570,1061,204,46
759,1,402,Shamela0007853,59,431,735,219,67
759,1,331,Shia002261Vols,76,69,500,262,76
759,1,402,Shia002337Vols,281,908,1315,271,82
759,963,1357,Shamela0006590,439,140,419,211,67
759,1,331,Shia002406Vols,1795,463,801,244,88
759,1,331,Shia002406Vols,3598,1089,1422,247,91
759,1,402,ShamAY0034441,397,846,1193,221,67
759,1,264,ShamAY0032887,13,272,643,173,58
759,1,336,Shamela0006947,12720,472,829,263,92
759,1,331,Shamela0001438,1810,1200,1537,243,86
759,25,264,Shamela0001438,7061,1,350,153,55
759,1,140,Shamela0001438,7972,1419,1560,106,95
759,119,331,Shamela0001438,7973,1,191,151,89
759,1,245,ShamAY0032826,236,109,364,172,82
759,1,245,ShamAY0032826,237,844,1099,172,82
759,1,264,Shamela0013027,80,848,1214,182,61
759,1,352,Shamela0012884,1481,28,388,248,84
759,1,280,Sham19Y0014328,97,706,1002,207,86
759,4,331,Shamela0007435,818,1,273,194,71
759,56,264,Shia001332,127,1,236,138,66
759,1,269,Shamela0029702,11,1240,1532,178,69
759,1,311,Shamela0026884,375,159,421,162,58
759,1,331,JK009390,442,804,1177,262,87
759,1,331,JK009390,1032,1156,1494,242,86
759,1,264,JK000916,12533,529,900,180,61
759,1,269,JK000916,12535,212,640,175,51
759,1,331,JK000916,20163,966,1330,259,89
759,1,331,JK001095,3,1079,1446,221,67
759,1,109,Shamela0021713,915,1428,1531,79,92
759,91,280,Shamela0021713,916,7,188,126,84
759,1,269,Shamela0021765,2570,534,910,186,61
760,973,1370,Shamela0001515,386,116,468,194,52
760,1,336,Shia003616Vols,360,1173,1483,219,80
760,336,1425,Shia003616Vols,361,1,1008,668,71
760,694,1398,Shia003616Vols,2100,1,722,542,94
760,714,1392,Shamela0003118,100,1,669,506,94
760,18,454,Shamela0021766,2040,1044,1418,272,78
760,645,1198,Shia001432Vols,8765,144,581,221,40
760,533,1102,Shamela0009784,1297,861,1441,234,36
760,979,1392,Shamela0009784,1299,357,769,227,61
760,1,848,Shia003732Vols,2360,281,1129,491,61
760,979,1392,Shia003732Vols,2370,218,625,253,73
760,18,345,Shia003732Vols,4192,1200,1476,211,81
760,345,848,Shia003732Vols,4193,1,408,213,47
760,1099,1370,Sham19Y0145166,405,987,1182,132,60
760,18,704,Shamela0006590,439,435,984,369,65
760,1070,1370,ShamAY0034441,399,1239,1484,171,68
760,1080,1370,Shamela0009873,1709,566,856,191,77
760,641,1392,JK000916,374,67,805,564,94
761,1113,1415,Shamela0000788,13,1,289,220,92
761,20,602,Shia003616Vols,361,1008,1471,320,63
761,969,1195,Shia003616Vols,1646,1042,1263,175,96
761,1,348,Shia003616Vols,1689,399,795,200,58
761,1,348,Shia003616Vols,3378,770,1121,188,58
761,969,1415,Sham19Y0127677,5591,657,1133,234,51
761,969,1419,Sham19Y0127677,20494,779,1273,223,46
761,969,1389,Shia002265Vols,1268,972,1403,212,50
761,109,296,Sham19Y0148486,6239,1091,1474,103,30
761,463,998,Shamela0023644,854,212,670,309,64
761,1065,1389,JK009390,5791,1045,1406,182,56
761,969,1415,JK000916,6730,289,787,235,50
762,313,737,Shamela0000956,1103,391,897,190,39
762,888,1376,JK000386,1043,386,891,183,33
762,112,325,Shamela0001453,179,186,377,131,75
762,103,317,Shamela0025794,4366,1181,1380,128,73
762,112,308,JK000022,2624,495,685,134,83
762,159,322,JK000021,1303,1126,1283,98,72
762,108,299,Sham19Y0127677,1570,705,892,134,83
762,1112,1376,Sham19Y0127677,1718,648,1012,142,41
762,888,1467,Sham19Y0127677,4992,685,1313,176,24
762,103,313,Sham19Y0127677,8418,1194,1387,117,68
762,359,662,Sham19Y0127677,14706,1036,1347,178,64
762,108,299,Shia002265Vols,1209,777,961,128,79
762,385,662,ShamAY0033945,1952,6,292,169,68
762,506,923,Shia003732Vols,2357,440,832,172,42
762,702,1192,Shia003732Vols,2362,1066,1509,218,49
762,1192,1460,Shia003732Vols,2363,1,333,186,68
762,103,308,Shamela0021809,237,685,872,115,68
762,888,1309,Shia003714Vols,88,592,1066,173,35
762,112,308,ShamAY0032665,2045,1227,1416,134,83
762,108,299,Shamela0001438,2543,810,997,134,83
762,1112,1376,Shamela0001438,3080,113,477,142,41
762,888,1460,Shamela0001438,7015,761,1436,205,29
762,112,317,Shamela0021635,234,119,322,131,71
762,1118,1302,Shamela0023631,2270,475,817,121,44
762,112,325,Shamela0000736,4522,39,218,122,71
762,108,340,Shamela0001733,256,154,390,142,72
762,108,299,JK009390,1521,824,1012,134,83
762,1112,1376,JK009390,1751,1049,1414,142,41
762,860,1460,ShamAY0034434,213,642,1206,261,40
762,888,1376,Shamela0021765,261,838,1289,190,36
763,181,651,Shamela0008658,1494,282,743,119,20
764,946,1122,Shia003616Vols,351,270,427,117,82
764,908,1122,Shamela0003118,3636,771,1052,155,65
764,908,1122,JK000916,11891,166,447,155,65
765,211,525,Shamela0004473,8374,1065,1606,151,34
765,545,1081,Shamela0004473,8375,168,466,149,33
765,215,1368,Sham19Y0145435,1593,690,1362,392,40
765,186,1368,Shamela0023833,817,65,750,395,41
765,757,1065,Shamela0035100,366,5,154,93,39
765,211,1349,Shamela0009770,541,838,1470,373,40
765,211,1391,Shia003616Vols,362,96,1149,720,70
765,195,1368,Shia003616Vols,3188,394,1037,361,36
765,1,1302,Shia003616Vols,3189,159,1474,1025,97
765,1302,1480,Shia003616Vols,3190,1,207,140,85
765,215,425,Sham19Y0014601,4523,1226,1464,148,73
765,239,589,Shia003636Vols,792,1261,1458,127,44
765,757,1339,Shia003636Vols,793,5,300,176,38
765,215,1084,Shamela0021766,2045,799,1473,400,51
765,1084,1358,Shamela0021766,2046,1,247,158,61
765,810,1368,Shamela0004445,2079,1,302,171,38
765,215,1055,Shamela0010637,331,1004,1455,274,39
765,225,851,Shia001432Vols,7718,1091,1378,188,38
765,708,1225,Shia001432Vols,35277,1,449,346,82
765,215,1065,Shamela0010906,550,432,869,281,40
765,215,1099,Shamela0005816,183,916,1406,297,41
765,215,851,JK000911,600,614,915,186,35
765,195,556,Sham19Y0127677,4381,857,1100,139,43
765,1,1368,Sham19Y0127677,4812,136,1475,1042,95
765,195,556,Shia002265Vols,3391,332,575,139,43
765,1,165,Shia002265Vols,3392,1321,1471,114,90
765,165,1391,Shia002265Vols,3393,1,1231,967,97
765,292,836,JK006838,1161,1202,1490,176,39
765,478,1368,Shamela0005922,2830,1,466,275,38
765,225,428,Shamela0009768,82,1293,1471,133,80
765,433,1199,Shamela0009768,83,5,408,286,46
765,211,500,Shamela0009784,1295,850,1511,210,39
765,453,1368,Shamela0009784,1296,39,725,382,48
765,205,496,Shia003732Vols,2614,1151,1473,182,59
765,525,1368,Shia003732Vols,2615,1,930,603,77
765,195,728,Shamela0010283,3669,1024,1442,254,51
765,987,1368,Sham19Y0146127,3266,50,302,142,44
765,215,1368,Sham19Y0018567,627,443,1325,532,50
765,244,935,Sham19Y0145166,489,217,1026,306,40
765,195,1368,Sham19Y0148486,5916,678,1323,358,36
765,211,556,Shamela0009780,757,628,814,121,41
765,195,1099,Shamela0006590,445,297,727,250,33
765,225,556,Sham19Y0029560,162,1094,1259,110,40
765,215,1368,Shia003714Vols,582,175,823,384,40
765,215,1363,ShamAY0034441,398,343,1292,466,43
765,794,1065,Sham19Y0017791,1356,81,204,72,33
765,215,1363,Shamela0001043,450,706,1386,362,38
765,1,1391,Shamela0001438,6822,51,1421,1063,95
765,215,1368,Shamela0006864,1656,625,1278,385,41
765,215,1368,Shia003919Vols,171,834,1381,320,34
765,215,1035,Zaydiyya0000037Vols,217,921,1481,322,45
765,453,1368,Shamela0023644,1069,938,1449,303,41
765,215,1368,Shamela0009898,191,406,1077,379,38
765,244,851,Shamela0009873,1832,744,1170,215,39
765,215,1363,Shamela0009783BK1,1088,100,718,358,37
765,1,536,JK009390,6464,971,1479,376,84
765,536,1391,JK009390,6465,1,872,661,92
765,215,1368,ShamAY0034434,205,394,1047,380,40
765,195,1368,JK000916,3081,55,670,346,36
765,165,1480,JK000916,3082,1,1324,1036,97
765,215,847,Shamela0021713,912,1057,1442,237,45
765,987,1368,Shamela0021713,913,5,267,141,45
765,195,836,Shia000841Vols,8909,1129,1496,209,38
765,244,556,Shamela0031457,175,1046,1203,97,38
766,1,479,Sham19Y0145435,356,648,1124,200,38
766,1063,1482,Shamela0012406,791,1055,1411,159,34
766,1,580,Shamela0023833,817,840,1441,348,67
766,32,671,Shamela0009770,542,1,605,341,59
766,378,534,Noorlib0031306,109,632,905,67,27
766,15,803,Shia003616Vols,362,1090,1488,244,38
766,803,1415,Shia003616Vols,363,1,662,437,78
766,1,1396,Shia003616Vols,3190,207,1490,1004,89
766,450,1468,Sham19Y0014601,4074,261,1019,304,33
766,221,1468,Sham19Y0014601,4524,471,1240,343,32
766,1,203,Shamela0025794,2402,731,934,158,95
766,580,1415,Shamela0021766,2046,176,962,542,76
766,1,671,Shamela0004445,2079,378,905,289,48
766,100,580,Shamela0010637,332,187,614,206,47
766,203,1482,Sham19Y0127677,4813,24,1042,800,78
766,100,711,Shia002265Vols,3393,1179,1479,219,46
766,711,1482,Shia002265Vols,3394,1,768,602,96
766,15,1415,Shamela0009784,1296,689,1497,410,33
766,580,1275,Shia003732Vols,2615,849,1508,497,86
766,1331,1482,Shia003732Vols,2616,957,1381,107,31
766,1,479,Shia003732Vols,2616,172,547,218,57
766,321,671,Shia003732Vols,2617,579,962,213,67
766,15,378,Shamela0010283,3670,310,761,181,38
766,211,671,Shamela0006590,445,308,947,202,35
766,600,1468,ShamAY0034441,399,6,637,259,36
766,260,1482,Shamela0001438,6823,1,961,753,77
766,110,671,Shamela0006864,1657,1,529,281,56
766,1063,1468,Shamela0009873,1833,113,341,148,40
766,1,203,Shamela0009783BK1,1088,825,994,131,79
766,203,1126,JK009390,6465,872,1506,484,65
766,1126,1478,JK009390,6466,1,317,246,85
766,11,240,ShamAY0034434,205,1052,1296,174,88
766,100,580,JK000916,3081,641,1095,205,45
766,1,182,JK000916,3082,1324,1501,141,96
766,182,1482,JK000916,3083,1,1284,992,94
766,1063,1445,Shamela0001686,544,1126,1519,145,31
767,107,966,Shamela0012406,1574,695,1437,539,75
767,1064,1510,Shamela0012406,1575,1,360,267,72
767,62,1480,Shamela0003118,7115,28,1489,1091,91
767,456,1348,Shamela0036515,2789,542,1062,361,49
767,102,1503,SHAM19Y23644,3371,179,1360,799,67
767,125,1510,Shamela0012031,265,49,1182,808,69
767,1,445,Shamela0023700,2359,862,1333,294,73
767,1324,1510,Shamela0023700,2360,1,175,138,91
767,62,836,JK000916,24735,644,1490,617,90
767,836,1510,JK000916,24736,1,669,522,96
768,1,272,Shamela0012406,1575,360,609,196,90
768,820,1450,Shia003616Vols,363,543,1459,445,57
768,963,1450,Shia003616Vols,5415,322,779,358,85
768,926,1177,Shamela0000315,25,1230,1550,171,58
768,1177,1454,Shamela0000315,26,1,246,198,84
768,1251,1482,Shamela0003118,1587,1,265,120,49
768,589,730,Shamela0003118,3636,613,747,105,94
768,1,267,Shamela0003118,7116,31,289,195,92
768,897,1543,Shamela0003118,7966,706,1367,519,95
768,1099,1450,Shamela0009429,541,1,319,260,87
768,926,1397,Shamela0009429,1991,444,875,315,79
768,916,1287,Shamela0011767,148,1259,1568,218,65
768,926,1549,Shamela0026568,404,729,1245,348,63
768,916,1549,ShamAY0038405,314,515,1072,395,71
768,963,1549,Sham19Y0007233,255,657,1237,394,73
768,891,1482,Sham19Y0007233,256,29,665,462,87
768,1046,1450,Shamela0012221,52,1,329,262,77
768,963,1454,JK011302,185,552,1011,360,84
768,589,945,Shia003732Vols,2616,733,1181,183,47
768,891,1454,Shia003732Vols,2617,30,584,434,91
768,916,1450,Shamela0023789,213,539,1023,358,77
768,963,1450,Shamela0010283,3743,1063,1490,192,40
768,967,1305,Shamela0007853,74,1207,1521,240,87
768,963,1450,JK006800,131,1061,1517,359,86
768,1,267,Shamela0012031,265,1182,1426,192,90
768,913,1454,Shamela0009780,758,608,1284,379,66
768,926,1549,Shamela0023685,426,137,640,342,62
768,949,1267,Shamela0037063,61,1312,1624,237,86
768,1267,1454,Shamela0037063,62,1,160,122,76
768,926,1388,Shia002170Vols,884,187,566,300,77
768,963,1549,Shamela0006864,1687,112,606,374,76
768,1134,1388,Shia003895Vols,285,1,218,176,81
768,916,1115,Shamela0009873,1833,258,540,151,64
768,1033,1543,Shamela0023735,1351,1,435,302,68
768,374,589,JK000916,3690,1165,1380,172,100
768,986,1492,JK000916,4140,731,1214,194,38
768,589,730,JK000916,11891,1,142,111,99
768,1,276,JK000916,24736,669,939,206,92
768,897,1465,JK000916,26659,982,1563,456,94
768,891,1482,Shamela0001686,232,317,955,466,87
768,726,1003,Shamela0001686,233,336,880,158,35
768,986,1454,Shamela0001686,268,135,529,181,39
768,926,1388,Shamela0023787,91,778,1135,267,70
768,866,1099,JK000533,195,6,222,147,71
769,664,943,ShamAY0034443,183,1188,1476,200,84
769,412,935,Shamela0023833,816,1007,1506,272,58
769,412,1107,Shamela0009770,541,296,1005,327,46
769,406,1000,JK009324,1739,442,1061,308,53
769,617,1107,Shia003616Vols,364,320,901,324,68
769,1173,1495,Shia003616Vols,3388,393,774,229,72
769,655,1000,Shia003616Vols,5063,286,623,264,95
769,412,1004,Shamela0003118,102,916,1456,319,60
769,670,1031,Shamela0022547,2438,997,1399,244,73
769,538,1127,Shamela0022547,2438,363,947,275,44
769,1227,1476,Sham19Y0005414,84,722,902,125,62
769,1044,1466,Shamela0021766,2047,758,1129,135,28
769,412,1054,Shamela0004445,2078,28,670,359,59
769,449,1000,Shia001432Vols,35543,469,1082,297,52
769,412,1107,Sham19Y0013252,5600,752,1493,296,37
769,538,1107,Shamela0005816,182,490,1126,321,57
769,595,1073,Shamela0011566,427,80,549,328,80
769,483,1107,Shamela0026568,403,685,1219,365,72
769,599,1058,JK006838,1161,1,456,307,77
769,406,1107,Shamela0009784,1295,85,883,338,43
769,406,1073,ShamAY0033531,2183,321,1023,310,50
769,538,1107,Shamela0011816,247,655,1236,248,41
769,53,455,Sham19Y0007233,256,347,999,120,18
769,670,1058,JK011302,188,424,819,252,75
769,538,1316,Shia003732Vols,2369,444,1137,418,61
769,839,1107,Shamela0010283,3671,1,280,174,70
769,460,674,Sham19Y0016684,621,1316,1522,159,92
769,674,1073,Sham19Y0016684,622,1,431,304,86
769,670,1058,JK006800,134,709,1120,250,71
769,670,993,Sham19Y0145166,673,1149,1535,157,41
769,532,867,Shamela0009780,755,1066,1432,196,60
769,835,1107,Shamela0009780,757,388,661,138,56
769,483,1107,Shamela0023685,425,65,597,364,72
769,617,1142,Shamela0037063,64,868,1404,328,72
769,412,908,Shia003714Vols,581,1041,1511,249,53
769,412,1073,Shamela0006864,1656,45,654,345,60
769,538,1107,Shamela0009898,190,49,610,299,55
769,412,1107,Shamela0009873,1707,672,1323,322,47
769,426,1097,ShamAY0034434,204,1,579,304,48
769,412,1107,JK000916,379,369,1090,365,50
769,1,455,JK000916,26660,80,435,191,42
769,532,1118,Shamela0021713,912,391,1026,290,45
769,53,738,Shamela0001686,232,650,1573,329,39
769,738,1495,Shamela0001686,233,1,666,484,78
769,477,1107,Shamela0021715,2469,238,881,319,57
769,595,1000,Shamela0031457,175,651,1039,266,77
770,49,570,Shia003616Vols,364,1180,1537,169,31
770,555,1418,Shia003616Vols,365,1,493,333,46
770,1232,1396,Shia003616Vols,1646,1318,1507,131,86
770,85,513,Shia001432Vols,35543,1302,1537,106,24
770,513,636,Shia001432Vols,35544,1,118,95,95
770,258,467,Shamela0005816,182,1061,1270,162,91
770,39,487,Shamela0026568,403,1166,1508,208,52
770,39,478,JK006838,1161,442,712,188,51
770,239,636,Sham19Y0007233,301,353,865,262,57
770,234,636,Shia003732Vols,2369,1054,1513,264,62
770,39,478,Shamela0023685,425,544,877,203,52
770,258,467,Shamela0009898,190,545,754,162,91
770,39,467,ShamAY0034434,204,519,770,186,52
770,211,478,JK000916,379,960,1258,184,76
770,239,613,Shamela0001686,233,817,1496,277,48
771,345,1279,Shia003616Vols,365,510,1166,385,50
771,1,355,Shia003616Vols,1647,131,513,277,90
771,644,819,Shamela0025794,4214,836,962,93,68
771,1076,1447,Shia003732Vols,2359,1,386,277,86
772,1,349,Shia003616Vols,365,1161,1476,227,80
772,997,1343,Shia003616Vols,366,245,540,161,53
772,349,825,Shia003616Vols,366,1,392,263,64
772,101,260,Shia003616Vols,1250,1330,1489,126,100
772,260,754,Shia003616Vols,1251,1,503,394,96
772,136,754,Shamela0021766,2042,80,753,461,83
772,1,165,Shia003732Vols,2359,386,510,92,71
772,132,877,Shia003732Vols,2362,465,1313,508,70
772,136,713,Zaydiyya0000037Vols,218,730,1191,251,46
773,413,1471,Shamela0004473,8370,152,1089,488,51
773,160,1471,Shia003616Vols,366,593,1542,590,54
773,233,1129,Shia003616Vols,3191,678,1491,626,87
773,1129,1489,Shia003616Vols,3192,1,357,284,98
773,369,484,Shia003616Vols,4243,655,770,90,100
773,407,1285,Shamela0003118,4516,626,1502,701,99
773,1285,1489,Shamela0003118,4517,1,203,158,96
773,439,1460,Shamela0021766,2041,15,956,510,52
773,369,1374,Shamela0004445,2786,332,1008,501,61
773,233,1489,Shamela0010637,327,54,1258,836,76
773,369,1489,Sham19Y0127677,5106,268,1363,868,96
773,369,1489,Shia002265Vols,3995,17,1110,868,96
773,233,910,Shia003732Vols,2360,800,1459,403,68
773,919,1460,Shia003732Vols,2361,1,524,391,86
773,813,1409,Shia003732Vols,4192,88,582,339,68
773,833,1409,Shamela0006590,438,847,1326,339,70
773,369,537,Shamela0001438,7124,1399,1565,132,98
773,537,1489,Shamela0001438,7125,1,930,740,96
773,813,1353,Shamela0009873,1706,1020,1490,302,64
773,369,1489,JK009390,6061,437,1443,780,85
773,369,982,JK000916,15393,813,1428,485,98
773,982,1489,JK000916,15394,1,513,402,96
774,65,617,Shamela0004473,8370,1049,1527,272,55
774,742,1485,Shamela0004473,8371,69,673,397,62
774,104,617,Shia003616Vols,367,1,417,235,51
774,578,1532,Shia003616Vols,367,680,1434,592,76
774,375,1532,Shia003616Vols,1261,304,1485,796,80
774,380,1308,Shia003616Vols,2100,502,1469,618,79
774,1308,1532,Shia003616Vols,2101,6,230,181,100
774,1,617,Shia003616Vols,3192,357,966,478,96
774,1,578,Shamela0003118,4517,203,792,454,96
774,60,617,Shamela0021766,2041,922,1491,357,69
774,915,1507,Shamela0021766,2049,1,486,274,51
774,1,214,Shamela0010637,327,1258,1485,152,76
774,214,571,Shamela0010637,328,1,358,270,92
774,1,168,Sham19Y0127677,5106,1363,1530,133,98
774,168,643,Sham19Y0127677,5107,1,458,307,75
774,1,404,Shia002265Vols,3995,1110,1517,317,97
774,60,722,Shia003732Vols,2361,490,1186,438,73
774,380,1167,Shia003732Vols,2371,570,1466,427,56
774,1171,1532,Shia003732Vols,2372,1,575,247,51
774,1,578,Shamela0001438,7125,930,1466,414,88
774,227,534,Shamela0009873,1707,88,393,185,68
774,54,578,JK009390,6062,1,472,362,84
774,1,578,JK000916,15394,513,1108,457,95
775,266,769,Shamela0004473,8371,681,1146,332,77
775,849,1315,Sham19Y0145435,356,853,1449,205,38
775,769,1474,Shamela0023833,818,9,841,306,41
775,624,1474,Shamela0009770,542,449,1327,324,35
775,348,1474,Shia003616Vols,368,1,1068,780,83
775,619,1005,Shia003616Vols,1234,1041,1441,218,65
775,1005,1474,Shia003616Vols,1235,1,484,361,93
775,50,841,Shia003616Vols,1262,1,900,606,83
775,1,804,Shia003616Vols,2101,230,1098,639,91
775,822,1474,ShamAY0038419,325,762,1471,267,39
775,775,1474,Shamela0021766,2050,227,983,492,78
775,629,1474,Shamela0004445,2080,188,1011,323,38
775,741,1474,Shamela0005816,184,679,1196,245,39
775,775,1474,Shamela0009784,1299,776,1449,292,43
775,818,1474,ShamAY0038405,437,634,1381,284,40
775,25,794,Shia003732Vols,2372,711,1449,281,37
775,624,1474,Shia003732Vols,2374,157,1114,558,69
775,624,1474,Shia003714Vols,583,299,1234,321,34
775,856,1474,ShamAY0034441,400,61,685,260,44
775,634,1474,Shamela0006864,1657,384,1325,319,34
775,763,1305,Shamela0009631,65,922,1477,168,31
775,629,1474,Shamela0023644,1070,616,1450,299,35
775,741,1474,Shamela0009898,192,166,683,235,35
775,785,1211,Shamela0009873,1710,258,692,182,41
775,741,1474,ShamAY0034434,206,139,599,221,35
775,1129,1474,Shamela0021713,914,109,422,143,50
776,1151,1461,Shamela0004473,8372,1,397,186,54
776,4,530,Shia003616Vols,368,1074,1443,238,52
776,530,1461,Shia003616Vols,369,1,946,686,84
776,202,1082,Shia003616Vols,1220,622,1519,653,87
776,1082,1461,Shia003616Vols,1221,1,406,297,90
776,1,231,Shia003616Vols,1235,484,737,163,79
776,820,1461,Shamela0021766,2049,873,1485,451,85
776,202,1461,Shia003732Vols,2373,162,1429,882,81
776,4,440,Shia003732Vols,2374,1120,1444,197,57
776,361,844,Shamela0009873,1700,328,860,345,77
776,809,1123,Shamela0009873,1701,33,712,204,35
776,1248,1461,Shamela0009873,1704,1,301,117,40
777,1,349,Shamela0004473,8372,397,685,179,59
777,1,610,Shia003616Vols,369,946,1531,466,94
777,610,1365,Shia003616Vols,370,1,638,449,68
777,1,361,Shia003616Vols,1221,406,734,234,79
777,289,1503,Shia003616Vols,1229,131,1305,881,88
777,7,365,Shamela0021766,2050,1,414,193,51
777,320,985,Shamela0021766,2050,1094,1460,271,51
777,1008,1365,Shamela0021766,2051,1,373,252,78
777,52,349,Shia003732Vols,2374,1,277,166,60
777,380,1378,Shia003732Vols,2375,1,1009,742,87
777,4,511,Shia003732Vols,4174,469,887,182,36
777,4,669,Shamela0006590,439,1054,1480,300,55
777,850,1329,Shamela0006590,440,42,392,272,70
777,1,349,Shamela0009873,1704,301,626,175,57
778,222,1483,Shamela0004473,8376,249,1546,567,41
778,402,1336,ShamAY0034059,2207,707,1565,334,34
778,236,638,Shamela0022769,624,1101,1576,134,27
778,226,1483,Shia003616Vols,370,609,1509,674,65
778,236,1122,Shia003616Vols,1368,658,1503,655,92
778,1122,1483,Shia003616Vols,1369,1,376,281,92
778,226,825,Shia003616Vols,1662,849,1515,412,71
778,825,1483,Shia003616Vols,1663,1,632,498,94
778,658,1336,Shia003616Vols,2140,1,509,302,48
778,397,1293,Shamela0021766,1974,1,1390,632,55
778,271,1336,Shia001432Vols,8761,270,1347,424,40
778,370,1147,Shia001416,95,1,825,317,41
778,285,1004,Shia003732Vols,2376,200,1527,532,50
778,1004,1293,Shia003732Vols,2377,1,317,184,65
778,226,1336,Shia003732Vols,4508,212,1532,436,35
778,99,1264,Shia001285,201,612,1508,578,57
778,378,902,Shia002964Vols,698,625,1381,262,37
778,45,874,Shamela0012884,2418,654,1523,333,37
778,397,1483,Shamela0009873,1711,25,1389,543,41
778,465,1336,Shamela0021713,918,73,1064,308,31
778,231,1336,Shia003695Vols,138,1,1046,416,39
779,4,1020,Shamela0004473,8377,1,933,594,66
779,30,1224,Shia003616Vols,371,45,1173,762,73
779,854,1271,Shia003616Vols,2140,179,608,193,47
779,30,1024,Shamela0021766,1975,320,1030,522,64
779,30,946,Shia003732Vols,2377,732,1516,519,63
779,305,1488,Shia001285,202,82,1303,796,77
779,30,920,Shia004456Vols,1871,362,893,312,43
779,52,920,Shia001555Vols,1146,35,534,278,39
779,30,920,Shamela0009873,1712,146,682,314,42
779,1246,1482,Shamela0001733,650,1102,1341,117,51
780,732,1105,ShamAY0034059,2225,447,744,211,69
780,491,1207,Shamela0005610,164,24,677,265,37
780,431,1259,Shia003616Vols,2140,592,1481,629,87
780,472,1207,Shia001887Vols,2665,243,934,280,38
780,1151,1340,Shamela0003722,1203,1,242,105,54
780,431,1082,Sham19Y0146127,2883,939,1464,246,41
780,462,1154,Sham19Y0146127,2884,104,554,282,48
780,431,1118,Sham19Y0148486,5304,563,1249,290,42
780,462,1128,Sham19Y0148486,5305,4,712,484,82
780,13,163,Shia001285,202,1321,1482,115,90
780,163,905,Shia001285,203,1,644,444,71
780,855,1105,Shia004456Vols,2427,935,1171,154,70
780,670,1404,Shamela0009873,1713,1,654,334,50
780,176,365,Shamela0001733,651,1,216,136,77
780,1132,1273,JK000916,4486,876,1089,104,62
781,16,350,Tafsir08090,843,1136,1408,150,53
781,74,809,Shamela0001515,389,738,1263,270,40
781,74,993,ShamAY0034068,1086,311,1096,337,37
781,74,411,Sham19Y0145435,1594,360,647,177,57
781,74,993,Shamela0008473,2324,363,984,349,41
781,5,993,Shamela0026662,84,115,892,379,40
781,74,993,Shamela0023833,820,373,1010,359,42
781,126,820,Shamela0035100,367,1015,1314,215,38
781,74,1279,Shamela0009770,544,246,1031,392,35
781,74,993,Shamela0007798,4749,250,869,349,41
781,74,809,Shamela0002247,105,172,578,218,35
781,84,803,Shamela0023613,2353,525,919,205,34
781,74,816,ShamAY0034066,674,514,904,239,39
781,1,1000,Shia003616Vols,372,426,1549,684,67
781,1000,1525,Shia003616Vols,373,1,325,215,50
781,74,411,ShamAY0038419,134,1050,1339,166,51
781,74,993,Shamela0023578,1437,306,1064,371,44
781,126,820,Shamela0010906,552,259,559,215,38
781,678,993,Shia003461Vols,783,1,336,178,54
781,74,993,Shamela0023695,727,808,1471,319,37
781,74,927,Tafsir02096,806,887,1522,277,34
781,126,820,JK006838,1167,1080,1426,231,39
781,10,273,SHAM19Y23644,1371,1246,1466,174,81
781,306,1515,SHAM19Y23644,1372,1,1090,459,36
781,74,993,Shamela0009784,1301,655,1426,379,43
781,74,993,ShamAY0038405,227,671,1221,359,46
781,74,373,JK009266,4654,143,371,168,70
781,159,803,JK000458,1434,1,343,159,27
781,74,439,ShamAY0033108,799,1102,1414,198,64
781,283,993,ShamAY0034055,3961,1,559,270,39
781,918,1504,Shia003732Vols,2384,89,450,223,47
781,126,1000,Shia003732Vols,5379,1,586,338,45
781,235,975,Shamela0005539,273,477,958,252,39
781,74,975,Shamela0023623,1676,764,1305,326,40
781,668,993,Shamela0010283,3407,141,473,187,58
781,74,816,Shamela0023632,1684,370,761,238,39
781,81,411,Shamela0021723,151,754,1051,163,50
781,74,481,Shamela0012935,360,1297,1538,173,53
781,141,803,Shia002406Vols,3693,1,443,245,43
781,129,803,ShamAY0034052,868,644,1001,193,33
781,74,993,Shia003714Vols,584,674,1276,363,44
781,260,975,ShamAY0038409,91,1,464,233,37
781,74,975,ShamAY0034054,1613,488,1029,327,40
781,224,993,Shamela0023631,2561,5,621,305,41
781,278,809,Tafsir02091,992,14,422,193,42
781,74,993,Shamela0006864,1659,825,1439,360,43
781,287,816,Sham19Y0023618,872,7,299,163,37
781,74,809,Shia002669,500,468,878,221,35
781,74,411,Shamela0009873,1714,321,601,170,57
781,74,439,Shamela0009783BK1,1089,635,877,168,54
781,74,993,Shamela0021713,921,202,729,329,43
781,74,392,Shamela0000041,1170,1100,1363,169,60
781,122,820,Shamela0031457,177,1057,1307,163,28
781,5,993,Shamela0008362,962,803,1521,352,37
781,74,328,Shia002702Vols,4012,1354,1526,131,64
781,328,993,Shia002702Vols,4013,21,491,235,38
782,1,992,Shia003616Vols,373,325,1278,542,55
782,992,1127,ShamAY0034073,1905,1010,1143,103,94
782,1,149,SHAM19Y23644,1372,1156,1265,86,73
782,451,569,JK009266,4653,852,983,54,45
782,451,569,Shamela0023628,1721,902,1024,54,47
783,1110,1340,Shamela0001515,385,61,288,158,83
783,1073,1340,ShamAY0034068,1099,20,266,174,77
783,731,1334,Sham19Y0145435,5341,897,1456,370,71
783,731,1260,Sham19Y0018176,1620,981,1455,317,70
783,731,1260,Sham19Y0127656,538,985,1458,314,69
783,702,1340,Shamela0008473,2344,813,1362,410,80
783,860,1334,Shamela0037837,972,9,442,301,77
783,722,1340,Shamela0036446,936,65,563,347,68
783,706,1394,Shamela0012406,794,796,1389,432,77
783,731,1334,Sham19Y0013605,3353,257,1060,370,52
783,722,1340,Shamela0023833,823,344,921,440,85
783,819,1334,Shamela0035100,372,1,418,287,67
783,706,1334,Shia002616Vols,3029,274,832,398,77
783,706,1340,Sham19Y0148271,1862,652,1198,407,80
783,722,1334,Shamela0009770,546,349,920,422,81
783,706,1172,Shia001831Vols,557,1048,1432,275,74
783,1172,1334,Shia001831Vols,558,1,174,123,86
783,1073,1490,Shamela0007798,4723,867,1219,182,44
783,690,1068,Shamela0007798,4796,1190,1477,197,65
783,1073,1334,Shamela0007798,4797,7,276,194,88
783,950,1161,JK000786,4067,682,966,152,67
783,690,1334,JK007065,256,377,905,371,70
783,1083,1340,JK003501,199,1001,1296,179,69
783,368,760,Shia003616Vols,374,107,490,267,84
783,1119,1532,Shia003616Vols,374,1273,1506,173,51
783,706,1340,Shamela0025794,2819,343,895,404,79
783,731,1334,Shamela0025794,5188,637,1073,219,45
783,706,1303,Shamela0003118,5736,945,1447,375,78
783,959,1325,ShamAY0033910,148,1200,1509,211,70
783,959,1334,JK000475,165,707,1025,219,71
783,702,1102,Shamela0021766,2021,1060,1424,198,54
783,731,1334,Shamela0004445,2089,458,1020,369,70
783,950,1334,Shamela0010695,182,28,322,207,65
783,959,1334,JK000130,150,240,558,218,70
783,731,1334,Sham19Y0013252,6763,896,1455,370,71
783,741,1340,Shamela0023578,1453,179,580,247,51
783,722,1334,Shamela0010906,556,617,1135,360,71
783,706,1334,ShamAY0033938,1515,460,1017,398,77
783,1073,1490,Shamela0005816,185,580,1061,203,42
783,722,1334,Shamela0001456,215,368,830,279,52
783,690,1334,Shamela0025800,336,336,870,374,70
783,959,1340,Shamela0025800,342,1077,1401,223,71
783,722,1334,Shamela0008658,1586,130,631,352,70
783,702,1334,Tafsir02096,813,20,564,343,62
783,702,1340,JK006838,1177,329,818,334,64
783,690,1340,SHAM19Y23644,1375,698,1216,367,68
783,722,1270,Shamela0009784,1304,976,1471,374,82
783,690,1029,Shamela0004289,1309,1168,1430,186,68
783,1029,1340,Shamela0004289,1310,1,316,221,85
783,731,1334,Sham19Y0018103,2767,434,993,370,71
783,731,1334,Shamela0096283,336,870,1429,370,71
783,702,1019,Tafsir09084,1144,1204,1446,179,71
783,1019,1340,Tafsir09084,1145,1,308,223,85
783,722,1334,ShamAY0034055,4003,304,845,372,73
783,702,1161,Shia003732Vols,2386,905,1419,264,57
783,1134,1406,Shia003732Vols,2387,20,369,177,61
783,706,1394,Shia003732Vols,4095,105,702,417,74
783,706,1334,Shamela0021809,2282,728,1256,389,76
783,774,1334,Sham19Y0132524,2911,1045,1530,345,75
783,731,1334,Shamela0010283,3675,452,1012,368,71
783,722,1303,Sham19Y0146127,3077,978,1439,330,71
783,801,1334,ShamAY0033705,73,1,466,326,74
783,731,1334,JK000110,1145,600,1159,370,71
783,731,1334,Sham19Y0016684,1554,774,1333,370,71
783,702,1334,Sham19Y0148486,5624,165,724,395,76
783,1004,1340,Shamela0009780,765,101,476,222,72
783,731,1260,Shia003714Vols,586,978,1450,315,70
783,702,1334,ShamAY0034005,1413,68,624,380,73
783,690,1340,Tafsir06049,3161,477,904,233,39
783,722,1340,JK011068,154,763,1314,419,81
783,807,1334,Shamela0010803,118,1,452,297,66
783,1083,1334,Sham19Y0014404,617,497,801,191,76
783,702,1340,Shamela0023631,2581,914,1461,400,78
783,722,1340,Shamela0006864,1662,701,1278,440,85
783,690,1270,Sham19Y0020638,1274,951,1445,358,76
783,1365,1532,Shamela0012884,2486,117,286,118,79
783,702,1334,Shamela0012884,2488,163,711,375,70
783,706,1334,Sham19Y0017616,483,689,1247,399,77
783,1073,1490,Shamela0009898,193,37,513,204,43
783,795,1334,Sham19Y0016584,3104,975,1447,331,74
783,690,1334,Sham19Y0013223,1062,104,636,369,70
783,690,1340,Shamela0029677,2150,414,951,375,69
783,690,1147,Sham19Y0150960,1334,1070,1435,255,70
783,731,1334,Sham19Y0018106,2867,544,1103,370,71
783,706,1334,Sham19Y0122406,4010,171,728,398,77
783,690,1340,Shamela0012014,11,119,527,282,53
783,731,1250,Shamela0005756,11134,990,1454,308,69
783,722,1227,Shamela0001733,3630,986,1440,350,86
783,1073,1250,ShamAY0034434,206,1321,1541,134,71
783,706,1334,JK000916,19788,331,867,397,78
783,690,1334,Shamela0023628,1742,846,1380,371,70
783,872,1340,Sham19Y0014309,419,1,395,277,72
783,731,1334,Shamela0000041,1184,176,734,371,71
783,731,1334,Shamela0021715,6678,532,1091,371,71
783,702,1303,Shamela0021715,6686,133,1466,365,32
783,731,1340,Shamela0031457,182,673,1229,371,71
783,950,1487,Shamela0012027,24,928,1560,304,53
783,722,1102,Shia002702Vols,4057,1128,1424,213,71
783,1110,1340,Shia002702Vols,4058,1,224,168,88
784,242,1329,Shamela0004473,8378,385,1208,527,58
784,217,1128,ShamAY0034068,1099,190,899,495,66
784,419,1221,Sham19Y0145435,5342,1,750,539,82
784,207,1221,Sham19Y0018176,1621,6,863,614,74
784,355,1049,ShamAY0033595,76,238,801,355,63
784,207,1221,Sham19Y0127656,539,6,831,590,72
784,480,1221,Shamela0008473,2345,1,722,488,77
784,207,1221,Shamela0037837,972,362,1215,612,74
784,231,1221,Shamela0036446,936,491,1354,594,72
784,414,1221,Shamela0012406,795,1,810,536,79
784,207,799,Sham19Y0013605,3353,980,1447,328,68
784,799,1221,Sham19Y0013605,3354,1,610,277,53
784,131,900,Shamela0023833,823,772,1435,433,66
784,911,1492,Shamela0023833,824,1,369,271,57
784,207,1221,Shamela0035100,372,338,1185,625,76
784,207,1009,Shia002616Vols,3029,752,1432,478,72
784,1009,1221,Shia002616Vols,3030,1,217,158,90
784,207,628,Sham19Y0148271,1862,1120,1442,227,66
784,628,1221,Sham19Y0148271,1863,1,579,382,76
784,131,921,Shamela0009770,546,777,1439,448,67
784,921,1492,Shamela0009770,547,1,351,261,56
784,207,1221,Shia001831Vols,558,94,999,633,74
784,207,1221,Shamela0007798,4797,196,1082,630,75
784,231,890,JK007065,256,839,1424,379,67
784,890,1221,JK007065,257,1,329,241,87
784,73,1492,Shia003616Vols,375,1,1241,886,76
784,355,1049,Tafsir07057,2480,365,894,279,51
784,207,900,Shamela0025794,2819,817,1424,401,70
784,907,1221,Shamela0025794,2820,1,293,207,77
784,436,865,Shamela0025794,2824,21,456,178,42
784,279,1221,Shamela0003118,5737,1,858,593,76
784,404,916,ShamAY0033910,149,25,490,330,78
784,466,603,Shamela0000140,100,453,758,102,42
784,207,877,JK000475,165,945,1459,365,67
784,207,1205,Shamela0021766,2022,255,1294,603,63
784,207,817,Shamela0004445,2089,940,1435,348,70
784,817,1221,Shamela0004445,2090,1,369,271,82
784,207,1128,Shamela0010695,182,139,843,327,39
784,207,916,JK000130,150,478,1038,394,68
784,332,623,Shamela0022593,1063,969,1512,184,42
784,623,1221,Shamela0022593,1064,1,479,274,56
784,419,1221,Sham19Y0013252,6764,1,755,541,82
784,207,714,Shamela0010906,556,1055,1448,289,69
784,726,1221,Shamela0010906,557,1,446,331,83
784,207,817,ShamAY0033938,1515,937,1430,347,68
784,817,1221,ShamAY0033938,1516,1,405,291,86
784,212,911,Shamela0005816,185,828,1492,423,68
784,916,1492,Shamela0005816,186,1,347,239,51
784,226,995,Shamela0001456,215,760,1422,388,56
784,207,942,Shamela0009795,213,357,880,325,51
784,231,937,Shamela0025800,336,804,1419,415,69
784,937,1221,Shamela0025800,337,1,299,216,89
784,247,1221,Shamela0008658,1586,580,1411,578,71
784,207,1221,Tafsir02096,813,498,1375,605,70
784,231,1064,JK006838,1177,736,1424,485,71
784,231,608,SHAM19Y23644,1375,1144,1435,197,64
784,613,1221,SHAM19Y23644,1376,1,600,421,83
784,207,1221,Shamela0004289,1310,230,1130,638,76
784,207,855,Sham19Y0018103,2767,913,1439,372,70
784,855,1221,Sham19Y0018103,2768,1,330,241,80
784,446,1221,Shamela0096283,337,1,731,522,82
784,207,1221,Tafsir09084,1145,230,1089,592,71
784,207,1000,ShamAY0034055,4003,767,1474,468,69
784,207,1210,Shia003732Vols,2387,142,1230,622,64
784,207,1109,Shia003732Vols,4095,582,1459,564,69
784,207,613,Shamela0021809,2267,13,434,166,39
784,178,597,Shamela0021809,2282,1144,1465,191,52
784,597,1221,Shamela0021809,2283,1,575,390,74
784,404,877,Sham19Y0132524,2912,1,465,330,83
784,882,1221,Sham19Y0132524,2912,902,1237,246,87
784,207,841,Shamela0010283,3675,932,1446,365,70
784,841,1221,Shamela0010283,3676,1,340,250,81
784,404,1221,Sham19Y0146127,3078,29,761,541,81
784,207,1221,ShamAY0033705,73,386,1236,610,74
784,207,678,JK000110,1145,1079,1452,266,67
784,685,1221,JK000110,1146,1,497,358,81
784,207,520,Sham19Y0016684,1554,1253,1454,148,59
784,533,1221,Sham19Y0016684,1555,7,648,463,82
784,207,1128,Sham19Y0148486,5624,644,1437,587,78
784,207,1221,Shamela0009780,765,398,1263,623,74
784,207,1221,Shia003714Vols,587,6,857,607,73
784,207,1221,ShamAY0034005,1413,544,1416,631,75
784,541,1492,JK011068,155,1,733,537,69
784,178,1049,Shamela0010803,118,340,1087,422,56
784,404,1221,Shamela0023631,2582,1,791,554,81
784,131,564,Shamela0006864,1662,1129,1456,187,50
784,564,1492,Shamela0006864,1663,1,707,519,68
784,212,1221,Sham19Y0020638,1275,1,902,642,76
784,1,291,Shamela0012884,2486,286,575,175,66
784,207,1142,Shamela0012884,2488,634,1444,577,75
784,207,574,Sham19Y0017616,483,1167,1432,184,61
784,574,1221,Sham19Y0017616,484,1,630,457,85
784,207,1492,Shamela0009898,193,278,1292,666,61
784,466,1221,Sham19Y0016584,3105,1,712,507,82
784,231,1191,Sham19Y0013223,1062,570,1448,605,74
784,231,860,Shamela0029677,2150,874,1427,363,68
784,860,1221,Shamela0029677,2151,1,318,228,76
784,231,1221,Sham19Y0150960,1335,104,948,585,70
784,231,702,Tafsir09068,531,1239,1557,218,57
784,207,911,Shamela0009873,1716,266,934,361,54
784,207,772,Sham19Y0018106,2867,1023,1451,301,66
784,766,1221,Sham19Y0018106,2868,4,428,310,83
784,207,1131,Sham19Y0122406,4010,648,1454,577,75
784,231,1221,Shamela0012014,11,455,1348,618,75
784,332,742,Tafsir03092,1022,860,1511,256,47
784,742,1221,Tafsir03092,1023,1,373,201,54
784,207,1221,Shamela0005756,11135,16,871,616,74
784,207,1221,Shamela0001733,3631,39,938,656,79
784,207,1492,ShamAY0034434,207,11,1012,653,60
784,207,952,JK000916,19788,795,1421,423,69
784,952,1221,JK000916,19789,1,254,182,83
784,207,583,Shamela0021713,922,1215,1496,194,64
784,583,1221,Shamela0021713,923,1,602,419,78
784,150,786,Sham19Y0127698,103,951,1499,323,58
784,786,1221,Sham19Y0127698,104,1,398,292,82
784,462,1221,Shamela0023628,1743,1,784,541,83
784,231,1221,Sham19Y0014309,419,323,1219,623,76
784,207,1091,Shamela0000041,1184,654,1433,553,75
784,207,772,Shamela0021715,6678,1011,1448,308,67
784,772,1221,Shamela0021715,6679,1,419,305,83
784,304,1160,Shamela0021715,6687,1,1320,567,51
784,226,1073,Sham19Y0018147,725,189,785,386,56
784,207,608,Shamela0031457,182,1151,1452,214,64
784,608,1221,Shamela0031457,183,1,578,408,80
784,836,1128,Shamela0012027,24,1244,1560,185,74
784,207,1221,Shia002702Vols,4058,146,1044,605,71
785,131,568,Shamela0004473,9259,898,1247,244,67
785,131,312,Sham19Y0016946,549,1252,1404,110,73
785,1007,1366,ShamAY0034059,2306,129,511,224,68
785,1,541,ShamAY0034068,1099,948,1483,345,69
785,541,1475,ShamAY0034068,1100,1,706,478,62
785,1,621,Sham19Y0145435,5342,801,1460,455,83
785,625,1475,Sham19Y0145435,5343,6,672,424,59
785,1,509,Sham19Y0018176,1621,914,1472,375,82
785,520,1475,Sham19Y0018176,1622,1,773,505,63
785,131,711,Sham19Y0131521,3922,663,1156,166,24
785,1,565,Sham19Y0127656,539,882,1473,406,82
785,565,1475,Sham19Y0127656,540,1,707,473,63
785,12,629,Shamela0008473,2345,793,1459,462,84
785,629,1366,Shamela0008473,2346,1,633,404,64
785,146,1475,Shamela0037837,973,1,1152,774,69
785,29,1475,Shamela0036446,937,1,1310,859,68
785,12,529,Shamela0012406,795,881,1464,380,78
785,529,1475,Shamela0012406,796,1,781,501,63
785,1,520,Sham19Y0013605,3354,661,1195,365,79
785,485,1269,Sham19Y0013605,3355,19,683,439,66
785,1,1108,Shamela0023833,824,369,1491,729,70
785,1108,1475,Shamela0023833,825,1,351,233,76
785,1,188,Shamela0035100,372,1232,1453,138,77
785,188,1475,Shamela0035100,373,1,1051,679,60
785,1,1187,Shia002616Vols,3030,284,1469,771,72
785,12,770,Sham19Y0148271,1863,650,1471,562,84
785,770,1475,Sham19Y0148271,1864,1,539,335,56
785,1,1160,Shamela0009770,547,351,1490,819,82
785,1178,1471,Shamela0009770,548,1,254,184,79
785,1,317,Shia001831Vols,558,1066,1451,234,75
785,317,1475,Shia001831Vols,559,1,997,662,67
785,1,247,Shamela0007798,4797,1146,1453,187,76
785,247,1366,Shamela0007798,4798,1,1011,673,70
785,1,1112,JK007065,257,391,1487,731,74
785,1,244,Shia003616Vols,375,1241,1477,148,75
785,359,957,ShamIbadiyya0000193,1573,872,1284,267,53
785,12,1151,Shamela0025794,2820,364,1499,750,75
785,12,470,Shamela0003118,5737,929,1454,336,78
785,470,1475,Shamela0003118,5738,1,818,493,55
785,53,784,Shamela0007891,95,160,1063,436,51
785,91,805,Shamela0021766,2023,314,1447,497,53
785,1,1104,Shamela0004445,2090,420,1501,721,75
785,1,645,Shamela0010695,182,938,1488,374,67
785,645,1328,Shamela0010695,183,1,535,361,63
785,136,654,Shamela0022593,1064,486,995,362,83
785,1,615,Sham19Y0013252,6764,806,1459,450,83
785,615,1475,Sham19Y0013252,6765,1,678,430,59
785,53,1366,Shamela0023578,1454,6,1203,566,44
785,1,1042,Shamela0010906,557,493,1467,632,67
785,1046,1475,Shamela0010906,558,1,292,185,52
785,1,989,ShamAY0033938,1516,472,1477,667,75
785,1013,1475,ShamAY0033938,1517,1,372,225,57
785,1,1336,Shamela0005816,186,347,1445,635,53
785,17,1359,Shamela0001456,216,197,1318,668,58
785,47,317,Shamela0009795,213,960,1252,184,71
785,1,1112,Shamela0025800,337,366,1473,731,74
785,1,1366,Shamela0008658,1587,30,1388,862,71
785,26,989,Tafsir02096,814,1,917,637,78
785,359,957,Tafsir09050,1625,396,847,283,54
785,1,1475,JK006838,1178,153,1436,856,68
785,1,721,SHAM19Y23644,1376,667,1449,515,79
785,721,1475,SHAM19Y23644,1377,1,572,374,59
785,997,1366,Shamela0009784,1305,986,1321,199,59
785,1,568,Shamela0009784,1305,463,996,377,78
785,191,1475,Shamela0004289,1311,1,1124,690,60
785,1,1142,Sham19Y0018103,2768,381,1499,747,76
785,1,634,Shamela0096283,337,782,1457,463,83
785,634,1475,Shamela0096283,338,1,658,418,59
785,1,244,Tafsir09084,1145,1153,1454,185,77
785,12,1074,ShamAY0034055,4004,267,1310,690,73
785,91,852,Shia003732Vols,2388,248,1434,545,56
785,927,1452,Shia003732Vols,2389,37,561,281,58
785,1,1328,Shia003732Vols,4096,180,1481,844,71
785,1007,1366,Shamela0023594,817,395,644,138,48
785,5,795,Shamela0021809,2283,633,1490,586,83
785,863,1475,Shamela0021809,2284,1,511,309,57
785,131,1269,Sham19Y0132524,2913,35,1532,709,53
785,1,1121,Shamela0010283,3676,392,1488,734,76
785,1,654,Sham19Y0146127,3078,808,1468,478,86
785,654,1475,Sham19Y0146127,3079,1,634,363,48
785,131,1475,ShamAY0033705,74,4,1164,784,69
785,1,927,JK000110,1146,548,1467,571,66
785,935,1475,JK000110,1147,1,411,258,56
785,1,725,Sham19Y0016684,1555,699,1466,524,83
785,725,1475,Sham19Y0016684,1556,1,565,358,56
785,1,1475,Sham19Y0148486,5625,103,1423,893,71
785,238,1187,Shamela0009780,766,665,1530,570,69
785,1,537,Shia003714Vols,587,904,1477,385,80
785,537,1475,Shia003714Vols,588,1,749,494,63
785,1,1475,ShamAY0034005,1414,26,1330,887,70
785,53,773,JK011068,155,738,1474,551,91
785,773,1475,JK011068,156,1,500,320,53
785,47,568,Shamela0010803,118,974,1471,350,78
785,1007,1366,Sham19Y0014404,617,1030,1328,178,58
785,1,558,Shamela0023631,2582,855,1451,409,82
785,558,1139,Shamela0023631,2583,1,537,284,50
785,1,715,Shamela0006864,1663,707,1468,549,88
785,715,1475,Shamela0006864,1664,1,710,409,57
785,1,424,Sham19Y0020638,1275,969,1453,304,75
785,433,1475,Sham19Y0020638,1276,12,893,583,66
785,12,1475,Shamela0012884,2489,111,1392,873,70
785,1,706,Sham19Y0017616,484,697,1458,505,79
785,706,1475,Sham19Y0017616,485,6,622,387,58
785,945,1475,Shamela0009898,194,601,1091,304,68
785,188,1263,Sham19Y0016584,3106,1,961,650,71
785,1,1475,Sham19Y0013223,1063,95,1463,881,68
785,927,1404,Sham19Y0014328,101,85,512,130,28
785,1,1121,Shamela0029677,2151,381,1480,673,64
785,1,392,Sham19Y0150960,1335,1015,1464,278,75
785,392,1475,Sham19Y0150960,1336,1,898,584,64
785,1007,1366,Tafsir09068,532,438,750,199,64
785,662,963,Shamela0009873,1716,1256,1496,158,63
785,963,1452,Shamela0009873,1717,1,468,256,57
785,1,1029,Sham19Y0018106,2868,479,1481,677,76
785,1034,1475,Sham19Y0018106,2869,13,329,201,55
785,1,842,Sham19Y0122406,4011,513,1418,613,81
785,22,1475,Shamela0012014,12,1,1361,839,63
785,136,654,Tafsir03092,1023,380,889,363,83
785,1,502,Shamela0005756,11135,922,1473,369,81
785,502,1475,Shamela0005756,11136,1,780,511,63
785,1,489,Shamela0001733,3631,991,1486,368,90
785,489,1471,Shamela0001733,3632,1,905,605,74
785,1,605,ShamAY0034434,207,1012,1450,294,59
785,611,1475,ShamAY0034434,208,1,787,424,52
785,12,1187,JK000916,19789,325,1486,763,74
785,47,784,Shamela0001585,271,975,1429,293,49
785,1,789,Shamela0021713,923,653,1479,576,84
785,860,1475,Shamela0021713,924,1,503,313,57
785,466,721,Shamela0021713,943,1,231,101,46
785,12,1475,Sham19Y0127698,104,452,1386,634,51
785,1,541,Shamela0023628,1743,848,1445,383,76
785,541,1475,Shamela0023628,1744,1,772,497,63
785,131,1475,Sham19Y0014309,420,12,1189,785,69
785,1,1366,Shamela0000041,1185,142,1453,876,74
785,1,1029,Shamela0021715,6679,470,1472,677,76
785,1034,1475,Shamela0021715,6680,1,317,201,55
785,286,621,Shamela0021715,6689,947,1551,248,49
785,625,957,Shamela0021715,6690,16,524,140,27
785,1052,1422,Shamela0021715,6690,899,1507,204,40
785,1,1281,Sham19Y0018147,725,858,1501,372,35
785,1,773,Shamela0031457,183,624,1463,564,82
785,773,1475,Shamela0031457,184,1,531,282,42
785,12,359,Shia002702Vols,4058,1107,1472,255,82
785,359,1074,Shia002702Vols,4059,1,663,429,69
786,1,310,Shamela0004473,9259,1255,1529,189,73
786,1,310,ShamAY0034059,2306,613,886,188,74
786,618,1366,ShamAY0034068,1100,844,1453,341,53
786,1,1250,Sham19Y0145435,5343,672,1451,504,49
786,1256,1425,Sham19Y0145435,5344,10,214,115,66
786,1,1172,Sham19Y0018176,1622,773,1450,453,48
786,1128,1425,Sham19Y0018176,1623,5,321,184,65
786,95,310,Sham19Y0131521,3108,1,163,110,58
786,1,1205,Sham19Y0127656,540,707,1450,487,49
786,1233,1425,Sham19Y0127656,541,1,236,128,65
786,603,1205,Shamela0008473,2346,935,1437,292,56
786,1,348,Shamela0008473,2346,669,992,206,71
786,1,691,Shamela0037837,973,1152,1511,248,44
786,691,1425,Shamela0037837,974,1,634,374,57
786,603,1425,Shamela0036446,938,47,665,350,49
786,603,1125,Shamela0012406,796,1047,1448,241,56
786,1,348,Shamela0012406,796,781,1104,207,72
786,1024,1425,Shamela0012406,797,1,327,186,51
786,1,120,Sham19Y0013605,3355,1392,1516,94,95
786,120,1425,Sham19Y0013605,3356,1,960,529,45
786,1,1435,Shamela0023833,825,351,1315,659,57
786,5,310,Shamela0035100,373,1059,1325,179,69
786,845,1425,Shamela0035100,374,1,396,226,44
786,1,1425,Shia002616Vols,3031,174,1166,584,47
786,1,348,Sham19Y0148271,1864,539,861,207,72
786,589,1359,Sham19Y0148271,1864,851,1440,341,51
786,1,1435,Shamela0009770,548,254,1167,644,56
786,1,854,Shia001831Vols,559,997,1493,301,42
786,854,1425,Shia001831Vols,560,1,506,298,56
786,1,793,Shamela0007798,4798,1046,1477,276,42
786,827,1425,Shamela0007798,4799,7,527,307,56
786,589,1205,JK000786,4068,448,941,244,43
786,1,1425,JK007065,258,265,1256,586,47
786,654,1216,Tafsir07076,4349,197,606,170,38
786,1,988,Shia003616Vols,376,444,1218,550,68
786,1,320,ShamAY0034282,2049,977,1218,183,70
786,603,1425,Shamela0025794,2821,489,1210,395,53
786,1,348,Shamela0025794,2821,223,546,207,72
786,603,1103,Shamela0003118,5738,1079,1456,222,54
786,1,348,Shamela0003118,5738,818,1136,207,73
786,28,310,ShamAY0033910,719,637,1179,141,27
786,28,310,JK000475,1130,669,1233,138,25
786,1,1043,Shamela0021766,2024,716,1427,373,40
786,1043,1425,Shamela0021766,2025,1,601,245,48
786,1,1425,Shamela0004445,2091,250,1182,576,48
786,1,1435,Shamela0010695,183,586,1428,545,48
786,28,310,JK000130,720,857,1397,141,27
786,5,310,Shamela0001875,1221,1218,1478,180,67
786,1,1245,Sham19Y0013252,6765,678,1452,500,49
786,1245,1425,Sham19Y0013252,6766,1,224,119,63
786,12,708,Shamela0023578,1454,1250,1499,162,29
786,766,1431,Shamela0023578,1455,1,475,281,50
786,594,1425,Shamela0010906,558,549,1123,315,45
786,5,310,Shamela0010906,558,300,564,175,67
786,1,310,Shamela0117359,546,234,494,178,65
786,1,1425,ShamAY0033938,1517,372,1374,593,48
786,1,1431,Shamela0005816,187,123,834,466,41
786,1274,1435,Shamela0009795,213,1080,1343,95,43
786,1,1425,Shamela0025800,338,268,1269,593,48
786,1,304,Shamela0025800,341,1188,1433,174,67
786,81,1435,Shamela0008658,1588,1,857,538,48
786,1,310,Tafsir02096,814,925,1176,179,70
786,1024,1425,Tafsir02096,814,961,1409,156,34
786,105,1425,JK006838,1179,6,803,455,40
786,1,348,SHAM19Y23644,1377,572,906,199,66
786,603,1338,SHAM19Y23644,1377,849,1429,354,56
786,151,1425,Shamela0009784,1306,4,839,500,46
786,1,703,Shamela0004289,1311,1124,1507,254,43
786,763,1425,Shamela0004289,1312,27,562,314,53
786,1,1425,Sham19Y0018103,2769,213,1210,619,51
786,28,310,Shamela0011385,2583,260,480,166,70
786,1,1260,Shamela0096283,338,658,1450,511,49
786,1260,1425,Shamela0096283,339,1,206,108,62
786,1,348,ShamAY0034055,4005,91,415,207,69
786,618,1425,ShamAY0034055,4005,380,1041,355,49
786,1,907,Shia003732Vols,2389,681,1420,337,38
786,1004,1425,Shia003732Vols,2390,1,680,276,48
786,1,1425,Shia003732Vols,4097,80,1077,595,48
786,1,348,Shamela0021809,2284,511,828,206,72
786,763,1425,Shamela0021809,2284,906,1477,331,55
786,1,1205,Sham19Y0132524,2914,741,1525,484,47
786,1241,1425,Sham19Y0132524,2915,12,215,105,56
786,1,1425,Shamela0010283,3677,229,1202,615,51
786,32,310,Sham19Y0146127,2535,1064,1284,143,61
786,1,348,Sham19Y0146127,3079,634,917,173,59
786,594,1425,Sham19Y0146127,3079,859,1410,295,42
786,1,348,ShamAY0033705,74,1164,1476,209,73
786,678,1425,ShamAY0033705,75,1,648,386,58
786,1,1425,JK000110,1147,411,1408,619,51
786,1,1338,Sham19Y0016684,1556,565,1428,563,51
786,1143,1425,Sham19Y0148486,1285,981,1275,140,53
786,120,310,Sham19Y0148486,4711,1,154,95,57
786,73,1425,Sham19Y0148486,5626,1,921,541,46
786,1,173,Shamela0009780,767,168,357,134,88
786,185,793,Shamela0009780,767,1259,1564,157,31
786,827,1425,Shamela0009780,768,1,468,288,54
786,1,1157,Shia003714Vols,588,749,1455,462,48
786,1157,1425,Shia003714Vols,589,1,293,159,61
786,1,166,ShamAY0034005,1414,1330,1508,130,91
786,238,1425,ShamAY0034005,1415,24,830,491,48
786,1,1366,JK011068,156,500,1304,541,49
786,618,1153,Shamela0023631,2583,1061,1439,237,55
786,1,348,Shamela0023631,2583,767,1096,183,58
786,1153,1425,Shamela0023631,2584,1,282,145,53
786,1143,1435,Shamela0013087,62,749,1001,156,65
786,73,310,Sham19Y0020868,448,972,1169,134,68
786,1,310,Shamela0001442,730,766,1018,182,68
786,1,1197,Shamela0006864,1664,710,1436,495,52
786,1192,1435,Shamela0006864,1665,1,239,166,81
786,1,907,Sham19Y0020638,1276,893,1446,345,46
786,1008,1425,Sham19Y0020638,1277,1,436,255,63
786,603,1425,Shamela0012884,2490,154,802,371,52
786,95,348,Shamela0012884,2490,1,207,134,65
786,1,1282,Sham19Y0017616,485,622,1461,518,48
786,1,716,Shamela0009898,194,1091,1442,235,41
786,763,1431,Shamela0009898,195,16,368,215,41
786,1,1425,Sham19Y0016584,3107,185,1182,619,51
786,32,1425,Sham19Y0013223,1064,17,959,577,48
786,603,1425,Shamela0029677,2152,491,1181,401,55
786,1,1024,Sham19Y0150960,1336,898,1464,359,43
786,1024,1425,Sham19Y0150960,1337,1,427,240,61
786,1,1172,Shamela0009873,1717,539,1423,460,42
786,1,1425,Sham19Y0018106,2869,329,1326,619,51
786,1,348,Sham19Y0122406,4014,463,798,199,66
786,686,1425,Sham19Y0122406,4015,437,1060,361,55
786,142,1425,Shamela0012014,13,1,818,487,44
786,1,1172,Shamela0005756,11136,780,1454,453,48
786,1128,1425,Shamela0005756,11137,5,321,184,65
786,1,903,Shamela0001733,3632,905,1413,352,49
786,983,1435,Shamela0001733,3633,1,434,307,82
786,589,1205,Shamela0001733,3637,479,957,255,48
786,1,1323,ShamAY0034434,208,787,1393,410,40
786,1,348,JK000916,19790,193,516,207,72
786,603,1425,JK000916,19790,459,1169,397,54
786,1,1435,Shamela0021713,924,503,1452,588,49
786,100,338,Sham19Y0127698,105,1,191,128,65
786,996,1338,Sham19Y0127698,105,270,494,160,58
786,1,310,Sham19Y0020944,478,36,290,178,66
786,1,1153,Shamela0023628,1744,772,1457,424,45
786,1128,1425,Shamela0023628,1745,24,319,165,58
786,1,338,Sham19Y0014309,420,1189,1507,199,67
786,640,1425,Sham19Y0014309,421,1,565,345,52
786,20,1425,Shamela0000041,1186,1,987,612,51
786,1,1425,Shamela0021715,6680,317,1314,619,51
786,1,1053,Shamela0021715,6691,264,1206,377,34
786,1001,1410,Shamela0021715,6692,263,800,267,60
786,1,1401,Shamela0031457,184,531,1469,567,47
786,1,127,Shia002218Vols,442,1018,1130,85,80
786,1,348,Shia002702Vols,4059,943,1250,207,72
786,1029,1425,Shia002702Vols,4060,1,373,196,52
787,49,206,Sham19Y0145435,5344,214,371,116,89
787,49,206,Sham19Y0018176,1623,321,478,116,89
787,49,206,Sham19Y0127656,541,236,393,116,89
787,49,433,Shamela0008473,2347,211,658,157,34
787,49,206,Shamela0037837,974,634,783,106,81
787,49,206,Shamela0036446,938,665,826,115,87
787,49,206,Shamela0012406,797,327,493,121,91
787,49,206,Sham19Y0013605,3356,960,1117,116,89
787,73,433,Shamela0023833,826,1,453,139,30
787,49,206,Shia002616Vols,3031,1166,1334,121,90
787,49,206,Sham19Y0148271,1865,105,277,121,88
787,1,212,Shamela0009770,548,1167,1390,155,87
787,49,206,Shia001831Vols,560,506,674,121,90
787,49,206,Shamela0007798,4799,527,693,120,90
787,486,1277,Shia003616Vols,377,233,850,275,36
787,49,206,Shamela0025794,2821,1210,1382,121,88
787,49,206,Shamela0003118,5739,335,475,104,82
787,49,433,JK000475,2380,177,607,155,38
787,49,206,Shamela0021766,2025,601,1048,108,31
787,49,206,Shamela0004445,2091,1182,1335,113,87
787,46,510,Shamela0010695,184,6,535,150,28
787,49,206,Sham19Y0013252,6766,224,381,116,89
787,636,1135,Shamela0001673,6452,923,1356,148,30
787,104,206,ShamAY0033938,1518,1,111,79,89
787,49,206,Sham19Y0131336,616,1192,1358,120,90
787,49,202,Shamela0025800,338,1269,1427,115,91
787,49,433,Shamela0008658,1588,862,1314,156,33
787,49,433,SHAM19Y23644,1378,108,579,166,34
787,49,515,Shamela0009784,1306,839,1275,140,26
787,49,206,Shamela0004289,1312,562,726,121,92
787,49,206,Sham19Y0018103,2769,1210,1367,116,89
787,49,433,Tafsir02100,72,924,1359,155,38
787,49,206,Shamela0096283,339,206,363,116,89
787,49,206,Shia003732Vols,2390,680,1187,122,30
787,49,206,Shia003732Vols,4097,1077,1245,121,90
787,49,206,Shamela0021809,2285,1,160,121,94
787,49,206,Sham19Y0132524,2915,215,703,121,31
787,49,206,Shamela0010283,3677,1202,1359,116,89
787,49,206,Sham19Y0146127,729,73,237,120,91
787,104,433,Sham19Y0146127,3080,1,400,115,28
787,49,206,ShamAY0033705,75,648,805,116,89
787,84,206,JK000110,1148,1,121,93,97
787,49,206,Sham19Y0016684,1557,109,266,116,89
787,49,206,Sham19Y0148486,1285,1275,1424,109,83
787,49,206,Sham19Y0148486,1432,1129,1292,120,92
787,49,212,Shamela0009780,768,468,645,124,86
787,49,206,Shia003714Vols,589,293,447,110,87
787,49,433,ShamAY0034005,1415,830,1281,154,34
787,46,433,Tafsir06049,3162,75,406,125,29
787,49,515,Shamela0010803,119,241,727,147,25
787,1,212,Shamela0006864,1665,239,471,153,83
787,49,206,Sham19Y0020638,1277,436,600,120,91
787,49,433,Shamela0012884,2490,802,1246,154,34
787,49,206,Sham19Y0017616,486,166,334,121,90
787,46,505,Shamela0009898,195,378,868,163,32
787,49,206,Sham19Y0016584,3107,1182,1339,116,89
787,49,206,Sham19Y0013223,1064,959,1127,118,88
787,49,206,Shamela0029677,2152,1181,1342,116,88
787,49,206,Sham19Y0122406,4015,1060,1228,121,90
787,49,206,Shamela0005756,11137,321,478,116,89
787,1,206,Shamela0001733,3633,434,650,145,83
787,49,206,JK000916,19790,1169,1329,121,95
787,49,433,Shamela0021713,925,6,456,152,33
787,49,433,Shamela0023628,1745,319,785,162,34
787,49,206,Sham19Y0014309,421,565,733,118,88
787,49,206,Shamela0000041,1186,987,1150,117,87
787,78,206,Shamela0021715,6692,1188,1427,98,51
787,49,206,Shamela0031457,185,40,205,115,85
787,49,433,Shia002702Vols,4060,373,825,154,33
788,5,654,ShamAY0034068,1101,647,1435,361,52
788,5,932,Sham19Y0145435,5344,511,1433,566,66
788,1081,1355,Sham19Y0145435,5345,1,252,177,78
788,5,865,Sham19Y0018176,1623,618,1460,531,69
788,1002,1355,Sham19Y0018176,1624,21,344,223,77
788,5,932,Sham19Y0127656,541,532,1437,573,69
788,1081,1355,Sham19Y0127656,542,8,260,178,79
788,5,1152,Shamela0008473,2347,505,1453,628,64
788,5,492,Shamela0037837,974,923,1463,327,70
788,543,1355,Shamela0037837,975,1,635,431,65
788,5,572,Shamela0036446,938,971,1489,343,68
788,572,1359,Shamela0036446,939,1,574,378,59
788,5,860,Shamela0012406,797,634,1458,532,69
788,243,932,Sham19Y0013605,3357,180,840,416,69
788,5,1322,Shamela0023833,826,298,1447,816,74
788,5,932,Shamela0035100,374,684,1444,481,60
788,5,1350,Shia002616Vols,3032,37,1286,773,64
788,5,932,Sham19Y0148271,1865,413,1201,518,64
788,5,1359,Shamela0009770,549,108,1227,814,73
788,5,676,Shia001831Vols,560,815,1470,425,70
788,676,1364,Shia001831Vols,561,1,588,371,63
788,5,658,Shamela0007798,4799,834,1461,417,72
788,658,1364,Shamela0007798,4800,1,566,371,64
788,5,1364,JK007065,259,150,1333,789,68
788,5,432,JK007054,344,502,1029,268,59
788,248,879,Shia003616Vols,377,725,1080,211,42
788,5,872,Shamela0025794,2822,71,914,551,71
788,5,692,Shamela0003118,5739,604,1274,434,71
788,5,1169,JK000475,2380,463,1460,621,61
788,127,1355,Shamela0021766,2026,169,1344,691,63
788,5,1355,Shamela0004445,2092,47,1228,769,65
788,5,932,Shamela0010695,184,293,1106,578,75
788,395,644,Shia001432Vols,8726,1,270,108,43
788,5,932,Sham19Y0013252,6766,521,1430,573,69
788,1081,1355,Sham19Y0013252,6767,1,252,177,78
788,1198,1359,Shamela0023578,1456,62,334,103,44
788,30,932,Shamela0010906,559,1,729,464,60
788,5,1331,ShamAY0033938,1518,252,1470,774,66
788,791,1364,Shamela0001456,218,516,909,252,54
788,5,1364,Shamela0025800,339,150,1340,793,69
788,5,300,Shamela0008658,1588,1163,1448,201,80
788,316,1372,Shamela0008658,1589,8,769,492,56
788,5,932,Tafsir02096,815,205,1054,528,63
788,5,492,JK006838,1179,1077,1461,242,56
788,5,1294,SHAM19Y23644,1378,423,1463,689,63
788,377,654,Shia002359Vols,2035,1151,1414,119,46
788,127,492,Shamela0000432,6200,299,645,226,71
788,5,630,Shamela0004289,1312,867,1466,386,68
788,630,1364,Shamela0004289,1313,1,597,408,68
788,5,1355,Sham19Y0018103,2770,75,1260,762,65
788,252,1359,Tafsir02100,73,1,846,527,56
788,5,932,Shamela0096283,339,505,1413,574,69
788,1105,1355,Shamela0096283,340,1,235,165,80
788,176,658,Sham19Y0023625,2411,1090,1511,204,43
788,157,932,ShamAY0034055,4006,1,741,462,67
788,127,1322,Shia003732Vols,2391,394,1457,617,58
788,61,1364,Shia003732Vols,4098,1,1176,750,66
788,283,932,Sham19Y0132524,2916,361,980,380,68
788,1081,1364,Sham19Y0132524,2917,179,456,192,80
788,5,1359,Shamela0010283,3678,58,1244,766,65
788,5,1359,Sham19Y0146127,3080,248,1236,615,53
788,5,470,ShamAY0033705,75,945,1462,303,68
788,470,1355,ShamAY0033705,76,1,668,453,63
788,5,1355,JK000110,1148,261,1447,766,65
788,5,1285,Sham19Y0016684,1557,406,1455,666,60
788,127,492,Shamela0021723,102,492,843,238,75
788,127,492,ShamAY0033743,2,657,1009,236,74
788,316,1359,Sham19Y0148486,5627,12,820,519,60
788,316,1355,Shamela0009780,769,526,1324,498,57
788,5,892,Shia003714Vols,589,591,1455,553,70
788,323,1355,ShamAY0034005,1416,1,830,554,64
788,133,932,Tafsir06049,3162,369,966,359,54
788,1117,1368,Shamela0008477,188,700,937,170,82
788,52,1122,JK011068,157,8,545,392,45
788,5,909,Shamela0023631,2584,607,1455,558,70
788,1035,1364,Shamela0023631,2585,1,334,218,77
788,5,879,Shamela0006864,1665,604,1436,582,79
788,1007,1359,Shamela0006864,1666,14,353,248,86
788,5,750,Sham19Y0020638,1277,745,1474,470,71
788,913,1364,Sham19Y0020638,1278,76,507,274,72
788,5,357,Shamela0012884,2490,1090,1486,250,72
788,361,932,Shamela0012884,2491,18,497,310,65
788,5,932,Sham19Y0017616,486,479,1406,589,70
788,1122,1364,Sham19Y0017616,487,6,264,169,78
788,25,1222,Shamela0009898,195,581,1343,501,51
788,20,1343,Sham19Y0016584,3108,339,1488,708,61
788,206,1364,Sham19Y0013223,1065,8,902,595,62
788,5,1364,Shamela0029677,2153,26,1187,780,68
788,5,805,Sham19Y0150960,1337,734,1467,485,70
788,913,1364,Sham19Y0150960,1338,21,440,269,71
788,5,872,Shamela0009873,1718,337,1269,467,51
788,5,1355,Sham19Y0018106,2870,195,1380,762,65
788,127,492,Shamela0010517,2770,441,798,239,74
788,89,1317,Sham19Y0122406,4016,486,1496,651,62
788,323,1364,Shamela0012014,14,7,869,580,68
788,5,942,Shamela0005756,11137,618,1461,536,65
788,1002,1355,Shamela0005756,11138,40,365,222,76
788,5,692,Shamela0001733,3633,792,1433,439,74
788,725,1359,Shamela0001733,3634,1,410,295,58
788,25,872,ShamAY0034434,209,334,915,384,54
788,5,681,JK000916,19791,21,668,421,69
788,5,1355,Shamela0021713,925,307,1404,705,61
788,243,932,Sham19Y0127698,105,576,1181,269,37
788,5,872,Shamela0023628,1745,633,1456,552,73
788,1002,1364,Shamela0023628,1746,18,370,240,80
788,352,492,Shamela0005396,20,38,178,103,91
788,5,644,Sham19Y0014309,421,874,1457,381,67
788,644,1364,Sham19Y0014309,422,1,550,350,60
788,176,1355,Shamela0000041,1187,1,1008,659,65
788,5,1355,Shamela0021715,6681,185,1389,756,63
788,52,492,Shamela0021715,6693,477,1418,310,41
788,25,1152,Sham19Y0018147,726,794,1451,422,45
788,1152,1359,Sham19Y0018147,727,1,201,159,96
788,5,1117,Shamela0031457,185,345,1287,615,64
788,5,865,Shia002702Vols,4060,669,1472,518,67
789,49,454,Shamela0001515,385,1038,1412,232,64
789,55,776,Sham19Y0145435,5345,288,997,453,69
789,49,776,Sham19Y0018176,1624,349,1118,464,67
789,49,776,Sham19Y0127656,542,265,1034,465,68
789,147,776,Shamela0008473,2348,566,1327,420,64
789,55,776,Shamela0037837,975,665,1376,454,69
789,49,966,Shamela0036446,939,574,1428,495,62
789,147,762,Shamela0012406,798,745,1516,412,61
789,166,297,Sham19Y0122402,124,1034,1170,93,85
789,49,850,Sham19Y0013605,3358,85,1261,468,45
789,49,983,Shamela0023833,827,31,1149,584,59
789,49,956,Shamela0035100,375,214,1140,476,54
789,463,776,Shia002616Vols,3027,783,1122,227,81
789,154,776,Shia002616Vols,3033,1,754,430,68
789,110,776,Sham19Y0148271,1866,360,1193,430,60
789,75,772,Shamela0009770,550,53,881,457,65
789,45,652,Shia001831Vols,561,584,1467,436,59
789,652,974,Shia001831Vols,562,1,325,130,42
789,45,850,Shamela0007798,4800,562,1485,486,60
789,147,776,JK007065,260,138,916,448,68
789,147,445,JK003501,200,800,1108,211,79
789,937,1403,Shia003616Vols,374,767,1236,322,76
789,75,966,Shamela0025794,2823,118,1228,457,45
789,147,776,Shamela0003118,5740,688,1450,428,64
789,147,857,Shamela0003118,5741,599,1439,436,56
789,182,297,Shamela0000140,117,1299,1594,82,35
789,49,966,JK000475,2381,169,1053,514,60
789,190,780,Shamela0021766,2027,1,611,375,68
789,49,291,Shamela0004445,2092,1233,1476,158,73
789,291,776,Shamela0004445,2093,1,524,301,63
789,49,776,Sham19Y0013252,6767,257,996,454,67
789,49,498,Shamela0010906,559,960,1513,293,61
789,45,776,ShamAY0033938,1519,22,1059,525,61
789,75,966,Shamela0025800,340,155,1234,500,55
789,174,445,Shamela0008658,1589,1093,1358,176,71
789,454,966,Shamela0008658,1590,7,464,246,51
789,49,286,Tafsir02096,815,1016,1218,120,59
789,182,587,JK006838,1180,980,1480,256,59
789,45,776,SHAM19Y23644,1379,143,1031,531,71
789,49,966,Shamela0009784,1307,435,1286,499,60
789,45,701,Shamela0004289,1313,593,1438,469,66
789,49,272,Sham19Y0018103,2770,1265,1464,128,64
789,272,776,Sham19Y0018103,2771,1,527,331,69
789,49,701,Tafsir02100,73,846,1462,435,79
789,49,966,Shamela0096283,340,240,1165,474,50
789,174,552,ShamAY0034055,4006,1057,1466,230,66
789,55,966,Shia003732Vols,2392,152,1013,506,61
789,157,776,Shia003732Vols,4099,1,768,437,68
789,1035,1398,Shamela0038194,47,1,305,182,55
789,147,776,Shamela0021809,2286,269,1076,415,58
789,147,338,Sham19Y0132524,2917,1316,1502,134,85
789,341,701,Sham19Y0132524,2918,1,465,260,67
789,75,977,Shamela0010283,3679,93,1041,466,51
789,49,333,Sham19Y0146127,3080,1236,1493,182,79
789,49,776,ShamAY0033705,76,673,1404,457,67
789,55,850,JK000110,1149,15,782,475,67
789,49,776,Sham19Y0016684,1558,142,903,460,68
789,182,440,Sham19Y0148486,5627,1193,1469,181,75
789,419,776,Sham19Y0148486,5628,61,459,243,73
789,49,983,Shia003714Vols,590,323,1175,494,58
789,49,693,ShamAY0034005,1416,835,1451,414,73
789,147,445,Sham19Y0014404,618,720,1078,214,69
789,45,776,Shamela0023631,2585,330,1113,435,60
789,49,983,Shamela0006864,1666,353,1449,577,59
789,45,730,Sham19Y0020638,1278,503,1477,492,60
789,49,744,Shamela0012884,2491,761,1417,459,75
789,45,983,Sham19Y0017616,487,260,1392,555,56
789,49,467,Sham19Y0016584,3109,11,414,237,59
789,253,850,Sham19Y0016584,3109,652,1292,275,42
789,45,445,Sham19Y0013223,1065,898,1403,292,69
789,419,776,Sham19Y0013223,1066,12,413,255,77
789,199,772,Shamela0029677,2154,1,723,393,65
789,45,776,Sham19Y0150960,1338,436,1397,525,65
789,142,776,Sham19Y0018106,2871,1,676,417,70
789,45,701,Sham19Y0122406,4017,592,1519,472,61
789,182,329,Sham19Y0122406,4019,494,660,102,77
789,427,776,Shamela0012014,15,11,396,235,74
789,55,776,Shamela0005756,11138,401,1114,461,70
789,49,772,Shamela0001733,3634,410,1384,530,66
789,75,776,JK000916,19792,34,851,440,61
789,101,966,Shamela0021713,926,1,953,446,52
789,45,776,Shamela0023628,1746,366,1421,488,53
789,45,772,Sham19Y0014309,422,546,1483,493,63
789,131,780,Shamela0021715,6682,1,688,422,70
789,75,391,Shamela0021715,6695,474,922,192,50
789,49,445,Sham19Y0018147,727,201,485,166,43
789,463,639,Shamela0012027,25,8,189,132,92
790,879,1419,Sham19Y0145435,5463,250,677,273,60
790,879,1419,Sham19Y0018176,578,794,1222,274,60
790,879,1419,Sham19Y0018176,1713,24,451,272,60
790,879,1103,Sham19Y0127656,572,1195,1418,140,69
790,1078,1419,Shamela0008473,2304,24,249,152,56
790,879,1308,Shamela0037837,286,912,1399,258,59
790,879,1234,Sham19Y0122187,455,340,743,212,59
790,884,1133,Shamela0036446,934,143,414,122,50
790,879,1419,Sham19Y0013605,1604,450,878,278,61
790,879,1419,Sham19Y0013605,3485,146,524,256,60
790,75,231,Shamela0035100,375,1322,1481,110,86
790,231,742,Shamela0035100,376,1,455,231,48
790,879,1419,JK009324,953,727,1150,274,60
790,879,1419,JK007065,40,799,1231,276,60
790,81,434,Shia003616Vols,382,1210,1481,202,74
790,434,1184,Shia003616Vols,383,1,748,419,58
790,612,1419,Shia003616Vols,498,25,674,263,32
790,879,1419,Sham19Y0037618,5264,421,846,275,60
790,879,1419,JK000022,42,832,1377,201,37
790,879,1419,ShamAY0033910,415,402,823,272,60
790,879,1419,Shamela0022547,33,593,1031,258,55
790,879,1419,JK000475,439,871,1285,268,59
790,879,1173,JK000475,2377,1110,1404,186,71
790,879,1398,Shamela0021766,1996,235,487,181,44
790,988,1410,Sham19Y0020891,2556,928,1139,148,44
790,75,641,Shamela0004445,2105,808,1228,302,67
790,879,1414,Shamela0008657,256,453,869,265,58
790,879,1419,JK000130,416,631,1051,271,60
790,879,1355,Sham19Y0013252,2672,1090,1456,235,58
790,879,1419,Sham19Y0013252,7012,879,1306,272,60
790,75,742,Shamela0010906,560,576,1192,341,56
790,879,1103,Shamela0025800,333,1213,1442,142,70
790,960,1419,Shamela0008658,1547,841,1038,127,35
790,75,718,JK006838,1184,525,1263,384,59
790,102,1078,SHAM19Y23644,1406,484,1445,674,82
790,1078,1419,SHAM19Y23644,1407,1,330,213,73
790,879,1419,Shamela0009784,1322,600,1036,275,59
790,879,1351,Shamela0004289,1306,1068,1428,228,57
790,964,1419,Sham19Y0018103,1154,1,341,234,64
790,879,1419,Sham19Y0018103,2891,778,1205,272,60
790,879,1419,Tafsir02100,70,422,840,272,59
790,879,1144,Shamela0009776,3750,1397,1603,133,62
790,879,1419,ShamAY0034055,3920,264,653,243,55
790,964,1098,Sham19Y0122401,733,1,113,77,73
790,879,1419,Sham19Y0132524,833,385,812,258,56
790,879,1149,Zaydiyya0000286,50,1215,1422,130,60
790,879,1190,Sham19Y0146127,2882,1114,1375,185,75
790,879,1402,JK000110,327,1029,1439,260,59
790,879,1190,JK000110,1221,1101,1414,200,72
790,879,1419,Sham19Y0016684,549,761,1189,278,61
790,879,1029,Sham19Y0123581,185,1349,1484,89,71
790,879,1419,Sham19Y0148486,5303,476,901,279,61
790,879,1419,Shamela0012062,67,470,906,266,58
790,622,1140,Shamela0009780,812,247,669,198,38
790,879,1161,Shamela0000767,4637,1103,1367,164,65
790,879,1419,Shamela0022868,125,779,1198,277,60
790,879,1078,ShamAY0034005,903,1168,1374,124,67
790,1078,1419,ShamAY0034005,904,1,220,158,58
790,811,1419,ShamAY0034441,405,745,1128,249,51
790,879,1419,Sham19Y0013572,87,987,1414,273,60
790,879,1419,Shamela0010803,94,739,1165,254,54
790,879,1419,Shamela0008176,2237,15,388,257,60
790,879,1406,Zaydiyya0000454,193,395,738,220,52
790,798,1419,Sham19Y0020638,1291,52,641,299,52
790,879,1087,Sham19Y0016584,1217,670,883,127,67
790,879,1419,Sham19Y0016584,3242,656,1083,272,60
790,879,1419,Sham19Y0150960,76,226,661,275,60
790,879,1419,Sham19Y0150960,1332,631,1063,273,60
790,801,1190,Shamela0009873,637,209,724,194,39
790,879,1419,Sham19Y0018106,1091,895,1323,274,60
790,879,1419,Sham19Y0018106,3008,287,714,272,60
790,75,641,Shamela0005756,4878,609,1277,315,52
790,75,666,Shamela0005756,5115,897,1441,307,57
790,879,1419,Shamela0005756,5179,23,451,278,61
790,879,1083,Shamela0005756,11568,1265,1468,120,64
790,879,1419,Shamela0023628,1693,468,975,236,42
790,879,1419,Shamela0000041,1158,878,1314,274,59
790,879,1419,Shamela0021715,2257,625,1053,278,61
790,801,1419,Shamela0021715,2258,510,1331,291,42
790,879,1419,Shamela0021715,7105,574,1001,272,60
790,397,567,Shia002218Vols,426,1100,1319,129,74
790,801,1419,Shia002702Vols,3972,70,608,267,48
791,723,1111,Shia003616Vols,383,1286,1513,157,49
791,1111,1462,Shia003616Vols,384,1,344,229,68
791,1,1462,SHAM19Y23644,1407,330,1501,760,61
792,966,1430,Shamela0008473,2354,234,621,223,53
792,596,887,Shia003616Vols,378,97,382,140,47
792,68,539,Shia003616Vols,384,348,665,207,53
792,1193,1322,Shamela0008658,1494,592,743,100,81
792,42,511,SHAM19Y23644,1408,13,330,186,47
793,819,1363,Shamela0004473,1497,1068,1346,227,50
793,1133,1363,Shamela0004473,13387,1,159,133,68
793,1116,1585,Shamela0023587,400,444,1070,245,38
793,1116,1363,JK010001,665,520,695,147,70
793,94,877,JK007095,227,447,1285,236,23
793,819,1363,Shamela0008473,2263,1178,1456,227,50
793,1108,1363,Shamela0037361,129,495,682,148,66
793,819,1585,Shamela0023613,2275,201,599,325,51
793,1116,1536,Shamela0037458,1595,780,1423,225,34
793,1116,1363,Shamela0007289,8334,1031,1206,147,70
793,1092,1585,ShamAY0034073,1982,801,1113,254,62
793,819,1536,Shamela0095590,1962,1258,1622,298,50
793,819,1363,Shamela0021537,626,804,1082,227,50
793,819,1363,Shamela0021537,2152,322,600,227,50
793,819,1363,Shamela0021537,4237,45,323,227,50
793,819,1363,Shia003636Vols,14824,346,803,243,48
793,819,1585,Tanzil001,83,1022,1420,325,51
793,1116,1363,Shamela0023788,334,688,883,152,73
793,819,1585,Shia001432Vols,8710,863,1261,325,51
793,592,1585,Shamela0009789,337,942,1535,402,47
793,1038,1585,Shamela0023578,1386,10,332,268,58
793,1116,1363,Tafsir07055,719,545,720,147,70
793,957,1536,Zaydiyya0000062,685,894,1401,276,47
793,899,1368,Shamela0010273,1086,803,1162,218,50
793,1095,1585,Shamela0010273,1088,26,414,256,56
793,1116,1363,Zaydiyya0000075,48,483,658,147,70
793,812,1585,Shamela0029743,394,883,1355,337,50
793,1116,1536,Shamela0001394,603,412,1049,251,42
793,1116,1368,Shia002359Vols,1977,1349,1531,148,69
793,1116,1585,JK009266,4555,429,724,245,62
793,953,1585,Shamela0000922,582,403,1385,300,31
793,1038,1585,JK007018,266,14,476,266,48
793,819,1363,Shamela0023594,775,195,563,236,48
793,1116,1560,Shamela0023629,455,475,1064,235,42
793,953,1585,Shamela0023623,1605,702,1062,295,56
793,1116,1363,JK006950,2506,1372,1547,147,70
793,819,1585,Shamela0021821,737,1233,1631,325,51
793,949,1363,Sham19Y0148486,5891,189,433,200,58
793,1116,1363,Sham19Y0123663,79,250,425,145,70
793,819,1453,JK006476,605,1075,1413,272,52
793,1074,1363,Zaydiyya0000274,4,1275,1500,152,62
793,819,1585,Shia002406Vols,3574,695,1093,325,51
793,953,1585,JK009396,575,826,1186,295,56
793,949,1585,Sham19Y0014404,587,370,1349,195,19
793,1116,1363,JK000791,917,408,583,147,70
793,819,1414,Shamela0023614,441,1341,1647,250,50
793,1116,1363,Shia002185Vols,2169,259,434,147,70
793,819,1363,Sham19Y0023618,846,1225,1503,227,50
793,1116,1363,Zaydiyya0000037Vols,1877,1212,1387,147,70
793,1133,1536,Tafsir09068,500,1,761,213,29
793,953,1363,Shamela0013073,196,1234,1474,197,58
793,819,1585,Shamela0000170,307,45,443,325,51
793,1116,1536,Sham19Y0147312,885,579,962,219,51
793,819,1363,Shamela0023628,1645,507,785,227,50
793,819,1536,Shamela0000041,1131,959,1323,298,50
793,819,1585,Shamela0023591,3613,945,1343,325,51
795,520,852,Shamela0000922,585,7,376,116,27
795,520,1023,Sham19Y0014404,590,193,969,157,19
795,1,439,Sham19Y0023618,849,795,1449,186,27
795,410,852,Shamela0023591,3646,125,854,142,20
797,735,1670,Shamela0011620,48,180,806,382,43
797,747,1585,Shamela0023587,406,616,1249,318,39
797,855,1585,Shamela0023588,721,161,855,313,40
797,1161,1585,JK010001,1712,200,400,166,46
797,1161,1585,Zaydiyya0000107,156,798,998,166,46
797,1161,1585,Shia002616Vols,2952,7,207,166,46
797,1026,1585,Shamela0007798,4671,609,1331,253,32
797,1171,1585,Shia002341Vols,1996,1,191,158,45
797,747,1585,Shamela0023613,2301,383,802,329,47
797,1154,1626,Shamela0037458,1618,73,314,183,46
797,14,494,Shia003616Vols,354,654,1470,249,36
797,1161,1585,Shamela0008476,433,1412,1612,166,46
797,1161,1585,Shamela0008476,957,1126,1604,161,29
797,104,494,ShamAY0034073,1905,113,517,185,43
797,1021,1585,ShamAY0034073,2004,287,597,249,51
797,747,1616,Shamela0095590,1990,358,810,338,46
797,1009,1626,Shamela0095590,1992,148,735,237,31
797,1161,1558,ShamAY0033889,15,1476,1649,143,43
797,1161,1585,Shamela0008549,10,1281,1481,166,46
797,735,1151,Shamela0021537,3181,473,704,169,49
797,1161,1585,Shamela0009859,2,359,559,166,46
797,1026,1585,ShamIbadiyya0000075,345,502,1377,252,32
797,1161,1585,Sham19Y0017798,337,622,822,166,46
797,1026,1670,Tanzil001,85,10,500,289,45
797,735,1151,Sham19Y0020891,2537,928,1159,172,50
797,1161,1566,Sham19Y0020891,2539,1415,1596,150,44
797,1026,1287,Sham19Y0014592,2259,770,1070,182,64
797,1026,1616,Shia001432Vols,8913,10,338,254,51
797,1161,1616,Shia001432Vols,24541,1472,1705,175,46
797,747,1585,Shamela0023578,1393,914,1333,329,47
797,1161,1585,Tafsir07055,1795,664,864,166,46
797,735,1663,Zaydiyya0000062,697,390,857,352,45
797,747,1596,Shamela0010273,1103,517,947,331,46
797,735,1585,Shamela0029743,400,1200,1650,332,45
797,747,1585,Shamela0029743,401,416,1382,357,37
797,735,1616,Shia002359Vols,1999,839,1300,341,46
797,855,1616,Shia002380Vols,320,496,1408,312,32
797,747,1670,JK009266,4591,145,759,373,43
797,14,725,Tafsir09084,1112,543,1200,234,31
797,1161,1585,Shamela0009776,3726,230,430,166,46
797,1026,1626,Shamela0023635,4526,641,979,261,51
797,747,1616,Shamela0000922,588,729,1384,366,43
797,1161,1616,JK007018,270,333,566,175,45
797,747,1626,Shamela0023594,786,604,1044,337,45
797,1026,1585,Shamela0023629,463,1263,1673,251,45
797,1056,1616,Shamela0023623,1630,1,299,228,48
797,740,1585,Shamela0023632,1647,840,1289,331,45
797,747,1616,Shamela0021821,747,187,639,338,46
797,1026,1616,JK006476,615,510,838,253,51
797,747,1670,Shia002406Vols,3623,342,956,373,43
797,1161,1585,JK009396,583,323,523,166,46
797,1161,1585,Sham19Y0018632,248,350,550,166,46
797,1021,1585,Sham19Y0014404,598,523,891,259,52
797,747,1616,JK000791,931,51,503,338,46
797,1021,1585,Shamela0023631,2511,98,482,251,48
797,747,1670,Shamela0023614,443,208,822,373,43
797,1161,1585,Shamela0003055,2613,1007,1207,166,46
797,831,1616,Shia002356Vols,495,1,427,315,48
797,1161,1585,Sham19Y0018612,531,774,974,166,46
797,936,1670,Sham19Y0023618,856,29,614,260,35
797,1009,1616,Shia002669,280,164,652,254,43
797,1021,1585,Tafsir09068,509,697,1630,250,25
797,908,1585,Sham19Y0147312,896,325,893,290,41
797,1161,1585,Sham19Y0145411,95,39,239,166,46
797,1161,1585,Shamela0022928,425,89,289,166,46
797,64,725,Shamela0021713,911,273,1005,215,26
797,1141,1626,Shamela0023628,1673,1,230,187,46
797,713,1670,Shamela0000041,1147,965,1630,388,43
797,747,1585,Shamela0000041,1148,221,1367,355,30
797,747,1670,Shamela0023591,3657,953,1567,373,43
797,1161,1585,Shamela0023591,3668,258,458,166,46
799,983,1141,Shia002382Vols,806,874,1128,112,54
799,983,1126,Shamela0023578,1421,1227,1449,110,61
799,983,1141,Shamela0010273,1116,416,1097,109,20
799,989,1141,Shia002380Vols,324,711,905,112,71
799,586,1037,Shamela0013073,205,95,459,172,44
799,267,540,Shamela0000041,1157,829,1308,165,40
800,369,900,Shamela0011620,152,1006,1515,315,66
800,466,806,Shamela0004473,3773,1119,1423,201,65
800,369,648,Shamela0023588,731,262,490,151,67
800,369,806,Shia002382Vols,808,15,848,275,40
800,369,794,Shia002616Vols,2979,137,931,263,37
800,52,721,Shamela0023613,2336,1176,1646,316,55
800,739,1051,Shamela0023613,2337,6,425,189,53
800,385,648,Shamela0037458,1641,1,213,138,65
800,483,950,ShamAY0034073,2041,1099,1548,268,63
800,69,806,Shamela0095590,2012,600,1463,371,44
800,369,552,Shamela0095590,2013,64,814,89,13
800,100,362,Shamela0003118,3636,755,1071,203,80
800,69,697,ShamIbadiyya0000075,351,133,961,299,38
800,52,961,Tanzil001,86,877,1588,456,58
800,369,648,Sham19Y0020891,2560,918,1146,151,67
800,483,806,Shamela0009065,171,716,1248,156,34
800,357,643,Sham19Y0014592,2525,1318,1552,154,67
800,52,806,Shia001432Vols,8712,626,1168,375,58
800,513,1244,Shamela0023578,1423,1,811,391,52
800,369,783,Zaydiyya0000062,712,124,497,239,64
800,483,806,Shamela0010273,1120,1054,1345,196,66
800,52,961,Shamela0029743,407,829,1540,456,58
800,131,648,Shamela0001394,620,776,1495,197,26
800,183,806,Tafsir06048,453,726,1468,322,44
800,369,806,Shia002359Vols,2021,65,619,263,51
800,527,806,Shia002380Vols,325,914,1409,178,41
800,648,1068,JK009266,4627,1119,1620,250,56
800,64,806,JK007018,274,77,607,364,57
800,369,806,Shamela0023594,800,55,451,258,66
800,369,961,Shamela0023623,1656,936,1525,312,58
800,369,783,ShamIbadiyya0000237,135,993,1361,232,63
800,362,648,Shamela0023632,1669,844,1102,158,63
800,391,806,JK006476,626,1,461,245,56
800,131,806,Shia002406Vols,3658,1,496,337,58
800,369,648,ShamAY0034052,861,227,464,150,67
800,830,1244,ShamAY0036736,217,967,1119,59,17
800,483,806,JK009396,590,1271,1562,196,66
800,52,806,JK011068,159,20,561,373,58
800,374,1244,ShamAY0036821,1107,339,1267,467,54
800,369,806,ShamAY0036821,1110,370,759,253,65
800,155,648,Sham19Y0014404,606,246,785,212,37
800,52,678,Shamela0023614,444,1176,1619,293,54
800,678,1244,Shamela0023614,445,1,649,300,51
800,391,806,Shia002356Vols,501,888,1323,232,57
800,369,648,Sham19Y0023618,866,180,408,151,67
800,69,697,Shia002669,284,306,979,292,44
800,369,648,Sham19Y0013223,2580,1183,1411,151,67
800,369,648,Sham19Y0147312,904,74,518,158,40
800,369,648,Shamela0022928,428,565,868,151,54
800,100,357,JK000916,11891,150,452,199,82
800,483,961,Shamela0023628,1704,800,1260,277,64
800,155,806,Shamela0000041,1161,914,1417,318,54
800,183,806,ShamIbadiyya0000194,445,757,1499,322,44
800,369,643,Shia002702Vols,3984,464,1056,127,22
800,369,761,Shamela0023591,3700,1206,1557,221,63
800,761,1244,Shamela0023591,3701,1,595,255,49
802,1269,1508,Shia002341Vols,1131,84,285,126,62
802,192,623,Shamela0022547,1035,841,1191,166,39
802,756,1508,Tanzil001,88,324,864,295,44
802,1269,1508,Shia001432Vols,8713,98,276,125,63
802,714,1508,Shamela0023578,1449,835,1495,310,40
802,1269,1508,Tafsir06048,462,1268,1526,143,61
802,768,1192,Shamela0023685,331,292,640,201,49
802,756,1508,Shia002406Vols,3695,551,1089,293,43
802,714,1508,Shamela0023614,446,561,1221,310,40
802,1269,1508,ShamIbadiyya0000194,454,870,1128,143,61
802,714,1508,Shamela0023591,3702,508,1168,310,40
803,1004,1409,Shamela0023587,417,674,939,125,34
803,982,1478,Shamela0023613,2374,1,264,188,47
803,954,1478,ShamAY0034073,2076,1076,1369,205,49
803,730,1478,Shamela0023578,1459,758,1113,251,42
803,730,1478,Shamela0029743,419,443,799,251,42
803,954,1471,Shia002359Vols,2062,1287,1573,199,49
803,730,1478,JK009266,4692,1130,1486,251,42
803,954,1478,JK007018,282,762,1237,206,37
803,1004,1404,Shamela0023629,484,542,903,123,26
803,1018,1478,Shamela0023623,1699,1,229,169,46
803,1004,1478,Shamela0023632,1712,539,781,180,48
803,730,1478,Shia002406Vols,3710,1004,1360,251,42
803,730,1478,Shamela0023614,447,153,508,251,42
803,954,1482,Shia002356Vols,512,886,1182,205,49
803,1004,1478,Sham19Y0023618,886,956,1510,179,31
803,730,1433,Shamela0023591,3747,1271,1581,216,38
804,248,883,Shamela0012406,800,1200,1487,180,35
804,435,883,ShamAY0034249,7352,1,335,161,44
804,320,1485,Shia003616Vols,385,28,1096,746,74
804,189,1047,Shamela0023675,59,717,1209,174,19
804,615,858,Sham19Y0013252,1271,1110,1306,133,62
804,665,883,Shia004092Vols,8117,535,701,122,67
804,163,968,SHAM19Y23644,1401,773,1477,464,68
804,968,1485,SHAM19Y23644,1402,1,402,267,60
804,773,883,Sham19Y0122236,280,434,544,87,100
804,189,883,Shia003714Vols,594,119,635,298,48
804,248,707,Shamela0009873,1839,1131,1425,176,44
804,773,954,Shamela0009873,1840,20,188,121,81
804,189,928,Shamela0021713,952,470,1451,312,34
804,189,883,Shamela0001686,546,848,1311,276,45
804,277,883,Shamela0031457,190,511,1034,208,35
805,6,410,Shia003616Vols,385,1096,1478,282,86
805,410,1081,Shia003616Vols,386,1,435,279,53
805,999,1406,Shia003616Vols,387,486,789,206,63
805,1048,1406,Shia003616Vols,1630,531,844,213,68
805,1004,1395,Shia004092Vols,7837,412,689,143,40
805,1,1081,SHAM19Y23644,1402,402,1454,700,76
805,999,1395,Shia003732Vols,2631,1009,1417,238,61
805,1250,1395,Sham19Y0145166,491,1387,1516,93,78
806,256,499,ShamAY0034443,188,952,1088,88,46
806,1,792,Shia003616Vols,387,774,1507,511,74
806,801,1517,Shia003616Vols,388,1,511,334,55
806,984,1220,Shia003636Vols,807,628,839,163,84
806,511,1025,Shia003636Vols,1246,1187,1527,236,53
806,61,984,Shia003636Vols,1247,417,752,220,30
806,47,1212,Shia004092Vols,7837,692,1524,474,45
806,82,499,Shamela0005816,197,379,700,232,67
806,624,1224,Shamela0026568,313,44,369,243,49
806,412,1517,Shia003732Vols,2632,8,1142,748,73
806,723,1220,Shamela0010283,3680,1,296,213,51
806,99,1220,Sham19Y0145166,492,1,950,427,36
806,624,1224,Shamela0023685,335,706,1031,243,49
806,511,1355,Shia003714Vols,637,980,1539,394,55
806,82,499,Shamela0009898,205,128,460,246,71
806,823,1513,Shamela0009873,1832,1,417,247,43
806,24,507,JK009218,53,642,1153,328,77
806,1,479,ShamAY0034434,224,1070,1477,254,63
806,511,1390,Shamela0001686,547,814,1427,433,57
806,511,1220,Shia002218Vols,500,386,740,241,41
807,1,1386,Shia003616Vols,388,511,1528,654,56
807,116,1188,Shia003732Vols,2633,10,767,502,54
808,198,1515,Shamela0003118,5725,76,1306,851,76
808,188,993,Sham19Y0127677,4087,120,842,425,60
808,328,993,Shamela0001438,5496,835,1425,397,71
808,328,993,JK009390,5230,640,1243,400,70
808,290,785,JK000916,19754,1216,1524,237,60
808,656,1266,JK000916,19755,5,616,492,99
808,875,1515,JK000916,19756,1,834,452,64
808,1258,1497,ShamAY0034447,45,324,574,164,81
809,689,1332,Shia000109Vols,543,794,1321,200,31
809,689,1332,ShamAY0034128,236,1,455,205,36
809,866,1332,Sham19Y0131521,2261,1,337,175,42
809,737,1407,Shamela0001975,419,440,1047,255,37
809,737,1058,Shia002231Vols,226,1085,1493,166,44
809,636,1082,Shamela0009810,706,1059,1526,180,40
809,737,1407,Shamela0003722,2663,462,1083,253,38
809,927,1407,Shamela0003118,2758,5,437,172,34
809,1,204,Shamela0003118,5725,1306,1509,163,100
809,780,1332,ShamAY0033910,513,120,554,234,47
809,780,1332,JK000475,469,335,771,218,43
809,866,1332,Sham19Y0020591,564,839,1175,175,42
809,866,1332,JK000130,511,1,336,162,37
809,974,1270,JK000130,511,1153,1469,133,47
809,780,1332,JK000130,514,323,757,234,47
809,761,1082,Zaydiyya0000267,444,1179,1462,148,52
809,780,1332,Shamela0117359,405,84,538,228,45
809,817,1332,JK000428,18,922,1346,202,43
809,656,1332,Kraken210809220219,67,556,1108,241,38
809,737,1407,Shamela0005816,189,613,1248,255,38
809,737,1407,JK000271,264,290,913,257,38
809,622,1171,Shamela0006025,254,1166,1400,128,28
809,737,1397,Sham19Y0131336,906,63,689,254,39
809,780,1332,Shamela0025800,1047,789,1246,227,44
809,832,1407,Shamela0011428,860,39,565,242,43
809,803,1474,Shamela0011428,863,18,627,333,56
809,737,1407,Sham19Y0127677,5145,564,1173,248,37
809,737,1407,Shia002265Vols,1753,498,1131,264,39
809,737,1407,Shia002265Vols,1886,472,1100,252,37
809,666,1332,Shia002265Vols,1890,6,532,223,36
809,1,339,Shamela0009784,1332,362,662,230,83
809,737,1407,Sham19Y0013667,3118,552,1090,246,40
809,854,1332,Sham19Y0013667,6949,31,383,181,42
809,839,1332,Sham19Y0013667,6950,1,376,194,43
809,636,1111,JK011302,350,832,1409,253,50
809,780,1332,ShamAY0033945,465,161,614,219,43
809,656,1107,ShamAY0033945,468,248,766,211,44
809,656,1407,Shia000011,138,827,1460,241,35
809,737,1407,Shamela0021659,680,711,1318,255,37
809,636,1094,Shamela0021659,1018,876,1369,186,40
809,806,1111,Shia001782Vols,834,1027,1446,187,55
809,636,1111,Shamela0009076,159,12,588,254,50
809,780,1332,Sham19Y0146127,1204,14,452,214,43
809,737,1407,Sham19Y0146127,1208,29,568,204,31
809,636,1332,Shia001731Vols,382,878,1437,228,35
809,817,1111,JK006800,235,42,453,195,59
809,737,1407,Sham19Y0148486,2316,303,937,255,38
809,772,1171,JK000774,9,746,1325,146,29
809,780,1332,Sham19Y0038171,576,893,1348,229,45
809,822,1094,Shamela0000767,1205,82,419,138,46
809,780,1381,Shamela0012843,33,709,1225,237,42
809,772,1111,ShamAY0034005,362,877,1246,187,55
809,854,1292,Zaydiyya0000010,140,1,498,155,32
809,636,1332,Shamela0001438,3229,701,1260,229,35
809,780,1332,Shamela0001438,4429,1050,1491,233,46
809,737,1407,Shamela0001438,7174,527,1134,255,37
809,737,1407,Sham19Y0020868,376,189,751,217,33
809,974,1332,Shamela0001442,268,1,239,124,39
809,817,1094,Shia000107Vols,1512,78,444,138,45
809,780,1332,Shamela0012884,842,278,732,218,43
809,737,1407,Shamela0012884,844,332,915,255,39
809,737,1407,ShamAY0032854,10,236,709,188,29
809,780,1111,Shamela0008463,1061,698,1091,180,54
809,737,1407,Shamela0009898,197,120,755,256,38
809,839,1082,Shamela0010765,227,1183,1493,139,57
809,832,1407,Shia002032,87,233,772,242,42
809,780,1332,Shamela0005756,5457,671,1126,230,45
809,737,1412,JK009390,1062,296,912,253,37
809,636,1332,JK009390,1829,187,746,230,35
809,766,1203,JK009390,3113,642,1252,200,34
809,832,1407,JK009390,7123,6,561,244,42
809,737,1407,JK009390,7442,272,906,259,38
809,737,1407,ShamAY0034434,215,693,1304,247,36
809,974,1270,Shamela0012415,216,203,518,127,44
809,737,1393,JK000916,8458,617,1268,253,36
809,737,1407,JK000916,17976,381,911,224,34
809,1,382,JK000916,19756,834,1186,255,77
809,772,1407,Sham19Y0013571,87,483,1267,266,34
809,780,1107,Sham19Y0020944,333,1082,1472,186,56
809,1,421,ShamAY0034447,45,578,952,279,83
809,737,1407,JK007107,356,547,1158,246,36
809,780,1332,Shamela0008540,1991,703,1157,229,45
809,766,1082,Zaydiyya0000004,201,821,1148,149,49
811,1,497,Shamela0036446,624,975,1378,236,57
811,1,497,Shamela0012981,252,803,1285,276,64
811,1,463,ShamAY0034282,3285,995,1444,202,43
811,10,497,Shia001782Vols,2152,685,1134,255,61
811,1,500,Shia003732Vols,2633,989,1436,323,80
811,105,497,Sham19Y0017903,807,6,378,208,61
811,1,242,Shamela0012862,351,1220,1451,161,83
812,124,392,Shia001334,375,43,406,186,61
812,96,337,Sham19Y0145435,5357,1129,1496,173,58
812,337,717,Sham19Y0145435,5358,1,397,200,55
812,128,717,Sham19Y0131521,2681,34,733,370,63
812,124,717,Shamela0036446,387,28,655,349,62
812,124,717,JK000977,1110,18,696,349,59
812,124,717,Shamela0035100,401,210,707,310,61
812,149,628,Shia001764Vols,1260,527,972,145,26
812,124,717,Sham19Y0148271,302,666,1329,351,60
812,124,717,ShamAY0033973,247,170,833,350,60
812,111,717,Shamela0009770,650,684,1229,324,64
812,128,717,JK000786,1407,6,601,329,61
812,111,717,Shamela0012981,187,341,931,228,39
812,124,717,JK007065,639,190,852,354,61
812,107,717,Shamela0001717,799,184,800,352,63
812,124,392,JK000386,426,1192,1493,191,74
812,443,717,JK000386,427,1,253,148,65
812,107,717,Shia003616Vols,389,110,625,304,54
812,160,717,Shia003616Vols,1953,28,574,308,59
812,149,489,Sham19Y0014601,2920,924,1463,224,49
812,111,398,Sham19Y0014601,3071,904,1320,202,61
812,260,717,Sham19Y0014601,3072,430,1117,295,52
812,111,717,Shamela0009810,1156,491,1161,369,64
812,111,753,Shamela0025794,2561,133,776,269,45
812,124,717,Sham19Y0127700,222,807,1385,357,68
812,392,717,Sham19Y0020591,688,1050,1358,175,61
812,111,453,Sham19Y0020591,688,176,601,223,65
812,111,753,Shamela0004445,2274,401,1029,265,45
812,434,717,Shamela0004445,2275,100,498,162,51
812,111,628,Shamela0010695,200,922,1430,322,72
812,111,613,Shia001432Vols,8896,1004,1452,298,73
812,124,309,Shia001432Vols,11853,1215,1460,138,67
812,124,378,Shamela0001875,917,1155,1461,185,73
812,378,717,Shamela0001875,918,1,367,179,54
812,124,698,Shamela0010906,585,967,1446,292,60
812,124,564,Shamela0021744,1112,962,1447,282,66
812,111,511,Shamela0117359,482,986,1429,266,72
812,124,717,ShamAY0033938,652,728,1385,353,61
812,264,717,Shamela0005816,199,935,1391,198,45
812,124,717,Sham19Y0017729,228,197,769,343,64
812,111,717,JK000271,188,335,981,355,62
812,124,303,Shamela0025800,740,1238,1453,125,66
812,303,717,Shamela0025800,741,1,445,234,60
812,124,717,JK006897,299,717,1375,356,62
812,128,542,Shamela0011428,1081,1076,1456,267,76
812,149,717,Shamela0026568,1213,653,987,211,45
812,260,681,JK006838,1265,1,316,196,56
812,124,717,Shamela0005922,1708,707,1410,364,60
812,111,580,Shamela0009784,1342,1078,1453,268,72
812,124,717,JK007083,133,707,1391,353,60
812,128,745,Sham19Y0013667,3573,664,1275,310,52
812,124,717,Sham19Y0122397,330,741,1415,341,57
812,999,1345,Shia003732Vols,3627,430,1055,166,28
812,264,649,Shia003732Vols,3645,989,1269,168,52
812,124,717,Shia003732Vols,4876,402,960,310,60
812,111,717,JK009242,320,299,754,229,42
812,154,467,Sham19Y0132524,1067,802,1076,196,75
812,124,717,Sham19Y0146127,1476,497,1071,340,63
812,111,623,Shia001731Vols,658,940,1437,318,72
812,128,717,Sham19Y0017903,448,27,656,349,63
812,111,514,Sham19Y0148486,2798,917,1392,269,68
812,111,717,Shamela0009780,841,505,1031,346,71
812,124,717,Shamela0000767,1602,358,785,176,30
812,149,495,Shamela0023685,1385,1368,1498,94,34
812,38,398,ShamAY0034005,427,707,1076,238,72
812,124,717,Sham19Y0013572,1500,614,1295,352,59
812,111,717,Shamela0021735,326,500,1140,364,66
812,149,628,Shamela0008176,3444,667,1223,258,53
812,124,717,Sham19Y0020638,535,812,1454,356,63
812,124,319,Sham19Y0017616,177,1220,1452,139,68
812,319,717,Sham19Y0017616,178,1,427,222,59
812,264,717,Zaydiyya0000037Vols,223,213,722,194,40
812,264,717,Shamela0009898,207,727,1260,214,44
812,111,717,Shamela0013129,11,735,1405,359,61
812,124,717,Shamela0012293,6019,836,1395,344,66
812,124,717,Shamela0012293,6038,725,1237,275,48
812,124,398,Sham19Y0122406,1766,1182,1494,198,74
812,453,546,Sham19Y0122406,1767,6,99,72,100
812,124,717,Zaydiyya0000353,50,779,1372,324,58
812,107,717,Shia001989,118,615,1327,359,59
812,160,546,Shamela0005756,5829,12,173,125,41
812,264,717,ShamAY0034434,227,162,751,233,46
812,124,511,JK009237,1565,1103,1464,241,72
812,124,717,JK000299,959,554,1274,359,58
812,111,717,Sham19Y0020944,412,561,1309,384,61
812,12,398,JK001284,40,733,1191,215,50
812,213,546,JK001284,149,1,327,214,75
812,160,717,Sham19Y0001729,1354,1,547,310,60
812,111,378,Shamela0021743,570,1232,1488,180,82
813,716,1473,Shia003616Vols,393,755,1210,288,42
813,861,1257,Shamela0009773,308,788,1200,211,51
813,595,764,Shamela0005756,5791,1061,1255,129,82
813,79,491,ShamAY0034447,1216,1010,1411,311,94
814,811,1144,Shia002240Vols,325,680,967,193,68
814,1,1010,Shia003616Vols,393,1210,1565,216,26
814,1010,1144,Shia003616Vols,394,6,139,103,99
814,822,1086,Shamela0011428,1207,1240,1434,146,71
814,552,931,Shamela0011428,1210,581,1013,147,32
814,98,279,Shamela0001686,2848,1099,1362,132,63
814,98,273,ShamAY0034447,1224,960,1250,134,58
815,724,913,Sham19Y0016946,256,375,555,125,83
815,1,1328,Shia003616Vols,394,344,1448,541,42
815,735,913,Sham19Y0018611,161,259,455,116,71
815,1176,1452,SHAM19Y23644,1434,289,498,145,65
815,724,1069,JK001284,206,115,566,160,39
816,1282,1461,Sham19Y0131521,2595,14,183,117,78
816,49,1470,Shia003616Vols,395,109,1261,840,71
816,194,1301,Shia003616Vols,481,298,1463,760,75
816,1301,1470,Shia003616Vols,482,1,157,122,92
816,527,1311,Shia003732Vols,2835,550,1311,341,42
816,1019,1461,Shia003732Vols,3637,554,1060,191,37
816,30,362,Sham19Y0148486,6020,151,575,140,38
816,1166,1461,ShamAY0034447,1254,611,980,182,58
817,637,788,Sham19Y0131521,2593,1288,1445,114,90
817,744,1099,Sham19Y0131521,2594,268,672,255,76
817,459,1429,Shia003616Vols,396,1,839,590,72
817,1,1429,Shia003616Vols,482,157,1420,971,85
817,1075,1429,Shamela0003118,2526,912,1356,272,76
817,905,1393,Shia003732Vols,2836,1,474,227,56
817,477,1429,Shia003732Vols,3637,15,1401,606,52
817,116,705,Sham19Y0148486,2904,23,724,209,32
817,1075,1429,JK000916,7604,838,1280,269,75
817,98,705,Shamela0001686,2849,1,485,286,57
817,17,813,ShamAY0034447,1253,307,1023,401,56
817,640,1429,ShamAY0034447,1254,202,1449,570,55
818,1,633,Shia003616Vols,396,839,1466,430,81
818,13,797,Shia003616Vols,483,1,696,476,77
818,1,138,Shamela0003118,2526,1356,1493,108,99
818,138,619,Shamela0003118,2527,1,432,197,40
818,1,213,JK000916,7604,1280,1488,163,97
818,6,345,ShamAY0034447,1255,1,358,258,89
819,470,1120,Shamela0004473,9348,1357,1619,173,33
819,701,1225,Shamela0012406,812,1030,1255,159,37
819,622,868,Shia003727Vols,666,1,241,159,70
819,464,1483,Shia003616Vols,397,202,1233,591,60
819,1064,1230,Shamela0007289,7654,896,1408,86,19
819,1064,1350,Sham19Y0147665,16,528,1265,119,17
819,1241,1433,Shamela0021744,1174,442,606,110,65
819,885,1000,Shamela0011428,1067,1360,1462,78,88
819,1195,1433,Shamela0011428,1068,74,252,132,69
819,84,1011,SHAM19Y23644,1434,732,1208,257,31
819,701,1225,Shamela0010283,3682,818,1160,165,33
819,631,868,Zaydiyya0000142,9,342,569,157,74
819,701,1225,Shamela0001686,550,583,815,168,39
820,485,806,Shamela0004473,9349,263,464,109,41
820,6,329,Shamela0022579,9,1122,1346,142,52
820,1,568,Shia003616Vols,397,1233,1557,256,55
820,568,1422,Shia003616Vols,398,1,615,376,50
820,129,290,Shamela0021744,1180,1,159,122,93
820,1,290,Shamela0011428,1068,227,486,200,85
820,385,770,JK007064,373,806,1432,119,18
821,1,222,JK010001,1972,989,1192,158,87
821,135,734,Shia003616Vols,398,618,1462,331,42
821,734,1310,Shia003616Vols,399,1,389,271,56
821,1,222,Tafsir07055,2067,184,406,173,96
821,1167,1305,JK001297,350,1246,1384,95,87
821,1018,1339,SHAM19Y23644,1433,717,1117,190,58
821,23,188,Sham19Y0148486,2960,960,1455,94,24
821,1104,1305,Shamela0001686,555,872,1106,145,78
821,1071,1305,ShamAY0034447,1421,474,733,161,77
822,319,592,Shamela0022579,452,1089,1351,199,92
822,669,1114,Shia003616Vols,399,971,1503,182,40
822,38,763,Shia003616Vols,399,384,649,141,24
822,1125,1498,Shia003616Vols,400,1,406,231,62
822,287,576,Shia003616Vols,404,855,982,93,39
822,10,287,SHAM19Y23644,1434,1254,1457,141,58
822,330,576,Shamela0013176,41,993,1230,179,90
822,159,688,ShamAY0034447,1298,621,1198,235,40
822,138,542,ShamAY0034447,1310,735,1099,87,17
822,102,576,ShamAY0034447,1398,677,1140,186,38
823,1,1448,Shia003616Vols,400,406,1213,565,48
823,1092,1448,Sham19Y0036114,81,273,625,215,70
823,1146,1329,JK011499,66,1186,1413,129,69
823,1182,1448,Shamela0012027,339,1,270,175,76
823,100,216,Shia002943,209,777,893,92,100
824,66,258,Sham19Y0131521,2681,1220,1490,140,63
824,258,645,Sham19Y0131521,2682,16,400,290,88
824,66,668,Shamela0022579,450,338,1019,427,74
824,66,354,ShamAY0031687,982,1150,1477,211,79
824,354,771,ShamAY0031687,983,1,463,237,58
824,66,587,Shamela0001975,315,548,1077,361,78
824,66,428,JK000977,1110,1130,1514,271,83
824,66,360,Shamela0035100,401,1237,1508,188,73
824,360,645,Shamela0035100,402,1,284,207,84
824,66,645,ShamAY0034249,1760,585,1180,394,75
824,66,526,JK000786,1407,1040,1518,335,81
824,66,244,JK007065,639,1295,1492,124,75
824,66,771,JK000386,741,650,1384,439,68
824,1,233,Shia003616Vols,400,1213,1467,187,91
824,233,1486,Shia003616Vols,401,1,1046,643,55
824,164,645,Shamela0002864,869,1,491,346,82
824,411,645,Sham19Y0014601,3076,942,1210,161,70
824,66,771,Shamela0009810,1157,150,868,447,71
824,66,269,Sham19Y0037618,2561,712,877,101,64
824,66,645,Sham19Y0036114,379,757,1296,381,75
824,66,351,Shamela0022547,13,1212,1514,202,81
824,66,645,Shamela0021642,1139,798,1409,411,79
824,66,771,Sham19Y0127700,223,484,1191,440,71
824,66,258,JK000475,803,1216,1415,135,81
824,264,771,JK000475,804,1,519,304,65
824,66,306,Sham19Y0020591,690,517,850,178,65
824,445,645,Sham19Y0020591,691,1,193,137,80
824,66,613,Shamela0004445,2275,941,1519,403,80
824,66,645,Shamela0010695,201,603,1210,410,78
824,66,645,Shamela0001875,918,806,1409,409,78
824,66,645,Shamela0010906,586,550,1104,395,79
824,66,771,Shamela0021744,1113,675,1417,450,69
824,66,645,Sham19Y0013614,331,587,1196,407,77
824,66,645,Shamela0117359,483,799,1465,429,76
824,66,771,ShamAY0033938,653,367,1094,443,69
824,115,645,JK000271,189,19,536,376,82
824,66,645,Shamela0025800,741,901,1513,414,78
824,66,771,JK006897,300,362,1092,427,59
824,66,771,Shamela0011428,1082,688,1420,443,69
824,66,552,Shamela0026568,1214,551,1068,358,81
824,66,334,Sham19Y0127677,678,1230,1547,197,75
824,334,587,Sham19Y0127677,679,1,256,190,90
824,144,587,Shia002265Vols,1392,14,452,310,79
824,66,645,JK006838,1265,796,1408,416,80
824,66,645,Sham19Y0016976,837,85,694,410,78
824,66,645,Shamela0005922,1709,403,1019,411,78
824,66,771,JK007083,134,373,1102,443,69
824,66,645,Sham19Y0013667,3574,217,818,416,80
824,66,269,JK006801,397,610,775,101,64
824,66,771,Sham19Y0019188,1535,229,959,444,69
824,66,771,Sham19Y0122397,331,423,1178,443,68
824,66,587,Shamela0021659,431,333,861,360,78
824,66,771,Shia003732Vols,4874,290,1017,443,69
824,66,645,Sham19Y0146127,1477,84,694,415,80
824,66,771,Shia001731Vols,659,638,1355,446,71
824,66,258,Shamela0002863,2209,879,1127,137,67
824,66,499,Shamela0010013,150,1094,1565,333,84
824,66,645,Sham19Y0148486,2799,764,1423,424,75
824,66,258,Shamela0023685,1386,1255,1468,136,77
824,66,645,Sham19Y0014119,287,633,1243,411,78
824,66,645,ShamAY0034005,1424,253,860,410,79
824,66,645,ShamAY0034441,455,595,1196,411,79
824,66,645,ShamAY0032665,1076,305,904,413,79
824,66,771,Sham19Y0013572,1501,274,1003,441,68
824,115,645,Shamela0010803,240,11,527,371,81
824,66,645,Shamela0021735,327,119,719,414,80
824,66,587,Shamela0001438,1455,303,873,389,81
824,144,645,ShamIbadiyya0000438,482,5,531,361,80
824,66,411,Shamela0001442,414,596,936,234,78
824,66,771,Sham19Y0020638,536,441,1182,449,70
824,66,587,Shamela0012884,553,921,1426,359,79
824,66,645,Sham19Y0017616,178,866,1471,410,79
824,66,645,Sham19Y0018144,1076,295,894,413,79
824,66,771,Shamela0008463,1587,283,1014,445,70
824,66,771,Shamela0013129,12,394,1123,440,69
824,66,771,Shamela0012293,6020,472,1200,445,69
824,66,552,Zaydiyya0000353,51,489,993,357,81
824,66,645,Shia001989,119,372,1023,411,75
824,329,587,JK009390,593,1,255,195,89
824,66,645,ShamAY0034434,228,447,873,327,67
824,66,771,JK009237,1566,741,1467,453,71
824,66,771,JK000299,960,265,994,448,70
824,66,645,Sham19Y0020944,413,344,1014,425,75
824,115,676,JK001284,44,4,532,350,70
824,73,264,Shamela0021765,2077,82,237,99,67
824,448,645,ShamAY0034447,1313,814,1264,136,36
824,66,228,Sham19Y0013922,313,1290,1466,114,78
824,66,645,Sham19Y0001729,561,853,1379,365,73
824,66,645,Shamela0021743,571,836,1448,413,79
825,884,1396,Shamela0022579,736,106,693,327,62
825,10,353,Shia003616Vols,401,1052,1495,200,48
825,805,1095,Shamela0003722,5844,909,1244,163,62
825,873,1092,Shamela0023100,624,455,696,143,76
825,811,1063,Shamela0011385,3509,130,394,150,68
825,1024,1353,Shamela0012884,550,1,473,187,45
825,873,1087,Shamela0001686,1525,421,645,138,74
825,884,1063,ShamAY0034447,1343,156,359,135,85
826,1099,1450,Shia003616Vols,402,668,1029,217,65
826,460,725,Shia003616Vols,402,518,650,103,48
826,1248,1416,Shia003732Vols,3652,812,969,124,91
826,558,823,Shamela0012293,5932,80,443,149,45
826,558,823,Shamela0007606,160,632,1024,149,42
826,548,835,Shamela0021713,453,858,1137,154,59
826,529,1115,Shamela0001686,2849,586,1209,388,73
827,156,1206,Shia003616Vols,402,868,1526,298,30
827,1249,1437,Shia003616Vols,2181,442,629,151,99
827,145,499,JK006897,310,1091,1431,157,48
827,264,503,SHAM19Y23644,1435,30,260,151,80
827,775,1151,JK000221,459,301,613,122,39
827,775,1271,Shamela0010657,909,359,1071,160,22
827,775,1142,Shamela0002863,1294,879,1426,119,23
828,1,1441,Shia003616Vols,403,276,1330,706,57
828,1,837,Shia003616Vols,2181,655,1518,662,96
828,1101,1378,Shamela0026324,2079,986,1226,118,53
828,1071,1378,Shamela0025794,631,722,1041,129,48
828,1071,1225,Shamela0000347,357,243,432,87,62
828,427,1136,SHAM19Y23644,1435,30,502,134,19
828,772,1441,Shia003732Vols,3658,832,1419,258,36
828,1101,1232,Shamela0012220,529,612,753,81,71
828,1054,1411,Shamela0001686,1399,222,669,164,38
828,1109,1236,Shamela0021715,2849,1288,1418,78,74
829,110,1164,Shia003616Vols,404,37,806,443,47
829,657,943,Shia002119Vols,1625,1022,1271,102,33
829,1026,1431,ShamAY0034447,1298,512,1105,132,21
830,25,640,Shamela0001515,399,1213,1523,184,38
830,58,715,ShamAY0034443,190,212,613,214,35
830,34,754,Sham19Y0145435,365,24,547,253,38
830,1213,1455,Sham19Y0145435,365,700,1009,186,73
830,260,522,Shamela0008473,2248,457,900,92,19
830,48,797,Shia002382Vols,542,426,955,217,31
830,34,601,Shamela0023833,876,1166,1450,174,38
830,1213,1455,Shamela0023833,877,416,684,174,75
830,39,607,ShamAY0034249,3279,1062,1369,168,33
830,58,711,ShamAY0034249,7355,877,1358,235,37
830,1226,1455,Shamela0010646,1354,1222,1480,182,85
830,1213,1455,Shamela0009770,651,956,1276,186,70
830,34,754,Shamela0009770,651,258,788,262,39
830,58,417,Shia003616Vols,404,1249,1524,213,75
830,417,1455,Shia003616Vols,405,1,996,658,69
830,58,715,Shamela9007669,705,368,771,213,35
830,97,540,Shamela0003722,2002,1188,1376,107,28
830,58,711,Shia003636Vols,846,1015,1420,211,35
830,58,711,Shia001153,25,192,578,199,33
830,1226,1455,Shia001153,25,830,1086,178,83
830,350,607,Shia001187Vols,7492,43,234,132,60
830,1187,1455,Shamela0010695,164,749,1008,194,86
830,34,797,Shia001432Vols,14339,297,894,245,34
830,58,711,Shia001432Vols,25938,929,1325,211,34
830,1226,1455,Shamela0000432,2531,632,891,181,84
830,185,472,Shia003732Vols,3662,1247,1511,165,71
830,472,1449,Shia003732Vols,3663,1,899,580,65
830,1226,1455,Shamela0023789,850,1217,1475,182,85
830,494,754,Shamela0009076,338,1,309,146,49
830,29,754,Shamela0010283,3683,769,1358,274,38
830,58,594,Shamela0007853,66,1237,1468,134,29
830,34,754,Shamela0012935,367,840,1376,263,39
830,484,607,Shia000070Vols,1530,9,128,93,94
830,302,754,Shamela0030592Vols,78,699,1166,195,39
830,84,607,Shia001149Vols,911,13,396,185,41
830,158,890,Shamela0010013,149,8,420,244,38
830,1213,1455,Shamela0010437,148,263,541,184,79
830,34,797,Shia002337Vols,173,410,941,222,33
830,34,640,JK011068,160,1213,1514,191,39
830,34,742,Shamela0012320,1183,967,1473,240,36
830,48,754,Shamela0006864,1744,1,519,260,39
830,338,758,JK007106,6,458,884,229,55
830,58,711,Shia002185Vols,97,177,565,198,32
830,435,1449,JK001493,291,642,1367,343,36
830,302,754,Shamela0010835,92,875,1345,192,39
830,39,754,Shamela0036578,53,448,1013,271,38
830,34,754,Shamela0009783BK1,1120,864,1387,254,38
830,1213,1455,Shamela0009783BK1,1121,118,426,186,73
830,84,607,Shia001122Vols,3223,10,394,184,40
830,20,607,Shia001122Vols,3224,597,1091,222,41
830,850,1027,Shamela0012403,166,516,709,92,61
830,97,525,Shamela0021713,477,1195,1355,102,27
830,97,525,Shamela0021590,754,971,1105,92,25
830,357,754,Shamela0021765,844,1,648,140,21
830,1226,1434,Zaydiyya0000025,110,1278,1488,161,90
830,29,711,Zaydiyya0000025,110,580,1027,205,31
830,39,754,ShamAY0034447,1311,238,747,227,33
830,1213,1455,ShamAY0034447,1312,1036,1287,176,81
830,14,754,ShamAY0034447,1314,326,875,291,41
830,97,525,ShamAY0034447,1409,772,919,99,28
830,58,711,Shamela0010614,220,559,961,193,32
831,171,791,Shamela0001515,401,405,1037,314,54
831,437,1042,ShamAY0034443,191,189,539,242,48
831,56,773,Shamela0023833,877,697,1303,299,45
831,606,769,Shamela0035100,404,1227,1463,104,52
831,1,1042,ShamAY0034249,7356,393,1129,496,54
831,121,1042,Shamela0010646,1355,14,659,423,53
831,1,526,Shia003616Vols,405,996,1520,426,98
831,526,1510,Shia003616Vols,406,1,639,461,57
831,396,1042,Shamela9007669,706,1,393,278,52
831,171,521,ShamAY0034282,1986,438,781,223,69
831,1,606,Shia003636Vols,847,459,1004,385,71
831,1,576,Shia001153,25,1086,1550,315,60
831,1,795,Shia001432Vols,25939,330,851,350,50
831,606,959,Shamela0010906,589,538,851,155,44
831,606,959,Sham19Y0127677,587,309,614,157,46
831,606,1001,Shia002265Vols,98,14,354,164,42
831,561,959,JK006838,1274,37,384,157,42
831,1,795,Shamela0000432,2531,891,1502,413,59
831,1,595,Shia003732Vols,3663,950,1537,468,95
831,595,1242,Shia003732Vols,3664,8,600,377,63
831,60,787,Shamela0023789,851,1,542,379,60
831,56,1037,Shamela0009076,338,730,1443,376,46
831,56,773,Shamela0010283,3684,320,920,298,44
831,1,1042,Shamela0007853,67,651,1354,475,53
831,56,773,Shamela0012935,368,374,969,296,45
831,56,1037,Shamela0010437,148,554,1266,367,44
831,606,773,JK000698,111,1266,1510,106,52
831,1,791,Shamela0012320,1184,408,1081,356,51
831,606,959,Shamela0001438,1207,1055,1356,151,44
831,56,521,Shamela0006864,1744,969,1368,246,57
831,210,1042,JK007106,7,98,738,297,37
831,171,554,Zaydiyya0000463,7,386,786,283,80
831,1,580,Shia004456Vols,350,917,1435,359,69
831,1,791,Shia002185Vols,97,1049,1572,366,54
831,171,554,Shia003656Vols,82,517,873,241,69
831,570,959,JK009390,728,458,781,156,42
831,1,580,Zaydiyya0000025,111,29,491,316,60
831,171,459,ShamAY0034447,1313,149,470,189,67
831,19,1042,Shamela0010614,221,1,721,484,55
832,149,311,Sham19Y0131521,2829,966,1153,94,61
832,149,303,Shia000820Vols,864,1247,1454,89,53
832,864,1163,JK000977,1218,34,313,172,64
832,864,1163,Sham19Y0148271,1110,892,1162,174,67
832,149,311,Shamela0021495,321,810,975,82,52
832,67,668,Shia003616Vols,406,591,1139,324,59
832,463,1475,Shia003616Vols,407,237,1135,504,53
832,149,303,Sham19Y0014601,3189,1068,1246,88,60
832,885,1336,Shamela0025794,1017,90,410,194,53
832,134,492,Shamela0025794,4945,517,842,102,28
832,149,311,Shamela0117359,502,469,656,94,61
832,1114,1475,Shia003732Vols,3667,1,305,232,76
832,885,1336,Shamela0010283,1188,915,1312,236,60
832,190,492,Shamela0021479,210,970,1416,127,35
832,134,311,Sham19Y0148486,3079,910,1106,85,50
832,130,311,Shamela0026365,34,1124,1331,104,60
832,130,311,Shamela0026440,6,484,715,96,52
832,149,311,Sham19Y0013241,981,1217,1387,81,51
832,149,316,Sham19Y0013571,110,306,506,114,72
832,130,497,Shamela0001686,2850,295,571,159,52
833,1090,1320,ShamAY0033053,288,1,295,107,47
833,329,796,Sham19Y0016946,196,971,1456,292,72
833,425,1027,ShamAY0033598,51,57,698,333,58
833,425,1153,Shamela0000551,2440,550,1305,432,61
833,425,1153,Sham19Y0018176,554,1,667,420,66
833,478,1044,Sham19Y0018176,2368,1,518,282,55
833,425,1075,Shamela0012750,438,283,892,292,52
833,462,1153,Shamela0036446,587,645,1286,405,65
833,450,897,Sham19Y0013605,1555,13,482,309,81
833,428,832,Sham19Y0013605,4646,733,1140,207,55
833,425,686,ShamAY0033522,587,1032,1371,186,69
833,335,814,Shia002616Vols,1178,1090,1211,85,22
833,582,1119,Sham19Y0150600,605,1,563,348,71
833,453,1153,JK007065,88,1,679,412,64
833,446,809,Shia003616Vols,406,1107,1457,231,79
833,814,1316,Shia003616Vols,407,1,457,262,54
833,410,1153,Shia003616Vols,2581,722,1437,422,63
833,425,912,Sham19Y0006684,3436,795,1408,346,71
833,438,809,Zaydiyya0000054,446,754,1206,263,72
833,446,1153,Sham19Y0022884,191,432,1108,394,60
833,577,802,Shamela0001665,429,1,192,125,64
833,629,1235,Shamela0025794,342,1,574,296,53
833,478,1127,Shamela0003118,2533,506,1114,337,58
833,419,1119,Sham19Y0017350,867,182,956,456,71
833,425,734,ShamAY0033910,771,95,387,183,68
833,425,1157,Shamela0007891,809,120,824,434,66
833,425,1153,Shamela0012399,3159,321,1076,432,61
833,478,827,Sham19Y0017798,1652,88,468,232,75
833,335,1153,Shamela0004445,3774,100,875,431,57
833,335,734,JK000130,772,174,584,206,54
833,458,943,Shamela0001875,1106,540,1055,345,83
833,329,1007,Sham19Y0013252,2553,800,1490,448,76
833,428,1044,Sham19Y0013252,9815,122,742,307,51
833,443,679,Shamela0021848BK1,1283,1184,1431,168,83
833,443,734,Zaydiyya0000267,1887,449,736,157,60
833,329,734,Sham19Y0014827,269,853,1210,232,65
833,1027,1360,Shia002119Vols,674,538,878,194,67
833,425,1119,Shia002119Vols,2927,442,1284,466,70
833,1027,1411,Shia002119Vols,2932,703,1106,214,59
833,425,1119,ShamAY0033938,906,616,1280,416,69
833,425,734,Shamela0009977,61,77,350,169,63
833,407,1027,Shamela0022882,93,615,1301,340,56
833,329,902,JK009408,121,667,1396,370,65
833,435,1119,Sham19Y0131336,1080,263,971,441,70
833,329,1127,Shamela0025800,3404,308,1179,465,59
833,443,1153,JK006897,419,124,1065,317,34
833,443,1153,Sham19Y0127677,1092,61,581,290,45
833,435,679,Sham19Y0127677,4147,1130,1386,172,84
833,446,1153,Sham19Y0123665,1692,567,1272,406,60
833,335,1206,Shamela0005733,18,188,972,464,61
833,443,1153,Shamela0005922,2151,67,867,405,54
833,624,1153,Sham19Y0127713,1332,1,520,293,57
833,443,734,Shamela0000432,1307,381,718,206,75
833,335,1119,JK007083,177,450,1160,422,62
833,450,1153,Sham19Y0018103,1112,1,627,407,67
833,428,1044,Sham19Y0018103,3901,299,918,307,51
833,298,1153,Shamela0096283,119,289,1118,455,55
833,304,1153,Sham19Y0014462,63,525,1347,464,58
833,508,1316,Shia003732Vols,3666,17,677,456,67
833,69,497,Shamela0021570,119,527,1009,185,45
833,438,734,Sham19Y0122401,1317,17,337,200,75
833,425,1247,Shamela0021809,930,148,1114,410,48
833,335,814,Shamela0009769,103,538,1455,281,35
833,443,674,Shamela0021660,2569,1056,1286,150,78
833,386,1153,Shamela0021479,53,610,1344,450,65
833,425,589,Sham19Y0146127,1089,769,938,106,74
833,1047,1343,Sham19Y0146127,3057,1129,1393,160,63
833,390,1027,Shamela0009773,2588,769,1330,313,53
833,298,999,JK000110,309,651,1416,442,66
833,428,1044,JK000110,1758,117,738,305,51
833,446,1119,Sham19Y0017903,736,456,1101,402,69
833,571,1153,Sham19Y0016684,525,1,510,356,74
833,419,708,Shia000089Vols,4483,1225,1519,183,75
833,425,679,Shamela0002863,1530,1173,1475,181,75
833,674,1015,Shamela0002863,1531,1,361,249,86
833,425,1072,Sham19Y0148486,3910,864,1479,307,55
833,1038,1324,Sham19Y0148486,5594,543,855,172,60
833,425,1119,Shamela0000767,3350,425,998,303,49
833,425,984,Shamela0028107,593,721,1408,402,73
833,425,1123,Shamela0013066,25,359,1130,359,54
833,758,1192,Shamela0013066,26,1,396,223,55
833,335,1123,Shamela0013066,27,357,1286,479,64
833,438,809,Zaydiyya0000361,1112,911,1359,257,70
833,407,1015,Shamela0001719,1630,746,1396,427,82
833,593,1075,ShamAY0032943,8,27,524,281,64
833,425,1027,ShamAY0034005,597,267,897,362,66
833,386,1119,ShamAY0032665,1612,482,1179,423,67
833,593,1272,ShamAY0032665,1613,12,762,300,40
833,443,1015,Tafsir06049,850,729,1482,405,67
833,1064,1320,Shamela0012862,413,52,381,123,50
833,446,734,Zaydiyya0000010,542,592,873,160,62
833,446,734,Zaydiyya0000010,561,921,1204,160,61
833,443,1119,Sham19Y0013572,189,323,1128,444,67
833,438,1119,JK000677,119,1,801,481,75
833,435,1153,Shamela0001438,6025,5,650,423,68
833,419,1157,Sham19Y0014224,835,685,1388,423,63
833,359,1044,Shamela0008493,18,163,902,385,59
833,359,1153,Shia002069Vols,770,307,1065,426,59
833,425,988,Shamela0001442,872,863,1459,302,55
833,171,809,Sham19Y0017437,1199,778,1432,281,39
833,809,1153,Sham19Y0017437,1200,1,271,178,61
833,752,1119,Shamela0013033,106,1,398,248,77
833,335,1119,Sham19Y0020638,736,655,1405,424,58
833,443,809,Shamela0003485,354,265,649,263,84
833,425,1075,Shamela0026337,12,659,1374,352,54
833,1038,1352,Shamela0026337,15,702,970,174,67
833,386,1119,Sham19Y0018144,1612,573,1270,423,67
833,478,1272,Sham19Y0018144,1613,34,850,338,41
833,538,1153,Sham19Y0018144,1614,1,585,368,67
833,425,704,Sham19Y0013241,1206,1167,1463,196,80
833,704,1157,Sham19Y0013241,1207,1,371,252,68
833,298,791,Sham19Y0016584,1166,99,607,310,70
833,593,1044,Sham19Y0016584,4391,6,457,244,58
833,298,791,Sham19Y0018106,1038,866,1492,308,60
833,629,1044,Sham19Y0018106,3947,1,417,218,56
833,443,788,Shamela0010517,2547,1170,1545,225,73
833,458,1119,Shamela0012014,4,296,1063,446,71
833,435,1153,Shamela0005756,4954,6,661,415,65
833,428,1044,Shamela0005756,14490,726,1345,304,51
833,435,629,Sham19Y0014591,3798,1010,1210,126,74
833,435,1027,JK009390,5361,58,684,409,79
833,425,1082,JK011402,2,852,1460,315,55
833,512,1153,Shamela0012415,424,1,608,382,68
833,443,679,Shamela0011444BK2,2071,484,731,166,82
833,171,1119,Sham19Y0011194,138,178,1136,489,52
833,359,752,Shamela0012403,189,971,1393,236,66
833,425,1027,JK000916,7624,789,1415,327,58
833,359,1153,JK000916,7675,40,1097,421,43
833,468,1119,Shamela0001686,842,49,636,320,53
833,1027,1223,Shamela0001686,843,1163,1412,148,76
833,1223,1411,Shamela0001686,844,1,208,126,72
833,425,1119,Shia001976Vols,203,195,968,379,55
833,69,497,Shia001976Vols,1378,950,1392,171,45
833,443,788,Sham19Y0013769,1374,1152,1539,248,79
833,443,679,Shamela0011468BK1,2127,284,530,168,83
833,294,1153,Shamela0021715,2138,388,1218,431,50
833,435,1064,Shamela0021715,9571,370,1038,408,72
833,428,937,Shamela0021715,10081,1021,1553,265,55
833,446,1012,Shamela0022645,953,828,1461,409,80
833,435,1153,Sham19Y0001729,2020,12,689,426,66
833,308,1153,ShamIbadiyya0000155,122,71,922,428,49
834,1,221,Shamela0009790,428,51,239,143,79
834,1,221,Sham19Y0132416,141,183,399,138,70
834,1,286,Sham19Y0131521,5296,953,1263,163,60
834,257,1119,Shamela0012406,820,407,891,313,45
834,350,992,Shia001657Vols,32,518,814,191,36
834,1,221,JK007054,737,452,641,136,76
834,226,1425,Shia003616Vols,408,331,1556,763,67
834,938,1447,Shia003616Vols,1630,864,1396,357,80
834,244,700,Shia003616Vols,3562,975,1483,364,89
834,700,1545,Shia003616Vols,3563,1,787,624,89
834,1167,1536,Shia001887Vols,1197,382,744,116,28
834,244,825,Shamela0003118,108,928,1510,462,98
834,825,1545,Shamela0003118,109,1,757,532,86
834,244,962,Shamela0003118,2668,866,1479,473,81
834,350,1119,Shia003636Vols,823,240,709,325,51
834,1,221,Shamela0007891,1935,350,538,142,79
834,350,992,Shia001663Vols,278,838,1115,184,35
834,1,198,Sham19Y0127700,322,1326,1501,135,83
834,11,286,Sham19Y0020591,1405,323,623,159,60
834,257,932,Zaydiyya0000161,37,1023,1490,224,34
834,226,1088,Shia001432Vols,8901,1044,1492,281,41
834,257,1119,Shia001432Vols,11748,463,817,212,31
834,350,1119,Shia001432Vols,35963,105,502,268,43
834,1,221,Sham19Y0013614,624,334,666,77,21
834,1,286,Shamela0117359,908,1042,1352,167,61
834,1,286,Sham19Y0017729,458,995,1237,170,74
834,1,221,JK009408,967,247,427,133,74
834,1,140,Shamela0023695,59,1351,1471,89,78
834,1,221,Shamela0025800,2034,925,1115,140,78
834,1,221,Shamela0026568,903,1039,1226,139,77
834,1,286,Sham19Y0127677,4161,774,1010,148,64
834,1,221,Sham19Y0127677,18425,511,699,145,80
834,1,221,Shamela0009654,185,144,318,129,72
834,1,198,Shia004672,57,1393,1569,127,78
834,1,221,Shamela0007434,473,46,219,129,73
834,1,221,Sham19Y0020761,104,615,779,124,69
834,226,1443,SHAM19Y23644,1440,531,1418,644,63
834,354,1119,Shamela0009784,1352,259,685,289,46
834,1,221,Shamela0004289,823,518,706,143,79
834,1,286,Shamela0026336,121,1044,1358,150,51
834,257,952,Shia003732Vols,2639,864,1527,438,68
834,952,1443,Shia003732Vols,2640,1,452,332,79
834,1,286,Shia003732Vols,5480,1203,1459,161,70
834,1,226,Shia003732Vols,5481,75,259,131,72
834,1,221,Shamela0021809,903,64,243,132,74
834,16,286,Sham19Y0017903,916,1,229,161,73
834,358,885,Sham19Y0145166,493,517,779,184,42
834,1,221,Shamela0023685,1080,36,227,137,76
834,640,898,Shamela0037063,65,1125,1339,153,71
834,350,661,Shia003714Vols,647,1330,1493,116,46
834,704,1119,Shia003714Vols,648,1,342,244,71
834,1,286,Sham19Y0014119,457,179,420,162,70
834,1,286,Shamela0008360,636,898,1144,160,70
834,1,210,Shamela0031372,35,120,291,127,74
834,1,286,Shamela0001438,6041,402,719,153,52
834,1,161,Shamela0008176,5359,1363,1501,104,79
834,1,221,Shamela0001442,983,896,1085,144,80
834,366,1119,Zaydiyya0000199,220,988,1571,291,43
834,1,221,Shamela0010480,476,793,990,147,79
834,296,1119,Shamela0009873,1834,225,796,361,52
834,1,221,Shamela0023700,921,143,322,135,75
834,1,221,Shamela0010517,1054,216,404,143,79
834,1,221,Sham19Y0017063,1022,434,622,141,78
834,1,221,Shamela0001733,1243,1211,1391,136,75
834,244,528,JK000916,388,1229,1513,229,100
834,528,1545,JK000916,389,1,1115,802,88
834,244,1085,JK000916,8183,613,1450,661,97
834,1,221,Shamela0021713,1087,549,739,136,76
834,257,1119,Shamela0001686,564,784,1459,401,52
834,1,221,Shamela0001686,844,208,400,148,83
834,11,221,Sham19Y0020944,880,1,179,135,78
834,257,738,ShamAY0034447,1444,1166,1469,163,40
834,742,1119,ShamAY0034447,1445,1,304,218,69
835,990,1434,Shamela0004473,9485,740,1086,234,62
835,1106,1434,ShamAY0034443,200,1,318,196,67
835,506,1449,Shamela0012406,820,909,1498,408,53
835,506,1301,Shia001657Vols,32,868,1304,296,44
835,980,1434,ShamAY0034249,7358,390,806,208,47
835,506,1459,Shia001626Vols,505,335,657,219,27
835,246,1464,Shia003616Vols,409,36,1076,664,59
835,186,941,Shia003616Vols,3563,744,1559,572,84
835,941,1469,Shia003616Vols,3564,1,507,387,89
835,102,1029,Shamela0003118,109,625,1540,718,95
835,1037,1469,Shamela0003118,110,5,436,336,95
835,229,728,Shamela0003118,2669,87,453,289,72
835,506,1464,Shia003636Vols,823,727,1254,378,47
835,497,1301,Shia001663Vols,57,905,1361,283,42
835,506,1238,Shia001663Vols,278,1169,1522,231,37
835,1118,1293,Zaydiyya0000161,39,1,164,113,78
835,1113,1293,Zaydiyya0000161,40,809,977,117,79
835,506,1464,Shia001432Vols,8902,48,645,414,54
835,506,1464,Shia001432Vols,11748,835,1436,417,54
835,186,1464,Shia001432Vols,35963,450,1143,476,44
835,345,588,Shia001432Vols,35965,600,833,170,85
835,975,1323,Shia002958,452,1250,1508,161,57
835,792,1323,Shamela0026568,314,1209,1536,244,55
835,35,1444,Sham19Y0127677,2894,85,1474,1089,95
835,84,246,Sham19Y0127677,15925,1205,1365,122,93
835,35,1048,Shia002265Vols,3383,461,1476,780,94
835,1048,1469,Shia002265Vols,3384,1,422,327,94
835,695,1464,SHAM19Y23644,1441,22,629,401,62
835,326,1464,Shamela0009784,1352,553,1304,439,44
835,229,1305,Shia003732Vols,2640,463,1530,588,53
835,975,1301,JK009242,431,30,285,191,73
835,577,1464,Shamela0010283,3681,395,969,445,62
835,728,1020,Sham19Y0016684,1407,269,537,202,84
835,1025,1464,Sham19Y0145166,494,6,345,244,68
835,975,1444,Shia004030Vols,2022,1127,1464,205,54
835,521,1353,Shia003459BK1,88,842,1367,264,34
835,577,1464,Shia001285,44,145,956,551,72
835,792,1464,Shamela0023685,337,295,714,302,53
835,124,1464,Shia003714Vols,648,214,1101,571,49
835,792,1434,Tafsir06049,1808,958,1378,279,50
835,35,803,Shamela0001438,4440,741,1516,601,96
835,803,1469,Shamela0001438,4441,1,654,513,95
835,990,1293,Zaydiyya0000199,221,512,936,176,50
835,1113,1293,Zaydiyya0000199,222,644,813,117,78
835,975,1434,Shia002185Vols,118,396,779,207,51
835,814,1434,Zaydiyya0000037Vols,234,386,982,229,35
835,124,884,Shamela0009873,1834,648,1093,198,29
835,990,1464,Shamela0009873,1835,288,834,322,67
835,246,1464,Shamela0005756,11187,211,800,405,40
835,186,1469,JK009390,3900,1,1217,915,85
835,35,1408,JK009390,6101,165,1478,990,86
835,1,291,JK000916,389,1115,1498,228,75
835,291,1469,JK000916,390,1,1159,912,95
835,271,956,JK000916,8184,1,637,362,62
835,506,1464,Shamela0001686,565,38,719,498,62
835,666,1025,Shamela0021715,5840,1074,1434,219,67
835,198,1464,ShamAY0034447,1445,177,1057,588,53
835,198,685,Shia001615Vols,1314,429,705,137,32
835,1113,1327,Shia001615Vols,1314,810,1007,142,80
835,937,1293,Zaydiyya0000032,60,1103,1512,215,61
836,1,1543,Shamela0012406,821,21,969,497,36
836,687,1549,Shia001657Vols,33,6,567,265,33
836,1,419,Shia003616Vols,409,1076,1515,283,76
836,419,1543,Shia003616Vols,410,1,1377,739,61
836,1310,1549,Shia003616Vols,1631,36,201,130,65
836,1,962,Shia003616Vols,3564,507,1520,769,94
836,962,1549,Shia003616Vols,3565,1,702,452,79
836,1,1113,Shamela0003118,110,436,1530,864,94
836,1113,1549,Shamela0003118,111,1,481,342,88
836,453,623,Shamela0003118,112,1324,1494,138,100
836,623,1549,Shamela0003118,113,1,962,719,91
836,1310,1549,Shamela0003118,2669,471,696,175,86
836,720,1127,Shia001432Vols,35965,993,1371,279,80
836,1,1417,Shamela0026568,315,84,794,407,33
836,1,1510,Sham19Y0127677,2895,27,1551,1170,92
836,752,1417,Sham19Y0127677,20794,566,1066,229,36
836,1,1142,Shia002265Vols,3384,422,1536,878,94
836,1142,1549,Shia002265Vols,3385,1,437,318,90
836,9,864,SHAM19Y23644,1453,652,1493,644,92
836,869,1549,SHAM19Y23644,1454,1,746,488,76
836,20,1543,Shia003732Vols,2641,96,1474,942,72
836,1,834,Sham19Y0145166,494,345,1012,316,41
836,1,641,Shia001285,44,956,1509,370,65
836,647,1543,Shia001285,45,1,574,306,39
836,1,1417,Shamela0023685,337,714,1425,415,34
836,1,661,Shia003714Vols,648,1101,1538,219,36
836,667,1549,Shia003714Vols,649,7,556,374,51
836,1,869,Shamela0001438,4441,654,1515,685,97
836,869,1549,Shamela0001438,4442,1,703,518,87
836,1092,1549,Shamela0009873,1836,494,1110,252,47
836,398,1524,Shamela0005756,11187,933,1547,359,36
836,1,381,JK009390,3900,1217,1530,249,80
836,381,1524,JK009390,3901,1,1033,779,81
836,1,1524,JK009390,6102,53,1423,1035,81
836,1,346,JK000916,390,1159,1490,265,95
836,346,1549,JK000916,391,1,1224,929,91
836,1320,1549,JK000916,8184,431,643,169,89
836,1,834,Shamela0001686,565,719,1282,322,43
836,1406,1549,Shamela0001686,566,5,152,117,97
836,20,732,Zaydiyya0000288,8,1107,1586,268,44
837,6,413,Shia003616Vols,410,1377,1521,80,22
837,1,437,Shia003616Vols,1631,201,646,220,53
837,1,437,Shia003616Vols,3565,702,1274,205,34
837,1,1079,Shamela0003118,111,481,1526,793,87
837,1079,1490,Shamela0003118,112,1,421,309,90
837,1,614,Shamela0003118,113,962,1529,444,88
837,594,1490,Shamela0003118,114,1,889,664,88
837,1,456,Shamela0003118,2669,696,1116,320,86
837,1,1462,Sham19Y0127677,2896,40,1481,1071,86
837,1,1141,Shia002265Vols,3385,437,1517,837,89
837,1141,1490,Shia002265Vols,3386,1,373,261,85
837,1,437,SHAM19Y23644,1454,746,1215,242,55
837,359,509,Shia003732Vols,2642,33,169,99,80
837,535,1244,Shia003459BK1,36,156,961,474,66
837,1,853,Shamela0001438,4442,703,1533,626,86
837,853,1490,Shamela0001438,4443,1,637,467,86
837,1,614,JK009390,3901,1039,1571,410,80
837,594,1490,JK009390,3902,1,884,658,88
837,134,1490,JK009390,6103,1,1309,983,87
837,1,323,JK000916,391,1224,1540,244,93
837,315,1490,JK000916,392,1,1147,866,87
837,1,456,JK000916,8184,643,1068,326,87
838,40,1021,Shia003616Vols,411,170,942,523,65
838,1,931,Shamela0003118,112,421,1324,712,95
838,1,631,Shamela0003118,114,889,1494,480,94
838,631,1498,Shamela0003118,115,1,846,662,95
838,1,448,Shamela0003118,2669,1188,1384,155,42
838,1,1052,Sham19Y0127677,2897,26,1050,804,95
838,1,1164,Shia002265Vols,3386,373,1428,816,86
838,40,1021,Shia003732Vols,2642,284,1051,525,65
838,1,870,Shamela0001438,4443,637,1485,663,94
838,870,1169,Shamela0001438,4444,1,264,164,67
838,1,672,JK009390,3902,884,1492,473,87
838,672,1052,JK009390,3903,1,369,280,90
838,1,179,JK009390,6103,1309,1474,124,85
838,179,1052,JK009390,6104,1,804,619,85
838,1,366,JK000916,392,1147,1503,280,94
838,366,1498,JK000916,393,1,1236,885,88
838,772,1052,JK000916,4537,918,1209,217,93
838,1,448,JK000916,8184,1140,1496,281,78
839,1,690,Shamela0003118,115,846,1539,550,97
839,690,1568,Shamela0003118,116,1,875,681,95
839,389,1030,Shia003732Vols,2642,1089,1468,279,53
839,394,1055,Shia003714Vols,649,850,1342,338,60
839,394,1358,Shamela0005756,11188,109,543,212,25
839,1,275,JK000916,393,1236,1514,221,97
839,275,1568,JK000916,394,1,1282,1010,96
839,394,1343,Shamela0001686,566,447,1243,419,44
839,394,1055,ShamAY0034447,1558,470,945,322,56
840,562,1014,Shia003616Vols,3565,1028,1387,254,67
840,569,1014,Shamela0003722,428,963,1376,261,72
840,1,558,Shamela0003118,116,875,1398,410,90
840,1246,1464,Sham19Y0127677,5770,985,1189,159,91
840,1241,1464,Sham19Y0127677,20766,336,549,160,89
840,1246,1464,Shia002265Vols,4305,1198,1402,160,92
840,1211,1464,Shamela0023644,1573,38,278,186,92
840,1246,1464,JK009390,6111,606,820,156,84
840,1241,1464,JK009390,7361,798,1017,157,83
840,28,144,JK000916,394,1425,1541,92,100
840,144,558,JK000916,395,1,406,322,94
840,1211,1464,JK000916,2595,321,561,186,92
840,569,1128,JK000916,2600,43,581,232,37
840,569,804,Sham19Y0149213,149,277,440,120,65
841,559,984,Shamela0003118,2434,599,966,207,55
841,559,942,Sham19Y0127677,5619,465,775,182,57
841,559,942,Shia002265Vols,3381,1129,1439,182,57
841,573,825,SHAM19Y23644,1278,1236,1469,152,67
841,612,942,Shamela0009773,401,565,883,189,67
841,559,942,Shamela0001438,7722,753,1087,186,58
841,559,825,Shamela0023644,929,896,1168,162,71
841,638,825,JK009390,5825,237,386,116,78
841,638,825,JK009390,5863,925,1074,116,78
841,1,337,JK000916,2595,561,1056,170,42
841,620,825,JK000916,7231,264,421,120,74