ms1,b1,e1,id2,ms2,b2,e2,ch_match,matches_percent
1,1036,1210,Zaydiyya0000087,2,41,277,70,27
1,1036,1210,Zaydiyya0000086,4,396,632,70,27
6,796,1474,Zaydiyya0000045,97,219,946,547,92
7,790,1168,Zaydiyya0000098,656,1204,1581,314,99
7,1168,1667,Zaydiyya0000098,657,1,505,405,97
7,790,1109,Zaydiyya0000045,1,1292,1611,256,95
8,533,747,Sham19Y0035453,62,1058,1451,159,50
8,533,678,Shamela0003118,5274,195,385,113,72
8,533,673,JK000916,18250,596,779,109,72
8,533,747,Shamela0021629,763,763,1063,164,68
8,501,747,Shamela0036543,2160,336,678,169,61
8,1181,1384,Sham19Y0013223,828,75,365,123,52
8,404,747,Sham19Y0013223,873,520,1094,203,39
8,501,747,Zaydiyya0000059,1410,719,1082,147,49
8,533,673,Sham19Y0001729,174,387,586,106,65
8,357,682,Shamela0006610,1167,763,1131,163,50
8,1,1125,Zaydiyya0000098,657,505,1646,884,92
8,1125,1473,Zaydiyya0000098,658,1,353,238,77
8,357,491,Zaydiyya0000384,92,1020,1158,104,89
8,545,673,Shamela0029728,6,684,839,100,78
8,533,673,Shia002231Vols,473,1246,1430,110,73
9,1,640,Zaydiyya0000098,658,367,1008,503,95
11,788,1027,Zaydiyya0000045,108,1276,1516,191,98
11,1027,1578,Zaydiyya0000045,109,1,539,431,95
12,123,480,Zaydiyya0000378,15,693,1014,150,42
12,6,307,Zaydiyya0000100,20,1302,1572,151,61
12,92,563,Zaydiyya0000100,155,993,1329,196,48
12,41,563,Zaydiyya0000100,406,1121,1348,70,14
12,41,277,Zaydiyya0000353,17,303,530,110,47
12,41,307,JK003502,1430,463,839,160,48
12,28,318,Zaydiyya0000046,12,1248,1470,154,64
12,48,282,Zaydiyya0000376Vols,717,738,961,108,50
12,41,297,Zaydiyya0000018,12,692,963,147,55
12,74,377,Zaydiyya0000018,66,156,808,181,31
12,41,401,Zaydiyya0000018,91,530,898,227,65
12,123,297,Shia004485,2,1044,1170,87,62
12,48,282,Zaydiyya0000398,245,93,332,120,56
12,52,282,Zaydiyya0000101,510,547,843,155,65
12,941,1544,Zaydiyya0000298,394,808,1323,344,66
12,101,282,Zaydiyya0000346,214,1070,1210,93,64
12,41,297,Shia003990,2,649,821,113,51
12,52,377,Zaydiyya0000474,112,941,1367,227,64
12,48,377,Zaydiyya0000474,113,905,1342,216,59
12,41,377,Zaydiyya0000474,115,360,745,200,55
12,41,377,Zaydiyya0000474,341,394,859,206,48
12,41,200,Zaydiyya0000086,197,1232,1583,118,42
12,41,394,Zaydiyya0000072,178,1205,1540,207,61
12,1010,1551,Zaydiyya0000045,61,540,1238,292,46
12,41,297,Zaydiyya0000148,116,866,1062,86,35
12,41,282,Zaydiyya0000148,155,1239,1494,143,58
13,1,197,Zaydiyya0000298,394,1323,1528,145,85
13,197,439,Zaydiyya0000298,395,1,242,183,85
13,1197,1635,Zaydiyya0000298,396,1,569,121,19
13,375,1248,Zaydiyya0000086,199,614,966,187,26
13,1,341,Zaydiyya0000045,61,1238,1604,264,88
13,1124,1263,Zaydiyya0000045,62,1387,1519,107,94
13,375,1105,Zaydiyya0000045,62,22,726,504,80
14,1095,1499,Zaydiyya0000100,330,861,1240,111,23
14,1,131,Zaydiyya0000298,396,569,711,89,68
14,261,972,Zaydiyya0000298,397,11,354,240,40
14,1371,1666,Zaydiyya0000090,512,36,218,99,41
14,1383,1663,Zaydiyya0000090,593,51,259,150,64
15,116,365,Zaydiyya0000100,330,1328,1542,152,73
15,116,365,Zaydiyya0000346,121,896,1063,123,61
15,724,857,Zaydiyya0000098,652,1329,1553,81,43
15,857,1137,Zaydiyya0000098,653,1,355,196,60
15,116,365,Zaydiyya0000351,49,282,503,145,66
15,58,511,Zaydiyya0000090,512,265,595,229,59
15,724,926,Zaydiyya0000090,513,1209,1577,136,44
15,926,1137,Zaydiyya0000090,514,1,343,168,59
16,1324,1429,Zaydiyya0000097,381,1321,1423,79,94
16,209,1591,Zaydiyya0000086,205,512,1376,535,48
16,209,660,Zaydiyya0000090,594,670,1166,166,28
17,39,421,Zaydiyya0000086,205,1315,1560,142,46
17,1077,1442,Zaydiyya0000086,206,46,240,153,50
18,1276,1489,Zaydiyya0000101,645,997,1206,90,44
21,365,538,JK000998,20,668,1162,117,29
24,1456,1586,Zaydiyya0000361,1168,1280,1421,101,90
24,1130,1276,Zaydiyya0000013,103,1108,1246,101,77
24,1130,1366,Zaydiyya0000045,161,1033,1335,105,31
26,165,587,Zaydiyya0000388,220,991,1429,326,90
26,567,701,Zaydiyya0000028,19,792,920,99,94
26,288,669,Zaydiyya0000037Vols,1994,74,761,184,28
26,567,741,Zaydiyya0000335,8,801,996,131,82
26,188,587,Zaydiyya0000148,103,680,1083,317,94
26,177,587,Zaydiyya0000148,516,782,1197,321,93
37,1068,1269,Zaydiyya0000298,267,271,757,136,35
37,1035,1269,Zaydiyya0000077Vols,633,493,852,140,47
37,1080,1263,Zaydiyya0000039,513,17,342,107,42
39,415,871,Zaydiyya0000098,656,1044,1523,278,61
39,482,894,Zaydiyya0000045,1,1216,1634,334,96
39,894,1706,Zaydiyya0000045,2,1,809,665,99
40,273,1354,Zaydiyya0000045,1,131,1212,872,99
40,1,273,Zaydiyya0000045,2,809,1081,221,100
40,1354,1566,Zaydiyya0000045,2,1081,1293,169,100
41,1003,1311,Shamela0007891,2377,1027,1240,122,46
41,994,1311,Shamela0011468BK1,3141,89,317,131,47
41,994,1341,Sham19Y0023625,2585,140,435,146,45
41,1,338,Zaydiyya0000045,2,1293,1629,273,99
41,338,1536,Zaydiyya0000045,3,1,1197,954,98
42,1,335,Zaydiyya0000045,3,1197,1531,269,100
42,335,1586,Zaydiyya0000045,4,1,1256,1015,99
43,1,339,Zaydiyya0000045,4,1256,1594,275,100
43,339,1560,Zaydiyya0000045,5,1,1225,984,99
44,1,336,Zaydiyya0000045,5,1225,1561,269,97
44,336,1640,Zaydiyya0000045,6,1,1305,1063,99
45,1,334,Zaydiyya0000045,6,1305,1645,272,97
45,334,1606,Zaydiyya0000045,7,1,1271,1027,99
45,802,963,Zaydiyya0000045,117,1321,1495,127,91
46,1,346,Zaydiyya0000045,7,1271,1616,284,100
46,346,1686,Zaydiyya0000045,8,1,1316,1068,96
47,1,365,Zaydiyya0000045,8,1316,1681,299,99
47,365,1653,Zaydiyya0000045,9,1,1290,1053,99
48,1,367,Zaydiyya0000045,9,1290,1656,302,100
48,367,1625,Zaydiyya0000045,10,1,1259,1020,99
49,1,315,Zaydiyya0000045,10,1259,1573,250,99
49,315,1677,Zaydiyya0000045,11,1,1364,1120,99
50,1,367,Zaydiyya0000045,11,1364,1730,304,100
50,367,1690,Zaydiyya0000045,12,1,1325,1083,99
51,1,327,Zaydiyya0000045,12,1325,1651,265,100
51,327,1596,Zaydiyya0000045,13,1,1276,1027,99
52,1,342,Zaydiyya0000045,13,1276,1617,281,99
52,342,1610,Zaydiyya0000045,14,1,1242,989,95
53,1,342,Zaydiyya0000045,14,1242,1583,278,100
53,342,1607,Zaydiyya0000045,15,1,1269,1026,99
54,1,322,Zaydiyya0000045,15,1269,1591,260,99
54,322,1553,Zaydiyya0000045,16,1,1232,990,99
55,212,471,Zaydiyya0000263,573,940,1180,148,66
55,1417,1533,Zaydiyya0000227,36,642,1035,79,24
55,1,312,Zaydiyya0000045,16,1232,1543,247,99
55,312,1533,Zaydiyya0000045,17,1,1223,979,99
56,1,323,Zaydiyya0000045,17,1223,1532,249,95
56,323,1542,Zaydiyya0000045,18,1,1220,980,99
57,1,310,Zaydiyya0000045,18,1220,1529,247,100
57,310,1570,Zaydiyya0000045,19,1,1260,1019,99
58,110,798,Zaydiyya0000038,220,1026,1563,220,33
58,1,326,Zaydiyya0000045,19,1260,1585,263,100
58,326,1505,Zaydiyya0000045,20,1,1178,939,99
59,1,361,Zaydiyya0000045,20,1178,1538,298,100
59,361,1632,Zaydiyya0000045,21,1,1271,1031,99
60,1,286,Zaydiyya0000045,21,1271,1556,222,100
60,286,1474,Zaydiyya0000045,22,1,1213,950,97
61,1,292,Zaydiyya0000045,22,1213,1502,227,98
61,292,1526,Zaydiyya0000045,23,1,1235,995,100
62,308,736,Zaydiyya0000265,1333,36,448,225,59
62,1,340,Zaydiyya0000045,23,1235,1574,278,100
62,340,1592,Zaydiyya0000045,24,1,1246,1007,99
63,651,1135,JK010635,120,954,1520,319,67
63,739,943,Zaydiyya0000037Vols,323,1235,1510,107,44
63,1,322,Zaydiyya0000045,24,1246,1567,259,100
63,322,1593,Zaydiyya0000045,25,1,1270,1027,99
64,1,311,Zaydiyya0000045,25,1270,1580,248,100
64,311,1534,Zaydiyya0000045,26,1,1218,981,99
65,1,340,Zaydiyya0000045,26,1218,1559,275,99
65,340,1558,Zaydiyya0000045,27,1,1252,972,96
66,1,295,Zaydiyya0000045,27,1252,1546,237,100
66,295,1652,Zaydiyya0000045,28,1,1359,1110,99
67,1,316,Zaydiyya0000045,28,1359,1674,258,100
67,316,1630,Zaydiyya0000045,29,1,1315,1069,99
68,1,311,Zaydiyya0000045,29,1315,1612,238,95
68,311,1619,Zaydiyya0000045,30,1,1312,1066,99
69,1,315,Zaydiyya0000045,30,1312,1626,256,100
69,315,1583,Zaydiyya0000045,31,1,1277,1017,97
69,911,1095,Zaydiyya0000063,1675,948,1149,132,83
70,1,301,Zaydiyya0000045,31,1277,1580,242,98
70,301,1557,Zaydiyya0000045,32,1,1256,1011,99
71,1252,1446,Zaydiyya0000265,1336,833,1002,130,84
71,1,334,Zaydiyya0000045,32,1256,1589,276,100
71,334,1615,Zaydiyya0000045,33,1,1281,1035,99
72,18,340,Zaydiyya0000298,364,738,1107,252,82
72,29,392,Zaydiyya0000086,200,1,413,278,82
72,18,198,Zaydiyya0000090,454,1344,1620,147,65
72,201,392,Zaydiyya0000090,455,1,192,151,94
72,1,326,Zaydiyya0000045,33,1281,1605,266,99
72,326,1589,Zaydiyya0000045,34,1,1256,1010,98
73,1407,1540,Zaydiyya0000265,1338,1,128,104,95
73,1202,1349,Zaydiyya0000570BK3,791,929,1082,99,77
73,1391,1540,Zaydiyya0000288,733,238,367,102,84
73,1,329,Zaydiyya0000045,34,1256,1584,269,100
73,329,1564,Zaydiyya0000045,35,1,1233,990,99
74,1,315,Zaydiyya0000045,35,1233,1547,254,100
74,315,1575,Zaydiyya0000045,36,1,1249,1007,98
75,1,325,Zaydiyya0000045,36,1249,1574,263,99
75,325,1548,Zaydiyya0000045,37,1,1223,981,99
76,1,323,Zaydiyya0000045,37,1223,1547,261,99
76,323,1600,Zaydiyya0000045,38,1,1285,1036,99
77,600,1175,Zaydiyya0000265,1343,723,1366,278,44
77,882,1194,Zaydiyya0000038,223,934,1345,206,58
77,1,305,Zaydiyya0000045,38,1285,1590,245,99
77,305,1569,Zaydiyya0000045,39,1,1268,1021,99
78,1,319,Zaydiyya0000045,39,1268,1585,260,99
78,319,1591,Zaydiyya0000045,40,1,1286,1029,98
78,1190,1394,Zaydiyya0000148,275,373,526,121,72
79,1,283,Zaydiyya0000045,40,1286,1567,224,99
79,283,1575,Zaydiyya0000045,41,1,1293,1044,99
80,1,308,Zaydiyya0000045,41,1293,1600,251,100
80,308,1613,Zaydiyya0000045,42,1,1305,1060,99
81,1,289,Zaydiyya0000045,42,1305,1596,231,97
81,289,1555,Zaydiyya0000045,43,1,1264,1019,99
81,603,808,Zaydiyya0000148,275,645,802,124,75
82,1,279,Zaydiyya0000045,43,1264,1542,222,100
82,279,1470,Zaydiyya0000045,44,1,1191,947,99
83,1,288,Zaydiyya0000045,44,1191,1478,229,99
83,288,1614,Zaydiyya0000045,45,1,1324,1077,99
84,1,318,Zaydiyya0000045,45,1324,1646,262,98
84,318,1650,Zaydiyya0000045,46,1,1335,1087,99
85,1,294,Zaydiyya0000045,46,1335,1628,225,90
85,294,1660,Zaydiyya0000045,47,1,1346,1097,98
86,1,306,Zaydiyya0000045,47,1346,1649,246,99
86,306,1666,Zaydiyya0000045,48,1,1361,1117,100
87,1,320,Zaydiyya0000045,48,1361,1680,262,100
87,320,1608,Zaydiyya0000045,49,1,1302,1044,98
88,947,1382,Zaydiyya0000265,1319,213,658,250,61
88,1,300,Zaydiyya0000045,49,1302,1605,244,98
88,300,1578,Zaydiyya0000045,50,1,1292,1029,98
89,1,274,Zaydiyya0000045,50,1292,1565,221,100
89,274,1538,Zaydiyya0000045,51,1,1265,1016,100
90,1,274,Zaydiyya0000045,51,1265,1538,219,99
90,274,1596,Zaydiyya0000045,52,1,1321,1065,99
91,1,273,Zaydiyya0000045,52,1321,1593,220,99
91,273,1595,Zaydiyya0000045,53,1,1326,1072,99
92,127,330,Zaydiyya0000265,1330,1,258,136,60
92,1,263,Zaydiyya0000045,53,1326,1589,214,99
92,263,1569,Zaydiyya0000045,54,1,1321,1053,98
93,1,235,Zaydiyya0000045,54,1321,1556,188,98
93,235,1594,Zaydiyya0000045,55,1,1363,1104,99
94,1,247,Zaydiyya0000045,55,1363,1608,201,99
94,247,1617,Zaydiyya0000045,56,1,1372,1110,99
95,623,1388,Shamela0010803,175,107,926,576,85
95,754,1388,Sham19Y0013241,1243,1,653,477,89
95,623,917,Sham19Y0013241,1843,182,463,203,81
95,623,1458,Sham19Y0132963,288,298,1188,589,80
95,623,1392,Shamela0026884,3,65,861,478,66
95,623,855,Sham19Y0016684,122,1308,1523,152,78
95,859,1458,Sham19Y0016684,123,1,667,432,81
95,623,1404,Shamela0004445,2146,529,1396,511,68
95,1007,1388,JK009408,1161,1,317,205,65
95,623,1392,Shamela0007891,6,410,1196,564,86
95,799,1103,Sham19Y0013605,306,10,347,232,84
95,1103,1388,Sham19Y0013605,307,180,493,217,88
95,996,1350,Sham19Y0014313,1933,660,844,95,31
95,712,917,Sham19Y0017903,183,454,661,147,82
95,623,1458,Shamela0025800,98,470,1386,608,80
95,623,1388,JK000475,510,195,1055,503,68
95,799,1388,JK000475,511,1,590,358,68
95,623,1388,ShamAY0033910,441,436,1301,510,69
95,623,1388,ShamAY0033910,442,37,785,442,62
95,623,1388,Shamela0001875,208,567,1350,562,86
95,623,1317,Shamela0001875,754,747,1478,511,82
95,623,1060,JK001304,301,947,1166,138,40
95,972,1369,Shia003714Vols,597,9,445,179,39
95,623,964,Shamela0023798,367,1108,1493,244,74
95,964,1388,Shamela0023798,368,1,235,125,32
95,639,1388,Shamela0011816,734,432,1239,483,69
95,623,870,Shamela0009784,1436,1238,1473,153,71
95,870,1388,Shamela0009784,1437,1,527,398,93
95,931,1045,Sham19Y0131521,828,959,1088,89,88
95,863,1388,Shia001731Vols,294,1,664,376,70
95,623,922,Sham19Y0016584,135,934,1219,201,79
95,875,1458,Sham19Y0016584,136,758,1369,384,75
95,1087,1392,Sham19Y0016584,137,464,969,129,31
95,712,941,Sham19Y0148486,1404,289,528,166,81
95,702,1404,Sham19Y0148486,4122,1,824,506,75
95,840,1396,JK009324,76,1,634,412,80
95,827,1388,Shia002156,69,1,556,383,76
95,623,847,JK000918,189,1026,1233,125,60
95,623,1388,Sham19Y0013252,633,668,1476,565,84
95,623,1458,Sham19Y0013252,634,171,1061,587,80
95,623,991,ShamAY0034005,91,866,1280,243,69
95,754,1458,Sham19Y0018106,149,5,799,507,78
95,712,941,Sham19Y0020591,201,950,1183,161,78
95,888,1388,Shamela0096178,42,1,357,234,55
95,644,1404,Shamela0007289,2321,540,1172,393,59
95,623,931,Shamela0009780,438,833,1132,208,78
95,833,1302,Shamela0009780,439,1022,1560,319,74
95,863,1384,ShamAY0031687,843,1,518,326,69
95,623,1095,Sham19Y0145435,5352,978,1471,327,79
95,1095,1404,Sham19Y0145435,5353,1,334,229,86
95,675,1388,Sham19Y0123510,1019,1,802,520,80
95,623,1313,Shamela0012981,1553,907,1450,346,56
95,675,1388,Shamela0005815,77,538,1351,505,75
95,623,1136,JK011302,215,973,1480,316,67
95,1136,1396,JK011302,216,1,279,195,87
95,623,1396,JK011302,534,17,791,507,74
95,635,1458,Sham19Y0127656,38,74,944,586,81
95,817,1458,Shamela0096283,17,1,670,449,79
95,644,1288,Sham19Y0013572,803,847,1486,484,91
95,623,1178,Sham19Y0001729,111,713,1339,350,63
95,623,1388,Sham19Y0001729,112,63,964,510,66
95,1019,1369,ShamAY0035035,7230,567,995,85,16
95,623,1161,JK000914,53,932,1489,390,83
95,1161,1404,JK000914,54,1,277,182,84
95,623,1404,JK007065,829,37,823,574,87
95,623,1388,Sham19Y0148271,173,415,1243,512,71
95,737,1404,Sham19Y0014309,63,8,752,463,71
95,623,1458,Shamela0021715,335,29,919,588,80
95,623,1504,Shamela0037837,110,267,1144,585,79
95,648,1369,Sham19Y0020638,32,695,1471,543,85
95,878,1458,Shia002943,228,52,386,128,24
95,623,875,Sham19Y0018176,85,1258,1501,168,77
95,875,1458,Sham19Y0018176,86,1,674,420,78
95,623,1388,Shamela0030022,2,326,1187,518,70
95,747,1388,Shia002158,256,6,801,461,72
95,623,1388,Shamela0026568,431,126,901,554,85
95,623,903,Shamela0000894,4333,861,1176,173,63
95,702,941,Sham19Y0020944,110,469,731,171,77
95,712,941,Shamela0001442,114,1129,1355,159,82
95,623,1369,Sham19Y0016636,6,544,1333,554,84
95,759,1404,Sham19Y0020587,282,1,509,311,55
95,878,1458,Shamela0009329,235,800,1139,127,24
95,623,1187,Shamela0005756,763,929,1508,406,82
95,1187,1396,Shamela0005756,764,1,238,152,82
95,931,1404,Shamela0008540,668,821,1334,357,87
95,623,1458,Sham19Y0018103,203,5,895,587,80
95,747,1388,Shamela0026579,17,6,821,462,71
95,644,1140,Shamela0004473,11940,706,953,177,43
95,652,1082,Shamela0036446,21,1144,1504,266,74
95,1082,1458,Shamela0036446,22,1,378,256,82
95,931,1302,ShamAY0034443,193,20,305,194,63
95,623,1373,Shamela0023685,452,720,1476,542,85
95,644,903,Shamela0009790,42,441,683,139,59
95,623,1388,Shamela0022547,2714,171,999,524,74
95,623,1161,JK000990,313,1181,1466,146,33
95,941,1388,Shamela0012045,397,22,473,343,94
95,623,980,JK000386,279,1151,1505,246,80
95,980,1463,JK000386,280,1,559,333,75
95,623,1458,JK000110,22,259,1148,587,80
95,1,221,Zaydiyya0000045,56,1372,1593,177,99
95,221,1512,Zaydiyya0000045,57,1,1304,1033,98
95,623,1308,JK000130,442,678,1461,449,66
95,623,1388,JK000130,443,270,1017,442,62
95,635,1060,Sham19Y0132524,78,912,1308,271,76
95,623,1241,Shamela0005803,2,726,1409,398,67
95,1245,1388,Shamela0005803,3,1,168,103,75
95,712,941,Sham19Y0146127,713,370,580,143,73
95,652,1388,Sham19Y0146127,2208,45,708,445,69
95,623,1140,Shamela0008658,828,892,1361,263,54
95,623,1458,Shamela0004289,200,453,1315,564,76
95,1019,1369,Sham19Y0038171,1952,816,1242,85,16
95,716,941,Shamela0117359,171,1,234,163,81
95,623,1388,Shamela0023163,39,676,1486,566,84
95,623,1126,Shamela0009810,550,971,1497,334,71
95,1130,1388,Shamela0009810,551,34,356,192,75
95,972,1388,Shamela0025794,2269,1,516,306,75
95,623,1388,ShamAY0034441,429,42,729,475,74
95,623,1065,JK000384,69,905,1421,282,62
95,1019,1388,JK000384,70,19,369,230,68
96,1,206,Zaydiyya0000045,57,1304,1509,164,100
96,206,1548,Zaydiyya0000045,58,1,1330,1068,98
97,1,221,Zaydiyya0000045,58,1330,1550,176,99
97,221,1537,Zaydiyya0000045,59,1,1321,1057,99
98,1,207,Zaydiyya0000045,59,1321,1524,161,98
98,207,1528,Zaydiyya0000045,60,1,1322,1063,100
99,985,1374,Shamela0029677,5,1249,1436,84,25
99,908,1548,Zaydiyya0000298,394,910,1432,329,58
99,992,1499,Zaydiyya0000086,199,1008,1225,67,16
99,1,201,Zaydiyya0000045,60,1322,1522,156,99
99,201,1570,Zaydiyya0000045,61,1,1368,1105,99
100,1040,1609,Zaydiyya0000298,395,1072,1526,245,48
100,92,329,Zaydiyya0000298,395,1,238,176,81
100,288,924,Zaydiyya0000086,199,620,907,146,28
100,1,242,Zaydiyya0000045,61,1368,1609,200,100
100,242,1609,Zaydiyya0000045,62,1,1371,1096,98
101,90,1326,Zaydiyya0000298,396,1,715,485,47
101,1,210,Zaydiyya0000045,62,1371,1580,169,100
101,210,1570,Zaydiyya0000045,63,1,1371,1090,98
102,85,484,Zaydiyya0000298,396,715,955,181,54
102,1,484,Zaydiyya0000276,210,673,1047,199,43
102,1,216,Zaydiyya0000045,63,1371,1586,176,99
102,216,1583,Zaydiyya0000045,64,1,1378,1099,98
103,853,1320,Zaydiyya0000263,570,337,786,280,66
103,1,170,Zaydiyya0000045,64,1378,1547,134,100
103,170,1576,Zaydiyya0000045,65,1,1409,1140,99
104,1,167,Zaydiyya0000045,65,1409,1574,131,98
104,167,1584,Zaydiyya0000045,66,1,1422,1148,99
105,1,188,Zaydiyya0000045,66,1422,1609,155,100
105,188,1588,Zaydiyya0000045,67,1,1399,1125,99
106,1093,1279,Zaydiyya0000275BK1,1235,928,1110,137,85
106,1,177,Zaydiyya0000045,67,1399,1564,132,93
106,177,1460,Zaydiyya0000045,68,1,1288,1018,99
107,1089,1404,Zaydiyya0000267,2178,406,715,143,46
107,1,170,Zaydiyya0000045,68,1288,1457,135,100
107,170,1590,Zaydiyya0000045,69,1,1423,1152,99
107,924,1404,Zaydiyya0000010,659,187,600,163,37
108,1,155,Zaydiyya0000045,69,1423,1589,125,92
108,155,1583,Zaydiyya0000045,70,1,1443,1152,98
109,1154,1430,Shia001237Vols,3259,689,955,198,88
109,1154,1521,Zaydiyya0000353,63,677,993,215,71
109,1154,1521,Zaydiyya0000353,93,145,517,231,76
109,1154,1430,Zaydiyya0000064,371,39,301,195,86
109,1154,1506,Zaydiyya0000064,671,1172,1515,213,75
109,1154,1430,Shia000812Vols,376,748,1010,195,86
109,1154,1521,Shia000812Vols,677,907,1278,231,77
109,1154,1392,Shamela0021476,22,636,851,113,51
109,1150,1430,Zaydiyya0000361,1173,1225,1482,184,78
109,1131,1521,Zaydiyya0000004,386,860,1353,222,55
109,1154,1528,Zaydiyya0000004,595,168,541,231,77
109,691,1122,Zaydiyya0000059,55,1016,1394,287,77
109,1127,1579,Zaydiyya0000015,2351,230,709,253,55
109,1147,1430,Shia001131Vols,345,848,1123,200,86
109,1154,1444,Shia001131Vols,385,79,357,201,86
109,1131,1430,Zaydiyya0000049,393,531,871,204,73
109,701,1475,Zaydiyya0000028,18,733,1594,500,65
109,1127,1425,Zaydiyya0000052,185,772,1485,202,35
109,1,118,Zaydiyya0000045,70,1443,1560,94,100
109,118,1594,Zaydiyya0000045,71,1,1485,1186,97
109,1127,1430,Zaydiyya0000010,656,393,739,210,74
109,1150,1399,JK000652,26,1007,1236,110,51
109,1007,1521,Zaydiyya0000328,340,718,1377,258,45
110,1,279,Sham19Y0035453,122,526,785,180,76
110,1,279,Sham19Y0035453,135,10,289,200,85
110,1,279,Shia002265Vols,5319,259,531,185,77
110,1,279,Shamela0001975,462,1070,1341,185,77
110,1,279,Sham19Y0037618,4410,311,582,185,77
110,1,279,Sham19Y0017903,48,258,523,180,75
110,1,279,Shamela0001438,2008,649,920,184,77
110,1,282,Shamela0025800,3439,584,940,200,68
110,1,282,Sham19Y0018144,223,855,1122,188,81
110,1,293,Shamela0009270,235,687,905,158,68
110,1,279,Shamela0022644,2556,15,287,186,77
110,1,279,Sham19Y0022884,282,182,453,185,77
110,1,282,Shia001731Vols,471,951,1228,187,78
110,65,282,Shia001731Vols,615,1,202,140,79
110,61,282,Shamela0021629,14,1176,1379,152,88
110,1,282,Shamela0021629,425,1128,1461,198,72
110,1,279,Shamela0021629,663,599,863,183,77
110,1,282,Shamela0021629,794,1211,1444,178,80
110,1,293,Sham19Y0148486,3384,1196,1414,158,68
110,1,279,JK007083,218,771,1040,184,76
110,35,279,Sham19Y0013223,701,1,236,172,90
110,1,279,Shamela0029967,97,856,1127,185,77
110,1,279,Sham19Y0127677,1326,1127,1399,176,74
110,1,279,Sham19Y0017757,178,448,720,186,77
110,622,957,Zaydiyya0000059,53,974,1431,253,67
110,1,276,Sham19Y0013572,1041,1154,1417,183,78
110,1,282,Shamela0006848,89,476,716,183,82
110,1,279,JK007065,973,845,1116,185,77
110,1,279,Shamela0012014,389,706,973,183,76
110,1,279,Sham19Y0017747,2248,34,303,186,78
110,1,279,Shamela0021659,610,570,836,185,78
110,1,279,Shia002261Vols,176,1084,1340,185,81
110,1,279,Sham19Y0020638,65,611,882,185,77
110,1,279,Sham19Y0017729,50,139,410,185,77
110,1,279,Shia001831Vols,74,329,601,185,77
110,1,279,Shamela0000140,2159,489,756,183,76
110,1,282,JK011598,23,60,313,176,74
110,1,279,ShamAY0033938,75,230,501,185,77
110,1,279,Sham19Y0122406,259,514,785,185,77
110,1,279,Shamela0021766,661,192,462,182,76
110,1,293,Shamela0004473,2727,29,315,192,78
110,1,279,Shamela0036446,717,440,716,199,86
110,1,276,Shamela0005922,2451,362,624,184,79
110,1,276,ShamIbadiyya0000438,1023,551,819,182,76
110,1,111,Zaydiyya0000045,71,1485,1595,89,100
110,111,1522,Zaydiyya0000045,72,1,1414,1113,97
110,1,279,Shamela0011290,17,1225,1496,185,77
110,1,279,Shamela0021590,1449,576,848,186,77
110,1,279,Shamela0021590,1450,864,1223,185,60
110,1,276,Shamela0000432,5400,743,1018,193,84
110,1,282,ShamAY0032665,223,866,1133,188,81
110,1,279,Shamela0004289,67,725,996,185,77
110,1,279,Sham19Y0017616,233,740,993,171,75
110,1,282,Shamela0009810,862,995,1272,187,78
111,1,109,Zaydiyya0000045,72,1414,1522,87,100
111,109,1471,Zaydiyya0000045,73,1,1365,1082,99
112,124,377,Zaydiyya0000570BK3,3550,512,794,122,46
112,100,1578,Zaydiyya0000045,74,1,1483,1195,99
113,106,1604,Zaydiyya0000045,75,1,1507,1214,99
114,93,1665,Zaydiyya0000045,76,1,1573,1288,99
115,92,1593,Zaydiyya0000045,77,1,1507,1213,99
116,912,1265,Shamela0010906,399,1114,1374,191,66
116,955,1265,Tafsir09084,2258,1,298,230,92
116,912,1265,Shamela0004445,1749,523,848,244,85
116,912,1265,Shia003714Vols,475,276,609,250,87
116,912,1265,Shamela0008473,4397,157,488,247,86
116,912,1265,Shamela0001719,2176,537,835,190,59
116,912,1265,Sham19Y0013667,5153,347,637,180,57
116,912,1265,Shia003616Vols,4949,310,591,207,73
116,912,1265,Shamela0035100,215,205,465,191,66
116,1065,1265,Shamela0006864,1404,1,178,141,88
116,1077,1265,Shia003656Vols,1064,1222,1364,99,64
116,912,1265,Shamela0007798,8382,946,1251,224,78
116,949,1265,Shamela0023833,678,1,289,226,89
116,90,1593,Zaydiyya0000045,78,1,1505,1214,99
116,912,1265,ShamAY0034441,317,148,439,205,70
117,283,651,Zaydiyya0000570BK3,3608,592,942,153,38
117,77,1585,Zaydiyya0000045,79,1,1509,1217,99
118,78,1555,Zaydiyya0000045,80,1,1491,1177,97
119,379,630,Zaydiyya0000570BK3,816,959,1189,138,68
119,337,1022,Zaydiyya0000028,64,318,987,251,30
119,72,1647,Zaydiyya0000045,81,1,1595,1284,98
120,56,1649,Zaydiyya0000045,82,1,1593,1299,99
121,1166,1374,Zaydiyya0000028,65,1302,1510,153,87
121,66,1639,Zaydiyya0000045,83,1,1571,1269,98
122,1085,1278,Zaydiyya0000028,67,169,415,134,64
122,67,1572,Zaydiyya0000045,84,1,1473,1185,97
123,83,1521,Zaydiyya0000045,85,1,1438,1152,99
124,1107,1595,Zaydiyya0000059,55,246,721,386,95
124,92,1599,Zaydiyya0000045,86,1,1508,1223,99
125,13,285,Zaydiyya0000059,55,730,982,190,80
125,272,890,Zaydiyya0000275BK1,1234,780,1549,199,25
125,105,1597,Zaydiyya0000045,87,1,1498,1210,99
126,736,951,Zaydiyya0000275BK1,1235,158,367,157,87
126,104,1643,Zaydiyya0000045,88,1,1539,1254,99
127,99,1515,Zaydiyya0000045,89,1,1419,1128,99
128,77,1531,Zaydiyya0000045,90,1,1467,1171,98
129,82,1564,Zaydiyya0000045,91,1,1484,1200,99
130,83,1553,Zaydiyya0000045,92,1,1470,1184,99
131,77,1574,Zaydiyya0000045,93,1,1505,1208,98
132,79,1639,Zaydiyya0000045,94,1,1560,1269,99
133,78,1603,Zaydiyya0000045,95,1,1529,1241,99
134,69,1541,Zaydiyya0000045,96,1,1472,1183,99
135,75,1581,Zaydiyya0000045,97,1,1509,1216,99
136,78,1588,Zaydiyya0000045,98,1,1509,1217,99
137,1217,1534,Zaydiyya0000028,19,797,1413,222,43
137,82,1555,Zaydiyya0000045,99,1,1474,1189,100
138,75,1533,Zaydiyya0000045,100,1,1457,1165,98
139,81,1552,Zaydiyya0000045,101,1,1488,1180,98
140,69,1585,Zaydiyya0000045,102,1,1522,1220,98
141,48,1577,Zaydiyya0000045,103,1,1532,1236,99
142,51,1581,Zaydiyya0000045,104,1,1541,1237,99
143,26,1605,Zaydiyya0000045,105,1,1580,1280,99
144,29,1599,Zaydiyya0000045,106,1,1583,1273,98
145,24,1630,Zaydiyya0000045,107,1,1621,1310,99
146,16,1325,Zaydiyya0000045,108,1,1308,1000,94
148,689,1350,Zaydiyya0000045,110,1,659,523,96
148,1252,1629,Zaydiyya0000045,111,922,1449,266,62
149,1,186,Zaydiyya0000045,111,1449,1634,155,100
149,618,1138,Zaydiyya0000045,113,559,1066,403,95
149,735,1015,Zaydiyya0000045,115,165,668,113,28
149,1399,1588,Zaydiyya0000045,116,912,1214,122,48
149,1271,1380,Zaydiyya0000045,116,111,221,85,96
150,1,232,Zaydiyya0000045,116,1214,1481,168,77
150,335,1255,Zaydiyya0000045,120,566,1525,701,89
150,1255,1459,Zaydiyya0000045,121,1,199,146,89
151,1,154,Zaydiyya0000045,121,1273,1426,118,96
151,291,501,Zaydiyya0000045,122,1309,1520,153,85
151,908,1661,Zaydiyya0000045,123,124,959,485,64
152,573,748,Zaydiyya0000104,34,203,408,143,83
152,579,754,Zaydiyya0000104,51,374,579,142,82
152,1,392,Zaydiyya0000045,123,959,1360,318,97
152,392,1174,Zaydiyya0000045,124,793,1590,611,92
152,1174,1312,Zaydiyya0000045,125,1,139,106,97
155,426,934,Zaydiyya0000045,128,140,649,408,98
155,1386,1555,Zaydiyya0000045,129,1,366,137,45
166,367,1408,Zaydiyya0000045,109,692,1699,755,86
166,1408,1695,Zaydiyya0000045,110,1,286,234,97
167,552,891,JK010635,76,622,954,230,85
167,527,831,Zaydiyya0000265,1316,1269,1559,153,55
167,1,1268,Zaydiyya0000045,110,286,1577,985,93
167,1268,1540,Zaydiyya0000045,111,1,272,221,99
168,1,1378,Zaydiyya0000045,111,272,1634,1078,94
168,1378,1596,Zaydiyya0000045,112,1,216,168,98
169,1,1182,Zaydiyya0000045,112,216,1470,922,92
169,1182,1493,Zaydiyya0000045,113,1,307,244,97
169,307,497,Zaydiyya0000045,131,1182,1484,55,18
170,1,1281,Zaydiyya0000045,113,307,1547,965,91
170,1281,1549,Zaydiyya0000045,114,1,276,215,97
170,372,651,Zaydiyya0000045,115,165,668,111,28
171,299,1005,Zaydiyya0000265,1318,521,1009,312,50
171,1,1240,Zaydiyya0000045,114,276,1527,983,97
171,1240,1526,Zaydiyya0000045,115,1,283,226,98
172,910,1240,Zaydiyya0000384,98,471,822,203,60
172,1,1248,Zaydiyya0000045,115,283,1547,988,96
172,1248,1573,Zaydiyya0000045,116,1,335,256,94
173,1,1248,Zaydiyya0000045,116,335,1571,964,93
173,1248,1572,Zaydiyya0000045,117,10,329,240,92
174,1017,1245,Zaydiyya0000045,7,469,683,150,76
174,1,1196,Zaydiyya0000045,117,329,1500,923,96
174,1196,1524,Zaydiyya0000045,118,1,327,263,99
175,1,1162,Zaydiyya0000045,118,327,1556,921,92
175,1162,1552,Zaydiyya0000045,119,1,392,312,98
176,1,1147,Zaydiyya0000045,119,392,1566,905,93
176,1147,1564,Zaydiyya0000045,120,1,420,318,91
176,316,572,Zaydiyya0000045,137,622,1145,78,14
177,1,1116,Zaydiyya0000045,120,420,1525,855,93
177,1116,1529,Zaydiyya0000045,121,1,385,289,87
178,261,698,Zaydiyya0000275BK1,1228,1,427,318,84
178,1,1189,Zaydiyya0000045,121,385,1569,944,97
178,1189,1559,Zaydiyya0000045,122,1,364,285,96
179,1,1199,Zaydiyya0000045,122,364,1549,934,95
179,1199,1539,Zaydiyya0000045,123,1,341,270,99
179,1117,1317,Zaydiyya0000045,138,1050,1410,53,17
180,1,1205,Zaydiyya0000045,123,341,1563,955,96
180,1205,1571,Zaydiyya0000045,124,1,357,280,94
181,629,808,Zaydiyya0000104,34,203,408,146,85
181,635,814,Zaydiyya0000104,51,374,579,145,84
181,5,1234,Zaydiyya0000045,124,360,1590,949,92
181,1234,1578,Zaydiyya0000045,125,1,408,267,82
181,17,242,Zaydiyya0000045,139,683,856,70,29
182,1,1127,Zaydiyya0000045,125,408,1540,872,93
182,1127,1552,Zaydiyya0000045,126,1,440,322,87
183,1,1035,Zaydiyya0000045,126,440,1488,809,96
183,1035,1474,Zaydiyya0000045,127,1,458,350,95
184,1,1041,Zaydiyya0000045,127,458,1527,794,90
184,1041,1552,Zaydiyya0000045,128,1,489,375,88
185,1,1063,Zaydiyya0000045,128,489,1555,827,94
185,1063,1556,Zaydiyya0000045,129,1,490,391,98
186,1,1238,Zaydiyya0000045,129,490,1612,787,75
187,203,1538,Zaydiyya0000045,130,188,1658,1075,88
188,1087,1385,Zaydiyya0000045,112,573,766,65,25
188,1,1461,Zaydiyya0000045,131,133,1559,1136,96
188,104,324,Zaydiyya0000045,143,1286,1544,172,81
188,348,1181,Zaydiyya0000045,144,251,1392,328,31
188,1098,1473,Zaydiyya0000045,145,392,859,171,39
189,1,712,Zaydiyya0000045,132,73,780,572,99
189,712,1569,Zaydiyya0000045,133,74,944,687,97
189,259,712,Zaydiyya0000045,146,353,779,175,37
189,841,1180,Zaydiyya0000045,147,1032,1441,150,40
189,1226,1457,Zaydiyya0000045,148,5,244,184,95
190,1,572,Zaydiyya0000045,133,944,1525,452,96
190,572,1441,Zaydiyya0000045,134,1,860,685,97
190,1,506,Zaydiyya0000045,148,870,1305,126,22
191,923,1518,Zaydiyya0000045,115,654,1117,123,18
191,1,678,Zaydiyya0000045,132,888,1569,525,95
191,763,1484,Zaydiyya0000045,134,860,1576,566,95
192,1,1419,Zaydiyya0000045,135,82,1530,1070,91
192,1419,1547,Zaydiyya0000045,136,1,129,104,100
192,1026,1195,Zaydiyya0000045,149,1041,1528,107,26
192,125,880,Zaydiyya0000045,149,59,454,213,34
192,1412,1547,Zaydiyya0000045,150,195,330,109,100
193,1,1460,Zaydiyya0000045,136,129,1588,1126,92
193,1460,1595,Zaydiyya0000045,137,5,152,110,91
193,1,180,Zaydiyya0000045,150,330,509,140,96
193,198,1266,Zaydiyya0000045,151,219,1168,413,43
194,454,973,Zaydiyya0000045,119,707,983,75,16
194,1,1331,Zaydiyya0000045,137,152,1509,1042,94
194,1361,1542,Zaydiyya0000045,138,4,185,139,94
195,1212,1537,Zaydiyya0000045,123,84,322,90,32
195,1,1355,Zaydiyya0000045,138,185,1531,1024,91
195,1355,1542,Zaydiyya0000045,139,1,197,150,93
196,495,673,Zaydiyya0000045,124,372,585,73,31
196,1,1366,Zaydiyya0000045,139,197,1498,1011,92
196,1372,1498,Zaydiyya0000045,140,1,122,98,96
196,678,1475,Zaydiyya0000045,156,550,1266,266,32
197,1,1525,Zaydiyya0000045,140,122,1583,1131,90
197,1075,1521,Zaydiyya0000045,157,795,1314,221,45
198,1,1264,Zaydiyya0000045,141,36,1557,894,69
198,1264,1569,Zaydiyya0000045,142,1,304,240,98
198,1228,1569,Zaydiyya0000045,158,375,584,122,44
199,934,1623,Zaydiyya0000106,5,1308,1530,174,30
199,1,228,Zaydiyya0000045,142,304,527,174,93
206,634,1659,Zaydiyya0000045,142,465,1519,780,88
207,1432,1580,Zaydiyya0000045,131,236,340,83,70
207,1,143,Zaydiyya0000045,142,1519,1662,113,97
207,143,1580,Zaydiyya0000045,143,1,1434,1158,99
208,1,1539,Zaydiyya0000045,131,340,1280,415,30
208,1,146,Zaydiyya0000045,143,1434,1579,116,100
208,146,1550,Zaydiyya0000045,144,1,1403,1116,98
209,250,569,Shia004025,96,685,992,209,76
209,258,469,Shia001404,24,136,346,131,74
209,258,469,JK001324,7,279,499,140,76
209,250,569,Shia004501Vols,930,1050,1347,218,84
209,250,480,Shia004525,24,1025,1237,156,83
209,258,469,Shamela0002569,794,130,326,130,76
209,314,663,Shamela0036475,17,845,1199,145,43
209,258,569,Shamela0008353,877,500,776,158,62
209,536,998,Zaydiyya0000045,131,1182,1559,165,36
209,1,153,Zaydiyya0000045,144,1403,1556,122,99
209,153,1525,Zaydiyya0000045,145,1,1371,1093,99
209,250,569,Shamela0021608,1699,377,669,203,75
210,491,1048,Zaydiyya0000045,132,331,858,238,41
210,1,137,Zaydiyya0000045,145,1371,1507,107,100
210,137,1542,Zaydiyya0000045,146,1,1416,1097,94
211,1181,1420,Zaydiyya0000045,133,205,441,99,43
211,1,152,Zaydiyya0000045,146,1416,1567,122,99
211,152,1561,Zaydiyya0000045,147,1,1412,1128,99
212,915,1453,Zaydiyya0000045,133,832,1459,204,30
212,1,386,Zaydiyya0000045,133,518,832,235,71
212,1,146,Zaydiyya0000045,147,1412,1557,116,99
212,149,1551,Zaydiyya0000045,148,5,1403,1121,99
213,235,626,Zaydiyya0000045,135,211,994,206,31
213,1,173,Zaydiyya0000045,148,1403,1575,142,98
213,173,1633,Zaydiyya0000045,149,1,1452,1169,98
214,360,667,Zaydiyya0000045,136,1,301,233,93
214,1,158,Zaydiyya0000045,149,1452,1609,127,100
214,158,1558,Zaydiyya0000045,150,1,1402,1116,98
215,545,1315,Zaydiyya0000045,136,518,1396,373,46
215,1,148,Zaydiyya0000045,150,1402,1547,116,98
215,148,1526,Zaydiyya0000045,151,1,1379,1082,97
216,1,143,Zaydiyya0000045,151,1379,1514,107,95
216,143,1535,Zaydiyya0000045,152,1,1389,1113,98
217,1,165,Zaydiyya0000045,152,1389,1553,134,100
217,165,1588,Zaydiyya0000045,153,1,1410,1133,97
218,1,177,Zaydiyya0000045,153,1410,1585,139,96
218,177,1551,Zaydiyya0000045,154,1,1331,1058,95
219,1,237,Zaydiyya0000045,154,1331,1568,194,97
219,237,1584,Zaydiyya0000045,155,1,1341,1071,98
220,724,1340,Zaydiyya0000045,139,861,1505,192,28
220,1,194,Zaydiyya0000045,155,1341,1535,155,99
220,194,1540,Zaydiyya0000045,156,1,1363,1063,96
221,151,1476,Zaydiyya0000045,140,409,1579,385,27
221,1,162,Zaydiyya0000045,156,1363,1524,126,100
221,162,1557,Zaydiyya0000045,157,1,1395,1117,98
222,406,594,Zaydiyya0000045,141,1194,1557,93,26
222,594,1228,Zaydiyya0000045,142,1,625,205,30
222,1,185,Zaydiyya0000045,157,1395,1579,148,99
222,185,1560,Zaydiyya0000045,158,1,1328,1056,94
223,1,241,Zaydiyya0000045,158,1328,1568,197,100
223,241,1589,Zaydiyya0000045,159,1,1351,1073,98
224,1,237,Zaydiyya0000045,159,1359,1601,192,96
228,929,1371,Zaydiyya0000045,119,860,1532,281,48
230,1106,1587,Zaydiyya0000045,122,169,777,354,70
231,1447,1680,Zaydiyya0000045,124,194,484,176,73
237,409,876,Zaydiyya0000081,32,135,454,216,55
238,1107,1237,Shamela0029677,40,833,963,103,98
238,1107,1237,Sham19Y0122096,1197,1282,1413,104,98
240,941,1279,Zaydiyya0000098,656,1185,1523,265,93
240,955,1302,Zaydiyya0000045,1,1292,1634,281,96
240,1302,1519,Zaydiyya0000045,2,1,196,159,87
241,792,1381,Zaydiyya0000098,657,1,264,190,38
242,768,954,Shamela0009567,459,919,1114,136,86
242,302,571,Sham19Y0035453,315,455,671,143,62
242,358,518,Zaydiyya0000259,362,1333,1500,120,89
242,302,498,Sham19Y0016684,411,817,1021,154,91
242,326,498,Shia002265Vols,1764,88,268,134,89
242,792,954,Shia002265Vols,1765,177,326,111,87
242,777,944,Shia002069Vols,391,1,167,114,79
242,768,954,Shamela0001975,817,202,414,123,70
242,768,944,Shamela0021809,2858,345,522,133,91
242,306,560,Kraken210323052137,37,13,201,83,39
242,302,470,Shamela0000107,3335,831,996,125,89
242,577,1005,Sham19Y0017437,1630,721,1324,260,51
242,331,498,Sham19Y0013605,1299,760,935,135,95
242,302,498,Sham19Y0014313,1448,727,931,154,91
242,768,944,Shamela0001733,1807,270,439,125,84
242,577,969,Sham19Y0122257,2210,225,703,179,37
242,326,498,Shamela0001438,2706,469,659,138,90
242,777,944,Shamela0001438,3381,173,331,115,85
242,302,498,Shamela0025800,1463,581,782,154,92
242,302,571,JK000475,1949,133,557,190,55
242,768,944,ShamIbadiyya0000074,1692,1222,1388,121,86
242,302,571,ShamAY0035249,86,579,1008,190,55
242,792,921,JK007006,1535,667,856,90,57
242,351,498,Sham19Y0016584,905,1052,1202,119,98
242,302,498,ShamAY0000351,62,594,793,154,93
242,326,498,Shamela0021629,535,643,815,111,66
242,326,498,Shamela0021629,578,460,632,139,100
242,609,1005,Shamela0021629,664,1,398,222,62
242,792,950,Shamela0021629,800,83,244,122,95
242,302,498,Sham19Y0013252,1918,313,517,154,91
242,302,498,Sham19Y0018106,788,1083,1287,154,91
242,302,601,Sham19Y0013223,750,1152,1457,171,59
242,302,498,Sham19Y0013223,763,954,1158,154,91
242,302,707,Sham19Y0013223,822,513,950,216,53
242,577,944,Sham19Y0013223,824,72,659,236,49
242,950,1352,Sham19Y0013223,825,962,1307,167,44
242,297,596,Shamela0009780,565,433,731,174,68
242,792,944,Sham19Y0018272,1943,801,986,109,69
242,750,974,ShamIbadiyya0000109,6289,1190,1422,151,75
242,738,954,Sham19Y0127677,1888,575,771,127,73
242,302,498,Shamela0096283,95,433,637,154,91
242,274,944,JK007054,150,362,918,247,40
242,302,498,Sham19Y0001729,1545,120,321,149,89
242,768,944,Zaydiyya0000342,897,372,558,129,81
242,504,974,Zaydiyya0000035,34,886,1177,164,42
242,1106,1476,Zaydiyya0000035,36,1073,1491,167,45
242,302,482,ShamAY0035035,4802,1200,1496,134,55
242,792,954,ShamAY0035035,7015,1050,1202,109,81
242,302,596,Shamela0012014,90,552,872,162,51
242,302,596,Shamela0012014,174,1126,1440,166,53
242,777,944,Sham19Y0148271,821,1,161,118,83
242,673,959,JK001103,48,445,764,155,57
242,326,498,Shamela0021659,938,8,197,138,90
242,372,498,Shamela0021715,1569,1,130,102,97
242,326,498,Shamela0021715,1570,910,1508,130,27
242,302,498,Shamela0037837,235,1042,1268,134,66
242,302,498,Shia002261Vols,302,574,794,144,82
242,792,944,Shia002261Vols,372,221,360,110,91
242,302,498,Sham19Y0018176,420,635,839,154,91
242,302,498,Shamela0000140,646,194,478,151,65
242,302,498,Sham19Y0009763,36,47,251,154,91
242,768,944,Shamela0006610,1106,1204,1371,128,90
242,302,523,Shamela0003055,4536,1288,1512,167,90
242,768,894,Shamela0021660,4616,613,727,88,90
242,302,498,Sham19Y0014592,372,1083,1279,152,94
242,306,528,Shamela0021537,835,1,231,159,85
242,302,523,Shamela0021537,1119,302,526,167,90
242,302,528,Shamela0021537,1624,985,1212,167,88
242,302,498,Shamela0021537,2046,799,1002,151,89
242,326,528,Shamela0021537,2342,795,1002,149,87
242,326,528,Shamela0021537,4428,269,476,149,87
242,302,528,Shamela0021537,6093,207,441,162,85
242,302,498,Shamela0021537,6419,1016,1219,151,89
242,302,498,Shamela0006947,2599,1016,1215,149,88
242,326,498,Shamela0006947,21701,78,250,139,100
242,768,969,Shamela0008360,560,1058,1306,146,75
242,311,498,Shamela0008176,4711,1042,1255,144,84
242,768,944,Shamela0008176,4739,1342,1528,133,87
242,792,894,Shamela0008176,4766,757,867,78,91
242,302,498,Shamela0001467,105,294,541,152,75
242,302,498,Kraken210323052121,216,415,619,154,91
242,326,498,Kraken210323052121,347,416,593,139,97
242,326,498,Shamela0005756,3831,1,176,134,92
242,302,498,Sham19Y0018103,899,84,283,149,88
242,302,489,Shamela0004473,591,1360,1559,144,87
242,302,523,Shamela0004473,1143,1179,1446,166,78
242,577,787,Shia001782Vols,1677,109,554,128,35
242,768,944,Shia001782Vols,1681,1127,1305,135,92
242,768,969,Shamela0009242,3864,490,721,144,79
242,792,954,Sham19Y0122096,3629,215,364,110,87
242,302,498,JK000110,215,685,889,154,91
242,683,969,Sham19Y0145212,2351,23,335,153,50
242,302,536,Sham19Y0146127,2098,397,664,164,75
242,302,498,Shamela0000432,1072,746,959,153,87
242,577,894,Shia002264,758,510,811,148,52
242,950,1377,Shia002264,759,226,550,188,52
242,768,944,JK001412,109,746,917,129,88
242,302,498,Shamela0012293,4912,856,1052,154,95
242,302,498,Sham19Y0038171,1219,531,844,146,56
242,792,954,Sham19Y0038171,1895,964,1116,109,81
242,321,498,Shamela0008381,5677,1,188,143,94
242,792,894,JK005004,513,1353,1451,66,75
242,768,944,Shamela0025794,4210,472,650,134,91
242,269,498,JK009390,1637,718,964,157,79
242,302,498,ShamAY0035250,15,416,620,154,91
243,1436,1652,JK000030,109,470,779,131,50
243,1375,1652,Sham19Y0037618,1651,37,407,152,47
243,1436,1652,Sham19Y0014313,1078,697,1027,143,53
243,1253,1652,Shamela0025800,2499,350,1080,192,30
243,1436,1652,Shamela0037458,251,1321,1502,117,65
243,1482,1652,Shamela0001875,625,10,143,91,66
243,1375,1652,Shamela0011816,117,803,1106,139,46
243,1253,1652,Shia002616Vols,577,679,1000,176,53
243,1467,1652,ShamAY0034005,343,1,280,112,48
243,1127,1652,Shamela0009795,262,63,345,117,23
243,1253,1652,Sham19Y0013223,1260,591,1109,243,53
243,1253,1652,Sham19Y0018272,198,893,1069,108,33
243,1253,1652,Sham19Y0018272,885,501,650,95,30
243,1375,1652,Shamela0012981,1590,15,362,138,50
243,1375,1652,JK000977,826,679,1002,138,48
243,1289,1652,Sham19Y0013572,770,36,417,165,46
243,1371,1652,ShamAY0035035,6409,85,313,89,35
243,1436,1652,JK007065,807,262,589,144,54
243,1436,1652,Sham19Y0148271,137,152,448,128,55
243,1436,1652,ShamAY0034054,248,759,948,136,74
243,1253,1652,JK007107,335,359,713,96,20
243,1436,1652,Shia001764Vols,1029,16,357,148,52
243,1253,1652,Sham19Y0145411,843,956,1106,39,10
243,1436,1652,Shamela0023623,260,373,562,136,74
243,1375,1652,Shamela0006610,400,81,488,148,45
243,1436,1652,Sham19Y0014592,2814,1078,1426,146,51
243,1436,1652,ShamAY0033938,485,940,1268,143,53
243,1436,1652,Sham19Y0122406,1348,797,1127,143,53
243,307,702,Zaydiyya0000098,657,248,546,234,72
243,1448,1652,Shamela0036446,1270,1,218,108,49
243,1253,1652,Shamela0022547,1413,357,1120,224,33
243,1253,1652,ShamAY0034134,1056,54,525,107,20
243,1458,1652,Shamela0009823,341,7,325,129,49
243,1375,1652,Sham19Y0132524,809,877,1259,156,48
243,1253,1652,Shamela0000432,4581,1053,1219,89,28
243,1253,1652,Shamela0000432,4722,315,520,88,28
243,1289,1652,JK000083,98,709,992,117,30
243,1354,1652,Shia002264,601,1,174,95,38
243,1482,1652,Shamela0004289,770,6,139,93,67
243,1436,1652,Sham19Y0017616,127,994,1323,146,54
243,1371,1652,Sham19Y0038171,1704,325,553,89,35
243,1253,1652,Sham19Y0038171,2447,15,348,106,24
243,1436,1652,JK001429,24,1003,1307,109,38
243,1436,1652,ShamAY0033760,420,252,583,150,53
243,1436,1652,Shamela0010922,38,685,897,144,82
244,1155,1632,Shamela0026884,98,31,697,359,64
244,1155,1501,Sham19Y0035453,59,782,1134,270,93
244,1482,1632,Sham19Y0035453,61,916,1065,115,92
244,912,1142,JK009408,30,28,231,151,82
244,1213,1477,Shia002265Vols,722,1,248,187,85
244,1155,1477,JK000022,3061,1074,1362,227,86
244,1155,1352,Sham19Y0037618,4759,1314,1509,153,95
244,1155,1530,Sham19Y0036110,114,985,1347,268,86
244,766,1142,Sham19Y0017903,940,945,1272,200,58
244,1192,1370,Shamela0001438,3477,1370,1534,133,92
244,1482,1632,Shamela0021654,1326,887,1053,113,81
244,780,1179,ShamAY0000351,114,817,1292,266,68
244,920,1632,Shamela0021629,762,122,1063,541,68
244,912,1179,Shamela0036543,2159,701,999,197,81
244,907,1227,Shamela0008612,126,153,483,194,70
244,1155,1447,Sham19Y0013223,871,1172,1460,234,97
244,1447,1632,Sham19Y0013223,872,1,241,141,71
244,963,1142,Shamela0010639,329,1,175,140,97
244,1186,1486,Sham19Y0127677,1023,1084,1372,230,93
244,1186,1477,Sham19Y0127677,1956,292,579,223,90
244,920,1122,Sham19Y0017791,1667,1113,1369,150,69
244,1155,1477,Sham19Y0017817,79,252,554,238,90
244,1155,1477,Shamela0007266,151,343,661,259,98
244,1155,1477,Shamela0006848,48,1267,1528,203,75
244,912,1179,Zaydiyya0000035,33,331,656,202,78
244,1155,1491,Shamela0009074,28,868,1198,261,95
244,766,1142,Shamela0012014,65,262,660,216,57
244,1155,1491,Sham19Y0017878,139,698,1012,250,91
244,928,1142,Shamela0021821,517,528,759,166,87
244,912,1155,Shamela0006610,1167,280,527,183,90
244,1486,1632,Shamela0003055,3983,1100,1242,105,89
244,1223,1477,Shamela0021660,4682,314,583,172,69
244,1155,1477,Sham19Y0014592,2027,19,312,233,87
244,912,1142,Shamela0010480,37,277,499,169,90
244,920,1142,Shamela0008176,6325,951,1268,173,66
244,468,907,Zaydiyya0000098,657,551,989,355,97
244,853,1179,Zaydiyya0000037Vols,2705,1,765,255,41
244,823,1142,Sham19Y0133367,138,176,549,188,60
244,1007,1482,Shamela0021766,1757,1,535,347,76
244,1000,1150,Sham19Y0017798,539,1,137,102,86
244,988,1477,Shamela0008207,12,117,731,350,68
244,920,1150,Shamela0004473,10569,140,366,179,96
244,1482,1632,Shamela0004473,13327,82,227,115,94
244,1155,1482,Shia001782Vols,2482,1149,1438,229,85
244,816,1142,Shamela0036446,1066,677,1115,211,60
244,1155,1464,Shia002034Vols,347,1167,1441,223,88
244,1033,1496,Shamela0010541,18,1144,1596,250,51
244,956,1197,Sham19Y0023625,2430,535,760,163,83
244,912,1150,Shamela0000432,4249,385,657,171,77
244,1186,1632,Shia002264,396,515,951,335,92
244,1286,1477,Shia002264,776,1164,1327,134,85
244,1000,1150,ShamAY0038516,74,1,181,116,78
244,755,1136,Shamela0025794,12,1045,1409,205,56
244,1186,1632,Shamela0008648,708,114,716,331,67
244,1159,1496,JK009390,2019,329,650,237,83
244,1159,1491,JK009390,3471,177,490,225,79
245,86,374,Sham19Y0035453,62,1054,1451,216,66
245,1178,1517,Sham19Y0016934,6340,16,511,176,44
245,86,281,Shamela0003118,5274,191,385,149,93
245,572,730,Sham19Y0017063,883,820,1183,108,36
245,86,276,Sham19Y0036110,53,702,903,152,93
245,86,276,JK000916,18250,592,779,145,94
245,86,276,Shamela0012862,823,1069,1272,152,91
245,54,374,Shamela0021629,763,662,1063,228,70
245,959,1343,Shamela0036543,2145,864,1476,134,20
245,1370,1517,Shamela0036543,2146,119,342,114,65
245,54,374,Shamela0036543,2160,336,678,207,69
245,1178,1343,Sham19Y0013223,827,1175,1428,118,58
245,1357,1507,Sham19Y0013223,828,13,202,96,62
245,86,374,Sham19Y0013223,873,692,1094,223,67
245,102,254,Shamela0007266,154,706,855,116,91
245,54,374,Zaydiyya0000059,1410,719,1082,196,60
245,86,276,Sham19Y0001729,174,383,586,150,90
245,1178,1343,Shamela0012014,176,134,665,118,27
245,1178,1343,JK001103,2,749,1283,100,22
245,54,281,Shamela0006610,1167,913,1127,168,92
245,86,254,Shamela0030769,10,251,398,111,79
245,1370,1502,Sham19Y0014592,957,1005,1127,95,91
245,42,254,Shamela0021537,834,981,1191,155,86
245,42,254,Shamela0021537,6092,1219,1429,155,86
245,27,1223,Zaydiyya0000098,657,974,1646,517,53
245,1223,1517,Zaydiyya0000098,658,1,204,157,67
245,1178,1512,Sham19Y0016817,180,277,760,181,40
245,54,272,Shia002034Vols,1674,419,687,156,68
245,90,276,Shamela0029728,6,649,839,142,90
245,86,276,Shia002231Vols,473,1242,1430,151,97
245,1202,1438,Shia002264,374,808,1076,144,63
245,123,374,JK009390,3471,33,242,131,61
246,49,307,Shamela0021629,669,671,1228,137,30
246,25,317,Sham19Y0013223,828,277,913,168,31
246,19,289,Zaydiyya0000098,658,174,343,131,59
247,200,385,Shamela0029743,1018,452,628,134,90
247,200,357,ShamIbadiyya0000075,841,106,284,125,88
247,1157,1429,Zaydiyya0000144,504,1133,1461,182,68
247,200,365,Shamela0004445,75,269,435,132,99
247,200,365,Zaydiyya0000388,58,567,732,132,100
247,1164,1633,Zaydiyya0000091,47,933,1506,254,45
247,121,357,Zaydiyya0000406,74,299,543,141,71
247,200,385,Zaydiyya0000406,423,1093,1269,138,93
247,1434,1621,Shamela0003118,7266,786,969,138,87
247,200,385,Shamela0023632,3269,32,208,134,90
247,200,385,Shamela0023591,6208,332,508,134,90
247,200,385,Shamela0023591,6228,717,893,134,90
247,1434,1621,JK000916,27962,228,410,138,86
247,200,357,Shamela0037458,4017,32,190,125,99
247,208,357,ShamAY0034073,4790,966,1115,118,100
247,208,357,Tafsir04042,2042,722,938,118,68
247,200,357,ShamAY0034364,94,835,993,125,99
247,200,385,Shamela0023628,3154,475,651,134,90
247,200,365,Shamela0008473,1859,1303,1469,132,99
247,200,357,Shamela0008473,4347,280,438,125,99
247,200,385,Zaydiyya0000295Vols,571,313,488,134,91
247,200,365,Sham19Y0013223,2672,182,356,132,94
247,200,357,Shamela0007289,3548,1138,1296,125,99
247,200,357,Shia003616Vols,1981,728,890,125,96
247,200,357,Shia003616Vols,1985,1041,1199,125,99
247,261,357,Sham19Y0147312,1843,1,97,75,100
247,1157,1633,Zaydiyya0000361,1174,211,923,344,58
247,200,385,Shamela0023613,4172,332,508,134,90
247,200,357,Shamela0010273,3051,835,993,125,99
247,1434,1608,Shamela0012884,2978,125,298,138,93
247,200,365,Shamela0007798,8318,1259,1425,132,99
247,200,357,Zaydiyya0000062,1851,1129,1286,125,100
247,200,385,Zaydiyya0000298,250,849,1032,146,98
247,161,443,Zaydiyya0000298,267,254,492,160,71
247,1434,1608,Shia002406Vols,4827,50,229,143,97
247,200,385,Shia002341Vols,3542,1220,1396,134,90
247,200,357,Shamela0009776,7848,1062,1220,125,99
247,200,365,JK010001,2656,813,978,132,100
247,200,357,Sham19Y0020891,5872,644,802,125,99
247,200,357,JK009396,1447,623,781,125,99
247,200,357,Shamela0010283,3772,1284,1442,125,99
247,200,357,Shamela0023588,1631,885,1043,125,99
247,200,357,Shamela0095590,4153,41,199,125,99
247,200,385,Shamela0023623,3834,631,807,134,90
247,200,365,Shamela0021821,1702,419,585,132,99
247,200,357,Shamela0023587,1028,917,1075,125,99
247,200,385,Shamela0023594,1835,843,1019,134,90
247,208,385,JK009266,8137,1377,1544,127,90
247,200,357,Shamela0023635,8165,410,568,125,99
247,208,357,Tafsir07057,4669,127,276,118,100
247,200,443,Zaydiyya0000038,235,186,395,153,77
247,200,385,Shamela0023614,1119,922,1098,134,90
247,200,365,JK000791,2112,232,398,132,99
247,200,365,Zaydiyya0000037Vols,1759,1441,1606,132,100
247,200,365,Zaydiyya0000037Vols,1877,223,388,132,100
247,395,611,Zaydiyya0000037Vols,1994,144,360,172,97
247,200,357,Zaydiyya0000037Vols,2547,125,282,125,100
247,1434,1608,Shamela0021635,274,396,587,137,85
247,200,357,Shamela0004473,11,1413,1571,125,99
247,200,365,Shamela0004473,8290,701,872,132,96
247,200,365,ShamAY0034443,51,642,808,132,99
247,200,385,Tanzil001,220,225,401,134,90
247,274,799,Zaydiyya0000090,394,195,685,195,31
247,208,357,Shia002359Vols,3883,241,390,118,100
247,208,365,Tafsir07055,2775,534,691,125,100
247,200,357,Shamela0002300,145,8,166,125,99
247,995,1274,Zaydiyya0000010,656,827,1068,138,58
247,1157,1429,Zaydiyya0000054,458,1116,1407,178,75
247,1429,1633,Zaydiyya0000054,459,169,380,166,96
247,1434,1629,JK007016,78,746,942,142,87
247,200,357,Shamela0012293,176,1157,1314,125,100
247,208,357,Shamela0008381,116,7,156,118,100
247,244,357,Shamela0008381,421,1,114,89,100
247,200,357,Shamela0008381,469,218,376,125,99
247,200,357,Shamela0008381,812,509,667,125,99
247,200,365,Shamela0021713,587,433,598,132,100
247,200,365,ShamAY0033760,369,688,854,132,99
247,200,385,Sham19Y0023618,1663,604,780,134,90
255,1137,1294,Shamela0029743,1018,452,610,125,99
255,1137,1294,ShamIbadiyya0000075,841,106,284,125,88
255,1137,1302,Shamela0004445,75,269,435,132,99
255,1137,1302,Zaydiyya0000388,58,567,732,132,100
255,956,1294,Zaydiyya0000406,74,167,543,162,50
255,1137,1294,Zaydiyya0000406,423,1093,1251,125,99
255,1137,1294,Shamela0023632,3269,32,190,125,99
255,1137,1294,Shamela0023591,6208,332,490,125,99
255,1137,1294,Shamela0023591,6228,717,875,125,99
255,1137,1294,Shamela0037458,4017,32,190,125,99
255,956,1294,ShamAY0034073,4790,733,1115,165,45
255,1145,1294,Tafsir04042,2042,722,938,118,68
255,1137,1294,ShamAY0034364,94,835,993,125,99
255,1137,1294,Shamela0023628,3154,475,633,125,99
255,1137,1307,Shamela0008473,1859,1303,1473,135,98
255,1137,1313,Shamela0008473,4347,280,460,132,92
255,1137,1294,Zaydiyya0000295Vols,571,313,470,125,100
255,1137,1302,Sham19Y0013223,2672,182,356,132,94
255,1137,1294,Shamela0007289,3548,1138,1296,125,99
255,1137,1294,Shia003616Vols,1981,728,890,125,96
255,1137,1294,Shia003616Vols,1985,1041,1199,125,99
255,1198,1294,Sham19Y0147312,1843,1,97,75,100
255,1137,1294,Shamela0023613,4172,332,490,125,99
255,1137,1294,Shamela0010273,3051,835,993,125,99
255,1137,1302,Shamela0007798,8318,1259,1425,132,99
255,1137,1294,Zaydiyya0000062,1851,1129,1286,125,100
255,1137,1302,Zaydiyya0000298,250,849,1014,132,100
255,1137,1302,Zaydiyya0000298,267,283,448,132,100
255,1137,1294,Shia002341Vols,3542,1220,1378,125,99
255,1137,1294,Shamela0009776,7848,1062,1220,125,99
255,1137,1302,JK010001,2656,813,978,132,100
255,1137,1294,Sham19Y0020891,5872,644,802,125,99
255,1137,1294,JK009396,1447,623,781,125,99
255,1137,1294,Shamela0010283,3772,1284,1442,125,99
255,1137,1294,Shamela0023588,1631,885,1043,125,99
255,1137,1294,Shamela0095590,4153,41,199,125,99
255,1137,1294,Shamela0023623,3834,631,789,125,99
255,1137,1302,Shamela0021821,1702,419,585,132,99
255,1137,1294,Shamela0023587,1028,917,1075,125,99
255,1137,1294,Shamela0023594,1835,843,1001,125,99
255,1145,1294,JK009266,8137,1377,1526,118,100
255,1137,1294,Shamela0023635,8165,410,568,125,99
255,1121,1294,Tafsir07057,4669,105,276,126,92
255,966,1302,Zaydiyya0000038,235,32,352,167,54
255,1137,1294,Shamela0023614,1119,922,1080,125,99
255,1137,1302,JK000791,2112,232,398,132,99
255,1137,1302,Zaydiyya0000037Vols,1759,1441,1606,132,100
255,1137,1302,Zaydiyya0000037Vols,1877,223,388,132,100
255,1137,1294,Zaydiyya0000037Vols,2547,125,282,125,100
255,1070,1294,Shamela0004473,11,1369,1571,138,78
255,1137,1302,Shamela0004473,8290,701,872,132,96
255,966,1137,Zaydiyya0000086,278,1112,1463,124,44
255,1137,1307,ShamAY0034443,51,642,812,135,98
255,1137,1294,Tanzil001,220,225,383,125,99
255,966,1137,Zaydiyya0000335,8,806,996,125,83
255,1145,1294,Shia002359Vols,3883,241,390,118,100
255,1145,1302,Tafsir07055,2775,534,691,125,100
255,1137,1294,Shamela0002300,145,8,166,125,99
255,1137,1294,Shamela0012293,176,1157,1314,125,100
255,1145,1294,Shamela0008381,116,7,156,118,100
255,1181,1294,Shamela0008381,421,1,114,89,100
255,1137,1294,Shamela0008381,469,218,376,125,99
255,1137,1294,Shamela0008381,812,509,667,125,99
255,1137,1302,Shamela0021713,587,433,598,132,100
255,1137,1302,ShamAY0033760,369,688,854,132,99
255,1137,1294,Sham19Y0023618,1663,604,762,125,99
259,760,900,Shamela0013068,204,172,324,85,63
259,149,404,Sham19Y0035453,79,617,886,184,80
259,914,1239,Sham19Y0035453,80,837,1143,173,55
259,144,399,Tafsir09084,57,920,1185,185,82
259,149,399,Sham19Y0016684,1291,696,984,190,78
259,760,1065,Shamela0098087,348,1066,1330,150,61
259,185,399,Shia002265Vols,1772,1264,1469,132,69
259,605,1138,Shia002265Vols,3175,1,132,92,21
259,173,399,Shia002265Vols,3176,259,509,169,80
259,784,910,Shia002265Vols,4728,1124,1252,95,95
259,980,1138,Shia002069Vols,106,1,118,92,74
259,914,1138,JK000022,254,243,426,118,60
259,914,1138,JK000022,1786,903,1097,138,75
259,149,399,ShamAY0034068,85,639,915,189,81
259,784,975,ShamAY0034068,2866,981,1187,113,70
259,784,910,Shamela0001975,994,863,988,95,97
259,173,399,Shamela0001975,1068,415,660,169,82
259,149,399,Sham19Y0017063,1277,874,1129,178,83
259,149,399,Shamela0007891,2511,283,573,189,77
259,149,404,Sham19Y0013605,2751,963,1258,190,76
259,258,423,Sham19Y0122257,2881,606,811,120,72
259,784,910,Shamela0001438,2799,55,183,93,93
259,173,399,Shamela0001438,4270,492,708,138,71
259,173,399,Shamela0001438,4284,96,341,169,82
259,149,541,Shamela0025800,1032,752,1162,286,83
259,258,399,Shamela0003617,19,1,146,107,90
259,87,399,Sham19Y0016728,53,350,657,181,65
259,546,779,Shamela0006136,5,476,712,125,68
259,149,399,Shamela0037458,133,353,614,184,83
259,760,910,Shamela0037458,3595,1088,1249,106,81
259,168,399,JK007063,603,1,246,178,87
259,914,1138,Shamela0012862,50,46,264,169,93
259,149,404,Sham19Y0016584,2437,509,802,191,77
259,784,1060,Shamela0009082,644,867,1117,103,38
259,149,399,ShamAY0000351,60,398,686,190,78
259,149,399,ShamAY0000351,77,627,915,190,78
259,87,910,Shamela0021629,163,440,1368,432,50
259,1001,1365,Shamela0021629,164,413,763,161,43
259,139,550,Shamela0021629,764,223,660,295,79
259,173,399,Sham19Y0148486,6403,6,250,169,83
259,149,516,Shamela0023628,77,98,568,252,64
259,546,690,ShamAY0034815,309,1060,1199,111,95
259,149,404,Sham19Y0016946,459,484,740,186,84
259,149,779,Shamela0008473,289,479,1243,234,29
259,149,404,Sham19Y0013252,5741,198,491,191,77
259,149,399,ShamAY0034005,739,1003,1302,184,73
259,206,404,Sham19Y0018106,2300,1,185,136,82
259,914,1138,ShamAY0033053,39,891,1123,167,86
259,149,690,Sham19Y0013223,102,49,882,412,60
259,910,1370,Sham19Y0013223,104,121,1326,321,33
259,149,529,Sham19Y0013223,874,477,983,280,67
259,173,423,Sham19Y0014119,532,900,1193,177,74
259,755,975,Shia001153,39,1184,1379,107,60
259,760,910,ShamIbadiyya0000279,410,121,267,104,81
259,914,1138,Shamela0012981,750,467,717,162,77
259,149,399,Tafsir06051,577,1121,1382,184,83
259,784,910,Sham19Y0127677,2386,529,657,93,93
259,185,399,Sham19Y0127677,2646,478,684,132,68
259,149,399,Sham19Y0127677,2654,215,505,183,75
259,173,408,Sham19Y0127677,15207,1113,1348,174,86
259,163,423,Sham19Y0017791,1666,989,1298,184,73
259,149,399,Shamela0007597,34,581,831,182,84
259,149,372,Sham19Y0127656,397,1301,1531,170,86
259,78,423,Shamela0096283,256,102,465,218,67
259,185,399,Zaydiyya0000059,1416,537,743,132,68
259,173,546,JK007054,163,55,474,255,73
259,784,910,JK007054,411,213,351,91,84
259,914,1138,Zaydiyya0000342,101,136,356,144,71
259,760,975,Shamela0000483,30,995,1248,118,57
259,760,975,Shamela0012014,116,900,1133,131,65
259,149,399,ShamAY0034054,126,392,653,184,83
259,173,377,JK010001,445,1455,1669,150,84
259,173,368,JK010001,712,1394,1593,142,80
259,784,910,Shamela0021659,1374,668,793,95,97
259,173,399,Shamela0021659,1455,1045,1290,169,82
259,149,404,Shamela0021715,5169,443,738,190,76
259,149,408,Shamela0021715,5170,22,514,193,47
259,149,399,Shamela0037837,604,1044,1334,189,77
259,149,404,Sham19Y0018176,1206,435,730,190,76
259,206,408,Shamela0095735,962,1,189,134,80
259,760,891,Shamela0010262,118,515,650,90,81
259,149,399,Shamela0023623,133,1126,1388,184,83
259,760,975,Sham19Y0132973,444,1076,1336,123,61
259,87,408,Sham19Y0132973,770,15,375,196,67
259,149,399,Shamela0000894,6261,1315,1569,189,87
259,914,1105,Shamela0021660,3203,308,447,106,69
259,149,399,Sham19Y0014592,365,253,536,184,76
259,930,1143,Sham19Y0014592,809,414,615,156,92
259,546,690,Sham19Y0014592,2536,1422,1568,111,91
259,1143,1365,Sham19Y0014592,2538,6,345,121,45
259,910,1138,Sham19Y0014592,2796,478,654,114,61
259,149,404,Shia003721Vols,189,278,544,170,71
259,149,388,ShamAY0034059,842,531,785,176,81
259,760,891,ShamAY0034059,857,211,367,93,74
259,173,399,Sham19Y0013614,699,537,772,164,85
259,149,423,Shamela0008360,752,1162,1478,192,73
259,173,404,Sham19Y0016976,1517,517,758,165,83
259,149,399,Shamela0000041,75,742,1017,189,81
259,149,399,Shamela0008176,6323,1346,1601,179,84
259,760,895,Shia004456Vols,4561,229,352,83,69
259,784,910,Shia002294Vols,820,1220,1348,95,95
259,149,399,Shamela0000655,101,1222,1496,184,79
259,149,399,Shamela0021766,72,1253,1503,186,88
259,149,529,Shamela0021766,705,849,1287,253,69
259,158,399,Shamela0011406,1,1103,1356,145,66
259,203,399,Shamela0005756,9522,8,190,137,84
259,149,404,Sham19Y0018103,2195,697,990,191,77
259,153,399,Shamela0004473,13734,799,1050,179,84
259,760,910,Shamela0004473,16390,1189,1334,104,82
259,910,1143,Shia001782Vols,206,518,747,166,88
259,922,1105,Sham19Y0122096,2364,195,329,99,67
259,149,541,Shamela0036446,1067,293,707,287,83
259,149,541,Shamela0008353,889,394,881,280,69
259,914,1105,JK000216,325,171,303,101,66
259,760,910,Tafsir09068,394,468,611,99,81
259,173,404,JK000110,823,31,271,175,87
259,149,413,Tafsir03097,325,1303,1579,184,76
259,149,404,Sham19Y0145212,3090,302,562,179,83
259,149,399,Tafsir07055,480,1386,1643,182,83
259,149,423,Tafsir07055,767,1294,1579,195,80
259,1041,1370,Shia001432Vols,237,67,425,126,34
259,755,975,Shia001432Vols,26080,920,1115,107,60
259,153,399,Shamela0005803,357,1,355,186,62
259,760,895,Shamela0010488,34,929,1086,96,76
259,87,336,Shamela0025791,47,1108,1501,188,59
259,336,1215,Shamela0025791,48,1,854,422,47
259,149,541,Shamela0025791,204,20,448,298,84
259,760,910,Shamela0000432,2654,669,815,104,81
259,203,399,Shia002264,639,1,202,145,86
259,914,1157,Sham19Y0038171,139,1084,1459,120,36
259,158,399,Sham19Y0038171,174,1,515,161,37
259,189,399,Sham19Y0038171,1942,1,413,157,46
259,149,423,ShamAY0038516,50,469,803,196,70
259,149,399,ShamAY0038516,74,995,1254,182,81
259,149,399,Shamela0026892,2,892,1154,184,83
259,149,516,Shamela0008648,36,248,667,239,66
259,764,910,JK009390,2514,61,207,100,89
259,149,413,JK009390,2842,1137,1439,175,71
259,149,404,ShamAY0035250,49,764,1057,191,77
260,1324,1471,Zaydiyya0000263,567,1641,1791,114,94
262,1043,1589,Sham19Y0017063,630,848,1345,173,31
262,1043,1618,Shamela0008360,429,863,1186,141,25
263,189,315,Shamela0009567,471,7,117,77,80
263,37,344,Zaydiyya0000388,34,210,705,81,16
263,131,845,Shia002265Vols,1077,18,549,208,31
263,189,315,Shia002265Vols,1784,1045,1155,77,80
263,131,315,JK000022,3021,1077,1268,69,34
263,189,315,Shamela0001438,4230,1135,1245,77,80
263,189,315,Shamela0023100,606,294,404,77,80
263,189,315,Shamela0021629,338,376,510,97,92
263,691,845,ShamAY0032775,2,244,396,92,75
263,165,315,Sham19Y0013223,357,111,265,112,90
263,722,845,Sham19Y0013223,682,318,435,90,93
263,719,845,JK001297,499,1047,1165,72,61
263,687,845,Sham19Y0014119,311,660,808,106,86
263,1167,1296,Zaydiyya0000361,228,1146,1275,106,100
263,687,845,Shamela0012884,853,639,775,89,64
263,165,315,Shamela0012884,872,1266,1419,112,90
263,189,315,Sham19Y0127677,2617,1328,1438,77,80
263,189,315,Sham19Y0127677,15051,516,626,77,80
263,189,315,ShamAY0033973,250,453,563,77,80
263,165,315,Sham19Y0001729,1880,714,867,112,90
263,568,906,Zaydiyya0000015,2348,411,864,156,39
263,107,256,Zaydiyya0000015,2360,1079,1331,110,57
263,189,315,Sham19Y0148271,336,11,121,76,79
263,1143,1345,Zaydiyya0000033,38,270,467,128,77
263,107,320,Shamela0006610,616,377,663,150,67
263,682,845,Sham19Y0014592,1906,413,557,90,62
263,189,315,Shamela0005610,219,537,652,77,77
263,687,845,Sham19Y0016976,917,1170,1318,106,86
263,165,307,Shamela0021477,583,764,975,85,48
263,687,831,Shamela0000655,14,108,247,85,65
263,45,344,Zaydiyya0000037Vols,2702,684,1167,77,16
263,860,1246,Kraken21040812,302,8,261,114,36
263,687,845,Shamela0004473,1864,668,808,107,86
263,189,315,Shamela0004473,13470,994,1127,79,72
263,722,845,Shia001782Vols,3753,811,925,84,87
263,50,315,ShamAY0036031,135,301,580,95,29
263,189,315,JK000021,2608,1124,1239,77,77
263,691,831,Shamela0021765,869,1287,1420,92,84
263,165,315,Shia002231Vols,653,741,894,112,90
263,1153,1296,Zaydiyya0000054,93,66,209,113,97
263,687,956,Shamela0000432,3654,249,755,161,39
263,719,831,Shia002264,713,47,160,86,97
263,1143,1345,Zaydiyya0000063,1767,1180,1377,128,77
263,189,302,Sham19Y0017533,56,17,123,69,78
263,189,315,JK009390,2809,512,622,77,80
264,775,1022,Shia000317Vols,14340,1002,1237,187,92
264,755,1022,ShamAY0034068,3799,1,271,213,96
264,698,1022,Shamela0023591,6589,104,434,254,93
264,395,940,Shamela0021654,1170,1185,1647,166,29
264,690,1022,ShamAY0034055,10684,431,792,266,89
264,382,1022,Zaydiyya0000274,735,108,790,330,45
264,797,1036,Shia002356Vols,1297,963,1201,180,90
264,443,1022,Zaydiyya0000062,2083,1000,1537,310,65
264,797,1022,Shia000233,80,1324,1545,180,97
264,797,1028,Shamela0009776,8786,1207,1401,143,72
264,690,1022,Sham19Y0020891,6425,16,351,267,97
264,797,972,Shamela0023588,1774,1026,1202,140,97
264,690,1022,Shia002702Vols,11016,231,592,269,90
264,797,1022,Shia001544Vols,594,1275,1501,180,94
264,797,1022,Shia001544Vols,1194,689,910,182,98
264,706,1014,Shamela0023635,7994,562,924,179,53
264,674,1022,ShamAY0034059,7334,181,579,275,84
264,797,1008,Shia000181,511,1346,1557,169,97
264,797,972,Shamela0021766,4557,663,838,135,94
264,443,1022,ShamAY0034052,2375,355,923,323,66
264,674,1022,Zaydiyya0000260,59,500,840,260,90
264,797,1014,JK000458,3285,926,1144,173,94
264,797,1033,Shia003961Vols,218,1390,1618,170,85
264,797,1022,Shia001122Vols,3965,782,1003,180,97
264,797,1033,Shia002379,52,349,576,176,89
264,797,1022,Tafsir04040,702,370,591,182,98
265,870,1105,Zaydiyya0000361,1161,1252,1530,184,80
267,334,490,Zaydiyya0000295Vols,86,1128,1273,97,75
278,907,1095,ShamAY0033945,749,503,700,139,87
278,934,1095,Shia002265Vols,1201,692,854,127,99
278,727,902,Shia002069Vols,48,366,592,131,70
278,727,902,Shia002069Vols,834,1038,1264,131,70
278,934,1095,Shamela0001975,1001,496,658,127,99
278,907,1128,Sham19Y0017063,917,540,762,148,79
278,907,1095,Sham19Y0036110,100,197,389,126,82
278,469,1095,Sham19Y0017903,500,448,1393,252,26
278,907,1095,Sham19Y0122257,2280,106,296,138,86
278,934,1095,Shamela0001438,2836,1290,1452,127,99
278,727,902,Shamela0025800,2638,1182,1437,134,65
278,727,958,JK000475,872,791,1115,152,60
278,727,958,ShamAY0033910,654,49,380,152,59
278,907,1103,Sham19Y0148486,5864,69,273,139,84
278,634,958,Shamela0023628,654,471,935,171,43
278,907,1110,Shamela0009795,134,1061,1276,140,78
278,469,907,Shamela0009795,136,100,452,179,43
278,607,907,Sham19Y0013223,531,300,712,206,60
278,727,902,Shamela0001719,4597,1131,1387,130,62
278,907,1095,Sham19Y0014119,412,1090,1288,144,90
278,907,1095,Shamela0012884,600,753,950,139,87
278,469,722,Shamela0012884,601,957,1365,135,36
278,896,1095,Sham19Y0127677,2407,834,1055,151,84
278,907,1095,Sham19Y0127677,13552,883,1081,144,90
278,907,1095,Sham19Y0017791,1271,963,1161,144,90
278,934,1095,Sham19Y0017791,1272,178,340,127,99
278,907,1095,Shamela0022797,1000,1142,1340,144,90
278,618,1095,ShamAY0035035,4823,479,947,149,25
278,634,1095,Shamela0012014,283,6,798,305,48
278,469,902,Sham19Y0017729,257,952,1428,116,19
278,907,1081,Shamela0000140,1777,917,1137,133,75
278,727,958,ShamAY0032921,38,296,565,139,58
278,469,907,Shamela0006610,931,716,1062,149,32
278,727,907,Shamela0003055,1988,1032,1207,132,90
278,916,1095,Shamela0003055,1989,1,190,134,88
278,727,958,Sham19Y0020944,558,172,464,142,52
278,907,1095,ShamAY0034059,2314,491,701,138,78
278,907,1095,Sham19Y0013614,562,141,339,144,90
278,907,1095,Shamela0000782,587,1198,1395,143,89
278,727,902,Shamela0000782,589,938,1121,131,85
278,939,1095,Shamela0008360,577,1,150,117,94
278,907,1095,Sham19Y0016976,1249,678,876,144,90
278,907,1095,Shamela0008176,4863,498,696,144,90
278,469,1071,Shamela0021766,315,675,950,123,24
278,907,1095,Shamela0011406,656,61,259,144,90
278,907,1095,Shamela0009242,3346,419,617,144,90
278,727,966,Shamela0009242,3348,1113,1419,155,63
278,727,966,Shamela0009242,3349,780,1086,155,63
278,751,958,Shamela0036446,722,548,808,127,52
278,907,1095,Shamela0011578,26,750,948,144,90
278,907,1095,ShamAY0033592,21,522,723,128,78
278,907,1122,JK000021,1285,799,1027,146,80
278,907,1095,Shamela0021743,1551,358,561,144,87
278,907,1095,Sham19Y0145212,2405,530,728,144,90
278,727,958,JK000130,655,280,611,152,59
278,934,1095,Sham19Y0146127,3233,609,770,122,96
278,618,1095,Sham19Y0038171,1224,756,1224,149,25
278,907,1095,Shamela0025794,1913,227,420,129,78
278,727,1095,JK001429,75,23,845,261,39
278,934,1095,JK009390,2522,818,980,127,99
283,1019,1278,Sham19Y0035453,105,1005,1444,162,46
283,984,1278,ShamAY0033945,2205,13,354,129,42
283,1170,1278,Shamela0001438,3900,720,822,79,93
283,975,1321,Shamela0021629,805,810,1275,208,51
283,984,1534,Sham19Y0013223,837,616,1452,228,32
283,1170,1278,Sham19Y0127677,2266,629,739,84,97
283,967,1278,Sham19Y0127677,12592,603,962,132,42
283,703,1542,Zaydiyya0000015,1999,188,1063,283,29
283,1005,1278,Shamela0005922,1886,135,447,120,42
283,703,1397,Shia002264,765,672,1250,224,34
283,1170,1511,JK009390,2347,172,572,101,21
285,571,842,Kraken210323052137,716,1240,1524,138,53
285,548,693,Sham19Y0020878,2271,692,1072,75,22
285,561,832,Shamela0025800,826,1,289,171,66
285,605,832,Shamela0021654,1375,1101,1329,125,59
285,571,842,Sham20Y0021786,315,594,853,173,74
285,548,832,Sham19Y0022884,258,818,1039,164,71
285,400,837,Shamela0021629,671,415,765,200,52
285,396,832,Shamela0036543,2148,369,849,278,69
285,548,693,JK001106,6,275,638,75,23
285,396,842,Sham19Y0013223,834,449,1291,320,47
285,561,832,Shamela0007289,9734,157,373,153,70
285,576,832,Shamela0009780,562,923,1171,139,58
285,548,693,Shamela0012531,339,467,600,105,91
285,576,832,Sham20Y0014596,2178,288,505,147,69
285,561,832,JK006983,7,839,1054,153,69
285,396,783,Zaydiyya0000035,35,116,925,238,36
285,396,842,Zaydiyya0000015,2370,776,1293,252,61
285,561,774,JK007065,218,1103,1430,127,47
285,548,832,JK001103,14,1143,1374,162,72
285,561,837,Sham19Y0020638,80,394,749,162,53
285,561,805,Sham19Y0020638,879,1000,1415,151,45
285,576,832,Shia001764Vols,372,106,297,133,67
285,548,842,Shamela0006610,939,151,392,169,71
285,561,832,Shamela0011290,16,901,1105,144,66
285,396,749,Sham19Y0146127,2830,772,1096,154,53
285,561,832,JK006950,3889,98,313,153,69
304,341,503,Zaydiyya0000018,18,972,1137,76,55
317,236,390,Sham19Y0013223,75,1252,1481,110,60
352,440,1619,Zaydiyya0000045,160,480,1675,966,97
353,794,1350,Sham19Y0037618,3018,1239,1460,117,26
353,956,1114,Sham19Y0017063,888,753,909,122,92
353,940,1176,Shamela0007891,1604,598,814,126,58
353,748,1171,Shamela0036040,2,871,1283,188,47
353,748,1232,Shamela0021629,318,1148,1542,276,70
353,984,1114,Shamela0021629,664,862,992,108,100
353,745,1246,Sham19Y0013223,333,940,1500,320,62
353,984,1114,JK001297,463,382,513,98,88
353,984,1114,Sham19Y0014119,400,1292,1425,104,94
353,940,1114,Zaydiyya0000013,103,1080,1246,113,74
353,979,1224,Sham19Y0017791,1230,1048,1273,151,71
353,935,1176,ShamAY0033901,151,1178,1392,139,68
353,984,1118,Sham19Y0013614,543,1437,1574,107,94
353,969,1114,Sham19Y0013614,544,11,168,105,80
353,921,1114,Sham19Y0016976,1220,26,185,115,71
353,960,1114,Shamela0004473,9372,167,321,123,93
353,940,1179,Shia001976Vols,1201,994,1315,166,62
353,851,1350,Shamela0021765,1448,1,180,79,19
353,1,1509,Zaydiyya0000045,161,78,1583,1215,99
353,940,1129,Shamela0038194,52,1178,1360,124,79
354,863,1138,Shia002265Vols,1949,372,1023,154,29
354,794,1045,ShamAY0032880,5,420,692,136,55
354,794,1018,Shamela0009379,120,391,610,130,65
354,907,1324,Sham19Y0013223,970,1,409,191,47
354,1134,1416,Sham19Y0013223,971,931,1288,161,51
354,794,1204,Shamela0006768,1,369,891,178,41
354,1,1422,Zaydiyya0000045,162,71,1464,1099,97
354,863,1021,Shia002264,447,1390,1548,123,100
354,794,1216,Shamela0010922,34,757,1122,222,62
355,714,1096,Sham19Y0013223,328,411,1191,213,34
355,778,1033,Sham19Y0127677,1165,1115,1350,125,49
355,717,1025,Shia001782Vols,849,81,463,187,62
355,1,1558,Zaydiyya0000045,163,42,1577,1229,97
355,778,1096,Shia002264,123,481,744,148,57
356,1,1566,Zaydiyya0000045,164,22,1588,1263,99
357,1,1490,Zaydiyya0000045,165,28,1514,1178,98
358,1360,1551,Shamela0026441,2,500,909,94,26
358,1424,1557,Sham19Y0013223,328,980,1112,97,91
358,619,769,Shamela0007485,8,962,1117,99,74
358,1,1606,Zaydiyya0000045,166,31,1640,1299,98
359,584,1073,Shia002265Vols,1238,309,650,147,30
359,400,886,Shia002265Vols,1240,101,255,114,29
359,486,798,Shia002265Vols,2005,975,1336,215,75
359,482,750,Shamela0003118,3153,1138,1452,186,74
359,788,1073,Shamela0003118,4507,1,314,164,62
359,376,1110,Shamela0001975,857,1,387,186,27
359,486,811,Shamela0021809,1393,747,1135,222,69
359,486,746,Shamela0026668,39,918,1216,178,74
359,856,1082,Shamela0001438,4156,1,123,92,51
359,486,798,Shamela0001438,6688,245,626,213,71
359,400,1087,Shamela0001438,8051,1085,1379,181,32
359,1078,1261,Shamela0025800,557,1228,1441,119,69
359,760,1073,Shamela0025800,826,708,1042,194,68
359,798,1110,Shamela0025800,1078,1,401,184,56
359,1078,1446,JK000475,192,673,1129,189,48
359,486,746,JK000916,10022,900,1209,180,73
359,750,1073,JK000916,15360,338,703,186,60
359,750,1073,Shamela0012847,30,581,929,185,65
359,1078,1332,ShamAY0033910,177,54,346,165,71
359,395,746,Shamela0021629,314,501,837,182,62
359,760,1115,Shamela0021629,666,6,397,208,63
359,1078,1319,Shamela0021629,666,948,1207,158,74
359,1078,1294,Shamela0021629,784,170,473,137,56
359,750,1073,Sham19Y0148486,2442,693,1056,191,62
359,953,1073,Shamela0008473,1052,9,129,90,89
359,1078,1335,Shamela0008623,14,829,1137,160,66
359,376,1073,Sham19Y0013223,329,490,1378,429,57
359,1078,1319,Sham19Y0013223,330,1075,1311,153,75
359,1078,1319,Sham19Y0013223,542,122,383,150,70
359,760,1050,JK000481,573,1070,1379,176,66
359,1078,1327,ShamAY0031687,832,827,1100,167,76
359,560,746,Sham19Y0127677,77,80,294,129,76
359,400,1100,Sham19Y0127677,1996,902,1240,173,30
359,808,1073,Sham19Y0127677,2563,1051,1209,118,54
359,486,750,Sham19Y0127677,4729,1,309,188,76
359,750,1073,Sham19Y0127677,10914,713,1051,180,54
359,750,1100,JK007065,1270,403,772,208,66
359,746,1073,Shamela0012014,72,100,439,185,60
359,750,1073,Sham19Y0148271,1615,55,440,165,52
359,376,1073,Sham19Y0014309,949,1130,1415,174,30
359,746,1073,JK001103,31,781,1129,197,67
359,400,1073,Shamela0021659,1157,870,1219,182,30
359,750,1073,JK007049,176,576,933,194,65
359,380,886,Shia002261Vols,389,450,612,116,28
359,750,1073,Sham19Y0020638,882,235,593,194,64
359,746,1119,Shamela0006610,460,62,483,206,60
359,750,1073,ShamAY0033938,1048,700,1058,194,64
359,482,798,Shia001782Vols,852,20,376,224,79
359,808,1073,Shamela0036446,316,168,422,156,63
359,1078,1384,Shamela0036446,752,998,1330,169,59
359,746,1073,JK006897,206,199,560,197,65
359,750,1073,Shamela0003722,4682,407,790,176,55
359,760,1073,Shamela0009790,346,963,1301,194,68
359,395,1037,Shamela0009790,522,1206,1409,152,29
359,579,746,JK000216,17,1,394,120,39
359,502,798,Shia003732Vols,3575,14,443,205,61
359,571,1059,Shia003732Vols,3577,982,1474,236,53
359,486,746,Shia003732Vols,3947,276,616,175,63
359,1,1436,Zaydiyya0000045,167,28,1463,1132,99
359,1078,1332,JK000130,178,606,898,165,71
359,746,1073,Sham19Y0132524,1403,658,1019,197,65
359,750,1135,Sham19Y0146127,1281,563,1002,218,61
359,400,928,Shia002264,123,896,1137,124,27
359,750,1115,Sham19Y0017616,311,684,1143,207,54
359,953,1073,Shamela0025794,3261,27,147,90,89
359,376,1100,JK009390,2047,501,858,212,37
359,783,1073,JK009390,2760,809,1001,122,51
360,51,282,Tafsir06049,1573,1258,1471,165,88
360,51,298,ShamAY0033945,811,1021,1270,176,82
360,51,298,JK000022,3037,9,230,140,66
360,63,298,Sham19Y0017063,970,1231,1452,168,89
360,47,298,Sham19Y0122257,2386,1078,1320,185,92
360,47,298,Shamela0011498,1056,1198,1404,150,73
360,1,298,Shamela0021629,782,108,531,204,58
360,1,298,Shamela0023628,641,4,286,213,86
360,1,304,Shamela0001582,13,298,602,217,85
360,33,273,Sham19Y0013223,539,1222,1483,170,77
360,90,298,Sham19Y0014119,435,7,205,153,92
360,51,311,Sham19Y0127700,305,433,682,180,86
360,1,298,Shia003616Vols,3118,52,434,218,69
360,51,304,Shamela0012884,1152,1079,1287,152,73
360,51,298,Sham19Y0017791,1347,1189,1424,177,89
360,51,209,Shamela0022848,179,1317,1432,79,63
360,1,298,Shamela0006848,65,632,866,122,42
360,51,308,ShamAY0034644,247,143,389,146,65
360,47,298,Shamela0008360,607,91,333,186,93
360,51,229,Sham19Y0016976,1306,1315,1479,124,87
360,47,298,Shamela0008176,5095,1007,1249,186,93
360,1,298,Shamela0023631,967,1086,1380,218,88
360,1,298,Shamela0036446,752,944,1458,189,42
360,47,298,Sham19Y0145212,2519,844,1086,186,93
360,1,1541,Zaydiyya0000045,168,22,1563,1244,99
360,51,298,Shia002942,94,260,504,167,78
361,1,1413,Zaydiyya0000045,169,20,1429,1102,98
362,1,1460,Zaydiyya0000045,170,31,1491,1154,99
363,1,1523,Zaydiyya0000045,171,27,1550,1211,98
364,1,1505,Zaydiyya0000045,172,40,1547,1203,98
365,1,1500,Zaydiyya0000045,173,40,1549,1201,98
366,1,1374,Zaydiyya0000045,174,41,1413,1078,99
367,1,1423,Zaydiyya0000045,175,44,1441,1099,97
368,1,1499,Zaydiyya0000045,176,21,1514,1191,99
369,1,1472,Zaydiyya0000045,177,20,1488,1166,99
370,1,1550,Zaydiyya0000045,178,9,1554,1239,99
371,1,1589,Zaydiyya0000045,179,8,1594,1279,99
372,1,1541,Zaydiyya0000045,180,5,1556,1238,98
373,952,1249,Zaydiyya0000093,181,915,1135,93,30
373,1,1030,Zaydiyya0000045,181,12,1013,785,94
375,490,964,eScr20120309,45,108,317,119,29
375,720,830,Shamela0005433,62,1171,1281,75,87
375,486,824,Shamela0005385,5,810,1034,76,24
376,83,365,Shamela0029743,562,331,614,227,99
376,83,365,Shamela0023632,2151,978,1261,227,99
376,83,365,Shamela0023591,4426,131,414,227,99
376,83,365,Shamela0023591,4458,738,1021,227,99
376,196,365,Zaydiyya0000274,123,1294,1464,136,99
376,83,365,Shamela0037458,2287,711,994,227,99
376,100,365,ShamAY0034073,2708,1,267,214,99
376,83,365,Shamela0011755,599,1111,1394,227,99
376,83,365,Shamela0023628,2227,440,723,227,99
376,196,365,Shamela0008473,2759,699,869,136,99
376,83,365,Shia002356Vols,669,137,419,225,99
376,83,365,Shamela0023613,2856,74,357,227,99
376,196,365,Shamela0010273,1558,1056,1226,136,99
376,146,365,Zaydiyya0000062,993,211,617,175,53
376,83,365,Shia002406Vols,4811,736,1019,227,99
376,83,365,Shia002341Vols,2500,1155,1438,227,99
376,83,365,Sham19Y0036114,632,29,312,227,99
376,96,371,JK007018,374,1,395,221,69
376,196,365,Sham19Y0020891,3350,1278,1448,136,99
376,196,365,JK009396,805,646,816,136,99
376,196,365,Shamela0010283,3483,1121,1291,136,99
376,83,365,Shamela0095590,2576,659,942,227,99
376,83,365,Shamela0023623,2264,362,645,227,99
376,83,371,Shamela0023789,547,477,768,230,98
376,83,371,Shamela0021821,1006,369,658,232,99
376,83,365,JK009266,5690,999,1282,227,99
376,196,365,Shamela0023635,5617,1258,1428,136,99
376,83,365,ShamAY0036821,1311,333,614,225,98
376,100,365,ShamAY0036821,1319,1,265,212,98
376,196,365,Shia000181,610,254,424,136,99
376,83,371,Shamela0023614,610,405,699,232,97
376,146,371,JK000791,1298,561,808,159,78
376,108,371,ShamAY0034052,1179,899,1311,182,55
376,83,365,Shamela0009883,86,916,1199,227,99
376,83,365,Tanzil001,121,953,1236,227,99
376,83,365,Shia002359Vols,2590,1231,1514,227,99
376,196,365,Shia002185Vols,1954,1073,1243,136,99
376,233,365,Shamela0023578,1766,1,134,106,99
376,83,365,Sham19Y0023618,1074,993,1340,178,64
377,339,443,Sham19Y0020762,632,136,245,81,94
377,339,443,Shamela0000765,145,77,181,81,99
377,960,1108,Shamela0012982,9,1158,1280,97,81
377,960,1113,JK007054,47,880,1007,95,77
377,960,1113,Shamela0010262,162,665,792,100,81
377,339,443,Shamela0009788,1339,1170,1274,81,99
377,339,448,JK006919,218,274,383,83,97
377,960,1097,ShamAY0034797,529,1510,1621,90,81
378,730,987,Zaydiyya0000094,376,129,335,99,42
378,297,987,Zaydiyya0000398,249,531,955,111,14
386,806,1004,Zaydiyya0000015,728,452,638,129,75
392,47,621,Sham19Y0020891,5394,11,187,132,28
392,47,621,ShamAY0034052,1967,1117,1293,132,28
393,1041,1236,Shamela0009784,1364,670,943,143,62
393,906,1102,Zaydiyya0000062,9,265,461,142,89
393,1044,1223,Zaydiyya0000062,179,553,754,112,68
394,177,366,ShamAY0034068,2263,280,652,142,45
394,459,621,Shamela0023591,5293,275,442,129,94
394,177,366,Sham19Y0020891,4421,349,538,155,98
394,177,366,Tafsir07057,3848,613,805,144,84
394,177,366,ShamAY0034052,1568,695,884,155,98
394,177,366,JK000458,2505,1076,1268,144,88
395,314,748,Zaydiyya0000015,298,282,588,174,50
396,888,1170,JK010001,803,27,222,150,65
396,909,1170,JK010001,889,1,260,132,47
396,888,1219,JK010001,3123,402,711,147,43
396,862,1162,Shamela0009883,84,564,771,104,44
396,888,1170,Tafsir07055,862,651,846,150,65
396,888,1170,Tafsir07055,952,11,291,149,50
396,888,1219,Tafsir07055,3248,614,923,147,43
396,1030,1162,Shamela0012293,1162,1226,1435,98,59
397,1385,1493,Zaydiyya0000015,1424,1096,1204,87,100
403,1265,1379,JK001224,34,513,639,70,71
403,1265,1379,Sham19Y0018115,161,1258,1387,89,86
403,1265,1379,Sham19Y0016826,1958,297,411,89,97
403,1265,1379,Sham19Y0016826,1985,96,216,88,91
404,1112,1308,ShamAY0034068,1932,1164,1454,149,64
404,1112,1308,Sham19Y0020891,3857,1026,1268,141,72
404,854,1105,ShamAY0034052,1367,1102,1360,136,57
405,599,1367,Sham19Y0014601,5043,128,931,578,87
405,611,900,Sham19Y0016934,2,1118,1333,158,66
405,611,1367,Shamela0001442,952,701,1465,587,92
405,674,1297,Sham19Y0122406,4248,982,1298,172,31
405,575,819,Shamela0004473,5891,422,646,176,89
405,933,1367,Shamela0004473,15099,1,163,127,36
405,599,1005,ShamAY0033531,2593,1090,1481,289,84
405,599,1367,ShamAY0033531,3776,743,1225,363,57
407,248,386,Shamela0002215BK1,828,22,163,91,75
407,248,386,Sham19Y0017090,14,927,1068,95,82
410,560,735,Sham19Y0035453,107,291,459,128,93
410,560,735,Sham19Y0037618,5127,772,941,129,93
410,560,730,ShamAY0032799,15,158,321,123,91
410,560,721,Shamela0007891,325,1083,1237,122,95
410,560,721,Sham19Y0017903,987,15,169,122,95
410,560,735,Sham19Y0122257,555,6,183,132,90
410,560,706,Shamela0001875,254,1328,1469,112,96
410,560,726,Shamela0001875,600,347,506,123,93
410,560,692,Sham19Y0148486,1399,1342,1469,101,96
410,560,735,JK007083,82,171,339,132,95
410,560,721,Sham19Y0020591,193,1131,1285,122,95
410,560,735,Sham19Y0013223,147,974,1141,131,94
410,560,735,Sham19Y0013223,572,672,840,132,95
410,560,721,Shamela0010639,119,1096,1250,122,95
410,560,721,Shamela0001719,2483,1097,1262,122,89
410,560,730,Sham19Y0149697,1248,96,265,126,90
410,560,721,ShamAY0031687,477,603,760,122,93
410,560,721,Shamela0012981,1560,119,289,114,82
410,560,730,Sham19Y0127677,8129,452,614,125,93
410,560,721,Shia002119Vols,882,815,972,115,85
410,560,721,Sham19Y0148271,164,1087,1241,122,95
410,560,735,JK000761,22,90,264,132,92
410,560,721,Sham19Y0123665,713,753,919,124,91
410,560,735,Shamela0006610,171,664,832,132,95
410,560,721,Sham19Y0014592,2568,361,517,124,96
410,560,721,Sham19Y0020944,106,308,462,122,95
410,560,730,Shamela0000782,973,574,736,125,93
410,560,735,Shamela0008360,110,1068,1245,132,90
410,560,735,Shamela0008176,1107,519,696,131,90
410,560,721,Shamela0008540,641,844,998,122,95
410,560,735,Shamela0009242,723,1094,1262,132,95
410,560,730,JK000021,652,413,578,124,91
410,560,721,ShamAY0034134,703,480,634,122,95
410,560,735,ShamAY0034134,704,15,198,130,86
410,560,735,Sham19Y0145212,697,670,847,132,90
410,560,726,Sham19Y0145212,1583,285,438,117,88
410,560,735,Sham19Y0127717,606,829,999,129,92
410,560,735,Shamela0006366,996,302,470,132,95
410,560,721,Shamela0117359,166,957,1111,122,95
410,560,735,JK001429,4,955,1125,134,96
410,560,730,ShamAY0034080,84,38,207,124,88
411,7,373,Sham19Y0013223,572,831,1455,184,31
411,175,373,Sham19Y0127677,10254,877,1124,123,58
411,142,373,Shamela0001442,234,38,284,136,61
413,96,253,Shamela0001442,51,1145,1353,103,59
413,1342,1536,Sham19Y0014827,332,1106,1290,141,87
415,548,737,Tafsir06049,2764,646,824,143,93
415,548,737,ShamAY0034068,887,1161,1454,149,63
415,548,737,Shamela0023613,2106,44,229,149,97
415,1526,1668,Zaydiyya0000033,37,814,956,118,100
415,548,743,Sham19Y0020891,2261,977,1168,154,97
415,1499,1668,Zaydiyya0000028,72,938,1095,127,90
415,548,737,ShamAY0034052,742,548,733,149,97
415,582,737,JK000458,1251,1,158,120,93
415,1521,1668,Zaydiyya0000063,1767,160,307,120,98
416,872,1427,Sham19Y0150962,1446,399,838,170,33
416,862,1290,Shia002382Vols,31,903,1402,288,68
416,1282,1572,Shia002382Vols,32,510,975,185,44
416,857,1474,Sham19Y0122257,311,342,598,176,35
416,980,1290,Shamela0025800,266,1,366,216,70
416,1282,1578,Shamela0025800,266,889,1235,192,60
416,377,1258,Shamela0021654,1391,772,1368,234,28
416,817,1290,Shia002616Vols,36,950,1473,317,71
416,1282,1572,Shia002616Vols,37,481,807,188,62
416,377,1474,Shamela0023613,58,137,1428,409,30
416,847,1239,JK000001,568,1128,1544,262,74
416,1290,1572,JK000001,569,965,1272,178,62
416,857,1290,Sham19Y0014309,302,209,707,301,73
416,866,1512,Shamela0021660,5012,675,1517,338,43
416,879,1409,Shamela0023631,4305,1,283,153,35
416,1325,1572,Shia002758,39,71,376,165,62
416,847,1581,ShamIbadiyya0000438,1181,141,689,295,46
416,857,1474,JK000201,3643,51,811,336,49
416,872,1427,Sham19Y0013631,1821,459,997,165,25
417,104,383,Shamela0023613,59,1,251,162,64
417,7,383,JK000201,3643,818,1169,223,65
418,1281,1532,Shamela0009107,392,151,403,196,95
418,1056,1532,Shia002265Vols,5034,679,1025,234,60
418,1281,1536,Shamela0003118,1100,150,413,191,87
418,1056,1532,Shamela0001975,527,862,1208,234,60
418,715,905,Sham19Y0122257,2783,1385,1572,134,88
418,1056,1532,Shamela0001438,2252,364,896,238,52
418,1281,1532,Sham19Y0018144,2460,590,849,196,92
418,1281,1532,JK000916,2840,20,275,192,90
418,1332,1528,JK007006,977,1099,1607,144,35
418,1122,1532,Sham19Y0013252,10302,982,1193,137,42
418,1347,1532,Shamela0009780,914,1,597,137,28
418,1089,1463,Sham19Y0018272,1266,730,1289,155,28
418,1096,1532,Sham19Y0013253,791,9,304,227,64
418,1332,1532,Sham19Y0127677,1133,982,1186,159,96
418,1332,1532,Sham19Y0127677,6826,873,1071,159,99
418,1064,1398,JK007054,1080,1152,1506,183,58
418,1398,1532,JK007054,1081,1,133,105,98
418,1281,1532,Shamela0008970,175,674,922,194,94
418,1056,1532,Shamela0021659,656,1021,1414,236,61
418,1056,1532,Shia002261Vols,217,989,1316,228,58
418,816,1536,Sham19Y0020638,1039,276,958,377,51
418,1363,1532,Shamela0026568,931,1416,1569,122,90
418,1332,1545,Shamela0021660,3025,88,614,149,35
418,1290,1532,Sham19Y0014592,1370,265,496,182,92
418,1096,1463,ShamAY0033938,1267,147,1007,199,28
418,1281,1532,ShamAY0033938,1268,87,321,187,93
418,723,911,Shamela0000782,656,150,329,139,92
418,1281,1532,Shia002067,333,693,954,174,80
418,1332,1532,Shamela0008176,5752,25,223,157,98
418,1281,1532,Sham19Y0122406,3443,1165,1399,187,93
418,1145,1463,Shamela0000216,101,8,309,120,39
418,1281,1545,Shamela0021766,2199,1214,1472,197,90
418,1319,1532,Sham19Y0127713,1631,406,617,159,93
418,1332,1532,Shamela0031457,86,577,777,160,99
418,1300,1532,Sham19Y0122096,2226,988,1263,178,79
418,1332,1532,ShamIbadiyya0000438,43,402,604,159,97
418,1363,1532,Shamela0023685,1106,1102,1255,121,89
418,687,911,JK006897,220,863,1064,149,83
418,614,933,Shamela0003485,411,190,456,158,62
418,726,905,Sham19Y0145212,2992,873,1048,129,90
418,1064,1532,Shamela0000432,5817,986,1488,235,56
418,1281,1532,ShamAY0032665,2460,506,765,196,92
418,723,918,Shamela0004289,844,167,351,140,89
418,816,1532,Shamela0004289,1404,524,1122,295,41
418,1281,1536,Shamela0026862,11,384,643,196,91
418,1300,1532,Shamela0021713,562,287,505,165,86
418,1056,1532,JK009390,1322,467,836,245,63
419,548,1455,Sham19Y0017063,1124,567,1546,694,85
419,581,803,Sham19Y0013605,40,27,322,130,54
419,588,1177,Sham19Y0013605,4792,656,924,184,39
419,929,1472,Sham19Y0122257,2633,775,1115,208,45
419,562,785,ShamAY0034055,4603,1164,1405,137,68
419,548,1478,Shamela0023628,1923,610,1373,553,69
419,548,1057,Sham19Y0013252,10305,1047,1562,359,83
419,1057,1468,Sham19Y0013252,10306,1,331,243,72
419,617,1289,JK000940,191,1,758,459,70
419,501,1472,Shamela0011036,2218,520,1450,691,83
419,537,1436,Shamela0009780,914,749,1508,531,70
419,1270,1472,Sham19Y0018272,1266,370,632,156,71
419,663,1285,Sham19Y0013253,792,1,704,432,71
419,537,1158,JK007054,1083,445,1061,461,89
419,1,138,Sham19Y0017729,494,395,532,106,95
419,1266,1472,Shia001831Vols,451,701,965,162,73
419,588,785,Shia002702Vols,4680,1071,1261,128,79
419,436,1472,Shia001764Vols,2140,331,1396,801,90
419,541,794,Sham19Y0123665,2823,416,709,169,67
419,929,1472,Shamela0008176,5750,1140,1473,190,41
419,562,1285,Sham19Y0122406,3444,286,1065,487,71
419,588,969,Shamela0005756,1072,589,960,263,81
419,591,1158,Sham19Y0018103,4025,289,541,170,37
419,1285,1472,ShamIbadiyya0000438,43,1311,1530,150,82
419,501,1472,Sham19Y0023625,1000,441,1345,668,81
419,581,803,Shamela0009823,109,342,597,128,60
419,557,1158,Shia001432Vols,21021,745,1349,456,91
419,537,794,Sham19Y0132524,2311,646,918,164,69
419,440,1415,Shamela0000432,5814,589,1622,734,85
420,907,1229,Shia003923Vols,236,511,712,139,53
420,585,980,Sham19Y0014601,6059,1046,1432,185,54
420,7,483,Sham19Y0017063,1123,415,916,338,76
420,703,975,Shamela0007891,2061,430,974,160,36
420,7,487,Shamela0000791,668,1068,1579,345,78
420,131,329,Sham19Y0013252,10309,324,512,149,92
420,550,775,Shamela0011036,2229,578,739,115,62
420,302,708,JK007054,1078,905,1265,127,27
420,703,878,Sham19Y0001729,5321,91,550,132,35
420,52,609,Shia001764Vols,2143,1,636,340,64
420,366,878,Shamela0003055,299,602,1046,245,56
420,339,984,Shamela0001442,916,639,1291,294,45
420,400,878,Shamela0012033,167,422,824,228,56
420,1061,1229,Shamela0001687,55,96,283,127,84
420,907,1229,ShamAY0033531,3594,702,902,138,52
420,689,1022,ShamAY0033531,3594,1,391,192,60
420,659,1022,ShamAY0033531,4776,957,1375,215,62
420,907,1229,ShamAY0033531,4777,129,329,138,52
420,907,1229,JK000201,3021,1161,1362,139,53
420,609,980,Sham19Y0150639,439,501,953,215,60
420,513,921,Shia001432Vols,20988,106,964,161,19
420,1065,1229,Shia001432Vols,20989,210,387,125,87
421,1,246,Shia003923Vols,571,236,485,195,97
421,841,1024,Shamela0002911,252,185,311,84,57
421,1,246,Sham19Y0150962,1242,1071,1306,172,88
421,1,246,Shamela0000791,672,1218,1453,169,83
421,6,246,Shamela0007562,180,1053,1297,191,97
421,1,246,Sham19Y0131521,6571,827,1139,174,67
421,14,246,Shamela0009918,1110,1163,1320,116,61
421,17,246,Sham19Y0018272,1268,1,229,178,95
421,1,246,Sham19Y0001729,5324,1082,1329,193,96
421,841,1024,Sham19Y0016782,582,1297,1423,84,57
421,1,246,Shamela0001687,6679,191,440,196,98
421,1087,1315,Shamela0008540,1869,194,375,120,63
421,31,264,ShamIbadiyya0000438,45,1,204,147,79
421,1,246,Sham19Y0013631,758,1192,1426,172,88
421,1,246,Sham19Y0150639,440,124,375,195,97
421,1,141,Shia001432Vols,20985,1257,1406,111,93
423,853,1046,Sham19Y0132963,208,922,1043,67,43
423,452,752,Shamela0021809,638,231,541,105,39
423,696,1202,Sham19Y0013605,215,1016,1496,234,50
423,656,1213,Shia002616Vols,2916,158,554,186,37
423,791,1273,Sham19Y0013252,552,434,861,216,48
423,607,1496,Sham19Y0013252,2784,528,1450,482,54
423,853,1046,Shamela0001673,1012,1353,1471,66,44
423,853,1046,Sham19Y0013231,6570,967,1085,66,44
423,905,1402,Sham19Y0013253,180,1,673,386,71
423,853,1046,Sham19Y0014309,52,1126,1246,67,44
423,891,1496,Shia001764Vols,355,1,796,460,72
423,369,550,Shia001764Vols,356,872,1053,123,83
423,916,1496,Sham19Y0122406,279,1,825,426,64
423,726,1477,Shamela0005756,561,334,1152,318,41
423,755,1496,Shamela0005756,5412,73,1025,441,51
423,656,1046,Shamela0009242,464,1161,1389,120,37
423,696,897,Sham19Y0122096,655,395,568,117,66
424,485,844,JK000077,117,319,547,122,44
424,1133,1481,Sham19Y0014601,6125,570,968,225,67
424,1192,1481,Shamela0007891,46,1200,1428,171,71
424,848,1111,Shamela0007891,48,551,825,170,76
424,1229,1481,Shamela0025800,110,598,849,182,87
424,485,630,Shamela0025800,110,354,474,93,82
424,485,1052,Shamela0025800,3445,994,1392,242,49
424,485,844,ShamAY0034055,4855,467,724,130,45
424,469,844,Shamela0004482,669,1326,1445,88,29
424,848,1224,Shamela0037458,4303,618,1073,187,46
424,485,844,Shamela0023606,455,968,1084,90,32
424,555,844,Shamela0036543,701,373,799,83,19
424,469,844,Shamela0009924,19,841,1057,124,40
424,848,1080,Shamela0008473,4643,1127,1438,153,61
424,307,462,Sham19Y0013252,553,15,149,99,80
424,278,462,Sham19Y0013252,2786,79,289,128,75
424,848,1111,Shamela0010639,140,1026,1291,180,82
424,467,594,JK000362,521,1078,1223,86,75
424,469,844,Shamela0007289,2096,151,347,110,36
424,469,844,Shamela0007289,3255,113,348,129,41
424,485,635,Shamela0007289,3372,1357,1512,92,78
424,477,844,Shamela0007289,4745,802,1064,122,42
424,469,848,Shamela0007289,6970,82,315,112,35
424,477,848,ShamAY0034392,319,59,355,135,42
424,852,1104,Shamela0012884,4892,1,278,165,74
424,485,630,Sham19Y0127677,20372,230,351,93,82
424,488,844,Shamela0010284,91,1,179,114,40
424,485,848,Sham19Y0001729,109,917,1055,87,32
424,469,848,Shamela0009690,566,498,731,112,35
424,848,1104,Shamela0008970,188,337,641,167,69
424,485,848,JK000371,398,63,235,118,42
424,485,646,Sham19Y0014309,87,1306,1450,97,74
424,911,1104,ShamAY0034054,3929,1,237,127,66
424,485,844,Shamela0006104,419,37,220,114,40
424,485,844,Shia002702Vols,4937,1239,1493,130,45
424,1,301,Shia001764Vols,355,796,1395,217,45
424,278,462,Shia001764Vols,356,246,457,128,76
424,848,1111,JK001236,265,863,1244,177,58
424,848,1104,Shamela0023623,4074,789,1097,167,68
424,485,1104,Shamela0036558,191,6,303,151,29
424,1166,1481,Shamela0001442,922,741,1029,211,81
424,485,844,Sham19Y0145410,512,1263,1379,90,32
424,72,295,Sham19Y0122406,4455,989,1493,169,42
424,311,462,Sham19Y0122406,4456,765,920,118,95
424,307,462,Shamela0005756,562,369,503,97,78
424,1,292,Shamela0005756,5412,1025,1342,162,62
424,307,462,Shamela0005756,5414,196,352,121,96
424,477,1080,Shamela0031457,87,107,671,235,36
424,55,301,Sham19Y0122096,655,638,1046,172,52
424,485,844,Shamela0036446,27,170,355,122,43
424,1229,1481,ShamAY0033531,3638,859,1115,193,91
424,1229,1481,ShamAY0033531,4821,328,584,193,91
424,477,844,Shia003732Vols,3915,792,1179,123,32
424,861,1111,ShamAY0034134,858,797,1083,162,70
424,1229,1481,Sham19Y0150639,454,621,889,191,87
424,469,848,JK006950,1175,729,962,112,35
424,469,844,Shamela0012293,25,1260,1456,111,37
424,477,1111,Shamela0021713,563,356,1012,262,37
424,1175,1481,Sham19Y0023618,2255,262,525,179,66
425,796,1088,ShamAY0033945,2132,557,825,171,66
425,852,1184,Shamela0025800,761,85,339,177,66
425,848,1088,Shamela0009784,1110,687,974,146,59
425,879,1180,ShamAY0034005,984,575,832,166,67
425,879,1177,Shamela0000767,4928,525,789,179,72
425,879,1088,Sham19Y0013253,870,1301,1506,151,88
425,879,1172,Sham19Y0013572,865,658,1050,191,58
425,796,1180,JK007065,858,483,755,180,59
425,838,1172,Sham19Y0014309,861,169,408,151,56
425,848,1172,Sham19Y0020891,5918,196,539,180,56
425,872,1184,Sham19Y0020638,1289,154,543,190,59
425,879,1180,Shia001831Vols,572,978,1235,166,67
425,879,1172,ShamAY0033938,1526,1178,1427,165,68
425,848,1180,JK000533,2280,105,442,177,57
425,949,1172,Sham19Y0122406,4038,1,285,134,54
425,872,1172,Shamela0021635,69,308,651,169,54
425,939,1088,Shamela0026484,421,485,636,110,89
425,838,1180,Shia003732Vols,4691,854,1112,147,54
425,879,1172,Shamela0005803,202,146,435,179,74
425,838,1180,Sham19Y0017616,553,536,813,176,64
425,838,1180,Shamela0010664,1295,378,663,176,63
429,52,388,Shia003965Vols,9761,418,527,66,24
430,1187,1450,Sham19Y0014601,5047,730,1124,173,48
430,1296,1539,Shamela0001442,954,1,260,179,86
431,1,264,Shamela0001442,954,260,457,151,73
431,1211,1462,ShamAY0036821,117,1017,1335,137,46
432,795,928,Shia003952Vols,337,1323,1457,99,87
432,80,257,Sham19Y0013257,511,27,548,110,26
434,315,482,Tafsir02079,3070,685,1135,84,24
434,315,461,Shia002616Vols,4790,828,1002,85,60
434,315,466,Shamela0012753,141,352,555,88,55
434,315,482,JK009266,7133,1023,1407,87,29
434,315,461,Sham19Y0016826,2471,241,459,89,53
434,309,456,Shia003952Vols,268,1392,1522,96,82
434,315,461,JK006476,1273,409,553,79,72
434,315,505,Shamela0026099,118,438,651,125,71
436,147,295,Sham19Y0017116,458,1,524,66,14
437,595,1124,JK006705,704,7,652,248,40
437,1124,1378,Shamela0009985,167,803,1075,143,59
437,523,952,Shamela0009134,210,866,1541,312,55
437,952,1378,Shamela0009134,211,1,473,313,78
437,1019,1383,Sham19Y0016714,1483,21,353,265,88
437,576,875,Shamela0004473,9443,830,1099,170,69
437,911,1378,Shia003952Vols,324,1,455,368,95
437,1019,1378,Shia004649Vols,263,150,480,267,89
439,180,373,Shamela0011539,169,1,194,153,94
439,510,627,Sham19Y0013247,62,136,262,95,92
439,510,627,Sham19Y0016826,2066,1048,1174,95,92
439,132,373,Shia003952Vols,149,226,459,155,74
439,504,627,Shamela0011742,327,1233,1444,94,54
439,510,627,Sham19Y0013257,758,1105,1225,94,95
444,872,1015,Sham19Y0013680,8,423,652,92,46
444,1085,1230,Sham19Y0013680,41,481,767,99,39
444,926,1218,Shamela0007312,125,991,1474,84,17
444,926,1195,Shamela0010640,231,1346,1576,100,38
444,872,1004,ShamAY0034489,15,1241,1363,84,75
445,1067,1278,Sham19Y0147320,119,927,1143,153,86
445,1067,1278,ShamAY0033799,176,748,1014,149,69
445,1097,1278,Shamela0002573,556,1243,1447,135,80
449,1360,1589,ShamAY0034052,1114,844,989,76,36
450,445,765,Tafsir05047,212,71,265,111,37
451,757,928,Shamela0023591,2908,1,158,129,91
451,204,928,Zaydiyya0000295Vols,2540,673,1066,276,45
451,204,767,ShamAY0034199,1534,1358,1609,149,32
451,767,928,ShamAY0034199,1535,1,153,124,94
451,1087,1477,ShamAY0033799,50,53,269,166,53
451,658,920,Zaydiyya0000062,474,122,366,182,82
451,1254,1477,Sham19Y0147062,620,1061,1271,167,93
451,665,928,Tafsir07057,1773,413,647,170,77
451,665,928,Shamela0023631,1862,152,394,180,82
451,16,928,ShamAY0034052,606,442,1147,325,37
451,665,871,Shamela0010664,865,1182,1369,133,75
458,639,795,Sham19Y0133411,1936,855,1012,115,91
459,331,587,Zaydiyya0000398,296,1470,1641,117,55
461,1109,1390,Shamela0011437,271,40,156,78,35
461,1022,1517,ShamAY0034180,126,1012,1469,255,58
461,1109,1417,Shamela0021593,950,1413,1543,83,34
462,1046,1230,Sham19Y0133411,1415,1429,1557,101,69
464,1313,1494,Shamela0012014,241,89,369,117,53
465,384,790,Shia002406Vols,6969,940,1286,132,41
465,384,790,Shia002359Vols,3926,862,1208,132,41
467,801,986,Sham19Y0020892,283,733,919,138,82
467,633,986,Sham19Y0133411,984,815,1202,232,69
467,678,986,Zaydiyya0000266,663,670,851,118,46
470,302,713,Zaydiyya0000266,352,706,1259,227,44
471,495,705,Sham19Y0133411,1529,1258,1529,157,71
471,495,705,Zaydiyya0000266,512,198,398,118,55
474,599,734,ShamAY0034052,1188,718,856,107,94
476,56,251,JK001233,18,107,314,155,89
476,51,251,Tafsir09084,641,1020,1243,157,85
476,56,251,Shamela0004445,6845,89,299,156,90
476,1434,1649,Shamela0004445,6872,1266,1456,128,71
476,56,251,Shamela0001975,619,415,624,158,90
476,86,251,Sham19Y0017063,1381,1,181,131,88
476,56,251,Shamela0007891,2567,798,1011,154,87
476,56,251,Shamela0001438,7288,601,811,157,90
476,56,251,Shamela0025800,2886,703,915,156,89
476,1434,1649,Sham19Y0018144,2343,1062,1272,131,72
476,51,251,Shamela0009784,207,1117,1326,145,79
476,56,251,Sham19Y0127677,5251,251,456,151,88
476,51,251,Shamela0000483,23,1054,1265,146,79
476,56,251,JK007065,1258,499,709,157,90
476,64,251,JK010001,1334,1,203,149,89
476,56,251,Shamela0021659,826,1289,1499,158,90
476,56,251,Sham19Y0020638,1351,927,1196,157,70
476,56,251,Shia001831Vols,635,1128,1338,157,90
476,56,251,Sham19Y0132973,334,1080,1295,157,88
476,56,251,JK009266,6051,513,726,155,87
476,56,251,ShamAY0033938,1604,420,630,157,90
476,56,251,Sham19Y0016976,1610,84,281,145,83
476,56,251,Shamela0007485,24,132,342,155,89
476,1434,1649,Shamela0007485,26,467,648,126,72
476,56,251,Shamela0008176,6786,1287,1484,145,83
476,67,251,Sham19Y0122406,4188,1146,1345,148,90
476,56,251,Shamela0021766,2668,1033,1252,150,83
476,51,251,Shamela0021589,149,1322,1487,111,59
476,56,251,Shamela0008353,527,645,855,156,90
476,56,243,Shamela0003722,3553,1098,1309,148,85
476,46,251,Sham19Y0127668,35,603,835,158,82
476,56,251,Sham19Y0145212,3293,495,692,145,83
476,56,251,Tafsir07055,1409,370,580,156,90
476,56,251,Sham19Y0132524,3046,1165,1375,157,90
476,1434,1649,ShamAY0032665,2343,980,1190,131,72
476,56,251,Shamela0004289,1631,1016,1213,146,84
476,56,251,Sham19Y0017616,518,598,808,157,90
476,56,251,JK009214,115,1239,1437,143,85
476,56,251,JK000374,149,9,219,159,91
476,35,251,Shamela0008381,701,598,839,162,80
476,56,251,JK009390,6083,1220,1430,158,90
479,1206,1605,Shamela0004445,6851,563,946,304,94
479,1264,1605,Shia002265Vols,4694,1089,1427,264,93
479,1240,1596,Shamela0001975,1074,973,1370,261,79
479,1201,1605,Sham19Y0037618,6724,321,725,310,91
479,1206,1605,Shamela0007891,2569,652,1035,302,93
479,1206,1605,Sham19Y0017903,1022,562,955,307,93
479,1206,1605,Sham19Y0122257,3060,356,746,309,95
479,1264,1596,Shamela0001438,4304,991,1307,252,93
479,1222,1605,Shamela0025800,2890,914,1285,293,94
479,1364,1596,ShamAY0034005,1524,1,230,173,91
479,1206,1600,Sham19Y0014119,569,352,736,303,94
479,1206,1605,Shamela0011818,82,452,841,309,95
479,1264,1596,Sham19Y0127677,2669,973,1244,217,80
479,1206,1605,Sham19Y0127677,15316,11,403,311,96
479,1206,1605,Sham19Y0017791,1799,887,1275,308,95
479,1206,1605,Sham19Y0017791,1800,309,847,302,68
479,1206,1605,JK007065,673,305,685,300,92
479,1326,1605,Shamela0012014,386,1,278,211,91
479,1312,1605,Sham19Y0148271,690,8,301,229,94
479,1344,1605,Shamela0021659,1462,1,252,197,93
479,1215,1605,Sham19Y0020638,1353,511,894,300,94
479,1206,1605,Shia001831Vols,638,1016,1407,311,96
479,1320,1605,Sham19Y0132618,196,517,939,219,63
479,1206,1605,Shamela0000140,2138,540,939,293,87
479,1206,1605,Shamela0001441,41,1079,1441,275,83
479,1320,1605,Sham19Y0132973,335,4,294,219,90
479,1333,1605,Sham19Y0132973,338,19,329,117,44
479,1206,1605,ShamAY0033938,1606,441,833,311,96
479,1206,1480,Sham19Y0013614,738,1350,1617,212,94
479,1206,1605,Shamela0008360,811,66,472,310,92
479,1206,1605,Sham19Y0016976,1616,653,1041,308,95
479,1226,1605,Shamela0007485,25,1076,1448,295,95
479,1206,1605,Shamela0008176,6805,1190,1594,310,92
479,1434,1605,Shamela0008176,6807,669,942,131,59
479,1206,1605,Sham19Y0122406,4195,927,1319,311,96
479,1206,1605,Shamela0021766,3915,53,441,307,94
479,1381,1605,Shamela0005756,6599,1,224,175,96
479,1226,1605,Shamela0008353,528,1012,1491,284,71
479,1206,1605,Shamela0003722,5789,916,1299,296,90
479,1206,1605,Shia003732Vols,4420,356,745,298,90
479,1206,1495,Sham19Y0145212,3299,1328,1609,223,95
479,1206,1605,Shamela0004289,1633,594,984,304,92
479,1396,1605,Sham19Y0017616,520,1,209,162,94
479,1206,1605,JK009214,116,431,837,305,89
479,1206,1605,JK000374,150,743,1133,306,94
479,1206,1605,ShamAY0033760,730,802,1196,303,90
479,1244,1596,JK009390,2857,880,1228,252,86
479,1206,1605,JK000384,454,99,492,311,96
480,1,550,Shamela0004445,6851,941,1487,419,93
480,161,602,Shia002265Vols,4695,1,413,317,89
480,20,171,Shamela0001975,1074,1370,1509,99,78
480,171,602,Shamela0001975,1075,1,388,297,86
480,1,602,Sham19Y0037618,6724,720,1313,462,94
480,1,512,Shamela0007891,2569,1030,1536,381,91
480,279,442,Sham19Y0150962,1217,143,537,122,38
480,1,602,Sham19Y0017903,1022,950,1538,439,87
480,41,602,Sham19Y0122257,3061,134,679,422,93
480,20,314,Shamela0001438,4304,1307,1574,200,84
480,314,602,Shamela0001438,4305,1,240,190,81
480,1,296,Shamela0025800,2890,1280,1571,215,87
480,296,602,Shamela0025800,2891,1,304,242,97
480,16,602,ShamAY0034005,1524,230,790,404,81
480,279,414,Shamela0001673,11114,972,1472,101,25
480,1,602,Sham19Y0014119,569,731,1321,448,92
480,1,602,Shamela0011818,82,836,1442,455,91
480,20,350,Sham19Y0127677,2669,1244,1546,224,85
480,350,602,Sham19Y0127677,2670,1,205,161,78
480,1,602,Sham19Y0127677,15316,398,992,460,94
480,1,296,Sham19Y0017791,1799,1270,1571,210,83
480,296,602,Sham19Y0017791,1800,1,306,241,96
480,384,602,Sham19Y0017791,1801,1,226,153,82
480,1,602,JK007065,673,680,1268,449,91
480,1,602,Shamela0012014,386,273,836,421,85
480,1,602,Sham19Y0148271,690,296,864,436,89
480,1,602,Shamela0021659,1462,247,769,384,78
480,11,602,Shamela0021715,3104,85,972,405,54
480,11,442,Shamela0021715,10672,296,1027,315,52
480,1,602,Sham19Y0020638,1353,889,1477,446,90
480,1,134,Shia001831Vols,638,1402,1537,97,86
480,134,602,Shia001831Vols,639,1,460,361,95
480,279,602,Sham19Y0132618,197,1,622,230,46
480,26,414,Shamela0000140,2139,1114,1468,262,83
480,75,414,Shamela0000140,2140,512,1205,236,42
480,414,602,Shamela0000140,2141,1,180,143,93
480,75,602,Shamela0001441,42,1,502,367,85
480,1,602,Sham19Y0132973,335,289,853,419,85
480,80,314,Shamela0006947,16532,1340,1566,172,91
480,1,602,ShamAY0033938,1606,828,1423,458,93
480,1,602,Sham19Y0013614,739,117,670,413,82
480,1,602,Shamela0008360,811,467,1028,434,88
480,1,506,Sham19Y0016976,1616,1036,1551,378,89
480,1,123,Shamela0007485,25,1443,1566,91,88
480,123,602,Shamela0007485,26,1,463,359,93
480,52,602,Shamela0008176,6806,1,533,413,93
480,1,130,Sham19Y0122406,4195,1314,1446,94,85
480,123,637,Sham19Y0122406,4196,689,1178,377,91
480,1,602,Shamela0021766,3915,436,1054,444,86
480,1,602,Shamela0005756,6599,219,796,442,90
480,270,602,Shamela0036446,1404,4,305,238,89
480,26,602,Shamela0008353,529,4,597,440,90
480,179,602,Shamela0003722,5790,1,417,307,84
480,1,602,Shia003732Vols,4420,740,1304,420,85
480,134,420,Sham19Y0145212,3300,1293,1544,197,86
480,1,134,Sham19Y0145212,3300,531,666,97,86
480,420,602,Sham19Y0145212,3301,852,1029,143,97
480,179,602,Sham19Y0132524,3054,258,671,328,96
480,1,384,Shamela0012293,1130,1252,1515,189,60
480,1,555,Shamela0004289,1633,979,1534,420,91
480,1,602,Sham19Y0017616,520,204,799,458,93
480,1,602,JK009214,116,832,1385,426,86
480,1,390,JK000374,150,1128,1507,272,83
480,390,607,JK000374,151,1,213,168,95
480,1,350,ShamAY0033760,730,1191,1508,239,83
480,350,602,ShamAY0033760,731,1,259,195,91
480,20,350,JK009390,2857,1228,1530,220,82
480,350,602,JK009390,2858,1,207,161,78
480,1,602,JK000384,454,487,1068,426,86
483,867,1050,Sham19Y0017881,188,129,423,105,43
483,998,1200,JK009151,189,296,742,133,38
483,1040,1228,Sham19Y0133411,948,658,830,121,80
486,167,445,Sham19Y0017881,367,480,788,209,82
486,167,445,Sham19Y0032193,429,379,688,204,80
486,167,445,JK009151,492,402,732,209,77
486,167,445,Sham19Y0133411,1267,827,1137,209,82
486,72,428,Sham19Y0133411,1268,635,1391,205,31
486,167,410,Sham19Y0127717,323,981,1592,163,32
486,167,410,Shamela0008156,385,764,1043,180,80
488,949,1281,Shia002265Vols,2857,1,330,260,96
488,949,1281,Shamela0001438,98,592,879,198,68
488,949,1281,Shamela0001438,7014,1032,1361,260,96
488,949,1281,Shamela0021654,1644,674,1318,238,46
488,955,1281,ShamAY0033108,382,1201,1531,185,62
488,1133,1281,Shamela0005923,27,1,143,110,94
488,1004,1286,Shamela0021629,447,48,316,199,86
488,960,1281,Tafsir03037,449,574,906,177,61
488,949,1286,Sham19Y0013223,950,242,576,257,94
488,970,1281,Shamela0001673,9025,1091,1386,201,78
488,955,1281,Tafsir02091,506,6,336,185,62
488,960,1281,Shamela0010273,542,338,670,177,61
488,949,1281,Sham19Y0127677,4988,223,550,257,95
488,949,1281,Sham19Y0127677,11039,410,735,251,92
488,949,1286,Shamela0010443,194,949,1287,264,95
488,970,1281,Sham19Y0014309,2080,509,809,211,82
488,949,1228,Shamela0006060,946,1215,1487,212,93
488,955,1281,Shamela0021715,9257,702,1042,221,73
488,949,1281,Shamela0011788,160,703,1013,198,66
488,909,1281,ShamAY0034301,7,133,440,212,67
488,970,1281,Shamela0001467,94,453,748,200,78
488,970,1286,Shamela0000551,2887,567,872,210,80
488,1033,1293,ShamIbadiyya0000438,919,1,256,186,87
488,949,1281,JK000021,2643,739,1068,260,96
488,949,1281,Shia002264,795,30,373,260,93
488,949,1281,Shamela0012579,1922,386,711,255,94
488,913,1281,JK009390,48,944,1249,205,64
488,949,1281,JK009390,3664,110,438,256,95
493,977,1124,Zaydiyya0000015,1424,1096,1243,113,97
495,1203,1462,Sham19Y0133411,155,527,696,111,51
495,1254,1489,Sham19Y0133411,156,100,312,115,57
495,11,213,Shia003961Vols,679,112,298,68,32
496,995,1557,Zaydiyya0000265,101,353,955,429,88
502,1273,1589,Zaydiyya0000265,1316,774,1121,204,68
503,439,960,Zaydiyya0000265,1321,953,1531,394,82
503,960,1633,Zaydiyya0000265,1322,1,645,519,93
505,1429,1560,Shamela0037458,4232,1295,1425,94,85
505,1399,1560,Shamela0007266,63,274,436,111,79
505,1419,1560,Shia001764Vols,153,278,434,106,85
505,1432,1560,Sham19Y0132415,1026,949,1091,99,86
505,1387,1560,Zaydiyya0000413Vols,882,1361,1527,127,91
505,1424,1560,Sham19Y0023625,2307,916,1055,98,81
506,375,539,Shamela0025800,2768,262,499,95,45
506,1,132,Shamela0037458,4232,1425,1547,95,90
506,1,258,Sham19Y0131521,3575,495,681,145,68
506,379,539,Shamela0023628,2443,1075,1287,92,47
506,1,375,Shamela0023628,3316,63,452,285,87
506,375,539,Shamela0023628,3317,159,339,129,87
506,1,280,Sham19Y0018272,1050,78,272,127,55
506,1,178,Shamela0096271,4,343,538,118,70
506,1,375,Shamela0007266,63,436,836,299,90
506,1,375,Shia001764Vols,153,434,837,299,89
506,375,539,Shia001764Vols,154,558,754,129,80
506,1,370,Sham19Y0132415,1026,1091,1423,219,63
506,258,375,Zaydiyya0000413Vols,3182,599,750,83,67
506,1,375,Sham19Y0023625,2307,1055,1443,286,86
508,1147,1588,Zaydiyya0000015,545,1075,1496,333,89
509,74,668,Zaydiyya0000015,546,1,618,485,95
528,84,712,Zaydiyya0000263,217,839,1531,501,89
528,722,1197,Zaydiyya0000263,218,5,445,272,68
529,244,344,Shamela0021629,250,904,1005,78,98
529,220,344,Sham19Y0013223,189,1225,1344,93,95
529,244,349,Shamela0006848,174,40,150,81,93
529,220,449,Zaydiyya0000015,2109,295,549,121,55
529,244,344,Shia002264,669,965,1065,78,99
535,1000,1605,Shamela0009856,1103,950,1497,128,16
536,1009,1480,Shia002265Vols,1761,629,835,73,17
536,439,1009,Shamela0021629,669,994,1209,97,19
536,1009,1368,Sham19Y0014119,401,561,779,76,22
536,1009,1368,Shamela0008360,559,575,905,103,28
539,97,221,Shamela0023645,446,777,1034,59,31
540,355,490,Shamela0001975,857,20,202,86,51
540,314,490,Shamela0001438,8051,737,1209,124,32
540,314,490,Sham19Y0127677,1996,656,1070,122,36
540,314,490,Shia002261Vols,389,393,569,116,72
540,525,855,Zaydiyya0000328,196,913,1100,90,29
540,308,490,JK009390,2047,402,661,116,51
541,618,958,Sham19Y0127700,285,5,459,74,13
544,816,970,Zaydiyya0000097,386,435,874,103,28
546,744,840,Zaydiyya0000100,296,360,456,75,100
546,744,846,JK000995,84,855,958,76,95
546,685,840,Zaydiyya0000398,286,304,479,85,51
546,718,840,Zaydiyya0000398,289,1123,1259,88,82
546,744,852,Zaydiyya0000002,6,1215,1321,82,97
546,744,840,Zaydiyya0000002,42,1160,1256,75,100
546,732,840,Zaydiyya0000288,712,362,470,81,91
546,744,896,Zaydiyya0000474,350,1141,1348,117,71
546,515,796,Zaydiyya0000098,565,1239,1409,110,48
546,744,840,Zaydiyya0000042,178,583,679,73,97
546,732,867,Zaydiyya0000090,301,6,151,90,78
546,718,840,Zaydiyya0000266,250,115,234,86,90
560,116,813,Zaydiyya0000015,172,747,1316,355,59
566,112,659,Zaydiyya0000162,604,646,1378,157,19
567,1180,1609,Zaydiyya0000267,95,712,1282,341,74
567,797,1086,Zaydiyya0000267,95,1,307,224,88
567,1189,1384,Zaydiyya0000260,7,22,415,125,37
568,1135,1619,Zaydiyya0000045,181,1001,1521,377,87
569,1379,1546,Zaydiyya0000015,177,938,1085,109,82
569,57,1560,Zaydiyya0000045,182,1,1539,1159,92
570,1072,1519,Zaydiyya0000015,178,1,367,249,65
570,1,1528,Zaydiyya0000045,183,15,1533,1165,93
571,14,1457,Zaydiyya0000015,178,372,1404,721,62
571,1,1401,Zaydiyya0000045,184,52,1458,1057,92
572,1,1415,Zaydiyya0000045,185,88,1500,1067,92
573,1,1374,Zaydiyya0000045,186,110,1481,1056,95
574,583,765,Zaydiyya0000015,179,521,703,142,97
574,757,1015,Zaydiyya0000015,180,561,820,207,98
574,1,1071,Zaydiyya0000045,187,143,1229,813,88
577,1094,1292,ShamIbadiyya0000487,128,161,290,100,64
577,1088,1292,JK000271,107,878,1190,105,36
577,1118,1392,JK000201,1059,1256,1557,106,35
583,622,865,Sham19Y0013241,192,471,906,180,50
583,622,865,Shamela0001875,194,33,481,176,47
583,565,865,JK007083,26,122,874,197,32
583,622,865,Sham19Y0148271,2260,867,1307,176,47
593,937,1219,Zaydiyya0000570BK3,913,1204,1487,213,93
602,437,789,Zaydiyya0000080,268,979,1292,199,61
602,399,661,Sham19Y0035453,134,938,1195,177,78
602,1349,1534,Sham19Y0014601,5353,260,440,138,91
602,399,784,ShamAY0034068,374,622,960,207,58
602,1349,1534,Sham19Y0017903,199,1204,1403,136,83
602,958,1167,Sham19Y0122257,2535,517,715,143,80
602,936,1206,Shamela0025800,3027,845,1120,166,69
602,399,657,Shamela0025800,3440,109,382,192,82
602,765,1432,Shamela0006886,122,372,954,241,39
602,1349,1523,Sham19Y0131521,1048,1133,1324,128,81
602,940,1534,Sham19Y0131521,5519,444,868,256,54
602,765,1173,Shamela0031375,39,405,775,203,58
602,661,1225,Shamela0021629,273,365,882,195,35
602,461,687,Shamela0021629,274,166,441,167,71
602,362,661,Shamela0021629,331,945,1236,209,80
602,399,661,Shamela0021629,425,385,629,156,64
602,399,784,Shamela0023628,529,288,654,215,65
602,761,1432,Shamela0036543,2168,944,1462,235,41
602,1349,1534,Sham19Y0020591,259,1020,1222,136,82
602,1349,1534,Sham19Y0020591,1470,133,313,138,91
602,441,657,ShamAY0034383,149,348,589,153,74
602,385,784,Sham19Y0013223,700,431,884,214,50
602,399,661,Sham19Y0013223,781,1018,1296,181,75
602,932,1225,Sham19Y0013223,782,587,917,194,70
602,1353,1534,Sham19Y0013223,784,1,199,139,86
602,932,1192,Sham19Y0013223,1058,894,1188,166,66
602,399,784,Shamela0010639,349,773,1207,212,57
602,1331,1534,Shamela0011036,2182,227,405,134,81
602,399,657,Sham19Y0013231,8016,1034,1300,178,77
602,437,657,Shamela0012981,1097,1,254,152,71
602,1349,1534,Shamela0012981,2063,376,552,113,68
602,437,657,Shamela0010517,1938,657,875,147,72
602,1206,1494,Zaydiyya0000059,1516,1189,1477,138,49
602,437,661,Sham19Y0013572,322,469,710,163,79
602,958,1139,Shamela0006848,162,565,762,132,80
602,1331,1534,ShamAY0035035,7079,880,1071,144,88
602,347,789,Zaydiyya0000015,2351,715,1055,231,63
602,437,784,JK007065,142,1026,1336,181,59
602,932,1255,Shamela0012014,202,344,686,167,52
602,399,745,Shamela0012014,343,916,1279,201,61
602,926,1192,Sham19Y0017747,2304,185,449,173,74
602,982,1139,Shamela0011468BK1,524,1086,1222,105,84
602,6,229,Zaydiyya0000162,1381,240,522,139,59
602,437,661,Shia001764Vols,335,1217,1407,139,71
602,437,657,Shamela0021821,280,370,608,167,84
602,399,657,Shamela0000894,5256,75,349,178,75
602,399,977,Shamela0000894,6108,506,1011,216,35
602,437,669,Shamela0003055,716,457,720,155,69
602,437,657,ShamAY0033938,74,658,896,160,78
602,1349,1523,Sham19Y0020944,144,606,797,128,81
602,940,1534,Sham19Y0020944,930,45,504,275,55
602,390,657,ShamAY0033586,49,186,460,179,76
602,958,1167,Shamela0008360,654,931,1129,143,80
602,1331,1534,Shamela0029877,3,1046,1261,130,70
602,765,1139,Shamela0029877,5,312,655,179,47
602,1322,1534,Shamela0009242,666,1204,1416,151,86
602,932,1206,Shamela0036446,673,601,810,144,67
602,697,1167,JK006897,57,293,540,167,42
602,1349,1534,JK000021,1766,1197,1376,137,91
602,1349,1534,Shamela0021765,1386,333,517,138,89
602,1091,1534,JK000386,1010,78,569,191,41
602,1002,1167,Sham19Y0145212,2708,1,156,114,78
602,486,661,Sham19Y0132524,178,1069,1263,132,78
602,347,661,Shamela0025791,670,977,1302,216,76
602,932,1225,Shamela0025791,671,619,890,146,57
602,697,1173,Shamela0000432,6203,1124,1522,159,29
602,437,657,JK000786,2627,13,251,162,79
602,399,657,Shamela0012293,2923,56,330,174,73
602,399,650,Shamela0004289,67,291,556,167,72
602,399,657,Shia000841Vols,2948,33,299,178,77
602,1349,1523,Shamela0117359,205,305,496,128,81
602,940,1534,Shamela0117359,947,846,1289,253,52
602,399,657,Shamela0008381,2906,775,1041,177,77
608,28,240,Zaydiyya0000274,703,899,1074,127,75
608,23,231,Zaydiyya0000162,1644,555,748,139,83
608,23,231,Zaydiyya0000162,1664,74,266,139,83
609,67,184,Zaydiyya0000343,44,291,409,82,87
610,311,467,Zaydiyya0000162,1644,898,1051,123,97
610,311,467,Zaydiyya0000162,1664,416,569,123,97
612,420,820,Zaydiyya0000274,694,874,1224,182,44
619,969,1186,Sham19Y0013223,141,235,422,143,81
619,969,1159,Shia001782Vols,385,212,372,121,79
621,482,691,Shamela0025800,864,5,126,93,55
621,482,684,Sham19Y0013223,144,24,236,155,85
621,482,684,Shamela0023613,627,537,653,94,57
621,482,684,Shia002264,47,295,463,126,75
623,761,1057,Shamela0010906,4320,362,661,165,62
623,761,977,Shamela0009107,66,1218,1466,129,62
623,729,1036,Shamela0026884,554,539,877,166,56
623,1356,1547,JK009408,1194,763,954,136,83
623,1356,1547,Shia002265Vols,2759,18,207,139,85
623,1356,1547,Shamela0021809,1459,1104,1293,139,85
623,1347,1547,Sham19Y0017903,433,1099,1297,139,82
623,708,1036,Sham19Y0017903,434,1,341,216,78
623,1356,1547,Shamela0001438,6718,89,278,139,85
623,708,1057,Shamela0025800,2533,708,1458,241,39
623,761,1036,Sham19Y0018144,936,1113,1395,149,59
623,1356,1547,JK000024,34,1131,1328,141,86
623,1280,1547,Shamela0001875,573,798,1064,154,62
623,575,1036,Shamela0001875,574,604,1001,159,31
623,1250,1547,Sham19Y0131521,2018,915,1202,178,73
623,1356,1547,Sham19Y0148486,2708,1002,1197,141,87
623,758,1036,Shamela0023628,3710,525,810,197,82
623,1356,1547,Shamela0001719,3979,1136,1327,140,85
623,1250,1547,Shamela0011036,1136,117,437,162,62
623,1342,1547,ShamIbadiyya0000229,2600,48,258,145,83
623,1356,1547,Shamela0000767,1494,329,522,144,88
623,758,1057,Sham19Y0127677,7905,1111,1420,216,83
623,775,1036,Sham19Y0001729,1267,437,712,167,72
623,758,1036,JK007065,235,867,1153,195,81
623,1356,1547,Sham19Y0148271,905,752,943,136,84
623,826,1036,Sham19Y0020638,325,1,216,151,83
623,1342,1547,Sham19Y0020638,505,948,1152,146,84
623,1347,1522,Sham19Y0017729,219,1386,1567,130,87
623,758,1036,Sham19Y0017729,220,64,352,200,84
623,1342,1547,Sham19Y0014325,2031,1053,1257,141,80
623,708,1036,Shamela0021614,683,476,855,200,63
623,758,1066,Shamela0006610,509,189,506,216,81
623,1356,1508,Shamela0006610,509,1356,1508,108,83
623,754,1071,Tafsir09050,4881,1154,1433,201,78
623,758,1036,ShamAY0033938,393,431,724,204,84
623,1356,1547,ShamAY0033938,610,466,657,141,87
623,758,1036,Sham19Y0122406,1115,257,550,204,84
623,1304,1547,JK000791,2507,566,802,151,72
623,708,1066,Shamela0009242,1944,865,1258,239,72
623,708,1066,Shamela0009242,1945,621,1014,239,72
623,761,977,Shamela0006117,11,638,869,137,71
623,708,1066,Shamela0036446,353,323,657,227,76
623,1304,1547,Shamela0005922,1658,727,962,152,76
623,758,1036,JK006897,251,229,521,201,83
623,758,903,JK000609,10,89,244,108,89
623,1342,1547,ShamAY0034306,7,123,322,143,83
623,758,1085,Sham19Y0132524,666,117,448,221,78
623,1356,1547,Sham19Y0132524,1010,1033,1232,141,83
623,1356,1547,Sham19Y0146127,1425,935,1101,126,81
623,761,1036,ShamAY0032665,936,1121,1403,149,59
623,1322,1539,Shia000841Vols,3188,247,460,151,81
623,1356,1547,Shamela0025794,2889,904,1093,139,85
623,1356,1547,Sham19Y0011194,111,1305,1496,141,87
626,985,1535,ShamAY0034204BK1,480,342,567,93,19
626,985,1535,JK000299,226,851,1083,78,14
626,985,1535,Shamela0021744,266,1081,1313,78,14
627,17,123,Sham19Y0016599,929,1,112,79,91
627,4,123,ShamAY0034204BK1,480,570,689,93,99
627,1010,1232,Shamela0000976,12,515,731,162,92
627,4,123,Shia002265Vols,2370,149,273,90,92
627,4,123,ShamAY0036017,10,599,722,94,96
627,1015,1281,Zaydiyya0000161,221,657,920,184,81
627,1026,1398,Sham19Y0017437,345,329,673,209,70
627,4,123,Shamela0001733,1411,1004,1123,93,99
627,10,123,Shamela0001438,521,1307,1425,84,90
627,4,133,Shamela0001875,249,886,1017,94,90
627,4,152,ShamAY0034073,1400,1293,1464,112,83
627,4,123,Shamela0012052,457,1172,1284,88,93
627,1015,1232,Shia001731Vols,286,637,847,160,93
627,1010,1261,Shamela0029878,306,65,291,172,87
627,4,123,Sham19Y0013223,139,1268,1387,93,99
627,4,123,Sham19Y0013223,185,968,1085,92,97
627,1015,1225,Sham19Y0013223,192,1242,1464,157,88
627,1075,1232,Sham19Y0013667,6064,8,165,123,100
627,1015,1232,JK000991,14,688,900,161,93
627,4,123,Sham19Y0123608,245,1309,1428,92,98
627,4,123,Sham19Y0127677,278,1071,1195,90,92
627,4,123,Shamela0011993,274,526,644,91,97
627,4,123,Shamela0008544,1037,1075,1194,93,99
627,1015,1193,ShamAY0034128,176,1274,1426,112,80
627,1010,1348,Shamela0006610,274,547,842,199,76
627,4,123,Shamela0006610,295,198,317,93,99
627,4,123,Sham19Y0014592,155,429,548,94,100
627,4,123,ShamAY0033181,168,821,936,91,96
627,1051,1374,Sham19Y0017798,1608,1070,1303,149,59
627,4,123,JK000299,226,1088,1207,94,100
627,1060,1243,Shamela0005756,3335,1,196,139,88
627,1032,1379,Shamela0009242,1152,601,906,177,62
627,4,123,Shamela0005922,742,969,1094,93,94
627,4,123,Shamela0005922,743,840,1392,93,21
627,1010,1243,JK000201,991,1125,1415,172,73
627,4,123,JK006897,132,1183,1302,93,99
627,4,123,Shamela0021765,427,1178,1297,94,100
627,1010,1232,JK000216,2,15,247,158,82
627,1010,1232,JK000216,95,320,548,163,88
627,4,123,Shamela0021744,266,1318,1437,94,100
627,4,123,Shia001887Vols,229,1212,1331,93,99
627,1015,1232,Shamela0009810,535,1135,1345,160,93
627,4,123,JK009390,259,453,571,84,86
628,391,637,Sham19Y0013783,344,251,427,126,64
628,512,648,Shamela0025800,1379,28,152,99,91
628,395,594,Sham19Y0131521,2104,915,1094,89,50
628,512,648,Sham19Y0148486,1006,1001,1131,100,93
628,399,637,ShamAY0034005,246,1065,1408,133,46
628,399,648,JK000977,684,641,1227,154,32
628,512,637,Sham19Y0014309,318,1253,1373,89,88
628,395,648,JK007107,181,106,336,151,73
628,536,648,Zaydiyya0000162,2163,309,413,80,90
628,512,672,Shamela0006610,274,823,987,114,85
628,399,648,Shamela0005756,3329,595,970,134,44
628,399,648,Shamela0005756,3334,698,1073,134,44
628,303,667,Shamela0009242,1152,764,1138,150,40
628,512,667,JK000201,991,621,788,107,77
629,519,897,Shia003923Vols,1435,1022,1481,291,78
629,533,856,JK001211,235,1,370,200,63
629,525,762,JK001211,251,1225,1481,161,75
629,519,897,Sham19Y0013783,3429,895,1117,174,56
629,519,863,Shia003965Vols,9805,212,390,136,49
629,525,819,Shamela0025800,137,1108,1484,223,71
629,519,762,Zaydiyya0000272,1721,1215,1451,185,94
629,607,897,Zaydiyya0000272,1722,24,158,103,43
629,573,897,Sham19Y0014309,138,1,245,136,43
629,563,856,Sham19Y0016782,809,1,423,175,49
629,519,897,Shamela0001687,7111,982,1440,291,78
629,495,814,Shamela0009242,1331,229,379,101,40
629,519,904,Sham19Y0122096,861,868,1073,153,49
629,519,653,Sham19Y0013631,2075,1452,1567,81,76
629,525,904,JK007128,980,522,1095,155,30
631,828,943,Shia003923Vols,1123,647,784,91,82
631,1222,1509,Tafsir03037,785,889,1199,142,51
631,1293,1509,Zaydiyya0000295Vols,2224,746,933,150,85
631,1222,1509,Shamela0010273,911,1125,1435,142,51
631,1222,1509,Zaydiyya0000062,549,145,402,188,77
631,1222,1509,Sham19Y0020891,2117,466,737,216,93
631,1222,1509,Zaydiyya0000162,2203,1068,1280,149,64
631,828,943,Shamela0001687,1567,191,322,91,86
631,1222,1509,ShamAY0034052,683,1174,1454,216,90
631,1222,1509,JK000458,1174,1225,1566,147,50
632,1183,1463,ShamAY0033945,586,584,1034,167,45
632,1210,1481,Shamela0006886,111,761,1054,178,71
632,1210,1463,Shamela0006886,148,1,267,174,76
632,1183,1463,JK001012,49,470,764,192,75
632,1183,1463,Shamela0036543,178,901,1193,134,46
632,1179,1463,Sham19Y0013223,651,602,1013,198,57
632,213,547,Shamela0010639,396,165,577,202,56
632,1068,1179,JK000991,196,905,1011,83,95
632,1071,1179,ShamAY0033728,20,497,600,81,95
632,1068,1179,Sham19Y0127677,16024,745,851,83,95
632,1068,1247,Sham19Y0017878,135,848,1058,110,61
632,261,547,Sham19Y0023625,2754,652,1045,188,55
643,466,869,Zaydiyya0000015,753,524,787,116,33
653,494,685,Shia002265Vols,2944,737,917,146,94
653,497,685,Sham19Y0017063,1090,1,178,143,93
653,431,685,Sham19Y0017903,149,1153,1411,176,79
653,457,754,Sham19Y0122257,2566,723,1033,187,67
653,494,685,Shamela0001438,3828,377,557,146,94
653,466,673,Shamela0025800,1956,1279,1481,162,97
653,457,745,Sham19Y0014119,479,860,1168,182,71
653,79,425,Zaydiyya0000361,51,69,399,260,90
653,466,1203,Zaydiyya0000361,656,666,1123,121,15
653,494,685,Sham19Y0018272,2109,434,813,147,47
653,494,685,Sham19Y0127677,2215,929,1109,146,94
653,466,740,Sham19Y0017791,1489,1253,1506,176,80
653,485,685,Sham19Y0017791,1490,1,212,152,84
653,726,877,Zaydiyya0000229,318,1031,1181,119,94
653,475,754,Sham19Y0014309,2332,1,269,182,82
653,494,685,Shamela0021659,1207,929,1109,146,94
653,708,877,Zaydiyya0000352,356,544,710,125,90
653,506,685,Shamela0021660,5048,1,295,136,56
653,457,691,Shamela0000782,936,99,321,171,88
653,457,685,Shamela0008360,666,735,952,169,90
653,466,685,Sham19Y0016976,1400,31,234,163,92
653,529,685,Shamela0008176,5379,1,146,118,92
653,466,685,Shamela0011406,477,442,656,172,97
653,555,877,Shamela0009242,396,326,783,167,35
653,534,745,Shamela0036446,102,1,222,132,74
653,466,685,Shamela0003485,263,1303,1517,167,94
653,457,685,Sham19Y0145212,2755,7,224,169,90
653,466,1143,Zaydiyya0000054,250,1090,1387,108,16
653,457,685,JK009390,2123,354,564,159,84
657,20,956,Zaydiyya0000570BK3,764,328,1266,699,87
671,982,1146,Zaydiyya0000570BK3,898,714,905,132,85
685,848,969,Zaydiyya0000063,587,841,963,87,90
689,1240,1424,Shamela0001515,333,1290,1458,132,89
689,104,388,Shamela0010803,343,118,395,220,95
689,596,737,Shamela0010803,344,855,998,102,86
689,104,388,Shamela0023422,646,752,1029,223,96
689,190,393,Shamela0023422,650,314,926,154,30
689,1240,1424,Shamela0026884,384,388,582,148,94
689,104,388,Sham19Y0132974,50,242,526,229,99
689,1240,1539,Sham19Y0132974,51,741,1201,196,50
689,596,737,Sham19Y0132974,51,290,435,102,86
689,1240,1424,Shamela0004445,1772,1219,1406,136,85
689,1244,1424,Shamela0004445,1773,311,494,127,77
689,1244,1424,JK009408,2176,938,1114,128,82
689,1240,1424,ShamAY0033945,528,1000,1195,148,94
689,1240,1424,ShamAY0033945,783,415,610,148,94
689,104,737,Shia002265Vols,2081,549,1086,299,48
689,596,737,Shia002069Vols,241,88,238,103,84
689,1240,1424,JK000022,2010,650,844,146,93
689,1240,1424,Shamela0012935,291,907,1099,136,85
689,1240,1424,Shamela0021809,1283,1208,1402,148,94
689,104,388,Sham19Y0017063,540,881,1158,222,96
689,615,737,Sham19Y0017063,546,1,128,90,87
689,104,388,Shamela0007891,758,774,1051,222,96
689,596,737,Shamela0007891,760,803,952,108,90
689,1240,1424,Shamela0012027,300,714,881,130,88
689,596,737,Shamela0012027,385,202,352,108,90
689,1240,1412,Shamela0001733,1702,544,726,138,93
689,1240,1424,Shamela0001733,4391,9,177,130,88
689,104,388,Shamela0021677,419,745,1011,215,92
689,1244,1424,Shamela0021677,884,512,698,133,84
689,104,388,Sham19Y0017903,979,454,732,217,91
689,596,737,Shamela0096232,28,794,939,105,88
689,150,393,Sham19Y0122257,1496,988,1230,177,88
689,1240,1424,Sham19Y0014404,1411,532,699,132,89
689,1240,1424,JK000475,2179,952,1147,148,94
689,1240,1424,JK000475,2180,12,201,142,90
689,133,388,JK000475,2181,1,249,195,91
689,596,737,JK000475,2184,628,775,100,83
689,104,323,JK000475,2464,528,747,169,92
689,1240,1424,Shamela0013178,163,1190,1366,128,79
689,104,388,Sham19Y0018144,1171,175,452,223,96
689,104,330,ShamIbadiyya0000074,754,869,1095,181,99
689,104,323,Shamela0007606,143,1256,1473,174,98
689,1240,1424,Sham19Y0017101,28,1180,1382,143,85
689,104,559,Sham19Y0017101,28,1,685,251,44
689,596,737,Sham19Y0017101,29,315,460,103,87
689,104,820,Shamela0004482,466,171,568,243,42
689,104,388,Shamela0001875,956,34,308,219,94
689,1240,1424,Sham19Y0017442,230,361,555,148,94
689,596,794,Shamela0023606,415,440,671,136,73
689,104,388,Shamela0005923,65,521,797,212,89
689,841,1023,Shamela0009784,140,85,263,146,97
689,1240,1424,Shamela0009784,1124,9,224,136,74
689,1271,1424,Shia002616Vols,6264,1,154,122,98
689,104,388,Sham19Y0148486,3244,881,1152,199,82
689,1240,1424,Sham19Y0148486,3246,193,387,148,94
689,104,388,JK001012,214,531,822,231,97
689,577,737,JK001012,217,536,689,118,95
689,1224,1424,JK001012,219,490,703,161,93
689,1219,1442,ShamIbadiyya0000771,40,995,1249,156,73
689,1318,1424,Sham19Y0013252,6636,1,123,84,86
689,104,355,Sham19Y0020591,946,961,1143,138,66
689,104,388,Shamela0009795,265,582,914,226,84
689,1240,1539,Shamela0009795,266,255,571,188,70
689,1240,1424,Kraken210630005153,7501,292,475,136,85
689,104,403,Shamela0010639,226,397,688,223,91
689,1240,1424,Shamela0010639,229,1303,1502,141,84
689,596,737,Shamela0010639,231,5,150,103,87
689,104,388,ShamAY0033620,9,840,1121,225,97
689,1240,1424,Shamela0001719,4651,910,1086,126,78
689,104,388,Sham19Y0014119,273,205,482,222,96
689,482,737,Shia004520,36,19,715,173,31
689,499,820,Shamela0009780,1292,1,582,191,40
689,1,393,ShamAY0033728,72,1083,1480,312,95
689,104,388,Sham19Y0127700,193,903,1180,217,92
689,1240,1424,Shia003616Vols,256,1211,1412,138,84
689,104,388,Shia003616Vols,1800,787,1063,223,96
689,1240,1424,Shia003616Vols,1805,241,436,147,93
689,104,388,Shia003616Vols,4701,212,489,212,90
689,104,388,ShamAY0031687,900,805,1075,209,90
689,1240,1424,ShamAY0031687,906,515,704,142,90
689,104,388,ShamAY0034447,1222,158,431,215,92
689,1240,1424,Shamela0012884,3198,434,618,140,89
689,104,368,Sham19Y0127677,18709,1254,1510,205,95
689,1244,1424,ShamAY0033680,12,435,618,127,77
689,104,388,Sham19Y0017791,796,1229,1506,222,96
689,596,737,Sham19Y0017791,804,184,333,108,90
689,1244,1424,Sham19Y0017817,538,152,323,123,78
689,104,388,JK000977,1216,179,455,222,96
689,104,388,Sham19Y0013572,648,655,933,220,93
689,104,388,JK007054,357,467,753,217,91
689,41,388,Sham19Y0001729,938,416,759,229,78
689,1240,1424,Sham19Y0001729,942,399,589,128,73
689,104,423,Shamela0008970,139,1203,1489,180,60
689,1240,1424,Shamela0008970,140,686,871,140,89
689,41,323,ShamAY0035035,2615,1147,1441,175,72
689,1240,1424,ShamAY0035035,2617,1188,1385,142,86
689,1240,1436,Shamela0012843,127,862,1074,145,82
689,104,388,JK007065,587,125,402,223,96
689,1244,1424,JK006838,903,462,645,127,77
689,104,388,Shamela0012014,233,967,1251,229,99
689,596,737,Shamela0012014,236,70,221,108,89
689,150,397,Shamela0006060,283,1,239,183,88
689,104,388,Sham19Y0020638,592,630,903,221,95
689,104,388,Sham19Y0017729,490,479,752,214,90
689,1,742,ShamAY0034274,463,184,733,361,55
689,1240,1424,Shamela0013132,131,936,1130,148,94
689,1240,1539,Sham19Y0132416,62,399,751,195,60
689,120,441,Sham19Y0132416,62,1,374,232,73
689,1240,1424,Sham19Y0132416,122,167,368,137,84
689,1240,1424,Sham19Y0127698,86,922,1089,132,89
689,104,388,JK001236,201,968,1252,229,99
689,1240,1424,JK001236,203,1051,1246,148,94
689,509,737,JK001236,204,128,373,115,51
689,1240,1424,Shamela0021488,3,751,939,131,81
689,1240,1424,Shamela0009873,1490,271,462,135,83
689,21,388,Shamela0006610,587,696,1076,232,71
689,104,388,Shamela0000894,5821,948,1221,221,95
689,104,388,Tafsir09050,3787,34,331,210,82
689,1240,1412,JK009266,8883,1331,1514,137,92
689,1240,1424,Sham19Y0014592,992,116,303,139,88
689,1240,1424,Sham19Y0014592,2806,1176,1366,143,91
689,104,323,Shamela0021537,3846,242,460,175,98
689,1240,1424,Shamela0021537,5747,199,402,142,85
689,104,323,Shamela0021537,5814,543,765,174,97
689,104,388,ShamAY0033938,717,1189,1466,223,96
689,482,944,Shamela0021570,376,429,821,125,25
689,104,423,Sham19Y0020944,568,685,971,182,61
689,104,820,Shamela0030760,12,636,1414,286,34
689,1240,1424,Shamela0010480,1125,456,650,148,94
689,1240,1424,ShamAY0034059,7305,945,1150,143,84
689,1240,1424,Shia002033,146,774,952,128,79
689,596,737,Shamela0001442,463,900,1052,108,89
689,104,388,Sham19Y0013614,312,538,815,223,96
689,596,737,Sham19Y0013614,315,162,311,107,90
689,596,737,Shamela0008360,380,267,421,110,91
689,104,388,Sham19Y0016976,804,526,803,222,96
689,596,784,Sham19Y0016976,808,368,557,109,70
689,1240,1424,Shia002067,222,778,972,146,93
689,596,794,Sham19Y0145410,471,892,1122,134,72
689,104,388,Shamela0008176,3252,356,640,221,93
689,596,737,Shamela0008176,3279,857,1009,110,92
689,104,323,Tafsir02100,157,702,920,169,92
689,104,388,Sham19Y0122406,1919,342,619,223,96
689,104,388,Shamela0000216,122,631,898,216,93
689,596,737,Shamela0000216,123,1080,1229,108,90
689,596,737,Shamela0011406,975,407,556,108,90
689,1,1539,Zaydiyya0000133,56,309,1359,632,48
689,487,737,Shamela0021589,859,1089,1333,140,61
689,248,393,JK000299,964,1,139,113,95
689,1240,1462,JK000299,1312,388,628,160,81
689,1,441,Shamela0031457,31,99,618,313,71
689,1240,1424,Shamela0031457,31,635,828,141,88
689,104,388,Shamela0036446,1324,875,1152,215,91
689,1244,1424,Sham19Y0026094,695,903,1078,139,95
689,104,388,Shamela0026390,35,483,760,212,90
689,104,388,Shamela0003722,4978,1129,1407,215,93
689,1240,1424,Shamela0023833,688,898,1084,136,85
689,1240,1424,Shamela0021765,2219,1087,1276,143,91
689,104,388,Shamela0009564,135,652,929,217,94
689,1240,1424,Shamela0022547,1062,931,1126,148,94
689,1240,1424,Shamela0009770,464,27,225,148,92
689,104,393,Shamela0021744,1117,322,604,227,96
689,1240,1424,Shamela0021744,1533,1408,1576,126,80
689,104,323,Sham19Y0023625,1778,686,905,175,99
689,1244,1424,Shia003732Vols,2012,323,498,137,91
689,104,388,Shia003732Vols,3245,973,1180,158,67
689,596,737,Shia003732Vols,3248,643,792,98,80
689,1240,1424,Shia002231Vols,610,559,749,128,73
689,628,737,Sham19Y0145212,1753,1,110,85,100
689,1240,1424,JK000458,3281,284,475,143,90
689,596,737,Shia001432Vols,25863,844,978,98,85
689,1305,1424,Shia001432Vols,35503,1125,1258,95,89
689,123,388,Sham19Y0132524,1158,392,650,210,97
689,104,388,Sham19Y0146127,1707,750,1026,204,84
689,1240,1424,Sham19Y0146127,1708,746,940,148,94
689,1244,1424,Shamela0021642,1036,843,1025,133,86
689,1240,1436,JK007016,84,455,648,137,83
689,104,388,ShamAY0032665,1171,188,465,223,96
689,104,323,Shamela0012293,5901,217,436,175,99
689,104,330,Shamela0012293,5973,10,236,181,99
689,104,388,Shamela0004289,1184,463,736,216,93
689,104,423,Shamela0004289,1187,534,820,182,61
689,1240,1424,Shamela0004289,1188,662,857,148,94
689,104,388,Sham19Y0017616,163,38,315,223,96
689,104,388,Shia000841Vols,1994,480,757,223,96
689,1240,1424,Shia000841Vols,2002,272,468,148,93
689,1353,1539,Shia000841Vols,2007,409,604,99,57
689,104,388,Shamela0021578,32,989,1260,216,94
689,104,323,Sham19Y0038171,649,102,321,166,91
689,1240,1424,Sham19Y0038171,650,615,808,136,82
689,104,423,Shamela0117359,633,540,826,182,61
689,596,737,Shamela0117359,634,587,736,108,90
689,596,737,Shamela0010664,51,952,1100,107,90
689,1,441,Shamela0021713,252,864,1388,313,71
689,1397,1539,Shamela0021713,253,1,199,76,39
689,104,393,Shamela0021713,558,161,639,175,41
689,1224,1424,Shamela0021713,559,1148,1352,145,84
689,1244,1424,Shamela0021713,760,1130,1313,127,77
689,1240,1424,JK000735,119,1018,1212,148,94
689,1240,1424,JK000735,120,91,280,142,90
689,104,388,JK000735,121,58,336,215,91
689,596,737,JK000735,124,747,894,100,83
689,104,388,Shamela0012579,1931,701,977,216,91
689,1244,1424,JK009390,3224,304,468,125,86
689,1261,1412,Shamela0011766,121,1,151,121,99
689,1240,1424,Shia004510,10,1163,1358,148,94
689,1240,1533,Sham19Y0018567,934,216,495,179,72
689,1240,1412,Shamela0023700,2718,316,461,111,80
689,1240,1424,Shamela0009783BK4,93,1165,1349,135,85
690,533,814,Shamela0026884,107,71,368,210,92
690,814,1034,Tafsir09084,915,661,883,179,99
690,533,807,Shamela0098087,42,1001,1203,156,73
690,814,1034,Shamela0004445,93,283,505,179,99
690,814,1034,Sham19Y0014601,6098,39,422,175,56
690,856,1034,ShamAY0033945,609,186,366,144,98
690,533,807,Shia002265Vols,410,930,1202,207,97
690,814,1034,Shia002265Vols,652,1143,1365,179,99
690,533,807,Shia002265Vols,654,98,369,207,98
690,533,738,Shia001391,156,1274,1481,133,71
690,533,830,Shamela0003118,7391,694,990,209,91
690,814,1034,Sham19Y0017063,534,805,1027,179,99
690,814,1034,Shamela0000107,1634,730,947,173,95
690,533,807,Shia004672,103,284,583,200,83
690,547,807,Shia001615Vols,840,439,658,158,80
690,814,1034,Sham19Y0017903,980,1299,1498,162,90
690,814,1034,Sham19Y0122257,1483,1052,1275,179,98
690,533,706,Shamela0001438,956,1372,1545,131,98
690,814,1034,Shamela0001438,6965,109,331,179,99
690,631,807,Shamela0001438,7358,1,177,136,100
690,814,1034,Shamela0025800,907,1009,1231,179,99
690,533,771,Shia000042,35,1220,1424,141,77
690,814,1034,JK000475,2185,338,559,178,99
690,814,1034,Shamela0007606,155,1020,1244,169,91
690,533,807,JK000916,13951,288,562,211,100
690,533,830,JK000916,25272,851,1149,209,91
690,533,807,ShamAY0032826,143,486,761,209,98
690,533,807,ShamAY0032826,144,171,446,209,98
690,533,689,Shamela0009270,174,1247,1404,118,98
690,814,1038,Shamela0010463,644,34,253,176,96
690,533,807,Shamela0007351,523,244,519,208,98
690,814,1038,Sham19Y0131521,6622,277,519,178,90
690,814,1034,JK001012,88,1120,1340,179,100
690,878,1034,Shamela0008473,1921,1,159,126,98
690,814,1038,Sham19Y0020591,1838,313,556,179,90
690,814,1034,ShamAY0034320,5,452,669,173,95
690,533,807,Shamela0009795,254,1094,1369,211,99
690,594,1034,Sham19Y0013223,273,613,1072,241,50
690,814,1034,Shamela0010639,92,937,1159,179,99
690,533,807,Shamela0010639,97,916,1190,211,100
690,814,1038,Zaydiyya0000067,218,543,767,182,100
690,814,1034,Sham19Y0014119,270,181,403,179,99
690,533,679,Shamela0009780,1282,1363,1510,113,99
690,533,824,ShamAY0033728,52,353,653,216,93
690,533,820,ShamAY0033728,68,153,450,215,93
690,533,807,ShamAY0033728,69,203,477,211,100
690,814,1034,Sham19Y0127700,188,1198,1420,179,99
690,533,807,Shamela0007435,1067,1213,1408,147,68
690,856,1043,JK009242,327,622,811,144,95
690,830,1034,Sham19Y0020989,2473,1,206,165,99
690,533,807,Sham19Y0127677,1051,720,994,209,99
690,814,1034,Sham19Y0127677,4901,287,509,179,99
690,533,738,Sham19Y0127677,5310,1168,1385,156,93
690,814,1034,Sham19Y0127677,6670,282,504,179,99
690,533,807,Sham19Y0127677,12007,41,315,211,100
690,533,820,Sham19Y0127677,20041,822,1110,216,97
690,533,814,Shamela0009385,17,1000,1282,210,97
690,533,807,Sham19Y0000760,310,473,705,178,84
690,533,807,Shamela0021550,141,968,1259,186,73
690,814,1034,Shamela0021550,142,1242,1419,133,73
690,814,1034,Shamela0001341,142,509,734,179,97
690,814,1034,Sham19Y0017791,788,537,821,179,77
690,533,807,JK001171,89,677,945,181,77
690,533,807,Shia001399,18,1179,1419,170,80
690,533,807,Shia001399,70,1277,1513,170,80
690,547,807,Shia001399,197,504,726,160,81
690,814,1038,Shamela0010443,262,669,888,177,97
690,533,807,JK000001,622,934,1225,186,73
690,856,1034,JK000001,628,203,568,141,47
690,814,1034,Sham19Y0017757,192,1151,1319,132,73
690,814,1034,ShamAY0033973,181,1054,1274,179,100
690,533,807,Shamela0010517,2388,635,931,200,84
690,814,1034,Sham19Y0001729,407,109,331,179,99
690,820,1034,Shamela0008970,12,1,217,174,99
690,533,807,ShamAY0035035,3226,530,812,184,74
690,533,807,Shamela0000482,15,31,316,186,75
690,533,807,JK006838,1649,54,344,209,93
690,856,1034,Sham19Y0017747,2455,1038,1202,129,88
690,814,1049,Sham19Y0148271,1138,117,354,181,94
690,814,1034,Sham19Y0017729,491,862,1082,178,99
690,814,1034,Shamela0095735,606,325,541,174,96
690,594,1034,ShamAY0034274,461,626,1030,247,58
690,581,807,Shamela0028168,180,1,224,172,98
690,533,814,Shamela0013132,15,1015,1296,214,98
690,814,1034,Sham19Y0132416,102,521,742,179,99
690,526,807,Sham19Y0132416,103,618,899,213,98
690,594,1034,Sham19Y0132416,105,500,974,241,49
690,814,1034,JK001236,139,252,508,179,85
690,814,1034,Shamela0006610,1187,788,954,133,75
690,723,1034,Shamela0000894,8159,1013,1290,198,80
690,814,1034,Sham19Y0014592,794,992,1221,175,94
690,533,807,Sham19Y0014592,2805,763,1034,184,76
690,814,1034,Shamela0021537,3863,890,1114,169,91
690,814,1034,Shamela0021537,5741,48,270,179,99
690,814,1034,Shamela0021537,5756,303,513,167,92
690,814,1034,Sham19Y0020944,1195,533,788,179,86
690,814,1043,Shamela0010480,1960,74,305,178,95
690,517,830,ShamIbadiyya0000185,1989,963,1261,179,66
690,814,1034,ShamAY0033586,226,1191,1414,179,98
690,814,1034,Shamela0008360,372,738,960,179,99
690,856,1034,Tafsir07057,1938,539,719,144,98
690,533,814,Shia002067,97,743,1014,199,91
690,814,1049,Shamela0012991,254,626,861,180,92
690,814,1034,Shamela0008176,3221,317,539,179,99
690,856,1038,Kraken2108092202141,400,222,404,141,95
690,539,807,Shia001288,119,632,939,177,67
690,533,824,Shamela0000216,97,517,824,215,90
690,856,1043,Shamela0036446,1316,1033,1222,146,96
690,814,1026,Shamela0026390,23,1265,1481,173,98
690,533,807,Shamela0021765,2151,307,581,209,99
690,533,807,Sham19Y0023625,940,284,558,210,99
690,814,1034,ShamAY0034134,547,909,1138,179,96
690,814,1034,ShamAY0034134,549,1052,1225,138,77
690,533,820,ShamAY0034134,577,443,753,214,87
690,533,807,ShamAY0034134,579,616,890,211,100
690,814,1034,Shia002231Vols,605,38,253,169,94
690,814,1034,Sham19Y0145212,1735,376,598,179,99
690,533,807,Shia001432Vols,28550,913,1170,170,75
690,533,807,Shia001432Vols,28764,583,858,181,75
690,547,807,Shia001432Vols,31087,1219,1438,158,80
690,539,807,Shia001432Vols,31358,923,1192,172,73
690,533,824,Shia001432Vols,32168,442,770,194,67
690,814,1034,Shamela0025791,818,735,957,179,99
690,533,824,Shamela0025791,821,307,598,214,94
690,814,1034,JK000786,2921,718,940,179,99
690,856,1038,Shamela0027083,425,816,1003,136,87
690,824,1034,Shamela0004289,1175,1,213,171,99
690,533,689,Shamela0021578,6,1283,1439,120,100
690,814,1038,Shamela0117359,1166,882,1125,179,90
690,814,1034,Shamela0008381,622,1140,1308,132,73
690,814,1034,Shamela0025794,944,1222,1444,179,99
690,814,1034,Shamela0021713,523,698,920,179,99
690,533,807,Shamela0021713,525,154,425,209,98
690,533,807,Shamela0021713,1134,86,382,200,84
690,814,1034,JK000735,125,482,703,176,98
690,533,807,JK009390,425,652,927,208,98
690,533,807,JK009390,3613,626,897,207,98
690,814,1034,JK009390,6839,908,1130,179,99
691,805,1264,ShamAY0034214,57,1142,1448,159,43
692,94,444,Sham19Y0132974,70,1167,1437,115,35
692,1257,1422,JK000734,165,1230,1513,111,45
692,1257,1492,JK007064,368,1152,1395,164,77
692,87,444,Sham19Y0149697,3201,950,1309,145,36
692,1257,1422,JK001236,190,42,388,109,38
692,352,715,Sham19Y0023625,1606,44,547,139,31
692,396,678,Shamela0096257,630,1320,1484,80,32
692,148,696,Shia001432Vols,32983,295,732,167,35
693,25,412,Shamela0007367,137,159,542,191,50
693,25,655,Shamela0006136,325,1051,1354,172,34
693,25,334,Sham19Y0127703,392,1022,1236,141,52
693,1247,1516,JK001012,224,830,1097,186,84
693,9,334,Shamela0011444BK1,59,515,1065,166,37
693,31,334,Sham19Y0013223,1966,87,693,154,27
693,48,412,Shamela0010639,203,585,935,160,41
693,25,655,Sham19Y0032197,335,825,1231,172,30
693,31,655,Shamela0000963,1323,1242,1499,165,31
693,25,398,Sham19Y0018607,705,557,872,99,23
693,25,655,Shamela0011468BK1,933,1186,1443,167,31
693,5,412,JK000303,54,194,661,189,44
693,25,666,Shamela0026535,522,287,530,153,29
694,1034,1379,Shamela0026884,118,850,1201,199,63
694,925,1379,Shamela0004445,2320,947,1312,221,60
694,1034,1497,Shia002265Vols,1376,898,1304,252,71
694,1034,1379,Shia002265Vols,1423,799,1146,199,64
694,1034,1357,Shamela0008183,1095,227,504,195,75
694,1034,1379,Sham19Y0037618,2031,544,840,195,69
694,1034,1357,Shamela0001438,838,185,469,215,86
694,925,1373,Shamela0001438,5773,635,1027,215,59
694,1034,1379,Shamela0001438,5856,326,677,199,63
694,1124,1379,Shamela0007606,154,313,521,140,69
694,1143,1373,Sham19Y0017101,92,177,417,169,90
694,1030,1404,JK000024,68,59,397,225,73
694,1034,1497,Sham19Y0148486,2994,471,959,242,50
694,1034,1357,JK001012,226,711,995,217,86
694,1143,1528,JK001012,227,177,826,202,38
694,925,1497,Zaydiyya0000067,206,516,1014,286,62
694,1206,1379,Sham19Y0149697,2917,1,171,117,86
694,1034,1379,ShamAY0034447,1326,412,763,199,63
694,1030,1497,Sham19Y0143167,47,149,639,226,46
694,1034,1379,Shamela0012884,559,428,739,196,69
694,1034,1357,Sham19Y0127677,411,585,869,215,86
694,925,1379,Sham19Y0127677,3810,746,1154,223,60
694,1034,1379,Sham19Y0127677,3981,197,548,199,63
694,1050,1497,ShamAY0033680,15,1,545,223,47
694,1034,1357,Shamela0021550,100,289,745,208,54
694,1034,1379,Shamela0021550,103,258,550,194,71
694,1143,1357,Zaydiyya0000065,25,1101,1321,160,92
694,1030,1494,Sham19Y0014325,2406,970,1449,210,50
694,1034,1357,Sham19Y0132416,86,889,1172,214,86
694,999,1363,JK011690BK2,568,436,808,208,61
694,1251,1357,Sham19Y0014592,1166,1,107,82,100
694,1034,1379,ShamIbadiyya0000185,1990,374,758,206,59
694,925,1373,Shamela0021477,22,36,420,217,61
694,1143,1379,JK000299,1047,194,444,169,85
694,1034,1379,Shamela0005922,1763,711,1014,217,81
694,1034,1379,Shamela0021765,834,104,400,195,69
694,1143,1379,Shamela0021744,1212,667,917,169,85
694,1034,1357,Shia003732Vols,3650,1028,1336,212,79
694,1227,1379,ShamAY0034134,1254,1,150,101,85
694,925,1357,Zaydiyya0000072,82,1144,1502,223,64
694,1034,1497,Sham19Y0146127,1577,124,563,255,68
694,1034,1357,ShamAY0033598,294,71,355,215,86
694,1034,1357,ShamAY0036182,214,60,337,204,79
694,1034,1497,JK000786,1451,850,1307,259,69
694,1034,1497,JK000786,2984,595,1053,259,68
694,1034,1357,Sham19Y0147658,708,399,686,215,85
694,1124,1379,Shamela0012293,5928,606,814,140,69
694,1124,1379,Shamela0012293,6078,1076,1284,140,69
694,1034,1379,ShamAY0034249,1767,179,499,204,70
694,1034,1379,ShamAY0033589,14,480,768,169,58
694,1034,1379,Shamela0030317,4,183,489,222,82
694,1239,1379,Shamela0010437,68,1,142,93,82
694,1034,1379,JK006801,269,627,923,195,69
694,1030,1379,Shamela0021713,446,1012,1337,224,78
694,1034,1357,JK009390,386,409,674,200,79
694,1034,1379,JK009390,4884,383,736,199,63
694,1034,1379,JK009390,5219,499,805,197,69
694,1034,1315,Sham19Y0018567,949,1211,1450,161,69
695,1,114,Sham19Y0020878,838,630,758,84,82
695,1,114,Sham19Y0019188,1543,292,416,82,81
695,1,114,ShamAY0034273,75,1025,1152,84,82
695,1,114,ShamAY0034263,196,1069,1195,84,82
695,1,114,Shamela0008463,1595,355,480,82,81
695,1,114,JK000386,750,410,538,84,82
695,1049,1447,Zaydiyya0000232,143,618,1129,108,21
695,547,1116,Zaydiyya0000063,594,322,928,156,23
695,1,114,JK000786,1404,454,582,84,82
696,1088,1466,Sham19Y0016934,1930,1,972,96,10
698,946,1258,Shia002265Vols,1477,1,338,249,88
698,833,1258,Shamela0021809,99,75,528,313,81
698,833,1258,Shamela0001438,6121,940,1386,336,90
698,653,1258,Shamela0025800,652,156,713,358,67
698,833,1258,JK000475,782,314,743,335,93
698,653,1258,Sham19Y0017101,112,82,586,343,68
698,833,1258,ShamAY0033910,607,356,779,336,95
698,833,1039,Shamela0001875,908,1309,1508,154,89
698,1039,1258,Shamela0001875,909,1,225,177,95
698,775,1258,JK001012,184,58,565,370,88
698,653,1106,Zaydiyya0000067,110,767,1541,284,44
698,1106,1258,Zaydiyya0000067,111,1,165,125,91
698,833,1243,ShamAY0031687,1042,899,1309,300,83
698,979,1258,Sham19Y0127677,4233,1,305,223,88
698,913,1258,Sham19Y0014309,770,29,377,270,91
698,775,1258,JK001236,193,847,1422,353,74
698,833,1258,Shamela0010480,599,258,712,312,81
698,833,1243,Shamela0010480,600,236,540,225,64
698,653,1258,Shamela0036446,398,496,1042,359,67
698,979,1148,Sham19Y0023625,1629,965,1138,107,73
698,833,1258,JK000130,608,620,1043,336,95
698,837,1258,Shamela0025794,4107,1,444,309,80
698,837,1258,JK009390,6097,773,1239,329,85
698,833,1219,Shamela0008362,214,625,987,260,75
700,658,1080,Shamela0006170,42,1305,1466,92,28
700,658,951,Sham19Y0124336,29,1249,1363,65,28
703,794,991,Shamela0007342,389,1305,1535,126,62
703,991,1336,Shamela0007342,390,1,211,130,46
703,794,1336,Zaydiyya0000489,25,962,1393,248,51
703,787,1058,Zaydiyya0000264,49,206,966,166,27
704,1435,1654,Shamela0021721,1188,56,325,92,38
705,441,957,Tafsir06049,1816,724,1253,352,75
705,441,953,Shia004046,37,542,993,232,49
705,528,953,Sham19Y0132974,434,1,376,219,58
705,441,953,Tafsir09084,563,260,748,377,90
705,710,821,Shamela0011079,107,813,924,90,100
705,448,1063,Sham19Y0016934,2100,715,1345,379,67
705,504,1068,Shamela0003118,568,785,1386,289,55
705,470,953,ShamAY0033627,41,224,1015,269,41
705,441,678,Shamela0012027,248,542,828,179,72
705,437,561,Shamela0012027,352,838,965,95,90
705,399,953,Shamela0022881,119,575,1177,359,71
705,441,953,Shamela0096232,133,500,1118,369,70
705,441,953,Sham19Y0019188,1596,67,548,370,87
705,441,821,Shamela0030868,239,641,1060,261,73
705,541,821,Shamela0009784,1394,736,1235,191,46
705,441,649,Shamela0006337,131,1459,1652,147,87
705,656,1063,Shamela0006337,132,1,349,219,68
705,441,928,Shamela0001717,933,1066,1529,349,86
705,441,839,Shamela0012750,305,1193,1479,166,49
705,480,953,Shamela0012750,306,667,1162,276,64
705,705,821,Shamela0023644,773,202,412,86,51
705,664,953,ShamAY0038413,74,1,265,180,75
705,705,821,Shamela0011620,361,946,1063,91,96
705,441,808,Shamela0008473,1281,1223,1576,279,93
705,180,953,Shamela0009795,272,679,1515,413,54
705,156,953,Sham19Y0013223,2006,383,1115,418,56
705,441,953,Shamela0010639,213,68,587,375,84
705,710,821,Shamela0010639,469,44,155,90,100
705,480,953,JK001226,238,743,1224,289,68
705,705,821,JK001226,251,518,635,90,95
705,441,953,Shia004520,22,819,1440,363,67
705,441,693,Shamela0007663,119,1372,1634,192,87
705,693,953,Shamela0007663,120,1,363,185,61
705,466,1063,Shia003616Vols,3646,24,676,294,48
705,23,521,Zaydiyya0000361,575,638,1409,309,47
705,260,1068,Zaydiyya0000361,576,766,1556,495,69
705,480,953,ShamAY0034447,1941,769,1268,276,63
705,556,919,ShamAY0034447,1942,233,584,200,63
705,480,953,Shia004509,83,968,1517,301,64
705,710,821,Shia004509,84,262,373,90,100
705,399,821,Shamela0012884,582,897,1448,238,53
705,26,418,Shia001149Vols,538,224,767,189,41
705,710,821,Shamela0007597,278,808,919,90,100
705,546,953,Sham19Y0020699,621,1,403,315,92
705,441,953,Shamela0021598,2777,1,520,370,83
705,399,765,Shamela0000963,1361,1087,1485,190,55
705,448,892,Sham19Y0017747,1083,981,1473,299,68
705,533,953,Zaydiyya0000379,406,1,370,261,74
705,399,953,Shamela0021721,1188,334,936,398,80
705,705,824,Sham19Y0017529,28,1256,1435,87,61
705,441,953,Sham19Y0014325,2477,432,930,365,86
705,480,839,Shamela0026568,1308,388,768,240,72
705,441,957,Shamela0000894,796,230,728,333,74
705,399,814,Sham19Y0014592,2272,1056,1479,241,60
705,480,821,Shamela0026662,107,1099,1468,222,69
705,710,821,Shamela0011444BK2,1064,1306,1417,87,97
705,441,1063,Tafsir07057,1194,558,1099,341,64
705,561,821,Shamela0012094,173,309,473,115,55
705,441,882,Shamela0011406,857,1103,1560,318,83
705,180,953,Zaydiyya0000133,134,88,836,389,47
705,632,953,ShamAY0038405,59,1,415,202,59
705,448,950,Shamela0026764,17,396,873,356,84
705,561,953,Shamela0026764,18,21,385,245,75
705,556,821,Shamela0021635,201,844,1138,185,75
705,441,814,Shamela0004473,5617,515,782,181,57
705,573,839,Shamela0023685,1479,1,255,200,90
705,441,953,Shamela0008463,1735,295,795,390,92
705,561,821,JK000021,1268,925,1251,182,67
705,399,953,Shamela0001391,168,893,1421,382,81
705,441,618,Shamela0005539,317,1301,1478,131,87
705,618,1063,Shamela0005539,318,1,395,262,71
705,705,821,Sham19Y0023625,1683,1364,1480,94,100
705,710,821,Sham19Y0023625,1684,1032,1143,90,100
705,441,821,Sham19Y0023625,1686,191,654,234,61
705,637,953,Sham19Y0023625,1686,1219,1535,228,84
705,480,953,Shia003732Vols,5668,923,1427,300,69
705,466,953,Shia003732Vols,5679,123,631,311,71
705,441,953,Zaydiyya0000264,231,843,1434,360,70
705,399,710,Shamela0031372,108,942,1260,173,58
705,399,863,Shamela0031372,110,1047,1508,283,66
705,23,423,Zaydiyya0000054,221,608,957,96,19
705,180,1068,Zaydiyya0000054,222,27,841,421,44
705,441,943,Shamela0021642,1166,1103,1591,376,90
705,441,953,Shamela0021619BK2,918,555,1048,377,89
705,475,953,Shia003724,88,1,435,333,85
705,441,953,Shamela0012293,2508,579,1074,364,86
705,156,953,Shia000841Vols,3913,442,1174,422,57
705,399,953,ShamAY0034249,1821,630,1184,330,68
705,480,953,Shamela0023695,1192,947,1433,243,53
705,466,953,Shamela0010437,235,175,663,297,67
705,399,821,Shamela0035888,10,893,1404,232,57
705,509,953,ShamAY0034066,359,1,444,312,79
705,448,830,ShamAY0038409,5,1146,1526,278,86
705,441,1063,ShamAY0038409,136,33,619,392,74
705,441,953,Zaydiyya0000220,41,791,1245,343,82
705,441,953,Sham19Y0023618,499,485,990,356,78
705,480,953,Shamela0008362,983,841,1379,280,58
717,1316,1482,Shia003923Vols,327,44,232,128,84
717,1131,1482,Shamela0001687,7396,259,787,245,56
717,1164,1482,Sham19Y0013631,400,541,902,132,39
719,304,429,Sham19Y0020891,1371,861,979,97,94
719,304,429,ShamAY0034052,426,1108,1226,97,94
722,1070,1203,ShamAY0034055,1871,1304,1452,98,82
722,1070,1203,Shia002702Vols,1860,284,426,98,85
722,1070,1203,Tafsir07057,1097,1208,1350,98,85
722,1070,1190,Shamela0023578,809,1425,1544,89,91
734,1185,1296,Zaydiyya0000267,1060,29,186,78,62
734,1185,1296,Zaydiyya0000054,265,582,699,77,82
736,483,693,Zaydiyya0000063,721,707,910,109,59
744,1136,1363,Shamela0025800,2080,1150,1372,155,80
744,1136,1357,ShamAY0033522,481,264,508,141,68
744,683,1294,Zaydiyya0000361,730,215,941,249,38
744,1136,1357,Shamela0028107,495,217,471,139,65
744,739,989,Zaydiyya0000049,342,137,465,154,59
744,1136,1357,Shamela0012399,2404,410,702,140,57
744,1136,1304,Shamela0012399,2408,114,308,119,78
744,747,1304,Shia001157Vols,914,611,968,78,12
744,1136,1363,Shamela0003485,280,390,625,154,76
744,739,1030,Zaydiyya0000054,278,8,310,189,78
746,35,431,Shamela0006610,812,615,998,299,89
750,125,438,Zaydiyya0000570BK3,1544,284,601,241,95
750,136,456,Sham19Y0017747,1646,490,820,238,89
750,136,416,Shamela0009242,2891,272,524,159,64
750,136,438,Zaydiyya0000063,778,151,456,239,97
779,209,471,Sham19Y0148271,259,507,927,178,53
784,1,345,Zaydiyya0000570BK3,1369,99,439,153,48
787,1,689,Shamela0036543,1383,850,1519,523,92
787,689,1418,Shamela0036543,1384,1,648,510,85
787,1,995,Zaydiyya0000570BK3,2025,547,1517,746,92
787,995,1418,Zaydiyya0000570BK3,2026,1,421,328,93
788,188,673,Zaydiyya0000570BK3,2026,425,918,368,90
793,1240,1513,Zaydiyya0000570BK3,2026,962,1239,215,94
794,1,561,Shamela0036543,1384,1086,1515,345,74
794,1,410,Zaydiyya0000570BK3,2026,1239,1545,246,73
794,410,587,Zaydiyya0000570BK3,2027,5,193,132,79
824,854,968,Sham19Y0017881,685,569,681,82,91
824,854,957,JK009151,1140,958,1061,81,100
824,839,957,JK009151,1141,349,469,85,86
824,854,968,Sham19Y0133411,1927,1056,1168,82,91
824,830,957,Sham19Y0133411,1928,548,670,96,96
824,854,968,Shamela0008156,699,1356,1468,82,91
946,21,176,Tafsir06049,3374,1283,1451,131,91
946,21,176,Zaydiyya0000400,108,980,1148,131,91
946,21,176,ShamAY0034068,1242,244,413,128,88
946,1,332,Sham19Y0122257,2748,234,844,223,42
946,21,176,ShamIbadiyya0000109,7293,701,869,130,90
946,21,176,ShamAY0035451,11,95,263,130,90
946,21,176,Shia002406Vols,4128,1002,1170,131,91
946,1,176,Shia001544Vols,532,480,693,141,78
946,1,332,Shamela0008176,6007,687,1308,228,42
946,21,462,Shia000181,352,27,1179,315,33
946,1,233,Shia004456Vols,2636,251,483,154,67
946,21,176,ShamAY0034052,983,1044,1212,131,91
948,1179,1428,ShamAY0034055,5698,1096,1324,173,84
948,1179,1443,ShamAY0034055,5699,599,840,174,80
948,1279,1428,Zaydiyya0000274,133,1,154,117,95
948,1194,1428,Zaydiyya0000274,221,1,302,171,72
948,1179,1432,Tafsir03037,1397,129,285,125,61
948,1179,1428,Zaydiyya0000295Vols,1406,871,1117,190,95
948,1179,1416,Shamela0001535,4024,1246,1504,181,86
948,1179,1428,Shia002378,178,768,1018,187,91
948,1179,1428,Shamela0023613,2904,202,462,190,88
948,1179,1432,Shamela0010273,1581,550,706,125,61
948,1179,1343,Sham19Y0020891,3397,760,919,123,95
948,1179,1432,Shamela0023588,984,301,570,184,79
948,1179,1358,Shia002702Vols,5849,1362,1536,133,92
948,1179,1432,Tafsir09050,2283,256,540,184,76
948,1179,1428,ShamAY0034052,1197,852,1105,192,93
948,1179,1432,ShamIbadiyya0000438,1155,385,629,182,85
948,1179,1432,ShamIbadiyya0000193,2214,119,345,166,79
948,1179,1428,JK000458,1990,794,1071,181,79
948,1179,1428,Shia002218Vols,552,434,685,192,94
950,308,614,Sham19Y0017437,752,580,934,162,52
950,308,609,JK007082,668,1083,1444,165,50
950,396,663,Shamela0023613,2904,479,754,202,89
950,443,663,Sham19Y0020891,3399,59,280,137,71
950,396,663,Shia002702Vols,5850,589,873,199,85
950,408,779,Shia003695Vols,132,762,1175,154,33
950,401,663,Shamela0009873,1666,571,1048,184,49
950,308,619,Shia001294Vols,85,1271,1514,151,55
950,396,663,ShamAY0034052,1197,1110,1366,184,81
950,408,657,Shamela0006617,650,577,883,149,59
950,297,663,JK000458,1990,1121,1438,219,70
950,308,619,Shia001432Vols,8688,805,1042,152,56
950,408,614,Shia001432Vols,8697,857,1143,147,63
950,308,590,JK000778,500,463,811,160,51
950,396,663,Shia002218Vols,552,735,1014,199,86
950,436,590,Shamela0008477,174,1095,1332,117,60
950,233,590,Shamela0023700,1239,333,701,162,50
957,1137,1474,Shia001877,24,579,1158,155,32
957,1149,1474,Shamela0025800,2117,739,1038,170,60
957,1149,1318,Shamela0010668,564,573,725,114,86
957,1153,1474,Shamela0021629,615,131,357,161,62
957,1133,1506,Sham19Y0013223,858,1038,1346,195,65
957,1149,1318,Shamela0022892,8,1132,1284,111,84
957,1149,1506,Sham19Y0020638,750,441,923,184,43
957,1149,1318,Shamela0010646,401,429,581,113,85
957,1149,1474,ShamAY0033938,926,508,1036,162,33
957,1149,1474,Sham19Y0122406,2544,89,617,162,33
957,1149,1441,Shamela0036446,581,1270,1476,135,57
958,576,922,Shia001237Vols,4451,1155,1386,128,45
958,55,358,Sham19Y0014601,6162,234,570,219,78
958,586,871,Sham19Y0037618,718,1098,1454,211,72
958,586,948,Sham19Y0122257,2013,527,761,133,46
958,586,776,Shamela0025800,2118,1249,1447,142,86
958,756,937,Shamela0025800,2119,5,230,135,74
958,423,813,Sham19Y0019188,4752,993,1293,134,37
958,423,937,JK007064,622,176,526,198,44
958,586,922,Shamela0010668,563,417,637,120,44
958,71,358,Sham19Y0131521,6702,1154,1439,217,90
958,139,342,Sham19Y0131521,6711,899,1414,138,33
958,583,887,Shamela0021629,614,1224,1538,225,87
958,761,922,JK001336,552,34,196,87,63
958,583,948,Sham19Y0148486,4956,215,951,234,39
958,71,358,Sham19Y0020591,1864,236,607,214,69
958,586,971,Sham19Y0013223,858,608,1007,282,86
958,180,358,Sham19Y0013223,859,1,168,131,89
958,583,937,Sham19Y0014119,365,885,1125,128,44
958,586,922,Sham19Y0018272,364,843,1139,179,63
958,423,937,Shamela0007264,224,374,725,204,46
958,607,813,ShamIbadiyya0000433,1023,587,1282,153,27
958,583,937,Zaydiyya0000229,316,1186,1463,139,44
958,586,948,Shamela0006848,151,553,877,147,42
958,724,931,ShamAY0035035,4801,50,180,80,49
958,596,937,JK007065,291,1,445,244,67
958,586,866,Shamela0012014,346,1127,1468,201,72
958,68,350,Sham19Y0148271,783,233,544,145,54
958,583,922,Sham19Y0020891,1401,710,1044,206,68
958,583,937,Zaydiyya0000352,354,561,838,139,44
958,583,937,Sham19Y0020638,751,275,844,257,56
958,586,948,Shamela0000140,2027,775,1129,227,68
958,714,922,Shamela0000140,2028,1,502,154,38
958,423,948,Shamela0006610,741,661,1092,183,32
958,616,937,Shamela0000894,7178,1,420,227,66
958,607,866,Shamela0021660,1065,603,814,149,73
958,728,937,Sham19Y0014592,1581,1,205,150,86
958,583,937,Shamela0006947,9192,37,282,166,57
958,28,358,Sham19Y0020944,1219,782,1104,236,85
958,583,937,Sham19Y0016976,1118,173,413,128,44
958,586,845,Sham19Y0122406,2547,128,439,187,72
958,659,948,Shamela0001467,105,1315,1524,126,55
958,545,948,Shamela0021766,945,961,1245,149,46
958,586,937,Shamela0009242,2668,684,931,165,56
958,663,798,Sham19Y0122096,751,1,326,89,33
958,607,958,Shamela0036446,582,240,653,248,72
958,576,817,ShamIbadiyya0000155,123,556,812,139,66
958,423,813,Shamela0008463,4447,201,455,128,35
958,583,948,JK000021,2411,260,965,199,35
958,583,922,JK000216,89,73,462,202,58
958,586,922,Shia001432Vols,24995,526,744,117,42
958,289,967,Sham19Y0132524,1628,392,955,208,33
958,583,931,Sham19Y0146127,2672,92,530,225,62
958,586,937,ShamAY0036197,173,916,1136,127,45
958,583,937,Shamela0008203,17,305,556,131,42
958,583,937,Sham19Y0017616,223,28,344,127,37
958,586,845,Shamela0030657,32,577,898,176,65
958,603,931,Sham19Y0038171,1217,816,1182,139,40
958,71,358,Shamela0117359,1186,20,305,217,90
958,68,350,Shamela0025794,2801,1053,1364,145,54
962,271,703,Sham19Y0013241,1767,1,373,225,63
962,211,558,Sham19Y0014462,159,493,811,235,81
962,211,565,Shamela0007891,1504,177,496,229,77
962,204,558,Sham19Y0122257,1979,493,814,242,82
962,148,558,Shamela0025800,104,271,644,267,76
962,214,565,Shamela0006446,253,708,1005,212,73
962,204,577,Shamela0029677,2069,323,650,246,79
962,211,565,Shamela0011816,450,131,447,220,76
962,211,565,Shamela0023100,526,391,709,232,79
962,211,558,ShamAY0033522,596,1148,1466,235,81
962,211,703,Sham19Y0148486,4783,871,1302,262,65
962,211,565,Sham19Y0148486,6333,760,1071,221,75
962,278,558,Sham19Y0006684,3666,1,255,193,83
962,211,553,Shamela0001719,4090,773,1076,221,76
962,251,577,Zaydiyya0000570BK3,2719,1,331,221,75
962,211,558,Shamela0028107,601,809,1127,234,80
962,204,565,Shamela0005733,11,718,1025,224,75
962,211,558,Shia002119Vols,2989,363,681,234,80
962,204,577,Shamela0006227,665,101,450,244,75
962,204,577,Sham19Y0017747,1691,951,1311,256,78
962,148,577,Sham19Y0014309,68,1075,1455,249,66
962,211,558,Sham19Y0020583,882,161,475,229,80
962,211,703,JK000677,127,63,515,262,62
962,204,565,Sham19Y0020891,3884,396,728,228,72
962,211,703,Shamela0013033,113,16,467,262,62
962,204,577,Sham19Y0131336,1319,398,743,244,75
962,204,577,ShamAY0034059,5785,192,568,240,67
962,204,558,Shamela0008360,499,744,1065,242,82
962,204,558,Shamela0008176,4201,880,1214,242,81
962,211,553,Shamela0009698,12,396,703,226,79
962,251,558,Shamela0000551,2483,1,278,211,82
962,211,565,Shamela0005922,2438,524,858,225,73
962,148,577,Shamela0003485,166,1118,1443,233,66
962,211,565,Shamela0022547,2266,465,799,235,78
962,204,703,Shamela0002863,1795,1074,1514,264,63
962,231,565,Shamela0021479,206,1,300,213,76
962,204,533,Sham19Y0145212,2147,854,1150,222,81
962,435,599,Shamela0006454,22,330,502,90,60
962,271,565,Sham19Y0146127,3502,336,591,187,76
962,211,553,Sham19Y0122401,1326,778,1091,229,80
962,204,577,Sham19Y0014827,615,74,403,253,82
962,211,577,Shamela0023700,1741,1091,1417,239,80
963,916,1102,Sham19Y0014601,6155,625,805,143,94
963,612,776,Sham19Y0037618,4059,136,305,123,83
963,612,776,Shia001395Vols,700,327,498,135,95
963,1036,1260,Sham19Y0131521,6701,1,432,137,39
963,596,1269,Shamela0021629,615,553,1500,405,50
963,887,1102,Sham19Y0020591,1861,1075,1262,142,82
963,887,1417,Sham19Y0013223,860,76,736,394,72
963,612,776,Sham19Y0127677,2748,651,823,123,84
963,596,776,Sham19Y0148271,1094,319,513,131,80
963,887,1134,Sham19Y0020891,4935,288,508,164,82
963,887,1134,Sham19Y0020944,1217,93,330,167,84
963,887,1412,Shamela0005756,457,378,1092,360,60
963,612,776,Shia001976Vols,50,559,728,123,83
963,980,1412,Sham19Y0038171,1214,929,1228,190,53
963,887,1260,Shamela0117359,1184,289,851,237,51
964,1,148,Shamela0009567,398,707,866,117,86
964,831,1024,JK007006,1454,376,541,117,73
964,748,1089,Sham19Y0131521,375,998,1321,219,70
964,1,157,Shamela0021629,616,343,493,117,91
964,748,1089,Shamela0021629,617,1003,1360,243,77
964,1,148,Sham19Y0013223,860,1340,1491,117,91
964,616,1089,Sham19Y0013223,863,795,1274,282,65
964,748,1089,Sham19Y0013223,1297,384,743,242,77
964,740,1089,Sham19Y0127677,9539,495,872,253,78
964,1,148,Sham19Y0148271,2050,854,1013,117,86
964,580,1089,Shamela0000894,5958,204,759,282,60
964,748,1089,Shamela0021570,431,147,524,250,78
964,1,148,JK000653,331,48,198,115,89
964,670,1089,Shamela0004473,2361,572,962,247,66
964,748,1089,Shia001782Vols,3828,1078,1447,251,79
964,748,1089,Shia001976Vols,1336,649,1024,250,78
964,784,1089,Shamela0003485,408,827,1162,227,79
964,784,1058,JK000216,403,118,361,172,74
964,1,148,Shamela0025794,2967,974,1133,117,86
969,987,1272,Shamela0001875,1132,338,687,102,32
969,1023,1363,Shia001764Vols,1651,669,1204,229,50
969,1023,1259,Shamela0006947,9191,1268,1644,85,26
969,1023,1312,Shamela0004473,2202,879,1298,109,28
969,1023,1279,Shamela0009242,2668,198,579,104,27
976,276,466,ShamAY0034180,410,254,441,147,95
977,673,1055,Shia003923Vols,1390,648,1080,289,82
977,701,852,Shia002265Vols,5853,371,514,112,92
977,708,883,Shia002265Vols,5866,1096,1262,131,92
977,701,883,Shia002265Vols,5946,583,757,138,93
977,757,946,Shia003965Vols,9784,1025,1404,121,38
977,701,946,Shamela0000791,555,931,1188,163,72
977,708,888,Sham19Y0013223,1952,1050,1216,128,87
977,708,908,Sham19Y0127677,13707,663,862,151,90
977,701,852,Sham19Y0127677,15840,1110,1253,112,92
977,694,852,Sham19Y0020891,1844,1131,1276,106,79
977,690,900,Shamela0001687,7094,1141,1329,146,86
977,951,1055,Shamela0001687,7095,376,490,80,86
977,708,883,Shamela0005756,10879,1105,1258,120,85
977,713,823,Shamela0008540,1875,1385,1495,82,86
977,708,852,JK000201,1557,739,875,106,91
977,708,883,JK000201,2099,785,952,132,93
977,708,883,JK000201,3838,1245,1412,131,92
977,673,1055,Sham19Y0013631,2008,754,1355,231,45
977,686,883,Shia001432Vols,17287,1064,1251,147,92
977,686,946,Shia001432Vols,22164,562,725,121,56
987,1141,1338,Zaydiyya0000063,1227,205,364,109,69
1001,704,830,Shia003923Vols,725,1,195,85,51
1001,668,927,Shamela0011036,2107,1066,1304,111,46
1001,679,910,Zaydiyya0000059,1040,1271,1528,117,43
1001,651,830,Shamela0001687,7580,1257,1523,121,55
1001,651,830,Sham19Y0013631,979,1296,1537,109,53
1001,643,958,Shia001432Vols,28180,170,604,138,33
1002,1222,1422,Sham19Y0020891,1492,226,784,123,27
1002,1134,1300,Sham19Y0020891,1494,1,175,122,87
1002,1282,1556,Tafsir09050,678,1351,1618,131,56
1002,1030,1300,ShamAY0034052,466,969,1257,168,67
1002,1294,1556,JK000458,749,1081,1249,118,56
1003,7,179,Tafsir06049,1849,1004,1151,100,69
1003,37,179,Shamela0023591,2340,1,143,115,100
1003,578,852,Shamela0010639,257,719,1071,174,59
1003,7,179,Shamela0023613,1451,1144,1322,137,94
1003,7,179,Shia002702Vols,2045,851,1018,117,78
1003,11,179,Shamela0023631,1256,298,477,134,92
1003,1,179,ShamAY0034052,466,833,1023,140,91
1006,1103,1255,Shamela0010639,254,962,1218,121,57
1006,1103,1255,Sham19Y0023625,1995,737,993,121,57
1006,1134,1255,Shamela0021848BK1,1989,1339,1523,94,63
1006,1119,1255,Shia000841Vols,2189,422,602,92,60
1007,666,883,Sham19Y0014601,783,1128,1356,128,61
1007,666,933,Sham19Y0014601,784,132,491,180,60
1007,645,933,ShamAY0033975,627,1046,1337,169,66
1007,641,1109,ShamAY0033975,628,194,565,104,20
1007,671,933,Sham19Y0017063,142,1248,1473,152,70
1007,645,933,Shamela0007891,228,1075,1363,167,66
1007,724,1109,Sham19Y0150962,835,6,436,185,47
1007,666,933,Sham19Y0122257,427,110,399,189,80
1007,641,1040,Shamela0001438,6889,208,664,194,48
1007,794,1219,Shamela0025800,1778,1,389,138,28
1007,641,933,Shamela0001875,185,673,968,172,66
1007,645,933,Shamela0001875,188,796,1095,169,63
1007,645,933,Sham19Y0131521,622,755,1047,170,67
1007,709,933,Sham19Y0131521,625,252,708,142,38
1007,645,933,Sham19Y0148486,376,401,704,164,62
1007,704,938,Shamela0023628,789,13,250,170,87
1007,645,933,Sham19Y0020591,139,311,603,170,67
1007,641,1109,Sham19Y0014119,102,991,1437,198,45
1007,645,933,Sham19Y0018100,1065,768,1061,170,67
1007,704,933,Shamela0011428,191,31,236,131,68
1007,779,1109,Shamela0000767,357,1,394,140,45
1007,641,1109,Sham19Y0127677,4885,272,801,166,28
1007,641,878,Shamela0022848,41,551,705,107,57
1007,671,929,Shamela0007370,1632,749,1006,114,45
1007,666,977,Sham19Y0014309,2063,784,1093,199,74
1007,671,933,Shamela0008544,131,503,785,155,60
1007,632,933,Zaydiyya0000162,713,940,1256,168,61
1007,645,933,JK000477,139,1047,1338,166,64
1007,645,933,Shamela0011569,94,709,1008,173,67
1007,645,933,Sham19Y0020944,80,1155,1448,170,67
1007,666,1019,Shamela0008360,75,352,707,203,65
1007,641,938,Sham19Y0016976,312,322,592,167,67
1007,666,933,Shamela0008176,799,56,341,189,81
1007,821,1193,Shamela0008176,800,1,798,132,20
1007,641,933,Sham19Y0016546,97,1035,1288,140,56
1007,645,938,Shamela0023631,1138,954,1250,173,67
1007,645,933,Sham19Y0020868,267,1037,1329,170,67
1007,704,933,Shamela0008540,474,158,366,140,73
1007,671,938,Shamela0005922,556,805,1068,155,65
1007,645,1024,Shia002034Vols,1965,837,1206,179,53
1007,609,1109,Shia003732Vols,3293,747,1266,194,39
1007,666,878,Sham19Y0145212,498,523,747,151,81
1007,704,933,Sham19Y0146127,178,19,220,133,69
1007,645,929,Shia002218Vols,249,672,956,161,64
1007,641,933,Shia000841Vols,759,551,854,167,63
1007,641,933,ShamAY0033177,612,923,1216,170,67
1007,645,933,Shamela0117359,137,952,1243,169,66
1051,1371,1593,Zaydiyya0000570BK3,3146,766,993,166,89
1052,4,123,Zaydiyya0000570BK3,3146,993,1112,95,98
1102,1309,1529,Shamela0004445,1227,405,662,142,67
1102,1285,1529,Shamela0009780,172,1096,1355,177,81
1102,1309,1529,ShamAY0034447,870,858,1147,124,47
1102,1309,1529,Shamela0006864,693,667,937,147,68
1102,1309,1529,Shamela0010283,3309,170,437,151,70
1102,1309,1529,Shamela0023833,262,503,773,147,68
1102,1309,1529,Shamela0009770,247,198,464,146,68
1102,1309,1529,Shia003732Vols,1225,843,1108,146,69
1102,628,940,Zaydiyya0000063,1680,1302,1520,174,67
1103,583,757,Shamela0009780,495,760,938,141,97
1103,786,959,Shamela0009780,498,490,674,120,80
1104,196,620,Shamela0003118,2114,231,751,228,46
1104,512,807,Shamela0003118,2114,1155,1459,165,59
1104,747,1062,Shamela0003118,2115,58,352,219,85
1104,186,625,Shamela9007669,805,608,997,229,64
1104,193,620,JK000916,6182,918,1454,234,46
1104,512,1062,JK000916,6183,367,1102,372,59
1104,512,807,Sham19Y0013301,632,1137,1433,174,67
1104,196,620,Sham19Y0013301,632,306,734,245,58
1104,747,1062,Sham19Y0013301,633,47,364,233,89
1104,747,987,Shia001657Vols,45,6,243,182,92
1104,193,561,Shamela0009780,889,795,1147,279,92
1104,264,1062,Shamela0009780,890,242,1108,441,56
1104,193,620,ShamAY0034447,1951,419,850,232,52
1104,193,620,Shamela0006864,1825,310,768,255,57
1104,512,807,Shamela0006864,1825,1198,1503,181,67
1104,747,1062,Shamela0006864,1826,113,448,237,85
1104,193,747,Shamela0021715,6734,881,1569,389,65
1104,193,462,Shamela0010283,532,1238,1511,170,69
1104,518,1062,Shamela0010283,533,562,1278,324,49
1104,196,488,Shamela0010646,1755,983,1281,180,66
1104,518,1062,Shamela0010646,1756,318,1010,337,54
1104,193,620,Noorlib0007682,106,339,765,242,67
1104,512,762,Noorlib0007682,106,1213,1498,174,72
1104,747,1062,Noorlib0007682,107,173,505,237,86
1104,212,620,Shamela0009788,919,1020,1527,219,45
1104,193,620,Shamela0026568,1291,769,1266,244,54
1104,193,740,JK000533,2908,638,1155,224,37
1104,196,488,Shia003764Vols,63,764,1080,170,57
1104,518,807,Shia003764Vols,64,33,326,169,67
1104,196,620,Shamela0026764,79,952,1402,248,56
1104,512,1062,Shamela0026764,80,350,1178,409,60
1104,193,620,Shamela0023685,1462,137,589,237,57
1104,193,620,Shamela0026484,172,978,1407,246,58
1104,512,1062,Shamela0026484,173,403,1180,399,62
1104,196,415,Shamela0009770,684,1439,1654,170,96
1104,512,1062,Shamela0009770,685,643,1368,355,56
1104,193,488,Shamela0006590,865,1246,1484,163,68
1104,193,488,Shia003732Vols,5568,132,444,231,90
1104,196,620,JK001477,307,1198,1619,246,59
1104,512,1062,JK001477,308,450,1225,380,58
1104,273,620,JK000778,1082,1,350,195,55
1104,512,1017,JK000778,1082,791,1532,376,62
1104,196,620,Shamela0010664,803,196,614,242,58
1104,512,807,Shamela0010664,803,1157,1499,175,60
1104,747,1062,Shamela0010664,804,93,472,228,73
1104,196,620,Shamela0023700,2513,1002,1413,237,58
1104,512,1062,Shamela0023700,2514,369,1136,396,62
1105,1216,1495,Shamela0009780,832,570,797,170,74
1105,1216,1495,Sham19Y0029560,168,16,264,170,67
1106,1,244,ShamAY0034055,2459,1220,1480,189,88
1106,61,244,Shamela0009784,1358,926,1438,144,35
1106,1,244,Sham19Y0007233,287,1164,1412,173,79
1106,1,244,Shamela0009780,832,797,1035,174,82
1106,1,244,Sham19Y0145435,363,410,656,171,78
1106,1,244,Shamela0006864,1726,707,951,170,77
1106,1,244,Shamela0009701,28,1203,1469,186,85
1106,1,244,Shia002702Vols,2477,190,451,189,88
1106,61,185,JK009291,25,1358,1502,93,81
1106,1,244,Sham19Y0029560,168,264,492,181,93
1106,1,244,Shamela0004473,6774,803,1051,173,79
1106,1,244,Shamela0023833,874,338,586,173,79
1106,1,244,Shamela0009770,648,1183,1431,173,79
1106,449,640,Zaydiyya0000063,1692,493,831,119,42
1107,297,498,Zaydiyya0000063,1694,514,688,136,83
1109,248,494,Zaydiyya0000061,1626,515,811,152,63
1109,170,315,Zaydiyya0000275BK1,1260,1289,1442,102,76
1109,329,494,Zaydiyya0000275BK1,1261,1,173,131,93
1113,1255,1476,Zaydiyya0000388,37,176,427,174,86
1113,1509,1615,Sham19Y0122257,2883,235,341,85,100
1113,1310,1615,ShamAY0000351,207,655,835,123,50
1113,1251,1497,Shamela0021629,762,118,361,188,94
1113,1230,1497,Shamela0036543,2159,689,956,195,89
1113,1255,1470,Sham19Y0127677,15658,917,1430,162,38
1113,1350,1615,Sham19Y0017745,164,444,1118,135,25
1113,1225,1476,Zaydiyya0000035,33,298,612,190,75
1113,1243,1489,JK010001,444,320,543,161,76
1113,1243,1489,Shamela0006610,1167,280,527,184,90
1113,1509,1615,Shamela0008176,6327,953,1059,85,100
1113,1255,1476,Zaydiyya0000037Vols,2705,464,717,176,86
1113,1335,1484,Sham19Y0017798,539,1,137,102,86
1113,1509,1615,ShamAY0033531,3151,75,181,85,100
1113,1310,1615,ShamAY0033531,4333,1152,1425,121,37
1113,1509,1615,JK000201,2899,1105,1211,85,100
1113,1243,1489,Tafsir07055,479,145,396,173,80
1113,1335,1489,ShamAY0038516,74,1,186,116,76
1115,836,1228,ShamIbadiyya0000075,218,1288,1500,170,52
1115,1338,1577,ShamAY0034068,671,581,820,189,98
1115,923,1039,Sham19Y0122257,2882,1390,1516,90,88
1115,836,1327,Shamela0023591,2774,511,1003,375,90
1115,891,1577,Tafsir05047,206,1,374,257,43
1115,994,1487,Shia002356Vols,333,1251,1600,198,48
1115,836,1360,Shamela0023613,1701,1329,1509,115,26
1115,836,1056,Zaydiyya0000062,448,1391,1600,156,87
1115,1052,1584,Zaydiyya0000062,449,16,571,394,86
1115,836,1235,Tafsir09083,379,870,1196,201,59
1115,836,1408,Sham19Y0020891,1821,1023,1615,462,96
1115,836,1319,Tafsir07057,1698,261,599,262,65
1115,840,1177,Shamela0023631,1788,1057,1408,211,68
1115,836,1584,ShamAY0034052,581,118,886,602,96
1115,1031,1466,Sham19Y0145212,3092,725,1013,133,32
1115,836,1259,Shamela0001394,421,30,270,195,56
1119,1332,1589,Shia003923Vols,465,14,315,214,83
1119,1377,1589,Shia003965Vols,8180,470,722,174,81
1119,1332,1565,Sham19Y0122257,3277,1160,1385,183,91
1119,1320,1586,Shamela0000791,739,712,1040,203,72
1119,825,1257,Sham19Y0013223,978,165,562,278,77
1119,841,1252,ShamIbadiyya0000109,7261,1047,1272,148,46
1119,825,1252,Shamela0012884,1111,1043,1407,263,76
1119,1332,1589,Sham19Y0127677,6288,971,1264,205,79
1119,841,1252,Sham19Y0008889,216,563,788,147,47
1119,1377,1589,Shamela0007266,59,717,972,175,80
1119,813,1252,Shamela0010443,202,541,945,280,77
1119,1299,1550,Zaydiyya0000059,1049,1402,1646,193,89
1119,1324,1589,JK007054,539,1065,1372,211,79
1119,813,1252,ShamAY0035035,6440,925,1329,276,73
1119,1332,1589,Shamela0002569,667,1285,1598,188,65
1119,1338,1589,Shia001174Vols,4246,809,1121,190,70
1119,1332,1565,Shamela0008176,7276,141,367,180,90
1119,1332,1589,Shamela0001687,5820,824,1125,213,83
1119,1332,1586,Shamela0008540,1674,120,428,206,78
1119,1167,1565,Shamela0000551,2778,603,1004,220,53
1119,831,1257,Sham19Y0127713,624,566,855,211,63
1119,825,1257,Sham19Y0127713,1599,1018,1402,248,67
1119,821,1252,Shamela0013087,329,546,897,244,67
1119,1332,1586,Sham19Y0013631,594,555,875,205,74
1119,841,1252,Sham19Y0023625,2875,740,965,145,46
1119,1291,1589,Shia001432Vols,24222,501,847,215,68
1119,1332,1589,Shamela0025791,348,703,996,211,84
1119,825,1252,Shamela0025791,350,999,1378,278,80
1119,1332,1571,Shia003961Vols,511,1324,1687,188,60
1119,1332,1589,Shia001137,588,553,866,214,80
1120,1,478,Shia003923Vols,465,315,699,288,70
1120,934,1186,Tafsir06049,4351,76,258,146,71
1120,934,1186,Shamela0022769,924,666,857,144,68
1120,1,370,Shia003965Vols,8180,722,921,150,49
1120,934,1201,Shamela0023591,4756,708,899,143,66
1120,934,1276,Zaydiyya0000295Vols,1278,817,1022,146,53
1120,934,1193,Sham19Y0013223,979,23,223,137,63
1120,934,1186,Shamela0012884,1112,380,573,135,63
1120,934,1186,Zaydiyya0000062,1099,288,481,150,72
1120,1,478,Shamela0007266,59,972,1386,300,71
1120,1,110,Zaydiyya0000059,1050,77,189,79,87
1120,934,1231,Sham19Y0020891,3653,1262,1506,157,59
1120,934,1186,Sham19Y0014592,1058,1226,1420,134,63
1120,943,1264,Shamela0023635,6039,715,962,158,60
1120,934,1193,Shamela0000222,13,1077,1283,144,65
1120,1,478,Shamela0001687,5820,1125,1501,267,63
1120,934,1186,ShamAY0034052,1292,780,967,150,73
1120,1,362,Shia001432Vols,24222,847,1111,206,69
1121,1411,1608,Sham19Y0016684,1877,459,677,140,75
1121,1411,1608,JK001472,44,617,843,128,68
1121,1411,1608,Sham19Y0013605,4257,1320,1538,140,75
1121,1411,1608,Shamela0025800,3454,981,1201,143,78
1121,1411,1608,Sham19Y0016946,676,698,918,138,74
1121,1411,1608,Sham19Y0013252,9004,938,1156,140,75
1121,1402,1608,ShamAY0034447,1078,367,623,141,67
1121,1394,1608,Sham19Y0018272,733,1338,1565,142,72
1121,1411,1608,Sham19Y0127677,14977,934,1152,140,75
1121,1411,1608,Sham19Y0127656,723,1256,1474,135,73
1121,1480,1608,Zaydiyya0000015,2392,1,166,97,72
1121,1411,1608,JK007065,1389,934,1152,140,75
1121,1394,1550,Sham19Y0017747,2357,687,869,102,69
1121,1411,1608,Shamela0021715,9131,560,778,140,75
1121,1394,1608,Sham19Y0017729,464,1197,1423,145,74
1121,1411,1608,Sham19Y0018176,2169,369,587,140,75
1121,1411,1608,Shamela0026568,516,1237,1469,140,73
1121,1430,1608,Shamela0009873,2094,355,577,128,71
1121,1375,1608,Shamela0000894,468,587,861,152,66
1121,1411,1608,Shamela0005756,13685,163,381,140,75
1121,1411,1608,Sham19Y0018103,3576,4,222,140,75
1121,1411,1608,Shamela0004473,15914,387,619,140,73
1121,1411,1608,Shamela0036446,1367,531,714,142,89
1121,1411,1608,Shamela0023685,537,497,717,138,74
1121,1422,1608,JK000216,191,776,986,132,75
1121,1422,1608,Shia003732Vols,2848,893,1079,119,73
1121,1411,1608,JK000110,1589,178,395,139,75
1121,1411,1608,Shamela0004289,1444,680,898,140,75
1122,1,137,Sham19Y0016684,1877,680,842,104,79
1122,1,141,JK001472,44,843,1008,104,77
1122,1,141,Sham19Y0017063,1199,179,336,97,77
1122,1,158,Sham19Y0017903,929,50,194,108,83
1122,1,158,Sham19Y0122257,2735,18,193,114,80
1122,1,147,Shamela0025800,3454,1204,1351,114,97
1122,798,1112,Shamela0023591,6502,332,590,195,77
1122,1,137,Shamela0021654,1311,50,616,106,23
1122,976,1427,Zaydiyya0000274,660,826,1309,329,78
1122,811,969,Zaydiyya0000274,661,1280,1438,123,98
1122,830,1112,Shamela0037458,4355,1158,1607,196,49
1122,1290,1427,Shamela0037458,4356,1224,1347,99,89
1122,1,137,Sham19Y0016584,3996,1033,1195,104,79
1122,1290,1427,Shia002616Vols,6101,901,1042,105,92
1122,854,1112,Tafsir03037,3040,934,1140,159,73
1122,1,137,JK009324,3163,114,267,97,78
1122,1,137,Sham19Y0016946,676,918,1080,104,79
1122,1,137,Sham19Y0013252,9004,1159,1321,104,79
1122,811,1095,Zaydiyya0000295Vols,412,1482,1698,168,71
1122,1,137,Sham19Y0018106,3642,42,204,104,79
1122,806,1065,Sham19Y0013223,2242,301,523,157,72
1122,1,158,Sham19Y0014119,510,97,267,106,75
1122,1,133,Shia003616Vols,2261,432,561,101,96
1122,811,1290,Shia002356Vols,1259,922,1305,272,67
1122,1,147,ShamAY0034447,1078,626,807,110,75
1122,1,137,Sham19Y0127677,14977,1155,1317,104,79
1122,811,1290,Zaydiyya0000062,2008,345,957,360,69
1122,1290,1427,Zaydiyya0000062,2009,97,260,108,82
1122,1,137,Zaydiyya0000015,2392,169,327,97,71
1122,1,141,JK007065,1389,1152,1304,95,70
1122,811,1119,Sham19Y0020891,6264,925,1543,248,49
1122,1119,1290,Sham19Y0020891,6265,1,176,135,91
1122,1290,1427,Sham19Y0020891,6266,805,942,110,100
1122,1,137,Shamela0021715,9131,781,943,104,79
1122,10,137,Shamela0021715,9132,671,882,98,58
1122,1,137,Shamela0037837,798,160,347,99,63
1122,1,137,Sham19Y0020638,1211,134,268,104,95
1122,1,137,Sham19Y0018176,2169,590,752,104,79
1122,811,1023,Shia002702Vols,10795,816,1022,160,93
1122,1,137,Sham19Y0009763,104,56,218,106,80
1122,830,956,Shia004624,12,1449,1577,93,89
1122,1,137,Shamela0009873,2094,580,732,104,84
1122,1,158,Shamela0000894,468,864,1056,121,77
1122,1290,1420,JK009266,8694,1210,1352,103,90
1122,40,147,Sham19Y0014592,2785,421,525,81,95
1122,1294,1427,ShamAY0034059,7031,175,330,105,84
1122,1,158,Sham19Y0013614,677,1199,1368,105,75
1122,1,158,Shamela0008360,712,1148,1313,107,76
1122,1,158,Sham19Y0016976,1467,822,992,106,75
1122,5,158,Shamela0008176,5975,1,172,111,80
1122,896,1112,Shamela0023631,4394,819,1038,171,94
1122,811,1427,ShamAY0034052,2312,655,1469,496,74
1122,1,137,Shamela0005756,13685,384,546,104,79
1122,1,137,Sham19Y0018103,3576,225,387,104,79
1122,1,133,Shamela0004473,15914,622,778,100,78
1122,1,158,Shamela0036446,1367,717,874,118,91
1122,1,137,Shamela0023685,537,720,873,106,85
1122,1,137,JK000110,1589,398,560,104,79
1122,830,1427,Shamela0001394,1670,409,1032,356,56
1122,818,969,Shia003961Vols,1740,1061,1209,101,79
1122,1,137,Shamela0004289,1444,901,1063,104,79
1123,326,620,ShamAY0034068,341,1125,1402,146,61
1123,1051,1304,Shamela0029677,1734,535,803,125,50
1123,627,893,Shia004052,57,824,1010,135,61
1123,638,893,Tafsir03037,284,1108,1256,92,45
1123,280,627,Zaydiyya0000295Vols,2710,533,912,210,57
1123,326,620,Shia002356Vols,169,84,337,173,68
1123,638,963,Shia002356Vols,169,783,1052,157,51
1123,673,893,Shamela0023613,1023,1042,1274,175,91
1123,638,893,Shamela0010273,359,786,935,90,45
1123,275,893,Zaydiyya0000062,198,795,1580,341,46
1123,977,1595,Zaydiyya0000062,2029,11,454,199,33
1123,286,620,Sham19Y0020891,1030,1036,1477,262,72
1123,773,963,Sham19Y0020891,1032,107,300,150,91
1123,1006,1595,Sham19Y0020891,6315,213,762,210,31
1123,632,963,Shamela0023588,275,1075,1443,144,39
1123,275,661,Shamela0000894,1644,587,810,91,23
1123,344,638,Shamela0023631,813,1110,1424,230,88
1123,275,963,ShamAY0034052,299,109,1293,507,51
1123,991,1562,ShamAY0034052,2329,676,1274,217,32
1123,275,712,Shamela0004473,15917,5,311,150,37
1123,261,977,Shamela0001394,205,73,725,271,35
1124,287,1344,Zaydiyya0000033,24,229,1135,500,51
1124,1291,1524,Zaydiyya0000033,25,1,399,169,52
1124,355,934,Zaydiyya0000135,49,1311,1575,173,36
1124,287,623,Zaydiyya0000063,1753,1191,1532,235,85
1124,632,1344,Zaydiyya0000063,1754,1,545,266,39
1124,1240,1524,Zaydiyya0000063,1754,881,1324,205,56
1125,762,1252,Zaydiyya0000091,84,1305,1541,186,43
1125,762,1271,Zaydiyya0000400,108,859,1152,179,39
1125,1086,1417,ShamAY0034068,1242,237,634,249,75
1125,585,773,Shamela0023591,2663,924,1097,120,78
1125,1076,1365,Zaydiyya0000274,55,124,532,224,64
1125,486,735,ShamAY0034073,1239,473,723,177,81
1125,1100,1417,Zaydiyya0000295Vols,1860,828,1228,209,60
1125,1093,1383,Shamela0035276,51,504,767,174,66
1125,762,1378,ShamIbadiyya0000109,7293,468,1206,256,30
1125,255,745,Zaydiyya0000062,420,276,813,264,48
1125,1072,1417,Zaydiyya0000062,827,442,883,217,58
1125,1081,1378,Zaydiyya0000398,157,185,554,190,53
1125,1086,1378,Zaydiyya0000059,63,677,1094,240,69
1125,1,213,Zaydiyya0000033,25,399,735,137,48
1125,262,604,Tafsir09083,356,822,1229,171,40
1125,422,745,Sham19Y0020891,1725,804,1113,222,79
1125,1100,1378,Sham19Y0020891,2888,1,397,226,68
1125,985,1268,Shia001174Vols,3372,656,1003,173,61
1125,956,1263,Shia001544Vols,532,376,693,176,66
1125,410,720,Tafsir07057,1573,888,1673,142,21
1125,422,745,Shamela0023631,1677,656,1066,230,67
1125,1093,1397,Shamela0023631,2724,682,1121,230,63
1125,1086,1378,ShamAY0034052,983,1037,1447,237,69
1125,491,745,Shamela0009790,492,674,949,182,77
1130,591,696,Shamela0006886,111,808,1002,81,52
1130,591,696,Shamela0006886,148,48,231,79,53
1133,259,369,Zaydiyya0000361,575,449,812,80,27
1133,242,369,Zaydiyya0000054,221,441,761,85,33
1135,191,522,Shia002265Vols,1767,620,1201,162,29
1135,206,340,Sham19Y0017063,888,776,909,111,99
1135,206,340,Shamela0007891,1604,648,781,111,99
1135,206,340,Sham19Y0122257,2200,689,822,111,99
1135,206,340,Shamela0036040,2,1039,1177,104,90
1135,200,340,Shamela0021629,318,1343,1479,105,90
1135,206,340,Shamela0021629,664,862,992,103,92
1135,206,340,JK001297,463,382,513,108,94
1135,206,340,Sham19Y0014119,400,1292,1425,111,99
1135,206,340,Sham19Y0017791,1230,1053,1186,111,99
1135,815,1077,Zaydiyya0000229,248,64,320,183,85
1135,206,340,ShamAY0033901,151,1220,1354,101,88
1135,836,1073,Zaydiyya0000015,2325,434,656,172,90
1135,815,1077,Zaydiyya0000352,283,317,572,183,85
1135,1221,1387,Shamela0021660,1746,671,884,86,47
1135,206,340,Sham19Y0013614,543,1437,1570,111,99
1135,206,340,Sham19Y0013614,544,35,168,111,99
1135,206,340,Shamela0008360,558,989,1124,111,97
1135,206,340,Sham19Y0016976,1220,52,185,111,99
1135,206,340,Shamela0008176,4724,262,395,111,99
1135,206,340,Shamela0004473,9372,191,321,103,92
1135,206,340,Shia001976Vols,1201,1041,1179,104,90
1135,206,340,Zaydiyya0000045,161,1057,1187,103,92
1135,868,1026,Zaydiyya0000039,879,1453,1600,113,90
1135,815,1077,Zaydiyya0000328,124,102,357,183,85
1135,206,340,Shamela0038194,52,1209,1342,111,99
1135,815,1073,Zaydiyya0000044,276,740,994,176,84
1135,815,1073,Shamela0012579,1867,372,622,161,73
1136,24,214,JK005005,300,157,361,106,56
1136,841,973,Zaydiyya0000144,188,742,887,107,91
1136,841,973,Zaydiyya0000144,234,1159,1304,107,91
1136,841,1224,Zaydiyya0000388,26,1057,1346,219,67
1136,841,973,Zaydiyya0000388,46,793,906,91,85
1136,841,973,Zaydiyya0000388,401,728,873,107,91
1136,7,214,Shia002265Vols,724,1110,1313,149,88
1136,7,159,JK000022,2973,421,985,94,21
1136,1068,1224,Shia001553,101,863,1010,117,92
1136,24,179,Shamela0003118,6133,1433,1587,118,96
1136,1041,1224,Zaydiyya0000161,455,140,353,138,77
1136,841,973,Zaydiyya0000132,44,640,774,101,89
1136,841,1173,Zaydiyya0000132,74,589,841,173,61
1136,7,214,Shamela0001438,8041,12,199,142,87
1136,841,973,Zaydiyya0000093,492,838,992,107,85
1136,841,973,Zaydiyya0000093,499,1033,1173,107,94
1136,841,973,Zaydiyya0000367,27,158,303,107,91
1136,841,973,Zaydiyya0000367,60,273,418,107,91
1136,841,973,Zaydiyya0000367,345,1177,1322,107,91
1136,7,238,JK000916,21315,25,307,158,69
1136,1068,1332,Shia001289,11,800,1043,149,70
1136,33,148,JK000213,391,1333,1443,85,92
1136,841,973,Zaydiyya0000076,19,450,582,107,100
1136,1068,1327,Shia004092Vols,6766,938,1230,148,57
1136,1068,1332,Shia004092Vols,8749,1137,1499,159,55
1136,1068,1224,Shia004092Vols,12877,116,263,116,92
1136,1068,1327,Shamela0023644,1691,640,842,145,70
1136,33,167,Shamela0008601,24,341,475,95,86
1136,1068,1327,JK001324,236,1123,1460,147,44
1136,33,238,JK001324,380,459,684,132,68
1136,841,973,Zaydiyya0000047,4,729,882,107,86
1136,1068,1332,Zaydiyya0000199,32,43,221,140,65
1136,33,163,Zaydiyya0000109,127,740,869,96,88
1136,33,214,Zaydiyya0000017,134,737,899,103,63
1136,1068,1233,Sham19Y0149697,3720,350,517,128,95
1136,24,209,Shamela0006025,488,1005,1217,117,68
1136,7,214,Sham19Y0127677,1993,40,238,144,89
1136,43,248,Sham19Y0127677,10890,1,203,135,79
1136,841,1031,Zaydiyya0000398,56,1005,1230,122,68
1136,24,238,ShamAY0034350,464,1034,1297,139,65
1136,24,238,ShamAY0034350,466,348,611,139,65
1136,62,238,ShamAY0035035,4415,1,160,114,83
1136,43,256,Kraken210714194926,538,1,188,104,57
1136,33,238,Shamela0030312,11,238,493,135,65
1136,1068,1327,Shia001416,294,1309,1506,145,70
1136,1047,1224,Shia003754Vols,393,891,1067,136,96
1136,1068,1224,Shia003754Vols,427,680,836,125,99
1136,1068,1224,Shia001551,261,1340,1496,125,99
1136,1047,1224,Shia004456Vols,4189,589,756,129,90
1136,841,976,Zaydiyya0000098,31,361,519,109,85
1136,841,973,Zaydiyya0000098,423,1089,1221,107,100
1136,841,976,Zaydiyya0000098,803,1437,1574,109,98
1136,841,976,Zaydiyya0000098,923,658,795,109,98
1136,841,973,Zaydiyya0000037Vols,1985,211,360,107,88
1136,841,973,Zaydiyya0000037Vols,2677,1118,1263,107,91
1136,24,238,Shamela0011406,76,872,1077,98,49
1136,841,1169,Zaydiyya0000077Vols,613,630,896,179,64
1136,841,973,Zaydiyya0000042,5,1470,1624,107,85
1136,841,973,Zaydiyya0000042,89,156,301,107,91
1136,841,973,Zaydiyya0000042,220,71,216,107,91
1136,24,218,Shamela0002671,229,728,930,109,58
1136,263,737,Zaydiyya0000045,103,364,815,348,89
1136,1047,1224,Zaydiyya0000039,784,1221,1387,126,88
1136,24,238,Shia002103Vols,134,825,990,113,66
1136,841,1014,Zaydiyya0000328,106,153,327,109,72
1136,24,238,ShamAY0034230,884,1060,1326,139,65
1136,43,238,ShamAY0034230,3595,854,1073,127,71
1136,7,238,ShamAY0033712,19,400,662,154,72
1136,7,218,JK005004,268,796,1012,157,92
1136,33,238,ShamAY0033886,253,196,451,135,65
1136,7,238,Shamela0000736,4149,489,801,145,58
1137,374,552,Shamela0001687,4645,165,332,116,83
1138,1196,1637,Kraken210630005153,1382,1011,1301,161,41
1138,1233,1637,Shia002943,121,1042,1269,156,44
1138,1233,1637,Zaydiyya0000358,181,976,1415,298,79
1138,87,662,JK011044,149,686,1304,314,57
1138,1151,1637,Zaydiyya0000384,146,749,1268,331,75
1138,97,607,Shamela0012286,1955,741,1269,214,41
1139,39,335,Zaydiyya0000144,385,1015,1376,209,67
1139,39,292,Zaydiyya0000005,334,916,1340,138,38
1139,39,335,Shia000814VolsBK1,1,1021,1367,216,75
1139,39,335,Zaydiyya0000162,2023,1220,1542,198,74
1139,1,251,Zaydiyya0000384,146,1268,1580,168,65
1139,1257,1390,Zaydiyya0000384,165,552,685,105,100
1140,1367,1659,Zaydiyya0000100,441,328,608,201,74
1140,851,1206,Shia000814VolsBK1,35,4,390,265,79
1140,1236,1511,Zaydiyya0000098,481,887,1375,215,52
1140,839,1223,Zaydiyya0000384,136,324,772,302,78
1140,1236,1659,Zaydiyya0000384,159,190,628,345,91
1141,1,266,Zaydiyya0000098,482,125,661,200,44
1141,1,266,Zaydiyya0000384,159,628,904,216,94
1141,1057,1281,Zaydiyya0000384,166,691,925,179,94
1143,603,798,Shia002265Vols,1782,1323,1465,112,70
1143,344,495,Sham19Y0123608,1005,31,195,97,65
1143,603,848,Shia002261Vols,231,453,754,151,56
1144,1118,1520,Shamela0010906,341,5,346,256,78
1144,1128,1520,Tafsir06049,5302,45,348,191,60
1144,1184,1528,Shamela0004445,1655,1,329,240,84
1144,962,1305,ShamAY0034068,2617,1262,1567,183,60
1144,1305,1520,ShamAY0034068,2618,1,216,121,60
1144,962,1474,Shamela0012406,685,92,440,203,47
1144,986,1528,Shia003714Vols,411,138,723,388,79
1144,962,1520,ShamAY0033108,1414,861,1443,290,52
1144,1308,1520,Shamela0009784,994,1,471,139,37
1144,962,1464,Shia002616Vols,4954,999,1526,238,55
1144,962,1520,Shamela0023628,2819,921,1433,319,66
1144,958,1520,Tafsir03037,2239,220,553,188,41
1144,1343,1520,Shamela0009795,172,58,198,79,52
1144,1194,1528,Kraken210630005153,7491,879,1175,197,68
1144,962,1520,Tafsir02091,1653,107,689,290,52
1144,986,1528,Sham19Y0145435,272,640,1238,388,80
1144,962,1520,Shamela0035100,156,510,981,334,73
1144,1158,1528,Shamela0006864,1301,7,381,284,95
1144,996,1474,Sham19Y0123608,1105,10,566,140,20
1144,986,1455,Shamela0009783BK1,942,958,1444,308,73
1144,986,1251,JK006838,766,1258,1519,166,67
1144,1248,1520,JK006838,767,12,259,178,84
1144,1194,1528,Shamela0009776,6498,1004,1435,200,56
1144,986,1520,Shia003636Vols,724,873,1307,259,56
1144,962,1528,Shamela0010283,3534,459,1043,399,79
1144,1184,1528,Shamela0009873,1381,194,734,242,55
1144,962,1520,Shamela0000041,2036,372,890,319,66
1144,904,1486,Shamela0008176,5153,1001,1548,344,66
1144,1003,1520,Shamela0021766,3530,1,468,279,61
1144,904,1528,JK000299,2806,497,1101,382,69
1144,1284,1528,Shamela0004473,5702,408,649,179,91
1144,962,1400,Shamela0005922,2851,998,1477,310,76
1144,1400,1528,Shamela0005922,2852,1,130,98,95
1144,986,1528,Shamela0023833,615,21,614,408,83
1144,962,1422,Shamela0009770,407,1067,1509,298,73
1144,1042,1528,Shamela0021744,3274,415,848,329,82
1144,1204,1520,Sham19Y0145166,255,705,996,166,67
1144,962,1520,Shamela0023578,2441,428,938,312,64
1144,962,1474,ShamAY0034441,298,268,750,345,79
1145,318,850,Shamela0010906,201,915,1443,262,48
1145,4,376,Shamela0010906,341,346,612,206,68
1145,309,1004,Tafsir06049,2860,939,1593,451,80
1145,4,389,Tafsir06049,5302,348,674,244,78
1145,313,816,Shamela0004445,1395,849,1375,334,77
1145,761,1001,Shamela0004445,1396,240,522,163,71
1145,1,399,Shamela0004445,1655,329,727,296,90
1145,4,368,SHAM19Y23644,1173,1187,1497,236,79
1145,313,754,Shamela0012935,170,1182,1589,244,64
1145,4,392,ShamAY0034068,2618,216,603,267,79
1145,309,1001,Shamela0005816,73,267,927,365,53
1145,313,1001,Shamela0012406,581,21,616,354,62
1145,37,376,Shamela0012406,685,446,637,128,47
1145,313,1001,Shia003714Vols,277,453,1139,456,79
1145,1,399,Shia003714Vols,411,723,1111,296,91
1145,48,389,ShamAY0033108,1415,1,315,223,78
1145,313,1001,Shamela0009784,764,96,863,466,74
1145,4,399,Shamela0009784,994,471,807,249,75
1145,291,916,JK001310,24,349,840,345,69
1145,4,357,Shamela0009918,1695,113,462,249,82
1145,536,866,Shia002616Vols,2744,1,309,152,42
1145,4,389,Shia002616Vols,2807,326,734,247,66
1145,4,389,Shia002616Vols,4955,11,426,252,68
1145,55,392,Shamela0023628,2820,1,313,237,86
1145,420,591,Tafsir07076,3837,880,1122,134,68
1145,420,816,Tafsir07076,8150,30,356,233,73
1145,4,342,Shamela0009795,172,16,437,150,36
1145,509,957,Shamela0002449,99,1,331,240,66
1145,420,627,JK000362,1292,117,313,125,69
1145,4,389,Tafsir02091,1653,689,1064,254,76
1145,309,850,Shia003616Vols,2081,242,917,273,45
1145,4,199,Sham19Y0145435,272,1246,1446,150,92
1145,199,399,Sham19Y0145435,273,1,188,145,90
1145,417,1001,Sham19Y0145435,1459,702,1271,444,94
1145,410,850,Shamela0035100,16,40,511,244,52
1145,4,376,Shamela0035100,156,981,1247,204,68
1145,313,677,Shamela0006864,954,1088,1495,231,70
1145,677,1001,Shamela0006864,955,1,314,244,95
1145,1,464,Shamela0006864,1301,381,862,330,85
1145,1,323,Shia003656Vols,679,16,311,204,78
1145,420,816,Shamela0023645,339,180,418,178,55
1145,420,850,Shamela0010695,74,12,454,295,78
1145,4,357,Shamela0010695,125,1138,1477,232,75
1145,420,713,Shamela0009728,58,1175,1492,226,87
1145,4,352,Shamela0009728,100,747,1018,197,69
1145,417,621,Shamela0009783BK1,841,1253,1455,158,95
1145,621,1001,Shamela0009783BK1,842,1,332,254,84
1145,4,399,Shamela0009783BK1,943,79,449,281,87
1145,420,1001,JK006838,530,386,836,247,48
1145,4,376,JK006838,767,259,592,257,85
1145,4,342,Shamela0009776,6474,299,537,187,68
1145,1,132,Shamela0009776,6498,1435,1548,88,86
1145,132,357,Shamela0009776,6499,1,224,170,90
1145,420,859,Shamela0009776,6533,1163,1540,272,74
1145,4,291,Shia003636Vols,724,1307,1517,166,71
1145,309,816,Shamela0010283,1250,360,857,315,76
1145,313,1001,Shamela0010283,3427,38,681,422,75
1145,1,399,Shamela0010283,3534,1043,1443,309,94
1145,309,816,Shamela0010646,725,606,1061,296,73
1145,427,708,Shamela0009898,80,1190,1459,186,80
1145,713,1001,Shamela0009898,81,1,209,160,69
1145,420,1001,Shamela0009873,1082,310,1307,411,49
1145,1,392,Shamela0009873,1381,734,1194,290,77
1145,309,850,Shamela0023680,41,67,741,273,45
1145,420,850,Shamela0006947,15182,708,1104,241,62
1145,4,392,Shamela0000041,2036,890,1257,286,90
1145,1,342,Shia001294Vols,59,1073,1370,208,75
1145,502,831,JK000911,532,1,319,206,75
1145,1,392,Shamela0008176,5154,46,420,289,92
1145,313,885,Shamela0021766,1727,940,1564,335,60
1145,4,399,Shamela0021766,3530,468,811,268,84
1145,1,392,JK000299,2806,1101,1482,295,94
1145,1,392,Shamela0004473,5702,649,1044,306,95
1145,420,850,Shamela0004473,8357,955,1455,287,66
1145,420,1022,Shamela0004473,16382,41,644,443,89
1145,1,399,Shamela0005922,2852,130,511,299,93
1145,533,971,ShamAY0034443,84,1,423,245,57
1145,487,1001,Shamela0006617,470,1,484,329,77
1145,313,1001,Shamela0023833,409,330,984,475,86
1145,1,464,Shamela0023833,615,614,1095,330,85
1145,323,816,Sham19Y0014218,152,991,1421,271,67
1145,313,1001,Shamela0009770,316,76,746,461,83
1145,1,392,Shamela0009770,408,108,483,293,94
1145,1,392,Shamela0021744,3274,848,1229,296,94
1145,313,617,Shia003732Vols,1498,1229,1586,180,62
1145,627,1001,Shia003732Vols,1499,8,451,275,73
1145,1,399,Shia003732Vols,1844,425,835,302,90
1145,420,840,Shia003732Vols,5310,1080,1347,184,53
1145,313,682,JK000927,776,1066,1467,233,71
1145,682,1001,JK000927,777,1,301,227,89
1145,1,231,Shia001432Vols,8442,1311,1515,141,76
1145,4,342,Shia003707Vols,182,1160,1446,200,72
1145,323,821,Shamela0012293,4869,816,1279,282,66
1145,4,231,Shia001887Vols,3438,314,534,173,93
1145,4,357,Sham19Y0145166,255,996,1301,240,84
1145,4,282,Sham19Y0014328,92,1194,1357,120,52
1145,4,399,Shamela0023578,2441,938,1317,292,90
1145,410,835,ShamAY0034441,213,935,1382,283,74
1145,4,399,ShamAY0034441,298,750,1119,283,87
1145,55,282,Shamela0021713,729,1,175,141,76
1145,40,342,Shamela0009241,44,10,227,169,69
1146,373,483,Sham19Y0013223,834,764,875,86,97
1146,184,348,Sham19Y0013223,836,474,645,123,88
1146,961,1239,Zaydiyya0000384,142,437,750,161,61
1146,641,838,Zaydiyya0000384,165,1308,1525,155,87
1146,184,480,Shamela0021765,1737,169,421,156,57
1148,400,529,Zaydiyya0000384,165,258,397,106,92
1148,490,715,Shamela0021590,8,698,1413,151,26
1150,1065,1553,Zaydiyya0000100,216,155,722,267,49
1150,266,891,Zaydiyya0000100,478,576,1238,490,91
1151,1,194,Zaydiyya0000100,216,722,943,128,71
1151,1012,1320,Zaydiyya0000101,1120,487,659,114,45
1152,224,437,JK000998,588,517,1011,110,28
1152,214,380,Zaydiyya0000338,61,1148,1296,116,81
1153,271,570,Sham19Y0020937,123,1063,1412,226,81
1153,570,900,Sham19Y0020937,124,1,350,248,88
1153,245,391,Shia003636Vols,11743,1348,1490,105,90
1153,581,900,Shia003636Vols,11744,1,307,234,91
1154,105,676,Zaydiyya0000098,1048,1,662,448,84
1154,717,1169,Zaydiyya0000098,1049,42,506,335,86
1155,838,1259,Zaydiyya0000209,61,842,1359,275,62
1155,447,593,ShamIbadiyya0000482,36,346,626,93,41
1155,833,1202,Zaydiyya0000343,64,846,1248,201,48
1155,447,593,Sham19Y0032181,223,529,852,99,37
1156,589,1119,Shamela0010906,399,1074,1474,273,63
1156,585,685,Tafsir09084,2257,1372,1467,74,95
1156,685,982,Tafsir09084,2258,1,298,220,88
1156,585,1119,Shamela0004445,1749,479,1391,388,52
1156,585,982,Shia003714Vols,475,232,609,296,94
1156,629,982,Shamela0023628,3199,534,939,189,50
1156,585,982,Shamela0008473,4397,113,488,293,93
1156,629,982,Shamela0001719,2176,584,835,189,67
1156,585,1119,Shia003616Vols,4949,266,1164,356,46
1156,589,1119,Shamela0035100,215,165,565,273,63
1156,585,795,Shamela0006864,1403,1261,1461,157,94
1156,795,1123,Shamela0006864,1404,1,733,240,41
1156,807,982,Shia003656Vols,1064,1222,1364,99,65
1156,593,982,Shamela0007798,8382,906,1251,259,82
1156,629,1128,Sham19Y0127698,84,910,1367,222,47
1156,629,982,Shamela0000041,2383,50,448,192,51
1156,66,308,Zaydiyya0000086,24,1104,1491,189,60
1156,679,1123,Shamela0023833,678,1,856,328,47
1156,564,982,Zaydiyya0000045,78,771,1177,286,84
1156,589,995,Shia002218Vols,884,177,485,228,69
1156,585,995,ShamAY0034441,317,105,453,258,78
1157,1155,1273,Zaydiyya0000101,929,1472,1616,95,81
1160,1410,1560,Zaydiyya0000298,474,1203,1419,84,49
1161,275,423,Zaydiyya0000100,234,1324,1519,104,65
1161,163,444,Zaydiyya0000209,337,213,432,157,68
1161,206,444,Zaydiyya0000101,587,117,357,125,50
1162,651,873,JK000099,78,416,627,149,78
1162,651,870,Shamela0009107,608,1012,1218,141,77
1162,453,865,JK009251,4,881,1168,155,48
1162,651,870,Shamela0000137,535,1038,1271,168,89
1162,450,639,Shamela0000137,536,215,410,141,91
1162,522,642,Sham19Y0014601,1149,1,128,89,91
1162,651,893,ShamAY0032837,20,1261,1476,147,73
1162,450,639,ShamAY0033945,304,990,1182,139,89
1162,480,634,Sham19Y0013783,443,305,516,110,64
1162,453,642,Sham19Y0037618,860,256,462,141,86
1162,668,870,Sham19Y0017063,255,489,654,130,81
1162,450,697,Shamela0007891,483,1161,1369,138,71
1162,687,870,Shamela0021677,445,99,293,123,77
1162,654,893,Sham19Y0017903,168,762,1021,176,84
1162,664,893,Sham19Y0122257,729,663,903,164,84
1162,450,830,Shamela0001438,8055,822,1206,175,43
1162,654,870,Shamela0025800,1416,1200,1433,151,76
1162,457,729,Shamela0025800,1417,22,235,122,55
1162,651,893,Sham19Y0018144,498,1152,1400,143,65
1162,420,631,Sham19Y0018569,234,124,360,127,68
1162,600,870,Sham19Y0018569,235,449,822,180,61
1162,664,870,Shamela0022644,850,849,1006,124,76
1162,668,873,Shamela0022644,858,879,1241,130,45
1162,450,729,Shamela0001875,300,892,1185,178,73
1162,450,639,Sham19Y0131521,925,708,899,141,92
1162,719,870,Shamela0021629,251,1,153,105,78
1162,646,893,Shia002616Vols,330,113,379,182,85
1162,654,870,JK007083,70,352,582,166,89
1162,450,870,Shia002240Vols,146,234,858,256,48
1162,450,639,Sham19Y0020591,231,172,363,141,92
1162,646,870,ShamAY0034227,1269,209,413,134,70
1162,612,870,Sham19Y0013223,191,75,337,170,75
1162,430,886,Shamela0006700,482,614,1055,209,44
1162,646,870,Shamela0007289,1149,369,624,172,84
1162,646,870,Shamela0009780,1224,786,1013,160,82
1162,646,870,Sham19Y0149697,1576,703,907,134,70
1162,450,702,Zaydiyya0000361,224,120,380,130,55
1162,651,878,Shamela0000767,819,988,1234,160,80
1162,450,639,Sham19Y0020989,2598,99,290,141,92
1162,654,870,Sham19Y0017791,389,1243,1453,154,87
1162,706,893,Sham19Y0017791,390,45,239,127,79
1162,651,825,Shamela0005815,104,1277,1463,128,84
1162,664,870,Sham19Y0017757,60,1258,1415,124,76
1162,651,886,Sham19Y0013572,1407,1225,1459,167,83
1162,450,639,Sham19Y0001729,3647,1302,1459,114,75
1162,444,870,Sham19Y0001729,3648,78,705,222,43
1162,474,672,Shamela0022797,672,318,556,118,61
1162,584,870,Zaydiyya0000015,2115,1,663,217,42
1162,651,870,Shamela0021739,147,219,434,166,96
1162,664,870,Shamela0012014,249,117,336,155,86
1162,651,893,Sham19Y0148271,1496,266,522,170,81
1162,450,572,Sham19Y0017350,256,1416,1537,87,88
1162,509,639,JK007107,198,350,487,98,92
1162,646,870,Shamela0008544,1162,562,793,161,85
1162,646,893,Sham19Y0020638,280,774,1039,185,87
1162,668,893,Sham19Y0017729,92,1,241,161,82
1162,668,922,Shia001764Vols,846,1266,1536,170,76
1162,453,631,Sham19Y0123665,505,1257,1434,90,63
1162,646,870,Shamela0000894,1935,744,1000,171,83
1162,607,870,Shamela0000894,1952,410,684,145,66
1162,672,870,Shamela0000894,1972,755,1008,152,74
1162,453,678,Shamela0000894,5456,674,922,132,64
1162,702,870,Shamela0021537,2957,30,216,128,85
1162,654,870,Shamela0021537,3977,1132,1374,163,82
1162,474,870,Shamela0021537,3991,404,781,196,52
1162,651,811,ShamAY0033938,335,1294,1468,121,86
1162,453,729,Sham19Y0020944,126,184,526,193,71
1162,450,639,Shamela0001442,127,22,218,133,86
1162,664,870,Shamela0008360,161,1266,1488,158,88
1162,729,870,Sham19Y0016976,467,1,132,103,92
1162,711,870,Shamela0008176,1526,1,179,125,89
1162,450,639,Sham19Y0020879,775,452,914,129,35
1162,651,870,Sham19Y0122406,971,856,1090,168,89
1162,441,642,JK000299,316,674,846,114,68
1162,474,870,Shamela0005756,3113,827,1266,204,54
1162,450,579,Shamela0008540,760,1369,1486,85,85
1162,654,870,Shamela0004473,10381,351,559,141,75
1162,654,870,Shamela0009242,1377,130,371,163,82
1162,654,870,Shamela0036446,191,1298,1476,130,76
1162,702,870,JK006897,128,715,903,130,87
1162,664,870,Sham19Y0132415,625,818,1038,157,88
1162,441,642,Shamela0021744,372,1066,1238,114,68
1162,664,870,Sham19Y0145212,931,802,1022,158,89
1162,664,870,Shamela0021590,400,1143,1304,127,78
1162,664,870,Shamela0021590,401,434,595,127,78
1162,651,870,Sham19Y0132524,587,1170,1404,168,89
1162,450,702,Zaydiyya0000054,91,337,597,136,58
1162,651,870,Shamela0000432,4840,747,971,157,82
1162,687,870,Shamela0021642,515,1097,1287,116,75
1162,654,870,Shamela0006366,800,577,820,166,85
1162,654,870,Shamela0006366,816,296,1084,123,18
1162,651,893,ShamAY0032665,498,1165,1413,143,65
1162,651,878,Shamela0012293,3500,650,911,157,72
1162,651,870,Shamela0004289,403,1230,1464,168,89
1162,450,639,Shamela0004289,404,59,250,140,92
1162,474,870,Sham19Y0017616,93,310,704,195,45
1162,453,697,Shia000841Vols,1807,787,1086,160,69
1162,702,870,Sham19Y0006538,113,967,1140,119,80
1162,450,639,Shamela0117359,188,382,573,140,92
1162,668,870,Shamela0008381,1700,1,191,134,77
1162,651,870,Shamela0008381,1787,1203,1449,168,85
1162,646,873,Sham19Y0014827,371,1257,1518,173,83
1163,84,505,Zaydiyya0000227,45,246,643,204,51
1165,598,1106,Zaydiyya0000100,426,1,218,101,21
1165,672,849,Zaydiyya0000610,191,558,742,141,94
1166,1368,1573,ShamIbadiyya0000109,7299,25,213,146,87
1168,547,1043,Zaydiyya0000045,160,1,493,375,90
1169,152,341,ShamAY0034815,207,171,353,140,89
1169,70,331,Sham19Y0020591,1912,926,1139,163,77
1169,56,331,JK007099,222,852,1119,206,92
1169,60,331,Sham19Y0127677,18487,99,363,210,95
1169,70,331,ShamAY0001226,264,784,1015,187,88
1169,70,331,Sham19Y0032181,278,593,847,204,95
1169,60,331,Shamela0021715,1030,900,1128,140,55
1169,70,331,Sham19Y0016618,419,231,399,134,61
1169,70,331,Shamela0008609,166,937,1198,200,91
1169,152,331,Shia004456Vols,4096,1239,1380,114,77
1169,56,345,Shamela0000551,64,543,867,199,76
1169,70,313,Sham19Y0127713,823,160,432,159,67
1169,130,313,Sham19Y0127713,960,1,214,135,74
1169,70,313,Sham19Y0127713,994,332,584,163,72
1169,56,301,Sham19Y0127713,1011,1288,1522,141,71
1169,70,353,Sham19Y0127713,1038,18,314,149,58
1169,70,313,Sham19Y0127713,1049,196,452,162,71
1169,60,353,Sham19Y0127713,1077,1030,1371,181,63
1169,56,313,Sham19Y0127713,1083,338,623,170,69
1169,70,313,Sham19Y0127713,1097,43,300,165,72
1169,56,313,Sham19Y0127713,1100,1085,1356,167,70
1169,60,313,Sham19Y0127713,1117,959,1230,164,70
1169,75,313,Sham19Y0127713,1144,687,947,162,74
1169,70,313,Sham19Y0127713,1159,1163,1422,165,73
1169,60,313,Sham19Y0127713,1193,281,551,167,71
1169,70,313,Sham19Y0127713,1251,1158,1401,162,75
1169,70,313,Sham19Y0127713,1269,557,776,137,70
1169,67,313,Sham19Y0127713,1326,760,1032,163,68
1169,60,353,Sham19Y0127713,1403,626,982,179,60
1169,67,331,JK000201,99,327,518,148,69
1169,70,313,Shia002333,284,123,296,136,68
1169,60,331,Shamela0011334,96,81,495,186,53
1169,934,1200,Zaydiyya0000211,131,860,1156,137,55
1169,70,331,Shia003732Vols,5782,324,578,202,95
1169,70,331,ShamAY0035950,560,297,500,163,76
1169,70,331,Shia001270Vols,703,627,881,202,95
1170,748,1349,Zaydiyya0000086,143,805,1037,153,30
1171,161,564,Zaydiyya0000035,15,1021,1160,91,27
1172,400,524,Zaydiyya0000298,318,655,925,64,30
1173,1,143,Sham19Y0013223,824,252,702,87,23
1173,989,1167,Sham19Y0013223,873,881,1142,111,48
1173,449,581,Sham19Y0013223,1260,715,1221,82,18
1174,76,514,Sham19Y0013223,828,183,1049,249,33
1174,663,981,Shia000814VolsBK1,62,1,316,239,90
1174,564,981,Zaydiyya0000162,2019,149,514,228,61
1174,217,514,Shia001782Vols,1673,414,845,140,35
1174,582,984,Zaydiyya0000384,152,654,1077,307,87
1175,1282,1473,JK005005,256,1315,1521,128,74
1175,1107,1255,Shamela0006136,5,503,647,116,96
1175,990,1448,Shamela0021629,163,805,1156,226,55
1175,1107,1227,ShamAY0034815,309,1079,1199,96,99
1175,811,1448,Sham19Y0013223,102,463,1193,344,51
1175,981,1227,Sham19Y0014592,2536,1368,1568,115,57
1175,1107,1318,Shamela0025791,48,272,487,150,86
1176,969,1144,Zaydiyya0000384,129,1434,1599,124,85
1176,592,798,Zaydiyya0000384,164,1060,1281,155,85
1176,790,988,Zaydiyya0000384,165,1341,1525,151,92
1176,1006,1144,ShamAY0037746,158,993,1182,110,71
1177,809,1222,Zaydiyya0000100,603,191,942,211,32
1177,852,1168,Zaydiyya0000346,215,7,282,186,71
1177,829,1184,Zaydiyya0000098,468,16,487,227,56
1178,1315,1482,Sham19Y0014601,3935,165,473,128,53
1178,1253,1482,Shia002265Vols,1195,123,359,139,74
1178,1315,1482,Shia002069Vols,48,385,548,118,87
1178,1315,1482,Shia002069Vols,834,1057,1220,123,94
1178,1237,1482,Shamela0001975,905,1006,1269,154,75
1178,1318,1482,Shamela0021809,2477,1,180,123,86
1178,1315,1482,Sham19Y0017903,500,708,889,124,86
1178,1315,1482,Shamela0001438,3744,65,232,124,93
1178,1315,1482,Shamela0025800,2638,1206,1387,122,84
1178,1315,1482,JK000475,872,815,996,126,88
1178,1315,1482,ShamAY0033910,654,73,261,126,84
1178,1315,1482,Sham19Y0131521,3591,491,685,128,85
1178,1315,1482,Sham19Y0148486,5883,640,825,126,86
1178,1315,1482,Shamela0023628,654,675,856,122,84
1178,1315,1482,Sham19Y0013223,518,1,246,128,67
1178,844,1060,Sham19Y0013223,530,538,787,167,80
1178,1129,1482,Sham19Y0013223,531,403,657,103,27
1178,1315,1482,Shamela0001719,4597,1155,1343,126,84
1178,1315,1482,Shamela0027096,8,664,849,126,86
1178,1315,1482,Shamela0012884,607,944,1103,118,88
1178,1237,1482,Sham19Y0127677,11970,194,503,150,63
1178,1315,1482,Shamela0005968,60,43,285,126,67
1178,1315,1461,ShamAY0033973,31,61,206,95,78
1178,1237,1482,ShamAY0035035,4823,902,1255,166,61
1178,1315,1482,Shamela0021659,1197,665,851,128,88
1178,1315,1482,Sham19Y0017729,257,1203,1384,126,88
1178,1315,1482,ShamAY0032921,38,319,495,127,93
1178,1315,1482,Shamela0013066,311,603,783,123,84
1178,1315,1482,Sham19Y0020944,558,191,385,128,85
1178,1232,1482,Shamela0012220,1145,763,1044,85,25
1178,1315,1482,Shamela0009242,3350,806,978,128,95
1178,1237,1482,Shamela0036446,722,447,729,158,70
1178,1232,1449,Shamela0011385,2646,426,589,102,53
1178,1326,1449,JK000021,1292,1,552,89,21
1178,1315,1482,JK000130,655,304,492,126,84
1178,1315,1482,Shamela0010488,368,63,236,111,75
1178,1315,1482,Sham19Y0146127,3245,127,312,126,86
1178,1315,1482,Shamela0117359,623,1237,1431,128,85
1178,1315,1482,Shia001887Vols,1200,275,451,123,89
1178,1315,1482,Shamela0025794,4142,1196,1377,126,88
1178,1237,1482,Shamela0025794,4168,49,264,134,65
1178,1315,1449,JK001429,75,47,285,101,54
1179,368,678,Shamela0000137,54,803,1080,182,70
1179,368,842,ShamAY0033945,749,273,727,297,76
1179,253,784,Shia002265Vols,1201,692,854,95,20
1179,253,784,Shamela0001975,1001,496,658,95,20
1179,381,811,Sham19Y0017063,917,400,807,281,75
1179,381,770,Sham19Y0036110,99,1057,1479,253,70
1179,368,797,Sham19Y0017903,500,986,1401,305,88
1179,420,797,Sham19Y0122257,2280,1,309,240,80
1179,253,819,Shamela0001438,2836,1290,1472,112,23
1179,368,617,Shamela0001438,2837,97,343,170,83
1179,371,784,Shamela0025800,2638,410,897,271,66
1179,368,784,Shamela0012862,381,566,937,232,65
1179,514,784,Sham19Y0148486,5864,4,266,192,89
1179,253,842,Shamela0009795,134,1080,1335,142,26
1179,368,789,ShamAY0033053,293,710,1091,234,65
1179,1,430,Sham19Y0013223,518,246,751,239,53
1179,371,733,Sham19Y0013223,523,1104,1473,266,87
1179,1,430,Sham19Y0013223,531,657,1133,195,39
1179,1137,1315,Sham19Y0013223,727,1068,1252,134,87
1179,1137,1315,Sham19Y0013223,837,31,215,134,87
1179,368,784,Sham19Y0014119,412,937,1288,269,82
1179,368,784,Shamela0012981,1983,194,560,227,63
1179,368,819,Shamela0012884,600,549,1012,288,73
1179,253,784,Sham19Y0127677,2407,893,1055,95,20
1179,368,819,Sham19Y0127677,13552,714,1110,287,78
1179,368,784,Sham19Y0017791,1271,806,1161,275,84
1179,253,784,Sham19Y0017791,1272,178,340,95,20
1179,371,811,Shamela0022797,1000,926,1361,318,88
1179,250,819,ShamAY0035035,4823,781,969,106,22
1179,371,811,Shamela0012014,283,384,825,327,90
1179,253,733,Shamela0021659,1381,1324,1436,56,13
1179,371,770,Shamela0000140,1777,701,1137,295,82
1179,371,589,Shamela0003055,1988,1253,1435,123,67
1179,589,797,Shamela0003055,1989,1,203,156,95
1179,371,842,Sham19Y0014592,1957,820,1294,262,63
1179,371,789,ShamAY0034059,2314,315,706,284,83
1179,385,784,Sham19Y0013614,562,1,339,262,83
1179,368,811,Shamela0000782,587,985,1421,313,88
1179,371,626,Shamela0008360,576,1239,1436,150,74
1179,258,797,Shamela0008360,577,1,163,102,22
1179,368,789,Sham19Y0016976,1249,521,881,277,83
1179,371,797,Shamela0008176,4863,331,709,284,82
1179,368,519,Shamela0011406,655,1309,1462,112,88
1179,519,789,Shamela0011406,656,1,264,196,90
1179,371,789,Shia001782Vols,1763,147,520,231,64
1179,362,789,Shamela0009242,3346,200,622,312,90
1179,250,784,Shamela0036446,722,302,593,95,17
1179,371,811,Shamela0011578,26,534,969,318,88
1179,368,784,ShamAY0033592,21,350,723,257,75
1179,368,784,JK000021,1285,597,996,257,75
1179,371,789,Shamela0021743,1551,139,565,297,84
1179,371,797,Sham19Y0145212,2405,376,743,284,84
1179,253,784,Sham19Y0146127,3233,609,770,123,29
1179,368,819,Sham19Y0038171,1224,522,1246,246,40
1179,368,784,Shamela0025794,1913,26,420,253,73
1179,368,811,JK001429,75,435,872,325,90
1179,253,784,JK009390,2522,818,980,95,20
1180,1,227,Sham19Y0035453,105,1216,1448,162,87
1180,1106,1421,Zaydiyya0000259,276,891,1089,150,58
1180,1106,1489,Zaydiyya0000259,308,535,914,303,98
1180,1,355,ShamAY0033945,2205,55,415,198,56
1180,10,222,Shia002265Vols,1769,1073,1308,162,87
1180,81,195,Sham19Y0150962,1090,15,144,80,78
1180,10,237,Shamela0001438,3900,624,832,161,91
1180,596,1029,Shamela0021629,671,444,797,185,51
1180,6,222,Shamela0021629,805,968,1185,164,95
1180,596,927,Shamela0036543,2148,397,707,175,66
1180,1,459,Sham19Y0013223,837,783,1243,309,75
1180,1106,1441,Zaydiyya0000067,133,829,1144,221,78
1180,17,222,Shamela0012884,1627,1,193,149,92
1180,10,222,Sham19Y0127677,2266,533,739,158,94
1180,1,633,Sham19Y0127677,12592,663,1273,227,34
1180,1106,1429,Shamela0021550,76,731,960,156,59
1180,1106,1429,JK000001,387,340,623,110,30
1180,10,237,Zaydiyya0000059,60,700,907,157,88
1180,1106,1429,ShamAY0035035,1643,546,789,163,62
1180,1106,1429,Shamela0000482,63,9,256,158,56
1180,6,222,Zaydiyya0000015,1999,524,739,158,92
1180,1,195,ShamAY0033181,1398,234,470,129,68
1180,1,114,JK000299,3700,1279,1436,79,64
1180,1,348,Shamela0005922,1886,159,511,196,57
1180,1106,1461,Shia001372,81,758,1006,153,51
1180,1,195,Shamela0021744,4343,53,294,134,70
1180,1106,1461,Shia001432Vols,29910,940,1188,157,52
1180,1106,1429,Sham19Y0038171,498,579,822,164,63
1180,6,222,JK009390,2347,66,282,159,91
1181,1028,1219,Shamela0001438,2256,107,313,114,61
1181,1028,1219,Shamela0021629,396,483,661,139,92
1181,971,1219,Sham19Y0013223,725,1201,1448,184,90
1181,1222,1398,Shia002380Vols,1136,270,441,108,75
1181,968,1219,JK000021,1617,314,506,147,74
1181,1222,1438,Shamela0012286,1176,1105,1310,129,71
1182,566,913,Zaydiyya0000295Vols,3307,1349,1613,154,50
1182,566,999,Zaydiyya0000273,194,1092,1298,141,38
1182,566,1005,Zaydiyya0000101,696,1093,1349,103,30
1183,811,1176,Zaydiyya0000100,108,843,1295,209,50
1183,693,993,Zaydiyya0000101,228,1139,1586,195,52
1183,993,1194,Zaydiyya0000101,229,1,540,134,30
1184,814,1015,Zaydiyya0000086,183,409,667,153,75
1185,297,447,Sham19Y0017903,509,948,1096,113,94
1185,283,452,Shamela0001449,45,1052,1211,121,92
1185,286,447,JK001310,4,806,975,118,87
1185,297,457,Sham19Y0148486,6482,932,1092,121,93
1185,307,447,Shamela0036543,2148,1,141,109,100
1185,286,438,Sham19Y0013223,833,1296,1457,115,88
1185,278,447,ShamAY0034808,6,620,775,119,88
1185,286,447,Sham19Y0001729,279,54,224,122,89
1185,286,457,Shamela0012014,175,177,357,130,89
1185,286,457,Sham19Y0148271,2263,94,296,127,78
1185,297,447,Sham19Y0017729,263,330,478,113,94
1185,302,466,JK001236,118,568,714,112,86
1185,297,457,Shamela0000894,6130,844,1002,121,95
1185,297,447,ShamAY0033938,1043,542,690,113,94
1185,297,447,Sham19Y0122406,2905,524,672,113,94
1185,283,457,ShamAY0033556,36,571,753,129,88
1185,297,457,Shamela0036446,701,253,407,117,92
1185,297,452,Shamela0026484,457,243,396,114,93
1185,297,457,Sham19Y0132524,1397,282,446,121,91
1185,297,447,Sham19Y0146127,3592,81,229,113,94
1185,297,447,Sham19Y0017616,310,231,379,113,94
1185,297,447,Shamela0025794,4718,588,736,113,94
1185,297,447,Sham19Y0017533,96,36,184,113,94
1187,889,1530,Zaydiyya0000100,387,434,1519,339,35
1187,877,1064,Zaydiyya0000046,7,830,1017,135,87
1187,869,1123,Zaydiyya0000046,9,729,962,170,81
1187,921,1597,Zaydiyya0000046,27,1,620,453,75
1187,895,1597,Zaydiyya0000346,139,78,662,359,54
1187,1322,1530,Zaydiyya0000098,541,495,1020,150,34
1187,899,1061,Zaydiyya0000133,1,632,804,122,90
1187,899,1061,Zaydiyya0000133,2,75,247,122,90
1187,929,1061,Zaydiyya0000086,254,1,140,103,93
1187,1038,1299,Zaydiyya0000384,164,1308,1563,166,74
1189,1167,1366,JK009408,2121,180,703,117,28
1189,1167,1366,Sham19Y0014601,6939,686,875,148,94
1189,93,311,Shamela0012929,242,777,996,174,97
1189,1185,1381,Shamela0025800,2834,1,226,90,48
1189,1167,1574,Sham19Y0131521,5038,187,771,196,40
1189,1167,1381,Sham19Y0131521,6013,1012,1296,114,52
1189,1167,1366,Sham19Y0020591,1332,520,709,148,94
1189,1164,1381,Sham19Y0032381,76,311,560,116,59
1189,93,316,Sham19Y0020891,6444,1165,1371,160,86
1189,1167,1574,Shamela0000894,5555,57,576,70,12
1189,1164,1574,Shamela0006947,7034,897,1352,137,28
1189,1159,1366,Shamela0006947,7045,1186,1408,142,76
1189,1167,1372,Sham19Y0020944,831,138,341,153,91
1189,1167,1427,Sham19Y0020944,1056,277,646,123,43
1189,1167,1574,Shamela0004473,5881,527,851,176,46
1189,1167,1372,Shamela0004473,15098,877,1093,136,76
1189,1228,1366,Shamela0117359,867,1,134,105,96
1189,1167,1381,Shamela0117359,1044,246,535,110,49
1190,1,243,Shia003712,4,689,923,157,71
1190,838,983,ShamAY0038154,15,1,230,110,60
1190,784,1192,Sham19Y0016684,225,1171,1546,275,81
1190,784,976,Sham19Y0016684,600,1242,1508,143,67
1190,784,1192,Shamela0000137,217,922,1358,314,89
1190,1,243,ShamAY0033945,131,565,821,154,64
1190,1,243,SHAM19Y23644,2994,1030,1244,152,72
1190,1,243,Sham19Y0016934,2,684,923,174,82
1190,784,1192,ShamAY0033975,671,813,1262,308,84
1190,787,983,Shamela0003118,5888,608,890,137,59
1190,800,1215,Sham19Y0017063,44,1047,1480,304,85
1190,784,1192,Shamela0007891,17,81,595,306,73
1190,853,1107,Sham19Y0013605,753,832,1092,194,90
1190,784,1020,Sham19Y0013605,1684,548,857,177,71
1190,784,1192,Sham19Y0017903,128,672,1031,268,80
1190,787,1127,Sham19Y0122257,59,1171,1518,256,89
1190,796,1212,Shamela0025800,1566,418,854,323,92
1190,787,1037,Shamela0025800,1714,591,924,191,71
1190,1,253,JK000916,11843,22,187,121,60
1190,796,983,JK000916,20362,628,892,129,60
1190,784,1192,ShamAY0034282,258,428,801,229,62
1190,784,1107,ShamAY0034282,1569,1113,1542,243,70
1190,784,1192,ShamAY0034282,2853,32,559,299,70
1190,853,1212,Shamela0001875,189,1,391,269,85
1190,1,243,Sham19Y0131521,5037,934,1185,185,88
1190,784,1192,Shamela0012862,226,33,537,270,64
1190,853,1127,Sham19Y0016584,423,987,1521,210,48
1190,784,1037,Sham19Y0016584,1297,714,1046,191,71
1190,777,1198,Shia002616Vols,926,160,623,316,85
1190,784,1215,Sham19Y0148486,504,407,947,304,67
1190,784,1180,Sham19Y0148486,2585,1025,1488,264,64
1190,777,1192,JK009324,255,788,1251,307,81
1190,784,1192,Sham19Y0016946,78,846,1282,310,87
1190,864,1037,Sham19Y0013252,2835,8,191,136,92
1190,784,1192,ShamAY0034005,632,555,1090,310,72
1190,784,1192,Sham19Y0018106,371,614,1050,308,87
1190,784,1037,Sham19Y0018106,1160,687,1019,191,71
1190,1,227,Sham19Y0020591,1331,946,1452,173,42
1190,40,243,Shia001663Vols,259,301,494,140,79
1190,30,243,Shia001663Vols,266,259,464,148,80
1190,1,253,Shamela0096178,182,1069,1358,184,76
1190,800,948,JK009256BK2,120,445,570,98,83
1190,864,1168,Shamela0001673,11401,1058,1240,107,44
1190,787,1192,Sham19Y0014119,64,1094,1479,270,76
1190,987,1192,ShamAY0031687,734,1192,1437,145,70
1190,957,1192,Sham19Y0150676,2714,1,261,179,84
1190,1072,1198,ShamIbadiyya0000229,2645,685,837,90,76
1190,1,249,ShamAY0034447,1028,801,1039,170,78
1190,1,243,Sham19Y0013231,7526,192,447,184,86
1190,796,1037,Sham19Y0127677,7911,10,314,185,75
1190,784,1119,Sham19Y0127677,15088,177,990,191,28
1190,1,258,Sham19Y0017581,787,1250,1516,189,84
1190,1,243,Shamela0021550,325,758,1004,179,85
1190,905,1192,Sham19Y0017791,44,1,318,217,84
1190,1037,1192,Sham19Y0017791,45,273,764,108,28
1190,976,1212,Shamela0009978,72,35,304,173,78
1190,818,1192,Sham19Y0127656,63,1,396,282,87
1190,784,1206,Shamela0096283,42,240,695,313,83
1190,6,243,Zaydiyya0000229,20,1138,1395,180,85
1190,814,1192,Shamela0021598,580,1,404,280,83
1190,1,249,ShamAY0035035,5493,759,974,163,79
1190,987,1192,Shamela0012415,250,180,439,159,77
1190,784,1192,Shamela0012843,159,540,851,192,55
1190,784,1160,JK007065,701,1076,1452,289,95
1190,784,1198,Sham19Y0148271,673,375,814,316,88
1190,1,243,Sham19Y0017350,1513,118,365,182,88
1190,787,1192,JK007107,46,214,636,304,87
1190,6,240,Zaydiyya0000352,49,236,464,180,95
1190,784,1107,Shamela0021715,766,1216,1547,243,89
1190,784,1037,Shamela0021715,2428,827,1159,191,71
1190,777,1020,Shamela0021715,2429,223,896,183,34
1190,784,1192,Shamela0037837,58,168,604,308,87
1190,784,1198,Shamela0037837,152,844,1286,318,89
1190,784,1037,Shamela0037837,428,573,895,189,73
1190,987,1192,Sham19Y0018607,127,881,1089,141,78
1190,784,1198,Sham19Y0020638,57,613,1239,197,38
1190,784,1192,Sham19Y0020638,170,900,1336,307,86
1190,787,1037,Sham19Y0020638,431,210,530,190,73
1190,784,1192,Sham19Y0017729,75,304,724,295,83
1190,784,1192,Sham19Y0018176,184,1093,1529,308,87
1190,784,1037,Sham19Y0018176,618,10,342,191,71
1190,1,243,JK000761,253,596,824,179,91
1190,777,1192,Sham19Y0014325,362,502,832,202,58
1190,750,1212,Zaydiyya0000162,2091,240,692,345,90
1190,787,983,JK001236,124,1119,1396,150,67
1190,1081,1212,Shamela0006610,108,423,577,100,82
1190,706,1192,Shamela0000894,305,681,1306,331,66
1190,756,1215,Shamela0000894,607,868,1398,326,75
1190,6,224,Shamela0000894,913,1258,1476,147,75
1190,1099,1212,Shamela0000894,4129,1,155,89,73
1190,787,983,Shamela0000894,5365,64,280,150,85
1190,1,258,Shamela0000894,5555,576,854,194,83
1190,25,243,Sham19Y0014592,82,1,230,161,83
1190,1,243,Sham19Y0014592,1217,195,440,179,85
1190,1,243,Sham19Y0014592,1805,180,453,150,62
1190,1,243,Shamela0006947,7046,279,526,174,82
1190,1,243,Sham19Y0020944,830,345,590,180,85
1190,1,258,Shamela0001442,952,208,475,191,85
1190,917,1192,Sham19Y0013614,29,8,306,209,86
1190,787,1172,Shamela0008360,6,1086,1501,290,85
1190,787,1192,Sham19Y0016976,86,226,680,306,83
1190,787,1192,Shamela0008176,173,220,656,305,86
1190,800,1206,Sham19Y0147313,2101,780,1203,295,85
1190,1,240,ShamAY0033075,50,1046,1290,168,78
1190,1,243,ShamAY0033956,114,720,967,175,83
1190,787,983,Shamela0021766,1957,626,882,148,71
1190,1,243,Shamela0011406,1193,654,907,179,83
1190,1,243,Zaydiyya0000142,3938,806,1087,179,76
1190,976,1192,JK009151,736,773,1000,150,78
1190,917,1192,Shamela0005756,1993,1,302,208,85
1190,784,1037,Shamela0005756,5497,929,1268,191,70
1190,1027,1192,Shamela0005756,5498,562,767,122,73
1190,774,1192,ShamAY0037574,687,1060,1520,304,80
1190,838,1192,Sham19Y0018103,488,1,381,270,88
1190,784,1006,Sham19Y0018103,1222,1217,1512,166,70
1190,1,243,Shamela0004473,5881,851,1102,185,88
1190,1067,1192,ShamAY0032376,877,293,464,94,70
1190,787,1192,Shia001782Vols,888,798,1291,270,65
1190,1,258,Shamela0036446,55,887,1136,173,77
1190,1,243,Shamela0096551,4,1275,1525,172,80
1190,1,249,JK000201,3378,523,771,175,80
1190,1,243,Shia001187Vols,3,375,637,181,82
1190,787,983,Shamela0003485,219,943,1142,151,93
1190,787,1192,Shamela0003485,244,937,1242,200,56
1190,804,1016,Shamela0022547,1143,1182,1374,119,66
1190,823,1192,Shamela0002863,237,1,437,284,80
1190,1067,1192,Shamela0021605,993,400,571,94,70
1190,1,249,Shia003732Vols,1049,777,1069,176,71
1190,868,1192,Shia003732Vols,3516,63,435,240,78
1190,784,1192,JK000110,79,107,543,308,87
1190,784,1037,JK000110,354,1112,1444,191,71
1190,987,1172,Sham19Y0145212,132,436,650,138,79
1190,1,253,Sham19Y0039268,483,192,561,159,47
1190,1,243,Sham19Y0017885,20,62,278,162,82
1190,784,1192,Sham19Y0146127,245,109,613,296,71
1190,784,1192,Sham19Y0146127,1360,588,1056,270,65
1190,1,243,Shamela0010826,37,253,477,164,78
1190,784,1192,Shamela0008203,100,900,1408,308,75
1190,787,1037,Shamela0006366,1319,816,1149,192,71
1190,853,969,Shamela0006366,1340,7,241,87,47
1190,1,243,Shamela0004864,33,1104,1359,152,63
1190,987,1192,Shamela0012293,4826,998,1226,161,89
1190,784,1215,Shamela0008658,2967,182,653,329,87
1190,1,243,Shamela0004289,188,472,705,186,95
1190,784,1192,Shamela0004289,340,33,468,309,87
1190,784,1192,ShamAY0034249,442,861,1219,214,60
1190,756,1192,JK000374,33,509,966,319,85
1190,1,243,Shamela0117359,866,586,869,185,78
1190,76,243,Sham19Y0122401,4,11,151,111,83
1190,1,243,Shamela0025794,1211,861,1125,165,69
1190,30,249,Zaydiyya0000220,321,685,884,153,86
1190,40,243,Zaydiyya0000220,382,789,972,144,87
1190,804,1192,Shamela0023578,362,133,493,184,50
1190,864,1192,JK000384,269,10,389,252,82
1190,1,258,Shamela0038202,68,244,542,173,65
1191,103,344,Tafsir09084,1620,91,347,149,69
1191,141,344,Sham19Y0014601,5003,687,895,155,90
1191,103,344,Sham19Y0017903,762,950,1190,172,79
1191,144,352,Sham19Y0122257,2246,1314,1521,155,88
1191,1399,1506,Shamela0005923,639,301,445,68,63
1191,141,344,Sham19Y0131521,4971,504,712,154,90
1191,141,344,ShamAY0032781,81,1132,1355,159,86
1191,141,344,Shamela0008473,3240,309,525,145,80
1191,1399,1506,Sham19Y0013252,11809,986,1259,74,35
1191,1399,1506,Sham19Y0013223,572,1041,1149,81,98
1191,97,320,Shamela0001719,887,22,229,144,74
1191,141,344,Sham19Y0014119,407,365,573,154,90
1191,584,708,Sham19Y0127677,81,857,950,51,52
1191,141,344,Sham19Y0127677,14724,1072,1280,155,90
1191,149,352,Shamela0008360,570,1,206,154,89
1191,136,344,Sham19Y0016976,1235,1243,1456,155,88
1191,131,352,Shamela0008176,4802,335,582,165,82
1191,92,344,Sham19Y0017798,324,810,1077,161,71
1191,141,344,Shamela0005756,8413,626,834,155,90
1191,149,341,Shamela0005922,3045,705,926,143,78
1191,141,364,JK000021,1464,359,596,165,84
1191,144,352,Sham19Y0145212,2377,545,760,158,89
1191,141,344,Sham19Y0146127,3575,885,1101,159,89
1191,141,341,Shamela0008203,91,1060,1273,157,88
1191,141,344,Shamela0117359,855,1132,1340,154,90
1192,986,1142,Tafsir06049,1462,965,1135,99,66
1192,748,1010,Shamela0001733,3008,724,1181,103,23
1192,743,1010,Shia001395Vols,48,911,1169,116,44
1192,958,1180,Shamela0037458,1236,1,249,148,75
1192,940,1142,Shamela0037458,1903,886,1104,139,77
1192,940,1142,Shamela0023628,1276,1174,1384,138,79
1192,940,1142,Shamela0023628,1916,803,1021,139,77
1192,934,1142,Kraken210630005153,7099,749,973,120,61
1192,972,1142,Tafsir02096,632,864,1024,105,69
1192,35,156,Shia003616Vols,4716,306,853,94,22
1192,38,241,Shia003616Vols,5619,1103,1410,131,53
1192,940,1142,Shia002297,1,122,322,138,79
1192,922,1142,Sham19Y0036114,521,689,913,130,66
1192,726,930,ShamAY0033523,523,257,715,143,39
1192,786,1142,Shamela0000248,3,57,476,174,50
1192,825,1142,Sham19Y0014592,2295,146,515,105,27
1192,726,930,ShamAY0035960,523,744,1202,143,39
1192,940,1142,Shamela0023631,2061,1110,1311,137,78
1192,940,1142,Shia004038,36,439,639,137,78
1192,732,1142,Shia002298,38,455,927,196,45
1192,825,1120,Shamela0008590,5,1342,1558,131,49
1194,74,647,Sham19Y0035453,131,247,676,271,57
1194,69,526,Sham19Y0016684,527,580,949,192,48
1194,69,298,JK000030,116,1140,1381,147,77
1194,69,298,Shia002069Vols,152,692,944,142,72
1194,111,281,Sham19Y0017437,716,318,804,121,31
1194,69,298,Sham19Y0013605,1557,499,743,143,69
1194,86,418,Shamela0025800,3140,675,1096,188,57
1194,69,298,Sham19Y0018144,234,817,1069,143,73
1194,69,390,Shamela0001875,659,32,407,168,51
1194,194,466,Shamela0021629,276,1137,1479,150,52
1194,77,353,Sham19Y0148486,2262,927,1206,154,66
1194,862,1411,ShamIbadiyya0000760,410,708,1182,143,26
1194,69,647,Sham19Y0016946,198,240,787,233,39
1194,69,298,Sham19Y0013252,2561,402,633,143,72
1194,69,298,ShamAY0034005,339,814,1071,145,72
1194,69,298,Sham19Y0018106,1040,735,985,143,67
1194,69,303,Shamela0000347,279,402,662,141,68
1194,77,211,Sham19Y0013223,1265,1291,1436,98,85
1194,211,729,Sham19Y0013223,1266,1,717,351,60
1194,74,303,Shamela0010639,306,1124,1402,148,68
1194,74,303,ShamAY0038389,140,1288,1485,130,70
1194,194,526,ShamIbadiyya0000229,2105,298,514,143,50
1194,111,380,Shamela0096283,119,1178,1422,153,68
1194,69,652,Shamela0010517,2092,527,941,235,46
1194,74,321,Shamela0010517,2432,1186,1485,160,66
1194,69,298,Sham19Y0001729,1076,839,1083,134,67
1194,77,347,Shamela0006848,134,1141,1421,169,72
1194,74,418,JK007065,161,18,487,159,37
1194,77,238,Shamela0012014,356,1277,1459,119,83
1194,86,298,Shamela0037837,293,6,219,129,67
1194,28,418,Sham19Y0020638,64,355,859,205,51
1194,69,298,Sham19Y0018176,554,1169,1419,143,67
1194,77,281,Shamela0000140,2049,591,809,140,80
1194,86,647,Shamela0000140,2050,145,879,247,34
1194,69,298,ShamAY0033938,73,5,257,144,73
1194,69,298,Sham19Y0122406,254,875,1127,144,73
1194,69,647,Shamela0021502,37,563,1066,228,43
1194,86,298,Shamela0005756,4963,551,765,137,73
1194,77,399,Shamela0009242,1690,162,473,157,54
1194,81,729,Shamela0003485,380,1,780,433,66
1194,124,526,Sham19Y0023625,2306,446,707,172,51
1194,69,311,ShamAY0034134,985,455,734,147,68
1194,69,298,JK000110,310,190,434,143,69
1194,69,298,Sham19Y0017842,108,1174,1407,147,80
1194,77,410,Sham19Y0146127,1176,1055,1409,171,58
1194,69,298,ShamAY0032665,234,826,1078,143,73
1194,69,298,Shamela0004289,64,149,409,142,70
1194,74,261,ShamAY0033760,111,1294,1497,120,75
1194,81,647,ShamAY0035003,9,1,485,247,46
1194,90,426,ShamAY0035003,24,1083,1443,200,66
1194,77,390,Sham19Y0011194,281,126,452,133,40
1194,69,311,JK000384,243,663,937,145,68
1195,1261,1443,JK000077,117,288,547,95,44
1195,1024,1443,Sham19Y0014601,6125,315,1063,196,30
1195,1004,1144,Shamela0010549,221,1334,1502,107,80
1195,1243,1443,Sham19Y0037618,4245,622,817,153,97
1195,1010,1443,Shamela0025800,110,1,164,123,36
1195,1243,1449,Shamela0025800,3445,935,1130,141,86
1195,1075,1443,ShamAY0034055,4855,553,724,107,35
1195,1247,1443,Shamela0004482,630,1,181,141,91
1195,1004,1443,Shamela0004482,793,482,1405,293,40
1195,1261,1443,Shamela0023606,455,930,1084,97,63
1195,1243,1443,Sham19Y0131521,6663,34,229,153,97
1195,1010,1449,Shamela0036543,701,33,805,204,30
1195,1290,1443,Shamela0009924,19,854,1057,80,43
1195,1095,1443,Sham19Y0020591,1850,737,1081,190,57
1195,1010,1203,Sham19Y0014119,69,238,617,115,39
1195,1290,1443,Shamela0007289,2096,164,347,76,46
1195,1075,1443,Shamela0007289,4745,916,1064,106,37
1195,1290,1443,Shamela0007289,6970,94,311,80,41
1195,1,297,Zaydiyya0000361,392,39,336,234,95
1195,1290,1443,ShamAY0034392,319,73,351,84,34
1195,1041,1203,Sham19Y0013253,182,1182,1478,117,50
1195,1078,1378,Sham19Y0127677,20372,1,335,101,32
1195,1290,1443,Shamela0009690,566,510,727,80,41
1195,1285,1461,JK000371,398,43,257,90,52
1195,985,1443,Sham19Y0014309,87,1028,1239,140,38
1195,1228,1443,Sham19Y0014309,2454,1164,1379,152,84
1195,1010,1443,Sham19Y0020891,923,135,298,124,36
1195,1062,1203,Sham19Y0020638,77,1,382,90,29
1195,1075,1443,Shia002702Vols,4937,1325,1493,106,35
1195,1280,1449,Shamela0000894,5098,1,182,129,90
1195,1298,1443,Shamela0036558,191,1,145,113,99
1195,1034,1443,Sham19Y0020944,1205,20,449,222,59
1195,1041,1449,Sham19Y0013769,2479,1031,1177,106,32
1195,1261,1443,Sham19Y0145410,512,1225,1379,97,63
1195,1000,1144,Shamela0008176,255,279,419,109,94
1195,1041,1203,Sham19Y0122406,289,419,614,92,49
1195,1303,1443,Shamela0031457,87,115,234,91,83
1195,1243,1443,Shamela0013087,259,291,507,129,68
1195,985,1203,Shamela0011435,915,906,1098,152,88
1195,9,297,Zaydiyya0000054,156,876,1070,151,62
1195,1290,1443,JK006950,1175,741,958,80,41
1195,1290,1443,Shamela0012293,25,1273,1456,80,47
1195,1265,1443,Shamela0004289,47,1,174,136,97
1195,1303,1443,Shamela0021713,563,364,494,100,91
1196,420,688,Shamela0004445,1453,155,811,200,38
1196,440,561,Shamela0012935,179,819,945,90,91
1196,463,561,Shamela0005455,123,113,210,76,98
1196,420,561,Shia003714Vols,321,935,1070,106,94
1196,420,561,Shia002616Vols,2823,1026,1303,107,49
1196,420,561,Shamela0007332,517,852,986,105,93
1196,414,688,Sham19Y0147104,1024,863,1170,162,64
1196,426,688,JK011068,119,8,609,156,32
1196,1226,1383,Shia003906Vols,1716,1102,1285,116,77
1196,440,561,Shamela0021508,63,937,1105,90,68
1196,420,608,Shamela0006864,1087,948,1521,141,31
1196,420,561,Sham19Y0020989,2330,1359,1504,96,79
1196,463,561,Shamela0010695,75,1177,1274,76,98
1196,420,688,Shamela0009978,93,631,1271,192,37
1196,426,688,Shamela0009769,29,185,748,167,37
1196,420,688,Shamela0012415,670,304,974,198,37
1196,440,688,JK000914,175,52,666,175,35
1196,414,561,Shamela0010283,3445,955,1126,91,64
1196,420,561,ShamAY0038086,52,1356,1481,98,87
1196,565,688,ShamAY0038086,53,379,497,93,95
1196,420,695,Shamela0023789,643,124,680,147,31
1196,420,677,Shamela0023789,1375,174,714,146,31
1196,463,688,Sham19Y0150966,1126,869,1473,169,35
1196,414,692,JK009151,1139,539,1151,184,37
1196,978,1138,Shamela0001687,6809,126,286,127,97
1196,420,672,Shamela0006617,522,905,1522,172,34
1196,420,688,Shamela0023833,499,720,1368,200,38
1196,463,561,Shamela0026484,42,760,858,77,100
1196,420,688,Shamela0009770,330,229,831,193,39
1196,463,561,Shamela0021605,1929,228,326,77,100
1196,420,561,JK000927,9,743,863,89,80
1196,420,561,JK000778,1272,248,398,95,76
1196,440,561,JK000917,1403,225,367,90,80
1196,426,688,Zaydiyya0000266,1037,139,791,164,32
1197,638,806,Shamela0023591,21,1,163,75,53
1197,62,326,Shamela0006610,1130,899,1416,196,47
1197,53,289,Shamela0008176,5993,117,471,116,41
1197,963,1099,Shamela0001687,9932,871,1080,107,64
1197,953,1099,JK007040,4448,1230,1403,96,63
1197,57,289,Sham19Y0023625,2465,546,901,114,39
1201,961,1461,JK001233,18,19,526,409,96
1201,961,1461,Tafsir09084,641,946,1447,409,98
1201,961,1461,Shamela0004445,6845,1,501,410,98
1201,1009,1461,ShamAY0033945,2630,1,484,346,84
1201,978,1166,Shia002265Vols,4688,1329,1524,153,93
1201,1166,1461,Shia002265Vols,4689,1,292,239,97
1201,961,1461,Shia002069Vols,149,287,756,301,67
1201,1098,1461,Shamela0003118,179,13,386,277,85
1201,961,1205,ShamAY0034068,1783,1331,1578,195,94
1201,1205,1461,ShamAY0034068,1784,1,255,208,98
1201,978,1461,Shamela0001975,619,345,848,396,95
1201,961,1461,Shamela0021809,2693,775,1252,300,69
1201,1078,1461,Sham19Y0017063,1381,1,384,313,98
1201,961,1461,Shamela0007891,2567,709,1214,404,96
1201,1059,1465,Sham19Y0017903,1024,1,407,330,98
1201,961,1217,Sham19Y0122257,3054,425,669,199,93
1201,1217,1361,Sham19Y0122257,3055,896,1040,120,100
1201,978,1461,Shamela0001438,7288,531,1014,397,98
1201,961,1461,Shamela0025800,2886,615,1117,410,98
1201,1154,1461,JK000916,529,1,305,227,88
1201,961,1461,JK000916,530,892,1408,383,85
1201,961,1461,Shamela0009784,207,1043,1534,396,94
1201,973,1461,Shia001731Vols,869,586,1093,361,81
1201,961,1160,Shamela0023628,2496,1339,1543,163,95
1201,1160,1461,Shamela0023628,2497,1,302,247,99
1201,961,1160,Shamela0008473,1424,1334,1532,161,96
1201,1160,1461,Shamela0008473,1425,1,303,248,99
1201,961,1461,Shamela0008473,3188,362,852,317,72
1201,961,1461,ShamAY0034005,1525,855,1383,369,80
1201,961,1110,Sham19Y0014119,567,1355,1492,113,90
1201,1110,1461,Sham19Y0014119,568,1,352,286,98
1201,961,1124,Shamela0011818,75,1354,1518,136,99
1201,1124,1461,Shamela0011818,76,1,332,266,93
1201,961,1461,Shamela0012884,3465,1029,1497,301,70
1201,978,1461,Sham19Y0127677,5251,181,658,390,97
1201,961,1116,Sham19Y0017791,1792,1423,1566,118,91
1201,1116,1461,Sham19Y0017791,1793,1,346,282,98
1201,961,1124,Sham19Y0017791,1795,1402,1567,125,84
1201,1166,1461,Sham19Y0017791,1796,367,1242,235,32
1201,961,1461,Shamela0000483,23,984,1467,396,95
1201,961,1461,JK007065,1258,411,912,411,98
1201,961,1166,Shamela0012014,382,1385,1590,168,98
1201,1166,1465,Shamela0012014,383,1,306,244,97
1201,961,1461,Sham19Y0148271,2026,774,1264,312,72
1201,1056,1461,JK010001,1334,1,404,329,98
1201,978,1307,Shamela0021659,826,1219,1548,271,98
1201,1307,1461,Shamela0021659,827,1,156,126,99
1201,961,1465,Sham19Y0020638,1351,839,1404,403,84
1201,961,1461,Shia001831Vols,635,1040,1542,412,99
1201,1030,1321,Sham19Y0132618,190,459,818,228,73
1201,992,1232,Shamela0000140,2126,192,432,198,98
1201,961,1461,ShamAY0034438,103,759,1263,391,92
1201,973,1461,Shamela0001441,43,516,1013,360,83
1201,1024,1321,Sham19Y0132973,334,1050,1362,235,89
1201,961,1188,Shamela0000894,1325,1356,1584,187,98
1201,1188,1461,Shamela0000894,1326,1,274,225,100
1201,961,1461,JK009266,6051,424,926,403,96
1201,961,1461,ShamAY0033938,1604,332,833,412,99
1201,1098,1461,Sham19Y0013614,735,7,370,296,98
1201,1124,1418,Sham19Y0013614,737,1,413,194,57
1201,961,1461,Shamela0000782,758,1025,1544,277,51
1201,961,1461,Shamela0008360,809,1051,1540,397,95
1201,966,1461,Sham19Y0016976,1610,1,484,396,96
1201,961,1461,Shamela0000041,1584,299,809,404,95
1201,961,1465,Shamela0007485,24,44,550,411,98
1201,978,1361,Shamela0008176,6786,1217,1587,305,95
1201,1059,1334,Sham19Y0122406,4188,1146,1421,227,98
1201,1334,1461,Sham19Y0122406,4189,1076,1203,104,100
1201,961,1461,Shamela0021766,1524,1058,1546,395,95
1201,961,1461,Shamela0021766,2668,946,1454,396,93
1201,961,1413,Shamela0021589,149,1249,1641,317,83
1201,961,1461,Shamela0036446,1400,662,1171,409,96
1201,961,1461,Shamela0008353,527,557,1052,402,95
1201,966,1461,Shamela0003722,3553,1026,1505,371,88
1201,1030,1321,Sham19Y0127668,35,608,898,240,98
1201,982,1293,Sham19Y0145212,3293,427,727,239,91
1201,961,1461,Tafsir07055,1409,282,782,410,98
1201,1024,1258,Sham19Y0132524,3046,1141,1375,193,98
1201,1258,1461,Sham19Y0132524,3047,850,1053,167,100
1201,961,1465,Shamela0004289,1631,928,1420,402,96
1201,961,1461,Sham19Y0017616,518,510,1011,412,99
1201,961,1386,JK009214,115,1151,1565,338,95
1201,1040,1461,JK000374,149,1,416,341,97
1201,1024,1418,Shamela0008381,700,980,1188,148,45
1201,1024,1418,Shamela0008381,701,605,940,271,82
1201,973,1461,Shamela0009810,1483,464,972,362,81
1201,961,1461,Shamela0025794,3241,988,1477,317,73
1201,961,1461,ShamAY0033760,732,9,514,409,97
1201,978,1195,JK009390,1505,1315,1533,178,97
1201,1195,1461,JK009390,1506,1,268,218,98
1201,978,1436,JK009390,6083,1150,1610,376,98
1201,1104,1461,JK000384,452,9,381,274,84
1202,279,459,JK001233,16,1235,1428,139,87
1202,459,619,JK001233,17,1,157,122,95
1202,279,605,Shamela0004445,6832,176,497,257,98
1202,330,605,Shia002265Vols,4698,721,1015,215,89
1202,330,605,Shamela0001975,730,1041,1334,211,88
1202,279,605,Shamela0021809,530,702,1048,250,87
1202,315,605,Sham19Y0017903,1020,1,281,224,95
1202,330,600,Shamela0001438,3049,1221,1510,210,88
1202,296,605,Shamela0025800,2892,138,449,244,95
1202,335,555,Sham19Y0013252,5985,541,969,101,23
1202,279,605,ShamAY0034005,1521,904,1237,236,84
1202,279,497,Shamela0001673,11107,386,1027,170,32
1202,242,605,Shamela0011818,64,469,858,258,79
1202,310,605,Shamela0012884,4451,1,251,185,75
1202,330,605,Sham19Y0127677,1685,248,541,215,89
1202,279,605,Sham19Y0127677,8983,993,1315,255,96
1202,292,526,ShamAY0035754,17,641,871,178,94
1202,279,549,Sham19Y0013572,354,1240,1485,188,83
1202,279,605,JK007065,150,147,469,249,93
1202,408,605,Sham19Y0148271,497,1,210,153,89
1202,330,605,Shamela0021659,980,501,794,211,88
1202,288,605,Sham19Y0020638,1350,143,451,247,96
1202,279,605,Shia001831Vols,634,902,1223,258,98
1202,310,515,Sham19Y0132618,186,660,873,147,83
1202,427,555,Shia001764Vols,2474,343,636,58,20
1202,279,605,Shamela0001441,27,598,953,246,82
1202,310,519,Sham19Y0132973,333,991,1207,143,78
1202,279,605,ShamAY0033938,1602,385,706,257,98
1202,292,605,Shamela0007485,29,1039,1344,241,95
1202,279,605,Sham19Y0122406,4185,1166,1487,257,98
1202,306,605,Shamela0036446,1404,249,599,236,82
1202,288,605,Shamela0008353,526,181,500,246,93
1202,315,515,Sham19Y0127668,34,877,1086,145,83
1202,427,605,Sham19Y0132524,3041,23,201,143,99
1202,279,605,JK000786,4161,591,919,245,89
1202,279,619,Shamela0004289,1628,585,913,261,95
1202,279,605,Sham19Y0017616,517,779,1100,257,98
1202,344,605,JK009214,115,1,262,208,98
1202,442,605,Shamela0025794,4421,6,173,127,91
1202,279,605,Shamela0025794,4455,137,489,253,87
1202,288,605,ShamAY0033760,721,206,512,245,95
1202,310,605,JK009390,1714,498,816,218,84
1203,542,716,Sham19Y0014555,327,923,1139,127,73
1203,268,716,Tafsir06049,1440,1103,1351,178,49
1203,440,781,JK005005,593,407,706,84,29
1203,508,716,Shamela0026884,325,530,729,148,89
1203,508,729,Sham19Y0035453,118,1126,1355,164,88
1203,566,716,Shia002265Vols,1358,300,459,119,94
1203,524,729,Sham19Y0017063,565,1084,1306,157,87
1203,508,716,Sham19Y0017903,436,109,315,146,85
1203,578,729,Sham19Y0122257,1553,1,159,121,95
1203,504,729,Sham19Y0017101,34,678,914,168,87
1203,508,781,Shamela0007562,113,315,540,125,57
1203,508,716,Shamela0037458,596,239,452,150,87
1203,508,721,Shamela0001875,831,265,461,155,92
1203,504,671,Shamela0007516,32,1377,1534,116,87
1203,508,721,Shamela0021629,347,1357,1569,153,86
1203,508,716,Shia002616Vols,1415,756,950,146,85
1203,508,716,Tafsir07076,1278,804,1019,146,83
1203,268,647,Shamela0008635,41,209,423,101,28
1203,508,729,Sham19Y0013223,480,421,639,159,87
1203,504,721,Sham19Y0014119,283,997,1221,158,87
1203,542,689,Sham19Y0018609,322,1339,1497,111,86
1203,542,716,Shamela0000767,1517,827,999,129,90
1203,566,745,Sham19Y0123608,607,815,995,121,84
1203,508,716,Shamela0012884,1066,655,850,146,84
1203,508,716,Sham19Y0127677,12512,1008,1202,146,85
1203,528,729,Shamela0010517,1218,1,174,128,76
1203,508,716,Shamela0007370,1010,482,675,150,90
1203,512,721,Shamela0006848,23,30,233,140,82
1203,508,716,JK009237,1677,408,629,150,84
1203,504,788,Sham19Y0014309,688,201,738,201,46
1203,508,716,ShamAY0034054,618,681,889,146,84
1203,508,716,Shamela0023623,641,646,854,146,84
1203,508,695,Sham19Y0014592,1927,1027,1228,137,84
1203,508,716,Shamela0000782,295,401,595,146,85
1203,504,729,Shamela0008360,392,1023,1251,168,90
1203,537,721,Sham19Y0016976,828,1,187,140,92
1203,353,729,Shamela0008176,3396,576,931,187,56
1203,532,729,Shamela0005922,1676,1069,1281,149,86
1203,508,716,JK000021,1209,511,703,146,88
1203,508,695,Shia003732Vols,3960,582,778,136,85
1203,504,729,Sham19Y0145212,1789,193,417,165,86
1203,268,647,Shia002218Vols,140,185,517,145,49
1203,566,716,Shia002264,703,872,1024,118,98
1203,508,716,Shamela0010437,4,260,461,146,85
1203,508,716,Sham19Y0011194,114,385,599,149,86
1204,1377,1609,Zaydiyya0000077Vols,93,214,398,143,74
1205,20,388,Zaydiyya0000077Vols,93,495,826,233,72
1205,1148,1584,Shamela0011435,57,597,1289,274,46
1206,921,1126,Shamela0023628,2067,542,737,149,90
1206,1419,1594,Zaydiyya0000295Vols,3316,1007,1205,122,68
1206,951,1155,JK000216,150,91,283,142,81
1207,1,396,Zaydiyya0000295Vols,3316,1205,1618,306,92
1207,401,1601,Zaydiyya0000295Vols,3317,16,1223,937,93
1207,67,410,Shia001555Vols,257,764,1095,187,62
1207,67,410,Shia004456Vols,266,220,551,186,62
1207,67,410,Shia004456Vols,361,699,1061,208,68
1208,20,536,Zaydiyya0000295Vols,3315,292,725,285,63
1208,7,387,Zaydiyya0000295Vols,3317,1223,1605,289,88
1208,387,645,Zaydiyya0000295Vols,3318,1,188,145,68
1209,697,806,Sham19Y0016599,331,9,139,66,63
1209,677,806,ShamAY0033975,15,1107,1305,78,51
1209,1,246,Sham19Y0017437,456,38,286,131,65
1209,1,139,Shamela0007891,452,154,286,103,94
1209,1,135,Sham19Y0150600,219,297,426,102,96
1209,1,246,Shamela0022645,305,1083,1327,125,62
1209,677,881,Shamela0025800,1830,1197,1418,101,48
1209,844,1008,Zaydiyya0000361,31,1190,1358,126,95
1209,1,388,Zaydiyya0000361,217,1168,1461,139,37
1209,1,135,Sham19Y0017350,356,929,1058,102,96
1209,677,806,Sham19Y0020891,4337,1053,1212,86,68
1209,825,1025,Zaydiyya0000162,2021,1107,1314,140,84
1209,841,1008,Zaydiyya0000267,89,1140,1311,126,92
1209,841,1008,Zaydiyya0000149,32,560,727,121,88
1209,1,135,Shamela0001665,172,1362,1491,102,96
1209,841,1008,Zaydiyya0000052,44,751,911,119,91
1209,841,991,Zaydiyya0000260,6,1317,1482,111,84
1209,844,1018,Zaydiyya0000275BK1,47,928,1109,127,90
1209,1,139,JK000110,131,509,642,102,94
1209,756,1132,Zaydiyya0000010,48,725,1057,181,59
1209,740,1008,Zaydiyya0000054,26,1108,1393,157,68
1210,756,945,ShamAY0033975,236,1245,1427,139,94
1210,759,960,Shamela0025800,1876,133,353,141,78
1210,333,617,Shamela0022644,200,415,739,181,67
1210,756,960,Sham19Y0131521,327,584,811,146,81
1210,756,960,Sham19Y0013667,197,424,613,136,86
1210,333,825,Sham19Y0017757,28,708,1203,219,49
1210,375,585,Sham19Y0017747,185,1232,1471,156,80
1210,455,617,Zaydiyya0000162,2196,1,156,110,83
1210,1149,1357,Shamela0006610,73,698,948,134,65
1210,375,536,Shamela0006610,225,1354,1510,124,96
1210,759,945,Sham19Y0020944,35,335,594,138,66
1210,756,945,Shamela0008540,206,1201,1384,139,94
1210,375,612,Shamela0021590,111,30,281,163,76
1210,756,945,Shamela0117359,91,736,919,139,94
1211,340,780,Shamela0012981,2366,673,1357,156,24
1212,454,900,Shamela0024831,15,876,1220,215,59
1212,454,821,Shamela0009107,516,334,572,161,54
1212,454,753,Sham19Y0016684,406,504,1236,140,22
1212,454,821,Shamela0000137,1605,818,1101,179,61
1212,454,877,ShamAY0033975,576,701,1380,164,32
1212,476,821,Sham19Y0017437,618,792,1152,228,71
1212,454,821,Sham19Y0013605,1287,1134,1443,185,60
1212,454,857,Shamela0001438,4781,118,463,206,59
1212,377,900,Shamela0025800,1950,35,686,312,53
1212,454,841,Sham19Y0016555,56,652,982,200,61
1212,476,821,Sham19Y0018144,816,7,538,180,37
1212,343,451,JK007064,93,689,797,87,100
1212,454,821,JK000221,93,897,1161,183,60
1212,479,821,JK007116,26,1027,1304,183,62
1212,353,821,Shia002616Vols,6199,597,915,162,39
1212,454,835,Sham19Y0148486,485,754,1069,219,70
1212,454,821,Sham19Y0148486,1806,255,557,188,59
1212,479,821,Shamela0005583,154,386,974,158,33
1212,457,821,JK009324,628,954,1212,167,55
1212,454,821,Sham19Y0016946,160,525,818,182,60
1212,454,821,Sham19Y0013252,1892,787,1096,185,60
1212,476,821,ShamAY0034005,302,165,426,190,68
1212,454,821,Sham19Y0018106,778,999,1308,185,60
1212,476,827,ShamIbadiyya0000487,124,816,1106,180,61
1212,454,821,Shamela0001719,1857,428,700,181,61
1212,454,890,Sham19Y0013667,729,817,1217,194,50
1212,457,827,Shamela0006700,480,523,821,205,67
1212,476,821,Sham19Y0127677,2908,138,425,180,63
1212,454,821,Shamela0005815,97,262,553,207,69
1212,454,841,Shamela0010657,288,707,981,190,59
1212,476,821,Shamela0022848,39,898,1134,179,66
1212,454,821,JK000977,737,1108,1375,183,63
1212,454,821,ShamAY0033973,3,735,1015,194,65
1212,476,821,Sham19Y0013572,42,239,553,238,85
1212,461,821,JK007065,19,213,580,257,82
1212,454,821,Sham19Y0148271,1726,250,546,187,62
1212,615,827,Sham19Y0014309,2318,1245,1467,160,89
1212,454,809,Shamela0012062,413,1198,1477,165,57
1212,528,800,JK007107,240,332,631,133,51
1212,528,821,JK000271,108,669,1079,178,50
1212,454,821,Shamela0037837,234,426,720,185,61
1212,476,821,Sham19Y0020638,363,422,693,189,67
1212,454,821,Sham19Y0018176,414,937,1246,185,60
1212,457,821,Shamela0006610,93,662,912,182,61
1212,454,821,ShamAY0033938,432,1003,1282,193,64
1212,454,821,Sham19Y0122406,1211,439,718,193,64
1212,353,821,Shamela0021766,4487,462,1005,265,50
1212,454,821,Shamela0005756,3781,1100,1416,185,59
1212,454,821,Sham19Y0018103,890,245,539,185,61
1212,647,821,Shamela0021676,5,1,168,125,91
1212,470,800,Shamela0036446,211,637,853,156,59
1212,457,821,Shamela0008463,834,282,546,198,69
1212,353,821,Shamela0008463,854,1135,1464,204,53
1212,454,835,Shamela0002863,231,345,650,219,69
1212,454,736,JK000609,11,902,1103,135,58
1212,457,821,Shamela0021743,312,1224,1470,176,59
1212,457,835,Shamela0008657,297,108,412,230,75
1212,454,821,JK000110,212,219,527,184,60
1212,497,821,JK007128,28,72,405,179,58
1212,470,821,Sham19Y0145212,560,1,392,254,76
1212,454,821,Shamela0005803,4,1041,1339,198,65
1212,454,821,Sham19Y0146127,234,879,1164,217,75
1212,470,821,ShamAY0032665,816,5,548,185,37
1212,454,857,ShamAY0033177,251,627,955,197,59
1212,454,872,Sham19Y0038171,419,739,1085,194,53
1212,454,753,Sham19Y0122401,853,1046,1262,142,58
1212,454,821,Shia001887Vols,642,710,986,188,63
1212,454,821,Shamela0025794,56,741,1039,187,59
1213,393,634,Sham19Y0016684,213,844,1096,176,84
1213,393,634,Shamela0000137,148,880,1128,184,90
1213,1101,1369,Sham19Y0014601,1534,226,497,200,87
1213,390,634,ShamAY0034204BK1,86,9,263,185,89
1213,1078,1369,Sham19Y0017882,88,640,932,190,73
1213,1078,1369,Shia002069Vols,71,308,553,181,75
1213,1078,1273,Shia002069Vols,295,1296,1474,136,86
1213,1078,1369,Shia002069Vols,854,291,530,180,76
1213,1078,1369,Shamela0003118,4197,744,986,184,77
1213,1236,1369,Shamela0021809,1413,1,137,99,86
1213,491,634,Sham19Y0013605,706,85,265,104,73
1213,1078,1320,Shamela0001438,6695,223,408,129,66
1213,1101,1369,Shamela0025800,1454,1059,1332,202,88
1213,400,642,Shamela0025800,1932,656,899,181,89
1213,1119,1369,JK000916,14256,1,207,152,72
1213,393,634,JK007064,92,99,338,156,75
1213,1200,1407,Shamela0001875,330,1,211,138,76
1213,1155,1375,ShamAY0036014,11,1,223,167,89
1213,393,634,Sham19Y0022884,32,1155,1346,120,59
1213,1101,1369,Sham19Y0131521,1278,442,713,202,88
1213,1101,1369,Sham19Y0131521,1287,382,1091,194,33
1213,393,634,Sham19Y0016584,392,255,507,176,84
1213,1101,1369,Shia002616Vols,121,312,571,194,86
1213,352,543,JK000170,128,1327,1495,112,64
1213,393,634,JK009324,229,100,222,75,39
1213,393,634,Sham19Y0013252,1085,354,604,174,83
1213,393,634,Sham19Y0018106,345,502,752,174,83
1213,1179,1369,Sham19Y0020591,320,798,989,126,74
1213,1078,1407,Shamela0007289,7153,658,1000,241,83
1213,1101,1423,Tafsir06051,120,815,1178,227,73
1213,1078,1320,Sham19Y0127677,4732,201,386,130,67
1213,393,634,Shamela0007264,31,692,917,154,77
1213,1078,1369,Shamela0010657,413,497,643,96,41
1213,1101,1369,Shamela0006227,207,614,879,201,90
1213,352,634,Shamela0011446,39,243,505,188,79
1213,400,642,JK007065,1473,283,521,178,89
1213,1056,1369,Sham19Y0014309,1707,589,919,232,84
1213,1101,1369,Shamela0008544,1235,610,869,198,90
1213,393,634,Shamela0021715,713,934,1186,176,84
1213,393,638,Shamela0037837,145,777,1060,180,76
1213,405,634,Sham19Y0018607,72,661,851,122,64
1213,400,624,Sham19Y0020638,164,777,1286,106,25
1213,393,634,Sham19Y0018176,173,1115,1365,174,83
1213,1081,1369,Shamela0021721,378,685,876,124,52
1213,384,686,Zaydiyya0000162,2074,266,572,188,72
1213,1101,1369,JK000477,259,916,1188,210,93
1213,390,634,Zaydiyya0000267,116,711,963,112,48
1213,393,634,Shamela0006610,96,1049,1295,184,91
1213,1101,1273,Shamela0006610,191,1368,1535,136,97
1213,377,634,Sham19Y0014207,17,940,1219,187,82
1213,1078,1407,Sham19Y0127660,332,870,1186,240,85
1213,1101,1369,Sham19Y0131336,505,877,1143,204,91
1213,1192,1396,Sham19Y0020944,179,1,202,145,81
1213,1078,1369,Shamela0023635,256,1048,1327,198,78
1213,393,634,JK000299,49,331,595,181,84
1213,393,634,Shamela0005756,1859,780,1021,169,83
1213,1101,1369,Shamela0008540,1121,1280,1540,191,84
1213,393,634,Sham19Y0018103,455,284,534,174,83
1213,393,634,Shamela0009242,381,505,751,184,91
1213,1081,1369,Shamela0036446,196,788,1050,210,90
1213,390,781,Zaydiyya0000260,9,341,681,148,43
1213,365,781,JK000386,170,707,1056,232,67
1213,393,634,Shamela0021744,55,1115,1379,184,85
1213,393,634,Shamela0021743,84,579,839,183,86
1213,390,770,Shia003732Vols,3295,146,905,207,34
1213,393,634,JK000110,71,628,878,174,83
1213,393,781,Zaydiyya0000010,54,716,1049,140,41
1213,1078,1273,JK006950,1353,1363,1543,139,83
1213,393,634,Shamela0004289,313,758,996,177,87
1213,1101,1369,Shamela0117359,243,1245,1516,202,88
1214,834,1166,JK000475,2043,309,794,117,26
1214,1007,1259,Shamela0006610,151,663,920,200,94
1214,514,729,Shamela0006610,235,919,1158,157,80
1214,795,964,Shamela0025791,670,93,315,106,59
1215,1151,1377,Shamela0000137,1081,521,720,132,71
1215,1212,1348,ShamAY0034204BK1,480,342,493,103,81
1215,1212,1348,Shia002265Vols,2216,321,470,107,89
1215,1212,1323,Shamela0001975,1081,1282,1425,86,75
1215,1183,1394,Sham19Y0017063,176,258,471,146,80
1215,1212,1377,Shamela0001438,4335,38,219,122,78
1215,1097,1394,Shamela0025800,2601,246,547,183,66
1215,1151,1377,Sham19Y0019188,330,257,479,158,81
1215,1148,1353,Shamela0001875,248,1056,1269,158,91
1215,1151,1377,Shia002616Vols,3799,97,313,151,81
1215,1148,1342,Sham19Y0148486,645,35,239,145,88
1215,1151,1410,Sham19Y0013223,185,1163,1404,152,71
1215,1164,1353,Sham19Y0014119,119,5,248,133,67
1215,1151,1348,ShamIbadiyya0000229,1193,924,1125,140,83
1215,1148,1348,Sham19Y0127677,2690,156,341,116,69
1215,1207,1353,Sham19Y0017791,266,989,1149,104,81
1215,1212,1387,Sham19Y0013785,54,201,377,115,76
1215,1151,1377,Shamela0010517,645,350,574,163,84
1215,1148,1334,Sham19Y0001729,617,1308,1498,136,85
1215,1212,1377,Shamela0021693,133,317,493,117,76
1215,1151,1377,Shamela0096876,56,1299,1521,158,81
1215,1212,1348,Shamela0021659,1469,151,300,107,89
1215,1151,1368,Shamela0008544,1037,499,719,160,87
1215,1151,1377,Shamela0006610,129,403,633,176,93
1215,1212,1377,Shamela0006610,295,429,604,129,92
1215,1151,1377,Shamela0008360,103,626,850,159,83
1215,1207,1353,Sham19Y0016976,367,138,298,104,81
1215,1151,1377,Shamela0008176,1030,878,1115,156,78
1215,1212,1348,JK000299,226,851,996,101,84
1215,1151,1377,Shamela0009242,541,1164,1402,176,90
1215,1151,1443,Shamela0008463,363,849,1089,173,70
1215,1212,1348,Shamela0021744,266,1081,1226,101,84
1215,1151,1377,Sham19Y0145212,665,288,512,159,83
1215,1148,1348,JK000130,137,166,376,149,87
1215,1148,1348,Shamela0000432,4470,266,464,133,78
1215,1151,1377,Shamela0021642,254,1212,1431,154,79
1215,1212,1348,Shia002264,72,1009,1139,87,74
1215,1148,1348,Shamela0117359,324,635,850,154,88
1215,1178,1348,JK009390,2881,1156,1330,126,85
1216,975,1258,Shamela0025800,1232,1105,1374,202,88
1216,972,1204,Shamela0023628,2417,1107,1353,167,83
1216,61,617,Sham19Y0013223,651,246,1302,329,37
1216,975,1198,Shamela0010517,549,400,735,132,46
1216,7,280,JK000201,4204,786,1013,145,67
1217,421,606,Shamela0008473,2810,687,895,115,68
1217,421,776,Shamela0006864,635,804,1118,158,53
1217,455,606,Sham19Y0131003,518,204,400,94,58
1217,44,250,Zaydiyya0000162,2099,216,399,122,65
1217,421,776,Shamela0023833,244,778,1091,159,54
1217,421,776,Shamela0009770,226,351,590,117,41
1217,455,606,Shamela0023700,3012,462,592,98,84
1218,922,1098,ShamAY0032837,17,634,802,132,95
1218,958,1084,Shia000234Vols,11214,412,533,91,93
1218,922,1084,Shamela0007891,1018,352,505,114,91
1218,925,1084,Sham19Y0013605,2007,318,481,112,84
1218,922,1090,Shamela9007669,636,1198,1354,117,89
1218,626,795,Shamela0021677,801,1004,1161,75,46
1218,922,1084,Sham19Y0017903,427,1008,1161,114,91
1218,631,839,Shamela0025800,1631,200,481,108,45
1218,987,1228,Shamela0025800,1642,1,265,118,49
1218,631,1066,Sham19Y0019188,1207,449,1159,138,21
1218,922,1213,Shamela0001875,805,649,892,150,66
1218,922,1084,JK000221,367,888,1042,114,90
1218,908,1084,JK007063,374,911,1074,118,82
1218,922,1084,Sham19Y0122256,762,884,1018,99,79
1218,987,1084,Sham19Y0016584,1623,1,98,75,100
1218,925,1084,Shamela0006349,17,670,817,110,89
1218,861,1084,Sham19Y0006684,797,558,792,130,65
1218,922,1098,Shamela0012750,244,647,820,120,85
1218,908,1084,Shia002240Vols,257,1001,1149,110,78
1218,925,1084,JK009324,1196,730,863,94,77
1218,922,1213,Sham19Y0013252,3796,1014,1275,145,62
1218,922,1098,Sham19Y0013252,3797,1035,1226,121,78
1218,925,1084,Sham19Y0018106,1483,1,164,112,84
1218,922,1232,JK007036,177,620,936,161,55
1218,922,1084,Shamela0011428,966,1191,1327,96,76
1218,922,1084,Shamela0000767,1340,944,1093,111,88
1218,922,1084,Shamela0012531,127,858,1011,114,91
1218,1310,1465,Sham19Y0123608,646,534,690,116,96
1218,631,795,Sham19Y0127677,2244,459,553,59,47
1218,958,1084,Sham19Y0127677,6266,1,118,91,92
1218,869,1107,ShamAY0038640,877,680,967,133,56
1218,922,1084,Shamela0010657,722,131,283,113,90
1218,922,1107,Shamela0027103,8,889,1065,121,83
1218,925,1213,Sham19Y0127656,208,1141,1379,146,57
1218,922,1066,Shamela0012532,161,1332,1467,99,90
1218,903,1084,Shamela0022848,209,522,700,114,80
1218,982,1084,Shamela0000427BK2,2154,1,96,74,93
1218,626,795,Shamela0021693,506,583,740,75,46
1218,922,1084,JK009237,1437,890,1042,113,89
1218,922,1084,ShamAY0035035,2280,1270,1414,106,82
1218,922,1213,JK007065,346,599,895,135,52
1218,958,1107,Sham19Y0150599,220,258,403,109,90
1218,804,1084,Sham19Y0014309,1887,233,762,133,27
1218,922,1090,Shamela0037837,332,139,298,118,91
1218,922,1213,Sham19Y0017729,216,898,1109,142,61
1218,922,1084,Sham19Y0018176,799,465,631,114,84
1218,631,795,Shamela0021721,936,558,1019,88,24
1218,922,1084,Sham19Y0018259,187,868,1021,114,88
1218,967,1084,Sham19Y0018259,205,237,349,80,87
1218,631,834,Shamela0006610,472,353,557,132,81
1218,925,1084,Shamela0006610,496,1179,1333,120,96
1218,922,1084,Shamela0008176,2644,594,737,106,82
1218,922,1084,Shamela0008176,2741,999,1142,106,82
1218,911,1098,Kraken2108092202141,474,1220,1426,127,75
1218,908,1090,Shamela0009369,57,301,467,128,89
1218,922,1213,Shamela0011363,40,1134,1362,117,46
1218,922,1084,JK000299,846,199,343,95,72
1218,922,1084,Shamela0005756,6990,1165,1337,114,81
1218,922,1104,Sham19Y0018103,1503,838,1042,125,76
1218,922,1076,ShamAY0032376,199,328,485,100,77
1218,925,1084,Shamela0009242,1898,1224,1370,109,88
1218,925,1228,Shamela0036446,340,1208,1453,98,31
1218,631,834,Shamela0005922,1596,901,1170,69,34
1218,1159,1441,Shamela0005922,1772,1063,1489,137,37
1218,922,1084,ShamAY0032971,11,569,716,114,90
1218,922,1084,ShamAY0034569,130,55,205,112,89
1218,922,1084,ShamAY0034569,289,642,792,112,89
1218,922,1084,ShamAY0034569,533,211,361,112,89
1218,922,1084,ShamAY0034569,1196,929,1079,112,89
1218,631,795,Shamela0008463,1287,960,1205,73,31
1218,982,1084,Shamela0021744,980,5,103,76,96
1218,922,1084,Shamela0021605,302,904,1057,114,91
1218,922,1084,JK000110,483,550,716,114,84
1218,908,1084,Sham19Y0145212,1488,962,1132,113,76
1218,922,1084,Shamela0010736,62,28,181,114,91
1218,631,795,Sham19Y0146127,1326,316,736,67,18
1218,922,1090,ShamAY0032855,15,1077,1236,114,88
1218,908,1098,Sham19Y0127717,910,646,831,123,78
1219,249,461,Shamela0025800,601,868,1075,144,79
1219,249,446,Shamela0012052,1193,1113,1286,127,79
1219,244,441,Sham19Y0022884,150,44,227,137,85
1219,249,451,ShamAY0033522,379,591,800,136,78
1219,249,454,Sham19Y0006684,1298,871,1068,133,81
1219,249,451,Shamela0028107,400,751,943,136,83
1219,249,454,Sham19Y0127677,19434,242,447,131,76
1219,249,451,Shia002119Vols,1544,967,1166,136,80
1219,249,382,Shamela0012415,281,1310,1440,99,91
1219,249,441,JK010001,2089,364,563,134,82
1219,244,518,Shamela0006610,540,457,716,193,86
1219,249,424,Shamela0012399,1772,91,297,122,73
1219,249,451,Shamela0012399,1976,389,627,136,71
1219,249,441,ShamAY0033181,656,1314,1491,128,78
1219,249,441,Shamela0000551,1465,404,598,132,81
1219,249,441,Shamela0021743,555,727,905,135,86
1219,249,441,Tafsir07055,2189,25,246,135,75
1219,249,441,Shamela0012293,5917,346,515,127,81
1219,249,441,Shia000841Vols,3618,1109,1295,136,83
1220,737,1041,Shamela0023695,1192,663,914,192,76
1221,1228,1423,Shia000814VolsBK1,41,662,901,139,73
1226,898,1175,Zaydiyya0000101,172,1256,1510,159,65
1226,1125,1304,Zaydiyya0000101,831,180,386,119,70