ms1,b1,e1,id2,ms2,b2,e2,ch_match,matches_percent
7,5,518,Shamela0009508,42,900,1481,216,42
7,752,1643,Shamela0009508,46,738,1729,359,37
7,91,811,JK007109,10,59,808,289,39
8,230,949,ShamAY0034200,50,6,480,216,31
8,1430,1635,ShamAY0034200,56,386,595,156,91
8,10,748,Shamela0009508,47,1,429,261,41
8,767,992,Shamela0009508,47,1404,1633,155,76
8,1220,1635,Shamela0009508,49,290,721,236,60
8,1,1178,JK007109,11,126,1137,485,43
8,1346,1635,JK007109,12,63,377,219,85
8,1496,1635,Shamela0002573,80,1,149,104,85
9,1,1125,ShamAY0034200,56,595,1702,838,89
9,1125,1636,ShamAY0034200,57,1,581,264,49
9,1,935,Shamela0009508,49,721,1635,692,88
9,935,1402,Shamela0009508,50,1,436,311,81
9,1,1296,JK007109,12,377,1647,969,90
9,1235,1636,JK007109,13,10,418,164,39
9,1,1402,Shamela0002573,80,149,1461,957,80
10,1,730,ShamAY0034200,57,547,1670,447,44
10,1111,1556,ShamAY0034200,58,1,449,259,60
10,243,1144,Shamela0009508,51,1,643,352,40
10,1188,1556,Shamela0009508,52,26,283,190,61
10,1,1494,JK007109,13,384,1685,701,47
11,99,310,ShamAY0034200,63,1130,1569,112,29
11,99,310,Shamela0009508,62,92,531,112,29
12,194,445,Shamela0009231,33,1090,1354,204,91
12,233,445,Shamela0001417,3,902,1085,118,58
12,240,445,Shamela0011728,629,1116,1292,120,63
12,273,445,Sham19Y0150960,937,495,673,117,70
13,675,1355,ShamAY0034200,66,923,1173,185,34
13,675,1333,ShamAY0034200,82,243,471,167,32
13,1355,1556,ShamAY0034200,84,606,898,94,36
13,675,1313,Shamela0009508,80,725,933,151,30
13,1355,1556,Shamela0009508,82,716,1008,94,36
13,564,1355,JK007109,20,1122,1447,219,33
13,675,1355,Shamela0002573,262,843,1139,216,40
14,1,203,ShamAY0034200,84,945,1182,155,80
14,1,203,Shamela0009508,82,1055,1292,155,80
15,1,289,ShamAY0034200,91,865,1344,94,22
15,393,1045,ShamAY0034200,93,584,1480,309,37
15,516,903,ShamAY0034200,94,205,854,134,19
15,1115,1553,ShamAY0034200,95,97,432,163,37
15,387,939,Shamela0009508,90,401,894,246,44
15,516,1144,Shamela0009508,91,391,1433,237,23
15,234,533,JK007109,22,1240,1525,104,35
15,650,1553,JK007109,23,6,1050,413,41
16,1,313,ShamAY0034200,95,436,654,97,37
16,635,1075,ShamAY0034200,95,693,1004,190,49
16,1,313,Shamela0009508,93,188,406,97,37
16,635,1518,Shamela0009508,94,744,1260,277,38
16,1,313,JK007109,23,1054,1272,97,37
16,1026,1530,JK007109,24,24,286,134,34
17,558,1588,ShamAY0034200,96,298,852,361,41
17,578,1588,ShamAY0034200,98,112,1106,446,44
17,1237,1473,ShamAY0034200,103,392,683,141,56
17,578,1121,Shamela0009508,97,387,1023,253,42
17,1237,1473,Shamela0009508,98,395,686,141,56
17,578,888,JK007109,24,1215,1487,164,65
17,161,782,JK007109,24,313,868,293,49
17,892,1588,JK007109,25,7,603,289,43
17,573,888,ShamAY0033182,1789,460,773,158,46
18,1381,1594,ShamAY0034200,96,942,1084,73,42
18,426,955,ShamAY0034200,99,209,720,220,38
18,1381,1594,ShamAY0034200,105,688,950,121,52
18,696,955,Shamela0009508,100,30,369,168,59
18,426,955,JK007109,25,826,1337,220,38
18,1381,1594,JK007109,26,247,509,121,52
19,987,1539,Shamela0007038,220,109,426,163,36
19,59,561,ShamAY0034200,107,23,491,188,35
19,979,1539,ShamAY0034200,110,476,783,193,40
19,979,1539,Shamela0009508,104,382,703,193,39
19,19,653,JK007109,26,495,1083,223,33
19,1390,1539,JK007109,27,7,123,90,75
19,979,1539,Sham19Y0133411,1421,133,427,192,41
20,429,1257,JK000990,121,489,1124,265,32
20,539,670,ShamAY0034200,111,1497,1620,97,93
20,670,1257,ShamAY0034200,112,1,721,256,35
20,518,1257,Shamela0009508,107,82,946,367,43
20,1,1396,JK007109,27,123,1504,500,32
21,180,490,ShamAY0034200,113,1353,1603,136,50
21,1071,1559,ShamAY0034200,115,760,1251,221,47
21,856,1206,ShamAY0034200,117,510,1124,227,44
21,216,628,Shamela0009508,110,6,383,198,53
21,732,1206,Shamela0009508,112,332,957,260,45
21,43,770,JK007109,28,25,1015,361,41
22,500,644,Shamela0021605,520,1080,1212,109,91
22,1401,1574,Shamela0021605,521,1126,1289,115,73
22,1390,1574,Sham19Y0023618,2335,151,313,120,76
22,1390,1574,ShamAY0034200,116,604,786,121,69
22,856,1144,ShamAY0034200,118,1184,1519,151,54
22,510,649,ShamAY0034200,122,232,358,104,90
22,867,1325,ShamAY0034200,122,1336,1551,124,33
22,856,1241,Shamela0009508,115,891,1315,207,57
22,492,649,Shamela0009508,116,35,179,119,91
22,856,1316,JK007109,30,26,715,256,44
22,433,1316,Sham19Y0133411,1422,183,658,204,25
23,219,874,ShamAY0034200,120,40,695,311,47
23,933,1524,ShamAY0034200,121,916,1491,370,69
23,733,1020,ShamAY0034200,125,1390,1534,107,46
23,1020,1337,ShamAY0034200,126,1,271,208,77
23,55,1060,Shamela0009508,118,85,1192,471,44
23,1035,1573,Shamela0009508,119,823,1383,298,59
23,1,670,JK007109,30,736,1550,274,31
23,572,1605,JK007109,31,13,1215,564,51
24,1036,1574,ShamAY0034200,124,802,1237,257,55
24,33,606,ShamAY0034200,126,762,1570,303,38
24,907,1320,ShamAY0034200,127,709,1043,220,59
24,606,921,ShamAY0034200,127,1,332,231,81
24,1181,1509,ShamAY0034200,132,402,893,182,42
24,33,921,Shamela0009508,120,15,1154,535,50
24,82,535,Shamela0009508,121,1,485,207,48
24,1043,1390,Shamela0009508,123,1237,1534,188,61
24,1181,1509,Shamela0009508,124,908,1399,182,42
24,1,344,JK007109,31,1215,1570,179,57
24,921,1574,JK007109,32,860,1371,316,57
25,1120,1484,Shamela0021608,909,265,836,210,39
25,966,1336,ShamAY0034200,129,13,450,211,52
25,742,939,ShamAY0034200,135,729,1174,126,36
25,742,939,Shamela0009508,128,554,999,126,36
25,1104,1559,Shamela0009508,129,787,1182,235,56
25,822,1559,JK007109,33,618,1256,332,46
26,1190,1433,ShamAY0034204BK1,1106,647,806,88,41
26,157,600,ShamAY0038201,176,168,855,195,30
26,804,1289,ShamAY0034200,128,1279,1526,175,42
26,1128,1529,ShamAY0034200,138,1382,1674,209,62
26,1346,1598,ShamAY0034200,140,692,882,147,72
26,947,1460,Shamela0009508,132,250,740,266,51
26,1460,1598,Shamela0009508,133,773,913,101,86
26,848,1598,JK007109,34,253,1057,438,55
27,1218,1429,Shamela0021608,864,21,245,154,82
27,531,1203,ShamAY0034200,142,198,880,404,63
27,910,1444,ShamAY0034200,143,222,879,266,40
27,531,692,ShamAY0032376,252,109,266,121,92
27,564,1002,Shamela0009508,136,99,864,283,42
27,1002,1388,Shamela0009508,137,1047,1501,229,55
27,1292,1548,Shamela0009508,139,593,1050,108,25
27,389,1444,JK007109,35,26,1277,618,54
28,159,738,ShamAY0034200,144,1344,1558,167,36
28,673,977,ShamAY0034200,148,403,1063,138,24
28,1260,1549,ShamAY0034200,150,1135,1519,150,43
28,74,1013,Shamela0009508,140,376,1169,320,39
28,518,977,Shamela0009508,141,6,722,252,43
28,1291,1549,Shamela0009508,143,1,322,127,42
28,284,1013,JK007109,36,31,537,240,39
29,1265,1529,Shamela0021608,850,774,1040,209,98
29,137,683,ShamAY0034200,146,1007,1345,204,43
29,1197,1495,ShamAY0034200,148,106,347,105,42
29,637,1495,ShamAY0034200,153,1,701,204,22
29,688,1265,ShamAY0034200,156,321,1194,206,22
29,1261,1495,ShamAY0034200,157,69,345,158,67
29,400,712,Shamela0009508,145,1,269,138,48
29,1231,1495,Shamela0009508,147,780,1357,107,22
29,1261,1495,Shamela0009508,148,288,564,158,67
29,137,683,JK007109,36,1075,1527,247,49
29,525,1495,JK007109,37,168,635,171,20
30,1,172,Shamela0021608,850,1040,1172,101,73
30,863,1134,ShamAY0034200,155,1,230,116,46
30,327,694,ShamAY0034200,158,694,1182,270,68
30,327,476,Shamela0009508,149,1382,1565,111,76
30,753,995,Shamela0009508,150,992,1323,134,50
30,822,1134,JK007109,38,1,271,146,52
31,710,1029,ShamAY0034200,160,1360,1535,121,48
31,710,1541,ShamAY0034200,161,164,709,329,47
31,1346,1541,ShamAY0034200,162,453,713,132,60
31,710,1036,Shamela0009508,152,552,734,127,50
31,758,1541,Shamela0009508,153,439,1136,241,27
31,710,1541,JK007109,38,733,1278,329,47
32,80,415,ShamAY0034200,162,733,985,187,66
32,302,576,ShamAY0034200,163,1,365,155,44
32,730,1108,ShamAY0034200,167,363,921,184,34
32,340,576,Shamela0009508,155,1,327,125,39
32,576,843,Shamela0009508,157,1126,1383,169,70
32,290,576,JK007109,39,354,730,165,46
32,576,1520,JK007109,40,194,1401,379,30
33,1,255,ShamAY0034200,168,1327,1517,104,51
33,1,796,ShamAY0034200,169,60,713,307,39
33,212,1415,ShamAY0034200,170,251,1304,432,34
33,669,1415,ShamAY0034200,171,387,1221,283,30
33,992,1532,ShamAY0034200,172,483,866,122,22
33,858,1142,ShamAY0034200,173,1299,1607,136,42
33,877,1189,JK007081,911,117,399,177,62
33,8,904,Shamela0009508,160,874,1561,356,41
33,459,734,Shamela0009508,161,731,1299,182,36
33,1105,1415,Shamela0009508,162,80,498,142,36
33,1016,1193,Shamela0009508,163,1040,1214,136,94
33,1,166,JK007109,40,1401,1559,77,58
33,193,1415,JK007109,41,118,1291,461,34
33,992,1602,JK007109,42,589,1112,177,27
33,8,316,ShamAY0033182,2009,277,573,147,56
34,100,278,ShamAY0034200,170,1297,1497,116,65
34,932,1310,ShamAY0034200,173,618,1016,216,56
34,100,406,Shamela0009508,162,491,950,142,34
34,932,1188,Shamela0009508,164,1334,1606,141,54
34,100,278,JK007109,41,1284,1484,116,65
34,932,1317,JK007109,42,1221,1574,213,61
34,1125,1482,ShamAY0034199,1114,446,947,173,39
35,114,336,ShamAY0034200,175,91,326,165,83
35,1112,1445,ShamAY0034200,179,409,726,116,28
35,942,1486,ShamAY0034200,181,23,603,225,38
35,1,336,Shamela0009508,166,122,702,224,47
35,942,1266,Shamela0009508,170,1003,1384,148,39
35,1,336,JK007109,43,24,597,224,47
35,942,1445,JK007109,45,711,1547,181,20
36,5,645,ShamAY0034200,180,1,843,217,24
36,1,412,Shamela0009508,169,592,1007,141,30
36,503,849,Shamela0009508,170,451,946,201,45
36,1,412,JK007109,44,1118,1533,141,30
36,503,849,JK007109,45,159,654,201,45
37,374,1280,Shamela0021593,475,249,814,316,41
37,977,1291,Shamela0011437,40,977,1297,221,78
37,374,1266,ShamAY0034200,185,898,1507,229,25
37,1206,1359,ShamAY0034200,187,34,286,52,22
37,977,1527,Shamela0009508,176,145,652,315,69
37,977,1291,JK007109,47,134,459,232,83
38,11,471,ShamAY0034055,6888,1122,1581,345,87
38,11,573,Shia002702Vols,7073,195,753,419,87
39,22,748,ShamAY0034200,195,959,1546,226,32
39,22,351,Shamela0009508,184,1334,1573,128,42
39,22,457,Shamela0002573,2139,713,1076,201,50
40,42,689,ShamAY0034204BK1,1849,996,1388,208,38
40,196,761,ShamAY0034200,197,40,470,173,32
40,42,761,ShamAY0034200,199,154,605,250,41
40,42,761,JK007109,50,578,1284,261,34
41,188,572,ShamAY0034200,201,676,833,105,33
41,1017,1582,ShamAY0034200,201,943,1266,193,41
41,172,590,ShamAY0034200,203,764,1285,146,28
41,172,597,JK007109,51,765,1293,144,27
42,156,700,ShamAY0034200,203,38,383,253,55
42,1,1046,ShamAY0034200,212,442,1333,463,47
42,521,785,ShamAY0034200,214,1042,1299,152,62
42,1,1046,Shamela0009508,195,360,1256,464,47
42,521,785,Shamela0009508,197,938,1195,152,62
42,1,746,JK007109,52,965,1581,344,49
42,785,1604,JK007109,53,40,737,297,35
43,1,458,ShamAY0034200,216,1188,1697,227,40
43,1137,1484,ShamAY0034200,217,263,592,178,46
43,1,547,Shamela0009508,199,436,1016,277,44
43,1137,1484,Shamela0009508,200,994,1323,178,46
43,1,750,JK007109,53,737,1563,332,37
43,1137,1323,JK007109,53,1508,1705,146,84
43,1323,1641,JK007109,54,1,675,117,18
44,1,729,ShamAY0034200,218,354,1252,309,36
44,660,1027,ShamAY0034200,219,832,1403,151,27
44,860,1539,ShamAY0034200,221,333,750,195,33
44,77,986,Shamela0009508,202,5,1151,388,36
44,1223,1539,Shamela0009508,204,50,310,137,52
44,1,729,JK007109,54,578,1476,309,36
44,660,1027,JK007109,55,13,584,151,27
45,200,525,ShamAY0034200,221,1114,1534,217,59
45,717,1151,ShamAY0034200,222,1158,1586,217,47
45,237,1160,Shamela0009508,205,1,1198,528,47
45,200,1080,JK007109,56,441,1600,493,46
45,1080,1303,JK007109,57,1,376,95,24
46,176,625,ShamAY0034200,224,1098,1473,172,43
46,1173,1453,ShamAY0034200,229,1113,1531,205,60
46,216,625,Shamela0009508,209,20,362,156,42
46,1062,1575,Shamela0009508,211,479,1091,344,64
46,287,1074,JK007109,58,7,862,292,33
46,1248,1575,ShamAY0034199,695,1091,1577,217,53
47,169,506,ShamIbadiyya0000150,125,258,712,152,37
47,169,1455,ShamAY0034200,231,340,1459,428,28
47,35,541,Shamela0009508,212,685,1260,222,35
47,614,1066,Shamela0009508,216,61,563,150,26
47,588,1066,JK007109,60,715,1296,157,26
48,537,864,Shamela0021605,677,1159,1525,250,81
48,125,1308,ShamAY0034200,208,462,1381,321,27
48,266,487,ShamAY0034200,234,16,140,99,55
48,533,951,ShamAY0034200,236,645,1123,278,72
48,856,1163,ShamAY0034200,237,1375,1565,130,50
48,125,626,Shamela0009508,217,665,1158,223,44
48,533,860,Shamela0009508,218,873,1224,250,87
48,1143,1249,Shamela0009508,221,8,143,84,78
48,266,951,JK007109,61,141,762,240,35
48,533,856,ShamAY0033182,1874,987,1325,244,88
49,502,1414,ShamAY0034200,209,184,565,262,35
49,502,1089,ShamAY0034200,243,363,533,131,27
49,519,1217,ShamAY0034200,244,858,1546,178,19
49,741,1434,ShamAY0034200,245,53,417,213,35
49,502,1089,Shamela0009508,225,1146,1316,132,27
49,359,603,Shamela0009508,226,731,1568,148,21
49,741,1414,Shamela0009508,228,1106,1428,205,36
49,482,1409,JK007109,63,865,1607,302,30
50,208,1562,ShamAY0034200,209,638,1364,512,46
50,359,580,ShamAY0034200,249,1383,1571,97,42
50,321,904,ShamAY0034200,250,72,565,211,37
50,770,1358,ShamAY0034200,251,403,1206,265,33
50,1252,1466,ShamAY0034200,253,374,526,107,57
50,355,580,Shamela0009508,231,826,1018,100,43
50,632,1043,Shamela0009508,233,1,364,206,53
50,1352,1466,Shamela0009508,235,1270,1404,88,82
50,47,833,JK007109,64,470,1546,352,34
50,833,1466,JK007109,65,1,865,356,42
51,1145,1618,Shamela0021593,513,566,746,115,29
51,8,711,ShamAY0034200,209,1357,1535,130,23
51,1136,1618,ShamAY0034200,210,210,419,162,41
51,8,765,ShamAY0034200,253,732,1363,308,42
51,1,367,ShamAY0034200,255,1051,1605,188,36
51,1136,1618,ShamAY0034200,257,5,222,162,40
51,1136,1296,ShamAY0034200,258,146,403,91,42
51,1155,1550,ShamAY0034200,263,1138,1381,141,42
51,286,760,Shamela0009508,237,364,754,200,48
51,64,474,Shamela0009508,238,1,586,181,33
51,849,1133,Shamela0009508,239,876,1124,149,60
51,1136,1618,Shamela0009508,240,157,374,162,40
51,1155,1599,Shamela0009508,246,332,608,165,43
51,8,469,JK007109,65,1071,1466,216,47
51,1136,1618,JK007109,66,1273,1482,162,41
51,1155,1599,JK007109,68,808,1084,165,43
52,182,694,Shamela0011437,48,738,1107,175,39
52,220,994,ShamAY0034200,210,428,1252,318,34
52,220,452,ShamAY0034200,257,231,422,118,59
52,517,910,ShamAY0034200,258,408,598,144,44
52,225,517,ShamAY0034200,261,1354,1481,68,27
52,448,706,ShamAY0034200,263,143,445,192,79
52,220,475,Shamela0009508,240,383,627,130,59
52,436,910,Shamela0009508,241,780,1084,178,42
52,225,668,Shamela0009508,244,1101,1488,204,45
52,299,994,JK007109,67,1,822,279,31
53,948,1305,ShamAY0034200,226,1,255,176,58
53,81,681,ShamAY0034200,265,298,667,199,36
53,848,1301,ShamAY0034200,266,451,1090,290,54
53,962,1549,ShamAY0034200,267,48,654,257,41
53,81,681,Shamela0009508,247,773,1142,199,36
53,548,1194,Shamela0009508,248,729,1490,308,42
53,1194,1549,Shamela0009508,249,859,1196,202,61
53,81,1301,JK007109,69,232,1414,497,38
54,34,738,ShamAY0034200,269,679,1608,280,31
54,738,1016,ShamAY0034200,270,1,361,182,56
54,1537,1711,ShamAY0034200,272,1,171,128,85
54,34,413,Shamela0009508,251,908,1530,167,28
54,770,1490,Shamela0009508,253,1,935,284,30
54,273,1314,JK007109,71,336,1592,490,41
55,1,243,ShamIbadiyya0000150,138,161,381,169,80
55,1,218,ShamAY0034200,272,180,401,162,84
55,369,997,ShamAY0034200,273,442,1109,390,59
55,1315,1554,ShamAY0034200,275,519,828,176,68
55,1,218,Shamela0009508,254,1306,1527,162,84
55,354,997,Shamela0009508,255,607,1568,399,44
55,1315,1554,Shamela0009508,257,1258,1567,176,68
56,1154,1535,Shamela0006349,49,270,466,87,28
56,1235,1541,ShamAY0034208,1622,484,646,50,16
56,1235,1541,Sham19Y0026094,326,463,585,49,17
56,122,436,ShamAY0034200,276,786,1400,152,26
56,1238,1535,ShamAY0034200,280,1,358,103,28
56,1235,1635,Shamela0009508,262,156,601,143,31
56,117,1238,JK007109,73,851,1668,358,33
56,1238,1563,JK007109,74,1,612,135,24
56,1235,1535,ShamAY0033181,811,144,323,72,30
56,1235,1535,ShamAY0034199,825,41,293,79,23
57,651,969,JK000173,76,19,342,131,38
57,605,969,ShamAY0034200,280,388,665,207,70
57,183,350,ShamAY0034200,281,332,765,101,28
57,303,613,ShamAY0034200,282,1,295,131,38
57,613,1352,ShamAY0034200,283,628,1487,483,67
57,175,350,Shamela0009508,263,22,471,107,29
57,613,1458,Shamela0009508,265,290,1299,556,65
57,21,613,JK007109,74,154,822,245,33
57,613,1546,JK007109,75,48,1198,621,64
58,704,1345,ShamAY0034200,283,241,628,218,37
58,1345,1466,ShamAY0034200,284,1216,1338,97,98
58,1,448,ShamAY0034200,285,492,1178,185,31
58,522,1220,ShamAY0034200,286,912,1513,424,71
58,710,1321,ShamAY0034200,287,761,1429,165,21
58,1317,1538,ShamAY0034200,288,51,297,172,86
58,686,914,Shamela0009508,267,1341,1536,136,72
58,914,1538,Shamela0009508,268,1,887,484,68
58,362,1466,JK007109,76,200,1507,695,59
59,353,833,ShamAY0034200,289,488,1101,249,43
59,858,1171,ShamAY0034200,290,1226,1575,193,63
59,235,807,Shamela0009508,269,572,1313,271,38
59,819,1307,Shamela0009508,270,703,1454,291,46
59,235,1089,JK007109,77,506,1544,406,41
59,1071,1549,JK007109,78,1,594,214,37
60,712,1258,ShamAY0034200,286,387,660,170,38
60,1,937,ShamAY0034200,291,511,1119,347,41
60,1,325,Shamela0009508,271,63,305,149,53
60,712,1258,Shamela0009508,272,72,345,170,38
60,1,1258,JK007109,78,594,1335,403,37
60,716,826,ShamAY0034199,815,782,1193,74,23
61,916,1269,ShamAY0034200,289,262,492,143,48
61,63,328,ShamAY0034200,292,738,918,123,54
61,925,1171,ShamAY0034200,294,1140,1301,92,43
61,1166,1536,ShamAY0034200,295,635,1185,278,61
61,925,1307,Shamela0009508,274,1140,1454,191,56
61,63,328,JK007109,78,1372,1552,123,54
61,925,1307,JK007109,79,1135,1449,191,56
61,1307,1536,JK007109,80,26,263,170,84
61,6,246,ShamAY0034199,812,931,1540,145,29
62,689,1089,ShamAY0034200,292,323,593,191,58
62,1,478,ShamAY0034200,295,1185,1504,214,50
62,1,245,ShamAY0034200,296,198,648,190,51
62,689,1115,ShamAY0034200,297,89,489,231,54
62,1075,1520,ShamAY0034200,298,971,1473,249,60
62,1,689,Shamela0009508,275,579,1544,301,31
62,1,1115,Shamela0009508,276,129,1325,517,39
62,1039,1520,Shamela0009508,277,558,1139,253,50
62,1,1115,JK007109,80,263,1459,517,39
62,1140,1520,JK007109,81,30,467,234,63
63,900,1325,ShamAY0034200,295,309,583,172,51
63,77,510,ShamAY0034200,299,55,472,210,45
63,1140,1403,ShamAY0034200,301,722,1114,152,47
63,77,449,Shamela0009508,277,1301,1535,179,58
63,99,929,Shamela0009508,278,442,1514,232,18
63,807,1339,Shamela0009508,279,63,706,259,42
63,77,929,JK007109,81,629,1210,285,34
63,1055,1403,JK007109,82,18,516,205,51
64,897,1336,ShamAY0034200,298,652,938,207,57
64,791,1095,ShamAY0034200,303,377,823,189,53
64,24,581,Shamela0009508,280,603,1028,251,50
64,1,253,Shamela0009508,281,589,1001,133,38
64,711,1102,Shamela0009508,281,932,1442,216,51
64,24,975,JK007109,82,711,1469,378,42
64,975,1449,JK007109,83,1,799,300,43
65,324,606,ShamAY0034200,299,1334,1524,129,54
65,1345,1577,ShamAY0034200,301,427,623,153,82
65,324,934,ShamAY0034200,306,937,1545,378,69
65,934,1261,ShamAY0034200,307,1,341,188,63
65,1326,1577,ShamAY0034200,308,39,299,185,89
65,324,594,Shamela0009508,283,575,828,163,71
65,594,1368,Shamela0009508,284,787,1530,430,61
65,1368,1526,Shamela0009508,285,1,159,119,93
65,324,965,JK007109,83,901,1540,402,70
65,965,1577,JK007109,84,1,570,343,65
66,1280,1473,JK000170,3377,16,227,151,87
66,1328,1473,ShamAY0034200,311,329,478,111,91
66,644,1017,Shamela0009508,286,370,711,148,45
66,1260,1473,Shamela0009508,287,687,893,157,88
66,391,610,Shamela0009508,288,238,568,170,64
66,644,1017,JK007109,84,964,1305,148,45
66,1260,1473,JK007109,85,108,314,157,88
66,1260,1473,ShamAY0033182,2063,1139,1345,157,88
66,1260,1473,ShamAY0033182,2064,942,1148,157,88
67,315,608,ShamIbadiyya0000150,154,428,828,133,34
67,703,1144,Shamela0021605,717,887,1377,187,43
67,216,639,ShamAY0034200,304,1083,1358,171,50
67,1,626,ShamAY0034200,312,590,1484,281,35
67,216,388,ShamAY0034200,313,636,807,90,63
67,552,1281,ShamAY0034200,315,524,1216,315,47
67,895,1144,ShamAY0032376,619,487,717,87,34
67,216,923,Shamela0009508,287,923,1463,257,39
67,1,388,Shamela0009508,290,640,1133,208,52
67,552,1257,Shamela0009508,292,906,1525,317,49
67,216,994,JK007109,85,344,1154,331,43
68,141,301,ShamAY0034200,307,1477,1607,82,64
68,355,751,ShamAY0034200,309,719,993,189,57
68,751,1223,ShamAY0034200,311,33,344,224,58
68,1219,1397,ShamAY0034200,312,911,1087,120,82
68,147,572,ShamAY0034200,317,1112,1473,199,54
68,572,1242,ShamAY0034200,319,636,1187,336,56
68,1148,1397,ShamAY0034200,321,183,429,173,85
68,141,366,Shamela0009508,293,268,476,132,71
68,577,1141,Shamela0009508,295,1115,1487,238,47
68,1062,1283,Shamela0009508,296,1,226,161,88
68,141,1397,JK007109,86,427,1473,690,65
69,102,223,ShamAY0034200,322,1437,1578,86,76
69,301,475,ShamAY0034200,323,132,457,103,39
69,668,1026,ShamAY0034200,323,1126,1465,211,66
69,102,657,ShamAY0034200,324,475,826,128,24
69,102,328,Shamela0009508,300,13,315,121,48
69,345,657,Shamela0009508,301,457,875,168,47
69,102,657,JK007109,87,211,1045,278,42
69,179,552,ShamAY0033182,2006,271,807,198,45
70,1243,1545,Shamela0023631,1579,1,306,162,57
70,1243,1545,ShamAY0033177,150,1108,1412,154,54
70,115,611,ShamAY0034200,326,39,754,263,39
70,758,1094,ShamAY0034200,327,304,707,215,64
70,1,170,ShamAY0032376,643,484,751,92,40
70,23,1010,Shamela0009508,304,1,888,371,35
70,115,1094,JK007109,88,295,1432,476,41
71,946,1293,ShamAY0034200,333,394,999,211,40
71,1329,1475,ShamAY0034200,334,970,1170,113,70
71,946,1366,Shamela0009508,309,653,1529,202,25
71,1329,1475,Shamela0009508,311,565,765,113,70
71,946,1366,JK007109,90,408,1073,245,42
72,1147,1492,ShamAY0034208,1624,375,678,123,41
72,11,748,ShamAY0034200,335,168,702,199,29
72,223,510,ShamAY0034200,336,1081,1325,181,73
72,1104,1514,ShamAY0034200,339,996,1467,181,40
72,1231,1421,ShamAY0034200,340,517,705,106,66
72,223,510,Shamela0009508,312,1297,1541,181,73
72,1231,1421,Shamela0009508,316,480,668,106,66
72,11,542,JK007109,90,1158,1497,147,32
72,667,1514,JK007109,91,42,850,340,43
72,1151,1380,ShamAY0034199,930,1013,1369,90,33
73,76,629,ShamAY0034200,340,1024,1571,189,30
73,76,661,Shamela0009508,316,987,1576,206,32
73,473,1063,Shamela0009508,319,728,1074,119,21
73,9,587,JK007109,91,865,1402,202,31
74,114,374,ShamAY0034200,347,931,1218,140,50
74,672,980,ShamAY0034200,348,15,906,228,30
74,247,980,Shamela0009508,323,1,1038,353,35
74,638,987,ShamAY0033182,1684,345,839,230,56
75,789,1010,ShamAY0034204BK1,1860,618,833,159,88
75,24,313,ShamAY0034204BK1,1860,357,627,208,85
75,286,503,ShamAY0034200,350,22,246,128,60
75,633,1498,ShamAY0034200,351,345,894,313,40
75,1069,1352,ShamAY0034200,353,1,401,215,65
75,24,193,Shamela0009508,324,330,505,133,95
75,193,503,Shamela0009508,325,273,663,215,61
75,793,1498,Shamela0009508,326,1024,1538,331,52
75,1169,1352,Shamela0009508,328,35,253,137,77
75,24,293,JK007109,93,1291,1568,216,96
75,298,1352,JK007109,94,7,1332,553,42
75,24,200,Shamela0002573,1777,1194,1348,119,84
76,1,210,ShamAY0034200,354,29,240,175,99
76,1171,1463,ShamAY0034200,357,710,977,169,68
76,1,210,Shamela0009508,328,1346,1557,175,99
76,1171,1482,Shamela0009508,333,1065,1392,183,61
76,1171,1482,JK007109,95,1185,1512,183,61
77,529,794,ShamAY0034200,362,1194,1511,198,77
77,1155,1539,ShamAY0034200,364,793,1320,264,61
77,1360,1549,Shia002901Vols,984,147,482,141,51
77,529,1134,Shamela0009508,336,773,1239,270,48
77,1155,1539,Shamela0009508,338,256,783,264,61
77,518,1352,JK007109,96,405,1138,305,38
78,1,223,ShamAY0034200,364,1334,1553,152,82
78,1050,1365,ShamAY0034200,368,270,528,195,69
78,1,223,Shamela0009508,338,797,1025,150,78
78,1004,1365,Shamela0009508,341,1108,1410,219,68
78,866,1365,JK007109,97,1023,1496,313,65
78,1,168,Shamela0002573,1847,1222,1427,108,64
79,360,545,Shamela0021605,76,1244,1434,135,82
79,1098,1360,JK007081,239,414,680,141,53
79,1094,1562,Shamela0009508,644,1092,1336,195,50
79,108,545,JK007109,98,122,599,228,48
79,1094,1460,JK007109,197,1410,1616,167,55
79,1098,1652,Shamela0002573,454,1276,1658,258,51
79,339,545,Shamela0002573,1704,1085,1284,132,72
81,959,1130,ShamAY0034055,6826,608,787,134,94
81,322,839,ShamAY0034200,706,26,615,259,46
81,322,839,Shamela0009508,646,753,1342,259,46
81,959,1097,Shia002702Vols,7008,1376,1522,108,93
82,1,245,Sham19Y0020891,3957,898,1140,164,77
82,950,1277,ShamAY0034055,6826,930,1331,210,57
82,1,189,Shia002406Vols,5543,135,330,145,88
82,1,189,Shamela0023591,4982,436,629,147,90
82,1,189,Shamela0023588,1141,822,1018,150,92
82,1,245,ShamAY0034052,1400,777,1033,171,80
82,22,253,ShamAY0034200,703,1176,1412,176,87
82,1,232,Zaydiyya0000062,1209,1284,1528,158,75
82,22,684,Shamela0009508,648,1020,1619,245,34
82,1,232,Zaydiyya0000265,1064,1052,1351,160,63
82,41,712,JK007109,199,1,587,251,37
82,950,1277,Shia002702Vols,7009,176,575,212,58
82,22,174,Shamela0023613,3284,409,561,125,99
82,1,189,Tafsir08090,1217,1180,1353,127,78
82,1,189,ShamAY0034068,1996,1151,1362,150,85
83,64,197,Shamela0021608,857,1275,1413,100,90
83,1065,1461,Shamela0021608,927,1019,1342,183,51
83,1059,1434,Shamela0008183,1872,37,509,228,57
84,1196,1387,Shamela0007038,67,956,1177,132,73
84,1196,1387,Shamela0009508,652,716,937,134,74
85,254,424,JK000173,169,999,1264,100,45
85,182,647,ShamAY0034200,711,590,1199,192,37
85,963,1579,ShamAY0034200,713,380,720,228,45
85,43,301,Shamela0009508,653,12,565,158,34
85,301,647,Shamela0009508,654,108,559,132,33
85,1,647,JK007109,201,316,1371,309,34
85,963,1579,JK007109,202,1127,1467,228,45
86,1208,1545,ShamAY0034200,726,808,1209,241,68
86,1216,1545,Shamela0009508,670,784,1177,235,68
86,1015,1545,JK007109,207,255,1040,360,53
87,631,863,Sham19Y0098083,555,48,254,129,72
87,906,1408,ShamAY0034200,715,192,687,215,42
87,331,933,ShamAY0034200,726,240,659,268,52
87,1,863,ShamAY0034200,727,839,1427,419,58
87,150,631,ShamAY0034200,731,650,1168,245,49
87,906,1464,Shamela0009508,656,209,936,257,37
87,150,631,Shamela0009508,671,226,744,245,49
87,325,510,Shamela0009508,671,1443,1628,153,100
87,623,863,Shamela0009508,672,9,253,163,82
87,1,755,JK007109,207,1142,1618,342,54
88,194,658,ShamAY0034200,716,769,1320,308,62
88,28,228,ShamAY0034200,717,1351,1561,129,73
88,194,425,Shamela0009508,657,1287,1525,171,85
88,1114,1572,Shamela0009508,658,826,1112,156,36
88,444,704,Shamela0009508,658,41,281,144,62
88,11,228,Shamela0009508,659,135,362,145,76
89,973,1459,Shamela0021605,487,657,954,208,52
89,970,1481,ShamAY0034200,722,353,889,402,92
89,478,645,ShamAY0034200,726,1,173,134,96
89,725,963,Shamela0009508,658,1161,1338,133,65
89,970,1481,Shamela0009508,662,960,1496,402,92
89,456,645,Shamela0009508,665,1167,1358,149,94
89,725,963,JK007109,204,135,312,133,65
90,132,350,Zaydiyya0000266,504,771,1164,163,51
90,496,746,Shamela0021605,487,1142,1403,159,72
90,1,173,ShamAY0034200,721,1334,1506,137,100
90,173,656,ShamAY0034200,722,1,567,193,34
90,444,1215,ShamAY0034200,723,239,1187,315,33
90,483,746,ShamAY0034200,724,135,401,204,93
90,1,656,Shamela0009508,662,103,1174,324,33
90,526,746,Shamela0009508,664,257,480,170,92
90,855,1073,Shamela0009508,665,427,756,139,50
90,1073,1215,Shamela0009508,666,711,957,113,57
90,855,1215,JK007109,206,25,600,247,52
91,137,613,ShamAY0034200,731,38,441,224,50
91,13,930,ShamAY0034200,732,100,1109,345,29
91,650,1262,ShamAY0034200,733,80,951,384,49
91,13,979,Shamela0009508,672,253,1552,519,45
91,13,1230,JK007109,208,113,1184,451,37
92,947,1517,ShamAY0034200,737,170,574,219,45
92,493,817,Shamela0009508,674,1307,1511,143,54
92,460,1383,Shamela0009508,676,242,956,321,37
92,493,768,JK007109,208,1473,1620,113,52
92,460,1517,JK007109,209,516,1291,355,36
93,141,464,JK005200,882,52,271,115,40
93,953,1603,ShamAY0034200,739,1,767,321,44
93,223,707,Shamela0009508,677,883,1196,160,40
93,578,1443,Shamela0009508,678,203,1379,372,32
93,1312,1603,Shamela0009508,679,148,384,157,64
93,223,689,JK007109,209,1317,1562,142,38
93,39,455,Shamela0021744,5212,761,1147,239,61
94,309,499,ShamAY0034055,7196,1,190,153,97
94,1223,1479,ShamAY0034055,7197,711,1300,142,28
94,873,1110,Shamela0021608,946,323,552,162,84
94,1290,1507,Shamela0021605,508,350,707,154,51
94,739,1507,ShamAY0034200,740,255,1150,514,68
94,849,1427,Shamela0009508,679,909,1570,392,69
94,259,499,Shia002702Vols,7388,536,770,190,95
95,426,751,ShamAY0034200,739,1460,1602,99,36
95,426,958,ShamAY0034200,741,201,755,333,67
95,995,1138,ShamAY0034200,742,1,149,113,96
95,180,958,Shamela0009508,680,324,964,259,32
95,779,1431,Shamela0009508,681,601,977,232,42
95,180,1431,JK007109,210,631,1397,357,30
96,526,733,ShamIbadiyya0000150,190,475,707,143,75
96,151,718,ShamAY0034200,744,392,832,133,21
96,151,718,JK007109,211,79,605,205,37
96,535,718,Shamela0001535,1377,1326,1536,137,79
97,869,1001,Shamela0021608,1049,957,1146,89,59
97,865,1018,ShamAY0034200,751,380,603,93,52
97,149,281,Shamela0009508,684,62,442,92,29
97,865,1018,Shamela0009508,689,445,668,93,52
97,779,1535,Sham19Y0016526,587,530,1353,280,31
97,790,1535,Shia002914Vols,458,251,1015,418,63
97,782,1319,ShamAY0034199,1648,589,1239,224,43
99,66,222,ShamAY0034200,746,1239,1419,116,79
99,825,1361,ShamAY0034200,749,1,495,197,38
99,809,1417,ShamAY0034200,750,418,1031,204,29
99,66,222,Shamela0009508,685,849,1029,116,79
99,83,984,Shamela0009508,687,257,988,315,37
99,984,1417,Shamela0009508,688,697,1131,157,35
99,453,1417,JK007109,213,1,847,342,36
99,787,1053,Shamela0002573,2179,750,993,144,61
100,1,224,ShamAY0034055,9045,1255,1501,170,85
100,1,248,Zaydiyya0000266,533,587,860,184,82
100,1,248,Shamela0021605,1351,568,843,187,83
100,1,852,ShamAY0034200,751,668,1486,361,42
100,522,1259,ShamAY0034200,752,384,1122,444,62
100,1,200,ShamAY0032376,1180,946,1172,148,80
100,1,852,Shamela0009508,689,733,1478,315,37
100,860,1285,Shamela0009508,690,8,526,305,69
100,522,1051,JK007109,213,1136,1582,284,60
100,1058,1285,JK007109,214,80,319,175,88
100,1,248,Shamela0001535,5528,372,642,191,87
100,41,263,Shia002702Vols,9304,1,230,156,83
100,1002,1174,ShamAY0034199,1667,1129,1535,101,28
101,1,498,ShamAY0034200,756,444,841,215,50
101,519,1057,ShamAY0034200,757,1263,1477,137,32
101,225,498,ShamAY0034200,757,69,296,164,73
101,1,348,Shamela0009508,694,793,1229,126,28
101,362,1057,Shamela0009508,695,848,1266,237,38
101,1092,1581,JK007109,214,341,970,361,67
101,487,888,JK007109,215,406,647,155,47
101,362,1057,JK007109,216,13,423,236,38
102,1,676,ShamAY0034200,753,938,1325,166,27
102,1,417,ShamAY0034200,754,286,1130,262,38
102,876,1573,ShamAY0034200,758,51,588,320,52
102,1216,1573,ShamAY0034200,759,1,213,158,52
102,23,230,Shamela0009508,691,159,422,121,55
102,247,618,Shamela0009508,691,1115,1639,184,39
102,1,676,Shamela0009508,692,1034,1434,192,32
102,627,1046,Shamela0009508,695,1187,1598,190,48
102,1241,1577,Shamela0009508,696,1346,1559,150,51
102,1,676,JK007109,214,970,1356,192,32
102,627,1573,JK007109,216,344,1118,430,50
103,178,545,ShamAY0034200,758,655,956,216,70
103,250,884,ShamAY0034200,759,280,695,271,50
103,751,1355,ShamAY0034200,760,44,534,189,32
103,1122,1537,ShamAY0034200,762,73,897,249,35
103,178,897,Shamela0009508,697,43,654,415,67
103,1122,1537,Shamela0009508,698,657,1211,249,49
103,178,747,JK007109,216,1185,1637,300,61
103,1122,1537,JK007109,217,654,1478,253,35
103,751,897,JK007109,217,1,149,115,95
104,163,627,ShamAY0034200,761,1246,1541,192,52
104,27,246,ShamAY0034200,762,874,1145,126,54
104,390,852,ShamAY0034200,763,949,1497,309,60
104,857,1294,ShamAY0034200,764,1177,1537,194,47
104,1156,1568,ShamAY0034200,765,5,481,252,63
104,27,558,Shamela0009508,699,983,1444,251,52
104,532,1167,Shamela0009508,700,5,490,353,66
104,1156,1568,Shamela0009508,701,176,652,252,63
104,152,1501,JK007109,218,49,1528,732,50
105,66,435,ShamAY0034200,763,738,926,138,45
105,21,502,ShamAY0034200,765,633,1558,228,26
105,572,1568,ShamAY0034200,766,789,1416,368,41
105,774,942,ShamAY0034200,767,585,800,124,71
105,446,654,Shamela0009508,700,460,656,119,69
105,640,942,Shamela0009508,700,956,1392,172,45
105,168,1411,Shamela0009508,702,461,1463,461,37
105,21,1568,JK007109,219,217,1390,601,40
106,634,1498,ShamAY0034200,769,448,1067,407,55
106,1,254,Shamela0009508,703,232,642,195,57
106,688,1524,Shamela0009508,705,52,686,396,53
106,262,1524,JK007109,220,445,1376,520,44
107,36,485,ShamAY0034200,770,1151,1564,289,78
107,1364,1541,ShamAY0034200,771,1387,1580,143,90
107,451,717,ShamAY0034200,771,69,204,95,43
107,1224,1512,ShamAY0034200,772,416,766,171,54
107,36,435,Shamela0009508,705,694,1057,248,75
107,1224,1584,Shamela0009508,706,1101,1512,213,57
107,435,1069,Shamela0009508,706,582,1126,269,43
107,1224,1584,JK007109,221,721,1132,213,57
107,208,1069,JK007109,221,1,746,424,52
108,722,860,Shamela0007038,420,1466,1605,109,97
108,722,985,Shamela0007312,65,443,726,143,53
108,477,887,ShamAY0034200,370,692,985,186,51
108,1028,1189,ShamAY0034200,374,544,715,129,92
108,105,485,ShamAY0034200,775,431,801,247,77
108,1315,1509,Shamela0009508,343,582,802,155,88
108,1033,1189,Shamela0009508,346,671,828,125,98
108,19,485,Shamela0009508,708,541,975,304,77
108,1315,1509,JK007109,98,633,853,155,88
109,171,1018,ShamAY0034200,370,1149,1420,191,27
109,654,1308,ShamAY0034200,376,1010,1410,223,41
109,604,957,Shamela0009508,346,96,311,131,43
109,164,1614,Shamela0009508,350,105,924,503,41
109,372,957,JK007109,99,1,544,176,27
109,164,683,JK007109,100,1360,1543,126,29
109,702,1614,JK007109,101,7,617,375,48
110,1076,1487,ShamAY0034200,375,1,258,180,52
110,4,984,ShamAY0034200,378,411,1133,484,59
110,984,1463,ShamAY0034200,379,1006,1484,302,68
110,162,774,Shamela0009508,351,776,1115,219,44
110,614,984,Shamela0009508,352,1231,1565,214,67
110,984,1308,Shamela0009508,353,1,331,199,66
110,4,1237,JK007109,101,621,1595,643,62
110,1237,1605,JK007109,102,1,380,219,64
110,21,633,ShamAY0033182,1763,312,657,237,48
111,973,1448,ShamAY0034200,381,129,376,159,39
111,504,850,ShamAY0034200,382,1366,1630,154,50
111,937,1437,ShamAY0034200,383,1,528,244,43
111,18,425,ShamAY0034200,385,50,195,71,20
111,675,1437,ShamAY0034200,386,543,1422,399,49
111,1,539,Shamela0009508,355,943,1521,330,62
111,667,1162,Shamela0009508,356,33,375,257,63
111,1188,1586,Shamela0009508,357,25,397,216,52
111,1276,1437,Shamela0009508,358,1,181,126,84
111,1,1162,JK007109,102,380,1367,605,58
111,1255,1586,JK007109,103,1,327,183,54
112,618,896,ShamAY0034200,388,1,342,149,43
112,884,1368,ShamAY0034200,388,721,1490,170,26
112,1107,1658,ShamAY0034200,389,88,450,271,60
112,22,420,Shamela0009508,357,465,874,278,80
112,664,1414,Shamela0009508,358,388,1225,221,24
112,475,896,Shamela0009508,359,14,518,248,52
112,1059,1658,Shamela0009508,360,589,1034,307,58
112,1,420,JK007109,103,327,789,292,75
113,1,355,ShamAY0034200,389,457,804,217,62
113,807,1379,ShamAY0034200,390,229,495,188,41
113,807,1243,ShamAY0034200,391,1259,1527,144,37
113,1193,1424,ShamAY0034200,392,1,234,147,74
113,869,1162,ShamAY0034200,393,1215,1511,169,60
113,1,482,Shamela0009508,360,1041,1549,245,46
113,807,1188,Shamela0009508,362,459,683,136,41
113,1153,1480,Shamela0009508,363,1030,1364,187,65
113,869,1193,Shamela0009508,364,738,1061,175,55
113,191,1153,JK007109,104,1025,1573,267,29
113,1153,1480,JK007109,105,62,396,187,65
113,807,943,ShamAY0033182,1591,110,242,97,86
114,51,472,ShamAY0034200,391,1004,1246,121,30
114,529,1372,ShamAY0034200,393,154,515,222,33
114,459,1011,ShamAY0034200,394,1349,1537,124,28
114,1019,1511,ShamAY0034200,395,1,474,298,64
114,700,919,ShamAY0034200,396,1,240,153,80
114,51,356,Shamela0009508,363,1370,1566,117,42
114,672,1199,Shamela0009508,366,71,1109,355,42
114,1257,1511,Shamela0009508,367,1256,1547,172,67
114,51,1468,JK007109,105,402,1501,538,38
114,459,1481,ShamAY0033182,2028,735,1146,261,31
115,251,529,ShamAY0034200,398,1157,1587,209,58
115,529,1565,ShamAY0034200,399,1,1286,674,59
115,994,1565,Shamela0011446,915,301,764,313,66
115,251,746,Shamela0009508,368,540,1190,378,71
115,738,1034,Shamela0009508,370,1294,1615,221,82
115,1071,1565,Shamela0009508,372,14,521,378,89
115,738,1179,JK007109,106,1145,1611,342,87
115,1196,1565,JK007109,107,1,393,283,88
116,513,785,ShamAY0034200,399,1286,1559,215,97
116,941,1306,ShamAY0034200,402,773,1309,186,40
116,1141,1537,ShamAY0034200,403,986,1329,192,56
116,522,747,Shamela0011446,914,1331,1558,180,98
116,513,1280,Shamela0009508,372,521,1589,479,52
116,1286,1537,Shamela0009508,373,1,161,94,48
116,513,832,JK007109,107,393,734,242,88
117,98,383,ShamAY0034200,402,1289,1547,176,75
117,383,874,ShamAY0034200,403,1,559,257,47
117,779,1238,ShamAY0034200,404,828,1524,316,55
117,551,818,Shamela0009508,369,323,705,182,57
117,98,447,Shamela0009508,373,1079,1385,214,75
117,874,1263,Shamela0009508,374,527,912,303,95
117,551,818,JK007109,106,249,631,182,57
117,273,874,JK007109,108,1,664,337,53
118,832,1146,Shamela0007038,882,1039,1385,115,37
118,832,954,Shia002757,115,808,925,91,93
118,844,1024,Zaydiyya0000570BK3,44,472,700,120,67
118,840,1032,Shamela0011437,337,548,707,113,70
118,1032,1497,ShamAY0034200,406,201,883,298,53
118,1204,1497,Shamela0009508,377,13,453,168,46
118,840,1024,Sham19Y0133411,1492,625,810,133,86
118,840,1024,Shamela0002573,2135,898,1172,131,57
118,832,1097,ShamAY0034199,1047,1272,1490,99,46
119,8,741,ShamAY0034200,407,173,993,524,76
119,741,1386,ShamAY0034200,408,897,1486,305,50
119,1386,1487,ShamAY0034200,409,1,110,79,92
119,133,699,Shamela0009508,377,996,1553,419,90
119,722,1084,Shamela0009508,378,1,510,200,43
119,1003,1487,Shamela0009508,379,9,404,214,50
119,8,560,JK007109,109,1003,1628,399,75
119,560,1487,JK007109,110,1,927,503,58
120,1,468,ShamAY0034200,409,110,250,112,29
120,291,1372,ShamAY0034200,410,239,1502,516,43
120,1,649,Shamela0009508,379,404,950,303,47
120,632,1276,Shamela0009508,380,693,1594,322,37
120,1,649,JK007109,110,927,1473,303,47
120,609,1550,JK007109,111,91,963,379,39
121,18,346,ShamAY0034200,411,1134,1538,225,66
121,350,765,ShamAY0034200,412,1,339,141,35
121,489,665,ShamAY0034200,413,321,499,120,80
121,136,418,Shamela0009508,382,1,411,177,51
121,489,665,Shamela0009508,383,947,1133,123,81
121,18,418,JK007109,111,968,1506,269,60
121,489,665,JK007109,112,506,684,120,80
122,530,1002,ShamAY0034200,414,918,1393,319,78
122,554,1029,Shamela0009508,385,1,484,323,78
122,530,1437,JK007109,113,9,850,496,57
123,139,654,ShamAY0034200,415,1339,1556,161,39
123,1,714,ShamAY0034200,416,577,1302,242,31
123,1,258,Shamela0009508,386,542,921,111,34
123,482,878,Shamela0009508,387,779,1374,229,48
123,1,533,JK007109,113,959,1414,164,30
123,620,878,JK007109,114,1,399,175,55
123,1252,1399,Sham19Y0133411,1524,475,751,95,44
123,887,1241,Shia002914Vols,267,276,654,250,79
124,1029,1531,Shamela0021593,1036,956,1218,201,49
124,1063,1531,Shamela0021605,259,27,331,204,51
124,39,239,ShamAY0034200,419,10,199,133,82
124,600,1016,ShamAY0034200,420,519,1238,222,36
124,1033,1531,ShamAY0034200,421,346,639,213,51
124,294,475,Shamela0009508,387,377,754,116,38
124,1033,1531,Shamela0009508,389,1148,1441,213,51
124,1,239,Shamela0009508,389,129,341,149,78
124,1,239,JK007109,114,1036,1248,149,78
124,600,1016,JK007109,115,279,799,220,47
125,69,227,Shamela0021593,1204,404,560,124,93
125,1,706,ShamAY0034200,421,639,1477,351,38
125,260,1321,ShamAY0034200,422,12,1161,655,61
125,940,1615,ShamAY0034200,423,319,1107,222,25
125,57,308,Shamela0009508,390,190,430,192,94
125,260,574,Shamela0009508,391,1202,1537,224,80
125,579,956,Shamela0009508,392,9,413,258,69
125,870,1615,Shamela0009508,393,139,929,328,38
125,260,479,JK007109,115,1305,1526,152,81
125,483,1615,JK007109,116,4,1372,653,50
126,516,1063,ShamAY0034200,424,1232,1483,137,28
126,53,1167,ShamAY0034200,425,8,865,519,49
126,1038,1600,ShamAY0034200,426,456,1127,184,23
126,830,980,ShamAY0034200,427,850,1094,122,61
126,53,1085,Shamela0009508,394,687,1517,509,52
126,830,1493,Shamela0009508,395,1164,1648,202,30
126,933,1464,Shamela0009508,396,820,1436,187,30
126,129,1632,JK007109,117,21,1270,704,47
127,1,501,Shamela0009508,396,158,400,129,32
127,1,501,JK007109,117,1270,1505,129,32
128,1022,1328,ShamAY0034200,429,717,976,155,57
128,1022,1189,Shamela0009508,397,333,486,112,80
128,1022,1384,JK007109,118,310,620,195,61
130,1082,1594,Shamela0002022,158,57,541,268,53
130,1082,1594,Sham19Y0127717,285,859,1233,260,56
130,933,1555,JK000223,22,1300,1679,284,52
130,1121,1583,ShamAY0034200,438,336,972,238,41
130,903,1594,Sham19Y0147104,479,302,731,302,49
130,894,1583,Shamela0009508,404,264,786,337,56
130,894,1583,JK007109,119,382,829,324,54
131,62,604,ShamAY0034200,438,972,1369,254,52
131,757,902,ShamAY0034200,439,781,936,112,90
131,62,428,Shamela0009508,404,786,975,132,44
131,757,902,Shamela0009508,406,1504,1659,112,90
131,62,800,JK007109,119,829,1633,315,33
132,1248,1623,ShamAY0034200,439,1051,1393,241,73
132,1248,1623,Shamela0009508,407,108,450,241,73
132,1248,1623,JK007109,120,219,555,241,74
133,919,1068,ShamAY0034059,3133,732,957,114,60
133,787,1249,ShamAY0034200,441,160,661,217,42
133,1351,1532,ShamAY0034200,442,1015,1268,143,68
133,240,438,ShamAY0034200,444,283,503,146,81
133,909,1502,Shamela0009508,409,1116,1594,281,51
133,240,450,Shamela0009508,411,875,1106,150,79
133,909,1532,JK007109,121,52,624,306,49
134,131,550,Shamela0009508,412,798,1020,134,37
134,1,550,JK007109,121,811,1135,216,48
135,941,1595,ShamAY0034200,455,220,888,250,32
135,1095,1595,Shamela0009508,422,209,559,256,60
137,819,1421,JK007109,124,1024,1223,149,30
137,343,789,JK007109,124,296,499,107,29
138,329,834,ShamAY0034200,464,54,483,238,50
138,656,1160,JK007109,125,1,370,186,39
139,30,521,ShamAY0034200,467,370,1007,229,42
139,515,777,ShamAY0034200,469,33,306,174,74
139,874,1419,ShamAY0034200,473,930,1541,281,46
139,173,521,ShamAY0034200,476,607,934,163,51
139,71,521,Shamela0009508,433,833,1445,211,41
139,515,777,Shamela0009508,435,110,383,174,74
139,920,1419,Shamela0009508,440,35,610,246,43
139,30,521,JK007109,125,863,1500,229,42
139,515,777,JK007109,126,386,659,174,74
139,1078,1419,JK007109,127,15,470,195,44
140,75,764,ShamAY0034200,475,231,1078,357,43
140,764,1275,ShamAY0034200,476,934,1500,274,51
140,506,780,ShamAY0034200,482,563,724,117,52
140,127,842,Shamela0009508,441,751,1613,384,46
140,966,1239,Shamela0009508,442,1326,1519,106,43
140,75,835,JK007109,127,646,1563,411,47
140,835,1346,JK007109,128,1,747,254,37
141,1418,1657,ShamAY0034200,478,1,181,133,67
141,366,794,ShamAY0034200,479,1198,1619,287,77
141,794,1538,ShamAY0034200,480,1,659,337,43
141,541,1628,ShamAY0034200,485,713,1037,247,28
141,366,1196,Shamela0009508,444,866,1575,503,71
141,1196,1538,Shamela0009508,445,6,301,137,45
141,856,1657,JK007109,128,1089,1531,257,35
142,1,1010,ShamAY0034200,478,149,886,510,59
142,638,1546,ShamAY0034200,482,134,1231,396,34
142,1003,1447,ShamAY0034200,483,347,1269,198,24
142,1,764,ShamAY0034200,487,1,588,419,63
142,815,1452,ShamAY0034200,488,949,1225,217,42
142,1,240,Shamela0009508,444,590,763,119,56
142,313,752,Shamela0009508,445,1011,1437,303,80
142,752,1413,Shamela0009508,447,117,581,277,48
142,1003,1546,Shamela0009508,448,169,892,219,30
142,34,1546,JK007109,129,1,1168,761,58
143,80,758,ShamAY0034200,484,189,887,378,53
143,746,1418,ShamAY0034200,485,1024,1570,384,67
143,670,856,ShamAY0034200,486,615,1147,114,27
143,1189,1507,ShamAY0034200,489,400,900,187,41
143,1020,1500,ShamAY0034200,491,637,993,270,69
143,8,400,Shamela0009508,448,907,1385,225,48
143,515,1066,Shamela0009508,450,1,447,305,65
143,817,1500,Shamela0009508,451,61,732,289,43
143,1158,1507,Shamela0009508,452,251,781,193,38
143,8,288,JK007109,129,1183,1450,181,71
143,275,1500,JK007109,130,52,1027,666,63
144,238,1142,ShamAY0034200,487,629,1551,649,81
144,1201,1384,ShamAY0034200,488,1338,1531,130,86
144,1,622,ShamAY0034200,489,1065,1383,138,24
144,135,573,ShamAY0034200,492,1410,1563,104,30
144,733,1540,ShamAY0034200,493,6,507,369,55
144,1,524,Shamela0009508,452,946,1553,332,63
144,695,1540,Shamela0009508,454,177,1005,573,77
144,7,537,JK007109,130,1073,1525,309,72
144,537,1540,JK007109,131,1,946,662,76
145,90,284,ShamAY0034200,489,152,392,130,61
145,303,1104,ShamAY0034200,490,247,1117,513,66
145,1098,1384,ShamAY0034200,491,993,1317,204,74
145,90,1553,ShamAY0034200,493,520,1264,452,36
145,90,659,Shamela0009508,455,791,1555,344,50
145,808,1553,Shamela0009508,457,63,874,550,82
145,90,491,JK007109,131,1008,1551,225,44
145,491,1553,JK007109,132,1,1212,756,75
146,764,1031,ShamAY0037566,119,503,709,105,48
146,617,758,Sham19Y0019237,98,14,220,97,54
146,529,758,Sham19Y0019237,455,870,1119,133,67
146,911,1340,Zaydiyya0000379,228,452,998,182,34
146,47,505,ShamAY0034200,494,291,848,248,44
146,509,691,ShamAY0034200,495,941,1091,121,82
146,830,1340,ShamAY0034200,497,740,1151,160,30
146,996,1251,ShamAY0034200,498,639,978,175,65
146,1305,1449,ShamAY0034200,499,850,994,114,99
146,245,535,Shamela0009508,456,1132,1494,137,37
146,509,758,Shamela0009508,457,1158,1375,174,87
146,36,535,Shamela0009508,458,719,1081,278,69
146,996,1449,Shamela0009508,460,18,1166,310,34
146,1,473,JK007109,132,1212,1548,256,67
146,764,1340,JK007109,133,609,1066,195,33
146,617,758,ShamAY0034199,323,44,202,114,89
147,184,426,Sham19Y0132415,66,511,759,149,68
147,196,359,Sham19Y0145168,257,1460,1614,106,80
147,190,404,Shamela0002022,45,946,1184,123,64
147,196,359,Shamela0021597,38,655,829,88,62
147,248,749,Shia002215Vols,1230,1,417,103,18
147,196,359,Shia002215Vols,1235,1090,1377,92,41
147,196,359,ShamAY0038201,27,440,641,88,54
147,184,359,ShamAY0035035,377,569,814,123,62
147,196,401,Shamela0011437,17,192,383,104,58
147,190,404,Sham19Y0014280,122,1069,1307,123,64
147,190,359,Sham19Y0014313,296,808,996,96,61
147,1084,1363,Shia004456Vols,3848,419,704,131,43
147,231,420,ShamAY0037574,28,323,553,130,66
147,187,359,JK009279,7,240,442,96,59
147,114,359,ShamIbadiyya0000229,108,719,1023,152,60
147,114,426,ShamAY0034200,498,323,634,209,78
147,1089,1363,ShamAY0034200,543,93,290,118,51
147,114,378,Shamela0009508,459,972,1234,173,75
147,1089,1363,JK007109,145,5,202,118,51
147,114,420,Sham19Y0133411,712,547,847,195,73
148,1222,1514,Shamela0006947,8981,1135,1448,212,75
148,283,1154,Zaydiyya0000413Vols,560,590,1346,434,56
148,982,1154,Shamela0021605,805,931,1101,137,98
148,1222,1514,Zaydiyya0000379,229,233,560,225,79
148,779,1284,ShamAY0034200,498,1227,1459,90,19
148,283,1390,ShamAY0034200,544,35,1394,514,39
148,1253,1514,ShamAY0034200,545,1,244,189,85
148,283,806,Shamela0009508,504,1030,1474,209,42
148,785,1154,Shamela0009508,505,841,1200,270,89
148,1343,1514,Shamela0009508,506,454,618,133,93
148,229,814,JK007109,145,865,1366,178,29
148,1222,1514,JK007109,146,159,465,202,71
149,1,135,Shamela0006947,8981,1455,1585,97,87
149,135,291,Shamela0006947,8982,1,161,116,93
149,1,499,Shamela0021593,98,1226,1590,177,35
149,294,499,ShamAY0037566,119,948,1193,160,79
149,1,291,Zaydiyya0000379,229,567,843,210,91
149,324,499,Zaydiyya0000379,230,1,175,130,85
149,1,291,ShamAY0034200,545,251,538,218,94
149,1,792,ShamAY0034200,546,15,691,174,19
149,1214,1348,ShamAY0034200,547,1329,1498,99,73
149,1348,1535,ShamAY0034200,548,184,379,144,91
149,1,735,Shamela0009508,506,625,1398,276,35
149,1,499,Shamela0009508,507,106,498,190,36
149,735,1348,Shamela0009508,507,1023,1583,191,29
149,1348,1535,Shamela0009508,508,211,406,144,91
149,1,792,JK007109,146,472,1299,312,37
149,1214,1535,JK007109,147,102,694,245,51
150,1006,1139,ShamAY0034200,501,1101,1235,109,99
150,1,310,ShamAY0034200,548,379,706,237,86
150,870,1274,ShamAY0034200,549,987,1610,245,46
150,547,861,ShamAY0034200,549,157,468,234,90
150,32,503,Shamela0009508,509,27,512,366,90
150,547,1638,Shamela0009508,510,485,1556,383,29
150,1252,1598,Shamela0009508,511,1149,1452,209,71
150,1,503,JK007109,147,694,1215,392,89
150,1006,1667,JK007109,148,72,917,464,62
151,1,754,ShamAY0034200,552,933,1359,271,40
151,67,214,ShamAY0034200,553,1520,1667,120,97
151,67,598,ShamAY0034200,554,1,936,245,28
151,1023,1604,ShamAY0034200,555,84,1022,446,59
151,67,214,Shamela0009508,514,1312,1459,120,97
151,277,598,Shamela0009508,515,1,328,200,67
151,1023,1183,Shamela0009508,515,1100,1601,126,31
151,1183,1604,Shamela0009508,516,1,780,321,51
151,1,874,JK007109,148,917,1480,353,45
152,1033,1423,ShamAY0034200,506,15,297,224,70
152,1416,1571,ShamAY0034200,507,939,1095,121,96
152,615,794,ShamAY0034200,555,400,582,125,87
152,147,307,ShamAY0034200,556,929,1090,133,99
152,262,1148,ShamAY0034200,557,20,977,527,60
152,1088,1575,ShamAY0034200,559,12,505,312,65
152,16,307,Shamela0009508,516,949,1242,236,97
152,300,550,Shamela0009508,517,1345,1601,199,96
152,550,885,Shamela0009508,518,1,342,135,38
152,885,1211,Shamela0009508,518,1022,1583,239,50
152,1211,1575,Shamela0009508,519,1,362,228,64
152,885,1088,JK007109,149,1364,1569,156,93
152,1060,1575,JK007109,150,93,718,329,56
153,39,500,ShamAY0034200,558,936,1312,252,64
153,154,842,ShamAY0034200,559,501,1562,384,41
153,842,1458,ShamAY0034200,560,837,1299,325,58
153,39,349,Shamela0009508,519,1397,1570,126,46
153,339,875,Shamela0009508,520,171,898,326,50
153,476,1458,Shamela0009508,521,105,905,335,33
153,1195,1549,Shamela0009508,522,91,696,159,30
153,154,723,JK007109,150,714,1503,342,48
153,751,1458,JK007109,151,18,655,368,53
154,42,381,ShamAY0034200,509,198,466,196,72
154,375,558,ShamAY0034200,510,1132,1321,138,87
154,42,381,ShamAY0034200,560,1323,1591,196,72
154,381,812,ShamAY0034200,561,1,515,334,78
154,42,685,Shamela0009508,521,929,1567,426,74
154,1,812,Shamela0009508,522,696,1275,221,28
154,42,812,JK007109,151,679,1454,524,75
155,1287,1490,Sham19Y0032193,219,1211,1479,121,53
155,374,638,Shia002924Vols,109,914,1506,112,21
155,369,524,ShamAY0034200,566,34,206,118,86
155,1290,1495,Sham19Y0133411,925,268,469,152,89
156,1004,1605,Sham19Y0098083,337,243,1170,162,16
156,890,1088,Shamela0021605,784,962,1220,134,65
156,786,1050,ShamAY0034200,564,1,278,203,89
156,1092,1577,ShamAY0034200,565,349,805,303,72
156,876,1359,ShamAY0034200,566,1200,1509,227,56
156,1092,1620,ShamAY0034200,568,9,266,113,26
156,571,1050,ShamAY0032376,692,672,1261,220,37
156,665,870,Shamela0009508,525,1286,1497,152,86
156,937,1577,Shamela0009508,527,134,709,392,71
156,1035,1620,Shamela0009508,528,160,432,126,26
156,665,820,JK007109,152,1390,1544,118,93
156,135,503,JK007109,152,335,703,212,59
156,823,1577,JK007109,153,1,694,477,73
157,145,414,ShamAY0034200,565,792,1038,191,84
157,1,963,ShamAY0034200,568,266,1175,406,38
157,918,1337,ShamAY0034200,569,878,1151,189,52
157,890,1155,ShamAY0034200,570,468,827,157,54
157,1,772,Shamela0009508,528,432,1309,569,77
157,764,1292,Shamela0009508,529,1229,1647,290,62
157,890,1155,Shamela0009508,530,658,1017,157,54
157,1237,1555,Shamela0009508,531,90,773,197,32
157,145,1224,JK007109,153,681,1621,649,67
157,1229,1610,JK007109,154,5,279,168,49
158,556,1013,ShamAY0034200,571,278,576,209,56
158,756,965,ShamAY0034200,572,1323,1606,126,48
158,965,1375,ShamAY0034200,573,423,764,189,49
158,1,571,ShamAY0034200,578,258,1241,439,55
158,556,896,Shamela0009508,530,211,398,148,53
158,756,965,Shamela0009508,531,272,555,126,48
158,637,1420,Shamela0009508,532,459,919,236,34
158,965,1375,Shamela0009508,533,210,551,189,49
158,1,547,Shamela0009508,536,51,933,425,59
158,556,1420,JK007109,154,279,921,328,37
159,1285,1531,Shamela0007038,862,838,1090,173,82
159,1,334,ShamAY0034200,572,956,1142,140,51
159,176,546,ShamAY0034200,575,1,407,281,79
159,692,1016,ShamAY0034200,576,265,591,226,82
159,1062,1313,ShamAY0034200,577,846,1408,125,27
159,1302,1629,ShamAY0034200,579,737,1535,256,39
159,1,759,Shamela0009508,532,926,1509,396,58
159,759,963,Shamela0009508,533,1377,1585,150,86
159,40,684,Shamela0009508,535,916,1319,232,40
159,1302,1629,Shamela0009508,537,511,1309,256,39
159,1,892,JK007109,154,928,1646,502,63
159,892,1629,JK007109,155,1,1083,304,29
160,897,1171,ShamAY0034200,575,1422,1638,128,47
160,1171,1413,ShamAY0034200,576,1,265,181,84
160,1382,1590,ShamAY0034200,577,278,477,124,71
160,1,229,ShamAY0034200,579,6,198,133,71
160,229,747,ShamAY0034200,580,712,1102,284,66
160,998,1406,ShamAY0034200,582,430,909,267,61
160,1406,1598,ShamAY0034200,583,709,883,123,75
160,161,981,Shamela0009508,538,62,730,445,60
160,989,1326,Shamela0009508,539,680,1111,215,54
160,1318,1598,Shamela0009508,540,1250,1512,187,80
160,1,649,JK007109,155,1083,1570,353,67
160,649,1598,JK007109,156,1,1227,559,48
161,48,757,ShamAY0034200,577,465,831,274,47
161,780,976,ShamAY0034200,578,1225,1349,102,61
161,1,279,ShamAY0034200,583,886,1161,189,77
161,448,830,ShamAY0034200,585,1,137,97,31
161,904,1319,ShamAY0034200,586,656,834,145,42
161,336,796,ShamAY0034200,587,503,954,268,63
161,936,1139,ShamAY0034200,588,707,874,131,78
161,200,984,Shamela0009508,542,280,746,340,51
161,1220,1582,Shamela0009508,543,791,983,151,51
161,336,796,Shamela0009508,544,180,631,268,63
161,936,1139,Shamela0009508,544,1074,1241,131,78
161,1,379,JK007109,156,1230,1615,272,79
161,379,1582,JK007109,157,1,465,349,35
161,336,751,Shamela0002573,2278,694,1115,260,67
161,789,1319,ShamAY0033182,1979,1,213,174,39
162,1329,1467,Shamela0005756,2838,997,1135,84,74
162,1329,1467,Shamela0005756,2852,88,226,84,74
162,1329,1467,Sham19Y0013667,956,144,282,85,75
162,1028,1467,Sham19Y0013667,2351,355,760,140,31
162,648,991,ShamAY0034200,580,357,639,207,73
162,42,357,ShamAY0034200,588,1,343,208,74
162,275,567,ShamAY0034200,591,68,396,139,47
162,504,1277,ShamAY0034200,592,571,1270,460,67
162,1290,1467,ShamAY0034200,593,947,1135,120,81
162,1,202,Shamela0009508,543,983,1201,138,73
162,342,677,Shamela0009508,547,934,1469,192,41
162,677,1089,Shamela0009508,548,1,388,257,69
162,1089,1467,Shamela0009508,549,34,465,238,66
162,1,398,JK007109,157,465,902,252,69
162,275,1277,JK007109,158,313,1438,562,51
162,1290,1467,JK007109,159,15,203,120,81
162,1329,1467,Sham19Y0014601,916,392,530,84,74
163,627,1045,ShamAY0034200,581,1344,1574,141,41
163,1016,1509,ShamAY0034200,583,287,660,283,71
163,195,494,ShamAY0034200,594,380,1182,219,34
163,882,1459,ShamAY0034200,596,931,1511,300,49
163,195,794,Shamela0009508,550,116,1122,240,24
163,627,1019,Shamela0009508,551,894,1493,140,22
163,1019,1509,Shamela0009508,552,1,465,350,86
163,882,1509,JK007109,160,146,690,408,79
164,79,827,ShamAY0034200,584,962,1399,312,50
164,827,1377,ShamAY0034200,586,216,471,179,40
164,1,526,ShamAY0034200,597,97,784,346,56
164,628,1431,ShamAY0034200,598,648,1428,492,69
164,1245,1525,ShamAY0034200,600,1,181,101,43
164,116,699,Shamela0009508,553,386,1084,338,50
164,699,1150,Shamela0009508,554,985,1506,324,77
164,1290,1436,Shamela0009508,555,8,154,109,95
164,1,739,JK007109,160,731,1545,441,56
164,739,1525,JK007109,161,1,760,475,68
165,597,759,Shamela0021644,310,1,197,127,78
165,130,421,ShamAY0034200,586,429,656,139,52
165,704,1317,ShamAY0034200,587,1003,1453,237,43
165,1,1014,ShamAY0034200,600,195,1141,547,60
165,1153,1568,ShamAY0034200,601,1090,1497,297,85
165,944,1153,ShamAY0034200,602,308,741,149,41
165,1,549,Shamela0009508,556,250,716,346,77
165,742,1568,Shamela0009508,557,746,1528,491,68
165,1,441,JK007109,161,774,1436,322,58
165,783,1568,JK007109,162,18,715,468,72
165,331,768,JK000299,852,512,730,119,33
166,20,392,ShamAY0034200,589,239,516,223,73
166,24,307,ShamAY0034200,602,1,321,191,74
166,307,614,ShamAY0034200,603,544,784,184,72
166,269,714,ShamAY0034200,604,1373,1563,122,32
166,714,1229,ShamAY0034200,605,1,848,308,43
166,1229,1557,ShamAY0034200,606,292,704,247,72
166,146,935,Shamela0009508,559,1,777,511,68
166,1009,1229,Shamela0009508,560,559,869,136,50
166,1229,1557,Shamela0009508,562,529,941,247,72
166,1,873,JK007109,162,715,1563,576,71
166,873,1229,JK007109,163,1,673,194,35
166,507,730,Shamela0002573,236,203,427,167,88
167,1,468,ShamAY0034200,590,1001,1226,179,47
167,468,1245,ShamAY0034200,592,66,450,261,41
167,1,518,ShamAY0034200,606,931,1626,343,57
167,502,834,ShamAY0034200,607,4,426,222,61
167,856,1533,ShamAY0034200,608,211,936,503,84
167,299,1222,Shamela0009508,563,45,1077,650,73
167,1222,1536,Shamela0009508,564,640,983,240,87
167,1,362,JK007109,163,1073,1622,182,35
167,362,1536,JK007109,164,1,1313,838,76
168,466,864,ShamAY0034200,609,864,1221,193,48
168,295,1480,ShamAY0034200,610,1,706,416,38
168,1232,1480,ShamAY0034200,611,77,387,187,73
168,864,1218,ShamAY0034200,612,388,776,263,78
168,1,640,Shamela0009508,564,983,1515,407,76
168,1228,1388,Shamela0009508,565,1350,1535,117,76
168,412,864,Shamela0009508,566,653,1367,171,25
168,864,1106,Shamela0009508,567,279,549,194,85
168,213,1480,JK007109,165,1,789,480,41
169,6,383,ShamAY0034200,611,514,1055,216,47
169,6,383,ShamAY0034200,612,1240,1583,161,48
169,383,1163,ShamAY0034200,613,75,976,570,75
169,525,1499,ShamAY0034200,614,125,974,433,47
169,1008,1534,ShamAY0034200,615,871,1312,244,48
169,111,910,Shamela0009508,567,555,1405,518,70
169,910,1204,Shamela0009508,568,1163,1533,223,72
169,1169,1534,Shamela0009508,570,69,429,196,56
169,6,377,JK007109,165,997,1532,211,46
169,377,1534,JK007109,166,1,1476,776,60
170,952,1125,Shamela0021593,299,1340,1530,122,74
170,499,911,ShamAY0034200,616,182,381,140,41
170,14,1443,ShamAY0034200,617,174,1033,513,40
170,772,1523,ShamAY0034200,618,641,1437,331,42
170,1232,1443,ShamAY0034200,619,1347,1567,138,69
170,1,939,Shamela0009508,570,429,1172,314,36
170,523,1443,Shamela0009508,571,544,1309,353,36
170,196,1443,JK007109,167,55,1207,574,49
170,948,1339,Shia002914Vols,73,327,1051,166,28
171,118,524,ShamAY0034200,619,1,333,187,49
171,729,1251,ShamAY0034200,620,270,1281,338,38
171,1251,1583,ShamAY0034200,621,860,1263,215,61
171,418,1299,ShamAY0034200,624,570,783,159,22
171,506,680,ShamAY0032376,490,783,947,130,92
171,148,524,Shamela0009508,573,1,310,177,50
171,506,1375,Shamela0009508,574,144,1412,448,38
171,1179,1579,Shamela0009508,575,1113,1584,269,66
171,16,1482,JK007109,168,121,1306,472,31
171,800,1583,JK007109,169,1,779,489,67
172,1088,1513,Shia004026,815,1156,1481,241,66
172,201,451,Shamela0021593,728,1345,1591,155,70
172,1,342,ShamAY0034200,621,1263,1632,259,82
172,342,626,ShamAY0034200,622,1,371,220,71
172,649,857,ShamAY0034200,623,1352,1569,170,95
172,857,1091,ShamAY0034200,624,1,248,178,87
172,1088,1523,ShamAY0034200,625,792,1132,241,65
172,70,626,ShamAY0034200,627,639,800,131,28
172,649,1091,Shamela0009508,576,962,1426,348,90
172,1,436,Shamela0009508,576,5,494,330,80
172,436,626,Shamela0009508,577,86,336,145,68
172,1088,1505,Shamela0009508,578,388,710,232,65
172,1,626,JK007109,169,779,1518,474,75
172,1334,1513,Sham19Y0133411,1230,1,208,121,71
173,272,981,ShamAY0034200,626,20,723,390,60
173,981,1586,ShamAY0034200,627,931,1368,260,46
173,721,1326,ShamAY0034200,630,387,671,221,45
173,75,328,Shamela0009508,579,49,693,145,27
173,541,1344,Shamela0009508,580,144,704,396,57
173,1386,1586,Shamela0009508,581,299,553,126,62
173,75,1586,JK007109,171,56,1451,775,54
174,1,219,ShamAY0034200,627,1368,1620,158,74
174,225,514,ShamAY0034200,628,1,340,215,79
174,473,1102,ShamAY0034200,629,87,812,494,83
174,1088,1554,ShamAY0034200,630,656,1139,350,89
174,587,857,ShamAY0034200,631,1250,1500,181,79
174,1,514,Shamela0009508,581,553,1153,374,76
174,473,989,Shamela0009508,582,964,1564,411,84
174,989,1372,Shamela0009508,583,1,405,280,85
174,173,1282,JK007109,172,43,1560,861,70
174,1282,1554,JK007109,173,1,287,209,90
175,1,796,ShamAY0034200,630,1139,1583,336,51
175,864,1054,ShamAY0034200,632,68,279,133,76
175,450,1573,ShamAY0034200,633,654,1404,516,53
175,1,1079,Shamela0009508,584,121,1002,543,54
175,963,1573,Shamela0009508,585,489,1102,372,68
175,1,1469,JK007109,173,287,1569,813,60
176,13,183,ShamAY0034200,633,1416,1611,122,77
176,673,1620,ShamAY0034200,635,16,1054,688,79
176,100,343,Shamela0009508,586,1198,1630,149,39
176,343,1355,Shamela0009508,587,1,1022,683,75
176,1301,1620,Shamela0009508,588,113,457,193,64
176,13,1274,JK007109,174,129,1615,821,62
176,1274,1620,JK007109,175,1,412,242,72
177,1,793,ShamAY0034200,635,1054,1556,375,57
177,793,1562,ShamAY0034200,636,672,1409,496,68
177,1,1136,Shamela0009508,588,457,1304,653,69
177,1136,1562,Shamela0009508,589,735,1127,218,49
177,1,1415,JK007109,175,412,1577,663,47
178,655,1214,ShamAY0034200,638,1155,1612,190,33
178,175,363,ShamAY0034200,638,326,530,124,75
178,1214,1338,ShamAY0034200,639,1,124,99,98
178,5,363,Shamela0009508,589,318,701,178,46
178,493,797,Shamela0009508,590,1382,1673,237,94
178,897,1025,Shamela0009508,591,58,188,102,97
178,5,1566,JK007109,176,70,1469,647,42
178,647,1035,ShamAY0033182,2262,1043,1329,173,45
179,22,423,ShamAY0034200,639,1017,1412,284,80
179,715,1356,ShamAY0034200,640,973,1210,187,36
179,646,875,ShamAY0034200,641,1,200,122,56
179,705,1276,ShamAY0034200,642,168,859,317,49
179,951,1271,ShamAY0034200,643,228,857,67,10
179,1285,1556,ShamAY0034200,644,17,691,218,39
179,132,698,Shamela0009508,593,849,1501,410,74
179,951,1556,Shamela0009508,594,309,1482,240,20
179,705,1212,Shamela0009508,595,114,609,281,59
179,1078,1356,Shamela0009508,596,667,994,178,65
179,22,1179,JK007109,177,43,1516,774,61
179,1202,1356,JK007109,178,6,228,114,63
179,22,698,Sham19Y0133411,1232,547,1047,322,53
179,1317,1556,ShamAY0033182,2263,108,335,166,79
180,7,805,ShamAY0034200,644,88,317,165,25
180,1197,1346,ShamAY0034200,646,1235,1385,122,99
180,7,939,Shamela0009508,596,994,1466,223,26
180,924,1604,Shamela0009508,597,420,1238,301,38
180,1028,1346,JK007109,178,1010,1318,253,96
180,7,805,JK007109,178,228,457,165,25
180,77,600,ShamAY0034199,511,1170,1526,163,33
181,1,231,ShamAY0034200,646,1138,1514,179,58
181,101,308,ShamAY0034200,647,119,326,162,95
181,591,1390,ShamAY0034200,649,834,1530,370,49
181,101,591,Shamela0009508,599,512,985,354,87
181,591,1390,Shamela0009508,600,758,1454,370,49
181,101,340,JK007109,178,1318,1557,187,95
182,249,560,JK000990,82,1271,1564,180,65
182,713,1256,ShamAY0034200,650,341,800,252,52
182,175,1200,Shamela0009508,601,262,918,301,31
182,994,1447,Shamela0009508,603,1056,1676,166,26
182,560,1502,JK007109,179,739,1373,365,45
183,533,935,Shia004456Vols,2495,1079,1441,160,36
183,58,268,ShamAY0034200,652,1,200,142,82
183,533,935,ShamAY0034200,654,691,1062,160,36
183,256,463,ShamAY0034200,655,1097,1347,130,60
183,36,226,Shamela0009508,602,1396,1594,126,72
183,226,662,Shamela0009508,603,1,254,181,49
183,695,1116,Shamela0009508,605,42,837,226,31
183,256,463,Shamela0009508,606,374,624,130,60
183,1349,1601,Shamela0009508,606,753,1086,169,61
183,36,248,JK007109,179,1342,1562,141,74
184,22,446,ShamAY0034200,653,1037,1402,276,79
184,530,914,ShamAY0034200,657,494,924,293,83
184,77,505,Shamela0009508,605,958,1345,267,70
184,530,795,Shamela0009508,607,1204,1517,197,78
184,767,1485,JK007109,180,1094,1522,268,45
184,22,626,JK007109,180,571,1077,351,67
185,295,810,JK000173,134,949,1480,241,47
185,34,616,ShamAY0034200,656,959,1484,265,45
185,974,1338,ShamAY0034200,658,171,339,117,40
185,282,1007,ShamAY0034200,659,863,1517,424,65
185,1084,1433,ShamAY0034200,660,1003,1368,236,80
185,34,232,Shamela0009508,608,769,1053,154,67
185,224,664,Shamela0009508,609,1202,1586,255,62
185,1084,1256,Shamela0009508,610,1421,1606,135,90
185,664,1105,Shamela0009508,610,1,510,297,68
185,1292,1518,Shamela0009508,611,12,304,162,68
185,69,1518,JK007109,181,1,1239,775,57
186,183,1081,ShamAY0034200,661,424,1060,441,56
186,183,1309,Shamela0009508,611,674,1338,475,49
186,183,1348,JK007109,182,48,727,488,49
187,98,365,ShamAY0034200,663,1,297,204,84
187,1051,1578,ShamAY0034200,663,1116,1267,117,27
187,539,1578,ShamAY0034200,664,234,1354,727,75
187,165,413,Shamela0009508,613,1354,1615,189,89
187,480,1070,Shamela0009508,614,19,876,393,52
187,1058,1578,Shamela0009508,615,247,854,380,75
187,107,1429,JK007109,183,16,1612,912,67
187,1429,1578,JK007109,184,1,188,121,79
188,1,633,ShamAY0034200,665,816,1566,412,62
188,790,1507,ShamAY0034200,666,59,639,279,42
188,579,790,ShamAY0034200,667,88,326,157,81
188,1018,1515,ShamAY0034200,667,913,1542,225,38
188,579,736,Shamela0009508,613,1166,1354,122,81
188,222,633,Shamela0009508,616,885,1433,298,65
188,1,1115,JK007109,184,381,1529,583,52
188,1276,1507,JK007109,185,6,211,97,51
188,606,809,Sham19Y0133411,1147,1115,1357,133,68
189,1,461,ShamAY0034200,666,620,1545,249,29
189,352,1131,ShamAY0034200,668,217,900,356,43
189,1377,1548,ShamAY0034200,674,319,510,121,74
189,1,1479,Shamela0009508,618,131,1580,607,37
189,952,1290,Shamela0009508,619,494,833,241,81
189,1377,1548,Shamela0009508,621,309,500,121,74
189,1,1290,JK007109,185,192,1363,713,57
189,1377,1548,JK007109,186,1377,1568,121,74
190,222,620,ShamAY0034200,669,1147,1468,222,64
190,9,485,ShamAY0034200,670,1125,1574,195,36
190,576,801,ShamAY0034200,671,1176,1406,183,97
190,1223,1647,ShamAY0034200,674,668,1024,216,56
190,222,940,Shamela0009508,619,833,1598,318,43
190,576,1141,Shamela0009508,620,967,1423,224,38
190,1223,1647,Shamela0009508,622,144,500,216,56
190,222,533,JK007109,185,1363,1605,179,66
190,533,1141,JK007109,186,1,911,207,24
190,1223,1647,JK007109,187,99,455,216,56
190,593,806,ShamAY0034199,1355,1090,1354,152,70
191,133,802,ShamAY0034200,680,920,1418,298,49
191,347,1545,ShamAY0034200,681,1,1118,551,43
191,580,1545,ShamAY0034200,682,634,1397,475,53
191,140,741,Shamela0009508,627,999,1633,406,73
191,682,1292,Shamela0009508,628,1057,1555,319,61
191,1067,1545,Shamela0009508,629,894,1110,161,41
191,140,741,JK007109,189,955,1589,406,73
191,869,1545,JK007109,190,8,550,375,64
192,212,658,JK000173,151,182,1000,216,32
192,7,393,ShamAY0034200,681,1140,1545,240,69
192,207,488,ShamAY0034200,683,5,305,206,88
192,526,1410,ShamAY0034200,683,1048,1492,302,40
192,526,1485,ShamAY0034200,684,57,686,428,52
192,7,556,Shamela0009508,629,190,789,357,70
192,556,1485,Shamela0009508,630,449,1048,404,50
192,7,1031,JK007109,190,572,1461,549,59
192,1195,1485,JK007109,191,1,274,194,77
193,1060,1334,Sham19Y0013782,202,545,829,193,79
193,734,1325,ShamAY0034200,685,847,1503,381,64
193,1334,1499,ShamAY0034200,686,568,994,90,27
193,154,673,Shamela0009508,630,1199,1566,165,30
193,734,1159,Shamela0009508,631,1015,1487,265,62
193,1152,1499,Shamela0009508,632,1,270,180,61
193,154,1489,JK007109,191,425,1538,612,47
194,582,1398,ShamAY0034200,688,184,998,451,55
194,324,1398,Shamela0009508,633,149,1304,603,54
194,174,1398,JK007109,192,35,1366,679,52
195,516,1439,ShamAY0034200,675,640,1632,576,65
195,1391,1578,ShamAY0034200,676,1,212,142,76
195,257,392,ShamAY0034200,688,998,1133,103,96
195,1,523,ShamAY0034200,689,164,622,284,60
195,516,874,Shamela0009508,622,597,973,250,75
195,877,1578,Shamela0009508,623,668,1498,454,64
195,1,392,Shamela0009508,634,628,840,128,36
195,146,558,Shamela0009508,635,660,999,184,49
195,516,1534,JK007109,187,552,1681,645,65
195,257,378,JK007109,192,1366,1487,92,95
196,345,779,ShamAY0034200,676,1169,1450,188,51
196,231,824,ShamAY0034200,677,1,720,361,53
196,779,968,ShamAY0034200,677,1530,1693,131,81
196,598,1674,ShamAY0034200,678,127,1108,637,63
196,238,571,Shamela0009508,624,1255,1617,247,81
196,571,1431,Shamela0009508,625,1,704,487,64
196,1431,1674,Shamela0009508,626,118,428,176,66
196,10,1674,JK007109,188,120,1657,1025,68
197,1,110,ShamAY0034200,678,1108,1213,82,93
197,20,869,ShamAY0034200,679,829,1585,461,61
197,967,1574,ShamAY0034200,689,615,997,169,27
197,1,826,Shamela0009508,626,428,1146,492,68
197,85,967,Shamela0009508,627,639,951,172,22
197,967,1574,Shamela0009508,634,892,1180,201,41
197,20,967,JK007109,189,1,907,579,66
197,967,1574,JK007109,193,67,355,201,41
198,766,1291,ShamAY0034055,6978,646,1297,341,59
198,772,939,JK000173,184,1335,1554,105,60
198,766,1088,Shamela0021608,29,1388,1614,137,51
198,1,490,ShamAY0034200,689,997,1332,218,50
198,837,1515,ShamAY0034200,691,9,677,398,59
198,799,1344,Shamela0009508,635,15,627,361,67
198,1291,1427,Shamela0009508,638,686,846,95,78
198,1,1515,JK007109,193,355,1467,652,47
198,766,1291,Shia002702Vols,7165,437,1102,341,58
198,766,935,Shamela0002573,2295,1468,1646,123,79
198,805,1121,ShamAY0034199,1717,704,1125,185,54
199,421,621,Sham19Y0016562,1228,467,667,105,60
199,360,1121,ShamAY0034200,694,287,1510,462,45
199,533,1103,Shamela0009508,637,500,1301,314,46
199,1155,1325,Shia001432Vols,13486,1074,1256,128,89
199,360,1008,JK007109,194,776,1539,386,59
199,1000,1491,JK007109,195,104,832,240,35
200,79,332,Sham19Y0013667,5486,853,1281,188,53
200,5,332,ShamAY0034200,695,696,1302,231,47
200,405,1535,ShamAY0034200,696,422,1511,265,18
200,1146,1525,ShamAY0034200,697,176,772,151,26
200,5,662,Shamela0009508,639,147,870,313,40
200,889,1222,Shamela0009508,640,1116,1402,190,65
200,332,884,Shamela0009508,640,260,652,206,40
200,1119,1306,Shamela0009508,641,41,290,126,57
200,5,332,JK007109,195,860,1466,231,47
200,518,1535,JK007109,196,35,1320,509,41
200,66,327,Shia002914Vols,491,117,581,199,53
201,187,474,ShamAY0034200,697,469,767,191,73
201,187,474,Shamela0009508,641,363,661,191,73
201,180,587,Shamela0009508,641,1243,1446,152,47
201,180,587,JK007109,196,1361,1564,152,47
201,1,140,Shia002914Vols,502,745,889,104,89
202,741,1130,Sham19Y0014325,6002,504,880,204,59
202,716,1130,JK000272,1435,504,938,265,67
202,748,1130,Shamela0021721,4051,134,617,244,57
202,741,1130,ShamAY0034263,635,923,1584,239,42
202,741,1130,Sham19Y0017885,1420,916,1287,202,58
202,745,1130,Zaydiyya0000361,427,592,994,250,69
202,741,1136,Shamela0095590,1860,639,993,255,77
202,748,1068,Shamela0021693,686,1188,1481,180,66
202,745,1136,Zaydiyya0000064,680,262,671,241,65
202,748,1130,Shamela0021677,1075,578,932,222,68
202,716,1130,Shia000841Vols,8881,872,1309,266,67
202,745,1130,Zaydiyya0000054,168,91,492,247,68
202,745,1130,Shamela0007370,2079,588,947,238,71
202,745,1130,Shia003754Vols,62,1044,1439,248,70
202,745,1136,Shia000812Vols,686,15,424,241,65
202,745,1130,Zaydiyya0000004,610,1013,1416,240,65
202,748,1130,Sham19Y0013785,297,855,1213,225,69
202,741,1130,Shamela0008463,3444,764,1170,252,70
202,741,1130,Sham19Y0020699,682,727,1056,199,57
202,745,1130,Sham19Y0018611,416,898,1340,244,65
202,748,1130,Zaydiyya0000142,2920,742,1081,234,72
202,777,1119,Sham19Y0013241,23,70,452,205,61
202,741,1130,Sham19Y0019188,1770,256,633,243,71
202,745,1130,Shamela0021821,696,984,1397,232,63
202,748,1130,JK006476,570,1225,1520,159,46
202,146,283,ShamIbadiyya0000193,4664,517,802,92,40
203,221,348,Shamela0021608,1527,84,221,94,86
203,14,1282,ShamAY0034200,697,1068,1602,336,31
203,14,1402,ShamAY0034200,698,369,1290,463,36
203,690,1327,Shamela0009508,643,62,492,267,49
203,14,1432,JK007109,197,50,1005,470,35
203,1200,1327,Shamela0021744,6170,497,641,100,84
204,584,801,Sham19Y0016526,618,309,544,135,62
204,96,801,Shia002914Vols,515,534,1469,477,58
205,274,880,ShamAY0034200,776,617,1298,315,48
205,1,375,Shamela0009508,709,953,1306,186,47
205,380,880,Shamela0009508,710,871,1441,256,46
205,274,880,JK007109,223,91,772,315,48
205,274,880,Sham19Y0016526,619,32,974,288,36
205,302,668,Shia002914Vols,314,1,435,224,58
205,274,692,ShamAY0034199,1765,425,1020,212,42
206,249,935,ShamAY0034200,779,1093,1531,258,44
206,935,1541,ShamAY0034200,780,1,897,447,61
206,249,1187,Shamela0009508,713,672,1547,436,45
206,1172,1541,Shamela0009508,714,1082,1507,267,73
206,249,1039,JK007109,224,957,1497,338,50
206,999,1541,JK007109,225,106,754,391,74
206,477,816,Shamela0002573,150,1235,1580,95,26
206,816,1327,Shamela0002573,151,1,473,165,28
207,38,262,ShamAY0034200,780,63,277,119,57
207,248,660,ShamAY0034200,780,1174,1598,310,86
207,660,1106,ShamAY0034200,781,1,506,269,61
207,1142,1608,ShamAY0034200,783,266,730,371,96
207,38,262,Shamela0009508,713,1172,1386,119,57
207,1189,1608,Shamela0009508,714,9,424,334,96
207,38,825,Shamela0009508,715,1,607,428,63
207,845,1106,Shamela0009508,716,87,417,162,57
207,28,955,JK007109,225,658,1577,549,64
208,753,1146,ShamAY0034200,781,638,1123,193,47
208,1257,1548,ShamAY0034200,784,1115,1417,227,91
208,166,748,ShamAY0034200,784,1,600,455,93
208,1,547,Shamela0009508,714,424,1061,435,84
208,547,748,Shamela0009508,715,619,821,151,91
208,1257,1480,Shamela0009508,715,1336,1569,174,90
208,753,1437,Shamela0009508,716,549,1289,239,34
208,753,1146,JK007109,226,307,792,192,49
208,1196,1437,JK007109,227,137,806,129,24
209,124,1091,ShamAY0034200,785,1,1581,763,59
209,1091,1599,ShamAY0034200,786,1,585,400,82
209,18,258,Shamela0009508,716,1201,1489,164,70
209,218,1113,Shamela0009508,717,1,860,632,80
209,997,1599,Shamela0009508,718,382,1060,476,84
210,835,1037,ShamAY0034200,779,65,261,150,90
210,51,458,ShamAY0034200,786,585,995,335,98
210,535,731,ShamAY0034200,789,1394,1628,152,78
210,731,1539,ShamAY0034200,790,1,769,501,72
210,51,391,Shamela0009508,718,1060,1402,280,98
210,535,1006,Shamela0009508,722,155,628,295,69
210,921,1681,Shamela0009508,723,77,1143,454,46
210,535,1539,JK007109,229,507,1509,656,74
211,982,1227,Shamela0021605,1435,796,1162,183,58
211,982,1129,Shia000841Vols,4591,1448,1592,95,69
211,533,1287,ShamAY0034200,782,170,552,284,45
211,1434,1598,ShamAY0034200,785,252,381,93,62
211,288,1628,ShamAY0034200,791,408,1342,516,40
211,930,1227,ShamAY0032376,1239,624,1013,191,55
211,332,1598,Shamela0009508,724,716,1469,475,41
211,288,1598,JK007109,230,397,1189,504,42
211,990,1171,Sham19Y0016526,624,1229,1579,141,49
211,1023,1227,Shia002914Vols,327,1,358,162,54
212,139,460,ShamAY0034200,785,370,597,162,60
212,1,146,ShamAY0034200,791,1389,1534,119,100
212,139,460,ShamAY0034200,792,891,1212,234,85
212,1368,1559,ShamAY0034200,794,592,810,131,72
212,1,146,Shamela0009508,722,1273,1418,119,100
212,139,343,Shamela0009508,724,1458,1658,146,83
212,139,460,JK007109,230,1178,1499,234,85
212,702,916,Sham19Y0016526,625,389,658,141,61
212,483,645,Shia002914Vols,329,1333,1499,124,90
212,645,972,Shia002914Vols,330,1,349,253,89
213,1161,1378,ShamAY0034200,791,1,222,153,83
213,170,511,ShamAY0034200,794,1256,1599,177,47
213,529,812,ShamAY0034200,795,1,490,194,49
213,812,1109,ShamAY0034200,796,832,1156,225,84
213,1101,1533,ShamAY0034200,797,302,745,308,83
213,170,795,Shamela0009508,725,454,1273,358,47
213,849,1061,Shamela0009508,727,1,247,160,82
213,1101,1533,Shamela0009508,730,33,506,305,77
213,1101,1533,JK007109,233,95,538,308,83
214,286,648,ShamAY0034200,798,987,1566,233,47
214,634,1647,ShamAY0034200,802,1,1048,783,91
214,180,648,Shamela0009508,731,256,1070,308,44
214,665,1647,Shamela0009508,733,222,1251,773,92
214,151,555,JK007109,233,951,1661,302,50
215,43,732,ShamAY0034200,801,1125,1522,296,53
215,233,608,ShamAY0034200,803,664,1115,253,69
215,1121,1477,ShamAY0034200,803,1074,1495,240,69
215,295,608,Shamela0009508,734,1070,1463,238,76
215,43,1121,Shamela0009508,735,563,1371,548,58
215,1121,1570,Shamela0009508,736,1147,1348,134,34
215,43,1570,JK007109,235,516,1475,686,53
216,279,797,ShamAY0034200,804,916,1570,314,58
216,700,1470,ShamAY0034200,805,614,1410,473,64
216,1470,1602,ShamAY0034200,806,844,1285,90,25
216,1145,1423,JK007081,33,633,844,167,72
216,700,1230,Shamela0009508,736,596,1131,395,86
216,1294,1602,Shamela0009508,737,169,683,126,25
216,492,797,Shamela0009508,738,216,645,192,55
216,1145,1538,Shamela0009508,739,1054,1248,142,44
216,271,797,JK007109,236,1,700,329,57
216,1145,1470,JK007109,236,980,1221,142,52
217,154,500,ShamAY0034200,805,1410,1546,104,36
217,650,1139,ShamAY0034200,806,1,229,157,37
217,123,376,ShamAY0034200,807,32,584,154,31
217,399,883,ShamAY0034200,808,436,1213,264,36
217,1407,1565,ShamAY0034200,811,1,158,120,95
217,1,376,Shamela0009508,737,683,1571,185,24
217,399,623,Shamela0009508,738,1167,1356,129,72
217,698,883,Shamela0009508,739,240,405,135,88
217,623,1139,Shamela0009508,741,20,274,172,39
217,1368,1565,Shamela0009508,741,849,1064,148,86
217,154,1053,JK007109,236,1221,1564,236,31
217,1161,1362,JK007109,237,549,1182,150,28
218,388,608,Shamela0021608,1277,153,357,154,82
218,231,608,ShamAY0034200,809,94,511,223,59
218,1,158,ShamAY0034200,811,158,308,114,86
218,752,1262,ShamAY0034200,812,772,1075,180,40
218,1158,1497,ShamAY0034200,813,662,1150,180,40
218,1,158,Shamela0009508,741,1064,1214,114,86
218,158,554,Shamela0009508,744,308,759,244,60
218,1158,1497,Shamela0009508,744,882,1386,181,39
218,565,1262,Shamela0009508,745,344,771,268,43
218,158,470,JK007109,237,1218,1568,210,69
218,485,1262,JK007109,238,16,517,299,44
219,12,1051,ShamAY0034200,812,413,755,253,30
219,112,1165,ShamAY0034200,814,37,1083,497,45
219,655,1611,ShamAY0034200,815,1,678,304,31
219,112,763,Shamela0009508,745,837,1471,252,38
219,630,919,Shamela0009508,746,1,314,139,48
219,856,1165,Shamela0009508,746,1031,1430,225,66
219,112,1247,JK007109,238,577,1484,458,42
219,1092,1611,JK007109,239,1,372,211,42
220,47,338,Shamela0021605,1739,1043,1285,168,68
220,422,958,Shamela0021605,1740,958,1330,246,53
220,37,358,ShamAY0034200,816,1,266,194,73
220,1145,1538,ShamAY0034200,816,1235,1406,135,41
220,527,1152,ShamAY0034200,817,290,1198,353,45
220,1145,1641,ShamAY0034200,818,450,855,258,56
220,37,358,Shamela0009508,746,371,642,193,71
220,329,958,Shamela0009508,748,154,757,301,43
220,527,1213,Shamela0009508,749,651,1641,408,47
220,1218,1641,Shamela0009508,750,1146,1458,199,52
220,89,958,JK007109,239,517,1473,381,36
220,527,1641,JK007109,240,125,1446,606,48
221,195,588,JK000173,199,859,1144,175,55
221,263,669,ShamAY0034200,819,1126,1487,210,56
221,958,1189,ShamAY0034200,820,1,215,163,77
221,1150,1553,ShamAY0034200,821,228,862,256,45
221,199,446,ShamAY0032376,1513,36,302,167,76
221,5,139,Shamela0009508,750,1424,1585,112,83
221,139,446,Shamela0009508,751,1,373,220,73
221,574,1553,Shamela0009508,752,415,1436,505,46
221,5,208,JK007109,240,1412,1648,161,80
221,215,1553,JK007109,241,1,1303,686,49
221,215,428,ShamAY0034199,1853,907,1105,146,87
222,225,518,ShamAY0034200,819,976,1126,108,47
222,230,393,ShamAY0034200,821,981,1202,100,54
222,398,1029,ShamAY0034200,822,984,1531,375,69
222,886,1503,ShamAY0034200,823,1,588,313,51
222,230,484,Shamela0009508,753,1082,1521,170,48
222,484,1007,Shamela0009508,754,1,434,299,67
222,847,1503,Shamela0009508,755,1,623,332,51
222,419,555,JK007109,238,1096,1295,65,41
222,326,1503,JK007109,242,1,1386,691,54
223,13,179,ShamAY0034200,824,905,1077,106,72
223,1378,1548,ShamAY0034200,825,610,786,133,91
223,325,442,ShamAY0034200,825,15,144,89,83
223,272,442,Shamela0009508,753,758,952,109,66
223,13,179,Shamela0009508,753,162,334,106,72
223,913,1548,Shamela0009508,756,874,1261,285,54
223,913,1548,JK007109,243,506,893,285,54
224,223,1497,ShamAY0034200,825,786,1541,467,41
224,492,1504,ShamAY0034200,826,1280,1582,228,28
224,1,206,ShamAY0034200,828,1379,1579,150,88
224,1,1019,Shamela0009508,757,703,1594,446,43
224,1259,1504,Shamela0009508,758,86,251,132,65
224,223,1313,JK007109,243,893,1528,370,38
225,56,346,ShamAY0034200,826,8,201,131,53
225,61,1147,ShamAY0034200,827,1,677,411,43
225,151,1273,ShamAY0034200,828,522,1067,313,31
225,1279,1548,ShamAY0034200,829,1026,1261,169,70
225,159,737,ShamAY0034200,831,949,1594,228,33
225,56,463,Shamela0009508,758,259,665,194,46
225,463,1548,Shamela0009508,759,258,1055,537,55
225,159,820,Shamela0009508,760,206,956,282,36
225,56,1548,JK007109,244,115,1311,730,52
226,18,372,ShamAY0034200,829,1301,1636,192,54
226,778,1328,ShamAY0034200,833,745,1494,310,46
226,668,1170,Shamela0009508,761,1062,1588,253,50
226,664,956,Shamela0009508,761,201,466,148,51
226,664,952,JK007109,245,798,1059,148,52
227,295,557,Shamela0021608,855,562,1156,181,37
227,134,775,ShamAY0034200,836,138,898,305,42
227,896,1541,ShamAY0034200,838,297,845,340,59
227,302,553,Shamela0009508,764,1267,1561,174,70
227,896,1541,Shamela0009508,768,146,694,340,59
227,324,783,JK007109,247,1,527,248,50
228,24,323,ShamAY0034200,835,1449,1578,86,34
228,38,958,ShamAY0034200,839,915,1418,319,40
228,678,1323,ShamAY0034200,840,572,1523,343,38
228,1329,1615,ShamAY0034200,841,920,1487,162,34
228,24,427,Shamela0009508,766,1087,1257,112,34
228,427,1183,Shamela0009508,767,715,1651,278,27
228,411,658,Shamela0009508,768,1004,1244,170,81
228,38,958,Shamela0009508,769,839,1367,319,39
228,24,1323,JK007109,248,274,1527,504,34
229,1,119,ShamAY0034200,841,1487,1611,96,95
229,119,535,ShamAY0034200,842,1,433,262,65
229,1031,1676,ShamAY0034200,844,871,1514,524,96
229,1,535,Shamela0009508,770,256,812,358,70
229,1059,1328,Shamela0009508,772,1,270,223,98
229,1328,1644,Shamela0009508,772,1400,1707,255,95
229,1,535,JK007109,249,871,1427,358,70
229,917,1676,JK007109,250,826,1587,595,92
230,122,336,ShamAY0034200,845,1,218,173,96
230,1120,1576,ShamAY0034200,845,896,1372,334,85
230,336,1203,ShamAY0034200,846,361,1166,481,58
230,1,760,Shamela0009508,773,33,688,465,69
230,777,1326,Shamela0009508,774,377,816,292,59
230,1120,1576,Shamela0009508,775,351,827,334,85
230,41,1326,JK007109,251,1,1117,738,62
231,621,1160,ShamAY0034200,845,424,814,148,32
231,101,519,ShamAY0034200,846,1231,1559,226,64
231,510,1541,ShamAY0034200,847,1,583,369,42
231,758,1237,ShamAY0034200,850,55,417,198,50
231,101,1094,Shamela0009508,774,868,1541,419,48
231,1215,1551,Shamela0009508,775,1056,1300,158,54
231,758,1403,Shamela0009508,776,967,1586,320,53
231,101,595,JK007109,251,1169,1580,274,66
231,595,1551,JK007109,252,1,513,322,40
232,982,1423,JK000173,212,1,274,116,27
232,1231,1501,Shamela0021605,1625,878,1162,205,87
232,17,931,ShamAY0034200,847,1038,1393,263,34
232,529,1168,ShamAY0034200,848,792,1301,334,60
232,1126,1508,ShamAY0034200,849,329,721,298,93
232,296,414,ShamAY0034200,852,818,989,94,68
232,1,250,Shamela0009508,775,1300,1531,168,77
232,296,414,Shamela0009508,778,185,356,94,68
232,529,1222,Shamela0009508,778,840,1430,399,65
232,1222,1403,Shamela0009508,779,1422,1600,141,95
232,1403,1508,Shamela0009508,780,1,118,84,89
232,1,250,JK007109,252,513,744,168,77
232,596,1508,JK007109,253,1,830,578,72
233,8,439,ShamAY0034200,849,721,1144,294,75
233,420,1410,ShamAY0034200,850,749,1409,458,53
233,1410,1619,ShamAY0034200,851,1298,1544,168,83
233,673,845,ShamAY0034200,857,1,340,130,47
233,8,274,Shamela0009508,780,118,383,183,74
233,274,1619,Shamela0009508,781,562,1594,712,60
233,8,1166,JK007109,253,830,1561,535,55
233,1111,1619,JK007109,254,5,536,384,85
234,1200,1387,Shamela0021605,1519,1246,1470,126,65
234,45,655,ShamAY0034200,852,1,571,446,89
234,655,1059,ShamAY0034200,853,562,999,313,88
234,1190,1541,ShamAY0034200,855,623,956,253,89
234,1031,1255,ShamAY0034200,858,792,1209,152,45
234,1200,1352,ShamAY0032376,1315,47,223,114,79
234,639,854,ShamAY0032376,1376,1,202,154,84
234,34,493,Shamela0009508,782,1181,1600,326,86
234,493,1059,Shamela0009508,783,1,600,442,90
234,1031,1473,Shamela0009508,783,1036,1413,206,53
234,1182,1541,Shamela0009508,784,777,1118,256,89
234,1,1031,JK007109,254,536,1568,773,88
234,1182,1541,JK007109,255,594,935,256,89
235,596,1230,ShamAY0034200,856,1108,1596,355,67
235,1267,1544,ShamAY0034200,858,77,431,54,12
235,230,1092,Shamela0009508,785,965,1602,443,61
235,1092,1544,Shamela0009508,786,1,306,239,67
235,1,909,JK007109,255,935,1551,469,63
235,909,1544,JK007109,256,1,466,335,64
236,196,335,Shamela0021605,1633,300,437,112,97
236,1,449,ShamAY0034200,858,431,712,171,46
236,344,740,ShamAY0034200,859,833,1504,283,51
236,740,952,ShamAY0034200,860,1,305,171,69
236,104,349,ShamAY0034200,861,918,1168,198,96
236,1214,1599,ShamAY0034200,862,1,201,146,46
236,183,1065,Shamela0009508,787,1,1039,522,56
236,1185,1599,Shamela0009508,788,1,224,165,49
236,1379,1530,Shamela0009508,789,384,543,116,91
236,1,961,JK007109,256,466,1416,557,60
236,1379,1530,JK007109,257,69,228,116,91
237,456,644,ShamIbadiyya0000150,345,589,777,133,87
237,1,764,ShamAY0034200,862,201,1411,392,32
237,456,695,ShamAY0034200,863,927,1180,152,71
237,644,1079,ShamAY0034200,864,6,489,329,81
237,1079,1469,ShamAY0034200,865,879,1355,274,65
237,1469,1625,ShamAY0034200,867,110,266,121,98
237,1,234,Shamela0009508,788,224,481,184,87
237,644,1118,Shamela0009508,789,1122,1636,361,84
237,1150,1625,Shamela0009508,791,75,637,338,69
237,186,1311,JK007109,257,375,1602,613,49
237,1311,1625,JK007109,258,1,309,244,94
237,456,644,Shamela0002573,2117,298,483,131,83
237,456,644,ShamAY0034199,1989,1216,1412,140,88
238,87,489,ShamAY0034200,868,975,1374,279,78
238,489,1100,ShamAY0034200,870,316,1247,414,54
238,1104,1602,ShamAY0034200,871,903,1305,302,70
238,1,411,Shamela0009508,792,772,1247,285,68
238,411,692,Shamela0009508,793,1312,1624,185,72
238,692,1147,Shamela0009508,794,1,516,270,56
238,489,1651,Shamela0009508,796,173,1066,454,38
238,1,1014,JK007109,258,309,1520,702,69
238,1049,1651,JK007109,259,94,624,383,72
239,934,1355,Shamela0021605,1559,1,417,230,62
239,1,735,ShamAY0034200,873,50,553,391,64
239,720,1134,ShamAY0034200,874,977,1499,221,44
239,346,645,ShamAY0034200,876,1053,1488,164,43
239,717,981,ShamAY0034200,877,403,816,72,19
239,929,1355,ShamAY0032376,1348,88,511,230,61
239,1,215,Shamela0009508,796,1066,1259,160,90
239,215,389,Shamela0009508,797,1417,1598,126,86
239,374,975,Shamela0009508,799,360,726,257,51
239,975,1327,Shamela0009508,800,1241,1531,205,71
239,465,645,Shamela0009508,802,733,912,121,75
239,1,1172,JK007109,259,624,1541,682,70
239,1251,1470,JK007109,260,15,233,129,64
240,158,483,Shamela0021605,1559,450,675,155,58
240,1,515,ShamAY0034200,877,1293,1533,127,30
240,158,972,ShamAY0034200,879,255,1282,399,40
240,985,1544,ShamAY0034200,880,146,654,343,72
240,1,972,Shamela0009508,803,713,1211,358,43
240,531,782,Shamela0009508,804,461,720,130,54
240,985,1544,Shamela0009508,805,267,775,343,72
240,467,972,JK007109,260,724,1144,275,61
241,1,196,ShamAY0034200,880,654,885,138,72
241,319,559,ShamAY0034200,881,53,321,168,74
241,521,984,ShamAY0034200,882,864,1597,261,37
241,984,1243,ShamAY0034200,883,1,243,168,74
241,1243,1517,ShamAY0034200,884,243,496,177,77
241,1,196,Shamela0009508,805,775,1006,138,72
241,319,1086,Shamela0009508,806,253,925,375,49
241,1070,1517,Shamela0009508,807,1091,1514,295,78
241,82,514,JK007109,260,1096,1596,277,65
241,514,1517,JK007109,261,1,968,708,84
241,1214,1502,Shamela0002573,1266,360,567,148,64
242,554,890,Shamela0021605,1647,301,649,140,36
242,526,1221,ShamAY0034200,887,645,1232,295,41
242,925,1492,ShamAY0034200,888,921,1371,332,71
242,1088,1492,ShamAY0034200,889,1,321,218,62
242,266,533,Shamela0009508,809,82,265,146,68
242,579,1310,Shamela0009508,811,813,1527,467,71
242,23,533,JK007109,261,968,1370,269,59
242,526,1492,JK007109,262,634,1254,442,55
243,106,601,ShamAY0034200,889,711,1304,184,28
243,201,688,ShamAY0034200,892,326,1333,181,19
243,669,1567,ShamAY0034200,893,378,1197,466,55
243,54,370,Shamela0009508,812,461,626,125,50
243,234,601,Shamela0009508,814,1,232,98,27
243,435,624,Shamela0009508,815,1163,1464,142,58
243,201,1372,Shamela0009508,816,171,899,399,37
243,1372,1585,Shamela0009508,817,695,907,156,91
243,54,370,JK007109,263,101,266,125,50
243,669,1585,JK007109,264,20,844,498,59
244,1044,1262,Shamela0021605,1730,293,547,124,58
244,495,1303,ShamAY0034200,896,451,1217,471,63
244,1023,1262,ShamAY0034200,897,534,803,150,69
244,214,530,Shamela0009508,817,854,1356,198,46
244,770,1448,Shamela0009508,819,16,541,398,71
244,1038,1262,Shamela0009508,820,920,1168,138,69
244,214,681,JK007109,264,791,1558,294,46
244,782,1448,JK007109,265,1,510,390,71
244,574,681,ShamAY0034199,2063,174,285,81,93
245,732,1374,Shamela0021605,1697,66,823,324,45
245,361,955,ShamAY0034200,899,344,1046,276,35
245,14,265,ShamAY0034200,900,421,707,199,84
245,1241,1573,ShamAY0034200,901,1,315,253,94
245,920,1427,ShamAY0032376,1472,22,473,240,57
245,361,985,Shamela0009508,821,1154,1614,347,65
245,14,229,Shamela0009508,822,1288,1538,169,81
245,1093,1573,Shamela0009508,823,155,735,350,71
245,101,989,JK007109,265,707,1599,452,50
245,989,1573,JK007109,266,1,632,339,54
245,197,700,Sham19Y0133411,1883,463,710,175,40
245,44,265,Shamela0011993,707,13,536,168,39
246,273,822,ShamAY0034200,902,629,1167,278,46
246,519,1079,ShamAY0034200,903,1082,1337,204,44
246,689,1335,ShamAY0034200,904,1,553,370,66
246,1,290,Shamela0009508,823,735,975,195,82
246,290,868,Shamela0009508,824,605,1641,318,33
246,868,1335,Shamela0009508,825,1139,1582,303,73
246,1335,1724,Shamela0009508,826,7,389,312,94
246,1,822,JK007109,266,632,1391,458,55
246,540,1724,JK007109,267,1,1201,778,69
247,58,1281,Shamela0021605,1707,75,1001,308,23
247,29,895,ShamAY0034200,906,743,1604,579,73
247,895,1587,ShamAY0034200,907,1,570,443,78
247,1164,1517,ShamAY0032376,1482,233,432,147,50
247,5,803,Shamela0009508,827,1,769,525,74
247,790,1587,Shamela0009508,828,212,887,521,80
247,631,1098,Shamela0009508,829,1,292,114,27
247,1,273,JK007109,267,1412,1672,195,85
247,273,1587,JK007109,268,1,1203,847,73
248,1,1450,ShamAY0034200,907,570,1536,587,45
248,776,1609,ShamAY0034200,908,23,873,445,50
248,1057,1328,ShamAY0034200,909,1238,1502,153,54
248,1,192,Shamela0009508,828,887,1077,143,93
248,323,1609,Shamela0009508,829,338,1573,662,50
248,506,1252,Shamela0009508,830,168,904,298,38
248,1057,1328,Shamela0009508,831,526,790,153,54
248,1,694,JK007109,268,1203,1558,273,48
248,822,1609,JK007109,269,71,832,408,51
248,506,1018,Shamela0002573,202,189,802,216,36
249,189,873,Shamela0021605,1783,160,1136,327,36
249,1,438,ShamAY0034200,909,710,1221,262,54
249,373,1021,ShamAY0034200,910,1137,1611,332,61
249,1021,1468,ShamAY0034200,911,1,619,271,50
249,1219,1610,ShamAY0034200,912,126,395,167,44
249,522,1056,ShamAY0034200,913,1,356,277,61
249,185,641,ShamAY0032376,1558,374,984,237,48
249,11,478,Shamela0009508,830,1071,1612,286,57
249,478,1181,Shamela0009508,831,1,501,383,65
249,1181,1610,Shamela0009508,832,1,948,272,34
249,78,1056,Shamela0009508,834,196,844,377,42
249,1,873,JK007109,269,832,1602,463,54
249,873,1610,JK007109,270,1,1229,484,46
250,13,230,ShamAY0034200,911,290,428,105,60
250,65,851,ShamAY0034200,912,1,1121,387,37
250,795,1039,ShamAY0034200,914,891,1184,116,46
250,1039,1579,ShamAY0034200,915,1,610,277,42
250,1285,1460,Shamela0009508,833,341,515,137,97
250,1023,1579,Shamela0009508,835,55,519,291,54
250,112,539,JK007109,270,1229,1642,207,54
250,122,880,JK007109,271,115,671,291,41
250,1023,1278,JK007109,271,1269,1532,197,91
250,1244,1579,JK007109,272,18,168,122,43
251,1,564,ShamAY0034200,915,610,948,189,39
251,1,1520,ShamAY0034200,916,43,1436,558,33
251,810,1183,ShamAY0034200,917,1344,1586,177,57
251,1319,1520,ShamAY0034200,918,1,112,87,54
251,333,1139,Shamela0009508,836,202,855,340,42
251,1139,1520,Shamela0009508,837,794,961,125,40
251,810,968,Shamela0009508,838,557,728,117,84
251,1,1520,JK007109,272,168,1128,557,40
252,1,169,ShamAY0034200,919,371,574,115,69
252,486,906,ShamAY0034200,920,613,1566,243,32
252,1118,1524,ShamAY0034200,922,9,752,221,34
252,1,169,Shamela0009508,839,687,890,115,69
252,618,1028,Shamela0009508,840,829,1548,258,44
252,1028,1524,Shamela0009508,841,1,848,260,35
252,176,1462,JK007109,273,343,1103,424,36
253,686,904,Shamela0021605,1790,12,260,163,80
253,1007,1505,ShamAY0034200,921,686,1125,287,63
253,90,983,ShamAY0034200,923,285,1553,433,35
253,275,741,Shamela0009508,841,935,1150,161,43
253,1007,1391,Shamela0009508,841,1160,1487,197,54
253,163,1154,Shamela0009508,842,94,1367,473,38
253,1,741,JK007109,273,1120,1439,230,39
253,1212,1505,JK007109,274,1,361,232,80
254,15,343,ShamAY0034200,922,987,1538,205,43
254,336,609,ShamAY0034200,923,7,280,205,90
254,410,1452,ShamAY0034200,924,78,917,478,49
254,818,1452,ShamAY0034200,925,1,1145,275,26
254,1180,1532,ShamAY0034200,926,367,793,259,70
254,1,1111,Shamela0009508,843,91,1513,491,35
254,488,1532,Shamela0009508,844,603,1378,520,56
254,1,1440,JK007109,274,361,1538,768,59
255,238,672,Sham19Y0032193,689,116,546,275,66
255,679,1072,Shamela0021608,1435,1329,1605,219,67
255,221,379,Shamela0021608,1491,1459,1619,124,90
255,379,758,Shamela0021608,1492,1,382,295,91
255,17,210,ShamAY0034200,925,1145,1399,147,67
255,201,1072,ShamAY0034200,927,1,1120,618,62
255,1090,1577,ShamAY0034200,928,509,983,260,58
255,1340,1654,ShamAY0034200,929,980,1170,105,38
255,112,1248,Shamela0009508,845,608,1573,579,50
255,829,1072,Shamela0009508,846,7,394,190,60
255,1195,1577,Shamela0009508,847,8,985,240,29
255,1340,1654,Shamela0009508,848,537,727,105,38
255,1090,1678,JK007109,275,665,1117,216,37
255,1207,1554,Shamela0002573,2011,1,736,230,36
256,1,961,Sham19Y0098083,876,271,937,341,42
256,421,751,ShamAY0034200,929,1173,1482,131,35
256,230,1072,ShamAY0034200,930,978,1467,325,45
256,801,1119,ShamAY0034200,931,282,946,225,40
256,69,1051,Shamela0009508,848,795,1430,397,47
256,581,751,Shamela0009508,849,10,152,72,42
256,564,1103,Shamela0009508,849,470,1446,300,37
256,1113,1552,Shamela0009508,850,543,1081,237,48
256,1,531,JK007109,275,1117,1578,300,64
256,531,1534,JK007109,276,59,943,374,36
256,660,1216,Shamela0002573,2012,1,487,187,34
257,162,1222,Sham19Y0098083,877,815,1458,364,41
257,1,535,ShamAY0034200,933,725,1174,295,67
257,354,1152,ShamAY0034200,934,19,874,431,57
257,973,1563,ShamAY0034200,934,1117,1506,307,64
257,11,1095,Shamela0009508,851,346,1117,496,56
257,297,1563,Shamela0009508,852,263,1233,575,49
257,819,1589,Shamela0009508,853,350,721,225,35
257,1,902,JK007109,276,948,1581,389,53
257,910,1563,JK007109,277,8,460,348,65
257,136,1121,Shamela0002573,2012,639,1461,375,40
258,7,966,Sham19Y0098083,878,730,1300,297,36
258,7,675,JK000173,233,1261,1576,187,32
258,89,692,ShamAY0034200,934,870,1117,201,39
258,701,887,ShamAY0034200,935,1387,1547,110,67
258,120,805,ShamAY0034200,935,1,667,468,79
258,828,1592,ShamAY0034200,936,267,1042,555,81
258,1236,1638,ShamAY0034200,937,775,1142,182,41
258,7,354,Shamela0009508,852,1233,1599,261,86
258,354,701,Shamela0009508,853,1,350,256,87
258,837,1638,Shamela0009508,854,1,837,587,80
258,7,1174,JK007109,277,460,1594,785,76
258,1174,1638,JK007109,278,1,500,366,87
258,13,692,Shamela0002573,2013,183,435,169,29
258,421,692,ShamAY0034199,2178,53,230,136,61
259,1,239,ShamAY0034200,937,1363,1602,195,99
259,1193,1507,ShamAY0034200,938,211,880,217,39
259,239,625,ShamAY0034200,938,1,463,167,36
259,1,1377,Shamela0009508,855,564,1557,543,41
259,1106,1535,Shamela0009508,856,1080,1291,165,48
259,1,1535,JK007109,278,721,1463,568,46
260,221,1197,ShamAY0034200,940,40,1366,468,35
260,495,1033,ShamAY0034200,941,1,427,316,70
260,1029,1631,ShamAY0034200,942,214,969,398,57
260,718,1631,ShamAY0034200,943,36,902,347,38
260,345,859,Shamela0009508,857,27,472,332,77
260,379,1397,Shamela0009508,858,1,586,379,41
260,1330,1631,Shamela0009508,859,889,1213,184,62
260,866,1244,Shamela0009508,860,10,419,181,45
260,345,1631,JK007109,279,172,1474,799,63
261,5,377,ShamAY0034200,942,972,1301,259,81
261,50,911,ShamAY0034200,943,893,1639,436,49
261,640,1377,ShamAY0034200,944,101,583,252,38
261,1108,1659,ShamAY0034200,945,50,627,282,50
261,410,1087,Shamela0009508,861,1,775,285,32
261,640,1659,Shamela0009508,862,392,1268,455,47
261,243,1659,JK007109,280,1,1395,695,47
262,89,616,JK000173,251,216,760,170,27
262,1,403,ShamAY0034200,945,627,1056,286,77
262,89,739,ShamAY0034200,946,721,1672,313,32
262,739,1573,ShamAY0034200,947,1,1010,434,44
262,971,1189,ShamAY0034200,948,467,693,175,95
262,147,527,Shamela0009508,863,1134,1496,285,90
262,489,1078,Shamela0009508,864,82,692,423,79
262,1078,1523,Shamela0009508,865,123,299,133,36
262,147,1523,JK007109,281,5,1316,814,60
263,1,252,ShamAY0034200,947,1010,1302,185,78
263,271,748,ShamAY0034200,948,749,1493,274,39
263,1144,1432,ShamAY0034200,953,905,1464,227,49
263,1,667,Shamela0009508,863,254,1110,291,32
263,271,1097,Shamela0009508,865,299,839,412,59
263,1208,1432,Shamela0009508,869,591,901,176,69
263,271,765,JK007109,281,1316,1625,247,60
264,350,693,ShamAY0034200,949,1313,1589,175,56
264,688,1467,ShamAY0034200,951,75,261,144,22
264,705,1425,ShamAY0034200,952,886,1482,339,48
264,1,285,ShamAY0034200,953,1099,1539,77,16
264,350,629,Shamela0009508,865,926,1181,157,59
264,610,1425,Shamela0009508,866,562,1391,387,42
264,935,1572,Shamela0009508,868,1,678,216,28
264,1,350,Shamela0009508,869,536,1045,120,23
264,350,1425,JK007109,282,319,1377,529,45
265,170,558,ShamAY0034200,955,1373,1605,138,45
265,170,843,ShamAY0034200,956,92,692,263,39
265,1,236,ShamAY0034200,957,212,502,183,77
265,843,1313,ShamAY0034200,957,799,1319,370,87
265,186,721,ShamAY0034200,958,24,600,85,11
265,508,861,Shamela0009508,871,992,1460,160,38
265,1,532,Shamela0009508,872,987,1536,309,61
265,861,1294,Shamela0009508,873,20,510,344,85
265,170,922,JK007109,283,847,1526,327,44
265,922,1561,JK007109,284,1,627,437,75
265,177,1076,Shamela0002573,369,1060,1431,218,28
266,858,1035,Shamela0007038,83,1505,1650,97,66
266,1176,1336,Shamela0007038,84,441,572,97,76
266,925,1336,ShamAY0034055,6150,899,1316,267,68
266,1231,1581,Shamela0021605,1831,403,1043,194,35
266,261,532,ShamAY0034200,958,1430,1596,125,57
266,1,720,ShamAY0034200,959,221,1007,500,72
266,925,1601,ShamAY0034200,960,186,1149,340,36
266,858,1188,ShamAY0034200,961,320,767,220,57
266,1,407,Shamela0009508,874,778,1214,266,67
266,395,1093,Shamela0009508,875,1092,1514,317,56
266,1176,1573,Shamela0009508,877,273,694,261,71
266,1,1093,JK007109,284,627,1529,577,58
266,1176,1601,JK007109,285,356,805,285,72
266,925,1336,Shia002702Vols,6315,138,554,267,68
267,253,1365,Shamela0007038,84,66,418,258,28
267,31,1365,ShamAY0034200,960,1,677,392,33
267,990,1274,ShamAY0034200,962,1232,1582,156,53
267,622,914,ShamAY0034200,963,1146,1444,172,60
267,371,530,Shamela0009508,876,1,239,89,37
267,990,1385,Shamela0009508,876,606,1126,229,53
267,622,1365,Shamela0009508,877,17,250,164,26
267,1,253,Shamela0009508,878,692,946,189,90
267,1,253,JK007109,285,805,1059,189,90
268,736,1001,JK005200,1781,7,333,173,60
268,703,996,Shamela0000427BK1,632,116,430,204,73
268,1,248,Shamela0000427BK2,5075,742,962,145,65
268,730,992,Shamela0021644,1179,758,1083,145,54
268,703,902,Shamela0001666,49,627,866,97,44
268,757,992,ShamAY0034204BK1,3871,1,233,158,74
268,711,881,ShamAY0033180,334,1309,1494,134,88
268,992,1223,ShamAY0034200,960,1386,1560,121,60
268,1024,1336,ShamAY0034200,963,570,735,129,51
268,1024,1550,ShamAY0034200,964,329,944,248,46
268,703,915,JK000433,273,184,663,120,27
268,992,1336,Shamela0009508,878,929,1173,174,60
268,711,902,Shamela0021588,191,660,906,104,48
268,992,1336,JK007109,285,1042,1286,174,60
268,703,915,Shamela0021744,4435,15,250,167,87
268,703,915,JK011690BK2,1768,158,442,156,68
268,730,942,ShamAY0033182,426,22,324,132,54
268,703,992,JK000299,3780,900,1556,205,38
269,1433,1596,ShamAY0034200,962,49,203,107,78
269,445,1263,ShamAY0034200,965,288,1293,238,21
269,30,1596,Shamela0009508,879,33,1627,500,28
269,1079,1263,Shamela0009508,880,35,266,62,28
269,944,1596,JK007109,286,26,363,236,44
269,445,842,Shamela0002573,601,416,1172,182,26
270,424,644,ShamAY0034200,967,901,1090,100,49
270,789,1059,ShamAY0034200,968,1263,1570,205,79
270,882,1059,Shamela0009508,883,9,221,130,71
270,126,484,JK007109,286,993,1626,224,40
270,1322,1550,JK007109,287,51,277,114,55
271,703,962,Zaydiyya0000407,302,349,625,157,56
271,4,181,ShamAY0034200,970,1277,1490,138,79
271,227,515,ShamAY0034200,971,1370,1675,205,80
271,703,962,ShamAY0034200,973,1000,1330,205,74
271,1136,1606,ShamAY0034200,975,1,388,270,67
271,4,181,Shamela0009508,884,1075,1288,138,79
271,227,533,Shamela0009508,885,270,593,220,81
271,703,962,Shamela0009508,887,514,852,204,73
271,1116,1424,Shamela0009508,887,1383,1623,158,60
271,485,1629,JK007109,287,403,802,284,30
272,1,271,ShamAY0034200,970,84,513,168,45
272,915,1105,ShamAY0034200,972,1274,1596,143,53
272,1292,1611,ShamAY0034200,973,33,259,153,58
272,683,1440,ShamAY0034200,976,137,585,257,40
272,205,1016,Shamela0009508,886,1114,1620,324,43
272,1016,1386,Shamela0009508,887,1,282,158,45
272,267,1399,Shamela0009508,888,971,1627,387,39
272,1,333,JK007109,287,802,1568,196,30
272,333,1611,JK007109,288,1,823,497,42
273,30,692,ShamAY0034200,972,1093,1455,193,35
273,204,913,ShamAY0034200,974,841,1536,400,58
273,21,547,ShamAY0034200,974,383,689,229,52
273,516,1614,ShamAY0034200,975,615,1279,434,43
273,1455,1669,ShamAY0034200,976,1237,1525,147,58
273,21,547,Shamela0009508,888,272,578,229,52
273,12,994,Shamela0009508,889,441,1434,517,54
273,994,1455,Shamela0009508,890,1187,1673,331,76
273,1410,1669,Shamela0009508,891,5,323,168,57
273,21,547,JK007109,288,934,1240,229,52
273,391,1669,JK007109,289,4,1326,809,64
274,179,338,JK000173,162,66,210,105,79
274,230,709,ShamAY0034200,978,518,1049,345,77
274,721,1225,ShamAY0034200,981,531,1578,407,47
274,1225,1509,ShamAY0034200,982,1,588,227,47
274,145,475,Shamela0009508,892,669,1018,254,91
274,475,709,Shamela0009508,893,696,953,152,67
274,721,1284,Shamela0009508,894,192,1276,433,47
274,1248,1509,Shamela0009508,895,861,1162,209,85
274,1350,1590,Shamela0009508,896,173,476,104,43
274,145,709,JK007109,290,416,1049,409,77
274,179,330,ShamAY0034199,1511,738,875,100,80
275,822,1189,ShamAY0035781,29,265,643,207,58
275,822,1189,ShamAY0036018,284,483,860,205,57
275,250,1013,ShamAY0034200,984,508,1455,535,66
275,833,1524,ShamAY0034200,985,6,684,355,49
275,738,1430,Shamela0009508,896,619,1134,339,56
275,250,1133,Shamela0009508,898,580,1495,504,56
275,536,1454,JK007109,291,717,1360,391,50
276,65,344,ShamAY0034200,985,803,1114,183,63
276,407,621,ShamAY0034200,986,940,1237,119,45
276,770,1115,ShamAY0034200,987,1180,1395,149,51
276,770,1594,ShamAY0034200,988,140,785,269,30
276,108,962,Shamela0009508,899,440,1511,423,40
276,65,1594,JK007109,292,233,1604,593,36
277,531,1564,ShamAY0034200,987,1,1103,574,53
277,342,1251,ShamAY0034200,988,873,1581,441,55
277,50,863,Shamela0009508,900,384,920,359,52
277,495,1631,Shamela0009508,901,21,1288,537,40
277,1008,1251,Shamela0009508,902,75,284,130,64
277,342,1251,JK007109,293,83,791,441,55
278,760,1132,Shamela0021605,1716,1304,1570,145,40
278,517,1441,ShamAY0034200,989,1067,1536,308,38
278,1,229,ShamAY0034200,989,210,483,180,81
278,193,978,ShamAY0034200,990,93,1269,406,36
278,614,918,ShamAY0034200,991,517,1290,135,19
278,961,1173,ShamAY0034200,992,8,269,162,75
278,948,1173,ShamAY0032376,1488,251,449,133,69
278,1,254,Shamela0009508,901,1288,1586,200,82
278,259,614,Shamela0009508,902,1013,1574,245,53
278,614,1570,Shamela0009508,903,415,927,208,23
278,760,1173,Shamela0009508,904,264,543,177,46
278,467,923,JK007109,293,1206,1567,240,61
279,938,1303,ShamAY0034200,991,32,403,281,91
279,1326,1508,ShamAY0034200,992,631,802,115,75
279,106,929,ShamAY0034200,993,16,649,339,46
279,767,983,Shamela0009508,904,1334,1549,108,44
279,983,1495,Shamela0009508,905,1,646,320,53
279,1,1508,JK007109,294,207,1247,619,43
280,785,1324,ShamAY0034200,993,1073,1361,234,53
280,707,1531,ShamAY0034200,994,73,805,426,52
280,847,1630,ShamAY0034200,995,16,862,320,32
280,48,380,Shamela0009508,906,40,351,228,80
280,707,1453,Shamela0009508,906,779,1373,375,53
280,491,1630,Shamela0009508,907,1,1131,425,32
280,707,1630,JK007109,295,47,904,498,54
281,58,826,JK000173,243,963,1417,252,39
281,18,404,ShamAY0034200,995,857,1393,248,50
281,404,1081,ShamAY0034200,996,937,1627,479,79
281,1081,1367,ShamAY0034200,997,1,298,195,74
281,18,361,Shamela0009508,907,1126,1618,212,46
281,751,955,Shamela0009508,908,1404,1634,137,67
281,361,751,Shamela0009508,908,1,388,295,87
281,955,1580,Shamela0009508,909,1,770,416,63
281,18,591,JK007109,295,899,1614,383,59
281,591,1580,JK007109,296,1,1164,683,68
281,135,706,ShamAY0034199,2254,1061,1521,183,36
282,1,1060,ShamAY0034200,998,446,1582,391,29
282,1060,1533,ShamAY0034200,999,540,1487,371,48
282,308,675,Shamela0009508,908,821,1397,265,55
282,1,1138,Shamela0009508,910,411,1397,355,26
282,1131,1388,Shamela0009508,911,1070,1327,201,97
282,1388,1539,Shamela0009508,912,277,443,116,83
282,89,1568,JK007109,297,147,1479,656,40
283,74,600,ShamAY0034200,1000,32,749,380,66
283,590,1372,ShamAY0034200,1001,380,1339,491,58
283,74,964,Shamela0009508,913,84,1077,596,68
283,999,1520,Shamela0009508,914,911,1692,345,51
283,104,1310,JK007109,298,21,1526,799,62
283,1411,1557,JK007109,299,243,409,117,85
284,1,715,ShamAY0034200,1002,845,1258,321,55
284,196,811,ShamAY0034200,1003,1,332,255,50
284,811,1552,ShamAY0034200,1004,236,757,302,44
284,1011,1524,ShamAY0034200,1005,264,1069,278,39
284,73,487,Shamela0009508,915,1187,1501,242,72
284,698,1552,Shamela0009508,916,1,669,387,48
284,1,1552,JK007109,299,409,1488,712,51
285,922,1227,Sham19Y0132415,984,55,295,148,53
285,107,558,ShamAY0034200,1005,1036,1474,336,89
285,484,704,ShamAY0034200,1006,731,1006,104,40
285,469,1281,ShamAY0034200,1007,346,1004,371,49
285,28,558,Shamela0009508,917,211,758,398,85
285,1122,1552,Shamela0009508,917,1008,1564,199,37
285,768,1281,Shamela0009508,918,814,1288,300,64
285,64,1281,JK007109,300,5,1473,692,48
286,745,1138,ShamAY0034200,1008,502,904,253,69
286,17,1009,ShamAY0034200,1009,126,673,339,39
286,237,630,Shamela0009508,918,28,514,239,61
286,745,1334,Shamela0009508,919,551,1320,312,42
286,651,1009,Shamela0009508,920,1,350,190,54
286,17,1009,JK007109,301,481,1028,339,39
286,1138,1334,ShamAY0034199,2106,346,860,134,33
287,91,638,Shia002759,50,1,682,219,29
287,761,1057,Zaydiyya0000379,150,1430,1639,157,65
287,1064,1649,ShamAY0034200,1014,29,876,241,31
287,512,1036,Shamela0009508,921,100,737,285,44
287,1036,1578,Shamela0009508,922,837,1050,169,37
287,1061,1649,Shamela0009508,923,368,1312,249,29
287,748,1121,JK007109,301,1303,1613,242,78
288,852,1123,Zaydiyya0000379,151,31,256,130,53
288,895,1524,ShamAY0034200,1011,1193,1464,197,38
288,903,1524,ShamAY0034200,1012,1,296,200,37
288,1142,1365,ShamAY0034200,1016,845,1072,153,72
288,1,543,Shamela0009508,922,1061,1311,172,39
288,680,980,Shamela0009508,923,1436,1593,104,40
288,1079,1524,Shamela0009508,924,5,190,125,33
288,1421,1605,Shamela0009508,925,603,889,124,53
288,1142,1365,Shamela0009508,926,317,544,153,72
288,1,1605,JK007109,302,143,1345,522,31
288,895,1123,ShamAY0034199,2120,146,246,77,42
289,363,1434,ShamAY0034200,1017,835,1609,338,32
289,943,1509,ShamAY0034200,1018,162,753,335,58
289,363,1197,Shamela0009508,926,1001,1492,237,30
289,1197,1391,Shamela0009508,927,1278,1532,128,61
289,943,1509,JK007109,303,169,760,335,58
290,854,1114,Sham19Y0098083,960,58,747,163,29
290,18,993,ShamAY0034200,1019,446,1145,482,57
290,121,797,Shamela0009508,929,328,823,335,56
290,815,1585,Shamela0009508,930,908,1251,221,34
290,1,1089,JK007109,303,786,1587,533,56
290,1255,1585,JK007109,304,17,155,108,40
291,814,1154,ShamAY0034204BK1,303,1168,1531,243,73
291,222,1183,ShamAY0034200,1022,369,1267,529,55
291,162,536,ShamAY0034200,1022,1,224,147,49
291,205,506,Shamela0009508,932,123,510,173,47
291,500,1068,Shamela0009508,933,666,1079,282,55
291,1068,1453,Shamela0009508,934,1348,1624,208,62
291,162,1453,JK007109,304,166,1374,688,52
291,922,1453,Shamela0002573,1346,697,1469,256,32
292,15,818,ShamAY0034200,1023,1176,1634,299,42
292,394,501,ShamAY0034200,1025,1,112,86,96
292,21,1057,ShamAY0034200,1026,629,1452,386,38
292,21,247,Shamela0009508,934,1192,1348,99,54
292,150,408,Shamela0009508,935,1,133,109,51
292,408,1339,Shamela0009508,936,151,623,356,48
292,15,488,JK007109,304,1355,1652,240,61
292,568,1400,JK007109,305,14,439,318,48
293,319,610,ShamAY0034055,1791,1230,1598,207,66
293,301,610,Zaydiyya0000407,14,616,995,187,58
293,671,1601,JK000170,39,128,644,276,34
293,66,1489,ShamAY0034200,1028,620,1612,481,36
293,66,662,ShamAY0034200,1029,1085,1385,129,24
293,261,610,ShamAY0034200,1030,716,1145,234,61
293,1034,1316,ShamAY0034200,1031,955,1307,116,37
293,623,1082,Shamela0009508,938,1214,1622,263,62
293,366,610,Shamela0009508,938,1,308,186,72
293,1034,1464,Shamela0009508,939,320,1203,194,25
293,66,1511,JK007109,305,502,1523,487,36
293,319,610,Shia002702Vols,1777,906,1270,207,66
293,242,546,Shamela0002573,1615,1160,1565,175,45
293,884,1464,Sham19Y0014601,2210,515,727,156,31
294,8,824,ShamAY0034200,1029,1,373,278,42
294,1,153,ShamAY0034200,1032,1235,1579,114,41
294,176,596,ShamAY0034200,1033,30,800,250,37
294,1029,1224,ShamAY0034200,1033,1353,1546,155,98
294,744,1005,ShamAY0034200,1034,1400,1611,158,75
294,936,1531,ShamAY0034200,1035,18,593,211,34
294,1,546,Shamela0009508,940,407,1535,352,37
294,569,1393,Shamela0009508,941,696,1252,317,40
294,744,1037,Shamela0009508,942,362,687,173,57
294,153,1531,JK007109,306,5,859,541,43
295,711,1151,JK000173,119,453,843,154,36
295,1,703,ShamAY0034200,1035,276,1036,308,37
295,324,474,ShamAY0034200,1036,1371,1519,105,81
295,703,849,ShamAY0034200,1037,15,301,112,48
295,659,1056,ShamAY0034200,1038,438,697,151,41
295,1070,1523,ShamAY0034200,1039,1221,1500,209,56
295,967,1557,ShamAY0034200,1040,21,729,373,60
295,1,339,Shamela0009508,942,848,1625,224,34
295,355,845,Shamela0009508,944,207,628,235,48
295,740,1128,Shamela0009508,945,760,1193,250,63
295,1128,1395,Shamela0009508,946,1263,1452,143,66
295,1416,1557,Shamela0009508,947,12,156,105,89
295,65,703,JK007109,306,859,1446,349,61
295,703,1557,JK007109,307,12,1072,523,55
295,324,474,ShamAY0036552,6,1020,1183,106,75
295,711,1236,Shamela0002573,1087,259,901,320,56
296,888,1561,JK000173,120,1003,1478,242,40
296,16,296,ShamAY0034200,1040,729,1111,209,66
296,57,853,ShamAY0034200,1041,460,1086,360,50
296,832,1260,ShamAY0034200,1042,1280,1557,181,49
296,1260,1393,ShamAY0034200,1043,1,128,98,89
296,999,1561,ShamAY0034200,1044,327,675,272,59
296,1363,1561,ShamAY0034200,1045,1044,1171,101,64
296,68,426,Shamela0009508,948,206,603,221,57
296,431,1182,Shamela0009508,949,756,1315,377,59
296,1182,1466,Shamela0009508,950,1337,1566,183,80
296,999,1286,Shamela0009508,951,272,786,157,38
296,16,457,JK007109,307,1072,1555,284,63
296,364,1561,JK007109,308,5,807,606,61
296,21,711,Shamela0002573,1088,1125,1531,223,37
296,959,1561,Shamela0002573,1089,760,1248,269,53
297,559,891,ShamAY0034204BK1,895,651,985,200,64
297,502,895,Sham19Y0013667,2485,836,1283,283,76
297,502,821,Shamela0008183,204,1185,1558,243,79
297,16,343,ShamAY0034200,1044,615,1059,175,46
297,1,333,ShamAY0034200,1045,681,1348,196,31
297,1229,1395,ShamAY0034200,1048,1367,1572,112,60
297,1229,1400,ShamAY0034200,1049,161,482,115,43
297,16,244,Shamela0009508,951,5,221,132,68
297,1229,1400,Shamela0009508,955,145,466,115,43
297,16,343,JK007109,308,747,1186,169,44
297,1229,1400,JK007109,309,378,699,115,43
298,41,415,ShamAY0034200,1049,586,838,189,63
298,26,1372,ShamAY0034200,1050,673,1465,462,37
298,1199,1372,ShamAY0034200,1051,1429,1561,102,71
298,713,1229,ShamAY0034200,1051,5,611,235,41
298,1372,1553,ShamAY0034200,1052,588,873,132,55
298,46,985,Shamela0009508,956,319,1202,465,50
298,1199,1383,Shamela0009508,957,1363,1506,111,73
298,997,1229,Shamela0009508,957,241,449,147,76
298,1377,1553,Shamela0009508,958,68,332,131,58
298,41,1383,JK007109,309,803,1537,547,50
298,997,1343,Shamela0002573,1114,482,1085,192,36
299,452,730,ShamAY0034200,1054,1166,1457,205,82
299,1112,1307,ShamAY0034200,1055,1,157,124,78
299,1011,1540,ShamAY0034200,1056,1,522,271,50
299,255,701,Shamela0009508,959,317,720,312,83
299,727,1451,Shamela0009508,960,874,1335,319,52
299,1394,1540,Shamela0009508,961,1277,1545,97,43
299,132,1540,JK007109,310,1,1052,776,64
300,1,454,ShamAY0034200,1058,540,1430,331,45
300,518,773,ShamAY0034200,1059,1154,1390,173,81
300,972,1370,ShamAY0034200,1063,139,558,259,71
300,16,254,Shamela0009508,963,537,1431,166,21
300,203,773,Shamela0009508,964,53,589,319,65
300,916,1355,Shamela0009508,967,226,786,283,58
300,203,1216,JK007109,311,91,907,287,29
301,961,1115,Shamela0021605,1580,947,1142,117,71
301,728,1329,ShamAY0034200,1062,7,369,210,38
301,1,235,ShamAY0034200,1064,983,1355,159,49
301,484,946,ShamAY0034200,1065,798,1436,265,47
301,961,1154,ShamAY0034200,1066,82,297,149,86
301,1,235,Shamela0009508,968,452,824,159,49
301,323,1154,Shamela0009508,969,135,1284,508,50
301,1115,1500,Shamela0009508,970,521,1054,262,58
301,323,1500,JK007109,312,574,1360,434,39
302,1,391,ShamAY0034200,1063,1157,1563,296,84
302,385,1253,ShamAY0034200,1064,1,700,495,65
302,1228,1684,ShamAY0034200,1065,294,605,233,62
302,734,942,ShamAY0034200,1068,1128,1339,170,98
302,159,515,ShamAY0034200,1068,176,406,174,57
302,1278,1684,ShamAY0034200,1071,430,633,156,47
302,1,391,Shamela0009508,970,1074,1480,296,84
302,398,1149,Shamela0009508,971,1056,1633,414,63
302,734,1360,Shamela0009508,972,1445,1607,132,25
302,1,216,JK007109,312,1380,1600,171,94
302,216,1684,JK007109,313,1,1204,842,65
303,314,591,ShamAY0034200,1068,406,618,142,59
303,850,1272,ShamAY0034200,1069,1238,1543,218,61
303,1,325,ShamAY0034200,1069,214,539,178,58
303,1202,1546,ShamAY0034200,1070,1,358,253,83
303,920,1546,ShamAY0034200,1072,1116,1486,269,51
303,1,325,Shamela0009508,973,1250,1575,178,58
303,832,1424,Shamela0009508,974,674,1239,347,61
303,505,1546,Shamela0009508,975,88,1399,404,30
303,1,591,JK007109,313,1204,1586,266,53
303,832,1546,JK007109,314,4,728,445,64
304,15,267,ShamAY0034200,1070,328,536,154,74
304,177,726,ShamAY0034200,1071,884,1293,286,64
304,194,714,ShamAY0034200,1072,474,876,195,42
304,142,936,ShamAY0034200,1073,1,464,209,26
304,943,1224,ShamAY0034200,1073,1294,1629,183,60
304,1365,1572,ShamAY0034200,1074,52,297,122,59
304,15,263,Shamela0009508,975,1369,1573,154,75
304,177,619,Shamela0009508,976,136,459,225,62
304,495,1497,Shamela0009508,977,253,1102,497,54
304,1304,1572,Shamela0009508,978,86,1055,143,18
304,15,766,JK007109,314,698,1516,432,54
304,772,1572,JK007109,315,1,847,442,56
305,138,390,ShamAY0034200,1075,232,478,183,83
305,390,892,ShamAY0034200,1076,1149,1483,190,44
305,639,990,ShamAY0034200,1077,1,341,175,51
305,731,1441,ShamAY0034200,1078,177,721,278,42
305,1,796,Shamela0009508,978,1055,1580,354,52
305,721,1580,Shamela0009508,980,1,950,505,56
305,1,892,JK007109,315,847,1469,408,53
305,628,1441,JK007109,316,1,696,396,55
306,1,213,ShamAY0034200,1076,706,916,167,97
306,225,580,ShamAY0034200,1077,341,709,238,73
306,542,1068,ShamAY0034200,1077,1222,1568,170,33
306,330,890,ShamAY0034200,1079,1037,1547,173,31
306,694,1562,ShamAY0034200,1080,89,838,305,38
306,1,580,Shamela0009508,980,950,1586,413,75
306,330,1091,Shamela0009508,981,774,1457,307,37
306,694,1389,Shamela0009508,982,1289,1604,148,26
306,1136,1562,Shamela0009508,983,285,784,314,77
306,330,1199,JK007109,316,827,1547,289,31
306,213,580,ShamAY0034199,2430,766,1347,158,32
307,446,1392,ShamAY0034200,1081,1,521,358,44
307,176,491,ShamAY0034200,1082,96,337,97,33
307,1213,1532,ShamAY0034200,1085,474,657,133,49
307,1235,1579,ShamAY0034200,1086,195,750,148,26
307,48,925,Shamela0009508,984,173,705,320,42
307,1013,1532,Shamela0009508,985,671,959,213,48
307,36,1532,JK007109,317,85,921,537,42
308,1,1055,ShamAY0034200,1082,764,1456,330,30
308,1034,1615,ShamAY0034200,1084,59,541,322,62
308,159,855,ShamAY0034200,1087,280,1494,290,24
308,363,1098,Shamela0009508,986,1170,1624,234,34
308,1098,1302,Shamela0009508,987,1,154,113,66
308,1302,1615,Shamela0009508,988,27,284,170,59
308,605,764,Shamela0009508,989,1390,1580,110,70
308,159,529,Shamela0009508,989,60,455,106,22
308,1,1071,JK007109,317,917,1651,339,30
308,1055,1615,JK007109,318,1,454,317,64
309,8,771,ShamAY0034200,1084,541,1017,384,61
309,771,1555,ShamAY0034200,1085,898,1369,374,59
309,255,460,ShamAY0034200,1090,1267,1562,125,50
309,923,1418,ShamAY0034200,1091,816,1019,158,38
309,934,1537,ShamAY0034200,1092,217,613,264,55
309,8,559,Shamela0009508,988,284,561,226,49
309,559,1409,Shamela0009508,989,514,1051,429,62
309,1409,1555,Shamela0009508,990,1029,1162,103,89
309,934,1502,Shamela0009508,994,422,1261,308,43
309,8,1607,JK007109,318,454,1529,784,57
309,489,846,Shamela0002573,1176,1180,1519,269,94
309,1213,1502,Shamela0002573,1287,26,260,151,60
310,24,290,ShamAY0034200,1087,1,182,131,61
310,285,426,ShamAY0034200,1088,421,567,105,84
310,205,426,ShamAY0034200,1093,1114,1333,158,85
310,293,1304,ShamAY0034200,1094,5,1001,607,64
310,1056,1527,ShamAY0034200,1095,209,651,188,36
310,10,280,Shamela0009508,991,1477,1662,138,62
310,355,1304,Shamela0009508,996,166,1050,561,65
310,205,426,JK007109,319,5,224,158,85
310,956,1527,JK007109,319,340,882,259,42
311,268,707,JK000173,270,271,937,180,31
311,105,722,ShamAY0034200,1096,681,1179,322,62
311,382,520,ShamAY0034200,1097,1,189,82,53
311,486,848,ShamAY0034200,1097,610,1238,185,33
311,372,722,ShamAY0034200,1098,1,268,164,57
311,1019,1544,ShamAY0034200,1098,955,1388,301,65
311,24,722,Shamela0009508,997,497,877,279,48
311,105,520,Shamela0009508,998,456,999,234,51
311,486,1294,Shamela0009508,999,390,1515,346,32
311,1294,1512,Shamela0009508,1000,1,183,144,80
311,30,722,JK007109,319,866,1239,279,49
311,440,722,Shamela0002573,1287,796,1348,139,27
312,1004,1529,JK000173,272,201,575,136,26
312,36,1197,ShamAY0034200,1098,345,961,391,38
312,413,970,ShamAY0034200,1099,978,1481,300,59
312,96,408,ShamAY0034200,1099,56,315,165,64
312,823,1321,ShamAY0034200,1100,247,431,144,35
312,36,832,Shamela0009508,998,1250,1516,208,32
312,892,1523,Shamela0009508,1000,175,804,330,50
312,590,1321,Shamela0009508,1001,235,707,291,43
312,471,1538,JK007109,320,1,819,483,47
312,892,1321,Sham20Y0014596,150,959,1389,240,58
312,600,767,ShamAY0034199,2487,1203,1513,107,40
312,1116,1529,ShamAY0034199,2491,662,975,98,23
313,376,1078,ShamAY0034200,1101,1338,1497,124,21
313,79,233,ShamAY0034200,1101,20,174,124,97
313,228,466,ShamAY0034200,1102,388,620,154,74
313,640,1486,ShamAY0034200,1103,1,681,383,46
313,950,1397,ShamAY0034200,1103,1181,1650,255,55
313,1397,1621,ShamAY0034200,1104,1,611,170,33
313,79,233,Shamela0009508,1001,1102,1256,124,97
313,228,581,Shamela0009508,1003,115,457,189,55
313,592,935,Shamela0009508,1003,1103,1530,238,63
313,453,1621,Shamela0009508,1004,378,1231,526,48
313,79,397,JK007109,320,923,1596,166,30
313,228,1457,JK007109,321,24,1084,571,45
314,108,436,ShamAY0034200,1103,698,893,147,52
314,67,517,ShamAY0034200,1104,1091,1559,319,78
314,517,1404,ShamAY0034200,1105,1,621,414,54
314,1,765,Shamela0009508,1004,1297,1605,206,31
314,23,458,Shamela0009508,1005,1084,1570,336,84
314,496,869,Shamela0009508,1006,1,262,187,60
314,842,1544,Shamela0009508,1007,134,675,297,48
314,23,429,JK007109,321,1131,1571,313,87
314,429,1544,JK007109,322,1,827,498,52
315,1,684,ShamAY0034200,1106,378,1543,503,52
315,104,1047,ShamAY0034200,1107,659,1339,260,26
315,974,1515,ShamAY0034200,1108,488,1256,332,49
315,984,1298,Shamela0009508,1006,1027,1418,183,53
315,623,778,Shamela0009508,1006,270,422,121,96
315,1,362,Shamela0009508,1007,688,1046,235,74
315,335,1047,Shamela0009508,1008,916,1513,297,40
315,1,867,JK007109,322,840,1525,427,53
315,867,1542,JK007109,323,102,401,219,39
316,1,765,ShamAY0034200,1108,4,478,347,57
316,570,831,ShamAY0034200,1110,1389,1609,159,73
316,349,1148,Shamela0009508,1008,143,907,421,52
316,24,155,Shamela0009508,1009,1521,1644,97,93
316,155,1040,Shamela0009508,1010,1,454,326,46
316,931,1609,Shamela0009508,1011,660,1158,309,51
316,1,1040,JK007109,323,401,1000,439,53
316,931,1609,JK007109,324,7,505,309,51
317,103,398,Shamela0021605,823,18,706,209,36
317,325,1057,ShamAY0034200,1110,1012,1358,260,43
317,10,1333,ShamAY0034200,1111,730,1605,561,48
317,510,703,ShamAY0034200,1112,748,1184,120,32
317,83,403,ShamAY0032376,733,1040,1264,115,40
317,10,575,Shamela0009508,1009,745,1305,328,62
317,439,1565,Shamela0009508,1012,921,1489,399,42
317,92,398,Shamela0021588,1356,963,1248,220,84
317,69,1565,JK007109,324,514,1167,459,37
317,72,403,Shamela0002573,870,652,979,109,31
318,1,441,ShamAY0034200,1112,333,743,309,84
318,12,466,ShamAY0034200,1113,267,556,229,62
318,457,1035,ShamAY0034200,1114,758,1073,237,49
318,692,1530,ShamAY0034200,1116,199,849,446,60
318,1363,1612,ShamAY0034200,1118,29,206,117,59
318,1,148,Shamela0009508,1012,1507,1661,113,90
318,148,363,Shamela0009508,1013,1446,1615,134,77
318,438,1612,Shamela0009508,1015,354,1485,436,35
318,980,1530,Shamela0009508,1016,997,1420,280,57
318,1,454,JK007109,324,1185,1608,320,84
318,200,1530,JK007109,325,20,1309,657,50
318,367,749,ShamAY0034199,2348,349,619,97,26
319,1,671,ShamAY0034200,1117,773,1178,224,37
319,411,1481,ShamAY0034200,1119,95,985,354,30
319,1116,1615,ShamAY0034200,1120,1088,1349,138,33
319,251,609,ShamAY0034200,1120,444,1044,237,46
319,762,1367,ShamAY0034200,1121,58,870,309,41
319,634,1116,Shamela0009508,1018,969,1371,231,52
319,64,1147,Shamela0009508,1018,4,584,378,42
319,1129,1615,Shamela0009508,1019,11,920,302,37
319,1,484,JK007109,325,1350,1604,172,43
319,570,1615,JK007109,326,1,794,463,49
320,1006,1242,ShamAY0033177,660,1272,1525,177,84
320,1242,1531,ShamAY0033177,661,1,313,214,83
320,480,655,ShamAY0034200,1122,7,210,135,79
320,480,1091,ShamAY0034200,1123,377,1159,310,39
320,399,1364,ShamAY0034200,1124,1,1478,428,32
320,1364,1531,ShamAY0034200,1125,1,167,124,90
320,480,680,Shamela0009508,1020,1217,1445,155,81
320,221,898,Shamela0009508,1021,599,1333,303,41
320,1027,1531,Shamela0009508,1022,189,784,293,56
320,22,1140,JK007109,326,780,1564,476,47
320,1140,1531,JK007109,327,1,462,284,73
320,480,907,ShamAY0037542,11,1154,1371,132,36
321,643,1290,Shamela0023798,302,937,1415,201,29
321,1,485,ShamAY0034200,1125,167,575,246,55
321,681,1684,ShamAY0034200,1128,4,657,383,41
321,918,1386,ShamAY0034200,1129,565,864,191,47
321,1386,1684,ShamAY0034200,1130,1335,1527,146,58
321,646,912,ShamAY0034200,1135,1297,1584,167,67
321,129,967,Shamela0009508,1023,1030,1551,280,36
321,973,1684,Shamela0009508,1025,103,588,314,50
321,1,1684,JK007109,327,462,1620,697,45
322,976,1194,Shamela0009918,221,760,996,130,54
322,311,445,ShamAY0034200,1136,963,1184,102,55
322,888,1239,ShamAY0034200,1139,1061,1544,271,68
322,54,304,Shamela0009508,1030,474,716,155,65
322,445,785,Shamela0009508,1034,239,489,205,71
322,794,1678,Shamela0009508,1035,84,1010,557,64
322,54,791,JK007109,329,116,1509,470,37
323,1,371,ShamAY0034200,1138,319,705,276,83
323,371,882,ShamAY0034200,1139,495,1061,370,73
323,911,1559,ShamAY0034200,1140,866,1340,247,41
323,149,598,Shamela0009508,1036,1099,1587,326,79
323,713,1351,Shamela0009508,1038,216,749,294,48
323,1351,1633,Shamela0009508,1039,775,950,139,60
323,1,1575,JK007109,330,237,1679,906,61
324,1,398,ShamAY0034200,1142,433,1172,242,36
324,623,1051,ShamAY0034200,1144,1175,1557,226,63
324,1032,1551,ShamAY0034200,1146,475,1246,348,54
324,71,398,Shamela0009508,1038,757,1356,213,44
324,673,1019,Shamela0009508,1041,514,815,161,55
324,1032,1551,Shamela0009508,1042,435,1092,284,45
324,890,1324,JK007109,331,1310,1546,142,42
324,1,123,Shamela0002573,1057,42,241,100,61
324,1032,1317,ShamAY0034199,2531,512,1007,176,44
325,784,1156,ShamAY0034200,1148,205,475,186,57
325,625,1092,ShamAY0034200,1149,168,588,193,39
325,1124,1643,ShamAY0034200,1149,1114,1651,383,82
325,210,383,Shamela0009508,1043,1268,1535,139,64
325,784,1124,Shamela0009508,1044,99,331,175,59
325,721,1651,Shamela0009508,1045,1,937,496,50
325,8,1651,JK007109,332,239,1521,832,55
326,1,1592,ShamAY0034200,1150,9,1344,645,38
326,772,1490,ShamAY0034200,1151,544,1271,380,53
326,732,1317,ShamAY0034200,1151,1,371,153,29
326,25,1041,Shamela0009508,1045,872,1614,323,32
326,18,1367,Shamela0009508,1046,858,1577,445,38
326,85,1600,JK007109,333,1,964,524,38
327,23,789,ShamAY0034200,1152,518,1201,432,61
327,660,1601,ShamAY0034200,1153,546,1467,509,56
327,1153,1555,ShamAY0034200,1154,106,363,100,24
327,1153,1555,Shamela0009508,1047,707,964,100,24
327,1,565,Shamela0009508,1048,170,571,281,59
327,582,1334,Shamela0009508,1049,453,1251,493,65
327,1334,1601,Shamela0009508,1050,1099,1336,144,60
327,1,729,JK007109,333,964,1604,389,58
327,729,1601,JK007109,334,12,880,523,61
328,571,1545,ShamAY0034200,1154,950,1577,433,52
328,346,1560,ShamAY0034200,1155,1,1165,773,71
328,685,1327,Shamela0009508,1052,1,623,442,79
328,1319,1560,Shamela0009508,1053,536,813,176,75
328,192,956,JK007109,334,884,1589,430,59
328,956,1560,JK007109,335,1,651,437,78
329,167,882,ShamAY0034200,1156,285,877,188,24
329,37,577,ShamAY0034200,1157,25,496,147,25
329,980,1582,ShamAY0034200,1157,729,1142,243,42
329,834,1192,ShamAY0034200,1158,96,679,193,38
329,1171,1582,ShamAY0034200,1158,1392,1646,191,55
329,1094,1582,Shamela0009508,1051,216,1229,218,25
329,195,1011,Shamela0009508,1053,828,1478,265,30
329,1214,1582,Shamela0009508,1054,1179,1462,216,70
329,195,1431,JK007109,335,666,1510,416,33
330,1294,1516,Shamela0021605,965,68,401,136,50
330,127,501,ShamAY0034200,1159,12,388,229,65
330,376,684,ShamAY0034200,1160,335,1481,230,24
330,828,1094,ShamAY0034200,1161,519,876,175,62
330,1243,1559,ShamAY0034200,1162,874,1258,226,71
330,560,828,Shamela0009508,1054,34,444,159,45
330,170,1559,Shamela0009508,1055,1,1006,598,48
330,913,1559,Shamela0009508,1056,238,573,211,39
330,1243,1516,Shamela0012227BK2,860,727,1221,171,41
330,1,1559,JK007109,336,133,1143,611,45
331,765,1300,JK000173,284,741,1440,202,32
331,752,906,ShamAY0034200,1161,1257,1394,107,87
331,899,1068,ShamAY0034200,1162,1439,1590,119,88
331,36,644,ShamAY0034200,1162,1,487,308,55
331,644,1604,ShamAY0034200,1163,91,1255,542,47
331,1051,1213,Shamela0009508,1055,1204,1342,100,71
331,1,728,Shamela0009508,1056,573,1197,398,60
331,728,1428,Shamela0009508,1057,809,1398,412,66
331,1436,1599,Shamela0009508,1058,1494,1655,128,95
331,1,519,JK007109,336,1143,1548,243,50
331,527,1604,JK007109,337,9,1090,697,68
332,1317,1606,ShamAY0034200,1166,259,681,160,42
332,160,606,Shamela0009508,1057,6,445,142,30
332,1317,1606,Shamela0009508,1058,194,616,160,42
332,728,1066,ShamAY0034199,2600,1324,1533,108,38
333,1,595,ShamAY0034200,1166,681,1431,353,52
333,1170,1612,ShamAY0034200,1167,26,254,176,49
333,1449,1612,ShamAY0034200,1168,883,1033,120,92
333,1297,1438,ShamAY0034200,1169,72,208,105,92
333,1,595,Shamela0009508,1058,616,1366,353,52
333,71,1036,Shamela0009508,1059,598,1172,315,36
333,1148,1484,Shamela0009508,1060,245,718,153,30
333,1297,1612,Shamela0009508,1061,165,901,200,32
333,71,1612,JK007109,338,116,1375,558,36
334,1410,1521,Shamela0021605,978,255,376,89,90
334,472,684,ShamAY0034200,1169,1374,1586,120,63
334,24,511,ShamAY0034200,1169,263,1036,237,34
334,147,772,ShamAY0034200,1170,108,573,256,47
334,894,1034,ShamAY0034200,1171,1055,1550,98,24
334,625,894,ShamAY0034200,1171,102,442,159,54
334,1103,1548,ShamAY0034200,1172,40,575,272,60
334,1,1157,Shamela0009508,1061,901,1536,420,44
334,625,1034,Shamela0009508,1063,890,1436,239,52
334,1153,1535,Shamela0009508,1064,15,465,240,65
334,1,422,JK007109,338,1375,1583,150,45
334,422,1382,JK007109,339,1,520,336,41
335,462,1459,ShamAY0034200,1171,612,1049,287,34
335,22,522,ShamAY0034200,1172,578,1339,310,47
335,563,1459,ShamAY0034200,1173,282,1482,565,53
335,621,788,Shamela0009508,1062,1459,1597,111,81
335,156,621,Shamela0009508,1062,86,249,127,33
335,788,1433,Shamela0009508,1063,1,315,200,35
335,22,428,Shamela0009508,1064,1021,1544,251,55
335,200,1433,Shamela0009508,1065,11,989,502,40
335,1443,1609,Shamela0009508,1066,523,726,116,66
335,156,1609,JK007109,339,541,1255,492,39
336,148,837,Sham19Y0098083,379,59,942,234,26
336,162,701,ShamAY0034200,1173,7,282,207,47
336,1,701,ShamAY0034200,1174,1086,1596,393,68
336,1221,1533,ShamAY0034200,1175,1109,1341,183,72
336,997,1533,ShamAY0034200,1176,1,390,305,69
336,1,621,Shamela0009508,1064,548,1005,344,68
336,639,1533,Shamela0009508,1065,1005,1618,490,66
336,1,484,JK007109,339,1255,1581,252,63
336,484,1533,JK007109,340,1,737,572,66
337,374,1227,Shamela0021605,983,144,1458,389,33
337,43,690,ShamAY0034200,1180,847,1559,260,35
337,690,1350,ShamAY0034200,1181,1,1072,470,53
337,734,1227,ShamAY0032376,866,926,1393,250,55
337,43,955,Shamela0009508,1070,592,1568,452,48
337,1032,1550,Shamela0009508,1071,884,1517,252,41
338,31,746,ShamAY0034200,1178,1097,1582,269,40
338,746,1171,ShamAY0034200,1179,1,553,322,72
338,1171,1507,ShamAY0034200,1180,154,435,206,72
338,442,623,ShamAY0034200,1184,402,589,114,73
338,154,758,Shamela0009508,1069,1246,1621,243,47
338,833,1292,Shamela0009508,1071,234,853,347,69
338,1292,1507,Shamela0009508,1072,811,954,111,64
338,442,623,Shamela0009508,1074,546,733,114,73
338,8,1482,JK007109,341,217,1549,795,56
339,48,313,ShamAY0034200,1180,442,771,153,53
339,407,698,ShamAY0034200,1181,1255,1585,230,86
339,698,1143,ShamAY0034200,1182,1,543,268,50
339,124,693,ShamAY0034200,1185,301,866,183,25
339,48,579,Shamela0009508,1072,961,1507,274,53
339,542,725,Shamela0009508,1073,1384,1603,145,82
339,728,1143,Shamela0009508,1074,1,493,244,49
339,124,398,Shamela0009508,1075,110,426,147,45
339,1143,1505,Shamela0009508,1075,483,712,169,57
339,48,1505,JK007109,342,33,1503,827,56
340,1275,1495,Shamela0021605,989,1053,1558,103,25
340,22,205,ShamAY0034200,1184,1030,1191,113,74
340,176,640,ShamAY0034200,1186,508,930,224,50
340,369,608,ShamAY0034200,1187,1289,1460,120,63
340,733,1458,ShamAY0034200,1188,34,429,272,45
340,1206,1546,ShamAY0034200,1189,465,1026,185,36
340,1275,1488,ShamAY0032376,873,479,1161,113,21
340,22,488,Shamela0009508,1075,712,1285,277,54
340,478,1074,Shamela0009508,1076,1118,1599,222,37
340,1255,1458,Shamela0009508,1077,1,168,129,77
340,589,1057,Shamela0009508,1079,1,620,257,43
340,81,1458,JK007109,343,1,1229,578,41
341,585,1408,ShamAY0034200,1191,10,767,458,61
341,10,263,Shamela0009508,1078,143,507,168,54
341,403,1002,Shamela0009508,1079,665,1275,406,74
341,1002,1453,Shamela0009508,1080,1156,1562,255,62
341,10,1305,JK007109,344,53,1516,798,59
342,98,608,ShamAY0034200,1192,491,1042,385,83
342,1171,1436,ShamAY0034200,1192,1037,1375,152,48
342,829,1510,ShamAY0034200,1193,992,1395,298,53
342,720,1524,ShamAY0034200,1194,1,586,385,55
342,120,298,Shamela0009508,1081,39,227,131,81
342,298,1436,Shamela0009508,1082,104,1195,626,56
342,952,1524,Shamela0009508,1083,729,1110,266,56
342,98,1524,JK007109,345,74,1343,855,68
343,1,406,ShamAY0034200,1194,586,950,170,42
343,280,1231,ShamAY0034200,1195,576,1378,531,62
343,1,411,ShamAY0034200,1195,112,377,201,59
343,835,1571,ShamAY0034200,1196,356,1494,384,39
343,1,380,Shamela0009508,1083,1110,1353,185,59
343,427,1262,Shamela0009508,1085,18,1018,494,52
343,1138,1571,Shamela0009508,1086,458,945,281,68
343,1,236,JK007109,345,1343,1529,139,71
343,328,1571,JK007109,346,6,1190,736,64
343,906,1112,ShamAY0034199,2679,353,619,102,42
344,1,461,ShamAY0034200,1196,860,1096,190,50
344,260,660,ShamAY0034200,1197,1,392,306,93
344,461,1446,ShamAY0034200,1198,21,857,462,46
344,774,1593,ShamAY0034200,1199,66,1291,386,30
344,1,422,Shamela0009508,1086,945,1194,199,58
344,20,264,Shamela0009508,1086,145,340,138,64
344,422,1181,Shamela0009508,1087,1061,1608,409,65
344,1,553,JK007109,346,1190,1577,304,67
344,553,1593,JK007109,347,1,852,549,57
345,7,289,ShamAY0034200,1199,1313,1609,227,92
345,472,698,ShamAY0034200,1200,1279,1488,138,69
345,386,1075,ShamAY0034200,1201,177,1022,402,51
345,917,1473,ShamAY0034200,1203,978,1157,135,29
345,698,896,Shamela0009508,1088,1327,1563,108,45
345,7,334,Shamela0009508,1089,278,670,264,81
345,1164,1567,Shamela0009508,1089,957,1652,213,34
345,334,995,Shamela0009508,1090,474,1216,374,54
345,995,1503,Shamela0009508,1091,1088,1592,172,31
345,7,559,JK007109,347,874,1631,414,65
345,559,1503,JK007109,348,1,850,406,44
346,44,245,Shamela0021605,1881,211,420,152,86
346,245,1113,ShamAY0034200,1202,457,881,331,47
346,1200,1419,ShamAY0034200,1203,1153,1312,106,55
346,1,245,ShamAY0034200,1203,671,905,176,84
346,541,1419,ShamAY0034200,1204,1,1077,607,63
346,1,245,Shamela0009508,1090,42,276,176,84
346,245,1011,Shamela0009508,1093,220,1022,573,84
346,1011,1534,Shamela0009508,1094,601,1529,324,39
346,362,1488,JK007109,349,1,1575,780,57
347,474,1279,ShamAY0034200,1203,1312,1556,196,29
347,8,677,ShamAY0034200,1205,825,1506,506,89
347,700,1273,ShamAY0034200,1206,807,1645,411,58
347,1313,1486,ShamAY0034200,1207,7,741,134,22
347,8,246,Shamela0009508,1095,1360,1583,181,93
347,246,847,Shamela0009508,1096,1,749,431,71
347,854,1614,Shamela0009508,1097,449,1302,481,60
347,8,1084,JK007109,350,195,1566,792,69
347,1084,1614,JK007109,351,1,484,304,62
348,228,770,ShamAY0034200,1206,573,807,185,42
348,35,770,ShamAY0034200,1207,1091,1530,285,46
348,482,847,ShamAY0034200,1208,1144,1585,187,44
348,1009,1588,ShamAY0034200,1209,743,1070,252,53
348,482,847,Shamela0009508,1093,1176,1617,187,44
348,883,1072,Shamela0009508,1094,141,398,105,46
348,351,1092,Shamela0009508,1098,1072,1570,233,35
348,1092,1588,Shamela0009508,1099,1,259,198,47
348,1,1588,JK007109,351,484,1386,538,38
349,404,1016,Shamela0007038,1066,40,1002,372,46
349,90,378,ShamAY0034200,1211,31,416,195,62
349,378,1016,ShamAY0034200,1212,546,1446,429,59
349,604,967,ShamAY0034200,1213,239,385,84,29
349,917,1465,ShamAY0034200,1213,782,1477,345,54
349,1,397,Shamela0009508,1099,267,851,290,60
349,397,1316,Shamela0009508,1100,136,1437,646,59
349,1316,1480,Shamela0009508,1101,769,911,113,86
349,90,1161,JK007109,352,1,1382,770,68
349,1165,1480,JK007109,353,131,384,201,79
350,1366,1569,Shamela0021605,1907,1275,1489,155,88
350,53,578,ShamAY0034200,1213,508,741,178,42
350,96,854,ShamAY0034200,1215,13,623,407,64
350,1059,1569,ShamAY0034200,1216,458,954,331,70
350,1366,1543,ShamAY0034200,1217,91,305,145,82
350,1366,1543,ShamAY0032376,1669,1021,1211,135,86
350,46,696,Shamela0009508,1101,904,1523,353,60
350,1215,1386,Shamela0009508,1102,1391,1563,135,92
350,696,1215,Shamela0009508,1102,1,340,237,52
350,46,1419,JK007109,353,377,1533,734,60
350,1366,1547,ShamAY0034199,2725,1373,1577,145,87
351,1,191,ShamAY0034200,1216,954,1134,135,84
351,382,896,ShamAY0034200,1217,863,1583,337,52
351,1167,1565,ShamAY0034200,1218,945,1501,283,62
351,1,628,Shamela0009508,1103,156,763,342,53
351,535,1368,Shamela0009508,1104,327,1233,395,49
351,1293,1565,Shamela0009508,1105,934,1218,194,83
351,1,1322,JK007109,354,143,1595,689,49
351,1225,1565,JK007109,355,4,371,233,77
352,447,1576,ShamAY0034200,1217,280,771,374,41
352,90,495,ShamAY0034200,1219,1,416,267,70
352,495,1576,ShamAY0034200,1220,292,735,338,39
352,556,1321,ShamAY0034200,1221,115,1152,371,38
352,1386,1544,ShamAY0034200,1222,60,266,101,55
352,556,1029,Shamela0009508,1105,146,829,283,48
352,460,1544,Shamela0009508,1106,1,902,363,31
352,16,1576,JK007109,355,334,1269,659,50
352,1066,1423,Sham19Y0016526,940,782,1439,135,24
353,493,1483,ShamAY0034200,1223,566,1382,593,70
353,1197,1602,ShamAY0034200,1224,948,1565,171,26
353,21,1300,Shamela0009508,1107,95,1112,697,62
353,1306,1602,Shamela0009508,1108,555,877,221,82
353,21,378,JK007109,355,1288,1536,168,54
353,378,1602,JK007109,356,1,1061,744,70
354,882,1045,Shamela0021605,1008,283,467,121,80
354,67,501,ShamAY0034200,1224,1158,1371,141,38
354,23,800,ShamAY0034200,1225,1,655,440,63
354,370,1062,ShamAY0034200,1226,660,1401,331,45
354,1232,1624,ShamAY0034200,1228,7,617,223,45
354,882,1045,ShamAY0032376,893,504,810,106,40
354,1,401,Shamela0009508,1108,890,1332,298,81
354,458,1198,Shamela0009508,1109,1015,1609,309,41
354,236,1513,Shamela0009508,1110,80,1700,512,31
354,1,547,JK007109,356,1074,1609,367,75
354,558,1522,JK007109,357,1,661,369,39
355,1,381,ShamAY0034200,1228,617,1263,262,47
355,1271,1611,ShamAY0034200,1228,1263,1535,176,54
355,894,1600,ShamAY0034200,1229,47,696,408,62
355,58,578,Shamela0009508,1111,245,384,111,26
355,927,1448,Shamela0009508,1112,453,935,314,67
355,322,812,Shamela0009508,1113,1,481,314,70
355,58,1289,JK007109,357,896,1545,375,33
355,1351,1611,JK007109,358,7,223,162,71
356,153,482,ShamAY0034200,1231,1,348,235,77
356,666,1509,ShamAY0034200,1232,186,625,296,41
356,1,305,Shamela0009508,1113,1127,1307,133,54
356,54,482,Shamela0009508,1114,383,869,254,61
356,1135,1509,Shamela0009508,1115,12,395,265,79
356,488,1509,JK007109,358,392,1248,519,55
356,1,305,JK007109,358,223,403,133,54
357,26,564,ShamAY0034200,1232,625,1047,317,69
357,239,1518,ShamAY0034200,1233,11,1302,625,47
357,1043,1551,ShamAY0034200,1234,705,1354,191,25
357,442,1037,Shamela0009508,1116,8,1175,423,43
357,1139,1403,Shamela0009508,1117,1393,1628,181,85
357,26,437,JK007109,358,1248,1596,262,74
357,499,1551,JK007109,359,6,783,551,62
358,358,1115,JK000173,305,44,734,269,35
358,44,851,ShamAY0034200,1235,6,843,487,58
358,851,1606,ShamAY0034200,1236,685,1278,322,43
358,894,1141,ShamAY0032376,904,1151,1640,134,30
358,263,1271,Shamela0009508,1119,307,1337,629,63
358,29,829,JK007109,359,783,1609,473,57
358,829,1606,JK007109,360,1,616,340,44
358,621,880,Shamela0002573,1215,71,456,195,61
359,713,1428,ShamAY0034200,1237,835,1154,222,38
359,14,436,ShamAY0034200,1238,790,1350,191,41
359,713,1489,ShamAY0034200,1239,868,1284,290,45
359,938,1548,ShamAY0034200,1240,883,1247,112,20
359,14,609,Shamela0009508,1120,529,1493,307,33
359,713,1495,Shamela0009508,1122,314,1239,305,31
359,1077,1548,Shamela0009508,1123,485,718,183,48
359,77,609,JK007109,360,605,1054,274,54
359,713,1548,JK007109,361,104,555,318,46
360,150,452,ShamAY0034206,6543,156,526,219,71
360,320,601,ShamAY0034206,6543,1160,1377,135,53
360,606,785,ShamAY0034206,6544,10,215,126,76
360,63,601,Shamela0021605,1021,1052,1548,251,49
360,850,1421,ShamAY0034200,1240,1034,1212,132,29
360,278,474,ShamAY0034200,1241,5,214,148,88
360,474,1463,ShamAY0034200,1242,135,945,541,61
360,1090,1408,ShamAY0034200,1243,82,285,125,47
360,1066,1561,ShamAY0034200,1244,640,931,183,43
360,35,496,Shamela0009508,1123,758,1262,329,79
360,496,923,Shamela0009508,1124,1118,1565,284,72
360,1246,1561,Shamela0009508,1125,871,1128,156,54
360,930,1463,Shamela0009508,1125,9,338,236,51
360,35,906,JK007109,361,595,1529,597,75
360,906,1463,JK007109,362,1,359,255,53
360,161,790,Sham19Y0016526,964,1,857,330,40
360,150,712,ShamAY0034199,2780,323,1033,399,67
361,655,963,ShamAY0034200,1243,1291,1455,92,35
361,120,275,ShamAY0034200,1244,931,1110,109,71
361,1113,1260,ShamAY0034200,1244,1412,1563,79,61
361,855,1104,ShamAY0034200,1245,1302,1555,147,71
361,333,833,Shia000953Vols,81,1,436,312,73
361,120,275,Shamela0009508,1125,1128,1307,109,71
361,855,1104,Shamela0009508,1126,921,1174,147,71
361,655,986,JK007109,362,559,749,111,39
362,210,494,Shamela0021605,1023,962,1212,171,72
362,1286,1549,Shamela0021605,1024,1181,1426,136,52
362,1,687,ShamAY0034200,1244,172,621,280,45
362,114,1388,ShamAY0034200,1245,73,1118,551,45
362,120,454,ShamAY0034200,1246,32,381,211,73
362,1350,1549,ShamAY0034200,1247,942,1158,153,84
362,120,454,Shamela0009508,1126,1205,1554,211,73
362,1,236,Shamela0009508,1126,533,768,164,76
362,454,1069,Shamela0009508,1127,728,1423,348,55
362,1350,1549,Shamela0009508,1128,131,347,153,84
362,1,911,JK007109,362,779,1559,406,46
362,917,1388,JK007109,363,6,436,286,73
363,245,516,ShamAY0034200,1245,1118,1273,124,56
363,245,952,ShamAY0034200,1246,965,1479,258,38
363,1,205,ShamAY0034200,1247,1158,1363,158,97
363,961,1383,ShamAY0034200,1248,295,601,215,61
363,1,606,Shamela0009508,1128,347,950,276,44
363,245,1088,Shamela0009508,1129,95,923,287,30
363,725,1458,Shamela0009508,1130,493,1171,380,55
363,245,1458,JK007109,363,436,1482,561,47
364,1368,1592,Shamela0021644,1510,587,711,97,54
364,1368,1592,Shamela0021496,652,1167,1291,98,54
364,1,295,ShamAY0034200,1249,1163,1508,204,67
364,343,1442,ShamAY0034200,1251,52,1560,698,54
364,1303,1592,ShamAY0034200,1252,767,965,143,58
364,1368,1592,Shamela0011446,1710,1292,1416,98,54
364,11,362,Shamela0009508,1131,1173,1580,253,71
364,362,760,Shamela0009508,1132,1,611,270,54
364,736,1097,Shamela0009508,1133,341,763,227,63
364,1097,1592,Shamela0009508,1134,855,1226,245,57
364,11,1081,JK007109,364,1,1554,724,55
364,1081,1592,JK007109,365,1,388,258,58
365,1,532,ShamAY0034200,1252,1032,1388,243,57
365,26,1452,ShamAY0034200,1254,92,1464,546,35
365,1128,1532,ShamAY0034200,1255,854,1317,200,41
365,1,236,Shamela0009508,1134,1226,1383,114,59
365,502,1409,Shamela0009508,1136,1,952,493,52
365,1,1269,JK007109,365,388,1543,641,52
365,1269,1532,JK007109,366,1,224,154,67
366,213,435,ShamAY0034200,1256,1451,1630,125,65
366,239,1028,ShamAY0034200,1257,302,1046,460,62
366,914,1162,ShamAY0034200,1258,1348,1595,183,90
366,836,1438,Shamela0009508,1137,339,1522,225,19
366,407,939,Shamela0009508,1138,1055,1511,329,73
366,1182,1401,Shamela0009508,1140,128,547,158,45
366,70,1438,JK007109,366,337,1636,762,56
367,1,664,ShamAY0034200,1259,567,1225,396,64
367,598,1202,ShamAY0034200,1259,1016,1590,267,45
367,598,1382,ShamAY0034200,1260,93,1033,359,38
367,1,914,Shamela0009508,1138,98,1050,611,71
367,237,1022,Shamela0009508,1141,859,1019,120,19
367,981,1219,Shamela0009508,1142,1263,1537,183,82
367,1219,1609,Shamela0009508,1143,1,202,161,50
367,237,1609,JK007109,367,118,897,553,47
368,134,654,Shamela0021605,1035,1,450,235,48
368,1,654,ShamAY0034200,1262,54,893,454,63
368,635,1285,ShamAY0034200,1264,890,1593,369,53
368,1216,1486,ShamAY0034200,1265,255,872,199,39
368,1,619,Shamela0009508,1141,41,683,399,67
368,642,908,Shamela0009508,1142,105,401,166,58
368,908,1617,Shamela0009508,1143,165,1332,312,31
368,381,1109,Shamela0009508,1144,263,817,318,48
368,1109,1516,Shamela0009508,1145,839,1222,263,70
368,1,1139,JK007109,367,947,1572,409,41
368,1139,1516,JK007109,368,22,339,240,75
368,1,908,ShamAY0033182,3375,156,934,429,46
369,579,921,Shamela0021605,1038,228,554,96,23
369,60,299,ShamAY0034200,1266,370,640,167,75
369,685,876,ShamAY0034200,1267,1043,1486,106,28
369,876,1513,ShamAY0034200,1268,1,1087,343,35
369,78,299,Shamela0009508,1144,835,1080,157,77
369,1,823,Shamela0009508,1145,1222,1508,164,24
369,829,1541,Shamela0009508,1146,1,1183,377,36
369,553,1248,Shamela0009508,1147,1,438,290,51
369,1,1413,JK007109,368,339,1150,531,45
370,229,660,ShamAY0034200,1268,1191,1570,195,51
370,871,1195,ShamAY0034200,1270,1094,1507,176,43
370,1299,1399,ShamAY0034200,1271,923,1022,78,99
370,214,1195,Shamela0009508,1148,670,1322,281,32
370,1299,1399,Shamela0009508,1149,782,881,78,99
370,574,1299,JK007109,369,28,601,304,42