ms1,b1,e1,id2,ms2,b2,e2,ch_match,matches_percent
1,473,715,Sham20Y0014596,2014,147,391,162,75
1,251,715,Sham19Y0013785,1,305,584,185,47
1,251,715,Sham19Y0013785,302,395,678,188,48
1,476,721,Sham19Y0013785,464,1,248,160,74
1,258,715,Sham19Y0013785,756,1,277,182,47
1,28,804,Sham19Y0132618,1,29,674,309,40
1,19,765,Sham19Y0132962,1,22,938,357,40
1,19,473,Sham19Y0132962,499,62,485,244,57
1,19,473,Sham19Y0132962,1015,178,601,244,57
1,19,473,Sham19Y0132962,1344,114,537,244,57
1,473,715,Shamela0002022,147,3,247,162,75
1,473,715,Shamela0002022,287,1027,1271,161,75
1,88,721,Shamela0009851,1,54,625,406,77
1,473,715,Sham19Y0018328,1,1224,1415,135,66
1,473,715,Sham19Y0017883,1,663,962,160,65
1,473,721,Sham19Y0017883,445,670,975,160,64
1,28,804,Sham19Y0127671,1,86,884,509,75
1,234,780,Sham19Y0127671,714,1,559,417,91
1,28,780,Sham19Y0127671,1533,424,1194,487,74
1,473,715,Sham19Y0006534,1,808,1004,138,67
1,473,790,Sham19Y0020561,1,758,1049,191,70
1,473,715,Sham19Y0017798,1,261,457,138,67
1,473,790,Sham19Y0017798,218,135,554,167,44
1,473,715,Sham19Y0017798,460,875,1071,138,67
1,473,715,Sham19Y0017798,805,381,577,138,67
1,473,715,Sham19Y0017798,1094,591,787,138,67
1,473,715,Sham19Y0017798,1476,16,212,138,67
1,473,715,Shamela0036558,1,596,790,136,65
1,473,715,Shamela0036558,43,1095,1291,138,67
4,1330,1594,Sham19Y0018192,493,550,1162,124,26
11,31,146,Shia003362Vols,469,795,1024,76,41
11,31,146,Shia003408Vols,930,520,642,68,69
14,406,886,Shamela0009978,143,1036,1641,152,25
15,1383,1553,Sham19Y0014580,169,1068,1220,97,71
15,1383,1553,Shamela0012860,577,1,176,130,93
15,304,460,Shamela0011444BK2,29,1281,1588,85,35
15,304,625,Sham19Y0127698,645,728,1091,113,29
16,307,830,ShamAY0034251BK1,5,37,524,253,50
16,307,803,JK000532,1044,393,830,254,57
16,307,709,Shamela0037325,2008,1177,1515,215,62
16,318,803,Sham19Y0001994,632,670,1081,248,58
16,307,642,Shamela0035100,10538,1236,1537,236,86
16,318,530,Sham19Y0132962,8,149,422,150,62
16,307,859,Shamela0011137,2,617,1088,255,51
16,925,1196,Shamela0011137,3,641,1026,121,34
16,925,1196,Shamela0023799,9,1120,1346,83,32
16,6,830,Shamela0001003,854,79,814,373,48
16,1,358,ShamAY0034637,360,954,1119,98,34
16,307,653,Sham19Y0014580,38,527,888,234,73
16,916,1196,Sham19Y0014580,39,1022,1372,126,37
16,1,358,Sham19Y0014580,169,1220,1350,97,33
16,307,803,Shia001764Vols,4,452,894,249,55
16,30,788,Shamela0012398,1672,730,1553,377,48
16,1,1414,Shamela0012860,577,176,1588,660,44
16,936,1139,Shamela0009702,16,152,494,86,32
16,318,496,Shamela0000321,14,1428,1583,121,84
16,496,830,Shamela0000321,15,10,455,203,50
16,936,1139,Shamela0000321,16,849,1198,91,33
16,318,830,Shamela0000317,6,586,1177,317,59
16,936,1124,Shamela0000317,7,1324,1583,78,39
16,1233,1502,Sham19Y0127654,3,612,1144,105,21
16,307,859,Sham19Y0127654,3,56,564,272,54
16,1046,1206,Sham19Y0127654,4,6,376,97,33
16,1,853,Sham19Y0029560,1661,832,1350,309,41
16,1,358,Sham19Y0127698,645,474,604,97,33
16,41,1139,JK000195,185,16,1284,479,38
16,1,853,Shamela0009091,1272,750,1260,302,42
17,1310,1560,Shamela0009801,2,973,1199,185,90
18,82,557,Shamela0009801,2,1199,1706,314,64
18,557,1663,Shamela0009801,3,1,883,718,78
18,932,1212,Shamela0006676,235,63,407,222,76
18,932,1212,ShamAY0036054,2,1293,1633,224,78
19,1,789,Shamela0009801,3,883,1671,640,99
19,789,1600,Shamela0009801,4,1,771,616,93
20,1,822,Shamela0009801,4,771,1542,621,93
20,986,1530,Shamela0009801,5,1,528,416,96
21,1,989,Shamela0009801,5,528,1516,794,99
21,989,1571,Shamela0009801,6,1,577,469,98
21,109,437,Shamela0000963,34,623,826,162,61
21,109,569,JK007074,6,741,1213,362,96
22,1,1031,Shamela0009801,6,577,1595,826,98
22,1033,1587,Shamela0009801,7,1,555,449,100
23,1,1288,Shamela0009801,7,555,1625,826,76
23,1290,1509,Shamela0009801,8,1,220,177,100
24,1,1586,Shamela0009801,8,220,1612,1084,83
24,1418,1607,Shamela0006676,237,723,906,128,74
24,1,191,Shamela0009973,3,773,1368,76,13
24,1418,1611,ShamAY0036054,4,1458,1629,129,79
33,143,417,Shamela0009801,10,587,925,38,7
33,882,1702,Shamela0009801,10,630,1402,185,18
33,245,685,Sham19Y0132962,41,1,699,0,0
33,159,332,Sham19Y0017091,17,1323,1703,25,5
33,122,568,Sham19Y0127671,39,80,644,55,6
33,159,476,Shamela0023660,8,1099,1487,25,4
35,95,223,Sham19Y0018568,22,1327,1455,104,100
35,95,448,Shamela0010639,14,279,574,185,58
35,948,1119,Shamela0021589,5,175,496,128,47
35,1,444,Shamela0023423,1,567,1053,374,91
35,1,471,Shamela0008544,2,1042,1518,379,94
35,101,429,JK009329,1,401,818,114,25
35,448,762,Shamela0011244,1,355,664,183,61
35,55,196,Shamela0011244,2,442,597,112,87
35,175,371,Shamela0011244,3,58,258,156,85
35,1,444,Shamela0012836,1,112,561,374,98
36,878,1117,Shamela0011468BK2,2,354,894,112,25
36,1,567,Shamela0009059BK1,3,22,530,192,30
36,872,1074,Sham19Y0147320,47,304,513,113,60
36,776,1578,Shamela0011468BK1,2,607,1190,354,49
36,878,1074,Shia000152,6,6,189,97,54
36,1139,1578,ShamAY0034073,3984,991,1512,285,62
36,867,1074,JK009251,1,1423,1634,114,60
36,878,1074,Shamela0021608,134,474,613,81,53
36,872,1074,ShamAY0034068,8,782,1257,116,29
36,878,1117,JK007114,2,354,894,112,25
36,1321,1578,Shia001414,11,1312,1553,159,72
36,1,703,Shamela0009973,4,854,1296,325,56
36,878,1074,JK007115,5,760,1167,102,28
36,1161,1574,Shamela0002573,913,976,1421,265,68
36,890,1077,Shamela0000432,4143,541,690,85,55
36,878,1117,ShamIbadiyya0000279,12,269,463,115,58
36,1167,1578,Shia001174Vols,18,584,1038,231,54
36,878,1074,Shamela0021589,18,1443,1618,95,53
36,1249,1578,Tafsir04040,40,379,736,197,66
36,140,549,Shamela0025791,7,418,594,135,40
36,878,1077,Shamela0025791,9,1305,1461,101,59
36,867,1077,Tafsir06049,4147,174,355,91,55
36,567,938,Shamela0021642,3,773,1461,177,30
36,872,1139,Shamela0011444BK2,6,775,1328,149,32
36,872,1035,Sham19Y0014153,2,94,241,83,57
37,641,836,Sham19Y0023625,211,872,1068,150,95
37,842,1127,Sham19Y0149697,63,299,505,134,57
38,878,1024,Shamela0021599,56,380,702,109,42
38,809,1124,Shamela0023578,45,887,1485,181,36
38,931,1132,Shamela0021766,4,522,682,123,75
38,649,1070,Shamela0012001,9,392,807,243,60
38,960,1124,Shamela0000041,35,1,151,117,89
38,1,172,Shamela0023635,277,1174,1356,129,82
38,1,181,JK009266,66,97,293,130,77
39,302,1323,Sham19Y0017745,14,5,967,336,29
39,1415,1560,Shamela0002573,1097,1487,1632,108,92
40,749,1517,Shamela0002573,642,638,1004,245,38
40,1,252,Shamela0002573,1098,28,270,192,95
40,1135,1438,Shia004047,80,814,1138,203,74
40,985,1291,Shamela0021589,29,174,440,163,58
41,348,506,Shamela0009059BK2,45,1,171,127,90
41,311,497,JK000196,44,1339,1529,151,96
41,196,597,Shamela0002573,642,1004,1346,252,72
42,283,1457,Sham19Y0018568,22,158,1223,397,34
42,1523,1649,ShamIbadiyya0000109,7749,960,1082,97,94
42,110,275,Shamela0002573,1041,789,951,133,95
43,60,329,Shamela0011468BK1,3,618,907,176,71
43,958,1438,Shamela0000091,56,381,785,172,38
43,594,868,Shamela0023635,742,352,752,175,51
43,594,860,Tafsir09050,3214,1108,1386,128,44
43,594,860,JK009266,85,768,1148,145,40
43,594,868,JK009266,369,308,707,169,47
44,763,1328,Shamela0003565,58,770,1061,123,27
44,786,911,Shamela0026535,5,1139,1420,70,31
44,1344,1529,Shamela0026535,6,1364,1551,142,90
44,846,1486,Shamela0009973,6,448,922,148,22
44,1338,1554,Sham19Y0145212,60,943,1133,114,57
44,852,1328,Shamela0021843,11,1,217,100,25
45,622,1063,Sham19Y0018568,23,324,805,171,38
45,377,875,Shamela0021599,13,138,652,173,32
45,10,199,Shamela0021599,66,759,975,149,85
45,199,355,Shamela0009059BK2,44,128,303,119,84
45,199,355,JK000196,44,1,176,119,84
45,395,796,Shamela0000091,15,1026,1332,230,70
45,1,359,Sham19Y0145212,60,1133,1496,266,85
45,359,945,Sham19Y0145212,61,1,598,373,69
45,1260,1443,Shamela0002573,1098,275,452,142,93
45,449,940,Shia004047,5,189,614,285,67
45,509,868,Sham19Y0145166,880,531,1005,133,29
46,1,472,Sham19Y0017745,17,470,873,109,19
46,1166,1557,Shamela0021599,14,238,487,178,55
46,705,1149,Shamela0023685,978,198,867,226,35
46,11,559,Shamela0000140,9,419,989,257,42
46,693,1117,Shamela0000140,10,27,376,258,73
46,419,839,Shamela0002573,971,1123,1594,326,85
46,860,1574,Shamela0002573,972,7,551,426,71
46,688,1140,Shia004047,71,383,830,298,76
47,136,442,Shamela0021599,14,523,758,186,74
47,21,463,Shamela0000140,10,393,838,331,85
47,478,1102,Shamela0000140,17,964,1578,442,84
47,1124,1562,Shamela0000140,18,1,414,309,86
47,21,514,Sham19Y0023625,9,751,1295,304,57
47,1,286,Shamela0002573,972,551,814,213,92
47,504,983,Shia004047,69,949,1507,237,50
47,32,446,Shia004047,71,1082,1516,307,84
48,253,745,Shamela0023685,868,743,1491,229,36
48,1,905,Shamela0000140,18,414,1032,461,59
48,594,745,Shamela0026568,750,192,415,96,53
49,1158,1393,Shamela0023685,635,545,927,162,49
49,4,465,Shamela0023685,870,256,893,281,53
49,465,755,Shamela0000140,18,1054,1359,225,86
49,1158,1393,Shamela0026568,544,626,994,162,51
49,4,465,Shamela0026568,751,847,1496,291,55
50,1095,1474,JK011712,716,325,785,170,34
50,1095,1474,JK006838,5,897,1198,164,44
50,1095,1474,Shamela0023685,640,527,829,166,44
50,153,514,Shamela0000140,1925,1345,1704,286,96
50,514,664,Shamela0000140,1926,1,150,115,94
50,1095,1474,JK000698,131,86,386,163,43
50,1098,1474,Shamela0021623,719,1,458,168,33
50,1095,1474,ShamAY0035035,5673,430,736,164,43
50,1095,1474,Shamela0026568,549,584,889,166,44
51,1000,1243,Shamela0001417,144,371,612,185,93
51,832,1046,Sham19Y0150960,943,560,763,79,40
51,369,988,Shamela0009873,1978,1,753,272,36
51,1077,1234,Shamela0009107,423,70,250,100,71
51,838,1249,Shamela0023645,150,204,813,260,51
51,224,528,Shamela0023685,643,620,1444,194,29
51,838,1300,Shamela0023685,646,39,746,301,52
51,411,528,Shia002616Vols,4728,201,325,92,91
51,283,479,Shia003732Vols,4136,1131,1592,110,29
51,829,1050,Zaydiyya0000015,1410,42,288,81,36
51,1000,1249,Shamela0006947,3761,181,436,191,93
51,841,1137,Shamela0010895,133,773,1283,171,42
51,838,1046,Shamela0009776,7191,541,802,82,32
51,1000,1243,Shamela0004473,6257,129,376,182,92
51,287,1300,ShamAY0035035,5672,131,1039,271,25
51,224,479,Shamela0026568,552,665,1377,160,28
51,838,1300,Shamela0026568,555,105,813,295,51
52,215,956,Sham19Y0018568,24,621,1373,307,39
53,756,1413,Shia002294Vols,50,776,1218,124,18
53,766,986,Shamela0023644,1203,14,454,104,28
53,789,1416,Sham19Y0017745,19,316,1497,309,30
53,516,630,Shamela0023685,485,718,1285,93,20
53,770,976,ShamAY0034054,242,1084,1255,91,44
53,516,710,Sham19Y0122255,220,120,789,149,27
53,756,1392,Sham19Y0032476,1315,977,1522,164,26
53,770,1083,Shamela0012884,339,404,727,107,28
53,756,976,Shamela0021719,86,908,1214,104,35
53,770,976,Shamela0023623,254,474,645,91,44
53,912,1055,Shamela0009567,25,604,1144,95,21
53,770,976,Shamela0021723,703,1137,1272,84,51
54,552,684,Shamela0009801,161,652,780,101,96
54,552,684,Shamela0023644,1522,1313,1445,104,100
54,442,1529,Shamela0000140,11,1,946,599,63
54,1126,1333,Shamela0002573,115,259,475,157,84
54,552,684,ShamAY0035035,3185,911,1040,101,96
54,552,684,Sham19Y0017747,2432,1367,1495,101,96
54,552,684,Sham19Y0038171,763,180,308,101,96
55,22,120,Sham19Y0018568,25,1446,1544,77,100
55,120,537,Sham19Y0018568,26,1,621,319,62
55,595,842,JK000098,26,429,769,119,42
55,56,537,Sham19Y0017745,22,1,470,376,97
55,1155,1361,Shamela0005963,51,657,899,151,70
55,757,986,Shamela0021599,75,1197,1501,173,69
55,604,1131,Shamela0009059BK2,50,114,873,127,17
55,783,1131,JK000196,50,429,719,98,29
55,200,383,Shamela0010736,69,546,779,103,47
55,236,478,Shia002265Vols,3189,193,595,96,24
55,35,537,Zaydiyya0000199,382,1070,1553,319,72
55,582,986,Shamela0000140,11,946,1397,274,70
55,208,478,Shia004456Vols,1777,1092,1443,169,57
55,595,986,Shamela0021677,12,54,606,212,45
55,1,582,Zaydiyya0000015,2219,913,1149,147,29
55,35,537,Zaydiyya0000161,127,884,1334,302,67
55,35,582,Sham19Y0127677,11400,988,1161,119,27
55,8,582,Sham19Y0127677,12323,401,968,444,95
55,26,582,Sham19Y0127677,18342,760,1324,432,93
55,170,582,Shia003356Vols,131,337,542,154,45
55,586,1131,Shamela0009973,7,1010,1201,94,21
55,26,582,Sham19Y0018272,2054,1241,1436,141,30
55,213,537,Shamela0007351,69,39,398,126,39
55,14,582,Shamela0023423,1,1053,1614,440,96
55,14,200,Shamela0023423,14,178,653,148,39
55,236,582,Shamela0023423,16,232,741,257,61
55,35,582,Shamela0021765,119,1090,1265,123,28
55,648,904,Sham19Y0020561,28,1448,1610,99,48
55,14,424,Shamela0011244,4,794,1198,319,95
55,306,582,Shamela0011244,5,393,662,156,65
55,14,582,Shamela0012836,1,561,1122,443,96
55,208,478,Shia001555Vols,1053,330,681,169,57
56,79,543,Sham19Y0018568,26,1,422,166,33
56,15,543,Sham19Y0017745,22,1,270,216,50
56,847,1211,Sham19Y0023625,1041,233,608,198,57
56,1,543,Sham19Y0127677,12323,437,723,226,51
56,1,543,Sham19Y0127677,18342,774,1060,226,51
56,1,543,Shamela0023423,1,1081,1370,227,51
56,1,278,Shamela0023423,14,237,653,87,18
56,1,452,Shamela0011244,4,822,1585,243,34
56,1,543,Shamela0012836,1,589,878,227,51
57,49,437,Shamela0021660,4886,1219,1544,243,77
57,40,647,Sham19Y0018568,27,186,851,376,64
57,289,437,Sham19Y0122096,3851,1,126,98,82
58,334,503,Shamela0021660,4886,284,449,124,92
58,520,607,Shamela0001975,352,1121,1208,65,100
58,520,607,Shia002294Vols,213,108,195,65,100
58,607,813,Sham19Y0018568,26,422,621,159,96
58,154,387,Sham19Y0018568,190,868,1073,108,52
58,520,607,Sham19Y0148271,1569,1158,1245,65,100
58,520,603,Shamela0021659,547,1387,1470,62,100
58,607,813,Sham19Y0017745,22,270,470,160,97
58,1273,1513,Sham19Y0017745,23,138,398,141,61
58,520,633,Shia002261Vols,125,223,340,76,86
58,525,607,Sham19Y0150962,1124,1,83,61,100
58,520,607,Shamela0025800,2719,201,286,58,91
58,520,607,Shamela0000782,769,661,748,64,98
58,520,607,Sham19Y0132618,131,374,461,65,100
58,520,607,Sham19Y0014119,84,728,815,65,100
58,520,659,Sham19Y0017063,94,1260,1389,76,74
58,520,607,Shia002265Vols,4674,668,755,65,100
58,607,813,Zaydiyya0000199,382,1354,1553,159,96
58,520,603,ShamAY0033760,612,1370,1461,56,81
58,1273,1513,JK007030,99,661,828,117,62
58,617,754,Shia004456Vols,1777,1214,1443,95,49
58,520,607,Shia002616Vols,2320,1212,1299,65,100
58,514,607,JK009390,637,742,835,67,96
58,520,607,Sham19Y0014592,809,1332,1414,61,94
58,520,607,Shamela0006947,4700,1091,1178,65,100
58,520,607,Shamela0009377,7,847,943,59,82
58,607,813,Zaydiyya0000161,127,1135,1334,155,94
58,507,607,Sham19Y0127677,790,1216,1316,68,85
58,607,813,Sham19Y0127677,12323,723,923,160,97
58,607,813,Sham19Y0127677,18342,1060,1260,160,97
58,520,607,Sham19Y0145212,301,1140,1227,65,100
58,520,607,Sham19Y0016976,226,828,915,65,100
58,520,607,Sham19Y0018272,820,255,427,65,50
58,520,607,Shamela0001438,1620,916,1003,65,100
58,520,607,Shamela0007485,13,283,382,59,79
58,607,813,Shamela0023423,1,1370,1569,157,95
58,607,813,Shamela0023423,16,374,600,158,85
58,334,476,Shamela0011244,5,691,835,107,91
58,520,607,Shamela0012027,326,30,117,65,100
58,607,813,Shamela0012836,1,878,1077,159,96
58,520,607,Shamela0003874,66,868,955,65,100
58,617,754,Shia001555Vols,1053,452,681,95,49
59,305,1135,Shia002294Vols,693,828,1274,338,50
59,987,1309,Sham19Y0018568,28,165,960,132,19
59,1,569,Sham19Y0017745,23,398,1328,366,49
59,1243,1527,Sham19Y0017745,24,492,776,225,93
59,1163,1527,Sham19Y0122257,329,84,676,270,52
59,335,956,JK007030,99,845,1289,263,48
59,328,581,Sham19Y0007729,590,197,468,156,68
59,1163,1527,Sham19Y0127677,11233,636,1000,290,95
59,335,930,Sham19Y0127677,11234,665,817,110,23
59,1163,1271,Sham19Y0127677,12323,968,1076,85,100
59,1229,1527,Shamela0023423,2,1,349,238,81
59,1163,1527,Shamela0023423,17,21,689,285,52
59,1171,1447,Shamela0011244,6,122,400,219,95
59,1163,1527,Shamela0012836,1,1122,1488,291,96
60,34,183,Sham19Y0018568,28,1040,1534,124,30
60,128,369,Sham19Y0018568,29,552,815,174,81
60,523,1128,Sham19Y0017745,24,914,1564,337,53
60,34,385,Sham19Y0017745,25,144,493,283,98
60,1307,1517,Sham19Y0017745,25,972,1191,128,59
60,369,889,Sham19Y0122257,329,84,344,192,45
60,1,369,Sham19Y0127677,11233,1006,1374,303,100
60,369,500,Sham19Y0127677,12323,968,1076,85,82
60,1,385,Shamela0023423,2,349,731,311,98
60,369,875,Shamela0023423,17,21,528,211,41
60,70,359,Shamela0023423,19,1169,1577,185,54
60,728,1307,Shamela0011244,6,1053,1435,217,40
60,377,889,Shamela0011244,6,122,390,202,47
60,119,352,Shamela0011244,7,879,1112,190,100
60,1,191,Shamela0012836,1,1488,1678,158,100
60,191,385,Shamela0012836,2,1,193,152,96
61,26,258,Sham19Y0018568,28,1366,1594,161,77
61,263,1014,Sham19Y0018568,29,39,746,261,36
61,1316,1546,Sham19Y0017745,26,893,1498,101,21
61,142,846,Sham19Y0023625,76,284,1173,373,51
61,142,470,ShamAY0036015,25,1312,1565,162,55
61,470,817,ShamAY0036015,26,1,340,252,89
61,164,325,Shamela0004473,11411,1114,1280,126,93
61,138,307,Shamela0011244,7,879,1243,135,46
61,164,307,JK000170,80,1336,1556,112,62
61,307,405,JK000170,81,1,99,75,100
62,1308,1497,Sham19Y0018568,30,103,467,148,50
62,1143,1530,Sham19Y0017745,25,479,863,307,98
62,410,898,Sham19Y0017745,26,213,1272,336,39
62,914,1343,Sham19Y0017745,27,177,487,136,33
62,1132,1530,Shia003356Vols,136,734,1097,278,85
62,7,149,Sham19Y0016782,847,212,359,99,77
62,1143,1530,Sham19Y0127654,9,614,980,293,94
62,1143,1530,Shamela0023423,2,717,1110,307,97
62,1143,1347,Shamela0023423,28,668,1378,155,27
62,1343,1522,Shamela0023423,29,1,459,141,38
62,338,788,Tafsir06049,778,12,492,299,78
62,1143,1460,Shamela0011244,8,550,871,253,97
62,1143,1530,Shamela0012836,2,179,570,307,97
62,365,720,ShamAY0033536,2,269,610,251,85
63,144,258,Sham19Y0018568,31,166,280,93,100
63,356,830,Sham19Y0017745,25,479,716,185,48
63,749,1176,Sham19Y0017745,27,452,997,266,52
63,362,830,Shia003356Vols,136,754,965,165,43
63,356,830,Sham19Y0127654,9,614,831,169,44
63,1,362,Shamela0023423,2,1110,1539,288,81
63,356,797,Shamela0023423,28,668,1378,170,24
63,1,191,Shamela0023423,29,738,1525,130,19
63,191,356,Shamela0023423,30,94,522,136,38
63,356,830,Shamela0011244,8,550,792,188,49
63,1,144,Shamela0011244,9,179,322,118,100
63,62,356,Shamela0011244,9,1044,1446,211,64
63,1,356,Shamela0012836,2,570,925,293,100
64,278,880,Sham19Y0017745,25,716,855,102,21
64,1013,1615,Sham19Y0023625,2801,554,1306,361,53
64,278,880,Sham19Y0127654,9,831,972,99,20
64,278,880,Shamela0023423,2,960,1102,100,21
64,278,893,Shamela0023423,29,100,475,125,23
64,278,880,Shamela0012836,2,421,562,99,20
65,747,1400,Sham19Y0018568,31,1,611,322,49
65,861,1076,Shamela0023423,2,1200,1455,121,49
65,879,1076,Shamela0011244,9,1234,1368,109,68
65,714,1076,Shamela0012836,2,661,847,150,51
66,780,1268,Sham19Y0018568,31,684,1142,372,93
66,1074,1212,Shamela0035261,41,411,556,114,95
66,780,1201,Sham19Y0017745,27,1284,1649,296,86
66,809,1069,Sham19Y0022884,1,523,783,209,100
66,841,1268,Shamela0012014,3,82,531,343,93
66,809,1221,Shamela0026742,2,119,243,86,25
66,793,1268,Shamela0011244,10,290,771,375,92
66,780,1268,Shamela0012836,2,925,1405,371,89
67,577,744,Sham19Y0013769,57,1159,1481,94,34
67,362,510,Shamela0008176,69,1229,1375,117,98
67,493,1112,Shamela0008176,70,341,922,261,39
67,320,1119,Sham19Y0017745,28,271,1414,337,32
67,312,422,Shamela0011809,261,552,756,59,38
67,668,1089,Shamela0009795,232,717,1161,128,26
67,417,1128,Sham19Y0023625,45,461,1200,379,57
67,45,349,Sham19Y0023625,2588,163,399,152,60
67,312,1112,Sham19Y0014224,12,349,1299,202,18
67,320,625,Sham19Y0019235,439,787,995,73,22
68,402,705,Shamela0021660,1998,21,289,150,56
68,924,1140,Sham19Y0017745,33,833,1211,124,41
68,1,178,Shamela0000140,29,1151,1318,109,68
68,1,196,Sham19Y0023625,46,605,824,146,83
69,1,160,Shamela0021660,4592,88,229,110,86
69,1004,1224,ShamIbadiyya0000438,3,632,1013,143,46
69,358,948,ShamIbadiyya0000438,6,56,616,376,71
69,256,572,Shamela0000140,30,165,514,162,49
69,358,572,Sham19Y0023625,47,27,442,152,44
69,1109,1315,ShamIbadiyya0000109,7770,318,581,146,67
69,497,748,ShamIbadiyya0000109,7773,259,505,191,92
69,1338,1544,ShamIbadiyya0000109,7779,885,1545,151,28
70,296,1043,ShamIbadiyya0000438,4,73,808,507,76
70,681,837,Shamela0021599,252,304,469,109,83
70,25,290,Sham19Y0023625,49,813,1003,148,69
70,76,1578,ShamIbadiyya0000109,7780,126,1510,900,66
70,296,1030,ShamIbadiyya0000229,141,28,1441,509,43
71,1175,1291,JK003502,1743,366,483,89,94
71,1175,1291,Sham19Y0013252,284,654,771,89,94
71,314,1115,ShamIbadiyya0000438,4,963,1589,467,71
71,1286,1525,ShamIbadiyya0000438,5,8,221,173,88
71,381,1030,Sham19Y0023625,57,918,1496,280,45
71,1139,1286,Sham19Y0023625,58,228,385,112,86
71,50,644,ShamIbadiyya0000109,7781,1,448,331,67
71,689,1576,ShamIbadiyya0000109,7782,1,812,648,88
71,1175,1291,Shamela0005756,76,972,1089,89,94
71,318,1081,Sham19Y0013226,87,741,1271,425,68
71,1175,1291,Sham19Y0014592,12,111,228,89,94
71,314,1066,Sham19Y0145212,77,487,1523,424,45
72,1211,1317,JK009408,1120,211,511,67,29
72,1,1065,ShamIbadiyya0000109,7782,819,1587,565,64
72,1211,1337,Shamela0010443,30,270,400,85,86
73,724,1221,Shamela0009059BK2,3114,417,896,378,93
73,823,1221,JK000196,3114,1,405,317,98
73,43,1331,ShamIbadiyya0000109,7783,214,1543,791,67
73,1331,1566,ShamIbadiyya0000109,7784,1,242,190,97
73,990,1193,Sham19Y0150961,317,557,720,109,67
73,792,1204,Shamela0021642,1489,1,306,208,62
74,126,830,Shamela0021660,63,881,1530,160,20
74,979,1460,Shamela0021660,65,582,1130,243,45
74,397,600,Shamela0000140,32,1316,1512,156,94
74,648,1275,Shamela0000140,33,1,942,326,35
74,474,767,Sham19Y0145212,91,772,1044,113,45
75,190,674,Shamela0021660,66,67,478,257,59
75,34,527,Sham19Y0018568,39,892,1515,239,44
75,967,1221,Shamela0008176,84,251,506,97,32
75,1,839,Shamela0000140,34,616,1430,385,43
75,341,608,Sham19Y0023625,55,745,1018,199,86
75,910,1221,Sham19Y0023625,56,1,783,180,29
75,1195,1489,ShamIbadiyya0000109,7784,263,468,142,60
76,1119,1221,Sham19Y0017745,29,1384,1551,75,58
76,485,1119,Sham19Y0017745,29,210,973,306,43
76,357,573,Shamela0000140,35,1384,1679,173,69
76,658,1251,Shamela0000140,36,766,1376,400,76
76,1255,1567,Shamela0000140,37,17,451,203,51
76,26,357,ShamIbadiyya0000109,7784,498,859,226,76
76,788,1305,Shamela0023799,213,627,849,106,25
76,779,1305,JK000745,76,783,990,95,22
76,770,1305,Shamela0005992,39,54,263,114,25
77,754,970,Shamela0005963,20,467,778,118,49
77,12,557,Shamela0000140,37,467,969,350,72
77,446,795,Sham19Y0032181,130,858,1386,102,19
77,446,795,Shamela0009329,41,1353,1561,105,34
77,596,966,JK000990,186,16,556,147,29
78,812,1122,Shamela0008316,141,331,674,195,64
78,189,1207,Shamela0005963,21,474,1639,651,62
78,817,1113,Shamela0025955,87,520,831,167,62
78,181,632,Shamela0000140,37,1112,1572,345,90
78,632,1462,Shamela0000140,38,1,828,563,76
78,841,1122,JK007030,88,349,564,167,72
78,812,1079,Shamela0001673,14,131,451,155,55
78,841,1207,Shia001764Vols,22,1285,1622,242,76
78,1097,1207,Sham19Y0127654,249,540,650,88,100
78,1428,1610,Shamela0023423,67,504,679,116,79
78,870,1079,JK000995,34,537,1048,133,30
78,189,588,Shia001805,18,136,640,228,53
78,812,1027,Shia001805,18,1289,1581,145,60
78,1454,1610,Shamela0011244,12,283,450,125,93
79,1,848,Shamela0008381,12,115,978,658,95
79,1,799,Shamela0008381,1350,327,986,505,78
79,1,809,Shamela0008360,3,359,1142,620,94
79,1,799,Kraken21041223,43,19,799,628,96
79,1,839,Sham19Y0013614,11,489,1286,511,67
79,4,804,Sham19Y0013614,12,11,786,500,68
79,1,799,ShamAY0032870,24,490,1305,562,81
79,1,799,JK000130,1046,17,838,584,83
79,1,459,Shamela0009200,100,646,1070,323,85
79,1,531,Shamela0000107,4,200,639,324,72
79,1,341,Sham19Y0018568,41,1200,1540,271,99
79,341,809,Sham19Y0018568,42,1,470,379,99
79,177,455,Sham19Y0018568,46,1072,1348,219,96
79,84,799,JK000098,189,1,740,571,94
79,95,799,Shamela0037325,305,1,710,569,99
79,1,809,Sham19Y0148271,1743,29,848,643,96
79,1,799,ShamIbadiyya0000438,51,88,878,635,98
79,1,809,ShamIbadiyya0000438,1041,377,1177,639,98
79,53,535,Shia004518,67,498,935,273,60
79,1,619,Shamela0008176,87,1014,1598,465,93
79,619,809,Shamela0008176,88,1,199,154,95
79,1,398,Shamela0000350,6,1157,1509,281,88
79,398,809,Shamela0000350,7,1,401,300,89
79,1,198,Sham19Y0017745,36,1385,1582,157,100
79,198,809,Sham19Y0017745,37,1,613,491,98
79,1313,1514,Sham19Y0017745,38,767,970,94,54
79,53,535,Shia004519,75,329,765,273,60
79,187,835,Shamela0005816,198,342,934,420,78
79,1,226,Shia002394Vols,981,1266,1499,176,94
79,226,799,Shia002394Vols,982,1,572,454,96
79,1,728,Shamela0011333,63,776,1495,549,89
79,91,799,ShamAY0034434,225,782,1427,457,78
79,1,616,Shamela0023578,77,920,1528,481,96
79,142,799,Shamela0005737,146,1,785,491,76
79,1,804,Shamela0001875,829,309,783,359,55
79,1,242,Shamela0025800,93,1245,1486,191,100
79,242,809,Shamela0025800,94,1,581,457,97
79,1,804,Shamela0021766,20,122,905,606,92
79,1,478,Shamela0012089,36,530,966,333,85
79,1,482,Sham19Y0014119,61,1121,1555,246,54
79,470,839,Sham19Y0014119,62,1,368,276,89
79,1,799,Shamela0003055,74,573,1361,575,84
79,112,799,Shamela0003055,2432,800,1233,307,55
79,1,664,Shamela0012014,26,891,1551,531,99
79,664,809,Shamela0012014,27,1,147,117,99
79,112,830,Sham19Y0017063,37,6,712,432,64
79,1,799,ShamAY0033938,28,539,1364,643,96
79,1,360,Shia002265Vols,185,1138,1485,278,96
79,360,819,Shia002265Vols,186,1,463,357,96
79,1,675,Sham19Y0014249,95,1010,1637,507,92
79,675,799,Sham19Y0014249,96,1,125,100,98
79,1,601,Sham19Y0017729,42,903,1504,483,99
79,601,799,Sham19Y0017729,43,1,206,160,96
79,1,799,Shamela0013087,117,24,864,583,82
79,1,153,Shamela0005756,638,121,266,111,91
79,325,799,JK000384,2,1,506,363,86
79,1,804,JK000384,3,34,915,584,78
79,261,804,JK000384,5,1,648,422,78
79,1,804,JK000384,9,44,860,632,95
79,1,804,JK000384,105,620,1419,533,75
79,1,389,Shamela0036446,19,1135,1508,299,96
79,389,809,Shamela0036446,20,1,414,329,95
79,1,268,Shamela0117359,1087,1208,1488,205,89
79,268,799,Shamela0117359,1088,1,540,426,97
79,1,799,Shamela0012034,623,218,978,574,86
79,441,589,Sham19Y0014601,5842,1,149,118,100
79,623,799,Sham19Y0014601,5843,379,607,135,73
79,1,835,Shamela0008204,8,442,1251,501,66
79,1,285,Sham19Y0014309,61,1242,1499,194,85
79,285,799,Sham19Y0014309,62,1,581,413,87
79,1,809,Shamela0008514,19,184,985,641,98
79,1,809,Sham19Y0016555,380,189,990,636,96
79,4,535,Shia001972,14,860,1459,346,63
79,531,799,Shia001972,15,1,298,197,79
79,1,799,ShamAY0033869,5,171,931,593,91
79,187,799,Sham19Y0020879,429,6,699,489,87
79,1,799,Shamela0001442,1061,254,1054,629,96
79,1,819,JK009390,4171,583,1357,604,91
79,1,704,ShamAY0033872,10,796,1503,567,99
79,1,748,Sham19Y0020638,28,752,1507,601,98
79,1,799,Shamela0000767,40,179,701,340,52
79,187,835,Shamela0009898,206,65,663,423,78
79,1,410,Shamela0029677,1348,1103,1489,295,85
79,1,799,Shamela0029677,2061,128,763,494,77
79,1,531,Shia003616Vols,670,994,1520,423,99
79,531,809,Shia003616Vols,671,1,309,223,89
79,206,799,Sham19Y0014592,124,1,584,466,96
79,1,153,ShamAY0036031,9,1451,1603,121,100
79,187,531,ShamAY0036031,10,5,349,278,100
79,1,203,Shamela0002386,366,1275,1476,160,99
79,203,799,Shamela0002386,367,1,613,477,95
79,1,799,JK009381,10,628,1372,595,92
79,1,799,JK000475,2528,149,969,577,82
79,1,704,Sham19Y0127677,2919,808,1503,561,98
79,1,839,Sham19Y0017791,22,107,904,512,68
79,1,455,Shamela0004473,12764,833,1259,339,92
79,1,799,Shamela0004473,13690,706,1503,636,97
79,1,478,Shamela0004473,13927,877,1339,365,95
79,1,809,JK007065,53,532,1347,644,97
79,41,799,Tafsir03097,47,7,756,578,92
79,8,446,eScr20120414,97,864,1274,326,91
79,1,799,Sham19Y0020944,1104,649,1449,637,98
79,1,509,Sham19Y0149697,163,1149,1622,370,90
79,509,799,Sham19Y0149697,164,1,306,229,93
79,1,222,Sham19Y0149697,2672,1376,1568,148,85
79,222,799,Sham19Y0149697,2673,1,586,452,94
79,1,799,Shamela0008206,212,384,1259,513,68
79,1,490,Tafsir07076,28,1056,1540,390,98
79,490,835,Tafsir07076,29,1,366,250,81
79,1,799,Tafsir07076,2859,489,1295,637,98
79,1,799,Shamela0007891,4,201,1055,517,70
79,95,839,Sham19Y0016976,39,1,704,439,64
79,1,799,Shamela0001438,5130,429,1218,630,97
79,209,799,Shamela0025794,98,1,674,458,82
79,1,809,Shamela0023423,67,679,1478,638,97
79,63,799,ShamAY0033910,1045,1,756,539,83
79,1,601,JK000914,72,855,1474,428,81
79,1,769,JK000914,74,747,1511,612,98
79,17,799,Shamela0013035,82,628,1311,483,72
79,1,799,Shamela0013035,83,447,1222,600,91
79,1,593,Shamela0013035,84,787,1359,348,61
79,1,436,Shamela0013035,152,1054,1456,317,89
79,436,799,Shamela0013035,153,1,208,157,53
79,127,446,Tafsir06049,96,5,274,215,83
79,1,737,Sham19Y0017903,38,768,1506,582,97
79,1,172,Shamela0004289,1,1345,1515,135,99
79,172,799,Shamela0004289,2,1,629,504,98
79,1,799,Shamela0004289,125,360,1164,631,96
79,1,291,Sham19Y0013223,166,697,979,224,96
79,1,217,Sham19Y0013223,731,1255,1471,171,100
79,217,809,Sham19Y0013223,732,1,653,477,89
79,306,812,ShamAY0033581,3,1,486,310,66
79,1,619,Shia001831Vols,13,863,1498,495,96
79,619,799,Shia001831Vols,14,1,189,146,95
79,1,809,Shamela0010443,35,333,1145,651,99
79,127,455,Shamela0006336,154,1324,1588,214,80
79,1,375,Sham19Y0017817,99,1243,1609,279,90
79,375,799,Sham19Y0017817,100,1,485,306,77
79,1,526,JK009179,59,1014,1498,379,89
79,526,809,JK009179,60,1,321,218,82
79,1,291,Sham19Y0122406,122,1142,1451,232,93
79,616,799,Sham19Y0122406,124,1035,1227,146,94
79,291,623,Sham19Y0122406,124,121,453,268,100
79,1,809,Shamela0011244,12,450,1256,648,99
79,1,848,Sham19Y0013572,112,158,1009,651,94
79,1,799,JK001140,39,473,1256,625,96
79,1,799,Sham19Y0131521,6201,455,1254,632,97
79,135,348,Sham19Y0131521,6213,1078,1406,171,64
79,1,306,Shamela0012293,501,1129,1433,243,99
79,306,799,Shamela0012293,502,1,503,399,98
79,1,799,Shamela0012293,1034,78,1186,641,71
79,1,799,Shamela0012293,1076,386,1184,624,96
79,116,809,Shamela0006610,1163,1,691,551,98
79,1,799,Shamela0000239,10,411,1172,568,85
79,23,848,Shamela0012836,3,1,878,657,92
79,91,485,Sham19Y0020591,1712,845,1241,316,98
79,478,799,Sham19Y0020591,1713,500,830,254,95
79,531,695,Shamela0013034,95,1141,1310,128,90
79,1,839,Shamela0007361,334,122,830,495,69
79,1,557,Shamela0011334,209,679,1209,405,89
79,429,819,Shamela0011334,210,209,542,239,71
80,881,1061,Shamela0000140,83,365,519,120,84
80,1132,1412,Sham19Y0145212,97,460,702,190,83
81,1195,1349,ShamAY0032776,16,477,654,116,81
81,1096,1349,Sham19Y0013252,592,668,1038,152,50
81,1096,1349,JK000130,1046,1170,1443,130,54
81,1189,1349,Shamela0000140,201,1057,1227,108,75
81,1195,1349,JK000384,90,613,767,110,87
81,1001,1301,JK000201,3316,5,478,130,32
81,1096,1349,Sham19Y0127677,9826,505,780,131,54
81,1096,1375,Sham19Y0132524,61,730,1173,181,51
81,513,723,Sham19Y0145212,97,1202,1551,116,41
81,1096,1349,ShamAY0033910,1045,1088,1361,130,54
81,1096,1349,Sham19Y0017903,51,882,1271,160,51
81,1195,1349,Sham19Y0131521,6213,56,492,119,34
81,1030,1465,Sham19Y0020591,1712,276,585,85,18
82,296,835,Sham19Y0014249,106,1074,1595,414,93
82,1169,1303,Sham19Y0132524,65,19,138,80,72
82,291,895,Sham19Y0149697,169,1021,1436,317,64
83,423,807,Sham19Y0014249,107,88,334,190,60
83,530,723,Sham19Y0023625,2852,1338,1523,124,79
83,789,1528,Sham19Y0023625,2853,1,736,589,97
84,6,1317,Sham19Y0014249,107,526,1588,809,74
84,1317,1499,Sham19Y0014249,108,1,198,141,87
84,6,570,Sham19Y0023625,2853,743,1308,439,97
84,555,1499,Sham19Y0023625,2854,119,849,526,66
85,172,825,Shamela0000140,203,1193,1643,350,65
85,1068,1477,Shamela0000140,204,46,183,109,33
85,6,156,Sham19Y0023625,2854,855,1001,117,95
85,510,1310,Sham19Y0145212,101,286,1071,349,40
85,1508,1645,Sham19Y0145212,102,1,190,105,69
85,507,692,Sham19Y0150600,126,415,601,123,79
85,507,645,ShamAY0036821,15,1112,1250,106,93
85,507,645,Shamela0023591,69,1427,1565,106,93
86,1039,1494,Sham19Y0014249,108,388,872,322,76
86,382,1426,Shamela0000140,204,255,995,375,38
86,672,1383,Sham19Y0145212,102,585,1291,275,35
87,1180,1372,Sham19Y0014249,111,14,273,117,55
87,183,779,Shamela0000140,204,1026,1610,375,72
87,419,572,Shamela0002573,241,1324,1701,96,31
87,908,1141,Shamela0002573,394,1133,1358,141,73
87,872,1136,Tafsir06049,88,1056,1432,179,54
88,1,1390,Shamela0000140,205,254,1141,669,57
88,503,746,Tafsir06049,90,209,392,131,63
88,1018,1592,Tafsir06049,91,805,1362,336,64
89,699,1173,Shamela0002573,399,152,1306,331,35
89,1179,1511,Shamela0002573,400,9,314,217,69
89,49,1312,Tafsir06049,92,167,1575,849,68
89,1312,1619,Tafsir06049,93,1,308,247,97
90,690,1201,Shamela0002573,400,283,608,219,50
90,766,1336,ShamAY0035035,495,586,1235,336,60
90,1,1333,Tafsir06049,93,308,1623,1029,91
90,1333,1595,Tafsir06049,94,1,330,198,74
91,1209,1555,ShamAY0034350,326,1316,1622,176,54
91,26,632,Tafsir06049,94,914,1540,454,85
91,716,1082,Tafsir06049,95,549,866,140,37
92,481,727,Sham19Y0014297,3373,1324,1557,178,82
92,1264,1523,Sham19Y0014297,3374,1,331,205,76
92,1386,1523,Tafsir06049,95,1043,1188,108,93
93,1,790,Sham19Y0014249,108,1011,1558,421,65
93,873,1490,Sham19Y0014249,109,1,557,430,87
93,1,139,Shamela0000140,205,1356,1494,115,100
93,1,446,Sham19Y0149697,165,63,332,173,44
93,587,1490,Sham19Y0149697,165,397,1165,413,48
94,523,1295,JK007006,725,1292,1478,142,22
94,255,1239,Sham19Y0014249,109,573,1532,760,94
94,1239,1620,Sham19Y0014249,110,1,378,309,98
94,866,1551,Shamela0000140,206,575,1310,532,84
94,638,1440,Shamela0008514,22,800,1253,265,38
94,255,421,Sham19Y0145212,103,262,450,119,73
94,437,645,Sham19Y0149697,165,1189,1524,151,52
94,645,1198,Sham19Y0149697,166,1,564,408,88
94,1233,1617,Sham19Y0149697,166,1215,1560,269,83
94,523,1295,Sham19Y0018272,975,1353,1545,138,21
95,891,1056,Shamela0021660,271,1229,1366,98,72
95,1426,1552,Shamela0021660,522,600,725,97,93
95,325,460,Shamela0021660,5044,917,1067,98,83
95,1413,1562,Shia001432Vols,1256,741,913,111,78
95,1413,1562,Shia002215Vols,1229,211,383,114,79
95,1413,1552,Zaydiyya0000413Vols,773,139,286,108,87
95,1426,1562,Shamela0021654,281,250,391,106,90
95,872,1581,Sham19Y0014249,110,711,1414,550,94
95,1,325,Sham19Y0014249,110,378,692,256,96
95,325,542,Shamela0000140,206,1462,1652,97,46
95,1405,1581,Shamela0000140,207,427,602,144,98
95,829,1123,ShamIbadiyya0000109,7723,1103,1383,194,80
95,1,325,Sham19Y0149697,167,4,309,240,90
95,1413,1555,Sham19Y0149697,167,1418,1570,108,85
95,1413,1552,JK007081,747,1016,1161,105,87
96,110,407,Shamela0021660,2328,111,276,123,53
96,55,285,Sham19Y0018568,57,1311,1567,167,83
96,285,491,Sham19Y0018568,58,1,201,142,83
96,483,865,Shamela0012001,27,1028,1389,240,74
96,508,887,Shamela0012001,153,146,513,286,90
96,474,781,Shamela0000140,207,668,960,231,93
96,491,952,ShamIbadiyya0000109,7724,90,536,306,78
96,483,1044,Sham19Y0145212,103,1088,1633,350,67
96,491,724,Shamela0010443,40,1105,1463,153,53
96,483,724,Sham19Y0016618,217,719,1073,162,55
97,535,786,Shamela0021660,272,804,1063,194,89
97,956,1646,Shamela0008353,249,645,1567,410,46
97,535,786,Shamela0008648,85,712,925,158,72
98,1215,1529,Shamela0021660,2315,800,1050,157,53
98,292,664,Shamela0008353,249,970,1332,283,90
98,147,292,Shamela0008353,250,871,1016,100,80
98,1263,1593,Tafsir06049,95,1274,1589,229,82
99,42,209,Shamela0008381,1352,140,356,98,51
99,1070,1298,Sham19Y0018568,48,624,858,146,72
99,6,977,Shamela0002573,242,502,1645,763,81
99,977,1462,Shamela0002573,243,1,463,366,91
99,1,450,Tafsir06049,96,306,830,241,50
99,782,1428,Tafsir06049,97,1,663,499,90
99,42,209,Shamela0007597,138,459,661,98,55
100,34,379,Sham19Y0017745,42,1067,1653,247,51
100,31,705,Sham19Y0132524,63,134,676,260,41
100,292,577,Shamela0002573,241,1383,1672,178,70
100,122,1200,Tafsir06049,97,663,1464,459,49
101,275,1701,Tafsir06049,101,1,1350,914,72
102,189,532,Sham19Y0013252,410,1,707,220,38
102,75,532,Shamela0037325,2011,783,1598,326,48
102,1154,1626,Sham19Y0014249,99,929,1361,342,89
102,126,383,Sham19Y0014249,99,55,305,156,67
102,75,295,Shia001764Vols,146,1396,1699,169,67
102,295,532,Shia001764Vols,147,1,514,163,38
102,75,383,JK000914,91,1107,1489,227,70
102,1,369,Tafsir06049,101,1350,1702,260,83
102,369,1146,Tafsir06049,102,1,489,344,52
102,103,544,Shamela0011244,15,804,1550,297,47
102,75,383,Sham19Y0016618,561,858,1240,227,70
103,1,335,Sham19Y0014249,99,1361,1678,250,91
103,335,1641,Sham19Y0014249,100,1,1255,1007,93
104,1,480,Sham19Y0014249,100,1255,1717,375,94
104,488,1343,ShamIbadiyya0000109,7905,685,1511,638,91
104,1343,1565,ShamIbadiyya0000109,7906,1,216,172,96
104,762,929,Shia001764Vols,148,718,1084,98,35
104,503,947,ShamIbadiyya0000279,189,534,863,250,69
104,503,1036,Tafsir06049,98,785,1329,358,75
105,709,1594,Shamela0021660,2303,1,644,297,34
105,926,1229,Sham19Y0017745,44,812,1110,150,49
105,709,1594,Shamela0021654,602,703,1375,306,34
105,694,1334,Shamela0000140,207,969,1634,405,66
105,1334,1513,Shamela0000140,208,31,213,143,95
105,1,542,ShamIbadiyya0000109,7906,216,751,428,97
105,926,1261,Sham19Y0132524,64,376,795,185,49
105,999,1334,Sham19Y0145212,104,993,1399,148,36
106,62,552,Shamela0021660,2303,653,1032,204,49
106,62,216,Shamela0000140,208,213,331,93,76
106,798,937,Shamela0000140,208,502,640,93,77
106,70,216,Sham19Y0145212,105,10,138,86,72
107,1,265,Shamela0021660,2303,1039,1263,177,82
107,1,265,Shamela0021654,603,192,422,182,85
107,1037,1304,Shamela0000140,208,646,918,195,84
107,284,496,Sham19Y0145212,105,1052,1337,154,65
108,1045,1317,Shamela0021660,2141,903,1195,177,73
108,449,1035,Sham19Y0018568,52,409,957,346,66
108,471,1234,Sham19Y0017745,46,1,503,336,53
108,456,1373,Shamela0000140,208,918,1494,240,29
108,1082,1525,Shia001764Vols,157,956,1412,158,34
108,1109,1326,Shamela0008514,29,22,244,145,82
108,1104,1223,Sham19Y0132973,302,1218,1337,94,100
108,1074,1506,Sham19Y0131521,6215,86,502,158,38
108,1154,1317,Shia003754Vols,417,1,344,58,17
109,570,1004,Sham19Y0013252,589,1,566,139,26
109,447,1192,Sham19Y0017745,47,81,729,240,36
109,12,434,Shamela0000140,209,342,749,323,90
109,806,1045,Shamela0000140,212,1106,1357,179,83
109,656,868,Shamela0005756,642,470,1065,107,22
109,488,1004,Shia001764Vols,158,342,929,157,25
109,17,1192,Shamela0021598,7410,101,1269,927,95
109,488,1004,Shia003616Vols,4006,883,1414,155,26
109,586,1004,JK000201,3320,1,409,98,19
109,656,874,Sham19Y0131521,6215,853,1388,112,24
110,7,1292,Shamela0000140,209,761,1589,611,56
110,1408,1568,Shamela0000140,210,24,242,112,64
110,1332,1552,Sham19Y0132524,69,22,303,135,56
110,15,1199,Sham19Y0145212,109,315,1363,460,38
110,7,514,Sham19Y0131521,6216,1,379,147,33
110,1261,1552,Sham19Y0131521,6216,458,747,92,32
111,534,690,Shamela0009873,956,827,1025,117,75
111,894,1497,Shamela0000140,210,415,874,348,69
111,1,653,Sham19Y0145212,110,243,738,193,29
111,519,867,Shamela0010443,62,234,1049,248,38
111,764,867,Shamela0000963,2642,1171,1269,74,92
111,764,867,Shamela0021629,449,1068,1166,74,92
112,752,1498,Shamela0021660,959,7,348,254,42
112,516,976,Sham19Y0018568,53,730,1167,202,46
112,28,610,Sham19Y0017745,49,567,1140,206,36
112,7,520,Shamela0000140,210,973,1567,343,66
112,28,285,Sham19Y0145212,110,842,1243,184,55
113,1,165,Shamela0009873,478,1209,1385,116,82
113,997,1291,ShamIbadiyya0000438,1041,1211,1549,170,60
113,1321,1547,Sham19Y0017745,37,790,1000,159,83
113,1038,1197,Sham19Y0013605,254,66,229,133,97
113,1038,1197,Shamela0021715,294,1263,1447,130,84
113,988,1588,Sham19Y0014249,96,215,801,482,96
113,1,899,Shamela0000140,211,441,1558,566,56
113,899,1588,Shamela0000140,212,1,738,455,73
113,992,1588,Sham19Y0023625,2896,253,802,431,85
113,1038,1197,Shamela0005756,641,1102,1264,132,96
113,1038,1197,Shamela0005756,646,517,701,130,84
113,1038,1197,Shia001764Vols,157,572,734,132,96
113,1038,1197,Sham19Y0132963,251,966,1150,130,84
113,1038,1197,Shia003616Vols,4005,1347,1512,133,96
113,1038,1303,Sham19Y0132524,71,329,629,168,68
113,1156,1588,Sham19Y0149697,164,324,727,326,92
113,1038,1185,Shia001831Vols,15,144,289,118,96
113,1038,1197,Sham19Y0122406,124,916,1263,133,45
114,786,1073,Sham19Y0013769,196,226,337,86,37
114,569,943,Shamela0000140,62,1214,1493,214,72
114,1000,1480,Shamela0000140,63,81,522,167,30
114,288,1236,Sham19Y0023625,83,299,1251,515,53
114,1236,1436,Sham19Y0023625,84,250,423,117,71
114,288,1073,Sham19Y0017350,92,528,1090,196,24
114,842,1480,Sham19Y0017350,93,48,1383,326,29
114,92,270,Shamela0012531,416,138,290,119,83
114,5,297,Shamela0011244,16,1249,1561,212,82
115,462,1531,Shamela0021660,2362,532,1183,455,51
115,1,298,Shamela0000140,63,522,675,102,43
115,481,700,Shamela0000140,1593,962,1178,181,97
115,180,457,Sham19Y0023625,84,439,873,172,46
115,462,1284,Sham19Y0023625,2857,423,1599,565,57
115,113,404,Sham19Y0017350,94,50,684,152,26
115,462,800,Sham19Y0122096,1641,456,705,195,68
116,763,1572,Sham19Y0023625,2858,199,575,305,46
117,1215,1385,Sham19Y0023625,809,910,1387,119,32
117,1,506,Sham19Y0023625,2858,575,1019,229,53
117,358,905,Shia001764Vols,173,113,831,410,72
117,1187,1385,Shia001764Vols,174,18,256,141,76
118,187,412,Sham19Y0006684,96,1076,1320,138,59
118,187,431,Shamela0021848BK1,104,369,641,148,64
118,132,431,Shamela0000140,1547,142,514,164,54
118,187,412,Shamela0021598,151,1182,1401,137,67
118,144,412,Sham19Y0018607,4,318,640,155,55
118,187,416,Shia000841Vols,536,1137,1384,141,66
118,199,412,Shamela0021735,50,811,1061,137,59
118,187,412,JK000917,507,752,988,137,60
118,257,412,Shamela0021739,66,7,210,115,70
118,187,412,Shamela0096257,13,324,585,142,62
118,187,412,Shamela0012820,131,752,930,117,64
118,16,412,Sham19Y0014325,230,210,546,183,47
119,540,713,Shamela0021660,2363,331,545,93,49
119,524,1229,Sham19Y0023625,2858,1038,1585,434,76
119,1112,1267,Shamela0010443,64,1058,1321,95,44
120,433,929,Shamela0008360,18,621,1118,387,94
120,445,997,JK000271,251,105,632,401,90
120,359,948,Sham19Y0018568,61,972,1534,438,90
120,1159,1380,ShamAY0032844,1,1200,1388,123,71
120,1182,1380,Sham19Y0148271,1249,979,1217,142,74
120,1182,1380,Shia001341,39,1139,1395,133,66
120,359,948,Sham19Y0017745,56,195,734,428,89
120,1182,1380,Sham19Y0020594,295,575,816,144,74
120,1163,1494,JK000657,33,799,1122,168,54
120,1182,1380,JK006838,270,542,788,145,74
120,433,929,ShamAY0033938,1452,921,1409,380,92
120,1159,1380,Shamela0009313,11,36,263,140,75
120,951,1517,Shamela0000140,157,543,885,249,54
120,951,1380,Sham19Y0023625,257,894,1292,307,91
120,1383,1517,Sham19Y0023625,258,123,253,106,96
120,117,332,Sham19Y0023625,2859,41,318,161,67
120,1159,1406,Sham19Y0017350,440,607,939,168,64
120,1159,1380,JK000916,2212,334,540,126,64
120,1159,1380,JK000916,12435,287,573,135,54
120,1159,1380,JK000916,20639,308,486,122,69
120,1182,1380,Shamela0004003,22,1162,1384,126,67
120,1159,1380,ShamAY0034430,159,864,1064,138,78
120,1210,1380,JK000698,146,23,196,120,86
120,1182,1383,Shamela0011816,371,272,507,139,75
120,455,993,JK007083,222,677,1210,388,86
120,1182,1383,JK000778,617,395,857,145,40
120,1182,1380,Shamela0026566,4,512,921,138,43
120,1182,1380,Shia000819,44,266,483,126,68
120,1210,1383,SHAM19Y23644,2017,5,176,123,89
120,1182,1380,Sham19Y0127677,15375,1009,1250,144,74
120,1182,1380,Sham19Y0132524,2594,25,264,143,74
120,970,1380,JK003609,4434,1,474,156,39
120,484,942,Shamela0000432,4087,898,1342,347,93
120,433,997,Shamela0005922,1386,320,892,418,91
120,426,948,Shamela0010639,405,525,1063,406,93
120,1182,1380,Shamela0025794,729,881,1122,144,74
120,620,966,Shamela0023423,97,1,397,278,86
120,1182,1380,Shamela0004445,2761,713,954,144,74
120,433,929,Shia001831Vols,500,54,543,380,92
120,433,948,Shamela0010443,68,498,1028,408,94
120,648,948,JK009329,8,1,301,243,100
120,433,934,Sham19Y0122406,3878,989,1482,381,92
120,415,948,Shamela0011244,17,762,1311,427,97
120,418,711,JK001140,35,1254,1545,210,88
120,1182,1380,Shamela0003118,923,1037,1269,132,66
120,1159,1380,Shamela0003118,5951,203,383,123,69
120,415,929,Shamela0012293,946,60,579,411,99
120,488,993,Sham19Y0017616,466,1,498,363,87
121,28,397,Shamela0009873,528,1,403,204,50
121,214,730,Shamela0008176,227,1,381,204,44
121,195,681,Shamela0008176,7878,671,1021,180,40
121,11,144,JK009251,11,457,597,104,92
121,23,574,Shamela0026484,167,922,1422,177,29
121,187,730,Shamela0025800,3839,61,593,264,49
121,260,574,JK000786,3340,943,1241,108,32
121,144,936,Shamela0000140,157,885,1441,435,67
121,1,998,Sham19Y0023625,258,253,1208,740,90
121,1179,1385,Sham19Y0023625,2815,1326,1588,145,62
121,1385,1526,Sham19Y0023625,2816,1,153,109,91
121,23,734,Sham19Y0020989,1518,519,1335,153,15
121,205,574,Sham19Y0014224,170,565,864,99,25
121,644,944,Sham19Y0017350,441,1,430,177,47
121,260,936,Sham19Y0017437,278,715,1504,316,41
121,23,574,Shamela0023675,68,786,1413,147,20
121,260,770,Shamela0026842,33,231,759,230,44
121,23,574,JK003609,4434,607,1199,204,31
121,187,730,Sham19Y0145212,3987,767,1294,264,49
121,387,936,Sham19Y0122409,27,1,385,218,42
122,1247,1455,Shamela0021660,1749,1306,1524,110,53
122,648,858,Shamela0021660,1750,542,715,123,75
122,962,1210,Shia001782Vols,2338,145,438,134,52
122,971,1157,Shamela0029868,4,757,933,116,75
122,962,1157,Shia001432Vols,20822,1211,1393,111,66
122,962,1148,Shamela0001733,3794,1291,1469,104,68
122,710,858,Sham19Y0013252,9607,1046,1188,106,90
122,710,981,JK009324,3603,648,900,131,52
122,361,878,ShamIbadiyya0000438,1073,764,1210,291,70
122,648,1127,Shamela0008176,282,979,1493,254,54
122,1247,1449,Shamela0008176,283,831,1196,106,34
122,981,1168,Shia002034Vols,402,1135,1317,105,67
122,962,1157,ShamAY0034073,5808,1195,1385,109,62
122,752,878,Tafsir02096,1290,1,127,89,90
122,999,1157,JK001297,71,762,925,111,84
122,710,847,Shamela0021599,680,423,555,100,92
122,319,858,Shamela0021599,2981,1190,1433,124,26
122,700,863,Sham19Y0013605,2729,759,920,112,88
122,651,993,Shamela0025800,2774,366,730,147,46
122,962,1157,Shamela0001404,432,584,771,111,64
122,962,1157,Shamela0006446,15,656,828,120,75
122,962,1157,Shamela0006446,150,46,228,136,90
122,648,858,Sham19Y0122257,138,718,895,126,77
122,700,858,Sham19Y0018103,2175,294,451,107,86
122,962,1157,Shamela0026429,19,705,888,124,77
122,648,1157,Shamela0021715,5111,894,1493,255,46
122,671,847,Shamela0021715,9881,1021,1229,109,66
122,648,981,Sham19Y0017063,59,559,845,151,51
122,1247,1445,JK007006,518,1289,1439,107,68
122,988,1157,Shia002265Vols,355,68,236,108,80
122,710,858,Shamela0001687,4791,1354,1495,105,91
122,962,1168,Shamela0008210,46,872,1079,141,86
122,710,858,Sham19Y0013631,312,318,459,105,91
122,717,858,Sham19Y0013631,1303,379,509,94,86
122,648,985,ShamAY0033760,73,14,329,142,54
122,63,301,Sham19Y0023625,216,753,971,163,84
122,5,1267,Sham19Y0023625,2816,159,1410,830,74
122,1258,1466,Sham19Y0023625,2817,79,371,116,49
122,710,985,Sham19Y0014580,2422,110,350,135,63
122,901,1157,Sham19Y0017437,1414,46,304,160,76
122,999,1157,Shamela0001673,10022,1107,1257,111,88
122,706,858,Shamela0001673,10022,438,583,104,88
122,301,858,Shamela0021598,5689,192,496,159,33
122,648,878,ShamAY0033598,201,1249,1442,133,73
122,717,878,Shia002616Vols,4198,1239,1396,111,85
122,710,858,Shamela0001442,1065,330,471,106,91
122,988,1157,JK009390,201,629,795,107,80
122,710,858,Shia003923Vols,263,245,386,105,91
122,962,1168,ShamAY0034447,461,781,988,140,86
122,710,858,Sham19Y0016946,456,207,348,108,93
122,918,1233,Shamela0012884,5257,968,1320,146,49
122,319,1094,JK000208,3646,303,486,131,21
122,648,1466,JK000201,2863,530,1410,368,43
122,710,858,Sham19Y0018569,18,1233,1381,109,90
122,710,858,Shia003961Vols,291,1053,1194,105,91
122,710,878,Sham19Y0017791,78,1250,1405,114,86
122,493,878,Sham19Y0132524,2799,1017,1530,260,60
122,1,611,Sham19Y0145212,197,192,675,155,23
122,710,878,Sham19Y0016976,145,1097,1259,115,87
122,765,1157,Shamela0009270,389,1,501,220,50
122,962,1157,Shamela0001438,271,171,383,123,74
122,648,858,Sham19Y0016684,1283,956,1113,120,73
122,710,858,ShamAY0032379,354,172,313,108,93
122,962,1157,Shamela0013068,26,1009,1197,111,64
122,710,1157,Shamela0010443,69,149,569,230,61
122,626,878,Sham19Y0122406,3882,442,664,157,76
122,589,878,Shamela0011244,18,1,226,170,75
122,710,1157,Shamela0010463,783,975,1395,230,61
122,493,858,Sham19Y0131521,6229,1012,1332,216,71
122,301,858,Shamela0021843,2881,822,1131,158,32
122,301,858,JK007141,1493,234,543,158,32
122,710,858,Sham19Y0017124,148,346,493,113,97
122,962,1157,Shamela0012403,172,737,921,133,88
123,74,920,Sham19Y0013252,1165,150,936,446,58
123,979,1129,Sham19Y0013252,1166,563,712,121,99
123,265,528,ShamAY0034423,137,324,1068,186,31
123,979,1129,ShamIbadiyya0000438,1076,888,1042,121,96
123,366,521,Shamela0025800,2775,208,590,115,38
123,265,521,Sham19Y0018337,250,228,901,181,33
123,151,351,Shamela0022547,1120,138,609,127,31
123,366,621,ShamAY0033938,1454,328,1066,163,28
123,237,621,Shia002265Vols,64,679,1126,87,17
123,265,422,Sham19Y0013631,2551,1109,1259,121,94
123,151,621,ShamAY0038387,142,951,1254,136,29
123,256,811,ShamAY0038387,143,540,876,186,39
123,260,422,ShamAY0038387,145,660,1094,120,34
123,1,904,Sham19Y0023625,2817,610,1553,641,77
123,911,1546,Sham19Y0023625,2818,4,368,260,50
123,74,521,Shamela0005756,2041,1056,1536,299,70
123,996,1129,Shamela0005756,2043,162,298,106,94
123,983,1129,Shamela0005756,9458,1384,1533,118,96
123,135,920,Shamela0005756,9459,357,1180,440,64
123,87,920,Shia001764Vols,2339,259,1187,494,64
123,979,1129,Shia001764Vols,2340,1216,1366,122,100
123,132,488,ShamAY0033598,200,823,1461,237,45
123,366,621,Sham19Y0020638,1225,37,573,163,37
123,366,521,JK007065,1243,980,1411,111,32
123,1285,1455,Sham19Y0132524,2800,351,552,124,75
123,135,521,Sham19Y0132524,2804,568,891,163,49
123,120,621,Tafsir09084,1646,68,440,122,24
123,237,404,Shamela0001438,1404,1285,1489,45,18
123,434,621,Shamela0004289,1130,596,853,115,53
123,979,1129,Shia001831Vols,500,1051,1191,111,90
123,265,532,Shia001831Vols,502,327,1399,166,18
123,151,621,ShamAY0035960,537,580,894,138,30
123,265,521,ShamAY0035960,538,72,811,180,30
123,151,516,Shamela0010443,77,466,834,153,50
123,151,621,Sham19Y0122406,3879,351,653,184,50
123,434,621,Sham19Y0122406,3882,1,284,117,50
123,366,521,ShamAY0033523,538,28,387,111,38
123,151,351,Sham19Y0017616,466,512,1121,147,29
123,260,422,Shamela0021629,182,541,920,121,39
123,151,351,ShamAY0034403,34,859,1466,148,29
123,366,650,ShamAY0034403,35,225,793,169,38
124,1063,1353,Shamela0001975,124,1033,1342,227,92
124,1063,1308,Shamela0001733,660,1238,1394,113,54
124,1063,1353,ShamAY0034423,137,324,635,224,90
124,1063,1353,JK007063,485,55,318,190,76
124,1063,1367,JK000362,316,335,653,206,73
124,1063,1203,Shamela0008176,284,1073,1213,106,93
124,1063,1353,Sham19Y0148486,4844,338,650,225,89
124,1063,1353,Shamela0021659,109,620,929,227,92
124,1063,1305,ShamAY0034073,1594,148,305,111,54
124,1063,1353,JK000316,10,278,596,213,82
124,1063,1268,Shamela0025800,2774,1212,1429,160,92
124,1063,1353,Sham19Y0018337,250,228,443,152,60
124,1063,1353,Sham19Y0146127,2611,197,409,149,60
124,1063,1359,Shamela0007289,983,235,552,193,65
124,1063,1353,Sham19Y0018144,2821,894,1217,219,84
124,1063,1353,Sham19Y0018144,2822,111,511,181,56
124,1063,1353,Shamela0023628,2062,1099,1403,212,85
124,1063,1353,Shamela0022547,1120,522,840,222,86
124,1101,1367,Shamela0003055,712,1,280,193,85
124,1063,1359,ShamAY0033938,1453,1069,1386,228,90
124,1063,1339,Shia002265Vols,58,1086,1371,214,94
124,1063,1203,Shamela0000140,802,586,720,102,89
124,1,1548,Sham19Y0023625,2818,368,1625,942,72
124,1092,1353,ShamAY0034005,1207,1,273,190,84
124,1063,1308,ShamAY0034068,1378,309,517,147,73
124,1063,1197,Sham19Y0014580,2422,350,494,101,86
124,1063,1271,Shamela0000170,444,1348,1566,161,92
124,1124,1353,Zaydiyya0000142,1517,1,248,175,89
124,1063,1228,Shamela0001673,10029,1324,1521,125,78
124,1063,1353,JK001487,120,161,464,209,83
124,1063,1234,Shia002616Vols,6750,1312,1493,135,92
124,1063,1353,Shamela0011816,22,6,314,217,87
124,1063,1353,JK009390,181,352,661,227,92
124,1063,1353,Sham19Y0020638,1224,1116,1427,223,90
124,1063,1359,JK009379,79,1053,1321,188,74
124,1063,1353,ShamAY0032665,2821,803,1126,219,84
124,1063,1353,ShamAY0032665,2822,24,424,181,56
124,1063,1353,Shamela0012884,3486,489,800,223,90
124,1097,1353,Sham19Y0127677,291,1,275,199,91
124,1063,1353,JK007065,1243,442,799,225,79
124,1063,1353,Sham19Y0132524,2803,1011,1325,225,90
124,1063,1203,Sham19Y0145212,4124,35,175,106,93
124,1063,1359,Shamela0008206,455,897,1207,211,82
124,1063,1353,Shamela0009270,148,776,1088,225,89
124,1063,1353,Shamela0001438,567,854,1162,227,92
124,1063,1353,Shamela0021809,3180,1123,1427,217,87
124,1063,1353,Sham19Y0020561,1677,485,801,224,89
124,1063,1353,Shamela0004289,1129,1039,1350,225,91
124,1063,1299,Shia001831Vols,501,1343,1493,109,54
124,1203,1359,Shia001831Vols,502,1,168,118,91
124,1063,1353,Shia001960,62,642,948,223,90
124,1063,1353,ShamAY0035960,538,72,383,225,91
124,1063,1459,Shamela0010443,72,10,467,246,59
124,1063,1353,Sham19Y0001729,2066,378,675,206,83
124,1160,1359,Sham19Y0122406,3880,1115,1324,150,92
124,1063,1353,ShamAY0033523,537,1119,1430,225,91
124,1063,1353,ShamAY0035990,138,687,1145,201,55
124,1063,1353,Sham19Y0017616,466,1035,1346,227,91
124,1063,1353,Shamela0021629,182,546,849,218,88
124,1063,1197,ShamAY0034403,34,1380,1524,101,86
124,1197,1353,ShamAY0034403,35,1,156,109,82
125,1051,1321,Sham19Y0016772,1082,549,805,203,94
125,16,401,Sham19Y0023625,2819,10,392,302,95
125,393,734,Shamela0001673,10032,108,395,182,61
125,1176,1321,Shamela0000137,255,1220,1385,106,81
125,44,797,Shamela0010443,72,483,1538,538,63
125,797,1051,Shamela0010443,73,1,409,175,49
125,1176,1321,Shamela0010443,74,575,775,114,71
125,1176,1321,Shamela0010463,440,659,824,106,81
126,1,468,Shamela0021848BK1,1604,1043,1468,260,65
126,1,468,Shamela0011468BK1,2645,847,1253,261,66
126,471,855,Shamela0021848BK2,1143,842,1135,227,71
126,1,228,Shamela0009059BK2,6002,482,709,152,79
126,1,228,JK000196,6000,1078,1303,152,79
126,1,468,Sham19Y0127671,1390,1044,1446,248,62
126,1031,1317,JK000170,366,806,927,91,40
127,1217,1474,Sham19Y0013252,1166,48,332,148,63
127,1217,1388,Sham19Y0013252,10804,703,892,126,84
127,513,979,Shamela0021599,708,57,562,163,30
127,1217,1388,Sham19Y0013605,5069,547,738,126,83
127,1217,1388,Sham19Y0018103,4252,320,509,126,84
127,1217,1388,Sham19Y0018176,2580,401,592,126,83
127,1261,1388,Shamela0021715,11164,21,153,99,94
127,1225,1388,Sham19Y0016584,4832,138,312,116,85
127,186,881,Sham19Y0023625,2819,825,1542,464,73
127,873,1557,Sham19Y0023625,2820,286,1135,503,73
127,1217,1474,Shamela0001535,1590,696,977,147,64
127,1217,1388,Shamela0005756,2042,1118,1287,128,92
127,1217,1388,Shamela0005756,15375,878,1067,126,84
127,1217,1388,Sham19Y0018106,4252,839,1030,126,83
127,1167,1382,Shia001764Vols,2340,603,816,139,80
127,1217,1388,JK000110,1947,157,346,126,84
127,1217,1388,Sham19Y0016684,2075,1135,1324,126,84
128,5,397,Sham19Y0023625,2820,1135,1529,302,92
128,265,788,Sham19Y0145212,198,754,1452,190,29
129,249,542,Sham19Y0013252,1167,323,511,148,64
129,64,811,ShamIbadiyya0000438,1075,477,1240,427,59
129,58,511,Sham19Y0017745,59,1203,1557,220,54
129,511,829,Sham19Y0017745,60,1,407,220,68
129,249,393,Shamela0021766,2878,1213,1440,96,53
129,249,393,Shamela0023628,2506,557,805,101,52
129,252,738,ShamAY0034055,6862,1289,1452,95,25
129,249,619,Shia004515,16,1246,1517,213,72
129,180,606,ShamAY0033760,89,420,1116,196,29
129,249,393,Shamela0000041,1709,458,705,102,53
129,40,619,Sham19Y0023625,2821,593,1201,443,88
129,249,547,Shamela0005756,2043,842,1023,137,58
129,249,393,ShamAY0034068,2007,1129,1377,101,52
129,249,523,Shamela0001673,10026,1360,1512,101,45
129,249,370,Shamela0021821,1206,1233,1451,93,54
129,249,529,Shia002616Vols,4197,1305,1490,139,62
129,252,738,Shia002702Vols,7046,690,853,95,25
129,252,351,Shamela0000137,254,1271,1457,72,49
129,249,619,ShamAY0034447,453,24,323,200,62
129,64,811,Sham19Y0132524,2801,158,962,420,56
129,249,523,Sham19Y0018272,697,987,1131,95,43
129,270,738,JK000917,1069,1,614,268,48
129,252,715,Shamela0010443,73,571,1209,200,33
129,252,715,Shamela0010463,439,669,1258,211,36
129,157,619,Sham19Y0131521,6230,348,787,262,62
129,180,606,ShamAY0034123,176,229,1086,198,25
130,823,1168,Sham19Y0018568,63,601,1033,226,64
131,748,1551,Shamela0021660,1753,260,894,386,54
131,721,1551,JK007006,519,577,1074,303,43
131,269,924,Sham19Y0023625,2823,247,1545,404,36
131,933,1551,Sham19Y0023625,2824,9,631,404,72
131,981,1098,Sham19Y0018272,699,6,119,90,94
132,1376,1608,Shamela0021660,1613,1162,1397,165,82
132,273,766,Shamela0021660,1694,1014,1381,269,63
132,1,462,Sham19Y0018568,64,225,768,319,70
132,1390,1608,Sham19Y0018568,64,818,1133,121,44
132,772,1340,Sham19Y0018568,65,10,609,399,78
133,1,141,Shamela0021660,1613,1397,1537,110,91
133,1,277,Sham19Y0018568,64,1133,1449,182,66
133,1,1032,Sham19Y0023625,2824,859,1557,522,61
133,1032,1496,Sham19Y0023625,2825,1,468,334,87
134,1,962,Sham19Y0023625,2825,468,1157,385,43
135,791,1236,Shamela0008381,885,1025,1533,292,67
135,856,1083,Shia002179,56,1,377,165,52
135,808,1072,Shamela0001975,828,651,965,160,61
135,893,1083,Sham19Y0013252,7377,14,278,128,54
135,831,1083,Shamela0009200,282,52,314,153,69
135,827,1083,Zaydiyya0000413Vols,775,653,1042,191,61
135,786,1083,Shamela0037325,2971,1030,1416,205,65
135,808,1083,Sham19Y0148271,1667,6,476,163,42
135,831,1060,Shamela0021659,1132,1150,1380,142,72
135,808,1083,JK001435,65,912,1364,197,51
135,808,1083,Shamela0011333,20,22,487,205,53
135,808,1083,Shamela0025800,2772,365,854,208,52
135,888,1083,Shamela0026731,51,15,303,145,60
135,808,1064,JK001242,6,1040,1320,112,36
135,808,1083,Shia001976Vols,165,319,788,208,53
135,808,1057,Shamela0096271,5,170,547,197,64
135,808,1083,Sham19Y0018103,3088,546,982,187,49
135,827,1024,Shamela0007289,360,1194,1510,145,55
135,808,1083,Shamela0007289,2549,367,831,207,54
135,791,1083,Shamela0007289,2929,386,911,188,43
135,808,1083,Shamela0023628,3683,128,509,173,57
135,808,1083,Sham19Y0018176,1851,944,1384,187,48
135,808,1083,Shamela0003055,126,1078,1429,173,56
135,808,1083,Shamela0021715,7736,923,1359,187,49
135,888,1083,Shamela0021715,7737,603,1015,134,40
135,808,1083,ShamAY0033938,1455,6,475,211,54
135,831,1072,Shia002265Vols,61,610,852,145,71
135,831,1083,Shia002265Vols,65,1067,1314,148,69
135,808,1083,Sham19Y0017729,484,267,733,207,53
135,808,1083,Sham19Y0016584,3439,819,1255,187,49
135,1159,1414,Sham19Y0023625,2825,1137,1385,135,55
135,808,1083,ShamAY0034005,68,552,998,204,55
135,808,1083,Shamela0005756,12175,938,1374,187,49
135,808,1083,ShamAY0038638,194,79,534,176,45
135,808,1083,Sham19Y0018106,3212,1,441,187,48
135,808,1083,Shamela0008204,10,886,1352,208,54
135,808,1083,JK001487,9,259,691,200,55
135,888,1083,Shamela0021821,2032,28,331,157,64
135,831,1083,Sham19Y0016555,896,57,429,193,62
135,808,1083,ShamAY0034371,442,848,1309,210,55
135,808,1064,Shamela0001442,1059,1084,1501,156,43
135,812,1060,JK009390,1909,28,279,147,70
135,808,1083,Sham19Y0020638,1225,752,1221,211,54
135,888,1057,Sham19Y0037618,4199,432,688,122,54
135,808,1083,ShamAY0033885,20,980,1445,211,55
135,795,1077,Kraken210630005153,7216,708,996,172,70
135,808,1083,Shamela0010549,211,700,1171,218,57
135,808,1083,Shamela0000727,203,282,743,206,53
135,831,1083,Sham19Y0127677,1926,909,1160,149,68
135,808,1083,Sham19Y0127677,3641,866,1348,173,44
135,831,1083,Sham19Y0127677,10483,43,597,193,42
135,808,942,Shia002009,58,1230,1445,101,57
135,808,1083,JK000110,1335,746,1183,187,49
135,808,1083,Tafsir03097,200,731,1116,179,52
135,808,1083,JK000075,12,11,478,179,46
135,808,1083,ShamAY0033973,21,844,1175,188,65
135,808,1083,Shamela0008206,345,858,1290,200,55
135,808,1083,ShamIbadiyya0000279,336,609,1017,179,54
135,808,1083,Shamela0001719,1018,481,951,213,56
135,831,1083,Shamela0001438,3431,674,925,149,68
135,808,1077,Shamela0001438,5904,1018,1490,164,42
135,808,1083,Shamela0025794,244,641,1112,165,42
135,808,1083,ShamAY0034134,1048,539,853,185,66
135,808,1083,Shamela0013035,136,472,934,202,52
135,808,1083,Sham19Y0017903,967,1019,1488,205,52
135,808,1083,Shamela0004289,1131,349,821,211,54
135,808,1083,Sham19Y0013253,851,668,1139,215,56
135,786,1099,Shamela0021537,1635,650,1065,214,63
135,791,1064,Shamela0021537,1756,203,485,174,70
135,808,1083,Shia001831Vols,503,274,743,211,54
135,831,1083,ShamAY0034066,1534,816,1166,168,55
135,791,1202,Shamela0010443,80,794,1270,288,73
135,808,1083,Sham19Y0122406,3885,917,1386,211,54
135,808,1083,Shamela0012293,4005,775,1246,208,53
135,791,1083,JK000079,47,396,927,188,43
135,808,1083,Sham19Y0017616,465,71,540,211,54
135,827,1083,JK011115,56,1,418,187,54
135,831,1057,Shamela0021629,181,1252,1471,132,68
135,831,1083,ShamAY0034403,13,74,561,193,48
135,808,1083,Shamela0007361,27,97,572,211,54
135,808,1083,Shamela0026389,102,538,1002,205,53
136,569,1268,Shamela0030592Vols,65,986,1440,311,54
136,324,465,Shamela0021660,1613,867,1113,111,56
136,353,1246,Shamela0008360,21,549,1453,569,74
136,756,941,Shia001432Vols,7368,542,672,87,54
136,840,1268,Shamela0001975,20,1,318,239,70
136,554,1268,Shamela0001733,2999,180,897,449,67
136,554,1070,Shamela0008473,4235,939,1495,352,71
136,1070,1268,Shamela0008473,4236,1,223,115,59
136,561,994,Sham19Y0013614,57,1152,1527,283,78
136,586,1284,JK000076,51,761,1460,516,88
136,1001,1287,ShamAY0034644,447,7,227,129,57
136,561,1378,Shamela0008176,322,120,927,571,79
136,850,1025,Shamela0008176,324,1167,1594,140,40
136,649,989,Shamela0021659,29,1140,1445,245,89
136,1066,1268,Shamela0021659,30,1,156,121,76
136,324,465,Shamela0021659,285,274,423,111,92
136,909,1268,JK001435,64,1,435,234,61
136,673,1268,ShamAY0034073,4549,1,646,375,65
136,561,1268,Shamela0011333,21,116,788,509,88
136,545,1268,Shamela0096180,144,985,1430,307,52
136,554,1268,Shamela0023578,2751,256,1097,394,52
136,569,1052,JK000316,4,1029,1462,288,69
136,1052,1464,JK000316,5,20,425,203,51
136,561,1252,Shamela0025800,2770,721,1428,541,95
136,324,629,Shamela0025800,2776,512,782,164,62
136,561,938,Shamela0001404,364,850,1327,241,60
136,1058,1457,Shamela0001404,365,15,338,152,39
136,569,1268,Shamela0010835,79,857,1342,264,43
136,561,1461,Shamela0006446,226,441,1328,578,72
136,605,994,Sham19Y0122257,167,1120,1509,288,92
136,561,1212,Shamela0021766,1676,800,1454,496,93
136,569,1268,Shamela0021766,3503,564,1257,531,94
136,1047,1268,Shamela0021766,3959,5,175,127,70
136,324,465,Sham19Y0018144,2829,914,1091,111,77
136,561,1268,Shamela0000782,726,531,1239,545,95
136,530,1268,Shamela0037458,3864,775,1521,533,83
136,554,1268,Sham19Y0148531,219,343,1108,457,66
136,324,629,Shamela0023628,1307,344,726,159,42
136,561,1268,Shamela0023628,3078,233,1050,366,47
136,756,941,Shia001265,329,809,939,87,54
136,545,1277,ShamAY0034055,3170,558,1301,539,87
136,536,1268,ShamAY0034055,4544,442,1172,566,95
136,561,994,Sham19Y0014119,73,1090,1460,283,79
136,554,938,Sham19Y0017063,64,1174,1478,231,75
136,324,629,ShamAY0033938,1457,510,784,141,58
136,678,1268,ShamIbadiyya0000193,1171,1,551,436,93
136,561,1188,ShamIbadiyya0000193,3621,566,1404,343,49
136,886,1268,Shia002265Vols,60,1,268,213,69
136,732,1142,Shia002265Vols,68,1229,1491,131,34
136,536,1378,Shamela0095735,630,591,1399,584,84
136,324,465,ShamAY0033760,39,1054,1200,113,96
136,1012,1277,ShamAY0033728,50,1,274,204,95
136,554,1268,Shamela0000041,2285,256,1136,410,53
136,1075,1510,Sham19Y0023625,2822,1162,1540,198,52
136,1,629,Sham19Y0023625,2822,748,1414,438,77
136,324,465,ShamAY0034005,65,931,1109,113,79
136,590,776,Shamela0012220,782,8,189,128,81
136,536,994,ShamAY0034054,3574,1087,1569,325,76
136,994,1268,ShamAY0034054,3575,1,285,212,95
136,536,1461,ShamAY0034320,29,403,1347,616,74
136,960,1268,ShamAY0034068,3121,14,287,153,55
136,678,1268,Shamela0036446,1037,7,609,467,98
136,586,1378,Shamela0007798,8099,11,745,439,61
136,545,1268,Shamela0001673,5128,1032,1399,254,43
136,324,1172,Shamela0001673,10037,164,716,245,31
136,561,1268,JK001487,95,294,840,407,71
136,590,770,Shamela0026324,2972,1244,1422,127,80
136,708,1268,Sham19Y0014309,926,12,281,192,43
136,554,950,Shamela0021821,1640,1167,1523,257,80
136,950,1268,Shamela0021821,1641,1,222,143,58
136,610,1228,Tafsir03092,2283,849,1474,381,64
136,545,994,Shia002616Vols,4857,116,545,329,90
136,554,1179,Shamela0026892,18,704,1288,405,77
136,744,1490,Shamela0029767,9,39,681,317,46
136,545,1268,Shia002702Vols,3208,828,1550,536,88
136,536,1268,Shia002702Vols,4620,318,1030,558,95
136,649,1268,JK009390,30,149,581,338,68
136,736,1268,JK009390,2448,262,564,149,30
136,629,1268,JK006476,1564,120,813,275,41
136,175,629,Sham19Y0020638,1227,565,909,183,45
136,324,465,ShamAY0032665,2829,822,999,111,77
136,324,629,Shamela0029677,1318,1009,1246,149,59
136,561,1075,Shamela0029677,1321,1015,1513,389,94
136,1075,1268,Shamela0029677,1322,1,207,151,93
136,523,1378,Shamela0012884,4485,657,1480,536,72
136,324,471,ShamIbadiyya0000229,1959,720,875,113,90
136,545,1268,Sham19Y0020891,2092,593,1298,537,91
136,610,1268,Shamela0022593,2321,757,1422,409,66
136,590,1098,Tafsir09050,1207,1066,1579,394,93
136,1098,1268,Tafsir09050,1208,1,152,118,88
136,637,1188,Tafsir09050,3740,10,779,322,50
136,649,1268,Sham19Y0127677,69,774,1203,339,68
136,960,1395,Sham19Y0127677,2312,1,404,205,51
136,554,1268,Sham19Y0127677,19336,291,1098,465,66
136,561,1378,Sham19Y0017791,91,18,531,361,52
136,324,629,JK007065,1106,160,428,143,57
136,545,811,Sham19Y0132524,2807,1306,1516,147,64
136,811,1284,Sham19Y0132524,2808,1,419,188,37
136,188,476,Sham19Y0132524,2810,495,716,138,59
136,610,850,Sham19Y0145212,224,290,582,182,78
136,865,1204,Sham19Y0145212,225,1,350,268,97
136,766,1268,Shamela0008206,432,1,453,342,84
136,681,1268,Shamela0008658,2762,1,631,374,66
136,965,1198,ShamIbadiyya0000279,336,44,328,144,59
136,1070,1172,ShamIbadiyya0000279,337,1546,1645,74,94
136,561,1268,Sham19Y0016976,164,661,1107,341,59
136,736,1284,Shia001174Vols,2229,1,484,137,20
136,561,802,Tafsir09084,2166,1295,1541,160,73
136,802,1268,Tafsir09084,2167,1,568,315,66
136,649,1268,Shamela0001438,100,652,1081,339,68
136,732,1268,Shamela0001438,4020,875,1233,193,38
136,554,1025,Shamela0025794,1221,954,1425,311,74
136,1025,1378,Shamela0025794,1222,23,461,176,48
136,811,1457,Tafsir04040,225,1,399,232,41
136,324,476,Shamela0010710,188,449,609,114,88
136,821,1172,JK000575,2,1,293,167,53
136,561,1268,Shamela0013035,138,623,1284,497,86
136,569,1268,Shamela0023623,3708,20,714,522,91
136,561,1268,ShamAY0034059,5279,224,667,340,59
136,554,1268,ShamAY0034059,5960,870,1525,289,37
136,1052,1172,Tafsir06049,3364,174,291,89,95
136,965,1268,Tafsir06049,5827,1,262,151,56
136,545,1378,Sham19Y0017903,968,80,899,585,86
136,324,1268,Shamela0004289,1133,111,1287,659,65
136,561,799,Shamela0010517,2603,103,314,156,81
136,324,629,Shia001831Vols,505,1140,1414,141,58
136,324,465,Shia001960,79,66,214,110,91
136,554,1052,Shia001960,121,1023,1488,317,74
136,1052,1268,Shia001960,122,20,214,136,80
136,324,465,Sham19Y0122401,1401,1180,1329,111,92
136,138,523,Shamela0010443,81,491,996,256,60
136,536,1378,Shamela0010443,82,33,899,608,85
136,554,817,JK009179,20,1249,1486,154,67
136,694,1268,JK009179,21,14,555,376,80
136,324,465,JK009179,38,604,749,110,94
136,744,1268,JK009179,40,415,801,257,62
136,324,465,Sham19Y0001729,2065,1227,1398,113,82
136,324,465,Sham19Y0122406,3890,1260,1409,111,92
136,324,629,Sham19Y0013572,1403,1044,1320,149,61
136,324,629,JK001140,36,617,879,164,59
136,545,1025,JK001140,41,995,1461,359,91
136,1025,1385,JK001140,42,1,402,204,60
136,561,1268,JK000022,1735,1,738,460,72
136,324,698,Sham19Y0017616,465,701,1021,155,47
136,569,984,Shamela0023700,2763,193,471,194,58
136,649,1268,Shamela0021629,183,498,918,331,67
136,554,1268,ShamAY0034403,14,98,881,452,64
136,656,1108,Kraken21041700,81,1180,1617,342,93
136,1112,1268,Kraken21041700,82,5,172,114,85
136,561,1006,Shamela0007361,205,1081,1525,340,93
136,1006,1378,Shamela0007361,206,1,329,196,59
137,873,1101,Sham19Y0018568,66,1,208,163,90
137,525,708,Shamela0006060,758,482,892,102,28
137,923,1504,Shamela0009873,2044,412,637,90,18
137,525,708,Shamela0037325,1382,800,979,128,90
137,525,993,Shamela0006870,52,809,1232,163,31
137,873,1464,Sham19Y0017745,61,823,1116,188,36
137,525,873,Shamela0021766,1756,335,696,228,75
137,525,873,Shamela0023631,2337,446,810,234,78
137,521,717,Shamela0023631,3440,1257,1442,135,88
137,525,834,Shia002265Vols,221,63,634,152,34
137,1104,1485,Shamela0000140,38,801,1147,209,59
137,34,334,Sham19Y0023625,2823,6,706,228,40
137,749,923,Shamela0008370,137,532,742,78,43
137,723,873,ShamIbadiyya0000760,135,543,677,103,85
137,525,834,Shamela0022921,123,270,702,189,55
137,723,993,JK000329,9,327,656,142,48
137,659,873,Sham19Y0127677,709,285,487,117,60
137,525,708,JK000213,461,720,899,127,89
137,525,996,Shamela0025794,2161,538,933,165,34
137,1,494,Shamela0010443,83,445,1093,334,61
137,525,867,Shamela0010443,84,1134,1498,181,63
137,728,1122,Shamela0010443,85,485,847,258,80
137,899,1101,Shamela0011244,19,1056,1249,151,95
137,525,708,ShamAY0035745,5,519,698,127,89
137,873,1101,Shamela0012836,4,96,308,163,88
138,735,945,Shamela0021660,4749,1,199,98,56
138,506,945,JK007006,1584,252,447,103,28
138,1,487,Shamela0000140,38,1147,1598,353,89
138,577,1244,Sham19Y0023625,2802,1,865,448,61
138,136,468,Sham19Y0017350,35,340,856,137,26
138,962,1120,Kraken210323052121,184,802,952,122,94
139,159,309,ShamAY0034315,1,1297,1454,108,82
139,154,309,Shia004456Vols,2874,330,507,115,79
139,154,309,Shia004456Vols,4187,1147,1325,115,78
139,65,233,Sham19Y0023625,2802,1010,1329,122,48
139,976,1573,Shamela0012034,406,705,1196,362,75
139,154,309,Shia003732Vols,384,735,914,119,81
139,154,368,Shamela0000248,11,1322,1578,158,73
139,296,706,JK000873,14,962,1437,294,74
139,159,309,JK000914,1722,649,806,110,83
139,175,706,Sham19Y0016618,67,897,1590,390,69
139,150,309,Shamela0011406,1197,935,1098,109,78
140,342,864,Shamela0009873,158,715,1157,300,71
140,198,342,Shamela0009873,158,63,208,110,95
140,483,868,Shamela0012935,14,20,372,267,86
140,359,887,Shia004456Vols,2874,172,880,286,43
140,268,759,Shia004456Vols,4187,792,1602,261,36
140,183,371,Sham19Y0023625,2802,1364,1526,130,85
140,371,1542,Sham19Y0023625,2803,1,774,528,55
140,864,1542,Shamela0012034,409,433,1117,528,94
140,111,893,Shia003732Vols,384,372,1329,352,37
140,532,768,ShamAY0034447,3,1172,1578,185,55
140,198,941,Shamela0002573,411,22,303,210,35
140,359,893,JK000873,14,90,811,297,44
140,174,768,Shamela0000963,632,955,1586,455,87
140,768,1282,Shamela0000963,633,1,489,382,88
140,483,868,Shamela0000963,2358,713,1069,267,85
140,219,883,Sham19Y0020583,935,45,814,491,76
141,17,210,Shamela0008381,226,1237,1467,143,78
141,17,214,Shamela0008360,797,1255,1450,134,83
141,17,166,Shia001432Vols,35931,1057,1187,98,82
141,4,210,Sham19Y0013252,12636,428,635,133,77
141,17,210,Shamela0008590,8,952,1140,128,82
141,17,214,Shamela0011353,217,1316,1551,143,76
141,17,214,Shamela0008476,75,606,842,143,76
141,17,210,Shamela0008476,80,618,848,143,78
141,17,214,Shamela0008176,6689,609,812,132,81
141,17,210,Shamela0025800,2734,116,306,134,85
141,17,214,Sham19Y0122257,3019,1185,1380,134,83
141,17,210,Shamela0011380,233,169,371,121,66
141,4,214,Shamela0000782,739,1161,1372,133,76
141,17,210,JK009408,587,111,335,136,76
141,17,210,Shamela0003055,230,697,927,143,78
141,24,210,Shamela0003055,232,797,979,138,95
141,24,210,Shamela0003055,2629,1190,1378,138,92
141,17,210,Shamela0003055,2917,866,1068,121,66
141,17,210,Shamela0023631,2239,1008,1198,134,85
141,17,210,Sham19Y0011326,149,1222,1530,131,53
141,1,353,Sham19Y0023625,2803,774,1105,250,88
141,17,210,Shamela0008555,207,757,987,143,78
141,17,210,Shamela0036446,926,943,1112,109,71
141,1,674,Shamela0012034,409,1117,1574,351,64
141,17,210,Shamela0021821,645,928,1074,108,69
141,4,210,Shia002616Vols,2856,1329,1527,134,75
141,17,210,Shamela0012033,286,1262,1460,143,89
141,24,210,Shamela0012033,288,1284,1465,137,94
141,17,210,Shamela0011211,33,272,502,143,78
141,17,214,Sham19Y0014592,2122,411,617,122,67
141,17,210,Sham19Y0020891,558,406,596,133,85
141,17,214,Shamela0002386,95,903,1138,143,76
141,4,210,Shamela0004473,1678,35,219,105,59
141,17,210,Shamela0004473,16047,905,1135,143,78
141,4,214,Shamela0010695,167,461,662,137,78
141,17,210,Shamela0001438,7579,617,840,136,76
141,17,210,Shamela0021809,3376,741,921,126,79
141,4,214,Shamela0004289,53,1215,1426,133,76
141,17,210,Shamela0036558,503,494,690,131,84
142,1013,1478,Sham19Y0018568,67,28,446,142,28
142,1010,1504,Sham19Y0023625,2804,1,465,327,80
142,108,238,Shamela0008970,162,309,614,88,35
142,1,348,JK000873,27,21,444,208,57
143,833,966,JK000001,1537,863,1000,95,89
143,707,966,Shia001782Vols,2218,1143,1350,128,62
143,833,966,Shamela0008360,36,999,1129,92,89
143,696,966,Shamela0013066,125,417,1121,121,20
143,833,1033,Shamela0037325,2583,478,759,134,59
143,707,992,Shia001544Vols,221,185,416,166,72
143,833,966,Sham19Y0036114,75,810,945,100,97
143,833,966,Shamela0021550,366,547,679,95,90
143,833,966,Shia002231Vols,450,418,547,96,93
143,833,966,Shamela0012089,28,1507,1631,92,90
143,717,982,Shamela0023631,2050,81,502,149,45
143,696,966,ShamAY0038387,290,485,778,134,59
143,833,982,Shamela0000041,915,145,314,104,77
143,1,1194,Sham19Y0023625,2804,465,1354,679,68
143,833,976,Shamela0023613,1912,573,721,100,85
143,833,966,Shamela0036446,37,18,153,100,97
143,833,976,Shamela0023635,3839,339,493,102,83
143,833,992,Shamela0012034,870,352,495,105,86
143,833,992,Shamela0012094,90,1311,1454,105,86
143,760,976,Zaydiyya0000062,522,920,1148,124,63
143,1202,1390,Shamela0010541,5,419,601,143,92
143,837,966,Shamela0000248,1,1034,1175,88,82
143,833,976,ShamAY0034052,657,660,808,102,87
143,833,966,JK000873,4,6,141,99,96
143,833,1087,Sham19Y0016976,217,115,354,113,48
143,717,966,Tafsir07057,1915,181,601,153,46
143,833,966,Shamela0025794,837,296,442,98,85
143,833,966,Shamela0007597,6,37,183,94,81
143,713,976,Shamela0021537,1177,326,657,156,59
143,833,966,Sham19Y0001729,51,55,184,96,93
143,833,966,Shamela0009567,661,453,599,98,85
144,702,1524,Shamela0021660,4999,1001,1166,107,16
145,270,520,Shamela0008381,320,44,294,195,95
145,270,520,Shamela0008381,324,170,420,195,95
145,297,603,Shamela0008360,428,1,300,236,96
145,220,712,Shia002094,3,551,1010,303,69
145,165,608,Sham19Y0013769,1729,822,1256,297,77
145,220,629,JK006897,342,687,1101,301,87
145,170,718,Sham19Y0018568,68,936,1484,363,77
145,220,555,Shamela0008176,3684,1210,1514,238,89
145,294,1272,Sham19Y0017745,63,1,733,404,46
145,220,629,Shamela0001875,985,65,498,308,85
145,193,603,ShamAY0033938,885,565,985,293,81
145,220,603,Sham19Y0017729,370,610,969,286,93
145,220,622,Sham19Y0011194,397,652,1079,314,90
145,220,520,Tafsir06051,502,584,885,227,93
145,274,528,ShamIbadiyya0000109,7674,1,245,180,87
145,676,1104,Sham19Y0014224,256,1120,1511,120,29
145,265,603,Sham19Y0017350,1034,1,366,265,90
145,220,638,Shamela0036446,529,910,1270,261,78
145,220,654,Sham19Y0017437,1708,148,589,325,87
145,220,603,Shamela0022645,1193,1133,1542,300,90
145,220,608,Shamela0000137,113,1073,1435,279,90
145,207,537,Shamela0000894,7224,1213,1539,260,98
145,193,520,ShamAY0034182,584,631,936,213,74
145,193,676,JK007065,293,406,876,319,76
145,220,625,Shia000841Vols,4269,492,891,315,97
145,220,513,Shamela0001665,523,1265,1581,225,86
145,265,603,Sham19Y0149697,10987,261,659,258,79
145,220,622,Shamela0010639,405,26,451,315,92
145,270,622,Shamela0023423,137,1,354,278,97
145,255,654,Shamela0004445,4003,787,1213,291,83
145,220,603,Sham19Y0017903,678,146,507,286,93
145,193,570,Shamela0004289,39,1134,1521,267,80
145,270,603,Sham19Y0013253,557,773,1097,258,97
145,196,622,Sham19Y0013223,684,495,927,318,86
145,220,638,Shamela0010517,2022,862,1280,310,89
145,170,654,Shamela0010443,96,570,1055,340,81
145,220,603,JK009329,7,736,1133,298,92
145,170,622,Shamela0011244,20,730,1183,341,93
145,220,603,Sham19Y0020643,406,451,918,302,80
145,170,629,Shamela0012836,4,308,771,348,90
145,193,589,Shamela0021681,6,983,1475,268,66
146,20,367,Shamela0021660,2703,201,530,206,69
146,189,367,Shamela0021654,287,189,342,82,58
146,36,276,Sham19Y0014249,672,205,392,138,73
146,1375,1540,Sham19Y0023625,2805,585,741,125,89
146,47,367,Sham19Y0023625,2805,1,465,209,53
146,24,215,Shamela0002573,899,1394,1551,111,72
146,14,354,ShamAY0035035,4216,1237,1548,178,60
147,269,540,Shamela0021660,2703,759,990,170,78
147,1,540,Sham19Y0014249,672,517,773,200,46
147,1,919,Sham19Y0023625,2805,741,1589,604,77
147,919,1410,Sham19Y0023625,2806,25,479,357,89
147,1,1261,ShamIbadiyya0000109,7674,362,1583,976,95
147,1261,1547,ShamIbadiyya0000109,7675,1,284,219,96
147,1,540,Shamela0002573,900,171,707,430,98
147,614,947,Shamela0002573,1980,1143,1428,109,28
148,796,1390,Sham19Y0023625,2806,527,742,168,35
148,1,1227,ShamIbadiyya0000109,7675,284,1474,871,84
148,1231,1487,ShamIbadiyya0000109,7676,1,334,202,73
148,796,1394,Shamela0002573,1275,950,1171,169,35
148,399,621,Sham19Y0020892,300,1219,1437,169,94
149,317,1217,ShamIbadiyya0000109,2032,423,1248,630,85
149,1,1175,ShamIbadiyya0000109,7676,341,1549,880,87
149,1175,1528,ShamIbadiyya0000109,7677,1,329,247,82
149,321,575,Shamela0021719,72,1231,1487,152,61
149,575,1431,Shamela0021719,73,1,959,623,79
149,351,961,Shia000841Vols,242,508,1364,400,57
149,305,478,Shamela0002573,1980,1428,1593,94,68
149,779,1161,Shamela0002573,1981,5,659,301,56
149,758,1431,Sham20Y0021786,74,76,963,340,40
149,464,952,Shamela0021592,123,327,824,261,56
150,1192,1481,Shamela0021660,2703,990,1191,134,58
150,1192,1499,Sham19Y0023625,2806,804,1116,231,87
150,96,438,ShamIbadiyya0000109,2032,1248,1488,174,63
150,486,679,ShamIbadiyya0000109,2033,1,186,146,94
150,5,1290,ShamIbadiyya0000109,7677,329,1536,926,87
150,1290,1499,ShamIbadiyya0000109,7678,1,211,167,99
150,232,476,Shamela0021719,74,8,571,149,33
150,89,889,Shamela0002573,1981,653,1231,431,66
150,1192,1485,ShamAY0035035,4217,353,560,136,57
151,1179,1376,Sham19Y0013769,1731,1206,1387,134,81
151,181,581,Sham19Y0013769,1731,697,1130,206,51
151,1193,1376,Shamela0008176,3686,530,673,110,73
151,359,581,Sham19Y0013605,263,6,208,132,67
151,1007,1376,Sham19Y0122257,1696,613,860,159,53
151,316,581,Sham19Y0018103,179,297,474,120,56
151,228,447,Shamela0021715,297,1001,1197,118,60
151,1,647,Sham19Y0023625,2806,1116,1525,321,61
151,647,1537,Sham19Y0023625,2807,1,737,520,71
151,1,1537,ShamIbadiyya0000109,7678,211,1515,1012,81
151,181,493,Sham19Y0014224,1091,1341,1663,151,47
151,1034,1376,Sham19Y0014224,1092,38,447,182,51
151,228,581,Shamela0005756,665,1180,1462,172,57
151,316,581,Shia001764Vols,1592,1249,1575,187,72
151,1193,1376,Shia001764Vols,1593,39,207,128,86
151,316,581,ShamAY0033598,208,589,1121,170,38
151,1193,1376,Sham19Y0132524,3238,996,1167,131,87
151,189,1365,Shamela0002573,900,861,1590,489,50
151,307,546,ShamAY0035035,4217,457,758,121,45
151,316,546,ShamAY0035035,4331,185,479,115,42
151,316,581,Sham19Y0017747,2330,871,1159,184,77
152,26,1110,Sham19Y0023625,2807,743,1551,593,64
152,1378,1510,Sham19Y0023625,2808,69,198,98,88
152,26,891,ShamIbadiyya0000109,7679,1,777,594,83
152,26,279,Shamela0002573,901,126,374,198,96
153,623,865,Shamela0021660,2703,1362,1532,131,68
153,865,1437,Shamela0021660,2704,1,404,250,53
153,566,1586,Sham19Y0023625,2808,243,1295,737,83
153,57,232,ShamIbadiyya0000109,7679,999,1179,140,97
153,623,1183,Sham19Y0122096,1955,813,1110,152,34
154,1,247,Sham19Y0023625,2808,1295,1511,163,82
154,468,1486,Sham19Y0023625,2809,7,898,527,54
154,82,834,ShamIbadiyya0000109,7679,1179,1538,211,34
155,1,749,Sham19Y0023625,2809,898,1458,429,71
155,807,1525,Sham19Y0023625,2810,1,847,540,77
155,969,1307,Sham19Y0017437,1713,158,393,169,59
155,992,1118,ShamAY0034182,880,755,1252,75,19
155,1088,1276,Shamela0010443,105,1,323,146,54
156,95,681,Shamela0021660,322,982,1536,268,47
156,17,237,Shamela0021660,2704,1018,1159,108,61
156,1143,1398,JK007006,866,1329,1479,89,39
156,17,519,Sham19Y0023625,2810,847,1591,293,43
156,525,1143,Sham19Y0023625,2811,1,470,198,33
156,1147,1584,Sham19Y0023625,2811,1171,1516,273,76
156,1143,1463,Sham19Y0018272,1142,506,679,108,38
156,1143,1402,Sham19Y0122096,1956,270,403,83,37
156,17,237,Sham19Y0122096,1956,12,172,89,47
157,739,1464,Shamela0021660,2705,270,864,252,32
157,1222,1510,Sham19Y0017745,66,685,998,174,63
157,855,1287,Sham19Y0023625,2812,1046,1514,282,72
157,25,605,Sham19Y0023625,2812,1,558,441,95
157,1287,1514,Sham19Y0023625,2813,1,691,164,29
157,44,223,Sham19Y0017437,1714,760,942,119,75
157,44,681,Shia001764Vols,1593,754,1326,184,24
157,44,223,Sham19Y0018272,1142,688,860,130,89
157,44,223,Shia001831Vols,364,838,1012,136,95
158,106,381,Shamela0001515,176,976,1406,70,16
158,613,1161,Sham19Y0023625,2813,787,1323,439,97
158,1185,1573,Sham19Y0023625,2814,57,433,250,77
159,1011,1575,Sham19Y0023625,2814,471,1044,394,78
159,724,964,Sham19Y0014224,1094,267,542,163,66
159,724,964,Shia001764Vols,1594,259,561,185,75
159,1139,1516,Sham19Y0132524,1733,136,595,259,66
159,724,964,Sham19Y0017747,2332,768,1079,183,72
160,711,1197,Shamela0021660,2027,714,1235,249,47
160,1266,1424,Sham19Y0013769,1734,8,502,111,27
160,1251,1593,Sham19Y0017745,67,101,1166,257,29
160,717,1001,Shamela0000091,7,244,486,174,76
160,453,620,Sham19Y0023625,2814,1343,1631,128,54
160,620,1189,Sham19Y0023625,2815,1,549,441,95
160,784,1184,Shamela0005756,662,618,1137,186,39
160,275,708,Sham19Y0132524,1733,1046,1550,285,64
160,1203,1384,Kraken210323052121,208,312,492,147,99
161,903,1057,Shamela0008381,5676,1295,1449,125,100
161,219,637,Sham19Y0013769,1730,1,357,183,47
161,867,1103,Sham19Y0018568,72,1282,1503,166,85
161,903,1047,Shamela0037325,1145,1,132,107,90
161,900,1073,Shamela0008176,6128,249,419,116,80
161,867,1300,Sham19Y0017745,68,673,1308,276,52
161,47,318,Sham19Y0013605,262,579,1120,178,40
161,900,1064,Shamela0012014,61,434,598,129,97
161,52,318,Sham19Y0014224,1091,18,660,165,31
161,47,318,Shamela0005756,665,25,555,167,38
161,47,318,Shia001764Vols,1592,21,586,172,36
161,1319,1575,ShamAY0034815,592,754,1081,103,34
161,1128,1492,Shamela0003283,125,687,897,117,37
161,1128,1522,Shamela0007434,267,1178,1492,153,49
161,1128,1575,JK000533,282,562,885,230,63
161,912,1064,Shia000841Vols,4272,744,897,121,98
161,1128,1492,ShamAY0035035,7040,516,737,163,55
161,867,1057,Shamela0023423,174,583,754,139,90
161,894,1047,Zaydiyya0000061,1581,1379,1533,121,97
161,881,1057,Shamela0021537,5749,740,942,131,79
161,881,1057,Shamela0011244,24,875,1046,134,90
161,1128,1492,Sham19Y0038171,1901,785,1006,163,55
161,1128,1492,Sham19Y0023618,2240,1254,1443,111,38
161,1128,1561,Sham19Y0023618,2494,1254,1581,218,61
161,867,1057,Shamela0012836,4,750,932,139,85
161,900,1304,Sham19Y0036111,2,885,1141,124,34
162,758,947,Shamela0023100,72,44,438,132,42
162,134,498,Sham19Y0023625,2253,720,981,167,52
162,709,914,Shia003616Vols,4931,210,512,157,65
162,1,575,ShamAY0034815,592,1081,1285,157,34
162,19,243,Shamela0003283,125,1024,1241,110,50
162,1,371,JK000533,282,885,1306,230,63
162,758,919,JK000533,2533,8,205,125,79
162,27,197,Zaydiyya0000153,168,341,571,106,56
162,778,919,Shia003636Vols,160,155,301,105,86
162,1,192,Sham19Y0023618,2495,15,264,141,71
163,498,1131,Shamela0021660,1610,28,614,179,21
163,1,291,Shamela0021660,2014,180,554,141,41
163,511,1474,Sham19Y0013252,619,723,1612,379,41
163,511,1284,Sham19Y0013605,281,156,618,257,39
163,479,958,Sham19Y0017063,1239,485,987,249,52
163,511,1474,Shamela0000140,432,339,1189,348,34
163,1162,1474,Shia002636,58,244,585,134,44
163,1176,1598,ShamIbadiyya0000109,7231,152,630,328,81
163,511,1284,Shamela0005756,717,620,1089,259,40
163,511,793,Shia001764Vols,270,1237,1517,178,64
163,903,1474,Shia001764Vols,271,1,465,198,38
163,663,1574,ShamAY0033598,125,821,1372,230,29
163,884,1408,Shamela0009856,962,17,439,155,33
163,511,1474,ShamAY0035743,47,847,1685,388,43
163,498,978,Shamela0021590,1578,161,492,205,49
163,895,1474,Sham19Y0018272,625,97,529,186,36
163,511,1474,Sham19Y0017747,2408,540,1378,378,42
163,475,1474,Shia001831Vols,44,43,827,310,32
163,584,1571,Shamela0011244,25,6,659,304,36
163,201,691,Sham19Y0131521,6483,32,537,211,38
163,680,958,Sham19Y0122096,1112,324,521,114,50
163,437,1474,Sham19Y0036111,5,224,1233,427,42
164,690,1552,Shamela0008176,6130,730,1639,317,28
164,467,1494,Sham19Y0013605,281,902,1578,224,20
164,1069,1552,Sham19Y0122257,2802,64,489,257,58
164,1069,1494,Sham19Y0018103,190,1362,1632,127,29
164,182,961,Shamela0000140,432,1237,1791,279,35
164,1069,1716,Shamela0000140,433,299,738,265,46
164,91,906,ShamIbadiyya0000109,7231,986,1687,500,72
164,937,1569,ShamIbadiyya0000109,7232,1,449,339,64
164,719,1113,Shamela0000551,3105,46,222,106,30
164,177,790,Shamela0005756,717,1243,1622,184,31
164,1069,1494,Shamela0005756,718,6,222,126,33
164,190,1246,Shia001764Vols,271,533,1752,482,37
164,1246,1697,Shia001764Vols,272,44,529,293,71
164,1069,1512,ShamAY0033598,126,565,1120,235,44
164,1206,1512,Shamela0009856,963,50,370,194,67
164,190,727,ShamAY0035743,48,48,604,293,54
164,864,1697,ShamAY0035743,48,577,1350,402,50
164,539,1598,Sham19Y0018272,625,886,1607,368,35
164,190,410,Sham19Y0017747,2408,1445,1691,155,75
164,510,1697,Sham19Y0017747,2409,126,1518,584,41
164,932,1113,Shia001831Vols,44,1463,1757,124,48
164,190,1507,Shamela0011244,25,732,1797,600,46
164,182,560,Sham19Y0036111,5,1304,1741,252,59
164,1069,1578,Sham19Y0036111,6,1093,1629,317,63
165,616,1048,Sham19Y0018568,73,627,969,174,42
165,1014,1456,Sham19Y0018568,74,1,428,281,75
165,1310,1456,Sham19Y0023625,2851,1296,1444,102,89
165,7,435,ShamIbadiyya0000109,7232,487,750,156,45
165,1,151,Shamela0000894,4350,913,1069,113,87
165,1,151,Shamela0010443,117,216,372,113,87
166,1,122,Sham19Y0023625,2851,1444,1565,96,100
166,122,1526,Sham19Y0023625,2852,1,1224,899,77
166,1073,1526,Shia001764Vols,207,129,767,201,35
166,1347,1526,Shamela0011244,27,881,1158,127,54
166,1390,1526,Shamela0011036,1893,124,383,104,49
167,1087,1517,Shamela0021660,1374,338,694,183,44
167,1,125,Sham19Y0023625,2852,1224,1348,102,99
167,213,842,Sham19Y0023625,2854,1008,1632,495,95
167,865,1517,Sham19Y0023625,2855,149,733,344,55
168,1404,1546,Sham19Y0023625,2855,766,899,104,92
168,219,678,Shamela0010443,119,517,1279,222,33
168,879,1380,Shamela0010443,120,356,1082,270,44
168,343,678,Shamela0010463,691,364,833,159,34
169,718,905,Sham19Y0018568,75,1340,1569,125,65
169,1,617,Sham19Y0023625,2855,899,1517,492,99
170,1055,1254,Shia001432Vols,23139,276,475,163,100
170,1032,1254,ShamAY0033975,830,846,1062,174,95
170,661,1254,Shamela0011353,52,846,1276,273,53
170,1032,1254,Sham19Y0013667,4878,1101,1316,173,95
170,661,1254,Shamela0011380,25,543,973,273,53
170,1032,1262,Shamela0011380,28,1191,1408,176,93
170,1032,1262,Shamela0000782,877,651,871,176,93
170,661,1254,Shamela0003055,2722,364,798,276,54
170,1032,1262,Shamela0003055,2725,967,1190,178,94
170,1032,1254,Shamela0003055,3278,1278,1495,169,91
170,696,1254,Shia002265Vols,47,839,1399,286,55
170,1032,1254,Sham19Y0017729,120,910,1126,174,95
170,186,680,Sham19Y0023625,2856,910,1373,347,84
170,1416,1532,Sham19Y0023625,2857,1,117,94,100
170,1032,1254,ShamAY0034005,41,742,986,143,60
170,1032,1254,JK000384,109,111,722,155,28
170,830,1254,Shamela0117359,641,688,1114,213,53
170,1032,1254,Sham19Y0014601,4026,73,292,176,97
170,1037,1254,Shia001764Vols,202,519,732,171,96
170,1032,1254,Zaydiyya0000352,160,1002,1234,171,88
170,1032,1262,Zaydiyya0000015,1263,331,561,180,95
170,1032,1254,Shamela0001442,261,1284,1503,176,97
170,1032,1254,ShamAY0038640,746,1003,1218,173,95
170,1100,1259,Sham19Y0020944,578,1,160,129,98
170,1032,1254,Zaydiyya0000229,129,397,629,171,88
170,1032,1254,Sham19Y0131336,855,665,884,176,97
170,1032,1254,Sham19Y0017903,229,972,1188,174,95
170,1032,1254,Shamela0004289,516,713,929,173,95
170,661,1254,Shamela0011181,21,192,618,268,52
170,716,1085,Shamela0010443,118,652,966,115,33
170,720,1254,Shamela0037559,11,664,1054,257,57
170,774,1262,Shamela0011244,26,480,845,221,49
170,1032,1254,Sham19Y0123510,608,46,265,176,97
171,1,323,Sham19Y0023625,2857,117,386,195,76
173,1,438,Shamela0009242,1716,118,736,220,38
173,100,438,Shia001764Vols,199,829,1184,161,44
173,100,438,Shamela0001442,258,293,639,162,45
173,182,438,Shamela0001000,1128,509,730,106,40
173,182,438,Shamela0007891,877,1094,1297,106,42
174,1065,1274,ShamAY0033975,643,869,1060,155,91
174,1004,1293,Sham19Y0018568,76,590,864,200,81
174,1300,1583,Shamela0008176,127,523,809,218,92
174,1065,1296,Sham19Y0148486,374,1253,1444,153,81
174,1022,1293,Sham19Y0017745,72,1196,1423,184,83
174,1065,1274,Sham19Y0146127,177,421,595,142,83
174,1065,1293,Shamela0009978,52,632,842,171,92
174,1078,1274,ShamAY0033938,1308,898,1113,137,78
174,1022,1306,Sham19Y0017729,53,217,454,161,71
174,1296,1583,Shamela0000140,50,1182,1473,222,91
174,1293,1583,Sham19Y0023625,165,606,891,184,72
174,1065,1274,ShamAY0033886,12,650,839,152,89
174,1068,1274,Sham19Y0014309,4,15,202,148,88
174,1065,1279,Zaydiyya0000015,580,1073,1257,137,77
174,1065,1274,Sham19Y0020638,1087,148,321,130,77
174,1078,1274,ShamAY0032665,2549,1231,1430,137,84
174,1078,1300,Shia003616Vols,674,855,1104,150,75
174,1300,1448,JK000201,30,913,1055,115,95
174,1065,1306,JK007065,1028,830,1059,151,70
174,1068,1274,Sham19Y0132524,2424,194,368,136,81
174,1022,1293,Shamela0010639,406,1255,1525,162,68
174,1022,1265,Shamela0023423,230,1359,1554,155,78
174,1068,1296,Sham19Y0020561,1330,997,1198,161,87
174,1065,1274,Sham19Y0017903,60,910,1087,138,81
174,1068,1274,Shamela0004289,179,825,1004,136,81
174,1022,1293,Shamela0010443,125,697,919,180,81
174,1065,1293,Shamela0011244,27,1316,1547,182,95
174,1065,1293,Shamela0010463,272,1002,1210,168,90
174,1016,1306,Shamela0012836,4,1221,1504,205,80
174,1065,1274,Sham19Y0017616,398,101,291,151,89
174,1137,1293,Shamela0011406,108,244,405,122,91
175,1112,1246,Sham19Y0013769,94,27,493,89,24
175,750,1107,Shia001913Vols,32,769,1108,130,40
175,243,1318,Sham19Y0007233,130,661,1282,435,50
175,210,534,Shamela0008176,127,192,517,244,95
175,729,1301,Shamela0025800,3845,905,1303,192,38
175,977,1107,Sham19Y0018176,1340,522,639,83,80
175,51,1389,Shamela0000140,51,1,944,565,50
175,729,1145,Sham19Y0016599,35,861,1408,284,63
175,713,1246,Shia004456Vols,4097,795,1565,357,57
175,1,581,Sham19Y0023625,165,891,1177,194,41
175,347,1471,Sham19Y0017350,29,118,1307,487,38
175,977,1107,Sham19Y0018106,2511,68,185,83,80
175,621,842,Sham19Y0014309,53,1203,1480,107,47
175,758,1279,Sham19Y0014309,54,1,499,271,53
175,541,1201,Sham19Y0019235,525,377,945,287,48
175,243,1318,Shia003732Vols,5175,74,707,440,50
175,243,353,JK000778,1173,450,564,77,85
175,722,1251,JK000778,1174,187,978,354,55
175,210,353,JK000201,30,212,355,103,91
175,977,1116,Zaydiyya0000286,79,1285,1412,90,82
175,729,994,Sham19Y0132524,2643,109,433,129,51
175,1112,1318,Sham19Y0132524,2643,979,1210,131,67
175,977,1107,JK000110,924,1257,1376,86,82
175,621,1305,Sham19Y0145212,4052,512,1124,252,44
175,729,1310,Sham19Y0018100,50,53,904,392,57
176,786,1068,Shamela0021660,2930,624,883,192,80
176,409,1068,Sham19Y0018568,77,700,1021,222,41
176,243,1470,Shamela0000140,389,541,1555,631,56
176,802,1389,Sham19Y0023625,74,780,1326,394,81
176,239,1068,Sham19Y0023625,2841,414,1405,476,53
176,1413,1519,Sham19Y0023625,2842,30,136,84,100
176,239,1068,ShamAY0035035,6423,684,1092,314,46
176,1279,1541,Kraken210323052121,217,828,1088,204,97
176,239,1068,Sham19Y0038171,1715,803,1212,314,46
177,230,515,Shamela0001666,72,896,1294,154,41
177,856,1204,Shamela0000140,235,878,1211,174,56
177,837,1308,Shamela0000140,389,1221,1381,123,32
177,901,1204,Sham19Y0023625,75,1,352,217,74
177,108,830,Sham19Y0023625,2842,158,695,413,69
177,230,495,Shamela0021588,250,747,1122,138,39
178,813,1245,Sham19Y0018568,78,75,500,266,68
178,1192,1566,Shamela0021654,1299,232,603,135,32
178,1192,1497,ShamAY0000351,436,102,283,124,47
178,1192,1386,Shamela0013048,244,400,953,128,28
178,1192,1525,Shamela0021605,1938,777,1074,221,81
178,622,1138,Shamela0000140,389,9,523,344,73
178,199,783,Sham19Y0023625,2842,730,1315,402,77
178,809,1178,Sham19Y0023625,2843,58,427,285,92
178,1262,1492,ShamIbadiyya0000109,7469,1,234,179,93
178,1192,1497,Shamela0001673,11355,691,872,124,47
178,1192,1497,Shia003616Vols,4014,879,1058,111,41
178,1330,1497,Shamela0010443,132,1,168,133,98
178,1192,1497,Shamela0010463,279,182,452,214,86
179,471,1084,Shamela0021660,5200,833,1293,315,59
179,1243,1583,Shamela0008360,390,1198,1483,222,82
179,1275,1583,Shamela0022644,1616,102,380,212,84
179,1246,1583,JK006897,252,850,1158,241,89
179,1246,1583,Shia002218Vols,314,544,864,226,82
179,1246,1583,Shamela0011498,323,338,613,214,79
179,1246,1583,ShamAY0034227,3743,273,601,243,87
179,1243,1583,Shamela0008176,3377,993,1278,222,82
179,1243,1583,Shamela0026884,316,898,1222,253,92
179,1275,1583,Sham19Y0017745,73,517,815,235,95
179,492,1084,Shamela0021654,1299,654,971,213,43
179,1243,1583,Shamela0008463,1405,774,1093,249,92
179,1246,1583,Shia000089Vols,1236,243,553,237,88
179,1246,1583,Shamela0021744,1122,565,885,253,94
179,1246,1583,Shamela0012014,279,484,816,253,90
179,1243,1502,Shamela0021715,10901,712,959,192,94
179,1243,1583,Shamela0023631,877,628,958,255,92
179,1243,1583,Shamela0012415,269,332,643,243,89
179,1305,1583,ShamAY0033938,715,1,270,213,95
179,1246,1583,Sham19Y0017729,221,268,583,244,91
179,1243,1502,Shamela0000140,388,622,869,151,65
179,1246,1552,Shamela0000140,1753,891,1186,226,91
179,1243,1583,Shamela0001535,2277,760,1088,258,95
179,1243,1583,Shamela0009780,430,967,1293,244,87
179,1243,1583,Shamela0005756,5693,59,392,259,94
179,1243,1502,Shamela0001673,11349,843,1058,167,81
179,1291,1583,Shia001764Vols,1356,526,799,216,92
179,1243,1583,Shamela0001680,2,998,1325,255,93
179,1281,1502,Sham19Y0009763,228,30,252,161,89
179,1243,1583,Shia002616Vols,1404,769,1084,246,90
179,1243,1583,Shia002702Vols,2637,684,1158,259,66
179,1243,1583,Sham19Y0020638,590,873,1190,247,90
179,1246,1583,Shamela0011428,1030,439,750,243,90
179,1291,1583,Shia003616Vols,5291,1062,1338,216,92
179,1275,1583,Shamela0006947,2179,854,1186,222,77
179,1246,1583,JK000299,968,1190,1510,253,94
179,1243,1583,ShamAY0034182,1252,519,835,247,91
179,1347,1583,JK007065,1029,1,236,186,98
179,1243,1519,Sham19Y0132524,1153,292,544,193,89
179,1246,1583,Shia000841Vols,3262,212,514,233,86
179,1246,1583,Sham19Y0149697,2628,24,350,248,90
179,1243,1583,Shamela0023422,614,448,777,257,93
179,1246,1583,Shamela0005922,1663,829,1156,239,84
179,1243,1583,Shamela0025794,1882,1008,1347,241,81
179,498,1042,ShamAY0034195,50,12,838,365,52
179,1275,1583,JK009237,1678,1,303,239,97
179,1243,1583,Sham19Y0017903,435,1007,1322,245,90
179,1449,1583,JK010001,1835,1,136,109,99
179,1275,1583,Sham19Y0150599,149,582,899,237,90
179,471,789,Shamela0010443,132,1165,1576,211,62
179,789,1042,Shamela0010443,133,1,473,176,43
179,1389,1583,Sham19Y0122406,1912,532,726,154,98
179,1243,1583,Shamela0011244,28,25,341,238,87
179,1246,1502,Sham19Y0123608,604,754,960,156,77
179,1243,1583,Shamela0010463,273,88,402,245,90
179,537,1042,Shamela0010463,280,1,785,339,50
179,1243,1583,Sham19Y0127700,199,757,1092,259,93
179,1246,1583,Shamela0011036,296,378,694,247,91
179,1243,1583,Sham19Y0017616,162,48,372,253,92
179,1246,1583,ShamAY0033181,561,850,1157,243,90
179,1243,1583,Sham19Y0019188,1303,1,349,248,84
179,1243,1583,Tafsir07055,1921,531,885,257,87
180,698,992,Shamela0000140,388,1249,1540,219,91
180,634,861,Shamela0001673,11350,563,747,114,59
180,1,523,Shia001764Vols,1356,799,1458,224,35
180,1,523,Shia003616Vols,5292,1,657,220,35
180,634,957,Sham19Y0132524,1153,1008,1425,168,44
180,1,604,Shamela0011244,28,341,1093,167,22
181,1240,1441,Shamela0025800,807,1214,1451,114,48
181,1237,1441,Sham19Y0018144,2737,56,281,114,50
181,1237,1390,Shamela0023631,1779,93,250,110,80
181,1237,1441,ShamAY0033938,1415,511,736,114,50
181,1237,1447,ShamAY0034005,803,895,1071,129,73
181,1237,1390,Shamela0001673,11357,602,759,110,80
181,562,933,Shamela0001680,3,97,330,111,34
181,1237,1441,ShamAY0033567,26,905,1141,115,49
181,1237,1441,Sham19Y0020638,1200,1157,1384,116,51
181,1240,1447,Sham19Y0037618,5227,57,234,118,63
181,1237,1441,ShamAY0034383,191,655,880,114,50
181,1237,1441,JK000021,2286,254,477,116,51
181,1256,1441,JK007065,1257,542,746,110,54
181,1237,1441,Shamela0004289,869,451,676,114,50
181,562,1081,Shamela0010443,127,768,1489,361,62
181,1081,1479,Shamela0010443,128,1,605,283,57
181,1237,1447,Sham19Y0122406,3792,891,1056,118,66
181,562,886,Shamela0010463,274,1046,1512,219,58
181,886,1479,Shamela0010463,275,1,860,426,61
181,1237,1441,Sham19Y0017616,455,164,402,114,48
183,1026,1213,Shamela0021660,1565,295,479,133,85
183,405,655,Sham19Y0132524,1150,155,679,140,34
184,227,684,Shamela0008360,427,889,1295,308,84
184,305,684,JK000271,123,1,434,282,81
184,210,615,Sham19Y0018568,78,886,1309,308,90
184,254,684,Sham19Y0018567,931,1023,1402,259,72
184,210,748,Sham19Y0122257,1693,262,691,284,62
184,224,692,Sham19Y0146127,1059,214,733,319,69
184,268,605,Shamela0007289,6799,147,458,244,86
184,326,605,JK006950,1010,48,328,227,98
184,263,605,ShamAY0034055,7093,1,347,234,74
184,665,1367,Sham19Y0023625,2832,752,1496,429,60
184,1379,1514,Sham19Y0023625,2833,1,133,100,94
184,231,605,Shia002616Vols,633,1,396,283,87
184,369,684,Shamela0012884,3577,176,776,179,34
184,224,684,Shamela0004473,6227,432,882,343,92
184,258,684,Shamela0004473,9047,153,606,288,70
184,308,615,Shia000841Vols,2947,1,333,229,84
184,258,698,Tafsir07076,216,82,550,284,66
184,301,622,Shamela0005922,1344,1,362,254,86
184,224,692,JK001429,39,821,1322,336,81
184,224,684,Sham19Y0017903,953,507,982,310,75
184,210,684,Sham19Y0013223,679,517,1007,328,79
184,254,615,Shamela0010517,1706,18,382,267,84
184,258,687,Tafsir02091,1418,717,1108,265,74
184,462,986,Shamela0010443,139,1,511,239,44
184,224,502,Sham19Y0020643,414,1329,1610,213,90
184,268,692,Shamela0012836,5,1,452,303,81
184,227,684,JK007107,276,192,637,331,84
185,617,1087,Shamela0021660,148,650,1072,306,77
185,1,1561,Sham19Y0023625,2833,133,1197,669,47
186,1323,1482,ShamAY0033728,62,262,435,120,81
186,174,867,Sham19Y0023625,2834,752,1516,396,53
186,1128,1519,Sham19Y0023625,2835,218,665,290,76
186,1235,1514,Shamela0010443,147,134,532,192,58
187,640,930,Shamela0021660,4004,1113,1391,217,90
187,986,1492,Shamela0021660,4052,222,552,258,64
187,640,930,JK001239,72,918,1198,217,89
187,986,1492,JK001239,127,536,866,255,63
187,212,600,ShamAY0033728,62,584,1032,141,31
187,12,1069,Sham19Y0023625,2835,718,1547,470,46
187,1069,1434,Sham19Y0023625,2836,1,369,199,52
187,212,640,Shamela0010443,147,661,1174,179,37
187,1000,1434,Sham19Y0122096,3142,908,1155,176,50
188,809,1223,Shamela0021660,4794,1073,1527,242,59
188,1258,1567,Shia001782Vols,3752,655,944,194,71
188,1258,1567,Shamela0008473,555,400,657,175,65
188,1258,1567,Sham19Y0013252,12362,972,1261,200,73
188,382,483,Sham19Y0150960,1527,201,301,76,96
188,1254,1567,Shamela0009873,1220,621,875,185,71
188,1258,1567,Shia002034Vols,1624,711,1002,198,72
188,1254,1567,Shamela0023631,486,882,1145,176,64
188,1234,1567,ShamAY0033728,59,637,952,232,83
188,1,988,Sham19Y0023625,2836,450,1584,580,55
188,988,1567,Sham19Y0023625,2837,1,480,337,66
188,1234,1567,Sham19Y0013577,8280,557,856,183,62
188,1261,1540,Shamela0000894,3044,1259,1553,188,71
188,1258,1511,Shamela0012884,406,1329,1530,132,59
188,1261,1567,Tafsir07057,320,29,281,173,65
188,1261,1567,Tafsir09084,191,584,836,173,65
188,1258,1567,Tafsir09083,98,1040,1295,175,65
188,1258,1567,Shamela0023623,287,936,1198,175,64
188,1258,1567,Sham19Y0013223,680,646,964,229,86
188,1234,1567,Shamela0021537,902,590,900,246,92
188,1234,1567,Shamela0021537,5268,629,896,212,79
188,1234,1567,Shamela0010443,140,1147,1457,236,86
188,287,476,Shamela0010443,149,38,253,135,74
188,1234,1567,Sham19Y0123608,1125,1074,1373,183,62
188,1234,1567,Sham19Y0038171,1032,1069,1371,176,60
189,726,1141,Sham19Y0018568,80,559,1002,179,40
189,1,301,ShamAY0033728,59,952,1169,144,57
189,1,194,Sham19Y0023625,2837,480,672,146,97
189,685,1058,Shia004047,143,465,1033,190,36
189,1,301,Shia002264,712,1089,1282,126,50
189,199,479,Shamela0010443,141,13,670,186,35
189,1,301,Shamela0021629,403,520,955,125,30
189,8,301,Shamela0021629,421,471,762,116,45
190,334,480,Sham19Y0017745,76,1390,1547,116,89
190,643,893,Sham19Y0017745,77,32,259,177,88
190,334,493,ShamAY0000351,663,978,1163,115,72
190,1192,1378,Shamela0000140,191,915,1085,113,70
190,787,1566,Sham19Y0023625,717,404,1200,481,64
190,4,643,Sham19Y0023625,2837,871,1388,379,68
190,334,493,Shia001764Vols,1077,1215,1400,115,72
190,327,493,JK000201,3679,410,600,123,75
190,4,493,Shamela0011244,30,170,403,170,40
191,1169,1317,Shamela0021660,2872,1189,1329,90,72
191,613,1062,Shamela0000140,191,677,1513,277,37
191,1,404,Sham19Y0023625,717,1200,1571,292,84
191,404,995,Sham19Y0023625,718,1,578,364,66
191,955,1555,Sham19Y0023625,2826,169,878,271,38
192,1123,1278,Shamela0005963,49,1220,1374,120,96
192,1160,1278,Shamela0000140,85,1365,1483,93,96
192,1,386,Sham19Y0023625,2826,878,1247,285,93
193,457,677,Shamela0029769,11,816,1148,166,63
193,16,731,Shamela0000140,192,747,1292,421,73
193,159,1198,Sham19Y0023625,2827,394,1502,639,61
193,457,1155,Shamela0008648,681,244,525,209,37
193,457,677,Shamela0008648,729,796,1020,158,85
193,530,677,ShamAY0032859,60,1,147,118,99
193,410,738,Tafsir06049,84,1,343,237,84
193,59,281,Shamela0010443,151,1293,1540,125,58
193,984,1188,Shamela0010443,152,1270,1484,150,90
193,281,738,Shamela0010443,152,1,777,337,54
193,868,1444,Shamela0010443,153,926,1318,266,55
194,468,938,Shamela0021660,5317,868,1237,222,52
194,537,902,Shamela0021654,1781,1301,1572,182,59
194,1,839,Sham19Y0023625,2828,30,1151,615,66
194,1,618,Shamela0010443,154,344,1498,392,41
194,668,851,Shamela0010443,155,133,288,121,83
195,68,1334,Shamela0021660,4710,17,778,469,42
195,451,834,Sham19Y0018568,82,61,334,167,48
195,481,834,Sham19Y0017745,79,897,1115,154,50
195,68,205,Shamela0021654,1441,1429,1566,98,88
195,462,1387,Shamela0021654,1442,1,644,372,45
195,49,220,Sham19Y0023625,2465,1280,1514,132,68
195,247,1221,Sham19Y0023625,2466,23,843,647,80
195,462,753,Sham19Y0145212,2952,1051,1509,220,56
195,451,646,Sham19Y0018272,1982,552,685,103,65
195,174,846,Shamela0021589,1671,147,674,199,30
195,1221,1620,Shamela0025791,62,87,397,183,49
195,1221,1620,Shamela0010443,158,980,1477,253,56
196,685,887,Shamela0000791,688,906,1094,137,82
196,42,161,Sham19Y0023625,2466,1492,1614,91,93
196,161,713,Sham19Y0023625,2467,1,873,423,60
197,664,1025,Shia001432Vols,5443,658,1000,183,61
197,713,1025,Shia001432Vols,26016,9,306,154,60
197,664,1025,Shamela0008473,1437,1008,1331,251,87
197,84,224,Shamela0008473,3716,167,349,88,60
197,664,1019,Shia001334,503,1088,1469,256,78
197,664,1025,JK010552,740,679,995,179,53
197,664,1025,Shia001615Vols,1750,673,1015,183,61
197,68,224,Shamela0030769,62,311,491,72,47
197,664,837,Shia002218Vols,632,1325,1492,132,95
197,664,1025,Zaydiyya0000087,81,43,401,277,95
197,664,1025,Shia001340,415,690,1080,263,79
197,664,1028,Sham19Y0145435,1066,77,468,257,76
197,664,1004,JK007063,73,1195,1521,227,79
197,664,933,Shamela0037540,11,211,653,149,43
197,664,1025,Shamela0008176,2879,927,1291,280,94
197,76,410,Sham19Y0017745,79,300,672,219,72
197,664,1025,Shamela0005816,196,652,977,206,64
197,664,1025,Shamela0010273,3643,756,1091,250,85
197,664,1025,Sham19Y0016928,41,272,628,277,95
197,664,1025,Shia002231Vols,74,793,1150,277,95
197,664,1025,ShamAY0033535,18,975,1250,216,74
197,664,1025,Shia003757,321,1173,1497,189,57
197,664,1025,Shia002958,241,918,1241,183,53
197,796,1025,ShamAY0034055,11239,1,210,103,55
197,664,1025,Shia001137,433,376,718,186,63
197,669,1025,Shia002265Vols,5363,1105,1457,272,93
197,664,1025,Tafsir04042,2328,143,473,182,61
197,664,1025,JK003501,62,66,364,169,51
197,669,966,Sham19Y0014404,1454,1278,1504,139,51
197,329,556,Shamela0000791,688,1201,1486,160,69
197,610,1035,Sham19Y0023625,2470,1012,1312,184,49
197,664,1028,Shamela0009783BK1,237,545,935,257,77
197,669,1025,JK000916,8828,653,1007,263,91
197,664,1025,JK000916,8831,333,642,174,51
197,90,329,JK007054,36,415,535,84,43
197,837,1025,Shamela0008204,39,1,194,148,95
197,773,1025,Sham19Y0014309,532,8,226,111,45
197,664,1010,Tafsir03092,548,1090,1404,243,87
197,664,1025,Zaydiyya0000352,315,827,1180,274,94
197,656,933,Shamela0007528,7,721,1204,155,41
197,664,1025,Shia002616Vols,6667,953,1289,236,79
197,669,951,Zaydiyya0000067,57,1201,1489,213,92
197,664,1025,Shia001395Vols,53,472,802,255,88
197,664,1025,Shia002702Vols,11588,407,734,186,63
197,664,1025,Shamela0026435,13,666,1023,280,96
197,713,1025,JK009390,5526,6,310,236,92
197,796,1035,Shamela0012406,114,1,253,180,88
197,664,1025,Shamela0009898,204,343,668,207,64
197,649,979,Shamela0010262,89,459,736,131,38
197,669,979,Shamela0010262,101,251,570,210,74
197,664,1025,Shamela0012884,5302,538,866,192,64
197,115,329,Sham19Y0014592,1022,941,1102,78,37
197,664,822,Sham19Y0014592,1086,1344,1488,107,82
197,649,918,Sham19Y0014592,2626,1094,1385,209,90
197,664,1025,JK000911,76,479,842,250,77
197,664,1010,Shamela0022593,589,577,891,243,87
197,669,1025,Sham19Y0122187,958,999,1369,246,76
197,649,1025,Shamela0010496,166,125,302,98,31
197,664,879,SHAM19Y23644,308,1307,1488,120,64
197,682,1025,Zaydiyya0000342,351,1,321,170,59
197,669,1025,Sham19Y0127677,5339,759,1115,275,95
197,649,1025,Shamela0004473,3589,119,495,294,97
197,664,853,Sham19Y0132524,2889,1285,1441,115,76
197,669,1025,Shia004021,149,749,1130,257,80
197,664,1025,Shia001148,327,928,1269,202,68
197,664,1025,Shamela0000432,4359,318,654,235,79
197,664,1025,Zaydiyya0000229,279,783,1136,274,94
197,664,822,Shia001417,16,1296,1444,104,79
197,664,1025,Shia002382Vols,2510,982,1317,186,63
197,76,406,Shamela0001719,1765,749,1115,220,74
197,669,1025,Shamela0001438,7375,444,801,276,95
197,664,1025,Shia002389Vols,3186,1109,1440,188,64
197,664,1025,Shia002389Vols,3187,506,880,254,80
197,664,1025,Shamela0010646,735,612,951,249,82
197,580,1126,Shamela0025791,62,471,1262,371,58
197,664,1025,ShamAY0034059,6766,669,962,185,57
197,664,1025,Tafsir06049,6684,407,750,245,80
197,664,868,Sham19Y0013223,841,1282,1490,152,91
197,868,1025,Sham19Y0013223,842,1,158,125,100
197,664,1025,ShamAY0034066,1522,71,402,242,82
197,580,1025,Shamela0010443,159,755,1423,336,62
197,987,1440,Shamela0010443,160,7,964,269,36
197,664,1025,Sham19Y0001729,203,93,450,279,96
197,235,485,Shamela0011244,31,524,753,142,69
197,664,822,Shia001187Vols,4474,1104,1251,108,84
197,669,1025,Shamela0003118,2921,785,1136,264,92
197,705,1025,JK000022,173,1,330,241,91
197,664,1025,Sham19Y0023618,1939,463,793,244,83
197,664,1025,Shamela0021629,676,153,510,280,96
197,664,1025,Tafsir03037,3361,186,521,250,85
198,101,629,Sham19Y0018568,83,450,906,203,45
198,949,1269,Shamela0003722,673,245,701,95,18
198,790,911,Shamela0008176,7890,846,953,83,86
198,110,331,Sham19Y0017745,80,145,326,139,80
198,693,1053,Shamela0096239,19,841,1404,199,40
198,949,1097,ShamAY0033598,265,712,939,92,47
198,949,1097,JK000134,277,801,1037,94,48
198,693,911,JK000533,106,381,548,115,66
198,949,1097,Sham19Y0149213,199,262,486,91,47
198,170,614,Shamela0023423,279,357,840,197,39
198,1,110,Shamela0010443,160,964,1419,86,23
198,96,337,Shamela0011244,31,688,956,152,61
198,101,504,Shamela0012836,5,700,1027,172,47
199,1047,1423,Shamela0021660,350,912,1334,182,49
199,1058,1258,Sham19Y0013252,438,445,741,154,65
199,1299,1491,Sham19Y0018568,84,89,284,135,87
199,1051,1231,Shamela0008176,6124,538,745,109,55
199,864,1258,Sham19Y0014555,866,611,1069,192,42
199,1043,1231,Sham19Y0013605,121,272,470,142,89
199,1107,1258,Sham19Y0122257,2800,137,246,86,72
199,1043,1258,Shamela0000140,434,246,533,169,74
199,350,1252,Sham19Y0023625,2829,302,1500,627,63
199,1252,1491,Sham19Y0023625,2830,1,240,190,100
199,1043,1258,Shia001764Vols,252,304,609,168,69
199,1043,1258,JK000201,3231,260,575,168,67
199,1112,1258,Shamela0021590,1502,1,154,110,89
199,422,555,Shamela0021589,1698,472,602,89,80
199,1058,1258,JK000603,61,203,490,157,69
199,1043,1258,Sham19Y0017747,2320,561,858,168,71
199,1043,1148,Shamela0011244,31,1251,1435,82,57
199,1148,1258,Shamela0011244,32,1,105,76,82
200,657,1005,Shamela0021660,134,696,934,174,63
200,612,1200,Shamela0021660,1104,767,1047,181,37
200,691,1205,Sham19Y0013252,438,944,1218,176,42
200,793,1027,JK009324,24,1,359,97,31
200,620,895,Sham19Y0023625,2829,851,1110,187,81
200,1,612,Sham19Y0023625,2830,240,804,389,72
200,1219,1441,Sham19Y0023625,2831,193,420,174,96
200,691,1200,Shamela0005756,315,305,565,156,36
200,841,1005,Shamela0021589,1698,1211,1372,106,84
200,109,367,Shamela0010443,167,627,1462,181,27
200,691,1205,Shamela0011244,32,290,549,178,43
201,1102,1284,Shamela0008473,326,561,781,139,81
201,1102,1284,Sham19Y0148271,1271,785,1021,133,72
201,1120,1284,Shamela0005815,181,38,201,119,91
201,1,1133,Sham19Y0023625,2831,420,1587,873,89
201,1133,1561,Sham19Y0023625,2832,1,427,326,96
201,786,1025,Shamela0010443,168,937,1217,179,80
201,1033,1284,Shamela0010443,169,413,783,166,55
201,1102,1284,Shamela0010463,484,37,241,133,83
202,1,333,Sham19Y0023625,2832,427,765,265,97
202,610,919,Sham19Y0023625,2848,873,1452,217,46
202,919,1350,Sham19Y0023625,2849,1,684,325,59
202,27,333,Shamela0010443,171,139,639,227,56
203,24,386,Sham19Y0023625,2849,696,1032,268,91
204,1338,1568,Shamela0021660,2545,480,811,175,63
204,939,1572,Sham19Y0023625,2850,27,541,387,74
205,1,595,Sham19Y0023625,2850,541,1169,445,83
205,1319,1594,Sham19Y0023625,2851,1,274,223,98
205,1,362,Shamela0021598,6081,661,1404,266,43
206,57,409,Sham19Y0018568,84,821,1416,152,27
206,1,666,Sham19Y0023625,2851,274,1291,483,57
207,837,1200,Shamela0021660,5044,642,953,229,74
207,485,775,Sham19Y0018568,87,1133,1370,190,81
207,971,1171,Sham19Y0018568,88,303,464,120,70
207,485,775,Sham19Y0017745,85,652,890,192,82
207,1397,1576,Shamela0000140,653,1288,1449,110,68
207,1171,1393,Shamela0000140,653,465,721,168,80
207,837,1518,Sham19Y0023625,2437,11,671,470,82
207,581,897,Sham19Y0132524,128,86,391,187,60
207,558,855,Shamela0023423,289,1075,1504,237,69
207,485,792,Shamela0010443,184,277,556,196,74
207,545,863,Shamela0011244,33,1323,1618,205,71
207,485,833,Shamela0012836,5,1143,1479,218,71
208,1254,1462,Shia001334,500,1080,1248,111,68
208,1329,1474,JK007049,121,759,893,107,92
208,1329,1474,Shia002231Vols,397,447,584,106,92
208,1329,1474,Shamela0006446,171,52,203,106,88
208,1329,1474,Shamela0013027,184,263,402,111,95
208,1329,1474,Shamela0000782,784,623,760,106,92
208,1329,1474,Shia001731Vols,840,677,823,111,91
208,1118,1474,Shamela0000655,9,447,794,114,27
208,1,110,Shamela0000140,653,1449,1557,82,97
208,478,627,Shamela0000140,654,8,158,113,94
208,101,387,Shamela0000140,660,1307,1584,204,87
208,23,484,Sham19Y0023625,2437,688,1512,295,44
208,470,627,Shamela0000551,2884,1387,1523,91,74
208,1329,1474,ShamAY0034128,508,849,995,111,91
208,1320,1437,Shamela0001673,9746,904,1027,83,80
208,1329,1474,Shamela0036515,2330,535,678,111,96
208,1329,1474,Shamela0009810,1436,1316,1462,111,91
208,1329,1474,Noorlib0007682,87,895,1032,106,92
208,1329,1474,ShamAY0038516,180,1219,1356,106,92
208,1329,1474,Shamela0026566,19,533,663,103,88
208,1329,1474,JK000021,1485,750,884,104,90
208,1329,1474,Shamela0007891,2494,120,255,104,90
208,1329,1474,Sham19Y0018272,661,901,1139,106,54
208,1329,1474,JK007007,43,401,537,105,91
208,1254,1474,Shamela0025791,61,13,485,159,41
208,1329,1474,Shamela0004289,1000,597,734,106,92
208,1329,1474,Sham19Y0013223,847,1076,1213,106,92
208,1329,1474,Shamela0010517,61,754,891,106,92
208,1329,1474,Shamela0010517,70,1237,1374,106,92
208,1097,1305,Shamela0010443,185,88,405,139,56
208,1311,1474,Shamela0010443,185,1212,1429,122,67
208,1329,1474,Shamela0026878,222,203,355,110,89
208,1329,1474,Sham19Y0001729,167,1149,1286,106,92
208,1,530,Shamela0001467,27,525,855,122,29
208,1329,1474,JK011499,40,875,1013,106,92
208,1329,1474,Shamela0023700,280,856,993,106,92
208,1329,1474,Shamela0021629,680,281,418,106,92
209,1188,1419,Shamela0021660,1621,1104,1315,169,90
209,111,276,Shamela0021660,3335,462,618,121,93
209,527,765,Sham19Y0017745,86,1271,1513,187,93
209,765,1005,Sham19Y0017745,87,1,310,188,75
209,1188,1419,Shamela0021654,1202,599,822,158,80
209,224,507,JK009251,104,383,925,202,45
209,532,716,Shamela0009953,114,925,1162,123,58
209,720,979,Shamela0009953,115,727,979,177,83
209,666,960,Sham19Y0023625,2472,422,725,226,91
209,532,756,Shia001764Vols,254,1257,1487,170,91
209,756,1005,Shia001764Vols,255,1,338,189,69
209,1031,1528,Sham19Y0132524,128,413,986,281,52
209,532,960,Shamela0010639,333,516,971,322,87
209,605,872,ShamAY0034059,3596,63,349,112,42
209,170,418,Shamela0010443,189,75,428,151,51
209,720,979,Shia002185Vols,2343,13,288,172,76
210,645,1064,Sham19Y0018568,88,690,1135,279,75
210,1014,1202,Sham19Y0018568,89,820,1074,128,63
210,810,993,JK009251,103,684,856,117,83
210,537,1160,Sham19Y0023625,2438,302,893,446,87
210,9,145,Sham19Y0132524,128,1068,1205,99,86
210,245,459,Shamela0011244,35,652,851,136,77
210,245,459,Sham19Y0013572,949,413,634,144,82
211,847,996,Shamela0021660,2625,1214,1377,103,77
211,277,409,Shamela0021660,5046,405,536,104,99
211,98,241,Shamela0025791,67,664,1026,86,29
211,98,241,Shamela0010443,190,571,934,90,30
211,688,874,Shamela0010443,193,208,376,123,81
212,411,862,Shamela0021660,3364,918,1504,327,67
212,1056,1561,Shamela0021660,4560,761,873,87,21
212,18,157,Shamela0026884,260,284,495,97,57
212,291,1037,Shamela0000140,653,910,1259,243,38
212,421,862,ShamAY0035035,3632,66,796,283,46
212,13,161,ShamAY0033523,618,879,1091,99,57
213,109,572,Shamela0021660,2264,1202,1543,237,63
213,1159,1496,Sham19Y0018568,89,1096,1459,231,74
213,1165,1518,Sham19Y0017745,88,1092,1371,155,52
213,814,1496,ShamIbadiyya0000109,1835,162,916,380,54
213,105,578,ShamIbadiyya0000109,1843,1099,1437,188,49
214,874,1035,Sham19Y0018568,88,1400,1561,132,100
214,310,813,Shamela0000140,654,174,583,310,74
214,324,1553,Sham19Y0023625,2873,299,1368,805,78
214,1293,1553,ShamIbadiyya0000109,7260,1182,1388,137,64
214,1284,1543,Sham19Y0013223,1002,1228,1462,125,63
214,1278,1410,Shamela0011244,35,851,989,104,95
214,1287,1553,Shamela0006610,1139,150,728,122,24
215,576,891,Shamela0021660,5387,794,1057,195,77
215,266,666,Sham19Y0036110,282,1059,1503,276,74
215,713,907,Sham19Y0036110,283,55,311,143,70
215,1084,1502,Sham19Y0018568,93,1,382,237,63
215,1084,1440,Sham19Y0017745,91,1149,1445,179,56
215,1,149,Sham19Y0023625,2873,1368,1560,110,72
215,323,1079,ShamIbadiyya0000109,7260,214,862,372,50
215,1267,1520,ShamIbadiyya0000109,7261,240,497,176,80
215,100,313,ShamIbadiyya0000109,7261,1,200,137,83
215,295,838,ShamAY0035035,6434,7,425,233,48
215,266,725,Shamela0010443,202,961,1476,296,69
216,269,600,Shia001782Vols,2646,437,769,121,36
216,128,415,Shamela0008473,1010,1082,1410,110,30
216,269,600,Sham19Y0148271,2108,499,813,115,31
216,364,938,Sham19Y0023625,2875,567,1181,331,63
216,810,1199,Sham19Y0023625,2876,247,583,156,39
216,1,953,ShamIbadiyya0000109,7261,497,1386,647,85
216,563,788,Shamela0013087,329,580,897,135,50
216,531,788,Shamela0012884,1111,993,1407,172,53
216,269,415,Sham19Y0014592,2799,1241,1384,91,76
216,364,928,Sham19Y0127713,624,412,1047,192,30
216,364,802,Sham19Y0127713,1599,841,1402,188,39
216,269,415,Shia002069Vols,861,85,238,91,71
216,563,788,Zaydiyya0000053,1119,841,1252,147,47
216,269,415,Shamela0025794,4400,212,365,91,71
216,563,928,Sham19Y0013223,978,195,698,168,38
216,364,866,Shamela0010443,202,1,980,297,36
216,269,415,Sham19Y0038171,1718,712,857,91,73
216,128,415,Shamela0009567,614,665,1016,128,38
217,1,500,JK000001,1799,394,975,246,47
217,1,198,Shamela0021660,1359,829,1010,145,90
217,725,928,Shamela0021660,1360,1,181,134,82
217,1,190,Shamela0021660,3604,1110,1292,146,94
217,1415,1604,Shamela0021660,5388,436,556,78,50
217,1,500,Shia001432Vols,24760,198,786,240,46
217,428,647,Sham19Y0018568,90,32,185,111,61
217,454,647,Sham19Y0023625,2268,539,732,155,99
217,158,454,Sham19Y0023625,2271,398,733,226,81
217,939,1604,ShamIbadiyya0000109,7265,318,894,308,49
217,1,144,Shamela0007441,556,1368,1511,116,100
217,1,421,Shamela0021597,1983,543,963,327,93
217,517,824,Shamela0010443,203,700,1461,183,29
217,535,685,Sham19Y0038171,1724,1035,1297,102,47
218,1437,1579,JK000001,1815,406,826,92,28
218,223,975,Shamela0021660,5388,901,1533,484,77
218,371,969,Sham19Y0018568,90,303,926,295,53
218,975,1462,Sham19Y0023625,2876,795,1210,235,54
219,330,671,JK000001,1810,821,1359,94,17
219,201,462,JK000001,1816,1031,1302,149,63
219,1061,1341,JK001012,286,344,648,201,79
219,249,462,Shamela0021660,972,607,797,145,85
219,1061,1318,Shamela0008360,376,752,1016,198,91
219,1168,1318,JK000216,231,445,799,118,42
219,1061,1318,Shamela0008473,130,100,376,201,91
219,1061,1318,Sham19Y0013252,9087,55,327,204,94
219,1061,1318,JK009324,3207,511,783,204,94
219,1061,1244,Sham19Y0150960,434,593,792,145,91
219,476,763,Sham19Y0018568,90,1158,1453,191,74
219,1061,1280,Sham19Y0148271,762,1256,1490,174,93
219,1061,1318,Shamela0008176,3249,755,1019,198,91
219,476,763,Sham19Y0017745,90,1145,1444,187,72
219,1061,1318,Sham19Y0013605,4304,926,1198,204,94
219,1061,1318,Shamela0025800,2311,345,750,189,58
219,1061,1244,Shamela0001404,171,1212,1396,146,99
219,1061,1318,Sham19Y0122257,1494,933,1197,199,91
219,1061,1318,Sham19Y0018103,3614,1072,1344,204,94
219,282,462,Shamela0013048,261,116,344,136,75
219,1091,1318,Sham19Y0018176,2191,11,238,174,96
219,1061,1299,Sham19Y0014119,272,1168,1349,140,73
219,1061,1318,Shamela0021715,9229,902,1174,204,94
219,1125,1318,Shamela0021715,9230,47,384,148,55
219,1061,1244,Sham19Y0017063,540,37,184,117,79
219,1076,1529,JK001412,243,308,802,187,34
219,1061,1229,Sham19Y0016584,4041,1227,1410,133,91
219,1061,1244,Sham19Y0147812,196,806,1005,146,91
219,1061,1244,ShamIbadiyya0000109,481,385,579,141,91
219,1091,1318,ShamIbadiyya0000109,7267,1,221,174,96
219,495,763,ShamIbadiyya0000109,7268,219,487,212,98
219,330,462,ShamIbadiyya0000109,7269,31,157,100,93
219,476,817,Shamela0000551,2797,830,1195,215,68
219,1061,1269,Shamela0005756,13771,1315,1538,165,92
219,1163,1318,JK001236,266,1,157,121,98
219,1061,1318,Sham19Y0018106,3678,73,345,204,94
219,1061,1244,Sham19Y0017791,796,68,215,118,80
219,775,1244,Shamela0004473,7440,1312,1533,149,38
219,1061,1318,JK000110,1608,181,453,204,94
219,1061,1318,Sham19Y0145212,1743,240,504,198,91
219,1061,1336,ShamAY0035035,6464,1124,1409,202,86
219,1061,1318,Shamela0007891,753,553,825,204,94
219,1061,1244,Sham19Y0016976,803,1108,1255,118,80
219,1061,1244,Shamela0022642,236,475,678,143,88
219,1061,1318,Shamela0004445,82,564,837,203,93
219,282,462,Sham19Y0013223,2475,490,716,136,75
219,1061,1539,Shamela0010443,203,416,1057,276,46
219,1061,1318,Sham19Y0001729,1914,751,1024,191,85
219,1061,1336,Sham19Y0038171,1723,132,420,207,88
219,282,421,Shamela0006700,505,1366,1525,96,73
220,357,686,JK000001,1813,27,329,136,40
220,441,774,Sham19Y0036110,286,850,1199,245,87
220,253,700,Shia001432Vols,24763,1020,1393,205,50
220,766,1205,Sham19Y0018568,91,44,563,213,46
220,310,774,ShamIbadiyya0000109,7264,982,1460,352,89
220,253,533,ShamAY0035035,6465,1272,1530,184,77
220,441,774,ShamAY0035035,6466,258,698,206,56
220,441,774,Shamela0010443,204,1002,1331,254,95
220,338,766,Shamela0008203,40,1070,1274,97,25
220,338,533,Sham19Y0038171,1724,1307,1476,137,86
220,441,774,Sham19Y0038171,1725,284,728,207,56
220,253,533,Shamela0021629,106,1059,1299,128,45
221,1235,1376,Sham19Y0018568,91,714,859,103,92
221,561,791,Sham19Y0018568,92,34,261,164,89
221,235,782,Sham19Y0023625,2274,593,1115,290,58
221,162,534,Sham19Y0023625,2875,58,413,273,88
221,456,801,Shamela0000551,2798,1,291,196,72
222,809,976,Shia001782Vols,60,992,1221,106,60
222,842,927,Shia001782Vols,1321,1,86,64,100
222,809,927,Sham19Y0036110,290,569,691,90,96
222,809,911,Shamela0001975,452,1408,1510,78,100
222,1,151,Sham19Y0018568,92,1177,1351,113,78
222,809,927,Shamela0021659,699,1061,1179,90,100
222,809,927,JK001297,167,481,598,89,99
222,719,927,Shia002261Vols,168,623,809,106,66
222,483,689,Sham19Y0150962,1358,12,212,73,42
222,809,927,JK007006,788,1186,1401,83,51
222,1125,1317,Shia002265Vols,742,315,568,75,27
222,809,927,Shia002265Vols,5236,1268,1386,90,100
222,709,976,Shamela0095735,134,823,1258,152,45
222,186,339,Sham19Y0023625,2876,1134,1287,105,85
222,893,1361,ShamIbadiyya0000109,7275,4,346,202,53
222,809,927,JK009390,1148,928,1046,90,100
222,809,986,Sham19Y0014592,2242,1116,1280,104,74
222,809,927,Sham19Y0014592,2268,50,171,90,97
222,809,927,Sham19Y0127677,1311,703,821,90,100
222,1125,1317,Sham19Y0127677,16340,174,716,122,27
222,796,976,ShamAY0035035,8909,312,551,116,63
222,809,927,Shia003488Vols,139,880,998,90,100
222,809,927,Shamela0013068,41,406,524,90,100
222,1125,1361,Shamela0010443,205,403,710,144,55
222,453,980,Shamela0010443,207,1,1182,366,38
222,714,976,Shamela0010463,598,1289,1551,133,62
222,796,976,Sham19Y0038171,2223,1171,1441,116,55
222,697,927,Sham19Y0122096,1760,753,1156,122,33
222,1125,1361,Shamela0021629,115,142,452,130,47
223,148,326,Sham19Y0013783,2804,902,1069,109,69
223,177,318,Shamela0001975,225,543,685,113,98
223,158,318,Shamela0001975,931,506,683,128,89
223,55,318,Shamela0008176,2950,1012,1233,109,41
223,177,318,Shamela0021659,271,540,682,113,98
223,177,318,Shamela0021659,1215,983,1125,113,98
223,203,318,Shamela0021654,1350,293,414,93,95
223,10,212,Shia002231Vols,617,1176,1520,137,50
223,37,318,Shamela0025800,3285,636,1070,210,61
223,37,318,JK000657,28,932,1382,216,60
223,13,318,Shamela0022547,1520,932,1399,217,57
223,203,318,Sham19Y0014119,253,402,517,93,100
223,18,318,Shamela0012014,317,930,1252,149,47
223,203,318,Shamela0021715,7131,1332,1447,93,100
223,206,318,Sham19Y0017063,498,1,113,91,100
223,37,318,ShamAY0033938,1640,195,648,220,61
223,148,318,Shamela0000140,1919,1147,1286,108,79
223,1008,1288,ShamIbadiyya0000109,2843,838,1079,147,60
223,13,318,ShamIbadiyya0000109,7266,520,811,217,89
223,343,492,ShamIbadiyya0000109,7269,420,570,108,87
223,18,318,JK001236,125,618,1085,213,57
223,158,318,Shamela0001673,6747,882,1020,105,81
223,50,318,JK007128,260,902,1171,152,69
223,10,318,Shamela0008970,200,529,934,231,71
223,37,322,Shia002616Vols,3058,934,1390,222,61
223,37,318,Sham19Y0020638,1389,177,630,222,61
223,148,318,Shamela0000894,5104,929,1068,108,79
223,148,318,Shamela0000894,7200,363,502,108,79
223,45,318,Sham19Y0127677,467,776,1011,139,63
223,177,318,Sham19Y0127677,2261,262,404,113,98
223,87,318,JK007065,1251,87,376,171,74
223,162,318,Sham19Y0132524,2365,574,724,118,94
223,148,318,Sham19Y0145212,1607,944,1083,108,79
223,203,318,Sham19Y0035453,233,904,1038,91,84
223,5,318,Sham19Y0017903,981,352,698,111,27
223,203,318,Shamela0004289,1202,5,120,93,100
223,42,318,Shamela0004289,1437,908,1356,216,60
223,148,318,Sham19Y0013223,657,523,681,108,71
223,203,318,Shia002264,711,884,1011,87,79
223,87,318,Shia001831Vols,670,16,325,182,73
223,10,340,Shamela0010443,208,383,704,237,87
223,343,486,Shamela0010443,208,1140,1311,107,75
223,486,846,Shamela0010443,209,60,630,247,54
223,10,346,Sham19Y0001729,1933,184,649,214,55
223,90,318,Sham19Y0122406,4259,403,708,180,73
223,37,318,Sham19Y0017616,381,884,1337,220,61
223,148,318,Shamela0011406,817,950,1109,108,71
224,97,477,Sham19Y0023625,882,81,482,268,81
224,1,286,Sham19Y0017747,2131,155,596,168,45
226,550,754,Shamela0021599,3605,1246,1454,92,42
226,550,1023,Sham19Y0023625,2871,522,1072,336,73
226,1164,1561,ShamIbadiyya0000109,6338,1210,1433,124,39
227,17,298,Shamela0021660,5074,1274,1517,177,76
227,353,818,Sham19Y0017729,416,117,697,165,30
227,589,952,ShamIbadiyya0000109,6339,220,522,197,65
227,317,537,Sham19Y0020638,760,698,1511,147,22
227,357,818,Sham19Y0017903,815,1,593,164,30
227,317,537,Shamela0010443,215,774,1008,140,65
227,627,780,Shamela0010443,216,326,500,111,78
228,473,1426,Sham19Y0018568,94,598,1368,375,41
228,1044,1402,Sham19Y0017745,92,491,856,187,53
228,497,1548,Sham19Y0023625,2872,144,1083,680,73
228,1,357,ShamIbadiyya0000109,6339,844,1161,240,83
228,189,363,Shamela0006590,540,1005,1188,135,89
228,175,357,Sham19Y0127677,11529,1111,1272,129,88
228,189,357,Sham19Y0013223,446,1101,1268,127,88
228,189,357,Sham19Y0013223,853,1198,1367,123,84
228,76,357,Shia002264,385,454,733,152,62
228,189,357,Shamela0010443,218,1105,1280,129,88
229,661,1170,Sham19Y0013252,510,1013,1457,164,30
229,274,786,Shamela0096228,493,175,784,168,26
229,1,173,Sham19Y0018568,95,294,477,130,89
229,176,426,Sham19Y0018568,97,463,704,190,95
229,274,786,Shamela0003722,8143,771,1375,168,26
229,1,163,Sham19Y0017745,93,750,918,110,77
229,908,1291,Sham19Y0017745,95,682,1195,145,29
229,176,558,Sham19Y0017745,95,86,524,218,57
229,204,456,Shamela0012014,27,337,561,169,85
229,493,1486,Shamela0000140,213,135,1002,596,68
229,5,198,Sham19Y0023625,2872,1086,1264,133,85
229,198,456,Shamela0023423,311,777,1089,195,79
229,249,456,Sham19Y0013223,1134,1093,1297,139,85
229,176,423,Shamela0010443,219,927,1135,164,83
229,433,709,Zaydiyya0000407,412,1006,1453,84,18
229,194,466,JK009329,10,1160,1425,156,67
229,194,433,Shamela0011244,36,1199,1447,188,95
229,176,462,Shamela0012836,6,262,574,205,81
230,197,564,Shia001877,14,367,538,103,35
230,211,564,Shia002218Vols,538,29,531,120,27
230,215,564,Shamela0030741,213,80,210,90,32
230,368,620,Shamela0021751,6890,863,1200,159,56
230,1,882,Shamela0000140,213,1002,1516,349,49
230,1017,1486,Shamela0000140,214,62,305,172,43
230,866,1431,Sham19Y0023625,2882,840,1451,422,84
230,107,624,Sham19Y0014224,375,810,1396,209,37
230,211,310,JK000916,23140,12,118,76,91
230,605,761,Sham19Y0017437,516,64,255,103,65
230,397,564,Shamela0021821,1005,446,709,98,45
230,224,586,Shia002616Vols,3648,935,1405,211,52
230,6,620,Shamela0009702,449,684,1229,251,38
230,368,564,Shamela0008658,3201,1079,1288,141,77
230,12,267,Shamela0004445,3272,150,759,133,27
230,12,267,Shamela0021809,2431,37,497,106,24
230,224,564,JK000917,995,406,714,179,62
230,197,477,Shamela0001686,694,957,1358,138,40
230,201,310,Shamela0001686,695,830,969,84,76
231,210,727,Shamela0021660,242,967,1209,153,37
231,734,984,Shamela0021654,508,1245,1553,184,73
231,26,727,Shamela0000140,214,297,546,183,32
231,646,1445,Shamela0000140,233,336,1232,632,86
231,299,581,Shamela0000140,234,1017,1371,148,48
231,1,618,Sham19Y0023625,2883,48,623,389,78
231,646,1435,Sham19Y0013223,1460,206,1013,625,93
231,988,1089,Shamela0010443,226,387,515,78,78
232,312,639,Shamela0000140,233,1232,1570,263,94
232,649,1434,Sham19Y0023625,2883,631,1272,469,73
232,19,312,Shamela0010443,223,213,862,196,37
232,19,312,Shamela0010463,218,613,1262,194,37
233,733,1269,Shamela0008360,89,348,893,255,47
233,941,1269,Sham19Y0013614,116,160,484,204,69
233,941,1232,Sham19Y0016826,4060,1215,1521,219,89
233,963,1269,JK009324,2908,1089,1412,229,89
233,941,1269,Sham19Y0148271,156,454,769,220,80
233,944,1269,Shamela0008176,922,571,844,186,73
233,963,1269,Sham19Y0148486,5544,1072,1398,230,88
233,941,1269,Sham19Y0013605,4686,793,1140,243,86
233,941,1269,Shamela0001875,1310,931,1227,205,74
233,130,294,Shamela0025800,2099,180,328,104,81
233,948,1290,Shamela0025800,2600,953,1297,225,76
233,952,1269,Sham19Y0122257,472,934,1253,194,72
233,975,1269,Sham19Y0018103,3934,1,312,222,89
233,952,1305,Sham19Y0146127,3022,245,550,210,74
233,1035,1305,Shamela0009242,3185,1,281,181,76
233,130,294,JK009408,2036,331,485,110,81
233,941,1269,Sham19Y0018176,2387,761,1108,243,86
233,717,934,ShamAY0034055,1720,197,421,146,74
233,717,1269,Sham19Y0014119,111,60,652,282,55
233,941,1205,Shamela0021715,10194,1177,1448,202,92
233,1009,1269,Sham19Y0017063,162,1178,1449,188,85
233,941,1269,Shia000220Vols,3317,367,677,200,72
233,297,700,Shamela0000140,214,648,940,178,55
233,18,294,Sham19Y0023625,2882,424,812,219,71
233,627,882,Sham19Y0023625,2883,1277,1509,161,70
233,297,700,Sham19Y0023625,2884,120,510,216,59
233,941,1269,Shamela0037837,565,590,931,235,83
233,941,1269,Shamela0005756,14600,179,462,192,68
233,179,294,Shamela0036446,46,6,120,89,97
233,944,1305,Sham19Y0017437,1576,205,586,254,81
233,941,1269,Sham19Y0018106,3979,622,969,243,86
233,985,1269,JK007128,676,1095,1456,208,71
233,944,1269,Sham19Y0014309,1389,566,901,234,84
233,6,294,Shamela0008514,84,319,821,228,56
233,717,934,Shia002702Vols,1703,1390,1603,146,78
233,941,1269,Sham19Y0016946,714,180,486,214,77
233,130,294,Shamela0012884,917,659,800,106,78
233,941,1269,Shamela0012884,2650,519,824,219,81
233,963,1241,Shamela0004473,8285,1270,1555,204,90
233,941,1269,Shia000163VolsBK2,4251,711,1018,205,75
233,790,1269,JK007065,761,633,1119,259,63
233,941,1269,JK000110,1776,1029,1374,241,86
233,1009,1269,Sham19Y0145212,586,1080,1351,188,85
233,6,294,Shamela0007266,75,354,611,189,81
233,130,294,Shamela0013178,444,825,957,100,77
233,796,1295,ShamAY0035035,7551,885,1441,251,51
233,999,1416,ShamAY0035035,7552,1,544,93,15
233,941,1269,Sham19Y0016976,339,747,1071,204,69
233,941,1269,Sham19Y0016684,1968,777,1124,243,86
233,133,297,Shamela0021809,2762,350,472,96,73
233,944,1232,Sham19Y0006538,607,1263,1492,158,67
233,967,1305,JK010001,2501,339,683,197,61
233,6,242,Shamela0010443,224,1179,1469,180,78
233,297,1004,Shamela0010443,229,629,1199,328,54
233,963,1446,Shamela0010443,235,119,634,361,86
233,6,294,Shamela0010463,220,89,429,221,81
233,675,1004,Shamela0010463,345,52,368,210,78
233,963,1443,Shamela0010463,350,880,1394,362,86
233,963,1269,Sham19Y0013572,709,1149,1467,223,87
233,963,1299,Shamela0006610,881,1118,1452,213,72
233,800,1295,Sham19Y0038171,2001,784,1291,253,56
233,963,1269,Sham19Y0017798,653,323,609,200,79
233,985,1245,Sham19Y0017798,1682,1235,1454,161,76
233,944,1305,Tafsir07055,2614,803,1221,257,75
234,1115,1329,JK001012,186,1237,1457,149,82
234,929,1058,Shamela0008381,1788,185,314,102,100
234,929,1188,Shamela0008360,164,464,769,134,53
234,1159,1347,Shamela0008360,202,20,203,143,95
234,1123,1302,Sham19Y0032195,291,207,394,116,74
234,929,1058,Shamela0000107,2172,330,459,102,100
234,929,1058,Shamela0010657,521,1104,1233,102,100
234,440,1058,Sham19Y0017745,96,474,800,166,30
234,929,1058,Shamela0001875,300,304,433,102,100
234,929,1058,Shamela0025800,2612,778,908,101,97
234,929,1058,Shamela0021744,373,1333,1462,102,100
234,929,1058,Shamela0007289,1149,882,1012,101,98
234,929,1058,Sham19Y0018144,499,440,569,99,93
234,1123,1347,Shamela0000782,156,541,751,150,85
234,1123,1329,Shamela0000782,1005,1017,1204,130,81
234,1159,1329,Shamela0023628,609,596,788,127,80
234,929,1058,ShamAY0033938,336,789,918,102,100
234,1123,1318,ShamAY0032913,11,59,258,125,76
234,1279,1527,Shamela0000140,214,832,1121,151,63
234,929,1058,Sham19Y0016599,976,139,267,101,98
234,1347,1527,Sham19Y0023625,2884,634,945,145,57
234,929,1058,JK000099,84,311,440,102,100
234,1159,1302,ShamAY0034054,648,734,904,105,76
234,1123,1347,JK001236,41,140,350,150,85
234,929,1178,Sham19Y0017437,334,800,1004,128,64
234,1123,1302,Tafsir03092,363,257,422,99,67
234,921,1058,Shia002616Vols,331,759,904,107,93
234,1123,1329,Zaydiyya0000067,64,90,307,143,80
234,929,1058,Zaydiyya0000015,2116,626,755,101,99
234,929,1058,Sham19Y0020638,281,147,276,102,100
234,929,1058,Shamela0011428,540,1263,1392,102,100
234,929,1058,ShamAY0032665,499,449,578,99,93
234,929,1182,Shamela0000894,1972,497,784,124,41
234,1123,1347,Shamela0000894,4993,1314,1537,158,85
234,1163,1329,Shamela0012884,1117,1,192,124,80
234,929,1053,Sham19Y0014592,2226,1047,1171,98,100
234,1123,1318,Tafsir02100,31,1114,1321,123,68
234,929,1058,JK000299,317,786,915,102,100
234,1163,1329,Shamela0010922,15,15,163,114,87
234,1123,1302,Shamela0022593,404,213,378,99,67
234,250,567,Sham19Y0013231,2291,1119,1319,99,40
234,1123,1318,JK000475,2340,859,1066,123,68
234,929,1058,Shamela0004473,2372,633,762,102,100
234,929,1058,JK007065,127,761,890,101,99
234,929,1058,Sham19Y0132524,588,834,963,102,100
234,1081,1347,Shamela0000432,5082,909,1196,179,72
234,929,1058,Zaydiyya0000037Vols,2371,511,637,97,93
234,929,1058,Shamela0025794,798,1253,1382,102,100
234,1159,1302,Shamela0023623,672,1020,1190,105,76
234,1123,1318,Shamela0010480,8,563,754,119,72
234,929,1058,Sham19Y0013223,182,78,207,102,100
234,1123,1329,Sham19Y0013223,287,435,640,143,84
234,1065,1347,Shia002264,105,532,750,151,67
234,929,1058,Shamela0021537,1645,1124,1252,95,90
234,929,1058,Shamela0021537,2607,1325,1454,102,100
234,929,1058,Shamela0021537,3179,935,1059,98,96
234,929,1058,Shamela0021537,3191,845,974,102,100
234,929,1058,Shamela0021537,3307,678,807,102,100
234,929,1058,Shamela0021537,3874,12,146,102,96
234,929,1058,Shamela0021537,5626,317,446,102,100
234,929,1058,Shamela0021537,6016,88,216,95,90
234,929,1058,Shamela0021537,6524,722,847,99,96
234,1123,1329,ShamAY0034066,290,514,706,134,84
234,1071,1347,Shamela0010443,234,938,1208,210,92
234,942,1058,Sham19Y0122406,973,290,406,92,100
234,1071,1347,Shamela0010463,350,235,505,209,92
234,929,1058,Sham19Y0013572,289,54,183,102,100
234,929,1058,Shamela0012293,2830,653,782,102,100
234,929,1058,Shamela0012293,3500,1261,1390,102,100
234,1123,1347,Shamela0006610,272,934,1139,147,83
234,1123,1329,Sham19Y0023618,418,958,1176,143,80
234,1123,1347,Shamela0010781,374,925,1168,159,79
234,929,1058,ShamAY0033181,238,469,591,93,88
234,929,1058,Sham19Y0018259,98,348,474,99,96
234,929,1058,Shamela0021629,250,142,271,99,93
235,904,1581,Shamela0021660,2596,416,819,256,47
235,837,1394,Shamela0008353,354,419,1260,344,46
235,1,285,Sham19Y0023625,2884,945,1440,208,51
235,620,1339,ShamIbadiyya0000109,7888,821,1270,240,41
235,1143,1261,Shamela0005756,1426,1234,1361,94,92
235,921,1090,Sham19Y0127677,6751,555,688,102,75
235,698,1138,Shamela0009279,23,611,1523,254,32
235,837,1138,Shamela0010443,238,940,1338,195,52
235,1405,1581,Shamela0010443,240,328,671,112,42
235,1405,1581,Shamela0010463,196,369,712,108,38
236,231,503,Shamela0021660,4795,588,881,206,86
236,172,375,Shamela0008176,4660,956,1158,152,90
236,535,687,Shamela0008353,356,1314,1531,114,65
236,748,849,Shamela0008353,357,766,867,80,100
236,843,1149,Shamela0008353,358,126,518,215,67
236,1000,1592,ShamIbadiyya0000109,7889,38,507,320,64
236,1177,1570,Sham19Y0017437,104,319,851,185,38
236,535,707,Shamela0009279,34,613,866,129,64
236,748,849,Shamela0009279,34,1425,1528,78,93
236,843,1149,Shamela0009279,35,763,1143,217,70
236,748,849,Shamela0010443,246,1039,1140,80,100
236,535,707,Shamela0010443,246,147,400,129,64
236,843,1149,Shamela0010443,247,413,802,219,69
236,843,1149,Shamela0010463,830,640,1018,216,70
237,1059,1366,Sham19Y0017745,98,32,305,160,54
237,1,592,ShamIbadiyya0000109,7889,507,1050,271,47
237,844,1013,Shamela0007266,60,585,757,127,87
237,844,1013,Shamela0025791,357,55,230,125,85
237,116,432,Shamela0010443,249,781,1188,204,60
238,930,1157,JK009324,3165,622,869,140,65
238,852,1157,Sham19Y0017745,99,55,354,172,64
238,70,867,Sham19Y0023625,2885,505,1329,584,84
239,1213,1502,Sham19Y0023625,2882,91,356,189,83
239,605,854,Sham19Y0023625,2885,1356,1596,180,89
239,854,1154,Sham19Y0023625,2886,1,324,235,91
239,728,935,Shamela0025791,356,733,951,141,74
239,640,915,Shamela0010443,256,663,1214,187,41
240,1007,1371,Shamela0005963,11,948,1411,202,49
240,223,675,Sham19Y0023625,2886,543,1169,347,65
240,935,1177,Sham19Y0017372,602,775,1020,122,48
240,50,223,Shamela0010443,228,424,603,124,85
241,489,770,Shamela0035261,71,614,865,146,67
241,484,788,Shamela0007562,41,158,419,166,67
241,1,164,Shamela0005963,53,464,738,121,52
241,579,776,Shamela0005963,78,1,225,136,72
241,484,781,JK007014,62,258,569,194,73
241,484,788,Shamela0000140,86,602,929,202,72
241,1009,1498,Shamela0000140,215,193,706,345,78
241,1128,1498,Sham19Y0023625,2886,1159,1509,282,94
241,484,806,Sham19Y0037456,25,740,1087,203,68
241,484,788,ShamAY0033645,11,890,1214,190,68
241,484,708,Sham19Y0007729,285,1306,1509,137,74
241,484,776,Shamela0000894,482,1030,1337,193,72
241,633,776,JK006973,85,181,683,106,27
241,484,695,Sham19Y0036127,21,380,573,131,75
241,597,770,Shamela0009329,90,945,1112,114,80
241,484,788,Shamela0002241,46,762,1042,189,78
241,484,736,JK000990,249,1248,1515,158,67
242,215,566,Shamela0008360,778,1027,1358,246,85
242,215,553,Shia002094,5,468,794,252,94
242,306,703,JK000216,28,941,1504,314,69
242,282,553,Shamela0001975,1059,943,1214,205,95
242,203,576,Shamela0008473,4811,1017,1413,263,80
242,203,553,ShamAY0032799,22,703,1061,247,82
242,134,685,Sham19Y0018568,100,1003,1521,404,91
242,403,642,Shamela0004482,695,326,545,131,67
242,215,553,Shamela0008476,106,322,530,152,56
242,327,1057,Shamela0008176,6535,1,682,264,31
242,553,723,Shamela0008176,6539,131,625,122,31
242,247,553,Sham19Y0147673,43,1279,1584,229,93
242,282,553,Shamela0021659,1446,574,845,205,95
242,129,784,Sham19Y0017745,99,769,1377,484,92
242,253,553,Sham19Y0035312,15,1056,1369,232,93
242,253,553,Sham19Y0035312,38,1156,1483,237,91
242,203,529,Shamela0002300,10,900,1180,218,84
242,247,494,Shamela0002300,56,1234,1490,186,92
242,235,576,Shamela0025800,3431,442,808,262,90
242,215,566,Sham19Y0122257,2960,74,410,192,59
242,215,477,Shamela0021766,718,1358,1594,174,82
242,311,566,Shamela0021766,787,882,1133,179,86
242,215,553,JK000360,31,601,925,243,90
242,215,585,Shamela0000782,847,346,695,261,88
242,215,524,Shamela0037458,1098,1133,1433,226,90
242,215,571,Sham19Y0148531,223,9,356,259,88
242,215,676,Shamela0023628,1133,968,1373,291,78
242,388,503,Shamela0012001,72,698,819,90,95
242,215,553,Sham19Y0014119,546,548,859,234,86
242,215,891,Shamela0012014,27,547,1240,478,81
242,988,1521,Shamela0028182,129,347,781,163,31
242,235,566,Sham19Y0017063,1315,72,395,242,90
242,229,585,Shamela0023631,1838,1,357,272,92
242,247,595,JK007099,173,420,678,196,71
242,282,732,Shia002265Vols,72,18,482,237,56
242,282,553,Shia002265Vols,732,80,362,210,93
242,282,503,Shia002265Vols,5260,1212,1433,174,99
242,290,477,Shamela0095735,602,1304,1491,150,100
242,203,553,ShamAY0033728,4,1024,1372,258,89
242,394,747,ShamIbadiyya0000433,108,737,1021,191,67
242,171,784,JK001412,291,909,1501,434,85
242,253,553,Shamela0023632,12,1063,1352,228,94
242,835,1386,Shamela0000140,58,150,691,387,84
242,343,507,Sham19Y0023625,2897,1423,1602,130,91
242,239,784,ShamIbadiyya0000109,7726,572,1080,394,89
242,988,1521,Sham19Y0017350,100,51,509,232,44
242,290,585,ShamAY0034320,2,53,335,225,95
242,277,784,ShamAY0034068,691,32,400,260,61
242,203,553,Shamela0036446,1037,1041,1400,258,87
242,215,553,Shamela0012034,881,975,1286,229,83
242,294,553,JK001487,155,1,253,196,94
242,215,566,eScr20112614,93,232,557,246,87
242,215,580,Shamela0010437,250,629,913,214,73
242,388,553,ShamAY0034274,466,1189,1358,128,96
242,846,1057,Sham19Y0019237,498,745,902,89,53
242,347,553,JK009390,2719,1,207,158,96
242,212,553,Shamela0029677,1379,36,407,194,67
242,215,589,Noorlib0007682,77,490,866,282,93
242,215,553,Shamela0010482,5,438,742,232,85
242,203,547,Shamela0029716,7,1049,1336,188,63
242,215,388,Shamela0006947,6411,492,646,122,87
242,179,784,Shamela0010549,227,227,832,454,91
242,203,553,ShamAY0033712,6,1030,1408,246,79
242,282,585,Sham19Y0127677,2611,113,398,223,92
242,215,553,Sham19Y0017791,1713,48,359,235,87
242,207,553,Shamela0004473,5654,1039,1340,232,83
242,196,553,Shamela0004473,8316,307,650,259,91
242,215,553,Shamela0004473,13947,27,344,238,88
242,207,481,Shamela0004473,17074,1263,1533,213,97
242,846,1428,Sham19Y0132524,2621,379,1003,187,28
242,1162,1521,JK003609,4265,906,1237,127,34
242,215,566,Sham19Y0145212,3180,9,340,246,85
242,846,1521,Sham19Y0000760,184,601,1296,193,23
242,215,553,Shamela0008206,488,1094,1426,239,87
242,215,667,Shamela0021590,1519,213,884,300,55
242,327,553,Tafsir07076,1017,412,633,167,93
242,215,558,Sham19Y0016976,1546,900,1216,237,86
242,247,553,Shamela0021524,94,1026,1335,231,93
242,215,784,Shamela0010639,411,232,908,450,83
242,189,558,Tafsir09084,2477,645,1009,244,76
242,282,585,Shamela0001438,4222,712,1006,230,95
242,203,553,Shamela0025794,562,399,773,250,81
242,189,863,Shamela0023423,314,682,1443,500,82
242,388,534,Shamela0023423,318,570,831,110,54
242,215,553,Shamela0013132,106,419,794,249,83
242,388,553,Tafsir04040,232,20,181,124,95
242,388,558,Tafsir04040,1763,703,876,127,93
242,215,667,Sham19Y0017747,2336,762,1246,307,73
242,207,553,JK001000,10,166,465,238,86
242,215,547,Tafsir06049,2286,393,900,257,63
242,215,388,Sham19Y0017757,184,762,904,112,80
242,215,585,Shamela0004289,1135,177,519,254,85
242,294,784,Shamela0007597,163,1,486,382,97
242,229,585,Shamela0007597,338,72,317,165,60
242,239,585,Shamela0010517,2002,1,347,276,100
242,253,585,Shamela0021537,3970,424,711,209,79
242,215,784,ShamAY0034066,473,484,1059,438,93
242,388,553,JK010001,899,1228,1387,122,93
242,207,566,ShamAY0034500,3,852,1139,228,78
242,134,784,Shamela0010443,259,129,726,473,91
242,215,741,JK009329,11,1013,1556,415,96
242,388,553,Shamela0011244,14,6,172,129,98
242,189,1017,Shamela0011244,37,483,1334,504,62
242,388,891,JK001140,65,284,625,210,48
242,215,547,JK001336,118,852,1192,251,93
242,215,441,Sham19Y0023618,44,1290,1530,156,72
242,441,553,Sham19Y0023618,45,1,113,88,100
242,215,784,Sham19Y0023618,634,508,1083,438,93
242,229,553,ShamAY0032918,3,730,1037,232,90
242,129,891,Shamela0012836,6,501,1241,513,79
242,235,553,Shamela0023700,1354,6,321,239,92
242,203,617,ShamAY0034403,10,103,508,294,87
242,434,553,Tafsir07055,963,1,117,92,97
242,247,558,Sham19Y0014088,65,859,1078,152,63
242,253,566,JK001046,137,278,551,209,83
242,306,553,Shia002611Vols,216,1,247,192,96
243,1,410,Sham19Y0013769,212,190,852,230,39
243,97,360,Shamela0026484,367,456,730,122,42
243,401,842,Sham19Y0013605,59,746,1121,183,45
243,102,410,Sham19Y0016772,1617,1138,1242,79,32
243,562,842,Shamela0000140,58,758,1013,185,78
243,1276,1502,Shamela0000140,216,495,655,113,61
243,1169,1491,Sham19Y0023625,2896,975,1372,180,48
243,1,410,Sham19Y0014224,80,648,1324,190,31
243,1,410,Sham19Y0017350,100,509,1051,301,67
243,401,669,Sham19Y0017350,101,141,513,195,63
243,405,800,JK000916,27883,317,735,130,25
243,177,410,JK000778,579,345,1048,149,26
243,97,562,Noorlib0007682,75,891,1321,213,45
243,102,410,Kraken210630005153,7417,1383,1487,79,32
243,401,562,SHAM19Y23644,3073,1126,1298,101,70
243,1,410,Sham19Y0000760,184,1296,1527,78,21
243,1,352,ShamAY0038072,2,64,425,156,39
243,112,410,Sham19Y0013666,22,309,840,135,28
243,401,562,Sham19Y0127698,192,1223,1395,98,69
244,23,187,Shamela0021660,2209,717,888,123,89
244,187,680,Shamela0000140,216,725,1143,302,71
244,86,1629,Sham19Y0023625,2897,1,1010,620,44
245,765,945,Shamela0021660,1810,860,1051,138,87
245,788,1012,Zaydiyya0000075,492,882,1047,99,54
245,89,515,Shamela0000140,217,1,421,281,75
245,24,334,Sham19Y0023625,2897,1014,1289,217,85
245,1176,1541,Sham19Y0023625,2898,326,648,220,73
246,701,893,Shamela0008176,6537,703,838,87,53
246,808,1562,Shamela0000140,217,959,1452,362,57
246,303,1422,Sham19Y0023625,2898,134,1219,466,40
247,205,327,Shia002094,5,649,765,84,90
247,205,343,JK000216,28,1038,1164,98,91
247,205,343,Sham19Y0018568,100,1239,1365,98,91
247,383,744,Sham19Y0018568,102,1,313,192,62
247,205,343,Sham19Y0017745,99,1001,1127,98,91
247,205,343,Sham19Y0035312,15,1219,1345,98,91
247,205,343,Sham19Y0035312,38,1333,1459,98,91
247,205,343,Shamela0025800,3431,617,743,98,91
247,205,343,Shamela0012014,27,735,861,98,91
247,205,343,Shamela0023631,1838,168,306,106,98
247,122,343,JK007099,173,426,641,116,66
247,205,343,JK001412,291,1130,1256,98,91
247,108,1103,Shamela0000140,218,5,872,469,49
247,205,315,Sham19Y0023625,2897,1498,1602,81,94
247,473,1463,Sham19Y0023625,2899,1,880,568,63
247,205,343,ShamIbadiyya0000109,7726,731,869,108,100
247,205,343,ShamAY0034320,2,166,292,98,91
247,205,343,Shamela0004473,8316,500,626,98,91
247,205,343,Shamela0004473,13947,194,320,98,91
247,11,198,Sham19Y0149697,82,873,1092,120,60
247,205,343,Shamela0021590,1519,516,642,98,91
247,205,343,Shamela0010639,411,420,546,98,91
247,205,343,Shamela0001438,4222,833,959,98,91
247,205,343,Shamela0023423,314,944,1070,98,91
247,205,343,Shamela0023423,318,585,824,98,51
247,205,343,Sham19Y0017747,2336,972,1098,98,91
247,205,343,JK001000,10,315,441,98,91
247,205,343,Tafsir06049,2286,756,882,98,91
247,205,343,Shamela0010517,2002,165,291,98,91
247,122,343,Shamela0021537,3970,424,655,115,62
247,205,343,ShamAY0034066,473,658,784,98,91
247,205,343,Shamela0010443,259,345,471,98,91
247,205,343,JK009329,11,1209,1335,98,91
247,205,343,Shamela0011244,37,703,829,98,91
247,205,343,Sham19Y0023618,634,682,808,98,91
247,205,343,Shamela0012836,6,753,879,98,91
248,648,1019,Shia001432Vols,19822,932,1292,224,69
248,648,1030,Shamela0008473,4855,29,359,185,55
248,648,1050,Shamela0012579,2397,1029,1442,287,83
248,671,1026,Shia002294Vols,258,553,841,143,40
248,671,1101,Shamela0006060,391,25,452,294,78
248,657,1072,Zaydiyya0000059,1215,1070,1437,182,49
248,648,1072,Zaydiyya0000059,1216,763,1201,191,45
248,1201,1362,Sham19Y0148271,305,106,303,122,75
248,1201,1373,Shia001544Vols,131,1211,1415,133,82
248,1201,1379,ShamIbadiyya0000438,1067,249,422,135,95
248,648,923,Shamela0008176,317,453,712,168,77
248,648,1019,Shamela0011333,13,1016,1374,210,63
248,742,923,Tafsir02096,2110,340,529,120,77
248,671,941,JK001297,3,276,472,126,56
248,1201,1373,Shamela0025800,2773,1,200,129,81
248,648,974,Shamela0035100,3668,1006,1121,81,32
248,1201,1362,Shamela0007289,361,844,1038,129,82
248,1214,1346,Shamela0007289,2549,1,136,106,97
248,1201,1346,ShamAY0033938,1456,82,261,111,78
248,461,883,Shamela0095735,629,770,1215,107,20
248,671,1176,Shamela0095735,630,51,559,145,27
248,1201,1362,Shamela0095735,631,176,340,127,96
248,671,1101,JK005004,139,147,547,288,81
248,71,538,Shamela0000140,218,1146,1555,309,78
248,1,594,Sham19Y0023625,2899,880,1474,447,91
248,627,1426,ShamIbadiyya0000109,7727,216,930,523,82
248,1201,1373,Shamela0023613,625,1155,1358,133,82
248,1230,1362,ShamAY0034320,30,1,136,105,97
248,662,923,JK000916,1511,1,204,126,62
248,648,1101,JK000916,22130,163,620,309,79
248,648,1035,JK000916,24356,507,871,207,62
248,652,923,ShamAY0034068,3828,158,384,161,75
248,1026,1486,ShamAY0034068,3829,1,482,106,18
248,648,1101,Shamela0000736,5328,834,1307,212,50
248,648,923,Shamela0021821,1890,723,948,138,62
248,1201,1362,ShamAY0034371,443,610,804,129,82
248,710,1101,Shia002616Vols,6307,1,405,293,88
248,1204,1373,Shia002616Vols,6718,729,932,113,69
248,1201,1362,JK000028,77,128,325,129,81
248,648,876,Shamela0036543,2452,946,1156,137,77
248,652,1072,Zaydiyya0000052,278,709,1059,179,49
248,648,1101,Shia002066,8,29,437,182,43
248,652,1101,JK006476,1880,1026,1382,225,59
248,1201,1346,Sham19Y0020638,1226,402,580,115,80
248,648,1019,Shamela0012884,5082,582,936,220,68
248,1201,1346,Shamela0010549,212,51,229,116,81
248,1201,1373,SHAM19Y23644,1426,974,1192,134,77
248,648,1101,ShamAY0032924,17,336,827,317,77
248,1201,1362,Sham19Y0013231,6090,510,701,120,77
248,1201,1346,Sham19Y0127677,8470,593,772,111,78
248,1201,1362,Sham19Y0132524,2806,1224,1419,129,82
248,648,876,Shamela0009823,123,1175,1426,174,90
248,648,1019,JK000910,3,915,1121,142,48
248,671,923,JK009266,8950,331,540,151,76
248,911,1101,JK009266,8950,1194,1396,121,68
248,648,923,Shamela0008206,443,955,1225,151,62
248,1201,1373,Shamela0000662,24,74,272,134,83
248,1214,1346,Shamela0025794,2508,1,136,104,96
248,671,1101,Shamela0002671,213,55,481,287,77
248,1201,1373,JK000914,19,722,925,132,82
248,648,923,Shamela0013035,67,291,578,153,60
248,648,1072,Zaydiyya0000049,512,321,743,186,45
248,671,911,ShamAY0034059,3356,1430,1588,107,55
248,648,1026,Tafsir06049,6432,1189,1487,188,59
248,1201,1346,Shia001831Vols,504,603,782,111,78
248,652,1101,ShamAY0034066,1449,108,468,263,72
248,652,1101,JK000917,1517,521,940,311,86
248,1026,1486,Shamela0010443,272,541,1007,292,66
248,657,915,Shamela0012820,602,1331,1531,120,61
248,1201,1346,Sham19Y0122406,3887,1238,1417,111,78
248,652,923,Shia002173,137,198,475,157,66
248,1201,1373,JK001140,36,309,511,132,82
248,648,974,JK001293BK1,1522,592,707,81,32
248,648,923,Shamela0003118,734,394,611,136,63
248,648,1101,Shamela0003118,6325,600,1057,314,80
248,1072,1486,Shamela0012293,240,707,922,82,20
248,1201,1366,Shamela0012293,1737,670,869,130,81
248,652,1013,Sham19Y0038171,231,1204,1337,84,29
248,648,974,Sham19Y0038171,232,242,1008,197,32
248,648,1101,Sham19Y0023618,1850,632,1017,288,77
248,648,1035,ShamAY0034123,658,226,606,222,66
248,648,1072,Zaydiyya0000004,671,210,586,189,51
248,1201,1362,ShamAY0034403,44,390,586,129,82
249,1036,1457,Shamela0030592Vols,115,934,1384,266,69
249,1006,1433,JK007001,293,640,976,201,53
249,995,1433,Sham19Y0036110,422,180,618,345,98
249,1059,1472,Shia001432Vols,23772,843,1237,220,57
249,1014,1433,Shia001432Vols,26029,392,900,299,72
249,995,1377,Shia001432Vols,27449,1293,1519,178,58
249,1006,1331,Shamela0001733,2580,35,377,212,73
249,1059,1433,Shamela0008473,4128,33,425,196,52
249,1197,1433,Shia001334,500,1,299,156,64
249,995,1433,Shamela0009200,291,73,464,161,38
249,995,1433,Shamela0030432,7,99,502,296,80
249,1036,1506,Shia002294Vols,300,338,865,246,53
249,1059,1450,Shia001615Vols,1721,307,684,220,60
249,1014,1336,Shia001615Vols,3417,1031,1368,216,75
249,995,1433,Shamela0021476,48,397,855,335,91
249,1014,1433,Shia001340,411,443,951,299,72
249,1140,1428,ShamAY0034644,258,5,349,169,59
249,1205,1336,Shamela0037325,2315,513,639,100,96
249,1006,1336,Shamela0026884,490,1189,1513,211,76
249,1003,1433,Shamela0026484,368,58,428,254,70
249,1006,1433,Shamela0011333,50,598,1088,288,69
249,995,1433,Shamela0011333,51,16,477,297,72
249,1006,1457,Shamela0010835,40,507,993,264,64
249,1006,1433,Shamela0006446,231,782,1262,281,69
249,1006,1433,Shia002265Vols,993,213,677,271,67
249,1036,1433,Shia002265Vols,5365,1049,1437,234,63
249,1205,1415,Shamela0095735,550,749,1091,114,42
249,995,1450,Shamela0095735,602,323,785,351,96
249,1193,1366,Shamela0095735,631,491,664,110,77
249,894,1495,Sham19Y0023625,2900,366,1031,452,83
249,170,373,Sham19Y0023625,2900,161,361,157,97
249,391,888,Sham19Y0023625,2904,193,666,380,93
249,1036,1433,Shamela0023177,178,625,996,214,62
249,1006,1462,ShamAY0033945,1968,360,875,255,59
249,995,1450,ShamAY0034320,1,728,1184,353,98
249,1193,1366,ShamAY0034320,30,287,457,112,80
249,995,1433,Shamela0010488,181,264,734,334,88
249,995,1433,JK000698,58,67,523,327,88
249,995,1433,Shia002616Vols,2371,410,817,296,80
249,1006,1433,Zaydiyya0000015,2157,614,1076,313,83
249,1036,1433,JK009390,5297,377,825,263,70
249,1161,1433,JK009390,6679,1,314,168,64
249,1054,1433,Shamela0022769,419,815,1241,256,72
249,1003,1406,Shamela0000894,7123,1123,1528,312,96
249,1006,1433,Shamela0010482,1,738,1150,223,56
249,1006,1331,Shamela0010482,5,1145,1466,244,93
249,1036,1433,Zaydiyya0000342,832,605,1039,256,70
249,1006,1433,Zaydiyya0000342,841,455,917,312,83
249,1036,1433,Sham19Y0127677,3775,408,866,254,68
249,1006,1433,Sham19Y0127677,4852,760,1224,270,67
249,995,1331,JK000021,124,224,462,139,51
249,995,1433,JK000021,409,369,829,327,88
249,1006,1433,JK000021,2756,399,910,270,64
249,995,1454,Shamela0004473,13736,391,854,340,91
249,1014,1433,Shia004021,145,778,1244,270,64
249,995,1433,Shia001401,32,855,1136,221,63
249,995,1450,Shamela0021590,1519,745,1207,347,93
249,1059,1433,Shamela0008658,2739,342,739,201,53
249,995,1462,Shamela0010842,398,721,1214,336,86
249,995,1409,Shamela0010842,399,1017,1426,319,96
249,1006,1462,Shamela0010842,400,502,975,336,87
249,1054,1433,Shamela0001001,237,1,420,257,74
249,995,1433,Shamela0009270,78,922,1395,329,86
249,1036,1433,Shamela0001438,5791,21,409,234,63
249,1006,1433,Shamela0001438,6899,648,1105,270,68
249,995,1433,Shamela0025794,590,923,1363,342,97
249,1006,1506,Shamela0021765,2555,423,1041,321,61
249,995,1282,Shamela0013035,161,1119,1390,134,51
249,995,1433,Shamela0010480,1463,122,574,323,88
249,1054,1433,ShamAY0034059,1496,24,451,254,71
249,995,1433,Sham19Y0017903,952,319,770,323,86
249,1003,1433,Shamela0004289,1040,1,455,330,91
249,995,1396,Sham19Y0018611,187,1065,1396,220,63
249,1059,1433,Shia001383,19,1039,1413,216,60
249,981,1495,Shamela0010443,259,830,1369,383,87
249,1205,1336,Shamela0010443,272,1084,1210,100,96
249,1006,1433,JK009179,95,746,1163,256,64
249,995,1433,Shia001237Vols,459,57,263,148,42
249,1003,1331,Shamela0003118,3442,712,1057,214,78
249,1014,1433,Shia003636Vols,6464,435,925,286,69
249,1075,1354,Shamela0031375,25,1327,1577,160,71
249,995,1331,Shamela0007435,282,507,1220,215,37
249,1006,1433,ShamAY0034123,152,986,1485,297,73
249,1054,1433,JK000458,1004,711,1137,256,72
249,995,1433,Shamela0009773,928,1182,1409,165,47
249,1069,1462,Shamela0001453,200,1,449,254,69
249,995,1282,Shamela0007361,242,1141,1365,138,58
249,1059,1462,Shamela0011334,51,226,654,205,51
250,71,636,Shamela0021660,2432,168,772,226,42
250,928,1229,Shia001976Vols,1622,27,392,163,47
250,16,1250,Shamela0000140,219,884,1591,506,49
250,1250,1564,Shamela0000140,220,1,431,240,70
250,37,646,Sham19Y0023625,2900,1040,1512,229,45
250,646,1564,Sham19Y0023625,2901,1,1125,670,71
250,899,1229,Shamela0010443,266,536,1317,170,25
250,247,480,Shamela0011244,38,1,226,169,85
251,118,248,Shia001782Vols,2405,949,1080,100,97
251,118,248,Zaydiyya0000272,44,660,796,100,94
251,1,107,Sham19Y0018568,102,1220,1336,83,88
251,960,1106,Shamela0037325,2316,1,171,95,62
251,1234,1485,Shamela0037325,2316,1045,1346,179,71
251,1244,1471,JK007099,368,1212,1434,154,82
251,1234,1485,Shamela0095735,634,739,1123,170,53
251,1,1234,Shamela0000140,220,431,1324,536,49
251,1,394,Sham19Y0023625,2901,1125,1525,267,81
251,394,1234,Sham19Y0023625,2902,1,482,331,48
251,1234,1485,ShamIbadiyya0000109,7728,1213,1433,171,86
251,1234,1485,ShamAY0034320,33,301,679,164,51
251,118,248,Shamela0029677,1334,943,1074,100,97
251,1298,1471,Shamela0002386,261,1,167,121,90
251,827,1106,Shamela0010443,273,427,747,180,66
251,1234,1485,Shamela0010443,274,155,468,179,68
252,554,1544,Shamela0021660,5195,782,1426,316,35
252,1059,1573,Shamela0000140,221,75,570,304,64
252,242,1240,Sham19Y0023625,2902,629,1541,414,41
253,790,1083,Sham19Y0018568,103,557,1013,167,41
253,1,764,Shamela0000140,221,570,1296,428,57
253,245,583,Sham19Y0023625,2903,1311,1581,179,62
253,583,764,Sham19Y0023625,2904,1,183,143,97
253,90,214,ShamAY0034054,4420,600,836,81,42
253,106,214,Shamela0012884,5358,294,524,82,44
254,302,524,Sham19Y0018568,104,674,874,151,85
254,288,562,Sham19Y0017745,104,1152,1451,179,68
254,91,309,Shamela0000140,221,1290,1490,153,83
254,1007,1575,Sham19Y0023625,2893,212,812,336,59
254,1393,1575,Sham19Y0145212,3060,159,456,105,45
254,98,444,Shamela0010443,278,920,1386,174,42
254,98,302,Shamela0010463,813,1139,1418,133,53
254,297,626,Shamela0012836,6,1129,1435,179,62
255,663,1037,Shamela0021660,1401,494,695,137,47
255,319,657,Shia001432Vols,24354,52,315,173,59
255,450,663,ShamAY0032870,27,519,691,128,75
255,225,657,Shia001615Vols,634,397,815,199,48
255,1137,1325,Shamela0008176,6247,363,562,111,57
255,1137,1325,Sham19Y0122257,2849,1163,1380,112,56
255,1137,1325,Shamela0012014,180,422,590,115,76
255,225,590,Shia001731Vols,862,783,1135,169,50
255,1154,1325,Sham19Y0023625,2348,179,538,80,23
255,1337,1526,Sham19Y0023625,2348,1243,1416,140,91
255,1,933,Sham19Y0023625,2893,812,1278,287,36
255,1137,1325,Shamela0005756,288,769,1332,99,19
255,319,590,ShamAY0034128,520,920,1234,149,56
255,319,590,Zaydiyya0000142,574,703,1017,149,56
255,225,590,Zaydiyya0000142,3331,58,411,168,49
255,225,590,Shia002616Vols,1380,1085,1437,169,50
255,225,644,Shamela0009810,1473,568,937,167,41
255,1137,1325,JK000201,2716,1134,1373,124,65
255,225,590,Shamela0007266,125,228,551,161,48
255,319,657,Shia001174Vols,3269,641,906,175,59
255,1137,1325,Shamela0010639,315,873,1054,100,60
255,319,590,Shamela0001438,1245,28,342,149,56
255,319,657,Shia004042Vols,235,998,1262,172,59
255,319,590,Shia002264,804,361,654,149,60
255,1058,1325,ShamIbadiyya0000219,12,991,1212,114,54
255,319,627,Shamela0010443,281,1233,1500,209,85
255,319,657,Shia001122Vols,791,15,280,175,59
255,372,663,ShamAY0034123,538,142,441,189,69
256,528,902,Shamela0021660,2708,741,1068,201,67
256,853,1176,Shamela0008360,243,188,595,183,57
256,853,1076,Shamela0001733,2309,113,373,158,74
256,322,640,Sham19Y0013252,9092,1,450,158,38
256,853,1176,Sham19Y0013614,214,339,691,180,57
256,280,416,JK009324,3208,846,1435,71,14
256,830,1081,Shamela0008176,130,87,406,152,53
256,1076,1557,Sham19Y0017745,105,1189,1443,150,36
256,853,1076,Sham19Y0122257,32,326,607,161,67
256,853,1076,Sham19Y0122257,971,481,773,163,69
256,280,405,Sham19Y0018103,3615,965,1274,82,34
256,853,1081,ShamAY0034797,162,781,1043,155,73
256,853,1076,Sham19Y0014119,201,1186,1479,163,69
256,857,1081,Shamela0021715,186,378,681,157,64
256,853,1176,ShamAY0033761,138,1034,1355,193,66
256,815,1076,Shia002180,16,336,625,144,56
256,69,454,Sham19Y0023625,2348,368,846,231,54
256,656,1284,Sham19Y0023625,2349,1,380,271,51
256,1292,1481,Sham19Y0023625,2894,259,451,145,92
256,853,1076,Shamela0013087,146,24,309,166,72
256,656,1081,Shamela0005756,288,839,1260,236,58
256,280,640,Shamela0005756,13773,358,911,137,26
256,284,448,Zaydiyya0000142,3331,455,643,111,71
256,876,1076,Zaydiyya0000162,2252,696,946,154,76
256,853,1176,Shamela0028851,3,734,1058,174,60
256,853,1081,Shamela0000137,51,612,865,116,49
256,800,1076,JK000019,8,740,1035,144,53
256,853,1202,Shamela0010496,171,743,1070,182,60
256,246,1250,Sham19Y0132524,121,16,944,420,40
256,815,1076,Shia000841Vols,2293,1302,1607,165,65
256,892,1076,Sham19Y0145212,1268,690,928,133,69
256,284,528,ShamAY0035035,7004,755,1047,140,57
256,853,1076,Sham19Y0016976,585,739,1032,163,69
256,853,1076,ShamAY0034059,851,839,1121,145,60
256,853,1081,Tafsir06049,6683,412,698,169,72
256,815,1081,Shamela0010517,1424,227,553,177,67
256,815,984,Shamela0010517,1512,1303,1485,103,70
256,656,1081,Shamela0010517,2889,265,836,229,44
256,841,1176,Shia002264,450,713,1063,183,53
256,853,1176,Sham19Y0132973,237,617,960,191,65
256,465,1076,Sham19Y0131521,6342,527,1137,273,41
256,841,1081,Shamela0011036,2156,99,407,178,71
256,853,1176,Sham19Y0016934,1137,580,831,130,44
257,1,395,JK000216,369,429,590,96,31
257,1,98,Shamela0008176,155,1488,1585,72,96
257,93,928,Shamela0008176,156,1,839,242,24
257,395,498,Sham19Y0017745,106,1446,1577,78,75
257,4,852,Shamela0000140,268,436,1080,498,70
257,639,1525,Sham19Y0023625,2447,375,1244,536,65
257,1,98,Sham19Y0014309,74,1410,1507,72,96
257,1,518,Sham19Y0132524,122,711,1045,170,35
257,766,1182,Sham19Y0132524,123,194,531,222,64
257,1,125,JK009266,5041,336,460,93,97
257,1,135,Shamela0010639,410,1128,1267,102,94
257,1,395,JK000481,366,400,724,120,31
257,1,1119,Shamela0011244,39,737,1526,390,38
258,251,524,Shamela0021660,927,1339,1550,151,62
258,641,1010,Shamela0021660,3785,1325,1539,155,51
258,1017,1272,Shamela0008176,157,67,289,156,76
258,872,1193,Sham19Y0017745,106,640,1072,162,37
258,1021,1272,Sham19Y0122257,53,617,851,171,81
258,125,661,Shamela0000140,270,428,1334,379,49
258,251,563,Shamela0000791,687,1291,1594,246,96
258,1089,1605,Shamela0000791,688,118,476,243,58
258,240,583,Sham19Y0023625,2447,1263,1600,275,96
258,1471,1605,Sham19Y0023625,2448,1294,1426,100,92
258,583,1450,Sham19Y0023625,2448,1,661,493,68
258,28,268,Shamela0010443,288,722,962,125,52
258,1034,1272,Shamela0011244,40,153,346,139,69
259,54,510,Sham19Y0018568,106,232,579,274,74
259,54,525,Sham19Y0017745,107,368,776,274,68
259,141,324,ShamAY0033938,33,1085,1275,130,77
259,695,801,ShamAY0033938,1036,547,666,79,86
259,695,801,ShamIbadiyya0000433,114,1408,1518,78,91
259,702,1319,Shamela0000140,42,43,417,177,32
259,702,980,Sham19Y0023625,199,608,906,104,32
259,695,801,ShamAY0034005,1292,383,499,80,89
259,721,1208,Sham19Y0017350,191,1,771,283,46
259,695,801,Shamela0005756,10569,1221,1344,81,85
259,695,812,JK000916,3987,307,441,88,85
259,459,1319,Sham19Y0017437,242,84,1162,290,24
259,691,801,Sham19Y0020881,1346,251,369,82,90
259,695,980,Shamela0009790,209,367,714,132,50
259,459,801,Shia003732Vols,1579,392,769,129,41
259,702,1166,Shamela0009702,138,1165,1424,126,34
259,695,980,Sham19Y0020638,870,393,713,116,38
259,138,324,JK007065,645,1285,1472,123,80
259,695,816,Sham19Y0132524,1333,20,153,86,81
259,141,518,Shamela0023423,327,1,384,248,68
259,699,801,Sham19Y0029560,282,143,240,75,95
259,21,334,Shamela0010443,289,1,415,201,52
259,159,334,JK009329,12,598,785,126,82
259,141,324,Sham19Y0122406,140,9,199,130,77
259,695,801,Sham19Y0122406,2887,1159,1278,79,86
259,117,396,Shamela0011244,40,805,1083,225,99
259,133,334,Shamela0010463,51,531,721,152,94
259,695,801,Shamela0003118,1460,1162,1280,79,87
259,54,414,Shamela0012836,7,26,362,249,80
259,695,801,Shamela0023700,351,561,670,77,90
260,119,314,Sham19Y0023625,2894,1019,1312,150,62
260,321,1211,Sham19Y0023625,2895,11,602,380,49
261,861,1223,Sham19Y0018568,106,1100,1388,223,75
261,1229,1491,Sham19Y0023625,2894,602,860,190,85
261,852,1223,Sham19Y0023625,2895,621,1000,297,95
261,1161,1441,Shamela0011244,40,958,1324,135,41
261,1,390,Shamela0011244,41,710,895,110,36
262,994,1539,Shamela0021660,3413,506,807,193,44
262,195,497,Shamela0008360,52,736,1010,223,90
262,198,487,Sham19Y0013252,10937,745,1040,212,82
262,195,487,Sham19Y0013614,86,668,945,225,94
262,157,342,Sham19Y0018568,106,1432,1602,139,91
262,189,497,Shamela0008176,610,63,356,235,94
262,131,436,Sham19Y0017745,108,1270,1560,218,88
262,195,480,JK000059,13,319,578,190,78
262,195,500,Shamela0001875,149,28,302,222,89
262,234,497,Shamela0025800,2679,1,264,210,98
262,195,492,Shamela0001404,63,1085,1366,225,93
262,198,487,Shamela0007289,7341,746,1008,195,79
262,195,487,Shamela0000782,1202,79,342,211,89
262,198,487,JK006950,1536,1213,1456,185,77
262,195,487,Shamela0006227,14,301,564,214,90
262,247,487,Sham19Y0014119,90,1,241,196,100
262,198,509,Shamela0012014,16,476,795,251,96
262,261,509,Sham19Y0017063,108,965,1223,201,95
262,195,487,ShamAY0033938,147,425,689,214,90
262,195,444,Sham19Y0017729,67,1260,1482,179,88
262,1140,1606,Sham19Y0023625,175,1,370,220,55
262,1,157,Sham19Y0023625,2894,860,1015,126,99
262,198,497,JK001236,22,690,972,226,93
262,261,487,Shia001764Vols,499,968,1192,182,98
262,330,509,Sham19Y0020638,138,1,204,134,81
262,198,497,ShamAY0034300,3,72,354,225,92
262,280,497,Sham19Y0127677,6045,237,459,173,95
262,195,492,Sham19Y0127677,7709,727,995,216,89
262,195,620,Sham19Y0017791,159,428,818,249,65
262,195,487,JK007065,1223,197,460,214,90
262,198,444,Shamela0021502,112,136,373,193,96
262,195,487,Sham19Y0016976,263,145,422,225,94
262,195,444,ShamAY0036022,151,402,623,180,88
262,195,500,Sham19Y0131336,51,415,693,220,88
262,195,310,Shamela0023423,328,1390,1505,92,100
262,291,497,Shamela0023423,329,1,205,166,98
262,195,487,Shamela0004445,7055,958,1214,209,87
262,195,504,Shamela0021809,3290,465,747,221,86
262,195,500,Sham19Y0017903,112,657,929,220,88
262,195,453,Shamela0004289,314,1219,1449,187,89
262,195,487,Shamela0004289,1254,1064,1328,212,89
262,280,487,ShamAY0035003,17,810,1002,154,90
262,198,509,Sham19Y0013223,124,381,681,228,88
262,198,497,Sham19Y0013223,614,525,818,230,91
262,195,520,Sham19Y0013223,1220,340,671,238,85
262,310,497,ShamAY0034066,417,1,189,153,99
262,195,487,Shamela0030291,8,1023,1287,212,89
262,157,497,Shamela0010443,297,1056,1366,253,91
262,189,497,Shamela0011244,41,1254,1560,247,99
262,157,497,Sham19Y0023618,567,305,592,230,83
262,157,497,Shamela0012836,7,332,655,258,91
262,195,447,Sham19Y0017616,48,1267,1504,192,94
262,261,492,Sham19Y0147311,8,513,733,179,94
262,198,497,JK007107,13,5,287,227,92
264,285,455,ShamAY0033531,659,1161,1370,111,65
264,267,455,Sham19Y0147104,408,774,944,77,42
264,285,426,Sham19Y0014309,1526,1418,1596,90,62
264,285,455,Shamela0001442,163,346,554,105,62
264,249,679,Shia000996Vols,470,8,287,207,59
264,201,584,Shamela0010443,300,26,540,262,61
264,1,446,JK000170,6672,1293,1575,198,56
265,535,757,Shamela0021660,905,663,970,135,48
265,647,1101,Sham19Y0023625,176,200,837,130,18
266,898,1108,Sham19Y0018568,107,1391,1523,79,47
267,1075,1298,Shamela0021660,2204,779,1120,160,57
267,246,694,Shamela0001975,449,675,869,88,20
267,246,694,Shamela0021659,697,550,771,88,19
267,1382,1562,Shamela0008353,628,985,1156,133,89
267,1382,1550,Shamela0021715,11325,1272,1439,130,95
267,1382,1550,Shia002265Vols,4733,767,935,135,98
267,1,390,Sham19Y0023625,177,362,608,197,62
267,1009,1369,Sham19Y0023625,177,912,1263,248,77
267,625,1144,Sham19Y0023625,178,112,594,153,27
267,1382,1550,ShamAY0033945,2732,313,480,136,99
267,1382,1550,Shia002702Vols,3167,159,322,132,97
267,246,694,JK009390,1141,885,1070,88,21
267,1382,1550,JK009390,2934,26,187,129,94
267,1382,1550,Shamela0012884,1958,508,668,130,95
267,1382,1550,Sham19Y0127677,2731,779,940,129,93
267,1382,1550,Sham19Y0127677,15614,917,1083,135,98
267,1,524,Sham19Y0132524,303,1102,1328,176,40
267,246,667,Shamela0001438,1976,1311,1613,68,13
267,1382,1550,Shamela0001438,4389,483,645,130,94
267,246,694,ShamAY0034066,417,257,372,73,20
267,496,802,Shamela0010443,302,915,1589,179,31
267,802,1184,Shamela0010443,303,1,443,301,83
267,1081,1588,Shamela0010443,304,286,860,253,49
267,1382,1555,Sham19Y0132973,475,772,935,129,89
267,1382,1503,Sham19Y0132973,483,1403,1523,95,96
267,246,694,Sham19Y0023618,567,660,775,73,20
267,1382,1550,Sham19Y0016618,250,437,593,125,91
267,1382,1550,Shamela0021629,909,934,1109,131,91
268,365,724,Sham19Y0023625,172,354,637,173,59
268,1,244,Sham19Y0023625,177,1281,1524,159,76
268,244,561,Sham19Y0023625,178,1,259,186,70
268,19,451,Shamela0010443,305,264,913,214,41
268,1241,1486,Shamela0010443,306,36,269,151,71
269,151,291,Shia001782Vols,334,1002,1151,111,93
269,151,291,Shamela0008360,91,50,199,111,93
269,147,291,Shamela0000107,1055,1058,1220,112,87
269,122,291,Shamela0000107,1061,351,516,114,84
269,170,291,Shamela0000107,1086,75,195,95,99
269,155,291,Shamela0000107,1124,410,540,94,86
269,151,291,Shamela0000107,1142,535,659,98,88
269,155,291,Shamela0000107,1146,21,153,95,85
269,151,291,Shamela0000107,3345,208,353,102,89
269,160,291,Shamela0000107,4455,1019,1144,93,88
269,151,291,Shamela0000107,4539,701,848,108,90
269,151,291,Shamela0010657,597,135,284,111,93
269,151,291,Sham19Y0148271,1172,727,876,111,93
269,151,291,Shamela0001077,247,430,579,111,93
269,1245,1447,Sham19Y0017745,113,359,562,141,79
269,12,291,Shamela0001875,210,163,467,126,37
269,151,291,Shamela0001875,303,48,197,111,93
269,1245,1521,Sham19Y0122257,345,850,1097,155,67
269,151,291,Shamela0022848,171,282,431,110,93
269,151,291,Sham19Y0014224,966,477,626,111,93
269,138,291,Shamela0036446,119,111,273,117,91
269,1256,1558,Shia001764Vols,501,1,341,203,69
269,151,291,Shia003721Vols,379,567,716,111,93
269,12,344,Shamela0012884,725,291,721,169,47
269,133,291,Sham19Y0014592,1684,1153,1313,116,90
269,151,291,Shamela0006947,18797,1192,1341,111,93
269,1245,1558,JK000201,4185,1173,1502,213,75
269,151,291,Shamela0004473,4768,288,422,102,92
269,1245,1447,Sham19Y0018272,1427,850,1068,142,75
269,151,291,Shamela0025794,1225,615,764,111,93
269,186,351,Zaydiyya0000070,27,1,194,103,68
269,151,291,Shamela0004445,459,109,258,111,93
269,151,291,Shamela0004289,360,449,590,108,93
269,151,291,Sham19Y0013223,235,142,291,111,93
269,1245,1558,Sham19Y0013223,1503,1263,1612,211,70
269,1245,1558,Sham19Y0013223,2111,1091,1386,208,78
269,1245,1447,Sham19Y0013223,2816,878,1096,141,74
269,12,291,Shamela0010517,745,780,1122,127,43
269,151,291,Shamela0021537,2873,567,727,111,87
269,151,291,Shamela0021537,2882,592,744,108,87
269,151,291,Shamela0021537,3311,661,814,108,89
269,160,291,Shamela0021537,3522,1531,1656,93,88
269,174,291,Shamela0021537,4091,1221,1333,89,95
269,151,291,Shamela0021537,6403,1356,1516,111,87
269,170,291,JK010001,1447,683,809,96,96
269,96,480,Shamela0010443,306,1001,1472,269,66
269,147,291,Shamela0008317,57,738,889,112,94
269,1245,1558,Shamela0011244,42,1232,1484,143,56
269,147,291,Shamela0012293,2882,844,988,106,93
269,151,291,Shamela0009567,93,1123,1272,111,93
269,151,291,Shamela0011036,331,901,1054,111,91
269,151,291,JK000221,295,319,468,110,93
269,142,291,Shamela0021629,232,647,810,118,91
269,170,291,Tafsir07055,1526,5,131,96,96
270,757,910,Shamela0010443,308,883,1052,115,85
271,806,1253,Shamela0010463,329,1055,1488,228,56
272,1418,1549,Sham19Y0017745,114,54,203,96,78
272,406,729,Shamela0010443,308,1137,1515,212,67
273,1257,1514,Shamela0021660,906,995,1203,140,68
273,1,650,Sham19Y0018568,109,645,1529,389,49
273,638,1227,Sham19Y0018568,110,6,693,369,62
273,1,1188,Sham19Y0017745,114,210,1422,626,54
274,415,988,JK011566,19,113,673,414,87
274,40,191,Sham19Y0017745,115,323,642,110,42
274,470,723,JK001297,598,568,811,186,92
274,526,988,Shamela0001404,96,8,498,337,83
274,415,958,JK000786,3033,920,1473,406,88
274,415,680,ShamAY0032770,33,1197,1474,202,90
274,680,985,ShamAY0032770,34,1,300,221,86
274,486,979,Shamela0007292,154,1,579,274,50
274,400,985,Shamela0011363,189,154,740,436,90
274,470,985,Shia002265Vols,299,129,643,393,91
274,415,847,Shamela0095735,154,578,842,196,54
274,415,979,ShamAY0034080,38,328,870,340,69
274,415,985,ShamAY0034080,51,502,1087,427,89
274,641,994,JK006801,842,1,356,246,83
274,410,988,Shamela0008514,111,122,706,440,91
274,447,985,JK009390,2917,627,1155,405,91
274,576,994,Sham19Y0037618,5114,1,421,299,86
274,428,968,Shamela0012884,1925,965,1506,401,89
274,470,985,Sham19Y0127677,2718,478,984,386,89
274,415,985,Sham19Y0127677,15545,440,1019,426,88
274,531,723,ShamAY0034002,50,826,1013,116,73
274,415,985,ShamAY0032826,1197,864,1421,402,85
274,520,988,ShamAY0032826,1199,1,462,339,86
274,470,985,Shamela0001438,4369,789,1295,386,90
274,415,657,Shamela0009642,291,1236,1491,184,89
274,415,985,Shamela0021765,2101,528,1139,414,82
274,415,985,Shamela0012862,564,422,1034,310,58
274,415,985,Shamela0012985,27,799,1372,421,87
274,240,988,Shamela0010443,309,208,950,561,91
274,415,847,Shamela0010463,36,1134,1434,230,64
274,229,494,Shamela0010463,394,1013,1415,149,42
274,404,985,Shia001237Vols,918,416,1075,336,58
274,415,723,Shamela0012293,4844,61,375,236,91
275,269,366,Shamela0026884,231,89,190,74,90
275,269,366,ShamAY0033949,194,1161,1258,76,100
275,1,210,Shamela0010443,310,791,1015,129,60
275,250,366,Shamela0010443,311,31,177,93,79
276,569,871,Shamela0021660,3709,404,884,162,35
276,413,1085,Shamela0008360,359,1,690,513,90
276,169,654,Shamela0000301,1,928,1508,370,78
276,569,1085,Shamela0000301,2,14,417,297,73
276,220,578,Shamela0001975,645,1134,1491,286,96
276,578,1038,Shamela0001975,646,1,538,357,82
276,189,457,Sham19Y0013614,298,1363,1636,207,93
276,457,1038,Sham19Y0013614,299,1,579,457,97
276,143,1085,JK006897,489,374,1401,724,88
276,94,482,Sham19Y0018568,110,1175,1544,293,91
276,482,1028,Sham19Y0018568,111,1,554,430,96
276,146,1018,Shamela0009690,24,243,1148,684,93
276,143,1018,Sham19Y0148271,429,455,1327,683,96
276,212,1099,Shamela0008176,3116,1,885,688,96
276,220,511,Shamela0021659,849,1202,1493,233,95
276,511,1042,Shamela0021659,850,1,529,412,97
276,143,1018,Shamela0026884,638,31,924,692,96
276,94,604,Sham19Y0017745,115,1112,1591,379,90
276,604,1028,Sham19Y0017745,116,1,430,329,96
276,220,1053,Shia002261Vols,285,74,892,645,95
276,357,1145,Shamela0025800,3092,1,802,563,80
276,334,682,Sham19Y0122257,1435,259,607,282,100
276,584,1085,Sham19Y0122257,1436,492,914,304,73
276,143,966,Shia002943,158,641,1542,570,71
276,212,884,Shamela0007289,2419,654,1295,403,63
276,94,958,Shamela0007289,2698,663,1525,653,91
276,143,1135,Shamela0007289,2972,298,1326,697,82
276,306,731,Shamela0007289,3522,1313,1561,198,58
276,146,1018,Shamela0007289,5624,555,1461,690,95
276,293,1038,Sham19Y0014119,261,1,745,590,97
276,143,835,Shamela0012014,40,815,1539,552,94
276,175,1031,Sham19Y0017063,516,226,1106,680,96
276,143,1018,ShamAY0033938,1425,176,1050,685,96
276,205,1047,Shia002265Vols,5290,331,1177,648,94
276,166,1140,Shamela0001585,249,490,1521,720,81
276,137,499,ShamAY0033728,5,1092,1467,292,96
276,499,1085,ShamAY0033728,6,1,583,434,91
276,1177,1493,Shamela0000140,306,1121,1403,139,45
276,146,1018,JK001236,5,179,1071,691,96
276,340,1085,Shamela0036446,1362,1,671,513,84
276,205,958,Shamela0010488,414,5,715,516,81
276,179,1028,eScr20112614,36,9,772,570,81
276,143,1018,Shamela0010798,2686,222,1089,677,94
276,143,1028,Shia002616Vols,1539,550,1434,690,95
276,143,718,Shamela0036543,2137,960,1546,461,97
276,625,1018,Shamela0036543,2138,6,318,237,73
276,340,1148,JK007083,227,1,803,545,72
276,143,1066,JK009390,1547,588,1481,679,90
276,143,1085,Sham19Y0020638,1207,37,996,715,91
276,143,1023,Noorlib0007682,122,150,1058,683,94
276,508,718,Shamela0000894,1450,1355,1565,168,100
276,590,1018,Shamela0000894,5364,1,429,340,100
276,429,1028,Shamela0019482,22,1,599,475,99
276,143,807,ShamAY0034383,415,794,1457,517,95
276,807,1018,ShamAY0034383,416,1,212,168,100
276,143,801,SHAM19Y23644,3285,867,1521,510,95
276,220,532,Sham19Y0127677,1596,1193,1505,250,96
276,532,1047,Sham19Y0127677,1597,1,529,398,95
276,157,781,Sham19Y0017791,758,843,1522,480,85
276,781,1090,Sham19Y0017791,759,1,368,220,74
276,143,1028,Shamela0004473,6227,823,1531,554,76
276,284,962,Shamela0004473,6791,384,922,429,77
276,569,906,Shamela0004473,9337,1042,1289,181,67
276,143,1018,Shamela0004473,15334,23,897,685,96
276,143,1085,JK007065,144,48,1026,665,79
276,325,801,Sham19Y0132524,2732,130,606,384,100
276,879,1028,Sham19Y0132524,2733,1,158,118,94
276,220,884,Shamela0022653,343,994,1548,412,76
276,146,569,Sham19Y0145212,1703,748,1180,323,91
276,643,1085,Sham19Y0145212,1704,752,1203,187,44
276,143,743,JK000075,53,952,1517,426,85
276,229,1028,Shamela0007266,35,799,1520,565,85
276,146,1070,Tafsir07076,1211,357,1301,687,90
276,220,1018,Tafsir07076,1486,634,1437,637,97
276,760,1018,Tafsir07076,2621,1103,1361,206,100
276,143,772,Shamela0007891,735,842,1443,473,93
276,189,958,Sham19Y0016976,772,795,1577,611,97
276,216,731,Shamela0001438,2592,1064,1584,412,96
276,731,1038,Shamela0001438,2593,1,337,239,88
276,508,906,Shamela0022649,75,644,1145,207,40
276,143,1023,Shamela0023423,332,197,1109,705,96
276,146,884,JK000379,101,503,1092,435,72
276,143,983,Shamela0021809,3085,741,1502,591,85
276,220,895,ShamAY0034059,2601,808,1383,436,79
276,508,1023,ShamAY0034059,7136,23,542,399,96
276,143,508,JK009237,5838,223,587,276,90
276,569,1018,JK009237,5839,698,1216,336,80
276,146,1085,Sham19Y0017903,940,32,974,709,92
276,325,1018,Shamela0004289,139,1,701,557,99
276,143,807,ShamAY0037747,713,878,1554,528,97
276,807,1018,ShamAY0037747,714,1,212,168,100
276,143,629,Sham19Y0013223,647,1003,1495,390,97
276,569,1018,Sham19Y0013223,648,39,403,276,75
276,284,508,Shia002264,270,645,869,184,100
276,302,1028,Shamela0010443,312,1,732,584,99
276,143,517,Shamela0010443,315,222,652,223,60
276,143,1018,Zaydiyya0000407,492,44,921,685,95
276,143,517,Sham19Y0122406,3814,742,1101,264,85
276,482,1018,Sham19Y0122406,3815,582,1118,428,100
276,143,807,Shamela0011244,43,879,1569,533,96
276,807,1035,Shamela0011244,44,1,230,171,93
276,94,1018,Sham19Y0013572,330,581,1475,684,91
276,133,1145,Shamela0006610,1178,310,1363,701,73
276,133,1145,Sham19Y0127700,293,243,1295,699,74
276,272,1085,JK000079,89,1,822,588,89
276,143,987,Shamela0007435,469,657,1516,659,93
276,94,995,Shamela0012836,7,655,1565,698,92
276,143,1148,Sham19Y0017616,461,57,1096,727,83
276,175,1038,Sham19Y0122096,2851,654,1523,660,93
276,175,760,Tafsir07055,211,629,865,181,39
277,650,1379,Sham19Y0018568,112,1,883,422,58
277,611,1379,Sham19Y0017745,117,582,1199,328,50
277,239,544,Shamela0000140,307,544,878,170,55
277,156,623,Sham19Y0023625,2906,885,1497,292,53
277,1269,1512,Shamela0002573,1457,1041,1249,151,79
277,325,816,Shamela0002573,1457,583,1044,346,86
278,230,843,Sham19Y0023625,2907,644,1215,420,81
278,1,347,Shamela0002573,1457,1249,1557,235,84
279,635,1342,Shamela0000140,307,969,1494,318,50
279,1346,1502,Shamela0000140,308,1,167,120,88
279,628,842,Sham19Y0023625,2907,1366,1567,150,86
279,842,1502,Sham19Y0023625,2908,1,514,292,48
279,391,576,Shamela0038011,681,478,638,122,83
280,358,578,Shamela0021660,269,644,849,147,78
280,754,900,Sham19Y0013252,9560,1117,1263,115,100
280,754,900,Sham19Y0013252,9561,731,877,115,100
280,725,900,Sham19Y0148486,3545,883,1063,121,86
280,754,900,Shamela0026884,642,545,685,108,94
280,1033,1527,Sham19Y0017745,118,786,1346,187,33
280,754,900,JK001297,364,906,1063,106,81
280,754,900,Sham19Y0013605,4544,971,1117,115,100
280,754,900,Sham19Y0018103,3813,1425,1571,115,100
280,725,900,Sham19Y0146127,1864,372,552,122,86
280,754,904,Shamela0011433,7,842,1006,114,86
280,754,900,Shamela0022547,84,138,309,114,84
280,754,900,Sham19Y0018176,2312,610,756,115,100
280,754,900,JK000030,217,923,1069,115,100
280,754,900,Shamela0021715,9802,760,906,115,100
280,754,900,Sham19Y0127656,765,108,251,111,96
280,754,900,Shamela0001585,265,277,423,109,91
280,618,900,Shamela0095735,113,440,804,208,72
280,618,900,ShamAY0033728,89,479,815,213,80
280,746,900,Sham19Y0016584,4283,603,803,111,71
280,292,1019,Shamela0000140,308,197,607,264,40
280,280,1442,Sham19Y0023625,2908,523,1063,385,40
280,754,900,ShamAY0034005,1190,403,550,111,96
280,754,900,Shamela0037837,658,486,688,113,71
280,754,900,Shamela0005756,14248,1306,1451,113,98
280,754,900,Sham19Y0018106,3861,1095,1241,115,100
280,754,900,Shamela0011818,309,15,156,103,89
280,754,900,Sham19Y0009763,230,922,1068,115,100
280,754,900,Shamela0000894,1574,1304,1450,115,100
280,754,900,Sham19Y0127677,12308,943,1089,115,100
280,618,900,JK000034,26,41,388,211,76
280,754,900,Sham19Y0016684,1940,391,537,115,100
280,754,900,Shamela0004445,7081,355,495,105,88
280,754,900,Shamela0004289,1086,467,613,114,99
280,605,900,Shamela0010443,315,11,413,214,67
280,618,900,Shamela0010463,194,1011,1359,212,77
280,1030,1527,Sham19Y0013572,331,188,755,183,33
280,754,900,Shamela0012293,388,251,397,115,100
280,754,900,Shamela0012293,4020,655,801,115,100
280,741,900,Shamela0021629,867,1331,1495,120,91
281,204,1563,Shamela0021660,3706,854,1307,266,23
281,1150,1345,Sham19Y0018568,112,1283,1480,151,93
281,162,360,Shamela0009690,46,1139,1347,137,81
281,1103,1345,Sham19Y0017745,119,27,256,153,77
281,162,458,Shamela0007289,5646,1075,1503,194,55
281,583,1071,JK007006,1223,598,702,83,21
281,592,1563,Shamela0000140,308,769,1075,207,26
281,286,564,Shamela0006104,88,1,400,179,54
281,177,564,Shamela0007266,39,215,745,256,57
282,1,936,Shamela0000140,308,1075,1590,373,47
282,936,1141,Shamela0000140,309,1,203,155,91
282,286,434,Shamela0001673,2960,146,294,95,72
282,143,468,Shia001764Vols,2348,762,1460,235,41
282,476,752,Shia001764Vols,2349,1,277,200,82
282,5,456,Shamela0007266,40,354,659,180,46
282,1015,1196,Shamela0010443,317,76,318,126,62
282,1015,1174,Shamela0010463,813,96,300,115,65
282,492,752,Shamela0011036,1938,816,1075,186,80
283,925,1568,Sham19Y0018568,113,146,384,153,29
283,925,1568,Shamela0000140,309,490,1150,463,81
283,389,674,Sham19Y0132524,2732,659,919,149,52
284,1132,1569,Shamela0021660,3708,113,363,192,55
284,1445,1569,Sham19Y0018568,113,937,1053,93,93
284,13,436,Sham19Y0018568,113,415,922,259,58
284,1410,1569,Sham19Y0017745,119,1284,1451,109,73
284,1,804,Shamela0000140,309,1150,1595,348,52
284,808,1394,Shamela0000140,310,1,472,345,67
284,967,1399,Sham19Y0023625,2910,1060,1518,219,53
284,1,1132,Sham19Y0023625,2910,207,1190,600,60
284,7,1012,Sham19Y0018272,1575,305,1279,423,38
285,418,834,Sham19Y0017745,120,936,1542,142,23
285,1153,1526,JK000903,4,996,1391,73,14
285,418,1017,Shamela0000140,310,587,1177,391,71
285,418,545,Sham19Y0023625,2908,1206,1332,100,99
285,254,1127,Sham19Y0023625,2909,50,1125,372,35
285,1153,1526,Shamela0022653,115,152,547,73,14
285,1153,1526,Shamela0007266,43,282,944,190,32
285,802,1127,Sham19Y0018272,1576,7,224,107,37
285,1135,1359,Shamela0010443,317,1187,1581,182,56
285,1304,1526,Shamela0010443,318,11,641,150,30
286,150,705,Shamela0021660,3708,788,1074,192,44
286,669,1182,Shamela0011817,174,440,856,119,20
286,82,734,Shamela0000140,310,1181,1594,334,63
286,741,1526,Shamela0000140,311,1,431,265,39
286,77,430,Sham19Y0023625,2909,1137,1497,283,97
286,1077,1329,Shamela0007266,46,384,750,177,59
286,669,1165,Shamela0010443,318,1031,1359,113,23
287,1227,1422,Shamela0021660,3709,746,1096,150,53
287,362,630,Shamela0021660,3709,341,616,180,77
287,249,630,Sham19Y0018568,115,1,312,167,51
287,120,623,Sham19Y0017745,121,545,1136,211,35
287,1227,1450,JK007006,1224,204,428,144,71
287,409,630,JK007006,1224,1,204,154,86
287,1,409,Shamela0000140,311,431,853,217,50
287,409,1352,Shamela0000140,311,921,1470,314,36
287,1352,1500,Shamela0000140,312,1,164,104,74
287,1017,1227,Sham19Y0023625,591,426,636,157,93
287,507,1319,Sham19Y0023625,2911,945,1210,188,28
287,120,630,Sham19Y0018272,1576,427,939,295,58
287,450,1202,Shamela0010443,321,738,1472,274,34
287,304,579,Sham19Y0122096,2854,460,1047,139,30
288,1143,1331,Shamela0008353,211,885,1017,88,56
288,1,1270,Shamela0000140,312,164,1143,588,52
288,1,251,Sham19Y0023625,2912,379,621,194,95
288,775,1136,Sham19Y0023625,2912,731,1085,210,64
288,1143,1331,JK000475,1588,989,1123,84,55
288,1143,1331,ShamAY0033974,56,138,270,88,56
288,1143,1331,Shamela0021537,707,538,669,88,56
288,1143,1331,Shamela0021537,5516,683,814,88,56
288,1143,1331,Sham19Y0001729,324,966,1098,88,56
288,1143,1331,JK001277,3,1089,1210,83,55
288,1143,1331,JK001277,4,85,211,85,56
289,941,1175,Sham19Y0018568,116,1101,1363,148,64
289,221,348,Sham19Y0017063,517,1004,1194,74,51
289,352,1136,Shamela0000140,312,967,1566,440,67
289,1136,1508,Shamela0000140,313,1,438,255,69
289,211,568,Sham19Y0023625,2912,1159,1504,266,92
289,568,1407,Sham19Y0023625,2913,1,861,413,45
289,221,348,Shia001764Vols,2311,1308,1505,78,51
289,221,348,Shamela0036543,2180,735,932,78,51
289,221,348,Sham19Y0017791,760,346,529,78,55
289,217,348,Sham19Y0127654,630,550,751,81,52
289,221,348,Sham19Y0018272,1577,17,214,78,51
290,850,1383,Shamela0021660,3710,915,1230,224,51
290,1,274,Shamela0021660,3710,775,915,114,50
290,1,274,JK007006,1224,703,842,113,50
290,850,1373,JK007006,1224,842,1012,135,31
290,1,1488,Shamela0000140,313,442,1328,678,56
290,1,854,Sham19Y0023625,2913,870,1497,437,62
290,858,1550,Sham19Y0023625,2914,42,714,336,45
290,850,990,Sham19Y0122096,2855,736,859,82,75
291,77,393,Shamela0021660,3710,1292,1566,205,81
291,681,1391,Sham19Y0018568,116,439,1044,396,66
291,288,568,Shamela0000140,313,1328,1602,223,94
291,568,797,Shamela0000140,314,1,216,175,93
291,1,890,Sham19Y0023625,2914,714,1611,706,95
291,890,1508,Sham19Y0023625,2915,1,720,369,58
292,222,764,Shamela0030592Vols,308,880,1439,184,33
292,236,844,Shamela0008360,363,293,890,343,62
292,236,853,Shia001432Vols,30473,310,913,351,62
292,293,844,Shia001432Vols,30814,1,543,306,60
292,352,783,Shamela0001975,1086,765,1439,260,45
292,392,844,Sham19Y0013614,304,7,528,289,66
292,222,699,JK010552,546,1122,1549,258,59
292,236,844,Shamela0008176,3150,367,967,343,62
292,236,844,Shamela0021659,1516,636,1246,342,61
292,1,844,Sham19Y0017745,116,546,1455,563,71
292,236,832,Shamela0025800,3092,896,1497,333,60
292,222,695,Shamela0010835,312,944,1430,130,24
292,236,844,Sham19Y0122257,1452,410,845,292,58
292,236,643,Shamela0013027,147,1208,1455,163,48
292,554,844,Shamela0013027,148,1,349,207,72
292,222,844,Shamela0012981,1090,900,1400,277,52
292,222,764,Shamela0012981,1107,832,1382,266,49
292,222,844,Sham19Y0018144,2757,1,588,341,58
292,236,844,Shamela0000782,840,507,1120,344,61
292,236,844,Sham19Y0014119,264,276,884,342,61
292,591,832,Shamela0011363,176,1235,1522,168,70
292,236,844,Sham19Y0017063,523,332,937,340,60
292,236,627,Shia002265Vols,5290,1277,1498,142,43
292,519,844,Shia002265Vols,5291,16,384,211,65
292,222,844,Shia001731Vols,915,332,946,439,82
292,231,844,JK009288,33,188,736,331,60
292,1032,1570,Sham19Y0023625,1706,65,630,338,67
292,245,844,Sham19Y0023625,2916,1,609,371,65
292,222,844,JK000916,13946,75,734,332,52
292,222,844,JK000624,211,181,822,330,52
292,222,844,Shamela0036543,2138,534,1155,442,82
292,587,844,Shamela0036543,2193,594,822,168,78
292,222,844,Shamela0009810,1556,132,746,439,82
292,236,844,JK009390,2892,486,1097,344,61
292,317,844,ShamAY0032665,2757,1,501,285,56
292,222,844,Shia002067,8,952,1319,171,30
292,236,844,Sham19Y0127677,2701,520,1128,338,60
292,222,385,Sham19Y0127677,15477,1141,1288,109,84
292,236,911,Sham19Y0017791,770,545,1230,362,58
292,392,844,Sham19Y0017791,771,391,1133,250,37
292,911,1564,Shamela0004473,12710,23,698,513,91
292,1230,1504,Shamela0004473,12716,1223,1455,174,75
292,236,635,Sham19Y0145212,1714,152,395,156,49
292,519,844,Sham19Y0145212,1714,918,1275,218,72
292,936,1570,Shamela0002573,796,622,1197,463,88
292,911,1510,Shamela0009993,46,997,1582,469,96
292,231,651,ShamAY0032775,39,1051,1405,201,51
292,591,844,Tafsir07076,5561,571,873,177,71
292,236,676,Sham19Y0016976,785,1104,1513,228,57
292,676,844,Sham19Y0016976,786,8,176,125,93
292,236,844,Shia001417,119,918,1511,331,61
292,222,844,Shamela0009270,134,273,758,244,41
292,370,844,Shamela0009270,170,1,497,290,64
292,236,844,Shamela0001438,4361,214,821,341,60
292,215,560,Shamela0025794,4004,1108,1455,196,61
292,222,440,Shamela0025794,4046,1165,1418,159,75
292,463,844,Shamela0025794,4047,9,337,206,63
292,236,853,Shia002334,29,588,1198,354,62
292,334,844,Shamela0021809,3097,1,559,263,48
292,51,844,Sham19Y0013223,648,416,1247,495,64
292,222,476,Sham19Y0018611,362,1285,1542,153,62
292,554,844,Sham19Y0018611,363,13,407,189,57
292,271,844,Shamela0023102,29,1,631,355,60
292,496,853,Shamela0010443,313,9,341,196,59
292,236,844,Shia001237Vols,1125,865,1447,340,61
292,222,844,Shamela0003118,4125,762,1415,325,50
292,51,184,Sham19Y0122096,2855,1050,1206,77,62
293,1163,1534,JK000001,589,341,697,219,63
293,1163,1534,JK001012,336,848,1218,268,83
293,1240,1534,Zaydiyya0000268,5,597,940,217,75
293,1392,1534,Shamela0008360,293,156,300,114,98
293,1160,1534,JK000977,879,549,923,265,79
293,1170,1515,Sham19Y0036110,58,1048,1393,267,93
293,1286,1534,JK000216,252,1,252,199,96
293,1360,1534,Shamela0001975,384,639,821,139,94
293,1215,1534,Sham19Y0018568,117,1,320,257,100
293,1067,1447,Shia002218Vols,410,1110,1467,216,67
293,1265,1534,Sham19Y0148271,438,40,314,202,85
293,1392,1534,Shamela0008176,2550,668,812,114,98
293,1160,1534,Sham19Y0148486,2495,745,1117,256,76
293,1360,1534,Shamela0021659,492,646,828,139,95
293,1179,1534,Sham19Y0017745,124,1,353,281,98
293,1210,1534,Shamela0021550,127,398,708,203,65
293,1067,1534,Shamela0001875,728,837,1326,313,77
293,1067,1534,Shamela0025800,2680,201,654,306,81
293,1392,1534,Sham19Y0122257,1135,350,494,114,98
293,1160,1438,Sham19Y0146127,1310,1199,1435,160,66
293,1179,1534,Shamela0007289,5763,1007,1358,281,98
293,1160,1534,Shamela0012981,1068,392,729,211,61
293,1240,1534,Sham19Y0018144,971,1127,1419,215,84
293,1265,1500,ShamAY0033531,3710,824,1254,171,47
293,1265,1500,ShamAY0033531,4893,284,714,171,47
293,1109,1529,JK009318,59,76,545,299,74
293,1392,1534,Sham19Y0014119,225,670,812,114,100
293,1077,1534,Shamela0011363,277,747,1232,285,65
293,1160,1515,Shamela0012014,43,758,1522,264,42
293,1392,1534,Sham19Y0017063,419,1292,1434,114,100
293,1160,1534,ShamAY0033938,516,17,390,279,88
293,1360,1534,Shia002265Vols,1934,1144,1327,139,95
293,1160,1534,Sham19Y0017729,348,482,815,263,87
293,1,1109,Sham19Y0023625,1706,630,1454,466,44
293,1160,1534,ShamAY0034005,1163,1018,1396,280,88
293,1163,1504,JK001236,23,1190,1491,237,86
293,1072,1534,Shamela0036446,326,753,1176,276,74
293,1077,1411,Sham19Y0014601,6217,663,1029,147,43
293,1265,1443,Zaydiyya0000142,3009,282,461,128,81
293,1278,1496,Shia001764Vols,1072,326,558,132,71
293,1160,1411,Shamela0026324,4491,931,1155,152,75
293,1160,1496,eScr20112614,73,1088,1369,205,73
293,1356,1534,JK009390,934,332,525,141,91
293,1077,1534,Sham19Y0020638,432,655,1091,300,78
293,1163,1534,Sham19Y0037618,2399,1073,1336,195,65
293,1240,1534,ShamAY0032665,971,1138,1430,215,84
293,1265,1534,ShamAY0033075,72,18,289,212,96
293,1160,1459,Shia002067,425,943,1241,232,94
293,1265,1496,Shamela0009776,5530,343,568,159,76
293,1188,1496,Shamela0009776,8431,706,1000,196,69
293,1278,1496,Shamela0021626,14,1,189,151,84
293,1240,1534,Shamela0004473,1857,467,792,232,88
293,343,619,Shamela0004473,12708,1,274,213,93
293,178,602,Shamela0004473,12710,1150,1541,203,51
293,1160,1534,Shamela0004473,15516,1118,1488,295,98
293,1067,1534,JK007065,143,870,1386,298,68
293,1160,1534,Sham19Y0132524,870,262,1006,264,41
293,1183,1534,Shia000841Vols,2954,12,299,219,77
293,1,401,Shamela0002573,796,1197,1602,322,97
293,401,1109,Shamela0002573,797,1,695,534,91
293,1,1109,Shamela0009993,47,61,1097,814,90
293,1160,1504,Sham19Y0035453,4,440,725,215,75
293,1265,1496,Shamela0007891,943,554,1107,185,41
293,1373,1534,Sham19Y0016976,657,133,290,118,91
293,1154,1534,JK001429,18,16,401,303,98
293,1265,1411,Shamela0025794,4028,1241,1421,118,81
293,1265,1534,Shamela0025794,4030,963,1238,204,86
293,1160,1534,Shamela0023423,340,923,1297,299,100
293,1265,1415,Shamela0021809,3120,1330,1518,121,79
293,1265,1459,Shamela0001341,26,277,464,128,75
293,1058,1534,Sham19Y0017903,634,245,750,313,74
293,1154,1529,Sham19Y0013223,614,1150,1504,274,90
293,1163,1496,Sham19Y0013223,867,567,839,213,77
293,1265,1459,Shamela0012991,48,798,985,128,75
293,1109,1534,Shamela0010443,328,59,451,315,92
293,1160,1496,Sham19Y0017715,227,1141,1309,130,48
293,1160,1496,Sham19Y0001729,365,857,1212,249,82
293,1160,1464,Sham19Y0122406,1439,378,681,223,85
293,1160,1534,Shamela0011244,46,194,566,297,99
293,1160,1534,Sham19Y0013572,327,997,1349,273,89
293,1160,1534,Shia001237Vols,1705,1141,1416,170,51
293,1265,1534,Shamela0026668,233,515,786,201,86
293,1170,1515,Sham19Y0131521,6487,303,623,92,20
293,1265,1534,Shamela0006610,1166,244,516,192,84
293,1109,1534,Shamela0012836,8,34,446,317,89
293,1360,1510,ShamAY0035990,363,480,833,117,41
293,1160,1534,Sham19Y0017616,144,18,384,289,96
293,1286,1534,JK007036,303,1,249,200,99
293,1215,1534,Sham19Y0017798,1657,20,417,238,74
293,1392,1515,Tafsir10098,328,965,1074,86,85
294,1,116,JK001012,336,1218,1332,90,99
294,1,155,Shamela0008360,293,300,466,115,85
294,1,145,JK000977,879,942,1105,106,79
294,1,116,JK000216,252,252,366,89,98
294,1,136,Shamela0001975,384,821,963,94,82
294,1,126,Sham19Y0018568,117,320,445,98,99
294,1,136,Shamela0008176,2550,812,952,106,96
294,1,140,Shamela0021659,492,828,974,94,81
294,1,126,Sham19Y0017745,124,353,478,99,100
294,1,116,Shamela0002300,1958,223,387,90,69
294,1,116,Shamela0002300,4237,1346,1478,90,86
294,1,121,Shamela0007534,90,765,886,90,94
294,1,145,Shamela0001875,728,1326,1469,101,88
294,1,126,Shamela0025800,2680,654,780,96,96
294,1,126,Sham19Y0122257,1135,494,623,99,96
294,1,140,Shamela0021766,350,639,785,102,89
294,1,133,Sham19Y0146127,1311,99,262,96,75
294,7,116,Shamela0007289,1931,85,195,85,97
294,1,116,Shamela0007289,5763,1358,1473,91,100
294,1,116,JK009318,59,545,660,91,100
294,1,121,Sham19Y0014119,225,812,936,92,94
294,1,126,Shamela0012014,44,20,145,99,100
294,1,116,ShamAY0033938,516,390,510,91,95
294,1,116,ShamAY0035249,173,1271,1391,91,95
294,7,133,Sham19Y0017729,348,820,942,91,88
294,1,145,Sham19Y0014224,840,1203,1342,98,86
294,1,116,Sham19Y0014224,947,993,1108,91,100
294,1,116,Sham19Y0122256,327,1045,1160,91,100
294,1,126,JK001236,24,31,161,98,95
294,1,136,Shamela0036446,326,1176,1300,94,88
294,1,155,Shia003732Vols,3995,1195,1358,112,88
294,1,112,Sham19Y0032476,1454,650,766,88,95
294,1,136,Sham19Y0020638,432,1091,1248,98,80
294,1,116,ShamAY0033075,72,289,417,89,87
294,1,129,Shamela0029677,1728,593,716,91,90
294,1,126,Shamela0000894,3738,1035,1167,96,91
294,1,136,Shamela0000894,4018,268,414,102,89
294,7,116,Shamela0011438,311,234,357,85,87
294,1,116,Sham19Y0018318,227,260,380,91,95
294,1,116,Shamela0009924,291,586,704,91,97
294,1,126,Shamela0003485,302,468,607,95,87
294,1,116,Sham19Y0127677,8195,685,804,90,95
294,1,160,Shamela0004473,1857,792,927,106,84
294,1,133,Sham19Y0132524,870,1006,1151,101,88
294,1,155,Shia000841Vols,2954,299,451,115,93
294,1,140,Sham19Y0145212,1444,377,522,106,91
294,1,116,ShamAY0034199,1724,31,150,91,96
294,1,116,Tafsir07076,548,765,880,87,91
294,1,121,Sham19Y0016976,657,290,414,93,95
294,7,163,JK001429,18,406,557,100,80
294,1,126,Shamela0023423,340,1297,1423,99,99
294,1,133,Sham19Y0017903,634,750,878,96,89
294,1,116,Sham19Y0013253,372,976,1096,88,93
294,1,126,Sham19Y0013223,615,6,129,97,98
294,1,155,Shamela0010517,2856,1333,1496,106,81
294,1,116,Shia001831Vols,261,1076,1373,89,38
294,1,155,Shamela0010443,328,451,663,114,66
294,1,116,Shamela0006336,1120,805,920,91,100
294,1,140,Shamela0011244,46,566,702,99,90
294,1,116,Sham19Y0013572,327,1349,1459,87,94
294,1,116,Shamela0012293,2562,527,640,88,97
294,1,116,Shamela0012293,4571,462,577,91,100
294,1,155,Shamela0012836,8,446,626,120,85
294,1,171,ShamAY0035990,363,1024,1232,97,58
294,1,116,Sham19Y0017616,144,384,504,91,95
294,1,116,JK007036,303,249,364,91,100
294,7,126,Sham19Y0017798,1657,422,545,91,94
294,1,116,Sham19Y0039268,276,545,682,90,83
294,1,116,Shamela0012019,543,493,613,91,95
295,386,1397,Shamela0000140,329,1,952,636,68
296,655,903,Shamela0021660,3883,652,883,173,85
296,664,903,Sham19Y0017451,22,610,833,172,87
296,111,280,Shamela0000140,326,492,673,103,70
296,272,876,Shamela0000140,329,1144,1593,312,63
296,876,1560,Shamela0000140,330,1,371,246,43
297,1294,1405,ShamAY0032781,50,999,1112,83,95
297,1017,1469,Shamela0000140,330,1042,1325,209,56
297,75,487,Shamela0000140,330,641,1034,300,89
297,1291,1424,Shamela0008216,89,1121,1255,86,82
297,1291,1405,Tafsir03092,2830,200,316,87,98
297,1291,1405,Shia002616Vols,3440,41,164,86,91
297,1291,1405,Shamela0022593,2865,483,599,87,98
297,1021,1405,Shamela0010443,329,647,1444,267,42
297,1291,1424,ShamAY0038174,89,411,547,86,82
298,12,128,Shamela0000140,330,1325,1480,91,74
298,699,1274,Shamela0000140,331,370,710,273,58
299,1247,1451,JK001012,159,1311,1508,149,90
299,875,1270,Shamela0008381,1618,1042,1447,314,94
299,875,1414,Shamela0008360,147,902,1460,431,95
299,866,1451,Sham19Y0013769,716,215,798,435,87
299,1092,1270,Shamela0001975,392,860,1013,121,82
299,863,1459,Shamela0008473,4490,524,991,291,56
299,694,1451,Shamela0008473,4667,986,1561,355,53
299,866,1451,Shia002206,114,460,771,229,47
299,995,1451,Shamela0000107,1650,304,719,274,67
299,878,1270,Shamela0000107,1655,680,1129,254,60
299,836,1451,Sham19Y0148271,1352,631,1250,469,91
299,875,1451,Shamela0008176,1404,642,1235,462,96
299,866,1274,Sham19Y0148486,1002,1060,1460,300,87
299,1092,1270,Shamela0021659,497,1217,1371,121,83
299,875,1456,Sham19Y0014555,149,100,817,454,77
299,894,1451,Shamela0001875,373,462,1033,446,96
299,866,1304,Shamela0025800,896,1081,1536,346,93
299,995,1451,Sham19Y0122257,682,961,1427,366,97
299,875,1459,Sham19Y0146127,508,772,1299,396,82
299,875,1274,Sham19Y0018144,681,1133,1519,298,89
299,1252,1451,Sham19Y0018144,682,213,405,142,83
299,866,1451,Shamela0012014,159,83,670,445,90
299,919,1451,Shamela0012014,303,1,652,358,60
299,1288,1451,Shamela0021715,1502,1,164,130,98
299,875,1137,ShamAY0033938,307,1168,1444,210,93
299,1137,1451,ShamAY0033938,308,1,315,252,100
299,1092,1270,Shia002265Vols,392,524,674,116,80
299,875,1451,Sham19Y0014249,345,551,1175,393,70
299,866,1451,Sham19Y0011194,258,326,928,464,95
299,884,1348,Sham19Y0016599,1251,900,1570,226,38
299,955,1217,Sham19Y0023625,836,452,694,150,61
299,866,1451,Sham19Y0014224,431,751,1332,431,86
299,866,1451,Sham19Y0017350,477,750,1315,436,89
299,1270,1451,Shamela0005756,3710,809,989,145,99
299,884,1419,JK001236,178,840,1539,270,41
299,866,1456,ShamAY0034068,3713,775,1383,460,93
299,875,1344,Shamela0036446,1310,1102,1561,370,96
299,995,1437,Shamela0021578,21,8,430,175,34
299,866,1451,Sham19Y0017437,590,86,668,436,87
299,866,1451,Shamela0022645,435,305,929,463,91
299,946,1266,Shamela0022645,436,448,1501,251,29
299,1270,1459,Shamela0022645,437,1,526,134,31
299,1270,1451,Shamela0001673,2223,387,569,146,99
299,931,1451,Sham19Y0014309,1081,7,509,396,94
299,875,1082,Shia002616Vols,6187,1270,1491,167,91
299,1082,1451,Shia002616Vols,6188,1,370,296,100
299,1068,1270,Sham19Y0016817,93,985,1180,131,71
299,1240,1451,Shamela0036543,2354,1245,1466,146,83
299,1092,1270,JK009390,960,900,1053,120,82
299,875,1385,Sham19Y0020638,260,932,1456,410,96
299,875,1451,Sham19Y0037618,4727,827,1417,462,96
299,875,1274,ShamAY0032665,681,1144,1530,298,89
299,1252,1451,ShamAY0032665,682,223,415,142,83
299,866,1451,Sham19Y0014592,856,536,1140,463,94
299,884,1451,ShamIbadiyya0000229,1381,452,1141,298,46
299,914,1072,Sham19Y0020891,2498,1,177,121,82
299,680,1451,Shamela0006137,99,537,1212,454,66
299,875,1252,Shamela0000216,75,720,1084,233,70
299,866,1278,Shia002067,186,721,1118,300,87
299,1092,1270,Sham19Y0127677,960,382,536,119,82
299,875,1451,JK007065,979,759,1349,462,96
299,924,1054,Sham19Y0132524,541,1356,1486,107,99
299,1054,1451,Sham19Y0132524,542,1,412,314,95
299,1092,1283,Shia000841Vols,1612,10,203,139,85
299,1010,1240,Sham19Y0145212,860,963,1203,185,95
299,1166,1424,Sham19Y0145212,861,338,984,189,36
299,680,1456,JK009266,8796,403,1265,480,59
299,866,1451,Shamela0001665,239,281,858,428,86
299,875,1456,Sham19Y0149697,1011,611,1266,443,82
299,866,1451,Sham19Y0150600,289,129,696,430,88
299,875,1459,Shia002069Vols,525,514,1090,427,88
299,875,1213,Shamela0021590,341,412,792,263,85
299,866,1152,JK001429,14,1225,1527,210,82
299,1152,1451,JK001429,15,1,302,239,98
299,863,1451,Tafsir07057,4772,429,903,308,61
299,866,1283,Shamela0010639,84,733,1130,258,67
299,863,1459,Tafsir09084,2309,717,1261,322,58
299,1001,1451,Tafsir09084,2401,1,331,241,66
299,1131,1270,Shamela0001438,890,1,116,89,78
299,1092,1378,Shamela0021589,430,1232,1536,133,49
299,884,1451,Shamela0021589,1794,968,1448,314,62
299,866,1283,ShamAY0034134,471,947,1350,257,66
299,875,1224,Shamela0004289,588,1060,1423,278,94
299,1224,1451,Shamela0004289,589,1,228,184,100
299,875,1258,Sham19Y0013223,632,1060,1453,302,94
299,1258,1451,Sham19Y0013223,633,1,194,156,100
299,866,1196,Shamela0010517,673,1195,1509,201,65
299,866,1322,Shamela0010517,771,1107,1548,267,64
299,852,1022,Shamela0010443,328,1349,1540,134,83
299,1022,1451,Shamela0010443,329,1,443,345,97
299,875,1451,Sham19Y0122406,896,792,1382,462,96
299,931,1451,Sham19Y0013572,1090,1,531,419,97
299,1072,1446,ShamAY0038389,339,1157,1492,239,79
299,875,1308,Shamela0026668,233,1026,1477,338,90
299,884,1472,Shamela0006610,222,276,1031,308,44
299,875,1424,Sham19Y0127700,109,778,1381,353,63
299,866,1077,Sham19Y0020583,930,1371,1573,142,76
299,1068,1451,Sham19Y0020583,931,1,422,300,87
299,878,1203,ShamAY0035990,360,933,1317,192,56
299,1152,1274,ShamAY0035990,361,40,552,89,22
299,875,1451,Shamela0001453,201,226,825,463,95
299,875,1437,Sham19Y0147311,197,445,1125,374,61
299,866,1208,JK007107,134,1149,1480,210,65
299,1283,1451,JK007107,135,299,467,136,100
300,324,512,JK001012,11,587,775,150,96
300,810,1002,JK001012,13,45,252,154,92
300,1346,1537,JK001012,319,969,1186,128,66
300,324,512,Shamela0008360,349,100,275,141,91
300,810,1002,Shamela0008360,350,1225,1436,147,85
300,1378,1537,JK000216,318,932,1089,110,79
300,1378,1537,Shamela0001975,538,279,436,110,79
300,1346,1537,Shamela0001733,4994,1173,1414,129,63
300,810,997,Shamela0008473,3820,536,742,151,90
300,810,1002,Shamela0012579,1023,1080,1277,137,83
300,810,1002,Shamela0006060,584,1008,1204,135,82
300,810,1008,Sham19Y0148271,707,1259,1474,159,91
300,324,572,Sham19Y0148271,1821,1016,1389,179,60
300,324,512,ShamAY0034367,5,945,1125,141,92
300,324,543,Sham19Y0014328,571,802,1025,152,79
300,1378,1537,Shamela0021659,765,295,452,110,79
300,324,519,Shamela0026884,410,253,436,139,86
300,324,519,Shamela0021550,120,369,568,145,87
300,324,512,Shamela0010273,2377,156,348,148,94
300,324,965,Tafsir02096,1512,1139,1528,269,49
300,1378,1537,Shia002261Vols,223,1000,1157,110,79
300,324,512,ShamAY0034350,123,952,1145,141,83
300,810,1008,Shamela0025800,1003,307,512,148,88
300,810,1002,Sham19Y0122257,1345,948,1156,143,83
300,324,1002,Shamela0021766,1870,778,1281,290,44
300,324,1002,Shamela0021766,3431,515,1026,275,41
300,810,1002,Shamela0021766,3585,599,808,147,85
300,324,512,Shamela0007289,3307,1081,1261,141,92
300,810,1002,Shamela0000782,1154,652,859,155,92
300,324,882,Shamela0037458,3209,1147,1502,208,40
300,796,1002,Shamela0037458,3372,944,1196,160,77
300,324,1002,Shamela0023628,2761,651,1131,298,47
300,1346,1537,JK009408,2434,687,927,130,61
300,324,561,Sham19Y0014119,256,196,434,142,58
300,324,1084,Shamela0011363,276,217,842,335,46
300,324,512,Shamela0012014,306,1276,1451,144,93
300,324,512,Sham19Y0017063,505,1350,1525,141,91
300,489,782,Sham19Y0127656,748,765,1037,191,85
300,489,789,ShamAY0033938,1477,819,1097,198,86
300,1378,1537,Shia002265Vols,391,1235,1389,111,81
300,324,512,JK000077,51,629,808,137,89
300,494,789,Shamela0095735,599,365,649,197,84
300,494,789,JK000340,17,869,1110,163,70
300,476,1002,Shamela0000041,1977,1,506,179,29
300,324,512,Shamela0023606,368,28,218,145,93
300,796,969,Sham19Y0023625,246,667,865,134,84
300,489,789,ShamAY0034005,1133,115,390,199,87
300,324,519,ShamAY0033945,584,1229,1417,142,87
300,533,789,Sham19Y0009382,12,20,269,185,92
300,796,1002,ShamAY0034054,3171,989,1240,163,78
300,324,503,JK001236,17,794,973,139,94
300,1346,1537,JK001236,27,261,468,130,69
300,482,789,JK001236,146,513,799,199,85
300,324,1002,ShamAY0034068,2480,814,1218,283,49
300,810,1002,Shamela0036446,1295,1033,1212,131,80
300,324,512,Shamela0021578,1,969,1157,151,98
300,324,512,Shamela0001673,4774,861,1036,141,91
300,324,519,Shamela0001673,9581,936,1118,144,90
300,324,519,Shamela0008970,8,556,744,142,87
300,489,789,Shamela0008970,45,59,340,199,86
300,324,519,Shamela0008370,754,340,528,145,89
300,324,512,Shia003732Vols,3973,1025,1200,141,91
300,810,1002,Zaydiyya0000067,195,318,512,153,95
300,1346,1537,Zaydiyya0000067,204,684,906,130,65
300,482,789,Shamela0036543,727,480,780,199,83
300,324,519,Shamela0036543,2350,459,641,145,90
300,810,1002,Shamela0036543,2351,1150,1344,144,85
300,494,789,ShamAY0035260,20,448,721,188,80
300,1342,1537,JK009390,1343,1157,1341,121,73
300,810,1002,Shamela0012884,4083,566,763,155,97
300,810,1002,Sham19Y0014592,3246,953,1173,150,83
300,324,519,Shamela0000216,36,739,926,150,94
300,810,1020,Shamela0000216,37,289,513,146,79
300,324,512,Shamela0000216,66,1255,1446,148,91
300,324,519,Shia002067,457,187,367,123,71
300,813,1002,Sham19Y0127677,395,499,671,131,86
300,489,796,Sham19Y0127677,11978,87,376,204,86
300,324,512,Shamela0004473,5980,435,623,150,96
300,494,789,Shamela0004473,15521,833,1078,163,70
300,324,512,Shamela0004473,16542,771,959,151,98
300,324,512,Sham19Y0145212,1627,429,604,141,91
300,810,1002,Sham19Y0145212,1630,773,982,147,85
300,489,782,Sham19Y0145212,1692,577,845,191,85
300,324,503,ShamAY0034198,27,148,327,139,94
300,324,1008,ShamAY0035035,2252,729,1151,307,52
300,324,512,Shamela0007891,714,549,726,134,85
300,324,512,Sham19Y0016976,755,1,176,141,91
300,324,519,Tafsir07057,4150,269,476,153,91
300,810,1002,Shamela0010639,30,883,1095,151,86
300,813,1002,Shamela0001438,799,137,310,134,87
300,489,789,Shamela0025794,1482,302,583,199,86
300,810,1008,Shamela0025794,2091,163,370,156,93
300,482,789,Sham19Y0016684,1295,1026,1312,199,85
300,482,782,ShamAY0034134,32,1004,1283,191,84
300,810,1002,ShamAY0034134,55,1031,1242,155,90
300,810,1008,ShamAY0034134,56,566,749,136,82
300,324,519,ShamAY0034134,57,159,349,144,89
300,274,519,Sham19Y0017747,2418,38,329,171,69
300,533,789,Sham19Y0017747,2436,12,259,186,94
300,324,524,Shamela0021809,3047,66,281,154,88
300,796,1002,Shamela0023623,3290,112,363,163,78
300,810,1002,ShamAY0034059,4965,447,669,141,76
300,324,1002,Tafsir06049,5183,69,502,293,52
300,489,789,Sham19Y0017903,973,900,1179,199,87
300,489,789,Shamela0004289,1150,774,1054,198,86
300,810,1002,Sham19Y0013223,591,648,855,154,92
300,324,507,Shamela0021537,5734,54,237,148,98
300,810,997,ShamAY0034066,1050,377,575,140,81
300,810,1008,ShamAY0035960,328,1284,1503,158,89
300,324,512,ShamAY0035960,329,117,292,141,91
300,324,561,JK001480,94,610,796,130,60
300,482,789,JK000940,102,1095,1376,193,82
300,533,789,Shamela0010443,236,955,1212,193,98
300,280,1002,Shamela0010443,335,363,1429,549,64
300,1017,1537,Shamela0010443,336,42,914,311,42
300,810,1002,Shamela0010443,615,270,466,150,94
300,324,519,Shamela0005486,808,1180,1368,140,86
300,494,789,Shamela0010463,625,804,1045,163,70
300,810,1008,ShamAY0033523,326,934,1152,158,89
300,324,519,Sham19Y0038171,720,576,792,147,81
300,324,1002,Shamela0011036,1079,608,1160,298,43
300,274,1008,Shamela0021723,521,941,1510,312,44
300,810,997,Sham19Y0023618,1346,810,1010,140,81
300,315,1002,JK007074,2124,914,1349,301,50
300,810,1002,Shia002406Vols,6304,815,1008,152,95
300,324,512,JK000060,100,898,1055,129,83
300,489,789,Sham19Y0123665,738,566,847,199,86
300,324,512,Sham19Y0147311,198,1040,1232,144,85
300,324,512,Tafsir03037,2137,1110,1302,148,94
301,5,171,JK001012,343,75,471,119,37
301,5,168,Shia001782Vols,3510,947,1109,113,83
301,5,168,JK000216,318,1094,1252,111,82
301,5,168,Sham19Y0148271,2333,651,809,113,82
301,5,168,Shamela0021659,765,457,615,111,82
301,5,168,Shia002261Vols,223,1162,1320,111,82
301,1,114,JK001236,27,468,592,90,90
301,5,168,Sham19Y0127677,1465,617,772,105,79
301,5,168,Shamela0001438,2282,613,772,111,82
301,5,171,Shamela0025794,5128,222,394,126,90
301,5,168,Sham19Y0013223,613,299,480,120,82
301,1,168,Shamela0010443,336,914,1080,132,99
301,5,184,Shamela0009567,953,449,629,121,82
302,679,826,Shia001782Vols,2777,1303,1454,115,94
302,799,1196,Sham19Y0036110,65,1015,1420,282,83
302,1021,1526,Shamela0001975,600,887,1351,247,53
302,679,826,Shamela0001733,1607,961,1108,118,98
302,953,1526,Sham19Y0148271,438,684,1350,362,67
302,957,1526,Shamela0021659,814,377,884,263,50
302,850,1196,Shia002231Vols,244,793,1137,268,92
302,890,1526,JK009318,57,619,1150,265,46
302,873,1526,Shia002265Vols,1933,8,762,399,65
302,679,826,Shia002265Vols,1936,946,1094,120,99
302,850,1196,Shia002265Vols,1943,551,876,261,93
302,887,1400,ShamAY0035249,51,928,1467,272,58
302,1400,1526,ShamAY0035249,52,1,122,91,92
302,887,1526,Shamela0013087,309,149,896,411,66
302,679,826,Shia000068,65,1176,1319,111,90
302,850,979,Shamela0026324,4533,809,939,97,96
302,957,1526,JK009390,1468,121,631,257,49
302,879,1196,JK009390,1851,1,310,241,90
302,832,1526,Sham19Y0037618,1772,224,1013,390,57
302,1214,1526,Shamela0012884,672,731,1017,214,86
302,909,1526,Shamela0012884,877,353,1024,363,63
302,1154,1526,JK000475,1915,1,378,250,81
302,953,1321,Sham19Y0127677,1543,1041,1466,194,53
302,850,1196,Sham19Y0127677,1801,584,921,263,91
302,850,1196,Sham19Y0127677,8195,1071,1417,270,93
302,850,1196,JK000021,2171,197,549,264,90
302,953,1526,JK000021,3044,98,782,337,58
302,850,1526,Shamela0026808,16,431,1168,423,66
302,850,1196,Sham19Y0035453,4,1194,1532,261,90
302,850,1196,Shamela0001438,3237,687,1024,263,91
302,679,826,ShamAY0038139,28,1040,1183,111,90
302,832,1526,Shamela0025794,4031,204,1020,404,59
302,850,1094,Shamela0013132,107,942,1189,175,82
302,679,826,Shamela0021809,1110,141,292,119,96
302,884,1526,Shamela0021809,3126,618,1362,393,64
302,679,826,Shia002103Vols,303,494,642,119,97
302,850,1196,Sham19Y0013223,1078,15,361,270,93
302,562,826,Shamela0010443,330,170,795,206,40
302,953,1321,Shamela0010443,331,1099,1551,210,56
302,799,1196,Shamela0010443,331,187,624,301,83
302,1321,1526,Shamela0010443,332,1,206,161,100
302,832,1295,Shamela0010443,339,306,740,298,73
302,887,1446,Shamela0008203,27,766,1460,308,52
302,850,1196,Sham19Y0001729,1163,941,1287,270,93
302,873,1526,Sham19Y0001729,4460,334,1093,397,64
302,1021,1526,Sham19Y0017798,1634,599,1170,337,72
302,1021,1526,Shamela0029867,27,103,675,305,63
303,1121,1414,Shamela0021660,3865,16,267,132,58
303,136,382,Shamela0001975,674,250,497,176,84
303,73,350,Sham19Y0016826,3619,1119,1370,177,77
303,15,369,Sham19Y0018568,119,267,586,257,89
303,103,355,Sham19Y0148271,1403,785,1050,194,89
303,376,846,Shamela0008176,127,523,968,346,88
303,76,372,Sham19Y0148486,2494,469,752,206,85
303,136,382,Shamela0021659,933,891,1138,176,84
303,167,369,Sham19Y0017745,127,1,201,163,99
303,136,350,Shia002261Vols,299,1010,1239,166,89
303,73,376,Shamela0001875,728,358,651,215,86
303,76,369,Shamela0025800,184,597,898,231,95
303,73,350,Sham19Y0146127,1310,200,458,196,88
303,76,350,Sham19Y0018144,970,1208,1487,204,91
303,73,369,Shamela0012014,44,307,605,230,93
303,65,350,Shamela0012014,78,50,336,226,98
303,117,363,Sham19Y0017063,419,313,559,189,93
303,76,350,Shamela0012415,232,444,724,214,94
303,76,350,ShamAY0033938,517,450,769,207,80
303,372,702,Shamela0000140,50,1182,1520,257,92
303,702,832,Shamela0000140,51,1,131,104,98
303,1305,1553,Shamela0000140,558,1282,1471,148,75
303,369,850,Sham19Y0023625,165,606,1082,342,84
303,159,363,Sham19Y0023625,2389,281,488,159,94
303,73,350,ShamAY0034005,1164,227,496,208,91
303,136,350,Shamela0036446,1110,1107,1321,173,100
303,73,350,Sham19Y0014309,213,933,1215,218,95
303,107,355,Shia001878,20,350,596,183,89
303,86,382,JK009390,1631,662,927,184,74
303,73,363,Sham19Y0020638,433,577,862,217,90
303,136,350,Sham19Y0037618,1771,349,570,171,95
303,136,350,Sham19Y0037618,3850,1040,1261,171,95
303,76,350,ShamAY0032665,970,1222,1501,204,91
303,376,522,JK000201,30,913,1055,115,96
303,136,382,Sham19Y0127677,1659,641,891,171,82
303,220,350,Sham19Y0127677,6934,1,128,102,96
303,73,355,Sham19Y0017791,620,542,1159,200,40
303,76,355,JK000021,1011,98,371,200,85
303,95,350,Shamela0004473,268,1,257,169,72
303,117,350,Shamela0004473,479,576,837,179,83
303,76,350,Shamela0004473,1857,1216,1457,193,87
303,76,350,Shamela0004473,16043,550,810,209,94
303,22,382,JK007065,1016,34,408,242,77
303,76,369,Sham19Y0132524,872,457,746,222,89
303,76,372,Shia000841Vols,2954,428,726,230,96
303,76,345,JK000733,31,1198,1452,195,90
303,73,355,JK001429,42,281,572,224,95
303,73,350,Shamela0010639,323,344,625,222,98
303,136,382,Shamela0001438,2688,1314,1584,183,83
303,107,355,Shamela0025794,1509,591,845,187,87
303,73,382,Shamela0023423,344,165,513,242,86
303,76,311,Sham19Y0013223,156,1254,1489,185,98
303,73,369,Sham19Y0013223,1021,997,1293,232,97
303,76,372,Sham19Y0013223,1077,852,1148,231,97
303,73,265,Shamela0009379,119,1236,1416,141,92
303,103,355,ShamAY0034640,302,1082,1323,185,88
303,15,382,Shamela0010443,337,218,589,261,80
303,73,350,Shamela0008203,29,924,1181,189,85
303,107,369,Sham19Y0122406,1443,11,279,199,91
303,73,369,Shamela0011244,47,746,1046,236,97
303,15,355,Sham19Y0013572,1225,65,374,214,75
303,76,376,Shamela0006610,1155,50,331,217,89
303,73,345,Shamela0011036,503,1295,1518,168,75
303,73,382,JK007116,15,997,1289,213,82
303,15,369,Shamela0012836,8,571,899,256,86
303,136,382,Sham19Y0122096,2988,995,1242,176,84
304,428,624,Sham19Y0017745,130,1,207,133,79
304,956,1272,Shamela0000140,334,877,1181,201,76
304,982,1204,Shamela0000140,357,699,1019,163,59
304,624,1276,Shamela0000140,559,72,636,412,73
304,677,1285,Sham19Y0023625,219,687,1461,312,42
304,161,624,Sham19Y0013572,326,61,568,239,53
305,616,1392,Shamela0021660,3865,646,1180,192,22
305,970,1550,JK007006,1274,843,1389,156,22
305,402,1524,Shamela0000140,332,563,1445,621,64
305,247,1104,Shamela0000140,559,644,1563,507,61
305,1111,1557,Shamela0000140,560,7,444,252,60
305,1000,1550,Sham19Y0018272,1640,971,1458,167,28
306,1100,1347,Shamela0008360,200,171,432,161,78
306,1100,1277,JK000271,77,181,364,140,95
306,1100,1277,Sham19Y0013614,192,374,551,142,99
306,1105,1285,Shamela0021713,178,140,316,139,95
306,1100,1277,JK006897,120,652,829,142,99
306,1100,1277,Shamela0000107,2060,749,926,125,80
306,1100,1277,Shamela0009690,473,630,807,142,99
306,1105,1277,Sham19Y0148271,429,89,261,139,100
306,1100,1277,Shamela0008176,1809,520,697,142,99
306,1100,1277,Sham19Y0148486,1577,756,937,142,97
306,1100,1277,Sham19Y0148486,6402,867,1040,139,97
306,1105,1277,Shamela0008463,663,187,359,139,100
306,610,714,Shia002231Vols,245,268,378,82,94
306,1100,1277,Shamela0001875,451,567,748,142,97
306,1100,1277,Shamela0025800,2620,370,553,142,96
306,1100,1277,Sham19Y0122257,844,83,259,141,98
306,1100,1277,Sham19Y0146127,3542,923,1096,139,97
306,1100,1292,Shamela0007289,5763,741,930,142,90
306,1100,1277,Shamela0007289,6781,400,577,142,99
306,1105,1277,ShamAY0033531,3711,887,1059,139,100
306,1105,1277,ShamAY0033531,4894,331,503,139,100
306,1100,1277,Sham19Y0014119,175,1126,1303,142,99
306,1100,1277,Shamela0012014,43,813,994,142,97
306,1100,1277,Shamela0012014,259,585,766,142,97
306,1100,1277,Shamela0012014,305,428,609,142,97
306,1100,1260,Shamela0000927,2018,1352,1516,128,96
306,1100,1277,Sham19Y0017063,291,753,930,142,99
306,1105,1277,ShamAY0033938,372,301,473,139,100
306,1105,1277,Shia002265Vols,1932,537,709,139,100
306,245,917,Shamela0000140,333,1,601,322,54
306,1100,1277,Shamela0000140,1874,410,592,138,94
306,1100,1277,JK001236,21,1037,1218,129,81
306,1105,1277,Shamela0036446,246,283,450,135,97
306,1100,1277,Sham19Y0014309,1798,1295,1481,142,94
306,1100,1277,Zaydiyya0000067,101,112,277,129,88
306,1105,1292,Sham19Y0020638,310,1040,1232,140,91
306,1105,1277,Sham19Y0037618,1309,398,570,139,100
306,1105,1277,Shamela0012884,875,1300,1472,138,99
306,1105,1277,Sham19Y0127677,2686,199,371,139,100
306,1100,1277,Sham19Y0127677,9729,385,566,142,97
306,606,714,Sham19Y0127677,10452,743,862,85,90
306,1100,1277,Sham19Y0017791,454,904,1081,142,99
306,1220,1469,Sham19Y0017791,455,1,230,92,42
306,1105,1277,Shamela0021626,14,406,578,139,100
306,1100,1277,JK007065,143,643,824,142,97
306,1148,1412,Sham19Y0132524,645,86,546,175,44
306,1100,1277,Shia000841Vols,2953,1025,1205,141,96
306,1100,1277,Sham19Y0149697,1232,363,544,140,95
306,1100,1277,Shamela0000432,4674,363,536,139,97
306,1100,1292,Shamela0000432,4967,1018,1203,139,89
306,1100,1277,ShamAY0035035,1617,1184,1360,139,97
306,1100,1277,Sham19Y0016976,517,59,236,142,99
306,1074,1292,JK001429,10,413,674,153,72
306,1100,1277,Shamela0010639,29,396,577,141,96
306,1105,1277,Shamela0001438,4328,1337,1509,139,100
306,1088,1422,Shamela0021589,1648,374,661,198,72
306,1100,1277,ShamAY0034134,42,273,450,128,82
306,1100,1277,Sham19Y0013223,279,994,1175,142,97
306,1100,1277,Shamela0010517,886,324,505,142,97
306,1105,1277,Shamela0021537,3158,363,535,139,100
306,1100,1277,Shamela0010443,337,1270,1451,142,97
306,606,1058,Shamela0010443,349,544,1204,257,45
306,1105,1277,Sham19Y0122406,1067,695,867,139,100
306,1100,1327,Shamela0011244,47,1365,1587,178,97
306,1100,1292,Sham19Y0013572,325,1016,1202,138,87
306,1100,1277,Shamela0006610,266,821,996,140,98
306,1105,1277,Sham19Y0038171,878,176,332,123,88
306,1100,1277,Shamela0011036,690,869,1046,143,100
306,1100,1277,JK007116,22,1281,1458,143,100
306,1105,1277,Sham19Y0017616,101,510,682,139,100
306,1100,1499,ShamAY0033181,291,1184,1451,170,52
306,1100,1277,Sham19Y0019188,614,1031,1196,129,88
306,1105,1277,Sham19Y0014325,784,349,509,126,88
306,1100,1277,Sham19Y0147311,198,67,205,110,77
306,1100,1277,JK007107,166,436,617,142,97
307,362,651,Shia001782Vols,873,21,333,198,74
307,1103,1283,Shamela0008360,200,845,1025,139,96
307,859,1081,JK000977,880,194,398,127,66
307,859,1081,Sham19Y0036110,65,313,547,139,72
307,859,1081,Shamela0001975,360,951,1190,148,75
307,1103,1253,Sham19Y0013252,4505,559,697,110,90
307,376,627,Shamela0021635,293,1,304,174,70
307,859,1081,Shamela0003722,3651,801,1057,147,70
307,859,1081,JK007063,487,600,820,144,77
307,846,1081,JK000532,427,160,403,148,70
307,859,1103,Shamela0013043,344,539,827,154,67
307,362,627,ShamAY0033561,19,1051,1356,179,71
307,1103,1283,Shamela0008176,1813,530,710,139,96
307,859,1081,Shamela0008176,1814,904,1110,129,71
307,846,1081,Shamela0008176,2549,695,939,148,73
307,859,1081,Sham19Y0148486,2495,238,475,147,78
307,859,1081,Shamela0021659,469,649,888,148,75
307,1103,1257,Shamela0025800,2620,1321,1475,120,97
307,859,1081,Shamela0025800,2680,1219,1446,150,80
307,859,1081,Shamela0006446,151,282,499,139,78
307,1103,1283,Sham19Y0122257,846,385,564,137,95
307,915,1081,Sham19Y0122257,1135,140,292,94,71
307,863,1081,Sham19Y0146127,1310,894,1128,139,73
307,362,648,Shamela0012981,2149,73,397,209,77
307,859,1081,Sham19Y0018144,971,295,540,150,77
307,1103,1277,Shamela0026429,18,762,935,120,83
307,1103,1283,Sham19Y0014119,176,36,215,137,95
307,859,1081,Sham19Y0014119,225,439,665,142,74
307,859,1081,Shamela0012014,44,701,930,143,73
307,1103,1283,Sham19Y0017063,292,761,940,137,95
307,846,1081,Sham19Y0017063,419,841,1085,148,73
307,859,1081,ShamAY0033938,516,724,963,150,77
307,859,1081,Shia002265Vols,1932,747,983,146,74
307,859,1092,Shamela0008210,48,207,444,143,74
307,1087,1283,Shamela0000140,356,1239,1433,143,88
307,1,840,Sham19Y0023625,220,717,1512,524,73
307,859,1081,ShamAY0034005,1163,525,783,149,70
307,859,1081,Shamela0013087,309,1104,1354,146,72
307,1103,1257,Shamela0005756,8008,792,934,111,89
307,674,1081,JK001236,23,710,1137,153,31
307,859,1081,JK009189,213,59,247,114,65
307,1103,1283,Shamela0117359,1201,106,286,140,97
307,1103,1283,Sham19Y0014601,6215,732,912,140,97
307,1103,1277,Sham19Y0014309,1799,1073,1245,127,84
307,859,1081,Shia002616Vols,5314,75,312,146,74
307,988,1277,Shamela0011816,614,6,664,178,33
307,859,1081,JK009390,647,803,1042,147,75
307,859,1106,JK009390,1236,126,394,151,68
307,925,1081,Sham19Y0020638,433,9,169,97,73
307,859,1081,Sham19Y0037618,1772,1163,1402,148,75
307,859,1081,ShamAY0032665,971,306,551,150,77
307,846,1081,JK000475,2243,252,479,167,88
307,859,1081,Sham19Y0127677,818,850,1088,145,74
307,859,1106,Sham19Y0127677,1380,232,505,155,68
307,859,1081,Sham19Y0017791,620,1179,1398,142,77
307,887,1081,Sham19Y0017791,621,60,372,122,47
307,362,627,JK000021,3041,643,959,184,71
307,859,1081,Shamela0004473,13720,249,488,148,75
307,859,1081,JK007065,1451,1065,1304,148,75
307,859,1081,Sham19Y0132524,871,584,803,138,70
307,859,1081,Shia000841Vols,2954,808,1034,136,70
307,1103,1283,Sham19Y0145212,1083,338,518,140,97
307,846,1081,Shamela0009823,255,434,666,135,67
307,1103,1283,Sham19Y0020944,1239,846,1031,139,94
307,1103,1297,Sham19Y0149697,1232,621,807,133,81
307,859,1062,Shia002069Vols,679,8,250,121,61
307,859,1277,ShamAY0035035,3438,948,1486,261,59
307,859,1081,Sham19Y0035453,4,847,1086,152,76
307,1103,1293,Sham19Y0016976,517,1217,1414,141,90
307,859,1081,Sham19Y0016976,656,1245,1464,142,77
307,859,1081,Shamela0001438,1654,246,485,147,75
307,859,1106,Shamela0001438,2122,400,676,156,68
307,846,1081,JK000735,183,999,1225,165,87
307,859,1081,ShamAY0034134,43,596,850,141,67
307,362,651,Shamela0012862,220,279,607,203,73
307,859,1081,Sham19Y0013223,615,701,957,146,70
307,859,1081,Sham19Y0013223,1079,774,1011,152,77
307,362,1087,Shamela0010443,337,642,1200,401,65
307,1072,1293,Shamela0010443,338,15,231,146,82
307,135,799,Shamela0010443,339,1155,1461,210,37
307,1103,1283,Sham19Y0017817,457,25,237,130,76
307,1103,1283,Sham19Y0131521,6788,587,767,139,96
307,1103,1277,Shamela0006610,266,1112,1295,119,78
307,859,1277,Sham19Y0038171,878,446,995,271,60
307,859,1081,Shamela0011036,504,559,788,140,71
307,859,1161,Shamela0011036,691,216,903,173,32
307,859,1081,Sham19Y0017616,144,616,856,149,76
307,1103,1224,ShamAY0033181,291,1425,1547,93,96
307,1103,1283,Sham19Y0020591,1887,1028,1209,140,97
307,859,1081,JK001046,127,1084,1300,134,70
308,1306,1509,Shamela0008473,5168,371,561,155,92
308,1,571,Sham19Y0023625,223,195,748,411,86
308,1118,1509,Shamela0007798,9620,77,644,216,44
308,1345,1509,JK000999,162,1327,1494,131,95
308,1301,1509,Tafsir09084,2655,698,893,159,92
308,571,825,Shamela0010443,338,519,1227,145,27
308,1099,1524,Shamela0010443,341,299,887,289,60
308,133,318,Shamela0010443,345,762,951,102,61
308,1211,1524,Shamela0010463,833,30,425,241,72
309,436,591,JK001012,91,274,434,110,87
309,699,1174,Shamela0021660,4529,432,822,245,61
309,12,264,Shia001782Vols,3911,1038,1326,181,77
309,436,591,Shamela0008360,374,656,814,110,88
309,436,617,Sham19Y0132416,102,303,474,115,81
309,436,591,Shamela0001975,907,806,1012,106,66
309,12,190,Shamela0001733,2981,1208,1421,137,80
309,12,255,Shamela0008473,1292,271,543,180,81
309,12,255,Shamela0008473,4974,590,857,174,80
309,436,617,Shamela0022650,12,994,1172,91,59
309,436,591,Shamela0021713,523,490,647,108,87
309,436,564,Shamela0003722,3633,1216,1340,95,96
309,436,597,ShamAY0034644,270,247,395,98,76
309,436,591,Shamela0008176,3233,323,481,110,88
309,436,591,Shamela0021659,1305,8,174,110,84
309,12,255,Shamela0023578,3309,822,1068,178,88
309,436,556,Shia002231Vols,606,315,435,92,100
309,699,926,Shia001937,22,321,486,89,46
309,436,556,Shia001937,32,711,831,89,97
309,436,661,Shamela0025800,907,721,955,122,58
309,436,556,Shamela0025800,910,235,335,76,83
309,436,573,JK000900,3,841,978,97,94
309,436,591,Sham19Y0122257,1489,295,453,110,88
309,436,556,Shamela0009107,168,1057,1176,90,98
309,436,564,Shamela0023100,520,130,253,93,95
309,12,255,JK009408,239,1154,1423,178,81
309,436,556,Shamela0026390,24,286,406,92,100
309,447,617,Shamela0022797,531,1,184,94,65
309,436,656,Sham19Y0014119,271,928,1148,126,72
309,436,591,Sham19Y0017063,537,1036,1194,110,88
309,436,556,Shamela0000956,1544,511,627,89,96
309,436,591,Shia002265Vols,397,121,287,110,84
309,289,427,Shia002265Vols,4731,538,679,99,83
309,436,617,Shamela0009795,255,1126,1294,102,70
309,120,411,Shamela0095735,1027,920,1219,203,80
309,12,255,JK005004,479,633,849,164,84
309,1276,1404,Shamela0000140,334,1120,1248,101,99
309,1272,1395,Sham19Y0023625,221,806,933,98,96
309,436,591,Shamela0009780,1279,641,798,108,87
309,436,591,JK001236,141,1016,1158,98,79
309,436,591,JK007054,924,205,347,98,79
309,436,617,Shamela0036446,1316,791,979,112,76
309,436,591,Shamela0021578,6,464,621,108,87
309,436,591,Shamela0117359,1166,478,620,98,79
309,436,591,Sham19Y0014601,6096,992,1134,98,79
309,436,591,Sham19Y0014601,6097,209,368,98,71
309,436,546,Shamela0001673,9464,83,193,84,100
309,436,625,Sham19Y0014309,1086,1210,1402,117,77
309,436,560,Shamela0008970,14,1151,1271,90,95
309,12,255,Shia002616Vols,6515,483,739,169,80
309,427,591,Shamela0036543,2178,539,698,95,67
309,436,591,Shamela0021677,419,152,294,98,79
309,699,926,Shamela0009810,1373,313,569,125,61
309,443,591,JK000778,599,1,131,92,79
309,436,591,JK009390,2108,1013,1181,110,83
309,289,427,JK009390,2832,959,1102,101,84
309,12,255,JK009390,3380,880,1107,159,78
309,436,643,Shamela0012884,375,294,502,122,70
309,436,556,Shamela0022667,8,1242,1362,88,96
309,436,617,Shamela0000216,96,1167,1359,119,79
309,447,564,Shia002067,85,1,114,87,96
309,436,556,JK000475,2064,152,275,89,95
309,436,591,Sham19Y0127677,2167,688,854,110,84
309,289,427,Sham19Y0127677,2644,1011,1152,101,85
309,436,556,Sham19Y0127677,11991,1058,1178,91,99
309,289,427,Sham19Y0127677,15208,36,186,97,79
309,604,926,JK000021,1349,353,759,126,36
309,886,1242,Shamela0004473,15677,11,537,238,54
309,436,809,Shamela0004473,17083,792,1251,170,39
309,439,564,Shamela0006193,352,1016,1141,96,100
309,436,573,Shamela0022653,58,732,869,97,94
309,699,921,JK000013,20,425,585,87,45
309,436,556,JK000013,30,378,499,89,96
309,436,656,Sham19Y0145212,1738,916,1153,125,66
309,436,591,Sham19Y0020944,1195,140,282,98,79
309,12,255,Shia003101Vols,142,9,277,174,79
309,436,573,Shamela0013178,180,877,1011,93,89
309,436,591,Shamela0007891,751,399,568,115,86
309,436,591,Sham19Y0016976,801,682,840,110,88
309,699,926,Sham19Y0018272,1909,38,407,94,29
309,436,591,Shamela0010639,92,594,736,98,79
309,604,771,Shamela0001438,3289,410,1029,111,23
309,427,591,Shamela0001438,3755,912,1089,113,81
309,289,427,Shamela0001438,4269,352,487,96,81
309,436,556,Shamela0013132,11,422,542,92,100
309,436,556,JK000735,2,934,1054,89,97
309,436,591,ShamAY0034134,547,609,750,96,77
309,436,573,ShamAY0034134,548,806,941,99,94
309,436,556,Shamela0021809,1640,60,180,92,100
309,436,556,Shamela0012532,208,587,703,89,96
309,436,597,Shamela0025791,817,1120,1284,111,86
309,436,577,Shamela0004289,1171,1000,1137,93,88
309,436,591,Sham19Y0013223,272,444,602,110,88
309,9,255,Sham19Y0013223,609,398,778,183,59
309,436,591,Shamela0021642,496,725,883,110,88
309,436,591,Shamela0021537,5740,1092,1246,110,91
309,12,411,Shamela0010443,341,1016,1454,302,84
309,436,748,Shamela0010443,343,158,527,190,61
309,780,1242,Shamela0010443,344,764,1317,282,57
309,436,556,Sham19Y0001729,373,287,407,92,100
309,12,411,Shamela0010463,833,554,993,301,83
309,436,591,ShamAY0038389,192,898,1437,115,28
309,436,564,Sham19Y0131521,6621,1251,1358,78,80
309,12,255,JK000022,1114,286,562,181,81
309,707,926,Sham19Y0122096,3551,71,571,77,19
309,12,255,JK005005,446,477,701,170,86
309,12,255,ShamAY0034138,419,373,600,167,82
309,12,255,ShamAY0034138,592,786,1016,165,81
309,436,591,Sham19Y0020591,1837,1282,1424,98,79
309,436,597,Shamela0023700,1420,410,554,102,80
309,436,556,Shamela0023700,2705,471,587,89,96
309,12,255,Shamela0005748,47,261,529,164,74
310,1053,1268,Shia001782Vols,3756,336,697,121,38
310,1099,1326,JK000216,73,666,854,130,67
310,1053,1268,Shamela0001733,4266,182,555,130,41
310,1053,1261,Sham19Y0013614,373,397,916,85,17
310,524,1501,Sham19Y0018568,121,1,876,557,66
310,1049,1261,Shamela0008176,3700,1206,1475,159,73
310,1053,1333,Shamela0008176,6252,289,563,208,92
310,872,1569,Sham19Y0017745,130,432,1058,418,71
310,1053,1268,ShamAY0034179,202,1112,1264,99,52
310,913,1261,Sham19Y0014119,311,953,1356,188,56
310,916,1326,Shamela0012014,163,306,725,297,83
310,913,1261,Shamela0001687,6228,238,468,130,45
310,1053,1268,Shamela0001535,409,1110,1372,153,72
310,913,1268,Shia003732Vols,3914,597,1003,201,60
310,954,1268,Shia003732Vols,4282,459,1147,183,32
310,901,1268,Shamela0011816,579,770,1292,233,51
310,941,1337,Shamela0000894,5992,1,381,265,78
310,1049,1326,Shamela0000894,7224,88,352,184,76
310,932,1268,Shamela0006947,17854,710,1334,175,34
310,954,1344,Sham19Y0127677,15147,868,1263,163,40
310,1053,1261,Sham19Y0017791,921,505,769,152,70
310,986,1268,Shamela0004473,7590,499,779,205,90
310,916,1326,Shia000841Vols,4269,1112,1526,290,81
310,986,1268,Shamela0000432,4465,992,1260,157,66
310,1053,1268,Shamela0000432,6067,1202,1403,129,70
310,1053,1261,Sham19Y0016976,918,1147,1411,152,70
310,1053,1294,Shamela0010639,408,99,349,180,90
310,913,1528,Shamela0023423,347,493,1004,363,71
310,1009,1163,Shamela0023423,349,1036,1446,118,36
310,1118,1268,Shamela0004445,2881,205,412,100,56
310,916,1285,Sham19Y0013223,685,514,1147,270,54
310,1053,1341,Shamela0010517,2589,528,771,182,79
310,1049,1326,ShamAY0034066,408,328,589,182,79
310,977,1326,JK010001,1313,913,1270,215,70
310,872,1333,Shamela0010443,351,163,610,331,84
310,901,1333,Shamela0011244,48,73,518,330,93
310,916,1285,Shamela0006610,620,244,804,235,50
310,1080,1268,Zaydiyya0000153,375,1202,1350,104,70
310,1049,1326,Sham19Y0023618,557,1159,1420,182,79
310,858,1333,Shamela0012836,8,885,1367,349,87
310,913,1261,Shia003965Vols,8729,305,481,104,38
310,954,1239,Tafsir07055,1387,1150,1482,218,82
311,1039,1501,Shamela0021660,2378,797,1110,228,58
311,1007,1301,Sham19Y0018568,121,398,1387,176,21
311,1110,1301,Sham19Y0017745,132,591,756,109,69
311,1117,1506,Shamela0000140,1121,223,690,263,65
311,1,574,Sham19Y0023625,2867,723,1424,434,74
311,623,1506,Sham19Y0023625,2868,320,1125,502,62
312,1301,1543,Shamela0021660,2378,1352,1558,157,78
312,1086,1630,Shamela0000140,1121,836,1316,253,54
312,16,168,Shamela0000140,1121,700,846,114,90
312,1,543,Sham19Y0023625,2868,1125,1513,290,64
312,543,1638,Sham19Y0023625,2869,1,1211,767,70
312,358,817,ShamAY0035035,5974,794,1230,182,40
312,30,884,Shamela0011244,48,699,1250,360,48
313,1,155,Sham19Y0018568,121,1444,1572,83,61
313,1128,1458,Sham19Y0018568,123,290,753,183,47
313,1,515,Sham19Y0017745,133,789,1299,251,52
313,1211,1487,Sham19Y0017745,134,844,1089,112,46
313,43,336,Shamela0000140,1121,1330,1559,173,72
313,352,650,Shamela0000140,1122,7,242,168,67
313,43,426,Sham19Y0023625,2869,1220,1581,284,91
313,426,1531,Sham19Y0023625,2870,1,918,617,65
314,709,1266,Shia001782Vols,194,251,1178,231,29
314,937,1218,Shia001782Vols,3756,164,594,140,36
314,529,738,Shamela0003722,7427,440,637,120,68
314,932,1244,Sham19Y0148271,2029,844,1284,238,67
314,932,1117,Sham19Y0127703,1703,1180,1548,141,47
314,932,1244,ShamIbadiyya0000135,180,194,689,238,59
314,932,1281,Shia001976Vols,372,127,609,196,47
314,932,1244,Shamela0035100,614,860,1292,216,58
314,974,1244,Shamela0038202,62,1,388,184,55
314,932,1266,Shia001949,27,952,1366,228,63
314,932,1460,Shamela0022547,894,184,783,199,31
314,932,1244,JK006838,1454,28,404,199,59
314,220,768,Shamela0000140,1122,422,1262,357,48
314,637,1255,Sham19Y0023625,2862,1,792,451,68
314,1,470,Sham19Y0023625,2870,918,1370,350,90
314,1046,1266,JK000916,24723,5,170,121,69
314,474,1177,Shia003732Vols,3914,790,902,88,15
314,709,1218,Shia003732Vols,4282,346,1038,165,23
314,932,1460,Shamela0011816,579,927,1236,172,38
314,932,1201,Shamela0012884,1554,1288,1502,159,74
314,700,1266,Sham19Y0014592,690,135,745,247,41
314,932,1244,Shamela0006947,17854,918,1229,240,94
314,932,1281,Shamela0021570,24,444,936,195,46
314,1050,1244,Shamela0025794,3328,1,196,150,94
314,1015,1244,Shamela0021765,147,17,244,165,85
314,932,1206,Shamela0010906,611,1070,1460,197,60
314,1015,1266,Shamela0021809,2720,9,274,184,86
314,937,1244,Sham19Y0013223,685,726,1025,225,89
314,932,1244,ShamAY0033926,27,683,1098,223,64
314,932,1244,Shamela0010443,351,915,1228,240,94
314,932,1266,Shamela0003118,1262,1021,1504,174,40
314,937,1266,Shamela0003118,7113,1,407,193,51
314,787,1244,Shamela0006610,620,269,682,249,64
314,700,1266,Shamela0009567,56,26,897,190,21
314,932,1266,JK000022,421,545,973,210,54
314,932,1266,JK000022,2218,233,637,204,56
314,470,768,Shamela0012836,8,1073,1183,81,34
314,932,1244,Shia002406Vols,1890,337,611,197,75
315,791,1117,Sham19Y0017745,133,302,700,168,48
315,751,1545,Sham19Y0023625,2864,14,984,605,76
315,444,697,Shamela0010443,355,423,775,178,57
316,1032,1295,Shamela0021660,633,72,289,150,72
316,686,1001,Sham19Y0017745,136,1,271,178,68
316,1,550,Sham19Y0023625,2864,984,1486,369,82
316,550,1479,Sham19Y0023625,2865,1,645,460,58
316,117,331,Shamela0010443,357,1115,1405,134,58
317,728,1168,JK000991,93,1351,1508,114,32
317,680,1040,Sham19Y0018568,126,528,855,176,53
317,728,1518,Shamela0008176,40,641,1212,384,56
317,506,1135,Sham19Y0017745,131,103,806,253,38
317,728,1282,Shamela0005963,71,1256,1531,202,45
317,1282,1518,Shamela0005963,72,1,248,176,82
317,1243,1490,Shamela0009242,12,1362,1604,156,68
317,728,1518,Sham19Y0023625,152,79,622,362,54
317,1,393,Sham19Y0023625,2865,645,994,266,83
317,723,903,Sham19Y0018169,100,1087,1228,110,76
317,1183,1518,Shamela0007636,12,333,785,250,68
317,728,903,Shamela0029677,840,116,247,103,73
317,1140,1518,JK000990,240,630,883,162,50
317,1243,1518,Sham19Y0017747,33,26,314,200,79
317,728,903,Sham19Y0013250,146,1348,1460,88,62
318,53,763,Sham19Y0017745,131,815,1515,348,51
318,1101,1388,Shamela0005963,73,1,218,148,64
318,329,791,Sham19Y0023625,1063,216,905,346,61
318,791,1207,Sham19Y0023625,2865,1087,1518,312,88
318,1207,1515,Sham19Y0023625,2866,1,305,231,94
318,1068,1388,JK000995,172,987,1262,163,60
318,329,522,Shamela0025841,180,473,640,80,53
319,1064,1445,Shamela0035261,69,361,574,103,33
319,497,743,Sham19Y0023625,2863,311,517,148,77
319,1,800,Sham19Y0023625,2866,305,968,456,64
319,494,743,Sham19Y0037618,2346,590,827,113,48
319,494,743,Shamela0010443,352,843,1209,146,53
319,819,1024,Shamela0010443,353,1,205,155,96
320,199,592,Shamela0008381,522,933,1341,313,91
320,199,573,Shamela0008381,596,579,969,306,95
320,199,549,Shamela0008381,610,1010,1401,284,88
320,199,592,Shamela0008381,665,833,1236,321,96
320,199,445,Shamela0008381,1386,1282,1535,196,93
320,199,592,Shamela0008381,5580,553,956,320,96
320,187,524,JK000977,4,1209,1548,213,71
320,187,549,Shamela0001733,3519,110,466,246,80
320,156,573,Shamela0007664,77,247,648,267,72
320,133,675,Sham19Y0018568,127,14,539,377,79
320,199,549,Shamela0004482,624,147,532,276,84
320,199,554,Shamela0003722,4090,159,556,243,73
320,216,573,Shamela0011353,101,1,379,265,83
320,170,592,Shamela0037325,2585,97,507,326,94
320,133,587,Sham19Y0017745,136,1080,1493,340,90
320,199,494,Sham19Y0146127,3565,1137,1467,204,69
320,199,558,ShamAY0034014,1,881,1266,272,83
320,162,509,Shamela0003055,2276,1087,1461,246,75
320,187,592,Shamela0012014,54,13,428,330,96
320,199,592,Shamela0011279,28,510,948,280,74
320,190,592,ShamIbadiyya0000433,55,15,410,316,93
320,604,1472,Shamela0000140,390,522,1431,430,45
320,880,1614,Sham19Y0023625,2887,40,498,341,55
320,315,549,ShamAY0033945,119,1,239,193,97
320,162,509,Shamela0008555,199,336,708,244,75
320,199,549,Shamela0012034,952,237,565,269,93
320,199,592,Shamela0021688,181,19,454,321,89
320,352,558,Shamela0008514,76,1,206,167,98
320,207,573,ShamAY0033956,566,1042,1407,236,74
320,274,595,JK006874,11,7,326,246,88
320,199,549,Shamela0000178,1,334,723,260,77
320,133,549,ShamAY0035911,12,810,1205,308,90
320,156,549,Sham19Y0014592,100,104,501,301,88
320,199,323,Sham19Y0014592,891,1443,1567,100,100
320,323,573,Sham19Y0014592,892,1,245,194,91
320,194,592,Shamela0004473,14642,308,712,323,96
320,244,549,Shamela0004473,17041,1,317,250,95
320,199,549,Shamela0036091,291,956,1302,284,98
320,199,578,Sham19Y0014283,15,1178,1567,311,96
320,187,587,Shamela0009993,27,95,542,323,87
320,199,592,Shamela0005922,3048,974,1405,283,74
320,133,595,Shamela0010639,410,1,477,335,79
320,187,612,Shamela0023423,351,937,1420,347,87
320,239,573,Shamela0004445,4163,729,1057,217,75
320,352,549,JK001000,5,1168,1378,164,93
320,190,549,ShamAY0034059,1091,787,1128,273,92
320,180,445,Sham19Y0013223,70,1227,1483,206,95
320,199,549,Shia002264,17,975,1358,284,90
320,187,549,Shamela0021537,141,614,1013,290,86
320,199,549,Shamela0021537,3335,845,1237,288,89
320,199,549,Shamela0096178,50,790,1142,286,98
320,133,592,Shamela0010443,361,626,1049,343,89
320,199,592,JK009329,11,603,990,311,94
320,187,592,Shamela0011244,49,383,800,331,96
320,233,549,Shamela9007669,683,1077,1401,256,95
320,199,549,ShamAY0036005,42,935,1335,237,68
320,199,549,Sham19Y0016618,76,388,738,286,99
320,133,309,Shamela0012836,8,1371,1527,118,77
320,309,592,Shamela0012836,9,1,290,233,97
320,162,509,Shamela0009841,5,891,1265,246,75
321,900,1587,Sham19Y0018568,127,1172,1486,215,37
321,895,1505,Sham19Y0017745,139,1337,1565,168,33
321,670,824,Shamela0000140,390,1431,1565,108,87
321,830,1602,Shamela0000140,391,1,345,270,43
321,1,1215,Sham19Y0023625,2887,498,1632,793,71
321,1215,1602,Sham19Y0023625,2888,1,320,246,77
321,68,565,Shamela0008514,81,289,696,225,46
321,68,757,Shamela0010443,363,86,1321,365,32
322,1147,1553,Shamela0021660,3757,1035,1367,235,68
322,325,1562,Shamela0000140,391,345,1281,674,65
322,137,1502,Sham19Y0023625,2888,320,1579,722,55
322,1183,1396,Sham19Y0127677,8592,295,464,124,73
322,156,683,Shamela0010443,366,983,1363,175,35
323,1,793,Shamela0000140,391,1281,1623,262,39
323,793,1515,Shamela0000140,392,1,565,430,73
323,950,1515,Sham19Y0023625,2889,235,825,412,81
324,820,1526,Shamela0000140,392,598,1150,435,74
324,627,1357,Sham19Y0023625,2889,1068,1607,409,68
325,37,356,Shamela0021660,1345,707,1012,188,70
325,1271,1604,Sham19Y0020590,116,477,1052,180,37
325,1053,1408,ShamIbadiyya0000438,1220,985,1584,201,36
325,1121,1562,Sham19Y0122257,218,327,920,267,47
325,1,680,Shamela0001515,111,1030,1491,349,62
325,745,1271,Shamela0001515,112,103,859,410,62
325,1271,1447,Shamela0001515,113,289,468,141,93
325,1,624,Shamela0000140,392,1164,1581,311,63
325,628,1528,Shamela0000140,393,1,537,370,47
325,1121,1552,Shamela0000791,11,980,1551,255,46
325,1,1639,Sham19Y0023625,2890,169,1588,987,70
325,1284,1443,Shia003732Vols,390,696,865,119,79
325,818,1584,Shamela0009702,737,683,1405,339,42
325,654,1537,Shamela0002573,411,316,897,468,62
325,1057,1537,ShamAY0034198,347,556,1253,244,35
325,1057,1584,Sham19Y0018272,25,779,1365,293,50
325,745,1584,Sham19Y0131003,598,198,870,319,38
325,1275,1443,Shamela0021723,253,1352,1541,127,76
326,1253,1458,Shamela0008381,526,143,349,165,99
326,1257,1458,Shamela0008381,1861,1204,1404,157,96
326,1253,1458,Shamela0008360,36,494,694,151,89
326,1257,1458,Shamela0009200,31,10,250,147,76
326,204,1094,Sham19Y0018568,129,83,1311,461,43
326,1253,1458,Shamela0009690,2355,595,798,163,98
326,1257,1458,Shamela0003722,1188,667,881,162,93
326,1275,1458,Shamela0037325,2605,1,180,132,86
326,1257,1458,Sham19Y0148271,1616,815,1023,161,96
326,1253,1458,Shamela0008176,460,1307,1508,149,88
326,217,744,Sham19Y0017745,140,926,1530,288,56
326,1257,1458,Shia002231Vols,77,405,613,162,96
326,1257,1458,Sham19Y0013667,492,182,388,159,95
326,1257,1458,Shamela0025800,125,184,390,159,95
326,1247,1458,ShamAY0000351,499,13,215,135,80
326,1247,1458,Shamela0023628,1276,748,963,161,92
326,1257,1458,Shamela0030327,225,697,899,161,99
326,1247,1458,ShamAY0032745,2,907,1117,157,92
326,187,1094,Shamela0001515,114,540,1227,498,65
326,1257,1458,JK000728,12,780,983,155,92
326,201,477,Shamela0000140,393,537,799,197,89
326,1257,1458,Shia004456Vols,492,757,959,162,99
326,240,530,Sham19Y0023625,2891,1,283,221,95
326,1224,1458,Sham19Y0023625,2891,489,757,185,84
326,1257,1458,JK000916,15385,679,887,162,96
326,1257,1458,JK000916,15386,958,1157,151,90
326,1257,1458,Shamela0117359,1068,450,670,162,91
326,1257,1458,Sham19Y0014601,5789,934,1136,162,99
326,1284,1433,ShamAY0033886,166,1,506,98,22
326,1253,1458,Sham19Y0014309,114,93,299,165,99
326,1257,1429,ShamAY0033956,569,729,896,133,96
326,1257,1458,Sham19Y0016636,5,833,1032,160,99
326,1257,1458,Shamela0001442,1044,920,1111,152,93
326,1247,1458,Shamela0004864,6,1129,1338,161,94
326,1247,1458,ShamAY0033075,76,357,573,163,94
326,1257,1458,Shamela0009898,9,190,397,162,97
326,1257,1458,Shia003616Vols,676,1167,1374,162,97
326,1257,1458,Shia003616Vols,2849,470,671,162,100
326,1257,1458,Shamela0011438,10,325,539,162,93
326,1257,1458,Shamela0003617,3,377,564,146,90
326,1257,1458,Sham19Y0127677,6596,464,666,161,99
326,1257,1458,Shamela0004473,6740,80,282,162,99
326,1172,1458,Shamela0004473,7927,436,710,165,64
326,1257,1458,Sham19Y0020944,1085,642,844,162,99
326,1257,1458,Shamela0008206,49,1,207,157,93
326,1257,1458,Shamela0025794,3138,1070,1278,162,96
326,1257,1458,Shamela0010906,1695,726,928,157,94
326,1257,1458,Shamela0021809,1844,719,927,161,96
326,1247,1458,Shamela0021809,1845,28,231,140,82
326,1265,1451,Shamela0013035,36,45,239,139,88
326,1247,1446,Sham19Y0017903,68,1278,1476,152,95
326,1257,1458,Sham19Y0001729,50,709,916,162,97
326,1247,1458,Shamela0012027,316,481,699,161,90
326,1247,1458,Shamela0006856,61,427,632,161,95
326,1257,1458,Shamela0003118,4515,798,1006,162,96
326,1257,1458,Sham19Y0131521,6123,189,391,162,99
326,1257,1458,Sham19Y0131521,6137,834,1234,154,48
326,1247,1458,Shamela0003874,63,1040,1256,163,94
326,1265,1458,Sham19Y0020591,1675,510,704,156,99
326,1265,1458,Shamela0013034,32,711,910,145,90
326,1257,1458,Shamela0001453,17,960,1174,162,93
326,1302,1458,Sham19Y0039268,88,1,157,126,99
326,1257,1458,Sham19Y0039268,329,229,432,155,92
327,1136,1430,Shamela0008360,8,1060,1410,221,77
327,1430,1595,Shamela0008360,9,1,173,129,93
327,394,598,JK000977,3,1106,1347,165,83
327,433,810,JK000216,365,111,356,173,51
327,1346,1566,Shamela0001975,740,1,160,126,70
327,397,810,Shamela0001733,3517,1068,1338,190,52
327,1136,1591,Shamela0001733,3973,52,617,318,67
327,1136,1595,Shamela0008473,3750,996,1489,326,78
327,1129,1595,Sham19Y0013614,35,678,1132,355,95
327,598,743,Sham19Y0018568,129,1311,1475,113,87
327,1084,1595,Sham19Y0018568,130,10,500,382,93
327,394,810,Sham19Y0148271,1616,225,509,202,53
327,1136,1595,Sham19Y0148271,1931,514,1013,326,77
327,1272,1595,Shamela0005610,141,1,323,230,81
327,1129,1595,Shamela0008176,193,299,758,349,91
327,433,810,Shamela0021659,854,263,506,173,51
327,1232,1566,Shamela0021659,988,995,1282,212,74
327,384,560,Sham19Y0017745,137,535,691,108,72
327,612,743,Sham19Y0017745,141,1,135,97,88
327,1101,1587,Sham19Y0017745,141,813,1328,374,87
327,265,810,Sham19Y0035312,20,523,1032,296,53
327,1139,1595,Sham19Y0035312,21,420,1040,352,70
327,1172,1587,Shamela0023578,2424,111,520,272,75
327,1136,1595,Sham19Y0133377,42,528,1030,359,88
327,423,810,Shia002261Vols,290,866,1117,177,52
327,1,133,Sham19Y0013667,1642,1404,1536,110,100
327,1172,1595,Shamela0025800,2667,98,590,317,79
327,1136,1547,ShamAY0000351,249,1291,1762,316,82
327,1136,1595,ShamAY0000351,276,923,1426,326,77
327,433,598,Shamela0026510,1,1021,1192,137,96
327,1413,1554,Sham19Y0122257,86,17,157,109,96
327,1124,1595,Shamela0021766,3105,153,604,347,92
327,1136,1595,Shamela0021766,3505,648,1080,338,92
327,1164,1566,Shamela0007289,7025,434,872,315,88
327,1136,1595,Shamela0000782,881,896,1419,353,83
327,444,810,ShamAY0034014,2,1,269,160,48
327,1136,1522,Shamela0023628,2802,1118,1557,278,75
327,1,197,Shamela0030327,225,899,1095,163,100
327,1164,1566,JK006950,1229,754,1192,314,87
327,1172,1530,ShamAY0034055,8325,338,677,258,87
327,1129,1595,Sham19Y0014119,66,779,1233,358,95
327,1172,1595,JK000435,288,809,1186,296,86
327,1139,1595,Shamela0012014,325,982,1458,356,91
327,1164,1595,Sham19Y0017063,47,834,1261,341,98
327,1172,1530,ShamIbadiyya0000193,3141,1236,1547,236,81
327,423,810,Shia002265Vols,96,1090,1340,175,51
327,433,810,Shia002265Vols,113,683,927,161,47
327,1232,1566,Shia002265Vols,5286,15,303,211,73
327,1232,1566,Shia002265Vols,5287,1105,1396,212,73
327,470,810,Shia001731Vols,10,1,205,142,47
327,1136,1566,Shia001731Vols,841,415,907,317,77
327,1136,1595,Shamela0000041,2018,951,1464,328,76
327,407,810,JK000728,13,1,317,194,52
327,1210,1383,Sham19Y0023625,2457,1034,1199,128,93
327,1472,1595,Sham19Y0023625,2460,1400,1530,98,94
327,1108,1530,Sham19Y0023625,2880,963,1373,319,92
327,1,976,Sham19Y0023625,2891,757,1629,619,69
327,976,1101,Sham19Y0023625,2892,1,126,99,99
327,394,654,JK000187,40,675,1069,189,59
327,1340,1587,ShamAY0034068,2589,1,265,176,76
327,1357,1595,Shamela0036446,18,1,303,175,72
327,1,197,Shamela0117359,1068,670,866,163,100
327,1,810,ShamAY0033886,166,176,795,365,52
327,1374,1526,Shia002508Vols,655,1,149,110,90
327,1,210,Sham19Y0014309,114,299,521,170,91
327,394,810,Shia002616Vols,2534,1083,1413,219,60
327,394,569,ShamAY0033956,566,131,310,138,93
327,1151,1595,Sham19Y0021525,785,110,288,109,29
327,1136,1530,Shia002702Vols,8559,361,797,276,75
327,394,810,Shamela0009810,23,947,1230,203,55
327,1136,1566,Shamela0009810,1438,51,562,323,76
327,1,197,Sham19Y0016636,5,1032,1228,163,100
327,1136,1595,Sham19Y0016636,1017,535,1001,314,77
327,1,197,Shamela0001442,1044,1111,1307,163,100
327,423,810,JK009390,1568,383,632,175,51
327,1136,1566,JK009390,1741,7,341,230,62
327,423,810,JK009390,1750,34,284,164,46
327,1172,1591,Shamela0007370,2648,878,1288,306,87
327,1172,1591,Shamela0007370,2872,406,816,306,87
327,1136,1504,Sham19Y0037618,1206,1154,1444,160,46
327,1136,1595,Shamela0022882,301,432,938,329,77
327,1,351,Shamela0009898,1,1112,1396,192,63
327,1,210,Shia003616Vols,676,1374,1585,171,97
327,1,329,Shia003616Vols,2849,671,1162,227,54
327,1,197,Shamela0000894,1501,1490,1686,163,100
327,1172,1595,Shamela0012884,1471,718,1202,256,61
327,1136,1595,Shamela0012884,4008,732,1238,334,78
327,1136,1595,Tafsir02100,137,628,1095,321,79
327,1160,1504,Sham19Y0020891,4879,529,904,263,84
327,1172,1595,Shamela0030725,10,19,449,315,85
327,1370,1504,Shamela0000216,30,1344,1492,107,89
327,1136,1595,JK000475,2444,728,1195,317,78
327,1136,1519,Shamela0009776,6429,709,1073,286,93
327,394,810,ShamAY0033712,2,896,1184,200,52
327,433,810,Sham19Y0127677,1608,1054,1299,170,50
327,1232,1566,Sham19Y0127677,1715,518,805,212,74
327,433,810,Sham19Y0127677,1716,886,1127,163,46
327,1136,1519,Sham19Y0127677,6512,987,1417,265,72
327,423,814,Sham19Y0127677,8592,22,274,176,51
327,394,552,Sham19Y0127677,9202,1343,1500,122,92
327,1219,1595,Sham19Y0017791,54,1,372,294,97
327,1241,1595,Shamela0004473,259,1,543,267,61
327,394,810,Shamela0004473,8774,230,511,202,54
327,429,810,Shamela0004473,11737,951,1149,149,47
327,1,197,Shamela0004473,11737,101,297,163,100
327,1197,1405,Sham19Y0145212,141,1086,1327,167,86
327,1405,1587,Sham19Y0145212,142,662,850,142,93
327,1136,1595,Shamela0009823,266,597,1068,352,91
327,32,660,Shamela0009993,27,359,850,322,55
327,1136,1595,ShamAY0033973,29,523,993,301,72
327,1,380,Shia002069Vols,293,649,818,136,43
327,1136,1595,Shia001887Vols,2642,111,617,329,76
327,1136,1595,Shamela0008658,2617,754,1260,333,78
327,397,810,Shamela0010664,379,385,739,220,60
327,1136,1595,Shamela0007891,12,185,701,332,76
327,1129,1595,Sham19Y0016976,104,841,1295,358,95
327,1136,1493,Tafsir07057,4099,1164,1587,241,65
327,1136,1595,Shamela0010639,332,5,570,351,76
327,1101,1595,Shamela0010639,409,230,835,373,76
327,1168,1554,Shamela0029734,3,342,559,111,35
327,1136,1595,Tafsir09084,1907,11,519,326,76
327,502,810,Shamela0001438,2607,6,174,118,42
327,433,810,Shamela0001438,3085,531,776,163,46
327,1232,1566,Shamela0001438,3089,976,1263,212,74
327,394,560,Shamela0025794,3137,1275,1449,134,94
327,1136,1595,Shamela0025794,4143,539,1045,326,76
327,1136,1595,Shamela0023423,356,516,993,359,93
327,1168,1554,ShamAY0033949,99,340,539,102,33
327,394,810,Shamela0021809,1844,178,457,196,52
327,1136,1595,Shamela0021809,2494,258,747,330,79
327,1288,1595,Shamela0025791,59,1,315,247,97
327,1124,1587,ShamAY0034059,5607,295,783,333,81
327,1139,1587,Tafsir06049,5270,1094,1543,319,81
327,1,197,Sham19Y0017903,69,13,209,163,100
327,1108,1595,Sham19Y0017903,935,660,1172,341,77
327,265,578,Shamela0004289,182,127,711,236,49
327,1136,1577,Shamela0004289,358,957,1454,340,84
327,1139,1595,Sham19Y0013223,1040,195,762,356,77
327,1,202,Shamela0010517,418,693,894,163,98
327,1172,1595,Shamela0010517,887,38,466,335,96
327,1327,1595,Shamela0021537,3664,1,336,178,67
327,1136,1595,ShamAY0034066,1106,347,794,351,95
327,394,810,Shia001960,14,45,339,193,49
327,757,1084,Shamela0010443,362,493,1260,179,28
327,1101,1595,Shamela0010443,377,313,782,377,94
327,1272,1591,JK009329,11,1,359,255,88
327,1129,1595,Shamela0011244,50,1035,1499,366,98
327,1136,1595,Shamela0010463,493,167,613,357,97
327,1,197,Sham19Y0131521,6123,391,587,163,100
327,1136,1595,Sham19Y0023618,1422,734,1180,354,96
327,1172,1504,ShamAY0036736,273,855,1240,214,63
327,1101,1595,Shamela0012836,9,290,776,384,96
327,516,810,Sham19Y0122096,2896,1,159,106,39
327,1,197,Sham19Y0020591,1675,704,900,163,100
327,1155,1547,Sham19Y0017798,1631,1069,1438,262,77
327,394,810,Shamela0027247,115,783,1066,203,55
327,522,810,Shamela0027247,128,995,1173,111,47
327,394,598,Shamela0027247,135,878,1089,166,94
327,896,1084,Shamela0027247,136,711,1129,94,27
327,394,810,Sham19Y0039268,329,1024,1354,199,51
327,1136,1595,JK009365,3,96,658,341,72
327,394,578,Shamela0036558,67,1144,1330,147,95
328,1,337,Shamela0008360,9,173,509,221,79
328,7,303,Shamela0001733,3973,531,820,183,72
328,22,269,Shamela0008473,3751,1,275,186,85
328,1,362,Sham19Y0013614,35,1132,1486,258,86
328,1,288,Sham19Y0018568,130,500,789,228,97
328,475,712,Sham19Y0018568,130,1300,1544,167,85
328,122,261,Sham19Y0127717,152,1327,1478,101,85
328,1,256,Sham19Y0148271,1931,1013,1278,192,90
328,1,256,Shamela0005610,141,323,591,187,85
328,1,337,Shamela0008176,193,758,1182,241,71
328,1,288,Sham19Y0017745,141,1244,1514,212,91
328,1,256,Sham19Y0035312,21,1040,1305,202,94
328,48,261,Shamela0023578,2424,467,688,155,87
328,1,296,Sham19Y0133377,42,1030,1388,236,82
328,1,269,Shamela0025800,2667,590,868,199,84
328,1,288,ShamAY0000351,250,53,348,211,88
328,95,269,Sham19Y0122257,88,969,1155,136,89
328,1,269,Shamela0021766,3105,604,882,208,92
328,1,256,Shamela0021766,3505,1080,1340,195,92
328,135,288,Sham19Y0017581,814,1,160,116,90
328,1,261,Shamela0007289,7025,876,1154,186,80
328,79,288,Shamela0000782,882,1,214,146,85
328,1,269,Shamela0023628,2803,74,358,202,87
328,1,261,JK006950,1229,1196,1474,186,80
328,1,256,JK000435,288,1186,1448,196,92
328,15,337,Shamela0012014,326,1,310,218,82
328,1,256,Shia001731Vols,841,882,1099,159,76
328,65,256,Shamela0000041,2019,1,207,142,86
328,337,1085,Sham19Y0023625,2457,14,1104,471,49
328,1,288,Sham19Y0023625,2881,1086,1374,224,95
328,1,256,ShamAY0034068,2589,181,413,166,78
328,1,442,Shamela0036446,18,303,724,248,66
328,1,261,Shamela0009810,1438,537,760,162,75
328,1,261,Sham19Y0016636,1017,1001,1271,196,89
328,7,256,Shamela0007370,2872,821,1081,181,83
328,1,256,Shamela0022882,301,938,1203,188,84
328,15,212,ShamAY0038516,179,1308,1489,124,75
328,1,316,Shamela0012884,4008,1238,1522,193,74
328,1,261,Tafsir02100,137,1095,1365,199,91
328,1,256,Shamela0030725,10,449,711,186,85
328,1,261,JK000475,2444,1195,1465,199,91
328,41,256,Shamela0009776,4792,1322,1546,161,89
328,1,296,Sham19Y0127677,1715,809,1091,175,63
328,55,288,Sham19Y0127677,19899,1251,1491,153,77
328,1,507,Sham19Y0017791,54,372,831,289,62
328,1,261,Shamela0004473,259,543,870,183,66
328,135,274,Shamela0004473,1398,621,791,111,80
328,1,283,Shamela0009823,266,1068,1350,211,90
328,1,269,Tafsir09068,1260,1100,1366,190,79
328,48,256,ShamAY0034364,29,110,314,123,66
328,1,256,ShamAY0033973,29,993,1268,198,89
328,1,256,Shia001887Vols,2642,617,886,186,84
328,1,223,Shamela0008658,2617,1260,1489,164,88
328,1,303,Shamela0007891,12,701,1017,214,84
328,55,274,ShamIbadiyya0000482,144,946,1190,162,82
328,1,288,Shamela0010639,332,570,838,203,88
328,1,288,Shamela0010639,409,835,1127,223,93
328,1,312,Tafsir09084,1907,519,860,209,74
328,1,238,Shamela0001438,3089,1267,1492,149,68
328,1,256,Shamela0025794,4143,1045,1315,193,88
328,1,384,Shamela0023423,356,993,1413,301,89
328,48,203,Shamela0023423,359,934,1497,117,26
328,1,288,Shamela0021809,2494,747,1069,204,76
328,1,288,Shamela0025791,59,315,599,228,98
328,1,256,ShamAY0034059,5607,699,938,185,91
328,1,135,Tafsir06049,5270,1459,1575,92,86
328,1,337,Sham19Y0017903,935,1172,1481,210,75
328,1,288,Shamela0004289,359,19,313,215,90
328,1,269,Sham19Y0013223,1040,762,1040,202,85
328,15,288,Shamela0010517,71,120,371,183,80
328,1,337,Shamela0010517,887,466,868,243,74
328,1,261,Shamela0021537,3664,336,662,188,69
328,1,288,ShamAY0034066,1106,794,1059,202,87
328,1,288,Shamela0010443,377,782,1066,228,98
328,7,256,Shamela0008203,89,786,1028,167,77
328,1,288,JK009329,11,271,545,215,92
328,90,312,Shamela0011244,51,1,215,161,89
328,55,256,Shamela0011244,52,96,428,126,48
328,1,288,Shamela0010463,493,613,897,228,98
328,55,238,Shamela0012293,6512,1234,1427,137,88
328,55,242,Shamela0006610,1124,1308,1491,130,83
328,48,312,Shamela0031375,3,553,803,166,77
328,1,288,Sham19Y0023618,1422,1180,1445,204,88
328,1,337,Shamela0012836,9,776,1147,246,81
328,1,380,Sham19Y0017798,1632,24,685,215,35
328,1,256,JK009365,3,658,927,190,83
329,595,1251,Sham19Y0133377,48,41,506,330,59
329,333,848,Sham19Y0023625,2458,1015,1606,345,64
329,848,1172,Sham19Y0023625,2459,1,586,231,46
330,74,688,Sham19Y0018568,131,972,1433,298,55
330,74,688,Sham19Y0017745,145,671,1115,285,54
330,84,688,Sham19Y0133377,49,1,408,250,46
330,74,603,Sham19Y0023625,2459,1174,1628,260,51
330,919,1574,Sham19Y0023625,2460,576,1203,306,47
331,730,1262,Sham19Y0017745,143,412,1178,229,30
331,213,743,Sham19Y0133377,50,839,1408,233,37
331,8,357,Sham19Y0023625,2460,1196,1447,182,62
331,213,1181,Sham19Y0023625,2461,16,601,425,54
331,1370,1516,Sham19Y0023625,2462,31,182,112,94
331,884,1024,Shamela0009292,127,318,458,110,100
331,979,1248,Shamela0011244,51,839,1117,173,72
332,1429,1607,Shamela0021660,5480,914,1104,133,87
332,1,242,Sham19Y0017745,142,190,579,161,49
332,979,1129,ShamIbadiyya0000433,396,55,220,119,86
332,1,1328,Sham19Y0023625,2462,182,1543,1005,85
332,1388,1543,Shamela0001717,20,831,982,115,91
333,471,697,Sham19Y0017745,146,282,509,181,99
333,49,429,Sham19Y0133377,133,1117,1496,310,99
333,1040,1228,Sham19Y0023625,2463,17,273,157,73
334,5,265,Sham19Y0133377,52,1087,1421,197,74
334,782,1046,Sham19Y0133377,53,1257,1452,143,65
334,112,1066,Sham19Y0023625,2463,579,1430,551,64
335,1266,1442,Shamela0008360,710,1149,1385,107,56
335,1316,1496,Shamela0001733,248,964,1163,106,66
335,1316,1496,Sham19Y0013252,9477,534,717,113,76
335,1266,1442,JK009324,3522,335,915,92,19
335,1311,1496,JK009324,3531,620,808,115,76
335,1316,1586,Sham19Y0018568,132,806,1214,210,64
335,89,1252,Sham19Y0018568,133,530,1438,399,35
335,1316,1496,Shamela0003722,5290,622,821,106,66
335,1305,1490,ShamIbadiyya0000438,1233,90,303,100,59
335,1316,1533,Sham19Y0017745,144,462,683,164,93
335,469,584,Sham19Y0133377,30,484,595,85,92
335,5,705,Sham19Y0133377,54,522,1446,343,37
335,982,1343,Sham19Y0133377,55,534,832,125,34
335,318,442,Sham19Y0133377,136,655,779,102,100
335,1266,1442,Shamela0096283,415,10,525,106,26
335,1266,1521,Sham19Y0014119,508,945,1192,116,54
335,1311,1496,Sham19Y0017063,1201,34,211,91,62
335,63,1248,Sham19Y0023625,2464,151,1466,657,53
335,1316,1490,JK000916,3684,963,1156,100,64
335,1316,1503,JK007054,32,29,602,88,18
335,1316,1490,Zaydiyya0000352,356,1208,1413,107,66
335,1311,1490,Sham19Y0018607,4676,1230,1433,107,66
335,1311,1490,Shamela0029677,2142,757,965,96,58
335,1311,1496,ShamAY0038516,180,900,1416,68,15
335,1266,1430,Sham19Y0017791,1582,984,1478,96,24
335,1316,1490,Zaydiyya0000229,319,198,402,107,67
335,1266,1442,Shamela0007891,2493,818,1223,106,33
336,355,586,Sham19Y0018568,134,1,227,181,96
336,402,556,Sham19Y0017885,5,192,336,115,92
336,305,488,Sham19Y0017745,147,1347,1499,119,81
336,488,661,Sham19Y0017745,148,1,519,117,27
336,68,305,Sham19Y0133377,22,276,591,147,54
336,83,556,Sham19Y0133377,56,811,1512,315,54
336,930,1389,Sham19Y0133377,57,507,1462,167,19
336,691,945,Sham19Y0133377,141,528,792,190,85
336,345,556,Zaydiyya0000035,235,1256,1523,155,71
336,425,586,Kraken21033110,128,1073,1232,126,93
336,402,556,Shamela0007289,1929,150,294,112,90
336,345,556,Shamela0023628,1096,565,739,131,78
336,345,593,Shamela0012014,389,177,426,197,98
336,345,580,Shamela0023631,1778,956,1141,136,72
336,368,586,Shamela0000140,2155,949,1189,175,90
336,586,825,Sham19Y0023625,2876,1287,1495,138,65
336,825,1389,Sham19Y0023625,2877,1,520,357,75
336,342,556,ShamAY0032959,57,477,665,145,84
336,380,556,Shamela0010013,389,86,256,103,70
336,345,593,JK006874,34,931,1143,155,73
336,342,606,Shamela0026842,41,160,434,181,75
336,425,556,JK007064,665,224,580,81,26
336,392,556,JK011044,63,253,435,104,68
336,402,556,Tafsir07057,1692,17,161,108,88
336,406,580,Shamela0010639,409,1,176,124,88
336,342,606,Shamela0023423,360,282,587,203,81
336,342,556,Shamela0010906,5806,800,985,140,80
336,345,556,JK010001,1740,543,706,118,69
336,305,606,Shamela0010443,386,965,1247,194,74
336,342,586,Shamela0011244,52,591,841,195,97
336,345,586,Shamela0001395,76,70,262,150,77
336,342,556,ShamAY0032765,13,1055,1243,145,84
336,305,586,Shamela0012836,9,1065,1331,209,90
336,425,556,Sham19Y0017798,279,1308,1436,101,93
336,345,556,Sham19Y0017798,443,1312,1494,132,77
336,342,556,Shamela0023700,2468,96,274,125,73
336,425,556,Shamela0021629,16,906,1031,101,95
336,345,556,Tafsir07055,1824,872,1054,133,78
337,1,683,Sham19Y0018568,134,861,1489,315,46
337,716,1534,Sham19Y0018568,135,41,706,291,36
337,39,238,Sham19Y0023625,2877,784,987,150,84
337,1095,1488,Sham19Y0023625,2877,1125,1574,263,65
337,238,493,Shia003684Vols,148,469,711,183,84
338,969,1126,Shamela0021593,1916,150,357,112,67
338,263,567,Shamela0010443,400,822,1381,209,44
338,575,1542,Shamela0010443,401,153,1551,501,38
339,1,160,Shamela0008381,479,698,870,114,81
339,22,160,Shamela0008360,16,27,152,86,75
339,59,160,JK000362,220,1,104,79,97
339,22,160,Shamela0008176,258,208,333,86,75
339,59,160,Shamela0021659,1412,353,454,77,92
339,811,1493,Sham19Y0133377,33,308,990,549,100
339,210,416,Sham19Y0133377,59,28,312,143,62
339,1,160,Shamela0025800,1175,1141,1299,116,89
339,22,160,Sham19Y0122257,121,1425,1550,86,75
339,1,160,Sham19Y0014119,69,458,611,116,89
339,1,160,Sham19Y0017063,54,871,1172,119,48
339,22,160,ShamAY0033938,88,14,139,86,75
339,27,160,Shia002265Vols,131,599,745,87,74
339,160,811,Sham19Y0023625,2878,147,750,453,81
339,1185,1515,Sham19Y0023625,2879,10,583,242,52
339,59,160,Shamela0023177,181,990,1091,77,92
339,1,160,Shamela0036446,50,968,1119,112,88
339,22,160,Shamela0117359,1094,414,539,86,75
339,59,160,Shamela0001673,5183,31,132,77,92
339,22,160,Sham19Y0020638,77,257,382,86,75
339,1,123,Sham19Y0016946,463,1055,1443,91,29
339,35,160,Shamela0000894,1374,348,479,88,85
339,59,160,Sham19Y0127677,2487,215,316,77,92
339,22,160,Sham19Y0127677,15609,85,211,86,75
339,1,160,Sham19Y0017791,68,249,752,116,28
339,1,160,Shamela0004473,3593,96,638,123,28
339,59,160,Shamela0004473,3595,780,881,77,92
339,1,160,JK007065,932,787,1007,111,60
339,22,160,Sham19Y0020944,1111,138,263,86,75
339,59,160,Sham19Y0016976,130,437,538,77,92
339,1,160,Shamela0010639,140,169,349,119,81
339,22,160,Shamela0001719,1341,634,761,85,73
339,59,160,Shamela0001438,2983,640,741,77,92
339,22,160,Shamela0004289,45,339,464,86,75
339,1,160,Shamela0010517,2580,1083,1314,119,63
339,22,160,Shamela0021537,43,129,254,89,80
339,59,160,Shamela0021537,45,351,452,80,100
339,59,160,Shamela0021537,1974,353,454,77,92
339,1,160,Shamela0021537,6315,178,699,121,28
339,59,160,Shamela0021537,6317,843,944,80,100
339,22,160,Shia001831Vols,90,432,557,86,75
339,1,160,Sham19Y0013572,978,1031,1185,110,83
339,22,160,Sham19Y0131521,6243,14,139,86,75
339,59,160,Sham19Y0038171,2297,1370,1471,77,92
339,1,160,Shamela0011036,2172,428,634,119,68
339,22,160,Sham19Y0020591,1723,107,232,86,75
340,1,148,Shia001782Vols,2254,1240,1388,114,99
340,482,1034,Sham19Y0017745,150,387,1012,372,67
340,1,148,Shamela0012981,1121,626,774,114,99
340,1,449,Sham19Y0023625,2879,623,1260,228,43
340,1,148,Shamela0006947,17857,189,332,110,95
340,1,148,Shamela0004289,206,153,301,114,99
340,1,148,Shamela0012862,40,976,1125,113,97
340,1,148,Shamela0012862,716,77,219,110,96
340,1,148,ShamAY0033053,37,805,950,112,97
340,1,148,ShamAY0033053,353,69,217,114,99
340,1,148,Shamela0010443,387,267,415,114,99
341,450,802,Sham19Y0018568,134,284,826,227,51
341,907,1093,Sham19Y0018568,135,1338,1501,130,87
341,1093,1210,Sham19Y0018568,136,1,118,95,100
341,907,1422,Sham19Y0017745,151,247,786,293,63
341,954,1290,Sham19Y0133377,60,1159,1570,262,79
341,470,782,Sham19Y0133377,60,1,382,201,61
341,228,1041,Zaydiyya0000035,236,1,384,210,30
341,957,1327,Shamela0012014,134,341,731,217,56
341,241,431,Sham19Y0020868,510,622,823,150,89
341,1,921,Sham19Y0023625,2881,51,944,697,93
341,1,431,Shamela0026842,41,1038,1392,212,53
341,954,1327,Shamela0007266,141,296,634,212,60
341,968,1327,Shamela0010639,407,41,428,198,56
341,954,1210,Shamela0023423,361,1176,1423,197,96
341,125,431,Shamela0010443,388,243,852,238,47
341,907,1210,Shamela0010443,402,817,1077,199,80
341,954,1191,JK009329,9,200,439,166,83
341,931,1210,Shamela0011244,53,82,358,208,91
341,907,1147,Shamela0012836,9,1331,1559,174,86
342,439,941,Sham19Y0023625,6,921,1559,196,28
342,298,513,ShamIbadiyya0000109,7342,865,975,87,50
342,1,192,Sham19Y0017437,615,760,1136,111,36
342,1,205,Sham19Y0017437,810,996,1420,113,33
342,1,151,Shamela0009702,235,934,1388,84,20
342,285,808,Shamela0002573,1163,939,1479,388,84
343,673,805,Shamela0021660,3069,1042,1318,102,47
343,620,805,Shia001782Vols,3746,755,948,144,91
343,620,888,Shamela0008360,778,750,1014,165,68
343,620,805,Shamela0001975,533,114,330,147,85
343,620,805,Shamela0012579,1866,595,787,140,87
343,610,809,Shamela0006060,864,351,557,141,82
343,610,836,Shamela0008176,6393,364,617,156,77
343,620,805,Shamela0008176,6501,1197,1459,138,66
343,620,888,Shamela0008176,6533,409,681,171,70
343,620,805,Shia002034Vols,2003,372,561,143,92
343,620,805,JK001297,339,124,312,140,89
343,620,805,Shia002261Vols,221,197,396,146,92
343,620,852,Shamela0021766,4693,1261,1462,154,82
343,620,805,Shamela0000782,790,114,303,147,97
343,610,805,JK009318,12,1115,1319,146,90
343,620,805,Sham19Y0014119,546,347,536,147,97
343,620,870,Sham19Y0017063,1314,1105,1394,165,72
343,620,805,Shia002265Vols,761,318,513,146,93
343,620,805,Shia002265Vols,771,449,639,142,91
343,620,805,Shia001731Vols,880,495,685,140,88
343,603,805,JK000077,41,496,683,112,61
343,620,805,ShamAY0038387,397,1162,1340,118,71
343,325,543,Sham19Y0023625,2844,1075,1280,155,82
343,603,784,Shamela0009780,570,100,268,130,88
343,620,805,JK000916,16821,535,723,136,87
343,620,805,Shamela0036446,1352,133,309,112,65
343,620,805,Sham19Y0014309,1258,129,308,115,67
343,620,805,ShamAY0034274,471,675,862,147,98
343,631,805,ShamAY0034274,499,1,184,137,94
343,631,805,Shia003732Vols,490,1,177,138,98
343,620,805,Shamela0009810,1501,130,320,140,88
343,620,805,JK009390,1334,217,414,146,93
343,678,805,ShamAY0034300,5,543,673,99,97
343,620,805,ShamAY0036031,147,598,787,146,96
343,620,805,Sham19Y0016879,22,503,705,145,90
343,620,805,Sham19Y0016879,23,350,544,144,93
343,620,802,ShamAY0032810,5,367,546,120,76
343,620,805,Sham19Y0127677,964,1267,1457,142,91
343,610,784,Sham19Y0127677,1139,1246,1424,133,93
343,620,805,Sham19Y0017791,1712,554,743,147,97
343,620,805,JK000021,2770,366,749,127,40
343,620,888,Sham19Y0145212,3179,520,791,171,71
343,237,415,Shamela0002573,1025,489,659,143,95
343,1,415,Shamela0002573,1164,997,1530,267,53
343,415,1446,Shamela0002573,1165,1,942,722,86
343,620,789,Shamela0007266,141,1312,1480,134,99
343,620,792,ShamAY0035035,8311,1418,1593,133,96
343,620,805,Zaydiyya0000013,20,666,820,113,73
343,620,792,Sham19Y0016976,1545,1338,1513,137,98
343,620,737,Sham19Y0016976,1546,25,373,88,31
343,657,805,Shamela0001438,892,1,156,112,89
343,620,805,Shamela0001438,2269,1101,1296,146,93
343,1,316,Shamela0021735,1303,223,775,128,26
343,620,903,Shamela0021809,3086,555,781,153,66
343,620,805,Sham19Y0013223,1220,1254,1446,146,95
343,620,805,Shia002264,520,1130,1320,140,89
343,620,805,Shia002264,560,605,796,146,95
343,543,888,Shamela0010443,405,858,1255,196,51
343,620,1301,Shamela0010443,406,159,550,240,43
343,620,809,Shamela0003118,4925,428,621,137,85
343,620,805,JK000022,3472,1094,1284,142,91
343,610,805,Sham19Y0122096,613,315,520,148,89
344,139,261,JK001012,418,168,290,97,100
344,120,261,ShamAY0034230,304,1122,1324,109,68
344,120,261,Shamela0008360,388,200,387,109,73
344,145,261,Shamela0000301,2,1103,1219,89,97
344,139,261,Sham19Y0132416,106,1304,1425,95,98
344,940,1082,Shia001432Vols,26023,335,477,106,95
344,956,1082,JK000216,72,41,162,93,94
344,139,261,Shamela0004482,512,218,340,97,100
344,940,1098,Shia001615Vols,874,517,673,106,84
344,940,1082,Shia001340,405,351,494,107,95
344,139,261,Shamela0008634,726,849,971,97,100
344,120,261,Shamela0008176,3348,593,780,109,73
344,956,1082,Shamela0008176,6393,893,1014,95,96
344,940,1082,Shamela0021654,994,468,757,106,46
344,120,261,Shamela0021550,144,953,1107,112,91
344,880,1075,Shamela0021550,633,842,1052,116,72
344,139,261,JK001297,137,1208,1330,97,100
344,139,261,ShamAY0033606,96,1301,1420,95,97
344,940,1082,JK000786,3642,442,596,110,91
344,139,270,Shamela0007289,2057,1414,1545,98,95
344,145,261,Shamela0007289,2586,684,800,89,97
344,120,261,JK000968,85,392,554,112,87
344,120,261,Sham19Y0014119,281,648,835,109,73
344,129,261,Shamela0010284,419,854,985,98,93
344,120,261,Sham19Y0017063,558,817,1003,112,75
344,940,1075,ShamAY0033761,139,577,712,98,89
344,120,261,ShamAY0032786,12,849,1035,112,75
344,139,261,JK003501,384,5,127,97,100
344,139,261,ShamAY0033728,71,143,265,97,100
344,124,261,Sham19Y0023625,2262,448,592,98,86
344,786,1110,ShamIbadiyya0000109,7343,6,231,139,54
344,139,261,Shamela0009780,1293,1289,1411,97,100
344,120,261,Shamela0036446,1324,35,213,109,77
344,120,261,ShamAY0033645,16,1323,1509,111,75
344,940,1082,Shamela0008216,20,509,650,108,97
344,120,261,Sham19Y0014309,1091,399,586,112,75
344,139,261,JK007082,141,24,151,95,94
344,139,261,ShamAY0034274,453,809,932,94,96
344,120,261,Zaydiyya0000067,218,41,222,112,77
344,139,261,Shamela0000894,5027,281,403,97,100
344,120,261,Shamela0000216,129,746,932,106,72
344,948,1082,Sham19Y0127677,330,715,844,95,91
344,120,261,Sham19Y0017791,821,344,531,109,73
344,940,1082,JK000021,2900,80,219,105,95
344,139,261,Shamela0004473,1378,425,547,93,96
344,1095,1497,Shamela0002573,1164,1,469,309,81
344,31,564,Shamela0002573,1165,934,1473,405,92
344,564,926,Shamela0002573,1166,1,367,278,90
344,940,1075,ShamAY0035035,9659,363,499,103,96
344,120,261,Shamela0007891,770,744,938,109,71
344,120,261,Sham19Y0016976,821,99,286,109,73
344,139,261,Shamela0006517,337,696,815,95,97
344,139,261,Zaydiyya0000031,13,969,1091,97,100
344,956,1082,Shamela0001438,649,664,785,93,94
344,139,261,Shamela0001438,950,1287,1410,94,96
344,145,261,Shamela0038740,842,1,117,92,100
344,120,261,Shamela0013132,112,551,717,112,84
344,940,1082,Shamela0025791,895,97,238,108,97
344,940,1082,ShamAY0034059,2486,1024,1160,106,95
344,120,261,Sham19Y0017903,983,1091,1253,111,86
344,940,1082,Sham19Y0013223,1202,801,942,110,99
344,139,254,Shamela0007597,411,1403,1518,91,100
344,940,1082,Shia002264,532,82,222,109,98
344,120,261,Sham19Y0014045,60,1059,1223,110,82
344,59,322,Shamela0010443,407,1074,1411,175,66
344,635,1110,Shamela0010443,409,172,1022,357,52
344,940,1082,ShamAY0038174,20,782,923,108,97
344,940,1082,Shia001237Vols,2846,450,592,106,95
344,940,1075,Sham19Y0132973,237,1315,1448,103,98
344,139,261,Sham19Y0038171,792,370,492,97,100
344,940,1075,Sham19Y0038171,2434,989,1125,103,96
344,940,1082,Shia003636Vols,6459,235,377,106,95
344,139,261,ShamAY0034123,895,1147,1266,88,90
344,139,261,Shamela0027083,426,1209,1331,97,100
344,139,261,Sham19Y0122096,907,118,241,94,96
344,139,261,Sham19Y0132974,103,1058,1180,94,97
344,120,261,Shamela0010803,359,940,1140,109,69
344,120,261,Sham19Y0123665,778,147,333,112,75
345,50,801,Sham19Y0133377,150,640,1383,601,98
345,1283,1553,ShamAY0034815,618,97,393,150,51
345,911,1320,Shamela0010443,412,44,679,227,41
345,1283,1553,Shamela0010443,413,422,702,153,54
345,557,964,Shamela0010463,330,1153,1695,206,42
345,977,1320,Shamela0010463,331,1,574,177,36
345,1283,1553,Shamela0010463,332,316,593,156,56
346,1024,1210,Shamela0012579,1156,1177,1370,137,87
346,1047,1210,Shamela0006060,1059,502,676,122,88
346,1024,1210,Shamela0013041,547,366,556,134,86
346,1047,1151,JK001297,440,580,700,77,80
346,1047,1215,Shia002265Vols,786,599,771,131,93
346,505,881,Shamela0095735,101,866,1084,115,36
346,1028,1210,Shia002175,64,920,1099,125,81
346,1187,1525,ShamIbadiyya0000109,7343,464,834,136,39
346,1024,1215,ShamAY0033945,2435,1001,1194,146,91
346,1024,1229,JK001236,127,965,1166,140,79
346,1028,1215,JK009390,2402,515,706,135,87
346,1047,1218,Shamela0036357,1193,288,452,115,85
346,1024,1409,Shamela0012884,2367,48,326,177,58
346,1047,1215,Sham19Y0127677,2298,1,173,130,93
346,505,881,JK000034,14,287,505,115,36
346,1047,1215,ShamAY0035035,7427,349,556,132,78
346,1038,1210,ShamAY0032826,887,320,499,129,90
346,1024,1218,Shamela0007351,496,587,786,136,84
346,1047,1218,Shamela0001438,3998,354,526,131,92
346,49,586,Shamela0010443,413,737,1504,337,51
346,596,913,Shamela0010443,414,172,635,213,57
346,1024,1215,Shamela0010443,415,1126,1315,150,98
346,49,586,Shamela0010463,332,628,1394,336,51
346,1024,1229,Sham19Y0023618,1788,114,301,140,85
347,1,207,Sham19Y0017745,154,835,1130,141,57
347,1,563,ShamIbadiyya0000109,7343,834,1240,246,53
347,1,116,JK000021,2907,6,125,62,57
347,492,666,Shamela0010443,417,1251,1552,115,46
347,721,1341,Shamela0010443,419,20,1227,371,37
347,1411,1546,Shamela0010443,420,1,159,106,83
347,985,1546,Shamela0010463,481,375,1342,387,49
348,1269,1591,Sham19Y0018568,136,180,599,208,62
348,1073,1253,Sham19Y0133377,30,600,780,148,100
348,1258,1471,Sham19Y0133377,61,432,752,139,51
348,1253,1539,Sham19Y0023625,2845,79,287,148,65
348,1,974,Shamela0010443,420,159,1625,640,51
348,181,974,Shamela0010463,482,1,1215,518,51
349,1,347,Sham19Y0018568,136,606,1039,230,67
349,1,347,Sham19Y0017745,153,988,1390,231,70
349,1381,1599,Shamela0009953,293,1169,1462,169,70
349,29,226,Sham19Y0023625,2845,293,507,149,82
349,1080,1599,Sham19Y0017350,385,139,881,322,49
349,543,825,Shamela0021677,8,213,459,178,76
350,272,470,ShamAY0037076,4,608,800,148,88
350,150,906,Sham19Y0132524,117,501,1669,516,53
351,7,646,Shamela0021660,899,667,879,148,28
351,135,375,Shia002294Vols,39,978,1166,150,75
351,144,375,Shia002294Vols,398,1050,1252,147,78
351,151,412,Sham19Y0018568,136,1250,1517,154,60
351,159,457,Sham19Y0017745,154,25,233,158,65
351,1397,1571,Sham19Y0133377,33,1122,1300,140,97
351,7,646,Sham19Y0133377,63,622,842,152,29
351,104,1330,Sham19Y0023625,2846,37,1056,609,53
351,224,375,JK007011,85,112,318,124,72
351,220,375,Sham19Y0014592,2598,447,656,123,71
351,524,1107,Shamela0010443,422,603,1476,378,52
352,1347,1561,Shia001432Vols,26102,284,496,167,93
352,867,1561,Sham19Y0017745,152,867,1245,241,40
352,1,252,Sham19Y0133377,33,1300,1551,200,100
352,252,411,Sham19Y0133377,34,1,154,125,96
352,496,657,Shamela0013152,6,820,995,123,87
352,90,472,Sham19Y0023625,2848,581,868,212,69
352,496,657,Shamela0008216,24,420,608,123,81
352,1347,1561,Zaydiyya0000341,14,698,906,169,96
352,1347,1561,Shia004021,258,126,339,167,92
352,496,657,Shia002091,11,896,1052,95,67
352,496,657,Shamela0025791,977,298,474,125,88
352,1347,1561,JK009237,6066,1050,1211,129,74
352,496,880,Sham19Y0013223,1155,923,1310,174,52
352,428,657,Shia002264,531,1098,1537,158,44
352,496,728,Shamela0010443,404,212,407,158,84
352,959,1089,Shamela0010443,421,631,778,100,87
352,496,657,ShamAY0038174,24,669,857,123,81
352,844,1518,Shamela0011244,53,376,610,145,25
352,496,657,JK000022,2808,346,503,100,73
352,1347,1548,Shamela0012882,15,1395,1593,156,94
353,143,433,Shia001432Vols,26102,1251,1548,214,85
353,537,698,JK000216,450,295,461,117,90
353,1,343,Sham19Y0017745,152,1245,1603,256,86
353,355,698,Sham19Y0017745,153,8,580,252,53
353,851,1019,Shamela0011363,268,290,452,102,69
353,537,698,Shia002265Vols,5365,87,250,117,92
353,946,1402,Sham19Y0023625,2845,530,1025,331,80
353,537,698,JK009390,6764,551,714,117,92
353,1,148,Zaydiyya0000295Vols,3264,555,700,108,88
353,1,153,Shamela0009102,10,1221,1395,89,61
353,537,703,Sham19Y0014592,1064,247,421,110,72
353,537,698,Zaydiyya0000342,802,846,1009,116,91
353,537,698,Sham19Y0127677,4882,671,833,116,91
353,1,148,Zaydiyya0000341,14,906,1066,113,88
353,163,433,Zaydiyya0000341,15,27,303,205,88
353,1,148,Shia004021,258,339,498,110,85
353,143,433,Shia004021,258,1122,1424,213,85
353,537,703,Sham19Y0014283,15,611,779,117,89
353,537,698,Shamela0001438,6835,570,736,117,90
353,1,148,JK009237,6066,1211,1356,111,93
353,143,433,JK009237,6067,349,639,209,83
353,877,1319,Shamela0010443,417,1,575,286,58
353,293,698,Shamela0011244,53,602,1257,275,50
353,1426,1551,Shamela0011244,53,1316,1453,96,91
353,537,703,Sham19Y0038171,2236,6,616,107,21
353,143,433,Shamela0012882,16,1200,1487,208,83
353,537,698,Shamela0023764BK3,208,292,458,117,90
354,1,174,JK010131,1,109,284,131,91
354,744,1331,JK010131,4,211,534,233,49
354,1,162,Kraken210323052137,61,147,297,110,81
354,1,162,Sham19Y0018568,137,965,1126,124,92
354,1,162,Sham19Y0013785,1298,724,885,123,92
354,1,162,Sham19Y0017745,155,724,889,124,94
354,912,1490,Sham19Y0017745,157,358,654,122,22
354,162,617,Sham19Y0133377,28,1064,1469,331,89
354,933,1146,Sham19Y0133377,30,794,1007,171,100
354,1,243,Sham19Y0133377,65,97,395,177,72
354,98,469,Sham19Y0133377,154,1240,1575,215,64
354,744,1281,Shamela0003055,1502,1080,1347,191,44
354,1090,1244,Shamela0003055,1594,162,318,114,91
354,722,1066,Shamela0000791,399,1,274,222,78
354,653,822,Sham19Y0023625,2837,1393,1564,135,95
354,841,1520,Sham19Y0023625,2838,12,864,458,62
354,1,162,Sham19Y0023625,2839,911,1079,129,95
354,1189,1490,ShamIbadiyya0000109,4017,14,299,194,73
354,312,539,Sham19Y0017350,243,772,1351,179,37
354,617,1008,Shamela0000551,2383,646,1317,212,36
354,928,1490,Shamela0001719,3743,626,923,176,40
354,1,157,Shamela0023423,364,583,912,125,47
354,1,162,Shamela0023423,367,417,578,126,98
354,1,174,Shamela0010443,423,649,824,131,91
354,744,1331,Shamela0010443,426,501,825,240,50
354,928,1372,Shamela0011244,54,408,614,132,36
354,44,157,Shamela0011244,54,1,114,89,100
354,1,157,Shamela0012836,10,209,370,124,96
355,279,753,Shamela0021660,5419,1217,1426,158,42
355,893,1175,Sham19Y0018568,139,11,313,192,77
355,1,817,Sham19Y0023625,2838,864,1504,455,67
355,817,1493,Sham19Y0023625,2839,1,442,328,58
355,18,184,ShamIbadiyya0000109,4016,1144,1332,112,71
355,848,1023,Shamela0011437,455,1345,1486,109,77
356,165,505,Sham19Y0018568,141,1182,1559,209,69
356,1297,1505,Sham19Y0018568,142,772,1025,156,76
356,898,1013,Sham19Y0133377,37,890,1005,92,100
356,1,134,Sham19Y0023625,2839,442,575,110,100
356,165,614,Shamela0006947,6304,515,998,274,69
357,377,634,JK010131,4,959,1294,166,59
357,67,380,Sham19Y0018568,143,30,449,223,62
357,1038,1496,Sham19Y0133377,37,1015,1473,360,100
357,377,588,Shamela0010443,426,1234,1480,127,60
357,461,629,Shamela0010463,175,630,787,126,93
358,207,379,Sham19Y0017745,156,1100,1337,114,55
358,1056,1268,Sham19Y0017745,157,937,1226,124,48
358,35,202,Sham19Y0133377,38,1,168,132,100
358,414,582,Shamela0000791,399,364,509,111,80
358,1071,1268,Shamela0001719,3744,1,322,134,52
358,1056,1268,Shamela0011244,54,803,1043,142,74
359,631,820,JK010131,3,25,224,127,73
359,333,768,Sham19Y0023625,2839,906,1585,313,55
359,768,1494,Sham19Y0023625,2840,1,601,385,58
359,1002,1157,Shamela0010443,423,703,1281,114,25
359,631,820,Shamela0010443,425,342,541,127,73
360,989,1214,JK010131,3,1135,1351,65,25
360,330,812,Sham19Y0018568,138,124,759,355,67
360,923,1030,Sham19Y0017745,157,654,761,82,100
360,1051,1292,Sham19Y0017745,158,1156,1333,72,33
360,337,623,Sham19Y0133377,23,239,459,150,62
360,337,623,Sham19Y0133377,30,1358,1578,150,62
360,337,800,Sham19Y0133377,67,204,710,263,53
360,989,1226,Sham19Y0014119,526,670,828,76,37
360,989,1214,Sham19Y0017063,1257,351,713,63,16
360,1,649,Sham19Y0023625,2840,601,1502,501,68
360,649,1077,Sham19Y0023625,2841,1,317,247,73
360,989,1214,Sham19Y0145212,3043,135,308,74,38
360,989,1214,Shamela0006610,667,700,825,69,37
361,603,1155,Shamela0008634,30,588,746,96,20
361,5,1155,Shamela0001666,67,601,1455,307,24
361,797,1039,Kraken21033110,204,244,765,98,24
361,1,1310,Shamela0021719,94,136,1650,616,39
361,1087,1280,Sham20Y0021786,180,154,603,124,32
361,820,1039,JK007074,2697,1,213,119,64
361,603,1039,Shamela0021592,346,581,1252,205,36
362,7,366,Shamela0021719,95,711,1244,215,47
362,478,1196,Shamela0021719,96,162,1383,443,43
362,1238,1492,Shamela0021719,97,185,615,190,53
363,614,1571,Sham19Y0018568,162,1,1277,553,50
363,1248,1379,Shamela0008176,4782,532,663,107,100
363,538,791,Sham19Y0017745,159,1302,1533,188,91
363,860,1449,Sham19Y0017745,162,458,870,271,55
363,860,1465,Shamela0021599,3837,1017,1572,415,80
363,584,863,Sham19Y0133377,67,722,1075,215,74
363,860,1477,Sham19Y0133377,164,173,797,498,98
363,584,812,Shamela0003055,1952,1253,1511,183,88
363,584,863,Shamela0023423,367,819,1183,209,71
363,538,863,Shamela0010443,435,817,1163,212,67
363,584,856,Shamela0011244,55,532,844,205,79
363,538,856,Shamela0012836,10,375,705,220,76
364,1066,1224,ShamAY0034251BK3,3399,1,524,72,15
364,737,1062,Shamela0021599,3838,502,1013,248,59
364,473,1138,Sham19Y0133377,68,53,1111,332,37
364,1,615,Sham19Y0133377,163,108,760,477,90
364,1,801,Sham19Y0023625,2859,668,1606,602,77
364,801,1145,Sham19Y0023625,2860,1,562,250,53
364,861,1110,Shamela0000963,2982,11,286,139,52
365,454,704,Shamela0021599,3839,656,1031,178,55
365,788,909,Sham19Y0132524,1958,108,227,88,91
365,788,909,Sham19Y0131521,4998,1413,1531,86,90
367,310,654,Sham19Y0013769,1727,467,818,261,90
367,969,1238,Sham19Y0013769,1728,107,403,159,59
367,667,919,Sham19Y0018568,164,975,1266,192,80
367,317,469,Shamela0008176,4782,1453,1584,101,83
367,469,1238,Shamela0008176,4783,1,412,257,39
367,424,1238,Sham19Y0017745,161,144,803,417,62
367,1003,1216,Sham19Y0133377,24,777,971,112,63
367,1003,1216,Sham19Y0133377,34,1079,1273,113,63
367,1003,1216,Sham19Y0133377,69,628,822,112,63
367,321,1238,Sham19Y0122257,2235,319,858,353,46
367,317,1238,ShamAY0033531,2575,567,1145,390,50
367,317,1238,ShamAY0033531,3758,223,801,390,50
367,317,618,ShamIbadiyya0000433,900,792,1076,214,87
367,317,1238,Shamela0000791,396,104,732,415,52
367,457,1034,Sham19Y0014224,1082,1254,1536,192,40
367,398,1238,Sham19Y0014224,1089,800,1386,353,47
367,1003,1238,Sham19Y0017437,1707,468,765,121,48
367,317,568,Shia001764Vols,1716,1325,1559,177,87
367,583,1238,Shia001764Vols,1717,1,375,228,40
367,317,484,Shamela0005922,3104,379,579,107,61
367,317,913,Kraken210323052121,273,728,1275,305,53
367,524,1238,Sham19Y0018272,1845,801,1358,273,40
367,317,1238,Sham19Y0017747,2239,127,735,407,52
367,317,1166,Sham19Y0131521,4999,332,785,252,33
368,1,217,Sham19Y0017745,161,1240,1470,128,68
368,568,921,Sham19Y0014224,1090,50,462,167,47
368,1,149,Sham19Y0132524,1957,1118,1285,111,84
368,543,921,Shamela0001665,523,778,1236,222,61
368,988,1327,Shamela0010443,445,218,562,214,75
369,856,1067,Shamela0021660,58,839,1128,110,48
369,1393,1556,Shia002294Vols,283,41,198,126,93
369,1,203,Sham19Y0017745,162,183,426,153,77
369,1,164,Sham19Y0133377,24,605,759,106,79
369,1,164,Sham19Y0133377,34,907,1061,106,79
369,1,164,Sham19Y0133377,69,456,610,106,79
369,653,1388,Sham19Y0023625,2860,1118,1584,280,41
369,1388,1556,Sham19Y0023625,2861,1,159,126,90
369,1,203,Sham19Y0132524,1958,1108,1330,155,87
369,763,1067,Sham19Y0145212,4111,831,1160,137,49
369,1,203,Sham19Y0122406,2671,700,938,140,72
370,645,1022,Sham19Y0013252,6864,452,804,261,83
370,1,215,Shia002294Vols,283,198,413,170,99
370,645,1022,Sham19Y0148486,6692,1036,1394,248,73
370,4,1131,Sham19Y0017745,160,714,1394,459,48
370,1042,1573,Sham19Y0133377,70,1,322,207,49
370,645,1022,Sham19Y0013605,3418,371,714,259,83
370,302,1022,Shamela0025800,2805,180,946,378,48
370,645,961,Sham19Y0018103,2827,1214,1496,208,79
370,648,1022,Shamela0096283,346,359,701,253,81
370,302,1022,Sham19Y0146127,3710,502,1043,305,50
370,902,1022,Sham19Y0018176,1665,1,124,95,95
370,645,1022,Shamela0021715,6867,398,741,259,83
370,645,1022,Sham19Y0127656,556,76,422,260,82
370,645,1036,Sham19Y0011194,396,423,782,268,82
370,645,1022,Sham19Y0016584,3170,103,446,259,83
370,1,1353,Sham19Y0023625,2861,159,1355,725,55
370,645,934,Shamela0037837,676,1283,1535,193,80
370,645,1022,Shamela0005756,11312,825,1165,258,83
370,390,1022,Shamela0036446,573,24,464,279,48
370,645,1022,Sham19Y0018106,2933,7,359,261,83
370,561,1022,Sham19Y0020638,783,830,1210,276,72
370,645,956,Shamela0012884,1040,598,869,204,77
370,645,1022,Sham19Y0127677,9506,742,1084,256,82
370,645,970,JK007065,368,1111,1414,223,81
370,4,215,Sham19Y0132524,1957,366,682,158,61
370,1029,1353,Sham19Y0132524,1957,687,966,215,81
370,645,1022,JK000110,1182,141,488,256,80
370,645,1022,Sham19Y0016684,1584,394,746,261,83
371,1,1537,Shamela0000140,437,35,745,509,40
371,1078,1456,Tafsir09084,760,144,541,83,17
371,1078,1456,Shamela0010443,449,933,1433,97,18
372,1249,1452,Sham19Y0017745,166,1344,1493,111,69
372,1051,1518,Sham19Y0133377,38,222,689,370,100
372,1111,1258,Sham19Y0133377,172,748,908,109,86
372,491,775,Sham19Y0133377,175,1158,1442,227,99
372,1094,1249,ShamAY0000351,148,999,1178,124,86
372,1094,1452,ShamAY0000351,211,227,654,269,79
372,869,1518,Shamela0000140,437,1050,1381,228,42
372,1094,1452,Shia001764Vols,261,145,571,269,79
372,1094,1245,Shamela0009059BK3,2091,1100,1263,121,92
373,575,771,Shamela0021660,4906,815,985,133,85
373,155,294,Sham19Y0018568,166,342,479,97,89
373,1,148,Shamela0000140,437,1381,1527,114,95
373,409,771,Shamela0000140,438,1,259,193,64
374,470,599,ShamAY0034251BK3,3029,846,975,103,99
374,100,599,Shamela0011468BK1,3261,785,1134,183,43
374,412,599,Shamela0009059BK2,7009,1257,1450,126,77
374,470,599,Sham19Y0035453,18,999,1125,92,83
375,463,681,Shamela0037834,164,403,637,152,75
375,458,681,Shamela0096228,421,283,550,142,56
375,1365,1511,Shamela0011468BK1,3261,1214,1360,110,93
375,63,545,Sham19Y0133377,173,1109,1591,383,100
375,545,1003,Sham19Y0133377,174,1,459,370,100
375,458,963,ShamAY0033531,4333,1208,1534,174,37
375,430,1374,Shamela0000140,438,255,984,552,70
375,458,681,Sham19Y0145212,3093,28,311,160,68
375,796,1016,Shamela0011244,57,359,634,146,65
376,1164,1455,Shamela0000140,439,1,246,183,77
376,164,277,Shamela0021629,769,866,994,90,86
377,541,688,Sham19Y0036110,81,1155,1352,116,72
377,1,959,ShamAY0000351,209,381,1483,461,41
377,1,184,Shia001976Vols,1590,1225,1399,134,92
377,509,959,Shia001976Vols,1591,1,910,293,39
377,1,894,ShamAY0033531,3153,551,1183,305,35
377,1,894,ShamAY0033531,4336,229,861,305,35
377,86,959,Shamela0003055,4124,440,1171,366,41
377,86,609,Shamela0003055,4129,1210,1685,181,29
377,5,796,Shamela0003055,4192,674,1580,305,30
377,1,184,Sham19Y0023625,2423,1390,1565,135,92
377,509,789,Sham19Y0023625,2424,1,334,151,51
377,1,959,Shia001764Vols,259,317,1396,451,40
377,1,1203,Sham19Y0014309,151,231,1374,486,41
377,1,562,JK000201,2902,1332,1599,209,46
377,565,688,JK000201,2903,10,172,93,71
377,195,386,Shamela0010443,449,378,765,126,41
377,1,900,Shamela0011244,58,563,1202,374,47
378,15,205,Shamela0021660,4907,269,493,140,77
378,1,233,JK000977,88,42,275,170,86
378,15,233,Sham19Y0036110,45,845,1096,172,86
378,130,1068,Sham19Y0036110,46,150,979,340,38
378,28,205,JK000216,439,625,819,137,89
378,575,1068,Shamela0008540,1482,183,844,316,60
378,51,422,Sham19Y0017745,163,1144,1501,139,43
378,61,178,Sham19Y0133377,75,1,118,92,100
378,12,233,Shamela0025800,145,651,883,170,91
378,1,233,ShamAY0000351,117,1270,1508,178,93
378,12,233,ShamAY0000351,139,380,612,174,95
378,1,163,JK000786,524,1063,1228,120,87
378,1,233,Sham19Y0018144,219,657,905,146,71
378,1,205,Shamela0000782,736,1291,1490,128,80
378,1,233,Shamela0030327,204,1027,1258,143,72
378,1,233,ShamAY0033938,51,542,797,178,86
378,1,163,Shamela0005756,4024,1074,1246,120,89
378,1,233,JK000606,6,894,1125,143,72
378,1,163,Shamela0001673,2404,583,755,120,89
378,67,938,Shia001764Vols,256,648,1457,363,43
378,938,1068,Shia001764Vols,257,1,131,103,96
378,12,233,Sham19Y0014309,152,230,466,168,89
378,1,233,Shamela0009074,1,607,856,150,76
378,1,163,ShamAY0038406,81,497,658,112,84
378,1,158,Sham19Y0020638,49,1267,1429,117,89
378,1,233,ShamAY0032665,219,666,914,146,71
378,15,240,Sham19Y0127677,11502,171,424,177,88
378,1325,1459,Sham19Y0132524,130,1073,1208,97,86
378,32,163,Shamela0009059BK3,2090,38,180,103,92
378,1,163,ShamAY0035035,1678,1,419,109,32
378,1,233,Shia001887Vols,687,1042,1303,155,74
378,15,233,Zaydiyya0000037Vols,506,47,276,170,94
378,77,233,Sham19Y0035453,7,1,157,123,100
378,1,163,Shamela0030240,17,51,236,122,81
378,1,233,Shamela0001719,1944,945,1199,149,72
378,1,233,Shamela0001719,1945,951,1188,176,90
378,1,233,Shamela0025794,2040,11,242,138,73
378,1,233,Shamela0025794,2050,537,800,167,79
378,1,233,Shamela0010529,103,1166,1412,137,67
378,1,233,Shamela0004445,4019,872,1108,153,77
378,1,233,Shamela0004289,26,243,501,178,85
378,1,233,Shia001831Vols,37,951,1142,135,69
378,597,1053,Shia001831Vols,38,13,360,200,53
378,15,205,Shamela0010443,447,451,709,129,62
378,1,233,Sham19Y0001729,180,229,503,164,73
378,12,850,Shamela0011244,56,764,1383,338,46
378,67,163,Shamela0023695,703,112,207,74,98
378,12,233,Shamela0003118,6496,559,791,137,70
378,1,233,JK000022,3588,818,1080,170,80
378,12,233,Sham19Y0017616,21,1147,1379,174,95
378,1,233,Sham19Y0017442,230,1159,1397,177,92
378,1,163,JK000609,3,323,508,122,81
379,701,982,Shamela0008381,6299,992,1263,217,95
379,641,1051,Shamela0008360,730,5,287,205,62
379,701,829,Shamela0001975,989,1214,1342,104,100
379,686,995,Shia002294Vols,820,131,446,223,82
379,588,1256,Sham19Y0018568,168,913,1441,376,69
379,1284,1492,Shamela0004482,953,346,670,113,42
379,1405,1529,Sham19Y0148271,566,695,823,101,96
379,588,1054,Sham19Y0148271,1500,724,1303,298,59
379,638,985,Sham19Y0148486,3589,1107,1430,241,82
379,638,977,Sham19Y0148486,5399,1250,1560,234,82
379,1405,1529,Sham19Y0148486,6656,385,513,101,96
379,701,999,Shamela0021659,1368,1020,1285,204,85
379,716,1585,Sham19Y0017745,168,1,497,316,43
379,1284,1529,ShamIbadiyya0000135,266,140,357,140,62
379,638,1117,Sham19Y0133377,75,178,715,345,75
379,1284,1529,Shamela0025800,804,763,1076,144,56
379,701,972,Shamela0025800,1737,1249,1511,211,95
379,638,972,ShamAY0000351,237,937,1250,250,92
379,641,982,Sham19Y0122257,2795,954,1177,173,63
379,638,1068,Sham19Y0146127,1889,882,1258,261,72
379,638,902,Sham19Y0146127,2939,1286,1508,162,73
379,638,972,Sham19Y0018144,2745,122,427,228,81
379,641,989,Shamela0003055,2344,244,577,236,79
379,641,1051,Shamela0003055,4036,853,1229,288,87
379,664,982,Shamela0012014,75,493,802,240,90
379,638,1051,ShamAY0033938,1419,103,592,286,67
379,1284,1529,Shia002265Vols,871,991,1211,141,62
379,588,995,Sham19Y0132971,1008,322,795,199,52
379,631,1369,JK001412,285,692,1226,318,47
379,4,701,Shamela0000140,439,424,1055,487,86
379,1159,1580,Shamela0000140,535,1,165,127,36
379,651,972,Sham19Y0023625,2544,126,434,246,95
379,638,1051,Shia002616Vols,5802,295,780,290,69
379,677,897,Sham19Y0020638,1202,1291,1491,157,88
379,638,972,ShamAY0032665,2745,36,341,228,81
379,704,995,Sham19Y0150676,2590,1,264,209,88
379,1284,1445,Shamela0000894,8308,1305,1490,95,58
379,696,1046,Shamela0006947,13199,1378,1679,229,81
379,701,995,Sham19Y0127677,2369,344,613,212,89
379,638,1051,Sham19Y0127677,6974,825,1259,268,69
379,641,972,Sham19Y0127677,13255,1108,1428,235,85
379,638,1004,JK000021,1894,251,594,246,80
379,672,982,Shamela0004473,10626,1276,1585,238,92
379,638,960,JK007065,1038,1203,1504,240,92
379,664,982,Shia000841Vols,9016,1074,1377,232,87
379,641,995,Sham19Y0145212,3006,1004,1237,179,63
379,1284,1492,Shamela0006886,120,934,1303,113,37
379,701,905,ShamAY0035035,4577,1351,1585,146,71
379,651,982,Shamela0021590,1549,945,1268,255,95
379,631,1027,Shamela0021590,1550,201,831,264,50
379,1284,1492,Sham19Y0035453,148,715,1188,116,28
379,1284,1529,ShamIbadiyya0000279,519,68,286,141,62
379,638,1051,Shamela0010639,348,813,1294,296,73
379,701,995,Shamela0001438,2769,1170,1447,213,89
379,1405,1529,Shamela0025794,313,1303,1431,101,96
379,641,1068,Shamela0025794,1435,253,688,282,74
379,631,1062,Shamela0023423,373,249,728,325,84
379,1284,1529,Sham19Y0017747,2343,896,1313,166,46
379,651,982,Sham19Y0017747,2372,581,898,249,93
379,1405,1529,Shamela0010480,406,1237,1443,101,59
379,1284,1492,Tafsir06049,623,1042,1460,111,31
379,664,1051,Sham19Y0017757,186,923,1301,283,90
379,638,972,Shamela0004289,940,1061,1374,249,91
379,1284,1492,Shia002264,829,953,1343,113,34
379,641,1363,Shamela0021537,816,85,377,202,34
379,677,989,Shamela0021537,2140,247,564,236,92
379,677,989,Shamela0021537,4392,352,669,236,92
379,588,905,Shamela0010443,455,1253,1545,235,91
379,1284,1529,Shamela0008203,34,284,734,152,40
379,638,972,Shamela0008203,35,836,1146,229,80
379,638,972,Sham19Y0122406,3802,1178,1490,250,92
379,612,1354,Shamela0011244,59,837,1321,352,58
379,704,972,Sham19Y0013572,1258,331,593,207,94
379,641,1004,Shamela0001467,116,61,389,237,78
379,638,972,Sham19Y0131521,7655,1134,1448,247,91
379,664,1051,Shamela0006610,1132,617,969,266,85
379,588,1051,Shamela0012836,10,815,1266,324,82
379,638,1068,Sham19Y0017616,452,439,839,311,91
379,1284,1529,Shamela0021629,95,405,632,152,64
380,412,950,Sham19Y0018568,169,394,947,249,43
380,397,736,Sham19Y0017745,168,908,1504,193,38
380,416,844,Sham19Y0133377,75,1049,1461,157,33
380,397,1426,Shamela0000140,535,219,821,372,45
380,625,736,ShamIbadiyya0000109,7197,38,150,80,92
380,597,736,Shamela0025791,735,1179,1320,83,77
381,205,501,Sham19Y0018568,169,1063,1352,151,55
381,522,718,Sham19Y0018568,170,621,786,88,47
381,205,350,Sham19Y0133377,77,146,362,112,65
381,912,1086,Sham19Y0133377,187,512,686,143,100
381,62,1518,Shamela0000140,535,777,1511,447,36
381,1344,1537,Sham19Y0014592,2236,533,765,113,62
381,41,205,Shamela0010443,458,550,827,126,57
381,917,1219,Shamela0010443,459,885,1515,224,44
381,1233,1543,Shamela0010443,460,9,448,222,60
382,674,979,Sham19Y0018568,171,6,533,210,48
382,10,583,Sham19Y0017745,169,662,1221,248,42
382,533,941,Sham19Y0133377,77,1092,1489,232,57
382,1,583,Shamela0000140,536,1,339,269,57
382,976,1139,Shamela0000140,536,373,537,117,84
382,1172,1499,Shamela0010443,461,995,1336,223,80
383,1058,1312,Sham19Y0018568,171,745,978,119,49
383,783,1544,Shamela0000140,536,612,1175,420,67
384,47,345,Sham19Y0133377,35,64,276,160,66
384,47,345,Sham19Y0133377,78,741,953,160,66
384,1,419,Shamela0000140,536,1175,1524,268,79
384,1312,1560,Shamela0000140,537,153,402,170,80
384,772,1151,Shamela0021629,412,547,1202,227,40
385,804,1617,Sham19Y0018568,173,128,1016,270,26
385,93,326,Sham19Y0017745,170,1229,1437,152,81
385,1,342,Shamela0000140,537,407,645,188,67
385,804,1032,Shamela0000140,537,659,841,121,66
385,412,687,Shamela0010443,465,1,452,196,51
385,1045,1285,Shamela0010443,470,851,1407,153,31
386,642,1097,Shamela0021660,3933,1117,1352,163,43
386,103,726,Sham19Y0133377,80,217,901,178,26
386,1097,1283,Sham19Y0133377,80,1300,1507,133,75
386,1358,1523,Sham19Y0133377,81,1,196,90,54
386,1097,1530,Shamela0000140,537,860,1389,318,71
386,258,378,Shamela0036446,1057,174,287,87,93
386,258,463,Shamela0012052,2334,58,402,151,54
386,258,534,Sham19Y0037618,3926,79,627,130,29
386,258,396,Sham19Y0017791,1629,203,675,92,24
386,375,534,ShamAY0035035,6354,257,379,74,54
386,248,553,Shamela0021590,1574,684,1150,136,36
386,258,553,Sham19Y0017747,2403,284,839,133,30
386,258,369,Tafsir06049,4764,755,965,77,45
386,258,369,JK009237,5964,1148,1254,80,92
386,243,369,Shia002264,767,531,664,93,86
386,258,534,Shamela0010443,466,45,560,220,53
386,258,534,Shamela0010463,630,578,1094,218,53
386,112,396,Shamela0001467,114,640,898,143,62
386,375,534,Sham19Y0038171,1678,261,475,102,59
387,860,1215,Sham20Y0014596,83,956,1167,107,36
387,1,627,Sham19Y0133377,81,203,424,170,33
387,1,486,Shamela0000140,537,1389,1596,151,39
387,486,1514,Shamela0000140,538,1,773,542,63
387,860,1226,Shia001764Vols,2306,1090,1541,244,62
387,945,1349,Sham19Y0017747,2375,62,622,208,42
387,942,1170,Shia001831Vols,493,745,952,114,54
387,94,405,Shamela0010443,466,682,1268,187,39
387,860,1185,Shamela0011244,60,1106,1457,190,56
387,216,405,Shamela0010463,631,19,370,139,47
388,1096,1466,Shamela0021660,3848,889,1184,207,68
388,680,1073,Shamela0008360,768,421,844,295,90
388,701,1073,Shamela0001733,1344,535,866,181,58
388,680,1073,Sham19Y0013252,7541,488,793,160,49
388,667,1073,Sham19Y0013252,7542,382,700,162,48
388,680,1073,Sham19Y0013252,9428,846,1263,296,90
388,680,899,Sham19Y0013252,9429,923,1115,125,75
388,680,1073,JK009324,2335,496,791,159,50
388,680,1073,JK009324,3507,272,685,295,90
388,265,511,Shia002218Vols,618,980,1218,166,80
388,305,541,ShamAY0034409,426,159,409,163,79
388,680,829,Sham19Y0148271,800,1348,1505,115,94
388,829,1073,Sham19Y0148271,801,6,252,181,91
388,680,1073,Shamela0008176,6446,139,556,296,90
388,851,1006,Shamela0008176,6447,1,279,119,55
388,265,476,Shamela0023578,2932,1304,1517,141,75
388,680,1073,Sham19Y0013605,3771,1196,1501,160,49
388,680,884,Sham19Y0013605,4493,555,773,157,93
388,884,1073,Sham19Y0013605,4494,33,236,144,90
388,793,1073,Shamela0025800,2522,1,307,209,86
388,680,1073,Sham19Y0122257,2933,852,1269,296,90
388,680,1073,Shamela0021766,309,251,668,295,90
388,710,1073,Shamela0021766,1387,1,378,265,87
388,680,838,Sham19Y0018103,3768,1275,1438,119,95
388,829,1073,Sham19Y0018103,3769,1,255,182,90
388,680,1073,Shamela0096283,374,5,310,160,49
388,683,1060,Sham19Y0017581,758,697,987,154,49
388,701,1073,Shamela0007289,2299,426,791,120,31
388,680,1073,Sham19Y0018176,1899,556,861,160,49
388,680,1073,Sham19Y0018176,2286,594,1015,301,91
388,265,541,ShamAY0034055,10083,1043,1329,175,73
388,743,1073,Sham19Y0014119,540,1,380,250,84
388,108,985,Shamela0012014,79,868,1476,327,44
388,680,1073,Shamela0021715,7944,311,616,160,49
388,680,1073,Shamela0021715,9679,716,1133,296,90
388,740,1073,Shamela0021715,9680,178,945,234,40
388,680,1073,Sham19Y0017063,1299,604,1008,286,87
388,305,667,Shia002228,169,578,1275,277,47
388,265,541,JK000966,197,502,777,171,72
388,783,1073,Sham19Y0127656,634,1,279,128,47
388,305,667,Shamela0095735,1015,275,973,278,47
388,305,511,ShamAY0038387,593,849,1061,155,88
388,680,1073,Sham19Y0016584,4233,312,729,296,90
388,680,1073,Shamela0000041,247,530,954,301,91
388,1078,1494,Shamela0000140,534,561,932,256,68
388,687,1069,ShamAY0034005,1187,798,1211,245,70
388,680,824,Shamela0037837,515,1289,1433,111,100
388,808,1073,Shamela0037837,516,15,331,192,78
388,680,1073,Shamela0005756,14137,664,1088,298,90
388,680,1069,ShamAY0034068,225,1087,1514,298,90
388,265,566,ShamAY0034068,2017,1215,1510,182,71
388,680,1073,Shamela0036446,1353,931,1306,280,91
388,305,541,Shamela0036446,1425,511,774,169,78
388,680,1073,Sham19Y0018106,3824,979,1400,301,91
388,680,1056,Sham19Y0014309,1255,1076,1466,278,90
388,265,541,Shamela0011818,522,355,634,171,71
388,687,1073,JK000653,222,641,1131,211,51
388,672,1073,Shia002616Vols,5825,303,609,148,45
388,680,1073,Shia003732Vols,4038,573,990,298,91
388,680,1073,Sham19Y0020587,470,68,483,292,89
388,265,541,Shia002702Vols,10383,800,1079,178,74
388,305,541,Shamela0022921,73,1,258,160,76
388,672,1073,Sham19Y0020638,648,737,1070,163,47
388,292,645,Sham19Y0020638,1315,91,476,191,52
388,660,1073,Sham19Y0020638,1378,666,1001,164,47
388,305,494,ShamAY0034041,122,1309,1507,141,85
388,305,541,Sham19Y0016946,589,601,854,167,79
388,680,1073,Shamela0012884,632,645,946,159,49
388,394,655,Shamela0012884,4740,1,522,201,46
388,680,1073,Sham19Y0014592,485,914,1208,156,49
388,680,1073,Sham19Y0014592,932,975,1371,284,88
388,305,511,Sham19Y0014592,1625,1292,1507,154,86
388,305,502,JK011598,111,1149,1370,153,83
388,305,541,JK000329,3,1140,1392,164,79
388,680,1073,Sham19Y0017791,1692,401,821,298,91
388,687,1069,JK000021,2876,1003,1365,190,56
388,672,1073,Shamela0004473,6436,233,705,266,71
388,751,1073,JK007065,332,1,342,241,89
388,680,1073,JK000110,1690,261,678,296,90
388,773,1015,Sham19Y0145212,3143,1267,1526,179,88
388,680,1073,JK009266,1236,315,725,289,89
388,265,541,ShamAY0033974,73,638,924,167,68
388,680,1073,Shamela0007891,2471,772,1189,296,90
388,680,1073,Sham19Y0016976,1533,1051,1471,298,91
388,680,870,Tafsir07057,3329,1400,1595,136,89
388,884,1073,Tafsir07057,3330,1,208,141,87
388,680,1066,ShamIbadiyya0000824,60,1064,1477,293,91
388,680,981,Sham19Y0016684,1925,1109,1423,227,92
388,311,541,Shamela0004445,7300,1,253,164,79
388,680,1073,Shamela0021809,1190,89,392,163,51
388,305,476,ShamAY0034059,6574,1340,1523,138,89
388,680,1073,Shamela0004289,1027,74,481,296,92
388,424,824,Sham19Y0013223,1150,1078,1490,150,32
388,824,1073,Sham19Y0013223,1151,1,268,185,86
388,680,1073,Shamela0010517,2324,43,344,157,48
388,680,1073,JK000917,1279,502,764,115,35
388,779,1073,JK000917,1421,809,1033,124,50
388,13,521,Shamela0010443,467,856,1419,302,59
388,521,1090,Shamela0010443,468,1,636,426,83
388,265,541,Sham19Y0001729,2578,779,1042,172,76
388,305,645,Sham19Y0122406,4096,388,737,181,53
388,305,541,Sham19Y0023618,1712,945,1195,164,80
389,259,1107,Shamela0021660,3848,260,824,358,51
389,659,887,Sham19Y0018568,175,104,345,179,88
389,76,412,Sham19Y0133377,83,169,624,197,50
389,659,1051,Sham19Y0133377,83,1158,1472,245,74
389,578,1060,Shamela0000140,534,80,537,370,93
389,259,1107,ShamAY0035035,6329,153,745,349,46
389,1142,1378,Shamela0007891,1708,125,394,95,39
389,1112,1378,Shamela0010443,469,1090,1460,148,48
389,1386,1552,Shamela0010443,470,114,312,114,64
389,259,1107,Sham19Y0038171,1658,311,916,361,48
390,732,1005,Shamela0008360,41,1203,1472,211,98
390,1005,1277,Shamela0008360,42,1,249,178,82
390,857,1196,ShamAY0033729,26,1,337,270,99
390,704,1277,Shamela0029967,97,1,628,403,79
390,755,1230,Shamela0001975,929,371,834,359,95
390,755,1304,Sham19Y0013614,79,819,1364,392,88
390,732,1277,JK006897,490,781,1289,378,87
390,697,1206,Shamela0008590,65,1070,1544,344,83
390,697,1234,Shia002294Vols,729,384,952,355,76
390,697,1206,Shia002294Vols,780,857,1337,366,88
390,638,1217,Sham19Y0018568,175,491,1039,429,92
390,909,1277,Shia002218Vols,478,1,363,259,88
390,746,1277,Sham19Y0148271,1454,1,564,345,72
390,732,1288,Shamela0008176,516,218,766,413,92
390,697,1234,Shamela0021659,1215,42,569,370,87
390,638,1344,Sham19Y0017745,171,375,1106,459,75
390,377,528,Shamela0025800,1738,441,588,117,96
390,700,1097,Shamela0025800,1753,1085,1493,302,93
390,930,1277,Sham19Y0122257,284,466,783,234,85
390,697,1277,ShamAY0033535,2,288,842,408,87
390,697,1220,Shamela0038202,26,298,864,354,73
390,894,1224,Shamela0038202,27,6,351,249,88
390,726,1277,Shamela0007289,3471,716,1225,392,88
390,741,1288,Shamela0012981,2137,1,539,326,66
390,377,518,Shamela0000782,663,406,548,114,99
390,700,1088,Sham19Y0014119,85,1104,1467,273,88
390,838,1281,Shamela0006850,9,1,565,313,67
390,377,613,Shamela0012014,75,321,627,175,69
390,700,1277,Shamela0012014,77,359,1008,440,84
390,697,1168,Sham19Y0017063,96,1021,1498,346,90
390,843,1196,ShamAY0033938,1480,1,354,283,100
390,377,518,ShamAY0036012,109,895,1036,114,100
390,697,1196,Shia001731Vols,51,391,883,326,74
390,697,1277,Sham19Y0017729,493,566,1123,405,87
390,1220,1516,Shamela0000140,549,1249,1512,201,85
390,926,1304,Sham19Y0014309,2039,1,382,248,82
390,700,1277,Shia002616Vols,10,711,1292,400,84
390,732,1277,JK007083,228,164,699,392,87
390,697,1055,Shamela0009810,126,1165,1515,224,72
390,770,1258,JK009390,2135,1,474,363,92
390,697,1196,Sham19Y0020638,1246,928,1419,377,95
390,755,1230,Sham19Y0127677,2260,409,888,359,93
390,697,1050,Sham19Y0127677,9842,1145,1490,257,93
390,697,1196,Sham19Y0127677,11604,819,1310,376,95
390,755,1304,Sham19Y0017791,141,230,794,392,86
390,697,1206,JK000021,594,497,999,361,85
390,981,1281,Shamela0004473,12782,1,364,208,69
390,697,1281,JK007065,1075,870,1468,411,83
390,697,1021,Sham19Y0132524,2824,1076,1392,232,92
390,700,1267,Shia000841Vols,5859,126,685,383,82
390,875,1206,Shamela0006886,6,1,336,263,97
390,1021,1277,Sham19Y0149697,10999,922,1223,169,68
390,726,1277,ShamAY0034364,15,345,854,392,88
390,909,1206,Shamela0007891,114,1,317,222,87
390,889,1249,Sham19Y0016976,237,1,346,255,87
390,867,1230,Shamela0001438,3890,1,407,278,85
390,697,1277,Shamela0025794,1387,95,686,374,73
390,691,1304,Shamela0023423,380,130,801,469,88
390,697,1281,Shamela0006022,16,832,1435,349,64
390,697,1196,ShamAY0033704,12,665,1125,319,78
390,697,1284,Shamela0004445,70,582,1245,382,67
390,697,1206,Shamela0012750,285,889,1406,361,84
390,700,1050,Sham19Y0020561,1626,1127,1479,262,93
390,697,1002,Sham19Y0017903,985,1206,1503,216,91
390,1005,1277,Sham19Y0017903,986,1,243,172,78
390,377,518,Shamela0004289,1009,906,1047,114,100
390,697,1277,Shamela0004289,1243,600,1189,409,85
390,710,1206,Sham19Y0013223,81,1,503,336,75
390,697,1055,Shamela0010517,2711,1238,1562,253,89
390,965,1206,Shamela0021537,1449,542,790,194,97
390,965,1249,Shamela0021537,1972,515,793,205,89
390,782,1196,Shia001831Vols,528,1,416,331,99
390,377,518,ShamAY0034066,1325,1224,1369,112,95
390,697,1284,Shamela0009379,118,635,1296,383,68
390,961,1277,Shamela0096178,29,1211,1502,211,81
390,377,755,Shamela0010443,456,515,952,217,53
390,638,1230,Shamela0010443,471,103,700,424,84
390,697,1196,Shamela0008203,262,630,1128,351,84
390,697,1201,Sham19Y0122406,3942,644,1140,377,94
390,691,1217,Shamela0011244,61,576,1102,415,99
390,697,1196,Sham19Y0013572,1331,388,876,375,94
390,700,1284,Shamela0006610,1173,195,795,361,66
390,377,518,Sham19Y0023618,1700,752,893,114,100
390,542,1002,Shamela0012836,10,907,1522,322,62
390,1002,1277,Shamela0012836,11,1,299,200,84
390,889,1196,Sham19Y0017616,475,1,308,246,100
390,852,1196,Shamela0001453,189,1,355,242,76
391,1212,1406,Sham19Y0018568,176,1409,1554,99,61
391,100,681,Sham19Y0017745,171,1115,1323,116,25
391,483,591,Shia002265Vols,1950,572,684,83,92
391,5,761,Shamela0000140,550,1,500,374,60
391,483,591,Shamela0005756,7941,660,784,83,84
391,483,591,Zaydiyya0000342,816,1016,1129,85,95
391,483,591,Sham19Y0127677,2260,908,1020,83,92
391,483,591,Shamela0001438,3890,507,610,80,93
391,431,591,Shamela0007597,345,5,289,120,53
392,430,629,Shia001782Vols,3807,368,582,134,76
392,896,1020,Shamela0008360,445,279,578,81,36
392,445,629,Shamela0001975,120,1213,1397,143,96
392,430,629,Shamela0001733,4067,1127,1363,131,67
392,445,629,Shamela0008473,5029,557,744,145,95
392,445,629,Sham19Y0013252,9558,160,380,106,48
392,445,629,Shamela0012704,17,1159,1387,124,59
392,445,629,Shamela0012704,25,1077,1334,147,70
392,445,629,Sham19Y0148271,1983,344,531,145,95
392,445,629,Shamela0021659,107,383,567,143,96
392,315,629,Shamela0008353,612,403,783,188,53
392,901,1020,ShamAY0000351,358,758,952,85,57
392,445,591,Shamela0001404,433,1392,1542,115,95
392,445,556,Shamela0000782,815,1317,1506,88,57
392,901,1038,Shamela0023628,427,665,845,95,67
392,445,629,Shia001881,29,203,466,148,69
392,901,1020,Sham19Y0014119,322,650,829,84,59
392,315,629,Sham19Y0014119,581,731,1033,165,56
392,445,629,Shia002265Vols,4722,996,1178,140,94
392,440,629,Shia002265Vols,4727,397,614,133,70
392,901,1020,ShamAY0033760,263,228,423,84,56
392,445,629,Shamela0000041,2741,734,994,146,69
392,1100,1517,Shamela0000140,532,283,570,209,62
392,622,1114,Shamela0000140,550,535,1033,371,91
392,445,629,Shamela0005756,14245,890,1090,106,52
392,315,629,ShamAY0034068,4079,773,1179,160,39
392,445,629,Shamela0011818,216,463,730,145,67
392,320,629,Shamela0021821,1979,598,1234,211,40
392,445,629,JK009390,176,569,754,143,96
392,440,629,JK009390,1102,915,1136,129,70
392,315,629,Sham19Y0020638,1320,308,767,167,42
392,315,629,Sham19Y0037618,6772,1058,1469,154,39
392,896,1024,Shamela0012884,909,305,754,82,23
392,445,629,Sham19Y0127677,276,784,943,123,83
392,440,629,Sham19Y0127677,1265,746,966,129,70
392,430,629,Sham19Y0127677,7084,812,1030,127,73
392,896,1020,Sham19Y0145212,1984,852,1145,81,36
392,440,629,ShamAY0035035,9890,1099,1319,128,70
392,445,629,Zaydiyya0000259,153,894,1161,143,66
392,509,622,Shamela0007891,291,984,1097,89,98
392,445,629,Shamela0007891,2603,66,327,146,69
392,901,1038,Sham19Y0016976,964,417,765,91,34
392,445,629,Tafsir09084,2591,1257,1444,147,96
392,445,629,Shamela0001438,537,1395,1579,145,97
392,445,629,Shamela0025794,4547,1153,1340,145,95
392,445,629,Shamela0004445,6987,1150,1418,147,67
392,901,1038,Tafsir06049,1257,937,1156,97,58
392,445,629,Shamela0012736,17,221,398,138,93
392,896,1020,ShamAY0034066,209,425,613,90,61
392,1,239,Shamela0010443,473,320,555,182,91
392,315,512,Shamela0010443,473,1203,1516,145,58
392,911,1114,Shamela0010443,475,1,321,148,59
392,445,629,Sham19Y0001729,2531,351,612,145,68
392,509,622,Sham19Y0001729,3448,103,215,88,96
392,315,629,Sham19Y0132973,423,445,1118,203,36
392,512,629,Sham19Y0038171,2508,1,124,92,91
392,896,1020,Sham19Y0023618,325,1143,1331,90,61
392,315,629,Sham19Y0016618,269,501,879,189,54
392,445,629,Shamela0023700,2235,586,847,147,69
392,315,641,Shamela0021629,898,639,1137,179,41
393,761,874,Shamela0001975,890,863,976,90,100
393,905,1061,Shamela0009200,403,949,1107,123,96
393,761,874,Shamela0021659,1184,908,1021,90,100
393,905,1053,Shamela0021654,1336,48,210,109,83
393,761,874,Shia002265Vols,790,1,114,90,100
393,761,874,Shia001731Vols,543,15,128,90,100
393,1,1457,Shamela0000140,532,570,1519,635,53
393,761,874,ShamAY0034128,329,502,615,90,100
393,905,1061,Shamela0010798,656,956,1110,123,96
393,704,905,Shia003732Vols,3886,1130,1303,107,66
393,905,1061,JK000318,285,30,184,124,97
393,764,874,Shamela0009810,977,1,111,88,100
393,761,874,JK009390,2088,216,329,90,100
393,913,1070,ShamAY0034447,1127,1,156,119,94
393,905,1061,JK011598,37,1264,1443,121,84
393,721,874,Sham19Y0127677,2103,907,1068,98,74
393,761,874,Sham19Y0127677,11599,834,947,90,100
393,752,866,ShamAY0035035,4571,934,1048,91,100
393,521,812,ShamAY0035035,9912,1194,1427,85,28
393,761,874,Shamela0001438,3651,1033,1146,90,100
393,752,874,Shamela0025791,250,1005,1134,97,94
393,880,1061,Shamela0025791,252,555,756,130,79
393,761,1053,Sham19Y0013223,878,776,1156,191,62
393,905,1061,Sham19Y0013223,879,47,201,123,96
393,905,1061,Shamela0010517,1962,645,799,123,96
393,752,1053,Shia002264,400,87,416,210,75
393,761,1061,Shamela0010443,475,441,1071,223,44
393,1,276,Shamela0010443,476,223,532,173,69
393,905,1077,Shamela0011746,42,527,737,119,70
393,1,276,Shamela0010463,464,680,993,182,71
393,540,866,Sham19Y0038171,1095,1229,1479,91,24
393,905,1061,Shamela0006744,637,842,996,123,96
393,756,885,Shamela0021629,116,738,862,99,96
393,885,1061,Shamela0021629,691,992,1177,132,86
393,761,1053,Shamela0021629,691,368,746,205,63
394,1135,1248,Shamela0021660,5038,1,104,80,91
394,1123,1248,Shamela0021654,765,1322,1437,90,92
394,1123,1248,Shamela0021654,1601,188,299,83,82
394,993,1118,Shamela0010273,99,178,291,88,90
394,988,1118,Shamela0012001,149,270,402,99,94
394,456,847,Shamela0000140,19,147,517,274,85
394,856,1118,Shamela0000140,531,1171,1524,201,70
394,456,842,Shamela0000140,550,1101,1475,265,78
394,1129,1460,Shamela0000140,551,28,327,224,84
394,1123,1311,ShamAY0035035,4730,319,460,98,63
394,993,1118,Tafsir06049,2012,345,471,97,99
394,993,1118,ShamAY0034066,408,88,213,97,100
394,170,476,Shamela0010443,476,1065,1359,151,59
394,820,1460,Shamela0010443,477,78,875,325,43
394,444,726,Shamela0011244,62,433,618,121,54
394,1123,1311,Sham19Y0038171,1176,1246,1387,99,63
394,993,1118,Sham19Y0023618,557,919,1044,97,100
394,993,1118,Tafsir03037,49,123,236,88,90
395,1208,1465,Sham19Y0018568,178,1,290,192,81
395,1,1457,Shamela0000140,551,327,1327,737,61
395,980,1517,JK000676,224,457,946,361,80
395,218,463,SHAM19Y23644,1894,965,1202,117,47
395,980,1517,Shamela0002573,113,255,744,361,80
395,976,1139,Shamela0002573,1294,86,246,125,90
395,5,463,Shamela0010443,477,891,1453,282,55
396,725,1003,Sham19Y0018568,176,23,351,171,57
396,725,958,Sham19Y0017745,172,20,273,143,63
396,277,616,Sham19Y0017745,173,1190,1586,190,53
396,1148,1370,Shamela0095735,34,624,1143,104,25
396,568,1114,Shamela0000140,552,1,396,289,63
396,1,259,JK000676,224,946,1161,169,78
396,1,259,Shamela0002573,113,744,959,169,78
396,1148,1608,Shamela0025791,42,1,852,322,46
396,1148,1608,Shamela0010443,479,101,951,327,48
397,1171,1587,JK001012,15,631,962,195,51
397,436,1080,Shamela0021660,4495,17,349,225,43
397,134,418,Shamela0021660,4943,862,1022,109,48
397,1171,1317,Shamela0008360,347,784,924,116,95
397,1171,1480,Sham19Y0013252,10420,24,269,185,74
397,1171,1480,JK009324,3411,1282,1524,182,73
397,1171,1317,JK009324,3483,475,621,121,100
397,1171,1317,Shamela0008176,2988,934,1074,116,95
397,1171,1317,Sham19Y0013605,4471,366,506,116,95
397,1171,1317,Shamela0025800,1000,720,855,112,92
397,1171,1317,Sham19Y0122257,1334,72,212,115,95
397,1171,1310,Shamela0021766,3432,208,342,108,94
397,1372,1587,Shamela0021766,3432,938,1429,153,38
397,1171,1317,Sham19Y0018103,3749,1130,1270,116,95
397,1171,1317,Shamela0096283,411,583,723,116,95
397,1171,1317,Sham19Y0018176,2273,871,1011,116,95
397,1171,1317,Sham19Y0014119,255,193,333,116,95
397,1171,1317,Shamela0012014,308,71,220,118,92
397,1171,1317,Shamela0021715,9615,1373,1513,116,95
397,1171,1317,Sham19Y0127656,749,191,331,116,95
397,1171,1317,Shamela0009563,9,664,830,116,80
397,1171,1330,Sham19Y0023625,85,817,977,127,92
397,1171,1317,Shamela0037837,823,87,227,116,95
397,1171,1317,Shamela0005756,14087,832,972,116,95
397,1171,1317,JK001236,14,105,252,116,91
397,1171,1317,Shamela0036446,1294,708,850,113,89
397,1171,1317,Sham19Y0018106,3805,1066,1206,116,95
397,1171,1573,Shamela0036543,2359,1304,1594,186,50
397,1171,1317,Sham19Y0020638,1244,159,299,116,95
397,1171,1330,Sham19Y0037618,782,1317,1470,127,96
397,1171,1317,Sham19Y0037618,4957,690,830,116,95
397,1191,1317,JK009379,104,992,1120,102,92
397,1171,1317,Sham19Y0017530,10,706,860,116,91
397,1162,1444,ShamAY0036163,12,1002,1312,195,70
397,1171,1317,Shamela0000894,1285,1034,1174,116,95
397,1171,1324,Shamela0000894,1286,1234,1374,116,91
397,1171,1317,Shamela0000894,5103,145,285,116,95
397,1171,1587,Shamela0012884,366,85,961,260,33
397,1162,1317,Shamela0006947,10117,1079,1224,121,93
397,1171,1317,Shamela0000216,72,645,810,116,81
397,1372,1473,Shamela0000216,72,1427,1527,78,97
397,1171,1317,SHAM19Y23644,170,1083,1219,113,93
397,1365,1480,Shia002067,464,463,578,90,96
397,1171,1317,Sham19Y0017791,728,322,462,116,95
397,1365,1503,JK000021,269,766,906,94,83
397,1171,1317,Shamela0004473,12781,1106,1246,116,95
397,1171,1317,JK000110,1679,1048,1188,116,95
397,1171,1317,Sham19Y0145212,1624,327,467,116,95
397,1171,1317,Sham19Y0127713,223,1212,1439,115,59
397,1090,1324,Shamela0021590,1583,621,803,130,65
397,1171,1317,Sham19Y0016976,752,973,1113,116,95
397,1372,1587,JK001429,99,412,1085,154,28
397,1171,1324,Sham19Y0017747,2417,176,329,122,92
397,1171,1317,Shamela0004289,1145,793,929,113,93
397,1171,1480,Shia002264,256,957,1255,201,75
397,40,329,Shamela0010443,480,728,1378,156,26
397,1339,1591,Shamela0010443,483,663,928,187,85
398,1,189,JK001012,15,969,1145,133,86
398,364,643,Shia001782Vols,3491,202,569,206,68
398,33,189,Shamela0008360,350,513,956,79,20
398,364,643,Shamela0001391,126,325,688,209,69
398,71,194,Shamela0001733,3808,1,123,94,95
398,1,282,JK000130,1127,544,889,169,59
398,1,282,Sham19Y0148271,1963,194,553,161,55
398,364,643,Shamela0009801,103,626,1086,210,55
398,33,189,Sham19Y0014328,571,1228,1449,114,62
398,1,189,Shamela0008176,3009,1225,1401,133,86
398,15,245,Shamela0008176,3011,1148,1449,133,52
398,648,789,JK001297,397,1074,1217,102,86
398,1,189,Shamela0025800,1002,668,844,133,86
398,1,287,Shia001976Vols,1434,44,355,156,60
398,7,189,Sham19Y0122257,1345,535,705,128,86
398,364,643,Shamela0012981,1609,30,391,204,68
398,33,189,ShamAY0033938,1481,1,147,110,87
398,648,789,ShamAY0034080,14,1114,1250,106,92
398,33,189,ShamAY0034005,1126,743,1191,54,12
398,194,330,Shia003732Vols,4237,1291,1529,104,55
398,1,282,Shamela0036543,2360,4,260,151,67
398,1,282,JK009379,126,1128,1392,154,68
398,189,352,Shamela0006590,579,868,1121,126,62
398,234,579,Shia003616Vols,5283,558,871,193,60
398,1,287,Shamela0000894,1285,786,1034,151,65
398,364,579,Shamela0012884,369,392,672,169,72
398,1,189,Sham19Y0014592,279,258,439,137,88
398,364,547,Shamela0006947,10117,1405,1583,115,62
398,28,189,Shia002067,462,718,1169,116,31
398,1,287,Shamela0036080,17,146,384,141,57
398,1,282,Shamela0006886,85,1121,1362,163,71
398,194,352,Shia004487,21,1109,1304,119,76
398,364,579,ShamAY0035035,3101,1034,1268,149,71
398,38,189,Shamela0025794,3073,1,152,116,96
398,1,282,ShamAY0033910,1126,540,885,169,59
398,364,579,ShamAY0034134,12,67,358,157,65
398,1,189,Shamela0021809,2548,1266,1446,139,92
398,41,194,Shamela0013035,748,1,149,114,92
398,357,579,ShamAY0034059,2027,172,458,167,68
398,364,643,Shamela0012862,761,915,1276,210,70
398,1,287,Sham19Y0013223,596,1079,1354,160,70
398,364,579,Sham19Y0013223,597,926,1211,168,70
398,1,189,Shia001831Vols,529,215,392,132,86
398,1,282,JK000481,117,636,967,171,64
398,364,531,ShamAY0033053,501,1236,1463,129,69
398,648,789,Shamela0010443,481,1271,1407,106,92
398,1,282,Shamela0010443,483,928,1166,158,71
398,180,593,Shamela0010443,484,1016,1521,318,76
398,1,194,Sham19Y0001729,358,512,685,126,79
398,1,189,Sham19Y0122406,3944,219,396,132,86
398,364,579,JK009249,2,205,435,152,75
398,364,579,Sham19Y0038171,725,403,640,154,74
398,253,579,JK000022,2231,699,988,188,61
398,1,287,Shamela0021723,974,1095,1341,158,68
399,125,362,JK000055,218,177,440,183,85
399,215,362,Shia002265Vols,242,1029,1154,101,84
399,615,1021,Sham19Y0023625,97,651,1136,238,51
399,177,615,Sham19Y0023625,98,1,437,188,41
399,125,362,JK000916,7740,777,1037,182,85
399,125,362,Shia003732Vols,4238,115,337,173,91
399,125,362,Shamela0006590,579,1166,1397,182,95
399,125,362,Shamela0012884,779,1086,1323,182,93
399,215,362,Sham19Y0127677,768,249,390,116,95
399,1475,1634,Shamela0008206,846,943,1099,121,86
399,125,362,Shamela0008658,381,226,474,173,83
399,125,362,Shamela0008658,1497,204,454,171,81
399,215,362,Shamela0001438,1591,871,1012,116,95
399,125,362,Shamela0010443,484,683,949,191,89
399,1239,1634,Shamela0010443,485,209,483,184,54
399,151,362,Shamela0003118,2559,1,235,162,83
400,859,1095,Shia001782Vols,3800,433,667,141,65
400,814,1095,Shamela0012851,70,780,1072,189,75
400,814,1095,Shamela0012851,124,774,1108,160,52
400,859,1095,Shamela0001733,2190,1218,1461,148,68
400,814,1095,Tafsir06048,684,482,778,146,54
400,882,1095,Shamela0013041,469,1,216,126,65
400,1402,1567,JK001297,67,34,192,122,90
400,814,1095,Shia002228,147,1051,1325,196,84
400,1142,1541,Shamela0095735,188,963,1199,151,46
400,814,1095,Shamela0095735,993,1086,1362,201,85
400,843,1095,ShamAY0033760,385,878,1124,163,77
400,814,1095,ShamIbadiyya0000194,673,822,1118,146,54
400,1262,1574,Shia004092Vols,6821,972,1226,154,54
400,472,721,Shamela0000140,553,1387,1669,163,72
400,744,1095,Shamela0000140,554,5,372,251,80
400,93,508,Sham19Y0023625,98,978,1413,261,62
400,1108,1288,ShamIbadiyya0000109,5141,826,1314,79,19
400,843,1095,Shamela0013087,92,1043,1304,179,85
400,859,1095,ShamAY0033945,2635,657,898,150,69
400,843,1095,ShamAY0033945,2746,842,1095,173,81
400,814,1095,Shamela0011818,346,90,349,172,73
400,1402,1567,Shia002616Vols,5824,20,180,127,92
400,859,1095,Shamela0012884,5100,1174,1417,144,66
400,1222,1567,JK001324,247,218,676,160,35
400,1402,1552,Sham19Y0127677,663,996,1138,117,94
400,814,1095,JK001263,78,953,1205,156,64
400,1142,1541,Shamela0026141,20,488,724,151,46
400,859,1095,Shamela0008658,2832,802,1049,145,66
400,1402,1567,ShamAY0032826,298,1177,1335,125,92
400,1402,1567,ShamAY0032826,299,1332,1490,125,92
400,1142,1546,Shamela0009862,93,337,710,174,41
400,814,1095,Shamela0004445,7118,754,1017,169,71
400,1402,1567,Shamela0001341,104,1169,1340,120,78
400,1402,1567,Shamela0012991,188,107,278,120,78
400,814,1381,Shamela0010443,486,769,1499,384,60
400,1387,1567,Shamela0010443,487,6,240,145,76
400,818,1095,Shamela0009292,189,882,1184,175,68
400,1138,1558,Sham19Y0038171,1948,13,163,110,32
400,859,1095,JK001081,18,919,1174,151,67
401,1198,1507,ShamAY0034230,4963,568,820,173,68
401,1203,1469,Shamela0008473,5035,613,797,95,45
401,525,704,Shia002218Vols,913,755,963,115,64
401,1270,1507,Sham19Y0148271,694,485,859,125,34
401,544,699,Shamela0021659,1430,487,637,102,79
401,1198,1385,Shamela0025800,2686,772,971,146,91
401,525,704,Shamela0025800,3019,262,491,133,74
401,199,704,Shamela0007289,8209,1138,1362,138,34
401,1198,1385,Shamela0000782,826,326,513,150,100
401,525,704,Shamela0000782,1113,196,406,120,68
401,1198,1385,Shamela0028168,408,1290,1477,127,75
401,1190,1385,Shamela0011363,373,1216,1392,118,69
401,1203,1385,JK007006,696,943,1101,103,70
401,1012,1184,Shamela0000140,554,1126,1303,129,84
401,199,644,ShamAY0034371,628,1394,1587,120,33
401,534,704,Shia002702Vols,10339,852,1024,106,75
401,544,699,JK009390,2701,291,441,102,79
401,525,863,Sham19Y0018607,4653,1012,1389,171,48
401,525,704,Sham19Y0014592,651,557,767,120,68
401,525,704,Sham19Y0020891,6017,1177,1390,124,69
401,1198,1507,Shamela0010922,54,462,816,186,66
401,66,262,JK001324,247,682,947,134,61
401,66,262,JK001324,367,22,209,130,77
401,1162,1333,Sham19Y0127677,1001,213,367,99,73
401,544,699,Sham19Y0127677,2552,902,1052,102,79
401,1198,1333,JK000021,1024,475,902,68,17
401,525,699,Shamela0004473,14469,20,210,117,73
401,1208,1385,Sham19Y0018272,942,1,161,101,67
401,1203,1385,Tafsir09084,2595,300,406,80,54
401,1162,1333,Shamela0001438,1805,313,467,99,73
401,544,699,Shamela0001438,4132,60,210,102,79
401,1203,1385,Sham19Y0013223,386,1,195,143,92
401,544,704,JK000917,1420,534,676,101,80
401,1093,1385,Shamela0010443,472,301,1007,216,38
401,28,262,Shamela0010443,487,617,930,180,71
401,544,704,ShamAY0033523,613,12,163,102,80
401,520,704,Sham19Y0038171,1947,335,1224,126,17
401,525,704,Shamela0023700,162,1162,1368,124,72
401,525,704,ShamIbadiyya0000075,856,1143,1353,120,68
402,9,249,JK000001,2549,127,357,176,92
402,1,246,Shamela0008381,5975,681,939,195,94
402,9,227,Shamela0008360,367,425,647,162,89
402,1,246,JK000977,147,313,554,177,87
402,1,227,Shamela0029967,12,160,398,177,93
402,1,227,Shamela0001975,275,594,838,176,90
402,1,249,Shamela0008473,865,1022,1264,187,93
402,1,249,Kraken210323052137,456,33,304,193,89
402,1061,1279,Sham19Y0013252,10842,764,976,168,94
402,1,232,JK009324,3532,503,752,176,88
402,1,270,Sham19Y0018568,179,896,1165,213,98
402,270,617,Sham19Y0018568,180,854,1191,272,95
402,1,263,Shia001544Vols,556,857,1097,184,88
402,9,227,Shamela0008176,3183,269,499,169,92
402,216,479,Shamela0008176,3184,1263,1517,172,79
402,1,227,Shamela0021659,309,98,343,176,90
402,1,263,Sham19Y0017745,176,25,286,205,97
402,9,249,Shamela0021550,538,336,566,176,92
402,1061,1194,JK001297,516,353,485,107,99
402,1,227,Shia002261Vols,85,354,592,177,93
402,1,171,Sham19Y0013605,4518,775,955,131,92
402,1061,1279,Sham19Y0013605,5095,1140,1352,168,94
402,1061,1279,Shamela0025800,2684,111,327,171,96
402,1,246,Shamela0025800,2685,116,419,183,74
402,9,227,Sham19Y0122257,1468,647,872,170,94
402,120,638,Sham19Y0122257,1469,102,638,296,62
402,1,227,Sham19Y0018103,3791,150,394,175,90
402,1061,1279,Sham19Y0018103,4272,899,1111,168,94
402,1,187,Shamela0096283,415,1283,1482,145,91
402,1061,1279,Shamela0096283,433,1177,1389,168,94
402,1,232,Shamela0007289,3354,333,540,144,75
402,1061,1279,Shamela0023628,1278,1155,1379,163,88
402,1,149,Sham19Y0018176,2297,1304,1462,113,91
402,1061,1203,Sham19Y0018176,2591,1353,1489,108,93
402,1,227,Shamela0022797,937,1051,1286,176,94
402,9,227,Sham19Y0014119,266,45,281,169,89
402,1,227,Shamela0012014,5,921,1155,175,91
402,1,227,Shamela0021715,9732,312,556,175,90
402,1061,1279,Shamela0021715,11215,1158,1370,168,94
402,1061,1279,Shamela0021715,11216,78,491,145,44
402,9,249,Sham19Y0017063,527,1167,1445,188,84
402,1061,1279,Shamela0023631,2063,584,802,168,94
402,1,227,ShamAY0033938,87,360,593,180,96
402,1,227,Shia002265Vols,1160,53,284,177,96
402,1,232,JK000077,98,947,1151,144,76
402,1,227,Sham19Y0016584,4256,412,656,175,90
402,1061,1279,Sham19Y0016584,4853,1187,1405,168,94
402,624,1527,Shamela0000140,59,19,878,451,56
402,1066,1461,ShamIbadiyya0000109,7144,1133,1535,258,68
402,1,227,ShamIbadiyya0000109,7145,13,225,167,92
402,1,227,Shamela0037837,97,523,800,176,80
402,1,227,Shamela0005756,14184,614,859,175,89
402,1061,1279,Shamela0005756,15417,507,719,168,94
402,1061,1364,JK000384,171,320,888,120,23
402,1061,1279,ShamAY0034068,771,999,1170,129,70
402,1061,1364,ShamAY0034068,1272,76,276,133,51
402,1061,1279,Shamela0036446,925,1247,1458,167,94
402,1061,1279,Sham19Y0018106,4268,1102,1314,168,94
402,1078,1194,Shamela0001673,9769,1321,1440,94,97
402,1078,1194,Sham19Y0009763,159,1210,1329,94,97
402,1061,1279,Shamela0021821,1975,623,841,168,94
402,1,682,Shia003732Vols,3849,330,694,232,41
402,1061,1364,Shia003732Vols,3849,698,1337,240,46
402,1,227,Shamela0036543,692,499,722,172,94
402,1,227,JK009390,544,790,1035,176,90
402,1061,1279,Sham19Y0020638,76,5,235,168,90
402,1061,1263,Sham19Y0037618,4784,1300,1496,155,94
402,1,246,Sham19Y0037618,4785,150,428,188,84
402,1,249,Sham19Y0014592,3556,226,473,191,93
402,1,232,Sham19Y0013231,6155,249,478,181,98
402,1,211,ShamAY0034182,1029,1185,1395,165,98
402,1,160,Sham19Y0127677,514,1370,1529,124,98
402,1061,1279,Sham19Y0127677,8511,533,746,168,94
402,9,227,Sham19Y0017791,777,104,337,169,90
402,1061,1279,JK000021,188,685,904,171,96
402,5,232,Shamela0004473,12713,1,248,176,89
402,1061,1357,Shamela0004473,12713,309,886,221,47
402,1078,1279,Shamela0004473,14004,17,222,160,96
402,1,227,Shamela0004473,14027,572,814,176,91
402,1,227,JK007065,401,709,941,176,95
402,1061,1279,JK007065,1027,524,743,173,97
402,1,227,JK000110,1699,906,1150,174,89
402,1061,1279,JK000110,1958,157,369,168,94
402,9,227,Sham19Y0145212,1724,522,755,170,91
402,13,227,Shamela0006886,118,453,675,168,94
402,9,227,Tafsir09068,390,1,223,166,91
402,1078,1194,Shamela0007266,16,1292,1406,90,93
402,1061,1364,Shamela0000432,6096,997,1235,176,71
402,1,221,Shamela0000432,6096,1,208,150,80
402,5,249,ShamAY0035035,7924,837,1070,175,89
402,9,232,Sham19Y0016976,791,838,1076,171,90
402,9,227,Shia004047,127,558,780,172,96
402,1061,1279,Tafsir07057,1922,463,681,168,94
402,1,227,Tafsir09084,344,686,911,174,94
402,1,246,Shamela0001438,1306,497,764,190,89
402,1,227,Shamela0025794,694,660,869,153,81
402,1,232,ShamIbadiyya0000824,56,621,868,175,88
402,1,270,Shamela0023423,385,702,1018,210,81
402,263,644,Shamela0023423,388,23,453,280,77
402,1,227,Shamela0004289,43,878,1103,176,97
402,1061,1279,Shamela0004289,140,980,1212,167,89
402,1061,1203,Sham19Y0013223,55,1305,1447,114,100
402,1,246,Sham19Y0013223,55,958,1255,192,80
402,1203,1364,Sham19Y0013223,56,1,566,125,27
402,1061,1244,Sham19Y0013223,1212,537,759,129,73
402,1,246,Shamela0010517,1026,1292,1483,152,77
402,1061,1279,Shamela0010517,1209,721,933,168,94
402,16,227,Shia001831Vols,89,1,219,168,95
402,1,136,ShamAY0034066,192,1005,1140,106,98
402,1,143,Shamela0010443,487,1382,1524,112,100
402,1025,1364,Shamela0010443,488,293,812,247,58
402,44,227,Sham19Y0122406,288,1,191,145,95
402,1,682,Shamela0011244,63,314,1004,510,91
402,1,227,Sham19Y0013572,415,103,329,169,91
402,1061,1364,Sham19Y0013572,1241,654,1357,236,41
402,1,232,Sham19Y0132973,480,133,364,179,96
402,1061,1279,Sham19Y0132973,480,465,677,168,94
402,39,227,Shamela0012293,882,436,576,97,63
402,39,227,Shamela0012293,1063,1067,1207,97,63
402,9,249,Sham19Y0038171,2067,970,1200,176,92
402,1,246,Sham19Y0132415,1144,390,645,193,94
402,1,136,Shamela0011036,2245,756,898,106,93
402,1,136,Sham19Y0023618,307,996,1131,106,98
402,1061,1279,Shamela0007435,341,778,997,168,94
402,1,682,Shamela0012836,11,371,1073,525,91
402,1061,1279,ShamAY0035250,71,1139,1351,168,94
402,1,227,Sham19Y0122096,1032,98,336,177,93
402,263,638,Sham19Y0122096,1033,151,528,280,88
402,1061,1194,Shamela0021629,896,1013,1145,102,95
403,1278,1505,Shamela0021660,2508,654,1145,155,40
403,1038,1505,Shamela0008360,775,875,1303,319,86
403,1096,1505,Shamela0001975,451,1,399,294,89
403,1038,1505,Shamela0001733,4382,255,695,321,86
403,1038,1505,Shamela0008473,76,912,1336,301,81
403,1014,1160,Sham19Y0145410,711,1347,1521,108,74
403,1160,1505,Sham19Y0145410,712,10,263,176,64
403,1038,1438,Shamela0001500,34,1123,1495,279,88
403,1038,1505,Shamela0003722,3287,1040,1476,321,86
403,1061,1505,Sham19Y0148271,1770,1,426,290,79
403,1038,1505,Shamela0008176,6275,55,495,339,92
403,1038,1505,Shamela0008176,6506,654,1081,319,86
403,1294,1505,Shamela0008176,6509,1,579,147,32
403,1038,1505,Shamela0021659,605,36,482,334,90
403,1038,1505,Shamela0021654,1016,33,648,321,63
403,1123,1505,Shia002261Vols,170,1,362,278,92
403,1038,1505,Shamela0025800,3095,90,569,332,84
403,1038,1475,Sham19Y0122257,2950,1335,1517,137,39
403,1230,1505,Sham19Y0122257,2951,1,246,181,84
403,956,1505,Shamela0007289,2138,396,899,343,78
403,1038,1505,Shamela0000782,786,244,688,342,93
403,1038,1505,Sham19Y0014119,544,791,1233,331,90
403,1038,1388,Shamela0012014,154,1117,1444,254,92
403,1038,1505,Sham19Y0017063,1310,954,1392,328,89
403,1038,1505,Shia002265Vols,770,818,1252,333,90
403,1146,1505,ShamAY0038387,549,1,337,221,73
403,1,995,Shamela0000140,59,878,1520,459,54
403,333,1505,ShamIbadiyya0000109,7145,355,1273,668,70
403,1038,1505,ShamAY0034808,8,318,762,342,93
403,1038,1505,Shamela0037033,31,288,762,308,79
403,1273,1495,Shamela0001673,9770,884,1093,148,85
403,1038,1505,Shia002616Vols,1474,203,642,304,84
403,1038,1273,Shia002616Vols,1738,786,1012,162,88
403,1038,1505,JK009390,1146,447,893,334,88
403,1038,1505,Shamela0012884,884,483,928,343,92
403,1038,1505,Sham19Y0014592,628,148,596,345,92
403,1061,1283,Sham19Y0014592,881,577,785,153,86
403,1038,1505,Sham19Y0145411,301,218,668,285,75
403,1038,1505,Sham19Y0127677,1312,971,1407,340,92
403,1038,1505,Sham19Y0017791,1706,157,599,332,90
403,1273,1495,Sham19Y0017791,1707,169,376,150,87
403,1038,1273,Sham19Y0132524,652,821,1037,151,82
403,1038,1505,Sham19Y0132524,1359,323,873,290,64
403,1152,1392,Sham19Y0145212,3168,1341,1555,158,84
403,1273,1495,Shamela0007266,17,673,882,148,85
403,1038,1505,Shamela0007891,2482,105,535,316,86
403,1038,1505,Sham19Y0016976,1541,489,931,332,90
403,1195,1505,Sham19Y0018272,1054,698,1332,209,42
403,1038,1303,Shamela0001438,1981,1323,1571,194,92
403,1303,1505,Shamela0001438,1982,1,189,141,87
403,1038,1505,Shamela0025794,3334,279,723,311,81
403,1038,1505,Shamela0021809,3275,836,1272,312,80
403,1038,1505,ShamAY0034059,4595,527,924,287,78
403,1038,1495,Shamela0004289,868,727,1157,329,91
403,1038,1199,Sham19Y0013223,54,1334,1489,123,95
403,1199,1505,Sham19Y0013223,55,1,287,217,89
403,1038,1180,Sham19Y0013223,357,1329,1465,109,95
403,1180,1505,Sham19Y0013223,358,1,306,232,89
403,585,870,Shamela0010443,493,64,390,176,66
403,1038,1340,Shamela0010443,493,1174,1454,218,91
403,1340,1505,Shamela0010443,494,1,160,120,91
403,1038,1505,ShamAY0038389,330,260,711,300,77
403,1096,1505,Shamela0011036,1044,1,405,300,90
403,1038,1505,Sham19Y0122096,1773,319,759,337,91
403,1096,1495,Sham19Y0122096,1774,281,513,111,29
403,1278,1495,Sham19Y0122096,1775,748,1195,155,43
403,1014,1495,Sham19Y0122096,1942,1050,1262,159,41
403,1038,1505,Shamela0022800,77,377,802,305,82
404,30,423,Shamela0000140,60,1,424,280,80
404,785,1001,Shamela0000140,60,424,657,167,87
405,1,292,Shamela0000140,60,664,944,217,93
405,196,637,ShamIbadiyya0000109,7146,1,474,255,55
405,14,292,Shamela0011244,65,1,512,166,41
406,1,173,Shamela0008473,777,1211,1405,131,84
406,1,173,Shamela0021635,256,635,882,120,61
406,1,173,Shamela0013176,69,840,1074,125,68
406,23,173,ShamAY0033108,187,327,453,99,84
406,17,187,Shia002359Vols,675,854,1041,127,84
406,821,1298,Shamela0000140,60,1098,1484,287,73
406,1,173,Shamela0023594,1709,1063,1270,112,63
406,1,173,Shamela0008658,375,400,577,129,91
406,1,455,Sham19Y0013223,503,419,962,176,31
406,23,173,Tafsir02091,255,318,444,99,84
406,334,455,Shamela0010443,490,108,231,93,96
407,1367,1496,Shamela0009059BK2,5336,993,1118,98,96
407,1367,1496,JK000196,5335,158,283,98,96
407,1,300,Shamela0000140,61,119,362,152,59
407,783,1496,Shamela0000140,61,266,1049,355,44
407,1367,1496,Shamela0000791,686,224,338,89,87
407,352,589,ShamIbadiyya0000109,7144,235,449,161,81
407,100,215,ShamIbadiyya0000109,7146,658,795,84,73
407,493,1104,Shamela0010443,492,466,953,235,41
407,493,1104,Shamela0010463,76,405,893,233,41
408,1,724,Shamela0001666,34,33,698,402,58
408,1,159,Shamela0021654,645,1361,1513,116,92
408,1,278,ShamIbadiyya0000135,269,1152,1477,171,58
408,454,1475,ShamIbadiyya0000135,270,1,1217,666,64
408,1,533,Shamela0009059BK2,5336,1118,1480,283,66
408,1,648,JK000196,5335,283,746,362,69
408,1,406,Shamela0000140,61,1049,1433,295,90
408,406,1475,Shamela0000140,62,1,743,542,62
408,1,648,Shamela0000791,686,338,775,317,60
408,1,395,ShamIbadiyya0000109,7146,956,1241,157,50
408,1,365,Shamela0021588,151,783,1241,232,60
408,255,728,Shamela0021588,152,456,906,292,69
408,737,1309,Shamela0021588,153,893,1466,374,73
408,1,1209,Shamela0021719,37,311,1472,729,66
408,1209,1475,Shamela0021719,38,1,314,202,78
408,8,124,ShamIbadiyya0000279,523,1441,1563,90,95
408,124,1475,ShamIbadiyya0000279,524,1,1458,754,55
408,70,1475,Sham19Y0018272,529,1,1437,875,67
408,1,492,Sham19Y0018610,14,584,1152,263,48
408,299,786,Sham19Y0018610,14,986,1499,296,63
408,16,782,Shamela0021589,176,338,617,186,30
408,1,202,ShamIbadiyya0000824,55,1347,1542,149,95
408,544,920,ShamIbadiyya0000824,56,873,1165,213,70
408,1331,1475,ShamIbadiyya0000824,56,1260,1392,105,90
408,8,198,ShamAY0034059,3327,1231,1416,138,94
408,462,724,ShamAY0034059,3328,277,558,190,80
408,11,782,Sham19Y0122142,890,335,482,104,17
408,977,1274,Sham19Y0122142,891,1132,1428,212,87
408,966,1428,Shamela0021629,875,598,1059,249,60
409,236,615,Shamela0001666,34,698,1116,214,56
409,467,943,ShamIbadiyya0000135,269,667,936,215,54
409,236,453,ShamIbadiyya0000135,270,489,666,127,68
409,7,361,Shamela0000140,62,752,1041,224,78
409,1,1176,Shamela0021719,38,314,1185,603,59
409,236,453,ShamIbadiyya0000279,524,747,925,122,65
409,217,1176,Sham19Y0018272,530,70,639,429,53
409,241,659,Sham19Y0018610,15,118,550,277,68
409,971,1085,Sham19Y0018610,16,243,364,87,90
410,587,860,Shia001782Vols,3513,266,547,132,59
410,587,863,Shia001782Vols,3538,29,329,159,68
410,587,775,Sham19Y0148271,1831,1086,1278,138,89
410,587,764,Shia002265Vols,447,1138,1327,117,77
410,15,255,Shamela0000140,61,709,934,169,87
410,587,780,ShamAY0033945,606,511,699,132,85
410,587,761,JK006801,808,1009,1156,88,63
410,587,761,JK009390,2664,899,1088,116,76
410,661,761,Shamela0012884,4085,1,101,77,100
410,587,761,Shia002069Vols,364,454,639,108,72
410,587,761,Shamela0001438,2974,24,211,116,77
410,657,860,Shamela0025794,4088,6,158,99,63
410,587,761,Shamela0025794,5260,117,295,131,95
410,587,761,Shamela0021765,2135,984,1125,94,70
410,587,761,Shamela0021765,2558,891,1013,88,65
410,587,761,Shamela0021809,3020,850,1026,124,91
410,587,863,Sham19Y0013223,274,577,872,135,59
410,344,886,Shamela0010443,499,375,1445,336,37
410,587,761,Shamela0009567,960,424,625,132,85
411,517,1266,Sham19Y0018568,180,932,1521,219,26
411,517,843,Shamela0023423,388,113,361,161,59
411,981,1201,Sham19Y0013572,417,1228,1425,147,85
411,517,1024,Sham19Y0122096,1033,228,643,183,36
412,454,796,Shamela0012031,7,1170,1497,259,95
412,525,1407,Shamela0021660,1461,581,809,170,24
412,465,880,Shamela0008360,347,313,791,304,75
412,525,796,Shamela0001975,273,435,706,215,98
412,462,872,Sham19Y0013252,9505,861,1366,290,70
412,465,796,Sham19Y0013252,9506,39,371,259,97
412,520,774,Sham19Y0013614,273,1258,1513,198,98
412,465,796,JK009324,3541,619,929,241,91
412,400,809,Sham19Y0018568,181,206,578,298,90
412,462,796,Shamela0003722,6334,737,1062,246,90
412,462,875,JK007063,457,338,804,285,71
412,465,890,Shamela0008176,2984,774,1256,313,76
412,525,886,Shamela0021659,307,382,807,245,72
412,400,809,Sham19Y0017745,179,662,1034,296,90
412,525,890,Shia002261Vols,84,517,884,234,77
412,462,796,Shamela0001404,366,317,658,265,97
412,585,796,Sham19Y0018103,3799,1,212,170,100
412,462,880,Shamela0096283,416,947,1436,286,67
412,462,796,Sham19Y0018176,2302,167,482,251,94
412,525,698,Sham19Y0014119,254,1353,1526,137,100
412,462,801,Shamela0012014,37,723,1061,268,99
412,454,886,Shamela0012014,110,443,924,304,74
412,506,646,Sham19Y0017063,502,1382,1522,110,100
412,594,788,Sham19Y0016584,4264,1,195,156,100
412,955,1551,Shamela0000140,286,5,494,328,60
412,462,796,ShamAY0034005,14,193,522,249,91
412,462,788,Shamela0005756,14202,719,1027,244,93
412,462,796,Shamela0026857,27,94,423,251,92
412,462,796,Sham19Y0018106,3847,1108,1423,251,94
412,462,796,Sham19Y0014309,3205,274,602,261,98
412,462,796,Shamela0010798,2971,1180,1521,261,96
412,479,796,ShamAY0034274,449,40,338,228,90
412,462,886,JK009390,542,155,592,266,68
412,454,796,Shamela0000894,7985,1120,1463,270,98
412,465,796,Sham19Y0014592,894,698,1038,249,91
412,462,796,Shamela0000727,167,248,584,252,90
412,462,843,Sham19Y0127677,508,923,1339,247,69
412,462,886,Sham19Y0127677,8554,479,1045,297,63
412,525,732,Sham19Y0017791,726,1331,1538,164,100
412,465,809,Shamela0004473,5849,822,1165,271,98
412,449,796,Sham19Y0149213,1723,814,1157,249,88
412,462,796,Shamela0007891,715,794,1110,246,90
412,580,890,Sham19Y0016976,750,1,352,195,70
412,525,826,Shamela0001438,1297,39,408,229,76
412,462,796,Sham19Y0016684,1936,365,680,251,94
412,462,796,JK000914,1968,1156,1489,260,97
412,462,809,Shamela0011244,66,471,820,275,98
412,525,664,Shamela0011385,3250,139,278,110,100
412,400,880,Shamela0012836,11,986,1464,336,81
413,779,1369,Shamela0021660,1461,1006,1286,160,34
413,21,306,Shamela0021660,1461,809,987,144,61
413,21,235,JK007006,427,723,871,118,67
413,1,1408,Shamela0000140,286,494,1432,499,37
414,1,156,Shamela0008353,244,1076,1241,125,91
414,272,997,Shamela0000140,287,1,423,308,52
414,11,1359,ShamIbadiyya0000109,7370,648,1557,490,41
414,1359,1542,ShamIbadiyya0000109,7371,1,199,132,81
414,707,915,ShamIbadiyya0000109,8106,481,614,97,54
414,964,1388,Shamela0007266,139,795,1109,143,35
414,1008,1505,Shamela0010443,508,11,923,316,42
415,1421,1543,Shamela0012031,8,406,599,95,61
415,61,199,Shamela0008360,736,1316,1455,107,91
415,199,393,Shamela0008360,737,1,189,147,94
415,61,393,Shamela0029868,17,601,965,245,80
415,68,351,Shia002218Vols,454,459,767,203,79
415,92,393,Shia002218Vols,455,385,623,162,68
415,61,393,Sham19Y0014328,684,515,848,259,94
415,61,393,Shamela0008176,6181,1011,1337,253,92
415,68,404,Shamela0026884,327,1116,1415,221,81
415,180,393,Tafsir02096,850,1,212,166,97
415,68,393,Shamela0023578,1489,431,784,239,81
415,61,393,Shamela0025800,1749,710,1048,258,92
415,74,393,Shia002119Vols,3616,482,825,221,77
415,137,393,Sham19Y0122257,2821,582,838,192,92
415,61,393,Shamela0021766,2091,200,522,246,90
415,68,330,Shia001949,288,723,1134,149,41
415,51,366,Shamela0007289,3280,1075,1345,159,58
415,61,393,JK000791,996,486,817,231,78
415,61,393,Shamela0023628,1808,348,680,251,91
415,404,511,Shia002265Vols,21,409,871,79,21
415,74,393,Shia002265Vols,2783,1,286,213,79
415,68,393,Shia002265Vols,2845,577,877,186,63
415,51,366,JK000077,24,248,518,160,59
415,61,330,Shamela0028114,30,360,639,212,91
415,68,393,Shamela0023632,1754,46,246,145,54
415,536,1366,Shamela0000140,287,716,1321,451,64
415,48,501,ShamIbadiyya0000109,7371,287,741,337,90
415,1357,1543,ShamIbadiyya0000109,7372,330,506,136,90
415,1357,1543,ShamIbadiyya0000109,8106,633,808,140,93
415,68,347,Shamela0001535,3234,1001,1329,206,75
415,68,354,Shamela0023613,2439,1165,1482,207,78
415,1421,1543,JK000916,28006,265,459,95,61
415,68,347,ShamAY0034068,1150,692,997,206,80
415,68,393,Shamela0036446,1060,107,420,242,90
415,165,366,Shamela0023635,4799,1003,1216,141,83
415,61,393,Shamela0117359,841,901,1232,257,94
415,61,379,Sham19Y0014601,6926,546,872,248,93
415,61,393,Shamela0007798,4887,536,903,258,85
415,61,393,Sham19Y0014309,2034,893,1231,263,96
415,212,393,Sham19Y0014309,2035,1,221,141,79
415,61,393,Shamela0021821,802,1046,1401,250,83
415,61,272,Sham19Y0016555,348,1243,1464,163,91
415,68,393,Shia002616Vols,3095,214,566,240,82
415,61,244,Shamela0001442,665,521,723,143,84
415,61,393,JK009390,829,1144,1449,228,81
415,68,393,JK009390,4619,223,545,220,76
415,68,316,Sham19Y0017530,11,1189,1556,174,57
415,68,251,Zaydiyya0000295Vols,1918,1341,1542,125,68
415,68,347,Zaydiyya0000062,763,96,385,196,75
415,61,208,Shamela0000894,7955,1525,1673,112,90
415,208,393,Shamela0000894,7956,1,183,143,96
415,48,501,Shamela0012884,2543,104,643,211,42
415,92,404,Shamela0012884,2544,387,650,179,72
415,48,393,Shamela0009856,1048,576,907,202,64
415,199,404,Sham19Y0014592,611,4,221,148,82
415,92,393,Tafsir02100,75,67,310,165,68
415,68,224,Sham19Y0020891,2695,211,390,115,76
415,218,347,Sham19Y0020891,2695,928,1066,95,83
415,61,393,Sham19Y0020891,5771,669,987,244,89
415,61,393,ShamAY0038393,322,588,1270,236,41
415,61,272,ShamAY0032744,3,1178,1445,163,74
415,165,366,Sham19Y0013231,2155,490,717,147,80
415,92,393,JK000475,2382,805,1048,165,68
415,61,393,Sham19Y0127677,757,421,725,228,81
415,68,393,Sham19Y0127677,3012,862,1204,222,74
415,61,393,Sham19Y0127677,16264,665,1019,230,76
415,61,204,Sham19Y0127677,16265,203,346,115,99
415,61,393,Shamela0010479,7,261,616,231,76
415,61,407,JK009396,622,673,1050,249,78
415,92,393,JK000021,2511,914,1141,148,61
415,68,393,JK000021,2512,52,381,235,84
415,61,330,Shamela0004473,504,208,478,213,95
415,61,393,Shamela0004473,10469,699,1072,257,84
415,61,204,Sham19Y0145212,3030,1478,1622,111,91
415,204,393,Sham19Y0145212,3031,1,188,147,97
415,61,393,Sham19Y0020944,804,366,703,263,96
415,61,393,ShamAY0035035,4493,1123,1469,238,79
415,68,347,ShamAY0034052,911,1051,1367,209,79
415,61,393,Shamela0008658,1641,1108,1450,242,82
415,51,379,Shamela0001719,3221,1139,1462,214,74
415,68,393,Shamela0001438,4818,625,925,186,63
415,176,366,Tafsir09083,616,1,188,137,86
415,68,324,Shamela0021765,1926,855,1264,147,39
415,61,224,Shamela0004445,7090,1340,1511,126,88
415,224,393,Shamela0004445,7091,1,179,131,91
415,121,393,Sham19Y0017748,2,1,272,204,91
415,68,373,ShamAY0034059,1381,978,1328,206,72
415,74,393,Sham19Y0013223,1095,953,1477,162,34
415,61,393,Sham19Y0013223,1096,795,1127,258,94
415,68,330,ShamAY0033926,289,262,681,148,38
415,68,281,ShamAY0034066,703,140,444,130,48
415,1,266,Shamela0010443,508,1174,1484,185,71
415,266,501,Shamela0010443,509,1,405,179,56
415,61,393,Shia001237Vols,2955,448,743,198,72
415,1421,1543,Shamela0003118,7301,1137,1332,94,60
415,61,393,Sham19Y0131521,4886,231,567,262,96
415,176,393,Shamela0012990,2,23,209,131,74
415,61,393,Sham19Y0038171,1080,503,850,238,79
415,61,393,JK000022,3,483,835,229,76
415,68,281,Sham19Y0023618,906,1159,1464,128,47
415,68,393,Shamela0023591,3846,17,335,227,80
415,61,393,Sham19Y0020591,1290,319,655,262,96
415,92,393,Shamela0026730,17,423,679,173,69
415,129,347,Shia002611Vols,248,1,249,158,76
416,336,614,Shamela0000140,287,1312,1609,208,87
416,614,879,Shamela0000140,288,1,263,166,63
416,179,649,ShamIbadiyya0000109,7371,829,1396,358,77
416,1,123,ShamIbadiyya0000109,7372,506,628,98,100
416,1,123,ShamIbadiyya0000109,8106,808,1070,84,40
416,201,637,ShamIbadiyya0000109,8107,797,1110,213,61
416,227,602,Shamela0001673,9798,238,606,187,49
416,130,534,Shia001542Vols,690,20,441,307,87
416,1173,1388,Shamela0010443,509,1103,1397,154,59
417,237,905,Shamela0021660,1462,996,1334,205,36
417,6,601,ShamIbadiyya0000109,7372,1,306,155,30
417,1016,1396,Shamela0008648,736,330,674,191,61
417,6,461,Shamela0010443,510,289,1501,305,31
418,953,1095,Shamela0010668,548,1,134,109,93
418,963,1114,Shia001432Vols,28141,1,154,108,87
418,763,1037,Shia001615Vols,2064,1044,1318,191,80
418,763,1078,Shamela0023578,195,343,720,243,77
418,789,1087,Shia002265Vols,5295,21,418,222,68
418,322,656,Shamela0000140,288,719,968,188,69
418,109,625,ShamIbadiyya0000109,7372,819,1223,298,72
418,825,1087,ShamIbadiyya0000109,7373,1,264,211,98
418,759,1087,ShamIbadiyya0000109,8106,1080,1405,259,97
418,763,1008,Shamela0030586,25,1234,1546,182,70
418,763,1028,JK000916,25528,1101,1452,186,63
418,782,1091,Shia001391,78,631,939,207,74
418,763,1078,Shia002616Vols,540,1014,1390,222,66
418,789,1087,JK009390,3695,753,1144,220,68
418,763,1095,Sham19Y0014592,612,1073,1402,253,94
418,763,1087,ShamAY0033632,223,651,1063,241,71
418,789,1087,Sham19Y0127677,919,656,1049,222,68
418,772,1078,Shia004021,100,978,1374,239,74
418,782,1091,Shia001417,114,408,709,214,80
418,763,1091,ShamAY0032826,363,842,1166,227,77
418,800,1087,Shamela0001438,1738,10,397,217,68
418,852,1078,ShamAY0034059,353,103,324,172,91
418,852,1087,JK009237,6028,78,357,177,78
418,763,1037,Tafsir02091,98,841,1147,179,63
418,763,1087,Shamela0010443,502,612,933,257,97
418,5,329,Shamela0010443,515,486,863,199,63
418,763,1087,Shia001237Vols,774,348,683,235,81
418,763,1078,Shamela0003118,7447,78,477,230,68
418,763,1087,JK001336,187,688,1023,238,82
418,763,1003,JK000022,2078,1220,1457,187,96
419,586,1034,Shamela0021660,1424,1267,1536,165,47
419,113,450,Sham19Y0018568,183,30,428,232,65
419,984,1271,Shamela0002573,958,1317,1603,225,97
420,191,536,Sham19Y0014313,1217,6,419,275,82
420,65,1239,Sham19Y0018568,183,388,1390,428,36
420,589,1050,Sham19Y0017745,182,1168,1517,232,59
421,367,581,Sham19Y0148486,4735,183,369,137,78
421,367,665,Sham19Y0146127,2549,493,756,152,63
421,397,581,Shamela0006227,653,946,1145,137,85
421,397,665,Shamela0000894,5660,799,1094,153,62
421,397,581,Sham19Y0131336,1294,187,369,132,86
421,397,1129,Shamela0011244,68,511,1337,482,67
422,428,619,Shamela0023628,2217,629,870,119,62
422,1369,1496,Shamela0023635,2053,21,145,97,96
422,1337,1496,Shamela0021821,245,78,234,122,96
422,1337,1496,Sham19Y0013231,863,155,331,122,85
422,1235,1419,Shia004042Vols,132,1254,1404,98,67
422,1343,1496,Shamela0011244,68,64,213,117,96
423,1414,1570,Shamela0008360,242,839,981,108,87
423,1402,1570,JK009324,3494,10,140,97,73
423,1402,1570,JK006897,488,138,291,121,91
423,851,1570,Sham19Y0018568,186,448,945,271,41
423,1402,1570,Zaydiyya0000059,995,15,181,110,76
423,1414,1570,Sham19Y0148271,1137,204,346,108,87
423,1414,1570,Shamela0008176,2167,543,685,108,87
423,1443,1570,Sham19Y0017745,184,1,113,89,88
423,1406,1570,Sham19Y0013605,4476,161,492,118,43
423,1402,1570,Shamela0025800,172,427,580,121,91
423,1406,1570,Sham19Y0018103,3754,848,997,118,90
423,1406,1570,Shamela0096283,412,122,271,118,90
423,1406,1570,Sham19Y0018176,2276,789,938,118,90
423,1399,1570,Sham19Y0014119,201,465,633,122,84
423,1402,1553,Shamela0012014,133,1271,1422,119,100
423,1402,1570,Shamela0012014,160,471,639,133,100
423,1429,1570,Sham19Y0017063,351,1,142,112,100
423,1402,1570,Sham19Y0127656,750,705,843,109,82
423,1406,1570,ShamAY0036012,108,918,1067,118,90
423,1406,1570,Sham19Y0016584,4216,720,869,118,90
423,1419,1570,ShamIbadiyya0000109,7356,795,1381,103,21
423,1399,1570,ShamAY0034005,1169,134,279,111,80
423,1399,1570,Sham19Y0017350,547,173,323,113,84
423,1414,1570,Shamela0037837,823,1288,1430,108,87
423,1402,1570,Shamela0036446,1360,410,540,97,73
423,1406,1570,Sham19Y0018106,3809,1210,1359,118,90
423,1402,1570,Sham19Y0014309,200,322,473,118,89
423,1402,1570,JK007083,225,1115,1253,108,81
423,1402,1570,Sham19Y0020638,1366,850,988,109,82
423,690,833,Shamela0029677,1666,490,628,86,75
423,1399,1570,Noorlib0007682,63,316,484,122,84
423,1414,1570,Shamela0000894,7880,1,157,123,99
423,1392,1570,Shamela0000894,8033,423,609,135,92
423,1406,1570,Shamela0000894,8139,1118,1282,129,99
423,1414,1570,Sham19Y0017842,358,424,566,108,87
423,1399,1570,Sham19Y0014592,400,722,888,121,85
423,1406,1570,Sham19Y0127677,8931,275,422,116,89
423,1406,1570,Sham19Y0017791,535,862,1009,116,89
423,1399,1570,JK007065,575,263,404,111,82
423,1406,1570,JK000110,1682,46,194,117,90
423,1399,1570,Shia000841Vols,2294,946,1102,123,91
423,1414,1570,Sham19Y0145212,1266,896,1038,108,87
423,1392,1570,Shamela0021590,1516,1219,1397,137,97
423,1402,1570,Shamela0021590,1517,329,553,133,75
423,1402,1570,Shamela0021502,78,840,993,121,91
423,1406,1570,Shamela0021502,202,92,241,118,90
423,1406,1570,Sham19Y0016976,584,708,857,118,90
423,1414,1570,Sham19Y0018272,1661,446,588,107,86
423,1399,1570,Shamela0023423,393,1167,1323,123,91
423,1392,1570,Sham19Y0017747,2334,132,293,123,87
423,1402,1570,Sham19Y0017757,184,409,562,121,91
423,1399,1570,Shamela0004289,1036,95,236,110,81
423,1406,1570,Sham19Y0013223,1203,1081,1263,118,75
423,1406,1570,Sham19Y0013223,2854,1187,1350,129,99
423,1414,1570,Shia002264,542,358,500,108,87
423,1357,1570,Shamela0010443,527,970,1142,136,80
423,1399,1557,Shamela0011244,68,1311,1475,122,95
423,1399,1570,Shamela0000483,1,664,1043,134,44
423,1406,1570,Kraken21040202,18,211,337,92,72
423,1402,1570,Shamela0006610,1170,472,610,109,82
423,1406,1570,Shamela0098087,331,200,354,118,88
423,1399,1570,Shamela0012836,12,1,183,133,92
423,1402,1570,JK007107,283,945,1098,121,91
424,1,195,Shamela0021715,9631,76,542,128,32
424,79,710,Shamela0000140,915,71,717,304,48
424,96,570,ShamIbadiyya0000109,7356,795,1336,302,63
424,629,909,Shamela0010443,528,67,619,203,45
425,407,613,Shamela0021660,3915,1218,1394,118,71
425,815,1224,Shamela0000140,915,991,1488,275,64
425,1224,1521,Shamela0000140,916,1,290,228,94
426,201,1051,Shamela0008360,773,215,912,352,46
426,649,999,Sham19Y0013252,9401,110,462,192,56
426,172,999,JK009324,3495,9,1122,458,45
426,169,508,Shamela0008176,6485,276,566,188,67
426,182,703,Shamela0008176,6487,1033,1486,77,11
426,169,504,Sham19Y0013605,4477,336,634,186,65
426,430,737,Shamela0025800,172,1,349,150,45
426,201,508,Sham19Y0122257,2943,1084,1330,160,62
426,201,1051,Sham19Y0122257,2944,435,820,189,26
426,218,693,Shamela0021766,4964,1,351,229,59
426,169,504,Sham19Y0018103,3755,474,772,186,65
426,169,1041,Shamela0096283,412,339,1067,355,42
426,169,684,Sham19Y0018176,2277,338,796,260,59
426,169,1026,Sham19Y0014119,542,754,1384,360,50
426,172,594,Shamela0012014,160,1105,1495,219,57
426,205,504,Shamela0021715,9635,1,270,170,65
426,201,1051,Sham19Y0017063,1306,396,1368,315,31
426,186,737,Sham19Y0127656,750,913,1465,274,50
426,237,684,Sham19Y0016584,4218,1,398,221,57
426,1118,1394,ShamIbadiyya0000109,7355,1064,1372,176,68
426,79,1130,ShamIbadiyya0000109,7357,210,1007,554,64
426,201,684,Shamela0037837,824,509,827,205,51
426,169,504,Shamela0005756,14099,260,565,186,63
426,146,688,Shamela0005756,14100,817,1449,63,7
426,214,627,Shamela0036446,1360,6,317,210,61
426,169,381,Sham19Y0018106,3810,1249,1438,122,68
426,176,315,Shamela0001673,9627,1376,1564,83,54
426,233,649,JK007128,173,995,1387,186,52
426,172,504,Sham19Y0014309,199,413,721,199,69
426,164,504,Shia002616Vols,6044,1182,1438,147,50
426,186,508,Sham19Y0020638,1366,1151,1438,179,64
426,169,504,JK007065,119,442,732,179,61
426,197,684,JK000110,1682,714,1151,250,60
426,164,481,JK009266,8628,463,712,143,52
426,201,576,Shamela0007891,2480,304,625,186,57
426,176,703,Sham19Y0016976,1538,828,1225,216,49
426,182,508,Sham19Y0016684,1918,6,296,184,65
426,172,604,Shamela0025791,985,242,612,220,60
426,223,684,Shamela0004289,1037,1,416,233,59
426,186,508,ShamAY0037747,694,436,794,178,53
426,172,727,Sham19Y0013223,1204,818,1419,292,54
426,169,339,Shia002264,542,1283,1419,102,74
426,548,1118,Shamela0011244,70,522,1077,324,62
426,169,504,Sham19Y0013572,267,297,585,177,61
426,201,504,JK009365,21,506,791,152,55
426,172,737,JK007107,283,339,802,253,51
427,560,704,JK000001,3132,1223,1357,107,93
427,560,697,Shamela0008360,759,486,620,103,93
427,353,697,Shia002294Vols,80,1108,1433,211,76
427,1287,1509,Sham19Y0018568,187,657,852,147,80
427,313,482,Sham19Y0018568,187,245,485,132,68
427,560,688,Shamela0003722,2150,1296,1420,99,96
427,560,693,ShamAY0034644,361,590,719,103,96
427,549,693,Zaydiyya0000059,995,1128,1281,113,92
427,560,697,Shamela0008176,6377,410,544,103,93
427,1244,1509,Sham19Y0017745,186,31,261,154,73
427,560,693,Shamela0026510,30,148,281,106,100
427,560,697,Sham19Y0122257,2904,705,840,103,92
427,583,693,JK009174,25,19,129,88,100
427,560,704,Shamela0023628,2742,1108,1246,107,93
427,560,693,Shamela0013048,314,763,892,103,96
427,560,693,JK000055,1,778,907,103,96
427,560,709,JK000030,45,1025,1180,112,91
427,510,693,Sham19Y0014119,537,286,481,119,76
427,549,693,Shamela0021715,9632,366,515,114,95
427,560,704,Shamela0000041,1958,952,1088,109,94
427,23,800,ShamIbadiyya0000109,7357,1069,1497,241,35
427,800,1008,ShamIbadiyya0000109,7358,1,342,155,57
427,560,693,ShamAY0034068,2437,1365,1498,106,100
427,549,693,Shamela0001673,9624,879,1028,114,95
427,313,693,Sham19Y0014309,201,378,732,173,50
427,560,704,Sham19Y0014592,2498,979,1128,107,87
427,560,697,Sham19Y0145212,3114,1130,1264,103,93
427,569,693,JK009266,7128,30,152,92,93
427,560,697,Zaydiyya0000013,156,6,144,106,93
427,560,704,Shamela0007891,2450,170,308,107,93
427,560,693,Sham19Y0016976,1527,772,901,103,96
427,758,877,Shamela0025794,1759,595,714,93,98
427,560,693,Shamela0021765,2562,885,1018,106,100
427,549,693,Sham19Y0017747,2335,145,294,114,95
427,560,693,ShamAY0034059,4585,863,996,106,100
427,560,693,Tafsir06049,626,1089,1217,102,96
427,560,693,Shia002103Vols,177,1267,1396,103,96
427,560,693,Shamela0012985,39,1078,1211,106,100
427,560,697,Sham19Y0013223,1206,1253,1387,103,93
427,482,693,Shamela0010443,535,573,915,149,55
427,697,882,Shamela0010443,536,119,688,134,29
427,882,1103,Shamela0010443,537,1113,1407,146,64
427,560,693,Shamela0008203,247,988,1117,103,96
427,560,693,ShamIbadiyya0000155,172,826,955,103,96
427,560,697,Sham19Y0122406,4452,107,241,102,92
427,560,693,Shamela0000483,4,181,318,106,97
427,139,242,Sham19Y0013572,631,1199,1302,81,100
427,510,693,Shamela0098087,333,707,934,121,67
427,758,882,Shamela0011385,3121,352,476,96,97
427,560,697,Shamela0021681,39,376,509,104,95
427,597,983,Shamela0021629,895,998,1241,151,44
428,136,628,Sham19Y0013769,100,457,1055,128,18
428,45,628,Sham19Y0013252,425,208,788,177,27
428,22,851,Shamela0003722,3617,249,826,234,30
428,418,553,Shamela0003722,7548,148,275,86,80
428,422,553,Sham19Y0007233,132,1172,1326,90,76
428,67,454,Shamela0009873,1172,634,963,188,51
428,436,553,Shia002034Vols,2220,989,1108,78,80
428,67,518,Shamela0036578,1282,1206,1539,130,28
428,422,553,Sham19Y0013922,751,1102,1219,84,83
428,451,557,Sham19Y0016928,69,424,540,80,89
428,418,553,Shia003895Vols,616,800,938,100,89
428,436,553,Shamela0000782,898,472,582,78,86
428,422,553,Shamela0000782,1302,439,556,84,83
428,732,920,JK009408,1300,44,224,133,83
428,19,688,Shamela0000140,353,351,963,274,42
428,136,592,Sham19Y0023625,240,1045,1517,166,36
428,136,628,Sham19Y0014224,23,677,997,151,33
428,422,553,Shamela0012220,1640,845,969,84,83
428,418,851,Shamela0009780,128,303,493,110,32
428,22,628,Shamela0005756,291,174,600,188,33
428,732,920,JK000916,11830,116,299,135,85
428,482,851,ShamAY0033598,214,732,1169,116,24
428,422,553,ShamAY0036481,37,182,354,94,68
428,136,856,Shamela0009702,280,522,1287,276,34
428,234,898,JK000778,595,415,992,191,29
428,422,879,Noorlib0007682,80,766,996,122,32
428,136,557,JK000134,1665,98,432,187,47
428,422,812,SHAM19Y23644,2996,817,990,120,39
428,67,557,Shamela0007434,664,727,1179,201,46
428,1259,1440,Shamela0002573,2253,140,263,101,67
428,22,879,Sham19Y0149213,957,284,766,224,32
428,422,553,Shamela0025794,1381,160,278,85,83
428,422,553,Shamela0010906,2058,617,735,85,83
428,22,879,Sham19Y0018100,763,468,1171,232,28
428,732,920,Shamela0003118,3623,778,938,114,72
428,145,557,Shamela0011036,68,1,330,108,24
428,37,851,Shamela0023700,1408,731,1342,189,24
428,422,553,Shamela0036558,172,886,1058,94,68
429,924,1114,Sham19Y0018568,187,760,987,104,48
429,924,1182,Sham19Y0017745,186,173,715,120,23
429,480,690,Sham19Y0017745,187,1307,1546,148,73
429,924,1070,JK007099,428,1113,1417,77,33
429,908,1502,Shamela0010443,538,528,978,192,32
429,1,414,Shamela0010463,111,604,1142,243,54
430,313,737,Sham19Y0018568,187,1045,1510,290,71
430,1443,1554,Sham19Y0023618,500,652,1084,68,19
432,1201,1442,JK007099,429,1247,1487,154,78
432,703,966,Shamela0005756,320,1201,1434,85,31
432,1201,1511,Shamela0002386,306,593,1330,205,34
432,703,956,Sham19Y0132524,125,1161,1354,90,42
432,559,782,Sham19Y0018272,2267,130,463,160,57
432,838,951,ShamAY0034059,1972,615,861,60,32
432,842,951,ShamAY0034059,5887,273,435,65,51
432,593,789,Shia001831Vols,36,6,301,142,57
432,1201,1442,Shamela0010443,540,772,1020,165,83
432,553,1201,Shamela0011244,71,631,1237,292,45
433,266,534,JK001012,356,28,490,185,48
433,208,618,Shamela0008360,361,58,526,275,70
433,208,525,ShamIbadiyya0000095,1560,1143,1447,207,76
433,261,510,JK011712,661,929,1169,134,67
433,271,497,Sham19Y0013614,301,909,1148,176,93
433,271,497,Shia002294Vols,600,891,1126,172,89
433,162,453,Sham19Y0018568,188,1194,1462,209,90
433,201,618,JK000076,162,640,1075,285,75
433,266,497,JK000098,505,1,252,182,92
433,208,497,Shia001544Vols,608,136,479,207,72
433,208,628,Shamela0008176,3133,915,1307,279,82
433,196,497,Shia002034Vols,1052,85,312,145,57
433,162,525,Sham19Y0017745,188,1144,1474,260,89
433,877,1084,Sham19Y0017745,189,578,749,134,78
433,271,618,Shamela0021654,1174,939,1282,219,71
433,271,556,Shia002261Vols,288,1111,1420,180,64
433,215,618,Shamela0025800,2111,75,596,266,62
433,208,510,Sham19Y0122257,1443,992,1288,214,86
433,228,497,Shamela0007289,4879,1024,1285,184,84
433,211,534,Shamela0000782,1210,401,728,223,83
433,224,510,Shamela0037458,3750,320,621,213,89
433,196,631,Shamela0023628,610,281,847,270,58
433,208,515,Shamela0023628,3023,745,1054,218,85
433,242,497,Sham19Y0014119,262,1121,1385,193,91
433,219,497,Shamela0003055,3923,992,1269,166,73
433,201,534,Shamela0012014,127,368,715,254,90
433,211,534,Shamela0012014,402,542,868,247,93
433,247,556,Sham19Y0017063,520,489,811,209,81
433,208,534,Shamela0023631,1160,1039,1368,247,92
433,1017,1256,JK007006,1230,1,192,141,68
433,271,497,Shia002265Vols,748,441,677,178,95
433,271,497,Shia002265Vols,1158,621,860,175,91
433,242,598,Shamela0028114,4,1,460,228,61
433,211,612,ShamAY0033728,6,524,970,237,60
433,996,1366,Shamela0000140,2207,781,1129,275,91
433,224,603,Shamela0023613,1186,290,650,246,76
433,211,525,JK001236,7,525,861,236,88
433,215,520,JK001236,286,1178,1476,219,88
433,380,534,JK007054,76,1,152,104,78
433,303,631,Shamela0036543,2173,1,389,206,68
433,208,628,JK009390,1546,477,813,234,68
433,224,534,Shamela0029677,2004,722,1021,232,93
433,247,618,Shamela0029677,2067,290,776,247,60
433,211,603,Shamela0029677,2107,843,1400,264,57
433,286,497,Shamela0000894,4940,1249,1397,115,68
433,211,583,Shamela0000894,4994,86,456,251,82
433,286,502,ShamAY0036031,35,74,299,163,90
433,275,502,ShamAY0036031,115,103,344,170,90
433,211,468,Shamela0010922,30,1219,1493,201,93
433,261,510,Shamela0021623,663,445,685,134,67
433,162,530,Shamela0019482,37,421,768,242,79
433,271,497,Sham19Y0127677,1595,1140,1366,166,87
433,271,502,Sham19Y0127677,9406,828,1068,172,88
433,228,593,Shamela0004473,2133,1,346,244,84
433,215,502,ShamAY0033741,4,420,742,216,85
433,208,607,Shamela0007266,145,486,854,263,83
433,292,497,Sham19Y0016976,780,1,218,160,93
433,345,534,Shamela0010639,403,1,172,130,85
433,196,556,Shamela0023423,398,1101,1453,264,91
433,318,497,Shamela0023423,399,867,1486,138,28
433,224,612,Tafsir06049,1530,837,1311,247,65
433,211,598,Shamela0004289,1165,140,594,207,48
433,196,607,Sham19Y0013223,644,881,1352,276,68
433,201,660,Sham19Y0013223,1216,779,1337,284,56
433,351,497,Shia002264,268,148,302,111,87
433,271,660,Shia002264,549,277,741,213,48
433,162,534,Shamela0010443,543,412,763,270,88
433,1249,1517,Shamela0010443,544,846,1213,169,57
433,380,534,Shamela0011244,72,1,142,113,90
433,1311,1517,Shamela0010463,597,52,261,140,83
433,271,502,Sham19Y0038171,2065,392,633,168,86
433,201,598,JK000022,632,218,659,196,46
433,208,534,Shamela0000200,1,24,351,249,93
433,1311,1517,Shamela0000200,2,724,947,140,77
433,162,534,Shamela0012836,12,468,811,267,88
433,208,660,JK007074,626,705,1178,248,54
433,196,556,Sham19Y0122096,2881,1119,1438,204,67
433,208,660,Shamela0021629,156,371,842,248,55
433,196,534,JK007107,287,240,593,246,84
434,144,457,Shamela0021660,3729,102,359,123,38
434,1,202,Sham19Y0018568,189,643,864,117,65
434,144,245,JK007006,1230,192,381,80,53
434,1,426,Shamela0000140,2207,1129,1504,291,85
434,753,949,JK007065,942,667,1025,62,17
434,1,148,Sham19Y0018272,1587,1203,1359,107,86
434,753,949,JK000735,95,904,1253,79,22
434,1131,1375,Shamela0010443,544,1291,1459,104,52
434,597,972,Shamela0011244,72,591,914,228,77
434,1307,1484,Shamela0010463,597,376,658,127,55
434,1093,1484,Shamela0000200,2,1018,1420,187,43
435,806,1012,JK001012,52,535,838,147,63
435,750,1012,JK001012,66,92,453,180,64
435,1188,1477,Shamela0021660,3740,397,598,142,61
435,740,1041,Shia001782Vols,3579,1025,1422,182,59
435,857,1041,Shamela0008381,5879,91,305,123,75
435,857,1047,Shamela0008360,346,205,398,143,94
435,857,1041,Shia001432Vols,30876,1138,1334,136,87
435,857,1041,Shamela0008473,589,1209,1414,140,87
435,821,1041,Shamela0000107,1428,518,777,125,60
435,857,1041,Shamela0000107,3826,25,239,127,76
435,857,1041,Shamela0009690,1991,1066,1262,111,72
435,857,1056,Shamela0003722,4994,376,603,139,75
435,857,1041,Sham19Y0148271,697,750,950,140,90
435,857,1047,Shamela0008176,2971,772,965,144,95
435,857,1041,ShamAY0034073,3380,593,775,131,90
435,883,1047,Shia001976Vols,263,1156,1338,114,81
435,857,1047,Sham19Y0122257,1323,521,714,142,94
435,857,1041,Shamela0009107,239,246,468,130,73
435,857,1047,Shamela0021766,3920,997,1195,144,92
435,750,1012,Shamela0038202,3,336,896,161,37
435,857,1041,JK000786,2904,150,346,138,87
435,857,1047,Shamela0007289,160,1163,1380,126,75
435,857,1041,Shamela0007289,2501,1066,1274,124,75
435,857,1041,Shamela0007289,3116,206,402,111,72
435,857,1041,Shamela0007289,4464,1009,1256,127,67
435,857,1041,ShamAY0032764,20,693,912,127,71
435,857,1018,Shamela0037458,4456,539,704,118,92
435,857,1012,ShamAY0034055,825,817,972,102,80
435,851,1041,Shia002265Vols,366,241,446,139,85
435,857,988,Sham19Y0017729,489,1269,1403,99,94
435,1,365,ShamAY0033728,6,995,1373,241,71
435,585,970,ShamAY0033728,43,951,1455,241,59
435,1103,1477,Shamela0000140,2208,32,482,226,52
435,857,955,Shamela0012220,1391,512,611,74,96
435,857,1041,ShamAY0034068,2200,624,813,133,88
435,857,1041,Shamela0001463,27,47,260,129,78
435,387,1041,Shia000047,8,78,415,186,35
435,857,1041,Shia002642Vols,265,634,842,124,75
435,750,1012,Shamela0001673,9408,19,321,158,62
435,857,1041,Shia002616Vols,724,445,620,125,86
435,857,1018,Shamela0036543,179,729,894,117,92
435,857,1012,JK001266,7,1095,1257,112,90
435,863,1012,Shia002702Vols,789,1,150,98,79
435,857,1041,JK009390,1981,768,964,136,87
435,633,1041,JK009390,3331,31,409,176,50
435,857,973,Shamela0010262,99,1400,1528,84,85
435,740,1056,Shamela0000894,5057,362,756,211,65
435,857,1041,Shamela0000894,8136,1062,1249,127,81
435,857,1041,Shamela0012884,477,1238,1436,140,90
435,857,1012,JK000201,4077,838,997,117,94
435,857,1012,JK000201,4224,1002,1161,117,94
435,857,1041,Sham19Y0127677,1917,264,464,139,89
435,857,1047,Sham19Y0127677,6972,839,1038,142,90
435,857,1041,Sham19Y0145212,1615,96,281,132,90
435,857,1041,Shamela0021570,382,1070,1306,129,71
435,857,1031,Shamela0006886,88,1128,1316,120,76
435,857,1012,Shamela0006886,110,413,572,117,94
435,857,1041,Shamela0006886,147,574,762,138,94
435,358,1047,Shamela0007266,23,148,799,217,26
435,857,1041,Shamela0000432,5894,137,325,140,95
435,721,1047,Shia001887Vols,3814,544,1182,176,32
435,857,1041,Shamela0026746,15,245,468,129,72
435,857,1056,Sham19Y0149213,1330,581,810,139,78
435,857,1041,ShamAY0034002,36,1109,1317,127,76
435,857,1041,Tafsir09084,210,1133,1338,138,86
435,857,1041,Shamela0001719,1013,245,397,77,44
435,857,1012,Shamela0001719,1959,1156,1327,117,88
435,857,1041,Shamela0001438,3415,818,1011,139,92
435,857,1041,Shamela0025794,1980,633,821,139,95
435,857,1047,Shamela0021765,2185,1091,1298,144,88
435,750,1012,Sham19Y0017747,2415,495,798,158,62
435,857,1041,Shamela0012750,89,517,741,125,68
435,857,1047,Shamela0025791,948,1126,1320,139,92
435,857,1041,Shamela0001341,84,336,504,121,82
435,857,1041,Sham19Y0017903,978,376,577,140,89
435,857,980,Shamela0004289,1167,1260,1387,94,95
435,680,1047,Sham19Y0013223,650,1,309,172,58
435,740,1047,Shamela0010517,101,940,1299,130,38
435,740,1047,Shamela0010517,2666,453,791,130,40
435,840,1041,Shia002264,271,111,332,150,87
435,857,1041,Shamela0021537,971,324,538,126,76
435,857,1041,Shamela0021537,1511,245,459,126,76
435,888,1047,Shamela0021537,1681,1,204,111,70
435,857,1047,Shamela0021537,2689,1076,1298,140,81
435,857,1041,Shamela0021537,2693,24,238,126,76
435,857,1041,Shamela0021537,3371,938,1153,130,78
435,857,1047,Shamela0021537,4325,713,952,135,72
435,857,1041,Shamela0021537,5779,73,287,126,76
435,873,1047,Shamela0021537,5780,6,207,128,82
435,857,1041,Shamela0021537,5782,70,281,124,75
435,857,1047,Shamela0012991,150,152,324,121,80
435,857,1047,Sham19Y0122401,803,902,1104,144,91
435,1,834,Shamela0010443,545,167,1443,549,53
435,857,1103,Shamela0010443,546,52,290,177,90
435,1,434,Shamela0010463,597,658,1365,285,48
435,857,1041,Shia001901,387,279,473,142,93
435,857,1031,Shamela0009567,969,1224,1402,131,94
435,134,988,Shamela0000200,3,1,1456,564,48
435,857,997,Shamela0011993,15,1455,1599,105,94
435,857,1041,Shamela0001453,106,109,328,130,74
436,216,558,Shamela0021660,4517,1085,1407,202,62
436,194,510,Shamela0021654,1163,347,606,172,67
436,1253,1454,Shamela0000140,2199,610,925,111,45
436,376,1268,Shamela0000140,2208,576,1385,605,82
437,69,189,Sham19Y0013614,300,1393,1504,82,87
437,69,209,Shamela0008176,3127,1352,1478,93,85
437,69,196,Sham19Y0122257,1441,219,568,84,30
437,69,189,Shamela0021766,735,1425,1539,84,89
437,33,437,Shamela0095735,123,206,548,177,52
437,426,663,Shamela0000140,2208,1367,1588,180,92
437,663,1100,Shamela0000140,2209,1,395,307,88
437,69,311,ShamAY0033945,2358,357,619,125,62
437,69,311,ShamAY0034068,409,1146,1398,117,55
437,69,171,Shamela0001673,9412,530,643,67,77
437,69,171,Sham19Y0014309,1119,246,352,67,83
437,69,214,JK009390,599,1226,1373,99,83
437,69,182,Sham19Y0037618,4694,813,951,77,66
437,115,318,Sham19Y0145212,1707,327,786,65,15
437,33,437,JK000034,36,45,394,182,53
437,77,426,ShamAY0035035,3205,131,526,146,42
437,69,308,ShamAY0035035,7921,1108,1459,129,42
437,69,218,JK000914,907,351,505,110,92
437,69,182,Shamela0010443,319,1028,1147,79,80
437,1,349,Shamela0010443,548,715,1369,260,50
437,980,1314,Shamela0010443,550,1006,1400,191,57
437,69,437,Shamela0010463,79,35,522,259,67
437,77,214,Sham19Y0038171,771,1242,1393,95,77
437,77,201,Sham19Y0038171,772,72,209,77,68
437,69,218,Shamela0098087,353,1223,1380,104,86
437,1,426,Shamela0000200,6,602,1389,296,48
437,891,1275,Shamela0000200,8,661,1301,188,34
438,271,810,JK007006,1234,55,327,156,33
438,93,799,Shamela0000140,2209,583,818,173,30
438,266,810,Sham19Y0018272,1588,76,472,162,31
438,1,236,Shamela0010443,551,891,1263,135,46
438,1,236,Shamela0000200,9,912,1301,135,44
439,384,629,Sham19Y0018568,189,1293,1556,150,64
439,629,1062,Sham19Y0018568,190,1,666,235,36
439,384,681,Sham19Y0017745,191,336,838,128,28
439,248,439,Shamela0011244,72,161,496,121,45
439,1062,1252,JK001035,18,1321,1535,155,88
439,1252,1601,JK001035,19,1,300,243,84
440,1,476,JK001324,345,545,1084,210,39
440,1,483,JK007074,1853,957,1593,271,49
440,1,483,JK007074,1900,546,1025,214,46
440,62,470,Shamela0021629,943,1,531,189,42
441,328,733,Sham19Y0018568,52,957,1380,194,50
441,1145,1303,Sham19Y0017745,68,877,1308,104,30
441,427,539,Shamela0012014,27,153,265,91,100
442,776,1088,Sham19Y0018568,107,332,967,194,37
442,1127,1578,Sham19Y0018568,108,473,1521,350,40
442,776,1571,Shamela0007562,282,966,1647,294,36
442,788,1022,Sham19Y0017745,110,265,489,139,68
442,1030,1324,Shia001764Vols,500,417,1336,218,29
442,1120,1324,JK000201,4185,565,897,152,56
442,828,1324,Sham19Y0013223,2111,109,810,273,42
442,828,1320,Shamela0011244,42,145,1061,236,28
443,216,351,Sham19Y0018568,111,1245,1390,98,85
443,604,737,Sham19Y0017745,124,1132,1261,105,96
444,723,967,Sham19Y0018568,26,316,798,140,32
444,330,523,Sham19Y0018568,186,1133,1328,148,95
444,545,702,Sham19Y0018568,189,317,457,111,88
444,304,523,Shamela0008176,2167,881,1179,150,59
444,330,523,Sham19Y0017745,184,229,427,149,94
444,330,523,Sham19Y0017745,185,474,667,154,100
444,1113,1530,Sham19Y0132962,1810,1236,1634,278,82
444,330,523,Shamela0012014,134,123,322,148,93
444,330,523,Shamela0021502,202,356,582,143,78
444,1072,1584,Sham19Y0029560,2183,133,647,332,69
444,304,523,ShamAY0034059,818,846,1078,174,94
444,304,523,Shamela0000483,1,739,983,160,78
445,321,1038,Shamela0009801,166,864,1383,302,51
445,1,621,Shamela0009801,167,164,589,176,28
445,981,1578,Shamela0009801,169,779,951,83,18
445,321,1101,Shamela0009801,177,1147,1570,149,21
445,1101,1287,Sham19Y0127660,555,1352,1505,102,68
445,1101,1262,Sham19Y0017581,450,1532,1670,100,71
445,1,905,Sham19Y0132962,1811,55,1450,643,54
445,217,704,Sham19Y0132962,1815,348,726,85,15
445,308,617,Sham19Y0132962,1821,1268,1481,87,33
445,783,1192,Sham19Y0132962,1826,586,1240,127,20
445,217,450,Sham19Y0017091,50,1234,1514,68,22
445,1101,1254,Sham19Y0122256,403,1368,1503,88,66
445,1101,1271,Shamela0011365,114,78,267,113,66
445,329,820,Sham19Y0037618,4896,817,1400,143,24
445,1101,1271,Sham19Y0020983,105,245,471,126,68
445,1,809,Sham19Y0029560,2183,647,1581,373,40
445,217,591,Sham19Y0029560,2193,711,1327,59,9
445,974,1578,Sham19Y0029560,2194,169,739,142,20
445,518,1466,Sham19Y0029560,2199,992,1567,155,18
445,1101,1254,Sham19Y0132415,521,1522,1663,90,66
446,1135,1460,Sham19Y0014591,3327,925,1421,191,42
446,1361,1537,Sham19Y0013785,1009,67,422,102,37
446,1,1169,Shamela0009801,167,428,1613,506,40
446,1063,1537,Shamela0009801,168,1,411,181,36
446,1020,1374,Shamela0012886,19,49,446,129,31
446,776,1583,Sham19Y0132962,1811,764,1450,163,17
446,19,682,Sham19Y0132962,1812,84,1095,280,30
446,576,911,Sham19Y0132962,1813,38,372,246,87
446,567,1263,Sham19Y0132962,1813,802,1553,279,34
446,1189,1583,Sham19Y0132962,1814,8,411,316,97
446,846,1415,Sham19Y0132962,1820,113,827,181,27
446,1161,1432,Shia004456Vols,1419,535,1110,86,15
446,1135,1460,Sham19Y0147313,2079,303,1087,188,29
446,1257,1477,Sham19Y0032384,635,1277,1465,138,78
446,466,741,Sham19Y0037618,5733,843,1525,156,27
446,389,558,Sham19Y0032181,122,103,602,81,20
446,1161,1460,Shia001380,94,171,366,89,36
446,11,313,Sham19Y0029560,2184,632,1155,193,46
446,487,946,Sham19Y0029560,2185,5,606,232,39
446,812,1041,Sham19Y0029560,2185,1368,1595,150,76
446,904,1218,Sham19Y0029560,2186,1309,1613,185,72
446,1218,1542,Sham19Y0029560,2187,1,744,233,39
446,644,1251,Sham19Y0029560,2195,49,826,201,31
446,804,1208,Sham19Y0029560,2199,272,1049,105,15
446,229,1208,Sham19Y0029560,2201,433,1510,249,23
447,134,836,Shamela0009801,168,188,1009,286,35
447,15,329,Shamela0009801,169,1231,1522,142,52
447,1113,1351,Shamela0010016,164,1484,1687,132,68
447,1018,1382,Sham19Y0017745,201,1015,1372,149,47
447,464,709,Sham19Y0017745,201,130,697,92,18
447,1034,1592,Sham19Y0132962,1815,1,553,446,97
447,364,893,Sham19Y0132962,1819,174,850,155,25
447,668,1553,Sham19Y0132962,1821,34,1481,236,17
447,668,1119,Sham19Y0017091,48,161,615,163,34
447,648,1194,Sham19Y0018159,336,864,1210,76,15
447,963,1080,Sham19Y0032476,1412,174,314,79,70
447,344,546,Sham19Y0037618,4902,7,459,108,28
447,956,1199,Sham19Y0127671,2371,693,964,99,41
447,1113,1577,Sham19Y0029560,2188,581,1033,362,95
447,84,678,Sham19Y0029560,2188,1,827,248,32
447,147,548,Shamela0023660,46,1085,1603,121,24
448,325,963,Sham19Y0018194,344,591,1061,128,22
448,685,1632,Shamela0009801,169,1,561,317,39
448,831,1548,Shamela0009801,175,13,710,96,10
448,1,965,Sham19Y0132962,1815,553,1611,541,61
448,849,1632,Sham19Y0132962,1816,24,499,225,35
448,812,1342,Sham19Y0132962,1818,131,686,102,17
448,1020,1227,Sham19Y0017063,1678,145,349,109,58
448,941,1163,Sham19Y0011402,382,439,1018,105,22
448,325,1216,ShamAY0037293,140,224,978,363,42
448,237,849,Sham19Y0037618,4903,602,1470,287,38
448,1016,1216,Sham19Y0037618,5302,236,398,107,68
448,589,849,Sham19Y0122187,995,984,1606,136,26
448,589,784,Shamela0004473,17243,664,858,118,67
448,15,482,Sham19Y0029560,2188,388,1603,211,20
448,819,1362,Sham19Y0029560,2189,1,823,197,21
448,1,717,Sham19Y0029560,2203,649,1591,154,16
448,407,784,Sham19Y0018315,378,131,539,198,49
448,1362,1607,Sham19Y0018315,379,149,362,154,75
449,1036,1624,Shamela0012444,135,113,627,172,31
449,1,351,Sham19Y0013785,453,807,1147,99,26
449,1,672,Shamela0009801,169,561,1018,242,37
449,45,645,Sham19Y0132962,1811,164,553,154,29
449,1058,1538,Sham19Y0132962,1816,892,1405,172,31
449,1152,1627,Sham19Y0017091,51,482,939,96,18
449,1241,1594,Shamela0001426,60,298,1012,181,26
449,1047,1627,Sham19Y0029560,2183,811,1316,119,16
449,1022,1627,Sham19Y0029560,2186,138,831,161,19
449,1145,1531,Sham19Y0029560,2189,1365,1603,167,53
449,1022,1627,Sham19Y0029560,2201,995,1618,175,27
450,115,1529,Shamela0009801,170,1,1106,355,25
450,801,1475,Shamela0009801,177,1104,1570,123,18
450,9,572,Sham19Y0132962,1816,129,1065,141,16
450,214,1191,Sham19Y0132962,1817,378,1596,342,28
450,1377,1572,Sham19Y0132962,1818,282,445,99,67
450,1415,1527,Sham19Y0132962,1824,1062,1489,73,21
450,108,1224,Sham19Y0132962,1825,466,1491,251,23
450,122,572,Shia001293,18,1010,1195,113,29
450,1,277,Sham19Y0029560,2186,831,1106,98,42
450,447,1224,Sham19Y0029560,2186,619,1603,165,14
450,9,827,Sham19Y0029560,2190,203,1074,280,30
450,583,770,Sham19Y0029560,2191,54,240,119,72
450,788,978,Sham19Y0029560,2201,630,1163,69,17
451,1030,1357,Zaydiyya0000087,345,836,966,62,23
451,865,1632,Sham19Y0013785,1014,841,1560,193,24
451,15,611,Shamela0009801,170,1226,1571,190,37
451,611,1632,Shamela0009801,171,1,845,342,33
451,40,305,Shamela0009801,172,309,948,86,15
451,398,1365,Shamela0009801,176,752,1373,163,18
451,9,690,Shamela0009801,177,899,1570,167,22
451,1299,1626,Sham19Y0017745,210,23,444,179,49
451,509,1013,Shamela0009978,139,1232,1584,182,39
451,1,1478,Sham19Y0132962,1818,445,1558,656,49
451,1,925,Sham19Y0132962,1820,450,1442,256,24
451,636,1038,Sham19Y0132962,1822,134,761,114,17
451,398,1072,Sham19Y0132962,1825,1095,1525,154,24
451,89,1237,Sham19Y0017091,50,927,1569,501,52
451,737,1357,Shia002333,235,322,744,92,15
451,89,1365,Shamela0008534,118,480,1236,336,30
451,107,1372,Shamela0011758,354,259,770,269,27
451,690,1395,Sham19Y0032181,96,550,1070,127,18
451,1005,1357,Sham19Y0032181,98,806,1123,94,30
451,120,1365,Shamela0007566,47,149,898,241,20
451,107,941,Shamela0010720,77,1136,1575,221,31
451,1005,1357,Sham19Y0127654,178,828,983,58,21
451,35,1050,Shamela0012076,90,1072,1581,234,27
451,723,1632,Sham19Y0029560,2190,294,1002,216,24
451,107,1632,Sham19Y0029560,2193,443,1613,828,64
451,259,770,Shamela0023660,47,172,623,202,40
451,861,1072,Shamela0023660,48,1125,1574,125,35
452,1,276,Shamela0009801,170,885,1208,154,52
452,1,919,Shamela0009801,171,845,1564,274,26
452,919,1598,Shamela0009801,172,1,736,356,50
452,832,1514,Sham19Y0132962,1811,690,1105,154,26
452,135,1062,Sham19Y0132962,1815,1082,1599,174,20
452,1,1114,Sham19Y0132962,1819,210,1462,450,34
452,1140,1605,Sham19Y0132962,1820,143,608,380,100
452,1038,1605,Sham19Y0017091,51,482,1048,295,58
452,42,552,Sham19Y0017091,51,49,788,283,44
452,1339,1575,Shamela0038149,25,27,230,120,62
452,531,743,Sham19Y0029560,2191,294,507,126,64
452,32,1011,Sham19Y0029560,2194,1,1594,542,36
452,1140,1605,Sham19Y0029560,2195,247,712,380,100
452,1,1598,Shamela0023660,47,202,1365,528,37
453,1047,1444,Sham19Y0013785,1014,782,1338,80,16
453,1,507,Shamela0009801,166,1067,1561,131,27
453,1,1068,Shamela0009801,172,736,1591,399,39
453,1368,1621,Shamela0009801,173,3,245,191,93
453,341,1224,Shamela0009801,175,1,1048,246,23
453,424,672,Shamela0012002,409,1289,1676,104,29
453,66,650,Shamela0011088,57,1,536,161,30
453,1068,1419,Sham19Y0132962,1813,60,394,143,48
453,8,1518,Sham19Y0132962,1818,592,1558,361,27
453,1,1023,Sham19Y0132962,1820,608,1573,460,49
453,1473,1597,Sham19Y0132962,1821,303,429,95,93
453,661,1051,Sham19Y0132962,1826,1118,1376,89,21
453,95,1309,Sham19Y0132962,1827,1,770,238,22
453,8,771,Sham19Y0017091,50,958,1526,159,19
453,1,146,Sham19Y0017091,51,1048,1193,119,100
453,341,802,Sham19Y0017657,123,118,911,162,23
453,8,613,Shia002333,235,6,473,206,38
453,935,1442,Shia002333,235,271,744,82,14
453,1002,1560,Shamela0008534,118,774,1368,127,21
453,959,1591,Sham19Y0018159,338,667,1197,243,39
453,45,613,Sham19Y0037618,4913,585,1100,161,35
453,1074,1555,Sham19Y0037618,4915,75,810,196,32
453,1122,1442,Shamela0011758,354,527,751,67,24
453,8,617,Sham19Y0032181,98,341,988,160,25
453,1115,1442,Sham19Y0032181,98,939,1123,57,17
453,1002,1442,Shamela0007566,47,474,894,87,19
453,8,476,Sham19Y0122187,1011,778,1461,187,29
453,8,530,Shamela0004473,16265,1378,1611,105,23
453,1,402,Shia001311,14,1283,1631,130,30
453,8,777,Sham19Y0127654,178,464,1173,169,21
453,445,785,Sham19Y0029560,2188,130,448,152,47
453,8,1518,Sham19Y0029560,2193,456,1479,356,25
453,1,791,Sham19Y0029560,2195,712,1517,306,38
453,432,785,Sham19Y0029560,2196,152,896,246,39
453,712,1597,Sham19Y0029560,2197,608,1583,276,29
453,432,1549,Sham19Y0029560,2198,73,1335,275,20
453,8,777,Sham19Y0029560,2200,626,1330,147,20
453,692,1591,Sham19Y0029560,2202,751,1624,245,26
453,445,1153,Sham19Y0029560,2203,685,1564,145,16
453,146,642,ShamAY0035220,1077,859,1343,142,29
454,100,1235,Shamela0009801,173,381,1478,518,49
454,398,710,Sham19Y0132962,1821,1294,1576,192,76
454,882,1499,Sham19Y0132962,1822,85,679,290,48
454,466,1492,Sham19Y0029560,2198,200,994,415,45
455,365,695,Zaydiyya0000272,1378,677,846,112,40
455,365,551,Zaydiyya0000021,216,285,680,69,16
455,237,758,Sham19Y0013785,459,522,809,140,29
455,897,1510,Shamela0009801,167,132,656,141,22
455,781,1558,Shamela0009801,171,717,1364,165,22
455,35,862,Shamela0009801,174,285,1307,481,48
455,911,1568,Shamela0009801,175,9,617,255,39
455,589,1423,Sham19Y0132962,1816,693,1282,139,16
455,24,706,Sham19Y0132962,1822,890,1589,463,72
455,1022,1568,Sham19Y0132962,1823,977,1541,269,55
455,706,1164,Sham19Y0132962,1823,1,573,278,55
455,365,856,ShamAY0037060,58,122,345,132,31
455,35,800,Sham19Y0037618,4918,576,1409,193,22
455,217,730,Sham19Y0147312,2159,1250,1573,101,23
455,237,813,Sham19Y0032181,101,1094,1490,139,24
455,365,813,Shamela0023593,242,384,582,133,35
455,5,365,Sham19Y0029560,2198,1201,1525,125,30
455,695,1358,Sham19Y0029560,2199,194,1293,394,42
455,31,1085,Sham19Y0029560,2202,876,1581,206,23
455,221,800,Sham19Y0023618,2000,273,692,139,23
455,237,798,Sham19Y0016618,346,377,847,181,33
456,603,1249,Sham19Y0013785,1023,1259,1568,174,34
456,262,1400,Shamela0009801,175,413,1569,579,49
456,262,967,Sham19Y0132962,1824,693,1587,529,69
456,967,1637,Sham19Y0132962,1825,1,508,343,62
456,512,1092,Sham19Y0017091,52,589,1145,259,53
456,843,1249,Shamela0001680,99,1073,1560,116,27
456,846,1494,Shamela0001680,112,131,614,190,34
456,868,1272,Shamela0008534,124,284,516,89,28
456,297,1258,Sham19Y0018159,25,609,1092,134,15
456,1025,1500,Sham19Y0037618,4921,879,1360,177,40
456,617,1637,Shamela0011758,362,680,1452,246,24
456,631,1376,Shamela0004473,16268,146,542,146,22
456,388,878,Sham19Y0029560,2199,297,684,57,9
456,262,1628,Sham19Y0029560,2200,68,1313,916,80
457,88,1246,Shamela0009801,176,334,1252,524,50
457,1194,1445,Shamela0009801,177,9,266,200,96
457,3,359,Sham19Y0017581,465,1233,1547,166,51
457,225,964,Sham19Y0132962,1811,34,1035,201,23
457,808,1370,Sham19Y0132962,1816,63,721,171,24
457,1,1194,Sham19Y0132962,1825,510,1599,631,54
457,1035,1327,Sham19Y0132962,1826,101,363,153,63
457,225,1094,Sham19Y0017091,50,958,1524,189,24
457,808,1284,Shamela0008534,124,437,1029,209,38
457,1,685,Shamela0007566,53,269,1256,227,23
457,1013,1527,Shamela0007566,54,71,725,221,37
457,938,1400,Shamela0010720,83,581,1079,150,34
457,1,923,Shamela0004473,15348,308,1245,188,17
457,1055,1603,Sham19Y0029560,2190,597,821,111,25
457,225,1258,Sham19Y0029560,2193,456,1327,248,25
457,1,1102,Sham19Y0029560,2201,57,1397,537,42
457,887,1529,Sham19Y0029560,2202,123,682,203,34
457,634,1162,Shamela0023660,48,1138,1600,247,52
458,734,1577,Shamela0009801,177,766,1327,346,49
458,648,1555,Sham19Y0132962,1818,131,961,226,23
458,648,874,Sham19Y0132962,1826,586,797,141,80
458,1062,1298,Sham19Y0132962,1826,1269,1553,156,69
458,19,366,Sham19Y0132962,1826,363,684,185,63
458,1298,1577,Sham19Y0132962,1827,1,164,116,47
458,1165,1522,Sham19Y0017091,49,37,1055,140,18
458,1062,1530,Sham19Y0029560,2195,984,1379,170,45
458,19,353,Sham19Y0029560,2202,576,884,187,68
458,1200,1555,Sham19Y0029560,2203,1,367,180,56
459,390,651,Shamela0009801,178,1,355,158,56
459,22,631,Sham19Y0132962,1827,701,1286,316,56
459,517,1002,Sham19Y0132962,1828,6,546,221,41
459,1457,1633,Shamela0000317,6,1352,1544,128,82
459,1110,1254,Shamela0000317,6,5,144,100,84
459,137,667,Sham19Y0029560,2203,685,1600,390,52
460,1,351,Shamela0000317,7,124,469,276,96
460,647,919,Shamela0000317,12,767,1355,214,45
460,602,919,Sham19Y0127654,3,694,1257,218,48
460,359,1378,Sham19Y0127671,17,56,1078,247,20
461,1102,1443,ShamAY0034251BK1,16,444,692,196,68
461,1151,1443,Sham19Y0014580,51,1059,1339,225,92
461,1102,1393,Sham19Y0150676,1856,1346,1595,188,73
461,1230,1443,Shamela0012286,3591,1,198,158,87
461,1102,1443,JK000195,187,770,1060,239,84
462,215,394,ShamAY0034251BK1,16,718,893,138,96
462,243,394,Sham19Y0132962,22,778,933,111,90
462,670,802,Sham19Y0132962,24,54,194,107,94
462,263,398,Sham19Y0014224,7,1357,1493,102,95
462,223,394,Shamela0000321,22,1410,1593,133,91
462,430,776,Shamela0000317,18,1247,1623,154,41
462,802,965,Shamela0000317,37,854,1012,119,92
462,802,965,Shamela0000317,43,981,1139,119,92
462,618,802,Shamela0009091,1274,266,451,145,97
465,861,1046,Shamela0009873,386,941,1120,132,81
465,861,1046,Shamela0026884,385,233,418,145,94
465,736,1046,JK000693,17,282,667,176,55
465,861,1046,Shamela0028168,505,728,922,144,89
465,807,1046,Shia002265Vols,1847,420,659,151,74
465,755,1046,ShamAY0033945,606,889,1244,177,61
465,861,1046,JK001236,264,978,1155,139,90
465,777,1046,Zaydiyya0000067,219,1101,1438,164,59
465,758,1046,JK009390,1609,879,1171,162,59
465,835,1046,Shamela0006590,713,527,715,133,76
465,861,1046,Shia003616Vols,2637,1253,1431,135,85
465,861,1046,Sham19Y0014592,1170,962,1144,147,97
465,826,1046,Shamela0000216,143,432,661,152,81
465,861,1046,Shia002067,268,890,1068,136,86
465,861,1046,Sham19Y0127677,1634,830,1023,145,90
465,777,1046,ShamAY0035035,3293,603,932,163,57
465,861,1046,Shamela0001438,2660,1160,1344,144,93
465,777,1046,Sham19Y0013223,715,1,333,171,63
465,861,1046,Sham19Y0017817,543,171,367,122,71
465,777,1046,Sham19Y0038171,821,383,716,171,59
465,916,1046,Sham19Y0132974,103,414,547,99,91
466,28,219,Shia001432Vols,20332,1371,1564,126,69
466,81,219,Shamela0001687,1478,1455,1592,111,99
466,81,219,Shia003923Vols,626,1278,1416,112,100
466,86,219,Shia003961Vols,698,143,269,98,90
467,385,532,Shamela0009270,82,388,549,83,60
468,200,349,Shia004092Vols,1346,405,557,98,73
468,200,349,Shia004092Vols,5794,530,682,98,73
468,227,349,Shia004092Vols,7320,58,202,92,81
468,214,349,Shia004092Vols,8554,1177,1336,99,79
468,200,355,Shia003429,210,761,919,101,72
468,200,349,Shamela0007351,134,959,1111,98,73
468,193,345,Shamela0007351,149,535,695,98,75
470,358,633,ShamAY0036018,444,632,859,127,53
470,358,652,JK000786,3735,917,1189,163,63
470,358,593,JK006838,1544,1228,1463,185,100
470,593,707,JK006838,1545,1,253,76,38
470,358,566,Shamela0005815,40,1259,1480,135,73
470,358,652,JK007082,123,598,853,165,62
470,358,707,Shia003616Vols,2754,483,972,251,62
470,361,652,Shamela0006864,1816,13,223,130,56
470,358,652,Shamela0023790,479,925,1172,165,63
470,358,707,Sham19Y0127700,365,427,946,268,65
470,1195,1370,JK001451,189,1,178,140,97
471,103,266,Shamela0026047,282,263,430,127,94
471,103,266,Shamela0010273,2105,692,859,127,94
471,103,266,Shia002616Vols,4467,1096,1263,127,94
471,854,1341,Sham19Y0127654,9,1318,1625,179,40
471,923,1341,Shamela0010443,11,1,427,341,96
471,103,266,Tafsir03037,1885,1162,1329,127,94
472,43,408,Shamela0021660,2683,14,436,226,55
473,1,181,Shia002294Vols,335,260,445,120,77
473,1,181,Shamela0023685,482,920,1051,104,71
473,1,181,Shamela0023177,203,253,433,142,98
473,1,181,Shia003732Vols,5890,1108,1290,118,76
473,1,181,Sham19Y0023618,2484,805,985,142,98
474,732,921,ShamAY0034134,765,203,476,145,67
476,308,500,Shamela0009107,478,1,189,120,71
476,198,417,Shamela0012981,1737,1011,1193,109,58
476,169,425,Sham19Y0018144,2811,796,1419,161,31
476,181,506,Shamela0037458,807,1087,1514,191,56
476,257,500,Shamela0023628,818,6,255,161,77
476,244,523,Sham19Y0017063,1248,528,938,188,58
476,169,500,ShamAY0033938,1450,859,1177,250,96
476,244,500,ShamIbadiyya0000193,2311,643,952,163,63
476,202,500,Shamela0095735,777,968,1445,156,36
476,244,479,Shamela0023685,1551,349,594,149,73
476,329,506,Shamela0000140,84,896,1348,111,29
476,202,552,ShamAY0034005,1039,818,1194,226,73
476,215,500,Shia002616Vols,3807,1050,1507,207,57
476,244,598,Shamela0008657,13,1,324,224,80
476,169,523,Sham19Y0020638,1222,650,1060,217,61
476,169,439,ShamAY0032665,2811,712,1349,166,31
476,169,514,Sham19Y0014592,454,1150,1502,264,94
476,169,500,JK000021,537,984,1299,237,89
476,169,434,Shamela0004473,3024,1322,1587,207,100
476,276,520,Sham19Y0132524,2798,1,250,189,95
476,181,479,Shamela0000432,4552,1231,1518,176,70
476,210,500,Tafsir07057,3312,694,1064,193,63
476,181,520,Sham19Y0013223,1098,867,1184,192,67
476,329,500,Sham19Y0122406,3876,6,177,135,100
476,202,446,Shamela0003118,4999,980,1242,169,79
476,169,598,Sham19Y0017616,451,463,891,291,85
476,198,479,Shamela0021629,195,589,858,158,66
477,175,379,Shia001782Vols,137,309,488,141,87
477,175,379,Sham19Y0148271,435,566,753,147,91
477,227,357,Shia002265Vols,4674,1261,1380,95,91
477,247,379,Shamela0012220,1325,1,131,102,98
477,227,379,Shamela0026324,4540,108,258,116,97
477,182,379,JK009390,847,1200,1362,123,78
477,150,379,Sham19Y0014592,3367,1376,1597,166,88
477,227,379,Sham19Y0127677,791,207,346,110,91
477,227,379,Shamela0001438,1620,719,859,110,90
477,235,379,Shamela0025794,4006,1,145,114,100
477,175,379,Sham19Y0127668,136,898,1064,125,78
477,175,379,Shamela0012027,328,365,544,140,86
477,154,314,Sham19Y0038171,33,1284,1483,108,65
477,259,379,Shamela0009567,61,9,129,94,100
478,377,878,Sham19Y0013252,9358,691,1188,397,98
478,649,878,Sham19Y0013252,9359,1,231,180,99
478,396,842,JK009324,3474,1077,1530,356,97
478,377,856,Sham19Y0018103,3737,1034,1508,380,98
478,377,878,Sham19Y0018176,2266,765,1265,399,99
478,587,878,Shamela0021715,9579,1,290,227,98
478,607,878,Sham19Y0127656,747,1,271,211,98
478,377,867,Shamela0009795,264,324,883,362,76
478,630,878,Sham19Y0016584,4196,1,247,192,98
478,377,878,Shamela0005756,14059,139,640,396,98
478,377,878,Sham19Y0018106,3794,459,959,399,99
478,377,878,Shamela0008534,36,536,1015,329,82
478,386,878,Sham19Y0037618,1166,679,1195,392,94
478,432,878,JK000110,1673,1,454,357,98
478,377,878,Sham19Y0016684,1916,782,1279,397,98
478,415,878,Shamela0001341,83,1,453,357,94
478,343,878,Shamela0010517,732,34,604,407,89
478,343,878,Shamela0010517,780,221,797,405,85
478,386,878,Shamela0012991,148,263,742,380,95
479,1086,1282,Shamela0021608,1221,1050,1249,154,95
479,479,668,Shamela0021715,3,1246,1488,140,71
479,410,668,ShamAY0034641,132,1124,1407,145,58
479,1043,1243,JK009279,174,537,1138,135,27
479,1043,1207,Sham19Y0018274,275,1355,1515,114,86
480,714,868,Sham19Y0018106,103,1046,1244,121,76
481,997,1428,Shia001782Vols,2055,37,434,262,71
481,1128,1428,Shamela0001733,369,39,364,234,88
481,997,1550,Shamela0008473,669,114,849,273,39
481,997,1423,ShamAY0034585,807,552,1028,250,59
481,1308,1434,Shia002669,144,170,296,103,100
481,997,1541,Shia001975,20,819,1302,227,37
481,997,1423,JK000791,176,422,925,229,44
481,1105,1428,Shamela0022547,2205,635,1052,253,73
481,1308,1428,Shamela0011363,119,1381,1498,93,92
481,1308,1440,Shamela0023631,606,1267,1400,103,94
481,194,432,Shamela0011769,91,580,817,193,98
481,1007,1428,ShamAY0034054,361,1024,1537,280,67
481,1096,1434,Shamela0036446,799,69,446,252,80
481,997,1423,Shamela0007798,1273,114,605,268,60
481,1002,1434,Shia002508Vols,50,445,904,222,46
481,1308,1434,Shamela0002247,27,89,218,103,97
481,1193,1541,Shia002616Vols,886,1,353,183,57
481,1007,1428,Shamela0011816,208,137,599,237,59
481,1096,1434,Shamela0023594,166,1184,1546,218,65
481,1203,1428,Shamela0012884,614,11,236,185,100
481,171,432,JK003609,5383,1191,1446,204,95
481,997,1434,Shamela0008658,310,955,1476,288,67
481,997,1428,Tafsir09084,249,486,984,237,46
481,997,1428,Shamela0004445,1371,500,1007,236,46
481,997,1434,Shamela0021809,471,939,1427,240,47
481,1002,1363,Shamela0023623,376,1113,1567,229,56
481,1007,1434,Shamela0002102,219,866,1358,281,68
481,1308,1428,Shamela0010463,320,662,779,93,92
481,1007,1428,Shamela0000347,50,365,866,272,67
482,1,170,Sham19Y0013252,6191,1044,1188,106,77
482,1,172,Shamela0096228,432,1007,1157,117,86
482,1,170,Shamela0003722,8041,957,1112,123,91
482,1,170,JK000532,312,597,748,119,87
482,1,170,Shamela0025800,2391,313,465,119,87
482,1,170,Shia001976Vols,1085,666,821,123,91
482,1,170,Sham19Y0018103,2410,1155,1299,106,77
482,1,124,JK000786,3298,1262,1383,84,79
482,1,170,Sham19Y0018144,2590,1082,1232,119,88
482,1,170,Sham19Y0018176,1355,662,806,106,77
482,909,1062,Shamela0021715,101,40,192,125,99
482,1,170,Shamela0021715,5771,323,467,106,77
482,1,170,ShamAY0033938,1331,605,774,136,100
482,1,170,Sham19Y0016584,2670,212,356,106,77
482,1,170,Shamela0005756,10199,625,769,106,77
482,1,170,Sham19Y0018106,2531,502,646,106,77
482,1,170,Shamela0007012,110,616,762,115,85
482,1,170,Sham19Y0016555,2,898,1058,129,94
482,1,170,Sham19Y0020638,1115,541,697,125,92
482,1,170,ShamAY0032665,2590,992,1142,119,88
482,1,170,Shia003616Vols,1779,1181,1337,112,80
482,1,232,Shamela0006617,772,346,582,123,50
482,1,170,JK001324,30,1151,1403,121,55
482,1,170,Sham19Y0127677,7557,111,255,106,77
482,1,172,JK007065,493,1141,1291,119,87
482,1,170,JK000110,935,898,1042,106,77
482,1,170,ShamAY0032945,6,744,900,125,92
482,1,170,Shamela0012062,79,590,746,125,92
482,1,170,Shamela0025794,971,433,598,122,85
482,1,170,Shamela0010906,4044,1287,1442,123,91
482,1,170,ShamAY0032379,215,676,822,116,85
482,1,170,Shia001960,511,1063,1231,123,84
482,45,177,Sham19Y0122406,3615,1,146,106,91
482,1,170,JK000482,69,474,639,123,86
482,1,170,Shamela0021493,32,1236,1384,117,86
482,1,170,Sham19Y0013666,127,909,1055,102,75
482,1,170,Shamela0023700,1762,1020,1164,106,77
484,318,599,Shamela0021660,67,430,710,220,96
484,492,778,Sham19Y0013769,64,518,988,166,40
484,464,778,Sham19Y0013252,289,172,443,149,56
484,318,599,Shamela0021719,8,537,830,218,91
484,464,778,Sham19Y0014556,742,922,1238,146,43
484,331,778,Sham19Y0132524,1735,26,430,175,37
484,439,766,Shamela0010443,14,1203,1535,140,46
484,285,599,Sham19Y0020583,1084,473,788,213,76
484,477,778,Sham19Y0122096,112,219,446,106,44
485,1284,1516,Shamela0001673,10765,1,196,126,66
485,1270,1516,Shamela0006947,20670,133,468,182,67
485,1274,1516,Shamela0000432,6206,125,445,175,67
485,164,360,ShamAY0035035,9030,369,679,132,54
485,1270,1516,ShamAY0035990,477,395,820,169,50
486,1335,1451,Sham19Y0013252,10993,234,351,91,99
486,1206,1451,Sham19Y0017350,1109,354,611,142,56
486,1335,1465,Shamela0001673,861,179,319,98,89
486,58,317,Shamela0001673,10766,462,722,216,99
486,317,542,Shamela0001673,10768,61,365,176,71
486,317,542,Shamela0006947,20671,941,1245,176,71
486,58,317,Shamela0004473,11809,733,931,165,75
486,321,542,Shamela0000432,6207,1,264,143,58
487,253,416,Shamela0009059BK1,2926,882,1056,115,82
487,1,281,Shamela0009059BK1,2927,910,1326,160,48
487,1,302,Shamela0003565,6909,986,1420,196,56
488,81,527,Sham19Y0013252,5720,168,605,318,83
488,102,527,Shia002294Vols,512,921,1327,306,83
488,102,527,Shia002294Vols,581,573,981,308,85
488,16,535,Shamela0010273,345,379,938,392,81
488,84,527,Shamela0028168,453,365,710,257,68
488,152,535,ShamAY0033760,429,5,377,288,87
488,102,527,Shamela0023177,304,369,775,309,85
488,200,527,Shamela0009823,377,27,346,236,80
488,16,183,Tafsir03037,271,1364,1593,130,71
488,183,535,Tafsir03037,272,1,331,261,87
489,924,1175,Shamela0003565,3855,1,347,203,71
489,419,564,Shamela0021715,57,922,1075,101,77
489,389,564,Shamela0010717,195,555,782,124,64
490,1328,1510,Shia003952Vols,65,1004,1190,147,97
490,996,1194,Sham19Y0017745,38,794,1090,60,18
490,1332,1498,Shamela0005756,1229,366,537,131,93
490,1321,1510,Sham19Y0150600,717,761,928,126,80
491,1,183,Shia003952Vols,70,265,446,147,98
491,928,1316,ShamAY0034350,106,711,1097,262,80
491,665,890,Shamela0001673,1040,1062,1284,138,70
491,665,878,Sham19Y0132963,236,1293,1500,129,70
491,9,189,Shamela0004473,9653,1,201,135,79
493,549,723,Shamela0009973,83,237,396,122,83
495,866,1248,Shamela0009059BK1,2765,741,1122,304,98
495,873,1248,Shamela0003565,6654,914,1463,258,57
496,562,733,Shamela0021660,997,1,212,116,68
496,526,727,Shia001432Vols,20311,320,526,153,92
496,441,733,Shamela0008176,6589,567,815,138,60
496,253,409,Sham19Y0013605,251,1,170,127,90
496,587,733,Sham19Y0150962,1269,161,308,115,98
496,537,683,Shamela0025800,810,283,439,114,90
496,587,717,Sham19Y0122257,2980,1,132,101,97
496,530,733,Sham19Y0014119,1475,147,368,157,88
496,486,733,Shia002265Vols,6156,908,1131,165,83
496,537,733,Shia002265Vols,6157,1,192,150,94
496,530,727,Shamela0001687,4471,220,417,153,96
496,537,727,Shia002616Vols,6987,661,856,150,95
496,537,683,Shia002616Vols,7294,791,948,115,89
496,537,733,Shia003732Vols,583,426,642,153,88
496,486,733,Shamela0009810,1533,1132,1376,167,78
496,598,740,Shia003923Vols,60,1,143,107,94
496,537,667,Shia003616Vols,5358,1348,1489,103,90
496,486,703,Shia001269,233,1269,1461,142,81
496,584,733,JK000201,3058,1215,1365,117,98
496,537,733,Sham19Y0127677,6462,903,1099,156,98
496,486,733,Sham19Y0127677,7775,112,335,166,83
496,537,755,Shia002185Vols,4321,1070,1282,160,91
496,486,727,Sham19Y0122096,694,739,957,157,79
497,998,1225,Shamela0008473,4467,1170,1382,174,93
497,998,1225,Sham19Y0020587,372,330,557,186,100
497,998,1225,Sham19Y0037618,7481,261,473,174,93
497,1002,1164,Tafsir07057,4751,300,443,114,86
497,1019,1164,Tafsir09084,2296,787,932,119,99
497,890,1164,Tafsir09083,1472,1112,1524,164,43
498,974,1146,Shamela0001535,2863,265,429,130,94
499,963,1253,ShamIbadiyya0000109,7906,764,1057,224,97
499,958,1253,Sham19Y0149697,4831,209,493,217,93
499,926,1253,Sham19Y0014297,2741,953,1259,220,86
500,276,764,Shamela0005756,636,622,1131,369,88
500,1137,1276,Sham19Y0145212,105,1100,1500,83,26
502,5,195,Shamela0005756,651,914,1212,147,61
504,1131,1398,Shamela0000091,1825,1207,1456,188,82
505,1185,1372,ShamAY0034251BK3,1949,1363,1542,122,69
505,1171,1372,Shamela0023685,716,287,482,134,70
505,776,1372,Shia003732Vols,1194,231,936,400,63
505,1190,1372,Shamela0009702,36,1115,1323,139,79
505,788,1086,Shamela0006864,650,849,1178,218,78
505,1180,1362,Shamela0026568,626,188,366,115,65
506,302,539,Sham19Y0122255,18,1288,1511,165,80
508,770,889,Shamela0009059BK1,2489,1419,1539,96,99
508,770,959,Shamela0003565,6114,1037,1460,146,43
508,1050,1196,Shamela0003565,6115,1,226,113,64
508,763,889,Shamela0021599,3083,1321,1449,97,94
508,896,1213,Shamela0021599,3084,100,452,173,53
508,1059,1215,Shamela0009059BK2,6224,29,184,117,96
508,1017,1217,JK000196,6221,831,1113,155,69
508,770,889,Shamela0021598,5848,1176,1296,96,99
508,896,1139,Shamela0021598,5849,1266,1439,93,48
508,1097,1215,Shamela0021598,5850,1,108,79,88
508,763,924,Shamela0000963,2695,1167,1562,121,38
509,780,1034,Shamela0007562,285,585,825,156,74
509,815,1034,Shamela0009810,1571,1324,1484,123,67
509,780,1034,Shia003923Vols,1101,670,895,157,75
509,780,1034,Sham19Y0018272,572,521,765,191,89
510,556,670,Shamela0025011,5,104,215,72,83
510,556,670,Shamela0021608,1777,1098,1212,83,94
510,556,670,Shamela0023631,3213,508,622,85,96
510,563,670,Shamela0001585,309,1107,1215,77,88
510,556,670,Sham19Y0023625,2648,452,566,86,96
510,563,670,Shamela0010509,38,1183,1288,70,85
510,556,670,ShamIbadiyya0000760,220,1252,1366,80,86
510,534,670,Sham19Y0014592,1085,283,434,81,67
510,556,670,Sham19Y0000760,216,921,1034,73,83
510,556,675,Shamela0000432,4159,146,261,75,84
510,563,675,Tafsir07076,6179,612,716,72,83
510,556,670,Tafsir07057,3414,1184,1295,74,85
510,542,670,JK010001,1393,1247,1368,79,82
510,563,670,JK000917,1053,380,488,77,88
510,563,670,Shamela0005683,97,1097,1202,69,85
510,542,670,Tafsir07055,1470,276,397,80,83
512,454,621,Sham19Y0018279,376,576,728,122,88
512,454,621,Shamela0001515,114,310,457,121,88
512,132,636,Shamela0036569,41,353,858,404,93
512,454,621,Shamela0002215BK1,812,1181,1337,120,86
512,454,621,Shamela0036558,175,1274,1423,120,86
513,694,1010,Shamela0000140,413,1310,1567,159,57
513,694,1010,Shia001764Vols,971,324,679,229,74
513,705,1010,Shamela0021590,453,1,194,109,42
513,699,1010,Sham19Y0018272,489,469,750,152,50
513,694,1010,Sham19Y0017747,567,182,480,197,70
513,694,947,Shia001831Vols,240,553,715,93,42
513,733,1010,Sham19Y0001729,2604,445,761,193,68
514,9,183,Sham19Y0013783,237,553,733,135,96
514,1,112,Shamela0008381,1697,1406,1521,87,96
514,1,183,Shamela0008360,201,607,790,135,93
514,1,183,Shia001913Vols,81,178,380,124,77
514,1,183,Sham19Y0013252,2349,22,204,142,100
514,9,183,Sham19Y0013614,193,1,183,133,93
514,9,183,Shia000317Vols,2306,370,551,134,95
514,1,186,Sham19Y0032195,289,995,1233,140,75
514,9,144,JK009324,797,1341,1476,106,100
514,1,183,JK006897,120,1284,1466,142,100
514,1,183,Shamela0000107,2118,446,626,136,94
514,1,222,Sham19Y0013785,112,271,490,152,83
514,1,183,Sham19Y0148271,1366,1115,1361,137,71
514,1,183,Shamela0023644,1881,1180,1362,142,100
514,9,183,Sham19Y0017885,358,360,539,133,95
514,1,183,Shamela0008176,1820,506,692,140,96
514,727,831,Sham19Y0017745,63,774,878,82,100
514,1,124,Sham19Y0013605,1466,1184,1307,97,100
514,1,233,Shamela0001875,453,453,676,153,82
514,9,186,Shamela0025800,2446,1171,1406,136,74
514,9,183,Shia000263Vols,1040,655,835,135,96
514,1,183,Sham19Y0122257,848,189,375,138,95
514,1,183,Sham19Y0018103,1037,395,577,142,100
514,1,183,Sham19Y0019230,737,969,1209,138,74
514,1,183,Shamela0096283,111,492,674,142,100
514,1,183,Shamela0009242,1142,1101,1286,142,98
514,1,183,Sham19Y0018176,507,36,218,142,100
514,1,183,Sham19Y0014119,176,481,670,140,95
514,9,183,Shia000134VolsBK2,367,1160,1341,134,95
514,1,222,Shamela0012014,260,399,614,153,85
514,1,183,Shamela0021715,1941,765,947,142,100
514,1,183,Sham19Y0017063,293,269,455,140,96
514,1,183,ShamAY0033938,1364,1189,1429,138,74
514,1,183,Shia002265Vols,3755,978,1185,141,87
514,9,183,Shia000220Vols,678,1171,1353,132,93
514,1,183,Sham19Y0016584,1072,351,533,142,100
514,1,183,Sham19Y0023625,2127,1251,1427,132,89
514,1,183,ShamAY0034005,249,1222,1441,130,77
514,1,183,Tafsir07053,308,226,456,140,78
514,1,183,Shamela0005756,4520,734,917,142,99
514,1,183,JK000916,3721,340,941,137,29
514,9,183,Shia001924,2,1208,1390,115,79
514,9,183,Shamela0036446,1236,624,850,134,76
514,1,183,Sham19Y0018106,950,610,792,142,100
514,518,633,Shamela0001673,9496,323,438,92,100
514,9,175,Shamela0010488,200,74,256,105,72
514,1,222,Shamela0021677,425,425,642,151,83
514,1,183,ShamAY0031687,442,237,486,137,71
514,9,183,Sham19Y0013577,374,577,758,136,96
514,1,183,Sham19Y0020638,1155,553,792,140,75
514,1,183,Shia001368,279,490,723,135,73
514,1,190,Shamela0000767,437,688,882,143,94
514,9,183,Shia000121Vols,461,443,624,134,95
514,1,183,ShamIbadiyya0000229,1874,867,1053,140,96
514,9,175,Sham19Y0127677,1347,641,825,130,90
514,1,183,Sham19Y0127677,2570,852,1058,141,87
514,1,183,Sham19Y0127677,14759,506,689,142,99
514,9,183,ShamAY0034282,910,830,1028,118,74
514,1,183,Sham19Y0017791,456,770,960,140,94
514,82,190,Sham19Y0017791,457,158,296,74,70
514,55,186,JK007065,986,6,176,101,77
514,1,183,JK000110,274,684,866,142,100
514,9,183,Shia000841Vols,467,1011,1192,133,94
514,1,105,Sham19Y0145212,1084,1334,1438,82,100
514,1,109,Shamela0009823,659,1388,1499,84,96
514,9,183,Shamela0006886,80,820,997,135,97
514,9,183,JK000734,43,271,452,136,96
514,9,158,Sham19Y0014299,513,176,570,83,24
514,4,165,ShamAY0035035,1821,1,159,118,92
514,1,124,Tafsir07076,3063,1369,1495,97,97
514,9,183,Shamela0005922,711,58,239,136,96
514,1,183,Sham19Y0016976,518,270,460,140,94
514,1,222,Shamela0021693,266,56,266,152,86
514,1,183,Shamela0001438,4159,442,648,141,87
514,1,183,Shamela0025794,1543,1048,1296,138,71
514,1,183,Shamela0025794,1748,177,418,140,74
514,25,183,Sham19Y0016684,485,1,159,123,100
514,55,183,Shamela0010906,1071,13,141,84,81
514,1,190,ShamAY0034059,1285,837,1032,141,93
514,1,183,Shamela0004289,1521,1061,1288,140,79
514,1,233,Sham19Y0013223,133,817,1022,153,81
514,1,183,Shia002264,43,91,279,141,96
514,9,183,Shia000234Vols,2397,1241,1422,135,95
514,1,183,Sham19Y0001729,2435,136,330,120,76
514,1,183,Sham19Y0122406,3695,579,819,138,74
514,9,183,Sham19Y0123608,237,634,815,136,96
514,47,186,Sham19Y0013572,1097,733,920,103,72
514,9,203,Shamela0011444BK2,280,271,483,136,82
514,1,183,Shamela0021493,109,1191,1431,138,74
514,9,183,ShamAY0033660,55,399,637,132,71
514,1,183,Shamela0003118,1377,448,694,138,72
514,1,183,Sham19Y0131521,7129,1151,1333,142,100
514,1,183,Shamela0006610,273,261,446,141,97
514,9,233,Sham19Y0127700,345,1183,1434,146,66
514,1,233,Sham19Y0038171,538,713,925,151,82
514,1,233,Shamela0011036,227,668,877,151,82
514,9,183,Shia001551,382,745,924,133,93
514,1,183,Shamela0011993,569,265,453,142,96
514,1,190,ShamAY0035990,193,32,778,136,23
514,1,183,Sham19Y0017616,423,43,283,138,74
514,1,183,Sham19Y0019188,598,552,738,142,97
514,1,222,JK007107,172,35,247,152,85
515,161,276,Shamela0009059BK1,3032,1341,1456,91,99
515,161,276,Shamela0011327,150,793,915,91,93
515,173,276,Shamela0000963,1451,100,210,82,93
516,1421,1550,Shia001432Vols,26288,944,1102,67,56
516,1418,1554,JK000916,17464,304,441,106,99
516,1418,1554,Shamela0003118,5093,140,283,106,95
517,1,180,JK011358,23,772,931,116,78
517,1,180,JK000916,17464,441,620,143,100
517,1,180,Shamela0005355,73,564,794,120,67
517,1,180,Shamela0012062,291,1142,1376,125,68
517,1,180,Shamela0003118,5093,283,463,143,99
518,114,276,Shamela0035101,814,610,914,91,33
518,948,1098,JK003608,318,1101,1253,110,90
519,937,1082,Shamela0012036,1000,1077,1226,110,92
519,254,434,Shamela0023361,408,359,480,92,65
519,254,434,Shamela0021571,53,1162,1283,93,66
519,937,1082,Shamela0021598,6575,1264,1413,110,92
519,254,434,JK006970,53,1071,1193,91,63
519,937,1082,JK000208,4192,1303,1452,110,92
522,544,689,Shamela0009059BK1,287,879,1107,110,59
522,39,457,Sham19Y0018568,77,589,1021,327,93
522,1176,1401,Shamela0008176,6070,653,870,171,90
522,138,314,ShamAY0000351,434,344,463,95,67
522,1176,1404,Sham19Y0122257,2774,1203,1419,167,87
522,1176,1401,Shamela0001687,7041,1155,1355,139,67
522,148,502,Shamela0000140,389,700,1246,202,44
522,262,457,Sham19Y0023625,74,839,1039,133,74
522,1176,1401,Shamela0005756,7859,400,615,169,89
522,1164,1401,Shamela0001673,8967,1245,1463,177,91
522,138,314,Shamela0001673,11353,944,1063,95,67
522,1161,1401,Shia002170Vols,763,335,608,189,84
522,1161,1401,Shia003923Vols,1271,237,476,147,61
522,138,314,Shia003616Vols,4012,1075,1194,95,67
522,1164,1401,Sham19Y0018272,539,481,696,170,85
522,1216,1401,Shia004664,125,1066,1255,148,92
522,1176,1401,Shia003965Vols,9728,1110,1339,180,93
522,1132,1357,JK009365,204,1127,1389,161,71
525,97,307,Shia001764Vols,2333,1352,1570,158,87
525,97,310,Sham19Y0018272,1247,1114,1328,157,88
525,97,307,Shia001831Vols,497,532,681,105,59
525,1114,1322,Shamela0010443,151,679,879,142,79
526,883,1315,Shia001432Vols,16458,694,1086,279,77
526,883,1315,Shamela0001733,534,105,619,250,51
526,944,1322,Shamela0008176,7824,975,1336,176,49
526,906,1322,Shamela0010283,4391,429,1215,212,31
526,883,1318,Sham19Y0148486,5248,381,743,184,46
526,886,1322,ShamAY0034441,512,128,537,178,44
526,1167,1380,Shamela0026484,535,1,261,99,44
526,951,1322,Shamela0009784,1633,255,1068,189,27
526,883,1315,JK009408,516,786,1274,233,49
526,883,1322,JK006838,1540,146,528,191,50
526,951,1322,Shia004092Vols,4367,355,785,179,47
526,883,1318,Shia004092Vols,9476,63,458,190,45
526,883,1315,Shia004092Vols,12345,399,891,243,52
526,51,259,Shamela0005756,14206,620,805,124,63
526,48,263,Shamela0001673,9799,1282,1482,131,64
526,886,1328,Shamela0001673,11044,1147,1471,197,54
526,1044,1322,Shia003732Vols,4843,1,240,148,58
526,883,1383,JK000778,224,144,603,210,47
526,883,1380,Shia003444,16,707,1211,217,47
526,1014,1322,Shamela0006617,977,908,1170,168,66
526,869,1315,Shia003707Vols,507,1043,1466,284,73
526,886,1318,Shamela0010664,113,953,1278,204,58
526,883,1315,Shia003698,286,693,1177,241,51
526,944,1322,Shamela0001001,136,95,465,177,49
526,886,1318,Shamela0003118,1780,251,554,187,54
526,883,1315,JK000022,433,799,1178,277,77
526,944,1315,Shamela0023700,564,175,615,198,48
526,883,1100,Zaydiyya0000131,277,1204,1509,142,55
527,590,690,Shamela0005816,550,613,713,79,100
528,1089,1276,Shia003923Vols,381,994,1148,122,81
529,1116,1317,Shamela0009059BK2,6822,202,396,156,95
529,1116,1317,JK000196,6818,652,846,156,95
531,1239,1392,Sham19Y0016976,665,343,496,116,92
534,737,967,Sham19Y0132524,2449,683,1031,144,51
534,367,520,Sham19Y0018272,669,748,904,126,98
534,367,520,Sham19Y0131521,6329,62,207,110,83
535,657,788,JK000477,817,1,132,103,100
535,634,757,Shamela0010443,210,349,487,91,84
546,177,668,Sham19Y0014580,3142,7,705,113,14
551,1261,1396,Shamela0021660,3709,903,1038,110,97
556,621,756,JK000001,2505,544,685,108,95
556,621,756,Shamela0000482,472,999,1145,104,89
556,997,1265,JK009365,150,1200,1464,191,87
558,1318,1510,Shamela0010488,341,437,681,137,71
560,769,1034,Shamela0009242,13,9,351,180,64
560,765,1015,Shia004456Vols,310,28,288,204,96
560,693,1015,Sham19Y0007729,272,921,1451,200,44
560,1201,1403,Shamela0026842,39,342,538,148,91
560,693,1015,Shamela0009329,95,240,798,261,57
560,713,883,JK000990,238,1337,1493,125,87
561,1,123,Shamela0008360,42,1261,1387,94,92
561,1,123,JK009324,83,152,268,94,95
561,450,701,Shamela0037325,3089,65,282,160,76
561,1,123,Shamela0008176,524,376,502,94,92
561,1,123,Sham19Y0013605,327,1345,1467,99,100
561,1,123,Shamela0025800,2099,643,771,94,91
561,1,123,Sham19Y0122257,286,812,938,94,92
561,1,134,Sham19Y0018103,218,402,531,102,95
561,1,123,Sham19Y0018176,92,709,831,99,100
561,442,701,Shamela0003055,2339,918,1438,176,41
561,492,701,Shamela0003055,2351,365,568,153,87
561,442,701,Shamela0003055,2384,370,862,172,41
561,1,123,Sham19Y0017729,54,366,492,94,92
561,1,123,Sham19Y0016584,150,1088,1210,99,100
561,1,236,Sham19Y0023625,2330,158,335,116,62
561,1,123,Shamela0037837,112,896,1023,99,96
561,1,123,Shamela0005756,827,863,985,99,100
561,1,123,Shamela0036446,46,446,572,94,92
561,349,701,Shamela0008514,85,417,741,173,47
561,1,123,Sham19Y0132963,312,997,1119,99,100
561,1,140,Sham19Y0014592,1810,94,237,98,85
561,1,364,Shamela0004473,88,214,484,129,38
561,492,701,Shamela0004473,14667,53,292,159,82
561,1,123,Shamela0004473,16280,1364,1486,99,100
561,1,123,JK007065,114,210,337,94,92
561,1,123,JK000110,25,123,245,99,100
561,512,726,ShamAY0034570,55,701,924,156,83
561,1,123,Shamela0000432,4534,235,357,99,100
561,1,123,Shamela0000432,5947,706,831,93,92
561,1,123,Shamela0010639,311,963,1089,94,92
561,1,123,Sham19Y0016684,130,303,425,99,100
561,1,123,Sham19Y0017903,64,840,966,94,92
561,349,673,Shamela0010443,366,1311,1607,150,43
561,1,123,Sham19Y0013572,253,1195,1321,94,92
561,1,123,Sham19Y0127700,292,561,687,94,92
562,1,195,Sham19Y0122257,252,886,1089,134,76
563,135,360,Shia001432Vols,22901,33,334,178,72
563,142,360,Shia002294Vols,871,296,431,95,54
563,1360,1571,Shamela0007562,199,842,1065,159,80
563,221,360,Shamela0008176,6263,50,188,108,93
563,1360,1571,Sham19Y0133377,49,408,618,168,92
563,1372,1571,Sham19Y0122257,86,524,771,157,74
563,129,360,Sham19Y0122257,2856,247,592,183,64
563,142,360,Sham19Y0017063,1268,1063,1196,90,50
563,142,360,Shia003923Vols,78,9,219,126,60
563,135,360,Shia003961Vols,87,564,798,161,80
563,135,360,Sham19Y0127677,9203,928,1247,173,65
563,135,360,Sham19Y0018272,1595,422,655,124,55
564,9,300,Shamela0021660,2427,182,469,219,91
564,1,529,Shamela0007562,199,1065,1501,319,71
564,536,748,Shamela0007562,200,25,313,157,62
564,355,591,Shamela0008176,197,46,227,111,51
564,1,300,Sham19Y0133377,49,618,929,241,94
564,361,728,Sham19Y0133377,50,23,716,267,45
564,1,517,Sham19Y0122257,86,771,1577,372,53
564,536,1159,Sham19Y0122257,87,179,423,187,36
564,355,591,JK000201,3332,414,589,108,55
564,350,696,Sham19Y0014299,360,87,743,259,46
564,9,300,Sham19Y0122096,1693,937,1240,220,86
565,526,707,Shamela0003565,1352,161,297,108,74
565,526,707,Shamela0009059BK2,1326,924,1092,133,92
565,526,696,JK000196,1326,1298,1455,125,91
565,526,707,Shamela0021598,1214,964,1142,141,97
565,526,707,JK000208,687,459,660,134,78
567,1251,1515,Shamela0036066,29,637,1220,110,21
567,1268,1515,ShamAY0033599,55,760,1436,129,21
567,1348,1520,Shia000806Vols,139,1,597,105,20
567,1268,1403,Shia004092Vols,1523,577,700,92,86
567,1251,1403,Shia004092Vols,11454,244,425,96,59
567,1268,1515,JK000916,9349,403,1044,146,26
567,1295,1520,Shia003429,248,1,643,135,24
567,1268,1515,Zaydiyya0000342,242,660,1304,145,26
567,1251,1515,Shamela0036091,272,547,1121,110,21
567,992,1154,JK009301,33,953,1105,119,86
567,1268,1520,Shamela0021493,82,610,1273,158,27
567,1278,1515,Shamela0003118,3034,223,876,135,24
567,1268,1520,JK000022,86,177,846,152,26
568,1,242,Shamela0012031,113,1262,1484,152,74
568,1,391,Shia001432Vols,12936,740,1099,245,73
568,1,277,Shia001432Vols,15571,1264,1554,175,63
568,1,381,Shia001432Vols,28941,723,1094,229,63
568,1,329,Shamela0036066,29,1228,1514,194,69
568,1,317,Zaydiyya0000087,176,1248,1527,189,67
568,87,391,JK007063,329,1,277,165,62
568,1,391,Shamela0008353,808,481,1039,231,46
568,134,391,ShamAY0033599,56,1,254,151,65
568,1,329,Shia002371,20,1267,1562,202,71
568,1,391,Shia004030Vols,2294,373,746,240,71
568,1,391,Shia000806Vols,139,597,974,297,94
568,1,293,Shia004092Vols,1523,49,291,141,51
568,1,293,Shia004092Vols,3186,235,477,141,51
568,1,391,Shia004092Vols,5883,943,1299,228,68
568,1,391,Shia004092Vols,11450,838,1210,240,71
568,119,266,Shia004092Vols,11452,1347,1494,116,98
568,195,363,Shia004092Vols,12669,71,341,94,41
568,1,266,Shia004092Vols,13181,715,961,171,76
568,1,391,JK000916,9349,1050,1426,294,93
568,1,381,Shia001391,116,506,904,233,62
568,11,266,Zaydiyya0000142,2356,835,1051,172,84
568,1,293,JK000919,351,865,1100,140,51
568,1,391,Shia002213,94,351,732,232,68
568,1,391,Shia001353,10,798,1171,242,71
568,1,381,Shia003732Vols,5108,492,843,254,83
568,1,288,Shamela0012751,30,166,450,175,68
568,1,391,Shia003716,22,293,674,250,74
568,1,391,Shia003429,248,643,1017,298,94
568,1,391,Shia003702,89,798,1170,241,71
568,134,266,Shamela0026520,94,792,938,94,79
568,1,381,Shia001348,38,320,715,269,80
568,1,277,SHAM19Y23644,2399,1259,1506,167,70
568,1,391,Shia001421Vols,358,831,1209,245,72
568,1,183,Zaydiyya0000342,242,1310,1507,141,88
568,183,381,Zaydiyya0000342,243,1,188,143,88
568,1,284,Zaydiyya0000342,1051,1323,1547,150,60
568,11,293,Shia003707Vols,70,845,1101,134,46
568,1,391,Shamela0036091,272,1129,1493,231,67
568,1,381,Shia004021,113,791,1195,239,62
568,1,266,Zaydiyya0000037Vols,435,504,802,191,76
568,1,391,Shamela0010646,826,381,743,279,87
568,1,391,Shamela0025791,993,363,750,245,71
568,1,293,Sham19Y0013223,1575,15,250,140,51
568,17,297,JK009301,36,31,252,135,56
568,1,293,Shamela0000558,194,780,1021,134,48
568,1,200,Shamela0021493,82,1273,1499,149,78
568,200,451,Shamela0021493,83,1,194,140,69
568,1,391,Sham19Y0132973,269,220,603,235,66
568,1,391,Shamela0003118,3034,882,1257,295,93
568,1,293,Shia003727Vols,145,1273,1519,137,48
568,1,391,JK000022,86,846,1222,300,95
568,226,391,Shia003636Vols,933,1,160,104,73
568,1,391,Shamela0021629,29,1071,1476,259,74
571,278,469,ShamAY0038201,107,1258,1444,151,96
571,278,469,Shamela0021608,413,968,1154,151,96
571,278,463,Zaydiyya0000266,168,933,1116,140,92
571,278,469,Sham19Y0020892,162,45,226,148,94
572,1187,1447,Sham19Y0013252,297,1,210,134,62
572,1344,1447,Shia004050,105,376,479,80,98
572,1122,1447,Sham19Y0133377,167,896,1185,210,81
572,1126,1447,Sham19Y0014447,8,1018,1325,167,60
572,1122,1447,Shamela0005756,81,84,514,183,47
572,1122,1447,Sham19Y0017437,591,173,670,201,50
572,1179,1447,Shamela0009823,86,5,214,133,58
572,1122,1243,ShamAY0038409,1,1726,1834,86,89
572,1321,1454,Sham19Y0029560,338,1331,1465,102,96
572,1122,1447,Shamela0001717,4046,1111,1382,172,58
574,825,982,Shamela0008360,755,947,1107,121,90
574,800,1011,Zaydiyya0000274,457,1175,1383,131,68
574,791,1011,Shamela0012851,40,347,567,152,81
574,791,1011,Shamela0006025,459,327,545,145,76
574,808,1017,Tafsir06048,613,283,531,157,79
574,791,1011,Shamela0013039,77,105,342,169,87
574,800,982,Shamela0008176,6343,854,1038,134,88
574,849,1062,ShamAY0034434,90,1,211,132,67
574,854,1011,JK001297,209,748,926,121,79
574,138,479,Sham19Y0133377,71,1133,1483,260,88
574,800,1017,Shia002231Vols,61,886,1107,164,89
574,825,982,Sham19Y0122257,2888,197,357,121,90
574,825,1053,Shamela0021766,72,1027,1234,145,77
574,791,1011,Shia001949,207,297,543,154,73
574,791,1011,JK000786,3935,933,1161,141,74
574,767,1053,Shamela0037458,133,47,334,167,66
574,813,1011,Shamela0023628,77,430,630,154,95
574,791,1011,JK000055,182,890,1107,148,78
574,791,1011,Shia001881,10,731,948,153,81
574,821,1011,Shia001881,38,1194,1386,150,93
574,825,982,Sham19Y0014119,535,97,258,122,91
574,817,982,Sham19Y0017063,1282,1308,1476,129,95
574,835,1011,Shamela0006786,9,347,526,126,84
574,859,1011,Shia002265Vols,3182,1233,1398,104,72
574,791,999,ShamAY0033760,477,60,293,154,82
574,808,1017,ShamIbadiyya0000194,603,501,730,141,72
574,791,999,Shamela0000041,75,352,557,145,83
574,767,1053,ShamAY0034054,126,87,373,166,66
574,791,999,ShamAY0034068,85,367,587,155,83
574,835,1017,Shamela0000736,2282,371,559,129,80
574,791,1011,Shia002616Vols,346,1180,1401,140,71
574,791,1011,JK011365,34,13,231,130,67
574,791,1011,Shamela0026892,3,445,665,141,75
574,813,1053,Shamela0012884,152,1158,1420,174,78
574,767,1011,Sham19Y0014592,737,794,1073,168,71
574,767,1011,Sham19Y0014592,1798,970,1283,174,68
574,813,1011,Shamela0008648,36,529,729,151,91
574,854,1011,Sham19Y0127677,1428,187,364,117,77
574,813,982,Sham19Y0145212,3099,304,493,126,83
574,791,1011,Shamela0021570,411,381,605,152,79
574,791,1011,ShamAY0033973,269,464,682,156,83
574,767,1011,Sham19Y0035453,79,1171,1413,181,87
574,854,1011,Shamela0001438,8007,807,963,127,99
574,835,1011,Shamela0025794,2406,1,180,130,85
574,767,1053,Shamela0023623,133,820,1107,167,66
574,791,1011,Shamela0012750,340,808,1044,154,76
574,825,1062,Tafsir06049,380,961,1255,172,69
574,791,1011,ShamAY0033926,207,245,502,160,75
574,791,1011,ShamAY0034066,51,13,249,164,80
574,813,1017,JK010001,446,144,351,136,72
574,817,1011,JK010001,713,236,438,132,73
574,830,999,Sham19Y0017817,82,708,910,118,69
574,800,1011,Sham19Y0001729,74,509,714,161,94
574,758,1011,Sham19Y0038171,183,486,748,192,92
574,813,1011,JK000022,2810,542,733,145,90
574,791,1011,Sham19Y0023618,142,707,951,165,81
574,767,1011,Shamela0021629,764,672,868,143,70
574,813,1017,Tafsir07055,481,102,328,151,80
574,800,1011,Tafsir07055,768,172,410,160,83
575,148,336,Shamela0009059BK1,2882,776,967,150,97
575,5,138,Shamela0021654,908,603,736,96,77
575,148,339,Shamela0000963,2822,418,612,152,97
576,1152,1314,Shia002294Vols,813,1277,1452,120,86
576,1152,1358,Shamela0007830,44,613,831,150,87
576,1117,1358,Sham19Y0014592,2207,512,755,151,76
576,1152,1358,JK010580,70,141,359,154,89
576,670,829,JK007081,332,1079,1236,117,90
576,661,829,Shia003957Vols,781,382,554,133,95
576,661,807,Shia003965Vols,5219,933,1117,117,79
577,1401,1550,Sham19Y0014555,856,715,885,114,83
577,837,952,Sham19Y0017437,736,1297,1415,81,86
578,451,1452,Sham19Y0132962,1867,182,1070,162,13
578,1,251,Sham19Y0150676,473,881,1078,149,71
579,944,1189,Shamela0021660,4940,869,1113,195,97
579,944,1186,Shamela0021654,1289,150,386,191,96
580,1085,1243,Shamela0008360,47,887,1036,109,82
580,1140,1474,Shamela0001975,961,451,652,143,50
580,1094,1538,Sham19Y0036114,92,699,1135,333,90
580,1130,1287,Shamela0008176,576,1,168,101,67
580,1188,1474,Shamela0021659,1340,918,1082,131,56
580,1094,1538,Shamela0025800,2109,790,1218,307,79
580,1135,1492,Shamela0007289,5495,862,1113,156,54
580,1188,1474,Shamela0007289,5726,869,1069,126,53
580,1094,1538,Shamela0000782,893,270,663,314,87
580,1094,1474,JK009408,901,83,445,290,94
580,1094,1538,Shamela0022547,131,617,1023,317,88
580,1135,1478,Shamela0022797,62,408,671,147,50
580,1144,1243,Shamela0003055,3161,1,102,76,93
580,1094,1474,Shamela0003055,3561,945,1268,249,81
580,1123,1538,Sham19Y0017063,107,338,795,304,76
580,1188,1474,Shia002265Vols,3176,669,834,128,55
580,1064,1538,Shamela0095735,36,307,710,288,72
580,1085,1538,ShamAY0033760,712,387,801,307,81
580,1115,1538,JK000728,176,1,407,324,95
580,1094,1538,ShamAY0033945,123,397,812,335,93
580,1076,1538,Shamela0036446,56,817,1228,300,75
580,1123,1302,Shamela0026324,4031,64,238,137,97
580,1140,1474,Shamela0011328,4,10,321,250,92
580,1085,1499,Shia002616Vols,410,75,450,276,80
580,1094,1458,JK006874,36,404,855,208,55
580,1094,1538,Sham19Y0016636,745,143,535,311,86
580,1184,1474,JK009390,2433,477,653,132,55
580,1094,1538,Shia003616Vols,2855,840,1259,332,91
580,1069,1538,Shamela0012884,3561,319,756,321,81
580,1094,1538,Shamela0010479,56,733,1127,312,86
580,1094,1538,Sham19Y0132524,2840,612,1397,310,46
580,1094,1243,Sham19Y0145212,352,1376,1516,107,88
580,1094,1538,Shia002069Vols,505,204,620,322,89
580,1094,1243,Sham19Y0016976,260,451,608,117,94
580,1094,1538,Shamela0007485,10,1,388,302,84
580,1149,1474,ShamAY0034059,236,940,1241,212,73
580,1094,1382,Shamela0012027,327,924,1194,216,93
580,1094,1243,Shamela0001395,82,590,743,117,97
580,1094,1474,JK011454,28,593,919,260,84
580,1094,1538,Sham19Y0039268,505,40,458,334,93
580,1094,1302,Shamela0006449,29,1286,1464,140,85
581,1,157,Sham19Y0036114,92,1135,1292,124,98
581,1,157,Shamela0025800,2109,1218,1402,121,82
581,1,157,Shamela0000782,893,667,834,122,90
581,1,157,Shamela0022547,131,1023,1180,120,92
581,1,157,Sham19Y0017063,107,795,932,108,86
581,1,157,Shamela0095735,210,991,1158,119,88
581,1,157,ShamAY0033760,712,801,974,120,86
581,1,217,JK000728,176,407,628,132,76
581,1,167,ShamAY0033945,123,812,984,129,94
581,1,157,Shamela0036446,56,1228,1385,108,79
581,48,157,ShamAY0035233,68,1126,1234,85,97
581,1,157,Sham19Y0016636,745,539,706,122,90
581,1,167,Shia003616Vols,2855,1259,1430,129,94
581,1,157,Shamela0012884,3561,756,887,100,79
581,1,157,Shamela0010479,56,1131,1298,122,90
581,1,157,Shia002069Vols,505,620,776,120,96
581,1,157,Shamela0007485,10,388,533,114,91
581,1,157,Shamela0010463,451,725,880,118,94
581,1,217,Sham19Y0039268,505,458,679,132,76
582,1168,1330,Shamela0000140,1895,465,639,109,78
582,97,283,Shia002636,6,56,247,135,84
582,143,371,Shia000841Vols,3745,1399,1649,118,59
586,862,1179,Shamela0005756,14205,142,429,187,69
586,907,1179,Shamela0001673,9796,734,980,180,80
586,959,1179,Shamela0006886,94,44,270,161,86
586,1059,1179,Shamela0006886,97,1,520,68,15
586,959,1179,Sham19Y0018272,553,1012,1232,159,83
588,456,666,Shamela0005756,14206,570,805,153,75
588,435,666,Shamela0001673,9799,1210,1478,187,85
588,435,666,Shamela0006886,109,1329,1593,183,83
588,409,666,Sham19Y0018272,554,1222,1507,192,79
590,215,320,JK007063,321,537,642,77,94
590,1,152,Shamela0001673,9622,1259,1459,87,46
590,970,1086,Sham19Y0014592,1579,1060,1176,92,98
590,1,193,JK000201,3076,695,997,115,43
590,215,320,Zaydiyya0000342,941,958,1065,75,89
590,215,320,Shia001171,549,394,500,77,93
590,215,337,Sham19Y0020762,569,332,504,79,57
591,623,1017,Shamela0012031,256,238,635,253,74
591,66,213,Sham19Y0122257,970,841,987,99,86
591,66,213,Shamela0021715,9632,784,927,99,85
591,623,1020,Zaydiyya0000162,2241,1094,1460,228,68
591,638,1017,SHAM19Y23644,2995,365,701,207,65
591,623,1017,Shamela0025794,1203,994,1395,252,74
591,638,1017,Shamela0021493,186,295,663,222,69
591,623,1017,JK000022,300,217,614,247,73
592,809,1048,Shamela0000140,869,771,1079,92,30
593,453,780,Shamela0012031,446,45,385,197,64
593,473,780,JK000001,3182,47,403,214,71
593,517,780,Sham19Y0145168,12,400,722,192,71
593,453,780,Shamela0002506,16,336,684,203,66
593,457,780,JK007063,154,227,551,204,70
593,517,780,ShamAY0034643,4,408,720,183,70
593,444,780,ShamAY0033633,113,909,1239,146,47
593,457,780,Sham19Y0022797,345,829,1167,202,65
593,444,780,Sham19Y0022797,450,120,511,173,49
593,473,774,eScr20120309,35,639,976,190,61
593,497,780,Shamela0008176,38,418,723,195,73
593,457,780,Sham19Y0120146,24,288,596,219,78
593,453,739,Shamela0010016,133,1358,1637,182,68
593,473,780,Shamela0021599,99,510,846,197,65
593,453,780,Shamela0035100,3305,644,978,190,62
593,436,780,JK010344,976,50,399,229,75
593,517,780,JK000030,94,10,298,178,69
593,457,780,Shamela0009631,176,113,430,200,67
593,425,780,Shamela0000140,869,244,576,252,87
593,453,780,Sham19Y0023625,559,137,428,185,66
593,453,780,JK000916,19908,693,1044,191,61
593,613,780,JK000916,19909,11,169,113,83
593,453,780,JK000916,20338,177,588,189,52
593,608,780,Shia000820Vols,14,806,1002,112,67
593,453,780,eScr20112614,102,41,394,204,64
593,444,780,Shamela0012860,55,535,922,203,62
593,453,780,Shamela0026842,54,709,1063,213,67
593,453,780,JK007011,85,637,998,224,71
593,444,780,Shamela0009788,1745,566,894,196,62
593,530,780,Shamela0026565,16,1,249,181,86
593,509,780,SHAM19Y23644,4817,10,316,197,73
593,457,780,Shamela0010512,277,1205,1518,208,69
593,457,780,JK003609,393,671,993,202,68
593,457,780,Sham19Y0145212,4066,849,1178,201,68
593,509,780,Sham19Y0000760,846,535,810,204,91
593,473,780,ShamAY0035035,9644,643,972,193,64
593,453,780,Shamela0021502,75,124,473,213,66
593,453,780,Sham19Y0018272,1164,988,1314,233,85
593,453,780,Shamela0010906,3492,832,1164,189,64
593,453,780,JK000914,201,429,752,214,72
593,466,780,Shamela0025791,454,39,366,194,67
593,669,780,Sham19Y0029560,599,1164,1275,90,100
593,457,780,ShamAY0034059,7638,65,390,206,67
593,453,780,ShamAY0038135,33,1084,1437,215,68
593,457,755,Sham19Y0020762,1001,1043,1329,190,72
593,453,780,Sham19Y0132973,35,673,990,210,69
593,453,780,Shamela0003118,5769,770,1133,201,62
593,457,780,Shamela0003118,5882,417,863,195,50
593,504,780,Shamela0011789,275,727,1057,156,51
593,453,780,Shamela0098087,341,652,980,202,65
593,457,780,Shamela19Y0145334,2346,681,1053,211,61
593,436,808,Shia003764Vols,641,988,1355,230,72
594,1064,1306,Sham19Y0013783,3126,15,217,154,81
594,1064,1306,Shamela0008360,547,504,764,165,72
594,1064,1306,JK000271,273,1168,1393,175,91
594,1064,1278,Shamela0021731,1148,1290,1422,101,60
594,1064,1306,Sham19Y0013614,530,1024,1249,173,90
594,1045,1278,Zaydiyya0000267,1666,221,431,147,75
594,1064,1306,JK006897,459,1216,1428,165,86
594,1064,1306,Shamela0008176,4637,384,644,165,72
594,1045,1278,Shamela0008463,4941,1120,1272,107,58
594,1064,1306,Shamela0001875,1328,844,1053,163,85
594,1135,1306,Shamela0025800,780,1,221,132,76
594,1064,1306,Sham19Y0122257,2156,788,1048,165,72
594,1121,1278,Shamela0021744,4465,1242,1383,111,89
594,1064,1306,Sham19Y0022884,248,631,814,142,74
594,1064,1306,Shamela0023628,1015,1060,1327,161,70
594,1064,1306,Shia000026Vols,1205,645,843,131,68
594,1064,1306,Sham19Y0014119,392,1067,1292,173,90
594,1112,1306,Sham19Y0017063,866,1253,1447,150,98
594,962,1306,Shamela0012415,621,311,573,174,65
594,962,1278,Sham19Y0016546,1262,458,705,163,66
594,1064,1306,Shamela0095735,429,1037,1245,157,81
594,1064,1306,ShamAY0033728,84,1040,1244,157,82
594,1112,1278,Shia000220Vols,3455,462,618,119,91
594,1064,1265,ShamIbadiyya0000109,6612,1032,1208,114,62
594,1198,1306,Shamela0002863,2069,1,110,82,96
594,1064,1217,JK001236,69,1309,1448,108,87
594,1064,1306,Shamela0036446,638,707,953,158,72
594,1045,1306,Shamela0117359,1011,601,823,168,81
594,1064,1306,Sham19Y0014309,880,777,998,140,65
594,1121,1302,ShamAY0034274,600,229,380,117,80
594,1064,1306,Shia003732Vols,3888,676,893,160,83
594,1055,1306,Shia003732Vols,4012,54,256,137,66
594,1064,1278,Sham19Y0021525,507,9,175,132,77
594,1064,1239,Shamela0000427BK2,5102,1293,1451,125,90
594,1064,1306,JK007083,213,988,1191,155,81
594,962,1278,Shamela0001442,775,234,468,155,62
594,1112,1306,Sham19Y0018607,4324,230,414,136,88
594,1026,1306,Sham19Y0037618,2656,700,954,171,71
594,943,1278,Shamela0011428,1652,798,1088,160,54
594,1045,1364,JK000299,2699,541,815,121,44
594,1121,1278,JK000299,3805,356,497,111,89
594,1064,1306,Sham19Y0017791,1203,760,985,172,90
594,1064,1306,Sham19Y0145212,2304,280,540,165,72
594,1045,1306,Sham19Y0020944,1016,144,379,178,86
594,1064,1306,Shamela0021590,1261,664,897,154,71
594,1064,1306,Shamela0021590,1262,131,443,161,60
594,1064,1302,Shamela0005922,2686,823,1097,172,74
594,1157,1306,Sham19Y0016976,1200,1,150,115,97
594,1064,1306,Sham19Y0017747,1976,474,704,154,72
594,1064,1306,Shamela0021809,2883,4,198,133,68
594,1121,1306,Tafsir06049,2119,1057,1285,135,73
594,1064,1306,Sham19Y0017757,159,806,1032,173,90
594,1125,1278,Zaydiyya0000010,491,1,147,102,80
594,962,1306,Sham19Y0131521,5863,544,806,174,65
594,1121,1306,Shamela0001717,3591,353,517,116,79
594,1064,1306,Sham19Y0016934,7535,939,1151,163,85
594,1045,1278,Sham19Y0019188,5245,351,503,106,58
594,1045,1306,Sham19Y0020591,1581,600,822,168,81
594,1064,1278,Sham19Y0018259,472,1068,1234,122,71
594,1045,1282,Sham19Y0014325,7131,733,942,154,81
595,39,365,Sham19Y0016782,195,648,1361,209,36
595,1,377,Shamela0007891,863,572,1010,294,84
595,1,108,Sham19Y0001729,3970,326,448,80,85
596,1149,1462,Sham19Y0132962,1810,451,707,101,36
600,731,896,Sham19Y0017091,62,1242,1407,118,87
600,761,896,Sham19Y0029560,2650,440,575,112,100