ms1,b1,e1,id2,ms2,b2,e2,ch_match,matches_percent
1,1100,1358,Zaydiyya0000015,2221,676,932,149,66
1,770,1278,Shamela0023644,37,29,661,196,32
1,770,1025,Shamela0023644,1533,41,331,170,68
1,657,898,Zaydiyya0000229,290,1240,1468,122,61
1,276,753,ShamAY0033642,1,665,1164,159,37
1,713,1112,Zaydiyya0000328,287,24,409,176,45
1,713,1115,Zaydiyya0000352,327,388,793,175,44
1,1142,1358,Shamela0001733,2342,207,429,158,90
1,808,1029,Masaha002880Vols,510,1177,1412,155,76
1,713,1025,Masaha001864Vols,2421,878,1212,221,77
1,466,1025,Masaha004452Vols,832,332,882,342,68
1,692,1025,Masaha004452Vols,1085,1,298,219,81
1,1065,1358,Masaha004452Vols,1092,280,567,190,77
1,55,605,Shamela0012532,15,45,757,122,14
1,329,846,Shamela0012532,163,548,1025,202,39
1,713,984,Shia003692,279,1078,1350,148,65
1,316,1271,Shamela0006739,124,353,1479,406,35
1,811,1051,Sham19Y0013785,159,243,484,143,67
1,713,1025,ShamAY0035035,3168,1126,1471,214,73
1,684,1271,Shamela0005668,7,374,976,300,57
1,1060,1474,JK000022,1284,749,1198,165,35
1,770,1025,ShamAY0038324,102,894,1143,171,76
1,618,1025,Shamela0011746,157,335,800,293,78
1,1205,1362,Shamela0001438,7083,170,621,110,31
2,833,1311,Shamela0023700,696,806,1034,144,34
2,837,1311,Shamela0012884,1946,1111,1546,246,55
2,833,1311,Shamela0008473,1903,928,1150,139,33
2,279,692,Sham19Y0001734,2271,289,756,192,48
2,862,1340,Sham19Y0001734,2277,717,997,186,45
2,578,1282,JK000481,239,625,1048,166,25
2,922,1436,Shamela0001453,51,194,747,205,39
2,886,1311,Shia002182,16,1012,1485,230,55
2,720,1461,ShamAY0032927,5,475,1261,359,47
2,588,1340,Shamela0001733,919,486,1207,429,63
2,848,1326,Shamela0001733,921,1,224,78,15
2,901,1311,JK000616,17,453,933,229,56
2,748,1340,JK009408,741,858,1407,288,50
2,905,1185,Tafsir09084,903,606,976,150,48
2,438,692,Shamela0005702,86,1076,1328,188,94
2,720,1048,JK000022,3199,10,473,160,37
2,886,1311,Shamela0025794,3502,940,1411,228,55
2,833,1311,Shamela0025794,3546,41,267,144,34
2,748,1461,ShamAY0033945,769,396,1111,343,49
2,862,1340,Shia002231Vols,60,416,695,185,45
2,1116,1427,JK000021,1300,1,265,139,47
2,483,803,JK000021,2870,932,1246,167,53
2,432,692,Shamela0011746,127,1020,1284,203,96
2,726,1340,Shamela0007351,502,793,1407,457,89
2,833,1311,Shamela0021809,695,972,1200,145,34
2,840,1282,Shamela0021809,2162,511,706,107,26
2,837,1164,Shia002034Vols,991,30,486,153,37
3,346,634,Sham19Y0013223,1040,300,816,156,36
3,342,634,Sham19Y0014119,66,811,1287,162,40
3,346,980,Shamela0009810,1438,146,755,241,40
3,342,931,Sham19Y0017063,47,838,1457,191,30
3,342,980,Sham19Y0013614,35,710,1391,221,32
3,1,531,Shamela0022547,611,837,1196,266,64
3,30,1030,Shamela0012884,1471,526,1478,296,26
3,30,1030,Shamela0012884,1760,379,1232,622,77
3,346,634,Shamela0012884,4008,840,1292,152,40
3,346,634,Shamela0008658,2617,862,1314,152,40
3,346,600,Shamela0008473,3750,1091,1510,137,39
3,342,589,Shamela0012014,325,1004,1472,125,32
3,342,559,Sham19Y0008889,327,1168,1554,111,35
3,346,966,JK000785,2640,788,1425,211,32
3,342,634,Shamela0010463,493,192,667,162,40
3,1,559,Shamela0001453,229,985,1498,365,80
3,566,1119,Shamela0001453,230,17,393,232,51
3,342,831,Shamela0013027,176,358,947,221,42
3,1,1154,Shamela0001733,3938,541,1474,610,65
3,346,980,Shamela0001733,3973,146,782,258,43
3,1071,1433,Shamela0009076,241,627,1013,221,67
3,337,634,Tafsir06049,5270,1094,1498,138,37
3,342,941,Sham19Y0016976,104,873,1501,199,31
3,1096,1433,Shamela0026378,133,1,351,251,88
3,346,634,Shamela0007370,2648,878,1354,146,36
3,346,980,Shamela0007370,2872,406,1081,226,34
3,346,634,Sham19Y0023608,3102,760,1244,153,37
3,342,634,Shamela0023423,356,548,1047,161,38
3,342,634,Shamela0010639,332,30,624,152,30
3,342,634,Shamela0010639,409,309,889,149,31
3,342,634,ShamAY0034059,5607,334,738,130,35
3,346,987,JK000475,2444,724,1378,211,30
3,342,524,Shamela0010765,601,1,181,138,91
3,342,634,Shamela0011244,50,1073,1553,153,38
3,346,634,Tafsir09084,1907,106,586,155,38
3,346,634,ShamAY0033973,29,618,1047,154,42
3,346,980,Sham19Y0017903,935,771,1434,231,35
3,346,987,Tafsir02100,137,711,1365,211,30
3,342,634,ShamAY0034066,1106,366,848,151,37
3,346,634,Shamela0025794,4143,634,1099,155,40
3,342,634,Shamela0012836,9,345,830,153,37
3,346,559,Kraken220413202218,505,247,609,112,37
3,30,436,JK000021,1485,1130,1424,101,26
3,524,1030,JK000021,1486,270,672,160,30
3,342,634,Shamela0010443,377,361,836,162,40
3,346,634,Sham19Y0148271,1931,609,1067,155,40
3,346,634,Shamela0021809,2494,353,793,150,39
3,346,627,ShamAY0000351,276,1018,1465,142,37
3,346,980,Shia001731Vols,841,510,1099,218,37
3,23,1027,ShamAY0033949,99,1,1010,742,88
3,342,634,Sham19Y0023618,1422,753,1234,153,38
4,913,1325,Sham19Y0016928,65,856,1286,323,92
4,10,299,Shamela0003722,3722,430,767,197,69
4,49,299,ShamAY0033705,13,724,985,195,95
4,697,1037,JK008250Vols,948,505,1034,134,25
4,43,481,Shamela0009107,83,909,1331,217,51
4,43,255,Shamela0009107,669,1301,1531,159,87
4,380,607,Shamela0023118,6,798,1021,177,98
4,323,990,ShamAY0033598,62,941,1354,224,39
4,346,756,ShamAY0034005,274,639,1092,230,58
4,43,383,Shamela0008233,17,265,636,229,76
4,43,299,Shamela0010906,2547,957,1217,200,98
4,43,493,Shamela0005668,13,621,1068,250,63
4,346,607,JK000021,527,526,777,187,89
4,974,1244,JK000435,29,1,336,202,72
5,930,1367,Shamela0006870,174,697,1186,270,62
5,179,460,Shamela0009379,78,571,862,207,89
5,1056,1341,Sham19Y0014119,121,1160,1466,214,86
5,814,1462,Shia001187Vols,1333,642,1253,327,53
5,917,1346,Shamela0010518,122,1034,1468,263,67
5,631,890,Shamela0023764BK3,899,1,253,197,95
5,301,880,Shamela0012981,38,574,1054,189,35
5,1088,1423,Shia000068,61,703,988,189,69
5,1118,1423,Tafsir07076,1010,1,313,220,85
5,930,1423,Shamela0000222,1,922,1395,321,76
5,814,1423,Shamela0012399,3791,784,1374,348,63
5,930,1423,Shamela0009270,374,1,378,258,64
5,1015,1427,Shamela0000782,806,1,399,282,82
5,1083,1360,JK006950,1260,141,484,156,48
5,1097,1423,Sham19Y0122096,2282,591,924,230,82
5,958,1434,Shamela0010798,2164,1,473,357,94
5,1074,1462,Sham19Y0017063,181,621,1009,264,81
5,930,1256,Shamela0022882,182,1137,1462,234,86
5,949,1395,Sham19Y0013252,1623,1131,1475,216,60
5,1040,1423,ShamAY0031578,1068,86,433,257,82
5,814,1423,Shamela0022547,2669,773,1340,362,66
5,953,1454,Sham19Y0148486,6387,103,607,335,79
5,984,1427,Sham19Y0127677,7715,233,926,314,55
5,984,1423,Shamela0028107,690,714,1147,313,85
5,1000,1423,Sham19Y0014462,25,454,865,306,88
5,1107,1434,Shia002261Vols,224,20,354,232,84
5,930,1423,Shamela0000041,357,948,1427,323,77
5,1056,1423,Shamela0021766,477,344,711,272,90
5,1126,1423,Shamela0026884,498,1,246,164,67
5,984,1427,Shamela0004289,994,282,700,294,80
5,1000,1423,Sham19Y0001734,2768,553,965,311,90
5,477,1148,Shamela0009107,92,329,902,355,64
5,1070,1467,ShamAY0034002,55,5,368,272,86
5,1088,1423,Shamela0001585,69,909,1255,244,86
5,814,1462,Shia001137,271,115,880,369,59
5,506,880,ShamAY0033053,133,183,514,154,44
5,1056,1355,Sham19Y0016976,374,1190,1504,220,85
5,930,1235,JK000977,900,452,740,166,66
5,477,890,Sham19Y0037618,1611,75,471,167,41
5,1060,1423,Shamela0001975,539,299,649,230,71
5,961,1423,JK011302,2,935,1348,298,81
5,310,456,Tafsir06048,165,494,642,111,93
5,958,1293,Shamela0001719,455,1098,1421,218,79
5,1107,1423,ShamAY0034059,694,1116,1424,230,89
5,1107,1327,Shamela0021659,663,1192,1407,161,89
5,814,1377,Sham19Y0006684,4222,943,1453,317,66
5,912,1423,Masaha004452Vols,726,124,555,258,55
5,814,1423,Shia001432Vols,10536,65,657,320,54
5,1174,1423,Shia001432Vols,23598,7,270,179,83
5,1000,1423,Shamela0007891,322,22,436,312,90
5,930,1454,Shamela0026370,5,442,953,367,88
5,917,1423,JK000916,8380,809,1366,340,74
5,996,1423,Shamela0009619,40,80,430,241,70
5,1056,1423,Shamela0008176,1085,1060,1429,268,86
5,924,1423,Shamela0004003,5,937,1318,252,62
5,930,1423,ShamAY0032841,18,737,1107,251,63
5,1049,1423,Sham19Y0122257,545,989,1347,267,87
5,984,1335,Zaydiyya0000059,1303,1102,1458,257,87
5,930,1462,Shamela0010826,59,264,783,375,87
5,917,1423,Shamela0001038,180,488,989,314,69
5,1060,1423,Shia002265Vols,5280,253,586,237,78
5,814,1423,Shamela0029960,5,488,1070,280,48
5,1025,1430,JK000021,274,840,1210,268,78
5,1037,1427,Shamela0003118,743,1070,1483,277,84
5,1008,1293,Shamela0003118,2714,1204,1479,192,82
5,1107,1430,Shamela0011816,600,812,1122,228,85
5,1070,1423,Shamela0000551,2967,1,335,261,92
5,1000,1423,Shamela0021479,88,856,1316,249,57
5,1088,1360,Shamela0011238,5,1067,1402,164,52
5,930,1462,Shamela0012750,222,429,954,387,91
5,984,1423,Sham19Y0146127,3532,357,762,305,86
5,1088,1360,Shamela0007289,7057,305,640,164,52
5,814,1423,Shamela0005733,25,332,967,349,59
6,980,1370,Sham19Y0014309,2887,187,514,229,70
6,134,311,Zaydiyya0000013,211,348,530,139,96
6,1054,1323,Sham19Y0145212,3132,1301,1565,182,78
6,47,302,Sham19Y0148486,2083,1051,1271,163,79
6,1,280,Shamela0007798,7665,1220,1450,166,74
6,1073,1377,Sham19Y0127677,639,299,600,231,95
6,5,520,Shamela0029976,32,344,817,268,55
6,873,1370,Zaydiyya0000229,343,263,738,274,63
6,900,1430,ShamAY0032826,561,592,1057,219,48
6,913,1370,ShamAY0032826,562,649,1003,200,54
6,5,520,Shamela0009107,84,393,858,272,61
6,1098,1370,Shamela0006060,31,1,272,211,95
6,873,1370,Zaydiyya0000352,381,1052,1528,277,63
6,820,1370,Shia001137,50,807,1358,305,56
6,843,1370,Shia001137,51,599,1164,318,61
6,39,520,Shamela0001733,2553,395,799,241,62
6,843,1370,Shamela0009076,443,528,1057,298,58
6,1115,1370,Zaydiyya0000259,365,1124,1378,197,96
6,1167,1370,Shamela0008360,765,1,183,139,82
6,980,1370,JK009174,2,272,595,226,72
6,929,1370,ShamAY0032913,2,615,1054,265,68
6,697,1370,Shamela0012579,1936,552,1226,380,63
6,905,1167,Shia001432Vols,23688,451,709,148,70
6,905,1370,Shia001432Vols,24619,131,602,297,78
6,710,1370,Shia001432Vols,26051,819,1436,298,44
6,1073,1370,Sham19Y0038171,2314,724,1020,230,96
6,1054,1327,JK009390,756,1231,1505,203,90
6,10,302,Zaydiyya0000342,936,1,269,186,77
6,47,288,Shia002456Vols,196,38,247,148,77
6,1020,1370,Shamela0008176,6422,852,1187,244,84
6,1073,1370,ShamAY0035035,9412,802,1100,223,92
6,5,523,JK001288,119,311,787,252,57
6,1020,1370,Sham19Y0122257,2924,683,1018,245,84
6,5,283,Shamela0005668,13,1112,1406,214,92
6,1037,1370,Zaydiyya0000044,184,1160,1465,227,82
6,1073,1377,Shia002265Vols,5314,1150,1451,232,95
6,47,520,JK000021,2813,400,958,195,36
6,849,1308,JK000021,2914,434,1276,228,30
6,43,302,Sham19Y0146127,1081,296,509,158,76
6,853,1381,Shamela0007351,507,1,525,386,90
6,905,1167,ShamAY0033886,31,1049,1322,163,74
6,1073,1370,Shamela0001438,1137,1021,1315,229,96
6,47,302,Shia002034Vols,1997,934,1190,196,97
6,1,302,Shia002034Vols,2295,774,1053,204,84
7,610,977,Shamela0010798,712,752,1146,287,92
7,1082,1373,Shamela0010798,1748,177,489,205,78
7,708,1047,JK008250Vols,545,1060,1403,238,85
7,1165,1373,Shamela0013068,303,1034,1277,151,75
7,1165,1373,JK000916,24845,972,1204,149,77
7,1165,1373,Sham19Y0038171,2352,696,876,134,81
7,357,841,Shia001976Vols,1454,1097,1404,165,41
7,372,841,Sham19Y0018144,2355,13,824,200,27
7,332,579,Shamela0005803,241,795,1095,163,66
8,1,344,ShamAY0032379,531,444,752,194,68
8,1,487,Shamela0003722,623,420,901,356,88
8,608,826,Shamela0003722,1284,191,433,149,75
8,517,826,Shamela0003722,4802,380,732,184,59
8,843,1105,ShamAY0034138,820,1206,1504,196,82
8,1105,1396,ShamAY0034138,821,1,296,231,96
8,874,1396,Shamela0009584,52,469,1131,370,65
8,102,487,Shamela0009810,1389,1,369,251,75
8,21,487,JK009154,202,1014,1433,276,73
8,21,487,JK009154,203,479,894,317,83
8,160,584,MMS00008,567,6,480,273,66
8,981,1392,Shia001782Vols,2504,5,494,275,62
8,981,1392,Shia001782Vols,2546,952,1498,317,71
8,8,487,Shamela0030586,7,386,1007,279,53
8,44,736,Shamela0026579,5,1,657,389,60
8,21,335,Shia001901,204,1079,1385,232,93
8,12,623,Shamela0022882,108,16,749,384,63
8,647,843,Masaha001832,61,11,253,130,67
8,221,487,Shamela0010632,35,1,253,201,93
8,261,503,Sham19Y0127677,1550,371,617,155,69
8,1041,1392,Sham19Y0127677,2635,871,1166,193,61
8,990,1337,Sham19Y0127677,3308,79,482,219,61
8,978,1392,Sham19Y0127677,4873,194,737,299,67
8,12,491,Sham19Y0127677,15629,983,1442,303,75
8,261,487,Shia002261Vols,263,638,865,154,73
8,1073,1392,Shamela0026884,69,1,434,248,69
8,21,439,Shamela0026884,494,1116,1483,186,47
8,17,344,Sham19Y0001734,2135,769,1013,156,60
8,39,517,Shamela0012991,152,681,1138,314,79
8,517,928,Shamela0009608,6,863,1313,192,45
8,874,1296,ShamAY0032766,10,1052,1536,288,70
8,874,1392,ShamAY0033551,36,8,673,377,67
8,17,736,JK001274,9,869,1341,225,33
8,597,1022,Shamela0001733,552,472,830,182,45
8,860,1392,Shamela0001733,2508,312,964,367,67
8,8,736,Shamela0008220,1,694,1382,373,52
8,1027,1315,Sham19Y0014592,1447,1289,1643,211,73
8,990,1337,Sham19Y0014592,2634,895,1301,215,60
8,8,487,JK000763,19,312,767,349,89
8,860,1392,JK005004,937,336,871,410,92
8,82,487,Shamela0001341,85,850,1233,278,82
8,608,826,Rafed0002654Vols,8953,1087,1351,158,76
8,517,1022,Rafed0002654Vols,9075,742,1316,221,40
8,530,763,Rafed0002654Vols,9387,82,365,138,60
8,608,763,Rafed0002654Vols,9389,563,731,119,92
8,517,826,Rafed0002654Vols,11075,706,1056,184,59
8,517,826,Rafed0002654Vols,12616,209,559,184,59
8,497,928,Shamela0013035,632,969,1426,212,51
8,8,431,Shamela0010480,40,969,1405,323,93
8,608,879,Shia003698,34,902,1180,182,80
8,475,826,Shia003698,35,90,463,188,54
8,517,830,Shia003698,192,839,1198,188,60
8,511,826,Shia003698,195,320,586,164,58
8,17,521,JK000693,36,942,1453,352,83
8,21,487,JK000015,19,610,1088,353,90
8,8,487,Shamela0008493,3,158,641,298,68
8,21,538,Shamela0012747,10,254,788,356,77
8,8,415,Shamela0026378,43,760,1167,200,51
8,246,463,Shamela0001975,604,1364,1551,139,76
8,990,1392,Shamela0013068,235,1,540,302,67
8,608,826,Shia004092Vols,8906,1130,1394,158,76
8,517,1022,Shia004092Vols,9027,107,683,222,40
8,530,763,Shia004092Vols,9316,225,510,138,59
8,517,826,Shia004092Vols,10905,855,1207,184,59
8,517,826,Shia004092Vols,12270,1023,1376,185,59
8,39,521,Shamela0001456,2,961,1428,231,48
8,261,487,Shamela0021659,817,1264,1491,154,73
8,8,292,Shamela0030327,189,1142,1471,197,73
8,292,573,Shamela0030327,190,1,292,161,65
8,17,344,Shamela0013039,66,801,1139,241,88
8,21,344,Shamela0013039,70,695,985,206,77
8,129,415,Shamela0000216,141,707,905,148,65
8,843,1392,Shamela0000736,1014,395,880,269,53
8,8,487,Masaha004452Vols,648,938,1431,334,79
8,90,366,Masaha004452Vols,2099,996,1252,181,81
8,21,731,ShamAY0032770,30,148,915,390,53
8,21,619,JK000916,3260,761,1362,386,72
8,21,344,Sham19Y0038171,1624,11,345,234,85
8,21,301,Sham19Y0038171,2262,1269,1535,192,86
8,246,487,JK009390,1473,1019,1277,162,69
8,1176,1506,JK009390,3655,37,452,167,43
8,990,1337,JK009390,4601,407,790,209,59
8,860,1135,Zaydiyya0000342,952,1235,1536,168,65
8,1135,1392,Zaydiyya0000342,953,1,376,196,64
8,521,826,JK000520,309,514,788,175,68
8,497,1022,Shia003692,43,676,1258,204,36
8,860,1399,JK001050,10,272,940,361,62
8,978,1399,Shamela0006590,687,541,1037,266,58
8,21,344,ShamAY0035035,6282,176,510,233,85
8,21,344,ShamAY0035035,9086,1,311,224,87
8,8,521,Shamela0026510,26,533,1010,299,68
8,511,985,Shia003488Vols,200,436,883,221,51
8,597,928,Masaha001831,29,1153,1456,153,46
8,39,597,Shamela0025794,8,769,1335,325,66
8,39,597,Shamela0025794,13,668,1259,204,34
8,978,1315,Shia002265Vols,3541,1201,1607,242,72
8,998,1180,Rafed0003537Vols,498,1346,1529,131,82
8,87,487,eScr20120309,56,913,1525,202,34
8,34,736,JK000699,8,640,1271,316,46
8,21,344,Shia002231Vols,78,149,387,153,60
8,129,487,Shamela0003118,1221,771,1236,193,46
8,1008,1396,JK001316,28,986,1503,286,66
8,890,1392,Shamela0009826,11,42,674,368,71
8,8,487,Shamela0012750,485,897,1371,358,91
8,897,1392,Sham19Y0017533,124,406,1041,358,66
8,8,487,Kraken22021606122503,728,518,1092,344,72
8,246,487,Kraken22021606122503,1025,629,1183,176,39
8,188,487,Kraken22021606122503,1767,267,588,227,87
8,246,487,Shamela0001438,2484,1306,1553,158,70
8,1022,1392,Shamela0001438,6844,233,734,285,69
8,12,696,Shia001731Vols,809,697,1377,331,53
8,860,1128,JK001293BK1,1511,991,1257,167,68
8,239,584,ShamAY0034128,487,7,369,197,59
8,635,1392,Shia002034Vols,1562,342,1201,396,48
8,1008,1399,JK005005,785,681,1088,300,89
9,729,974,Sham19Y0018103,1187,780,1021,179,90
9,1,696,Shamela0003722,2906,348,1094,477,78
9,1124,1440,Sham19Y0014119,63,1056,1342,209,82
9,834,967,Sham19Y0014119,223,664,797,105,97
9,1017,1379,Shamela0026731,22,987,1360,273,94
9,1210,1440,Sham19Y0017729,45,1,258,167,80
9,1066,1427,Shamela0026490,7,9,375,273,94
9,1120,1440,Sham19Y0017885,241,568,887,233,92
9,1072,1440,Shamela0002863,252,906,1305,274,86
9,1072,1440,ShamAY0033975,795,12,371,222,67
9,1095,1379,ShamAY0033975,796,1,449,216,62
9,740,967,Shamela0021715,2344,1305,1528,174,94
9,770,967,Shamela0021715,2345,228,645,158,47
9,748,963,Shamela0021715,2371,1101,1321,148,77
9,740,967,Shamela0021715,10653,18,687,165,31
9,1072,1440,Sham19Y0131336,384,1052,1323,198,69
9,1,691,Shamela0026324,1420,969,1397,247,45
9,1046,1440,Shamela0001727,30,225,646,271,79
9,726,963,Shia001901,78,397,618,155,81
9,1188,1399,Sham19Y0017063,42,1249,1460,156,92
9,815,967,Sham19Y0017063,413,727,874,118,96
9,729,1188,Sham19Y0013252,2750,434,796,215,58
9,748,963,Sham19Y0013252,2767,264,484,148,77
9,1173,1440,Sham19Y0013614,25,5,282,193,87
9,729,1188,Sham19Y0013605,1642,1051,1404,218,59
9,788,974,Sham19Y0013605,1652,1209,1394,126,77
9,736,903,Shamela0005640,33,7,180,118,83
9,1124,1440,Shamela0005922,1591,23,403,229,75
9,779,967,Sham19Y0145212,1425,805,983,135,90
9,36,626,Shia002294Vols,796,316,856,323,59
9,1124,1440,Shamela0012884,721,438,777,225,82
9,1116,1440,Sham19Y0148486,1444,1,353,240,85
9,668,1188,ShamAY0033705,13,352,890,289,61
9,1017,1348,ShamAY0033705,13,1121,1425,230,87
9,1348,1440,ShamAY0033705,14,1,126,69,72
9,839,967,Sham19Y0127677,7109,673,801,103,100
9,1072,1379,JK000677,1,1189,1491,228,95
9,36,633,Sham19Y0017878,295,780,1332,322,58
9,1072,1440,ShamAY0033910,92,223,573,259,89
9,1091,1440,ShamAY0033910,1053,377,747,251,85
9,1120,1427,Shamela0012014,268,619,1083,226,62
9,44,203,Shamela0010452,433,1175,1330,118,89
9,1002,1440,Shamela0004289,22,498,968,277,73
9,1066,1440,Shamela0004289,363,81,475,250,73
9,17,626,Sham19Y0001734,1899,875,1448,349,65
9,748,963,Sham19Y0001734,2489,971,1160,115,69
9,779,932,JK009324,993,1402,1548,115,93
9,1,341,Shamela0009107,65,1119,1464,228,75
9,341,834,Shamela0009107,66,1,509,251,56
9,1091,1440,Shia002218Vols,523,872,1236,252,85
9,1066,1440,Sham19Y0018106,118,915,1317,281,88
9,609,967,Sham19Y0018106,1126,555,903,203,70
9,748,963,Sham19Y0018106,1134,889,1109,148,77
9,779,963,Shamela0001875,726,220,410,134,87
9,668,1188,Shamela0001733,706,26,462,210,48
9,1066,1440,Sham19Y0016684,108,1065,1467,281,88
9,729,967,Sham19Y0016684,572,801,1035,179,92
9,748,974,Sham19Y0016684,582,508,751,153,73
9,740,963,JK011402,5,396,605,157,87
9,1029,1440,Shamela0007435,389,786,1231,277,77
9,1,829,ShamAY0032764,15,594,1422,496,67
9,834,967,Sham19Y0016976,650,1150,1314,105,78
9,1124,1440,Sham19Y0017616,26,847,1203,231,81
9,1058,1440,Shia003732Vols,3917,432,860,271,77
9,1041,1440,JK011633,231,522,907,243,71
9,1124,1440,Shamela0000427BK2,1679,591,925,213,77
9,668,1188,ShamAY0034438,50,441,887,184,35
9,1017,1427,JK000977,55,17,664,282,53
9,779,967,Shamela0008360,286,532,710,135,90
9,1066,1440,Sham19Y0018176,68,351,753,281,88
9,729,967,Sham19Y0018176,599,584,818,179,92
9,748,1188,Sham19Y0018176,604,825,1272,189,45
9,1124,1379,Sham19Y0017791,37,1222,1453,162,77
9,1124,1440,JK007107,51,391,783,235,76
9,748,974,Shamela0021741,153,769,1327,167,37
9,1017,1440,ShamAY0033598,37,959,1432,316,85
9,1072,1440,Shamela0004473,3035,225,616,247,77
9,1072,1440,JK000475,66,40,390,257,88
9,1091,1440,JK000475,2536,503,873,251,85
9,28,626,Shamela0023177,473,582,1136,341,63
9,1049,1375,JK009408,88,243,601,231,83
9,744,971,Shamela0023100,143,784,994,147,79
9,1072,1440,JK000130,92,546,896,259,89
9,1091,1440,JK000130,1054,460,830,251,85
9,1021,1440,Shamela0007891,9,115,572,292,80
9,1041,1379,Shamela0026370,5,934,1327,241,74
9,1072,1427,Shamela0013033,1,1096,1481,266,88
9,740,1058,JK000916,5038,757,1028,198,76
9,668,987,ShamAY0034005,368,1034,1318,208,81
9,630,963,ShamAY0034005,1505,769,1135,193,61
9,1066,1440,Sham19Y0132963,218,693,1095,281,88
9,1066,1440,JK000110,16,375,777,281,88
9,729,1188,JK000110,341,229,582,218,59
9,748,1188,JK000110,344,955,1402,191,43
9,1017,1272,Shamela0006744,644,764,1027,192,94
9,740,903,ShamAY0033973,113,153,292,87,70
9,662,903,Shamela0013034,60,1112,1340,123,60
9,1120,1379,Shamela0008176,158,1279,1579,189,79
9,779,967,Shamela0008176,2516,146,313,126,84
9,41,626,JK000216,206,973,1461,352,71
9,1124,1440,Shamela0011428,725,588,926,224,81
9,1072,1440,ShamAY0035950,315,371,641,197,69
9,1169,1440,JK000999,194,878,1174,204,87
9,1124,1440,Zaydiyya0000153,81,466,749,201,76
9,779,967,Sham19Y0122257,1112,35,213,135,90
9,1049,1440,Shamela0013073,164,37,451,273,83
9,1017,1440,Shamela0010826,58,819,1293,321,86
9,718,903,Shia001976Vols,345,359,537,98,67
9,53,834,Shia002231Vols,294,1,688,363,49
9,779,967,Shamela0003118,1813,1188,1367,142,94
9,688,963,Shamela0003118,6734,134,397,155,68
9,779,963,Shamela0096283,130,1248,1437,142,94
9,1066,1379,Shamela0005756,587,1238,1547,234,96
9,740,967,Shamela0005756,5348,601,832,174,91
9,1108,1440,Sham19Y0148271,862,1,353,218,71
9,1072,1427,ShamAY0034050,718,319,683,228,71
9,1072,1427,Shia000819,85,94,406,211,72
9,1072,1440,Sham19Y0146127,280,952,1339,242,72
9,1188,1435,Sham19Y0146127,734,9,284,180,81
9,1124,1427,Shamela0007289,2322,244,603,208,73
9,1066,1440,Shamela0005733,19,495,904,282,87
9,17,510,Shamela0005733,23,953,1456,355,84
9,510,834,Shamela0005733,24,1,238,141,52
9,1037,1281,Shamela0005803,1,1215,1463,163,84
9,729,867,Sham19Y0016584,1256,829,963,99,88
9,839,1188,Sham19Y0016584,1257,112,365,141,50
9,748,974,Sham19Y0016584,1267,1057,1294,151,74
10,804,1147,Shamela0023628,297,213,514,127,44
10,1177,1470,Shamela0023764BK3,893,987,1269,213,89
10,1234,1470,Shamela0013087,241,448,635,143,76
10,994,1374,Shamela0025800,1196,763,1195,137,29
10,1004,1374,Sham19Y0148486,5464,211,892,144,24
10,994,1400,Shamela0009107,85,1090,1438,180,46
10,994,1234,Shamela0001719,160,1029,1458,121,32
10,994,1147,Shamela0004473,13160,829,1037,97,59
10,481,1063,Shamela0036515,2706,1166,1487,170,34
10,994,1341,Sham19Y0131521,5080,350,816,138,31
10,1177,1470,Masaha004452Vols,1238,446,748,219,88
10,1267,1470,JK000916,3178,1,224,154,86
10,1,178,JK000110,16,777,949,131,95
10,804,1374,Shia001334,355,632,1221,243,45
10,1205,1460,Shamela0003118,1207,132,416,147,57
10,1004,1410,Zaydiyya0000364Vols,968,900,1225,119,28
10,1183,1470,Shamela0030769,3,75,329,165,70
10,1004,1147,Sham19Y0146127,2975,1081,1353,85,36
10,1,174,Shamela0005733,19,904,1077,135,100
10,994,1341,Shamela0117359,872,902,1397,149,34
11,10,345,Sham19Y0018103,2036,751,1124,200,62
11,356,574,Shamela0026731,117,899,1261,159,56
11,42,461,Shamela0021715,4770,925,1431,228,54
11,678,1206,Shamela0000782,895,15,452,242,54
11,607,894,Shamela0022882,11,625,919,205,85
11,15,461,Sham19Y0013252,5305,816,1327,236,50
11,149,461,Sham19Y0013252,5306,6,329,183,68
11,208,345,Shamela0023644,1277,1383,1522,110,96
11,674,1225,Shamela0004289,178,241,655,250,57
11,1075,1402,Shia002103Vols,113,29,386,173,56
11,654,1206,ShamAY0033956,69,572,1205,277,50
11,601,1002,Sham19Y0018611,209,309,717,276,81
11,10,345,Sham19Y0016684,1188,1120,1506,200,60
11,694,1002,Shamela0008493,23,1,308,217,87
11,123,461,Sham19Y0018176,1117,1,433,207,54
11,678,1206,Masaha001864Vols,2870,222,642,237,54
11,146,345,ShamAY0033592,12,333,948,154,31
11,775,1002,Sham19Y0145411,141,882,1089,150,81
11,149,345,Sham19Y0017437,260,1119,1304,130,76
11,632,1146,Shia002158,34,19,690,288,51
11,351,574,JK000916,674,1125,1368,157,81
11,15,461,JK000110,742,740,1235,235,51
11,351,574,Shamela0012531,493,403,627,166,94
11,607,894,Shamela0010826,6,448,1065,208,42
11,146,345,Shamela0096283,237,973,1199,149,81
11,149,461,Shamela0005772,64,903,1176,163,64
12,808,1224,Shamela0010798,3154,5,461,221,52
12,1161,1408,Shamela0001733,2925,573,835,163,80
12,1214,1425,Shamela0012579,1970,1012,1263,160,81
12,1252,1446,Shamela0000772,80,1071,1263,121,75
12,840,1050,Sham19Y0036114,158,1150,1389,162,82
12,1161,1425,Shia002034Vols,154,940,1194,166,75
13,313,749,Shia001187Vols,2167,4,536,210,46
13,257,576,ShamAY0034138,479,116,431,208,78
13,257,749,Shia001134,226,260,856,238,45
13,1116,1434,Shia001901,200,311,744,233,67
13,1086,1434,Shamela0023700,1406,342,724,251,79
13,1104,1434,Masaha002308Vols,365,702,1056,229,81
13,280,749,Shamela0030592Vols,62,264,914,253,48
13,276,749,Shia002103Vols,182,1,866,178,22
13,257,572,Shamela0011077,39,1119,1445,185,64
13,257,749,Shia001137,16,55,674,243,44
13,376,608,Shamela0010835,76,1,292,139,57
13,257,572,JK005004,549,562,856,175,62
13,381,572,ShamAY0035968,10,224,401,97,50
13,337,496,Sham19Y0037618,4384,1288,1491,108,69
13,337,572,Shamela0023177,303,311,797,143,34
13,257,572,Shamela0000736,1460,115,472,186,59
13,107,587,Shia001432Vols,25975,86,571,196,38
13,268,572,Shia001432Vols,28927,840,1189,174,56
13,268,572,JK000916,8778,978,1298,199,74
13,337,572,Sham19Y0038171,244,308,546,144,63
13,337,592,Sham19Y0038171,1814,122,404,142,53
13,337,592,ShamAY0035035,6751,355,637,142,53
13,257,576,ShamAY0034644,61,931,1335,193,57
13,257,749,Shamela0030623Vols,556,692,1164,237,52
13,337,572,Kraken220218125253,91,835,1023,112,58
13,451,749,JK000022,1049,20,389,133,43
13,931,1434,Shamela0000347,692,635,1161,180,29
13,126,572,ShamAY0033945,2448,424,912,203,45
13,276,572,JK000021,2893,87,403,229,93
13,337,572,ShamAY0032249,608,206,697,156,39
13,249,749,ShamAY0033712,10,770,1325,240,49
13,360,576,Shamela0012750,256,79,285,117,61
13,1093,1434,Shamela0012750,551,1031,1373,253,87
13,257,576,Shia001148,204,24,382,188,60
13,268,659,Shia002034Vols,1045,847,1226,165,43
14,123,307,Shamela0023628,1923,325,548,142,80
14,1217,1408,JK006801,855,277,474,132,82
14,1182,1360,JK011564,4,1326,1483,97,70
14,760,1319,Shamela0012981,607,681,1229,271,50
14,795,1201,Shamela0008244,23,1,389,235,65
14,123,307,Shamela0000782,772,1,198,139,87
14,36,343,Shamela0006025,585,1063,1419,185,66
14,70,307,Shia001901,204,209,437,162,84
14,87,307,Shamela0022547,285,663,997,123,42
14,123,298,Sham19Y0145212,2849,382,564,129,86
14,1006,1154,Sham19Y0127677,974,267,394,91,75
14,87,314,Sham19Y0127677,7584,395,650,163,81
14,431,768,ShamAY0032826,1141,43,452,168,49
14,42,307,Shamela0000041,1277,17,282,183,84
14,901,1285,Shamela0009107,145,1,396,226,68
14,1217,1408,Shamela0021765,1972,577,768,136,89
14,760,1328,Shamela0001733,1707,669,1188,288,58
14,36,444,Shamela0001733,3737,150,526,192,54
14,337,938,ShamAY0032904,29,747,1335,225,39
14,92,311,ShamAY0035960,556,661,1228,160,36
14,1217,1408,Sham19Y0037618,5182,233,430,132,82
14,123,307,Shamela0008360,686,656,847,136,86
14,42,307,ShamAY0038135,12,1177,1447,193,88
14,42,581,Shamela0023100,627,621,1069,191,37
14,42,415,Shamela0007891,2066,466,850,226,66
14,1006,1154,JK009390,990,727,860,91,72
14,760,1154,Zaydiyya0000342,60,407,813,247,72
14,42,370,Shamela0012531,21,36,379,202,72
14,735,1096,Shamela0012531,293,1141,1462,253,88
14,36,307,Shamela0002449,135,365,627,181,82
14,123,307,Sham19Y0017903,1005,910,1140,114,63
14,36,252,Shamela0010906,6002,1321,1547,161,88
14,123,307,Sham19Y0122257,2643,391,581,136,87
14,888,1302,JK000022,159,1,461,206,50
14,1238,1412,JK000022,3406,1,174,128,93
14,1006,1154,Shia002265Vols,83,1143,1265,88,75
14,70,311,ShamAY0033523,556,72,311,154,76
14,87,261,ShamAY0033945,2520,36,212,113,76
14,756,1154,Shamela0011766,94,784,1201,275,78
14,42,307,JK000699,8,237,636,194,60
14,111,578,JK000021,1436,1,394,181,45
14,46,307,JK007016,45,598,1155,156,35
14,42,307,Shamela0012750,295,84,371,193,83
14,1006,1154,Shamela0001438,906,1423,1545,92,78
14,36,359,Shamela0027085,3,814,1139,212,75
14,760,1328,Shia002034Vols,1861,810,1384,255,48
14,1182,1408,Shia002034Vols,2040,567,775,142,80
15,678,909,Sham19Y0018103,290,1074,1320,144,65
15,1249,1367,ShamAY0032775,31,261,373,74,81
15,1041,1362,Shamela0012862,300,1229,1444,146,58
15,223,464,Shamela0012862,476,461,712,170,81
15,1023,1367,JK006801,316,370,675,201,68
15,769,1367,Shamela0003722,6147,778,1068,110,22
15,1,214,JK011564,5,23,207,126,72
15,678,909,Shamela0021715,445,1004,1250,144,65
15,1249,1367,Shia001782Vols,1236,1191,1303,74,81
15,612,979,Shamela0022882,225,1070,1428,262,84
15,802,1312,Shamela0025800,998,1339,1504,66,15
15,769,1367,Rafed0002209Vols,2635,673,975,110,19
15,1023,1331,Shamela0009855,10,949,1425,106,28
15,1038,1403,Sham19Y0148486,3433,433,952,131,31
15,802,1367,Sham19Y0127677,1465,114,269,88,20
15,320,526,Sham19Y0127677,5617,1085,1288,150,91
15,1143,1367,Sham19Y0127677,9380,285,492,146,80
15,769,1423,Shamela0036446,556,90,408,109,19
15,769,1367,ShamAY0033910,981,848,1153,110,20
15,692,921,Sham19Y0001734,307,9,198,146,77
15,223,650,Shamela0009107,87,1,400,299,86
15,606,956,Shamela0009107,89,262,613,253,84
15,606,956,Shamela0009107,154,27,493,238,59
15,598,1263,Shamela0009107,382,961,1449,281,53
15,769,1423,JK011499,52,736,1068,112,19
15,678,909,Sham19Y0018106,213,1007,1253,144,65
15,765,1367,Shamela0021765,411,260,548,102,21
15,1029,1367,Shamela0021765,944,804,1117,210,76
15,1239,1367,Shamela0001733,3765,181,311,88,88
15,1029,1353,Shamela0001733,3766,1,444,133,38
15,678,949,Sham19Y0016684,156,974,1249,157,62
15,1029,1367,Shamela0010480,489,782,1134,195,59
15,665,921,Shamela0008493,65,450,722,164,71
15,1023,1367,Sham19Y0037618,2198,320,625,201,68
15,678,909,Sham19Y0018176,115,37,283,144,65
15,802,1367,Shamela0001975,537,545,833,147,33
15,1249,1403,Masaha002979Vols,826,1,140,92,79
15,665,921,Shamela0021635,313,433,759,168,59
15,788,1362,Shamela0001719,4421,546,798,109,23
15,802,1367,Shamela0021659,663,416,750,149,32
15,769,1367,JK000475,1282,1082,1387,110,20
15,760,1353,Shamela0013178,350,33,314,101,19
15,1155,1403,JK001336,178,962,1192,142,71
15,1239,1367,JK009408,146,864,990,88,91
15,769,1367,JK000130,982,997,1302,110,20
15,956,1362,Shamela0007891,1288,383,981,147,32
15,854,1367,JK009390,1343,1,263,120,28
15,328,526,JK009390,5835,1231,1416,130,78
15,678,909,Sham19Y0132963,382,1232,1476,142,65
15,675,909,JK000110,37,238,487,146,66
15,956,1367,ShamAY0033973,37,869,1242,222,65
15,765,1367,ShamAY0033973,89,637,920,95,20
15,802,1367,Shia002265Vols,1848,22,261,96,19
15,320,526,Shia002265Vols,4538,400,603,150,91
15,675,929,Shia001976Vols,1344,1096,1345,157,70
15,687,1147,ShamAY0033945,2648,1,457,178,38
15,1029,1403,JK000021,1621,615,1194,138,28
15,1119,1367,Sham19Y0146127,1802,684,1099,97,29
15,1106,1353,Shamela0005733,20,1159,1410,183,91
15,802,1367,Shamela0001438,2280,278,665,150,29
15,383,526,Shamela0001438,7648,1,138,104,93
15,698,909,Sham19Y0016584,223,662,860,133,75
15,684,921,Shia002034Vols,475,725,979,141,61
16,640,896,Shamela0021493,57,350,575,102,48
16,87,513,Shamela0026731,113,9,372,247,70
16,14,506,JK009154,383,72,497,247,60
16,60,651,Shamela0006025,473,364,1025,332,56
16,146,498,ShamAY0031578,3864,1267,1558,172,56
16,60,304,Sham19Y0127677,15204,1229,1444,159,82
16,87,437,Shamela0026660,7,1150,1478,246,86
16,185,513,Sham19Y0014249,89,1026,1263,150,56
16,87,619,Shamela0004445,7055,1,402,202,43
16,84,513,ShamAY0033551,27,407,766,240,70
16,47,513,Shamela0021765,20,1029,1425,276,73
16,633,896,Shamela0013027,134,93,338,114,49
16,84,627,Shamela0001733,3008,1,724,270,41
16,616,896,JK011358,17,445,818,125,45
16,41,554,Shamela0013035,315,30,449,239,56
16,47,619,Shamela0011818,282,1010,1453,213,42
16,143,506,Shamela0026489,14,100,369,158,54
16,60,513,Sham19Y0038171,2632,857,1252,261,70
16,60,596,ShamAY0033973,82,534,970,302,69
16,60,513,ShamAY0035035,10118,808,1202,261,70
16,567,1085,JK000022,46,498,1042,171,35
16,633,1137,Shamela0026816,2,531,1014,179,39
16,208,513,Shia002265Vols,34,1088,1357,182,71
16,633,906,JK000055,130,278,721,131,39
16,544,896,ShamAY0033945,78,999,1358,128,43
16,208,513,Shamela0001438,4270,802,1076,185,71
17,317,541,Sham19Y0013223,605,624,868,144,75
17,205,545,Shamela0012862,762,914,1261,219,78
17,317,507,Shamela0038091,298,37,271,124,63
17,122,527,ShamAY0034138,800,8,394,258,80
17,205,541,Shamela0012981,1916,969,1324,219,75
17,201,711,Shamela0030587,9,506,1057,254,52
17,320,711,Shia001782Vols,3497,456,807,167,48
17,122,567,Shamela0026660,12,223,698,230,55
17,155,639,ShamAY0034002,1,318,770,257,58
17,330,516,Zaydiyya0000133,90,469,744,124,57
17,205,414,ShamAY0033053,502,1186,1404,135,77
17,155,527,JK005004,891,927,1237,223,77
17,205,711,Zaydiyya0000268,80,820,1348,271,54
17,320,533,Shamela0010922,26,816,1019,127,71
17,155,590,Shamela0026813,28,301,698,257,75
17,201,635,Shamela0021635,26,1029,1429,262,76
17,222,541,Shia003101Vols,327,885,1191,192,75
17,126,527,Shamela0007268,22,144,593,169,43
17,291,541,Shamela0023578,1709,131,422,148,62
17,995,1209,Masaha004452Vols,850,708,941,169,91
17,155,665,JK000916,1776,485,997,258,57
17,357,604,Shamela0006739,25,1,238,141,73
17,171,533,JK000022,959,1067,1436,231,72
17,317,597,Shamela0003118,798,1208,1450,174,78
17,312,597,Shamela0001438,1534,871,1167,144,59
17,205,527,JK001293BK1,773,839,1119,193,73
18,38,535,Sham19Y0018103,2223,47,326,173,42
18,84,535,ShamAY0035249,76,1169,1394,162,44
18,61,540,Shamela0012981,2280,296,754,268,65
18,65,540,Shamela0037837,530,447,748,176,41
18,32,582,Shamela0021715,5247,946,1270,189,41
18,129,540,Sham19Y0020638,651,133,556,190,40
18,343,710,Shamela0001727,798,891,1250,184,56
18,38,610,Sham19Y0013605,2781,127,459,186,38
18,403,540,Shamela0012884,121,908,1046,111,99
18,179,535,Sham19Y0127677,2216,361,802,215,58
18,129,540,Sham19Y0127677,5494,265,681,325,97
18,339,540,Sham19Y0127677,7391,395,593,147,90
18,343,540,Sham19Y0127677,20325,274,464,141,88
18,573,1057,Shamela0026878,214,537,935,174,42
18,84,710,Shia001913Vols,89,799,1368,350,69
18,586,1073,Sham19Y0001734,225,330,858,305,67
18,762,1016,Shamela0006060,8,789,1011,133,61
18,80,540,Shamela0004445,102,139,380,153,41
18,339,535,Shamela0001875,1199,621,810,140,88
18,582,1073,Shamela0021765,1847,173,697,313,69
18,636,1057,Shamela0001733,101,638,1064,209,59
18,561,1073,Shamela0001733,103,624,1103,300,67
18,636,996,Shamela0001733,104,425,607,117,41
18,38,503,Sham19Y0016684,1304,806,1449,150,20
18,339,544,Sham19Y0017616,206,841,1046,151,90
18,636,1057,Shamela0010480,618,870,1279,210,60
18,343,535,JK000977,1339,485,679,135,82
18,80,540,Shia003721Vols,19,891,1132,153,41
18,339,535,Shamela0001975,919,493,682,140,88
18,403,518,ShamAY0034054,108,500,616,92,99
18,403,518,Shamela0023623,115,1069,1185,92,99
18,339,540,Sham19Y0132524,1535,436,634,147,90
18,38,403,Shamela0013068,198,1051,1278,133,42
18,80,710,JK000475,1939,795,1164,199,39
18,339,540,JK009390,2122,806,1000,144,88
18,339,540,JK009390,5715,201,407,163,97
18,129,481,JK009390,5729,1093,1445,257,87
18,38,707,JK000110,836,649,1035,193,35
18,109,540,Shia002265Vols,5422,789,1157,195,45
18,339,540,Shia002265Vols,5476,713,907,144,88
18,103,403,Shamela0011385,3123,470,738,121,39
18,38,428,Shia001976Vols,1201,1179,1544,256,77
18,618,1073,ShamAY0033945,2531,187,657,285,71
18,777,1073,Shia002231Vols,492,1,327,182,65
18,38,497,Shamela0005756,9610,1274,1525,150,39
18,343,503,Sham19Y0146127,2484,223,385,125,95
18,688,988,Sham19Y0017798,1639,1213,1444,157,64
18,339,535,Shamela0001438,3826,23,212,140,88
18,120,710,Shamela0001438,7566,845,1387,357,75
18,61,266,ShamAY0033949,61,978,1152,111,61
18,61,335,ShamAY0033949,68,1020,1241,154,68
18,567,812,Shia002034Vols,1590,1182,1413,145,68