ms1,b1,e1,id2,ms2,b2,e2,ch_match,matches_percent
1,1311,1666,ShamAY0031578,131,32,474,216,51
1,134,659,Shamela0000963,1,552,1154,214,38
1,1305,1666,Shamela0003565,26,1258,1476,177,59
1,1299,1666,Shamela0003565,29,173,510,281,91
1,1299,1666,Zaydiyya0000015,196,1129,1440,193,56
1,6,297,Shamela0021598,1,29,306,179,68
1,1305,1666,Shamela0021598,14,320,665,276,88
2,1054,1220,Shamela0011444BK2,5,171,322,115,86
2,1261,1482,Shamela0023588,18,1004,1218,159,85
2,1054,1220,ShamAY0034068,6,890,1018,98,73
2,1054,1220,Shamela0021599,37,816,948,102,76
2,1234,1492,Rafed0001713Vols,13,1284,1549,169,70
2,1261,1482,Shia002394Vols,27,80,289,138,69
2,1054,1220,JK000196,16,596,724,98,73
2,5,555,ShamAY0031578,131,479,1250,385,59
2,1256,1492,Shamela0010273,47,230,483,164,75
2,1226,1475,Shamela0008176,3024,1232,1533,154,60
2,1226,1482,Shia001399,279,558,878,171,64
2,699,1126,Sham19Y0147320,46,1079,1616,175,30
2,1126,1241,Sham19Y0147320,47,1,116,93,100
2,1054,1220,Shamela0009059BK2,16,672,800,98,73
2,1,699,Shamela0003565,29,510,1193,557,97
2,1241,1482,Shamela0003565,39,629,873,196,96
2,1054,1220,JK000291,3,15,147,102,76
2,1,713,Shamela0021598,14,665,1323,526,89
2,1054,1482,Shamela0021598,17,16,737,297,48
2,1288,1482,Shia002702Vols,47,1,180,139,86
3,1295,1570,Shamela0021598,34,1118,1424,183,66
4,129,347,ShamAY0033531,3387,301,474,109,61
4,129,347,ShamAY0033531,4569,1320,1493,109,61
4,129,347,Shamela0021597,224,1096,1283,121,65
4,153,354,Shamela0021660,2842,1060,1222,125,74
4,21,347,JK000201,2967,343,655,136,37
5,557,1186,Shamela0011327,2,469,777,212,39
5,557,980,Shamela0000963,25,314,575,174,47
5,580,1222,Shamela0012036,2,1099,1400,198,34
5,873,1222,Shamela0010016,25,209,419,147,49
5,679,980,Shamela0021598,42,1330,1532,145,54
5,873,1203,JK000208,26,984,1161,128,45
7,751,1641,Shamela0011327,3,301,760,182,21
7,504,743,Shamela0000963,39,206,503,155,62
7,1086,1323,Shamela0003565,712,1010,1298,183,77
7,1078,1323,Shamela0009059BK3,203,247,549,184,71
8,5,317,Shamela0006136,133,795,1159,122,29
8,5,317,Shamela0011444BK2,282,83,691,210,41
8,721,979,Shamela0021599,819,525,1143,103,20
8,5,317,Sham19Y0032197,97,499,860,122,30
8,5,346,Kraken220314171616,130,498,870,133,31
8,55,317,Shamela0011468BK1,226,497,769,105,32
8,124,317,Shamela0003565,769,89,432,120,44
9,812,939,Shia004092Vols,294,402,548,74,65
9,796,985,Shamela0011444BK2,692,92,305,141,85
9,796,939,Shamela0021599,3503,919,1092,105,78
9,796,985,JK000196,1912,1019,1226,132,77
9,796,985,Shamela0009059BK2,1911,1248,1455,132,77
9,800,985,Shamela0011468BK1,646,458,661,144,90
9,804,985,Shamela0003565,1953,868,1067,141,90
9,796,939,JK000291,724,297,470,105,78
9,776,985,Shamela0009823,355,220,451,148,82
9,138,346,Shamela0021598,1850,657,885,105,51
9,800,985,Shamela0021598,1854,787,1036,141,72
9,800,985,Sham19Y0013783,630,319,504,121,71
10,602,709,JK000196,790,1025,1141,77,87
10,602,709,Shamela0003565,755,1232,1348,77,87
11,499,928,Shamela0011327,4,563,863,147,40
11,1030,1233,Shamela0006136,134,114,450,115,42
11,290,443,Shamela0011444BK2,277,452,586,87,62
11,1030,1448,Sham19Y0032197,98,49,533,166,34
11,571,1118,Shamela0026535,113,842,1359,142,23
11,499,928,Shamela0000963,46,897,1197,147,40
11,713,1118,Shamela0011468BK1,226,1164,1336,104,29
11,290,443,Shamela0012036,66,1205,1333,89,66
11,876,1184,Shamela0003565,771,205,857,192,35
11,1193,1506,Shamela0003565,773,693,1000,253,98
11,992,1118,ShamAY0034227,703,396,528,103,95
11,290,443,Shamela0021598,685,209,337,89,66
11,1184,1509,Shamela0021598,703,914,1237,262,97
11,992,1118,Sham19Y0020892,17,138,269,103,96
11,290,443,JK000208,376,151,280,89,65
12,236,573,Zaydiyya0000039,64,581,905,188,60
14,539,881,Shamela0000963,69,557,1187,184,34
14,539,656,Shamela0003565,172,813,923,89,94
14,539,656,Shamela0021598,111,1060,1171,88,92
15,549,654,Shamela0000963,54,182,287,60,68
15,673,761,Shamela0003565,137,614,719,67,83
16,58,403,Shamela0003565,118,867,1209,184,58
16,208,403,Shamela0021598,67,1173,1377,143,78
16,1069,1240,Shamela0035120,3,646,885,124,61
17,975,1159,JK000291,21,37,234,84,42
17,558,792,Shamela0035120,3,1084,1512,112,29
18,302,480,Shamela0011444BK2,178,1092,1487,129,38
18,302,488,Shamela0021599,184,62,307,131,63
18,266,488,JK000291,23,1034,1308,141,60
19,815,1060,JK000196,331,677,947,133,56
19,815,1060,Shamela0009059BK2,331,935,1205,133,56
19,1408,1515,JK000291,60,1129,1256,85,84
19,188,574,Shamela0021598,219,465,939,156,35
20,936,1159,Shamela0000963,68,1279,1429,95,54
20,1335,1508,Shamela0003565,304,11,318,107,44
22,185,900,Shamela0011444BK2,101,70,613,339,52
22,210,900,Shamela0021599,252,874,1383,330,53
22,185,584,JK000196,344,154,396,140,39
22,185,566,Shamela0026535,44,1019,1355,171,43
22,185,584,Shamela0021848BK1,55,652,1190,175,31
22,185,584,Shamela0009059BK2,344,387,629,140,39
22,185,584,Shamela0011468BK1,46,539,748,165,48
22,185,584,Shamela0003565,308,1022,1231,129,36
22,185,900,JK000291,33,1031,1575,351,54
22,201,465,Sham19Y0013783,84,863,1066,135,58
24,610,808,Shamela0003565,344,1106,1468,101,32
24,808,1304,Shamela0003565,346,324,492,134,33
25,845,1214,Shamela0021599,235,994,1517,260,58
25,567,1048,Shamela0021843,127,833,1226,90,17
25,854,1259,JK000208,167,251,725,273,66
26,320,1242,Shamela0006136,84,449,864,205,26
26,1121,1511,Shamela0011444BK2,124,525,1276,189,26
26,42,187,Shamela0021599,234,1214,1350,98,81
26,262,482,Shamela0021599,314,745,874,74,41
26,1354,1511,Shamela0021599,316,422,592,111,71
26,489,1314,Sham19Y0032197,44,11,394,192,27
26,24,187,JK000196,399,927,1108,110,70
26,1354,1511,Shamela0021848BK1,76,830,969,98,75
26,24,255,Shamela0009059BK2,400,1,610,134,26
26,1291,1511,Shamela0003565,366,985,1322,133,40
26,826,971,Shamela0003565,369,384,536,119,95
26,262,482,JK000291,45,825,954,74,41
26,1345,1567,Shamela0009973,26,1383,1603,137,69
27,5,314,Shamela0011327,12,930,1241,134,51
27,98,277,JK001244,18,685,817,96,67
27,98,462,Shamela0011444BK2,127,774,1100,241,80
27,98,549,Shamela0009059BK1,119,1005,1354,172,46
27,98,462,Shamela0021599,318,356,682,242,81
27,105,314,Shamela0000963,101,743,932,115,66
27,105,462,Shamela0003565,372,646,954,208,71
27,98,462,JK000291,47,243,569,242,80
27,219,835,Shamela0021598,306,403,1462,212,21
28,874,1068,Shamela0003565,373,298,592,134,52
28,78,300,Shamela0003565,377,446,673,149,79
28,56,292,Shamela0021598,311,82,321,164,82
29,611,934,Shamela0011446,22,1380,1642,173,63
29,934,1212,Shamela0011446,23,1,322,186,66
29,791,1170,Shamela0021721,82,152,489,239,72
29,795,1182,Sham19Y0123608,142,517,983,308,79
29,862,1073,JK000001,255,1231,1623,121,38
29,611,1182,Shia000057Vols,607,95,642,237,39
29,751,994,JK009390,3567,1265,1524,153,72
29,727,1146,JK009390,3568,1063,1413,202,57
29,544,934,Shamela0011444BK2,133,1257,1548,229,71
29,934,1182,Shamela0011444BK2,134,1,214,166,81
29,791,1182,Sham19Y0013577,109,486,882,281,86
29,791,1182,Shamela0005922,363,973,1462,312,78
29,727,1146,Shamela0005922,365,61,411,202,57
29,791,1182,Shia004012,87,885,1311,160,35
29,751,1146,Sham19Y0127677,3858,970,1326,200,59
29,727,1146,Sham19Y0127677,3859,801,1152,202,57
29,727,1182,Sham19Y0127677,3860,330,772,131,28
29,937,1465,Shamela0006128,24,12,286,189,45
29,791,1182,Shamela0011993,104,291,761,265,65
29,846,1182,Shia000042,6,285,964,145,24
29,791,1170,JK000272,27,1204,1454,185,60
29,791,1182,Shamela0010517,258,688,1084,281,86
29,717,1393,Shamela0010517,259,13,767,311,42
29,791,1159,Zaydiyya0000275BK1,47,1,371,195,56
29,791,1182,Shamela0021599,342,621,907,226,70
29,556,1182,JK000196,433,929,1407,377,73
29,786,994,Shia000233,322,1273,1553,141,57
29,791,1182,Shia000275Vols,285,132,538,144,30
29,862,1182,Shia000025,187,56,647,114,20
29,791,1182,ShamAY0034797,489,445,1555,224,25
29,751,1182,Shia004049,20,370,832,161,32
29,611,1182,JK005200,7,974,1503,349,68
29,611,1182,Shia001399,7,1005,1540,221,39
29,556,1174,Shamela0000963,117,4,468,362,72
29,611,1182,Shamela0021640,13,669,1199,354,68
29,606,1528,Shamela0021848BK1,86,334,1235,571,66
29,611,1159,ShamIbadiyya0000200,27,837,1367,283,55
29,791,1019,Shia000841Vols,460,1497,1642,107,57
29,606,1123,Kraken220413030905,337,1013,1533,338,68
29,791,1140,Sham19Y0014580,288,1236,1591,246,83
29,556,1182,Shamela0009059BK2,434,26,504,377,73
29,791,1182,Kraken220314171616,84,731,1022,230,71
29,544,1182,Shamela0011468BK1,75,817,1323,398,75
29,696,1159,Zaydiyya0000061,34,140,608,230,52
29,727,1086,ShamAY0033975,298,1232,1522,155,51
29,727,1146,ShamAY0033975,299,773,1145,194,52
29,727,1182,Zaydiyya0000260,6,477,926,129,27
29,544,1013,Shamela0003565,384,578,941,286,74
29,1048,1182,Shamela0003565,386,7,143,103,91
29,561,1182,Shamela0000482,823,159,977,277,38
29,611,1182,Shamela0021644,18,900,1386,285,52
29,850,1123,ShamIbadiyya0000185,1014,852,1157,131,49
29,801,1170,ShamIbadiyya0000129,381,812,1080,100,26
29,727,1182,JK000170,80,1,453,311,76
29,791,1182,Shia001432Vols,26985,984,1394,145,30
29,751,1146,Shia002265Vols,2981,799,1155,200,59
29,727,1146,Shia002265Vols,2982,549,899,202,57
29,727,1182,Shia002265Vols,2983,163,609,130,28
29,791,1182,Rafed0001252,100,277,634,146,33
29,751,1182,Shia000024,12,1107,1599,160,30
29,611,1086,Shamela0000432,4757,1121,1541,315,78
29,619,1146,ShamAY0032826,1076,777,1182,214,46
29,561,1393,Sham19Y0017817,42,44,1131,362,37
29,791,1166,Sham19Y0018100,780,730,983,186,60
29,544,836,Shamela0009823,669,1329,1565,137,52
29,836,1182,Shamela0009823,670,1,236,194,67
29,606,1182,Shia000115,25,213,735,218,36
29,791,1182,Shamela0021843,141,284,575,230,71
29,606,1182,Masaha001077,5,332,854,218,36
29,611,1182,Shamela0012227BK2,26,168,712,343,64
29,855,1182,Shia000125,166,194,728,139,27
29,619,1146,JK001297,539,585,990,214,46
29,611,1166,Shamela0010639,42,258,716,334,71
29,791,960,Zaydiyya0000259,222,172,507,88,31
29,791,907,JK000201,156,536,652,95,100
29,556,1182,Shamela0021598,323,228,740,406,79
29,717,1182,ShamIbadiyya0000276,76,578,1156,242,45
29,795,1109,ShamAY0034251BK3,53,1359,1615,207,80
29,544,1208,Shamela0009973,31,195,720,392,72
29,988,1511,Zaydiyya0000162,626,6,457,197,43
29,565,1182,Sham19Y0016934,99,95,755,366,61
29,751,1182,Zaydiyya0000353,36,1089,1522,150,33
29,611,1019,ShamAY0034134,152,1215,1517,218,62
29,727,1146,ShamAY0034134,154,785,1172,200,53
29,561,786,Sham19Y0023625,415,1336,1534,115,57
29,816,1166,Sham19Y0023625,417,46,353,223,75
29,606,841,ShamAY0034059,1283,1359,1621,128,48
29,816,1393,ShamAY0034059,1284,7,673,349,61
29,717,1123,Shamela0012718,6,264,1596,229,20
29,611,1073,Shamela0000427BK2,161,686,1460,270,38
29,791,1182,Sham19Y0014325,106,941,1337,281,86
29,611,1170,ShamAY0034249,107,88,529,297,62
29,968,1182,Kraken220413202218,72,1,124,88,50
29,727,1182,Shamela0001438,5669,841,1283,131,28
29,751,1146,Shamela0001438,5741,1252,1608,200,59
29,727,1146,Shamela0001438,5742,996,1346,202,57
29,727,1146,Sham19Y0018315,183,365,752,200,53
29,862,978,ShamAY0035035,721,899,1431,88,20
29,791,1201,Sham19Y0013783,114,418,882,222,47
30,1339,1500,Shamela0021723,455,230,385,125,96
30,1339,1500,Sham19Y0150960,189,216,376,123,91
30,1339,1520,JK009390,2303,325,489,130,89
30,1339,1513,Shamela0000412,29,475,644,133,94
30,1339,1520,Sham19Y0127677,2209,475,639,130,89
30,30,592,Shamela0021599,343,106,851,378,61
30,1339,1551,Shamela0021599,345,1060,1246,151,87
30,1322,1542,JK000196,433,20,218,148,80
30,1339,1516,Zaydiyya0000067,201,897,1061,125,86
30,1322,1551,Shamela0000963,116,1103,1344,126,54
30,1214,1542,Shamela0009059BK2,433,552,815,176,62
30,1339,1554,Shamela0003565,385,317,752,157,43
30,1346,1520,Shia002265Vols,2911,1,155,122,86
30,1339,1551,Shamela0021598,320,186,559,148,47
30,1339,1520,Shamela0001438,3805,468,638,135,92
31,851,1246,Shamela0011327,15,846,1383,160,30
32,473,762,Shamela0006136,75,702,969,162,60
32,230,339,Shamela0011444BK2,66,434,543,82,92
32,502,762,Shamela0011444BK2,67,568,816,171,73
32,502,762,Shamela0021599,402,673,887,153,69
32,473,762,Sham19Y0032197,35,183,449,162,59
32,479,762,Shamela0021848BK1,105,34,237,144,62
32,502,762,Shamela0011468BK1,95,274,472,142,66
32,502,762,JK000291,64,955,1169,153,69
32,555,762,Sham19Y0132962,60,65,246,139,81
33,1217,1424,Shamela0021599,409,620,816,145,85
35,223,448,JK000291,69,640,796,106,59
35,606,809,JK000208,93,360,850,143,35
36,301,706,Shamela0021599,417,663,1038,248,69
36,849,1122,Shamela0021599,433,758,986,144,68
36,776,1122,JK000291,69,925,1223,222,82
36,781,1122,ShamAY0037566,67,164,455,215,80
36,781,1205,Shamela0006140,34,785,1139,214,61
37,916,1120,Shamela0011444BK2,144,1095,1446,153,50
37,921,1130,Shamela0021599,532,287,547,171,80
37,1130,1329,Shamela0021599,534,476,760,132,55
37,931,1130,Shamela0021715,612,230,437,145,79
37,916,1130,Kraken220314171616,88,764,991,161,81
37,921,1130,Shamela0012036,33,463,867,169,51
37,916,1130,Shamela0021843,153,292,519,161,81
37,938,1130,Shamela0021598,349,981,1212,157,83
37,952,1078,Sham19Y0018106,300,1,123,99,96
37,921,1130,JK000208,203,151,411,171,80
38,514,713,Shamela0011444BK2,152,1222,1541,152,60
38,514,657,Shamela0021599,453,1331,1473,109,97
38,510,708,Shamela0011468BK1,119,1199,1497,141,59
38,514,657,JK000291,73,1305,1447,109,97
39,917,1375,Shamela0011327,19,959,1449,143,28
39,1157,1375,Shamela0000963,163,250,477,91,44
39,927,1300,Kraken220314171616,91,210,479,92,28
39,1157,1283,Shamela0003565,437,1321,1459,91,84
39,959,1288,Shamela0021843,166,1129,1389,93,31
41,1188,1480,Shamela0021599,483,376,532,86,37
43,464,970,Shamela0021599,722,1035,1194,90,23
43,415,571,JK000196,259,1078,1402,87,30
44,562,701,Shamela0011444BK2,77,580,761,100,67
44,546,678,Shamela0021599,721,1373,1501,95,89
44,546,678,JK000291,124,1329,1457,95,89
44,327,468,Shamela0021598,178,1084,1429,88,32
45,415,661,Shamela0021599,464,947,1200,167,78
45,415,661,JK000196,489,1206,1439,160,79
45,402,661,Shamela0009059BK2,490,280,523,163,77
47,1138,1393,Shamela0021599,736,644,1107,122,27
47,1138,1393,JK000291,127,104,570,124,28
49,359,739,Shamela0021599,559,879,1183,192,62
51,691,1090,Shamela0011444BK2,217,519,910,247,66
51,691,1090,Shamela0021599,580,96,481,260,71
51,1116,1277,Shamela0021599,581,578,742,127,93
51,680,1095,Sham19Y0032197,81,876,1296,245,61
51,691,1090,JK000196,661,275,667,246,66
51,684,1090,Sham19Y0017885,170,415,857,172,39
51,684,1095,Shamela0021848BK1,154,852,1219,234,61
51,691,1090,Shamela0009059BK2,661,700,1092,246,66
51,677,1090,Shamela0011468BK1,161,143,586,256,62
51,1121,1277,Shamela0011468BK1,162,808,971,120,87
51,1108,1277,Shamela0012036,50,721,908,128,80
51,691,1090,Shamela0003565,597,607,999,246,66
51,1108,1277,Shamela0021598,535,131,318,128,80
51,684,1060,ShamAY0034251BK3,90,1152,1508,180,46
51,691,1095,JK000208,291,587,959,244,66
53,681,1320,Shamela0011327,21,798,1447,181,26
53,723,1001,Shamela0011444BK2,405,44,708,149,25
53,715,1001,Shamela0021599,884,609,1054,146,37
53,900,1114,Shamela0021599,885,983,1157,117,68
53,681,835,Shamela0000963,176,565,723,91,70
53,719,890,Shamela0003565,1125,1058,1183,90,64
53,890,1001,Shamela0003565,1126,70,181,89,100
53,890,1110,Shamela0021598,1015,127,480,176,62
53,890,1110,JK000208,570,897,1227,173,64
55,135,356,JK001244,23,1119,1225,83,47
55,756,1139,Shamela0021599,177,403,835,239,64
55,135,356,Shamela0021599,198,1264,1459,95,47
55,422,651,Shamela0021599,203,314,495,122,66
55,140,356,Shamela0021599,627,82,212,78,42
55,751,1157,JK000196,534,266,1117,272,38
55,751,855,Shamela0009059BK2,534,996,1488,66,17
55,855,1157,Shamela0009059BK2,535,1,354,206,66
55,140,356,Shamela0011468BK1,19,295,435,81,41
55,140,356,Shamela0012036,39,709,864,83,46
55,745,1409,Shamela0003565,470,928,1385,210,36
55,761,1111,Shamela0003565,471,928,1212,215,76
55,140,356,JK000291,106,1162,1291,75,41
55,651,1111,Shamela0021598,416,631,1228,288,52
55,140,356,Shamela0021598,419,619,774,83,46
55,826,1111,JK000208,233,16,267,191,83
55,140,356,JK000208,234,574,729,83,46
56,1128,1264,Shamela0011444BK2,169,1418,1652,70,37
56,65,276,JK000196,536,883,1126,110,58
56,370,545,JK000196,537,1253,1438,122,73
56,545,1226,Shamela0009059BK2,532,827,1023,121,20
56,100,357,Shamela0009059BK2,536,756,941,100,43
56,370,545,Shamela0009059BK2,538,512,697,122,73
56,545,1103,Shamela0003565,466,873,1359,310,64
56,104,545,Shamela0009059BK3,135,671,954,166,43
56,78,296,Shamela0021598,417,459,679,126,72
56,104,357,Shamela0021598,418,465,774,119,46
56,370,545,Shamela0021598,424,645,830,122,73
58,1277,1422,Shamela0021599,898,651,814,103,77
59,267,431,Shamela0003565,1160,338,532,121,79
61,911,1376,Shamela0021599,624,178,537,159,41
61,86,483,Shamela0021599,896,840,1374,304,69
61,886,1376,Shamela0011468BK2,19,9,689,200,30
61,298,505,JK000196,1137,182,504,152,58
61,901,1235,Shamela0000963,178,863,1497,138,24
61,958,1376,JK007114,19,1,599,163,28
61,261,505,Shamela0003565,1150,1050,1393,169,59
61,337,505,Shamela0021598,1032,1,264,121,57
61,901,1235,Shamela0021598,1043,220,417,73,22
61,86,245,JK000208,578,1301,1457,101,80
62,68,523,Shamela0021599,623,359,611,150,40
63,351,696,Shamela0011444BK2,180,1028,1434,154,39
63,1129,1440,Shamela0021599,634,8,543,173,39
63,351,529,Shamela0021599,665,885,1078,111,64
63,351,529,JK000196,565,856,1066,111,61
63,878,1049,JK000196,575,275,409,51,39
63,878,1049,Shamela0009059BK2,575,892,1026,51,39
65,1107,1402,JK000001,811,118,411,231,98
65,447,626,Shamela0011444BK2,402,496,1484,128,16
65,447,708,Shamela0021599,912,477,813,201,75
65,447,626,JK000196,1114,1,785,104,17
65,1107,1226,Sham19Y0017442,285,1397,1516,94,100
65,1113,1391,Shamela0021715,8168,827,1044,158,70
65,508,708,Shamela0000963,256,384,751,130,43
65,1107,1402,Shamela0022842,99,825,1119,234,99
65,1113,1391,Masaha001864Vols,5278,51,299,180,80
65,447,559,Shamela0011468BK1,331,404,813,84,26
65,447,708,JK000291,154,241,570,201,77
65,1113,1391,Shamela0001673,7834,67,315,182,81
65,1107,1402,ShamAY0035035,3838,525,1077,202,44
66,906,1474,Shamela0000963,257,799,1041,158,35
67,478,1174,Shamela0000482,54,168,993,316,40
67,359,1287,Sham19Y0017817,470,453,1468,737,90
72,359,706,Shamela0021599,804,835,1225,164,49
72,1117,1231,Shamela0021599,809,566,684,88,94
72,359,981,JK000291,139,824,1436,289,50
72,1122,1240,JK000208,365,1275,1397,89,93
73,295,648,Shamela0021598,687,888,1255,136,39
74,398,680,Shamela0006289,220,922,1127,78,28
75,1230,1558,Shamela0021599,928,1,567,190,37
75,74,246,Shamela0021599,939,1133,1309,118,85
76,33,660,Shamela0011444BK2,310,398,1221,175,20
76,748,920,Shamela0021599,926,1304,1472,110,72
77,344,474,Shamela0021599,934,236,388,96,79
77,580,792,Shamela0003565,887,309,575,167,76
77,1297,1437,Shamela0003565,897,874,1016,109,91
77,340,470,Shamela0021598,772,472,579,80,76
77,596,792,Shamela0021598,800,706,956,156,76
77,344,474,JK000208,426,132,308,97,70
78,481,785,Shamela0021599,948,537,902,182,52
79,1,475,Shamela0021599,949,673,1155,210,46
79,1146,1502,Shamela0021599,966,629,1087,228,59
79,810,1224,Shamela0026535,141,395,790,167,41
79,1,302,Shamela0003565,897,31,299,146,52
79,810,1502,JK000291,163,967,1572,336,51
79,1,296,Shamela0021598,813,1206,1503,145,48
79,831,1502,Shamela0008648,132,10,490,272,44
80,1,658,Shamela0021599,968,9,827,362,52
81,247,537,Shamela0011444BK2,328,495,826,174,56
81,1,255,Shamela0021599,975,1257,1507,188,87
81,589,733,JK000196,927,1269,1405,98,87
81,303,473,JK000196,928,841,1110,89,34
81,255,480,Shamela0026535,141,980,1158,125,68
81,1,255,Shamela0000963,297,447,699,191,90
81,331,733,Shamela0000963,301,19,611,165,28
81,589,733,Shamela0009059BK2,928,129,266,98,86
81,255,537,Shamela0011468BK1,269,1093,1476,190,56
81,255,733,Shamela0003565,912,254,669,306,77
81,340,839,Shamela0003565,913,532,809,182,44
81,247,537,JK000291,164,1152,1490,178,57
81,255,657,Shamela0021598,819,525,994,254,57
82,1286,1477,Shamela0011444BK2,332,428,683,128,64
82,317,714,Shamela0021599,1055,1209,1558,253,73
82,732,943,Kraken220314171616,169,707,904,98,57
82,1286,1477,JK000291,161,815,1075,130,64
82,317,714,Shamela0021719,413,45,423,216,59
83,1058,1523,Shamela0011444BK2,335,661,1045,219,49
83,1217,1529,Shamela0009059BK1,290,144,579,124,35
83,146,548,Shamela0021599,960,67,753,236,41
83,870,1523,Shamela0021599,962,590,1177,306,50
83,1058,1523,Shamela0021599,1140,477,792,210,54
83,1058,1523,Shamela0021715,1893,484,933,221,47
83,1058,1523,Shamela0011468BK1,275,720,1185,221,47
83,329,548,Shamela0012036,83,1,205,110,56
83,146,958,JK000291,162,282,1511,286,22
83,967,1523,JK000291,163,7,506,262,48
83,1058,1523,JK000291,195,26,341,209,54
83,298,548,JK000208,456,943,1178,134,61
87,442,774,Shamela0011327,38,187,651,195,46
87,1135,1276,Shamela0003565,958,820,993,95,65
87,122,484,JK000291,167,415,643,133,45
87,122,484,JK000208,464,1185,1410,133,45
88,552,1089,Shamela0021599,995,899,1424,284,56
88,816,1089,ShamAY0036002,16,714,938,129,55
88,1,347,JK000196,979,251,822,247,53
88,1,347,Shamela0009059BK2,979,366,936,247,53
88,35,347,Shamela0003565,955,603,936,225,84
88,316,900,JK000291,167,939,1064,79,16
88,556,1089,JK000291,168,37,486,260,58
88,1350,1530,Shamela0021598,858,535,715,148,100
89,510,775,Shamela0021599,1059,1237,1437,125,60
89,1,300,Shamela0009690,550,699,1017,237,92
89,510,775,Shamela0000963,330,17,275,131,54
89,553,743,Shamela0021848BK3,349,190,329,103,68
89,1,300,Shamela0007289,6903,425,743,237,92
89,1,300,JK006950,1111,442,760,237,92
90,160,382,Shamela0011327,40,337,609,89,41
90,518,720,Shamela0021599,1068,1,189,103,57
90,151,382,Shamela0000963,333,471,642,92,44
90,441,720,Shamela0012036,88,389,661,165,68
90,434,686,Sham19Y0013223,1651,373,772,120,32
90,393,720,JK000291,179,1077,1425,182,59
90,401,720,Shamela0021598,877,602,1380,193,29
90,441,670,JK000208,482,363,584,133,63
91,563,1042,Shamela0011444BK2,349,746,1303,158,27
91,577,764,Shamela0021599,999,299,470,128,85
91,577,754,Shamela0003565,972,1326,1487,123,86
91,235,482,Sham19Y0014601,1689,283,783,106,26
91,563,754,Shamela0021598,866,505,687,131,82
93,627,1209,Shamela0011444BK2,354,233,753,239,39
93,714,1197,Shamela0021599,1001,1089,1338,177,45
93,627,1197,Shamela0011468BK1,291,1,331,173,34
93,627,940,Shamela0003565,982,636,923,190,71
93,622,1197,JK000291,168,1194,1528,213,46
94,1068,1419,Shamela0011327,44,1235,1513,125,37
94,182,614,Shamela0011327,44,542,943,152,34
94,274,934,JK001244,49,33,619,303,48
94,274,380,Shamela0011444BK2,357,1138,1300,60,47
94,470,934,Shamela0011444BK2,358,647,1468,317,46
94,295,888,Shamela0021599,1078,392,750,225,48
94,173,831,Shamela0000963,358,803,1352,234,38
94,1063,1419,Shamela0000963,360,1236,1520,130,38
94,173,917,Shamela0012036,90,12,739,314,41
94,274,498,Shamela0003565,992,1115,1338,142,77
94,569,816,Shamela0003565,994,1263,1516,169,79
94,1136,1259,Shamela0003565,996,657,1171,97,23
94,295,917,JK000291,181,82,479,252,50
94,266,897,Shamela0010639,66,996,1322,203,40
94,54,173,Sham19Y0014325,691,645,761,84,83
94,242,875,JK000208,493,488,1077,240,37
95,319,885,Shamela0011327,45,370,1017,374,67
95,645,1247,JK000581,46,840,1389,370,65
95,645,896,Shamela0011446,283,314,554,173,76
95,557,1300,Shamela0006136,166,136,786,468,75
95,908,1247,JK011548,42,54,353,242,85
95,645,885,Sham19Y0020589,93,643,856,151,70
95,645,1300,Shamela0021721,411,882,1515,381,59
95,319,885,Sham19Y0145212,1055,623,1008,182,33
95,645,1247,JK001244,68,473,987,412,80
95,908,1107,JK009390,4293,839,1254,123,31
95,663,1247,Shamela0011444BK2,477,1,727,440,69
95,598,1247,Sham19Y0013577,652,322,1140,431,58
95,641,1247,Shamela0005922,1130,496,1031,418,80
95,645,885,Shamela0007460,19,138,331,150,73
95,908,1234,ShamAY0034273,49,294,653,184,49
95,645,885,Sham19Y0018353,47,576,780,150,70
95,645,885,Sham19Y0013664,38,807,1011,150,70
95,645,885,Shamela0007360,104,790,994,148,69
95,645,872,Sham19Y0020699,252,872,1078,145,71
95,645,885,Sham19Y0019228,575,142,346,150,70
95,645,1300,JK000272,144,774,1282,387,70
95,645,1247,Shamela0010517,463,966,1434,364,70
95,645,1247,Shamela0010517,520,663,1131,363,70
95,998,1351,Sham19Y0017796,22,1129,1431,208,65
95,853,1247,JK007141,340,809,1318,265,56
95,645,968,Shamela0021731,126,364,627,177,65
95,641,885,Shamela0021599,1052,337,554,178,88
95,557,1247,Sham19Y0032197,133,796,1404,445,75
95,614,885,Shamela0010930,17,211,449,173,73
95,908,1247,ShamAY0034293,25,1205,1505,241,84
95,614,808,Shamela0006947,2719,1480,1662,147,92
95,1107,1234,Shamela0008970,129,1,162,105,78
95,439,780,Shamela0000963,365,322,689,225,72
95,839,1300,Shamela0000963,367,1003,1531,316,66
95,998,1247,Shamela0000963,1227,448,670,172,82
95,557,1247,Shamela0021848BK1,265,839,1424,448,77
95,645,885,ShamAY0036552,14,1298,1522,175,84
95,645,1300,Shia000841Vols,1619,975,1481,391,71
95,412,1311,Kraken220413030905,332,552,1415,523,62
95,637,1247,Shamela0011468BK1,378,756,1496,461,71
95,641,885,Shamela0021496,52,588,816,170,78
95,557,1247,Shamela0003565,1327,804,1579,466,67
95,614,885,Shamela0021644,169,757,997,182,78
95,681,885,ShamAY0033728,74,1,158,127,76
95,645,885,Sham19Y0147311,44,872,1075,150,70
95,908,1107,Shia002265Vols,2477,658,1044,123,34
95,466,890,Shamela0000432,4882,121,628,197,36
95,307,780,JK000291,177,1086,1642,297,62
95,780,1247,JK000291,178,1,391,299,75
95,645,885,Sham19Y0017817,442,1004,1216,165,81
95,645,885,Sham19Y0014207,26,1004,1188,150,75
95,645,885,Shamela0021843,558,1190,1423,181,87
95,853,1247,Shamela0021843,559,1005,1514,265,56
95,645,968,Shamela0008463,682,1088,1329,179,66
95,797,1247,Shamela0010639,74,1,371,290,74
95,645,1229,JK000785,600,970,1505,347,63
95,614,1300,JK000785,603,272,984,392,54
95,645,1234,JK000785,605,600,1037,227,42
95,645,885,Shamela0007289,5718,183,504,167,57
95,645,968,Shamela0006105,50,439,694,171,63
95,645,885,Shamela0021598,905,326,571,181,83
95,908,1247,Shamela0021598,906,263,630,280,89
95,645,1247,Sham19Y0132962,198,937,1554,417,73
95,645,885,Sham19Y0019188,586,178,382,150,70
95,645,968,Sham19Y0019188,587,35,298,177,65
95,645,885,Shamela0004473,10195,764,977,167,81
95,641,885,Shamela0007038,715,1121,1322,163,81
95,645,1247,ShamAY0034251BK3,255,509,1016,411,82
95,315,557,Shamela0009973,112,248,566,175,64
95,872,1247,Zaydiyya0000162,1282,1,314,218,62
95,645,1247,Sham19Y0016934,606,919,1303,302,59
95,908,1247,Sham19Y0016934,782,1111,1472,205,56
95,1091,1247,Shia002636,57,973,1125,124,94
95,645,1300,ShamAY0034134,403,750,1321,387,63
95,645,885,Sham19Y0013571,36,1159,1373,165,80
95,1081,1247,Sham19Y0023625,731,305,507,136,81
95,614,885,Shamela0008459,323,508,726,170,76
95,645,885,Sham19Y0017500,146,730,934,150,70
95,641,1247,Sham19Y0150676,2133,910,1445,418,80
95,908,1247,Sham19Y0014325,782,944,1289,192,52
95,637,908,Sham19Y0014325,783,26,275,190,84
95,998,1351,ShamAY0034249,1083,721,1048,163,50
95,645,885,JK000208,499,739,1015,173,71
95,645,885,Sham19Y0147661,11,1084,1288,150,70
95,645,1234,Shamela0007435,127,423,1052,333,54
95,645,890,ShamAY0034214,24,41,269,166,76
95,908,1300,ShamAY0035035,1607,505,934,264,67
95,645,890,ShamAY0035035,1608,147,376,166,76
95,645,1247,Shamela0012872,246,1008,1557,371,65
95,645,1247,Sham19Y0013783,427,1,645,418,70
95,645,1247,Sham19Y0020561,134,229,865,417,71
96,1136,1541,Shamela0011444BK2,370,113,502,246,63
96,1130,1544,Shamela0003565,1026,1066,1346,210,64
96,1130,1495,Shamela0003565,1028,541,935,269,81
96,1077,1541,Sham19Y0013783,322,609,1281,357,64
97,887,1009,JK000196,1029,867,979,88,90
97,1222,1412,JK000196,1036,78,336,126,59
97,908,1170,Shamela0000963,373,503,906,119,32
97,887,1009,Shamela0009059BK2,1029,672,785,88,90
97,847,1009,Shamela0003565,1012,1313,1485,95,70
97,1147,1323,Shamela0003565,1019,389,511,97,69
97,1136,1491,Shamela0003565,1020,710,1328,197,38
97,1100,1323,Shamela0009059BK3,282,1084,1240,111,62
97,904,1009,Shamela0021598,914,121,226,82,99
99,1212,1597,Shamela0011444BK2,369,462,1060,174,31
99,8,333,JK007141,262,871,1061,146,55
99,1205,1402,Shamela0021599,1016,430,606,133,80
99,1212,1597,Shamela0026535,173,894,1523,190,32
99,947,1345,Shamela0000963,382,379,700,157,44
99,1212,1402,Kraken220314171616,159,813,969,107,63
99,1212,1356,Shamela0012036,94,1399,1531,98,82
99,166,410,Shamela0003565,1022,1151,1360,156,78
99,1212,1597,Shamela0003565,1025,257,959,246,42
99,1205,1402,JK000291,172,416,592,133,80
99,8,328,Shamela0021843,419,1306,1491,142,54
99,1212,1402,Shamela0021843,420,686,842,110,65
99,1212,1402,Shamela0021598,928,142,333,138,81
99,1223,1402,Shamela0009973,114,1047,1527,106,26
99,1212,1458,JK000208,515,155,861,186,31
100,792,1548,Shamela0011327,48,385,1254,271,29
100,258,426,Shamela0003565,1027,524,704,110,69
101,121,380,Shamela0021599,1021,1260,1453,130,60
102,111,661,Shamela0011327,49,561,1182,302,51
102,386,1014,JK001244,53,1,270,176,35
102,594,895,Shamela0021599,1095,1035,1323,111,38
102,106,295,JK000196,1061,1183,1463,152,67
102,111,642,Shamela0000963,397,611,1043,290,62
102,777,1097,Shamela0000963,399,715,898,77,27
102,106,295,Shamela0009059BK2,1061,903,1183,152,67
102,111,920,Shamela0012036,99,50,734,320,40
102,597,920,Shamela0009059BK3,288,850,1403,128,24
102,613,1014,Shamela0021598,957,437,993,164,32
102,811,1014,JK000208,534,852,1039,88,49
102,111,661,Sham19Y0013783,332,1039,1426,138,26
103,1307,1422,Shamela0003565,1083,182,574,56,19
103,1,178,Sham19Y0013223,1652,1136,1314,146,99
104,348,802,Shamela0021599,1028,56,348,179,47
104,998,1332,Shamela0021599,1094,180,465,145,48
104,1300,1595,Shamela0021599,1095,423,789,209,65
104,898,1192,Shamela0012036,100,1,252,112,43
104,11,257,Shamela0003565,1065,450,642,139,67
104,820,1332,JK000291,183,52,596,200,36
104,11,257,Shamela0021598,960,947,1142,135,62
104,368,658,JK000208,536,411,785,204,65
104,885,1076,JK000208,537,210,385,88,56
105,965,1617,Shamela0003565,1071,74,1312,309,26
106,63,705,Shamela0011444BK2,384,825,1522,364,60
106,940,1423,Shamela0009059BK1,309,224,855,337,66
106,614,988,JK000196,1076,969,1341,242,72
106,659,808,Sham19Y0127671,203,68,368,80,33
106,614,988,Shamela0009059BK2,1076,668,1040,242,72
106,992,1433,Shamela0021848BK3,346,125,564,337,94
106,1,128,Shamela0003565,1071,1221,1381,96,75
106,41,670,Shamela0003565,1073,43,692,345,59
106,629,1433,Shamela0003565,1074,752,1275,374,56
106,839,988,Shamela0003565,1075,1138,1305,117,85
106,992,1356,Shamela0021598,883,998,1512,277,66
106,445,552,Shamela0021598,973,116,214,64,72
106,63,346,Sham19Y0132962,158,452,708,168,71
106,341,775,JK000208,544,181,585,167,38
107,527,704,JK000196,1077,368,551,143,96
107,74,404,Shamela0000963,412,310,739,216,59
107,527,704,Shamela0009059BK2,1077,70,253,143,96
107,1,312,Shamela0003565,1074,306,752,244,68
107,727,1397,Shamela0003565,1075,491,936,276,50
107,527,704,Shamela0003565,1076,1208,1391,143,96
107,527,679,Shamela0021598,973,330,485,120,96
108,738,1048,Shamela0011327,52,7,619,79,12
108,1156,1480,JK000196,1086,1180,1510,207,70
108,332,956,Shamela0000963,416,1042,1451,203,38
108,1156,1505,Shamela0009059BK2,1086,783,1133,219,70
108,268,539,Shamela0003565,1087,432,694,208,93
108,1311,1508,Shamela0003565,1087,1342,1538,147,91
108,273,1555,Shamela0021598,982,71,1205,510,41
108,273,539,Sham19Y0013783,340,818,1259,198,54
109,173,419,Shamela0011444BK2,389,618,863,175,85
109,260,634,JK007141,279,407,717,80,22
109,1181,1313,JK000196,1083,130,284,105,85
109,1,419,JK000196,1086,644,1117,231,49
109,8,776,JK000196,1087,31,707,290,39
109,239,407,Kraken220413030905,335,382,622,90,40
109,993,1313,Shamela0009059BK2,1082,820,1481,167,30
109,1,419,Shamela0009059BK2,1086,425,720,226,67
109,560,776,Shamela0009059BK2,1087,1,306,103,42
109,940,1313,Shamela0003565,1083,306,706,261,75
109,188,419,Shamela0003565,1087,1,214,167,90
109,8,776,Shamela0003565,1088,14,840,319,37
109,210,360,Shamela0000432,4919,809,982,92,55
109,260,634,Shamela0021843,450,1054,1386,81,23
109,210,364,Shamela0021537,3021,405,580,93,55
109,210,364,Shamela0021537,5753,1270,1447,95,56
109,1181,1313,Shamela0021598,981,990,1123,105,99
109,940,1064,Shamela0021598,981,248,379,98,93
109,1,385,Shamela0021598,982,1205,1470,208,68
109,210,360,ShamAY0034134,328,1254,1427,92,55
109,989,1241,JK000208,549,806,1261,112,28
110,447,818,Shamela0009270,144,382,743,274,89
110,447,818,Shamela0025800,899,268,660,278,84
110,603,818,Shamela0025800,962,959,1146,140,75
110,447,672,Masaha003032,163,1112,1363,174,88
110,447,818,Sham19Y0148271,577,967,1347,270,82
110,447,818,Sham19Y0132416,26,1017,1339,246,80
110,80,462,Shamela0012293,3179,578,980,252,70
110,282,818,Sham19Y0020944,321,273,928,329,53
110,447,818,Shamela0023644,1481,922,1259,252,83
110,447,818,Shamela0023685,1223,182,544,280,93
110,447,818,Shamela0012884,3672,387,757,278,89
110,447,766,Shamela0021809,808,1111,1418,225,84
110,447,798,Shamela0036558,313,619,965,262,90
110,508,818,Shamela0003722,1827,1,301,222,84
110,458,818,Masaha001946Vols,1210,1,365,254,79
110,447,803,Zaydiyya0000133,31,520,763,174,59
110,447,776,JK000475,2085,1146,1459,242,91
110,502,711,Shia002067,171,1200,1418,156,87
110,502,798,Shamela0006947,11978,876,1169,222,89
110,447,818,Shamela0008970,37,1081,1444,276,90
110,447,818,Sham19Y0020591,544,178,661,267,66
110,447,818,Sham19Y0016599,1254,737,1140,276,81
110,447,818,JK000021,298,474,838,278,90
110,447,553,ShamAY0034230,299,891,995,77,90
110,447,798,Zaydiyya0000342,429,1150,1383,169,58
110,447,818,Shamela0117359,393,126,529,276,81
110,447,818,Shamela0004289,1223,927,1240,237,76
110,568,818,Shamela0008544,1362,1,240,183,86
110,447,818,Shamela0026568,1048,387,745,282,94
110,481,818,Shamela0009242,971,1,341,248,84
110,447,818,Shamela0001875,375,937,1301,276,89
110,447,609,Shamela0003055,1003,1242,1404,126,100
110,609,1162,Shamela0003055,1004,1,398,219,46
110,447,1162,Shamela0021713,149,85,634,338,54
110,165,818,Shamela0036446,1311,542,1097,341,62
110,87,502,Shamela0021537,2987,620,1084,260,64
110,80,502,Shamela0021537,5737,526,995,284,73
110,502,818,Shamela0001733,1150,891,1205,228,83
110,447,829,JK001297,126,646,937,220,68
110,447,818,Sham19Y0014601,2535,828,1248,276,78
110,574,818,Sham19Y0014601,2536,1,441,176,47
110,447,818,JK000735,24,865,1235,276,88
110,162,723,Shamela0021590,341,1043,1509,271,54
110,499,808,Sham19Y0127700,110,1,357,234,78
110,447,818,Sham19Y0131521,2179,19,420,276,82
110,477,699,Sham19Y0131521,2184,908,1527,154,31
110,447,818,JK001236,182,933,1330,282,85
110,447,818,Shamela0025794,3591,962,1337,270,83
110,553,818,Shia001976Vols,1395,976,1223,190,84
110,502,818,Shamela0013132,31,822,1134,224,83
110,285,818,Shamela0008540,1799,136,839,336,56
110,447,818,ShamAY0035035,3290,354,722,266,83
112,541,749,Shamela0009627,538,1094,1302,168,100
112,491,1006,Zaydiyya0000031,12,755,1088,181,36
112,364,1006,JK000001,666,615,1016,254,47
112,1351,1581,JK000001,667,1,313,164,63
112,541,763,Masaha001961Vols,1395,1337,1519,142,79
112,541,755,Kraken220413030847,17,191,416,161,84
112,541,1086,Kraken220413030847,18,906,1255,134,25
112,541,755,Kraken220413030847,19,989,1221,162,81
112,518,755,Kraken220413030847,34,74,295,161,82
112,463,755,Kraken220413030847,48,511,1169,143,23
112,603,749,Shamela0121376,1046,1,143,110,92
112,541,749,Shamela0000963,1360,977,1263,168,72
112,823,1006,Kraken220413030905,327,1254,1435,117,77
112,760,1006,Shamela0000482,11,253,489,151,66
112,541,780,Sham19Y0013223,2873,938,1201,183,83
112,409,1581,Sham19Y0038171,862,1,970,421,36
112,813,1006,Sham19Y0017817,437,72,254,122,77
112,1429,1581,Sham19Y0017817,438,1064,1363,106,43
112,541,749,Shamela0005963,590,585,793,168,100
112,491,986,ShamAY0034080,365,979,1336,188,38
112,683,1006,Shamela0010632,67,1,309,226,81
112,356,976,ShamAY0034059,4992,1177,1567,240,45
112,541,760,ShamAY0034214,63,613,814,161,91
112,356,1581,ShamAY0035035,3367,290,1304,463,38
113,1,589,Sham19Y0150960,195,603,1182,410,85
113,1,589,JK000001,667,313,885,434,93
113,1,473,Shamela0000482,11,1048,1480,304,82
113,479,589,Shamela0000482,12,1,112,83,90
113,1,557,Sham19Y0038171,862,970,1509,383,86
113,134,534,Sham19Y0017817,439,1,535,196,37
113,1,210,ShamAY0035035,3367,1304,1507,144,87
113,210,589,ShamAY0035035,3368,1,180,126,40
114,80,245,Shamela0011444BK2,430,950,1115,110,78
114,268,655,Shamela0011444BK2,431,1,499,221,49
114,73,409,Shamela0021848BK1,288,494,985,187,48
114,426,730,Kraken220314171616,184,8,285,136,50
114,145,364,Shamela0011468BK1,342,16,367,146,52
114,108,431,Shamela0012036,112,1045,1521,183,48
114,431,655,Shamela0012036,113,1,267,143,58
114,414,730,Shamela0021843,501,115,407,141,50
114,108,295,Shamela0021598,1075,963,1236,120,55
114,288,655,Shamela0021598,1078,221,696,199,44
114,43,302,Shamela0009973,142,38,469,153,43
114,108,542,JK000208,604,153,709,228,45
114,526,655,JK000208,606,179,383,98,57
115,916,1035,Shamela0009059BK1,376,189,308,84,82
115,916,1028,Shamela0021599,1124,1255,1373,79,82
115,817,1290,Shamela0021599,1125,100,418,202,50
115,1097,1423,JK000196,1195,499,884,157,40
115,1028,1416,Shamela0000963,448,1015,1431,189,51
115,1097,1423,Shamela0009059BK2,1195,210,595,155,40
115,1097,1290,Shamela0003565,1215,614,1050,151,44
115,1174,1421,Shamela0003565,1216,631,822,117,50
115,817,1421,Shamela0021598,1091,493,1340,306,38
115,1035,1290,JK000208,611,711,921,156,73
116,46,279,Shamela0009059BK1,379,1,244,175,87
116,127,275,Shamela0021599,1130,348,588,118,60
116,33,275,Shamela0003565,1224,221,478,194,93
116,12,275,Shamela0021598,1094,872,1144,199,85
117,591,889,Shamela0011444BK2,456,1298,1539,141,58
117,28,285,Shamela0011444BK2,459,348,841,187,46
117,24,285,Shamela0021599,1170,979,1242,204,95
117,591,853,Shamela0003565,1273,1288,1456,124,56
117,24,243,JK000291,201,1298,1521,174,96
117,612,853,Shamela0021598,1145,886,1031,105,52
117,28,279,Shamela0021598,1146,557,853,158,65
117,53,275,Sham19Y0132962,189,5,438,131,37
117,28,279,JK000208,643,814,1111,159,65
118,438,588,JK000196,1210,1,138,103,87
118,374,588,Shamela0009059BK2,1209,1135,1331,149,88
118,349,799,Shamela0021848BK3,405,75,502,177,41
118,208,374,Shamela0003565,1229,775,938,131,95
118,369,588,Shamela0003565,1230,998,1202,153,87
118,944,1202,Shamela0003565,1231,926,1282,151,48
118,703,908,Shamela0003565,1232,30,353,133,46
118,60,206,Shamela0003565,1233,1096,1242,117,100
118,353,588,Shamela0009059BK3,332,35,240,146,78
118,703,1028,Shamela0021598,1101,732,1309,194,40
118,449,588,Shamela0021598,1101,86,212,94,86
119,23,440,Shamela0011327,57,415,668,163,47
119,393,787,JK001244,64,253,363,65,22
119,393,805,Shamela0021599,1155,143,731,130,23
119,23,440,Shamela0000963,457,1015,1268,163,47
119,23,213,Shamela0003565,1235,796,1040,131,61
119,189,356,Shamela0003565,1236,691,856,132,96
119,393,837,JK000291,198,838,1456,153,26
121,827,1042,Shamela0000963,468,1213,1433,160,86
121,1318,1492,Shamela0012036,116,405,723,110,41
121,1318,1492,Shamela0021598,1108,627,946,110,41
121,1273,1492,JK000208,622,508,996,123,30
121,842,1053,JK000208,624,109,335,158,83
123,1218,1493,Shamela0011327,59,1198,1429,132,57
123,1,783,Shamela0021599,1165,826,1468,339,44
124,977,1416,Shamela0009059BK1,394,46,229,101,28
124,704,1416,Shamela0021599,1160,370,819,198,33
124,322,496,Shamela0021599,1163,1354,1542,122,74
124,745,1458,JK000196,1240,131,770,158,20
124,709,958,Shamela0003565,1259,741,1108,112,31
124,973,1416,Shamela0003565,1260,152,339,104,29
124,1008,1458,Shamela0003565,1261,200,551,106,23
124,154,503,JK000291,200,805,1126,194,64
124,709,1112,Shamela0021598,1133,356,734,115,31
125,226,765,Shamela0009059BK1,394,353,1155,319,43
125,211,765,Shamela0003565,1260,475,1139,381,67
125,73,591,Shamela0003565,1261,301,840,186,32
125,211,765,Shamela0021598,1132,536,1230,395,66
125,1,211,Shamela0021598,1135,159,416,161,79
126,1344,1468,Shamela0011446,392,37,286,72,35
126,435,1034,Shamela0021721,429,1144,1520,197,39
126,1112,1573,Shamela0021721,430,6,316,187,50
126,1338,1568,Shamela0011444BK2,461,812,1365,102,20
126,1344,1568,Shamela0001717,539,974,1219,65,23
126,549,1039,JK000272,151,1263,1502,152,38
126,1123,1548,JK000272,152,1,227,149,42
126,1,216,Shamela0021599,871,48,251,141,82
126,531,1573,Sham19Y0006684,665,559,1179,322,35
126,539,1026,Sham19Y0017104,469,281,586,72,14
126,531,1573,Shamela0021739,235,300,898,339,38
126,814,1548,Shia000841Vols,1702,32,392,235,38
126,555,1584,Shamela0007262,23,342,876,309,36
126,545,1518,Shia000743Vols,111,973,1379,228,27
126,531,1147,Sham19Y0017747,476,989,1341,174,30
126,545,1039,Shia000806Vols,438,909,1140,148,36
126,545,1039,Shia000801Vols,132,864,1095,141,34
126,898,1548,Zaydiyya0000162,1595,453,1058,221,32
126,1439,1573,Zaydiyya0000162,1597,8,172,49,38
126,531,1590,Sham19Y0013571,58,147,722,314,32
126,545,1039,Shia000723Vols,123,55,286,148,36
126,531,1568,Sham19Y0013783,406,622,1207,284,31
127,224,345,Shamela0003565,1283,1,169,80,58
127,164,345,Shamela0021598,1159,76,299,111,58
128,169,410,Shamela0012036,122,444,898,125,32
129,23,125,Shamela0011444BK2,466,288,390,81,100
129,23,125,Sham19Y0127677,1061,282,384,81,100
129,203,627,Shamela0021599,879,506,886,261,67
129,1009,1248,JK000196,1264,1113,1378,111,42
129,23,125,JK000196,1279,614,716,81,100
129,9,125,Shamela0008473,4081,1269,1390,84,89
129,1,125,Shamela0000963,491,555,675,95,96
129,23,125,Shamela0021848BK1,304,303,405,81,100
129,1009,1248,Shamela0009059BK2,1264,919,1183,111,42
129,23,125,Shamela0009059BK2,1279,466,568,81,100
129,23,125,Shamela0011468BK1,368,127,229,81,100
129,1,125,Shamela0012036,122,632,749,92,93
129,1009,1248,Shamela0003565,1283,627,983,164,57
129,1314,1450,Sham19Y0013223,1656,1050,1163,88,82
129,1,125,Shamela0021598,1168,1250,1370,95,96
129,9,125,ShamAY0034251BK3,249,409,516,85,92
129,23,140,Shamela0036569,491,58,170,64,58
129,1,125,JK000208,658,531,651,95,96
130,635,781,Shamela0003565,1195,527,752,99,55
131,396,935,Shamela0003565,1188,185,767,315,57
132,626,774,JK007074,1101,735,1024,106,46
134,972,1149,Shamela0011468BK2,194,845,1142,134,55
134,972,1149,JK007114,192,891,1183,134,56
134,972,1147,Shamela0003565,1193,220,513,134,55
134,972,1147,Sham19Y0013783,377,627,919,134,56
135,667,779,Shamela0021599,934,1141,1243,81,91
135,170,375,Sham19Y0013223,1656,867,1082,124,70
136,1268,1533,Sham19Y0013223,1656,1171,1389,153,72
137,1316,1455,Shamela0011444BK2,288,110,631,95,22
137,80,552,Shamela0021599,1119,293,724,236,54
137,1316,1455,Shamela0021848BK1,208,148,636,95,24
137,1316,1455,Shamela0011468BK1,233,567,1054,95,24
137,88,552,Sham19Y0013223,1657,58,366,208,52
138,85,246,Shamela0021599,1039,858,1018,117,90
138,6,246,JK000196,831,943,1332,127,40
139,848,1094,JK000196,845,530,833,161,58
139,848,1094,Shamela0009059BK2,845,1044,1347,161,58
139,668,831,Shamela0003565,813,872,1301,110,32
139,831,1005,Shamela0003565,817,384,576,136,88
141,419,721,Shamela0011444BK2,296,215,552,137,43
141,543,721,Sham19Y0032197,139,103,420,94,35
141,461,721,Shamela0011468BK1,238,1,567,177,38
141,1058,1175,Shamela0003565,821,1262,1399,88,80
142,104,1017,Shamela0011327,69,124,678,289,33
142,671,1081,Shamela0006136,174,628,876,180,53
142,977,1135,Shamela0021721,313,1,216,96,53
142,924,1103,Shamela0011444BK2,307,1187,1352,135,92
142,563,1017,Sham19Y0132416,110,942,1471,153,25
142,140,806,Shamela0021599,1046,684,943,210,38
142,671,1081,Sham19Y0032197,143,95,343,182,54
142,512,652,JK000196,864,953,1093,104,86
142,911,1194,JK000196,866,828,1526,208,35
142,1194,1365,JK000196,867,1,247,133,65
142,936,1103,Shamela0026535,135,1011,1162,118,87
142,11,463,Shamela0000963,563,332,716,141,28
142,671,1081,Shamela0021848BK1,218,576,824,182,54
142,929,1081,Kraken220413030905,330,527,679,92,62
142,540,652,Shamela0009059BK2,865,1,117,86,87
142,911,1115,Shamela0009059BK2,866,1315,1515,147,84
142,1115,1365,Shamela0009059BK2,867,396,724,198,72
142,916,1103,Shamela0011468BK1,245,48,262,145,82
142,140,743,Shamela0012036,75,709,1071,177,34
142,393,652,Shamela0003565,835,23,202,129,58
142,924,1408,Shamela0003565,837,1028,1262,179,43
142,1135,1459,Shamela0003565,838,1,666,237,42
142,92,806,JK000291,177,244,641,234,35
142,140,472,Shamela0021598,754,203,416,123,45
142,924,1365,Shamela0021598,757,238,884,353,66
142,945,1057,Sham19Y0014325,509,1442,1566,83,76
142,140,472,JK000208,416,740,954,123,44
142,526,806,JK000208,417,794,1209,180,52
144,717,952,JK000196,1290,592,822,164,83
144,717,952,Shamela0009059BK2,1290,435,665,164,83
144,651,959,Shamela0003565,1314,388,747,203,67
145,1042,1579,Sham19Y0017878,576,1,493,369,82
145,932,1413,Sham19Y0017878,580,416,1019,220,35
145,941,1579,JK000581,59,240,856,436,79
145,960,1167,Shamela0009270,61,1268,1484,153,83
145,1167,1579,Shamela0009270,62,1,403,302,86
145,932,1326,Shamela0009270,170,672,1028,204,58
145,1136,1579,Zaydiyya0000262,1151,1,409,301,78
145,1018,1277,JK011548,53,1187,1442,193,87
145,1277,1579,JK011548,54,1,288,208,79
145,1018,1390,Shia003732Vols,640,1260,1503,180,57
145,1018,1579,Shamela0001975,190,418,914,372,79
145,1018,1428,Zaydiyya0000031,7,419,801,301,88
145,1111,1579,Shamela0026390,36,1,461,350,88
145,1018,1390,ShamAY0034066,820,1050,1300,184,59
145,932,1190,JK000001,618,1179,1521,198,71
145,1190,1579,JK000001,619,1,393,314,98
145,1012,1579,JK009390,398,604,1106,373,79
145,932,1579,JK009390,6674,521,1161,409,69
145,1018,1579,JK009390,6676,97,553,321,66
145,932,1579,JK001127,10,63,682,422,76
145,936,1332,Shamela0025800,892,1112,1474,247,73
145,1336,1579,Shamela0025800,893,1,217,165,82
145,1018,1579,Masaha003032,166,625,1121,372,79
145,956,1221,Shamela0012086,124,1078,1278,141,63
145,932,1579,Tafsir06049,6748,40,735,432,71
145,960,1221,Sham19Y0127677,4823,1189,1421,156,67
145,1221,1579,Sham19Y0127677,4824,1,324,249,85
145,1047,1579,Sham19Y0127677,4827,1,428,298,64
145,1018,1579,Shia000042,116,205,793,397,76
145,1034,1579,Shia000042,167,1,463,351,79
145,1018,1579,Shamela0021659,352,211,707,372,79
145,1018,1390,Shamela0026520,135,371,613,178,57
145,983,1371,MMS00028,79,1169,1543,293,92
145,932,1390,Masaha001838,139,338,794,304,76
145,1221,1480,Shamela0023644,1475,1071,1324,151,64
145,1018,1221,Shamela0023644,1476,1101,1304,160,99
145,960,1579,JK000022,1005,630,1232,444,83
145,932,1390,Shamela0012981,1390,1080,1442,245,67
145,983,1579,Shia002034Vols,889,147,728,428,83
145,960,1579,Shamela0003118,2159,682,1296,449,84
145,960,1428,Shamela0003722,1842,1060,1519,331,80
145,1452,1579,Shamela0003722,1843,14,141,98,96
145,1018,1579,Shamela0021550,138,802,1370,452,98
145,1018,1358,Sham19Y0018272,436,554,1341,223,34
145,1470,1579,Sham19Y0018272,437,166,386,88,49
145,960,1579,ShamAY0034797,492,687,1450,459,71
145,1018,1253,Zaydiyya0000067,136,1275,1461,133,71
145,1253,1579,Zaydiyya0000067,137,1,271,189,63
145,960,1417,Zaydiyya0000067,221,987,1295,207,52
145,1018,1579,Sham19Y0122096,877,588,1084,371,79
145,1018,1579,Shia001399,79,379,839,346,76
145,941,1326,Shia002067,128,1045,1447,290,86
145,1326,1579,Shia002067,129,1,242,170,76
145,932,1579,Shamela0008970,24,576,1247,429,71
145,1018,1390,Sham19Y0148529,412,904,1154,184,59
145,927,1579,Shia001395Vols,89,81,675,394,72
145,960,1428,Kraken220413030759,511,745,1212,331,79
145,960,1343,ShamAY0031687,412,1095,1478,293,91
145,1350,1579,ShamAY0031687,413,6,223,152,74
145,1012,1579,Kraken220413030905,320,287,839,428,92
145,456,625,Sham19Y0148486,1571,71,366,125,52
145,1018,1531,JK000624,297,1075,1470,282,65
145,158,673,Shamela0003565,1312,586,824,192,45
145,932,1579,Shamela0000482,7,383,1114,463,74
145,1018,1579,Sham19Y0013223,1422,897,1401,364,77
145,1018,1579,JK000216,109,368,864,372,79
145,1018,1579,JK000216,514,561,986,320,70
145,932,1579,Rafed0002209Vols,2706,379,946,400,75
145,1018,1579,Shia003711,139,166,829,393,70
145,1018,1221,Shia003711,220,505,773,125,53
145,932,1221,ShamAY0032899,17,792,1034,153,63
145,337,618,Shamela0002569,547,13,217,149,61
145,960,1310,Sham19Y0038171,1088,610,894,204,69
145,960,1579,JK000916,6272,257,862,448,85
145,960,1390,JK000916,6273,1022,1474,328,86
145,1407,1579,JK000916,6274,1,161,119,85
145,932,1579,JK000916,6275,449,1123,416,68
145,1018,1579,JK000916,6277,307,760,321,66
145,1018,1390,Sham19Y0009800,180,1007,1258,187,59
145,1018,1579,Shia001432Vols,29072,333,922,389,74
145,1018,1579,Shia001432Vols,29558,725,1217,360,77
145,1018,1207,Shia001432Vols,32190,1296,1489,147,95
145,1207,1579,Shia001432Vols,32191,1,475,246,60
145,1018,1253,Shia002265Vols,414,1194,1393,146,72
145,1253,1579,Shia002265Vols,415,1,298,227,85
145,1018,1579,Shia002265Vols,660,383,839,321,66
145,1012,1579,ShamAY0033632,53,976,1432,310,63
145,932,1363,ShamAY0033598,295,1186,1587,276,75
145,1363,1579,ShamAY0033598,296,1,191,143,80
145,960,1390,Shamela0010283,1503,1280,1541,185,52
145,960,1182,Zaydiyya0000355,146,1262,1562,149,59
145,1182,1390,Zaydiyya0000355,147,1,226,169,91
145,932,1579,Shamela0036446,1309,10,573,404,75
145,960,1579,Shamela0001733,2408,455,1068,449,84
145,1018,1233,JK001297,127,222,422,131,66
145,1024,1390,Shamela0023645,46,1,245,182,59
145,1018,1579,Shia001372,100,894,1379,356,76
145,1,194,Shamela0021598,1181,158,694,109,25
145,1018,1221,Zaydiyya0000255,13,1162,1331,108,58
145,1018,1579,Shia002261Vols,64,74,570,371,79
145,1018,1227,Shia001367,80,682,965,132,53
145,1018,1227,Shia001367,129,367,609,127,59
145,932,1579,Shia002073,32,556,1148,398,72
145,932,1579,Shamela0000782,1168,392,961,401,75
145,147,673,Sham19Y0023625,544,207,449,180,41
145,1018,1579,Kraken220204081839,173,427,979,427,92
145,932,1531,Sham19Y0014309,1077,1029,1566,376,74
145,960,1470,Shamela0012718,9,900,1549,373,67
145,1018,1390,Sham19Y0023618,1054,1196,1446,184,59
145,1018,1579,Shamela0001438,6772,208,663,321,66
145,960,1579,Shamela0001438,6824,898,1452,404,76
145,1018,1579,Shamela0001438,7969,264,760,373,79
145,960,1579,Sham19Y0014045,58,532,1142,446,83
145,960,1579,Zaydiyya0000233,11,641,1207,402,75
145,932,1579,Shia003101Vols,188,484,1112,417,75
145,1061,1310,ShamAY0035035,4517,1,214,156,73
145,960,1579,ShamAY0032938,2,381,994,438,81
145,932,1413,Shamela0012872,202,632,1256,260,44
145,1105,1579,Shamela0012872,259,1,456,332,80
145,1012,1579,Zaydiyya0000371,32,443,875,303,63
146,1,695,Sham19Y0017878,576,493,1320,339,40
146,395,684,Sham19Y0017878,580,702,1331,143,25
146,10,712,JK000581,59,862,1554,502,85
146,712,884,JK000581,60,1,254,123,58
146,1,884,Shamela0009270,62,403,1372,655,81
146,425,547,Shamela0097928,176,487,609,101,100
146,1,1038,Zaydiyya0000262,1151,409,1294,307,26
146,10,884,JK011548,54,294,1239,626,78
146,1,851,Shamela0001975,190,914,1542,332,39
146,712,884,Zaydiyya0000031,8,490,760,136,63
146,10,200,Zaydiyya0000031,15,799,976,129,85
146,547,677,JK009402,39,809,968,83,57
146,1,884,Shamela0026390,36,461,1428,644,79
146,547,695,JK000001,402,801,975,108,73
146,1,884,JK000001,619,393,1396,709,87
146,1,547,JK009390,398,1106,1441,241,53
146,712,1051,JK009390,399,68,483,125,28
146,1,547,JK009390,6674,1161,1496,241,53
146,712,1051,JK009390,6675,138,553,125,28
146,1,695,JK009390,6676,524,1357,342,42
146,1,884,JK001127,10,682,1448,440,55
146,1,1051,Shamela0025800,893,217,1163,335,27
146,1,547,Masaha003032,166,1121,1458,242,53
146,225,1051,Masaha003032,167,6,541,168,18
146,1,884,Tafsir06049,6748,745,1497,379,47
146,1,1051,Sham19Y0127677,4824,324,1242,337,27
146,1,695,Sham19Y0127677,4827,399,1222,324,39
146,1,784,Shia000042,116,793,1536,370,44
146,1,1038,Shia000042,167,463,1245,267,22
146,1,856,Shamela0021659,352,707,1340,336,40
146,174,330,Shamela0011074,8,1329,1504,107,69
146,1,884,MMS00028,80,195,1155,630,76
146,174,542,Shamela0023644,1476,478,847,269,82
146,1,252,JK000022,1005,1232,1493,193,89
146,257,884,JK000022,1006,27,705,435,74
146,547,690,JK000022,2930,1311,1483,106,73
146,1,848,Shamela0012981,1391,139,787,312,37
146,1,848,Shia002034Vols,889,728,1544,567,80
146,767,884,Shia002034Vols,890,7,121,91,97
146,1369,1553,JK000196,1289,465,662,107,59
146,1,214,Shamela0003118,2159,1296,1511,166,97
146,214,884,Shamela0003118,2160,1,746,489,77
146,1,884,Shamela0003722,1843,141,1106,616,72
146,1,148,Shamela0021550,138,1370,1517,115,99
146,148,884,Shamela0021550,139,1,861,594,85
146,162,349,Shamela0008555,221,195,411,128,68
146,712,856,Sham19Y0018272,438,111,253,86,64
146,97,884,ShamAY0034797,493,1,886,594,81
146,547,677,ShamAY0034797,620,1418,1577,94,75
146,547,695,Zaydiyya0000067,106,615,790,108,73
146,1,695,Zaydiyya0000067,137,242,1072,341,42
146,712,856,JK007006,353,76,310,85,47
146,1,547,Sham19Y0122096,877,1084,1419,241,53
146,712,1051,Sham19Y0122096,878,15,430,125,28
146,382,884,Shia001399,79,951,1454,192,32
146,1,884,Shia002067,129,242,1171,621,77
146,1,257,Shamela0008970,24,1247,1497,176,81
146,395,1024,Shamela0008970,25,13,636,231,32
146,712,884,ShamAY0035059,15,163,403,128,68
146,1,856,Shia001395Vols,89,659,1301,330,39
146,547,649,Kraken220413030759,1135,1330,1461,79,76
146,1,884,ShamAY0031687,413,223,1182,613,74
146,1,684,Kraken220413030905,320,839,1585,498,79
146,684,884,Kraken220413030905,321,1,280,154,70
146,1369,1553,Shamela0009059BK2,1289,324,521,107,59
146,700,856,Shamela0021660,1250,253,649,89,29
146,1,828,JK000624,298,32,635,317,45
146,1369,1553,Shamela0003565,1312,957,1154,107,59
146,1,448,Shamela0000482,7,1114,1567,331,88
146,448,884,Shamela0000482,8,1,524,337,80
146,110,1051,Sham19Y0013223,1423,1,819,273,24
146,1,856,JK000216,109,864,1497,336,40
146,1,828,JK000216,514,986,1595,310,38
146,1,834,Rafed0002209Vols,2706,946,1557,307,36
146,1,706,Shia003711,139,829,1554,492,78
146,706,884,Shia003711,140,1,249,130,62
146,1,671,JK000916,6272,862,1536,462,80
146,655,884,JK000916,6273,1,287,156,62
146,1,884,JK000916,6274,161,1129,654,81
146,1,529,JK000916,6275,1123,1538,278,62
146,266,1024,JK000916,6276,11,490,177,22
146,1,695,JK000916,6277,732,1531,333,42
146,1,649,Shia001432Vols,29072,922,1537,276,39
146,677,856,Shia001432Vols,29073,1,166,116,74
146,706,872,Shia001432Vols,29102,536,801,122,59
146,1,547,Shia001432Vols,29558,1217,1495,204,45
146,220,856,Shia001432Vols,29559,12,235,152,29
146,1,884,Shia001432Vols,32191,475,1449,620,74
146,1,1051,Shia002265Vols,415,298,1201,337,28
146,1,611,Shia002265Vols,660,810,1535,298,42
146,83,695,ShamAY0033632,54,1,723,287,40
146,1,1051,ShamAY0033598,296,191,1093,332,27
146,174,330,Shamela0003055,3080,1251,1426,107,69
146,162,349,Shamela0003055,3883,462,678,127,68
146,174,330,Shamela0003055,4064,981,1181,103,58
146,17,884,Zaydiyya0000355,147,226,1241,399,37
146,1,1051,Shamela0036446,1309,573,1516,330,26
146,1,466,Shamela0001733,2408,1068,1523,330,83
146,466,884,Shamela0001733,2409,1,478,280,66
146,712,884,Shamela0001733,2698,635,865,105,49
146,706,872,Shia001237Vols,1094,1084,1352,124,59
146,466,1051,Shia001372,101,1,654,145,17
146,1369,1553,Shamela0021598,1181,752,947,106,59
146,706,872,Zaydiyya0000049,122,364,645,126,57
146,547,695,Shamela0009385,25,77,251,107,72
146,706,872,Zaydiyya0000004,71,373,655,126,57
146,1,856,Shia002261Vols,64,570,1235,336,39
146,1,524,Shia002073,32,1148,1464,225,51
146,1,780,Shamela0000782,1168,961,1517,277,35
146,1,581,Kraken220204081839,173,979,1588,431,88
146,596,884,Kraken220204081839,174,14,385,220,75
146,23,159,Kraken220204081839,250,1,133,97,91
146,1,856,Sham19Y0014309,1078,49,669,332,40
146,712,828,Shamela0012750,219,1240,1354,71,70
146,1,884,Shamela0012718,10,109,1102,673,83
146,547,695,JK001266,25,251,425,107,72
146,1,695,Shamela0001438,6772,634,1471,334,40
146,76,1051,Shamela0001438,6825,1,849,292,25
146,1,856,Shamela0001438,7969,760,1375,324,39
146,1,376,Sham19Y0014045,58,1142,1546,261,74
146,376,884,Sham19Y0014045,59,1,577,353,69
146,174,466,Shamela0095700,72,791,1326,124,23
146,1,547,Zaydiyya0000233,11,1207,1537,240,53
146,193,1051,Zaydiyya0000233,12,1,570,212,23
146,1,547,Shia003101Vols,188,1112,1540,286,61
146,284,884,Shia003101Vols,189,1,319,164,28
146,547,695,ShamAY0035035,1833,520,695,108,73
146,425,547,ShamAY0035035,3160,1190,1312,101,100
146,547,684,ShamAY0035035,3218,1086,1495,89,27
146,684,884,ShamAY0035035,3219,9,743,130,23
146,1,581,ShamAY0032938,2,994,1550,402,82
146,596,884,ShamAY0032938,3,7,370,219,75
146,547,695,Shamela0001391,243,234,409,108,73
146,395,649,Shamela0012872,202,947,1526,135,26
146,10,884,Shamela0012872,259,462,1409,624,77
146,1,856,Zaydiyya0000371,32,875,1535,337,39
147,1027,1419,Shamela0021599,835,545,1087,126,21
147,1082,1419,JK000291,144,1,279,102,28
147,625,999,JK000291,146,606,1170,116,18
148,220,338,Shamela0021599,837,1,139,91,83
148,1313,1551,JK000196,1301,76,334,81,42
148,1313,1551,Shamela0003565,1324,217,396,81,36
149,1253,1614,Zaydiyya0000233,8,674,1037,236,76
149,1253,1398,Zaydiyya0000371,31,1544,1691,103,84
151,1151,1331,Shamela0021599,851,982,1360,126,41
152,877,1152,Shamela0021599,860,767,1073,191,76
152,895,1083,Shamela0009059BK3,375,93,288,150,95
153,367,536,Zaydiyya0000262,1148,909,1143,108,55
153,752,1057,Sham19Y0020589,96,348,659,240,95
153,190,544,JK009402,39,673,1140,229,55
153,788,1057,Shamela0026390,14,17,265,187,83
153,28,673,JK000001,402,549,1280,483,80
153,124,564,ShamAY0033626,87,378,810,292,76
153,1067,1351,Shamela0011444BK2,675,908,1193,227,99
153,759,1057,Shamela0007360,111,266,554,224,93
153,1063,1385,Shamela0021599,1422,137,461,259,99
153,146,361,JK000022,2930,1175,1410,150,81
153,358,673,JK000022,2931,1,272,199,75
153,759,1035,Shamela0021642,502,1252,1519,208,93
153,759,1057,Shamela0028168,161,272,534,200,84
153,190,435,ShamAY0034797,620,1282,1659,166,51
153,146,673,Zaydiyya0000067,106,480,1059,355,70
153,746,1057,Zaydiyya0000133,38,851,1131,214,84
153,788,1063,ShamAY0034128,177,427,677,188,83
153,759,1057,Shia002264,107,952,1221,209,87
153,759,1057,Sham19Y0014153,90,362,650,222,93
153,759,1057,Shia000841Vols,1696,692,951,200,83
153,171,550,Kraken220413030905,292,62,496,249,63
153,759,1057,Sham19Y0019230,80,387,656,209,87
153,797,1057,ShamAY0034269,72,1,232,185,88
153,769,1057,JK005004,566,1146,1402,188,80
153,794,1057,JK005004,567,664,909,179,79
153,146,393,Sham19Y0038171,545,1007,1348,184,68
153,393,673,Sham19Y0038171,546,26,405,205,64
153,759,1057,Shamela0021693,265,916,1204,224,93
153,746,1057,Shamela0021677,424,1213,1507,231,92
153,1063,1385,JK000291,247,587,911,259,99
153,759,1057,Shamela0008463,665,377,665,224,93
153,759,1057,Sham19Y0019188,596,766,1054,223,93
153,205,673,Shamela0009385,25,1,506,295,64
153,759,1057,JK000055,253,977,1259,205,82
153,124,544,ShamAY0034080,372,163,579,290,80
153,28,416,ShamAY0034080,376,988,1457,261,66
153,416,673,ShamAY0034080,377,1,242,178,85
153,759,1057,Sham19Y0013785,111,1155,1443,223,93
153,769,1063,Shamela0009810,538,576,918,201,67
153,146,673,JK001266,25,116,680,335,65
153,759,1057,ShamAY0034298,14,872,1176,227,92
153,146,673,ShamAY0035035,1833,386,1313,378,50
153,769,1057,ShamAY0035035,1835,72,438,201,63
153,124,673,Shamela0001391,243,74,697,349,66
154,133,676,Tafsir10066,1282,257,742,316,68
154,292,664,Shamela0096232,21,167,550,281,88
155,863,1208,Sham19Y0017101,25,17,237,140,48
155,580,1208,Shamela0021578,22,350,702,249,49
155,580,1208,Shamela0096232,21,167,535,246,47
155,693,1160,JK009237,1216,263,680,268,68
155,580,1212,Sham19Y0014579,318,207,526,243,47
155,686,876,ShamAY0036163,5,1188,1362,131,89
155,884,1208,Rafed0002202Vols,36,8,186,125,47
155,693,1134,ShamAY0035035,1832,390,737,253,73
156,261,707,Shamela0008381,2033,793,1180,274,74
156,261,707,Shamela0028168,126,714,1097,274,75
156,1,225,JK005001,80,519,1112,87,16
157,89,389,JK001171,80,212,501,210,85
157,89,389,JK000001,1216,1028,1305,215,91
157,928,1529,JK001244,99,183,644,191,31
157,247,389,JK009390,1918,5,142,88,75
157,122,389,JK009390,6157,783,1052,151,64
157,971,1497,Shamela0009059BK1,603,784,1482,235,38
157,122,389,Sham19Y0127677,1821,1055,1323,150,63
157,89,389,Sham19Y0127677,4309,1127,1419,169,64
157,167,389,ShamAY0033949,183,1,215,159,88
157,928,1497,Shamela0021599,1391,250,926,285,43
157,89,380,Shamela0023644,1357,445,726,200,83
157,89,389,Shamela0021550,283,263,539,215,90
157,89,389,Zaydiyya0000067,150,673,973,169,63
157,89,389,Sham19Y0038171,1251,426,694,210,88
157,109,389,Sham19Y0038171,1252,1,270,191,81
157,89,389,Shia002265Vols,2083,846,1141,171,65
157,928,1497,JK000291,240,749,1424,286,43
157,89,389,ShamAY0032826,806,188,574,174,52
157,89,389,ShamAY0032826,807,261,647,174,52
157,122,389,JK001297,402,1136,1398,148,63
157,1358,1525,Sham19Y0132962,269,34,504,115,30
157,89,389,ShamAY0036508,20,60,328,203,86
157,95,389,Sham19Y0023625,1755,873,1156,202,82
157,122,389,Shamela0001438,3272,336,613,158,66
157,89,389,Shamela0001438,6195,94,388,171,65
157,95,389,ShamAY0035035,4950,1,263,206,88
158,1,566,Shamela0021599,1393,558,1141,279,47
158,714,1131,Shamela0021599,1397,1114,1361,192,55
158,1036,1517,Shamela0011468BK1,532,1,159,73,17
158,957,1131,Shamela0003565,1877,1320,1507,137,90
158,1,566,JK000291,241,83,650,267,45
158,668,1615,JK000291,242,48,745,408,47
158,1044,1517,Shamela0021598,1770,1,135,92,24
158,1064,1517,JK000208,1036,1,109,76,20
159,1081,1358,Shamela0021721,641,1205,1509,150,47
159,1150,1358,JK000001,499,520,715,145,87
159,1042,1358,JK001244,100,1081,1477,215,65
159,1108,1409,Sham19Y0132416,111,457,912,213,59
159,1155,1358,Sham19Y0013577,871,1091,1299,155,93
159,1081,1409,JK000272,224,330,837,217,53
159,1,353,Shamela0021599,1399,913,1264,184,48
159,360,1345,Shamela0021599,1401,748,1391,325,34
159,1135,1399,Rafed0001792Vols,622,103,365,161,66
159,1160,1358,Sham19Y0017885,456,1363,1562,151,94
159,1062,1358,Shamela0021715,1688,430,889,155,34
159,1075,1415,Shamela0000963,612,256,522,147,46
159,1089,1358,Shamela0021848BK1,424,148,428,160,72
159,1081,1394,Shia000841Vols,2237,1056,1547,205,52
159,1081,1415,Shia000841Vols,2246,465,1021,186,37
159,1150,1358,Shia000841Vols,3839,385,575,140,84
159,1176,1358,Shamela0011468BK1,537,628,810,146,100
159,120,679,Shamela0012036,188,63,347,142,32
159,1089,1358,Shamela0012036,188,549,906,207,72
159,1098,1567,Sham19Y0013223,1949,957,1298,217,50
159,1176,1358,Sham19Y0017747,630,23,205,146,100
159,1,679,JK000291,242,952,1467,290,44
159,1089,1358,JK000291,243,95,419,211,81
159,1098,1409,Shamela0000894,2064,674,1161,216,55
159,1089,1358,Shamela0096232,102,994,1306,169,60
159,1108,1321,Shamela0021713,533,1208,1574,157,52
159,1089,1358,Shamela0021843,818,889,1223,198,72
159,1081,1358,Shamela0010639,182,39,346,149,46
159,1160,1358,Shamela0021598,1784,1,254,157,77
159,1300,1567,Shamela0021598,1785,806,1293,131,33
159,1176,1358,Shamela0009851,1055,602,782,134,92
159,1131,1358,JK000734,103,1134,1359,158,88
159,1139,1358,ShamAY0034251BK3,363,1140,1383,155,80
159,1128,1358,Shamela0009973,219,142,401,180,87
159,1075,1358,MMS00013,157,308,600,164,58
159,1155,1340,Sham19Y0023625,1662,1269,1450,120,81
159,1176,1404,Sham19Y0014325,1313,931,1151,154,85
159,1103,1358,JK000208,1043,1,311,199,80
159,1098,1358,ShamAY0035035,1654,278,740,160,40
159,1098,1545,ShamAY0035035,1655,1066,1387,197,47
159,1150,1340,ShamAY0035035,2762,1293,1469,130,85
160,568,1275,Shamela0006136,243,182,746,271,40
160,657,898,Shamela0011444BK2,670,1,331,176,63
160,574,898,Shamela0009059BK1,613,1091,1452,202,64
160,531,1435,Shamela0021599,1414,238,1393,495,47
160,568,1148,Sham19Y0032197,229,1066,1506,248,50
160,574,1148,Kraken220314171616,299,82,663,245,40
160,574,898,Shamela0003565,1903,107,639,215,48
160,531,1199,JK000291,245,414,1286,461,62
160,574,898,Shamela0021843,824,1229,1489,160,58
160,121,936,Shamela0035120,35,158,689,206,27
160,574,874,ShamAY0034251BK3,364,1486,1621,92,37
160,554,992,Shamela0009973,220,1358,1633,160,41
160,262,1127,Shamela0006140,162,39,722,259,30
160,574,1102,Sham19Y0020561,194,473,847,216,47
161,1391,1562,Shamela0011444BK2,659,538,710,142,98
161,1,439,Shamela0011444BK2,671,499,702,79,17
161,1391,1562,Shamela0021599,1395,862,1035,142,98
161,1397,1562,JK000196,1675,209,512,132,51
161,1397,1562,Shamela0009059BK2,1674,231,534,132,51
161,1391,1562,Shamela0011468BK1,530,606,777,141,98
161,1397,1562,Shamela0003565,1876,545,708,135,96
161,1391,1562,JK000291,241,983,1156,142,98
161,1397,1562,Shamela0021598,1765,167,340,135,91
162,51,214,Shamela0009059BK1,617,187,406,96,48
162,454,1411,Shamela0021599,1408,441,1527,685,73
162,41,166,Shamela0021599,1418,1074,1196,86,85
162,166,446,Shamela0021599,1420,363,810,134,34
162,41,261,JK000291,247,249,465,165,92
162,1219,1423,Shamela0021598,1789,717,1004,149,61
162,621,724,Sham19Y0023644,143,495,620,75,75
162,1219,1423,JK000208,1046,1265,1552,149,61
163,4,241,Shamela0011444BK2,676,302,640,143,50
163,4,255,Shamela0021599,1423,1217,1580,156,48
163,255,392,Shamela0021599,1424,11,146,100,85
163,636,814,Shamela0021599,1427,1387,1557,106,67
163,825,1112,Shamela0021599,1431,578,833,174,71
163,1163,1384,Shamela0021599,1432,924,1121,134,77
163,192,392,Shamela0012036,192,106,363,140,62
163,4,255,JK000291,247,1216,1579,156,48
163,255,814,JK000291,248,25,839,233,28
163,197,392,Shamela0021598,1812,224,475,140,64
163,38,392,JK000208,1061,901,1297,200,52
163,1170,1384,JK000208,1065,639,824,124,74
164,175,353,Shamela0011444BK2,679,1246,1464,135,74
164,922,1359,Shamela0011444BK2,682,418,1087,213,34
164,26,296,Shamela0021599,1433,1250,1589,170,54
164,542,1012,Shamela0021599,1440,1,423,243,59
164,994,1171,Shamela0021599,1441,1370,1564,139,88
164,1171,1481,Shamela0021599,1442,1,438,243,68
164,69,353,Sham19Y0032197,233,878,1140,119,43
164,1228,1359,JK000196,1892,189,320,104,100
164,1228,1359,Shamela0026535,595,20,151,104,100
164,1228,1359,Shamela0009059BK2,1891,437,568,104,100
164,1,353,JK000291,249,968,1383,223,58
164,342,499,JK000291,250,26,544,127,29
164,739,1520,JK000291,251,10,930,540,68
164,734,1171,Shamela0021843,837,545,1225,213,36
164,862,1224,Shamela0021598,1824,673,1113,245,67
164,862,1158,JK000208,1067,1194,1560,190,63
165,1031,1393,Shamela0006136,246,1032,1200,128,42
165,1037,1385,Sham19Y0020589,128,1,524,250,59
165,852,1385,Shamela0021721,653,782,1426,312,52
165,914,1535,Shamela0021721,656,515,738,124,23
165,953,1385,Sham19Y0123608,466,206,611,266,67
165,1031,1511,ShamAY0033181,312,250,752,278,59
165,1187,1385,Shamela0021589,636,1,222,129,62
165,1092,1372,Shamela0011444BK2,683,830,1258,208,59
165,1071,1385,Sham19Y0132416,61,1,366,234,77
165,1031,1385,Sham19Y0013577,905,830,1223,277,85
165,953,1258,Shamela0005922,1347,1279,1547,181,67
165,1258,1385,Shamela0005922,1348,1,163,103,78
165,856,1237,Sham19Y0016772,268,131,664,190,38
165,1031,1393,Shamela0011444BK1,36,739,909,131,43
165,856,1393,Sham19Y0026094,68,70,569,294,55
165,1092,1385,Shamela0009059BK1,624,838,1344,215,52
165,953,1385,Zaydiyya0000570BK3,603,232,660,258,63
165,953,1385,Shamela0002863,841,7,701,314,54
165,931,1181,Sham19Y0018353,68,1337,1583,135,51
165,1181,1385,Sham19Y0018353,69,1,233,141,75
165,834,1385,Shamela0006128,147,246,851,282,47
165,931,1385,Sham19Y0013664,57,161,639,277,62
165,953,1385,Shamela0007360,150,984,1481,269,59
165,931,1300,Sham19Y0020699,347,1187,1546,199,52
165,953,1463,Sham19Y0020699,348,357,848,272,60
165,1071,1385,Sham19Y0019228,802,1,404,227,69
165,1031,1385,JK000272,229,631,1028,269,80
165,1139,1385,Kraken220311165336,255,1,287,185,79
165,1133,1303,JK007141,474,1324,1533,126,73
165,953,1278,Shamela0021731,204,1353,1643,183,63
165,18,213,Shamela0021599,1443,301,578,150,65
165,831,1027,Shamela0021599,1444,272,569,145,57
165,1181,1290,Shamela0021599,1448,328,673,87,31
165,1092,1385,Shamela0023685,1302,1063,1405,222,79
165,1031,1393,Sham19Y0032197,235,617,791,134,44
165,862,1385,Sham19Y0013241,588,180,790,302,53
165,1092,1385,Shamela0021642,662,476,1089,201,40
165,1031,1393,Shamela0026535,355,561,984,275,77
165,1133,1385,Sham19Y0017104,492,868,1559,179,31
165,1031,1385,JK000271,124,320,776,262,68
165,808,1393,JK000303,30,552,1230,351,55
165,1031,1353,Masaha001946Vols,458,1474,1613,105,38
165,1031,1393,Zaydiyya0000133,42,942,1307,238,76
165,1031,1385,Sham19Y0021525,930,132,483,234,76
165,943,1385,Sham19Y0017885,465,360,822,282,66
165,1031,1511,Shamela0008176,2077,294,781,275,60
165,1031,1393,Shamela0000963,616,1275,1449,134,44
165,1031,1393,JK000787BK1,38,853,1295,241,64
165,1133,1393,Sham19Y0014153,124,51,340,178,76
165,1031,1278,Shamela0021848BK1,440,1370,1620,187,88
165,844,1385,Sham19Y0017437,677,834,1385,265,46
165,844,1385,Sham19Y0147658,135,33,882,312,43
165,1031,1385,Shia000841Vols,2276,341,697,245,80
165,931,1385,Shamela0011370,7,34,605,348,73
165,1031,1385,Kraken220314171616,304,1344,1510,127,43
165,908,1275,Shamela0011468BK1,551,1219,1577,205,55
165,881,1385,Zaydiyya0000061,134,324,1012,372,64
165,1092,1385,ShamAY0034269,102,316,796,201,51
165,808,1385,Shamela0012036,193,536,975,171,28
165,1092,1385,Shamela0003565,1936,103,504,221,67
165,831,1393,Zaydiyya0000054,123,536,1152,255,38
165,953,1322,Shia000828,62,1041,1626,268,55
165,976,1385,ShamAY0033728,73,551,887,210,60
165,856,1385,Shamela0021693,356,397,1540,290,32
165,931,1201,Sham19Y0147311,68,1325,1592,150,53
165,1201,1385,Sham19Y0147311,69,1,212,126,73
165,1092,1265,Shamela0021677,577,1154,1562,123,37
165,953,1393,Sham19Y0017747,644,817,1061,151,37
165,1142,1385,Shamela0026568,1130,1,287,180,77
165,953,1196,Shamela0021744,714,1296,1526,140,59
165,1196,1511,Shamela0021744,715,1,393,152,41
165,953,1359,Zaydiyya0000361,318,1226,1629,227,59
165,1181,1290,JK000291,253,863,1207,87,31
165,931,1393,Sham19Y0017817,510,962,1487,283,57
165,953,1393,Sham19Y0014207,36,70,526,254,60
165,1031,1385,Shamela0021713,251,281,689,265,78
165,1133,1327,Shamela0021843,840,111,344,145,76
165,953,1385,Shamela0008463,937,264,686,257,65
165,1031,1327,Shamela0010639,186,485,850,173,48
165,1187,1385,JK006883,23,1,155,103,56
165,1027,1365,Shamela0021598,1828,1601,1765,113,38
165,1231,1345,Shamela0021598,1829,649,763,92,100
165,1133,1333,Shamela0021598,1831,139,371,150,79
165,1121,1345,Sham19Y0132962,279,1074,1337,170,79
165,856,1385,Sham19Y0019188,852,866,1526,304,57
165,1031,1385,Sham19Y0019188,853,1,385,247,77
165,1031,1385,Shia002185Vols,1577,1210,1568,240,78
165,931,1385,Shamela0035120,36,901,1466,345,73
165,1031,1385,ShamAY0034251BK3,371,502,894,277,86
165,1092,1393,Shamela0021619BK2,539,111,723,196,39
165,1187,1385,Sham19Y0016934,1121,1,229,136,66
165,1031,1327,ShamAY0034134,1123,1192,1557,173,48
165,931,1365,Shamela0006140,164,1191,1608,197,41
165,1092,1359,Sham19Y0013785,158,1056,1565,177,43
165,852,1385,Sham19Y0013571,73,641,1272,309,59
165,856,1385,Shia000820Vols,451,1,763,342,52
165,1092,1327,Sham19Y0023625,1486,115,312,129,59
165,953,1511,JK000299,616,796,1336,294,54
165,931,1385,Shamela0096876,113,1188,1670,276,62
165,1086,1385,Sham19Y0014325,1351,923,1515,221,45
165,953,1385,ShamAY0034249,1026,612,1262,319,59
165,1048,1385,JK000208,1069,1036,1209,113,37
165,953,1385,Sham19Y0149697,1649,991,1398,251,60
165,1031,1327,Kraken220413202218,117,617,1030,221,64
165,1023,1393,ShamAY0035035,1782,393,932,267,60
165,943,1385,Sham19Y0013783,618,747,1038,152,39
165,856,1327,Sham19Y0013783,619,39,974,263,31
165,1031,1385,Sham19Y0020561,197,1047,1249,129,39
166,1,612,Shamela0011444BK2,686,276,1577,246,21
166,456,650,Sham19Y0013577,7090,52,565,81,19
166,745,1082,Shamela0021599,847,1191,1599,96,22
166,903,1049,Shamela0021599,848,610,751,98,76
166,388,650,Shamela0021599,1451,741,1113,164,54
166,252,650,Shamela0026535,356,1014,1457,150,35
166,248,388,Masaha001946Vols,467,1254,1418,90,63
166,248,388,Shamela0011468BK1,555,1317,1482,90,62
166,388,523,Shamela0003565,1942,791,932,71,57
166,1,561,JK000291,254,586,1551,204,22
166,240,388,Shamela0021598,1841,26,240,86,46
166,248,650,Shamela0009973,224,943,1330,136,32
167,1033,1239,Shamela0021599,866,1089,1507,119,34
167,1,501,JK000291,147,1268,1418,84,21
168,5,232,ShamAY0033760,543,575,790,166,91
168,376,560,Shamela0011444BK2,489,561,838,122,54
168,352,546,Shamela0021599,842,1,238,157,81
168,237,546,JK000291,145,62,763,231,40
169,284,645,Shamela0097928,190,433,734,114,34
169,261,645,JK009390,2803,479,855,277,86
169,261,645,Tafsir06049,5923,540,918,287,89
169,94,645,Shamela0010922,14,578,1211,351,67
169,291,645,Sham19Y0127677,2612,14,366,262,88
169,94,209,Shamela0028114,18,78,218,72,67
169,297,654,Shia000042,194,1,352,225,72
169,114,645,Shia001782Vols,695,18,691,332,58
169,94,209,Shamela0008360,203,323,465,72,67
169,104,594,Shamela0029563,8,946,1469,291,65
169,261,567,JK000022,23,1184,1486,228,91
169,104,489,Shia002034Vols,564,848,1450,229,46
169,492,645,Shia002034Vols,565,1,144,104,81
169,284,551,JK000196,1319,1262,1526,209,95
169,261,645,Zaydiyya0000067,63,45,419,277,86
169,82,209,Sham19Y0146127,808,1031,1185,89,73
169,94,209,Masaha001946Vols,1250,717,857,71,66
169,291,645,Shamela0008176,1844,739,1089,265,89
169,284,654,Shia001399,267,50,423,232,72
169,82,209,Shamela0008970,133,310,467,91,75
169,284,645,Shamela0000963,605,136,487,265,88
169,90,654,Shia002264,102,317,1048,344,52
169,104,353,ShamAY0033557,25,1051,1478,127,36
169,353,645,ShamAY0033557,26,1,281,208,86
169,90,209,Shamela0026373,2,923,1090,83,62
169,334,645,Shamela0026373,9,1,306,232,89
169,291,639,eScr20112522,285,639,995,240,76
169,90,209,Shamela0000107,2138,309,433,85,91
169,261,654,Shamela0002573,1376,559,966,278,81
169,94,209,Sham19Y0014580,658,398,538,72,67
169,82,209,Sham19Y0148486,1584,630,784,89,73
169,284,645,Shamela0009059BK2,1319,882,1238,269,89
169,261,645,JK005001,104,20,384,271,85
169,261,650,JK005001,112,609,980,274,85
169,284,645,Shamela0003565,1342,314,666,262,87
169,261,645,Sham19Y0013223,286,832,1197,273,86
169,261,645,JK000170,1014,547,911,273,86
169,261,645,Sham19Y0038171,574,902,1278,277,86
169,246,645,Shamela0021607,2741,909,1294,261,75
169,94,317,ShamAY0036166,9,850,1508,113,22
169,317,645,ShamAY0036166,10,1,330,242,86
169,284,654,Shia001432Vols,30112,198,563,235,72
169,82,209,Shia001432Vols,30116,1350,1491,84,72
169,284,654,Shia001432Vols,31069,30,381,233,76
169,261,645,Shia002265Vols,2428,946,1323,277,86
169,90,213,Sham19Y0017817,535,775,927,75,65
169,291,645,Zaydiyya0000355,148,551,919,249,80
169,261,645,ShamAY0033558,9,15,381,273,86
169,82,209,ShamAY0033558,17,110,285,86,61
169,90,209,ShamAY0033558,19,365,555,77,51
169,261,654,ShamAY0033558,34,597,962,271,83
169,82,209,Shia001237Vols,1392,1245,1386,84,72
169,291,645,Sham19Y0017090,27,1138,1478,258,88
169,291,466,JK001297,127,918,1110,141,89
169,301,654,Shia001372,145,1,348,221,71
169,291,645,Shamela0021598,1179,345,686,258,87
169,261,645,Sham19Y0131521,1909,721,1085,274,86
169,82,209,Shia001343,66,406,547,84,72
169,291,634,ShamIbadiyya0000229,1371,595,926,237,82
169,104,645,ShamAY0033066,17,552,1078,293,59
169,94,209,ShamAY0033945,384,1093,1233,72,67
169,104,645,ShamAY0034134,1173,236,764,295,59
169,104,645,Sham19Y0023625,1538,88,625,294,58
169,82,209,Sham19Y0018567,817,841,993,78,67
169,94,209,Sham19Y0149697,1283,816,952,71,69
169,261,645,Shamela0001438,4221,944,1319,273,85
169,261,645,ShamAY0035035,1861,898,1272,275,85
170,97,448,Shamela0021599,1184,114,722,207,38
170,819,1055,Shamela0021599,1189,284,494,137,63
170,1133,1596,JK000291,205,1078,1250,122,32
171,1,154,Shamela0011444BK2,491,1414,1587,78,52
171,154,344,Shamela0011444BK2,492,1,171,128,86
171,945,1191,Shamela0011444BK2,493,148,412,88,34
171,1,269,Shamela0021599,1188,1239,1525,163,68
171,483,718,Shamela0021599,1190,989,1351,131,41
171,808,1211,Shamela0021599,1191,112,383,103,26
171,1,334,JK000291,205,1250,1578,196,67
171,483,1211,JK000291,206,12,931,241,24
172,106,262,JK000196,1347,719,890,123,90
172,1099,1320,Shamela0000963,668,571,1195,139,27
172,106,262,Shamela0009059BK2,1347,260,431,123,90
172,106,262,Shamela0003565,1380,536,692,124,99
172,671,971,Shamela0003565,1383,67,425,120,34
173,235,362,Shamela0021599,1268,701,806,76,75
173,231,362,Shamela0003565,1577,732,843,85,81
173,235,362,JK000208,837,1138,1243,76,75
174,1,533,Shamela0009059BK1,505,38,495,153,27
174,787,938,Shamela0021599,1205,1031,1172,108,90
174,110,533,Shamela0021599,1271,106,370,144,41
174,82,707,Shamela0011468BK1,436,564,1198,147,21
174,533,716,Shamela0012036,150,810,1137,111,42
174,105,533,Shamela0003565,1584,146,460,150,38
174,787,938,JK000291,208,347,489,109,90
174,776,952,Shamela0021598,1377,419,600,118,78
174,551,693,Shamela0021598,1438,1,293,87,37
174,776,952,JK000208,797,910,1090,117,78
174,533,716,JK000208,834,1156,1486,112,42
175,1,134,Shamela0011444BK2,523,300,455,78,62
175,1,296,Shamela0021599,1209,1029,1406,178,58
175,60,782,Shamela0021599,1210,474,1147,147,17
175,1087,1586,Shamela0021599,1213,965,1428,227,45
175,1,296,JK000291,209,336,714,179,59
175,1071,1586,JK000291,210,93,400,211,49
175,997,1135,Shamela0021598,1337,1,410,108,33
175,972,1135,JK000208,772,578,969,126,40
176,1046,1228,Shamela0021599,1216,1,171,117,73
176,1092,1459,Shamela0021599,1217,320,856,133,25
176,131,392,JK000196,1440,15,248,157,74
176,115,392,Shamela0009059BK2,1439,570,832,167,71
176,756,1120,Shamela0012036,142,816,1520,183,28
176,115,262,Shamela0003565,1482,38,198,116,90
176,920,1228,JK000291,210,464,749,197,75
176,115,329,Shamela0021598,1342,1060,1270,155,89
176,920,1014,Shamela0021598,1347,305,607,59,25
176,1014,1296,Shamela0021598,1349,955,1290,166,56
176,920,1228,JK000208,778,633,1156,196,44
177,714,996,Shamela0021599,1243,491,859,224,73
178,1135,1515,Shamela0021599,1241,35,674,161,30
179,66,345,Shamela0011444BK2,535,773,1165,152,43
179,62,349,Shamela0011468BK1,422,1247,1462,158,62
179,1331,1576,Shamela0012036,147,890,1227,52,13
179,365,642,Shamela0003565,1498,601,1409,198,30
179,122,345,Shamela0003565,1504,349,680,137,47
179,1,345,JK000291,213,430,997,184,39
179,426,568,Shamela0021598,1366,380,535,116,91
179,670,1095,Shamela0021598,1399,1121,1490,140,32
179,62,292,Shamela0006140,141,1234,1492,105,40
179,896,1285,JK000208,811,599,1014,195,50
180,1055,1311,Shamela0011327,84,1455,1613,117,56
180,845,1055,Shamela0011444BK2,544,849,1066,110,58
180,200,750,Shamela0021599,1254,1282,1499,139,30
180,744,1076,Shamela0021599,1257,210,681,249,64
180,945,1055,JK000196,1497,406,523,84,87
180,1264,1485,Shamela0000963,707,125,373,74,25
180,945,1055,Shamela0009059BK2,1496,469,586,84,87
180,47,1180,Shamela0012036,148,137,1093,376,30
180,1,1103,JK000291,215,558,1459,483,44
180,429,838,Shamela0021598,1406,1052,1298,144,37
180,525,693,Shamela0021598,1408,212,428,135,77
180,1,289,JK000208,813,1211,1418,147,58
180,525,797,JK000208,816,1147,1385,158,73
181,25,138,Shamela0011327,85,517,657,80,64
181,490,1462,Shamela0000963,709,924,1488,377,47
184,239,465,Shamela0011327,85,1234,1447,102,44
184,636,1384,Shamela0011327,86,340,1491,231,20
184,1334,1523,Shamela0011444BK2,550,1208,1438,108,56
184,721,923,JK000196,1513,137,311,126,78
184,242,465,Shamela0000963,713,1183,1388,100,44
184,721,919,Shamela0000963,719,1246,1415,124,78
184,721,923,Shamela0009059BK2,1512,46,220,126,78
184,470,816,Shamela0003565,1550,44,462,151,38
184,1025,1320,Shamela0003565,1557,829,1081,188,75
184,197,696,Shamela0009973,181,573,872,135,32
184,402,793,JK000208,825,58,519,122,25
185,1276,1387,Shamela0021599,1233,1,124,88,86
185,164,419,Shamela0021599,1258,1,282,195,78
185,1276,1387,Shamela0012036,137,1,124,88,86
185,1226,1387,JK000291,212,1,167,122,85
185,1173,1378,Shamela0021598,1294,442,675,146,73
185,1214,1387,JK000208,742,909,1091,131,84
186,517,755,Shamela0021599,1232,411,631,153,81
186,1293,1498,Shamela0021599,1232,915,1108,144,86
186,685,811,Shamela0021599,1237,1300,1422,75,72
186,517,755,JK000208,741,424,644,155,82
187,1,547,Shamela0021599,1232,1108,1496,252,55
187,516,667,Shamela0021848BK3,452,633,794,118,91
187,29,298,Shamela0021848BK3,491,317,587,161,67
187,500,671,Shamela0003565,1434,1326,1506,121,85
187,511,651,Shamela0021598,1294,1325,1475,113,93
187,511,651,JK000208,741,969,1119,113,93
188,734,1073,Shamela0011444BK2,541,441,898,109,27
188,211,503,Shamela0021599,1248,674,943,214,87
188,404,900,Shamela0021599,1250,487,1011,299,60
188,211,530,Shamela0012036,146,1176,1570,236,69
188,530,861,Shamela0012036,147,1,384,208,60
188,211,686,JK000291,214,1142,1584,346,87
188,692,900,JK000291,215,5,159,116,70
188,404,596,Shamela0021598,1391,1344,1584,146,73
188,217,692,JK000304,16,452,685,165,43
188,378,514,JK000208,805,1347,1557,104,60
188,615,757,JK000208,808,1,126,99,86
189,750,968,Shamela0021599,1264,1063,1267,158,89
189,974,1121,JK000196,1525,966,1103,96,75
189,662,1566,Shamela0000963,654,302,1304,326,29
189,974,1121,Shamela0009059BK2,1524,873,1011,96,73
189,662,1121,Shamela0003565,1565,585,1213,151,22
189,743,1121,Shamela0021598,1434,110,401,165,48
189,743,1121,JK000208,831,560,843,172,54
190,544,762,Shamela0021599,1236,1011,1205,147,83
190,989,1432,Shamela0021599,1238,618,1148,258,56
190,258,360,JK000196,1404,1386,1488,81,100
190,372,491,JK000196,1405,47,188,93,83
190,258,491,Shamela0009059BK2,1404,774,1079,176,73
190,258,491,Shamela0003565,1446,880,1181,176,74
190,506,762,Shamela0021598,1305,816,1016,146,68
190,544,775,JK000208,748,870,1074,153,83
190,1061,1267,JK000208,750,1143,1382,128,63
191,478,708,JK000196,1402,1052,1304,141,58
191,478,708,Shamela0009059BK2,1402,463,715,141,58
191,478,708,Shamela0003565,1442,452,785,184,69
191,478,646,Shamela0021598,1289,1254,1524,128,57
192,1205,1480,Shamela0011444BK2,539,965,1151,95,37
192,1205,1480,Shamela0021599,1207,1145,1331,95,37
192,485,923,Shamela0021599,1224,966,1511,271,57
192,1205,1455,Sham19Y0032197,198,1202,1374,88,37
192,1205,1480,JK000291,208,876,1062,95,37
193,287,629,Shamela0011444BK2,524,1016,1328,154,48
193,979,1191,Shamela0021599,1194,1299,1513,154,86
193,1209,1503,Shamela0021599,1195,987,1308,201,71
193,50,629,Shamela0021599,1211,1017,1385,261,53
193,1217,1469,Shamela0000963,660,539,778,158,70
193,414,559,Shia000841Vols,1912,790,987,99,59
193,157,559,Shamela0012036,141,186,513,190,53
193,979,1191,JK000291,207,438,652,154,86
193,50,559,JK000291,209,1224,1532,238,57
193,218,606,Shamela0021843,624,1041,1500,195,46
193,1035,1182,Shamela0021598,1251,308,512,113,68
193,157,559,Shamela0021598,1334,780,1107,186,53
193,157,559,JK000208,770,694,1021,192,54
194,1,217,Shamela0021599,1195,1308,1503,152,88
194,905,1179,Shamela0021599,1199,219,398,131,60
194,1395,1534,Shamela0021599,1204,733,864,99,85
194,433,715,Shamela0021599,1245,844,1161,186,67
194,5,180,Shamela0000963,660,778,932,119,85
194,1395,1534,Shamela0003565,1417,311,443,97,85
194,734,1395,JK000291,207,878,1298,291,54
194,251,403,JK000291,214,683,829,121,93
194,1395,1534,Shamela0021598,1280,845,977,97,85
194,900,1395,JK000304,14,1224,1482,193,47
194,50,180,JK000208,711,1117,1444,79,29
195,1,458,Shamela0021599,1204,898,1505,228,41
196,285,480,Shamela0000963,873,626,1031,94,26
197,96,768,Shamela0006136,224,632,1363,226,30
197,536,994,Shamela0011444BK2,583,886,1527,296,56
197,994,1226,Shamela0011444BK2,584,52,270,162,87
197,536,1171,Shamela0021599,1309,75,809,419,67
197,96,768,Sham19Y0032197,205,814,1552,216,28
197,841,1116,JK000196,1603,5,853,181,26
197,713,912,Shamela0021848BK1,368,1,189,86,51
197,912,1116,Shamela0009059BK2,1602,16,717,136,24
197,536,768,Shamela0011468BK1,460,373,766,134,42
197,912,1202,Shamela0011468BK1,461,30,698,139,23
197,63,801,Shamela0012036,161,118,496,248,40
197,596,899,Shamela0003565,1657,1182,1554,183,62
197,63,236,JK000291,223,1199,1379,130,86
197,536,1416,JK000291,224,231,1496,543,50
197,63,657,Shamela0021598,1522,577,808,151,30
197,621,801,Shamela0021598,1524,1024,1289,121,56
197,63,801,JK000208,899,1071,1444,249,41
198,62,249,Shamela0021599,1313,775,1097,139,51
198,490,1069,Shamela0003565,1661,26,600,226,34
198,898,1254,Shamela0009973,200,493,692,100,33
199,699,1125,Shamela0011444BK2,587,874,1168,113,28
199,239,609,Shamela0011444BK2,588,1,582,221,44
199,187,906,Shamela0021599,1319,119,1196,372,38
199,878,1035,Shamela0021599,1320,1364,1531,98,67
199,609,906,Shamela0012036,163,82,332,123,48
199,6,626,JK000291,226,251,1580,371,33
199,455,729,Shamela0021598,1542,371,891,144,32
199,609,814,JK000208,914,18,193,94,47
200,788,1052,Shamela0021599,1362,1097,1356,143,57
200,636,1251,Shamela0003565,1701,108,542,160,26
201,1297,1570,Shamela0021623,157,42,373,174,61
201,68,214,Shamela0021599,1335,1202,1328,91,75
201,1125,1297,Shamela0011468BK2,262,97,278,135,92
201,913,1125,JK000196,1619,5,221,165,94
201,1125,1297,JK000196,1657,105,284,134,91
201,254,678,Shamela0000963,767,753,1197,219,55
201,1282,1570,Shamela0000963,769,1133,1401,204,87
201,913,1037,Shamela0000963,773,1411,1535,96,97
201,1125,1297,JK007114,258,1314,1495,135,92
201,951,1125,Shamela0009059BK2,1618,1,179,135,93
201,1125,1289,Shamela0009059BK2,1656,4,168,134,100
201,254,535,Shamela0011468BK1,468,1095,1391,166,54
201,244,398,Shamela0003565,1434,393,584,122,76
201,719,913,Shamela0003565,1674,1221,1472,125,56
201,719,1121,Shamela0003565,1676,361,610,197,60
201,180,535,Shamela0003565,1703,809,1207,239,69
201,337,723,Shamela0003565,1704,1029,1470,221,57
201,1125,1570,Shamela0003565,1707,560,992,345,96
201,1282,1497,Shamela0009059BK3,491,1269,1468,154,90
201,68,214,JK000291,230,350,483,91,72
201,723,1121,Shamela0021598,1541,967,1343,218,64
201,186,723,Shamela0021598,1569,700,1272,357,72
201,1125,1570,Shamela0021598,1574,20,456,338,93
201,50,214,Shamela0021598,1578,1024,1174,93,65
201,1125,1289,Shamela0006140,153,412,574,118,85
201,723,1121,JK000208,913,683,1058,217,64
201,1125,1307,JK000208,932,1231,1432,136,84
201,50,214,JK000208,935,484,634,93,65
201,1125,1369,Sham19Y0013783,539,690,1084,134,40
202,495,1132,Shamela0021599,1332,846,1240,205,35
202,1136,1320,JK000196,1638,69,395,130,49
202,265,401,Shamela0000963,772,296,412,76,67
202,1136,1320,Shamela0009059BK2,1637,76,402,130,49
202,815,931,Shamela0011468BK1,494,92,257,85,61
202,799,931,Shamela0003565,1673,90,277,98,64
202,1136,1341,Shamela0003565,1691,167,523,131,42
202,32,394,JK000291,228,1244,1472,145,46
202,935,1132,JK000208,924,276,538,152,70
203,495,867,Shamela0011444BK2,595,531,1266,179,27
203,754,1110,Shamela0021599,1342,203,985,193,30
203,448,1002,Shamela0026535,313,425,919,173,34
203,487,896,JK000291,231,19,759,209,31
204,1103,1346,Shamela0011444BK2,603,1096,1505,133,36
204,1351,1545,Shamela0011444BK2,604,43,206,86,50
204,1,520,Shamela0021599,1343,309,696,219,44
204,1078,1559,Shamela0021599,1347,543,999,313,78
204,882,1383,Shamela0000963,784,73,781,209,30
204,1068,1559,JK000291,232,705,1271,335,68
205,1455,1575,Shamela0021599,1351,741,870,89,87
205,1064,1415,Shamela0021599,1356,423,691,117,38
205,1455,1575,Shamela0012036,168,148,277,89,87
205,1455,1575,JK000291,233,664,793,89,87
206,156,419,Shamela0011444BK2,610,925,1212,175,67
206,257,415,Shamela0021599,1354,976,1135,128,99
206,1424,1609,Shamela0021599,1357,833,1025,132,82
206,1447,1609,Shamela0000963,783,770,933,107,73
206,257,415,Shamela0000963,796,1199,1355,119,91
206,789,1142,Shamela0003565,1728,646,1088,181,43
206,1208,1337,Shamela0003565,1729,8,137,106,99
206,156,448,Shamela0003565,1739,396,780,213,68
206,70,219,JK000291,233,809,1100,72,30
206,1424,1609,JK000291,234,632,824,132,82
206,257,419,Shamela0021598,1593,823,985,127,97
206,257,419,JK000208,944,226,389,129,98
207,10,311,Shamela0011444BK2,612,628,1311,148,25
207,311,598,Shamela0021623,155,1007,1316,213,82
207,1,143,Shamela0021599,1358,1203,1408,111,66
207,301,1555,Shamela0021599,1359,470,1369,551,49
207,957,1148,Shamela0011468BK2,272,86,301,156,88
207,957,1148,JK000196,1704,1183,1405,157,86
207,953,1383,Shamela0026535,321,1130,1390,147,42
207,818,1207,Shamela0000963,783,985,1283,138,33
207,957,1148,JK007114,268,914,1129,156,88
207,93,218,Shamela0009059BK2,1702,37,269,83,44
207,957,1148,Shamela0009059BK2,1703,1318,1540,157,86
207,823,1261,Kraken220314171616,269,992,1528,154,28
207,823,1254,Shamela0012036,169,976,1519,195,36
207,10,143,Shamela0003565,1743,106,304,102,61
207,311,598,Shamela0003565,1744,1046,1365,213,81
207,957,1148,Shamela0003565,1745,672,883,157,90
207,826,1555,JK000291,234,880,1477,323,47
207,349,1249,Shamela0021598,1609,1,560,200,22
207,1312,1555,Shamela0021598,1611,931,1486,167,36
207,317,831,JK000208,951,762,1417,327,54
207,1155,1492,JK000208,952,476,1048,196,41
208,792,1035,Shamela0021589,602,780,997,135,62
208,810,953,Sham19Y0145212,1141,208,351,114,100
208,232,489,Shamela0011444BK2,616,507,914,171,51
208,725,989,Shamela0011444BK2,619,342,761,163,48
208,1105,1263,Shamela0011444BK2,622,458,898,131,35
208,1377,1553,JK009251,44,1,177,140,100
208,819,953,JK007141,434,1185,1318,103,97
208,777,953,Shamela0021731,191,671,852,128,86
208,810,953,JK000786,460,992,1140,113,95
208,206,377,Shamela0021599,495,98,262,118,84
208,225,357,Shamela0021599,1363,1057,1189,106,96
208,810,938,Shia001731Vols,223,1285,1418,100,95
208,810,1017,Shamela0026535,325,534,960,141,42
208,810,953,JK000271,107,1283,1431,113,95
208,810,953,Sham19Y0021525,252,409,621,113,66
208,810,953,Sham19Y0017885,439,85,227,113,99
208,829,953,Shamela0000963,809,1488,1612,99,100
208,829,953,Shia002264,113,1347,1471,99,100
208,829,996,Shamela0021848BK1,392,891,1453,124,27
208,810,953,Sham19Y0122257,880,1063,1206,114,100
208,810,953,JK007107,239,1017,1165,113,95
208,1099,1263,Shamela0011468BK1,501,881,1466,120,24
208,829,989,Shamela0011468BK1,502,218,659,118,33
208,810,953,Sham19Y0014119,182,959,1102,114,100
208,240,440,Shamela0003565,1751,1,273,117,54
208,691,953,Shamela0003565,1766,809,1051,194,91
208,810,953,Sham19Y0013223,294,399,547,113,95
208,810,964,ShamAY0034227,1250,389,544,113,90
208,810,953,Sham19Y0017791,475,558,701,114,100
208,810,968,Sham19Y0016976,531,1175,1346,120,88
208,810,953,Shamela0000432,5066,970,1113,113,99
208,206,423,JK000291,81,464,670,137,71
208,225,489,JK000291,235,1020,1265,148,57
208,1105,1263,JK000291,236,724,883,131,99
208,810,953,Shamela0001875,480,589,737,113,95
208,810,953,JK009408,264,1154,1297,108,90
208,810,953,Sham19Y0032195,551,850,996,110,93
208,810,953,Sham19Y0013614,196,1358,1501,114,100
208,810,953,Sham19Y0017063,306,444,587,114,100
208,829,968,Shamela0009973,206,1094,1228,107,96
208,814,968,Shamela0009810,435,1,157,114,90
208,810,953,Shia002616Vols,6212,569,717,113,95
208,829,953,Sham19Y0122406,4712,215,339,98,99
208,810,953,Sham19Y0013783,560,86,229,113,99
209,848,1064,Shamela0006136,238,223,425,154,90
209,848,1064,Sham19Y0145212,1140,727,929,154,90
209,848,1068,Shamela0025800,2617,49,255,155,90
209,837,1064,Shamela0011444BK2,622,179,389,160,89
209,1134,1365,Shamela0011444BK2,622,1067,1511,150,42
209,876,1064,Sham19Y0013577,838,1,174,126,84
209,1,117,JK009251,44,177,293,93,100
209,848,1064,Shamela0008360,211,1067,1268,153,90
209,1119,1257,Shamela0021599,1365,1036,1374,106,38
209,842,1064,Shamela0021599,1367,1097,1301,158,90
209,848,1068,Sham19Y0020944,84,93,299,157,90
209,842,1064,Sham19Y0032197,222,324,531,155,88
209,848,1064,Shamela0026535,325,158,361,150,86
209,848,964,Shamela0021597,720,1343,1462,90,97
209,848,1068,JK000271,111,1,210,154,88
209,848,1064,Sham19Y0017885,428,333,535,154,90
209,848,1064,Shamela0008176,1916,984,1186,154,90
209,848,1064,Shamela0000963,811,720,921,156,91
209,199,377,Shamela0000963,812,160,511,99,31
209,848,1068,Sham19Y0020591,145,262,468,157,90
209,848,1064,Shamela0021848BK1,392,70,273,157,92
209,857,1064,Sham19Y0122257,880,823,1016,147,90
209,848,1064,Shamela0011468BK1,501,614,816,154,90
209,848,1068,Sham19Y0014119,182,742,949,157,90
209,848,1064,Shamela0003565,1772,1164,1366,155,91
209,128,377,Shamela0003565,1774,56,495,150,38
209,848,1068,Shamela0117359,141,781,987,157,90
209,848,1068,Shamela0004289,704,65,272,156,90
209,848,1064,Sham19Y0017791,474,1238,1440,154,90
209,848,1068,Sham19Y0017791,475,45,548,157,38
209,446,618,Shia002265Vols,5011,913,1141,84,41
209,848,1106,Sham19Y0016976,531,766,1020,173,82
209,199,377,Shamela0009059BK3,512,529,881,99,30
209,842,1064,JK000291,236,520,724,158,90
209,848,1021,Sham19Y0014601,811,451,610,122,91
209,848,1068,Shamela0001442,84,113,319,157,90
209,848,997,Shamela0021598,1638,1337,1472,104,90
209,199,377,Shamela0021598,1770,325,670,96,30
209,848,1068,Sham19Y0131521,643,145,351,157,90
209,873,1064,Sham19Y0017063,306,1,184,132,86
209,848,1068,Shamela0007441,200,828,1049,156,87
209,848,1064,Shamela0009973,206,719,1065,146,50
209,848,1064,Shamela0006140,155,853,1048,142,82
209,848,1064,JK000208,968,1213,1416,155,90
209,199,377,JK000208,969,658,1008,99,31
209,848,1068,Sham19Y0149697,1534,215,421,153,87
209,848,1064,Sham19Y0149697,1537,1192,1394,153,88
209,848,1064,Sham19Y0149697,11011,1186,1392,156,89
209,848,1064,Shamela0008540,492,537,739,154,90
209,848,1064,Sham19Y0013783,562,312,514,154,90
209,848,1064,Sham19Y0020561,1457,978,1175,153,89
210,452,926,Shamela0011327,99,221,618,114,20
210,1133,1269,Shamela0010010,631,828,963,112,99
210,1124,1269,Shia003732Vols,5732,1119,1251,103,83
210,1124,1275,Shia004092Vols,3728,235,385,116,90
210,541,715,Shamela0011444BK2,623,630,825,100,63
210,1291,1473,Shamela0011444BK2,625,1,199,140,84
210,1124,1275,Rafed0002654Vols,3659,434,584,116,90
210,564,715,Sham19Y0127677,2207,767,1030,80,36
210,541,715,Shamela0010517,587,1131,1420,102,41
210,1,196,Shamela0021599,1356,833,1057,137,73
210,306,452,Shamela0021599,1357,363,865,105,25
210,541,715,Shamela0021599,1372,126,282,97,66
210,1269,1445,Shamela0021599,1374,597,755,123,84
210,541,715,Shamela0012884,3161,438,707,101,43
210,897,1275,JK000196,1736,888,1246,249,77
210,1070,1269,ShamAY0034350,19,957,1211,159,73
210,1073,1269,ShamAY0034350,26,1110,1367,158,74
210,564,715,Sham19Y0018272,2099,1058,1453,89,27
210,541,715,Sham19Y0146127,979,918,1092,99,68
210,541,715,JK000271,111,805,1063,96,45
210,541,715,Shamela0000963,841,914,1051,101,72
210,885,1552,Shamela0000963,843,20,535,241,38
210,530,715,Shamela0006610,351,1240,1537,107,42
210,564,715,Shia002264,119,82,236,83,61
210,564,715,Sham19Y0013252,7447,659,873,81,48
210,530,715,Sham19Y0148486,1903,679,874,105,66
210,1288,1473,JK007107,255,662,1008,124,42
210,897,1275,Shamela0009059BK2,1735,657,1015,249,77
210,564,715,Kraken220314171616,275,1176,1350,85,62
210,1269,1473,Shamela0011468BK1,505,228,448,157,85
210,564,715,Shamela0012036,173,1265,1431,84,64
210,458,885,Shamela0003565,1775,727,1087,261,75
210,486,715,Shamela0003565,1776,827,1101,95,35
210,897,1269,Shamela0003565,1779,380,727,241,77
210,452,715,Sham19Y0013223,311,955,1340,121,36
210,1049,1269,ShamIbadiyya0000279,30,1258,1503,158,74
210,1070,1269,JK000170,1372,442,663,145,72
210,545,715,Shia002294Vols,717,1199,1412,81,43
210,165,452,JK000291,234,142,664,129,25
210,541,715,JK000291,237,162,317,99,67
210,1269,1473,JK000291,237,918,1104,145,86
210,545,715,Shamela0001404,288,298,458,86,55
210,885,1450,Shamela0021598,1646,1207,1426,95,19
210,962,1269,Shamela0021598,1647,975,1264,212,80
210,715,926,Shamela0021598,1650,938,1242,165,66
210,1049,1269,ShamIbadiyya0000229,34,71,316,163,78
210,530,715,Zaydiyya0000162,2232,63,314,96,42
210,1049,1269,Shia002702Vols,8803,492,666,130,72
210,541,857,Sham19Y0023625,1448,382,832,150,40
210,564,715,JK000208,972,1033,1206,85,62
210,541,715,Sham19Y0013783,564,15,209,96,60
210,1288,1473,Sham19Y0013783,565,646,918,121,50
211,1150,1481,Shamela0011444BK2,621,1,353,253,90
211,47,270,Shamela0011444BK2,624,1110,1480,159,53
211,1122,1316,Shamela0021599,1369,1287,1477,143,90
211,650,769,Shamela0021599,1370,623,742,96,100
211,1316,1489,Shamela0021599,1371,1249,1436,129,86
211,1,270,Shamela0021599,1374,199,545,163,52
211,650,1104,JK000196,1724,913,1492,271,50
211,1238,1458,JK000196,1727,697,942,160,77
211,413,661,Shamela0000963,852,1234,1449,142,68
211,650,1104,Shamela0009059BK2,1723,758,1336,271,50
211,1238,1458,Shamela0009059BK2,1726,498,743,160,77
211,1155,1458,Shamela0011468BK1,504,146,607,190,48
211,669,1094,Shamela0003565,1770,156,839,287,51
211,1155,1481,Shamela0003565,1771,596,950,216,71
211,1122,1489,JK000291,236,1110,1494,272,87
211,1,270,JK000291,237,481,866,194,60
211,452,1104,Shamela0021598,1655,109,952,433,60
211,1139,1458,Shamela0009973,208,960,1263,145,49
211,407,796,JK000208,973,1118,1511,246,70
211,906,1458,JK000208,974,981,1435,269,55
212,583,882,Shamela0011444BK2,621,978,1282,202,74
212,1019,1331,Shamela0011444BK2,625,1177,1497,189,59
212,307,647,JK007141,438,1,404,244,73
212,341,589,ShamAY0037366,39,1,229,176,89
212,623,979,Shamela0021599,1370,914,1257,254,84
212,203,589,Shamela0021599,1371,1,624,298,59
212,979,1494,Shamela0021599,1376,787,1118,263,63
212,589,979,JK000196,1725,130,582,215,53
212,292,805,Shamela0026535,328,506,1112,284,51
212,685,979,Shamela0000963,855,22,301,170,67
212,979,1331,Shamela0000963,856,22,266,96,34
212,623,979,Shamela0009059BK2,1724,49,440,200,58
212,623,876,Shamela0011468BK1,504,1172,1402,173,82
212,589,979,Shamela0003565,1770,1098,1497,199,52
212,979,1494,JK000291,237,1219,1543,256,61
212,292,647,Shamela0021843,761,813,1231,256,74
212,589,979,Shamela0021598,1653,218,632,208,52
212,105,284,Shamela0021598,1655,1157,1341,136,91
212,292,589,Shamela0021598,1656,149,450,228,92
212,105,589,JK000208,975,413,1179,367,59
213,938,1237,JK007141,415,1187,1436,124,42
213,878,1241,Shamela0021599,1326,651,974,158,43
213,938,1144,Shamela0000963,857,414,753,117,43
214,779,1510,ShamAY0033561,202,400,1192,499,68
214,851,1609,ShamAY0033562BK2,110,633,1219,463,73
214,206,438,JK001012,246,938,1297,117,35
214,878,1249,Shamela0010639,152,710,1296,289,58
214,1353,1609,Shamela0010639,153,1,435,140,40
214,1316,1609,Sham19Y0023625,1306,613,1129,155,37
214,851,1609,ShamAY0033562BK1,110,633,1219,463,73
215,1,293,ShamAY0033561,203,168,491,219,83
215,326,1150,ShamAY0033760,36,442,1446,590,69
215,334,1150,ShamAY0034797,664,382,1391,560,65
215,1,293,ShamAY0033562BK2,110,1219,1534,218,85
215,1,293,ShamAY0033562BK1,110,1219,1534,218,85
216,1274,1513,Shamela0021723,514,153,469,169,66
216,1283,1524,Sham19Y0037618,1525,734,966,176,86
216,892,1302,ShamAY0033561,203,562,989,232,66
216,1310,1524,Shamela0001975,40,518,761,167,85
216,134,418,ShamAY0033760,18,561,857,204,86
216,1274,1524,ShamAY0033760,32,640,882,191,95
216,1274,1524,ShamAY0033760,34,291,533,185,89
216,1287,1524,JK009390,70,274,521,177,86
216,1283,1513,Sham19Y0132973,36,416,728,158,61
216,1274,1524,Sham19Y0132973,45,433,687,195,94
216,1274,1524,Sham19Y0127677,109,54,302,180,86
216,214,418,Sham19Y0127677,325,38,253,141,82
216,1310,1524,Shamela0021659,152,358,581,167,93
216,1274,1449,ShamAY0035000,62,1340,1519,134,91
216,1283,1524,JK000022,1752,538,783,185,90
216,1283,1524,ShamAY0034350,43,1009,1258,181,88
216,1310,1467,ShamAY0034350,273,368,531,116,87
216,209,418,ShamAY0034123,318,758,967,164,98
216,1283,1524,Kraken220413030759,780,760,1004,184,90
216,134,418,JK001227,22,976,1280,193,73
216,1274,1524,JK001227,26,870,1124,195,94
216,892,1183,ShamAY0033562BK2,111,24,337,217,85
216,1310,1524,Shia002265Vols,5123,595,817,170,95
216,283,418,Shamela0000432,4526,1,136,102,96
216,1283,1472,Shamela0011428,772,628,767,112,73
216,134,418,ShamIbadiyya0000229,1955,294,549,189,79
216,1310,1472,ShamIbadiyya0000229,1957,784,947,125,95
216,892,1183,ShamAY0033562BK1,111,24,337,217,85
216,1306,1513,Kraken220413202218,1177,409,706,145,60
216,1310,1524,Shamela0001438,181,1108,1330,170,95
216,1277,1513,Shamela0010488,305,607,932,164,63
217,1320,1534,Shamela0098087,344,1127,1337,129,63
217,136,299,Shamela0021766,1451,395,557,111,76
217,139,404,ShamAY0033760,22,1249,1520,211,95
217,1311,1568,JK000001,3205,1220,1500,205,89
217,467,969,Shamela0011444BK2,697,17,643,219,36
217,88,632,ShamIbadiyya0000942,301,1130,1310,132,30
217,173,299,ShamAY0034350,45,47,180,98,91
217,153,299,ShamAY0034797,662,1231,1404,105,76
217,662,865,Shamela0021848BK1,449,59,248,135,80
217,662,891,Shamela0011468BK1,563,1181,1434,170,79
217,798,969,Shamela0012036,199,1,593,131,27
217,668,969,Shamela0021598,1875,752,1071,225,84
217,178,413,ShamAY0034059,6562,220,475,149,62
217,668,969,JK000208,1093,32,351,225,84
217,1320,1534,Kraken220413202218,1195,109,324,130,63
217,1311,1582,ShamAY0035035,9730,763,1476,203,34
218,545,1134,JK000001,3202,1,676,468,84
218,1,405,JK000001,3206,15,920,140,15
218,16,295,Shamela0021550,638,725,1046,190,75
218,188,454,Shamela0028168,122,1,278,140,61
218,1,150,Zaydiyya0000133,140,724,863,97,83
218,174,436,JK006884,41,515,810,187,80
218,174,405,JK001227,232,182,417,177,96
218,174,405,Shamela0010924,3,809,1043,175,95
218,6,150,Zaydiyya0000013,193,314,443,92,83
218,1,405,Sham19Y0038171,2451,703,1358,309,59
218,506,1134,Kraken220413202218,1192,605,1114,339,62
218,459,637,ShamAY0035035,9718,1321,1491,117,74
218,645,1134,ShamAY0035035,9719,1,735,372,62
218,56,405,ShamAY0035035,9731,1,675,267,50
219,801,1373,Shamela0012036,200,565,765,125,27
219,1239,1345,Shamela0003565,1975,711,817,84,100
219,658,856,JK000291,261,796,1351,78,15
219,801,1373,Shamela0021598,1883,1168,1368,125,27
219,826,1077,Shamela0021598,1885,239,712,104,25
219,1239,1345,Shamela0021598,1885,1278,1384,84,100
220,1118,1384,JK001244,106,1040,1338,153,58
220,619,1414,Shamela0011444BK2,701,395,1382,276,29
220,1,484,Shamela0021599,1485,1185,1536,258,64
220,1288,1511,Shamela0021599,1488,1,188,140,77
220,824,1089,Shamela0021599,1489,33,328,154,60
220,306,591,Sham19Y0032197,239,799,1117,134,49
220,162,612,Shamela0000963,887,1,465,281,67
220,1118,1507,Shamela0000963,887,485,1057,227,44
220,833,1484,Kraken220314171616,315,657,1178,176,33
220,300,612,Shamela0012036,201,96,329,161,63
220,1118,1511,Shamela0012036,201,338,598,181,57
220,1237,1507,Shamela0012036,202,156,473,181,69
220,291,484,Shamela0003565,1978,798,1116,135,52
220,626,969,Shamela0003565,1980,107,531,157,36
220,1245,1414,Shamela0003565,1982,76,290,107,63
220,1,612,Sham19Y0013223,2871,884,1492,243,39
220,1061,1484,Sham19Y0013223,2872,1,244,149,44
220,1,265,JK000291,261,1370,1543,124,55
220,300,612,JK000291,262,1,286,222,87
220,1118,1511,JK000291,262,301,617,230,73
220,833,1384,Shamela0021843,859,249,840,220,35
220,200,612,Shamela0021598,1889,79,718,255,45
220,1147,1507,Shamela0021598,1892,33,558,227,52
220,200,538,Sham19Y0132962,286,153,628,187,44
220,1118,1511,JK000304,23,421,681,181,57
220,147,476,JK000208,1101,189,619,196,52
220,1237,1507,JK000208,1105,92,410,181,69
221,376,656,Shamela0011444BK2,752,471,856,163,51
221,173,463,Shamela0021599,1489,1248,1436,132,57
221,338,903,Shamela0021599,1490,976,1459,255,48
221,665,1364,Shamela0021599,1491,75,653,284,41
221,1167,1364,Shamela0000963,891,14,202,110,64
221,615,1014,Shamela0011468BK1,580,266,632,152,41
221,376,1014,Shamela0003565,2128,386,987,278,42
221,1,463,JK000291,262,617,895,188,50
221,494,656,Sham19Y0013783,695,328,573,97,48
222,57,384,Shamela0021599,1491,1355,1508,116,44
222,211,484,Shamela0021599,1493,382,969,124,25
222,57,434,Shamela0012036,204,423,702,152,44
222,305,434,JK000291,262,1253,1393,94,80
222,57,384,Shamela0021598,1905,1209,1395,123,46
222,305,434,JK000208,1116,830,1002,94,65
223,975,1443,Shamela0006136,251,888,1445,123,21
223,552,684,Shamela0011444BK2,710,797,940,87,70
223,1047,1482,Shamela0021599,1502,767,987,158,45
223,1199,1562,Shamela0021599,1503,54,413,174,47
223,206,430,Shamela0021848BK1,463,709,1239,118,27
223,265,684,Shamela0012036,207,1,261,141,39
223,1199,1556,Shamela0012036,208,1,431,170,42
223,1401,1562,Shamela0003565,2019,541,951,95,27
223,946,1482,JK000291,264,595,870,205,47
223,190,646,Shamela0021598,1929,480,809,178,44
223,1194,1556,Shamela0021598,1934,1078,1512,175,43
223,190,684,JK000208,1131,824,1176,195,45
223,1401,1556,JK000208,1134,55,190,88,62
224,381,572,Shamela0021599,1498,1287,1567,152,68
224,143,365,Shamela0021599,1498,109,328,175,97
224,603,768,Shamela0021599,1505,199,352,98,74
224,834,1000,Shamela0021599,1537,1175,1591,127,36
224,1435,1546,Shamela0021599,1539,239,350,87,99
224,940,1301,JK000291,272,1,161,79,28
224,143,437,JK000208,1128,1250,1577,227,85
225,571,782,Shamela0011444BK2,720,781,984,155,86
225,571,782,Sham19Y0148271,1819,217,438,169,94
225,568,782,Sham19Y0018607,364,1235,1460,169,93
225,14,384,Shamela0021599,1538,994,1288,202,65
225,971,1396,Shamela0021599,1539,881,1059,140,41
225,1168,1532,Shamela0021599,1541,192,621,226,63
225,571,782,JK006897,182,209,430,169,94
225,571,782,JK007064,245,746,968,170,95
225,571,782,Shamela0003118,5325,1177,1405,170,92
225,571,782,Shamela0003118,5826,143,358,142,76
225,571,782,Shamela0003722,4660,899,1114,142,76
225,571,782,Sham19Y0017729,182,421,643,170,95
225,571,782,JK000130,419,1165,1387,166,93
225,571,782,JK000475,2298,798,1020,168,94
225,571,782,Shia002067,303,33,255,170,95
225,576,782,ShamAY0034005,350,508,739,166,89
225,568,782,Shamela0021611,328,1137,1362,169,93
225,576,782,Sham19Y0148486,2218,1196,1425,148,73
225,571,782,Shamela0021743,355,290,505,164,91
225,576,782,JK000977,839,231,456,164,90
225,571,764,Shamela0003565,2043,76,284,151,90
225,571,782,ShamAY0033910,418,929,1151,166,93
225,571,782,JK000916,20141,885,1100,142,76
225,571,782,Shamela0004289,748,194,416,168,94
225,576,782,ShamAY0034585,419,703,925,150,77
225,576,782,ShamAY0034585,856,716,938,164,91
225,971,1396,JK000291,272,219,436,161,46
225,571,782,Shamela0009242,1635,217,439,170,95
225,571,899,Shamela0010283,1179,849,1193,191,59
225,571,770,Shamela0001733,3385,1207,1417,158,93
225,571,782,JK000735,239,1226,1448,168,94
225,576,782,Shamela0029639,24,929,1145,155,85
225,576,782,Shamela0012052,625,1092,1315,166,92
225,571,782,ShamAY0032874,1,834,1029,141,82
225,576,776,ShamAY0032443,293,198,411,161,93
225,571,782,Shamela0001727,494,507,729,170,95
225,571,782,Shamela0000736,4311,365,587,170,95
225,571,782,Sham19Y0022884,107,1206,1428,167,93
225,576,782,Shamela0029728,13,85,291,152,85
225,571,782,Shamela0009564,128,148,370,168,94
225,571,782,Shia002069Vols,363,539,753,142,76
225,576,799,Sham19Y0014325,1418,1152,1388,169,89
225,571,782,Shamela0000767,1027,1106,1328,168,94
225,571,782,Sham19Y0122406,1363,571,793,170,95
226,774,985,Shamela0011444BK2,739,320,518,108,59
226,44,510,Shamela0021599,1513,638,991,161,40
226,782,985,Shamela0021599,1544,1,202,109,54
226,86,510,Shamela0012036,220,735,1040,135,39
226,44,510,JK000291,266,201,554,161,40
226,774,985,JK000291,273,508,717,115,56
226,1096,1365,JK000291,274,527,677,105,46
226,86,510,Shamela0021598,2021,228,533,135,39
226,1096,1365,Shamela0021598,2035,74,238,107,45
226,1096,1365,JK000208,1199,21,185,107,45
227,88,499,Shamela0021721,707,123,530,303,90
227,1089,1305,JK000001,398,227,434,150,85
227,45,504,Sham19Y0013577,963,899,1418,345,82
227,1150,1305,Sham19Y0127677,18628,1,177,125,88
227,40,499,Shamela0002863,896,158,844,333,59
227,1094,1261,JK000786,1095,1296,1454,112,81
227,1094,1305,JK000786,3011,808,1012,146,85
227,824,931,Shamela0021599,1547,261,613,77,28
227,23,499,Shamela0021848BK1,489,869,1369,351,86
227,29,499,Shia000841Vols,2454,149,688,343,77
227,23,626,Kraken220413030905,343,226,837,401,76
227,50,499,Shamela0011468BK1,622,644,1199,342,76
227,29,499,Shia000828,70,324,784,339,87
227,45,499,Sham19Y0017747,712,283,747,306,74
227,793,931,JK000291,274,59,426,99,33
227,1094,1305,ShamAY0035220,80,775,998,144,71
227,40,368,ShamAY0034282,1032,317,729,246,74
227,29,626,Shamela0010639,172,108,829,423,71
227,1094,1305,Shamela0021502,155,164,386,137,68
227,1094,1301,JK001236,231,665,865,144,85
227,45,499,Shamela0011406,892,139,652,344,83
227,40,456,ShamAY0034251BK3,399,1121,1557,313,89
227,45,499,Zaydiyya0000162,1954,314,874,317,67
227,122,504,Sham19Y0016934,1234,6,478,285,75
227,40,325,Shia000820Vols,504,1184,1489,209,84
227,319,499,Shia000820Vols,515,23,211,114,68
227,283,499,Sham19Y0023625,1402,1312,1559,168,85
227,40,499,Sham19Y0014325,1457,211,691,278,62
227,29,499,ShamAY0034249,1090,750,1210,339,87
227,128,499,Sham19Y0149697,430,1,382,290,95
227,1094,1305,Shamela0008540,1954,381,603,142,70
227,1073,1267,ShamAY0035035,1805,1427,1601,120,73
227,45,399,ShamAY0035035,1806,94,444,260,89
227,1094,1305,ShamAY0035035,9698,160,384,144,71
228,167,335,Shamela0011444BK2,764,265,793,112,26
228,1294,1468,Shamela0011444BK2,769,256,417,100,62
228,167,340,Shamela0021599,1549,1131,1299,112,76
228,288,611,Shamela0021599,1550,884,1260,170,47
228,1294,1468,Shamela0021599,1574,825,989,102,63
228,306,590,Shamela0000963,913,477,823,156,53
228,768,1223,Shamela0003565,2110,355,880,339,77
228,79,196,Shamela0003565,2154,1249,1540,88,36
228,1294,1522,Shamela0003565,2165,224,456,126,59
228,167,340,JK000291,274,1052,1220,112,76
228,1294,1468,JK000291,279,675,839,102,63
228,969,1163,Shamela0021598,2052,950,1127,142,91
228,969,1163,JK000208,1208,394,559,130,82
229,627,956,Shamela0011444BK2,770,755,990,104,36
229,1092,1462,Shamela0021599,1517,986,1135,89,31
229,28,218,Shamela0021599,1574,1059,1464,114,34
229,652,1038,JK000196,2129,222,422,113,38
229,872,1036,Shamela0000963,919,16,308,121,53
229,149,716,Shamela0021848BK1,495,571,985,97,19
229,652,1038,Shamela0009059BK2,2128,50,251,113,38
229,597,975,Shamela0003565,2167,209,456,141,45
229,882,1036,Shamela0003565,2168,357,476,87,71
229,1092,1462,JK000291,267,426,575,89,31
229,28,288,JK000291,279,909,1514,150,31
229,627,939,Shamela0021598,2065,53,299,107,42
229,627,975,JK000208,1216,1044,1329,120,41
230,989,1466,Shamela0011444BK2,716,572,1511,201,26
230,300,424,Shamela0021599,1518,1338,1462,100,100
230,1201,1523,Shamela0021599,1523,275,789,181,44
230,1386,1526,Shamela0011468BK1,606,455,617,110,84
230,1362,1526,Shamela0003565,2030,1013,1214,117,73
230,706,911,Shamela0003565,2062,1095,1328,158,84
230,899,1523,JK000291,268,1,708,316,46
230,274,446,Shamela0021598,2012,609,790,124,86
230,274,446,JK000208,1184,311,491,123,86
231,665,1445,Shamela0021599,1527,580,884,173,25
231,665,1557,Shamela0026535,375,155,530,140,16
231,61,601,Shamela0003565,2040,817,1130,221,47
231,665,1445,JK000291,269,100,404,173,25
231,107,338,Shamela0021598,1955,574,1238,121,22
232,1,220,Shamela0006136,252,1372,1586,168,96
232,220,603,Shamela0006136,253,1,431,256,70
232,1,500,Shamela0021721,689,244,704,365,91
232,1,500,JK001244,110,749,1226,367,90
232,500,862,Shamela0011444BK2,720,1019,1445,199,48
232,45,500,Shamela0011444BK2,720,22,523,327,77
232,1,456,Sham19Y0013577,950,1185,1617,342,94
232,82,505,Shamela0009059BK1,658,1,531,304,68
232,1,505,Shamela0002863,886,292,761,357,87
232,870,1073,Shamela0021623,177,1044,1510,154,41
232,1,500,JK000272,245,558,947,308,77
232,1073,1310,Shamela0021599,1509,961,1342,178,58
232,73,375,Shamela0021599,1531,187,865,231,43
232,425,862,Shamela0021599,1533,674,1522,253,34
232,1,182,Sham19Y0032197,242,1457,1616,127,87
232,182,508,Sham19Y0032197,243,1,311,244,93
232,1,500,Shamela0037344,47,1003,1492,386,96
232,1,370,Sham19Y0013241,634,1215,1557,260,88
232,804,929,JK000196,2007,1375,1511,92,86
232,929,1073,JK000196,2008,36,251,110,61
232,1151,1310,JK000196,2027,5,133,103,80
232,1320,1482,Shamela0003722,4660,822,998,108,74
232,1315,1482,Sham19Y0017729,182,348,514,121,86
232,1,508,JK000303,32,936,1404,365,89
232,1,500,Sham19Y0017885,485,397,864,368,92
232,1,505,Shamela0021848BK1,480,368,838,373,92
232,1,500,Shia000841Vols,2392,634,1021,305,76
232,1,500,Shia000841Vols,2394,882,1344,362,90
232,1,500,Shamela0011370,8,85,575,386,95
232,1,529,Kraken220413030905,341,682,1156,364,86
232,1,529,Sham19Y0122257,1002,413,928,379,86
232,804,1073,Shamela0009059BK2,2006,1011,1396,200,64
232,1123,1310,Shamela0009059BK2,2025,1152,1313,126,82
232,1,500,Kraken220314171616,326,783,1358,368,75
232,1,883,Shamela0011468BK1,609,234,1342,468,47
232,1,797,Shamela0012036,212,291,1037,414,52
232,45,500,Shamela0003565,2042,843,1344,327,77
232,1310,1482,Shamela0003565,2043,1,169,134,97
232,515,1008,Shamela0003565,2044,981,1489,225,43
232,1085,1310,Shamela0003565,2064,78,318,147,76
232,1,220,Sham19Y0013223,2873,1350,1570,168,94
232,220,529,Sham19Y0013223,2874,1,294,226,89
232,1,500,Shia000828,69,445,902,360,90
232,1,508,Sham19Y0017747,700,40,524,374,91
232,425,830,JK000291,270,732,1548,229,31
232,1,500,Shamela0021843,882,887,1460,373,77
232,141,500,Shamela0006120,20,1,262,208,72
232,1,508,Shamela0010639,169,463,931,367,90
232,16,443,Shamela0021598,1966,284,763,316,79
232,1085,1310,Shamela0021598,1987,201,441,147,76
232,1,508,Sham19Y0132962,295,771,1264,367,87
232,113,508,Sham19Y0017063,366,1,345,264,84
232,1,508,Shamela0035120,39,811,1320,394,95
232,73,508,ShamAY0034251BK3,394,1,401,313,91
232,1,529,Zaydiyya0000162,1924,680,1147,363,86
232,101,500,Sham19Y0016934,1224,1,293,228,71
232,1323,1482,Sham19Y0022884,107,1144,1299,119,90
232,1,508,ShamAY0034134,1034,184,658,363,88
232,1315,1482,Shamela0006140,173,211,394,123,82
232,1,508,Shamela0010526,34,36,516,355,84
232,1,505,Shia000820Vols,514,983,1445,361,89
232,113,425,Sham19Y0023625,1392,1,291,226,91
232,1,505,Sham19Y0014325,1418,125,622,393,97
232,1,251,ShamAY0034249,1083,1347,1585,172,80
232,251,500,ShamAY0034249,1084,1,238,190,95
232,16,300,JK000208,1152,1241,1521,190,75
232,300,797,JK000208,1154,940,1342,206,47
232,1310,1482,JK000208,1155,1269,1442,131,93
232,1315,1482,Sham19Y0017903,360,1202,1359,121,91
232,1,264,ShamAY0035035,1792,1392,1651,200,94
232,264,529,ShamAY0035035,1793,1,266,198,88
232,1,324,Sham19Y0013783,660,1322,1624,239,92
232,324,822,Sham19Y0013783,661,1,960,266,34
233,1,387,Shamela0011327,106,686,1047,213,61
233,244,393,Shamela0006136,253,472,636,118,87
233,295,660,Shamela0011444BK2,721,727,1594,238,31
233,1,400,Sham19Y0013577,951,268,1023,242,35
233,278,660,Shamela0021599,1535,729,1534,255,35
233,1367,1636,Shamela0021599,1537,611,896,152,54
233,244,387,Sham19Y0032197,243,382,540,117,89
233,254,387,Shamela0026535,376,593,726,111,100
233,254,387,Shamela0000963,929,723,856,111,100
233,254,393,Shamela0021848BK1,481,53,195,113,95
233,254,387,Shia000841Vols,2395,52,185,111,100
233,254,582,Shamela0011468BK1,610,982,1550,190,40
233,254,423,Zaydiyya0000061,150,1314,1477,121,81
233,1,387,Sham19Y0019230,73,310,620,211,60
233,984,1261,Shamela0012036,211,721,1134,73,17
233,1034,1176,Shamela0003565,2049,836,1005,106,77
233,254,393,Shamela0000432,4692,280,420,111,95
233,232,660,JK000291,271,33,933,290,36
233,254,393,Sham19Y0132962,296,342,526,114,73
233,1,387,ShamAY0034251BK3,394,1003,1366,213,63
233,1,400,Sham19Y0016934,1224,829,1243,236,62
233,1,387,Shamela0006140,173,394,740,245,70
233,266,582,JK000208,1156,807,1406,156,29
233,207,393,Sham19Y0020561,209,137,368,128,66
234,338,984,JK001244,111,130,744,228,34
234,454,862,Shamela0011444BK2,722,903,1252,144,34
234,308,487,Shamela0021599,1528,108,412,144,58
234,342,558,Shamela0021599,1542,1,165,131,75
234,461,995,Shamela0021599,1543,1092,1440,249,55
234,308,716,Shamela0012036,213,17,420,187,45
234,308,541,JK000291,272,1329,1510,143,76
234,454,995,JK000291,273,39,394,254,56
234,308,548,JK000208,1156,1172,1353,138,71
234,762,1453,JK000208,1160,96,714,229,35
235,446,940,Shamela0011444BK2,725,990,1476,168,34
235,562,1117,Shamela0011468BK2,320,1126,1239,79,18
235,558,695,JK000196,2025,1245,1378,99,86
235,961,1328,JK000196,2026,39,528,143,31
235,446,804,Shamela0000963,942,184,877,161,26
235,562,1117,JK007114,315,1191,1304,79,18
235,558,1061,Shamela0009059BK2,2024,975,1356,196,41
235,1234,1328,Shamela0009059BK2,2025,71,271,58,38
235,423,1274,Shamela0011468BK1,614,805,1519,281,33
235,558,1337,Shamela0003565,2061,100,952,310,35
235,953,1061,Shamela0021598,1988,122,230,87,100
236,696,1415,JK009251,31,483,1039,310,45
236,1397,1550,JK000196,2055,1242,1392,101,80
236,579,972,Shamela0000963,884,151,653,136,23
236,218,491,Shamela0000963,945,210,1295,142,15
236,1397,1550,Shamela0009059BK2,2054,1024,1174,101,80
236,1415,1550,Shamela0003565,2085,490,614,98,91
236,1188,1388,Shamela0006140,169,1069,1222,80,50
236,972,1154,JK000208,1188,97,325,124,67
237,1018,1232,Shamela0006136,248,825,1280,130,32
237,1001,1220,Sham19Y0020699,365,948,1452,135,32
237,988,1220,Sham19Y0032197,237,902,1387,149,35
237,123,296,JK000196,2056,1,163,113,77
237,1,296,Shamela0009059BK2,2054,1174,1455,210,84
237,1120,1520,Shamela0011468BK1,599,454,810,118,32
237,319,737,Shamela0021660,1777,1081,1506,305,84
237,988,1520,Shamela0012036,219,25,510,120,18
237,684,1093,Shamela0003565,2085,1088,1472,211,52
237,1,139,Shamela0003565,2085,614,752,114,100
237,300,684,Shamela0003565,2086,272,665,312,96
237,684,957,JK000208,1185,1042,1301,141,60
238,197,391,Shamela0006136,248,500,751,105,52
238,291,733,Shamela0011444BK2,735,9,553,143,29
238,126,481,Shamela0021599,1515,958,1280,221,76
238,197,391,Sham19Y0032197,237,577,833,112,54
238,181,372,Shamela0021848BK1,469,528,725,99,55
238,167,396,Kraken220314171616,334,1271,1494,115,54
238,129,396,Shamela0011468BK1,599,842,1135,92,33
238,126,481,Shamela0012036,219,447,823,218,66
238,345,996,Shamela0003565,2089,569,1454,176,18
238,427,1405,Shamela0003565,2091,313,1528,321,25
238,126,481,JK000291,266,1031,1353,221,76
238,167,495,Shamela0021843,900,1199,1506,153,52
238,220,481,Shamela0021598,2016,197,439,164,77
238,126,365,JK000208,1185,374,721,148,54
239,692,1175,Sham19Y0123608,510,1,423,291,73
239,584,1166,ShamAY0033760,112,926,1492,442,94
239,584,1175,JK000001,3196,754,1350,469,98
239,574,1068,Shia000055Vols,224,1077,1526,296,68
239,1,127,Shamela0011444BK2,755,908,1128,83,48
239,584,1175,Sham19Y0132973,92,217,774,385,78
239,584,1175,Shamela0005922,1440,252,795,370,74
239,584,1175,JK000030,128,243,829,417,82
239,584,997,Tafsir07055,2904,460,705,175,49
239,574,1179,Sham19Y0026094,74,40,548,381,77
239,593,1175,Sham19Y0127677,2523,539,1003,262,53
239,617,1175,ShamAY0035960,604,16,242,150,33
239,584,709,Shamela0011993,898,1368,1494,98,97
239,709,1175,Shamela0011993,899,1,433,321,83
239,584,1175,Shia001782Vols,804,702,1261,380,76
239,584,1175,Shamela0010517,2601,364,632,180,37
239,607,1175,Shia000121Vols,250,1,445,328,72
239,584,1014,Shamela0011789,71,1057,1478,274,70
239,574,1175,Shamela0021731,230,552,1132,440,88
239,1,371,Shamela0021599,1541,844,1150,244,81
239,648,1175,ShamIbadiyya0000109,899,16,465,299,69
239,584,1175,Shamela0012884,2856,1,565,394,80
239,584,1175,Shamela0021642,738,555,1053,385,81
239,584,1175,Shamela0021550,636,361,957,469,98
239,584,1175,Shamela0028168,129,772,1321,419,87
239,584,1175,Shamela0028168,131,678,1227,419,87
239,891,1175,Shia002067,314,1,263,188,78
239,584,1175,Shamela0006947,5227,224,855,419,77
239,593,1175,Shamela0006947,11954,232,700,260,52
239,574,1179,Shia000107Vols,1459,193,749,388,77
239,603,1175,Shamela0000963,960,940,1453,353,73
239,584,1175,Shamela0006610,418,498,949,298,59
239,584,906,Shia000089Vols,229,1187,1501,232,87
239,916,1179,Shia000089Vols,230,1,249,172,75
239,757,1175,JK006884,12,1,375,272,80
239,584,1175,Shia000841Vols,2470,750,1293,368,74
239,584,1175,Shamela0000497,25,559,1182,394,72
239,584,1175,Sham19Y0016952,229,181,737,386,78
239,78,389,Shamela0011468BK1,598,355,907,98,19
239,843,1175,Shamela0011468BK1,629,303,1118,217,31
239,584,768,Shamela0021635,12,1283,1475,125,77
239,768,1175,Shamela0021635,13,1,414,292,85
239,672,1175,ShamAY0034230,317,1,461,350,86
239,584,1175,ShamAY0034230,954,697,1156,349,73
239,75,352,Shamela0012036,213,1111,1264,95,42
239,1,392,Shamela0012036,215,432,950,247,52
239,843,1221,Shamela0003565,2169,832,1490,177,31
239,642,1175,Shia000220Vols,564,419,881,343,79
239,584,814,Sham19Y0038171,2444,1209,1473,178,83
239,814,1175,Sham19Y0038171,2445,1,460,286,78
239,584,1175,Shamela0021693,397,316,804,367,77
239,958,1170,Zaydiyya0000015,1631,1,198,140,80
239,584,1175,Shamela0021677,640,243,733,376,79
239,768,1175,Sham19Y0017747,723,1,358,252,74
239,574,1175,Shia001432Vols,1698,505,1009,378,77
239,877,1175,Shia001432Vols,27362,1,240,182,75
239,593,1175,Shia002265Vols,5143,439,910,263,55
239,574,1175,Shamela0000432,4625,741,1325,440,89
239,584,1175,Shia002294Vols,308,914,1485,392,80
239,1,371,JK000291,272,755,1061,244,81
239,765,1175,ShamAY0032826,163,127,513,281,82
239,584,1175,Shamela0009242,1671,894,1433,367,74
239,566,768,Sham19Y0017817,526,1278,1477,146,90
239,768,1175,Sham19Y0017817,527,1,322,243,73
239,584,1175,Zaydiyya0000171,29,833,1374,362,73
239,584,1175,Zaydiyya0000171,32,454,1004,419,86
239,584,1175,Shamela0001875,642,820,1380,384,77
239,584,1175,Shamela0010283,1180,284,865,385,74
239,584,1175,Shamela0021713,288,785,1334,381,77
239,603,1175,Shamela0036446,297,275,806,370,78
239,574,757,Shamela0008463,997,1318,1495,133,89
239,757,1175,Shamela0008463,998,1,404,308,91
239,584,1175,Shamela0001733,1867,759,1319,387,77
239,603,1175,Shamela0030623Vols,267,687,1161,256,55
239,580,997,JK010001,2783,1202,1442,167,46
239,603,1175,Shamela0021590,571,6,488,327,67
239,580,1092,ShamAY0038394,84,548,1018,341,82
239,1,153,Shamela0021598,1989,1089,1235,81,56
239,127,392,Shamela0021598,1992,268,515,173,76
239,574,1112,Shamela0021502,172,1027,1520,368,81
239,642,1175,Shamela0012052,650,917,1383,337,75
239,584,1175,Sham19Y0019188,937,255,829,425,86
239,629,1175,Sham19Y0020868,369,1,511,357,79
239,584,1175,JK000734,126,313,855,363,72
239,584,1175,Shamela0012027,392,857,1427,383,75
239,584,864,Sham19Y0013785,178,1241,1493,192,87
239,864,1175,Sham19Y0013785,179,1,231,173,68
239,714,1179,Sham19Y0023625,1412,6,423,220,59
239,133,352,JK000304,25,1,116,72,41
239,584,1175,ShamAY0034059,3373,764,1350,403,80
239,697,1175,Shamela0000427BK2,1770,1,404,276,70
239,127,392,JK000208,1169,1093,1340,173,76
239,603,1175,Sham19Y0149697,1727,991,1528,410,86
239,732,1175,Kraken220413202218,1196,1,407,321,90
239,603,1175,Shamela0001438,562,929,1486,329,66
239,584,1124,ShamAY0035035,9695,863,1530,414,76
239,692,1175,ShamAY0035035,9770,1,606,373,76
240,693,1029,Shamela0021599,1556,385,902,141,30
240,394,683,Shamela0021599,1560,263,740,205,51
240,10,693,Shamela0003565,2161,1,781,346,43
240,412,693,Shamela0021843,937,318,658,161,53
241,1045,1376,Shamela0021599,1503,1019,1487,198,50
241,808,950,Shamela0021599,1545,349,473,98,87
241,459,583,Shamela0021599,1568,148,272,97,100
241,537,799,Shamela0021715,2207,889,1143,121,46
241,808,950,Shamela0000963,904,97,221,98,87
241,459,583,Kraken220314171616,353,328,443,74,72
241,1199,1402,Shamela0003565,2014,1096,1309,125,71
241,459,583,JK000291,277,600,724,97,100
241,451,583,Shamela0021843,937,640,763,77,71
241,1199,1402,Shamela0021598,1939,242,468,125,67
241,465,583,Shamela0009873,1261,203,327,87,86
241,1199,1402,JK000208,1136,1095,1308,125,71
242,1296,1440,Shamela0006136,255,130,299,110,77
242,1319,1440,JK001244,115,609,773,89,63
242,686,885,Shamela0011444BK2,747,1350,1545,149,90
242,1296,1454,Sham19Y0013577,972,378,621,107,53
242,1319,1440,Shamela0011444BK1,40,959,1085,81,76
242,1310,1434,Sham20Y0014596,609,902,1053,101,81
242,178,319,Shamela0021599,1502,1062,1163,69,63
242,665,891,Shamela0021599,1563,499,717,161,86
242,1273,1440,Shamela0021599,1570,1,593,132,27
242,1313,1440,Sham19Y0032197,246,1,153,101,77
242,686,933,JK000196,2079,776,1032,168,78
242,686,933,Shamela0009059BK2,2078,582,838,168,78
242,182,386,Shamela0012036,208,764,1071,120,45
242,665,891,Shamela0003565,2118,652,870,159,86
242,665,891,Shamela0009059BK3,612,276,495,162,87
242,178,346,JK000291,264,945,1074,90,68
242,1319,1440,JK000291,278,1,225,97,52
242,182,346,Shamela0021598,1937,732,978,89,42
242,665,891,Shamela0021598,2075,348,568,160,86
242,1296,1454,ShamAY0034251BK3,407,351,585,110,57
242,200,386,JK000208,1137,854,1125,105,45
242,1319,1440,Sham19Y0020561,216,199,386,80,54
243,1,210,Shamela0021599,1559,959,1159,148,88
243,1354,1548,Shamela0006947,5692,1119,1486,114,36
243,1,210,Shamela0000963,964,635,826,138,81
243,48,214,Shamela0021660,4926,834,1283,114,31
244,1042,1311,Shamela0021599,1475,35,334,146,57
244,1427,1611,JK000291,260,9,411,121,35
245,1432,1601,Shamela0021599,1473,97,558,133,34
246,267,716,Shamela0021599,1474,323,631,143,39
246,1251,1524,Shamela0021599,1478,447,640,137,62
246,1251,1419,Shamela0012036,184,58,439,113,35
246,1251,1524,JK000291,261,182,375,136,61
247,1263,1497,Shamela0011327,111,172,511,119,37
247,1,464,Shamela0021599,1480,58,702,250,45
247,644,868,Shamela0021848BK1,500,1070,1269,105,47
247,644,1430,Shamela0011468BK1,646,740,1526,196,20
247,633,945,Shamela0003565,2171,1356,1618,159,53
247,48,239,JK000291,261,390,590,127,72
248,536,723,Shamela0006136,256,801,1045,114,52
248,951,1531,Shamela0006136,267,773,1064,117,23
248,1113,1505,Shamela0011444BK2,814,1042,1588,275,57
248,1113,1392,Shamela0009059BK1,748,707,1176,170,43
248,1113,1288,Shamela0021599,1617,562,824,142,66
248,536,723,Sham19Y0032197,247,1026,1270,114,52
248,932,1531,Sham19Y0032197,260,154,534,143,26
248,869,1280,Shamela0000963,981,837,1220,174,43
248,1184,1392,Shamela0021848BK1,515,216,780,131,27
248,932,1531,Kraken220314171616,381,671,1062,141,26
248,1147,1505,Shamela0003565,2252,462,795,270,91
248,1113,1288,JK000291,292,1181,1443,142,66
248,932,1531,Shamela0021843,998,615,1004,141,26
248,1184,1505,Shamela0021598,2171,47,341,235,89
248,7,673,Shamela0009973,241,756,1343,185,27
248,932,1392,Shamela0009973,253,30,600,163,27
248,1193,1392,JK007074,667,48,461,126,37
248,572,718,Sham19Y0013783,715,969,1105,87,65
249,1,225,Shamela0011444BK2,815,1274,1560,159,65
249,1,231,Shamela0021599,1621,159,467,166,64
249,202,436,JK000196,2238,1240,1547,180,71
249,425,694,JK000196,2239,9,587,209,43
249,202,516,Shamela0009059BK2,2237,1069,1462,246,76
249,309,694,Shamela0009059BK2,2238,54,422,201,61
249,1,244,Shamela0011468BK1,723,613,1082,152,39
249,1,287,Shamela0003565,2254,713,1032,231,88
249,231,734,Shamela0003565,2255,1018,1372,255,58
249,507,694,Shamela0003565,2257,1,192,151,97
249,1,231,JK000291,293,1130,1437,164,63
249,739,926,Shamela0009973,257,338,518,103,68
250,119,347,Shamela0011444BK2,831,69,265,151,82
250,1018,1157,Shamela0021599,1590,1044,1181,88,78
250,690,983,Shamela0000963,991,782,1044,187,79
250,152,347,Shamela0003565,2285,1,175,138,87
250,1018,1157,JK000291,283,985,1122,88,78
250,129,325,Shamela0021590,610,785,994,123,62
250,486,620,Shamela0021598,2172,1,213,95,54
250,129,347,ShamIbadiyya0000229,2208,1247,1430,124,70
250,475,620,JK000208,1292,792,911,90,77
250,282,469,Sham19Y0020590,140,1005,1500,107,27
251,1166,1457,Shamela0021599,1664,306,591,198,77
251,1211,1457,Shamela0011468BK2,358,539,807,187,85
251,1188,1457,JK000196,2187,924,1193,199,87
251,418,610,JK000196,2243,727,1028,143,57
251,1211,1433,JK007114,351,1341,1585,168,84
251,1188,1457,Shamela0009059BK2,2186,957,1226,199,87
251,418,610,Shamela0009059BK2,2242,454,755,144,57
251,1166,1457,Shamela0003565,2225,1048,1299,199,82
251,1235,1457,Shamela0021598,2141,961,1193,180,94
251,456,860,Shamela0021598,2180,58,645,159,33
252,738,1265,Shamela0011444BK2,806,893,1067,90,22
252,1309,1575,Shamela0011444BK2,807,1031,1419,174,53
252,1465,1575,Sham19Y0013577,1154,589,702,87,95
252,1401,1575,Sham19Y0032197,262,1344,1533,112,74
252,543,699,JK000196,2202,622,775,94,71
252,543,699,Shamela0009059BK2,2201,734,887,94,71
252,6,311,Kraken220314171616,372,1440,1611,95,37
252,1297,1575,Kraken220314171616,377,55,441,147,42
252,1293,1570,Shamela0011468BK1,713,596,966,169,51
252,392,599,Shamela0012036,241,314,668,123,40
252,1,387,Shamela0003565,2228,716,1155,155,31
252,556,693,Shamela0003565,2231,1,149,105,85
252,741,1261,Shamela0003565,2235,613,820,119,28
252,936,1141,Shamela0003565,2237,252,470,112,53
252,738,982,JK000291,297,25,461,97,23
252,53,357,Shamela0021843,983,30,180,86,35
252,1422,1575,Shamela0021843,990,26,161,106,85
252,392,599,Shamela0021598,2150,445,804,120,38
252,1297,1575,Shamela0021598,2158,635,1021,147,42
252,1465,1575,ShamAY0034251BK3,485,1485,1596,89,99
252,1297,1570,Shamela0009973,251,462,1083,162,30
252,912,1315,Shamela0006140,195,329,828,182,38
252,392,599,JK000208,1276,203,558,123,40
252,1401,1575,JK000208,1283,443,671,121,63
253,882,1531,Shamela0011327,114,1025,1386,171,30
253,1059,1201,Shamela0011468BK2,336,109,268,106,82
253,302,602,JK000196,2192,349,704,241,83
253,318,552,Shamela0021848BK1,519,975,1282,149,56
253,1059,1201,JK007114,330,1157,1316,106,82
253,302,602,Shamela0009059BK2,2191,418,773,241,83
253,372,593,Shamela0011468BK1,708,1044,1299,150,68
253,1,257,Shamela0012036,243,456,911,131,34
253,886,1007,Shamela0003565,2179,730,926,98,61
253,264,611,Shamela0003565,2236,630,1073,272,74
253,1,257,Shamela0003565,2238,1015,1465,132,34
253,1,253,JK000208,1282,774,1221,121,32
254,7,1477,Shamela0011327,115,131,712,375,31
254,765,942,Sham19Y0020589,152,658,841,117,78
254,394,805,Shamela0011444BK2,775,214,400,130,38
254,935,1430,Shamela0011444BK2,784,213,829,187,32
254,678,896,Shamela0009059BK1,708,22,361,123,40
254,394,928,Shamela0012293,4167,204,457,162,37
254,192,805,Shamela0021599,1602,18,541,268,42
254,72,486,Shamela0008476,529,696,1019,133,35
254,1303,1430,JK000196,2158,654,820,103,75
254,935,1430,Shamela0026535,396,83,468,178,38
254,1,458,Sham19Y0018272,1558,598,909,179,46
254,458,928,Sham19Y0017885,495,1313,1498,92,23
254,935,1430,Sham19Y0017885,510,634,1245,195,35
254,7,1006,Shamela0000963,1017,258,689,279,34
254,10,513,Sham19Y0014153,148,252,590,197,46
254,963,1439,Shamela0021848BK1,510,688,1450,182,25
254,765,928,Sham19Y0147658,156,1179,1339,122,91
254,458,928,Shamela0022877,88,1323,1440,90,23
254,505,870,Shamela0011468BK1,650,69,385,204,61
254,1,374,Shamela0012036,231,254,464,144,47
254,935,1430,Shamela0003565,2194,109,739,210,37
254,597,928,Shia000918Vols,238,389,759,146,46
254,378,896,Shia000070Vols,171,317,600,120,23
254,765,1501,Shamela0021607,524,39,832,273,31
254,749,958,Kraken220413030809,257,303,478,120,71
254,1,805,JK000291,287,530,1280,354,42
254,935,1430,JK000291,288,372,934,176,32
254,374,928,Shamela0021843,945,347,1023,185,23
254,1250,1446,Shamela0008183,803,1200,1437,137,69
254,394,805,Shamela0021598,2087,330,478,93,28
254,378,1430,Shamela0035120,42,184,1060,254,26
254,597,928,Shamela0021604,997,563,933,146,46
254,565,928,ShamAY0034251BK3,412,1,332,181,52
254,1,896,Shamela0009973,243,47,713,343,41
254,958,1473,Shamela0009973,244,694,1242,190,33
254,1,374,JK000208,1237,1045,1255,144,47
254,401,928,Shamela0022881,125,557,713,93,21
255,7,482,Shamela0011327,115,812,1423,193,28
255,235,422,Shamela0011444BK2,785,53,236,146,97
255,1071,1274,Shamela0011444BK2,842,15,243,133,65
255,862,1246,Shamela0009059BK1,773,157,657,156,35
255,56,422,Shamela0021599,1608,8,327,192,65
255,905,1336,Shamela0021599,1657,802,1311,225,50
255,235,422,JK000196,2158,961,1145,144,96
255,7,217,Shamela0000963,1019,483,673,141,79
255,28,422,Shamela0000963,1020,116,514,191,52
255,235,422,Shamela0009059BK2,2157,826,1010,144,96
255,1128,1274,Shamela0012036,256,242,387,90,71
255,7,422,Shamela0003565,2195,195,497,213,63
255,7,422,JK000291,289,955,1304,215,63
255,905,1222,JK000291,302,1065,1492,175,48
255,1166,1274,JK000208,1333,585,704,82,85
255,7,415,Sham19Y0013783,728,344,700,191,46
256,1,192,Shamela0011444BK2,842,1207,1540,134,50
256,192,393,Shamela0011444BK2,843,1,344,134,46
256,558,860,Shamela0021599,1656,918,1411,223,55
256,1,283,Shamela0021599,1657,378,795,198,57
256,1096,1323,JK000196,2304,31,225,108,51
256,226,393,Shamela0000963,1033,1,281,108,45
256,15,405,Shamela0011468BK1,753,515,872,142,37
256,15,425,Shamela0003565,2313,267,695,198,51
256,200,558,Shamela0003565,2314,723,1064,158,41
256,1,304,JK000291,302,638,1072,202,56
256,216,558,Shamela0021598,2246,153,536,246,77
257,129,871,Shamela0011444BK2,844,24,896,398,47
257,173,871,Shamela0021599,1659,348,988,375,56
257,84,871,JK000291,303,213,1059,446,53
258,1102,1492,Shamela0011444BK2,849,606,1298,179,29
258,1102,1315,Shamela0021599,1663,939,1142,149,86
258,1102,1492,JK000291,304,291,773,202,50
259,229,428,JK007141,554,192,498,140,57
259,514,721,Shamela0021599,1663,1299,1519,137,72
259,318,433,Shamela0021599,1665,24,139,87,97
259,195,428,JK000196,2333,1172,1475,159,64
259,859,1057,Shamela0000963,1034,1012,1415,145,43
259,195,428,Shamela0009059BK2,2332,1088,1393,164,66
259,229,428,Shamela0021843,1041,267,573,140,57
259,318,428,Shamela0021598,2257,897,1007,86,100
259,474,765,JK007142,210,527,830,166,60
260,78,202,Shamela0011444BK2,849,356,482,73,67
260,78,209,Shamela0021599,1663,797,932,82,76
260,897,1222,Shamela0000963,1039,492,754,92,27
260,86,202,Shamela0003565,2327,905,1025,71,70
260,78,209,JK000291,304,149,284,82,76
261,1,364,Shamela0011327,117,1202,1449,100,26
261,735,1128,Shamela0011444BK2,860,712,1216,150,29
261,1,508,Shamela0000963,1041,1195,1355,79,20
261,796,1128,Shamela0011468BK1,685,1,392,115,27
261,329,950,Shamela0012036,262,954,1469,206,33
261,77,526,Shamela0003565,2352,803,1050,111,32
261,106,307,Shamela0003565,2353,404,651,157,80
261,342,569,Shamela0021598,2276,1,106,60,35
261,106,342,Shamela0021598,2277,1067,1338,160,72
261,338,950,JK000208,1366,32,889,187,21
262,796,1273,Shamela0021623,187,129,906,298,43
262,554,1044,JK000196,2376,214,649,291,70
262,760,1044,JK000196,7845,660,938,193,78
262,554,1044,Shamela0009059BK2,2375,253,688,291,70
262,792,1044,Shamela0009059BK2,7850,638,864,181,87
262,505,1273,Shamela0003565,2360,192,999,539,76
262,760,995,Shamela0003565,7408,630,886,179,85
262,788,1044,Shamela0009059BK3,697,216,447,185,87
262,760,1044,Shamela0009059BK3,2271,1000,1278,194,78
262,606,1273,Shamela0021598,2287,8,627,496,91
262,760,995,Shamela0021598,7212,651,901,174,84
263,544,789,Shamela0011444BK2,866,780,1027,171,80
263,789,1345,Shamela0011444BK2,867,50,924,265,31
263,364,540,JK000196,2384,998,1195,139,89
263,371,579,Shamela0000963,1065,1124,1357,147,79
263,151,635,Shamela0021848BK1,554,606,992,170,39
263,364,540,Shamela0009059BK2,2383,1153,1350,139,89
263,782,1081,Shamela0003565,2362,1237,1526,234,95
263,544,789,Shamela0003565,2362,483,740,198,95
263,133,451,Shamela0003565,2363,1236,1549,237,88
263,1155,1351,Shamela0003565,2364,25,221,136,78
263,432,540,Shamela0003565,2365,198,319,85,89
263,217,1088,Shamela0021598,2290,469,1478,322,31
263,540,789,Shamela0021598,2291,284,725,187,52
263,217,523,JK000208,1373,848,1468,195,38
264,1254,1470,Shamela0021599,1670,933,1493,159,34
264,1434,1551,Shamela0012036,665,375,492,87,94
264,854,1111,Shamela0003565,2373,1068,1272,118,59
264,1383,1551,JK000291,306,986,1164,120,84
264,854,1111,Shamela0021598,2281,1319,1517,119,55
264,1434,1551,Shamela0021598,4893,221,338,87,94
264,7,221,Shamela0009973,263,294,477,116,63
264,854,1060,JK000208,1369,730,857,100,61
265,217,570,Shamela0021599,1672,634,1321,201,35
265,821,1399,Shamela0021599,1674,849,1135,184,38
265,1,1399,Shamela0012036,665,492,1436,314,23
265,1,570,JK000291,306,1164,1501,151,29
265,795,1399,JK000291,307,15,319,196,39
265,1,558,Shamela0021598,4893,338,814,148,26
265,652,1218,Shamela0021598,4895,1085,1484,145,32
265,1,558,JK000208,3138,499,975,148,26
265,795,1399,JK000208,3140,700,1053,182,37
266,1,363,Shamela0021599,1676,1055,1382,202,60
266,374,650,Shamela0021599,1677,5,257,159,60
266,435,1152,Shamela0021599,1678,605,1472,352,43
266,1152,1507,Shamela0021599,1679,1,290,175,56
266,384,596,Shamela0000963,1076,860,1552,130,23
266,11,511,Kraken220314171616,883,1116,1470,154,36
266,1,250,Shamela0012036,666,432,657,117,47
266,441,1430,Shamela0012036,667,1,1016,504,51
266,1,1092,JK000291,307,386,1531,597,53
266,1092,1507,JK000291,308,1,351,218,59
266,1,250,Shamela0021598,4898,1086,1310,117,47
266,371,578,Shamela0021598,4899,75,274,111,52
266,578,1199,Shamela0021598,4901,584,1232,337,56
266,1272,1430,Shamela0021598,4904,329,595,106,48
266,1098,1430,JK000304,82,222,346,84,32
266,140,751,JK000208,3142,738,1441,295,44
266,807,1394,JK000208,3144,797,1485,307,48
268,136,270,Shamela0011444BK2,2208,533,811,93,41
268,1074,1490,Shamela0021599,1671,54,478,254,61
268,79,663,Shamela0021599,1681,1,604,422,81
268,143,654,Shamela0026535,437,480,1525,249,26
268,1102,1490,Shamela0000963,1068,1122,1538,258,66
268,282,702,Shamela0012036,668,996,1309,184,49
268,276,544,Shamela0012036,669,866,1541,194,36
268,925,1490,Shamela0021608,856,285,631,146,27
268,35,663,JK000291,308,725,1374,460,82
268,276,544,Shamela0021598,4915,413,1090,192,35
268,282,884,JK000304,82,750,1184,241,45
268,276,504,JK000208,3153,370,985,153,31
269,607,1264,Shamela0021599,1685,57,737,406,65
269,307,840,Shamela0021599,1686,76,430,160,34
269,611,849,Shamela0000963,1090,1143,1459,160,61
269,607,835,Shamela0012036,671,1133,1501,166,56
269,533,1371,JK000291,309,528,1444,448,54
269,607,907,Shamela0021598,4926,174,649,201,51
269,1125,1264,ShamAY0034251BK3,542,116,259,83,71
269,913,1196,Shamela0006140,207,1166,1503,173,59
269,702,907,JK000208,3161,18,326,134,53
270,493,730,Shamela0011444BK2,2203,760,942,132,71
270,953,1180,Shamela0009059BK1,1969,414,626,117,60
270,953,1180,Shamela0021599,1674,392,564,117,59
270,945,1180,Shamela0026535,432,1083,1249,97,51
270,367,730,Shamela0000963,1098,638,902,203,69
270,563,761,Kraken220314171616,885,571,767,121,69
270,493,730,Shamela0011468BK1,770,343,545,148,79
270,339,730,ShamAY0038201,6,650,1007,174,44
270,493,730,Shamela0012036,668,10,218,153,82
270,953,1180,Shamela0003565,5218,1241,1414,112,57
270,516,730,Shamela0021608,36,348,537,138,82
270,493,761,Shamela0021843,2427,336,599,172,75
270,493,882,Shamela0021598,4907,40,313,177,58
270,493,877,Shamela0006140,209,447,778,210,62
270,519,882,JK000208,3147,1,252,160,56
271,399,602,JK009251,54,378,570,123,66
271,1019,1171,Shamela0021599,1693,870,1000,99,77
271,1024,1163,JK009318,71,648,1160,86,21
271,1019,1467,Shamela0012036,673,1115,1391,136,31
271,1019,1171,JK000291,311,952,1082,96,75
271,1019,1467,Shamela0021598,4937,680,953,166,45
271,1019,1467,JK000208,3167,462,735,166,45
272,1152,1307,Shamela0021599,1697,1194,1467,94,43
272,1307,1526,Shamela0021599,1698,1,213,150,89
273,148,293,JK007141,568,370,531,110,83
273,1227,1336,JK007141,571,960,1069,83,97
273,1,293,Shamela0021599,1698,213,508,228,95
273,1220,1336,Shamela0003565,2402,740,856,92,100
273,148,293,Shamela0021843,1076,518,679,110,83
273,1227,1336,Shamela0021843,1084,1366,1475,83,97
273,158,293,Shamela0021598,2322,1,138,104,91
273,1220,1424,Shamela0021598,2328,314,618,136,51
274,229,571,Shamela0006136,290,512,783,166,52
274,181,382,Shamela0011444BK2,885,408,601,121,71
274,571,891,Shamela0011444BK2,886,247,534,204,73
274,181,346,Shamela0021599,1705,250,416,105,74
274,251,571,Sham19Y0032197,287,1061,1279,157,58
274,355,1100,JK000196,2444,537,1298,298,35
274,181,355,JK000196,2445,519,693,112,76
274,571,891,JK000196,2447,1060,1347,205,74
274,251,571,Shamela0021848BK1,571,172,395,156,58
274,1141,1402,Shamela0021848BK1,572,245,722,96,19
274,355,972,Shamela0009059BK2,2443,883,1253,218,40
274,992,1100,Shamela0009059BK2,2444,85,207,85,86
274,663,891,Shamela0009059BK2,2447,1,196,134,65
274,163,355,Kraken220314171616,415,126,346,125,67
274,972,1462,Shamela0011468BK1,793,1169,1394,119,31
274,571,891,Shamela0011468BK1,794,1152,1448,203,71
274,181,355,Shamela0012036,269,1151,1327,111,75
274,169,972,Shamela0003565,2400,500,1313,583,85
274,972,1462,Shamela0003565,2401,832,1104,132,31
274,571,842,Shamela0009059BK3,724,211,445,153,63
274,163,382,Shamela0021843,1082,278,520,134,63
274,88,642,Shamela0021598,2330,17,355,246,54
274,636,972,Shamela0021598,2330,981,1324,239,84
274,82,632,Shamela0009973,274,684,1277,231,38
274,111,583,JK000208,1395,1,584,224,45
275,627,1477,Shamela0021599,1716,171,966,388,47
275,1,126,JK000196,2446,800,931,94,90
275,1,126,Shamela0000963,1158,780,915,95,88
275,963,1477,Shamela0000963,1162,867,1405,280,60
275,1,126,Shamela0009059BK2,2445,1124,1255,94,90
275,1,126,Shamela0003565,2402,894,1019,100,100
276,983,1370,Shamela0011444BK2,891,15,334,128,34
276,523,1007,Shamela0021599,1713,281,839,196,34
276,1044,1182,Shamela0021599,1715,965,1102,104,91
276,1017,1370,Shamela0003565,2410,970,1402,180,43
276,523,1044,JK000291,316,744,1266,206,37
276,527,1011,Shamela0021843,1088,608,1028,140,32
277,57,286,Shamela0011444BK2,892,995,1278,172,72
277,129,286,Sham19Y0013577,7148,1199,1415,123,68
277,57,387,JK000196,2459,382,1018,244,47
277,57,387,Shamela0009059BK2,2458,745,1381,244,47
277,173,382,Shamela0011468BK1,804,453,979,151,35
277,45,286,Shamela0003565,2414,953,1256,180,72
277,173,286,Shamela0009059BK3,729,241,357,92,97
278,451,623,Shamela0021623,197,1057,1216,114,77
278,410,623,Shamela0011468BK2,398,331,571,134,66
278,451,610,JK000196,2472,1300,1450,114,86
278,451,660,Shamela0000963,1174,1006,1207,146,82
278,410,623,JK007114,390,489,729,134,66
278,451,660,Shamela0009059BK2,2472,251,452,146,82
278,266,664,Shamela0003565,2420,1171,1474,196,61
278,266,623,Shamela0021598,2350,1195,1453,166,58
279,402,615,Shamela0021599,1758,92,273,116,67
279,408,615,JK000291,327,1181,1355,113,68
281,73,493,Shamela0021599,1731,1018,1526,133,25
281,454,1449,Shamela0021599,1732,8,956,635,71
281,612,1395,Shamela0000963,1192,371,1463,269,26
281,34,381,JK000291,321,171,419,143,44
282,127,435,Shamela0011444BK2,924,1088,1406,174,57
282,127,254,Shamela0021599,1737,1195,1368,101,71
282,284,435,Shamela0021599,1741,863,1002,105,88
282,127,435,Shamela0003565,2488,1131,1461,176,58
282,284,435,JK000291,323,57,196,105,88
282,118,258,Shamela0035120,47,1272,1437,115,84
283,396,528,Shamela0011327,133,44,345,97,40
284,1111,1278,Shamela0021599,1743,1101,1242,106,76
284,317,464,Shamela0026535,481,852,1108,82,39
284,1111,1278,JK000291,323,1097,1238,106,76
285,341,524,Shamela0011444BK2,914,186,693,81,19
285,341,888,Shamela0009059BK1,848,1178,1485,170,36
285,1167,1396,Shamela0021599,1747,1245,1475,176,92
285,585,977,Shamela0021599,1748,1193,1391,86,24
285,1182,1477,Shia000979Vols,125,614,986,188,62
285,816,1388,Shamela0000963,47,390,994,326,59
285,816,1152,Shamela0000963,1204,859,1128,157,57
285,980,1155,Shamela0000963,2026,1029,1179,107,73
285,337,452,Shamela0003565,2464,1247,1383,66,63
285,421,888,Shamela0003565,2467,157,474,177,42
285,328,524,JK000291,324,1257,1493,83,42
285,341,888,Shamela0021598,2401,405,659,151,33
285,724,888,Shamela0008648,408,513,692,115,75
286,212,782,Shamela0021721,963,471,909,171,33
286,995,1160,Shamela0021599,1724,724,898,121,86
286,682,782,JK000022,3396,131,227,74,96
286,126,782,Sham19Y0032197,293,1007,1478,233,43
286,682,782,Shamela0012415,254,608,704,74,96
286,568,782,Shamela0021642,959,1324,1484,92,53
286,203,792,Shamela0026535,466,252,788,201,33
286,537,778,Sham19Y0011194,112,943,1186,125,64
286,212,782,Shamela0021597,830,1227,1397,117,26
286,557,782,Sham19Y0146127,1363,352,611,100,48
286,54,778,Masaha001946Vols,1264,115,430,117,18
286,203,732,Masaha001946Vols,1265,317,524,79,16
286,519,782,Shamela0008176,2648,498,970,146,39
286,509,782,Shamela0021715,3231,784,1012,149,69
286,581,826,Shamela0021848BK1,581,1,255,123,55
286,537,792,Sham19Y0013252,3738,466,746,123,54
286,504,826,Shamela0011468BK1,811,1039,1350,165,58
286,1198,1381,Shamela0011468BK1,816,469,701,122,58
286,682,1098,Zaydiyya0000061,215,1006,1402,141,34
286,268,839,Shamela0003565,2442,130,1201,317,34
286,1189,1381,Shamela0003565,2445,316,556,130,60
286,198,782,JK000291,317,1076,1454,142,25
286,212,612,Sham19Y0132962,385,1092,1234,92,29
286,564,1098,Shamela0009973,283,1,474,196,40
286,537,826,Sham19Y0016934,1598,151,373,133,57
286,678,839,JK000208,1420,123,266,109,87
286,212,782,Sham19Y0013783,848,878,1477,175,33
287,1366,1480,JK000196,2505,1150,1281,89,81
287,288,592,Shamela0000963,1220,433,751,131,41
287,288,592,Shamela0021848BK1,583,612,1054,129,30
287,1366,1480,Shamela0009059BK2,2505,150,284,89,79
287,444,592,Shamela0011468BK1,812,838,956,81,65
287,198,890,Shamela0003565,2447,321,1082,276,37
287,155,614,Shamela0009973,285,1176,1582,160,36
288,150,368,JK000196,2506,692,918,111,47
288,150,368,Shamela0009059BK2,2505,1184,1410,111,47
288,774,939,Shamela0003565,2494,1266,1425,101,66
288,150,368,Shamela0021598,2377,612,1053,99,24
288,774,944,Sham19Y0013783,875,1216,1430,89,50
289,386,583,JK009390,4844,964,1168,146,86
289,386,608,Shamela0028168,586,919,1129,153,81
289,386,583,Shia002265Vols,652,592,795,146,87
289,439,1025,Shamela0021598,2426,1,672,312,46
289,386,583,Shamela0001438,5547,844,1047,146,87
290,382,568,Shamela0021599,1761,1254,1415,116,77
290,1138,1502,Shamela0021715,3305,415,952,199,40
290,382,568,JK000291,328,543,704,116,77
291,239,844,Shamela0021599,1771,377,1112,230,31
291,331,580,Sham19Y0032197,308,833,1059,77,31
291,244,377,Shamela0000963,1236,1289,1503,105,60
291,124,844,JK000291,329,411,1344,222,23
291,124,580,Shamela0021843,1144,17,335,116,27
292,1331,1528,Shamela0011444BK2,952,515,747,144,73
292,1222,1564,Shamela0021599,1783,1,480,234,56
292,671,970,Shamela0000963,1239,359,692,110,35
292,641,1130,Shamela0012036,285,773,1312,202,37
292,1331,1561,Shamela0012036,289,1206,1494,159,64
292,1331,1510,Shamela0003565,2538,884,1104,129,71
292,641,1080,JK000291,330,826,1173,188,52
292,1222,1564,JK000291,332,211,691,234,56
292,1331,1561,Shamela0021598,2479,894,1182,158,64
292,1331,1561,JK000208,1475,447,735,158,64
292,641,1080,Sham19Y0020561,292,616,1011,106,26
293,74,378,Shamela0021599,1784,1049,1386,151,53
293,471,1075,Shamela0021599,1786,198,792,448,87
293,1075,1546,Shamela0021599,1787,344,873,371,85
293,1075,1306,JK000196,2597,1277,1504,146,70
293,471,970,Shamela0000963,1245,621,1299,333,57
293,1369,1491,Shamela0000963,1246,1339,1461,100,100
293,1075,1369,Shamela0009059BK2,2597,546,1082,210,47
293,268,378,Shamela0012036,290,607,708,79,90
293,1,378,JK000291,332,691,1101,211,61
293,268,378,Shamela0021598,2482,636,737,79,90
293,1075,1306,JK000208,1473,1145,1373,146,70
293,268,378,JK000208,1479,8,109,79,90
294,822,1203,Sham19Y0132403,220,629,1030,257,79
294,822,1203,JK009390,6865,486,851,222,65
294,822,1203,Sham19Y0127677,4972,455,812,219,66
294,276,955,Shamela0021599,1790,262,1489,498,50
294,955,1203,Shamela0021599,1791,1,256,193,93
294,822,1203,Sham19Y0001734,788,107,515,256,77
294,754,1162,Shamela0000963,1269,984,1422,313,91
294,276,744,Shamela0000963,1281,490,1167,334,59
294,1254,1529,Shamela0003565,2547,1089,1390,153,62
294,1008,1203,Sham19Y0013223,476,1,145,108,67
294,822,1071,Shia002265Vols,2524,1200,1473,162,73
294,899,1203,Shamela0021744,1212,131,390,164,64
294,762,1209,Sham19Y0132962,1878,12,479,292,75
294,822,1217,Shia002231Vols,265,113,479,224,65
294,851,1203,Shamela0009795,268,12,265,193,68
294,822,1203,ShamAY0032869,15,233,658,264,76
294,899,1203,JK000299,1046,1133,1391,164,63
294,835,1203,Shamela0001438,6950,4,354,216,66
294,774,1203,Sham19Y0013783,900,151,607,334,92
294,774,1203,Sham19Y0020561,297,422,876,286,76
295,92,672,Shamela0021599,1796,546,1384,283,34
295,1348,1565,Shamela0021599,1815,1135,1269,109,61
295,1045,1565,Shamela0012036,291,402,985,179,27
295,1324,1565,Shamela0021598,2497,557,722,120,58
295,1348,1551,JK000208,1483,799,924,103,61
296,532,678,Sham19Y0013577,1536,560,959,76,25
296,532,721,Shia000841Vols,3281,594,1129,104,23
296,208,721,Shamela0096232,146,570,1013,137,27
296,208,717,ShamAY0034251BK3,686,295,1200,158,18
296,208,717,Sham19Y0013783,903,787,1208,121,22
297,279,448,Shamela0011444BK2,963,886,1053,124,86
297,718,960,Shamela0009059BK1,884,787,1211,122,34
297,279,448,Shamela0021599,1804,280,447,128,90
297,382,1200,Shamela0021599,1806,1,831,394,49
297,279,1314,JK000291,336,158,1189,538,54
297,279,872,Sham19Y0020561,300,12,523,128,19
298,493,1155,Shamela0011444BK2,970,536,1141,236,32
298,927,1123,Sham19Y0013577,1376,566,939,97,32
298,647,886,Shamela0021599,1802,203,451,122,53
298,920,1138,Shamela0021599,1810,670,1005,164,60
298,930,1123,Shia000841Vols,3312,418,781,90,26
298,481,1155,JK000291,337,87,700,246,34
298,674,827,JK000208,1488,677,828,94,70
299,825,1544,Shamela0011444BK2,978,347,1173,483,64
299,246,613,Shamela0021599,1812,1216,1488,119,35
299,305,458,Shamela0021599,1814,61,200,96,76
299,825,1298,JK000196,2659,885,1460,352,74
299,1360,1544,JK000196,2660,39,229,129,78
299,287,458,Shamela0000963,1295,1079,1444,105,35
299,825,1510,Shamela0009059BK2,2659,717,1538,466,63
299,814,1014,Shamela0011468BK1,872,712,1198,148,37
299,1070,1382,Shamela0011468BK1,873,241,701,185,46
299,246,623,Shamela0012036,295,695,1322,125,20
299,814,1521,Shamela0003565,2588,387,1502,510,55
299,814,1382,Shamela0021598,2537,207,1583,366,32
299,873,1236,JK007074,823,568,1236,162,30
299,305,814,JK000208,1498,726,1100,180,38
300,97,341,Shamela0011444BK2,978,1394,1555,106,53
300,813,1015,Sham19Y0018562,93,350,522,71,38
300,341,674,Shamela0021599,1813,1008,1369,222,73
300,97,352,JK000196,2660,401,567,113,55
300,341,674,Shamela0000963,1296,108,434,224,78
300,97,352,Shamela0009059BK2,2660,217,383,113,55
300,100,341,Shamela0011468BK1,880,893,1049,104,53
300,97,352,Shamela0003565,2589,94,255,117,55
300,453,674,Shamela0009059BK3,798,379,865,150,37
300,100,341,Shamela0021598,2544,1148,1303,104,53
300,1342,1464,Shamela0035120,51,1004,1121,83,81
300,37,431,JK000208,1498,1100,1485,138,33
300,431,674,JK000208,1499,12,281,164,72
301,931,1266,Sham19Y0017101,92,450,780,263,95
301,158,371,JK001244,164,620,767,70,42
301,740,931,Shamela0011444BK2,1031,1179,1366,153,97
301,4,247,Shamela0021599,1835,1114,1399,130,53
301,740,999,JK000196,2787,679,902,167,79
301,740,931,Shamela0000963,1355,746,937,156,100
301,931,1121,Shia000841Vols,2205,219,737,153,36
301,931,1266,Shia000841Vols,3811,1108,1362,205,75
301,937,1266,Kraken220413030905,368,933,1229,227,84
301,740,999,Shamela0009059BK2,2787,1024,1247,167,79
301,740,931,Shamela0011468BK1,946,279,453,142,91
301,931,1213,Zaydiyya0000061,266,1401,1602,161,71
301,740,937,Zaydiyya0000061,267,54,249,155,95
301,931,1266,Shamela0096232,86,329,664,260,94
301,931,1266,Shamela0010639,207,1220,1574,255,86
301,887,1266,Sham19Y0132974,98,857,1225,266,86
301,945,1266,Sham19Y0023625,1649,817,1126,250,96
301,931,1266,Zaydiyya0000378,116,850,1171,255,92
302,1176,1346,JK001244,174,550,749,119,70
302,406,979,Shamela0021599,1870,1167,1426,164,35
302,1068,1314,Shamela0021599,1872,1234,1511,170,74
302,518,1068,Shamela0021599,1872,113,477,147,32
302,1176,1346,Kraken220314171616,521,124,500,115,37
302,1033,1346,Shamela0012036,341,956,1320,214,67
302,842,979,Shamela0012036,342,500,711,96,57
302,406,979,JK000291,351,969,1224,161,35
302,1033,1346,Shamela0021598,2946,578,1128,214,46
302,1033,1346,JK000208,1644,740,1105,214,68
302,842,979,JK000208,1646,957,1167,94,56
304,119,540,Shamela0021599,1827,939,1546,258,46
304,848,962,Shamela0026535,517,1009,1149,76,69
304,1371,1532,Shamela0012036,307,50,425,84,26
304,195,513,Shamela0003565,699,310,552,155,59
304,195,513,Shamela0003565,2634,976,1218,156,59
304,1371,1532,JK000291,341,240,353,84,65
304,195,513,Shamela0021598,2634,146,397,160,60
304,848,1033,Shamela0009973,314,676,871,106,57
304,195,573,JK000208,1534,896,1400,195,42
305,73,260,Sham19Y0017878,340,1158,1385,144,77
305,243,565,Sham19Y0017878,341,107,913,175,26
305,56,275,JK001244,161,67,276,134,68
305,70,321,Masaha001961Vols,1349,538,808,170,72
305,56,565,JK000196,2736,414,979,380,82
305,61,325,Sham19Y0127671,482,1121,1345,152,66
305,343,565,Shamela0021848BK1,642,381,656,123,49
305,73,343,Shia000841Vols,3710,74,395,214,81
305,91,325,Shia000841Vols,3731,1209,1505,177,72
305,51,451,Sham19Y0014580,1169,779,1342,290,62
305,56,565,Shamela0009059BK2,2736,454,1019,380,82
305,56,565,Shamela0011468BK1,926,544,1109,379,82
305,56,565,Shamela0003565,2638,525,1062,411,94
305,1423,1528,Shamela0003565,2641,145,250,83,100
305,73,335,ShamAY0034227,1482,328,655,198,74
305,56,265,Shamela0009059BK3,824,1329,1544,168,95
305,265,418,Shamela0009059BK3,825,1,166,121,90
305,73,325,Shamela0096232,61,1009,1311,199,81
305,56,565,Shamela0021598,2639,719,1253,411,95
305,56,418,Shamela0021598,2640,966,1346,289,93
305,200,343,Sham19Y0132962,442,1,166,115,86
305,110,321,Sham19Y0132974,83,1,244,157,74
305,44,451,Sham19Y0014325,2358,649,1551,279,38
306,394,799,Shamela0011444BK2,1012,1107,1467,104,22
306,394,799,Shamela0003565,2644,505,843,109,24
306,1230,1468,Shamela0003565,2651,8,404,189,57
307,1174,1403,Shamela0003565,2600,742,1029,91,37
308,396,1246,Shamela0011444BK2,984,641,1271,214,26
308,644,1246,Shamela0026535,508,620,1072,129,22
308,624,781,Shamela0012036,298,1025,1491,84,21
308,500,1271,Shamela0003565,2600,129,547,171,23
308,396,781,Shamela0021598,2568,650,1004,125,32
308,225,781,Sham19Y0132962,428,670,1033,205,45
308,396,781,JK000208,1510,374,730,125,32
308,1209,1387,Sham19Y0013783,926,1295,1569,100,40
308,225,781,Sham19Y0020561,307,366,754,201,43
309,225,386,Shamela0011444BK2,1038,840,1175,100,36
309,28,233,Shamela0021599,1844,729,992,130,60
309,28,386,Shamela0021599,1845,905,1269,165,46
309,28,233,JK000291,344,506,769,130,60
310,156,621,Shamela0021599,1843,581,1416,308,44
310,561,754,Shamela0021599,1844,92,509,102,30
310,1290,1425,Shamela0021599,1846,1136,1269,102,94
310,183,376,Shamela0012036,320,956,1153,146,91
310,971,1284,Shamela0003565,2699,585,852,140,49
310,183,329,Shamela0021598,2742,1293,1438,106,86
310,689,1101,JK000208,1573,771,1015,91,22
311,236,402,Shamela0011444BK2,1054,995,1497,130,32
311,1,199,Shamela0021599,1846,4,312,140,53
311,1222,1435,Shamela0003565,2618,243,759,95,21
311,959,1103,Shamela0003565,2632,647,794,112,95
312,354,559,Shamela0021599,1824,1229,1429,155,90
312,317,559,Shamela0000963,1349,885,1154,174,77
313,809,1106,Shamela0021599,1862,675,1297,175,33
313,997,1466,JK000291,349,127,403,126,31
313,276,485,ShamAY0034251BK3,682,1185,1370,97,53
314,143,337,Shamela0021599,1856,745,1064,140,50
314,988,1277,Shamela0021599,1858,208,750,151,34
314,143,337,JK000291,347,89,412,140,50
314,988,1277,JK000291,347,692,1235,151,34
320,968,1184,Shamela0006136,334,101,272,130,74
320,968,1197,JK001244,174,532,728,141,72
320,1001,1203,Shamela0021599,1892,1,168,127,78
320,968,1148,Shamela0021599,1893,642,783,87,55
320,968,1184,Sham19Y0032197,348,265,436,130,74
320,46,192,Shamela0011468BK2,493,1175,1350,103,75
320,462,831,Shamela0021848BK1,719,576,1123,112,20
320,941,1184,Shamela0021848BK1,720,423,610,125,59
320,103,321,JK007114,484,1,332,139,54
320,968,1197,Kraken220314171616,521,106,479,134,44
320,941,1189,Shamela0012036,341,1052,1293,123,50
320,968,1155,Shamela0003565,2811,1299,1502,107,65
320,968,1217,JK000291,357,1196,1408,159,77
320,941,1189,Shamela0021598,2946,859,1101,122,50
320,941,1189,JK000208,1644,836,1078,122,50
320,963,1197,Sham19Y0020561,361,115,457,145,48
322,636,1175,Shamela0026764,13,499,1024,272,50
322,1311,1609,Shamela0026764,16,6,538,193,44
322,1141,1609,Shia003732Vols,5678,541,1022,185,40
322,71,1153,JK000001,504,511,1450,323,28
322,535,1183,Masaha001961Vols,1395,289,1102,336,42
322,1317,1609,Masaha001961Vols,1396,492,1072,148,31
322,1325,1609,Shamela0000412,337,1046,1309,100,34
322,857,1158,Shia001386,8,987,1351,112,27
322,775,1175,Masaha004105Vols,222,377,1293,243,32
322,857,1175,Shamela0023695,1224,724,1081,170,46
322,1311,1609,Shamela0023695,1226,128,450,154,51
322,857,1158,Shia001362Vols,707,816,1180,112,27
322,877,1175,Shamela0023685,1478,1,390,219,65
322,1269,1552,Shamela0023685,1479,1187,1462,149,57
322,1325,1609,Shamela0001066,203,1270,1540,104,37
322,857,1158,Zaydiyya0000236,311,983,1347,112,27
322,857,1097,Kraken220413030759,1221,268,543,94,30
322,182,495,ShamAY0038409,130,477,680,119,48
322,502,794,ShamAY0038409,130,887,1362,207,52
322,901,1187,ShamAY0038409,133,4,430,223,62
322,1397,1609,ShamAY0038409,134,278,488,140,76
322,1080,1389,ShamAY0038409,135,573,1053,184,45
322,425,1141,Shia000841Vols,3912,1,684,332,46
322,1357,1609,Shia000841Vols,3913,1,276,170,73
322,554,1170,Shamela0022842,66,30,570,178,26
322,826,1066,Masaha001864Vols,5771,1254,1513,137,52
322,857,1153,ShamAY0038405,80,1191,1604,148,39
322,489,1141,Sham19Y0013223,2005,9,632,311,48
322,1141,1386,Sham19Y0013223,2005,1257,1523,131,54
322,1360,1609,Sham19Y0013223,2006,1,217,154,77
322,857,1175,Shia001432Vols,33166,25,446,134,29
322,857,1158,Shia001432Vols,33178,429,793,112,27
322,826,1141,Shamela0026568,1307,484,904,249,70
322,1269,1552,Shamela0026568,1309,201,476,149,57
322,439,1132,Shamela0096232,131,546,1576,329,34
322,931,1587,Shamela0096232,132,697,1354,277,41
322,931,1508,Shamela0010639,212,12,504,197,36
322,160,621,Shamela0005539,312,235,796,205,36
322,502,794,Shamela0005539,312,656,1134,201,51
322,775,1153,Shamela0005539,314,1182,1570,169,41
322,1001,1187,Shamela0005539,315,1,198,154,92
322,1397,1609,Shamela0005539,316,1,205,140,78
322,1080,1389,Shamela0005539,317,350,845,187,45
322,857,1158,Masaha000699Vols,82,292,656,112,27
322,81,416,Shamela0021598,2778,710,1099,197,60
322,626,1141,ShamAY0038413,71,915,1396,267,52
322,857,1175,Zaydiyya0000142,1589,109,527,164,40
322,857,1049,Zaydiyya0000142,1590,595,1335,138,22
322,857,1141,Zaydiyya0000142,1591,266,644,227,70
322,857,1360,Zaydiyya0000142,1593,213,611,109,18
322,1141,1389,Shamela0031372,107,1250,1572,118,40
322,1311,1609,Shamela0031372,110,7,285,149,55
322,857,1370,Sham19Y0132974,215,566,964,203,39
322,360,906,Masaha003955Vols,399,280,763,199,38
322,1345,1537,Sham19Y0014325,2476,1329,1511,125,83
322,626,1141,Sham19Y0014325,2476,198,659,225,43
322,857,1175,Shamela0001391,218,889,1386,217,49
322,397,984,Sham19Y0013783,1014,415,599,112,24
323,1,264,Shamela0026764,16,538,805,173,75
323,1,370,Shia003732Vols,5678,1040,1397,197,58
323,529,911,JK000001,506,1,380,264,73
323,504,782,Shia001357,24,1043,1281,196,85
323,1,476,Shamela0023695,1226,468,939,175,32
323,1,476,ShamAY0038409,134,488,1225,312,53
323,300,1165,ShamAY0038409,136,455,1235,410,51
323,1,618,Shia000841Vols,3913,276,885,308,54
323,303,916,ShamIbadiyya0000482,136,576,1133,323,56
323,1,618,Sham19Y0013223,2006,217,826,310,52
323,18,356,Sham19Y0017747,1083,322,913,191,37
323,490,782,Shia001432Vols,33170,658,901,196,81
323,1,443,Shamela0021744,1529,806,1229,199,43
323,18,281,Shamela0096232,132,1111,1372,125,60
323,821,1236,Shamela0096232,135,1145,1399,171,48
323,18,476,Shamela0010639,212,268,759,158,29
323,52,476,Shamela0005539,316,1,980,303,38
323,300,1165,Shamela0005539,318,237,1008,390,47
323,443,911,Zaydiyya0000142,1594,673,1115,309,72
323,1,476,Shamela0031372,108,198,576,148,32
323,1,476,Shamela0031372,110,303,681,148,32
323,1,443,JK000299,1308,160,584,199,43
323,84,618,Sham19Y0014325,2477,1,466,199,43
323,443,821,ShamAY0035035,2811,1180,1601,245,66
324,646,888,Shia004092Vols,6606,1110,1428,154,58
324,646,888,Rafed0002654Vols,6605,385,701,154,57
324,41,365,ShamAY0038405,148,819,1416,166,33
324,1,722,Sham19Y0017747,1087,822,1568,386,50
324,707,1015,Sham19Y0017747,1088,1,404,216,65
324,41,195,Sham19Y0132974,212,790,1173,103,33
325,1055,1533,Shamela0011327,154,330,759,307,78
325,1202,1533,Shamela0009059BK1,3119,1,332,240,88
325,1059,1533,Shamela0021599,3765,1,467,277,64
325,174,473,JK000196,7454,250,443,99,40
325,810,990,Shamela0021715,5961,884,1076,74,40
325,1055,1350,Shamela0000963,1483,465,716,173,71
325,1123,1533,Shamela0000963,1485,300,802,193,39
325,174,473,Shamela0009059BK2,7458,910,1103,99,40
325,377,766,Shamela0003565,7173,1093,1510,119,30
325,1173,1533,Shamela0003565,7184,6,382,241,74
325,306,982,Shamela0021598,6962,618,1318,142,16
325,1295,1533,Shamela0021598,6966,1,229,170,88
325,1055,1529,Shamela0008648,678,1003,1449,261,62
325,815,990,JK000208,4427,811,1368,105,23
325,1055,1520,JK000208,4429,511,938,264,65
326,20,617,Shamela0021599,3765,559,1110,385,73
326,250,358,JK000196,7475,228,336,86,100
326,362,617,JK000196,7475,1074,1348,188,84
326,7,272,Shamela0000963,1485,71,548,164,43
326,362,594,Shamela0000963,1485,1267,1513,172,88
326,250,358,Shamela0009059BK2,7479,1078,1186,86,100
326,15,617,Shamela0009059BK2,7480,285,706,301,60
326,15,617,Shamela0003565,7184,1016,1480,314,63
326,250,358,Shamela0009059BK3,2198,395,503,86,100
326,15,626,Shamela0021598,6966,415,900,318,62
326,617,1081,ShamAY0034251BK3,808,486,670,110,30
326,916,1397,Shamela0006140,601,853,1110,141,36
326,7,509,JK000208,4430,188,487,221,54
327,679,966,Shamela0011444BK2,3591,616,992,151,46
327,666,841,Sham19Y0013577,6074,660,826,117,84
327,704,1375,Shamela0009059BK1,3108,370,863,313,51
327,1137,1375,JK000196,5838,539,742,146,72
327,1067,1259,JK000196,7356,345,546,117,67
327,1137,1375,Shamela0009059BK2,5839,870,1073,146,72
327,1067,1259,Shamela0009059BK2,7360,715,916,117,67
327,704,924,Shamela0003565,7175,398,643,140,61
327,601,906,Shamela0003565,7176,165,294,81,35
327,1112,1375,Shamela0003565,7176,1000,1215,142,66
327,1137,1375,Shamela0009059BK3,1752,1099,1302,146,72
327,1067,1259,Shamela0009059BK3,2170,882,1082,118,68
327,704,1033,Sham19Y0132962,1658,384,714,161,54
327,666,837,Shamela0006140,597,144,307,116,84
327,415,577,Shamela0008648,565,351,538,105,63
327,704,993,Sham19Y0020561,1189,1023,1261,146,64
328,55,520,Sham19Y0032197,361,844,1203,155,34
328,1323,1578,Shamela0003565,2824,330,534,61,29
328,1440,1578,Shamela0021598,2968,1001,1144,63,42
329,89,833,Shamela0011327,155,877,1149,161,26
329,239,382,Shamela0009059BK1,1015,449,578,94,84
329,1214,1469,Shamela0009059BK1,1017,207,670,186,48
329,89,329,Shamela0000963,1495,292,438,84,42
329,1260,1400,Shamela0003565,2844,211,351,112,100
330,330,474,Shamela0009059BK1,1018,345,548,87,53
330,635,975,Shamela0000963,1501,177,725,131,24
330,561,740,Shamela0003565,2848,590,810,140,80
330,632,740,Shamela0021598,2994,404,561,84,67
331,1,637,Shamela0011444BK2,1145,417,1148,272,45
331,865,1187,Shamela0009059BK1,1019,1177,1480,151,48
331,227,672,Shamela0009059BK1,1026,960,1451,211,47
331,1,409,Shamela0021599,1923,702,1022,153,42
331,1,144,JK000196,3037,1207,1350,113,100
331,1223,1334,Shamela0009059BK2,3018,255,762,88,21
331,1,144,Shamela0009059BK2,3038,431,574,113,100
331,865,1218,Shamela0003565,2860,712,1040,204,60
331,1,144,Shamela0003565,2881,26,169,113,100
331,336,637,Shamela0003565,2883,227,558,181,63
331,1,144,Shamela0021598,3027,901,1044,111,98
331,227,479,Shamela0021598,3028,37,286,126,50
331,44,144,JK000208,1689,128,228,79,100
332,56,239,Shamela0011444BK2,1152,604,832,102,53
332,1252,1433,Shamela0009059BK1,1021,300,499,142,89
332,793,1045,Shamela0009059BK1,1028,315,560,165,73
332,62,302,Shamela0009059BK1,1035,764,969,138,72
332,813,1045,Shamela0003565,2889,350,581,177,93
332,62,302,Shamela0003565,2907,927,1167,190,99
332,1252,1433,Shamela0021598,3007,455,652,140,88
333,372,972,Shamela0011327,159,69,360,211,42
333,384,1087,Shamela0009059BK1,1042,8,466,332,58
333,529,705,JK000196,3084,5,199,124,81
333,1342,1531,JK000196,3086,749,955,153,89
333,833,1048,Shamela0000963,1512,738,952,143,76
333,372,972,Shamela0000963,1530,869,1160,211,42
333,496,799,Shamela0000963,1531,723,1301,197,43
333,400,705,Shamela0009059BK2,3084,532,821,162,56
333,384,1087,Shamela0003565,2921,761,1208,315,54
333,400,695,Shamela0003565,2922,1127,1421,171,61
333,1204,1531,Shamela0003565,2924,1035,1371,191,67
333,421,620,Shamela0021598,3060,799,991,142,91
333,863,1048,Shamela0021598,3073,274,443,124,81
333,1179,1531,Shamela0021598,3074,634,1039,224,61
333,409,641,ShamAY0000351,306,605,917,142,57
333,496,620,JK000208,1708,197,321,97,100
333,1333,1531,JK000208,1715,220,436,160,89
334,112,905,Shamela0009059BK1,1042,570,1430,315,34
334,1278,1429,Shamela0009059BK1,1193,653,951,112,48
334,178,378,JK000196,3084,1197,1402,148,81
334,178,378,Shamela0009059BK2,3085,439,644,148,81
334,178,378,Shamela0003565,2923,1404,1618,155,85
334,1064,1253,Shamela0003565,3414,177,572,128,41
334,112,701,Shamela0021598,3073,940,1333,259,50
335,6,594,Shamela0011327,158,944,1145,129,28
335,6,343,Shamela0009059BK1,1197,36,334,181,64
335,821,1156,Shamela0009059BK1,1200,860,1308,178,39
335,6,594,Shamela0000963,1524,665,867,130,28
335,979,1105,Shamela0009059BK2,3503,1215,1450,91,49
335,1304,1436,Shamela0003565,3425,961,1085,99,93
335,149,343,Shamela0003565,3430,51,263,117,69
335,1304,1509,Shamela0009059BK3,1056,706,924,129,72
335,1304,1446,Shamela0021598,3540,1084,1218,107,94
336,622,969,Shamela0009059BK1,1071,1114,1479,131,34
336,170,386,JK000196,3113,128,374,171,86
336,935,1137,JK000196,3166,384,737,111,39
336,170,386,Shamela0000963,1518,1004,1220,173,100
336,170,386,Shamela0009059BK2,3113,557,804,171,86
336,935,1130,Shamela0009059BK2,3166,1091,1437,105,38
336,170,628,Shamela0003565,2960,210,783,357,76
336,622,1004,Shamela0003565,3018,202,728,165,32
336,229,622,Shamela0021598,3106,1,517,303,72
336,658,862,Shamela0021598,3127,814,1272,125,34
337,352,514,Shamela0011327,160,739,897,115,87
337,137,344,JK000196,3162,12,134,88,55
337,352,514,Shamela0000963,1540,1282,1440,115,87
337,534,762,Shamela0021848BK1,778,325,641,110,40
337,84,344,Shamela0009059BK2,3162,668,864,129,58
337,1297,1495,Shamela0003565,3000,749,1047,136,57
337,57,344,Shamela0003565,3015,426,720,150,50
337,1297,1495,Shamela0021598,3162,309,596,124,53
338,246,581,Shamela0011444BK2,1188,1205,1510,225,82
338,973,1499,Shamela0009059BK1,1068,120,665,272,53
338,586,716,JK000196,3147,684,817,90,77
338,295,581,Shamela0021715,3528,420,722,171,68
338,406,562,Shamela0021848BK1,778,1256,1450,111,69
338,586,716,Shamela0009059BK2,3147,1297,1430,90,77
338,289,581,Shamela0011468BK1,1225,742,1002,183,77
338,267,581,Shamela0012036,362,1050,1320,169,67
338,586,716,Shamela0003565,3000,1251,1384,90,77
338,423,581,Shamela0003565,3002,1,159,122,97
338,1112,1458,Shamela0003565,3005,1199,1566,181,51
338,586,716,Shamela0021598,3162,888,1022,90,76
338,267,581,Shamela0021598,3164,104,374,169,67
338,581,716,JK000208,1775,1164,1302,94,78
338,312,581,JK000208,1777,941,1164,153,71
339,316,725,JK000196,3155,1061,1461,257,74
339,888,1217,Shamela0000963,1544,492,819,202,69
339,316,792,Shamela0009059BK2,3156,260,735,311,76
339,255,796,Shamela0003565,3009,164,665,332,72
339,343,616,Shamela0021598,3175,226,528,214,89
339,451,616,JK000208,1788,1,169,131,98
340,781,990,Shamela0009059BK1,1083,827,1057,157,74
340,86,299,JK000196,3160,840,1053,170,100
340,86,299,Shamela0009059BK2,3161,71,284,170,100
340,86,299,Shamela0003565,3013,644,857,170,100
340,41,170,Shamela0021598,3178,1321,1548,102,56
340,179,299,Shamela0021598,3179,1,121,95,100
340,41,299,JK000208,1791,441,796,201,70
341,496,892,Shamela0009059BK1,1085,1160,1517,158,38
341,490,896,Shamela0003565,3063,1094,1464,163,39
342,1047,1422,Shamela0009059BK1,1089,852,1408,275,60
342,301,515,Shamela0012036,369,943,1444,123,29
342,1076,1422,Shamela0003565,3079,508,1071,225,49
342,314,622,JK000291,376,1090,1435,125,34
342,1052,1390,Shamela0021598,3242,1,373,207,59
342,306,622,JK000208,1826,109,695,138,25
343,356,695,Shamela0006136,357,526,728,86,32
343,356,751,Kraken220314171616,558,82,625,88,14
343,656,885,Shamela0003565,3108,287,530,137,66
344,369,833,Shamela0009059BK1,1093,961,1436,178,37
344,1,230,JK007141,752,718,1017,157,64
344,1,192,Shamela0003565,3090,1313,1499,148,97
344,833,941,Shamela0003565,3098,1244,1352,87,100
344,363,570,Shamela0021598,3267,685,1117,124,34
344,779,941,Shamela0021598,3269,354,808,127,35
345,1227,1404,Shamela0011444BK2,1235,141,339,94,49
345,691,1054,Shamela0009059BK1,1103,1011,1420,241,68
345,1227,1345,Shamela0009059BK1,1108,180,356,81,54
345,501,687,Shamela0011468BK2,607,254,658,106,29
345,302,489,Shamela0000963,1562,800,1359,135,29
345,691,806,Shamela0000963,1563,38,162,91,92
345,501,687,JK007114,593,631,1035,106,29
345,482,894,Shamela0003565,3135,661,1131,296,75
345,501,1065,Shamela0003565,3137,74,525,150,26
345,1227,1345,Shamela0003565,3154,721,847,84,86
345,482,687,Shamela0021598,3296,1196,1405,142,73
345,687,806,Shamela0021598,3300,856,985,93,90
345,806,1065,Shamela0021598,3301,189,459,149,67
346,523,844,Shamela0009059BK1,1123,257,689,153,40
346,861,1055,Shamela0021599,1961,118,281,99,63
346,523,875,Shamela0003565,3203,526,1019,201,43
348,807,1081,JK001244,196,235,651,96,28
348,871,1124,Shamela0011444BK2,1260,1193,1555,158,51
348,871,1081,Shamela0011444BK1,71,329,481,93,55
348,284,637,Shamela0009059BK1,1128,288,805,157,32
348,996,1502,Shamela0009059BK1,1129,4,825,234,32
348,655,1046,JK000196,3317,607,1440,225,32
348,276,413,Shamela0000963,1580,299,436,105,96
348,655,1170,Shamela0009059BK2,3318,378,1317,245,32
348,881,1177,Shamela0012036,384,479,789,131,47
348,284,398,Shamela0003565,3223,817,939,90,93
348,637,1051,Shamela0003565,3225,1288,1527,175,50
348,680,845,Shamela0003565,3226,1205,1514,133,53
348,871,1226,Shamela0021843,1527,999,1502,180,43
348,881,1177,Shamela0021598,3367,249,559,131,47
348,871,1081,Sham19Y0132962,547,1003,1155,93,55
348,871,1167,Sham19Y0132962,548,135,473,161,54
348,871,1167,Sham19Y0020561,396,320,637,169,58
349,764,1452,Shamela0011327,165,520,1022,180,30
349,76,295,Shamela0009059BK1,1128,940,1237,135,49
349,980,1452,Shamela0000963,1584,184,1199,177,18
349,319,690,Shamela0012036,391,979,1380,98,21
349,319,690,JK000304,44,827,949,69,23
350,949,1255,Shamela0011327,166,13,211,127,50
350,464,1006,Shamela0000963,1586,1255,1517,128,27
350,127,750,Shamela0000963,1587,654,1185,213,35
350,7,362,Shamela0003565,3313,720,1098,102,31
351,441,1290,Shamela0011327,166,414,965,293,40
351,103,335,Shamela0009059BK1,1065,103,452,142,46
351,540,1003,JK000208,2012,614,1197,196,33
352,76,597,Shamela0011327,166,1112,1536,185,39
352,597,1135,Shamela0011327,167,1,353,197,43
352,212,672,JK001244,206,221,710,153,27
352,311,450,Shamela0011444BK2,1311,998,1147,81,67
352,311,672,Shamela0000963,1592,1251,1560,145,48
352,587,879,Shamela0011468BK1,1368,671,1248,153,32
352,311,450,Shamela0003565,3375,473,651,97,69
353,664,1251,Shamela0011327,167,1217,1559,133,24
353,1135,1273,Sham19Y0037618,1800,330,523,105,70
353,951,1273,Shamela0011444BK2,1351,202,595,177,53
353,1279,1461,Shamela0000963,1599,753,986,121,58
353,1081,1536,Shamela0003565,3485,203,901,168,23
353,1279,1461,Shamela0003565,3486,516,745,121,59
353,751,944,Shamela0003565,3513,609,895,122,50
354,213,1253,Shamela0009059BK1,1212,521,1246,318,34
354,1253,1493,Shamela0009059BK1,1213,753,927,110,58
354,1,213,JK000196,3535,585,776,145,79
354,840,1018,JK000196,3536,690,862,135,95
354,466,704,JK000196,3537,42,372,127,44
354,840,1418,Shamela0000963,1601,747,1443,243,35
354,1279,1442,Shamela0000963,1602,162,286,75,58
354,1,213,Shamela0009059BK2,3536,578,769,145,79
354,840,1018,Shamela0009059BK2,3537,697,865,132,93
354,466,704,Shamela0009059BK2,3538,46,370,127,45
354,9,804,Shamela0003565,3487,360,948,393,57
354,840,1018,Shamela0003565,3488,161,333,135,95
354,1253,1493,Shamela0003565,3489,427,572,102,54
354,222,398,Shamela0021598,3604,737,879,93,61
354,840,1018,Shamela0021598,3604,953,1125,135,95
354,1253,1493,Shamela0021598,3605,1094,1239,102,54
354,434,1025,JK000208,2103,1,632,220,38
355,108,340,JK000196,3542,1244,1493,166,75
355,255,429,Shamela0000963,1604,1,239,135,69
355,108,345,Shamela0009059BK2,3543,1238,1492,170,75
355,121,429,Shamela0003565,3492,440,785,221,73
356,131,810,Shamela0011327,169,1006,1445,243,43
356,977,1162,Shamela0011327,170,55,243,114,72
356,977,1126,Shamela0009059BK1,1220,17,153,108,91
356,154,1118,Shamela0000963,1611,36,549,305,38
356,677,1074,Shamela0003565,3506,435,1032,192,37
356,677,1126,Shamela0008648,678,436,938,206,39
356,16,410,JK000208,2115,1053,1282,104,27
357,1105,1409,Shamela0006140,275,723,957,166,66
359,794,1003,Shamela0009059BK1,1247,40,303,128,54
359,158,653,JK000196,3567,700,1462,352,56
359,158,598,Shamela0009059BK2,3568,757,1461,306,52
359,598,711,Shamela0009059BK2,3569,1,114,88,99
359,158,711,Shamela0003565,3518,21,816,394,60
359,158,363,Shamela0009059BK3,1073,1321,1510,154,92
359,363,559,Shamela0009059BK3,1074,1,202,131,78
359,467,711,Shamela0021598,3633,1,322,172,66
360,855,1121,JK000196,3639,1148,1439,191,77
360,855,1201,Shamela0009059BK2,3640,1053,1454,255,76
360,691,936,Shamela0003565,3614,644,864,156,73
360,924,1205,Shamela0003565,3615,598,875,203,83
360,885,1201,Shamela0021598,3709,286,547,173,60
360,55,688,Shamela0006140,274,1167,1580,305,58
361,388,734,Shamela0011327,172,282,655,168,48
361,701,1218,Shamela0009059BK1,1241,1043,1408,144,26
361,384,691,Shamela0009059BK1,1242,27,205,137,56
361,857,1218,JK007141,865,95,549,192,50
361,377,683,Shamela0003565,3594,1074,1287,100,35
361,44,366,Shamela0003565,3595,236,493,143,45
361,857,1218,Shamela0021843,1694,695,1149,192,50
362,1339,1490,JK001244,225,610,756,116,94
362,1339,1528,Shamela0011444BK2,1401,997,1181,145,94
362,1365,1520,Shamela0021599,2069,796,975,99,70
362,1339,1520,Shamela0012036,440,126,297,117,75
362,1339,1528,Shamela0003565,3640,341,525,145,94
362,1339,1520,Shamela0021598,3726,661,832,117,75
362,1339,1512,JK000208,2216,683,846,111,74
363,14,312,Shamela0011444BK2,1401,1184,1307,94,38
363,8,522,JK000196,3660,717,1124,212,51
363,529,776,JK000196,3661,1169,1416,200,99
363,8,522,Shamela0009059BK2,3661,548,955,212,51
363,529,776,Shamela0009059BK2,3662,982,1229,200,99
363,14,389,Shamela0003565,3640,528,829,215,67
363,97,522,Shamela0003565,3641,406,580,118,35
363,522,776,Shamela0003565,3642,1117,1370,204,98
363,115,270,JK000208,2219,140,702,97,21
364,1107,1471,Shamela0000963,1650,1095,1470,113,26
365,1330,1480,Shamela0011444BK2,1504,748,890,104,88
365,994,1454,Shamela0009059BK1,1349,685,904,174,46
365,1330,1454,Shamela0021599,2127,1066,1190,93,95
365,867,1083,Sham19Y0032197,410,272,655,89,25
365,1212,1449,Shamela0000963,1664,984,1386,161,49
365,1330,1462,Shamela0021848BK1,959,492,633,96,87
365,1176,1424,Kraken220413202953,443,1386,1537,72,30
365,1330,1454,Shamela0011468BK1,1572,1442,1567,92,93
365,890,1083,Shamela0011468BK1,1572,160,423,86,35
365,18,507,Shamela0003565,3774,357,771,142,27
365,988,1480,Shamela0003565,3886,1010,1449,254,53
365,1330,1480,Shamela0021598,3920,147,297,119,100
365,1330,1458,JK000208,2386,1123,1251,100,99
366,543,806,Shamela0011444BK2,1508,439,687,99,38
366,207,375,Shamela0009059BK1,1349,1092,1502,91,26
366,552,862,Shamela0009059BK1,1354,293,473,123,46
366,1315,1538,Shamela0009059BK1,1356,1052,1272,133,63
366,905,1272,Shamela0009059BK1,1356,57,353,191,60
366,102,399,Shamela0011468BK1,1572,1009,1394,124,33
366,1,375,Shamela0003565,3888,208,1268,222,26
366,399,905,Shamela0003565,3898,1112,1461,146,33
366,905,1311,Shamela0003565,3903,345,705,206,55
366,124,255,Shamela0021598,3921,134,275,63,53
366,946,1349,Shamela0021598,3931,1096,1553,108,22
367,9,199,Shamela0009059BK1,1356,1384,1539,97,63
367,726,1155,Shamela0021599,2186,999,1493,279,68
367,239,378,Shamela0003565,3904,85,226,104,90
367,825,986,Shamela0021598,4017,964,1083,84,67
368,44,243,Shamela0009059BK1,1398,955,1163,107,57
368,32,243,Shamela0000963,1689,503,725,90,45
368,145,418,Shamela0000963,1690,8,512,161,37
368,74,418,Shamela0000963,2261,63,472,133,34
368,12,285,Shamela0003565,4010,977,1321,139,47
368,1239,1377,Shamela0003565,4025,1349,1495,64,42
369,1132,1490,Shamela0011327,180,1010,1248,106,31
369,1132,1490,Shamela0000963,1700,394,632,106,31
370,21,391,Shamela0009059BK1,1410,293,512,166,56
370,991,1506,Shamela0009059BK1,1413,121,792,210,30
370,375,593,JK000196,4039,56,389,142,49
370,37,311,JK000196,4043,1122,1318,109,49
370,375,593,Shamela0009059BK2,4040,74,408,142,49
370,37,311,Shamela0009059BK2,4044,1155,1350,109,49
370,375,593,Shamela0003565,4030,791,1129,147,51
370,128,391,Shamela0003565,4036,1,149,112,53
370,850,1322,Shamela0003565,4042,848,1257,185,40
370,311,846,Shamela0021598,4026,352,716,150,28
370,1017,1198,Shamela0021598,4028,56,288,118,63
371,208,748,Shamela0009059BK1,1413,388,1122,245,34
371,521,748,Shamela0003565,4044,808,1103,155,63
371,1248,1414,Shamela0003565,4047,1,567,125,27
371,608,827,Shamela0009059BK3,1207,61,462,129,37
372,86,231,Shamela0011444BK2,1569,1236,1510,102,45
372,7,724,Shamela0009059BK1,1415,324,1402,457,50
372,985,1142,Shamela0009059BK1,1432,194,579,122,38
372,1146,1371,JK000196,4097,323,530,160,90
372,449,709,Shamela0000963,1709,1160,1418,175,79
372,1146,1371,Shamela0009059BK2,4098,556,764,161,90
372,32,428,Shamela0003565,4049,13,835,273,40
372,474,745,Shamela0003565,4050,1217,1497,190,82
372,894,1489,Shamela0003565,4065,773,962,137,28
372,1199,1371,Shamela0003565,4090,1,173,137,100
372,7,324,Shamela0021843,1887,913,1325,143,40
372,1274,1474,Shamela0021598,4044,958,1481,123,27
372,107,329,Sham19Y0132962,687,1,532,129,28
372,488,724,JK000208,2486,751,1311,152,32
372,52,809,Sham19Y0020561,489,856,1394,182,22
373,1260,1582,Shamela0009059BK1,1424,997,1354,207,64
373,696,1019,Shamela0009059BK1,1426,713,1245,180,41
373,10,180,Shamela0003565,4067,85,275,123,73
373,1260,1582,Shamela0003565,4074,864,1221,212,65
373,1349,1582,Shamela0021598,4049,290,565,148,59
374,13,211,Shamela0009059BK1,1424,1359,1535,140,88
374,1,231,Shamela0000963,1719,627,849,162,85
374,13,439,Shamela0021848BK3,1078,281,642,232,63
374,13,338,Shamela0003565,4074,1226,1487,209,80
374,13,338,Shamela0021598,4049,570,831,209,80
375,1057,1551,Shamela0011327,185,551,871,191,48
375,1330,1555,Shamela0009059BK1,1565,1,292,150,58
375,1057,1551,Shamela0000963,1729,220,540,191,48
375,860,1036,Shamela0011468BK1,1844,874,1432,106,23
376,601,1438,Shamela0011327,186,256,1007,230,28
376,737,1011,Shamela0009059BK1,1573,391,877,125,28
376,783,1004,Shamela0011468BK2,990,632,879,118,61
376,737,1004,Shamela0000963,1735,95,457,164,56
376,783,1004,JK007114,965,244,491,118,61
376,91,270,Shamela0003565,4429,788,1382,126,26
376,695,1004,Shamela0003565,4453,141,551,197,60
376,1137,1441,Shamela0021598,4335,55,432,149,45
376,1137,1255,JK000208,2734,1333,1451,92,100
377,974,1363,Shamela0009059BK1,1386,852,1430,202,40
377,148,343,Shamela0000963,1737,1006,1185,144,91
377,106,343,Shamela0003565,4451,499,690,153,80
377,148,343,JK000208,2735,434,572,103,66
378,263,775,Shamela0011444BK2,1545,852,1282,132,28
378,1283,1577,Shamela0012036,532,243,420,116,49
378,862,1003,Shamela0003565,4356,496,681,112,74
378,301,699,Shamela0006140,292,1060,1677,294,58
378,166,293,Shamela0006140,293,638,765,102,100
378,1283,1577,JK000208,2682,678,854,117,50
379,410,833,Shamela0009059BK1,1586,1279,1565,190,55
379,928,1358,Shamela0009059BK1,1587,410,990,199,35
379,372,645,Shamela0000963,1748,1171,1396,109,46
379,1237,1358,Shamela0000963,1750,621,729,84,88
379,496,710,Shamela0009059BK2,4457,316,518,99,52
379,410,673,Shamela0003565,4489,1394,1567,113,53
379,928,1149,Shamela0003565,4491,1209,1392,117,57
379,1210,1358,Shamela0003565,4492,89,231,92,76
379,1039,1358,Shamela0021598,4364,162,353,112,44
379,1237,1358,JK000208,2761,781,896,81,81
380,1220,1377,Shamela0000963,1753,528,689,117,91
380,1414,1585,Shamela0006140,323,132,365,136,72
381,1113,1546,Shamela0009059BK1,1613,42,791,293,45
381,753,1111,Shamela0006140,321,1087,1585,237,55
381,1,267,Shamela0006140,323,365,660,171,68
382,265,520,Shamela0011327,190,694,871,135,65
382,1215,1332,JK001244,294,1409,1536,92,92
382,1215,1332,Shamela0011444BK1,113,1535,1652,92,100
382,272,520,Shamela0009059BK1,1621,958,1510,148,30
382,1357,1523,Shamela0021599,2353,956,1072,92,69
382,1215,1332,Sham19Y0127671,959,411,524,89,96
382,265,520,Shamela0000963,1765,14,191,135,65
382,304,417,Shia000841Vols,6611,449,562,92,100
382,304,520,Shamela0003565,4580,1062,1549,156,38
382,1285,1523,JK000291,460,801,1294,116,27
382,1353,1507,Shamela0021598,4426,475,587,79,63
382,1215,1326,Shamela0006172,228,1234,1355,77,77
382,964,1332,Shamela0006140,325,6,417,278,82
382,980,1206,Sham19Y0014325,3857,1019,1274,148,72
382,1353,1507,JK000208,2804,1190,1302,79,63
382,1215,1339,Sham19Y0020561,572,108,347,92,49
383,720,1118,JK001244,297,456,786,152,40
383,892,1118,Shamela0011444BK2,1832,335,790,112,27
383,709,993,Shamela0011444BK1,115,241,453,117,49
383,1118,1593,Shamela0009059BK1,1628,887,1599,325,55
383,465,1118,Shamela0009059BK1,1636,227,1508,394,36
383,1313,1593,Kraken220314171616,777,265,477,113,44
383,720,1010,Kraken220314171616,779,537,798,125,42
383,1073,1593,Shamela0012036,565,876,1249,180,37
383,1310,1593,Shamela0003565,4598,68,376,225,88
383,465,746,Shamela0003565,4616,883,1500,171,34
383,892,1118,Shamela0003565,4618,350,562,164,90
383,1313,1593,Shamela0021843,2127,481,693,113,44
383,720,1010,Shamela0021843,2132,1219,1480,125,42
383,1414,1593,Shamela0021598,4432,1196,1374,143,97
383,691,989,Sham19Y0020561,577,932,1245,140,49
384,1098,1438,JK001244,296,56,357,185,58
384,275,1091,Shamela0009059BK1,1620,695,1572,260,26
384,1098,1438,Shamela0009059BK1,1627,35,732,175,30
384,39,264,JK000196,4562,624,845,131,67
384,1246,1551,Shia000841Vols,6669,1,710,114,17
384,39,264,Shamela0009059BK2,4564,1163,1384,131,67
384,1165,1507,Kraken220314171616,776,1,310,211,76
384,1149,1438,Shamela0012036,565,103,711,169,33
384,275,1091,Shamela0003565,4578,445,1176,253,28
384,778,962,Shamela0003565,4579,503,746,96,46
384,1220,1551,Shamela0003565,4593,29,815,137,19
384,56,264,Shamela0003565,4599,459,690,151,79
384,1133,1438,JK000291,461,28,466,185,50
384,1220,1507,Shamela0021843,2124,1150,1407,182,78
384,1149,1438,Shamela0021598,4429,382,791,169,49
384,1060,1502,Sham19Y0132962,805,613,1237,189,35
384,1149,1438,JK000208,2807,44,453,169,49
384,36,264,JK000208,2810,621,888,166,74
385,1177,1544,Shamela0006136,407,500,1148,178,29
385,488,928,Shamela0003565,4462,165,487,168,44
385,1,385,Shamela0003565,4594,85,588,202,45
385,469,721,Shamela0009242,2446,850,1217,113,33
385,70,385,Shamela0021598,4430,860,1130,204,79
385,952,1177,Shamela0008648,316,125,418,166,65
385,70,389,JK000208,2808,267,824,212,44
386,945,1126,Shamela0003565,4207,1334,1508,94,54
386,1350,1541,Shamela0003565,4217,666,1191,124,29
386,629,755,ShamAY0034251BK3,1333,743,896,92,72
387,112,572,Shamela0011327,194,1138,1492,103,21
387,787,1152,Shamela0009059BK1,1489,825,1096,185,64
387,285,621,Shamela0021599,2240,38,387,144,39
387,919,1270,JK000196,4223,336,930,161,31
387,10,112,Shamela0003565,4218,1331,1433,77,97
387,230,467,Shamela0003565,4222,1201,1532,175,66
387,787,1299,Shamela0003565,4225,665,1486,313,42
387,843,1299,Shamela0009059BK3,1265,695,1380,179,27
387,230,398,Shamela0021598,4158,1200,1467,121,56
387,867,1270,Shamela0021598,4159,1,328,159,43
387,230,398,JK000208,2589,568,825,118,52
387,849,1156,JK000208,2590,731,996,147,55
389,726,881,Sham19Y0013577,2526,324,469,85,68
389,1222,1444,Shamela0009059BK1,1515,368,604,164,84
389,109,385,Shamela0001717,2490,466,1067,172,34
389,1222,1444,Shamela0021599,2257,342,578,166,85
389,99,398,Shamela0000963,1815,758,1072,130,38
389,732,888,Shia000089Vols,4193,800,1296,86,22
389,1222,1444,Shamela0003565,4293,511,747,169,88
389,1396,1529,Shamela0009059BK3,1285,168,577,73,21
389,917,1036,Shamela0021719,340,1,128,77,74
389,1222,1444,Shamela0021598,4209,1081,1318,166,84
389,726,1040,Shamela0006140,309,186,620,236,67
389,200,385,Sham19Y0149697,7513,365,862,117,30
390,674,962,Shamela0011444BK2,1909,875,1059,96,34
390,142,305,Shamela0009059BK1,1514,1,334,96,35
390,1046,1237,Shamela0000963,1829,1180,1521,143,50
390,630,962,Shamela0012036,585,326,552,143,52
390,17,305,Shamela0003565,4290,1031,1504,172,42
390,394,572,Shamela0003565,4774,404,678,88,39
390,630,962,Shamela0021598,4531,717,943,143,52
390,712,962,JK000208,2891,820,969,93,46
391,1163,1380,Shamela0011444BK2,1913,1032,1221,122,65
391,252,531,Shamela0009059BK1,1714,1310,1563,164,64
391,252,572,Shamela0021599,2445,212,529,212,72
391,1,215,Shamela0000963,1828,95,309,164,97
391,252,525,Shamela0003565,4774,1033,1274,184,76
391,1091,1567,Shamela0003565,4780,202,469,130,29
391,1163,1365,JK000291,482,750,917,111,65
391,1167,1380,ShamAY0034251BK3,1604,684,870,107,52
392,1037,1198,Sham19Y0123608,765,310,476,126,96
392,1033,1198,Shamela0011444BK2,1916,1244,1440,130,84
392,576,702,Shamela0011444BK2,1917,1374,1490,82,82
392,1315,1477,Shamela0005922,2099,716,885,105,76
392,46,363,Shamela0009059BK1,1717,765,1522,218,36
392,797,1397,Shamela0009059BK1,1721,333,830,191,33
392,1033,1198,Shamela0021599,2445,1239,1431,130,85
392,506,948,Shamela0021599,2449,811,1484,203,34
392,193,447,Shamela0021599,2460,1132,1462,140,52
392,39,253,Sham19Y0032197,483,614,778,96,54
392,1033,1221,JK000196,4767,1004,1223,129,74
392,200,461,Sham19Y0018272,1503,1075,1352,125,53
392,173,443,Sham19Y0017885,1253,204,675,133,37
392,1088,1340,Shamela0000963,1843,1145,1328,122,63
392,60,250,Shia000089Vols,4472,366,499,75,44
392,1033,1221,Shamela0009059BK2,4770,220,439,129,74
392,1041,1340,Shamela0011468BK1,2018,700,955,201,84
392,53,461,Shamela0012036,586,125,433,174,56
392,46,461,Shamela0003565,4782,636,1446,296,45
392,797,1340,Shamela0003565,4790,766,1237,187,32
392,1033,1198,JK000291,479,1062,1254,130,85
392,179,414,Shamela0021598,4541,1353,1517,118,65
392,342,820,Shamela0021598,4543,215,470,63,12
392,60,253,ShamAY0034251BK3,1603,818,1227,91,26
392,46,243,Shamela0001685,468,9,239,54,25
392,1353,1502,Shamela0006140,337,1351,1502,114,95
392,57,461,JK000208,2897,1108,1395,176,57
392,1041,1340,Sham19Y0013783,1787,1239,1379,97,40
392,179,397,Sham19Y0020561,607,932,1154,116,57
393,673,858,Shamela0009059BK1,1727,1215,1487,146,65
393,1253,1392,Shamela0000963,1854,688,967,96,42
393,1269,1487,Shia000841Vols,6939,1164,1387,134,74
393,883,1337,Shamela0003565,4788,1073,1346,152,37
393,1347,1487,Shamela0003565,4789,10,150,112,100
393,673,858,Shamela0021598,3671,838,1053,102,47
393,1278,1487,Shamela0021598,4540,934,1118,123,74
393,1278,1439,JK000208,2896,1297,1435,82,65
394,251,679,JK001244,309,1098,1321,137,39
394,251,652,Shamela0011444BK1,120,756,883,89,28
394,260,432,Shamela0009059BK1,1729,582,856,111,48
394,480,821,Shamela0009059BK1,1730,58,389,239,80
394,260,821,Shia000841Vols,6953,81,797,379,64
394,1322,1499,Shamela0003565,4683,1076,1201,58,41
394,260,432,Shamela0003565,4810,1141,1419,130,58
394,480,821,Shamela0003565,4811,22,390,250,79
394,1289,1499,Shamela0021598,4484,667,1075,78,24
394,239,673,Sham19Y0020561,613,1021,1267,115,28
395,102,379,Shamela0009059BK1,1665,154,424,116,40
395,162,552,Shamela0003565,4689,629,867,138,42
395,1,375,JK000208,2856,60,544,130,30
396,5,202,Shamela0009059BK1,1676,288,535,157,76
396,1086,1482,Shamela0009059BK1,1680,179,530,259,82
396,5,682,Shamela0000963,1874,475,1321,354,45
396,1275,1441,Shamela0000963,1878,1233,1508,129,57
396,771,1128,Shamela0000963,1878,113,373,146,48
396,1303,1441,Shamela0021848BK1,1187,1,179,106,74
396,713,960,Shia000841Vols,6896,762,1026,108,46
396,5,252,Shamela0003565,4708,176,455,84,30
396,705,1032,Shamela0003565,4710,540,825,175,62
396,1086,1247,Shamela0003565,4714,426,567,109,84
397,1382,1509,Shamela0009059BK1,1668,653,804,89,76
397,1382,1522,Shamela0021599,2411,822,969,91,76
397,1162,1362,JK000196,4657,1048,1248,136,75
397,1,178,JK000196,4680,872,1049,141,100
397,1162,1362,Shamela0009059BK2,4660,208,407,135,74
397,1,178,Shamela0009059BK2,4683,70,247,141,100
397,1382,1522,Shamela0003565,4692,186,340,97,78
397,1382,1522,Shamela0021598,4491,926,1084,97,76
398,520,673,Shamela0009059BK1,1676,591,1045,68,18
398,780,1163,Shamela0009059BK1,1677,220,577,147,37
398,1,115,Shamela0021599,2411,1042,1150,85,94
398,1,115,Shamela0003565,4692,411,518,83,92
398,166,408,Shamela0003565,4702,402,785,81,19
398,501,780,Shamela0003565,4708,646,1202,115,21
398,1,115,Shamela0021598,4491,1157,1261,82,91
399,594,847,Shamela0011327,206,905,1300,148,45
399,631,810,Shamela0009059BK1,1681,88,331,112,57
399,1031,1216,JK000196,4683,1,195,148,92
399,631,847,Shamela0000963,1895,452,809,129,43
399,935,1216,Shamela0000963,1897,46,335,223,94
399,935,1216,Shamela0009059BK2,4685,569,856,221,93
399,719,929,Shamela0003565,4716,1,264,161,76
399,935,1110,Shamela0003565,4716,1316,1499,136,91
399,1223,1453,Shamela0003565,4739,726,1025,114,37
399,719,929,Shamela0021598,4505,1083,1276,134,74
399,1371,1522,Shamela0021598,4515,1100,1253,103,77
399,810,929,Shamela0008648,349,1151,1285,93,88
399,719,929,JK000208,2872,354,547,134,74
400,818,1272,Shia000841Vols,6908,1105,1339,136,35
400,1200,1426,Shamela0012036,583,885,1115,105,48
400,42,642,Shamela0012036,583,1,406,175,30
400,366,704,Shamela0003565,4744,1252,1477,132,44
400,890,1165,Shamela0003565,4747,112,385,156,66
400,1,146,Shamela0021598,4515,1265,1390,102,86
400,1,642,JK000208,2880,133,576,202,32
401,721,1299,Shamela0011444BK2,1901,720,1556,344,49
401,1324,1525,Shamela0021599,2433,1207,1406,144,86
401,996,1320,Shamela0021599,2433,80,368,200,75
401,22,315,JK000196,4725,1093,1387,238,99
401,1066,1320,Shamela0000963,1921,553,712,116,57
401,22,315,Shamela0009059BK2,4728,308,602,238,99
401,22,315,Shamela0003565,4752,829,1122,238,100
401,714,1287,Shamela0003565,4755,632,1502,378,50
401,1324,1525,Shamela0003565,4757,825,1035,158,94
401,1101,1314,Shamela0021598,4518,1,203,142,81
401,1324,1525,Shamela0021598,4519,167,377,153,91
401,496,979,Shamela0021598,4524,76,612,261,57
402,395,1253,Shamela0011327,212,1,800,289,30
402,162,489,Shamela0009059BK1,1705,221,945,247,41
402,573,797,Shamela0009059BK1,1706,36,281,142,66
402,923,1079,Shamela0009059BK1,1707,1318,1549,124,63
402,148,301,Shamela0000963,1911,897,1065,110,81
402,162,343,Shia000841Vols,6925,1266,1447,143,96
402,346,735,Shia000841Vols,6926,1,621,183,34
402,988,1173,Shia000841Vols,6927,26,545,132,30
402,224,489,Shamela0003565,4757,1,419,184,53
402,497,797,Shamela0003565,4760,915,1159,135,52
402,586,850,Shamela0003565,4761,1086,1405,164,61
402,994,1142,Shamela0003565,4762,974,1219,116,57
402,1009,1253,Shamela0021598,4527,1053,1465,131,39
402,497,797,JK000208,2887,83,562,138,36
403,993,1388,Shamela0011444BK2,1601,503,825,127,35
403,1179,1390,Shamela0011468BK1,1690,121,511,94,31
403,993,1388,Shamela0003565,4123,282,487,129,39
404,13,283,Shamela0011327,213,752,1023,96,38
404,1085,1431,Shamela0011327,214,604,895,147,49
404,1159,1282,Shamela0011444BK2,1607,1018,1175,96,75
404,1085,1206,Shamela0009059BK1,1452,1256,1440,90,63
404,761,1020,JK000196,4134,611,1007,156,48
404,13,283,Shamela0000963,1948,204,523,79,23
404,1239,1431,Shamela0000963,1955,1,332,107,35
404,818,1020,Shamela0003565,4132,26,315,127,54
404,1085,1282,Shamela0003565,4135,1022,1306,153,67
405,1,229,Shamela0006136,401,292,534,143,70
405,603,1081,JK001244,260,538,920,159,39
405,12,236,Shamela0011444BK2,1595,819,1052,110,60
405,603,1059,Shamela0011444BK1,98,712,997,145,41
405,19,195,Shamela0009059BK1,1441,362,578,90,53
405,329,673,Shamela0009059BK1,1453,978,1182,138,50
405,987,1153,Shamela0009059BK1,1455,988,1254,114,52
405,45,236,Shamela0021599,2220,8,193,91,61
405,1,236,Sham19Y0032197,432,1174,1432,148,70
405,392,1086,Sham19Y0032197,439,664,1450,211,29
405,23,476,Shamela0000963,1959,23,378,179,49
405,19,236,Kraken220314171616,705,621,846,135,73
405,19,236,Shamela0003565,4109,182,405,146,79
405,329,673,Shamela0003565,4141,993,1241,166,60
405,987,1153,Shamela0003565,4146,786,1082,113,48
405,19,236,JK000291,430,887,1100,107,63
405,19,236,Shamela0021843,1915,792,1017,135,73
405,987,1153,Shamela0021598,4099,533,828,112,48
405,329,498,JK000208,2540,1021,1199,113,73
406,1194,1395,Shamela0011444BK2,1630,46,392,116,41
406,876,1189,Shamela0021598,4118,1178,1460,136,51
406,876,1189,JK000208,2558,576,858,136,51
407,5,277,Shamela0009059BK1,1470,1276,1478,147,67
407,5,260,Shamela0011468BK1,1726,293,545,160,72
408,1146,1316,Sham19Y0035453,184,621,806,127,86
408,426,870,Shamela0011444BK2,2055,379,853,182,38
408,1349,1536,Shamela0011444BK2,2056,1,197,64,26
408,252,506,Shamela0009059BK1,1826,273,581,125,42
408,1117,1304,ShamAY0032799,1,637,827,121,74
408,1117,1316,Shamela0021629,454,76,280,140,84
408,658,870,Shamela0021599,2589,760,961,129,72
408,234,750,Sham19Y0032197,509,583,837,137,31
408,1127,1316,Shia000047,108,435,633,123,77
408,658,870,Shamela0000963,1968,976,1273,127,49
408,1087,1316,Shamela0000963,1971,1250,1479,184,100
408,426,870,Shamela0011468BK1,2116,886,1335,166,34
408,432,809,Sham19Y0013223,2857,749,936,122,39
408,226,870,JK000291,516,159,699,234,41
408,1127,1316,Shamela0006789,9,110,313,139,81
408,1127,1316,Shia001237Vols,3414,1077,1259,121,78
408,1117,1316,JK000785,2122,731,932,143,85
408,1146,1316,Masaha001028,97,218,393,110,77
408,1146,1316,Masaha001028,172,76,251,110,77
408,1087,1316,Shamela0021598,4738,1108,1329,169,92
408,358,750,Sham19Y0132962,931,133,310,109,33
408,1150,1316,Shamela0000767,3299,669,848,127,88
408,768,1316,Sham19Y0013783,1953,428,789,242,53
409,1301,1546,Shamela0011468BK1,2118,1097,1416,162,60
409,684,1328,Shamela0012036,632,151,708,302,50
409,1294,1546,Shamela0003565,4995,1117,1518,182,52
409,1055,1276,JK000291,521,1321,1525,162,88
409,684,1191,Shamela0021598,4741,7,465,235,48
409,1320,1546,Shamela0021598,4745,20,407,160,49
409,989,1328,JK000208,3028,273,580,214,72
410,594,1468,Shamela0011327,217,766,1314,216,25
410,21,223,Shamela0009059BK1,1828,200,376,115,67
410,305,940,Shamela0009059BK1,1835,680,1320,263,37
410,575,940,Shamela0000963,1981,631,979,186,56
410,678,1441,Shamela0012036,633,120,590,198,28
410,937,1319,Shamela0012036,634,406,1021,222,43
410,724,940,Shamela0003565,5009,1053,1254,148,82
410,969,1302,Shamela0021598,4752,288,769,184,44
410,678,1441,JK000304,77,496,966,198,28
410,948,1319,JK000208,3036,244,847,216,42
411,1,354,Shamela0011327,218,225,558,170,50
411,775,1505,Shamela0011327,218,942,1394,184,28
411,38,530,Shamela0009059BK1,1854,5,737,261,39
411,266,1300,Shamela0021599,2619,671,978,168,20
411,249,447,JK000196,5043,1138,1348,84,51
411,510,753,JK000196,5044,25,408,92,22
411,227,559,Shamela0000963,1987,965,1367,182,54
411,824,1306,Shamela0000963,1990,695,1407,220,34
411,249,559,Shamela0009059BK2,5045,765,1156,137,46
411,288,1300,Shamela0012036,635,1085,1385,184,22
411,151,660,Shamela0003565,5040,674,1283,246,41
411,477,753,Shamela0003565,5041,800,1011,115,50
411,753,1111,Shamela0021598,4758,9,440,137,36
411,288,1300,JK000208,3040,1042,1342,184,22
412,135,618,Shamela0009059BK1,1842,228,796,260,46
412,1089,1450,Shamela0009059BK1,1843,844,1426,218,43
412,648,1070,Shamela0012036,636,1348,1535,105,31
412,135,618,Shamela0003565,5019,225,739,244,47
412,1086,1359,Shamela0003565,5021,582,790,157,75
412,648,1134,Shamela0021598,4763,979,1247,151,37
412,180,458,Shamela0021598,4764,349,705,120,39
412,1104,1450,Shamela0021598,4767,88,378,98,34
412,130,1086,JK000208,3044,1007,1497,242,31
413,874,1116,Shamela0009059BK1,1892,1097,1464,169,54
413,730,832,Shamela0021599,2622,940,1042,80,100
413,330,713,JK000196,5032,135,873,272,47
413,699,832,JK000196,5112,885,1019,104,97
413,699,832,Shamela0000963,2010,500,633,103,97
413,874,1116,Shamela0000963,2011,455,967,140,33
413,177,488,Shamela0009059BK2,5033,950,1378,180,50
413,492,713,Shamela0009059BK2,5034,211,479,148,71
413,699,832,Shamela0009059BK2,5114,842,976,104,97
413,825,1174,Shamela0012036,647,212,488,131,42
413,1,139,Shamela0003565,5022,1346,1468,92,81
413,874,1116,Shamela0003565,5098,1081,1344,169,73
413,699,832,Shamela0003565,5099,1028,1163,105,98
413,825,1174,Shamela0021598,4812,974,1250,131,42
413,699,832,Shamela0021598,4814,56,191,104,97
413,825,1174,JK000208,3078,1085,1361,131,42
413,730,832,JK000208,3079,1063,1165,80,100
414,595,834,ShamAY0034640,22,1102,1300,153,78
414,588,843,ShamAY0033760,80,445,664,170,82
414,624,794,Zaydiyya0000070,80,1283,1429,94,65
414,588,790,Shamela0011789,38,1212,1391,127,75
414,592,790,Shamela0000963,965,85,245,126,80
414,628,850,JK006884,51,1069,1323,123,50
414,601,794,JK001227,276,496,651,106,67
414,601,834,Sham19Y0013223,2878,547,734,151,80
414,601,834,Sham19Y0038171,2444,158,360,155,82
414,628,794,Shia002265Vols,5180,749,879,86,64
414,628,834,ShamAY0032826,824,1137,1349,105,48
414,588,834,Kraken220208041043,20,1295,1520,158,73
414,628,834,JK001297,412,827,1049,110,50
414,588,882,ShamAY0034294,5,768,1018,177,73
414,601,834,ShamAY0034331,22,1212,1396,140,72
414,601,834,ShamAY0035035,9693,184,749,154,31
414,592,794,Sham19Y0013783,708,1046,1297,114,48
415,28,139,Shamela0021589,1798,728,838,88,98
415,571,924,Sham19Y0123665,582,91,406,247,84
415,5,139,Tafsir06049,887,844,973,103,95
415,563,919,Sham19Y0014404,1682,1220,1586,252,78
415,636,943,Shamela0038011,250,1143,1437,235,92
415,616,943,Masaha001946Vols,1325,591,911,245,88
415,563,943,Shamela0022642,910,861,1269,276,80
415,219,611,Sham19Y0013223,1526,430,813,213,54
415,5,139,Sham19Y0038171,850,373,502,103,95
415,641,943,Shamela0038740,837,640,931,231,91
415,641,943,ShamAY0033730,1,521,812,226,89
415,641,943,JK001336,835,794,1042,186,73
415,641,949,Shamela0010283,1153,745,1039,229,86
415,616,943,Shamela0023645,253,1144,1458,248,91
415,650,943,JK007094,521,1,292,231,94
415,665,943,Sham19Y0023625,1647,476,1124,194,35
415,611,943,Shia002616Vols,725,1300,1578,213,76
415,571,943,Shamela0001391,229,1178,1580,257,75
416,1095,1352,Shamela0011444BK2,2001,1348,1513,120,59
416,1216,1413,Shamela0021599,2575,340,524,127,70
416,1028,1344,Shamela0000963,2035,1289,1598,195,65
416,1069,1482,Shamela0021848BK1,1238,717,1062,193,55
416,984,1482,Shamela0011468BK1,2068,808,1228,197,46
416,984,1413,Shamela0012036,610,811,1235,247,61
416,771,978,Shamela0003565,4944,1044,1472,151,43
416,1086,1407,Shamela0021843,2272,1292,1475,123,47
416,1028,1413,Shamela0021598,4659,34,427,238,65
416,23,468,JK000304,73,349,717,201,50
416,1086,1392,JK000208,2982,54,304,193,76
417,94,300,Shamela0006136,458,649,929,122,52
417,17,240,Shamela0011444BK2,2010,490,785,118,51
417,94,362,Shamela0009059BK1,1794,531,796,158,67
417,11,255,Shamela0021599,2587,956,1188,89,44
417,94,300,Sham19Y0032197,506,575,852,125,53
417,1228,1447,Shamela0021848BK1,1235,1231,1459,126,63
417,94,362,Shamela0003565,4954,273,566,187,79
417,1326,1447,Shamela0021843,2270,410,548,79,68
417,1235,1447,Shamela0021598,4656,571,774,108,51
417,115,362,Shamela0021598,4673,5,257,172,84
417,94,355,Sham19Y0132962,901,652,996,147,51
418,244,810,Shamela0011327,223,210,441,99,23
418,281,673,Shamela0011444BK2,2001,151,704,181,39
418,489,667,Sham19Y0017885,1300,1321,1472,95,67
418,346,650,Shamela0012018,37,502,745,116,41
418,489,810,Shamela0000963,2040,145,381,102,34
418,352,946,Shamela0021848BK1,1239,379,1068,239,35
418,34,673,Shamela0011468BK1,2068,25,785,234,30
418,281,1002,Shamela0012036,610,282,1486,341,32
418,374,667,Shamela0021644,1928,1,329,119,43
418,470,897,Shamela0021607,2595,275,564,142,41
418,34,596,Shamela0021677,2198,100,780,202,29
418,34,673,Shamela0021843,2270,296,1034,181,23
418,34,253,Shamela0021598,4656,292,478,118,65
418,60,754,Shamela0021598,4658,816,1488,244,34
418,346,901,Shia000394Vols,1135,558,901,145,26
418,346,650,Sham19Y0132962,894,114,555,127,32
418,346,667,Shamela0021614,4813,235,866,128,21
418,346,650,Sham19Y0150676,1787,656,1032,127,38
418,281,754,JK000208,2981,844,1381,198,38
419,224,418,Shamela0006136,452,377,563,129,82
419,253,542,Shia000163VolsBK2,3798,1,386,180,55
419,201,425,Sham19Y0032197,498,1031,1256,145,73
419,201,375,Shamela0021848BK1,1239,1373,1527,123,88
419,433,698,Shamela0012036,611,973,1268,195,84
419,186,567,Shamela0021843,2273,241,612,209,65
419,175,491,Shamela0021598,4659,730,1155,214,60
419,491,698,Shamela0021598,4661,808,1034,155,84
419,175,668,JK000208,2983,552,1174,295,56
420,810,1126,Shia003952Vols,386,109,337,169,67
420,226,641,Shamela0012036,612,177,458,136,43
420,226,641,JK000208,2985,401,687,145,44
421,1,279,Shamela0009059BK1,1795,479,739,173,71
421,1,226,Shamela0021598,4677,817,1025,128,62
422,106,850,Shamela0011327,224,126,869,311,39
422,101,481,Shamela0000963,2047,1105,1350,159,53
422,228,721,Shamela0012036,612,1146,1446,179,45
422,111,235,Shamela0012036,613,1156,1288,94,90
422,1188,1466,Shamela0021677,2216,6,225,162,70
422,413,807,Shamela0021598,4664,727,1032,202,64
422,426,807,JK000208,2986,1,293,191,63
422,111,235,JK000208,2987,292,424,94,90
423,152,893,Shamela0011327,224,483,1408,375,44
423,208,648,Shamela0000963,2050,1,456,270,64
423,161,561,Kraken220314171616,829,649,1217,191,37
423,161,483,Shamela0012036,611,760,973,47,12
423,454,579,Shamela0012036,613,1058,1180,90,91
423,176,448,Shamela0012036,613,7,343,202,72
423,567,1037,Shamela0012036,614,392,1124,265,37
423,161,561,Shamela0021843,2276,23,584,218,46
423,158,448,Shamela0021598,4664,834,1289,208,55
423,441,579,Shamela0021598,4665,66,202,96,88
423,567,743,Shamela0021598,4667,1188,1424,138,71
423,743,887,Shamela0021598,4668,1,292,62,28
423,161,921,JK000304,74,9,422,129,18
423,158,448,JK000208,2986,95,550,208,55
423,567,794,JK000208,2987,907,1195,176,76
423,441,579,JK000208,2987,180,316,96,88
424,574,741,Shamela0012018,217,1325,1587,105,49
424,539,698,Shamela0021848BK1,1240,1005,1212,109,66
424,598,703,Shamela0003565,4958,405,697,50,23
425,1198,1398,Shamela0011327,224,1035,1216,88,50
426,814,1239,Shamela0006136,456,8,425,262,74
426,282,486,Shamela0011444BK2,2022,794,1056,145,65
426,818,1212,Shamela0011444BK2,2023,362,792,270,75
426,888,1212,JK007141,1190,718,1059,202,68
426,814,1239,Sham19Y0032197,503,52,470,262,74
426,974,1212,JK000196,4945,1,240,186,94
426,831,1239,Shamela0021848BK1,1245,406,814,257,71
426,881,1186,Shamela0009059BK2,4946,1219,1518,224,88
426,282,486,Shamela0011468BK1,2082,719,1060,132,47
426,881,1196,Shamela0011468BK1,2083,1210,1518,240,94
426,307,486,Shamela0012036,619,685,864,134,90
426,888,1212,Shamela0021843,2292,1063,1404,202,68
426,881,1233,Shamela0021598,4689,828,1205,263,85
426,282,486,JK000208,2998,630,831,150,89
426,873,1114,JK000208,3001,553,849,184,76
427,256,502,Shamela0021843,2293,765,978,156,78
427,256,405,Shamela0021598,4691,1427,1567,105,88
427,405,1071,Shamela0021598,4692,1,558,188,29
427,187,460,Sham19Y0014325,4442,484,779,142,58
427,256,502,JK000208,3002,194,418,160,77
427,256,502,JK007142,481,536,749,156,78
427,76,460,Sham19Y0020561,654,7,537,187,39
428,934,1232,Shamela0011444BK2,2021,590,872,194,79
428,940,1212,Shamela0009059BK1,1801,388,607,162,73
428,872,1208,Shamela0021599,2565,178,484,164,58
428,1,194,Shamela0000963,2054,1002,1243,118,56
428,1248,1512,Shamela0000963,2056,326,724,144,43
428,831,1232,Shamela0012036,618,1086,1454,246,73
428,837,1208,Shamela0003565,4963,294,965,227,38
428,831,1232,Shamela0021598,4682,1009,1373,242,72
428,869,1232,JK000208,2997,5,341,238,80
429,1053,1432,JK000291,499,315,650,185,49
430,1152,1362,ShamIbadiyya0000109,7019,512,753,140,66
430,79,362,Shamela0021598,4719,407,710,141,49
431,779,1381,Shamela0011327,226,221,825,169,25
431,938,1464,Sham19Y0013577,3140,24,390,97,18
431,779,1248,Sham19Y0018607,4147,920,1223,97,23
431,779,1479,Shamela0021597,1909,254,825,199,30
431,712,1375,Shamela0000963,2066,740,1240,182,31
431,783,1479,Shamela0021611,2325,1,425,146,25
431,558,1479,Shamela0009851,3403,638,1362,195,21
431,910,1479,ShamAY0034251BK3,1705,10,508,90,14
431,558,1278,Shamela0008534,67,425,742,154,27
431,787,1479,Sham19Y0014594,1054,1,421,149,26
432,708,971,Shamela0011444BK2,2047,1120,1408,130,48
432,102,262,Sham19Y0013577,3140,744,907,74,44
432,77,262,JK007141,1198,1172,1371,73,35
432,671,1279,Shamela0021848BK1,1270,127,653,322,63
432,123,262,Sham19Y0014580,1951,362,492,80,75
432,979,1265,Kraken220314171616,844,1122,1414,175,68
432,372,671,Shamela0011468BK1,2109,1295,1558,165,59
432,759,979,Shamela0012036,628,732,946,160,86
432,77,262,Shamela0021843,2306,722,921,73,35
432,979,1265,Shamela0021843,2310,296,588,175,68
432,759,979,Shamela0021598,4728,285,498,160,86
432,123,262,ShamAY0034251BK3,1705,639,766,74,63
432,123,262,Sham19Y0150676,1801,1173,1312,80,65
432,759,979,JK000208,3020,22,235,160,86
434,972,1688,Shamela0011327,226,825,1322,266,41
434,1576,1688,Shamela0011444BK2,2035,1217,1334,68,69
434,294,420,Shamela0009059BK1,1823,977,1105,103,98
434,294,420,Shamela0003565,4988,368,496,103,98
434,710,864,Shamela0021843,2307,218,375,125,95
434,710,972,Shamela0021598,4726,43,349,214,84
434,710,972,JK000208,3017,778,1079,214,86
434,710,972,JK007142,483,469,724,198,90
435,1,146,Shamela0011327,226,1322,1442,80,67
435,1,146,Shamela0011444BK2,2035,1334,1454,81,68
435,1,146,JK007141,1195,862,972,85,72
435,1,146,Shamela0021599,2570,535,645,85,72
435,1,146,JK000196,4965,416,536,81,68
435,1,146,Shamela0012018,107,1235,1346,89,75
435,1,146,Shamela0000963,2071,126,246,80,67
435,263,932,Shamela0021848BK1,1278,36,632,267,40
435,1,146,Shamela0009059BK2,4967,64,184,81,68
435,1,146,Shamela0012036,624,343,463,81,68
435,1,146,Shamela0021843,2301,407,517,85,72
435,1,146,Shamela0021598,4711,674,794,81,68
435,1,146,JK000208,3010,704,824,81,68
436,1456,1580,Shamela0021599,2512,1442,1566,102,100
436,1411,1584,Shamela0000963,2074,689,870,132,89
436,757,1386,Shamela0012036,651,124,1055,289,38
436,1416,1584,Shamela0021719,437,1361,1555,129,80
436,757,1118,Shamela0021598,4831,1024,1421,189,57
436,1407,1584,Shamela0021598,4839,482,656,132,88
436,838,1118,JK000208,3091,1167,1451,126,53
436,1424,1584,JK000208,3095,1161,1309,115,88
436,1407,1584,Sham19Y0013783,2048,308,496,124,80
437,17,1233,Shamela0035120,76,837,1421,282,28
438,996,1452,Shamela0021598,4953,386,893,157,32
438,1211,1336,Shamela0006140,385,787,1073,87,36
438,453,804,JK000208,3170,994,1397,128,30
439,292,559,ShamAY0033999,11,876,1109,186,87
439,581,1161,Shamela0011444BK2,2257,109,716,396,76
439,671,956,Sham19Y0013577,3622,1101,1555,201,54
439,956,1130,Sham19Y0013577,3623,1,295,128,52
439,617,1130,Shamela0021599,2749,13,627,379,75
439,292,1130,JK000196,5350,639,1356,522,75
439,1258,1454,JK000196,5353,634,859,108,57
439,738,1123,Shamela0000963,2122,1,345,223,72
439,292,1123,Shamela0000963,2127,106,883,464,58
439,1,183,Shamela0006610,751,699,865,79,56
439,854,1130,Shamela0021848BK1,1401,53,326,214,98
439,1141,1494,Kraken220413030905,352,873,1347,95,17
439,292,1130,Shamela0009059BK2,5352,51,807,542,76
439,1258,1454,Shamela0009059BK2,5355,151,376,108,57
439,581,1147,Shamela0011468BK1,2280,224,822,405,82
439,292,1130,Shamela0003565,5320,74,841,552,76
439,1258,1454,Shamela0003565,5324,504,682,117,72
439,292,972,Shamela0021598,4986,849,1467,432,72
439,972,1130,Shamela0021598,4987,1,150,116,92
439,854,980,Sham19Y0023625,2155,1425,1551,99,100
439,292,763,JK000208,3198,381,730,276,73
439,854,1224,ShamAY0035035,3770,510,828,195,66
439,900,1224,Sham19Y0013783,2175,1,323,225,84
440,890,1297,Shamela0009059BK1,2003,372,976,158,27
440,68,416,Shamela0009059BK1,2031,176,661,250,61
440,1,384,Shamela0000963,2142,23,470,275,74
440,1305,1501,Shamela0003565,5277,1423,1594,136,86
440,1100,1542,Shamela0003565,5278,479,1079,135,25
440,68,432,Shamela0003565,5323,870,1386,277,65
440,1,384,Shamela0021598,4989,562,955,281,85
440,1,297,Sham19Y0013783,2176,1147,1499,131,35
441,84,1168,Shamela0011327,232,633,1478,327,30
441,1277,1520,Shamela0011444BK2,2262,469,710,107,48
441,544,893,Shamela0009059BK1,2034,479,1221,178,27
441,166,319,Shamela0000963,2143,223,403,113,73
441,1034,1183,Shamela0000963,2146,560,918,72,23
441,181,544,Shamela0003565,5326,722,1185,151,35
441,544,898,Shamela0003565,5329,575,930,183,53
441,1277,1520,Shamela0003565,5331,24,258,107,49
442,549,905,Shamela0011444BK2,2265,127,299,70,25
442,465,905,Shamela0009059BK1,2036,1144,1483,172,42
442,379,693,Sham19Y0127671,1183,1183,1417,143,56
442,465,832,Shamela0003565,5335,77,829,153,24
443,415,731,Shamela0021843,2514,56,381,142,41
443,26,300,Shamela0021598,4992,1150,1450,127,41
443,26,284,JK000208,3200,515,793,114,37
444,900,1125,Shamela0006136,475,845,1083,168,83
444,937,1125,Shamela0011444BK2,2330,1,189,147,96
444,908,1125,Sham19Y0013577,3713,55,308,160,75
444,22,373,Shamela0021599,2726,436,801,263,86
444,916,1109,Shamela0021599,2758,977,1170,145,93
444,1137,1303,Shamela0021599,2760,1159,1353,131,82
444,916,1125,Sham19Y0032197,531,12,219,148,83
444,916,1378,Shamela0000963,2164,390,929,269,54
444,908,1387,Shamela0011468BK1,2336,1133,1472,217,50
444,890,1374,Shamela0003565,5447,596,902,234,58
444,916,1074,JK000291,546,1500,1658,126,97
444,890,1469,Shamela0021598,5105,190,598,264,53
444,98,267,ShamAY0034251BK3,1972,125,286,87,53
444,908,1074,ShamAY0034251BK3,2014,1404,1588,118,73
444,916,1125,Sham19Y0014325,4518,977,1189,150,83
444,916,1457,Sham19Y0013783,2245,551,915,226,49
445,139,379,Shamela0011327,235,7,229,129,56
445,133,264,Shamela0011444BK2,2333,138,278,64,48
445,123,460,Shamela0009059BK1,2101,1061,1517,172,41
445,460,697,Shamela0009059BK1,2102,1,227,132,61
445,269,769,Shamela0021599,2765,923,1428,390,94
445,179,623,Kraken220314171616,921,1012,1414,169,37
445,133,778,Shamela0012036,701,25,728,495,86
445,123,697,Shamela0003565,5451,593,1152,213,34
445,340,623,Shamela0003565,5452,948,1195,171,72
445,365,623,Shamela0021843,2543,14,232,156,74
445,133,350,Shamela0021598,5108,1314,1525,112,49
445,290,561,Shamela0021598,5109,1,272,218,100
445,561,778,Shamela0021598,5111,708,917,161,92
445,133,350,JK000208,3271,84,295,112,49
445,285,548,JK000208,3272,1190,1453,211,99
445,548,778,JK000208,3274,1232,1455,172,93
446,633,837,Shamela0021599,2770,1400,1582,146,87
446,846,1167,Shamela0021599,2771,20,378,175,54
446,1225,1483,Shamela0021599,2772,446,961,157,36
446,66,250,Shamela0021599,2774,607,896,92,42
446,1356,1546,Shamela0000963,2187,174,626,98,26
446,476,1497,Shamela0012036,702,701,1345,244,25
446,1177,1483,JK000291,549,795,1358,190,40
446,66,250,JK000291,550,159,379,83,48
446,1024,1304,Shamela0021598,5116,1343,1573,152,64
446,669,1497,JK000208,3278,683,1437,292,32
447,571,688,Shamela0009059BK1,2106,1,208,87,53
447,60,499,Shamela0021599,2772,966,1164,139,38
447,172,379,Shamela0021599,2773,611,809,124,68
447,1229,1551,Shamela0000963,2192,535,956,138,32
447,533,688,Shamela0003565,5456,1051,1293,113,57
447,719,1079,Shamela0003565,5457,296,838,185,37
447,60,499,JK000291,549,1363,1553,138,38
447,1376,1525,Shamela0021598,5155,321,453,84,65
447,1376,1525,JK000208,3306,1307,1439,84,65
448,545,877,Shamela0021599,2727,336,744,187,48
448,936,1074,Shamela0012036,703,1115,1268,108,86
448,1,352,Shamela0012036,709,1090,1427,154,45
448,545,703,Shamela0021598,5003,853,1017,108,76
448,936,1074,Shamela0021598,5122,893,1046,108,86
448,1263,1462,Shamela0021598,5128,594,1076,104,25
448,78,450,Shamela0021598,5157,859,1334,165,37
448,936,1074,Shamela0008648,450,1358,1511,108,86
448,545,680,JK000208,3206,79,214,101,88
448,936,1060,JK000208,3283,58,182,100,98
449,132,919,Shamela0011327,238,437,740,213,33
449,966,1140,JK000196,5376,440,615,127,88
449,701,919,Shamela0000963,2202,934,1126,115,68
449,1277,1481,Shamela0000963,2204,993,1156,127,77
449,413,692,Shamela0009059BK2,5375,790,1159,188,61
449,197,889,Shamela0012036,684,50,380,199,33
449,1238,1481,Shamela0012036,685,1123,1362,138,62
449,889,1140,Shamela0003565,5345,840,1466,183,36
449,197,692,Shamela0021598,5007,640,1137,222,39
449,966,1140,Shamela0021598,5010,802,976,127,88
449,1238,1481,Shamela0021598,5018,249,490,141,63
449,257,889,JK000208,3207,1,258,164,32
450,1,294,Shamela0009059BK1,2042,449,814,160,47
450,1136,1357,Shamela0009059BK1,2044,585,799,157,82
450,1375,1552,Shamela0009059BK1,2045,1317,1509,110,73
450,26,730,Shamela0021599,2710,349,865,143,18
450,1439,1577,Shamela0000963,2213,722,856,99,92
450,1,294,Shamela0003565,5345,180,539,159,51
450,1002,1357,Shamela0003565,5349,1,679,196,34
450,1411,1577,Shamela0021598,5017,229,425,122,77
450,1136,1357,Shamela0008648,458,663,944,157,65
450,1420,1577,JK000208,3211,1272,1458,110,73
451,92,323,Shamela0009059BK1,2046,548,886,155,57
451,86,518,Shamela0012036,685,552,1362,200,30
451,39,323,Shamela0003565,5353,122,531,188,56
451,86,323,Shamela0021598,5015,695,1101,112,35
451,265,518,Shamela0021598,5018,1,490,138,33
451,1108,1491,Shamela0021598,5045,1038,1573,167,33
451,86,323,JK000208,3211,26,432,112,35
451,39,351,Sham19Y0013783,2186,786,1284,142,30
452,61,550,Shamela0011327,240,740,1146,181,38
452,873,1149,Shamela0009059BK1,2054,312,810,152,36
452,61,363,Shamela0009059BK1,2062,685,1322,206,39
452,724,855,JK000196,5400,430,557,87,86
452,1042,1149,Shamela0000963,2228,199,357,81,63
452,724,855,Shamela0003565,5363,1070,1196,87,87
452,43,207,Shamela0009059BK3,1845,280,629,126,44
453,1,202,Shamela0011327,241,855,1160,150,60
453,1107,1349,Shamela0009059BK1,2056,1181,1463,114,48
453,898,1098,JK000196,5405,310,798,116,30
453,1,202,Shamela0000963,2229,1237,1542,150,60
453,1107,1342,Shamela0003565,5368,1123,1469,122,44
453,502,782,Shamela0021843,2497,806,1191,138,43
454,949,1063,Shamela0012036,688,1158,1291,91,85
454,93,282,Shamela0003565,5376,676,1173,150,37
454,860,1063,Shamela0021598,5039,304,499,104,60
454,949,1063,JK000208,3224,962,1095,91,85
454,949,1200,Sham19Y0013783,2200,357,838,100,24
455,587,856,Shamela0009059BK1,2067,1,462,188,49
455,1333,1493,Shamela0009059BK1,2071,288,441,118,93
455,159,381,Shamela0021599,2735,187,520,127,44
455,560,856,Shamela0021598,5039,894,1487,194,40
456,471,609,Shamela0011444BK2,2286,135,290,102,82
456,933,1173,Shamela0009059BK1,2096,1003,1160,95,51
456,446,605,Shamela0021599,2733,172,321,108,80
456,524,652,JK000196,5411,1037,1285,87,44
456,345,734,Shamela0000963,2268,193,676,121,24
456,524,652,Shamela0009059BK2,5413,391,640,87,44
456,1183,1355,Shamela0012036,699,1322,1475,116,82
456,121,605,Shamela0003565,5372,765,1518,227,32
456,933,1173,Shamela0003565,5443,691,848,95,50
456,382,598,Shamela0021598,5037,815,1035,116,62
456,1183,1355,Shamela0021598,5103,1131,1284,116,82
456,1183,1355,JK000208,3267,711,864,116,82
457,890,1100,Shamela0011327,248,767,1229,89,21
457,416,565,Shamela0009059BK1,2081,362,621,109,50
457,680,1230,Shamela0009059BK1,2085,43,724,200,29
457,680,1230,Shamela0003565,5422,34,615,174,28
457,255,436,JK000208,3247,244,428,100,61
457,1056,1230,JK000208,3254,351,560,88,53
458,1039,1471,Shamela0011444BK2,2348,226,929,220,33
458,1,159,Shamela0009059BK1,2082,676,887,124,74
458,1039,1272,Shamela0009059BK1,2113,1070,1217,96,49
458,1338,1535,Shamela0009059BK1,2114,859,1070,143,84
458,169,368,Kraken220314171616,915,948,1279,128,43
458,1,159,Shamela0003565,5417,1314,1488,124,90
458,163,364,Shamela0003565,5426,872,1086,143,74
458,1039,1290,Shamela0003565,5470,994,1154,112,54
458,1338,1535,Shamela0003565,5472,211,422,143,84
458,169,368,Shamela0021843,2527,461,792,128,44
459,1008,1149,Shamela0011444BK2,2353,221,349,107,90
459,9,243,Shamela0009059BK1,2114,1113,1462,133,45
459,218,482,Shamela0009059BK1,2115,654,943,198,86
459,1008,1161,Shamela0009059BK2,5526,981,1199,104,57
459,9,243,Shamela0003565,5472,465,853,133,40
459,218,482,Shamela0003565,5474,559,833,186,81
459,365,466,Shamela0003565,5475,888,1373,75,19
459,1008,1171,Shamela0003565,5480,750,927,121,76
460,537,899,Shamela0011444BK2,2421,1262,1584,180,58
460,610,802,Sham19Y0013577,7858,34,299,117,52
460,1064,1299,Shamela0009059BK1,2170,1008,1476,162,41
460,610,972,Shamela0021599,2799,882,1249,216,63
460,551,972,JK000196,5615,733,1172,243,61
460,735,1038,Shamela0000963,2319,1088,1366,119,39
460,416,809,Shamela0021848BK1,1499,736,1023,201,62
460,551,972,Shamela0009059BK2,5617,196,636,243,61
460,416,856,Shamela0011468BK1,2436,452,912,239,54
460,610,888,Sham19Y0019230,281,568,899,126,39
460,377,639,Shamela0012036,731,686,917,124,54
460,610,972,JK000291,555,317,684,216,63
460,377,537,Shamela0021598,5267,606,791,88,60
460,1056,1314,Shamela0021598,5269,13,376,177,59
460,610,802,Sham19Y0013783,2344,1258,1503,117,56
461,995,1286,Sham19Y0147104,1304,961,1240,95,33
461,77,634,Shamela0009059BK1,2173,571,1080,285,56
461,790,1204,Shamela0009059BK1,2183,417,844,201,52
461,1300,1427,Shamela0009059BK1,2192,792,1278,100,25
461,402,550,Shamela0000963,2321,1250,1488,117,61
461,976,1286,Kraken220314171616,959,1097,1386,102,33
461,409,550,Shamela0012036,733,1,174,112,80
461,77,531,Shamela0003565,5576,1182,1591,223,51
461,1005,1286,Shamela0003565,5592,4,369,182,58
461,707,1286,Shamela0021843,2648,212,616,131,23
461,195,550,Shamela0021598,5275,129,486,214,69
461,195,550,JK000208,3393,1101,1460,219,70
462,780,1134,Shamela0011327,253,1083,1450,184,52
462,614,760,Shamela0009059BK1,2195,242,531,94,39
462,1315,1546,Shamela0009059BK1,2208,9,182,136,72
462,1050,1546,Kraken220314171616,969,62,724,178,25
462,1050,1315,Shamela0012036,746,415,910,206,50
462,614,760,Shamela0003565,5609,1210,1507,101,40
462,380,594,Shamela0003565,5609,284,508,139,72
462,1315,1546,Shamela0003565,5631,524,697,136,72
462,1050,1204,Shamela0021598,5351,1152,1346,117,72
462,1097,1315,JK000208,3448,691,1114,175,51
463,962,1364,Shamela0011327,258,197,817,151,24
463,444,641,Shamela0011444BK2,2444,621,873,132,61
463,809,962,Shamela0011444BK2,2460,721,884,114,84
463,69,243,Shamela0009059BK1,2189,989,1493,128,32
463,439,750,Shamela0009059BK1,2191,756,1098,223,79
463,1208,1457,Shamela0009059BK1,2228,1174,1405,175,85
463,297,536,Shamela0021599,2812,1016,1524,115,29
463,816,962,Shamela0000963,2337,403,553,114,96
463,1265,1364,Shamela0000963,2375,990,1098,78,91
463,99,288,Shamela0003565,5602,1,548,130,29
463,297,444,Shamela0003565,5603,632,826,101,62
463,444,750,Shamela0003565,5605,704,1039,241,90
463,816,962,Shamela0003565,5626,755,904,114,97
463,1208,1413,Shamela0003565,5658,814,1011,148,92
463,767,962,Shamela0021598,5344,43,237,135,80
463,804,962,Sham19Y0132962,1136,1180,1356,113,75
463,536,750,JK000208,3420,593,1132,148,34
463,816,962,JK000208,3444,256,405,114,97
464,112,338,Shamela0009059BK1,2227,1105,1394,160,67
464,756,960,Shamela0009059BK1,2233,1168,1380,95,55
464,443,1053,Shamela0021599,2860,842,1391,136,21
464,940,1170,Shamela0021599,2861,731,884,121,65
464,940,1170,Shamela0000963,2379,792,945,121,65
464,948,1170,Shamela0021848BK3,1458,1163,1309,114,63
464,643,960,Shamela0003565,5666,500,907,128,38
464,548,1053,JK000291,563,1227,1442,70,15
464,940,1170,JK000208,3474,904,1057,121,65
465,596,903,Shamela0021599,2875,645,1307,162,26
465,596,903,JK000196,5731,254,522,186,69
465,596,903,Shamela0009059BK2,5733,397,665,186,69
465,1226,1532,Shamela0011468BK1,2505,751,1040,157,56
465,596,903,Shamela0003565,5671,425,694,155,51
465,1135,1316,Shamela0003565,5678,1,228,138,72
465,1,221,Shamela0009059BK3,1718,127,301,86,43
465,596,903,Shamela0021598,5401,46,313,156,51
465,1152,1316,Shamela0021598,5412,1078,1229,123,88
465,596,903,JK000208,3479,55,323,155,51
466,1085,1455,Shamela0023628,322,222,586,179,51
466,1144,1448,Shamela0007264,167,542,797,152,61
466,1150,1455,Shamela0012293,2724,1075,1331,158,59
466,122,351,ShamAY0034068,498,1060,1329,131,60
466,1085,1461,Sham19Y0017729,358,813,1176,187,57
466,1150,1455,Shamela0008473,719,557,811,152,60
466,1153,1455,Shamela0006610,809,601,869,160,65
466,1030,1448,Shamela0021739,580,1198,1529,191,55
466,1153,1455,Sham19Y0014119,356,1,258,160,65
466,1193,1455,Tafsir09084,272,25,246,140,64
466,107,300,Shamela0012036,756,865,1060,128,77
466,442,630,Shamela0003565,5680,1398,1556,114,71
466,1150,1455,Tafsir07053,23,932,1207,153,61
466,1150,1455,Rafed0003902Vols,638,213,467,152,60
466,1036,1455,Shamela0021693,1572,461,833,183,54
466,1036,1455,Shamela0021677,2642,1114,1531,189,48
466,1150,1455,Sham19Y0016976,1084,807,1064,160,64
466,107,300,Shamela0021598,5411,711,905,128,77
466,1150,1455,Sham19Y0017063,754,1221,1481,162,65
466,1036,1455,Sham19Y0013785,660,575,945,178,54
466,107,300,JK000208,3485,873,1067,128,77
466,1085,1461,Sham19Y0017903,656,1,365,188,57
467,969,1319,Shamela0011327,260,1240,1519,146,45
467,969,1444,Shamela0000963,2383,608,1000,216,49
467,668,1009,Shamela0009059BK3,1734,418,963,163,36
467,195,825,Shamela0021598,5449,616,1095,188,34
467,556,997,Shamela0021598,5451,140,595,271,69
467,657,997,JK000208,3510,562,891,240,87
468,114,614,JK001244,400,162,592,205,40
468,114,455,Shamela0009059BK1,2265,35,736,190,31
468,451,650,Shamela0009059BK1,2267,456,790,151,55
468,994,1356,Shamela0000963,2435,1094,1489,253,78
468,681,967,Shamela0012036,793,963,1129,114,50
468,114,442,Shamela0003565,5712,873,1562,204,34
468,451,650,Shamela0003565,5714,996,1330,150,54
468,681,967,Shamela0021598,5618,476,642,114,50
468,111,316,JK000208,3511,208,382,93,54
468,681,967,JK000208,3605,165,331,114,50
469,952,1527,Shamela0009059BK1,2288,243,804,188,35
469,19,207,Shamela0009059BK1,2372,832,1012,126,84
469,207,685,Shamela0009059BK1,2373,378,868,368,90
469,699,1527,JK007141,1438,78,662,292,40
469,733,1527,Shamela0021599,2906,238,658,318,48
469,1071,1243,JK000196,5824,555,783,116,64
469,952,1503,Shamela0000963,2387,822,1118,164,37
469,1071,1243,Shamela0009059BK2,5825,929,1157,116,64
469,1071,1243,Shamela0003565,5743,976,1204,116,64
469,19,207,Shamela0003565,5888,340,520,126,84
469,207,624,Shamela0003565,5889,1147,1571,323,91
469,699,1527,Shamela0021843,2760,642,1226,292,40
469,710,1447,Shamela0021598,5497,426,869,244,38
469,207,599,Shamela0021598,5624,583,967,296,91
469,43,685,JK000208,3608,218,479,154,28
470,1259,1418,Shamela0011444BK2,2539,324,640,120,45
470,263,441,Shamela0009059BK1,2288,1156,1463,95,38
470,441,581,Shamela0009059BK1,2289,1,278,80,37
470,614,945,Shamela0021599,2911,31,577,174,34
470,1259,1418,Kraken220314171616,997,823,1004,122,81
470,263,426,Shamela0003565,5743,532,770,91,47
470,410,581,Shamela0003565,5744,787,1104,97,39
471,30,233,Shamela0021599,2917,679,865,132,74
471,836,1158,Shamela0021599,2919,219,551,249,90
471,448,707,Shia002394Vols,206,1202,1425,155,69
471,237,703,Shamela0003565,5753,91,657,279,55
472,475,609,Shamela0021599,2911,1184,1369,97,63
472,1025,1208,Shamela0021599,2921,607,812,125,73
472,609,824,Shamela0012036,775,941,1129,108,55
472,609,824,Shamela0021598,5526,1270,1458,108,55
473,1190,1321,Shamela0011327,267,780,1298,80,18
473,1450,1563,JK000196,5837,214,363,87,73
473,150,351,JK000196,5849,204,421,103,49
473,1450,1563,Shamela0009059BK2,5838,557,706,87,73
473,150,351,Shamela0009059BK2,5850,535,752,103,49
473,1440,1563,Shamela0003565,5750,103,262,89,71
473,646,818,Shamela0003565,5761,557,776,123,68
473,128,336,Shamela0003565,5763,1025,1240,157,89
474,1025,1384,Shamela0011327,269,750,1334,136,28
474,838,1025,Shamela0011444BK2,2629,561,709,101,67
474,398,555,Shamela0009059BK1,2328,1,169,99,70
474,838,1005,Shamela0009059BK1,2404,1279,1425,109,81
474,156,376,Shamela0021599,2925,366,595,168,87
474,1280,1553,Shamela0021715,8210,1316,1538,79,32
474,648,834,Shamela0012036,780,387,560,104,58
474,376,524,Shamela0003565,5805,167,327,104,77
474,442,644,Shamela0003565,5806,406,581,102,60
474,838,1025,Shamela0021843,2862,154,304,86,59
474,156,372,JK000208,3550,398,611,154,80
475,16,401,Shamela0011327,270,131,510,130,38
475,16,136,Shamela0009059BK1,2306,1206,1507,88,36
475,1,251,Shamela0003565,5774,52,418,159,53
476,54,471,Shamela0011444BK2,2345,734,1356,177,32
476,946,1530,Shamela0011444BK2,2348,17,219,120,25
476,54,208,Shamela0021599,2984,761,958,86,53
476,208,476,Shamela0021599,2986,437,806,135,39
476,316,497,Shamela0021599,2987,812,1014,93,49
476,939,1530,Shamela0021599,2990,892,1102,124,25
476,648,1410,Shamela0021599,2991,336,1240,359,41
476,1161,1552,Shamela0021599,2992,191,321,86,26
476,795,1410,Shamela0000963,2445,684,1202,243,43
476,953,1119,Shamela0000963,2446,63,534,92,24
476,62,476,Shamela0011468BK1,2349,374,761,134,28
476,54,476,JK000291,589,338,920,221,43
476,939,1530,JK000291,590,794,1004,124,25
477,1244,1487,Shamela0011444BK2,2651,249,431,125,63
477,44,246,JK007141,1339,1048,1241,148,92
477,707,1308,Shamela0021599,2969,770,1503,237,33
477,1308,1487,Shamela0021599,2970,1,151,119,82
477,44,239,Shamela0021599,2991,1247,1432,145,93
477,1257,1487,JK000291,587,61,269,161,83
477,44,246,Shamela0021843,2556,1106,1299,148,92
478,60,305,Shamela0011444BK2,2651,431,867,141,37
478,60,431,Shamela0021599,2970,151,886,236,37
478,436,721,Shamela0012036,806,363,643,125,45
478,1325,1444,Shamela0003565,5962,1,228,83,46
478,60,342,JK000291,587,269,635,155,48
478,436,685,Shamela0021598,5676,1206,1440,104,43
478,436,721,JK000208,3640,861,1140,125,45
479,315,799,Sham19Y0013577,4256,616,968,257,63
479,251,782,Shamela0006140,450,669,1205,384,84
480,399,1052,Shamela0011327,273,821,1158,175,32
480,576,713,Shamela0009059BK1,2481,483,614,103,94
480,809,1028,Shamela0009059BK1,2495,16,266,118,52
480,399,609,Shamela0000963,2471,1220,1333,59,31
480,571,962,Shamela0000963,2473,1204,1463,147,46
480,1116,1283,Shamela0000963,2475,34,175,105,80
480,137,381,Shamela0003565,6095,367,752,161,51
480,1111,1454,Shamela0003565,6097,917,1206,208,75
480,848,1028,Shamela0003565,6124,1,171,135,92
481,1,605,Shamela0011327,274,104,588,187,32
481,1,168,Shamela0009059BK1,2483,135,492,126,44
481,363,764,Shamela0009059BK1,2485,786,1251,181,37
481,1205,1358,Shamela0009059BK1,2486,292,457,103,66
481,340,654,Shamela0021599,3089,424,868,100,22
481,672,1145,Shamela0021599,3091,421,942,297,66
481,587,869,Sham19Y0032197,588,658,890,167,71
481,1272,1488,JK000196,6214,142,421,140,57
481,360,851,Shamela0000963,2479,49,1087,242,28
481,1017,1488,Shamela0000963,2480,6,693,199,31
481,1145,1488,Shamela0009059BK2,6216,365,910,168,32
481,587,869,Kraken220314171616,1082,1201,1527,166,56
481,888,1149,Shamela0011468BK1,2810,253,456,121,56
481,587,702,Shamela0012036,843,1170,1309,43,32
481,743,1145,Shamela0012036,845,1,466,257,59
481,1,168,Shamela0003565,6098,1048,1404,126,44
481,379,764,Shamela0003565,6104,586,1346,175,27
481,1205,1358,Shamela0003565,6105,156,327,103,64
481,672,1145,JK000291,613,70,593,291,59
481,587,869,Shamela0021843,2978,395,721,168,56
481,672,1145,Shamela0021598,5843,666,1215,288,62
481,672,1145,JK000208,3744,33,582,288,62
481,587,851,Sham19Y0013783,2659,47,365,121,39
482,110,463,Shamela0009059BK1,2486,774,1196,166,38
482,566,793,Shamela0021599,3076,542,1253,167,29
482,110,352,Shamela0021599,3090,1321,1528,167,85
482,559,857,Shamela0000963,2482,1268,1505,173,72
482,110,463,Shamela0003565,6106,958,1230,163,50
482,1046,1227,Shamela0003565,6130,1277,1409,95,65
482,811,1227,JK000291,610,69,870,140,19
482,1287,1444,Shamela0006140,477,1125,1289,123,91
483,155,306,Shamela0009059BK1,2500,970,1510,106,23
483,1090,1506,Shamela0021599,3093,962,1143,102,28
483,1100,1544,Shamela0021599,3094,702,1250,221,44
483,1257,1401,JK000196,6238,105,249,114,98
483,323,655,Shamela0021715,8331,1,279,184,65
483,1257,1401,Shamela0009059BK2,6240,639,783,115,100
483,155,441,Shamela0012036,852,703,1369,157,27
483,446,705,Shamela0012036,853,170,1120,185,24
483,1115,1401,Shamela0003565,6130,869,1170,162,57
483,726,972,Shamela0003565,6143,569,1284,179,30
483,1090,1506,JK000291,614,247,428,102,28
483,658,961,Shamela0021843,3008,555,977,134,33
483,318,474,Shamela0021598,5882,617,1112,110,28
483,515,705,Shamela0021598,5883,31,635,144,29
483,1115,1387,JK000208,3759,1093,1489,147,45
483,515,705,JK000208,3767,127,733,147,29
484,722,1196,Shamela0021599,2978,447,603,115,30
484,748,1269,Shamela0021599,2979,568,1258,263,40
484,1240,1544,Shamela0021599,2980,125,1010,232,31
484,397,539,Shamela0021599,3073,754,957,89,49
484,78,280,Shamela0021599,3093,535,729,158,96
484,92,301,Shamela0000963,2495,1055,1258,148,85
484,1,201,Shamela0011468BK1,2807,577,780,132,78
484,701,1352,Shamela0012036,807,1018,1249,164,31
484,1,280,Shamela0012036,844,382,654,211,92
484,401,539,Shamela0003565,6111,337,482,82,61
484,722,1352,JK000291,588,809,1029,157,31
484,1,267,JK000291,613,1270,1528,205,95
484,701,1352,Shamela0021598,5684,1083,1314,164,31
484,1,280,Shamela0021598,5840,1020,1291,211,92
484,401,539,Shamela0021598,5847,452,598,82,61
484,701,1352,JK000208,3644,786,1015,162,31
484,1,280,JK000208,3742,236,507,211,92
485,665,1244,Shamela0021599,3095,375,765,312,65
485,864,1034,Shamela0021599,3096,243,628,117,35
485,864,1244,Shamela0021598,5867,25,426,195,56
485,550,965,JK000208,3755,1165,1455,172,52
486,80,1027,Shamela0011327,278,157,1015,401,42
486,397,961,Shamela0009059BK1,2515,39,1350,271,23
486,632,1027,Shamela0000963,2514,475,781,195,59
486,636,1243,Shamela0012036,860,1,851,281,37
486,452,995,Shamela0003565,6171,513,1531,251,26
486,636,1072,Shamela0021598,5915,888,1435,223,42
486,642,1378,JK000208,3785,309,1236,302,35
487,254,1207,Shamela0011444BK2,2795,213,1298,338,33
487,1,152,Shamela0009059BK1,2519,414,566,108,81
487,968,1207,JK000196,6279,552,843,168,71
487,25,445,Shamela0000963,2520,642,988,99,28
487,968,1207,Shamela0009059BK2,6281,1163,1454,168,71
487,152,756,Shamela0012036,861,445,893,261,49
487,238,395,Shamela0003565,6176,169,318,102,72
487,964,1207,Shamela0003565,6177,523,751,166,83
487,964,1207,Shamela0021598,5920,975,1227,166,76
487,470,756,Shamela0021598,5921,530,785,164,69
487,152,515,JK000208,3787,993,1227,131,40
487,508,756,JK000208,3789,272,501,146,68
488,1165,1505,Shamela0011327,280,1013,1430,137,37
488,805,968,JK007141,1565,852,1006,116,87
488,243,570,Shamela0021599,3164,361,699,245,86
488,805,968,Shamela0021599,3165,1147,1303,122,92
488,575,792,Shamela0021599,3166,1007,1192,145,84
488,805,968,Shamela0021843,3056,97,251,116,87
488,805,1343,Shamela0021598,5962,1193,1486,160,35
489,991,1415,Shamela0011444BK2,2827,315,1313,149,15
489,61,531,Shamela0021599,3180,249,405,127,32
489,294,395,Shamela0003565,6217,37,138,75,96
489,219,395,Shamela0009059BK3,1910,655,796,82,60
489,1107,1314,Shamela0006140,490,728,1203,143,36
490,313,534,Shamela0021599,3181,779,1024,122,62
490,493,774,Shamela0021599,3183,164,550,209,65
490,779,1120,Shamela0021599,3184,845,1434,245,50
490,1269,1505,Shamela0021599,3186,434,838,187,56
490,824,1211,Sham19Y0032197,610,47,269,94,24
490,509,653,JK000196,6338,1126,1269,115,99
490,1181,1505,Shamela0000963,2557,412,802,122,32
490,509,653,Shamela0009059BK2,6341,276,419,115,99
490,779,1211,Shamela0012036,875,333,740,179,37
490,485,658,Shamela0003565,6226,159,331,124,89
490,974,1120,Shamela0003565,6227,117,264,91,72
490,250,774,JK000291,636,576,1013,179,31
490,824,1211,Shamela0021843,3063,311,802,134,27
490,779,1211,Shamela0021598,5977,731,1142,182,37
490,497,653,Shamela0021598,5978,83,234,117,94
490,779,1211,JK000208,3826,597,1008,182,37
491,972,1280,Shamela0009059BK1,2555,1050,1408,168,56
491,103,361,JK007141,1570,321,601,127,55
491,63,705,Shamela0021599,3187,231,1124,319,39
491,402,590,Shamela0021599,3188,216,434,105,55
491,705,1133,Shamela0012036,878,145,346,131,35
491,705,918,Shamela0003565,6244,1144,1485,151,52
491,1082,1505,Shamela0003565,6246,896,1296,162,38
491,43,705,JK000291,637,139,481,126,20
491,103,361,Shamela0021843,3065,227,507,127,55
491,97,226,Shamela0021598,5981,115,267,91,76
491,941,1434,Shamela0021598,5999,468,1163,266,42
491,741,1133,JK000208,3836,328,503,110,32
492,6,776,Shamela0011327,285,292,1271,315,32
492,839,1255,Shamela0011327,286,1,270,156,45
492,1255,1396,Shamela0011327,287,118,426,86,35
492,6,610,Shamela0009059BK1,2556,241,1101,227,29
492,1142,1255,Shamela0021623,545,1274,1393,85,90
492,202,654,Shamela0000963,2574,207,614,182,43
492,832,1255,Shamela0000963,2578,1145,1434,165,45
492,280,610,Shamela0003565,6247,100,375,156,55
492,1138,1262,Shamela0003565,6248,1231,1355,95,97
492,1138,1255,Shamela0021598,5997,472,590,93,99
492,1138,1262,JK000208,3836,1176,1301,95,96
493,615,805,Shamela0009059BK1,2565,1192,1415,122,64
493,405,604,Shamela0009059BK1,2569,34,252,163,91
493,160,405,Shamela0021599,3197,785,1406,170,34
493,681,805,Shamela0000963,2595,1213,1332,94,95
493,1204,1432,Shamela0009059BK2,6380,1114,1343,91,33
493,1099,1388,Shamela0009059BK2,6381,318,808,152,32
493,1043,1326,Shamela0003565,6259,163,522,156,47
493,631,805,Shamela0003565,6262,340,525,107,71
493,487,604,Shamela0003565,6268,514,631,95,98
494,748,1182,Shamela0011444BK2,2856,1011,1364,174,42
494,817,1182,Shamela0009059BK1,2567,1176,1508,103,25
494,19,205,Shamela0021599,3196,1,160,112,71
494,748,1053,Shamela0021599,3198,574,845,208,85
494,526,1182,Shamela0012036,882,435,1080,275,38
494,13,205,JK000291,639,141,306,117,71
494,748,880,JK000291,639,1407,1539,106,100
494,880,1182,JK000291,640,1,343,193,62
494,526,1142,Shamela0021598,6020,521,1009,244,41
494,526,1066,JK000208,3846,759,1108,194,41
495,1256,1545,Shamela0011327,283,1244,1536,214,87
495,1378,1545,Shamela0009059BK1,2550,16,184,123,90
495,1056,1219,JK007141,1573,1278,1439,128,98
495,200,337,JK007141,1581,1366,1519,82,66
495,1056,1248,JK007141,1928,1159,1323,110,66
495,193,479,Shamela0021599,3200,1183,1493,206,80
495,479,622,Shamela0021599,3201,1,144,120,100
495,628,1387,Shamela0021599,3201,705,1553,588,85
495,1387,1545,Shamela0021599,3202,1,159,120,94
495,1256,1545,Shamela0000963,2563,11,303,214,87
495,1328,1545,Shamela0003565,6234,1,270,165,76
495,1070,1252,Shamela0021843,3072,1,181,142,98
495,200,337,Shamela0021843,3087,1250,1403,82,66
495,1056,1230,Shamela0021843,3770,1348,1505,107,70
495,1378,1545,Shamela0021598,5985,4,173,125,92
495,1056,1252,Shamela0021598,5987,153,348,156,99
496,1,152,Shamela0011327,284,246,383,108,88
496,495,969,Shamela0011327,293,1162,1403,119,28
496,1025,1195,Shamela0011327,294,20,172,114,81
496,1,152,Shamela0009059BK1,2550,403,538,105,86
496,1,152,Shamela0021599,3202,916,1055,106,85
496,1,152,Shamela0000963,2565,414,551,108,88
496,1025,1195,Shamela0000963,2648,111,263,114,81
496,1,152,Shamela0003565,6234,489,627,108,88
496,530,684,Shamela0003565,6325,52,191,100,80
496,1033,1469,Shamela0003565,6333,818,1243,218,50
496,502,853,Shamela0021598,6078,592,888,209,70
496,387,670,Sham19Y0013783,2805,361,614,133,58
497,1230,1480,Shamela0011327,295,247,474,157,76
497,506,923,Shamela0011444BK2,2901,467,1034,183,38
497,586,993,Shamela0011444BK1,187,583,867,150,43
497,586,880,Shamela0009059BK1,2598,5,700,174,30
497,1233,1480,Shamela0009059BK1,2608,1,345,155,51
497,658,885,Sham19Y0127671,1538,45,441,100,29
497,649,966,Shamela0000963,2650,523,997,149,33
497,1230,1412,Shamela0000963,2657,884,1044,122,83
497,658,1000,Kraken220314171616,1141,259,738,208,54
497,586,1015,Shamela0012036,893,595,816,135,40
497,374,1025,Shamela0012036,894,527,1400,304,38
497,426,778,Shamela0003565,6335,933,1381,161,35
497,1230,1484,Shamela0003565,6357,170,527,160,51
497,658,1000,Shamela0021843,3123,345,824,208,54
497,426,658,Shamela0021598,6087,1196,1377,105,50
497,778,1025,Shamela0021598,6089,729,1138,178,53
497,586,1015,JK000304,111,802,1023,135,40
497,668,903,JK000208,3880,1126,1400,139,57
497,658,923,Sham19Y0020561,984,189,507,141,47
498,79,1409,Shamela0011327,295,482,1332,414,35
498,306,662,JK001244,474,834,1229,161,46
498,79,385,Shamela0009059BK1,2608,353,899,169,37
498,1022,1184,Shamela0009059BK1,2611,1204,1473,111,50
498,79,605,Shamela0000963,2659,1128,1505,196,45
498,617,1047,Shamela0000963,2662,114,458,170,43
498,121,743,Kraken220314171616,1145,549,1075,265,45
498,293,810,Shamela0012036,897,627,981,142,27
498,293,743,Shamela0012036,898,7,397,275,70
498,767,1047,Shamela0012036,898,1222,1397,111,50
498,1251,1508,Shamela0012036,899,50,369,143,56
498,79,385,Shamela0003565,6357,541,907,167,55
498,1,476,Shamela0003565,6358,394,988,153,25
498,121,743,Shamela0021843,3138,567,1091,265,45
498,309,735,Shamela0021598,6113,1,368,258,70
498,767,1047,Shamela0021598,6120,1186,1361,112,51
498,293,810,JK000304,112,254,608,142,27
498,293,743,JK000208,3891,42,432,275,70
498,767,1413,JK000208,3895,12,530,208,34
499,37,327,Shamela0011327,296,519,729,141,60
499,855,969,Shamela0011444BK2,2928,20,226,83,51
499,176,305,Shamela0009059BK1,2614,163,298,100,91
499,855,959,Shamela0021599,3247,1249,1443,78,52
499,1267,1467,Shamela0021599,3251,897,1095,154,99
499,37,327,Shamela0000963,2666,664,874,141,60
499,89,493,Shamela0012036,899,950,1545,268,53
499,533,772,Shamela0012036,900,217,873,167,31
499,803,959,Shamela0012036,901,4,153,116,95
499,176,287,Shamela0003565,6369,493,612,89,93
499,855,959,JK000291,651,550,744,78,52
499,1,394,Shamela0021598,6123,932,1483,240,50
499,485,739,Shamela0021598,6126,662,1290,187,36
499,795,959,Shamela0021598,6129,1280,1443,122,92
499,1099,1261,Shia000026Vols,1087,1145,1342,106,68
499,1099,1261,Shia001269,457,861,1048,103,69
499,979,1261,Shamela0006140,506,1229,1455,154,65
499,1,799,JK000304,112,726,1110,266,42
499,979,1261,ShamAY0034249,6359,233,801,140,28
499,1,660,JK000208,3897,329,1341,442,51
499,654,772,JK000208,3899,200,610,89,27
499,795,959,JK000208,3899,1274,1437,122,92
500,355,836,Shamela0011444BK2,2931,844,1126,218,54
500,1,347,Shamela0021599,3251,1095,1458,265,93
500,352,836,Shamela0021599,3252,361,635,211,53
500,494,836,Shamela0021848BK1,1812,92,384,125,38
500,368,1049,Shamela0012036,902,1220,1460,137,23
500,1041,1296,Shamela0012036,903,1,248,193,92
500,841,1296,Shamela0003565,6388,177,363,121,32
500,446,836,JK000291,653,1,210,167,51
500,361,748,Shamela0021843,3151,540,795,182,57
500,368,647,Shamela0021598,6138,200,361,86,34
500,982,1296,Shamela0021598,6140,765,1044,217,83
500,352,836,Sham19Y0132962,1365,476,888,166,34
500,959,1212,Sham19Y0132962,1367,205,441,98,41
500,368,1140,JK000208,3905,1054,1386,197,29
500,1105,1296,JK000208,3907,660,829,133,85
501,254,651,Shamela0021599,3264,1188,1425,114,30
501,877,1404,Shamela0000963,2677,358,600,125,26
501,794,1430,Shamela0012036,921,665,1147,203,32
501,659,1022,Shamela0003565,6459,228,997,166,25
501,794,1430,Shamela0021598,6231,276,757,205,33
501,794,1061,JK000208,3958,827,1034,134,56
502,437,657,Shamela0011444BK2,2995,1330,1566,160,79
502,666,1000,Shamela0009059BK1,2661,1284,1475,122,45
502,437,657,Shamela0021599,3264,532,770,163,81
502,437,657,JK000196,6561,653,887,157,77
502,657,1140,Shamela0000963,2681,1218,1426,101,23
502,162,285,Shamela0021848BK1,1799,8,135,89,88
502,437,657,Shamela0009059BK2,6564,1009,1243,157,77
502,49,285,Shamela0003565,6462,867,1159,100,38
502,666,1000,Shamela0003565,6463,737,930,121,44
502,1272,1437,Shamela0003565,6579,772,935,110,75
502,437,657,JK000291,656,671,909,163,81
502,285,747,Shamela0021598,6233,1126,1498,102,21
502,156,680,JK000208,3960,207,545,106,20
502,234,747,JK000208,3961,971,1469,124,25
503,1005,1184,Shamela0011327,299,67,276,138,83
503,307,525,Shamela0011444BK2,3001,783,974,141,77
503,797,1112,Shamela0009059BK1,2644,237,973,242,41
503,177,518,Shamela0021599,3268,1182,1469,202,73
503,518,696,Shamela0021599,3269,1015,1194,130,89
503,518,696,Shamela0000963,2685,725,899,129,90
503,1025,1184,Shamela0000963,2690,977,1166,123,82
503,797,1336,Kraken220314171616,1161,1378,1656,148,34
503,1009,1301,Shamela0012036,915,295,712,171,45
503,789,1112,Shamela0003565,6428,140,893,220,36
503,5,131,Shamela0003565,6572,881,1271,100,32
503,181,529,JK000291,658,576,871,211,74
503,797,1336,Shamela0021843,3186,1070,1348,148,34
503,1009,1301,Shamela0021598,6198,230,648,171,45
503,1005,1277,Sham19Y0132962,1389,190,528,83,26
503,1009,1301,JK000208,3939,872,1285,171,45
503,1005,1286,Sham19Y0020561,1013,70,359,73,22
504,387,1023,Shamela0021599,3480,256,569,164,31
504,151,339,Shamela0003565,6649,1221,1370,96,59
504,974,1220,Shamela0003565,6653,397,664,147,65
504,1128,1509,Shamela0003565,6654,381,941,111,19
504,1,511,Shamela0021598,6408,280,773,117,21
505,612,873,Shamela0021599,3488,226,634,162,46
505,314,432,JK000196,6778,731,849,92,100
505,314,432,Shamela0009059BK2,6782,278,396,92,100
505,314,441,Shamela0003565,6658,254,378,94,94
505,314,432,Shamela0021598,6414,941,1059,92,100
505,314,432,JK000208,4082,1199,1317,92,100
506,863,1455,Shamela0011327,303,11,153,91,20
506,272,431,Shamela0011444BK2,3182,1369,1505,84,69
506,256,431,Shamela0021599,3338,818,973,89,65
506,644,863,Shamela0021599,3341,126,354,176,96
506,886,1316,JK000196,6806,199,529,107,22
506,256,415,JK000196,6809,75,222,83,63
506,437,1455,Shamela0000963,2727,676,898,135,17
506,256,415,Shamela0009059BK2,6812,1170,1317,83,63
506,256,431,JK000291,681,1219,1371,89,66
507,176,394,Shamela0009059BK1,2782,289,519,142,68
507,1395,1531,Shamela0009059BK1,2783,115,421,102,41
507,569,866,Shamela0021599,3335,1380,1536,112,46
507,866,1342,Shamela0021599,3336,1,550,210,36
507,839,1134,JK000291,681,18,245,152,62
508,1069,1505,Sham19Y0013577,5542,60,593,234,46
508,1060,1461,Shamela0021599,3343,373,680,220,68
508,1182,1523,Shamela0011468BK2,1665,665,871,154,54
508,1083,1406,Tafsir02091,491,1063,1295,134,47
508,1182,1523,JK007114,1617,212,397,132,46
508,767,1011,Shamela0012036,968,29,408,132,43
508,1077,1523,Shamela0003565,6675,941,1316,211,51
508,9,908,JK000291,681,286,886,108,10
508,1301,1498,ShamAY0033182,2074,214,448,104,47
508,767,1011,Shamela0021598,6432,203,582,132,43
508,1168,1523,Shamela0021598,6433,158,487,201,59
508,1037,1498,Sham19Y0014325,6175,392,1059,263,44
508,407,1011,JK000208,4092,45,885,230,30
508,1179,1374,Shamela0005756,7303,1040,1300,118,48
509,7,145,Shamela0009059BK1,2784,211,350,98,86
509,1233,1405,JK000196,6815,1110,1282,129,98
509,616,742,JK000196,6826,1,132,94,91
509,1233,1405,Shamela0009059BK2,6819,693,865,130,98
509,544,742,Shamela0009059BK2,6829,990,1190,145,91
509,7,145,Shamela0003565,6677,181,320,98,86
509,1233,1405,Shamela0003565,6684,823,995,132,100
509,544,742,Shamela0003565,6692,1167,1367,145,91
509,477,678,Shamela0021598,6433,1326,1509,124,72
509,544,683,JK000208,4093,1293,1429,103,94
510,31,1447,Shamela0011327,304,231,950,358,30
510,378,887,Shamela0011444BK2,3189,474,986,96,13
510,152,365,Shamela0009059BK1,2788,82,417,140,47
510,370,1184,Shamela0021599,3351,316,926,253,32
510,453,963,JK000196,6816,856,1225,141,30
510,31,812,Shamela0000963,2738,635,1050,242,38
510,453,963,Shamela0009059BK2,6820,443,812,142,30
510,370,891,Shamela0012036,971,775,1177,104,17
510,891,1042,Shamela0003565,6684,594,745,119,99
510,1042,1467,Shamela0003565,6685,300,690,214,54
510,724,1193,Shamela0009059BK3,2053,660,929,112,30
510,385,699,Shamela0021598,6443,607,1025,191,57
510,827,1042,Shamela0021598,6445,213,460,137,68
510,370,891,JK000208,4100,555,957,104,17
510,152,699,JK000208,4101,173,732,309,62
511,48,186,Shamela0003565,6671,227,343,66,63
511,455,1000,Shamela0006140,529,332,909,386,77
511,455,613,Shamela0000655,50,1116,1264,116,91
512,370,742,Shamela0011327,305,623,821,103,35
512,1278,1477,Shamela0011444BK2,3266,418,668,133,57
512,5,318,Shamela0021599,3361,17,598,185,40
512,865,1477,Shamela0021599,3384,223,622,207,35
512,988,1270,Shamela0021599,3385,611,1006,225,68
512,1093,1477,JK000196,6925,440,860,185,41
512,1093,1477,Shamela0009059BK2,6929,92,513,185,41
512,1093,1285,Shamela0003565,6783,187,344,121,78
512,5,318,JK000291,689,360,941,184,39
512,865,1477,JK000291,696,426,826,205,35
512,364,555,Shamela0021598,6452,911,1064,101,70
512,1093,1261,Shamela0021598,6520,526,694,136,99
512,364,555,JK000208,4107,872,1028,102,71
512,1093,1261,JK000208,4158,537,705,137,100
513,643,887,Shamela0011444BK2,3262,347,646,178,74
513,1,205,Shamela0011444BK2,3266,668,929,130,53
513,576,893,Shamela0021599,3379,229,617,218,70
513,1,205,Shamela0021599,3384,622,881,130,53
513,643,752,JK000196,6917,281,637,61,21
513,251,385,Shamela0003565,6780,31,237,85,52
513,398,893,JK000291,694,320,1105,301,44
513,1,205,JK000291,696,826,1085,130,53
513,684,887,Sham19Y0013783,3149,1264,1502,143,74
514,1,230,Shamela0021599,3379,719,944,115,48
514,1141,1245,Shamela0021599,3380,328,459,83,79
514,199,470,Shamela0021599,3381,50,490,165,44
514,523,705,JK000196,6920,441,649,127,75
514,523,705,Shamela0009059BK2,6924,93,301,127,75
514,1141,1358,Shamela0003565,6777,105,348,158,76
514,1141,1358,Shamela0021598,6510,1006,1249,158,76
514,523,705,Shamela0021598,6511,1178,1386,129,77
515,232,467,Shamela0021599,3395,1268,1498,184,97
515,467,780,Shamela0021599,3396,1,301,227,85
515,797,1051,Shamela0021715,10154,177,449,135,48
515,1089,1288,Shamela0003565,6702,657,857,118,68
515,1383,1520,Shamela0003565,6708,1137,1299,99,70
515,1308,1450,Shamela0021598,6458,1229,1372,99,87
515,881,1108,JK000304,123,881,1068,99,54
515,881,1051,JK000208,4109,38,416,128,40
516,879,1419,Shamela0011327,307,26,639,88,12
516,328,690,Shamela0011444BK2,3211,342,772,232,64
516,1204,1376,Shamela0009059BK1,2816,613,804,139,90
516,364,729,Shamela0021599,3403,97,472,225,70
516,1184,1376,Shamela0003565,6736,191,399,141,82
516,328,729,JK000291,700,641,1047,249,72
516,1181,1404,Shamela0021598,6480,312,539,148,77
517,891,1316,Shamela0011327,307,734,1016,199,57
517,1199,1534,Shamela0011444BK2,3213,428,684,196,72
517,1227,1534,Sham19Y0013577,5596,371,711,147,40
517,1199,1534,Shamela0021599,3412,199,454,196,72
517,955,1260,JK000196,6850,689,891,82,32
517,891,1235,Shamela0000963,2769,293,505,142,51
517,955,1260,Shamela0009059BK2,6854,147,349,82,32
517,1175,1534,Shamela0011468BK1,3190,1193,1472,217,73
517,1189,1529,Shamela0012036,977,196,474,209,76
517,1199,1534,JK000291,703,62,317,196,72
517,1173,1529,Shamela0021598,6464,151,443,213,74
517,485,792,Shamela0021598,6465,223,680,129,29
517,1173,1529,JK000208,4116,1170,1462,213,74
518,186,478,Shamela0011327,307,1020,1135,87,36
518,1031,1211,Shamela0011444BK2,3212,465,661,140,89
518,350,1137,Shamela0009059BK1,2805,330,743,230,35
518,824,1013,Shamela0021599,3407,1,213,138,81
518,181,478,Shamela0000963,2771,787,907,90,37
518,422,984,Shamela0000963,2772,1200,1445,160,34
518,1031,1211,Shamela0011468BK1,3192,233,441,144,86
518,350,1013,Shamela0003565,6712,1088,1433,220,40
518,984,1291,Shamela0003565,6713,1038,1384,210,73
518,808,1013,Shamela0021598,6463,741,980,154,80
518,984,1291,Shamela0021598,6464,902,1246,211,74
519,999,1382,Shamela0011444BK2,3238,213,537,201,60
519,84,456,Shamela0021599,3421,477,803,144,39
519,999,1382,Shamela0021599,3422,126,420,195,60
519,1034,1198,Shamela0009059BK2,6889,814,1363,95,20
519,1002,1382,JK000291,705,873,1171,197,60
519,197,456,Shamela0021598,6492,460,642,117,55
520,275,540,Shamela0011444BK2,3238,728,1209,170,43
520,659,907,Shamela0009059BK1,2824,376,678,69,19
520,280,823,Shamela0021599,3422,502,798,207,46
520,222,899,Shamela0000963,2776,54,690,172,23
520,659,907,Shamela0003565,6750,551,847,69,20
520,280,806,JK000291,705,1253,1532,191,43
520,20,408,JK000208,4134,534,1056,84,16
521,673,827,Shamela0009059BK1,2847,1,173,111,77
521,17,833,JK007141,1742,753,1278,211,26
521,1239,1385,Shamela0021599,3354,81,450,107,35
521,17,620,Shamela0021848BK1,1949,493,924,134,20
521,911,1157,Shamela0011468BK1,3229,1289,1496,131,56
521,833,1143,Shamela0012036,991,463,695,148,53
521,660,1385,Shamela0003565,6791,592,1478,288,35
521,873,1143,Shamela0021598,6524,39,242,138,57
521,627,827,Shamela0021598,6527,120,338,143,79
521,833,1143,JK000208,4160,1009,1240,148,53
522,1192,1484,Shamela0009059BK1,2851,1,270,138,53
522,844,1073,Shamela0021599,3442,143,370,167,91
522,409,588,Shamela0021599,3447,289,462,140,95
522,961,1338,Shamela0000963,2793,1204,1528,199,61
522,1073,1346,Shamela0003565,6797,133,398,182,75
522,409,588,JK000291,710,1074,1247,140,95
523,993,1541,Shamela0011327,311,381,612,168,38
523,1031,1497,Shamela0011444BK2,3279,1049,1412,162,32
523,734,970,Shamela0009059BK1,2853,1191,1526,127,40
523,1269,1547,Shamela0009059BK1,2854,658,920,201,90
523,1031,1509,Shamela0021599,3449,295,571,172,42
523,993,1541,Shamela0000963,2796,817,1048,168,38
523,993,1186,Shamela0011468BK1,3239,115,518,140,41
523,976,1186,Shamela0012036,993,797,1051,138,59
523,734,1414,Shamela0003565,6803,434,1501,361,37
523,1031,1186,Shamela0000432,6173,296,445,115,91
523,1031,1509,JK000291,711,236,512,172,42
523,976,1186,Shamela0021598,6537,539,798,142,61
523,1007,1186,Sham19Y0132962,1528,622,807,105,68
523,305,466,JK000208,4167,1141,1264,87,65
523,976,1186,JK000208,4168,539,798,142,61
524,1114,1512,Shamela0011327,311,1406,1539,97,30
524,1095,1398,Shamela0009059BK1,2865,784,1019,174,73
524,679,1017,Shamela0009059BK1,2866,1009,1306,175,58
524,721,1074,JK000196,6974,452,973,173,35
524,1114,1512,Shamela0000963,2800,1060,1193,97,30
524,660,1098,Shamela0000963,2803,115,758,157,25
524,721,1074,Shamela0009059BK2,6978,230,751,173,35
524,1114,1428,Shamela0003565,6821,264,513,172,65
524,502,647,Shamela0003565,6822,617,760,99,78
524,660,917,Shamela0003565,6822,1305,1536,139,55
524,335,1038,Shamela0003565,6823,966,1456,202,31
524,1232,1500,Shamela0021598,6553,984,1337,166,57
524,980,1500,JK000208,4179,972,1425,204,40
525,622,1292,Shamela0011327,313,1,294,156,28
525,1,162,Shamela0009059BK1,2865,606,782,121,81
525,711,1180,Shamela0009059BK1,2878,380,920,167,29
525,177,384,Shamela0021599,3703,1334,1540,154,90
525,54,162,Shamela0000963,2802,1,109,87,100
525,627,1102,Shamela0000963,2815,1380,1534,98,25
525,655,1171,Shamela0003565,6839,974,1506,221,39
526,202,337,Shamela0009059BK1,2879,996,1154,110,84
526,860,1582,Shamela0009059BK1,2881,792,1116,217,35
526,1394,1559,JK000196,7004,93,269,72,41
526,1000,1262,JK000196,7007,839,1219,180,53
526,516,827,JK000196,7009,178,491,229,90
526,1000,1262,Shamela0009059BK2,7011,709,1089,178,53
526,516,827,Shamela0009059BK2,7013,44,356,228,90
526,202,337,Shamela0003565,6841,1192,1349,107,82
526,1284,1582,Shamela0003565,6843,707,948,170,68
526,510,827,Shamela0003565,6846,1187,1494,232,91
526,1284,1582,Shamela0021598,6577,629,907,180,66
526,510,827,Shamela0021598,6579,1158,1443,189,75
527,1023,1213,Shamela0009059BK1,2881,123,454,121,42
527,382,996,Shamela0009059BK1,2882,1,638,321,51
527,138,408,Shamela0000963,2821,503,804,158,54
527,1,566,Shamela0003565,6843,948,1550,353,60
527,283,679,Shamela0003565,6844,615,1181,190,42
527,787,1213,Shamela0003565,6845,298,755,261,61
527,1,513,Shamela0021598,6577,907,1515,363,67
527,513,996,Shamela0021598,6578,1,817,263,34
527,185,408,JK000208,4193,872,1055,134,70
528,950,1207,Shamela0006136,41,143,422,159,66
528,713,1442,Shamela0021599,854,330,1394,410,46
528,960,1156,Shamela0011468BK1,3268,191,700,112,26
528,1198,1328,Shamela0003565,6851,1191,1321,100,96
528,960,1156,Shamela0021598,6584,50,438,118,35
530,1,605,Shamela0009059BK1,2891,480,1085,279,44
530,84,264,Shamela0023644,1464,545,951,77,20
530,1,264,Shamela0000963,2846,622,926,147,54
530,632,861,Shamela0003565,6845,1068,1311,182,92
530,812,956,Shamela0003565,6846,988,1170,73,50
530,1,507,Shamela0003565,6857,874,1360,225,44
530,14,479,Shamela0003565,6858,879,1197,185,48
530,92,264,JK005014,94,388,533,94,67
530,92,264,Sham19Y0038171,1168,908,1251,115,41
530,92,264,Shia002294Vols,699,248,470,95,53
530,792,959,Shamela0021598,6578,947,1367,114,34
530,1,507,Shamela0021598,6582,578,1256,271,43
530,92,264,Shamela0025791,434,1329,1534,90,56
530,92,446,Shamela0008648,737,654,902,138,41
530,92,264,ShamAY0035035,4717,851,1223,116,38
531,43,393,Shamela0009059BK1,2891,1085,1282,140,49
531,410,685,Shamela0009059BK1,2892,873,1135,71,23
531,1255,1426,Shamela0009059BK1,2893,630,1114,112,28
531,947,1063,JK000196,7029,1135,1243,69,75
531,772,881,JK000196,7029,402,514,86,97
531,1002,1253,JK000196,7030,1,306,157,59
531,772,881,Shamela0009059BK2,7033,141,253,86,97
531,947,1159,Shamela0009059BK2,7033,874,1434,143,31
531,43,504,Kraken220314171616,1247,177,705,139,24
531,12,504,Shamela0012036,1002,1,552,213,44
531,410,690,Shamela0003565,6859,737,1040,78,24
531,348,881,Shamela0003565,6860,425,996,149,23
531,930,1063,Shamela0003565,6861,1225,1376,98,81
531,1081,1446,Shamela0003565,6862,134,776,174,32
531,254,504,Shamela0021598,6594,990,1256,121,54
531,767,881,Shamela0021598,6596,189,310,89,93
531,1,504,JK000208,4197,296,867,210,38
532,673,1052,Shamela0011327,317,1067,1377,151,42
532,673,935,Shamela0009059BK1,2895,1301,1520,168,79
532,935,1307,Shamela0009059BK1,2896,1,473,280,73
532,180,686,Shamela0021599,3514,311,893,330,69
532,673,1060,Shamela0000963,2853,963,1281,158,43
532,698,1406,Shamela0003565,6865,1,696,450,70
532,753,1247,Shamela0021843,3434,878,1302,174,36
533,78,854,Shamela0011327,318,604,1380,284,34
533,896,1546,Shamela0011327,319,140,883,170,18
533,49,324,Shamela0009059BK1,2897,48,425,154,46
533,277,728,Shamela0000963,2858,29,461,143,31
533,728,1189,Shamela0000963,2860,296,899,211,33
533,1049,1546,Shamela0012036,1008,365,1028,244,36
533,75,324,Shamela0003565,6865,744,1057,175,64
533,689,854,Shamela0003565,6878,507,672,134,97
533,1129,1546,Shamela0021598,6615,433,1013,164,29
533,708,936,Sham19Y0131521,3705,463,758,124,48
533,1218,1546,JK000208,4215,1,439,144,32
534,587,986,Shamela0011327,320,151,448,163,50
534,18,243,Shamela0009059BK1,2906,621,811,111,56
534,602,944,Shamela0009059BK1,2909,1,371,158,52
534,1047,1235,Shamela0009059BK1,2909,677,1062,130,39
534,1339,1544,Shamela0009059BK1,2911,727,913,126,69
534,587,986,Shamela0000963,2869,247,545,163,50
534,587,1142,Shamela0012036,1009,17,523,192,34
534,1339,1544,Shamela0003565,6888,711,898,127,70
535,196,472,Shamela0011327,321,1,305,189,75
535,897,1105,Sham19Y0123510,1196,1009,1263,136,66
535,842,1482,Shamela0011444BK2,3626,72,884,369,49
535,897,1482,Tafsir07055,1203,356,897,249,45
535,179,472,Shamela0009059BK1,2912,999,1300,203,81
535,706,1368,Shamela0021599,3766,349,1185,365,47
535,1360,1482,Shamela0021599,3767,1062,1182,91,95
535,1312,1482,JK000196,7514,368,508,99,74
535,897,1219,Sham19Y0011194,395,863,1109,173,66
535,846,1094,Sham19Y0018272,160,442,761,158,60
535,179,472,Shamela0000963,1117,90,420,203,75
535,179,472,Shamela0000963,2875,524,854,201,74
535,1312,1482,Shamela0000963,2888,510,684,135,97
535,1312,1482,Shamela0009059BK2,7518,1276,1416,99,74
535,169,653,Shamela0003565,6890,762,1432,332,56
535,706,1219,JK000291,795,848,1481,301,52
535,1312,1482,JK000291,796,124,297,133,96
535,1312,1482,JK007001,8,348,522,129,90
535,169,478,Shamela0021598,6623,903,1213,240,94
535,817,1219,Sham19Y0132962,1669,27,427,222,57
535,1003,1223,Sham19Y0131521,4937,782,937,92,50
535,1331,1482,JK000734,354,748,898,101,78
535,1003,1482,JK007074,2574,639,1018,169,40
535,763,1482,Sham19Y0013783,3507,536,1337,378,49
536,1098,1412,Shamela0009059BK1,3138,812,1223,214,64
536,526,1079,Shamela0021599,3769,231,889,367,65
536,597,1034,JK000196,7516,237,526,123,29
536,597,1034,Shamela0009059BK2,7520,1159,1448,123,29
536,1051,1412,Shamela0003565,7210,322,758,229,59
536,55,320,Shamela0003565,7210,1,208,135,61
536,55,193,Shamela0021598,6997,938,1076,113,100
536,1034,1412,Shamela0021598,7001,53,408,176,45
536,1208,1426,JK000208,4452,844,1154,161,65
537,260,498,Shamela0011327,324,13,566,88,17
537,742,1437,Shamela0021599,3780,794,1007,156,27
537,1056,1527,Shamela0021599,3781,351,1380,262,32
537,613,742,Shamela0009059BK2,7537,873,1030,96,75
537,742,1269,Shamela0012036,1092,1031,1388,217,50
537,1347,1527,Shamela0012036,1093,99,322,97,52
537,390,742,Shamela0003565,7218,682,1166,215,55
537,742,1437,JK000291,800,793,1006,156,27
537,742,1269,Shamela0021598,7009,56,413,217,50
537,1347,1527,Shamela0021598,7011,977,1200,97,52
537,742,1527,JK000208,4458,221,994,318,41
537,941,1470,JK000208,4459,62,565,149,29
538,351,933,Shamela0011327,327,856,1472,142,20
538,915,1423,Shamela0021599,3783,973,1458,165,26
538,54,362,Shamela0021599,3784,443,1009,192,40
538,1306,1537,JK000196,7546,456,688,145,74
538,855,1297,Shamela0000963,2921,426,696,164,44
538,1310,1525,Shamela0000963,2923,29,224,128,74
538,1113,1525,Shamela0003565,7228,732,1166,231,63
538,1306,1525,Shamela0009059BK3,2217,151,351,132,75
538,885,1228,JK000208,4461,963,1413,173,40
538,175,334,JK000208,4463,780,925,109,82
539,194,440,Shamela0009059BK1,3157,301,654,174,62
539,829,1139,Shamela0009059BK1,3159,434,747,250,97
539,649,776,Shamela0021599,3783,821,947,101,98
539,917,1490,Shamela0021599,3785,219,719,232,38
539,546,1005,Shamela0000963,2921,307,840,118,19
539,1152,1316,Shamela0009059BK2,7554,446,975,118,27
539,829,1320,Shamela0003565,7230,739,1342,310,59
539,829,1436,JK000208,4464,711,1255,184,29
540,1178,1505,Shamela0011327,329,747,1067,169,57
540,664,1025,Shamela0021599,3796,1,387,177,47
540,1178,1408,Shamela0021599,3798,1138,1321,123,69
540,1210,1445,Shamela0000963,2934,1294,1505,119,56
540,1178,1457,Shamela0012036,1098,1222,1470,163,74
540,442,1172,JK000291,804,272,1106,366,44
540,1204,1457,Shamela0021598,7034,934,1166,150,75
540,1178,1457,JK000208,4474,134,382,163,74
541,1,206,Shamela0011327,329,1124,1373,73,28
541,1084,1254,Shamela0011444BK2,3666,1123,1286,104,65
541,662,809,Shamela0009059BK1,3172,153,290,105,89
541,47,239,Shamela0021599,3798,1287,1480,126,80
541,287,662,Shamela0021599,3799,12,310,186,56
541,800,1084,Shamela0021599,3801,245,469,132,50
541,1084,1205,Shamela0021599,3802,1296,1498,82,44
541,1084,1440,Shamela0021599,3804,109,517,189,48
541,876,1084,JK000196,7573,904,1085,143,86
541,876,1084,Shamela0009059BK2,7578,379,560,144,86
541,876,1039,Shamela0003565,7246,1329,1489,128,97
541,1084,1254,JK000291,805,1143,1385,111,50
541,838,1084,Shamela0021598,7033,553,878,184,68
541,800,1084,JK000208,4475,129,354,129,48
542,647,934,Shamela0011327,330,1102,1483,144,38
542,996,1158,Shamela0009059BK1,3178,1,161,115,90
542,1,413,Shamela0021599,3799,1037,1449,307,90
542,904,1144,Shamela0000963,2947,1253,1564,173,67
542,1185,1476,Shamela0009059BK2,7593,818,1196,206,67
542,1173,1425,Shamela0011468BK1,3483,757,1068,183,72
542,1,144,Shamela0021660,4216,176,309,97,83
542,1,144,JK001239,314,989,1122,97,83
542,445,698,Shamela0012036,1100,1145,1253,81,41
542,1182,1448,Shamela0003565,7255,1258,1523,212,98
542,445,698,Shamela0021598,7043,270,378,81,41
542,1179,1354,Shamela0021598,7044,1310,1502,129,80
542,845,1144,JK007074,1023,116,450,112,38
543,497,741,Shamela0011327,331,1025,1430,118,37
543,358,780,Shamela0006136,612,654,955,158,40
543,1,262,Shamela0009059BK1,3180,620,1010,130,36
543,503,741,Shamela0009059BK1,3181,827,1348,114,25
543,741,1399,Shamela0009059BK1,3182,1,756,415,61
543,358,780,Sham19Y0032197,721,706,1150,153,33
543,1062,1390,Shamela0000963,2951,855,1244,236,74
543,1161,1390,JK007114,1817,696,1240,96,21
543,377,635,Kraken220314171616,1339,1335,1554,156,75
543,1,883,Shamela0003565,7256,150,1038,329,34
543,948,1292,Shamela0003565,7257,1101,1461,240,75
543,358,649,Shamela0021843,3663,382,634,182,78
543,1,312,Shamela0021598,7038,330,603,122,41
543,1008,1386,Shamela0021598,7038,722,1090,228,71
543,1062,1386,JK000208,4477,203,516,217,78
544,964,1095,Shamela0011327,332,1206,1411,94,57
544,40,814,Shamela0011327,332,9,638,276,37
544,92,480,Shamela0009059BK1,3182,804,1070,181,58
544,1191,1452,Shamela0009059BK1,3193,1177,1468,115,46
544,8,521,Shamela0000963,2952,965,1346,170,35
544,777,891,Shamela0000963,2956,618,717,63,70
544,92,357,Shamela0012036,1101,1347,1497,105,50
544,415,658,Shamela0012036,1102,1,196,126,59
544,1048,1482,Shamela0012036,1106,946,1398,128,25
544,480,964,Shamela0003565,7258,857,1227,264,63
544,92,480,Shamela0003565,7258,112,358,158,51
544,226,658,Shamela0021598,7046,47,380,186,51
544,745,891,Shamela0021598,7047,179,325,116,100
544,92,443,JK000208,4480,1266,1461,131,47
544,475,658,JK000208,4482,233,405,102,63
545,442,913,Shamela0011327,333,284,772,226,52
545,80,232,Shamela0009059BK1,3194,656,826,111,77
545,398,1422,Shamela0009059BK1,3195,509,1394,601,69
545,988,1303,JK000196,7625,718,1050,165,57
545,403,913,Shamela0000963,2961,866,1391,240,51
545,625,1090,Shamela0000963,2963,163,540,133,31
545,988,1303,Shamela0009059BK2,7630,331,663,165,57
545,282,1024,Shamela0003565,7276,861,1511,447,70
545,80,232,Shamela0003565,7276,119,271,119,98
545,304,1422,Shamela0003565,7277,578,1355,326,30
545,1090,1422,Shamela0003565,7278,1269,1463,145,53
546,444,1452,Shamela0011327,334,221,1301,440,39
546,346,444,Shamela0011444BK2,3697,1344,1463,74,77
546,777,1275,Shamela0011444BK2,3700,1,474,183,34
546,8,226,Shamela0009059BK1,3197,1272,1509,123,60
546,687,1197,Shamela0009059BK1,3201,419,1128,320,51
546,557,1137,Shamela0000963,2968,531,985,282,55
546,1061,1452,Shamela0000963,2970,1200,1412,131,42
546,768,1176,Kraken220314171616,1344,1332,1509,130,40
546,346,444,Shamela0012036,1107,477,599,76,79
546,444,1293,Shamela0012036,1108,484,1254,248,27
546,8,226,Shamela0003565,7278,878,1119,119,59
546,230,346,Shamela0003565,7279,267,383,95,100
546,493,1137,Shamela0003565,7282,6,1364,467,42
546,768,1394,Shamela0021843,3676,163,395,167,33
546,346,444,Shamela0021598,7068,1213,1335,76,79
546,444,873,Shamela0021598,7071,1194,1479,126,34
546,511,850,Shamela0021598,7073,298,1487,178,18
546,1197,1369,Shamela0021598,7074,784,1166,114,37
546,768,1369,Sham19Y0132962,1695,581,817,157,33
546,346,444,JK000208,4498,956,1078,76,79
546,768,1293,JK000208,4501,15,606,173,27
547,301,784,Shamela0011444BK2,3701,1180,1617,226,45
547,649,798,Shamela0021599,3815,544,717,120,84
547,1,610,Shamela0021599,3816,810,1338,362,68
547,176,606,Shamela0000963,2972,560,840,203,55
547,1237,1502,Shamela0011468BK1,3607,13,259,113,45
547,115,507,Shamela0012036,1108,1076,1488,231,55
547,217,667,Shamela0003565,7284,666,947,167,46
547,1237,1502,Shamela0003565,7403,680,879,131,62
547,176,589,JK000291,810,1207,1524,255,75
547,115,610,Shamela0021598,7074,702,1217,310,62
547,115,349,JK000208,4501,427,683,102,35
547,349,610,JK000208,4502,980,1241,207,98
547,1326,1459,JK000208,4582,541,722,71,46
548,1004,1262,Shamela0011327,337,40,305,111,46
548,159,424,Shamela0011444BK2,3807,407,678,194,89
548,1004,1210,Shamela0009059BK1,3302,1186,1429,90,47
548,1240,1509,Shamela0009059BK1,3303,23,328,122,43
548,412,582,Shamela0021599,3840,81,276,142,87
548,907,1066,Shamela0021599,3842,563,748,95,66
548,159,412,JK000196,7852,677,938,192,93
548,52,412,Shamela0021715,4319,1,361,289,100
548,1004,1210,Shamela0000963,2989,223,403,93,55
548,1,392,Shamela0021848BK1,2138,1143,1543,305,95
548,159,412,Shamela0009059BK2,7857,605,866,192,93
548,159,412,Kraken220314171616,1374,103,372,177,74
548,1,207,Shamela0011468BK1,3610,1235,1458,137,75
548,169,424,Shamela0011468BK1,3611,1,253,195,95
548,900,1388,Shamela0012036,1140,580,855,182,48
548,1004,1262,Shamela0003565,7405,1115,1437,107,40
548,1409,1509,Shamela0003565,7406,169,269,78,100
548,1,207,Shamela0003565,7415,1217,1454,135,70
548,159,424,Shamela0003565,7416,1,264,204,96
548,159,412,Shamela0021843,3747,89,358,179,75
548,154,412,Shamela0021598,7202,1204,1464,206,99
548,907,1388,Shamela0021598,7207,406,674,179,48
548,154,412,JK000208,4583,221,483,206,98
548,900,1388,JK000208,4585,690,965,182,48
548,907,1262,JK000208,4586,693,1360,141,22
549,34,486,Shamela0009059BK1,3303,351,695,166,41
549,741,1084,Shamela0021599,3843,727,942,97,38
549,1248,1399,Shamela0021599,3846,329,470,99,81
549,239,544,JK000196,7844,929,1297,163,51
549,1185,1392,Shamela0000963,2990,522,887,127,42
549,239,544,Shamela0009059BK2,7849,851,1219,163,51
549,1035,1179,Shamela0012036,1141,166,368,98,61
549,183,1032,Shamela0003565,7407,569,1268,293,38
549,260,531,Shamela0003565,7408,289,483,121,53
549,748,1179,JK000291,816,260,620,158,40
549,239,396,Shamela0021598,7209,408,662,119,59
549,1035,1179,Shamela0021598,7212,1125,1327,98,61
549,831,1167,JK000208,4587,664,1413,208,33
550,1086,1305,Shamela0011444BK2,3806,500,821,142,57
550,338,455,JK007141,1917,349,467,92,98
550,663,884,Shamela0021599,3843,723,892,74,36
550,101,332,Shamela0021599,3844,164,461,172,70
550,338,455,Shamela0021599,3845,865,983,92,98
550,101,332,JK000196,7844,124,420,172,70
550,101,332,Shamela0009059BK2,7849,45,342,172,70
550,1086,1305,Kraken220314171616,1373,1012,1241,163,86
550,697,965,Shamela0012036,1140,1104,1347,130,50
550,1011,1305,Shamela0012036,1141,396,1158,220,36
550,101,303,Shamela0003565,7406,1134,1403,150,68
550,663,1044,JK000291,816,310,681,101,22
550,1086,1305,Shamela0021843,3744,554,783,163,86
550,338,455,Shamela0021843,3748,322,440,92,98
550,697,965,Shamela0021598,7210,97,340,130,50
550,101,332,Shamela0021598,7211,1043,1340,166,66
550,1099,1305,Shamela0021598,7213,1,199,152,93
550,704,965,JK000208,4587,660,896,124,48
550,1011,1305,JK000208,4588,41,360,221,85
551,771,1021,Shamela0000963,2997,1337,1477,99,50
551,1,315,Shamela0021598,7215,966,1466,195,45
552,6,264,Shamela0011327,338,502,788,118,45
552,698,1464,Shamela0011327,338,735,1509,288,34
552,621,721,Shamela0011444BK2,3813,172,370,76,47
552,6,552,Shamela0009059BK1,3311,865,1124,153,33
552,190,804,Shamela0009059BK1,3312,4,492,192,30
552,1028,1506,Shamela0009059BK1,3313,1,557,335,73
552,383,552,JK007141,1918,1138,1287,102,77
552,698,1057,Shamela0000963,3002,7,390,158,44
552,1011,1247,Shamela0000963,3004,871,1174,164,62
552,283,1513,Shamela0012036,1143,1,841,371,32
552,6,552,Shamela0003565,7426,311,637,163,31
552,621,798,Shamela0003565,7427,1267,1381,91,64
552,820,1488,Shamela0003565,7428,445,1210,416,60
552,383,552,Shamela0021843,3751,233,382,102,77
552,370,547,Shamela0021598,7066,1122,1301,129,90
552,75,1513,Shamela0021598,7221,18,1102,462,35
552,1053,1251,Shamela0021598,7223,8,207,154,96
552,255,1360,JK000208,4592,45,771,358,37
552,1102,1251,Shamela0021848BK2,1427,1,189,115,76
553,1,444,Shamela0011327,339,69,467,208,50
553,30,479,Shamela0009059BK1,3313,579,991,182,42
553,496,1191,Shamela0009059BK1,3314,659,1387,539,91
553,1,449,Shamela0012036,1143,844,1137,199,53
553,496,1172,Shamela0003565,7430,347,863,369,64
553,1,490,Shamela0021598,4604,572,931,230,54
553,496,625,Shamela0021598,7217,471,605,97,91
553,1,490,Shamela0021598,7221,1105,1468,230,53
553,1,490,JK000208,4593,1071,1434,230,53
554,965,1294,Shamela0011327,339,1026,1362,178,57
554,965,1337,Shamela0011444BK2,3816,1037,1521,214,49
554,1010,1337,Shamela0009059BK1,3315,1014,1360,225,76
554,4,232,Shamela0009059BK1,3315,299,652,133,41
554,1348,1522,Shamela0009059BK1,3316,71,273,114,70
554,297,775,Shamela0021599,3848,52,670,187,30
554,898,1420,Sham19Y0032197,736,126,525,214,48
554,965,1158,Shamela0000963,3009,1050,1249,117,69
554,1010,1372,Kraken220314171616,1376,700,984,179,59
554,648,950,Shamela0011468BK1,3635,940,1413,145,31
554,1010,1474,Shamela0012036,1144,1065,1444,282,75
554,4,290,Shamela0003565,7431,782,1137,180,56
554,1010,1237,Shamela0003565,7431,1268,1495,152,76
554,493,950,JK000291,816,1174,1462,150,36
554,1010,1372,Shamela0021843,3752,756,1040,183,59
554,20,297,Shamela0021598,7226,417,669,107,40
554,1010,1474,Shamela0021598,7226,711,1089,282,75
554,1277,1483,Shamela0021598,7228,859,1365,86,20
554,1010,1474,JK000208,4595,753,1131,282,75
554,1010,1372,Sham19Y0020561,1240,57,350,178,56
555,349,840,Shamela0011327,340,1,215,151,39
555,1,591,Shamela0011444BK2,3817,538,1264,358,55
555,1,754,Shamela0009059BK1,3316,273,1041,372,51
555,1078,1484,Shamela0009059BK1,3331,592,1144,196,38
555,121,303,Shamela0021599,3850,1,187,144,96
555,42,321,Sham19Y0017885,2526,1059,1372,158,57
555,303,840,Shamela0000963,3011,670,925,184,43
555,287,648,Shamela0000963,3012,537,1076,165,33
555,178,306,Shamela0000963,3014,218,346,101,99
555,306,547,Kraken220314171616,1376,960,1175,110,47
555,547,864,Kraken220314171616,1377,305,460,100,37
555,292,658,Shamela0011468BK1,3621,87,470,213,62
555,349,934,Shamela0012036,1145,1,433,331,69
555,1,206,Shamela0003565,7432,653,816,126,78
555,206,534,Shamela0003565,7433,539,1025,216,53
555,1334,1484,Shamela0003565,7454,307,446,105,86
555,306,864,Shamela0021843,3752,1016,1383,203,40
555,1,216,Shamela0021598,7227,1225,1402,134,77
555,349,934,Shamela0021598,7229,184,636,346,72
555,306,956,Sham19Y0132962,1743,926,1397,260,46
555,988,1393,Sham19Y0132962,1750,236,548,93,22
555,359,934,JK000208,4597,748,1190,339,72
555,30,553,Sham19Y0013783,3714,15,524,262,52
555,306,965,Sham19Y0020561,1240,326,813,251,42
556,454,1447,Shamela0011327,340,734,1454,241,25
556,14,419,Shamela0009059BK1,3331,1149,1515,253,75
556,497,1053,Shamela0009059BK1,3336,115,583,334,72
556,454,792,Shamela0000963,3015,1221,1477,135,46
556,1078,1533,Shamela0012036,1151,336,649,167,37
556,14,497,Shamela0003565,7454,439,883,292,72
556,801,938,Shamela0003565,7460,1369,1497,101,92
556,938,1372,Shamela0003565,7461,1,477,193,41
556,1078,1533,JK000291,818,340,535,151,41
556,1078,1533,Shamela0021598,7255,177,490,167,37
556,812,1053,Shamela0008648,655,211,469,181,82
556,1078,1533,JK000208,4613,891,1204,167,37
556,671,1145,JK000208,4614,465,644,101,26
556,311,497,Shamela0021848BK2,1431,364,586,134,70
557,34,289,JK001244,602,533,851,115,44
557,1322,1477,Shia000317Vols,14204,964,1137,109,76
557,1322,1477,Shia000163VolsBK2,4108,288,461,109,76
557,1,264,Shamela0021599,3857,330,580,145,64
557,264,566,Shamela0021599,3858,100,542,185,52
557,839,1244,Shamela0021599,3859,661,893,158,46
557,737,867,Shamela0021599,3860,1399,1529,103,99
557,897,1213,Shamela0021599,3861,500,1012,186,41
557,372,652,Shamela0000963,3020,1107,1329,125,56
557,1037,1426,Shamela0000963,3028,682,1392,171,26
557,28,530,Shamela0021848BK1,2232,416,689,82,18
557,1322,1477,Shamela0011468BK1,3645,513,679,106,75
557,1,239,Shamela0012036,1150,515,647,90,48
557,1,264,Shamela0012036,1151,816,1526,164,29
557,703,905,Shamela0012036,1152,1254,1477,129,72
557,1,317,Shamela0003565,7464,821,1435,134,23
557,1090,1266,Shamela0003565,7469,962,1462,103,25
557,1335,1479,Shamela0003565,7470,382,525,116,97
557,839,1090,JK000291,818,1418,1547,98,48
557,1,264,JK000291,818,676,926,145,64
557,322,530,Shamela0021598,7255,439,656,129,69
557,461,566,Shamela0021598,7257,485,724,71,38
557,812,1244,Shamela0021598,7261,1,297,172,45
557,1335,1479,Shamela0021598,7262,82,224,116,98
557,887,1165,Shamela0021598,7263,1,277,145,60
557,1,239,JK000304,148,770,902,90,48
557,322,530,JK000208,4613,1153,1370,129,69
557,270,566,JK000208,4614,1072,1445,123,30
557,135,264,JK000208,4615,700,860,104,80
557,703,1244,JK000208,4617,879,1290,235,49
557,846,1161,JK000208,4618,988,1328,135,46
558,329,759,Shamela0011327,342,1106,1496,181,41
558,859,1166,Shamela0011327,343,1356,1536,135,55
558,1281,1452,Shamela0011444BK2,3848,148,285,86,61
558,489,859,Shamela0009059BK1,3342,1130,1445,226,75
558,859,1288,Shamela0009059BK1,3349,564,1309,307,50
558,329,823,Shamela0000963,3032,48,469,204,41
558,494,658,Shamela0000963,3033,434,976,117,26
558,859,1210,Shamela0000963,3038,1178,1406,163,57
558,898,1426,Shamela0021848BK1,2234,57,573,128,22
558,329,658,Shamela0012036,1152,1058,1294,182,67
558,1033,1452,Shamela0012036,1154,736,1219,206,41
558,494,859,Shamela0003565,7469,1,350,271,90
558,859,1288,Shamela0003565,7478,595,1026,311,86
558,859,1452,Shamela0021843,3777,44,284,165,34
558,329,466,Shamela0021598,7258,715,853,110,98
558,489,859,Shamela0021598,7260,714,1071,273,88
558,1033,1387,Shamela0021598,7266,1071,1432,151,38
558,1155,1288,Shamela0021598,7268,1091,1234,108,93
558,348,658,JK000208,4617,694,919,175,68
558,1086,1452,JK000208,4621,744,1211,192,41
559,1238,1424,JK007141,1903,1189,1373,140,90
559,1055,1332,Shamela0021599,3894,591,959,161,50
559,1238,1424,Shamela0021843,3718,758,942,140,90
559,1244,1424,Shamela0021598,7154,67,248,135,88
560,221,408,Shamela0011444BK2,3767,959,1141,149,97
560,899,1045,Shamela0009059BK1,3268,1151,1285,107,91
560,675,1382,Shamela0021599,3891,369,1011,222,33
560,1,218,Shamela0021599,3892,1343,1551,153,80
560,847,1045,Shamela0021599,3893,283,507,138,72
560,221,408,JK000196,7783,49,237,149,94
560,1398,1635,Shamela0000963,3050,911,1446,111,26
560,892,1045,Shamela0000963,3051,203,344,110,89
560,221,408,Shamela0009059BK2,7788,25,213,149,94
560,79,218,Shamela0012036,1129,133,408,99,40
560,461,1370,JK000291,825,799,1472,177,17
560,14,218,JK000291,826,1,196,146,81
560,899,1045,Shamela0021598,7155,127,241,92,78
560,79,218,Shamela0021598,7160,118,393,99,40
560,79,218,JK000208,4554,1250,1525,99,40
561,101,493,Shamela0021599,3895,1219,1425,118,36
561,1066,1248,Shamela0021598,7068,154,868,132,23
562,1432,1544,Shamela0011444BK2,3734,734,915,75,49
562,999,1264,Shamela0021599,3870,414,1094,179,32
562,1424,1544,Shamela0021599,3871,930,1114,82,53
562,6,679,Shamela0021715,4286,497,750,185,33
562,1216,1373,JK000291,821,1059,1179,92,70
562,1424,1544,JK000291,822,23,207,82,53
563,1,378,Shamela0011444BK2,3733,1300,1544,159,51
563,610,764,Shamela0011444BK2,3734,335,455,92,76
563,1,378,Shamela0021599,3869,1330,1577,166,53
563,1343,1505,Shamela0021599,3871,1342,1482,97,77
563,127,764,Shamela0021599,3871,1,801,178,20
563,819,1101,Shamela0012036,1123,1,582,213,45
563,1,764,JK000291,821,786,1471,278,34
563,729,1101,Shamela0021598,5005,1003,1339,178,52
563,811,1280,Shamela0021598,7130,1,162,126,32
563,764,976,JK000208,4536,1188,1481,168,69
564,8,761,Shamela0011444BK2,3735,198,796,251,31
564,8,761,ShamAY0034068,495,118,700,252,32
564,8,761,ShamAY0034068,3466,812,1403,255,33
564,504,716,Shamela0021599,3874,1,133,107,61
564,716,1310,Shamela0021599,3875,837,1031,135,26
564,85,376,Shamela0021599,3875,1,312,206,78
564,887,1179,Shamela0021599,3878,293,627,230,84
564,8,761,JK000196,7711,426,1011,251,34
564,8,761,Shamela0009059BK2,7716,259,844,252,34
564,8,638,JK000291,822,1328,1600,198,38
564,697,1354,JK000291,823,1,260,181,32
565,533,677,Shamela0011444BK2,3747,857,1385,102,23
565,1107,1291,Shamela0009059BK1,3252,860,1062,138,80
565,1,131,Shamela0021599,3872,1075,1207,95,81
565,677,919,Shamela0021599,3908,878,1109,109,47
565,767,1005,Shamela0021599,3909,500,854,172,58
565,399,693,Shamela0021599,3910,1157,1403,149,62
565,45,490,Shamela0021599,3911,1131,1502,212,52
565,1024,1423,Shamela0000963,3076,200,577,138,30
565,1107,1291,Shamela0003565,7344,471,672,133,77
565,399,693,JK000291,832,829,1075,149,62
566,73,493,Shamela0011327,347,1173,1492,226,66
566,872,1168,Shamela0011327,348,45,563,89,19
566,1,356,Shamela0009059BK1,3253,869,1503,226,42
566,506,1122,Shamela0021599,3909,865,1339,322,62
566,1,909,Shamela0000963,3078,593,1175,302,38
566,1,292,Shamela0003565,7345,463,796,205,73
566,1,204,Shamela0021598,7137,784,1041,149,71
567,957,1473,Shamela0011327,349,6,393,188,41
567,881,1468,Shamela0006136,618,34,387,218,43
567,1301,1464,Shamela0011444BK2,3755,193,341,111,85
567,645,1009,Shamela0009059BK1,3258,876,1437,128,24
567,239,495,JK007141,1901,219,487,165,68
567,1165,1468,Shamela0021599,3887,20,269,182,73
567,1301,1464,Shamela0021599,3912,1373,1521,111,85
567,228,555,Shamela0021599,3912,34,409,243,79
567,756,1464,Sham19Y0032197,729,541,1106,294,44
567,561,1088,Shamela0000963,3087,248,485,144,33
567,1307,1473,Shamela0000963,3089,561,708,105,80
567,1179,1464,Shamela0021848BK1,2165,392,633,180,76
567,756,1468,Kraken220314171616,1358,808,1527,300,41
567,748,1468,Shamela0012036,1125,839,1347,329,53
567,623,1498,Shamela0003565,7350,567,1105,265,35
567,1301,1464,JK000291,833,844,992,111,85
567,705,954,Shamela0021843,3711,1243,1568,139,50
567,239,495,Shamela0021843,3712,1186,1454,165,68
567,1040,1318,Shamela0021598,5006,293,513,155,66
567,748,1468,Shamela0021598,7141,310,819,330,54
567,239,700,Shamela0021598,7142,211,524,161,39
567,1192,1436,ShamAY0034251BK3,3345,1055,1242,115,59
567,748,1199,JK000208,4544,1226,1514,170,43
567,1199,1468,JK000208,4545,8,228,166,77
568,40,523,Shamela0009059BK1,3260,1091,1478,300,77
568,746,1059,Shamela0009059BK1,3264,717,1303,169,38
568,1055,1462,Shamela0009059BK1,3265,676,977,189,59
568,882,1055,Shamela0000963,3093,17,373,128,46
568,746,984,Shamela0003565,7355,1014,1283,134,64
568,690,1462,Shamela0003565,7356,564,1353,318,37
568,611,1321,Shamela0003565,7357,440,793,183,28
569,1142,1349,Shamela0011444BK2,3757,266,620,144,48
569,441,794,Shamela0009059BK1,3266,278,760,154,35
569,964,1556,Shamela0021599,3888,403,819,110,19
569,1,181,Shamela0021599,3889,755,955,145,90
569,801,1446,Sham19Y0032197,727,615,1270,207,28
569,185,319,JK000196,7767,402,536,103,89
569,348,558,JK000196,7768,709,900,143,84
569,185,319,Shamela0009059BK2,7772,340,474,103,89
569,348,558,Shamela0009059BK2,7773,637,828,143,84
569,1223,1446,Shamela0011468BK1,3562,896,1111,133,68
569,784,1446,Shamela0012036,1126,669,1022,246,45
569,348,558,Shamela0003565,6768,1233,1430,147,87
569,1142,1341,Shamela0003565,7353,527,744,123,68
569,1,156,Shamela0003565,7356,1353,1484,103,82
569,325,784,Shamela0003565,7357,36,423,275,76
569,1,181,Shamela0021598,7146,450,606,124,84
569,844,1446,Shamela0021598,7149,60,383,227,45
569,801,999,Sham19Y0132962,1719,142,460,117,45
569,1,152,JK000208,4547,1415,1541,99,81
569,838,1446,JK000208,4548,1075,1401,224,44
569,1142,1349,Sham19Y0020561,1225,1148,1369,120,63
570,196,962,Shamela0011327,351,5,671,356,47
570,262,748,Shamela0009059BK1,3274,659,1223,319,63
570,981,1428,Shamela0009059BK1,3278,120,750,191,29
570,748,914,JK000196,7792,925,1098,116,82
570,1112,1274,JK000196,7799,654,848,124,76
570,344,739,Shamela0000963,2202,103,454,258,79
570,32,285,Shamela0000963,3102,1245,1431,126,62
570,420,682,Shamela0000963,3106,1373,1587,155,71
570,682,962,Shamela0000963,3107,1,109,85,37
570,748,914,Shamela0009059BK2,7797,846,1019,116,82
570,1112,1274,Shamela0009059BK2,7804,561,755,124,76
570,32,303,Shamela0012036,1130,809,1148,183,59
570,766,914,Shamela0003565,7371,1341,1474,103,88
570,262,748,Shamela0003565,7371,1,420,273,64
570,981,1274,Shamela0003565,7375,1080,1308,151,56
570,914,1300,Shamela0021843,3723,519,707,119,34
570,601,739,Shamela0021598,5007,1239,1378,111,98
570,32,303,Shamela0021598,7166,24,370,184,58
570,525,739,Shamela0021598,7168,1,166,133,77
570,32,303,JK000208,4558,816,1162,184,58
570,914,1059,JK000208,4560,1103,1286,117,78
570,914,1300,Sham19Y0013783,3674,716,1323,124,19
571,845,1440,Shamela0011327,351,1209,1536,202,42
571,7,308,Shamela0011327,351,947,1205,137,47
571,191,343,Shamela0011444BK2,3777,1323,1479,74,55
571,406,713,Shamela0009059BK1,3279,556,855,227,89
571,1000,1536,Shamela0009059BK1,3282,944,1298,237,52
571,191,343,Shamela0021599,3906,38,194,74,55
571,881,1327,Shamela0000963,3111,86,331,138,37
571,1101,1215,Shamela0000963,3112,1128,1369,86,44
571,1177,1536,Shamela0000963,3113,156,529,175,53
571,191,343,Shamela0011468BK1,3579,901,1057,74,55
571,7,1322,Shamela0012036,1132,93,872,475,42
571,486,695,Shamela0003565,7377,1,208,160,94
571,1000,1536,Shamela0003565,7378,903,1345,287,63
571,191,343,JK000291,830,1407,1563,74,55
571,115,1322,Shamela0021598,7174,89,770,418,39
571,1101,1536,Shamela0021598,7176,112,280,132,37
571,1101,1423,Sham19Y0132962,1728,382,617,139,51
571,62,343,Sham19Y0150961,655,154,414,100,38
571,7,349,JK000208,4562,1181,1460,163,52
571,349,1322,JK000208,4563,1,499,315,37
572,1,841,Shamela0011327,352,94,479,190,24
572,248,450,Shamela0011444BK2,3778,184,330,105,64
572,1408,1556,Shamela0011444BK2,3788,502,877,100,32
572,853,1136,Shamela0009059BK1,3290,255,503,176,72
572,1340,1556,Shamela0009059BK1,3291,886,1130,111,54
572,1,576,Shamela0000963,3113,529,687,122,26
572,1,155,Shamela0000963,3114,120,275,90,67
572,136,413,Shamela0012036,1132,1220,1493,216,98
572,1335,1494,Shamela0012036,1135,22,319,127,53
572,853,1136,Shamela0003565,7387,162,378,157,64
572,136,413,Shamela0021598,7174,1118,1389,214,97
572,847,1494,Shamela0021598,7185,325,926,228,31
572,136,489,JK000208,4564,1062,1525,274,72
572,1315,1494,JK000208,4570,583,807,144,79
573,979,1289,Shamela0011327,352,1276,1560,159,52
573,259,927,JK001244,593,24,428,156,25
573,919,1488,Shamela0011444BK2,3786,307,1224,229,26
573,106,738,Shamela0011444BK1,242,918,1130,127,25
573,678,900,Shamela0009059BK1,3287,26,601,126,26
573,915,1502,Shamela0009059BK1,3290,741,1308,310,62
573,1036,1446,Shamela0000963,3119,795,1378,163,31
573,110,927,Kraken220314171616,1367,29,616,231,28
573,952,1436,Shamela0011468BK1,3595,110,422,171,41
573,1171,1446,Sham19Y0019230,636,304,546,131,56
573,915,1488,Shamela0012036,1135,276,714,238,47
573,589,721,Shamela0003565,7384,1298,1440,104,92
573,721,895,Shamela0003565,7385,1,156,85,60
573,927,1502,Shamela0003565,7388,282,805,285,60
573,388,581,Shamela0009059BK3,2264,1203,1439,81,42
573,110,826,Shamela0021843,3731,462,1023,208,29
573,915,1289,Shamela0021598,7185,883,1118,132,42
573,110,738,Sham19Y0132962,1729,1067,1290,125,25
573,227,754,Sham19Y0132962,1730,1,686,189,32
573,915,1488,JK000208,4570,764,1202,240,48
573,592,759,Sham19Y0013783,3684,117,350,85,43
573,110,754,Sham19Y0020561,1232,216,928,189,30
574,232,836,Shamela0011327,353,160,473,192,39
574,1,221,Shamela0009059BK1,3290,1308,1474,96,51
574,238,636,Shamela0009059BK1,3291,480,776,166,49
574,1121,1445,Shamela0009059BK1,3292,711,949,166,63
574,949,1121,Shamela0009059BK1,3292,12,126,87,63
574,39,221,Shamela0000963,3120,213,355,83,51
574,66,646,Shamela0021848BK1,2170,390,1098,153,21
574,242,658,Shamela0012036,1135,1236,1488,123,32
574,1,586,Shamela0003565,7388,805,1517,234,31
574,850,1125,Shamela0003565,7389,592,895,135,47
574,1121,1445,Shamela0003565,7390,616,856,170,65
574,60,646,Shamela0021843,3734,104,647,202,33
574,242,1010,Shamela0021598,7188,753,1192,210,31
574,242,1010,JK000208,4572,797,1235,210,31
575,316,930,Shamela0011444BK2,3824,689,1142,147,23
575,1130,1524,Shamela0011444BK2,3825,408,910,224,47
575,304,465,Shamela0009059BK1,3322,101,264,61,47
575,257,1241,Shamela0021599,3866,78,591,397,49
575,262,1355,Shamela0021599,3867,575,1491,410,41
575,1115,1292,JK000196,7887,1070,1261,140,89
575,769,1461,Shamela0000963,3152,636,1099,300,50
575,1115,1292,Shamela0009059BK2,7892,988,1179,140,89
575,381,601,Shamela0011468BK1,3626,29,144,71,37
575,1,257,Shamela0012036,1136,459,858,202,63
575,839,1530,Shamela0012036,1147,1,409,282,48
575,257,1524,JK000291,820,331,1057,543,52
575,381,883,Shamela0021843,3757,1070,1578,190,36
575,381,572,Shamela0021843,3758,686,1110,121,33
575,56,257,Shamela0021598,7191,105,388,159,70
575,785,1197,Shamela0021598,7237,1295,1497,160,46
575,1197,1530,Shamela0021598,7238,1,268,169,59
575,16,257,JK000208,4574,701,1073,192,64
575,586,1524,JK000208,4603,254,1027,407,45
575,809,1524,Sham19Y0013783,3720,588,1342,281,37
576,1,830,Shamela0021599,3868,119,856,539,77
576,852,1187,Shamela0021599,3914,1162,1498,206,68
576,904,1187,Shamela0000963,3161,474,816,144,47
576,425,706,Shamela0012036,1141,891,1031,102,46
576,425,637,Shamela0012036,1143,626,1078,155,43
576,637,825,Shamela0012036,1144,431,703,139,63
576,80,389,Shamela0012036,1148,668,1077,196,54
576,1,567,JK000291,820,1057,1532,334,68
576,567,830,JK000291,821,1,264,205,98
576,421,637,Shamela0021598,4604,371,801,147,42
576,421,637,Shamela0021598,7221,883,1338,157,43
576,682,825,Shamela0021598,7223,1312,1456,111,96
576,80,389,Shamela0021598,7243,982,1390,197,55
576,904,1533,Shamela0021598,7282,620,1317,192,25
576,425,706,JK000304,147,193,333,102,46
576,682,825,JK000208,4594,96,241,111,95
576,244,389,JK000208,4607,818,937,79,66
577,1,252,Shamela0011444BK2,3859,1163,1414,190,92
577,188,549,Shamela0009059BK1,3364,547,762,120,40
577,1,243,Zaydiyya0000059,617,180,393,151,70
577,853,1117,Shamela0021599,3925,731,1134,151,47
577,1,248,JK000196,7955,688,934,191,94
577,676,831,Shamela0000963,3165,124,264,81,61
577,86,306,Sham19Y0017437,1890,483,716,121,63
577,1,248,Shamela0009059BK2,7960,642,888,191,94
577,977,1117,Shamela0009059BK2,7969,1149,1289,112,100
577,907,1117,Shamela0003565,7502,1,225,153,85
577,695,812,Shamela0021693,1384,669,832,62,51
577,695,812,Shamela0021677,2328,466,629,62,51
577,20,279,JK000291,834,955,1136,126,58
577,125,257,Shamela0021590,1458,1,158,101,81
577,1,248,Shamela0021598,7282,1317,1559,191,96
577,839,958,Shamela0021598,7289,1353,1479,91,86
577,977,1117,Shamela0021598,7290,34,174,112,100
577,604,819,ShamAY0034251BK3,3475,695,874,69,39
577,20,243,Sham19Y0013783,3757,8,243,171,91
578,1313,1488,Shamela0011444BK2,3869,654,861,127,72
578,9,327,Shamela0009059BK1,3369,472,678,138,53
578,379,834,Shamela0009059BK1,3370,86,616,170,32
578,639,1254,Shamela0021599,3924,903,1217,121,23
578,1301,1488,Shamela0021599,3927,304,483,141,92
578,88,239,JK000196,7968,402,577,119,85
578,1313,1488,JK000196,7972,776,983,129,73
578,9,102,Shamela0000963,3167,1227,1327,64,83
578,352,632,Shamela0000963,3168,1106,1502,128,33
578,88,239,Shamela0009059BK2,7973,168,343,119,85
578,1313,1488,Shamela0009059BK2,7977,556,763,129,73
578,518,1207,Shamela0012036,1160,739,1409,213,25
578,327,514,Shamela0012036,1160,17,223,141,79
578,115,244,Shamela0003565,7505,1235,1380,100,86
578,639,1305,JK000291,837,43,429,162,27
578,327,632,Shamela0021598,7291,926,1216,186,64
578,626,1207,Shamela0021598,7294,591,994,234,46
578,327,632,JK000208,4636,838,1128,186,64
578,626,1207,JK000208,4638,462,865,234,46
579,254,371,Shamela0011444BK2,3870,637,771,93,87
579,537,940,Shamela0021599,3932,708,1177,121,24
579,1017,1354,Shamela0021599,3949,290,517,143,54
579,1109,1421,Shamela0021599,3950,459,985,135,28
579,224,460,Shamela0000963,3171,5,565,174,40
579,46,500,Shamela0012036,1161,56,708,298,56
579,216,371,JK000291,838,1045,1231,119,81
579,1017,1354,JK000291,844,354,580,141,53
579,196,500,Shamela0021598,7297,257,607,240,86
579,46,460,Shamela0021598,7413,617,968,257,75
579,1041,1223,ShamAY0034251BK3,3534,705,1118,81,20
579,46,327,JK000208,4638,865,1304,167,46
579,216,500,JK000208,4640,272,862,186,38
580,564,781,JK001244,612,825,1048,117,62
580,693,1187,Shamela0011444BK2,3900,96,465,111,20
580,1,404,Shamela0011444BK2,3903,915,1289,249,72
580,45,432,Sham19Y0013577,6769,288,738,190,51
580,29,798,Shamela0021599,3949,527,1137,426,66
580,334,551,Shamela0021599,3950,1093,1365,99,41
580,1059,1436,Shamela0021599,3955,241,563,191,60
580,570,693,Sham19Y0032197,743,368,554,73,47
580,1,197,JK000196,8019,477,703,121,59
580,1,197,Shamela0009059BK2,8024,632,858,121,59
580,545,776,Kraken220314171616,1401,704,907,118,62
580,48,197,Kraken220314171616,1405,805,946,103,89
580,48,404,Shamela0011468BK1,3745,112,381,132,42
580,556,806,Shamela0012036,1170,913,1182,157,70
580,798,1361,Shamela0012036,1172,646,1016,181,37
580,29,197,Shamela0012036,1174,561,720,119,91
580,125,404,Shamela0003565,7544,196,504,141,50
580,29,798,JK000291,844,590,1202,427,66
580,883,1361,JK000291,845,983,1480,188,36
580,545,776,Shamela0021843,3809,793,995,119,62
580,48,197,Shamela0021843,3818,472,613,103,89
580,556,814,Shamela0021598,7326,573,824,151,68
580,1117,1361,Shamela0021598,7335,1,167,107,48
580,29,175,Shamela0021598,7340,1313,1450,102,89
580,556,781,Sham19Y0132962,1780,811,969,99,56
580,125,404,Sham19Y0132962,1786,11,346,149,50
580,48,432,ShamAY0034251BK3,3543,1106,1485,198,59
580,556,798,JK000208,4663,181,442,156,71
580,798,1361,JK000208,4667,405,775,181,37
580,29,197,JK000208,4671,660,819,124,94
580,58,394,Sham19Y0013783,3803,592,934,142,40
581,1305,1547,Shamela0011444BK2,3911,283,445,81,42
581,650,853,Shamela0009059BK1,3398,914,1224,77,28
581,4,200,Shamela0021599,3955,856,1022,136,84
581,1309,1547,Shamela0021599,3966,976,1117,84,45
581,783,1198,Shamela0021599,3967,339,711,211,55
581,815,1035,JK000196,8023,870,1023,107,60
581,815,1035,Shamela0009059BK2,8028,1005,1158,107,60
581,650,1035,Shamela0003565,7547,1069,1436,176,45
581,1309,1547,JK000291,849,616,757,84,45
581,783,1031,Shamela0021598,7349,307,487,117,55
581,815,1449,JK000208,4677,698,1291,247,37
582,101,732,Shamela0021599,3969,150,1293,368,39
583,181,642,Shamela0011327,359,352,570,92,21
583,1158,1425,Shamela0011444BK2,3928,811,1130,166,59
583,197,415,Shamela0009059BK1,3399,1,262,146,68
583,594,730,ShamAY0034068,2145,880,1019,107,95
583,1158,1453,Shamela0021599,3972,1210,1454,167,67
583,588,768,Shamela0021599,3979,1083,1306,136,75
583,783,1056,Shamela0021599,3980,237,670,209,61
583,871,1166,JK000196,8038,1062,1274,130,54
583,181,477,Shamela0000963,3182,423,530,74,32
583,783,1166,Shamela0000963,3183,635,1022,112,25
583,871,1166,Shamela0009059BK2,8043,1266,1478,130,54
583,588,768,Shamela0012036,1179,21,248,135,73
583,1158,1453,Shamela0012036,1183,54,230,131,55
583,189,415,Shamela0003565,7548,26,291,149,68
583,871,1166,Shamela0003565,7560,440,722,183,76
583,1158,1453,JK000291,850,1263,1507,167,67
583,588,768,JK000291,852,1251,1474,136,75
583,443,768,Shamela0021598,7360,790,1347,189,38
583,1158,1453,Shamela0021598,7375,1004,1180,131,55
583,434,768,JK000208,4684,772,1331,195,39
584,1,367,Shamela0011327,359,832,1086,170,56
584,94,419,Shamela0021599,3973,63,366,184,70
584,620,764,Shamela0021599,3982,1125,1272,103,87
584,1,195,Shamela0000963,3184,742,904,118,75
584,502,1041,Shamela0000963,3187,434,1229,316,47
584,764,945,Kraken220314171616,1411,173,519,104,37
584,587,952,Shamela0012036,1179,1053,1318,151,43
584,945,1320,Shamela0012036,1180,1115,1465,152,38
584,1,371,Shamela0012036,1183,230,786,235,51
584,50,419,JK000291,851,1,401,219,64
584,507,920,JK000291,853,105,263,122,35
584,778,952,Shamela0021598,7361,169,311,107,75
584,945,1380,Shamela0021598,7369,88,505,177,39
584,1,274,Shamela0021598,7375,1180,1503,189,71
584,768,952,JK000208,4686,677,822,107,71
584,1,371,JK000208,4694,543,1099,235,51
585,715,876,Shamela0021599,3998,1352,1497,112,83
585,903,1487,Shamela0021599,4002,604,1176,430,88
585,562,709,Shamela0021599,4019,1,200,114,72
585,38,260,JK000196,8078,1019,1259,175,92
585,917,1181,Shamela0000963,3191,1201,1428,166,74
585,720,893,Shamela0000963,3193,204,360,122,85
585,38,191,Shamela0009059BK2,8083,1348,1519,120,88
585,260,386,Shamela0003565,7594,559,701,87,73
585,38,260,Shamela0003565,7595,1110,1350,175,92
585,1098,1487,Shamela0021598,7413,995,1482,301,77
585,19,228,Shamela0021598,7416,602,776,118,66
585,720,893,Shamela0021598,7418,301,457,122,85
585,1098,1212,JK000208,4717,1359,1473,91,99
585,1212,1487,JK000208,4718,1,363,211,74
585,720,893,JK000208,4719,1191,1347,122,85
586,1016,1300,Shamela0009059BK1,3425,872,1207,136,52
586,1030,1319,Shamela0000963,3194,692,1354,138,25
586,482,1033,Shamela0012036,1191,301,551,161,36
586,1368,1549,Shamela0003565,7613,272,626,107,37
587,448,595,Shamela0011444BK2,3956,1086,1252,116,85
587,104,400,JK000196,8088,1063,1565,172,35
587,238,792,JK000196,8089,45,499,174,31
587,1228,1584,JK000196,8090,811,1166,287,98
587,190,792,Shamela0009059BK2,8094,248,872,214,31
587,1228,1584,Shamela0009059BK2,8095,1143,1498,287,98
587,87,595,Shamela0011468BK1,3819,83,355,189,44
587,792,1040,Shamela0012036,1192,580,821,174,82
587,87,595,Shamela0003565,7612,994,1438,325,73
587,705,1584,Shamela0003565,7613,626,1373,502,64
587,1242,1566,Shamela0021592,586,742,1507,249,40
587,1144,1584,Shamela0021598,7419,127,562,355,98
587,104,645,Shamela0021598,7429,928,1577,349,57
587,645,792,Shamela0021598,7430,1,185,115,76
587,792,1040,Shamela0021598,7431,192,434,175,82
587,792,957,JK000208,4724,412,590,124,84
587,1091,1235,Sham19Y0013783,3852,616,760,116,100
588,1,517,JK000196,8090,1166,1640,357,82
588,517,1633,JK000196,8091,1,1117,871,92
588,1,145,Shamela0009059BK2,8095,1498,1642,116,99
588,145,1633,Shamela0009059BK2,8096,1,1446,1113,88
588,1,180,Shamela0003565,7613,1373,1553,144,99
588,180,326,Shamela0003565,7614,1,156,118,94
588,376,997,Shamela0003565,7614,988,1623,486,88
588,997,1633,Shamela0003565,7615,1,632,501,97
588,1,1081,Shamela0021598,7419,562,1617,788,85
588,1081,1633,Shamela0021598,7420,1,556,430,94
589,1,165,JK000196,8091,1117,1291,121,84
589,291,696,JK000196,8092,412,768,282,84
589,1,165,Shamela0009059BK2,8096,1446,1620,121,84
589,291,696,Shamela0009059BK2,8097,730,1086,282,84
589,1,696,Shamela0003565,7615,632,1325,506,84
589,1,141,Shamela0021598,7420,556,694,112,98
589,291,676,Shamela0021598,7421,1181,1533,264,79
589,291,696,JK000208,4721,291,660,279,79