ms1,b1,e1,id2,ms2,b2,e2,ch_match,matches_percent
6,1214,1669,Kraken210630005153,4618,437,828,295,76
6,20,259,ShamIbadiyya0000884,100,1292,1554,118,47
6,1222,1678,Shamela0009091,908,932,1357,340,91
6,1123,1669,Shamela0012860,385,1,716,296,42
6,1222,1678,Shamela0001000,1037,962,1398,352,94
6,1,209,JK003609,5851,1462,1734,129,58
6,1307,1678,Sham19Y0147597,1601,1,372,301,100
6,1214,1678,Sham19Y0029560,1171,929,1388,334,82
6,7,480,Shamela0010906,6311,461,1158,365,62
6,1023,1658,Shamela0010906,6312,105,1018,267,30
6,1222,1678,Shamela0012398,1106,435,851,332,89
6,1214,1669,Shamela0035100,7440,125,469,240,61
6,995,1647,Sham19Y0000259,934,680,1286,332,52
7,1,469,Kraken210630005153,4618,828,1147,233,61
7,1,298,Shamela0009091,908,1357,1621,202,79
7,298,469,Shamela0009091,909,1,171,134,97
7,170,780,Shamela0012860,385,728,1312,254,46
7,975,1381,Shia003356Vols,707,973,1513,312,71
7,1391,1608,Shia003356Vols,708,137,425,176,74
7,1,214,Shamela0001000,1037,1398,1617,170,92
7,214,469,Shamela0001000,1038,1,258,206,99
7,1,481,ShamAY0037021,471,12,546,263,52
7,1,185,Sham19Y0147597,1601,372,567,151,93
7,85,333,Sham19Y0029560,1171,1336,1609,169,69
7,1,280,Shamela0004445,5691,293,444,101,45
7,170,780,Shamela0010906,6312,1023,1454,254,52
7,1,469,Shamela0012398,1106,851,1223,296,77
7,170,432,Shamela0035100,7440,481,748,183,84
7,1,469,Sham19Y0000259,934,1290,1594,240,63
8,1140,1553,Shamela0006674,1168,148,871,181,26
8,467,719,Shamela0009091,909,285,489,135,66
8,467,719,Shamela0001000,1038,367,584,146,72
8,723,915,JK003609,5852,155,415,106,42
8,297,719,Sham19Y0029560,1172,274,694,171,42
8,723,915,Shamela0010906,6312,1276,1575,108,38
8,467,719,Shamela0012398,1106,1305,1522,146,72
8,1140,1572,Shamela0012286,3015,941,1189,171,48
8,776,915,Shamela0035100,7441,990,1105,74,63
9,177,312,Shia003366Vols,6465,258,516,64,28
9,50,199,Shamela0006674,1168,389,900,113,27
9,81,204,Masaha0003164Vols,870,9,229,88,51
9,50,312,Shia001555Vols,226,458,847,139,40
9,1125,1499,Shamela0012286,3016,3,388,267,77
10,863,1131,Shamela0006674,1168,926,1496,205,44
10,863,1004,Shamela0001003,738,628,772,108,94
10,876,999,JK003609,1090,1,127,96,95
10,863,1609,Shamela0000131,1766,631,1116,192,25
10,863,1131,Shia003636Vols,14195,334,812,204,51
10,863,1217,Shamela0028182,213,698,960,182,63
10,687,1217,Sham19Y0145334,2961,1334,1610,179,39
14,1012,1193,Shamela0031370,124,1365,1541,135,88
14,1012,1217,JK001016,127,424,624,153,91
14,1012,1217,Sham19Y0029600,382,337,543,153,91
15,593,1505,JK001016,3,505,1373,658,89
15,849,1202,Sham19Y0029600,14,1198,1553,267,93
15,593,849,Sham19Y0029600,14,301,568,199,90
15,1309,1505,Sham19Y0029600,15,691,883,151,96
15,845,1437,Sham19Y0029600,16,1,278,114,22
15,1007,1437,Shia002369Vols,578,1,265,175,49
15,793,1358,Masaha001978Vols,168,283,561,179,39
15,793,1358,Shia001432Vols,15313,992,1253,170,37
15,802,1358,Shia001615Vols,3490,657,914,164,36
16,16,348,Shia003912,64,904,1228,194,69
16,1200,1571,JK001016,3,649,1024,251,83
16,179,581,JK001016,4,1,380,282,85
16,16,251,ShamAY0038630,430,1377,1613,183,97
16,1294,1571,Sham19Y0029600,14,1177,1461,193,85
16,301,550,Sham19Y0029600,16,1244,1489,184,87
16,33,288,Sham19Y0029600,16,381,636,195,95
16,16,204,Sham19Y0029600,17,122,332,72,33
16,164,348,Shia002369Vols,141,1,172,116,77
17,1077,1459,Shamela0031370,46,880,1133,191,62
17,1,471,JK001016,3,1024,1420,286,72
17,1077,1203,JK001016,4,1383,1507,98,96
17,1203,1522,JK001016,5,1,320,251,100
17,1036,1522,Sham19Y0029600,20,310,951,309,53
18,1343,1513,Sham19Y0029601,45,949,1097,69,51
18,717,1097,JK001016,93,704,1326,303,60
18,1330,1533,JK001016,95,915,1127,163,94
18,788,1068,Sham19Y0029600,285,1,297,207,88
18,1306,1513,Sham19Y0029600,293,425,636,159,89
18,1330,1533,Sham19Y0148096,102,368,509,104,61
19,1443,1589,JK001016,31,886,1066,116,79
19,721,891,JK001016,62,1351,1520,135,97
19,891,1217,JK001016,63,1,330,257,96
19,12,395,JK001016,96,1179,1610,257,72
19,721,1018,Sham19Y0029600,206,1183,1445,165,67
19,903,1217,Sham19Y0029600,207,71,388,246,95
19,12,401,Sham19Y0029600,296,126,564,262,72
20,175,434,JK001016,32,511,783,194,84
20,1313,1564,JK001016,96,150,397,199,96
20,1313,1564,Sham19Y0029600,294,1021,1271,200,96
21,62,1019,JK001016,96,397,1363,756,95
21,1239,1593,JK001016,98,63,387,255,85
21,62,287,Sham19Y0029600,294,1271,1497,181,98
21,287,879,Sham19Y0029600,295,574,1171,434,88
21,801,1019,Sham19Y0029600,296,84,310,177,96
21,1245,1593,Sham19Y0029600,299,601,914,255,87
22,1135,1450,Shia004092Vols,6403,975,1248,195,74
22,927,1151,Shamela0031370,67,888,1111,169,85
22,1135,1450,Rafed0002654Vols,6395,416,688,195,73
22,927,1644,JK001016,47,125,833,537,89
22,1,622,JK001016,98,387,1383,488,59
22,927,1644,Sham19Y0029600,166,128,853,545,88
22,1,439,Sham19Y0029600,299,914,1491,312,64
22,374,622,Sham19Y0029600,300,1,352,186,64
22,1020,1289,Sham19Y0036540,2148,1357,1595,183,81
23,644,838,Shamela0031370,181,467,650,102,65
23,1,675,JK001016,47,833,1340,378,66
23,656,875,JK001016,48,639,876,142,72
23,1079,1614,JK001016,103,398,1232,431,63
23,1,316,Sham19Y0029600,166,853,1610,259,40
23,1179,1548,Sham19Y0029600,316,1,350,252,84
23,1479,1614,Sham19Y0029600,317,246,423,107,76
23,1463,1614,Sham19Y0148096,143,284,417,103,85
24,37,309,Shamela0031370,184,4,263,193,84
24,462,1141,JK001016,30,962,1603,516,92
24,1141,1650,JK001016,31,1,512,389,93
24,1,309,JK001016,103,1232,1536,239,91
24,528,1304,Sham19Y0029600,108,190,1318,593,61
24,1304,1650,Sham19Y0029600,109,668,1013,257,92
24,870,1032,Sham19Y0029600,111,1287,1421,105,79
24,1,309,Sham19Y0029600,317,423,734,244,93
24,441,1215,Shamela0012034,591,892,1612,576,90
24,1215,1650,Shamela0012034,592,1,433,314,82
25,1,252,Shia004092Vols,6447,828,1077,204,96
25,1,252,Rafed0002654Vols,6440,1076,1327,206,96
25,411,872,JK001016,30,483,1139,357,65
25,1,330,JK001016,31,512,839,266,94
25,382,762,Sham19Y0029600,107,221,1313,273,30
25,1,252,JK007040,2497,81,253,139,66
25,1,252,Shamela0001687,4285,673,859,152,71
25,411,872,Shamela0012034,591,399,1081,358,64
25,1,330,Shamela0012034,592,433,758,266,94
26,1145,1469,Shamela0031370,74,732,961,152,56
26,106,501,JK001016,69,9,428,301,87
26,1145,1478,JK001016,102,867,1180,229,80
26,106,369,Sham19Y0029600,222,1241,1531,203,85
26,1150,1478,Sham19Y0029600,314,317,660,232,80
27,246,842,Shamela0031370,36,320,852,387,74
27,489,882,Shamela0010664,1031,634,1060,269,76
27,356,842,JK001016,94,1,504,374,89
27,233,601,Sham19Y0029600,287,1264,1633,263,80
27,257,842,Sham19Y0029600,288,26,688,245,32
28,20,444,Shamela0031370,182,628,998,271,77
28,1,304,JK001016,89,1244,1549,235,96
28,304,529,JK001016,90,1,207,138,73
28,1,481,Sham19Y0029600,277,146,609,354,89
29,599,1074,JK001016,25,58,646,237,44
29,818,1074,Sham19Y0029600,90,60,320,197,95
30,723,1062,JK001016,36,680,968,221,81
30,80,374,JK001016,75,1236,1537,232,95
30,809,1062,Sham19Y0029600,128,1,207,155,76
30,80,422,Sham19Y0029600,235,838,1185,271,96
30,225,422,Shia002369Vols,61,1212,1410,131,75
30,716,957,Shamela0029882,765,192,403,156,81
30,716,957,Sham19Y0020891,1707,600,813,158,82
31,125,685,JK001016,36,1075,1571,385,82
31,696,1639,JK001016,37,6,882,665,84
31,125,906,Sham19Y0029600,128,746,1452,552,84
31,906,1500,Sham19Y0029600,129,198,756,432,87
31,551,666,Sham19Y0029600,130,911,1026,92,99
31,1390,1599,Sham19Y0029600,131,538,726,146,85
31,1053,1390,Shamela0029882,765,403,661,183,66
32,182,569,JK007081,647,757,977,142,44
32,1,635,JK001016,37,882,1518,512,99
32,158,522,Sham19Y0122257,2008,1316,1569,200,67
32,522,635,Sham19Y0122257,2009,1,114,92,100
32,158,569,Sham19Y0014299,608,316,634,237,71
32,1,635,Sham19Y0029600,130,87,723,506,97
32,158,374,Sham19Y0020891,1302,1326,1544,169,94
32,374,635,Sham19Y0020891,1303,1,232,186,88
33,883,1103,Shamela0031370,112,409,629,129,68
33,883,1111,JK001016,64,1212,1440,183,99
33,883,1271,Sham19Y0029600,214,290,821,257,54
33,883,1074,Shamela0001000,1588,799,967,134,85
34,1,615,JK001016,71,1036,1568,423,83
34,620,967,JK001016,72,5,338,257,88
34,1,1018,Sham19Y0029600,227,389,1371,697,77
35,483,640,Shamela0031370,181,1433,1585,106,80
35,763,1532,Sham19Y0000760,1203,137,939,485,70
35,1,355,JK001016,55,1097,1369,178,57
35,443,850,JK001016,70,1109,1521,284,84
35,860,1532,JK001016,71,7,696,533,95
35,443,839,Sham19Y0029600,225,1098,1500,276,84
35,450,1532,Sham19Y0029600,226,47,1112,607,57
35,1188,1522,Shamela0006897,200,265,593,206,73
37,616,898,Sham19Y0029601,9,650,953,179,68
37,603,850,Sham19Y0029600,36,350,672,121,44
37,733,893,Shia003965Vols,2313,973,1252,93,40
38,1,343,Sham19Y0029601,14,730,1037,241,85
38,716,1044,Sham19Y0000760,431,1197,1481,208,78
38,31,343,Sham19Y0029600,64,1,263,204,80
38,749,1078,Shia003965Vols,9711,367,686,218,83
38,716,1044,Shamela0001687,7019,296,614,257,96
39,256,698,Sham19Y0029601,7,1057,1559,318,73
39,256,776,Sham19Y0029600,20,680,1309,301,49
40,738,974,JK000845,234,321,558,189,93
43,1071,1320,JK000845,234,321,548,122,55
45,996,1399,Sham19Y0000760,288,1010,1398,270,80
45,996,1399,JK001016,70,119,532,312,93
45,1141,1399,Sham19Y0029600,224,1,262,198,93
46,779,917,Sham19Y0029600,224,812,948,106,91
47,1019,1295,JK001016,40,451,728,204,85
47,1019,1295,Sham19Y0029600,137,930,1207,202,84
47,1019,1295,Sham19Y0029600,138,243,511,195,82
48,1444,1610,JK001016,57,463,630,137,98
48,998,1304,Sham19Y0029600,138,812,1222,175,51
48,1444,1610,Sham19Y0029600,191,1175,1342,137,98
49,1,434,JK001016,57,791,1224,348,97
49,1174,1386,JK001016,98,1391,1639,172,84
49,1386,1606,JK001016,114,1109,1397,159,67
49,89,443,Sham19Y0029600,192,1,354,286,96
49,1174,1386,Sham19Y0029600,300,768,1022,172,82
49,1386,1501,Sham19Y0029600,347,1352,1467,89,99
49,1386,1525,Sham19Y0029600,348,271,401,100,91
50,939,1481,Shamela0010664,552,426,1017,213,37
50,852,1103,JK001016,24,1240,1515,189,83
50,1111,1481,JK001016,25,1,367,279,91
50,106,240,JK001016,81,483,618,108,98
50,935,1298,Sham19Y0029600,89,467,818,267,88
50,1298,1445,Sham19Y0029600,89,1370,1516,114,94
50,106,240,Sham19Y0029600,253,388,523,108,98
51,1377,1525,Sham19Y0000760,430,1213,1358,111,92
51,1244,1525,JK001016,81,836,1114,224,97
51,1244,1409,Sham19Y0029600,253,1420,1585,136,100
51,1244,1397,Sham19Y0029600,254,122,604,119,30
52,1434,1587,Sham19Y0016421,27,1223,1385,121,92
53,517,793,JK001016,36,246,590,199,70
53,614,793,Sham19Y0029600,127,590,774,131,86
55,1,190,Sham19Y0148096,126,485,707,100,53
55,1,190,Sham19Y0020891,2775,844,1030,142,90
56,5,188,JK001016,124,454,651,142,83
57,1288,1558,Shamela0031370,160,1,247,189,86
57,1304,1528,JK001016,61,1,231,181,97
57,1254,1528,Sham19Y0029600,203,373,659,217,94
57,1237,1523,Sham19Y0020891,4317,1319,1572,192,82
58,1072,1428,JK001016,85,974,1591,277,55
59,954,1165,JK001016,12,231,440,161,96
60,1215,1329,Shamela0031370,165,648,762,90,99
60,1215,1403,JK001016,58,770,959,148,97
60,523,802,Masaha003619,118,519,901,145,47
60,1215,1403,Sham19Y0029600,194,953,1142,147,96
60,1264,1498,Sham19Y0029600,195,1,371,99,28
60,523,916,Shamela0012286,713,252,953,234,39
61,687,1148,JK001016,30,483,1139,356,65
61,892,1037,Sham19Y0029600,107,1127,1313,115,74
61,687,892,Sham19Y0029600,107,240,610,149,49
61,687,1148,Shamela0012034,591,399,1081,356,63
62,591,840,Shia001544Vols,648,200,376,135,67
62,598,840,JK001016,32,791,1091,168,65
62,598,817,Sham19Y0036540,2147,704,913,130,70
62,1425,1548,Shia003732Vols,5889,176,349,72,48
62,1425,1548,Shamela0012286,239,1345,1518,72,48
62,1422,1548,Sham19Y0016772,1840,19,251,84,45
63,661,891,Shamela0031370,108,701,963,185,85
63,655,891,JK001016,116,1016,1280,191,87
63,655,811,Sham19Y0029600,353,1093,1247,124,97
64,225,524,Shamela0031370,121,1068,1406,170,56
64,225,569,JK001016,81,1122,1546,267,77
64,212,569,Sham19Y0029600,254,641,1091,278,75
64,225,569,Zaydiyya0000059,1444,717,1160,264,72
65,339,735,JK001016,69,9,428,303,88
65,339,602,Sham19Y0029600,222,1241,1531,203,86
66,220,575,Shamela0031370,36,496,852,265,86
66,220,615,Shamela0010664,1031,634,1060,269,76
66,108,575,JK001016,94,26,504,343,86
66,350,575,Sham19Y0029600,288,450,688,178,92
66,1001,1120,Shamela0023775,1313,1209,1337,85,78
66,1441,1592,Sham19Y0013231,8278,1314,1492,102,71
66,1001,1263,Shia003633,270,135,626,180,44
66,1001,1263,Shamela0012286,1180,484,925,189,51
67,370,750,Shamela0031370,55,474,910,303,86
67,435,662,JK007081,539,1380,1612,176,93
67,377,794,JK001016,6,366,857,310,78
67,377,599,Sham19Y0029600,26,742,1000,181,85
67,1188,1403,Shia001764Vols,2151,717,933,160,89
68,410,744,Sham19Y0016826,1109,185,901,163,26
68,71,311,Shamela0031370,38,741,974,177,91
68,410,825,Shamela0031370,125,1037,1462,325,93
68,410,825,Sham19Y0017116,1336,789,1231,306,80
68,79,396,JK011032,246,814,1252,228,64
68,71,305,JK001016,23,1285,1559,167,72
68,410,825,JK001016,121,974,1401,335,96
68,71,396,Sham19Y0029600,85,845,1493,239,45
68,410,825,Sham19Y0029600,367,217,643,334,96
68,425,731,JK006705,379,85,393,203,71
69,185,680,JK001016,8,209,793,350,74
69,254,680,Sham19Y0029600,36,47,892,294,43
69,268,372,Sham19Y0029600,37,253,358,82,99
69,201,648,Shamela0001000,1591,1160,1507,222,59
69,408,684,Shamela0011056,71,1,284,187,78
69,372,675,JK009204,60,1152,1475,197,73
69,254,372,Shia004649Vols,2567,882,1000,90,96
69,377,656,Shamela0003583,32,1167,1466,184,72
70,358,713,Shamela0031370,175,494,856,254,83
70,137,369,Sham19Y0029601,9,712,948,147,70
70,378,708,JK001016,49,293,648,253,87
70,720,878,Zaydiyya0000162,2076,417,566,102,72
70,134,363,Sham19Y0029600,36,392,712,116,44
70,378,713,Sham19Y0029600,172,557,913,255,87
70,720,878,Sham19Y0150676,2136,50,202,109,80
70,208,369,Shia003965Vols,2313,973,1252,92,40
70,720,863,Shamela0012286,265,1377,1512,102,84
70,720,868,ShamIbadiyya0000771,39,725,862,105,84
71,99,554,JK001016,49,662,1005,262,71
71,99,554,Sham19Y0029600,172,921,1577,263,42
71,583,759,Sham19Y0029600,288,26,201,116,75
72,325,544,JK001016,87,924,1149,161,85
72,12,178,Sham19Y0029600,299,776,972,126,75
74,563,756,Shamela0031370,131,811,995,139,89
74,1161,1305,Shamela0009757,343,1,145,105,90
74,756,1099,JK001016,14,360,810,242,63
74,614,747,JK001016,111,1,133,106,99
74,756,1099,Sham19Y0029600,60,66,514,239,61
74,563,747,Sham19Y0029600,338,430,613,146,99
74,1121,1305,Shia003965Vols,2839,882,1288,136,43
74,1121,1305,Shamela0001687,2081,589,778,137,93
75,398,935,JK006913,4,1060,1540,298,60
75,889,1111,Shamela0031370,34,446,729,145,62
75,390,700,Shamela0031370,49,1029,1272,172,67
75,970,1111,Sham19Y0000760,721,982,1149,99,73
75,288,945,JK001016,22,191,1087,475,62
75,945,1111,JK001016,89,517,753,127,67
75,381,935,Sham19Y0029600,82,443,1590,401,42
75,945,1111,Sham19Y0148096,134,600,762,108,73
75,967,1111,JK001460,508,1279,1454,108,77
76,737,1024,Kraken210630005153,917,1017,1487,231,59
76,748,1024,Kraken210630005153,2138,673,1131,221,58
76,277,575,JK001016,9,1265,1545,215,89
76,277,575,Shamela0005390,292,86,357,200,81
76,341,575,Sham19Y0029600,45,1,217,163,86
76,737,1024,Shamela0002114,304,797,1254,232,61
76,825,1024,Shamela0012286,1909,1,242,162,80
77,521,770,Shamela0031370,189,180,422,194,94
77,87,598,JK001016,93,256,783,345,77
77,510,1541,JK001016,107,852,1479,410,44
77,87,274,Sham19Y0029600,283,1172,1596,129,36
77,166,529,Sham19Y0029600,284,267,649,271,85
77,501,1028,Sham19Y0029600,330,960,1497,392,86
77,336,521,Sham19Y0150966,181,1,188,143,90
78,644,940,Kraken210630005153,1477,1002,1274,164,63
78,701,1065,Kraken210630005153,2477,1,352,209,61
78,627,1065,Kraken210630005153,5429,513,995,268,60
78,125,323,Shamela0031370,66,371,567,147,90
78,104,323,Sham19Y0018100,822,30,254,156,83
78,125,323,JK001016,38,722,918,147,90
78,125,323,Sham19Y0029600,133,953,1149,146,89
78,134,258,Sham19Y0029600,134,1,127,95,95
78,184,323,Sham19Y0017350,286,24,165,101,88
78,619,1065,ShamAY0036737,216,64,549,269,60
78,627,1065,Shamela0002114,85,762,1228,267,61
78,869,1065,Shamela0012286,932,1,173,135,82
79,1192,1469,Kraken210630005153,3350,519,857,178,59
79,1181,1560,Kraken210630005153,4362,340,849,264,63
79,875,1041,Sham19Y0020594,350,1085,1270,125,78
79,1,270,Sham19Y0018100,822,798,1088,208,91
79,1,270,JK001016,39,6,297,209,91
79,1,270,Sham19Y0029600,134,482,777,209,90
79,1,270,Shia003636Vols,5544,899,1162,175,77
79,1,270,Shamela0003583,69,1117,1383,175,77
79,1229,1541,Shamela0002114,17,220,608,235,73
79,1229,1541,Shamela0012286,2764,132,521,236,74
79,875,1041,Shamela0012286,3643,649,826,125,82
81,999,1521,JK001016,21,1018,1572,400,86
81,982,1317,Sham19Y0029600,81,229,601,247,80
81,1317,1521,Sham19Y0029600,81,1193,1395,160,95
82,955,1280,Shia001399,292,1249,1560,226,86
82,548,732,Shamela0031370,29,404,560,116,75
82,935,1280,Shamela0031370,58,790,1057,197,72
82,935,1455,JK001016,22,1087,1613,416,97
82,1455,1632,JK001016,23,1,179,146,99
82,548,732,JK001016,76,900,1097,138,84
82,540,732,Shia002702Vols,2163,1103,1305,144,85
82,935,1632,Sham19Y0029600,83,660,1365,558,97
82,743,907,Sham19Y0029600,227,1440,1604,133,95
82,548,732,Sham19Y0029600,236,927,1124,139,85
83,562,899,Shamela0031370,74,732,961,143,51
83,1,602,JK001016,23,179,438,186,38
83,562,908,JK001016,102,867,1180,230,75
83,1,544,Sham19Y0029600,83,1365,1565,156,34
83,567,908,Sham19Y0029600,314,317,660,223,74
84,197,671,Sham19Y0000760,489,164,677,287,62
84,705,962,JK001016,60,1232,1507,182,78
84,432,629,JK001016,88,1,201,159,96
84,962,1560,JK001016,93,704,1013,226,46
84,153,629,Sham19Y0029600,270,619,1137,334,72
84,1035,1560,Sham19Y0029600,285,1,223,169,40
85,944,1148,Shia004092Vols,10799,65,347,122,53
85,952,1056,Shamela0009099,320,648,752,81,99
85,944,1148,Rafed0002654Vols,10963,818,1101,122,53
85,474,599,JK001016,3,649,778,72,69
85,955,1148,ShamAY0034624,37,666,1044,78,22
85,955,1056,Shamela0004445,3451,1146,1247,79,99
85,955,1148,JK000916,16134,512,782,121,56
85,952,1056,Shia003636Vols,920,1180,1290,80,91
86,1,554,JK001016,3,889,1420,371,79
86,554,809,JK001016,4,180,457,189,84
86,386,563,Sham19Y0029600,16,224,420,68,39
86,554,740,Sham19Y0029600,16,1319,1502,138,92
87,1172,1445,JK001016,105,764,1079,216,81
87,1172,1445,Sham19Y0029600,324,919,1232,214,81
88,1230,1544,Shamela0031370,42,729,1110,196,61
88,1256,1594,JK001016,23,679,1027,259,92
88,1256,1509,Sham19Y0029600,84,318,575,190,92
89,90,242,Shamela0031370,167,43,226,109,70
89,882,1059,JK001016,19,1066,1250,141,91
89,900,1059,Sham19Y0029600,75,1455,1623,131,93
89,893,1029,Sham19Y0029600,76,268,405,112,97
89,90,271,Sham19Y0029600,205,1193,1426,138,73
90,970,1419,Shamela0031370,110,1,392,283,74
90,970,1542,Shia001544Vols,231,1,606,451,91
90,944,1525,JK001016,1,955,1599,461,88
90,1104,1416,Sham19Y0029600,6,1,814,246,37
90,1298,1462,Sham19Y0029600,7,534,693,124,94
90,960,1542,Sham19Y0017350,155,769,1308,334,64
90,1156,1542,Sham19Y0013769,307,1004,1289,207,65
90,960,1462,Sham19Y0013252,8271,468,848,258,60
90,1017,1185,Sham19Y0020891,3739,1,145,98,66
91,675,940,Sham19Y0003742,265,77,241,117,53
91,669,940,Shamela0001687,2855,692,1023,193,67
92,473,1334,Shamela0031370,109,201,1025,425,52
92,836,1264,JK007081,57,359,670,180,49
92,469,1368,JK001016,52,47,1466,638,52
92,469,732,Sham19Y0029600,180,284,551,205,87
92,1032,1368,Sham19Y0029600,181,1,514,210,47
92,473,1368,Sham19Y0020891,4382,1,788,401,43
93,1276,1436,Shamela0002114,126,78,571,117,29
95,366,534,Shamela0031370,122,429,589,117,86
95,366,523,JK001016,50,1329,1492,122,93
95,366,491,Sham19Y0029600,178,437,551,90,89
96,1103,1418,JK001016,26,503,803,223,87
96,8,133,JK001016,72,1023,1205,100,67
96,1103,1309,Sham19Y0029600,96,1169,1370,156,92
97,1014,1227,JK001016,122,371,598,157,82
98,28,149,Sham19Y0029601,57,573,693,93,95
98,276,576,JK001016,78,130,533,217,62
98,251,495,Sham19Y0029600,241,800,1515,178,30
98,886,1017,Shamela0002114,187,165,301,87,81
98,886,1017,Shamela0012286,2867,838,977,89,82
99,121,511,Shamela0031370,144,124,423,197,58
99,121,535,JK001016,25,654,1097,326,89
99,1483,1624,JK001016,26,506,648,113,98
99,121,546,Sham19Y0029600,91,401,849,330,88
99,403,535,Sham19Y0029600,93,316,450,110,98
99,1483,1624,Sham19Y0029600,96,1172,1314,114,99
99,142,440,Sham19Y0148096,139,522,778,182,74
100,344,527,Masaha004846,279,403,586,146,98
100,342,608,Zaydiyya0000358,65,813,1065,168,72
100,344,613,Kraken210630005153,881,688,963,211,94
100,344,613,Kraken210630005153,5687,816,1086,211,97
100,1377,1533,Shamela0031370,72,8,186,116,83
100,344,532,Shamela0036578,1154,485,674,111,71
100,1358,1553,JK001016,14,1271,1519,139,70
100,18,252,JK001016,27,189,429,160,78
100,1358,1553,Sham19Y0029600,61,1136,1393,123,60
100,18,252,Sham19Y0029600,98,852,1439,163,34
100,18,164,Sham19Y0029600,99,1073,1220,101,79
100,344,697,Kraken21042004,29,599,995,153,34
100,342,613,Shia003408Vols,651,77,335,179,79
100,342,579,Shamela0002114,95,1324,1545,172,90
100,342,667,Shamela0012286,778,611,1396,254,40
101,17,165,JK001016,31,886,1066,117,79
101,172,422,JK001016,32,432,718,186,78
101,60,250,Shia002702Vols,11183,939,1256,88,29
102,406,1056,Shamela0031370,122,994,1235,162,30
102,885,1100,Sham19Y0000760,1209,1205,1461,126,56
102,113,382,JK001016,19,221,521,212,86
102,406,1100,JK001016,113,1,389,197,30
102,1110,1369,JK001016,119,707,1019,197,73
102,113,382,Sham19Y0029600,74,673,974,212,86
102,406,1100,Sham19Y0029600,343,491,879,191,29
102,1167,1369,Sham19Y0029600,360,201,712,141,33
103,995,1294,JK001016,110,686,997,230,89
103,1304,1463,JK001016,111,207,367,128,99
103,995,1273,Sham19Y0029600,335,804,1521,213,36
103,995,1226,Sham19Y0029600,337,486,1062,162,33
103,995,1257,Shia004649Vols,2467,457,732,159,64
104,855,1100,Shamela0031370,34,446,778,169,62
104,933,1080,JK007081,772,1286,1471,109,71
104,609,795,JK001016,50,375,787,143,42
104,903,1108,JK001016,89,517,810,161,68
104,925,1108,Sham19Y0029560,925,1246,1435,109,60
104,985,1108,Kraken220216061222,296,18,289,98,45
104,925,1108,JK001460,508,1279,1510,136,74
105,510,638,Sham19Y0029600,92,1229,1357,99,96
106,409,1029,Shamela0031370,53,1168,1351,128,25
106,409,1033,Sham19Y0000760,401,1251,1575,144,23
106,1211,1338,JK001016,62,1082,1208,102,98
106,409,1041,JK001016,117,290,513,154,29
106,1211,1338,Sham19Y0029600,206,907,1033,102,98
106,83,703,Sham19Y0029600,345,685,1290,94,10
106,402,1041,Sham19Y0029600,355,561,794,155,29
106,1330,1637,Shamela0012286,726,795,1113,228,85
107,785,1422,Shamela0009702,892,1233,1473,93,18
108,1238,1527,Shamela0031370,32,217,416,144,60
108,1238,1563,JK001016,17,744,1086,253,91
108,148,482,JK001016,29,1124,1495,264,88
108,1238,1563,Sham19Y0029600,69,558,899,252,91
108,137,482,Sham19Y0029600,105,995,1383,272,87
108,236,482,Sham19Y0029600,106,1,704,156,27
108,148,382,Zaydiyya0000059,761,1350,1577,178,94
109,812,995,JK001016,17,1298,1472,131,91
109,1,211,JK001016,17,1086,1298,163,98
109,1,211,Sham19Y0029600,69,899,1059,123,74
110,1426,1541,JK006914,975,474,585,82,91
110,746,1054,JK001016,18,262,633,219,72
110,1118,1249,JK001016,123,1350,1506,95,75
110,746,1054,Sham19Y0029600,70,1022,1395,217,71
110,807,1009,Shia004649Vols,2193,899,1137,139,70
110,746,1066,Sham19Y0150966,1685,125,552,217,63
110,848,1018,Shamela0028182,8,1,194,113,71
111,564,1070,JK001016,80,782,1341,384,85
111,1081,1250,JK001016,114,837,1088,131,64
111,871,1168,Sham19Y0029600,252,1,285,168,63
113,1027,1245,Sham19Y0014114,234,1,122,87,46
113,1015,1245,Shamela0001000,972,840,1162,122,38
113,1245,1375,Shamela0001000,974,1226,1359,105,96
113,1015,1375,Sham19Y0127698,492,536,808,164,48
114,1,148,Sham19Y0000760,153,495,614,95,80
114,1,148,JK001016,7,829,980,117,97
114,367,578,JK001016,104,1081,1371,164,70
114,1,148,Sham19Y0029600,33,146,297,117,97
114,367,523,Sham19Y0029600,322,705,1272,69,13
114,367,578,Sham19Y0148096,140,1037,1266,109,54
114,5,153,Sham19Y0019236,60,656,803,113,95
115,369,772,Kraken210630005153,835,678,1339,304,54
115,1005,1180,Shamela0031370,128,91,269,132,90
115,1051,1180,JK001016,45,1,135,104,96
115,1191,1391,JK001016,109,1242,1459,164,91
115,369,735,Sham19Y0150676,2327,509,1072,285,61
115,457,796,Shamela0012286,3571,29,564,237,52
116,862,1012,Shamela0021608,578,1342,1467,98,82
116,723,1012,Shamela0031370,34,1171,1422,189,82
116,723,1224,JK001016,15,380,882,401,98
116,581,716,JK001016,101,764,898,111,99
116,723,1132,Sham19Y0029600,63,834,1243,327,98
116,581,762,Sham19Y0148096,130,794,974,118,74
116,723,1005,Sham19Y0148096,145,1296,1511,168,74
117,531,719,JK007081,899,855,1037,143,94
117,1059,1445,Sham19Y0029601,14,688,1037,276,87
117,313,959,JK001016,15,882,1552,514,95
117,313,917,Sham19Y0029600,64,729,1354,472,93
118,220,501,Shamela0031370,62,749,1030,219,96
118,764,1545,JK001016,4,581,1194,303,38
118,220,491,JK001016,122,789,1060,213,97
118,501,720,Sham19Y0029600,193,1207,1512,146,57
118,220,410,Sham19Y0029600,369,1377,1567,150,97
119,71,263,Shamela0031370,47,1236,1491,132,61
119,1091,1345,JK001016,95,184,430,187,87
119,1348,1560,JK001016,123,21,233,169,99
119,1348,1560,Sham19Y0029600,372,475,687,169,99
120,1063,1354,JK001016,95,915,1214,235,95
120,1063,1354,Sham19Y0029600,293,444,1082,226,43
120,1063,1333,Sham19Y0148096,102,368,575,158,70
120,841,966,Shamela0001687,5413,561,778,77,43
121,399,719,JK001016,96,1254,1610,242,81
121,399,725,Sham19Y0029600,296,201,564,247,81
122,454,847,Shamela0031370,155,1,416,282,77
122,314,677,JK001016,25,1184,1574,265,80
122,677,834,JK001016,26,1,305,127,50
122,847,1035,JK001016,73,1261,1451,144,93
122,314,834,Sham19Y0029600,92,66,1225,394,41
122,847,1035,Sham19Y0029600,230,1381,1569,144,94
122,847,1035,Sham19Y0029600,231,492,676,135,84
123,146,364,Shamela0031370,185,720,861,109,60
123,146,439,JK001016,108,506,879,226,75
123,146,439,Sham19Y0029600,332,523,904,228,74
123,146,439,JK003609,17,1017,1434,198,58
123,216,439,ShamAY0034662,24,33,358,162,61
124,1092,1222,JK001016,102,424,656,104,55
124,139,420,JK001016,119,1027,1596,198,42
124,1358,1547,JK001016,125,514,782,147,66
124,1,176,Sham19Y0029600,124,1191,1373,122,80
124,1358,1547,Sham19Y0029600,378,451,719,147,66
124,1358,1535,Shia004649Vols,1782,1443,1668,137,74
125,762,1006,Shamela0031370,70,1394,1605,169,83
125,800,1170,Sham19Y0000760,428,1172,1527,222,65
125,1,216,JK001016,86,641,853,163,90
125,762,1170,JK001016,88,984,1429,331,90
125,853,1248,Sham19Y0029600,273,1,406,273,79
126,23,129,Shamela0002863,2423,447,554,78,90
126,31,129,Sham19Y0148486,6609,1241,1340,75,95
126,31,129,Sham19Y0146127,3664,214,313,75,95
126,476,581,Sham19Y0020891,490,1463,1571,77,89
127,237,672,JK001016,58,24,455,345,97
127,793,1036,Sham19Y0029600,187,888,1150,189,87
127,237,672,Sham19Y0029600,193,378,803,338,95
127,803,1012,Sham19Y0148096,113,169,377,162,92
128,1,277,JK001016,6,89,358,210,93
128,281,567,Sham19Y0018254,1399,252,535,221,96
128,73,270,Sham19Y0029600,25,1356,1553,154,95
128,316,567,JK007040,1728,8,280,156,66
128,281,567,Shia003965Vols,8966,1253,1543,217,94
128,331,656,Shamela0001687,6377,1,735,249,42
128,285,486,Shia004649Vols,2112,1309,1571,156,75
128,311,567,Shia001432Vols,29852,1,244,176,83
128,1,277,Sham19Y0020891,417,55,327,208,90
129,906,1325,Shamela0031370,37,438,720,217,63
129,906,1045,JK001016,8,1339,1479,112,98
129,1045,1329,JK001016,9,1,302,226,93
129,906,1265,Sham19Y0029600,40,1062,1558,189,38
129,1045,1236,Sham19Y0029600,41,256,462,152,91
129,1135,1329,Sham19Y0020891,1365,601,807,154,93
129,986,1329,Sham19Y0020891,5912,769,1060,212,72
130,732,1364,Shamela0031370,103,293,867,294,50
130,1216,1342,JK001016,53,440,584,98,84
130,727,1191,JK001016,122,789,1529,364,62
130,732,1205,Sham19Y0029600,370,852,1332,367,96
130,885,1132,Sham19Y0020985,402,527,706,96,48
131,1218,1415,Shamela0031370,61,474,658,106,59
131,1224,1415,JK001016,12,14,198,112,65
131,886,1057,JK001016,59,1400,1574,136,96
131,542,879,JK001016,124,1146,1531,201,58
131,875,1148,Sham19Y0029600,198,861,1133,210,93
131,886,1070,Sham19Y0029600,199,95,282,146,96
131,542,879,Sham19Y0029600,377,613,1050,207,53
131,1265,1395,Sham19Y0003742,457,991,1120,98,89
132,388,658,Shamela0031370,111,142,402,179,79
132,455,669,JK001016,85,338,549,164,96
133,21,198,Shamela0031370,123,568,735,126,84
133,43,223,JK001016,86,1245,1426,146,98
133,21,178,Sham19Y0029600,266,1416,1569,116,91
134,1280,1464,JK001016,100,236,525,118,50
134,1021,1139,JK001016,103,406,541,95,86
134,1014,1125,JK009365,376,126,238,90,99
135,853,1200,Shamela0031370,46,888,1133,183,66
135,970,1313,JK001016,5,1,370,270,92
135,853,1313,Sham19Y0029600,20,331,1001,309,53
136,1083,1381,Kraken210630005153,4316,830,1365,231,53
136,1104,1280,Kraken210630005153,5635,1299,1497,142,88
136,627,1036,Sham19Y0029601,7,1109,1549,281,74
136,627,1045,Sham19Y0029600,20,720,1264,241,48
136,1104,1381,Shamela0002114,475,829,1254,222,64
136,1104,1381,Shamela0012286,3404,873,1382,224,54
137,741,1078,JK001016,107,273,641,265,87
137,741,1027,Sham19Y0029600,329,1222,1539,224,85
137,892,1056,Sham19Y0029600,330,283,513,129,68
137,1330,1597,Sham19Y0014483,116,1084,1614,138,29
137,1315,1597,Shamela0001000,1253,867,1421,231,50
137,741,1078,Shia001432Vols,29061,12,313,228,81
138,1338,1620,Sham19Y0000760,431,1173,1412,158,67
138,1140,1365,JK001016,73,888,1115,177,94
138,1383,1593,JK007040,2460,536,740,123,64
138,43,181,Shamela0001000,1254,845,1130,102,44
138,1402,1620,Shia003965Vols,9711,367,574,147,84
138,1359,1620,Shamela0001687,7019,286,541,201,95
139,534,768,Sham19Y0020699,25,580,848,178,80
139,957,1225,JK001016,17,442,744,193,78
139,534,809,Zaydiyya0000010,701,974,1263,165,62
139,957,1215,Sham19Y0150966,1221,1123,1412,182,77
139,534,768,Shia003732Vols,5779,82,381,180,71
139,534,768,Shamela0012286,1661,998,1268,180,79
140,531,900,JK001016,45,1094,1429,240,77
140,531,900,Sham19Y0029600,158,901,1293,281,89
140,531,965,Sham19Y0029600,159,313,750,312,85
141,70,476,Kraken210630005153,5513,279,696,209,51
141,44,500,Sham19Y0016826,3864,165,536,211,52
141,813,942,Shamela0031370,31,35,160,100,95
141,632,804,Shamela0031370,163,861,1016,113,79
141,806,942,JK001016,77,762,911,110,91
141,426,623,JK001016,78,599,793,151,95
141,634,804,JK001016,88,744,892,111,77
141,813,942,Sham19Y0029600,240,781,923,104,90
141,426,623,Sham19Y0029600,243,1276,1468,149,94
141,426,596,Sham19Y0029600,244,316,479,126,92
141,426,623,JK009365,586,925,1107,140,88
141,44,246,Sham19Y0016759,143,851,997,97,61
141,44,476,Sham19Y0016714,1374,760,1039,154,39
141,689,804,Shia003965Vols,9955,175,366,76,50
141,33,476,Sham19Y0013231,8072,840,1260,163,35
141,28,389,Sham19Y0151010,210,580,796,132,43
141,689,804,Masaha000955Vols,1275,145,336,76,50
141,33,476,Shamela0002114,464,141,597,230,51
141,142,476,Shamela0012286,3248,7,294,160,50
142,90,293,Shamela0031370,31,160,356,139,85
142,90,577,JK001016,77,911,1431,350,80
142,589,1060,JK001016,123,469,961,353,85
142,90,577,Sham19Y0029600,240,923,1444,348,80
142,577,840,Sham19Y0029600,372,1267,1519,187,88
142,840,1060,Sham19Y0029600,373,1,260,171,79
143,504,752,Shamela0031370,65,347,543,153,74
143,866,1465,JK001016,8,1023,1235,126,24
143,169,491,JK001016,123,961,1325,225,76
143,504,752,JK001016,125,111,353,195,97
143,1333,1465,Sham19Y0029600,38,1247,1391,83,66
143,274,491,Sham19Y0029600,373,976,1236,159,77
143,504,752,Sham19Y0029600,378,45,290,193,95
146,345,464,JK001016,56,357,474,93,95
146,150,302,Shamela0001687,7568,1328,1480,122,97
147,1228,1641,JK001016,131,1155,1610,302,76
147,1228,1633,Sham19Y0029600,388,1157,1614,295,75
148,72,339,Shamela0031370,73,1258,1532,200,87
148,1179,1524,JK006914,256,1,231,92,32
148,72,329,JK001016,27,1249,1488,184,87
148,1071,1348,JK001016,92,97,380,205,87
148,1071,1348,Sham19Y0029600,281,1214,1499,205,87
150,849,1041,Shamela0031370,71,587,781,144,90
150,1367,1582,JK007081,796,1202,1410,158,89
150,1058,1582,JK001016,29,570,1103,422,97
150,858,1051,JK001016,64,1,199,154,96
150,1,162,JK001016,66,1323,1490,102,69
150,571,831,JK001016,67,11,348,188,63
150,1058,1318,Sham19Y0029600,104,1300,1554,204,96
150,1324,1582,Sham19Y0029600,105,8,274,207,95
150,849,1051,Sham19Y0029600,210,897,1096,157,96
150,533,782,Sham19Y0029600,218,302,649,153,50
151,1237,1395,Shamela0026552,111,684,1164,110,28
151,714,1132,Shamela0031370,33,339,772,301,81
151,419,616,JK001016,71,981,1177,150,89
151,616,917,JK001016,118,1332,1626,229,91
151,917,1209,JK001016,119,1,305,219,86
151,419,616,Sham19Y0029600,227,334,531,151,90
151,695,1209,Sham19Y0029600,359,1,901,367,49
152,387,710,JK001016,70,1109,1447,233,83
152,387,710,Sham19Y0029600,225,1098,1438,234,83
153,611,1284,Sham19Y0000760,1203,255,956,475,81
153,589,1349,JK001016,71,1,784,602,94
153,573,1349,Sham19Y0029600,226,1,1200,606,62
153,927,1278,Shamela0006897,200,265,603,214,71
154,342,1286,Shamela0031370,182,714,1563,491,55
154,342,544,JK001016,89,1349,1549,160,98
154,544,767,JK001016,90,1,207,135,72
154,899,1205,JK001016,120,1321,1611,223,89
154,1205,1453,JK001016,121,1,246,198,97
154,342,718,Sham19Y0029600,277,251,609,278,88
154,899,1441,Sham19Y0029600,364,1093,1600,397,90
154,927,1092,Sham19Y0029600,365,77,233,121,90
155,297,509,Shamela0031370,182,1002,1221,162,92
155,494,1160,Shamela0031370,183,139,865,337,45
155,936,1160,Shia003912,45,911,1115,153,77
155,550,917,JK001016,121,596,993,269,81
155,906,1160,JK001016,124,18,265,189,85
155,906,1160,Sham19Y0029600,374,189,438,189,85
155,1182,1553,ShamIbadiyya0000760,113,161,481,169,50
155,906,1190,ShamAY0034227,1338,792,1057,202,82
155,1182,1568,Shia003732Vols,5822,768,1334,212,43
155,1200,1529,Shamela0012286,2887,1,475,177,42
155,1182,1485,Sham19Y0016772,1605,275,496,95,39
156,497,872,Shamela0031370,187,680,1064,266,78
156,886,1139,JK001016,36,666,908,186,88
156,497,899,JK001016,115,286,731,280,75
156,981,1139,Sham19Y0029600,128,1,147,112,89
156,497,881,Sham19Y0029600,349,993,1425,299,84
156,497,624,Sham19Y0029600,350,58,577,103,24
157,876,1094,Kraken210630005153,5460,567,716,76,41
157,153,647,Shamela0031370,66,69,460,229,53
157,876,1035,ShamAY0007299,4607,358,508,78,52
157,153,368,JK001016,36,867,1142,133,50
157,876,1010,Shamela0004473,10124,411,526,73,67
157,876,1035,Shamela0023785,79,837,1011,116,86
157,379,569,Sham19Y0150964,241,3,188,144,91
157,876,1202,Sham19Y0151010,219,571,854,122,37
157,876,1110,Shamela0002114,359,3,214,90,38
157,876,1094,Shamela0012286,1735,1307,1446,76,41
158,122,391,JK001016,39,372,613,178,77
159,1382,1574,Shamela0031370,74,550,732,129,74
159,419,648,Shamela0031370,74,363,593,179,93
159,1,130,JK001016,32,1387,1513,94,91
159,130,419,JK001016,33,1,281,221,94
159,1382,1559,JK001016,76,235,406,124,77
159,419,636,JK001016,76,49,265,177,97
159,72,419,Sham19Y0029600,118,4,344,266,94
159,276,419,Sham19Y0029600,120,702,843,111,93
159,419,636,Sham19Y0029600,235,1340,1556,177,97
160,61,191,Shamela0031370,145,1176,1299,85,81
160,1297,1551,Shamela0005429,72,1019,1255,167,77
160,1297,1551,JK001016,79,518,765,177,82
160,61,191,JK001016,102,222,347,93,86
160,1297,1551,Sham19Y0029600,246,1090,1335,180,84
160,61,191,Sham19Y0029600,312,1239,1369,97,90
161,1382,1553,Sham19Y0000760,902,1275,1560,112,44
161,1,133,Shamela0005429,72,1255,1404,92,78
161,1,133,JK001016,79,765,910,97,86
161,1042,1205,JK001016,95,588,762,131,92
161,1379,1558,JK001016,124,666,994,133,48
161,1,133,Sham19Y0029600,247,165,301,88,74
161,720,910,Sham19Y0016421,45,1329,1521,143,93
162,1023,1210,Shamela0031370,73,1258,1486,145,78
162,713,888,Shamela0031370,158,1322,1496,131,93
162,1023,1210,JK001016,27,1249,1477,145,78
162,1210,1501,JK001016,28,22,302,212,92
162,713,881,JK001016,128,1130,1298,126,94
162,1023,1388,Sham19Y0029600,100,474,908,256,72
163,357,537,Sham19Y0029601,19,197,574,111,34
163,1310,1516,JK001016,94,1020,1311,52,14
163,345,537,Sham19Y0029600,100,1009,1366,117,37
163,1310,1516,Sham19Y0029600,289,896,1189,51,14
163,587,766,Shamela0021715,7071,1213,1402,133,82
163,587,766,Sham19Y0020891,2596,182,422,133,65
164,234,433,Shamela0031370,31,35,258,133,72
164,1307,1488,Shamela0031370,182,1216,1563,137,48
164,227,433,JK001016,77,762,1003,144,71
164,1405,1535,JK001016,121,1,129,101,96
164,487,753,JK001016,123,469,759,201,83
164,234,433,Sham19Y0029600,240,781,1016,134,70
164,1279,1535,Sham19Y0029600,364,1093,1500,188,56
164,487,704,Sham19Y0029600,372,1281,1497,166,94
165,1146,1509,Shamela0031370,29,959,1265,239,81
165,1,335,Shamela0031370,183,22,373,226,75
165,490,616,JK001016,105,1378,1507,97,95
165,1,453,JK001016,121,129,576,318,84
165,1146,1509,JK001016,126,780,1137,276,92
165,490,616,Shia003445,96,848,974,98,99
165,490,616,Sham19Y0029600,325,1258,1387,97,95
165,490,616,Sham19Y0029600,326,238,364,95,93
165,174,453,Sham19Y0029600,365,921,1199,190,81
165,1146,1509,Sham19Y0029600,381,206,563,276,92
165,490,607,Sham19Y0148096,90,1583,1702,85,87
165,174,453,Shamela0003583,98,681,946,171,73
165,490,616,JK010656,5,560,683,87,82
166,65,350,JK006913,1,835,1248,211,61
166,1,309,Shamela0031370,29,1265,1572,245,97
166,309,484,Shamela0031370,30,1,168,131,93
166,1,416,JK001016,126,1137,1555,331,98
166,1,515,Sham19Y0029600,381,563,1339,394,62
166,398,515,Shamela0097799,144,697,857,85,64
167,41,401,Shamela0031370,30,655,1018,275,91
167,489,885,Shamela0031370,33,1024,1360,203,54
167,496,981,JK001016,16,654,1254,387,77
167,32,301,JK001016,72,1300,1576,212,93
167,301,489,JK001016,73,1,208,150,88
167,496,981,Sham19Y0029600,66,89,688,383,77
167,41,489,Sham19Y0029600,229,91,566,355,91
168,892,1061,Shamela0026552,179,875,1057,82,53
168,1200,1323,Sham19Y0029601,14,1393,1515,97,97
168,34,547,Shia002662Vols,527,143,588,239,52
168,1,315,JK001016,16,1360,1572,154,59
168,245,547,JK001016,17,1,365,236,81
168,554,767,JK001016,95,379,588,159,92
168,767,892,JK001016,109,706,940,96,51
168,1,456,Sham19Y0029600,66,795,1606,324,47
168,226,571,Sham19Y0029600,67,185,528,240,80
168,581,767,Sham19Y0148096,81,1211,1424,123,64
168,63,547,Shamela0004473,13906,476,949,271,59
168,1,547,Shamela0003583,52,574,1108,343,69
168,892,1061,Shamela0012286,3153,436,604,132,99
169,414,539,Sham19Y0000760,433,1323,1447,92,88
169,1245,1416,JK001016,67,587,753,119,84
169,168,414,JK001016,87,281,539,175,82
169,374,539,JK001016,104,74,240,126,92
169,1416,1613,JK001016,127,1154,1343,142,85
169,1245,1416,Sham19Y0029600,219,340,507,123,86
169,168,383,Sham19Y0029600,267,740,955,163,90
169,1416,1613,Sham19Y0029600,382,1282,1471,142,85
169,374,531,Sham19Y0150964,367,845,1002,117,89
170,1006,1561,ShamAY0000443,4795,71,287,117,25
170,1422,1574,JK001016,11,349,523,120,86
170,1006,1413,JK001016,42,805,1348,319,72
170,162,309,JK001016,46,1,159,119,92
170,1422,1574,Sham19Y0029600,49,214,388,119,86
170,1006,1224,Sham19Y0029600,145,1378,1592,166,94
170,1224,1408,Sham19Y0029600,146,1,331,144,54
170,75,309,Sham19Y0029600,158,1297,1531,188,97
170,75,309,Sham19Y0029600,160,1227,1460,178,88
170,1010,1561,Sham19Y0016541,16,1151,1331,111,24
171,645,924,Shamela0031370,106,752,979,170,75
171,645,966,JK001016,60,874,1215,224,80
171,976,1178,JK001016,104,395,592,153,93
171,645,966,Sham19Y0029600,201,1044,1385,222,80
171,645,829,Sham19Y0029600,202,121,569,119,31
171,976,1178,Sham19Y0029600,319,1275,1472,150,92
172,699,1151,Shamela0031370,72,190,622,303,77
172,438,633,Shamela0031370,168,997,1191,154,98
172,438,654,JK001016,104,592,798,154,89
172,699,841,JK001016,121,1409,1551,115,100
172,841,1180,JK001016,122,1,358,252,82
172,482,661,Sham19Y0029600,320,1,171,123,86
172,699,886,Sham19Y0029600,367,1364,1538,140,93
172,886,1180,Sham19Y0029600,368,1,312,214,79
173,341,504,JK001016,34,494,655,131,95
173,690,874,JK001016,125,1413,1607,144,89
173,341,504,Sham19Y0029600,123,544,705,131,95
173,690,950,Sham19Y0029600,380,95,364,198,89
174,89,740,JK001016,126,67,772,477,79
174,263,713,Sham19Y0029600,380,1065,1582,360,86
175,168,327,JK001016,111,207,367,121,91
176,268,467,Shamela0031370,158,738,924,151,90
176,268,669,JK001016,63,976,1576,288,56
176,1285,1586,JK001016,131,575,903,239,89
176,261,571,Sham19Y0029600,209,1003,1297,235,91
176,1,118,Sham19Y0029600,249,16,156,94,83
176,1285,1523,Sham19Y0029600,387,1136,1393,192,91
176,1300,1583,Kraken220216061222,507,730,996,193,79
177,1,250,Shamela0031370,161,132,398,196,90
177,1,451,JK001016,5,691,1155,351,92
177,1128,1537,JK001016,101,974,1409,306,87
177,211,378,Sham19Y0029600,22,1117,1278,129,94
177,1,219,Sham19Y0029600,22,298,541,167,82
177,1128,1537,Sham19Y0029600,311,224,653,307,88
177,50,250,Masaha000955Vols,2003,59,259,163,99
178,1130,1434,JK001016,121,974,1515,177,40
178,935,1122,JK001016,131,914,1095,140,93
178,928,1122,Sham19Y0029600,388,893,1097,137,82
179,775,970,Shamela0031370,181,1092,1285,131,77
179,261,834,JK001016,34,665,1449,378,57
179,782,995,JK001016,91,584,921,172,62
179,470,775,Sham19Y0029600,124,121,416,224,90
179,782,995,Sham19Y0029600,279,700,1036,170,62
179,995,1258,Shamela0002114,450,1254,1484,165,76
179,995,1191,Shamela0002114,451,642,839,155,98
179,995,1191,Shamela0012286,3151,670,867,155,98
180,352,592,Shamela0031370,48,1,196,139,71
180,140,296,Shamela0031370,188,448,648,123,74
180,1466,1600,JK001016,68,275,411,106,97
180,458,742,JK001016,68,1,270,207,89
180,140,296,JK001016,125,826,1026,123,74
180,307,520,Sham19Y0029600,219,1339,1547,145,80
180,1466,1600,Sham19Y0029600,220,647,783,106,97
180,524,742,Sham19Y0029600,220,4,642,162,30
181,386,557,Shamela0031370,54,579,771,128,78
181,386,687,JK001016,12,1032,1393,199,66
181,1319,1618,JK001016,13,309,612,225,91
181,1,389,JK001016,68,411,778,263,80
181,386,687,Sham19Y0029600,53,233,595,198,66
181,1319,1588,Sham19Y0029600,54,537,806,195,87
181,1,375,Sham19Y0029600,220,783,1140,258,81
182,1048,1184,Shamela0031370,100,1,137,104,94
182,226,422,Shamela0031370,101,1,195,144,86
182,977,1170,Sham19Y0000760,383,243,434,151,96
182,1192,1427,JK001016,13,754,996,180,92
182,1,135,JK001016,13,612,736,89,83
182,124,422,JK001016,42,439,746,237,94
182,977,1184,JK001016,86,31,236,156,92
182,1192,1427,Sham19Y0029600,55,284,527,179,91
182,1,121,Sham19Y0029600,55,136,246,86,89
182,1197,1427,Sham19Y0029600,56,51,287,176,92
182,124,1028,Sham19Y0029600,145,565,984,302,40
182,977,1184,Sham19Y0029600,265,408,613,156,92
183,1042,1438,Masaha002979Vols,1270,679,923,120,37
183,1042,1198,Kraken210630005153,882,1032,1263,109,57
183,1259,1539,Kraken210630005153,883,52,359,202,79
183,1042,1539,Kraken210630005153,6421,526,1442,318,42
183,711,890,Sham19Y0000760,927,882,1079,129,80
183,711,890,JK001016,13,1007,1219,132,78
183,1179,1468,Shia003408Vols,2744,37,356,158,55
183,1150,1539,Shamela0012286,3560,652,1101,232,58
184,480,760,Masaha002979Vols,1165,1,231,189,81
184,439,668,Rafed0003376Vols,1695,1330,1555,109,52
184,450,760,Sham19Y0013226,672,84,281,149,57
184,1,172,Kraken210630005153,883,463,620,125,89
184,407,959,Kraken210630005153,4425,236,900,383,69
184,1422,1613,Shamela0031370,50,39,210,124,81
184,447,668,Zaydiyya0000144,503,1190,1317,76,37
184,1422,1619,JK001016,128,1311,1507,154,97
184,1422,1634,Sham19Y0029600,384,90,300,165,97
184,450,755,Shamela0002114,160,909,1253,240,83
184,450,911,Shamela0012286,420,1004,1607,360,72
184,1,172,Shamela0012286,3560,1205,1362,126,90
185,13,643,Shamela0031370,50,215,780,397,76
185,1286,1532,Shamela0031370,158,1099,1311,153,75
185,643,914,Shamela0031370,187,362,634,201,87
185,1286,1455,JK001016,127,1423,1585,124,86
185,1,1291,JK001016,129,16,1016,720,64
185,1286,1532,Sham19Y0029600,383,105,345,181,89
185,1,869,Sham19Y0029600,384,300,1497,655,66
186,1283,1505,Sham19Y0000760,940,799,998,148,83
186,1283,1505,JK001016,87,486,709,173,97
186,1,1179,JK001016,128,82,1143,710,66
186,1275,1505,Sham19Y0029600,268,1,233,174,94
186,1,1179,Sham19Y0029600,383,349,1413,706,66
187,1316,1534,Shamela0031370,186,108,326,170,94
187,1122,1300,Sham19Y0000760,940,1055,1209,112,79
187,1122,1296,JK001016,87,752,916,124,88
187,1316,1534,JK001016,127,635,853,174,98
187,1122,1300,Sham19Y0029600,268,276,440,127,90
187,1316,1534,Sham19Y0029600,382,554,771,174,97
188,1120,1256,JK001016,14,9,129,94,84
188,1303,1563,JK001016,129,981,1251,195,86
188,1315,1563,Sham19Y0029600,385,75,333,187,86
189,1,270,JK001016,129,1251,1523,213,92
189,1225,1682,JK001016,130,1,429,331,85
189,1,267,Sham19Y0029600,385,333,609,213,90
189,1141,1682,Sham19Y0029600,385,611,1111,381,83
190,1,228,Shamela0031370,132,1009,1237,161,86
190,751,1109,Shamela0031370,138,385,624,186,63
190,1,228,JK001016,130,429,655,157,83
190,728,1644,JK001016,130,644,1596,732,93
190,1,228,Sham19Y0029600,385,1111,1339,157,81
190,43,1548,Sham19Y0029600,386,205,1624,767,50
191,929,1346,JK001016,6,1095,1513,334,94
191,40,643,JK001016,131,1,570,450,90
191,929,1123,Sham19Y0029600,27,994,1187,153,95
191,1123,1346,Sham19Y0029600,28,211,435,179,93
191,1,643,Sham19Y0029600,387,95,1029,480,60
192,444,845,JK001016,7,214,548,245,70
192,355,784,Sham19Y0148096,107,365,684,135,30
193,1,367,JK001016,10,573,945,282,95
193,507,776,Sham19Y0029600,46,390,602,88,39
193,119,367,Sham19Y0029600,47,1,253,189,94
193,14,367,Sham19Y0148096,47,493,804,231,80
193,74,287,Shamela0008544,499,838,1192,81,28
194,1,290,JK001016,10,971,1472,217,54
194,290,445,JK001016,11,1,161,118,95
194,1044,1373,JK001016,18,638,980,248,89
194,1,131,Sham19Y0029600,47,279,409,101,98
194,131,445,Sham19Y0029600,47,1099,1412,232,93
194,1044,1373,Sham19Y0029600,71,749,1091,247,89
194,14,445,Sham19Y0148096,47,804,1230,299,87
194,1050,1373,Shamela0003583,134,309,724,226,67
194,1091,1370,Shamela0028182,8,194,468,194,83
195,1065,1494,JK001016,20,999,1557,294,59
196,934,1133,Shamela0031370,181,467,650,105,68
196,946,1352,JK001016,48,639,1026,245,71
197,1210,1348,JK007081,675,1122,1280,95,71
197,1362,1492,JK007081,795,180,312,104,95
197,1214,1575,JK001016,55,564,956,289,90
197,1214,1575,Sham19Y0029600,188,103,498,284,88
197,1286,1575,Shamela0004473,9657,211,503,217,90
198,866,1157,JK001016,55,1241,1538,211,86
198,1,319,JK001016,55,956,1300,233,78
198,1157,1493,JK001016,56,1,349,256,91
198,1,282,Sham19Y0029600,188,498,801,213,86
198,881,1191,Sham19Y0029600,188,1263,1581,227,87
198,1191,1488,Sham19Y0029600,189,1,306,229,93
198,1,319,Shamela0004473,9657,503,820,212,77
198,1088,1493,Shamela0005406,196,438,910,265,66
199,1008,1576,JK001016,82,140,896,413,64
199,1028,1443,Sham19Y0029600,255,245,603,241,66
200,773,1412,JK001016,82,896,1547,423,76
200,969,1412,Sham19Y0029600,256,933,1407,313,81
200,773,964,Sham19Y0029600,256,61,262,128,68
201,849,1270,JK001016,83,1,466,286,71
201,711,1297,Sham19Y0029600,257,491,1044,348,66
202,497,815,Shamela0031370,124,780,1083,234,89
202,497,1022,JK001016,83,470,1036,383,82
202,843,1022,Sham19Y0029600,258,996,1174,133,88
202,497,885,Sham19Y0029600,258,67,488,270,77
203,389,863,JK001016,83,1019,1451,341,86
203,389,673,Sham19Y0029600,258,1157,1410,196,83
203,673,863,Sham19Y0029600,259,164,342,142,89
203,1105,1300,Shamela0023775,1290,331,540,118,64
203,1113,1267,Sham19Y0016714,1398,1232,1360,87,71
203,255,421,Sham19Y0013680,1064,982,1215,117,58
203,253,421,Shamela0002114,173,376,759,130,43
203,1105,1267,Shamela0012286,489,135,383,114,54
203,253,421,Shamela0012286,2075,1077,1461,130,42
204,661,973,Shia002901Vols,918,132,421,218,79
204,546,661,Shamela0031370,184,1167,1290,79,76
204,661,882,Sham19Y0021525,769,33,176,89,51
204,392,523,JK001016,83,1431,1580,96,80
204,392,661,Sham19Y0029600,259,322,876,194,43
204,661,988,Sham19Y0150676,2420,978,1393,223,59
204,392,542,Shamela0003583,11,311,479,111,82
204,546,661,Shamela0003583,19,1098,1205,86,93
204,1165,1313,Shamela0012286,911,942,1077,101,80
204,714,973,Shamela0012286,1192,1,346,172,54
205,217,522,Shia001291,17,777,1081,152,50
205,847,1309,JK001016,84,142,600,334,81
205,988,1309,Sham19Y0029600,260,1,327,248,89
206,1213,1383,Shamela0009788,1822,88,387,112,46
206,734,983,JK001016,85,97,338,186,90
206,779,983,Sham19Y0029600,262,1,197,154,91
207,582,1182,JK001016,99,304,1378,345,36
207,598,964,Sham19Y0029600,301,211,732,213,45
207,1052,1182,Sham19Y0029600,302,577,712,103,95
208,730,1098,JK001016,115,991,1340,266,88
208,730,1098,Sham19Y0029600,350,676,1020,263,87
208,1105,1385,Sham19Y0029600,351,442,811,209,66
219,124,589,Shamela0008676,43,825,1382,157,31
220,1439,1572,Kraken210630005153,2541,346,486,72,61
220,1439,1576,Shia000007,33,361,513,87,67
220,974,1492,Masaha003682Vols,2395,931,1283,132,28
220,1148,1572,Sham19Y0016826,3587,1055,1691,137,23
220,1046,1243,Sham19Y0037618,3935,1287,1471,116,72
220,925,1178,Sham19Y0037618,6904,129,452,92,26
220,1449,1582,Shamela9007669,948,842,990,77,64
220,1439,1708,Sham19Y0122236,101,915,1189,129,51
220,1451,1572,Shamela0004473,12229,724,882,72,48
220,1451,1576,Shamela0004473,16634,1290,1576,72,30
220,966,1178,Masaha001955,116,620,829,110,59
220,966,1572,Sham19Y0017104,243,754,1424,214,29
220,966,1565,Sham19Y0017104,387,430,1166,220,29
220,1451,1708,Sham19Y0122256,404,7,320,105,41
220,1447,1708,Sham19Y0148486,6867,683,1016,179,66
220,974,1296,Shamela0011562,28,1264,1506,129,45
220,1189,1572,Sham19Y0017724,535,118,354,102,31
220,1250,1572,Sham19Y0120922,898,358,1033,137,24
220,966,1348,Kraken22021606121900,400,211,497,126,40
220,1451,1576,Sham19Y0014313,1044,525,653,68,62
220,966,1252,Sham19Y0151010,124,1251,1556,102,29
220,966,1572,Sham19Y0096629,126,598,1684,253,28
221,78,637,Shamela0012024,680,7,1214,199,16
221,587,1271,Kraken22021701013201,52,1298,1512,105,18
221,480,1129,ShamIbadiyya0000884,11,789,990,79,13
221,480,1496,Sham19Y0145211,41,382,738,118,12
221,421,1659,Shamela0004473,15594,634,1294,190,15
221,385,1057,Shamela0004473,16336,954,1669,281,39
221,1131,1661,Sham19Y0016714,1339,209,901,205,32
221,1,533,Shamela0097928,501,255,1000,233,31
221,589,1267,Sham19Y0017104,244,827,1615,198,20
221,453,1659,Shamela0010096,33,1,614,164,13
221,470,1079,Kraken22021606121701,819,571,1545,184,19
221,468,1057,Shamela0011750,375,442,1263,249,32
221,383,1285,Shamela0008959,11,445,1720,263,21
222,975,1556,Sham19Y0017104,245,1252,1692,149,28
222,756,1093,Shamela0035073,195,1132,1495,146,35
222,1590,1752,Sham19Y0148486,6875,1031,1259,126,64
222,1590,1722,Sham19Y0151010,126,9,192,78,48
223,648,1299,Kraken210630005153,1553,1108,1543,201,37
223,621,880,Masaha003682Vols,2397,1442,1650,95,35
223,678,1085,Sham19Y0016826,3592,96,367,142,39
223,1107,1545,Sham19Y0016826,3592,1516,1749,104,24
223,691,1079,Sham19Y0147320,186,502,936,168,39
223,1105,1662,Sham19Y0147320,187,786,1377,207,34
223,1105,1645,Sham19Y0014483,212,949,1404,182,38
223,1179,1620,Sham19Y0017458,248,1240,1561,172,43
223,621,1085,Sham19Y0016714,1341,969,1312,150,35
223,621,1668,Sham19Y0017104,246,586,1552,313,28
223,621,1545,Sham19Y0017104,390,936,1777,240,23
223,687,880,Shamela0035073,196,675,886,114,66
223,573,1085,Kraken22021606121701,821,1029,1404,212,43
223,621,1085,Sham19Y0120922,907,688,1049,210,46
223,1107,1645,Sham19Y0120922,908,794,1712,234,27
223,621,871,Kraken22021606121900,402,499,625,77,37
223,691,1093,Sham19Y0122187,998,553,938,143,34
223,1107,1620,Sham19Y0017687,487,1017,1322,158,34
223,621,1085,Shamela0007341,182,65,608,200,36
223,1193,1668,Shamela0007341,183,73,539,162,34
223,1191,1668,Sham19Y0023618,1993,505,755,154,36
223,691,836,Sham19Y0131003,336,580,847,118,53
223,1109,1668,Shamela0001426,60,676,908,150,31
223,621,1079,ShamAY0037087,1012,84,399,174,43
224,300,1235,Sham19Y0120146,117,967,1757,285,32
224,480,792,Kraken210630005153,5933,319,929,178,35
224,371,785,Kraken210630005153,6612,1024,1182,109,32
224,574,1449,Sham19Y0147320,191,4,694,214,22
224,300,919,Kraken2106220218081,774,688,1538,209,24
224,845,1449,Shamela0023598,216,573,794,124,25
224,227,1213,Shamela0004473,16338,1063,1705,233,24
224,1033,1336,ShamAY0032379,981,1011,1357,117,38
224,478,609,ShamAY0036795,425,670,841,102,73
224,136,886,Sham19Y0017104,247,68,769,231,28
224,136,924,Sham19Y0017104,391,417,1280,237,24
224,373,795,Sham19Y0147062,2348,1333,1667,164,48
224,480,625,Sham19Y0147597,1143,1224,1668,88,24
224,1,684,Kraken22021606121701,822,861,1779,268,29
224,371,733,Sham19Y0017724,536,1233,1651,164,39
224,298,970,Sham19Y0120922,910,118,1503,385,33
224,298,1449,Kraken22021606121900,403,680,1471,269,27
224,371,557,Sham19Y0122187,1002,582,923,97,37
224,476,666,Sham19Y0017687,488,487,639,76,43
224,849,1476,Sham19Y0151010,127,370,873,143,24
224,440,965,Sham19Y0151010,127,3,492,181,34
224,298,924,Shamela0007341,184,56,704,221,31
224,478,935,Rafed0002267,195,705,1066,158,34
224,542,965,Sham19Y0096629,130,1238,1609,191,46
224,383,678,Sham19Y0020762,2384,1,1654,198,15
224,845,970,Sham19Y0020762,2386,1083,1383,89,38
224,549,1274,Shamela0037649,966,1030,1316,140,23
225,1164,1467,Sham19Y0016618,338,349,714,122,35
225,261,1235,Shamela0004473,16339,35,669,268,32
225,276,1485,Shamela0009790,549,698,1716,350,26
225,548,1276,Sham19Y0017104,392,344,761,115,15
225,21,1354,Sham19Y0147062,2349,258,1492,235,16
225,481,870,ShamAY0037109,311,1,279,82,18
225,274,707,ShamAY0037109,312,779,1286,143,29
225,864,1511,Kraken22021606121701,824,35,479,203,33
225,274,697,Shamela0009134,259,674,1100,136,28
225,862,1137,Sham19Y0017715,187,1103,1454,141,47
225,351,736,Sham19Y0017715,187,41,661,147,24
225,309,492,Sham19Y0120922,912,577,968,100,30
225,17,957,Kraken22021606121900,404,55,944,264,25
225,81,1345,Sham19Y0017687,489,282,1340,303,24
225,1,394,Sham19Y0151010,127,923,1193,116,35
225,17,908,Sham19Y0131003,339,228,1149,187,18
225,21,939,Sham19Y0011151,883,497,1584,199,17
226,597,804,ShamAY0037060,56,1173,1344,103,60
226,661,767,Sham19Y0016826,3596,1497,1607,81,89
226,1238,1615,Sham19Y0016826,3597,37,443,159,42
226,1369,1646,Sham19Y0017806,11,1023,1345,117,39
226,562,767,Sham19Y0017104,248,197,375,124,70
226,562,767,Sham19Y0017104,392,974,1152,124,70
226,661,1619,Sham19Y0120922,915,323,1551,372,30
226,597,1436,Kraken22021606121900,404,985,1367,209,31
226,661,1411,Sham19Y0151010,128,684,1239,200,27
226,654,1615,Shamela0007341,186,796,1680,298,27
226,1369,1615,Sham19Y0096629,132,1062,1337,101,42
226,333,772,ShamAY0037087,1014,668,849,81,19
227,734,1023,ShamAY0037101,53,830,1181,127,37
227,846,1103,Shamela0004473,12518,30,457,130,36
227,124,1113,Shamela0004473,16339,991,1623,226,23
227,482,1069,Shamela0004473,17175,1163,1535,131,24
227,124,711,ShamAY0032379,984,7,531,190,31
227,484,728,Sham19Y0016714,1345,237,579,105,35
227,200,975,Kraken22021606121701,825,578,1496,190,18
227,144,1052,Sham19Y0151010,129,40,684,207,21
227,196,606,Shamela0095700,95,753,1200,160,33
227,600,1383,Shamela0095860,113,837,1383,175,21
228,1108,1294,Sham19Y0147320,195,668,963,134,55
228,734,1317,Shamela0009134,263,1268,1663,172,30
228,195,755,Sham19Y0120922,920,287,992,237,33
228,1001,1184,Sham19Y0120922,921,1137,1585,90,25
228,764,1196,Sham19Y0017687,492,1046,1584,192,38
228,420,1252,Sham19Y0151010,130,262,839,204,24
228,193,716,Shamela0007341,191,584,1083,197,40
228,195,483,Sham19Y0096629,134,1233,1608,128,36
229,631,869,Sham19Y0037618,4916,39,320,140,59
229,531,933,ShamAY0036836,423,362,652,148,44
229,395,869,ShamAY0034694,249,428,839,201,46
229,1,819,Shamela0004473,11933,184,515,173,24
229,111,992,ShamAY0032379,986,156,614,199,26
229,30,1323,Sham19Y0017104,250,461,1519,365,27
229,30,1323,Sham19Y0017104,395,167,1331,407,29
229,113,926,Shamela0035073,200,225,930,242,28
229,222,869,Sham19Y0120922,922,489,1721,280,23
229,246,712,Sham19Y0122187,1015,807,1469,201,31
229,633,1037,Shamela0007268,46,1369,1688,128,32
229,105,650,Sham19Y0151010,130,938,1591,63,7
229,28,943,Sham19Y0131003,346,308,1148,237,22
230,1024,1570,Shamela0029864,264,1021,1437,147,27
230,493,1112,Kraken210630005153,1559,313,867,183,27
230,1159,1558,Shamela0023598,219,502,1178,188,28
230,931,1524,Shamela0004473,16375,129,1256,292,28
230,922,1142,ShamAY0032379,987,585,930,108,36
230,636,1197,Sham19Y0016714,1349,807,1680,213,24
230,198,557,Sham19Y0017104,251,295,871,115,24
230,933,1235,Sham19Y0017104,252,296,525,140,51
230,198,557,Sham19Y0017104,396,189,851,115,21
230,933,1235,Sham19Y0017104,397,302,530,140,51
230,242,543,Kraken22021606121701,828,80,620,118,25
230,306,1029,Shamela0011562,30,1137,1497,122,19
230,263,775,Kraken22021606121900,407,1120,1598,110,18
230,830,1327,Kraken22021606121900,408,105,674,145,23
230,1448,1570,ShamAY0034657,574,776,904,91,83
230,390,723,Sham19Y0017687,494,777,1488,164,26
230,263,1459,Sham19Y0151010,131,402,1539,278,19
230,996,1632,Shamela0008959,15,641,1472,257,30
230,543,1262,Masaha004380,257,530,911,166,26
230,98,1224,Sham19Y0096629,136,1,1298,412,32
230,388,740,ShamAY0037087,1020,26,727,146,22
230,1450,1632,Shamela0037649,982,1115,1290,116,72
230,390,746,Rafed0002452,318,1018,1388,172,44
231,894,1520,Sham19Y0148271,2404,686,1241,193,31
231,894,1077,Sham19Y0127657,110,27,204,116,67
231,887,1266,Sham19Y0147064,225,907,1408,112,20
231,977,1356,Shamela0023598,220,95,606,163,32
231,854,1297,Shamela0004473,16118,624,969,197,48
231,990,1255,Sham19Y0017458,261,347,701,151,51
231,894,1401,Shamela0009134,267,813,1151,232,53
231,545,715,Kraken22021606121900,409,425,561,90,64
231,1158,1403,Sham19Y0122187,1031,557,1165,158,30
231,602,1289,Sham19Y0017687,497,44,664,211,28
231,999,1513,Shamela0007341,196,263,1331,218,21
231,994,1401,Sham19Y0131003,354,715,1205,212,41
232,853,1136,Shia003727Vols,447,1264,1498,119,43
232,664,921,Kraken210630005153,1090,12,557,127,26
232,664,1118,Masaha002964Vols,610,1098,1511,168,34
232,662,1168,Shamela0010016,173,268,926,187,30
232,849,1118,Sham19Y0014483,218,1152,1590,180,50
232,750,925,Sham19Y0017458,264,31,249,126,68
232,662,1039,Kraken220208041040,1806,594,1245,221,39
232,750,1096,Sham19Y0017104,255,296,827,171,35
232,664,935,ShamAY0037109,334,459,1464,161,19
232,652,951,Sham19Y0006534,287,1028,1697,151,24
232,304,640,Shamela0009134,268,748,978,107,40
232,660,818,Sham19Y0120922,934,1369,1597,87,46
232,748,1047,Kraken22021606121900,410,205,619,102,26
232,750,1045,Kraken220218125253,1040,99,822,167,27
232,556,1118,Kraken22021802055101,55,778,1560,240,29