ms1,b1,e1,id2,ms2,b2,e2,ch_match,matches_percent
1,12,222,Sham19Y0013252,11008,22,168,114,68
1,5,186,JK003609,5622,620,790,113,69
1,986,1133,Shamela0003981,10,908,1064,117,91
1,16,1233,JK000532,986,329,1325,649,61
1,12,769,Shamela0035100,9160,532,1392,393,48
1,526,749,Shamela0035100,10118,1304,1513,69,39
1,12,724,Sham19Y0001994,596,1146,1568,316,55
1,724,996,Sham19Y0001994,597,1,226,163,72
1,12,444,Shamela0010906,6925,1177,1617,352,98
1,444,1589,Shamela0010906,6926,1,1145,926,99
1,12,186,ShamAY0035950,720,901,1034,101,72
1,12,438,Kraken220413194118,667,4,163,113,32
2,642,814,Sham19Y0016618,325,337,516,129,91
2,873,1447,Shamela0026726,27,203,811,451,91
2,649,803,ShamAY0032275,54,1092,1246,121,98
2,976,1447,Shamela0030327,174,692,1111,299,77
2,642,808,JK003609,5206,763,928,126,95
2,642,808,Sham19Y0020990,768,884,1049,127,96
2,1227,1447,Shamela0038194,110,719,939,175,100
2,649,803,Shamela0004445,5984,43,197,121,98
2,570,821,Shamela0037325,1942,1048,1295,164,75
2,642,866,Sham19Y0029560,1240,741,972,140,76
2,642,803,Sham19Y0029560,1445,692,853,123,96
2,392,630,JK000532,987,1,306,117,38
2,920,1447,Shamela0006739,1239,19,531,236,46
2,99,803,Shamela0035100,9161,237,1240,382,43
2,649,808,Shamela0001000,862,1220,1379,125,98
2,638,814,Rafed0002452,246,189,372,131,90
2,343,630,Sham19Y0001994,597,303,631,118,32
2,642,756,Kraken210630005153,3051,1308,1422,87,96
2,1,465,Shamela0010906,6926,1145,1610,382,99
2,468,976,Shamela0010906,6927,5,874,310,41
3,266,430,Shamela0003118,2968,407,570,64,46
3,164,705,Shamela0026726,27,831,1421,396,83
3,164,471,Shamela0026726,57,490,705,73,26
3,159,538,Shamela0030327,174,1111,1445,259,86
3,875,1328,JK000916,2833,48,383,172,45
3,941,1106,ShamAY0034447,277,1383,1528,113,84
4,837,1432,JK000735,70,53,601,354,72
4,937,1300,JK001236,210,329,712,283,91
4,905,1300,ShamAY0036031,159,245,647,288,85
4,881,1300,JK000013,4,1,432,325,94
4,937,1300,JK010656,23,727,1116,284,91
4,780,1466,Shamela0008970,152,10,704,392,60
4,934,1300,ShamAY0038329,353,572,864,211,70
4,905,1300,Shamela0008473,1745,650,1090,288,78
4,988,1300,Shamela0008658,3077,1,384,236,76
4,934,1300,Tafsir09084,806,460,909,279,77
4,785,1300,JK000022,2205,461,993,349,79
4,937,1300,Sham19Y0038171,1377,564,937,283,93
4,902,1432,Zaydiyya0000342,436,1,539,336,72
4,1046,1306,Sham19Y0018272,574,525,856,170,59
4,1038,1300,JK001012,208,877,1378,202,50
4,1011,1300,Sham19Y0017842,319,1,294,221,93
4,934,1300,JK009242,353,240,596,238,77
4,937,1210,Sham19Y0023625,1881,886,1476,184,36
4,941,1300,Shamela0000772,123,1,371,280,93
4,816,1276,Shamela0000772,204,927,1391,356,95
4,905,1180,ShamAY0038389,166,1217,1474,182,79
4,1180,1300,ShamAY0038389,167,1,466,92,24
4,788,1300,Shamela0021670,11,808,1325,350,78
4,937,1300,ShamAY0035035,3560,213,584,283,93
4,937,1300,ShamAY0035035,5515,600,975,272,86
4,711,1517,Shamela0022882,136,558,1411,388,49
4,837,1300,Sham19Y0001734,1979,1017,1420,294,77
4,780,1525,Shamela0010803,322,481,1206,358,51
4,716,1002,JK000021,1341,1127,1423,143,54
4,1002,1525,JK000021,1342,1,438,265,61
4,951,1075,Shamela0026324,4681,12,133,95,96
4,1046,1300,Sham19Y0127677,1107,1079,1347,191,88
4,1042,1300,Shamela0021713,70,710,912,159,76
4,816,1300,Shia002067,235,844,1345,331,76
4,1046,1300,Shia002265Vols,4994,724,992,190,87
4,850,1300,Shia001937,4,496,1000,348,85
4,905,1338,Masaha001864Vols,1727,1,456,313,84
4,837,1255,JK000475,2130,1048,1441,291,86
4,934,1300,Shamela0012884,1805,645,1033,260,79
4,765,1300,ShamAY0033945,640,828,1388,354,72
4,856,1300,ShamAY0038144,32,799,1243,335,92
4,1038,1300,Zaydiyya0000133,63,13,294,195,85
4,826,1300,Shamela0013132,121,591,1093,343,83
4,716,1525,JK001266,38,419,1078,364,49
4,1046,1300,Shamela0001438,2092,571,839,190,87
4,837,1406,Shia002231Vols,348,152,691,324,62
4,934,1328,Shia003732Vols,3004,639,1079,282,77
4,988,1300,Sham19Y0018567,1111,450,785,195,63
4,816,1300,JK000918,169,753,1279,312,70
5,1012,1261,Shamela0010902,81,361,576,165,78
5,627,921,Shamela0001456,553,793,1387,180,36
5,627,921,JK000652,2,569,871,234,97
5,669,921,Shia001901,96,564,815,184,86
5,47,911,JK000977,1306,271,1037,317,35
5,41,921,Sham19Y0018144,1296,1,750,378,49
5,653,1030,ShamAY0033949,218,9,326,174,58
6,969,1169,Sham19Y0131521,154,368,593,152,86
6,840,1076,Shamela0026591,7,1,214,126,64
6,15,244,Sham19Y0013252,864,83,249,86,43
6,509,1076,Shamela0026726,65,708,1145,242,48
6,969,1169,Sham19Y0020591,8,609,834,152,86
6,744,1169,Shamela0026389,10,941,1475,272,59
6,969,1181,Shamela0005064,28,1117,1353,153,83
6,750,1169,Shamela0026813,10,347,747,239,62
6,516,859,Shamela0030327,136,1213,1498,112,29
6,502,1076,Shamela0003981,18,557,990,242,49
6,969,1169,Shamela0117359,66,1050,1275,152,86
6,516,1169,Rafed0002452,136,134,838,489,87
6,1047,1506,ShamAY0034005,115,702,1075,162,36
7,355,638,Shamela0021715,505,984,1198,121,55
7,355,638,Sham19Y0016584,269,155,369,121,55
7,355,638,JK000110,45,378,591,121,55
7,481,638,Shamela0005756,1335,18,141,92,75
7,355,835,ShamAY0033975,505,471,882,178,38
7,355,638,Shamela0009823,601,1016,1230,121,55
7,355,738,Shamela0000347,63,888,1231,131,34
7,355,638,Sham19Y0016684,176,51,265,121,55
7,355,638,Sham19Y0018103,334,1106,1320,121,55
7,355,638,Sham19Y0018176,130,148,362,121,55
7,355,648,Sham19Y0018106,247,237,456,125,55
7,481,657,Sham19Y0017437,1933,75,215,96,66
7,509,638,Sham19Y0013605,515,1345,1483,92,85
8,161,375,Shamela0006060,370,709,1080,73,22
8,27,241,Sham19Y0013252,9307,1339,1489,113,66
8,929,1078,Sham19Y0014325,6481,993,1142,113,100
8,1,241,ShamAY0032781,108,558,784,173,89
8,774,1359,Shamela0008970,22,17,401,196,41
8,609,1303,Shamela0012750,597,677,1418,236,32
8,1310,1448,Shamela0006025,309,1,135,106,97
8,774,1111,JK000022,2632,825,1091,139,54
8,1,241,Zaydiyya0000149,18,203,419,150,77
8,601,1355,Sham19Y0148486,3242,399,899,224,33
8,907,1078,Sham19Y0146127,1706,670,856,130,91
8,677,1170,Zaydiyya0000229,198,437,816,166,38
8,916,1078,ShamAY0034249,8255,1090,1251,119,96
8,965,1078,Shia002165,14,1100,1237,84,81
8,865,1078,Shamela0009107,211,295,491,126,74
8,767,1111,Shamela0001453,19,471,782,181,61
8,182,375,Shamela0005922,426,95,371,47,14
8,1,241,Shia002067,100,661,847,139,74
8,929,1078,Shia000841Vols,9107,284,450,113,89
8,774,1078,ShamAY0033945,610,448,719,141,57
8,1143,1439,JK001266,40,298,563,188,78
8,929,1078,Sham19Y0016934,6370,1294,1459,113,90
8,929,1078,JK000272,1539,255,421,113,89
8,27,241,JK009324,3451,803,945,111,65
8,865,1111,ShamAY0033973,332,84,293,128,68
8,677,1170,Zaydiyya0000352,231,913,1305,156,32
8,929,1061,Shamela0021731,1312,1274,1419,96,86
8,919,1078,Shamela0023789,613,1240,1394,107,90
9,484,763,JK000679,145,1029,1334,158,59
9,41,776,Sham19Y0017063,547,261,809,211,34
9,498,639,JK009390,2107,816,951,98,90
9,522,639,Shamela0021659,1198,107,221,87,96
9,484,776,Shamela0000782,1173,368,573,144,62
9,41,636,Sham19Y0132416,100,527,741,153,33
9,484,631,Sham19Y0014592,297,1340,1484,110,92
9,1,136,ShamAY0034134,92,190,305,80,77
9,484,631,Shamela0004289,1179,402,545,110,93
9,494,639,Shamela0001975,906,622,794,103,76
9,41,631,Sham19Y0014119,276,489,743,163,34
9,513,631,Shamela0007562,265,98,209,87,94
9,522,631,Sham19Y0127677,2168,533,643,85,99
9,484,776,Sham19Y0127677,11995,127,324,145,62
9,1,631,Shamela0000432,5134,60,398,198,38
9,472,776,Masaha001864Vols,4931,219,456,150,58
9,522,631,Shamela0001438,3747,1019,1129,85,99
9,438,636,Shamela0012014,34,85,307,129,72
9,799,1404,Sham19Y0123581,167,299,994,287,44
10,525,1091,Shamela0010835,279,812,1363,294,57
10,525,1079,Shamela0026428,6,949,1546,266,49
10,7,322,Shamela0026884,193,646,947,231,94
10,7,331,Shamela0026884,383,496,816,249,98
10,702,1050,Shamela0000736,3547,13,394,265,88
10,702,1036,Shamela0008254,10,687,1043,231,77
10,657,1091,Shamela0030592Vols,276,1,433,259,70
10,525,922,Shamela0010632,33,1032,1447,187,46
10,677,1036,ShamAY0038149,10,116,479,240,79
10,1,322,ShamAY0033680,1,791,1099,241,95
10,7,322,ShamAY0032834,23,670,964,229,92
10,756,1110,Shamela0013132,123,11,420,224,67
10,525,1091,JK001266,42,372,902,295,61
11,620,1120,Shamela0025794,183,976,1420,299,73
11,747,1162,Shia002616Vols,5576,1,461,236,63
11,691,1162,JK001236,201,1,479,311,75
11,861,1162,Shamela0010443,319,1222,1394,129,53
11,651,830,ShamAY0036508,22,1362,1528,130,92
11,830,1162,ShamAY0036508,23,1,341,210,71
11,594,989,ShamAY0038067,678,1065,1444,278,83
11,678,1162,Shia002702Vols,9883,1071,1504,259,62
11,594,1153,Zaydiyya0000268,55,295,810,239,45
11,644,1162,JK000059,8,155,674,331,74
11,466,1153,Shamela0012579,1870,442,1075,327,55
11,594,1162,Sham19Y0131521,3651,362,943,382,77
11,784,1153,Zaydiyya0000004,668,93,326,152,51
11,729,1153,Shamela0005610,10,1,465,224,57
11,714,1153,Shamela0006060,342,842,1283,265,69
11,644,946,Sham19Y0014309,1092,515,860,232,84
11,683,1108,Sham19Y0017063,544,994,1419,330,99
11,631,1083,JK000785,2509,984,1389,238,64
11,647,1022,Shamela0000700,28,1050,1428,294,98
11,1022,1162,Shamela0000700,29,1,141,106,99
11,620,1104,Tafsir06049,5871,1016,1488,302,73
11,1,436,Shamela0008970,22,383,781,172,37
11,444,915,Shamela0008970,137,943,1442,215,46
11,490,1153,Shamela0008970,138,278,910,267,42
11,644,1079,Shamela0010639,225,1021,1459,287,75
11,283,638,Shamela0026726,71,1139,1517,231,67
11,647,1180,Shamela0021578,32,194,810,361,70
11,594,1199,Shamela0008473,4269,519,1101,361,70
11,290,624,Shamela0011746,6,723,1198,170,40
11,341,571,ShamAY0033543,11,50,683,161,32
11,594,825,Sham19Y0020591,947,1300,1535,167,87
11,644,1162,Shamela0001404,368,213,804,354,72
11,683,1162,JK000903,38,433,895,345,90
11,348,1199,Sham19Y0038171,649,414,1204,391,48
11,634,1212,Sham19Y0038171,1254,300,918,388,73
11,273,687,Shamela0026389,105,86,626,237,51
11,431,1153,Shamela0000041,2304,332,1039,336,50
11,784,1162,Tafsir09050,3786,202,714,226,55
11,644,1162,Shamela0011406,396,74,613,351,76
11,644,1162,Shia003707Vols,107,142,618,305,71
11,586,1086,Shamela0000782,1179,967,1453,372,93
11,647,1162,Masaha002979Vols,470,58,583,360,81
11,644,1066,Sham19Y0127700,192,979,1418,299,81
11,594,729,Sham19Y0122255,228,749,885,107,99
11,664,1162,Sham19Y0122255,229,7,496,356,91
11,4,193,Shamela0026592,15,325,504,120,77
11,683,1162,Shamela0022653,149,429,891,345,90
11,647,1166,JK001012,214,48,367,202,47
11,631,1153,Sham19Y0148486,3245,20,580,299,64
11,631,1047,Sham19Y0146127,1707,1031,1425,242,70
11,877,1162,Sham19Y0020891,5723,10,259,159,70
11,946,1162,JK009242,379,10,201,111,62
11,647,1162,Shamela0096178,54,723,1184,308,72
11,634,1240,Shia002218Vols,846,545,1179,362,67
11,620,1171,Sham19Y0148271,1689,544,1035,327,72
11,1,193,Shamela0008254,5,492,684,145,95
11,614,1153,Zaydiyya0000229,201,707,1287,357,73
11,614,989,Shamela0001456,33,1150,1448,196,59
11,647,998,Masaha003032,32,1074,1440,277,95
11,998,1162,Masaha003032,33,1,165,125,99
11,647,1162,Shamela0022892,40,706,1201,334,75
11,101,620,Shamela0023700,34,305,776,188,37
11,273,664,Shamela0023700,2352,803,1212,157,38
11,644,1162,Shamela0010664,610,8,564,349,74
11,348,586,JK003609,988,416,942,170,40
11,348,1199,ShamAY0035035,2616,46,835,388,47
11,634,1212,ShamAY0035035,4953,106,634,322,61
11,683,1086,Sham19Y0122257,1505,1101,1503,312,99
11,753,1052,Sham19Y0014601,3990,345,802,211,56
11,644,1162,ShamAY0038346,22,726,1155,256,56
11,669,1162,Shamela0006610,588,126,598,333,81
11,1,193,ShamAY0038149,5,332,522,145,96
11,558,1031,Sham19Y0001734,1095,1004,1484,326,82
11,1031,1162,Sham19Y0001734,1096,1,136,94,89
11,393,1123,Shamela0010803,124,790,1430,446,72
11,431,1153,Shamela0010803,342,404,1093,330,52
11,644,780,Sham19Y0014119,274,1307,1444,100,93
11,780,1162,Sham19Y0014119,275,1,405,290,91
11,283,614,ShamAY0033733,3,376,632,153,55
11,644,1162,Sham19Y0127677,3656,298,800,308,69
11,594,1112,Sham19Y0127677,15418,740,1241,310,69
11,594,777,Sham19Y0127677,17731,460,646,130,84
11,669,1120,Sham19Y0127677,18136,1060,1483,271,70
11,742,1162,Shia001237Vols,1904,802,1235,250,65
11,594,923,Shia002067,207,1031,1390,243,85
11,549,1153,Shia002067,208,309,823,259,46
11,647,877,Shia000841Vols,1994,1337,1576,166,83
11,1,193,Shia001731Vols,818,755,947,128,82
11,497,1162,Shamela0009270,464,339,1194,359,44
11,543,1162,ShamAY0033680,4,761,1338,326,58
11,594,946,ShamAY0033680,6,117,1068,179,22
11,644,1162,Shia002265Vols,2861,795,1300,313,70
11,594,795,Shamela0117359,633,1318,1524,144,85
11,594,1162,Shamela0023647,44,306,877,444,99
11,631,918,Sham19Y0037618,4692,1172,1500,220,84
11,647,1162,Shamela0000894,5821,187,720,351,77
11,647,972,JK000917,1384,1187,1505,209,80
11,594,1153,Shamela0007370,2882,689,1286,273,54
11,631,1180,Masaha001864Vols,1664,732,1213,281,56
11,644,1171,Masaha001864Vols,4824,761,1245,324,75
11,861,1162,Shamela0010463,445,133,304,128,53
11,644,1162,Shamela0010512,247,870,1381,342,76
11,600,888,JK000475,1856,1162,1440,211,91
11,895,1162,JK000475,1857,1,253,187,91
11,972,1162,Shamela0002569,443,48,680,145,29
11,669,1027,Shamela0012884,4512,1161,1503,228,73
11,1,193,Shamela0009810,1402,729,919,130,83
11,644,1162,Shia001432Vols,21821,579,967,232,52
11,1,193,ShamAY0033945,610,980,1195,142,84
11,647,1153,Zaydiyya0000133,57,432,965,332,74
11,393,1162,JK001266,43,24,672,395,62
11,647,1162,Shamela0025800,924,532,1036,333,74
11,644,1162,Shamela0001438,5682,782,1288,313,70
11,644,1162,Sham19Y0020944,569,247,767,346,77
11,644,1180,Shamela0023628,3100,291,858,356,73
11,393,888,Shamela0007891,757,1077,1440,255,61
11,888,1162,Shamela0007891,758,1,276,206,95
11,558,1162,Shia002231Vols,611,459,1042,422,87
11,683,1162,Shamela0008360,379,277,759,369,97
11,647,784,Shamela0000216,121,1314,1459,105,89
11,784,1162,Shamela0000216,122,1,403,246,71
11,654,1153,Shamela0008203,196,1,523,268,61
11,784,1162,ShamIbadiyya0000193,3666,35,528,211,51
11,290,543,Shamela0026495,12,926,1243,155,60
11,647,1175,Shamela0012014,234,421,1007,362,74
11,309,529,Shamela0026490,33,1071,1380,147,60
11,669,1153,ShamAY0034068,3167,970,1393,239,60
11,614,777,Zaydiyya0000352,234,1287,1453,122,93
11,763,1153,Zaydiyya0000352,235,4,420,246,69
11,644,1017,JK000216,341,1138,1485,203,61
11,683,1162,Sham19Y0145212,1751,312,800,369,95
11,683,1162,Shamela0008176,3275,512,1007,369,94
11,851,1166,Shamela0008176,3276,1,363,220,75
11,19,193,Shamela0003722,3328,1,177,118,82
11,1,193,ShamAY0034128,493,23,195,118,75
11,594,1199,Shamela0096239,234,768,1358,440,91
12,484,905,Shamela0002170,1804,961,1297,205,62
12,7,433,Shamela0010902,160,643,1012,258,71
12,181,346,Shia003060Vols,181,1147,1454,100,42
12,21,333,Shia001901,54,1,648,140,27
12,7,333,Sham19Y0029560,396,354,631,175,64
12,199,346,Shia001432Vols,34130,938,1073,95,83
12,7,477,JK000916,18179,607,1149,314,65
12,11,279,JK000499,322,244,443,101,43
13,833,1241,Shamela0025794,1176,848,1271,298,84
13,702,1235,Sham19Y0009382,7,817,1284,253,52
13,1015,1241,ShamIbadiyya0000185,1777,1,223,168,89
13,887,1202,Tafsir06048,1042,237,596,218,72
13,962,1241,ShamIbadiyya0000200,37,62,348,197,80
13,82,645,JK000786,2942,860,1389,383,84
13,736,1473,Shamela0006025,538,383,1021,262,36
13,132,645,JK009390,4789,894,1397,354,83
13,733,1241,Shamela0008473,4270,365,850,328,78
13,880,1241,Tafsir09084,2187,1070,1423,265,90
13,979,1241,ShamIbadiyya0000562,116,1170,1441,193,84
13,34,538,Shamela0012981,264,1176,1430,154,37
13,255,645,Shamela0012981,265,11,190,130,41
13,996,1247,ShamIbadiyya0000074,711,910,1237,183,69
13,764,1390,JK001287,17,214,834,330,61
13,880,1241,Sham19Y0023590,5078,288,622,255,87
13,602,1241,Shamela0000782,1180,11,637,343,59
13,929,1241,Sham19Y0132416,120,863,1206,203,69
13,854,1241,Sham19Y0036114,553,370,740,256,77
13,108,645,Shamela0021765,2225,216,552,234,54
13,148,710,Shamela0021765,2585,806,1339,373,82
13,1060,1241,JK009242,378,974,1162,141,93
13,935,1241,ShamAY0031578,8046,875,1155,197,77
13,813,1241,Sham19Y0148271,1158,398,828,302,83
13,764,1235,Shamela0001456,412,330,707,209,52
13,365,958,Shamela0008206,826,401,879,224,40
13,887,1196,ShamIbadiyya0000942,347,548,841,203,78
13,983,1241,ShamIbadiyya0000203,78,1283,1522,164,73
13,88,655,Shamela0005899,37,1,534,342,69
13,755,1399,Sham19Y0001734,1094,629,1335,330,51
13,145,645,Sham19Y0127677,3622,234,706,346,85
13,82,645,Sham19Y0127677,17587,536,1059,376,82
13,755,1241,Shamela0008210,111,844,1331,310,72
13,958,1241,Shamela0021713,558,57,344,211,89
13,273,645,Shia002067,205,1,395,285,90
13,108,525,Shamela0009270,463,1288,1532,147,40
13,312,677,Shamela0009270,464,1,365,262,88
13,34,597,ShamAY0033680,5,827,1397,441,97
13,813,1092,ShamAY0033680,6,1103,1390,215,95
13,1092,1241,ShamAY0033680,7,1,154,121,97
13,136,645,Shia002265Vols,458,924,1421,351,85
13,68,547,Sham19Y0037618,4690,1225,1493,185,46
13,25,645,Sham19Y0037618,4691,508,1294,411,62
13,94,645,Sham19Y0037618,4692,1,286,180,42
13,1068,1241,JK001297,129,346,525,137,94
13,939,1241,Shamela0031457,84,798,1095,223,91
13,935,1241,Shamela0022769,1423,729,1004,192,76
13,854,1241,Masaha001864Vols,1818,715,1126,297,90
13,1121,1241,Masaha001864Vols,1819,1,120,89,91
13,748,1060,ShamAY0033945,952,963,1265,178,59
13,200,962,Shia002009,76,1,635,412,64
13,82,645,JK006801,775,121,730,401,78
13,903,1241,Sham19Y0017817,537,1243,1493,194,71
13,493,958,JK001487,322,1,394,154,35
13,132,574,Shamela0001438,5642,1222,1446,154,43
13,392,645,Shamela0001438,5643,1,247,180,88
13,691,1241,Shamela0010437,18,108,633,332,69
13,833,1158,ShamAY0033973,180,1120,1454,237,86
13,935,1241,ShamIbadiyya0000773,900,259,556,171,68
14,1,522,Shamela0025794,5174,695,1077,261,63
14,872,1153,JK000735,123,985,1264,209,93
14,7,207,Shamela0030310,15,1237,1428,148,95
14,1,293,Masaha004231Vols,746,21,312,226,99
14,7,532,Sham19Y0038171,653,382,1102,350,61
14,12,289,Sham19Y0038171,1259,924,1222,194,81
14,7,459,Shamela0022547,12,83,495,251,69
14,879,1363,Shamela0000782,1177,7,468,258,61
14,15,400,Sham19Y0148486,3247,14,391,219,71
14,7,343,Sham19Y0146127,1709,78,371,208,80
14,7,437,Shamela0001727,1492,1011,1474,271,66
14,7,437,ShamAY0031687,906,807,1207,284,83
14,7,293,ShamAY0035035,2620,910,1179,192,86
14,12,289,ShamAY0035035,4959,1168,1466,191,80
14,7,143,Shamela0026324,5426,832,963,99,94
14,1,463,Shamela0009697,58,434,888,208,42
14,7,225,Sham19Y0127677,12535,475,684,162,95
14,790,1153,JK011499,48,40,345,211,74
14,7,471,Shamela0009270,197,246,754,239,53
14,1,621,ShamAY0033680,13,217,864,468,90
14,7,323,ShamAY0032951,4,122,424,223,88
14,7,532,Sham19Y0122406,3951,777,1345,348,73
14,872,1153,JK000475,2183,788,1068,210,94
14,73,485,Shamela0009389,23,1,395,243,74
14,831,1153,Shamela0013132,132,709,1027,220,81
14,1,293,JK001266,44,137,401,203,89
14,7,359,JK000916,12162,598,950,219,67
14,790,1153,ShamAY0034005,1142,529,880,226,76
14,1,485,Shamela0001733,4882,724,1229,333,82
14,1,293,Shamela0010437,31,971,1244,208,92
14,7,293,Shia001831Vols,532,568,844,214,96
14,7,293,Shamela0003722,7831,1015,1292,208,92
15,1133,1391,Rafed0002209Vols,2293,84,432,160,51
15,195,351,Shamela0003118,5216,241,444,117,69
15,552,974,Shamela0002170,2813,158,574,167,40
15,751,1027,Shamela0010902,25,302,590,141,49
15,1133,1384,Shamela0005860,400,838,1177,87,26
15,190,534,Kraken230107021738,776,404,1068,210,39
15,190,333,Sham19Y0149213,259,592,821,90,45
15,190,351,Sham19Y0149213,1346,296,494,107,60
15,186,346,JK000916,17964,314,533,127,73
15,190,296,Shamela0010906,2597,348,524,84,60
15,190,351,Shamela0003722,5144,1202,1421,123,69
16,604,880,Shamela0025794,1623,1121,1325,152,70
16,662,880,Shia002616Vols,5247,873,1089,164,96
16,629,966,JK000735,131,374,642,189,71
16,555,892,ShamAY0034123,1,952,1300,162,52
16,665,892,ShamAY0033731,191,833,1019,130,73
16,686,892,Shamela0021479,126,401,610,157,96
16,665,892,Shamela0010488,402,215,497,170,77
16,675,880,Shamela0012981,2125,1,191,139,87
16,654,892,ShamIbadiyya0000438,856,172,396,154,81
16,706,880,Shamela0028107,690,1,176,134,98
16,22,245,Sham19Y0023618,2084,232,470,164,87
16,604,892,Shamela0022547,7,1109,1379,180,76
16,12,260,Shamela0000782,1177,281,537,179,89
16,662,883,Kraken220727035853,3889,771,950,136,80
16,654,892,ShamIbadiyya0000155,118,532,756,154,81
16,629,880,Shamela0012399,3787,621,889,192,92
16,629,872,Shamela0012399,3789,1225,1469,187,99
16,634,880,Shamela0021751,7117,157,404,189,99
16,629,880,Shamela0000551,2963,1026,1278,192,98
16,629,880,ShamAY0033522,696,703,955,192,98
16,629,892,Sham19Y0001734,447,284,543,200,98
16,629,892,Sham19Y0006684,4221,716,1365,169,32
16,657,865,Shamela0037325,1783,1281,1480,153,94
16,576,892,Shamela0009697,58,814,1150,204,73
16,9,245,Sham19Y0127677,12535,828,1060,176,94
16,629,892,Sham19Y0014462,153,732,1002,200,96
16,629,892,Shia002067,98,507,786,203,94
16,481,900,Shamela0009270,182,647,1053,245,71
16,629,880,Shia002119Vols,3614,70,322,192,98
16,629,966,JK000475,2191,129,397,189,71
16,22,211,JK000201,4121,68,385,131,53
16,675,880,Sham19Y0127660,320,619,741,84,53
16,695,892,Shamela0001719,4002,1,185,141,91
16,629,892,Shamela0007891,77,829,1091,202,99
16,481,1056,Shamela0007891,760,79,608,259,53
16,675,780,JK000216,123,884,989,80,99
17,1156,1415,Shamela0025794,2089,851,1123,154,69
17,1,163,JK000735,131,482,616,97,77
17,1,127,ShamAY0034123,1,1180,1300,85,83
17,1,127,ShamAY0033731,191,911,1019,79,78
17,1,127,Shamela0021479,126,465,610,97,86
17,1,127,Shamela0010488,402,348,497,90,79
17,1156,1451,Shamela0008473,4876,23,287,157,63
17,14,199,Zaydiyya0000342,413,661,880,104,61
17,1,127,ShamIbadiyya0000438,856,260,396,88,83
17,4,135,Kraken220727035853,3889,840,959,84,83
17,690,887,Shamela0005737,15,297,502,144,88
17,1,131,ShamIbadiyya0000155,118,620,760,91,84
17,1,127,Sham19Y0001734,447,402,543,94,84
17,1,135,Sham19Y0006684,4221,837,1374,64,14
17,1,127,Shamela0009697,58,1005,1150,97,86
17,1,163,Shamela0009270,182,915,1123,105,64
17,1257,1356,Shamela0010705,65,594,788,77,50
17,1,163,JK000475,2191,237,371,97,77
17,1,127,Shamela0007891,77,950,1091,94,84
18,1241,1445,JK000679,54,19,243,146,80
18,1241,1445,JK000735,222,394,604,141,82
18,935,1141,Shamela0021107,3,1051,1550,117,29
18,1101,1445,Shamela0008970,178,689,1025,182,58
18,1306,1445,JK006897,495,766,922,108,88
18,450,723,Shamela0010902,76,432,635,139,65
18,1032,1445,Shamela0000041,2855,502,877,196,54
18,1247,1445,Shia002003Vols,1951,126,337,135,77
18,1204,1445,Shamela0004289,836,1004,1237,145,67
18,1247,1445,JK001202,1,572,772,123,73
18,1208,1445,Shia001731Vols,747,467,700,143,72
18,1247,1445,JK000475,1572,493,693,123,73
18,1241,1445,JK000475,2281,258,466,141,83
18,935,1190,Shamela0010441,10,628,899,189,81
18,1241,1445,Shamela0009810,1291,908,1112,141,81
18,1303,1445,Shamela0023628,3782,449,605,107,88
18,1303,1445,Shamela0007891,789,780,936,109,89
18,1306,1422,Shamela0008360,232,1315,1432,91,99
18,1306,1445,ShamAY0034068,4263,748,914,105,81
19,318,507,Shamela0003118,544,1194,1382,133,88
19,318,598,Shamela0003118,545,570,878,189,71
19,863,1271,Shamela0008970,181,656,1048,167,41
19,991,1271,Sham19Y0001734,2450,898,1200,144,52
19,257,604,JK007040,2429,39,378,239,85
19,315,604,Shamela0001687,5855,83,365,208,89
19,228,598,Sham19Y0018144,2388,551,911,255,84
19,991,1260,Sham19Y0018144,2392,81,344,200,88
19,1017,1271,ShamAY0034005,851,1073,1378,151,57
20,89,344,Shamela0025794,910,380,591,163,80
20,9,344,Shamela0030346,4,1,285,221,83
20,1117,1377,Shamela0010798,3370,5,525,138,32
20,1,392,Shamela0012750,398,940,1328,272,83
20,379,739,Shamela0002170,1037,977,1399,189,45
20,795,1044,Shamela0010452,213,230,677,104,27
20,47,392,Sham19Y0038171,1246,613,896,198,70
20,127,344,Sham19Y0023644,3193,250,430,138,80
20,801,1060,Shamela0010902,50,590,793,123,49
20,4,344,Shamela0012531,298,296,568,186,65
20,47,370,ShamAY0035035,4944,1009,1327,205,72
20,89,344,Sham19Y0127677,20325,1208,1422,158,77
20,23,344,Shia002067,217,841,1154,199,70
20,56,191,ShamAY0033680,1,1351,1493,99,90
20,191,344,ShamAY0033680,2,1,155,122,99
20,56,370,Sham19Y0037618,4593,502,809,204,73
20,127,353,Masaha001864Vols,4965,1186,1391,152,84
20,795,1093,Shamela0035100,2347,905,1321,135,36
20,108,392,Shamela0012220,651,925,1192,169,68
20,1,344,JK001266,45,219,507,220,81
20,1,344,Shamela0026495,19,697,1023,231,80
20,1064,1422,JK000499,387,461,919,142,38
20,4,370,Shamela0003722,2330,137,465,188,56
21,544,904,Shia002034Vols,1148,350,683,211,71
21,620,862,Sham19Y0146127,3248,1116,1357,168,83
21,298,862,Shamela0022882,42,438,998,250,44
21,533,884,Shamela0010627,17,45,352,216,74
21,544,862,Shia002069Vols,224,786,1131,206,71
21,627,862,Shia002231Vols,610,1,258,171,79
21,533,862,Shamela0001733,2976,47,404,211,70
21,455,862,Shamela0003722,6753,63,480,205,50
22,504,855,Shamela0002170,1093,158,706,207,43
22,504,682,Shamela0005816,581,938,1053,84,60
22,1,363,Shamela0010902,198,326,712,198,54
22,463,782,Sham19Y0127677,9272,890,1203,123,46
22,1151,1507,Shamela0010441,18,996,1336,191,63
22,1012,1486,Shamela0010441,22,819,1242,206,52
22,1273,1507,Shamela0010441,32,843,1072,156,78
23,576,747,Shamela0025794,1480,1,171,121,78
23,78,677,Shamela0025794,1687,823,1430,387,71
23,324,613,Sham19Y0018100,874,507,790,137,50
23,443,618,Sham19Y0018100,883,618,812,114,68
23,84,677,Shamela0013035,293,714,1058,237,50
23,203,477,Shia002616Vols,6132,715,997,188,83
23,424,592,JK006922,490,1321,1488,114,80
23,177,783,Shamela0001875,148,399,957,371,71
23,180,729,ShamAY0033886,329,1,548,382,80
23,180,747,Sham19Y0017729,68,414,948,372,76
23,47,747,Shamela0021479,174,712,1481,539,87
23,177,747,Shamela0021660,2101,399,880,345,73
23,108,747,JK007065,969,568,1171,393,69
23,299,424,Kraken21042921,12,1308,1435,100,97
23,177,753,ShamAY0038434,125,587,1144,443,96
23,177,424,Sham19Y0147597,312,531,685,119,60
23,169,403,Sham19Y0147597,1353,1326,1559,167,84
23,403,753,Sham19Y0147597,1354,1,327,251,88
23,98,790,JK006838,1592,42,640,399,68
23,243,502,JK009390,1383,1254,1471,158,75
23,502,753,JK009390,1384,1,240,179,84
23,203,477,JK009266,8725,772,1088,187,73
23,145,729,Shamela0012981,1971,472,1036,376,77
23,468,634,ShamAY0035288,209,6,177,122,87
23,316,747,ShamAY0035288,313,1,392,259,68
23,537,747,ShamAY0035288,337,786,993,135,69
23,243,753,Shamela0021659,673,883,1339,337,79
23,424,628,ShamIbadiyya0000438,90,156,342,138,84
23,477,634,Shamela0008544,29,828,974,106,80
23,133,527,Shamela0028107,240,999,1391,305,96
23,527,783,Shamela0028107,241,1,255,187,89
23,279,747,Shamela0011406,47,1,484,357,90
23,126,424,Shamela0022547,2053,188,493,228,91
23,560,729,Sham19Y0132524,322,1159,1308,114,81
23,190,753,Sham19Y0149697,407,386,947,442,96
23,177,634,Sham19Y0149697,1869,11,444,287,71
23,243,753,Sham19Y0149697,10971,390,904,404,97
23,177,763,Zaydiyya0000454,272,50,581,353,70
23,22,753,Sham19Y0148486,182,526,1266,527,84
23,22,1048,Sham19Y0148486,2294,456,1388,414,37
23,190,689,Sham19Y0146127,76,981,1475,393,98
23,198,747,Sham19Y0146127,1195,1,489,346,74
23,47,634,Shamela0026884,627,743,1336,377,67
23,59,547,Shamela0001727,158,1037,1460,261,61
23,547,747,Shamela0001727,159,1,175,133,79
23,133,634,Sham19Y0013667,267,970,1433,359,89
23,8,905,Shamela0009642,17,621,1432,475,60
23,190,634,Sham19Y0013223,119,1050,1468,281,72
23,177,747,ShamIbadiyya0000155,11,44,604,416,87
23,126,602,ShamAY0033910,29,971,1435,357,92
23,190,624,ShamAY0034059,1284,1163,1574,281,74
23,299,602,ShamAY0034059,7341,1300,1582,182,69
23,250,747,ShamAY0031578,785,1,473,362,89
23,203,763,Sham19Y0148271,1516,572,1165,379,74
23,133,783,Shamela0012399,107,29,673,491,94
23,360,613,Shamela0012399,113,548,1505,194,25
23,495,747,Shamela0000483,38,1,241,177,83
23,177,729,Sham19Y0020638,145,958,1478,364,77
23,145,729,Shamela0005583,188,922,1412,327,67
23,308,795,ShamAY0034134,1083,1,771,327,50
23,424,613,ShamIbadiyya0000942,208,866,1045,124,78
23,177,564,Shamela0010664,587,1118,1554,244,63
23,430,613,ShamAY0034249,104,1,190,134,85
23,148,747,Shamela0004289,317,689,1234,378,73
23,133,758,Shamela0004289,1559,104,717,475,93
23,243,775,Shamela0000551,126,1,535,409,94
23,243,747,Shamela0001975,555,400,850,330,78
23,193,747,ShamAY0031687,23,9,563,361,72
23,180,766,JK000977,265,1,570,396,78
23,19,570,Shamela0005724,10,966,1450,337,78
23,193,753,ShamAY0033522,53,392,956,443,97
23,443,634,Sham19Y0122257,360,802,983,119,76
23,59,763,Shia002176,16,445,1060,398,66
23,98,753,Sham19Y0001734,456,535,1151,472,89
23,126,753,Sham19Y0001734,2734,568,1187,471,90
23,430,613,Sham19Y0123665,275,274,913,121,23
23,31,618,Shamela0010803,382,868,1445,375,71
23,618,1076,Shamela0010803,383,1,339,152,37
23,177,443,Sham19Y0014119,697,373,594,137,57
23,304,747,Shamela0036558,482,1,437,344,96
23,22,634,JK000021,855,684,1238,315,57
23,424,613,Zaydiyya0000010,740,85,275,148,97
23,133,753,Sham19Y0006684,127,380,988,474,94
23,443,628,Sham19Y0006684,129,304,759,115,32
23,207,758,Rafed0002347,137,347,820,347,77
23,418,634,Shamela0021735,50,26,225,152,88
23,177,790,Sham19Y0017616,50,822,1428,383,71
23,184,753,Sham19Y0127677,1146,607,1179,376,73
23,59,747,Sham19Y0127677,10546,438,1036,391,66
23,133,753,Sham19Y0014462,142,134,753,483,96
23,190,747,JK011499,46,136,629,336,69
23,424,729,Shia001731Vols,928,1,298,202,76
23,190,747,Shia001976Vols,1245,126,642,356,73
23,243,508,Shia002265Vols,5160,1227,1451,161,75
23,511,753,Shia002265Vols,5161,6,231,174,86
23,243,602,Shia002265Vols,5163,1182,1488,221,74
23,606,753,Shia002265Vols,5164,1,148,108,86
23,190,783,Shamela0009292,55,41,601,372,73
23,424,613,Sham19Y0017879,621,1221,1396,119,75
23,443,763,Sham19Y0037618,6151,8,315,209,75
23,47,532,Shamela0002863,99,963,1461,329,81
23,532,822,Shamela0002863,100,1,306,188,67
23,316,547,Sham19Y0122406,478,682,880,115,55
23,543,747,Sham19Y0122406,479,594,769,133,77
23,212,424,Shamela0000432,4635,1164,1389,165,91
23,203,564,Shamela0000432,4670,1165,1537,227,68
23,222,460,JK000917,1461,10,245,166,86
23,414,634,ShamIbadiyya0000100,81,50,254,145,79
23,133,634,Masaha001864Vols,2862,876,1353,373,92
23,133,753,Shia002119Vols,157,559,1175,482,96
23,126,634,JK000475,27,210,715,384,92
23,148,599,Shamela0000262,8,1021,1443,273,69
23,580,747,Shamela0000262,9,1,143,108,76
23,54,758,Shamela0009810,1577,287,993,421,66
23,177,473,Zaydiyya0000407,389,1259,1534,216,90
23,473,753,Zaydiyya0000407,390,1,283,220,95
23,177,780,Kraken230110004547,443,255,792,360,68
23,299,634,JK000201,1237,54,367,199,67
23,260,634,JK000130,30,1,357,279,92
23,59,599,Shia001932,47,981,1445,293,63
23,606,763,Shia001932,48,4,152,103,77
23,363,747,Sham19Y0017903,113,5,352,239,72
23,180,763,Shamela0025800,2511,768,1317,370,73
23,70,753,Sham19Y0018144,293,547,1175,481,88
23,243,735,Shamela0001438,2335,1072,1526,323,76
23,113,753,Shamela0001719,3801,234,867,489,94
23,8,747,Shamela0001719,3815,619,1367,499,76
23,180,747,JK000030,210,753,1281,370,75
23,133,803,Shamela0007891,134,17,662,487,88
23,324,747,ShamAY0034005,1116,14,413,286,79
23,180,634,Shamela0008360,55,316,739,289,74
23,190,634,Shamela0000927,1782,322,796,238,52
23,264,753,Shamela0023695,792,1,471,374,95
23,190,634,Shamela0012014,243,702,1116,282,73
23,203,477,ShamAY0034068,3660,85,392,185,74
23,190,599,Sham19Y0013572,1035,1080,1456,252,72
23,599,747,Sham19Y0013572,1036,1,139,104,82
23,177,747,JK000216,240,130,615,345,73
23,511,634,Shamela0008176,637,1,108,85,86
24,768,1145,JK000735,239,1108,1448,235,77
24,831,1181,Sham19Y0018607,364,1198,1495,212,74
24,828,1181,Sham19Y0017729,182,353,678,227,77
24,831,1181,Shamela0021743,355,212,537,216,74
24,768,1181,Shamela0009564,128,26,403,259,76
24,828,1181,Shamela0011444BK2,720,716,1019,215,75
24,831,1181,Shamela0003118,5325,1109,1442,215,72
24,777,1181,Shamela0003118,5826,31,415,216,63
24,855,1181,Sham19Y0014325,1418,1094,1415,216,73
24,784,1181,Shamela0008970,192,1,381,249,74
24,590,1181,Shamela0012415,203,153,689,315,63
24,204,339,Shamela0009357,3,128,263,110,100
24,828,1181,JK006897,182,139,465,221,75
24,714,1105,JK000653,137,1091,1476,272,82
24,929,1139,ShamAY0032443,293,198,411,163,92
24,551,1145,Zaydiyya0000149,209,542,1103,321,58
24,787,1181,Shamela0007640,42,1,402,186,49
24,590,1189,Sham19Y0148486,2218,909,1481,330,64
24,749,1223,Sham19Y0146127,1154,186,639,273,67
24,728,1181,Shamela0001727,494,329,764,269,67
24,831,1181,Shamela0010283,1179,775,1128,224,71
24,768,1240,Shia000895Vols,182,964,1426,270,68
24,669,1181,Shamela0000736,4311,105,623,280,55
24,768,1181,ShamAY0033910,418,815,1182,245,73
24,803,1153,ShamAY0032874,1,735,1037,201,71
24,695,1181,Sham19Y0148271,1819,20,473,269,61
24,768,1181,Shamela0004289,748,67,461,258,73
24,929,1145,Shamela0006146,225,576,782,155,85
24,831,1181,Shamela0009242,1635,157,474,225,78
24,621,1032,Shamela0029728,8,1178,1511,201,55
24,852,1181,Shamela0029728,13,1,320,242,89
24,777,1327,JK000977,839,87,597,305,65
24,695,1181,ShamAY0034585,419,459,960,320,74
24,714,1181,ShamAY0034585,856,493,973,329,83
24,865,1181,Shia002067,303,1,295,206,75
24,736,1153,Shia001731Vols,316,384,782,201,58
24,828,1127,Shamela0003565,2043,11,284,188,76
24,728,1145,Sham19Y0122406,1363,393,793,249,66
24,787,1327,Shamela0011385,2506,180,624,148,26
24,807,1099,Shia002069Vols,135,1176,1458,173,74
24,669,1181,Shia002069Vols,363,262,810,245,47
24,828,1181,Sham19Y0013577,951,84,425,221,73
24,768,1145,JK000475,2298,680,1020,235,77
24,736,1153,Shamela0009810,587,1036,1437,204,59
24,861,1181,Shamela0021611,328,1118,1392,199,75
24,768,1181,JK000130,419,1051,1418,245,73
24,597,1181,JK000916,20141,547,1156,272,50
24,714,1181,JK008250Vols,968,714,1215,340,83
24,675,1145,Shamela0000767,1027,890,1328,257,62
24,635,1181,ShamAY0034005,350,291,786,288,59
24,768,1133,Shamela0001733,3385,1075,1417,225,73
24,669,1039,Shamela0001733,3386,89,654,257,57
24,669,1072,Shamela0001733,3395,961,1469,184,39
24,831,1181,Sham19Y0022884,107,1144,1455,222,78
24,831,1145,JK007064,245,700,968,194,75
24,669,1181,Shamela0003722,4660,645,1175,224,44
24,461,1294,Shamela0003722,5414,416,1131,354,44
25,296,564,Shamela0025794,4220,1050,1402,201,70
25,361,576,Shamela0009690,534,1301,1512,161,91
25,361,752,Shia002616Vols,5048,918,1353,289,78
25,296,743,ShamAY0032855,110,204,667,325,83
25,364,761,JK001236,175,321,798,285,72
25,361,743,Shamela0011816,53,139,500,263,82
25,361,752,Shamela0001875,362,769,1205,284,77
25,290,595,Sham19Y0131521,1479,490,858,222,73
25,361,743,Sham19Y0017729,136,52,470,279,78
25,85,734,Shamela0021479,204,776,1453,376,64
25,264,752,Shamela0021809,3304,64,659,331,65
25,364,743,JK000806BK1,662,470,903,280,79
25,361,743,Shamela0008381,1570,107,526,280,79
25,361,595,Shia000806Vols,130,1304,1555,174,85
25,361,674,Sham19Y0150961,102,784,991,146,59
25,361,708,Zaydiyya0000361,185,403,1011,184,33
25,361,730,Shamela0003118,568,1112,1528,259,76
25,364,770,Shamela0003118,1347,229,661,284,81
25,361,708,Zaydiyya0000054,76,712,1184,182,40
25,364,743,Sham19Y0014325,715,425,864,290,80
25,279,743,JK000785,374,281,785,328,78
25,55,743,Shamela0006744,619,737,1375,379,62
25,118,696,Shamela0008970,34,836,1428,320,56
25,296,761,Shamela0008473,3863,595,1161,335,71
25,6,743,Shamela0005805,13,496,1312,367,45
25,1119,1336,ShamAY0034580,76,972,1451,122,32
25,296,743,ShamAY0034580,77,382,847,325,82
25,276,595,Sham19Y0020591,374,436,815,226,72
25,361,743,Tafsir09084,1959,883,1302,279,78
25,361,752,Shamela0009801,46,747,1241,301,75
25,364,743,Tafsir09085,613,1,331,238,74
25,77,825,JK009189,39,172,824,314,41
25,364,511,JK000134,342,287,440,100,83
25,364,752,JK006897,92,47,467,280,78
25,296,609,Rafed0002654Vols,850,340,656,220,80
25,290,708,Rafed0002654Vols,3619,1054,1457,286,80
25,331,737,Rafed0002654Vols,3654,1056,1509,282,75
25,253,743,Rafed0002654Vols,6690,116,688,338,71
25,364,752,Shamela0008544,1331,463,874,270,75
25,296,743,Shamela0028107,297,167,634,325,82
25,309,743,Shamela0022547,929,1,483,306,73
25,361,580,Sham19Y0132524,423,1322,1556,164,87
25,253,743,Shamela0000782,1094,185,790,358,74
25,227,737,Shamela0026823,2,165,711,390,90
25,296,743,Sham19Y0146127,477,122,584,285,67
25,173,595,Shia002463Vols,33,952,1454,243,55
25,309,845,Shamela0001727,223,1,580,314,59
25,364,782,Shamela0036446,1349,207,582,245,69
25,276,567,ShamAY0033910,266,1091,1446,214,75
25,296,743,Shamela0012399,697,589,1091,325,77
25,361,743,Sham19Y0020638,193,319,743,279,79
25,267,722,ShamAY0034134,435,925,1401,297,73
25,296,595,ShamAY0034249,628,1212,1499,198,78
25,361,743,Shamela0004473,2941,624,1043,277,79
25,296,845,Shamela0004289,579,38,622,332,63
25,271,743,Shamela0000551,687,52,575,330,75
25,361,761,Shamela0009242,929,862,1256,278,80
25,290,761,Shamela0007435,188,674,1108,303,77
25,227,722,JK000977,372,532,1055,332,74
25,361,752,JK006950,1089,289,662,251,71
25,355,743,ShamAY0033522,219,895,1286,281,83
25,279,743,Tafsir02100,144,763,1221,327,83
25,290,717,Sham19Y0014601,1763,883,1190,177,46
25,296,785,Shamela0023578,2522,255,777,338,77
25,271,743,Sham19Y0001734,813,172,681,352,86
25,166,743,Sham19Y0001734,817,293,827,356,73
25,361,752,Shamela0005922,953,340,776,284,77
25,316,743,Sham19Y0006684,559,1,432,309,86
25,253,626,ShamAY0038116,56,1090,1464,262,85
25,1,525,Shamela0003981,17,1010,1464,228,49
25,1,374,Shamela0003981,23,366,758,201,51
25,361,674,Sham19Y0017616,89,1094,1447,236,81
25,374,511,Masaha004395Vols,259,14,156,98,83
25,296,612,Shamela0013033,25,967,1394,243,71
25,296,595,Shamela0008540,1322,424,740,188,66
25,443,825,Sham19Y0127677,8686,1,368,227,69
25,271,743,Sham19Y0014462,105,461,943,331,80
25,364,752,Shia000841Vols,1590,506,937,285,78
25,253,743,Shia001950,21,808,1373,335,68
25,364,743,Shia002265Vols,471,30,824,253,38
25,290,595,Shamela0117359,278,183,549,220,72
25,227,722,JK009408,1627,100,654,343,75
25,343,730,Shamela0006366,461,62,573,168,31
25,361,743,Masaha001864Vols,747,639,1071,281,79
25,296,743,Masaha001864Vols,2401,226,752,319,74
25,125,696,Shamela0003328,48,684,1291,289,46
25,276,511,Shamela0011385,2252,779,1046,131,60
25,290,665,Shia004092Vols,3687,1097,1461,258,80
25,331,752,Shia004092Vols,3723,825,1289,290,75
25,296,743,Shia004092Vols,6691,214,748,328,74
25,276,885,JK000475,248,678,1275,343,63
25,90,890,JK000475,2075,75,789,367,51
25,259,534,JK000475,2451,1232,1493,169,73
25,70,573,ShamAY0033626,4,1075,1547,205,37
25,276,465,JK000130,267,1208,1442,136,73
25,465,885,JK000130,268,5,379,218,62
25,364,752,Shamela0021537,3065,1024,1463,278,76
25,471,722,Shamela0031370,28,890,1129,174,85
25,361,743,Sham19Y0017903,265,881,1304,278,77
25,426,743,Shamela0025800,970,1,333,230,81
25,361,573,Masaha001171Vols,4776,1345,1576,159,83
25,259,743,Sham19Y0018144,668,615,1175,327,71
25,173,491,JK000916,3576,1036,1445,170,48
25,364,595,Sham19Y0020944,210,435,681,170,84
25,111,752,Shamela0030657,26,666,1373,387,62
25,227,678,JK000677,28,894,1432,294,66
25,296,825,Shamela0001719,2899,578,1086,346,76
25,296,743,Shamela0010765,110,545,1078,330,75
25,85,743,Shamela0007891,427,21,680,339,51
25,259,722,ShamAY0034005,930,514,1032,313,74
25,361,743,Shamela0000216,111,202,645,294,81
25,187,785,Shamela0001733,3286,169,769,337,61
25,276,439,Shamela0001733,3294,1258,1424,114,85
25,361,743,Shia003732Vols,5722,575,1001,278,76
25,118,722,Shamela0003722,6158,46,639,356,66
26,34,336,Shamela0010902,167,1075,1454,197,59
26,671,1034,Shamela0012852,1,997,1413,265,78
26,390,1057,Shamela0003981,19,1,670,491,87
26,30,336,JK000916,15674,1023,1397,201,62
27,927,1579,Shamela0006446,247,93,706,348,59
27,1155,1554,Shamela0000140,1893,56,442,247,69
27,1025,1579,JK007065,1035,140,660,317,64
27,1055,1579,Shamela0026884,417,1,435,340,79
27,1111,1579,Sham19Y0013223,596,252,709,274,63
27,968,1576,ShamAY0033656,2,513,1211,407,66
27,1055,1579,Sham19Y0020638,1243,836,1337,314,67
27,1055,1579,Shamela0004289,142,40,530,295,62
27,1116,1579,Shamela0006610,1185,294,758,283,65
27,1063,1579,Sham19Y0017616,475,961,1479,320,68
27,978,1579,ShamAY0033551,19,1,591,450,91
27,968,1579,Sham19Y0122406,3936,294,866,332,60
27,935,1579,Shamela0010441,18,1,609,479,91
27,1116,1579,Shamela0025800,1001,85,549,285,66
27,1055,1579,Shamela0007891,713,9,456,289,64
27,1063,1579,JK000381,890,808,1264,296,65
27,1116,1579,Shamela0008360,348,147,597,284,66
27,968,1579,Shia001831Vols,525,678,1249,331,60
27,1063,1579,Shamela0012014,308,940,1437,322,70
27,1129,1579,Sham19Y0013572,1251,856,1313,280,66
27,1116,1579,Sham19Y0145212,1625,252,1030,285,41
27,1063,1579,ShamAY0038316,81,937,1411,311,68
27,1116,1579,Shamela0008176,2989,253,703,285,67
28,1,268,Shamela0006446,247,706,993,165,65
28,1,231,Shamela0000140,1894,267,496,155,78
28,1,231,JK007065,1035,660,889,151,75
28,75,220,Shamela0010922,25,1409,1558,96,75
28,1,240,Sham19Y0132524,2851,726,967,155,73
28,1,316,Shamela0026884,417,435,757,196,69
28,1,231,Sham19Y0013223,596,709,949,154,77
28,1,231,Sham19Y0014592,140,88,332,158,78
28,1,231,Shamela0006610,1185,758,993,146,71
28,53,231,Sham19Y0017616,476,5,203,130,79
28,1,231,ShamAY0033551,19,591,824,181,96
28,1,231,ShamAY0038082,7,977,1243,164,75
28,1,231,Shamela0010441,18,609,841,179,94
28,1,288,Shamela0025800,1001,549,845,157,56
28,1265,1530,JK000916,3149,21,273,186,87
28,1,231,JK000381,890,1264,1503,154,77
28,1,249,Sham19Y0147311,201,248,496,157,71
28,1,231,Sham19Y0013572,1251,1313,1551,150,72
29,194,388,Shamela0001717,399,1268,1428,123,79
29,20,338,ShamAY0033589,13,551,904,192,65
29,175,540,JK000059,13,817,1072,183,60
29,194,431,Shamela0009873,247,183,404,170,90
29,1,562,Sham19Y0009382,18,222,776,436,94
29,220,431,Shamela0021660,120,403,609,164,96
29,31,547,Shamela0003118,1198,548,950,231,53
29,74,338,Sham19Y0013252,9332,887,1226,160,59
29,194,388,Sham19Y0013252,11645,1065,1225,123,79
29,216,474,Shamela0009773,2689,1210,1460,155,75
29,241,474,Kraken22021606121201,748,682,1119,117,33
29,31,338,ShamAY0032379,369,367,771,192,59
29,241,474,JK010768,116,101,429,146,56
29,190,338,ShamAY0034809,49,43,218,114,82
29,194,474,Sham19Y0014592,2109,1206,1477,192,86
29,194,474,Shamela0010664,841,1132,1425,206,89
29,175,592,Shamela0004473,15664,628,922,194,56
29,31,338,ShamAY0035035,2735,1023,1381,186,64
29,46,338,Shamela0007562,289,320,636,187,69
29,246,474,Shamela0005449,169,623,899,144,66
29,46,338,JK000021,281,676,1354,193,35
29,55,331,Sham19Y0020562,6,1212,1471,157,67
29,46,338,Shamela0095700,90,555,768,137,58
29,74,547,Shia002119Vols,920,677,1142,182,37
29,241,474,Sham19Y0145334,1886,652,894,143,74
29,241,474,JK000927,1758,418,745,145,56
29,23,338,JK000927,1760,117,380,142,52
29,615,720,Rafed0002452,243,848,953,80,100
29,1,562,JK000916,3149,273,840,439,95
29,1,306,JK007082,11,1181,1496,241,95
29,306,562,JK007082,12,1,257,205,99
29,338,474,Shamela0001719,1035,1159,1293,99,91
29,46,317,Shamela0001719,1035,504,746,119,46
29,194,382,Shamela0002215BK1,217,520,681,119,79
29,74,338,JK009324,3465,201,546,145,49