ms1,b1,e1,id2,ms2,b2,e2,ch_match,matches_percent
1,576,1281,Kraken230107021738,1987,380,1157,432,63
1,295,1615,Kraken220413030759,1275,957,1545,436,40
1,606,1281,JK000916,22847,250,1024,314,38
1,295,753,Shamela0009702,439,1074,1522,353,94
1,753,1615,Shamela0009702,440,1,844,678,95
1,849,1281,JK000603,2,105,378,162,44
1,1396,1573,Sham19Y0020638,13,216,392,144,99
1,767,1270,Shamela0003722,6697,371,653,143,34
1,1321,1594,Sham19Y0020699,24,1022,1153,102,46
2,949,1480,Sham19Y0017747,36,506,793,118,25
2,79,1630,Kraken220413030759,1276,1,1601,862,53
2,924,1159,Shia004456Vols,315,484,720,192,98
2,95,452,Shia004456Vols,316,8,367,284,95
2,924,1112,Shamela0004473,1241,1402,1591,153,98
2,1112,1645,Shamela0004473,1242,1,254,125,27
2,949,1159,Shamela0010717,204,759,971,164,91
2,1,789,Shamela0009702,440,844,1636,636,98
2,789,1645,Shamela0009702,441,1,818,661,94
3,369,502,Shia002206,121,582,723,106,92
3,350,502,Kraken220413030759,1274,1033,1189,114,91
3,528,923,Kraken220413030759,1276,1220,1584,290,89
3,952,1522,Kraken220413030759,1277,83,519,314,69
3,369,502,Shamela0009584,328,667,799,106,99
3,350,502,JK000916,22850,1283,1438,117,94
3,350,502,Shamela0003118,6567,442,592,110,92
3,528,959,Shia004456Vols,316,381,812,348,98
3,1,350,Shamela0004473,1242,254,610,281,96
3,528,959,Shamela0004473,1246,1085,1522,349,96
3,369,502,Shamela0000736,5386,1193,1325,106,99
3,468,952,Shamela0010717,205,55,267,133,35
3,1,852,Shamela0009702,441,818,1666,696,99
3,852,1522,Shamela0009702,442,1,667,532,98
3,343,494,Sham19Y0016928,204,747,907,113,87
3,339,528,JK000990,144,1328,1516,151,99
3,147,502,JK000603,2,446,1242,278,42
3,379,502,Shamela0003722,6698,1,123,98,99
3,141,502,Shamela0011036,114,287,769,208,47
3,369,502,Sham19Y0017842,11,420,561,106,92
3,154,293,Sham19Y0019199,908,204,372,110,77
3,363,502,Sham19Y0018100,102,360,499,111,98
4,499,818,Kraken220314171616,11,1,474,186,43
4,290,986,Shamela0001003,854,79,935,373,49
4,462,912,ShamAY0034251BK1,5,34,502,289,70
4,411,1493,Sham19Y0127654,3,16,757,501,55
4,421,793,ShamAY0035792,667,309,767,237,64
4,72,1649,JK000532,1044,1,1598,1245,95
4,438,626,Shamela0000321,14,1397,1583,127,84
4,626,912,Shamela0000321,15,10,433,200,58
4,406,793,Shamela0037325,2008,1128,1548,291,85
4,462,716,Shamela0035100,10538,1233,1537,180,69
4,700,912,Shamela0035100,10539,1,234,146,74
4,7,355,Sham19Y0001994,631,1299,1625,224,76
4,427,951,Sham19Y0001994,632,626,1138,383,91
4,458,912,Shamela0000317,6,565,1156,319,66
4,164,894,Shamela0012860,577,25,899,298,32
4,473,818,ShamAY0001760,101,821,1269,251,70
4,465,818,Sham19Y0132962,8,141,580,211,52
4,462,1574,JK000195,185,301,1318,523,48
4,7,222,JK000753,218,1119,1316,150,82
4,161,951,Kraken210630005153,2867,774,1316,389,61
4,462,912,Shamela0012398,1672,1041,1534,314,75
4,258,731,Sham19Y0014580,38,333,893,357,79
4,161,389,Shamela0000497,2,694,925,169,89
4,250,818,Shamela0096232,1,1149,1665,196,36
4,274,1087,Shamela0011137,2,1,1158,500,50
4,452,894,Sham19Y0008889,16,307,803,249,55
5,289,508,Kraken220314171616,10,1066,1407,137,48
5,30,1239,JK000532,1045,1,1545,942,74
5,1243,1644,JK000532,1046,1,447,319,85
5,642,1122,Shamela0000321,21,680,1531,302,43
5,1134,1396,Shia004456Vols,232,403,642,177,74
5,1,267,Shia004456Vols,232,148,410,212,95
5,629,1098,Shamela0035100,10541,999,1591,263,51
5,805,1134,Sham19Y0001994,632,1153,1464,249,93
5,333,625,Sham19Y0014827,658,1190,1445,190,79
5,285,875,Sham19Y0096918,627,419,794,185,32
5,966,1122,Shamela0012722,771,806,1072,109,48
5,1,267,Shia001555Vols,223,700,961,212,95
5,1134,1396,Shia001555Vols,223,954,1193,177,74
5,674,1644,Kraken210630005153,2869,428,1143,318,31
5,285,805,Sham19Y0014580,38,919,1394,173,32
5,106,267,Shamela0000497,2,1061,1233,130,92
5,1134,1388,Shamela0000497,2,1226,1487,189,78
6,1397,1603,Shamela0006739,1798,5,218,168,95
6,300,568,ShamAY0034251BK1,16,1129,1422,198,80
6,1049,1603,Sham19Y0127654,5,230,615,290,63
6,1,1234,JK000532,1046,447,1641,955,94
6,300,568,Shamela0000321,25,58,348,205,84
6,300,945,Shamela0035100,10543,303,1090,454,69
6,1140,1290,Shamela0035100,10544,17,189,106,72
6,1049,1220,Sham19Y0001994,633,308,473,135,96
6,1352,1503,Sham19Y0013253,106,698,908,87,45
6,725,885,Shia002156,13,565,720,101,78
6,300,568,Shamela0000317,59,285,570,202,85
6,1308,1603,Shamela0000317,81,286,507,174,69
6,1,522,Kraken210630005153,2869,1143,1590,320,69
6,522,1039,Kraken210630005153,2870,1,365,209,42
6,885,1028,Sham19Y0014580,41,921,1127,115,68
6,300,568,Shamela0003283,481,269,563,200,81
6,970,1417,Shamela0011137,1,783,1277,73,11
7,1,1352,Shamela0006739,1798,218,1595,1083,96
7,1352,1495,Shamela0006739,1799,1,145,115,99
7,730,1495,Kraken220314171616,8,236,1202,535,69
7,1146,1495,ShamAY0034251BK1,4,1,369,270,90
7,723,1356,Shamela0000321,13,591,1549,428,55
7,1356,1495,Shamela0000321,14,1,142,112,98
7,1047,1281,Shamela0037325,2008,450,687,187,97
7,37,222,Shia004456Vols,418,1082,1268,147,96
7,809,1146,Shamela0035100,10537,1233,1573,210,70
7,1146,1495,Shamela0035100,10538,1,297,223,77
7,1047,1495,Sham19Y0127671,15,936,1484,335,76
7,1,183,Sham19Y0127671,16,1568,1749,145,97
7,1,177,Kraken220208041040,887,27,199,129,90
7,1047,1495,Shamela0012722,768,1238,1604,253,65
7,1,202,Sham19Y0132415,679,15,218,158,93
7,723,1486,Shamela0000317,3,286,1218,478,57
7,1,730,Shamela0000317,81,507,1253,570,92
7,733,1370,Sham19Y0017741,14,737,1579,310,44
7,1370,1495,Sham19Y0017741,15,1,143,100,88
7,1047,1495,ShamAY0001760,216,148,595,345,93
7,730,1423,Sham19Y0132962,5,694,1578,481,67
7,921,1495,Shamela0096232,3,1,542,409,87
8,365,960,Sham19Y0127654,47,76,813,282,39
8,86,821,Shia000841Vols,1,102,595,278,44
9,776,1171,Shamela0010717,4,1316,1696,312,93
9,1179,1914,Shamela0010717,111,903,1588,580,91
9,530,1185,ShamAY0034251BK3,16,326,919,380,62
9,776,1192,Shamela0010517,1,828,1238,295,78
10,1190,1373,Shamela0004473,1245,843,1026,150,100
10,1,447,Shamela0004473,5868,1269,1619,283,76
10,1,167,Shamela0010717,111,1588,1754,139,100
10,167,1210,Shamela0010717,112,1,940,730,83
10,484,669,ShamAY0032249,59,1,186,152,100
10,1,1190,Shamela0009993,28,43,1141,900,90
10,1524,1707,Sham19Y0013252,58,245,428,137,92
10,1,264,Shamela0007636,127,1400,1707,181,71
10,264,1175,Shamela0007636,128,1,1015,440,46
11,13,337,Sham19Y0127654,6,605,979,268,86
11,1,828,Sham19Y0127654,13,922,1637,550,78
11,1,173,Shamela0010717,164,1534,1709,144,98
12,1233,1507,Masaha002473,212,141,420,161,65
12,984,1218,Kraken220314171616,13,1053,1277,171,87
12,1075,1507,Shamela0026389,180,462,818,214,54
12,1007,1507,Shamela0026389,234,700,1116,220,46
12,1075,1507,Shamela0026389,278,953,1365,232,55
12,1075,1507,Shamela0026389,328,817,1230,219,52
12,178,844,Shamela0005064,22,1051,1638,239,35
12,500,823,Shamela0009702,9,1,320,224,81
12,999,1507,JK009381,9,922,1274,204,44
12,1263,1517,ShamAY0033543,2,1178,1463,178,70
12,1271,1507,Shamela0013129,27,1,224,159,75
12,984,1218,Sham19Y0132962,10,1007,1231,171,87
12,449,884,ShamAY0034251BK3,18,1,329,174,42
13,1079,1463,Sham19Y0013253,105,559,904,193,60
13,781,949,Sham19Y0013253,106,505,669,133,90
14,638,1522,Shamela0006549,222,700,1683,707,84
14,1522,1712,Shamela0006549,223,5,195,157,100
14,610,1422,Shamela0006739,1292,498,1131,457,67
14,638,1288,Kraken210714194926,183,695,1293,483,89
14,1319,1608,Kraken210714194926,184,13,274,144,59
14,1443,1712,Kraken220301002522,17,185,451,203,89
14,610,1422,Shamela0035100,7628,531,1178,454,66
14,610,1658,Shamela0010906,6379,389,1461,505,46
14,770,917,Shamela0012860,396,721,869,107,89
15,1,691,Shamela0006549,223,195,888,436,72
15,78,235,ShamAY0034556,60,1354,1515,121,90
15,1015,1171,Sham19Y0014075,773,410,592,90,59
15,999,1151,Sham19Y0013253,104,1321,1552,113,61
15,1433,1606,Sham19Y0013253,105,20,179,107,70
15,971,1231,Sham19Y0122406,30,1176,1444,152,62
15,1044,1606,Sham19Y0122406,4959,207,501,211,43
15,1136,1611,JK000603,20,30,402,270,66
15,637,1108,JK000603,21,56,457,138,24
15,1022,1562,JK003609,4792,40,397,145,29
16,1146,1539,Shamela0009584,61,42,405,205,56
16,1354,1631,Shamela0029830,2,1076,1364,165,67
16,1131,1585,Shamela0035100,5709,991,1360,184,46
16,466,1236,Sham19Y0013253,103,754,1591,453,57
16,1236,1539,JK000952,589,1,323,210,75
16,462,1589,JK000603,19,530,1404,475,47
16,1,212,JK000603,20,402,608,171,95
16,1185,1637,Shamela0005797,491,269,770,235,48
16,1404,1539,Shamela0005797,601,1,122,79,66
16,100,1539,Masaha001946Vols,135,1,790,541,45
17,692,1502,Kraken220413030759,1276,918,1638,290,33
17,279,582,ShamAY0034662,172,103,538,188,50
17,41,351,ShamAY0034662,464,771,934,131,52
17,34,457,JK001084,83,113,332,94,28
17,1360,1541,Shia004456Vols,314,704,876,139,93
17,692,903,Shia004456Vols,315,509,720,175,100
17,692,856,Shamela0004473,1241,1427,1591,136,100
17,856,1660,Shamela0004473,1242,1,509,283,39
17,1,465,Sham19Y0013253,104,501,1002,242,49
17,1,355,JK000806BK1,35,1374,1567,152,52
17,403,576,JK000806BK1,36,45,179,103,74
17,41,351,JK000806BK1,133,1406,1569,131,52
17,1019,1333,Shamela0010717,204,1351,1672,181,68
17,593,903,Shamela0010717,204,565,971,229,66
17,692,1660,Shamela0009702,441,131,1073,679,79
17,107,625,Sham19Y0122406,30,786,1325,219,40
17,1159,1360,JK000990,144,1120,1321,162,99
17,625,1114,JK000603,1,1241,1635,219,49
17,1114,1660,JK000603,2,1,551,211,33
17,84,495,JK000603,19,1,482,273,66
18,106,238,Shia002206,121,582,723,106,93
18,87,238,Kraken220413030759,1274,1033,1189,114,91
18,268,670,Kraken220413030759,1276,1220,1584,290,87
18,711,1347,Kraken220413030759,1277,94,519,303,58
18,106,238,Shamela0009584,328,667,799,106,100
18,87,238,JK000916,22850,1283,1438,117,94
18,87,238,Shamela0003118,6567,442,592,110,92
18,268,706,Shia004456Vols,316,381,812,348,96
18,248,711,Shamela0004473,1246,1060,1527,364,95
18,1351,1542,Shamela0004473,15320,1361,1555,156,98
18,106,238,Shamela0000736,5386,1193,1325,106,100
18,1347,1607,Sham19Y0013253,113,60,322,211,98
18,205,699,Shamela0010717,205,55,267,137,35
18,1,593,Shamela0009702,441,1081,1666,473,97
18,593,1361,Shamela0009702,442,1,672,503,79
18,80,231,Sham19Y0016928,204,747,907,113,87
18,76,264,JK000990,144,1328,1516,151,100
18,1,238,JK000603,2,559,1242,186,33
18,1098,1328,JK000603,3,136,372,171,86
18,116,238,Shamela0003722,6698,1,123,98,100
18,106,238,Sham19Y0017842,11,420,561,106,93
18,100,238,Sham19Y0018100,102,360,499,111,99
19,375,755,JK001084,84,336,775,218,56
19,1,556,Shamela0004473,15321,60,861,272,39
19,4,710,Sham19Y0013253,113,326,1222,257,26
19,839,1566,Sham19Y0122406,32,896,1370,332,51
19,292,755,JK000603,21,986,1526,348,78
19,856,1566,JK000603,22,290,993,513,81
19,448,612,Shamela0009539,4,155,337,102,63
19,448,905,Shamela0010728,15,30,302,166,42
19,375,905,Shamela0010728,34,1156,1526,193,41
19,363,618,Sham19Y0014119,4,281,515,97,42
20,871,1424,Shamela0010736BK1,150,1,321,208,45
20,1160,1517,Sham19Y0007729,484,383,717,150,40
20,1,270,Kraken220301002522,246,558,690,107,48
20,214,1444,Shamela0029830,1,1062,1447,265,27
20,149,374,Shamela0004473,15323,1,250,173,86
20,1,243,Sham19Y0122406,32,1370,1652,186,77
20,243,1517,Sham19Y0122406,33,1,1258,977,95
20,257,1424,Shamela0022882,64,113,670,389,42
20,1,586,JK000603,22,993,1590,471,96
20,586,1517,JK000603,23,1,906,698,93
20,365,1517,Shamela0009870,67,1,1167,888,93
21,1056,1346,ShamAY0034556,65,1291,1572,218,93
21,1346,1513,ShamAY0034556,66,1,168,136,100
21,186,503,Shamela0010736BK1,150,314,595,207,81
21,1393,1560,Shamela0009329,80,1076,1329,77,37
21,1,336,Sham19Y0007729,484,717,985,104,28
21,1056,1356,Shamela0006947,14278,441,719,219,91
21,179,440,Shamela0010714,8,888,1102,126,55
21,1,380,Sham19Y0122406,33,1258,1507,202,65
21,380,1560,Sham19Y0122406,34,1,1207,722,63
21,1056,1240,Shamela9007669,17,1442,1628,136,90
21,186,541,Shamela0022882,64,678,978,230,78
21,1052,1560,JK000990,556,766,1261,398,97
21,179,522,Shamela0026033,27,408,756,155,46
21,1,630,JK000603,23,906,1519,493,96
21,1103,1449,JK000603,24,1207,1563,272,95
21,637,1027,JK000603,24,1,379,301,96
21,1052,1226,Shamela0009993,179,1548,1697,120,85
21,1226,1373,Shamela0009993,180,1,147,117,99
21,1,332,Shamela0009870,67,1167,1496,266,99
21,332,1078,Shamela0009870,68,1,713,554,90
22,1512,1622,Sham19Y0127654,249,540,650,88,100
22,976,1117,Shamela0009329,41,1104,1256,98,79
22,992,1193,Sham19Y0007729,123,241,462,158,88
22,1,271,Sham19Y0007729,209,860,1186,207,76
22,1269,1528,Shamela0025955,87,555,831,130,52
22,294,535,Shamela0004473,1116,817,1058,196,98
22,294,455,Shamela0004473,1245,1036,1197,136,100
22,399,655,Shamela0004473,12068,107,355,204,96
22,405,655,Shamela0004473,12348,135,372,195,94
22,1285,1622,Shamela0000140,38,212,567,231,73
22,1266,1537,Shamela0008316,141,375,674,157,57
22,294,682,Shamela0010717,132,52,368,211,64
22,1,136,Sham19Y0122406,34,1207,1384,107,71
22,1,294,JK000990,556,1261,1551,233,92
22,1,136,JK000603,25,123,300,107,71
22,405,655,Shamela0010322,17,413,650,195,94
22,1285,1622,Shamela0005963,21,1287,1639,242,79
22,294,682,Shia003356Vols,529,521,836,211,65
22,1285,1622,Sham19Y0008889,78,841,1207,242,76
22,399,655,ShamAY0037374,5,190,438,204,96
22,294,984,Shamela0010517,2633,639,967,246,43
22,294,435,Shamela0010517,2894,1154,1295,116,97
23,816,938,Shia002206,9,10,133,93,96
23,678,938,Sham19Y0011402,107,1,143,111,54
23,632,938,Sham19Y0011402,366,172,381,163,68
23,708,978,Sham19Y0127656,18,1097,1310,128,59
23,1,616,Sham19Y0007729,127,498,1021,384,77
23,826,956,Sham19Y0007729,129,396,527,87,87
23,662,900,JK001084,84,1273,1520,141,61
23,656,810,Sham19Y0127660,130,1202,1322,96,77
23,648,1013,Shamela0004473,1245,93,283,133,47
23,1098,1242,Shamela0004473,1249,216,358,110,95
23,816,1242,Shamela0004473,12067,1271,1515,172,51
23,816,1242,Shamela0004473,12347,1290,1524,172,51
23,35,292,Shamela0006947,14061,733,996,152,67
23,1,262,Sham19Y0013253,102,781,1042,212,99
23,235,584,Shamela0010717,156,891,1132,181,63
23,665,1003,Shamela0010717,159,709,892,144,53
23,92,262,Shamela0010717,161,1,171,141,99
23,741,938,Sham19Y0122406,45,143,305,115,71
23,1101,1543,JK000990,380,856,1282,334,93
23,17,598,JK000990,512,1048,1543,255,47
23,308,616,JK000991,38,1,263,163,62
23,741,938,Sham19Y0132524,36,1155,1325,118,72
23,648,1033,JK000603,4,227,567,228,70
23,22,308,JK000603,5,434,668,162,68
23,1265,1551,JK000603,6,1,321,202,76
23,826,932,JK000603,17,6,112,82,100
23,254,616,Shamela0096283,1,1083,1406,256,85
23,816,1242,Shamela0010322,17,19,253,172,51
23,145,468,ShamAY0033545,8,982,1276,142,50
23,235,584,Shia003356Vols,544,886,1125,181,63
23,1,1270,Shia003356Vols,545,901,1463,442,42
23,1361,1551,Sham19Y0017063,31,1,193,151,97
23,816,1208,ShamAY0037374,4,1356,1566,144,46
24,1098,1454,Shamela0009329,45,1201,1525,179,61
24,840,1494,Sham19Y0007729,129,543,1115,384,71
24,214,341,Shamela0010717,161,655,779,95,92
24,762,1267,Shamela0010717,162,150,454,199,49
24,118,751,Shamela0005975,25,421,824,264,52
24,1,173,JK000990,380,1286,1458,135,100
24,173,1494,JK000990,381,1,1280,1006,94
24,1,746,JK000991,25,525,960,327,54
24,781,1494,JK000991,40,646,1192,295,53
24,1,1070,JK000603,6,321,1414,762,83
24,1101,1494,JK000603,7,6,390,292,93
24,762,1037,Zaydiyya0000454,45,1063,1294,144,63
24,485,751,Sham19Y0013252,225,43,269,172,79
24,485,751,Shamela0007349,26,1158,1385,172,79
24,214,733,Shia003356Vols,545,1458,1646,145,34
24,1,762,Sham19Y0017063,31,193,939,575,94
25,951,1346,Shamela0009329,208,1219,1458,153,49
25,1232,1525,Shamela0009329,209,135,391,106,45
25,1,111,JK000990,381,1280,1390,88,100
25,1,959,JK000603,7,390,1515,608,59
25,959,1525,JK000603,8,1,593,452,95
25,1232,1525,Sham19Y0022797,464,580,816,86,35
26,165,423,Shamela0009329,209,476,889,140,40
26,943,1059,Shamela0009329,209,960,1094,75,65
26,204,617,Shamela0026389,339,339,810,175,37
26,863,1023,Sham19Y0013253,855,749,1073,100,35
26,868,984,Shamela0008316,166,432,551,85,86
26,1,847,JK000603,8,593,1479,636,87
26,847,1488,JK000603,9,1,618,484,93
27,1126,1247,Shamela0000178,12,479,605,93,87
27,1129,1386,Shamela0003055,4271,981,1219,161,70
27,1129,1386,JK010001,1924,714,926,140,61
27,1129,1386,Tafsir07055,2016,168,399,155,68
27,1126,1386,Shamela0001673,8434,39,271,160,71
27,427,670,Shamela0004473,1249,1041,1319,163,74
27,1129,1386,Shamela0029878BK1,127,881,1117,164,73
27,1,1005,JK000603,9,618,1500,694,86
27,1005,1493,JK000603,10,1,492,381,94
27,1386,1493,Sham19Y0013252,13056,1005,1112,83,100
27,985,1163,ShamAY0033545,15,1402,1614,63,34
27,1126,1386,Shamela0007349,65,897,1134,163,71
27,1126,1386,Shamela0021537,936,721,961,160,69
27,1126,1386,Shamela0021537,4858,31,274,157,67
27,799,1487,Shamela0010517,2310,817,1521,549,97
28,16,199,JK007014,76,985,1163,142,97
28,27,316,Sham19Y0127654,255,1257,1547,231,99
28,316,564,Sham19Y0127654,256,1,249,200,98
28,923,1459,Sham19Y0131521,6387,812,1313,274,55
28,1043,1446,Sham19Y0014592,3260,373,808,307,84
28,782,1514,Sham19Y0122401,1399,225,1083,548,77
28,1181,1459,JK000985,162,1162,1455,200,84
28,773,1123,ShamAY0033531,3507,1209,1559,281,100
28,1123,1514,ShamAY0033531,3508,1,397,296,92
28,773,1514,ShamAY0033531,4690,646,1392,577,95
28,1,1006,JK000603,10,492,1516,754,89
28,1006,1446,JK000603,11,1,468,334,86
28,1210,1435,Sham19Y0020591,1762,173,401,172,91
28,1,375,Sham19Y0013252,13056,1112,1462,281,93
28,375,531,Sham19Y0013252,13057,1,159,128,98
28,1301,1459,Shamela0007349,334,1,161,120,92
28,862,1485,Sham19Y0014601,5953,1,329,251,48
28,1,564,Shamela0010517,2311,7,583,451,97
29,450,701,Zaydiyya0000413Vols,1479,435,755,135,51
29,450,1204,Shamela0009329,68,758,1531,446,62
29,494,1000,Sham19Y0007729,80,930,1502,322,66
29,1,106,Sham19Y0131521,6387,956,1061,82,100
29,1,106,Sham19Y0122401,1399,1083,1188,82,100
29,1255,1485,JK000995,44,1032,1257,177,96
29,541,1135,JK000995,104,637,1549,399,53
29,1135,1255,JK000995,105,1,126,98,96
29,450,865,Shia001561,11,262,745,228,52
29,450,701,Shamela0029878BK1,110,996,1313,133,50
29,183,369,Sham19Y0013253,102,6,186,139,91
29,450,712,Sham19Y0032476,317,1038,1350,144,55
29,696,865,Shamela0008316,176,100,293,135,85
29,696,1255,Shamela0023798,96,889,1452,429,92
29,117,811,Shamela0010717,161,1238,1564,256,45
29,450,712,Shamela0012532,178,361,689,140,52
29,5,106,Sham19Y0122406,55,968,1069,79,100
29,696,947,JK000985,17,1219,1485,198,91
29,947,1255,JK000985,18,1,310,236,91
29,1,106,JK000985,162,962,1071,82,96
29,888,1161,JK000991,59,1203,1467,202,92
29,12,106,Sham19Y0132524,53,896,990,73,100
29,1,106,ShamAY0033531,3508,397,502,82,100
29,1,106,ShamAY0033531,4690,1392,1497,82,100
29,106,1008,JK000603,11,468,1519,616,68
29,1008,1447,JK000603,12,1,450,291,72
29,450,701,Shamela0002241,26,439,747,126,47
29,450,712,ShamAY0037747,619,512,833,140,51
29,1,99,Sham19Y0020591,1762,1105,1210,76,93
29,450,712,JK000996,12,340,671,145,53
29,444,692,Shamela0006336,574,1056,1369,141,54
29,444,696,Shamela0012019,265,520,834,140,53
30,1355,1550,Sham19Y0017878,460,1080,1381,136,53
30,400,1061,JK007030,57,228,652,295,55
30,633,1150,Shamela0009329,69,81,394,221,53
30,633,1150,Sham19Y0007729,81,319,629,217,52
30,8,226,Sham19Y0007729,85,1204,1382,137,76
30,431,1150,Zaydiyya0000153,260,809,1242,351,60
30,73,288,JK000995,104,1,208,168,95
30,480,1076,JK000995,107,1,600,448,88
30,654,1150,Shia001561,11,862,1158,201,50
30,901,1169,Shamela0023798,88,169,682,193,46
30,1179,1544,Shamela0023798,97,1,373,285,93
30,431,619,JK000990,192,1372,1551,146,95
30,619,1150,JK000990,193,1,527,421,98
30,1155,1559,JK000985,18,337,735,299,90
30,975,1150,JK000985,19,1112,1291,139,97
30,1188,1544,JK000991,60,58,476,254,73
30,1,599,JK000991,69,949,1456,290,50
30,467,1101,Shamela0002241,26,840,1280,301,57
30,975,1134,JK000996,12,834,998,119,92
30,654,1076,Sham19Y0032193,284,344,667,170,46
30,527,1076,Shamela0021537,5694,1,556,442,98
31,702,978,Shia002206,9,673,952,225,98
31,59,273,Sham19Y0011402,947,1,214,170,99
31,392,620,Sham19Y0007729,128,861,1089,174,92
31,7,210,JK000916,22854,19,234,131,72
31,702,998,Shia004456Vols,315,1197,1493,234,93
31,35,210,Shia004456Vols,1250,353,514,122,85
31,370,698,Shamela0004473,1248,754,1099,262,94
31,702,978,Sham19Y0013253,102,219,485,209,90
31,535,724,Sham19Y0013253,103,368,582,110,59
31,1456,1616,JK000201,10,1353,1527,124,88
31,35,206,Shamela0010906,4369,1313,1478,114,81
31,1451,1597,Shamela0023798,369,1034,1178,107,91
31,59,687,Shamela0010717,162,620,1169,423,81
31,706,978,Shamela0010717,163,104,366,206,89
31,373,687,JK000990,138,1083,1370,223,86
31,1,286,JK000990,144,574,863,212,92
31,1417,1616,JK000990,513,1,189,152,94
31,26,502,JK000603,17,430,944,366,86
31,1367,1605,JK000603,17,951,1252,147,52
31,1131,1358,Shamela0009993,193,73,284,170,87
31,7,210,Shamela0003722,6499,149,362,143,79
31,21,206,ShamAY0033545,12,851,1064,141,83
31,221,528,Shia003356Vols,546,32,207,140,54
32,15,186,Sham19Y0127654,82,1385,1558,135,93
32,95,875,JK000990,513,203,1044,414,48
32,1065,1468,JK000990,514,998,1458,226,55
32,639,1550,JK000603,18,48,956,368,36
33,6,373,Sham19Y0127654,109,849,1018,101,33
33,947,1550,Shamela0009329,44,139,654,373,70
33,979,1550,Sham19Y0007729,130,69,512,355,75
33,979,1520,Shia004456Vols,4130,575,1045,381,84
33,979,1623,JK000995,88,237,847,480,88
33,1005,1233,Shamela0004473,1249,539,767,189,99
33,983,1616,Shamela0010717,163,371,852,370,70
33,1142,1623,JK000990,383,1,439,340,82
33,446,696,JK000990,513,1101,1359,195,95
33,1017,1434,JK000990,541,1128,1491,237,66
33,970,1550,JK000603,13,270,764,317,61
33,17,219,JK000603,18,1009,1217,102,46
33,983,1275,Shia003356Vols,546,212,423,175,71
34,280,608,Shia002206,10,1147,1482,266,97
34,306,1598,Shamela0009329,44,661,1350,449,40
34,306,1598,Sham19Y0007729,130,519,1484,672,59
34,1,620,JK000995,88,847,1447,454,89
34,642,1354,JK000995,89,1,700,553,94
34,1,554,Shamela0035100,4441,733,1084,190,37
34,1,554,Shamela0010906,4372,383,745,192,36
34,1,1334,Sham19Y0122406,47,41,1596,994,76
34,1334,1598,Sham19Y0122406,48,1,154,97,43
34,1,1193,JK000990,383,439,1631,942,95
34,1193,1598,JK000990,384,1,396,316,97
34,430,1404,JK000990,542,5,407,247,30
35,1272,1562,Shia002206,11,72,376,164,55
35,1195,1388,Sham19Y0011402,365,583,776,157,100
35,1195,1447,Shamela0009329,44,1462,1607,110,54
35,533,1172,Shamela0009329,46,347,665,230,45
35,1195,1506,Sham19Y0007729,131,19,274,191,76
35,196,1184,Sham19Y0007729,164,301,1276,755,90
35,1195,1562,Shamela0029677,545,838,1185,271,92
35,1195,1558,Shamela0005973,16,395,657,206,71
35,749,877,Shia004456Vols,56,1551,1679,104,100
35,395,887,Shia004456Vols,1232,1,338,276,68
35,1195,1447,JK000995,114,1080,1317,187,91
35,708,911,Shamela0004473,1255,772,974,164,99
35,708,911,Shamela0004473,6563,1330,1532,164,99
35,156,1056,JK000990,140,679,1575,715,96
35,1056,1195,JK000990,141,1,140,111,100
35,1206,1562,JK000990,382,85,414,217,70
35,1,145,JK000990,384,396,530,107,93
35,1206,1467,JK000991,36,940,1140,144,68
35,332,1537,JK000603,14,337,1455,517,44
35,1342,1562,Zaydiyya0000084,123,408,608,142,80
35,749,887,Shia001555Vols,56,498,636,112,100
35,206,1195,Shamela0009993,61,269,766,386,48
35,196,1184,Sham19Y0013252,235,662,1576,720,89
35,1206,1562,Rafed0002654Vols,2565,575,852,182,61
35,1206,1562,Shia004092Vols,2663,1165,1443,180,61
35,731,911,Shia001404,195,102,284,135,92
35,1342,1562,ShamAY0000028,123,320,520,142,80
35,362,528,Shamela0021474,5,835,987,118,88
36,1,901,Shia002206,11,376,1512,627,63
36,912,1529,Shia002206,12,5,906,485,66
36,1028,1386,Sham19Y0011402,365,800,1135,246,84
36,1317,1461,Sham19Y0011402,795,1327,1472,113,98
36,198,1482,Shamela0009329,45,1,744,434,37
36,47,1482,Sham19Y0007729,131,282,1264,762,65
36,1,183,Shamela0029677,545,1185,1368,146,99
36,183,1482,Shamela0029677,546,201,1292,854,81
36,1303,1529,ShamAY0035743,18,565,772,122,62
36,629,1203,JK000995,115,10,304,220,46
36,47,416,Shamela0004473,1250,297,1105,282,42
36,629,1158,JK006973,77,953,1142,128,29
36,47,1171,JK000990,382,418,1307,689,75
36,515,901,JK000991,36,1245,1532,191,61
36,1068,1230,JK000991,37,9,164,116,87
36,91,1028,JK000603,15,16,1001,665,80
36,1082,1529,JK000603,16,8,548,336,74
36,1,183,Zaydiyya0000084,123,608,790,146,100
36,183,649,Zaydiyya0000084,124,761,1041,228,60
36,649,1482,Zaydiyya0000084,125,1,829,635,94
36,1,183,Shamela0009993,157,73,219,118,80
36,1,183,Rafed0002654Vols,2565,852,1023,133,87
36,775,901,Shamela0000130,2,1237,1349,88,88
36,1,183,ShamAY0000028,123,520,702,146,100
36,183,649,ShamAY0000028,124,669,949,228,60
36,735,1482,ShamAY0000028,125,1,747,570,93
37,1,315,Shia002206,12,913,1329,243,72
37,719,843,Sham19Y0011402,107,31,143,82,84
37,1,413,Sham19Y0011402,224,930,1460,302,70
37,413,675,Sham19Y0011402,225,1,272,198,88
37,118,675,Sham19Y0011402,365,13,422,288,63
37,728,831,Sham19Y0011402,366,280,386,77,94
37,1,144,Sham19Y0011402,796,69,212,114,100
37,1,417,Kraken230107021738,512,921,1458,294,67
37,1,675,ShamAY0034145,66,518,1318,497,76
37,138,282,Sham19Y0007729,131,1264,1390,98,84
37,957,1109,Sham19Y0007729,132,1,190,115,78
37,1,593,Shamela0029677,533,628,1039,269,56
37,44,338,Shamela0029677,546,1150,1491,172,60
37,57,315,ShamAY0034011,429,1002,1237,175,79
37,1,791,ShamAY0035743,18,772,1383,287,40
37,329,696,Zaydiyya0000153,289,635,1137,239,54
37,1,609,JK000995,43,203,605,281,56
37,105,315,JK000995,149,598,787,147,87
37,719,831,Shamela0004473,1245,141,258,81,89
37,696,843,Shamela0004473,12067,1271,1398,88,75
37,696,843,Shamela0004473,12347,1290,1407,87,76
37,1,392,Shamela0000736,1715,978,1481,284,69
37,392,675,Shamela0000736,1716,1,296,216,90
37,105,675,JK000835,65,378,960,434,90
37,953,1080,Shamela0008316,134,1159,1286,94,90
37,22,700,Shamela0010906,4370,410,859,281,49
37,1162,1463,Shamela0010717,163,1234,1525,237,96
37,1,680,JK000990,139,378,589,166,30
37,57,315,JK000991,235,108,422,205,81
37,1183,1463,JK000603,12,483,697,145,65
37,1,675,JK000603,16,555,1333,508,80
37,719,1114,JK000603,17,6,417,284,83
37,44,338,Zaydiyya0000084,125,679,1031,174,59
37,696,843,Shamela0010322,17,19,136,87,76
37,57,387,JK000590,52,265,671,218,68
37,1,675,Shamela0003722,148,474,1276,498,76
37,44,338,ShamAY0000028,125,597,949,174,59
37,1166,1463,Shia003356Vols,546,755,1019,190,73
37,696,843,ShamAY0037374,4,1356,1483,88,75
38,1377,1505,Shia000841Vols,86,1210,1526,84,33
38,821,1279,Sham19Y0007729,136,332,615,187,47
38,856,1314,Shamela0029677,541,898,1342,335,86
38,859,1187,Zaydiyya0000153,292,530,817,215,75
38,856,1289,Shamela0001673,587,9,250,171,47
38,859,1212,ShamIbadiyya0000433,1098,458,652,146,48
38,1,150,Shamela0010717,163,1525,1674,123,99
38,150,1279,Shamela0010717,164,1,1197,661,57
38,706,1251,Sham19Y0122406,46,580,1069,264,49
38,856,1296,JK000990,145,24,457,352,97
38,184,537,JK000990,218,952,1208,149,53
38,856,1289,Shia001805,590,1278,1519,171,47
38,1,597,JK000603,12,697,1587,410,54
38,597,856,JK000603,13,1,290,210,86
38,1,597,Shia003356Vols,546,1019,1688,340,51
38,610,1279,Shia003356Vols,547,9,603,361,58
39,394,695,Sham19Y0013769,63,763,1018,169,64
39,24,207,Sham19Y0127654,52,1444,1598,121,78
39,316,909,Shamela0009329,74,732,1310,205,31
39,1094,1500,Shamela0009329,75,834,1267,165,36
39,915,1258,Shamela0009329,75,1,587,230,46
39,265,714,Sham19Y0007729,147,1099,1510,215,53
39,714,1521,Sham19Y0007729,148,1,1014,532,59
39,972,1117,Sham19Y0007729,655,1087,1236,111,88
39,469,774,Shamela0005756,8,911,1223,237,92
39,465,633,Shamela0005756,3906,151,300,113,83
39,333,841,Sham19Y0023644,6440,802,1419,314,57
39,269,841,JK000995,75,769,1438,293,46
39,978,1394,JK000995,76,567,1006,195,43
39,265,633,Sham19Y0017807,12,1089,1399,240,80
39,24,265,Shamela0001442,4,610,947,188,68
39,458,1500,Sham19Y0036127,13,1,898,652,75
39,340,774,Shamela0005997,5,145,697,286,61
39,972,1373,Shamela0005997,9,197,840,257,47
39,401,707,Sham19Y0122406,45,1166,1490,198,65
39,276,1500,Sham19Y0122406,50,260,1403,748,66
39,31,269,Sham19Y0122406,51,1,239,191,95
39,269,703,Shamela0005975,24,302,660,172,37
39,121,269,JK000990,103,1,149,121,98
39,300,1521,JK000990,106,6,1220,973,97
39,904,1207,JK000990,109,953,1376,222,64
39,24,269,JK000990,224,753,998,202,100
39,333,1424,JK000991,28,309,1081,421,43
39,475,769,JK000991,63,909,1164,204,84
39,280,1021,Sham19Y0132524,28,967,1618,438,64
39,24,269,Sham19Y0132524,29,569,806,187,90
39,972,1394,Shamela0025800,73,709,1308,206,40
39,309,1424,Shamela0021723,695,312,1051,410,41
39,24,265,Shamela0003722,17,585,903,190,72
39,416,774,Sham19Y0013252,236,396,724,245,84
39,546,841,JK000996,8,1,290,195,80
39,316,1466,JK000996,14,253,1111,542,53
39,465,633,Sham19Y0013605,1317,479,620,106,79
40,1234,1567,Shamela0021571,58,50,440,139,35
40,1266,1595,Sham19Y0127654,134,207,752,203,41
40,1121,1380,Shamela0035261,289,236,612,118,38
40,1,639,Shamela0009329,76,553,1268,302,39
40,1200,1595,Shamela0009329,419,542,1190,212,39
40,1405,1576,Sham19Y0032181,184,356,496,71,49
40,1,639,Sham19Y0007729,150,1050,1600,303,48
40,1405,1576,Shamela0025955,177,1235,1374,71,50
40,1234,1567,Shamela0023361,426,810,1199,139,35
40,1234,1525,Shamela0023361,429,344,733,118,31
40,1210,1576,JK000916,20989,16,503,202,48
40,1210,1586,JK011184,391,407,760,143,37
40,1299,1515,Shamela0005756,9,1,374,150,51
40,1257,1452,Sham19Y0017807,13,1,201,147,90
40,1210,1531,ShamAY0037293,103,233,499,136,44
40,1405,1576,Shamela0029878BK1,149,6,146,71,49
40,1215,1470,Shamela0029878BK1,254,984,1459,96,22
40,1277,1567,Shamela0029878BK1,255,1,237,140,55
40,1093,1525,JK000745,31,21,405,240,62
40,1,622,Sham19Y0122406,51,403,1542,491,51
40,1405,1576,Shia002231Vols,31,868,1009,71,49
40,1107,1600,Shia002231Vols,32,151,651,387,97
40,924,1102,Shia002231Vols,683,1030,1214,146,95
40,1111,1386,JK000990,133,1227,1512,163,64
40,1386,1595,JK000990,134,1,215,164,95
40,1405,1576,JK000985,87,688,829,70,49
40,14,512,Sham19Y0132524,29,983,1645,382,68
40,1234,1567,JK006970,58,218,606,139,35
40,1215,1515,Sham19Y0013252,236,854,1453,224,47
40,1200,1515,JK000996,132,566,1039,223,58
40,1405,1576,Shamela0007349,125,283,423,71,49
40,1200,1567,Shamela0007349,356,473,776,175,55
40,1312,1525,Shamela0007349,358,750,992,87,39
41,335,756,Shamela0021571,8,699,1187,213,43
41,209,902,Sham19Y0127654,53,9,879,453,61
41,346,682,Shamela0009329,85,332,615,206,76
41,335,682,Sham19Y0007729,218,277,880,250,51
41,335,756,Shamela0023361,53,797,1284,216,44
41,335,530,Shamela0023361,55,103,347,98,48
41,183,824,Shamela0005984,3,269,695,169,27
41,157,676,Zaydiyya0000153,264,36,431,241,51
41,335,682,Shamela0005968,3,1,568,251,55
41,161,814,Sham19Y0017807,13,1006,1475,176,26
41,335,530,Shamela0029878BK1,111,1226,1486,143,67
41,335,691,ShamAY0034815,12,1051,1359,193,61
41,183,293,Sham19Y0122406,51,82,328,84,43
41,335,767,Sham19Y0122406,4308,320,1122,285,43
41,335,682,JK000990,226,727,1323,250,52
41,335,756,JK006970,8,768,1256,216,44
41,161,824,ShamAY0000134,3,905,1344,179,28
41,375,721,JK000996,16,1,547,202,43
41,335,682,Sham19Y0016599,14,279,876,251,52
41,137,721,Shamela0026802,12,97,873,278,40
41,367,530,Sham19Y0023625,20,449,628,102,65
41,335,771,Shamela0007349,27,320,1115,282,42
41,142,682,JK010178,3,362,773,256,58
41,318,682,Shamela0008195,2,905,1222,186,62
42,5,283,Shamela0010736BK1,133,690,924,157,69
42,372,612,Shamela0005922,724,521,731,144,69
42,352,612,JK000991,121,383,625,195,90
42,5,612,Sham19Y0013223,5,1235,1551,178,35
42,26,568,Sham19Y0013252,238,1152,1534,236,54
42,568,1170,Sham19Y0013252,239,1,970,376,45
42,34,936,Sham19Y0017063,32,642,1487,407,48
43,936,1535,Shia000841Vols,85,458,1058,426,82
43,348,686,Shia000841Vols,87,512,1066,150,27
43,674,832,Shia000841Vols,88,797,942,101,75
43,216,324,Shamela0009329,105,97,205,87,100
43,670,840,Shamela0023798,173,489,710,125,69
43,670,840,JK000985,37,610,831,125,69
43,674,840,Shamela0025800,40,870,1059,124,80
43,674,832,ShamAY0034180,154,356,511,117,91
43,11,832,Sham19Y0013252,241,1,576,220,28
43,936,1452,Sham19Y0013252,243,250,686,283,63
43,348,571,Sham19Y0013252,11902,1013,1499,132,32
43,670,827,Shamela0005963,103,1296,1495,120,73
43,670,840,Shamela0007349,50,775,963,112,67
43,7,641,JK010178,5,175,662,170,31
44,1,366,Shia000841Vols,85,1058,1507,217,52
44,371,992,Shia000841Vols,86,5,958,273,31
44,1188,1574,Shamela0009329,127,5,304,229,70
44,1144,1574,Shamela0008540,1470,892,1264,282,78
44,1136,1574,Sham19Y0013223,6,484,753,194,52
44,1,1001,Sham19Y0013252,243,708,1568,297,28
44,1136,1574,JK010178,6,1208,1546,257,70
44,1136,1353,Sham19Y0013605,32,70,353,100,38
45,17,446,Shamela0009329,128,840,1405,211,42
45,972,1356,Shamela0009329,132,1215,1537,210,63
45,972,1276,Shamela0009329,133,796,1113,170,57
45,1281,1535,Shamela0009329,134,694,1151,174,45
45,1,212,Shamela0008540,1470,1264,1452,152,88
45,1356,1552,Shia004456Vols,2554,1277,1467,147,93
45,972,1198,JK000201,964,1264,1492,182,97
45,972,1368,Sham19Y0013252,239,1196,1516,156,42
45,725,967,Sham19Y0013252,240,9,209,142,73
45,1368,1552,Sham19Y0013252,242,48,223,126,79
45,1050,1494,JK000996,34,713,1181,139,25
45,755,1287,Shia001403,61,87,506,166,33
45,972,1445,JK010178,7,989,1554,274,52
45,51,446,JK010178,7,1,454,184,43
46,254,893,Shamela0009329,138,726,1080,251,48
46,396,865,Shamela0009329,139,998,1374,202,46
46,1,179,Shamela0025955,150,386,767,140,45
46,48,254,Shia004456Vols,2555,1,206,166,99
46,806,937,Shamela0004473,1251,45,174,104,98
46,261,893,Sham19Y0017807,34,7,575,250,41
46,1,634,Shamela0029878BK1,130,706,1371,253,42
46,1,629,Sham19Y0032476,376,953,1355,177,33
46,812,1015,JK000201,2418,1353,1553,157,94
46,390,525,JK006973,118,462,590,91,83
46,247,614,Sham19Y0013252,242,901,1202,197,65
46,1,865,JK000996,35,509,1241,300,39
46,254,893,JK010178,8,187,541,248,48
47,394,880,Shamela0009329,149,1,460,258,60
47,16,886,Shamela0005756,14,1,833,498,65
47,699,880,JK000745,19,1158,1409,104,49
47,983,1123,Shamela0009993,99,1423,1576,113,90
47,1123,1424,Shamela0009993,100,1,309,241,96
47,1,755,Sham19Y0013252,237,670,1467,478,70
47,755,886,Sham19Y0013252,238,1,182,99,67
47,77,846,JK000996,40,9,1044,344,37
47,1,880,JK010178,9,124,976,453,55
47,1,801,Sham19Y0017063,34,650,1410,600,94
48,953,1097,Sham19Y0127654,122,984,1136,113,92
48,1112,1371,Sham19Y0127654,123,870,1499,133,25
48,227,375,Sham19Y0127654,154,1327,1506,114,79
48,1112,1431,Shamela0009329,367,987,1413,161,37
48,1,476,Shamela0009329,495,961,1588,247,43
48,1168,1431,JK000745,20,62,450,118,35
48,909,1272,Sham19Y0013223,11,1,355,203,57
48,549,1097,JK010178,38,1035,1338,196,41
49,899,1370,Shamela0096178,231,490,1076,268,51
49,38,523,Sham19Y0127654,124,154,659,344,76
49,899,1428,Sham19Y0127654,126,774,1350,380,80
49,1428,1559,Sham19Y0127654,506,1329,1460,106,100
49,762,1559,JK007030,256,108,777,342,49
49,874,1317,Shamela0021605,1144,67,434,156,38
49,1082,1370,Shia002158,57,6,347,210,77
49,696,844,Shamela0010717,62,1342,1506,117,89
49,708,1428,Shamela0009702,897,286,986,473,78
49,860,1220,JK000985,134,839,1485,232,46
49,899,1370,Zaydiyya0000107,15,358,1187,334,51
49,922,1141,Shamela0005963,717,1286,1516,163,86
49,1141,1559,Shamela0005963,718,1,435,202,46
49,1073,1366,Shamela0005963,724,1061,1347,197,80
49,956,1382,Shamela0007349,300,536,1015,284,73
50,300,578,Sham19Y0127654,109,1,336,148,48
50,694,1039,Shamela0009329,296,906,1244,227,78
50,694,1149,Shamela0009329,297,628,1221,275,54
50,190,599,Shamela0009329,308,918,1259,210,60
50,831,1139,Shamela0008540,226,846,1102,197,77
50,675,947,Sham19Y0032181,224,1,576,175,36
50,707,1139,Shamela0025955,241,970,1543,220,44
50,190,599,Shia002943,299,743,1208,171,37
50,190,448,JK000201,14,420,678,205,100
50,59,190,Shamela0010717,63,1434,1565,108,100
50,190,548,Shamela0009993,173,1133,1402,212,73
50,694,1149,Shamela0009993,183,839,1312,215,53
50,690,1391,Sham19Y0013252,244,1,761,364,52
50,73,656,Sham19Y0013252,245,744,1229,261,50
50,190,599,JK000996,95,615,987,187,51
50,548,656,Shamela0005963,493,721,829,87,100
50,694,1039,JK010178,29,41,379,228,78
50,190,599,JK010178,31,672,1009,195,51
51,1,586,Sham19Y0127654,110,734,1491,259,32
51,1285,1538,Shamela0009329,302,1044,1350,147,55
51,1029,1281,Shamela0009329,312,499,946,108,28
51,110,747,JK000745,51,416,796,162,29
51,1318,1538,JK000996,94,11,378,122,41
51,1029,1281,JK000996,96,488,714,91,45
51,1,510,Shamela0007349,220,1159,1397,113,26
51,1285,1538,JK010178,30,647,953,147,55
51,149,747,JK010178,32,477,1217,198,23
52,1383,1569,Shia002206,14,765,951,149,100
52,683,1196,Sham19Y0127654,101,130,365,129,29
52,777,896,Sham19Y0127654,426,1161,1280,96,99
52,450,1288,Shia002616Vols,6873,634,1355,582,85
52,670,913,Shia002616Vols,6990,1053,1291,184,94
52,913,1288,Shia002616Vols,6991,1,266,215,70
52,450,683,Shamela0002569,13,81,320,155,68
52,471,1092,Shamela0009329,288,343,925,265,41
52,471,1096,Sham19Y0032181,219,32,983,244,26
52,688,887,Shamela0005756,164,1302,1504,133,79
52,896,1202,Shamela0005756,165,80,341,209,84
52,755,1288,Shamela0005756,734,211,670,335,75
52,1383,1569,Shamela0004473,1253,116,302,149,100
52,471,777,Sham19Y0017807,76,1101,1300,129,51
52,471,1069,JK000745,45,419,841,189,35
52,450,683,JK000201,10,1095,1326,188,98
52,688,1092,JK000201,18,762,1160,314,96
52,1383,1476,JK000990,513,1421,1514,72,100
52,450,1243,Shamela0009993,173,244,1012,594,88
52,1383,1569,Shamela0009993,175,115,303,147,97
52,54,256,Sham19Y0013252,244,962,1108,110,69
52,450,680,Sham19Y0013252,245,1249,1466,170,90
52,683,1288,Sham19Y0013252,246,10,257,200,40
52,454,1142,JK003609,33,1,710,305,40
52,435,1145,JK010178,26,1011,1464,217,32
52,798,1288,Sham19Y0013605,64,1,503,312,66
52,688,1280,Sham19Y0013605,289,600,1118,377,75
53,1,496,Shia002206,14,951,1260,221,54
53,1,209,Shamela0004473,1253,302,511,166,98
53,904,1141,Rafed0002905Vols,6630,1257,1485,180,96
53,1272,1483,Rafed0002905Vols,6631,7,215,158,96
53,1,904,JK000990,514,95,998,720,99
53,904,1488,Shamela0009993,195,718,1299,455,98
54,582,1169,Sham19Y0127654,142,372,1394,357,39
54,1218,1606,Sham19Y0127654,143,1,942,270,35
54,591,1458,Shamela0009329,446,441,1552,543,54
54,1363,1606,Shamela0009329,447,9,508,153,36
54,1101,1285,Shamela0009329,449,1093,1343,115,48
54,67,1425,Shamela0005756,15,1,1585,941,69
54,1430,1611,Shamela0005756,16,200,368,128,87
54,1127,1391,Shamela0029878BK1,269,374,746,139,44
54,725,1606,JK000745,65,40,1540,449,35
54,12,1178,Sham19Y0013252,246,278,1499,794,74
54,1183,1611,Sham19Y0013252,247,106,723,305,58
54,1101,1425,JK000996,146,801,1487,212,36
54,341,609,JK000996,146,436,662,170,77
54,1127,1391,Shamela0007349,392,923,1265,137,47
54,591,1140,JK010178,49,1103,1577,346,77
54,1101,1606,JK010178,50,83,1024,328,40
55,1,1404,Sham19Y0127654,143,447,1541,507,40
55,1035,1198,Sham19Y0122402,940,229,476,89,45
55,273,488,Shamela0009329,446,1470,1623,121,68
55,1,1456,Shamela0009329,447,95,1079,528,41
55,1210,1317,Shamela0009329,452,1181,1295,84,90
55,1,247,Sham19Y0032181,342,30,320,136,60
55,1,719,Shamela0005756,16,368,1435,520,58
55,710,1545,Shamela0005756,17,72,957,517,63
55,1016,1298,ShamAY0037293,110,169,603,91,20
55,534,1404,Shamela0029878BK1,270,245,1107,279,30
55,1007,1341,JK000745,66,319,762,198,51
55,1210,1348,JK000201,614,258,399,92,77
55,1210,1325,JK000201,3450,1164,1283,92,95
55,882,1491,Sham19Y0132963,67,938,1397,173,26
55,1,494,Sham19Y0013631,2444,161,971,259,39
55,1,453,Sham19Y0013252,247,723,1573,320,46
55,453,1545,Sham19Y0013252,248,1,1337,717,61
55,1,702,JK000996,147,127,767,335,55
55,968,1422,JK000996,147,1114,1433,174,44
55,1,1404,Shamela0007349,393,37,1436,454,31
55,1,1456,JK010178,50,609,1596,525,41
56,22,1390,Sham19Y0127654,144,180,1485,698,55
56,22,513,Shamela0009329,447,1149,1352,138,34
56,587,1457,Shamela0009329,448,1,717,480,64
56,802,1301,Shamela0009329,454,366,1628,335,32
56,22,499,Shamela0005756,17,1063,1564,322,71
56,504,1280,Shamela0005756,18,30,1627,556,42
56,28,1100,JK000745,66,776,1626,418,40
56,309,597,Sham19Y0013631,2447,1027,1481,178,47
56,163,1114,Sham19Y0013252,249,5,1550,686,52
56,1137,1554,Sham19Y0013252,250,172,845,295,52
56,22,1131,JK000996,148,87,1579,487,32
56,22,1457,JK010178,51,61,1220,662,48
57,529,1040,Sham19Y0127717,1,1295,1636,250,60
57,545,1229,Sham19Y0013667,18,216,572,268,47
57,571,876,Sham19Y0147313,21,466,801,201,68
57,440,954,Shia000841Vols,104,995,1565,294,54
57,954,1240,Shia000841Vols,105,1,488,186,43
57,571,855,Sham19Y0131521,6383,48,349,173,62
57,571,799,Sham19Y0150676,1841,1244,1509,163,72
57,571,855,Shamela0010639,125,348,833,196,50
57,630,1184,Shamela0004473,17077,51,349,130,26
57,652,1240,Sham19Y0145212,2083,109,730,443,82
57,550,1136,ShamAY0033531,3506,547,1143,470,97
57,451,855,ShamAY0033531,4688,802,1286,237,52
57,571,1136,ShamAY0033531,4689,1,576,453,97
57,571,855,ShamAY0034134,762,523,859,204,70
57,451,760,Shamela0006336,4,18,412,146,42
57,672,855,Sham19Y0023625,1113,686,917,130,62
57,571,1136,Sham19Y0023625,2146,831,1365,413,88
57,630,1240,Shamela0021642,4,1,635,328,52
57,391,799,Sham19Y0013783,3,632,999,119,27
59,1053,1250,JK007054,30,841,1023,130,80
59,346,865,Shamela0001727,1,171,539,180,35
59,1049,1270,Shia002702Vols,1986,30,268,156,80
59,346,865,Shamela0010717,159,1007,1370,174,34
59,346,865,Sham19Y0122406,48,392,755,180,36
59,346,865,JK000990,539,520,862,158,31
59,1057,1243,Sham19Y0013252,9134,603,777,127,82
60,1243,1487,Shamela0001727,1,829,1221,184,57
60,1243,1487,Shamela0010717,160,129,515,184,58
60,727,849,Shamela0010527,811,165,289,71,72
60,55,433,Sham19Y0122406,48,896,1437,90,18
60,1243,1487,Sham19Y0122406,49,8,400,184,57
60,1243,1487,JK000990,539,1154,1546,183,57
60,702,849,JK000603,26,33,160,82,72
61,945,1160,JK007054,172,1330,1537,132,71
61,356,693,Zaydiyya0000153,256,1,335,274,98
61,287,1274,Shamela0009993,56,711,1691,799,98
61,1314,1554,Sham19Y0023625,216,506,745,185,94
62,1066,1556,Sham19Y0127654,105,353,871,229,45
62,1066,1502,JK007030,203,592,998,145,38
62,1066,1566,Shamela0009329,300,923,1311,271,65
62,1066,1566,Shamela0009329,301,307,1137,287,39
62,1115,1566,Sham19Y0032181,225,222,833,233,38
62,1359,1517,Shamela0025955,239,452,583,90,65
62,454,771,Shamela0001727,2,1,314,231,91
62,1095,1556,Sham19Y0017807,60,868,1382,219,46
62,101,713,Sham19Y0122406,49,1158,1496,258,52
62,101,1274,JK000990,506,651,1461,517,52
62,1274,1566,JK000990,507,1,292,234,98
62,101,771,JK000990,540,242,621,290,54
62,1274,1517,Shamela0009993,187,115,348,171,82
62,1120,1566,JK000996,91,478,1019,211,42
62,501,771,Shamela0005963,525,33,302,210,97
62,1066,1566,JK010178,29,657,1045,271,65
63,8,186,JK007030,204,522,802,134,58
63,8,198,Shamela0009329,300,1316,1487,135,86
63,8,186,Shamela0009329,301,1142,1478,132,47
63,8,301,Sham19Y0032181,225,838,1359,183,41
63,330,963,Shamela0001727,2,256,706,281,52
63,141,301,Zaydiyya0000153,101,1189,1342,126,95
63,717,908,JK000995,89,830,1022,150,96
63,722,967,Shamela0004473,7877,659,895,187,94
63,1203,1429,Shamela0009702,1077,209,456,165,84
63,330,873,Sham19Y0122406,51,1116,1476,209,44
63,1,708,JK000990,507,292,1019,549,91
63,330,963,JK000990,540,563,1012,279,51
63,727,908,Sham19Y0132524,37,346,529,146,98
63,722,963,Sham19Y0018144,4600,1155,1396,193,100
63,722,862,Sham19Y0018144,4621,450,590,113,100
63,8,186,Shamela0002241,84,625,805,130,84
63,712,963,Shamela0023769,129,1145,1411,190,89
63,141,301,Shamela0009993,187,355,508,126,95
63,325,703,Shamela0005963,525,239,665,149,35
63,8,198,JK010178,29,1050,1228,140,89
64,472,731,Shia002206,10,248,508,125,48
64,1,769,Shamela0001727,2,624,1001,272,43
64,1,680,JK000995,89,995,1228,183,33
64,472,769,Shamela0004473,7877,890,1187,235,95
64,1,529,Sham19Y0122406,52,1395,1534,81,19
64,529,769,Sham19Y0122406,53,442,680,192,97
64,1,769,JK000990,540,930,1307,272,43
64,472,743,Sham19Y0132524,37,631,879,182,81
64,1,620,Shamela0023769,129,1329,1559,153,30
64,601,769,Shamela0023769,130,23,190,126,92
65,32,381,Kraken230107021738,1692,512,1085,169,37
65,1091,1246,Sham19Y0122402,1382,122,257,104,83
65,85,385,Shamela0005922,483,1,202,154,64
65,592,861,Shamela0012027,63,18,284,199,90
65,32,381,Shamela0010452,734,1004,1344,126,42
65,592,889,Sham19Y0014601,369,261,552,222,92
66,739,1135,Kraken230107021738,2052,734,1473,284,47
66,1144,1290,Shamela0096228,74,1060,1378,97,37
66,822,1311,Shamela0009702,466,301,1031,150,21
66,1124,1290,Shamela0003722,6964,999,1329,101,37
66,739,1048,Sham19Y0016599,93,1053,1525,218,56
66,980,1219,Sham19Y0016599,94,53,339,153,67
66,770,1149,JK000134,3491,446,944,107,22
67,1080,1473,JK000977,43,935,1348,98,20
67,1080,1473,Shamela0001727,3,311,606,134,39
67,1080,1473,Shamela0004473,7878,420,706,134,39
67,17,243,Shamela0009993,165,1,206,167,89
67,722,956,Shamela0003722,572,25,259,183,94
67,726,962,Shamela0008544,58,475,705,149,71
68,114,415,Shamela0001727,3,734,1035,233,92
68,114,415,Shamela0004473,7878,829,1130,231,91
68,133,415,Shamela0005832,81,916,1096,135,59
68,709,1164,Zaydiyya0000099,372,682,1037,139,32
68,114,415,Sham19Y0122406,56,1053,1355,233,91
68,133,415,Sham19Y0132524,37,1171,1447,223,96
68,141,415,ShamAY0034005,110,555,830,218,95
68,709,911,Shamela0002170,1690,85,644,110,24
69,1238,1443,ShamAY0034556,76,633,851,167,94
69,928,1185,Zaydiyya0000015,685,1,239,181,84
69,885,1609,Shamela0001727,3,1099,1449,231,37
69,885,1609,Sham19Y0122406,57,340,691,231,37
69,885,1609,Shamela0010657,34,746,1100,231,36
69,885,1609,ShamAY0034005,110,894,1237,222,35
70,1158,1637,Shamela0001727,4,365,715,176,38
70,1158,1637,Sham19Y0122406,58,808,1474,183,25
70,1359,1606,JK000990,541,200,330,89,45
70,1158,1463,ShamAY0034005,111,184,469,128,41
70,353,561,Shamela0003722,3644,93,198,61,37
71,1424,1613,Sham19Y0127654,77,1,172,123,77
71,602,838,Sham19Y0127654,297,593,831,177,86
71,636,838,ShamAY0036018,340,827,1033,159,95
71,1,684,Shamela0001727,4,715,1594,184,18
71,684,838,Shamela0001727,5,1,160,124,96
71,633,838,JK001258,19,136,335,157,95
71,612,838,Shamela0004473,886,360,583,174,96
71,252,838,Shamela0004473,1244,72,781,222,28
71,598,1613,Shamela0004473,6736,589,1117,384,44
71,598,838,Shamela0004473,12067,658,892,175,84
71,602,838,Shamela0004473,12347,845,1064,170,87
71,633,838,Shamela0004473,17220,491,677,149,90
71,612,838,Shamela0006947,10872,520,740,176,96
71,633,838,Shamela0008316,381,1190,1390,161,97
71,633,1352,JK006973,153,699,817,69,12
71,698,838,Sham19Y0122406,60,1,144,111,95
71,1,282,JK000990,541,334,707,108,27
71,1384,1613,JK000990,658,498,688,144,75
71,607,838,ShamAY0034005,111,483,727,181,90
71,598,838,Shamela0009993,85,279,517,185,92
71,602,838,Shamela0010322,16,1143,1362,170,87
71,633,838,Shamela0001391,266,653,852,154,94
71,633,838,Shamela0009801,164,941,1139,157,95
71,612,838,Shamela0036616,10,1264,1484,176,96
71,598,838,ShamAY0037374,4,743,977,175,84
72,1,573,Sham19Y0127654,77,172,726,414,85
72,497,685,Shia004456Vols,3388,935,1123,152,96
72,1,458,Shia004456Vols,3388,182,701,231,51
72,1,470,Shamela0004473,6736,1117,1564,355,92
72,470,670,Shamela0004473,6737,1,208,161,92
72,99,573,Sham19Y0017807,46,117,508,246,59
72,477,670,JK006973,153,1007,1196,151,95
72,147,670,JK000990,658,707,1028,229,52
72,497,665,Sham19Y0013605,97,54,232,134,90
73,676,1074,Shamela0001727,5,733,1138,295,91
73,697,1015,JK000786,2524,1012,1346,132,38
73,676,1015,Sham19Y0039268,168,1112,1434,157,45
73,326,565,Shia004456Vols,2496,1178,1422,198,97
73,697,1015,Sham19Y0127677,11386,374,654,213,86
73,697,1074,Shamela0022547,176,16,495,178,44
73,726,1015,Shamela0004289,217,217,497,199,84
73,1166,1313,Sham19Y0036127,23,165,380,107,58
73,676,860,Sham19Y0122406,60,1381,1565,144,100
73,860,1019,Sham19Y0122406,61,1,679,123,23
74,513,639,Shamela0037325,428,159,296,99,90
74,1323,1529,Shamela0003118,4056,1055,1248,91,45
74,1408,1529,Sham19Y0029560,294,1210,1331,96,100
74,517,639,Shamela0010906,2260,258,391,95,89
74,1312,1529,Shamela0009702,303,522,734,117,70
74,1323,1454,Zaydiyya0000336,429,1138,1490,73,26
74,109,229,Shamela0003722,2673,760,929,88,62
74,1312,1529,Shamela0003722,4063,395,645,114,58
74,1312,1529,ShamAY0035220,414,1233,1455,108,62
74,1312,1529,Sham19Y0018100,714,12,219,111,65
75,502,634,Shamela0004473,2401,1288,1429,103,93
75,718,871,Shamela0004473,2402,17,178,97,70
76,231,917,Shamela0008176,510,81,673,444,79
76,356,602,Shamela0097928,91,153,309,121,59
76,1094,1430,JK000110,35,297,1103,159,23
76,1173,1430,Shamela0001727,6,58,533,129,30
76,572,917,Shamela0009810,21,21,367,188,58
76,183,488,Sham19Y0127677,11386,635,1030,197,61
76,1090,1434,Shamela0004473,11389,107,630,143,30
76,202,917,JK000201,3374,233,958,571,97
76,1211,1430,Shamela0004289,214,690,1143,124,35
76,1211,1321,ShamAY0034815,396,806,1260,79,22
76,1153,1271,Sham19Y0122406,61,1060,1365,83,35
76,183,620,JK000603,26,501,1140,249,43
76,1211,1430,Shamela0025800,3016,509,959,116,29
76,1211,1342,ShamAY0034005,92,631,1093,89,25
76,262,488,Sham19Y0020638,1560,792,948,115,60
76,917,1054,Shamela0001467,52,1352,1489,108,100
76,1090,1430,Sham19Y0013252,758,763,1525,124,17
76,1211,1430,Sham19Y0013252,759,337,935,105,20
76,231,917,Sham19Y0122257,277,605,1194,447,79
76,231,917,Sham19Y0150962,1347,562,1039,342,61
76,1090,1430,Shamela0021537,5865,191,608,108,25
77,882,1043,JK000021,367,7,195,111,74
77,162,302,ShamAY0034041,260,1128,1320,111,71
77,874,1043,ShamAY0034438,172,509,708,116,74
77,942,1043,Zaydiyya0000142,3964,746,857,73,84
77,222,520,Kraken230107021738,296,1,376,175,56
77,882,1043,Kraken230107021738,974,603,784,112,77
77,737,1088,Shamela0012031,604,431,995,129,28
77,874,1043,JK000916,6569,672,887,117,67
77,874,1098,Shamela0003118,2253,90,372,145,64
77,874,1043,ShamAY0034809,68,168,362,114,72
77,937,1114,Sham19Y0023644,3749,815,988,108,69
77,870,1043,JK009329,27,329,529,123,77
77,874,1077,Shamela0012406,1698,460,709,130,66
77,874,1088,Shamela0001000,510,138,408,135,63
77,874,1043,Shamela0000736,3342,1163,1359,118,75
77,874,1043,JK001227,62,1104,1293,114,75
77,204,418,JK000761,284,17,323,168,66
77,882,1043,Sham19Y0149213,470,498,679,113,78
77,144,418,Sham19Y0149213,1111,597,947,190,63
77,162,418,Sham19Y0149213,1586,985,1306,178,64
77,144,418,Shamela0010906,2586,648,974,147,52
77,874,1088,JK000952,1695,744,1019,136,62
77,882,1043,Shamela0003722,1911,1076,1257,114,79
77,159,418,Shamela0003722,5965,824,1207,191,62
77,882,1043,Shamela0010452,259,16,197,112,77
77,874,1043,JK000908,6,420,618,111,69
77,745,1043,JK007097,627,143,439,136,56
77,874,987,Shia003636Vols,10212,16,127,74,82
77,942,1053,ShamAY0034857,178,195,341,78,69
78,1249,1505,Shamela0021590,11,556,1033,118,32
78,138,564,Shamela0009702,116,1184,1472,216,63
78,281,482,Shamela0007640,44,982,1494,100,22
79,212,551,Sham19Y0013769,93,14,538,163,36
79,105,653,Shamela0008176,127,983,1162,98,22
79,19,880,Sham19Y0017747,47,105,713,448,64
79,246,674,Shia000841Vols,303,297,746,208,45
79,355,706,Shamela0021590,11,760,1151,148,35
79,1005,1420,Shamela0005756,1073,1053,1362,224,65
79,105,536,Sham19Y0001994,35,238,440,75,19
79,932,1371,Shamela0029878BK1,230,375,690,147,36
79,1005,1440,Shia001269,408,1080,1442,237,61
79,1005,1420,Shamela0009993,141,976,1291,224,64
79,481,640,Shamela0000551,40,18,268,65,33
79,873,1440,Sham19Y0013605,427,487,1029,235,36
80,151,531,Shamela0009810,18,1239,1481,129,38
80,468,751,Shamela0005756,1053,1247,1475,181,79
80,953,1328,Shamela0004473,11391,1,390,298,93
80,292,557,Shamela0000140,2123,1,143,109,52
80,141,755,ShamAY0000351,507,858,1476,490,98
80,755,1577,ShamAY0000351,508,1,815,663,98
80,421,751,Sham19Y0018106,204,344,546,137,53
80,904,1200,Sham19Y0023625,2663,177,631,145,34
80,468,751,Sham19Y0013605,423,501,735,181,79
80,1341,1577,Sham19Y0013605,426,1074,1276,154,79
81,436,950,Sham19Y0127654,77,827,1126,206,49
81,1001,1133,Sham19Y0127654,332,1050,1191,108,93
81,1176,1540,Shamela0035261,141,266,486,157,49
81,436,1162,Shamela0009329,215,93,613,305,51
81,950,1162,Sham19Y0032181,186,941,1153,172,100
81,420,780,Shamela0025955,167,430,794,178,49
81,957,1540,Shamela0026568,667,139,613,368,76
81,238,1269,Shamela0005756,1054,172,802,347,39
81,950,1540,JK000995,501,259,714,311,59
81,431,950,ShamAY0034199,1328,1088,1441,198,44
81,436,950,Sham19Y0017807,46,601,899,205,49
81,522,1053,Shamela0096878,92,21,554,197,39
81,585,950,Shamela0029878BK1,150,1,262,154,44
81,802,913,JK000745,24,1449,1557,83,92
81,1065,1540,Shamela0023798,343,1,394,304,76
81,957,1540,Shamela0023685,757,1058,1532,376,78
81,1,786,ShamAY0000351,508,815,1598,633,99
81,786,1593,ShamAY0000351,509,1,808,653,99
81,794,950,Shamela0096618,65,572,731,120,94
81,420,799,Shamela0009823,486,181,378,133,42
81,1199,1593,Shamela0009823,486,382,661,115,28
81,1058,1593,Sham19Y0013252,765,333,712,183,39
81,417,662,Sham19Y0013252,12728,1314,1559,198,100
81,662,1551,Sham19Y0013252,12729,1,779,622,85
81,957,1187,Shamela0005963,281,1295,1516,174,92
81,1187,1540,Shamela0005963,282,1,295,206,65
81,431,950,Shamela0021593,1412,224,606,213,47
81,431,950,Shamela0007349,130,282,666,205,43
81,954,1504,ShamIbadiyya0000109,8025,383,793,311,67
81,1,500,Sham19Y0013605,426,1276,1428,110,28
82,1,1211,Shamela0000321,62,354,1571,980,98
82,1211,1620,Shamela0000321,63,1,437,332,93
82,1,171,Zaydiyya0000153,57,330,500,138,99
82,1,145,Zaydiyya0000153,61,290,434,117,99
82,6,322,Shamela0005756,1054,1338,1577,179,65
82,1,186,Shamela0004473,11402,1140,1325,151,99
82,772,1020,Shamela0004473,11402,1336,1585,201,98
82,1,171,Shamela0006056,11,586,772,139,91
82,1,145,Shamela0010541,85,563,727,118,87
82,1,826,ShamAY0000351,509,808,1637,677,99
82,826,1620,ShamAY0000351,510,1,810,640,97
82,1,405,Sham19Y0013252,765,712,914,140,42
83,1,777,Shamela0000321,63,437,1219,600,96
83,162,364,ShamAY0036018,340,1059,1262,158,98
83,162,549,JK001258,16,1065,1389,212,66
83,167,434,Shia004456Vols,1366,266,518,192,87
83,440,762,Shia004456Vols,2728,806,1130,237,92
83,235,731,Shamela0005756,1055,505,903,162,37
83,162,549,Shamela0004473,11402,836,1155,222,69
83,162,364,Shamela0006056,11,402,601,124,72
83,452,740,JK007081,397,1161,1413,157,65
83,1,678,ShamAY0000351,510,810,1495,533,98
83,678,1468,ShamAY0000351,511,1,795,628,98
83,857,1036,Sham19Y0013631,2761,579,717,101,70
83,502,735,Shamela0009993,174,1,229,169,94
83,1208,1468,Shamela0009993,174,657,817,119,57
84,416,609,Shia002206,57,955,1231,133,61
84,416,609,Shia002206,112,912,1214,132,56
84,416,712,JK007054,29,4,339,91,24
84,376,703,Shamela0001727,6,712,1268,179,40
84,416,703,Sham19Y0039268,216,525,1292,169,29
84,381,719,Sham19Y0127677,16134,351,575,80,24
84,1210,1507,JK009329,29,876,1213,170,54
84,450,712,Shamela0023798,506,563,722,102,50
84,381,703,Sham19Y0122406,64,522,1074,178,40
84,1,394,ShamAY0000351,511,795,1171,299,93
84,416,627,Sham19Y0132524,47,12,381,132,45
84,40,326,Sham19Y0013605,427,269,478,169,71
85,1390,1537,ShamAY0034556,58,190,337,119,100
85,267,420,ShamAY0034556,60,364,499,106,88
85,66,387,Shamela0012031,694,1202,1440,110,37
85,753,899,Shamela0009702,523,795,1067,109,50
85,54,420,Shamela0012129,210,1187,1444,139,42
85,66,420,Shamela0010452,636,572,789,136,49
86,701,1085,Shia003101Vols,623,979,1196,92,32
86,662,1268,Sham19Y0131521,6536,555,813,174,35
86,596,1268,Sham19Y0127677,8799,289,946,508,93
86,897,1268,ShamAY0033531,3580,899,1254,268,87
86,897,1268,ShamAY0033531,4763,334,689,268,87
86,701,1059,Sham19Y0023625,2666,284,633,206,65
87,1,219,Sham19Y0017878,265,1146,1388,162,85
87,1,229,JK007054,29,462,681,169,93
87,1110,1420,Sham19Y0122402,270,1007,1353,201,65
87,75,265,Sham19Y0131521,6536,7,328,101,37
87,1,152,Shamela0025791,136,664,798,91,76
87,572,991,Sham19Y0122406,66,723,1081,187,49
87,37,201,ShamAY0033531,3580,524,660,106,81
87,18,229,Sham19Y0018272,1628,41,263,121,60
87,18,311,Sham19Y0023625,2665,1083,1383,166,63
88,354,671,ShamAY0034556,76,883,1187,240,94
88,1111,1365,Sham19Y0122406,67,1319,1550,149,64
89,1290,1463,Shia000841Vols,4421,839,1064,114,65
89,1244,1463,Shamela0008540,82,775,1055,118,52
89,105,356,ShamAY0033586,130,1135,1308,140,68
89,123,345,Shamela0000140,370,937,1057,91,50
89,1230,1472,Sham19Y0149213,904,25,246,102,51
89,1310,1417,Shamela0025800,3907,378,485,81,98
89,110,345,Sham19Y0023625,335,1081,1304,172,86
90,726,835,Shamela0029982,559,463,572,86,99
90,731,835,Kraken230107021738,2297,287,391,83,100
90,612,835,Shamela0096228,444,882,1121,95,35
90,731,835,Shamela0008540,1352,954,1058,83,100
90,959,1170,Sham19Y0149213,2174,1090,1321,123,64
90,726,1170,JK000806BK1,520,848,1286,192,47
90,731,835,Shamela0003722,8001,288,392,83,100
90,959,1170,Shamela0003722,8004,282,523,119,59
90,617,835,Sham19Y0016599,1146,666,905,98,37
90,689,835,Shia003636Vols,2941,1032,1172,95,82
90,612,850,JK000134,4003,402,622,114,56
91,450,625,Shamela0021715,9234,372,529,124,86
91,693,1057,Sham19Y0013231,3153,174,1085,260,36
91,625,1016,JK007081,1026,1153,1368,155,48
91,664,1057,Shamela0009702,1119,630,1506,287,40
91,685,1007,Shia001544Vols,1024,427,711,211,80
92,435,677,Shamela0096178,141,1082,1298,168,87
92,1214,1400,Sham19Y0122402,380,1225,1438,128,75
92,439,677,Shamela0001727,9,68,284,166,86
92,439,674,Zaydiyya0000153,60,200,410,162,85
92,439,682,ShamAY0034815,11,876,1093,162,82
92,439,677,Sham19Y0122406,69,856,1072,166,86
92,537,1167,Sham19Y0122406,70,23,749,302,39
92,1203,1437,Sham19Y0122406,4327,1249,1472,157,76
92,439,677,JK000990,11,410,626,166,86
92,439,677,Shamela0036446,56,166,375,159,84
92,443,677,Shamela0025800,2107,354,583,161,83
92,439,677,ShamAY0034005,100,238,471,164,81
92,439,662,Shamela0003722,1847,195,396,155,85
93,825,1047,Shamela0000321,67,1317,1539,171,92
93,793,1253,Sham19Y0122406,70,935,1480,186,34
93,1,239,Sham19Y0122406,4328,147,386,184,96
93,1,239,JK000603,27,827,1062,179,93
93,650,1020,Sham19Y0017798,1791,173,787,229,42
94,906,1560,Kraken220413030759,799,342,988,234,31
94,1287,1447,Shamela0009918,408,55,223,121,89
94,822,1546,Shia000841Vols,919,326,632,123,21
94,138,785,Shamela0001727,9,763,1369,264,37
94,52,298,Shamela0004473,1247,1151,1393,140,68
94,1,298,Shamela0004473,6735,895,1260,209,72
94,849,1385,Shamela0009702,296,1010,1565,184,27
94,138,692,Sham19Y0122406,71,24,831,254,32
94,827,1041,Zaydiyya0000336,426,103,231,89,52
94,840,1045,Shamela0010013,304,1339,1507,126,78
94,1049,1447,Shamela0010013,305,105,567,291,74
94,822,1546,Shamela0012398,276,1061,1365,124,21
94,1456,1560,Sham19Y0023625,2762,844,949,83,99
94,849,1115,Sham19Y0013605,351,529,1016,121,30
95,720,1117,Kraken230107021738,1388,475,1273,238,37
95,488,1107,Sham19Y0017745,131,1022,1285,136,27
95,737,1016,ShamAY0034011,269,1173,1441,163,70
95,841,994,JK000916,11149,122,279,121,95
95,821,1007,Shamela0010906,4200,420,601,145,97
95,836,994,Sham19Y0036114,16,1338,1489,121,93
95,821,1007,Shamela0003722,3487,1093,1280,148,98
95,1206,1577,ShamAY0037021,165,1333,1637,192,58
95,1,213,Sham19Y0023625,2762,949,1153,162,94
95,17,140,JK000134,1890,959,1098,94,79
96,1099,1344,Shamela0001727,10,483,673,134,67
96,618,837,Shamela0030327,11,719,932,113,60
96,1,126,Shamela0010664,524,847,973,89,85
96,753,922,Sham19Y0149213,856,575,968,95,27
96,1,109,Sham19Y0149213,1938,1169,1276,71,84
96,1099,1344,Sham19Y0122406,73,91,281,134,67
96,753,878,Sham19Y0014538,589,1016,1419,94,29
96,614,885,JK000753,19,607,1491,156,20
96,1,109,JK000134,3582,388,498,74,84
97,664,1301,JK001330,348,455,931,145,21
97,901,1319,ShamAY0034556,61,44,475,341,94
97,883,1352,Kraken230107021738,1422,879,1455,365,77
97,874,1352,Kraken220413030759,1150,759,1291,314,63
97,981,1240,ShamAY0035792,163,605,872,167,71
97,883,1352,ShamAY0034011,259,97,583,361,87
97,958,1208,JK000916,12338,1,292,196,81
97,883,1208,Shamela0003118,3738,1129,1491,255,85
97,883,1208,JK007082,565,1124,1490,258,86
97,907,1149,Shamela0096878,107,1341,1575,188,93
97,883,1208,Sham19Y0001994,125,1123,1400,167,56
97,880,1124,Sham19Y0149213,936,1294,1492,153,73
97,880,1208,JK000806BK1,228,667,996,257,94
97,883,1240,Shamela0010906,3100,702,1059,204,59
97,874,1352,Shamela0009702,284,73,630,330,64
97,995,1203,Sham19Y0132617,111,1,189,142,78
97,880,1045,Shamela0003722,3638,1319,1481,128,96
97,1045,1324,Shamela0003722,3639,1,426,219,60
97,883,1208,Shamela0011036,70,591,910,209,67
97,883,1065,JK000134,1702,1302,1472,127,86
97,1065,1324,JK000134,1703,1,268,181,72
97,901,1240,Shia001880,3,537,926,213,62
97,467,1130,Sham19Y0013605,62,732,1404,287,39
98,115,897,Sham19Y0018259,15,1027,1464,331,53
98,558,944,ShamAY0035792,165,393,849,268,75
98,673,897,ShamAY0034011,202,1,241,171,89
98,377,890,Shamela0001727,10,720,1263,291,57
98,641,865,JK000916,8776,811,1419,124,26
98,715,897,Sham19Y0039268,255,1,268,119,52
98,413,902,Shamela0011385,4234,281,866,281,62
98,42,181,Shamela0004473,6737,769,908,110,97
98,580,906,Shamela0022797,732,1,349,219,79
98,541,897,Shamela0000736,340,1011,1359,224,71
98,503,865,Shia002158,383,47,331,166,56
98,503,897,Shamela0010906,3042,263,652,270,79
98,503,865,Shamela0010906,3102,529,765,139,46
98,503,865,Shamela0005997,10,1044,1313,168,58
98,377,778,Sham19Y0122406,73,729,1159,204,48
98,574,897,Sham19Y0122406,74,293,499,153,59
98,503,859,JK000990,35,1335,1732,250,76
98,661,897,ShamAY0034005,101,5,256,183,93
98,574,902,Shamela0003722,2872,1,354,239,86
98,513,871,Shamela0002170,209,543,950,213,60
98,503,721,Shamela0009690,822,1180,1429,146,69
98,565,906,Shamela0025864,34,1,371,249,85
98,1388,1519,Sham19Y0014601,4354,952,1082,104,99
98,188,396,JK000134,1492,1251,1382,95,58
98,503,897,Shia001880,5,614,1068,284,77
98,503,1519,Shamela0010517,223,154,1247,783,88
99,666,1231,Rafed001344,122,1072,1415,269,57
99,769,1212,Shamela0000432,4653,915,1427,353,86
99,1,351,ShamAY0033531,2047,22,286,171,60
99,1,457,Sham19Y0014601,4354,1082,1504,332,89
99,457,1353,Sham19Y0014601,4355,1,591,472,65
99,661,1525,Shia000121Vols,279,1047,1512,352,49
100,1246,1505,Shia002616Vols,6892,322,587,171,79
100,1287,1487,Shamela0037325,458,657,846,136,84
100,687,1478,Sham19Y0122406,75,231,804,234,30
100,68,174,Shamela0003722,5590,279,394,82,89
101,1158,1522,Shamela0008540,1988,361,597,148,48
101,293,400,Shamela0001727,11,1007,1143,85,78
101,1158,1500,Shia004456Vols,1792,687,1386,182,31
101,632,856,JK000201,3414,1268,1494,181,96
101,389,558,JK000201,3414,532,704,129,89
101,856,1153,JK000201,3415,1,297,238,97
101,293,400,Sham19Y0122406,76,717,853,85,78
101,1091,1544,ShamAY0000351,637,84,504,328,92
101,1350,1522,ShamAY0000351,638,64,219,78,55
101,1091,1299,ShamAY0033531,2636,1296,1505,164,99
101,1299,1544,ShamAY0033531,2637,1,212,164,85
101,1091,1544,ShamAY0033531,3819,987,1407,328,92
101,1350,1522,ShamAY0033531,3820,901,1056,78,55
101,1235,1540,Shia001555Vols,1068,1,733,185,32
101,1282,1522,JK001293BK1,698,115,316,87,45
101,293,400,ShamAY0034005,103,371,497,85,84
101,293,400,Shamela0012027,81,1282,1428,84,72
101,1282,1522,Shamela0012027,83,754,954,87,45
101,1064,1544,Shamela0012027,84,378,856,370,97
101,1182,1522,Shamela0010452,428,625,984,116,31
101,677,957,Sham19Y0018100,1430,1308,1544,171,66
102,1218,1570,Sham19Y0014592,563,1027,1357,214,70
102,1,371,ShamAY0000351,637,504,900,285,91
102,1,371,ShamAY0033531,2637,212,608,285,91
102,91,371,ShamAY0033531,3820,1,307,214,88
102,1,160,Shamela0012027,84,856,1007,107,84
102,1218,1509,Shamela0009993,86,336,623,179,70
103,302,587,JK007054,508,1293,1542,178,77
103,374,557,Shamela0005390,437,1,283,138,61
103,344,562,Shamela0026803,56,775,1182,167,50
103,913,1203,Shamela0001727,12,941,1234,227,98
103,919,1217,Shamela0011385,4259,930,1226,226,95
103,278,643,Shamela0009702,1043,318,637,224,71
103,913,1203,Sham19Y0122406,78,346,640,227,97
103,654,779,Shamela0021608,962,1523,1647,101,99
103,779,903,Shamela0021608,963,1,129,101,96
103,875,1203,Sham19Y0037618,4420,955,1283,234,90
103,919,1203,JK009256BK2,194,783,1074,222,96
103,919,1203,Shamela0013041,956,117,380,200,89
103,919,1212,ShamAY0034005,108,665,957,222,96
103,903,1182,Sham19Y0013252,11448,1184,1459,208,93
104,1134,1396,Shamela0001733,139,339,623,199,85
104,1134,1404,JK009390,255,420,743,204,76
104,1176,1396,JK009408,268,1,251,175,85
104,1134,1396,JK009408,1412,910,1188,199,85
104,1134,1404,JK009379,135,1253,1570,203,76
104,1134,1396,Shamela0021809,168,693,978,197,83
104,1134,1396,Shamela0021809,1773,951,1267,199,75
104,38,765,Shamela0001727,12,1148,1423,212,36
104,765,994,Shamela0001727,13,1,241,179,94
104,1157,1404,Sham19Y0127677,271,1,305,192,76
104,1096,1512,Shamela0000894,314,533,1205,333,60
104,586,778,Shamela0011385,4234,1120,1410,134,59
104,586,1019,Shamela0011385,4235,32,325,185,51
104,555,789,JK001293BK2,80,787,1068,171,77
104,38,789,Sham19Y0122406,78,554,853,230,38
104,789,994,Sham19Y0122406,79,224,440,161,93
104,1134,1376,Shia002265Vols,2691,1188,1480,189,78
104,1134,1404,Shamela0001438,537,168,511,207,73
104,877,984,Zaydiyya0000080,385,114,220,81,90
104,826,984,Shamela0013041,260,916,1089,108,72
104,826,984,Shamela0010657,198,268,461,115,73
104,1134,1359,ShamAY0034644,458,449,692,170,86
104,38,984,ShamAY0034005,108,861,1372,372,48
104,1134,1409,Zaydiyya0000342,586,304,601,216,88
104,555,789,Shamela0005847,82,335,616,171,77
104,1134,1409,JK010552,815,222,542,209,78
104,1176,1359,Shamela0009311,16,1,196,125,73
104,586,789,Shamela0036357,924,600,783,134,81
105,793,1432,JK010001,352,564,758,141,26
105,793,1432,Tafsir07055,384,601,795,141,26
105,738,1432,Shamela0001727,13,305,565,155,27
105,793,1432,Shamela0011385,4225,1072,1325,127,21
105,436,549,Shamela0006056,43,895,1033,83,76
105,738,1432,Sham19Y0122406,79,504,764,155,27
105,1301,1432,ShamAY0034005,102,314,450,103,93
105,436,549,Shia002294Vols,302,678,802,77,75
106,583,1003,Kraken220218125253,59,1218,1497,213,62
106,407,518,JK000988,31,1384,1518,76,71
106,518,768,JK000988,32,1,523,189,44
106,1071,1544,Shamela0001727,13,903,1270,91,16
106,525,1071,Sham19Y0122406,81,9,767,299,45
107,431,584,Shamela0096178,132,301,454,124,100
107,431,592,Shamela0037325,275,829,998,124,91
107,431,592,Shamela0001727,13,1335,1502,127,94
107,431,561,Sham19Y0122406,80,1401,1535,104,96
107,749,1055,Sham19Y0122406,81,843,1040,139,55
107,431,584,ShamAY0034005,102,1101,1249,119,96
108,927,1084,Shamela0000321,68,1,158,128,100
108,1,287,Sham19Y0122406,82,671,982,207,82
108,875,1151,Sham19Y0122406,83,433,847,105,24
109,142,536,Shamela0001727,14,737,1359,149,24
109,273,603,Shamela0011385,4212,365,695,100,27
109,449,676,Sham19Y0013253,161,890,1180,125,51
109,142,297,Shia001255Vols,953,1151,1518,65,22
109,273,536,Sham19Y0122406,83,1024,1299,115,45
109,449,672,Sham19Y0122406,84,104,376,156,69
109,676,921,Sham19Y0122406,84,1192,1438,177,87
109,921,1056,Sham19Y0122406,85,1,119,90,85
109,273,536,ShamAY0034005,106,854,1123,106,42
110,1,741,Shamela0001727,15,139,778,244,32
110,575,741,Shamela0011385,4277,248,408,122,91
110,1,230,Sham19Y0122406,84,584,1007,118,35
110,575,741,Sham19Y0122406,85,414,577,124,90
110,1303,1464,Sham19Y0122406,85,1130,1319,122,77
110,575,741,ShamAY0034005,102,1312,1475,124,90
110,154,538,Shamela0003722,4232,1220,1403,97,29
111,1,107,Shia001432Vols,34198,594,702,83,97
111,1,107,Kraken220413030928,16,1410,1519,83,96
111,1,107,MMS00016,14,76,185,82,95
111,1,107,Shamela0009702,911,955,1063,83,97
111,1086,1527,Shamela0012129,286,618,1287,225,35
111,1292,1486,Sham19Y0123665,1838,38,321,128,50
111,1,107,JK007074,1998,787,897,80,91
111,226,903,Sham19Y0023625,1365,901,1506,453,82
111,903,1086,Sham19Y0023625,1366,1,184,137,93
112,299,673,ShamIbadiyya0000610,96,1,215,157,51
112,234,843,ShamAY0034556,40,93,771,442,78
112,234,516,Kraken220413030928,190,1033,1244,154,66
112,229,895,Masaha003955Vols,101,678,1302,395,66
112,463,673,ShamAY0035003,10,494,626,88,52
112,305,673,Shamela0021554,96,1,209,152,50
112,234,926,Shamela0010639,164,182,852,494,89
112,234,895,Shamela0001515,481,261,958,360,57
112,234,926,Masaha001961Vols,1662,273,985,326,44
112,234,550,MMS00016,150,655,880,155,59
112,1,104,Shamela0012129,286,1287,1458,77,56
112,469,673,Masaha001864Vols,2811,331,495,113,65
112,943,1326,Shamela0003722,5642,1251,1447,63,18
112,238,796,Shamela0011786,77,919,1565,359,64
112,1018,1181,Sham19Y0023625,1364,1230,1399,99,68
112,435,642,Sham19Y0023625,1365,225,424,152,93
112,534,926,Sham19Y0023625,1366,415,730,202,65
112,253,559,Sham19Y0150961,109,1312,1526,147,57
113,652,859,Shamela0023798,503,716,910,158,93
114,966,1140,Shamela0037325,496,767,941,137,100
114,601,740,Shamela0001727,15,1263,1418,110,87
114,966,1140,Shamela0001727,16,77,251,137,100
114,966,1187,Shamela0011385,4271,1138,1348,148,83
114,606,1140,Sham19Y0122406,86,462,900,252,57
114,1,121,JK000990,114,796,921,94,96
114,711,1140,JK000990,163,1,318,174,51
114,1245,1528,JK000990,163,1028,1388,148,48
114,966,1140,Shamela0012579,1853,908,1069,127,92
114,966,1140,ShamAY0034005,103,1145,1315,130,93
114,1245,1503,Shamela0001467,90,345,573,151,69
115,29,237,Zaydiyya0000413Vols,153,1237,1397,120,73
115,280,492,Shamela0037325,496,952,1164,174,100
115,280,1083,Shamela0001727,16,214,1205,175,15
115,280,610,Sham19Y0122406,86,863,1282,61,12
115,563,1072,Sham19Y0122406,87,401,1545,192,18
115,280,610,JK000990,163,281,694,65,13
115,29,317,JK000990,164,500,804,126,43
115,563,932,ShamAY0034005,104,256,768,70,13
116,1311,1493,Sham19Y0011402,640,791,932,92,63
116,1326,1493,Shamela0011083,33,350,494,107,78
116,1311,1493,ShamAY0034011,233,788,928,110,76
116,683,833,Shamela0001727,17,291,441,117,99
116,1311,1493,Shamela0001727,17,448,629,142,98
116,683,838,Shamela0011385,2338,1183,1338,120,98
116,1311,1488,Shamela0011385,4325,862,1043,139,97
116,1311,1493,Sham19Y0122406,89,116,297,142,98
116,1305,1493,Shamela0013041,275,619,801,126,78
116,1311,1493,JK001293BK1,553,764,904,92,63
116,1305,1493,ShamAY0034005,105,956,1140,144,96
116,683,833,ShamAY0034005,107,151,302,117,98
116,1311,1493,Shamela0036357,841,727,870,93,64
117,1367,1518,Sham19Y0011402,197,521,647,64,52
117,1367,1518,Sham19Y0011402,642,330,543,66,29
117,1334,1518,Shamela0001727,17,869,1166,87,37
117,1367,1518,JK000835,38,996,1120,64,53
117,1043,1411,Sham19Y0122406,89,953,1348,246,72
117,1367,1518,Shamela0013041,275,1048,1269,62,26
117,1367,1518,JK001293BK1,553,1082,1295,66,29
117,1367,1518,Shamela0036357,841,1047,1260,66,29
118,128,287,Shamela0001727,17,1280,1438,123,98
118,984,1406,Shamela0001727,18,31,333,124,29
118,128,336,JK000916,13901,327,521,150,91
118,144,336,Shamela0011385,4216,203,392,136,83
118,1020,1406,Sham19Y0122406,90,1288,1504,113,31
118,128,844,Sham19Y0122406,90,166,757,283,41
118,128,336,ShamAY0034005,108,444,650,161,98
118,1340,1577,Sham19Y0150962,1703,1350,1497,106,58
119,1,366,JK007054,1079,1129,1508,259,80
119,366,1061,JK007054,1080,1,618,474,83
119,21,302,Sham19Y0011402,612,326,791,221,59
119,317,1061,JK001472,75,276,607,238,40
119,1289,1440,Shamela0001727,18,631,787,119,95
119,214,474,Shamela0000894,5339,495,818,160,60
119,1166,1440,Shamela0011385,4159,912,1141,132,49
119,811,1061,Shamela0006056,124,375,586,159,79
119,1289,1483,Shamela0010906,3060,1216,1429,143,84
119,1289,1440,Sham19Y0122406,91,288,444,119,95
119,1289,1454,JK000990,37,621,788,122,92
119,1289,1440,Shamela0010798,1274,447,603,119,95
119,863,1056,Shia003732Vols,4740,299,473,127,82
119,1289,1464,ShamAY0034005,109,1075,1247,123,86
119,317,1061,Masaha001864Vols,2329,1093,1414,223,38
119,1289,1483,Shamela0003722,527,377,574,135,82
119,1293,1488,JK000134,236,1196,1379,126,81
119,113,1061,Shamela0010517,2591,510,1459,756,99
120,513,658,Sham19Y0013667,1456,901,1046,105,86
120,1,319,Kraken230107021738,637,176,498,242,95
120,653,822,Kraken230107021738,640,1014,1430,112,33
120,790,992,Kraken230107021738,641,63,273,159,93
120,1024,1208,ShamAY0034011,206,123,308,133,88
120,1017,1208,Shamela0001727,18,787,982,155,97
120,324,544,JK000916,2939,641,1034,161,49
120,1017,1237,JK000916,3622,654,865,164,92
120,795,1041,JK000916,20472,827,1112,170,74
120,368,658,Shamela0003118,1127,462,940,220,55
120,270,643,Shamela0037610,73,1094,1489,174,48
120,1081,1237,Shamela0011385,4235,566,787,122,68
120,410,570,Shamela0000736,2307,9,193,101,64
120,20,867,Shamela0000736,2308,380,1265,195,18
120,198,319,Shamela0000736,2309,1291,1433,94,85
120,324,554,Shamela0035100,2855,151,519,139,43
120,557,858,Shamela0035100,2856,662,934,103,40
120,1085,1208,Shamela0035100,3054,1322,1445,100,100
120,1,173,JK000201,2840,1322,1493,136,99
120,173,728,JK000201,2841,1,555,441,99
120,319,733,Sham19Y0149213,142,235,981,206,31
120,298,557,Shamela0010906,3058,606,1033,164,46
120,1085,1208,Shamela0010906,3175,684,811,97,94
120,1081,1208,Sham19Y0122406,92,374,505,103,96
120,324,549,Shamela0010798,1266,161,559,165,49
120,198,992,Shamela0010798,1273,411,1464,302,28
120,15,410,Shia002901Vols,891,995,1149,123,38
120,340,745,JK001293BK1,171,178,840,196,35
120,1024,1208,JK001293BK1,243,858,1024,130,88
120,1024,1237,ShamAY0034005,109,1241,1453,161,90
120,5,549,Sham19Y0013223,1401,742,991,122,25
120,298,557,Shamela0003722,524,117,560,185,51
120,177,301,Shamela0003722,525,1344,1464,91,94
120,815,992,Shamela0003722,526,1148,1311,126,87
120,414,745,Shamela0010452,48,113,423,151,49
120,319,653,JK000753,42,1015,1352,223,70
120,23,521,Shamela0008544,463,788,1429,305,54
120,210,324,Sham19Y0016599,638,146,260,88,99
120,819,992,Shamela0002170,177,658,819,124,85
120,795,1058,Shamela0002170,407,980,1189,153,71
120,368,658,JK000134,235,68,849,202,30
121,724,851,Shamela0001727,18,1140,1275,102,94
121,724,851,Sham19Y0122406,93,182,317,102,94
121,751,1096,JK000990,182,891,1140,164,54
121,751,1151,ShamAY0037134,5,818,1103,194,56
122,1277,1465,Sham19Y0013667,2834,1160,1376,138,75
122,1214,1528,ShamAY0035035,1807,788,1106,170,61
122,1264,1465,Kraken230107021738,1260,934,1172,149,77
122,1277,1528,ShamIbadiyya0000229,2059,1163,1389,139,62
122,1264,1465,Shamela0008540,1555,296,533,140,72
122,1205,1528,JK011184,382,486,874,202,64
122,1277,1528,Shamela0005756,5018,813,1002,137,67
122,1269,1465,Sham19Y0149213,737,286,545,131,62
122,942,1163,Sham19Y0122406,94,1272,1490,162,84
122,1214,1528,Sham19Y0038171,535,12,324,175,62
122,1232,1528,Shamela0005848,238,331,698,152,49
122,1214,1473,Shamela0012579,1444,661,1106,154,44
122,1269,1523,Shamela0003722,2932,958,1378,154,46
122,1304,1460,Sham19Y0122255,515,28,375,110,39
123,1037,1151,Shia003965Vols,10110,607,718,88,95
123,1168,1459,Sham19Y0122406,95,1,217,140,57
124,878,1168,Shamela0001727,19,550,848,127,52
124,502,865,Sham19Y0149213,698,16,298,142,42
124,878,1168,Sham19Y0122406,94,829,1127,127,52
124,548,887,Shamela0003722,2796,547,1062,203,50
124,730,887,Shamela0010452,409,955,1144,119,80
124,683,878,ShamAY0035884,2600,488,705,133,69
124,509,683,JK003609,3903,85,279,108,65
124,435,665,Shamela0002170,1241,459,729,123,51
124,521,887,Sham19Y0018194,579,178,566,163,45
124,539,887,JK000134,1296,155,661,145,33
125,1,759,Shamela0001727,19,848,1414,148,19
125,550,909,Shamela0011385,4323,98,697,147,26
125,700,885,Shamela0010527,1229,632,832,111,62
125,285,843,Sham19Y0122406,95,405,845,154,27
125,700,843,ShamAY0034005,110,400,541,111,97
126,1262,1428,Zaydiyya0000153,309,832,998,137,100
126,10,220,Sham19Y0014538,821,1401,1581,96,48
126,1257,1526,Shamela0009993,84,135,384,184,80
126,1257,1526,Shamela0009993,155,245,490,186,82
127,1369,1529,ShamAY0036018,88,1513,1662,121,93
127,1369,1529,JK000990,477,51,201,122,93
128,13,536,ShamAY0036018,89,1,482,379,89
128,5,936,Shamela0004473,11406,671,1565,724,95
128,936,1298,Shamela0004473,11407,1,362,283,99
128,987,1298,Shamela0004473,11412,1100,1376,216,88
128,1,1309,JK000990,477,201,1491,1035,98
128,5,1028,Shamela0009993,87,630,1602,783,94
128,1028,1298,Shamela0009993,88,1,270,210,99
129,1,469,Zaydiyya0000153,109,973,1615,325,59
129,464,699,Zaydiyya0000153,111,920,1142,171,89
129,1125,1269,Shamela0023798,341,1349,1519,115,84
129,1269,1584,Shamela0023798,342,1,317,256,99
129,110,1558,Sham19Y0122406,92,1,1441,926,70
129,29,666,JK000991,215,300,898,467,89
129,977,1121,JK000991,250,1312,1456,104,90
130,344,861,Shamela0001727,21,1017,1176,83,18
130,509,1355,Shamela0005756,85,1,541,408,59
130,1198,1371,Shamela0023798,212,111,254,101,67
130,1,265,Shamela0023798,342,317,660,190,69
130,1,295,Sham19Y0122406,93,720,981,182,79
130,344,861,Sham19Y0122406,99,220,379,83,18
130,434,1570,JK000990,111,324,1416,879,95
130,273,1301,Shamela0023769,254,508,1575,774,85
130,1301,1570,Shamela0023769,255,1,269,221,99
130,377,1570,Sham19Y0013605,32,166,943,562,58
131,822,1047,Sham19Y0127654,62,1209,1506,120,46
131,1,374,Shamela0004473,9907,114,487,301,99
131,799,1027,JK000745,12,1005,1208,86,41
131,1,188,JK000990,111,1416,1603,153,100
131,188,1126,JK000990,112,1,933,753,98
131,1,384,Shamela0023769,255,269,651,307,98
131,1,275,Sham19Y0018103,31,1028,1196,114,51
131,1,275,Sham19Y0013605,32,943,1199,202,88
132,807,1203,Zaydiyya0000153,258,283,617,268,82
132,326,689,ShamAY0033586,129,1151,1493,255,84
132,1121,1389,Zaydiyya0000457,51,1114,1382,218,100
132,1121,1389,Shia002178,26,406,674,218,100
132,259,1633,Shamela0023769,255,658,1474,611,53
132,323,1517,Shamela0009993,117,823,1606,590,58
132,1517,1633,Shamela0009993,118,1,117,92,100
133,1064,1410,Shamela0001727,22,732,967,75,20
133,870,1018,ShamAY0033586,129,868,1020,119,96
133,1,786,Sham19Y0122406,102,490,1295,292,33
133,187,377,Shia002178,33,1270,1438,115,75
133,916,1029,Shia002178,33,1426,1550,92,91
133,1,128,Shamela0023769,255,1474,1601,101,100
133,128,298,Shamela0023769,256,1,171,132,96
133,1,1018,Shamela0009993,118,117,1093,785,95
134,195,809,Shamela0001727,23,672,1034,137,22
134,195,515,Sham19Y0122406,104,625,893,165,61
135,127,1013,Shamela0001727,23,1113,1349,127,17
135,115,436,Sham19Y0013253,162,70,382,144,50
135,137,1001,Sham19Y0122406,105,634,1283,272,36
135,132,933,JK000590,34,1282,1432,73,11
136,781,920,ShamAY0034011,115,267,384,92,83
136,594,920,Shamela0001727,24,1138,1385,137,46
136,781,920,Sham19Y0122406,109,1306,1445,110,100
136,781,1392,Sham19Y0122406,110,598,1290,189,27
136,832,1219,Sham19Y0122406,111,53,452,155,42
136,776,920,JK000590,40,447,590,113,99
137,823,1058,Sham19Y0122402,294,790,1131,151,50
137,723,926,Kraken22021606123201,148,1157,1312,120,73
137,70,334,Shamela0001727,25,594,850,200,91
137,817,1058,Shamela0007332,366,30,274,178,89
137,1361,1492,Sham19Y0122406,111,554,685,95,92
137,102,356,Sham19Y0122406,111,1,371,175,57
137,853,1089,Sham19Y0122406,4363,715,954,174,91
137,70,657,JK000985,158,1102,1303,156,32
138,1014,1342,Shamela0001727,25,1095,1311,82,27
138,1,561,Sham19Y0122406,111,992,1496,289,54
138,561,1510,Sham19Y0122406,112,1,1127,415,36
139,1040,1373,Sham19Y0013667,4089,782,1113,116,35
139,864,1520,Shamela0001727,26,40,321,161,31
139,1043,1340,Shamela0011385,2864,482,642,68,24
139,46,484,Sham19Y0122406,112,1145,1447,220,63
140,1019,1559,Sham19Y0017747,2407,133,530,268,58
140,854,1003,Sham19Y0023644,2380,476,580,75,65
140,945,1328,ShamAY0033598,123,1,278,106,27
140,18,591,Sham19Y0122406,113,611,1062,220,40
140,646,1383,JK000603,67,1187,1560,250,40
141,116,415,Shamela0001727,26,293,548,152,63
141,246,505,ShamAY0033973,311,798,1109,138,47
141,1329,1527,ShamIbadiyya0000730,160,1385,1568,134,77
141,1342,1480,Shia001831Vols,12,1316,1454,114,99
141,1329,1480,Sham19Y0122406,119,653,808,126,97
141,1329,1480,Sham19Y0018106,4308,30,178,114,89
141,1329,1480,Sham19Y0018106,4322,156,322,115,83
141,1329,1501,Sham19Y0018144,5461,16,183,130,91
141,1329,1480,ShamAY0035990,700,880,1027,122,96
141,1329,1527,ShamAY0035990,721,347,567,139,71
141,1329,1480,Masaha001864Vols,4171,757,907,124,98
141,276,861,JK007065,1115,612,1249,235,42
142,853,1210,Shamela0007891,5,796,1039,167,53
142,281,1079,Shamela0003055,119,116,642,391,60
142,306,829,Shamela0037325,1512,893,1603,282,43
142,829,1215,Shamela0037325,1513,1,405,304,92
142,791,1210,Shamela0005756,241,965,1351,301,88
142,853,985,Shamela0005756,4436,376,486,79,75
142,1287,1433,Shamela0001442,1054,1343,1490,115,91
142,1314,1642,Shamela0001442,1055,17,251,150,48
142,306,1215,Shamela0001442,1057,260,1380,586,59
142,300,1215,JK000201,3317,303,1054,579,76
142,1284,1635,ShamAY0033531,3406,692,1089,264,75
142,306,630,ShamAY0033531,3409,1337,1559,144,54
142,780,1223,ShamAY0033531,3410,167,640,342,87
142,1284,1635,ShamAY0033531,4589,83,480,264,75
142,306,1190,ShamAY0033531,4592,693,1561,464,56
142,312,951,JK000381,2111,1087,1618,414,79
142,951,1071,JK000381,2112,1,120,90,94
142,190,451,Sham19Y0014555,49,1295,1549,194,87
142,454,1210,Sham19Y0014555,50,1,730,516,80
142,850,1268,Sham19Y0018103,172,986,1281,182,52
142,1235,1642,Shamela0007597,134,975,1511,331,74
142,787,942,Sham19Y0013223,1552,1019,1174,124,100
142,595,1268,Sham19Y0013252,414,1,616,442,79
142,853,1306,Sham19Y0122257,17,395,797,148,30
142,787,995,Sham19Y0150962,1334,1009,1193,130,80
142,626,1268,Sham19Y0013605,252,200,710,331,61
143,153,761,Shamela0007891,5,185,806,429,77
143,153,736,Sham19Y0014249,96,1247,1621,260,52
143,1463,1581,Shamela0037325,1625,32,151,96,99
143,153,736,Shamela0037325,1791,621,1203,427,85
143,153,480,Shamela0005756,644,454,777,244,88
143,153,715,Shamela0001673,1037,52,467,294,61
143,149,465,Shamela0004473,13691,62,391,199,69
143,153,715,Sham19Y0132963,233,179,612,295,61
143,1463,1581,JK009324,18,92,211,96,99
143,153,715,JK000381,2112,834,1370,380,77
143,153,480,Sham19Y0018103,172,1244,1538,229,84
143,1,142,Shamela0007597,134,1511,1647,104,87
143,142,1598,Shamela0007597,135,1,1214,915,73
143,27,531,Sham19Y0013223,1552,1196,1636,356,85
143,531,1601,Sham19Y0013223,1553,7,812,626,71
143,153,1218,Sham19Y0013252,414,579,1483,632,70
143,583,724,Sham19Y0013252,11077,1006,1131,96,83
143,163,465,Shamela0000041,45,101,405,206,76
143,859,1035,Sham19Y0020891,2335,912,1076,128,89
143,153,427,Sham19Y0020891,2336,788,1057,203,87
143,834,1035,Sham19Y0122257,16,1535,1746,149,83
143,122,474,Sham19Y0122257,17,705,1090,233,70
143,153,480,Sham19Y0013605,252,673,1131,254,66
144,311,1198,Shamela0037325,1625,467,1589,644,66
144,1198,1650,Shamela0037325,1626,460,844,270,71
144,1066,1658,Zaydiyya0000039,928,1,440,357,72
144,311,1144,JK009324,18,532,1581,600,66
144,1151,1650,JK009324,19,22,903,304,38
144,1206,1488,JK008250Vols,279,417,672,173,70
144,5,689,Shamela0007597,135,1229,1641,273,44
144,689,1658,Shamela0007597,136,1,949,753,94
144,5,1190,Sham19Y0013223,1553,825,1635,647,66
144,1190,1658,Sham19Y0013223,1554,1,484,380,96
144,1283,1597,Sham19Y0013223,2828,736,1048,217,80
144,1198,1593,Sham19Y0013252,411,1,287,199,62
144,1206,1650,Sham19Y0020891,2335,19,345,246,67
144,937,1110,Shia002119Vols,3470,613,790,109,61
145,823,1067,Shamela0005756,423,1174,1592,108,29
145,292,863,Rafed0002905Vols,286,1272,1466,122,25
145,272,687,JK009324,33,939,1525,320,65
145,687,935,JK009324,34,1,402,200,59
145,823,1324,JK009324,35,65,392,147,28
145,1126,1443,JK009381,12,1,273,178,68
145,1,664,Shamela0007597,136,949,1639,517,90
145,664,1020,Shamela0007597,137,1,363,236,75
145,483,790,Shamela0007597,153,1036,1268,175,66
145,1073,1342,Shamela0011036,1891,271,788,212,50
145,315,863,Sham19Y0013605,87,600,859,204,45
146,1396,1699,Shamela0006739,91,1057,1360,250,100
146,5,785,Sham19Y0014249,97,893,1690,567,80
146,1430,1695,Shamela0011244,15,804,1031,186,85
146,5,1176,Shamela0011244,16,287,1299,739,73
146,1,717,Shamela0037325,1970,981,1683,540,90
146,717,1145,Shamela0037325,1971,1,416,317,89
146,1173,1699,Shamela0037325,2011,549,1085,432,96
146,9,1055,Shamela0005756,644,806,1294,298,33
146,1323,1623,Shamela0023628,40,284,599,187,66
146,1334,1699,Sham19Y0016618,561,825,1161,261,86
146,64,246,Sham19Y0018106,68,680,844,121,80
146,1,1070,JK000381,2113,604,1620,780,88
146,1258,1623,Sham19Y0013631,2640,1253,1504,159,53
146,9,1084,JK000603,32,433,1566,860,91
146,287,931,Sham19Y0018103,173,1,279,190,36
146,460,1145,Sham19Y0132415,1084,269,945,245,31
146,27,423,Sham19Y0013223,1554,846,1244,271,74
146,31,295,Sham19Y0013223,2829,3,272,197,80
146,1396,1699,Kraken22021606121901,90,858,1152,233,91
146,1329,1558,Sham19Y0020891,2335,693,907,167,83
146,1329,1633,Sham19Y0122257,16,1230,1525,236,90
146,1396,1699,Sham19Y0008889,102,75,295,169,67
146,9,931,Sham19Y0013605,252,1174,1550,280,37
147,774,1107,Shamela0021623,785,718,1050,261,96
147,377,514,Shamela0007891,18,863,1000,110,100
147,1,285,Shamela0006739,91,1360,1642,230,98
147,285,514,Shamela0006739,92,1,230,182,99
147,381,514,ShamIbadiyya0000438,1213,1400,1535,106,97
147,381,514,Sham19Y0016584,104,246,379,107,100
147,381,514,Shamela0030842,10,374,509,98,87
147,1,350,Sham19Y0014249,99,226,503,214,72
147,356,514,Shamela0003055,336,447,610,123,91
147,381,514,Sham19Y0127656,29,820,957,102,93
147,381,514,JK000110,17,29,161,106,99
147,360,514,Shamela0008353,863,441,589,114,89
147,1,584,Shamela0011244,15,1031,1609,418,85
147,1125,1382,Sham19Y0131521,3692,330,559,170,79
147,377,514,Shamela0037325,1790,1391,1528,110,100
147,1,575,Shamela0037325,2011,1085,1659,467,100
147,575,774,Shamela0037325,2012,1,204,161,98
147,360,548,Shamela0037325,2253,87,284,136,85
147,780,1113,Shamela0021715,172,878,1236,261,88
147,381,514,Shamela0021715,280,1150,1283,107,100
147,395,514,Shamela0021715,282,20,530,96,23
147,381,514,Sham19Y0016684,110,1284,1417,107,100
147,780,1369,Shamela0005756,244,906,1502,370,69
147,1337,1563,Shamela0005756,245,71,312,151,79
147,780,1117,Shamela0005756,282,1179,1451,206,74
147,381,514,Shamela0005756,611,320,449,104,96
147,774,1136,Shamela0036076,8,156,538,281,89
147,895,1301,ShamAY0033586,148,242,699,202,49
147,360,548,ShamAY0033523,531,605,802,134,84
147,381,514,Sham19Y0132963,224,986,1119,107,100
147,381,514,JK009324,53,742,879,102,93
147,381,514,JK009324,54,247,530,104,45
147,381,514,Shamela0037837,99,1034,1167,107,100
147,381,514,Shamela0010463,114,1131,1264,107,100
147,381,514,Sham19Y0020643,49,88,223,107,98
147,381,514,Sham19Y0018106,122,297,430,107,100
147,381,514,Shamela0036446,1095,371,522,87,67
147,1,319,Sham19Y0014555,50,1410,1609,134,50
147,319,514,Sham19Y0014555,51,1,205,152,93
147,360,514,Zaydiyya0000080,270,512,678,124,92
147,1,1045,Sham19Y0018103,79,1010,1594,308,32
147,381,514,Sham19Y0018103,164,1264,1397,107,100
147,381,514,Shamela0005772,13,867,1000,107,100
147,381,514,Sham19Y0020638,1424,1218,1355,102,93
147,536,1070,Sham19Y0013223,1554,1296,1688,284,66
147,1,514,Kraken22021606121901,90,1152,1619,366,87
147,851,1184,Kraken22021606121901,91,1271,1607,236,82
147,1,734,Sham19Y0013252,410,189,1253,477,50
147,793,1569,Sham19Y0013252,412,1,920,507,63
147,381,514,Sham19Y0013252,575,619,752,107,100
147,381,514,Sham19Y0013252,576,124,257,107,100
147,360,548,ShamAY0035960,531,969,1166,136,85
147,381,514,ShamAY0038516,65,1027,1160,107,100
147,381,514,Shamela0000347,33,356,489,105,98
147,381,514,Shamela0000956,864,1133,1266,107,100
147,381,514,Sham19Y0018176,69,1287,1420,107,100
147,381,514,Shamela0000137,97,447,580,107,100
147,1,514,Sham19Y0008889,102,295,532,163,38
147,381,514,Shamela0008370,285,37,172,98,87
147,1,1113,Sham19Y0013605,95,391,1140,422,40
147,381,514,Sham19Y0013605,240,1369,1502,107,100
148,1481,1589,Zaydiyya0000413Vols,451,948,1049,78,93
148,1476,1589,Shamela0030868,2,1455,1568,85,97
148,644,883,Shamela0010710,185,1298,1535,189,97
148,883,1481,Shamela0010710,186,1,592,474,96
148,1476,1589,Sham19Y0013223,1555,308,421,86,98
148,231,431,Sham19Y0013223,1555,102,289,144,89
148,663,1560,Sham19Y0013252,413,585,1145,285,37
148,218,747,Sham19Y0013252,413,236,636,222,49
148,1243,1470,Sham19Y0013783,3056,194,393,155,85
148,718,1084,Sham19Y0008889,104,762,929,98,35
149,600,727,Shamela0001727,27,1,131,99,96
149,506,679,Sham19Y0127677,9825,475,653,131,94
149,595,727,Sham19Y0127677,15972,329,441,84,81
149,506,727,Sham19Y0127677,15973,107,333,169,95
149,506,656,Shamela0004473,13689,1360,1516,114,94
149,478,727,Kraken21041223,42,620,876,168,83
149,506,727,Shamela0030240,16,403,604,153,88
149,551,727,Shia001831Vols,13,1,182,135,95
149,440,727,Shamela0004289,1,388,669,205,89
149,467,727,Sham19Y0122406,119,812,1145,193,74
149,506,727,ShamAY0033555,3,960,1184,169,96
149,460,727,JK009381,9,1241,1528,189,81
149,478,707,Sham19Y0017729,32,776,1003,166,91
149,1,460,Sham19Y0013223,1555,421,723,225,58
149,478,727,Sham19Y0016555,379,639,935,186,80
149,506,727,JK000609,2,694,896,152,86
149,626,727,ShamAY0033872,10,1,109,77,90
151,968,1590,Shamela0001037,4,14,643,493,93
152,912,1103,Shia003101Vols,538,42,303,137,63
152,906,1125,Shamela0008353,279,1252,1424,107,55
152,1406,1599,Shia003965Vols,3350,1,177,135,86
152,304,632,Sham19Y0131521,440,1157,1347,148,56
152,1228,1599,Shamela0009059BK3,2109,1,289,231,76
152,1137,1553,Shamela0005756,3555,760,1046,156,42
152,485,632,Shamela0036515,2913,148,326,103,66
152,1172,1553,Shamela0000140,961,861,1157,196,60
152,954,1125,JK000201,3314,1,176,125,90
152,1143,1599,Shamela0009702,753,1035,1422,259,68
152,1391,1599,JK000952,368,809,1021,151,87
152,200,792,ShamAY0033531,4599,853,1114,171,36
152,304,632,Sham19Y0023625,2307,526,889,170,45
152,1143,1599,Sham19Y0014601,5520,897,1422,258,49
152,724,1103,Sham19Y0150962,1331,917,1119,154,50
152,1137,1553,Sham19Y0013605,1224,168,394,143,38
153,283,635,Shamela0096271,4,173,538,200,60
153,278,466,Zaydiyya0000413Vols,882,1387,1559,133,88
153,715,935,Zaydiyya0000413Vols,3182,591,845,171,81
153,325,832,Shamela0009918,1930,1297,1555,134,30
153,1055,1466,Shamela0009918,1931,840,1221,240,65
153,292,929,Kraken22021606123201,283,1095,1491,318,61
153,944,1389,Shamela0029677,1372,773,1126,267,73
153,289,725,Sham19Y0131521,3575,351,691,253,69
153,325,480,Shamela0022769,1547,823,953,98,79
153,199,944,Shamela0007266,63,51,948,611,81
153,289,683,Kraken220727035853,4598,1061,1548,280,67
153,683,952,Kraken220727035853,4599,1,277,217,94
153,379,1674,Shamela0023628,3316,8,1272,981,90
153,725,944,Zaydiyya0000059,1214,169,391,178,95
153,346,929,Sham19Y0013631,1712,650,924,191,40
153,292,944,Sham19Y0132415,1026,949,1568,442,77
153,1121,1460,Sham19Y0132415,1029,112,576,256,67
153,350,743,Sham19Y0018272,1050,1,272,197,61
153,505,929,Sham19Y0014538,504,816,1106,202,54
153,278,434,Zaydiyya0000053,505,1419,1560,106,85
153,434,837,Zaydiyya0000053,506,1,375,299,89
153,289,589,Shamela0037458,4232,1295,1550,201,83
153,289,944,Sham19Y0023625,2307,921,1550,498,90
154,175,562,Sham19Y0017124,605,98,418,225,67
154,547,816,Shamela0008206,339,831,1158,153,52
154,558,694,Zaydiyya0000413Vols,3106,1360,1495,110,99
154,167,547,ShamIbadiyya0000438,1070,612,953,237,71
154,163,414,Shamela0008353,286,741,964,174,82
154,558,963,Shamela0008353,322,1046,1586,251,51
154,180,547,Shia003965Vols,5448,902,1284,249,70
154,587,972,Shamela0029677,1300,1,388,206,54
154,37,547,Sham19Y0131521,6206,409,889,274,54
154,558,816,Sham19Y0131521,6214,376,627,202,96
154,700,981,JK009179,10,288,552,198,83
154,167,461,JK009179,130,1144,1417,206,80
154,547,816,JK001487,3,291,618,153,52
154,280,749,Shamela0012001,30,1039,1208,73,19
154,175,547,Shia003923Vols,1394,795,1102,216,64
154,562,1314,Kraken220727035853,4599,282,864,435,70
154,1319,1648,Shia001831Vols,14,282,483,167,61
154,163,547,Shamela0001442,1059,463,855,263,72
154,558,981,Shamela0001442,1063,847,1401,268,55
154,1347,1547,JK000201,4419,495,690,139,85
154,562,933,Shamela0023628,2443,1075,1419,180,50
154,1,395,Shamela0023628,3316,1272,1660,309,96
154,395,1314,Shamela0023628,3317,1,764,598,78
154,163,485,Sham19Y0122406,4378,152,480,219,73
154,694,981,Sham19Y0016618,214,6,427,207,57
154,167,414,Sham19Y0016618,222,974,1188,167,80
154,163,414,Zaydiyya0000059,1210,1209,1417,162,75
154,163,547,ShamAY0033531,3414,100,482,251,66
154,1319,1648,ShamAY0033531,3417,254,628,262,85
154,163,547,ShamAY0033531,4596,1074,1456,251,66
154,1319,1631,ShamAY0033531,4599,1242,1601,251,86
154,18,553,Kraken22021606123100,65,464,952,299,60
154,175,547,Shamela0001687,3968,348,671,224,67
154,558,981,Shamela0025800,2768,262,797,264,55
154,190,547,Shamela0025800,2781,1,474,204,46
154,1393,1648,Sham19Y0017729,503,1304,1487,144,69
154,8,547,Sham19Y0132415,1029,690,1247,307,56
154,180,547,Sham19Y0018272,788,1229,1533,222,70
154,167,547,Sham19Y0018272,1614,406,755,253,78
154,167,414,Sham19Y0150639,409,336,562,180,86
154,558,927,Sham19Y0150639,410,1103,1594,233,53
154,163,389,Shia002294Vols,540,1204,1421,161,83
154,37,461,Kraken22021606121901,47,1301,1641,235,65
154,553,694,Sham19Y0032197,766,1324,1446,95,82
154,205,570,Sham19Y0146127,3663,778,1080,193,63
154,670,981,Shamela0011036,2267,59,450,226,68
154,558,831,Sham19Y0122142,735,1296,1552,145,58
154,558,754,Zaydiyya0000053,506,375,539,129,80
154,558,981,Shamela0037458,4232,903,1284,302,87
154,47,558,Sham19Y0023625,2308,84,617,339,67
154,706,945,Sham19Y0020891,5612,125,368,135,56
154,163,426,Sham19Y0148531,224,90,323,187,85
154,558,906,Sham19Y0014252,452,822,1180,182,53
155,1295,1459,Sham19Y0020944,1104,385,543,116,89
155,1290,1468,JK000021,111,205,396,118,76
155,1017,1459,Shamela0006739,72,481,689,125,34
155,1010,1459,Shamela0006739,74,378,581,147,41
155,1010,1437,Shamela0021629,179,1165,1351,122,34
155,1010,1441,Sham19Y0020583,958,1015,1228,151,43
155,1010,1468,Shamela0011334,209,359,578,152,41
155,1279,1437,Kraken220413030832,119,23,181,113,87
155,1010,1459,JK009390,4171,270,488,147,40
155,1314,1437,ShamAY0034073,684,1281,1432,92,75
155,1010,1468,Shamela0002386,366,937,1169,147,38
155,1010,1437,Shamela0008353,283,735,917,139,41
155,1010,1459,Shamela0029677,1348,788,988,144,40
155,1010,1437,Shamela0007361,37,1219,1402,143,42
155,1295,1459,Sham19Y0131521,6201,191,349,116,89
155,1010,1417,Sham19Y0131521,6211,973,1536,207,41
155,1,573,Sham19Y0131521,6211,298,920,336,61
155,1010,1468,Shamela0037325,272,1177,1387,153,43
155,1010,1459,Shamela0037325,304,1046,1250,147,41
155,1010,1459,Shamela0001727,27,498,701,148,42
155,1295,1459,JK009179,59,754,918,116,85
155,1010,1468,JK000098,188,1135,1367,147,38
155,1010,1459,JK007099,522,106,310,147,41
155,1010,1421,Sham19Y0013572,111,1302,1467,129,40
155,1290,1437,ShamAY0034809,26,1054,1201,109,87
155,311,682,ShamAY0034809,542,1206,1577,307,100
155,1010,1459,Sham19Y0127677,2919,490,693,147,41
155,1010,1459,Shamela0004473,13690,387,590,148,42
155,1010,1441,ShamIbadiyya0000730,160,1183,1370,144,42
155,1295,1437,Shamela0006547,8,453,584,100,87
155,1295,1459,Shamela0117359,1087,944,1102,116,89
155,1010,1437,Shamela0006947,8099,417,607,141,42
155,1010,1468,Sham19Y0014309,61,912,1134,154,41
155,1010,1437,Shamela0030240,16,967,1149,139,41
155,1295,1459,Sham19Y0017903,38,494,653,119,92
155,1010,1437,Sham19Y0013253,85,1190,1406,154,46
155,1290,1459,Shia001831Vols,13,580,748,124,91
155,158,1091,Shia001831Vols,14,520,1118,419,54
155,1314,1437,Shamela0026539,271,112,263,92,75
155,1318,1468,Shamela0001442,1061,1,154,100,83
155,1,1585,JK000201,3314,206,1548,732,46
155,1010,1459,Shamela0004289,1,1035,1238,147,41
155,1295,1459,Shamela0004289,125,95,253,116,89
155,623,736,Sham19Y0122406,120,1378,1491,92,100
155,1314,1459,Sham19Y0122406,122,883,1027,104,90
155,1010,1459,Shia002265Vols,185,822,1024,147,41
155,1010,1468,ShamAY0033555,4,13,262,155,40
155,1271,1437,Shamela0036558,113,467,636,129,95
155,1290,1437,JK000384,2,1270,1417,109,87
155,1295,1459,JK000384,8,1218,1381,118,88
155,1267,1468,JK000384,88,529,725,129,72
155,1017,1474,Sham19Y0016618,217,1264,1504,152,39
155,1295,1459,Sham19Y0132524,59,889,1052,120,91
155,1010,1459,Shamela0001438,5130,113,315,147,41
155,158,525,ShamAY0033531,3417,709,1111,202,52
155,158,525,ShamAY0033531,4600,97,499,202,52
155,1062,1204,Sham19Y0018144,2939,1245,1357,85,72
155,15,562,Sham19Y0018144,2939,704,1131,294,63
155,1010,1459,Shamela0036446,19,820,1021,145,41
155,1010,1459,Shamela0025800,93,923,1125,146,41
155,1010,1468,JK009381,10,328,551,154,41
155,1295,1459,Sham19Y0017729,42,624,788,120,90
155,800,1080,Sham19Y0017729,503,1568,1756,151,67
155,1010,1459,Shamela0023578,71,117,323,146,41
155,1017,1468,ShamAY0033581,2,872,1106,131,34
155,1010,1468,Sham19Y0020638,28,420,643,155,42
155,1,1455,Masaha001864Vols,4170,129,1573,1160,98
155,1455,1585,Masaha001864Vols,4171,1,130,105,99
155,1295,1459,Sham19Y0020591,1711,1200,1358,116,89
155,1010,1437,Shamela0006848,110,803,978,108,30
155,1295,1459,Shamela0013087,116,1305,1467,119,90
155,1295,1398,Sham19Y0016555,379,1342,1445,81,100
155,1010,1437,Sham19Y0146127,3656,1145,1337,136,40
155,1010,1437,JK000609,2,1250,1433,139,41
155,1017,1459,Shamela0011333,63,493,680,122,34
155,966,1468,Shamela0011333,64,681,946,152,37
155,1010,1459,ShamAY0033872,10,478,681,148,42
155,1017,1437,Shamela0000782,878,682,847,115,34
155,1290,1437,Sham19Y0133377,189,43,190,116,100
155,1290,1585,Sham19Y0023625,2308,661,913,173,71
155,1010,1459,JK007065,53,209,412,147,41
155,1010,1459,JK001140,39,147,351,148,41
155,629,1226,JK001140,40,6,392,262,54
155,1010,1459,Shia002394Vols,981,938,1141,147,41
155,1010,1459,Shamela0010443,36,145,348,147,41
155,1010,1459,Sham19Y0148271,1742,1188,1391,147,41
155,329,691,Sham19Y0150962,1332,24,344,258,86
155,1437,1585,Sham19Y0150962,1332,742,866,100,81
155,1017,1468,ShamAY0032870,24,176,390,145,40
156,840,1343,JK000977,49,718,1327,163,27
156,1236,1540,Sham19Y0017745,45,235,483,182,74
156,584,1212,Shamela0011244,13,20,676,151,20
156,5,313,Shamela0029677,1372,388,709,245,94
156,5,471,Sham19Y0131521,6212,85,504,318,81
156,789,1202,Sham19Y0131521,6213,515,1529,258,32
156,1244,1535,Sham19Y0131521,6214,849,1092,187,78
156,18,881,JK000201,3315,1,1011,452,45
156,1293,1544,JK000201,3318,1036,1287,203,100
156,1053,1221,JK000201,3319,159,329,129,95
156,794,1212,Sham19Y0017729,504,95,340,194,57
156,1267,1544,Sham19Y0013223,1685,580,847,194,81
156,1,1544,Masaha001864Vols,4171,130,1562,895,59
156,5,345,Sham19Y0023625,2308,913,1555,262,50
156,1221,1544,Sham19Y0018176,73,47,313,196,75
156,1,460,Sham19Y0150962,1332,866,1325,367,98
157,529,811,ShamIbadiyya0000438,1041,1274,1549,183,73
157,572,734,Sham19Y0014249,96,265,425,131,95
157,525,910,Sham19Y0017745,37,1181,1538,294,90
157,16,525,Sham19Y0017745,45,483,992,393,92
157,935,1665,Sham19Y0017745,46,339,1047,308,41
157,258,556,Sham19Y0131521,6214,1092,1346,186,78
157,945,1665,Sham19Y0131521,6215,86,766,365,57
157,566,734,Shamela0021715,294,1257,1447,134,82
157,1350,1665,Shamela0000432,4493,1158,1486,168,54
157,199,734,Shamela0005756,641,750,1264,334,72
157,529,734,Shamela0005756,646,488,701,148,77
157,364,541,Shamela0001673,1047,631,825,131,81
157,1273,1598,Shia001831Vols,15,289,563,159,54
157,525,722,Shia001831Vols,15,107,289,150,91
157,525,754,Shamela0000140,212,152,366,164,83
157,1,300,JK000201,3318,1287,1585,243,99
157,1273,1665,JK000201,3319,714,1091,299,89
157,529,747,Sham19Y0132963,251,937,1160,153,75
157,967,1106,Shamela0008514,29,12,146,94,82
157,551,916,Sham19Y0122406,124,895,1439,297,64
157,525,754,Sham19Y0132524,71,297,532,170,81
157,364,525,Sham19Y0018272,965,1467,1623,118,90
157,1,525,Sham19Y0013223,1685,847,1147,233,53
157,364,525,Sham19Y0013223,2694,178,334,121,92
157,26,1665,Masaha001864Vols,4172,1,1395,1127,83
157,551,722,Sham19Y0013252,584,964,1127,134,93
157,935,1665,Sham19Y0013252,588,200,1015,240,26
157,525,734,Sham19Y0023625,2896,234,458,150,75
157,1,318,Sham19Y0018176,73,313,582,211,81
157,956,1412,Sham19Y0008889,108,1082,1525,158,34
157,572,734,Sham19Y0008889,113,1038,1197,132,96
157,199,492,Sham19Y0013605,253,1190,1544,151,49
157,498,770,Sham19Y0013605,254,1,264,196,86
158,20,361,Sham19Y0017745,46,1051,1600,210,45
158,220,581,Sham19Y0017745,47,11,356,219,76
158,1240,1474,Sham19Y0017745,47,627,820,143,75
158,1,361,Sham19Y0131521,6215,766,1151,210,64
158,86,631,Shamela0000432,4494,1,344,235,51
158,77,467,Shamela0005756,642,461,849,287,87
158,754,1036,Shamela0005756,643,1,227,170,73
158,1122,1509,Shamela0005756,8158,202,584,307,97
158,1,503,JK000201,3319,1091,1590,401,98
158,503,1036,JK000201,3320,1,516,402,91
158,1,266,Masaha001864Vols,4172,1395,1657,213,98
158,266,1559,Masaha001864Vols,4173,1,1236,979,93
158,1,487,Sham19Y0013252,588,1015,1632,344,65
158,487,1504,Sham19Y0013252,589,1,1391,557,43
158,342,929,Shamela0021598,7410,549,1081,155,24
158,342,929,Sham19Y0008889,109,488,1004,157,25
158,1,507,Sham19Y0013605,255,1071,1550,369,88
159,50,200,Sham19Y0017745,47,990,1293,111,43
159,509,1044,Sham19Y0131521,6216,1002,1512,313,69
159,50,292,Sham19Y0131521,6216,101,558,156,42
159,644,941,Shamela0001673,1056,14,350,102,27
159,403,946,Shia001831Vols,15,767,1206,332,76
159,200,929,JK000201,3320,1032,1520,351,60
159,644,941,Sham19Y0132963,250,1013,1349,102,27
159,625,991,Sham19Y0018144,2941,15,371,254,81
159,8,292,Sham19Y0017729,504,417,587,139,58
159,1,339,Masaha001864Vols,4173,1236,1576,276,98
159,339,1510,Masaha001864Vols,4174,1,1100,863,90
159,644,941,Sham19Y0018176,75,198,518,97,27
160,1405,1582,Shamela0005756,639,897,1065,130,88
160,1391,1589,Sham19Y0013605,250,999,1184,140,85
161,485,1400,Shamela0005756,5280,1,668,490,64
161,1,913,Sham19Y0013252,585,92,1164,558,54
161,344,1652,Sham19Y0013605,251,427,1607,502,37
162,1062,1350,Sham19Y0122406,128,1049,1390,135,42
162,1027,1334,Sham19Y0132524,69,914,1356,151,38
163,389,819,JK000977,54,460,1309,129,16
163,176,612,Shamela0001727,29,627,1260,106,16
163,761,1465,Shamela0001727,30,89,422,164,28
163,1198,1465,Shamela0004473,3035,148,393,132,51
163,550,819,Sham19Y0017903,39,556,988,74,14
163,943,1465,Sham19Y0122406,132,1096,1372,119,27
163,550,819,JK000384,20,22,381,89,21
163,550,819,Sham19Y0017729,43,345,793,74,14
163,389,819,Sham19Y0020638,30,15,952,99,10
163,389,612,Sham19Y0013223,732,761,1325,81,17
163,389,819,ShamAY0033099,13,481,1421,102,10
164,179,1516,Shamela0008540,542,206,1399,557,40
164,698,978,Shamela0008540,543,1,277,182,75
164,162,477,Sham19Y0014299,189,423,665,178,69
164,162,1400,Sham19Y0131521,704,395,1204,496,46
164,690,970,Shamela0005756,596,35,311,181,77
164,1039,1516,Shamela0005756,597,1127,1465,253,65
164,1146,1273,Shamela0005922,1591,787,909,77,67
164,644,989,Shamela0000140,1689,1063,1484,163,38
164,989,1426,Shamela0000140,1690,1,653,330,60
164,179,732,JK000603,34,438,705,152,31
164,1146,1288,JK007107,51,1157,1294,81,65
164,359,1313,Sham19Y0013252,568,490,1546,465,49
164,970,1258,Sham19Y0122257,49,1278,1548,215,92
164,1249,1511,Sham19Y0122257,50,1,477,82,16
164,974,1245,Sham19Y0014601,6412,404,653,158,67
164,690,970,Sham19Y0013605,234,955,1235,183,78
165,1153,1468,Shamela0012094,265,687,1002,245,97
165,159,972,Zaydiyya0000153,82,640,1399,593,90
165,163,1095,Shamela0005756,598,358,705,258,34
165,102,865,Shamela0005756,5284,418,1165,541,85
165,1158,1468,Shamela0004473,3035,749,1062,203,69
165,1,142,Shamela0000140,1690,667,806,101,90
165,562,701,JK000603,34,1382,1523,105,91
165,701,1162,JK000603,35,1,865,309,44
165,12,1195,Sham19Y0013252,569,237,1451,632,57
165,1177,1468,Sham19Y0013252,570,10,239,146,63
165,1,1077,Sham19Y0122257,50,459,1483,655,67
165,148,1095,Sham19Y0013605,235,871,1423,281,32
166,1127,1356,Shamela0004445,2145,797,1019,166,91
166,1140,1356,Shamela0007891,7,447,661,130,70
166,1148,1356,ShamAY0033569,3,4,228,150,78
166,1144,1251,JK007054,440,951,1058,85,100
166,1140,1356,ShamAY0034041,31,434,630,140,80
166,1127,1356,Shamela0006739,52,153,376,173,93
166,1127,1261,Sham19Y0018328,104,138,266,102,95
166,1140,1352,Shamela0001719,2893,998,1208,154,87
166,1127,1356,JK010001,1867,490,690,153,83
166,1131,1356,Sham19Y0014075,888,292,490,144,78
166,1127,1356,Shia000841Vols,3335,309,532,176,97
166,1140,1285,Shamela0009200,97,1316,1457,93,74
166,1,183,Shamela0008540,544,80,248,122,80
166,7,194,Shamela0012094,265,1002,1181,136,87
166,1148,1356,Shamela0025794,2220,4,206,160,97
166,1140,1356,Shamela0025794,2316,282,512,137,68
166,1127,1293,Tafsir07055,1954,1295,1457,123,93
166,1127,1356,Shamela0009270,15,885,1094,152,82
166,1127,1331,Shamela0001727,30,1203,1402,153,95
166,1127,1356,Shamela0006446,18,966,1176,151,81
166,1140,1356,Shamela0001453,162,98,298,126,65
166,1140,1356,JK000786,3065,455,664,155,87
166,1148,1356,Sham19Y0013572,804,132,344,160,92
166,1140,1356,ShamAY0033910,440,905,1117,131,69
166,797,1066,Shamela0005756,597,17,260,134,53
166,1140,1356,Shamela0026884,2,479,674,140,81
166,1140,1356,Sham19Y0127677,4370,150,345,140,81
166,1122,1356,JK000386,280,596,829,170,85
166,1122,1364,Shamela0000894,2206,264,503,181,91
166,1122,1364,Shamela0000894,6392,4,243,181,91
166,1,209,Shamela0004473,3035,1062,1288,158,87
166,1094,1261,Shamela0004473,15356,683,871,114,68
166,1144,1356,Shamela0012884,721,992,1198,163,97
166,1140,1356,ShamAY0033973,283,990,1204,160,90
166,1140,1356,Tafsir09084,2612,238,459,164,91
166,1122,1360,Shamela0008381,1406,1193,1429,180,92
166,1140,1356,JK000130,441,1132,1344,131,69
166,1127,1356,Sham19Y0017903,57,51,269,168,92
166,1131,1356,Shamela0010826,13,333,552,170,93
166,1140,1356,Shamela0030375,1,961,1166,148,84
166,1131,1356,Shia002156,68,421,640,173,97
166,1127,1356,Shamela0004289,23,116,334,168,92
166,1148,1356,Sham19Y0020587,281,491,679,149,90
166,1140,1356,ShamAY0034282,327,722,938,161,91
166,1127,1376,Shamela0023798,534,865,1128,183,83
166,1075,1356,Sham19Y0122406,135,77,446,196,65
166,1144,1261,Shamela0010463,275,775,892,93,100
166,1144,1261,Shamela0011435,1043,1129,1246,93,100
166,1140,1356,Shamela0008473,5072,911,1129,164,92
166,1127,1356,Sham19Y0001734,72,724,928,142,78
166,1144,1310,Shamela0010480,987,1184,1350,132,100
166,1127,1261,Sham19Y0132524,77,973,1102,98,92
166,1148,1356,Sham19Y0132524,78,72,308,109,59
166,1127,1356,Shamela0001875,829,868,1082,164,90
166,1131,1261,Sham19Y0037618,631,170,294,99,95
166,1122,1261,Sham19Y0037618,5226,968,1107,110,100
166,1140,1356,Shamela0001438,6256,1209,1400,138,79
166,1148,1356,JK000381,2278,574,752,141,85
166,1127,1356,Sham19Y0018144,196,1008,1271,154,68
166,1144,1356,Shamela0036446,22,317,533,160,89
166,1127,1293,Shamela0025800,98,1316,1488,128,92
166,1131,1356,Shia003732Vols,3912,384,695,153,60
166,1140,1356,ShamAY0034005,39,535,740,145,82
166,1127,1356,Sham19Y0020638,31,1087,1305,168,92
166,1148,1356,Shamela0006222,240,58,287,122,56
166,1127,1356,Shamela0013129,17,82,300,168,92
166,1140,1356,JK000475,509,711,916,128,68
166,1140,1310,JK000475,1192,1276,1442,105,68
166,1,183,Sham19Y0013252,570,239,403,115,77
166,1127,1356,Masaha001946Vols,440,643,861,168,92
166,1140,1356,Shamela0010485,2,682,892,146,81
166,1144,1356,ShamAY0033872,11,425,631,163,97
166,1090,1356,Sham19Y0017616,65,731,980,183,83
166,1140,1356,Shamela0007767,2,1184,1399,157,87
166,1127,1356,JK007065,829,1025,1253,167,88
166,1101,1261,Shamela0012220,62,129,292,95,65
166,1127,1356,JK000853,5,544,798,157,73
166,1144,1261,Shamela0010443,128,520,637,93,100
166,1140,1273,Sham19Y0148271,173,1327,1466,102,92
166,1110,1356,Rafed0003902Vols,4913,210,441,176,87
166,1140,1356,JK000698,10,175,371,140,80
166,786,1049,Sham19Y0013605,236,562,684,65,27
166,1122,1364,Shamela0021537,3774,923,1162,181,91
167,1278,1531,Shamela0004445,2145,878,1156,128,47
167,1394,1531,Shamela0007891,7,661,777,92,84
167,1278,1531,Shamela0006739,52,239,538,124,43
167,1394,1531,Sham19Y0148486,2732,94,248,100,80
167,1398,1531,JK009390,6133,759,917,96,75
167,1265,1531,JK000977,56,757,1026,113,41
167,1394,1531,Shamela0026731,6,1107,1258,97,77
167,1398,1531,Shamela0001719,2893,1249,1479,87,43
167,1394,1531,JK010001,1867,690,827,108,100
167,1278,1531,Sham19Y0014075,888,366,606,116,52
167,1278,1531,Shia000841Vols,3335,391,669,128,47
167,1394,1531,Shamela0009200,98,518,662,106,93
167,1278,1531,Shamela0025794,2220,65,343,128,47
167,1394,1531,Shamela0025794,2316,512,632,95,87
167,1394,1531,Tafsir07055,1955,77,214,108,100
167,1394,1531,Shamela0009270,15,1094,1250,100,79
167,1394,1531,Shamela0001727,31,20,157,108,100
167,1394,1531,Shamela0006446,18,1176,1330,100,80
167,1285,1498,Shamela0001453,162,186,405,94,53
167,713,1259,Shia002702Vols,5907,316,751,280,60
167,1285,1531,JK000786,3065,539,784,113,43
167,1278,1531,Sham19Y0013572,804,203,477,125,46
167,1278,1531,ShamAY0033910,440,980,1268,108,35
167,1394,1531,Sham19Y0039268,195,876,1026,101,82
167,1394,1531,Shamela0026884,2,674,828,100,80
167,1394,1531,Sham19Y0127677,4370,345,499,100,80
167,1278,1531,JK000386,280,688,966,128,47
167,1366,1531,Shamela0001673,1099,960,1114,93,65
167,1278,1531,Shamela0012884,721,1057,1331,125,46
167,1394,1531,ShamAY0033973,283,1204,1362,104,83
167,1394,1531,Tafsir09084,2612,459,592,105,97
167,1394,1531,Sham19Y0014309,63,837,974,108,100
167,1278,1531,Sham19Y0017903,57,128,406,128,47
167,1278,1531,Shamela0010826,13,415,699,121,43
167,1278,1531,Shamela0030375,1,1026,1282,112,41
167,1273,1531,Sham19Y0032476,427,196,454,129,63
167,1278,1531,Shia002156,68,499,777,128,47
167,1278,1531,Shamela0004289,23,193,471,128,47
167,1278,1531,Sham19Y0020587,281,552,816,128,49
167,1278,1531,Sham19Y0122406,135,305,583,128,47
167,1398,1531,Shia002265Vols,148,765,917,96,78
167,1394,1531,JK000384,68,1073,1223,101,82
167,1394,1531,Shamela0022882,155,120,274,100,80
167,1394,1531,Shamela0008473,5072,1129,1262,105,97
167,1394,1531,Sham19Y0001734,72,928,1082,100,80
167,1394,1531,Sham19Y0132524,78,308,445,108,100
167,1278,1531,Shamela0001875,829,945,1219,128,48
167,1278,1531,JK000381,2278,616,889,128,48
167,756,1259,JK000603,36,14,282,161,39
167,1394,1531,Sham19Y0018144,196,1271,1391,95,87
167,748,1259,Sham19Y0018144,3013,106,410,165,37
167,1278,1531,Shamela0036446,22,396,672,128,48
167,1394,1531,Shamela0025800,99,61,198,108,100
167,1394,1531,Shia003732Vols,3912,695,833,108,99
167,1394,1531,ShamAY0034005,39,740,894,100,80
167,1278,1489,Sham19Y0020638,31,1164,1400,94,40
167,719,1259,Shamela0008476,657,5,532,420,96
167,1394,1531,Shamela0012981,1696,1108,1258,101,82
167,1278,1531,Shamela0013129,17,159,439,128,47
167,1394,1531,Shamela0003722,4920,80,196,92,84
167,1394,1531,JK000475,1193,32,183,99,80
167,1394,1531,Shia001976Vols,680,1131,1285,100,80
167,1278,1531,Masaha001946Vols,440,720,998,128,47
167,1394,1531,Sham19Y0146127,1438,302,457,100,79
167,1285,1531,Shamela0010485,2,755,1008,113,41
167,1278,1531,ShamAY0033872,11,490,768,128,47
167,1278,1531,Sham19Y0017616,65,839,1117,128,47
167,1394,1531,ShamAY0034434,149,259,413,100,80
167,1278,1531,JK007065,829,1112,1390,128,47
167,1394,1531,Kraken220414225526,222,207,349,102,91
167,435,703,Sham19Y0014601,1022,146,350,161,74
167,1394,1531,JK000853,5,798,918,95,87
167,1394,1531,Sham19Y0148271,174,82,215,105,97
167,1278,1531,Rafed0003902Vols,4913,300,578,128,47
167,1394,1531,Shamela0009311,5,794,945,97,77
167,1394,1531,JK000698,10,371,525,100,80
167,1394,1531,Shamela0030592Vols,228,60,185,99,91
168,861,1162,Shamela0003055,2779,1,291,231,94
168,819,1251,Sham19Y0127660,34,394,817,267,70
168,6,127,Shamela0006446,18,1352,1474,92,94
168,1,131,Sham19Y0013572,804,477,698,104,58
168,775,1162,Shamela0005756,771,909,1253,260,81
168,1,131,Shamela0012884,721,1331,1461,101,94
168,1,131,Tafsir09084,2612,592,726,104,97
168,1,131,Sham19Y0014309,63,974,1241,101,46
168,1,131,Shamela0022547,2715,58,281,104,58
168,1,131,Shamela0030375,1,1282,1411,100,93
168,1,131,Sham19Y0132524,78,445,579,104,97
168,809,1303,JK000603,36,359,1116,305,48
168,1,131,Shamela0036446,22,672,802,101,94
168,1,488,Sham19Y0013252,639,479,602,88,22
168,1,131,Masaha001946Vols,440,998,1132,104,97
168,187,391,Masaha001946Vols,441,1233,1437,163,100
168,837,1162,Masaha001946Vols,442,1,329,255,95
168,1,131,Kraken220414225526,222,349,570,103,57
168,510,1210,Sham19Y0013605,308,358,958,358,54
169,876,1084,Shamela0002911,109,395,588,150,91
169,911,1120,Shamela0008176,4827,1284,1462,131,79
169,911,1120,Shia003965Vols,10220,633,813,131,79
169,888,1052,Sham19Y0127677,6669,266,427,96,75
169,203,340,Sham19Y0127677,9147,854,988,100,92
169,911,1120,Shia003923Vols,448,1306,1485,131,79
169,719,1181,Shia001831Vols,16,1280,1616,267,71
169,911,1221,Shamela0000140,76,1069,1464,210,63
169,203,340,Sham19Y0122406,138,201,335,100,92
169,911,1120,Shia002265Vols,5813,498,677,131,79
169,911,1120,Shia003757,501,423,605,132,78
169,911,1120,Sham19Y0013631,569,435,612,127,77
169,340,501,Sham19Y0018144,3016,914,1085,126,90
169,911,1120,Sham19Y0018144,4840,555,734,131,79
169,911,1152,Shamela0001687,7456,297,519,140,71
169,930,1052,Shia003732Vols,3673,1042,1164,87,91
169,880,1120,Sham19Y0016782,237,131,369,184,96
169,911,1120,Shia001174Vols,1576,148,330,134,81
169,911,1120,Sham19Y0122257,2261,68,246,132,80
170,605,881,JK000603,36,1068,1350,121,50
171,523,895,Shamela0011244,40,879,1320,208,47
171,671,895,Shia001831Vols,17,290,467,145,79
172,14,320,ShamAY0034142,4,442,706,209,85
172,14,320,Sham19Y0148486,2516,977,1304,213,73
172,10,440,JK000977,59,684,1245,234,48
172,92,320,Shamela0012293,867,1236,1532,182,76
172,77,423,Shamela0012293,4859,980,1306,201,73
172,460,793,ShamAY0033975,792,985,1355,223,71
172,164,440,ShamAY0033975,793,367,665,213,86
172,277,719,Shamela0011244,17,353,610,169,48
172,595,855,Shamela0025794,1175,343,579,160,78
172,1,797,Shamela0001727,33,314,1376,564,63
172,53,440,Shamela0012750,179,206,390,136,43
172,120,392,Shamela0005756,269,1017,1276,71,20
172,53,440,Shia002158,177,1203,1375,128,41
172,120,440,Shamela0004289,10,1,479,241,62
172,595,793,Shamela0004289,32,41,225,145,91
172,1,320,Sham19Y0122406,140,977,1283,242,94
172,340,662,Sham19Y0122406,141,933,1416,218,54
172,595,793,Sham19Y0122406,142,504,729,139,73
172,38,527,JK000384,32,1,365,223,49
172,277,405,Sham19Y0132524,84,451,778,91,34
172,288,719,Shamela0036446,19,1,337,252,72
172,53,444,ShamAY0034569,722,371,557,141,45
172,120,440,Shamela0025800,93,40,393,241,82
172,86,848,Sham19Y0020638,34,451,1170,492,76
172,53,320,Sham19Y0146127,1322,889,1143,197,91
172,10,412,ShamAY0033872,12,1045,1422,205,51
172,291,793,Shamela0006700,497,388,681,92,17
172,1313,1488,Shamela0009242,439,991,1144,108,77
172,86,377,Sham19Y0017616,27,109,376,202,86
172,14,320,Zaydiyya0000229,130,693,970,203,79
172,73,691,JK007065,551,678,1216,300,51
172,100,320,Sham19Y0014325,1926,6,231,168,91
172,86,579,Shamela0021537,650,1140,1479,226,56
173,392,1218,JK000603,37,305,1497,447,43
173,1218,1352,JK000603,38,1,120,95,88
173,113,831,Sham19Y0008889,117,358,905,410,72
174,408,1167,Shia001831Vols,17,801,1168,190,32
174,51,256,Sham19Y0023625,809,910,1387,162,42
174,18,256,Sham19Y0008889,117,1187,1385,141,76
175,1205,1378,Sham19Y0131521,5099,733,889,111,74
175,1,323,Sham19Y0122406,142,1296,1479,133,51
175,1200,1378,Shamela0000791,740,1392,1572,138,94
175,1378,1517,Shamela0000791,741,1,144,105,89
176,264,581,Sham19Y0032181,357,1208,1483,160,60
176,813,1032,ShamAY0034015,6,103,418,167,64
176,665,1170,Sham19Y0131521,5099,1153,1490,249,60
176,1170,1511,Sham19Y0131521,5100,1,329,254,91
176,813,1076,Sham19Y0131521,5102,487,725,167,79
176,627,885,Sham19Y0131521,6194,769,1011,181,85
176,1080,1517,Shamela0005756,688,571,884,230,66
176,264,586,Shamela0029878BK1,275,755,1035,164,61
176,591,1064,Shia001831Vols,17,1246,1563,239,61
176,581,1056,Shamela0021660,5492,1121,1566,356,90
176,1056,1517,Shamela0021660,5493,1,467,364,98
176,264,586,JK000985,223,136,415,161,60
176,169,623,JK000603,38,287,709,221,57
176,613,1080,Shia003732Vols,2752,617,1259,236,40
176,1085,1517,Shia003732Vols,2754,731,1161,333,95
176,1089,1404,Masaha001864Vols,5650,1239,1553,238,93
176,1404,1517,Masaha001864Vols,5651,1,124,91,91
176,757,1128,Sham19Y0013252,604,1296,1633,127,32
176,1128,1517,Sham19Y0013252,605,1,274,204,65
176,823,1080,Sham19Y0023625,2051,721,1023,201,81
176,264,575,Shamela0007349,412,599,868,155,60
176,1,179,Shamela0000791,741,144,415,135,59
176,1232,1517,Sham19Y0013605,272,1207,1457,193,85
177,380,684,Shamela0008176,164,973,1218,125,47
177,1,201,Sham19Y0131521,5100,329,500,124,78
177,1097,1559,Sham19Y0131521,5100,496,930,278,71
177,1,754,Shamela0005756,688,884,1358,366,60
177,754,1403,JK000201,3321,1226,1391,111,21
177,754,1403,Sham19Y0132963,261,1290,1463,104,20
177,1,1070,Shamela0021660,5493,467,1533,859,99
177,1073,1569,Shamela0021660,5494,1,497,398,99
177,761,1559,ShamAY0033531,2642,331,647,215,33
177,761,1559,ShamAY0033531,3825,14,330,215,33
177,761,1559,JK000603,38,709,951,150,23
177,1,380,Shia003732Vols,2754,1161,1525,281,90
177,380,1050,Shia003732Vols,2755,1,654,434,73
177,1,750,Masaha001864Vols,5651,124,879,577,92
177,1,754,Sham19Y0013252,605,274,1053,425,53
177,183,691,Masaha001946Vols,588,395,849,235,48
177,225,684,Sham19Y0013605,273,1,516,292,66
178,814,1349,Shamela0009429,636,860,1127,150,34
178,1030,1290,Shamela0026803,39,1335,1604,187,77
178,1294,1605,Shamela0026803,40,8,596,199,42
178,184,375,Sham19Y0014299,218,1399,1586,123,68
178,375,572,Sham19Y0014299,219,1,200,137,75
178,911,1601,Shia003965Vols,10114,234,908,543,97
178,202,611,Sham19Y0131521,5221,243,564,222,65
178,1,1103,Shamela0021660,5494,497,1606,897,98
178,1103,1605,Shamela0021660,5495,1,504,403,99
178,814,1271,Shamela0009702,891,1259,1626,289,77
178,1271,1601,Shamela0009702,892,1,347,260,92
178,805,1095,JK000168,120,1260,1641,153,42
178,1202,1605,JK000168,121,19,397,279,86
178,184,657,JK000603,38,940,1254,175,42
178,911,1542,Rafed0003902Vols,2488,798,1412,493,96
179,124,732,JK009390,3,937,1387,227,37
179,120,295,Shamela0003055,198,1092,1288,114,72
179,120,732,Shamela0005803,174,358,501,118,23
179,120,732,JK000977,63,450,592,117,23
179,120,295,Shamela0026731,58,1245,1391,113,80
179,120,295,Shamela0012749,13,388,534,113,80
179,751,886,Sham19Y0131521,6194,1320,1454,104,97
179,139,341,Shamela0001727,34,294,545,160,79
179,359,585,Shamela0001727,34,1122,1350,181,97
179,120,732,Shamela0001727,35,834,977,118,23
179,359,585,Sham19Y0013572,424,530,757,181,98
179,124,732,Sham19Y0127677,33,780,1218,229,38
179,168,446,JK000201,3322,1047,1607,148,29
179,359,585,Shamela0004289,8,506,739,181,95
179,139,345,Shamela0004289,9,5,261,160,78
179,120,732,Shamela0004289,33,365,508,118,23
179,139,295,ShamAY0034282,1081,947,1098,117,89
179,139,295,Shamela0010906,3688,1281,1431,121,96
179,120,732,Shamela0021660,5490,753,896,118,23
179,139,341,Shamela0021660,5492,881,1132,160,79
179,1,1061,Shamela0021660,5495,504,1565,856,99
179,1061,1566,Shamela0021660,5496,1,506,408,100
179,168,732,Shamela0001975,4,16,372,198,36
179,120,732,Sham19Y0122406,148,436,579,118,23
179,151,732,Shia002265Vols,12,1,384,220,41
179,359,636,ShamAY0033555,25,382,617,182,80
179,120,295,JK000384,21,548,741,126,73
179,151,295,JK000384,23,420,560,108,93
179,139,295,JK000384,85,367,496,103,82
179,604,732,JK000384,86,201,328,96,88
179,488,682,Sham19Y0132524,88,1,481,148,37
179,363,585,Shamela0009770,597,981,1201,174,95
179,359,695,JK000603,40,1078,1430,212,70
179,363,585,Shamela0036446,23,1169,1389,175,96
179,604,732,Shamela0036446,667,40,168,103,97
179,359,585,Shamela0025800,102,214,437,176,94
179,120,732,Shamela0025800,1215,288,431,118,23
179,359,585,Sham19Y0017729,43,1225,1458,181,95
179,139,295,JK006800,8,1,150,120,95
179,139,341,Sham19Y0020638,35,45,288,161,82
179,359,1051,Sham19Y0020638,35,736,1530,369,47
179,120,732,Sham19Y0020638,36,1009,1152,118,23
179,359,585,Masaha001864Vols,3219,930,1158,181,97
179,139,736,ShamAY0033872,13,561,1116,397,76
179,359,585,Sham19Y0017616,11,176,409,181,95
179,120,732,Sham19Y0017616,17,1099,1242,118,23
179,139,523,Shamela0000782,879,823,1203,153,42
179,359,585,JK007065,405,549,776,181,98
179,120,732,JK007065,718,1057,1200,118,23
179,139,585,Shamela0009642,13,733,1420,267,47
180,1,1051,Shamela0021660,5496,506,1561,846,99
180,1051,1541,Shamela0021660,5497,1,491,392,100
180,190,423,JK000603,40,1312,1595,182,78
180,423,1023,JK000603,41,1,636,429,78
180,153,579,Sham19Y0018568,201,1051,1500,288,72
180,579,1023,Sham19Y0018568,202,1,308,193,48
180,299,511,Sham19Y0013252,608,60,217,110,62
180,1218,1360,Sham19Y0122257,58,413,561,102,87
180,755,922,Sham19Y0013605,1015,873,1026,121,90
181,759,1173,ShamAY0035035,5090,806,1068,166,46
181,1256,1391,Sham19Y0131521,5101,1454,1574,95,88
181,829,1173,Shamela0005756,679,18,236,155,55
181,829,1573,Sham19Y0127677,13726,1,282,218,35
181,1207,1562,Shia001831Vols,18,816,1036,165,57
181,327,568,JK000201,2594,1021,1532,110,21
181,568,1177,JK000201,2595,1,600,474,96
181,1260,1557,JK000201,2595,1287,1549,163,65
181,1,1085,Shamela0021660,5497,491,1573,879,99
181,1085,1573,Shamela0021660,5498,1,490,391,99
181,834,1130,Sham19Y0122406,146,947,1324,174,51
181,1066,1557,JK000603,39,258,956,190,27
181,279,1267,Sham19Y0017729,504,1087,1496,256,30
181,969,1562,Sham19Y0020638,1562,935,1099,118,24
181,754,1271,Sham19Y0013252,608,834,1534,190,26
181,1271,1573,Sham19Y0013252,609,1,328,168,53
181,546,1189,Shamela0011036,2045,337,952,292,47
181,759,1285,Sham19Y0013605,271,464,974,223,41
182,202,374,ShamAY0035035,5090,1339,1500,94,57
182,636,1085,Shamela0001727,34,618,746,81,21
182,94,620,Shamela0005756,690,808,1270,257,51
182,212,606,Shamela0005922,2707,1186,1490,208,63
182,62,374,Shia001831Vols,18,1042,1263,159,62
182,1047,1418,Shia001831Vols,18,1263,1588,243,79
182,1,202,JK000201,2596,18,260,159,82
182,276,636,JK000201,2597,1201,1516,225,75
182,636,1085,Shamela0004289,8,9,131,79,21
182,1,631,Shamela0021660,5498,490,1120,504,99
182,636,1079,Sham19Y0122406,143,1256,1379,76,20
182,1047,1453,JK000603,39,1154,1338,114,34
182,24,384,Sham19Y0018103,185,398,687,138,47
182,1,606,ShamAY0035990,500,751,1386,287,45
182,6,606,Sham19Y0013252,609,328,827,286,52
182,1,672,Shamela0011036,2043,550,974,275,50
182,62,384,Sham19Y0013605,272,142,316,129,51
183,1,576,Shamela0005756,685,998,1478,199,31
183,1,463,Shia001831Vols,19,60,230,115,31
183,1,124,JK000603,39,1357,1480,97,100
183,1,339,Sham19Y0018144,2963,57,377,188,59
183,836,1189,Shamela0009873,1864,430,562,71,24
183,15,379,Sham19Y0013252,603,1212,1472,184,62
183,772,1605,Sham19Y0013252,606,171,1116,415,43
183,734,1344,Sham19Y0017063,43,1270,1529,178,35
184,356,941,Shamela0001727,34,953,1494,89,11
184,1041,1432,Shamela0001727,35,67,399,112,27
184,636,948,Shia001831Vols,19,675,907,154,56
184,356,948,Shamela0004289,8,338,888,91,11
184,356,1432,ShamAY0033555,25,210,879,174,14
184,870,1036,JK000603,41,654,810,81,48
184,356,948,Masaha001864Vols,3219,761,1327,95,11
184,1,340,Sham19Y0013252,606,1116,1432,235,83
185,360,1028,Sham19Y0131521,6769,200,759,263,40
185,849,1199,Shamela0001727,35,275,608,186,56
185,236,1028,Shamela0005756,689,870,1436,363,54
185,1,566,Shamela0000140,1176,886,1572,343,54
185,566,1028,Shamela0000140,1177,1,472,359,95
185,126,339,JK000201,2718,1376,1602,167,89
185,339,816,JK000201,2719,1,484,381,98
185,1065,1199,Shamela0004289,33,1,139,101,93
185,40,694,Sham19Y0122406,147,734,1535,400,56
185,1028,1199,Sham19Y0122406,148,35,210,131,95
185,244,664,Sham19Y0145212,3049,258,983,258,40
185,410,718,Sham19Y0132524,91,24,341,203,71
185,109,905,Sham19Y0037618,7565,292,1170,568,78
185,469,664,Sham19Y0013631,468,1083,1268,136,83
185,366,792,Sham19Y0018272,751,1112,1514,310,90
185,197,680,JK000216,195,38,539,190,34
185,1028,1255,Shia001976Vols,1651,129,393,140,68
185,232,1028,Sham19Y0013252,610,392,975,383,57
185,197,619,Masaha001946Vols,592,1211,1618,214,53
185,872,1190,Shamela0012991,122,431,829,193,57
185,1,188,Sham19Y0023625,2130,656,914,134,66
185,876,1199,JK007065,718,497,832,129,36
186,262,471,Shamela0025846,4,174,519,110,34
186,345,471,Shamela0029878BK1,288,1,151,101,84
186,1192,1499,Shamela0021660,5491,99,406,244,99
186,262,393,JK000985,245,434,572,102,93
186,262,471,Shamela0000309,16,100,333,162,86
186,257,497,Shamela0005848,220,18,298,132,54
186,262,491,Shamela0012579,1315,445,731,153,66
186,262,471,Shamela0007349,460,1278,1517,165,86
187,847,1567,Shia001831Vols,19,948,1265,180,30
187,1,1169,Shamela0021660,5491,406,1577,946,99
187,1169,1595,Shamela0021660,5492,1,425,341,98
187,847,1117,ShamAY0033531,2644,721,889,118,51
187,847,1117,ShamAY0033531,3827,390,558,118,51
187,373,977,Sham19Y0018144,2965,56,482,192,35
187,373,1154,Shia003732Vols,2756,1227,1595,155,22
187,21,1210,Masaha001946Vols,592,198,1008,326,31
188,1259,1498,Sham19Y0013253,131,682,917,165,78
188,634,1239,Sham19Y0013253,132,146,735,416,80
188,1259,1498,Sham19Y0013253,167,602,837,165,78
188,448,1498,Shia001831Vols,20,26,583,397,46
188,1,193,Shamela0021660,5492,425,617,155,99
188,1259,1498,Sham19Y0122406,151,691,927,165,77
188,381,1074,JK000603,42,978,1518,331,55
188,1081,1518,JK000603,43,12,497,344,87
189,1,972,JK000603,43,497,1447,738,95
189,978,1260,JK000603,44,6,320,215,83
190,1334,1586,Shamela0000432,5944,963,1313,148,52
190,719,971,Shamela0005756,690,160,381,109,40
190,1315,1586,Shamela0010639,278,6,407,157,48
190,1189,1440,Masaha001864Vols,3219,377,678,144,57
190,708,1395,Masaha001864Vols,5651,1055,1584,418,72
190,1400,1586,Masaha001864Vols,5652,19,189,130,88
190,719,956,Sham19Y0013252,609,1269,1552,148,58
191,1308,1494,Shamela0001727,36,879,1162,100,45
191,137,804,Shamela0000432,5945,1,897,408,54
191,4,679,Shamela0010639,278,415,1514,410,46
191,679,853,Shamela0010639,279,153,333,133,91
191,1,1320,Masaha001864Vols,5652,189,1254,754,65
191,649,853,Sham19Y0023625,2129,1099,1463,156,53
192,509,889,Shamela0007891,871,504,911,283,84
192,578,885,Shamela0096178,47,1,223,176,71
192,538,889,JK000977,65,364,729,270,91
192,509,885,Shamela0021744,931,77,436,267,85
192,636,1005,Shamela0002386,60,366,1091,216,35
192,1103,1424,Shamela0008540,2028,1302,1545,150,50
192,908,1103,Shamela0008540,2028,582,791,143,80
192,509,885,Shamela0011428,2031,271,666,277,83
192,509,822,Shamela0001727,36,1140,1463,231,88
192,928,1131,JK007099,91,1,507,94,21
192,459,885,Shamela0009810,697,295,706,282,75
192,513,885,Shamela0012014,70,334,728,286,89
192,513,885,Shamela0012014,251,10,411,289,88
192,509,772,Shamela0012014,268,1199,1473,182,84
192,518,762,Shamela0004473,11651,885,1043,113,58
192,538,715,Shamela0004473,17305,936,1150,138,80
192,459,885,Shia001731Vols,378,1018,1429,282,75
192,495,885,Sham19Y0017903,40,199,600,285,87
192,509,800,Zaydiyya0000054,161,1229,1472,155,61
192,636,885,Shamela0004289,21,1,247,197,96
192,509,885,Sham19Y0122406,152,154,540,283,90
192,592,800,Sham19Y0016946,212,22,249,164,90
192,509,885,Sham19Y0132524,94,1106,1357,159,51
192,538,800,ShamIbadiyya0000760,420,1115,1337,137,59
192,547,842,Kraken22021606123100,46,1239,1538,224,93
192,908,1372,Sham19Y0018103,1219,372,600,151,40
192,509,800,Masaha003644,821,884,1202,212,80
192,495,885,Sham19Y0017729,44,4,405,286,88
192,934,1150,Sham19Y0017729,505,1,112,87,51
192,800,1097,Sham19Y0014224,534,665,878,160,64
192,1165,1549,Sham19Y0014224,535,615,1168,232,48
192,509,762,Sham19Y0023618,2566,1345,1540,124,55
192,571,860,Sham19Y0020638,37,1209,1509,228,94
192,538,756,ShamAY0033872,13,1326,1469,110,62
192,683,889,ShamAY0033872,14,1,210,164,97
192,538,762,Sham19Y0016599,959,1250,1420,111,56
192,509,889,Shamela0009242,1707,207,607,281,84
192,509,885,Sham19Y0017616,131,730,1132,295,90
192,538,885,Shia002119Vols,3770,504,863,271,91
192,459,885,JK007065,227,203,534,232,63
192,509,885,Sham19Y0148271,990,50,468,279,81
192,538,885,Sham19Y0148271,1946,611,978,272,91
192,509,885,Shamela0008360,269,795,1194,272,82
192,908,1367,Sham19Y0013605,1680,659,908,180,48
192,509,800,Shamela0021537,1962,320,652,211,77
192,518,762,Shamela0021537,1984,664,862,107,47
192,538,885,Shamela0021537,3481,421,860,258,73
192,513,885,Shamela0021537,3660,641,1003,265,87
193,764,1224,Sham19Y0013769,891,249,599,193,49
193,621,1168,Shamela0011334,37,353,786,182,31
193,1,1239,Shamela0008540,2029,95,1146,601,51
193,697,1168,JK007099,90,1,299,240,61
193,495,1239,Shamela0005756,5272,26,600,320,43
193,85,254,Sham19Y0014224,535,1347,1518,113,75
194,100,533,Sham19Y0013769,889,9,398,167,40
194,1332,1610,Shamela0005756,5269,414,662,157,68
194,1351,1610,Shamela0004473,4914,494,886,187,57
194,517,830,JK000603,44,1286,1458,121,46
195,881,1166,Shamela0011353,50,1145,1430,227,98
195,921,1166,Shamela0011181,20,1,236,184,92
195,1,583,Sham19Y0013769,890,945,1513,444,92
195,881,1166,Shamela0003055,2720,795,1078,225,97
195,881,1166,Shamela0003055,3277,956,1238,217,91
195,881,1166,Shamela0011380,23,977,1259,224,97
195,628,945,Shamela0001727,37,572,840,104,34
195,5,438,Shamela0005756,5269,662,1041,286,81
195,1,583,Shamela0004473,4914,886,1468,467,99
195,693,870,Shamela0000140,496,146,327,132,86
195,1,583,Sham19Y0122406,153,449,1185,435,71
195,881,1203,Sham19Y0122406,154,914,1254,244,88
195,881,1166,Kraken22021606123100,79,189,455,212,91
195,89,412,Sham19Y0018103,1219,69,269,127,45
195,881,1023,Sham19Y0147597,1797,1101,1242,114,99
195,9,688,Sham19Y0014224,533,302,994,526,94
195,881,1166,Masaha001864Vols,4167,1112,1397,231,100
195,39,789,Sham19Y0013605,1680,230,619,214,31
196,991,1550,JK000603,46,22,727,188,28
196,791,1550,ShamAY0037021,228,592,1287,438,64
197,1408,1570,Shamela0004445,3103,1021,1167,96,75
197,358,542,Shamela0011353,51,1,188,140,90
197,276,1132,Shamela0007891,877,365,931,309,41
197,416,1082,Sham19Y0017124,568,39,230,129,23
197,383,973,Shia001432Vols,36439,623,973,281,58
197,285,542,Shamela0011181,20,257,488,177,86
197,1313,1570,Sham19Y0145435,425,139,407,120,52
197,285,542,Shamela0003055,2720,1099,1341,184,87
197,285,542,Shamela0003055,3277,1256,1491,184,89
197,420,1026,Shamela0008540,1967,1009,1616,476,94
197,1026,1132,Shamela0008540,1968,1,107,84,99
197,432,1003,Sham19Y0131521,5694,867,1025,124,26
197,285,529,Shamela0011380,23,1280,1513,185,95
197,1007,1282,Sham19Y0029560,133,432,661,162,70
197,238,863,Shamela0005756,5288,963,1551,383,66
197,863,1132,Shamela0005756,5289,1,269,212,95
197,1313,1570,Shamela0009783BK1,1249,918,1186,120,52
197,420,1003,Shia003923Vols,1316,1096,1275,108,22
197,416,1098,ShamIbadiyya0000433,487,549,1172,484,85
197,383,1273,Shamela0001442,255,695,1596,706,94
197,1273,1576,Shamela0001442,256,1,272,218,89
197,420,1003,Sham19Y0013631,1897,1,173,107,21
197,1313,1570,Shamela0010283,4024,985,1244,117,52
197,420,1003,Shamela0001687,3351,1207,1386,109,22
197,413,1109,Zaydiyya0000037Vols,349,1116,1367,189,32
197,1361,1570,JK000927,3220,88,326,110,59
197,1455,1570,Masaha001864Vols,3366,1083,1197,87,95
197,1040,1576,Masaha001946Vols,594,251,701,302,68
197,264,1098,Shamela0009242,1714,826,1489,509,72
197,6,168,ShamAY0037021,228,1287,1448,116,84
197,192,562,Sham19Y0014601,2578,1090,1545,177,38
197,562,1132,Sham19Y0014601,2579,1,573,454,96
197,416,1098,Rafed0003902Vols,1693,467,1061,462,81
197,1455,1570,Shamela0023735,934,1066,1180,88,96
197,426,752,Sham19Y0150962,1329,1335,1543,166,61
197,752,1003,Sham19Y0150962,1330,1,217,172,81
198,61,1537,Shamela0011353,51,188,1152,747,61
198,460,1248,Shamela0011353,52,172,657,334,52
198,574,884,Shamela0011353,63,516,792,131,48
198,166,326,Shamela0007891,878,29,182,123,95
198,899,1422,Shamela0007891,878,294,701,288,65
198,61,318,Shia001432Vols,36439,966,1223,209,98
198,61,1368,Shamela0011181,20,488,1436,711,66
198,61,543,Shamela0003055,2720,1341,1527,152,38
198,543,1537,Shamela0003055,2721,1,748,571,70
198,794,1248,Shamela0003055,2722,1,194,146,40
198,574,884,Shamela0003055,2733,755,1063,151,52
198,100,1537,Shamela0003055,3278,1,911,701,60
198,61,430,Shamela0009918,1031,520,869,215,68
198,61,1410,Shamela0008540,1968,107,1319,937,85
198,61,1537,Shamela0011380,24,14,955,730,60
198,602,1248,Shamela0011380,25,1,374,245,47
198,68,924,Shia004518,15,803,1346,405,58
198,61,829,Shamela0005756,5289,269,991,515,80
198,692,1273,Shamela0005756,5290,1023,1539,374,76
198,1273,1410,Shamela0005756,5291,1,112,86,78
198,61,550,ShamIbadiyya0000433,487,1176,1643,341,83
198,550,1533,ShamIbadiyya0000433,488,1,838,645,81
198,68,924,Shia004519,23,938,1473,405,59
198,1,823,Shamela0001442,256,272,1546,643,61
198,823,1537,Shamela0001442,257,1,694,523,89
198,61,430,Sham19Y0016946,217,547,875,227,75
198,193,1533,Shamela0009242,1715,1,1213,913,83
198,61,678,Sham19Y0014601,2579,573,1166,477,95
198,911,1285,Sham19Y0014601,2581,340,1083,223,37
198,61,349,Rafed0003902Vols,1693,1065,1344,196,81
198,61,678,Sham19Y0150962,1330,217,721,403,79
199,1,189,Shamela0011353,51,1152,1401,141,68
199,947,1237,Shamela0007891,877,1063,1342,169,67
199,1184,1309,Shia001432Vols,11779,1435,1559,101,99
199,1309,1537,Shia001432Vols,11780,1,233,183,98
199,66,178,Sham19Y0148486,5256,326,439,86,95
199,1,189,Shamela0003055,2721,748,932,143,94
199,1,189,Shamela0003055,3278,911,1092,140,92
199,1015,1189,JK007128,15,1030,1177,79,53
199,1,189,Shamela0011380,24,955,1138,143,94
199,788,1155,Shia004518,15,1341,1592,187,61
199,1155,1537,Shia004518,16,1,358,270,88
199,1019,1189,Shamela0001000,1104,1,171,124,85
199,12,189,ShamIbadiyya0000433,488,838,975,111,77
199,935,1537,Shia004519,24,1,484,361,73
199,1,629,Shamela0001442,257,694,1503,487,73
199,720,1537,Shamela0001442,258,185,991,637,96
199,66,178,Sham19Y0146127,2852,456,568,84,93
199,12,396,Shamela0009242,1715,1213,1544,266,85
199,400,1537,Shamela0009242,1716,12,1076,826,88
199,829,1184,Sham19Y0008889,173,100,438,161,44
199,1184,1409,Rafed0003902Vols,1693,1384,1604,176,97
200,142,1069,Shamela0003055,2079,382,1602,613,60
200,178,857,Shamela0005756,5296,1,261,168,31
200,1,446,Shamela0001442,258,991,1537,338,76
200,446,1564,Shamela0001442,259,1,1546,798,63
200,908,1161,Shamela0011036,1889,1333,1507,127,58
200,1,478,Shamela0009242,1716,1076,1557,327,77
200,478,1564,Shamela0009242,1717,1,564,370,41
200,147,857,Sham19Y0013605,1632,244,544,200,34
201,229,884,Shamela0007891,878,988,1565,324,51
201,889,1332,Shamela0007891,879,1,415,328,90
201,137,1336,Shia001432Vols,11780,314,1528,964,97
201,225,1344,Shia004518,16,423,1218,608,66
201,783,1067,Shamela0011098,28,305,585,227,98
201,225,1344,Shia004519,24,549,1345,611,66
201,137,912,Shamela0001442,260,521,1607,574,62
201,912,1584,Shamela0001442,261,1,714,488,83
201,137,1113,ShamAY0035260,28,634,1606,791,99
201,1113,1332,ShamAY0035260,29,1,225,176,97
202,578,918,Sham19Y0020944,578,1,476,174,39
202,145,1012,Shamela0011353,52,735,1536,599,83
202,1012,1367,Shamela0011353,53,1,315,246,86
202,496,821,Sham19Y0123510,608,4,329,209,74
202,272,996,Shia001432Vols,23139,30,598,430,72
202,145,1508,Shamela0011181,21,101,1406,930,79
202,510,732,Sham19Y0013667,4878,1084,1316,176,91
202,830,992,Sham19Y0148486,5308,820,982,127,98
202,145,1372,Shamela0003055,2722,272,1386,855,85
202,315,732,Shamela0003055,2725,797,1186,238,65
202,145,814,Shamela0003055,3278,1138,1541,319,59
202,814,1508,Shamela0003055,3279,1,706,502,82
202,268,982,ShamAY0033975,830,572,1353,373,54
202,830,1424,Shamela0002386,79,640,1298,192,28
202,483,992,Zaydiyya0000015,1263,307,706,242,53
202,283,941,Shamela0011244,26,340,923,386,65
202,145,1367,Shamela0011380,25,452,1517,814,81
202,315,732,Shamela0011380,28,1025,1404,233,64
202,830,1095,Shamela0001727,38,541,860,153,51
202,286,882,Shamela0117359,641,639,1259,311,48
202,286,992,Sham19Y0017903,229,724,1407,307,44
202,319,732,Shamela0037559,11,640,1054,249,66
202,573,732,Masaha004231Vols,498,480,636,130,98
202,1,732,Shamela0001442,261,714,1503,389,48
202,483,872,Shamela0004289,516,694,1088,208,51
202,483,918,JK000384,109,487,972,231,46
202,519,872,ShamAY0038640,746,1008,1371,201,65
202,830,992,Sham19Y0018144,188,90,252,129,100
202,286,738,Sham19Y0017729,120,666,1130,205,37
202,483,913,Sham19Y0131336,855,646,1171,232,45
202,992,1353,Shamela0009242,446,1164,1478,220,77
202,483,732,Shamela0000782,877,632,867,179,84
202,483,732,Zaydiyya0000229,129,373,629,176,76
202,384,732,Sham19Y0023625,2856,437,896,219,54
202,483,732,Zaydiyya0000352,160,978,1234,176,76
202,483,732,Sham19Y0014601,4026,54,292,181,85
202,519,732,Sham19Y0008889,170,1037,1254,171,96
202,519,918,Rafed0003902Vols,4866,1000,1372,219,65
203,206,984,Shamela0011353,54,9,706,527,81
203,393,784,Shia001432Vols,23139,598,975,282,88
203,125,984,Shamela0011181,22,8,749,573,82
203,461,784,Sham19Y0013667,4867,60,398,242,86
203,7,667,Shamela0003055,2723,906,1505,467,85
203,667,984,Shamela0003055,2724,1,300,217,81
203,1,893,Shamela0003055,3279,706,1509,628,86
203,999,1278,Shamela0008176,4513,1255,1519,213,93
203,1278,1445,Shamela0008176,4514,1,173,121,87
203,1,547,Shamela0002386,79,1298,1540,186,41
203,611,984,Shamela0002386,80,9,231,156,53
203,10,1162,Shamela0008540,1969,444,1521,807,85
203,1162,1524,Shamela0008540,1970,1,447,251,67
203,461,984,Shamela0011244,27,14,520,300,66
203,7,476,Shamela0011380,26,1048,1492,345,89
203,476,984,Shamela0011380,27,1,505,386,92
203,1,525,JK007099,106,1300,1513,170,40
203,530,984,JK007099,107,1,374,283,77
203,393,990,Shamela0005756,5291,751,1310,410,85
203,210,348,Shamela0005756,5294,974,1114,110,97
203,999,1420,Shamela0005756,5294,1126,1557,337,97
203,7,365,Shamela0001442,262,651,1129,211,53
203,461,984,Sham19Y0122406,158,532,1240,311,50
203,1,1146,Masaha001864Vols,4168,67,1231,911,96
203,1021,1341,Shamela0011036,1891,1186,1358,102,39
203,999,1416,Shamela0009242,445,542,957,328,96
203,118,436,Shamela0009242,445,263,531,195,75
203,215,356,Sham19Y0122257,47,1444,1586,111,97
203,1070,1412,Sham19Y0122257,48,1,444,230,59
203,7,984,Shamela0000791,677,52,949,511,56
204,1,356,Shamela0008540,1970,447,619,125,42
204,876,1540,Shamela0008540,1970,626,1273,501,91
204,294,854,Shamela0008540,1971,799,1350,412,90
204,1136,1475,Sham19Y0131521,2249,904,1224,220,74
204,870,1540,Shamela0005756,5292,832,1454,478,87
204,56,854,Shamela0005756,5294,146,789,364,50
204,1104,1408,Sham19Y0017104,157,1208,1462,121,46
204,1104,1451,Sham19Y0017823,280,757,1148,109,32
204,941,1513,ShamIbadiyya0000433,487,171,419,178,38
204,886,1253,ShamAY0033531,1216,1181,1546,291,98
204,1253,1540,ShamAY0033531,1217,1,286,226,98
204,206,854,ShamAY0033531,1219,708,1305,448,83
204,1047,1374,JK000603,45,792,1064,154,55
204,870,1408,Shamela0009242,1717,941,1541,173,24
204,1408,1540,Shamela0009242,1718,1,134,103,95
204,892,1540,Sham19Y0014601,2582,8,266,204,38
205,422,932,Rafed0003793Vols,586,134,729,325,66
205,437,932,Shamela0021715,10145,11,424,263,61
205,422,900,Sham19Y0122401,1361,1010,1488,322,78
205,568,932,Sham19Y0013572,1040,16,268,155,52
205,419,900,Sham19Y0017437,1605,870,1265,243,59
205,709,932,Shamela0005756,14555,780,1018,165,87
205,419,932,Shamela0001673,10366,1007,1454,267,59
205,618,900,Shia003923Vols,160,132,301,98,45
205,667,932,Masaha003390Vols,451,1,271,196,91
205,626,932,JK009324,2879,19,284,192,76
205,422,932,Shamela0001875,1324,450,1032,324,67
205,618,900,Shamela0001687,4306,1354,1526,100,46
205,422,932,Sham19Y0123665,2722,896,1415,342,76
205,437,932,Sham19Y0013252,9909,829,1435,265,45
205,618,911,Sham19Y0122142,351,1232,1394,78,35
205,1,315,Shamela0009242,1718,134,447,242,94
205,1170,1378,Shamela0009242,1718,442,634,138,74
205,422,932,Shamela0007292,95,530,1052,345,77
205,622,900,Shamela0000791,442,1,171,94,43
206,842,1469,Shamela0008540,1971,1,548,371,68
206,1147,1534,Sham19Y0131521,2249,335,655,218,68
206,992,1141,Sham19Y0013253,168,1346,1494,110,90
206,309,816,Shia001831Vols,20,1090,1207,88,21
206,752,978,Shamela0001442,263,419,608,146,80
206,983,1171,Sham19Y0122406,157,543,763,114,61
206,1135,1500,ShamAY0033531,1216,218,574,194,55
206,752,978,Sham19Y0150639,163,539,728,146,80
206,752,967,Sham19Y0013241,1470,630,790,119,68
206,752,978,Sham19Y0014601,2582,328,641,131,47
207,182,1070,Shamela0011244,27,798,1404,421,57
207,941,1182,JK000201,4038,320,639,152,54
207,410,916,Shamela0011036,1893,37,510,384,93
207,360,916,Sham19Y0023625,2852,1051,1345,229,49
207,129,767,Sham19Y0008889,166,1073,1526,201,35
208,1321,1504,Sham19Y0020587,465,712,895,145,99
208,1321,1504,Sham19Y0122406,160,606,789,144,98
209,932,1446,JK007054,99,812,1307,391,91
209,45,257,Shamela0005756,10386,483,644,112,66
209,45,257,Shamela0005756,11575,324,465,96,57
209,932,1499,Sham19Y0122406,162,895,1430,301,62
209,45,257,Sham19Y0018103,2478,109,238,82,47
209,1,257,Sham19Y0023625,2018,739,1199,159,40
209,927,1504,Sham19Y0023625,2019,539,1135,399,77
209,41,257,Sham19Y0013605,1598,1116,1281,115,65
209,45,263,Sham19Y0013605,3047,417,583,113,65
209,45,237,Sham19Y0013605,3237,281,407,88,58
209,45,272,Sham19Y0013605,3487,1046,1197,94,53
210,1001,1365,Shamela0011334,97,887,1152,196,66
210,1146,1301,Shamela0023675,40,339,719,101,32
210,996,1365,Shamela0002386,153,1170,1527,280,93
210,1137,1315,ShamAY0034447,2157,960,1294,120,44
210,996,1421,JK007099,225,282,684,298,86
210,638,985,JK007081,189,665,997,264,92
210,455,726,Shia003732Vols,973,1349,1553,144,61
210,726,977,Shia003732Vols,974,1,247,195,96
210,1086,1301,Sham19Y0023625,2019,1043,1529,140,33
210,528,896,Sham19Y0023625,2302,417,760,260,82
210,627,985,Sham19Y0120922,499,132,491,289,98
211,1391,1567,Shamela0008176,137,1,176,140,98
211,433,1143,Shia001831Vols,21,113,471,235,39
211,1352,1567,JK000201,3354,1147,1361,171,99
211,326,1178,JK000201,3903,70,600,380,53
211,1352,1567,Shamela0021502,197,1197,1409,157,88
211,141,373,Shamela0023628,2737,17,495,105,26
211,326,926,Sham19Y0122406,162,322,863,170,26
211,326,857,JK000603,47,680,980,150,33
211,326,828,JK000665,20,396,872,381,90
211,152,1143,Masaha001946Vols,178,788,1301,264,31
211,1346,1567,ShamAY0035260,25,783,1004,177,100
211,1360,1567,Shamela0011036,2296,507,688,139,84
211,1183,1420,Rafed0000167,103,1371,1511,95,50
211,1346,1567,Sham19Y0122257,40,289,488,158,89
212,1060,1257,Shamela0006025,663,571,748,124,80
212,1,709,Shamela0008176,137,176,749,414,71
212,43,585,Shia004047,163,410,725,214,50
212,1066,1221,Shamela0009270,102,1046,1197,117,97
212,1007,1236,Shamela0001727,40,1049,1246,136,76
212,1047,1244,ShamAY0033973,15,319,515,134,86
212,1,188,JK000201,3354,1361,1550,153,98
212,188,844,JK000201,3355,1,645,507,96
212,69,709,Shamela0021502,198,7,685,318,46
212,1060,1221,Shamela0010906,5386,7,163,108,85
212,1007,1221,ShamAY0034815,439,1321,1503,134,80
212,1007,1236,Sham19Y0122406,163,726,924,135,75
212,1043,1221,Shamela0012860,205,239,434,133,88
212,1,530,ShamAY0035260,25,1004,1530,420,98
212,530,844,ShamAY0035260,26,1,316,253,99
212,1010,1221,Shamela0009076,642,21,187,119,70
212,1,555,Shamela0011036,2296,688,1168,341,74
212,116,844,Sham19Y0122257,40,770,1367,454,77
213,1020,1332,Shamela0005756,271,1165,1431,192,74
213,994,1560,Sham19Y0013253,169,134,691,414,85
213,994,1567,Shamela0021502,198,838,1386,416,88
213,1026,1395,Sham19Y0122406,163,1134,1492,292,97
213,1395,1560,Sham19Y0122406,164,1,147,112,82
213,855,994,Sham19Y0122406,4284,1145,1289,111,96
214,866,1064,Shamela0001673,9677,281,805,101,26
214,1,290,Sham19Y0013253,169,699,984,190,76
214,667,1155,Shamela0021502,199,781,1161,204,49
214,1250,1459,Shamela0021502,200,716,961,104,53
214,1,1215,Sham19Y0122406,164,155,1454,804,69
214,1146,1459,Sham19Y0122406,165,35,341,186,69
214,791,1459,Sham19Y0122257,72,878,1423,375,66
215,1203,1410,ShamAY0035955,623,465,666,148,84
215,1,167,Shamela0008176,185,723,945,108,54
215,1416,1573,Shamela0002386,33,802,914,90,70
215,740,933,Sham19Y0131521,3574,837,1034,149,94
215,1,194,JK000201,3354,472,665,144,92
215,1,219,Shamela0021502,200,1210,1421,144,79
215,488,927,Shamela0021660,195,358,505,113,32
215,1,882,Sham19Y0122406,165,341,1460,645,69
215,900,1573,Sham19Y0122406,166,5,687,447,74
215,1,279,ShamAY0035260,29,613,884,219,96
215,6,150,Shamela0009242,460,570,734,115,87
215,1169,1401,Sham19Y0023625,1316,824,1029,151,79
215,27,933,Sham19Y0122257,73,1,899,702,94
216,181,866,Shamela0029677,1865,903,1545,284,39
216,135,529,JK000201,3354,649,1016,268,82
216,1,127,Sham19Y0122406,166,687,842,98,77
216,709,974,JK000990,548,1,201,162,75
216,652,1210,JK000603,48,912,1532,408,81
216,1210,1395,JK000603,49,1,199,138,84
216,181,393,ShamAY0035260,29,891,1103,173,100
216,230,1082,Shamela0009242,460,397,1212,436,52
217,77,396,Sham19Y0122406,167,1,251,94,29
217,52,1055,JK000603,50,284,1298,619,67
217,140,882,Sham19Y0018144,3028,127,600,230,33
217,238,930,ShamAY0034176,10,144,634,195,31
218,1042,1177,JK000603,51,167,374,102,60
218,413,595,Sham19Y0023625,1057,1,158,117,80
219,17,456,Shia001831Vols,21,927,1233,171,43
219,26,456,JK000603,51,540,1003,230,57
220,1180,1527,Shamela0004445,2779,1340,1463,71,26
220,1180,1527,Shamela0001727,41,868,990,76,28
220,1180,1527,Sham19Y0013572,1335,1007,1129,76,28
220,1180,1527,JK001236,94,8,125,72,27
220,682,1568,Shamela0000140,828,119,1470,427,33
220,1180,1527,Shamela0004289,18,828,950,76,28
220,1180,1527,Sham19Y0122406,167,874,996,76,28
220,1170,1527,JK000384,28,1006,1138,78,28
220,234,601,Sham19Y0018144,200,25,160,86,29
220,1180,1527,Shamela0036446,1170,314,436,76,28
220,1180,1527,Shamela0025800,3265,983,1105,76,28
220,1180,1551,ShamAY0034005,1408,626,788,87,30
220,1180,1527,Sham19Y0020638,41,319,441,76,28
220,1180,1551,Shia001976Vols,298,1170,1323,77,26
220,239,601,Shamela0009873,1705,1230,1375,81,27
220,1180,1527,JK007065,711,291,413,76,28
220,1180,1527,JK007065,1077,987,1109,76,28
220,1180,1527,Shamela0010803,61,957,1079,76,28
221,155,356,Sham19Y0017063,1561,840,1054,166,93
222,1,217,JK001012,325,912,1155,115,59
222,1103,1245,JK000977,74,935,1056,83,70
222,111,301,Shamela0002386,26,1358,1548,146,93
222,1103,1420,Shamela0021809,1398,56,317,113,39
222,1103,1420,Shamela0025794,4299,680,941,113,39
222,1110,1462,Shamela0029878BK2,106,742,1265,127,24
222,1,115,Shamela0029878BK2,109,1143,1258,91,99
222,1103,1240,Shamela0009270,103,1253,1390,106,99
222,724,1245,Shamela0001727,42,400,733,154,38
222,1103,1245,JK000916,13243,1298,1419,84,71
222,1,111,JK000916,18755,1,111,88,100
222,1,206,Zaydiyya0000067,204,531,703,102,65
222,111,331,JK007099,46,1165,1385,171,94
222,1,120,Sham19Y0127677,11709,1054,1171,92,96
222,1103,1420,Sham19Y0127677,11710,281,542,113,39
222,111,268,Shamela0001673,5357,1273,1404,106,82
222,1103,1245,Shamela0030240,16,1185,1314,100,90
222,1,206,Sham19Y0017903,973,728,929,109,60
222,1,1216,Shia001831Vols,22,31,956,350,29
222,1103,1245,Shamela0004289,19,16,146,100,89
222,1,111,Shamela0004289,1150,130,240,88,100
222,1264,1467,Shamela0009702,82,1216,1437,134,72
222,724,1240,Sham19Y0122406,168,1217,1545,150,37
222,1,111,JK000384,33,209,322,86,92
222,1103,1245,JK000384,33,642,826,96,62
222,1,111,Sham19Y0038171,2626,408,555,88,74
222,1,111,Rafed0003571Vols,1253,390,500,88,100
222,1,206,Sham19Y0017729,487,232,433,109,60
222,1,206,Sham19Y0132415,1078,942,1095,109,67
222,1,111,Shamela0021659,1188,970,1117,88,74
222,1103,1245,ShamAY0034005,62,51,172,84,71
222,888,1245,Sham19Y0020638,42,685,915,104,38
222,1103,1245,Shamela0013066,275,528,657,100,90
222,1,120,Shamela0030586,13,1370,1484,90,94
222,1,111,JK000735,250,590,700,88,100
222,1106,1240,JK000609,3,1,122,95,90
222,1103,1245,Shamela0000782,888,230,359,100,90
222,1,294,Sham19Y0122257,78,1142,1490,176,56
222,1,111,Shamela0010443,301,590,700,88,100
222,888,1420,Sham19Y0148271,882,804,1177,137,27
223,779,990,Sham19Y0013667,4265,851,1050,110,59
223,545,730,Kraken230107021738,1437,556,853,138,58
223,541,730,Kraken220218125253,353,456,635,121,75
223,341,591,JK000532,46,460,901,124,33
223,557,793,JK000916,12399,532,1168,118,23
223,766,951,Shia000819,406,166,623,98,26
223,1311,1450,JK000201,3353,514,673,110,86
223,341,730,Shamela0009702,286,317,892,220,42
223,341,642,Sham19Y0122406,4912,683,871,124,50
223,730,1020,Sham19Y0014224,204,588,966,158,46
223,744,1028,Rafed0002489Vols,380,333,596,178,71
223,766,990,Sham19Y0018194,389,1041,1318,103,35
224,7,169,Shamela0000767,3560,525,745,111,62
224,1,177,Sham19Y0148486,4330,560,804,115,59
224,419,574,Shia003965Vols,9811,331,552,109,62
224,1,172,Shamela0001727,98,98,334,118,63
224,1,138,Shamela0030240,17,1068,1217,98,77
224,1043,1307,Shia001831Vols,22,1142,1334,142,67
224,1284,1511,Shia001831Vols,23,386,550,112,55
224,1,177,Shia001831Vols,108,757,1012,123,60
224,387,1284,JK000201,3353,700,1512,602,79
224,1,172,Shamela0004289,54,69,302,119,63
224,595,1033,Sham19Y0122406,170,41,433,283,80
224,7,172,JK000384,179,323,553,109,59
224,1,177,Sham19Y0001734,111,313,548,111,60
224,28,189,Sham19Y0018144,3226,1107,1315,104,60
224,24,172,Sham19Y0036114,458,1044,1258,89,51
224,424,579,Shamela0001687,7112,219,372,117,91
224,424,579,Shamela0028100,1031,1484,1615,105,84
224,424,579,Masaha000955Vols,1253,320,451,105,84
224,33,172,Sham19Y0017616,19,523,728,101,61
225,640,1120,Shamela0000140,844,155,566,279,67
225,939,1449,Sham19Y0122406,171,160,616,211,42
225,438,1173,Sham19Y0132524,109,163,761,192,26
225,714,1103,Sham19Y0023625,2312,438,763,223,68
225,1161,1354,Sham19Y0122257,70,1079,1278,134,75
226,1313,1468,Shamela0008176,182,1382,1536,106,79
226,121,1120,Shia001831Vols,23,842,1495,339,41
226,1120,1484,Shia001831Vols,24,1,292,200,67
226,373,725,Shamela0000140,826,520,930,208,52
226,712,1534,Shamela0000140,844,830,1290,293,44
226,1,136,Shamela0028100,851,200,329,102,91
226,1,121,Masaha000955Vols,1370,1028,1144,95,96
226,1302,1527,Sham19Y0122257,71,755,985,138,70
226,525,719,Sham19Y0122257,72,696,885,143,87
227,796,1487,Sham19Y0014299,358,452,1137,517,91
227,134,442,Sham19Y0131521,3612,881,1336,155,37
227,134,442,JK007099,40,1081,1248,114,45
227,116,821,Shia001831Vols,24,398,1260,225,23
227,905,1487,Shia001831Vols,25,1,409,260,56
227,106,1065,JK000603,54,674,1471,313,33
227,1065,1502,JK000603,55,1,457,315,82
228,753,925,JK007054,440,1253,1523,118,51
228,758,1602,Sham19Y0014299,575,719,1311,433,62
228,758,1259,Shamela0000140,1270,703,957,187,45
228,1259,1602,Shamela0009702,1071,820,1273,244,66
228,489,849,Sham19Y0122406,173,631,891,84,23
228,1263,1568,Sham19Y0013252,387,1,372,205,65
229,624,1037,Shia001432Vols,11834,157,339,102,31
229,1167,1562,Shamela0008176,209,692,995,212,63
229,6,198,Shamela0009757,57,390,672,142,63
229,1,339,Sham19Y0014299,575,1311,1552,155,50
229,1,188,Shia003965Vols,7223,50,334,136,61
229,530,1501,Shia001831Vols,26,1044,1508,287,35
229,305,937,Shamela0000140,841,737,1427,244,33
229,305,603,Shamela0000140,1270,1283,1597,179,60
229,603,1558,Shamela0000140,1271,1,1062,512,48
229,305,1037,Shamela0004289,14,130,403,161,28
229,6,179,Shamela0009702,1071,1269,1540,127,59
229,458,909,Sham19Y0122406,174,156,576,241,56
229,868,1037,Sham19Y0132524,111,179,391,68,40
229,982,1526,JK000603,55,480,1061,195,32
229,1,198,Shamela0001687,5135,50,344,146,63
229,305,1037,Sham19Y0020638,44,567,840,161,28
229,305,1037,Shamela0012062,98,152,425,161,28
229,305,1022,Shamela0023695,1007,530,788,148,26
229,1178,1344,ShamAY0038405,729,1331,1498,130,97
229,577,1125,ShamAY0038405,729,360,607,139,30
229,801,1526,Sham19Y0122257,94,623,1537,353,43
230,1080,1229,JK000977,76,1117,1417,94,39
230,317,483,ShamAY0034204BK1,199,1363,1529,133,98
230,317,500,JK000170,216,385,555,133,88
230,5,663,Shamela0000140,1271,1062,1598,256,39
230,740,1163,Shamela0000140,1272,14,376,277,79
230,533,1210,Sham19Y0122406,173,703,1451,178,19
230,1080,1229,Sham19Y0001734,1736,545,848,94,38
230,635,1058,Sham19Y0018144,3029,1,439,347,96
230,533,1058,JK000665,20,897,1423,399,90
230,1100,1229,Sham19Y0017616,16,1,287,78,34
230,1,602,Sham19Y0122257,95,45,212,91,18
231,352,1288,Shia001432Vols,11834,630,943,156,20
231,176,1288,Shamela0006739,35,649,1191,187,17
231,380,843,Shamela0008176,207,1333,1498,117,32
231,421,843,Shamela0008176,211,171,793,289,54
231,352,1288,Shia004020,169,1139,1442,181,24
231,352,1288,Sham19Y0122402,1082,673,987,188,25
231,843,1270,Sham19Y0014299,576,12,276,210,61
231,333,489,Sham19Y0131521,3560,1313,1484,115,84
231,352,1288,Shamela0001727,44,525,839,189,25
231,752,1288,Sham19Y0013572,1412,410,615,109,24
231,170,1288,Shamela0008657,292,801,1297,224,23
231,352,1288,Shia001831Vols,26,80,389,186,25
231,111,1186,Shia001831Vols,27,397,864,346,40
231,352,1288,Shamela0004289,14,712,1028,187,25
231,342,1288,Sham19Y0122406,174,744,1069,192,25
231,752,1288,Sham19Y0145212,150,605,810,111,24
231,352,1288,Sham19Y0001734,1736,827,1205,200,26
231,752,1288,Sham19Y0132524,112,29,244,112,24
231,352,1288,Shamela0036446,12,402,712,186,25
231,119,434,ShamAY0035990,187,1292,1469,136,54
231,352,1288,Shamela0025800,2583,1069,1379,185,25
231,352,1288,Shia001269,242,892,1205,156,20
231,352,1288,Shamela0010479,46,1,315,189,25
231,352,1288,Sham19Y0020638,44,1132,1447,189,25
231,352,1288,Shamela0012062,98,711,1022,184,24
231,352,1288,Sham19Y0017616,16,266,584,190,25
231,352,1288,Zaydiyya0000258,151,463,763,143,19
231,352,1288,JK007065,1110,791,1099,187,25
231,352,1288,Sham19Y0122257,95,1096,1405,183,24
231,395,832,Sham19Y0122257,96,573,961,258,71
231,352,1288,Sham19Y0148271,1397,970,1278,181,24
231,352,972,Shamela0010803,268,670,975,160,30
231,352,1288,Shamela0008360,10,956,1270,189,25
232,883,1080,Shamela0008176,211,1323,1497,130,82
232,1136,1398,Zaydiyya0000161,171,903,1287,187,60
232,883,1161,Sham19Y0122257,96,907,1210,165,66
233,1436,1603,JK007054,911,917,1061,118,86
233,1108,1603,Shamela0008176,214,1,389,294,74
233,89,583,Shia001831Vols,27,1096,1454,262,64
233,1018,1603,Sham19Y0122257,97,584,1079,395,83
234,1,209,JK007054,911,1061,1296,153,79
234,1323,1485,Sham19Y0014299,358,27,186,71,42
234,1318,1485,Sham19Y0013253,170,110,255,75,49
234,1323,1564,Shia001831Vols,28,202,447,191,97
234,1318,1560,Sham19Y0013252,821,146,386,112,47
235,1148,1481,ShamAY0034556,29,669,990,202,74
235,265,520,Shamela0007808,25,1,362,176,61
235,67,819,Shia001831Vols,28,452,830,230,37
235,213,520,Sham19Y0122406,172,396,805,212,65
235,587,875,JK000603,53,1203,1513,201,74
235,838,1319,JK000603,54,193,740,262,54
236,1,912,ShamAY0034556,29,990,1558,397,52
236,1186,1403,ShamAY0034556,30,1,221,169,93
237,239,534,Shamela0001733,3372,956,1234,61,20
237,1064,1547,JK007054,238,179,429,165,42
237,239,534,Shamela0013089,52,155,477,59,16
237,244,534,Shamela0001727,45,461,712,65,23
237,493,1101,Sham19Y0127677,14310,395,877,143,20
237,244,534,Shia001831Vols,28,1007,1261,65,23
237,538,1595,Shia001831Vols,29,290,738,289,33
237,244,534,Shamela0023100,648,652,898,59,20
237,244,529,Sham19Y0122406,176,1290,1536,61,22
237,244,529,JK000384,36,219,462,43,11
237,244,534,Shamela0026891,19,1009,1262,65,23
237,244,534,Shamela0025800,2588,526,778,67,23
237,244,534,Sham19Y0020638,45,659,910,65,23
237,244,534,Shamela0003722,4500,668,926,68,23
237,244,493,Shamela0008544,1106,944,1134,115,56
237,244,534,JK007065,251,110,363,67,23
238,45,150,Shamela0005756,12932,209,326,77,83
238,57,348,Shia001831Vols,29,738,983,183,78
238,45,500,Sham19Y0018144,3032,933,1360,303,81
238,95,300,Sham19Y0023625,2517,495,637,81,46
239,1137,1296,Sham19Y0013667,902,135,307,83,59
239,1158,1296,Shamela0008540,732,8,218,73,38
239,1016,1311,Sham19Y0131521,2210,554,1171,147,29
239,894,1011,Sham19Y0127677,7514,1065,1182,95,100
239,1115,1576,Sham19Y0014309,71,121,553,334,90
239,894,1011,Shia001831Vols,29,1391,1508,95,100
239,1016,1576,Shia001831Vols,30,106,736,404,74
239,1035,1576,JK000201,3339,14,482,367,84
239,980,1531,Sham19Y0122406,180,1,504,182,28
239,894,1311,Sham19Y0017729,506,1198,1476,212,63
239,1011,1576,Shamela0001467,43,873,1437,386,78
239,1119,1576,Sham19Y0122257,39,846,1269,329,89
240,780,1377,Shamela0005756,278,553,1025,175,32
240,368,1236,Shia001831Vols,30,782,1301,201,23
240,368,909,Sham19Y0122406,180,743,1178,209,39
240,1309,1513,JK000603,58,556,808,150,75
240,780,1049,Sham19Y0013252,421,1293,1516,103,39
240,849,1206,Sham19Y0013605,103,1084,1291,121,39
241,329,584,Sham19Y0014309,78,83,333,195,91
241,1155,1593,Sham19Y0014309,78,566,1011,355,98
241,988,1593,Shamela0000140,1233,214,801,366,64
241,1306,1593,JK000201,3330,33,320,216,90
241,974,1593,Sham19Y0122406,181,760,1448,442,77
241,1,584,JK000603,58,808,1420,448,85
241,160,826,JK009381,13,1209,1498,160,29
241,1,329,Sham19Y0017063,39,1125,1445,247,90
241,713,865,Sham19Y0017063,1698,964,1116,106,85
242,245,427,Shamela0008176,130,441,617,128,86
242,1346,1564,Shamela0008176,6247,434,611,138,77
242,1300,1583,Shamela0000432,4544,243,465,144,56
242,219,765,Shamela0005756,284,597,1147,379,79
242,293,824,Shamela0004473,14069,570,1226,351,66
242,1,725,Sham19Y0014309,78,1011,1563,427,73
242,1,204,Shamela0000140,1233,801,972,138,83
242,1337,1564,JK000201,2716,1217,1423,164,87
242,1,188,JK000201,3330,320,508,149,97
242,261,535,Shamela0006741,13,1318,1583,201,90
242,558,978,Shamela0006741,14,11,390,275,79
242,293,824,Sham19Y0001734,79,668,1324,351,66
242,245,427,Sham19Y0018103,84,1314,1485,136,93
242,245,824,JK009381,14,226,714,369,79
242,233,1480,Sham19Y0013252,423,639,1603,625,59
242,1137,1504,Shamela0011036,2154,583,875,232,76
242,1346,1564,Sham19Y0122257,2849,1234,1429,147,80
242,219,765,Sham19Y0013605,106,670,1109,318,72
243,1,179,ShamIbadiyya0000438,1231,267,444,143,98
243,179,702,ShamAY0035035,7006,731,1236,386,90
243,770,1104,Shamela0008176,6246,599,879,154,59
243,245,724,Shamela0008176,6247,8,430,296,73
243,231,702,Sham19Y0131521,6342,1153,1497,172,43
243,1104,1521,Shamela0029878BK2,108,608,1059,270,69
243,965,1405,Shamela0001727,46,726,1379,232,40
243,1,789,Shamela0000432,4544,465,1134,520,81
243,4,789,Shamela0005756,288,347,964,339,49
243,647,754,Shamela0010639,315,873,971,68,82
243,50,671,Shamela0001673,9134,703,1099,194,37
243,797,1252,Shia001831Vols,31,289,911,219,37
243,1279,1398,Shia001831Vols,32,78,195,91,98
243,1,171,Shamela0000140,1231,864,1026,131,94
243,188,760,Shamela0000140,1232,329,912,362,68
243,1197,1405,ShamAY0034230,5223,1195,1521,96,38
243,184,724,JK000201,2716,683,1211,406,90
243,1123,1405,Shamela0004289,861,347,695,189,64
243,1,179,ShamIbadiyya0000219,12,1252,1409,128,87
243,188,694,Shamela0021660,2710,697,1028,217,53
243,1123,1398,Sham19Y0122406,182,714,1167,194,54
243,647,1050,ShamAY0033531,3485,1011,1419,122,28
243,647,1050,ShamAY0033531,4668,415,823,122,28
243,226,754,JK000603,59,556,888,172,39
243,1,754,Sham19Y0018272,1143,412,1396,461,52
243,1,702,Sham19Y0013252,424,72,462,275,48
243,897,1062,Sham19Y0013252,479,331,474,89,68
243,1,765,Shamela0011036,2155,447,1222,609,96
243,647,754,Sham19Y0023625,2347,390,488,68,82
243,239,724,Sham19Y0122257,2849,787,1230,301,71
243,30,628,Sham19Y0013605,106,1,391,295,59
243,255,691,Sham19Y0013605,4306,187,371,105,30
243,179,750,Shamela0010517,263,378,963,431,91
244,459,661,JK007054,558,1,291,140,59
244,463,661,Shamela0021809,2012,1,247,125,59
244,430,661,Shamela0025794,3734,499,778,150,64
244,1,242,Shamela0029878BK2,108,1059,1300,180,89
244,430,661,Shamela0001727,47,5,286,168,75
244,430,661,Sham19Y0039268,142,548,819,157,70
244,430,1353,Shia001831Vols,32,314,1042,320,36
244,430,661,ShamAY0034230,5224,50,316,166,78
244,430,661,Shamela0004289,861,781,1068,168,74
244,430,661,Sham19Y0122406,183,797,1080,168,75
244,430,661,Sham19Y0017616,21,446,731,173,78
245,823,1051,Meshkat00057178,1995,994,1187,136,69
245,818,1491,Kraken22041319410300,36,316,1023,535,92
245,874,1441,Sham19Y0017745,106,968,1429,350,75
245,865,1051,Shia000181,143,382,617,120,63
245,696,1575,Shamela0011244,40,93,903,532,70
245,808,1051,Zaydiyya0000272,1665,376,656,141,59
245,391,596,Shamela0010639,410,1164,1463,143,59
245,447,1575,Shia001831Vols,33,26,660,485,51
245,1060,1393,Shamela0000140,270,1066,1327,162,56
245,874,1051,ShamAY0034052,983,222,416,118,75
245,391,796,Sham19Y0122406,184,221,675,268,67
245,367,704,Sham19Y0017729,505,710,986,218,80
245,1060,1339,Shia003732Vols,537,1348,1615,156,62
245,874,1060,Shamela0023578,1579,755,931,133,85
245,823,1051,Shamela0001535,3446,79,309,121,54
245,979,1399,Sham19Y0023625,1650,560,990,269,70
245,1060,1351,Sham19Y0023625,2447,1391,1592,150,63
245,874,1051,Sham19Y0020891,2886,161,355,118,75
245,478,1060,Sham19Y0122257,53,286,851,413,83
245,896,1221,Shamela0009953,190,85,345,142,44
245,1292,1462,Shamela0009953,191,1,171,141,100
245,1060,1339,Shamela0000791,687,1407,1594,143,63
246,11,235,Sham19Y0017745,107,257,494,117,62
246,997,1320,Sham19Y0131521,3500,30,291,165,60
246,1,300,Shia001831Vols,33,740,1111,198,62
246,203,722,Shia001831Vols,33,1014,1587,294,50
246,695,1363,Shia001831Vols,34,241,606,145,21
246,997,1188,Shamela0000140,501,1161,1377,115,55
246,375,722,Sham19Y0023625,1932,120,386,209,72
247,570,829,Shamela0001727,47,856,1217,176,63
247,570,1001,Shia001831Vols,33,905,1314,196,43
247,570,829,Sham19Y0122406,184,809,1170,176,63
247,294,494,Sham19Y0122406,185,466,730,153,69
247,356,494,Sham19Y0023625,1931,1319,1449,97,86
248,747,879,Shamela0011686,171,410,529,82,79
248,775,968,Kraken230107021738,319,350,555,145,87
248,754,893,Shamela0003722,6041,1184,1321,94,81
249,804,1003,JK007083,221,289,492,152,96
249,804,981,JK000021,2513,1008,1176,109,80
249,804,1019,Shamela0021629,194,261,473,154,93
249,804,1003,Shamela0008176,137,819,1017,144,94
249,804,1317,Shamela0002386,251,334,1109,291,40
249,755,1003,Shamela0001727,48,452,847,190,61
249,804,1193,Sham19Y0013572,741,748,1197,217,56
249,1099,1313,Shamela0005756,328,538,710,128,72
249,755,1003,Shia001831Vols,34,751,1146,190,61
249,949,1480,Shia001831Vols,35,1,404,241,50
249,804,1193,Shamela0006366,1467,616,896,180,56
249,755,1480,Sham19Y0122406,186,463,1307,265,29
249,804,1042,Shamela0025800,107,1163,1430,166,80
249,755,1235,Sham19Y0017729,505,1354,1553,150,38
249,804,1019,Shamela0006886,123,252,485,154,84
249,804,1193,Sham19Y0020638,48,80,692,213,38
249,804,1003,Masaha001864Vols,3004,471,674,154,97
249,1042,1505,Masaha001864Vols,5612,471,921,362,94
249,804,1003,Shamela0021766,1873,223,419,140,91
249,804,1007,Shamela0021766,3967,752,954,145,93
249,764,1003,Sham19Y0017616,19,1131,1396,174,83
249,804,1003,JK007065,784,1067,1266,152,96
249,804,1003,Sham19Y0122257,35,737,935,144,94
249,804,1284,Sham19Y0017063,40,1050,1518,284,72
249,804,1003,Shamela0008360,4,555,755,143,93
249,1042,1317,Sham19Y0013605,128,354,556,145,64
250,1348,1584,Sham19Y0020594,266,910,1132,153,80
250,1348,1461,Shamela0001727,48,1316,1428,91,99
250,367,604,Shamela0005756,314,663,818,104,53
250,403,793,Shamela0005756,321,240,553,217,64
250,15,812,Shamela0005756,330,583,1508,393,44
250,1348,1562,Sham19Y0127677,14009,900,1241,158,57
250,203,591,Sham19Y0014309,79,1257,1530,216,67
250,1348,1562,Shia001831Vols,35,632,997,165,55
250,1,203,Shia001831Vols,35,410,585,139,86
250,1,642,JK000201,3339,1125,1603,388,73
250,642,941,JK000201,3340,1,307,244,97
250,1348,1480,Sham19Y0020587,467,350,481,106,99
250,161,403,Sham19Y0122406,187,1,351,176,59
250,467,865,Sham19Y0122406,187,713,1248,264,58
250,1348,1562,Sham19Y0122406,188,197,563,165,55
250,1348,1610,Masaha001864Vols,5297,1146,1434,211,90
250,1348,1489,Masaha001864Vols,5609,1185,1325,106,94
250,1,729,Masaha001864Vols,5612,921,1623,572,95
250,729,1084,Masaha001864Vols,5613,1,349,261,89
250,15,996,Sham19Y0013252,447,201,1298,518,52
250,15,996,Sham19Y0122257,37,642,1586,600,66
250,15,220,Sham19Y0013605,128,909,1122,129,74
251,12,202,Shamela0007891,23,826,1008,142,95
251,270,682,Shamela0011244,71,637,1035,252,67
251,809,948,Sham19Y0029676,605,203,340,103,90
251,1027,1473,Shamela0001727,49,62,715,240,38
251,23,202,Shia004456Vols,1890,438,614,136,97
251,23,202,Shia004456Vols,3541,445,621,136,97
251,219,969,Shamela0005756,320,240,772,306,46
251,1280,1473,Sham19Y0127677,14011,555,857,125,51
251,23,202,Sham19Y0014309,81,1226,1398,111,70
251,1323,1513,Sham19Y0014309,82,722,1255,84,19
251,23,307,Shia001831Vols,35,1291,1522,159,65
251,313,631,Shia001831Vols,36,6,305,229,87
251,1319,1513,Shia001831Vols,36,301,579,105,47
251,270,852,Sham19Y0122406,188,1159,1546,237,48
251,852,1473,Sham19Y0122406,189,1,360,194,33
251,270,682,JK009324,24,620,965,211,58
251,270,974,Sham19Y0132524,125,89,728,208,24
251,170,747,Sham19Y0018103,94,889,1571,306,49
251,23,196,Shia001555Vols,1164,1293,1463,131,97
251,93,620,Sham19Y0018272,2267,1,463,345,80
251,115,682,Shamela0009823,289,218,529,201,43
251,1,119,Masaha001864Vols,5297,1434,1552,93,100
251,119,1419,Masaha001864Vols,5298,1,1287,981,92
251,1,184,Masaha001864Vols,5609,1348,1531,144,100
251,184,980,Masaha001864Vols,5610,1,806,628,94
251,115,957,Sham19Y0013252,442,582,1572,544,60
251,23,202,Shamela0011036,1675,336,527,140,93
251,31,202,Sham19Y0122257,35,1007,1276,123,57
251,627,948,Sham19Y0122257,36,828,1120,229,89
251,224,708,Sham19Y0017063,40,675,1002,259,65
251,224,725,Sham19Y0013605,125,1148,1580,290,67
251,725,985,Sham19Y0013605,126,1,204,155,74
252,401,507,ShamAY0035035,4728,107,331,69,39
252,106,582,Shamela0008176,6124,339,745,323,85
252,1,637,Sham19Y0017747,2320,270,886,482,93
252,45,492,Shamela0011244,31,973,1435,325,81
252,492,637,Shamela0011244,32,1,139,97,76
252,991,1357,Sham19Y0131521,3148,942,1347,209,60
252,81,456,Shamela0021590,1501,1085,1487,194,54
252,456,637,Shamela0021590,1502,1,182,142,95
252,834,1449,Shia001831Vols,36,1095,1360,153,31
252,9,443,Shia001831Vols,36,558,826,153,44
252,181,621,Shamela0000140,434,49,545,293,65
252,77,648,JK000201,3231,44,614,448,96
252,268,637,JK000603,61,120,518,257,77
252,901,1181,Sham19Y0018144,3074,1,294,225,95
252,304,643,Sham19Y0014555,866,769,1110,249,88
252,45,304,Sham19Y0014555,869,1,190,153,72
252,268,507,JK007006,1788,760,967,77,36
252,991,1357,Sham19Y0018272,937,816,1209,200,59
252,106,637,Sham19Y0013252,438,326,760,313,70
252,304,603,Sham19Y0023625,2829,1287,1500,167,70
252,230,890,Sham19Y0122257,2800,1,496,247,38
252,304,609,Sham19Y0008889,199,1043,1258,168,69
252,237,582,Sham19Y0013605,121,219,470,196,72
253,584,1361,Shamela0008176,5378,1,590,452,71
253,1,262,Sham19Y0017745,85,777,1324,187,41
253,555,740,Sham19Y0017745,87,1342,1570,130,70
253,740,1525,Sham19Y0017745,88,1,718,400,51
253,442,790,Shamela0011244,35,1,184,134,46
253,525,1570,Sham19Y0014309,2128,606,1197,318,32
253,1,672,Sham19Y0122406,190,533,1511,356,37
253,672,1590,Sham19Y0122406,191,1,1209,620,57
253,525,1415,Sham19Y0132524,129,71,1063,368,35
253,658,1107,Shamela0021751,7341,563,836,111,27
253,615,1300,Shia002119Vols,3545,665,1469,181,20
253,262,1619,Sham19Y0122257,2490,60,1123,659,52
254,5,355,Shamela0031375,17,1,348,271,94
254,552,1298,Shamela0031375,17,160,776,301,45
254,1257,1487,Sham19Y0017745,86,1276,1504,170,88
254,1,621,Shamela0011244,34,829,1330,349,67
254,1,280,Sham19Y0131521,6699,1227,1517,220,93
254,1247,1487,Shamela0010639,333,506,773,190,86
254,1,271,Shia001831Vols,37,201,393,145,66
254,943,1389,Sham19Y0014556,741,943,1547,253,45
254,852,1247,JK000603,61,518,897,246,70
254,879,1236,JK000649,34,443,807,260,86
254,1247,1389,Sham19Y0023625,2471,486,643,112,85
254,1,263,Sham19Y0122257,2490,1123,1357,171,80
254,1257,1487,Sham19Y0008889,209,532,756,170,91
254,857,1062,Shamela0010443,157,1275,1494,139,72
254,1257,1445,Shamela0009953,114,925,1162,127,59
255,10,338,Sham19Y0017745,87,1,310,243,92
255,397,651,Shamela0097928,487,833,1079,178,81
255,1340,1517,Shamela0008540,1481,563,739,114,75
255,1135,1283,Shamela0011244,56,541,835,70,29
255,378,662,Sham19Y0014299,576,1244,1539,210,87
255,1340,1517,Sham19Y0131521,1691,123,299,114,75
255,1122,1283,Shamela0001727,50,775,1092,124,48
255,1,202,Shamela0010639,333,773,971,159,98
255,1122,1283,Sham19Y0127677,11502,105,257,72,57
255,1233,1522,Sham19Y0014309,152,1223,1382,124,52
255,705,1279,Shia001831Vols,37,393,1247,188,19
255,1122,1522,Sham19Y0122406,192,376,1045,285,51
255,404,761,Sham19Y0018144,3085,1,403,223,63
255,1,202,Sham19Y0023625,2472,527,725,159,98
255,1,196,Shia002185Vols,2343,50,266,141,81
255,1,338,Sham19Y0008889,209,756,1005,189,69
255,1,202,Shamela0009953,115,765,966,151,91
256,648,814,JK000977,88,105,275,129,94
256,54,428,Shamela0008540,1481,1127,1491,196,50
256,544,1457,Shamela0008540,1482,35,715,524,72
256,423,1422,Shamela0011244,56,604,1487,492,56
256,648,814,Shamela0025794,2050,615,800,127,87
256,648,814,Sham19Y0036110,45,930,1096,131,100
256,711,1457,Sham19Y0036110,46,150,849,463,73
256,648,814,Sham19Y0014579,1465,586,739,114,83
256,648,1246,Shamela0009059BK3,2090,84,516,312,64
256,648,814,Shamela0001727,50,1087,1253,131,100
256,658,814,Sham19Y0035453,7,1,157,123,100
256,648,814,Sham19Y0014309,152,293,466,131,95
256,326,603,Sham19Y0014309,153,258,394,83,38
256,667,921,Shia001831Vols,37,994,1485,177,44
256,921,1457,Shia001831Vols,38,1,265,185,44
256,60,320,JK000201,2901,1276,1550,196,85
256,648,814,Shamela0004289,26,332,501,131,98
256,648,786,Shamela0021660,4907,349,493,106,93
256,54,279,Sham19Y0122406,192,1227,1453,183,99
256,304,632,Sham19Y0122406,193,674,995,210,76
256,648,814,ShamAY0000351,117,1342,1508,131,100
256,648,814,ShamAY0000351,139,446,612,131,100
256,648,814,Sham19Y0001734,142,371,557,117,78
256,648,814,Shamela0025800,145,718,883,130,99
256,648,814,Zaydiyya0000037Vols,506,110,276,129,98
256,648,786,JK000216,439,675,819,106,93
256,648,814,JK000022,3588,898,1080,126,86
256,648,814,Sham19Y0017616,21,1213,1379,131,100
256,648,759,Sham19Y0133377,75,7,118,87,100
256,648,1457,Sham19Y0008889,378,67,938,363,43
256,648,814,Sham19Y0017442,230,1230,1397,130,98
257,269,1471,Shamela0008176,6320,1,586,393,40
257,653,912,Shamela0008176,6327,942,1189,183,84
257,1,1225,Sham19Y0017745,164,191,1506,591,43
257,1,1083,Shamela0008540,1482,715,1473,564,63
257,1,1488,Shamela0011244,57,40,1118,741,59
257,1,381,Sham19Y0036110,46,849,1167,229,70
257,963,1225,Sham19Y0036110,83,1266,1529,204,99
257,263,584,Sham19Y0036110,87,410,793,206,59
257,963,1242,Sham19Y0035453,10,33,211,125,53
257,273,1488,Sham19Y0014309,150,137,1069,688,69
257,596,946,Shia001831Vols,38,695,985,205,72
257,1272,1382,Sham19Y0096918,486,175,285,89,100
257,653,912,JK000201,2899,1094,1333,183,87
257,807,1099,ShamIbadiyya0000220,126,207,708,161,39
257,205,1449,ShamAY0000351,207,264,1519,997,99
257,1242,1437,Sham19Y0149697,3626,388,553,131,83
257,630,912,ShamAY0033531,3151,14,327,220,87
257,957,1382,ShamAY0033531,3152,1184,1535,275,81
257,596,912,ShamAY0033531,4333,1158,1571,247,74
257,957,1428,ShamAY0033531,4335,868,1253,303,81
257,963,1091,Sham19Y0018272,684,1351,1479,102,100
257,256,1471,Sham19Y0023625,2422,760,1443,507,51
257,356,1471,Sham19Y0122257,2879,1,530,358,40
257,653,912,Sham19Y0122257,2883,224,479,199,94
257,1,131,Sham19Y0008889,378,938,1068,103,96
258,1168,1383,Shamela0003055,880,6,211,150,85
258,50,1050,Shamela0008176,6320,593,1391,585,68
258,50,406,Shamela0008540,1483,17,249,179,62
258,38,745,Shamela0011244,57,1102,1504,276,47
258,754,1255,Shamela0011244,58,1,462,349,82
258,1364,1608,Sham19Y0036110,187,41,255,153,71
258,310,915,Sham19Y0029676,388,981,1595,494,96
258,38,363,Sham19Y0035453,13,840,1248,226,66
258,664,1058,Sham19Y0035453,72,1138,1479,193,53
258,38,527,Sham19Y0014309,150,1053,1532,377,94
258,38,363,ShamAY0035131,58,116,454,246,88
258,275,1347,Shamela0006136,36,557,1446,462,45
258,38,310,ShamIbadiyya0000220,106,87,365,213,96
258,310,652,ShamAY0000351,144,178,520,285,100
258,659,1210,ShamAY0000351,160,1042,1593,450,100
258,1210,1347,ShamAY0000351,161,1,138,109,100
258,1,1548,ShamAY0000351,208,73,1620,1261,100
258,50,363,ShamAY0033531,3153,29,330,233,92
258,50,356,ShamAY0033531,4335,1253,1547,227,91
258,50,1015,Sham19Y0036128,9,847,1548,355,39
258,1,641,ShamAY0034251BK3,3028,1001,1440,298,54
258,664,1612,ShamAY0034251BK3,3029,19,839,532,63
258,949,1347,Sham19Y0014580,2691,1,604,167,30
258,141,1023,Sham19Y0023625,2423,1,952,571,67
258,50,1050,Sham19Y0122257,2879,537,1325,584,69
259,110,246,Shamela0003055,880,254,392,95,81
259,402,1434,Shamela0003055,4124,440,1208,560,64
259,402,637,Shamela0003055,4129,1210,1685,178,45
259,637,1440,Shamela0003055,4130,1,808,445,58
259,255,1180,Shamela0003055,4192,639,1600,502,51
259,1186,1566,Shamela0003055,4193,1,396,223,59
259,110,827,Sham19Y0017745,165,419,1016,382,61
259,222,1603,Shamela0011244,58,483,1291,581,51
259,670,833,Sham19Y0036110,77,390,558,124,87
259,562,838,Sham19Y0036110,81,1155,1447,206,85
259,227,555,Sham19Y0036110,134,1165,1445,206,75
259,1067,1428,Sham19Y0036110,135,1,345,259,86
259,251,1452,Sham19Y0029676,389,49,1188,890,89
259,227,1603,Sham19Y0014309,151,137,1150,776,68
259,222,583,JK000201,2902,1237,1599,276,91
259,583,746,JK000201,2903,1,172,128,94
259,79,216,ShamAY0000351,43,1305,1442,104,96
259,1,1496,ShamAY0000351,209,65,1583,1206,97
259,240,1304,ShamAY0033531,3153,474,1192,555,64
259,240,1304,ShamAY0033531,4336,152,870,555,64
259,227,530,Shia001976Vols,1590,1138,1438,233,93
259,530,1445,Shia001976Vols,1591,1,962,723,91
259,1071,1256,Sham19Y0133377,74,332,472,109,74
259,227,530,Sham19Y0023625,2423,1302,1604,237,95
259,530,1174,Sham19Y0023625,2424,1,354,265,50
259,317,1396,Sham19Y0008889,377,1,959,451,40
259,79,216,Shamela0010517,2920,1403,1540,104,96
260,607,863,Sham19Y0017745,166,986,1222,163,79
260,1,227,Shamela0011244,58,1291,1525,156,80
260,1139,1332,Sham19Y0036110,46,1296,1469,128,80
260,621,878,Sham19Y0036110,48,167,417,186,86
260,875,1139,Sham19Y0036110,310,428,634,153,71
260,1135,1350,Shamela0009059BK3,2090,939,1155,170,99
260,104,333,Shamela0009059BK3,2091,164,393,182,100
260,99,322,Sham19Y0014309,151,1153,1377,163,88
260,592,928,Sham19Y0014309,154,1139,1466,251,88
260,690,1502,Sham19Y0122406,194,401,1331,573,75
260,642,863,ShamAY0000351,147,1311,1532,168,94
260,1,1420,ShamAY0000351,210,108,1525,1133,99
260,1,286,Sham19Y0023625,2424,1226,1494,203,90
260,1,539,Sham19Y0122257,2879,1383,1542,122,28
260,726,1502,Shamela0010517,2381,1,770,610,98
261,765,1174,JK007054,237,30,489,218,52
261,691,1295,JK000196,7006,72,678,472,94
261,830,1288,Shamela0010526,25,148,857,288,47
261,62,586,Sham19Y0017745,166,1273,1504,180,43
261,586,1017,Sham19Y0017745,167,1,264,178,50
261,575,1017,Shamela0011244,59,222,512,197,53
261,128,696,Shamela0009059BK3,2091,1084,1485,244,45
261,696,1295,Shamela0009059BK3,2092,1,605,472,95
261,761,1099,Shamela0022881,276,378,763,246,74
261,761,1295,Sham19Y0036111,72,614,1459,399,57
261,708,1295,Sham19Y0035453,17,524,1104,448,93
261,761,1024,MMS00034,71,1285,1554,205,95
261,1024,1295,MMS00034,72,1,541,194,43
261,575,1149,Shamela0006136,37,385,778,255,52
261,285,474,ShamIbadiyya0000220,136,731,914,126,77
261,1,115,Sham19Y0122406,194,1331,1445,93,100
261,708,1295,ShamAY0000351,41,649,1250,447,92
261,145,322,ShamAY0000351,148,999,1178,142,98
261,691,1295,ShamAY0000351,155,571,1177,486,99
261,1,1458,ShamAY0000351,211,83,1544,1176,99
261,833,1303,Sham19Y0149697,3913,1215,1464,184,48
261,872,1255,Shamela0010283,1405,310,752,270,73
261,191,696,Shamela0021611,758,1167,1462,173,38
261,761,1099,Shamela0022877,239,877,1251,249,81
261,575,992,Sham19Y0036128,10,322,543,129,38
261,595,1149,ShamAY0034251BK3,3030,1,367,246,52
261,145,571,Sham19Y0133377,38,265,623,269,79
261,172,331,Sham19Y0133377,172,748,908,119,93
261,145,571,Sham19Y0008889,372,1094,1452,269,79
261,749,1295,Shamela0009059BK2,7010,1,548,427,94
261,1,119,Shamela0010517,2381,770,888,93,97
262,282,626,Shamela0006850,28,144,462,239,87
262,349,622,ShamAY0034059,7143,516,788,217,99
262,279,622,JK006875,29,478,858,272,90
262,279,650,JK000021,2154,529,887,258,82
262,188,635,Shamela0008206,14,782,1243,260,65
262,279,622,ShamAY0038329,833,131,454,248,91
262,279,622,Sham19Y0020583,1040,65,486,257,76
262,326,626,Zaydiyya0000388,36,663,963,234,96
262,381,626,Shamela0000767,28,1,246,197,100
262,188,654,Shamela0000767,3358,684,1230,318,73
262,188,622,Sham19Y0148486,6392,184,619,314,88
262,279,583,ShamAY0036481,5,1174,1477,234,95
262,316,622,ShamAY0036481,36,504,806,241,98
262,294,622,Shamela0006610,1166,497,786,230,88
262,279,763,JK009390,1908,559,975,264,66
262,316,667,Shamela0003055,367,70,392,249,88
262,294,622,Shamela0003055,2029,882,1202,247,93
262,279,622,Shamela0003055,2535,639,1019,272,90
262,326,626,Shamela0003055,4329,824,1116,218,86
262,294,622,Shamela0008176,443,564,894,253,95
262,188,389,JK000977,88,1211,1401,140,91
262,282,667,JK006874,34,335,739,277,86
262,279,708,JK000873,3,509,954,290,78
262,294,622,Shamela0008353,887,769,1096,260,99
262,188,428,Shamela0025794,881,1185,1439,174,84
262,282,853,Sham19Y0036110,52,469,1007,415,89
262,294,476,Shamela0025791,213,1399,1570,130,90
262,154,1065,Shamela0001727,51,158,1108,578,69
262,188,476,JK000916,13504,1207,1478,196,84
262,300,626,JK000098,118,280,610,257,98
262,188,699,Shamela0012750,327,766,1253,341,79
262,267,622,Shamela0003118,4036,363,730,254,82
262,316,626,Sham19Y0020868,17,1132,1388,140,47
262,282,626,Sham19Y0020868,30,719,1027,245,89
262,260,853,Sham19Y0013572,270,914,1476,409,82
262,267,469,Zaydiyya0000039,943,1226,1427,134,80
262,294,708,Shamela0012014,62,197,613,258,72
262,282,635,Sham19Y0127677,1925,308,677,239,73
262,326,738,Shamela0000894,1432,11,358,252,77
262,1198,1416,JK009329,6,377,619,85,42
262,316,622,Shamela0004473,591,9,311,241,98
262,316,622,Shamela0004473,2887,1143,1441,223,90
262,326,626,Shamela0004473,3433,137,430,219,86
262,321,622,Shamela0004473,6353,426,720,211,80
262,294,622,Shamela0004473,10568,591,916,259,98
262,282,622,Shamela0004473,13936,1196,1523,260,96
262,279,622,Shamela0006947,17161,511,854,272,100
262,279,593,Sham19Y0035453,5,1193,1538,248,90
262,294,622,Shamela0007266,150,720,1049,259,99
262,294,622,Sham19Y0014309,156,190,525,256,94
262,279,708,Shamela0010541,5,11,428,269,72
262,294,622,Shamela0003874,65,627,939,240,92
262,1,279,Shia001831Vols,38,1110,1482,135,48
262,279,1065,Shia001831Vols,39,1,828,489,65
262,294,626,Shamela0036543,2158,227,550,250,93
262,330,626,ShamAY0033523,529,1,297,231,97
262,260,684,Zaydiyya0000061,1627,922,1325,285,83
262,154,1065,Shamela0004289,35,591,1441,560,76
262,1,622,Shamela0004289,952,447,1048,312,49
262,349,622,Sham19Y0020587,460,456,729,217,99
262,279,553,Shamela0001449,4,1366,1622,200,90
262,335,622,Sham19Y0122406,195,1,288,229,100
262,622,853,Sham19Y0122406,195,1015,1202,150,80
262,279,622,ShamAY0000351,140,504,834,262,96
262,191,1065,JK000384,103,1,881,524,66
262,1,104,Sham19Y0001734,142,815,922,80,96
262,330,622,Sham19Y0132524,132,541,886,220,79
262,349,635,Shamela0001438,3429,768,1063,221,93
262,279,622,JK000381,2564,1189,1518,261,95
262,60,892,JK000603,62,1,738,521,76
262,154,853,Sham19Y0018144,220,174,842,472,81
262,282,853,Shamela0025800,146,86,606,411,89
262,291,622,Zaydiyya0000035,32,1151,1473,245,92
262,349,622,Shamela0021659,1132,334,607,215,98
262,188,510,ShamAY0034005,22,865,1193,235,87
262,355,622,Shamela0012027,317,1,269,211,98
262,279,622,Sham19Y0020638,50,224,559,260,93
262,294,622,Sham19Y0013223,868,731,1058,260,99
262,191,503,Masaha001864Vols,3328,1175,1500,241,93
262,503,1065,Masaha001864Vols,3329,1,525,324,63
262,279,500,Shamela0001467,40,1318,1597,169,75
262,349,622,Sham19Y0018568,227,589,863,217,99
262,279,626,ShamAY0035960,529,369,703,260,94
262,188,622,Sham19Y0146127,3535,776,1194,306,86
262,279,469,Shamela0021654,1328,736,1167,144,42
262,282,853,Sham19Y0017616,22,1,549,419,88
262,622,1065,Shamela0000956,955,516,781,158,41
262,294,622,Shamela0001395,75,561,891,255,96
262,260,887,JK007065,121,648,1227,415,80
262,64,622,Shamela0010443,447,351,977,285,46
262,188,510,Sham19Y0148271,1287,1142,1473,233,85
262,188,630,JK000698,121,512,947,319,90
262,282,622,Shamela0008360,34,1129,1458,260,95
262,389,622,Shamela0021537,793,1,234,187,99
262,294,622,Shamela0021537,834,165,494,256,96
262,279,622,Shamela0021537,1338,196,539,263,95
262,304,667,Shamela0021537,1689,871,1252,251,81
262,304,667,Shamela0021537,4334,75,456,251,81
262,279,622,Shamela0021537,6085,370,713,263,95
262,294,622,Shamela0021537,6092,403,732,256,96
262,300,622,Shamela0021537,6099,1,323,241,91
262,294,622,Shamela0021537,6146,341,668,244,90
263,1174,1476,Sham19Y0014309,156,652,902,174,68
263,590,1040,Shia001831Vols,39,1091,1461,194,51
263,1127,1339,Shamela0000140,439,1320,1536,133,74
263,64,384,Sham19Y0122406,196,110,431,194,69
263,263,1060,JK000603,63,599,1361,484,69
263,294,763,Sham19Y0018144,3089,1025,1489,270,68
263,1164,1476,Sham19Y0017063,85,177,448,197,75
264,1105,1267,Shamela0007891,2439,1351,1519,118,84
264,1431,1623,JK007054,966,1038,1278,129,65
264,1105,1267,Shia001432Vols,20687,1339,1506,118,84
264,1354,1529,Shamela0006549,18,766,955,132,80
264,1120,1623,JK009390,1044,378,722,139,26
264,1304,1529,Shamela0008176,7960,606,895,155,65
264,1281,1623,JK000977,90,283,1319,233,27
264,1105,1267,JK000110,830,818,987,118,83
264,1105,1271,ShamIbadiyya0000279,151,668,1142,131,34
264,1304,1529,Shamela0025794,1632,1104,1282,132,70
264,1105,1267,Shamela0025794,4219,278,452,125,89
264,259,560,Sham19Y0036110,53,208,398,123,49
264,1135,1312,JK007128,360,554,727,113,71
264,1105,1291,Sham19Y0016684,1298,1189,1394,119,67
264,1105,1623,Shamela0001727,52,63,1239,384,40
264,1116,1271,Shamela0003118,4168,6,175,122,89
264,1105,1267,JK000786,3369,545,684,92,65
264,1116,1623,Sham19Y0013572,947,130,1066,226,24
264,1105,1267,Shamela0005756,9573,1429,1595,117,83
264,1159,1623,Sham19Y0127677,1078,693,972,134,28
264,1105,1267,Sham19Y0127677,5409,903,1082,123,85
264,1105,1267,Sham19Y0127677,6731,1076,1240,130,98
264,1045,1267,Sham19Y0127677,6733,234,440,144,79
264,1105,1267,Sham19Y0127677,6749,1412,1576,130,98
264,1105,1619,JK000482,361,411,990,212,34
264,1277,1623,Shamela0022547,330,849,1321,107,18
264,1105,1267,ShamIbadiyya0000075,352,568,734,125,90
264,1032,1312,Shia001831Vols,40,487,968,184,46
264,1105,1267,Shia002218Vols,429,407,570,126,96
264,13,243,Shamela0000140,440,628,854,174,90
264,1105,1623,Shamela0004289,39,1,410,189,33
264,1162,1623,Shamela0001975,416,1264,1542,136,29
264,745,1267,Sham19Y0122406,196,722,1455,235,33
264,1140,1623,Sham19Y0122406,197,17,346,203,47
264,1277,1623,Sham19Y0122406,200,165,1069,253,34
264,1105,1267,Shia002265Vols,4637,456,617,121,90
264,1304,1529,Shamela0011404,278,210,377,125,67
264,1105,1623,JK000384,187,514,1066,174,25
264,1354,1529,JK000384,189,391,558,137,94
264,1105,1344,Sham19Y0016946,467,620,876,135,58
264,880,1045,JK000168,110,57,201,112,84
264,1105,1235,Shamela0001438,7466,1311,1461,98,82
264,1105,1267,Sham19Y0018106,2317,892,1061,118,83
264,642,996,JK000603,63,143,538,184,45
264,1179,1586,JK000603,64,1,435,274,76
264,1105,1623,Sham19Y0018144,236,1,672,170,21
264,243,580,Sham19Y0018144,3088,1250,1614,250,83
264,1105,1267,Sham19Y0018103,2211,1375,1544,118,83
264,1105,1267,Shamela0026891,13,22,185,130,98
264,1116,1623,Shamela0025800,2578,60,500,182,33
264,1431,1623,Shamela0025800,2747,678,994,142,54
264,1459,1623,Shamela0025800,3021,516,682,115,75
264,1105,1267,Shamela0096283,258,128,296,118,84
264,1155,1623,Shamela0021659,517,309,683,133,24
264,1105,1267,ShamAY0034005,1491,840,1005,101,65
264,1045,1344,ShamAY0035950,814,292,426,94,39
264,1105,1623,Shamela0012027,484,902,1356,281,61
264,1105,1267,Shamela0012027,516,806,967,129,98
264,1191,1623,Sham19Y0020638,51,1,665,299,54
264,1191,1592,Masaha001864Vols,5654,159,579,68,11
264,1116,1291,Sham19Y0123665,216,636,825,128,85
264,1105,1267,Sham19Y0013252,5782,496,665,118,83
264,1105,1267,Sham19Y0013252,5784,521,690,118,83
264,898,1049,Shamela0012052,2483,1157,1294,104,83
264,1105,1267,JK007065,289,1140,1298,125,94
264,1291,1623,JK007065,910,1,337,96,21
264,1105,1267,Sham19Y0018176,1214,1056,1225,118,83
264,1105,1267,Sham19Y0148271,1642,1124,1297,124,88
264,1105,1267,Sham19Y0013605,2769,478,647,111,74
265,530,748,Shamela0007562,313,922,1096,113,64
265,499,985,Shamela0007891,2439,489,894,207,46
265,523,1013,Shamela0008176,7578,844,1115,181,46
265,523,748,Shamela0008176,7959,24,320,137,57
265,475,1291,ShamIbadiyya0000279,152,680,1299,449,66
265,392,748,JK007128,360,763,1045,154,46
265,368,971,Shamela0021715,5214,1144,1579,305,60
265,392,1558,Sham19Y0016684,1299,47,865,472,46
265,24,177,Shamela0001727,53,456,1064,100,19
265,24,177,Sham19Y0039268,231,491,1013,114,26
265,336,1554,Shamela0005756,9949,548,1428,617,62
265,384,1003,Shamela0001673,6428,710,1005,179,35
265,392,841,Shia003895Vols,176,525,1155,223,39
265,603,1291,ShamIbadiyya0000433,84,1,494,358,62
265,638,1544,Shia001831Vols,40,973,1421,281,38
265,14,1306,JK000201,2994,289,1564,852,74
265,1306,1558,JK000201,2995,1,253,201,99
265,24,177,Sham19Y0122406,197,380,555,103,63
265,523,779,Sham19Y0145212,3875,1263,1520,121,51
265,523,985,Sham19Y0013631,2414,1236,1525,140,35
265,957,1291,Sham19Y0013631,2819,1164,1352,122,45
265,14,1471,JK000603,64,211,1571,937,73
265,523,743,Shamela0001687,8625,894,1212,131,50
265,24,177,Shamela0012027,485,137,341,118,70
265,14,180,Sham19Y0020638,51,1005,1220,118,67
265,392,824,Sham19Y0016782,949,486,881,174,40
265,392,748,JK001211,129,1009,1367,152,42
265,668,1558,Sham19Y0013252,5786,100,1012,478,53
265,504,734,Shia001174Vols,4466,461,602,88,47
265,526,985,Sham19Y0016976,1939,870,1223,194,48
265,523,748,Sham19Y0020891,6930,930,1131,126,69
265,384,1389,Sham19Y0150962,1222,1,706,253,27
266,302,516,ShamAY0034059,1372,785,1047,137,62
266,778,1267,ShamAY0034556,29,289,769,379,95
266,308,513,Shamela0008176,7578,1156,1393,124,63
266,1232,1586,Sham19Y0014299,577,367,698,246,83
266,875,1052,Sham19Y0014592,670,784,969,138,85
266,878,1041,Shamela0021715,852,150,308,127,92
266,20,541,Shamela0021715,5214,699,1132,322,75
266,417,1143,Shamela0021715,5537,538,980,250,41
266,1,560,Sham19Y0016684,1299,865,1326,348,77
266,783,1143,Shamela0005756,2185,422,720,227,75
266,1,402,Shamela0005756,9949,1424,1597,130,40
266,402,1221,Shamela0005756,9950,1,521,373,54
266,862,1064,Shamela0005756,11103,972,1164,153,92
266,755,1064,Sham19Y0127677,6771,175,464,207,77
266,783,1041,Shamela0004473,4654,210,398,152,70
266,1,622,Sham19Y0122096,174,154,673,380,76
266,838,1041,Sham19Y0122096,175,746,921,133,79
266,783,1059,Sham19Y0122096,1946,95,353,198,82
266,13,516,Shia001831Vols,40,1421,1575,119,30
266,790,1199,Shia001831Vols,41,785,1157,282,82
266,1,560,JK000201,2995,253,788,425,94
266,447,1236,JK000201,4493,353,1055,448,65
266,842,1059,Shamela0021660,2692,1,204,158,84
266,308,516,Sham19Y0145212,3698,572,760,129,77
266,1,1167,JK000603,65,83,1569,866,69
266,1167,1467,JK000603,66,1,312,205,73
266,778,1064,Sham19Y0013252,1229,1354,1589,183,74
266,1,571,Sham19Y0013252,5786,1012,1494,363,79
266,851,1267,Masaha001946Vols,736,470,854,244,72
266,783,1059,JK010766,13,406,665,197,86
266,862,1447,Sham19Y0017063,1652,1,353,283,59
266,111,592,Sham19Y0150962,1222,619,1075,363,94
267,1063,1481,Shia001432Vols,20688,16,262,163,48
267,934,1500,Shamela0021715,5215,219,832,290,48
267,139,291,Shamela0005756,11103,474,617,112,92
267,1044,1495,Shamela0008381,695,1044,1463,341,92
267,114,477,Sham19Y0122096,175,215,457,169,53
267,90,440,Shia001831Vols,41,1291,1598,154,42
267,1293,1643,Shia001831Vols,42,236,537,209,67
267,724,857,JK000201,2996,1,134,109,100
267,109,458,JK000201,4492,186,591,281,83
267,1323,1481,Sham19Y0013631,1748,591,722,106,82
267,69,1279,JK000603,66,359,1628,894,80
267,1279,1656,JK000603,67,1,363,278,89
267,669,997,Sham19Y0018144,3133,224,542,167,47
267,1044,1495,Shamela0012027,485,895,1307,241,64
267,1044,1366,Shamela0012027,516,466,836,182,53
267,90,801,Masaha001864Vols,5653,903,1614,580,99
267,801,1656,Masaha001864Vols,5654,1,422,326,45
267,1309,1652,Shamela0011036,1948,919,1427,184,40
267,555,976,Shamela0011036,1949,1,607,255,47
267,1259,1465,Sham19Y0122257,3532,6,145,100,60
267,74,422,Sham19Y0017063,1651,1260,1560,218,70
267,494,1131,Sham19Y0017063,1652,1214,1508,194,34
267,139,448,Sham19Y0150962,1694,721,1185,157,35
268,339,560,Shia001831Vols,40,546,778,158,83
268,339,560,Sham19Y0122406,196,1061,1297,161,84
268,567,1168,Sham19Y0122406,4415,310,775,328,64
268,1,217,JK000603,67,363,551,144,81
268,339,554,Shamela0026891,12,1176,1395,152,84
268,1,301,Masaha001864Vols,5654,422,729,243,97
269,1,237,Shamela0008176,5790,628,927,159,63
269,300,1043,Sham19Y0131521,6739,172,744,354,53
269,1,174,Shamela0001727,53,1279,1524,129,64
269,841,1493,Sham19Y0017437,1822,407,868,299,51
269,322,1161,Sham19Y0014309,3200,1118,1494,300,44
269,1,252,Shia001831Vols,42,1083,1411,162,56
269,972,1555,Shia001831Vols,43,1,342,244,50
269,753,1043,Shamela0000140,769,5,250,201,84
269,174,499,JK000201,3401,1136,1561,246,70
269,499,822,JK000201,3402,1,330,235,80
269,1,174,Shamela0004289,36,245,487,129,65
269,1,258,Sham19Y0018144,3074,1052,1253,115,54
269,1,982,Sham19Y0017791,1534,859,1426,295,34
269,704,1043,Sham19Y0018272,373,141,388,186,65
269,1,174,Sham19Y0020638,51,1400,1564,134,94
269,841,1043,Sham19Y0013223,1724,560,753,152,90
269,1,694,Sham19Y0023625,1937,675,1389,249,35
269,699,1478,Sham19Y0023625,1938,1011,1557,355,50
269,1,452,Sham19Y0017063,1134,641,1224,260,46
269,163,1493,Shamela0000791,633,328,1166,576,49
270,835,997,JK007054,244,1,147,117,90
270,15,280,Shamela0008176,6131,601,820,140,61
270,504,683,Sham19Y0017747,2407,1361,1546,143,92
270,690,1631,Sham19Y0017747,2408,6,916,711,88
270,78,588,Sham19Y0017745,69,1058,1378,106,23
270,317,1305,Shamela0011244,24,907,1588,400,44
270,1305,1623,Shamela0011244,25,1,235,192,71
270,511,895,Sham19Y0036110,332,701,968,140,37
270,997,1631,Sham19Y0036110,334,679,1427,236,27
270,522,721,Shia003965Vols,2339,529,720,152,91
270,782,982,Sham19Y0131521,6482,1310,1507,157,97
270,1183,1410,Sham19Y0131521,6483,288,537,173,80
270,1193,1431,Shamela0021590,1578,140,365,165,77
270,1113,1623,ShamAY0035743,47,784,1219,345,80
270,522,1500,Shamela0005756,717,304,828,377,44
270,548,1072,Sham19Y0036111,4,889,1273,212,41
270,1193,1623,Sham19Y0036111,5,319,717,310,86
270,1,1072,Shia001831Vols,43,581,1490,414,38
270,535,728,JK007081,973,1445,1636,142,87
270,540,1001,Shamela0000140,430,1133,1564,312,82
270,988,1623,Shamela0000140,432,39,756,286,37
270,548,1072,MMS00034,4,518,902,211,42
270,1245,1623,MMS00034,5,1,350,279,87
270,522,800,ShamAY0033598,124,1103,1424,197,73
270,1001,1590,ShamAY0033598,125,296,1024,267,39
270,790,1007,ShamIbadiyya0000220,120,541,769,167,89
270,522,997,Shamela0021660,846,381,604,162,42
270,540,773,Sham19Y0016618,69,955,1203,175,83
270,540,1077,Sham19Y0016946,36,610,1500,377,52
270,559,1631,Sham19Y0013252,619,1,1117,680,64
270,631,975,Masaha001946Vols,562,9,303,193,71
270,1237,1517,Sham19Y0008889,163,511,793,178,64
270,89,1623,Sham19Y0017063,1239,84,932,636,49
270,511,997,Shamela0009856,961,560,994,253,53
270,1193,1574,Shamela0009856,961,1300,1640,180,55
270,1,961,Sham19Y0013605,280,955,1594,424,48
270,961,1500,Sham19Y0013605,281,1,369,278,59
271,1,747,Shamela0007891,2197,428,958,278,42
271,1251,1734,Shamela0007891,2197,1194,1589,219,47
271,73,427,Shamela0008176,6129,1249,1446,138,46
271,1058,1694,Shamela0008176,6130,611,1179,351,63
271,1,776,Sham19Y0017747,2408,916,1691,621,95
271,776,1752,Sham19Y0017747,2409,1,977,793,96
271,73,443,Shia000841Vols,713,1230,1571,252,77
271,1,1752,Shamela0011244,25,243,1550,1045,71
271,65,1263,Sham19Y0036110,335,84,1157,665,57
271,87,1752,Sham19Y0131521,6483,544,1164,439,31
271,1052,1299,Shamela0021590,1578,868,1029,100,44
271,1,484,ShamAY0035743,47,1227,1704,390,96
271,484,1752,ShamAY0035743,48,1,823,663,62
271,1044,1422,Shamela0037325,2659,752,987,148,44
271,1,1313,Shamela0005756,717,851,1622,552,48
271,1,959,Sham19Y0036111,5,725,1741,736,85
271,959,1752,Sham19Y0036111,6,1,1256,559,51
271,65,514,Shia002636,58,187,634,354,93
271,1,1653,Sham19Y0122096,1112,466,1484,634,44
271,1,1669,Shia001831Vols,44,399,1757,1082,77
271,1,1154,Shamela0000140,432,764,1791,775,79
271,1154,1752,Shamela0000140,433,1,417,297,58
271,1,1313,MMS00034,5,358,1736,988,83
271,1318,1752,MMS00034,6,406,853,308,76
271,60,974,ShamAY0033598,125,1024,1707,455,55
271,974,1752,ShamAY0033598,126,1,836,411,47
271,602,1229,Sham19Y0122406,206,796,1283,268,45
271,1251,1734,Sham19Y0016946,38,94,530,232,49
271,175,1313,Sham19Y0018103,190,745,1294,309,29
271,1052,1669,Sham19Y0018272,604,353,700,264,51
271,1,1752,Sham19Y0018272,625,105,1349,960,65
271,538,837,Shamela0012027,199,1376,1666,236,94
271,837,1023,Shamela0012027,200,1,194,154,95
271,538,1023,Sham19Y0013637,109,679,1163,392,95
271,1,527,Sham19Y0013252,619,1117,1697,359,68
271,1263,1734,Sham19Y0013252,620,416,778,210,48
271,1191,1669,Shamela0000551,3105,1,222,158,38
271,1,617,Sham19Y0020891,2129,1234,1606,231,44
271,1,617,Sham19Y0122257,2801,862,1238,227,43
271,1052,1517,Sham19Y0122257,2801,1315,1673,255,65
271,65,514,Shamela0011137,36,172,621,354,92
271,1,465,Sham19Y0008889,163,903,1474,198,38
271,533,1752,Sham19Y0008889,164,190,1246,482,37
271,1,1694,Shamela0009856,962,36,1598,799,47
271,527,1325,ShamIbadiyya0000109,7231,1079,1605,308,41
271,1,1752,Sham19Y0013605,281,392,1460,673,42
272,1,371,Shamela0008176,6130,1372,1659,208,65
272,610,1165,Shamela0008176,6131,835,1594,359,55
272,1,698,Sham19Y0017747,2409,977,1695,562,95
272,698,940,Sham19Y0017747,2410,7,258,168,81
272,44,303,Shamela0011244,25,1550,1797,200,93
272,303,435,Shamela0011244,26,1,133,109,100
272,44,514,Sham19Y0036110,336,557,936,209,46
272,573,862,Sham19Y0131521,6483,16,228,167,72
272,573,940,Shamela0021590,1579,1,389,251,76
272,1,873,ShamAY0035743,48,823,1655,649,89
272,631,862,Shamela0021715,316,1,144,106,58
272,1433,1624,Sham19Y0039268,612,1355,1528,134,81
272,44,477,Sham19Y0036111,6,1256,1680,331,91
272,573,873,Sham19Y0036111,7,1068,1371,208,80
272,1,435,Shia001831Vols,45,52,286,177,49
272,44,873,Shamela0000140,433,417,996,423,61
272,1411,1624,JK000201,2647,96,288,156,88
272,44,535,MMS00034,6,853,1358,376,87
272,573,873,MMS00034,7,704,1007,208,80
272,71,308,ShamAY0033598,126,851,1120,188,81
272,685,862,JK009324,68,143,313,130,90
272,596,862,Sham19Y0018103,191,680,898,138,64
272,1,707,Sham19Y0018272,625,1349,1744,276,45
272,707,873,Sham19Y0018272,626,1,152,114,87
272,1,378,Sham19Y0122257,2802,169,514,247,74
272,621,1119,Sham19Y0122257,2803,1,481,278,56
272,44,529,Sham19Y0008889,164,1246,1697,293,71
272,71,862,Shamela0009856,963,101,764,387,50
272,57,402,ShamIbadiyya0000109,7232,169,449,221,77
272,573,862,Sham19Y0013605,283,628,890,194,84
273,1,290,Shamela0008176,6132,507,741,181,77
273,1,290,Sham19Y0036110,333,1226,1505,217,92
273,613,873,Shamela0001727,54,636,1194,144,29
273,13,290,Sham19Y0039268,613,1,274,205,92
273,1,290,JK000201,2647,288,571,223,94
273,1,546,JK000603,69,382,811,228,45
273,1,290,Sham19Y0122257,2803,589,827,184,78
273,1,290,Sham19Y0013605,283,1134,1390,198,84
274,165,396,ShamIbadiyya0000438,1038,26,258,157,82
274,422,742,Shamela0008176,4429,766,905,64,23
274,172,299,Kraken22021606123201,393,1402,1529,102,99
274,1,619,Sham19Y0131521,6198,766,1210,264,49
274,215,375,Shamela0037325,3008,1,155,114,89
274,409,1396,Shamela0005756,8016,849,1426,282,33
274,142,432,Shamela0001673,10326,1226,1494,196,83
274,432,1507,Shamela0001673,10327,1,648,429,49
274,179,1456,JK000201,3341,1,1127,858,84
274,127,289,ShamAY0000351,282,1381,1543,132,100
274,289,1507,ShamAY0000351,283,1,1221,972,99
274,179,471,ShamAY0033531,3413,124,265,112,48
274,179,471,ShamAY0033531,4595,1112,1253,112,48
274,127,244,Sham19Y0017729,508,549,666,96,100
274,1,368,Shamela0007597,140,1060,1618,247,55
274,368,1507,Shamela0007597,141,1,1110,875,95
274,142,1382,Shamela0011036,1974,293,1503,932,92
274,938,1130,JK000366,5,1,179,139,89
274,102,1061,Shamela0000791,679,554,1510,742,95
274,1061,1507,Shamela0000791,680,1,449,352,96
275,1,229,ShamIbadiyya0000438,1038,518,689,116,64
275,468,836,Sham19Y0016584,3790,107,566,251,67
275,468,836,JK000977,95,606,1033,254,72
275,500,836,Sham19Y0016636,1039,1,406,255,79
275,1,217,Shamela0029677,2041,1315,1509,148,84
275,217,448,Shamela0029677,2042,1,193,145,75
275,468,871,Sham19Y0016684,1815,823,1286,254,63
275,594,836,Shamela0001727,55,19,287,178,85
275,483,836,Shamela0005756,8015,819,1143,240,86
275,468,871,Shamela0005756,13178,918,1406,254,63
275,468,778,Sham19Y0127677,14283,1086,1427,223,82
275,1,398,Shamela0001673,10327,648,976,173,55
275,468,763,Shia001831Vols,45,1191,1555,218,74
275,34,295,JK000201,3341,1076,1285,164,79
275,468,730,Shamela0004289,60,1068,1426,199,71
275,468,791,Sham19Y0122406,207,1177,1578,247,78
275,1,269,ShamAY0000351,283,1221,1489,214,100
275,269,459,ShamAY0000351,284,1,191,154,100
275,468,836,JK000384,214,599,1038,274,78
275,468,836,Sham19Y0001734,1962,790,1204,246,69
275,468,836,Sham19Y0018106,3481,40,499,251,67
275,738,1450,JK000603,70,731,1153,301,51
275,468,836,Sham19Y0018103,3386,713,1313,252,51
275,1,153,Shamela0007597,141,1110,1242,104,85
275,468,836,Shamela0003722,4244,311,765,269,74
275,468,802,Sham19Y0013252,8463,1070,1495,228,66
275,468,836,Shamela0013087,160,112,566,267,74
275,633,836,Shamela0011036,1973,134,337,160,99
275,1,459,Shamela0011036,1975,117,575,365,99
275,509,836,JK007065,899,902,1272,228,74
275,468,689,Shamela0005923,135,1181,1458,162,74
275,689,917,Shamela0005923,136,1,234,145,76
275,483,836,Sham19Y0017063,51,67,438,182,47
275,1,295,Shamela0000791,680,449,733,219,92
276,133,526,Shamela0005756,8016,276,538,130,41
276,1100,1471,Shamela0005756,8016,538,819,222,72
276,834,1046,JK000603,70,1179,1408,152,81
276,162,1482,JK000603,71,1,1392,682,50
276,1105,1471,JK000665,19,498,772,211,69
276,1119,1471,Shamela0011036,1977,800,1049,204,69
277,1274,1424,JK000021,1331,588,758,117,88
277,1293,1414,ShamIbadiyya0000193,1523,333,488,94,78
277,1274,1410,Shamela0001727,56,747,901,106,88
277,671,994,Shamela0005756,8017,1027,1345,203,67
277,636,983,Shamela0001673,10330,970,1304,267,92
277,696,983,Shia001831Vols,46,714,956,191,80
277,1274,1414,Shia001831Vols,47,923,1081,109,88
277,1312,1410,Shamela0004289,60,1,117,77,84
277,1274,1545,Shamela0023628,1686,870,1135,160,67
277,662,983,Sham19Y0122406,210,1034,1392,233,77
277,1274,1414,Sham19Y0122406,211,74,232,109,88
277,1274,1414,JK000384,217,1065,1223,109,88
277,1274,1414,Rafed0003571Vols,1276,835,990,109,86
277,1293,1545,JK000603,72,1,317,165,60
277,1274,1414,Sham19Y0017729,333,509,667,109,88
277,1274,1414,Sham19Y0020638,53,511,669,109,88
277,696,983,Masaha001946Vols,796,405,654,192,81
277,636,994,Shamela0011036,1976,670,1025,277,91
277,136,625,Shamela0011036,1979,643,1315,304,52
277,1274,1482,Sham19Y0017616,20,503,851,155,57
277,1329,1545,Sham19Y0014601,5835,42,255,102,51
277,640,983,Shamela0000791,680,744,1069,261,91
278,584,1294,ShamAY0035035,6281,10,630,233,29
278,39,608,Sham19Y0017747,2354,993,1534,297,57
278,749,1566,Sham19Y0017747,2355,44,681,431,61
278,286,658,Shamela0021590,1538,1120,1540,223,60
278,1123,1566,Shamela0021590,1539,1,639,286,50
278,1,568,Sham19Y0014592,2238,1035,1494,279,56
278,348,899,Shamela0005756,493,176,492,218,49
278,164,1128,Sham19Y0013231,6602,478,1425,426,46
278,366,638,Shia001831Vols,47,1226,1477,194,85
278,678,899,Shia001831Vols,48,1,179,138,77
278,1,434,Shamela0023628,1686,1138,1565,314,88
278,434,1541,Shamela0023628,1687,1,954,746,82
278,366,1221,Sham19Y0018103,134,420,1140,226,25
278,249,1566,Shamela0007597,197,23,1422,1004,85
278,1,159,Masaha001864Vols,3864,1306,1464,125,100
278,159,749,Masaha001864Vols,3865,1,566,454,94
278,1,1351,Sham19Y0013252,527,18,1468,746,53
278,749,1566,Shamela0012052,2347,878,1283,170,23
278,43,200,Shamela0012052,2347,792,972,101,61
278,348,1128,Sham19Y0013605,190,807,1554,301,35
278,1,1221,Shamela0010517,1917,346,1568,987,99
278,1221,1566,Shamela0010517,1918,1,342,271,98
279,1,175,Sham19Y0017747,2355,681,840,125,89
279,1056,1534,Shamela0001727,57,36,594,123,20
279,45,224,Shamela0005756,493,1173,1339,118,80
279,1,667,Shia001831Vols,48,217,463,177,33
279,728,1487,Shia001831Vols,48,960,1456,209,30
279,331,473,Shamela0000140,1244,1258,1420,98,72
279,7,235,Shamela0023628,1687,942,1149,163,88
279,509,1207,Sham19Y0122406,213,395,844,165,27
279,1,175,Shamela0007597,197,1422,1582,130,91
279,175,722,Shamela0007597,198,1,513,346,76
279,19,224,JK000216,8,381,566,149,90
279,45,224,Sham19Y0013605,191,457,630,128,87
279,1,235,Shamela0010517,1918,342,576,189,100
280,127,281,Shamela0008206,261,926,1080,118,98
280,112,281,Shamela0021629,575,968,1147,126,88
280,127,285,Sham19Y0017350,946,235,393,122,99
280,676,1450,Sham19Y0013769,1550,102,592,350,55
280,127,285,JK009390,1831,826,986,120,96
280,222,1017,Shamela0003055,2138,24,432,321,49
280,292,1490,Shamela0003055,2751,10,964,684,69
280,281,935,Shamela0008176,5962,813,1306,387,72
280,120,285,ShamAY0034342,9,921,1084,121,95
280,127,222,Shamela0026324,4492,999,1093,73,98
280,281,1027,Sham19Y0013644,4,953,1588,479,77
280,1027,1450,Sham19Y0013644,5,1,381,284,83
280,1,281,Sham19Y0013644,6,989,1207,157,71
280,127,281,Shamela0097928,432,932,1085,119,98
280,127,258,JK010001,1455,11,147,84,80
280,127,281,Shamela0021809,3122,214,368,120,100
280,127,222,ShamIbadiyya0000095,1449,754,849,74,100
280,276,466,ShamIbadiyya0000279,493,816,989,109,69
280,127,281,Shamela0025794,4026,354,508,119,99
280,127,281,Tafsir07055,1534,125,276,95,75
280,35,281,Shamela0001727,57,818,1269,174,48
280,276,1023,JK000966,366,616,1092,247,37
280,942,1450,JK000966,366,1020,1408,235,52
280,1,423,Shamela0011498,1319,1121,1435,238,68
280,423,1490,Shamela0011498,1320,1,1022,756,83
280,127,281,Sham19Y0013572,318,424,578,120,100
280,127,285,Sham19Y0017437,1435,1127,1285,122,99
280,127,285,Shia002261Vols,355,311,469,121,98
280,127,281,Shamela0012014,381,855,1009,120,100
280,127,285,Sham19Y0127677,1792,354,511,121,98
280,127,292,Sham19Y0127677,9652,416,577,125,96
280,127,285,Tafsir06051,236,91,254,123,96
280,35,540,Shamela0006947,6228,786,1223,264,60
280,1339,1485,Shamela0006947,6229,1,146,95,83
280,127,285,Sham19Y0122096,3494,14,168,117,95
280,285,1367,ShamIbadiyya0000433,97,1,694,397,42
280,127,281,Shia001831Vols,49,1034,1188,120,100
280,127,285,Shamela0004289,59,202,360,120,98
280,1155,1485,Shamela0036569,376,1126,1425,177,64
280,127,285,Shamela0001975,779,980,1196,121,72
280,127,281,Sham19Y0122406,215,39,193,120,100
280,127,285,Shia002265Vols,1830,592,749,120,97
280,131,281,JK000384,240,1159,1309,116,99
280,1102,1456,Shamela0021595,773,981,1311,253,88
280,127,281,Shamela0001875,1140,586,740,120,100
280,127,285,Shamela0001438,3236,492,650,121,98
280,131,281,Kraken230110004547,581,1036,1195,117,94
280,683,1426,JK000603,74,565,1101,162,23
280,127,281,Shamela0025800,3076,133,290,119,97
280,222,898,Shamela0008555,122,1209,1546,270,48
280,127,300,JK009256BK2,361,366,883,120,29
280,127,285,Sham19Y0150600,675,350,508,122,99
280,120,285,Shamela0021659,1020,67,232,123,96
280,127,285,Sham19Y0014224,948,1281,1439,122,99
280,127,281,ShamAY0034005,53,1243,1397,120,100
280,35,1006,Masaha001864Vols,2072,144,1505,712,64
280,1006,1490,Masaha001864Vols,2073,1,566,383,84
280,127,281,Shamela0006848,165,848,1010,119,94
280,127,281,Shamela0009242,458,1180,1331,95,75
280,127,281,Shamela0009242,459,562,713,95,75
280,44,281,Sham19Y0017616,24,781,1015,139,73
280,362,1471,Sham19Y0023625,2580,1,1249,746,67
280,127,285,JK007065,141,607,765,122,99
280,127,285,Sham19Y0011194,372,47,205,122,99
280,127,281,Shamela0012220,1319,101,254,119,98
280,281,980,Sham19Y0122257,2729,998,1533,408,71
280,1269,1450,Sham19Y0122257,2730,1,183,142,97
280,127,285,Sham19Y0148271,444,91,249,121,98
280,281,935,Sham19Y0150962,1343,1016,1452,336,63
280,127,281,Shamela0010517,2094,457,611,120,100
280,35,281,Shamela0010517,2167,290,602,108,34
280,268,1500,ShamAY0033875,2,480,1475,693,67
281,512,1115,Sham19Y0013769,1549,861,1375,203,32
281,319,806,Sham19Y0013769,1550,971,1320,94,22
281,912,1264,Sham19Y0014299,403,1123,1446,221,70
281,226,462,Shia001831Vols,49,1233,1447,84,34
281,728,866,Sham19Y0122406,4419,93,231,104,100
281,582,702,Sham19Y0018103,2329,1386,1492,78,80
281,893,1115,Sham19Y0014224,950,445,749,115,44
281,493,932,Sham19Y0014224,952,162,892,246,40
281,743,866,Sham19Y0013252,6056,73,191,84,90
282,1412,1524,Shamela0001727,58,125,241,87,96
282,1309,1524,Shia001831Vols,50,424,627,115,68
282,1412,1524,Sham19Y0122406,215,1303,1419,87,96
282,792,1403,Sham19Y0122406,215,319,512,127,25
282,1002,1524,ShamAY0034383,522,639,1165,420,99
282,1412,1524,Zaydiyya0000110,14,1125,1241,87,96
282,1412,1524,Sham19Y0017616,24,499,615,87,96
283,1280,1482,Sham19Y0122406,216,464,694,110,53
283,1019,1452,Sham19Y0122406,4420,382,1110,289,46
283,330,854,Sham19Y0013631,660,994,1313,194,46
283,182,575,JK000603,76,116,472,176,52
283,979,1448,JK000603,76,444,935,165,34
283,6,490,ShamAY0034383,520,1040,1467,258,55
283,490,1019,ShamAY0034383,521,1,635,417,82
283,1,315,ShamAY0034383,522,1165,1479,249,100
283,315,772,ShamAY0034383,523,1,458,360,100
283,145,558,Sham19Y0020638,1566,1050,1285,164,49
283,1,668,Shia001174Vols,5033,881,1245,233,44
284,819,1526,Shamela0000140,2003,157,476,147,22
284,876,1139,JK000201,3350,1053,1299,188,88
284,1041,1409,ShamAY0034383,563,1164,1538,296,97
284,1409,1537,ShamAY0034383,564,1,129,106,100
284,895,1139,Shamela0000791,680,1339,1587,189,94
284,1139,1526,Shamela0000791,681,1,356,277,86
285,963,1411,Shamela0008176,4517,1,352,238,61
285,1427,1598,Sham19Y0131521,6196,727,890,132,92
285,243,445,Shamela0001727,58,682,890,140,79
285,977,1497,Shamela0005756,1140,1,370,268,60
285,963,1367,Shamela0005756,6250,1,257,203,60
285,896,1592,Shamela0005756,14560,962,1540,426,72
285,243,445,Shia001831Vols,51,284,493,141,80
285,243,445,Sham19Y0122406,216,787,997,142,80
285,234,445,JK000603,76,1084,1224,91,51
285,857,1598,Masaha001864Vols,4203,221,818,470,77
285,773,1598,Masaha001864Vols,5683,188,893,462,58
285,881,1367,Sham19Y0013252,796,1107,1498,221,50
285,884,1577,Shamela0009242,1502,489,1190,529,87
285,884,1317,Sham19Y0023625,2376,1134,1598,323,80
285,866,1451,Sham19Y0122257,2111,455,913,293,58
285,881,1411,Shamela0000791,681,367,893,417,93
285,922,1381,Sham19Y0013605,461,67,631,261,48
286,729,1217,Sham19Y0014299,276,838,1295,358,88
286,182,403,Shamela0005756,1139,1089,1265,103,57
286,149,409,Shamela0005756,14560,715,962,163,76
286,983,1145,Sham19Y0127677,13066,574,736,131,100
286,964,1348,Shia001831Vols,52,757,1004,154,46
286,964,1359,Sham19Y0122406,219,541,974,302,82
286,130,409,Sham19Y0122406,219,375,607,142,64
286,729,983,Shia003732Vols,3671,269,533,196,89
286,1,720,Masaha001864Vols,4203,818,1289,358,60
286,958,1370,Masaha001864Vols,5683,1015,1437,305,85
286,115,409,Sham19Y0013252,796,334,639,143,54
286,8,403,Shamela0009242,1502,1190,1422,146,46
286,767,958,Sham19Y0014297,1477,211,456,155,76
286,1,428,Sham19Y0017063,842,138,439,217,63
286,729,958,Shamela0000791,677,1337,1554,179,94
286,175,403,Shamela0000791,681,881,1126,179,92
287,157,371,Shamela0021629,279,597,896,166,66
287,162,567,ShamIbadiyya0000095,1449,968,1150,101,28
287,1158,1531,Sham19Y0131521,5622,866,1202,237,72
287,90,567,Shamela0001727,59,732,1205,154,26
287,152,552,JK000386,861,302,421,79,25
287,502,1356,Shia001831Vols,53,119,659,272,36
287,143,458,Shamela0000140,2015,1070,1583,226,51
287,90,286,Sham19Y0122406,219,1060,1455,141,44
287,722,1542,JK000603,78,686,1415,393,53
287,143,741,Sham19Y0020638,55,936,1328,153,26
287,722,1033,Shamela0001467,106,932,1259,244,93
287,1043,1327,Shamela0009242,1305,813,1124,176,67
287,143,371,Shamela0009242,1696,418,709,181,75
287,152,451,Sham19Y0023625,1337,472,725,185,75
287,90,224,ShamAY0035220,125,209,396,106,70
288,736,924,JK000021,2418,210,377,120,80
288,736,924,Shamela0000767,4622,884,1072,147,98
288,170,502,Shia000841Vols,1311,134,468,204,66
288,736,931,ShamIbadiyya0000279,197,1101,1275,133,86
288,244,521,Sham19Y0131521,5622,1286,1492,168,74
288,791,1366,Sham19Y0131521,5838,114,566,154,23
288,164,439,Sham19Y0131521,7840,894,1315,188,53
288,736,1067,Shamela0001727,59,1104,1400,187,69
288,739,1067,Sham19Y0017903,783,307,523,152,56
288,736,1189,Shia001831Vols,52,1092,1461,192,48
288,736,924,Shamela0004289,59,447,638,145,96
288,736,1067,Sham19Y0122406,220,727,1023,187,69
288,736,1067,JK000384,266,595,979,159,49
288,89,624,Shamela0006094,23,41,568,419,96
288,736,924,Shamela0023769,369,321,491,133,89
288,736,1067,Sham19Y0020638,55,1049,1361,179,66
288,736,959,Shamela0009076,600,644,882,149,78
288,279,599,Shamela0012052,246,1182,1424,167,65
288,164,465,Sham19Y0122142,88,678,955,158,59
288,759,1067,Sham19Y0017616,26,64,282,150,58
288,85,465,Sham19Y0014580,478,837,1293,210,49
288,781,924,Sham19Y0017063,783,619,812,105,67
289,60,362,Sham19Y0020583,969,685,1065,224,72
289,60,362,Shamela0011334,143,1139,1454,233,91
289,60,341,Sham19Y0011326,224,1264,1560,219,92
289,60,362,Sham19Y0011326,225,1090,1408,235,92
289,60,362,Shamela0008176,5726,981,1298,235,92
289,708,1163,Shamela0008176,5727,1189,1549,180,47
289,1163,1628,Shamela0008176,5728,1,322,224,57
289,60,362,JK000977,105,452,759,222,86
289,60,362,Shamela0002386,239,1075,1390,233,92
289,60,362,Shamela0002863,842,329,649,233,90
289,17,362,Shamela0001727,60,161,630,261,69
289,60,362,JK006870,31,361,678,235,92
289,60,366,JK000360,47,479,813,230,85
289,698,1147,Shamela0004473,15870,1055,1503,356,97
289,1147,1316,Shamela0004473,15871,1,152,122,88
289,60,362,Rafed0002905Vols,8430,1038,1371,222,80
289,698,1628,Sham19Y0014309,2595,291,1226,727,94
289,1187,1341,ShamIbadiyya0000433,90,49,210,126,93
289,22,408,Shia001831Vols,53,711,1194,283,70
289,1072,1628,Shia001831Vols,54,20,528,138,20
289,60,265,ShamAY0033522,241,1258,1480,160,90
289,60,362,Shamela0023628,1780,858,1177,236,92
289,715,1170,Shamela0023628,3352,992,1426,293,74
289,1174,1628,Shamela0023628,3353,227,671,275,66
289,22,362,Sham19Y0037618,1484,105,508,258,80
289,733,1628,JK000603,80,360,1166,320,35
289,852,1484,Shamela0007597,206,1,614,464,88
289,722,1068,Sham19Y0013252,1862,1261,1527,172,59
289,1068,1477,Sham19Y0013252,1863,1,346,259,77
289,60,308,Shamela0000551,794,1291,1556,195,92
289,60,362,Shamela0000041,2515,608,929,232,90
289,55,531,Sham19Y0023625,1514,726,1218,313,71
289,903,1628,Sham19Y0023625,1517,67,732,208,27
289,366,531,Sham19Y0122257,1552,1101,1257,132,94
289,60,698,Sham19Y0122257,2619,237,919,313,42
289,1072,1628,Sham19Y0122257,2620,717,1139,261,54
289,1147,1484,Sham19Y0013605,1272,1,151,100,36
290,845,1101,Shamela0001733,2840,601,856,185,84
290,328,815,Sham19Y0123510,319,1,347,155,34
290,314,508,Shia001432Vols,20087,478,661,116,73
290,845,1042,Shia001432Vols,20097,1448,1631,132,83
290,289,508,Shia001432Vols,34296,965,1164,126,61
290,314,508,Shia001615Vols,3441,900,1082,118,73
290,845,986,Shamela0002247,173,1338,1472,97,84
290,845,1101,Sham19Y0148486,2063,367,614,183,86
290,314,546,Sham19Y0148486,7426,835,1057,128,56
290,314,526,Shamela0002911,386,962,1112,106,62
290,314,546,Shia001400,101,14,245,115,50
290,845,1101,Sham19Y0018337,370,977,1237,199,93
290,845,1067,JK000977,106,410,623,158,85
290,845,1101,Shia002616Vols,6028,187,432,187,90
290,845,1048,Shamela0001719,2956,1358,1550,135,80
290,845,1106,JK000791,2248,1157,1407,178,80
290,314,513,ShamAY0034694,355,1237,1439,129,72
290,314,831,JK007128,389,760,1296,204,33
290,845,1131,Sham19Y0014592,2192,556,871,209,80
290,845,1101,Shamela0001727,61,1,254,187,87
290,845,1101,Shamela0008549,47,953,1194,168,79
290,314,508,Shia002356Vols,1750,1071,1220,115,71
290,314,508,Masaha002979Vols,1139,840,989,115,71
290,845,1101,Shia002702Vols,10667,813,1060,175,82
290,845,1101,JK007099,346,413,658,187,90
290,845,1101,Sham19Y0013572,503,976,1228,192,91
290,275,508,Shamela0005756,3721,1,198,135,68
290,845,1101,Shamela0005756,4204,110,333,164,76
290,931,1106,Sham19Y0023644,8141,739,918,130,91
290,314,508,Sham19Y0127677,7195,403,552,115,71
290,845,1131,Shamela0012884,4870,1112,1398,204,85
290,836,1131,Shamela0012884,4872,132,428,200,81
290,314,508,Shia003895Vols,109,1281,1463,118,74
290,845,1106,Sham19Y0023590,5458,978,1225,183,84
290,845,1101,MMS00013,1895,840,1059,161,75
290,188,565,JK000208,1076,1155,1494,255,82
290,960,1106,Rafed0002905Vols,8431,1,149,108,87
290,314,508,Shamela0007266,28,338,520,118,73
290,845,1101,Sham19Y0014309,509,569,820,164,71
290,1,136,Sham19Y0014309,2595,1136,1270,107,99
290,314,508,Sham19Y0122096,1782,805,954,115,71
290,845,1101,Tafsir09050,4257,396,591,145,68
290,845,1274,Shia001831Vols,54,1046,1515,267,66
290,141,565,Shamela0000140,2085,920,1516,283,54
290,565,931,Shamela0000140,2086,1,490,227,55
290,170,815,JK000201,1641,398,1009,485,93
290,185,815,JK000201,3987,610,1214,482,94
290,845,1101,Shamela0004289,1379,114,363,193,93
290,314,508,Shia003961Vols,1683,1061,1242,117,73
290,845,1101,ShamAY0033889,59,1125,1366,168,79
290,845,1101,ShamAY0034068,3573,622,877,187,86
290,314,508,Shamela0021660,2505,125,259,103,64
290,314,508,Shamela0021660,2517,516,665,115,71
290,873,1067,Sham19Y0122406,224,1352,1546,148,93
290,845,1101,Shamela0010463,663,479,734,185,85
290,936,1106,Sham19Y0132524,149,502,815,114,46
290,836,1106,JK000381,2350,18,281,191,88
290,845,1101,JK000381,4909,519,764,187,90
290,216,466,JK000603,79,1413,1659,198,98
290,466,815,JK000603,80,1,344,274,96
290,1032,1465,JK000603,81,25,466,274,70
290,845,1101,Sham19Y0018144,214,144,404,183,83
290,314,508,Sham19Y0018144,6137,945,1128,118,74
290,252,508,Shamela0001687,206,876,1174,140,56
290,314,492,Shia002380Vols,1083,1205,1330,96,66
290,845,1067,Shamela0025800,414,647,875,174,93
290,845,1101,Shamela0023578,3082,48,299,189,89
290,845,1067,ShamAY0034005,944,669,882,158,85
290,845,1106,ShamAY0034054,3924,240,501,190,86
290,845,1101,Sham19Y0150960,1398,141,369,178,86
290,845,1101,Sham19Y0020638,56,893,1138,187,90
290,210,722,Sham19Y0020638,1567,780,1119,234,53
290,242,602,Sham19Y0013223,2639,829,1176,260,87
290,845,1101,Shamela0021766,4336,1070,1297,162,74
290,314,508,Sham19Y0013252,1861,1406,1550,108,67
290,256,508,JK007040,4377,1015,1309,137,55
290,314,508,Shia001148,321,852,1033,117,73
290,314,546,Shia002382Vols,2767,588,867,137,51
290,845,1101,Sham19Y0146127,1070,1077,1272,147,70
290,845,1101,ShamAY0036736,308,1214,1482,189,83
290,845,1101,Shamela0000347,236,85,336,188,88
290,849,1106,Shamela0023623,4069,902,1154,187,88
290,941,1106,Shia002406Vols,7212,1,167,124,88
290,845,1053,Shamela0037458,4296,532,735,149,86
290,152,826,Sham19Y0023625,1516,332,977,506,92
290,927,1106,JK007065,454,1,184,140,95
290,845,1101,Shia002669,763,32,283,181,83
290,845,1101,Shamela0000137,1910,1175,1430,186,86
290,845,1101,Sham19Y0148271,964,220,469,193,93
290,314,546,Shia000121Vols,907,1,261,126,48
290,314,508,Masaha003492Vols,928,345,494,115,71
290,188,722,Sham19Y0013605,1272,160,503,240,55
291,1240,1588,Shamela0021629,879,871,1198,143,39
291,764,954,Shamela0001727,60,1000,1173,135,90
291,1219,1588,Shamela0001727,61,262,1188,256,33
291,758,954,Sham19Y0127677,9949,319,496,140,90
291,1219,1592,Sham19Y0127677,14032,197,682,60,9
291,1311,1533,Shamela0023644,1659,1302,1487,125,70
291,1219,1614,Shamela0023644,1660,500,832,110,24
291,764,954,Shia001831Vols,54,560,734,135,90
291,1219,1442,Shia001831Vols,55,272,720,161,44
291,758,954,Shamela0004289,58,1065,1242,138,89
291,764,954,Sham19Y0122406,223,596,769,135,90
291,1219,1588,Sham19Y0122406,225,445,1371,256,33
291,1253,1588,Sham19Y0016618,197,991,1404,109,24
291,1316,1533,Shamela0009873,1676,637,793,114,64
291,1294,1588,JK000370,495,508,1033,139,29
291,1237,1588,JK000747,54,140,805,148,23
292,141,613,Shia001831Vols,55,952,1198,177,45
292,178,397,Shamela0000140,769,841,1056,149,70
292,150,752,Sham19Y0018103,98,861,1168,243,49
292,768,952,Sham19Y0023625,2140,247,449,141,86
292,150,752,Sham19Y0013605,131,611,872,197,40
293,461,849,JK000021,18,1014,1382,286,89
293,461,849,JK000021,1532,588,979,283,84
293,638,849,Sham19Y0123510,940,1096,1302,164,96
293,466,638,JK007054,264,85,248,128,88
293,466,857,Sham19Y0020583,619,722,1202,306,78
293,670,857,Shamela0000767,41,1,193,144,90
293,441,763,Sham19Y0148486,6502,1211,1512,226,85
293,580,849,Sham19Y0148486,6506,1015,1280,172,80
293,488,817,Shamela0003485,386,1,248,183,67
293,470,849,JK009390,2722,415,695,211,67
293,528,849,JK000977,108,1,306,239,90
293,466,849,Shamela0021744,4602,633,1010,289,90
293,461,853,Shamela0001719,667,880,1270,299,92
293,466,849,JK000299,3920,815,1191,295,92
293,638,826,Shamela0002863,2394,1308,1491,147,97
293,638,849,Shamela0009200,434,1031,1246,159,88
293,461,849,Shamela0025794,1024,615,935,242,75
293,1023,1177,Sham19Y0014299,253,1410,1575,123,93
293,1177,1295,Sham19Y0014299,254,1,122,94,96
293,461,849,Shamela0011428,1666,973,1355,291,89
293,461,778,Sham19Y0131521,6191,200,1093,254,35
293,638,849,Sham19Y0014592,3167,1176,1381,153,89
293,25,242,Shamela0001727,61,354,636,156,69
293,363,849,Shamela0001727,62,191,791,389,79
293,704,849,ShamAY0037543,60,1,141,115,96
293,461,710,Sham19Y0122401,930,576,834,183,89
293,466,849,Shia001960,366,137,403,195,61
293,466,817,Sham19Y0013572,643,980,1267,213,72
293,461,849,Sham19Y0013572,1326,1111,1498,307,96
293,441,881,JK001236,284,914,1362,321,85
293,461,849,Shamela0009810,1451,546,946,308,94
293,523,1280,Shamela0005756,449,179,547,255,41
293,466,817,Shamela0012014,402,1035,1314,209,72
293,485,849,Sham19Y0127677,2623,474,771,239,80
293,441,849,Sham19Y0127677,7110,55,458,308,91
293,461,665,Sham19Y0127677,10098,914,1130,161,92
293,415,849,Sham19Y0127677,15076,1,561,346,75
293,461,826,Sham19Y0127677,15087,1169,1467,220,72
293,363,795,Sham19Y0127677,15088,518,1007,296,74
293,638,849,Shamela0012884,914,1198,1407,160,90
293,461,849,Shamela0011816,20,308,668,289,91
293,461,853,Shia001731Vols,848,875,1280,308,93
293,470,849,Kraken230106005528,1081,762,1150,281,83
293,466,849,Tafsir09084,338,598,983,302,95
293,470,832,JK000170,7151,479,818,244,79
293,441,849,Shamela0022547,1143,555,962,308,91
293,25,242,Shia001831Vols,55,364,646,156,69
293,363,849,Shia001831Vols,56,686,1286,388,79
293,843,1460,JK000201,3328,139,800,223,36
293,461,863,JK000083,101,1032,1436,298,88
293,461,849,Shamela0004289,26,673,1064,307,95
293,631,849,Shamela0004482,709,11,221,165,94
293,485,849,Shamela0001975,1062,927,1224,196,60
293,550,1567,ShamAY0034815,286,1,1102,580,50
293,25,242,Sham19Y0122406,225,537,819,156,69
293,363,737,Sham19Y0122406,226,1025,1518,301,75
293,870,998,Sham19Y0122406,4424,244,372,106,100
293,446,849,Shamela0006227,803,818,1206,295,85
293,441,849,Shamela0006227,808,672,1079,310,91
293,461,849,JK000384,267,329,699,286,89
293,461,849,JK000384,268,13,385,285,88
293,466,849,Shamela0008473,856,23,408,302,95
293,485,849,Shamela0001438,4247,834,1091,206,69
293,485,832,Kraken230110004547,586,637,932,211,70
293,461,849,Sham19Y0018144,193,794,1197,244,68
293,485,849,Shamela0036446,1363,880,1213,264,88
293,466,618,Shamela0025800,3097,1392,1533,109,85
293,618,849,Shamela0025800,3098,1,483,183,46
293,441,837,Sham19Y0018611,448,517,898,260,74
293,638,817,Shamela0021721,4513,267,451,119,77
293,485,849,Shamela0021659,1449,962,1219,206,69
293,461,849,Sham19Y0131336,1620,614,992,288,89
293,461,716,Sham19Y0131336,1629,1249,1516,203,94
293,716,849,Sham19Y0131336,1630,1,129,105,96
293,461,853,Sham19Y0020638,57,632,1028,308,95
293,461,674,ShamIbadiyya0000135,159,1370,1580,159,87
293,674,849,ShamIbadiyya0000135,160,1,177,138,93
293,461,853,Sham19Y0146127,3605,109,482,282,85
293,485,832,Shia000996Vols,968,997,1313,240,82
293,441,849,Sham19Y0017616,138,873,1279,311,92
293,466,817,JK007065,584,955,1240,214,74
293,461,849,JK007065,1073,829,1212,305,95
293,466,849,Sham19Y0148271,1370,1136,1525,305,95
294,762,968,Shamela0005756,452,11,198,132,76
294,1198,1536,Shamela0005756,2000,708,825,81,28
294,1,151,ShamAY0034815,286,1102,1247,96,75
294,1204,1544,Sham19Y0013252,501,235,592,194,57
294,132,1008,Sham19Y0122257,61,992,1582,442,61
294,543,1198,JK000366,5,251,875,498,92
294,539,1182,Sham19Y0013605,754,119,492,269,50
295,56,246,Sham19Y0131521,6191,1040,1244,138,81
295,564,1099,Sham19Y0131521,6192,184,529,245,55
295,250,564,Shamela0005756,452,278,630,154,41
295,545,857,Shamela0005756,1997,347,599,160,52
295,864,1445,Shamela0005756,1998,117,602,358,76
295,1,1306,Shamela0000894,608,219,1525,1036,98
295,1306,1528,Shamela0000894,609,1,223,177,99
295,27,358,Sham19Y0013253,175,147,716,224,46
295,535,857,JK000201,3329,40,362,260,99
295,56,358,Sham19Y0122406,228,549,1062,208,47
295,540,1099,ShamAY0033531,3408,684,1187,394,88
295,540,1099,ShamAY0033531,4591,94,597,394,88
295,102,1528,Sham19Y0122257,62,35,952,694,60
295,864,1445,Sham19Y0013605,755,169,646,354,75
296,501,912,Sham19Y0013253,186,216,548,136,34
296,94,318,ShamAY0034815,286,1211,1434,182,99
296,501,916,Sham19Y0122406,229,786,1045,157,42
296,501,1256,JK000603,83,332,900,381,60
296,674,1256,Sham19Y0018144,3004,712,1315,320,55
297,196,339,Shia002616Vols,279,1195,1338,115,100
297,914,1490,Shia000841Vols,1158,943,1373,190,38
297,960,1137,Tafsir07055,1526,804,988,123,82
297,991,1490,Sham19Y0131521,6190,940,1352,258,58
297,196,339,Sham19Y0014592,1323,888,1032,114,98
297,125,256,Shamela0001727,62,1240,1478,86,45
297,256,396,Shamela0001727,63,1,383,102,33
297,1137,1335,Sham19Y0014088,224,1189,1355,120,75
297,926,1458,Shamela0000432,94,995,1490,308,63
297,746,1582,Shamela0000432,4865,844,1549,520,75
297,746,1582,Shamela0000432,5014,692,1532,664,97
297,130,251,ShamIbadiyya0000074,563,187,311,78,79
297,196,396,Shia001831Vols,58,16,647,139,26
297,746,1464,JK000201,3337,377,1022,443,71
297,130,339,Sham19Y0122406,229,1041,1366,149,57
297,196,339,Shia002264,248,1334,1477,115,100
297,196,347,Sham19Y0149697,10989,730,911,119,81
297,196,361,JK000603,83,962,1129,116,86
297,751,1104,ShamAY0035990,520,191,435,130,45
297,1032,1458,Sham19Y0132415,1081,411,594,78,22
297,196,339,Sham19Y0013223,570,1040,1183,115,100
297,741,1394,Sham19Y0013223,1691,941,1595,527,99
297,1321,1582,Sham19Y0013223,1692,1,208,164,77
297,196,347,JK007036,119,457,627,122,88
297,196,347,Shamela0029882,917,1286,1445,119,92
297,732,1198,Shamela0009242,450,1082,1495,286,71
297,1212,1464,Shamela0009242,451,8,225,171,84
297,196,339,Sham19Y0017616,102,237,389,113,92
298,820,1000,Shia001432Vols,23863,1012,1148,92,62
298,550,739,Sham19Y0131521,6190,847,1487,140,27
298,198,739,Shamela0000432,4866,116,720,317,58
298,1388,1511,Shamela0000432,5015,756,879,101,100
298,46,750,Shamela0000432,5015,1,744,556,93
298,1083,1511,Shamela0006947,12692,922,1353,333,91
298,1083,1511,JK000201,3335,376,888,333,80
298,380,745,JK000201,3338,1,405,272,82
298,1098,1261,Sham19Y0122406,4427,15,187,122,87
298,837,1009,Sham19Y0145212,816,1054,1189,86,59
298,834,1032,Sham19Y0018144,3972,677,893,143,83
298,1,779,Sham19Y0013223,1692,208,1039,604,91
298,326,745,Shamela0009242,451,367,845,325,84
299,899,1204,JK000021,2170,878,1220,175,57
299,816,1216,Sham19Y0148486,6070,867,1134,170,51
299,816,1118,Sham19Y0148486,6730,1254,1439,130,51
299,1247,1371,JK000977,111,851,981,98,95
299,698,1071,Kraken220218125253,104,125,280,112,37
299,1247,1459,ShamAY0033975,891,1037,1334,134,55
299,987,1194,Shia000841Vols,2953,1266,1485,163,93
299,1079,1194,Sham19Y0036110,64,1,132,85,82
299,1022,1194,JK007128,198,1123,1428,88,34
299,698,1194,Shamela0001727,63,569,1464,331,44
299,1247,1493,Shamela0001727,64,401,814,163,50
299,987,1131,Sham19Y0013572,318,1312,1480,107,79
299,780,1223,Shamela0012014,43,325,631,208,57
299,802,1194,Shamela0004473,383,604,887,196,59
299,793,1194,Shamela0004473,4693,1059,1341,198,60
299,1247,1371,JK007049,39,1097,1227,98,95
299,987,1194,Sham19Y0017903,772,895,1120,156,86
299,698,977,Shia001831Vols,58,1095,1467,168,50
299,987,1194,Shia001831Vols,59,1221,1456,161,85
299,1247,1371,Shia001831Vols,61,364,496,98,93
299,987,1194,Shamela0004289,29,532,762,161,87
299,698,977,Sham19Y0122406,232,1040,1410,167,50
299,987,1194,Sham19Y0122406,234,802,1032,161,87
299,1247,1493,Sham19Y0122406,235,396,747,155,54
299,802,1194,Shamela0006227,532,618,888,170,52
299,1247,1371,JK000384,195,1077,1206,96,94
299,987,1131,Sham19Y0132524,160,646,813,112,82
299,1153,1459,Sham19Y0132524,161,186,874,150,27
299,995,1399,Kraken230110004547,478,504,912,215,60
299,1041,1204,JK000381,5688,1,181,120,83
299,820,1503,JK000603,84,777,1359,296,44
299,816,1339,Shamela0025800,2677,162,689,224,38
299,824,1194,Sham19Y0017729,401,602,996,198,49
299,802,1170,Shia003732Vols,3993,176,436,171,55
299,748,1516,Sham19Y0020638,58,343,1276,366,38
299,824,1194,Sham19Y0146127,3360,1120,1359,157,50
299,834,1194,Sham19Y0146127,3731,1108,1337,149,49
299,707,1194,Sham19Y0017616,18,500,825,226,55
299,987,1194,JK007065,141,951,1182,156,84
299,987,1189,Shamela0010443,330,1232,1438,147,86
299,1075,1181,Shamela0010443,349,1,105,81,98
300,421,741,Shamela0097928,329,269,388,83,32
300,1319,1595,Sham19Y0127660,1814,913,1159,148,64
300,1236,1601,Shamela0021715,4076,800,1334,208,46
300,967,1134,Sham19Y0013253,176,456,631,107,70
300,1231,1595,Shamela0000140,324,168,523,195,59
300,303,657,Sham19Y0122406,234,32,595,249,53
300,1429,1601,Sham19Y0122406,235,811,978,119,82
300,263,869,Sham19Y0149697,2630,1056,1242,112,22
301,10,606,Sham19Y0127660,1814,1179,1523,200,37
301,1,161,Shamela0021715,4076,1334,1482,121,91
301,416,974,Shamela0021715,4077,120,514,260,53
301,1,295,Shamela0005756,8134,753,1090,185,56
301,247,974,Shia001831Vols,60,679,1478,389,48
301,1,670,Shamela0000140,324,523,1198,521,93
301,10,377,Sham19Y0122406,235,993,1350,256,80
301,993,1150,Sham19Y0122406,4429,1053,1267,104,57
301,475,1533,JK000603,87,178,1061,415,40
301,1363,1528,Sham19Y0018144,3144,85,250,123,91
301,985,1157,Sham19Y0013577,7526,614,850,114,56
301,974,1326,Sham19Y0014224,173,409,717,218,72
301,985,1157,ShamAY0034251BK3,1615,1191,1432,114,55
302,583,737,JK000603,87,1321,1486,121,93
303,1164,1313,Sham19Y0013667,1859,1250,1400,119,98
303,454,875,Sham19Y0013769,382,1128,1490,241,70
303,914,1538,Sham19Y0013769,383,344,822,354,70
303,1160,1316,Shamela0008540,1660,776,929,121,96
303,472,1521,Shia001831Vols,59,138,739,386,44
303,901,1363,JK000603,85,867,1520,198,32
303,1363,1538,JK000603,86,1,194,135,89
303,451,1305,Sham19Y0014224,173,725,1554,599,82
303,1305,1541,Sham19Y0014224,174,1,235,183,98
303,1141,1313,Sham19Y0013605,163,743,890,115,83
304,565,1030,Sham19Y0018259,399,450,868,226,54
304,4,492,Sham19Y0013769,383,826,1269,348,87
304,546,1047,Sham19Y0013769,384,617,1053,302,72
304,52,460,Shia001831Vols,59,705,938,173,52
304,10,395,Shamela0000140,621,1397,1576,108,35
304,612,1030,Sham19Y0017905,241,865,1077,125,39
304,22,375,JK000603,86,201,621,217,61
304,508,1030,JK000603,86,757,1142,165,35
304,4,1302,Sham19Y0014224,174,239,1505,927,84
304,1,211,Sham19Y0013605,163,924,1370,125,32
305,733,1291,Shamela0000140,322,1308,1558,188,41
305,887,1316,Sham19Y0017885,2353,1186,1537,277,77
305,887,1194,Sham19Y0014325,2536,1075,1363,165,52
306,281,527,JK007083,221,717,1025,175,72
306,290,738,Shamela0003485,375,382,696,220,60
306,998,1182,Sham19Y0017747,2322,272,479,106,60
306,281,527,JK006897,483,618,925,177,72
306,304,470,JK000272,1474,1335,1487,104,81
306,304,523,Shia000841Vols,8970,794,996,139,83
306,197,625,Shamela0001727,65,1,491,278,68
306,234,924,Shamela0005756,14653,439,808,191,34
306,444,932,Shamela0005756,15448,1,214,117,27
306,290,523,Shamela0000894,7925,188,415,172,94
306,281,542,Shamela0000427BK2,5150,516,778,189,91
306,317,523,Shia001831Vols,62,1,207,153,94
306,285,523,Shamela0006366,1481,1026,1258,164,89
306,1182,1446,JK000201,3898,984,1204,172,80
306,281,527,Zaydiyya0000054,405,467,679,147,75
306,213,625,Shamela0004289,72,426,900,255,66
306,169,625,Sham19Y0122406,236,741,1259,301,70
306,234,535,Shamela0000727,182,1091,1365,185,77
306,304,761,Sham19Y0020638,59,24,535,265,57
306,234,523,Shia001976Vols,1013,1129,1383,195,87
306,354,555,JK007065,111,1,168,116,75
307,1107,1339,JK007083,219,274,493,176,93
307,76,393,JK007054,61,1104,1405,239,91
307,1116,1556,Shamela0021629,811,948,1325,181,38
307,725,1064,Sham19Y0013769,1721,1281,1588,235,81
307,51,1200,Sham19Y0017747,2322,473,1319,507,54
307,1151,1339,Shia002616Vols,4243,896,1070,136,87
307,1107,1339,JK006897,480,681,908,177,94
307,216,393,Shamela0021590,1504,1,184,121,77
307,1107,1562,Shamela0001727,65,910,1329,328,89
307,1129,1339,Shamela0008381,6188,362,565,140,72
307,1107,1339,Shia001831Vols,62,1149,1376,177,94
307,1358,1562,Shia001831Vols,63,151,342,150,91
307,1248,1571,Shamela0004289,73,1,285,225,87
307,1087,1339,Shamela0023628,751,1244,1488,156,67
307,617,986,Shamela0023628,3296,700,1128,219,54
307,1107,1562,Sham19Y0122406,238,4,423,328,89
307,1107,1566,JK000384,199,483,1080,253,46
307,1078,1525,Sham19Y0132524,163,618,1015,225,55
307,1,393,Sham19Y0018144,3122,930,1310,305,96
307,1155,1556,Shamela0025800,3022,1,386,208,56
307,547,1020,Sham19Y0014224,1081,1043,1554,289,59
307,725,1047,Sham19Y0018272,63,313,480,130,49
307,1103,1581,Sham19Y0020638,59,535,1215,273,43
307,1107,1556,Sham19Y0013223,865,928,1287,241,61
307,1107,1339,Shamela0021654,1213,798,1077,150,58
307,1107,1571,ShamAY0033872,15,1056,1281,164,43
307,1034,1310,Sham19Y0017616,23,1214,1454,164,73
307,1365,1566,Shamela0000782,432,599,793,130,76
307,1107,1498,Shamela0000782,779,56,527,154,34
307,1365,1566,Shamela0000782,1010,86,288,132,77
307,1107,1566,Shamela0009279,5,901,1317,215,45
307,1107,1339,Shamela0010517,1503,498,733,186,98
307,1107,1339,Shamela0010517,2500,998,1209,162,85
307,1107,1551,Shamela0010517,2969,1203,1553,203,48
308,341,666,JK007083,220,1169,1459,220,83
308,103,700,JK000021,158,1073,1549,244,46
308,582,782,JK000021,1463,1267,1458,141,89
308,8,235,JK000021,2244,1277,1454,129,72
308,8,350,Shamela0007798,2608,935,1266,232,83
308,129,472,JK007064,789,380,682,186,63
308,103,591,Rafed0003257Vols,1506,82,576,299,64
308,386,591,Shamela0021629,399,675,876,165,98
308,192,333,ShamIbadiyya0000438,1129,1,146,113,95
308,8,333,Sham19Y0016584,3969,1078,1396,246,92
308,607,782,Shamela0011334,66,418,589,127,92
308,83,599,Shamela0000767,872,238,730,269,52
308,337,666,Shamela0000767,1829,914,1395,232,58
308,337,691,Shamela0000767,2768,280,712,236,64
308,8,409,Shamela0000767,4721,1021,1486,266,67
308,337,591,Shamela0000767,4908,928,1160,188,91
308,582,782,Sham19Y0148486,6661,332,524,142,89
308,125,472,Shamela0006610,1119,218,502,191,68
308,386,541,Zaydiyya0000142,3641,277,433,122,94
308,8,333,JK000977,114,464,893,222,59
308,350,786,JK006897,483,925,1242,191,48
308,341,621,Kraken220218125253,475,356,649,189,72
308,103,302,Sham19Y0127656,718,1224,1409,146,91
308,607,782,Shamela0002386,103,92,263,127,92
308,8,405,JK000110,1578,480,970,281,70
308,30,333,Shamela0025794,2196,1068,1360,227,92
308,30,333,Shamela0021715,9076,1,311,238,95
308,347,591,Shamela0025791,57,327,571,198,100
308,612,782,Shamela0025791,367,1,171,135,100
308,1,111,Shamela0001727,65,1329,1442,83,92
308,129,790,Shamela0001727,66,6,814,505,76
308,350,659,Sham19Y0017437,1491,671,1048,238,78
308,8,333,Shamela0005756,13630,1042,1360,247,92
308,582,782,Shamela0026884,669,356,560,152,91
308,595,782,Shamela0010639,375,1096,1292,148,95
308,333,782,Shamela0012014,98,307,696,149,29
308,604,786,Sham19Y0127677,12649,1,433,128,37
308,381,621,Shamela0000894,4537,714,967,175,84
308,8,364,ShamAY0038083,181,126,621,219,52
308,373,659,Sham19Y0017903,48,675,935,204,86
308,1,591,Shia001831Vols,63,342,1093,365,56
308,350,663,Shamela0006366,1447,403,745,232,82
308,591,782,Shamela0006366,1492,640,846,151,92
308,337,591,Shamela0004289,74,18,259,196,94
308,347,591,Shamela0001449,68,1169,1400,188,94
308,347,674,Shamela0023628,121,248,546,216,81
308,137,659,Shamela0023628,752,5,426,314,72
308,1,691,Sham19Y0122406,238,423,1423,482,55
308,644,790,Sham19Y0122406,241,1,150,114,96
308,125,302,JK009324,3141,279,456,140,98
308,627,782,ShamAY0038464,57,876,1030,119,97
308,8,595,JK000384,200,221,913,393,65
308,595,782,JK000384,203,23,193,134,90
308,37,472,Shamela0008473,1193,350,870,267,59
308,125,666,Kraken230110004547,571,603,1139,273,49
308,8,333,Sham19Y0018106,3621,438,756,246,92
308,8,337,Shamela0026726,113,1004,1338,235,83
308,116,333,Sham19Y0018103,3554,1,222,173,97
308,341,616,JK001412,328,171,449,200,90
308,129,591,Shamela0025800,3022,1000,1443,209,40
308,373,659,Sham19Y0017729,50,547,807,204,86
308,8,333,Shamela0029741,78,1068,1386,246,92
308,129,333,Sham19Y0020638,59,1197,1401,165,100
308,184,782,Sham19Y0020638,60,53,730,391,63
308,369,666,Sham19Y0013223,909,1,350,226,78
308,360,773,Sham19Y0013223,931,523,850,197,60
308,8,333,Sham19Y0013252,8956,1215,1533,246,92
308,582,786,JK000022,967,499,693,142,88
308,582,782,Sham19Y0146127,3692,973,1156,141,88
308,120,472,Shamela0009242,3922,390,682,194,68
308,350,591,Shamela0021589,169,76,305,165,82
308,386,663,Shamela0021589,1671,1302,1544,180,78
308,582,782,Shamela0009690,2461,729,911,142,89
308,595,782,Sham19Y0023625,2655,758,954,148,95
308,373,591,Sham19Y0020891,1391,818,1032,171,96
308,129,472,Shamela0007264,303,744,1046,186,63
308,73,409,JK007065,743,525,872,222,75
308,582,782,JK007065,1195,1202,1395,141,84
308,103,674,Tafsir06049,1732,673,1414,332,50
308,8,333,Sham19Y0018176,2156,165,483,246,92
308,62,298,Sham19Y0148271,97,1195,1419,172,86
308,116,298,Shamela0021743,1862,1359,1535,139,93
308,98,333,Sham19Y0013605,4231,1,239,186,97
308,103,409,Shamela0009279,2,1329,1623,197,80
308,103,535,Shamela0009279,5,1135,1534,307,87
308,103,659,Shamela0010517,898,941,1515,422,91
308,103,409,Shamela0010517,2102,1006,1324,220,82
308,103,659,Shamela0010517,2473,824,1398,422,91
308,103,354,Shamela0010517,2476,1295,1549,188,87
308,354,659,Shamela0010517,2477,1,321,237,89
308,103,659,Shamela0010517,2481,988,1561,421,91
308,103,616,Shamela0010517,2494,1045,1571,389,91
308,103,659,Shamela0010517,2512,719,1293,422,91
308,220,674,Shamela0010517,2970,1,440,294,76
309,1032,1462,Sham19Y0013769,1722,486,868,213,57
309,255,400,Sham19Y0017747,2231,1070,1206,97,82
309,292,400,ShamAY0034073,3424,723,833,84,98
309,244,400,Shamela0021590,1442,259,391,101,82
309,287,400,Shia001831Vols,63,38,151,88,100
309,1365,1599,Shamela0023628,3296,1157,1373,118,58
309,405,647,Sham19Y0017729,508,1341,1550,167,79
309,967,1542,Sham19Y0014224,1082,523,1173,324,57
309,957,1290,Shamela0009279,6,94,427,255,90
309,292,405,Shamela0010517,1502,1121,1247,83,85
309,957,1290,Shamela0010517,2970,377,710,255,90
310,1404,1569,Shamela0021629,8,116,229,79,59
310,61,1057,Sham19Y0013769,1721,131,980,561,65
310,1418,1585,Sham19Y0013769,1723,1,159,127,89
310,1160,1340,Sham19Y0014442,3273,533,785,117,55
310,61,366,Shamela0023628,3296,1385,1622,192,75
310,1068,1585,Shamela0023628,3297,1,448,318,73
310,1195,1331,Sham19Y0122406,239,156,272,84,78
310,1345,1585,Kraken21033110,298,1297,1486,154,76
310,1,206,Sham19Y0014224,1082,156,340,144,84
310,393,766,Sham19Y0014224,1083,1188,1592,286,85
310,766,1068,Sham19Y0014224,1084,1,328,240,90
310,1401,1569,ShamIbadiyya0000135,201,1426,1544,80,59
310,1163,1569,Shamela0009279,4,1103,1361,151,45
311,847,1243,Shamela0021629,9,475,848,235,69
311,129,398,Shamela0021629,10,212,476,184,73
311,895,998,Shamela0021629,722,518,617,76,94
311,1,1548,Sham19Y0013769,1723,159,1518,1048,83
311,129,398,Shamela0000963,3062,443,707,184,73
311,512,983,ShamAY0035035,7416,1025,1602,179,31
311,129,398,ShamAY0035035,7417,877,1103,182,82
311,852,1218,Sham19Y0014249,650,953,1266,141,46
311,270,700,Shamela0021715,10255,109,590,252,53
311,1320,1548,Shia002702Vols,5859,791,1017,157,80
311,434,886,Sham19Y0014442,3273,1080,1477,264,70
311,1006,1548,Sham19Y0017811,79,712,1285,257,42
311,440,875,Shamela0005756,8712,580,985,303,84
311,429,1548,Sham19Y0035453,87,168,980,627,69
311,508,830,Shamela0001665,520,1298,1626,215,76
311,470,1243,Sham19Y0032476,332,376,1415,509,55
311,1,1316,Shamela0023628,3297,448,1195,531,48
311,1320,1548,Shamela0021608,1184,1118,1341,156,80
311,440,1548,Kraken21033110,299,219,1389,681,63
311,1,445,Sham19Y0014224,1083,548,967,339,93
311,440,886,Sham19Y0014224,1084,663,1115,360,98
311,1249,1548,Sham19Y0014224,1085,757,1052,228,96
311,156,440,Shamela0006137,84,68,521,200,50
311,1320,1548,Sham19Y0122142,435,435,646,143,71
311,500,1548,ShamAY0034198,16,357,1449,768,83
311,146,403,Shamela0009279,5,188,414,178,84
312,112,288,Shamela0021629,9,878,1125,124,63
312,136,377,Shamela0021629,10,562,745,122,64
312,1048,1239,Shamela0021629,854,274,456,151,95
312,461,699,Sham19Y0013769,1722,80,298,159,82
312,56,813,Sham19Y0013769,1724,1,441,340,55
312,856,1441,Sham19Y0013769,1725,126,667,399,81
312,136,377,ShamAY0035035,7417,1154,1330,117,61
312,1006,1239,ShamAY0035035,7441,387,595,165,84
312,1085,1239,Kraken22021606123201,388,895,1071,124,84
312,136,377,Shia002702Vols,1895,1374,1563,126,67
312,136,377,JK007114,1868,853,1042,126,67
312,1,388,Sham19Y0035453,87,980,1328,264,84
312,461,828,Sham19Y0035453,88,212,479,217,72
312,886,1218,Sham19Y0035453,216,1195,1527,167,61
312,1218,1452,Sham19Y0035453,217,1,237,174,87
312,1026,1441,Sham19Y0014827,319,192,625,307,82
312,136,377,Shamela0011468BK2,1920,70,259,126,67
312,881,1128,Shamela0023628,3298,39,287,157,71
312,50,281,Kraken21033110,300,50,350,128,53
312,1076,1244,Kraken21033110,305,885,1068,129,82
312,1,516,Sham19Y0014224,1085,1052,1515,365,88
312,516,1452,Sham19Y0014224,1086,1,928,720,92
312,1073,1441,Sham19Y0013252,5017,120,405,190,62
312,1285,1452,Shamela0006137,84,895,1067,134,96
312,1048,1279,Shamela0037458,4199,448,699,158,72
312,1040,1239,Sham19Y0023625,2788,833,1036,135,75
312,1048,1244,Sham19Y0013783,3623,480,679,147,86
312,136,383,Shamela0009279,5,434,623,125,64
313,456,646,Sham19Y0017350,1031,1,205,140,87
313,150,796,Sham19Y0013769,1725,726,1591,364,47
313,796,1081,Sham19Y0013769,1726,1,286,230,100
313,243,885,Shamela0021715,9074,566,961,281,54
313,334,646,Sham19Y0017811,80,500,908,227,68
313,1,776,Shamela0005756,8409,866,1621,554,86
313,776,1081,Shamela0005756,8410,1,302,243,98
313,166,471,Shamela0005756,13626,780,1212,148,39
313,289,646,Shamela0001665,522,173,634,266,71
313,1102,1528,Shia001831Vols,63,478,718,115,29
313,1,243,Sham19Y0014224,1086,1373,1615,193,99
313,413,1092,Sham19Y0014224,1087,98,1103,447,54
313,711,1092,Shamela0006137,113,12,386,299,96
313,342,646,ShamAY0034198,17,952,1359,234,72
313,315,1121,Sham19Y0017063,50,1,832,583,82
314,1183,1506,Shamela0004473,15839,37,382,207,67
314,1244,1495,ShamAY0033531,3655,943,1090,116,58
314,1244,1495,ShamAY0033531,4838,412,559,116,58
314,613,880,Sham19Y0018103,1849,366,684,130,48
314,1270,1495,Sham19Y0017063,1224,1,132,96,53
314,743,880,Sham19Y0013605,2392,67,204,111,100
315,1,324,Shamela0007891,2231,1110,1439,179,58
315,359,510,Sham19Y0020583,977,86,254,108,82
315,55,503,Shamela0006610,1134,738,1076,225,64
315,393,521,JK009390,2629,377,511,86,83
315,1,268,Shamela0005803,103,1147,1401,193,92
315,168,503,JK000977,116,96,671,227,51
315,9,408,Shamela0009200,432,450,971,230,52
315,1,293,Zaydiyya0000015,1792,297,580,201,88
315,1,389,JK000002,33,616,1090,190,45
315,118,510,ShamIbadiyya0000279,516,555,951,194,48
315,1,329,Shamela0001727,66,1135,1455,228,82
315,329,510,Shamela0001727,67,1,182,142,100
315,52,513,Sham19Y0013572,272,1,315,230,64
315,353,510,Sham19Y0127677,14215,1136,1299,109,81
315,287,705,Shia001831Vols,64,942,1272,212,57
315,973,1301,Shamela0000140,1159,122,338,148,51
315,4,398,Shamela0004289,74,420,801,212,57
315,86,510,Shamela0004289,943,13,420,204,48
315,408,521,Shamela0001975,1026,231,343,81,91
315,287,510,Sham19Y0122406,243,359,632,174,81
315,142,521,Shia002265Vols,896,1,251,179,61
315,1,389,ShamAY0038157,34,594,1049,191,47
315,408,510,Sham19Y0038171,1905,350,452,80,100
315,329,510,Sham19Y0037618,4637,860,1037,111,79
315,55,272,ShamAY0033531,2936,651,868,168,99
315,55,272,ShamAY0033531,4119,312,529,168,99
315,1,416,Sham19Y0018144,216,923,1451,229,48
315,968,1381,Sham19Y0018144,3076,786,1198,323,95
315,55,491,Shamela0025800,3017,1243,1550,221,65
315,193,503,Sham19Y0017791,1657,1,157,116,47
315,408,521,Shamela0021659,1410,955,1068,81,92
315,118,510,Shia002294Vols,814,1008,1335,192,59
315,52,503,Sham19Y0020638,60,867,1177,225,64
315,172,458,Shamela0009873,684,855,1093,121,46
315,1,268,Shamela0000041,1415,86,382,179,68
315,1040,1308,Sham19Y0023625,2547,277,792,169,37
316,1,979,Shamela0000432,4151,721,1420,508,63
316,1470,1601,Shamela0000432,4151,1431,1558,102,96
316,1,979,Shamela0010664,681,1,838,574,69
316,1470,1601,Shamela0010664,681,849,976,102,96
316,5,832,Shamela0000140,1157,860,1565,545,80
316,832,1082,Shamela0000140,1158,1,256,196,94
316,105,424,Sham19Y0122406,242,1168,1516,164,50
316,1,164,ShamAY0000351,661,1349,1512,135,100
316,164,1601,ShamAY0000351,662,1,1431,1153,98
316,35,866,Sham19Y0132973,418,146,778,391,53
316,183,321,Sham19Y0018272,536,686,808,101,88
316,1,332,Sham19Y0013223,2564,48,198,124,45
316,1,321,Shamela0009242,659,1297,1566,217,82
316,321,792,Shamela0009242,660,1,440,340,86
316,1,665,Sham19Y0023625,2546,568,1070,343,62
316,1444,1601,Sham19Y0023625,2546,928,1100,121,86
317,397,1100,ShamAY0034059,3117,1072,1531,225,34
317,378,1176,Sham19Y0131521,5533,796,1563,565,84
317,12,357,Shamela0000432,4152,1,344,266,91
317,378,903,Shamela0010664,680,600,1159,302,58
317,1,378,Shamela0010664,681,976,1353,283,89
317,382,1165,Shamela0000140,1156,740,1378,385,57
317,373,1256,JK000201,2706,562,1413,617,83
317,1360,1516,JK000201,2707,927,1075,113,92
317,303,1349,ShamAY0000351,661,390,1244,639,75
317,1,139,ShamAY0000351,662,1431,1569,109,100
317,139,397,ShamAY0000351,663,1,303,201,78
317,422,1155,ShamAY0033531,2935,834,1543,389,56
317,422,1182,ShamAY0033531,4118,488,1217,397,53
317,400,1100,ShamAY0034383,570,1,706,561,98
317,492,642,Sham19Y0013223,2564,298,446,109,87
317,1,357,Shamela0009242,660,566,922,270,88
317,538,1100,Shamela0009242,661,1,678,336,50
317,392,1516,Sham19Y0023625,2545,346,1421,774,83
317,1,357,Sham19Y0023625,2546,1100,1434,258,87
317,363,1221,Sham19Y0014601,5360,534,1347,580,80
317,1110,1349,Shamela0008360,748,223,487,100,45
317,387,862,Shamela0000791,738,1078,1545,349,90
317,862,1221,Shamela0000791,739,1,316,250,86
318,138,644,ShamAY0034015,5,1,302,201,47
318,673,1471,Shamela0001727,67,366,1186,566,81
318,14,290,Shamela0010664,680,1349,1504,117,53
318,644,1008,Sham19Y0127677,12462,822,1233,237,70
318,967,1417,Sham19Y0127677,20049,418,923,226,52
318,864,1000,Shia001831Vols,65,1,180,105,74
318,1,357,Shamela0000140,1157,170,572,254,73
318,1108,1471,Shamela0004289,81,697,1152,220,60
318,810,1138,Shamela0004289,82,1,455,181,50
318,733,1182,Shamela0008316,400,342,845,270,61
318,673,1004,ShamAY0034815,436,888,1211,235,87
318,673,1471,Sham19Y0122406,244,96,915,565,81
318,6,346,JK000603,92,943,1333,253,79
318,11,357,Sham19Y0018144,3076,151,563,217,60
318,893,1440,Shamela0025800,2586,752,1248,204,37
318,994,1440,Shamela0009292,15,442,956,232,56
318,1026,1440,Sham19Y0020638,61,5,265,199,61
318,994,1444,ShamAY0033872,16,196,497,218,62
318,97,338,Sham19Y0023625,2546,1,273,189,86
319,210,623,Shamela0007891,41,76,477,193,47
319,152,623,JK001012,318,493,978,271,68
319,50,788,Sham19Y0016584,3908,82,804,257,33
319,266,619,Shamela0008176,186,357,693,145,40
319,10,619,JK000977,117,440,1277,387,55
319,206,532,Shamela0001719,1790,317,578,165,64
319,266,500,Sham19Y0013614,32,1267,1477,146,79
319,206,564,Shamela0021809,3122,997,1383,254,83
319,426,579,Kraken220413030905,312,1,188,108,74
319,10,202,Shamela0009200,511,834,1006,134,89
319,118,631,ShamIbadiyya0000279,105,814,1360,227,43
319,10,312,Shamela0025794,4018,1,421,154,38
319,206,619,Shamela0025794,4026,548,975,298,88
319,210,631,Shamela0021715,8932,741,1163,194,45
319,50,532,Sham19Y0016684,1853,921,1413,252,55
319,35,575,Zaydiyya0000265,1085,178,388,135,32
319,10,619,Shamela0001727,68,1,708,469,85
319,56,619,JK009266,2696,309,881,185,34
319,263,745,Shamela0000432,4574,914,1309,180,39
319,352,619,Shia001960,367,1,267,175,79
319,10,783,Sham19Y0013572,311,452,1024,266,37
319,266,740,JK001236,24,669,1125,292,79
319,210,788,Shamela0005756,13479,162,714,214,36
319,21,202,Sham19Y0127677,7027,1079,1264,136,95
319,210,456,Sham19Y0127677,10356,1257,1468,159,83
319,118,788,Sham19Y0127677,10357,169,939,388,63
319,266,575,Shamela0004473,3848,378,695,229,94
319,388,745,Shamela0012884,1345,11,267,177,65
319,244,740,Tafsir09084,550,569,972,202,44
319,10,202,Shia001831Vols,65,1152,1346,150,98
319,227,619,Shia001831Vols,66,1,393,300,99
319,263,788,ShamAY0033741,29,761,1291,191,33
319,206,619,Shamela0004289,80,809,1223,317,99
319,278,745,Shamela0021502,199,1,428,253,70
319,258,631,ShamAY0034815,433,1,375,158,40
319,10,312,Sham19Y0122406,245,591,932,171,51
319,206,619,Sham19Y0122406,246,347,760,317,100
319,788,1437,Sham19Y0122406,4435,183,820,514,97
319,266,575,JK009324,3084,1251,1461,145,62
319,266,623,Sham19Y0145212,138,124,845,137,20
319,10,202,JK000384,47,1154,1342,147,97
319,210,532,JK000384,49,1036,1361,226,87
319,210,418,Shamela0037837,414,194,366,111,69
319,210,377,Shamela0037837,784,96,235,103,79
319,263,619,JK000340,1,1097,1378,198,74
319,206,608,Shamela0008473,1255,1083,1427,244,76
319,210,631,Sham19Y0018106,3575,674,1096,193,45
319,10,619,Sham19Y0018144,208,293,958,387,72
319,10,312,JK008250Vols,257,744,1075,180,64
319,307,631,Sham19Y0018103,3501,1,313,121,35
319,47,568,Shamela0025800,2585,1096,1402,219,55
319,266,788,Sham19Y0017791,50,810,1340,162,28
319,476,619,Sham19Y0017791,51,942,1415,76,20
319,393,783,Shamela0095735,583,5,332,165,48
319,263,740,Sham19Y0132415,1086,74,638,261,54
319,393,572,Kraken220413202218,1223,281,418,100,72
319,206,452,Shamela0009292,13,914,1381,133,32
319,452,619,Shamela0009292,14,5,201,112,77
319,206,619,ShamAY0034005,62,668,1072,272,80
319,35,623,Sham19Y0020638,61,309,821,386,85
319,42,619,Shamela0012981,1069,48,582,294,53
319,10,312,Shamela0012981,1091,457,750,162,63
319,56,619,Shamela0021766,988,859,1364,192,36
319,393,631,Sham19Y0013252,2487,1116,1299,118,65
319,50,788,Sham19Y0013252,8813,95,815,260,33
319,263,568,ShamAY0035260,1,1263,1446,131,57
319,266,619,Sham19Y0016976,100,380,736,146,39
319,10,312,ShamAY0033872,16,587,906,165,60
319,50,745,Sham19Y0017616,25,65,700,373,68
319,50,619,Shamela0000041,631,79,770,248,39
319,35,575,Sham19Y0020891,179,476,795,228,56
319,190,745,JK007065,138,1,341,189,45
319,383,619,Tafsir07076,1829,683,1070,163,56
319,50,575,Sham19Y0018176,2120,914,1418,208,38
319,266,619,Sham19Y0122257,76,526,804,184,67
319,263,600,Shamela0010443,293,1284,1495,152,60
319,118,619,Sham19Y0148271,433,177,668,297,66
319,263,612,Rafed0003902Vols,1155,1163,1442,188,69
319,266,783,Shamela0008360,8,5,460,163,34
319,114,619,Shamela0010517,62,761,1136,244,62
320,1245,1385,Shamela0009702,527,444,775,95,35
320,6,396,Sham19Y0122406,4435,820,1185,291,91
321,1360,1552,Sham19Y0014309,57,1123,1318,135,80
321,680,1105,Shamela0005793,401,634,1219,154,26
321,304,971,JK000603,93,700,1521,485,69
321,951,1211,JK000603,94,12,213,120,55
322,561,832,Shamela0021715,2058,749,1003,201,93
322,326,884,Shamela0001727,67,530,1085,99,13
322,1274,1449,Shamela0001673,2760,1165,1311,118,83
322,1149,1492,Shia001831Vols,65,418,703,172,59
322,326,884,Sham19Y0122406,244,260,814,99,13
322,1286,1449,Sham19Y0018106,1004,995,1125,102,75
322,282,469,JK000603,91,467,650,120,80
322,16,303,JK000603,92,173,379,146,60
322,316,597,Sham19Y0018144,3044,1106,1503,214,67
322,597,1492,Sham19Y0018144,3045,1,867,665,89
323,964,1468,Sham19Y0020944,578,800,1344,279,59
323,950,1272,JK000021,35,861,1237,227,73
323,964,1272,Sham19Y0123510,706,386,779,219,67
323,1305,1487,Shia001432Vols,8606,225,409,134,92
323,964,1344,Shamela0021495,415,354,838,253,64
323,1290,1409,Sham19Y0145435,5291,1,120,95,100
323,232,704,Shamela0011334,30,393,866,307,71
323,964,1268,Sham19Y0148486,4974,386,794,229,68
323,986,1487,Sham19Y0148486,5294,400,1230,335,50
323,964,1344,Shamela0006610,863,799,1115,225,71
323,995,1344,Sham19Y0019188,5316,174,556,215,62
323,964,1272,Sham19Y0016546,1393,532,844,207,76
323,964,1325,Shamela0008176,4405,45,483,236,66
323,1277,1487,Shamela0005803,307,518,733,155,91
323,964,1268,JK000977,118,649,931,216,87
323,1315,1487,JK000977,120,1,173,136,99
323,1277,1487,Shamela0001719,1903,1017,1217,150,88
323,986,1344,Shamela0001719,1910,291,788,241,61
323,1277,1487,Shamela0009918,1186,501,705,138,80
323,1016,1147,Sham19Y0020892,144,1144,1277,103,96
323,227,606,Shamela0002386,56,1128,1499,291,94
323,986,1344,JK000110,1029,41,568,248,59
323,964,1152,Shamela0002863,1894,1275,1455,134,87
323,964,1344,Shamela0002863,1995,938,1264,231,72
323,1277,1483,ShamIbadiyya0000279,551,92,268,121,71
323,986,1344,Shamela0025794,4548,873,1437,238,53
323,964,1272,Shamela0025794,4552,536,925,216,67
323,1277,1483,Kraken22021606123201,423,1298,1470,130,76
323,1025,1185,JK000787BK1,897,1,132,102,80
323,1277,1487,Sham19Y0036110,182,676,884,165,99
323,995,1416,ShamAY0034015,5,866,1059,144,43
323,964,1196,Shamela0029677,1901,1305,1548,161,77
323,964,1272,Sham19Y0131521,3697,832,1195,220,74
323,950,1189,Sham19Y0131521,3700,931,1287,164,57
323,986,1272,Shamela0021715,6205,532,923,210,67
323,986,1272,Sham19Y0016684,1475,794,1205,211,64
323,909,1286,Shamela0001727,68,708,1326,266,53
323,986,1487,Shamela0001727,69,504,941,199,37
323,1305,1487,JK000916,5332,922,1103,143,98
323,995,1344,Shamela0000432,2460,725,1103,214,62
323,995,1344,Shamela0000432,2497,781,1158,214,62
323,1157,1449,Shamela0000432,6021,1243,1496,135,60
323,964,1147,JK009151,455,982,1145,126,84
323,1309,1483,Shamela0012750,56,1,181,133,92
323,1305,1487,Shamela0003118,1887,952,1133,143,98
323,1016,1147,ShamAY0038201,462,176,307,105,100
323,964,1409,Shia004518,69,1,442,218,51
323,208,621,JK007099,84,1033,1473,310,85
323,1141,1483,JK000786,2869,907,1276,173,44
323,964,1185,JK000786,2871,1230,1440,158,87
323,964,1286,JK000786,3457,197,561,209,69
323,1147,1483,JK000786,3953,884,1243,154,39
323,1011,1473,Shamela0012014,112,7,737,282,48
323,1309,1487,Sham19Y0127677,4226,488,666,140,98
323,946,1272,Sham19Y0127677,13570,238,951,239,42
323,909,1272,Sham19Y0127677,13571,253,921,260,48
323,1305,1487,Shamela0012884,1423,739,921,145,100
323,919,1409,Shamela0011816,214,622,1205,305,60
323,959,1344,Sham19Y0096629,255,626,1008,200,57
323,964,1468,Shamela0117359,642,347,949,279,54
323,1003,1272,Kraken230106005528,980,1,306,170,66
323,1277,1487,JK007049,29,1131,1331,151,88
323,964,1286,JK007049,104,574,942,208,68
323,909,1487,Sham19Y0013231,5826,960,1206,186,40
323,964,1344,ShamAY0031578,3022,1038,1441,220,61
323,1147,1487,Sham19Y0017903,44,857,1200,178,49
323,964,1344,Sham19Y0017903,1017,527,966,240,62
323,964,1344,Shamela0022547,382,578,939,221,62
323,909,1272,Shia001831Vols,66,592,1188,256,53
323,964,1344,ShamAY0034249,6937,271,601,186,57
323,939,1147,Shia004519,76,1284,1532,148,71
323,964,1344,Shamela0001442,472,1191,1469,185,61
323,343,495,Shamela0000140,826,25,177,115,94
323,982,1185,Shamela0021619BK2,2684,330,503,129,80
323,1277,1487,Shamela0004289,17,1038,1256,155,89
323,964,1286,Shamela0004289,48,533,953,228,68
323,964,1409,Shamela0007370,1438,538,1124,272,55
323,964,1152,ShamAY0034282,3364,315,488,128,86
323,1334,1487,Shamela0001449,238,1,156,115,94
323,909,1166,Sham19Y0122406,246,1027,1425,185,58
323,986,1487,Sham19Y0122406,249,562,999,199,37
323,1277,1483,Shia002265Vols,168,696,892,148,88
323,964,1272,Sham19Y0145212,2218,678,1050,209,66
323,964,1344,Shamela0000927,998,277,759,238,58
323,995,1344,Shamela0021677,3205,718,1100,213,61
323,1016,1147,Shamela0021608,784,1232,1364,105,99
323,964,1344,Sham19Y0001734,77,215,658,245,64
323,964,1147,Sham19Y0132524,171,1204,1374,136,92
323,1277,1487,Sham19Y0132524,174,14,209,155,92
323,1277,1483,Rafed0003571Vols,1302,1316,1501,148,87
323,995,1206,Shamela0021693,1948,1306,1477,133,79
323,1277,1487,Sham19Y0037618,4112,503,698,155,92
323,1277,1483,Shamela0001438,6123,383,579,148,88
323,964,1272,Kraken230110004547,507,852,1214,201,64
323,986,1272,Sham19Y0018106,2687,619,1030,211,64
323,898,1272,JK000603,94,179,621,246,64
323,964,1272,Shamela0036446,604,1013,1369,207,69
323,1309,1487,Shamela0036446,859,245,421,129,90
323,1305,1487,Shamela0009107,107,220,401,143,98
323,999,1272,ShamAY0035990,47,269,629,122,37
323,1277,1473,ShamAY0035990,191,1225,1433,149,86
323,1305,1487,Shamela0025800,2268,646,828,145,100
323,986,1272,Shamela0025800,2818,305,711,213,65
323,964,1325,Sham19Y0017791,1139,1016,1382,228,69
323,964,1344,Shamela0096283,309,671,1232,248,52
323,1147,1487,Sham19Y0017729,46,740,1081,178,49
323,1277,1487,Sham19Y0132415,1079,436,647,167,99
323,1305,1483,Shamela0026333,192,336,519,138,95
323,950,1272,ShamAY0035950,270,407,1155,231,38
323,939,1272,Sham19Y0020638,61,887,1310,241,68
323,1277,1487,Sham19Y0020638,62,321,523,155,89
323,764,874,Sham19Y0020638,1569,410,525,89,95
323,1277,1487,JK000216,99,1072,1308,167,88
323,964,1277,Shamela0012981,615,966,1216,147,55
323,964,1272,Shamela0003722,4413,249,535,218,87
323,964,1272,Shamela0030586,17,1027,1416,233,72
323,964,1272,JK000475,1800,820,1225,227,70
323,964,1272,Sham19Y0020591,961,1076,1439,220,74
323,964,1344,Shia000820Vols,466,1168,1470,181,52
323,964,1185,Shia000820Vols,2682,1129,1342,160,88
323,964,1344,Shia000820Vols,2978,613,1092,253,62
323,986,1344,Sham19Y0013252,6422,840,1378,251,58
323,964,1272,Shamela0010013,292,153,395,185,75
323,995,1344,Shamela0008463,4800,837,1219,215,62
323,995,1487,Sham19Y0146127,2681,787,1379,307,60
323,995,1367,Sham19Y0146127,2877,773,1143,216,65
323,939,1277,Sham19Y0016976,1145,793,1224,147,33
323,1058,1272,Sham19Y0022797,166,960,1162,155,88
323,1058,1344,Sham19Y0022797,535,1,355,182,58
323,964,1344,Shamela0009242,3104,84,471,224,61
323,904,1487,Sham19Y0017616,13,287,1066,422,66
323,964,1249,Sham19Y0013241,1470,1153,1525,201,65
323,964,1272,Rafed0000167,8,1055,1347,218,86
323,1309,1487,JK007065,1129,766,944,142,100
323,986,1272,JK007065,1136,568,975,213,65
323,986,1344,Sham19Y0017798,1639,509,902,201,57
323,986,1344,Sham19Y0018176,1479,177,706,249,59
323,964,1468,Sham19Y0014119,374,493,1017,310,67
323,964,1272,Sham19Y0148271,1984,146,472,215,80
323,1277,1483,Rafed0003902Vols,4866,1258,1443,148,87
323,964,1468,Shamela0008360,522,10,567,303,61
323,982,1268,Shamela0021743,1473,1001,1246,187,82
324,1019,1183,Shamela0001733,4047,293,451,120,90
324,435,850,Shia001432Vols,8606,1,414,180,40
324,418,776,Sham19Y0145435,5290,1195,1468,162,58
324,183,405,Sham19Y0145435,5291,136,359,174,98
324,971,1183,Sham19Y0016584,2875,746,1036,143,56
324,418,667,Sham19Y0016584,4463,323,588,190,91
324,1,179,ShamAY0034284,10,634,808,128,92
324,1019,1183,ShamAY0034284,11,1082,1231,116,90
324,418,671,Shamela0000767,1861,187,424,171,85
324,1,179,Shamela0000767,4119,192,367,135,96
324,188,412,Sham19Y0148486,4975,15,251,152,75
324,1,412,Sham19Y0148486,5286,672,1153,253,64
324,1001,1183,Sham19Y0148486,5294,236,442,132,77
324,192,412,Sham19Y0148486,5295,1,226,140,75
324,21,661,JK009390,6092,61,535,176,29
324,1,179,Shamela0005803,307,733,907,133,94
324,1008,1183,JK000977,118,1175,1382,138,84
324,1,401,JK000977,120,173,563,294,90
324,493,657,JK000977,121,1,170,118,88
324,1,211,Shamela0001719,1903,1217,1428,159,96
324,971,1183,Shamela0001719,1910,39,331,146,59
324,418,667,JK000110,1790,491,756,192,92
324,1019,1183,Shamela0021809,2618,379,537,119,88
324,16,401,ShamIbadiyya0000279,551,268,653,298,96
324,1019,1183,Shamela0025794,4548,755,913,119,88
324,1,183,Sham19Y0036110,182,884,1073,131,84
324,1019,1183,Shamela0021715,6205,414,572,119,88
324,418,667,Shamela0021715,6502,642,824,143,72
324,418,667,Shamela0021715,6503,12,339,149,52
324,418,667,Shamela0021715,10269,472,737,190,91
324,1,401,Shamela0001727,69,941,1349,307,93
324,418,667,Shamela0001727,70,133,399,193,92
324,1,376,JK000916,5332,1103,1484,283,93
324,418,678,JK006838,960,828,1035,135,63
324,1,134,Shamela0000432,6022,5,145,101,92
324,1,401,Shamela0012750,56,176,575,301,93
324,1,361,Shamela0003118,1887,1133,1498,270,93
324,418,850,Shia004518,69,817,1191,165,41
324,418,667,Shamela0026568,249,707,889,141,71
324,1,131,JK000786,2869,1246,1390,98,87
324,1,179,JK000786,3953,1238,1426,130,86
324,260,401,Sham19Y0013572,619,795,922,88,71
324,1019,1183,Shamela0005756,10658,1141,1300,117,86
324,485,776,Shamela0005756,14663,1,266,162,65
324,418,814,Shamela0012014,112,657,1014,237,72
324,466,1162,Shamela0012014,113,80,678,226,32
324,1,179,Sham19Y0127677,4226,666,883,128,72
324,418,671,Sham19Y0127677,18510,1011,1279,193,91
324,418,713,Shamela0000894,1105,720,1098,211,72
324,1,192,Shamela0012884,1423,921,1107,136,91
324,100,401,JK007049,30,5,285,218,91
324,1,134,Sham19Y0013231,5823,195,329,102,97
324,1,179,Sham19Y0013231,5826,1206,1389,138,96
324,418,671,Masaha001961Vols,1158,507,698,142,69
324,418,657,Shamela0035100,253,1,203,144,70
324,1,179,Sham19Y0017903,44,1200,1379,138,98
324,1008,1341,Shia001831Vols,67,582,1011,185,51
324,1,667,Shia001831Vols,68,72,1196,506,56
324,456,944,Shia001831Vols,69,523,988,190,37
324,418,850,Shia004519,77,690,1073,165,40
324,1,183,Shamela0004289,17,1256,1439,141,98
324,183,401,Shamela0004289,18,1,224,168,94
324,418,723,Shamela0004289,50,10,340,209,73
324,418,797,Shamela0004289,1597,324,664,230,73
324,1,179,Shamela0001449,238,120,300,134,92
324,418,667,Shamela0023685,273,567,749,142,72
324,1,401,Sham19Y0122406,249,999,1399,310,96
324,418,776,Sham19Y0122406,250,992,1355,211,73
324,1,661,Shia002265Vols,168,887,1370,197,34
324,418,717,JK009324,2946,814,1047,162,67
324,1,179,Shamela0000927,998,61,261,129,78
324,418,703,Shamela0000927,1015,530,837,196,80
324,1019,1183,JK000384,38,962,1115,120,92
324,1,401,JK000384,40,1,454,243,63
324,1,401,JK000384,41,104,498,301,93
324,418,667,JK000384,41,957,1142,139,68
324,515,1162,JK000384,42,595,1242,196,27
324,418,723,Shamela0037837,574,718,1031,219,85
324,418,667,Sham19Y0001734,1807,462,701,177,89
324,1,179,Sham19Y0132524,174,209,388,138,98
324,418,713,Shamela0001875,1287,641,969,212,81
324,70,401,Rafed0003571Vols,1303,1,332,256,95
324,418,1162,Shamela0009770,566,1,892,440,58
324,971,1183,Sham19Y0018106,2687,367,659,143,56
324,418,667,Sham19Y0018106,2800,515,697,143,72
324,418,653,Sham19Y0018106,4000,1222,1473,181,92
324,163,401,Sham19Y0018144,242,1,233,159,77
324,1,485,Shamela0036446,859,385,850,330,84
324,1,401,Shamela0009107,107,401,813,301,91
324,971,1183,Sham19Y0018103,2576,899,1189,143,56
324,418,678,Sham19Y0018103,2700,1282,1471,143,69
324,418,667,Sham19Y0018103,3958,883,1148,190,91
324,1,401,Shamela0025800,2268,828,1237,307,93
324,694,1039,Shamela0025800,2269,1109,1435,190,68
324,252,401,Shamela0025800,2764,988,1158,100,70
324,418,713,Shamela0096283,323,106,362,162,64
324,1,179,Sham19Y0017729,46,1081,1259,138,97
324,1,179,Sham19Y0132415,1079,647,826,138,98
324,1,183,Shamela0026333,192,514,716,129,80
324,1,405,ShamAY0034005,36,353,801,249,65
324,418,685,ShamAY0034383,407,924,1121,150,71
324,1,667,Sham19Y0020638,62,523,1366,504,76
324,1,122,JK000216,99,1308,1425,92,96
324,1,179,JK000216,451,203,417,131,75
324,418,871,Shamela0001467,89,650,1023,247,67
324,418,667,Shamela0009873,1796,678,870,136,69
324,971,1183,Sham19Y0013252,6422,590,880,143,56
324,260,401,Sham19Y0013252,6833,991,1124,75,53
324,418,667,Sham19Y0013252,10059,124,389,190,91
324,418,667,Masaha001946Vols,718,164,354,147,74
324,1,248,Masaha001946Vols,719,362,565,95,40
324,95,401,Sham19Y0146127,2682,6,339,190,65
324,1,405,Sham19Y0146127,2872,679,1122,253,67
324,418,667,ShamAY0036736,163,535,785,186,91
324,1,369,Sham19Y0017616,13,1066,1439,288,97
324,694,944,Sham19Y0017616,14,866,1109,178,86
324,418,667,Rafed0000167,8,222,417,146,71
324,418,667,Masaha002308Vols,512,1108,1290,143,72
324,694,944,JK007065,224,31,273,177,86
324,260,401,JK007065,567,1073,1213,88,71
324,1,401,JK007065,1129,944,1353,307,93
324,1019,1183,Sham19Y0018176,1479,59,217,119,88
324,418,713,Sham19Y0018176,1567,699,994,162,57
324,418,667,Sham19Y0018176,2404,124,389,192,92
324,694,1162,Sham19Y0148271,448,150,631,218,52
324,1019,1183,Sham19Y0013605,3152,1026,1184,119,88
324,418,713,Sham19Y0013605,3280,360,655,162,57
324,418,667,Sham19Y0013605,4713,968,1233,192,92
325,31,373,Shamela0097799,143,1180,1467,215,78
325,373,969,Shamela0097799,144,1,537,404,83
325,337,969,Sham19Y0013252,327,475,1117,216,32
325,373,611,Sham19Y0023625,115,475,703,139,65
326,173,413,Shamela0001733,4039,662,855,150,78
326,180,413,Kraken230107021738,199,1,193,144,75
326,279,413,JK009408,1883,550,701,89,74
326,302,413,JK000916,23728,365,471,84,95
326,173,413,JK000916,23729,509,709,146,73
326,125,413,Shia001782Vols,3270,31,277,158,66
326,180,413,Shamela0003722,6919,52,235,137,71
327,101,265,Shamela0005756,10962,1,181,114,73
327,96,321,Sham19Y0018144,3149,931,1194,144,62
328,254,654,Shamela0008176,4407,789,1213,258,75
328,273,857,JK000977,120,266,419,100,21
328,273,857,ShamIbadiyya0000279,551,347,501,104,22
328,273,857,Shamela0001727,69,1035,1189,104,22
328,273,857,JK000916,5332,1198,1347,103,22
328,273,857,Shamela0012750,56,269,418,103,22
328,273,857,Shamela0003118,1887,1226,1375,103,22
328,320,734,Shamela0001673,10550,1,464,212,51
328,273,857,Sham19Y0122406,249,1093,1247,104,22
328,273,857,JK000384,41,194,344,104,22
328,273,857,Rafed0003571Vols,1303,26,180,104,22
328,273,857,Shamela0036446,859,480,633,103,22
328,273,857,Shamela0009107,107,494,643,103,22
328,273,857,Shamela0025800,2268,922,1076,104,22
328,273,584,Sham19Y0017729,506,928,1180,198,80
328,313,630,Shia003732Vols,2592,25,308,183,69
328,273,537,ShamAY0034383,407,1234,1505,191,82
328,273,891,Sham19Y0020638,62,617,796,109,23
328,273,857,Sham19Y0017616,13,1159,1313,104,22
328,273,857,JK007065,1129,1038,1192,104,22
328,372,654,Sham19Y0122257,2060,407,675,208,92
328,351,660,Shamela0000791,677,1013,1315,235,94
329,692,900,Shia001831Vols,67,1,225,163,90
329,692,900,Sham19Y0122406,248,566,790,163,90
329,698,1089,Sham19Y0122406,249,52,328,204,64
329,1172,1559,Sham19Y0122406,250,1,398,298,93
329,91,243,Sham19Y0013631,1995,1033,1170,71,54
329,1078,1548,Shamela0009082,1718,741,1330,291,55
330,1186,1547,Sham19Y0131521,3701,824,1212,260,80
330,1039,1390,Shia001831Vols,66,1084,1392,131,37
330,1118,1547,Shamela0000140,791,793,1492,165,23
330,1,336,Sham19Y0122406,250,398,731,260,97
330,425,565,Sham19Y0122406,4437,1362,1502,114,100
330,565,839,Sham19Y0122406,4438,1,276,224,99
330,1033,1426,ShamAY0035990,47,444,708,136,36
330,1,262,Shamela0009082,1718,1191,1459,203,94
330,1095,1547,Sham19Y0017063,812,1,685,281,45
331,57,426,Sham19Y0131521,3699,1000,1535,291,66
331,57,478,Shamela0009059BK3,1964,884,1269,260,77
331,1032,1372,Shamela0000140,793,10,360,225,71
331,57,368,Sham19Y0017063,812,1295,1526,177,68
331,368,586,Sham19Y0017063,813,1,220,157,87
331,67,293,Shamela0009059BK2,6483,1130,1276,116,63
332,672,825,Sham19Y0013769,2348,980,1133,122,100
332,1101,1338,Sham19Y0017747,1167,33,280,141,64
332,554,825,ShamAY0000351,282,1006,1276,218,99
332,468,820,JK000990,164,1,208,158,55
332,430,833,ShamAY0034383,570,745,1147,317,98
332,424,825,Shamela0001467,90,590,987,320,99
333,1299,1461,Sham19Y0122402,486,459,639,109,73
333,114,512,Shamela0001727,72,662,1251,130,24
333,521,807,Sham19Y0147658,641,736,1027,235,98
333,114,512,Sham19Y0122406,254,839,1247,132,34
333,288,712,Shamela0025800,3141,419,722,132,35
334,722,1515,Shia001432Vols,25468,6,1483,368,27
334,1200,1361,Shamela0021629,509,4,226,109,57
334,1026,1361,Sham19Y0017350,104,1149,1554,226,64
334,1365,1554,Sham19Y0017350,105,71,262,126,74
334,1026,1361,Sham19Y0013769,222,1097,1478,219,66
334,1160,1361,ShamAY0035035,6392,58,392,152,54
334,1189,1361,Shia000376Vols,194,129,426,126,51
334,935,1428,Sham19Y0017747,2382,502,985,367,92
334,1250,1401,Shamela0021590,1558,47,204,111,81
334,47,202,Shamela0021715,2143,119,311,110,71
334,992,1361,Shamela0000432,5978,548,867,205,64
334,18,202,Sham19Y0017437,716,764,1004,117,61
334,1006,1554,Shamela0010639,346,793,1488,372,62
334,1063,1554,Sham19Y0035453,110,90,731,324,60
334,1102,1369,Sham19Y0122096,840,167,531,155,50
334,1192,1545,Shamela0022842,209,464,1146,193,32
334,28,219,Shia001831Vols,71,1147,1323,122,80
334,1006,1554,JK001336,152,387,760,173,37
334,1189,1361,Shamela0021660,230,788,998,120,69
334,28,713,Sham19Y0122406,255,865,1499,187,23
334,369,646,Sham19Y0122406,4439,1070,1351,228,98
334,1200,1401,Sham19Y0149697,465,855,1328,149,38
334,1017,1361,Shia000151,296,507,1008,212,48
334,1060,1545,Kraken220413202218,535,885,1526,199,33
334,28,219,Sham19Y0018272,871,692,1023,126,47
334,1063,1395,Sham19Y0013223,2515,8,626,246,48
334,1006,1554,Shamela0006848,115,597,1239,340,61
334,1055,1401,JK000001,1778,509,1149,258,49
334,1166,1545,Shamela0021654,1243,742,1447,212,34
334,1017,1538,Shamela0008544,126,496,965,360,86
334,939,1554,Sham19Y0016599,370,522,1097,454,91
334,1116,1481,Shamela0021589,1669,1,612,218,42
334,1106,1554,Masaha004651,23,1,1178,323,34
334,1006,1361,Sham19Y0023625,2536,684,1084,235,67
334,1095,1554,Sham19Y0023625,2537,417,757,176,47
335,1236,1560,Shamela0021629,14,838,1216,194,54
335,1236,1420,Shamela0021629,274,166,397,145,77
335,1217,1460,Shamela0021629,331,1005,1297,192,81
335,1217,1420,Shamela0021629,425,414,642,138,66
335,73,297,Shamela0021629,510,267,610,113,41
335,336,684,Shamela0021629,681,131,434,165,59
335,1,231,Sham19Y0017350,105,257,566,161,63
335,1,231,Sham19Y0013769,223,236,512,131,58
335,1231,1460,Shamela0001727,74,1,494,180,44
335,1236,1560,Shia002261Vols,176,690,1183,134,25
335,30,231,Shamela0010639,347,1,279,135,58
335,190,509,Shamela0001673,9063,1235,1463,87,35
335,1212,1560,Shamela0011816,158,679,1013,157,43
335,1,231,Sham19Y0035453,110,726,1083,138,44
335,1212,1560,Shamela0004289,67,321,839,204,46
335,1217,1420,ShamAY0034068,374,657,912,160,77
335,1236,1560,Shamela0001975,462,897,1184,137,45
335,884,1360,Sham19Y0122406,256,789,1404,270,44
335,1261,1420,Sham19Y0132524,178,1069,1276,124,73
335,336,669,JK001412,311,1031,1363,214,73
335,1217,1460,Shamela0025800,3440,155,503,180,64
335,6,297,Kraken220413202218,536,65,482,182,54
335,1236,1560,Shamela0021659,610,350,684,138,40
335,1126,1403,ShamAY0034383,149,153,589,195,53
335,1314,1560,Sham19Y0020638,65,1,725,189,32
335,1217,1420,Sham19Y0013223,781,1055,1309,160,77
335,6,252,Shamela0098087,142,986,1210,149,70
335,1,180,Shamela0006848,115,1234,1456,107,59
335,1420,1560,Shamela0021766,661,44,306,62,24
335,73,669,Shamela0008544,126,972,1483,344,72
335,1,458,Sham19Y0016599,370,1102,1545,343,93
335,458,669,Sham19Y0016599,371,1,208,161,96
335,1217,1407,Zaydiyya0000053,602,437,661,139,71
335,13,231,Sham19Y0023625,2538,561,880,130,51
335,1217,1446,Shamela0010517,1938,657,963,154,58
336,1283,1484,ShamAY0034059,2580,23,174,118,73
336,1283,1484,ShamAY0034059,2904,322,504,143,88
336,1,158,JK007083,218,885,1040,120,96
336,1,158,Shamela0021629,663,710,863,121,97
336,1,155,ShamIbadiyya0000438,1023,665,819,121,98
336,1,158,Sham19Y0148486,3384,1238,1402,123,94
336,1,158,JK009390,1160,182,340,124,99
336,1,158,Sham19Y0017747,2248,145,303,124,99
336,11,158,JK006897,479,1236,1386,116,98
336,1,158,JK006983,8,1223,1376,121,97
336,1100,1461,Sham19Y0131521,4829,1298,1561,193,63
336,1,158,Sham19Y0131521,4829,793,1026,120,63
336,723,1242,Sham19Y0131521,5526,694,985,182,41
336,1,158,Shamela0021590,1449,690,848,124,99
336,1,158,Shamela0021590,1450,1065,1223,123,98
336,1,158,Shamela0009270,235,729,893,123,94
336,1,158,Shamela0001727,74,1156,1313,124,100
336,1,158,Sham19Y0017757,178,562,720,124,99
336,1,155,Sham19Y0013572,1041,1268,1417,116,94
336,1,158,Shamela0009810,862,1113,1269,121,95
336,1,158,Shia002261Vols,176,1183,1340,124,100
336,1,158,Shamela0012014,389,820,973,121,97
336,1,158,Sham19Y0127677,1326,1241,1399,123,98
336,814,1169,Shamela0001673,11269,521,810,197,66
336,1,158,Shamela0004473,2727,143,303,118,93
336,1,158,Shia001731Vols,471,1069,1225,121,95
336,1,158,Shia001731Vols,615,42,199,122,96
336,1,155,Shamela0005922,2451,475,624,114,92
336,1288,1475,Sham19Y0013231,159,339,608,131,60
336,1288,1424,Sham19Y0013231,285,1287,1501,104,60
336,940,1169,Sham19Y0013231,620,1303,1517,101,38
336,1,158,Sham19Y0035453,122,635,785,118,94
336,1,158,Sham19Y0017903,48,372,523,119,96
336,737,1279,Shia001831Vols,73,293,669,246,55
336,1,158,Shia001831Vols,74,443,601,124,99
336,1,158,JK006950,3890,413,566,121,97
336,1,158,Shamela0011290,17,1339,1496,124,100
336,909,1283,Shamela0000140,1338,1061,1373,208,67
336,1,158,Shamela0000140,2159,603,756,121,97
336,1190,1400,Shamela0000140,2175,51,243,146,84
336,878,1169,JK000201,2299,1,236,171,69
336,1,158,Shamela0004289,67,839,996,124,100
336,1,158,Shamela0001975,462,1184,1341,124,100
336,1279,1479,Shamela0009702,930,1557,1718,120,72
336,1,162,Sham19Y0122406,259,628,790,127,99
336,1,158,Shia002265Vols,5319,373,531,124,99
336,1,162,Shamela0029967,97,970,1131,126,99
336,1,158,Sham19Y0037618,4410,425,582,124,100
336,1,158,Shamela0001438,2008,763,920,123,99
336,814,1131,ShamAY0033531,2932,313,583,206,77
336,814,1131,ShamAY0033531,4115,4,274,206,77
336,1,158,JK000381,9585,747,900,121,97
336,1,158,Sham19Y0018144,223,964,1119,120,95
336,1,158,Zaydiyya0000080,269,157,314,124,100
336,1,158,Sham19Y0017729,50,253,410,124,100
336,1,158,Shamela0021659,610,684,836,120,96
336,17,192,Sham19Y0018272,1079,27,382,121,43
336,717,887,ShamAY0034383,551,1407,1576,135,98
336,887,1495,ShamAY0034383,552,1,609,495,100
336,1,158,Sham19Y0020638,65,725,882,124,100
336,1,158,Shamela0021766,661,306,462,121,96
336,1,158,Sham19Y0146127,1776,863,1027,123,94
336,1274,1484,Shamela0012052,2187,592,831,165,86
336,1,158,Sham19Y0017616,233,842,993,119,96
336,1,162,Sham19Y0020590,290,744,978,125,67
336,748,1279,Sham19Y0023625,2551,1060,1566,394,91
336,1,158,JK007065,973,959,1116,124,100
336,823,1190,Sham19Y0017063,633,1225,1389,125,42
336,1,158,Shamela0022644,2556,129,287,124,99
336,1,158,Sham19Y0022884,282,296,453,124,100
336,48,158,Shamela0021537,1048,5,115,85,98
337,977,1391,ShamIbadiyya0000438,1022,503,847,198,51
337,1,418,ShamIbadiyya0000438,1025,918,1139,156,47
337,537,697,Shamela0006610,151,932,1086,124,95
337,515,741,Shamela0008176,5461,146,383,157,80
337,523,741,Shia000841Vols,2061,327,602,144,61
337,489,662,Shamela0005756,13434,393,551,120,84
337,484,697,Shamela0012014,202,1074,1276,144,81
337,106,470,Sham19Y0127677,10894,1266,1505,190,64
337,546,741,Sham19Y0127677,10895,1,195,142,88
337,537,741,JK000386,1010,69,271,141,84
337,1,515,Shia001831Vols,73,689,1097,192,40
337,958,1391,Shia001831Vols,73,1057,1500,179,34
337,1022,1615,Shamela0000140,1163,573,1160,455,90
337,489,657,JK000201,2433,1250,1403,118,85
337,1,418,Sham19Y0122406,257,908,1412,225,52
337,741,1370,Sham19Y0122406,258,920,1572,280,45
337,1370,1615,Sham19Y0122406,259,1,299,185,74
337,515,666,Sham19Y0145212,2690,1389,1525,105,83
337,537,741,Shamela0021723,408,1086,1278,136,77
337,1093,1391,Sham19Y0018272,1079,570,797,148,53
337,1,662,ShamAY0034383,497,135,609,185,28
337,546,741,Sham19Y0013223,782,1,255,132,63
337,537,741,Shamela0009242,666,825,1014,135,82
337,452,690,Shamela0009242,667,43,288,148,69
337,21,565,Sham19Y0023625,2552,69,638,224,37
337,537,741,ShamAY0036182,103,404,597,135,77
337,515,741,Shamela0008360,650,439,674,142,70
338,1375,1563,Shamela0007891,1650,1,192,138,88
338,1442,1557,Shamela0022712,121,579,720,69,63
338,1263,1563,Sham19Y0123510,708,44,370,175,62
338,1337,1563,ShamAY0034284,13,1044,1261,108,46
338,1337,1563,Shamela0000767,4378,739,976,170,88
338,1337,1535,Sham19Y0148486,4983,135,545,143,43
338,1337,1563,Shamela0006610,863,634,785,114,65
338,1341,1493,JK009390,2114,1163,1321,113,91
338,1337,1563,JK000977,126,650,882,163,89
338,1426,1563,JK006897,484,1,138,108,100
338,1375,1563,Shamela0012293,3959,1,190,138,88
338,1337,1563,Shamela0012293,6266,268,500,164,86
338,1351,1563,Zaydiyya0000259,170,6,146,105,63
338,1337,1563,Shamela0025794,1390,967,1190,164,88
338,1270,1563,Shamela0025794,1823,1044,1235,122,54
338,547,837,Sham19Y0131521,4829,356,694,173,57
338,1341,1509,Sham19Y0131521,5294,94,263,118,84
338,1223,1563,Shamela0001727,75,171,608,258,74
338,1337,1563,Zaydiyya0000044,122,967,1126,121,66
338,1337,1557,ShamAY0034797,676,634,807,116,62
338,1356,1563,Sham19Y0127677,2194,1061,1273,163,97
338,1337,1563,Shamela0000894,7280,1288,1514,178,100
338,1337,1563,Shamela0008381,6065,984,1206,174,97
338,1337,1563,Sham19Y0017903,48,916,1142,178,100
338,788,1478,Shia001831Vols,74,1069,1474,232,36
338,1,447,Shamela0000140,1163,1160,1597,340,91
338,1337,1563,Shamela0006366,1495,477,701,174,98
338,1337,1563,Shamela0004289,77,217,443,178,100
338,1356,1563,Shamela0001975,913,149,356,163,100
338,1,458,Sham19Y0122406,259,299,1215,291,38
338,1232,1563,Sham19Y0122406,260,772,1205,255,75
338,1356,1563,Shia002265Vols,4891,815,1022,163,100
338,1337,1563,JK000384,250,879,1030,118,66
338,1198,1415,Sham19Y0132524,183,1398,1551,96,58
338,1415,1563,Sham19Y0132524,184,1,149,117,100
338,1263,1509,Sham19Y0149697,9551,543,776,165,85
338,1263,1563,Shamela0001875,628,138,406,187,80
338,1337,1563,Shamela0001875,1287,184,405,161,86
338,1337,1563,Rafed0003571Vols,1286,1189,1407,174,96
338,1337,1563,Shamela0005737,27,868,1097,168,89
338,1356,1563,Shamela0001438,3789,293,505,163,97
338,1337,1563,Sham19Y0036114,486,63,292,168,89
338,1337,1563,Sham19Y0017729,50,788,1014,178,100
338,1450,1563,Shamela0006870,417,1232,1425,89,58
338,1356,1539,Shamela0021659,1202,1199,1382,144,100
338,1337,1563,ShamAY0034005,670,220,453,171,93
338,1263,1563,ShamAY0035950,271,398,699,160,64
338,1337,1563,Sham19Y0020638,66,406,632,178,100
338,1337,1563,ShamAY0032803,3,1220,1450,162,85
338,1266,1563,Sham19Y0146127,2686,273,612,163,57
338,1263,1563,Sham19Y0017616,247,610,912,205,87
338,1337,1563,Shamela0000782,694,1124,1357,168,88
338,1337,1563,Sham19Y0148271,1455,507,732,164,87
339,34,280,Shamela0001733,297,93,491,157,49
339,34,276,Shamela0021629,568,1047,1189,106,54
339,34,253,Sham19Y0017350,1009,1399,1518,87,49
339,34,380,Sham19Y0013769,1684,268,488,130,44
339,85,411,Shamela0097928,481,20,864,164,24
339,229,326,Shamela0021809,327,280,377,76,100
339,34,258,Shamela0025794,2963,1080,1197,88,50
339,34,356,Shamela0001727,75,1036,1433,192,52
339,229,407,Sham19Y0014088,284,5,177,134,96
339,34,253,Shia002069Vols,669,1019,1122,79,46
339,34,380,Sham19Y0017437,1659,963,1177,147,51
339,34,276,Shamela0012014,336,1225,1368,106,54
339,229,407,Sham19Y0127677,9644,445,617,135,96
339,163,307,Sham19Y0127677,11545,1020,1444,69,21
339,34,380,Shamela0022645,1164,427,641,130,44
339,34,258,Shamela0022645,1165,519,1183,121,23
339,258,380,Shamela0001673,10112,1096,1269,84,56
339,34,253,Shamela0117359,789,1068,1171,79,46
339,34,380,Kraken230106005528,1186,1079,1352,147,46
339,34,280,Shamela0008381,6232,448,595,108,54
339,34,258,JK000130,807,125,247,81,44
339,34,380,Shamela0001665,508,921,1141,128,44
339,229,479,Sham19Y0017903,767,689,967,161,74
339,34,411,Shia001831Vols,75,686,1130,226,55
339,34,276,Shamela0000140,1997,987,1130,106,54
339,34,253,Shamela0004289,77,671,783,87,51
339,34,212,Sham19Y0122406,261,915,1109,130,85
339,263,407,Sham19Y0122406,263,119,277,95,74
339,34,407,JK000384,252,635,1168,212,43
339,163,322,Sham19Y0001734,1669,105,553,58,13
339,34,361,Kraken230110004547,681,1104,1356,139,46
339,34,212,Sham19Y0018144,226,717,1286,118,26
339,98,322,Sham19Y0018144,1660,1,375,77,20
339,229,326,Shamela0009107,358,580,706,76,76
339,34,153,Shamela0026891,4,173,292,92,100
339,34,380,Shamela0025800,3446,1017,1304,140,41
339,229,407,ShamAY0034174,1,1261,1500,126,63
339,34,380,Sham19Y0150600,738,1250,1463,128,43
339,34,384,Sham19Y0014224,1050,863,1085,130,44
339,34,411,Sham19Y0020638,66,888,1201,241,81
339,34,322,Sham19Y0013223,914,399,606,111,42
339,34,322,Sham19Y0013223,1013,54,262,111,42
339,34,276,Sham19Y0013223,1015,1131,1273,106,54
339,34,258,JK000475,961,669,787,81,44
339,28,253,Sham19Y0020591,1201,160,479,82,24
339,34,380,JK007065,304,712,1048,170,47
339,34,380,Sham19Y0011194,164,706,920,130,44
339,34,411,Sham19Y0011194,391,332,645,239,81
339,229,417,Rafed0003902Vols,4848,576,773,134,82
339,34,153,Shamela0010517,1886,1089,1208,92,100
340,1097,1401,Shia000841Vols,285,1087,1380,172,60
340,1156,1422,Shamela0005756,5333,452,753,155,55
340,1127,1401,Shamela0005922,180,1067,1332,167,69
340,1102,1401,JK000201,3280,123,388,212,86
341,424,645,Shamela0021715,9965,504,651,66,37
341,906,1323,Shamela0001727,76,682,1001,121,34
341,1036,1323,Sham19Y0013572,900,6,165,72,30
341,432,1089,Shia001831Vols,76,1,705,364,58
341,901,1323,Shamela0036543,245,17,333,128,35
341,399,815,Sham19Y0122406,264,438,1210,239,36
341,424,645,Sham19Y0132524,188,500,734,60,22
341,906,1323,Sham19Y0017729,255,1093,1411,124,34
341,906,1323,Shia003732Vols,4295,835,1154,124,34
341,906,1323,Shamela0000170,1031,282,600,124,34
341,906,1323,Sham19Y0020638,67,64,383,121,34
341,906,1323,JK000216,152,159,458,116,34
341,910,1323,Rafed0001792Vols,1366,1,308,108,28
341,906,1323,JK007065,874,259,575,114,29
342,569,762,JK000977,129,208,387,60,38
342,275,554,Sham19Y0014299,184,753,977,156,69
342,834,944,Shamela0021715,4679,4,109,80,94
342,275,762,Shamela0001727,77,107,273,72,18
342,275,1273,Shia001831Vols,77,913,1485,374,46
342,569,762,Shamela0004289,51,961,1136,63,41
342,72,302,Sham19Y0122406,265,1,370,75,20
342,418,685,Sham19Y0122406,266,1,324,138,47
342,569,766,Sham19Y0018106,2070,24,201,63,41
342,569,762,Shamela0025800,2822,601,832,63,32
342,650,1057,Sham19Y0017729,507,1058,1251,137,42
342,569,762,Sham19Y0020638,67,996,1171,63,41
342,560,762,Sham19Y0017616,247,1114,1297,65,41
342,302,847,Sham19Y0017616,599,782,1073,184,39
343,787,1043,Sham19Y0131521,2097,716,894,119,57
343,16,408,Shia001831Vols,78,316,721,207,54
343,1057,1236,ShamAY0034383,563,279,458,144,100
343,879,1031,Sham19Y0013605,1231,1343,1478,104,84
344,45,324,Shamela0004289,77,217,722,101,20
344,32,276,Sham19Y0149697,9551,595,971,152,48
344,45,324,Sham19Y0020638,66,406,939,98,18
344,361,1204,Shamela0011036,1876,807,1483,435,58
344,1204,1345,Shamela0011036,1877,1,129,100,87
345,1130,1370,Sham19Y0013769,1607,1338,1546,139,72
345,503,816,Shamela0021715,4679,1024,1387,249,85
345,503,1069,Shamela0001727,77,711,1082,201,40
345,134,358,Shia001831Vols,75,1051,1396,141,48
345,946,1069,Shia001831Vols,78,85,208,97,100
345,946,1069,Shamela0004289,77,886,1016,97,94
345,567,778,Shamela0021660,1613,75,555,156,38
345,131,416,Sham19Y0122406,263,1148,1439,200,87
345,827,1458,Sham19Y0122406,267,828,1330,187,29
345,946,1069,Sham19Y0122406,267,424,547,97,100
345,946,1069,JK000384,259,816,940,96,98
345,946,1069,Sham19Y0001734,2217,1099,1222,93,95
345,927,1074,Sham19Y0132524,188,1000,1154,113,93
345,112,342,Sham19Y0013631,1865,700,905,107,50
345,946,1069,Shamela0036446,606,191,311,95,97
345,946,1069,Shamela0025800,2821,792,912,95,97
345,503,1069,Sham19Y0020638,68,141,827,250,39
345,503,893,Sham19Y0148271,789,432,818,149,32
346,14,335,JK000021,1323,21,371,224,77
346,14,254,JK007064,904,895,1191,173,75
346,1,370,Shamela0006025,683,87,457,283,95
346,1,370,Shamela0096178,40,469,838,290,99
346,1,318,Shamela0021629,782,562,866,231,90
346,14,370,Sham19Y0148486,5751,1073,1441,263,86
346,10,196,Shamela0006610,976,1281,1468,143,97
346,196,375,Shamela0006610,977,1,176,136,96
346,1,370,JK009390,4487,815,1113,226,77
346,1,370,Shamela0008176,5119,737,1113,290,97
346,129,370,Shamela0008176,5120,36,482,156,42
346,14,335,JK000977,130,827,1036,145,55
346,173,309,Kraken220218125253,693,1172,1299,90,80
346,68,318,Shamela0009200,469,1,243,190,95
346,14,305,Shamela0025794,56,1160,1451,226,98
346,14,370,Shamela0025794,89,508,812,210,72
346,18,318,JK007128,76,1203,1474,199,83
346,14,370,Shamela0001727,78,195,551,280,99
346,85,318,Shamela0031457,124,392,569,138,74
346,14,318,JK000786,4022,956,1260,224,90
346,10,380,Sham19Y0013572,115,204,577,278,93
346,1,254,Shamela0012014,72,467,765,181,76
346,1,370,Sham19Y0127677,2923,652,1012,273,93
346,1,380,Sham19Y0127677,14570,1058,1435,294,97
346,14,380,Sham19Y0127677,15984,896,1259,284,98
346,14,384,Shamela0030623Vols,545,716,1031,223,75
346,14,181,Masaha001961Vols,1141,1359,1527,130,98
346,181,370,Masaha001961Vols,1142,1,161,127,84
346,1,254,Sham19Y0035453,154,70,374,181,75
346,14,579,Shia001831Vols,78,1066,1492,310,69
346,85,318,Shamela0021713,625,546,757,161,85
346,1,406,JK000083,96,867,1302,299,85
346,78,370,Sham19Y0122406,268,1,293,232,100
346,18,370,Shia002265Vols,1313,10,351,265,95
346,10,370,Sham19Y0145212,2531,138,505,281,97
346,85,335,JK000384,260,1,209,157,78
346,1,406,Sham19Y0132973,566,629,1017,297,92
346,14,370,Shamela0008473,1053,805,1162,277,98
346,14,335,Sham19Y0001734,1853,1112,1436,221,79
346,14,225,Sham19Y0001734,1857,1338,1549,163,98
346,225,370,Sham19Y0001734,1858,1,146,116,100
346,14,287,Sham19Y0132524,192,334,607,210,98
346,1,370,Shamela0009770,471,70,410,264,90
346,10,370,Shamela0001438,5268,651,1000,269,94
346,1,370,Sham19Y0018144,228,472,828,248,81
346,18,370,Shamela0036446,753,245,539,216,76
346,14,158,Zaydiyya0000080,262,1244,1393,112,95
346,158,370,Zaydiyya0000080,263,1,221,167,94
346,1,318,ShamAY0035990,190,292,559,193,73
346,1,370,Shamela0025800,558,1006,1398,290,93
346,63,254,Shia003732Vols,3824,1,239,130,68
346,78,335,ShamAY0034005,57,216,420,155,75
346,73,390,Sham19Y0020638,69,1,344,248,91
346,1,318,Sham19Y0013223,540,113,446,246,93
346,1,370,JK000216,66,205,537,228,75
346,1,273,JK000216,506,695,973,206,93
346,1,370,Masaha001864Vols,3140,676,1073,284,90
346,14,335,Zaydiyya0000342,52,653,990,223,79
346,14,335,Shamela0012981,90,519,803,208,78
346,35,370,ShamAY0033697,6,443,794,229,74
346,10,218,Shamela0021766,763,1231,1435,157,96
346,218,370,Shamela0021766,764,1,159,121,96
346,14,370,Sham19Y0016555,258,845,1174,258,91
346,10,335,Sham19Y0146127,3159,1018,1326,216,78
346,10,375,Shamela0009242,3479,1009,1371,279,96
346,14,254,Shamela0007264,370,770,1066,173,75
346,1,335,Shia002119Vols,1765,1018,1283,168,61
346,14,370,JK007065,54,358,697,261,92
346,10,370,Sham19Y0122257,2398,381,747,278,96
346,14,254,Sham19Y0148271,1746,1221,1456,182,96
346,14,370,Rafed0003902Vols,962,800,1157,278,98
346,10,370,Shamela0008360,611,262,629,281,97
346,1,318,Shamela0021743,1603,639,953,244,97
347,822,1129,Sham19Y0148486,8294,980,1161,127,50
347,679,999,Shamela0003055,2448,788,889,68,27
347,799,1118,Sham19Y0131521,3809,1032,1493,240,62
347,679,999,Shamela0000894,4520,335,467,78,30
347,679,1258,Shia001831Vols,79,813,1100,137,25
347,925,1168,Sham19Y0122406,269,254,534,155,61
347,1248,1371,Sham19Y0122406,269,919,1071,67,55
347,1143,1456,Sham19Y0122406,4450,427,938,118,25
347,679,1168,Shamela0006848,65,382,626,107,27
348,703,1152,Shamela0004445,1156,366,1024,337,64
348,685,1147,Zaydiyya0000413Vols,4227,191,628,272,67
348,868,1147,Sham19Y0013769,1608,799,1085,213,93
348,703,1152,Sham19Y0148486,4969,719,1263,282,57
348,728,1104,Shamela0006610,863,1085,1463,267,82
348,685,1005,Shamela0008176,4412,1168,1486,229,83
348,1005,1152,Shamela0008176,4413,1,148,115,98
348,703,1147,JK000977,134,40,634,293,56
348,703,1160,Shia002034Vols,582,588,1230,312,58
348,685,1147,Sham19Y0013614,497,934,1411,344,86
348,778,1147,Shamela0025794,2658,1,389,281,90
348,778,1128,JK007128,623,8,388,274,89
348,703,1147,Shamela0001727,79,122,761,341,66
348,728,1147,Shia004640Vols,494,242,673,271,73
348,703,1152,JK006838,1226,340,807,235,49
348,703,1147,Shamela0023700,2745,155,696,310,68
348,808,1147,Shamela0000432,4577,765,1074,181,61
348,685,1147,JK001236,48,832,1255,324,86
348,877,1147,Shamela0011816,619,1,235,166,78
348,680,1152,Sham19Y0017903,359,63,733,347,63
348,784,1147,Shamela0022547,88,1,351,251,83
348,703,1517,Shia001831Vols,80,104,1133,491,51
348,703,1147,Shamela0004289,753,322,976,342,65
348,640,837,Sham19Y0122406,270,1026,1521,133,33
348,837,1152,Sham19Y0122406,271,1,330,250,95
348,728,948,Sham19Y0145212,2221,1293,1510,153,80
348,948,1152,Sham19Y0145212,2222,1,206,160,98
348,737,1147,JK000384,262,6,442,284,77
348,893,1152,Sham19Y0132524,194,475,735,203,98
348,728,1152,Shamela0001875,1290,566,1018,323,87
348,680,1152,Rafed0003571Vols,1287,37,675,341,63
348,703,826,Kraken230110004547,508,1154,1407,80,40
348,826,1147,Kraken230110004547,509,1,281,202,75
348,859,1147,Sham19Y0018144,228,1,304,193,73
348,728,1147,Shamela0036446,607,63,481,283,77
348,680,1147,Sham19Y0018569,643,387,583,83,19
348,690,1160,Shamela0025800,2823,462,1136,315,55
348,703,1147,Sham19Y0017791,1143,1,460,331,86
348,703,1147,Shamela0013041,44,808,1400,303,60
348,703,1147,ShamAY0034005,1276,56,692,322,61
348,728,1147,Sham19Y0020638,70,135,808,324,59
348,1,445,Masaha001864Vols,5634,431,843,322,91
348,747,1147,JK000022,2224,72,459,243,68
348,728,1147,Sham19Y0146127,2679,101,440,243,69
348,685,1152,Sham19Y0016976,1149,95,577,348,86
348,728,1152,Shamela0009242,3104,441,884,321,88
348,685,1152,Sham19Y0017616,43,576,1228,344,63
348,990,1152,Sham19Y0020891,2212,1,129,98,75
348,728,1147,JK007065,666,115,555,321,89
348,703,1152,Sham19Y0122257,2062,1050,1501,333,88
348,10,590,Sham19Y0122257,2381,778,999,164,35
348,685,1147,Sham19Y0014119,375,406,883,345,86
348,703,1147,Sham19Y0017063,814,1005,1451,331,88
348,703,1147,Sham19Y0148271,323,489,1136,320,61
348,703,1152,Shamela0008360,523,159,611,332,88
349,943,1134,Sham19Y0127717,1006,1405,1563,100,68
349,555,917,Sham19Y0013769,1608,1090,1381,179,52
349,1063,1544,Sham19Y0127668,52,36,637,197,31
349,1008,1134,JK009390,556,705,837,84,81
349,943,1138,Shamela0001727,79,761,1134,138,46
349,555,699,Shamela0000432,4577,1105,1248,113,99
349,1017,1134,Sham19Y0013572,1330,1258,1375,92,100
349,1036,1134,Shia002261Vols,89,965,1063,77,100
349,1036,1541,Shamela0001673,10976,145,694,111,19
349,1036,1134,Shamela0001975,285,268,366,77,100
349,746,1134,Sham19Y0122406,272,255,761,191,41
349,1036,1134,Shamela0021659,317,190,288,77,100
349,1312,1544,Sham19Y0018272,592,12,140,103,55
349,1017,1544,Sham19Y0018272,1984,535,809,127,29
350,774,924,ShamAY0034059,1098,362,522,114,87
350,1,239,Sham19Y0127668,52,637,871,169,80
350,769,912,JK000977,135,97,629,90,19
350,774,933,Shia002034Vols,669,625,782,110,86
350,1,260,Shamela0008353,593,508,782,169,72
350,718,912,Shamela0001727,79,1130,1458,154,57
350,759,912,Shamela0000894,512,108,268,119,91
350,1,1268,Shia001831Vols,81,549,1412,547,46
350,774,1542,Sham19Y0122406,273,140,755,228,29
350,774,912,Shamela0007485,1,132,268,110,97
350,774,912,ShamAY0033531,3048,104,240,110,97
350,774,912,ShamAY0033531,4230,1348,1484,110,97
350,1,239,Sham19Y0018272,592,140,370,188,95
350,793,1218,Sham19Y0018272,981,1092,1507,233,54
350,774,954,Shamela0012027,324,729,915,118,76
350,933,1214,Sham19Y0013223,2797,1219,1498,171,63
350,778,1238,Shamela0001467,84,932,1466,352,77
350,774,912,Sham19Y0016976,1570,386,522,110,97
350,769,912,Tafsir07076,2101,200,352,111,87
350,774,924,Tafsir06049,1466,1402,1549,116,94
350,774,912,Sham19Y0122257,3003,322,458,106,94
350,774,912,Sham19Y0018612,544,648,784,110,97
350,774,924,Sham19Y0014119,554,572,718,111,90
350,774,912,Sham19Y0017063,1339,744,880,110,97
350,774,924,Sham19Y0148271,1519,1327,1475,116,94
350,774,912,ShamAY0033760,587,717,853,110,97
350,774,912,Shamela0008360,793,49,185,110,97
351,917,1355,Shamela0000767,20,441,823,252,68
351,1011,1135,Shamela0010284,93,507,648,95,83
351,978,1131,Shia002616Vols,1980,840,1023,122,83
351,720,884,Sham19Y0014299,51,1310,1448,99,76
351,74,1095,Shamela0001727,80,665,1427,319,32
351,1095,1411,Shamela0001727,81,1,381,209,63
351,563,764,JK000916,2847,833,1388,92,21
351,981,1131,Sham19Y0017903,45,66,255,120,79
351,74,1210,Shia001831Vols,82,467,1431,422,38
351,874,1158,Shamela0004289,42,793,1190,189,58
351,607,1411,Sham19Y0122406,274,1,1195,431,41
351,994,1140,Shamela0010463,470,408,559,110,92
351,1003,1131,Sham19Y0017729,47,1,129,103,100
351,720,1131,Sham19Y0020638,71,537,811,158,44
351,966,1175,Shia001976Vols,1014,1,212,141,78
351,978,1131,Zaydiyya0000107,131,1096,1285,116,77
351,978,1166,Sham19Y0017616,28,344,598,136,68
351,994,1140,Shamela0010443,162,1192,1343,110,92
351,985,1355,Shamela0009279,42,117,383,153,45
352,1204,1579,Shia001831Vols,84,252,535,198,63
352,1095,1356,Shamela0000140,1273,748,1061,170,62
352,487,614,Shamela0011036,2248,316,443,102,100
353,910,1338,Sham19Y0145435,5294,590,741,106,31
353,910,1338,Shamela0008176,2312,566,717,104,31
353,910,1338,ShamAY0033975,827,820,970,99,29
353,910,1338,ShamIbadiyya0000229,2125,908,1059,104,31
353,910,1338,ShamIbadiyya0000279,360,932,1082,102,30
353,910,1338,Shamela0001727,82,158,309,106,31
353,910,1338,Shamela0010639,175,48,199,106,31
353,910,1338,Shamela0012014,189,292,441,104,31
353,910,1338,Shamela0030240,17,908,1059,106,31
353,910,1338,JK000170,1359,1232,1380,105,31
353,1,416,Shia001831Vols,84,535,764,169,50
353,1029,1504,Shamela0000140,1276,251,1074,331,48
353,910,1338,Shamela0004289,79,855,1006,106,31
353,772,1338,Shamela0023628,2090,904,1215,162,34
353,910,1338,Sham19Y0145212,1331,303,454,104,31
353,910,1338,Shamela0021596,209,1118,1266,105,31
353,910,1338,ShamAY0034134,1054,1104,1251,104,30
353,910,1338,Shamela0036446,1245,1128,1279,106,31
353,772,1338,ShamAY0034005,351,261,603,136,28
353,910,1338,Sham19Y0020638,72,512,818,106,23
353,781,1338,ShamAY0007299,83,925,1261,136,24
353,910,1338,ShamAY0035884,1666,1071,1243,87,26
353,910,1338,JK000609,3,1176,1325,105,30
353,910,1338,Sham19Y0122257,1021,1103,1254,104,31
353,910,1338,Sham19Y0148271,1804,31,182,104,30
353,910,1338,JK000030,130,218,368,106,31
353,910,1338,Shamela0008360,260,273,424,104,31
354,864,1115,Shamela0001727,82,804,1124,175,67
354,1097,1331,Shamela0005756,5411,1020,1243,178,94
354,916,1501,Sham19Y0122096,655,73,559,216,44
354,1183,1321,Shia001831Vols,85,717,854,104,95
354,864,1115,Sham19Y0122406,277,971,1291,175,67
354,553,902,Sham19Y0018144,3160,318,706,63,14
354,192,396,Shamela0021611,1280,1241,1426,144,86
355,1078,1391,JK007054,86,651,995,227,83
355,1017,1395,Sham19Y0016584,92,134,455,191,59
355,1074,1241,Shamela0021715,2388,680,853,124,86
355,1055,1241,Sham19Y0016684,587,24,216,137,86
355,140,777,Shamela0005756,561,613,1152,306,55
355,1,1319,Shamela0005756,5412,162,1527,882,70
355,1319,1513,Shamela0005756,5413,1,177,135,86
355,257,468,Shamela0001673,3033,980,1185,124,67
355,860,1499,Sham19Y0013231,6570,254,694,323,60
355,1024,1241,Sham19Y0014309,51,782,1011,152,79
355,1008,1241,JK000130,1048,1101,1334,156,76
355,853,1513,Sham19Y0122096,655,599,1142,403,74
355,15,662,Sham19Y0013253,180,1,677,503,92
355,300,844,Shia001831Vols,85,391,658,204,47
355,1008,1241,Shamela0004289,1085,424,663,156,76
355,26,844,Sham19Y0122406,279,1,872,591,79
355,860,1385,Sham19Y0122406,4455,958,1493,403,94
355,1385,1499,Sham19Y0122406,4456,1,131,91,87
355,1041,1513,JK009324,47,473,886,296,75
355,1008,1241,JK009324,1010,445,660,150,76
355,1074,1241,Sham19Y0018106,1142,46,219,123,86
355,1074,1391,Sham19Y0018103,150,245,590,198,67
355,1008,1229,Shamela0025800,2582,1196,1424,151,79
355,1008,1241,JK000475,2530,1151,1384,156,76
355,1074,1513,Sham19Y0013252,551,49,355,194,53
355,1,187,Sham19Y0013252,552,561,739,138,92
355,1,880,Sham19Y0013252,2784,783,1519,544,76
355,1260,1391,Sham19Y0013252,2785,688,808,95,91
355,1074,1241,Shamela0021598,697,1011,1178,117,83
355,732,1241,Shamela0021593,312,1051,1306,161,39
355,1,796,Zaydiyya0000053,423,891,1496,460,72
355,796,1395,Zaydiyya0000053,424,1,301,217,45
355,1008,1241,Sham19Y0020891,5446,1112,1339,153,75
355,15,232,Sham19Y0032193,204,142,325,123,68
355,1050,1283,Sham19Y0017063,527,661,875,127,63
355,1008,1241,JK000030,216,1163,1402,156,76
355,1041,1513,Sham19Y0013605,215,603,1026,307,78
355,457,1151,Sham19Y0013605,216,1,412,243,44
356,1134,1397,Sham19Y0016584,4506,774,1038,192,86
356,1156,1397,Sham19Y0148486,6564,81,312,148,79
356,1146,1360,Shamela0008176,6312,8,350,168,61
356,1156,1402,Shia001353,156,425,683,179,85
356,1156,1397,JK000977,140,236,480,188,97
356,1146,1397,Shia002616Vols,2435,17,258,188,93
356,1156,1397,Shia002616Vols,4890,545,797,188,94
356,1134,1397,JK000110,1808,544,808,192,86
356,80,457,Shia000841Vols,1146,29,399,193,54
356,1156,1397,Shamela0025794,854,567,826,185,89
356,1102,1397,Shamela0001727,83,649,1036,209,68
356,1134,1397,Shia002508Vols,255,112,332,171,81
356,1156,1397,Shamela0096753,328,567,821,166,81
356,1146,1364,Sham19Y0013572,220,358,679,160,61
356,80,639,Shamela0005756,562,144,672,352,74
356,302,639,Shamela0005756,5414,196,520,246,92
356,1134,1397,Shamela0022797,402,767,1020,192,91
356,1156,1397,JK007049,42,817,1055,179,90
356,80,302,Sham19Y0013231,6570,701,911,167,94
356,1134,1397,Rafed0002905Vols,6387,993,1258,198,91
356,100,302,Sham19Y0122096,656,1,188,149,92
356,1134,1397,Sham19Y0017903,995,945,1229,198,85
356,43,302,Shia001831Vols,85,43,362,166,59
356,1102,1397,Shia001831Vols,86,172,545,209,71
356,1146,1397,Shamela0036543,47,680,906,165,83
356,1156,1397,Shamela0004289,56,568,829,188,91
356,1102,1397,Sham19Y0122406,279,966,1339,209,71
356,306,650,Sham19Y0122406,4456,765,1128,273,94
356,1146,1397,JK009324,3017,14,266,180,83
356,1146,1360,Sham19Y0145212,3085,95,425,159,59
356,1134,1397,Shamela0023594,564,283,527,160,70
356,1156,1397,Sham19Y0132524,201,1028,1271,188,97
356,1134,1397,Sham19Y0018106,4029,1207,1485,192,82
356,1134,1397,Sham19Y0131003,47,160,429,207,97
356,1134,1413,Sham19Y0018103,3994,1212,1481,198,84
356,1146,1364,Shamela0025800,320,463,771,144,54
356,1134,1406,Shamela0000170,17,1172,1458,181,80
356,1156,1397,Shamela0009292,27,136,383,179,88
356,1146,1340,Shamela0012027,31,662,851,133,81
356,49,457,Shamela0021719,260,285,691,200,52
356,1146,1397,ShamAY0034054,1154,1141,1354,155,79
356,1134,1397,Sham19Y0020638,73,419,687,192,86
356,1165,1413,Sham19Y0013252,515,504,878,153,47
356,80,288,Sham19Y0013252,552,1333,1546,147,81
356,288,639,Sham19Y0013252,553,1,323,209,69
356,168,639,Sham19Y0013252,2786,1,504,333,78
356,1134,1397,Sham19Y0017616,544,121,377,198,94
356,872,1053,Zaydiyya0000053,423,369,550,123,83
356,246,457,Zaydiyya0000053,424,278,462,128,76
356,1146,1397,Shamela0037458,1151,1055,1278,155,76
356,1134,1364,JK007065,99,803,1207,178,55
356,1146,1340,Tafsir06049,2376,1387,1533,106,70
356,1134,1397,Sham19Y0018176,2424,834,1112,192,82
356,1146,1360,Sham19Y0122257,2876,582,898,158,61
356,1146,1360,Shamela0008360,751,781,1096,159,62
356,80,639,Sham19Y0013605,216,681,1039,248,55
356,1134,1397,Sham19Y0013605,4756,324,588,192,86
357,861,1398,Shamela0001727,83,673,1296,162,25
357,1,750,Shia001831Vols,86,382,790,181,24
357,55,750,Sham19Y0013252,519,142,628,287,45
357,1,193,Shamela0011036,2090,1424,1537,83,53
357,193,813,Shamela0011036,2091,1,550,305,55
357,1,288,Sham19Y0013605,187,1232,1483,111,41
357,542,750,Sham19Y0013605,188,162,440,165,71
358,341,801,Shia001831Vols,86,829,1199,202,47
358,341,801,Sham19Y0122406,281,427,797,202,47
358,74,266,Shamela0011036,2091,713,900,145,91
359,70,350,Sham19Y0014299,534,1116,1476,181,60
360,1,591,Sham19Y0013253,181,389,1080,350,54
360,1,146,Shamela0000140,408,573,719,113,99
360,1368,1521,Shamela0000140,409,692,845,124,100
360,57,974,Sham19Y0122406,282,1,1539,617,46
360,1069,1516,Sham19Y0122406,283,356,788,320,87
361,1133,1254,ShamAY0035035,5854,693,815,99,99
361,1348,1574,ShamAY0035035,5860,97,312,168,92
361,1027,1574,ShamAY0035035,8968,690,903,159,36
361,1336,1574,Shamela0008176,254,81,366,149,60
361,1032,1254,Shamela0001727,85,1299,1456,120,66
361,1036,1254,JK000451,19,990,1466,151,39
361,1133,1258,Sham19Y0013572,1241,898,1024,102,99
361,1396,1574,Shamela0005756,472,399,719,117,46
361,1113,1265,Shamela0004473,6349,827,1008,112,76
361,1032,1258,Sham19Y0023590,677,951,1112,120,64
361,1032,1254,Tafsir09084,344,142,417,163,72
361,1410,1574,Sham19Y0013253,182,1,165,126,92
361,1399,1574,Shamela0000140,54,901,1031,73,54
361,1,955,Shamela0000140,409,845,1596,598,76
361,5,361,Sham19Y0122406,283,800,1502,270,46
361,373,1116,Sham19Y0122406,284,10,935,459,53
361,1032,1574,Sham19Y0122406,285,396,999,339,61
361,1032,1258,Shamela0008473,864,659,985,167,62
361,1032,1574,ShamAY0033595,26,95,730,366,67
361,1032,1258,Shamela0025800,2684,386,544,119,63
361,1079,1254,Sham19Y0020638,75,1,430,131,37
361,1051,1258,Shamela0021550,370,605,801,135,73
361,1051,1265,JK000001,1556,1335,1576,130,57
361,1348,1574,Shamela0011036,2246,219,433,170,93
361,1133,1254,JK007065,1027,934,1056,99,99
361,1341,1574,Sham19Y0122257,119,1072,1381,162,62
361,1032,1254,Rafed0003902Vols,743,104,397,150,63
361,1032,1574,Sham19Y0013605,184,696,1156,233,43
362,15,812,JK007054,90,771,1577,598,90
362,910,1190,ShamAY0035035,5856,882,1158,207,86
362,118,873,ShamAY0035035,5860,1048,1448,274,45
362,1,257,ShamAY0035035,5860,312,559,198,92
362,1,1190,Shamela0008176,254,366,1428,831,84
362,61,681,Shamela0025791,1011,774,1405,462,87
362,61,333,Shamela0001673,9771,23,425,126,34
362,114,553,Sham19Y0122406,286,979,1516,326,72
362,686,827,Sham19Y0122406,287,701,831,91,82
362,107,827,ShamAY0033595,27,32,703,398,64
362,114,831,Sham19Y0013252,9481,876,1549,526,89
362,835,1183,Sham19Y0013252,9482,1,286,221,77
362,41,214,Shamela0021654,853,1201,1419,131,69
362,1,1190,Shamela0011036,2246,433,1350,695,69
362,465,827,Shamela0011036,2247,13,541,137,25
362,1230,1591,Shamela0011036,2248,1202,1548,277,95
362,1,199,Sham19Y0122257,119,1381,1570,154,94
362,199,1190,Sham19Y0122257,120,1,978,770,94
363,1235,1465,Shamela0009924,19,140,415,157,72
363,1271,1465,Shamela0008176,255,229,512,132,59
363,1248,1468,JK000977,147,839,1064,129,65
363,1235,1465,Shamela0012293,25,559,834,157,72
363,1248,1417,Sham19Y0131521,6664,249,794,118,27
363,1248,1417,JK007128,179,757,925,119,87
363,1192,1565,Shamela0001727,87,319,1155,249,37
363,1248,1465,Sham19Y0013572,278,997,1288,148,63
363,1248,1421,Sham19Y0013572,1339,1005,1195,122,76
363,1052,1465,Sham19Y0127677,7518,428,943,210,45
363,1201,1421,Sham19Y0127677,19980,791,972,106,57
363,1361,1501,Sham19Y0127677,20372,1,169,95,72
363,1248,1417,Shamela0000894,5665,126,295,133,99
363,1052,1417,Shamela0000894,8261,1247,1550,165,49
363,1307,1508,Shamela0001673,11372,249,453,134,80
363,1049,1501,Shamela0004473,3593,697,1135,212,51
363,1248,1497,Tafsir09084,344,919,1152,162,78
363,1271,1501,Sham19Y0017903,45,1179,1445,168,80
363,1197,1417,Shia001831Vols,89,551,802,159,75
363,1436,1565,Shia001831Vols,90,89,507,90,26
363,1271,1528,Shamela0036543,701,1,313,166,66
363,1049,1465,Shamela0004289,46,743,1243,191,40
363,1248,1565,Shamela0004482,793,451,819,216,71
363,1197,1417,Sham19Y0122406,288,1009,1260,159,75
363,1324,1514,Sham19Y0122406,289,419,578,118,77
363,1248,1417,JK000384,162,344,539,122,73
363,1248,1417,Sham19Y0020879,711,1377,1546,133,99
363,1307,1497,Shamela0008473,866,1,343,130,47
363,1197,1497,Sham19Y0132524,209,1,369,190,62
363,1248,1497,Kraken230110004547,4,700,1215,148,35
363,1197,1497,Sham19Y0018144,3172,681,987,94,30
363,1298,1501,Shamela0025800,110,1,293,149,62
363,1217,1465,Sham19Y0017791,67,781,1073,159,66
363,1271,1501,Sham19Y0017729,47,1043,1290,167,85
363,151,596,Sham19Y0014224,901,887,1405,82,13
363,1345,1565,Sham19Y0020638,77,1,332,153,58
363,1248,1417,Shamela0013087,258,663,859,113,66
363,1358,1497,Shamela0013087,259,1066,1282,92,54
363,1248,1501,Shamela0010549,221,1290,1537,154,68
363,1248,1417,Sham19Y0016976,128,970,1140,133,98
363,1062,1485,Sham19Y0017616,23,952,1323,192,50
363,1248,1476,Sham19Y0020891,923,94,368,154,65
363,1248,1417,JK007065,1079,804,989,123,78
363,1271,1465,Sham19Y0122257,120,1134,1366,136,72
363,1248,1417,Sham19Y0014601,6125,65,442,123,39
363,1248,1565,Sham19Y0014119,69,184,561,189,62
363,1042,1417,Sham19Y0017063,54,94,569,163,34
363,1248,1465,Shamela0008360,15,1063,1351,149,65
363,1049,1501,Shamela0021537,43,312,731,189,39
363,1049,1501,Shamela0021537,6315,757,1194,205,43
364,261,720,Sham19Y0131521,6664,777,1124,246,63
364,1,261,JK000362,625,244,550,126,44
364,881,1537,Sham19Y0127677,14239,47,707,502,91
364,210,471,Shamela0004473,3593,1192,1455,214,98
364,471,1624,Shamela0004473,3594,1,1153,937,99
364,261,1515,Sham19Y0014309,88,104,1012,657,63
364,1104,1526,Sham19Y0013253,183,353,770,334,96
364,261,841,Shia001831Vols,89,785,1237,340,71
364,1,278,Shamela0004482,793,811,1058,143,61
364,1085,1526,Sham19Y0122406,290,381,863,347,87
364,22,203,JK000384,165,1,401,92,26
364,5,210,Sham19Y0038171,1499,901,1070,119,68
364,261,471,Sham19Y0017729,507,472,668,145,83
364,1,210,Sham19Y0020638,77,332,562,121,55
364,14,210,JK000475,2208,367,624,70,25
364,14,210,JK000735,148,710,968,70,25
364,976,1537,Shamela0011036,2173,353,921,410,84
364,291,462,Sham19Y0014601,6125,1075,1247,140,98
364,210,929,Shamela0021537,43,788,1510,586,99
364,929,1624,Shamela0021537,44,1,696,567,99
364,210,402,Shamela0021537,6315,1251,1444,156,98
364,402,1624,Shamela0021537,6316,1,1223,998,100
365,221,555,Shamela0001727,87,634,931,128,45
365,1244,1537,Shamela0001727,89,78,582,81,17
365,1,203,Shamela0004473,3594,1153,1354,161,98
365,450,757,Shia001831Vols,90,1,324,184,67
365,1,187,Shia001831Vols,91,82,259,138,91
365,1206,1441,Sham19Y0018144,3176,878,1119,158,78
365,1,198,Shamela0021537,44,696,893,161,100
365,1,203,Shamela0021537,6316,1223,1425,162,98
366,412,683,Sham19Y0020944,750,1160,1491,134,45
366,563,896,Sham19Y0020944,823,1065,1387,239,90
366,430,1020,JK007083,217,782,1373,371,73
366,563,947,Shamela0001733,4180,992,1402,275,81
366,563,1016,Shamela0012415,815,167,623,344,94
366,618,1016,Shamela0021629,791,1,381,293,93
366,16,155,Shamela0021629,793,391,523,98,86
366,698,1016,Sham19Y0013667,5947,1,290,151,53
366,563,743,Sham19Y0013667,5948,1303,1461,117,82
366,1,159,ShamIbadiyya0000438,927,1147,1326,90,54
366,327,544,Sham19Y0013769,1681,1,214,163,93
366,6,155,Shamela0000963,3059,1244,1394,109,89
366,623,1016,Sham19Y0148486,6494,1,396,269,83
366,563,770,Sham19Y0148486,6553,1238,1447,161,96
366,770,1016,Sham19Y0148486,6554,1,243,181,93
366,563,1016,Sham19Y0148486,6696,676,1177,299,69
366,280,717,Sham19Y0148486,6699,1205,1525,151,42
366,594,1016,Shamela0006610,1121,1,421,314,92
366,594,794,Sham19Y0019188,5605,1110,1307,137,83
366,563,1020,Sham19Y0019188,5746,784,1223,320,86
366,563,706,Shamela0008176,4790,1393,1527,104,92
366,717,1016,Shamela0008176,4791,5,294,222,94
366,1,155,Sham19Y0017747,2241,518,680,115,86
366,563,1026,Shamela0005803,236,741,1150,274,72
366,563,1016,Shamela0005803,236,130,515,270,72
366,563,1016,JK000977,154,390,840,315,83
366,1,159,Shia002616Vols,1382,1194,1362,117,85
366,1,261,Shia002616Vols,2246,586,882,178,73
366,1,155,JK006897,391,1030,1183,116,92
366,430,1020,JK006897,478,860,1445,365,71
366,1,417,JK006897,479,15,325,182,52
366,1,155,Shia002034Vols,2315,260,411,111,85
366,1,155,Shia000841Vols,8028,784,938,114,88
366,364,794,Shamela0002863,2436,919,1447,258,58
366,799,1026,Shamela0002863,2437,1,225,166,92
366,556,786,ShamIbadiyya0000095,1146,851,1085,141,71
366,420,688,ShamAY0033182,2896,1279,1498,122,49
366,688,943,ShamAY0033182,2897,1,251,189,92
366,1,155,Shamela0025794,4196,1132,1289,114,91
366,1,155,Shamela0025794,4605,899,1056,114,91
366,563,1016,Shamela0011428,1672,1007,1419,307,86
366,412,997,Sham19Y0131521,4539,736,1383,339,59
366,563,909,Sham19Y0131521,5001,669,1000,244,88
366,673,896,Sham19Y0131521,5003,7,462,160,44
366,1,155,Shamela0021590,1446,1251,1408,116,90
366,1,155,Shamela0021590,1447,166,323,116,90
366,1,155,Shamela0001727,89,813,966,116,92
366,563,732,Shamela0001727,90,1254,1426,132,98
366,190,544,Shamela0001727,90,1,402,245,73
366,732,1016,Shamela0001727,91,1,284,215,94
366,1,218,Sham19Y0017757,177,1199,1468,148,68
366,563,1020,JK009266,2072,869,1321,335,89
366,563,1016,Shamela0023700,398,45,493,334,91
366,11,155,ShamAY0038201,268,205,348,105,89
366,563,896,Sham19Y0122401,1286,368,705,253,95
366,594,943,ShamAY0034263,658,973,1352,180,56
366,563,1020,ShamAY0034263,675,1029,1461,311,83
366,1,167,ShamIbadiyya0000155,119,450,923,95,24
366,1,155,ShamAY0033910,1124,1154,1311,116,90
366,1,155,Shamela0005756,7754,1194,1351,116,90
366,563,1020,Shamela0005756,7756,1094,1325,167,46
366,563,1020,Shamela0026884,346,140,546,265,68
366,1,369,Shamela0012014,365,365,747,153,43
366,1,155,Sham19Y0127677,11054,740,901,114,88
366,567,1016,Shamela0005899,190,1192,1371,118,33
366,1,354,Shamela0000894,2692,528,899,181,56
366,563,666,Shamela0011385,2775,113,216,81,100
366,563,683,Shamela0001673,10146,789,897,77,79
366,695,1016,Shamela0012884,1038,1,313,237,92
366,1,155,Shamela0012884,1039,642,798,109,82
366,412,1016,Shamela0117359,787,86,729,346,61
366,563,909,Shamela0117359,861,574,913,241,86
366,430,1026,Shamela0006947,2875,936,1429,320,67
366,533,1020,Shamela0005922,3104,487,952,321,82
366,556,1016,JK000734,364,774,1270,339,85
366,1,159,Sham19Y0023590,1770,274,451,114,77
366,594,794,Sham19Y0147658,497,1230,1427,137,83
366,563,1011,Shamela0000427BK2,5338,20,475,308,81
366,1,155,Sham19Y0035453,103,117,268,110,85
366,16,155,Sham19Y0145210,1549,1014,1150,102,89
366,1,155,JK000130,1125,1162,1319,116,90
366,417,1016,JK000271,302,172,833,361,61
366,54,628,Sham19Y0017903,767,1,504,302,60
366,364,790,Shamela0022547,1376,931,1449,226,50
366,556,896,Sham19Y0013253,184,147,471,244,91
366,174,544,Shia001831Vols,92,806,1181,254,80
366,563,1026,Shia001831Vols,93,281,753,344,91
366,359,968,ShamAY0034249,8848,569,1160,224,36
366,623,896,Shamela0036543,1783,1,269,199,90
366,280,757,JK006950,4124,1106,1568,270,63
366,757,1016,JK006950,4125,1,244,180,86
366,563,1020,Shamela0001442,840,559,1011,303,77
366,563,896,Shamela0001442,947,910,1231,239,90
366,563,732,JK000477,934,1202,1377,124,89
366,732,1016,JK000477,935,1,269,195,84
366,1,155,Shamela0004289,66,894,1047,116,92
366,335,943,Shamela0007370,820,571,1170,293,50
366,563,1020,ShamAY0034282,1384,602,1067,280,67
366,283,1020,ShamAY0034282,3324,597,1364,358,47
366,563,1020,ShamAY0034282,3387,230,703,290,69
366,297,457,Shamela0021660,4890,906,1063,120,94
366,604,794,Sham19Y0013785,930,358,543,127,80
366,598,794,Sham19Y0013785,1417,1,181,140,90
366,297,544,Sham19Y0122406,295,24,261,186,95
366,563,1016,Sham19Y0122406,296,49,504,347,95
366,420,968,Sham19Y0016934,8417,18,464,208,41
366,1,218,Sham19Y0145212,2368,884,1178,138,59
366,563,1016,Sham19Y0145212,2370,710,1156,330,89
366,327,544,JK000384,231,5,217,159,91
366,563,855,JK000384,235,1048,1362,187,74
366,594,794,Shamela0021677,3379,532,729,137,83
366,28,155,Shamela0021608,1180,1,127,95,91
366,563,997,Sham19Y0001734,1931,958,1402,336,96
366,1,155,Shamela0021735,342,428,569,85,62
366,84,695,Sham19Y0132524,211,1,266,161,33
366,695,943,Sham19Y0132524,212,320,796,149,40
366,563,1016,Sham19Y0149697,9187,977,1428,336,92
366,1,155,Shamela0001875,1072,266,404,105,84
366,594,794,Shamela0021693,2076,185,383,137,82
366,364,1016,Shia002003Vols,1711,648,1353,305,46
366,399,1016,Kraken230110004547,677,739,1266,353,71
366,293,1016,JK000381,9820,1,685,440,70
366,1,155,Sham19Y0018144,217,678,835,116,90
366,567,752,Sham19Y0018144,1663,1209,1395,140,94
366,1,155,Sham19Y0036114,538,589,742,116,92
366,563,892,JK011743,730,1161,1481,234,90
366,280,1016,Sham19Y0018159,115,157,968,432,58
366,1,155,Zaydiyya0000080,263,297,459,116,87
366,174,544,Shamela0026891,10,167,586,256,73
366,589,896,Sham19Y0013577,6502,1,295,220,90
366,563,1016,Shamela0025800,3418,638,1092,344,94
366,11,155,Sham19Y0017791,1244,442,585,105,89
366,563,843,Sham19Y0017791,1245,1220,1485,205,92
366,412,1016,Sham19Y0017791,1246,66,834,369,57
366,129,544,JK000481,573,426,870,208,51
366,586,1016,JK000481,618,1,428,288,80
366,567,943,Shamela0021721,4376,793,1224,194,50
366,563,1007,Shamela0012843,152,756,1217,284,69
366,563,1016,Shamela0012843,226,628,1094,292,70
366,563,688,JK000679,78,865,979,87,88
366,743,1396,ShamAY0034005,754,1,522,244,42
366,129,544,ShamAY0034005,880,193,659,259,63
366,1,544,Sham19Y0020638,78,273,987,315,49
366,514,1016,Sham19Y0020638,79,12,616,373,77
366,345,1016,Sham19Y0013223,719,318,1089,455,70
366,302,649,JK000216,438,840,1283,173,42
366,280,1016,Shamela0008476,1272,126,850,444,69
366,280,928,Shamela0008476,1305,808,1433,381,68
366,412,1016,Shamela0008476,2398,429,846,281,58
366,563,1020,JK007036,264,944,1388,329,89
366,608,1016,Shamela0012981,1224,1,351,239,74
366,1,155,JK000475,1224,1028,1185,116,90
366,563,698,JK000475,1226,1321,1453,104,97
366,698,1016,JK000475,1227,1,308,231,91
366,581,997,Sham19Y0020591,1197,287,746,282,71
366,563,909,Sham19Y0020591,1323,631,966,244,88
366,1,159,Shamela0011468BK1,3538,219,397,115,79
366,1,449,Shamela0006848,69,464,890,171,40
366,563,1016,Shamela0021766,659,864,1291,329,92
366,1,167,Shamela0021766,660,178,351,124,86
366,1,155,ShamAY0035884,1905,1143,1287,109,87
366,339,896,Sham19Y0017885,2567,62,486,278,63
366,644,794,Shamela0008463,5582,1,136,103,88
366,563,1020,Shamela0008463,5628,689,1131,326,88
366,563,1016,Sham19Y0146127,3599,123,546,290,78
366,563,1016,Sham19Y0146127,3631,677,1122,339,93
366,563,1016,Sham19Y0146127,3712,932,1389,300,75
366,11,138,Shamela0021654,1212,1379,1514,94,85
366,1,155,Sham19Y0016976,1230,427,584,108,84
366,563,1016,Sham19Y0016976,1231,580,1008,330,92
366,563,1016,Shamela0009242,3928,587,1037,340,93
366,563,1016,Sham19Y0017616,245,35,494,344,94
366,563,1016,Shamela0000041,447,650,1067,308,83
366,563,1032,Shamela0000782,476,538,992,333,88
366,563,943,Sham19Y0020891,2461,425,822,285,91
366,563,794,Shia002119Vols,2787,126,362,178,96
366,1,155,JK007065,1259,1009,1162,116,92
366,563,1016,JK007065,1267,302,750,348,96
366,628,1016,Tafsir06049,909,166,422,156,50
366,1,155,Sham19Y0122257,2236,470,628,115,89
366,567,896,Sham19Y0122257,2240,1,345,182,57
366,762,1016,Sham19Y0122257,2241,211,455,189,94
366,594,794,Sham19Y0020699,1876,276,473,137,83
366,563,803,Sham19Y0020699,1934,1234,1464,173,89
366,563,866,Sham19Y0014601,4715,1181,1471,211,87
366,412,896,Sham19Y0014601,4716,7,601,261,47
366,563,806,Sham19Y0014601,4717,1136,1464,75,24
366,563,896,Sham19Y0014601,5025,878,1199,239,90
366,618,896,Sham19Y0014601,5026,1,263,199,91
366,65,1016,Sham19Y0014119,405,1,833,434,48
366,567,816,Sham19Y0013783,3571,402,651,171,85
366,1,174,Sham19Y0017063,899,1114,1284,121,86
366,563,1016,Sham19Y0017063,901,341,768,330,92
366,1,155,Sham19Y0148271,835,220,385,112,84
366,1,449,Shamela0022644,2555,784,1222,209,52
366,563,896,Sham19Y0014325,6728,916,1236,235,88
366,345,1016,Shamela0008360,567,805,1400,378,72
366,1,155,Shamela0008360,567,364,521,114,88
366,280,1026,Sham19Y0022884,282,570,1270,461,75
366,1,155,JK011499,53,45,192,108,86
366,265,794,Shamela0021743,1868,154,559,240,55
366,563,1016,ShamAY0038074,5,651,1109,300,76
366,1,155,Zaydiyya0000460,24,842,998,110,81
367,393,1320,Shia001831Vols,92,16,863,301,28
367,1146,1359,Sham19Y0018144,3095,547,685,90,52
368,1122,1546,Shamela0008176,4785,114,628,231,53
368,1256,1386,Sham19Y0017747,2241,830,963,105,96
368,1228,1386,Sham19Y0131521,4540,710,882,116,84
368,178,342,Sham19Y0127677,11058,953,1091,95,72
368,617,1088,Shia001831Vols,94,266,707,308,75
368,1122,1593,Shamela0000140,508,241,806,239,47
368,560,941,Sham19Y0122406,301,956,1524,227,48
368,1391,1593,ShamAY0034383,572,898,1100,165,100
368,1220,1546,Sham19Y0122257,2236,977,1289,182,63
369,5,149,Shamela0008176,4785,649,792,114,98
369,1051,1303,Sham19Y0017747,2242,993,1237,110,39
369,109,389,Sham19Y0131521,4540,894,1136,183,80
369,109,670,Shamela0000140,508,453,998,221,45
369,1114,1298,Sham19Y0018272,2030,195,395,140,83
369,1,417,ShamAY0034383,572,1100,1516,333,100
369,417,819,ShamAY0034383,573,1,403,320,99
369,5,152,Sham19Y0122257,2236,1310,1456,116,98
369,1358,1526,Sham19Y0122257,2241,1,176,127,90
370,752,987,Shamela0007891,1699,1161,1434,143,68
370,658,777,ShamAY0034041,225,321,445,91,95
370,831,987,Shamela0021629,754,348,508,122,97
370,784,991,Shamela0000767,3069,645,850,151,89
370,784,987,Shamela0000767,4357,145,351,155,93
370,784,991,Shamela0000767,4778,903,1109,155,94
370,784,987,Sham19Y0148486,1931,258,461,155,95
370,826,987,Shamela0006610,695,412,578,126,96
370,752,987,Shamela0008176,4485,214,453,150,71
370,1,498,Shamela0008176,4792,87,641,352,77
370,821,991,Sham19Y0017747,1903,280,457,115,81
370,834,965,Sham19Y0017747,2024,1347,1477,93,88
370,784,987,JK000977,155,1134,1330,147,92
370,811,991,Shia002616Vols,2140,1,181,131,91
370,784,987,Shia002616Vols,3639,300,503,155,95
370,752,987,JK006897,394,772,1025,153,75
370,826,987,JK006897,463,601,764,124,96
370,807,991,Shamela0012293,6240,757,953,141,92
370,826,991,Shia000841Vols,8761,195,367,127,94
370,1220,1432,ShamAY0034694,1334,418,646,128,65
370,784,987,Shamela0011428,1952,30,236,155,93
370,844,971,Shamela0021590,1218,1367,1493,96,93
370,781,997,Shamela0021590,1290,989,1197,140,79
370,658,987,Shamela0001727,91,824,1277,243,69
370,781,987,Shamela0000432,5823,449,637,133,80
370,781,987,Shamela0000432,6066,331,511,131,82
370,844,991,Shamela0000432,6172,1132,1281,107,88
370,784,987,Sham19Y0150676,2511,139,342,155,95
370,784,987,Sham19Y0013572,1392,278,477,151,92
370,861,987,Sham19Y0017437,1539,1,131,94,88
370,797,1015,Shamela0012014,293,1,223,158,90
370,658,777,Sham19Y0127677,12124,934,1057,91,95
370,784,991,Shamela0000894,578,1292,1493,149,90
370,834,987,Shamela0001673,4378,603,757,109,88
370,784,991,Shamela0004473,11689,1164,1370,155,94
370,789,991,Shamela0006947,21131,1,199,146,91
370,784,987,JK007114,1662,216,406,144,88
370,759,987,Shamela0000427BK2,7305,609,853,142,72
370,811,987,Shamela0008381,5119,621,803,126,86
370,784,987,JK000271,276,1118,1316,147,91
370,658,1432,Shia001831Vols,94,707,1515,528,74
370,784,991,ShamAY0033181,1615,35,246,155,92
370,826,987,Shamela0000140,1811,676,841,126,97
370,826,987,JK000201,2112,815,980,126,97
370,784,1015,ShamAY0033598,60,1037,1256,158,85
370,784,987,Shamela0001449,246,27,229,155,95
370,1029,1407,Shamela0021660,3240,586,885,210,68
370,658,777,ShamIbadiyya0000482,56,1347,1471,91,95
370,784,987,Sham19Y0013785,859,1244,1437,143,88
370,1011,1489,Shamela0009702,890,1083,1566,340,80
370,658,987,Sham19Y0122406,302,427,880,243,69
370,752,987,Sham19Y0145212,2254,170,400,149,73
370,826,987,Shamela0021677,3174,72,232,122,94
370,748,987,Sham19Y0132524,215,9,261,172,88
370,784,987,Sham19Y0149697,8783,387,583,147,91
370,875,987,Shamela0001875,1077,1,113,88,100
370,826,987,Shamela0021693,1931,341,501,122,94
370,752,987,Kraken230110004547,103,839,1065,152,78
370,811,987,Sham20Y0021786,380,401,587,131,90
370,752,987,Shamela0025800,567,422,702,171,78
370,727,1003,Shamela0001582,10,872,1192,183,73
370,831,991,Zaydiyya0000364Vols,606,911,1079,111,86
370,784,987,Sham19Y0020638,79,1059,1261,155,95
370,752,987,Sham19Y0013223,562,649,926,170,79
370,781,987,Sham19Y0009763,158,837,1030,130,77
370,807,997,ShamAY0034274,587,945,1149,143,90
370,1029,1277,Sham19Y0013252,4516,888,1084,148,73
370,748,987,Sham19Y0146127,996,1053,1312,164,78
370,1011,1403,Shamela0011036,1916,1030,1387,268,79
370,723,987,Sham19Y0016976,1168,510,833,170,68
370,831,997,Shamela0012052,2332,1113,1283,124,93
370,826,987,Shamela0009242,2511,627,792,126,97
370,735,987,Sham19Y0017616,262,939,1217,175,82
370,784,987,JK007065,1103,777,979,155,95
370,826,987,Shamela0021642,3312,614,770,119,92
370,752,1015,Sham19Y0122257,2095,618,867,154,69
370,41,461,Sham19Y0122257,2241,716,1131,308,90
370,752,991,Sham19Y0014119,381,683,945,164,80
370,752,987,Sham19Y0017063,833,513,790,150,66
370,781,987,Shia003488Vols,158,140,333,139,83
370,784,987,ShamAY0033760,638,265,463,147,91
370,752,987,Shamela0008360,531,469,692,145,77
370,784,987,Sham19Y0022884,810,499,701,155,95
370,875,987,Shamela0021743,1544,1,113,88,100
371,932,1236,Sham19Y0017437,1540,1154,1469,197,75
371,1010,1154,Shamela0005756,8034,1300,1439,111,95
371,1154,1353,Shamela0005756,8035,1,212,164,94
371,9,606,Shamela0009702,891,1,635,456,86
371,107,612,Sham19Y0131003,483,1185,1420,151,37
372,125,297,Shamela0021629,671,540,759,127,73
372,106,337,JK006983,7,854,1118,157,75
372,484,669,Shamela0021715,10699,84,237,109,69
372,59,206,Shamela0001727,92,403,769,113,38
372,59,312,Sham19Y0127677,10261,469,878,111,27
372,106,297,Shamela0036543,2148,534,849,140,56
372,106,337,JK006950,3889,113,377,157,75
372,106,337,Shamela0011290,16,916,1170,148,72
372,312,1010,Sham19Y0122406,304,701,1392,413,59
372,944,1390,Sham19Y0122406,305,341,823,200,44
372,106,337,JK000381,9584,376,640,157,75
372,516,717,Sham19Y0013631,1549,1116,1266,115,71
372,106,351,Shamela0025800,826,16,386,164,56
372,106,312,Sham19Y0020638,80,409,760,140,50
372,106,337,Sham19Y0013223,834,968,1390,157,47
372,106,253,Shamela0012847,4,922,1469,94,22
372,106,297,JK001103,14,1175,1374,129,79
372,125,297,Shamela0021654,1375,1101,1329,125,69
372,106,297,Zaydiyya0000053,285,576,832,133,67
372,744,916,Sham19Y0122257,2191,171,346,131,91
372,106,301,MMS00031,110,787,1130,137,51
373,482,644,Shamela0001727,93,224,480,113,53
373,313,644,Shia001831Vols,96,582,892,153,44
373,1175,1438,Shia001831Vols,97,141,347,163,76
373,1162,1413,Shamela0000140,465,343,541,151,72
373,482,644,Sham19Y0122406,305,807,1063,113,53
374,76,670,Shamela0008176,6642,1069,1259,138,27
374,60,658,Shamela0021715,9742,1047,1229,117,23
374,200,559,Sham19Y0013231,3651,556,877,241,77
374,1231,1630,Shia003923Vols,1732,1271,1562,149,40
374,626,1298,Shia001831Vols,97,441,870,255,44
374,60,768,Shamela0000140,465,605,863,192,32
374,989,1231,Shamela0000140,467,1390,1648,193,85
374,823,1509,Shia003732Vols,4361,168,688,311,55
374,86,1064,Sham19Y0122257,3000,1,291,216,26
374,793,1630,Sham19Y0017063,1337,645,1067,314,45
375,641,796,Shamela0004445,6801,712,853,99,78
375,641,796,Shamela0011818,36,136,287,105,83
375,147,284,Shamela0008176,6643,1424,1562,111,99
375,284,538,Shamela0008176,6644,1,254,201,99
375,641,796,Shia002616Vols,184,299,460,125,96
375,641,796,Sham19Y0127656,819,1136,1277,99,78
375,641,796,Shamela0021809,544,627,791,110,82
375,641,796,Shamela0025794,4417,68,229,124,95
375,176,385,Shamela0021715,9743,1407,1617,166,99
375,385,1266,Shamela0021715,9744,1,1077,322,26
375,641,796,Shamela0001727,93,957,1118,125,96
375,641,796,Shamela0023700,535,1136,1291,116,86
375,641,796,Sham19Y0013572,350,536,690,121,96
375,641,796,Shamela0009810,1472,264,423,111,82
375,176,1282,Shamela0005756,14195,427,1479,513,48
375,796,1266,Shamela0005756,14959,864,1291,249,58
375,641,796,Shamela0012014,66,849,1009,124,95
375,176,796,Sham19Y0127677,6204,701,1322,252,45
375,641,796,Shia001731Vols,862,511,670,110,81
375,641,796,Tafsir06051,246,1205,1366,125,96
375,641,796,Shia003895Vols,413,168,326,113,83
375,641,802,Kraken230106005528,32,107,272,119,89
375,641,796,Tafsir09084,1971,80,238,117,90
375,641,796,Sham19Y0017903,1012,633,783,116,89
375,641,773,Shia001831Vols,96,1364,1495,105,99
375,37,602,Shia001831Vols,97,992,1499,391,85
375,22,618,Shamela0000140,466,460,1120,403,69
375,654,1286,Shamela0000140,467,16,829,245,30
375,147,538,JK000201,2911,1111,1503,313,99
375,641,796,Shamela0023628,2876,189,350,125,96
375,641,796,Sham19Y0122406,306,715,876,125,96
375,176,538,Sham19Y0122406,4467,1253,1532,202,69
375,169,391,Sham19Y0145212,3226,935,1124,121,65
375,641,796,Shamela0007485,9,974,1133,115,83
375,641,796,JK000384,158,992,1154,116,83
375,641,796,Shamela0008473,3900,965,1123,117,90
375,641,796,Sham19Y0132524,218,197,358,125,96
375,179,531,Sham19Y0013631,82,1,323,252,89
375,151,839,Sham19Y0018144,3117,444,1035,353,52
375,176,1266,Sham19Y0018103,3795,760,1606,485,51
375,641,802,Shamela0025800,144,230,397,122,90
375,156,501,Shia003732Vols,4360,1217,1562,272,98
375,641,796,Sham19Y0020638,81,28,188,124,95
375,641,802,Shamela0001467,104,730,895,121,90
375,815,1371,Sham19Y0013252,9498,1,474,334,70
375,641,748,Shia001174Vols,5054,1420,1526,83,96
375,641,796,Sham19Y0017616,513,1268,1424,125,99
375,641,796,Tafsir07076,2809,493,653,124,95
375,147,538,Sham19Y0122257,3000,489,885,313,98
375,169,544,Sham19Y0017063,1337,1073,1403,249,81
375,1046,1282,Sham19Y0150962,1198,832,1386,132,27
375,641,796,Masaha003492Vols,132,4,162,113,83
375,176,1029,Sham19Y0013605,4523,1002,1602,387,54
375,1029,1412,Sham19Y0013605,4524,1,623,180,30
375,176,531,Sham19Y0013605,4848,39,268,166,58
375,796,1266,Sham19Y0013605,4848,275,700,251,59
376,1250,1635,Shamela0008176,6639,495,701,166,52
376,1015,1200,Sham19Y0131521,3787,979,1137,104,69
376,366,1635,Shia001831Vols,99,166,895,493,47
376,91,778,Sham19Y0122406,307,442,1185,486,75
376,1210,1635,Sham19Y0122406,308,181,538,159,38
376,166,802,Sham19Y0018103,677,514,906,266,51
376,366,820,Sham19Y0020638,1574,101,331,166,45
376,400,808,Sham19Y0013252,1472,955,1539,158,25
376,170,366,JK007040,3958,555,923,103,34
376,1250,1635,Sham19Y0122257,2998,74,244,140,44
376,1191,1635,Sham19Y0017063,1335,339,961,250,43
376,210,814,Sham19Y0013605,1017,611,1013,286,58
377,656,1211,Shamela0007891,2544,26,253,178,40
377,656,1207,Shamela0021629,762,1162,1389,179,40
377,656,1207,JK009390,1113,44,271,179,40
377,1053,1211,Shia003470,26,172,357,115,75
377,637,1207,Shamela0008176,6638,953,1240,190,38
377,1,828,Shamela0008176,6639,701,1479,468,64
377,1207,1524,Shamela0008176,6641,424,749,253,97
377,637,1211,JK000977,159,265,569,190,37
377,621,1207,Shia002616Vols,184,757,1091,205,38
377,1049,1207,Shamela0021809,531,445,606,115,82
377,1049,1207,Shamela0025794,4421,734,901,119,85
377,637,1211,Sham19Y0036110,60,593,878,196,39
377,637,1207,Shamela0029677,1996,531,816,192,39
377,656,1207,JK007128,214,167,388,177,40
377,637,1211,Shamela0001727,94,235,531,199,40
377,637,1118,JK000966,360,1364,1568,118,27
377,637,1211,Sham19Y0013572,370,1047,1338,196,39
377,646,1207,Sham19Y0013572,371,439,682,178,39
377,637,1172,Shia004456Vols,2680,1246,1502,168,35
377,656,1207,Sham19Y0127677,1278,428,644,170,38
377,637,1211,Sham19Y0127677,7121,158,440,197,40
377,632,1081,Shamela0004473,13693,1335,1504,95,24
377,1049,1207,Tafsir06051,247,20,177,126,99
377,637,1207,Sham19Y0035453,65,694,987,196,39
377,637,1211,Sham19Y0017903,1012,1117,1406,193,39
377,637,1211,Shia001831Vols,98,377,670,197,39
377,1,881,Shia001831Vols,99,895,1583,535,75
377,881,1462,Shia001831Vols,100,1,323,221,47
377,637,1211,Shamela0004289,1583,544,838,199,40
377,675,1207,Shamela0001975,441,1,198,155,36
377,1,724,Sham19Y0122406,308,538,1234,391,57
377,581,1393,Sham19Y0122406,309,1,666,271,32
377,1049,1194,Sham19Y0122406,310,1407,1552,117,100
377,656,1207,Shia002265Vols,3476,606,816,162,36
377,637,1207,ShamAY0000351,59,896,1185,195,39
377,637,1187,Shamela0008473,199,1102,1370,179,37
377,656,1207,Sham19Y0132524,219,967,1193,181,41
377,1237,1393,Sham19Y0132524,220,46,202,103,81
377,656,1207,Shamela0001438,1935,52,267,169,38
377,656,1207,Kraken230110004547,488,839,1069,181,40
377,656,1207,JK000381,2016,1341,1562,176,39
377,656,1207,Sham19Y0018144,232,396,635,176,38
377,637,1207,Shamela0036446,1381,155,445,194,39
377,637,1211,Shamela0025800,2727,1117,1409,196,39
377,637,1207,Sham19Y0017791,1739,811,1099,193,39
377,656,1207,Shamela0021659,597,1028,1245,170,38
377,637,1211,ShamAY0034005,1489,424,728,191,37
377,637,1211,Sham19Y0020638,81,610,903,199,40
377,637,1207,Sham19Y0013223,872,344,634,195,39
377,690,1187,Shamela0097927,293,1,168,135,33
377,679,1211,ShamAY0034274,53,1,204,160,36
377,637,1211,ShamAY0034274,681,301,588,192,38
377,675,1211,Shia003724,31,1,213,168,39
377,637,1211,Shia001174Vols,5056,281,575,193,39
377,637,1207,Sham19Y0016976,1566,506,794,193,39
377,637,1172,Sham19Y0017616,503,1180,1424,169,36
377,637,1211,JK007065,154,900,1196,199,40
377,637,1211,Tafsir07076,2809,1048,1352,198,39
377,637,1207,Tafsir07076,4504,389,678,196,39
377,1049,1207,Tafsir07076,4848,164,321,126,99
377,1,828,Sham19Y0122257,2998,244,1045,455,55
377,1207,1524,Sham19Y0122257,2999,117,414,237,93
377,637,1207,Sham19Y0018612,35,80,318,142,28
377,637,1233,Sham19Y0014119,553,410,724,200,39
377,1049,1207,Shia003636Vols,7465,580,753,122,87
377,637,1207,Sham19Y0017063,1334,971,1259,193,39
377,1,709,Sham19Y0017063,1335,961,1561,455,79
377,709,1520,Sham19Y0017063,1336,1,588,434,65
377,690,1207,Sham19Y0148271,482,308,543,156,36
378,1,308,Shamela0008176,6641,749,961,161,63
378,498,775,Shia001831Vols,100,510,713,155,71
378,1000,1478,Shia001831Vols,101,159,450,209,54
378,498,693,Sham19Y0122406,309,1197,1397,139,84
378,976,1525,Sham19Y0122406,310,114,635,378,81
378,1013,1332,Sham19Y0132524,220,1248,1508,185,72
378,1,775,Sham19Y0122257,2999,414,1141,317,36
378,108,1190,Sham19Y0017063,1336,607,1149,374,43
379,624,805,Sham19Y0014299,153,1,180,140,95
379,828,1172,Shamela0005756,2753,1339,1472,81,30
379,291,500,Shamela0005756,2753,334,686,105,36
379,258,1207,Shia001831Vols,100,713,1469,483,60
379,141,249,Shamela0004289,1583,846,941,74,87
379,1,125,Sham19Y0122406,310,646,818,101,72
379,131,249,Shia003724,31,223,344,85,90
379,506,805,Masaha001946Vols,183,1177,1461,215,90
379,147,564,Shia001174Vols,5056,588,1203,143,23
379,828,1207,Sham19Y0013605,1018,360,515,98,33
380,655,827,Shamela0000761,94,1,199,136,85
380,574,702,Shia003965Vols,5082,1479,1607,104,98
380,209,382,Shamela0001727,94,866,1025,123,89
380,209,382,Shia001831Vols,98,1008,1167,123,89
380,562,831,Shia003961Vols,71,1222,1509,212,91
380,562,919,Shamela0009702,725,16,486,281,73
380,209,382,Sham19Y0122406,311,353,512,123,89
380,562,919,JK000168,106,753,1185,243,65
380,284,538,Sham19Y0013631,72,73,231,112,53
380,566,746,Shamela0001687,3718,89,270,138,93
380,574,793,Shamela0028100,34,611,834,175,96
380,566,827,Sham19Y0003742,445,465,734,209,94
380,574,827,Sham19Y0003742,586,327,589,203,95
380,1380,1543,Masaha001864Vols,5555,1200,1360,126,93
380,574,827,Masaha000955Vols,654,1200,1462,203,95
381,1152,1448,Shia001831Vols,101,619,1050,174,46
381,1,331,JK000201,3345,332,621,222,84
381,1093,1448,Sham19Y0122406,312,600,1008,247,71
381,96,298,JK011633,203,769,877,76,49
381,6,191,Masaha001864Vols,5555,1366,1535,125,83
381,191,331,Masaha001864Vols,5556,1,134,109,95
381,1045,1458,Masaha001864Vols,5556,127,500,256,72
381,611,797,Sham19Y0013252,3553,1194,1341,105,72
381,1234,1337,Masaha001946Vols,110,62,248,64,45
381,1187,1490,Shamela0001395,68,782,1081,148,50
382,663,1178,Sham19Y0014299,59,1165,1270,59,13
382,426,701,Shamela0001727,95,679,1063,122,37
382,663,1178,Shamela0004473,11906,181,286,59,13
382,1,710,Shia001831Vols,102,237,1020,460,65
382,598,844,JK000201,2947,1217,1472,151,66
382,1,507,Shamela0021660,1605,936,1236,222,54
382,1,701,Sham19Y0122406,313,198,1327,470,51
382,947,1551,Sham19Y0122406,314,104,517,186,34
382,1,507,Masaha001946Vols,34,1067,1525,359,86
383,22,214,JK009390,6407,16,224,137,82
383,1,218,JK000977,162,582,792,133,73
383,8,218,Shamela0021809,582,187,393,158,90
383,8,272,Shamela0025794,4417,931,1240,173,65
383,42,1113,Sham19Y0014299,155,507,1161,402,40
383,42,218,JK007128,204,454,632,138,94
383,1,214,Shamela0001727,95,1217,1434,170,98
383,8,214,Zaydiyya0000343,41,1122,1335,156,86
383,1,214,JK000786,4131,240,453,153,89
383,1,272,Sham19Y0013572,346,567,830,188,82
383,8,214,Shamela0009810,1462,464,700,156,80
383,1,218,Shamela0005756,9194,72,297,169,94
383,8,214,Shia001731Vols,855,1029,1263,157,82
383,8,214,Kraken230106005528,956,1039,1228,145,86
383,1,171,Shia001831Vols,102,1319,1512,135,87
383,605,1159,Shia001831Vols,103,50,617,263,46
383,1,214,Shamela0004289,1043,865,1083,169,97
383,1,278,Sham19Y0122406,314,517,784,194,81
383,1,214,Shia002265Vols,3529,23,236,154,89
383,1,214,JK000384,193,631,842,164,94
383,1,272,Sham19Y0001734,2316,74,404,170,60
383,1,214,Sham19Y0132524,223,1235,1452,170,98
383,42,214,Sham19Y0132524,224,425,709,71,32
383,1,218,Shamela0001438,6496,980,1197,154,88
383,1,214,Kraken230110004547,498,889,1090,154,87
383,1,214,Shamela0025800,2767,75,284,167,98
383,8,214,ShamAY0034005,1337,383,587,150,88
383,1,218,Sham19Y0020638,82,691,913,171,96
383,1,278,Masaha001864Vols,2164,386,694,190,71
383,8,214,JK000475,1878,429,648,146,75
383,1,214,Shia001174Vols,5009,298,518,165,94
383,1,214,Sham19Y0016826,4478,546,763,170,98
383,1,226,Sham19Y0017616,29,506,743,174,92
383,1,142,JK007065,147,1322,1464,111,95
383,8,214,Sham19Y0148271,485,754,955,160,96
384,794,1020,Shamela0021715,228,38,631,146,29
384,269,532,Shamela0001727,96,1,349,129,46
384,510,734,Shamela0005756,433,112,279,78,41
384,97,229,Shamela0005756,9193,624,759,98,91
384,127,532,Sham19Y0127677,14828,954,1485,179,43
384,25,532,Shia001831Vols,103,716,1339,305,59
384,455,734,Shia001831Vols,104,469,733,156,65
384,844,1163,Shia001831Vols,105,17,934,213,28
384,51,463,Sham19Y0122406,314,905,1355,161,39
384,1304,1522,ShamAY0033876,9,739,957,179,99
384,97,237,Sham19Y0018103,2083,165,304,107,94
384,790,942,Sham19Y0013252,491,1188,1539,102,35
384,1221,1522,Sham19Y0013252,494,268,583,195,69
384,510,734,Sham19Y0013605,167,618,1113,123,31
384,64,229,Sham19Y0013605,2633,39,217,112,78
385,1,342,Sham19Y0131521,6193,832,1076,194,69
385,1111,1401,Shamela0005756,428,1,205,145,62
385,894,1283,Sham19Y0013253,188,907,1291,220,62
385,912,1183,Shia001831Vols,103,1049,1541,156,34
385,996,1283,Sham19Y0122406,315,1,263,207,86
385,1014,1401,Sham19Y0013252,488,989,1278,193,61
385,166,342,Sham19Y0013605,168,602,962,125,40
386,247,468,JK000977,164,414,622,156,85
386,247,1220,Shamela0026435,11,618,1460,351,35
386,1232,1440,Shamela0026435,12,1,206,129,73
386,310,468,JK000110,853,1,161,121,93
386,247,468,Shamela0021715,5342,691,899,156,85
386,200,468,Shamela0001727,97,132,532,208,65
386,247,515,JK009266,1590,356,659,171,66
386,584,784,Shamela0005756,9722,1283,1473,99,51
386,247,468,Shamela0012884,823,678,878,153,87
386,247,468,Sham19Y0023590,3062,32,232,153,87
386,247,474,Sham19Y0014309,339,748,953,157,86
386,242,468,Sham19Y0013253,186,548,887,89,24
386,200,468,Shia001831Vols,105,934,1326,208,66
386,600,1453,Shia001831Vols,106,255,886,472,69
386,274,468,Shamela0004289,13,1,193,150,95
386,247,790,Shamela0023628,395,946,1474,355,73
386,790,1440,Shamela0023628,396,1,738,223,28
386,331,468,Sham19Y0122406,318,553,689,108,99
386,266,468,Shia002265Vols,3669,250,435,141,86
386,247,1440,Sham19Y0016928,39,186,1290,473,38
386,247,468,JK000384,168,1159,1379,158,83
386,247,515,Sham19Y0016946,474,275,562,172,72
386,247,468,Sham19Y0018144,250,814,1021,158,87
386,247,485,Shamela0026891,14,1062,1308,180,92
386,266,446,Shia001368,272,1354,1518,126,87
386,247,424,ShamAY0034005,1208,954,1113,123,86
386,251,468,JK009154,349,857,1060,143,79
386,247,468,Masaha001864Vols,2521,196,650,170,46
386,611,1135,Masaha001864Vols,5387,1059,1479,167,34
386,584,1445,Sham19Y0013252,5888,736,1436,436,60
386,247,468,Shamela0010835,291,744,978,174,93
386,247,515,Sham19Y0017616,399,700,926,156,72
386,247,1027,Sham19Y0017063,1473,778,1539,487,68
387,101,422,Shamela0026435,12,663,1338,163,25
387,471,682,Shamela0009918,1442,184,745,128,27
387,806,1241,Sham19Y0013231,815,34,837,287,44
387,304,690,Shamela0023645,276,438,977,224,47
387,837,1132,Shamela0023628,394,1028,1409,213,67
387,1241,1598,Shamela0023628,1894,571,991,247,69
387,101,422,Sham19Y0016928,40,278,954,174,28
387,1404,1598,Sham19Y0013631,824,92,231,102,68
387,304,690,Masaha001864Vols,2520,173,713,223,48
387,1272,1598,Sham19Y0017063,1474,315,566,199,76
387,108,507,Sham19Y0017063,1474,25,305,215,65
388,6,561,Shia001831Vols,106,1127,1481,245,53
388,415,933,Shamela0023628,1963,684,1164,226,43
388,542,813,Sham19Y0020638,1575,41,260,157,70
388,1,221,Sham19Y0017063,1474,566,699,107,60
388,903,1103,Sham19Y0017063,1474,721,915,139,85
389,561,1168,Shamela0001727,97,929,1383,244,42
389,1,821,Shia001831Vols,107,269,813,327,45
389,1038,1484,Shia001831Vols,108,92,635,252,49
389,670,821,Shamela0037713,215,620,772,114,91
389,651,821,Shamela0095735,516,813,984,129,92
390,992,1565,Shamela0005756,12226,31,593,418,84
390,1012,1384,Shamela0005756,15158,317,643,247,82
390,1018,1565,Shamela0001673,7298,790,1267,204,38
390,965,1565,Shia001831Vols,107,813,1371,423,84
390,145,773,Shia001831Vols,109,19,218,156,30
390,998,1212,Sham19Y0018106,3230,1264,1461,144,84
390,1212,1565,Sham19Y0018106,3231,1,138,103,35
390,1021,1243,Sham19Y0013631,77,1125,1320,139,78
390,992,1565,Sham19Y0018103,3105,311,856,407,83
390,992,1469,Sham19Y0018103,4154,685,1118,332,85
390,1018,1565,Sham19Y0013252,7408,1100,1489,295,67
390,992,1191,Sham19Y0017063,1489,1051,1243,129,79
390,992,1558,Sham19Y0013605,3713,754,1297,419,89
390,992,1156,Sham19Y0013605,4948,989,1576,119,25
390,1156,1469,Sham19Y0013605,4949,1,269,214,84
391,649,776,Shamela0003055,2752,1082,1199,87,84
391,827,1084,Sham19Y0014299,462,552,788,169,78
391,1,177,Shia001831Vols,107,1371,1545,138,93
391,776,1084,Shamela0021723,934,348,621,198,79
391,807,1067,Shamela0011036,1867,1006,1309,161,60
391,649,776,Shamela0012052,2361,1143,1257,84,81
391,793,1271,Sham19Y0017063,41,476,867,223,56
391,812,1072,Shamela0010517,2566,1053,1314,206,98
391,649,776,ShamAY0033875,4,1,118,87,84
392,79,500,Shamela0001727,98,897,1248,174,41
392,350,742,Shamela0026568,682,932,1439,173,33
392,79,500,Shia001831Vols,109,964,1315,174,41
392,350,952,Shamela0023628,917,579,1079,219,40
392,350,742,Shamela0023685,772,793,1293,174,33
392,65,500,Sham19Y0122406,322,232,588,178,41
392,550,1122,Shamela0011036,1980,636,1550,317,37
392,999,1565,Shamela0011036,1981,7,555,382,77
393,928,1531,ShamAY0034073,1099,531,818,122,22
393,143,363,Shamela0026568,682,1041,1517,128,33
393,661,1349,Shia001831Vols,110,725,1167,335,58
393,450,902,JK000201,2977,566,1017,302,74
393,164,570,Shamela0023628,917,1164,1543,237,65
393,143,567,Shamela0023685,772,902,1521,241,44
393,1181,1349,Sham19Y0122406,323,916,1130,120,67
393,1,632,Shamela0011036,1981,555,1330,419,63
393,491,1574,Sham19Y0017063,1401,304,891,382,44
393,202,540,Sham19Y0013605,2282,1280,1556,181,65
394,953,1127,Sham19Y0127668,60,688,847,123,86
394,662,1194,Sham19Y0127677,12918,774,1170,215,47
394,145,594,Shamela0001673,5385,637,971,224,57
394,1038,1421,Shia001831Vols,111,15,233,131,41
394,900,1421,Sham19Y0122406,324,84,382,177,42
394,953,1194,Sham19Y0018144,3232,684,925,198,100
394,8,945,Sham19Y0017063,1401,891,1418,320,39
394,945,1437,Sham19Y0017063,1402,10,360,196,48
395,731,850,Shamela0004445,6911,6,125,93,98
395,731,850,Shamela0011818,137,1111,1230,93,98
395,731,850,Sham19Y0127668,111,947,1065,94,99
395,731,861,JK009390,1145,1294,1427,97,92
395,731,887,Shia002616Vols,2540,1173,1346,105,73
395,731,850,Shia002616Vols,4711,1130,1248,94,99
395,731,1001,Sham19Y0014592,3047,839,1091,115,40
395,254,709,Shamela0001727,100,29,596,252,50
395,731,850,Shamela0000432,4575,1177,1296,95,100
395,731,850,Shia002261Vols,169,862,981,95,100
395,587,850,Shamela0005756,11481,1362,1567,132,59
395,724,861,Sham19Y0127677,1311,1246,1384,101,92
395,495,724,Sham19Y0127677,13634,951,1328,166,55
395,731,876,Shamela0000894,493,6,149,106,91
395,495,709,Shamela0004473,13465,205,462,165,80
395,544,850,Sham19Y0023590,2081,587,917,193,65
395,563,887,Tafsir09084,899,830,1251,186,55
395,979,1414,Sham19Y0013231,3724,455,870,191,46
395,495,796,Sham19Y0013231,6149,1240,1576,170,54
395,1061,1435,Sham19Y0014309,486,789,1110,228,73
395,731,897,Sham19Y0122096,1769,244,402,101,77
395,979,1176,Shia001831Vols,112,698,932,99,47
395,544,1052,Shamela0004289,1652,1014,1501,180,32
395,731,850,Shamela0023628,1274,1144,1263,95,100
395,1061,1506,Shamela0023628,2923,745,1006,193,53
395,731,861,Shamela0001975,450,862,992,97,94
395,495,666,Sham19Y0122406,325,1184,1501,132,52
395,731,861,Shia002265Vols,4676,636,766,97,94
395,731,850,Sham19Y0145212,3287,1047,1174,95,93
395,731,850,Shamela0008473,1894,1217,1336,95,100
395,645,850,Sham19Y0132524,229,211,407,116,72
395,731,850,Sham19Y0132524,3015,1309,1420,88,93
395,731,850,Sham19Y0037618,6680,405,524,95,100
395,731,850,Shamela0001438,1981,575,694,95,100
395,731,854,JK001297,169,1050,1173,96,98
395,724,861,Shamela0021659,604,1167,1304,99,91
395,731,861,ShamAY0034005,1527,1126,1256,97,94
395,544,850,Sham19Y0020638,86,239,656,228,69
395,495,850,Shia001976Vols,1686,436,593,108,38
395,731,854,Sham19Y0013252,6971,1162,1285,98,100
395,731,887,Shamela0011036,2274,726,870,104,83
395,1017,1441,Shamela0011036,2275,728,1435,321,54
395,731,850,Sham19Y0016976,1604,627,746,95,100
395,544,1052,Sham19Y0017616,544,274,763,180,33
395,1061,1506,Shamela0037458,3531,216,480,194,53
395,544,850,JK007065,996,222,618,228,72
395,544,912,Tafsir06049,2518,263,648,161,41
395,544,850,Sham19Y0122257,3048,682,1005,141,45
395,544,854,Sham19Y0014119,566,300,618,145,48
395,731,850,Sham19Y0017063,1377,360,479,95,100
395,1023,1176,ShamAY0001529,61,1,149,101,78
395,544,850,Rafed0003902Vols,2068,643,980,189,67
395,731,850,ShamAY0033760,767,191,310,95,100
395,731,850,Shamela0026047,497,1332,1451,95,100
395,731,850,JK000698,103,431,550,95,100
395,544,998,Shamela0008360,808,155,551,162,35
395,731,850,JK009214,139,328,447,95,100
396,1295,1463,Shamela0007808,6,1156,1313,122,87
396,1063,1289,Shamela0007808,10,1059,1310,175,85
396,343,685,Shamela0008176,7312,151,427,205,73
396,1295,1463,Shia002616Vols,6748,449,596,113,81
396,61,439,Shamela0001727,102,58,446,148,37
396,1295,1463,Shamela0001727,102,497,656,124,89
396,439,583,Shamela0005756,101,682,821,111,96
396,1057,1289,Shamela0005756,132,452,679,152,68
396,1295,1463,Sham19Y0017903,1003,497,656,124,89
396,1295,1463,Shia001831Vols,112,1279,1438,124,89
396,135,439,Shia001831Vols,112,932,1230,126,37
396,443,1225,Shamela0023628,3701,663,1037,249,38
396,439,1177,ShamAY0034068,4178,904,1144,187,30
396,1090,1289,Sham19Y0122406,329,12,218,159,94
396,1295,1463,JK000384,273,117,265,110,79
396,1334,1463,Sham19Y0132524,230,522,642,93,85
396,1295,1463,Sham19Y0018144,273,831,983,117,84
396,1030,1207,Sham19Y0018103,38,382,564,137,92
396,1295,1463,Shamela0026891,15,1217,1396,135,93
396,993,1289,Shia003732Vols,768,614,921,209,80
396,1295,1463,Sham19Y0020638,87,934,1093,124,89
396,1295,1598,Masaha001864Vols,608,706,966,144,53
396,1014,1263,Sham19Y0013252,311,1213,1404,147,71
396,1302,1463,ShamAY0035884,152,729,882,100,67
396,372,717,Shamela0011036,1164,529,857,202,68
396,938,1314,Shamela0011036,1168,173,943,268,41
396,1295,1463,Sham19Y0017616,29,1199,1358,124,89
396,1295,1463,Masaha002308Vols,91,131,289,122,87
396,340,685,Sham19Y0122257,3290,521,776,193,68
396,396,1107,Sham19Y0017063,1518,388,856,277,47
396,855,1207,Sham19Y0013605,39,1036,1620,191,36
397,299,575,ShamAY0035035,4831,1486,1641,121,52
397,1,695,Shamela0008176,7314,271,1061,293,36
397,917,1178,Shamela0008176,7315,371,630,204,94
397,1389,1667,Sham19Y0014299,614,1205,1489,213,89
397,185,733,Shamela0021715,120,661,1071,148,27
397,89,691,Shamela0005756,105,676,1579,298,35
397,911,1075,Shamela0005756,12189,522,685,132,96
397,272,625,Sham19Y0122406,329,1129,1504,201,58
397,1223,1572,Sham19Y0018144,3239,1,332,245,86
397,89,668,Sham19Y0013252,312,1131,1607,216,37
397,1,747,Shamela0011036,1169,783,1622,485,62
397,1384,1667,Shamela0011036,1172,536,820,217,91
397,185,695,Sham19Y0122257,3291,1211,1517,218,49
397,1,1167,Sham19Y0017063,1518,845,1404,422,44
397,1,625,Sham19Y0013605,40,530,1067,232,37
398,420,603,Shamela0008176,7317,249,430,141,91
398,638,1053,Shamela0008176,7318,712,1175,268,68
398,1305,1571,Shamela0008176,7320,642,1106,168,43
398,274,399,Sham19Y0014299,615,1,130,99,94
398,140,542,Shamela0005756,12190,712,1024,206,58
398,1064,1571,Shamela0005756,12190,1103,1549,215,47
398,1082,1223,Sham19Y0018144,3239,425,588,109,79
398,42,507,Shamela0009823,120,862,1090,79,17
398,1386,1571,Sham19Y0013252,322,91,257,108,68
398,85,603,Shamela0011036,1173,224,838,382,73
398,1414,1571,Shamela0011036,1176,330,472,111,89
398,199,388,Sham19Y0122257,3293,1113,1300,146,91
398,648,1053,Sham19Y0122257,3294,253,660,257,77
398,1298,1571,Sham19Y0122257,3294,1284,1479,150,67
398,18,246,Sham19Y0014119,1545,1241,1375,109,58
398,85,338,Sham19Y0017063,1519,111,335,181,85
398,85,603,Sham19Y0013605,43,227,619,209,42
399,12,297,Shamela0007808,40,887,1166,202,84
399,1,497,Shamela0008176,7320,1106,1422,226,55
399,906,1437,Shamela0008176,7321,246,1104,258,32
399,1164,1596,Shamela0005756,110,1,736,214,31
399,20,493,Shamela0005756,135,327,609,203,52
399,77,297,Sham19Y0122406,334,1,208,154,84
399,36,622,Sham19Y0132524,232,700,988,148,31
399,919,1473,Sham19Y0018144,3239,641,1118,275,55
399,12,497,Sham19Y0018103,42,247,495,159,40
399,12,493,Shia003732Vols,782,437,813,271,67
399,12,497,Sham19Y0013252,322,313,670,247,63
399,1222,1596,Sham19Y0013252,325,277,903,184,31
399,1,493,Shamela0011036,1176,472,894,319,79
399,961,1164,Shamela0011036,1177,1134,1603,107,27
399,1164,1409,Shamela0011036,1178,1,410,156,44
399,48,493,Sham19Y0122257,3295,1,302,211,55
399,906,1603,Sham19Y0122257,3295,564,956,294,50
399,673,1623,Sham19Y0017063,1519,572,1045,330,41
399,1,497,Sham19Y0013605,45,473,890,233,55
399,900,1590,Sham19Y0013605,46,245,1062,266,30
400,1332,1515,Shamela0008176,7321,1343,1585,134,69
400,45,845,Shamela0008176,7322,170,774,418,61
400,126,351,Sham19Y0014299,615,1296,1487,109,60
400,17,295,Shamela0021715,125,1160,1371,121,53
400,12,314,Shamela0005756,110,456,1028,163,33
400,1111,1515,Shamela0005756,111,590,1247,240,42
400,12,295,Shamela0005756,12191,413,723,140,49
400,126,398,Shamela0001673,889,161,420,147,62
400,22,393,Shia001831Vols,115,439,807,260,80
400,45,526,Sham19Y0018103,43,846,1457,235,40
400,1174,1584,Sham19Y0018103,44,467,706,136,41
400,120,386,Shia003732Vols,791,261,508,139,61
400,126,398,Masaha001864Vols,4105,608,858,143,61
400,12,845,Sham19Y0013252,325,627,1633,290,28
400,865,1584,Sham19Y0013252,326,1,967,313,33
400,39,191,Masaha001946Vols,97,242,383,111,89
400,1127,1584,Shamela0011036,1178,387,848,280,63
400,45,821,Sham19Y0122257,3295,967,1604,480,74
400,1362,1536,Sham19Y0122257,3296,35,223,119,80
400,1,301,Sham19Y0017063,1519,1045,1307,199,80
400,17,1011,Sham19Y0013605,46,810,1592,432,49
400,1127,1584,Sham19Y0013605,47,320,629,209,55
401,383,932,Masaha002473,202,1147,1305,108,25
401,1,332,Sham19Y0145166,119,77,322,129,41
401,383,932,Sham19Y0148486,5576,969,1127,108,25
401,529,932,Shamela0007808,7,614,745,87,27
401,1308,1508,Shamela0007808,54,1018,1209,86,39
401,1,366,Shamela0008176,7323,53,394,260,87
401,1,147,Shamela0009918,440,295,409,87,73
401,383,932,ShamAY0034447,807,272,451,110,25
401,1,235,Shamela0021715,10452,510,723,158,83
401,534,1422,Shamela0001727,103,1,359,160,21
401,91,471,Shamela0005756,138,392,888,192,42
401,383,1422,Shia001831Vols,113,779,1169,185,21
401,383,1363,Shamela0004289,98,795,1100,159,19
401,1,1480,Shamela0023628,3702,285,791,282,22
401,383,1422,Sham19Y0122406,333,910,1298,190,23
401,383,932,Sham19Y0132524,233,523,681,108,25
401,383,1363,ShamAY0033945,1549,195,487,138,17
401,529,932,Sham19Y0018144,274,304,435,81,24
401,383,1422,Shamela0026891,16,733,1126,186,21
401,401,1261,Shamela0009823,131,767,1498,321,41
401,383,932,Masaha001864Vols,609,430,601,103,23
401,1,265,Sham19Y0013252,326,967,1574,184,36
401,377,724,Sham19Y0013252,329,942,1204,151,45
401,1159,1344,Sham19Y0013252,330,163,375,129,70
401,1426,1573,Sham19Y0013252,331,55,218,116,87
401,383,944,Sham19Y0146127,3040,916,1083,108,24
401,1,428,Shamela0011036,1178,848,1659,306,45
401,401,1308,Shamela0011036,1179,6,1329,488,39
401,1422,1573,Shamela0011036,1180,74,220,117,94
401,383,932,Sham19Y0017616,30,700,864,111,25
401,529,932,Masaha002308Vols,91,1076,1207,81,24
401,1,383,Sham19Y0122257,3296,412,759,268,86
401,1083,1513,Sham19Y0122257,3296,775,933,107,31
401,1051,1253,Sham19Y0017063,1519,1439,1627,128,72
402,384,842,Shamela0008176,7324,30,446,187,36
402,1213,1368,Shia001831Vols,116,427,676,77,35
402,784,952,Sham19Y0018144,3240,719,863,108,79
402,722,1208,Shia003732Vols,792,932,1391,220,45
402,1,452,Sham19Y0013252,331,218,1236,231,25
402,952,1143,Sham19Y0013252,332,1340,1602,117,55
402,100,304,Shamela0011036,1180,25,377,125,39
402,304,1201,Shamela0011036,1181,253,1633,581,46
402,374,842,Sham19Y0122257,3297,313,558,191,49
402,22,1305,Sham19Y0017063,1520,102,1148,734,66
403,1145,1508,ShamAY0034068,3953,1,161,106,36
404,1078,1237,Sham19Y0014299,117,574,747,114,84
404,1415,1555,Shia002702Vols,9961,1,140,99,81
404,871,1062,Sham19Y0018144,3241,99,252,123,79
404,1415,1555,Sham19Y0018144,3247,165,321,111,89
404,1372,1555,Masaha001864Vols,1096,55,245,134,85
404,1372,1555,Masaha001864Vols,4119,1172,1370,145,92
404,1073,1380,Sham19Y0017063,1521,441,726,213,85
405,550,1193,JK007054,810,1137,1496,106,18
405,63,441,ShamAY0035955,377,839,1091,121,40
405,1,152,Shamela0008176,7343,1126,1241,85,71
405,1,430,Shia002702Vols,9961,140,258,90,27
405,298,430,Shia002702Vols,11719,212,352,101,90
405,1187,1595,Shamela0005756,145,804,1585,264,40
405,298,430,Sham19Y0023590,6068,939,1361,101,30
405,1,446,Shamela0023628,3567,871,1327,223,54
405,1,359,ShamAY0034068,3952,1027,1351,162,50
405,1,359,Sham19Y0018144,3247,321,679,284,98
405,1,430,Masaha001864Vols,1096,245,561,233,66
405,1,140,Masaha001864Vols,4119,1370,1509,109,100
405,237,1595,Masaha001864Vols,4120,1,1470,1075,88
405,1225,1595,Sham19Y0013252,343,115,750,253,47
405,1182,1527,Sham19Y0013605,53,1295,1589,217,74
406,415,616,Sham19Y0014404,794,383,578,160,97
406,1229,1419,ShamAY0034441,149,530,667,98,65
406,443,709,Sham19Y0018328,420,737,927,134,61
406,196,1563,Shamela0008176,7375,448,1356,694,62
406,1175,1419,ShamAY0034447,2207,517,754,184,93
406,597,726,JK000098,148,1,130,104,100
406,855,1049,Shia004456Vols,1282,1281,1475,153,100
406,1049,1563,Shia004456Vols,1283,1,518,412,99
406,424,1056,JK000995,112,852,1479,258,37
406,1056,1474,JK000995,113,1,467,265,63
406,845,1563,Shia001561,69,229,892,517,89
406,730,1563,Shamela0023628,2245,278,896,463,66
406,415,633,Shamela0023628,2246,165,384,166,86
406,778,1279,ShamAY0034068,1568,1,459,295,67
406,443,751,Sham19Y0122406,343,1209,1507,211,81
406,751,1350,Sham19Y0122406,344,1,544,406,82
406,1450,1563,Sham19Y0122406,345,1228,1341,87,91
406,1229,1419,Shamela0010463,817,1214,1359,111,73
406,953,1419,Sham19Y0132524,238,1,395,224,50
406,730,845,Sham19Y0018144,3256,197,308,89,96
406,415,616,JK003501,171,1318,1513,160,97
406,501,730,Masaha001864Vols,1840,598,828,188,99
406,772,1541,Masaha001864Vols,1842,15,1147,426,44
406,1,170,Masaha001864Vols,4120,1470,1638,139,99
406,351,726,Sham19Y0020891,3361,168,731,297,63
406,911,1215,Tafsir06049,3928,999,1293,217,85
406,409,1563,Sham19Y0122257,3318,153,978,645,69
406,1229,1419,Shamela0000137,359,850,995,111,73
406,192,380,Sham19Y0014119,1553,702,1304,78,14
406,380,1360,Sham19Y0013605,827,1067,1486,273,34
407,1,113,Shamela0008176,7375,1356,1472,87,96
407,1338,1533,Shamela0009918,44,15,190,131,85
407,299,666,Shamela0009918,594,304,618,195,56
407,1,113,Shamela0021715,5610,1124,1237,84,96
407,299,652,Shia002702Vols,5743,1058,1398,238,77
407,1,736,Shia004456Vols,1283,523,1257,578,96
407,306,652,JK000995,113,417,695,215,77
407,306,637,Shamela0001673,11678,591,764,128,46
407,431,637,Sham19Y0122256,752,445,587,105,60
407,1,614,Shia001561,69,892,1486,462,93
407,1,113,JK000201,4043,663,775,86,99
407,1,701,Shamela0023628,2245,896,1494,468,83
407,295,625,Shamela0023628,3283,11,274,198,73
407,1245,1533,Sham19Y0122406,346,196,456,161,60
407,373,701,Sham19Y0020638,15,677,1002,253,91
407,373,701,Sham19Y0020638,99,1145,1470,253,91
407,22,427,Masaha001864Vols,1842,1214,1483,171,53
407,427,701,Masaha001864Vols,1843,10,285,222,99
407,967,1286,Masaha001864Vols,4990,1187,1503,257,98
407,1286,1549,Masaha001864Vols,4991,1,271,208,95
407,431,656,Sham19Y0013252,5679,762,962,157,85
407,1,113,Sham19Y0122257,3318,978,1090,86,99
407,1,652,Sham19Y0013605,2725,564,895,222,43
408,1386,1649,Shia001432Vols,22243,495,785,197,80
408,867,1298,Shamela0008176,7392,231,987,168,23
408,900,1242,Shamela0009918,586,501,1295,117,16
408,300,595,Sham19Y0014299,38,1261,1494,179,74
408,105,504,Sham19Y0131521,167,773,1047,191,59
408,857,1649,Shamela0026568,728,546,1225,318,38
408,316,517,Shamela0035101,300,643,932,139,55
408,84,686,Shamela0005756,1353,231,608,229,45
408,300,542,Shamela0004473,11577,1349,1558,160,80
408,109,595,Shamela0005064,35,832,1092,140,34
408,316,561,Sham19Y0013231,336,1212,1476,157,68
408,156,517,Shia001831Vols,121,276,552,150,47
408,1380,1640,Shamela0000140,1841,1,295,193,75
408,843,1640,Shamela0023628,2246,836,1390,277,35
408,843,1640,ShamAY0034068,1568,588,1137,290,38
408,857,1242,Shamela0023685,817,1254,1527,158,46
408,1450,1649,Shamela0023685,818,109,311,163,93
408,105,595,Shamela0009702,1038,667,1486,308,45
408,1450,1649,Sham19Y0145212,3590,648,856,164,91
408,156,595,Shia003732Vols,1134,134,616,320,76
408,770,1006,Shia003732Vols,1204,190,382,133,65
408,1,1649,Masaha001864Vols,4991,377,1669,984,70
408,1386,1649,Shia001115Vols,707,649,938,196,80
408,95,601,Sham19Y0013252,545,520,789,121,26
408,1390,1649,Sham19Y0023625,1119,852,1143,167,62
408,1424,1649,Sham19Y0017063,1535,84,300,180,94
408,105,517,Sham19Y0013605,522,1133,1402,202,60
409,24,170,Shia002616Vols,5881,359,551,103,68
409,43,170,Shia002616Vols,6539,989,1101,87,88
409,43,170,Shamela0009918,587,1201,1322,87,82
409,43,170,Sham19Y0029676,274,447,590,96,84
409,43,170,Sham19Y0014592,301,1206,1319,73,70
409,420,550,Shamela0021715,11245,637,812,104,72
409,43,170,Masaha004755,138,921,1033,87,88
409,43,170,Shamela0030327,22,1211,1361,91,76
409,43,170,Sham19Y0150676,2012,41,161,82,78
409,420,570,Shamela0005756,9449,1173,1323,111,85
409,1224,1351,Shamela0004473,11578,25,152,100,98
409,43,170,Shamela0006947,9862,1216,1328,87,88
409,827,1436,Shamela0006947,21670,790,1023,88,16
409,43,170,ShamAY0034443,52,1252,1364,87,88
409,24,170,Shia001831Vols,119,579,723,102,82
409,1214,1523,Shia001831Vols,121,900,1122,163,65
409,43,170,Shamela0023645,92,746,858,87,88
409,43,170,Shamela0023628,2242,1291,1403,87,88
409,1032,1519,Shamela0023628,2247,204,496,209,50
409,1111,1514,ShamAY0034068,1569,1,200,149,45
409,43,170,Shamela0001975,27,51,171,82,78
409,24,170,Sham19Y0016928,16,231,421,106,70
409,28,170,JK003502,679,501,626,86,74
409,43,154,Shamela0001438,127,1440,1536,75,86
409,43,170,Shamela0021659,35,55,175,82,78
409,808,1436,Sham19Y0020638,91,244,574,158,30
409,43,170,Masaha001864Vols,1846,1344,1456,87,88
409,8,1514,Masaha001864Vols,4992,1,1484,1153,92
409,43,170,Shamela0009873,749,83,203,82,78
409,43,170,Shamela0009873,750,528,647,79,74
409,43,170,Shamela0009873,751,1063,1182,79,74
409,43,170,Shamela0009873,752,44,163,79,74
409,43,170,Shamela0009873,753,892,1167,79,34
409,1036,1224,Sham19Y0013252,1235,612,862,150,72
409,43,170,Masaha001946Vols,203,1041,1153,86,87
409,24,170,Masaha002308Vols,158,1190,1365,111,79
409,461,792,Sham19Y0122257,3321,1077,1260,137,48
409,230,1164,Sham19Y0013605,834,1330,1572,138,17
410,144,361,Shamela0008176,7386,1266,1481,162,88
410,240,355,ShamAY0034447,2233,1367,1482,90,100
410,21,343,Shamela0021715,857,492,745,118,46
410,149,361,Shamela0021715,8667,564,784,137,71
410,25,422,Shamela0005756,9452,175,555,202,56
410,1,385,Sham19Y0013231,4025,895,1343,183,43
410,21,786,Shia001831Vols,121,1118,1566,271,42
410,11,675,Shamela0023628,2247,496,1081,355,61
410,14,681,ShamAY0034068,1569,221,795,359,63
410,149,343,Sham19Y0018106,424,55,200,104,65
410,144,355,Sham19Y0018103,544,430,708,126,51
410,59,462,Sham19Y0018103,2174,542,732,119,35
410,93,561,Masaha001864Vols,4993,1,412,314,82
410,586,803,Masaha002308Vols,160,271,750,123,30
410,144,422,Sham19Y0122257,3324,228,482,175,76
410,106,471,Sham19Y0017063,1533,916,1347,229,59
410,149,361,Sham19Y0013605,833,220,546,142,50
411,63,742,Sham19Y0122402,637,108,528,289,52
411,1429,1550,Shamela0001515,177,187,303,94,95
411,44,1113,Shia001831Vols,122,24,953,499,50
411,76,571,Sham19Y0013631,2139,181,357,97,25
411,39,517,Masaha001864Vols,4122,1058,1507,355,92
411,517,1054,Masaha001864Vols,4123,1,476,375,85
411,39,928,Masaha001864Vols,4993,614,1537,714,96
411,1073,1550,Masaha001864Vols,4994,54,550,383,95
411,1123,1429,Sham19Y0017063,1526,230,431,162,65
412,190,493,Sham19Y0018144,3253,720,993,212,85
412,1,1049,Masaha001864Vols,4994,550,1440,675,74
412,689,1038,Sham19Y0014601,6973,1105,1384,216,77
412,70,672,Sham19Y0017063,1526,427,729,217,43
413,630,1085,Shamela0008176,7399,772,1007,134,34
413,634,1085,Shamela0008353,486,561,985,196,40
413,634,1085,Shamela0026568,735,886,1312,200,40
413,435,1085,Shamela0005756,2187,577,1099,210,34
413,1,180,Shamela0005756,2193,1172,1478,120,45
413,605,1085,Shamela0001673,1553,540,1043,232,43
413,613,1106,Shia001831Vols,126,477,753,148,35
413,56,296,Shamela0023628,2248,518,780,150,66
413,56,296,ShamAY0034068,1570,42,297,141,64
413,641,1085,Shamela0023685,825,1,412,208,50
413,469,1106,Sham19Y0122406,349,799,1366,404,74
413,634,834,Sham19Y0145212,3597,970,1165,109,57
413,441,1085,Sham19Y0018106,421,658,1055,203,37
413,441,1106,Sham19Y0018103,542,48,482,261,44
413,573,1085,Shia003732Vols,1150,993,1553,208,33
413,605,1187,Sham19Y0018272,1534,822,1308,162,25
413,706,1303,Sham19Y0013252,1234,31,439,283,58
413,300,529,Sham19Y0014119,1552,911,1177,154,60
413,441,1106,Sham19Y0017063,1536,325,805,362,68
413,1,235,Sham19Y0013605,828,618,861,166,77
413,495,867,Sham19Y0013605,829,613,943,218,67
414,969,1534,Shia002206,123,695,815,82,17
414,969,1534,Shamela0007891,2321,721,840,80,17
414,969,1534,Shamela0008176,7397,316,435,80,17
414,969,1278,Shamela0008176,7400,939,1232,151,48
414,969,1534,JK000977,182,1347,1462,82,18
414,969,1534,ShamAY0033975,797,1340,1455,82,18
414,969,1534,JK009408,395,135,253,82,17
414,20,208,Shamela0009918,597,377,652,116,50
414,969,1534,ShamAY0034585,431,742,860,82,17
414,969,1534,Shamela0001727,108,1195,1313,82,17
414,969,1534,JK006838,391,269,373,66,14
414,969,1534,Shamela0023700,316,434,572,82,17
414,227,420,Shamela0005756,253,887,1054,123,79
414,149,938,Shamela0005756,10474,318,637,176,27
414,1,278,Shamela0001673,5225,34,380,86,26
414,969,1534,Shamela0035100,539,913,1036,82,17
414,969,1534,Shamela0004289,109,107,225,82,17
414,969,1534,Shamela0004289,362,448,567,80,17
414,969,1534,Shamela0010906,133,970,1093,82,17
414,969,1534,Shamela0023628,2239,1213,1336,82,17
414,761,964,Shamela0023628,2249,1,190,142,85
414,471,972,ShamAY0034068,1570,850,1205,201,48
414,969,1534,Sham19Y0122406,345,606,729,82,17
414,11,735,Sham19Y0122406,348,799,1503,405,60
414,969,1534,JK000384,297,847,970,79,17
414,969,1534,Sham19Y0016946,89,787,906,80,17
414,969,1534,Shamela0008473,2779,1337,1456,80,17
414,969,1534,Sham19Y0001734,2795,1299,1422,82,17
414,969,1534,Sham19Y0018106,419,1249,1368,80,17
414,969,1534,Sham19Y0018144,290,1071,1194,82,17
414,969,1534,Shamela0036446,1149,1055,1163,76,16
414,969,1534,Sham19Y0018103,540,1037,1156,80,17
414,969,1534,Shamela0025800,3240,747,865,82,17
414,969,1534,Sham19Y0020638,94,179,297,82,17
414,969,1534,Shamela0021766,4243,1187,1306,80,17
414,969,1534,Sham19Y0013252,1225,22,141,80,17
414,590,990,Sham19Y0013252,1236,631,1190,120,20
414,969,1534,Sham19Y0013252,1238,1397,1513,80,17
414,969,1534,Shamela0010835,73,197,315,82,17
414,969,1534,Sham19Y0018176,213,141,260,80,17
414,969,1278,Sham19Y0122257,3328,71,587,158,32
414,969,1534,Sham19Y0014328,514,919,1021,65,14
414,969,1534,Shamela0000137,361,551,670,80,17
414,1006,1296,Sham19Y0014119,1552,1317,1583,217,91
414,969,1534,Sham19Y0013605,830,913,1032,80,17
414,969,1534,Shamela0030592Vols,59,623,741,82,17
415,473,698,Shamela0008176,7331,32,252,158,83
415,1,698,Shamela0008176,7401,641,1178,424,73
415,19,756,Shamela0008353,738,859,1554,414,62
415,1,255,Shamela0005756,2189,691,1027,195,69
415,273,518,Sham19Y0122406,354,1325,1565,188,92
415,524,1318,Sham19Y0122406,355,1,703,521,79
415,110,259,Sham19Y0018144,3265,1,149,115,97
415,473,698,Shia003732Vols,807,716,944,164,83
415,52,845,Shia003732Vols,1180,267,1024,537,79
415,266,580,Sham19Y0013252,1240,192,501,231,88
415,473,704,Sham19Y0122257,3300,1239,1469,168,84
415,1,698,Sham19Y0122257,3328,640,1177,429,74
415,52,255,Sham19Y0014119,1553,22,210,152,92
415,19,255,Sham19Y0017063,1536,907,1123,176,91
415,1370,1514,Sham19Y0013605,831,1170,1511,61,20
416,1395,1501,Shamela0012415,49,889,999,80,92
416,1358,1501,Shamela0021821,1010,170,381,105,63
416,367,541,Shamela0006446,208,128,231,61,44
416,1395,1501,JK006838,387,931,1040,80,93
416,1395,1501,Shamela0023700,2058,1301,1407,80,96
416,985,1382,Sham19Y0013253,194,209,598,178,48
416,1363,1501,Shia001831Vols,127,1258,1499,108,56
416,1079,1347,Shia001831Vols,128,522,710,132,62
416,1385,1501,Shamela0004289,110,285,453,92,69
416,119,332,ShamAY0034068,1569,906,1192,97,39
416,1363,1501,Sham19Y0122406,347,684,925,108,56
416,1402,1501,JK000384,302,992,1094,78,97
416,367,541,Sham19Y0018144,291,132,238,59,43
416,1363,1501,Sham19Y0020638,95,785,1013,104,58
416,1385,1501,Masaha001864Vols,1862,622,787,92,70
416,1395,1501,Masaha004387Vols,193,166,275,80,93
416,625,801,Sham19Y0014119,1553,365,510,107,71
416,13,357,Shamela0000791,235,1243,1602,252,84
417,504,1063,JK007054,771,1073,1477,287,63
417,606,1139,Masaha004129,12,1,456,332,76
417,504,697,Shia002616Vols,4589,1180,1373,158,100
417,1309,1516,Sham19Y0014299,39,208,402,141,80
417,504,697,Shamela0001727,110,102,295,158,100
417,504,697,JK000916,1006,1078,1256,129,77
417,537,697,Shamela0023700,2059,1,161,132,100
417,504,697,Shamela0003118,316,552,730,129,77
417,504,1128,Shia002702Vols,4990,128,681,390,74
417,886,1063,Shamela0005756,2192,602,757,114,78
417,504,697,Sham19Y0127677,7576,696,890,158,99
417,1309,1516,Shamela0004473,11578,298,492,141,80
417,841,1089,Shamela0006947,14193,32,303,111,40
417,504,697,Shia001831Vols,128,61,225,131,82
417,723,1516,Shia001831Vols,128,868,1429,339,49
417,504,697,Shamela0036543,259,500,693,157,99
417,522,765,Shamela0036543,2521,731,1011,156,68
417,1291,1511,JK000201,3174,658,865,132,70
417,504,697,Shamela0004289,110,551,746,158,98
417,504,697,Shamela0023100,634,1016,1194,129,77
417,504,697,Sham19Y0122406,349,280,473,158,100
417,731,1378,Sham19Y0122406,350,1,263,141,27
417,801,1133,Sham19Y0122406,4483,1002,1298,210,72
417,504,697,Sham19Y0132524,243,834,1029,154,96
417,504,697,Sham19Y0018144,279,780,982,146,82
417,541,773,Sham19Y0017048,895,1116,1321,148,78
417,504,697,Sham19Y0020638,95,1111,1304,158,100
417,504,697,Masaha001864Vols,1862,866,1060,158,99
417,504,697,ShamAY0031687,128,137,330,158,100
417,820,1105,Sham19Y0013252,1242,613,872,155,61
418,763,916,Sham19Y0013667,5683,496,611,86,72
418,1132,1344,ShamIbadiyya0000438,45,744,1015,121,55
418,30,416,Sham19Y0122402,689,937,1287,118,32
418,752,1224,JK000110,859,781,1103,147,37
418,799,1204,Shamela0025794,658,604,882,146,43
418,757,1224,Shamela0021715,5380,157,1031,178,22
418,757,1204,Shamela0001727,110,841,1111,184,50
418,757,1224,Shamela0005756,9770,1206,1525,148,37
418,763,1088,Shamela0005756,11474,858,1169,120,38
418,493,1451,Shia001831Vols,129,1,918,439,44
418,757,1204,Shamela0004289,114,501,759,179,49
418,757,1204,Sham19Y0122406,356,585,855,184,50
418,752,1224,Sham19Y0018106,2381,42,375,154,38
418,757,1194,Sham19Y0018144,301,897,1212,123,28
418,824,1224,Masaha001864Vols,1865,326,548,135,40
418,757,1204,Shamela0012981,1414,625,965,180,47
418,757,1224,Sham19Y0018176,1254,968,1287,148,37
418,1136,1539,Sham19Y0122257,3219,1,467,221,49
419,67,634,ShamIbadiyya0000438,45,1008,1570,437,92
419,634,1107,ShamIbadiyya0000438,46,1,464,366,94
419,1454,1597,Sham19Y0014299,124,1242,1395,112,92
419,534,1155,Shia001831Vols,130,88,570,297,57
419,497,862,Sham19Y0018144,3261,423,719,186,59
419,1454,1597,Shamela0021723,944,57,211,112,91
420,1155,1522,Shamela0008176,7167,840,1136,224,75
420,211,943,JK000977,187,657,1408,229,28
420,1,134,Sham19Y0014299,124,1395,1529,107,97
420,241,947,Shamela0001727,111,1,558,224,32
420,1280,1522,Sham19Y0014045,240,273,478,152,76
420,1155,1354,Shamela0026568,677,763,926,114,66
420,1155,1522,Shia004509,192,170,529,289,97
420,699,947,Sham19Y0127677,8739,141,527,131,43
420,771,1354,ShamAY0038413,79,69,708,149,18
420,211,366,Tafsir09084,1377,198,353,116,92
420,211,354,Shamela0035100,545,305,449,110,94
420,608,1129,Shia001831Vols,130,774,1495,261,43
420,1151,1522,Shia001831Vols,131,10,305,208,66
420,884,1314,JK000201,4294,1084,1513,271,72
420,211,359,Shamela0004289,114,1118,1265,113,96
420,216,359,Shamela0004289,1642,993,1135,111,97
420,211,354,Shamela0010906,139,324,475,108,90
420,1155,1522,ShamAY0034068,2597,761,1202,187,52
420,1155,1354,Shamela0023685,767,559,722,114,66
420,211,819,Sham19Y0122406,357,583,869,164,31
420,943,1275,Sham19Y0122406,360,517,860,199,66
420,1275,1522,Sham19Y0122406,361,33,285,182,87
420,1280,1522,Sham19Y0016928,14,922,1129,151,75
420,757,1522,ShamAY0038406,38,828,1290,354,57
420,211,366,Shamela0008473,2794,42,204,116,90
420,1,165,Shamela0021723,944,211,370,128,95
420,1000,1522,Shia003732Vols,1140,321,897,240,41
420,1143,1522,Sham19Y0018272,1969,773,1149,287,91
420,211,1023,Sham19Y0020638,100,761,1343,255,34
420,211,366,Masaha001864Vols,1865,1237,1392,123,100
420,762,1224,Sham19Y0013252,3052,69,697,189,35
420,216,947,JK007065,386,293,859,178,22
420,294,543,Sham19Y0122257,3220,635,791,111,53
420,1155,1522,Sham19Y0122257,3222,494,790,226,76
420,1143,1522,Sham19Y0017063,1538,235,590,255,79
421,1,439,Shamela0008176,7167,1136,1601,268,66
421,327,615,Kraken22041319410300,212,248,522,162,62
421,237,615,Shamela0002569,74,927,1494,141,31
421,70,627,Sham19Y0014045,240,686,1101,178,30
421,887,1353,Shia004509,191,861,976,77,21
421,1,656,Shia004509,192,529,918,290,53
421,327,615,Shamela0001673,5375,538,811,163,63
421,327,602,ShamIbadiyya0000433,76,310,513,127,57
421,132,1140,Shia001831Vols,131,335,655,228,28
421,327,615,JK000201,4295,129,402,163,63
421,1,636,Sham19Y0122406,361,285,1222,376,44
421,392,627,Sham19Y0016928,15,1,138,83,40
421,1,467,ShamAY0038406,38,1290,1581,201,52
421,467,640,ShamAY0038406,39,1,153,103,76
421,1,487,Sham19Y0018272,1969,1149,1560,317,81
421,467,636,Sham19Y0018272,1970,1,136,91,67
421,40,636,Sham19Y0013252,3052,750,1238,245,43
421,1,661,Sham19Y0122257,3222,790,1401,407,72
421,714,1068,Sham19Y0017063,1480,150,568,162,38
421,1,644,Sham19Y0017063,1538,590,1018,313,61
422,90,607,Shamela0004445,465,839,1335,157,27
422,442,607,Sham19Y0016584,3942,611,772,126,95
422,442,607,Sham19Y0148486,3105,134,284,111,82
422,85,607,JK000977,188,395,957,154,22
422,540,1034,Shamela0021715,2586,602,756,79,18
422,442,607,Shamela0021715,9012,75,236,126,95
422,85,1022,Shamela0001727,111,947,1358,193,24
422,85,607,Shia001831Vols,131,1034,1515,193,36
422,90,526,Shia003721Vols,385,1116,1489,97,21
422,1336,1527,Sham19Y0122406,357,1132,1287,116,72
422,85,607,Sham19Y0122406,359,1169,1504,173,42
422,463,607,JK009324,3116,603,732,97,81
422,442,607,JK000384,312,876,1024,106,79
422,442,607,Sham19Y0018106,3601,1205,1366,126,95
422,442,607,Sham19Y0018103,3530,759,920,126,95
422,85,1350,Sham19Y0020638,101,86,657,227,20
422,442,607,Sham19Y0013252,8898,982,1143,126,95
422,442,607,Sham19Y0018176,2141,336,497,126,95
422,442,1034,Sham19Y0148271,1010,1138,1424,137,25
422,487,607,Sham19Y0013605,4202,622,738,91,94
423,1156,1249,ShamIbadiyya0000438,45,678,789,71,82
423,1156,1249,Shamela0023193,173,469,561,71,98
423,1156,1249,ShamAY0034809,671,1267,1359,71,98
423,703,1249,Sham19Y0127677,9790,92,635,170,26
423,912,1214,Shia001831Vols,133,1,126,89,37
423,1,183,Sham19Y0122406,357,1287,1450,123,80
423,179,756,Sham19Y0122406,358,12,465,127,23
423,1156,1249,Shamela0001687,3817,1060,1152,71,98
423,1156,1249,Masaha000955Vols,672,165,269,71,87
423,1156,1249,Shia002185Vols,3721,818,910,71,98
424,277,603,Shamela0007891,2571,415,758,246,90
424,277,617,Shia001432Vols,39343,892,1295,228,68
424,277,599,Sham19Y0016584,3940,725,1043,247,94
424,277,599,Sham19Y0016584,4550,526,842,246,94
424,281,633,JK009390,277,5,315,183,61
424,277,622,Shamela0008176,6825,110,518,234,68
424,277,603,Sham19Y0017077,153,1107,1419,229,88
424,324,599,JK000977,190,1,272,210,95
424,277,599,Shamela0001719,2508,661,980,248,95
424,277,603,Shamela0028107,677,120,453,250,93
424,277,448,JK000110,1564,1291,1468,134,96
424,448,627,JK000110,1565,1,226,127,67
424,277,599,JK000110,1827,494,809,245,94
424,277,617,Shamela0021715,9007,754,1095,253,91
424,277,617,Shamela0021715,10487,731,1070,252,91
424,277,599,Shamela0026365,12,159,484,245,94
424,277,599,Shamela0026365,31,176,493,245,94
424,277,599,Shamela0001727,112,1054,1380,255,98
424,277,599,JK000916,18740,551,908,245,84
424,277,599,Sham19Y0122401,1411,63,390,248,94
424,324,504,Shia004509,191,1,178,138,97
424,286,599,JK011496,145,188,499,236,94
424,277,603,Shamela0005756,13567,53,373,247,93
424,281,419,Shamela0005756,14861,1479,1628,98,82
424,419,661,Shamela0005756,14862,1,222,154,74
424,119,466,Sham19Y0127677,311,1051,1386,141,43
424,324,466,Shamela0001673,11102,496,952,96,26
424,281,599,MMS00013,2956,393,697,230,91
424,277,1346,Shia001831Vols,133,237,1129,480,46
424,277,661,ShamAY0033522,683,1008,1374,268,85
424,277,599,Shamela0004289,1411,1149,1465,244,92
424,296,599,Shamela0001975,133,916,1199,218,90
424,95,364,Sham19Y0122406,358,480,614,69,29
424,277,599,Sham19Y0122406,362,814,1140,255,98
424,1067,1266,Sham19Y0122406,364,1204,1429,134,68
424,296,599,Shia002265Vols,3677,418,701,218,88
424,350,627,JK009324,3116,1,277,204,90
424,119,419,JK009324,3361,148,443,128,38
424,367,622,Sham19Y0145212,3308,989,1300,171,64
424,277,442,Shamela0012399,3664,1294,1495,129,82
424,277,599,Shamela0012399,3666,671,1515,194,27
424,106,504,Sham19Y0143167,61,689,1073,207,56
424,277,599,JK000384,314,371,684,243,93
424,277,576,Shia004693Vols,578,1225,1514,227,95
424,277,627,Sham19Y0001734,2302,72,472,248,77
424,296,977,Shamela0001438,608,962,1436,275,42
424,277,599,Sham19Y0018106,3600,562,880,247,94
424,277,599,Sham19Y0018106,4064,705,1021,246,94
424,277,599,Sham19Y0018144,301,529,844,241,92
424,277,599,Sham19Y0018103,3528,335,652,246,94
424,277,599,Sham19Y0018103,4033,850,1166,246,94
424,277,599,Sham19Y0017791,1807,335,733,230,71
424,277,627,Sham19Y0014462,96,618,974,262,91
424,371,599,Shamela0021659,117,1,208,160,89
424,277,661,Sham19Y0006684,4141,790,1172,282,90
424,277,627,Sham19Y0020638,102,627,1008,272,90
424,277,599,Sham19Y0123665,1891,1048,1373,249,95
424,277,599,Sham19Y0013252,8897,911,1229,247,94
424,277,599,Sham19Y0013252,10323,70,386,246,94
424,371,599,Sham19Y0013252,10324,1,211,167,92
424,277,599,JK007116,45,828,1155,246,93
424,277,612,Shamela0021479,194,786,1119,257,94
424,277,419,Shamela0011036,1285,954,1103,106,91
424,277,599,Shamela0011036,1286,804,1321,246,59
424,811,1038,Shamela0011036,1287,1151,1587,152,42
424,49,261,Shamela0011036,1287,804,1028,158,85
424,1067,1271,Shamela0011036,1288,195,444,154,75
424,1327,1548,Shamela0011036,1288,1232,1523,101,33
424,277,520,Shamela0013034,165,1174,1422,187,95
424,277,649,Shamela0000551,2842,240,714,283,74
424,277,599,Sham19Y0016976,1621,115,513,233,72
424,277,599,Shia002119Vols,3513,369,699,250,95
424,277,627,Sham19Y0018176,2140,225,628,262,80
424,277,599,Sham19Y0018176,2446,779,1095,246,94
424,277,622,Sham19Y0122257,3068,11,418,232,67
424,277,504,Sham19Y0014119,571,1219,1441,162,86
424,277,1489,Sham19Y0017063,1389,1,1118,559,45
424,342,622,Shamela0008360,814,1,337,188,66
424,277,599,Sham19Y0013605,4199,1107,1425,247,94
424,277,599,Sham19Y0013605,4801,583,899,246,94
425,447,964,Sham19Y0013231,931,641,1153,237,44
425,745,977,Shia001831Vols,133,1206,1375,128,70
425,491,947,Shamela0023628,494,533,825,116,29
425,713,1482,Sham19Y0122406,363,296,1453,380,36
425,365,1156,JK000168,108,256,921,354,47
425,5,345,Shamela0011036,1289,1,503,215,50
425,412,1028,Shamela0011036,1290,139,739,471,95
425,620,1482,Sham19Y0017063,1389,1113,1545,307,44
425,745,956,Sham19Y0014325,4973,1399,1599,135,81
426,808,1130,Shamela0021715,10666,144,427,176,66
426,808,1152,Shamela0001673,11103,504,802,201,71
426,14,611,Sham19Y0013253,193,620,1120,343,67
426,173,322,Sham19Y0013253,498,189,469,120,52
426,819,1176,Shamela0000140,2144,322,630,182,58
426,808,1152,JK000201,2992,176,474,201,71
426,865,1492,Shamela0010527,544,158,643,226,40
426,155,536,Sham19Y0122406,358,801,1189,281,84
426,1048,1266,Sham19Y0122406,365,1218,1493,160,73
426,704,1048,Sham19Y0122406,365,143,585,198,50
426,1278,1619,Sham19Y0122406,366,5,328,215,70
426,173,322,Sham19Y0122406,2223,992,1260,117,52
426,812,1488,Sham19Y0145212,3289,261,814,256,41
426,259,968,Shamela0001438,609,1,298,209,36
426,186,458,Sham19Y0131336,2042,539,812,221,99
426,180,322,Sham19Y0016782,127,281,576,114,47
426,173,314,Sham19Y0123665,1407,751,1041,110,46
426,57,536,Shamela0011036,1290,799,1445,350,64
426,594,1619,Shamela0011036,1291,92,1114,766,88
427,442,1248,JK000110,875,508,1244,143,16
427,1008,1248,Shamela0001727,113,1033,1395,91,27
427,1,178,Shamela0011036,1291,1114,1314,136,83
428,1098,1325,Shamela0007798,8591,937,1092,72,39
428,1106,1325,Shamela0007891,2322,960,1108,76,44
428,125,309,ShamAY0035955,728,63,309,116,50
428,1277,1599,Shamela0008176,7403,592,1077,200,44
428,1,157,Shamela0008176,7407,961,1332,82,25
428,462,989,Shamela0008176,7409,86,379,187,43
428,1106,1325,JK000977,192,1028,1184,76,42
428,1106,1325,Shamela0001719,1436,1222,1387,75,44
428,1286,1577,Shamela0009918,603,331,594,121,40
428,1106,1325,Shamela0009200,378,1278,1428,75,44
428,1106,1325,Shamela0025794,744,1019,1167,76,44
428,1106,1325,Shamela0025794,813,1140,1288,76,44
428,125,309,Shamela0001727,114,444,700,116,48
428,1106,1325,Shamela0001727,114,983,1131,76,44
428,1106,1325,JK000916,1027,1297,1450,74,41
428,1106,1325,JK000916,1028,498,654,66,39
428,1103,1329,JK006838,385,880,1036,77,43
428,1106,1325,ShamAY0038123,8,667,823,64,37
428,1103,1325,JK000786,3242,1292,1443,78,45
428,1106,1325,ShamAY0033910,90,1216,1372,76,42
428,1075,1325,Shamela0026884,30,339,541,80,40
428,125,309,Shamela0012884,3018,288,566,114,46
428,1106,1325,Shamela0012406,53,212,360,76,44
428,1075,1325,Tafsir09084,345,722,889,71,37
428,1106,1325,JK007049,56,941,1089,76,44
428,1106,1325,JK000130,91,55,211,76,42
428,1106,1329,Shamela0035100,536,1198,1362,83,45
428,1106,1325,Shamela0023644,1224,1351,1499,76,44
428,125,309,Shia001831Vols,135,1047,1302,116,49
428,1106,1577,Shia001831Vols,136,245,890,188,27
428,1329,1599,JK000201,3976,1,278,219,96
428,1122,1325,Shamela0004289,114,1,133,64,39
428,1106,1329,Shamela0010906,130,1175,1339,83,45
428,125,309,Sham19Y0122406,366,1170,1427,116,48
428,578,1510,Sham19Y0122406,368,16,1187,418,37
428,1106,1325,ShamAY0038067,701,20,186,82,47
428,1084,1303,JK000657,204,1285,1455,60,33
428,1106,1325,Shamela0008473,868,1197,1345,76,44
428,1103,1325,Shamela0008473,2795,1274,1449,79,39
428,1106,1325,Shamela0008473,4537,719,883,74,43
428,125,288,Kraken230110004547,144,398,601,98,51
428,1106,1325,Sham19Y0018144,286,932,1097,74,41
428,1367,1599,Sham19Y0018144,3258,664,925,163,72
428,1098,1325,ShamAY0034005,848,889,1053,76,43
428,125,309,Sham19Y0020638,103,1118,1405,125,49
428,1103,1325,Masaha001864Vols,1867,807,973,73,42
428,1106,1325,JK000475,65,193,349,76,44
428,1106,1325,Shia001976Vols,1048,992,1137,74,42
428,1106,1325,Shamela0021765,1983,1040,1193,74,43
428,125,309,Sham19Y0017616,34,676,932,112,47
428,1106,1325,Shamela0000041,384,91,254,77,46
428,1106,1325,ShamAY0035230,7,500,656,66,38
428,9,989,Sham19Y0122257,3331,1012,1496,263,32
428,1303,1599,Sham19Y0014119,1553,849,1173,242,91
428,1272,1599,Sham19Y0017063,1537,189,517,241,85
428,1106,1325,Sham19Y0148271,1260,1017,1165,76,44
428,1106,1325,Shamela0010803,26,1084,1264,79,42
429,1151,1548,Sham19Y0014404,794,1107,1372,187,56
429,1365,1558,Sham19Y0145166,773,124,262,106,69
429,1119,1558,Shamela0008176,7075,397,729,262,73
429,1,264,Shamela0008176,7403,1077,1292,168,79
429,275,696,Shamela0008176,7406,542,1137,194,34
429,280,469,Shia001831Vols,136,608,1035,144,39
429,280,1014,JK000201,3975,783,1521,591,97
429,1029,1558,Shamela0023628,3287,465,928,360,83
429,1038,1558,Sham19Y0122406,370,222,925,268,43
429,1164,1558,Sham19Y0132524,248,1065,1490,140,31
429,316,696,Shia003732Vols,1212,109,399,213,67
429,1151,1548,JK003501,172,425,681,192,59
429,1123,1469,Masaha001864Vols,1897,1302,1579,219,76
429,316,1025,Masaha001864Vols,5004,700,1409,579,100
429,1119,1558,Sham19Y0020891,6109,1000,1317,250,70
429,1119,1558,Sham19Y0122257,3183,1024,1344,251,69
429,1,696,Sham19Y0122257,3330,72,516,342,60
429,1,463,Sham19Y0014119,1553,1173,1636,312,76
429,1,885,Sham19Y0017063,1537,517,967,312,43
430,589,708,Sham19Y0014404,1896,102,224,95,96
430,1,1056,Shamela0008176,7075,729,1529,512,55
430,1056,1485,Shamela0008176,7076,1,388,262,69
430,773,1361,Shia002616Vols,5907,788,1507,215,32
430,224,532,ShamAY0034447,2192,1038,1310,180,69
430,898,1485,ShamIbadiyya0000279,314,734,1313,447,93
430,823,1458,Shamela0023645,109,214,1030,259,32
430,1,715,Shamela0023628,3287,928,1473,415,71
430,715,1520,Shamela0023628,3288,1,682,509,75
430,1,460,Sham19Y0122406,370,925,1551,289,51
430,460,1465,Sham19Y0122406,371,1,1030,659,71
430,579,806,Sham19Y0013631,674,1075,1259,132,69
430,555,733,Shamela0010283,3304,139,323,92,55
430,1,1520,Masaha001864Vols,1898,90,1436,962,75
430,334,532,Masaha001864Vols,1903,44,304,153,73
430,555,963,Rafed0002654Vols,10267,1079,1256,110,32
430,1,126,Sham19Y0020891,6109,1317,1435,96,94
430,378,1520,Sham19Y0020891,6110,1,963,693,74
430,1,126,Sham19Y0122257,3183,1344,1462,96,94
430,352,1520,Sham19Y0122257,3184,1,1019,728,74
431,1257,1467,Sham19Y0145166,152,1110,1345,157,82
431,1283,1479,Sham19Y0145166,773,464,689,136,70
431,1265,1483,ShamAY0035955,352,819,1051,155,78
431,1,597,Shamela0008176,7077,704,1330,273,40
431,589,1428,Shamela0008176,7078,20,1515,545,42
431,1187,1467,ShamAY0034447,2192,729,1088,205,71
431,1265,1467,Kraken22021606123201,469,791,977,147,89
431,1265,1483,Shamela0004473,15708,11,249,169,87
431,90,419,Shamela0012884,4779,1097,1302,128,45
431,8,192,Shamela0001515,187,1179,1369,150,96
431,122,629,Shamela0001515,188,36,429,258,61
431,593,1483,Shamela0001515,189,103,1055,685,88
431,1257,1441,Shia001831Vols,138,74,236,118,80
431,1,866,Shamela0023628,3288,682,1495,594,82
431,866,1479,Shamela0023628,3289,1,702,482,85
431,844,1184,Sham19Y0145212,3423,944,1524,130,28
431,90,371,ShamAY0033945,81,906,1417,123,24
431,94,1483,Masaha001864Vols,1899,1,1345,992,84
431,90,273,ShamAY0033974,150,154,449,139,59
431,1265,1467,Shamela0037458,4184,811,1013,134,72
431,12,1243,Shamela0037458,4186,234,1170,682,67
431,1,878,Sham19Y0020891,6110,963,1537,427,58
431,878,1483,Sham19Y0020891,6111,1,617,438,83
431,1,752,Sham19Y0122257,3184,1019,1520,379,62
431,752,1479,Sham19Y0122257,3185,1,803,513,73
432,940,1071,Sham19Y0145166,774,381,523,102,90
432,92,847,Shamela0008176,7079,540,1318,292,34
432,940,1071,Shamela0009918,616,1235,1392,102,81
432,1,125,Shamela0004473,15708,249,373,100,100
432,1,125,Shamela0004473,15719,866,981,93,92
432,1,579,Shamela0001515,189,1055,1523,349,72
432,579,1060,Shamela0001515,190,1,434,336,85
432,11,149,ShamIbadiyya0000433,88,438,564,102,91
432,31,628,Kraken220727035853,4542,1034,1408,261,53
432,1,313,Shia001831Vols,138,240,484,165,60
432,11,910,Shamela0023628,3289,702,1549,639,84
432,910,1060,Shamela0023628,3290,1,143,111,92
432,31,647,ShamAY0034068,3453,518,929,280,56
432,279,1060,Shia003732Vols,1080,1,658,502,79
432,1,149,Masaha001864Vols,1899,1345,1493,120,100
432,149,1071,Masaha001864Vols,1900,1,970,708,88
432,31,528,Shamela0037458,4184,1223,1513,205,50
432,1,628,Sham19Y0020891,6111,617,1012,290,56
432,31,628,Sham19Y0122257,3185,729,1198,304,56
432,11,118,Sham19Y0013605,3629,1400,1507,86,100
433,324,617,ShamAY0033108,1730,463,700,135,57
433,30,421,Shamela0008176,7074,1149,1508,259,79
433,421,745,Shamela0008176,7075,1,397,228,68
433,328,865,Shamela0021821,1771,785,1460,253,42
433,324,617,Tafsir02091,1997,1215,1452,135,57
433,204,554,Shamela0001515,190,448,715,162,55
433,26,643,Tafsir09084,2331,645,1105,84,11
433,311,643,Sham19Y0013231,4023,132,691,217,46
433,208,569,JK000201,3979,797,1074,171,58
433,391,963,Masaha001864Vols,1901,536,1135,316,57
433,1,539,Sham19Y0122257,3182,969,1534,386,79
433,539,745,Sham19Y0122257,3183,1,185,142,85
434,986,1171,Sham19Y0131521,1892,621,811,124,74
434,1059,1293,Shamela0001515,187,482,996,148,36
434,978,1293,Shia002636,55,557,896,211,73
434,176,443,Shia001831Vols,136,1060,1330,133,56
434,306,443,Shamela0004289,1377,378,504,96,89
434,1062,1226,ShamIbadiyya0000760,148,816,1039,62,35
434,303,447,Sham19Y0018144,303,1213,1339,89,78
434,293,476,ShamAY0034005,942,368,540,99,66
434,80,287,Masaha001864Vols,1891,271,526,123,51
434,306,443,Masaha001864Vols,1893,202,339,108,100
434,959,1293,Sham19Y0017616,35,521,1300,206,32
434,126,287,Sham19Y0020891,6111,1012,1151,109,85
434,126,287,Sham19Y0122257,3185,1198,1338,110,85
435,1,472,Shia002636,55,68,720,185,29
435,430,680,Shia001831Vols,138,484,715,170,82
436,982,1193,Sham19Y0013231,4020,1272,1504,164,87
436,253,558,Shia001831Vols,138,899,1095,141,57
436,147,286,Shamela0023628,3290,172,295,98,87
436,210,473,Sham19Y0122406,369,1075,1504,176,48
436,162,482,Sham19Y0018144,3303,452,773,260,98
437,854,1099,Shamela0008176,7074,1,168,116,58
437,403,594,Shamela0021821,1770,1043,1280,139,68
437,681,1280,Shamela0009918,660,1,724,182,24
437,620,1419,JK010001,989,499,1308,526,73
437,620,1159,Tafsir07055,1054,815,1446,392,74
437,1159,1419,Tafsir07055,1055,1,257,204,97
437,575,943,Sham19Y0127677,12821,797,1472,161,27
437,943,1124,Sham19Y0127677,12822,1,181,145,98
437,41,594,Sham19Y0013231,4022,89,954,330,42
437,671,1516,Shia001831Vols,139,152,685,371,54
437,796,1419,JK000201,3980,1,619,476,92
437,749,1544,Shamela0023628,3290,301,841,371,56
437,744,1516,ShamAY0034068,3453,920,1151,151,24
437,1013,1516,Shamela0023685,855,1182,1330,98,24
437,970,1544,Sham19Y0122406,375,13,705,348,57
437,1020,1449,Masaha001946Vols,202,1159,1585,223,54
437,698,1099,Sham19Y0122257,3182,471,713,159,48
438,224,902,Shamela0007891,72,582,1457,278,32
438,208,434,Shia002616Vols,4638,496,1024,139,30
438,219,434,Sham19Y0020868,29,123,399,164,73
438,208,443,Shamela0006547,114,1125,1361,174,90
438,737,1296,Sham19Y0014309,2125,261,733,258,49
438,626,1606,Shia001831Vols,140,581,1491,555,58
438,208,443,JK001419,41,97,333,174,90
438,224,852,Shamela0023628,377,943,1561,355,60
438,852,1606,Shamela0023628,378,1,373,211,30
438,1211,1558,Shamela0021660,1525,627,1029,224,66
438,712,1020,Sham19Y0122406,379,421,869,229,61
438,462,1020,Sham19Y0132524,254,699,1321,208,36
438,1211,1506,JK007006,446,379,572,110,42
438,502,1111,Sham19Y0018272,586,867,1538,402,67
438,1111,1506,Sham19Y0018272,587,1,397,312,93
438,672,1020,Sham19Y0016782,697,269,741,222,53
438,224,695,Shamela0001395,15,1250,1562,171,37
438,737,1020,Shamela0001395,16,25,289,150,57
439,166,495,Shamela0008353,209,1198,1430,166,59
439,184,437,Shia001831Vols,140,1244,1496,173,83
439,1,644,Shamela0023628,378,373,1000,421,70
439,6,166,Sham19Y0016618,361,779,937,128,96
439,6,633,Sham19Y0018272,587,887,1511,497,94
439,131,424,Kraken22021606121901,46,1294,1581,232,95
439,424,633,Kraken22021606121901,47,1,210,166,97
439,131,516,Sham19Y0122257,159,281,654,297,92
439,131,516,Sham19Y0017063,62,402,757,273,84
439,142,633,Shamela0006454,55,132,592,291,62
439,131,644,Kraken22021606122001,20,445,959,414,97
440,484,1573,Shamela0008176,7067,541,1595,786,83
440,818,1506,ShamAY0037746,95,1187,1539,243,41
440,648,940,Shamela0005756,11370,1208,1508,231,92
440,1064,1391,Shamela0005756,11371,19,284,198,73
440,676,894,Shamela0023628,1210,1,480,138,35
440,421,1429,Shamela0023628,3587,819,1593,518,57
440,440,1635,Shia003732Vols,1072,380,1281,619,60
440,484,781,Zaydiyya0000454,78,740,1045,241,97
440,804,1273,Zaydiyya0000454,79,1,224,165,43
440,470,723,Kraken22021606121901,41,287,511,144,64
440,1394,1635,Kraken22021606121901,41,457,703,193,97
440,781,1129,Shamela0037458,4671,115,486,224,69
440,484,639,Sham19Y0122257,3178,1368,1520,117,92
440,645,1635,Sham19Y0122257,3179,1,1227,720,66
441,1128,1497,Rafed0001140,530,205,493,226,76
441,569,906,Sham19Y0013253,195,1257,1547,161,55
441,475,1116,Shia001831Vols,141,364,1056,317,45
441,1128,1502,JK000201,3265,527,899,290,97
441,656,892,Sham19Y0150962,1317,521,747,106,45
442,639,805,Shia002616Vols,6941,982,1157,133,92
442,339,629,Sham19Y0131521,6255,697,1092,175,48
442,1261,1679,Sham19Y0013231,801,929,1252,214,58
442,418,629,Shia001831Vols,143,1254,1458,142,81
442,639,809,Shamela0000140,1574,350,546,132,82
442,1,319,JK000201,3265,899,1217,261,97
442,406,653,JK000201,3269,226,486,180,84
442,1316,1609,Sham19Y0020587,460,980,1421,128,30
442,48,308,ShamAY0034815,483,146,384,156,67
442,1,319,Sham19Y0122406,4493,1177,1479,248,94
442,425,629,Sham19Y0017616,647,813,975,112,66
443,537,741,Shamela0004445,7202,668,885,165,93
443,537,700,Sham19Y0017581,398,264,412,121,90
443,537,700,Kraken220413194022,2718,997,1145,121,90
443,537,741,Kraken220413194022,2911,914,1131,164,91
443,537,741,Shamela0011818,433,1030,1237,166,98
443,537,741,Shamela0002864,1345,1086,1310,165,90
443,537,770,Shamela0002864,1371,899,1114,167,87
443,558,693,Shamela0002864,1378,340,475,110,100
443,537,770,Shamela0002864,1380,917,1136,167,86
443,537,741,JK009390,2443,455,656,165,98
443,1364,1607,Shamela0008176,6964,928,1137,154,75
443,537,741,Shamela0026731,84,1238,1443,165,98
443,537,741,JK000374,135,1050,1267,165,93
443,537,741,Zaydiyya0000270,50,169,392,165,90
443,537,741,Shamela0010441,15,337,546,165,96
443,537,741,Shamela0025794,1465,597,815,165,92
443,754,1050,Kraken22021606123000,14,592,860,208,86
443,741,1300,Shamela0029677,639,402,861,364,80
443,741,997,Shamela0029677,1819,636,935,188,73
443,1117,1309,Shamela0029677,1820,1333,1508,136,86
443,502,732,Sham19Y0131521,6256,1002,1237,155,74
443,537,741,Shamela0001727,119,121,344,165,90
443,537,741,Shamela0030327,88,398,603,165,98
443,537,749,Zaydiyya0000039,910,101,315,162,91
443,1364,1607,Shamela0005756,11372,1001,1211,154,78
443,790,1309,Shamela0005756,12104,1,263,147,36
443,1324,1591,Shamela0005756,14289,507,841,147,49
443,1372,1591,Shamela0001673,9973,537,784,130,59
443,741,1182,Shamela0006547,39,751,1253,319,78
443,857,1450,Tafsir02096,2120,548,745,137,29
443,537,741,Zaydiyya0000457,47,1141,1364,165,90
443,886,1602,Shia001831Vols,144,189,491,217,37
443,537,741,JK000083,251,548,766,165,92
443,537,741,Shamela0004289,83,740,951,165,95
443,537,1607,Shamela0023628,3512,181,1405,767,72
443,518,741,Shamela0001975,968,1185,1448,180,82
443,537,741,Sham19Y0122406,382,801,1024,165,90
443,330,573,Sham19Y0122406,384,570,826,146,63
443,537,741,Shia002265Vols,4759,302,506,167,100
443,537,741,JK000384,340,390,616,163,88
443,537,741,JK000990,20,267,472,165,98
443,522,700,Sham19Y0132524,260,673,979,103,42
443,537,741,Shamela0001438,4026,230,436,166,98
443,537,741,JK000381,2052,25,230,167,99
443,545,741,Sham19Y0018144,309,522,718,160,100
443,817,1300,Zaydiyya0000084,198,1,389,307,77
443,537,741,Shamela0021659,1347,197,398,165,98
443,537,741,ShamAY0034005,1537,58,271,164,94
443,537,741,Sham19Y0020638,107,982,1205,165,90
443,1166,1586,Sham19Y0013252,104,509,714,141,40
443,1166,1586,Sham19Y0013252,1804,53,258,141,40
443,537,732,Shamela0009412,3,929,1125,157,97
443,537,741,Sham19Y0017616,36,807,1023,165,93
443,537,700,Shamela0009690,2955,1008,1156,121,90
443,1364,1607,Sham19Y0122257,3133,57,282,171,84
443,741,1300,ShamAY0000028,198,814,1278,369,80
443,537,741,ShamAY0033760,376,1159,1363,167,100
443,537,741,Shamela0006454,69,100,323,162,87
443,181,371,Sham19Y0013605,5050,1244,1366,85,52
444,1,408,Shamela0008176,6964,1137,1380,189,56
444,15,1188,Shamela0029677,1829,663,1568,698,71
444,437,732,Sham19Y0131521,6256,1171,1453,181,71
444,15,408,Shamela0005756,3610,64,387,246,74
444,39,843,Shamela0001673,9973,795,1593,425,54
444,15,1339,Shia001831Vols,144,496,1255,583,53
444,15,175,Shamela0023628,3512,1410,1574,130,97
444,182,1117,Shamela0023628,3513,1,901,559,60
444,15,232,Sham19Y0122406,385,956,1177,154,80
444,15,510,Zaydiyya0000084,277,1110,1575,366,89
444,741,1188,Zaydiyya0000084,278,29,419,300,79
444,408,768,Zaydiyya0000084,423,1097,1453,289,98
444,43,408,Sham19Y0013252,104,714,1000,228,76
444,43,408,Sham19Y0013252,1804,258,544,228,76
444,138,413,Sham19Y0122257,3133,311,521,163,73
444,73,1188,ShamAY0000028,279,1,826,640,69
444,408,768,ShamAY0000028,421,144,500,289,98
444,194,418,Sham19Y0013605,1240,1078,1289,161,86
445,102,742,Shamela0004445,7202,912,1030,93,18
445,83,746,Shamela0000767,44,224,409,108,19
445,102,742,Shamela0029677,1004,171,289,93,18
445,102,742,Shamela0001727,119,371,491,93,18
445,360,794,Shamela0005756,3612,1,203,151,42
445,202,1641,Shamela0005756,15350,50,1042,496,38
445,742,1073,Shia001831Vols,144,1369,1559,133,46
445,547,691,Shamela0000140,473,656,849,77,50
445,755,914,Shamela0000140,473,1431,1591,125,96
445,102,742,Shamela0004289,83,980,1098,93,18
445,102,742,Sham19Y0122406,382,1051,1169,93,18
445,102,471,Sham19Y0122406,391,874,1126,160,52
445,102,742,JK000384,340,643,761,93,18
445,317,1026,Sham19Y0018106,732,17,384,224,38
445,746,984,Sham19Y0018144,3274,144,376,177,87
445,83,742,Shamela0095735,986,163,350,108,19
445,102,742,Sham19Y0020638,107,1234,1352,93,18
445,102,811,Sham19Y0013252,1806,689,1131,278,45
445,102,742,Sham19Y0017616,36,1050,1168,93,18
445,760,1026,Sham19Y0017616,563,578,739,119,53
445,746,1026,Sham19Y0014119,1507,919,1107,153,66
445,755,1348,Sham19Y0017063,1434,922,1363,294,58
445,102,742,JK000030,245,332,450,93,18
445,431,1096,Sham19Y0013605,1241,1,438,209,35
445,202,1070,Sham19Y0013605,5051,467,824,200,28
445,102,742,Shamela0021794,16,911,1029,93,18
446,636,1172,Shamela0022712,69,176,616,144,27
446,662,1290,Shamela0008176,6977,163,673,203,29
446,1,617,Shamela0005756,15350,1042,1496,181,27
446,921,1481,Shamela0005756,15351,337,811,374,82
446,704,1073,Shamela0001673,9985,751,1334,204,41
446,82,797,Shia001831Vols,145,5,573,252,32
446,612,1262,ShamAY0034815,285,308,1019,521,90
446,1353,1530,Sham19Y0018144,3317,1,177,143,98
446,636,1009,Shamela0095735,1007,71,376,113,29
446,977,1530,Sham19Y0013252,1808,1,333,152,28
446,666,1238,Shamela0011036,2298,981,1453,327,68
446,636,1003,Shia002228,161,121,428,108,28
446,658,927,Sham19Y0122257,3138,1037,1230,148,66
447,900,1547,Kraken220413194022,2912,988,1395,127,18
447,900,1365,Shamela0002864,1346,1187,1465,87,17
447,415,629,Shamela0008176,6977,1222,1484,118,46
447,913,1547,Shamela0029677,1005,1,405,125,18
447,1316,1624,Shamela0021715,11129,396,693,92,26
447,900,1547,Shamela0001727,120,217,633,130,18
447,19,830,Shamela0005756,15351,959,1657,426,60
447,900,1547,Shamela0004289,84,837,1266,135,19
447,900,1547,Sham19Y0122406,384,915,1329,130,18
447,900,1547,Sham19Y0018144,310,587,1002,132,18
447,19,450,Sham19Y0018144,3317,328,914,228,37
447,900,1547,Sham19Y0020638,108,1018,1439,130,18
447,900,1547,Sham19Y0017616,37,888,1291,136,21
447,19,268,Sham19Y0014119,1507,251,494,199,97
447,900,1547,JK000030,246,147,566,130,19
448,107,1311,Shamela0002864,1348,126,1308,301,21
448,1057,1311,Shamela0002864,1371,1333,1480,79,37
448,271,672,Shamela0021629,904,652,1192,163,31
448,1112,1311,Shamela0021629,905,1,133,72,46
448,1086,1311,ShamIbadiyya0000438,1177,729,887,92,52
448,1086,1311,Sham19Y0016584,3190,143,299,87,48
448,218,672,ShamAY0035035,10120,620,1462,151,19
448,281,672,JK009390,2440,821,1294,136,26
448,1086,1311,JK009390,2441,134,291,94,51
448,107,488,JK000977,204,1042,1442,86,17
448,1086,1311,JK000977,205,555,704,82,46
448,1086,1311,JK000374,138,786,943,93,51
448,266,488,Sham19Y0013614,762,741,991,93,38
448,47,1311,JK000110,1194,298,1453,228,15
448,266,672,Sham19Y0035312,35,954,1454,151,28
448,1086,1311,Sham19Y0035312,36,264,435,94,48
448,1086,1311,Zaydiyya0000270,51,472,642,93,47
448,266,488,Zaydiyya0000270,51,302,472,109,62
448,266,504,Shamela0029677,1005,1142,1421,114,43
448,627,1311,Shamela0029677,1006,168,707,153,22
448,262,1311,Shamela0021715,6933,92,965,238,21
448,627,989,Shamela0021715,6935,332,580,151,47
448,262,1311,Sham19Y0016684,1591,78,951,238,21
448,1086,1311,Rafed0000040Vols,413,199,370,94,48
448,10,257,Shamela0005756,3618,36,301,120,46
448,47,672,Shamela0005756,11369,579,1355,151,17
448,1086,1311,Shamela0005756,11370,124,275,87,48
448,281,1311,Sham19Y0127677,2316,290,1237,262,23
448,1086,1311,Shamela0000483,40,956,1127,92,47
448,1086,1311,Tafsir02096,2118,1123,1276,82,46
448,266,1311,Sham19Y0017903,959,258,1256,277,23
448,47,667,Shia001831Vols,145,1381,1737,230,45
448,945,1538,Shia001831Vols,146,1,519,339,61
448,266,1135,JK000083,253,486,1378,223,21
448,266,672,Shamela0004289,85,859,1357,151,28
448,1086,1311,Shamela0004289,86,207,377,94,48
448,434,1311,Shamela0023628,3510,57,819,205,22
448,1086,1206,Shamela0023628,3513,678,799,94,94
448,281,1311,Shamela0001975,966,1,947,263,23
448,281,672,Shia002265Vols,4760,810,1263,128,23
448,1086,1311,Shia002265Vols,4761,122,279,94,51
448,627,1311,JK000384,356,674,949,147,26
448,434,672,Sham19Y0132973,451,1108,1453,108,35
448,1086,1311,Sham19Y0132973,452,226,376,84,46
448,1092,1311,JK009237,2470,257,429,89,48
448,317,1311,JK009237,3484,1,978,245,21
448,266,488,Sham19Y0132524,281,1073,1323,93,38
448,281,672,Sham19Y0038171,2633,854,1331,136,26
448,1086,1311,Sham19Y0038171,2634,163,321,92,50
448,281,1311,Shamela0001438,4023,241,1190,263,23
448,434,1311,Kraken230110004547,548,110,885,194,20
448,47,672,Sham19Y0018106,2953,657,1433,151,17
448,1086,1311,Sham19Y0018106,2954,172,328,87,48
448,1086,1311,JK000381,1755,1133,1283,84,46
448,266,672,JK000381,1796,924,1415,151,28
448,1086,1311,JK000381,1797,228,446,92,43
448,47,1311,Sham19Y0018103,2845,254,1410,237,16
448,271,1299,Shamela0025800,2938,568,1508,248,22
448,271,488,Sham19Y0017791,1862,993,1244,92,37
448,266,488,Sham19Y0017791,1864,23,404,106,31
448,434,1311,Shamela0096283,349,418,1074,180,19
448,266,493,Sham19Y0017729,478,1173,1448,107,41
448,627,1303,Sham19Y0017729,479,179,705,152,22
448,194,672,Shamela0095735,990,937,1390,129,23
448,281,1303,Shamela0021659,1344,538,1480,256,22
448,1086,1311,Shia001368,261,1131,1281,84,46
448,434,1311,Zaydiyya0000454,75,154,803,184,19
448,1086,1311,Sham19Y0020638,110,975,1147,93,49
448,1086,1311,Sham19Y0020638,113,718,870,86,48
448,271,1311,Sham19Y0013223,1302,218,1168,260,23
448,266,488,Shamela0021766,4604,1265,1521,95,38
448,276,1311,Sham19Y0013252,6908,1,860,227,20
448,1,218,Shamela0011036,2282,1317,1501,135,77
448,1086,1311,Shia001542Vols,297,94,216,78,44
448,266,488,Sham19Y0016976,1677,363,613,93,38
448,627,1311,Shamela0000041,2649,38,557,151,22
448,266,1135,JK007065,688,655,1505,219,21
448,47,1311,Sham19Y0018176,1679,253,1409,237,16
448,266,488,Sham19Y0014119,589,196,446,93,38
448,266,488,Sham19Y0017063,1430,139,385,89,32
448,271,504,JK000030,242,1158,1434,110,41
448,1086,1311,JK000030,243,482,631,82,45
448,1086,1311,Sham19Y0150962,1419,1021,1171,82,45
448,101,1311,ShamAY0033760,234,116,1293,275,19
448,218,488,Shamela0008360,834,1101,1444,107,34
448,85,281,Sham19Y0013605,1244,1,224,109,57
448,434,672,Sham19Y0013605,3436,1078,1354,77,24
449,1094,1294,ShamIbadiyya0000193,4373,1249,1406,111,64
449,707,1299,Shamela0005756,15356,1036,1381,187,38
449,1094,1294,Tafsir09050,4527,964,1121,111,64
449,204,1418,Shia001831Vols,146,247,1303,591,53
449,911,1053,Shamela0023628,3513,1143,1556,109,33
449,1053,1527,Shamela0023628,3514,1,421,323,81
449,860,1515,Sham19Y0122406,389,591,1327,429,70
449,583,1527,Sham19Y0017063,1431,972,1512,412,54
450,61,192,ShamAY0038387,612,636,760,96,93
450,65,192,Shamela0002864,1349,1,123,95,94
450,61,192,Shamela0002864,1372,131,256,97,94
450,61,192,Shamela0021629,905,292,417,97,94
450,61,192,ShamIbadiyya0000438,1177,1049,1169,93,90
450,1074,1548,ShamAY0035035,10121,464,649,93,25
450,61,192,JK009390,2441,460,585,97,94
450,61,192,Shamela0008176,6966,1051,1176,97,94
450,192,625,Shamela0008176,6968,679,1043,159,41
450,61,192,JK000977,205,862,992,97,91
450,61,192,JK000374,138,1102,1233,102,99
450,61,192,Kraken22041319410300,189,1031,1162,97,90
450,61,192,Sham19Y0013614,762,1298,1418,93,90
450,61,192,Sham19Y0035312,36,598,723,97,94
450,61,192,Zaydiyya0000270,51,806,931,97,94
450,61,192,Shamela0029677,1006,869,1000,102,99
450,61,192,Shamela0001727,122,204,331,97,93
450,61,192,Shia004509,227,415,540,97,94
450,61,192,Rafed0000040Vols,413,533,658,97,94
450,231,403,Shamela0005756,12105,794,976,141,94
450,61,192,Shamela0000894,704,316,441,97,94
450,1359,1548,Shamela0000894,1142,201,318,63,42
450,61,192,Shamela0000483,40,1290,1415,97,94
450,42,192,Rafed0002905Vols,8937,543,697,103,79
450,61,192,Zaydiyya0000457,48,284,409,97,94
450,61,192,Sham19Y0096918,94,108,233,97,94
450,61,192,JK000083,254,218,345,97,93
450,61,192,Shamela0004289,86,540,665,97,94
450,1341,1548,Shamela0023628,772,226,343,74,45
450,7,544,Shamela0023628,3514,421,702,189,43
450,1297,1508,Shamela0023628,3514,783,986,125,67
450,61,192,Shamela0001975,966,1116,1241,97,94
450,61,192,Sham19Y0122406,388,28,153,97,94
450,7,186,Sham19Y0122406,389,1335,1479,109,77
450,1074,1548,Shia002265Vols,4761,602,787,93,25
450,61,192,Shia002265Vols,4761,447,569,92,88
450,61,192,Sham19Y0145212,3376,1105,1230,97,94
450,46,192,JK000384,356,1098,1240,103,87
450,61,192,Sham19Y0132973,452,539,654,89,87
450,61,192,JK009237,3484,1149,1269,93,90
450,61,192,Sham19Y0132524,283,1244,1369,97,94
450,1074,1548,Sham19Y0038171,2634,652,837,93,25
450,61,192,Sham19Y0038171,2634,492,619,96,92
450,61,192,Shamela0001438,4023,1353,1473,93,90
450,61,192,Kraken230110004547,548,1079,1206,97,93
450,61,192,JK000381,1797,608,733,92,90
450,61,192,JK000381,2052,328,448,88,87
450,61,192,Shamela0036446,1414,1056,1181,97,94
450,61,192,Zaydiyya0000084,276,1067,1192,97,94
450,61,192,Shamela0025800,2939,176,306,97,91
450,61,192,Sham19Y0017791,1863,68,193,97,94
450,61,192,Sham19Y0017729,479,874,1128,97,47
450,61,196,Shamela0095735,991,248,381,96,89
450,61,192,Shamela0021659,1345,178,303,97,94
450,61,192,Sham19Y0020638,110,1340,1465,97,94
450,61,192,Sham19Y0013223,1302,1331,1456,97,94
450,61,192,Shia001542Vols,297,888,1010,92,88
450,61,192,Sham19Y0016976,1677,920,1045,97,94
450,61,192,Shamela0000041,2649,719,844,91,90
450,61,192,JK007065,689,272,397,97,94
450,196,1059,Sham19Y0122257,3134,729,1201,268,35
450,61,192,Sham19Y0014119,589,753,878,97,94
450,61,192,Sham19Y0017063,1430,877,1002,98,95
450,61,192,JK000030,243,794,924,93,84
450,61,192,ShamAY0033760,379,749,874,97,94
450,61,192,Shamela0008360,835,255,380,97,94
450,61,192,Shamela0006454,69,1074,1194,93,90
450,473,952,Sham19Y0013605,5056,707,967,142,34
450,61,192,Shamela0021794,2,273,419,97,85
451,398,917,Shamela0002864,1350,915,1103,122,28
451,799,917,Shamela0021629,905,934,1062,94,90
451,398,917,ShamAY0035035,10121,780,969,124,29
451,398,917,JK009390,2441,939,1126,126,30
451,398,917,Shamela0008176,6966,1336,1523,118,28
451,530,775,Shamela0008176,6969,1333,1591,182,81
451,398,917,Shia002616Vols,1116,1390,1577,126,30
451,398,917,JK000374,139,89,278,128,30
451,799,917,Sham19Y0013614,763,202,319,84,79
451,398,917,Sham19Y0035312,36,1073,1262,122,28
451,398,917,Tafsir04040,834,761,944,124,29
451,398,917,Shamela0029677,1006,1331,1514,126,30
451,398,917,Shamela0001727,122,682,869,124,29
451,398,917,Shia004509,227,765,949,122,29
451,398,917,Sham19Y0127677,2317,403,590,126,30
451,398,917,Shamela0000483,41,311,502,124,29
451,398,917,Tafsir02096,2119,434,625,124,29
451,398,917,ShamAY0034066,346,599,787,124,29
451,799,917,JK000083,254,762,881,94,97
451,398,917,Shamela0001975,967,81,268,126,30
451,403,917,Sham19Y0122406,391,233,415,120,28
451,1389,1598,Sham19Y0122406,400,1252,1442,141,77
451,398,917,JK000384,357,98,285,121,28
451,780,917,Sham19Y0016618,272,585,766,109,74
451,780,917,Sham19Y0132973,781,1053,1267,109,63
451,403,917,Sham19Y0132524,284,906,1088,120,28
451,398,917,Sham19Y0038171,2634,972,1159,126,30
451,398,917,Shamela0001438,4024,333,520,126,30
451,393,544,Sham19Y0018144,3325,211,367,114,88
451,398,917,Shamela0036446,1415,40,227,128,30
451,398,917,Shamela0025800,2939,657,840,123,29
451,398,917,Sham19Y0017791,1863,353,541,118,28
451,83,544,Sham19Y0017729,657,127,401,188,50
451,799,917,Shamela0095735,1004,1152,1264,86,86
451,398,917,Shamela0021659,1345,657,844,126,30
451,398,908,Sham19Y0023618,484,1440,1619,117,28
451,83,566,Sham19Y0020638,1583,1011,1238,166,42
451,398,917,Sham19Y0016976,1677,1205,1393,118,28
451,799,917,Shia002228,158,1185,1297,86,86
451,398,917,JK007065,689,746,933,128,30
451,398,917,Sham19Y0122257,3134,1334,1521,118,28
451,450,775,Sham19Y0122257,3135,115,479,245,79
451,374,925,Sham19Y0017063,1432,264,696,243,48
451,398,917,JK000030,243,1277,1460,123,29
451,799,917,ShamAY0033760,400,1401,1520,86,82
451,398,917,Shamela0008360,835,540,727,118,28
451,799,917,Shamela0021794,2,847,977,89,85
452,115,765,Shamela0004445,7107,428,650,103,18
452,736,1335,Shamela0004445,7193,794,1102,157,30
452,736,1335,Kraken220413194022,2915,216,807,146,18
452,1107,1382,Shamela0022712,99,78,596,82,15
452,1203,1335,Shamela0022712,106,643,783,108,94
452,736,1320,JK000076,151,925,1545,140,17
452,1203,1335,Shamela0011818,425,266,398,108,100
452,88,769,Shamela0021629,905,1066,1411,126,20
452,1203,1335,Shamela0021629,906,350,483,103,95
452,115,765,Sham19Y0016584,4819,1283,1504,101,18
452,1203,1335,ShamAY0035035,10119,1125,1247,100,92
452,1203,1335,JK009390,2442,159,285,103,95
452,1255,1403,Shamela0008176,6954,963,1160,103,66
452,736,1335,Shamela0008176,6967,92,476,137,21
452,736,1064,Shamela0008176,6971,359,696,237,87
452,736,1382,Shia002616Vols,1117,209,1033,180,18
452,736,1335,JK000374,139,491,1078,145,18
452,736,1335,Kraken22041319410300,190,457,1073,144,18
452,1198,1335,Shamela0012293,221,108,245,112,100
452,1203,1335,Shamela0012293,844,216,348,108,100
452,1203,1352,Shamela0012293,1727,694,858,118,88
452,736,1335,Sham19Y0013614,763,503,886,136,21
452,999,1177,Shamela0009918,721,423,605,90,49
452,115,765,JK000110,1941,637,858,101,18
452,1203,1335,Sham19Y0035312,37,429,562,103,95
452,1183,1335,Kraken22021606123201,410,80,235,116,91
452,736,1335,Tafsir04040,834,1117,1501,137,21
452,736,1335,Shamela0029677,1007,181,804,145,18
452,115,765,Shamela0021715,11131,1236,1457,101,18
452,115,765,Sham19Y0016684,2069,1225,1446,101,18
452,1203,1335,Shamela0001727,123,46,179,103,95
452,1203,1335,Shamela0000432,4378,369,500,104,96
452,736,1335,Shia004509,227,1161,1547,133,20
452,833,1177,Shia004509,236,1132,1483,252,88
452,115,765,Shamela0005756,15354,34,261,102,18
452,736,1335,Sham19Y0127677,2317,807,1275,137,19
452,736,1382,Shamela0001673,9983,885,1517,178,23
452,736,1335,Shamela0000483,41,715,1047,137,22
452,1352,1534,Shamela0000483,42,554,739,121,78
452,736,1335,Tafsir02096,2119,841,1461,147,18
452,1203,1335,Sham19Y0013231,7332,1588,1714,103,95
452,736,1281,Shamela0002908,33,681,1047,100,16
452,736,1259,ShamAY0034066,346,1000,1543,86,11
452,736,1335,Sham19Y0017903,960,816,1434,141,17
452,261,1047,Shia001831Vols,147,593,1202,464,72
452,1203,1335,Shamela0004289,87,372,505,103,95
452,115,765,Shamela0004289,1094,50,265,104,18
452,1191,1335,Shamela0021502,196,1292,1430,110,93
452,736,1335,Shamela0023628,3511,327,939,147,18
452,682,1534,Shamela0023628,3515,1,728,393,53
452,736,1335,Shamela0001975,967,489,962,137,19
452,733,1560,Sham19Y0122406,407,86,1023,532,64
452,1203,1335,Shia002265Vols,4762,21,147,102,94
452,115,765,JK009324,3720,278,499,101,18
452,736,1301,Sham19Y0145212,3379,528,878,110,17
452,115,765,JK000384,354,1219,1438,105,18
452,733,1335,JK000384,357,496,1101,149,18
452,115,765,Shamela0037837,103,1163,1536,117,19
452,1191,1335,Shamela0001456,457,827,983,105,80
452,736,1335,Sham19Y0016618,272,975,1413,151,24
452,1203,1335,Sham19Y0132973,782,365,497,101,93
452,736,1335,Shamela0001438,4024,737,1210,137,19
452,124,1335,Kraken230110004547,549,192,1190,211,14
452,115,765,Sham19Y0018106,4244,263,484,101,18
452,736,1335,Shamela0036446,1415,440,1055,152,19
452,115,765,Sham19Y0018103,4240,380,601,101,18
452,115,769,Shamela0025800,2939,850,1197,121,20
452,1203,1335,Shamela0025800,2940,112,245,103,95
452,736,1335,Sham19Y0017791,1863,724,1108,137,21
452,1203,1335,Sham19Y0017791,1866,302,576,108,48
452,736,1335,Sham19Y0017729,480,367,977,144,18
452,1203,1335,Shamela0095735,1005,441,573,101,93
452,736,1335,Shamela0021659,1345,1066,1537,136,19
452,736,1346,Sham19Y0023618,485,223,850,153,19
452,1191,1335,Sham19Y0023618,1204,1294,1444,111,91
452,736,1335,Sham19Y0020638,111,722,1340,145,18
452,115,769,Sham19Y0013223,1303,527,867,126,24
452,736,1335,Shamela0021766,4606,399,778,135,21
452,736,1346,Sham19Y0013252,470,695,1171,125,17
452,115,765,Sham19Y0013252,10776,864,1085,101,18
452,1203,1335,JK000001,3303,1232,1355,101,93
452,1203,1346,Shamela0010549,199,1224,1363,114,97
452,736,1335,Sham19Y0016976,1678,48,432,137,21
452,1214,1335,ShamAY0038405,578,1445,1566,99,100
452,1203,1335,Shamela0000041,2650,561,687,103,95
452,736,1335,Shia002228,159,1,616,158,20
452,88,769,JK007065,689,937,1304,143,23
452,115,765,Sham19Y0018176,2573,689,910,101,18
452,798,1534,Sham19Y0122257,3136,380,801,289,48
452,1203,1335,Sham19Y0014119,590,150,276,103,95
452,1203,1335,Sham19Y0017063,1431,245,371,103,95
452,736,1335,JK000030,244,134,748,145,18
452,1203,1382,JK000030,249,688,928,135,70
452,736,1335,ShamAY0033760,401,426,1121,158,19
452,1203,1335,Shamela0008360,835,1160,1286,103,95
452,115,765,Shamela0021794,7,815,1054,110,19
453,1004,1397,Kraken220413194022,2915,820,1007,75,20
453,403,1397,Shamela0002864,1351,35,564,172,17
453,403,815,Shamela0021629,906,155,497,98,21
453,767,1397,ShamAY0035035,10119,1213,1467,99,18
453,403,1397,JK009390,2442,121,481,167,18
453,403,1044,Shamela0008176,6967,312,532,120,21
453,45,342,Shamela0008176,6972,168,367,137,57
453,403,1397,JK000977,206,420,924,158,16
453,403,815,Shia002616Vols,1117,520,835,102,22
453,403,1397,JK000374,139,781,1282,163,17
453,403,1397,Kraken22041319410300,190,644,1277,174,16
453,403,1044,Sham19Y0013614,763,722,942,115,21
453,403,1397,Sham19Y0035312,37,253,765,174,18
453,403,1034,Tafsir04040,834,1337,1545,115,21
453,403,1397,Shamela0029677,1007,488,1007,174,17
453,706,1397,Shamela0001727,123,125,382,130,21
453,403,815,Shia004509,227,1381,1561,87,23
453,1,179,Shia004509,236,981,1161,142,94
453,403,801,Shamela0001673,9983,1178,1347,81,23
453,403,1397,Shamela0000483,41,883,1250,165,18
453,403,1044,Tafsir02096,2119,1157,1517,127,20
453,413,1284,Shia001831Vols,147,1245,1634,277,39
453,403,1397,JK000083,255,50,698,164,14
453,403,1397,Shamela0004289,87,196,708,174,18
453,706,1397,Shamela0023628,773,1,258,130,21
453,403,1397,Shamela0023628,3511,637,1142,166,17
453,418,1049,Shamela0023628,3515,424,851,148,23
453,403,1397,Shamela0001975,967,798,1161,166,18
453,1,338,Sham19Y0122406,407,1023,1400,215,65
453,706,1397,Shia002265Vols,4762,93,347,128,21
453,403,815,JK000384,357,559,1115,70,10
453,403,1044,Sham19Y0016618,272,1035,1469,121,17
453,403,1044,Sham19Y0132973,782,189,570,126,19
453,706,1397,Sham19Y0132524,286,99,356,130,21
453,403,815,Shamela0001438,4024,1046,1224,91,25
453,403,1397,Shamela0036446,1415,747,1260,175,18
453,706,1397,Shamela0025800,2940,191,453,130,21
453,403,1044,Sham19Y0017791,1863,944,1164,120,21
453,403,1044,Sham19Y0017791,1866,234,682,140,22
453,403,1397,Sham19Y0017729,480,668,1184,174,17
453,403,1044,Shamela0095735,1005,265,629,125,19
453,1004,1397,Shamela0021659,1346,1,186,77,20
453,403,1397,Sham19Y0020638,111,1031,1543,174,18
453,403,1044,Sham19Y0013223,1303,1140,1493,127,21
453,786,1397,Shamela0021550,672,1,215,94,17
453,403,1044,Sham19Y0016976,1678,268,488,120,21
453,706,1397,Shamela0000041,2650,633,895,122,19
453,413,1044,Shia002228,159,319,672,117,18
453,706,1397,JK007065,690,287,553,130,20
453,34,338,Sham19Y0122257,3136,718,913,138,57
453,403,1044,Sham19Y0014119,590,112,332,120,21
453,403,1044,Sham19Y0017063,1431,207,427,120,21
453,712,1237,Sham19Y0017063,1432,1014,1335,226,51
453,403,1397,JK000030,244,440,952,170,17
453,403,815,ShamAY0033760,401,738,1132,108,22
453,403,1044,Shamela0008360,835,1122,1342,120,21
454,1020,1527,Shamela0001727,123,1163,1447,143,30
454,363,607,Shamela0001727,123,463,1201,104,17
454,1020,1527,Sham19Y0122406,393,822,1106,143,30
454,429,607,Sham19Y0122406,393,410,860,67,18
454,363,607,Shamela0025800,2940,537,1118,93,17
455,814,1642,Shia001432Vols,2138,1,696,539,77
455,548,1246,Shia001615Vols,1622,307,845,414,70
455,548,1642,Shamela0008176,7002,79,1168,715,68
455,1265,1624,Sham19Y0029676,891,21,335,130,44
455,1265,1642,Shamela0021715,9844,70,505,148,31
455,515,1126,Shamela0005756,1006,1191,1597,258,50
455,548,1642,Sham19Y0014309,59,435,1424,747,78
455,61,491,Shia001831Vols,148,406,727,248,72
455,548,1642,JK000201,3168,555,1482,752,82
455,548,848,Shamela0023685,1520,787,1105,198,73
455,1,548,Sham19Y0122406,393,1106,1369,62,10
455,548,1178,Sham19Y0122406,405,1014,1597,421,76
455,1246,1642,Sham19Y0122406,406,460,873,253,68
455,542,1223,ShamAY0033531,3454,224,823,448,76
455,542,1035,ShamAY0033531,4636,1188,1588,313,77
455,1227,1611,Sham19Y0018106,402,446,635,147,46
455,1207,1377,Sham19Y0018272,358,1341,1489,97,70
455,1227,1611,Masaha001864Vols,776,149,522,171,46
455,782,1377,Sham19Y0013252,738,723,1112,226,46
455,693,1642,Shia001542Vols,708,49,913,597,71
455,1227,1642,ShamAY0038405,578,803,1131,268,78
455,548,1534,Sham19Y0122257,3150,722,1594,655,77
455,1217,1642,Sham19Y0150962,1300,197,527,257,72
455,1265,1611,ShamAY0033760,271,435,804,141,38
455,1227,1642,Sham19Y0013605,403,383,700,245,71
455,1227,1611,Sham19Y0013605,802,873,1079,161,50
456,280,656,Shamela0007562,189,44,408,188,51
456,1,254,Shia001432Vols,2138,696,958,203,95
456,260,822,Sham19Y0013769,367,606,1078,269,51
456,421,822,ShamAY0035035,1452,100,854,261,42
456,10,822,Shia002616Vols,3749,600,1307,502,73
456,822,1382,Kraken22041319410300,187,97,381,186,41
456,1,178,Shia004509,219,1157,1361,129,78
456,242,777,Shia004509,238,581,1110,395,87
456,161,757,Shamela0005756,1007,660,1061,291,57
456,280,512,Shamela0010639,383,1250,1416,118,61
456,565,757,Shamela0010639,384,11,183,130,82
456,1,271,Sham19Y0014309,59,1424,1667,188,82
456,276,777,Sham19Y0014309,60,1,468,352,86
456,858,1569,Shia001831Vols,148,727,981,181,31
456,1,202,JK000201,3168,1482,1673,147,86
456,1,678,Sham19Y0122406,406,873,1570,477,77
456,42,254,Sham19Y0014224,154,1,217,142,74
456,280,822,Sham19Y0014224,154,839,1357,392,85
456,264,512,Sham19Y0018272,1339,1266,1455,126,60
456,565,757,Sham19Y0018272,1340,5,170,124,80
456,161,724,Sham19Y0013252,738,1205,1651,215,40
456,300,822,Shamela0011036,750,110,979,299,40
456,1,264,Shia001542Vols,708,913,1192,211,93
456,1,202,ShamAY0038405,578,1131,1331,162,98
456,280,757,Sham19Y0023625,2684,662,1126,269,60
456,1,217,Sham19Y0122257,3151,575,737,123,67
456,1,822,Sham19Y0150962,1300,527,1260,268,31
456,1,363,Sham19Y0013605,403,700,964,156,48
457,378,659,Shamela0004445,7188,1210,1503,210,87
457,378,659,JK000021,181,679,979,207,84
457,378,659,Shamela0007798,7664,991,1283,201,83
457,378,608,JK000076,149,1279,1524,184,93
457,378,659,Shamela0011818,420,363,657,197,78
457,378,659,Shamela0000767,17,1135,1425,227,96
457,382,716,JK009390,441,146,475,220,78
457,378,648,JK000977,208,1177,1464,217,93
457,476,659,Shia002616Vols,236,1,189,147,94
457,378,659,Shia002616Vols,1629,1244,1538,221,91
457,514,659,ShamAY0034073,4721,36,234,106,65
457,378,659,Zaydiyya0000015,2238,794,1084,227,96
457,378,659,Shamela0025794,1966,1175,1472,214,89
457,378,659,Shamela0029677,1884,118,363,177,74
457,378,659,Shamela0037325,1650,1070,1336,196,85
457,378,659,Zaydiyya0000265,1130,368,638,204,86
457,107,659,Shamela0001727,124,763,1207,271,52
457,378,659,JK009266,282,799,1089,224,94
457,443,659,Shamela0003118,2269,1,227,150,80
457,378,659,Shia002702Vols,11583,168,470,221,88
457,378,659,Shamela0009810,1580,185,464,215,90
457,378,566,Zaydiyya0000039,912,1346,1550,152,91
457,397,659,Shia002261Vols,74,73,320,200,93
457,397,659,Sham19Y0127677,445,285,528,197,92
457,508,659,Shamela0004473,13728,1,152,122,100
457,378,659,Shia001731Vols,928,1028,1307,215,90
457,368,659,Kraken230106005528,1041,214,507,189,74
457,378,659,Tafsir09084,1550,43,313,196,84
457,378,1100,Tafsir09084,2608,573,965,258,41
457,378,659,Shamela0008381,864,749,1035,227,97
457,378,659,Shamela0002908,32,957,1235,212,89
457,397,692,Sham19Y0122096,954,672,955,211,87
457,378,659,Sham19Y0017903,49,570,859,226,96
457,1,876,Shia001831Vols,148,981,1390,225,29
457,378,659,Shamela0004289,89,467,756,226,96
457,397,659,Shamela0001975,202,59,306,200,93
457,378,659,ShamAY0034815,276,1092,1364,209,88
457,378,659,ShamAY0034815,277,96,381,227,98
457,378,546,Sham19Y0122406,394,1370,1542,137,97
457,546,659,Sham19Y0122406,395,1,114,91,100
457,397,692,Shia002265Vols,4801,151,451,224,92
457,378,659,JK000384,362,903,1184,203,83
457,378,659,JK000384,363,340,630,226,96
457,500,659,JK000384,364,20,187,119,87
457,378,659,Sham19Y0016618,271,512,1270,211,33
457,378,659,Sham19Y0132973,784,450,976,222,51
457,378,659,JK009237,4823,384,915,141,29
457,378,659,Shamela0008473,3111,588,858,198,85
457,378,659,Shamela0008473,5065,900,1198,208,86
457,378,659,Sham19Y0001734,90,314,589,208,88
457,378,546,Sham19Y0132524,114,1026,1194,123,82
457,378,546,Sham19Y0132524,286,1376,1548,137,97
457,546,659,Sham19Y0132524,287,1,331,91,34
457,378,659,Rafed0003571Vols,1284,552,828,222,95
457,397,659,Shamela0001438,1007,39,285,200,93
457,382,659,Kraken230110004547,564,26,304,214,92
457,514,659,JK000381,4931,1,146,117,100
457,397,659,Shamela0036446,1425,936,1192,203,93
457,791,1504,ShamAY0035990,392,264,518,164,27
457,378,659,Shamela0025800,2988,90,371,223,96
457,378,659,Sham19Y0017729,51,421,713,226,95
457,378,659,Shamela0095735,1007,448,736,215,89
457,397,560,Shamela0021659,252,1309,1457,120,89
457,378,659,JK000055,298,894,1195,200,79
457,378,659,ShamAY0034005,1549,781,1079,226,93
457,438,659,Sham19Y0018272,835,1031,1239,155,86
457,378,659,Sham19Y0020638,114,450,740,227,96
457,107,659,Masaha001864Vols,763,536,1065,279,56
457,791,1593,Masaha001864Vols,4251,456,1237,621,93
457,378,659,Sham19Y0017616,38,356,657,227,93
457,378,659,Shamela0001535,6677,902,1186,219,93
457,378,659,ShamAY0033974,216,1108,1415,202,78
457,378,659,ShamAY0033974,217,709,984,178,72
457,378,659,ShamAY0033974,218,758,1053,221,91
457,378,659,Rafed0003477Vols,993,229,515,220,91
457,378,659,Shamela0000497,28,1012,1308,223,93
457,378,659,Shia002228,161,505,796,212,86
457,378,659,JK007065,691,692,973,222,95
457,378,546,Shamela0001756,12,151,339,137,89
457,378,659,Shamela0000137,48,739,1026,217,90
457,378,659,Sham19Y0148271,645,1186,1455,198,85
457,378,546,ShamAY0033760,394,1376,1559,136,91
457,378,659,JK000698,92,224,495,196,80
457,378,659,Shamela0008658,3029,1139,1428,221,92
458,1376,1646,JK000201,3299,407,694,205,86
458,1,360,Masaha001864Vols,4251,1237,1597,295,99
458,360,798,Masaha001864Vols,4252,1,440,342,92
459,335,665,Sham19Y0013253,198,499,871,232,74
459,279,557,JK000201,3299,1318,1588,217,96
459,557,1276,JK000201,3300,1,699,553,95
459,357,944,Sham19Y0122406,399,593,1287,393,68
459,381,631,Sham19Y0013631,2649,778,927,116,58
459,900,1187,Masaha001864Vols,4021,1189,1454,189,82
460,814,965,ShamAY0034059,5428,1386,1522,100,80
460,814,965,Shamela0004445,426,115,261,113,94
460,814,965,Shamela0021629,928,732,878,109,87
460,814,965,Shia002616Vols,4928,253,414,119,93
460,814,965,Kraken220218125253,683,919,1053,107,88
460,814,965,Shamela0001727,127,993,1138,115,96
460,814,939,JK000098,669,854,969,91,92
460,814,965,Shamela0012014,404,388,534,113,94
460,814,965,Sham19Y0127677,1460,583,725,113,94
460,820,965,Kraken230106005528,1037,988,1130,104,89
460,814,965,Tafsir09084,1908,918,1060,112,92
460,814,965,Shamela0000140,2215,490,636,113,94
460,546,694,JK000201,3299,1085,1272,124,79
460,35,439,JK000201,3300,705,1126,314,90
460,814,939,JK000083,88,404,522,91,89
460,814,965,JK000083,229,813,953,106,85
460,814,965,JK000083,345,980,1133,108,83
460,814,965,Shamela0004289,144,1035,1180,115,96
460,1434,1576,Shamela0021660,5543,1573,1715,113,100
460,814,965,Shamela0001975,536,981,1122,112,93
460,814,965,ShamAY0034815,481,787,932,115,96
460,814,965,ShamAY0034815,482,373,518,115,96
460,16,264,Shamela0009702,1093,539,871,170,57
460,814,965,Sham19Y0122406,403,887,1032,115,96
460,458,965,Shia002265Vols,4788,979,1417,182,34
460,814,965,Shamela0010463,496,1111,1265,114,90
460,814,939,Sham19Y0132973,557,1287,1405,91,89
460,814,939,Sham19Y0132973,582,552,661,86,87
460,814,965,Shamela0008473,3754,787,932,115,96
460,814,965,Sham19Y0132524,2988,456,613,120,96
460,814,965,Sham19Y0149697,4846,561,706,110,88
460,807,965,Shamela0001438,2273,284,425,112,88
460,814,965,Kraken230110004547,561,895,1047,113,89
460,820,965,Shamela0036446,1435,1009,1148,105,88
460,820,965,Shamela0025800,2981,1245,1386,110,94
460,814,965,Shamela0021659,662,866,1007,112,93
460,814,965,Sham19Y0020638,117,107,252,115,96
460,814,965,Sham19Y0013223,1354,1244,1382,107,87
460,148,434,Masaha001864Vols,4022,104,390,228,97
460,814,965,Shamela0011363,14,865,1006,106,85
460,814,1239,Shamela0011036,2283,1009,1500,186,36
460,1239,1476,Shamela0011036,2284,1,313,175,69
460,814,965,JK007065,1188,772,917,115,96
460,814,965,Sham19Y0148271,1980,663,808,115,96
460,458,965,JK000030,258,574,1167,199,35
460,814,965,ShamAY0033760,554,25,170,113,94
461,273,646,ShamAY0035035,7462,282,673,130,27
461,237,712,Shamela0008176,6981,465,800,85,17
461,284,646,Shamela0008176,6984,638,940,210,68
461,273,712,Sham19Y0013614,766,48,270,70,16
461,237,712,Shamela0025794,791,746,1140,69,12
461,237,712,Shamela0001727,126,760,1100,86,17
461,276,712,Sham19Y0013572,269,761,1006,66,15
461,89,1087,Shia001831Vols,149,486,1106,349,41
461,1,657,Shamela0021660,5544,22,679,524,99
461,1402,1545,JK000168,135,617,741,98,84
461,237,646,Sham19Y0038171,1981,79,560,146,27
461,6,356,Sham19Y0018144,3279,668,1077,103,21
461,273,712,Sham19Y0017791,1871,59,281,70,16
461,237,712,ShamAY0034005,1567,481,816,86,17
461,273,712,Sham19Y0132403,55,28,275,70,16
461,237,712,Sham19Y0016976,1685,463,775,86,18
461,237,712,Sham19Y0017616,39,303,643,86,17
461,237,712,JK007065,121,230,564,85,17
461,75,646,Sham19Y0122257,3142,383,902,229,36
461,652,1169,Sham19Y0122257,3143,496,1386,144,14
461,237,1087,Sham19Y0014119,592,547,1125,141,15
461,19,657,Sham19Y0014119,1508,76,467,303,58
461,1,356,Sham19Y0017063,1436,890,1013,100,34
461,237,1087,JK000030,247,564,1224,157,16
461,273,712,ShamAY0033760,490,1162,1410,70,16
461,652,1087,Shamela0008360,838,378,774,118,24
462,38,791,Shamela0001727,127,295,868,250,34
462,461,791,Sham19Y0127677,7690,946,1393,191,50
462,160,791,Shamela0004289,144,427,911,219,36
462,791,1444,ShamAY0034815,482,822,1474,522,99
462,38,791,Sham19Y0122406,403,189,762,250,34
462,38,614,Sham19Y0018144,312,736,1048,129,26
463,790,925,Shamela0004445,426,310,445,106,98
463,606,925,Shamela0004445,7217,737,1145,139,35
463,606,925,JK000435,345,9,465,130,28
463,606,925,Shamela0001733,4152,940,1355,132,32
463,606,935,Shamela0011818,448,916,1290,143,40
463,410,931,Shamela0021629,928,562,1101,171,30
463,790,900,JK009390,1339,113,223,88,100
463,798,935,ShamAY0034342,13,271,404,100,92
463,410,935,Shia002616Vols,4928,40,613,168,26
463,798,925,Sham19Y0017529,43,1085,1208,95,94
463,434,925,Shamela0001727,127,844,1322,182,36
463,415,900,JK000098,669,692,1085,147,34
463,396,900,Shamela0012014,404,198,693,174,32
463,503,900,Sham19Y0127677,1460,429,884,149,34
463,415,935,Shamela0000483,57,80,547,184,40
463,790,925,Tafsir09084,1908,1113,1248,106,98
463,790,925,Shia003721Vols,346,374,508,105,97
463,434,883,Shamela0000140,2215,341,778,149,31
463,49,296,JK000201,3265,938,1206,164,68
463,628,1151,JK000201,3908,71,732,372,68
463,415,925,JK000083,88,214,660,179,40
463,415,904,JK000083,124,234,639,149,34
463,410,935,Shamela0004289,144,859,1374,196,35
463,410,900,Shamela0001975,536,813,1301,140,24
463,602,900,ShamAY0034815,481,737,1090,132,37
463,434,925,ShamAY0034815,482,224,702,182,36
463,1,434,ShamAY0034815,483,88,561,345,88
463,434,925,Sham19Y0122406,403,738,1457,251,39
463,78,296,Sham19Y0122406,4493,1203,1468,151,70
463,790,925,Shamela0010463,496,1311,1446,108,100
463,390,870,Sham19Y0132973,557,1057,1492,131,26
463,383,900,Sham19Y0132973,582,341,777,161,32
463,415,925,Shamela0008473,3754,584,1116,186,34
463,410,925,Sham19Y0132524,2988,275,857,165,26
463,410,935,Sham19Y0149697,4846,345,901,160,24
463,503,900,Shamela0001438,2273,129,584,148,34
463,410,925,Kraken230110004547,561,719,1234,179,32
463,410,935,Shamela0036446,1435,831,1347,184,32
463,790,925,Shamela0025800,2982,4,139,108,100
463,503,900,Shamela0021659,662,712,1166,149,34
463,602,925,Shamela0009292,141,986,1355,135,31
463,602,925,Sham19Y0020638,117,57,436,149,39
463,790,925,Shamela0011363,14,1055,1190,108,100
463,383,925,Shamela0011036,2283,817,1332,199,35
463,606,925,Shamela0012740,11,556,969,139,35
463,410,925,JK007065,1188,582,1101,175,30
463,410,925,Sham19Y0148271,1980,467,993,172,30
463,415,925,JK000030,258,838,1352,186,34
463,790,925,ShamAY0033760,554,222,357,106,98
464,293,649,Sham19Y0122402,543,874,1303,138,32
464,399,578,Shamela0026568,680,826,973,99,71
464,1,1137,Shia001831Vols,150,82,846,564,62
464,399,578,Shamela0023685,770,703,847,97,69
464,293,649,Shamela0010527,565,266,802,120,23
464,293,829,Shamela0010527,1230,561,1149,258,48
464,1,511,Sham19Y0122406,409,1255,1523,207,50
464,511,856,Sham19Y0122406,410,1,322,250,89
464,1082,1370,Sham19Y0122406,411,1,285,219,94
464,41,917,Sham19Y0018144,3273,181,1069,694,97
464,912,1226,Sham19Y0018144,3274,1152,1494,235,85
464,265,847,Sham19Y0020638,1585,184,459,221,47
464,60,847,Masaha001864Vols,759,1113,1537,307,49
464,301,856,Sham19Y0017616,563,902,1160,134,29
465,1151,1269,Shamela0037325,474,230,370,84,75
465,341,1487,Shia001831Vols,150,922,1340,276,29
465,432,768,Sham19Y0122406,4498,1021,1203,123,45
465,1293,1506,Kraken230110004547,564,382,903,93,22
465,984,1140,Sham19Y0018144,3274,455,608,123,96
465,1274,1540,Shamela0025800,2988,868,1072,125,59
465,245,974,Masaha001864Vols,4248,611,1347,594,99
466,348,670,Shamela0009200,530,256,743,97,20
466,895,1140,Shia003965Vols,10391,1025,1297,170,70
466,63,407,JK000916,25713,171,272,70,26
466,63,407,Shamela0003118,7491,983,1084,70,26
466,506,1479,Shamela0010664,751,519,1251,449,54
466,67,407,Shamela0006547,8,862,959,67,25
466,884,1140,Shia003923Vols,731,552,855,183,71
466,63,407,JK000384,376,976,1077,70,26
466,63,407,Sham19Y0018144,323,1242,1342,65,24
466,884,1140,Sham19Y0018144,3342,73,376,183,71
466,895,1194,Shamela0001687,7593,841,1172,187,64
466,516,1003,Shamela0025800,2961,832,1340,150,26
466,353,670,Shamela0030657,17,255,805,93,18
466,63,407,ShamAY0034005,81,1212,1317,70,26
466,884,1140,JK000665,4,267,566,186,73
466,642,1479,Shamela0011036,2298,258,822,405,58
466,726,1003,Sham19Y0017616,563,1210,1391,143,63
466,63,407,JK000698,91,483,588,70,26
467,367,733,Zaydiyya0000015,2240,582,738,104,35
467,373,1001,Shamela0001727,130,176,364,142,28
467,373,702,Shamela0004289,90,296,412,91,35
467,373,719,Sham19Y0020638,119,1175,1329,100,34
467,373,702,Sham19Y0017616,40,864,981,92,35
468,13,232,Sham19Y0127677,15262,175,398,175,93
468,396,1326,Shamela0000140,468,714,1578,678,88
468,1326,1648,Shamela0000140,469,1,327,235,81
468,449,1648,Sham19Y0122406,414,271,1557,811,72
468,13,164,Sham19Y0018144,3338,508,669,112,79
468,901,1648,Sham19Y0147597,1182,786,977,125,20
468,1246,1418,Sham19Y0017063,1426,783,970,139,91
469,796,1012,Shia004509,233,869,1080,140,80
469,64,796,Shamela0000140,469,269,932,495,82
469,55,869,Sham19Y0122406,415,1,785,613,91
469,872,1318,Sham19Y0122406,416,1,378,281,76
470,827,1243,Shamela0008176,6728,1160,1615,302,76
470,1243,1394,Shamela0008176,6729,1,151,117,96
470,282,643,Shamela0008176,6944,908,1218,148,48
470,98,777,Shamela0008176,6945,1,621,430,74
470,36,781,Shia002616Vols,2618,500,1174,299,42
470,417,696,Shamela0009918,815,1230,1527,216,88
470,819,1117,Shamela0005756,10163,202,568,133,44
470,1138,1394,Sham19Y0013231,7769,783,1146,163,53
470,31,201,Sham19Y0013253,198,1335,1534,115,74
470,98,1138,Shia001831Vols,151,915,1446,354,42
470,881,1405,Shamela0000140,470,161,661,390,87
470,1,293,Sham19Y0122406,416,909,1179,191,81
470,302,1117,Sham19Y0122406,417,27,814,548,75
470,36,286,Shia003732Vols,339,149,415,160,69
470,36,230,Sham19Y0013252,1236,1307,1521,127,68
470,950,1429,Sham19Y0122257,3035,204,732,358,80
470,36,692,Sham19Y0122257,3122,887,1476,438,81
470,944,1429,Sham19Y0017063,1426,1149,1413,192,47
470,282,643,Shamela0000791,763,614,921,150,49
471,1,783,Shamela0008176,6945,835,1515,473,70
471,783,1102,Shamela0008176,6946,1,291,220,80
471,148,300,Shamela0021715,7225,1223,1365,113,92
471,485,1007,Shia004509,232,1045,1624,270,47
471,533,1113,Shamela0009810,1582,732,1030,191,41
471,1,350,Shamela0000140,469,1160,1442,209,72
471,440,1088,Shamela0000140,2185,195,756,404,72
471,13,474,Sham19Y0122406,418,601,1103,332,80
471,1,886,Sham19Y0122257,3121,768,1531,555,76
472,533,1575,Sham19Y0013769,367,111,463,256,29
472,1,357,Shamela0008176,6947,903,1178,190,62
472,587,711,Shamela0008176,6949,9,138,99,94
472,720,1569,Shamela0026568,1355,50,867,273,28
472,816,1339,Shia004509,233,1170,1603,311,71
472,1339,1593,Shia004509,234,1,265,203,92
472,720,1362,Shamela0001673,9952,50,604,279,45
472,1,411,Shamela0023645,318,1032,1433,153,36
472,720,1362,Shamela0023685,1525,862,1546,260,36
472,1,357,Sham19Y0122406,416,592,867,205,70
472,376,1593,Sham19Y0122406,419,501,1558,817,80
472,154,330,Shia003732Vols,5277,13,582,110,23
472,1225,1575,Sham19Y0014224,155,25,195,117,40
472,1,283,Shamela0021654,323,853,1036,120,48
472,1,357,Sham19Y0016599,1166,763,1340,152,27
472,1,716,Sham19Y0122257,3123,858,1367,383,65
472,1,357,Shamela0000791,763,1131,1360,176,62
473,89,306,Shamela0009918,723,301,537,109,53
473,724,955,Shamela0001727,131,1161,1426,173,80
473,70,258,Sham19Y0122257,3123,1297,1527,133,66
473,258,423,Sham19Y0122257,3124,1,142,110,85
474,201,490,Shamela0005756,576,957,1167,126,50
474,196,555,Shia001831Vols,152,208,493,213,71
474,346,775,ShamAY0037021,230,667,1100,190,39
475,819,1253,JK000021,175,988,1305,142,33
475,970,1253,Shamela0022712,91,37,558,167,40
475,843,955,Sham19Y0014299,30,583,706,86,87
475,216,375,Shamela0021715,11090,429,715,70,24
475,226,609,Shamela0001727,132,181,697,113,23
475,819,1062,Shamela0001727,132,1133,1449,119,38
475,226,548,Sham19Y0013572,735,236,508,68,17
475,843,955,Shamela0004473,11569,676,799,86,87
475,343,1297,Shia001831Vols,152,512,934,198,23
475,976,1253,ShamAY0033523,582,281,798,162,40
475,982,1253,Shamela0004289,28,1,520,158,38
475,226,548,Shamela0004289,88,563,773,81,32
475,226,609,Sham19Y0122406,420,510,1027,113,23
475,850,1253,Sham19Y0122406,421,443,1092,193,34
475,819,1253,Sham19Y0149697,1862,309,1050,198,28
475,970,1253,Sham19Y0018144,195,902,1417,167,41
475,843,1253,Shamela0025800,2954,783,1446,177,29
475,819,1253,Sham19Y0132415,1090,948,1351,207,54
475,226,609,Sham19Y0020638,122,368,827,83,19
475,970,1253,Sham19Y0020638,123,6,526,167,40
475,843,1323,Shamela0012769,67,70,793,225,35
475,843,1249,Masaha001864Vols,764,498,1003,150,26
475,976,1253,ShamAY0035960,583,573,1085,162,40
475,563,1015,JK007065,778,828,1523,119,16
475,843,1253,JK000030,248,456,1118,147,21
476,613,1065,Shamela0004445,7176,26,416,245,64
476,362,1065,Shamela0007891,2617,457,1135,364,57
476,798,1065,Shamela0022712,91,709,970,194,90
476,327,1156,Shamela0022712,93,97,928,646,97
476,651,986,Shamela0022712,101,784,1477,195,34
476,798,1065,Shamela0022712,375,212,473,194,90
476,527,1019,Shamela0011818,407,1029,1491,246,53
476,817,1065,Shia002526,227,855,1075,158,77
476,362,1065,Sham19Y0016584,4860,389,1071,358,56
476,817,1089,Shamela0008176,6952,355,606,173,77
476,814,948,Shamela0008176,6953,1283,1411,87,82
476,817,964,Shamela0008176,6954,293,435,110,94
476,506,1065,JK000977,225,1,534,300,61
476,919,1065,Shia002616Vols,1117,892,1033,110,96
476,546,1118,Shamela0001719,3441,511,1024,289,54
476,362,1065,JK000110,1961,414,1106,366,57
476,613,1156,Zaydiyya0000015,2244,22,672,318,54
476,798,1065,Tafsir04040,835,1282,1520,173,79
476,919,1069,Shamela0021715,9855,1106,1242,99,80
476,362,1049,Shamela0021715,11228,802,1468,346,55
476,672,1065,Shamela0021715,11232,286,960,251,44
476,613,994,Shamela0009270,137,1162,1467,188,62
476,817,1065,Shamela0009270,142,1315,1518,141,71
476,798,1065,Zaydiyya0000265,1129,395,656,199,93
476,327,1156,Shamela0001727,133,426,1261,644,97
476,430,1141,Shamela0006446,187,1,701,386,59
476,546,1098,Shamela0003118,6742,450,924,266,52
476,327,626,Shia001960,310,1144,1444,232,96
476,626,1118,Shia001960,311,1,486,380,98
476,798,1035,Shia004509,223,1218,1456,186,99
476,327,1042,Sham19Y0013572,733,724,1430,539,93
476,362,1065,Shamela0005756,15425,355,1051,366,57
476,355,948,Sham19Y0023644,1574,820,1197,222,43
476,919,1065,Shamela0001673,9983,1384,1517,99,82
476,817,1065,Shamela0000483,42,361,584,173,87
476,798,1065,Kraken230106005528,1026,390,1146,188,31
476,327,1145,Kraken220414225447,9,653,1407,512,77
476,825,931,Shamela0023644,1963,1388,1489,78,92
476,375,1131,Shamela0023644,1964,349,1083,385,53
476,798,1065,Sham19Y0017903,962,134,413,200,90
476,798,1065,ShamAY0033523,582,817,1062,186,89
476,861,1065,Shamela0023645,118,47,232,132,75
476,327,1156,Shamela0004289,28,539,1372,643,97
476,482,1035,Shamela0004289,93,5,723,339,55
476,814,1065,Shamela0023628,2302,475,731,195,97
476,327,682,Sham19Y0122406,421,1111,1463,273,96
476,682,1156,Sham19Y0122406,422,1,760,370,61
476,817,1065,Sham19Y0145212,3372,1111,1337,167,81
476,331,878,JK000384,388,891,1475,310,62
476,825,948,Shamela0026890,3,1354,1476,90,92
476,362,1065,Shamela0026890,4,281,847,331,56
476,798,1065,Sham19Y0132524,280,987,1254,207,99
476,798,1075,Sham19Y0149697,1862,1069,1349,200,89
476,825,1065,Sham19Y0037618,6820,562,896,124,37
476,798,1065,Kraken230110004547,553,677,1097,177,50
476,362,1118,Sham19Y0018144,326,344,903,405,68
476,613,825,Sham19Y0018144,3011,1318,1484,95,58
476,327,727,Shamela0036446,1420,1099,1504,309,94
476,727,1065,Shamela0036446,1421,1,332,252,91
476,340,1156,Shamela0025800,2955,1,818,627,96
476,817,964,Sham19Y0017791,1857,1359,1501,110,94
476,817,1065,Sham19Y0017791,1859,439,822,175,55
476,817,1065,Shamela0096283,435,736,948,154,74
476,408,1098,ShamAY0034005,1548,257,861,330,53
476,327,1156,Sham19Y0020638,123,562,1388,644,98
476,421,1156,Masaha001864Vols,765,1,743,565,95
476,825,931,Shamela0003722,6826,1417,1522,82,99
476,825,948,JK000475,2354,1164,1481,85,33
476,362,948,Sham19Y0013252,10859,869,1465,303,57
476,721,1131,Shamela0013087,83,6,438,233,62
476,798,1065,ShamAY0035960,583,1104,1349,186,89
476,331,919,Shamela0010835,108,914,1471,287,53
476,814,1069,Sham19Y0146127,3488,1074,1309,173,84
476,919,1065,Shamela0011036,749,761,907,105,87
476,817,1065,Sham19Y0016976,1673,1235,1461,167,81
476,595,798,Shamela0012052,1064,391,619,151,80
476,613,1069,ShamAY0033974,234,28,477,263,64
476,327,1156,JK007065,779,495,1323,635,95
476,362,1065,Sham19Y0018176,2595,369,1060,366,57
476,817,979,Sham19Y0014119,587,1330,1487,122,95
476,817,1065,Sham19Y0017063,1427,1234,1460,167,81
476,362,1065,Shamela0010803,38,416,998,311,51
476,327,669,JK000030,248,1137,1477,264,96
476,669,1156,JK000030,249,1,488,371,94
476,798,1065,ShamAY0033760,403,448,714,201,94
476,814,1085,JK000698,23,1176,1424,175,79
476,362,1019,Sham19Y0013605,5103,97,746,331,55
476,331,1085,Shamela0030592Vols,94,388,1077,384,58
477,935,1529,Shamela0022712,93,528,870,162,28
477,1149,1289,Shia002616Vols,1117,873,1033,101,77
477,153,508,Masaha005108Vols,72,498,809,224,78
477,41,508,Shamela0002569,484,388,1064,266,46
477,153,508,Shia002932VolsBK2,39,136,447,224,78
477,77,393,Sham19Y0014299,185,992,1514,197,46
477,153,461,Shia003965Vols,11526,461,1104,211,40
477,1168,1289,Shamela0021715,9855,1118,1238,93,97
477,700,1529,Shamela0001727,133,823,1203,185,24
477,700,1529,Shia001960,311,98,466,183,24
477,153,311,Shamela0005756,10203,915,1077,113,88
477,1168,1289,Shamela0001673,9983,1396,1517,96,100
477,700,1289,Kraken220414225447,9,1038,1334,159,32
477,1168,1289,ShamAY0033523,582,950,1062,87,91
477,700,1529,Shamela0004289,28,936,1314,183,24
477,176,426,Shia003961Vols,100,975,1359,145,47
477,153,315,Shia003695Vols,572,545,710,109,84
477,1149,1424,Sham19Y0122406,421,200,443,159,71
477,700,1529,Sham19Y0122406,422,46,702,203,25
477,160,508,Shia003757,513,1267,1628,244,81
477,1168,1289,Sham19Y0132524,280,1120,1254,89,80
477,1095,1526,Sham19Y0018144,326,568,883,134,32
477,700,1289,Shamela0036446,1421,1,332,160,29
477,153,461,Sham19Y0018569,802,576,981,225,67
477,172,508,Shamela0028100,44,1140,1469,247,90
477,700,1529,Shamela0025800,2955,387,760,176,23
477,172,461,Shia003732Vols,2764,556,828,194,80
477,700,1529,Sham19Y0020638,123,959,1330,185,24
477,700,1529,Masaha001864Vols,765,309,685,185,24
477,172,508,Masaha000955Vols,1510,99,574,244,63
477,1168,1289,ShamAY0035960,583,1237,1349,87,91
477,1168,1424,Shamela0010549,199,913,1302,143,43
477,99,929,Shamela0012052,1064,1,922,543,65
477,700,1529,JK007065,779,892,1265,174,23
477,700,1424,JK000030,249,59,770,227,25
478,524,671,Masaha003032,63,71,225,116,94
478,505,671,Shamela0008176,662,601,802,125,75
478,377,671,Sham19Y0131521,5192,1223,1439,132,56
478,676,887,Shamela0000140,2180,1160,1393,166,85
478,285,1458,JK000201,3164,543,1614,738,71
478,521,671,Shamela0023647,32,933,1084,118,98
478,761,1363,Sham19Y0122406,424,11,656,289,42
478,505,671,Sham19Y0145212,2635,672,831,125,94
478,521,676,Shamela0096239,188,418,560,111,89
478,892,1411,ShamAY0035990,378,614,1075,138,23
478,505,671,ShamAY0033561,36,1199,1362,127,96
478,671,1128,Masaha001864Vols,4240,1090,1541,369,98
478,1128,1288,Masaha001864Vols,4241,1,160,129,98
478,1411,1620,Masaha001864Vols,4249,320,530,175,99
478,521,671,Shamela0000700,22,419,570,118,98
478,327,887,Sham19Y0013252,5821,259,661,263,55
478,521,671,Sham19Y0122255,158,200,351,118,98
478,671,1288,Sham19Y0017063,1429,46,397,267,52
479,826,1017,Shamela0007562,188,691,973,151,65
479,1347,1519,Shamela0004445,7004,1005,1314,73,27
479,806,1017,Shia001432Vols,1859,34,247,159,89
479,771,1017,Shia001432Vols,34250,744,1015,167,74
479,452,676,Sham19Y0122402,649,223,423,143,78
479,1347,1519,Shamela0012293,1722,1216,1477,75,37
479,859,1156,Shamela0009918,710,1,353,171,47
479,1172,1519,JK000110,1239,1166,1262,73,27
479,1347,1519,Zaydiyya0000015,2245,110,366,77,39
479,771,1017,Shia003965Vols,3047,735,1013,164,71
479,806,1017,Shia003965Vols,3216,939,1158,159,87
479,448,945,Shamela0021715,5315,278,464,107,25
479,1172,1574,Shamela0021715,7222,786,1132,120,29
479,1172,1519,JK006838,1289,1071,1167,73,27
479,1347,1519,Shamela0001453,222,960,1294,75,25
479,1347,1519,Shia001960,296,901,1213,74,31
479,448,958,Shamela0005756,9692,37,236,149,35
479,452,676,Shamela0001673,6814,1078,1287,145,80
479,771,1017,Shia003923Vols,1514,76,354,164,71
479,240,1275,Shia001831Vols,153,19,467,330,39
479,452,1368,JK000201,3165,328,994,277,34
479,1172,1519,Shamela0004289,1099,1250,1346,73,27
479,448,662,Shamela0010527,709,1275,1460,127,75
479,771,1017,Shia002334,600,76,354,163,71
479,771,1026,Sham19Y0132973,528,1075,1357,175,75
479,1172,1519,Sham19Y0132524,269,161,264,73,26
479,1172,1519,Sham19Y0132524,273,1244,1345,71,27
479,1172,1519,Shamela0001438,1085,1362,1462,73,27
479,1172,1519,Sham19Y0018106,3042,1284,1380,73,27
479,452,958,Sham19Y0018103,2244,641,932,214,51
479,771,1017,Shamela0001687,2232,1023,1301,164,71
479,806,1017,Shamela0001687,2349,1100,1319,159,87
479,452,676,Sham19Y0016494,146,1055,1250,138,78
479,452,676,Sham19Y0016494,303,514,714,133,75
479,81,408,Sham19Y0016782,855,622,855,167,60
479,1,1030,Masaha001864Vols,4249,530,1420,708,83
479,137,323,JK007040,4051,530,687,107,68
479,1172,1519,Sham19Y0018176,1733,1175,1271,73,27
479,137,310,Sham19Y0018254,530,532,830,112,46
479,1347,1519,ShamAY0033760,264,967,1285,76,28
479,137,310,Shamela0009856,974,1,237,119,62
479,448,1078,Sham19Y0013605,2802,451,687,172,33
480,855,1203,Sham19Y0014299,541,616,1208,234,46
480,7,135,Shamela0021715,5263,1117,1235,88,87
480,285,895,Shamela0001727,135,945,1349,112,16
480,285,1378,Sham19Y0013572,1099,347,1132,179,15
480,285,918,Sham19Y0013572,1105,768,1117,107,16
480,7,135,Shamela0005756,9629,1040,1155,86,86
480,1,932,Shia001831Vols,153,522,953,267,34
480,285,836,Shamela0000140,2186,613,1203,294,52
480,445,568,Shamela0009702,1122,1315,1460,99,84
480,275,652,Sham19Y0145212,3374,89,565,88,17
480,386,681,Sham19Y0018144,3330,1184,1356,129,54
480,269,895,Shamela0025800,2959,114,503,117,19
480,285,895,Masaha001864Vols,761,984,1432,116,16
480,572,831,Masaha001864Vols,4249,20,278,179,81
480,359,681,Sham19Y0014119,1506,811,981,137,52
480,369,626,Sham19Y0017063,1429,408,622,161,75
481,4,431,Shamela0008176,7012,337,724,247,65
481,718,1198,Sham19Y0014299,149,1141,1504,130,33
481,474,1198,Sham19Y0014299,150,9,978,460,52
481,1035,1198,Shia003965Vols,12648,10,208,99,59
481,754,986,Sham19Y0127677,15263,430,639,154,83
481,18,353,Shia001831Vols,153,1296,1598,227,82
481,1,799,Shamela0000140,470,712,1415,489,72
481,791,1216,Shamela0000140,471,16,317,226,65
481,727,1026,Shamela0009702,1125,741,1180,149,35
481,808,986,Kraken220413194132,25,1236,1414,142,98
481,1055,1198,Shamela0001687,9890,857,1193,89,32
481,109,581,Masaha001864Vols,4250,1,451,342,89
481,1436,1568,Masaha001864Vols,4250,492,624,110,100
481,14,431,Sham19Y0122257,3155,88,443,249,69
482,761,1174,Shia004649Vols,2840,247,668,323,95
482,1307,1451,JK000021,177,84,228,115,100
482,1223,1570,ShamAY0035035,7936,55,433,191,58
482,1223,1570,ShamAY0035035,9954,458,1049,182,32
482,1204,1451,JK000977,231,70,636,177,38
482,1204,1570,Sham19Y0133368,166,14,244,128,44
482,761,1174,ShamAY0035977,14,951,1222,103,24
482,756,1041,ShamAY0035977,27,441,775,227,83
482,1307,1455,Zaydiyya0000015,2237,846,961,89,75
482,798,1082,Sham19Y0014299,565,1194,1502,217,87
482,1204,1570,Shamela0001727,138,192,1104,260,35
482,1307,1451,Sham19Y0017817,112,225,370,115,99
482,1199,1451,Shia004509,220,377,608,134,53
482,1204,1558,Sham19Y0013572,941,966,1475,232,55
482,1204,1411,Shamela0005756,13980,409,820,125,36
482,1223,1570,Sham19Y0127677,1725,872,1322,243,67
482,1204,1570,Sham19Y0127677,9255,744,1086,135,31
482,1218,1451,Shamela0000894,1095,1,264,158,68
482,1307,1455,Shamela0022649,30,1010,1152,113,95
482,169,1236,Shia001831Vols,154,175,609,293,34
482,1204,1451,ShamAY0033523,581,31,321,178,74
482,761,1188,Shamela0000140,474,1004,1516,318,75
482,1307,1451,Shamela0023628,3688,621,766,114,98
482,1307,1570,Sham19Y0122406,429,341,919,192,41
482,1223,1570,Shia002265Vols,4737,62,367,178,61
482,1223,1570,Sham19Y0038171,2078,149,638,203,48
482,1276,1455,JK000381,106,926,1153,128,68
482,1204,1570,Shamela0025800,2953,522,983,217,55
482,1307,1451,Shia003732Vols,535,963,1086,96,83
482,1213,1570,Sham19Y0020638,128,1,447,261,69
482,1,1162,Masaha001864Vols,4250,624,1581,708,72
482,1249,1570,Sham19Y0013252,9280,226,581,204,60
482,1204,1451,ShamAY0035960,582,348,638,178,74
482,1307,1510,Shamela0011036,747,692,906,92,49
482,1307,1570,ShamAY0033974,201,933,1329,177,55
482,1204,1570,JK007065,904,43,771,246,41
482,798,1174,Sham19Y0122257,3155,1257,1525,173,54
483,978,1410,Shia003965Vols,3536,810,1166,257,73
483,124,337,JK000201,4252,733,946,172,100
483,124,904,Sham19Y0017063,496,496,1026,348,53
483,276,531,Sham19Y0013605,4414,1403,1559,120,58
484,806,1460,Shamela0001727,139,27,625,198,25
484,1304,1460,Sham19Y0122406,430,732,883,117,93
485,511,1201,Shamela0004445,7183,229,753,296,50
485,568,1201,JK000021,172,995,1431,293,55
485,511,1212,Shamela0007891,2620,720,1231,317,55
485,511,1154,Shamela0011818,414,878,1485,263,40
485,568,1050,ShamIbadiyya0000193,4690,13,224,123,32
485,595,1284,ShamAY0035035,5242,376,700,194,34
485,963,1288,Shamela0008176,6959,707,995,185,70
485,1274,1533,Shamela0008176,6962,1,203,155,72
485,246,410,Kraken230107021738,2285,1285,1426,103,77
485,511,1201,JK000977,233,384,845,279,49
485,953,1201,Shia002616Vols,2354,153,395,181,89
485,565,1222,Shia002616Vols,6728,680,1102,237,44
485,595,1201,Shia002616Vols,7314,151,601,291,57
485,565,1284,ShamAY0034073,4422,251,831,352,57
485,588,1284,JK009242,272,1,589,261,38
485,565,1288,Sham19Y0023608,1103,84,633,350,59
485,511,1201,Shamela0021821,2036,484,988,295,51
485,585,1284,ShamAY0034447,1116,1,565,316,50
485,511,1201,ShamAY0033567,11,234,741,277,48
485,953,1288,Shamela0001404,234,1048,1350,197,74
485,953,1284,Shamela0009200,542,582,882,189,71
485,511,1201,Shamela0010441,17,38,547,283,48
485,604,821,Sham19Y0014299,287,1401,1546,116,66
485,1010,1201,Tafsir04040,832,1,168,119,75
485,543,1293,Sham19Y0014592,609,310,743,224,36
485,511,1201,Shamela0009270,226,731,1337,314,51
485,511,1201,Shamela0001727,139,604,1139,320,55
485,953,1201,JK000916,1117,93,333,173,86
485,511,1279,ShamAY0032904,19,821,1419,314,45
485,511,1102,Shamela0012750,501,1124,1458,207,43
485,568,1284,Shamela0003118,427,767,1276,306,51
485,604,1284,Shia002702Vols,11684,1095,1479,171,29
485,530,1288,JK001236,49,24,709,343,50
485,953,1288,Sham19Y0127700,43,606,883,168,54
485,565,1288,Sham19Y0023644,1576,265,775,323,54
485,707,1288,Shamela0012014,122,9,421,254,55
485,953,1212,JK000018,16,171,429,180,83
485,580,1201,Shamela0000894,8272,562,1094,295,53
485,543,1201,Shamela0012884,5350,886,1179,164,32
485,953,1195,Kraken230106005528,851,798,1015,153,76
485,917,1284,Tafsir09084,800,478,881,222,65
485,555,1222,Tafsir09084,1301,61,493,276,51
485,949,1201,ShamAY0031578,787,357,593,166,81
485,568,1205,Tafsir09050,4852,859,1157,152,29
485,511,1201,Shia001831Vols,155,116,654,319,55
485,786,1034,Shamela0000140,843,173,620,133,35
485,1080,1302,Shamela0000140,843,1118,1583,137,34
485,565,1284,Shamela0004289,97,28,558,338,56
485,246,416,Sham19Y0149213,2154,786,930,99,73
485,953,1201,Shamela0029976,38,60,286,157,77
485,549,1112,Shamela0023628,1120,1096,1506,250,52
485,917,1284,Shamela0023628,3688,288,617,218,73
485,969,1201,Shamela0029900,26,355,579,167,88
485,953,1288,Sham19Y0122406,430,1129,1419,204,71
485,568,1168,Sham19Y0145212,3374,659,914,173,35
485,565,1201,JK000384,410,137,626,275,49
485,511,1201,Shamela0022882,269,794,1254,286,51
485,917,1201,Shamela0008473,1736,1162,1479,186,66
485,511,1284,Sham19Y0001734,2732,103,651,281,42
485,595,1201,Tafsir09083,386,600,1053,274,54
485,568,1145,Sham19Y0132524,288,849,1246,251,52
485,953,1176,Kraken230110004547,402,1223,1401,139,78
485,511,1201,Sham19Y0018144,307,925,1452,304,51
485,953,1284,Shamela0036446,1128,228,492,179,66
485,565,1201,Shamela0009107,537,686,1155,302,55
485,953,1201,Shamela0025800,2357,1111,1319,159,79
485,580,1205,Shia003732Vols,2851,654,1173,283,51
485,953,1201,Shamela0023578,1716,1208,1430,151,73
485,511,1284,Shamela0023578,3460,291,802,270,43
485,511,1212,Shamela0026514,10,594,1106,304,49
485,246,416,Shamela0012860,134,230,432,108,68
485,953,1201,ShamAY0034005,1118,94,328,170,84
485,568,1201,Sham19Y0023618,1955,729,1110,200,37
485,565,1074,Sham19Y0020638,128,1101,1463,222,51
485,568,1469,Sham19Y0013223,1524,534,1249,491,64
485,565,1395,Sham19Y0013223,2171,628,1326,367,45
485,511,1201,Shamela0021685,4,537,1031,295,51
485,963,1288,Masaha001864Vols,512,908,1209,195,73
485,953,1302,Masaha001864Vols,772,605,922,199,72
485,1201,1533,Masaha001864Vols,4257,501,829,265,96
485,511,994,Shamela0003722,3891,1199,1474,149,36
485,1004,1201,Shamela0003722,3892,1,182,135,85
485,246,416,Shamela0003722,7908,1071,1255,106,73
485,511,1284,JK000475,2392,177,792,328,47
485,963,1205,Shamela0021766,1409,343,570,159,81
485,511,1201,Shamela0026857,17,134,607,292,51
485,580,1201,JK000001,3262,919,1220,178,33
485,511,1154,Tafsir02100,84,990,1460,268,49
485,580,1201,Shamela0023623,4567,935,1154,143,29
485,953,1284,Shamela0002573,1312,124,401,188,71
485,555,1284,Sham19Y0017616,43,63,648,355,57
485,953,1201,Shamela0000041,835,81,309,169,85
485,565,1201,JK007065,1206,549,1021,297,56
485,565,1102,Tafsir07076,685,1149,1526,236,52
485,568,1284,Tafsir07076,1482,425,953,317,52
485,555,1201,Tafsir07076,1787,343,858,309,56
485,565,1284,Tafsir07076,3265,767,1356,334,53
485,568,1201,Tafsir07076,3630,436,941,307,56
485,926,1205,Tafsir06049,2262,318,642,171,62
485,568,1201,Tafsir06049,6735,616,1006,211,40
485,568,1168,Sham19Y0122257,3129,53,292,172,35
485,1087,1533,Sham19Y0122257,3130,1135,1528,248,61
485,565,1201,Sham19Y0014119,588,1022,1415,286,55
485,595,1201,Sham19Y0017063,1429,1104,1468,263,53
485,953,1212,Sham19Y0148271,1202,239,504,181,82
485,511,1201,Shamela0010803,35,421,932,303,52
485,560,1201,Rafed0003902Vols,1829,377,853,308,57
485,555,1284,Shamela0008360,834,592,1120,302,47
485,1010,1201,Shamela0008658,1036,1,177,127,83
486,711,864,Shia002759,389,36,188,117,94
486,473,644,Shamela0001727,139,1143,1380,130,70
486,711,867,Shia002702Vols,5804,155,303,115,90
486,557,876,Shamela0026568,62,669,994,238,90
486,552,876,Masaha001961Vols,468,892,1227,243,91
486,473,644,Shia001831Vols,155,856,1094,130,70
486,1119,1396,Shamela0000140,683,68,370,179,72
486,165,473,Shamela0000140,843,1065,1506,206,55
486,557,876,Shamela0023685,87,859,1187,240,91
486,481,644,Sham19Y0122406,431,166,493,124,48
486,711,864,Shamela0021608,139,553,702,115,92
486,552,813,ShamAY0033531,3428,1377,1564,119,56
486,552,931,ShamAY0033531,4611,768,1094,206,62
486,711,864,Kraken220413194132,33,1002,1155,117,93
486,565,864,Rafed0001325,386,847,1365,175,43
486,622,867,Shamela0021723,831,872,1436,159,34
486,706,867,Shia003732Vols,272,321,465,104,80
486,622,867,JK000926,15,378,922,153,34
486,1,302,Sham19Y0013223,1524,1261,1541,220,90
486,1,473,Masaha001864Vols,4257,829,1314,380,96
486,557,706,Sham19Y0095660,2151,678,826,115,99
486,52,462,Sham19Y0122257,3131,1,330,194,51
486,622,867,Masaha002064Vols,334,332,951,158,31
487,522,798,Shamela0001733,3601,77,379,185,71
487,519,798,JK000977,235,878,1405,182,43
487,545,798,JK009408,912,658,915,161,77
487,519,798,Shamela0021809,2201,417,1146,183,31
487,519,854,Shamela0025794,2855,236,581,172,52
487,519,798,JK007128,961,886,1135,168,72
487,519,798,Shamela0001727,141,134,406,210,91
487,519,798,JK006838,273,1062,1297,182,81
487,519,802,Shamela0023700,830,377,632,183,81
487,522,763,Sham19Y0020868,171,1251,1493,146,65
487,522,710,Shia000819,234,876,1043,133,88
487,604,798,Sham19Y0127677,14762,1,195,153,99
487,577,798,Shamela0012884,3797,1,229,161,86
487,519,798,JK007049,200,566,815,168,72
487,519,663,Shamela0035100,470,1344,1465,92,79
487,675,798,Shamela0035100,471,1,117,92,94
487,476,798,Shamela0010521,195,560,907,197,68
487,519,798,Shamela0004289,1053,555,815,202,90
487,519,816,Shamela0023100,592,136,434,203,82
487,519,798,Shamela0010906,64,1149,1401,190,84
487,519,798,Shamela0023628,2672,205,464,196,86
487,519,798,Sham19Y0122406,432,936,1200,210,94
487,519,798,Shamela0000927,1742,664,919,152,69
487,519,798,JK000384,422,321,579,195,87
487,519,798,Sham19Y0018144,259,1093,1394,198,78
487,1245,1633,Sham19Y0018144,3202,1177,1500,149,37
487,519,798,Shamela0036446,966,407,661,198,87
487,267,798,JK001297,530,419,638,122,29
487,248,614,Shamela0025800,382,1026,1504,155,35
487,614,798,Shamela0025800,383,1,184,139,93
487,248,798,Sham19Y0150960,1371,50,697,278,43
487,519,798,Sham19Y0020638,130,404,665,207,92
487,519,778,JK000475,2274,1306,1530,161,77
487,519,798,JK000475,2441,126,404,186,77
487,519,715,JK000735,215,1355,1533,124,78
487,519,798,Shamela0013178,101,1060,1327,187,79
487,577,798,Masaha004387Vols,110,883,1095,162,91
487,519,807,Tafsir02100,134,116,410,190,75
487,476,798,JK007065,1277,81,510,224,64
487,12,267,Sham19Y0017063,1222,1166,1399,177,80
487,519,798,Shamela0010803,11,643,898,199,87
487,519,798,ShamAY0035288,169,17,272,151,69
488,312,761,Shamela0007798,7057,473,988,185,35
488,544,761,Shamela0007798,9682,194,440,109,56
488,312,761,Sham19Y0013667,6673,524,1045,183,32
488,312,767,Sham19Y0148486,5578,86,612,195,37
488,312,761,Shia002616Vols,6846,929,1446,176,30
488,312,761,Shamela0001727,141,624,1155,187,35
488,312,731,Sham19Y0127677,14760,657,1140,160,32
488,315,724,Shamela0012884,5467,1,352,146,37
488,312,777,Shamela0035100,472,350,779,171,37
488,312,761,Shamela0004289,1053,905,1416,187,36
488,312,777,Shamela0010906,66,162,599,171,36
488,312,761,Sham19Y0122406,433,384,907,187,35
488,1201,1547,Sham19Y0122406,434,10,442,209,56
488,315,761,Sham19Y0132524,3123,175,697,185,35
488,731,882,Sham19Y0018144,3201,673,835,123,93
488,26,164,Sham19Y0018144,3203,1,139,110,100
488,312,750,ShamAY0034005,962,433,915,165,33
488,312,761,Sham19Y0020638,130,741,1262,187,35
488,341,761,Masaha004387Vols,113,487,876,150,34
488,312,731,Shamela0008229,119,392,829,107,23
488,1037,1573,Sham19Y0023625,2245,573,1369,395,60
488,312,724,Shamela0008658,2904,516,852,144,37
489,1084,1521,ShamAY0034059,2965,939,1276,185,46
489,201,354,Shia003965Vols,2212,1372,1513,80,59
489,201,354,Shia003923Vols,882,1053,1216,78,50
489,177,321,Sham19Y0013253,200,22,195,81,48
489,876,1514,Shia001831Vols,156,1227,1546,175,33
489,55,966,ShamAY0034815,270,181,1091,746,99
489,1,359,Sham19Y0018144,3212,183,461,182,64
489,1033,1420,Sham19Y0018144,3218,1123,1570,93,17
489,201,354,Shamela0001687,1546,303,468,88,64
489,1069,1596,Sham19Y0017791,1903,90,528,150,28
490,465,625,ShamAY0034059,1670,957,1102,114,84
490,465,897,ShamAY0034059,2098,1295,1571,200,56
490,82,424,ShamAY0034059,2949,1132,1313,121,43
490,465,612,Sham19Y0017878,362,1056,1187,100,82
490,82,408,Shamela0007798,9601,623,1000,152,45
490,111,245,JK000977,239,111,252,104,93
490,82,250,Shia002616Vols,2915,765,933,130,98
490,107,225,Shia002616Vols,4596,1532,1650,93,100
490,82,408,Sham19Y0023608,2109,213,361,113,43
490,107,245,Sham19Y0023608,2846,198,336,109,100
490,82,373,Shamela0012293,6334,794,1060,142,59
490,82,245,Shamela0025794,4718,283,436,114,86
490,82,408,Shamela0023591,4242,858,1015,121,46
490,73,625,Shamela0021715,3763,802,1152,265,60
490,29,245,Shamela0001727,143,487,749,147,66
490,1360,1536,Shamela0001727,143,753,1025,135,61
490,501,625,Shamela0008648,748,447,582,97,88
490,82,245,Shamela0000432,4688,1115,1278,129,100
490,29,212,Sham19Y0127677,14493,1145,1395,125,60
490,82,261,Sham19Y0127677,14992,366,703,122,42
490,82,220,Sham19Y0127677,20516,1293,1421,94,84
490,82,245,Sham19Y0127677,20517,189,342,114,86
490,82,245,Sham19Y0127677,20590,938,1091,114,86
490,501,612,Shamela0001673,7521,201,316,88,94
490,465,687,Shamela0001515,96,1046,1228,114,58
490,82,250,Sham19Y0023590,2613,601,769,130,98
490,77,245,Sham19Y0013231,7877,922,1076,121,91
490,82,376,Sham19Y0014309,214,75,310,150,65
490,77,408,Sham19Y0122096,655,1206,1358,118,44
490,82,245,Sham19Y0017903,46,140,289,118,91
490,82,245,Shamela0004289,47,1049,1198,117,90
490,82,254,Shamela0023628,2660,1233,1405,129,93
490,1360,1532,Sham19Y0122406,437,602,1070,136,35
490,29,245,Sham19Y0122406,437,331,598,151,68
490,29,205,Shia002265Vols,5933,1139,1355,125,69
490,18,408,Sham19Y0132524,292,147,725,180,39
490,77,245,Sham19Y0037618,4098,968,1136,132,99
490,501,625,Sham19Y0018103,3161,3,128,101,99
490,63,687,ShamAY0035990,95,1036,1486,218,35
490,119,245,Sham19Y0017729,48,1,127,100,100
490,476,687,Shia003732Vols,397,118,309,119,64
490,1409,1532,Sham19Y0147597,1469,509,884,92,30
490,754,994,Shamela0009292,7,264,494,180,92
490,82,245,ShamAY0034005,65,194,337,113,87
490,82,261,Sham19Y0020638,132,4,180,128,85
490,469,612,Masaha001864Vols,3852,1316,1448,98,82
490,82,245,Masaha001946Vols,179,759,908,118,91
490,60,376,Sham19Y0017616,23,51,351,163,57
490,82,254,Shamela0000041,1870,657,811,116,85
490,82,254,Shamela0037458,3020,563,722,118,84
490,82,461,Sham19Y0023625,1434,821,1314,174,37
490,82,245,Tafsir06049,4958,517,683,121,86
491,1093,1499,Shamela0008176,6523,804,1034,154,46
491,7,350,Shia002616Vols,6898,1014,1188,98,31
491,1,361,Shia002616Vols,7079,1120,1323,158,55
491,1198,1499,JK007128,257,897,1031,72,28
491,499,659,Shamela0001727,143,1001,1279,105,47
491,515,842,Sham19Y0122236,211,216,538,129,39
491,1071,1503,Shia001831Vols,157,86,416,199,53
491,156,574,Sham19Y0122406,437,1041,1383,120,27
491,1046,1308,Sham19Y0122406,441,666,999,120,39
491,12,276,Sham19Y0018144,3211,934,1202,205,97
491,793,1331,Sham19Y0017791,1709,324,889,151,22
491,137,350,Shamela0007597,232,31,275,152,74
491,1078,1345,Sham19Y0122257,2955,698,987,207,89
491,1345,1499,Sham19Y0122257,2956,37,192,110,82
491,7,504,Sham19Y0014119,1416,46,382,236,55
491,7,499,Sham19Y0017063,1222,426,752,232,55
491,1226,1512,Sham19Y0017063,1313,1,148,104,45
492,601,1067,Shamela0008176,6520,996,1335,239,59
492,198,404,JK000977,240,787,912,89,53
492,198,548,Shamela0001727,144,648,1023,150,37
492,319,1106,Sham19Y0013253,200,514,1191,440,63
492,16,154,Shia001831Vols,157,432,541,67,60
492,296,1264,Sham19Y0122406,438,290,1348,559,54
492,198,548,Sham19Y0122406,440,33,408,150,37
492,499,894,Shamela0021723,540,560,939,303,93
492,102,530,Sham19Y0020638,1589,839,1041,95,27
492,606,1078,Sham19Y0122257,2955,24,358,246,62
493,750,1088,ShamAY0035955,588,1246,1503,175,64
493,1161,1525,Shamela0031375,30,965,1339,261,79
493,951,1047,Shamela0000894,858,1432,1528,75,100
493,1179,1525,Shamela0000140,242,447,714,209,75
493,1,545,Sham19Y0122406,439,704,1475,394,62
493,538,1507,Sham19Y0122406,440,491,1127,395,48
493,1119,1427,Sham19Y0017063,1312,655,1308,187,35
494,470,747,Shamela0008176,6530,832,1104,163,66
494,136,863,Shamela0031375,31,1,622,486,81
494,1512,1636,Shamela0002386,47,1,113,89,89
494,1025,1449,Shamela0001727,145,70,379,112,23
494,1436,1636,JK007099,70,615,787,136,84
494,1,712,Shamela0004473,17073,354,670,211,36
494,528,974,Shia001831Vols,157,1003,1192,135,37
494,1,831,Shamela0000140,242,714,1430,541,78
494,470,674,JK000201,3086,282,465,143,85
494,1,445,Sham19Y0122406,441,18,526,303,67
494,1025,1449,Sham19Y0020638,133,916,1192,112,25
494,1030,1321,Sham19Y0018176,2315,206,451,106,32
494,466,674,Sham19Y0122257,2958,772,957,148,87
494,1,520,Sham19Y0017063,1312,865,1236,229,51
495,360,646,Shamela0002386,47,1239,1519,98,28
495,599,955,Shamela0002386,87,1207,1470,165,53
495,373,550,Shia001831Vols,157,1336,1489,108,74
495,624,1007,Sham19Y0122406,443,5,402,287,85
495,360,972,Sham19Y0016946,657,491,1493,241,24
495,92,1305,Sham19Y0132524,294,68,1294,421,30
496,568,980,Shamela0013027,30,820,1313,220,53
496,634,842,Shamela0008353,721,525,727,137,82
496,684,1190,Shamela0028168,827,42,420,166,37
496,684,1190,Shamela0028168,829,178,556,166,37
496,223,842,Shamela0001727,146,187,473,189,36
496,671,842,JK000098,666,1305,1476,129,93
496,59,207,JK007099,74,4,157,116,91
496,631,927,Tafsir09084,414,654,940,166,70
496,997,1486,Shamela0000140,848,7,410,255,59
496,846,1481,JK000201,3882,1021,1596,386,69
496,712,842,JK000083,99,1,127,100,96
496,718,1208,Shamela0023628,3562,643,1231,263,48
496,223,832,Sham19Y0122406,443,1211,1487,181,35
496,470,846,Sham19Y0122406,444,524,1136,209,40
496,64,213,Sham19Y0122406,4504,438,595,120,90
496,543,846,Shamela0021477,474,497,897,143,43
496,601,842,JK000384,435,288,500,162,84
496,537,842,Shamela0026668,450,278,526,177,73
496,671,842,Sham19Y0132973,567,1040,1203,129,95
496,604,842,Shamela0008473,988,620,847,162,83
496,854,1218,Sham19Y0018103,2236,548,764,170,57
496,631,944,Sham19Y0020638,135,351,803,185,50
496,1000,1218,Shamela0009823,578,960,1262,118,42
496,631,842,Shamela0009823,578,222,406,134,79
496,631,842,Shamela0012740,47,171,346,135,81
496,854,1224,Sham19Y0013605,2794,1156,1371,166,55
497,1437,1557,Sham19Y0014299,423,227,359,97,90
497,477,905,Shamela0001727,147,168,513,151,38
497,820,1383,Shamela0005756,9666,816,1172,149,30
497,1062,1402,Shamela0000140,800,891,1169,211,77
497,39,376,Shamela0000140,848,429,695,131,45
497,787,1383,Sham19Y0018106,2346,541,806,136,29
497,726,1340,Sham19Y0017063,1413,970,1371,302,60
497,1125,1383,Sham19Y0013605,2794,868,1028,105,48
498,670,1056,Sham19Y0017350,60,789,1150,218,57
498,1133,1515,Sham19Y0017437,223,208,555,256,80
498,246,646,Shia001831Vols,158,310,587,218,67
498,678,808,JK000201,21,1345,1474,91,88
498,808,975,JK000201,22,1,158,129,94
498,461,646,JK000201,3882,806,972,133,88
498,482,665,Sham19Y0018144,3197,668,851,145,97
498,530,670,Sham19Y0017729,658,312,445,98,82
498,125,431,Shamela0023578,1958,13,352,200,67
498,1133,1508,Sham19Y0016772,96,527,891,252,78
498,670,1056,Shamela0009242,19,6,285,189,58
498,678,1092,Shamela0009242,199,363,749,306,87
498,1133,1577,Shamela0009242,338,833,1271,346,96
498,39,226,Sham19Y0017063,1413,1371,1546,140,90
498,710,1085,Sham19Y0013605,495,606,826,145,47
499,972,1201,Shamela0006850,11,22,256,174,90
499,968,1192,Shamela0004445,7055,996,1214,176,95
499,968,1192,JK001012,335,664,880,175,95
499,998,1429,Shamela0023423,329,1,391,197,41
499,968,1192,JK009390,1448,595,815,168,90
499,968,1192,Shamela0008176,610,120,346,182,98
499,968,1141,Sham19Y0017745,108,1387,1560,142,100
499,968,1429,Sham19Y0013614,86,719,1127,223,47
499,968,1192,Shamela0001404,63,1135,1361,182,98
499,987,1192,ShamAY0035003,17,810,1002,155,91
499,968,1218,Shamela0011244,41,1326,1583,199,93
499,987,1434,Shamela0025794,4346,10,419,196,39
499,968,1192,Sham19Y0147311,8,513,728,176,95
499,20,125,Shamela0001727,147,1185,1297,83,93
499,968,1192,JK001236,22,738,962,181,99
499,968,1185,JK000059,13,348,578,175,93
499,968,1182,Shamela0026884,628,284,493,150,84
499,968,1192,Shamela0012014,16,539,764,181,98
499,987,1192,Sham19Y0127677,1164,179,375,161,95
499,987,1192,Sham19Y0127677,6045,237,443,166,98
499,968,1192,Sham19Y0127677,7709,765,990,181,98
499,987,1192,Sham19Y0122096,2562,1001,1198,162,96
499,88,569,Shia001831Vols,158,912,1103,108,29
499,987,1192,JK006950,1536,1247,1456,167,97
499,968,1192,JK007063,524,816,1034,178,97
499,968,1206,Shamela0004289,1254,1102,1355,187,91
499,987,1192,Shamela0001975,589,1143,1339,160,94
499,261,569,Sham19Y0122406,4507,1,387,119,34
499,968,1196,Shamela0006227,14,339,568,182,97
499,968,1192,JK000384,117,505,733,181,97
499,968,1206,Shamela0008473,1524,1147,1381,179,91
499,987,1192,Sham19Y0038171,278,32,238,165,98
499,862,1206,Sham19Y0038171,735,202,561,202,66
499,968,1192,Shamela0001875,149,66,292,182,98
499,987,1192,Shamela0001438,2437,292,489,162,96
499,987,1192,JK000381,7230,1296,1505,167,97
499,968,1192,JK007107,13,49,277,181,97
499,968,1192,Shamela0025800,2679,28,253,181,98
499,968,1192,Sham19Y0017791,159,479,705,182,98
499,968,1192,Sham19Y0023618,567,357,582,181,98
499,968,1192,Sham19Y0131336,51,453,679,182,98
499,1037,1192,Sham19Y0020638,138,1,156,126,100
499,968,1192,Sham19Y0013223,124,429,652,183,99
499,968,1149,Sham19Y0013223,175,104,285,148,100
499,968,1192,Sham19Y0013223,1220,391,637,183,91
499,918,1192,Sham19Y0013252,10937,768,1040,197,88
499,78,351,Shamela0013087,144,1,464,114,32
499,968,1192,Sham19Y0016976,263,196,422,182,98
499,968,1192,Shamela0030291,8,1061,1287,179,97
499,968,1201,Shamela0000782,1202,117,364,185,92
499,886,1201,JK007065,1223,117,474,208,70
499,5,351,Shamela0005923,180,372,775,167,47
499,75,569,Shamela0025864,106,105,309,116,29
499,968,1520,Sham19Y0122257,344,707,1345,227,31
499,968,1192,ShamAY0033729,37,1066,1290,182,99
499,968,1192,Sham19Y0014119,90,15,241,182,98
499,968,1192,Sham19Y0008889,262,261,487,182,98
499,968,1213,Shamela0010443,297,1130,1390,192,91
499,968,1192,Sham19Y0148271,1815,1291,1534,176,88
499,968,1192,ShamAY0034300,3,120,344,183,100
499,968,1201,Shamela0012836,7,416,662,188,93
499,968,1192,Shamela0008360,52,774,1000,182,98
500,74,1321,Shamela0007562,282,1059,1491,292,28
500,985,1687,Shamela0008176,613,665,1177,227,34
500,1,567,Sham19Y0017745,110,359,938,273,47
500,618,936,Sham19Y0017745,111,1328,1571,187,70
500,964,1598,Sham19Y0017745,112,230,1031,318,42
500,74,1687,Shamela0011244,42,163,1243,729,51
500,595,931,Sham19Y0014299,450,771,1062,228,79
500,1,500,Shia001831Vols,158,1243,1522,203,49
500,856,1582,Shia001831Vols,159,17,438,307,51
500,1,246,JK000201,4184,1292,1540,197,97
500,246,1687,JK000201,4185,1,1184,823,64
500,1165,1544,Shamela0021660,3414,63,341,174,49
500,74,277,ShamAY0035990,321,1092,1348,124,58
500,50,546,Sham19Y0018272,291,1091,1625,275,54
500,957,1486,Sham19Y0018272,292,198,734,342,67
500,1184,1598,Sham19Y0018272,487,39,215,134,40
500,595,1687,Sham19Y0018272,1427,116,861,440,44
500,90,1687,Sham19Y0013223,1503,240,1274,723,52
500,1,412,Sham19Y0013223,2111,167,493,262,77
500,957,1687,Sham19Y0013223,2111,505,1102,471,76
500,1189,1442,Sham19Y0013223,2548,43,270,173,80
500,1,277,Sham19Y0013223,2815,1387,1607,158,67
500,964,1687,Sham19Y0013223,2816,194,889,396,60
500,1,338,Sham19Y0122257,344,1345,1633,225,80
500,338,1446,Sham19Y0122257,345,1,785,457,43
500,417,1336,Sham19Y0008889,442,1030,1324,218,29
501,1,287,Shamela0008176,613,1177,1407,153,64
501,1,892,Sham19Y0017745,113,370,1249,435,46
501,1,482,Shamela0011244,42,1243,1625,298,75
501,482,1242,Shamela0011244,43,1,811,547,77
501,997,1242,Shamela0009810,154,983,1188,140,66
501,950,1253,Sham19Y0127677,7709,924,1204,194,78
501,950,1242,Shia001831Vols,159,585,803,167,70
501,1,579,JK000201,4185,1184,1701,414,87
501,579,1242,JK000201,4186,1,331,254,46
501,1,119,Sham19Y0017729,515,1394,1512,95,100
501,243,910,Sham19Y0018272,292,778,1236,333,58
501,1,1033,Sham19Y0018272,1427,861,1574,544,63
501,1076,1242,Sham19Y0018272,1428,1,200,136,82
501,1,495,Sham19Y0013223,1503,1274,1689,309,77
501,1112,1253,Sham19Y0013223,1504,1472,1611,113,97
501,495,1033,Sham19Y0013223,1504,1,616,393,78
501,1,696,Sham19Y0013223,2111,1102,1689,402,66
501,696,1242,Sham19Y0013223,2112,1,411,317,71
501,1,1033,Sham19Y0013223,2816,889,1587,541,64
501,1,590,Sham19Y0122257,345,861,1297,265,56
501,1,341,Sham19Y0008889,269,1256,1558,203,69
502,31,484,Sham19Y0017350,30,1074,1533,352,95
502,484,1159,Sham19Y0017350,31,1,510,195,31
502,8,496,Sham19Y0013769,97,1040,1511,353,91
502,753,1159,Sham19Y0013769,99,24,478,254,62
502,40,174,Shamela0008540,111,719,855,106,98
502,746,1037,Shamela0008540,113,959,1185,140,57
502,251,549,Sham19Y0122406,450,348,770,184,51
502,746,1108,ShamAY0033531,44,627,988,294,99
502,19,174,Shia003732Vols,839,349,511,116,87
502,581,1159,Sham19Y0014224,22,791,1513,365,59
502,193,734,Sham19Y0013223,1506,301,749,181,32
502,211,723,Sham19Y0013252,830,435,941,235,47
502,8,190,Sham19Y0013252,835,1386,1553,114,78
502,753,1108,Sham19Y0013252,837,13,419,214,58
502,69,174,Shamela0012052,269,154,260,82,99
502,1,549,Sham19Y0016599,28,443,999,423,95
502,570,885,Sham19Y0016599,29,1271,1566,185,62
502,885,1506,Sham19Y0016599,30,1,623,363,58
502,1,521,Shamela0009242,316,934,1535,379,77
502,753,1554,Sham19Y0014601,222,346,1009,487,71
502,581,734,Sham19Y0013605,498,559,707,120,94
503,506,1265,Shamela0001727,148,169,520,218,36
503,547,1085,Sham19Y0127677,13564,42,515,370,85
503,506,940,Sham19Y0127677,14368,440,836,217,55
503,607,1057,Shia001831Vols,159,859,1279,209,48
503,1090,1265,Sham19Y0122406,450,1215,1386,132,95
503,675,1085,Sham19Y0018144,3437,130,535,328,98
503,679,841,Sham19Y0017616,564,952,1108,125,96
503,1,210,Sham19Y0014601,222,1009,1222,168,97
504,525,908,Sham19Y0017350,40,47,532,312,77
504,412,908,Sham19Y0017747,115,553,1420,314,40
504,517,908,Shamela0008540,186,875,1275,308,89
504,517,908,Shamela0005756,1409,199,590,303,89
504,517,908,ShamAY0033531,89,1,358,280,86
504,744,914,Sham19Y0014224,25,1073,1498,99,29
504,325,802,Sham19Y0013252,905,786,1012,95,24
504,914,1109,Sham19Y0016599,174,1063,1237,124,79
504,412,908,Shamela0009242,212,267,1142,341,44
504,651,817,Shamela0000791,75,4,165,129,93
504,939,1325,Sham19Y0013605,511,213,422,157,49
504,427,787,Sham19Y0013605,544,1205,1580,209,59
505,827,989,JK007083,8,422,589,127,97
505,827,989,Shamela0012415,18,741,904,127,99
505,852,1000,Sham19Y0013667,180,1,145,114,97
505,48,446,Sham19Y0013667,194,336,842,219,48
505,827,989,Sham19Y0148486,159,85,244,124,96
505,827,989,Sham19Y0017747,114,1058,1209,118,92
505,827,989,JK000977,248,938,1106,127,96
505,827,989,ShamAY0033975,174,303,465,127,100
505,827,989,Shamela0002863,94,19,182,127,99
505,899,1420,Shamela0008540,187,962,1507,286,54
505,827,989,Shamela0021590,56,1095,1246,118,92
505,48,262,Shamela0021715,543,654,866,82,39
505,827,989,Shamela0001727,148,1094,1256,127,100
505,827,989,Sham19Y0017757,23,761,912,118,92
505,18,498,Shamela0026568,983,331,780,365,91
505,827,989,ShamAY0033910,17,1164,1312,102,74
505,827,989,ShamAY0033910,23,68,236,127,96
505,64,750,Shamela0005756,1317,1180,1550,237,38
505,48,446,Shamela0005756,1318,691,1232,228,48
505,827,989,Shamela0008623,3,497,665,127,96
505,827,989,Sham19Y0127677,17433,185,348,125,98
505,827,989,Shamela0000894,1689,175,337,127,100
505,827,989,Shamela0000894,1708,1211,1373,127,100
505,834,989,Shamela0005922,286,1,153,116,91
505,48,262,Shamela0000427BK2,118,1223,1523,123,46
505,827,989,JK000130,23,350,518,127,96
505,1027,1273,Sham19Y0122096,3242,606,837,177,82
505,827,989,Sham19Y0017903,99,478,640,127,100
505,1016,1273,JK000201,136,602,848,186,84
505,827,989,JK000477,54,1182,1345,127,99
505,827,989,Shamela0004289,297,132,294,127,100
505,101,498,Shamela0023685,1158,1,378,288,81
505,1027,1242,Shamela0021660,4163,1326,1531,157,84
505,891,989,Sham19Y0122406,452,1,99,77,100
505,852,989,Shamela0006227,27,1,136,105,96
505,827,989,Masaha001832,56,1249,1396,100,72
505,18,498,Sham19Y0145212,450,1098,1544,357,89
505,827,989,Sham19Y0018607,13,402,565,127,99
505,151,452,Shamela0009973,26,857,1084,92,27
505,827,989,Sham19Y0001734,463,313,481,127,96
505,827,981,Shamela0010480,222,178,321,99,75
505,827,989,Sham19Y0132524,306,464,626,127,100
505,827,989,Shamela0001875,133,66,234,127,96
505,827,989,ShamAY0033531,104,636,819,100,61
505,18,274,ShamAY0033531,108,1200,1543,186,63
505,249,498,ShamAY0033531,109,1,281,173,71
505,1016,1273,ShamAY0033531,123,1262,1510,185,83
505,914,1230,Sham19Y0018106,259,1253,1486,149,54
505,827,989,Sham19Y0018144,363,846,1009,127,99
505,827,989,JK007107,14,49,211,127,100
505,1027,1322,Sham19Y0018103,352,285,510,157,64
505,827,989,Shamela0025800,1868,1247,1395,102,74
505,827,989,Sham19Y0017729,64,916,1078,125,98
505,1101,1303,Sham19Y0132416,171,1,184,126,70
505,1027,1456,Sham19Y0018272,2222,207,654,338,91
505,827,989,Shia000895Vols,2,197,348,115,89
505,827,989,Sham19Y0020638,138,792,954,127,100
505,827,989,ShamAY0031687,21,522,812,119,52
505,827,989,Shamela0008463,120,1272,1435,127,99
505,827,989,Sham19Y0146127,64,1177,1337,124,96
505,827,989,Sham19Y0016599,171,1148,1316,127,96
505,37,580,Sham19Y0016599,181,1003,1654,441,82
505,1023,1303,Sham19Y0016599,227,946,1215,220,95
505,1016,1273,Shamela0009242,264,178,425,187,84
505,827,989,Sham19Y0017616,51,49,211,127,100
505,827,1259,Sham19Y0020590,33,738,1373,279,54
505,85,446,Sham19Y0020590,34,150,457,159,51
505,1027,1273,Shamela0023777,286,1231,1506,175,77
505,827,989,Shamela0022644,93,701,852,118,92
505,1027,1177,JK001239,255,1349,1512,123,92
505,827,989,Sham19Y0018100,660,737,899,127,100
505,1463,1653,Shamela0000791,75,190,379,154,99
505,132,811,Sham19Y0013605,511,445,1044,352,55
505,1027,1635,Sham19Y0013605,545,462,955,359,72
505,827,962,Shamela0009279,10,1397,1532,106,100
506,80,316,Sham19Y0017350,75,1,228,146,73
506,895,1435,Sham19Y0013667,196,25,445,232,45
506,1209,1452,Sham19Y0017747,129,1366,1591,169,82
506,819,1435,Shia000841Vols,378,852,1360,357,67
506,937,1435,Shamela0005756,1551,76,354,187,44
506,1,254,Shamela0023685,1155,742,925,142,67
506,316,1018,ShamAY0033531,89,979,1663,461,70
506,870,1671,ShamAY0033531,90,14,607,298,38
506,1,326,Shamela0000791,75,379,707,221,77
506,802,1360,Sham19Y0013605,511,1044,1306,150,29
506,6,301,Sham19Y0013605,545,924,1106,139,58
507,1201,1556,Sham19Y0017350,70,804,1320,177,39
507,12,353,Shamela0006140,19,187,546,266,91
507,1205,1409,Sham19Y0014309,2196,208,653,137,39
507,12,353,ShamAY0033531,90,607,842,175,63
507,1310,1556,Sham19Y0013223,1501,183,412,181,88
507,1196,1339,Shamela0009823,658,1314,1526,105,61
507,1196,1556,Sham19Y0013252,908,121,507,155,42
507,1224,1470,Sham19Y0122257,353,296,728,158,41
507,1196,1382,Sham19Y0013605,545,1199,1361,122,77
508,306,1037,Sham19Y0017350,71,385,1239,328,37
508,659,982,Sham19Y0013769,151,1276,1584,233,89
508,13,361,Shamela0008176,624,939,1181,163,56
508,114,365,Sham19Y0017747,118,1,288,196,86
508,1128,1460,Sham19Y0017747,128,1088,1349,184,64
508,129,341,Shamela0008540,188,1327,1527,140,82
508,482,1004,Shamela0008540,189,26,512,380,89
508,482,1004,Shamela0005756,1412,211,643,340,80
508,203,1037,Shamela0005064,13,809,1416,423,63
508,110,361,Sham19Y0014309,2196,286,582,180,73
508,516,659,Sham19Y0013253,204,74,229,107,83
508,499,1004,Sham19Y0122406,458,696,1242,336,72
508,129,361,ShamAY0033531,90,1077,1313,175,94
508,129,351,ShamAY0033531,742,1247,1466,169,95
508,203,346,Sham19Y0150639,41,1347,1490,110,98
508,420,1037,Sham19Y0150639,42,16,634,494,98
508,129,361,Shamela0009823,659,181,549,151,50
508,691,1020,Sham19Y0013252,909,7,333,243,91
508,462,659,Shamela0009242,218,87,268,136,82
508,13,494,Sham19Y0122257,353,728,1026,212,54
508,129,540,Sham19Y0013605,545,1396,1641,192,58
508,540,1004,Sham19Y0013605,546,1,446,340,91
509,311,431,Sham19Y0013667,235,1299,1427,95,92
509,251,431,Sham19Y0127656,45,1160,1351,115,75
509,363,541,Shamela0026568,983,1,350,129,45
509,311,445,Shamela0026884,603,1340,1476,96,84
509,247,541,Shamela0023685,1157,1027,1468,176,44
509,311,457,Sham19Y0018144,691,1324,1464,105,89
509,1091,1249,Sham19Y0013605,546,917,1478,122,27
510,1336,1557,Shamela0007562,74,1004,1215,141,80
510,1312,1557,Sham19Y0017350,72,525,852,152,56
510,1399,1557,Sham19Y0013769,153,380,536,121,96
510,1336,1542,Shamela0008176,622,1281,1442,116,68
510,514,733,Sham19Y0131521,414,1031,1308,169,71
510,1393,1535,Shamela0000894,4420,1418,1559,111,99
510,65,300,Shia001831Vols,160,581,800,141,71
510,1362,1519,Shia001831Vols,160,800,958,115,90
510,1393,1557,Shamela0000140,347,104,257,117,89
510,604,894,Shamela0000140,1551,1,205,171,70
510,1331,1557,JK000201,553,958,1167,165,92
510,59,409,Sham19Y0122406,456,956,1265,217,77
510,1393,1557,Sham19Y0018272,1396,632,796,129,98
510,949,1393,ShamAY0034383,556,297,689,124,25
510,949,1393,Sham19Y0020638,139,35,634,123,19
510,197,463,Sham19Y0013252,910,424,1100,154,28
510,595,968,Sham19Y0013252,911,959,1364,263,73
510,1331,1542,Sham19Y0122257,352,956,1126,126,73
510,600,894,Sham19Y0013605,547,307,525,169,69
510,949,1393,Shamela0009279,10,902,1299,126,26
510,1393,1557,Shamela0009279,30,28,190,128,98
510,949,1393,Shamela0010517,2747,878,1270,124,24
511,809,1151,Shamela0007562,74,1225,1510,217,77
511,168,370,Shamela0012415,161,385,523,107,66
511,446,767,Shamela0021629,345,1101,1374,90,23
511,809,1352,Sham19Y0017350,72,991,1548,374,83
511,1243,1481,Sham19Y0148486,175,323,539,151,77
511,1243,1481,Shamela0011569,104,690,919,161,80
511,1243,1485,ShamAY0033975,233,219,413,145,75
511,772,1352,Shia000841Vols,3126,396,1031,351,59
511,809,1226,Shamela0029677,1983,901,1123,158,44
511,1243,1489,Shamela0001727,150,919,1154,181,92
511,168,622,Shamela0001727,150,266,784,182,32
511,168,370,JK000916,18022,527,665,107,66
511,168,370,Shamela0003118,5230,856,993,106,65
511,818,1028,Shamela0021599,1764,1327,1530,153,85
511,1028,1226,Shamela0021599,1765,4,182,127,79
511,256,925,Shamela0005756,1426,1239,1574,257,46
511,925,1237,Shamela0005756,1427,1,323,219,79
511,1,162,Shamela0000894,4421,23,184,130,100
511,256,370,Sham19Y0122256,607,1005,1119,92,100
511,803,1355,Shia001831Vols,160,1005,1496,289,59
511,809,1215,Shamela0000140,346,532,861,235,70
511,1073,1481,ShamAY0033522,58,322,694,155,40
511,242,370,JK000201,553,879,1005,98,96
511,1243,1481,Shamela0004289,312,340,565,177,94
511,168,370,Shamela0004289,356,229,367,107,66
511,1073,1226,Shamela0021597,395,64,217,119,96
511,1243,1489,Sham19Y0122406,456,663,898,181,92
511,168,622,Sham19Y0122406,456,11,528,181,32
511,256,370,Shia002265Vols,2214,936,1045,85,90
511,813,1226,Sham19Y0017090,22,440,824,296,86
511,168,629,Sham19Y0132524,313,303,750,178,35
511,1243,1481,Sham19Y0018144,364,738,940,155,82
511,256,370,Shamela0036446,110,445,559,92,100
511,1267,1481,Shamela0025800,1870,517,671,121,71
511,1256,1481,Sham19Y0017729,67,620,837,116,61
511,168,370,Shamela0095735,214,1172,1309,108,66
511,168,370,Sham19Y0132415,1046,1170,1395,115,53
511,809,1226,Sham19Y0018272,1396,806,1165,270,79
511,803,1226,Sham19Y0018272,1937,708,1073,246,71
511,168,370,ShamAY0034383,556,536,674,107,66
511,7,151,ShamAY0034383,559,1012,1156,116,100
511,168,622,Sham19Y0020638,139,481,948,174,33
511,1256,1489,Sham19Y0020638,140,770,940,128,69
511,168,370,Sham19Y0013223,178,1320,1458,107,66
511,1077,1237,Sham19Y0013223,1501,1,160,127,99
511,187,1218,Sham19Y0013252,911,66,717,487,58
511,759,1160,Masaha001946Vols,1217,1136,1421,200,59
511,256,370,Shamela0000551,134,738,852,92,100
511,1073,1226,Shamela0000551,140,1035,1188,119,96
511,168,370,ShamAY0032887,1,1057,1199,107,65
511,803,1218,Shamela0021598,2429,138,471,221,64
511,818,1226,Sham19Y0016599,965,1004,1345,242,71
511,168,370,Sham19Y0122257,350,1245,1378,107,65
511,256,370,Sham19Y0014119,90,934,1048,92,100
511,168,370,Shamela0010443,239,54,191,108,66
511,168,370,Sham19Y0148271,1593,540,678,107,66
511,168,370,Shamela0008360,53,432,565,107,65
511,242,370,Sham19Y0018100,708,118,279,103,79
511,256,370,Shamela0022720,15,734,856,92,93
511,168,370,Shamela0021537,3175,988,1126,107,66
511,168,370,Shamela0009279,10,1146,1284,107,66
511,7,151,Shamela0009279,20,1188,1332,116,100
511,168,370,Shamela0009279,24,188,325,108,66
511,1,162,Shamela0009279,30,190,361,130,94
511,35,151,Shamela0010517,210,1,117,93,100
511,168,370,Shamela0010517,2690,82,220,107,66
511,7,151,Shamela0010517,2693,612,756,116,100
511,168,370,Shamela0010517,2747,1117,1255,107,66
511,7,151,Shamela0010517,2751,97,241,116,100
512,645,869,Shia000841Vols,435,1290,1489,124,64
512,861,1426,Sham19Y0013253,202,479,875,218,45
512,901,1141,Sham19Y0122406,458,1271,1447,91,41
512,1168,1426,Sham19Y0122406,459,1,143,103,49
512,1076,1426,Sham19Y0132524,307,762,959,141,51
512,973,1454,Sham19Y0037618,297,1,480,382,99
512,141,288,Sham19Y0017729,515,1002,1125,100,83
512,787,1141,Shamela0009567,71,1107,1426,145,42
512,901,1433,Sham19Y0013252,523,1010,1247,122,28
512,823,1437,Shamela0021474,44,139,532,224,42
513,50,396,JK009390,4739,762,981,113,37
513,50,396,JK000977,252,489,736,122,38
513,50,427,JK000786,703,1001,1289,140,43
513,50,396,Sham19Y0013572,133,738,983,127,41
513,50,396,Sham19Y0127677,3558,113,351,126,40
513,50,396,Sham19Y0127677,10253,909,1148,124,40
513,50,396,Sham19Y0127677,17444,1187,1425,126,40
513,67,696,Shia001831Vols,161,326,517,145,29
513,293,396,Sham19Y0122406,457,69,168,78,96
513,50,396,Shia002265Vols,2438,1034,1272,126,40
513,50,396,Shamela0001438,5402,1214,1452,126,40
513,293,396,Kraken230110004547,464,946,1048,78,93
513,50,239,Sham19Y0013631,2739,305,469,107,68
513,50,396,Shamela0025800,2598,755,999,129,42
513,50,396,Sham19Y0020638,139,1010,1249,126,40
513,50,396,JK007065,61,1001,1242,127,40
513,54,396,Sham19Y0148271,1593,1,234,123,40
513,50,396,Shamela0009279,11,796,1034,126,40
514,1125,1457,Sham19Y0148486,174,610,991,171,56
514,184,334,JK000977,253,547,822,103,49
514,184,334,Shamela0001727,151,819,1041,108,63
514,1096,1304,Shamela0001727,152,533,748,146,81
514,218,334,Shamela0012750,581,463,579,91,100
514,218,334,ShamAY0033910,175,533,649,91,100
514,1096,1283,Sham19Y0127677,10424,1250,1460,133,80
514,218,334,Sham19Y0127677,11294,812,928,91,100
514,218,334,JK000130,176,1080,1196,91,100
514,1136,1449,JK000201,154,1012,1360,196,70
514,1114,1304,Shamela0004289,310,184,372,127,77
514,184,334,Shamela0004289,356,625,849,108,62
514,184,334,Sham19Y0122406,458,129,351,108,63
514,1114,1304,Sham19Y0122406,459,919,1116,131,79
514,1125,1449,Sham19Y0018144,354,81,554,150,40
514,218,334,Sham19Y0018144,552,386,502,91,100
514,218,334,ShamAY0034005,213,786,902,91,100
514,218,334,JK000475,190,1164,1280,91,100
514,218,334,Sham19Y0146127,76,472,586,89,98
514,1121,1304,Sham19Y0016599,272,484,675,126,81
515,845,1028,JK000201,154,608,801,134,89
515,1,432,Sham19Y0016599,1359,240,671,340,99
515,17,565,Sham19Y0150962,46,1170,1344,125,28
516,362,682,JK000201,155,130,453,238,95
516,1141,1329,Sham19Y0018144,3416,901,1406,126,31
516,362,825,Sham19Y0150962,812,807,1244,326,89
517,1027,1421,Shamela0008176,626,944,1465,263,55
517,31,448,ShamAY0033975,302,520,718,99,26
517,98,305,Shamela0008540,262,1251,1506,160,73
517,613,780,Shamela0008540,263,1325,1489,120,86
517,424,613,Sham19Y0131521,414,1376,1573,122,70
517,618,1109,Sham19Y0131521,415,493,1383,313,43
517,41,448,Shamela0001727,152,748,938,100,27
517,1150,1378,Shamela0009810,223,60,284,168,85
517,41,448,Sham19Y0127677,10425,18,208,100,27
517,41,1088,Sham19Y0014309,2188,480,1429,503,50
517,1468,1582,JK000201,110,1,115,91,100
517,41,448,Shamela0004289,310,372,562,100,27
517,41,448,Shamela0023628,969,873,1063,100,27
517,41,448,Sham19Y0122406,459,1116,1306,100,27
517,41,448,Sham19Y0132524,316,10,200,100,27
517,41,510,Shamela0001875,387,1120,1379,121,29
517,94,775,ShamAY0033531,158,226,1414,429,42
517,110,243,Sham19Y0018144,3414,1008,1141,110,100
517,466,613,Sham19Y0150639,65,1079,1222,109,89
517,904,1448,Sham19Y0013223,1513,763,1165,296,67
517,36,1367,Sham19Y0016599,276,509,1534,728,65
517,31,448,Sham19Y0017616,53,826,1024,99,26
517,1198,1421,Sham19Y0122257,355,1,220,171,91
517,89,613,Sham19Y0014601,454,453,1284,350,48
517,618,1109,Sham19Y0014601,455,82,847,242,34
518,864,1533,Sham19Y0013769,160,1097,1305,160,29
518,1259,1386,Sham19Y0019188,116,296,428,99,96
518,859,1224,Shia000841Vols,392,1033,1410,193,53
518,145,1218,ShamIbadiyya0000185,4586,124,463,94,10
518,145,1218,Shamela0001727,153,261,600,94,10
518,145,1218,Shamela0005922,285,433,772,94,10
518,1,1029,JK000201,110,115,621,276,32
518,155,1175,Kraken230110004547,311,282,955,144,13
518,145,1074,JK007107,14,710,1246,121,13
518,1259,1386,Shamela0008463,101,215,347,99,96
518,864,1333,Shamela0009242,35,1115,1492,270,73
518,1333,1548,Shamela0009242,36,1,228,136,68
518,145,938,Sham19Y0017616,49,1206,1374,103,15
518,1054,1317,JK007065,411,449,857,129,37
518,1250,1386,Sham19Y0018100,716,118,745,94,19
518,864,1070,Sham19Y0018100,738,1377,1585,163,98
518,1070,1548,Sham19Y0018100,739,1,489,369,92
519,1,298,Sham19Y0013769,160,1312,1457,102,42
519,864,1044,Sham19Y0017747,121,1305,1475,123,77
519,1044,1207,Sham19Y0017747,122,1,148,112,86
519,330,887,Shamela0008540,197,1013,1461,325,71
519,893,1328,Shamela0008540,198,10,177,122,34
519,319,893,Zaydiyya0000260,119,422,935,80,11
519,1363,1550,Sham19Y0122406,464,118,493,126,41
519,1,205,Shamela0009242,36,228,426,156,90
519,1,216,Sham19Y0018100,739,489,699,165,90
519,371,854,Sham19Y0013605,592,170,530,250,63
520,985,1245,JK000201,124,1268,1519,143,66
520,985,1286,ShamAY0033531,109,407,713,169,63
520,1055,1280,Sham19Y0014601,354,339,559,156,86
520,1112,1280,Sham19Y0150962,805,1402,1573,134,98
521,405,891,Sham19Y0013769,108,117,494,275,70
521,932,1200,Shamela0008540,218,984,1325,152,49
521,417,650,Sham19Y0017437,63,813,1036,108,43
521,157,360,Sham19Y0017437,64,1316,1514,140,77
521,185,387,ShamAY0033522,43,74,277,149,89
521,185,366,Sham19Y0122406,465,1021,1188,125,86
521,405,675,Sham19Y0014224,26,1368,1593,155,72
521,675,951,Sham19Y0014224,27,1,262,176,78
521,387,951,Sham19Y0013252,914,339,697,191,42
521,24,462,Shamela0011036,222,751,1110,180,42
521,191,387,Shamela0000551,94,1069,1260,133,81
521,1049,1230,Sham19Y0013605,548,1042,1402,131,45
521,405,911,Sham19Y0013605,549,579,956,286,69
522,792,1581,Shamela0008176,735,1349,1603,156,25
522,103,664,Sham19Y0017747,125,821,1295,366,80
522,240,653,Shamela0021590,65,716,1050,258,76
522,310,659,Shamela0021715,5200,862,1160,222,76
522,1511,1616,Shamela0009810,218,932,1037,84,100
522,1511,1616,Sham19Y0127677,17571,922,1027,84,100
522,310,653,Shia001831Vols,162,346,567,151,53
522,70,547,Sham19Y0122406,466,1014,1298,213,55
522,806,1060,ShamAY0033531,82,1229,1494,182,86
522,91,240,Sham19Y0017729,514,571,718,118,97
522,981,1197,Sham19Y0014224,24,1178,1408,125,62
522,809,1197,Shamela0009242,257,517,1163,266,50
522,42,653,Sham19Y0020590,35,136,727,310,53
522,1016,1197,Shamela0007264,24,12,419,123,37
522,244,653,Sham19Y0122257,397,984,1340,246,68
522,818,1616,Sham19Y0122257,400,1,295,200,30
522,796,1608,Sham19Y0014601,309,323,568,159,24
522,1250,1410,Sham19Y0018100,1385,559,732,132,92
522,664,871,Shamela0000791,76,1404,1641,131,59
522,871,1616,Shamela0000791,77,1,608,486,80
523,138,343,JK007083,9,516,889,133,46
523,138,314,ShamAY0033177,182,843,1217,116,39
523,138,314,Shamela0007891,178,1087,1427,126,47
523,138,314,Sham19Y0148486,176,563,907,126,47
523,133,309,Shamela0021744,27,1165,1502,126,48
523,138,314,ShamAY0033975,184,147,491,126,47
523,138,367,Shia000841Vols,423,1104,1385,171,76
523,133,314,JK000299,25,504,846,130,49
523,138,314,Shamela0008540,212,1089,1420,126,48
523,130,314,Shamela0011428,53,329,674,132,49
523,138,314,Sham19Y0131521,361,249,593,126,47
523,413,1024,Shamela0001727,155,356,854,132,22
523,130,314,Shia002240Vols,17,1183,1413,119,62
523,138,314,Shamela0117359,92,284,629,126,47
523,130,314,Shamela0000427BK2,3093,1067,1410,131,49
523,985,1190,Shia001831Vols,162,670,875,127,72
523,130,314,ShamAY0033181,20,567,797,122,63
523,178,343,Shamela0023628,968,1063,1346,108,49
523,7,314,Sham19Y0038171,293,327,756,141,33
523,138,296,Shamela0001875,140,1127,1449,112,45
523,138,314,JK007107,18,1156,1500,126,47
523,138,343,Shia003732Vols,3930,1057,1458,133,42
523,130,314,Sham19Y0014224,24,968,1152,142,100
523,138,314,Sham19Y0131336,87,450,794,126,47
523,7,378,Sham19Y0013223,1513,58,305,193,65
523,178,334,Shamela0008544,249,959,1200,80,35
523,133,314,Tafsir06049,2040,725,1005,106,45
523,138,314,ShamAY0034198,349,582,917,126,48
523,1,367,Sham19Y0122257,400,295,639,226,78
523,146,314,Sham19Y0014601,379,625,957,111,42
523,178,314,Sham19Y0013783,97,179,354,106,77
523,138,314,Sham19Y0022884,22,352,678,126,50
523,1,378,Shamela0000791,77,608,985,297,99
524,527,1026,Sham19Y0131521,310,219,649,313,74
524,1399,1540,Sham19Y0018144,3465,806,947,115,100
524,1403,1554,ShamAY0035950,544,769,899,92,75
524,614,968,Sham19Y0150639,39,313,652,224,69
525,1309,1540,Shamela0012415,20,753,983,175,94
525,1328,1540,Sham19Y0148486,179,5,213,162,97
525,1328,1540,ShamAY0035035,750,1163,1374,155,88
525,1313,1540,JK009390,123,982,1214,170,93
525,616,1337,Sham19Y0017747,147,702,1105,182,28
525,1309,1540,Shia002616Vols,2093,536,768,178,96
525,1309,1540,Shamela0012227BK2,81,172,391,171,94
525,1309,1540,Shamela0021821,458,738,971,179,97
525,766,1034,Shamela0008540,271,466,710,185,83
525,156,1034,Sham19Y0131521,420,633,1091,331,45
525,1273,1511,Shamela0001727,156,1049,1438,181,59
525,116,257,Shamela0001727,156,806,1045,107,55
525,1273,1497,Sham19Y0122401,770,1159,1406,154,72
525,1395,1540,Shia002702Vols,2335,1,142,109,95
525,1309,1482,ShamIbadiyya0000155,20,1240,1382,109,79
525,1309,1540,Sham19Y0013572,1353,697,931,178,95
525,1309,1540,Shamela0012014,45,1091,1325,180,97
525,1309,1540,Shamela0012014,243,381,616,180,97
525,1328,1540,Sham19Y0127677,187,86,297,165,99
525,1309,1540,Shamela0000894,4420,581,812,180,99
525,1313,1540,Kraken230106005528,689,1255,1492,165,87
525,1323,1540,Tafsir09084,692,1,218,166,95
525,1309,1540,Sham19Y0014309,2189,540,769,175,95
525,1328,1540,JK000170,21,880,1083,157,95
525,1309,1540,JK001429,1,663,894,180,99
525,1309,1540,Shamela0010922,3,14,244,177,96
525,1309,1537,ShamAY0033741,19,615,835,172,95
525,1436,1540,Shamela0000140,345,707,828,80,84
525,1436,1540,Shamela0000140,1552,1383,1486,80,99
525,1309,1517,JK007063,525,706,922,159,91
525,1309,1457,Shamela0004289,315,1268,1420,116,97
525,1416,1540,Shamela0023628,970,1,124,95,99
525,1313,1540,Shamela0001975,77,185,414,170,94
525,116,257,Sham19Y0122406,471,956,1195,107,55
525,1309,1540,Sham19Y0122406,472,138,373,180,97
525,1328,1540,Shia002265Vols,2903,1279,1490,165,99
525,1309,1540,JK009324,150,877,1063,131,68
525,1430,1540,Sham19Y0145212,379,1262,1370,81,95
525,1309,1540,Shamela0010463,543,1094,1325,177,95
525,1328,1537,Shia002264,34,475,683,163,99
525,1430,1540,Shamela0008473,1524,1,106,82,95
525,1370,1540,Sham19Y0132524,315,331,501,131,98
525,1328,1540,Sham19Y0038171,299,399,612,165,98
525,1309,1540,Shamela0001875,148,85,321,180,97
525,1318,1540,Shamela0001438,362,830,1053,170,96
525,1049,1268,ShamAY0033531,162,527,738,162,89
525,1313,1540,Kraken230110004547,462,1091,1316,169,93
525,1328,1540,Shamela0036446,72,1000,1212,165,99
525,1313,1540,ShamAY0035990,113,348,757,168,52
525,1309,1540,Shamela0025800,2591,604,835,177,95
525,1323,1540,Sham19Y0017791,161,1061,1272,162,95
525,1410,1540,Sham19Y0017791,162,1,216,91,53
525,1309,1517,Shamela0095735,804,535,747,162,97
525,1328,1540,Shamela0021659,70,1047,1260,165,98
525,1309,1540,Sham19Y0020638,144,130,365,180,97
525,1309,1540,Sham19Y0013223,120,740,975,180,97
525,1309,1540,ShamAY0034403,416,954,1200,174,87
525,1309,1540,Meshkat00042485,2373,728,960,180,98
525,1385,1540,Sham19Y0146127,75,1,152,117,96
525,1313,1540,Sham19Y0016976,265,765,985,167,94
525,1309,1517,Sham19Y0016599,31,593,805,156,90
525,1309,1537,Sham19Y0016599,220,239,459,152,78
525,1328,1540,Shamela0009242,224,614,822,161,96
525,1273,1540,Sham19Y0017616,49,47,343,201,85
525,1328,1540,Shamela0021589,319,92,298,161,97
525,1309,1540,JK007065,1086,720,954,180,97
525,1309,1540,Tafsir07076,3064,69,299,179,98
525,1377,1540,Tafsir06049,2041,1,175,123,88
525,1309,1482,Sham19Y0017798,651,1355,1533,136,97
525,1309,1540,Sham19Y0122257,349,1180,1411,180,99
525,1313,1540,Sham19Y0014119,90,609,830,167,93
525,1309,1540,Sham19Y0017063,109,1123,1349,176,96
525,1309,1540,Rafed0003902Vols,4901,1323,1559,180,94
525,1309,1540,Shamela0008360,53,94,318,174,95
525,1309,1482,ShamIbadiyya0000942,205,1255,1396,108,78
525,116,257,Sham19Y0018100,1469,162,335,108,76
525,1328,1540,Shamela0022720,5,1055,1267,164,98
525,1309,1532,Shamela0009279,11,1186,1414,174,96
526,919,1048,Sham19Y0013667,270,8,125,90,86
526,919,1642,Sham19Y0013769,171,360,741,251,42
526,1,830,Shamela0001727,157,30,398,141,19
526,891,1477,Shamela0005756,1282,521,850,226,45
526,1,358,Sham19Y0014309,2189,769,1156,149,33
526,1,556,Shamela0004289,316,83,213,100,22
526,1,155,Sham19Y0132524,315,501,693,110,71
526,919,1642,Sham19Y0014224,59,190,616,297,50
526,811,1466,Shamela0009242,233,1020,1543,321,56
526,1291,1642,Shamela0009242,234,132,462,260,90
526,866,1062,Sham19Y0020590,38,313,479,121,76
526,787,1642,Sham19Y0018100,877,751,1204,354,50
526,887,1281,Sham19Y0018100,878,1140,1574,314,87
526,891,1642,Sham19Y0013605,500,213,618,288,47
527,470,666,Sham19Y0017350,79,1239,1471,156,82
527,670,1192,Sham19Y0017350,80,1,475,335,72
527,806,1172,Sham19Y0013667,271,288,650,218,68
527,484,620,Sham19Y0013769,170,851,976,102,91
527,818,1172,Sham19Y0013769,173,670,1184,241,52
527,405,666,Shamela0006610,67,56,397,159,55
527,138,342,Shamela0005858BK2,157,801,978,142,85
527,78,331,Sham19Y0016684,171,1211,1494,123,44
527,89,331,Sham19Y0017437,113,576,795,163,83
527,647,1134,Shamela0005756,1284,632,974,197,44
527,837,1172,Shamela0001673,1223,661,1298,145,26
527,463,631,Shamela0005922,201,271,440,134,97
527,855,1158,ShamAY0033522,53,1136,1353,168,66
527,666,1172,Shamela0021677,94,226,499,179,41
527,463,631,Sham19Y0018144,3267,781,949,135,98
527,470,631,Sham19Y0017729,516,104,260,128,96
527,855,1183,Sham19Y0014224,60,1,308,238,87
527,429,666,Sham19Y0018272,873,272,842,129,25
527,429,642,Sham19Y0020638,1592,904,1069,126,70
527,855,983,Shamela0009823,569,885,1148,64,31
527,729,983,Sham19Y0013252,11262,838,1345,146,35
527,647,1172,Shamela0000551,85,473,1144,162,22
527,245,631,Shamela0009242,233,673,1046,228,68
527,661,1311,Sham19Y0020590,38,565,1007,231,41
527,666,1172,Shamela0021642,115,136,407,179,41
527,837,1172,Sham19Y0018176,126,1245,1424,100,35
527,800,1207,Sham19Y0122257,356,564,933,231,64
527,78,331,Sham19Y0014601,1763,1217,1446,170,80
527,98,331,Sham19Y0018100,869,75,585,135,31
527,704,1172,Sham19Y0018100,874,769,1210,258,61
527,859,1158,Shamela0000791,53,507,744,149,58
527,1,1192,Sham19Y0013605,500,618,1244,304,27
528,150,672,Shamela0009918,1222,1,439,314,69
528,47,1080,Shia001932,8,1,1117,469,40
528,845,1014,Shamela0005756,9675,52,204,126,89
528,57,826,Shamela0001673,9867,811,1454,230,28
528,1295,1596,Shamela0000140,1553,80,312,142,50
528,854,1069,ShamAY0033522,54,1248,1450,165,93
528,1,1022,JK000201,3156,607,1603,800,96
528,18,1063,Shamela0023628,3753,1,963,513,49
528,706,1069,Sham19Y0122406,481,295,786,240,56
528,886,1069,Shamela0012399,116,6,231,138,70
528,1,1080,Masaha001864Vols,4259,363,1235,696,78
528,47,1104,Sham19Y0013252,5862,510,1464,457,42
528,726,1069,Shamela0000551,132,1,677,219,37
528,783,1141,Shamela0021589,198,859,1261,156,40
528,1305,1550,Sham19Y0122257,359,1133,1548,153,41
528,1,826,Rafed0002347,222,761,1594,659,94
528,826,1069,Rafed0002347,223,1,236,192,96
528,1,565,ShamAY0033760,841,1294,1583,238,51
528,253,499,Sham19Y0018100,888,1347,1627,190,83
528,499,1094,Sham19Y0018100,889,1,631,473,91
529,957,1260,Shia001831Vols,164,41,314,169,61
529,8,1587,Shamela0000140,1553,312,1545,684,44
529,1,1208,ShamAY0033522,52,753,1435,413,40
529,1151,1587,Sham19Y0122406,478,12,567,261,56
529,17,412,Sham19Y0013223,1499,1230,1472,181,56
529,929,1298,Sham19Y0013223,1500,1,466,228,50
529,134,695,Shamela0000551,127,1,516,226,41
529,84,463,Sham19Y0122257,360,5,351,142,37
530,59,887,Shamela0000140,1554,1,1084,498,53
530,1,644,Sham19Y0122406,478,567,1425,424,58
530,284,510,Sham19Y0132524,321,837,1077,128,56
530,289,443,Zaydiyya0000104,9,1164,1318,113,87
530,332,1168,Sham19Y0013223,1500,502,1136,450,65
530,596,862,Shamela0000551,129,883,1233,127,39
530,955,1495,Sham19Y0018100,897,12,959,402,49
531,254,424,JK007083,11,1220,1404,134,91
531,254,428,Shamela0007891,172,436,614,135,96
531,254,424,ShamAY0038329,774,174,324,117,87
531,254,424,Sham19Y0148486,141,1050,1226,135,96
531,508,689,Sham19Y0148486,6945,349,543,128,76
531,254,424,JK000977,265,1255,1432,131,92
531,254,478,ShamAY0033975,222,211,455,158,79
531,254,424,ShamAY0033691,1,697,871,134,96
531,254,428,Shamela0001727,159,679,858,135,95
531,254,424,Shamela0026389,33,479,659,134,93
531,259,424,Sham19Y0017757,204,398,563,131,100
531,254,424,JK000098,709,464,634,133,96
531,259,424,Shamela0012750,84,441,609,130,97
531,254,424,Shamela0012750,458,165,341,134,95
531,254,424,Sham19Y0013572,1035,377,552,133,96
531,254,424,Shamela0030790,41,900,1073,135,98
531,254,625,Sham19Y0017437,117,245,648,219,63
531,254,424,ShamAY0033910,29,801,971,131,94
531,254,424,Shamela0005922,327,435,595,120,84
531,254,424,JK000130,29,1152,1324,131,93
531,428,1133,Shia001831Vols,164,779,1190,234,38
531,254,381,JK000083,162,1304,1435,100,96
531,254,523,Sham19Y0122406,481,1199,1538,186,64
531,553,1539,Sham19Y0122406,482,6,1587,684,51
531,254,424,Shamela0026668,324,778,959,134,92
531,259,424,Sham19Y0132973,612,1168,1336,130,97
531,254,386,Sham19Y0132524,324,1404,1541,104,96
531,254,424,Shamela0036446,81,223,395,135,98
531,254,424,Shamela0025800,1885,657,834,135,96
531,254,424,Sham19Y0123608,131,850,1029,135,94
531,254,424,Shia001368,155,785,945,120,88
531,254,424,ShamAY0034005,122,1205,1383,131,92
531,254,424,Sham19Y0020638,146,233,408,135,97
531,596,998,Sham19Y0020638,1593,321,575,125,36
531,254,542,Sham19Y0013223,119,688,953,148,62
531,986,1441,Sham19Y0013223,1505,1028,1553,240,45
531,483,629,JK007040,1945,1288,1415,87,71
531,254,424,Sham19Y0146127,55,735,914,134,93
531,259,625,Shamela0012052,553,148,589,276,76
531,254,424,Sham19Y0017616,51,1160,1318,120,85
531,254,424,JK007065,968,1156,1330,135,97
531,254,424,ShamAY0033705,2,229,401,134,97
531,254,424,Sham19Y0018100,871,571,745,134,96
532,534,964,Sham19Y0017350,106,1174,1493,188,55
532,964,1553,Sham19Y0017350,107,169,748,367,68
532,612,1121,Sham19Y0013769,228,602,1257,279,47
532,601,1132,ShamAY0034227,426,172,781,368,74
532,1132,1419,ShamAY0034227,427,1296,1515,166,73
532,633,1159,Sham19Y0017747,111,155,497,252,57
532,612,1043,ShamAY0033975,125,867,1121,155,43
532,601,1127,Shia000841Vols,306,815,1555,215,29
532,1,177,Sham19Y0014309,3263,306,476,137,96
532,17,379,Shia001831Vols,164,1218,1372,117,40
532,1,589,Shamela0000140,1555,1272,1519,166,33
532,619,823,Shamela0000140,1676,1379,1579,157,92
532,823,1096,Shamela0000140,1677,1,272,214,96
532,1,612,JK000201,148,347,842,248,43
532,619,1121,JK000201,3480,906,1339,327,78
532,1,177,Sham19Y0122406,483,52,444,137,42
532,17,154,Sham19Y0132524,325,1129,1278,106,84
532,640,1132,Sham19Y0149697,417,1200,1587,247,58
532,1138,1553,Sham19Y0149697,418,994,1269,205,60
532,633,1177,Sham19Y0016599,157,304,661,176,34
532,612,1121,Shamela0009242,154,79,593,381,87
532,1203,1553,Shamela0009242,155,34,340,204,68
532,619,1116,Sham19Y0018100,510,1080,1570,391,97
532,1135,1553,Sham19Y0018100,520,428,782,198,59
532,633,1177,Sham19Y0013605,681,100,360,166,35
533,1,491,Sham19Y0017350,107,752,1473,352,58
533,680,1078,Sham19Y0017350,108,799,1381,203,39
533,1,491,ShamAY0034227,428,143,618,369,92
533,626,1193,ShamAY0034227,430,1,485,363,77
533,581,1233,Shamela0008176,709,919,1250,157,28
533,145,411,Sham19Y0017747,111,1282,1547,198,88
533,411,1222,Sham19Y0017747,112,1,736,534,78
533,148,491,Shamela0006947,5068,743,982,188,67
533,581,1157,Shia002636,22,698,1328,187,27
533,1,336,Sham19Y0149697,418,1269,1559,140,45
533,802,1000,Sham19Y0149697,419,1324,1519,137,84
533,675,1198,Sham19Y0149697,422,531,970,111,18
533,399,1217,Sham19Y0014224,89,7,1037,375,41
533,301,1428,Sham19Y0013223,1510,1066,1394,214,23
533,1,155,Shamela0011036,234,644,808,115,86
533,961,1217,Shamela0011036,242,432,708,91,30
533,182,456,Sham19Y0016599,158,201,447,186,82
533,1,142,Shamela0009242,155,340,484,106,91
533,155,574,Shamela0009242,155,1123,1635,339,81
533,581,966,Sham19Y0122257,389,239,463,130,42
534,94,423,Sham19Y0013769,230,157,488,161,48
534,239,496,Sham19Y0017747,112,683,906,169,80
534,398,1060,Shamela0001727,160,389,737,146,29
534,239,500,Shamela0000140,1678,833,1020,140,67
534,350,1075,Sham19Y0122406,484,118,553,141,25
534,528,1075,Sham19Y0122406,2924,1114,1423,129,31
534,1244,1427,ShamAY0033531,41,821,971,113,73
534,103,496,Sham19Y0014224,86,1067,1361,202,62
534,1213,1450,Sham19Y0014224,91,851,1132,158,59
534,159,413,Shamela0011036,236,97,492,161,50
534,1121,1472,Sham19Y0016599,160,607,873,156,50
534,67,376,Sham19Y0018100,549,561,1367,245,37
535,849,1015,JK007083,7,521,687,138,100
535,849,1015,Sham19Y0013667,5311,1108,1284,138,94
535,1028,1199,Sham19Y0013769,293,1058,1239,117,79
535,777,1015,ShamAY0035035,859,273,670,178,53
535,12,832,JK000977,268,618,1312,185,19
535,849,1015,ShamAY0033975,165,1071,1247,138,94
535,610,1015,Shamela0002863,151,508,1025,186,34
535,6,386,Shamela0001727,160,1171,1373,93,27
535,849,1019,Shamela0001727,162,182,362,138,92
535,1266,1504,JK011184,775,1129,1361,152,71
535,849,1015,Sham19Y0150676,1962,640,806,138,100
535,1210,1592,ShamAY0034204BK1,83,812,1062,133,43
535,849,1015,Shamela0005756,13552,1106,1282,136,93
535,610,1015,Shamela0012014,267,1057,1453,222,52
535,849,1015,Sham19Y0127677,1537,730,896,138,100
535,729,1015,JK000386,88,317,686,167,50
535,849,1019,Shamela0004473,5993,267,447,138,92
535,849,1050,Shamela0004473,7943,49,262,152,84
535,610,1015,Shia001731Vols,66,455,901,219,46
535,849,1015,ShamIbadiyya0000433,1062,404,596,138,86
535,747,1015,Sham19Y0017903,147,269,1013,174,28
535,849,1015,JK006950,666,1204,1370,138,100
535,747,1019,Shamela0004289,258,278,749,193,49
535,6,386,Shamela0004289,286,1088,1292,86,23
535,6,386,Sham19Y0122406,484,1172,1374,93,27
535,849,1015,Sham19Y0122406,488,347,524,138,93
535,849,1015,Shia002265Vols,2901,1191,1368,138,93
535,795,1015,Zaydiyya0000059,1533,340,626,168,71
535,849,1054,Shamela0008473,469,128,398,159,72
535,747,1075,Shamela0001875,129,515,1102,216,43
535,249,386,Shamela0001875,553,1201,1426,83,43
535,751,1015,Kraken230110004547,199,951,1234,177,75
535,849,1015,JK000381,6360,301,467,138,100
535,629,1015,Shamela0025800,1131,854,1436,196,35
535,12,386,ShamAY0034005,285,837,1017,83,24
535,849,1043,Sham19Y0020638,14,138,377,153,77
535,843,1015,Shamela0011036,246,517,699,140,92
535,849,1015,Shamela0009242,166,571,762,138,86
535,866,1015,Shamela0009242,167,1,175,125,85
535,849,1019,Sham19Y0017616,62,39,220,138,92
535,258,386,JK007065,384,1190,1401,78,44
535,12,386,Sham19Y0014601,218,344,549,84,22
535,849,1015,Sham19Y0148271,2312,268,459,138,86
535,747,1111,Sham19Y0022884,17,1102,1421,171,55
535,849,1015,Sham19Y0018100,603,669,845,138,94
535,914,1406,Shamela0010517,2372,1,389,195,38
536,603,973,Sham19Y0017350,147,64,518,285,75
536,966,1342,Sham19Y0017350,147,920,1367,224,58
536,1342,1617,Sham19Y0017350,148,1,260,199,85
536,1,309,Shamela0008176,5544,952,1150,159,63
536,1401,1572,Shia000841Vols,319,669,839,101,74
536,1136,1560,Shamela0008540,100,1210,1641,279,75
536,366,851,Shamela0008540,104,125,667,211,39
536,1136,1334,Shamela0021715,8995,574,765,125,77
536,1136,1342,Sham19Y0017437,197,1284,1489,165,98
536,1227,1342,Shamela0001673,8875,1,116,92,99
536,989,1342,JK000201,3477,334,679,280,96
536,394,603,JK000201,3478,310,856,156,35
536,1305,1572,Shamela0021660,3779,1020,1534,117,28
536,1136,1342,Zaydiyya0000059,1554,342,545,162,97
536,1136,1342,ShamAY0033531,39,1209,1413,164,98
536,1027,1560,Sham19Y0014224,115,957,1568,319,56
536,141,603,Sham19Y0014224,117,1327,1560,139,37
536,187,379,Sham19Y0013223,1511,254,478,123,59
536,989,1342,Shamela0009242,164,542,893,237,74
536,366,610,Shamela0009242,169,778,1232,169,45
536,610,973,Shamela0009242,173,7,322,197,61
536,129,309,Sham19Y0122257,2550,473,635,129,89
536,984,1136,Sham19Y0018100,638,383,535,127,100
537,103,232,ShamAY0034059,346,1380,1514,103,94
537,33,329,Sham19Y0017350,148,988,1530,213,46
537,398,545,Sham19Y0017350,149,1262,1416,111,88
537,599,863,Sham19Y0013667,5311,123,369,188,85
537,552,799,Sham19Y0013769,296,95,278,135,69
537,997,1704,ShamAY0035955,647,314,1018,564,94
537,148,863,Shamela0008176,716,1,717,245,28
537,103,310,Shamela0008176,5543,476,668,148,87
537,310,599,Shia000841Vols,321,625,1171,175,40
537,1001,1696,Shia000841Vols,323,704,1588,372,40
537,633,1704,Shamela0008540,99,1,1159,745,72
537,329,567,Shamela0008540,100,973,1186,172,88
537,407,545,Sham19Y0131521,228,1441,1561,91,84
537,606,804,Sham19Y0131521,3944,496,683,111,68
537,329,614,Sham19Y0131521,5639,353,632,122,41
537,415,545,Shamela0004473,6465,666,779,85,83
537,1001,1696,Shamela0000140,1683,954,1566,482,81
537,412,545,Zaydiyya0000059,1553,1007,1120,81,78
537,357,545,ShamAY0033531,2992,1363,1538,140,92
537,357,545,ShamAY0033531,4175,1027,1202,140,92
537,579,863,Sham19Y0013631,1770,575,774,137,60
537,44,335,ShamAY0035990,325,1270,1534,187,77
537,968,1510,Sham19Y0013577,8278,1286,1636,240,53
537,86,545,Sham19Y0017791,184,675,1188,255,50
537,44,310,Sham19Y0014224,116,1054,1292,186,82
537,415,574,Sham19Y0014224,117,196,345,119,92
537,968,1704,ShamAY0034251BK3,766,522,998,310,50
537,398,721,Shamela0011036,254,81,413,177,58
537,997,1704,Shamela0011036,258,233,937,563,91
537,44,310,Shamela0009242,165,756,1041,203,86
537,993,1487,Shamela0009242,175,1174,1602,332,81
537,997,1643,Sham19Y0014580,2772,878,1259,273,50
537,96,863,Sham19Y0122257,390,603,1030,283,44
537,993,1704,Sham19Y0018100,631,109,806,566,94
537,103,321,Sham19Y0018100,634,380,674,174,71
537,412,545,Sham19Y0018100,636,1264,1409,103,87
538,1042,1629,JK007083,7,653,1224,186,35
538,1297,1629,JK007054,997,1118,1368,114,44
538,1294,1629,Sham19Y0013769,298,728,862,96,36
538,1259,1629,Sham19Y0148486,273,1057,1455,130,28
538,1297,1629,Shamela0006610,53,270,458,102,34
538,1318,1629,ShamAY0035035,799,1070,1328,108,36
538,1297,1474,Shamela0008176,5545,1134,1506,98,29
538,1294,1408,Shia000841Vols,319,725,839,90,100
538,163,502,Shamela0008540,100,540,963,233,62
538,525,1076,Shamela0008540,101,91,646,395,78
538,525,1149,Sham19Y0131521,229,853,1586,304,47
538,202,372,ShamAY0034204BK1,83,618,793,136,93
538,202,502,Sham19Y0127677,8153,864,1161,193,72
538,1318,1629,Shamela0001673,8880,26,198,94,38
538,314,429,Shamela0004473,6020,1331,1447,91,97
538,518,1056,Shamela0000427BK2,230,542,1027,338,74
538,1294,1408,Shamela0008381,1176,1087,1201,90,100
538,525,1021,Shia001831Vols,165,1114,1605,258,50
538,299,1027,Shamela0000140,1684,67,1048,495,56
538,211,664,JK000201,3481,207,714,325,74
538,1042,1408,Sham19Y0122406,486,679,1147,182,42
538,1297,1629,Shamela0000107,840,665,897,104,37
538,1318,1629,Zaydiyya0000059,1539,940,1225,108,38
538,1318,1629,Sham19Y0038171,304,1,259,106,35
538,561,1149,ShamAY0033531,40,46,547,257,48
538,1301,1408,Shamela0025800,1132,249,407,85,67
538,1314,1629,Shamela0011468BK1,1076,345,485,95,38
538,1259,1629,Sham19Y0146127,124,888,1087,128,44
538,1310,1629,Shamela0011036,256,698,965,110,36
538,234,689,Shamela0009242,167,1273,1643,233,56
538,689,1149,Shamela0009242,168,1,405,288,72
538,1294,1408,Sham19Y0017616,62,620,742,90,93
538,1294,1629,Shamela0005923,884,861,987,85,32
538,1259,1629,Shamela0005923,885,276,676,129,28
538,525,819,Sham19Y0014601,208,548,888,212,70
538,202,1006,Sham19Y0017063,127,860,1379,390,58
538,1318,1629,Sham19Y0017063,1069,1328,1535,95,31
538,1297,1408,Sham19Y0022884,18,1131,1242,88,100
538,502,819,Sham19Y0018100,615,986,1294,207,75
538,305,513,Sham19Y0018100,635,1337,1548,138,72
538,1294,1629,Shamela0021537,3847,359,522,102,38
538,1287,1629,Shamela0021537,6360,135,288,100,37
538,1294,1629,Shamela0010517,2372,1123,1317,116,38
539,1236,1531,Sham19Y0013667,5317,1091,1417,209,77
539,1231,1541,ShamAY0035035,842,466,837,222,72
539,1198,1541,Zaydiyya0000142,3995,127,532,251,73
539,569,1336,Shamela0000894,5785,1053,1349,209,32
539,1021,1198,Shamela0000140,1685,32,209,135,89
539,6,262,JK000201,3483,712,971,189,91
539,38,164,Sham19Y0122406,486,1419,1518,78,78
539,1257,1585,Sham19Y0122406,488,544,860,240,89
539,1236,1488,Sham19Y0013631,1430,683,864,116,50
539,1322,1531,Shamela0011036,258,1,210,163,100
539,22,267,Shamela0009242,166,819,1067,185,90
539,1001,1541,Shamela0009242,167,557,1004,266,60
539,890,1106,Shamela0009242,175,1,236,151,70
539,292,713,Sham19Y0017063,1069,907,1315,195,50
540,957,1217,Sham19Y0020561,1298,652,940,141,47
540,715,1174,Sham19Y0020944,12,296,644,188,50
540,715,943,JK007083,21,63,273,159,88
540,710,938,Sham19Y0123510,1068,797,1005,160,89
540,715,1017,Sham19Y0017350,87,457,750,156,53
540,746,938,Sham19Y0013667,5330,207,339,97,64
540,684,943,Shamela0008176,669,324,537,124,59
540,746,882,JK006897,8,180,316,95,87
540,721,938,Shamela0012293,954,527,717,117,58
540,721,938,Shamela0012293,1091,823,1010,113,56
540,715,938,ShamAY0033975,524,284,480,150,86
540,957,1210,Shia000841Vols,621,586,1299,190,32
540,746,938,Shamela0002863,115,848,1036,147,96
540,710,948,Shamela0011428,265,1165,1352,135,70
540,715,1105,Shamela0011428,620,1190,1511,190,52
540,1267,1599,Sham19Y0131521,158,667,1032,210,64
540,746,938,Shamela0001727,162,701,894,151,99
540,957,1217,Shamela0001727,163,73,878,192,29
540,746,938,Sham19Y0127700,78,1055,1222,131,86
540,684,943,JK000386,47,180,400,157,73
540,957,1217,Shamela0000894,4411,1040,1407,139,37
540,715,938,Shamela0004473,1548,352,575,176,100
540,715,938,Shamela0004473,5240,103,307,160,91
540,768,1210,Shamela0005922,382,1034,1523,179,40
540,630,938,Shamela0005922,409,1158,1442,166,62
540,704,938,JK007049,91,1017,1316,152,59
540,710,943,Kraken220413030809,168,102,313,158,86
540,701,938,Sham19Y0014309,2466,232,474,145,66
540,639,938,Sham19Y0017903,77,492,714,154,64
540,649,938,JK006950,19,172,413,154,61
540,721,938,Zaydiyya0000054,14,799,963,120,67
540,746,938,Shamela0004289,237,1007,1177,132,87
540,1,306,Sham19Y0122406,488,860,1158,225,87
540,746,938,Sham19Y0122406,489,836,1029,151,99
540,1062,1217,Sham19Y0122406,495,249,709,114,30
540,733,1174,Shamela0006227,32,873,1377,191,40
540,684,858,Sham19Y0132524,330,566,709,104,75
540,1,306,Sham19Y0149697,365,95,242,118,47
540,715,1191,Shamela0001875,115,553,973,249,58
540,746,952,Kraken230110004547,310,176,365,137,82
540,649,938,JK000381,5712,166,407,154,61
540,746,1174,Shamela0036446,70,798,1154,154,41
540,639,1217,JK007107,26,487,883,226,46
540,746,938,Shamela0005583,5,54,240,134,85
540,684,885,Shamela0025800,1860,1315,1498,135,85
540,746,938,Sham19Y0123608,153,842,1015,131,85
540,639,952,Sham19Y0017729,57,1081,1307,150,60
540,701,943,Shamela0010657,194,1216,1485,178,84
540,715,938,Sham19Y0131336,99,739,955,165,94
540,746,1174,Sham19Y0020638,16,689,1133,178,38
540,462,938,Sham19Y0020638,148,672,1137,155,26
540,957,1217,Sham19Y0020638,149,748,1405,188,34
540,710,943,Sham19Y0013252,11299,158,340,131,70
540,746,1118,Sham19Y0146127,83,762,1158,189,55
540,715,938,Sham19Y0016599,109,1314,1513,150,83
540,1008,1217,Sham19Y0017616,47,1,451,113,30
540,684,938,Sham19Y0017616,48,143,396,169,79
540,746,938,Shamela0000782,7,70,269,140,85
540,622,912,Shia002119Vols,115,392,646,124,50
540,746,948,JK007065,1142,909,1092,142,89
540,797,952,Sham19Y0011194,56,1,156,114,93
540,879,1042,Shamela0022644,244,155,408,108,53
540,326,456,Shamela0021537,5716,699,827,105,98
541,1061,1586,Sham19Y0017350,87,853,1340,349,80
541,214,976,Shia000841Vols,621,12,532,314,47
541,116,731,Sham19Y0131521,158,1281,1572,188,37
541,568,1219,Shamela0005756,1347,257,618,164,29
541,195,556,JK000201,52,1369,1660,231,78
541,556,1673,JK000201,53,1,949,643,63
541,534,805,ShamIbadiyya0000219,14,731,1084,144,42
541,1067,1235,Sham19Y0016599,64,1206,1374,133,93
541,311,934,Shamela0009242,115,1074,1467,209,42
541,898,1368,Shamela0009242,116,23,925,215,26
541,668,1244,Sham19Y0013605,521,1120,1489,259,53
542,110,480,Shamela0021848BK1,91,582,1036,209,52
542,115,466,Sham19Y0020944,12,1106,1414,198,71
542,257,466,JK007064,58,719,919,141,81
542,291,466,Shamela0007891,148,1137,1293,114,83
542,321,466,Sham19Y0123510,654,1,140,105,93
542,307,466,Shamela0012415,13,1,159,124,99
542,133,983,Sham19Y0017350,88,1,840,627,89
542,1118,1628,Sham19Y0013769,199,962,1367,276,65
542,257,480,Sham19Y0019188,76,231,438,156,88
542,110,466,Sham19Y0016546,1916,446,642,133,47
542,257,480,Shamela0008176,707,482,701,161,86
542,257,879,Sham19Y0017747,194,872,1236,268,53
542,1161,1547,Sham19Y0017747,195,177,448,173,53
542,257,423,Shamela0026324,2679,1148,1319,112,75
542,279,452,Shamela0001717,124,1391,1547,115,86
542,257,475,Shamela0021744,464,369,549,138,80
542,257,480,Shamela0001719,198,598,801,156,89
542,257,480,ShamAY0033975,531,1175,1388,161,91
542,1130,1600,Shia000841Vols,619,177,570,241,56
542,18,362,Shia000841Vols,621,1167,1612,182,44
542,362,480,Shia000841Vols,622,1,118,91,99
542,257,475,JK000299,395,1142,1322,138,79
542,257,475,Shamela0002863,109,1100,1305,153,86
542,212,475,Shamela0011428,624,833,1065,149,70
542,115,452,Sham19Y0131521,157,1163,1519,195,63
542,123,466,Sham19Y0127660,230,440,726,181,65
542,123,480,ShamAY0034263,16,591,1023,209,57
542,257,466,Sham19Y0017437,128,601,809,157,94
542,257,466,Shamela0005756,1357,747,942,132,79
542,257,466,JK000386,46,74,245,132,79
542,257,466,Shamela0005064,34,1249,1442,151,91
542,115,466,Shamela0117359,67,1072,1442,206,64
542,257,480,Kraken230106005528,683,1257,1489,170,92
542,207,475,Shamela0005922,423,1300,1487,122,57
542,35,480,Shamela0008381,1161,1,392,205,57
542,257,480,Shamela0022868,36,267,485,158,84
542,115,480,Sham19Y0014309,2165,1175,1509,213,72
542,263,466,Sham19Y0014309,2166,29,251,150,85
542,257,480,Kraken220311165336,120,966,1170,157,89
542,257,544,Shamela0001665,32,286,519,170,75
542,263,466,ShamAY0034249,130,1,189,144,88
542,212,466,ShamAY0033181,129,1182,1384,136,69
542,1,761,JK000201,53,949,1656,553,90
542,257,480,Shamela0021619BK2,49,489,677,141,80
542,257,466,JK000477,34,388,578,149,90
542,123,466,Shamela0006227,31,1223,1496,182,65
542,257,466,JK009324,138,184,379,131,78
542,257,480,Sham19Y0145212,436,317,523,161,91
542,257,480,Shamela0021677,54,408,590,134,77
542,43,466,Shia001989,15,392,819,212,53
542,283,466,Shamela0021735,69,611,804,122,80
542,133,471,Shamela0001875,116,1,589,224,46
542,257,480,Shamela0021693,27,1204,1390,139,78
542,257,498,ShamAY0033945,192,187,385,149,78
542,257,480,Shamela0036446,68,256,430,132,75
542,123,486,JK007107,26,920,1263,203,62
542,115,480,Shamela0025800,1856,691,1142,213,57
542,351,466,Sham19Y0123608,147,1,111,85,95
542,257,480,Shamela0010657,196,293,497,160,91
542,1010,1628,Sham19Y0014224,73,943,1469,374,73
542,257,498,Sham19Y0131336,102,1189,1403,152,80
542,133,466,ShamAY0031687,43,760,1154,177,47
542,257,466,Sham19Y0020591,12,129,322,151,91
542,279,471,Shamela0011468BK1,81,57,215,115,75
542,335,466,Sham19Y0013252,880,1,131,94,90
542,279,466,Sham19Y0017885,144,1096,1253,115,79
542,257,480,Shamela0008463,140,690,900,159,89
542,123,466,Sham19Y0146127,84,333,746,187,55
542,257,480,Sham19Y0016599,77,796,1001,160,90
542,1078,1337,Sham19Y0016599,79,1330,1592,185,82
542,1337,1628,Sham19Y0016599,80,1,292,234,99
542,123,423,Shamela0013048,225,1130,1433,160,62
542,212,466,Shamela0007264,18,269,473,149,74
542,257,466,Shia002119Vols,845,841,1036,134,81
542,133,466,Sham19Y0011194,55,832,1101,171,63
542,257,480,Shamela0021642,64,330,516,139,78
542,123,480,Sham19Y0020699,57,1069,1392,170,57
542,133,475,Shia002088,75,1071,1416,170,51
542,257,449,Sham19Y0014601,117,815,991,138,91
542,340,466,Sham19Y0014601,118,61,296,93,51
542,133,486,Shamela0021731,38,897,1350,195,53
542,115,466,Sham19Y0014032,84,609,1340,221,36
542,335,480,Shamela0008360,64,1,147,112,97
543,1124,1661,Sham19Y0017747,192,408,879,356,81
543,645,863,Sham19Y0017747,195,1098,1416,143,52
543,637,919,Shia000841Vols,620,114,439,151,50
543,1086,1402,Sham19Y0131521,159,141,608,243,64
543,159,1017,Sham19Y0014224,74,5,1077,418,39
543,1324,1488,Sham19Y0014224,79,387,547,122,92
543,413,625,Sham19Y0016599,67,663,875,171,99
543,645,1066,Sham19Y0016599,68,103,442,251,69
543,1,366,Sham19Y0016599,80,292,656,284,94
543,1096,1282,Shamela0009242,118,1300,1463,115,76
543,1082,1661,Shamela0009242,141,787,1391,421,80
543,1082,1312,Sham19Y0014601,108,418,711,161,64
543,645,852,Shamela0011993,69,881,1081,164,95
544,1,363,Sham19Y0017747,192,879,1483,173,30
544,828,1381,Shia000841Vols,643,748,1602,265,33
544,548,996,Sham19Y0016599,119,1081,1528,355,98
544,996,1420,Sham19Y0016599,120,1,475,310,77
544,617,1209,Shamela0009242,118,554,914,215,43
544,1,180,Shamela0009242,141,1391,1554,114,72
544,617,1007,Sham19Y0014601,108,928,1156,135,42
544,464,923,Sham19Y0013605,540,100,393,220,59
545,189,705,Sham19Y0017747,196,976,1270,180,42
545,1133,1599,Shia001831Vols,166,164,533,247,62
545,1333,1554,JK000201,50,22,311,125,52
545,121,304,ShamIbadiyya0000219,22,1,177,137,92
545,1301,1539,ShamAY0033531,6,939,1190,139,62
545,48,512,Sham19Y0016599,119,547,970,279,73
545,523,919,Sham19Y0016599,120,374,701,187,53
545,919,1102,Sham19Y0016599,121,259,442,149,100
545,117,374,Shamela0009242,142,671,898,166,81
545,848,1051,Sham19Y0014601,177,1,212,135,78
546,1109,1502,Sham19Y0013667,5336,713,1323,238,45
546,1096,1502,Shamela0008540,29,901,1391,231,50
546,299,549,Shamela0026878,322,1041,1262,126,60
546,1,765,Shia001831Vols,166,533,930,237,37
546,660,765,Sham19Y0018144,3374,126,231,84,100
546,148,651,ShamAY0034174,3,266,768,279,58
546,115,651,Shamela0008544,69,1125,1529,229,51
547,1,130,Sham19Y0013667,5336,1323,1453,103,98
547,983,1202,Sham19Y0017747,192,103,596,125,31
547,1,130,Shamela0008540,29,1391,1520,104,100
547,1,130,Shamela0005756,1351,496,625,103,99
547,1237,1459,Shamela0001665,39,931,1366,83,20
547,1,139,Sham19Y0013605,522,98,236,101,92
548,108,1171,Sham19Y0017350,77,214,1681,854,70
548,1171,1429,Sham19Y0017350,78,1,330,170,62
548,232,689,Sham19Y0013769,166,56,547,315,70
548,236,579,Shia000841Vols,394,1311,1657,211,64
548,236,774,Shamela0021599,237,667,1193,226,37
548,293,659,Shamela0005756,1467,1,359,295,96
548,847,1349,Shamela0005756,1468,101,358,188,46
548,236,621,Shamela0012014,191,791,1179,199,48
548,236,640,Shamela0000427BK2,158,964,1355,229,57
548,93,689,Kraken220311165336,122,796,1109,185,37
548,93,664,Sham19Y0014556,764,1073,1598,371,77
548,197,689,ShamAY0033531,21,262,747,402,97
548,179,411,ShamAY0033531,2963,1402,1627,175,90
548,411,1349,ShamAY0033531,2964,1,788,477,51
548,179,700,ShamAY0033531,4146,1069,1583,415,95
548,706,1349,ShamAY0033531,4147,118,411,231,43
548,93,600,Sham19Y0014555,888,1275,1605,211,50
548,325,1032,Sham19Y0014224,57,1195,1687,265,41
548,214,1349,Sham19Y0016599,118,817,1480,358,35
548,232,425,Shamela0021589,1751,1,148,118,72
548,201,554,Sham19Y0122257,401,1279,1612,275,93
548,554,799,Sham19Y0122257,402,1,230,186,89
548,197,689,Sham19Y0014601,165,198,878,408,72
548,700,854,Sham19Y0018100,900,698,851,123,98
548,860,1349,Sham19Y0018100,901,433,1147,352,58
548,108,689,Sham19Y0018100,902,857,1439,477,98
549,1319,1435,Sham19Y0013769,204,37,163,90,88
549,326,1136,Sham19Y0017747,190,738,1569,366,44
549,1454,1635,JK000977,276,121,615,127,31
549,1309,1447,ShamAY0033975,537,698,845,102,84
549,312,1146,Shia000841Vols,626,501,1415,336,33
549,466,1125,Shamela0008540,55,881,1509,224,30
549,1381,1635,Shamela0011428,264,1,286,162,64
549,312,721,Shamela0021590,116,711,1064,204,54
549,982,1146,Shamela0021590,117,400,579,129,89
549,1091,1539,Shamela0001727,164,830,1465,206,39
549,919,1132,Sham19Y0014309,2162,441,633,133,76
549,527,935,Shia001831Vols,166,1231,1506,200,59
549,552,1125,Shamela0001442,16,318,775,237,42
549,471,1231,ShamAY0033531,16,1093,1550,242,35
549,992,1303,ShamAY0033531,17,211,484,168,62
549,471,1125,Sham19Y0150639,21,283,846,298,48
549,186,448,Sham19Y0020638,150,710,986,140,60
549,1091,1564,Sham19Y0020638,150,844,1274,215,46
549,1319,1487,Sham19Y0013252,886,120,298,105,69
549,471,1091,Shamela0009242,127,1038,1579,263,43
549,1309,1435,Sham19Y0017616,47,1299,1435,97,87
549,1,171,Sham19Y0023625,302,1043,1213,124,86
549,440,1303,Shamela0000791,60,656,1532,655,87
550,134,1130,Sham19Y0017747,189,137,795,302,30
550,509,1382,Shamela0008540,84,886,1435,330,42
550,127,261,Shamela0021590,114,1287,1456,66,46
550,762,1588,Shamela0005756,1341,390,980,425,61
550,528,1382,Shamela0005756,1665,525,952,249,34
550,140,402,Shia001831Vols,167,6,143,104,47
550,157,1424,Sham19Y0014224,75,1,1452,512,36
550,812,994,Sham19Y0013252,887,217,423,129,76
550,599,1342,Sham19Y0016599,139,290,969,526,84
550,127,739,Sham19Y0020590,47,373,965,194,28
550,748,994,Sham19Y0013605,518,1354,1535,137,68
550,1021,1603,Sham19Y0013605,519,5,430,302,62
551,165,1057,Sham19Y0017350,120,385,1108,412,48
551,456,586,Sham19Y0013769,255,982,1097,91,87
551,485,586,Shia000841Vols,475,1,103,80,99
551,1094,1535,Shamela0008540,242,131,556,315,85
551,1052,1219,Shamela0011446,11,1409,1581,136,95
551,1219,1567,Shamela0011446,12,9,401,260,82
551,1103,1427,Sham19Y0131521,398,18,348,266,98
551,161,586,Shamela0021590,84,419,936,151,30
551,117,586,Shamela0037325,2867,300,624,231,56
551,1084,1427,Shamela0021715,913,1215,1484,127,37
551,1066,1529,Shamela0005756,2350,1008,1453,299,77
551,784,1062,Shamela0006140,45,454,766,172,61
551,1084,1577,Shia001831Vols,167,143,508,131,27
551,1052,1311,JK000201,275,1293,1532,190,87
551,1311,1577,JK000201,276,1,261,120,42
551,59,590,Sham19Y0132524,338,48,674,178,29
551,127,511,ShamAY0033531,135,1241,1563,250,79
551,511,944,ShamAY0033531,136,1,247,160,43
551,1262,1427,ShamAY0033531,141,1,201,118,73
551,926,1540,Sham19Y0014224,98,496,876,166,31
551,59,401,Sham19Y0014224,99,1123,1422,182,62
551,1062,1588,Sham19Y0020638,151,63,327,94,19
551,1066,1427,Sham19Y0013252,1310,676,1167,255,61
551,401,586,Shamela0009242,273,824,987,129,87
551,117,586,Sham19Y0014601,406,1200,1416,140,36
551,117,341,Shamela0000791,89,1276,1498,179,98
551,357,1504,Shamela0000791,90,1,943,724,77
552,95,505,Shamela0007562,51,1187,1558,200,50
552,286,512,Sham19Y0017878,231,1214,1541,121,41
552,531,1035,Sham19Y0017878,232,34,663,317,56
552,1258,1399,Sham19Y0013667,5473,1192,1338,110,94
552,1,1088,Sham19Y0013667,5476,87,1115,561,53
552,1082,1219,ShamAY0033975,516,1147,1269,93,85
552,991,1247,Shia000841Vols,624,399,675,144,64
552,95,910,Shamela0008540,51,871,1611,436,59
552,910,1571,Shamela0008540,52,1,616,445,79
552,1088,1321,Sham19Y0007729,575,719,942,119,55
552,465,1315,Shamela0000427BK2,74,783,1601,498,63
552,1315,1571,Shamela0000427BK2,75,1,263,182,80
552,1056,1417,JK000170,437,1102,1411,195,63
552,991,1228,Sham19Y0145212,432,211,417,129,69
552,1061,1483,Shamela0001875,119,141,448,125,28
552,1082,1192,Shamela0005583,3,857,967,86,99
552,1082,1228,Shamela0025800,1858,1008,1141,101,86
552,403,972,Zaydiyya0000454,161,1240,1581,155,32
552,282,1247,Sham19Y0013252,1012,458,1113,370,42
552,1082,1535,Rafed0002654Vols,481,53,481,179,35
552,1061,1535,Shia004092Vols,754,498,1006,173,29
552,1125,1571,Sham19Y0016599,90,959,1381,230,56
552,139,1035,Sham19Y0016599,98,337,1375,552,57
552,1,277,Shamela0009242,135,45,319,139,50
552,1102,1228,Sham19Y0122257,385,1,119,94,92
552,991,1228,Shamela0008360,62,1261,1477,126,67
552,243,1403,Sham19Y0013605,645,570,1500,289,22
553,370,770,Shamela0007562,52,253,463,151,46
553,142,310,Sham19Y0013667,5474,636,805,124,92
553,370,808,Sham19Y0013667,5476,1136,1559,217,46
553,370,854,Shia000841Vols,625,211,515,222,56
553,15,1114,Shamela0008540,52,616,1538,518,51
553,1114,1545,Shamela0008540,53,1,512,176,40
553,432,1301,Shamela0005756,1692,396,1284,269,27
553,1,339,Shamela0000427BK2,75,263,597,240,85
553,375,783,Sham19Y0013252,1011,1131,1514,180,39
553,844,1266,Sham19Y0013252,1012,62,497,231,61
553,15,339,Sham19Y0013252,1013,1037,1387,235,80
553,83,339,Sham19Y0016599,91,1,257,195,96
553,402,1506,Sham19Y0016599,99,1,1211,603,50
553,681,1158,Sham19Y0013605,646,30,511,284,61
554,1240,1387,Shamela0001733,4127,512,660,114,95
554,980,1387,Sham19Y0013667,509,806,1024,166,51
554,859,1387,Sham19Y0016584,336,206,601,208,41
554,980,1387,Sham19Y0148486,451,328,543,160,49
554,980,1391,JK000977,278,290,514,163,50
554,989,1410,ShamAY0033975,324,1061,1261,146,43
554,1245,1397,Sham19Y0127656,56,450,602,120,98
554,859,1387,JK000110,59,8,398,208,42
554,8,560,Shamela0008540,53,248,1048,301,43
554,980,1387,Shamela0021715,611,447,672,176,54
554,980,1387,Sham19Y0016684,193,122,347,176,54
554,579,734,Shamela0001727,165,1290,1445,118,94
554,973,1410,Shamela0001727,166,43,302,197,56
554,589,734,Sham19Y0013572,348,1,150,117,97
554,579,709,Sham19Y0017437,167,1390,1524,98,90
554,973,1387,Shamela0009810,249,761,999,170,50
554,1226,1387,ShamAY0033910,24,787,940,121,93
554,859,1387,Shamela0005756,1613,86,404,203,47
554,445,734,Shamela0005756,1696,241,761,115,24
554,600,901,Shamela0001673,1362,1027,1179,93,37
554,980,1387,Shia001731Vols,115,80,313,153,44
554,1226,1387,JK000130,24,1049,1202,121,93
554,734,944,Shia001831Vols,167,843,1059,167,96
554,1245,1391,Sham19Y0014827,735,1161,1306,116,99
554,579,734,Shamela0004289,233,622,781,118,91
554,589,729,JK000653,121,530,671,103,88
554,619,1036,Sham19Y0122406,504,314,603,147,44
554,1208,1410,Sham19Y0122406,505,442,648,152,93
554,589,734,Sham19Y0001734,603,605,753,116,96
554,579,704,Sham19Y0132524,336,999,1128,94,90
554,579,734,Kraken230110004547,309,1237,1386,103,75
554,980,1387,Sham19Y0018106,299,765,990,176,54
554,579,815,Shamela0036446,68,775,1055,149,66
554,600,805,JK007107,28,1,269,129,60
554,865,1308,Sham19Y0018103,395,1201,1475,136,34
554,579,734,Shamela0025800,1857,1363,1522,118,91
554,579,734,JK000917,684,575,710,102,81
554,589,709,ShamAY0034005,116,1305,1429,97,96
554,1245,1410,Sham19Y0020638,151,951,1112,129,97
554,579,734,Sham19Y0020638,151,562,721,118,91
554,865,1387,JK000475,23,486,857,194,40
554,980,1387,Shamela0011433,5,519,728,141,41
554,1,233,Sham19Y0013252,1014,534,738,136,68
554,641,815,Sham19Y0146127,91,328,786,110,30
554,980,1387,Sham19Y0146127,217,18,231,163,50
554,1218,1387,Shamela0008544,523,194,368,124,85
554,1,402,Sham19Y0016599,99,1244,1580,244,69
554,402,944,Sham19Y0016599,100,35,1016,409,51
554,579,809,Sham19Y0017616,52,570,872,140,58
554,579,805,JK007065,148,461,731,141,61
554,980,1387,Sham19Y0018176,151,760,985,176,54
554,1226,1387,Sham19Y0013605,617,1059,1220,129,100
554,532,734,Sham19Y0013605,646,511,763,104,44
554,744,939,Sham19Y0013605,648,231,417,144,91
555,376,793,Shamela0005756,1530,377,621,173,48
555,1181,1544,ShamAY0033531,138,1171,1550,280,89
555,1143,1397,Masaha001864Vols,4709,636,890,206,100
555,577,819,Sham19Y0018100,774,883,1127,192,95
555,369,819,Sham19Y0013605,582,1201,1472,220,59
556,959,1114,Sham19Y0013667,201,1143,1296,116,93
556,933,1266,ShamAY0033975,326,954,1387,152,38
556,1114,1275,ShamAY0033975,327,169,362,125,79
556,966,1275,Shamela0011385,2687,750,990,177,73
556,275,1353,Sham19Y0013253,203,74,940,541,58
556,440,1336,Shia001831Vols,167,1169,1547,196,27
556,275,1398,Sham19Y0122406,508,622,1476,533,55
556,1,252,ShamAY0033531,139,11,182,138,67
556,1052,1476,Sham19Y0018144,3482,990,1370,218,56
556,127,245,Sham19Y0014224,100,16,152,95,86
556,933,1319,Sham19Y0016599,495,332,1099,228,36
556,966,1476,Sham19Y0014601,413,120,666,360,76
557,1,183,Sham19Y0123510,1070,652,806,123,84
557,1268,1485,Shamela0012415,24,859,1080,168,93
557,826,1044,Sham19Y0013667,209,951,1225,155,69
557,1268,1485,Sham19Y0148486,1653,792,1012,168,93
557,1268,1485,Shamela0008176,859,1142,1401,156,74
557,1268,1485,JK000977,280,273,491,168,94
557,1268,1485,ShamAY0033975,230,1048,1265,170,95
557,1268,1485,Sham19Y0013614,111,1099,1370,162,73
557,1268,1485,Shamela0002863,82,278,501,169,92
557,593,1229,Shamela0008540,236,510,1095,320,55
557,1281,1504,Shamela0010842,405,1217,1402,128,68
557,665,1133,Sham19Y0131521,392,1,398,309,79
557,1268,1485,Shamela0001727,167,951,1168,170,95
557,1268,1504,Sham19Y0127677,19923,510,739,179,92
557,1268,1485,Sham19Y0017903,207,1033,1250,170,95
557,1268,1485,Shia002218Vols,281,750,966,167,94
557,7,183,JK000201,302,1230,1411,126,87
557,563,1229,JK000201,303,297,932,507,94
557,1268,1485,Shamela0004289,307,510,727,170,95
557,1268,1485,ShamAY0034282,572,82,301,168,94
557,1,364,Sham19Y0122406,509,79,449,263,86
557,1268,1504,Sham19Y0122406,510,501,734,176,91
557,1351,1485,Sham19Y0145212,540,1018,1196,102,71
557,1268,1485,Sham19Y0132524,342,407,624,170,95
557,1268,1485,Shamela0001875,413,1084,1302,169,95
557,1277,1485,Sham19Y0037618,7530,808,1016,162,95
557,1268,1485,Sham19Y0018144,377,492,708,149,76
557,56,183,Sham19Y0018144,3484,183,307,97,97
557,1268,1485,Sham19Y0036114,268,668,885,168,94
557,1268,1485,Sham19Y0131003,646,1163,1380,170,95
557,1268,1504,Shamela0025800,1448,551,781,179,92
557,1268,1478,Sham19Y0017791,218,1292,1556,156,72
557,1268,1485,Sham19Y0017729,109,453,671,169,95
557,1268,1490,Sham19Y0020638,152,782,1002,172,95
557,1268,1485,Sham19Y0146127,844,1077,1297,168,93
557,1268,1490,Sham19Y0016976,322,1093,1370,163,72
557,1268,1485,Shamela0008544,526,524,750,164,88
557,1268,1485,Sham19Y0017616,53,256,473,170,95
557,558,935,Sham19Y0020590,39,1013,1412,196,55
557,1268,1485,JK007065,1182,295,512,170,95
557,1342,1485,Sham19Y0122257,451,100,279,101,66
557,1,183,Sham19Y0014601,413,666,845,143,98
557,1268,1485,Sham19Y0014119,106,860,1131,162,73
557,1268,1485,Sham19Y0017063,152,1100,1363,162,75
557,1268,1485,Rafed0003902Vols,4901,234,445,168,92
557,1307,1485,Shamela0008360,82,1,179,138,95
558,753,986,Shamela0008176,864,728,987,179,85
558,763,995,Shamela0008540,234,924,1120,126,64
558,40,600,Sham19Y0131521,395,1115,1479,160,27
558,1225,1349,Sham19Y0131521,6898,748,872,101,100
558,753,967,Shamela0026568,130,860,1044,148,85
558,753,986,Shamela0023685,154,1118,1334,170,91
558,1,742,ShamAY0033531,137,648,1191,396,66
558,758,990,Sham19Y0150639,60,563,763,150,81
558,826,995,Sham19Y0122257,451,689,862,134,97
558,1,665,Sham19Y0014601,411,1135,1538,259,43
558,665,995,Sham19Y0014601,412,1,280,221,83
559,1,182,Sham19Y0131521,392,473,654,144,98
559,112,597,Shamela0001727,168,139,501,251,64
559,215,560,Sham19Y0127677,19920,405,756,225,72
559,326,597,Shamela0004289,307,1039,1290,196,91
559,41,377,Sham19Y0122406,511,1094,1517,147,34
560,171,362,Sham19Y0020561,1317,1,191,152,97
560,122,362,JK007083,14,760,985,180,92
560,119,362,Kraken220413194022,331,1202,1415,164,83
560,29,350,Shamela0012415,25,421,868,202,52
560,1,362,Sham19Y0148486,458,762,1462,239,40
560,81,362,Sham19Y0148486,459,196,461,187,80
560,37,366,Sham19Y0017747,157,988,1295,201,75
560,171,362,JK000977,281,1,196,145,88
560,122,374,Shia002616Vols,2086,518,755,172,78
560,81,394,Shia002034Vols,1281,739,1025,162,60
560,29,400,ShamAY0033975,351,237,611,249,75
560,81,362,Shamela0002863,223,25,459,136,33
560,61,403,Shamela0025794,277,97,420,221,75
560,122,362,Shamela0011428,217,764,991,183,93
560,1,432,Shamela0001727,168,603,1228,293,56
560,61,327,Sham19Y0020868,265,91,341,198,93
560,171,362,Sham19Y0013572,168,1,188,149,94
560,61,355,Shamela0025782,18,457,729,186,74
560,119,355,Sham19Y0127700,84,671,901,172,87
560,29,442,ShamAY0033910,25,457,859,195,45
560,119,316,Shamela0010639,312,1010,1315,148,61
560,61,362,Sham19Y0127677,9288,1164,1450,224,92
560,99,432,Sham19Y0127677,17583,589,1000,165,45
560,29,432,Sham19Y0127677,17584,618,1511,288,39
560,24,362,Shamela0004473,8268,605,886,209,74
560,61,366,JK000646,2,576,741,110,42
560,122,362,Kraken230106005528,709,1047,1278,151,71
560,122,362,Shamela0005922,605,680,910,182,93
560,122,366,Sham19Y0014309,2257,803,1476,130,21
560,760,1488,Sham19Y0014309,2258,1,1017,537,64
560,61,238,JK000785,89,1267,1422,122,87
560,29,442,JK000130,25,764,1167,195,45
560,99,283,JK000482,265,524,682,102,66
560,119,362,Sham19Y0017903,106,88,316,182,92
560,40,362,JK006950,594,405,637,146,57
560,61,316,Shamela0029863,19,647,922,169,73
560,29,362,Shamela0004289,308,219,599,251,79
560,10,432,Sham19Y0122406,513,661,1281,295,57
560,61,316,ShamAY0038144,3,53,346,177,76
560,223,362,ShamAY0038640,1123,1,141,113,99
560,61,311,ShamAY0032921,126,1267,1485,158,79
560,81,432,Shia002099,36,546,1044,173,36
560,122,362,Sham19Y0132524,341,65,290,180,92
560,119,362,Shamela0001875,151,1081,1323,193,98
560,61,366,Shia002003Vols,203,1155,1330,128,52
560,119,362,Kraken230110004547,315,271,465,152,75
560,40,362,JK000381,6287,964,1196,146,57
560,61,432,Sham19Y0018144,378,1046,1524,248,60
560,81,355,Sham19Y0018144,379,264,888,180,35
560,164,362,Shamela0036446,90,1,198,158,97
560,84,366,Sham19Y0036114,170,1,160,120,53
560,61,366,ShamAY0034569,406,27,192,110,42
560,122,362,JK007107,21,94,315,177,90
560,122,362,Shamela0025800,1909,682,907,180,92
560,119,362,Sham19Y0017729,66,1279,1502,179,90
560,119,362,Kraken211201162527,37,191,418,180,91
560,81,362,ShamAY0034005,129,87,359,187,78
560,1,362,Sham19Y0020638,153,391,740,221,73
560,174,362,Shamela0012703,35,1,188,150,97
560,119,362,JK007036,43,775,1002,178,90
560,18,316,JK000475,24,1008,1287,133,50
560,37,362,Kraken2108092202141,104,152,534,201,63
560,37,400,Sham19Y0146127,220,836,1185,194,55
560,84,432,Sham19Y0016599,467,553,915,227,74
560,29,384,Sham19Y0017616,52,1161,1467,217,72
560,40,362,Shamela0009690,225,780,1050,179,69
560,40,362,JK007065,76,928,1250,205,79
560,122,362,Sham19Y0011194,57,739,978,191,98
560,122,270,Sham19Y0017798,2578,1044,1176,104,88
560,122,316,Sham19Y0017063,152,518,735,137,74
560,29,270,Sham19Y0014032,265,1109,1466,129,37
560,1254,1488,Shamela0000791,92,495,715,163,84
561,489,1229,Sham19Y0020583,659,418,721,170,27
561,469,663,Shamela0008176,647,825,1009,131,83
561,456,663,ShamAY0033975,316,128,340,157,91
561,489,761,Sham19Y0014591,3337,1201,1388,136,63
561,456,663,Sham19Y0014591,3338,292,511,151,82
561,800,1523,Shamela0008540,268,583,973,290,48
561,489,663,Shamela0025794,4360,520,693,99,68
561,489,659,Sham19Y0036110,172,1043,1189,111,79
561,489,663,Shamela0011428,204,478,666,122,81
561,489,663,Shamela0001727,169,66,222,118,86
561,461,663,Sham19Y0127700,84,921,1104,131,78
561,489,663,Shamela0005756,1238,47,217,128,93
561,456,677,Sham19Y0127677,8302,492,856,147,47
561,508,641,Shamela0000427BK2,37,1440,1579,105,95
561,508,663,Sham19Y0017903,88,79,222,112,91
561,456,583,Sham19Y0014827,956,887,1008,89,88
561,663,1535,JK000201,168,465,960,401,56
561,368,663,Sham19Y0122406,514,708,1142,179,48
561,489,663,Sham19Y0145212,395,151,300,117,84
561,461,712,Sham19Y0132524,343,1056,1358,143,54
561,489,663,Shamela0001875,166,725,881,117,85
561,723,1535,ShamAY0033531,161,284,1100,633,94
561,489,712,Kraken230110004547,315,129,322,109,59
561,489,663,Sham19Y0018144,362,932,1326,116,37
561,489,993,Sham19Y0036114,159,1005,1337,158,37
561,489,663,JK007107,19,1285,1461,119,77
561,485,663,Shamela0025800,1907,1037,1213,127,85
561,489,663,Sham19Y0017729,60,883,1031,117,85
561,536,1535,Sham19Y0018272,1480,38,572,400,49
561,489,670,Shia000895Vols,35,132,313,95,63
561,508,1229,Sham19Y0020638,153,789,1165,185,30
561,489,692,Sham19Y0013252,1001,297,494,117,66
561,517,663,Sham19Y0146127,104,109,357,100,50
561,508,663,Shamela0008544,453,597,739,112,91
561,663,1535,Sham19Y0016599,289,42,890,589,75
561,1,174,Sham19Y0016599,479,309,482,135,100
561,461,663,Sham19Y0017616,53,581,778,153,95
561,489,670,Sham19Y0023625,2383,237,393,111,76
561,489,663,JK007065,212,497,645,111,81
561,489,663,Sham19Y0122257,364,781,930,117,84
561,489,663,Sham19Y0014325,122,1048,1195,116,84
561,489,663,Shamela0008360,56,859,1007,116,84
561,663,1535,Shamela0000791,84,187,679,398,55
562,956,1164,Sham19Y0013667,275,1265,1468,124,62
562,23,441,Sham19Y0016584,345,303,980,200,32
562,862,1094,Shamela0008540,268,1113,1320,140,72
562,759,1094,Sham19Y0127700,545,1169,1494,258,94
562,699,931,ShamAY0033531,162,8,241,185,99
562,708,1164,Sham19Y0016599,290,426,908,285,70
562,1,522,Shamela0000791,84,679,1176,390,92
562,159,441,Sham19Y0013605,631,580,839,195,84
563,1026,1306,Sham19Y0013667,129,1294,1520,128,55
563,419,593,Sham19Y0013667,129,622,774,105,76
563,656,867,Sham19Y0013667,130,202,446,154,78
563,284,578,Shia000841Vols,367,577,1028,186,51
563,1212,1585,Shia000841Vols,370,18,399,148,38
563,1103,1383,Shamela0008540,182,1036,1515,178,44
563,419,593,Shamela0008540,182,343,520,115,75
563,328,593,Shamela0005756,1437,505,739,157,67
563,656,836,Shamela0005756,1441,898,1079,144,97
563,836,1111,Shamela0005064,85,720,1088,118,36
563,1103,1383,Shamela0000427BK2,90,1227,1551,172,62
563,440,558,Shia001845Vols,3,92,214,89,90
563,468,1431,ShamAY0033531,88,1,1060,533,49
563,231,558,Sham19Y0014224,26,542,898,156,45
563,1103,1585,Sham19Y0014224,29,33,465,153,30
563,315,593,Shamela0011036,214,81,316,158,66
563,593,1571,Sham19Y0016599,164,207,1622,673,53
563,345,608,Shamela0009242,210,835,1052,137,59
563,250,1097,Sham19Y0020590,35,823,1550,355,46
563,226,1571,Sham19Y0122257,395,285,1136,516,44
563,345,608,Sham19Y0014601,316,910,1116,138,63
563,495,1585,Shamela0000791,69,1,439,345,39
563,419,601,Sham19Y0013605,551,1105,1303,137,87
563,1203,1585,Sham19Y0013605,552,74,218,103,33
564,1093,1514,Sham19Y0017350,43,411,775,286,83
564,1,353,Sham19Y0017350,44,658,1016,265,90
564,895,1262,Sham19Y0013667,128,131,451,227,75
564,1,342,Sham19Y0013667,130,731,1011,199,73
564,531,831,Sham19Y0013769,109,1061,1327,151,54
564,1,342,Sham19Y0013769,111,1160,1512,249,85
564,459,857,Shamela0003055,912,364,511,118,35
564,195,353,Shamela0009918,406,6,146,94,70
564,952,1385,Shia000841Vols,368,1150,1496,186,47
564,555,992,Shia000841Vols,369,269,612,215,60
564,1,353,Shia000841Vols,370,399,760,186,53
564,895,1262,Shamela0008540,181,477,805,246,82
564,867,1482,Shamela0005756,1440,287,595,183,35
564,15,242,Shamela0005756,1441,1454,1625,133,74
564,242,342,Shamela0005756,1442,1,102,79,99
564,895,1262,Shamela0000427BK2,90,377,696,224,75
564,1,255,Shamela0000427BK2,91,1424,1618,136,68
564,440,1514,JK000201,101,1,964,760,87
564,398,649,ShamAY0033531,87,504,734,135,62
564,527,849,Sham19Y0014224,28,76,365,159,52
564,1,104,Sham19Y0013252,915,128,237,77,90
564,394,742,Sham19Y0016599,161,803,1073,194,67
564,1,373,Sham19Y0016599,165,6,364,269,90
564,857,1047,Shamela0009242,209,1160,1352,146,93
564,468,803,Shamela0009242,211,461,730,174,61
564,11,571,Sham19Y0122257,395,1140,1334,143,32
564,867,1069,Sham19Y0014601,316,608,818,160,96
564,468,786,Sham19Y0014601,317,787,1052,174,64
564,1,1262,Shamela0000791,69,439,1515,842,83
564,1262,1514,Shamela0000791,70,1,232,183,90
564,867,1392,Sham19Y0013605,551,1288,1512,145,32
565,553,730,Sham19Y0013667,129,293,475,134,88
565,67,532,Sham19Y0013667,131,1054,1343,143,32
565,75,538,Sham19Y0013769,110,208,647,255,59
565,56,741,Shia000841Vols,369,563,875,179,32
565,561,730,Shamela0008540,182,52,214,127,94
565,56,538,Shamela0008540,183,394,708,197,50
565,1,446,Sham19Y0131521,319,61,452,300,83
565,553,730,Shamela0005756,1440,982,1168,132,86
565,71,553,Sham19Y0014224,29,640,1115,333,84
565,561,730,Sham19Y0016599,164,16,186,132,98
565,566,873,Sham19Y0020590,36,405,658,98,30
565,1066,1374,Sham19Y0122257,306,1309,1566,204,82
566,409,741,ShamAY0033177,486,1,350,191,59
566,868,1002,Sham19Y0013667,111,897,1377,104,27
566,566,741,Sham19Y0013667,137,701,878,135,93
566,599,787,Sham19Y0013667,4801,1,127,93,60
566,864,1002,Sham19Y0013769,125,1070,1217,102,84
566,317,745,ShamAY0034227,256,928,1156,175,50
566,364,741,Shamela0000767,99,1,598,190,34
566,566,759,Sham19Y0148486,425,99,274,122,80
566,317,646,Shamela0006610,26,1191,1526,201,72
566,879,1002,Shamela0023193,574,311,489,87,59
566,850,1002,Sham19Y0017747,65,13,234,113,62
566,566,741,Sham19Y0017747,2499,105,278,138,98
566,570,741,Shamela0001719,3357,159,319,120,83
566,566,741,ShamAY0033975,90,294,469,140,100
566,860,1002,Shia000841Vols,1125,41,585,95,21
566,850,1002,Shamela0008540,134,11,183,113,82
566,570,1236,Shamela0001727,171,1,453,199,28
566,566,783,Shamela0001727,875,932,1338,113,31
566,317,551,Sham19Y0013572,1016,152,372,162,82
566,317,741,ShamAY0033910,11,685,1121,184,41
566,321,741,Sham19Y0127677,305,680,841,115,34
566,336,741,JK000386,15,202,522,121,27
566,566,741,Shamela0011385,2140,1119,1294,140,100
566,566,741,Shamela0030623Vols,57,700,888,125,80
566,336,741,Shamela0005922,141,347,892,108,17
566,302,741,Shamela0006140,71,699,920,172,47
566,317,741,Shamela0000427BK2,422,403,741,186,49
566,317,741,JK000130,11,885,1321,184,41
566,317,741,Sham19Y0017903,143,214,406,133,39
566,317,741,Shamela0004289,253,823,1180,205,59
566,317,731,Sham19Y0122406,518,1131,1522,132,25
566,336,741,Shia002265Vols,2936,974,1330,161,40
566,289,763,Shamela0006227,90,148,730,232,44
566,831,1002,Sham19Y0132524,346,532,844,104,39
566,547,783,Sham19Y0132524,1699,1027,1193,120,64
566,289,741,Shamela0001875,104,1025,1443,196,40
566,860,1002,ShamAY0033531,57,662,804,114,100
566,336,741,Kraken230110004547,308,530,798,177,52
566,476,741,Kraken230110004547,511,141,367,138,65
566,566,741,Sham19Y0018144,343,89,255,120,79
566,284,741,JK007107,33,650,1084,202,48
566,317,741,Shamela0025800,1846,881,1296,198,45
566,575,751,Shamela0025800,2832,1,179,138,97
566,566,745,Sham19Y0123608,61,593,766,134,93
566,317,741,Sham19Y0017729,79,1174,1366,131,39
566,336,741,ShamAY0035950,526,702,1155,203,44
566,336,741,Shia002294Vols,102,1138,1478,130,30
566,317,783,Sham19Y0020638,154,214,834,306,59
566,566,783,Sham19Y0020638,708,881,1033,111,63
566,566,889,ShamAY0034288,7,1003,1213,132,50
566,566,741,ShamAY0034288,41,1148,1323,140,100
566,570,741,JK007036,24,1244,1406,117,82
566,566,741,Sham19Y0146127,203,811,954,110,78
566,566,741,Shamela0011036,305,143,312,135,96
566,604,783,Shamela0011036,1459,1,112,86,59
566,317,787,Shamela0009242,53,823,1261,273,65
566,511,783,Sham19Y0017616,48,953,1250,197,82
566,566,741,JK007065,204,351,526,140,100
566,317,741,Shamela0021743,15,161,720,109,16
566,566,741,Sham19Y0018100,204,976,1149,138,98
567,491,826,Sham19Y0123510,1055,1214,1548,268,99
567,894,1150,ShamIbadiyya0000229,840,437,1003,138,29
567,1193,1574,ShamIbadiyya0000229,845,968,1236,149,46
567,945,1145,Shamela0008540,136,472,685,138,76
567,164,354,Shamela0001727,171,172,350,131,87
567,62,316,Shamela0001727,875,834,1168,174,62
567,894,1055,Shamela0005756,1483,1147,1310,121,90
567,894,1150,Shamela0010664,1253,444,709,197,88
567,575,847,Shamela0006140,71,1073,1392,175,66
567,164,354,Sham19Y0122406,519,11,189,131,87
567,62,311,Sham19Y0122406,2367,945,1274,170,62
567,970,1145,Sham19Y0014601,254,1169,1344,140,97
567,479,1164,Shamela0000791,65,1207,1558,278,49
567,496,1150,Sham19Y0013605,566,385,821,291,52
568,720,902,Shia000841Vols,1122,710,870,121,85
568,548,699,Shamela0008540,140,236,384,122,97
568,902,1093,Shamela0005756,1484,1287,1470,133,84
568,285,694,Shamela0005756,1485,623,926,233,69
568,400,710,JK000201,269,1159,1376,160,62
568,272,994,ShamAY0035990,143,1173,1399,132,21
568,906,1556,Sham19Y0013577,6954,765,1096,226,43
568,710,1550,Sham19Y0014224,41,226,751,302,42
568,894,1556,ShamAY0034251BK3,33,695,1041,234,43
568,400,705,Shamela0011036,310,849,1159,207,80
568,134,699,Shamela0000791,66,1,555,453,96
568,902,1131,Sham19Y0013605,566,1358,1555,145,77
568,1403,1556,Sham19Y0013605,567,11,155,103,81
569,142,313,Sham19Y0017747,67,1286,1445,111,81
569,637,1396,Sham19Y0017747,70,260,1288,471,52
569,196,748,Shia000841Vols,1123,11,631,208,30
569,128,462,Shamela0008540,138,726,1080,262,91
569,821,1233,Shamela0008540,139,1063,1473,198,50
569,1182,1396,Sham19Y0131521,268,1167,1387,174,96
569,824,1147,Sham19Y0131521,268,474,771,183,71
569,931,1163,Shamela0000894,1730,1267,1499,190,100
569,110,309,ShamAY0033531,57,959,1157,153,96
569,372,712,Sham19Y0013577,6954,1096,1343,133,43
569,462,766,Sham19Y0014224,41,756,1053,232,95
569,372,712,ShamAY0034251BK3,33,1041,1288,134,43
569,931,1396,Sham19Y0018610,67,78,522,357,92
570,539,877,Sham19Y0017350,48,377,697,249,91
570,1036,1414,Sham19Y0013667,73,97,420,232,72
570,352,877,Shia003952Vols,89,52,493,205,43
570,715,877,Sham19Y0013769,117,314,467,121,93
570,1036,1480,Sham19Y0013769,119,199,704,293,66
570,352,877,Shamela0008176,689,861,1280,190,41
570,539,877,Shamela0008176,806,544,903,218,71
570,1031,1414,Shamela0008176,808,852,1097,190,61
570,15,225,Sham19Y0017747,70,1326,1529,150,84
570,450,877,Shamela0008540,131,656,1071,189,46
570,547,877,Sham19Y0014299,520,1,316,243,93
570,54,310,Sham19Y0131521,268,1,229,182,89
570,888,1151,Shamela0000432,2708,427,594,129,60
570,683,877,Shamela0005756,1766,1260,1566,136,56
570,1036,1414,Shamela0005756,1769,372,695,231,72
570,361,877,Shamela0005922,389,533,1065,278,51
570,1036,1414,Shamela0000427BK2,300,194,509,227,71
570,34,321,Shamela0006624,771,1156,1421,207,89
570,428,819,Shia001831Vols,168,946,1259,182,55
570,732,883,Sham19Y0150600,33,1369,1526,110,86
570,597,832,Shamela0011036,196,1289,1538,176,84
570,1031,1542,Shamela0011036,201,587,1110,413,96
570,443,1542,Sham19Y0016599,348,11,1091,656,60
570,591,883,Shamela0009242,47,46,502,209,55
570,1031,1487,Shamela0009242,48,454,723,213,56
570,76,268,Shamela0009851,2042,164,344,127,81
570,539,893,Sham19Y0122257,430,1097,1403,225,80
570,1036,1542,Sham19Y0122257,431,934,1257,252,61
570,361,911,Sham19Y0017063,143,647,1209,297,57
570,539,888,Sham19Y0018100,106,444,870,258,72
570,732,877,Sham19Y0013605,667,54,204,112,92
571,106,601,Sham19Y0013667,73,420,572,114,28
571,118,1176,Sham19Y0013769,119,466,1315,277,24
571,1,353,Shamela0008176,808,1128,1451,198,62
571,1214,1404,Shamela0001727,171,1024,1370,149,53
571,281,886,Shamela0000432,2708,566,858,229,47
571,106,601,Shamela0005756,1769,695,841,114,28
571,1214,1505,Sham19Y0127677,14344,632,1060,164,44
571,111,601,Shamela0000427BK2,300,531,672,110,27
571,106,1176,JK000170,435,509,902,267,31
571,1214,1404,Sham19Y0122406,521,305,651,149,53
571,713,1176,Sham19Y0014224,33,784,1144,275,73
571,1,273,Shamela0011036,201,1110,1391,203,87
571,1,494,Sham19Y0016599,348,1091,1551,357,88
571,691,1350,Sham19Y0016599,349,1,764,403,57
571,1,315,Sham19Y0122257,431,1257,1522,201,75
572,1,660,Sham19Y0013769,122,742,1355,257,37
572,1,323,Sham19Y0017747,60,277,568,204,77
572,1438,1610,Sham19Y0122406,521,1090,1295,120,69
572,32,205,Sham19Y0014224,33,637,779,114,80
572,363,1438,Sham19Y0014224,34,29,970,679,74
572,1,282,Shamela0011036,201,108,317,127,52
572,282,568,Shamela0011036,201,1373,1609,190,82
572,568,1058,Shamela0011036,202,1,293,225,55
573,430,944,Sham19Y0017350,142,1062,1488,182,37
573,850,1590,Sham19Y0017350,143,173,926,561,89
573,1251,1512,Sham19Y0013769,290,1318,1557,155,74
573,1153,1579,Kraken210323052121,214,458,840,310,89
573,1375,1579,Shamela0008540,527,8,212,164,100
573,1137,1472,Sham19Y0036110,300,1215,1555,246,85
573,1,208,Shamela0001727,172,116,578,153,42
573,1,263,Sham19Y0013572,711,263,593,155,57
573,1143,1283,Sham19Y0127700,537,1427,1567,113,98
573,1329,1579,Shamela0005756,13782,175,366,112,50
573,94,208,Shamela0021739,23,1129,1247,90,96
573,94,208,Sham19Y0122406,522,1309,1423,90,100
573,1159,1579,Sham19Y0018106,310,145,406,184,54
573,94,208,Sham19Y0123685,39,71,202,90,87
573,1137,1590,Sham19Y0018103,409,53,335,186,50
573,1,343,Shamela0025800,1839,217,698,171,45
573,378,794,Sham19Y0014224,113,758,1398,237,41
573,1,273,Sham19Y0020638,155,294,702,184,56
573,457,1289,Sham19Y0013252,1007,986,1606,310,38
573,1,263,JK007065,762,534,915,155,49
573,619,1599,Sham19Y0013605,639,606,1405,596,73
573,1358,1579,Sham19Y0013605,4311,695,828,103,58
574,6,1402,Sham19Y0013667,62,247,1555,645,48
574,1200,1321,ShamAY0034227,4509,733,844,84,87
574,1,914,Sham19Y0017747,78,728,1543,600,80
574,914,1559,Sham19Y0017747,79,1,567,416,75
574,527,914,Shia000841Vols,717,765,1173,271,76
574,1208,1490,Shia000841Vols,718,1180,1480,182,68
574,1,1414,Shamela0005756,1674,121,1533,671,48
574,347,496,Sham19Y0014452,156,447,579,90,73
574,1,508,Sham19Y0016599,714,1100,1524,270,61
574,508,1568,Sham19Y0016599,715,1,984,633,70
574,786,1196,Sham19Y0023625,448,771,947,122,37
575,1,759,Sham19Y0017747,79,567,1131,381,60
575,1288,1466,Shamela0001727,172,1138,1414,130,55
575,357,759,Shamela0005756,1675,147,576,188,49
575,1288,1470,Sham19Y0127677,7504,1335,1538,128,71
575,1288,1561,Sham19Y0127677,20549,974,1101,91,41
575,768,1277,Shamela0005922,133,1152,1490,272,65
575,245,483,Sham19Y0014452,161,134,530,171,54
575,1288,1557,Sham19Y0122406,525,743,1155,183,53
575,1117,1376,Sham19Y0018144,3395,935,1234,166,67
575,759,943,Sham19Y0017729,520,1029,1190,125,86
575,1325,1561,Sham19Y0020638,156,36,358,162,60
575,1,682,Sham19Y0016599,715,984,1559,378,68
575,816,1065,Shamela0009242,64,649,901,171,79
575,1092,1277,Shamela0009242,65,436,634,150,89
576,1199,1626,Sham19Y0017350,140,743,1132,257,71
576,639,833,Sham19Y0017350,141,919,1115,151,91
576,909,1384,Sham19Y0013667,570,652,1043,303,77
576,854,1434,Sham19Y0013769,285,716,927,97,21
576,1455,1626,Sham19Y0013769,286,13,238,113,57
576,639,833,Sham19Y0013769,287,652,834,128,75
576,670,838,Shamela0008176,843,415,562,99,67
576,857,1446,Shamela0008540,521,353,876,387,77
576,909,1384,Shamela0005756,1680,1026,1446,312,77
576,232,379,Sham19Y0017729,520,601,741,110,93
576,607,925,Sham19Y0016599,375,444,784,179,58
576,876,1152,Sham19Y0016599,375,1320,1605,219,93
576,1152,1446,Sham19Y0016599,376,1,281,210,82
576,670,833,Sham19Y0122257,444,1105,1251,103,72
576,876,1215,Sham19Y0014601,842,1164,1510,276,96
576,1215,1626,Sham19Y0014601,843,1,412,330,100
576,670,833,Sham19Y0013605,644,861,1021,134,98
577,1185,1446,JK007083,31,175,479,128,41
577,928,1424,Sham19Y0017350,167,940,1383,187,34
577,928,1188,Sham19Y0013667,322,1001,1325,162,62
577,231,888,Sham19Y0013667,570,1038,1545,405,76
577,1033,1529,Sham19Y0013769,329,632,1144,115,17
577,975,1101,Sham19Y0013769,331,30,157,98,98
577,928,1217,Sham19Y0148486,1360,544,988,176,45
577,111,231,Sham19Y0017747,2519,193,313,94,97
577,928,1170,JK000977,293,336,878,130,28
577,928,1113,ShamAY0033975,772,197,408,144,85
577,928,1113,JK010001,914,714,886,122,79
577,118,903,Shamela0008540,521,279,1397,505,49
577,928,1101,Tafsir07055,977,1327,1498,133,97
577,1264,1529,Sham19Y0131521,679,244,831,136,28
577,337,726,Shamela0021590,51,878,1090,163,50
577,928,1166,Shamela0001727,173,1116,1432,178,70
577,1033,1264,Sham19Y0017437,233,900,1267,122,41
577,1033,1473,Sham19Y0017437,234,52,258,137,37
577,1050,1446,Sham19Y0127700,80,699,959,111,28
577,231,532,Shamela0005756,1683,1300,1513,170,68
577,532,903,Shamela0005756,1684,1,303,241,80
577,928,1113,Shamela0011385,3605,596,729,90,58
577,1044,1292,Shamela0005922,115,167,411,93,33
577,795,924,Shamela0006140,68,745,870,94,90
577,928,1446,Sham19Y0014309,2149,366,952,224,36
577,1325,1446,Sham19Y0014309,3248,1102,1223,96,100
577,928,1446,Sham19Y0017903,142,729,992,190,46
577,928,1166,Shamela0004289,250,1108,1429,177,69
577,928,1221,Sham19Y0122406,528,66,448,203,66
577,928,1101,Sham19Y0001734,586,183,369,135,91
577,903,1446,Sham19Y0132524,352,916,1305,256,54
577,1013,1446,Sham19Y0132524,353,213,828,144,21
577,1185,1446,Shamela0001875,203,215,516,128,42
577,928,1101,Kraken230110004547,307,1217,1364,115,82
577,928,1105,Shamela0036446,63,1188,1333,112,79
577,953,1446,Shamela0025800,1842,1,575,284,56
577,275,575,Sham19Y0021525,67,1196,1561,113,34
577,1044,1446,Sham19Y0123608,26,363,718,114,27
577,1044,1446,Sham19Y0123608,70,941,1228,111,29
577,928,1446,Sham19Y0017729,79,726,989,190,46
577,340,765,Sham19Y0014224,111,617,971,247,71
577,928,1101,ShamAY0034005,154,421,592,127,90
577,928,1276,Sham19Y0020638,156,1012,1324,202,72
577,928,1221,Sham19Y0146127,690,246,638,145,38
577,1,231,Sham19Y0016599,375,882,1136,167,81
577,928,1101,Sham19Y0013241,89,332,501,133,96
577,1044,1434,Sham19Y0020590,31,1271,1491,129,40
577,928,1446,JK007065,1398,389,979,282,52
577,1,231,Sham19Y0014601,843,412,642,184,100
577,1033,1529,Sham19Y0013605,654,122,802,170,27
578,98,215,Sham19Y0013667,328,1,119,86,88
578,1,175,Sham19Y0013769,329,1144,1497,115,41
578,647,1089,Sham19Y0017747,105,308,716,246,64
578,1,519,Shamela0008540,516,1179,1503,205,49
578,1,215,ShamIbadiyya0000433,179,1242,1526,158,70
578,1,596,JK000201,331,314,890,465,96
578,644,1100,Sham19Y0014224,135,1,412,259,65
578,696,1105,Sham19Y0016599,561,1,409,297,81
578,1,437,Shamela0009242,80,521,1057,256,53
578,1,1100,Sham19Y0014601,542,195,1117,728,81
578,1,343,Sham19Y0014601,838,740,1080,267,99
578,1,365,Shamela0023777,680,189,581,225,63
578,1,580,Shamela0000791,89,7,570,452,96
579,959,1146,JK007064,44,1017,1212,124,76
579,974,1119,Sham19Y0148486,1335,982,1132,113,95
579,959,1119,Shamela0006610,28,283,438,113,90
579,974,1119,JK006897,28,518,664,111,93
579,984,1119,ShamAY0033975,774,1090,1222,104,97
579,955,1119,Shia000841Vols,1094,708,875,121,92
579,965,1119,JK000299,164,1031,1185,120,98
579,959,1119,Shamela0011428,257,178,336,116,92
579,974,1119,Shamela0001727,175,210,359,113,95
579,959,1119,ShamAY0034204BK1,400,697,868,125,91
579,959,1119,JK000386,17,1322,1476,113,89
579,959,1119,Shamela0005922,124,630,807,121,87
579,959,1119,Shamela0000427BK2,692,514,672,116,92
579,959,1119,Sham19Y0013231,7003,419,565,115,90
579,959,1119,Sham19Y0014309,2151,290,462,126,92
579,1014,1119,JK000271,4,1,107,83,99
579,974,1169,Sham19Y0013253,213,406,610,118,73
579,959,1119,Shamela0021619BK2,155,589,744,114,90
579,974,1119,Shamela0004289,249,623,767,110,95
579,974,1225,Sham19Y0122406,531,165,752,153,32
579,959,1119,ShamAY0033075,85,4,160,114,90
579,959,1119,Shamela0021677,167,1211,1354,113,88
579,959,1119,Sham19Y0132524,354,1,147,115,90
579,938,1119,Shamela0001875,203,957,1132,124,88
579,959,1119,JK007107,6,513,686,126,91
579,959,1119,Shamela0025800,1843,866,1037,124,89
579,959,1119,Shia003732Vols,3929,709,893,114,79
579,142,921,Sham19Y0014224,135,401,1118,456,66
579,974,1119,Sham19Y0020638,157,228,377,113,95
579,979,1119,Sham19Y0146127,678,1,141,110,99
579,995,1119,Shamela0009242,56,1,123,95,96
579,959,1119,Sham19Y0017616,63,439,612,126,91
579,959,1119,Sham19Y0013241,92,900,1047,115,90
579,974,1119,JK007065,1487,447,596,113,95
579,959,1119,Shamela0021642,196,1294,1437,113,88
579,959,1119,Sham19Y0022884,11,836,1007,125,91
580,706,1025,Sham19Y0020944,15,17,313,194,68
580,733,1003,JK000021,3023,298,585,192,80
580,729,999,Shamela0026542,77,317,583,175,72
580,898,1236,Sham19Y0013769,224,781,903,92,33
580,729,999,Sham19Y0016584,1225,947,1221,165,73
580,729,999,Sham19Y0016584,4008,94,358,173,72
580,729,1003,Sham19Y0148486,215,462,748,197,83
580,733,999,Sham19Y0032381,32,721,982,177,73
580,729,999,Shamela0006610,432,45,314,192,83
580,729,999,Shamela0013027,56,310,561,158,65
580,742,894,Shia002616Vols,3009,1299,1447,114,91
580,729,999,Shia002616Vols,3710,760,1035,201,90
580,729,1003,JK000314,49,93,378,198,83
580,733,1003,JK000110,330,1143,1417,162,72
580,733,999,JK000110,1593,1054,1314,170,72
580,694,999,Shamela0002863,560,964,1282,209,80
580,729,999,Shamela0008540,43,1229,1481,166,69
580,1064,1223,Shamela0008540,46,462,683,111,58
580,729,1032,Sham19Y0131521,176,827,1104,172,64
580,729,999,Shamela0021715,9155,880,1144,173,72
580,677,1057,Shamela0001727,175,546,1156,259,52
580,677,1003,Shia000234Vols,10846,573,1004,208,55
580,729,999,Shamela0021476,55,950,1222,172,70
580,729,894,Shamela0000432,3924,218,402,127,86
580,729,1011,Shamela0000432,4579,393,679,171,64
580,755,894,Shamela0000432,4784,1127,1269,110,96
580,729,999,ShamAY0033910,5,1031,1284,159,65
580,729,999,Shamela0005756,5212,838,1117,169,74
580,729,999,Shamela0012403,935,978,1230,197,91
580,729,999,Sham19Y0127677,9093,947,1213,198,89
580,778,1035,Sham19Y0127677,19976,1,280,158,62
580,729,1032,Shamela0005064,39,418,691,177,66
580,729,999,Shamela0011816,113,1111,1362,162,69
580,729,1032,Shamela0117359,69,780,1053,177,66
580,729,999,Kraken230106005528,1104,916,1185,184,81
580,733,999,JK000130,5,1136,1385,156,64
580,886,1053,Sham19Y0017903,139,1,161,121,89
580,729,1047,Shamela0022547,2350,1033,1338,171,60
580,866,1003,Shia001395Vols,94,1,134,99,90
580,729,999,Shamela0001442,14,164,430,165,64
580,729,1003,ShamAY0032885,11,200,456,197,90
580,729,1053,Shamela0004289,235,574,982,223,67
580,729,999,Shamela0004289,934,1103,1355,164,69
580,729,999,Sham19Y0122406,532,98,363,197,89
580,729,999,Shamela0006227,34,1072,1332,195,90
580,729,999,JK000384,475,930,1192,196,88
580,778,999,Shia001989,36,1,224,164,90
580,861,1025,Sham19Y0132524,355,703,867,121,93
580,764,999,Sham19Y0149697,1771,1047,1281,170,85
580,764,999,Sham19Y0149697,10966,393,632,187,98
580,724,1057,Sham19Y0037618,286,111,410,168,60
580,764,968,Shamela0001438,3067,1,214,125,71
580,729,1041,Kraken230110004547,601,37,353,212,76
580,729,999,Sham19Y0018106,1098,940,1214,165,73
580,729,999,Sham19Y0018106,3650,190,454,173,72
580,733,1003,JK000381,983,605,867,156,69
580,716,936,Shamela0036446,300,1244,1458,141,74
580,742,1003,JK008250Vols,583,1155,1415,170,73
580,729,999,Sham19Y0018103,1160,317,591,165,73
580,729,999,Sham19Y0018103,3585,95,359,173,72
580,880,1041,Shamela0025800,3171,1,179,119,82
580,729,1053,Sham19Y0017729,78,1063,1373,232,87
580,793,1041,Shia001368,421,1,302,174,72
580,729,1003,Sham19Y0131336,109,908,1193,199,84
580,729,1053,Sham19Y0020638,157,688,1007,230,86
580,729,999,JK007036,13,1048,1328,176,68
580,729,999,Shamela0012981,1294,1033,1285,177,81
580,733,1003,JK000475,2502,907,1156,160,68
580,764,973,Sham19Y0020591,15,1276,1477,130,67
580,724,894,Shamela0021550,505,109,271,116,78
580,729,999,Sham19Y0013252,2687,285,559,165,73
580,787,999,Sham19Y0013252,9025,1,201,133,70
580,729,999,Sham19Y0146127,94,157,440,197,84
580,729,1003,Tafsir02100,196,103,356,163,68
580,706,999,Sham19Y0017616,47,718,1030,218,88
580,677,999,ShamAY0035220,136,1081,1397,239,91
580,729,1057,JK007065,370,328,786,228,61
580,729,1003,Sham19Y0018176,583,729,1007,165,73
580,729,1011,Sham19Y0018176,2174,704,973,174,70
580,729,999,JK000030,177,1104,1366,198,91
580,861,1053,ShamAY0033760,141,1,174,133,88
580,729,1003,Sham19Y0013605,1611,396,674,165,73
580,729,999,Sham19Y0013605,4268,897,1161,173,72
581,46,941,Sham19Y0017350,102,338,1157,568,74
581,907,1385,Sham19Y0017350,105,1057,1517,357,91
581,1385,1562,Sham19Y0017350,106,1,186,137,94
581,60,813,Sham19Y0013769,218,1105,1554,197,28
581,917,1284,Sham19Y0013769,224,1094,1507,182,47
581,1304,1562,Sham19Y0013769,225,64,395,151,53
581,941,1522,Shamela0008176,674,642,1105,301,62
581,644,907,Shamela0008540,45,537,790,166,73
581,1330,1562,Shamela0008540,47,1,227,165,88
581,966,1562,Shamela0021715,9160,871,1187,205,43
581,1241,1508,Zaydiyya0000171,35,1019,1302,178,76
581,955,1562,Shamela0005756,1653,448,845,288,58
581,696,837,Sham19Y0018103,405,870,990,96,82
581,966,1559,Sham19Y0018103,406,962,1280,215,45
581,988,1562,Sham19Y0014224,84,672,1494,263,38
581,1380,1562,Sham19Y0016599,373,20,205,133,91
581,703,1559,ShamAY0034350,455,88,771,310,36
581,912,1562,Sham19Y0122257,374,660,1302,479,86
581,387,901,Sham19Y0013605,634,323,600,214,51
581,955,1485,Sham19Y0013605,635,903,1515,235,35
582,1,639,Sham19Y0017350,106,186,833,501,94
582,1,354,Sham19Y0013769,225,395,757,250,79
582,369,532,Sham19Y0013769,225,1368,1527,118,89
582,877,1060,Sham19Y0148486,508,231,410,128,85
582,245,797,Shamela0008176,674,1169,1567,281,61
582,877,1055,JK000977,297,1104,1303,114,62
582,1,354,Shamela0008540,47,227,891,217,39
582,1,234,Shamela0021715,9160,1187,1409,162,84
582,1,210,Zaydiyya0000171,35,1309,1539,167,90
582,210,354,Zaydiyya0000171,36,1,154,109,80
582,877,1150,Shamela0001727,176,81,417,199,71
582,877,1119,JK000786,1604,764,1051,147,58
582,867,1150,Sham19Y0127700,87,389,677,166,58
582,877,1060,Shamela0009810,281,357,536,128,85
582,1,354,Shamela0005756,1653,845,1130,219,75
582,877,1119,Shia001731Vols,132,882,1187,152,61
582,892,1203,Shamela0005922,636,444,751,176,61
582,867,1150,Sham19Y0017903,126,312,567,201,88
582,856,1055,Sham19Y0013253,214,945,1149,149,90
582,877,1150,Shamela0004289,336,749,1088,199,71
582,924,1125,Shamela0006590,816,858,1038,110,69
582,934,1150,Sham19Y0132524,358,429,706,133,57
582,867,1203,Sham19Y0017729,74,866,1135,211,78
582,365,532,Sham19Y0014224,84,975,1120,107,78
582,13,354,Sham19Y0014224,85,1,419,234,66
582,867,1150,Sham19Y0020638,158,205,654,202,53
582,877,1150,Sham19Y0146127,247,380,642,167,69
582,877,1055,Shamela0008544,782,1225,1397,125,85
582,1,541,Sham19Y0016599,373,205,606,276,59
582,837,1119,Sham19Y0017616,61,291,628,203,76
582,1,193,Sham19Y0122257,374,1302,1492,138,84
582,200,797,Sham19Y0122257,375,1,551,429,87
582,1,234,Sham19Y0013605,636,55,227,121,63
583,297,521,Sham19Y0013667,4217,1188,1508,177,65
583,110,592,Sham19Y0148486,7062,440,765,222,55
583,931,1164,Sham19Y0017747,241,1147,1347,163,85
583,931,1090,Shia000841Vols,891,1227,1503,116,51
583,597,935,Shia000841Vols,892,500,835,157,44
583,107,785,Shamela0008540,403,831,1503,298,41
583,1190,1593,Kraken22021606123201,604,924,1320,297,90
583,699,931,JK000311,17,780,1129,106,34
583,1370,1635,Shamela0005756,1985,760,1003,186,84
583,650,962,ShamIbadiyya0000433,833,173,348,131,50
583,761,931,ShamIbadiyya0000219,124,1291,1457,133,97
583,1187,1663,ShamIbadiyya0000219,202,1101,1609,254,48
583,722,935,Shamela0009702,795,475,800,124,43
583,1190,1635,Sham19Y0145212,569,133,471,266,73
583,795,916,Sham19Y0021525,130,1396,1566,92,65
583,315,521,Sham19Y0017729,518,653,825,136,80
583,1227,1672,Sham19Y0014224,164,965,1369,252,64
583,650,962,Shamela0000551,243,584,759,129,49
583,603,999,Shamela0008544,775,374,578,138,42
583,1303,1624,Shamela0008544,799,336,553,148,55
583,597,922,Sham19Y0013605,740,415,636,163,61
583,1190,1635,Sham19Y0013605,749,1060,1397,263,72
583,124,536,Sham19Y0013605,751,384,770,179,42
584,726,1070,Sham19Y0013667,4214,1300,1520,160,56
584,71,355,Shia000841Vols,904,179,454,129,44
584,846,1566,Shia000841Vols,906,221,1338,277,27
584,447,743,ShamIbadiyya0000229,765,857,1526,222,40
584,726,1579,Shamela0008540,399,54,414,268,38
584,743,1154,Shamela0005756,1986,1206,1502,228,67
584,298,525,JK000201,371,359,546,143,76
584,1,929,ShamIbadiyya0000219,203,10,820,617,80
584,372,858,Sham19Y0145212,569,482,749,182,45
584,1,303,Sham19Y0014224,164,1369,1615,191,76
584,765,959,Sham19Y0016599,645,1253,1424,138,86
584,959,1635,Sham19Y0016599,646,1,581,420,74
584,743,1596,Shamela0009242,427,1029,1429,281,39
584,294,525,Shamela0009242,432,720,977,188,89
584,1,732,Sham19Y0014601,644,209,761,418,66
584,738,1128,Sham19Y0014601,657,42,299,183,57
584,1,380,Sham19Y0150962,856,1314,1521,137,44
584,528,698,ShamIbadiyya0000109,259,1156,1331,111,81
585,1223,1408,Shamela0007891,233,644,834,128,78
585,1144,1385,Zaydiyya0000010,61,1154,1452,144,58
585,171,568,Sham19Y0017350,206,1,345,223,59
585,1223,1408,Sham19Y0016584,444,1056,1242,121,74
585,1223,1408,Zaydiyya0000267,159,1065,1241,127,81
585,1123,1408,Sham19Y0148486,509,144,730,178,35
585,1123,1408,Shamela0003485,266,69,486,174,48
585,843,1035,Shamela0003055,936,576,861,99,42
585,124,238,Sham19Y0017747,252,1128,1240,89,98
585,1223,1408,JK000977,299,86,276,148,97
585,1223,1408,JK006897,35,1228,1373,88,51
585,1223,1460,Sham19Y0127656,62,1040,1282,109,43
585,1223,1408,JK000110,83,981,1167,121,74
585,315,755,Shamela0008540,399,487,921,274,64
585,1130,1408,Tafsir02091,215,556,959,188,55
585,1223,1408,Shamela0025794,5088,949,1134,148,100
585,413,761,Sham19Y0131521,526,223,694,181,41
585,1082,1218,Sham19Y0127660,1466,959,1141,101,70
585,1223,1408,Shamela0021715,796,1115,1301,121,74
585,1082,1408,Shamela0001727,176,421,1040,240,48
585,1223,1408,ShamAY0033910,55,541,731,146,94
585,1223,1408,ShamAY0033910,74,111,290,137,88
585,285,744,Shamela0005756,1987,99,546,284,64
585,1223,1408,Shamela0005756,2059,726,912,121,74
585,1223,1408,Shamela0005756,2060,758,903,88,51
585,1153,1408,Shamela0012884,637,37,319,113,42
585,1163,1544,Shamela0005922,636,905,1490,110,19
585,1231,1408,Shamela0005922,637,642,816,139,97
585,1223,1408,Sham19Y0014309,2341,24,231,148,89
585,1223,1408,JK000130,55,982,1172,146,94
585,1223,1408,JK000130,74,168,347,137,88
585,1223,1408,ShamAY0033585,38,719,924,146,87
585,446,744,JK000201,364,1,234,185,74
585,1223,1408,Shamela0004289,339,681,874,148,95
585,281,969,ShamIbadiyya0000219,203,1298,1679,212,34
585,1130,1408,ShamAY0034068,237,726,1056,155,56
585,1082,1218,Sham19Y0122406,536,1076,1375,97,41
585,1223,1408,Sham19Y0122406,539,34,227,148,95
585,1223,1408,JK009324,253,610,741,89,58
585,1223,1408,JK009324,276,191,340,88,51
585,1223,1408,Zaydiyya0000149,63,96,274,132,84
585,1223,1408,Sham19Y0001734,580,710,903,148,95
585,1223,1408,Sham19Y0001734,1497,1203,1395,147,95
585,1284,1408,Sham19Y0132524,358,1402,1526,100,100
585,1192,1408,Shamela0001875,190,22,209,100,49
585,18,541,ShamAY0033531,272,275,593,213,47
585,413,568,ShamAY0033531,1673,139,292,126,98
585,1223,1408,Sham19Y0018144,416,21,220,148,92
585,1223,1408,Shamela0036446,105,573,760,144,93
585,1223,1408,Sham19Y0036114,217,24,182,94,52
585,1223,1408,Sham19Y0018103,508,784,970,121,74
585,1223,1427,Sham19Y0018103,509,767,929,98,52
585,1223,1408,Shamela0025800,1961,1230,1438,148,88
585,1236,1408,Sham19Y0123608,215,161,301,113,81
585,1223,1408,Shamela0023578,356,1028,1217,146,94
585,301,1082,Sham19Y0014224,165,396,1270,386,45
585,1163,1408,ShamAY0034005,147,947,1153,135,64
585,744,1066,Sham19Y0018272,1754,399,695,222,82
585,1144,1408,Sham19Y0020638,158,660,925,208,98
585,1223,1408,JK000475,52,1194,1384,145,93
585,1139,1408,Shia001976Vols,1345,160,528,167,55
585,1223,1408,Sham19Y0013252,1173,550,736,121,74
585,1123,1408,Sham19Y0146127,247,735,1009,150,52
585,1163,1408,Sham19Y0016599,644,160,402,111,44
585,1,1035,Sham19Y0016599,646,581,1597,706,77
585,243,603,Sham19Y0016599,1452,282,421,96,33
585,102,568,Shamela0009242,428,318,686,272,69
585,1223,1408,Sham19Y0017616,61,1,205,147,90
585,1223,1408,Shamela0000041,264,1162,1351,126,78
585,1153,1408,JK007065,1456,933,1232,165,70
585,1223,1408,Sham19Y0018176,193,1090,1276,121,74
585,1223,1408,Sham19Y0018176,194,45,190,88,51
585,1223,1408,Shamela0000137,266,886,1076,128,78
585,285,744,Sham19Y0014601,657,372,798,282,65
585,1295,1600,Sham19Y0013605,747,816,1424,198,38
585,8,247,Sham19Y0013605,750,526,769,145,65
585,1223,1408,Sham19Y0013605,781,1318,1504,121,74
586,940,1564,Sham19Y0013769,375,573,1096,391,75
586,1096,1355,Shamela0000432,5497,716,984,207,94
586,531,711,Shamela0005756,1966,529,692,123,79
586,14,836,Shamela0005922,637,663,1149,228,28
586,665,908,Sham19Y0122406,540,30,235,152,77
586,940,1100,ShamAY0033531,1673,1017,1177,127,99
586,103,631,Shamela0000551,233,386,764,129,25
586,1096,1564,Sham19Y0016599,650,108,507,281,68
586,940,1283,ShamAY0035249,208,1160,1503,276,100
586,1283,1564,ShamAY0035249,209,1,284,230,99
586,443,908,Shamela0000137,209,828,1198,142,32
586,531,919,Sham19Y0013605,741,778,1254,168,31
586,1,152,Sham19Y0013605,747,1424,1572,115,96
586,152,443,Sham19Y0013605,748,1,151,108,46
586,929,1096,Sham19Y0013605,748,140,307,130,97
587,1092,1549,Shamela0007562,84,721,1141,237,58
587,1296,1471,Sham19Y0020944,1240,637,818,136,94
587,1288,1471,Shamela0000963,1418,1166,1333,125,83
587,1104,1501,ShamAY0034227,952,662,1026,204,55
587,1304,1471,Shamela0006610,39,992,1146,123,91
587,720,914,ShamAY0035035,2365,788,981,159,99
587,1301,1471,Shamela0001719,2190,479,638,125,90
587,1037,1549,Shamela0008540,390,200,698,322,70
587,121,859,Sham19Y0131521,3480,296,892,240,36
587,1301,1471,Sham19Y0131521,6793,426,585,125,90
587,1288,1471,Shamela0021715,3021,275,441,132,90
587,1296,1471,Shamela0021715,5184,1,160,121,83
587,1304,1482,Shamela0021715,8682,1253,1423,121,85
587,29,247,Shamela0001727,176,1124,1383,153,67
587,1104,1501,Shia000234Vols,2752,530,914,211,56
587,1288,1549,Sham19Y0017437,924,1180,1431,164,76
587,554,859,Shamela0005756,1970,1336,1569,145,56
587,1304,1501,Shamela0005756,2326,925,1083,118,74
587,1264,1471,Shamela0005756,9535,1388,1574,141,84
587,1104,1501,Sham19Y0127677,6299,906,1280,213,63
587,1068,1277,Sham19Y0127677,20458,34,169,107,64
587,1235,1549,Shamela0001673,1507,70,323,140,54
587,1301,1471,Shamela0117359,1202,7,164,125,91
587,1104,1501,Shia003923Vols,471,544,923,215,57
587,1358,1522,JK000201,366,1,164,128,94
587,29,247,Sham19Y0122406,540,686,945,153,67
587,1277,1501,Shia002265Vols,6114,106,317,163,91
587,1104,1461,Shia002265Vols,6120,1248,1587,187,54
587,1301,1471,Shia002231Vols,505,1160,1377,117,62
587,1292,1471,Sham19Y0127713,779,620,797,130,88
587,1301,1471,Sham19Y0001734,2067,546,764,120,63
587,1301,1471,Shamela0010480,1768,459,618,125,90
587,1037,1522,ShamAY0033531,263,746,1181,264,69
587,949,1501,Shamela0001687,2688,72,665,246,38
587,1308,1471,Shamela0025800,3466,310,475,130,98
587,1092,1501,Shia003732Vols,3332,196,552,221,64
587,949,1501,Masaha001864Vols,4794,347,936,250,39
587,29,682,Masaha001864Vols,5271,1356,1560,161,30
587,682,920,Masaha001864Vols,5272,1,246,189,91
587,1301,1471,Shamela0012981,1281,1186,1426,135,70
587,1301,1471,Sham19Y0020591,1888,1182,1341,125,90
587,720,914,Sham19Y0013252,1133,158,312,126,78
587,720,914,Shamela0011036,1161,96,289,159,99
587,1288,1471,Shamela0011036,2122,951,1123,135,91
587,1292,1538,Sham19Y0016599,652,10,249,170,81
587,1037,1277,Shamela0009242,353,189,361,129,64
587,1092,1501,Sham19Y0011194,208,747,1143,219,56
587,1301,1471,Sham19Y0014601,6218,590,765,125,82
587,1292,1471,Sham19Y0150962,1392,54,226,130,88
587,565,914,Sham19Y0013605,744,920,1179,196,70
588,1065,1309,ShamAY0033177,474,792,1026,187,94
588,1078,1395,ShamAY0033975,698,649,964,133,40
588,1,478,Shamela0008540,390,698,1156,285,72
588,569,1054,Shamela0008540,391,1,402,309,77
588,79,1054,Sham19Y0131521,529,186,1036,537,62
588,177,478,Sham19Y0014309,2340,1,311,237,96
588,1078,1540,Shia001831Vols,170,420,588,131,35
588,518,1054,JK000201,366,170,733,399,83
588,1,478,Sham19Y0122406,543,275,673,249,62
588,1282,1461,ShamAY0033531,263,1,531,94,19
588,192,1054,ShamAY0033531,264,1,1283,670,64
588,89,229,Masaha001864Vols,4794,1362,1507,109,93
588,229,909,Masaha001864Vols,4795,1,683,547,99
588,15,349,Sham19Y0016599,652,249,582,251,89
588,543,1065,Sham19Y0014601,639,158,683,424,99
588,1032,1410,Sham19Y0017063,158,129,419,188,58
588,79,478,Sham19Y0150962,95,1044,1475,302,88
589,342,471,Shamela0096178,40,1247,1378,104,98
589,296,536,Sham19Y0017350,123,426,663,139,67
589,554,919,Sham19Y0017350,125,32,404,245,71
589,322,536,Sham19Y0013769,261,1129,1341,134,72
589,314,471,Sham19Y0148486,231,284,430,116,90
589,322,471,JK009390,4851,1164,1296,104,86
589,296,471,JK009390,6076,31,198,112,73
589,325,471,Shamela0008176,642,1226,1360,101,85
589,314,471,JK000977,302,1279,1424,115,89
589,314,471,Shamela0001719,3976,1360,1506,116,90
589,296,475,ShamAY0033975,389,456,638,126,85
589,322,513,Sham19Y0016636,814,1055,1251,119,76
589,325,471,Masaha001130Vols,338,760,917,112,87
589,539,913,ShamAY0034204BK1,107,102,493,197,51
589,322,536,Sham19Y0017437,171,393,605,134,72
589,333,471,Sham19Y0127677,3640,651,791,106,93
589,329,471,Shamela0000894,1710,283,423,105,91
589,325,545,Shamela0000894,1736,1233,1460,137,76
589,325,536,Shamela0000894,4363,1186,1405,120,62
589,322,471,Shamela0009790,51,492,649,119,94
589,325,483,Shamela0008381,1439,567,717,111,85
589,329,536,Shamela0001665,48,6,199,129,75
589,322,471,Sham19Y0017903,54,214,351,103,86
589,314,471,Shamela0026490,14,869,1017,115,90
589,342,471,Sham19Y0145212,392,915,1032,88,83
589,322,443,Sham19Y0132524,362,168,291,95,97
589,1393,1622,ShamAY0033531,204,460,695,185,94
589,314,471,Sham19Y0018144,387,1060,1205,109,86
589,314,471,Sham19Y0017729,58,453,612,122,95
589,322,536,Sham19Y0150600,78,935,1147,134,72
589,322,536,Sham19Y0014224,100,261,469,134,73
589,378,919,Sham19Y0014224,103,949,1514,316,54
589,772,1570,Sham19Y0018272,1979,596,1361,391,50
589,329,471,Shamela0001001,102,886,1041,104,81
589,278,536,Sham19Y0020638,160,208,490,146,61
589,322,471,JK007036,22,1195,1347,116,93
589,325,475,Sham19Y0016555,499,168,314,109,90
589,322,536,Shamela0008463,147,508,738,128,60
589,539,1622,Sham19Y0016599,549,266,1178,471,47
589,536,1038,Shamela0009242,77,550,1065,273,53
589,289,443,Sham19Y0017616,53,1322,1466,94,78
589,1383,1536,Sham19Y0013605,712,178,512,90,33
589,314,471,Shamela0030592Vols,188,539,693,111,87
590,943,1200,Sham19Y0013769,267,591,1017,185,54
590,264,522,Sham19Y0013769,273,201,595,150,44
590,522,659,Sham19Y0013769,273,1333,1495,96,73
590,211,686,Shamela0008540,325,917,1288,255,62
590,669,1042,Shamela0001727,179,249,529,165,56
590,527,791,Shamela0005756,1206,1224,1403,114,50
590,211,706,Shamela0005756,1878,436,881,261,55
590,924,1270,Shamela0004473,12111,158,539,166,44
590,686,1042,Shamela0004289,270,1115,1392,178,62
590,864,1129,Sham19Y0122406,548,1345,1553,149,69
590,522,659,ShamAY0033531,204,1346,1492,113,93
590,221,634,Sham19Y0018103,316,1053,1330,149,38
590,226,522,Sham19Y0014224,106,1201,1525,183,64
590,527,827,Sham19Y0014224,107,467,780,218,83
590,226,659,Sham19Y0013252,826,163,577,175,37
590,1,364,Sham19Y0016599,549,1178,1582,170,44
590,924,1270,ShamAY0037374,48,227,608,166,44
590,221,627,Sham19Y0013605,489,840,1281,310,86
591,77,262,Sham19Y0013667,6497,675,868,102,61
591,1,471,Kraken230107021738,1962,741,1450,260,40
591,182,544,Shamela0008540,1236,1,175,117,38
591,371,544,Sham19Y0127660,810,1157,1353,116,66
591,683,1469,Shamela0001727,179,666,1198,240,30
591,1262,1469,Sham19Y0127677,18859,898,1063,116,71
591,1262,1469,Sham19Y0127677,20523,88,437,150,55
591,371,544,Shamela0021713,1436,901,1112,120,66
591,683,1469,Sham19Y0122406,549,133,665,240,30
591,267,544,Shamela0005848,414,831,1196,155,51
591,296,544,Shamela0012579,2553,295,623,134,48
591,371,544,Shamela0005838,157,70,276,115,65
591,306,544,JK001293BK1,1535,695,943,117,48
591,128,544,Shamela0003722,6629,511,1402,253,35
591,128,364,Shamela0010452,915,373,620,90,34
591,26,275,JK000134,3303,1196,1479,113,49
591,90,544,JK000134,3304,1,462,183,36
592,7,415,Shamela0021848BK1,131,310,549,109,30
592,70,258,ShamAY0033975,597,350,774,101,31
592,7,419,Shia000841Vols,699,93,525,123,25
592,933,1382,Shia000841Vols,699,464,910,253,64
592,1243,1450,Shamela0008540,346,435,745,149,61
592,693,933,Sham19Y0131521,476,92,315,173,84
592,87,415,Shamela0001727,180,356,769,75,15
592,7,373,Shamela0021599,348,1360,1474,89,30
592,1063,1349,Shamela0005922,520,1052,1352,158,63
592,1058,1226,JK000201,337,309,461,122,90
592,87,415,Shamela0004289,281,554,982,72,14
592,7,216,Sham19Y0122406,549,803,1401,108,21
592,7,444,Sham19Y0145212,494,703,961,143,39
592,1,194,Sham19Y0132524,363,1320,1555,93,44
592,1096,1344,Shamela0001875,181,1071,1293,102,41
592,7,434,JK007107,39,146,598,127,25
592,7,307,Shamela0025800,1940,585,867,98,32
592,70,216,Sham19Y0123608,186,893,1241,98,36
592,775,898,Sham19Y0018272,104,1242,1365,99,100
592,1063,1344,Shamela0012027,93,100,422,98,26
592,26,373,Sham19Y0020638,160,716,1419,208,38
592,1122,1382,Sham19Y0020591,94,1018,1408,107,35
592,7,373,Sham19Y0032197,48,1,133,91,31
592,7,373,Sham19Y0016976,308,596,856,116,32
592,628,938,Sham19Y0016599,692,734,1008,210,80
592,7,415,Sham19Y0017616,57,911,1365,154,37
592,444,1164,ShamAY0035249,178,772,1493,582,99
592,1164,1491,ShamAY0035249,179,1,329,254,98
592,424,1031,ShamAY0035249,182,994,1595,480,97
592,1031,1491,ShamAY0035249,183,1,462,360,98
592,1068,1344,Shamela0000137,183,646,964,114,34
592,7,444,Sham19Y0014119,101,975,1234,151,41
592,7,444,Sham19Y0017063,139,123,463,133,31
592,7,444,Shamela0008360,74,1,256,151,42
592,696,1176,Sham19Y0013605,734,556,745,120,31
593,374,547,Sham19Y0148486,358,659,832,117,80
593,180,595,Shia000841Vols,700,1,432,224,55
593,1145,1518,Shamela0008540,335,147,455,203,67
593,606,860,Shamela0008540,337,948,1136,151,73
593,287,547,Sham19Y0131521,473,214,521,130,47
593,287,547,Shamela0117359,110,142,440,130,47
593,276,529,Shamela0005922,522,1233,1470,148,71
593,41,306,Sham19Y0122256,550,549,852,183,75
593,727,936,Sham19Y0013253,217,896,1151,154,71
593,613,808,ShamAY0033522,75,1253,1395,85,50
593,1,215,JK000201,337,547,761,170,99
593,746,936,Sham19Y0122406,550,643,842,138,80
593,1,215,ShamAY0033531,220,112,326,172,100
593,55,215,Sham19Y0014224,128,655,819,115,84
593,226,595,Masaha001864Vols,4559,1212,1564,274,93
593,595,1518,Masaha001864Vols,4560,1,943,738,96
593,374,547,Masaha001864Vols,4561,170,341,114,79
593,226,1343,Masaha001864Vols,5302,393,1506,881,97
593,1343,1518,Masaha001864Vols,5303,1,178,140,98
593,706,936,Sham19Y0123665,328,5,277,163,70
593,287,547,Sham19Y0020591,92,93,394,131,47
593,226,406,Sham19Y0016599,687,1059,1242,132,86
593,1125,1370,Shamela0009242,335,1327,1536,155,76
593,1,1170,ShamAY0035249,179,329,1500,938,99
593,1170,1518,ShamAY0035249,180,1,349,278,100
593,1,1027,ShamAY0035249,183,462,1489,822,99
593,1027,1518,ShamAY0035249,184,1,493,394,99
593,1,215,ShamAY0035249,187,162,376,170,99
593,11,215,Sham19Y0014601,575,1178,1382,164,100
593,87,860,Sham19Y0013605,734,796,1245,187,26
594,1196,1512,Shamela0011569,128,200,474,189,72
594,1196,1508,JK000977,306,800,1098,203,77
594,1196,1508,ShamAY0033975,556,454,724,190,74
594,1161,1410,Shamela0021715,740,516,726,123,61
594,1150,1508,Shamela0001727,181,365,791,218,57
594,1196,1518,Sham19Y0013572,838,971,1253,194,74
594,1204,1512,Sham19Y0017437,232,739,1005,158,57
594,1204,1421,Shamela0005756,1198,590,801,142,74
594,1193,1496,Shamela0005756,1914,13,253,167,69
594,1229,1508,Shamela0004289,323,24,263,175,75
594,1150,1508,Sham19Y0122406,554,497,923,218,57
594,1196,1508,Shamela0001875,167,606,875,189,74
594,1196,1508,Sham19Y0018144,401,426,706,195,73
594,1196,1508,Shamela0025800,1926,1132,1422,205,80
594,1196,1518,ShamAY0034005,137,252,552,208,79
594,1196,1512,Sham19Y0020638,161,393,653,183,70
594,1196,1508,Shamela0009082,1257,217,509,165,55
594,1,440,Masaha001864Vols,4560,943,1391,357,97
594,1,440,Masaha001864Vols,5303,178,616,356,99
594,1265,1473,Shamela0008544,691,920,1083,124,75
594,1196,1508,Sham19Y0016599,576,361,592,160,62
594,1196,1496,Sham19Y0017616,55,1175,1432,173,69
594,1,440,ShamAY0035249,180,349,785,353,98
594,1,440,ShamAY0035249,184,493,929,353,98
594,1196,1512,JK007065,848,338,611,182,70
594,1196,1410,JK007065,1505,369,688,98,36
595,981,1250,Sham19Y0017350,165,272,547,215,97
595,30,163,Sham19Y0131521,498,767,897,106,97
595,955,1250,Shamela0005756,1199,1158,1418,199,82
595,1291,1486,Sham19Y0127677,11518,1039,1219,141,88
595,30,743,Sham19Y0014224,132,853,1521,412,65
595,743,1261,Sham19Y0014224,133,1,391,292,72
595,59,675,Sham19Y0016599,578,1124,1531,267,50
595,675,1261,Sham19Y0016599,579,1,571,438,93
596,208,523,Shamela0097928,428,42,347,188,73
596,137,402,Shamela0006140,483,1245,1506,178,75
596,735,1345,Shia001831Vols,170,884,1199,171,33
596,153,523,ShamAY0033522,81,31,394,290,95
596,544,761,Sham19Y0122406,557,80,442,132,45
596,220,523,Sham19Y0127713,152,1085,1356,197,79
596,137,672,ShamAY0033531,235,1148,1584,330,75
596,137,523,Shamela0000551,208,523,881,261,79
596,131,523,Sham19Y0013605,485,1206,1485,197,57
597,1355,1569,ShamAY0033177,217,290,494,156,87
597,63,765,Sham19Y0148486,304,1337,1473,90,16
597,58,453,Sham19Y0148486,7000,177,574,317,99
597,725,1029,Sham19Y0014309,2286,269,580,232,91
597,162,390,Shia001831Vols,170,1213,1400,130,71
597,458,706,Shamela0021597,256,306,553,148,63
597,178,490,Sham19Y0122406,558,105,459,208,66
597,853,1559,JK000168,6,716,1237,289,48
597,477,611,ShamAY0033531,236,42,218,107,75
597,849,1293,Sham19Y0021525,108,714,1337,333,64
597,853,1293,Shia003732Vols,6014,747,1085,200,54
597,223,346,Sham19Y0020638,1598,7,130,99,100
597,710,1569,Sham19Y0016599,550,441,1319,608,81
597,453,1366,ShamAY0035249,197,670,1584,737,99
597,1366,1569,ShamAY0035249,198,1,210,166,97
597,496,606,Sham19Y0014601,598,596,706,87,98
598,49,264,ShamAY0033177,217,479,683,139,80
598,979,1253,Sham19Y0017350,163,66,342,198,85
598,1390,1531,Sham19Y0013769,325,762,903,112,100
598,326,812,Shamela0001727,181,1086,1417,103,19
598,345,812,Sham19Y0013572,839,119,307,62,14
598,326,812,Sham19Y0017437,232,1086,1276,76,17
598,984,1352,Shamela0005756,1197,455,590,104,36
598,349,812,Shamela0005756,1914,354,466,61,15
598,990,1531,ShamIbadiyya0000219,151,457,1012,414,91
598,326,812,Sham19Y0122406,557,1136,1467,103,19
598,1,264,Sham19Y0021525,109,208,455,131,53
598,990,1519,Sham19Y0014224,130,688,1232,310,59
598,326,812,Sham19Y0020638,161,877,1141,75,15
598,326,575,ShamAY0033561,15,264,768,105,25
598,345,449,Shia001174Vols,2425,612,732,73,77
598,326,812,Sham19Y0146127,139,1095,1401,96,19
598,345,449,Shamela0000551,209,755,923,75,56
598,1027,1531,Shamela0021598,368,580,1089,389,94
598,1,234,Sham19Y0016599,550,1319,1535,148,74
598,326,449,Sham19Y0016599,575,627,849,85,48
598,82,264,Sham19Y0014580,340,1053,1538,142,35
598,1,774,ShamAY0035249,198,210,959,588,94
598,345,812,JK007065,849,79,309,67,14
599,1,192,Sham19Y0013769,325,903,1064,101,67
599,832,971,Shamela0022928,531,624,769,110,94
599,462,730,Shamela0008540,362,1245,1520,206,89
599,832,1036,Sham19Y0131521,498,987,1163,141,85
599,832,966,Shia002372Vols,419,26,167,107,95
599,1,315,ShamIbadiyya0000219,151,1012,1162,111,42
599,378,679,Shamela0021597,255,1233,1523,232,92
599,224,765,ShamAY0033531,235,1,845,367,51
599,21,192,Sham19Y0014224,130,1237,1392,96,71
600,387,727,Sham19Y0148486,305,779,976,88,33
600,387,727,ShamAY0034423,148,517,713,88,33
600,387,727,Sham19Y0018337,246,924,1118,90,35
600,387,644,Shamela0021809,349,1281,1451,74,38
600,387,727,Shamela0001727,183,439,634,89,34
600,387,727,Shamela0010664,215,419,612,85,34
600,387,727,Tafsir09084,1304,973,1167,88,32
600,387,727,Shamela0004289,1074,751,947,89,34
600,387,727,Sham19Y0122406,561,322,517,89,34
600,387,727,Sham19Y0132973,584,50,234,87,34
600,387,727,Shamela0008473,2658,955,1149,90,35
600,387,727,Sham19Y0018144,404,89,287,91,29
600,387,727,Sham19Y0020638,162,1138,1331,88,33
600,387,727,Masaha001864Vols,3236,166,361,89,34
600,387,727,Shamela0012981,1149,410,609,87,33
600,387,727,Sham19Y0017616,498,598,793,89,34
600,382,1175,ShamAY0035249,196,759,1571,647,97
600,1175,1613,ShamAY0035249,197,1,445,357,98
600,387,727,JK007065,1263,714,898,92,36
600,387,727,Sham19Y0145411,410,373,567,90,35
600,387,727,Sham19Y0148271,276,583,777,90,35
600,387,727,ShamAY0033760,583,654,848,90,35
601,135,581,Shia000828,8,320,538,148,42
601,192,631,JK000272,47,1130,1392,170,48
601,192,631,Shia000841Vols,726,73,331,170,48
601,198,631,ShamIbadiyya0000185,919,787,1109,159,38
601,1183,1487,Shamela0021715,705,459,698,165,66
601,139,631,Shamela0026884,688,884,1193,178,43
601,135,581,ShamAY0034249,195,132,385,148,39
601,1193,1487,Sham19Y0018106,341,1021,1252,155,65
601,1183,1487,Sham19Y0018103,449,1243,1482,168,68
601,198,631,Shamela0021721,143,649,978,155,36
601,192,709,Sham19Y0146126,33,742,1080,192,46
601,198,1532,Sham19Y0016599,507,1,1328,1045,96
601,1,131,ShamAY0035249,197,445,593,105,86
601,1176,1487,Sham19Y0013783,141,670,919,186,74
601,1176,1487,Sham19Y0013605,698,1091,1397,239,95
602,534,1438,Shia000841Vols,728,85,715,434,56
602,1,1182,Shamela0008540,371,405,1251,548,53
602,210,424,Sham19Y0131521,517,56,290,161,84
602,903,1487,Sham19Y0014309,2288,1181,1539,280,56
602,1487,1624,Sham19Y0014309,2289,1,138,110,98
602,563,1174,ShamIbadiyya0000219,148,885,1428,248,48
602,210,351,Sham19Y0018272,1743,894,1027,104,91
602,1,199,Sham19Y0016599,507,1328,1526,154,94
602,199,440,Sham19Y0016599,508,1,242,191,99
602,1070,1500,Sham19Y0013605,689,840,1107,131,35
603,304,802,Sham19Y0020561,1320,699,1262,153,25
603,304,802,JK007083,25,663,1243,161,25
603,514,798,Shamela0001733,4729,409,632,96,38
603,1345,1581,Sham19Y0013769,316,796,1036,87,37
603,514,802,Shamela0000767,256,660,884,96,38
603,514,798,Shamela0000767,270,39,259,93,37
603,514,798,ShamAY0035035,756,888,1109,94,38
603,1005,1577,Sham19Y0017747,220,345,868,356,74
603,514,802,ShamAY0033975,607,71,298,99,39
603,972,1577,Shamela0008540,374,594,1137,351,68
603,514,802,Shamela0011428,106,525,749,95,37
603,304,850,Shamela0021590,143,259,601,93,19
603,514,802,Shamela0001727,184,1040,1267,99,39
603,514,802,ShamAY0033910,50,488,719,98,38
603,508,802,Shamela0005922,527,61,294,101,39
603,508,802,Shamela0000427BK2,239,1134,1362,94,37
603,514,802,JK000130,50,913,1144,98,38
603,514,802,ShamAY0033585,45,823,1050,99,39
603,514,802,JK000271,19,6,159,88,39
603,514,802,Sham19Y0017903,119,229,451,91,36
603,514,798,Shamela0004289,333,845,1068,96,38
603,514,798,Sham19Y0122406,563,1077,1300,96,38
603,1031,1222,Sham19Y0145212,4146,710,901,154,98
603,514,802,Zaydiyya0000149,49,927,1217,95,33
603,514,798,Sham19Y0001734,513,551,785,98,37
603,514,802,Sham19Y0132524,372,901,1128,99,39
603,1035,1554,ShamAY0036011,7,1087,1562,372,86
603,304,566,Shamela0001875,173,1045,1451,109,29
603,304,798,JK007107,36,667,1185,162,30
603,514,798,Sham19Y0017729,71,1128,1352,96,38
603,1031,1568,Sham19Y0014224,126,944,1424,270,57
603,514,802,Sham19Y0020638,164,280,507,99,39
603,514,798,ShamAY0031687,103,19,253,98,37
603,508,802,Sham19Y0147671,378,807,1039,101,39
603,152,760,Sham19Y0016599,509,732,1294,201,30
603,603,760,Shamela0009242,382,343,481,108,84
603,514,802,Sham19Y0017616,56,84,319,99,38
603,508,802,Shamela0011993,143,880,1116,98,37
603,1001,1341,Sham19Y0013605,701,583,800,174,61
603,514,802,Shamela0010517,248,736,963,99,39
604,261,451,Sham19Y0020561,1316,778,967,149,95
604,658,875,Sham19Y0013769,317,708,1019,81,28
604,459,880,Sham19Y0017747,220,134,489,237,68
604,7,435,Shamela0008540,374,1137,1524,292,82
604,973,1529,Shamela0001727,185,354,631,73,12
604,459,647,Shamela0000140,1310,223,419,137,80
604,429,647,Shamela0009702,1096,991,1222,155,77
604,1221,1389,Sham19Y0122406,567,1103,1267,99,69
604,7,898,ShamAY0036011,8,24,456,342,46
604,114,576,Sham19Y0013252,1079,1164,1402,183,49
604,701,952,Sham19Y0016599,510,59,314,202,98
604,459,858,Sham19Y0013605,701,191,718,191,39
604,691,957,Sham19Y0013605,715,1116,1355,172,76
605,104,314,Sham19Y0020561,1323,423,633,170,99
605,694,1631,Sham19Y0017350,156,261,1156,656,82
605,291,664,Sham19Y0013667,3210,1,178,131,43
605,716,1290,Sham19Y0013769,310,844,1617,296,39
605,1290,1631,Sham19Y0013769,311,1,308,245,87
605,573,694,ShamAY0034227,70,219,336,96,96
605,694,1428,Shamela0008540,146,926,1530,420,66
605,104,743,Shamela0008540,366,469,1333,291,34
605,716,1218,Shamela0005756,1583,361,693,156,36
605,158,376,Shamela0005756,1604,1024,1184,99,55
605,947,1354,JK000201,173,1,349,285,85
605,1249,1534,ShamAY0033531,68,172,425,131,53
605,104,705,Sham19Y0014224,141,483,1171,290,43
605,104,489,Sham19Y0018272,2280,411,783,293,92
605,118,376,Sham19Y0013252,984,130,319,125,56
605,705,1218,Shamela0011036,207,131,531,306,72
605,104,471,Sham19Y0016599,280,175,559,274,84
605,567,694,Sham19Y0016599,283,801,928,104,100
605,389,673,Shamela0009242,388,334,824,177,40
605,710,1631,Sham19Y0014601,270,893,1350,368,48
605,710,1631,Sham19Y0150962,816,290,854,350,44
605,346,567,Sham19Y0014325,221,7,439,81,20
605,104,567,Shamela0000791,51,89,433,254,65
605,705,1548,Shamela0000791,67,758,1588,671,97
605,104,481,Sham19Y0013605,615,508,798,224,73
606,767,1162,Shamela0003485,258,1128,1416,184,55
606,975,1166,JK000977,312,1191,1389,154,96
606,874,1156,Sham19Y0122409,70,1106,1328,141,62
606,975,1166,JK010001,2265,703,874,136,88
606,975,1162,Shia003348,96,729,917,150,98
606,975,1166,Tafsir07055,2370,1146,1336,152,98
606,865,1166,Shamela0001727,185,1029,1464,195,52
606,1113,1565,Shamela0005756,1831,1170,1445,192,51
606,767,1162,Kraken230106005528,719,637,980,151,42
606,975,1162,Shamela0010758,31,998,1206,137,82
606,975,1501,Sham19Y0014309,2297,208,797,228,38
606,975,1166,Sham19Y0014309,2916,554,745,152,98
606,975,1188,Masaha004231Vols,248,481,708,158,86
606,865,1166,Shamela0004289,335,804,1236,190,51
606,748,1568,Sham19Y0122406,569,234,986,458,66
606,975,1166,Sham19Y0122406,570,499,690,153,99
606,978,1162,Sham19Y0132524,375,506,690,149,100
606,183,315,ShamAY0033531,237,55,176,99,91
606,975,1188,Shamela0021670,20,1101,1313,161,94
606,767,1162,Shamela0036446,99,71,354,177,53
606,731,1162,Shamela0025800,1937,51,388,195,53
606,975,1166,ShamAY0034005,140,1086,1277,154,100
606,781,1166,Sham19Y0020638,165,358,943,236,49
606,787,1166,Shamela0008476,192,602,1082,173,38
606,787,1162,JK000475,45,175,592,174,41
606,978,1166,Sham19Y0095660,1645,897,1085,150,98
606,1128,1534,Sham19Y0013252,1072,20,247,163,48
606,975,1166,Shamela0006700,430,27,218,150,97
606,961,1166,Sham19Y0017616,56,421,641,152,85
606,731,1166,JK007065,1304,381,1094,223,33
606,975,1318,Shamela0000137,126,78,754,219,38
606,1056,1568,Sham19Y0013605,693,155,425,198,47
607,1435,1576,JK000977,313,844,1260,89,27
607,539,917,JK010001,2266,1257,1550,236,76
607,959,1186,Shamela0008540,143,887,1103,163,85
607,884,1186,Sham19Y0014299,648,138,365,154,59
607,539,942,Tafsir07055,2372,285,690,326,99
607,289,903,Shamela0000432,5544,920,1422,223,38
607,1438,1576,Shamela0005756,1606,416,545,103,93
607,1,235,Shamela0005756,1831,1450,1587,98,52
607,141,807,Sham19Y0014309,2297,801,1560,419,61
607,612,998,Shia001831Vols,171,1422,1655,123,35
607,363,714,Sham19Y0122406,570,13,354,218,66
607,339,817,Sham19Y0132524,376,1059,1469,251,60
607,884,1458,ShamAY0033531,64,253,681,256,55
607,284,888,Shamela0008476,192,1082,1513,332,67
607,1,235,Sham19Y0013605,693,425,568,107,55
608,574,713,Shamela0021715,608,45,239,107,68
608,275,546,Shamela0005756,1606,493,738,147,60
608,550,713,Shamela0005756,1606,1265,1432,129,94
608,546,713,JK000201,162,377,549,132,94
608,38,250,Shamela0011036,264,418,639,169,93
608,332,713,Shamela0021598,397,665,1044,162,42
608,546,713,Sham19Y0016599,280,874,1035,130,95
608,287,633,Shamela0009242,389,1,286,221,77
608,1172,1423,Sham19Y0014601,303,1007,1256,195,98
609,76,798,Shamela0001727,187,666,1178,285,44
609,1339,1501,Shamela0001727,187,1178,1400,69,32
609,490,754,Sham19Y0122406,573,477,770,188,81
609,1339,1501,Sham19Y0122406,574,474,697,69,31
610,195,887,Shamela0001727,188,30,535,179,28
610,314,678,Shamela0005756,1839,1114,1425,221,72
610,195,887,Sham19Y0122406,574,783,1288,179,28
610,350,674,ShamAY0033531,241,1,277,205,78
610,322,659,Sham19Y0013252,1074,1218,1515,208,72
610,322,674,Sham19Y0016599,509,834,1145,229,76
611,1029,1197,ShamAY0033177,206,271,419,114,85
611,128,597,Sham19Y0148486,7005,636,1010,294,75
611,115,611,Sham19Y0017747,221,35,529,319,69
611,115,558,Sham19Y0122402,1385,697,1124,324,84
611,128,713,Shamela0008540,380,980,1485,385,76
611,719,1251,Shamela0008540,381,4,762,314,49
611,131,558,Sham19Y0131521,507,872,1269,280,75
611,1,744,Sham19Y0127677,14500,1055,1371,217,34
611,131,383,JK000201,315,1272,1523,201,97
611,383,586,JK000201,316,1,194,154,89
611,119,713,ShamAY0033531,253,815,1248,287,54
611,1,217,Shamela0009242,384,1243,1476,125,64
612,284,514,ShamAY0033177,206,1,239,177,89
612,736,1564,Shia000841Vols,734,377,1283,377,42
612,222,506,ShamAY0034204BK1,91,853,1140,202,82
612,1,240,Sham19Y0016599,513,420,659,159,81
612,222,569,Shamela0009242,386,1078,1369,191,68
612,1305,1450,Sham19Y0023625,2418,259,413,115,92
612,1156,1564,Shamela0000137,247,380,728,156,43
613,73,216,Shamela0021848BK1,125,6,131,102,87
613,54,190,Sham19Y0020561,1321,1133,1318,105,70
613,54,190,JK007083,26,459,644,105,70
613,54,190,Shamela0012293,2726,845,1034,104,68
613,54,190,Shia000841Vols,734,1462,1617,108,86
613,231,547,Shamela0008540,457,184,506,250,95
613,54,190,Shamela0025794,4808,249,434,105,70
613,73,190,Shamela0001727,190,1,149,90,75
613,54,190,Shamela0000894,1709,808,994,104,69
613,54,190,Shamela0000894,1742,971,1157,104,69
613,54,190,Shamela0005922,531,154,355,105,65
613,806,1365,Shamela0005922,532,897,1537,194,28
613,54,190,ShamAY0033585,47,1387,1542,109,87
613,54,190,JK000271,19,1007,1192,104,69
613,54,190,Sham19Y0017903,122,1134,1325,105,68
613,54,190,Sham19Y0122406,577,292,478,105,70
613,54,190,Sham19Y0132524,380,54,240,105,70
613,73,190,Kraken230110004547,320,653,805,90,73
613,54,190,Sham19Y0018144,420,997,1183,105,70
613,54,190,JK007107,37,757,943,105,70
613,54,190,Shamela0025800,1946,1121,1306,104,69
613,54,190,Sham19Y0017729,73,453,644,105,68
613,54,190,Sham19Y0020638,168,705,891,103,68
613,54,190,Sham19Y0017616,60,410,596,105,70
613,841,1083,Sham19Y0023625,2417,669,955,135,52
613,235,790,Sham19Y0023625,2418,425,937,388,87
613,54,190,Shamela0000137,244,622,806,104,70
613,806,1036,Sham19Y0014119,768,606,835,188,99
613,54,190,Sham19Y0148271,2260,887,1073,105,70
613,58,245,Rafed0003902Vols,619,1,220,117,62
614,562,848,Shamela0021848BK1,125,6,287,139,49
614,543,1160,Sham19Y0020561,1321,1133,1414,138,24
614,543,1160,JK007083,26,459,740,138,24
614,543,1171,Sham19Y0014313,1491,972,1280,138,23
614,543,1160,Shamela0005803,189,496,783,134,23
614,543,1160,JK000977,319,58,286,128,24
614,1230,1549,Shamela0008540,455,717,1023,206,69
614,5,164,Shamela0008540,457,1377,1535,119,92
614,562,1160,Shamela0001727,190,1,245,124,22
614,543,1171,Shamela0009810,284,802,1110,139,23
614,1,390,Shamela0005756,2027,764,1119,119,27
614,543,1160,Shamela0000894,1709,808,1090,137,23
614,543,1160,Shamela0000894,1742,971,1253,137,23
614,543,1160,Shamela0009790,51,1029,1321,138,23
614,543,1171,Shia001731Vols,134,374,682,139,23
614,543,1160,Shamela0005922,531,154,456,136,25
614,543,1166,JK000271,19,1007,1298,127,20
614,970,1472,Shia001831Vols,172,858,1165,227,55
614,562,759,Sham19Y0122406,579,57,200,91,57
614,543,1160,Sham19Y0132524,380,54,337,138,23
614,543,1160,Shamela0001875,194,65,347,137,23
614,543,1160,JK007107,37,757,1039,138,24
614,543,1160,Shamela0025800,1946,1121,1405,128,21
614,543,1160,Sham19Y0017729,73,453,741,138,23
614,543,1160,Sham19Y0020638,168,705,992,137,23
614,543,1160,Sham19Y0017616,60,410,692,138,24
614,543,1160,Sham19Y0013241,192,491,772,134,23
614,543,1160,JK007065,1411,920,1198,136,23
614,543,1160,Shamela0000137,244,622,905,135,24
615,726,1046,Sham19Y0017350,201,1290,1590,206,74
615,1046,1330,Sham19Y0017350,202,1,273,221,93
615,503,955,Sham19Y0013667,615,862,1270,272,68
615,189,350,Sham19Y0013667,616,703,869,124,90
615,432,1635,Sham19Y0017747,167,499,1460,750,75
615,438,1330,Sham19Y0017747,248,753,1558,626,85
615,538,1347,Shia000841Vols,912,399,1376,441,47
615,189,350,Shamela0008540,409,409,570,127,97
615,432,1092,Shamela0008540,448,41,699,362,57
615,1152,1635,Shamela0021590,163,1135,1380,144,33
615,1,278,Sham19Y0017437,264,422,1078,163,30
615,503,955,Shamela0005756,2008,1169,1574,278,69
615,551,883,ShamAY0034282,265,570,992,194,52
615,471,1196,ShamIbadiyya0000219,201,1048,1570,379,62
615,993,1335,ShamIbadiyya0000219,202,1,198,145,49
615,1,350,Sham19Y0018103,416,830,1414,189,34
615,432,1635,Sham19Y0014224,160,77,1180,855,84
615,506,853,Shamela0009242,436,263,559,187,60
615,208,350,Sham19Y0013605,650,1267,1414,107,86
615,1,312,Sham19Y0013605,759,354,895,188,41
616,1,128,Sham19Y0017747,167,1460,1585,94,90
616,128,908,Sham19Y0017747,168,1,665,428,62
616,1,1364,Sham19Y0017747,247,872,1561,514,46
616,1,1231,Shia000841Vols,1070,6,1619,920,69
616,121,393,ShamIbadiyya0000219,185,593,858,210,94
616,121,393,Sham19Y0013631,1947,548,795,200,89
616,1131,1364,Sham19Y0013577,268,189,516,161,58
616,1,535,Sham19Y0014224,160,1180,1665,389,87
616,535,1395,Sham19Y0014224,161,1,840,659,94
616,1131,1364,ShamAY0034251BK3,110,725,936,134,66
616,445,1601,Sham19Y0016599,628,354,1538,853,83
616,1131,1364,Sham19Y0014580,431,353,667,156,57
616,117,612,Sham19Y0017063,161,1084,1516,310,74
617,26,349,Sham19Y0013667,615,546,842,203,71
617,312,1110,Sham19Y0017747,168,883,1497,374,54
617,1,266,Shia000841Vols,1072,151,400,153,61
617,354,1019,Shia000841Vols,1074,548,1459,275,31
617,26,334,Shamela0005756,2009,212,482,189,72
617,1241,1650,Sham19Y0016599,629,203,612,328,95
617,64,266,Sham19Y0016599,629,1,203,165,99
618,655,1349,Sham19Y0017350,203,643,1240,311,44
618,332,560,Sham19Y0013769,372,561,750,148,79
618,1027,1353,Sham19Y0148486,555,8,599,208,41
618,844,1276,Shamela0008176,910,826,1010,111,31
618,332,1239,Sham19Y0017747,243,532,1493,536,60
618,1239,1456,Sham19Y0017747,244,1,219,167,93
618,70,1109,Shia000841Vols,1072,534,1536,737,85
618,1109,1456,Shia000841Vols,1073,1,315,232,83
618,63,332,Shamela0008540,404,1262,1518,200,92
618,332,975,Shamela0008540,405,1,602,439,82
618,332,722,Shia000234Vols,10826,879,1164,164,47
618,70,560,Shamela0005756,2009,500,944,319,77
618,1168,1349,Shamela0005756,2055,4,156,114,80
618,835,1427,Shamela0005922,652,780,1218,262,56
618,655,975,Shamela0000427BK2,658,1215,1469,149,56
618,57,1427,Sham19Y0014309,2349,45,993,642,55
618,991,1475,Shamela0036543,1007,528,990,285,67
618,1075,1405,JK000201,356,928,1210,193,70
618,57,1427,JK000201,357,66,1255,891,78
618,1144,1349,Sham19Y0018103,506,1235,1404,113,64
618,885,1456,Sham19Y0014224,162,399,1043,381,69
618,369,830,Sham19Y0014224,163,1,432,345,93
618,57,332,Shamela0008476,222,394,670,217,98
618,1066,1357,Shia000820Vols,125,371,1059,175,32
618,1027,1280,Sham19Y0146127,271,920,1231,153,54
618,332,554,Shamela0009242,374,1012,1223,142,72
618,262,1427,Shamela0009242,375,1,883,680,72
618,1024,1339,Shamela0009242,417,144,646,147,35
618,1151,1362,Sham19Y0013605,779,673,853,116,70
619,1317,1522,Sham19Y0013769,371,429,631,135,77
619,780,908,Shia000841Vols,688,840,965,90,87
619,1317,1522,Sham19Y0014224,159,988,1197,151,83
619,29,571,Sham19Y0014224,163,780,1356,399,82
619,1313,1522,Sham19Y0013605,759,1409,1578,138,79
620,1202,1544,Sham19Y0013667,614,998,1302,229,83
620,477,598,Sham19Y0013769,2008,1137,1267,85,84
620,1202,1544,Shamela0008540,415,982,1285,228,83
620,285,483,Sham19Y0131521,558,472,675,105,52
620,1088,1560,Sham19Y0131521,558,926,1411,361,90
620,285,483,Shamela0021715,775,28,231,105,52
620,285,718,Sham19Y0017437,265,786,1069,162,42
620,1202,1525,Shamela0005756,1710,680,967,216,82
620,285,483,Shamela0001673,1478,580,784,105,52
620,42,718,ShamAY0033522,87,565,1102,355,62
620,255,483,JK000201,343,820,1055,112,50
620,246,718,Sham19Y0014224,158,996,1420,278,67
620,707,1010,Sham19Y0014224,159,1203,1502,234,93
620,494,663,ShamAY0035950,401,1296,1447,105,77
620,222,718,ShamAY0035950,402,228,655,239,48
620,285,801,Shamela0000551,244,584,1092,246,49
621,987,1210,Sham19Y0020944,71,62,361,115,42
621,1388,1520,Sham19Y0013769,2007,1,133,106,100
621,552,948,Sham19Y0017747,165,956,1332,289,90
621,943,1210,JK000977,321,99,871,156,25
621,1052,1210,Shamela0008540,426,850,1079,82,42
621,548,730,Shamela0008540,429,494,614,70,43
621,161,526,Sham19Y0131521,546,572,945,250,75
621,987,1210,Sham19Y0131521,573,195,494,115,42
621,943,1210,Shamela0001727,191,62,812,161,27
621,1052,1210,JK000916,17959,715,947,105,56
621,987,1210,Shamela0004289,341,1047,1348,110,40
621,552,937,Sham19Y0122406,581,956,1293,258,82
621,548,1131,Sham19Y0122406,582,668,1351,149,18
621,1148,1520,Sham19Y0122406,583,468,950,158,31
621,552,919,Sham19Y0132524,384,1233,1501,194,65
621,1052,1210,Sham19Y0018144,424,675,1005,105,40
621,1052,1210,Shamela0025800,1964,994,1264,105,49
621,943,1210,Sham19Y0020638,169,325,880,155,34
621,987,1210,Sham19Y0020591,122,989,1288,115,42
621,1061,1210,Sham19Y0016599,630,1238,1480,102,53
621,987,1210,JK007065,1343,162,510,115,37
621,987,1210,Sham19Y0014601,696,778,1082,114,41
622,1,1356,Sham19Y0013769,2007,133,1198,809,75
622,930,1421,Sham19Y0017747,246,1,439,334,83
622,270,1229,Shamela0008540,407,854,1156,215,28
622,1064,1472,Shamela0023700,3037,100,494,134,32
622,701,1087,Sham19Y0013253,221,849,1195,159,46
622,1,645,ShamAY0033522,89,992,1461,356,69
622,645,1339,ShamAY0033522,90,1,434,331,58
622,899,1092,Sham19Y0122406,12,1284,1484,126,77
622,1,192,Sham19Y0122406,13,139,313,126,81
622,1,488,Sham19Y0122406,583,950,1451,318,72
622,488,882,Sham19Y0122406,584,47,480,243,63
622,29,833,Sham19Y0132524,383,608,1220,335,45
622,706,1472,Sham19Y0014224,161,907,1558,325,47
622,326,1005,Masaha001864Vols,4577,15,715,419,68
622,60,1005,Shamela0000551,250,1,836,504,59
623,452,1018,Sham19Y0148486,554,67,458,89,14
623,1213,1468,Sham19Y0017747,243,114,327,129,60
623,1222,1483,Shamela0008540,407,1166,1486,173,64
623,421,775,Shamela0008540,411,36,509,256,67
623,1,339,Shamela0008540,418,30,348,249,90
623,426,1018,Shamela0008540,426,715,1028,106,18
623,1,224,Sham19Y0131521,562,1225,1538,169,65
623,224,339,Sham19Y0131521,563,1,116,94,100
623,421,1018,Shamela0001727,191,382,750,122,20
623,1213,1483,Sham19Y0014309,2349,1171,1460,192,77
623,807,1082,Sham19Y0122406,584,882,1288,113,34
623,1,339,ShamAY0033531,278,593,920,265,96
623,426,1018,Sham19Y0020591,122,866,1226,118,19
623,947,1453,Sham19Y0014601,663,901,1458,209,35
624,605,771,Sham19Y0013769,379,322,521,120,69
624,1434,1630,Shamela0037325,2009,642,831,151,95
624,145,457,Shamela0005756,2058,725,1054,201,69
624,576,893,Shamela0005756,2059,140,406,172,67
624,1009,1601,Shia001831Vols,173,871,1129,184,38
624,1054,1309,Sham19Y0149213,2128,475,1037,97,20
624,1452,1630,ShamAY0033531,264,1449,1582,106,73
624,358,873,Sham19Y0018106,389,947,1279,159,37
624,365,873,Sham19Y0018103,508,302,606,138,32
624,237,899,Sham19Y0014224,168,1,442,338,62
624,477,627,Sham19Y0013252,1172,1445,1576,88,73
624,105,899,Sham19Y0016599,635,517,1238,539,83
624,145,742,Sham19Y0013605,781,667,1204,337,62
624,738,893,Sham19Y0013605,782,52,196,107,85
625,738,1231,Sham19Y0148486,5738,1035,1237,95,20
625,738,1231,Shamela0002863,2183,988,1163,81,18
625,738,1231,Shamela0025794,5239,826,988,109,27
625,1,291,Shamela0037325,2009,831,1098,212,85
625,240,779,Shamela0001727,192,786,1422,134,19
625,738,1231,Shamela0001727,373,1249,1424,81,18
625,15,425,JK000201,358,852,1192,266,78
625,738,1231,Shamela0004289,329,624,800,109,27
625,738,1231,Shamela0004289,666,274,436,109,27
625,738,1231,ShamAY0034282,215,519,664,73,17
625,738,1231,ShamAY0034282,913,672,834,109,27
625,439,1368,Sham19Y0122406,587,346,1106,252,26
625,738,1231,Sham19Y0122406,1065,485,660,81,18
625,738,1226,Sham19Y0014462,151,470,636,107,28
625,738,1231,Shamela0021479,112,339,504,104,27
625,1,146,Sham19Y0016599,635,454,585,108,90
625,738,1231,Masaha001838,59,237,483,117,28
625,1,234,Sham19Y0013605,780,1296,1514,166,84
626,628,783,JK007083,39,812,971,124,97
626,628,783,JK000021,1600,423,582,124,97
626,628,783,Shamela0007891,1392,160,319,124,97
626,591,703,Sham19Y0017124,938,1309,1443,85,79
626,802,1033,Sham19Y0017124,939,1,248,190,93
626,628,802,Shamela0001733,1232,1089,1251,111,78
626,628,783,Shamela0000767,4896,1251,1408,122,96
626,628,776,Shamela0003485,225,1357,1509,118,97
626,628,783,Shamela0006610,138,669,827,123,96
626,628,783,Shamela0008176,3992,1321,1472,120,97
626,807,1587,Sham19Y0131521,5450,342,831,337,50
626,647,1186,Shamela0021715,8173,1333,1529,142,32
626,591,783,Shamela0001727,193,744,1073,149,56
626,623,776,Sham19Y0133357,850,836,987,115,91
626,628,783,Shamela0012014,352,97,256,124,97
626,628,1033,Sham19Y0127677,14486,52,843,223,31
626,647,807,Shamela0011385,901,76,247,115,84
626,647,1477,Shamela0001673,7835,480,926,321,47
626,628,783,Shamela0008381,1147,620,779,124,97
626,628,783,Sham19Y0014309,1617,464,623,123,96
626,836,1037,Shia003923Vols,1698,1,201,145,80
626,628,783,Sham19Y0017903,150,158,317,124,97
626,628,783,Shamela0006366,182,1325,1484,124,97
626,1143,1477,JK000201,3508,1010,1297,198,67
626,628,783,Shamela0004289,259,1161,1320,124,97
626,628,783,Shamela0023628,2592,1228,1383,120,94
626,647,776,Shamela0021735,1334,1300,1422,97,94
626,628,783,Shamela0001875,1149,640,803,123,94
626,964,1477,ShamAY0033531,2879,1,578,344,67
626,783,1240,ShamAY0033531,4061,1080,1584,265,56
626,1240,1477,ShamAY0033531,4062,1,249,191,93
626,647,783,Kraken230110004547,228,350,514,102,75
626,628,749,Sham19Y0018144,395,1306,1432,89,90
626,647,783,Shamela0036446,153,437,568,105,96
626,628,819,Sham19Y0014555,885,1162,1382,121,68
626,628,783,Sham19Y0017729,81,686,845,124,97
626,628,783,ShamAY0034005,169,888,1047,124,97
626,628,826,Sham19Y0020638,171,494,688,152,93
626,378,530,Sham19Y0020638,1600,809,974,111,83
626,607,826,ShamAY0034274,538,371,862,139,33
626,628,826,JK000475,1962,182,356,124,76
626,628,783,Shia001976Vols,285,645,793,109,86
626,568,783,Shamela0021766,3120,307,533,141,72
626,628,776,Shamela0021751,7528,1032,1206,112,77
626,628,795,JK001100,11,963,1133,125,90
626,647,783,Shamela0009242,584,1093,1233,108,96
626,628,783,Sham19Y0017616,57,149,312,123,94
626,647,783,Shamela0021589,1744,920,1052,105,97
626,628,787,Shamela0000041,1797,777,936,121,93
626,628,787,Shamela0000782,934,323,491,122,91
626,628,819,Sham19Y0014297,410,32,219,121,80
626,628,826,ShamAY0035249,99,143,317,124,76
626,802,1477,ShamAY0035249,292,144,880,451,68
626,628,787,JK007065,716,1158,1321,127,97
626,628,783,Sham19Y0122257,1887,1063,1214,120,97
626,628,918,Sham19Y0014601,5304,946,1487,175,37
626,607,783,Sham19Y0014119,340,255,505,128,64
626,568,783,Sham19Y0017063,711,276,474,138,80
626,628,783,Shamela0008360,472,155,306,120,97
626,628,783,Sham19Y0017442,350,757,921,123,93
627,667,1346,Shamela0008176,3993,535,977,267,44
627,697,864,Sham19Y0035453,188,1180,1376,130,83
627,667,1346,Sham19Y0122257,1888,448,910,330,60
628,336,725,Shamela0001673,7835,1205,1512,192,63
628,1309,1490,Sham19Y0035453,190,899,1039,113,76
628,216,757,ShamAY0033531,2879,666,1531,420,61
628,216,845,ShamAY0033531,4062,337,1288,486,64
628,1009,1274,JK007074,101,78,301,170,77
628,216,492,ShamAY0035249,292,968,1566,214,44
628,492,845,ShamAY0035249,293,1,354,272,97
628,1099,1425,Shamela0001395,55,1184,1510,266,100
628,1099,1410,Sham19Y0017442,258,1316,1599,226,86
629,145,622,Shia002616Vols,5065,488,732,115,29
629,1164,1552,Shamela0001727,194,622,777,71,20
629,1131,1552,Shamela0023644,290,817,1040,95,23
629,145,622,Shamela0004289,328,1071,1312,114,29
629,1164,1552,Sham19Y0122406,590,1323,1478,71,20
629,1161,1552,Shamela0001875,171,886,1043,72,20
629,145,622,Shamela0025800,395,104,351,116,29
629,1161,1552,Sham19Y0147597,1350,13,196,81,21
629,1161,1552,Sham19Y0020638,172,34,191,72,20
629,145,622,Sham19Y0020638,1093,539,789,108,27
629,1156,1578,Masaha001864Vols,4066,135,438,244,69
629,306,570,Sham19Y0013252,1106,1,587,141,29
629,145,622,Shamela0009242,393,1110,1348,113,28
629,145,622,Shamela0009242,394,215,453,113,28
629,1164,1552,Sham19Y0017442,68,881,1010,75,24
630,1360,1540,ShamIbadiyya0000229,389,282,454,135,92
630,1360,1550,ShamAY0034204BK1,93,420,610,149,96
630,1096,1246,Sham19Y0127700,535,1062,1211,120,99
630,1360,1544,Shamela0005756,1526,1020,1204,144,96
630,1348,1550,ShamIbadiyya0000219,151,1177,1363,143,86
630,1,511,Masaha001864Vols,4066,438,841,321,78
630,1360,1550,Shamela0000791,98,10,200,151,97
631,284,524,Zaydiyya0000142,2799,95,323,179,91
631,11,519,ShamIbadiyya0000229,389,600,1049,270,60
631,328,519,ShamIbadiyya0000229,394,43,213,128,82
631,1329,1571,Shamela0008540,334,748,982,190,93
631,284,524,Shamela0008540,334,540,748,163,85
631,894,1047,Shamela0001727,195,1175,1342,124,91
631,1,621,ShamAY0034204BK1,93,610,1205,473,95
631,229,393,ShamIbadiyya0000219,151,1383,1557,118,77
631,393,519,ShamIbadiyya0000219,152,1,126,97,96
631,894,1047,Sham19Y0122406,593,483,650,124,91
631,1317,1562,Sham19Y0018272,824,1088,1334,198,95
631,388,519,Sham19Y0018272,824,940,1076,98,89
631,388,621,Sham19Y0013252,1123,48,244,128,62
631,305,519,Sham19Y0014032,320,304,513,160,93
631,1,637,Shamela0000791,98,200,815,484,95
631,1,541,Sham19Y0013605,735,1191,1434,185,43
632,544,824,Shamela0001727,196,440,666,78,24
632,911,1190,Shamela0005756,1519,793,1028,142,59
632,182,398,Shamela0005756,1525,1029,1227,153,83
632,120,558,Shia001831Vols,174,454,759,202,56
632,33,398,Sham19Y0018103,373,773,1228,138,30
632,33,363,ShamAY0035990,105,99,341,126,46
632,182,398,Sham19Y0013252,952,737,931,157,87
632,911,1185,Sham19Y0013252,1126,575,770,111,43
632,33,398,Sham19Y0013605,580,201,642,182,44
633,171,453,Sham19Y0017350,170,455,727,179,70
633,701,1469,ShamIbadiyya0000438,111,606,1055,260,40
633,249,663,Sham19Y0013769,334,486,1219,279,45
633,464,663,Shamela0008540,333,1139,1353,148,86
633,470,609,Shamela0005756,1944,252,393,88,73
633,171,453,Sham19Y0122406,597,239,513,181,73
633,1,446,Sham19Y0018103,474,1113,1344,138,37
633,191,477,Sham19Y0014224,136,983,1378,192,59
633,811,1280,Sham19Y0014224,138,191,606,313,83
633,403,656,Sham19Y0013252,1122,1018,1415,164,48
633,697,1469,Sham19Y0016599,528,197,799,358,57
633,1,600,Shamela0000791,98,980,1545,447,91
633,1,649,Sham19Y0013605,735,455,1181,296,39
634,1120,1374,Zaydiyya0000142,2797,995,1169,65,34
634,1100,1374,ShamAY0033975,562,779,1059,92,31
634,32,303,Shamela0008540,334,37,310,219,98
634,746,1019,Sham19Y0131521,471,787,1112,183,67
634,1100,1374,Sham19Y0127677,6482,794,1033,83,35
634,843,1085,JK000201,322,537,792,123,56
634,1100,1546,Sham19Y0122406,597,1145,1553,134,31
634,783,999,ShamAY0033531,210,746,997,157,78
634,634,1480,Sham19Y0020638,174,146,629,158,22
634,1108,1374,Shamela0008544,717,1122,1348,74,37
634,1297,1556,Sham19Y0016599,527,1068,1318,119,45
634,27,530,Sham19Y0016599,528,724,1201,370,87
634,843,973,Shamela0009242,343,1409,1553,102,89
634,634,1374,Sham19Y0017616,55,728,1086,143,23
634,1374,1556,ShamAY0035249,212,1057,1244,145,97
634,1100,1374,Shamela0000137,187,756,952,79,38
634,832,1095,Sham19Y0013605,736,1,242,191,90
635,324,1570,ShamIbadiyya0000438,94,55,1158,853,84
635,298,1297,Shamela0002569,353,1069,1562,343,40
635,1297,1570,Shamela0002569,354,1,276,221,99
635,84,1075,Shamela0008540,297,330,694,271,33
635,879,1570,Sham19Y0131521,445,426,782,245,42
635,1030,1581,Sham19Y0127677,7191,483,990,339,67
635,1246,1570,ShamIbadiyya0000433,143,1,325,249,92
635,375,852,JK000201,230,680,1019,171,36
635,357,1521,Sham19Y0018272,1037,915,1579,520,54
635,399,863,Shamela0009242,310,1132,1435,150,34
635,531,1570,Shamela0009242,323,102,982,432,40
635,40,375,Sham19Y0013241,1800,1217,1554,273,98
635,375,1581,Sham19Y0013241,1801,1,1212,974,99
635,531,1246,Sham19Y0014601,508,821,1412,319,45
635,46,442,Sham19Y0014032,315,493,735,183,57
635,423,1570,Shamela0000791,81,1,596,418,44
636,493,849,Sham19Y0013667,387,147,254,81,28
636,11,853,Sham19Y0148486,281,579,922,175,25
636,11,849,Shamela0011569,149,351,689,174,25
636,15,645,Sham19Y0122402,782,22,352,123,20
636,19,849,ShamAY0033975,467,365,725,166,23
636,493,853,Shamela0025794,1424,520,646,83,28
636,11,849,Shamela0001727,198,179,517,174,25
636,493,849,Sham19Y0127677,7190,22,130,82,29
636,493,849,Sham19Y0127677,7191,332,439,80,28
636,15,903,Sham19Y0013253,223,157,506,214,30
636,11,849,Shamela0004289,278,851,1189,174,25
636,496,773,Sham19Y0018144,3502,979,1165,138,61
636,493,853,Sham19Y0018611,484,285,401,83,29
636,493,849,Shamela0009082,857,814,938,79,27
636,11,853,Sham19Y0146127,128,1123,1428,162,24
636,813,1059,Shamela0009242,322,1015,1568,175,39
636,1175,1422,Shamela0009242,324,611,831,162,75
636,493,849,Sham19Y0017616,54,607,715,82,29
637,135,590,Shamela0001733,217,1019,1131,87,24
637,853,1068,Shamela0008176,647,120,335,161,88
637,135,245,JK000977,334,80,185,78,87
637,846,1158,Shamela0002569,353,776,1069,230,90
637,698,1158,Shamela0008540,306,1,456,314,80
637,135,678,Shamela0001727,199,677,960,134,27
637,667,846,ShamAY0033531,185,1113,1308,133,79
637,135,253,Sham19Y0018144,385,1069,1196,89,90
637,655,846,Sham19Y0018272,208,71,275,150,88
637,135,249,Masaha001864Vols,2202,1325,1454,83,79
637,312,619,Masaha001864Vols,5217,1,318,232,92
637,682,1174,Sham19Y0013252,993,905,1354,320,79
637,846,1158,Sham19Y0016599,416,1001,1276,178,66
637,1048,1158,Sham19Y0016599,1409,330,440,88,100
638,1314,1545,Shamela0021848BK3,138,883,1098,151,77
638,819,1065,Sham19Y0017747,181,110,318,144,68
638,1314,1545,Shia000841Vols,596,246,461,151,77
638,792,1289,Shamela0008540,291,713,1144,335,80
638,840,1206,Sham19Y0131521,431,178,463,210,68
638,799,1414,Shamela0000432,4782,411,890,249,43
638,799,1076,Shamela0010664,34,1166,1545,193,59
638,786,1567,JK000201,230,667,1297,484,76
638,1314,1414,Shamela0004289,280,1074,1343,72,34
638,792,1192,JK001336,595,225,512,203,59
638,1314,1540,JK000221,79,957,1317,120,36
638,1060,1567,ShamAY0033531,176,728,1090,267,65
638,213,603,Sham19Y0018144,3505,155,458,201,61
638,1086,1567,Sham19Y0018272,1038,120,463,216,54
638,1314,1426,Shamela0011468BK1,97,71,184,80,90
638,1086,1258,Sham19Y0016599,415,280,458,134,90
638,641,1244,Shamela0009242,310,934,1518,322,50
638,826,1083,Sham19Y0014601,487,1234,1472,170,75
638,1060,1244,Sham19Y0014601,488,22,205,147,98
638,641,1567,Shamela0023777,534,219,1429,307,22
638,892,1567,Sham19Y0150961,32,1,450,349,62
638,786,1567,Shamela0000791,82,9,679,525,83
639,756,1102,Sham19Y0013769,277,1076,1450,207,62
639,481,899,Shamela0006610,225,912,1354,214,55
639,500,1297,Sham19Y0017747,173,412,1057,352,49
639,543,999,Kraken210323052121,238,1,334,204,54
639,597,1285,Shamela0008540,274,101,754,407,66
639,1,207,Shamela0008540,292,70,274,151,83
639,1,218,Sham19Y0006538,409,1116,1360,175,88
639,751,1481,Sham19Y0131521,424,874,1146,218,36
639,407,597,Shamela0001727,200,819,1152,143,54
639,32,207,Shamela0009810,230,1046,1194,114,78
639,486,882,Kraken210323052149,118,1330,1615,184,57
639,742,1285,Shamela0005756,1291,719,1248,320,65
639,612,929,Sham19Y0014309,3278,1260,1577,243,94
639,929,1102,Sham19Y0014309,3279,1,174,140,100
639,751,1102,Shamela0036543,1937,652,1002,276,96
639,756,1446,JK000201,219,581,1061,363,64
639,1,207,JK000201,230,1297,1507,166,98
639,662,895,Kraken21040109,389,1318,1514,139,73
639,396,688,Sham19Y0122406,604,192,686,174,45
639,671,1003,ShamAY0033531,166,1179,1533,268,93
639,767,1297,Sham19Y0014224,109,1,551,267,48
639,1,396,Sham19Y0018272,1038,463,897,223,59
639,32,323,Sham19Y0020591,78,906,1187,143,53
639,756,895,Sham19Y0013252,846,1295,1439,108,88
639,943,1481,Sham19Y0016599,380,578,1114,419,95
639,597,1446,Shamela0009242,315,21,1048,639,73
639,1,207,Sham19Y0013241,1803,161,371,166,98
639,751,895,Sham19Y0014601,468,424,562,112,95
639,1,407,Shamela0000791,82,679,1086,324,97
639,662,1163,Shamela0000791,85,253,701,331,81
640,831,1170,Sham19Y0013769,282,19,322,231,85
640,133,311,Sham19Y0017747,173,1266,1470,86,43
640,316,712,Sham19Y0017747,174,1,404,312,94
640,831,1170,Shamela0005756,1292,222,529,226,80
640,801,1130,Shamela0036543,1937,1009,1344,252,94
640,403,545,JK001244,13,32,247,84,44
640,157,1130,Sham19Y0014224,110,1,796,535,64
640,805,1170,Sham19Y0013252,848,230,579,249,80
640,801,1130,Shamela0009242,315,1120,1450,255,96
640,801,1130,Shamela0000791,85,717,1017,233,88
641,1009,1192,Sham19Y0013667,2726,67,262,130,79
641,501,625,Sham19Y0013769,276,31,381,94,33
641,1258,1480,Sham19Y0017747,89,555,1001,140,34
641,1271,1508,ShamIbadiyya0000229,932,524,760,194,99
641,636,859,Shamela0001727,201,34,722,146,25
641,396,625,Shamela0005756,1288,855,1078,155,79
641,636,789,Sham19Y0127677,12887,232,477,103,50
641,1009,1180,Shamela0004289,255,871,1061,135,88
641,636,859,Sham19Y0122406,605,518,1206,146,25
641,396,625,ShamAY0033531,166,304,438,102,55
641,1192,1415,ShamAY0033531,2951,1349,1546,158,85
641,1415,1552,ShamAY0033531,2952,1,138,109,100
641,1192,1552,ShamAY0033531,4134,1039,1373,267,90
641,675,999,JK007107,7,181,440,141,51
641,675,920,Shamela0025800,1849,993,1425,127,34
641,416,636,Sham19Y0014224,108,988,1243,171,82
641,1186,1552,Sham19Y0018272,938,916,1329,282,79
641,1252,1552,ShamIbadiyya0000501,18,393,677,233,94
641,964,1186,Sham19Y0020638,177,174,726,160,36
641,169,625,Sham19Y0013252,845,338,978,193,29
641,1186,1552,Shamela0021598,436,55,391,257,84
641,1258,1552,Shamela0009242,91,197,623,194,50
641,675,1208,Sham19Y0017616,48,506,975,197,36
641,1140,1508,Sham19Y0122257,445,726,1133,251,69
641,409,625,Sham19Y0014601,467,659,959,171,70
641,636,859,Sham19Y0018100,1286,699,927,96,41
641,1271,1454,Shamela0000791,621,570,720,89,54
642,1,244,ShamAY0033177,398,1204,1467,174,76
642,129,666,Sham19Y0017747,91,633,1327,360,59
642,1436,1672,Sham19Y0017747,94,821,1031,166,86
642,8,274,Shia000841Vols,252,1351,1606,164,70
642,144,562,ShamIbadiyya0000229,932,391,1085,310,53
642,1436,1672,Shamela0021590,40,736,928,137,71
642,28,612,Shamela0005756,5624,1020,1537,355,71
642,1,721,ShamAY0033531,2952,138,859,589,99
642,1,187,ShamAY0033531,4134,1373,1559,152,100
642,187,721,ShamAY0033531,4135,1,536,437,99
642,8,223,Shamela0021723,10,1456,1633,121,68
642,1,274,Sham19Y0018272,938,1329,1601,207,89
642,282,838,Sham19Y0018272,939,9,550,432,95
642,1,721,ShamIbadiyya0000501,18,677,1383,564,93
642,87,691,Sham19Y0013252,2925,1,513,365,72
642,1,471,Shamela0021598,436,391,856,358,89
642,471,674,Shamela0021598,436,1439,1647,166,96
642,137,294,Shamela0009242,92,1093,1576,129,32
642,294,721,Shamela0009242,93,12,923,293,38
642,82,659,Shamela0000791,621,733,1135,195,40
643,26,784,Sham19Y0017747,94,1041,1552,325,51
643,431,741,Shamela0021715,8582,455,649,150,60
643,505,741,Shamela0000551,1789,638,771,71,37
643,431,741,Sham19Y0122257,445,1153,1430,224,89
644,1191,1553,ShamAY0033177,602,1331,1649,259,87
644,1288,1600,Shia000841Vols,758,13,456,157,36
644,1219,1612,Shamela0008540,461,440,963,226,46
644,902,1263,Shamela0026568,986,1009,1296,216,73
644,902,1263,Shamela0023685,1161,623,917,207,67
644,775,1001,ShamAY0033531,298,1407,1593,96,47
644,1191,1566,ShamAY0033531,305,944,1261,132,32
644,768,1036,Sham19Y0014224,143,118,353,151,61
644,1459,1612,Sham19Y0014224,147,1280,1493,127,71
644,1191,1419,Sham19Y0014224,148,158,440,158,66
644,768,1001,Shamela0009242,397,558,845,152,58
644,1159,1535,Sham19Y0014601,766,1281,1650,303,98
645,1,222,ShamAY0033177,603,80,273,153,86
645,889,1497,Sham19Y0017747,236,10,534,410,81
645,1160,1419,Sham19Y0017747,2600,246,497,199,95
645,228,850,Shamela0008540,476,699,1237,387,74
645,338,839,JK000201,342,1042,1513,341,80
645,228,839,ShamIbadiyya0000219,209,458,1160,365,57
645,1160,1486,ShamIbadiyya0000219,210,52,322,215,81
645,1155,1408,Sham19Y0016599,594,1243,1486,189,92
645,1408,1609,Sham19Y0016599,595,1,191,156,94
645,338,839,Shamela0009242,398,715,1185,350,84
645,582,839,Shamela0023777,709,867,1157,200,82
645,338,613,Shamela0023777,712,386,798,125,36
646,118,534,ShamIbadiyya0000219,232,919,1332,289,84
646,1,144,Sham19Y0016599,595,191,334,114,100
647,355,910,Shamela0007891,224,1036,1458,127,22
647,349,906,Shamela0001733,4480,331,777,141,24
647,355,936,Sham19Y0148486,359,286,712,135,23
647,355,936,Sham19Y0148486,388,47,505,131,21
647,499,951,JK009390,5854,417,715,114,31
647,355,910,Shamela0001719,3584,185,560,125,22
647,355,906,Shamela0028107,251,443,842,125,22
647,355,936,Shamela0002863,181,325,743,129,21
647,1254,1588,Shamela0008540,459,1128,1274,100,38
647,355,970,Shamela0025794,4859,709,1209,142,21
647,355,910,Shamela0026365,53,33,447,127,22
647,355,906,Shamela0001727,203,315,720,127,22
647,355,906,Shamela0006446,363,897,1322,116,20
647,349,906,Shamela0000432,4775,145,642,153,24
647,1110,1593,Shamela0005756,2116,1156,1476,198,46
647,717,1560,Shamela0005756,10315,610,933,190,26
647,355,918,Shamela0006056,151,583,959,125,23
647,355,906,Tafsir09084,546,1103,1495,122,22
647,860,1017,Sham19Y0014309,2263,448,648,92,51
647,355,906,JK000130,61,205,589,123,22
647,355,906,ShamAY0038638,56,355,758,117,20
647,355,936,Shamela0002102,383,112,558,121,19
647,355,975,ShamIbadiyya0000219,217,411,801,135,22
647,470,975,ShamAY0034068,509,40,474,141,26
647,355,982,Sham19Y0145212,545,189,722,173,26
647,355,906,Shamela0012399,234,467,883,120,21
647,355,906,Sham19Y0001734,551,588,964,132,24
647,355,906,Sham19Y0001734,562,524,1065,145,23
647,470,906,Sham19Y0149697,600,63,400,107,22
647,349,970,Shamela0001438,7685,752,1376,166,23
647,355,906,Sham19Y0018144,410,77,519,136,24
647,355,906,Shamela0009107,671,176,577,127,23
647,355,906,Shamela0008233,18,763,1165,127,23
647,355,906,ShamAY0034005,893,381,800,125,22
647,355,970,Sham19Y0006684,201,574,1023,148,24
647,470,936,JK009154,66,442,786,117,25
647,519,906,JK000475,58,1,286,79,18
647,355,906,JK000475,2348,871,1263,130,24
647,355,951,Shamela0021696,5,977,1433,130,21
647,355,975,JK007116,6,667,1213,131,18
647,355,1064,Shamela0021479,164,292,909,161,20
647,470,906,Sham19Y0146127,168,380,688,108,24
647,355,906,Shamela0011036,268,571,1048,108,16
647,349,970,Shamela0011036,280,47,577,153,23
647,860,1142,Shamela0011036,282,438,797,196,64
647,355,906,Shamela0000551,217,373,776,121,21
647,355,936,ShamAY0036736,147,414,887,131,22
647,355,906,Tafsir02100,40,428,820,130,24
647,355,906,Sham19Y0017616,58,452,877,129,23
647,519,936,Sham19Y0013241,171,1,305,86,18
647,355,906,Shamela0000041,623,392,894,122,18
647,355,906,Masaha002308Vols,464,257,823,149,22
647,355,906,Shamela0026366,6,331,767,120,21
647,355,906,Shia002119Vols,266,411,815,122,21
647,344,906,JK007065,1289,826,1266,131,22
647,1163,1593,Sham19Y0014601,746,677,911,171,48
647,1147,1593,Sham19Y0013605,805,230,487,181,48
648,1316,1525,Sham19Y0013667,694,876,1056,136,78
648,1287,1436,Sham19Y0013769,355,1348,1546,104,66
648,872,1179,Shamela0008540,466,816,1274,163,40
648,1306,1580,Shamela0008540,467,26,281,192,85
648,877,1287,Sham19Y0013572,293,806,1401,120,20
648,1366,1580,Shamela0005756,2132,763,964,151,84
648,1316,1580,Shamela0005756,2175,565,849,168,65
648,46,344,ShamAY0033531,299,416,713,235,98
648,226,453,Sham19Y0018106,403,427,556,102,55
648,877,1287,Shamela0036446,92,19,729,118,17
648,1,449,Sham19Y0013605,805,487,876,286,73
649,423,842,JK007054,370,122,431,207,59
649,413,1151,Shamela0008540,468,817,1507,333,45
649,102,630,Sham19Y0131521,618,849,1543,212,34
649,630,897,Sham19Y0131521,619,1,302,202,84
649,897,1198,Shia002964Vols,956,707,1019,242,96
649,568,748,ShamAY0033531,304,1049,1217,115,73
649,472,586,ShamAY0034383,254,1411,1526,90,99
649,586,897,ShamAY0034383,255,1,315,247,98
649,897,1179,Sham19Y0013605,809,1217,1410,143,63
649,102,305,Sham19Y0013605,809,1046,1217,117,73
650,24,507,Shia002206,63,1310,1424,58,13
650,24,507,Shia002206,65,365,650,128,30
650,1015,1551,Sham19Y0127656,67,1017,1216,120,25
650,478,1066,Shamela0097928,160,63,833,300,43
650,6,1375,Shamela0008540,472,538,1387,459,35
650,24,507,Shamela0001727,205,320,434,58,13
650,478,765,JK000995,119,926,1176,131,54
650,24,371,Sham19Y0122406,617,216,674,145,37
650,1244,1551,Sham19Y0132524,399,589,753,121,49
650,24,238,Sham19Y0013252,499,283,444,103,55
650,24,507,Sham19Y0022797,592,506,620,58,13
650,24,507,Sham19Y0017616,59,192,306,58,13
651,1,214,Sham19Y0013667,527,1299,1497,147,85
651,466,1083,Shamela0008540,473,827,1377,293,52
651,451,628,Sham19Y0131521,624,1023,1183,122,80
651,1,214,Sham19Y0131521,624,218,426,164,96
651,5,301,ShamAY0034204BK1,276,905,1135,133,55
651,1150,1467,JK000201,261,285,584,204,76
651,1322,1553,JK000201,4079,516,735,174,94
651,12,628,Shamela0009242,328,985,1526,352,66
651,609,1553,Shamela0009242,329,6,572,302,34
651,5,1083,Sham19Y0013605,807,398,895,390,44
652,666,1566,ShamAY0033177,475,76,437,254,33
652,636,1566,Sham19Y0017350,152,260,1467,694,69
652,88,251,ShamAY0036000,109,720,938,129,73
652,721,1489,Sham19Y0013769,304,640,1523,485,60
652,1358,1566,Sham19Y0032381,107,1241,1448,171,99
652,1146,1489,Sham19Y0131521,486,180,596,259,75
652,1,583,JK000201,4079,735,1309,453,97
652,594,1239,Sham19Y0122406,619,464,1158,109,13
652,636,1252,ShamAY0033531,224,191,671,186,29
652,744,1566,Sham19Y0014224,120,594,1589,537,61
652,716,1017,Sham19Y0016599,572,1154,1457,238,94
652,1017,1562,Sham19Y0016599,573,1,892,388,52
652,1,299,Shamela0009242,329,572,935,158,46
652,721,1566,Sham19Y0023625,2415,67,496,213,26
652,725,1566,Shamela0000791,88,250,881,510,73
652,721,1566,Sham19Y0013605,730,113,417,213,30
653,346,583,Sham19Y0017350,151,226,461,172,80
653,1,201,Sham19Y0017350,152,1467,1644,145,87
653,793,1006,Sham19Y0013769,303,641,853,171,99
653,380,721,Sham19Y0013769,304,50,367,216,70
653,1,268,Sham19Y0013769,305,471,705,188,85
653,778,940,Shamela0008540,349,791,942,119,91
653,288,721,Shamela0008540,351,101,273,116,32
653,1058,1499,Shamela0001727,205,1251,1389,108,31
653,288,721,Shamela0005756,1923,68,441,279,76
653,288,721,Shamela0005756,1929,641,1014,279,76
653,778,940,JK000201,338,149,322,131,93
653,1058,1499,Shamela0004289,326,731,1068,135,30
653,1058,1499,Sham19Y0122406,619,880,1018,108,31
653,42,262,ShamAY0033531,224,373,573,157,86
653,763,940,ShamAY0033531,225,7,184,131,92
653,273,708,Sham19Y0018103,471,748,1030,161,46
653,759,1022,Sham19Y0014224,120,329,585,177,81
653,33,659,Sham19Y0014224,121,8,532,390,72
653,68,694,Sham19Y0016599,573,923,1528,369,65
653,808,1012,Shamela0009242,29,1,213,149,83
653,1,721,Sham19Y0023625,2415,496,887,309,52
653,1,721,Shamela0000791,88,881,1538,533,90
653,1,721,Sham19Y0013605,730,417,1127,301,35
654,925,1456,Sham19Y0017747,184,407,821,282,58
654,925,1376,Sham19Y0131521,174,42,475,336,91
654,68,638,Sham19Y0013253,226,1043,1348,153,33
654,344,608,Shia001831Vols,176,198,348,102,49
654,68,638,Sham19Y0122406,619,1164,1403,149,34
654,403,629,Sham19Y0016599,1422,1346,1572,178,99
654,629,880,Sham19Y0016599,1423,1,155,111,56
655,269,579,ShamAY0033975,488,502,740,121,49
655,398,579,Sham19Y0131521,173,1324,1497,135,90
655,631,1141,Shamela0001727,206,309,819,116,19
655,7,362,Shamela0000432,60,989,1230,170,54
655,1285,1517,JK000201,2573,1049,1262,174,89
655,1141,1277,Sham19Y0146127,3809,812,949,109,98
655,1,362,Shamela0009242,331,27,285,186,62
656,699,1151,Shamela0007562,49,1251,1546,225,60
656,1151,1308,Shia002089,7,798,959,125,97
656,1151,1308,Sham19Y0017350,85,47,211,125,95
656,1119,1314,Sham19Y0013769,181,1058,1244,138,88
656,976,1308,Sham19Y0017747,188,486,806,172,62
656,1151,1308,ShamAY0032379,768,1105,1266,125,97
656,827,1377,Shia000841Vols,615,1,678,320,53
656,1155,1308,Shia003965Vols,1655,605,762,122,97
656,1125,1308,Sham19Y0131521,5927,1168,1379,142,83
656,1155,1308,JK007128,709,349,515,122,92
656,1388,1604,Shamela0001727,207,401,694,147,59
656,1119,1308,Sham19Y0122401,737,923,1113,132,86
656,1108,1308,Shamela0005756,1331,131,420,144,57
656,976,1308,Shamela0001673,1234,469,975,174,41
656,1114,1308,Shamela0005064,29,569,773,146,89
656,1155,1308,Shamela0001442,7,1084,1241,122,97
656,976,1308,JK000201,42,368,871,173,41
656,811,1308,Shamela0009702,806,365,1007,245,38
656,1383,1604,Sham19Y0122406,623,136,434,149,59
656,1151,1308,JK009324,136,466,628,125,96
656,1155,1377,ShamAY0033531,3,659,1154,168,42
656,1155,1308,Shamela0001687,1101,603,760,122,97
656,116,1308,Sham19Y0014224,62,73,1173,493,41
656,671,976,Sham19Y0150639,13,235,536,243,98
656,1151,1308,ShamAY0033562BK2,34,389,546,125,100
656,1134,1308,ShamAY0033561,108,1016,1184,130,93
656,1155,1308,JK007040,1941,1067,1202,101,77
656,1151,1308,ShamAY0033562BK1,34,389,546,125,100
656,1155,1308,Shamela0008544,50,1181,1336,117,95
656,1151,1324,Sham19Y0016599,50,634,800,129,91
656,976,1308,Shamela0009242,108,133,610,179,40
656,1406,1604,Sham19Y0017616,54,35,221,91,42
656,442,1159,Sham19Y0023625,357,39,657,475,78
656,1168,1314,Sham19Y0013605,515,1171,1315,108,91
657,1231,1538,Shamela0008540,313,619,953,223,79
657,1238,1389,Sham19Y0131521,453,190,346,122,94
657,1,424,Shamela0001727,207,694,1089,311,92
657,125,390,Sham19Y0017757,207,828,1000,130,61
657,125,424,Sham19Y0013572,779,787,1322,134,27
657,125,390,Sham19Y0017903,86,420,858,138,33
657,15,362,Shamela0004289,272,788,1119,186,65
657,1,225,Sham19Y0122406,623,434,745,108,33
657,107,424,Shamela0025800,1262,1119,1325,123,47
657,125,390,Sham19Y0017729,59,562,997,138,33
657,68,217,ShamAY0034005,131,966,1107,108,91
657,237,424,Sham19Y0013241,130,500,682,135,89
657,1298,1543,Sham19Y0014601,530,204,402,156,79
658,89,227,Sham19Y0013667,306,537,687,84,65
658,105,423,Sham19Y0013667,308,379,742,172,55
658,504,1198,Sham19Y0013667,309,5,869,390,49
658,66,566,Sham19Y0017747,161,650,1311,374,68
658,574,1259,Sham19Y0017747,162,339,1219,403,50
658,149,741,Shia000841Vols,551,382,982,268,45
658,445,933,ShamIbadiyya0000229,381,824,1362,273,52
658,23,285,ShamIbadiyya0000229,381,1,376,172,55
658,881,1250,ShamIbadiyya0000229,382,129,573,272,75
658,1,1189,Shamela0008540,311,308,1414,766,76
658,574,1171,Shamela0021590,93,1289,1406,78,16
658,114,398,Shamela0000432,4814,1319,1567,160,65
658,398,1330,Shamela0000432,4815,1,878,695,91
658,105,360,Shamela0005756,1635,1180,1548,164,52
658,371,1189,Shamela0005756,1636,1,1086,464,47
658,76,1098,Shamela0005756,2895,708,1568,632,74
658,76,1189,Shamela0005756,2901,207,1158,702,76
658,445,1171,Shamela0000427BK2,199,535,921,233,39
658,70,1003,ShamIbadiyya0000219,127,837,1565,518,67
658,1003,1250,ShamIbadiyya0000219,128,1,173,136,68
658,574,1394,ShamAY0033531,200,81,1574,590,48
658,227,423,Sham19Y0013252,998,123,314,127,75
658,585,1394,Sham19Y0013252,999,98,1061,418,44
658,70,402,Shamela0011036,218,578,1243,176,30
658,234,437,Sham19Y0016599,392,62,263,150,88
658,547,915,Sham19Y0016599,393,690,1011,184,54
658,452,1244,Sham19Y0016599,395,5,363,204,30
658,66,402,Shamela0009242,294,1070,1540,244,65
658,445,1015,Shamela0009242,295,196,1475,405,39
658,1060,1250,Shamela0009242,296,1,191,140,87
658,66,933,Sham19Y0014601,536,674,1421,596,84
658,965,1171,Sham19Y0014601,537,1,197,155,93
658,66,1381,Sham19Y0013605,629,359,1498,637,51
659,1,934,Sham19Y0017747,163,582,1509,616,73
659,934,1164,Sham19Y0017747,164,1,243,164,83
659,1221,1525,Sham19Y0017747,257,1069,1420,241,82
659,674,963,Shia000841Vols,550,112,688,182,39
659,91,535,Shamela0000432,4815,675,1163,215,44
659,1233,1566,Shamela0036543,780,404,737,269,98
659,1221,1566,Shamela0012052,206,195,496,138,40
659,1,973,Sham19Y0016599,395,377,1148,588,74
659,1,142,Shamela0009242,296,1402,1544,113,98
659,168,325,Shamela0009242,297,582,738,124,99
659,1221,1566,Shamela0009242,439,635,936,223,74
659,1,146,Sham19Y0014601,537,205,351,114,97
660,417,669,Shamela0008218,25,1091,1288,142,67
660,417,662,Sham19Y0148486,619,180,461,191,81
660,417,662,Sham19Y0148486,650,113,382,187,80
660,417,662,JK009390,6870,916,1184,174,73
660,417,662,Shamela0008176,1007,538,797,185,82
660,417,662,JK000977,348,996,1263,169,70
660,404,605,Sham19Y0127656,99,1321,1543,137,66
660,417,665,JK010001,3587,1308,1559,174,74
660,417,662,JK000110,150,742,1006,178,76
660,417,662,Shamela0025794,1184,438,707,187,80
660,417,934,Tafsir07055,3739,439,972,230,38
660,404,676,Sham19Y0127660,514,34,238,155,66
660,417,662,Shamela0021715,1180,10,266,174,75
660,417,662,Shamela0001727,208,66,332,185,80
660,417,662,ShamAY0033910,127,222,504,197,84
660,417,676,Sham19Y0127677,14752,790,1062,188,78
660,417,662,Kraken230106005528,509,637,908,177,74
660,417,669,Shamela0005922,775,462,743,189,77
660,417,662,Sham19Y0014309,1478,918,1204,197,83
660,417,662,JK000785,205,1096,1365,171,72
660,491,662,JK000130,128,1,209,135,79
660,404,662,ShamAY0033181,156,483,795,189,68
660,1178,1589,ShamAY0033181,156,706,1284,260,55
660,1195,1589,JK000201,499,919,1288,275,85
660,417,662,Sham19Y0020587,527,157,421,178,76
660,417,654,ShamAY0034282,397,1259,1521,179,80
660,404,662,Sham19Y0145212,651,1239,1510,187,77
660,417,676,Sham19Y0132524,401,236,1076,192,27
660,417,662,Shamela0001875,230,309,577,179,77
660,404,662,Kraken230110004547,218,831,1113,176,66
660,417,662,Sham19Y0018106,600,1269,1533,178,76
660,417,662,Shia003461Vols,491,306,572,185,80
660,417,934,Sham19Y0018144,427,353,872,237,45
660,404,662,Shamela0036446,133,703,980,189,76
660,417,676,Sham19Y0018103,730,21,292,184,74
660,417,662,Shamela0025800,1272,1179,1447,186,80
660,417,896,Shamela0096283,73,702,1126,234,56
660,404,676,Shamela0011620,129,729,1028,197,74
660,417,665,JK000917,550,811,1071,152,60
660,417,662,ShamAY0034005,166,89,367,184,76
660,417,662,Sham19Y0131336,326,1038,1331,194,80
660,417,662,Sham19Y0131336,329,1013,1295,197,84
660,417,662,Sham19Y0020638,182,79,346,185,79
660,417,662,Masaha001864Vols,2231,703,995,195,81
660,31,483,Masaha001864Vols,5253,1178,1663,370,91
660,483,733,Masaha001864Vols,5254,1,271,201,92
660,404,938,ShamAY0031687,153,461,1009,232,37
660,417,662,Sham19Y0013252,1564,37,301,178,76
660,417,662,Sham19Y0146127,307,1119,1387,180,76
660,417,896,Sham19Y0146127,326,18,424,214,49
660,1168,1537,Shamela0008544,963,1253,1511,168,53
660,39,412,Sham19Y0016599,867,90,449,260,80
660,417,662,Sham19Y0017616,63,682,961,195,84
660,404,676,Shamela0000782,75,311,637,195,70
660,417,662,Sham19Y0018176,312,778,1042,178,76
660,417,649,Sham19Y0148271,1132,199,447,167,75
660,404,662,Shamela0008360,100,883,1153,187,77
660,529,1298,Sham19Y0013605,1084,802,1550,272,29
661,1,438,Sham19Y0017350,268,82,523,343,98
661,959,1161,ShamAY0034227,759,257,512,145,71
661,563,1190,Shamela0005756,2980,837,1215,256,50
661,563,1190,Shamela0005756,2990,849,1227,256,50
661,480,895,Shamela0005922,775,684,931,137,37
661,1,251,ShamAY0033181,156,1284,1496,160,77
661,1,271,JK000201,499,1288,1566,206,93
661,1003,1161,Sham19Y0149697,794,981,1144,125,94
661,36,256,Zaydiyya0000162,2126,1259,1423,127,72
661,267,459,Zaydiyya0000162,2127,9,197,120,72
661,59,390,Masaha001946Vols,261,138,465,160,48
661,554,1190,Shamela0008544,964,759,1146,258,49
661,754,1161,Sham19Y0016599,874,908,1230,169,44
661,489,714,Sham19Y0016599,874,480,655,125,68
661,1,523,Sham19Y0122257,517,609,782,97,21
661,791,1374,Sham19Y0014601,1038,398,830,174,28
661,727,1490,Sham19Y0013605,1085,40,402,263,42
662,1280,1528,Sham19Y0013667,827,14,168,110,55
662,724,1264,Sham19Y0013667,832,796,1298,213,40
662,395,829,Sham19Y0013769,452,313,786,132,26
662,1275,1568,Shamela0008540,706,751,940,122,52
662,1077,1264,Shamela0008540,709,1,151,117,77
662,758,1264,Sham19Y0014224,232,801,1235,255,56
662,1232,1568,Sham19Y0014224,233,359,728,133,35
662,1121,1232,JK000996,26,685,835,62,53
663,923,1153,Sham19Y0017350,273,1362,1593,175,84
663,519,910,Sham19Y0013769,453,450,800,224,62
663,923,1153,Sham19Y0013769,454,115,327,173,90
663,1297,1489,Sham19Y0017747,285,89,280,125,74
663,316,754,Sham19Y0017747,2631,1152,1534,189,48
663,6,619,Shamela0008540,706,859,1127,160,31
663,635,868,JK000201,514,1390,1585,152,79
663,1351,1493,JK000201,521,1155,1297,114,100
663,1054,1469,Sham19Y0014224,234,1,369,262,73
663,38,723,Sham19Y0018272,323,1235,1570,265,47
663,723,1493,Sham19Y0018272,324,1,674,529,83
663,915,1153,Sham19Y0023625,491,362,574,162,82
663,584,904,Sham19Y0014601,1043,174,504,200,65
663,923,1451,Sham19Y0013605,1083,143,490,236,52
663,569,971,Sham19Y0013605,1084,74,397,201,57
664,1067,1410,JK007083,36,789,1118,250,90
664,387,1255,Sham19Y0013667,814,1175,1433,185,27
664,663,1433,Sham19Y0148486,624,293,749,276,42
664,1067,1461,Shamela0006610,131,961,1326,263,84
664,1064,1332,Shamela0008176,999,1206,1483,195,86
664,1091,1405,JK006897,40,776,1126,226,81
664,1122,1343,Shamela0021744,249,1,217,169,97
664,1064,1343,JK000299,211,568,826,195,89
664,663,1405,Shia002073,18,473,873,283,47
664,237,1277,Shamela0001727,208,1127,1528,249,30
664,1369,1513,Sham19Y0127700,556,670,839,98,70
664,1064,1318,Sham19Y0127677,7155,1176,1434,181,83
664,1043,1323,Shamela0005922,752,1136,1395,174,74
664,1064,1410,Shamela0005922,762,523,1068,162,31
664,1064,1293,Sham19Y0017903,186,1215,1431,162,90
664,1067,1410,Shamela0006366,103,21,358,264,98
664,1131,1396,Shamela0006366,133,780,1204,85,18
664,663,1369,JK000477,200,160,493,257,46
664,237,1405,Shamela0004289,446,19,613,325,32
664,25,226,Sham19Y0122406,630,755,905,107,64
664,380,1193,Sham19Y0122406,632,17,225,152,23
664,1064,1405,Shamela0006227,130,946,1348,174,43
664,1103,1405,Sham19Y0132524,403,901,1208,189,72
664,1064,1379,Shamela0001875,231,1154,1451,233,94
664,1039,1425,Sham19Y0018144,430,982,1371,262,83
664,1067,1428,JK007107,67,216,588,265,88
664,1064,1405,Sham19Y0017729,101,474,838,236,78
664,1064,1418,Shamela0010657,335,966,1294,245,88
664,1067,1405,Shia001368,365,645,1012,225,74
664,1067,1293,Sham19Y0006684,252,482,846,95,25
664,1064,1425,Sham19Y0020638,182,747,1149,260,80
664,1064,1513,Masaha001864Vols,2238,165,900,257,43
664,663,1405,Sham19Y0146127,311,137,563,268,42
664,663,1369,Sham19Y0016599,882,92,429,258,46
664,1064,1405,Sham19Y0017616,63,978,1344,266,92
664,1082,1405,JK007065,1242,537,882,252,93
664,1374,1513,Sham19Y0014119,795,1204,1365,95,75
664,907,1400,Kraken22041020273101,133,876,1381,256,51
664,663,1405,Sham19Y0148271,778,822,1195,288,49
664,1064,1336,Sham19Y0014032,90,780,1083,205,86
664,1064,1405,Sham19Y0014325,494,775,1139,236,78
664,1231,1410,Sham19Y0022884,44,1,179,140,99
664,380,1182,Sham19Y0022884,382,187,384,144,22
665,11,640,Sham19Y0013769,2061,377,577,123,23
665,1,450,Shamela0008176,1000,157,621,272,59
665,341,1188,Sham19Y0017747,284,366,1295,373,40
665,476,655,Sham19Y0131521,862,964,1148,141,92
665,174,321,Sham19Y0122401,808,672,835,110,77
665,1,560,Sham19Y0127700,556,839,1387,385,84
665,465,998,JK000201,501,378,915,408,92
665,504,1188,ShamAY0033531,431,107,488,220,37
665,6,371,Zaydiyya0000080,412,122,482,241,72
665,16,1628,Masaha001864Vols,5260,1,1598,1293,98
665,129,450,Shamela0009242,545,859,1216,152,42
665,504,1188,Shamela0009242,546,475,880,210,34
665,1,109,Sham19Y0014119,795,1365,1473,86,100
666,65,196,JK010001,3608,962,1086,76,64
666,1007,1560,JK010001,3608,1041,1490,323,69
666,967,1560,Tafsir07055,3761,83,589,354,69
666,65,196,Tafsir07055,3761,20,174,102,82
666,60,203,Shamela0001727,209,170,345,95,63
666,65,203,Sham19Y0127677,20469,1174,1368,98,59
666,1011,1560,Shamela0000894,6394,546,840,208,47
666,1011,1560,Sham19Y0013577,401,635,1110,200,40
666,1197,1560,Sham19Y0014224,240,283,640,254,81
666,794,1560,Sham19Y0018272,1740,582,1269,486,73
666,1184,1560,Masaha001864Vols,5258,1,393,306,95
666,1382,1560,Shamela0011406,547,655,824,127,88
666,1382,1560,ShamAY0034251BK3,163,125,290,124,85
666,108,359,Sham19Y0016599,925,1069,1265,153,74
667,1112,1444,Sham19Y0013667,911,342,663,214,74
667,1112,1394,Sham19Y0148486,644,91,383,221,95
667,1112,1418,Shamela0006610,949,701,1128,202,55
667,1116,1399,Sham19Y0019188,329,810,1104,200,81
667,1126,1477,Shamela0008176,1023,1265,1598,238,85
667,1145,1369,JK010001,3593,896,1084,146,81
667,112,725,Shia000841Vols,1270,225,893,258,43
667,1126,1477,ShamIbadiyya0000229,1196,202,542,236,83
667,1101,1422,Tafsir07055,3745,554,889,220,81
667,1,112,Tafsir07055,3761,589,700,87,99
667,725,1469,Shamela0001727,209,414,1274,378,44
667,1112,1469,Shia004518,70,123,569,212,51
667,1112,1394,Sham19Y0013572,849,1141,1448,223,91
667,1112,1394,Shia001901,396,861,1143,213,92
667,1112,1483,Shamela0005756,3014,227,756,278,67
667,1145,1381,Sham19Y0014309,2635,125,327,151,81
667,1145,1469,Shia004519,78,69,371,186,61
667,1112,1394,Shamela0004289,455,696,1003,223,91
667,725,1469,Sham19Y0122406,634,166,1092,407,45
667,1126,1355,Sham19Y0145212,661,543,773,181,99
667,1145,1369,Shamela0006094,19,614,806,147,82
667,1044,1399,Sham19Y0132524,404,71,452,241,80
667,1112,1399,Sham19Y0149697,10983,523,835,224,91
667,1112,1483,Shamela0001875,248,13,542,274,64
667,1112,1308,Shamela0011817,289,1272,1581,155,63
667,1044,1469,Sham19Y0018144,5498,570,1010,253,60
667,1126,1389,Shamela0036446,736,1265,1494,175,82
667,1112,1389,Shamela0012579,688,205,488,212,95
667,1112,1477,JK007107,65,1087,1431,235,75
667,8,177,Sham19Y0013577,401,1144,1438,122,50
667,486,725,Sham19Y0013577,402,630,881,133,60
667,1112,1422,Shamela0025800,506,952,1292,232,85
667,1112,1436,Sham19Y0017791,264,883,1234,232,79
667,1112,1394,Shia003732Vols,3322,266,549,223,99
667,1140,1369,Shamela0000170,895,1183,1388,157,85
667,1,725,Sham19Y0014224,240,640,1351,486,79
667,1,129,Sham19Y0018272,1740,1269,1397,102,100
667,1112,1326,Sham19Y0006684,248,1272,1486,168,99
667,970,1316,Sham19Y0020638,182,1238,1504,182,66
667,1112,1394,Masaha001864Vols,2121,821,1128,223,91
667,1,1121,Masaha001864Vols,5258,393,1510,840,92
667,1,739,ShamAY0034251BK3,163,290,946,406,65
667,1112,1394,ShamAY0035260,44,759,1066,223,91
667,1140,1389,Shamela0008463,361,1,261,175,79
667,914,1033,Shamela0011036,403,474,586,89,94
667,1,555,Shamela0011036,404,1019,1548,319,66
667,555,763,Shamela0011036,405,1,168,114,69
667,1112,1436,Sham19Y0016976,365,70,408,242,89
667,339,750,Sham19Y0016599,910,131,508,156,45
667,8,177,Sham19Y0016599,924,520,646,95,70
667,1112,1418,Shamela0009242,3399,501,928,205,56
667,779,1469,Sham19Y0017616,64,190,658,306,53
667,135,411,Sham19Y0014580,491,1300,1531,161,71
667,526,725,Sham19Y0014580,493,892,1091,125,69
667,1112,1469,JK007065,853,1081,1452,230,68
667,1126,1469,Sham19Y0122257,524,940,1280,224,72
667,793,989,Shamela0000137,1053,1,304,103,42
667,1126,1418,Shamela0000137,1081,22,353,223,85
667,1112,1418,Sham19Y0014119,118,686,1020,236,89
667,1150,1469,Sham19Y0017063,175,1,363,218,70
667,1126,1464,Shamela0008360,102,1068,1401,217,70
668,1099,1238,ShamAY0034227,761,1212,1352,110,99
668,1039,1238,Shamela0008176,1025,106,288,123,74
668,1099,1238,Sham19Y0017747,2648,318,458,110,99
668,770,1238,Shia002616Vols,2212,376,900,350,85
668,1099,1238,Shamela0001717,307,1211,1351,110,99
668,1035,1238,Sham19Y0014207,21,966,1148,124,75
668,1039,1238,Shia000841Vols,1264,601,782,121,77
668,1099,1238,ShamAY0032799,1,1069,1195,95,83
668,1099,1238,ShamAY0031741,274,1164,1304,110,99
668,1044,1255,ShamIbadiyya0000229,1198,271,461,125,74
668,128,281,Sham19Y0131521,3692,144,311,124,91
668,1099,1238,Shamela0012750,292,607,747,110,99
668,1102,1242,Sham19Y0020868,283,392,533,108,97
668,1039,1238,Shamela0026884,88,841,1035,117,60
668,770,1238,Shamela0010639,50,158,722,349,79
668,1039,1238,Shamela0012014,245,676,861,117,62
668,1099,1242,Sham19Y0127677,12028,184,325,108,95
668,770,1238,JK001429,3,412,931,333,80
668,13,413,Sham19Y0122406,634,1259,1450,113,34
668,923,1242,Sham19Y0122406,639,1,513,233,58
668,1099,1282,Shamela0026668,436,557,749,123,81
668,1099,1238,Sham19Y0149697,799,770,915,110,95
668,930,1282,Shamela0001875,251,1,369,230,74
668,964,1282,Kraken230110004547,464,1,355,215,75
668,977,1238,ShamAY0034134,210,1,353,191,69
668,1099,1238,ShamAY0034569,209,1354,1494,110,99
668,910,1238,JK007107,70,942,1374,237,69
668,1099,1238,Shamela0026535,135,1183,1323,110,99
668,1,281,Masaha001864Vols,5123,1295,1552,208,91
668,1099,1238,ShamAY0038324,283,118,258,110,99
668,770,1238,Sham19Y0017616,65,203,729,350,85
668,945,1238,Sham19Y0023625,528,789,1114,132,40
668,977,1238,Sham19Y0122257,524,1040,1419,141,39
668,977,1238,Sham19Y0014119,118,800,1168,157,48
668,977,1353,Sham19Y0017063,175,77,600,193,45
668,1099,1282,Shamela0008360,103,14,190,119,83
668,422,669,Shamela0021537,2947,417,664,194,100
668,422,669,Shamela0021537,2950,618,865,194,100
668,1039,1238,Shamela0021537,5747,1069,1254,122,75
669,710,1460,Sham19Y0013667,895,823,1441,208,23
669,729,1430,Shamela0008540,734,1215,1511,212,38
669,1145,1557,Shamela0005756,3020,838,1210,192,47
669,1263,1562,Sham19Y0014309,1472,785,912,81,34
669,556,840,Sham19Y0122406,637,866,1476,142,25
669,206,461,Sham19Y0018144,3602,87,310,166,80
669,856,1557,Sham19Y0013223,1521,859,1235,292,51
670,1,805,Sham19Y0013667,896,83,855,439,56
670,1,262,ShamAY0034227,763,749,935,132,63
670,221,696,ShamAY0034227,764,526,1006,355,90
670,1,682,Sham19Y0017747,302,43,559,400,72
670,249,538,Sham19Y0017747,3179,1214,1502,230,95
670,1,696,Shamela0008540,735,107,710,432,73
670,1142,1321,Sham19Y0131521,901,901,1308,129,40
670,18,449,Sham19Y0131521,1299,315,549,155,45
670,18,505,Sham19Y0131521,2208,624,1072,177,34
670,13,154,Shamela0021590,211,1278,1420,108,98
670,1,262,Shamela0005756,3020,1221,1474,187,88
670,268,805,Shamela0005756,3021,196,705,252,45
670,206,538,Shamela0004473,16544,992,1407,247,73
670,13,154,Sham19Y0014309,1116,1291,1439,104,90
670,13,137,JK000201,4139,1360,1491,94,92
670,18,795,Shamela0009702,793,286,1073,339,39
670,13,512,JK000168,13,405,800,240,57
670,13,225,Sham19Y0013223,1521,1244,1484,110,59
670,951,1389,Sham19Y0013223,1522,1,319,220,60
670,13,231,Sham19Y0013223,2123,420,649,131,74
670,957,1507,Sham19Y0013223,2150,447,1140,418,73
670,1,295,Shamela0009242,571,1134,1408,208,87
670,295,805,Shamela0009242,572,1,532,320,62
670,13,132,Sham19Y0013605,1092,1119,1239,92,99
670,18,132,Sham19Y0013605,3254,48,161,75,83
671,1,394,Sham19Y0013667,885,1220,1572,275,88
671,757,1118,Sham19Y0013667,886,1192,1408,149,51
671,424,762,Sham19Y0013667,886,1,324,253,93
671,7,186,Shamela0008176,1021,1,223,135,77
671,1,190,Shamela0008540,726,1327,1516,150,100
671,190,762,Shamela0008540,727,1,498,393,85
671,757,914,Shamela0008540,727,1366,1516,118,90
671,68,762,Shamela0005756,3013,1,609,471,85
671,1,1118,Sham19Y0014309,1473,172,1261,839,91
671,1075,1246,Sham19Y0014224,243,419,583,127,94
671,1265,1505,Sham19Y0013223,1522,538,723,145,75
671,1,186,Sham19Y0013223,2150,1140,1325,147,100
671,362,503,ShamAY0034251BK3,161,132,257,83,72
671,1,508,Sham19Y0122257,523,1,695,327,53
672,183,1281,Sham19Y0017350,266,396,1482,881,97
672,177,1289,Sham19Y0017747,310,347,1406,860,93
672,177,1054,JK010001,3611,803,1562,602,82
672,183,1034,Shia000841Vols,1221,798,1644,683,97
672,1034,1354,Shia000841Vols,1222,1,326,258,95
672,193,1054,Tafsir07055,3764,1,784,625,87
672,1451,1669,Shamela0001727,211,726,1214,161,41
672,177,648,Sham19Y0014309,1468,1146,1608,369,93
672,648,1496,Sham19Y0014309,1469,1,799,590,83
672,430,1378,Sham19Y0122406,639,589,1482,583,69
672,186,1281,Sham19Y0018103,729,901,1594,467,51
672,186,389,Shia003732Vols,1394,1346,1544,162,96
672,389,1339,Shia003732Vols,1395,1,954,760,95
672,177,770,Sham19Y0014224,243,1064,1654,483,97
672,770,1281,Sham19Y0014224,244,1,512,411,98
672,1481,1669,Sham19Y0020638,185,1,534,139,31
672,1,1026,Sham19Y0013223,1522,723,957,183,21
672,1451,1669,Shamela0012981,2143,671,829,79,36
672,177,1205,Sham19Y0016599,936,594,1617,838,98
672,193,1141,Sham19Y0020590,64,186,688,346,44
672,386,1072,Sham19Y0023625,477,638,1508,424,55
672,1054,1281,Sham19Y0023625,478,148,373,173,92
672,177,1281,Shamela0000791,114,560,1660,902,99
672,186,1243,Sham19Y0013605,1083,724,1653,690,77
673,115,730,JK000021,938,797,1442,215,32
673,115,348,Shamela0007891,289,1073,1295,168,91
673,1110,1305,Shamela0007891,291,1103,1426,95,33
673,822,1327,ShamAY0034227,722,186,559,238,56
673,115,348,Sham19Y0148486,685,509,735,169,91
673,115,348,ShamAY0038116,87,943,1170,172,93
673,115,348,JK009390,184,499,723,169,91
673,115,348,Shamela0008176,1015,251,472,169,92
673,115,348,JK000977,355,505,736,177,96
673,115,348,JK000977,356,427,656,166,89
673,115,348,Shamela0001717,313,377,601,165,89
673,115,348,Shamela0001719,3375,1070,1292,164,89
673,115,348,Shamela0028107,257,84,307,164,89
673,115,348,Sham19Y0127656,100,109,331,170,92
673,144,352,Sham19Y0013614,125,1,198,146,90
673,115,348,Shamela0029711,8,866,1107,167,84
673,115,348,JK000110,151,211,433,169,91
673,115,348,Shia000841Vols,1226,1336,1558,170,92
673,115,348,Sham19Y0014591,156,188,419,171,93
673,115,383,Shamela0025794,1504,733,1007,173,75
673,115,348,Sham19Y0014592,1331,1260,1486,167,90
673,115,348,Shamela0021715,1185,47,269,169,91
673,115,352,Sham19Y0016684,336,107,333,168,90
673,1,105,Shamela0001727,211,1214,1436,75,42
673,115,348,Shamela0001727,212,412,645,184,100
673,88,274,Zaydiyya0000153,212,885,1066,133,88
673,100,348,Shia002069Vols,795,254,491,175,87
673,1,115,Sham19Y0013572,951,661,777,89,96
673,115,348,ShamAY0033910,136,1005,1227,165,90
673,115,253,Shamela0005756,2998,1390,1528,106,95
673,115,348,Shamela0012014,244,1217,1447,174,94
673,177,348,Sham19Y0127677,299,1,168,126,94
673,115,390,Sham19Y0127677,19462,1212,1372,67,31
673,115,348,Shamela0000894,5097,1178,1400,169,91
673,115,358,Kraken230106005528,506,377,645,182,86
673,115,358,Sham19Y0014309,1465,1043,1294,183,92
673,115,344,JK000130,137,1239,1457,162,90
673,974,1322,Sham19Y0013253,229,5,514,219,50
673,822,1543,Shia001831Vols,177,611,1110,364,62
673,115,348,JK000940,199,599,780,133,71
673,115,269,Shamela0001442,123,940,1094,118,95
673,807,1322,Shamela0000140,1559,78,723,376,67
673,115,348,ShamAY0033522,102,289,509,163,89
673,115,558,Shamela0004289,454,340,911,240,51
673,115,348,Shia001878,15,729,960,168,89
673,115,348,Shamela0001975,127,378,602,169,91
673,803,1322,Sham19Y0122406,640,124,823,305,51
673,115,348,Sham19Y0122406,643,20,253,184,100
673,115,348,Shia002265Vols,2366,659,890,175,94
673,115,348,Shia002265Vols,2371,935,1166,175,94
673,115,348,JK009324,464,944,1166,169,91
673,115,274,Sham19Y0145212,655,1153,1311,123,96
673,115,348,Shamela0012399,306,475,695,163,89
673,115,348,Shamela0037837,197,660,888,170,90
673,115,348,Shamela0026668,81,403,618,160,86
673,131,348,Shamela0026668,158,1,206,152,89
673,115,558,Shamela0026668,433,213,707,211,43
673,115,269,Sham19Y0016946,126,581,734,119,96
673,68,244,Sham19Y0001734,691,963,1513,123,27
673,244,616,Sham19Y0001734,692,1,563,142,29
673,115,348,Sham19Y0001734,731,34,251,161,88
673,194,352,Sham19Y0132524,408,471,1144,117,22
673,115,558,Shamela0001875,252,962,1356,206,48
673,115,348,Shamela0001438,581,842,1066,169,91
673,115,348,Kraken230110004547,463,348,536,141,75
673,115,352,ShamAY0034134,184,457,679,166,89
673,115,348,Sham19Y0018106,602,933,1155,169,91
673,115,730,Sham19Y0018144,433,183,741,213,35
673,115,348,Shamela0036446,130,161,346,139,76
673,115,348,Sham19Y0018103,732,266,489,169,91
673,115,730,Shamela0025800,2593,47,511,170,25
673,119,352,Sham19Y0017791,261,587,809,167,91
673,115,348,Shamela0096283,73,1130,1352,169,91
673,115,348,Sham19Y0014462,127,1228,1449,164,90
673,115,348,Shamela0021659,111,787,1011,169,91
673,115,489,ShamAY0034005,165,774,1151,195,59
673,115,348,Sham19Y0006684,249,566,786,163,89
673,115,730,Sham19Y0020638,185,165,670,215,33
673,115,348,Sham19Y0013223,136,735,951,163,88
673,908,1340,Sham19Y0013223,1516,960,1377,332,94
673,115,386,JK000475,340,1169,1423,166,77
673,115,269,Sham19Y0123665,395,1400,1526,91,75
673,115,348,ShamAY0036005,3,295,515,166,90
673,115,348,JK007116,9,1026,1260,177,96
673,115,348,Shamela0021479,150,1043,1264,167,91
673,115,348,Sham19Y0146127,344,466,691,170,92
673,115,428,Shamela0000551,291,60,370,183,76
673,115,348,Sham19Y0016976,362,1020,1242,170,92
673,115,352,Shamela0008544,1038,970,1185,159,85
673,812,1322,Sham19Y0016599,941,422,995,251,42
673,822,1322,Shamela0009242,539,764,1243,384,94
673,115,415,Sham19Y0017616,64,662,930,198,84
673,817,1161,Sham19Y0023625,468,1117,1565,189,49
673,115,370,Shia002119Vols,341,78,310,168,84
673,115,352,JK007065,912,779,1282,140,32
673,115,348,Sham19Y0018176,314,956,1178,169,91
673,115,348,Sham19Y0122257,519,718,939,169,92
673,980,1327,Sham19Y0122257,519,944,1294,124,37
673,115,352,Sham19Y0014119,117,882,1107,169,90
673,115,383,Sham19Y0017063,173,1003,1260,179,85
673,115,348,Sham19Y0148271,1375,1192,1407,154,84
673,115,348,Shamela0008360,101,1156,1378,169,91
673,115,312,Sham19Y0013605,1086,629,822,149,94
673,115,348,Shamela0021578,13,1002,1220,167,89
674,802,1073,Sham19Y0122402,411,1239,1500,140,57
674,44,630,Shamela0008540,716,379,925,209,32
674,1245,1396,Shamela0008540,717,1186,1341,105,83
674,766,1191,Shamela0008540,717,120,643,262,57
674,491,630,Shamela0005756,3000,522,651,104,90
674,791,1153,Shamela0005756,3001,513,802,221,75
674,1166,1396,Shamela0005756,3002,617,824,125,57
674,9,832,ShamAY0033522,102,80,441,202,28
674,655,886,ShamAY0033522,102,1292,1533,167,83
674,893,1325,ShamAY0033522,103,9,817,274,40
674,51,481,Sham19Y0122406,642,465,902,222,59
674,882,1088,Sham19Y0018103,732,973,1186,115,57
674,27,216,ShamAY0035990,101,1028,1235,118,67
674,9,190,Sham19Y0018272,652,8,188,140,97
674,486,630,Sham19Y0013223,1516,801,945,120,100
674,51,1153,Sham19Y0013252,1569,108,1182,506,44
674,835,1133,Shamela0011036,388,1015,1320,237,95
674,27,330,Shamela0011036,391,951,1317,175,56
674,886,1153,Shamela0000551,292,1217,1464,146,62
675,424,538,ShamAY0034041,165,334,448,93,100
675,424,538,Sham19Y0017350,1217,1225,1339,93,100
675,994,1523,Sham19Y0013769,539,1014,1486,217,43
675,424,546,Sham19Y0017747,2689,684,804,95,96
675,52,259,Shia000841Vols,1226,53,419,157,52
675,424,538,Sham19Y0014591,3396,1048,1162,93,100
675,861,1184,JK007128,283,1280,1498,123,45
675,424,811,Shamela0001727,212,797,1423,248,49
675,657,938,Shamela0001727,213,1,765,172,27
675,424,644,Sham19Y0122401,816,312,448,107,60
675,970,1413,Shamela0026568,1000,43,457,286,76
675,424,542,Sham19Y0127677,18702,1327,1445,93,97
675,970,1357,Shamela0000894,1890,1159,1546,313,100
675,649,938,ShamAY0033181,214,7,831,168,26
675,559,938,Shamela0004289,519,777,1113,193,62
675,721,917,Shamela0004289,520,5,210,65,37
675,755,1291,Shamela0023685,1174,695,1488,304,41
675,424,787,Sham19Y0122406,644,1018,1526,235,56
675,542,917,Sham19Y0122406,648,289,918,189,35
675,755,970,Shamela0001875,320,606,1094,149,38
675,424,538,Sham19Y0018144,3783,1085,1199,93,100
675,1024,1556,Sham19Y0014224,291,217,791,322,59
675,424,538,ShamAY0035950,586,416,530,93,100
675,542,735,Sham19Y0020638,185,1143,1471,138,50
675,711,970,Sham19Y0020638,186,80,577,153,38
675,68,326,ShamAY0034251BK3,161,687,958,138,60
675,964,1452,Sham19Y0016599,1140,435,1099,319,54
675,6,605,Shamela0009242,540,167,661,283,53
675,1049,1556,Shamela0009242,766,343,715,263,61
676,652,950,Sham19Y0013667,1215,407,639,133,53
676,652,926,ShamAY0038390,188,1363,1612,85,24
676,652,1043,Shia000841Vols,1407,368,751,267,79
676,1047,1394,Shia000841Vols,1408,339,978,146,27
676,652,950,Shamela0008540,962,804,1032,134,53
676,339,699,Shamela0021715,1346,4,235,97,28
676,652,950,Shamela0005756,3346,337,566,140,54
676,1,104,Shamela0000894,1891,113,216,82,100
676,253,538,ShamAY0033531,592,391,658,188,78
676,313,1043,Sham19Y0018103,808,578,1178,467,78
676,645,1411,Sham19Y0013577,459,299,1160,269,29
676,958,1485,Shia000109Vols,281,1,262,172,39
676,1,488,Sham19Y0014224,291,791,1209,232,50
676,652,878,Sham19Y0014224,292,138,353,158,84
676,309,930,ShamAY0034251BK3,180,867,1672,336,41
676,930,1485,ShamAY0034251BK3,181,1,340,199,39
676,77,215,Shamela0011036,453,92,226,108,97
676,626,1043,Shamela0011036,454,284,1033,327,52
676,284,538,Shamela0011036,456,181,427,188,89
676,28,215,Sham19Y0016599,1140,480,717,130,66
676,546,1103,Sham19Y0016599,1144,903,1614,288,45
676,908,1043,Sham19Y0013783,281,1075,1202,96,89
676,313,657,Sham19Y0013605,1186,910,1516,198,35
676,657,1043,Sham19Y0013605,1187,1,365,294,92
677,190,486,Shia000841Vols,1409,328,965,169,28
677,329,627,Sham19Y0122406,19,833,1136,171,60
677,329,627,Sham19Y0122406,647,1014,1327,174,61
677,36,166,Sham19Y0018103,808,1187,1323,105,94
677,171,688,Sham19Y0014224,292,353,778,322,75
677,182,678,Shamela0011036,457,786,1275,385,94
677,208,667,Sham19Y0016976,1950,386,753,272,71
677,205,635,Shamela0009242,773,789,1269,279,61
677,208,505,Sham19Y0013605,1186,136,405,209,84
678,395,754,JK007083,49,976,1346,257,89
678,433,754,Shamela0007891,392,846,1163,241,95
678,550,775,Shamela0012415,69,1,236,150,81
678,1165,1379,Sham19Y0017350,338,220,443,173,92
678,764,1379,Sham19Y0013667,1416,1,319,252,49
678,1165,1379,Sham19Y0013769,542,1184,1341,127,71
678,404,1132,Sham19Y0013769,547,64,756,456,73
678,437,754,Sham19Y0016584,831,66,419,238,85
678,533,775,Sham19Y0148486,828,1,201,141,75
678,433,775,Sham19Y0148486,913,950,1290,251,93
678,400,754,Shamela0006610,199,101,513,250,75
678,1385,1515,Zaydiyya0000142,3658,722,853,104,97
678,433,754,ShamAY0038116,143,517,841,246,96
678,295,754,JK009390,5679,604,1036,294,79
678,208,754,Sham19Y0019188,470,378,1087,295,48
678,404,754,Shamela0008176,1210,851,1181,248,89
678,404,1067,Sham19Y0017747,416,532,1406,385,50
678,1076,1379,Sham19Y0017747,417,1,284,219,84
678,433,711,JK000977,358,1096,1375,214,98
678,384,754,Sham19Y0127656,118,713,1119,272,83
678,433,754,JK000110,191,895,1235,241,89
678,404,754,Shia000841Vols,1508,902,1240,254,91
678,437,754,Shia000841Vols,1572,1,282,215,85
678,466,754,ShamAY0032798,11,1,291,218,96
678,758,1497,Shamela0008540,1136,267,1107,289,29
678,470,754,Shamela0025794,1776,1,292,215,95
678,429,754,Sham19Y0006538,105,146,477,247,95
678,429,775,Shamela0011428,451,878,1223,245,91
678,395,754,Shamela0021590,305,377,739,248,84
678,433,758,Shamela0021715,1418,885,1246,242,85
678,433,758,Sham19Y0016684,381,534,878,242,89
678,198,502,Shamela0001727,213,962,1427,215,57
678,502,754,Shamela0001727,214,1,259,197,97
678,395,754,Sham19Y0017757,49,181,609,260,75
678,442,754,Sham19Y0013572,943,1,271,203,83
678,429,754,ShamAY0034204BK1,560,1117,1405,217,85
678,404,754,Sham19Y0017437,438,838,1168,243,87
678,447,754,Shia002240Vols,119,150,430,209,85
678,433,764,ShamAY0033910,237,477,804,246,95
678,1180,1379,Shamela0005756,3563,54,235,134,80
678,433,754,Shamela0005756,3564,289,629,241,89
678,433,754,Sham19Y0127677,5430,604,926,244,96
678,524,754,Sham19Y0127677,20218,1,237,180,97
678,404,754,Shamela0022645,281,382,712,245,88
678,404,736,Shamela0004473,15685,1224,1526,229,87
678,433,754,JK000785,298,75,357,215,85
678,433,764,JK000130,238,563,890,246,95
678,516,764,Shamela0001665,164,588,828,171,88
678,456,754,Shamela0006366,362,1,306,230,96
678,764,923,JK000201,646,1389,1570,123,83
678,604,754,Shamela0004289,519,1,155,118,97
678,433,754,Shamela0004289,570,199,516,243,96
678,470,754,ShamAY0034282,472,1,287,220,98
678,198,604,Sham19Y0122406,649,763,1332,294,64
678,372,754,Sham19Y0122406,650,192,544,163,44
678,337,754,Shia002265Vols,2554,1,415,294,89
678,429,754,Sham19Y0127713,190,626,954,239,92
678,433,754,JK000221,188,305,589,216,85
678,400,754,Shamela0001875,316,231,643,263,82
678,193,466,Sham19Y0037618,1076,15,343,106,37
678,507,754,Shamela0001438,7546,7,256,191,98
678,1100,1511,ShamAY0033531,674,355,797,302,83
678,433,754,Sham19Y0018106,717,466,823,241,85
678,437,764,Sham19Y0018144,562,1,292,211,81
678,404,754,JK007107,92,817,1167,255,88
678,590,754,Sham19Y0018103,840,24,183,121,93
678,395,754,Shamela0025800,1351,1075,1449,238,74
678,590,754,Shamela0096283,87,1,160,121,93
678,404,754,Sham19Y0150600,204,613,943,242,87
678,372,754,Shia003732Vols,3338,373,808,274,79
678,433,754,Shamela0010657,424,949,1233,216,85
678,404,1511,Sham19Y0014224,297,265,1315,620,62
678,433,754,Shamela0026566,39,1078,1403,245,96
678,245,754,Sham19Y0020638,186,487,952,286,62
678,433,754,ShamAY0031687,229,434,761,249,97
678,433,754,JK000475,150,42,365,246,97
678,433,754,Sham19Y0013252,1780,867,1224,241,85
678,587,754,Shamela0010835,142,1,131,100,74
678,400,754,Shamela0008463,426,376,739,260,90
678,292,754,Sham19Y0146127,416,969,1431,291,69
678,400,754,Shamela0000551,327,767,1204,249,71
678,429,754,Sham19Y0016976,403,109,430,244,96
678,404,661,Sham19Y0016599,1124,1188,1429,183,90
678,764,950,Shamela0009242,861,863,1074,147,87
678,429,754,Sham19Y0017616,81,1,336,254,97
678,429,754,Sham19Y0020590,88,624,1118,222,56
678,322,754,JK007065,905,393,868,300,76
678,404,754,Sham19Y0011194,74,23,353,243,87
678,590,754,Sham19Y0018176,381,31,190,121,93
678,414,754,Sham19Y0122257,600,541,875,242,87
678,433,754,Shamela0000137,1440,408,708,226,90
678,836,950,Sham19Y0014601,1566,416,530,92,100
678,429,754,Sham19Y0014119,130,580,901,244,96
678,400,775,Sham19Y0017063,203,592,962,261,90
678,404,754,Shamela0022644,659,483,809,240,87
678,541,754,Shamela0022644,660,9,209,147,87
678,389,754,Shamela0008360,122,959,1294,231,81
678,429,772,Shamela0021743,193,1198,1542,238,87
678,433,754,Sham19Y0013605,1225,900,1257,241,85
678,433,754,Shamela0030592Vols,140,128,449,246,96
679,224,613,ShamAY0035233,63,1011,1330,247,78
679,244,882,Shamela0008540,1136,623,1195,390,70
679,354,673,Shamela0021715,1440,1184,1370,122,47
679,1331,1559,Shamela0001727,215,101,267,105,56
679,525,1238,Shamela0026568,1015,537,909,275,47
679,244,882,Shamela0005756,3603,260,935,393,66
679,967,1238,Sham19Y0014309,1075,82,300,123,46
679,525,1238,Shamela0023685,1190,207,603,287,49
679,1331,1559,Sham19Y0122406,653,407,789,82,20
679,525,1128,Shia003732Vols,3376,1265,1566,219,44
679,952,1362,Sham19Y0013223,1642,335,651,128,28
679,314,1047,Sham19Y0013605,1226,941,1237,200,34
680,510,656,Sham19Y0013667,1368,512,659,117,98
680,30,344,Shamela0008176,1253,1193,1461,207,83
680,30,344,Sham19Y0016636,641,372,645,210,84
680,510,704,Shamela0008540,1110,1,180,134,86
680,1314,1541,Shamela0008540,1113,325,532,150,78
680,408,571,Sham19Y0131521,1280,860,1003,118,87
680,30,344,Zaydiyya0000171,42,673,956,207,82
680,30,344,Shamela0001727,215,1188,1461,210,84
680,30,236,Masaha002028Vols,2204,1404,1569,125,77
680,30,344,Sham19Y0127677,8512,1203,1476,210,84
680,30,324,Sham19Y0023590,8,1230,1483,194,83
680,30,344,Sham19Y0017903,238,1132,1412,209,82
680,49,256,Shamela0036543,1061,975,1159,137,81
680,93,344,JK006950,1335,1106,1357,177,80
680,497,759,ShamAY0033522,125,151,368,144,67
680,30,344,Shamela0004289,526,592,872,210,83
680,483,704,Sham19Y0122406,655,8,220,157,85
680,505,763,Sham19Y0127713,201,118,336,137,64
680,30,251,Sham19Y0132524,413,1215,1396,141,80
680,483,704,Sham19Y0132524,414,418,568,119,66
680,30,344,Sham19Y0038171,366,1028,1286,203,81
680,30,344,Shamela0001875,329,133,537,230,69
680,1065,1276,ShamAY0033531,655,191,393,156,88
680,427,782,ShamAY0033531,658,372,754,277,89
680,93,344,JK000381,7029,947,1198,177,80
680,30,328,Sham19Y0017729,123,1191,1456,197,81
680,30,312,Sham19Y0020638,187,1002,1438,214,62
680,408,759,Shamela0000551,359,381,685,160,51
680,30,344,Sham19Y0016976,411,432,714,205,79
680,30,265,Sham19Y0016599,1099,1302,1488,147,79
680,490,798,Sham19Y0016599,1102,600,915,195,69
680,299,759,Shamela0009242,810,77,454,232,59
680,30,344,Sham19Y0017616,83,251,524,210,84
680,30,344,Shamela0009690,632,760,1053,208,77
680,30,334,Sham19Y0122257,615,722,980,199,82
680,30,344,Sham19Y0014119,134,80,366,207,80
680,52,344,Sham19Y0017063,212,752,1055,208,82
680,30,344,Rafed0003902Vols,246,672,945,210,84
680,30,344,Shamela0008360,128,19,424,244,75
681,658,1063,Sham19Y0013769,576,696,1188,276,63
681,148,658,Sham19Y0013769,577,877,1182,208,48
681,330,524,Shamela0008540,1110,277,585,96,36
681,1,170,Shamela0008540,1113,532,673,112,83
681,287,791,Sham19Y0131521,1281,1,428,334,81
681,796,997,Shia000234Vols,11002,439,625,148,90
681,1077,1400,ShamIbadiyya0000433,302,960,1180,164,60
681,1077,1571,ShamAY0033522,125,504,925,330,78
681,1077,1400,JK000201,3645,447,765,259,97
681,373,670,ShamAY0033531,658,1222,1527,232,94
681,658,791,Sham19Y0014224,320,1347,1465,91,87
681,803,1063,Sham19Y0014224,321,1,248,194,91
681,1003,1400,Shamela0000551,360,75,466,173,40
681,1077,1400,Shamela0009242,810,571,783,167,62
682,116,952,ShamIbadiyya0000438,192,701,1599,646,84
682,952,1646,ShamIbadiyya0000438,193,1,655,476,80
682,260,447,Zaydiyya0000015,256,832,984,85,51
682,10,191,Shamela0008540,1111,183,301,90,60
682,10,447,Sham19Y0131521,1281,1159,1523,289,79
682,1266,1646,Sham19Y0131521,1283,220,818,212,37
682,427,662,ShamIbadiyya0000433,302,1393,1615,129,64
682,488,850,Shia001831Vols,178,253,555,206,67
682,1,671,ShamAY0033522,125,925,1491,355,56
682,447,772,JK000201,3645,776,1089,197,73
682,471,736,Shamela0023628,24,392,578,121,55
682,671,1266,Sham19Y0122406,658,631,1200,245,40
682,447,1646,ShamAY0033531,660,37,1111,579,50
682,30,1279,Sham19Y0018272,1573,151,1597,763,58
682,1279,1646,Sham19Y0018272,1574,1,334,246,78
682,10,311,Shamela0000551,360,1427,1589,114,45
682,471,1373,Shamela0009242,810,788,1628,482,59
682,1,447,Shamela0009242,811,762,1163,276,67
682,224,451,Sham19Y0020891,6960,342,628,159,66
682,239,447,Sham19Y0122257,617,57,253,145,86
683,236,532,Shamela0008540,1086,109,853,205,32
683,227,366,ShamAY0033531,639,1480,1620,114,99
683,366,883,ShamAY0033531,640,1,518,420,98
683,949,1183,ShamAY0033531,655,1325,1558,139,64
683,949,1306,Shamela0009242,821,849,1153,190,58
683,949,1306,Sham19Y0014601,1523,687,991,190,58
684,897,1465,Sham19Y0020944,186,70,720,435,84
684,897,1086,Sham19Y0127717,860,1411,1569,109,71
684,897,1468,ShamAY0036000,115,300,970,435,82
684,897,1423,Sham19Y0148486,820,1001,1374,285,67
684,897,1418,Sham19Y0032381,43,994,1469,355,87
684,878,1423,Shamela0003055,1021,311,831,333,74
684,897,1427,JK000977,364,94,470,283,67
684,897,1423,Shamela0002863,538,713,1199,372,89
684,897,1247,JK000631,2,1272,1472,143,51
684,897,1418,Shamela0008540,1158,1,460,340,82
684,897,1423,Shamela0011428,459,32,381,265,64
684,897,1423,Sham19Y0131521,1326,726,1256,404,96
684,897,1423,Shamela0001727,217,708,1227,407,98
684,927,1301,Sham19Y0122401,817,1,368,279,95
684,897,1452,ShamAY0033910,181,592,1121,393,87
684,897,1423,Shamela0117359,251,183,713,404,96
684,873,1498,Shamela0005922,814,730,1396,409,70
684,897,1423,Shamela0000427BK2,1026,254,596,251,59
684,897,1221,JK000130,182,1127,1426,225,86
684,897,1433,JK000271,44,853,1356,372,86
684,878,1487,JK006950,1127,966,1555,412,80
684,897,1423,Sham19Y0014827,533,439,962,396,94
684,897,1423,Shamela0001442,168,311,751,333,80
684,897,1423,Shamela0004289,518,87,608,409,99
684,893,1198,Shamela0007370,23,209,451,156,63
684,897,1423,Sham19Y0122406,662,348,868,408,98
684,897,1423,Shamela0026668,426,201,689,363,87
684,897,1423,ShamAY0032921,9,6,502,367,87
684,897,1508,Sham19Y0132524,416,826,1397,411,85
684,878,1487,JK000381,6821,630,1219,412,80
684,897,1423,Sham19Y0018144,570,713,1240,386,90
684,878,1301,Sham19Y0123685,106,206,520,176,47
684,897,1423,Shamela0005583,94,661,1143,355,83
684,897,1423,Sham19Y0131336,401,588,1110,401,96
684,897,1271,Sham19Y0020638,188,1087,1448,283,96
684,897,1423,JK007036,87,125,681,402,91
684,932,1423,JK000475,197,1,468,359,91
684,960,1423,Shia001976Vols,1255,903,1323,310,84
684,897,1423,Sham19Y0020591,331,123,653,404,96
684,897,1067,Kraken2108092202141,154,1325,1488,126,95
684,1067,1452,Kraken2108092202141,155,1,381,286,94
684,897,1304,Kraken2108092202141,173,1036,1446,311,95
684,960,1423,Sham19Y0146127,394,1,409,314,86
684,897,1198,Sham19Y0146127,653,1271,1387,88,37
684,897,1319,Sham19Y0016599,1265,1025,1416,262,71
684,897,1397,Sham19Y0017616,83,958,1452,388,98
684,897,1423,Shamela0000782,116,466,962,360,83
684,897,1458,Shamela0021729,17,1112,1627,384,86
684,906,1243,Sham19Y0014601,1599,156,664,261,65
684,936,1266,Sham19Y0014119,128,1095,1439,175,53
684,878,1433,Sham19Y0014325,735,851,1408,401,86
685,112,661,Sham19Y0013769,573,127,672,258,45
685,799,1041,Sham19Y0013769,575,483,714,183,89
685,1,1277,Shamela0008176,1196,87,564,337,31
685,791,1272,Shamela0008540,1160,958,1344,278,68
685,651,999,Shamela0001673,2149,375,719,183,51
685,651,999,Sham19Y0014309,1604,178,542,187,50
685,651,999,ShamAY0033531,695,1186,1512,183,52
685,112,661,Sham19Y0014224,317,514,1188,303,47
685,799,1060,Sham19Y0014224,319,1120,1394,192,80
685,806,957,Shamela0009242,903,1340,1483,113,88
685,1,634,Sham19Y0122257,595,1333,1606,172,32
685,1046,1527,Sham19Y0122257,596,1,436,345,85
685,14,621,Sham19Y0014601,1601,1241,1485,154,30
685,20,626,Sham19Y0013605,1204,808,958,104,21
686,607,994,Sham19Y0013769,580,548,1156,237,46
686,1,602,Shamela0008540,1161,389,759,285,57
686,687,831,Sham19Y0145212,737,337,468,97,86
686,691,846,Sham19Y0013631,2677,1397,1525,82,67
686,299,919,Sham19Y0018103,822,1055,1402,248,50
686,189,658,Sham19Y0014224,323,987,1597,222,38
686,658,1015,Sham19Y0014224,324,1,648,194,37
686,683,793,Sham19Y0023625,1982,1348,1477,85,84
686,189,679,Sham19Y0122257,596,816,1098,220,55
686,184,919,Sham19Y0013605,1205,100,583,381,64
687,272,554,ShamAY0036014,80,334,587,197,85
687,1030,1265,Shia000841Vols,1433,1122,1362,180,90
687,330,579,Zaydiyya0000015,770,1,228,121,47
687,74,358,Shamela0008540,1128,899,1217,130,48
687,41,441,Sham19Y0131521,1294,670,1045,239,67
687,24,192,Shamela0001727,218,273,438,128,96
687,767,1339,Shamela0001727,218,508,1313,157,18
687,1110,1390,Sham19Y0127700,446,798,1048,128,43
687,1,296,Sham19Y0127677,6617,526,967,190,51
687,24,192,Sham19Y0017903,243,476,642,128,95
687,24,196,Shamela0036543,1042,390,562,126,87
687,1025,1268,ShamAY0033181,207,1172,1429,181,86
687,83,192,JK000201,758,1,111,84,97
687,24,192,Shamela0004289,529,1137,1302,128,96
687,1034,1335,Shamela0023798,263,242,486,107,34
687,245,713,ShamAY0033531,668,1058,1528,355,89
687,24,192,Sham19Y0017729,125,174,339,128,96
687,24,238,Sham19Y0020638,189,683,905,147,76
687,245,713,Shamela0009242,832,955,1423,357,90
687,10,192,Sham19Y0017616,84,42,251,133,79
688,1233,1460,Shamela0021848BK1,242,1024,1254,146,74
688,1210,1511,ShamAY0036000,104,464,588,80,34
688,410,638,Sham19Y0013769,599,926,1148,157,80
688,440,741,Sham19Y0013769,2102,363,601,163,67
688,1279,1511,JK006476,2070,581,809,166,87
688,392,591,Shamela0005860,393,1195,1325,100,63
688,1225,1460,Shamela0008176,2924,1311,1566,156,71
688,1266,1511,JK000977,366,1074,1328,183,88
688,1279,1511,Shia002616Vols,6831,239,473,172,88
688,1279,1511,Sham19Y0016636,1058,486,731,181,92
688,1210,1511,Shamela0001727,219,352,807,223,61
688,1287,1511,Shamela0026568,759,963,1206,173,87
688,1283,1511,Shamela0026568,1376,1265,1508,179,92
688,1266,1511,JK000786,3232,762,1001,182,91
688,16,375,Sham19Y0127700,446,1048,1394,247,76
688,1266,1511,ShamAY0033910,186,260,514,167,77
688,1210,1366,Sham19Y0127677,12852,1128,1434,103,43
688,392,591,Shamela0011385,239,213,361,101,63
688,1279,1511,Shamela0000483,36,869,1118,179,90
688,1287,1511,Tafsir02096,2313,450,687,179,94
688,1270,1511,Tafsir09084,2664,857,1117,187,90
688,1279,1511,Sham19Y0013231,8973,288,534,181,92
688,1266,1511,JK000130,187,827,1081,167,77
688,1266,1511,Sham19Y0017903,240,509,762,187,90
688,1270,1511,Rafed0003726Vols,2043,1392,1629,179,91
688,1266,1511,Shia004664,279,925,1183,186,88
688,437,1166,Shia001831Vols,178,886,1214,235,39
688,1279,1418,Shia002218Vols,1095,304,460,102,83
688,901,1047,JK000201,598,117,222,83,71
688,1221,1460,Shamela0006136,156,867,1106,149,72
688,1279,1511,Shamela0004289,525,573,815,180,92
688,386,638,Shamela0004289,526,20,277,181,83
688,1279,1460,Shamela0023628,28,123,306,134,90
688,1279,1511,Shamela0023628,3748,650,895,182,93
688,1287,1511,Shamela0023685,878,303,554,177,88
688,1283,1511,Shamela0023685,1547,142,384,180,93
688,1279,1511,Shamela0010460,123,857,1099,168,86
688,1047,1176,Shamela0009702,1132,1257,1386,104,98
688,381,638,Sham19Y0122406,667,227,494,185,82
688,386,829,Sham19Y0122406,668,881,1336,162,29
688,1210,1511,Sham19Y0122406,669,548,996,223,62
688,381,638,ShamAY0033591,10,771,1041,177,75
688,1210,1404,Sham19Y0016618,509,1019,1575,151,34
688,1283,1511,Shamela0008473,5188,267,509,179,92
688,386,638,Shamela0009569,10,1179,1409,161,74
688,1270,1511,Sham19Y0149697,1872,113,359,191,97
688,1270,1511,Sham19Y0018144,584,738,1006,190,88
688,1287,1511,Shamela0036446,1000,668,895,164,86
688,1266,1511,Sham19Y0017729,124,1056,1307,185,89
688,392,737,Shamela0010657,114,521,732,145,51
688,392,737,Shamela0010657,380,523,734,145,51
688,1279,1511,Sham19Y0020638,190,4,346,179,65
688,1270,1511,Masaha001864Vols,781,510,764,179,88
688,1266,1511,JK000475,201,863,1111,175,85
688,1266,1511,JK000475,2523,985,1247,181,85
688,1279,1511,Shia001976Vols,792,248,494,178,91
688,1221,1460,Sham19Y0032197,122,784,1023,145,69
688,381,638,Sham19Y0013252,1718,1297,1551,185,86
688,90,362,Masaha001946Vols,1182,1,207,143,64
688,445,638,Sham19Y0016555,75,1,201,153,95
688,1266,1434,Tafsir02100,216,1240,1423,122,81
688,1266,1511,Sham19Y0017616,82,1201,1460,195,94
688,1279,1511,Shamela0000041,2833,235,480,181,93
688,1266,1511,Shamela0000497,80,377,636,189,91
688,410,638,JK007065,794,703,966,169,76
688,1287,1511,Tafsir06049,6820,550,795,167,85
688,420,638,Shamela0000137,1331,884,1112,162,84
688,1047,1321,Sham19Y0017063,211,426,648,127,56
688,1266,1511,JK000030,212,330,583,183,88
688,381,638,Shamela0029892,17,322,592,177,75
689,1,194,Sham19Y0014404,1670,298,464,129,82
689,1,194,ShamAY0036000,104,588,780,149,97
689,261,524,Shamela0023193,64,125,354,160,70
689,1,194,Shia002616Vols,6831,473,664,146,93
689,1,194,Shamela0009698,23,1075,1253,136,86
689,1382,1504,Shia000841Vols,1513,867,1018,87,75
689,1,229,Shia001932,29,101,337,151,78
689,1,194,Sham19Y0016636,1058,731,923,149,97
689,1,194,Sham19Y0131521,6274,763,1176,142,42
689,1,239,Shamela0001727,219,807,1041,166,88
689,1382,1500,Shamela0026878,346,1262,1389,92,92
689,1,194,Shamela0026568,759,1206,1390,143,92
689,1,194,JK000786,3232,1001,1193,136,83
689,1,204,Sham19Y0013572,781,1251,1445,151,93
689,1,239,Sham19Y0127677,12853,151,384,168,89
689,1,194,Shamela0000483,36,1118,1303,142,91
689,1,194,Tafsir09084,2664,1117,1330,147,86
689,1267,1504,Shamela0008381,1522,1065,1302,114,53
689,1,194,Sham19Y0013231,8973,534,724,147,96
689,1,648,Sham19Y0014309,539,237,517,193,37
689,1382,1504,Sham19Y0014309,1508,886,1023,95,89
689,1382,1504,JK000271,55,1007,1114,83,87
689,1,239,Sham19Y0017903,240,762,980,167,87
689,1,198,Shia004664,279,1183,1382,146,91
689,1,194,Sham19Y0096918,236,576,776,147,92
689,1,239,Shamela0004289,525,815,1049,166,88
689,1,198,Shamela0023628,3748,895,1093,145,90
689,1,194,ShamAY0034068,4235,1059,1237,139,90
689,1,194,Shamela0023685,878,554,743,143,90
689,244,457,Shamela0009702,750,1280,1603,163,62
689,1,239,Sham19Y0122406,669,996,1230,166,88
689,1173,1504,Sham19Y0122406,670,278,777,217,52
689,1,194,Sham19Y0016618,510,113,317,147,89
689,1,171,ShamAY0038144,58,1273,1447,123,87
689,1,194,Shamela0008473,5188,509,703,147,94
689,1,194,Tafsir09083,1823,676,882,144,85
689,1,239,Sham19Y0132524,419,90,316,173,90
689,1,198,Sham19Y0149697,1872,359,547,146,92
689,1,126,Shamela0001875,328,945,1063,94,93
689,1,194,Kraken230110004547,76,547,739,148,96
689,1382,1504,Sham19Y0018144,565,736,869,95,91
689,1,194,Sham19Y0018144,2509,863,1061,142,90
689,1382,1504,JK007107,95,1343,1454,78,80
689,344,529,Shamela0001687,8112,1098,1550,139,38
689,1,204,Shamela0025800,440,461,974,156,38
689,1382,1504,Shamela0025800,1292,301,443,95,85
689,1,229,Sham19Y0017729,124,1307,1514,161,87
689,1,194,Shamela0009292,43,1239,1418,139,90
689,1,212,Sham19Y0150960,1420,1207,1418,155,89
689,1,239,Sham19Y0020638,190,346,569,164,86
689,1,239,Masaha001864Vols,781,764,1000,160,82
689,868,1231,Masaha001864Vols,4259,1,306,234,78
689,266,533,Masaha000955Vols,1421,1053,1528,185,46
689,232,524,Shia001174Vols,1166,576,1002,201,56
689,14,194,Shamela0009242,812,1280,1463,136,92
689,1357,1504,Sham19Y0017616,81,1032,1187,101,84
689,19,194,Sham19Y0017616,83,1,176,136,98
689,1,194,Shamela0000041,2833,480,666,145,94
689,1,239,Shamela0000497,80,636,811,120,63
689,1,198,JK007065,815,558,753,152,97
689,1,198,JK000030,212,583,769,141,89
689,1,212,ShamAY0033760,332,1124,1333,156,89
689,1261,1504,Shamela0021743,189,655,858,112,50
689,249,524,Sham19Y0018100,821,872,1374,190,45
690,1,140,JK007083,45,1263,1402,109,100
690,1190,1508,JK007064,150,1,262,170,66
690,1128,1347,Sham19Y0016584,795,1279,1496,135,75
690,1,140,Sham19Y0148486,772,1328,1461,100,88
690,1,149,ShamAY0038390,23,132,275,102,86
690,5,149,Shamela0006610,182,84,213,97,85
690,1,140,Shamela0008176,1206,662,799,107,97
690,1178,1347,Sham19Y0017747,396,18,178,119,86
690,1,140,JK000977,367,943,1080,107,97
690,1,158,Shamela0026324,4413,782,949,108,76
690,1,140,JK006897,73,23,161,108,99
690,1,140,Shamela0012293,3132,1086,1225,108,99
690,1128,1470,Sham19Y0127656,113,769,1065,153,57
690,1178,1352,Shamela0021809,1182,173,462,110,45
690,1,149,Shamela0021809,2735,29,172,102,85
690,1,152,Shamela0021809,2737,551,698,108,91
690,1,152,Shia000841Vols,1513,1018,1184,112,84
690,1,152,Shamela0002863,360,525,680,115,95
690,1,152,Shamela0025794,3495,391,542,110,92
690,1,140,JK010138,6,1153,1293,108,98
690,1,152,Shia002073,25,1083,1242,112,88
690,1,140,Shamela0011428,380,797,932,106,97
690,504,1104,Sham19Y0131521,1150,812,1353,351,64
690,1128,1347,Sham19Y0016684,369,497,714,135,75
690,1,140,Shamela0001727,220,191,330,109,100
690,1,152,Shamela0026878,347,5,155,114,96
690,1,140,Sham19Y0020868,302,1091,1229,108,99
690,1178,1347,Shamela0005756,3359,1162,1322,119,86
690,1219,1470,Shamela0011385,1064,128,359,123,54
690,1,140,Shamela0005922,822,1264,1402,108,99
690,1,140,Shamela0005922,853,475,614,108,99
690,1178,1352,Shamela0008381,1511,596,781,126,87
690,5,140,Shamela0008381,1522,1302,1426,97,91
690,1178,1360,Shamela0008381,1523,12,201,130,84
690,1,140,Sham19Y0014309,1508,1023,1162,108,99
690,1,140,Sham19Y0017903,235,279,416,107,97
690,1,140,Shamela0006366,284,86,225,109,100
690,1,123,Shamela0006366,295,1039,1447,96,29
690,1,140,Shamela0004289,521,658,797,109,100
690,1,140,Sham19Y0122406,671,425,594,105,79
690,1,140,Sham19Y0145212,744,778,915,107,97
690,1178,1347,Shamela0037837,219,35,194,119,86
690,1,149,Sham19Y0132524,411,25,174,113,97
690,1,140,Shamela0001875,323,666,804,107,98
690,1132,1470,Sham19Y0037618,1040,106,566,167,45
690,751,943,ShamAY0033531,600,101,369,141,60
690,1178,1347,Sham19Y0018106,685,291,451,119,86
690,1,140,Sham19Y0018144,565,869,1006,107,97
690,1128,1470,JK007107,95,1105,1405,193,71
690,1194,1526,JK007107,96,164,539,150,42
690,1128,1347,Sham19Y0018103,809,935,1152,135,75
690,1,140,Shamela0025800,1292,443,582,109,100
690,1178,1508,Shamela0025800,1299,251,730,194,47
690,1,152,Sham19Y0017791,308,1335,1484,109,93
690,1,140,Sham19Y0017791,309,203,340,107,97
690,1187,1470,Shamela0010657,378,411,647,127,47
690,1,140,ShamAY0034005,193,682,819,107,97
690,1,152,Sham19Y0131336,456,534,688,113,92
690,1178,1347,Sham19Y0006684,532,75,596,122,29
690,1,140,Sham19Y0020638,190,977,1116,109,100
690,1178,1347,Sham19Y0020638,190,1213,1373,119,86
690,1128,1347,Sham19Y0013252,1713,1258,1489,132,69
690,1190,1347,Sham19Y0013252,1714,18,166,110,85
690,1,140,Sham19Y0146127,388,22,156,101,89
690,1,152,Sham19Y0146127,419,96,240,103,86
690,1,140,Sham19Y0016976,402,851,988,107,97
690,1,127,Shamela0008544,1208,219,345,98,99
690,1,140,Sham19Y0016599,1120,408,547,108,99
690,612,848,Shamela0009242,780,1242,1498,140,55
690,1,140,Sham19Y0017616,81,1187,1326,109,100
690,1,140,ShamAY0036027,6,177,317,108,98
690,41,158,JK007065,1268,1,144,88,79
690,1,149,Sham19Y0017798,941,444,582,103,88
690,1128,1347,Sham19Y0018176,364,334,561,132,70
690,1,158,Shamela0012220,1211,1187,1362,117,84
690,1,140,Sham19Y0122257,599,551,688,107,97
690,1128,1470,Shamela0000137,1319,1045,1443,154,48
690,1,144,Shamela0000137,1320,493,633,106,94
690,1,140,Sham19Y0014119,130,334,471,107,97
690,1,140,Sham19Y0017063,202,1325,1462,107,97
690,1,140,Sham19Y0148271,2037,103,242,109,100
690,1,140,Shamela0010803,188,508,647,108,99
690,1,140,Shamela0008360,122,717,856,109,100
690,1128,1347,Sham19Y0013605,1187,1276,1493,135,75
690,1,140,Shamela0009642,174,1086,1223,106,97
690,1117,1375,Shamela0021537,3045,148,439,167,74
691,1086,1374,Sham19Y0013667,1663,632,876,171,69
691,9,194,Shamela0006610,182,344,936,118,25
691,55,353,Shamela0008176,1209,812,1062,116,44
691,145,353,Shamela0021744,303,271,465,93,49
691,27,303,Shia000841Vols,1412,515,951,138,31
691,1104,1374,Shamela0008540,1305,1230,1445,175,79
691,753,1296,Shamela0026568,1020,1259,1622,240,51
691,549,1016,Shamela0005756,3674,647,854,154,41
691,1104,1275,Shamela0005756,3675,678,819,113,81
691,753,1589,Shamela0023685,1195,1032,1631,334,42
691,1,285,Shamela0001875,324,301,635,192,70
691,9,285,JK007107,96,580,827,171,75
691,903,1437,Sham19Y0014224,390,93,873,321,45
691,528,1065,Shamela0009242,924,694,1027,222,49
691,1132,1437,Sham19Y0013605,1258,1009,1209,111,41
691,597,1065,Sham19Y0013605,1260,1,337,263,69
692,130,461,Sham19Y0127700,447,1219,1413,143,51
692,800,1172,Sham19Y0127700,448,146,567,165,36
692,194,557,Shamela0006140,115,1,268,204,67
692,879,1095,Shia001831Vols,179,459,665,144,74
692,130,1045,ShamAY0033531,803,1077,1648,426,54
692,1045,1702,ShamAY0033531,804,1,423,327,59
692,130,328,Sham19Y0014224,387,50,343,151,61
692,794,1172,Sham19Y0014224,387,1250,1553,190,54
692,574,794,Shamela0009242,925,759,984,178,92
692,130,1444,Sham19Y0020590,91,270,1358,574,49
692,148,720,Sham19Y0013605,1259,1008,1583,320,52
692,899,1664,Sham19Y0013605,1260,664,1089,258,39
693,349,718,Sham19Y0013769,666,89,433,189,55
693,742,1055,Sham19Y0013769,670,356,854,190,44
693,110,508,Shia002616Vols,345,1164,1310,89,28
693,1,430,Shamela0008540,1302,1255,1555,193,52
693,504,718,Shamela0008540,1303,654,875,150,75
693,239,430,Shamela0005756,3668,1326,1515,148,94
693,110,504,Sham19Y0017903,263,477,619,88,28
693,110,504,Shamela0004289,575,932,1074,88,28
693,110,504,Sham19Y0122406,672,1303,1445,88,28
693,110,504,Sham19Y0132524,420,125,263,85,27
693,1273,1530,ShamAY0033531,800,1,273,183,75
693,110,504,Sham19Y0017729,135,242,384,88,28
693,110,504,Sham19Y0147597,1511,1,143,88,28
693,516,1050,Sham19Y0014224,391,527,1282,379,58
693,110,504,JK000475,1581,835,977,88,28
693,742,1050,Sham19Y0014601,1749,248,466,148,61
693,271,477,Sham19Y0017063,1498,172,387,120,63
693,130,508,Shamela0010443,629,1,128,79,26
693,6,458,Sham19Y0013605,1261,253,678,193,44
693,453,718,Shamela0010517,331,123,388,214,100
694,21,1207,Sham19Y0131521,1473,670,1466,489,45
694,1,1450,ShamAY0033531,800,273,1575,1009,84
695,94,646,Sham19Y0020944,208,1057,1302,163,37
695,94,646,Sham19Y0013667,1412,920,1139,152,34
695,94,646,Shamela0000767,640,736,916,128,28
695,94,646,Sham19Y0148486,934,1124,1337,142,32
695,94,565,JK009390,156,684,825,113,29
695,94,565,ShamAY0035233,28,24,224,141,35
695,301,1456,Shamela0008176,1264,133,1483,486,33
695,94,565,JK000977,371,184,315,103,27
695,94,646,JK006897,84,1020,1272,166,37
695,69,646,Shamela0021809,3317,774,1011,143,31
695,94,646,JK000631,94,1122,1404,168,36
695,84,646,Shamela0008540,1313,722,933,140,31
695,94,646,Shamela0025794,3667,116,367,156,35
695,524,764,Sham19Y0131521,1319,474,1016,115,26
695,94,646,Sham19Y0131521,1461,149,393,165,37
695,947,1529,Sham19Y0131521,1474,912,1256,105,20
695,108,599,Sham19Y0131521,1474,1,565,204,32
695,478,985,Shamela0021715,5131,745,1206,217,46
695,94,1014,JK001236,57,154,559,181,21
695,94,646,ShamAY0033910,242,1010,1255,153,34
695,94,565,Sham19Y0127677,236,928,1069,113,29
695,94,646,Shamela0004473,15337,165,417,165,37
695,94,646,JK000785,368,283,510,151,33
695,94,646,JK000130,243,1103,1348,153,34
695,94,646,Sham19Y0017903,255,17,250,158,35
695,127,565,Sham19Y0020878,156,1,168,114,30
695,94,646,Shamela0001442,184,348,567,159,36
695,94,565,JK000213,290,1254,1454,141,35
695,108,646,Shamela0004289,575,5,217,147,32
695,94,641,JK000653,130,58,256,137,31
695,478,911,Shamela0023685,1190,68,603,130,21
695,94,565,Shamela0001975,104,80,221,113,29
695,94,565,Shia002265Vols,2338,223,364,113,29
695,94,565,Sham19Y0145212,775,838,1017,140,37
695,94,646,Shamela0001456,115,616,848,148,34
695,191,1456,Shia001845Vols,173,1,583,432,40
695,94,646,Shamela0001875,360,353,598,164,37
695,94,565,Shamela0001438,473,1026,1167,113,29
695,1,1562,ShamAY0033531,801,72,1604,906,57
695,94,646,Kraken230110004547,239,545,765,134,30
695,94,569,Sham19Y0018144,589,1289,1454,125,33
695,1114,1323,Sham19Y0018144,3798,938,1187,139,67
695,94,646,JK007107,122,382,634,165,37
695,94,646,Shamela0025800,1441,106,365,166,37
695,94,646,Sham19Y0017729,130,896,1129,158,35
695,1,452,Sham19Y0017729,538,1174,1393,172,46
695,94,565,Shamela0021659,94,580,721,114,29
695,94,646,ShamAY0034005,231,1029,1285,158,34
695,94,565,Sham19Y0131336,639,697,828,106,27
695,94,646,Sham19Y0020638,192,879,1112,158,35
695,301,452,Sham19Y0020638,1605,150,307,123,96
695,94,569,Shamela0012981,851,1323,1494,135,35
695,94,646,JK000475,132,753,971,153,34
695,94,646,JK000475,155,301,501,136,30
695,94,646,Sham19Y0016599,1220,184,410,163,37
695,94,646,Shamela0009242,863,367,593,164,37
695,201,1588,Shamela0009242,865,1,948,568,47
695,94,646,Sham19Y0017616,88,580,820,155,35
695,94,646,Shia002119Vols,616,929,1447,164,27
695,94,646,JK007065,179,951,1199,163,36
695,94,646,Sham19Y0011194,78,381,610,157,35
695,297,813,Sham19Y0122257,620,1229,1588,269,63
695,813,1456,Sham19Y0122257,621,1,589,222,29
695,94,646,Shamela0000137,1203,747,988,158,36
695,94,569,Sham19Y0014601,1754,1308,1486,141,37
695,94,884,Sham19Y0014601,1755,251,830,152,17
695,94,646,Sham19Y0148271,1234,1146,1397,156,35
695,115,565,Shamela0008360,129,1,159,124,34
696,95,423,Sham19Y0020944,137,492,1023,232,52
696,100,833,ShamAY0036014,66,1131,1439,228,39
696,1014,1473,ShamAY0036014,67,638,908,178,47
696,134,423,Sham19Y0013667,1382,237,701,196,53
696,134,423,Shamela0008540,831,449,761,203,82
696,100,423,Shamela0011428,533,482,1024,231,53
696,91,467,Shamela0001727,222,713,1193,259,65
696,164,423,JK011184,205,1206,1466,199,97
696,91,423,Shamela0004473,15337,940,1385,248,69
696,429,701,Shia001831Vols,179,1018,1254,167,77
696,182,423,Shamela0096551,7,135,340,130,61
696,91,467,Sham19Y0122406,679,514,991,259,66
696,164,297,Sham19Y0122406,4299,1202,1388,103,70
696,95,423,ShamAY0033531,524,230,763,227,51
696,1008,1458,ShamAY0033531,802,146,597,359,97
696,86,423,JK007036,97,847,1230,243,76
696,268,423,JK000609,6,1,162,122,96
696,100,252,Shamela0008544,1247,859,1222,106,37
696,134,423,Shamela0009242,823,895,1193,196,79
696,164,437,Sham19Y0014601,1237,855,1137,200,89
697,1021,1329,JK000021,961,973,1259,187,73
697,1021,1333,Shamela0012415,90,194,514,194,71
697,473,1124,Sham19Y0013769,674,971,1545,246,37
697,1124,1551,Sham19Y0013769,675,1,379,286,80
697,1021,1329,Sham19Y0148486,945,675,979,193,74
697,563,785,ShamAY0035035,1065,511,661,81,44
697,705,940,Shia000841Vols,1590,963,1250,121,45
697,1021,1329,Shamela0002863,422,62,359,194,76
697,486,962,Shamela0008540,1323,527,862,252,65
697,595,927,Sham19Y0131521,1480,1091,1498,255,77
697,1367,1551,Sham19Y0131521,1481,92,282,143,92
697,705,1547,Sham19Y0127700,102,33,762,433,56
697,764,1354,Shamela0006227,261,878,1408,233,37
697,692,1367,Sham19Y0021525,199,1,643,394,67
697,712,1473,Sham19Y0014224,394,833,1563,556,90
697,1021,1354,Sham19Y0131336,645,64,405,194,64
697,1,880,Masaha001864Vols,5353,675,1597,706,94
697,880,1551,Masaha001864Vols,5354,1,679,530,96
697,1021,1333,ShamAY0031687,273,494,796,196,76
697,508,779,Masaha001946Vols,1202,1140,1464,113,37
697,1021,1329,Sham19Y0146127,478,960,1249,193,75
697,527,755,Sham19Y0013783,324,570,743,87,46
698,562,1079,Shamela0008540,1322,1280,1480,152,36
698,567,1256,Sham19Y0131521,1484,785,1381,237,31
698,481,1207,JK000201,3925,921,1577,271,36
698,1207,1450,JK000201,3926,1,219,154,78
698,1,1055,Masaha001864Vols,5354,679,1522,659,76
698,1055,1400,Masaha001864Vols,5355,1,366,273,90
699,19,566,Sham19Y0013769,677,574,1273,248,43
699,1295,1542,Sham19Y0013769,2212,396,660,194,89
699,238,1008,Shamela0012227BK2,278,1075,1506,180,26
699,19,441,Shamela0012227BK2,279,283,739,241,59
699,464,1160,Shamela0009918,1359,354,1036,245,29
699,1299,1542,Shamela0008540,1320,190,434,177,83
699,89,437,Sham19Y0131521,1482,223,590,165,42
699,1295,1465,Sham19Y0122401,835,1377,1561,134,87
699,566,1113,Sham19Y0122401,924,448,963,415,93
699,484,877,ShamAY0033522,218,1219,1518,203,63
699,877,1326,ShamAY0033522,219,1,394,312,83
699,75,519,Shamela0023685,991,375,801,114,20
699,101,428,Sham19Y0122406,682,1238,1512,162,53
699,1180,1542,Sham19Y0122406,683,555,1009,170,38
699,238,566,Sham19Y0132524,425,7,355,193,65
699,1,380,Masaha001864Vols,5356,1199,1592,303,96
699,380,1542,Masaha001864Vols,5357,1,1187,932,96
699,75,519,Rafed0002654Vols,8784,625,1013,107,19
699,216,1284,Shamela0000551,686,18,559,416,47
699,75,519,Shia004092Vols,12864,163,550,107,19
699,528,1290,Sham19Y0013620,222,1001,1370,191,29
700,360,1371,Sham19Y0013769,680,506,1595,379,32
700,87,730,Shamela0008540,1320,464,917,202,35
700,353,1589,Shamela0008540,1817,390,1526,822,75
700,725,1398,Sham19Y0122406,684,833,1292,157,24
700,35,307,Sham19Y0014224,397,1009,1288,143,58
700,639,1371,Sham19Y0014224,399,62,642,302,42
700,1,360,Masaha001864Vols,5357,1187,1548,289,99
700,360,1589,Masaha001864Vols,5358,1,1217,979,97
700,337,770,Masaha001864Vols,5362,927,1333,320,90
701,848,1097,Shamela0000767,646,710,959,146,66
701,231,960,JK000977,374,423,1170,187,19
701,848,960,JK000977,376,278,395,88,94
701,516,960,ShamAY0034073,1401,50,530,261,59
701,70,226,Shamela0008540,1818,1,156,127,99
701,516,838,Shamela0025794,1787,692,1020,178,63
701,739,960,Shamela0001727,225,41,487,163,45
701,848,960,Shamela0026389,77,224,335,88,99
701,516,973,Sham19Y0013572,920,438,942,258,51
701,516,1046,Sham19Y0017437,412,179,606,217,47
701,848,1141,Sham19Y0127677,250,164,556,149,42
701,659,1245,Shamela0005922,894,170,994,256,30
701,185,649,Shia001831Vols,180,314,798,238,46
701,539,926,Shamela0004289,533,772,1460,150,25
701,249,926,Sham19Y0122406,685,592,1344,313,40
701,739,1046,Sham19Y0122406,688,790,1316,203,48
701,749,1082,Shamela0010463,26,501,1136,207,40
701,848,960,Shamela0026668,319,1174,1286,88,99
701,659,960,Sham19Y0132524,427,467,823,226,79
701,848,1022,Shamela0001438,501,1155,1365,116,68
701,749,960,ShamAY0034134,323,224,644,152,45
701,595,960,Shamela0025800,2624,449,1101,254,49
701,535,960,Sham19Y0123608,298,584,1088,218,42
701,689,1216,Sham19Y0014224,274,15,930,198,23
701,1340,1579,Sham19Y0014224,274,1307,1517,153,74
701,5,226,Sham19Y0014224,399,833,1088,159,74
701,289,472,Sham19Y0018272,2082,1080,1263,146,98
701,848,1046,Sham19Y0020638,195,34,260,135,75
701,1062,1579,Sham19Y0013223,1638,676,1015,280,65
701,289,472,Sham19Y0013223,2149,927,1106,143,96
701,249,535,Masaha001864Vols,5355,326,618,194,78
701,1,235,Masaha001864Vols,5358,1217,1452,184,93
701,191,481,Masaha001864Vols,5364,1012,1312,206,84
701,749,1070,JK007116,12,798,1446,177,29
701,749,1106,Shamela0011036,465,245,790,217,46
701,848,960,Shamela0026746,4,730,842,89,100
701,649,1034,Sham19Y0023625,647,859,1536,258,47
701,848,973,JK007065,891,152,284,93,89
701,516,1082,Shamela0000137,1415,164,818,221,31
701,659,960,Shamela0009279,16,97,594,218,55
702,864,1142,ShamAY0034256,290,1189,1479,195,79
702,979,1186,Sham19Y0018259,103,51,266,160,91
702,873,1213,Sham19Y0013667,2373,953,1268,224,79
702,860,1111,Sham19Y0016584,842,500,789,174,73
702,860,1098,Sham19Y0016584,1048,1235,1460,159,80
702,877,1186,Shamela0006610,312,706,1044,243,89
702,860,1176,JK009390,6168,1061,1380,219,76
702,900,1043,Shamela0001717,435,1368,1520,107,84
702,860,1147,JK000110,195,180,505,203,76
702,860,1142,JK000110,266,383,652,194,82
702,873,1169,Shamela0011428,561,1155,1383,163,67
702,891,1176,Shamela0029878BK2,139,245,534,211,87
702,860,1147,Shamela0021715,1443,150,475,203,76
702,389,1176,Shamela0001727,225,428,984,284,36
702,864,1176,Shamela0026389,381,912,1235,229,85
702,881,1259,Shamela0026568,1050,107,468,208,59
702,877,1301,JK000786,651,576,1049,276,68
702,877,1301,JK000786,790,380,817,104,19
702,860,1301,JK000786,3873,707,1229,288,66
702,877,1259,Sham19Y0013572,662,575,964,280,89
702,860,1147,Shamela0005756,3603,1197,1522,203,76
702,881,1176,Sham19Y0127677,4276,1092,1424,225,83
702,829,1034,Sham19Y0127677,6393,468,680,162,94
702,856,1195,Sham19Y0127677,8401,589,914,215,74
702,979,1176,Shamela0022868,107,1,198,159,99
702,864,1093,JK007062,95,1305,1547,164,81
702,860,1176,JK000785,490,571,837,175,70
702,877,1147,Sham19Y0017903,205,1249,1513,212,97
702,829,998,Shia001395Vols,942,294,486,121,76
702,860,1176,Shamela0004289,488,1053,1360,240,93
702,133,374,Shamela0023628,34,1291,1493,130,60
702,860,1176,Sham19Y0122406,689,405,717,244,95
702,881,1176,Shia002265Vols,2583,370,686,218,80
702,860,1176,Shamela0026668,81,1096,1431,235,86
702,864,1176,Shia001989,60,809,1126,223,85
702,399,1176,Sham19Y0132524,427,774,1472,326,44
702,864,998,Sham19Y0037618,877,1368,1502,108,100
702,1040,1238,Sham19Y0037618,883,1,179,123,71
702,877,1052,Shamela0001438,6209,1250,1441,136,89
702,114,517,ShamAY0033531,769,1,134,107,33
702,860,1147,Sham19Y0018106,728,351,676,203,76
702,891,1207,Shamela0036446,200,1215,1542,235,89
702,860,1147,Sham19Y0018103,849,317,642,203,76
702,860,1142,Sham19Y0018103,1017,654,923,194,82
702,864,1213,Shamela0025800,1443,1114,1473,262,90
702,1007,1180,Sham19Y0017729,108,1,174,140,100
702,380,681,Sham19Y0131336,448,1170,1411,109,40
702,860,1301,Sham19Y0020638,195,737,1450,320,55
702,1,829,Sham19Y0013223,1638,1015,1639,369,49
702,877,1176,Shia001976Vols,723,755,1015,197,82
702,860,1176,Shia001976Vols,729,720,1029,214,79
702,877,1176,Shamela0011433,30,443,748,211,86
702,860,1147,Sham19Y0013252,1798,919,1244,203,76
702,860,1142,Sham19Y0013252,2282,34,303,194,82
702,860,1176,ShamAY0035884,596,336,650,226,88
702,860,1176,Shamela0010835,11,196,488,206,77
702,873,1301,Sham19Y0146127,607,84,540,276,70
702,840,1176,Sham19Y0146127,831,824,1143,206,71
702,321,517,Shamela0009242,834,1208,1398,152,94
702,877,1176,Shamela0009242,1293,547,846,241,99
702,541,1176,Sham19Y0017616,81,377,1007,316,49
702,877,1259,JK007065,732,344,770,279,80
702,860,1147,Sham19Y0018176,387,966,1291,203,76
702,864,1142,Sham19Y0018176,493,938,1203,191,82
702,163,517,Sham19Y0122257,620,785,1102,242,80
702,860,1147,Shamela0000137,1467,486,811,204,76
702,840,1176,Sham19Y0014032,93,746,1036,196,67
702,891,1272,ShamIbadiyya0000109,589,521,850,198,61
702,536,744,Sham19Y0013605,1220,1275,1530,149,68
702,190,510,Sham19Y0013605,1220,102,572,186,45
702,891,1147,Sham19Y0013605,1237,124,418,194,80
702,864,1142,Sham19Y0013605,1444,1120,1385,191,82
703,1194,1340,JK007083,71,1308,1468,109,86
703,1194,1435,Shamela0012415,104,109,421,180,73
703,728,941,Shamela0021495,89,355,542,148,84
703,110,410,Sham19Y0013667,1531,748,963,153,61
703,1194,1425,Sham19Y0013667,2388,750,967,136,69
703,1214,1425,Shamela0000767,496,87,328,157,80
703,1194,1420,Sham19Y0148486,1195,300,539,163,86
703,1282,1406,Sham19Y0148486,1635,1,125,100,100
703,1184,1416,Sham19Y0017747,524,754,990,135,57
703,1194,1435,JK009242,439,470,767,127,44
703,1194,1435,Shamela0001719,4275,41,352,135,45
703,1190,1451,Shia000841Vols,1883,548,944,156,45
703,1194,1440,Shamela0012031,87,336,648,174,71
703,1194,1406,Shamela0002863,645,1160,1388,162,89
703,965,1444,Shamela0002863,648,1043,1440,149,34
703,621,837,Shamela0008540,824,1210,1403,129,68
703,128,410,Shamela0008540,829,1,193,149,64
703,1194,1406,Shamela0025794,4934,20,251,150,80
703,1224,1425,Shamela0021590,412,177,366,124,76
703,1267,1406,Shamela0001727,231,6,145,111,99
703,1243,1451,Sham19Y0017757,62,1,211,127,66
703,1194,1406,Shamela0012844,14,355,595,147,74
703,1194,1435,Shamela0003118,3537,373,657,172,75
703,1224,1406,ShamAY0034263,94,100,278,128,83
703,737,1379,Shamela0026568,1050,638,1108,262,43
703,632,976,Shamela0005756,2322,7,445,166,42
703,110,410,Shamela0005756,2324,1287,1498,153,61
703,1194,1435,Sham19Y0127698,103,413,682,165,77
703,1010,1340,Shamela0009790,66,450,883,162,41
703,1194,1406,Shamela0012406,833,383,634,151,74
703,1214,1406,Shamela0005922,1158,1127,1380,147,73
703,1214,1451,Shamela0000427BK2,1183,312,612,171,70
703,1194,1430,Shamela0022868,108,1044,1309,159,75
703,1143,1444,JK000271,88,881,1368,164,37
703,1194,1435,Sham19Y0017903,206,888,1171,176,78
703,1209,1451,ShamAY0033181,245,555,885,152,52
703,1194,1451,Shamela0006366,826,461,771,175,70
703,1194,1451,Shamela0006366,848,265,575,175,70
703,1209,1334,Shamela0006366,862,538,874,98,36
703,1194,1379,Shamela0004289,489,1291,1484,123,73
703,27,245,ShamIbadiyya0000219,388,563,725,131,72
703,728,1301,Shamela0023685,1225,383,860,271,50
703,1194,1406,Sham19Y0122406,704,685,911,162,90
703,1057,1406,Shamela0006227,301,329,612,160,54
703,1194,1392,Shamela0009773,472,540,723,131,81
703,968,1406,Sham19Y0016946,95,89,666,135,22
703,1194,1406,Sham19Y0132524,432,26,253,162,90
703,1194,1435,Shamela0009770,658,720,1018,169,72
703,1150,1340,ShamAY0033531,522,222,447,122,67
703,1010,1425,Sham19Y0018144,580,276,655,168,47
703,1194,1435,Sham19Y0017729,108,870,1158,177,77
703,32,484,Sham19Y0014224,267,397,870,315,74
703,752,1435,Sham19Y0014224,269,337,880,314,51
703,1194,1406,Sham19Y0131336,740,193,433,162,85
703,1194,1435,Sham19Y0020638,199,382,655,180,83
703,1194,1435,JK007036,101,958,1234,180,82
703,1194,1425,Sham19Y0127663,313,241,482,157,77
703,1194,1406,ShamAY0035884,883,374,607,154,81
703,1048,1444,JK005200,208,277,696,174,41
703,1233,1406,Sham19Y0146127,607,1125,1299,130,94
703,1194,1435,Sham19Y0146127,834,635,923,165,71
703,845,1296,Shamela0011036,542,942,1497,222,45
703,1296,1430,Shamela0011036,543,1,127,98,91
703,1214,1406,Rafed0003477Vols,628,753,989,150,80
703,968,1406,Sham19Y0020590,108,1134,1591,181,41
703,518,1243,Sham19Y0122257,765,626,1179,313,50
703,1057,1406,Shamela0021731,154,602,876,162,56
703,1194,1406,Sham19Y0148271,2278,151,363,134,72
703,621,837,Sham19Y0150962,917,534,724,118,59
703,1184,1451,Shamela0022644,876,211,508,151,53
703,728,1090,ShamIbadiyya0000109,589,902,1215,235,78
703,484,1435,Shamela0000791,205,117,1007,648,81
703,114,425,Sham19Y0013605,1184,119,361,173,66
704,177,391,Sham19Y0013769,501,1409,1622,155,86
704,406,576,Sham19Y0013769,502,32,181,110,75
704,1138,1258,Shamela0001727,228,1,121,95,100
704,1076,1267,Sham19Y0127677,18597,239,430,148,98
704,1076,1290,Sham19Y0147104,2016,621,831,144,85
704,612,745,Shia001831Vols,180,949,1079,96,87
704,612,750,Sham19Y0122406,691,1173,1341,77,56
704,593,1258,Sham19Y0122406,696,151,819,209,27
704,1076,1351,Sham19Y0018144,3802,1104,1421,174,65
704,35,576,Sham19Y0014224,267,980,1473,331,68
704,464,818,Shamela0009859,19,340,479,109,37
704,1076,1267,Masaha001864Vols,4901,109,297,148,97
704,1076,1300,Masaha001864Vols,5745,641,922,167,74
704,1,132,Sham19Y0014601,1231,426,542,95,88
704,1,200,Shamela0000791,205,1,155,113,68
705,1041,1327,Sham19Y0013667,2386,801,1046,117,42
705,1094,1496,Sham19Y0148486,5202,639,988,180,47
705,260,495,Sham19Y0148486,5202,214,424,74,33
705,1037,1496,Shamela0021744,402,232,590,172,39
705,1031,1491,ShamAY0034447,1479,93,612,165,29
705,1037,1496,JK000299,343,221,579,172,39
705,1031,1496,Shamela0030340,2,608,1026,175,38
705,1037,1496,Sham19Y0018144,576,423,775,165,39
705,1031,1356,JK007020,10,1060,1334,140,45
705,1037,1496,Masaha001864Vols,3529,438,809,175,41
706,447,617,Shamela0002569,781,610,757,112,82
706,594,1134,Shamela0005756,3177,614,965,214,44
706,452,1104,Shia001831Vols,180,1196,1546,262,48
706,1150,1372,Sham19Y0132524,430,576,949,81,20
706,111,1198,Masaha001946Vols,872,650,1490,476,49
706,852,1445,Sham19Y0013605,1134,245,690,225,42
706,194,476,Sham19Y0013605,1150,1001,1138,69,25
707,885,1203,Shamela0005756,3203,312,573,135,42
707,260,1426,Shia001831Vols,181,1,273,205,21
707,335,885,Sham19Y0020638,1606,257,507,144,31
707,1072,1393,Masaha001946Vols,874,1,277,202,73
708,1430,1543,JK007054,935,622,736,89,98
708,743,1170,Sham19Y0013667,2611,986,1470,186,40
708,123,604,Sham19Y0017747,526,1025,1527,361,85
708,861,1540,Shamela0008540,1280,614,1153,317,53
708,810,1007,Sham19Y0131521,1429,862,1354,103,26
708,1166,1355,Sham19Y0131521,1431,343,648,104,41
708,1425,1543,Sham19Y0131521,1432,447,566,94,99
708,123,442,Shamela0021590,413,500,795,196,71
708,118,645,Shamela0000432,5059,52,611,383,80
708,656,930,ShamAY0035990,631,1158,1365,126,56
708,150,645,Shamela0009242,866,459,956,386,94
708,656,930,JK007074,430,69,249,141,64
709,74,366,Sham19Y0013667,2609,316,596,204,86
709,895,1066,Sham19Y0013667,2610,289,468,118,79
709,371,660,Sham19Y0013667,2612,271,731,137,34
709,74,366,Shamela0008540,1276,1040,1321,214,92
709,895,1066,Shamela0008540,1278,586,763,122,82
709,46,841,Shamela0008540,1280,1169,1561,227,35
709,774,888,Sham19Y0131521,1430,1,115,93,100
709,87,366,Sham19Y0014309,1643,993,1258,202,91
709,74,255,ShamAY0033531,772,1430,1599,132,91
709,255,371,ShamAY0033531,773,1,117,81,83
709,77,262,ShamAY0035990,631,1371,1561,95,49
709,491,781,Sham19Y0013252,1654,1181,1597,170,50
709,220,366,Sham19Y0013252,1657,77,217,101,87
710,107,244,Sham19Y0020561,1439,46,217,108,80
710,107,244,Shamela0012415,161,733,886,106,85
710,107,244,Sham19Y0148486,1172,424,580,108,87
710,126,244,JK009390,2804,1183,1301,93,100
710,1269,1541,Sham19Y0019188,649,1397,1582,112,50
710,107,244,JK000977,390,1251,1399,96,75
710,405,710,Shamela0009918,258,964,1273,207,76
710,107,463,ShamAY0033556,93,734,1080,186,58
710,126,548,ShamAY0033556,94,83,682,122,19
710,107,244,JK000631,58,1135,1291,108,87
710,42,405,Shamela0001727,235,541,1309,264,42
710,107,244,Sham19Y0013572,1326,831,983,102,82
710,126,244,Sham19Y0127677,2613,615,733,93,100
710,56,331,Sham19Y0127677,12856,87,332,119,39
710,56,244,Sham19Y0127677,15026,876,1243,149,50
710,107,1064,Sham19Y0127677,15027,6,822,617,78
710,107,331,Sham19Y0017903,228,908,1203,165,70
710,444,1064,Shia001831Vols,181,318,528,146,29
710,373,548,ShamAY0033522,220,841,996,104,76
710,107,244,Shamela0004289,515,1035,1191,108,87
710,56,548,Sham19Y0122406,714,153,897,290,46
710,126,244,Shia002265Vols,2305,1292,1410,93,100
710,126,244,JK000657,49,103,221,93,100
710,56,292,Sham19Y0132524,434,1281,1616,167,62
710,107,244,Sham19Y0037618,4608,328,484,108,87
710,126,244,Shamela0001438,4227,536,654,93,100
710,107,244,Sham19Y0018144,571,874,1030,108,87
710,107,544,JK007107,138,600,1091,195,37
710,107,244,Shamela0025800,1356,126,276,103,83
710,89,331,Sham19Y0017729,120,314,623,167,68
710,56,548,Sham19Y0017729,535,173,378,153,38
710,126,244,Shamela0021659,1447,230,349,93,99
710,107,244,ShamAY0034005,195,250,406,105,83
710,126,326,Sham19Y0020638,203,562,902,151,56
710,107,248,Sham19Y0013223,221,289,440,102,80
710,405,699,Sham19Y0013223,1632,1059,1360,232,95
710,405,754,Sham19Y0013223,1648,219,567,274,96
710,107,405,Masaha001864Vols,1367,885,1407,199,48
710,405,704,Masaha001864Vols,1369,508,822,217,81
710,56,1064,Masaha001864Vols,4433,832,1325,382,47
710,107,244,Masaha001941,85,47,203,106,85
710,97,303,Masaha001946Vols,1163,1263,1470,118,66
710,107,244,Sham19Y0146127,596,307,463,108,87
710,107,405,Shamela0011036,586,1078,1437,166,56
710,32,244,Sham19Y0017616,94,1129,1378,136,69
710,107,244,JK007065,1073,574,724,103,83
710,107,244,Shamela0000137,513,929,1080,108,90
710,341,699,Sham19Y0017063,223,577,1053,240,58
711,195,542,Sham19Y0017747,352,1022,1552,229,49
711,215,373,Shamela0008540,1222,1315,1474,123,90
711,373,553,Shamela0008540,1223,1,180,145,98
711,933,1163,Sham19Y0131521,6369,62,445,127,35
711,11,741,Shamela0001727,237,37,878,278,28
711,868,1202,Sham19Y0127700,449,1,318,170,50
711,73,489,Shamela0005756,3428,605,887,114,29
711,678,898,Sham19Y0127677,8183,220,479,162,74
711,64,553,Sham19Y0122406,719,123,1109,274,34
711,553,741,Sham19Y0122406,720,366,696,154,56
711,128,553,ShamAY0033531,746,833,1424,296,60
711,128,510,Sham19Y0018272,1890,748,1129,238,71
711,59,553,Sham19Y0013223,1668,785,1342,327,68
711,678,920,Sham19Y0013252,1709,32,244,130,57
711,128,741,Shamela0012220,194,211,545,124,23
711,294,536,Sham19Y0122257,696,421,660,173,80
711,77,574,Sham19Y0013783,383,1106,1511,237,49
711,123,536,Shamela0000791,166,408,816,220,53
711,294,536,Sham19Y0013605,1196,1057,1263,146,74
711,136,462,Sham19Y0017442,245,8,535,181,40
712,943,1338,Sham19Y0013667,1453,222,542,252,76
712,943,1183,Shamela0008540,911,1417,1580,127,63
712,1183,1338,Shamela0008540,912,1,158,127,98
712,497,1420,Sham19Y0131521,1092,125,885,311,33
712,149,585,Shamela0001727,238,78,877,208,27
712,78,294,Sham19Y0127677,8183,479,634,129,70
712,591,1426,Sham19Y0127677,9808,832,1383,295,36
712,907,1338,Sham19Y0013231,2935,469,1290,235,34
712,572,779,Sham19Y0014309,1702,517,767,149,71
712,585,749,Shia001831Vols,181,716,869,125,91
712,692,1668,Shamela0000140,721,264,1231,601,61
712,668,895,Shamela0000140,1601,110,275,117,60
712,594,1655,ShamIbadiyya0000219,402,559,977,324,37
712,1066,1338,Shamela0009702,1109,1,247,190,83
712,1373,1668,ShamAY0033531,558,172,421,193,79
712,1444,1668,Sham19Y0013223,1636,266,483,178,96
712,591,1114,Shamela0009242,1311,489,840,197,43
712,492,749,Sham19Y0017063,258,1324,1541,172,79
712,686,1431,Shamela0010517,374,363,1138,594,93
712,1483,1668,Shamela0010517,375,1,186,152,100
713,1103,1347,Sham19Y0013769,487,963,1494,184,42
713,1429,1677,Sham19Y0148486,763,339,482,77,39
713,1072,1424,Sham19Y0032381,129,654,927,201,70
713,1207,1424,ShamAY0035233,87,410,629,178,99
713,1429,1677,Shamela0008176,1552,1194,1340,77,38
713,1429,1671,Shia000841Vols,1843,1397,1519,67,36
713,1429,1677,ShamIbadiyya0000229,1541,801,948,78,37
713,1235,1677,Shamela0008540,903,522,1012,227,45
713,1429,1677,Sham19Y0127660,777,410,551,77,38
713,600,855,Shamela0001727,238,1117,1547,151,45
713,1429,1677,Shamela0001727,239,657,800,77,39
713,1429,1677,Sham19Y0017437,382,730,863,71,34
713,1429,1677,Shamela0012014,252,1156,1299,77,39
713,1072,1424,Sham19Y0127677,8097,365,639,214,74
713,1467,1614,Sham19Y0127677,8098,62,214,118,94
713,1040,1278,Sham19Y0127677,9050,1049,1305,178,78
713,1229,1424,Shamela0001673,2043,130,308,143,89
713,1049,1424,Shamela0006947,16589,33,417,205,51
713,69,386,Sham19Y0014309,1702,792,1108,262,98
713,1072,1424,Sham19Y0014309,3051,435,663,164,57
713,1429,1658,Sham19Y0122096,2574,1420,1534,59,34
713,1429,1677,Sham19Y0017903,225,451,596,79,38
713,1075,1614,Shia001831Vols,181,1039,1445,315,69
713,1229,1424,Shamela0000140,396,1110,1284,138,85
713,1429,1677,Shamela0000140,397,61,440,175,55
713,1,440,Shamela0000140,721,1231,1589,284,77
713,1072,1360,JK000201,570,1275,1583,229,89
713,1429,1677,Shamela0004289,509,1166,1309,77,39
713,69,352,ShamIbadiyya0000219,402,981,1253,222,93
713,1271,1424,Shamela0021660,1186,1,132,98,78
713,1429,1666,Shamela0021660,3429,188,307,68,37
713,600,1008,Sham19Y0122406,722,831,1502,226,41
713,1429,1677,Sham19Y0122406,724,715,1016,108,43
713,986,1424,ShamAY0033531,552,354,686,199,51
713,1467,1666,ShamAY0033531,553,453,759,126,50
713,1,656,ShamAY0033531,558,421,798,202,30
713,1429,1677,JK007107,215,1374,1517,77,39
713,1099,1424,Sham19Y0018103,797,933,1192,168,62
713,1429,1677,Sham19Y0017729,119,379,522,77,39
713,1429,1677,Shia003732Vols,3329,642,784,71,35
713,1429,1677,Shia003732Vols,3403,1141,1279,77,38
713,1040,1396,Sham19Y0014224,257,588,1410,199,28
713,1429,1677,ShamAY0034005,224,898,1041,77,39
713,1429,1677,Sham19Y0020638,206,619,762,77,39
713,1479,1614,Sham19Y0020638,1607,946,1072,94,81
713,1429,1677,Sham19Y0013223,212,1,145,78,37
713,1099,1619,Sham19Y0013223,1636,1055,1506,358,84
713,1,435,Sham19Y0013223,1636,483,776,245,67
713,1429,1666,JK000216,340,639,761,68,37
713,1229,1424,Sham19Y0013252,1695,1,196,159,99
713,1429,1677,Sham19Y0146127,383,34,177,77,39
713,967,1677,Shamela0011036,529,224,710,125,17
713,1072,1424,Shamela0008544,1422,1073,1313,185,64
713,1,595,Sham19Y0016599,1011,58,568,249,44
713,1229,1424,Shamela0009242,1320,937,1110,141,87
713,1479,1619,Sham19Y0011194,225,851,992,112,97
713,1040,1416,Sham19Y0018176,358,883,1527,159,24
713,1429,1677,Sham19Y0122257,742,293,439,77,38
713,1429,1677,Shamela0000137,516,473,624,79,37
713,1040,1467,Shamela0000137,1271,1130,1451,99,23
713,1040,1424,Sham19Y0014601,1313,629,1024,313,96
713,1434,1677,Shamela0008360,166,1,142,73,37
713,1075,1424,Sham19Y0013605,1172,316,603,216,75
713,1429,1677,Shamela0010517,324,744,887,77,39
713,1,386,Shamela0010517,375,186,570,322,99
713,1429,1677,Shamela0010517,716,941,1097,78,38
714,1062,1477,Sham19Y0127660,1260,489,918,342,96
714,352,547,Shamela0005756,3029,838,1033,130,73
714,906,1482,Shamela0005756,3031,510,960,326,66
714,210,885,Shamela0000894,2451,931,1555,480,85
714,885,1062,Shamela0000894,2452,1,201,145,88
714,508,687,Sham19Y0014309,3054,160,340,144,99
714,1123,1644,Shia001831Vols,182,1,468,305,63
714,1,205,Shamela0000140,397,424,666,161,77
714,1062,1566,ShamAY0033522,99,448,1046,353,70
714,969,1482,Shamela0021660,4381,254,542,180,43
714,1052,1374,Sham19Y0127713,527,1,315,210,72
714,280,501,Sham19Y0018106,608,888,1109,126,59
714,357,1189,Sham19Y0018103,739,974,1228,177,26
714,280,525,Sham19Y0018272,1848,194,432,139,60
714,237,687,Sham19Y0013223,1514,1144,1565,304,76
714,22,205,Sham19Y0013223,1636,1506,1685,148,96
714,280,629,Sham19Y0013252,1577,337,669,183,56
714,1083,1482,Shamela0000551,283,99,430,245,74
714,428,634,Sham19Y0023625,464,1,203,147,84
714,352,1477,Sham19Y0013605,1096,170,1143,516,45
714,309,629,Shamela0010517,479,33,336,241,93
715,409,1208,ShamAY0034059,3021,889,1593,423,57
715,1208,1396,ShamAY0034059,3022,1,204,147,90
715,958,1467,Sham19Y0013769,486,248,763,402,95
715,955,1396,Shamela0000963,686,326,614,165,46
715,6,255,Sham19Y0017747,520,1204,1504,139,52
715,1016,1419,Shamela0008540,916,11,369,257,74
715,6,315,Shamela0008540,917,1058,1422,204,66
715,958,1396,Sham19Y0131521,1089,541,946,296,80
715,6,315,Shamela0005756,3296,838,1257,183,50
715,478,782,Sham19Y0127677,7445,649,956,244,94
715,1,175,Shamela0001673,2040,302,490,137,89
715,1091,1414,Sham19Y0014452,199,1,294,221,83
715,6,315,Sham19Y0014309,3053,568,931,203,65
715,1162,1396,Sham19Y0017419,196,930,1164,134,57
715,6,944,Shia001831Vols,182,354,975,465,59
715,409,754,JK000201,569,1120,1633,265,62
715,754,969,JK000201,570,1,258,167,79
715,958,1396,ShamAY0033598,229,243,597,193,51
715,409,949,ShamAY0033531,559,237,887,437,81
715,409,662,Sham19Y0018144,3731,432,684,179,82
715,1016,1299,Sham19Y0018272,1767,1216,1532,214,82
715,1,306,Sham19Y0013223,1630,1229,1535,247,99
715,553,1162,Sham19Y0013223,1635,1038,1595,450,89
715,958,1396,Shamela0009242,1322,1045,1455,295,80
715,390,1104,Sham19Y0020590,110,833,1558,495,75
715,955,1396,JK007074,472,25,308,161,45
715,1098,1414,Sham19Y0017063,260,1,260,195,76
715,409,949,Sham19Y0150961,94,975,1486,384,84
716,326,747,Shamela0021848BK3,439,658,1079,335,98
716,1222,1430,Shamela0001733,4911,1078,1344,81,27
716,422,721,Sham19Y0017350,258,878,1349,90,23
716,1222,1527,Shamela0008203,185,950,1107,107,43
716,1375,1527,Shamela0008176,1532,160,512,105,37
716,1222,1430,JK000977,403,19,473,92,21
716,1026,1206,JK010001,2635,550,705,89,50
716,840,965,JK010001,2637,675,800,101,100
716,276,597,JK010001,2639,712,1036,233,85
716,1394,1527,JK010001,2640,176,422,71,36
716,418,591,Shamela0008540,780,980,1158,123,87
716,1007,1231,Tafsir07055,2753,75,272,111,53
716,840,965,Tafsir07055,2755,611,736,101,100
716,267,597,Tafsir07055,2757,879,1213,251,90
716,1222,1527,Tafsir07055,2758,199,723,158,31
716,272,578,Sham19Y0131521,954,761,1063,218,86
716,428,586,Sham19Y0131521,5618,987,1130,109,85
716,55,267,Shamela0001727,240,1032,1150,94,55
716,1222,1527,Shamela0001727,242,137,651,155,32
716,1007,1206,Sham19Y0127677,13715,868,1222,164,55
716,591,747,Sham19Y0014452,191,148,283,97,78
716,291,1323,Shia001831Vols,182,1017,1634,375,42
716,267,747,JK000201,1183,59,532,376,97
716,272,752,Shamela0021660,5402,40,315,138,34
716,55,267,Sham19Y0122406,729,61,597,110,26
716,1222,1527,Sham19Y0122406,731,319,833,155,32
716,1222,1527,Sham19Y0132524,442,1262,1482,124,48
716,1375,1527,Shamela0001875,267,802,965,104,79
716,1061,1226,Sham19Y0018144,3752,1285,1473,127,80
716,1375,1527,Sham19Y0017791,391,714,963,104,52
716,536,965,Sham19Y0014224,222,32,289,140,40
716,1026,1527,Sham19Y0020638,208,90,419,177,39
716,200,616,JK007074,419,989,1509,326,76
716,616,752,JK007074,420,1,146,108,92
716,1226,1527,Sham19Y0122257,732,1,294,132,46
716,422,555,Sham19Y0014601,5417,1116,1246,96,90
716,1222,1527,Shamela0008360,162,678,984,135,45
717,67,233,Sham19Y0017350,381,1133,1532,109,33
717,1,218,ShamAY0034227,675,267,469,163,93
717,284,486,Shamela0001727,242,828,1312,127,32
717,1,122,Sham19Y0149697,712,1069,1185,88,91
717,1,155,Sham19Y0023625,2642,489,765,112,50
718,387,772,Sham19Y0020594,302,166,539,106,22
718,599,1204,JK007128,444,100,798,198,27
718,394,719,Shamela0001727,244,423,637,111,43
718,387,768,Shamela0023644,1213,926,1477,93,15
718,1,1231,Shia001831Vols,183,178,1331,441,30
718,616,1062,JK000201,4023,137,668,314,73
718,394,719,Sham19Y0122406,735,1259,1474,111,44
718,1075,1587,Sham19Y0018103,829,780,1093,228,55
718,663,861,Masaha001864Vols,4358,666,876,135,73
718,1075,1587,Sham19Y0013605,1213,288,692,319,75
719,1203,1427,Shia000841Vols,913,180,398,169,92
719,1019,1556,JK006838,310,597,757,101,22
719,1019,1556,JK009266,9063,1026,1178,99,22
719,348,651,Shamela0005756,3510,78,380,216,83
719,1225,1362,Shia001831Vols,184,1,105,81,74
719,1019,1556,Shia002218Vols,870,909,1069,101,22
719,1215,1468,Shamela0009702,760,9,288,200,89
719,165,822,Sham19Y0122406,739,1,684,351,54
719,849,1556,Sham19Y0001734,2415,1210,1494,136,23
719,849,1556,Sham19Y0132524,3148,896,1164,137,23
719,1209,1367,Sham19Y0021525,711,441,576,102,79
719,1225,1408,Sham19Y0021525,984,842,1013,87,56
719,1019,1556,Meshkat00042485,6826,636,798,98,20
719,1203,1350,Shamela0021642,1329,1375,1498,96,82
719,1203,1556,Sham19Y0013605,1212,933,1331,159,45
719,232,614,Sham19Y0013605,1213,752,1048,208,64
720,1166,1351,Sham19Y0014309,2590,875,1061,151,99
720,116,347,Sham19Y0013253,236,975,1235,174,80
720,1098,1517,Shia001831Vols,183,854,1219,221,58
720,1166,1533,JK000201,84,618,974,278,93
720,837,1392,JK000201,3962,658,1534,385,54
720,1392,1562,JK000201,3963,1,166,122,89
720,97,844,Sham19Y0122406,736,667,1344,264,33
720,1166,1351,Sham19Y0122406,737,298,616,129,47
720,844,1028,ShamAY0033531,73,342,526,150,100
720,1361,1528,Sham19Y0018144,3406,474,634,129,95
720,837,1012,Sham19Y0014601,287,33,212,139,96
720,764,1166,Rafed0003902Vols,4923,20,276,128,34
720,1166,1517,Sham19Y0150962,799,248,830,277,58
721,604,1202,Sham19Y0020561,1361,270,690,236,47
721,765,1205,JK007083,48,15,806,197,28
721,816,1018,Sham19Y0013667,1321,1025,1261,139,71
721,664,1018,Sham19Y0148486,822,1216,1443,165,55
721,1075,1230,Sham19Y0148486,826,1310,1503,123,79
721,664,1018,Shamela0006610,194,1195,1427,165,55
721,1075,1306,Shamela0006610,296,321,543,141,74
721,920,1066,JK000977,410,1,522,92,22
721,1075,1321,JK006897,79,956,1148,139,70
721,641,1018,Shia000841Vols,1462,735,1265,264,58
721,641,1205,Shia000841Vols,1488,678,1014,207,44
721,664,1018,Shamela0002863,353,1156,1383,166,56
721,673,1018,Shamela0011428,526,481,892,117,25
721,954,1230,Shamela0021590,299,1276,1558,123,50
721,1066,1230,JK007128,658,358,515,117,87
721,664,1018,Shamela0001727,246,1040,1273,171,57
721,1075,1230,Shamela0001727,247,653,809,123,98
721,1075,1230,Shamela0031457,9,181,326,96,71
721,1075,1230,Shamela0000432,5052,577,722,115,91
721,1075,1306,Shia002069Vols,73,1076,1401,145,55
721,1075,1219,Shamela0026568,1010,1320,1461,92,73
721,816,1022,Sham19Y0017437,472,1211,1417,134,74
721,1075,1493,Sham19Y0127700,104,70,487,178,47
721,1075,1357,ShamAY0033910,201,841,1156,141,47
721,636,1027,Shamela0005756,3421,1086,1357,180,54
721,641,1205,Shamela0005922,895,146,577,229,46
721,1070,1230,Sham19Y0014309,1540,149,294,115,89
721,1090,1353,Sham19Y0014309,1608,87,320,129,54
721,673,1302,JK000271,43,775,1389,193,26
721,1075,1230,Shamela0021713,101,306,451,96,71
721,1036,1234,JK006950,1155,541,808,132,57
721,1075,1230,Shamela0021619BK2,426,1338,1478,112,89
721,889,1230,Shamela0004289,535,614,1066,171,44
721,1075,1302,Shamela0023685,1185,1030,1271,122,59
721,664,1018,Sham19Y0122406,740,1252,1485,171,57
721,1075,1230,Sham19Y0122406,743,63,219,123,98
721,1075,1230,Shamela0021677,462,666,806,112,89
721,701,1306,Sham19Y0132524,444,75,951,253,30
721,641,1202,Shamela0001875,335,778,1363,180,26
721,677,1306,Shamela0001875,336,1,584,173,25
721,633,1018,Sham19Y0037618,1018,670,936,186,57
721,692,1310,ShamAY0033531,646,285,751,205,35
721,701,1018,JK000099,112,399,715,133,44
721,641,1027,ShamAY0034134,304,149,404,165,50
721,1036,1234,JK000381,6849,195,462,132,57
721,942,1230,Shamela0036446,168,1,270,147,58
721,664,1018,JK007107,104,490,709,163,56
721,641,1018,Sham19Y0013577,491,397,638,167,52
721,664,1230,Shamela0025800,1354,199,911,305,45
721,664,1039,Sham19Y0021525,188,189,435,170,55
721,612,1018,Sham19Y0123608,299,129,389,173,52
721,673,1018,Shamela0010657,416,970,1380,120,26
721,673,1018,Sham19Y0020638,212,29,512,146,28
721,633,1202,Shamela0006222,42,66,713,203,30
721,1075,1306,JK000475,216,635,961,138,53
721,673,1018,JK005200,191,325,767,212,58
721,1075,1370,Sham19Y0146127,416,307,655,127,33
721,664,1302,Sham19Y0016599,1286,654,1272,312,50
721,664,1205,Shamela0009242,839,521,927,209,46
721,664,1066,Shamela0009242,841,1200,1517,193,53
721,692,1205,Shamela0009242,849,680,1046,212,47
721,1075,1306,Shamela0009242,1245,928,1185,140,55
721,397,1018,Sham19Y0017616,84,565,1203,312,45
721,1075,1302,JK007065,714,648,892,149,76
721,664,1202,JK007065,715,722,1055,208,47
721,1075,1230,Shamela0021642,532,1085,1222,105,84
721,771,1302,Shamela0000137,1372,7,334,189,45
721,1070,1306,Shamela0000137,1374,264,607,158,58
721,1036,1183,Shamela0021729,46,1249,1503,111,54
721,1075,1230,Sham19Y0148271,703,1346,1499,120,95
721,633,1066,Shamela0010517,659,621,935,201,55
722,1,712,Sham19Y0013769,597,1014,1597,305,50
722,1425,1676,Sham19Y0017747,411,156,393,190,89
722,1148,1409,ShamIbadiyya0000229,1308,535,787,186,83
722,1,742,ShamIbadiyya0000229,1575,395,1179,448,61
722,881,1041,ShamIbadiyya0000229,1576,1372,1522,102,72
722,11,523,Shamela0008540,1095,527,988,335,80
722,1,209,Sham19Y0131521,1255,1399,1605,160,95
722,1,692,Sham19Y0014309,1607,876,1600,491,78
722,1382,1676,JK000201,745,10,304,244,100
722,1,712,Sham19Y0014224,333,850,1535,363,51
723,939,1174,Sham19Y0013667,1315,1035,1270,144,76
723,273,686,Sham19Y0013769,586,793,1473,238,42
723,1,210,Sham19Y0017747,411,393,610,170,95
723,1193,1449,Zaydiyya0000015,673,352,598,149,60
723,910,1118,Shamela0008540,1087,674,895,154,79
723,663,904,Shamela0008540,1088,231,450,170,86
723,1183,1495,Sham19Y0131521,1261,345,699,157,42
723,966,1102,Shamela0005756,3466,620,751,106,95
723,915,1102,Shamela0000427BK2,1489,282,532,151,74
723,1,210,JK000201,745,304,513,169,98
723,686,915,ShamAY0033531,641,1061,1293,181,95
723,1475,1648,ShamAY0033531,645,1,393,90,26
723,1,210,ShamAY0033531,647,175,384,171,100
723,237,686,Sham19Y0014224,328,59,588,286,61
723,1,210,Shamela0009242,850,104,313,171,100
724,749,1325,Shamela0008540,1092,1,291,197,42
724,1272,1414,Sham19Y0131521,1261,71,217,114,97
724,1,468,Shia001831Vols,184,521,828,215,56
724,990,1241,Shia001831Vols,184,836,1030,143,66
724,1246,1444,ShamAY0033531,644,1057,1292,152,80
724,969,1246,Sham19Y0013252,1733,1114,1372,103,35
724,615,1512,Sham19Y0013252,1734,134,736,406,53
725,492,939,Sham19Y0148486,1316,411,695,99,21
725,492,939,Shamela0002863,544,270,494,70,15
725,4,466,Zaydiyya0000015,678,856,1288,192,43
725,961,1200,Zaydiyya0000015,712,922,1138,164,84
725,545,769,Zaydiyya0000015,714,62,287,170,93
725,492,690,Shamela0008540,887,179,718,111,25
725,492,939,Shamela0025794,2736,669,944,100,21
725,492,939,Sham19Y0131521,1061,45,321,75,15
725,1,531,Shamela0001727,247,361,1452,163,16
725,531,1315,Shamela0001727,248,1,584,146,17
725,492,774,JK011184,178,450,746,212,85
725,492,939,Shamela0001673,2111,803,1068,94,20
725,492,726,Shamela0004473,15529,819,1435,185,37
725,492,939,Shamela0117359,207,670,942,73,15
725,41,466,Shia001831Vols,184,1034,1252,168,49
725,492,690,Shia001831Vols,185,124,331,131,70
725,492,939,Sham19Y0001734,756,525,789,95,20
725,275,470,Sham19Y0018144,3852,581,1049,143,38
725,190,1323,Sham19Y0020638,213,387,1298,233,18
725,69,393,Sham19Y0020638,1609,159,354,90,36
725,492,939,ShamAY0031687,218,36,315,101,22
725,492,939,Shamela0003722,3408,742,1017,113,26
725,492,939,Sham19Y0020591,263,427,702,71,14
725,942,1200,Sham19Y0013252,1758,1194,1421,149,65
725,492,939,Sham19Y0146127,411,45,275,68,14
725,573,816,Sham19Y0022797,509,63,322,170,80
725,492,939,Sham19Y0016599,1277,149,438,99,21
725,492,939,Shamela0021315,181,176,427,68,13
725,492,939,Shamela0000137,1398,633,906,93,20
726,416,630,Sham19Y0013667,1358,1129,1313,132,76
726,424,630,Sham19Y0013667,2400,737,927,140,83
726,434,742,Shamela0000767,713,884,1145,178,71
726,413,742,Shamela0000767,853,757,1031,180,67
726,413,658,Sham19Y0148486,1641,372,630,134,59
726,416,742,Shamela0006610,297,1175,1440,172,64
726,430,742,Shamela0008176,1269,532,789,167,63
726,430,616,Masaha002872,79,171,366,133,81
726,424,742,Sham19Y0013614,146,979,1246,156,56
726,413,1010,Sham19Y0131521,1243,741,1227,227,41
726,1182,1510,Sham19Y0131521,1244,981,1211,158,55
726,1237,1510,Shamela0021715,1308,416,610,151,67
726,416,742,Shamela0001727,250,1023,1279,178,67
726,390,742,Sham19Y0013572,1467,850,1154,188,62
726,1182,1510,Shamela0005756,3278,687,920,189,70
726,424,630,Kraken230106005528,563,1291,1472,116,67
726,401,742,Shamela0005922,1184,248,524,185,67
726,424,742,Sham19Y0014309,1697,63,331,185,71
726,416,742,Shamela0004289,483,32,288,178,67
726,416,742,Shamela0005815,26,553,804,155,55
726,416,581,Sham19Y0145212,780,661,815,114,86
726,416,742,Sham19Y0132524,446,790,1188,177,47
726,416,742,Shamela0001875,338,234,490,178,67
726,646,1182,ShamAY0033531,637,199,727,420,98
726,416,630,Kraken230110004547,237,855,1015,123,70
726,434,742,Shamela0025800,1427,1,274,179,68
726,424,742,Sham19Y0017791,325,312,579,156,56
726,434,742,Sham19Y0020638,215,542,803,178,71
726,416,630,JK009154,426,329,502,125,69
726,424,742,Sham19Y0016976,414,838,1105,156,56
726,447,742,Shamela0008544,1229,1067,1322,167,68
726,416,742,Sham19Y0016599,1296,495,750,177,67
726,390,742,Sham19Y0017616,85,1,291,187,65
726,416,742,JK007065,621,246,503,177,67
726,416,742,Sham19Y0122257,622,819,1082,178,67
726,424,742,Sham19Y0014119,135,843,1252,169,49
726,424,742,Sham19Y0017063,215,414,674,156,57
726,416,742,Shamela0008360,129,1203,1459,178,67
726,430,742,Shamela0010517,410,330,599,182,70
727,263,1006,Sham19Y0013667,1360,669,974,214,34
727,229,1021,Shamela0008540,1080,521,936,296,44
727,19,229,Sham19Y0131521,1244,1247,1468,171,95
727,1021,1506,Shamela0001727,251,662,1027,163,38
727,29,234,Shamela0001673,2026,670,833,110,61
727,1181,1354,Sham19Y0013253,236,1267,1509,120,60
727,680,1458,Shia001831Vols,185,683,987,228,36
727,1187,1538,Shamela0010527,1277,971,1229,145,53
727,1021,1506,Sham19Y0122406,752,841,1284,165,36
727,1181,1576,Sham19Y0122406,753,814,1076,126,40
727,29,224,ShamAY0033531,633,1161,1324,108,63
727,822,995,ShamAY0033531,636,1092,1266,140,97
727,785,1075,Shamela0013178,50,518,748,74,22
727,29,218,Sham19Y0013252,1680,944,1085,98,62
727,773,1016,Shamela0012052,2314,587,776,100,45
728,1308,1525,JK001012,280,632,882,164,82
728,1287,1525,JK007054,268,522,784,169,79
728,301,713,Shamela0021629,103,1144,1407,137,38
728,291,587,Sham19Y0017350,316,1164,1330,116,50
728,179,587,Sham19Y0013769,514,1029,1391,156,36
728,291,713,Shamela0000767,835,60,325,134,36
728,708,875,Sham19Y0148486,1695,1,166,123,95
728,1290,1525,Shamela0000216,114,1214,1457,170,83
728,650,875,Shamela0008176,1601,1000,1330,168,66
728,694,1187,Shamela0008176,1602,255,708,158,34
728,653,875,JK000977,420,874,1085,144,84
728,1163,1525,Shia002616Vols,92,779,1197,185,44
728,1168,1508,Shamela0012293,3099,903,1258,177,59
728,1308,1525,Zaydiyya0000015,169,256,522,160,73
728,25,285,Shamela0008540,1083,508,753,158,65
728,1340,1518,Shia001237Vols,23,304,481,131,89
728,1305,1496,Tafsir07055,1352,1272,1488,140,82
728,1126,1525,Kraken220414225529,82,301,700,163,36
728,291,587,Shamela0001727,251,1151,1313,121,52
728,653,875,Shamela0001727,252,1077,1292,159,93
728,1163,1525,Shamela0001727,1244,525,1015,205,52
728,1308,1525,JK001236,265,528,788,160,75
728,291,685,Sham19Y0017437,414,805,1097,138,42
728,351,627,Shamela0005756,960,524,694,121,52
728,1163,1525,Shamela0010639,140,411,766,205,69
728,291,753,Shamela0012014,173,889,1248,169,45
728,653,875,Sham19Y0127677,11121,480,693,158,92
728,1305,1518,Sham19Y0127677,19711,424,663,155,79
728,165,753,Shamela0022645,254,17,505,194,36
728,291,553,Shamela0022645,255,1333,1505,95,47
728,1305,1525,Shamela0011385,2181,523,721,144,78
728,653,807,Shamela0005922,1146,1349,1499,115,96
728,1343,1508,Sham19Y0014309,1862,1,402,124,37
728,165,587,Shamela0001665,151,41,348,135,31
728,291,717,Sham19Y0017903,211,280,642,149,33
728,749,1274,Shia001831Vols,185,987,1197,167,39
728,1290,1525,Shamela0021713,958,477,657,133,70
728,291,587,JK006950,1156,507,650,102,44
728,291,717,Shamela0004289,483,967,1303,154,43
728,653,875,Shamela0004289,515,525,740,159,93
728,1305,1525,Shamela0004289,614,1114,1361,162,82
728,1305,1508,Shamela0023100,534,174,325,106,66
728,1305,1525,Shamela0023628,2353,52,280,170,91
728,1308,1525,ShamAY0034068,1745,129,345,168,95
728,653,875,Sham19Y0122406,754,411,768,159,57
728,1163,1525,Sham19Y0122406,3365,267,757,205,52
728,1305,1525,JK011633,357,361,535,132,74
728,1308,1525,Sham19Y0145212,190,214,435,168,92
728,650,875,Sham19Y0145212,966,856,1419,160,37
728,1287,1525,Shamela0000107,646,800,1088,170,73
728,165,587,Shamela0021677,461,37,293,144,43
728,1305,1525,Shia002264,266,164,413,164,82
728,291,587,LMN20200928,12,139,275,99,42
728,296,875,Sham19Y0132524,448,6,894,281,33
728,650,875,Shamela0001875,424,466,685,161,93
728,291,587,Sham19Y0037618,895,344,506,121,52
728,653,875,JK000099,114,494,716,153,88
728,1287,1525,ShamAY0034134,856,261,506,176,88
728,291,587,JK000381,6850,187,330,102,44
728,720,1258,Sham19Y0013631,2669,746,931,119,28
728,1305,1525,Sham19Y0018144,2400,435,706,150,66
728,1,587,Shamela0025800,1429,715,1303,187,26
728,694,875,Shamela0025800,1431,128,309,137,98
728,1143,1525,Shamela0025800,1622,456,821,214,67
728,494,875,Sham19Y0017729,111,94,433,186,63
728,165,587,Sham19Y0150600,191,1050,1334,133,32
728,165,587,Sham19Y0014224,275,913,1197,133,32
728,653,875,ShamAY0034005,234,409,620,146,85
728,645,875,Sham19Y0020638,217,646,869,162,92
728,1305,1525,Sham19Y0020638,1020,30,276,160,82
728,1340,1525,Sham19Y0013223,643,1106,1295,148,97
728,1173,1525,Shamela0008476,278,369,776,208,58
728,1305,1525,Shamela0021766,4977,720,937,161,87
728,1371,1518,Masaha001946Vols,1179,1,152,117,96
728,653,875,Sham19Y0146127,866,766,976,152,87
728,694,1525,Shamela0012052,467,1,397,282,42
728,760,875,Sham19Y0016599,1045,1,116,87,97
728,165,519,Sham19Y0016599,1048,701,1013,159,54
728,291,749,Sham19Y0017616,91,749,1217,171,37
728,1215,1525,Sham19Y0017616,358,90,372,179,65
728,1305,1525,Shamela0000041,1560,574,827,164,81
728,1340,1463,Sham19Y0023625,332,1,116,90,92
728,1163,1514,Sham19Y0023625,1228,1138,1482,198,68
728,291,587,JK007065,289,607,769,121,52
728,1305,1525,JK007065,1272,1133,1357,170,95
728,165,587,Sham19Y0011194,235,924,1214,135,32
728,1154,1525,Tafsir06049,4239,701,1057,200,65
728,165,587,Shamela0021642,531,959,1226,147,44
728,1308,1525,Sham19Y0122257,132,227,448,168,92
728,653,875,Sham19Y0122257,761,1048,1362,161,67
728,1072,1199,Sham19Y0122257,762,865,984,90,89
728,1274,1514,Sham19Y0018612,155,1323,1550,165,86
728,291,543,Shamela0021729,47,1390,1493,70,36
728,9,587,Sham19Y0014325,942,370,654,154,31
728,1305,1525,Shamela0008360,17,795,1045,164,82
728,650,875,Shamela0008360,172,1098,1415,163,67
728,351,627,Sham19Y0013605,382,1146,1296,115,51
728,1308,1525,Shamela0021578,25,486,688,155,85
729,796,986,Sham19Y0017350,344,244,422,134,82
729,796,1556,Sham19Y0013769,551,9,1069,356,35
729,834,1200,Shamela0000767,761,209,525,186,61
729,834,986,Shamela0000767,885,212,383,120,85
729,12,222,Sham19Y0148486,1323,944,1398,146,41
729,12,225,JK000977,422,90,452,129,45
729,319,557,Shamela0008540,1084,1260,1511,177,87
729,905,1481,Shamela0008540,1154,420,990,264,52
729,834,986,Shamela0025794,3452,23,173,117,92
729,854,1576,Sham19Y0131521,1325,109,550,280,43
729,31,925,Shamela0001727,253,851,1455,260,28
729,1163,1576,Shamela0026568,1014,604,986,217,56
729,796,986,Sham19Y0017437,445,692,865,130,80
729,834,986,Sham19Y0127700,99,737,889,125,99
729,834,986,Sham19Y0127677,18874,58,217,124,94
729,796,986,Shamela0022645,290,310,876,135,28
729,796,986,Shamela0001665,166,256,434,134,82
729,16,225,Sham19Y0013253,238,129,331,124,64
729,834,986,ShamAY0033523,93,914,1073,123,93
729,712,986,Shamela0004289,570,1106,1419,147,44
729,1163,1576,Shamela0023685,1189,307,684,206,53
729,31,225,Sham19Y0122406,755,734,1035,132,53
729,675,1541,Sham19Y0122406,756,402,1514,298,24
729,834,1264,Sham19Y0132524,449,415,730,173,47
729,834,1576,ShamAY0033531,691,621,1360,577,93
729,834,986,JK000099,107,623,780,122,91
729,834,986,Shamela0036446,168,844,1010,124,90
729,834,1192,JK007107,116,1043,1360,176,55
729,834,986,Shamela0025800,1320,1119,1281,124,92
729,796,986,Sham19Y0150600,207,749,925,134,83
729,1163,1576,Shia003732Vols,3376,433,762,216,59
729,834,986,Shamela0011620,112,478,630,126,100
729,796,1556,Sham19Y0014224,300,121,923,421,57
729,31,225,Sham19Y0020638,218,6,219,137,79
729,834,1200,Sham19Y0020638,218,495,1144,192,31
729,31,222,ShamAY0031687,578,1,373,120,39
729,45,411,Sham19Y0013252,1686,528,1147,165,32
729,834,986,Sham19Y0013252,1849,722,881,124,94
729,834,986,ShamAY0035960,97,647,806,124,94
729,834,1192,Shamela0008463,483,160,552,141,30
729,31,225,Sham19Y0146127,672,552,765,119,69
729,324,438,Shamela0011036,563,405,518,92,99
729,846,1192,Sham19Y0017616,95,1,235,150,50
729,834,986,JK007065,306,960,1119,124,94
729,834,1192,Sham19Y0011194,74,377,791,144,29
729,834,986,Shamela0000137,1565,278,438,120,91
729,834,986,Shamela0021729,50,1004,1156,121,96
729,979,1576,Sham19Y0014601,1595,262,744,389,79
730,937,1277,Sham19Y0017350,310,1142,1491,270,96
730,1277,1523,Sham19Y0017350,311,1,251,193,95
730,708,987,Sham19Y0148486,862,150,465,189,77
730,673,916,ShamAY0035233,61,63,285,104,53
730,640,937,JK000977,424,209,505,178,76
730,708,1018,Shamela0022334,2,765,1235,207,56
730,954,1523,Shamela0008540,853,472,1356,404,53
730,74,402,Shamela0008540,1154,985,1311,245,88
730,708,1018,ShamAY0032828,2,71,546,207,55
730,673,1062,Shamela0001727,255,62,550,246,60
730,1,266,Shamela0026568,1014,986,1200,167,77
730,708,937,Shia001901,295,383,611,168,91
730,724,1415,Shamela0004473,12091,296,990,280,38
730,771,937,JK000271,94,120,293,127,92
730,751,954,Sham19Y0017903,214,1030,1223,129,79
730,708,906,Shamela0026548,6,787,957,106,68
730,708,937,Shamela0004289,490,1209,1441,176,96
730,708,906,ShamAY0034282,682,140,310,106,68
730,1,222,Shamela0023685,1189,684,851,130,71
730,518,1111,Sham19Y0122406,758,687,1422,312,47
730,673,937,Sham19Y0132524,450,306,504,148,69
730,771,937,Sham19Y0037618,889,1286,1455,126,94
730,937,1523,ShamAY0033531,532,624,1187,449,95
730,1,266,ShamAY0033531,691,1360,1575,169,79
730,711,1327,Sham19Y0018106,657,473,1106,245,40
730,751,937,JK007107,210,360,553,133,87
730,711,1107,Sham19Y0018103,783,143,544,160,46
730,751,954,Sham19Y0017729,114,202,399,135,83
730,1,266,Shia003732Vols,3376,762,980,171,79
730,771,954,Sham19Y0020638,219,227,417,130,88
730,711,875,Sham19Y0146127,434,1330,1504,120,86
730,771,937,Shamela0000137,1217,950,1118,122,91
730,74,513,Sham19Y0014601,1595,751,1196,354,96
730,724,1415,ShamAY0037374,28,359,1053,280,38
730,937,1189,Sham19Y0013605,1152,1164,1399,130,56
731,1,186,Sham19Y0017350,311,251,435,146,98
731,214,409,Sham19Y0017350,312,717,900,117,77
731,219,538,Sham19Y0013769,509,474,757,180,68
731,1,186,Shamela0008540,853,1356,1526,133,90
731,538,1011,Shamela0001727,255,1082,1217,70,17
731,544,810,Sham19Y0122406,760,660,890,177,84
731,1,194,ShamAY0033531,532,1187,1374,143,93
731,7,169,Sham19Y0014224,272,679,964,118,51
731,230,533,Sham19Y0014224,273,1121,1385,185,72
731,819,969,Sham19Y0013252,11582,264,404,111,93
731,593,705,Sham19Y0014601,1269,1375,1487,85,96
731,705,969,Sham19Y0014601,1270,1,265,209,100
732,238,673,Sham19Y0013667,1537,192,666,280,73
732,218,473,Shamela0000767,759,733,986,172,83
732,497,831,Shamela0008540,1147,23,392,202,61
732,172,469,Shamela0001727,256,108,383,215,92
732,212,469,Sham19Y0020868,310,202,432,180,89
732,343,1105,Shamela0026568,1015,406,922,226,32
732,295,795,Sham19Y0014309,1074,880,1522,367,71
732,795,1105,Sham19Y0014309,1075,1,313,251,99
732,1050,1288,ShamAY0033522,114,11,254,144,68
732,212,473,Shamela0004289,552,616,858,187,91
732,339,1105,Shamela0023685,1190,68,616,242,33
732,747,1293,Shamela0023685,1191,257,442,125,28
732,172,469,Sham19Y0122406,760,890,1165,215,92
732,1110,1288,ShamAY0033531,685,218,381,129,89
732,802,1288,Sham19Y0013223,1642,278,705,338,85
732,1110,1288,Shamela0000551,323,259,413,122,85
732,515,787,Shamela0009242,790,1,271,152,65
732,268,469,Shamela0000137,1458,296,483,146,93
733,678,1188,Sham19Y0013667,1540,837,1435,289,52
733,801,1383,Sham19Y0017747,419,396,926,257,47
733,1379,1615,Shia000841Vols,472,1218,1575,162,52
733,792,1338,Shamela0008540,1149,759,1340,386,80
733,1288,1605,Shamela0026568,1016,759,900,107,41
733,678,1383,Sham19Y0127700,450,144,589,297,50
733,318,1374,Sham19Y0014309,1075,445,1100,414,45
733,1288,1615,Shamela0023685,1191,494,664,115,41
733,808,1544,ShamAY0033531,685,448,893,323,52
733,678,1071,Sham19Y0017063,225,1069,1507,244,60
733,1071,1392,Sham19Y0017063,226,1,345,227,76
733,1178,1402,Sham19Y0014325,693,829,1333,115,25
734,263,1282,Sham19Y0013667,1541,256,1510,555,45
734,612,1211,Sham19Y0017747,419,1004,1600,365,63
734,583,1475,Shamela0008540,1150,193,1257,517,57
734,56,179,Shamela0026099,13,466,590,97,96
734,1282,1556,Sham19Y0013231,8565,1118,1398,227,97
734,1282,1508,Sham19Y0014309,1075,1303,1538,172,88
734,263,703,Sham19Y0014309,1075,985,1303,192,49
734,507,1282,Shia001831Vols,186,616,1166,333,47
734,1144,1282,Shamela0021677,348,1,128,102,91
734,1290,1463,Shamela0001438,260,966,1148,139,92
734,179,529,ShamAY0033531,685,893,1220,162,43
734,789,1560,ShamAY0033531,686,13,343,263,41
734,1298,1463,Sham19Y0018144,3913,1125,1302,123,79
734,780,1463,Sham19Y0017063,226,443,835,318,56
735,631,876,Sham19Y0013667,1501,1033,1278,192,96
735,631,1164,Shamela0008540,1186,728,1516,332,47
735,468,1116,Sham19Y0131521,1354,249,763,377,70
735,534,876,Sham19Y0131521,5482,425,893,269,69
735,1,1216,Masaha001864Vols,5746,307,1533,963,96
735,1216,1571,Masaha001864Vols,5747,1,357,289,99
735,534,876,Sham19Y0016599,1178,784,1204,213,62
735,328,1298,Sham19Y0014601,1627,792,1565,417,45
735,459,876,Sham19Y0014601,5324,354,948,287,57
736,222,567,Sham19Y0017747,415,306,621,168,61
736,360,553,Shamela0008540,1187,50,255,150,91
736,365,628,Sham19Y0131521,1354,997,1283,210,89
736,688,883,Sham19Y0131521,5482,1237,1507,137,62
736,755,892,JK011184,466,28,168,106,94
736,365,584,Sham19Y0127700,449,1372,1572,145,78
736,365,892,Shia001831Vols,186,1258,1531,190,44
736,887,1019,Sham19Y0122406,765,66,204,82,69
736,370,628,ShamAY0033531,709,1302,1525,171,80
736,932,1127,Sham19Y0018144,3761,1,237,131,66
736,1023,1127,Sham19Y0018144,3908,764,868,80,100
736,1,1158,Masaha001864Vols,5747,357,1536,926,97
736,346,628,Shamela0009242,875,584,905,190,65
736,1394,1524,Sham19Y0014601,1626,71,213,106,91
736,365,584,Sham19Y0014601,1628,104,312,158,90
736,740,883,Sham19Y0014601,5324,164,485,115,44
736,373,567,Sham19Y0017063,225,264,463,147,92
736,434,567,Shamela0010517,329,1,142,98,87
737,1,662,Sham19Y0013667,1511,1035,1439,311,57
737,1242,1440,Sham19Y0013769,691,1140,1386,147,73
737,212,872,Shia000841Vols,1381,423,1222,352,43
737,1,848,ShamIbadiyya0000229,959,459,1217,500,66
737,1,662,Shamela0008540,1184,1093,1496,313,57
737,167,872,Sham19Y0131521,1943,111,997,289,31
737,212,777,Sham19Y0131521,2105,976,1516,235,41
737,1097,1454,Sham19Y0014309,1072,1230,1568,242,80
737,1454,1611,Sham19Y0014309,1073,1,160,125,95
737,235,662,Shamela0000140,1665,407,834,167,33
737,548,837,JK000201,892,209,631,171,45
737,130,703,Masaha001946Vols,1192,636,1507,289,35
737,1153,1432,Shamela0009242,872,810,1072,173,76
737,1,837,Shamela0009242,1149,948,1523,416,57
737,1153,1436,Sham19Y0023625,662,681,934,167,72
737,1148,1432,Sham19Y0122257,635,911,1202,215,92
737,1,703,Sham19Y0014601,1626,213,833,504,87
737,1,563,Sham19Y0014601,2301,213,532,157,30
737,995,1440,Sham19Y0017063,224,297,775,310,79
737,125,379,Sham19Y0017063,229,464,731,188,81
737,1171,1379,Sham19Y0013605,1230,263,392,87,52
737,1153,1318,Sham19Y0013605,1249,1252,1391,99,75
738,859,1389,Sham19Y0131521,1356,28,619,130,17
738,8,175,Shamela0021715,6528,287,452,133,97
738,1,214,Sham19Y0014309,1073,160,330,135,77
738,11,175,Sham19Y0014224,412,862,1026,130,94
738,919,1560,Masaha001946Vols,1193,180,393,167,32
738,907,1121,ShamAY0035249,125,1296,1510,173,99
738,1121,1560,ShamAY0035249,126,1,440,353,100
738,1,175,Sham19Y0023625,662,1235,1424,139,88
738,913,1478,JK007065,1437,1238,1417,142,31
738,8,214,Sham19Y0122257,635,1202,1381,138,82
739,984,1506,JK001012,142,482,786,192,45
739,984,1545,Sham19Y0013667,1506,679,1193,210,37
739,1,907,Sham19Y0013667,1509,490,1362,676,91
739,1119,1236,Shamela0023193,229,219,336,94,100
739,245,407,Sham19Y0122402,376,1192,1334,82,59
739,931,1476,Shamela0008540,1180,1149,1603,176,32
739,1,907,Shamela0008540,1189,207,1085,674,91
739,1,696,Shamela0096876,84,241,712,249,41
739,989,1586,Sham19Y0014299,649,1194,1491,177,33
739,989,1396,Sham19Y0131521,1349,60,379,223,61
739,245,389,Sham19Y0131521,2081,638,1190,71,16
739,1,170,JK007128,1043,35,128,72,55
739,1,304,Sham19Y0122401,964,1047,1350,240,98
739,1,789,Shamela0026568,1018,102,853,573,88
739,1003,1586,Shamela0004473,9709,1,256,199,41
739,1,592,Sham19Y0014309,1073,1097,1633,412,85
739,592,789,Sham19Y0014309,1074,1,180,141,86
739,97,379,Sham19Y0122096,915,854,1118,140,51
739,245,696,ShamAY0034269,69,45,406,173,40
739,1,789,ShamAY0033586,147,55,1085,454,47
739,1,1046,Shia001831Vols,187,391,1158,582,67
739,1,293,Shamela0001442,171,1064,1359,221,90
739,1,674,Shamela0021619BK2,392,208,741,241,40
739,994,1506,Shamela0021597,502,937,1119,125,30
739,1,187,Shamela0023685,1192,1350,1521,136,89
739,187,789,Shamela0023685,1193,1,573,440,89
739,245,407,Shamela0010527,342,780,929,80,56
739,1100,1415,Shamela0009702,865,671,1106,186,45
739,1415,1582,Shamela0009702,866,146,318,131,93
739,1,379,Sham19Y0122406,769,1154,1575,268,74
739,401,618,Sham19Y0122406,770,142,332,135,72
739,1,696,Shamela0021677,409,513,1140,250,36
739,239,504,Sham19Y0132524,455,253,669,125,33
739,1143,1586,ShamAY0033531,706,247,686,277,67
739,1,279,ShamAY0033531,711,1081,1371,219,93
739,793,918,ShamAY0033531,711,1397,1522,99,99
739,1,279,Sham19Y0018569,201,736,1018,211,90
739,1,239,Sham19Y0018569,259,84,386,178,70
739,1,907,Sham19Y0018272,459,119,1442,678,62
739,1,430,Sham19Y0150639,128,606,982,261,74
739,1,170,Masaha001946Vols,1193,393,555,126,92
739,234,783,Masaha001946Vols,1194,200,733,389,84
739,1,163,Sham19Y0016772,200,785,963,96,57
739,1,296,Shamela0000551,890,524,829,193,72
739,430,789,Shamela0000551,891,122,450,252,83
739,984,1586,Shamela0009242,871,321,812,307,56
739,1,330,Shamela0011809,62,1215,1646,170,47
739,1,918,ShamAY0035249,126,440,1357,742,100
739,1,304,ShamAY0000055,372,249,546,238,97
739,1,288,Sham19Y0023625,690,602,1447,182,26
739,994,1586,Sham19Y0017063,224,930,1416,386,79
739,1,301,Sham19Y0017063,228,1209,1523,221,83
740,1296,1506,Sham19Y0020944,146,415,642,158,86
740,1354,1510,Sham19Y0017878,255,1,161,119,93
740,1287,1510,Sham19Y0017878,602,797,1016,148,76
740,1280,1506,Shamela0001733,2694,236,461,153,77
740,951,1244,Sham19Y0013667,1630,324,820,195,46
740,1283,1506,Sham19Y0148486,888,230,464,160,79
740,1280,1506,Shamela0006610,238,935,1138,151,84
740,1261,1506,Sham19Y0019188,516,575,807,169,86
740,199,408,Sham19Y0018328,328,646,842,77,38
740,234,436,JK000977,435,549,1092,139,32
740,947,1176,JK000977,436,772,1204,167,45
740,1283,1506,JK000977,437,13,216,159,89
740,1186,1506,JK006897,104,924,1284,187,62
740,1280,1510,Shia000841Vols,1747,318,548,178,98
740,1280,1506,Shamela0002863,397,880,1047,123,67
740,1283,1506,Shamela0008540,885,1070,1299,145,68
740,1186,1506,Shamela0025794,583,434,821,155,39
740,1252,1506,MMS00028,161,541,751,133,61
740,1180,1506,Shamela0011428,613,156,520,202,67
740,1283,1510,Sham19Y0131521,1058,1183,1435,160,74
740,440,836,Sham19Y0131521,1939,480,741,182,56
740,199,1270,Shamela0001727,261,352,1426,260,18
740,947,1519,Shamela0001727,262,465,1390,368,48
740,1208,1510,ShamAY0034204BK1,710,504,795,178,67
740,1280,1506,Shia002240Vols,165,153,345,145,79
740,1283,1506,ShamAY0033910,228,336,568,168,91
740,1287,1506,Sham19Y0127677,6396,675,949,162,74
740,199,338,Sham19Y0127677,8207,731,1179,104,29
740,1,199,Shamela0004473,9709,256,455,158,97
740,1283,1519,Shamela0117359,207,134,396,163,72
740,1280,1506,Kraken230106005528,555,341,581,162,80
740,947,1244,Shamela0005922,927,1118,1465,222,77
740,1280,1510,Shamela0000427BK2,1284,226,439,146,75
740,1301,1506,Sham19Y0014309,1660,1,228,163,90
740,1287,1506,JK000130,229,427,653,163,90
740,1296,1510,ShamIbadiyya0000433,413,34,237,156,92
740,1202,1506,ShamAY0033181,269,333,697,175,57
740,1283,1510,Shamela0004289,597,321,558,169,90
740,234,436,Sham19Y0013785,1160,848,1178,145,55
740,234,436,Sham19Y0122406,771,50,521,143,39
740,615,1270,Sham19Y0122406,771,897,1410,199,31
740,1283,1506,Sham19Y0122406,773,1038,1270,169,92
740,1283,1506,Shia002231Vols,151,135,368,153,73
740,1283,1506,Shamela0021677,353,948,1152,161,90
740,1307,1506,Sham19Y0132524,458,696,895,157,99
740,1186,1506,Shamela0001875,282,621,979,201,68
740,1283,1506,Shamela0021693,220,395,586,147,83
740,1186,1404,Sham19Y0037618,811,1196,1500,138,55
740,1386,1506,Sham19Y0037618,831,1,120,94,99
740,1,174,ShamAY0033531,706,686,902,109,56
740,1280,1506,Kraken230110004547,233,178,377,150,81
740,1128,1506,Sham19Y0018144,548,1,457,203,45
740,1283,1506,Shamela0036446,187,220,415,150,84
740,1280,1506,Sham19Y0036114,279,302,522,153,79
740,1189,1506,JK007107,84,579,914,205,73
740,1202,1506,Shamela0025800,1398,760,1147,196,64
740,1334,1510,Sham19Y0017729,139,1,176,136,97
740,1283,1506,ShamAY0034005,262,387,619,161,86
740,1280,1510,Sham19Y0018272,839,991,1201,162,89
740,234,440,Sham19Y0020638,222,681,1105,151,45
740,947,1235,Sham19Y0020638,222,1203,1494,215,88
740,1280,1506,Sham19Y0020638,223,121,332,166,92
740,947,1478,JK007036,91,763,1461,272,42
740,1283,1506,ShamAY0031687,335,140,384,158,75
740,1088,1264,JK000475,138,822,1332,119,28
740,1186,1506,JK000475,141,369,842,196,50
740,1283,1519,Sham19Y0020591,262,1030,1292,163,72
740,966,1176,Sham19Y0013252,1814,1,451,164,44
740,1283,1506,Sham19Y0013252,1820,489,696,159,88
740,1186,1506,Masaha001946Vols,1194,796,1127,228,81
740,1244,1506,Masaha001946Vols,1195,576,1004,79,19
740,1270,1506,JK005200,234,587,801,163,88
740,947,1227,Shamela0008463,444,372,687,161,57
740,1208,1506,Shamela0008463,555,617,916,183,74
740,1186,1506,Sham19Y0146127,448,226,592,188,60
740,1283,1506,Shamela0012052,362,647,843,154,86
740,1283,1506,Sham19Y0016599,1209,490,708,166,94
740,1,253,Shamela0009242,871,812,1087,130,51
740,1319,1506,Sham19Y0017616,99,1,188,148,98
740,1227,1506,JK007065,371,7,379,199,65
740,1283,1506,Shamela0021642,419,1233,1433,153,86
740,947,1176,Shamela0000137,1481,567,1114,176,39
740,1186,1506,Shamela0000137,1485,993,1422,210,59
740,1283,1506,Sham19Y0014601,1300,872,1120,160,75
740,1202,1510,Shamela0021731,143,279,654,145,38
740,1,174,Sham19Y0017063,224,1416,1551,108,78
740,1280,1519,Sham19Y0148271,1077,1176,1409,161,80
741,1257,1442,Sham19Y0017878,254,1168,1328,90,59
741,1257,1442,Sham19Y0017878,602,511,665,89,59
741,1,598,Sham19Y0013667,1631,295,899,401,73
741,567,909,Sham19Y0013667,1632,757,1071,237,79
741,1252,1442,Sham19Y0032381,132,95,285,151,100
741,1252,1484,Shia000841Vols,1746,1349,1589,164,84
741,1252,1581,ShamIbadiyya0000229,1345,750,1061,231,84
741,261,552,ShamIbadiyya0000229,1349,1,187,111,48
741,1,332,Shamela0008540,1203,1213,1509,240,89
741,332,572,Shamela0008540,1204,1,211,165,85
741,552,1581,Shamela0008540,1205,93,1133,556,55
741,154,496,Shamela0021715,1458,1136,1339,123,43
741,30,547,Shamela0026568,1017,264,613,266,62
741,1,572,Shamela0005756,3623,896,1403,403,86
741,567,909,Shamela0005756,3624,156,457,230,79
741,1252,1455,Shamela0005756,3625,1001,1171,129,77
741,1252,1409,Sham19Y0035453,223,853,1006,117,93
741,1252,1581,ShamIbadiyya0000433,412,916,1256,261,95
741,1,177,JK000201,688,1386,1562,144,100
741,177,567,JK000201,689,1,337,269,85
741,1257,1581,ShamIbadiyya0000219,339,192,495,229,85
741,89,909,ShamIbadiyya0000219,367,679,1545,470,55
741,30,547,Shamela0023685,1192,15,365,266,62
741,1252,1581,ShamAY0033531,545,1137,1421,225,85
741,1240,1581,ShamAY0033531,735,445,686,185,68
741,1,171,Sham19Y0018272,191,1351,1552,136,82
741,171,818,Sham19Y0018272,192,1,460,277,48
741,1252,1581,Sham19Y0018272,839,1208,1407,150,56
741,1291,1581,Sham19Y0016599,1209,7,273,144,52
741,909,1170,Sham19Y0017063,227,1052,1298,190,90
742,604,1145,Sham19Y0013769,571,229,1035,210,24
742,840,1139,Sham19Y0017747,424,1219,1507,225,91
742,1,283,Shia000841Vols,1747,104,627,168,36
742,1,165,ShamIbadiyya0000229,1345,1061,1230,123,83
742,1,283,Shamela0008540,1205,1133,1341,163,70
742,931,1117,Shamela0008540,1210,848,1032,149,96
742,336,537,Sham19Y0131521,1060,322,529,145,81
742,931,1117,Shamela0021590,313,669,870,145,84
742,604,1117,Shamela0021715,1097,285,605,163,32
742,958,1102,ShamAY0034204BK1,572,822,960,113,94
742,1150,1343,Sham19Y0017437,460,14,467,87,21
742,661,1209,Shamela0005756,2774,1029,1413,213,47
742,1,200,ShamIbadiyya0000433,412,1256,1458,160,97
742,1,251,ShamIbadiyya0000219,339,495,710,163,77
742,233,1209,Sham19Y0122406,774,58,365,175,21
742,1,165,ShamAY0033531,545,1421,1585,133,100
742,958,1102,Sham19Y0018106,555,786,979,91,55
742,1150,1570,Sham19Y0018144,3926,334,650,260,74
742,732,1084,Sham19Y0018103,682,635,830,137,47
742,947,1117,ShamAY0036552,27,131,285,126,89
742,595,1033,Sham19Y0014224,315,1208,1449,162,43
742,693,1033,Sham19Y0018272,193,721,998,207,74
742,52,580,Sham19Y0018272,840,1,461,311,65
742,729,1117,Sham19Y0013605,1024,407,648,177,55
742,683,1019,Sham19Y0013605,1251,985,1554,106,18
743,972,1443,Sham19Y0013667,1476,903,1477,283,57
743,793,956,Sham19Y0013667,1477,456,617,133,98
743,961,1142,Sham19Y0148486,895,561,998,123,35
743,968,1539,Shamela0008540,1211,673,1233,420,88
743,729,956,Shamela0008540,1211,6,222,169,90
743,603,1133,Shamela0001727,263,1003,1474,164,28
743,30,197,Shamela0005756,2354,1184,1330,116,87
743,786,1443,Shia001831Vols,188,371,767,256,44
743,603,1034,Sham19Y0122406,775,414,689,102,24
743,754,956,ShamAY0033531,738,643,844,165,99
743,972,1142,Sham19Y0036114,267,251,523,98,42
743,244,729,Shamela0009242,885,991,1303,144,35
743,1,184,Sham19Y0122257,645,425,586,118,82
743,978,1539,Sham19Y0014601,1643,96,794,384,66
743,754,949,Sham19Y0017063,228,243,422,144,90
744,789,1267,Sham19Y0020944,171,880,1393,319,72
744,804,1027,JK007083,44,1256,1466,164,91
744,1027,1233,JK007083,45,1,207,168,100
744,1023,1619,Shia001432Vols,28380,118,746,168,23
744,801,1233,Sham19Y0017350,322,1079,1512,344,98
744,789,1036,Sham19Y0013667,1292,1255,1480,168,85
744,1036,1263,Sham19Y0013667,1293,1,256,182,87
744,801,1046,Sham19Y0013769,524,1359,1604,194,99
744,1046,1233,Sham19Y0013769,525,1,188,150,98
744,917,1446,Sham19Y0013769,531,645,1067,79,12
744,789,1105,Sham19Y0148486,894,415,837,210,57
744,789,1181,Sham19Y0148486,981,1159,1543,261,76
744,1100,1233,Shamela0006610,214,278,414,108,95
744,789,1233,ShamAY0038116,92,901,1345,287,70
744,801,1233,JK009390,5806,51,462,320,91
744,789,1237,Sham19Y0016546,180,139,581,313,81
744,852,1233,Shamela0008176,1197,1,383,309,99
744,804,1367,Sham19Y0017747,390,275,1069,394,58
744,789,1207,JK000977,439,823,1084,195,58
744,789,1233,JK000977,440,72,485,274,70
744,801,1233,Shia002616Vols,341,726,1144,334,95
744,801,1233,JK006897,85,458,876,333,95
744,789,1311,Shamela0001719,3778,827,1288,294,61
744,804,1233,Sham19Y0013614,138,637,1063,342,98
744,917,1212,Sham19Y0013614,139,18,924,156,21
744,789,1233,Shamela0026591,10,1169,1539,259,73
744,789,1233,Shamela0002863,407,908,1349,343,93
744,804,1233,ShamIbadiyya0000229,1357,811,1175,289,83
744,789,1002,Shamela0008540,1069,1300,1480,136,79
744,1002,1338,Shamela0008540,1070,1,325,187,57
744,1,291,Shamela0008540,1211,1233,1520,236,98
744,789,1233,Shamela0025794,4616,818,1275,298,74
744,789,1251,Shamela0025794,4883,660,1092,299,74
744,789,1100,Shia002073,26,412,818,203,56
744,789,1233,Shamela0011428,500,484,923,338,92
744,804,1233,Shamela0011428,609,1317,1488,126,35
744,789,1233,Sham19Y0131521,1229,389,801,307,84
744,958,1537,Sham19Y0131521,1232,202,861,145,19
744,947,1481,Shamela0021590,282,1,816,323,46
744,616,862,Shamela0001727,263,485,785,173,69
744,789,1263,Shamela0001727,264,638,1125,364,90
744,804,1233,Sham19Y0017757,46,895,1306,326,93
744,789,1100,JK000786,268,1080,1305,165,66
744,801,979,Sham19Y0017437,420,1421,1600,141,98
744,979,1233,Sham19Y0017437,421,1,255,203,98
744,843,1233,Sham19Y0127677,5629,448,786,273,85
744,789,1263,Sham19Y0127677,8480,632,1118,364,90
744,616,1263,Sham19Y0127677,20557,45,760,397,60
744,789,1233,Sham19Y0127677,20558,1,389,249,62
744,804,1105,Shamela0022645,267,1304,1605,236,98
744,1105,1233,Shamela0022645,268,1,129,106,100
744,966,1100,Shamela0022645,271,212,671,102,28
744,801,1233,Tafsir06051,181,497,896,304,87
744,789,1233,Shamela0117359,235,960,1372,307,84
744,789,1263,Shamela0030769,91,52,459,258,63
744,801,1233,Shamela0001665,153,653,1094,344,96
744,922,1263,Sham19Y0017903,252,1,348,260,93
744,1263,1619,Shia001831Vols,188,1004,1335,185,51
744,789,1233,Shamela0001442,158,1076,1491,284,74
744,917,1100,Shamela0006366,279,151,819,138,26
744,829,1233,Shamela0006366,482,812,1216,327,100
744,789,1263,Shamela0004289,545,738,1224,363,90
744,789,1243,Shamela0004289,584,180,601,286,74
744,789,1233,Shamela0010906,6272,1017,1388,264,74
744,1367,1490,ShamIbadiyya0000219,360,432,554,99,99
744,793,1263,ShamIbadiyya0000219,376,175,658,363,90
744,829,1311,Shamela0023798,209,298,821,345,78
744,789,1233,Shamela0029900,7,142,542,282,77
744,819,1115,Sham19Y0122406,776,928,1407,204,52
744,801,1083,Shia002265Vols,2523,1211,1470,200,89
744,917,1140,Sham19Y0145212,737,1290,1513,177,100
744,789,1233,Sham19Y0001734,735,304,756,292,72
744,876,1175,Sham19Y0132524,460,992,1292,240,99
744,801,1233,Shamela0001875,353,1019,1438,333,95
744,616,922,Sham19Y0037618,1094,167,348,130,51
744,843,1233,Shamela0001438,7705,1135,1525,314,99
744,616,785,Sham19Y0018144,3881,654,824,139,99
744,804,1275,JK007107,93,191,660,361,91
744,984,1263,Shamela0025800,1353,1,281,220,95
744,804,1233,Sham19Y0017791,305,545,971,342,98
744,1023,1172,Sham19Y0017791,306,1,391,113,36
744,801,1263,Sham19Y0017729,128,669,1124,343,91
744,801,1233,Sham19Y0150600,200,407,840,344,98
744,843,1233,Sham19Y0014224,282,1,391,312,98
744,917,1446,Sham19Y0014224,285,578,832,84,15
744,789,1233,Sham19Y0131336,648,396,828,292,75
744,801,1263,Sham19Y0020638,224,448,902,358,94
744,789,1233,Shia001976Vols,917,819,1156,233,59
744,843,1233,Sham19Y0020591,307,151,479,244,74
744,801,1064,Sham19Y0017885,315,1197,1446,195,93
744,1064,1233,Sham19Y0017885,316,1,169,138,99
744,789,1233,Sham19Y0146127,451,601,960,258,71
744,789,1233,Sham19Y0146127,498,151,565,296,77
744,829,1233,Sham19Y0016976,400,1,407,326,99
744,789,1122,Shamela0008544,1286,262,475,153,57
744,804,1233,Sham19Y0016599,1192,305,672,289,82
744,801,1233,Sham19Y0017616,80,1012,1444,347,99
744,958,1212,Sham19Y0020590,82,299,1061,188,30
744,789,1140,JK007065,1452,1073,1434,266,88
744,801,1233,Sham19Y0011194,73,647,1079,343,98
744,801,1217,Sham19Y0122257,596,1112,1604,261,61
744,833,1212,Sham19Y0122257,597,68,1270,196,20
744,789,1233,Sham19Y0014601,1487,186,636,307,78
744,1,302,Sham19Y0014601,1643,794,1095,249,99
744,804,1233,Sham19Y0014119,129,207,632,334,95
744,829,1446,Sham19Y0017063,200,683,1503,407,54
744,789,1233,Sham19Y0148271,2183,846,1267,299,78
744,789,1233,Shamela0010803,187,934,1365,297,77
744,804,1207,Shamela0022644,623,1217,1608,304,92
744,917,1105,Shamela0022644,625,863,1463,121,25
744,804,1233,Shamela0008360,121,498,916,332,95
744,824,1233,Sham19Y0022884,61,671,988,256,76
744,789,1075,Shia001913Vols,323,1248,1498,186,79
745,237,495,Sham19Y0013667,1293,1309,1542,168,76
745,958,1634,Sham19Y0017747,391,411,957,336,58
745,237,495,Shamela0008540,1070,618,881,172,70
745,1018,1169,Shamela0008540,1072,26,517,118,29
745,61,188,Sham19Y0127677,8480,1223,1351,99,96
745,1,184,Sham19Y0016817,387,1022,1206,149,99
745,594,1464,ShamAY0033531,622,30,1596,608,46
745,1487,1634,ShamAY0033531,623,1,142,116,95
745,1318,1600,Sham19Y0014224,289,20,354,189,65
745,1064,1634,Sham19Y0018272,1561,108,649,419,86
745,61,184,Sham19Y0014119,819,1423,1547,100,99
745,39,168,Sham19Y0017063,201,210,347,101,91
746,60,643,Shia001432Vols,28380,89,668,383,67
746,1499,1633,Shia001432Vols,28380,876,998,98,91
746,341,825,Sham19Y0013667,1641,489,982,303,67
746,959,1115,Sham19Y0013769,534,275,524,67,26
746,1,124,Sham19Y0017747,391,957,1079,93,94
746,1128,1429,Sham19Y0017747,392,12,272,204,81
746,612,1316,Shamela0008540,1299,1,374,256,45
746,66,1128,Shamela0026568,1019,112,936,624,69
746,476,1316,Shamela0005756,3647,504,1157,314,37
746,273,1128,Shamela0023685,1194,1,681,542,76
746,1,1128,ShamAY0033531,623,142,772,461,49
746,124,1115,Sham19Y0014224,286,733,1249,245,27
746,1,124,Sham19Y0018272,1561,649,767,95,95
747,28,625,Sham19Y0013769,535,679,1527,324,41
747,1279,1478,Sham19Y0148486,7204,121,305,150,91
747,1191,1621,Sham19Y0017747,337,55,448,243,59
747,1233,1621,Shamela0008540,924,574,935,220,64
747,221,702,Shamela0026568,1027,556,908,258,64
747,1237,1478,ShamAY0037293,79,984,1222,145,66
747,1191,1621,Sham19Y0014309,1655,346,744,198,45
747,1243,1478,ShamIbadiyya0000219,337,287,461,139,72
747,221,702,Shamela0023685,1202,392,745,272,69
747,1279,1450,Shia002265Vols,5996,454,625,140,99
747,1233,1621,ShamAY0033531,561,732,1056,212,67
747,1279,1478,Sham19Y0018144,3739,310,510,157,95
747,176,982,Sham19Y0014224,288,100,753,433,63
747,982,1186,Masaha001864Vols,3996,56,206,122,73
747,1314,1621,Shamela0009242,1034,68,375,183,64
747,1191,1621,Sham19Y0020590,71,481,918,205,47
747,1237,1525,Sham19Y0122257,589,145,405,192,80
747,1191,1478,Sham19Y0014601,1331,568,831,199,86
747,1233,1621,Shamela0000791,152,35,404,288,91
748,913,1146,ShamAY0035035,1485,877,1159,143,61
748,667,1132,Shamela0008176,1173,1042,1284,158,43
748,284,446,Shamela0008176,1186,719,871,104,75
748,483,671,Shamela0008540,926,1215,1374,128,82
748,53,902,Shamela0021590,241,647,1385,201,21
748,204,495,Sham19Y0020878,2665,980,1122,105,46
748,828,1045,ShamIbadiyya0000219,338,199,423,163,89
748,208,432,Sham19Y0122406,781,94,280,138,75
748,913,1146,ShamAY0034251BK3,228,52,308,150,69
748,667,1139,Sham19Y0122257,587,937,1186,164,44
748,710,1192,Sham19Y0013783,381,478,674,106,28
748,284,611,Sham19Y0017063,198,1046,1296,175,63
748,1,656,Shamela0000791,152,404,974,452,85
749,168,613,Sham19Y0013769,456,315,691,158,35
749,823,948,Sham19Y0013769,462,136,248,89,89
749,740,1036,JK006897,41,486,608,88,36
749,125,713,Shia001831Vols,189,1,190,144,30
749,173,558,Sham19Y0122406,782,102,427,122,38
749,328,1036,Sham19Y0017729,116,443,652,143,25
749,173,675,Sham19Y0014224,236,321,621,137,31
749,594,1388,Sham19Y0014224,237,811,1599,412,51
749,1388,1538,Sham19Y0014224,238,1,152,117,98
749,328,1036,Sham19Y0020638,225,687,902,151,26
749,558,769,Sham19Y0013252,1294,22,201,94,53
749,1055,1538,ShamAY0034251BK3,158,445,785,191,47
749,1022,1340,Sham19Y0013605,1110,1300,1531,175,68
749,1340,1538,Sham19Y0013605,1111,1,226,140,76
750,201,834,Sham19Y0122406,783,171,717,239,36
750,727,925,ShamAY0033531,1024,1325,1544,160,90
750,1,588,Sham19Y0014224,238,152,666,171,29
750,116,311,Masaha001864Vols,3995,584,810,135,74
750,22,834,JK007065,184,788,1454,242,28
750,1157,1493,Sham19Y0017063,198,31,267,187,69
751,897,1014,Sham19Y0017350,413,717,834,91,93
751,807,1123,Sham19Y0013667,2679,1281,1570,160,54
751,769,1220,Shamela0008540,935,693,1181,285,64
751,179,542,Shamela0005756,2679,930,1279,128,30
751,1021,1220,Shamela0005756,2706,1275,1474,152,96
751,769,1414,Sham19Y0122406,785,189,834,312,51
751,1010,1506,Sham19Y0013223,1690,251,606,272,68
751,349,542,Sham19Y0013252,1439,57,208,101,64
751,1034,1233,Shamela0008544,1389,657,859,137,86
751,1233,1346,Shamela0009242,1039,332,436,79,89
751,175,349,Shamela0021642,433,167,329,115,84
751,1089,1216,Sham19Y0122257,589,1335,1456,91,89
751,1010,1184,Shamela0000791,154,671,822,114,81
752,1,319,Sham19Y0013667,2680,212,472,196,77
752,1,332,Sham19Y0013769,624,222,569,238,82
752,1,156,Shamela0008540,935,1295,1438,108,87
752,1050,1425,JK007128,340,555,726,97,33
752,1,223,Shamela0005756,2706,501,677,136,76
752,612,1212,Shia001831Vols,189,511,896,251,50
752,1094,1425,Sham19Y0013785,89,458,587,88,33
752,1,575,Sham19Y0014224,355,782,1520,378,61
752,593,825,Sham19Y0014224,356,213,474,130,52
752,1094,1425,Sham19Y0013223,229,1203,1374,116,45
752,1425,1545,Sham19Y0013223,1689,717,838,98,99
752,1,786,Sham19Y0013223,1690,606,1321,545,85
752,1,319,Shamela0008544,1389,952,1222,197,78
752,627,1425,Shamela0009242,1040,465,1089,228,27
752,1094,1425,JK007065,271,155,501,127,36
753,1245,1489,Sham19Y0013769,629,1,194,145,74
753,1,157,Shamela0001727,269,315,571,81,37
753,646,1195,Shia001831Vols,189,936,1091,119,26
753,1167,1552,JK000201,823,217,687,259,65
753,1,157,Sham19Y0132524,465,1202,1351,80,66
753,776,1202,Sham19Y0132524,466,600,838,76,16
753,1202,1552,ShamAY0033531,568,1179,1373,152,51
753,1173,1552,Sham19Y0014224,358,577,893,242,78
753,1,157,Sham19Y0020638,228,9,304,69,23
753,646,1202,Sham19Y0020638,228,371,778,89,14
753,1157,1552,Masaha001864Vols,3995,873,1455,318,67
753,1143,1552,Sham19Y0017063,197,11,484,260,60
753,1143,1477,Shamela0000791,153,344,686,204,65
754,54,359,Sham19Y0017747,339,114,387,168,65
754,732,1382,Shamela0008540,950,378,756,247,46
754,606,1097,Shamela0001727,270,626,913,114,26
754,732,1140,Shamela0005756,2724,355,646,187,55
754,1421,1574,Shia001831Vols,189,1333,1470,109,87
754,8,606,Shia001831Vols,189,1107,1333,154,31
754,1,452,JK000201,823,691,1327,338,65
754,606,1097,Sham19Y0122406,791,962,1237,114,27
754,606,1090,Shia002003Vols,712,388,557,104,26
754,1,153,ShamAY0033531,568,1373,1525,124,100
754,644,1090,Shamela0036446,183,1378,1521,98,27
754,1,199,Sham19Y0014224,358,893,1102,128,75
754,611,1097,Sham19Y0020638,228,1107,1448,145,33
754,120,420,Shamela0009242,1047,1,302,236,94
754,606,1101,Sham19Y0013241,291,906,1250,118,24
754,1,420,Sham19Y0014601,1350,471,889,311,87
754,1,732,Sham19Y0017063,197,484,1236,328,39
754,1,436,Shamela0000791,153,841,1271,338,95
754,799,1373,Sham19Y0013605,876,657,908,171,36
755,92,305,Sham19Y0013769,630,585,1213,163,31
755,1053,1389,Shamela0008176,1171,1086,1309,151,55
755,419,753,Sham19Y0131521,677,766,1061,200,68
755,92,251,Sham19Y0131521,1134,896,1068,119,84
755,385,981,Shamela0001727,271,958,1254,158,29
755,66,379,ShamAY0033522,170,552,819,185,69
755,395,759,ShamAY0033531,333,1047,1385,180,50
755,985,1452,ShamAY0033531,535,158,477,251,68
755,385,741,ShamAY0033531,537,512,752,143,50
755,492,901,Masaha001864Vols,4793,741,1253,327,78
755,385,741,Shamela0009242,681,84,536,199,53
755,906,1389,Sham19Y0122257,586,1048,1396,225,59
755,109,379,Sham19Y0013605,876,554,1021,117,28
756,1102,1244,Shia001432Vols,27788,821,953,104,91
756,410,886,Sham19Y0017350,436,1035,1392,188,44
756,475,647,Sham19Y0013667,2270,1282,1445,109,72
756,38,414,Sham19Y0013769,654,25,381,220,73
756,1001,1244,Sham19Y0032381,128,1186,1433,148,64
756,17,359,Shamela0008176,1156,559,914,184,56
756,1278,1468,Shamela0008176,1170,715,1070,96,31
756,21,856,Shamela0008540,860,404,1129,542,79
756,942,1273,Shamela0008540,862,262,577,113,27
756,38,281,Sham19Y0131521,1039,564,817,160,75
756,1102,1244,Shia000234Vols,2631,995,1134,112,97
756,1091,1244,ShamAY0034204BK1,713,902,1049,117,95
756,38,258,Sham19Y0014309,3019,400,607,164,93
756,786,1011,Sham19Y0017903,195,993,1381,139,41
756,1052,1244,Shia001831Vols,190,112,290,139,86
756,863,1244,JK000201,826,397,700,165,53
756,952,1244,Sham19Y0122406,797,1167,1442,158,64
756,896,1273,JK009324,316,43,581,193,37
756,355,736,ShamAY0033531,535,1119,1499,300,97
756,736,1244,ShamAY0033531,536,1,812,309,47
756,958,1254,Sham19Y0018106,428,1,318,160,59
756,1102,1244,Sham19Y0013631,2296,837,969,104,90
756,958,1249,Sham19Y0018103,549,11,357,162,58
756,786,1011,Sham19Y0017729,105,337,725,139,41
756,1109,1244,Shia003732Vols,2096,753,887,93,81
756,1102,1244,Sham19Y0018272,108,597,749,113,92
756,1254,1498,Masaha001864Vols,4793,1224,1499,167,75
756,1109,1244,Sham19Y0013252,1257,1102,1238,107,97
756,786,952,Sham19Y0146127,550,163,359,57,25
756,38,230,Shamela0009242,597,1314,1493,141,92
756,17,654,Sham19Y0122257,580,675,1208,340,64
756,1285,1482,Sham19Y0122257,586,31,198,113,74
756,1095,1244,Shamela0000137,385,496,653,120,94
756,901,1273,Sham19Y0013605,841,1030,1406,189,48
756,4,723,Sham19Y0013605,845,872,1358,340,59
757,496,880,Shamela0001727,273,981,1242,92,23
757,1402,1527,Sham19Y0013253,240,197,340,61,46
757,897,1134,Shia001831Vols,190,317,559,172,85
757,496,880,Shamela0004289,425,378,814,98,18
757,496,1186,Sham19Y0122406,798,263,1085,204,22
757,27,172,Masaha001864Vols,4794,1,147,116,99
757,503,768,Shamela0009242,693,1091,1321,179,81
758,402,622,Sham19Y0013769,362,477,681,101,47
758,774,1010,Sham19Y0013769,366,666,899,147,68
758,1348,1619,Shia001831Vols,191,1,219,172,75
758,1,661,Shamela0009241,101,915,1446,131,18
758,1,622,Sham19Y0014224,150,1003,1552,142,23
758,627,949,Sham19Y0014224,153,725,1172,197,50
758,420,736,Shamela0011036,283,803,1148,155,50
758,661,984,Shamela0011036,291,1127,1576,186,51
758,469,622,Shamela0021598,469,1048,1191,106,87
758,162,875,Sham19Y0013605,803,474,1218,349,46
759,6,268,Sham19Y0013769,367,1303,1581,189,83
759,755,1151,Shamela0006610,170,141,618,120,21
759,1109,1239,Sham19Y0016636,856,772,908,107,95
759,942,1576,Shamela0008540,631,6,948,368,44
759,1232,1444,Sham19Y0131521,796,789,1015,161,90
759,1121,1310,Shamela0005756,2471,1198,1460,111,53
759,1366,1576,Shamela0005756,2472,210,397,149,85
759,25,268,Shia001831Vols,190,1090,1304,174,84
759,458,1239,Shia001831Vols,191,300,783,354,56
759,750,1109,Shamela0004289,428,486,929,126,27
759,740,1077,Sham19Y0122406,803,625,1264,193,35
759,1077,1358,Sham19Y0122406,804,359,900,166,36
759,825,1322,Sham19Y0132524,475,475,1312,264,37
759,755,1052,ShamAY0035990,194,731,1180,187,51
759,750,1109,Shamela0025800,3178,297,709,125,27
759,750,1109,Sham19Y0017729,98,376,818,122,26
759,6,300,Sham19Y0132415,1068,132,807,173,28
759,6,435,Sham19Y0014224,155,695,1121,246,61
759,1370,1576,Sham19Y0013252,1351,341,524,147,86
759,750,1109,Kraken210630005153,1267,847,1220,111,25
759,750,1109,JK007065,816,239,646,126,27
759,750,898,Shia000121Vols,560,285,497,78,44
760,507,908,Shamela0008540,633,751,1369,197,36
760,249,507,Sham19Y0131521,795,276,617,209,75
760,590,884,Sham19Y0131521,796,6,268,188,74
760,937,1546,Shamela0001727,276,664,893,107,22
760,697,908,Shamela0005756,2473,1033,1179,89,51
760,27,690,Shamela0005756,2476,356,646,228,41
760,968,1509,Shia001831Vols,191,814,1112,226,51
760,937,1546,Sham19Y0122406,807,392,850,157,23
760,974,1300,Sham19Y0013252,1029,30,320,173,53
760,18,242,Sham19Y0013252,1352,414,647,173,88
760,690,908,Sham19Y0013252,1353,1269,1468,138,81
761,581,1130,Sham19Y0013769,480,1031,1433,261,57
761,531,1195,Shamela0008540,1390,516,1075,439,80
761,17,391,Shamela0008540,1392,894,1193,227,74
761,1200,1351,Sham19Y0131521,1578,25,197,125,86
761,10,250,Shamela0005756,551,1269,1481,156,77
761,354,630,Sham19Y0018103,586,192,323,66,30
761,581,1195,Sham19Y0014224,252,639,1161,391,75
761,1,244,Masaha001864Vols,4150,1302,1545,197,100
761,244,1051,Masaha001864Vols,4151,1,814,652,98
762,1148,1268,Shamela0001727,278,1259,1413,72,61
762,1215,1593,JK007099,241,553,891,133,39
762,1201,1544,Sham19Y0127677,6640,8,326,227,83
762,1151,1609,Shamela0004473,15857,1,403,116,22
762,1148,1268,Shamela0004289,426,1016,1166,72,62
762,234,466,ShamAY0033889,101,403,804,107,28
762,1148,1268,JK007065,223,160,314,72,61
763,804,1027,Shamela0007562,78,1143,1349,162,90
763,205,566,Sham19Y0017350,580,1,381,257,78
763,1406,1577,Sham19Y0013667,1465,758,907,116,85
763,1,750,Sham19Y0017747,1073,562,1249,445,66
763,1,246,ShamAY0034447,1482,1283,1518,187,93
763,246,799,ShamAY0034447,1483,1,620,344,60
763,1329,1577,Shamela0008540,1176,860,1092,180,87
763,696,1085,Shamela0001727,279,795,920,92,29
763,1,658,Shia004523,37,319,886,456,84
763,107,566,Shamela0000432,4938,724,1043,256,67
763,1,633,Rafed0000040Vols,1027,560,1051,374,70
763,769,1037,Shamela0005756,2550,273,517,185,87
763,90,566,Shamela0000894,990,566,1044,387,98
763,52,473,Shamela0006947,17809,1,226,152,44
763,696,907,Sham19Y0014452,7,329,857,127,28
763,755,1370,Shia001831Vols,192,120,330,146,29
763,1,434,Shamela0036543,750,1165,1566,296,83
763,434,566,Shamela0036543,751,1,137,106,94
763,769,1027,JK000201,786,1079,1307,179,86
763,696,1085,Sham19Y0122406,815,1293,1418,92,29
763,1062,1329,ShamAY0033531,593,88,371,210,90
763,1065,1329,ShamAY0033531,703,462,744,208,89
763,831,1031,Sham19Y0018103,624,533,715,122,78
763,481,633,Shamela0026764,23,363,578,120,67
763,227,633,Kraken210630005153,1269,977,1420,280,71
763,1,566,Shamela0009242,699,923,1571,414,72
763,817,1027,Shamela0009242,719,418,929,147,36
763,662,1027,Shamela0000497,21,227,440,120,37
763,817,1037,Sham19Y0013605,944,1232,1439,152,87
764,1083,1573,Sham19Y0013667,1465,221,367,105,25
764,558,1078,Sham19Y0013667,1466,983,1419,319,72
764,1,714,Shamela0008540,1176,1088,1532,349,60
764,800,1078,Shamela0008540,1177,1,267,203,89
764,1083,1573,Shamela0001727,279,1305,1451,104,25
764,1083,1573,Sham19Y0013572,279,825,973,103,25
764,1087,1487,Sham19Y0013253,241,1047,1497,129,26
764,1105,1521,Shia001831Vols,192,535,870,249,72
764,594,913,JK000201,579,329,645,242,89
764,1083,1573,Shamela0004289,546,734,880,105,25
764,1087,1573,Sham19Y0132524,484,166,710,142,24
764,1083,1573,Shamela0001875,341,1056,1202,105,25
764,1083,1573,Kraken230110004547,243,833,981,105,25
764,1083,1573,Shamela0025800,1460,276,423,105,25
764,1083,1573,JK007116,14,507,653,105,25
764,1083,1573,Shamela0011036,483,358,504,105,25
764,1083,1573,Sham19Y0017616,86,48,194,105,25
764,1083,1573,JK007065,123,1405,1551,105,25
764,1083,1573,Sham19Y0148271,1286,1232,1382,109,26
764,1083,1573,Sham19Y0148271,2911,1192,1338,105,25
765,1058,1236,Sham19Y0020944,184,54,225,113,74
765,1193,1615,Shia001432Vols,28380,1033,1424,297,84
765,1082,1236,JK000977,465,325,468,104,80
765,1082,1252,Shia002616Vols,343,673,846,120,80
765,1082,1236,Shia000841Vols,1558,992,1118,100,81
765,1166,1615,Shamela0008540,1144,151,772,309,57
765,1082,1244,Sham19Y0014592,2675,169,313,106,82
765,1049,1236,Shamela0001727,281,137,463,131,48
765,1193,1615,Shia000234Vols,3194,828,1219,297,84
765,1058,1236,Sham19Y0127677,4792,1252,1420,116,78
765,1091,1236,JK000785,363,1189,1314,99,86
765,1231,1615,Shia000317Vols,3346,465,657,147,47
765,498,704,Shia003923Vols,1678,1,196,160,93
765,1070,1212,Sham19Y0017903,271,1356,1478,88,78
765,1082,1244,ShamAY0034282,501,847,995,106,79
765,1082,1309,Sham19Y0016817,385,1146,1496,165,56
765,1309,1615,Sham19Y0016817,386,1,307,249,99
765,1049,1252,Sham19Y0122406,819,380,739,139,47
765,1231,1615,Shia000263Vols,1729,1394,1586,147,47
765,1082,1236,Shamela0001438,6857,942,1078,107,87
765,1299,1615,ShamAY0033531,683,1,319,257,99
765,1082,1236,Sham19Y0018144,635,853,988,102,81
765,1082,1236,Sham19Y0017729,138,1219,1357,108,87
765,1082,1282,Sham19Y0020638,240,794,961,123,77
765,1044,1615,Sham19Y0014601,1581,77,944,373,49
766,1,187,Shia001432Vols,28380,1424,1610,151,100
766,187,805,Shia001432Vols,28381,1,502,390,78
766,1308,1501,Sham19Y0013667,2600,707,902,148,88
766,119,539,Shia002616Vols,343,1019,1432,101,20
766,981,1222,Shamela0008540,1143,1198,1500,180,72
766,1,805,Shamela0008540,1144,772,1499,572,87
766,1308,1501,Shamela0008540,1257,704,899,153,91
766,1003,1248,Sham19Y0131521,1314,257,517,188,90
766,1331,1610,Sham19Y0131521,1409,88,811,201,33
766,1,429,Shia000234Vols,3194,1219,1572,279,80
766,429,720,Shia000234Vols,3195,1,251,194,82
766,1313,1610,Sham19Y0127700,451,657,834,137,56
766,1,282,Shamela0008381,1588,1010,1371,209,70
766,1,543,Shia000317Vols,3346,657,1099,337,75
766,1,230,ShamIbadiyya0000433,318,99,338,181,91
766,1,450,Shia001831Vols,192,1298,1498,162,44
766,1,225,JK000201,699,474,700,178,95
766,1,981,Sham19Y0016817,386,307,1292,792,98
766,40,539,Shia000263Vols,1730,1,400,312,76
766,975,1331,Sham19Y0132524,486,1161,1493,134,38
766,1,282,ShamAY0033531,623,1271,1552,226,99
766,981,1259,ShamAY0033531,682,1123,1412,223,96
766,1,923,ShamAY0033531,683,319,1230,722,95
766,1325,1610,Sham19Y0018144,3836,1211,1556,175,57
766,1,263,Sham19Y0018144,3937,1091,1353,212,100
766,1003,1248,Sham19Y0018144,3938,78,336,196,94
766,1,282,Sham19Y0017729,541,829,1110,227,100
766,1,1165,Sham19Y0016599,1212,448,1056,377,37
766,1,225,Shamela0009242,918,1085,1311,178,95
766,1,415,Sham19Y0014601,1581,944,1276,268,79
766,415,764,Sham19Y0014601,1582,112,421,242,85
767,573,1294,Shamela0021495,96,286,830,269,42
767,932,1226,Shamela0008540,1241,13,294,227,93
767,1,1569,Shamela0008540,1258,330,1421,527,36
767,135,906,Sham19Y0131521,1410,618,1556,456,54
767,524,728,Shamela0005756,2392,1,255,153,72
767,932,1226,Shamela0005756,4664,778,1065,206,78
767,1,805,ShamAY0033531,759,778,1558,323,35
767,805,1585,ShamAY0033531,760,1,593,462,70
767,422,867,Shamela0009242,988,100,641,246,50
768,955,1276,Sham19Y0013667,2602,7,329,265,99
768,431,709,Sham19Y0013667,2603,137,407,203,86
768,42,317,Shamela0008540,1259,112,358,189,86
768,431,1276,Shamela0008540,1260,244,1522,572,53
768,736,1055,Sham19Y0127700,451,967,1266,186,61
768,833,1231,Sham19Y0014309,1634,792,1143,240,68
768,1260,1545,Shamela0009702,1052,242,593,189,63
768,1,1119,ShamAY0033531,760,593,1629,640,59
768,958,1099,Sham19Y0018144,3838,543,683,115,99
768,800,1099,Sham19Y0020591,356,621,907,129,45
769,1,669,Sham19Y0017124,579,157,703,289,46
769,744,1021,JK007054,1019,817,1040,141,58
769,39,712,Sham19Y0017350,788,1,808,396,56
769,322,959,Sham19Y0013667,2602,342,1043,357,51
769,67,621,Sham19Y0013667,6273,211,503,185,40
769,32,687,Sham19Y0013769,1253,540,1302,385,58
769,56,462,Shamela0008176,1428,841,1061,149,44
769,78,687,Shamela0008176,3691,454,1043,251,39
769,86,374,Shamela0008540,1260,1042,1587,151,28
769,374,1224,Shamela0008540,1261,1,1064,577,62
769,1430,1564,Shamela0008540,1262,1,158,107,84
769,219,600,Sham19Y0131521,1411,1185,1557,293,96
769,1368,1564,Sham19Y0131521,1413,1113,1311,136,83
769,1386,1574,Sham19Y0014592,3296,927,1132,149,90
769,326,669,Shamela0021715,3629,1108,1465,205,65
769,1331,1550,JK007099,310,1,196,140,79
769,739,966,Sham19Y0127700,451,1272,1464,150,83
769,1311,1574,Sham19Y0127677,8764,765,1085,184,65
769,71,701,Sham19Y0014309,1634,1191,1618,313,58
769,761,1570,Shia001831Vols,193,320,796,332,50
769,240,712,Shamela0001442,987,384,979,318,65
769,1093,1403,Shamela0000140,1256,118,379,154,62
769,1409,1564,Shamela0021660,3822,4,160,105,78
769,60,462,Shamela0021660,4726,220,455,170,51
769,1,696,Shamela0009702,1051,711,1612,473,63
769,817,1093,ShamAY0033531,761,788,1063,222,99
769,1386,1574,ShamAY0033531,762,521,727,151,91
769,785,956,Sham19Y0018144,3835,1370,1530,127,92
769,956,1218,Sham19Y0018144,3836,1,213,170,80
769,1386,1554,Sham19Y0018144,3836,864,1050,135,90
769,1403,1574,Sham19Y0018144,6144,144,316,137,99
769,326,669,Sham19Y0018103,1617,419,673,154,56
769,1377,1574,Shia003732Vols,2659,1,167,131,82
769,32,687,Sham19Y0014224,766,577,1411,385,53
769,1403,1550,Sham19Y0018272,1620,1235,1376,107,88
769,335,669,Shamela0000551,2169,1,329,183,62
769,326,712,Sham19Y0016599,657,680,1144,265,69
769,835,1224,Sham19Y0023625,2369,237,900,291,52
769,60,462,Sham19Y0122257,692,100,331,167,50
769,326,687,Sham19Y0122257,1701,111,541,202,54
769,326,669,Sham19Y0013605,2136,507,804,182,62
770,6,530,Shamela0008540,1262,158,1019,335,47
770,639,1088,Shamela0008540,1263,71,834,269,38
770,394,573,Sham19Y0131521,1413,1306,1485,143,100
770,629,1468,Sham19Y0131521,1414,235,954,521,74
770,1,209,Sham19Y0014592,3296,1132,1340,165,100
770,579,1014,Sham19Y0127700,452,55,346,214,61
770,1,209,Sham19Y0127677,8764,1085,1291,162,98
770,394,666,Sham19Y0014309,1635,572,766,157,70
770,394,701,Shia001831Vols,193,816,1083,204,79
770,1,946,ShamAY0033531,762,727,1526,630,83
770,822,1014,Sham19Y0018144,3837,350,543,155,99
770,1,958,Sham19Y0018144,6144,316,1274,410,39
770,6,286,Shia003732Vols,2659,173,453,218,98
770,573,1309,Sham19Y0014601,1685,313,988,268,37
771,647,983,Sham19Y0131521,4584,965,1273,172,51
771,70,877,Sham19Y0014309,1635,828,1557,560,84
771,883,1600,Sham19Y0014309,1636,1,659,490,80
771,366,688,Shia001831Vols,193,1269,1571,228,86
771,747,1196,Shia001831Vols,194,1,347,255,66
771,743,964,Kraken220216061206,118,360,592,171,90
771,593,994,Sham19Y0122406,824,1197,1596,211,56
771,1082,1600,Sham19Y0122406,825,95,844,300,49
772,1030,1435,Shamela0001733,2277,1,338,193,60
772,1030,1492,Sham19Y0123510,657,295,715,193,41
772,1381,1531,Sham19Y0148486,1116,1271,1412,111,93
772,1024,1507,Sham19Y0019188,560,879,1316,239,54
772,1020,1372,Shia002616Vols,1058,181,530,263,91
772,1020,1225,JK006897,101,1116,1320,159,95
772,1030,1225,ShamAY0034447,2107,1042,1236,154,99
772,1020,1492,Shia000841Vols,1733,419,897,193,38
772,1381,1531,Shamela0010444,70,782,923,111,93
772,1020,1372,ShamIbadiyya0000229,1777,156,527,224,72
772,1030,1435,Shamela0025794,723,1161,1466,184,56
772,1020,1477,Shamela0011428,586,970,1372,204,48
772,577,791,Sham19Y0131521,1415,1341,1528,145,83
772,163,529,Sham19Y0131521,4585,262,606,274,91
772,1030,1531,Shamela0001727,282,524,1437,363,48
772,1403,1531,Sham19Y0013572,1436,47,194,102,87
772,1030,1477,Sham19Y0127677,19070,1183,1538,185,43
772,1020,1225,Shamela0012884,753,162,371,163,98
772,1020,1280,Shamela0000427BK2,1238,142,407,161,71
772,1030,1477,Shamela0008381,5844,161,458,201,55
772,1030,1242,JK007049,43,402,604,146,87
772,1020,1355,Rafed0002905Vols,1290,1382,1608,159,59
772,1024,1225,Sham19Y0017903,229,701,906,160,98
772,1406,1531,Sham19Y0017903,276,1,141,100,89
772,1024,1225,JK006950,580,4,195,140,82
772,1381,1531,Shamela0004289,604,655,811,111,84
772,1020,1355,Shamela0006227,234,645,1368,204,33
772,1381,1531,Shamela0026668,335,1172,1313,111,93
772,1024,1225,Shamela0001875,391,1113,1315,155,95
772,1024,1225,JK000381,6273,532,723,140,82
772,1024,1225,Sham19Y0018144,599,220,369,107,66
772,1020,1225,JK007107,143,1225,1440,155,89
772,1024,1225,Sham19Y0017729,120,643,848,160,98
772,1030,1280,Shamela0010657,449,945,1174,169,85
772,1015,1320,Sham19Y0147913,74,45,379,171,55
772,1024,1531,Sham19Y0020638,241,805,1303,367,89
772,1030,1225,Shia001976Vols,1026,1268,1464,155,99
772,1030,1238,Sham19Y0016772,1430,520,727,160,97
772,1034,1225,Shamela0008463,589,1,187,147,96
772,1030,1477,Sham19Y0146127,559,475,779,193,56
772,1365,1531,Sham19Y0017616,95,894,1083,126,84
772,1381,1531,Sham19Y0013241,289,133,290,111,84
772,1381,1531,JK007065,595,580,748,111,79
772,1030,1225,Sham19Y0148271,1296,360,556,155,99
772,1381,1531,Shamela0009642,181,446,587,111,93
773,1030,1264,Sham19Y0013667,1065,606,825,163,77
773,122,757,Sham19Y0017747,332,203,884,348,51
773,196,497,Shamela0008540,1240,140,340,152,62
773,541,720,Sham19Y0131521,1403,170,320,122,83
773,910,1264,Shamela0005756,4664,410,725,210,67
773,744,955,Shia001831Vols,194,347,503,124,72
773,213,762,Sham19Y0132524,493,727,1244,156,26
773,1374,1563,ShamAY0033531,757,463,652,153,100
773,990,1340,Sham19Y0014224,369,987,1350,259,81
773,1036,1264,Sham19Y0013252,2424,277,469,142,74
773,17,859,Sham19Y0013252,2426,105,872,480,63
774,132,786,Sham19Y0020594,289,319,627,149,24
774,132,705,Sham19Y0020583,1073,421,1316,407,53
774,81,786,Shamela0001727,283,735,1239,172,23
774,404,562,Sham19Y0122401,920,881,1056,122,86
774,95,663,Shia001831Vols,194,527,1091,278,44
774,1037,1522,Sham19Y0122406,831,800,1061,148,35
774,824,1475,Sham19Y0023625,1212,148,767,472,88
774,193,786,Tafsir07076,3144,544,736,98,19
774,215,778,Tafsir07076,3320,1385,1546,89,18
774,1297,1427,Sham19Y0122257,698,328,456,100,96
774,215,786,Shamela0021537,858,173,342,95,19
775,760,1176,Zaydiyya0000015,795,258,719,307,77
775,617,1152,Sham19Y0014309,1637,1,307,187,41
775,1,733,Shia001831Vols,194,781,1265,214,31
775,18,153,Sham19Y0122406,831,1153,1273,83,80
775,989,1152,Shamela0003565,1186,1296,1475,121,79
775,695,1157,Sham19Y0023625,1211,874,1289,322,82
776,34,997,Shamela0021495,93,984,1584,445,55
776,38,600,Sham19Y0013769,568,855,1411,236,41
776,696,1581,Sham19Y0013769,569,990,1485,333,45
776,798,997,Sham19Y0145166,571,8,154,95,56
776,529,794,Shamela0008540,1230,598,1497,176,24
776,794,1050,Shamela0008540,1231,1,252,194,91
776,1366,1561,Shamela0008540,1231,1302,1494,137,85
776,101,1493,Shamela0000432,5122,1,1269,1021,90
776,606,1039,Sham19Y0122401,928,686,1063,216,55
776,524,1602,Shamela0026568,1028,1,1003,753,84
776,606,1039,Sham19Y0017437,459,30,407,216,55
776,600,1047,Shamela0005756,2729,596,1355,305,47
776,1272,1602,Shamela0005756,2730,549,1037,206,48
776,692,1039,Shamela0001673,1732,1,302,182,58
776,261,665,Shamela0023685,1202,1152,1578,290,76
776,665,1602,Shamela0023685,1203,1,857,667,87
776,589,1039,Shia001845Vols,109,668,1077,226,54
776,504,1078,ShamAY0033531,751,1,574,464,99
776,1209,1602,Sham19Y0014224,313,1,437,198,47
776,789,946,Sham19Y0014224,314,1387,1573,126,83
776,38,225,Sham19Y0014224,315,388,596,145,84
776,692,867,Sham19Y0013252,11503,34,204,136,97
776,606,1039,Shamela0000551,707,98,444,214,55
776,692,1039,Shamela0009242,679,649,932,160,49
776,231,600,Sham19Y0018612,758,557,686,88,30
777,1056,1576,Shamela0021495,93,1,477,280,56
777,273,713,Sham19Y0017350,359,1184,1555,287,81
777,376,822,Shamela0008540,1232,887,1307,311,81
777,1,257,Shamela0008540,1232,42,300,209,99
777,1102,1576,Shamela0008540,1435,165,532,255,65
777,1,330,Shamela0026568,1028,1003,1276,206,77
777,330,792,Shamela0005756,2726,1054,1465,148,32
777,1,257,Shamela0005756,2730,1037,1296,208,98
777,288,792,Shia001831Vols,194,1215,1603,256,63
777,1,330,Shamela0023685,1203,857,1143,214,79
777,1,268,ShamAY0033531,752,1192,1460,217,98
777,311,751,Sham19Y0014224,312,508,900,205,53
777,1052,1576,Sham19Y0014224,443,435,1327,282,36
777,1180,1576,Sham19Y0023625,2379,947,1259,180,54
777,1253,1576,Sham19Y0013605,870,771,991,168,60
777,997,1324,Shamela0010517,563,845,1172,263,100
778,1,229,Shamela0021495,93,477,647,124,66
778,1158,1361,Sham19Y0013769,738,1029,1203,122,69
778,1397,1591,Sham19Y0013769,739,563,822,146,68
778,546,776,Sham19Y0016584,575,716,1019,136,53
778,546,752,Sham19Y0016584,1675,1046,1481,120,36
778,541,889,ShamAY0038409,57,743,1214,171,42
778,546,927,JK000110,116,481,980,173,36
778,546,927,JK000110,505,485,1095,157,30
778,541,889,Masaha003955Vols,214,643,1094,167,41
778,536,947,Shamela0008540,1433,986,1277,224,66
778,1443,1616,Shamela0008540,1436,210,397,117,69
778,560,776,Shamela0021715,993,1,594,124,25
778,30,311,Shamela0000432,5077,176,405,189,81
778,316,446,Shamela0005756,2318,333,459,103,96
778,451,889,Shamela0026662,55,95,696,176,32
778,947,1503,Shia001831Vols,195,121,457,234,49
778,546,781,JK009324,372,150,344,130,68
778,565,776,JK009324,1965,719,1068,117,41
778,546,728,Sham19Y0018106,497,1099,1537,104,30
778,619,942,Sham19Y0018144,3850,578,898,192,66
778,546,776,Sham19Y0018103,622,996,1539,132,27
778,546,927,Sham19Y0018103,1549,238,848,157,30
778,451,781,Shamela0008362BK3,55,220,687,152,36
778,1097,1616,Sham19Y0014224,443,111,684,268,47
778,546,927,Sham19Y0013252,3942,826,1450,157,29
778,546,776,Sham19Y0018176,251,1214,1461,139,69
778,546,927,Sham19Y0018176,827,768,1447,157,27
778,575,776,Shamela0000137,604,1,201,114,65
778,1,451,Sham19Y0013605,870,991,1164,141,38
778,546,932,Sham19Y0013605,2057,935,1508,163,34
779,898,1347,Sham19Y0017747,344,1050,1530,249,56
779,903,1342,Shia000841Vols,1746,624,1050,174,39
779,1149,1443,Sham19Y0131521,1437,1191,1472,145,53
779,172,1493,Shamela0001727,286,94,654,166,13
779,429,1567,Shia001831Vols,195,483,1066,336,36
779,172,1227,Sham19Y0122406,836,583,1297,176,16
779,928,1493,Sham19Y0122406,837,439,980,124,16
779,953,1275,ShamAY0033531,741,1,528,156,34
779,950,1399,ShamAY0033531,777,593,1063,359,94
779,1000,1399,Sham19Y0013223,1689,184,515,266,82
779,903,1243,Masaha001946Vols,1263,1193,1413,136,49
779,928,1275,Sham19Y0014601,1715,520,1085,132,24
779,950,1297,Sham19Y0017063,241,1148,1444,173,61
779,598,1178,ShamIbadiyya0000942,214,213,338,93,20
779,1083,1389,Sham19Y0013605,1506,1196,1500,204,78
780,809,1125,JK000977,480,355,732,105,25
780,685,1131,JK000110,107,535,1263,191,31
780,332,997,Shia000841Vols,1750,478,1082,189,28
780,168,387,Shamela0001727,286,1110,1369,99,44
780,809,1131,Shamela0001727,288,560,843,115,34
780,1205,1440,Sham19Y0014309,1644,1111,1354,175,89
780,369,848,Shia001831Vols,195,1098,1472,227,54
780,79,387,Sham19Y0122406,838,372,785,146,40
780,880,1131,Sham19Y0122406,841,467,652,62,24
780,351,898,Shia002265Vols,2295,687,859,88,21
780,736,1131,Shamela0037837,171,729,1100,85,17
780,685,1269,Sham19Y0038171,461,35,972,227,29
780,351,790,Shamela0001875,258,31,247,107,26
780,690,898,Shamela0001875,393,1124,1415,148,65
780,364,527,ShamAY0033531,404,1328,1500,120,83
780,1052,1470,Sham19Y0017729,100,123,369,97,27
780,959,1541,ShamAY0034274,333,360,660,123,24
780,690,1118,Shamela0000137,1944,1188,1423,107,27
780,607,1269,Shamela0000791,123,1,375,273,50
780,817,1386,Sham19Y0013605,906,477,1026,273,51
781,519,960,Shamela0008540,656,1037,1380,262,73
781,574,953,Shamela0005756,2414,7,256,168,56
781,587,1019,JK000201,1185,609,1053,342,96
781,1089,1368,JK000201,1186,310,599,229,95
781,587,1368,Sham19Y0014601,1009,333,947,456,70
781,616,1254,Shamela0000791,124,77,722,502,96
781,1114,1422,Sham19Y0013605,905,862,1116,154,58
782,778,1482,Sham19Y0017350,480,47,609,401,69
782,862,1504,Sham19Y0013769,723,1108,1355,163,30
782,1039,1333,Sham19Y0013769,724,14,350,147,46
782,821,1231,Shamela0008540,1225,60,571,280,64
782,1153,1338,Sham19Y0131521,1390,700,1036,61,17
782,1163,1338,Sham19Y0131521,5490,128,233,78,57
782,164,375,Shamela0001727,288,1181,1391,88,38
782,164,375,Shamela0021626,12,913,1129,92,39
782,321,464,Shia001831Vols,196,256,395,101,85
782,741,1396,Sham19Y0122406,844,582,1322,416,64
782,862,1333,Sham19Y0014224,434,904,1548,215,36
782,778,1504,Sham19Y0017063,191,883,1483,345,52
782,862,1407,Sham19Y0013605,863,1219,1477,145,33
783,219,610,Shia000841Vols,1746,164,467,188,54
783,137,883,Shamela0008540,1224,602,1275,362,47
783,1282,1517,Shamela0011428,620,1,208,99,51
783,899,1167,Sham19Y0131521,1390,423,595,120,55
783,726,1109,Sham19Y0131521,5489,1085,1399,122,31
783,1222,1517,Shamela0001727,290,119,896,179,27
783,1132,1384,Sham19Y0017437,2003,782,1475,113,19
783,1172,1465,Sham19Y0122406,846,1,813,211,31
783,1222,1465,Sham19Y0038171,352,597,1405,162,24
783,137,883,Sham19Y0018106,442,660,1197,179,27
783,1227,1465,Sham19Y0018103,770,897,1320,154,44
783,1394,1582,Sham19Y0017791,390,778,1331,126,28
783,894,1109,Sham19Y0014224,434,662,893,164,87
783,1300,1465,Sham19Y0020638,247,929,1140,127,74
783,1222,1394,Shia001782Vols,440,948,1233,97,40
783,1227,1465,Shamela0008463,545,958,1467,135,30
783,1394,1559,Sham19Y0016976,467,751,1153,100,29
783,1394,1517,Shamela0011444BK1,23,134,610,93,24
783,194,883,Sham19Y0013605,864,391,772,255,43
784,26,295,ShamIbadiyya0000438,230,892,1038,91,42
784,88,573,Sham19Y0013769,411,371,919,308,61
784,180,434,Sham19Y0017747,345,1140,1305,118,57
784,82,295,Sham19Y0127700,555,1215,1330,83,50
784,26,434,Shamela0001673,1974,1072,1289,156,48
784,26,434,Sham19Y0014309,1445,545,763,157,48
784,1,286,Sham19Y0014309,1660,1263,1530,212,90
784,286,584,Sham19Y0014309,1661,1,446,236,65
784,1078,1544,Shia001831Vols,196,710,1009,155,40
784,142,584,ShamAY0033531,77,1037,1457,276,74
784,1,417,ShamAY0035990,63,808,1155,145,33
784,155,434,Sham19Y0013252,1645,180,386,155,70
784,147,503,Shamela0008544,1369,1232,1498,200,70
784,54,240,Sham19Y0016599,695,1340,1524,123,82
784,240,588,Sham19Y0016599,696,1,317,252,88
784,731,887,Sham19Y0014580,717,1305,1558,119,59
784,1,142,Sham19Y0020590,75,1176,1492,78,27
784,1,286,Sham19Y0122257,732,561,777,155,65
785,846,1100,Sham19Y0013769,656,5,194,126,62
785,1180,1460,Sham19Y0013769,657,23,601,198,42
785,334,506,Shia000841Vols,719,87,301,95,58
785,1148,1300,ShamIbadiyya0000229,996,4,159,117,95
785,764,922,ShamIbadiyya0000229,997,1373,1530,124,98
785,548,764,ShamIbadiyya0000229,997,236,491,144,66
785,922,1100,ShamIbadiyya0000229,998,1,179,141,100
785,746,1057,Sham19Y0131521,5242,733,1010,175,70
785,323,514,Shamela0001727,291,125,371,90,48
785,323,733,Shamela0012014,363,496,1028,125,22
785,1,148,Sham19Y0127677,13308,940,1083,116,95
785,1038,1453,Sham19Y0035453,200,851,1263,211,57
785,496,953,JK000201,2532,958,1517,331,69
785,953,1460,JK000201,2533,1,542,398,89
785,323,514,Sham19Y0122406,849,1079,1325,90,48
785,1,143,Sham19Y0017729,542,129,272,116,99
785,809,1097,Sham19Y0014224,384,316,721,189,53
785,788,1366,Sham19Y0014224,385,25,690,258,41
785,334,506,Sham19Y0013223,162,799,959,82,56
785,809,1305,Sham19Y0013252,1876,500,1348,187,24
785,536,1460,Shamela0009242,727,1,1331,683,61
785,1100,1391,Sham19Y0122257,549,1315,1540,172,69
785,614,1197,Sham19Y0013605,1277,54,348,186,39
786,1171,1435,Shamela0007891,1837,326,551,113,50
786,917,1126,Shamela0008176,5331,1176,1361,151,88
786,1171,1419,Shamela0012293,3205,487,700,102,49
786,1171,1419,Shamela0025794,1969,292,504,105,50
786,90,643,Shamela0001727,291,755,1304,137,19
786,1171,1419,Shamela0001727,292,936,1147,104,50
786,130,1068,Shia001831Vols,196,1156,1548,211,26
786,1185,1419,JK000201,2534,17,203,91,48
786,90,643,Sham19Y0122406,850,251,951,118,15
786,1171,1419,Sham19Y0122406,852,793,1004,104,50
786,1171,1419,Sham19Y0132524,508,1096,1310,110,52
786,936,1166,Sham19Y0018144,3681,421,646,185,97
786,1171,1419,Shamela0025800,2002,1259,1466,101,48
786,1175,1393,Sham19Y0123608,823,1305,1478,82,46
786,917,1166,Sham19Y0014224,383,1079,1313,153,68
786,1171,1419,Sham19Y0020638,249,724,935,104,50
786,1171,1419,Masaha001864Vols,2957,945,1159,111,52
786,1171,1432,ShamAY0031687,602,747,963,113,51
786,1171,1419,Sham19Y0013252,6621,769,972,113,55
786,1171,1419,Sham19Y0146127,830,370,554,92,44
786,605,912,Shamela0009242,728,569,802,168,66
786,1171,1419,Shamela0000976,21,905,1112,113,54
786,1171,1419,JK007065,713,311,513,109,51
786,917,1190,Sham19Y0122257,2475,364,683,175,63
786,1171,1419,Sham19Y0148271,678,1014,1221,106,50
787,447,681,Sham19Y0014309,2782,53,355,142,55
787,271,521,Sham19Y0122406,853,780,940,119,60
787,447,681,Sham19Y0122406,854,523,667,107,57
787,271,681,Shamela0021474,54,47,521,177,40
788,67,837,ShamAY0034441,491,762,1285,234,32
788,67,854,Sham19Y0013667,5353,820,1370,225,30
788,535,837,Sham19Y0148486,5199,137,491,102,26
788,973,1316,ShamAY0035955,415,153,499,268,94
788,184,653,Shamela0009200,670,297,840,162,30
788,67,837,Shamela0025794,52,749,1305,237,30
788,67,837,Shamela0025794,92,238,841,226,29
788,279,598,JK007128,57,616,810,101,34
788,67,1417,Shamela0001727,293,199,1168,353,27
788,67,653,JK000916,17512,1144,1464,185,37
788,87,837,Shamela0003118,5104,1,522,212,30
788,67,320,JK000786,4088,1269,1402,86,42
788,67,1417,Sham19Y0013572,79,55,1019,349,26
788,67,1417,ShamAY0032957,9,367,1307,346,27
788,67,837,Sham19Y0039268,288,719,1281,238,32
788,67,308,Sham19Y0023644,1905,759,896,94,49
788,67,314,Kraken230106005528,365,493,637,81,40
788,67,320,ShamAY0038413,63,111,244,85,41
788,67,653,Shamela0008657,366,157,455,161,32
788,67,653,Sham19Y0014309,978,603,935,180,35
788,67,320,Shamela0026662,95,504,633,82,40
788,290,922,Shia001831Vols,197,146,490,254,49
788,67,837,Shamela0004289,408,608,1161,243,32
788,101,837,Sham19Y0122406,853,946,1460,215,30
788,67,320,Shamela0009773,1519,39,167,86,42
788,67,320,Shamela0009773,2874,469,601,86,42
788,219,634,Sham19Y0132524,510,333,593,117,32
788,67,854,Sham19Y0037618,5720,162,724,243,32
788,67,653,Kraken230110004547,158,984,1276,165,33
788,67,653,Shia003461Vols,504,559,886,185,36
788,67,837,Shamela0025800,852,167,712,238,32
788,67,320,Shamela0008362BK3,93,611,740,82,40
788,67,837,ShamAY0034005,1464,515,1094,208,25
788,270,1417,Sham19Y0020638,250,15,882,285,26
788,67,1417,Shamela0012981,136,182,1131,359,28
788,67,314,Shia001976Vols,73,919,1184,102,43
788,67,320,Sham19Y0016555,711,1129,1282,106,53
788,67,308,ShamAY0035884,1021,249,384,91,48
788,78,837,Sham19Y0017616,77,1,546,234,31
788,67,653,JK007065,35,1055,1383,184,36
788,793,1417,JK007065,36,112,572,155,28
789,158,538,JK007083,80,181,424,174,58
789,158,319,JK001012,132,1049,1282,119,63
789,414,533,JK001012,133,202,321,94,100
789,1186,1451,JK007054,1034,770,1057,182,71
789,708,944,JK007054,1035,392,598,157,81
789,177,538,JK007054,1054,968,1180,128,44
789,271,944,Sham19Y0013667,6894,370,743,244,45
789,950,1476,ShamAY0034227,4505,1054,1422,202,45
789,133,533,Sham19Y0148486,1409,617,1206,179,31
789,158,538,Shamela0006610,173,947,1196,173,58
789,133,530,ShamAY0035035,3277,327,895,186,40
789,158,542,Zaydiyya0000142,2726,729,1018,156,53
789,979,1451,Sham19Y0017747,358,676,1091,295,71
789,158,319,Sham19Y0017747,358,239,462,115,63
789,742,969,Sham19Y0017747,359,1,214,149,73
789,119,538,JK006897,65,600,828,130,37
789,142,538,Shia000841Vols,720,712,1140,180,41
789,271,950,Shamela0008540,1430,388,844,317,58
789,1168,1412,MMS00028,141,1235,1509,175,79
789,177,503,Shamela0029677,118,28,218,111,43
789,583,987,Sham19Y0131521,814,1224,1552,231,67
789,158,774,Sham19Y0131521,1626,1071,1489,117,17
789,162,533,Shamela0025791,762,300,575,161,52
789,133,533,Shamela0001727,294,98,598,195,41
789,747,936,Shamela0000432,4877,1368,1561,108,62
789,589,944,Shamela0000432,5070,1,253,196,67
789,158,538,JK001236,117,561,1043,212,46
789,108,538,JK001236,161,976,1405,232,58
789,414,533,Sham19Y0127700,114,311,437,89,90
789,158,533,Shamela0010639,46,276,545,178,60
789,142,508,Shamela0012014,362,1066,1496,168,42
789,95,503,Sham19Y0127677,13973,1188,1445,116,28
789,1135,1408,Sham19Y0014452,171,141,618,197,51
789,715,1182,Sham19Y0017419,163,632,1326,198,26
789,158,538,ShamIbadiyya0000433,347,137,366,160,52
789,172,538,Sham19Y0017903,184,1,221,162,56
789,414,538,Shamela0000140,2068,553,681,91,91
789,158,538,Shamela0006366,994,1,257,176,59
789,414,538,Shamela0006366,1022,533,657,96,98
789,162,836,JK000201,2011,992,1516,375,67
789,133,542,Shamela0004289,437,394,734,179,45
789,95,444,Sham19Y0122406,855,882,1478,159,29
789,1182,1538,Sham19Y0122406,857,237,572,226,76
789,1,448,Sham19Y0132524,513,555,962,182,40
789,133,530,Sham19Y0038171,810,553,1121,186,40
789,391,613,Shamela0001875,255,192,425,117,63
789,95,525,Shamela0001875,1086,1111,1421,169,43
789,414,548,ShamAY0034134,175,264,399,96,88
789,95,538,Sham19Y0018144,4320,902,1246,147,32
789,414,533,Shamela0036446,145,868,991,89,92
789,414,538,JK007107,75,632,756,96,98
789,142,533,Shamela0025800,3187,344,817,184,43
789,194,944,Shamela0021723,116,691,1030,242,40
789,158,538,Sham19Y0017729,100,924,1162,172,57
789,95,465,Sham19Y0017729,528,819,972,72,22
789,158,533,Sham19Y0020638,250,1027,1299,184,62
789,142,538,Sham19Y0013223,151,253,903,201,35
789,133,530,Sham19Y0146127,716,1065,1357,151,40
789,158,538,Shamela0009242,730,410,637,161,53
789,780,1339,Shamela0009242,731,1,366,267,57
789,158,969,Sham19Y0020590,77,864,1467,309,42
789,969,1408,Sham19Y0023625,453,119,559,326,87
789,414,533,JK007065,212,679,798,94,100
789,1186,1408,Shamela0000137,616,665,873,160,85
789,747,987,Shamela0000137,646,1323,1533,139,70
789,215,944,JK009251,41,159,615,254,42
789,583,944,Sham19Y0014601,1940,982,1257,212,70
789,99,1127,Shamela0000791,124,690,1460,434,46
789,414,697,Shamela0010517,303,1264,1563,186,75
789,414,1073,Shamela0010517,355,80,509,285,50
790,180,498,Sham19Y0013769,603,1058,1391,194,65
790,562,1499,Sham19Y0013769,604,380,1203,557,70
790,118,1516,Sham19Y0017747,470,121,1313,829,69
790,145,1371,Shamela0008540,1357,489,1517,807,81
790,293,1109,Shamela0021590,357,133,618,290,41
790,360,1105,Sham19Y0013253,249,662,1449,356,48
790,360,727,Sham19Y0122406,857,1149,1528,222,64
790,991,1390,Sham19Y0122406,858,216,754,211,45
790,544,1105,Sham19Y0132524,515,780,1401,230,42
790,104,498,Sham19Y0132524,515,14,441,188,45
790,145,1534,ShamAY0033531,864,245,1519,997,87
790,95,1074,Sham19Y0014224,339,385,1513,528,51
790,1074,1499,Sham19Y0014224,340,1,390,313,91
790,801,1120,Sham19Y0013605,895,1232,1450,146,53
791,1131,1330,Sham19Y0013667,2534,1,256,120,58
791,1,476,Sham19Y0013769,604,1226,1609,291,74
791,724,907,Shamela0000767,518,377,663,89,33
791,724,907,Shamela0000767,809,779,1053,89,34
791,724,907,Shia000841Vols,1756,1121,1399,89,34
791,7,437,Shamela0008540,1358,159,476,249,71
791,662,1221,Shamela0008540,1371,1027,1477,283,54
791,1221,1410,Shamela0008540,1372,1,176,139,91
791,678,1163,Sham19Y0131521,1553,1105,1523,266,62
791,724,907,Shamela0001727,295,221,499,89,34
791,913,1522,Shamela0005756,4752,818,1525,457,78
791,859,1553,JK006950,1185,666,1270,220,33
791,724,907,Shamela0004289,615,47,325,89,34
791,724,907,Shamela0001875,401,1095,1377,89,34
791,53,422,ShamAY0033531,865,1,227,181,60
791,859,1553,JK000381,6879,371,975,220,33
791,724,907,JK008250Vols,907,594,868,89,34
791,724,907,JK007107,190,695,975,89,34
791,1,634,Sham19Y0014224,340,390,816,271,50
791,625,1051,Sham19Y0020638,251,27,633,124,18
791,228,422,Shamela0009242,1206,653,837,143,87
792,1310,1537,Sham19Y0013769,620,46,277,154,75
792,810,940,Sham19Y0148486,7154,993,1123,104,100
792,1,152,Shamela0008540,1360,1057,1200,91,74
792,1266,1546,Shamela0008540,1375,558,794,164,70
792,364,629,Shamela0001727,295,814,1127,107,31
792,1,187,Shamela0005756,4753,28,566,108,25
792,364,629,Shamela0004289,616,517,820,112,42
792,420,629,Sham19Y0122406,860,34,209,70,30
792,1270,1546,ShamAY0033531,865,829,1105,226,99
792,1,453,JK007107,194,87,520,100,17
792,1,453,Shamela0025800,1402,708,973,112,28
792,780,975,Sham19Y0013252,1834,1138,1318,100,57
793,1,517,Sham19Y0013769,620,277,967,337,55
793,133,517,Sham19Y0017747,466,945,1315,275,83
793,1170,1493,ShamAY0033522,140,985,1203,163,61
793,1170,1493,Sham19Y0127713,232,629,880,159,58
793,1170,1493,ShamAY0033531,854,93,424,251,89
793,1,517,ShamAY0033531,865,1105,1368,208,49
793,1185,1413,Sham19Y0018144,3943,474,700,184,98
793,1,657,Sham19Y0014224,351,173,1018,396,50
793,1170,1493,Shamela0000551,405,106,319,156,59
793,1164,1413,Sham19Y0020590,99,833,1100,202,90
794,318,958,Shamela0021495,97,659,1129,357,67
794,1103,1562,Sham19Y0017350,409,125,647,208,42
794,653,1066,Sham19Y0013769,606,485,852,267,78
794,1013,1562,Sham19Y0013769,607,314,872,304,62
794,323,1562,Shamela0010284,175,79,1025,684,65
794,239,810,Sham19Y0018328,422,506,786,189,41
794,818,1562,Sham19Y0017747,462,309,835,349,55
794,323,687,Sham19Y0017747,2722,533,873,153,38
794,645,854,Shia002616Vols,2421,1451,1613,105,58
794,174,1208,Shamela0008540,1359,265,1584,669,54
794,1208,1562,Shamela0008540,1360,1,340,267,94
794,318,495,Sham19Y0131521,492,379,537,123,85
794,354,872,Sham19Y0131521,1539,592,1126,208,36
794,244,1157,Shia002702Vols,2890,739,1647,592,75
794,1157,1562,Shia002702Vols,2891,1,406,303,89
794,332,1562,Shamela0011814,59,199,1135,681,66
794,433,1562,Shamela0011814,144,1,805,620,67
794,775,1518,Shamela0005756,2388,924,1615,510,81
794,281,1071,Sham19Y0014309,1668,254,792,408,63
794,645,872,Sham19Y0132524,521,856,1036,120,61
794,1013,1476,Sham19Y0014224,341,1072,1616,290,65
794,511,1124,Sham19Y0014224,341,22,642,440,83
794,164,367,Shamela0009242,1215,448,968,120,27
794,314,536,Sham19Y0014601,1807,1280,1502,177,99
794,536,790,Sham19Y0014601,1808,1,257,139,58
795,1,491,Sham19Y0017350,409,636,1138,342,78
795,799,1140,Zaydiyya0000015,184,494,1073,189,35
795,441,1534,Shamela0008540,1360,367,1200,542,58
795,532,917,Sham19Y0131521,1539,1126,1601,231,55
795,917,1162,Sham19Y0131521,1540,1,229,160,72
795,1,497,Shia002702Vols,2891,406,812,300,72
795,614,752,JK006950,1187,491,928,110,31
795,1105,1534,JK000201,904,485,829,252,72
795,1,302,Sham19Y0122406,869,248,543,208,80
795,302,491,Sham19Y0122406,869,1142,1336,124,69
795,789,1530,ShamAY0033531,858,609,1047,312,51
795,614,752,JK000381,6881,211,648,110,31
795,1,532,Sham19Y0014224,342,111,675,413,91
795,614,785,Sham19Y0020638,252,338,825,105,24
795,1271,1462,Sham19Y0013252,2467,1070,1216,114,75
795,770,1140,Shamela0009242,1210,1122,1417,216,71
795,595,785,Shamela0000137,2000,969,1236,145,66
795,508,785,Sham19Y0014601,1839,79,492,143,44
795,1177,1462,Shamela0021537,3096,911,1278,173,58
795,1174,1462,Shamela0021537,3103,66,479,172,52
796,1,604,Sham19Y0013667,2543,387,1121,411,68
796,169,556,Zaydiyya0000015,185,100,709,231,46
796,226,604,Shamela0008540,1361,1,364,265,87
796,693,1509,Shamela0008540,1362,742,1448,526,80
796,755,1099,Sham19Y0131521,1538,149,490,238,84
796,10,604,Sham19Y0131521,1540,839,1305,342,70
796,134,604,Shamela0005756,2394,178,775,275,53
796,700,1462,Shamela0005756,4740,531,855,256,41
796,763,1509,JK000201,900,827,1397,448,75
796,10,165,JK000201,904,825,980,126,100
796,620,1456,Sham19Y0122406,863,746,1248,270,39
796,145,604,ShamAY0033531,858,959,1454,364,91
796,768,1099,Sham19Y0013252,2467,12,339,235,86
796,10,270,Shamela0009242,1211,1183,1580,187,57
796,270,604,Shamela0009242,1212,1,336,268,97
797,1376,1598,Shamela0008540,1362,379,665,154,62
797,146,640,Shamela0008540,1363,788,1278,384,97
797,902,1317,Sham19Y0122406,874,603,1007,282,76
797,1459,1598,ShamAY0033531,851,308,446,117,99
797,183,596,Sham19Y0013252,2467,310,714,310,93
798,813,1157,Sham19Y0020944,217,192,591,265,84
798,813,1157,ShamAY0034256,229,141,527,264,86
798,948,1157,JK007083,60,1,211,168,99
798,813,1007,Sham19Y0016584,533,1267,1490,143,81
798,817,1179,Sham19Y0148486,1243,504,905,266,82
798,83,335,Sham19Y0148486,1252,346,664,171,65
798,773,1170,Shamela0006610,286,164,522,274,86
798,1014,1157,ShamAY0038116,53,1,160,114,89
798,773,1157,JK009390,7003,673,1051,249,75
798,773,1170,Sham19Y0017747,468,718,1101,272,83
798,813,975,JK000977,494,1204,1385,109,71
798,975,1162,JK000977,495,1,179,123,79
798,773,1157,JK006897,111,819,1192,280,87
798,773,1162,Shamela0021744,570,950,1271,218,64
798,858,1157,Shamela0021744,573,1,519,224,52
798,813,1157,JK000110,105,475,862,261,85
798,773,1162,Shia000841Vols,1757,759,1146,289,91
798,773,1162,JK000299,490,774,1095,218,64
798,757,1123,JK000299,492,1159,1497,245,80
798,813,1157,Shamela0008540,1359,25,420,256,82
798,773,1162,Sham19Y0006538,430,153,538,279,84
798,887,1157,Shamela0011428,684,1,266,197,87
798,817,1157,Sham19Y0131521,1536,179,582,262,82
798,299,1065,Sham19Y0131521,1542,876,1510,409,61
798,773,1170,Shamela0021590,354,932,1325,285,86
798,773,1157,Shamela0021590,355,1141,1514,279,88
798,773,1157,Shamela0021590,356,122,699,281,60
798,813,1157,Shamela0021715,931,287,673,260,85
798,813,1157,Sham19Y0016684,266,5,392,261,85
798,817,1157,Shamela0001727,296,739,1094,269,95
798,89,335,Shamela0001727,298,73,389,171,67
798,813,1157,JK000916,15827,522,904,245,77
798,773,1170,Sham19Y0017757,54,999,1377,281,88
798,813,1157,Shamela0003118,4636,350,715,246,80
798,813,1052,Sham19Y0020868,333,1201,1466,173,82
798,773,1162,Shamela0026568,1043,895,1319,268,78
798,813,1065,JK000786,405,1193,1452,167,74
798,813,1060,JK000786,3868,1178,1433,164,74
798,813,1170,Sham19Y0013572,223,347,725,267,85
798,137,335,Shamela0009810,468,532,745,140,79
798,813,1157,Shamela0005756,2385,1088,1457,252,86
798,137,420,Shamela0005756,4737,232,519,184,75
798,817,1157,Shamela0005756,4737,884,1268,261,85
798,817,1080,Sham19Y0127677,5019,1180,1444,174,76
798,773,1060,Shamela0004473,1965,1260,1533,194,86
798,137,335,Shia001731Vols,246,519,732,140,79
798,817,1157,Shamela0117359,287,283,686,262,82
798,773,1157,Kraken230106005528,557,371,704,242,78
798,787,1157,Shamela0000427BK2,1510,341,829,269,67
798,813,1157,JK007049,36,501,851,236,79
798,773,1170,Sham19Y0014309,1667,1131,1491,258,82
798,787,1162,Sham19Y0017903,282,804,1206,275,84
798,813,1157,Sham19Y0020878,2597,649,1035,263,86
798,1,328,Shia001831Vols,198,630,775,71,26
798,768,1157,JK006950,1187,144,555,272,81
798,768,1002,JK006950,1209,134,365,152,79
798,827,1157,ShamAY0033181,324,1170,1522,257,91
798,783,1157,Masaha004231Vols,522,1062,1451,269,83
798,777,1157,Shamela0006366,597,466,871,285,86
798,858,1157,Shamela0006366,620,270,1302,238,28
798,813,1157,JK000201,903,885,1067,115,40
798,846,1157,JK000477,303,32,354,234,90
798,817,1065,Shamela0004289,583,1153,1436,191,85
798,817,1157,Shamela0004289,618,779,1136,269,94
798,817,1157,ShamAY0032850,2,762,1137,265,89
798,773,1162,Shamela0023685,1218,734,1166,270,77
798,1007,1157,Shamela0001975,362,865,1021,119,95
798,817,1157,Sham19Y0122406,862,215,570,269,95
798,173,335,Sham19Y0122406,866,24,186,129,100
798,968,1157,Shia002265Vols,2285,400,599,128,80
798,846,1157,JK009324,343,9,335,241,93
798,851,1157,Shamela0037837,279,600,910,235,94
798,817,1157,Sham19Y0001734,1081,428,813,258,84
798,887,1075,Sham19Y0132524,520,569,768,148,93
798,817,1170,Shamela0001875,403,371,745,274,92
798,1007,1157,Sham19Y0037618,1347,419,567,118,98
798,817,1157,Shamela0001438,7078,904,1249,229,77
798,813,1060,Sham19Y0018106,461,1184,1460,182,84
798,887,1157,JK000381,6881,1,275,216,98
798,787,1107,Sham19Y0018144,645,1130,1444,211,77
798,858,1170,Zaydiyya0000162,2217,779,1087,240,96
798,773,1182,JK007107,193,745,1156,292,87
798,813,1157,Sham19Y0018103,586,754,1142,261,84
798,836,1157,Shamela0025800,1407,1,358,251,88
798,173,335,Shamela0025800,1408,12,174,129,100
798,777,1157,Shamela0096283,53,957,1390,270,76
798,787,1162,Sham19Y0017729,144,233,620,278,88
798,1007,1157,Shamela0021659,471,762,918,119,95
798,817,1170,ShamAY0034005,272,405,807,268,83
798,985,1179,Sham19Y0131336,612,7,217,137,81
798,787,1162,Sham19Y0020638,252,25,407,278,89
798,871,1157,Shamela0012981,468,1,310,220,89
798,817,1157,Shia001976Vols,1016,994,1386,260,83
798,813,1157,Sham19Y0013252,1317,633,1021,261,84
798,191,1505,Sham19Y0013252,2468,168,1215,754,71
798,851,1162,Kraken2108092202141,212,885,1210,229,89
798,813,1162,JK000022,1611,86,458,228,72
798,817,1157,Sham19Y0146127,631,258,638,262,87
798,161,346,Sham19Y0146127,635,732,899,99,59
798,768,1252,Shamela0000551,410,534,928,232,59
798,813,1170,JK007065,101,146,532,265,85
798,813,948,Sham19Y0018176,233,1305,1468,99,78
798,817,1157,Shamela0000137,489,687,1047,252,85
798,137,401,Shamela0000137,1966,595,886,184,73
798,89,335,Sham19Y0014601,1840,1173,1483,166,65
798,773,1170,Shamela0022644,752,1061,1452,285,86
798,773,1060,Shamela0022644,753,286,1056,201,33
798,851,1157,Sham19Y0013605,894,76,397,237,93
798,757,982,Shamela0010517,1091,1323,1524,136,73
799,1207,1571,Sham19Y0123510,656,570,1031,135,28
799,943,1416,Shia001432Vols,7337,135,433,232,61
799,593,1039,Sham19Y0017350,399,788,1447,241,41
799,615,1159,Sham19Y0013667,2588,666,1383,289,41
799,684,948,Sham19Y0013769,602,1037,1482,180,46
799,577,1388,Sham19Y0017747,463,5,847,438,57
799,611,1278,Shamela0008540,1344,117,1173,467,53
799,745,1176,Shamela0021590,350,848,1197,195,50
799,203,584,Shamela0001727,298,1105,1318,107,32
799,1459,1571,Shamela0001727,300,5,336,79,30
799,618,1078,Shamela0005756,2650,126,1196,303,33
799,615,844,Shamela0005756,4750,210,520,163,60
799,176,584,Sham19Y0017903,281,258,532,117,30
799,244,1388,Shia001831Vols,198,929,1543,299,29
799,273,1202,Shia000068,96,779,1380,484,63
799,203,584,Sham19Y0122406,869,719,932,107,32
799,176,584,JK000990,413,287,534,113,31
799,1202,1571,JK000990,416,770,1078,244,83
799,1215,1571,JK007107,192,69,503,199,51
799,1339,1571,Shamela0025800,1408,727,1098,160,53
799,203,1143,Sham19Y0014224,338,629,1202,314,37
799,1207,1571,ShamAY0035950,251,973,1400,126,27
799,1220,1516,Sham19Y0020638,254,1,585,187,38
799,1207,1512,JK000475,117,469,1062,164,33
799,1207,1571,Shia000820Vols,239,272,742,129,27
799,203,584,Sham19Y0017616,99,730,958,107,31
799,338,877,Sham19Y0014601,1806,700,1298,140,20
799,203,584,Sham19Y0014601,1822,1237,1451,108,32
799,196,1133,Sham19Y0013605,980,583,1544,307,28
799,203,584,Shamela0010517,399,923,1136,107,32
799,203,584,Shamela0010517,605,533,746,107,32
800,56,428,Shia001432Vols,7337,438,627,131,43
800,319,550,Sham19Y0013667,2589,1,223,168,91
800,222,550,Shamela0008540,1345,130,436,214,77
800,635,1030,Shamela0008540,1356,976,1408,284,76
800,94,598,Shamela0001727,299,26,744,128,17
800,217,555,Shamela0005756,2655,221,547,211,70
800,222,563,ShamAY0033522,137,550,868,227,79
800,180,457,Shamela0021597,600,1148,1472,114,34
800,457,563,Shamela0021597,601,1,102,78,93
800,642,898,Shamela0009702,618,836,1097,194,90
800,1302,1545,JK000990,414,978,1181,139,67
800,188,568,Sham19Y0127713,229,690,901,148,50
800,511,1545,ShamAY0033531,847,621,1492,454,48
801,819,1043,Shia001432Vols,7337,694,917,172,98
801,317,1030,Shamela0021495,98,321,835,316,55
801,793,960,Sham19Y0013667,2614,1325,1490,101,77
801,584,1414,Sham19Y0013769,612,130,727,376,53
801,356,800,Sham19Y0017747,464,394,803,202,49
801,745,1130,Shia000841Vols,1734,1115,1490,295,96
801,1130,1513,Shia000841Vols,1735,15,362,267,88
801,730,1043,Shamela0008540,1241,312,581,199,81
801,787,1049,Shamela0011428,587,246,529,166,67
801,381,679,Shamela0005756,2659,1093,1381,220,83
801,730,1043,Shamela0005756,4664,1083,1362,209,84
801,730,1043,JK000201,925,520,798,208,84
801,1,432,JK000990,414,1181,1421,189,54
801,673,1513,JK000990,415,1,687,480,70
801,43,574,ShamAY0033531,848,1,524,424,98
801,424,1414,Sham19Y0014224,345,1,763,480,54
801,120,408,Sham19Y0013605,896,266,395,93,40
802,840,1397,Shia001432Vols,7337,946,1444,389,86
802,525,723,Shamela0001719,236,320,479,122,77
802,746,1019,Shamela0001719,237,782,1294,170,39
802,1015,1501,Shamela0001719,238,143,681,237,47
802,21,1232,Shia000841Vols,1735,339,1470,660,63
802,855,1015,Shamela0021715,2038,1,136,83,63
802,840,1355,JK009324,856,117,545,199,45
802,1,1384,JK000990,415,687,1460,571,51
802,855,1090,Shamela0011036,615,371,738,167,56
802,844,1501,Shia002119Vols,449,53,1061,343,39
803,838,1107,Shamela0021848BK3,377,818,1031,153,68
803,1213,1513,Shamela0021848BK3,382,358,653,225,91
803,821,1213,Sham19Y0013667,2591,119,530,283,79
803,1277,1517,Sham19Y0013667,2591,1147,1411,173,83
803,1280,1517,Sham19Y0013769,617,677,1027,133,43
803,90,548,Sham19Y0013769,2155,1027,1347,159,34
803,85,350,Sham19Y0148486,7237,1093,1311,129,58
803,157,634,Shamela0008176,1473,33,298,176,45
803,85,622,Sham19Y0017747,463,1081,1400,242,56
803,85,241,Shamela0001719,239,433,624,112,68
803,328,667,Shamela0001719,240,729,1062,214,76
803,1,821,Shia000841Vols,1736,141,894,537,75
803,812,1213,Shia000841Vols,1737,558,887,237,72
803,821,1213,Shamela0008540,1347,349,744,283,82
803,1292,1517,Shamela0008540,1348,1,241,157,83
803,328,556,Sham19Y0131521,1529,922,1133,148,81
803,1045,1431,Sham19Y0131521,1541,1181,1549,201,66
803,328,667,Sham19Y0127660,1287,393,731,211,76
803,423,627,Sham19Y0127660,1925,10,207,141,86
803,90,241,Shamela0021715,2038,613,744,102,83
803,1235,1517,Shamela0005756,2393,527,814,171,73
803,1213,1477,Shamela0005756,2396,342,523,127,59
803,829,1517,Shamela0005756,2660,686,1290,397,70
803,901,1213,Shamela0005756,4746,1,273,204,78
803,345,634,Shamela0000894,384,1136,1423,190,81
803,157,622,ShamIbadiyya0000433,335,20,208,127,34
803,821,1452,ShamAY0033522,137,909,1479,451,89
803,94,627,ShamAY0033522,139,143,769,393,75
803,308,566,Shamela0012399,437,443,676,174,84
803,85,671,JK000990,416,14,470,355,75
803,825,1262,Sham19Y0127713,230,861,1494,276,50
803,1262,1483,Sham19Y0127713,231,1,219,160,88
803,148,622,Shia001845Vols,169,728,1081,270,70
803,157,525,Sham19Y0018144,3955,1,279,196,63
803,372,622,Sham19Y0036114,785,1334,1541,133,67
803,332,622,Shamela0010657,5,317,603,189,82
803,476,622,Sham19Y0014224,339,4,140,102,89
803,1302,1517,Sham19Y0014224,350,1,388,141,43
803,16,667,Shamela0011036,616,46,762,364,53
803,157,622,Shamela0000551,402,344,621,208,55
803,90,622,Sham19Y0122257,708,730,1276,323,60
803,995,1477,Sham19Y0013605,895,285,686,214,46
804,10,512,Shamela0021848BK3,382,645,1130,357,86
804,479,688,Kraken220314171616,196,702,897,113,67
804,89,381,Shamela0021495,98,698,903,158,67
804,183,469,Sham19Y0013769,614,159,312,85,34
804,1297,1493,Shamela0006610,278,1026,1210,136,84
804,1297,1493,Shamela0008176,1498,549,750,149,93
804,1041,1275,Sham19Y0017747,475,1,234,177,92
804,1269,1493,Shamela0005803,243,16,214,147,83
804,1269,1493,JK000977,502,691,887,145,83
804,1297,1493,JK006897,125,1306,1493,139,87
804,183,479,Shamela0008540,1348,799,1116,189,65
804,1269,1493,Shamela0025794,842,217,412,144,82
804,1348,1452,ShamAY0034015,16,329,437,81,96
804,1269,1493,Shamela0001727,300,1043,1240,147,84
804,521,673,Shamela0012036,121,241,378,103,84
804,1297,1456,Shia002702Vols,7163,610,763,109,82
804,1269,1497,Sham19Y0013572,225,830,1036,142,76
804,512,700,Sham19Y0013572,553,423,595,124,80
804,187,479,Shamela0005756,2658,100,395,178,63
804,1297,1493,Shamela0005922,1072,232,412,134,88
804,1292,1493,Shamela0000427BK2,1546,655,858,144,86
804,521,673,JK000208,648,1065,1201,103,84
804,994,1113,Sham19Y0014309,1670,270,411,91,82
804,1292,1497,Sham19Y0014309,1674,960,1160,131,78
804,1333,1493,Tafsir09050,4169,1,172,117,83
804,1280,1497,Sham19Y0017903,327,305,507,151,88
804,700,942,JK000201,1179,487,744,192,91
804,1269,1493,Shamela0004289,697,428,625,147,84
804,1280,1487,Shamela0023628,3305,377,576,139,81
804,479,628,Sham19Y0122406,876,905,1190,116,50
804,1323,1506,Sham19Y0122406,880,1152,1339,119,72
804,1352,1493,Sham19Y0145212,914,1,151,110,94
804,1280,1493,Shamela0001456,63,871,1049,129,76
804,1311,1493,Sham19Y0132524,530,1357,1537,138,96
804,1280,1493,Shamela0001875,461,1146,1349,152,89
804,74,490,ShamAY0033531,848,520,942,336,98
804,1001,1201,ShamAY0033531,1140,895,1095,152,97
804,1297,1493,Kraken230110004547,235,385,551,123,78
804,1280,1493,Sham19Y0018106,2669,77,270,143,83
804,1297,1497,Shamela0036446,206,1170,1345,128,78
804,1297,1493,JK007107,187,495,687,149,97
804,1280,1493,Sham19Y0018103,2555,438,625,143,85
804,1283,1493,Shamela0025800,1414,20,229,155,90
804,1280,1497,Sham19Y0017729,167,166,368,151,90
804,1283,1497,Shamela0010657,464,418,621,149,86
804,521,673,Shamela0026535,238,333,472,103,83
804,490,673,Sham19Y0020638,254,968,1141,120,77
804,1269,1497,Sham19Y0020638,254,1162,1373,154,86
804,1269,1497,ShamAY0031687,220,246,451,146,80
804,1297,1493,Shamela0021766,4273,863,1059,138,82
804,1280,1493,Sham19Y0013252,6389,330,523,143,83
804,1297,1493,Shamela0009242,1183,419,585,123,76
804,479,688,Shamela0021843,540,281,476,113,67
804,1280,1456,Sham19Y0020891,4036,220,387,110,71
804,1280,1493,JK007065,102,1064,1262,140,78
804,1280,1493,Sham19Y0018176,1464,502,689,143,85
804,1297,1493,Sham19Y0122257,717,86,274,139,86
804,1297,1497,Shamela0008360,158,956,1149,140,85
804,1292,1493,Shamela0021743,223,680,872,140,85
804,39,540,Sham19Y0013605,982,541,832,154,35
804,1280,1493,Sham19Y0013605,3128,463,650,143,85
805,672,896,Sham19Y0013667,2133,908,1113,123,70
805,323,634,Sham19Y0013667,2139,683,1035,184,62
805,285,667,ShamAY0035955,356,553,966,270,77
805,61,656,Shamela0008176,1498,898,1346,337,70
805,675,896,Shamela0001719,3486,127,332,132,77
805,104,695,Shamela0008540,1721,90,583,358,75
805,775,896,Shamela0001727,301,6,127,95,100
805,566,896,ShamAY0033910,199,590,910,163,61
805,741,839,Shamela0005756,4297,32,391,72,25
805,672,896,Shamela0005756,4298,272,470,130,74
805,679,839,Shamela0001673,2553,875,1234,94,34
805,323,656,Shamela0001515,160,1063,1397,205,66
805,746,896,Sham19Y0017903,327,1167,1304,107,91
805,116,656,JK000201,1187,127,722,368,71
805,672,896,Shamela0004289,698,767,948,120,69
805,733,896,Sham19Y0122406,880,587,736,102,80
805,139,634,Sham19Y0122406,881,1,502,257,57
805,746,914,Sham19Y0132524,531,797,953,112,85
805,200,496,ShamAY0033531,1137,1253,1496,192,81
805,303,509,Shia004549Vols,29,832,1030,116,66
805,746,896,Sham19Y0017729,167,1023,1160,107,91
805,687,896,ShamAY0034005,230,990,1182,128,78
805,566,924,Sham19Y0020638,255,590,852,149,51
805,746,896,Sham19Y0127663,817,1143,1280,107,91
805,566,896,JK000475,214,424,742,151,52
805,303,620,Shamela0009873,618,1204,1506,184,65
805,200,662,Sham19Y0013252,2208,954,1395,309,77
805,200,704,Shamela0009242,1184,385,830,306,71
805,303,656,Sham19Y0020891,4036,705,1068,219,68
805,43,656,Sham19Y0122257,717,552,1103,416,84
805,687,896,JK011499,59,649,829,113,69
805,200,469,Sham19Y0013605,1422,1290,1497,140,64
805,492,872,Sham19Y0013605,1423,6,677,162,27
806,512,1119,Shamela0021495,100,434,1026,368,65
806,1242,1484,Shia000841Vols,1705,1006,1290,113,41
806,1242,1525,Shamela0008540,1717,321,556,173,74
806,507,907,Shamela0006227,241,961,1423,149,32
806,1298,1525,Sham19Y0017063,249,243,411,123,64
807,1,308,Shamela0008540,1717,556,849,216,85
807,385,560,Shamela0001727,301,762,1042,102,48
807,385,542,Sham19Y0149213,1017,1065,1315,101,51
807,402,784,JK007065,1115,1200,1520,179,52
807,784,983,JK007065,1116,1,198,139,83
808,69,439,Sham19Y0020561,1369,752,1162,218,55
808,69,439,Sham19Y0020944,211,962,1283,185,61
808,388,556,Sham19Y0018259,90,366,538,122,86
808,69,443,JK007083,52,1047,1362,208,65
808,384,627,Shamela0002864,870,302,550,149,73
808,69,351,Sham19Y0148486,918,1149,1432,170,69
808,202,627,Shamela0006610,216,712,1226,179,38
808,327,636,ShamAY0035035,1023,119,288,106,41
808,388,550,ShamAY0038116,120,1298,1465,107,78
808,435,566,Shamela0008176,1343,1151,1293,101,88
808,69,292,JK000977,505,988,1199,140,75
808,119,556,JK000977,506,1,916,197,22
808,115,292,Shamela0026324,1916,828,988,126,88
808,69,292,Shia002034Vols,2371,219,421,140,79
808,256,556,Shamela0012293,3149,5,276,166,60
808,26,374,Shamela0012293,3151,1236,1527,182,60
808,384,560,Shamela0012293,3152,1,184,138,94
808,86,627,Shamela0012293,3157,357,865,269,55
808,69,603,Shamela0001719,2336,934,1346,203,45
808,89,543,Shia000841Vols,1576,510,1018,243,51
808,384,556,Shamela0025794,1182,1102,1263,121,86
808,69,322,Sham19Y0131521,1489,1274,1522,159,75
808,26,556,Shamela0001727,302,411,1409,379,46
808,384,579,Sham19Y0013572,638,1208,1387,133,85
808,86,447,Sham19Y0127700,101,526,917,188,46
808,202,556,ShamAY0033910,262,1066,1491,178,51
808,115,292,Shia004456Vols,1229,612,790,143,99
808,407,556,Shamela0011385,1785,8,157,118,98
808,384,636,Shamela0022797,655,124,408,173,71
808,416,636,Shamela0005922,946,710,1245,171,39
808,202,603,Shamela0005922,949,1,415,171,38
808,307,556,JK000785,390,860,1100,128,64
808,420,556,JK000130,264,1,130,102,93
808,384,556,Shamela0008970,95,30,191,121,86
808,69,334,JK000271,51,1316,1560,181,84
808,69,556,Sham19Y0017903,262,618,948,245,62
808,1019,1383,Shia001831Vols,199,895,1074,134,46
808,115,292,Shamela0021713,116,157,334,143,100
808,89,439,ShamAY0033181,223,620,1273,181,33
808,69,361,Shamela0006366,434,1269,1516,187,79
808,214,351,Shamela0006366,444,356,497,95,70
808,1427,1597,JK000201,714,880,1043,126,86
808,69,292,Shamela0004289,572,475,683,154,86
808,129,636,Shamela0023685,1194,1257,1392,103,25
808,26,292,Sham19Y0122406,883,1085,1467,197,63
808,69,636,Sham19Y0122406,884,876,1494,299,51
808,119,621,Shamela0006227,203,528,919,214,50
808,435,556,Sham19Y0145212,822,1092,1213,94,96
808,384,556,ShamAY0032921,148,930,1092,111,76
808,18,279,Sham19Y0132524,532,1069,1288,148,71
808,214,700,Sham19Y0132524,533,506,1004,249,52
808,69,488,Shamela0001875,357,775,1446,256,44
808,384,556,Sham19Y0037618,4860,1351,1515,124,86
808,374,556,ShamAY0033531,814,778,1059,77,29
808,234,603,Sham19Y0018144,663,1,562,181,34
808,678,1303,Sham19Y0018144,3997,143,535,302,59
808,384,636,JK007107,119,1108,1457,195,68
808,44,374,JK007107,119,66,404,209,65
808,119,566,Shamela0005583,91,77,603,187,35
808,307,636,Shamela0025800,1339,1,399,207,58
808,327,636,Sham19Y0123608,326,892,1147,124,40
808,69,556,Sham19Y0017729,134,382,712,245,62
808,69,590,Shia003732Vols,3370,1090,1538,251,55
808,69,556,ShamAY0034005,206,452,1349,301,40
808,384,556,Sham19Y0131336,494,711,865,115,82
808,26,191,Sham19Y0020638,255,1232,1428,92,57
808,191,636,Sham19Y0020638,256,1,657,322,59
808,152,466,ShamAY0031687,269,1,380,163,51
808,388,550,ShamAY0031687,276,100,267,107,78
808,202,556,JK000475,244,1016,1421,176,52
808,69,439,Sham19Y0020591,376,454,863,200,57
808,18,556,Sham19Y0013252,11667,545,780,173,39
808,69,457,Sham19Y0146127,464,277,746,250,62
808,58,488,Shamela0008544,1345,1029,1436,243,64
808,69,488,Sham19Y0016599,1233,422,847,234,58
808,138,627,Shamela0009242,928,1,354,210,53
808,384,627,Shamela0009242,929,100,346,140,69
808,26,292,Sham19Y0017616,87,997,1240,183,84
808,115,292,ShamAY0033674,21,10,187,140,98
808,388,636,JK007065,580,920,1298,175,58
808,69,603,JK007065,1122,963,1389,177,33
808,86,556,ShamAY0036182,108,1061,1556,226,45
808,115,443,Sham19Y0017063,231,1,635,177,34
808,89,292,Sham19Y0014325,706,1222,1412,146,88
808,86,636,Shamela0008360,139,682,846,119,26
808,119,556,Shamela0010517,709,485,900,160,39
809,1295,1475,Shia001432Vols,38882,805,977,137,95
809,1349,1482,Kraken220314171616,162,1,134,107,98
809,1304,1482,JK001014,8,197,380,141,95
809,1309,1488,Sham19Y0017747,436,404,585,130,84
809,1309,1482,Shia000841Vols,1576,1396,1632,131,68
809,357,733,Shia000841Vols,1576,634,885,93,22
809,357,733,Shamela0001727,302,715,1107,61,10
809,689,1482,Sham19Y0127700,448,808,1389,308,44
809,357,733,Shamela0005922,949,13,259,96,24
809,10,347,Sham19Y0014309,1600,355,671,234,83
809,1313,1482,Shia001831Vols,199,1123,1302,135,92
809,357,733,Shamela0006366,444,356,497,95,31
809,10,347,JK000201,714,1043,1374,263,92
809,1,347,ShamAY0033531,792,594,936,280,98
809,1019,1284,ShamAY0033531,816,1040,1240,132,56
809,357,733,Sham19Y0020638,256,24,269,91,22
809,1313,1482,Masaha001946Vols,1199,345,525,130,85
809,1019,1284,Shamela0009242,928,1300,1500,132,56
810,574,674,Shamela0000963,406,1437,1538,78,99
810,401,574,Sham19Y0017747,451,1,196,135,83
810,1348,1506,JK000977,509,953,1096,107,82
810,1251,1502,JK006897,97,30,200,126,61
810,1255,1502,JK000110,204,824,984,123,62
810,1348,1502,ShamAY0031741,210,353,471,93,75
810,1348,1502,Shamela0025794,707,423,566,111,87
810,1348,1502,Shamela0001727,304,552,695,111,87
810,1251,1502,Shamela0005756,3695,823,994,127,62
810,1127,1502,Shamela0010639,83,868,1321,204,49
810,1348,1515,Sham19Y0127677,4793,146,293,109,82
810,1221,1502,Shamela0022645,427,1068,1277,150,65
810,1231,1502,Shamela0008381,1618,114,313,141,62
810,83,1221,Sham19Y0014309,1596,21,745,520,55
810,1348,1502,JK000785,389,490,632,105,84
810,11,250,JK000201,723,1221,1373,119,62
810,1348,1502,Sham19Y0122406,888,1060,1203,111,87
810,1073,1502,Shia002265Vols,2557,1012,1408,160,38
810,1251,1492,Sham19Y0145212,857,617,952,183,67
810,1348,1502,Shamela0037837,229,980,1115,108,87
810,1127,1502,Shamela0001875,372,911,1200,148,49
810,1300,1502,Shamela0001438,6803,1230,1475,131,62
810,674,821,ShamAY0033531,822,523,671,117,96
810,401,574,ShamAY0033531,830,857,1056,128,79
810,1127,1502,ShamAY0034134,460,829,1254,204,52
810,1251,1511,ShamAY0034134,463,4,595,174,34
810,1251,1502,Sham19Y0018106,757,622,787,127,63
810,7,175,JK007107,127,224,541,124,50
810,1251,1502,Sham19Y0018103,873,462,627,127,63
810,1348,1502,Shamela0021723,527,574,708,107,87
810,1083,1502,Shamela0096283,91,1095,1450,145,32
810,414,827,Sham19Y0014224,290,578,932,266,80
810,1251,1502,Sham19Y0013252,1852,1113,1278,127,63
810,1348,1502,Sham19Y0013252,1853,1075,1210,108,87
810,1348,1502,Shamela0012052,339,991,1125,107,87
810,1251,1502,Sham19Y0018176,401,749,914,127,63
810,1079,1502,Shamela0000137,1545,1048,1540,163,31
810,674,821,Sham19Y0014601,1785,322,468,114,93
810,827,1221,Sham19Y0013605,1265,286,510,169,53
810,1251,1502,Sham19Y0013605,1266,1009,1174,127,63
810,1251,1506,Shamela0021537,3079,861,1050,138,64
810,7,475,Shamela0010517,655,488,907,159,37
811,11,304,Sham19Y0017350,469,34,426,232,70
811,68,304,Sham19Y0013769,702,614,1150,178,39
811,1,390,Shamela0008540,1338,788,1144,261,79
811,1,361,Shamela0000432,4912,1183,1557,287,92
811,361,477,Shamela0000432,4913,1,116,90,99
811,200,457,Sham19Y0017437,575,416,663,182,87
811,1,395,Shamela0005756,3696,732,1084,255,76
811,97,383,Sham19Y0014309,3128,255,541,235,100
811,1,344,Shia001845Vols,178,1100,1360,175,59
811,97,477,ShamAY0033531,835,717,1058,278,89
811,68,354,Sham19Y0014224,421,1164,1561,201,59
811,354,477,Sham19Y0014224,422,17,140,97,100
811,1440,1614,Shamela0011036,737,279,461,132,87
811,17,457,Sham19Y0016599,1260,409,722,165,46
811,1300,1614,Sham19Y0122257,674,854,1129,93,23
811,200,457,Shamela0000137,1547,791,1038,183,83
811,1,477,Sham19Y0014601,1797,154,622,380,97
811,570,1180,Sham19Y0014601,1798,19,853,463,69
811,162,434,Sham19Y0017063,237,1173,1431,159,63
812,76,591,JK006833,244,899,1321,177,36
812,1170,1507,Sham19Y0017350,455,371,543,119,42
812,1106,1496,Sham19Y0013769,682,450,812,237,67
812,1149,1496,Shamela0000963,397,1096,1377,206,70
812,1308,1511,ShamAY0035035,1281,1319,1498,140,85
812,895,1087,Shamela0008176,1385,1110,1485,124,39
812,63,367,JK000314,44,177,512,154,48
812,1334,1507,Shamela0008540,1192,1009,1160,102,72
812,76,453,Shamela0025794,4711,491,906,158,39
812,63,367,Shamela0025794,4973,16,330,161,56
812,66,367,Shamela0025794,5011,915,1273,149,48
812,76,367,Shamela0001727,304,898,1184,165,64
812,109,367,Shia002069Vols,427,668,902,149,65
812,109,367,Shia001960,332,446,664,152,70
812,109,453,ShamAY0033910,434,80,407,155,46
812,63,604,Shamela0005756,5202,502,1075,212,35
812,63,466,Shamela0001673,2937,934,1502,221,43
812,76,453,Shamela0011816,115,1054,1391,141,37
812,109,453,JK000130,435,319,646,155,46
812,76,453,Shamela0022547,2355,777,1124,182,55
812,131,367,ShamAY0032868,6,6,246,140,69
812,76,453,Sham19Y0020879,492,53,459,155,39
812,63,284,Shamela0008473,4183,1199,1481,150,65
812,63,367,Sham19Y0132524,537,1024,1346,171,55
812,104,367,JK008250Vols,578,924,1132,130,59
812,76,367,Sham19Y0018569,42,1121,1389,165,66
812,143,475,Shamela0025800,3170,1,387,172,51
812,821,1570,Sham19Y0014224,400,654,1288,355,49
812,76,458,Sham19Y0020638,258,184,585,180,50
812,109,453,JK000475,458,894,1227,157,46
812,1308,1511,Shamela0011036,735,1324,1524,140,80
812,895,1166,Sham19Y0016976,437,291,671,129,39
812,1302,1511,Sham19Y0023625,795,877,1059,142,83
812,63,367,JK007065,1335,1106,1417,168,57
812,821,1149,Sham19Y0122257,673,1141,1548,143,36
812,914,1079,Sham19Y0014601,1768,456,610,117,87
812,816,1166,Sham19Y0017063,235,419,888,161,34
812,76,367,Sham19Y0148271,2307,352,638,165,64
812,66,342,JK000030,170,1047,1449,192,59
812,63,453,ShamAY0033760,148,978,1366,182,48
812,895,1166,JK000698,110,825,1195,96,23
812,821,1166,Shamela0008360,144,647,1081,148,31
812,1079,1496,Shamela0010517,511,780,1200,338,99
813,980,1473,Sham19Y0013769,719,574,1264,279,44
813,1,1386,Shia001831Vols,200,238,1026,417,34
813,799,927,ShamAY0033531,1190,741,868,100,96
813,1,332,Sham19Y0014224,400,1288,1591,153,52
813,932,1250,Sham19Y0014224,432,251,524,197,70
813,1156,1593,Sham19Y0023625,839,235,768,256,56
813,1065,1348,Sham19Y0122257,684,4,192,143,61
814,91,275,Shia001432Vols,28497,159,355,104,62
814,1094,1423,Shia001432Vols,28502,117,441,250,93
814,1094,1411,Sham19Y0017350,470,853,1196,219,74
814,310,477,Sham19Y0013769,2250,218,406,123,80
814,310,1106,Shamela0008176,1410,511,1168,420,59
814,1075,1411,Shamela0008176,3334,772,1103,217,70
814,1084,1411,Sham19Y0017747,452,740,1004,183,65
814,1468,1597,Sham19Y0131521,775,1392,1521,86,75
814,1460,1597,Shamela0021715,1356,1254,1582,89,32
814,1434,1597,Sham19Y0127700,449,768,927,124,93
814,180,944,Sham19Y0127677,10661,17,557,258,36
814,310,944,Sham19Y0014309,1080,990,1480,230,35
814,1,227,Shia001831Vols,200,1159,1289,96,53
814,281,787,JK000201,4098,1078,1585,411,99
814,787,944,JK000201,4099,1,158,125,99
814,1089,1451,Sham19Y0122406,901,382,709,171,55
814,1106,1301,Shia002265Vols,5657,119,254,106,68
814,1106,1427,Shia002265Vols,5661,663,987,249,94
814,1094,1369,Sham19Y0132524,543,1238,1482,159,66
814,1094,1411,ShamAY0033531,1191,335,667,241,86
814,1155,1281,Sham19Y0014224,426,799,926,95,92
814,1075,1411,Shamela0009242,964,563,866,205,72
814,1089,1411,Sham19Y0023625,823,513,815,241,91
814,72,960,Sham19Y0017063,239,417,1222,494,57
815,1428,1591,Sham19Y0013667,2339,25,213,120,80
815,1084,1245,Sham19Y0148486,1867,504,1333,96,13
815,1103,1245,Shamela0006610,291,576,708,89,77
815,1084,1580,Shamela0008540,785,186,681,222,47
815,751,1103,Sham19Y0131521,1207,6,797,173,25
815,1018,1199,Shamela0001727,312,875,1467,148,30
815,1103,1255,Sham19Y0013572,920,1243,1530,113,47
815,1,136,Sham19Y0127700,449,927,1076,98,76
815,1165,1591,Sham19Y0122096,387,948,1186,120,28
815,579,949,Shia001831Vols,201,1,623,178,35
815,1084,1233,Sham19Y0145212,674,789,968,122,83
815,1084,1292,JK007107,200,276,557,136,58
815,1084,1249,Sham19Y0017791,272,159,330,131,94
815,1018,1245,ShamAY0035950,750,1245,1476,153,78
815,1103,1377,Sham19Y0018272,138,1269,1476,136,59
815,1006,1245,Sham19Y0016976,371,215,465,147,71
815,746,890,Sham19Y0122257,609,1429,1560,98,85
815,1084,1245,Sham19Y0014119,120,951,1117,130,95
815,1084,1245,Sham19Y0017063,179,408,825,129,38
815,1084,1272,Shamela0008360,106,358,567,139,83
816,1127,1439,Sham19Y0013667,2343,246,548,241,94
816,801,1057,Shamela0012293,3522,517,983,94,23
816,612,915,Shamela0008540,785,1183,1497,171,60
816,1127,1430,Shamela0008540,787,109,411,242,96
816,1127,1439,Shamela0005756,3089,8,345,245,87
816,415,657,ShamAY0033522,100,1,244,189,97
816,197,629,Shamela0011036,566,1014,1464,338,93
816,549,661,Shamela0000551,286,119,231,83,96
816,6,319,Sham19Y0013605,1112,881,1380,159,33
817,1129,1383,JK000977,528,345,741,163,49
817,919,1353,JK006897,71,309,718,169,46
817,887,1506,Shia000841Vols,1378,131,757,244,34
817,1003,1549,Shamela0008540,748,940,1360,315,72
817,1248,1549,Sham19Y0131521,914,802,1167,201,64
817,1,426,Sham19Y0131521,961,372,686,164,47
817,1126,1387,Shamela0001727,314,1092,1393,177,69
817,1013,1242,Sham19Y0013572,940,397,827,167,47
817,986,1343,Shamela0005756,3094,1181,1519,241,80
817,1036,1238,Shamela0011385,3413,579,883,126,49
817,1,426,Shamela0001673,1907,842,1169,156,41
817,891,1161,Shamela0001673,1911,1194,1509,97,27
817,1087,1238,Sham19Y0017903,225,658,862,114,70
817,492,900,Shia001831Vols,201,750,1118,276,81
817,1136,1506,JK000201,533,7,700,148,26
817,1126,1362,JK000201,1218,353,580,116,61
817,1126,1549,Sham19Y0122406,906,1269,1455,141,41
817,612,1506,Sham19Y0122406,4637,897,1397,327,43
817,1126,1328,Sham19Y0122406,4638,62,248,92,57
817,946,1549,ShamAY0033531,478,459,1077,468,92
817,1101,1238,Sham19Y0018144,516,25,146,95,86
817,946,1353,JK007107,87,908,1499,174,30
817,1,415,ShamAY0035990,125,556,774,156,44
817,1013,1238,Shamela0025800,1437,1299,1520,123,59
817,1055,1238,Shamela0025800,1944,952,1156,120,73
817,1087,1506,Sham19Y0017729,119,592,1028,170,39
817,937,1116,Sham19Y0020638,263,1175,1498,115,42
817,1081,1506,Sham19Y0020638,264,404,804,200,49
817,1036,1549,Sham19Y0013252,1097,44,499,93,14
817,319,466,Shamela0011036,568,109,251,113,92
817,1126,1362,Shamela0009242,1323,1207,1437,116,61
817,911,1374,Sham19Y0017616,79,442,1198,168,22
817,1013,1374,JK007065,903,16,645,163,28
817,19,217,Sham19Y0122257,535,1330,1522,144,88
817,217,466,Sham19Y0122257,536,1,236,187,91
817,1129,1506,Shamela0000137,1104,9,651,205,35
817,950,1353,Sham19Y0014601,1133,1,559,190,41
818,1024,1169,Shamela0007891,306,15,167,111,91
818,1024,1169,Shamela0000767,755,407,552,111,95
818,1,255,Shamela0008540,748,1360,1594,183,89
818,255,812,Shamela0008540,749,1,615,356,63
818,1063,1435,Sham19Y0131521,492,868,1110,154,47
818,194,812,Shamela0021715,1222,798,1238,157,30
818,1024,1169,Shamela0001727,314,567,711,111,96
818,357,782,Shamela0000432,5115,1156,1566,332,96
818,1058,1404,JK011184,272,1158,1369,163,59
818,138,686,Shamela0005756,1890,1149,1539,276,60
818,707,878,Shamela0005756,1891,1,217,128,68
818,1,357,Shamela0005756,3095,186,528,267,93
818,80,251,Sham19Y0122096,388,397,573,116,75
818,1053,1169,Sham19Y0017903,215,1,116,91,99
818,1063,1310,Shia001831Vols,201,1237,1376,104,53
818,1039,1169,Shamela0004289,494,1,130,102,99
818,1024,1169,Sham19Y0122406,906,744,888,111,96
818,357,812,Sham19Y0122406,907,229,547,170,42
818,1016,1169,Sham19Y0122406,4637,1351,1502,112,93
818,666,1169,JK009324,487,450,1209,194,27
818,638,805,Shamela0001685,83,483,672,72,42
818,357,894,Sham19Y0132524,548,735,1246,200,34
818,1024,1169,Sham19Y0149697,10986,57,201,111,96
818,1,350,ShamAY0033531,478,1077,1426,280,100
818,194,1071,Sham19Y0018103,751,677,1306,241,28
818,1024,1169,Sham19Y0017729,114,633,777,111,96
818,1039,1169,Sham19Y0020638,264,1,130,102,99
818,1,899,Sham19Y0013252,1097,499,1227,508,64
818,643,805,Shia000055Vols,454,818,971,80,53
818,577,817,Shamela0009242,1325,514,741,99,46
818,1024,1169,Sham19Y0017616,79,918,1062,111,96
818,643,812,Shia000107Vols,822,762,915,82,55
818,233,889,Sham19Y0013605,1113,1110,1416,209,39
819,626,884,Zaydiyya0000015,2072,339,546,137,66
819,920,1060,Zaydiyya0000015,2084,1176,1316,116,100
819,482,814,ShamIbadiyya0000433,294,561,1029,194,47
819,626,768,ShamAY0033522,17,816,955,111,96
819,426,818,ShamAY0033531,954,1,392,310,98
819,889,1603,Sham19Y0016599,849,1,763,545,84
819,447,814,Shamela0009242,522,55,475,211,59
819,857,1603,Sham19Y0122257,496,687,1224,388,62
819,853,1415,Sham19Y0013605,1058,652,1167,346,69
819,451,795,Sham19Y0013605,1059,1,423,162,41
820,1066,1375,Sham19Y0013667,955,391,618,137,54
820,1112,1375,Shamela0008540,574,1,191,114,51
820,1405,1527,Shamela0009810,293,1126,1328,42,19
820,1066,1380,Shamela0005756,2837,1217,1558,179,58
820,21,416,Shamela0005756,2842,520,864,247,76
820,1066,1380,Shamela0005756,2851,290,631,179,58
820,21,416,Shamela0005756,2855,1106,1450,247,76
820,1405,1527,Shia001731Vols,139,1092,1294,42,19
820,1071,1375,Shamela0000427BK2,784,1,227,119,45
820,92,294,Sham19Y0018103,696,625,788,113,69
820,878,1380,Sham19Y0018103,710,132,549,134,23
820,1400,1517,Shamela0009873,782,664,774,87,93
820,1405,1527,Shamela0008544,834,461,663,42,19
820,1,912,Sham19Y0016599,849,763,1621,545,64
820,55,617,Sham19Y0122257,496,1245,1518,186,39
820,1066,1380,Sham19Y0014601,915,769,982,134,53
820,21,416,Sham19Y0014601,917,540,885,247,76
820,149,416,Sham19Y0013605,1041,1,217,171,80
820,1066,1346,Sham19Y0013605,1058,1185,1414,168,76
821,1264,1544,Shia004521,2,91,372,223,98
821,1329,1481,Shamela0001673,1768,1082,1218,103,84
821,1113,1514,Sham19Y0014309,1435,695,1039,205,59
821,9,150,Shia001831Vols,202,259,408,102,83
821,1312,1510,JK000201,432,1,199,159,100
821,588,1107,Sham19Y0018103,675,176,418,126,31
821,224,370,Sham19Y0006684,6,90,478,75,21
821,1283,1544,Shamela0011036,354,1020,1284,187,89
821,1329,1481,Shamela0000551,33,720,856,103,84
821,1252,1510,Sham19Y0016599,757,1237,1493,195,93
821,9,155,Sham19Y0122257,487,391,525,106,89
821,594,1113,Sham19Y0013605,1014,918,1308,230,49
822,1178,1325,Shia000841Vols,1165,1139,1314,88,57
822,1178,1325,ShamAY0034206,187,636,837,96,58
822,750,1506,Sham19Y0014309,1427,193,703,368,60
822,1055,1288,Shia000089Vols,320,993,1191,111,62
822,1211,1489,Sham19Y0016934,427,1,289,90,30
822,1227,1325,Shamela0008183,276,477,850,75,26
822,1211,1489,Sham19Y0013631,1189,1,228,104,48
822,867,1320,Sham19Y0017885,243,588,1019,126,26
822,721,1497,Shamela0009242,468,929,1479,246,34
822,721,1014,Sham19Y0014601,872,391,728,152,46
822,405,705,Sham19Y0014032,338,11,288,225,92
823,1124,1279,Sham19Y0013667,930,820,974,114,92
823,1236,1526,Sham19Y0017747,259,576,798,119,52
823,739,1139,Sham19Y0017747,260,593,1063,311,82
823,1124,1279,Shamela0008540,553,1182,1339,117,95
823,1,1055,Sham19Y0014309,1427,703,1466,546,63
823,1194,1526,JK000201,442,907,1426,224,54
823,739,1104,Sham19Y0014224,178,1272,1561,202,67
823,1,257,Shamela0009242,469,10,244,181,87
823,710,1099,Shamela0009242,474,1207,1578,298,94
823,1283,1526,Sham19Y0014601,889,403,718,194,76
824,758,1136,Sham19Y0020561,1343,479,840,243,71
824,1,778,Sham19Y0013667,930,343,868,311,46
824,1,888,Sham19Y0017747,259,798,1479,359,43
824,239,495,Sham19Y0017747,275,1323,1532,125,61
824,217,583,JK010001,289,1215,1572,263,84
824,747,1010,Shia000841Vols,1165,508,996,118,30
824,1,778,Shamela0008540,553,692,1230,325,48
824,217,411,Tafsir07055,300,1379,1557,123,76
824,411,619,Tafsir07055,301,1,204,159,88
824,747,1240,Shamela0001727,317,1092,1419,92,20
824,747,1120,Shamela0001673,1807,307,582,207,65
824,1322,1501,JK000201,408,862,1025,136,91
824,1,390,JK000201,409,1105,1508,297,88
824,393,619,JK000201,410,1,208,170,91
824,770,1209,JK000201,411,1091,1442,218,58
824,107,1120,JK000201,443,1,1213,618,56
824,747,1240,Shamela0025800,1248,19,202,59,12
824,747,1240,Sham19Y0020638,266,294,477,60,12
824,1322,1501,Masaha001864Vols,4145,401,564,136,91
824,1,619,Masaha001864Vols,4146,571,1201,478,89
824,36,619,Shamela0009242,475,274,817,438,92
824,36,442,Sham19Y0014601,873,1076,1456,304,93
824,442,619,Sham19Y0014601,874,1,165,134,91
824,1,619,Sham19Y0014601,889,718,1338,499,99
824,41,473,Sham19Y0150962,861,1200,1578,304,86
825,345,592,Shamela0001727,318,913,1157,82,37
825,1398,1555,Sham19Y0014309,1419,1006,1164,127,97
825,1,326,Sham19Y0014309,1428,163,493,260,96
825,1,1009,Shia001831Vols,202,833,1573,532,63
825,72,321,Shia001831Vols,235,5,272,160,68
825,345,592,Sham19Y0122406,926,18,262,82,37
825,1,321,ShamAY0033531,1066,690,1081,186,54
825,10,345,Sham19Y0021525,158,1137,1533,218,64
825,345,711,Sham19Y0020638,266,990,1356,116,27
825,1,321,Shamela0009242,1172,638,1022,176,51
825,100,361,Sham19Y0017063,164,743,1031,161,63
826,54,671,Shia000841Vols,1162,420,701,137,27
826,676,786,Shamela0008540,555,1110,1220,87,100
826,745,910,Sham19Y0131521,717,1,220,132,74
826,535,940,Sham19Y0014309,1418,1033,1433,221,61
826,1,270,Sham19Y0014309,1419,1164,1492,200,70
826,921,1514,Sham19Y0014309,1420,610,960,248,51
826,371,786,Shia001831Vols,203,310,488,138,41
826,69,671,Sham19Y0122406,928,108,673,152,21
826,54,671,Shamela0001875,221,139,305,114,23
826,684,827,ShamAY0033531,357,542,666,90,79
826,54,671,Sham19Y0020638,267,429,1037,157,21
826,54,963,Shamela0009242,478,38,449,195,24
826,548,671,Sham19Y0011194,211,573,700,98,96
826,69,270,Shamela0000791,107,261,461,164,99
827,763,1236,Sham19Y0017350,426,1025,1455,235,50
827,226,694,Sham19Y0013769,392,849,1299,152,30
827,236,694,Sham19Y0013769,641,11,386,129,29
827,226,526,Shamela0008540,564,939,1209,184,71
827,226,334,JK011184,192,1156,1507,86,30
827,231,694,Shamela0005756,2786,1,486,142,25
827,226,694,ShamAY0033522,34,158,395,180,47
827,226,694,Sham19Y0145212,611,1139,1277,99,26
827,59,694,Sham19Y0018144,3609,635,1042,121,18
827,226,694,Sham19Y0014224,371,650,1191,207,36
827,1067,1590,Sham19Y0020638,1622,906,1251,184,42
827,222,698,Sham19Y0013252,1487,633,1099,157,27
827,226,362,Sham19Y0016599,740,1278,1414,108,100
827,1465,1581,Shamela0009242,473,786,886,77,84
827,1098,1236,Sham19Y0014580,1974,169,308,110,97
827,143,346,Shamela0005923,997,1282,1473,124,73
827,1130,1420,Sham19Y0013605,1026,328,1002,124,21
828,303,816,Sham19Y0017350,427,325,794,343,78
828,1307,1510,Sham19Y0013769,651,278,979,156,27
828,980,1097,Shamela0001727,322,241,577,81,30
828,284,398,Shamela0006446,193,983,1097,90,100
828,1307,1514,Sham19Y0014309,1625,363,872,109,25
828,1,1369,Shia001831Vols,203,723,1364,283,26
828,1038,1369,Sham19Y0017729,84,533,866,125,36
828,1052,1369,Sham19Y0020638,269,302,778,127,30
828,1233,1369,JK005200,172,15,184,78,56
828,1307,1510,Sham19Y0016599,743,841,1037,154,92
828,394,805,Shamela0009242,470,1243,1509,198,57
828,980,1097,Sham19Y0020699,2063,558,672,82,88
828,452,805,Shamela0000791,765,1,366,277,90
829,576,1481,Sham19Y0013667,1190,818,1248,323,44
829,1,212,Shamela0006610,117,615,926,112,40
829,1,139,Shamela0012293,2884,1197,1396,108,63
829,1,139,JK000110,138,757,1015,101,46
829,568,1481,Shamela0008540,566,899,1327,324,44
829,1,196,Shamela0001727,323,43,575,147,33
829,568,752,Shia004521,3,397,556,123,82
829,813,1224,ShamAY0033522,21,717,1001,186,54
829,1,833,Sham19Y0122406,936,278,1198,296,29
829,798,1212,Sham19Y0018106,564,441,766,140,37
829,609,821,Sham19Y0018106,565,750,1004,116,52
829,1,196,Shamela0036446,123,514,739,100,42
829,798,1212,Sham19Y0018103,691,212,521,205,57
829,1,200,Sham19Y0020638,269,830,1255,149,42
829,833,1022,Sham19Y0020638,1623,260,424,123,79
829,196,1481,Sham19Y0016599,759,8,1252,641,49
829,87,1289,Shamela0009242,479,473,1114,349,31
829,960,1383,Sham19Y0013605,1034,109,395,181,52
829,190,792,Sham19Y0013605,1035,65,701,265,42
830,1070,1384,Shamela0007562,68,701,942,199,76
830,120,482,Sham19Y0018259,57,321,683,176,56
830,120,265,JK007064,118,1451,1591,112,96
830,1107,1300,Sham19Y0013667,969,191,372,146,91
830,1,361,Sham19Y0013667,1201,506,847,229,73
830,1187,1396,Sham19Y0013769,2042,1,209,163,89
830,284,425,Sham19Y0016584,658,1385,1532,98,78
830,129,469,Sham19Y0016584,659,662,1035,140,34
830,6,464,Shamela0000767,467,1,347,237,64
830,284,487,Sham19Y0148486,701,1098,1311,144,81
830,1,449,Sham19Y0148486,702,282,848,267,57
830,120,271,Shamela0006610,116,892,1032,107,89
830,120,482,Sham19Y0019188,365,123,539,185,46
830,143,487,JK000977,543,1,644,244,48
830,284,482,Shia002034Vols,2070,23,234,140,82
830,120,288,Shamela0012293,2886,453,610,110,83
830,66,380,Shamela0001719,3762,734,1440,194,32
830,284,482,Sham19Y0127656,91,405,608,146,85
830,284,482,JK000110,138,451,655,143,84
830,303,482,Shamela0096228,443,31,228,138,88
830,101,271,Shia000841Vols,1172,96,278,126,86
830,281,487,Shia000841Vols,1198,8,269,159,77
830,1107,1300,Shamela0008540,576,382,563,146,91
830,120,275,Tafsir07055,300,64,214,119,96
830,1,172,Sham19Y0131521,738,1127,1289,131,93
830,129,482,Shamela0021715,1114,1053,1461,172,46
830,284,774,Shamela0021715,1115,216,781,195,33
830,284,482,Sham19Y0016684,317,910,1114,143,84
830,1,482,Shamela0001727,323,756,1333,359,76
830,1,271,JK000916,15945,1069,1331,210,95
830,1,271,Shamela0026389,207,654,918,214,97
830,1,271,Shamela0003118,4665,470,732,210,95
830,120,478,Sham19Y0013572,671,329,812,197,51
830,120,478,ShamAY0033910,102,939,1299,178,54
830,1,469,ShamAY0033910,103,304,821,244,46
830,284,410,Shamela0005756,2810,1371,1503,86,76
830,482,997,Shamela0005756,2811,947,1339,274,64
830,120,271,JK000386,907,777,927,120,99
830,1,311,Kraken230106005528,505,225,555,207,73
830,1107,1300,Shamela0000427BK2,834,739,921,147,92
830,120,478,Sham19Y0014309,1435,1056,1498,186,55
830,1,271,Sham19Y0014309,1463,426,691,207,93
830,284,478,JK000130,103,25,231,140,83
830,275,482,Shia000089Vols,321,964,1152,131,79
830,930,1571,ShamIbadiyya0000433,232,620,1257,287,40
830,120,288,ShamIbadiyya0000433,232,163,323,128,95
830,1,464,Sham19Y0017903,156,215,523,237,63
830,1030,1384,JK000201,437,21,393,205,57
830,284,482,Shamela0004289,370,752,977,144,81
830,1,271,Shamela0004289,371,322,586,214,97
830,1,271,Sham19Y0122406,937,335,599,214,97
830,284,482,Sham19Y0122406,938,260,477,144,82
830,129,482,Shamela0006227,159,496,823,183,63
830,284,526,JK009324,422,287,517,146,71
830,284,482,Shamela0037837,188,495,699,143,84
830,1,303,Shamela0026668,279,1189,1483,213,86
830,1,271,Sham19Y0001734,122,1076,1343,215,97
830,284,440,Sham19Y0001734,636,1272,1453,111,77
830,284,487,Sham19Y0132524,568,796,1012,147,84
830,66,271,Sham19Y0132524,568,1,200,161,97
830,320,958,Shia001845Vols,82,951,1314,251,48
830,1,464,Shamela0001875,213,601,928,245,65
830,1,487,Sham19Y0037618,585,761,1265,361,88
830,120,271,Sham19Y0037618,626,1245,1396,121,100
830,1,271,JK000099,103,539,810,212,93
830,284,482,Sham19Y0018106,564,854,1065,144,84
830,120,482,Sham19Y0018144,446,352,811,189,50
830,1070,1300,Sham19Y0018144,3622,282,493,158,83
830,311,482,Shamela0036446,123,769,959,134,89
830,21,271,Shamela0036446,129,1193,1430,189,93
830,1,180,Zaydiyya0000162,2111,93,247,126,86
830,284,482,Sham19Y0018103,691,683,887,143,84
830,311,482,Shamela0025800,1253,40,229,135,90
830,1,464,Shamela0025800,1271,850,1301,272,66
830,1,380,Sham19Y0017729,85,710,1034,240,78
830,284,482,ShamAY0034005,186,92,302,142,83
830,284,482,Sham19Y0131336,376,986,1193,141,81
830,1,271,Sham19Y0131336,377,78,358,201,84
830,1,139,Sham19Y0020638,269,1353,1485,108,95
830,139,482,Sham19Y0020638,270,1,386,255,83
830,1,271,ShamAY0031687,140,1097,1363,212,95
830,284,482,Shamela0003722,7996,880,1098,142,82
830,311,526,JK000475,311,21,241,144,78
830,284,482,Sham19Y0013252,1495,594,798,143,84
830,284,893,Sham19Y0013252,1496,1210,1541,207,40
830,1,469,Sham19Y0013252,1497,247,699,220,43
830,120,487,Shamela0008463,337,691,1043,185,52
830,281,482,Shia000055Vols,371,444,624,128,80
830,76,482,Sham19Y0146127,351,839,1306,158,30
830,129,482,Shamela0008544,878,1162,1528,134,31
830,48,271,Sham19Y0016599,755,996,1227,163,81
830,284,482,Sham19Y0016599,756,45,256,144,84
830,6,1584,Sham19Y0016599,758,147,1155,731,54
830,1046,1537,Shamela0009242,476,140,635,354,79
830,1,410,Sham19Y0017616,68,509,934,262,72
830,48,464,Shamela0000782,64,418,848,197,49
830,120,307,Shamela0007264,42,692,885,128,81
830,1,464,JK007065,738,433,852,246,55
830,284,482,Sham19Y0018176,289,216,427,144,84
830,271,482,Shamela0000137,760,1131,1359,151,82
830,284,482,Shamela0000137,810,666,869,143,83
830,794,925,Sham19Y0014601,917,1265,1396,103,100
830,930,1520,Sham19Y0014601,918,756,1450,388,64
830,271,464,Shia000107Vols,628,436,608,119,77
830,281,469,Shia000107Vols,657,1332,1531,133,80
830,48,271,Shamela0023777,881,1007,1242,163,80
830,76,226,Shamela0023777,885,252,644,117,36
830,1,271,JK011499,52,246,487,194,88
830,284,482,Sham19Y0013605,1033,1392,1596,143,84
830,347,887,Sham19Y0013605,1034,695,1141,260,56
830,1,271,Shamela0009642,180,889,1158,203,89
831,96,345,Sham19Y0018259,57,702,936,180,92
831,96,345,JK007064,111,833,1064,177,90
831,96,368,Sham19Y0148486,700,227,482,192,89
831,640,846,Sham19Y0148486,7103,1033,1221,143,81
831,96,345,Shamela0006610,117,908,1136,168,86
831,96,345,JK000977,543,972,1208,185,94
831,96,345,Shamela0026324,220,1157,1389,181,91
831,96,345,Shia000841Vols,1198,469,699,181,91
831,691,1383,Shamela0008540,577,1,888,456,59
831,96,345,Shamela0001727,324,73,315,191,97
831,96,345,JK000916,5375,572,804,180,91
831,96,345,Shia004521,2,1074,1311,187,95
831,96,345,Shamela0003118,1899,963,1195,180,91
831,96,304,Sham19Y0013572,671,1300,1510,162,96
831,818,1279,Shamela0005756,2815,909,1530,274,46
831,1279,1563,Shamela0005756,2816,1,249,192,81
831,96,345,Sham19Y0014309,1436,23,265,188,95
831,96,345,ShamIbadiyya0000433,228,197,429,179,91
831,727,1145,ShamIbadiyya0000433,418,1326,1561,184,53
831,1145,1383,ShamIbadiyya0000433,419,1,251,175,81
831,96,345,Sham19Y0017903,156,486,725,188,95
831,96,345,JK000477,211,914,1169,184,86
831,96,345,Shamela0004289,371,823,1062,188,95
831,96,345,Sham19Y0122406,938,715,957,191,97
831,802,1558,Sham19Y0122406,940,621,1373,343,51
831,96,355,Shamela0006227,159,202,448,190,93
831,96,345,Sham19Y0001734,636,413,654,188,95
831,96,345,Shamela0001875,213,891,1129,188,95
831,96,383,Sham19Y0018144,446,974,1263,204,87
831,96,345,Shamela0036446,123,965,1203,180,92
831,96,345,Shamela0025800,1253,268,510,188,95
831,96,345,Sham19Y0017729,85,991,1231,187,94
831,96,345,Shia003732Vols,3311,41,271,182,92
831,96,345,ShamAY0034005,186,564,806,191,97
831,96,345,Sham19Y0131336,375,912,1154,191,97
831,96,345,Sham19Y0020638,270,406,644,188,95
831,987,1563,Sham19Y0013223,1623,1,573,463,98
831,96,265,Sham19Y0013252,1499,1425,1576,114,85
831,895,1117,Sham19Y0013252,1500,1281,1483,161,89
831,1117,1563,Sham19Y0013252,1501,1,738,305,46
831,96,345,JK005200,119,596,825,181,91
831,96,345,Sham19Y0146127,351,226,468,191,97
831,640,933,Shamela0011036,365,912,1542,173,33
831,1003,1394,Shamela0011036,366,1048,1434,309,96
831,869,1003,Shamela0011036,366,141,304,107,81
831,1415,1563,Shamela0011036,368,289,447,116,88
831,691,1387,Shamela0000551,58,107,782,494,81
831,96,345,Shamela0008544,879,98,329,180,91
831,1176,1387,Shamela0008544,900,1235,1431,146,85
831,96,345,Sham19Y0016599,756,353,584,181,91
831,96,458,Sham19Y0016599,759,748,963,150,51
831,96,345,Shamela0009242,479,1136,1368,179,91
831,96,345,Shamela0009242,480,389,621,179,91
831,774,1182,Shamela0009242,489,1,743,323,53
831,96,345,JK007065,738,815,1053,188,95
831,96,331,Sham19Y0017798,943,1263,1484,170,92
831,96,349,Shamela0005923,54,832,1075,190,95
831,691,1187,Sham19Y0013605,1036,57,396,190,47
832,1098,1565,Sham19Y0017350,226,63,662,333,63
832,1140,1505,Shamela0008540,570,11,320,243,80
832,12,283,Shamela0005756,2816,259,505,167,75
832,218,647,Sham19Y0127677,6938,376,832,303,81
832,358,636,ShamIbadiyya0000433,418,69,613,181,39
832,490,891,Shia001831Vols,204,521,1014,161,37
832,1061,1565,Shamela0023628,343,1189,1628,309,72
832,781,946,Shamela0012399,563,177,553,67,22
832,984,1586,Sham19Y0014224,188,124,697,377,69
832,1,513,Sham19Y0013223,1623,573,1081,406,98
832,12,283,Sham19Y0013252,1501,738,1003,183,81
832,234,636,Shamela0011036,367,381,707,205,59
832,382,636,Shamela0000551,60,8,588,177,37
832,908,1344,Shamela0009242,481,952,1553,208,38
832,1002,1215,Shamela0010517,651,1318,1530,171,99
832,1215,1565,Shamela0010517,652,1,351,289,99
833,5,167,Sham19Y0017350,225,1462,1633,113,81
833,5,436,Shamela0008540,570,374,773,275,71
833,1021,1124,Sham19Y0014309,2534,585,688,82,100
833,1211,1605,JK000201,3675,809,1155,261,80
833,1341,1605,ShamAY0033531,366,485,718,171,79
833,1370,1605,Sham19Y0018144,3619,768,1007,169,85
833,794,1124,Sham19Y0014224,190,1141,1461,231,82
833,819,993,Shamela0011036,362,901,1086,137,89
833,363,782,Shamela0011036,363,536,963,342,97
833,5,363,Sham19Y0016599,808,764,1489,155,23
833,136,712,Shamela0009242,484,84,342,134,25
833,810,1130,Shamela0009242,485,97,818,237,40
834,1214,1495,Sham19Y0017350,234,115,376,174,73
834,1228,1501,Sham19Y0127660,1867,143,398,113,51
834,837,1110,Sham19Y0122401,1054,767,1021,203,90
834,756,1110,Shamela0026568,202,1236,1556,245,82
834,761,1110,Shamela0000894,6028,1095,1313,149,51
834,1228,1587,Shia001831Vols,205,55,384,221,69
834,756,1110,Shamela0023685,227,357,680,252,86
834,756,1096,Shamela0006617,573,1239,1575,262,92
834,945,1501,Sham19Y0014224,186,544,1011,268,56
834,1267,1501,Masaha001946Vols,411,529,749,124,60
834,756,1141,Shamela0011036,357,649,1034,313,100
835,105,306,Sham19Y0017350,229,532,733,161,100
835,1114,1532,Sham19Y0013769,419,1078,1558,153,31
835,1349,1487,JK000977,552,295,429,108,97
835,1349,1487,ShamAY0033975,855,609,745,109,97
835,29,274,Shamela0008540,571,461,765,150,55
835,10,306,Sham19Y0131521,736,59,352,209,79
835,1349,1487,Shamela0001727,326,1257,1395,111,100
835,123,244,Sham19Y0014309,2534,1445,1566,96,100
835,412,625,Sham19Y0017903,166,420,628,116,64
835,10,306,JK000201,3674,595,876,181,72
835,1349,1487,Shamela0004289,401,1288,1426,111,100
835,10,306,ShamAY0033531,367,226,526,196,78
835,1,197,Sham19Y0018144,3616,1282,1460,138,87
835,1349,1487,Sham19Y0017729,91,107,245,111,100
835,16,306,Kraken211201162527,277,871,1158,222,93
835,391,1573,Sham19Y0014224,208,204,1101,549,51
835,766,1087,Sham19Y0014224,209,572,1316,237,38
835,1349,1487,Sham19Y0020638,272,262,400,111,100
835,105,306,Shamela0021593,358,836,1028,152,95
835,571,1087,Sham19Y0016599,802,282,686,274,64
835,10,265,Shamela0009242,489,1259,1578,118,46
835,1349,1487,Sham19Y0017616,69,974,1112,111,100
835,1349,1487,Shamela0000782,70,598,732,108,97
835,1349,1491,Shamela0023777,976,1252,1390,111,97
836,838,1379,Sham19Y0017715,266,243,929,270,44
836,14,461,Sham19Y0013769,420,22,681,236,40
836,488,708,Sham19Y0013769,421,422,698,169,77
836,883,1219,Shamela0008176,983,674,1352,186,30
836,902,1379,Sham19Y0014299,527,1180,1625,227,53
836,887,1364,Shamela0000140,1572,832,1384,337,73
836,902,1504,Sham19Y0122406,948,140,674,292,54
836,1,601,Sham19Y0014224,187,919,1524,371,66
836,975,1592,Sham19Y0013223,1605,956,1578,466,89
836,981,1592,Sham19Y0013252,1506,578,1209,419,74
836,234,477,Sham19Y0013252,1551,759,1026,146,58
837,678,862,Zaydiyya0000413Vols,1532,748,926,145,95
837,980,1148,Shamela0012293,2884,845,996,104,77
837,1154,1453,Shamela0008540,579,589,926,223,82
837,933,1148,Shamela0001727,328,703,1100,139,44
837,980,1154,Shamela0026568,996,485,655,101,69
837,551,670,Shamela0005756,2827,1042,1151,77,75
837,529,678,Shamela0005756,15346,180,339,91,64
837,933,1148,Sham19Y0127677,19100,1029,1219,105,61
837,1232,1590,Sham19Y0014309,1438,1,386,270,84
837,980,1148,Sham19Y0017903,161,438,637,107,67
837,1,365,Shamela0000140,1573,821,1191,257,81
837,980,1148,Shamela0004289,382,700,938,103,53
837,933,1148,Sham19Y0122406,950,351,749,139,44
837,980,1154,Sham19Y0132524,577,998,1201,107,64
837,1250,1606,Sham19Y0018144,3626,40,395,243,80
837,980,1148,Shamela0036446,124,801,998,98,61
837,980,1148,Shamela0025800,1255,691,1074,104,33
837,980,1148,Sham19Y0017729,88,479,678,107,67
837,92,551,Sham19Y0020638,272,681,1166,126,21
837,980,1148,Sham19Y0020638,273,612,762,105,77
837,25,374,Sham19Y0013223,1606,1,266,192,65
837,953,1154,JK005200,122,749,958,114,67
837,996,1148,Sham19Y0016599,765,1369,1516,109,87
837,1148,1590,Sham19Y0016599,766,1,372,280,75
837,1277,1606,Shamela0009242,495,945,1303,237,79
837,1065,1556,Sham19Y0017063,167,368,860,182,31
837,548,678,Sham19Y0013605,5050,422,552,81,67
838,74,349,Shamela0008176,978,128,331,141,61
838,1158,1512,Sham19Y0017747,263,876,1168,187,60
838,599,801,Sham19Y0127660,788,1059,1374,123,44
838,599,891,Shamela0005756,2891,1118,1370,117,43
838,599,891,Shamela0005756,2897,628,880,117,43
838,599,891,Shamela0001673,1805,839,1066,111,44
838,476,1100,Sham19Y0014309,1448,517,1054,216,31
838,387,1181,Shia001831Vols,205,1354,1613,157,25
838,1139,1373,JK000201,445,274,524,184,92
838,16,328,Shamela0009242,505,1175,1577,227,66
838,978,1429,Shamela0009242,508,1149,1506,267,74
838,55,365,Sham19Y0122257,501,491,776,177,63
838,60,340,Sham19Y0014601,925,458,700,175,72
838,159,349,Shamela0000791,110,186,362,130,83
839,33,280,Sham19Y0013667,991,198,450,147,69
839,601,839,JK000977,558,1,491,71,16
839,5,445,Shamela0008540,583,581,923,222,60
839,362,760,Sham19Y0131521,745,905,1316,178,39
839,790,1563,Shamela0001727,330,55,712,157,18
839,690,830,Shamela0005756,2892,1,282,89,40
839,645,830,Shamela0005756,2897,967,1294,118,45
839,1225,1535,Sham19Y0014309,1449,152,465,217,81
839,574,839,Sham19Y0122406,952,841,1167,88,23
839,1192,1563,Sham19Y0122406,953,527,738,102,34
839,574,839,Sham19Y0132524,578,1007,1224,93,41
839,1192,1563,Shamela0025800,1104,663,793,95,32
839,1,749,Sham19Y0014224,193,486,982,251,39
839,574,1258,Sham19Y0020638,274,598,1446,171,19
840,1004,1523,Sham19Y0020561,1344,33,555,392,90
840,955,1468,Sham19Y0017350,222,496,984,236,47
840,966,1128,ShamAY0034227,674,1,187,118,73
840,982,1468,Shamela0011444BK2,270,1,672,166,24
840,950,1549,Shamela0008540,584,1050,1560,371,75
840,936,1604,Sham19Y0013572,646,686,897,117,19
840,936,1442,Shamela0010639,373,182,481,174,39
840,395,620,Sham19Y0014309,1450,878,1127,169,84
840,117,1484,Shia001831Vols,206,180,1101,536,44
840,936,1604,Shamela0004289,389,791,985,98,16
840,1044,1408,ShamAY0033531,3577,689,933,202,66
840,1044,1408,ShamAY0033531,4760,97,341,202,66
840,950,1468,Shamela0011468BK1,221,61,453,217,45
840,1319,1604,Shamela0009242,514,81,396,223,84
840,1258,1560,Sham19Y0122257,509,80,522,185,45
840,936,1560,Shamela0000791,112,784,1261,159,22
841,197,476,Sham19Y0013769,387,284,669,192,57
841,717,897,Sham19Y0013769,388,58,266,121,70
841,1167,1281,Sham19Y0013769,399,224,360,88,82
841,48,969,Shia001831Vols,206,939,1612,389,44
841,1220,1620,Shia001831Vols,207,1,317,242,74
841,114,532,Sham19Y0122406,957,971,1586,192,31
841,999,1556,Sham19Y0122406,959,1004,1574,122,17
841,284,729,Sham19Y0018103,709,210,1154,209,24
841,1310,1620,Sham19Y0017729,524,378,584,161,63
841,490,897,Sham19Y0014224,176,42,490,160,44
841,973,1281,Sham19Y0014224,184,305,520,138,51
841,937,1281,Sham19Y0013252,1492,443,617,113,40
841,907,1022,JK000711,17,586,718,77,72
841,189,897,Shamela0009242,515,651,1262,379,58
841,114,532,Sham19Y0014119,791,781,912,101,28
841,202,581,Sham19Y0013605,1057,543,1230,185,30
842,1268,1464,Sham19Y0013769,397,964,1123,122,74
842,532,1059,Shamela0008540,561,465,963,400,92
842,20,199,Shamela0001727,333,1071,1510,126,35
842,1475,1625,Shamela0001727,334,100,403,103,41
842,532,1014,Shamela0005756,2796,699,1152,361,91
842,142,618,Shamela0005756,2889,618,959,244,60
842,1475,1625,Sham19Y0127677,7925,147,302,94,75
842,1475,1616,Sham19Y0127677,8959,1159,1446,86,37
842,236,1245,Shamela0000894,514,126,1080,775,93
842,254,690,Sham19Y0014309,1861,1,363,237,61
842,1475,1625,Sham19Y0122406,961,900,1223,119,45
842,1268,1475,Sham19Y0014224,183,752,896,104,60
842,236,618,Sham19Y0013605,1050,1170,1453,227,73
842,373,824,Shamela0010517,648,1084,1536,367,99
842,824,1059,Shamela0010517,649,1,236,195,100
843,4,269,Shamela0008176,965,627,973,116,32
843,1,125,JK006897,129,831,960,96,93
843,4,280,Shamela0009918,1063,507,691,117,53
843,162,545,Shamela0008540,600,604,1010,229,57
843,433,924,Shamela0008540,601,423,779,179,40
843,4,157,Shamela0011428,664,960,1189,114,60
843,470,852,Sham19Y0131521,760,1016,1346,245,75
843,162,502,Sham19Y0131521,760,103,515,246,73
843,852,1013,Sham19Y0131521,764,912,1073,126,96
843,1146,1357,Sham19Y0122401,887,659,865,171,97
843,4,604,Shamela0004473,10637,519,1157,200,27
843,1403,1642,Shamela0004473,10643,1,247,193,97
843,1,157,JK000271,85,942,1229,127,54
843,1,429,ShamIbadiyya0000433,287,659,1192,205,39
843,1,113,JK006950,1285,656,768,90,100
843,234,1053,JK000201,460,1171,1551,154,19
843,169,429,JK000201,460,1,261,213,99
843,1,132,Sham19Y0132524,583,17,145,98,93
843,162,437,ShamAY0033531,377,263,508,139,52
843,444,1503,ShamAY0033531,377,982,1340,208,23
843,1,113,JK000381,6979,469,581,90,100
843,1,169,JK007107,201,545,934,127,39
843,176,429,Sham19Y0150639,103,118,293,113,54
843,1,176,Sham19Y0020638,278,318,477,101,68
843,157,545,Masaha001864Vols,5621,350,717,258,82
843,1,1068,Shamela0009242,524,453,1574,516,44
843,1357,1642,Shamela0009242,526,277,595,160,59
843,11,1642,Sham19Y0122257,495,79,1229,545,35
843,243,437,Sham19Y0014601,944,880,1069,135,83
844,6,470,Zaydiyya0000015,2073,814,1335,297,61
844,6,470,Shamela0001727,334,641,941,118,23
844,1112,1262,Shamela0001727,334,964,1335,107,36
844,29,1553,Shia001831Vols,207,603,1263,399,31
844,137,433,JK000201,460,947,1360,222,66
844,1112,1262,Sham19Y0122406,962,993,1364,107,36
844,1268,1398,ShamAY0033531,377,844,974,104,100
844,25,470,Sham19Y0020638,278,442,639,130,35
844,1112,1262,Sham19Y0020638,278,662,911,105,53
844,1093,1398,Shamela0009242,524,392,1124,174,28
845,151,751,Sham19Y0017350,247,161,1187,395,47
845,1376,1521,Sham19Y0013667,1052,435,580,117,100
845,239,586,Shamela0008176,1521,683,919,159,55
845,143,595,Shia000841Vols,1804,394,836,338,87
845,120,457,Shamela0011444BK2,490,1067,1300,154,56
845,151,751,Shamela0008540,772,1048,1541,370,74
845,1376,1521,Shamela0001727,337,18,163,117,100
845,1357,1521,Sham19Y0013572,1044,979,1175,132,83
845,1357,1521,Sham19Y0127677,9146,1261,1454,132,84
845,151,591,Shia001831Vols,207,1269,1614,254,66
845,620,1259,Shia001831Vols,208,9,197,147,28
845,200,751,ShamAY0033522,182,701,1239,427,94
845,223,628,JK000201,555,1035,1489,332,88
845,120,465,Shamela0006136,205,786,1027,161,57
845,1392,1521,Shamela0004289,403,1,130,105,100
845,270,595,ShamIbadiyya0000219,380,1,316,252,91
845,1357,1508,Sham19Y0018144,498,790,970,121,83
845,1357,1521,Shamela0025800,1418,207,400,132,84
845,157,497,Sham19Y0014224,211,1110,1602,203,43
845,1357,1521,Sham19Y0020638,279,1044,1237,132,84
845,1357,1521,Sham19Y0013223,186,760,953,132,84
845,429,586,Sham19Y0013223,1579,532,694,133,96
845,120,465,Sham19Y0032197,181,893,1134,161,57
845,1376,1521,Shamela0021550,46,1294,1513,108,59
845,236,718,Sham19Y0013252,1615,1029,1522,300,65
845,1392,1521,JK000001,285,1,197,96,57
845,120,603,Sham19Y0020590,106,238,761,264,55
845,1357,1521,JK007065,975,641,834,132,84
845,239,586,Sham19Y0122257,727,1206,1449,168,57
845,200,586,Sham19Y0013605,976,1160,1486,219,64
846,1276,1536,Sham19Y0018259,146,468,737,174,77
846,1266,1483,JK007083,70,366,582,170,99
846,1,750,Shamela0021495,81,203,671,263,40
846,1312,1510,Shamela0021629,251,1,179,131,84
846,44,246,Sham19Y0017350,254,933,1131,114,67
846,304,533,Sham19Y0017350,257,197,414,168,88
846,318,533,Sham19Y0013667,1054,317,523,170,95
846,66,289,Sham19Y0013769,434,1405,1580,129,71
846,338,1208,Sham19Y0013769,436,1,912,478,49
846,1266,1483,ShamAY0034227,1269,253,413,120,70
846,1266,1478,Shamela0000767,819,1005,1215,162,95
846,963,1483,Sham19Y0019188,635,742,1195,193,42
846,318,533,Shamela0008176,1523,648,808,114,62
846,1304,1542,Shamela0008176,1526,1,324,174,68
846,1266,1557,Shia002616Vols,330,135,379,186,81
846,982,1483,JK006897,128,522,903,190,41
846,1266,1478,Shamela0012293,3500,680,902,158,87
846,1266,1510,Shia000841Vols,1807,558,800,179,92
846,1266,1483,Zaydiyya0000015,2115,437,663,170,95
846,307,607,Shamela0008540,756,1321,1577,209,85
846,607,726,Shamela0008540,757,1,125,97,95
846,982,1501,Sham19Y0006538,113,817,1158,184,45
846,963,1483,Shamela0021590,400,848,1304,166,31
846,1266,1483,Shamela0021590,401,438,595,124,72
846,1309,1487,Shamela0001727,338,1,178,136,97
846,1266,1501,Sham19Y0017757,60,1262,1433,126,68
846,1266,1557,Shamela0000432,4840,781,1088,173,61
846,1266,1510,Sham19Y0013572,1407,1242,1482,187,96
846,1266,1483,Shamela0005756,3113,1058,1266,159,93
846,1266,1510,Shamela0012014,249,121,398,179,80
846,1266,1550,Shamela0000894,1935,784,1057,183,81
846,1280,1483,Shamela0000894,1952,485,684,148,91
846,1270,1483,Shamela0000894,1972,755,1008,167,83
846,1276,1510,Shamela0004473,10381,375,580,153,84
846,1266,1487,Shamela0021739,147,236,444,159,88
846,1266,1483,Shamela0008381,1700,1,191,149,87
846,1266,1442,Shamela0008381,1709,1398,1515,92,66
846,1266,1483,Shamela0008381,1787,1233,1449,170,99
846,1276,1514,Sham19Y0014309,1683,249,529,146,61
846,1266,1557,Sham19Y0017903,168,776,1021,187,81
846,982,1483,Sham19Y0014827,371,1100,1515,217,53
846,1266,1483,Shamela0006366,800,604,820,170,99
846,1266,1483,Shamela0006366,816,323,1084,127,19
846,1266,1483,Shamela0004289,403,1247,1464,171,100
846,44,289,ShamIbadiyya0000219,380,824,1056,180,91
846,1266,1487,ShamAY0032837,20,1278,1471,145,83
846,1266,1437,Shamela0005815,104,1294,1463,130,95
846,1266,1494,Sham19Y0122406,971,873,1103,176,96
846,1276,1494,Shamela0028182,31,103,326,140,69
846,1266,1557,Sham19Y0145212,931,806,1104,189,80
846,1285,1501,Shamela0021677,445,99,311,143,82
846,1266,1483,Sham19Y0132524,587,1188,1404,170,99
846,1266,1483,Sham19Y0149697,1576,747,907,120,70
846,1266,1510,Shamela0001875,300,673,908,179,93
846,1285,1483,Sham19Y0037618,860,1,199,156,100
846,1266,1442,Shamela0001438,8055,1030,1206,138,100
846,294,533,ShamAY0033531,483,549,788,196,100
846,1266,1407,ShamAY0033531,891,1393,1530,108,97
846,1266,1501,Kraken230110004547,236,5,184,134,71
846,1266,1483,JK000099,78,433,623,149,87
846,982,1483,JK000381,1121,424,779,187,48
846,1266,1487,Sham19Y0018144,498,1195,1395,149,86
846,1276,1483,Shamela0036446,191,1322,1476,120,74
846,1266,1483,Shamela0009107,608,1029,1218,141,82
846,1266,1398,JK007107,197,1424,1552,101,96
846,1266,1510,Sham19Y0018569,235,606,880,180,84
846,1276,1483,Shamela0025800,1416,1241,1433,151,92
846,1266,1483,Sham19Y0017791,389,1266,1453,147,86
846,1285,1483,Sham19Y0017791,390,31,206,118,68
846,1266,1557,Sham19Y0017729,92,1,241,183,80
846,1266,1483,Sham19Y0132415,625,822,1038,169,98
846,70,237,Sham19Y0014224,217,497,663,105,66
846,929,1295,Sham19Y0014224,220,523,842,130,39
846,963,1483,Sham19Y0020638,280,278,1012,206,26
846,1266,1483,Sham19Y0013223,191,126,337,166,97
846,767,1208,Sham19Y0013223,1584,256,653,307,84
846,579,726,Sham19Y0009763,253,512,659,119,100
846,66,311,Sham19Y0013252,1610,1264,1490,131,54
846,1266,1510,Masaha001946Vols,1225,599,845,168,82
846,1322,1531,Sham19Y0016976,467,1,222,124,64
846,1266,1483,Shamela0008544,1162,584,793,158,91
846,1266,1510,Shamela0006700,482,839,1078,188,97
846,1345,1514,Shamela0009242,1227,54,228,115,80
846,1266,1514,Shamela0009242,1377,159,421,179,85
846,1266,1483,Sham19Y0017616,93,488,704,170,99
846,1266,1536,Zaydiyya0000053,1162,668,922,170,76
846,1266,1483,JK007065,1108,143,358,166,95
846,986,1501,Shamela0021642,515,968,1305,175,43
846,1266,1483,Sham19Y0122257,729,667,883,170,99
846,120,237,Sham19Y0122257,729,543,658,90,95
846,318,1563,Sham19Y0122257,730,376,794,250,25
846,1266,1483,Shamela0000137,535,1055,1271,170,99
846,1266,1478,JK009251,4,1025,1168,113,67
846,318,525,Sham19Y0014601,1143,1158,1309,107,61
846,1266,1483,Sham19Y0017063,255,489,654,130,76
846,1266,1483,Sham19Y0148271,1496,283,496,168,98
846,1266,1501,Shamela0022644,850,853,1024,126,68
846,1266,1483,Shamela0022644,858,879,1238,130,46
846,1266,1483,Shamela0008360,161,1270,1488,170,98
846,187,533,Shamela0000791,127,1306,1556,141,50
846,70,392,Sham19Y0013605,1118,769,1069,236,90
846,1295,1483,Shamela0021537,2957,30,216,143,95
846,1266,1483,Shamela0021537,3977,1159,1374,167,96
846,1266,1483,Shamela0021537,3991,563,781,166,94
847,39,264,ShamIbadiyya0000229,1470,1067,1231,125,70
847,1001,1115,Shamela0008540,759,1132,1246,93,100
847,1,261,Sham19Y0131521,935,39,319,164,72
847,600,881,Shamela0000427BK2,1139,5,482,85,16
847,5,1528,Shia001831Vols,208,833,1455,441,35
847,25,174,ShamIbadiyya0000219,380,1094,1232,110,91
847,657,1118,ShamAY0033531,485,732,1207,213,44
847,1,421,Sham19Y0013223,1589,1219,1619,321,95
847,421,595,Sham19Y0013223,1590,1,170,134,95
847,5,354,Masaha001946Vols,1226,541,869,182,52
847,5,174,Shamela0009242,1227,1363,1553,132,86
847,838,1110,Shamela0009242,1229,207,415,151,65
847,823,1110,Sham19Y0014601,1146,1211,1435,152,64
848,543,751,Shamela0005756,2451,271,491,113,55
848,903,1200,Sham19Y0013253,261,474,666,114,44
848,106,1429,Shia001831Vols,209,1,769,446,39
848,72,368,Sham19Y0122406,975,18,274,184,77
848,1133,1376,Sham19Y0132524,591,906,1210,124,45
848,434,761,Sham19Y0013252,1338,1114,1386,149,54
848,996,1403,Sham19Y0013252,1339,340,766,137,26
848,642,751,Sham19Y0013605,917,68,181,87,96
849,1175,1380,JK007054,554,833,1050,127,66
849,497,1146,Shamela0005756,2457,533,835,235,44
849,1291,1512,Shia001831Vols,209,1011,1246,132,58
849,439,1151,Sham19Y0013605,919,76,564,341,58
850,815,1076,Sham19Y0020561,1434,259,517,166,80
850,1085,1399,Sham19Y0017350,300,85,307,95,38
850,652,884,Sham19Y0013769,491,689,891,167,86
850,1076,1309,Sham19Y0013769,493,1193,1479,168,68
850,717,1103,Shamela0006610,166,211,607,187,47
850,889,1076,JK000977,575,13,202,145,95
850,815,1076,Sham19Y0127656,74,21,278,163,79
850,815,1096,JK000110,101,604,875,173,77
850,717,1076,Shamela0025794,2197,603,899,141,37
850,622,884,Sham19Y0131521,1014,678,895,179,81
850,815,1076,Shamela0001727,341,936,1202,168,79
850,815,1076,Shamela0012750,27,330,588,168,81
850,815,1080,Sham19Y0013572,689,968,1234,165,77
850,717,1076,Sham19Y0127700,112,48,451,197,59
850,1340,1454,Shamela0005756,2334,196,448,64,29
850,941,1076,Shamela0005756,4612,373,503,105,96
850,815,1076,Shamela0008381,1805,219,485,168,79
850,815,1076,Sham19Y0017903,200,1076,1329,167,79
850,142,372,ShamAY0033522,205,768,976,163,87
850,815,1076,Shamela0004289,468,577,827,167,80
850,1316,1594,ShamIbadiyya0000219,404,736,944,159,70
850,604,1232,Sham19Y0122406,979,334,956,261,43
850,815,1076,Sham19Y0001734,922,605,863,165,79
850,889,1076,Sham19Y0132524,592,862,1049,149,100
850,815,1076,Shamela0001875,426,845,1101,164,79
850,815,1085,Sham19Y0037618,694,834,1097,168,78
850,585,1060,ShamAY0033531,525,644,1111,236,45
850,815,1103,JK007107,80,636,930,169,70
850,815,1103,Shamela0005772,27,360,702,173,63
850,815,1076,Shamela0025800,1370,26,284,168,81
850,706,1076,Sham19Y0017729,106,466,832,197,66
850,815,1076,Shia003732Vols,3330,724,982,167,80
850,717,1076,Shamela0010657,526,153,450,145,39
850,387,732,Sham19Y0014224,260,1231,1533,179,62
850,732,1399,Sham19Y0014224,261,1,551,355,60
850,815,1076,Sham19Y0020638,283,290,559,167,78
850,701,1076,JK011690BK2,238,449,824,196,66
850,815,1076,JK007036,100,11,270,167,80
850,372,797,Shamela0000551,635,571,781,103,29
850,1080,1562,Sham19Y0016599,1032,1033,1256,144,35
850,815,1096,Sham19Y0017616,73,37,319,174,76
850,815,1076,JK007065,749,267,526,165,79
850,815,1076,Shamela0000137,450,34,293,163,78
850,723,889,Sham19Y0013605,875,1,157,125,92
851,198,488,Shamela0005756,2334,485,730,198,84
851,683,847,Shamela0005756,2335,64,214,112,83
851,1183,1564,Shia001831Vols,210,6,153,116,38
851,1,189,ShamIbadiyya0000219,404,944,1119,139,90
851,518,935,ShamAY0033531,527,382,785,304,87
851,132,847,Sham19Y0013605,875,231,854,399,59
852,586,1127,JK000021,895,877,1200,151,36
852,894,1067,Shamela0097928,132,371,535,105,65
852,1296,1426,Shia000841Vols,1160,695,937,87,45
852,519,638,Shia000841Vols,1810,518,637,93,100
852,519,658,Shia000841Vols,2216,578,708,98,90
852,708,956,Sham19Y0131521,941,432,705,155,68
852,519,638,Shamela0001727,344,965,1084,93,100
852,708,1127,Shamela0001727,345,45,247,116,37
852,1296,1426,Shamela0001727,346,469,781,90,37
852,519,638,Shia004509,120,378,499,91,93
852,519,638,Shamela0012014,47,304,423,93,100
852,1296,1437,Shamela0012014,245,1199,1457,99,49
852,519,638,Shamela0012014,247,724,843,93,100
852,519,1127,Sham19Y0127677,4199,80,624,214,35
852,586,1127,Shamela0008381,1788,1015,1347,152,36
852,519,830,JK001429,5,780,1147,93,21
852,293,1523,Shia001831Vols,210,222,805,380,37
852,1296,1426,Shamela0004289,357,139,436,90,39
852,519,1206,Shamela0004289,414,252,1240,240,24
852,1296,1426,Shamela0023628,1914,979,1178,88,57
852,1296,1426,ShamAY0034068,1243,1266,1495,91,51
852,519,956,Sham19Y0122406,984,179,809,179,28
852,1296,1494,Sham19Y0122406,986,655,1058,105,32
852,519,1127,Shia002265Vols,2572,105,643,214,36
852,519,638,Shamela0010463,551,1253,1372,93,100
852,1296,1426,Shamela0026668,88,590,868,88,41
852,519,638,Sham19Y0132524,596,505,621,91,97
852,519,830,Shamela0001875,271,801,1077,132,49
852,519,1127,Shamela0001438,6100,584,1230,212,31
852,519,648,Shamela0036446,190,731,862,85,82
852,519,638,JK007107,77,461,580,93,100
852,519,1127,Shamela0025800,2611,164,577,204,42
852,519,830,Shamela0095735,812,612,1031,124,31
852,519,638,Kraken220413202218,85,938,1038,76,82
852,519,1127,Sham19Y0020638,286,353,880,220,39
852,519,1127,Sham19Y0013223,156,745,1140,212,44
852,1277,1475,Sham19Y0013223,167,492,682,129,76
852,519,638,JK000216,366,595,705,86,92
852,586,1155,ShamAY0031687,185,472,1124,143,20
852,519,638,Shamela0008544,1142,387,489,75,80
852,519,638,Sham19Y0016599,994,714,833,93,100
852,586,1127,Sham19Y0017616,75,36,367,152,36
852,519,638,JK007065,237,385,504,93,100
852,519,830,Shamela0000137,1143,458,780,144,46
852,523,1127,Sham19Y0014601,1156,443,1132,130,16
852,519,638,Shamela0022720,13,555,655,78,84
853,1033,1286,Shamela0008176,1580,64,359,126,52
853,743,1286,Sham19Y0017747,529,93,703,327,58
853,768,1151,Shamela0008540,802,615,983,235,68
853,747,1557,Shamela0021590,416,322,1207,353,40
853,860,1198,Shamela0001673,1988,1,349,247,85
853,736,1243,ShamIbadiyya0000433,283,1089,1569,133,25
853,46,588,Shia001831Vols,210,805,1203,323,72
853,375,588,Shamela0000140,2165,453,669,167,91
853,684,1464,JK000201,580,403,1184,358,42
853,25,128,Sham19Y0122406,987,15,227,61,36
853,1039,1286,Shamela0011468BK1,410,661,1289,154,29
853,81,369,Sham19Y0013252,11492,1257,1374,80,34
853,799,1460,Sham19Y0016599,1039,328,1116,496,73
853,588,1286,Shamela0009242,1275,286,1136,353,41
854,904,1213,Sham19Y0017747,530,375,602,113,42
854,1045,1213,Shamela0008540,804,555,855,118,49
854,586,1150,Sham19Y0131521,978,946,1508,173,28
854,646,1026,Sham19Y0131521,3626,1174,1425,102,33
854,1107,1588,Shamela0001727,348,752,1174,131,27
854,1107,1588,Sham19Y0122406,989,570,992,131,27
854,590,1213,Sham19Y0149697,1391,886,1267,274,52
854,190,1588,Sham19Y0020638,288,231,1060,256,17
854,586,1371,Sham19Y0020638,1627,650,992,207,33
854,176,500,Sham19Y0016599,1040,58,369,176,61
854,285,701,Shamela0009242,1276,1117,1573,140,30
854,876,1213,Shamela0009242,1277,271,525,167,54
854,654,1035,Shamela0011993,426,449,702,191,61
854,204,880,Shamela0010517,386,903,1491,319,48
855,1143,1332,Shamela0008176,1770,943,1142,147,89
855,1,532,Sham19Y0017747,304,204,636,312,70
855,54,260,Shamela0008540,810,1374,1572,136,80
855,703,1004,Shamela0001727,349,16,310,115,36
855,1117,1332,Sham19Y0122401,914,1054,1259,167,95
855,54,388,Shamela0005756,3069,1051,1383,215,78
855,54,388,Shamela0005756,3074,226,558,215,78
855,95,260,JK000201,539,728,879,121,90
855,949,1660,ShamAY0033531,1157,376,885,412,70
855,1441,1660,Masaha001864Vols,5489,177,397,177,99
855,1135,1332,Sham19Y0122257,835,172,374,153,92
855,129,307,Sham19Y0013605,1107,151,294,94,63
856,271,428,Shamela0007798,2240,430,596,123,93
856,271,428,Shamela0000767,781,512,678,125,94
856,271,428,Sham19Y0148486,1021,203,369,125,94
856,271,428,Shamela0001727,349,477,643,125,94
856,261,428,Sham19Y0133367,88,537,721,126,83
856,266,428,Shamela0005922,915,759,929,127,93
856,271,428,Shia002218Vols,622,558,724,125,94
856,289,428,Shamela0004289,544,1,149,111,93
856,271,428,Sham19Y0122406,994,404,570,125,94
856,271,418,Shamela0026668,185,1311,1471,113,86
856,1,266,ShamAY0033531,1157,885,1112,181,84
856,271,428,Sham19Y0018144,705,997,1178,122,84
856,271,428,JK008250Vols,137,568,733,122,92
856,271,428,Sham19Y0021525,831,657,823,125,94
856,271,418,Shamela0026865,38,41,196,116,93
856,271,428,Sham19Y0020638,290,33,199,125,94
856,271,428,Masaha001864Vols,2673,470,630,120,90
856,1,908,Masaha001864Vols,5489,397,852,364,49
856,261,428,Sham19Y0017616,100,137,311,128,92
856,271,428,Shamela0022549,167,704,875,125,91
857,1093,1248,Sham19Y0013667,2359,891,1050,123,95
857,840,1195,Shamela0008540,606,1137,1523,198,57
857,582,1426,Sham19Y0131521,769,601,1412,415,51
857,951,1316,Sham19Y0127677,12538,55,308,202,68
857,804,1561,Shia001831Vols,211,210,772,399,62
857,942,1339,JK000201,3873,539,912,216,64
857,967,1358,Masaha001946Vols,548,858,1302,246,61
858,708,921,Sham19Y0013667,2706,1121,1338,151,80
858,148,1224,Shamela0008540,608,638,1509,526,55
858,1,192,Sham19Y0131521,770,972,1509,138,31
858,187,700,Sham19Y0131521,771,9,207,87,21
858,128,718,Masaha001946Vols,550,700,1359,223,30
858,356,688,Shamela0009242,582,566,974,229,69
858,1059,1183,Sham19Y0014601,951,791,916,95,95
858,794,1150,Sham19Y0013605,1070,970,1364,167,43
859,908,1389,Sham19Y0013667,1033,1039,1384,141,32
859,19,230,Sham19Y0013769,2190,1273,1440,119,69
859,43,349,Shamela0008176,1052,625,922,176,62
859,1020,1135,Shia003965Vols,10768,1328,1443,92,100
859,19,433,Shamela0001673,1536,933,1276,196,53
859,1,438,Sham19Y0014309,1401,971,1416,341,89
859,1020,1183,Sham19Y0014309,1659,775,926,122,91
859,908,1394,Shia001831Vols,211,811,1130,251,64
859,1,279,ShamAY0033522,28,1262,1522,212,92
859,279,433,ShamAY0033522,29,1,158,115,90
859,1,438,JK000201,983,468,910,342,90
859,1,465,JK000201,3874,655,1114,362,92
859,108,433,Shamela0023685,633,828,1103,154,52
859,797,944,Sham19Y0122406,1011,509,656,56,51
859,43,285,Sham19Y0127713,325,1229,1407,136,67
859,956,1375,Sham19Y0018144,4055,651,1017,152,34
859,491,934,Sham19Y0017791,2049,570,733,98,28
859,24,365,Masaha001946Vols,549,1,322,175,50
859,19,285,Shamela0000551,70,152,321,127,57
859,19,461,Shamela0009242,582,950,1431,345,87
859,996,1543,Sham19Y0023625,2317,406,1054,357,66
859,16,365,Sham19Y0122257,534,803,1123,188,61
859,542,944,Sham19Y0122257,3365,533,1008,93,16
859,1,187,Sham19Y0014601,950,1365,1551,152,100
859,187,577,Sham19Y0014601,951,1,292,206,65
860,465,1167,Sham19Y0013667,1031,845,1105,105,17
860,484,1167,Sham19Y0148486,1047,244,612,123,18
860,248,581,Shamela0008176,7483,769,934,97,37
860,446,973,Sham19Y0017747,293,288,726,240,52
860,465,1081,JK009242,189,405,563,99,19
860,248,581,Sham19Y0013614,820,142,307,97,37
860,1125,1539,Sham19Y0131521,776,398,783,292,85
860,248,1167,Shamela0001727,354,265,637,140,16
860,472,1167,JK006838,953,174,471,91,14
860,1,599,Shamela0003118,354,868,1445,151,23
860,1,1167,Sham19Y0127677,5909,496,1261,184,16
860,465,1167,Shamela0023644,958,94,380,119,19
860,1,391,Shia001831Vols,211,1135,1369,189,60
860,1,1167,Shamela0004289,397,67,826,187,16
860,465,1167,Sham19Y0122406,1010,8,294,119,19
860,1,541,JK000657,66,898,1428,109,17
860,541,1167,JK000657,67,1,233,79,14
860,248,606,Shamela0001875,241,792,993,112,34
860,248,606,Kraken230110004547,630,1070,1259,97,29
860,129,243,Sham19Y0018144,4055,1328,1469,73,63
860,248,606,Sham19Y0019230,715,959,1161,112,33
860,1,1167,Shamela0036446,1166,524,1287,186,16
860,1,1167,Shamela0025800,3258,451,1221,186,16
860,248,1167,ShamAY0034005,992,536,901,135,16
860,248,1167,Sham19Y0020638,295,20,392,140,16
860,1,567,Masaha001864Vols,1224,890,1439,121,17
860,513,1167,Sham19Y0146127,531,264,578,115,17
860,248,581,Sham19Y0016976,1863,539,704,97,37
860,465,1167,Shamela0008544,920,626,906,119,19
860,506,1005,Shamela0009242,531,694,1511,326,49
860,1,1167,Sham19Y0017616,71,293,1058,184,16
860,248,1167,JK007065,269,231,595,141,17
860,1167,1539,Sham19Y0014601,6430,222,555,213,67
860,248,581,Sham19Y0014119,649,986,1151,97,37
860,248,581,Sham19Y0017063,1559,1339,1504,97,37
860,179,396,Sham19Y0017063,1560,758,1005,168,82
860,248,567,Shamela0008360,908,1322,1473,86,34
861,1458,1566,Sham19Y0013667,1031,1232,1340,85,100
861,1073,1424,JK010001,1461,1163,1495,259,90
861,1073,1453,Tafsir07055,1541,556,936,301,97
861,1049,1332,Sham19Y0131521,776,1139,1557,172,50
861,1,365,Sham19Y0131521,776,783,970,117,39
861,281,745,Sham19Y0131521,781,451,834,262,67
861,1111,1442,Sham19Y0014309,1402,473,814,237,86
861,1,262,Sham19Y0014309,1402,110,356,183,84
861,281,839,Sham19Y0014309,1403,667,1230,344,70
861,1458,1566,Shamela0023100,125,37,168,85,82
861,281,655,Sham19Y0037618,568,869,1230,241,69
861,1458,1566,Sham19Y0018144,689,1043,1151,82,92
861,281,745,Sham19Y0018103,706,855,1337,174,38
861,1127,1265,Sham19Y0020638,1629,739,887,110,92
861,1102,1433,Masaha001946Vols,552,344,594,160,57
861,154,745,Sham19Y0016599,797,1,473,241,46
861,1458,1566,Sham19Y0017616,71,1187,1296,85,99
861,281,745,Sham19Y0013605,1054,24,603,206,38
862,608,1061,JK007054,540,22,712,273,44
862,962,1165,Shamela0000761,67,578,792,98,47
862,764,1347,Shamela0008176,7483,1092,1432,131,23
862,593,1347,JK009242,189,786,1311,152,21
862,491,904,Shamela0001727,354,892,1284,142,36
862,1,122,Shamela0001727,354,856,977,97,100
862,491,1347,JK006838,953,705,1250,176,24
862,1,344,Shia001901,370,291,678,138,34
862,525,1347,Shia001901,370,378,997,181,24
862,491,1347,Sham19Y0127677,5910,97,785,189,21
862,1,122,Sham19Y0127677,5910,61,182,97,100
862,1,122,Shamela0023644,958,599,720,97,100
862,491,904,Shamela0023644,958,635,1027,142,36
862,142,1303,Shia001831Vols,212,119,809,533,56
862,593,904,Sham19Y0122406,1011,1184,1422,103,40
862,1,344,JK000657,67,439,842,138,33
862,491,1347,JK000657,67,475,1160,185,21
862,1,122,Sham19Y0132524,614,1084,1205,97,100
862,1,122,Sham19Y0018144,689,1151,1271,89,89
862,70,573,Sham19Y0018144,4056,739,1249,360,84
862,1,122,Shamela0036446,1167,87,210,97,98
862,525,1347,Shamela0036446,1167,179,816,178,21
862,491,1347,Shamela0025800,3259,51,718,183,21
862,764,1347,Sham19Y0017791,2049,225,570,133,23
862,764,1385,ShamAY0034005,993,8,401,144,27
862,689,1226,Sham19Y0018272,731,874,1507,249,40
862,1,122,Sham19Y0020638,295,611,732,97,100
862,491,1385,Sham19Y0020638,295,647,1419,201,21
862,219,573,Sham19Y0020638,1629,943,1270,203,63
862,491,904,Masaha001864Vols,1225,452,844,142,36
862,1146,1324,Masaha001864Vols,4875,921,1127,136,82
862,764,1347,Sham19Y0016976,1863,860,1205,133,23
862,799,1347,Sham19Y0016976,1864,493,787,103,21
862,1,122,Sham19Y0017616,71,1296,1417,97,100
862,593,1385,Sham19Y0017616,72,66,661,163,20
862,1,344,JK007065,269,807,1229,138,32
862,491,904,JK007065,269,843,1253,159,39
862,764,1347,Sham19Y0122257,3366,644,984,131,23
862,760,1020,Sham19Y0017063,1560,1009,1539,180,40
862,764,1347,Shamela0008360,909,173,517,133,23
863,950,1459,ShamAY0033556,90,43,629,154,23
863,950,1459,Shamela0001727,355,678,1315,161,25
863,681,1149,Shia001831Vols,212,809,1329,319,67
863,1017,1459,Shamela0004289,1427,1,528,120,22
863,950,1459,Sham19Y0132524,616,327,960,158,25
863,1274,1459,Shamela0001875,226,89,255,86,56
863,950,1328,Sham19Y0018144,686,645,1164,121,23
863,743,945,Sham19Y0018144,4051,115,263,123,73
863,981,1459,Sham19Y0020638,296,868,1448,149,25
863,1003,1459,Masaha001864Vols,1230,57,530,116,23
864,878,1290,ShamAY0033556,90,1104,1387,88,21
864,12,217,Sham19Y0014299,342,711,916,154,95
864,32,204,Shia001831Vols,212,1374,1517,107,79
864,345,1519,Shia001831Vols,213,347,1141,586,60
864,878,1290,Shamela0004289,1427,997,1284,87,20
864,878,1290,Shamela0001875,226,728,1037,94,20
864,78,379,Sham19Y0018144,4051,1303,1562,147,54
864,544,965,Sham19Y0018144,4052,115,913,232,34
864,878,1473,Sham19Y0020638,297,456,1182,117,14
864,88,1442,Sham19Y0020638,1630,207,646,216,19
864,878,1290,Masaha001864Vols,1230,1011,1296,88,21
864,37,843,Masaha001864Vols,4376,1206,1602,297,44
865,1241,1649,Shamela0021495,152,623,1057,287,71
865,1024,1654,Sham19Y0013667,2433,577,1212,457,81
865,615,1219,Sham19Y0013769,731,162,778,378,67
865,678,983,Sham19Y0017747,545,624,926,211,84
865,1024,1380,Shamela0008540,1534,1198,1552,254,80
865,1380,1654,Shamela0008540,1535,1,246,190,84
865,1368,1620,Shamela0005756,2210,10,347,149,45
865,1024,1208,Shamela0004473,9904,918,1116,141,83
865,490,1231,Sham19Y0014309,1395,1,725,554,87
865,770,1147,Sham19Y0014827,363,1,293,149,43
865,726,889,JK000201,1140,1125,1274,121,91
865,297,418,Sham19Y0122406,1018,1096,1495,88,26
865,303,1260,ShamAY0033531,1008,784,1601,641,80
865,1231,1547,Sham19Y0018144,4827,247,842,191,34
865,387,904,Sham19Y0014224,440,124,558,250,53
865,1130,1592,Zaydiyya0000161,344,1070,1485,208,44
865,270,920,Masaha001864Vols,4134,954,1548,465,86
865,920,1310,Masaha001864Vols,4135,1,750,296,47
865,726,889,Shamela0009242,1340,401,550,121,91
865,1050,1547,Sham19Y0013605,1435,279,712,270,57
865,632,1156,Sham19Y0013605,3110,579,724,90,20
866,1351,1554,Sham19Y0013667,2429,466,675,129,65
866,1,376,Sham19Y0013667,2433,1212,1593,291,92
866,636,920,Sham19Y0013769,731,1354,1639,237,99
866,429,648,Sham19Y0013769,732,172,466,113,40
866,1,654,Shamela0008540,1535,246,959,513,87
866,1356,1554,Shamela0008540,1538,714,891,124,75
866,1046,1170,Sham19Y0131521,1763,160,287,96,96
866,1,384,Shamela0005756,2210,357,722,278,86
866,640,869,Shamela0004473,9914,812,1022,165,83
866,14,310,Shamela0000427BK2,1577,904,1175,135,51
866,1,245,Shia001831Vols,213,1400,1578,133,68
866,640,931,ShamAY0033531,1012,635,841,150,60
866,34,305,Sham19Y0018103,1009,1092,1306,153,70
866,636,968,Sham19Y0014224,440,1291,1623,274,99
866,390,694,Sham19Y0014224,441,74,320,175,68
866,1,330,Zaydiyya0000161,345,63,418,261,91
866,34,305,Sham19Y0013605,1435,717,942,152,68
867,10,576,Sham19Y0013769,732,887,1203,222,47
867,132,530,Shamela0008176,1863,151,423,207,61
867,687,1614,Shamela0008540,1560,760,1562,591,74
867,103,581,Sham19Y0131521,1826,435,861,292,72
867,114,354,Sham19Y0122401,899,1286,1526,194,99
867,361,586,Sham19Y0122401,900,6,164,114,61
867,10,570,Shamela0005756,10823,1196,1468,190,41
867,799,1024,Sham19Y0127677,19447,1216,1421,144,78
867,190,372,Shamela0004473,9905,885,1072,135,90
867,364,581,Shamela0004473,9906,133,333,138,77
867,99,570,Sham19Y0014309,1395,799,1296,366,89
867,99,744,Shia001831Vols,214,271,629,271,50
867,1107,1524,JK000201,1150,1150,1543,313,88
867,1,503,Shamela0023628,347,939,1540,373,76
867,99,488,Shia001845Vols,203,1162,1554,298,89
867,695,1204,ShamAY0033531,1026,1117,1606,386,91
867,1204,1614,ShamAY0033531,1027,1,324,258,77
867,99,570,ShamAY0033531,1047,331,820,379,95
867,6,581,Sham19Y0014224,441,594,1102,395,84
867,1107,1614,Sham19Y0013252,2271,758,1031,217,51
867,99,581,Shamela0011036,781,233,592,281,70
867,1107,1614,Shamela0009242,1367,510,1205,377,62
867,1107,1614,Sham19Y0122257,861,803,1290,380,88
867,1,530,Sham19Y0122257,865,232,591,235,54
868,1058,1543,Sham19Y0013667,2451,823,1184,234,55
868,41,482,Sham19Y0013769,733,754,1257,185,38
868,14,1012,Shamela0008540,1561,1,878,671,82
868,1123,1543,Sham19Y0131521,1766,6,423,335,98
868,348,568,Sham19Y0131521,2784,8,170,114,64
868,753,1023,Sham19Y0131521,2785,203,474,202,91
868,1028,1543,Shamela0026568,1131,828,1402,363,72
868,283,710,ShamIbadiyya0000433,240,214,654,264,65
868,283,729,JK000201,1137,275,773,287,65
868,1,239,JK000201,1151,88,329,193,98
868,1028,1543,Shamela0023685,1304,344,918,363,72
868,275,710,Sham19Y0122406,1026,1099,1397,166,47
868,322,1023,ShamAY0033531,1027,336,1021,551,97
868,1,275,Sham19Y0013252,2271,1031,1290,191,83
868,283,710,Shamela0009242,1337,28,524,287,66
868,1,308,Shamela0009242,1367,1205,1526,209,81
869,1026,1248,Sham19Y0018259,139,372,598,157,83
869,405,1248,Shamela0007891,588,261,636,249,37
869,986,1248,Sham19Y0013667,2436,1197,1394,149,72
869,1,348,Sham19Y0013667,2451,1184,1477,232,84
869,986,1259,Sham19Y0148486,1743,365,646,159,64
869,1010,1187,JK000977,604,1213,1381,126,88
869,986,1248,Shamela0001719,2078,74,325,194,93
869,1023,1224,JK010001,275,36,224,148,93
869,514,1248,Shia000841Vols,1933,1222,1519,224,38
869,592,963,Shamela0008540,1540,38,400,286,94
869,1,348,Shamela0008540,1541,126,420,232,84
869,986,1243,Shamela0025794,55,1038,1315,149,61
869,405,1248,Tafsir07055,285,395,807,263,39
869,527,963,Sham19Y0131521,1765,469,914,326,84
869,1023,1259,JK007128,89,365,575,153,82
869,527,1248,Shamela0001727,360,1,422,250,38
869,1023,1243,Sham19Y0013572,128,1261,1469,153,88
869,514,1248,Sham19Y0127700,132,380,714,227,38
869,527,1243,Shamela0005756,4331,268,984,214,24
869,986,1248,Shamela0012403,587,570,749,127,62
869,1026,1248,Shamela0004473,8258,279,484,162,92
869,1023,1182,Sham19Y0013253,265,1408,1563,115,86
869,991,1248,Sham19Y0014827,934,859,1112,181,87
869,546,1248,Sham19Y0122406,1028,531,1277,257,32
869,192,348,Sham19Y0122406,1029,84,289,89,53
869,192,581,Sham19Y0132524,625,1030,1482,145,31
869,405,1071,Shamela0001875,466,1204,1416,124,23
869,1071,1248,Shamela0001875,467,1,165,130,92
869,1023,1224,Kraken230110004547,247,244,439,147,89
869,986,1308,JK008250Vols,713,336,1055,105,16
869,1026,1248,Shamela0025800,1478,19,246,165,87
869,509,1248,Shia003732Vols,3439,810,1138,213,35
869,986,1243,ShamAY0034005,314,79,319,183,89
869,514,1248,Sham19Y0020638,301,6,346,224,37
869,986,1259,Shamela0012981,137,93,352,159,65
869,986,1248,Sham19Y0016555,93,682,958,150,61
869,1026,1248,Shamela0008463,772,349,559,147,81
869,517,1248,Sham19Y0146127,894,19,409,206,33
869,986,1259,Shia002119Vols,670,196,364,121,57
869,1007,1248,JK007065,58,1130,1368,165,84
869,986,1259,Sham19Y0148271,1746,498,806,159,60
870,745,1284,Sham19Y0013667,2455,255,761,363,78
870,759,1284,Shamela0008540,1570,537,1001,364,85
870,413,759,Shamela0001727,360,530,788,130,37
870,889,1183,Sham19Y0014309,1729,562,826,207,87
870,471,1094,Shia001831Vols,214,1064,1377,223,44
870,93,468,Shamela0025800,1478,32,396,107,27
870,831,1015,Shamela0009242,1349,1338,1507,136,91
870,1015,1232,Shamela0009242,1350,1,236,139,72
870,831,1151,Sham19Y0014601,2167,1102,1407,245,95
870,853,1178,Sham19Y0013605,1429,1,258,205,78
871,1258,1514,Shamela0021495,87,1085,1379,136,47
871,1258,1514,Shamela0006610,304,597,988,129,40
871,1254,1514,JK006897,139,522,778,130,54
871,1292,1514,Sham19Y0131521,1602,566,821,81,33
871,779,1258,Sham19Y0131521,2787,901,1385,318,72
871,1302,1514,Shamela0021590,431,694,1004,98,35
871,754,1404,Shamela0001727,362,496,1112,168,20
871,1292,1514,Shamela0001727,363,1,225,82,34
871,1292,1514,Shamela0117359,297,121,376,81,33
871,1265,1514,Shamela0005922,1153,6,362,130,44
871,754,1397,Sham19Y0122406,1034,855,1483,255,37
871,1292,1514,Sham19Y0122406,1036,29,253,82,34
871,1351,1514,Sham19Y0132524,630,1,300,98,41
871,1265,1514,Shamela0001875,301,843,1297,129,34
871,1377,1514,Sham19Y0018144,3707,72,509,78,21
871,1265,1414,Shamela0025800,1420,864,1011,106,88
871,1258,1439,Shamela0025800,1421,180,539,104,34
871,1265,1439,ShamAY0034005,239,863,1237,108,35
871,1254,1514,Sham19Y0020638,302,306,1018,180,31
871,1258,1514,JK007116,17,213,525,135,53
871,1292,1439,Sham19Y0146127,825,1,494,100,26
871,1414,1514,Shamela0009242,1272,6,128,58,56
871,1254,1472,Sham19Y0017616,118,147,497,135,50
871,1292,1514,Sham19Y0014601,1909,941,1214,82,32
871,308,584,Sham19Y0013605,1430,1352,1531,123,53
872,1,255,Sham19Y0020944,227,132,405,143,63
872,50,866,Shamela0021495,88,1,378,249,37
872,1,188,Sham19Y0016584,908,1232,1389,117,79
872,1,181,Shamela0000767,834,448,594,106,75
872,1,181,Sham19Y0148486,1800,1222,1386,127,90
872,1,251,Shamela0006610,304,988,1150,127,64
872,1,251,Shamela0006610,336,108,264,118,60
872,1,251,JK000196,864,359,513,114,57
872,1,255,Sham19Y0019188,698,1014,1274,158,77
872,1,188,Sham19Y0019188,756,1244,1433,143,93
872,1,188,JK000977,609,206,392,140,95
872,1,188,JK006897,139,802,1017,144,84
872,1,232,JK000110,216,1092,1294,130,69
872,1,251,Shia000841Vols,1279,1136,1359,162,80
872,21,251,Shia000841Vols,2077,973,1090,80,44
872,1,251,JK006883,19,1383,1521,109,55
872,251,494,Shamela0008540,1409,515,656,106,54
872,1,791,Shamela0008540,1410,651,1477,347,40
872,787,1007,Shamela0008540,1411,7,186,126,72
872,1,181,Sham19Y0131521,1602,821,981,124,87
872,222,392,Sham19Y0131521,1606,52,275,120,66
872,1,251,Shamela0021590,431,1004,1162,119,61
872,1,251,Shamela0009059BK3,236,1128,1282,114,57
872,1,188,Sham19Y0016684,412,707,864,118,80
872,1,188,Shamela0001727,363,249,434,145,98
872,1,251,Sham19Y0127700,125,933,1185,141,63
872,1,188,Shamela0005756,3843,991,1148,118,80
872,1,181,Shamela0117359,297,376,536,124,87
872,1,255,Shamela0005922,1153,386,654,177,80
872,1,251,JK000271,87,472,733,184,88
872,1,188,ShamIbadiyya0000433,223,996,1212,145,84
872,1,298,Sham19Y0017903,335,685,968,167,69
872,1000,1544,Shia001831Vols,215,199,525,221,48
872,1,188,JK000201,933,835,993,121,81
872,1,188,Shamela0021619BK2,458,406,572,104,61
872,1,251,Shamela0004289,709,911,1319,175,53
872,1,188,Sham19Y0122406,1036,277,462,144,97
872,1,188,JK009324,639,202,365,121,81
872,1,222,Shamela0037837,199,1334,1448,83,45
872,1,251,Shamela0021677,497,912,1081,119,58
872,21,188,Sham19Y0132524,630,917,1086,130,96
872,1,116,Shamela0001875,301,1297,1410,89,98
872,116,251,Shamela0001875,302,1,149,98,82
872,1,251,Shamela0001875,479,855,1119,184,87
872,1,188,Sham19Y0037618,771,103,260,117,79
872,1,188,Sham19Y0037618,1361,1218,1365,110,74
872,251,990,ShamAY0033531,896,94,732,493,83
872,1,181,ShamAY0033945,346,1100,1260,124,87
872,1,188,Sham19Y0018106,792,499,656,118,80
872,1,188,Sham19Y0018144,508,351,526,130,86
872,485,881,Sham19Y0018144,3707,39,385,243,71
872,1,188,Shamela0036446,211,294,452,120,81
872,1,150,JK007107,73,1397,1517,91,77
872,271,791,Sham19Y0018103,741,56,281,154,37
872,1,188,Sham19Y0018103,902,719,876,118,80
872,1,188,Shamela0025800,1465,1126,1284,121,81
872,1,298,Sham19Y0017729,170,515,798,169,70
872,1,246,Sham19Y0020638,302,1042,1415,177,60
872,1147,1279,Sham19Y0020638,1631,909,1068,85,66
872,1,246,ShamAY0031687,673,1134,1436,163,64
872,1,181,Sham19Y0020591,402,17,437,124,35
872,1,251,Shamela0011468BK1,248,966,1120,114,57
872,1,188,Shamela0021766,4472,844,1003,120,80
872,742,994,Sham19Y0013252,1579,1106,1311,154,77
872,1,188,Sham19Y0013252,1932,1113,1270,117,79
872,1,251,ShamAY0034251BK3,164,1055,1209,114,58
872,1,255,JK007116,17,550,768,138,64
872,1,188,Shamela0008463,547,1182,1380,142,90
872,1,255,Shamela0011036,522,438,656,138,64
872,1,543,Shamela0012052,491,148,414,140,29
872,1,251,Shamela0008544,1371,836,1193,177,62
872,1,188,Shamela0009242,1272,128,344,145,84
872,1,188,Shamela0000041,2591,1346,1504,121,81
872,1,262,Sham19Y0014580,496,822,961,89,42
872,1,188,Shamela0021642,567,1169,1385,140,79
872,1,251,Sham19Y0020699,293,507,717,123,60
872,1,188,Shamela0000137,1641,1258,1416,120,81
872,543,866,Sham19Y0014601,1911,142,341,137,51
872,1,251,Shamela0021731,146,971,1233,123,50
872,32,188,Sham19Y0013783,452,245,397,101,76
872,1,130,Shia000107Vols,1015,835,959,97,96
872,1,188,Sham19Y0014325,918,510,701,145,95
872,1,251,Shamela0009059BK2,864,842,996,114,57
872,21,255,Sham19Y0022884,91,877,1115,148,70
872,262,787,Sham19Y0013605,1098,750,1004,181,43
872,1,232,Sham19Y0013605,1303,821,1023,130,69
873,595,907,Shamela0001727,364,97,1063,222,29
873,617,1076,Shamela0026568,1137,520,916,253,61
873,696,1017,Shamela0005922,807,508,990,192,48
873,1017,1517,Sham19Y0014309,1629,1,618,392,79
873,1,423,Shia001831Vols,215,525,891,248,72
873,621,1076,Shamela0023685,1310,65,450,255,64
873,595,915,Sham19Y0122406,1038,82,1044,226,30
873,663,907,Shamela0001875,293,18,249,143,67
873,595,907,Sham19Y0037618,1297,917,1137,103,34
873,1195,1345,Sham19Y0014224,247,8,155,103,83
873,621,1076,Sham19Y0020638,303,234,1123,291,41
873,652,907,Sham19Y0146127,369,268,718,160,41
874,696,1071,Sham19Y0017350,284,1275,1569,216,70
874,1,116,Sham19Y0017350,284,297,414,87,94
874,612,1094,Sham19Y0013769,474,994,1508,280,59
874,126,488,Sham19Y0013769,475,236,557,255,87
874,6,904,Shamela0008540,1562,1067,1507,198,25
874,837,963,Sham19Y0131521,1790,1372,1498,100,100
874,773,1091,Shamela0005756,4376,938,1232,215,80
874,1,116,Sham19Y0014309,1629,618,728,85,89
874,571,773,ShamAY0033531,1027,1286,1460,132,77
874,340,598,ShamAY0033531,1030,1,313,196,76
874,760,1112,Sham19Y0014224,246,15,381,268,91
874,169,598,Shamela0009242,710,1117,1544,305,81
874,701,1063,Sham19Y0013605,1438,112,468,241,77
875,5,209,Kraken220413194022,2136,297,489,138,82
875,439,755,Sham19Y0017350,291,763,1076,235,91
875,458,749,Sham19Y0013769,483,146,419,164,62
875,1,278,Sham19Y0013769,2076,1246,1546,216,90
875,5,209,Shamela0010284,398,24,216,138,82
875,12,428,Shamela0008540,1564,244,793,226,41
875,12,463,Sham19Y0131521,1792,141,581,301,76
875,444,797,Shamela0001727,365,867,1114,61,14
875,71,408,Shamela0026568,1138,1,230,170,63
875,233,439,Sham19Y0014309,3024,1,201,152,86
875,1,749,Shia001831Vols,215,925,1520,386,62
875,1,408,Shamela0023685,1310,973,1266,221,68
875,1,195,Shamela0012399,613,986,1158,127,79
875,5,209,JK000380,33,132,324,138,82
875,1,444,Shia001845Vols,114,1,309,198,52
875,1,143,Sham19Y0037618,1297,1333,1475,114,100
875,143,428,Sham19Y0037618,1298,1,279,225,96
875,797,1554,ShamAY0033531,1014,1031,1454,339,55
875,477,760,Sham19Y0018144,4168,314,614,227,94
875,1,408,Shia003732Vols,3446,532,853,244,74
875,561,760,Sham19Y0014224,255,14,196,120,74
875,903,1562,Sham19Y0014224,438,682,1430,490,78
875,90,659,Sham19Y0020638,1632,1,446,162,27
875,402,769,Shamela0009242,683,1,648,221,40
875,5,209,Shamela0009690,2038,970,1162,138,82
875,1,250,Sham19Y0014601,2161,1308,1549,191,95
875,250,439,Sham19Y0014601,2162,1,186,149,96
876,1226,1387,Sham19Y0020561,1444,935,1183,124,62
876,1226,1440,Rafed0003537Vols,239,1062,1383,124,48
876,397,961,Shamela0021495,157,1,576,286,46
876,71,444,Sham19Y0017747,555,969,1254,213,69
876,1086,1387,Shia000841Vols,1974,513,1131,175,35
876,853,1393,Shamela0008540,1545,260,831,428,93
876,1086,1425,Shamela0001727,366,561,1154,175,32
876,1086,1526,Shamela0026568,1134,471,999,156,29
876,1247,1372,Sham19Y0013572,671,1,199,83,46
876,710,966,Shamela0005756,2800,1317,1529,112,50
876,966,1387,Shamela0005756,2801,1,435,338,96
876,853,1068,Shamela0005756,4400,1107,1432,171,65
876,1226,1387,Shamela0004473,9926,184,523,116,43
876,1226,1440,Shamela0005922,1212,1150,1422,141,62
876,1086,1526,JK000271,99,187,667,207,46
876,843,1425,Shia001395Vols,1068,241,887,146,20
876,1086,1526,Shamela0023685,1307,42,579,154,29
876,1086,1407,JK007107,225,1011,1497,189,48
876,1226,1387,Sham19Y0123608,408,734,895,124,94
876,1226,1440,Shia003732Vols,3440,1132,1486,118,42
876,1086,1526,Sham19Y0020638,305,763,1284,181,36
876,833,1387,JK005200,128,475,794,144,32
876,1086,1462,Shamela0011036,753,588,1499,233,32
876,1466,1584,Shamela0011036,754,1,119,95,100
876,848,1313,Shamela0011036,758,523,656,92,25
876,71,313,Sham19Y0016599,861,1310,1575,193,89
876,1086,1372,JK007065,737,788,1178,158,49
877,934,1489,Sham19Y0020561,1445,1060,1410,245,53
877,663,1035,ShamAY0034441,397,1149,1445,190,60
877,493,1108,Sham19Y0013667,1003,422,846,198,33
877,1121,1479,Sham19Y0148486,1775,736,1352,246,50
877,493,1035,Shamela0006610,331,706,1500,180,24
877,1332,1489,Shamela0026730,7,389,552,112,87
877,956,1322,Sham19Y0019188,733,1017,1443,179,45
877,953,1326,JK000977,616,726,1378,261,49
877,663,883,Shamela0012293,6005,1,211,141,75
877,759,1305,JK010001,290,535,1287,177,22
877,1118,1314,Shamela0010444,36,169,376,129,73
877,1165,1322,Shamela0025794,424,9,178,118,88
877,692,1305,Tafsir07055,301,742,1573,195,23
877,663,871,Shamela0011428,710,974,1191,162,94
877,66,582,Shamela0001727,366,895,1348,145,23
877,493,1035,Shamela0001727,367,1,676,304,50
877,1158,1489,Shamela0001727,368,1,555,250,56
877,956,1322,Shamela0000432,145,743,1266,176,37
877,953,1108,Shamela0021605,1547,309,487,115,82
877,1335,1489,Shia002702Vols,5971,1,155,122,98
877,946,1322,JK000786,759,826,1125,167,48
877,969,1322,JK000786,3869,664,1075,169,41
877,953,1332,Sham19Y0013572,422,121,440,166,47
877,663,836,Sham19Y0017437,607,1331,1507,135,96
877,946,1332,Sham19Y0127700,133,499,848,176,45
877,969,1305,ShamAY0033910,120,37,325,141,52
877,666,1063,Shamela0005756,4397,606,923,210,65
877,493,861,Shamela0006947,17462,307,786,218,53
877,1332,1479,Shamela0006947,17464,436,582,112,93
877,1118,1322,Shamela0006947,17466,560,770,138,80
877,953,1108,ShamAY0032376,1339,556,734,118,84
877,969,1305,JK000130,120,1092,1383,140,51
877,472,1211,JK000271,100,23,653,240,32
877,152,587,Shia001831Vols,216,8,300,203,55
877,663,1108,JK006950,1413,38,384,197,53
877,493,861,JK006950,1442,239,1130,209,29
877,780,1286,Sham19Y0122406,1048,773,1457,285,45
877,1286,1489,Sham19Y0122406,1049,1,428,148,43
877,1121,1314,JK009324,420,59,239,121,75
877,1035,1236,Sham19Y0132524,635,1309,1486,97,60
877,502,644,Sham19Y0149697,10979,668,850,98,69
877,678,1236,Shia002003Vols,306,811,1280,157,26
877,666,861,ShamAY0033531,1018,1213,1402,147,94
877,953,1326,ShamAY0033531,1020,30,722,152,24
877,1162,1335,Kraken230110004547,248,694,872,121,77
877,493,861,JK000381,7136,162,1053,209,29
877,755,1247,Sham19Y0018144,760,632,1284,207,32
877,1174,1471,Sham19Y0018144,761,1,395,152,41
877,960,1322,Shamela0025800,1490,980,1286,161,51
877,1044,1489,Shamela0025800,1491,16,206,127,35
877,925,1108,Sham19Y0018611,549,827,998,119,83
877,956,1322,Sham19Y0123608,411,245,806,197,38
877,493,1112,Shamela0010657,565,506,1052,236,37
877,969,1332,ShamAY0034005,318,716,1209,187,39
877,506,1489,Sham19Y0020638,306,29,1343,600,53
877,493,861,ShamAY0034371,216,725,1204,218,53
877,1332,1479,ShamAY0034371,218,903,1048,111,92
877,1118,1322,ShamAY0034371,220,1100,1311,138,80
877,969,1305,JK000475,78,531,820,152,49
877,956,1322,Shamela0008463,792,518,1026,177,38
877,566,1108,Sham19Y0146127,910,676,1376,283,42
877,493,861,Sham19Y0146127,910,221,642,143,33
877,953,1479,Sham19Y0146127,911,128,719,303,58
877,488,1489,Sham19Y0016599,858,363,1143,548,69
877,493,861,Kraken220413194135,225,743,1184,192,47
877,1332,1479,Kraken220413194135,227,793,938,109,91
877,663,1108,Shamela0009690,679,54,438,234,60
877,1178,1322,JK007065,403,25,178,116,94
877,953,1322,Shamela0000137,798,941,1311,162,43
877,493,1108,Shamela0000137,799,492,1086,245,42
877,1135,1489,Shamela0000137,800,104,616,181,42
877,502,1322,Sham19Y0014601,2132,745,1343,391,56
877,516,861,Sham19Y0014601,2143,846,1304,197,46
877,678,861,JK001287,9,1191,1354,114,79
877,1150,1322,Sham19Y0148271,956,1026,1215,128,85
877,956,1108,ShamAY0032275,163,1270,1396,89,75
878,1238,1529,Shamela0021848BK3,510,1,229,184,77
878,20,1458,Shamela0021495,158,693,1494,367,29
878,280,577,Sham19Y0013667,1004,506,797,227,95
878,720,1004,Sham19Y0013667,1009,1086,1370,200,84
878,8,203,Sham19Y0013769,728,205,402,142,91
878,1,1061,Sham19Y0013769,2261,286,1545,670,58
878,1061,1180,Sham19Y0013769,2262,1,120,97,100
878,276,403,Shamela0003055,1084,76,203,100,100
878,685,1447,Shamela0008540,1551,452,1159,425,61
878,280,577,Shamela0008540,1553,55,355,234,98
878,20,1434,Sham19Y0131521,1778,729,1531,529,44
878,1,203,Shamela0001727,368,555,764,162,96
878,734,877,Sham19Y0150676,2322,1129,1267,95,84
878,627,1061,Shia002702Vols,5970,933,1541,277,53
878,1,203,Shia002702Vols,5971,155,357,162,100
878,20,549,Shia002702Vols,5971,810,1359,236,45
878,1,215,Sham19Y0013572,422,1068,1290,163,91
878,685,1447,Shamela0005756,2800,408,833,308,48
878,58,464,Shamela0005756,2803,147,522,186,57
878,1,203,Shamela0000894,2001,336,545,162,96
878,711,892,Shamela0001673,1765,1205,1390,135,91
878,1,203,Shamela0006947,17464,582,783,155,91
878,595,1193,Shia001831Vols,216,883,1245,261,54
878,1,203,JK006950,1444,848,1030,140,83
878,584,738,ShamAY0033522,196,1270,1432,121,93
878,738,1529,ShamAY0033522,197,1,630,495,77
878,1,207,JK000201,490,334,546,161,94
878,595,1055,JK000201,490,1106,1518,232,59
878,276,590,JK000201,492,742,1248,198,49
878,1,203,Sham19Y0122406,1049,428,637,162,96
878,1,203,JK000381,7138,777,959,140,83
878,1,215,JK007107,227,230,444,165,96
878,276,711,Sham19Y0018103,689,356,795,193,41
878,1,215,Shamela0025800,1491,206,426,163,91
878,584,711,Shia003732Vols,3442,1373,1497,99,97
878,692,1529,Shia003732Vols,3443,111,811,539,80
878,8,530,Sham19Y0014224,437,981,1568,291,54
878,1,203,ShamAY0034371,218,1048,1249,155,91
878,1,191,Shamela0003722,2023,792,972,122,72
878,734,1080,Shamela0000551,602,798,1186,152,44
878,1,233,Sham19Y0016599,858,1143,1366,174,93
878,276,577,Sham19Y0016599,859,976,1189,163,68
878,685,1378,Sham19Y0016599,860,94,756,411,66
878,730,1080,Shamela0009242,1362,273,776,176,42
878,1,203,JK007065,403,1153,1362,161,95
878,339,535,Shamela0007349,279,1223,1482,124,57
878,1,203,Shamela0000137,800,616,824,161,96
878,1,203,Shamela0000137,851,676,884,161,96
878,272,424,Sham19Y0014601,2132,1343,1513,120,89
878,276,627,Sham19Y0013783,3148,1131,1422,207,73
878,530,1186,Shamela0023777,1037,45,1498,492,40
878,1186,1529,Shamela0023777,1038,1,465,256,68
878,276,1525,Sham19Y0013605,1031,687,1393,447,42
879,1302,1453,Sham19Y0020561,1373,1353,1516,118,92
879,1,218,Shamela0021848BK3,510,229,449,172,94
879,1125,1453,Shamela0001733,2284,967,1213,144,53
879,1,218,Shamela0021495,159,31,148,91,52
879,1,224,Sham19Y0013769,728,661,948,153,60
879,1171,1457,JK000977,618,524,717,135,58
879,1297,1514,Shia000841Vols,1617,9,360,61,16
879,13,148,Sham19Y0131521,1779,444,591,111,91
879,823,1453,Shamela0001727,368,706,1287,242,40
879,1,224,Shia002702Vols,5971,634,1049,173,51
879,1102,1514,JK000786,284,24,369,175,43
879,1174,1453,ShamAY0033910,285,1254,1435,121,53
879,1312,1508,Sham19Y0127677,5019,648,827,122,73
879,1289,1462,Sham19Y0127677,19593,797,982,119,76
879,1,229,Shamela0000894,2001,879,1120,184,93
879,1,229,Shamela0006947,17470,238,441,165,89
879,86,218,Shamela0006140,150,563,946,92,30
879,1158,1508,JK007049,48,90,415,180,53
879,1306,1514,JK000271,57,1095,1405,152,62
879,1,148,JK000201,493,515,661,119,97
879,1267,1453,Shamela0004289,587,4,179,117,80
879,1125,1453,Sham19Y0016817,378,706,941,173,67
879,1074,1453,Sham19Y0122406,1051,191,470,210,69
879,285,435,Sham19Y0122406,4667,1,152,119,99
879,1312,1514,Sham19Y0132524,636,885,1195,151,62
879,1294,1514,ShamAY0033531,876,78,298,172,100
879,1174,1514,Sham19Y0018144,682,753,1035,169,57
879,1092,1453,Sham19Y0036114,271,1089,1317,125,42
879,1083,1414,JK007107,137,1378,1536,96,35
879,1,218,Shia003732Vols,3443,811,968,122,70
879,1,229,Sham19Y0014224,438,130,356,165,83
879,823,1514,Sham19Y0020638,307,51,399,186,34
879,1338,1508,Sham19Y0017616,91,1,210,112,69
879,1165,1377,Shia002119Vols,757,1297,1411,82,48
879,1,218,Shamela0023777,1038,465,650,149,85
880,720,863,Shia000841Vols,1617,957,1136,114,79
880,720,1036,ShamIbadiyya0000229,1378,690,1005,148,46
880,24,626,Shamela0008540,1385,670,1242,418,86
880,727,863,Sham19Y0131521,1024,439,964,102,24
880,1,361,Sham19Y0131521,1571,847,1249,274,86
880,687,1269,Shamela0001727,369,210,774,220,34
880,1211,1541,Shamela0000432,5127,239,617,252,79
880,727,863,JK001236,181,1266,1406,108,97
880,720,952,Sham19Y0127700,110,375,588,134,65
880,1203,1541,Sham19Y0014309,3063,886,1216,269,97
880,1395,1533,JK000201,957,1141,1277,112,97
880,720,867,Shamela0004289,496,774,929,115,93
880,10,147,Sham19Y0016817,378,1255,1437,101,67
880,147,774,Sham19Y0016817,379,1,686,458,83
880,687,1269,Sham19Y0122406,1052,57,1400,317,27
880,720,1012,Sham19Y0145212,849,654,942,167,67
880,676,952,Sham19Y0132524,637,267,551,127,40
880,39,396,Sham19Y0037618,1138,1170,1526,283,99
880,396,617,Sham19Y0037618,1139,1,219,177,98
880,1,774,ShamAY0033531,876,298,1083,578,91
880,720,863,Shamela0036446,1311,1200,1345,106,89
880,711,863,Sham19Y0147597,1552,577,738,118,90
880,720,1390,Sham19Y0020638,307,589,1134,230,31
880,715,863,Sham19Y0013252,1850,336,484,110,91
880,65,239,Sham19Y0013252,1870,941,1112,127,85
880,720,863,Sham19Y0016976,438,830,983,114,93
880,720,863,JK007065,318,1161,1312,114,94
880,720,1012,Sham19Y0014119,145,925,1199,168,70
880,720,1012,Shamela0008360,145,462,754,169,70
881,1,751,Shamela0000432,5127,617,1023,303,48
881,533,758,Shamela0000894,519,363,556,120,61
881,1,691,Sham19Y0014309,3063,1216,1596,304,53
881,220,416,Shia001831Vols,217,172,365,155,96
881,1,196,JK000201,957,1277,1471,157,99
881,201,638,Sham19Y0013605,1130,1142,1485,158,39
882,90,275,Sham19Y0018259,127,1208,1433,148,82
882,476,624,Shamela0012415,97,740,1103,113,39
882,90,275,Sham19Y0013667,2234,764,966,133,79
882,1408,1561,Sham19Y0013769,632,133,288,113,84
882,90,275,Shamela0000767,523,921,1126,147,89
882,753,915,Sham19Y0017747,1079,188,378,129,81
882,753,915,Shia000841Vols,724,625,794,130,94
882,90,275,Shia000841Vols,1699,644,867,147,82
882,559,965,Shamela0008540,646,906,1218,224,65
882,275,417,Shamela0008540,1606,852,994,113,100
882,753,915,Shamela0025791,753,480,1044,108,23
882,90,624,Shamela0001727,370,691,1187,255,45
882,275,417,Shamela0000432,5127,1091,1233,113,100
882,90,275,Shamela0004473,9272,342,566,148,82
882,85,275,Sham19Y0014309,1758,1074,1275,150,92
882,513,909,Sham19Y0017419,176,411,776,135,30
882,90,275,Sham19Y0017903,227,1009,1233,148,82
882,90,275,Shamela0004289,514,546,751,148,90
882,90,215,Sham19Y0122406,1054,1346,1472,99,99
882,513,1183,Sham19Y0122406,1057,64,560,183,28
882,90,275,Sham19Y0132524,638,749,973,148,82
882,481,624,Shamela0001875,270,126,306,112,78
882,90,275,Shamela0001875,304,730,954,148,82
882,90,275,Kraken230110004547,251,142,318,121,78
882,85,275,JK007107,204,725,951,147,80
882,85,275,Shamela0025800,1513,784,1015,150,80
882,90,215,Sham19Y0017729,119,1293,1419,99,99
882,753,915,Sham19Y0132416,101,1,366,105,34
882,532,861,Sham19Y0018272,163,1139,1549,183,54
882,90,624,Sham19Y0020638,308,58,616,239,37
882,481,624,Sham19Y0017616,75,1266,1449,112,77
882,753,915,Shamela0096232,59,1134,1296,132,100
882,154,275,JK007065,1277,1,160,97,76
882,90,275,Shamela0000137,1158,968,1192,148,82
883,1,522,Sham19Y0013769,632,680,1092,288,67
883,498,1519,ShamIbadiyya0000229,988,219,1454,758,75
883,1,197,Shamela0008540,649,1381,1548,126,80
883,927,1179,Shamela0001727,371,1011,1468,162,44
883,1179,1434,Shamela0001727,372,21,488,176,46
883,1008,1399,Shamela0004289,675,890,1453,212,42
883,940,1451,Sham19Y0122406,1059,110,1075,341,44
883,994,1328,JK007107,168,957,1434,222,58
883,1,522,Sham19Y0014224,362,967,1476,402,96
883,940,1519,Masaha001864Vols,4970,92,266,136,29
883,1,518,Shamela0009242,1140,763,1138,281,66
883,1139,1459,Sham19Y0032195,290,811,1116,146,50
884,577,959,Sham19Y0020944,276,439,862,147,30
884,583,820,JK007083,66,1126,1387,173,80
884,583,820,Shamela0007891,577,549,982,172,49
884,655,824,Sham19Y0148486,1582,640,817,125,86
884,1196,1357,Shamela0008176,1819,1034,1219,113,68
884,456,820,Sham19Y0017747,2748,1022,1430,132,29
884,583,858,JK000977,629,446,907,168,45
884,663,820,Shamela0001719,1490,308,455,116,93
884,568,814,Shamela0028107,291,1139,1357,151,73
884,586,873,Shia000841Vols,1678,624,1070,192,53
884,91,245,ShamIbadiyya0000229,989,1,154,122,99
884,1202,1529,Shamela0008540,1631,1142,1412,200,75
884,568,820,Shamela0025794,4858,313,532,151,72
884,568,820,Sham19Y0131521,1884,1119,1338,151,72
884,1196,1532,Sham19Y0131521,1896,831,1169,258,93
884,655,897,Sham19Y0127660,359,679,1072,137,41
884,369,897,Shamela0001727,372,361,1362,304,35
884,574,963,ShamIbadiyya0000155,36,479,916,166,39
884,1202,1529,Shamela0005756,3184,994,1281,219,83
884,655,858,Shamela0022797,535,944,1205,138,64
884,568,820,Shamela0117359,346,29,248,151,72
884,655,858,Shamela0022650,17,767,1028,138,64
884,655,959,Sham19Y0017903,311,889,1331,187,50
884,663,820,Shamela0021713,182,6,153,116,93
884,655,884,ShamAY0033522,203,323,568,139,71
884,583,820,Shamela0006366,724,594,914,173,66
884,601,820,Shamela0006366,742,34,487,144,40
884,655,873,Shamela0004289,665,86,393,152,59
884,706,897,Sham19Y0122406,1062,954,1251,127,51
884,568,884,Shamela0012399,620,1027,1356,173,57
884,577,884,Shamela0011435,612,1175,1491,166,59
884,611,897,Sham19Y0132524,642,521,1009,148,39
884,655,873,Sham19Y0037618,1330,872,1175,155,64
884,540,1231,ShamAY0033531,1072,795,1518,547,95
884,1231,1532,ShamAY0033531,1073,1,303,241,99
884,574,919,Kraken230110004547,258,512,1136,167,33
884,663,959,Sham19Y0018144,695,702,987,164,64
884,592,873,Sham19Y0019230,249,1093,1431,196,69
884,577,963,Shamela0036446,245,391,1154,214,34
884,369,897,Sham19Y0017729,156,802,1414,197,29
884,592,820,Sham19Y0132416,41,550,779,129,67
884,655,959,Sham19Y0014462,58,916,1299,127,31
884,583,963,Sham19Y0020638,309,500,1224,254,43
884,369,820,Masaha001864Vols,2913,320,701,173,39
884,1,245,Masaha001864Vols,4970,266,510,199,100
884,1021,1532,Masaha001864Vols,5559,496,1060,410,89
884,574,963,JK000475,99,528,1003,179,38
884,568,820,Sham19Y0020591,474,336,607,151,60
884,1297,1529,Sham19Y0013252,2311,1040,1226,138,74
884,663,867,Shamela0021479,36,609,797,137,85
884,655,820,Sham19Y0146127,807,969,1133,121,87
884,611,867,Sham19Y0017616,101,206,515,139,54
884,701,897,Sham19Y0018176,499,32,475,129,35
884,1235,1357,Sham19Y0122257,848,1,430,99,28
884,586,820,Shamela0000137,930,1194,1393,141,75
884,723,1507,Sham19Y0014601,2264,645,1258,316,41
884,586,862,Sham19Y0014601,2265,5,292,160,61
884,586,786,Shamela0010803,212,1083,1441,143,49
884,91,245,Sham19Y0150961,113,76,227,105,80
884,655,820,Sham19Y0014325,785,739,909,125,90
884,592,867,Sham19Y0022884,76,1099,1374,178,74
885,358,712,ShamAY0035035,1615,1149,1495,272,96
885,712,849,ShamAY0035035,1616,1,141,111,97
885,412,759,Shamela0008176,1820,1,134,92,32
885,33,849,Shamela0008540,1632,1,826,552,81
885,1,229,Sham19Y0131521,1896,1169,1403,179,97
885,1,271,Sham19Y0127660,1397,646,916,210,97
885,7,190,Shamela0005756,3184,1285,1464,139,97
885,190,849,Shamela0005756,3185,1,594,375,61
885,7,347,Shamela0005756,4454,516,808,194,73
885,7,279,Shia001831Vols,217,639,895,193,90
885,1,222,ShamAY0033531,1073,303,523,172,99
885,299,1050,ShamAY0033531,1077,248,798,384,61
885,1,445,Masaha001864Vols,5559,1060,1518,350,96
885,445,855,Masaha001864Vols,5560,1,412,326,98
885,7,274,Sham19Y0013252,2311,1230,1459,149,72
885,292,845,Sham19Y0013252,2312,5,509,361,78
885,7,271,Masaha001946Vols,1253,45,301,175,80
885,42,271,Shamela0011036,685,1,230,179,99
885,358,849,Shamela0011036,687,51,554,390,97
885,120,805,Sham19Y0122257,848,490,1081,417,74
885,7,358,Sham19Y0014601,2265,266,618,277,99
885,142,347,Sham19Y0013605,1480,1,127,79,49
886,586,868,JK007083,66,608,796,143,64
886,7,575,JK007054,277,1161,1556,183,31
886,586,868,Sham19Y0145435,5317,1349,1529,134,59
886,586,868,Sham19Y0016584,489,279,454,133,59
886,586,868,Sham19Y0016584,4067,1131,1306,133,59
886,586,868,Shamela0006610,988,962,1152,143,64
886,586,868,JK000110,95,119,293,132,58
886,586,868,JK000110,1619,420,594,132,58
886,586,868,Shamela0002863,2183,1262,1450,145,65
886,716,868,Shamela0008362BK1,50,1351,1504,118,99
886,586,868,Shamela0021715,867,824,999,133,59
886,586,868,Shamela0021715,9290,881,1056,133,59
886,586,868,Sham19Y0016684,250,356,531,133,59
886,586,868,Shamela0001727,374,73,262,145,65
886,586,868,Shamela0005756,13826,915,1090,133,59
886,586,868,Shamela0005922,2816,676,863,144,65
886,716,875,Sham19Y0014309,2645,131,294,119,94
886,586,868,Sham19Y0017903,312,17,205,145,65
886,586,868,Shamela0006366,724,10,224,143,59
886,586,868,Shamela0006366,739,896,1228,143,42
886,586,868,Shamela0004289,666,530,718,145,65
886,586,868,Sham19Y0122406,1065,1232,1421,145,65
886,586,868,Shamela0001875,452,787,974,145,65
886,586,868,Kraken230110004547,95,1112,1272,119,53
886,586,868,Sham19Y0018106,3699,950,1125,133,59
886,586,868,Sham19Y0018103,550,132,307,133,59
886,586,868,Sham19Y0018103,3638,189,364,133,59
886,586,868,Shamela0025800,529,209,390,135,59
886,586,868,Sham19Y0017729,157,178,368,144,64
886,586,868,Sham19Y0020638,310,620,808,145,65
886,586,868,Sham19Y0013252,1256,905,1080,133,59
886,1013,1224,Sham19Y0013252,1258,377,606,119,55
886,586,868,Sham19Y0013252,9134,175,350,133,59
886,608,1076,Masaha001946Vols,636,19,139,80,22
886,586,868,Shamela0009242,3515,1218,1409,144,64
886,1,364,Sham19Y0023625,2003,478,822,279,94
886,586,868,JK007065,1480,552,740,145,65
886,586,868,Sham19Y0018176,2205,42,217,133,59
886,586,868,Sham19Y0148271,2331,420,595,133,59
886,586,868,Sham19Y0013605,4332,285,460,133,59
887,853,991,Shamela0021848BK1,312,259,431,94,62
887,856,1139,Shia000841Vols,1679,279,480,139,61
887,791,933,Shamela0005756,4590,1318,1461,106,93
887,319,1259,Shia001831Vols,218,193,842,444,57
887,853,991,Shamela0006136,146,912,1081,93,62
887,676,946,Sham19Y0127713,275,52,279,131,60
887,1139,1532,ShamAY0033531,1072,9,710,258,43
887,1012,1259,Sham19Y0150639,148,533,968,112,26
887,853,991,Sham19Y0032197,111,766,937,93,62
887,713,960,Masaha001946Vols,636,1146,1401,150,66
887,1169,1500,Shamela0009242,1131,953,1455,222,52
887,1198,1351,Sham19Y0023625,224,514,692,84,51
888,86,423,Shamela0008540,1745,679,1017,223,72
888,951,1456,Shamela0001727,375,975,1376,128,23
888,91,744,Shia001831Vols,218,903,1196,222,41
888,91,423,ShamAY0033531,1154,477,835,267,92
888,965,1456,Shamela0025800,1510,1,175,76,16
888,881,1491,Sham19Y0020638,311,242,914,133,17
888,951,1562,Sham19Y0013223,1707,246,482,133,25
888,91,423,Sham19Y0013252,2390,212,555,188,61
889,981,1495,Shamela0007891,521,635,1042,103,20
889,1441,1557,Shamela0012415,141,1099,1244,75,65
889,10,398,Sham19Y0013769,447,618,1007,208,59
889,1286,1436,Sham19Y0013769,449,899,1049,112,88
889,697,1035,Shamela0001727,376,458,924,124,30
889,697,930,Shia001831Vols,218,1229,1435,146,77
889,981,1557,ShamAY0034068,3398,1037,1346,112,21
889,697,1035,Sham19Y0122406,1071,615,1059,124,31
889,974,1495,Shia002003Vols,496,877,1234,114,22
889,974,1495,Shamela0021721,420,859,1039,113,28
889,702,1035,Sham19Y0017729,156,1,489,129,29
889,697,1035,Sham19Y0020638,311,1027,1285,134,46
889,981,1495,Shamela0000041,2435,1023,1406,108,20
889,974,1495,Sham19Y0020699,255,1139,1256,86,20
889,974,1513,Sham19Y0013783,434,1097,1291,86,17
890,5,349,Sham19Y0017747,486,6,351,245,81
890,490,660,Shamela0012293,4898,789,961,107,73
890,490,595,Shamela0012293,4927,55,157,79,97
890,406,660,Shamela0021744,498,605,867,117,48
890,151,345,Shamela0008540,1602,319,552,115,59
890,349,480,Shamela0001727,377,923,1284,104,36
890,908,1173,Zaydiyya0000067,123,312,654,159,58
890,349,591,Sham19Y0127677,10313,861,1079,151,79
890,349,480,Sham19Y0127677,11797,702,863,97,77
890,901,1385,Shamela0006140,87,665,1014,146,39
890,1019,1446,JK000734,78,269,1206,212,27
890,490,820,ShamAY0033181,288,1183,1417,128,46
890,1126,1313,Shamela0000140,1620,45,215,107,65
890,349,1135,Sham19Y0122406,1073,35,1171,232,19
890,490,764,Shia002264,91,1145,1480,149,55
890,100,357,ShamAY0033531,1053,616,867,182,83
890,490,591,Kraken230110004547,466,108,214,73,86
890,921,1439,JK007107,159,81,540,229,47
890,490,591,Shamela0025800,2603,1279,1382,76,92
890,357,852,Sham19Y0014224,224,1074,1589,249,51
890,852,1507,Sham19Y0014224,225,1,740,469,78
890,371,565,Sham19Y0020638,312,1181,1480,119,50
890,420,1053,Masaha001946Vols,1211,786,1409,180,24
890,530,1173,Shamela0011036,648,842,1539,246,32
890,420,591,Sham19Y0017616,102,397,609,100,58
890,420,604,JK007065,1472,62,595,120,28
891,865,1168,Shia001831Vols,219,66,313,170,64
891,1231,1457,Shia001845Vols,221,392,582,134,74
891,9,652,Sham19Y0014224,225,740,1323,363,63
891,29,475,Shamela0011036,650,701,1147,368,98
891,1462,1607,Sham19Y0017616,102,987,1402,103,31
891,687,1287,Shia001913Vols,469,974,1265,115,21
892,109,508,ShamAY0035035,1548,518,861,219,61
892,196,513,ShamIbadiyya0000229,1878,1077,1425,190,61
892,56,416,Shamela0008540,1597,591,897,200,64
892,52,508,Sham19Y0131521,1836,573,1002,319,84
892,52,571,ShamAY0033531,1052,60,474,304,70
892,445,743,Sham19Y0013223,1706,1366,1606,154,64
892,109,508,Shamela0011036,654,251,789,214,44
893,14,457,Shamela0008540,1295,302,1029,211,32
893,550,1265,Sham19Y0013253,271,212,703,265,41
893,550,1406,Shia001831Vols,219,549,1074,383,55
893,717,1483,Sham19Y0122406,1078,485,1067,232,30
893,1088,1352,Sham19Y0122406,1079,392,644,121,46
893,1,371,ShamAY0033531,785,350,752,242,75
893,318,780,Shia003732Vols,3457,1,480,94,14
893,318,839,Sham19Y0020638,314,447,981,125,19
893,806,1305,Shamela0009242,1158,706,1090,272,65
893,557,711,Sham19Y0014601,1728,73,243,125,89
894,64,287,Sham19Y0020944,204,432,702,158,73
894,92,287,Shamela0007891,568,4,238,148,77
894,1,287,JK011593,144,902,1143,153,66
894,67,287,JK001472,68,565,747,122,66
894,98,287,Sham19Y0020594,137,1120,1359,108,58
894,64,287,Shamela0008176,1731,1026,1319,162,70
894,1,287,JK000977,645,929,1227,160,58
894,64,322,Shamela0021744,523,273,548,130,48
894,64,322,JK000299,449,91,366,130,48
894,64,498,Shamela0008540,1290,758,1496,296,49
894,498,1553,Shamela0008540,1291,1,755,356,34
894,122,287,Shamela0011428,666,1,154,118,90
894,64,287,Sham19Y0131521,1443,341,611,158,73
894,1227,1553,Sham19Y0131521,1446,413,699,219,81
894,1,293,Shamela0001727,381,905,1216,176,64
894,64,287,ShamAY0034204BK1,778,933,1214,158,71
894,1,329,ShamAY0033910,356,274,498,139,52
894,377,722,Shamela0005756,4421,779,1280,242,55
894,1,287,Sham19Y0127677,7977,994,1186,123,53
894,146,293,Sham19Y0127677,7978,1,151,114,96
894,64,308,Sham19Y0127677,7979,341,680,167,62
894,64,287,Shamela0117359,271,98,367,158,72
894,71,248,Kraken230106005528,520,491,704,111,64
894,71,287,Sham19Y0014309,1515,840,1116,151,68
894,1,329,JK000130,357,397,621,139,52
894,156,287,JK000170,1029,435,566,99,96
894,67,415,Shamela0023644,1249,576,1053,183,39
894,1227,1553,Shamela0023644,1249,954,1243,183,62
894,52,287,Sham19Y0017903,278,936,1222,166,73
894,64,287,Shamela0009241,117,1164,1453,161,70
894,1,287,Shamela0004289,610,284,587,171,64
894,79,287,Shamela0021660,3303,799,1061,135,57
894,1,293,Sham19Y0122406,1079,148,927,174,27
894,151,287,Sham19Y0145212,1031,432,568,107,100
894,79,287,Shamela0021677,2432,904,1074,120,72
894,1,287,Shamela0026668,385,150,448,147,53
894,181,287,Sham19Y0132524,652,1332,1438,84,100
894,64,287,Shamela0001875,421,605,882,162,74
894,52,287,Shamela0001875,564,19,311,166,72
894,211,612,ShamAY0033531,781,1192,1566,288,88
894,612,1553,ShamAY0033531,782,1,1089,692,74
894,67,287,JK007107,89,673,969,161,68
894,67,287,Sham19Y0013577,7722,142,346,121,60
894,67,287,Shamela0025800,1298,629,993,160,55
894,52,287,Sham19Y0017729,141,587,876,163,72
894,1185,1469,Shia003732Vols,4715,1344,1542,155,67
894,1,287,ShamAY0034005,255,945,1253,158,55
894,59,287,Sham19Y0020638,315,21,296,157,70
894,142,287,JK000216,333,1,137,106,93
894,1,329,JK000475,284,188,407,138,52
894,117,287,Sham19Y0020591,363,1271,1434,127,94
894,117,394,Kraken2108092202141,331,26,292,143,51
894,67,287,Sham19Y0132971,874,583,898,162,65
894,146,287,JK007065,1209,1,191,110,73
894,64,287,Sham19Y0122257,821,25,302,162,74
894,67,287,Shamela0000137,1873,997,1173,126,70
894,84,287,Sham19Y0014601,1720,970,1253,148,64
894,98,1358,Sham19Y0014601,1721,108,927,479,42
894,64,287,Shamela0008360,191,754,1031,162,74
894,1,287,Shamela0012872,151,843,1114,168,68
894,67,287,Shamela0010517,441,554,843,160,69
895,990,1565,Sham19Y0013769,699,886,1412,350,73
895,18,207,Shamela0008540,1291,784,966,140,92
895,333,554,Shamela0008540,1294,12,234,181,98
895,18,333,Sham19Y0131521,1446,718,1002,222,86
895,1068,1547,Sham19Y0127657,155,440,1112,219,37
895,4,260,Shamela0023644,1249,1257,1512,201,97
895,837,1456,Sham19Y0122406,1082,540,1498,422,53
895,1,333,ShamAY0033531,782,1089,1421,267,100
895,1000,1565,ShamAY0033531,1108,1,540,404,86
895,18,322,Shia003732Vols,4716,109,416,241,95
895,990,1565,Sham19Y0014224,419,671,1212,363,72
895,863,1565,Shamela0011036,670,349,992,513,91
896,97,971,Sham19Y0013769,700,1,843,592,79
896,1188,1341,Sham19Y0148486,1541,935,1088,124,100
896,1188,1341,Sham19Y0148486,1573,509,662,124,100
896,971,1182,Shamela0008176,1745,868,1094,155,79
896,1188,1341,JK000532,253,1345,1484,109,87
896,977,1182,Shamela0008540,1666,1115,1352,149,76
896,1188,1341,Shamela0026365,26,269,424,124,98
896,1021,1466,Shamela0001727,382,24,401,183,48
896,1188,1492,Sham19Y0127657,155,269,537,160,64
896,1201,1456,Shamela0005756,3064,438,699,158,66
896,260,630,Shamela0005756,4479,1194,1451,173,54
896,120,922,Shia001831Vols,219,1194,1554,257,39
896,922,1522,Shia001831Vols,220,1,201,141,29
896,1188,1341,Shamela0010906,3243,1178,1320,112,90
896,929,1513,Sham19Y0122406,1082,566,1008,209,43
896,15,587,Sham19Y0122406,1083,163,769,323,57
896,794,971,Sham19Y0122406,1084,151,346,130,84
896,1188,1466,Shamela0001875,555,892,1170,143,51
896,1,971,ShamAY0033531,1108,540,1380,669,86
896,1220,1345,Shamela0025800,1544,923,1041,93,92
896,1188,1352,Shia003732Vols,3465,926,1093,122,90
896,1,290,Sham19Y0014224,419,1212,1521,217,86
896,295,993,Sham19Y0014224,420,1,659,495,87
896,1191,1345,Sham19Y0020638,315,1148,1300,119,93
896,929,1182,Sham19Y0013223,1712,998,1202,146,70
896,36,982,Masaha001864Vols,5565,202,1141,694,91
896,1210,1526,Sham19Y0013252,1591,247,463,156,59
896,129,385,Sham19Y0013252,2329,1207,1459,180,82
896,385,790,Sham19Y0013252,2330,1,348,269,82
896,1352,1526,Sham19Y0013252,2364,878,1047,127,88
896,790,977,Masaha001946Vols,1231,1148,1331,135,92
896,1188,1341,Sham19Y0146127,785,975,1128,124,100
896,1188,1492,Sham19Y0146127,802,423,802,164,52
896,1,527,Shamela0011036,670,992,1528,415,96
896,527,982,Shamela0011036,671,1,471,344,91
896,1188,1427,Shamela0011036,675,985,1204,153,76
896,413,590,Sham19Y0122257,828,499,637,101,74
896,982,1210,Sham19Y0122257,829,22,286,171,75
896,1177,1341,Shamela0021315,109,126,289,129,97
896,971,1182,Sham19Y0014601,2426,831,1057,155,79
896,1027,1182,Shamela0000791,190,831,969,106,83
896,1014,1155,Sham19Y0013605,1368,1140,1257,94,81
896,247,790,Sham19Y0013605,1476,659,1064,265,58
897,1242,1429,Sham19Y0013667,1784,821,1009,147,95
897,507,916,Shia000841Vols,1672,52,561,150,27
897,113,723,Shamela0008540,1603,1042,1520,356,71
897,723,1204,Shamela0008540,1604,1,477,381,96
897,1221,1429,Shamela0008540,1668,22,311,163,69
897,1221,1611,Sham19Y0131521,1853,254,731,238,52
897,1452,1584,Sham19Y0131521,1981,191,346,110,85
897,1275,1429,Shamela0005756,3063,203,360,96,77
897,188,562,Shamela0005756,3064,576,1002,179,47
897,77,441,Shamela0005756,4545,1149,1336,99,30
897,1,487,Sham19Y0013252,1591,463,784,237,59
897,1251,1461,Sham19Y0013252,1591,767,947,122,71
897,32,628,Sham19Y0013252,2364,1054,1507,330,66
897,628,963,Sham19Y0013252,2365,1,306,233,83
897,333,441,Shamela0011036,676,1206,1329,85,86
897,689,1215,Shamela0011036,679,790,1315,407,91
897,1247,1584,Shamela0011036,681,211,890,258,45
897,1,633,Shamela0000791,195,983,1593,467,89
897,633,1099,Shamela0000791,196,1,458,365,95
897,1284,1429,Sham19Y0013605,1105,1249,1385,95,82
898,883,1445,Sham19Y0013667,1780,1,277,150,31
898,577,743,Sham19Y0013667,1791,1010,1183,133,95
898,274,743,Shamela0008540,1670,1,363,184,39
898,814,1445,Shamela0008540,1672,107,517,229,43
898,1264,1554,Sham19Y0131521,455,363,711,228,80
898,1312,1554,Sham19Y0131521,1967,46,515,167,42
898,274,517,Sham19Y0122406,1086,687,1427,170,29
898,1264,1554,Masaha001864Vols,5564,1073,1424,233,82
898,274,419,Sham19Y0013252,2103,71,377,87,35
898,1264,1554,Sham19Y0014601,532,1179,1476,221,88
899,55,203,JK007083,64,1281,1429,118,100
899,549,732,ShamAY0036022,136,928,1111,148,100
899,225,520,Sham19Y0013667,1769,1243,1531,197,75
899,529,732,Sham19Y0013667,1770,6,241,157,81
899,55,203,Sham19Y0013667,1776,600,748,117,99
899,55,477,Sham19Y0013667,2085,1005,1493,284,66
899,477,736,Sham19Y0013667,2086,1,270,196,88
899,55,203,Sham19Y0019188,595,242,391,118,99
899,1103,1553,Shia000841Vols,1659,688,1249,308,63
899,197,732,Shamela0008540,1671,441,965,413,95
899,49,203,Shamela0025794,4876,388,543,118,93
899,49,203,Shamela0025794,4975,1224,1376,118,95
899,349,1066,Sham19Y0131521,1965,647,1310,496,83
899,55,203,Shamela0001727,383,458,606,118,100
899,106,410,Shamela0031457,20,1,348,120,36
899,557,1066,ShamAY0034204BK1,435,409,908,397,97
899,55,203,Sham19Y0017437,571,751,900,118,99
899,95,520,Shia001831Vols,220,373,684,231,66
899,55,207,Shamela0021713,169,1032,1184,118,98
899,55,203,Shamela0006366,696,139,287,118,100
899,55,189,Shamela0006366,716,292,425,103,97
899,390,1522,JK000201,1027,1,436,341,36
899,55,203,Shamela0004289,638,264,411,117,99
899,416,732,ShamAY0034313,15,41,370,228,84
899,55,203,Sham19Y0122406,1088,1056,1204,118,100
899,49,197,Shamela0001456,333,1118,1282,106,78
899,79,203,Sham19Y0001734,1071,250,368,79,76
899,55,203,Shamela0001875,450,608,755,117,99
899,1066,1510,ShamAY0033531,1106,862,1094,181,49
899,55,203,Kraken230110004547,257,1,153,118,97
899,203,567,Sham19Y0018144,4150,468,841,222,59
899,55,203,Sham19Y0019230,732,91,239,118,100
899,59,203,Sham19Y0036114,298,214,356,113,97
899,1099,1311,JK007107,166,95,270,127,72
899,55,189,Sham19Y0132416,36,672,806,106,99
899,549,1228,Sham19Y0014224,419,86,696,342,57
899,55,203,Sham19Y0020638,316,565,711,116,97
899,55,203,Shamela0008463,662,1061,1210,118,99
899,154,1522,Shamela0009242,1089,409,1509,817,73
899,55,203,JK007065,1306,1218,1366,118,100
899,55,203,Shamela0000137,1871,437,585,118,100
899,59,214,Shamela0029653,1,1233,1389,120,93
899,404,1522,Shamela0000791,195,1,627,505,55
900,668,1548,Shamela0001727,384,318,1298,283,30
900,1205,1441,JK000201,949,50,286,192,98
900,1,165,JK000201,1027,431,589,130,96
900,668,1152,Sham19Y0122406,1090,379,801,139,31
900,1133,1529,Sham19Y0122406,1091,666,1024,151,44
900,1133,1529,Sham19Y0132524,655,886,1088,121,34
900,699,1576,Sham19Y0020638,317,639,1319,223,26
900,1,154,Shamela0000791,195,622,770,121,95
901,606,1131,Sham19Y0131521,480,731,1129,281,61
901,1024,1275,Shia001831Vols,220,1182,1329,115,56
901,1404,1590,ShamAY0033531,1105,773,951,140,93
901,703,1194,ShamAY0033531,1155,186,543,265,62
901,600,1017,Sham19Y0014224,417,423,747,183,47
901,1409,1595,Sham19Y0023625,2334,559,760,144,85
901,1409,1536,Sham19Y0014601,2322,339,507,94,72
902,790,932,JK007064,170,1106,1297,82,53
902,632,1031,Shamela0007891,556,983,1451,138,30
902,632,1084,JK011593,83,385,826,170,41
902,475,626,JK001472,9,664,821,116,92
902,790,932,Shamela0000767,481,351,569,80,41
902,632,1084,Shamela0008176,1737,96,636,177,37
902,823,1084,JK000977,653,1049,1358,113,46
902,74,414,JK000977,653,268,791,96,18
902,632,1084,JK006897,116,811,1366,186,38
902,1,272,ShamAY0033975,794,74,813,95,14
902,74,856,Sham19Y0013614,188,1050,1451,154,22
902,1,143,Shamela0025794,4652,1056,1411,69,21
902,632,856,Shamela0011428,651,409,611,85,39
902,1008,1141,Sham19Y0131521,1973,711,852,93,78
902,1,1084,Shamela0001727,386,41,1432,310,21
902,104,817,Sham19Y0133367,254,670,1010,133,21
902,74,1084,Sham19Y0127700,143,144,1184,274,23
902,632,932,Shamela0009810,465,171,547,117,32
902,632,932,Shamela0005922,1099,1119,1465,123,36
902,74,656,Sham19Y0017903,304,895,1423,110,14
902,784,1084,Sham19Y0017903,305,33,505,138,38
902,632,932,JK000201,984,1135,1418,126,44
902,632,932,JK000201,985,592,942,126,37
902,1012,1138,JK000201,986,1,307,97,39
902,784,932,JK000201,1002,722,998,87,40
902,240,817,Shamela0004289,651,1197,1410,110,24
902,823,1084,Shamela0004289,652,40,354,123,45
902,632,932,Shamela0023685,1245,191,952,98,14
902,74,405,Sham19Y0122406,1097,935,1495,86,14
902,632,932,Sham19Y0122406,1098,1061,1410,126,37
902,104,626,Sham19Y0122406,4687,665,976,113,21
902,632,856,Sham19Y0145212,1040,1066,1332,86,32
902,1,405,Shamela0008473,4929,385,851,102,20
902,632,932,Sham19Y0132524,657,1047,1397,122,36
902,10,1084,Shamela0001875,557,1,1381,302,21
902,96,447,ShamAY0033531,1105,1150,1497,261,88
902,823,932,Sham19Y0018144,738,1293,1402,66,76
902,74,405,Sham19Y0018144,738,467,1000,66,10
902,104,1075,Shamela0036446,253,278,902,237,26
902,104,1084,Shamela0025800,1548,186,981,259,26
902,74,856,Sham19Y0017791,441,1038,1439,154,22
902,240,1084,Sham19Y0017729,153,63,721,236,30
902,632,920,Shia003732Vols,3488,969,1326,113,33
902,1,143,Sham19Y0020638,318,1056,1471,72,19
902,240,1084,Sham19Y0020638,319,346,1003,234,28
902,74,1084,Masaha001864Vols,2923,183,1246,268,22
902,632,1084,Sham19Y0017885,363,323,841,175,35
902,784,1084,Sham19Y0016976,508,24,461,128,34
902,632,1075,Shamela0009242,1087,935,1463,182,38
902,632,1075,Shamela0009242,1088,720,1248,182,38
902,719,856,Shamela0009242,1089,183,445,95,45
902,74,1084,Sham19Y0017616,107,187,1245,277,23
902,632,932,Sham19Y0122255,283,1055,1384,118,36
902,104,1084,JK007065,1448,200,914,258,28
902,823,1084,Sham19Y0122257,825,439,747,112,41
902,632,932,Sham19Y0020699,251,1051,1381,108,32
902,282,626,Sham19Y0014601,2324,1,345,273,99
902,632,1084,Sham19Y0014119,171,848,1363,172,34
902,74,1084,Sham19Y0017063,285,121,771,228,25
902,74,1084,Shamela0010803,204,293,949,226,25
902,725,1080,Shamela0029653,1,671,865,110,37
902,74,1084,Shamela0008360,192,267,944,244,26
902,790,1075,Sham19Y0022884,76,240,607,113,36
902,74,1071,Shamela0012872,87,185,1112,274,24
903,719,1286,Shamela0021495,162,65,646,313,59
903,1,173,Shamela0008540,1653,610,781,136,91
903,225,579,Shia001831Vols,221,71,350,148,42
903,1390,1596,Shia001831Vols,221,467,669,142,77
903,1,173,JK000201,965,141,312,142,99
903,1049,1286,Sham19Y0013252,2104,310,599,148,61
903,1,190,Shamela0022644,2176,159,348,156,98
904,1193,1297,Sham19Y0020561,139,488,591,78,95
904,436,739,Shamela0021495,164,1154,1489,175,59
904,1193,1417,Shamela0008176,1705,630,796,97,55
904,1193,1412,JK006897,118,909,1067,96,57
904,1177,1297,Shamela0026731,81,641,768,81,81
904,1193,1475,Sham19Y0035312,18,448,751,145,53
904,1193,1297,Sham19Y0035312,39,16,119,78,95
904,1193,1523,Shia000841Vols,1687,177,557,164,48
904,1193,1297,Shamela0011444BK2,487,1113,1222,83,95
904,455,725,Shamela0008540,342,742,959,128,54
904,436,1412,Shamela0001727,392,61,922,214,19
904,1193,1475,Shamela0000432,5133,55,299,154,61
904,1181,1297,Shia002261Vols,113,670,796,87,87
904,1177,1297,Shamela0026884,588,699,833,81,77
904,1193,1412,Shamela0012014,265,149,323,99,56
904,1193,1297,Sham19Y0127677,704,644,759,75,83
904,1193,1301,ShamAY0034066,904,464,571,79,93
904,37,359,Shia001831Vols,221,676,990,219,79
904,553,739,JK000201,1000,1,186,150,99
904,1193,1297,Shamela0004289,645,266,369,78,95
904,1193,1297,JK001127,42,640,744,75,87
904,478,788,Shamela0021660,320,1,198,105,38
904,1211,1374,Shamela0021660,1844,685,1113,100,29
904,1177,1297,Shamela0029900,15,1159,1292,80,76
904,1193,1297,Shamela0001975,326,80,194,80,88
904,436,1011,Sham19Y0122406,1108,12,323,123,24
904,1193,1412,Sham19Y0122406,1108,1262,1470,97,51
904,1193,1434,Sham19Y0145212,1018,874,1067,101,53
904,1193,1475,Shamela0009973,159,772,1084,137,45
904,1193,1297,Shamela0001875,568,1287,1390,78,95
904,1193,1297,Shamela0036446,354,550,653,77,94
904,1193,1297,Sham19Y0017729,149,1298,1408,78,90
904,1193,1297,Shamela0021659,440,269,383,80,88
904,1193,1297,JK007006,551,655,793,83,75
904,1193,1388,Sham19Y0018272,749,490,808,154,60
904,1193,1301,Sham19Y0023618,1157,484,591,79,93
904,436,1475,Sham19Y0020638,322,65,951,294,24
904,549,964,Sham19Y0013223,1712,1220,1542,242,73
904,1193,1297,ShamAY0034274,170,70,184,80,88
904,13,596,Sham19Y0017616,108,525,772,109,20
904,436,847,Sham19Y0020590,105,437,895,216,51
904,1193,1388,Sham19Y0023625,1012,888,1412,126,28
904,1193,1434,Sham19Y0122257,808,1211,1401,101,53
904,1193,1434,Shamela0008360,188,127,328,104,55
904,1193,1297,Shamela0021578,11,1304,1415,78,89
905,46,361,Shamela0008176,1702,10,276,190,73
905,958,1210,Shamela0005756,4501,298,587,198,85
905,1,398,Shia001831Vols,221,1238,1617,294,89
905,398,1454,Shia001831Vols,222,1,349,238,27
905,1,580,Shamela0023628,225,720,1237,308,56
905,1,361,Sham19Y0145212,4184,127,437,217,73
905,13,551,Kraken220208041038,481,278,853,427,89
905,624,1098,Sham19Y0013631,2787,813,1008,136,35
905,958,1365,Sham19Y0132403,673,756,1144,311,95
905,1,326,Sham19Y0023625,1008,493,769,193,72
905,606,1507,Sham19Y0023625,1010,128,1280,607,63
905,1384,1625,Sham19Y0023625,1011,187,411,161,78
905,7,361,Sham19Y0014601,2293,1,425,207,53
905,1,483,Shamela0000791,228,1187,1672,394,99
905,483,1370,Shamela0000791,229,1,830,631,85
906,1302,1676,Shamela0008540,1693,559,884,247,75
906,1356,1676,Shamela0026568,1079,243,860,220,41
906,1319,1676,Shamela0005756,518,1160,1506,182,49
906,434,942,Sham19Y0127677,15566,382,880,405,95
906,140,1294,Shia001831Vols,222,351,1025,483,50
906,1095,1294,ShamAY0033522,164,1026,1235,122,70
906,1356,1619,Shamela0023685,1253,1146,1407,176,74
906,1308,1676,Shamela0011036,1145,1,369,304,99
906,1095,1294,Shamela0009242,1108,1040,1220,129,75
906,1302,1676,Shamela0009242,1109,752,1225,293,72
906,1406,1578,Sham19Y0014601,2356,1061,1249,139,89
906,1119,1294,Shamela0010517,1043,265,596,136,50
907,235,702,Sham19Y0020944,293,314,561,191,51
907,81,702,Shamela0007891,570,248,615,223,42
907,240,702,Shamela0008176,1785,634,879,193,53
907,235,702,Shia004020,175,441,699,191,52
907,235,702,Shamela0001719,1313,725,967,184,49
907,235,702,Shamela0028107,275,1011,1266,190,51
907,240,702,Sham19Y0013614,191,212,470,193,51
907,590,871,Shamela0008540,1693,1098,1311,163,73
907,17,702,Shamela0026365,37,295,855,212,30
907,928,1363,Shamela0001727,394,671,1112,159,35
907,81,1004,Shamela0001727,394,122,804,301,36
907,235,702,Sham19Y0013572,955,1132,1394,195,51
907,240,702,Shamela0005756,502,1273,1515,177,48
907,235,595,Shamela0004473,10131,271,639,210,59
907,244,702,Shamela0009790,71,514,765,187,51
907,235,702,Shia004038,191,1017,1266,191,52
907,235,1004,Shamela0117359,364,601,1102,203,26
907,240,683,Sham19Y0014309,1803,28,252,172,49
907,240,702,Sham19Y0014309,2469,624,869,193,53
907,100,1213,Shia001831Vols,222,1025,1498,338,38
907,235,702,ShamAY0033181,301,1022,1283,192,50
907,965,1232,Shamela0000140,1673,255,542,183,75
907,235,572,ShamAY0033522,164,177,535,183,54
907,702,859,ShamAY0033522,165,1268,1424,123,99
907,229,702,ShamAY0033522,166,552,816,192,50
907,235,702,Sham19Y0122406,1112,1068,1317,195,52
907,472,1363,Sham19Y0122406,1113,492,1229,274,33
907,235,702,Sham19Y0145212,1068,978,1227,195,52
907,235,702,Shamela0000927,2016,920,1146,176,47
907,942,1177,Sham19Y0017090,30,214,447,183,97
907,235,708,JK000836,3,22,275,191,51
907,383,928,ShamAY0033531,1116,400,1182,378,56
907,1008,1218,ShamAY0033531,1117,1,211,169,99
907,235,683,Kraken230110004547,468,805,999,150,42
907,240,645,Sham19Y0018144,159,405,573,102,29
907,240,702,Sham19Y0018144,164,575,819,192,52
907,240,702,Shamela0036446,254,983,1206,169,46
907,240,702,JK007107,169,35,282,193,52
907,240,1004,Shamela0025800,2621,788,1299,257,35
907,240,702,Sham19Y0017791,451,877,1135,193,51
907,263,702,Sham19Y0014462,54,1,238,176,50
907,244,702,ShamAY0032919,7,545,817,179,46
907,240,702,Shia001368,348,134,345,165,45
907,235,702,Sham19Y0006684,388,472,734,190,50
907,928,1363,Sham19Y0020638,323,925,1408,158,29
907,235,702,Sham19Y0020638,323,400,649,195,52
907,235,702,Noorlib0024469,182,326,541,167,45
907,263,988,Sham19Y0020591,500,514,1003,197,26
907,595,859,Masaha001946Vols,1242,142,394,190,91
907,235,702,Sham19Y0017885,365,240,489,195,52
907,244,702,Shamela0010835,221,1109,1361,188,51
907,235,708,Sham19Y0146127,756,1113,1327,159,41
907,595,859,Shamela0011036,727,874,1076,118,56
907,254,1004,Shamela0011036,1143,1,391,245,38
907,1,235,Shamela0011036,1145,369,1044,172,30
907,947,1232,Shamela0011036,1147,238,507,171,66
907,235,702,Shamela0000551,482,765,1020,190,51
907,240,702,Sham19Y0016976,514,1107,1365,193,51
907,240,698,Sham19Y0017616,109,1225,1466,190,52
907,244,702,Rafed0000167,48,587,792,155,43
907,235,702,Shamela0000782,293,996,1238,188,50
907,235,702,Zaydiyya0000258,156,533,757,167,45
907,235,702,Shia002119Vols,523,418,653,174,47
907,81,702,Shamela0026370,20,176,553,218,40
907,281,702,Sham19Y0122257,838,1,201,155,46
907,240,702,Sham19Y0014119,174,1069,1327,193,51
907,240,702,Shamela0008360,197,705,949,192,52
907,244,702,Shamela0012872,161,1098,1404,181,46
907,81,1004,Shamela0009279,18,887,1391,292,38
908,378,759,Shamela0008540,1695,54,443,283,86
908,115,489,Shamela0005756,4460,1343,1519,122,40
908,511,793,Shamela0005756,4461,1,321,198,75
908,115,842,ShamIbadiyya0000433,275,894,1565,262,32
908,378,793,ShamIbadiyya0000433,276,167,553,295,87
908,110,660,Sham19Y0018103,803,998,1171,107,22
908,1,586,Shamela0011036,726,338,1282,471,61
908,769,1297,Shamela0011036,727,1163,1358,147,35
908,586,764,Shamela0011036,727,60,246,144,95
908,99,754,Shamela0009242,1112,8,667,527,97
908,198,358,Sham19Y0013605,1181,16,146,95,71
909,1354,1557,Shamela0008540,1681,787,978,153,92
909,1323,1557,Sham19Y0131521,1982,1004,1265,144,57
909,330,879,Shamela0001727,396,129,389,141,32
909,1155,1288,Sham19Y0122236,353,260,392,103,97
909,330,879,Sham19Y0013572,391,905,1145,119,28
909,1312,1557,Shia001831Vols,223,73,289,162,78
909,330,879,Shamela0004289,650,189,448,140,32
909,330,879,Sham19Y0122406,1116,1143,1403,141,32
909,422,696,Sham19Y0122406,1119,747,1013,92,42
909,1373,1533,ShamAY0033531,1110,1423,1582,128,96
909,838,1108,ShamAY0033531,1113,303,573,194,86
909,330,879,Shamela0025800,1539,903,1143,123,29
909,321,879,Sham19Y0020638,325,216,578,163,36
909,1318,1557,Shamela0009242,951,1174,1400,165,78
909,321,879,Sham19Y0017616,104,337,702,163,35
909,1288,1557,Sham19Y0023625,422,576,832,168,66
909,431,879,Rafed0003902Vols,4888,115,402,152,38
909,883,1312,Sham19Y0013605,506,329,752,214,52
910,979,1272,Sham19Y0013769,495,806,1081,160,63
910,621,1272,Shamela0002569,525,105,747,324,52
910,1216,1531,Sham19Y0131521,236,522,876,154,40
910,767,1241,Sham19Y0131521,1993,230,590,195,49
910,1216,1409,Sham19Y0131521,1993,1294,1467,113,66
910,781,1133,Shamela0005756,1126,237,461,143,51
910,68,496,Sham19Y0122406,1117,72,733,150,21
910,422,709,ShamAY0033531,1113,1436,1650,175,72
910,709,1559,ShamAY0033531,1114,1,831,651,94
910,630,852,Sham19Y0013631,2701,763,924,110,62
910,979,1272,Sham19Y0014224,262,652,993,213,78
910,772,1241,Shamela0009823,584,133,540,151,36
910,781,1097,Sham19Y0013252,787,1334,1514,130,52
910,196,417,Sham19Y0017616,570,1331,1516,151,82
910,717,1272,Sham19Y0122255,278,1,480,207,39
910,900,1236,Sham19Y0023625,420,1128,1455,251,94
910,422,838,Sham19Y0014601,2350,192,857,299,51
911,219,891,Shamela0008540,1689,742,1468,182,19
911,596,1162,Shamela0001727,397,1,219,90,20
911,360,536,ShamAY0033522,175,1147,1399,140,66
911,541,1162,Sham19Y0122406,1121,853,1126,131,27
911,1303,1489,Sham19Y0122406,1123,157,592,61,14
911,504,1162,Sham19Y0132524,668,357,722,153,24
911,1,1135,ShamAY0033531,1114,831,1571,549,59
911,7,227,Sham19Y0023625,337,1279,1453,138,75
912,483,603,Shamela0007891,533,393,556,96,73
912,781,923,Shia002702Vols,5979,251,377,95,80
912,490,1133,Sham19Y0122406,1121,262,601,138,22
912,615,1428,ShamAY0033531,1110,1,579,454,66
912,483,589,Sham19Y0018144,735,1246,1352,85,100
912,483,607,Sham19Y0020638,328,12,176,96,73
912,483,603,Shamela0006700,397,338,501,96,73
912,483,603,Shamela0000041,547,601,764,96,73
912,490,777,Sham19Y0014601,217,899,1496,188,34
912,777,973,Sham19Y0014601,218,1,174,132,83
912,483,603,Shamela0010803,201,922,1085,96,73
913,1178,1446,Shamela0008540,1028,718,987,192,82
913,238,724,Shamela0001727,401,609,992,159,32
913,879,1054,Shamela0095700,56,911,1278,118,39
913,1169,1481,Sham19Y0014309,2854,1026,1303,222,87
913,13,189,Shia001831Vols,223,1025,1141,83,57
913,724,1258,Shia001831Vols,223,1159,1616,338,75
913,780,1150,Sham19Y0122406,1129,1,387,246,75
913,724,1559,ShamAY0033531,611,267,754,355,50
913,843,1089,ShamAY0037747,10,1249,1502,192,91
913,238,724,Sham19Y0020638,329,514,949,147,27
913,1223,1481,Sham19Y0023625,342,395,647,191,90
913,787,1159,Sham19Y0023625,344,534,928,285,87
914,982,1372,ShamIbadiyya0000438,574,229,541,145,42
914,702,1425,Shamela0008540,1029,6,1060,370,39
914,231,1414,Sham19Y0131521,1216,376,1514,410,35
914,1123,1372,Shamela0005756,14000,298,538,120,53
914,866,1523,Shamela0000894,532,985,1390,227,43
914,982,1372,Shamela0001673,2605,1114,1420,147,42
914,1,1531,Shia001831Vols,224,156,1011,566,42
914,982,1531,ShamAY0033522,262,307,790,359,79
914,982,1531,JK000201,4103,603,1406,444,68
914,982,1106,Sham19Y0122406,1131,1190,1364,74,53
914,1,495,ShamAY0033531,611,754,1202,302,68
914,982,1327,ShamAY0033531,611,1235,1585,277,98
914,1327,1531,ShamAY0033531,612,1,218,166,93
914,226,653,Sham19Y0023625,345,546,943,220,59
914,395,866,Sham19Y0023625,348,439,866,194,41
914,982,1352,Sham19Y0014601,1469,112,430,144,41
914,1123,1377,Sham19Y0013605,4423,713,941,120,58
915,1103,1415,Shamela0007891,372,529,702,80,29
915,1103,1629,Sham19Y0013667,1243,360,1041,281,44
915,1179,1663,Sham19Y0017747,384,664,997,258,64
915,1179,1639,Shia000841Vols,1414,1081,1514,257,59
915,1103,1629,Shamela0008540,1011,869,1512,288,47
915,314,897,Shamela0008540,1024,216,652,317,65
915,1108,1531,Sham19Y0131521,1199,864,1435,139,27
915,1357,1623,Sham19Y0014309,1070,541,764,159,70
915,1031,1309,Shia001831Vols,224,1335,1602,204,85
915,1309,1531,Shia001831Vols,225,1,171,128,67
915,1,154,JK000201,4103,1406,1559,124,99
915,243,1015,JK000201,4108,639,1475,525,68
915,1134,1663,JK000201,4109,934,1332,227,47
915,1174,1680,JK000168,16,700,1157,253,52
915,309,907,Shamela0012027,297,1074,1507,320,64
915,297,907,Shamela0012027,301,46,641,486,97
915,392,907,Sham19Y0023625,545,1,362,272,63
915,1378,1635,Sham19Y0017063,208,939,1129,148,69
916,1,242,Sham19Y0013667,1243,1188,1571,175,53
916,242,1003,Sham19Y0013667,1244,1,566,383,59
916,1,942,Shia000841Vols,1415,18,1132,629,66
916,984,1596,Shia000841Vols,1416,41,708,399,65
916,1,1003,Shamela0008540,1012,135,1094,558,57
916,1051,1557,Shamela0008540,1013,782,1489,273,40
916,990,1596,Shia001831Vols,225,216,502,224,45
916,984,1247,JK000201,4110,1202,1459,200,92
916,1332,1636,JK000201,4112,517,797,227,91
916,81,942,JK000168,17,35,954,457,53
916,984,1636,ShamAY0033531,606,537,1163,498,92
916,1253,1636,Shamela0009242,788,682,1116,198,46
916,46,414,Sham19Y0017063,208,1220,1590,229,63
916,452,799,Sham19Y0017063,209,1,248,181,63
916,1354,1636,Sham19Y0017063,209,248,425,145,62
917,255,491,Sham19Y0017747,385,1292,1546,156,68
917,504,1183,Sham19Y0017747,386,1,673,279,40
917,220,805,Shia000841Vols,1416,712,1301,456,92
917,805,959,Shia000841Vols,1417,14,203,125,78
917,1188,1619,Shamela0008540,1016,618,1035,237,55
917,421,810,Sham19Y0014592,989,99,274,129,41
917,1,354,ShamAY0037746,145,384,648,171,56
917,1,805,Shamela0000894,5072,37,840,645,99
917,220,817,Shamela0000427BK2,972,722,1208,331,65
917,95,1183,Shia001831Vols,225,487,1127,477,53
917,1,864,JK000201,4112,797,1446,461,63
917,1,446,ShamAY0033531,606,1163,1606,356,99
917,446,948,ShamAY0033531,607,1,492,377,90
917,1,556,Shamela0009242,788,1116,1560,299,60
917,556,914,Shamela0009242,789,1,539,261,58
917,90,231,Sham19Y0013241,1830,1363,1503,111,97
917,361,556,Sham19Y0023625,590,1056,1308,112,48
917,1,1613,Sham19Y0017063,209,425,1305,503,38
918,586,942,JK000021,687,765,1015,190,67
918,635,942,Shamela0007891,535,255,422,127,52
918,1,148,Sham19Y0013667,1498,1478,1624,106,82
918,586,942,Sham19Y0148486,1202,1224,1477,186,65
918,728,1021,Shamela0006610,195,998,1523,214,49
918,723,903,Shamela0038740,49,1364,1550,134,90
918,1322,1575,Shamela0038740,50,1,263,199,90
918,728,903,Sham19Y0019188,6152,1069,1242,136,97
918,586,878,JK000977,681,1176,1410,161,67
918,728,942,JK006897,80,638,850,167,98
918,800,942,JK009242,309,1,141,111,97
918,728,942,Shamela0012293,3225,795,940,85,50
918,586,942,Shamela0002569,539,1106,1396,200,65
918,580,942,Shamela0021809,552,778,1072,218,75
918,723,942,Shia000841Vols,1500,1056,1277,145,75
918,744,942,Shia000841Vols,1529,1,193,135,77
918,723,942,Shia000841Vols,1711,1147,1365,168,95
918,767,942,Shia000841Vols,1773,1,176,140,100
918,723,942,Shamela0001404,230,10,230,157,81
918,728,942,Shamela0012031,70,410,626,167,96
918,580,942,Shamela0002863,495,887,1154,204,71
918,728,942,Zaydiyya0000015,799,1256,1473,163,91
918,932,1097,Zaydiyya0000015,800,82,261,113,71
918,1,148,Shamela0008540,1016,1035,1184,111,85
918,148,403,Shamela0008540,1017,330,1043,188,32
918,580,942,Shamela0025794,4441,777,1072,216,74
918,728,942,Sham19Y0014592,1235,261,477,166,95
918,728,942,Shamela0011728,215,1190,1323,99,57
918,507,828,Shamela0001727,403,1093,1473,166,46
918,828,942,Shamela0001727,404,1,115,91,100
918,728,836,Shia002702Vols,5979,1425,1533,86,100
918,728,942,Shamela0026568,1073,491,707,163,94
918,763,942,Sham19Y0013572,368,1149,1328,143,100
918,723,942,JK001236,167,567,782,167,96
918,728,942,Sham19Y0127700,141,155,367,167,98
918,580,942,ShamAY0033910,357,154,450,205,66
918,723,942,Shamela0010639,63,629,845,167,96
918,744,942,Sham19Y0023644,1534,1,203,154,96
918,728,942,Shamela0012014,38,976,1188,167,98
918,723,942,Shamela0012014,264,749,964,168,96
918,723,942,Shamela0000894,68,1304,1517,167,95
918,723,942,Shamela0005922,1059,776,997,165,90
918,723,896,Shamela0001388,4,10,181,132,95
918,529,942,JK000130,358,275,639,216,59
918,728,942,Shia002636,29,705,899,152,89
918,728,942,Sham19Y0017903,254,427,658,145,73
918,112,1306,Shia001831Vols,225,1127,1506,303,31
918,1277,1575,Shamela0036543,1068,761,1048,222,89
918,800,1575,Shamela0000140,296,28,316,196,30
918,728,871,JK000201,670,1151,1289,108,95
918,153,446,JK000201,4113,210,878,214,39
918,586,942,Shamela0004289,599,187,476,220,77
918,586,942,Shamela0009448,1,267,549,170,54
918,728,942,Shamela0004482,224,959,1157,156,91
918,586,942,JK011564,21,420,650,171,60
918,625,942,Sham19Y0122406,1136,4,250,190,76
918,728,942,Shamela0006227,240,366,545,134,77
918,728,896,Shia002662Vols,147,391,562,130,94
918,728,942,Sham19Y0132524,675,1041,1253,167,98
918,728,942,Shamela0001875,343,1072,1279,163,95
918,728,942,Shamela0001875,561,1190,1402,167,98
918,507,942,Sham19Y0037618,1214,626,990,257,72
918,728,942,Kraken230110004547,254,870,1066,152,88
918,723,942,ShamAY0034134,326,134,349,149,78
918,586,942,ShamAY0034134,328,415,707,194,68
918,586,942,Sham19Y0018144,595,269,575,205,67
918,586,846,Sham19Y0018144,616,1273,1456,118,52
918,728,942,Shamela0036446,251,549,706,123,71
918,723,942,JK007107,92,1200,1415,168,96
918,723,942,Shamela0025800,1536,534,752,169,96
918,723,942,Shia003732Vols,3482,1157,1375,140,67
918,586,881,ShamAY0034005,291,1166,1397,146,57
918,586,942,Sham19Y0131336,591,899,1152,186,65
918,723,942,Sham19Y0150960,217,922,1068,101,57
918,728,942,Sham19Y0020638,331,1061,1278,167,95
918,728,942,Masaha001946Vols,1234,426,625,152,89
918,1068,1571,Masaha001946Vols,1235,1,460,367,89
918,586,942,Sham19Y0146127,611,929,1183,178,62
918,728,942,Shamela0009242,843,548,763,163,92
918,728,1575,Shamela0009242,844,166,1216,614,68
918,772,942,Sham19Y0122255,292,578,741,125,92
918,810,1571,Shamela0001535,392,1,347,220,35
918,772,942,Sham19Y0023625,649,1138,1308,136,100
918,728,942,JK007065,154,28,244,163,94
918,728,942,Sham19Y0020699,228,606,784,132,77
918,728,903,Shamela0000137,1404,341,519,136,95
918,728,942,ShamAY0033729,75,492,712,167,94
918,728,942,Shia001421Vols,152,11,223,162,93
918,586,942,Shamela0010803,203,539,842,223,79
918,723,942,Shamela0010517,527,885,1101,169,97
919,1016,1487,JK000021,687,975,1159,127,34
919,1021,1487,Shamela0006610,195,1174,1383,128,34
919,1,1006,Shamela0038740,50,263,865,464,58
919,1016,1487,JK000977,682,26,225,126,34
919,1016,1487,JK006897,80,811,1026,137,35
919,1016,1487,JK009242,309,102,296,133,36
919,1016,1487,Shamela0021809,552,1033,1236,138,36
919,1016,1487,Shia000841Vols,1529,153,367,136,35
919,1016,1487,Shia000841Vols,1773,137,339,135,35
919,1016,1487,Shamela0001404,230,196,405,133,34
919,1016,1487,Shamela0012031,70,587,781,138,37
919,1016,1487,Shamela0002863,495,1115,1315,138,36
919,627,748,Zaydiyya0000015,718,1449,1573,96,97
919,1016,1487,Shamela0025794,4441,1032,1227,138,37
919,1016,1487,Sham19Y0014592,1235,438,642,138,36
919,1016,1487,Shamela0001727,404,76,270,138,37
919,13,768,Shamela0000432,4872,1270,1579,238,39
919,768,979,Shamela0000432,4873,1,213,158,92
919,1016,1487,Shamela0026568,1073,668,895,137,34
919,1016,1228,Sham19Y0013572,368,1289,1404,88,52
919,1016,1487,JK001236,167,743,937,138,37
919,1016,1487,Sham19Y0127700,141,328,542,137,35
919,768,929,Shamela0005756,3522,11,165,99,71
919,1016,1487,Sham19Y0023644,1534,164,363,136,36
919,1016,1487,Shamela0012014,38,1149,1363,137,35
919,1016,1487,Shamela0012014,264,925,1133,137,35
919,1016,1487,Shamela0000894,2078,68,262,138,37
919,843,975,Shamela0001673,7355,765,899,82,68
919,1016,1487,Shamela0005922,1059,963,1158,129,35
919,373,979,Shia001831Vols,226,19,325,154,30
919,1,572,Shamela0036543,1068,1060,1499,331,71
919,1,1223,Shamela0000140,296,316,1384,674,61
919,443,1028,Shamela0000140,1664,1,450,296,61
919,1016,1487,Shamela0004289,599,437,637,132,35
919,1028,1487,Shamela0009448,1,522,709,113,32
919,1016,1487,Shamela0023685,1248,58,281,135,34
919,1016,1487,Shamela0004482,224,1118,1312,138,37
919,1021,1487,JK011564,21,616,810,127,33
919,1016,1487,Sham19Y0122406,1136,211,405,138,37
919,1,704,Sham19Y0122406,1137,226,850,394,66
919,1016,1487,Shamela0006227,240,506,689,122,33
919,1016,1487,Sham19Y0132524,675,1214,1408,138,37
919,1021,1228,Shamela0001875,343,1245,1355,84,51
919,1189,1487,Shamela0001875,562,15,147,77,31
919,1016,1487,Sham19Y0037618,1214,951,1147,136,36
919,1016,1487,Kraken230110004547,254,1027,1249,137,34
919,1021,1487,Sham19Y0018144,595,541,740,133,36
919,1189,1480,Sham19Y0018144,620,1138,1258,71,30
919,1016,1487,Shamela0036446,251,667,881,131,34
919,1016,1487,Shamela0025800,1536,713,942,137,34
919,1016,1228,Shia003732Vols,3482,1336,1460,89,51
919,1028,1487,ShamAY0034005,292,23,215,116,31
919,1016,1487,Sham19Y0131336,591,1113,1296,127,34
919,1016,1487,Sham19Y0020638,331,1239,1439,138,36
919,768,929,Sham19Y0013252,1760,510,658,94,68
919,1,960,Sham19Y0013252,11633,371,1324,550,63
919,1016,1487,Masaha001946Vols,1234,586,794,132,35
919,1,975,Masaha001946Vols,1235,460,1017,427,54
919,1016,1487,Sham19Y0146127,611,1144,1327,127,34
919,1021,1487,Shamela0009242,843,729,938,128,34
919,1,398,Shamela0009242,844,1216,1494,215,68
919,223,1531,Shamela0009242,845,9,1348,686,55
919,1021,1228,Sham19Y0122255,292,708,817,81,50
919,1016,1487,JK007065,154,205,428,137,34
919,1189,1487,Shamela0000137,1449,366,490,73,31
919,1016,1487,ShamAY0033729,75,673,862,131,35
919,1016,1487,Shia001421Vols,152,184,385,132,36
919,1016,1487,Shamela0010803,203,803,997,138,37
919,1016,1487,Shamela0010517,527,1062,1256,138,37
920,595,1363,JK000977,683,533,957,186,26
920,589,1363,Shamela0001727,404,729,1048,212,34
920,726,1488,Shia001831Vols,226,302,703,284,46
920,332,552,Shamela0000140,298,1,225,132,73
920,847,1168,Shamela0000140,1656,998,1169,126,49
920,1049,1205,Shamela0010527,175,248,632,66,22
920,589,1205,Sham19Y0122406,1138,184,1371,273,25
920,815,1245,Sham19Y0017063,279,1154,1483,257,73
921,881,1064,Shia002702Vols,6265,1182,1520,140,49
921,845,1086,Sham19Y0127677,17841,174,408,145,64
921,72,683,Sham19Y0013253,274,764,1156,224,40
921,636,1071,Shia001831Vols,226,599,999,198,51
921,72,683,Sham19Y0122406,1139,557,945,223,40
921,95,687,Shamela0021474,39,707,1281,383,74
922,341,703,JK007054,680,1281,1594,129,41
922,151,542,ShamAY0035035,3468,686,1053,284,87
922,762,952,Shamela0008540,1649,1,134,110,70
922,318,551,Sham19Y0131521,1920,1,235,169,86
922,718,896,Sham19Y0131521,1920,1412,1536,77,53
922,1000,1294,Sham19Y0131521,1977,1215,1504,185,76
922,1230,1573,Sham19Y0013572,1011,911,1286,107,23
922,12,176,Shamela0000140,1657,787,951,122,93
922,1106,1452,Shamela0000140,1658,1,359,258,87
922,176,491,Sham19Y0018144,4113,451,722,215,83
922,221,561,Sham19Y0018103,1032,322,579,187,66
922,1230,1573,Sham19Y0020638,404,1063,1430,104,23
922,12,169,Sham19Y0020638,1638,924,1078,123,96
922,187,475,Sham19Y0013252,2335,1272,1562,119,34
922,176,469,Shamela0011036,707,1223,1527,236,96
922,718,926,Shamela0011036,709,514,915,125,38
922,176,551,Sham19Y0023625,263,1117,1483,275,88
922,977,1573,Sham19Y0023625,266,907,1476,391,74
922,1230,1573,JK007065,952,329,702,107,23
922,197,347,Sham19Y0017063,279,349,498,114,91
922,1257,1573,Sham19Y0018100,282,299,714,108,28
922,148,697,Sham19Y0013605,1461,361,984,331,58
923,81,263,Shamela0007441,234,108,288,142,96
923,55,263,JK007083,100,155,362,146,83
923,94,300,Shamela0007891,839,987,1207,144,82
923,1,268,Sham19Y0013769,881,393,662,160,61
923,94,263,Sham19Y0016584,103,209,353,114,85
923,142,300,ShamAY0035035,1803,1,158,107,85
923,84,268,ShamAY0035035,4745,1,184,136,92
923,4,300,JK009390,2066,377,721,177,63
923,94,300,Shamela0008176,2243,639,832,144,88
923,94,268,Sham19Y0127656,30,1308,1482,136,97
923,94,263,Sham19Y0013614,218,652,821,134,98
923,94,263,JK000110,16,1105,1274,135,100
923,94,263,ShamIbadiyya0000229,2080,786,956,135,99
923,94,263,Shamela0025794,1852,444,603,125,92
923,94,300,Shamela0027101,2,726,907,111,65
923,450,1008,Sham19Y0131521,1921,405,987,232,39
923,94,263,Shamela0021715,278,1086,1255,135,100
923,94,263,Sham19Y0016684,110,648,817,135,100
923,94,300,Shamela0030327,156,276,453,110,65
923,94,263,Shamela0000432,2424,1112,1281,135,100
923,63,263,Sham19Y0013572,1011,582,793,141,82
923,94,263,Shamela0005756,600,1004,1173,135,100
923,461,856,Shamela0005756,4493,595,963,177,48
923,94,294,Shamela0005756,5044,793,984,144,90
923,94,263,Shamela0026884,16,666,826,105,71
923,94,268,Shamela0012014,225,142,316,136,98
923,159,300,Sham19Y0127677,2044,1,134,94,86
923,10,342,Shamela0005922,1437,72,375,179,67
923,94,300,Sham19Y0017903,353,996,1184,143,87
923,94,263,Sham19Y0132963,222,897,1066,135,100
923,94,263,Shamela0004289,743,504,672,134,99
923,81,268,Shamela0021597,802,580,765,142,94
923,4,300,Shamela0001975,872,573,898,178,67
923,981,1358,Sham19Y0122406,1142,226,644,185,48
923,39,300,Shia002265Vols,5136,406,673,163,75
923,94,268,JK009324,53,24,198,129,88
923,1307,1510,Sham19Y0016928,147,1004,1423,125,36
923,94,263,Shamela0037837,297,935,1098,130,96
923,63,263,Shia002264,583,943,1129,146,91
923,63,290,Sham19Y0149697,1788,189,419,152,75
923,39,300,Sham19Y0038171,533,1028,1320,171,72
923,84,268,Sham19Y0038171,1186,430,612,135,92
923,4,268,Shamela0001438,3559,477,795,166,65
923,94,263,Sham19Y0018106,120,1107,1276,135,100
923,679,1066,Sham19Y0018144,4113,1144,1444,182,52
923,63,263,JK007107,310,124,318,148,92
923,94,263,Sham19Y0018103,163,34,203,135,100
923,81,263,Shamela0025800,2623,102,275,134,92
923,94,263,Shamela0096283,14,627,796,135,100
923,81,300,Sham19Y0123608,508,976,1175,142,81
923,94,300,Sham19Y0017729,179,1226,1414,143,87
923,4,314,Shamela0021659,1169,344,731,188,60
923,94,455,Sham19Y0020638,405,579,939,153,37
923,55,263,Sham19Y0013223,1256,1190,1380,150,90
923,94,263,Shamela0009823,400,463,632,135,100
923,73,263,Sham19Y0009763,131,1403,1591,132,78
923,59,268,Shamela0000091,1402,1153,1359,137,78
923,450,856,Sham19Y0013252,2337,335,1122,278,42
923,94,263,Sham19Y0013252,11852,988,1157,135,100
923,94,263,Sham19Y0017885,489,1072,1241,134,99
923,1008,1307,Shamela0011036,710,971,1293,219,82
923,455,748,Shamela0011036,713,875,1149,218,93
923,754,999,Shamela0011036,714,178,719,165,38
923,94,268,Sham19Y0016976,593,1160,1334,135,97
923,46,290,Shamela0021589,666,349,914,162,34
923,73,290,Sham19Y0014297,1070,143,347,152,81
923,1005,1324,Sham19Y0023625,264,631,863,174,66
923,94,268,JK007065,951,1300,1475,136,97
923,94,263,Sham19Y0018176,69,505,674,135,100
923,94,263,Sham19Y0122257,999,1180,1349,135,100
923,94,263,Sham19Y0014119,204,1342,1512,135,99
923,94,268,Sham19Y0013783,654,235,400,125,89
923,1056,1302,Sham19Y0017063,279,7,237,175,87
923,94,263,Sham19Y0017063,360,933,1103,135,99
923,129,263,Sham19Y0148271,1445,1,136,106,99
923,94,342,JK000030,104,93,330,139,66
923,94,263,Shia000121Vols,190,1355,1524,135,100
923,306,440,Sham19Y0014325,1317,471,608,83,65
923,94,300,Shamela0008360,252,83,276,144,88
923,94,251,Sham19Y0013605,238,318,475,125,100
923,483,1307,Sham19Y0013605,1462,7,556,237,34
923,147,268,Shamela0010517,1044,1,121,92,96
924,387,655,JK001012,169,1181,1473,159,61
924,38,637,Shamela0008540,1386,338,1324,423,50
924,19,637,Sham19Y0131521,2875,82,428,271,53
924,675,1432,Shamela0001727,405,617,1329,218,27
924,38,423,Shamela0005756,2492,885,1243,279,86
924,144,629,Shamela0005756,3332,684,1036,250,62
924,144,629,Shamela0005756,3337,787,1139,250,62
924,984,1562,Shia001831Vols,227,78,272,128,28
924,675,1432,Sham19Y0122406,1143,691,1405,218,27
924,808,1432,Sham19Y0132524,680,772,1132,163,31
924,675,1432,Shamela0001875,567,98,404,145,24
924,504,655,ShamAY0033531,878,1006,1163,122,93
924,38,637,ShamAY0033531,1161,54,340,232,46
924,675,901,JK007107,181,213,468,122,59
924,808,1432,Sham19Y0020638,334,54,476,174,34
924,675,915,Sham19Y0013223,192,909,1232,130,51
924,881,1092,Sham19Y0013223,1591,1369,1575,158,94
924,83,311,Sham19Y0013223,1591,558,941,140,44
924,712,901,Shamela0012052,671,931,1061,91,62
924,504,694,Shamela0009242,1154,169,355,139,86
924,675,901,ShamAY0033729,74,278,602,127,48
925,742,1038,Sham19Y0017747,521,1030,1288,134,53
925,1,264,Sham19Y0017747,521,425,638,88,33
925,1,547,Sham19Y0131521,2103,112,1292,331,33
925,704,1437,Shia001831Vols,227,357,727,229,35
925,823,1118,ShamAY0034316,4,1252,1536,231,95
925,823,1129,Sham19Y0016928,147,1037,1331,240,94
925,1,1019,ShamAY0033531,1160,851,1533,417,45
926,736,1154,Shamela0002569,597,676,1096,280,77
926,760,1020,Sham19Y0131521,1996,123,369,132,54
926,515,745,Shamela0005756,571,1241,1388,110,59
926,760,1245,Shamela0005756,572,837,1379,252,51
926,35,374,Shamela0005756,6908,1306,1475,117,42
926,374,538,Shamela0005756,6909,1,157,122,89
926,29,538,Shia001831Vols,227,727,1035,245,59
926,227,560,ShamAY0033522,171,350,630,211,75
926,771,1338,Shamela0021660,331,357,794,120,19
926,29,413,Sham19Y0122406,1145,152,646,165,36
926,35,510,Sham19Y0018272,1148,542,994,221,43
926,194,745,Sham19Y0013252,556,936,1488,247,45
926,771,1094,Sham19Y0013252,557,1125,1602,216,53
926,336,538,Sham19Y0013252,3758,23,221,135,75
926,428,745,Shamela0012052,425,1081,1282,144,54
926,515,745,Sham19Y0013605,222,397,573,130,68
926,760,1025,Sham19Y0013605,223,1054,1318,144,56
927,1282,1566,Shamela0008540,1650,1052,1420,207,68
927,416,1112,Shamela0008540,1651,755,1517,259,28
927,396,914,Shamela0001727,407,397,1016,195,33
927,1,179,Shamela0005756,572,687,872,131,83
927,502,1183,Shamela0005756,4527,56,476,248,41
927,1,773,Shia001831Vols,227,1186,1538,257,39
927,268,1342,Sham19Y0132524,682,711,1345,267,26
927,396,914,Shamela0001875,549,724,1334,187,30
927,1366,1566,ShamAY0033531,1092,545,745,162,100
927,1366,1566,Sham19Y0013223,1740,1269,1468,162,99
927,1360,1566,Sham19Y0013252,996,172,394,155,82
927,497,719,Sham19Y0013252,2351,356,634,166,68
928,1080,1311,JK007054,632,913,1169,172,82
928,484,1520,Shamela0008540,1665,133,438,201,23
928,724,891,Sham19Y0131521,5413,1,251,131,64
928,362,661,Shamela0021715,7868,59,938,178,26
928,76,591,Shamela0001727,408,203,1044,328,46
928,260,602,Sham19Y0127677,7622,364,675,187,65
928,1020,1331,Shia001831Vols,228,89,373,142,51
928,1010,1296,JK000201,3629,523,806,223,96
928,362,498,Shamela0023628,3655,1060,1205,94,83
928,267,591,Sham19Y0122406,1150,24,487,229,58
928,431,661,Sham19Y0122406,4693,420,611,89,44
928,362,661,Shamela0037837,1064,762,1306,128,28
928,371,591,Shamela0001875,564,367,626,174,83
928,1,267,ShamAY0033531,1092,745,961,113,52
928,336,1005,ShamAY0033531,1101,719,1320,372,63
928,377,591,ShamAY0034134,740,729,1274,144,32
928,362,870,Sham19Y0018103,1850,825,1420,213,38
928,362,591,Shamela0025800,448,884,1158,172,78
928,1094,1296,Sham19Y0018272,1000,1033,1198,118,72
928,371,591,Sham19Y0020638,337,204,476,163,75
928,1010,1296,Sham19Y0013223,2070,443,729,230,100
928,494,661,Shia001626Vols,394,1145,1494,100,34
928,377,513,Shamela0006700,477,1195,1321,85,81
928,1074,1296,Sham19Y0023625,1092,600,970,157,50
928,415,591,JK007065,1351,13,269,129,61
928,1010,1296,Sham19Y0013605,3741,344,523,129,57
929,1,313,Sham19Y0131521,1275,1262,1507,192,75
929,1053,1389,Sham19Y0127677,14397,1072,1513,260,68
929,608,1106,Shamela0001875,575,360,726,141,27
929,1065,1320,Rafed0003571Vols,1262,41,246,167,79
929,608,1114,Sham19Y0020638,337,815,1226,143,25
929,608,1106,Sham19Y0013223,574,1061,1446,143,27
929,735,934,Shamela0011036,728,860,1066,155,89
929,676,1110,Shamela0011036,729,642,873,104,25
929,608,1106,Sham19Y0017616,537,594,876,130,26
929,1106,1242,ShamAY0000055,352,987,1125,112,97
929,1,608,Sham19Y0023625,1096,87,710,450,86
929,608,1106,ShamAY0033729,58,1043,1459,132,24
930,894,1225,JK007054,618,323,652,159,49
930,894,1225,Shamela0025791,387,897,1185,146,53
930,1079,1557,Shamela0001727,410,961,1417,163,30
930,233,1453,Shia001831Vols,229,47,990,710,69
930,1230,1557,Shamela0001875,579,1122,1336,128,47
930,1,916,ShamAY0033531,1173,1042,1482,332,44
930,25,822,Sham19Y0018272,1902,899,1558,405,55
930,350,908,Masaha001946Vols,1274,652,1062,291,62
930,146,916,Sham19Y0122257,1282,893,1486,472,74
930,1230,1514,ShamAY0033729,77,1234,1454,100,41
930,6,422,Sham19Y0017063,488,432,1082,288,54
931,171,342,ShamAY0034059,4303,285,598,133,50
931,180,349,ShamAY0034059,7563,110,279,132,92
931,180,376,JK007054,621,432,622,154,94
931,1288,1647,ShamAY0035955,409,571,965,117,28
931,1082,1235,Shia002616Vols,1092,1238,1536,105,43
931,1505,1678,Shamela0021715,5675,994,1149,115,80
931,180,376,Shamela0025791,386,84,276,157,96
931,713,1678,Shia001831Vols,229,990,1366,272,34
931,1,171,ShamAY0033531,1171,1383,1545,133,94
931,171,742,ShamAY0033531,1172,1,584,410,86
931,661,1678,Masaha001864Vols,4440,441,1530,756,78
931,51,692,Sham19Y0013252,7238,303,903,408,71
931,1553,1678,Sham19Y0122257,1232,696,812,92,90
931,707,1363,Sham19Y0017063,475,1031,1232,136,25
931,51,574,Sham19Y0017063,488,1094,1587,381,86
931,1082,1255,Shamela0010443,484,70,581,122,28
931,1270,1666,Sham19Y0013605,2933,669,885,150,45
932,403,829,JK001012,363,484,1371,211,25
932,408,810,JK007054,225,891,1186,155,41
932,528,884,Shamela0008176,2800,15,396,141,35
932,961,1098,Shamela0008176,2801,1,127,103,91
932,687,1164,Shamela0008540,1761,268,908,275,45
932,528,680,Shamela0001727,413,197,494,109,45
932,1483,1628,Shamela0001727,413,494,630,107,91
932,547,829,JK011566,10,6,207,141,55
932,528,680,JK010189,2,754,915,119,89
932,837,1337,Shia001831Vols,230,7,534,314,64
932,391,1292,JK000201,3599,534,1584,481,47
932,1292,1472,JK000201,3600,1,181,144,98
932,408,1318,Shamela0023628,5,664,1332,323,40
932,528,680,Sham19Y0122406,1159,1161,1458,109,45
932,1177,1628,Sham19Y0122406,1160,975,1416,175,37
932,528,680,Zaydiyya0000059,1146,197,510,109,43
932,408,680,Shamela0001875,577,198,515,138,48
932,717,1098,Sham19Y0037618,7414,84,333,180,55
932,562,1472,ShamAY0033531,1163,496,1334,636,83
932,837,1348,Sham19Y0018272,2136,512,1021,233,43
932,528,680,Sham19Y0020638,340,821,976,116,91
932,528,680,Sham19Y0013223,565,378,526,110,86
932,680,1189,Sham19Y0013223,2064,1115,1625,414,98
932,1189,1483,Sham19Y0013223,2065,1,289,233,97
932,692,1430,Sham19Y0013252,7356,282,1167,308,32
932,911,1098,Sham19Y0013252,10914,208,388,137,88
932,528,680,Shia001174Vols,3981,239,398,117,88
932,911,1472,Sham19Y0122257,1230,8,544,309,58
932,528,1375,Sham19Y0017063,473,663,1303,354,44
933,9,413,JK000977,699,760,1240,235,53
933,12,995,Zaydiyya0000015,733,420,894,186,20
933,22,479,Shamela0001727,288,278,1018,228,37
933,1,490,Shamela0001727,413,630,1115,369,93
933,263,490,Shamela0001727,1376,1,219,157,84
933,121,490,Sham19Y0122406,1161,1,362,276,92
933,287,494,Sham19Y0122406,3705,1,192,139,84
933,1,344,Zaydiyya0000220,197,1198,1456,139,47
933,817,1525,Sham19Y0018103,3095,1003,1451,328,57
933,9,344,Sham19Y0020638,1157,1116,1328,141,50
933,9,278,Shia001976Vols,607,995,1198,132,62
933,834,1525,Shamela0009242,859,753,1511,311,37
933,810,1168,Sham19Y0122257,1285,146,437,215,72
933,817,1411,Sham19Y0017063,489,833,1269,217,45
933,817,1525,Sham19Y0013605,3702,623,1168,388,64
934,328,594,Shamela0001727,413,1115,1374,203,95
934,612,780,Shamela0001727,414,141,431,128,55
934,328,594,Sham19Y0122406,1161,1193,1452,203,95
934,389,594,Shamela0001875,825,870,1066,145,88
934,328,729,Sham19Y0018144,4948,316,902,147,28
934,559,679,Shamela0026891,11,1,334,84,32
934,1056,1273,Masaha001864Vols,4049,1382,1591,163,86
934,823,1484,Shamela0011036,2036,397,697,211,39
934,1079,1278,Sham19Y0122257,1284,1091,1295,154,89
935,989,1342,Sham19Y0148486,7250,1289,1422,107,36
935,589,1473,Shamela0003055,3559,1,545,160,16
935,422,975,Shamela0001727,415,331,1011,161,19
935,1442,1674,Shamela0001727,416,176,358,96,48
935,892,1267,JK000098,743,1118,1572,268,71
935,1267,1506,JK000098,744,1,148,116,58
935,543,1042,Sham19Y0122401,1431,309,687,165,30
935,268,417,Sham19Y0127677,6595,486,639,102,78
935,65,1534,Shia001831Vols,230,827,1554,513,41
935,916,1151,Shamela0023628,36,249,673,142,37
935,550,975,Sham19Y0122406,1164,1127,1495,123,23
935,589,1033,Shia002178,133,150,567,124,22
935,589,1124,Sham19Y0013223,579,326,844,145,21
935,564,1100,Sham19Y0013223,2075,110,477,211,45
935,65,257,Sham19Y0013252,7439,1019,1195,113,69
935,589,1042,ShamAY0033541,6,335,729,131,23
935,1,172,Shamela0011036,2036,1332,1504,122,79
935,577,1506,Sham19Y0017063,476,377,1444,327,25
936,274,506,Sham19Y0013769,2224,438,706,150,66
936,118,369,JK000977,710,605,1061,124,31
936,960,1551,Shamela0008540,1767,265,824,451,93
936,521,1491,Sham19Y0131521,2122,446,1522,512,49
936,964,1551,Sham19Y0131521,5435,704,1209,217,36
936,274,535,Sham19Y0014309,446,1020,1422,168,52
936,188,1551,Shia001831Vols,231,1,822,611,54
936,249,516,JK000201,3586,109,428,147,58
936,980,1496,Shamela0023628,376,506,1062,318,65
936,118,369,Sham19Y0145212,1555,202,389,116,59
936,960,1252,ShamAY0033531,1168,1344,1576,184,78
936,1252,1496,ShamAY0033531,1169,1,223,180,90
936,113,266,Sham19Y0013223,2076,192,344,121,98
936,960,1551,Sham19Y0013223,2077,385,976,479,99
936,1228,1469,Shamela0006336,967,1395,1581,129,61
936,692,886,Sham19Y0023625,2128,1080,1278,148,90
936,699,1203,Sham19Y0122257,1240,707,1020,204,50
936,118,369,Sham19Y0014119,245,583,708,93,47
936,980,1551,Sham19Y0017063,477,158,678,337,66
936,118,477,Sham19Y0017063,479,393,1075,214,36
936,1212,1469,Sham19Y0150962,1415,13,259,175,80
936,118,369,Shamela0008360,326,15,198,111,54
937,1076,1287,ShamAY0034059,8088,1,265,108,50
937,242,618,Kraken220413194022,2678,817,1224,123,27
937,688,1010,Sham19Y0013769,596,367,613,178,65
937,165,618,JK000977,712,708,1167,124,21
937,184,306,Shamela0001404,473,203,328,89,87
937,165,618,Shamela0001727,418,166,532,127,26
937,1039,1474,Shamela0001727,419,78,341,134,32
937,500,1135,Shamela0012014,240,362,820,126,19
937,531,1135,Shamela0000894,8043,897,1284,135,23
937,531,1135,Shamela0000894,8072,346,733,135,23
937,656,1010,Shamela0001673,11500,372,822,223,52
937,160,439,Sham19Y0013253,277,1199,1483,172,74
937,1,1507,Shia001831Vols,231,822,1606,593,47
937,1101,1389,JK000201,3599,1,242,147,55
937,299,618,Shamela0023628,3776,638,1002,187,65
937,1039,1384,Shamela0023628,3780,170,482,223,76
937,591,995,Sham19Y0122406,1171,153,1009,226,31
937,1043,1474,Zaydiyya0000220,263,1224,1375,109,32
937,131,409,Sham19Y0132524,699,833,1335,189,47
937,215,553,Sham19Y0132524,700,361,521,85,27
937,1010,1474,Sham19Y0132524,701,1035,1292,140,33
937,160,676,JK001480,1113,148,961,193,26
937,184,618,Shamela0001875,597,404,692,123,31
937,204,522,ShamAY0033531,1168,851,1180,257,96
937,184,553,JK000381,5146,785,1413,115,18
937,1058,1474,JK000381,5148,60,201,96,29
937,1043,1287,ShamAY0035990,358,571,825,95,40
937,184,618,Shamela0025800,2331,125,817,124,16
937,1039,1553,Shamela0025800,2332,587,860,156,38
937,618,1010,Sham19Y0014224,332,35,309,200,60
937,273,618,Sham19Y0018272,187,32,427,182,47
937,270,522,Sham19Y0018272,1603,447,692,177,88
937,165,618,Sham19Y0020638,345,416,727,120,26
937,1039,1553,Sham19Y0020638,346,1153,1426,162,41
937,184,306,Sham19Y0013223,587,445,570,89,87
937,306,1010,Sham19Y0013223,2079,108,864,464,64
937,349,522,Sham19Y0013252,7450,746,926,116,73
937,190,456,Masaha001946Vols,1236,946,1221,171,76
937,165,382,Shia001174Vols,4017,1189,1489,98,34
937,131,1135,Sham19Y0017616,535,189,850,233,23
937,184,306,JK007065,274,576,737,83,65
937,1039,1553,JK007065,1216,407,711,151,37
937,527,1010,Sham19Y0122257,1246,520,1037,290,60
937,329,644,Sham19Y0122257,1246,1,499,194,47
937,1227,1380,Sham19Y0122257,1249,415,573,111,87
937,165,704,ShamAY0033729,157,43,516,163,30
938,190,513,Shamela0008176,2802,315,651,237,85
938,1,955,Shia001831Vols,232,27,669,498,64
938,179,618,JK000201,2656,422,1116,328,56
938,623,1383,Shamela0023628,16,759,1512,389,48
938,200,513,Sham19Y0145212,4247,103,428,234,87
938,193,528,Shamela0011036,1043,568,903,268,98
938,919,1108,Shamela0000551,833,976,1160,116,71
938,869,1551,Sham19Y0122257,1294,1267,1567,195,35
938,190,642,Sham19Y0017063,474,38,460,302,78
939,898,1109,Shia001432Vols,11994,819,1032,171,97
939,35,1178,Shamela0008540,1778,556,1648,855,89
939,1178,1642,Shamela0008540,1779,1,492,369,92
939,336,525,Sham19Y0014579,468,772,1000,128,67
939,35,503,Sham19Y0131521,2141,998,1426,284,72
939,514,858,Sham19Y0131521,2142,190,503,203,66
939,1315,1571,Zaydiyya0000266,226,412,659,192,91
939,283,1250,Zaydiyya0000266,227,773,1622,413,43
939,35,1178,Shamela0023628,17,113,1151,680,66
939,35,858,Sham19Y0122406,1175,196,1303,496,51
939,858,1315,Sham19Y0122406,1176,247,805,296,63
939,1472,1642,Sham19Y0122406,1177,7,164,115,77
939,863,1294,Shia002662Vols,124,1098,1512,267,72
939,66,819,Sham19Y0018103,1719,634,1038,249,38
939,1315,1523,Sham19Y0018103,4309,484,634,108,64
939,35,1109,Masaha001864Vols,5466,589,1597,807,90
939,1109,1642,Masaha001864Vols,5467,1,555,425,92
939,28,1631,Sham19Y0017063,493,151,1632,1105,81
939,66,1536,Sham19Y0013605,2244,858,1539,467,37
939,1315,1497,Sham19Y0013605,5138,1400,1542,86,54
940,958,1193,Shia001432Vols,36647,764,953,132,68
940,708,850,Shamela0008176,2919,716,1113,96,30
940,1,602,Shamela0008540,1779,492,1082,454,92
940,349,500,Shamela0011728,98,649,794,107,88
940,997,1124,Sham19Y0127677,18475,627,751,94,91
940,663,1539,Shia001831Vols,232,792,1468,509,70
940,83,804,Shamela0023628,17,916,1629,379,54
940,1012,1529,Shamela0023628,18,930,1307,231,50
940,810,1073,Shamela0023628,18,13,549,163,36
940,1,271,Sham19Y0122406,1177,230,716,187,47
940,419,804,Sham19Y0122406,1178,1,570,205,36
940,958,1315,Sham19Y0145212,1589,1085,1414,88,24
940,1012,1124,Sham19Y0018569,413,1441,1539,57,65
940,708,934,Sham19Y0017791,714,234,521,142,55
940,973,1539,Sham19Y0020638,1642,696,850,105,23
940,1,1404,Masaha001864Vols,5467,555,1595,800,69
940,1404,1539,Masaha001864Vols,5468,1,131,101,96
940,958,1161,Sham19Y0122257,1296,555,1063,128,29
940,1336,1549,Sham19Y0017063,495,1,198,154,92
941,1,712,Shamela0007891,699,859,1128,188,32
941,1,712,Shia001432Vols,11993,1131,1398,183,31
941,15,712,Shamela0022800,39,1117,1413,152,25
941,15,712,Shia002616Vols,52,80,334,172,30
941,560,712,JK009242,242,1042,1200,120,96
941,15,649,Shamela0021809,53,682,946,125,23
941,1,712,Shamela0001404,272,1071,1374,184,30
941,1,712,Shamela0012031,65,1085,1354,188,32
941,15,712,Shamela0025794,3955,651,945,152,25
941,1,712,Shamela0001727,421,1151,1420,188,32
941,1,712,Sham19Y0127677,4198,208,487,194,33
941,15,712,Shamela0022676,42,591,851,175,30
941,10,712,Shamela0023644,1024,1,261,180,31
941,1327,1552,Shia001831Vols,233,59,248,137,69
941,1,712,Shamela0004289,1236,660,926,188,32
941,1,712,Sham19Y0122406,1180,66,335,188,32
941,1,712,Shia002265Vols,636,1030,1306,194,33
941,10,712,Sham19Y0145212,1590,1,254,176,30
941,1,712,JK000657,61,1070,1308,109,18
941,46,712,Sham19Y0132524,707,494,718,153,27
941,1,712,Shamela0001875,586,208,476,187,32
941,1,712,Shamela0001438,6105,697,965,182,30
941,34,610,Shamela0036446,1006,1392,1523,75,16
941,1,712,Shamela0025800,456,745,1020,188,31
941,1,712,Sham19Y0020638,349,79,351,188,32
941,1,712,Masaha001864Vols,1034,799,1051,170,28
941,1,712,Masaha001864Vols,2656,908,1186,188,31
941,15,1429,Masaha001864Vols,5468,89,1393,1014,87
941,15,592,Shamela0012052,2345,1191,1317,77,16
941,1,712,JK007065,236,703,972,188,32
941,15,712,Sham19Y0122257,1297,774,1036,161,27
941,1,712,Sham19Y0017063,494,689,949,183,31
941,1,370,Sham19Y0017063,495,198,537,164,46
941,1,712,Shamela0010803,41,181,442,183,31
941,1,712,Shamela0008360,339,226,495,188,32
942,661,1111,JK011593,104,945,1076,90,25
942,532,656,JK007054,443,960,1223,98,47
942,366,996,Sham19Y0013667,2105,221,1103,269,34
942,1035,1543,Sham19Y0148486,1518,904,1070,125,30
942,661,1549,JK000977,719,941,1167,171,24
942,783,1035,Shamela0008540,1712,1032,1285,197,94
942,64,695,Shamela0001727,422,909,1453,223,38
942,1035,1549,Shamela0001727,423,20,193,135,32
942,529,1549,Sham19Y0013572,248,794,1051,191,23
942,661,1549,Sham19Y0013572,249,120,894,198,20
942,392,1111,Shamela0001673,2117,335,931,169,22
942,661,1549,JK007049,46,853,1078,166,23
942,775,1309,Shia001831Vols,233,271,698,314,68
942,532,1255,JK000201,1229,165,782,224,27
942,661,1549,Shamela0023628,3557,49,270,162,22
942,47,716,Sham19Y0122406,1181,865,1481,211,30
942,1035,1543,Sham19Y0122406,1182,1,168,130,31
942,532,1362,Sham19Y0037618,1050,1023,1370,169,23
942,532,1549,Kraken230110004547,222,1110,1352,175,21
942,783,1290,Sham19Y0018144,3876,760,1218,167,28
942,529,1290,Shamela0025800,1313,1237,1424,133,21
942,532,1111,Sham19Y0020638,351,1270,1432,119,26
942,78,274,Masaha001864Vols,4330,901,1114,121,70
942,529,1362,Sham19Y0146127,773,540,1072,138,16
942,370,1290,JK000609,10,863,1285,189,23
942,529,1549,JK007065,112,1162,1419,190,23
942,725,1030,Sham19Y0014601,2388,5,312,248,98
943,357,576,Sham19Y0020944,299,464,750,150,60
943,357,576,Shamela0007891,536,684,976,150,59
943,396,576,JK011593,104,1138,1372,86,34
943,1348,1505,JK007054,339,1260,1412,119,90
943,340,576,Sham19Y0013769,592,304,580,153,60
943,374,576,Shamela0006610,195,267,540,155,68
943,357,576,Shamela0008176,1671,282,575,150,59
943,357,576,Shamela0001404,430,473,693,108,44
943,396,576,Shamela0021715,1402,1233,1401,96,56
943,1140,1348,Shamela0001727,423,1001,1190,101,52
943,396,576,JK001236,145,1155,1428,140,63
943,357,702,Shamela0005756,3529,889,1347,190,47
943,371,576,Shamela0001673,539,426,720,157,64
943,357,576,Shamela0001673,2118,325,597,146,60
943,396,576,Shamela0012884,4817,721,868,103,70
943,357,576,Kraken230106005528,527,371,686,144,53
943,396,576,Sham19Y0014309,1549,471,745,140,63
943,28,973,Shia001831Vols,233,713,1213,318,38
943,446,576,JK000201,1230,1,126,101,96
943,396,576,JK011564,22,1061,1289,112,55
943,1,282,Sham19Y0122406,1183,292,592,161,59
943,1140,1348,Sham19Y0122406,1183,746,935,101,52
943,357,952,Sham19Y0122406,1184,38,617,284,48
943,371,576,Shia001805,543,188,482,157,64
943,1140,1348,Sham19Y0132524,708,261,450,101,52
943,357,576,Sham19Y0132524,709,769,1190,133,35
943,80,211,ShamAY0033531,1132,1436,1567,105,100
943,211,340,ShamAY0033531,1133,1,129,103,99
943,371,581,Sham19Y0018106,709,859,1135,151,67
943,396,576,Sham19Y0013631,2174,429,677,139,67
943,357,576,Shamela0036446,166,845,1138,150,59
943,426,576,Sham19Y0018569,251,1,171,112,79
943,357,576,Sham19Y0017729,154,622,926,153,57
943,1053,1348,Sham19Y0020638,352,51,453,147,42
943,859,1048,Sham19Y0013223,2074,1015,1157,107,71
943,451,576,Sham19Y0020591,510,44,191,98,82
943,8,576,Sham19Y0013252,1763,95,623,196,31
943,396,576,Masaha001946Vols,1237,1226,1477,143,70
943,23,473,Sham19Y0146127,773,859,1442,110,16
943,387,576,Sham19Y0018176,376,975,1254,142,61
943,357,576,Sham19Y0122257,790,587,878,149,58
943,357,576,Sham19Y0017063,275,104,397,150,59
943,113,340,Sham19Y0013605,1218,367,546,130,71
943,396,576,Shamela0012872,110,163,397,86,34
944,844,1132,ShamAY0035955,387,814,1156,195,71
944,874,1123,Shamela0005756,12173,179,436,179,85
944,859,1415,Sham19Y0013253,280,740,1449,381,67
944,197,455,Shia001831Vols,233,1263,1560,162,60
944,844,1535,Shia001831Vols,234,24,695,528,95
944,870,1408,Sham19Y0122406,1186,767,1457,377,68
944,307,486,Masaha001946Vols,1237,712,944,122,67
944,874,983,Sham19Y0150962,1439,779,879,77,90
945,425,881,Sham19Y0017350,242,85,546,304,71
945,613,927,Sham19Y0013769,412,1020,1305,200,69
945,927,1086,Sham19Y0013769,413,1,161,131,99
945,613,821,Sham19Y0017747,2621,217,346,103,61
945,613,865,Sham19Y0017437,308,645,858,150,66
945,660,1073,Shamela0001673,1817,13,399,294,83
945,1,538,Sham19Y0013253,281,101,460,152,30
945,1,401,Shia001831Vols,234,695,1007,246,75
945,613,1073,JK000201,474,756,1198,328,81
945,1,538,Sham19Y0122406,1187,141,869,243,35
945,1210,1546,Sham19Y0014224,205,503,906,177,47
945,613,1086,Sham19Y0014224,207,1,471,374,94
945,652,1073,Sham19Y0018272,2171,1,397,296,81
945,1406,1611,Sham19Y0013252,1540,624,794,122,68
945,921,1086,Sham19Y0013252,1541,38,205,135,97
945,660,921,Shamela0009242,1175,63,316,206,94
945,619,1073,Sham19Y0013605,1062,689,1012,215,54
946,528,912,Sham19Y0017350,242,1060,1413,228,68
946,51,309,Sham19Y0013769,412,668,898,181,85
946,420,784,Shamela0008176,1505,874,1292,213,56
946,1207,1558,Shamela0001727,426,1040,1244,101,36
946,33,490,Shia001831Vols,234,1193,1525,228,60
946,643,912,Shia001831Vols,235,1,272,207,92
946,973,1202,Shamela0000140,857,470,680,122,67
946,543,871,Shamela0000140,864,821,1062,195,72
946,528,962,Shamela0021619BK2,410,1036,1342,224,63
946,222,912,ShamAY0033531,1066,452,1081,381,62
946,554,962,Sham19Y0021525,158,1132,1510,199,57
946,56,398,Sham19Y0014224,205,937,1202,194,69
946,398,762,Shamela0000091,636,1264,1534,142,42
946,1,314,Sham19Y0013252,1540,794,1055,200,78
946,85,506,Sham19Y0146127,722,26,327,111,29
946,506,949,Sham19Y0016599,828,340,578,123,33
946,237,1005,Shamela0009242,1172,428,1094,423,60
946,454,772,Sham19Y0122257,720,418,709,196,70
946,681,904,Sham19Y0017063,164,743,963,174,95
946,401,612,Sham19Y0017063,251,145,428,117,49
947,695,1145,Kraken220413194022,2168,166,503,236,63
947,695,1120,Shamela0010284,445,202,515,230,65
947,94,329,Shamela0001727,426,1214,1389,107,54
947,94,329,Shamela0012750,274,628,803,107,54
947,94,329,Shamela0008623,17,406,577,106,55
947,125,329,JK000386,903,311,440,99,61
947,125,329,Shamela0012884,736,658,788,95,58
947,94,329,JK000130,106,319,493,106,54
947,11,1552,Shia001831Vols,235,532,1253,505,40
947,450,1120,JK000201,1666,615,1112,276,44
947,94,767,Sham19Y0122406,1189,617,1271,183,22
947,94,329,Shamela0009371,27,1077,1252,107,54
947,125,329,Sham19Y0020638,355,264,397,99,60
947,107,329,Sham19Y0013223,197,880,1026,103,57
947,107,329,ShamAY0032852,6,434,580,104,58
947,94,329,Sham19Y0146127,721,486,661,107,54
947,780,1120,Shamela0009242,1174,996,1298,230,80
947,695,1120,Shamela0009690,2071,102,414,230,65
947,89,329,JK007065,1266,1203,1384,109,54
947,629,1026,Sham19Y0122257,719,1101,1315,136,42
947,579,1120,Sham19Y0017063,251,549,1064,312,60
947,686,993,Sham19Y0150962,1030,998,1245,152,52
947,1259,1532,Sham19Y0018100,925,1,280,213,90
948,122,861,JK006875,1,918,1521,211,26
948,990,1477,JK006875,2,1,308,164,42
948,414,1150,Shamela0007891,473,273,804,197,29
948,107,356,Sham19Y0145435,395,348,501,77,35
948,122,1139,Sham19Y0148486,1422,780,1480,257,25
948,1103,1470,Shamela0006610,126,772,1005,133,45
948,1103,1477,ShamAY0035035,1864,180,431,138,45
948,1088,1477,JK009390,1406,819,1090,144,45
948,1103,1477,Sham19Y0019188,626,775,1026,139,46
948,103,356,Shamela0003055,270,303,504,86,33
948,107,1125,Shamela0003055,2507,858,1531,247,24
948,1084,1477,Shamela0008176,1504,818,1147,152,41
948,98,1150,JK000977,727,497,1258,234,24
948,797,1477,Shamela0001719,712,38,413,211,39
948,1084,1477,Sham19Y0013614,166,726,1058,153,42
948,419,861,Shamela0021809,2089,9,436,108,20
948,1103,1477,Shia000841Vols,1796,110,362,139,46
948,797,940,Shia000841Vols,9272,508,672,109,81
948,419,1150,Shamela0025794,3110,283,828,197,30
948,419,1150,Shamela0010488,196,633,1106,182,29
948,977,1477,Shamela0011428,308,919,1197,143,36
948,107,531,Shamela0001727,427,1047,1327,166,48
948,797,1477,Shamela0001727,428,159,543,219,40
948,107,1160,JK000916,18221,705,1432,300,30
948,1106,1477,Shia002240Vols,86,940,1178,131,44
948,107,852,Sham19Y0023644,1796,1041,1427,205,34
948,107,356,Shamela0012014,124,1361,1505,77,35
948,419,1477,Shamela0012014,125,20,780,288,27
948,1103,1477,Sham19Y0127677,1504,374,624,138,45
948,1084,1477,ShamAY0034199,500,400,700,149,44
948,107,356,Shamela0004473,11095,45,196,77,35
948,1049,1477,Shamela0005922,707,581,860,146,42
948,1084,1470,Shamela0000427BK2,831,1078,1333,134,41
948,122,531,Sham19Y0017903,158,1156,1409,163,50
948,797,1477,Sham19Y0017903,159,202,577,217,40
948,1103,1477,JK006950,1291,1161,1402,128,42
948,544,792,Shamela0000140,855,809,1315,176,42
948,122,325,Shamela0000140,855,12,276,142,63
948,797,1079,Shamela0000140,856,684,1225,175,40
948,1135,1234,Shamela0000140,857,58,247,75,50
948,797,940,Shamela0021619BK2,3013,732,900,112,83
948,122,1443,Shamela0004289,376,595,1478,388,32
948,107,572,Shamela0010906,1399,518,757,135,37
948,1103,1477,Shamela0001975,566,952,1202,139,46
948,107,531,Sham19Y0122406,1191,78,358,166,48
948,797,1297,Sham19Y0122406,1191,975,1255,151,38
948,1088,1477,Shia002265Vols,2266,19,278,140,44
948,1084,1477,ShamAY0033075,15,113,390,153,47
948,797,940,Shamela0021677,3515,550,719,112,83
948,414,1150,Shamela0026668,381,136,660,180,25
948,1084,1452,Sham19Y0132973,727,496,739,140,46
948,122,365,Sham19Y0132524,712,991,1128,76,36
948,232,1103,Sham19Y0132524,713,337,990,221,24
948,1084,1477,Sham19Y0132524,714,171,462,154,46
948,1103,1477,Shamela0001875,283,931,1181,139,46
948,797,940,Shamela0021693,2196,1210,1378,112,83
948,1084,1477,Shamela0001438,2371,1242,1555,154,43
948,107,1438,Kraken230110004547,432,574,1449,374,31
948,1103,1477,JK000381,6985,973,1214,128,42
948,419,861,Shia002032,21,1000,1447,129,29
948,972,1477,Sham19Y0018144,471,1110,1431,171,42
948,414,861,Sham19Y0018144,2654,124,568,148,32
948,134,531,Shamela0036446,1248,1085,1320,148,46
948,1088,1470,Zaydiyya0000162,2112,297,556,137,43
948,414,861,JK000533,1772,701,935,86,21
948,1103,1477,JK007107,63,199,451,139,46
948,331,1477,Shamela0025800,2469,46,872,349,33
948,1084,1477,Sham19Y0017791,384,841,1173,153,42
948,122,356,Shia003732Vols,856,178,295,66,34
948,1084,1452,Shamela0095735,909,453,692,140,46
948,122,1120,Shamela0011620,83,831,1483,272,30
948,1120,1477,Shamela0011620,84,1,234,126,43
948,1103,1477,Shamela0021659,788,1033,1283,139,46
948,419,861,ShamAY0034005,1242,120,566,138,31
948,122,478,Sham19Y0131336,85,1231,1435,124,44
948,478,1477,Sham19Y0131336,86,1,649,259,27
948,107,823,Sham19Y0020638,355,897,1482,185,23
948,823,1477,Sham19Y0020638,356,1,359,198,37
948,1103,1477,Shamela0008463,641,1200,1450,137,45
948,122,1160,Sham19Y0146127,723,411,1087,288,31
948,1103,1477,Shamela0011036,372,172,422,139,46
948,1084,1477,Sham19Y0016976,463,108,440,153,42
948,797,940,Shamela0012052,2675,482,649,112,84
948,1084,1452,Shia002228,62,1142,1377,137,45
948,122,1160,JK007065,1254,739,1440,306,32
948,1079,1477,Sham19Y0011194,213,1112,1386,158,49
948,797,902,Shamela0021642,3673,1293,1419,83,83
948,1103,1477,Shamela0000137,925,32,282,139,46
948,1084,1477,Sham19Y0014119,154,296,628,155,42
948,1084,1477,Sham19Y0017063,252,326,657,153,42
948,419,861,Sham19Y0148271,1805,913,1364,143,32
948,1103,1477,Sham19Y0014325,896,1087,1337,139,46
948,1084,1477,Shamela0008360,159,513,842,154,42
948,1103,1477,Shamela0021743,246,592,842,137,45
948,122,531,Sham19Y0018100,922,999,1257,165,51
948,797,1477,Sham19Y0018100,923,93,473,219,40
948,792,972,Sham19Y0018100,933,1234,1441,142,85
948,419,861,Shamela0009642,65,59,492,134,30
949,368,588,Sham19Y0013667,969,711,925,165,90
949,1005,1544,Shia000841Vols,373,272,743,223,40
949,187,584,Shamela0008540,1620,956,1310,208,55
949,1029,1242,Shia001831Vols,235,1432,1593,128,74
949,375,579,Shamela0000140,805,432,636,165,99
949,673,999,Shamela0000140,859,82,500,194,54
949,841,1005,ShamAY0033531,1067,335,517,115,80
949,685,1005,Shamela0009242,1173,139,410,198,76
949,56,1593,Sham19Y0017063,253,1,783,604,47
950,230,356,Sham19Y0148486,1423,989,1118,97,97
950,218,356,Sham19Y0131521,1875,1060,1196,98,93
950,307,822,Shamela0001727,429,1,405,107,22
950,245,360,JK000916,18222,994,1107,83,92
950,230,356,Shamela0012014,126,166,292,95,95
950,230,367,Sham19Y0127677,10496,479,619,101,94
950,230,367,Sham19Y0127677,19800,358,477,86,81
950,1,1034,Shia001831Vols,236,156,614,326,39
950,78,230,Shamela0000140,861,1154,1319,121,90
950,230,618,Shamela0000140,863,343,805,301,83
950,230,356,Shamela0004289,377,872,998,97,100
950,230,356,Sham19Y0122406,1194,299,425,97,100
950,664,1034,Sham19Y0013631,2352,939,1176,188,62
950,230,356,Sham19Y0131336,87,32,150,90,92
950,230,356,Sham19Y0020638,356,1215,1341,97,100
950,628,1043,Sham19Y0020638,1644,744,1067,240,68
950,230,356,Sham19Y0146127,724,392,522,97,96
950,230,360,JK007065,1255,1033,1172,97,91
950,230,360,Sham19Y0018100,923,1307,1438,100,99
951,4,493,ShamAY0035250,18,310,547,105,26
951,1,1030,Sham19Y0020944,272,393,758,187,22
951,1,593,Sham19Y0013667,1875,832,1108,126,26
951,459,1030,Sham19Y0148486,1122,790,946,100,21
951,1,493,ShamAY0035035,1812,335,569,102,25
951,1,1030,JK000977,729,841,1213,190,22
951,4,493,Sham19Y0127656,165,104,319,108,27
951,4,493,JK000110,294,1010,1243,105,26
951,1,493,Shamela0002863,586,839,1079,116,27
951,80,1205,Shamela0008540,1616,1103,1565,310,34
951,1205,1555,Shamela0008540,1617,1,170,128,45
951,1,1030,Sham19Y0131521,1863,694,1059,187,22
951,76,271,Sham19Y0131521,1864,1311,1597,137,59
951,573,1140,Sham19Y0131521,1865,1029,1477,301,62
951,271,567,Sham19Y0131521,1865,1,625,191,36
951,993,1489,Sham19Y0131521,1866,34,483,305,68
951,4,493,Shamela0021715,2049,382,619,105,26
951,1,593,Shamela0021715,2050,879,1218,117,19
951,1,714,Shamela0021715,6625,584,1037,147,21
951,1,1030,Shamela0001727,429,1015,1384,190,22
951,1,1030,JK000916,19722,606,979,189,22
951,1,714,Shamela0003118,5714,1189,1501,148,24
951,1,493,Shamela0005756,4756,1201,1441,107,26
951,76,1311,Shamela0005756,4762,18,548,389,39
951,4,493,Sham19Y0127677,14781,564,798,103,25
951,337,1030,Shamela0117359,342,1,291,132,22
951,1,1030,Shamela0005922,712,946,1313,193,22
951,1,1030,Shamela0004289,378,66,435,189,22
951,4,493,Shamela0004289,605,446,750,94,17
951,1,714,Sham19Y0122406,1195,976,1285,151,25
951,1,593,Shamela0006227,278,65,382,133,26
951,4,482,JK009324,863,499,674,64,13
951,4,714,Sham19Y0001734,658,646,949,152,25
951,1,1030,Sham19Y0132524,716,474,843,189,22
951,1,493,Sham19Y0038171,537,804,1044,102,25
951,4,593,Shamela0001875,286,1201,1466,132,26
951,49,240,ShamAY0033531,1061,1349,1546,148,94
951,240,933,ShamAY0033531,1062,1,570,452,80
951,1,593,Sham19Y0036114,290,527,795,130,26
951,1,593,Shamela0025800,1516,966,1217,126,26
951,1,1030,ShamAY0034005,260,561,928,187,21
951,1,1030,Sham19Y0131336,687,1099,1478,187,21
951,1,1030,Sham19Y0020638,357,742,1111,190,22
951,1,593,Masaha001864Vols,2325,819,1107,132,26
951,1,714,Sham19Y0020591,467,1143,1452,151,25
951,4,493,Sham19Y0013252,2479,1157,1394,105,26
951,337,1030,Sham19Y0146127,570,485,809,129,21
951,4,493,Sham19Y0146127,726,20,214,86,21
951,4,493,Sham19Y0013241,235,846,1065,104,26
951,1,493,JK007065,1458,813,1028,101,26
951,1,686,Sham19Y0014601,2241,449,826,159,26
951,4,493,Sham19Y0013605,1512,1234,1471,105,26
952,1331,1485,JK007083,35,18,171,124,99
952,1331,1485,Shamela0007891,479,289,442,124,99
952,1316,1485,Shamela0000767,446,744,919,130,91
952,1331,1485,Sham19Y0148486,1428,166,333,124,91
952,1253,1485,Shamela0006610,249,891,1093,90,40
952,1316,1485,Shamela0006610,250,16,184,130,95
952,20,252,Shamela0008176,1511,1248,1496,86,37
952,1331,1485,JK000977,730,229,384,123,97
952,1336,1485,JK006897,120,11,166,121,96
952,1198,1485,Shamela0021744,243,1016,1440,156,44
952,214,386,Shamela0008540,1615,937,1152,98,57
952,1050,1230,Shamela0008540,1617,213,386,139,92
952,1253,1485,Shamela0011428,309,1063,1356,137,53
952,1331,1485,Shamela0001727,430,212,365,124,99
952,1331,1485,Shamela0012750,16,884,1035,122,97
952,1331,1485,Shia001137,555,335,488,122,98
952,1099,1485,Sham19Y0127700,136,943,1284,162,39
952,1236,1485,ShamAY0033910,117,351,684,168,62
952,1050,1230,Shamela0005756,4762,580,754,142,95
952,1331,1457,Shamela0011385,3961,218,339,93,92
952,1316,1485,Shamela0005922,714,1322,1485,111,75
952,1331,1485,JK000130,118,109,266,124,96
952,1331,1485,ShamAY0033181,152,846,995,121,96
952,1331,1485,Shamela0006366,57,508,661,124,99
952,1331,1485,Shamela0004289,378,791,934,116,92
952,1331,1485,Shamela0006227,283,1272,1436,120,87
952,1253,1485,Shamela0006590,811,880,1193,145,56
952,1243,1485,Shamela0026668,393,173,502,153,57
952,1236,1485,Sham19Y0132524,717,57,332,155,71
952,1236,1479,Shamela0001875,287,370,730,161,56
952,98,1272,ShamAY0033531,1062,660,1382,366,32
952,1331,1485,Sham19Y0018144,469,540,707,124,91
952,1331,1485,Shamela0025800,1515,1137,1290,124,99
952,1236,1485,Shia003732Vols,4686,528,812,146,56
952,1331,1467,ShamAY0034005,260,1344,1481,108,97
952,1331,1485,Sham19Y0131336,701,84,251,124,91
952,1272,1485,Sham19Y0020638,357,1295,1516,145,81
952,1331,1485,ShamAY0031687,471,855,1016,124,94
952,1236,1485,JK000475,323,540,842,155,60
952,1331,1485,Shia001976Vols,942,956,1099,116,92
952,1331,1485,Kraken2108092202141,131,377,530,122,98
952,1243,1485,Shamela0008463,650,1208,1452,152,71
952,1331,1485,Sham19Y0146127,726,1199,1352,124,99
952,1316,1556,Shamela0011036,649,173,457,175,74
952,1331,1485,Sham19Y0016599,831,369,522,124,99
952,491,643,Sham19Y0016599,836,836,1046,97,54
952,1095,1485,Shamela0009242,1073,309,697,169,39
952,1272,1485,Sham19Y0017616,69,456,658,143,77
952,1316,1485,JK007065,1350,877,1045,130,95
952,55,252,Sham19Y0122257,723,295,455,71,46
952,1331,1485,Shamela0000137,931,1045,1198,124,99
952,1253,1485,Sham19Y0022884,76,702,957,148,71
952,1331,1485,JK011499,57,270,403,104,83
953,1236,1608,Shamela0021495,148,345,675,217,64
953,652,1028,Sham19Y0131521,1881,519,623,74,25
953,607,1028,Shamela0021715,1977,892,1026,85,26
953,652,1028,Shamela0026568,1101,441,551,76,25
953,652,1028,Shamela0001673,1894,976,1090,78,25
953,652,1028,JK000201,480,656,765,75,25
953,652,1028,Shamela0023685,1274,262,372,76,25
953,1188,1668,Sham19Y0122406,1202,407,1027,310,60
953,288,1124,ShamAY0033531,1069,1039,1604,451,65
953,667,1056,Sham19Y0013252,1446,1,363,82,18
953,693,1272,Sham19Y0016599,844,1124,1401,155,32
953,906,1272,Shamela0009242,500,28,418,219,64
953,160,890,Shamela0010517,380,1137,1579,271,38
953,890,1272,Shamela0010517,381,1,435,249,70
954,159,309,Shamela0007798,2884,243,403,106,84
954,833,1482,Shamela0021495,148,592,1078,362,66
954,164,309,Shamela0001717,454,1,158,110,89
954,173,323,Shamela0002863,776,8,184,106,74
954,159,323,JK006838,735,1014,1192,120,83
954,159,309,Kraken230106005528,580,860,1029,108,79
954,159,357,Shamela0005922,1278,942,1133,123,73
954,159,309,Sham19Y0014309,1743,1210,1377,114,86
954,866,1235,Sham19Y0014827,369,421,835,182,50
954,159,522,Shamela0004289,627,971,1510,201,47
954,670,914,Shamela0007370,1462,666,1216,80,17
954,154,955,Sham19Y0122406,1203,1,1026,418,48
954,1178,1380,Sham19Y0122406,1204,39,252,150,83
954,1161,1380,Sham19Y0132524,720,1294,1523,161,85
954,159,385,Shamela0001875,470,754,1000,129,67
954,159,309,Sham19Y0018144,768,736,923,114,77
954,159,385,Shamela0036446,222,321,569,143,74
954,159,385,Shamela0025800,1494,423,671,145,75
954,360,833,Sham19Y0014224,504,8,734,197,30
954,847,1206,Sham19Y0014224,505,346,693,198,61
954,159,309,Sham19Y0131336,809,136,323,114,77
954,1437,1548,Masaha001946Vols,357,1259,1370,88,99
954,640,885,Shamela0009242,1517,1138,1415,178,79
954,159,309,JK007065,280,815,982,114,86
955,92,603,Shamela0021495,148,1078,1487,309,72
955,867,1327,Sham19Y0013667,1935,959,1383,317,82
955,861,1535,Sham19Y0013769,825,1196,1474,154,27
955,92,391,Shia002616Vols,1936,1235,1489,137,52
955,872,1335,Shamela0008540,1580,965,1446,355,90
955,92,391,Shamela0005756,3973,1293,1546,172,67
955,886,1330,Masaha001961Vols,950,157,594,312,81
955,96,265,ShamIbadiyya0000433,252,622,801,137,93
955,561,1488,Shia001831Vols,236,631,1219,384,50
955,92,322,Shamela0023628,865,690,899,152,80
955,86,239,Sham19Y0122406,1206,165,318,118,96
955,92,231,Sham19Y0132524,722,995,1136,111,97
955,96,300,Shia001845Vols,203,428,641,146,83
955,939,1252,Sham19Y0149697,1577,956,1241,155,55
955,92,265,ShamAY0033531,1037,642,831,128,84
955,876,1262,ShamAY0033531,1041,378,557,128,41
955,7,548,Sham19Y0014224,499,118,683,354,75
955,948,1547,Sham19Y0014224,502,1,485,296,51
955,872,1007,Sham19Y0020638,1645,788,914,98,90
955,96,386,Shamela0011036,771,1,279,166,68
955,944,1460,Shamela0000551,757,13,574,177,31
955,96,265,Shamela0009242,1514,452,621,138,100
955,92,265,Sham19Y0013241,529,584,771,127,85
955,939,1262,Sham19Y0014601,2183,385,685,212,72
955,54,548,Sham19Y0013605,1329,1001,1484,231,46
956,1276,1394,JK007064,93,391,564,95,68
956,1,266,Sham19Y0013769,826,283,542,191,81
956,1242,1635,Shamela0008540,490,912,1295,291,85
956,637,859,Shamela0008540,1394,342,584,162,74
956,5,148,Shamela0008540,1577,1007,1146,106,89
956,630,859,Shamela0000140,1638,983,1238,184,85
956,883,1596,Shamela0000140,1642,1240,1562,208,35
956,630,864,JK000201,1054,1284,1525,193,96
956,323,1068,Sham19Y0132524,725,405,1103,213,25
956,61,261,ShamAY0033531,1038,1,201,157,91
956,813,1167,JK007107,239,291,815,151,33
956,1,261,Sham19Y0014224,502,485,771,208,87
956,1235,1564,Shamela0009242,359,699,1259,223,47
956,1264,1462,Shamela0007264,32,778,987,114,56
956,1249,1635,Sham19Y0014601,809,695,1046,287,90
957,832,1156,JK007054,242,216,532,233,84
957,186,571,Shamela0021495,108,1327,1541,151,48
957,879,1455,Shamela0021495,110,1,419,282,60
957,10,389,Sham19Y0013769,742,148,719,186,37
957,969,1460,Sham19Y0131521,645,20,480,233,48
957,79,593,Shamela0006140,41,757,962,104,25
957,759,1237,Sham19Y0018103,891,158,395,157,39
957,57,279,ShamAY0035990,546,199,485,145,59
957,10,533,Sham19Y0014224,445,763,1299,249,47
957,45,620,Shamela0009242,360,439,1113,199,31
957,156,389,Sham19Y0014601,809,1046,1262,165,84
957,759,1208,Sham19Y0013605,1288,1238,1495,167,45
958,309,982,Shamela0021495,109,670,1214,254,39
958,1235,1519,Shamela0008540,495,644,941,180,68
958,1038,1558,Shia001831Vols,237,356,688,242,57
958,1381,1534,Shamela0021597,722,146,349,111,66
958,1217,1510,Sham19Y0013223,1770,988,1217,187,78
958,998,1499,Sham19Y0014601,813,703,1050,209,46
959,1168,1410,Sham19Y0013769,753,1,217,169,85
959,708,1346,Sham19Y0013769,2279,146,663,348,60
959,361,1346,Shamela0008176,1912,261,630,234,28
959,331,777,Sham19Y0029600,287,249,544,194,53
959,636,1136,Shia000841Vols,2134,1206,1703,247,50
959,1136,1403,Shia000841Vols,2135,1,322,213,80
959,1,925,Shamela0008540,500,821,1584,500,60
959,925,1421,Shamela0008540,501,4,503,390,94
959,686,1279,Shamela0021715,1552,1332,1611,189,37
959,428,1464,Shamela0005756,3793,526,1595,736,78
959,1,469,Shia001831Vols,237,688,1123,201,44
959,361,1297,JK000201,1068,768,1653,703,90
959,1297,1421,JK000201,1069,1,125,101,100
959,327,656,ShamIbadiyya0000219,437,661,970,220,80
959,1116,1414,Sham19Y0014224,454,232,546,239,92
959,594,914,Sham19Y0013223,1770,1287,1490,109,41
959,1236,1522,Sham19Y0013223,1771,1,287,235,100
959,1,174,Masaha001946Vols,1222,1475,1651,132,91
959,312,1002,Sham19Y0014601,819,729,1497,421,58
959,221,1632,Sham19Y0013605,1292,133,876,429,35
960,6,275,Sham19Y0013769,751,1302,1541,137,62
960,847,1242,Sham19Y0013769,754,698,1574,269,36
960,1247,1543,Shia000841Vols,2134,12,585,143,26
960,65,281,Shia000841Vols,2136,1,223,173,97
960,861,1629,Shamela0008540,501,590,1085,241,33
960,839,1200,Sham19Y0131521,656,315,784,239,56
960,731,1242,Shamela0005756,3795,226,669,164,31
960,678,1629,Shia001831Vols,237,1270,1525,186,23
960,955,1220,Shamela0000140,1645,1201,1385,83,34
960,652,799,Sham19Y0014224,451,163,312,118,95
960,847,1388,Sham19Y0014224,451,794,1394,406,80
960,1,229,Sham19Y0014224,452,626,854,134,64
960,855,1590,Sham19Y0013223,1771,324,800,300,48
960,847,1388,Shamela0000091,1253,941,1556,209,27
960,678,1265,Shamela0011036,815,859,1462,241,32
960,1,264,Sham19Y0013605,1292,883,1042,112,52
961,1282,1552,Shamela0021495,112,700,942,163,70
961,886,1570,Sham19Y0013667,2204,413,997,420,74
961,955,1570,Sham19Y0013769,748,13,717,377,62
961,91,511,Sham19Y0013769,755,576,1062,277,63
961,886,1197,Shamela0008540,1461,1179,1472,230,92
961,1197,1570,Shamela0008540,1462,1,258,199,65
961,248,697,Shamela0005756,3796,1,399,221,48
961,814,1219,Shamela0004473,16520,799,1230,283,76
961,814,1163,Shamela0000427BK2,1134,1050,1507,231,56
961,1163,1443,Shamela0000427BK2,1135,1,167,130,56
961,762,1219,Shia001831Vols,238,60,487,226,56
961,814,1344,Sham19Y0016817,284,461,624,118,27
961,1276,1453,ShamAY0033531,885,1428,1603,137,96
961,1453,1570,ShamAY0033531,886,1,120,91,95
961,1276,1570,ShamAY0033531,946,551,847,235,98
961,1286,1443,Sham19Y0018144,4285,80,237,128,100
961,1282,1443,Sham19Y0018103,918,1287,1562,99,41
961,1045,1570,Sham19Y0014224,449,519,947,251,54
961,1,590,Sham19Y0014224,454,908,1580,361,58
961,1,814,Sham19Y0013252,1902,745,1482,368,44
961,890,1223,Shamela0011036,831,1074,1397,170,53
961,1033,1540,Sham19Y0013605,1323,999,1250,171,42
962,4,609,Shamela0021495,112,962,1576,245,34
962,1,437,Sham19Y0013667,2204,997,1430,334,92
962,1,313,Sham19Y0013769,748,717,1314,171,32
962,437,650,Shamela0008176,1912,1057,1265,137,79
962,614,905,Shia002616Vols,6210,1031,1281,170,68
962,977,1530,Shamela0008540,1397,200,540,235,54
962,1,609,Shamela0008540,1462,258,1087,461,66
962,95,499,Shamela0005756,3803,861,1227,258,74
962,469,609,Shamela0005756,3939,1,142,114,99
962,1,313,Shamela0000427BK2,1135,189,492,235,92
962,614,910,Shamela0006366,1112,615,1094,181,43
962,971,1446,Sham19Y0122406,1223,62,685,280,52
962,960,1259,ShamAY0033531,883,1270,1569,240,100
962,1259,1530,ShamAY0033531,884,1,272,215,100
962,1,437,ShamAY0033531,886,120,412,229,64
962,1,609,ShamAY0033531,946,847,1468,489,97
962,633,905,Sham19Y0017791,468,926,1466,132,28
962,1,278,Sham19Y0014224,449,947,1574,146,26
962,960,1340,Sham19Y0013223,1768,489,866,294,95
962,95,618,Sham19Y0013252,1906,733,1270,332,65
962,633,929,Sham19Y0016976,526,995,1490,154,33
962,633,917,Sham19Y0014119,180,661,916,143,59
963,203,531,JK007083,86,1171,1435,160,54
963,423,1086,ShamAY0035035,1441,1,630,441,78
963,346,1086,Sham19Y0017747,2789,366,1036,523,86
963,10,346,Shia000841Vols,2145,641,1097,171,46
963,693,1326,Sham19Y0131521,1589,484,1023,312,50
963,566,1086,Sham19Y0127660,1212,1105,1587,281,59
963,1205,1508,Shia001831Vols,238,501,865,144,40
963,230,1086,Shamela0000140,1648,198,993,575,79
963,203,570,Shamela0006366,1112,1021,1381,167,46
963,203,531,Shamela0006366,1119,821,1048,161,60
963,1,464,Sham19Y0122406,1224,119,946,191,26
963,730,923,Sham19Y0122406,4713,987,1495,148,36
963,923,1345,Sham19Y0122406,4714,1,322,242,68
963,1,336,ShamAY0033531,884,272,631,226,79
963,276,1086,Shamela0011036,852,161,1287,549,57
963,310,1086,Shamela0009242,1407,11,686,489,72
963,177,313,Shamela0005923,179,192,330,79,69
963,185,808,Shamela0021474,21,1,668,374,60
963,185,583,Sham19Y0022884,98,347,682,190,55
964,1176,1342,Shamela0021495,101,884,1018,111,80
964,1,528,Sham19Y0013769,734,1038,1550,374,80
964,1,164,Shamela0008176,1873,427,596,129,91
964,1176,1434,Shamela0025794,1370,669,868,90,34
964,511,649,Sham19Y0131521,1580,1259,1443,102,69
964,642,803,Sham19Y0131521,1581,11,154,113,87
964,1,496,ShamIbadiyya0000433,383,849,1300,326,75
964,1,528,Shia001831Vols,238,865,1353,364,80
964,32,457,Shamela0000140,1640,1,379,275,77
964,1,500,JK000201,1055,64,583,378,84
964,583,803,Sham19Y0016928,77,48,242,114,60
964,1,528,Sham19Y0018272,1186,696,1195,374,81
964,1,887,Sham19Y0013223,1767,18,849,664,91
964,1171,1515,Masaha001864Vols,4197,1205,1550,280,99
964,1,496,Masaha001946Vols,1218,539,1004,354,84
964,1,496,Shamela0000551,456,891,1364,348,80
964,1,803,Sham19Y0122257,868,439,853,248,36
964,1,496,Sham19Y0014601,1881,634,1130,405,99
964,1,496,Shamela0000791,175,147,577,352,86
965,257,514,Shamela0021495,101,1295,1552,197,89
965,518,784,Shamela0021495,102,1,235,173,80
965,999,1250,Sham19Y0013769,752,728,968,166,70
965,967,1330,Shamela0011428,1138,569,1140,79,13
965,789,1330,Shamela0001727,440,11,592,89,11
965,415,784,Shia002702Vols,5718,9,263,162,49
965,789,1330,Sham19Y0127677,8197,568,950,92,16
965,132,1480,Shia001831Vols,239,50,892,622,54
965,257,784,Shamela0023628,2228,495,1088,412,85
965,972,1133,Sham19Y0122406,1219,170,548,94,31
965,789,1330,Sham19Y0122406,1228,232,813,89,11
965,675,784,Sham19Y0122406,4714,796,905,88,100
965,967,1330,Shamela0025800,2615,197,489,74,21
965,999,1133,Sham19Y0014224,453,989,1116,99,91
965,20,351,Sham19Y0020638,366,227,536,99,28
965,789,1330,Sham19Y0020638,367,64,463,97,18
965,302,602,Sham19Y0013223,1768,24,328,245,98
965,1,789,Masaha001864Vols,4198,47,843,628,96
965,510,784,Sham19Y0013252,1891,596,794,144,63
965,808,943,Sham19Y0013252,1892,337,468,107,97
965,15,242,Shamela0011036,791,748,1364,134,27
965,302,820,Shamela0000791,174,575,1088,395,93
966,436,535,JK007083,85,1,101,75,97
966,386,531,Shamela0007891,609,1274,1421,111,95
966,374,531,Shamela0006739,98,963,1137,118,86
966,405,531,Shamela0006610,344,1,145,98,87
966,390,531,JK009390,2055,703,866,103,81
966,386,531,Shamela0008176,1908,1,150,113,97
966,386,585,Sham19Y0017747,580,94,337,153,78
966,386,531,JK000977,746,1217,1374,110,89
966,405,535,Shamela0026324,4653,332,466,98,94
966,405,535,JK006897,149,434,571,99,93
966,405,515,Sham19Y0014299,551,1441,1551,85,100
966,386,531,Shamela0021590,462,833,985,113,95
966,386,643,Shamela0001727,440,753,1164,191,59
966,386,531,Sham19Y0017757,67,750,902,113,95
966,386,535,Zaydiyya0000067,125,1049,1212,102,79
966,405,553,Shamela0000432,4903,595,740,110,95
966,405,526,Sham19Y0013572,1339,519,640,94,100
966,405,531,Sham19Y0127677,2016,1152,1296,98,87
966,386,531,Sham19Y0127677,11030,894,1043,113,97
966,386,643,Shamela0000894,2018,630,876,191,94
966,5,381,Sham19Y0014309,3065,1156,1533,308,99
966,405,585,ShamAY0034066,1427,829,1016,113,79
966,386,531,Sham19Y0017903,332,1151,1307,113,92
966,386,535,Shamela0021713,236,1204,1371,112,86
966,405,531,Shamela0006366,1105,990,1272,97,44
966,386,508,Shamela0004289,707,1318,1444,94,96
966,405,531,Shamela0001975,863,1011,1155,98,87
966,433,643,Sham19Y0122406,1229,560,841,102,40
966,386,531,Shamela0006227,282,1150,1307,105,84
966,386,585,Sham19Y0145212,1135,528,766,141,76
966,386,613,Shamela0000107,2740,1257,1526,152,69
966,367,543,Sham19Y0132524,738,221,399,118,84
966,405,535,Shamela0001875,493,932,1062,99,98
966,405,531,Shamela0001438,3515,1287,1431,98,87
966,386,531,Sham19Y0018144,817,1071,1220,113,97
966,405,550,Shamela0025800,2616,1236,1418,108,75
966,386,531,Sham19Y0017729,169,651,801,113,96
966,405,531,Shamela0021659,1161,924,1068,98,87
966,386,526,ShamAY0034005,306,497,655,107,86
966,386,585,Sham19Y0023618,1823,450,665,126,77
966,386,531,Sham19Y0131336,699,217,374,105,84
966,386,643,Sham19Y0020638,367,512,836,190,74
966,682,1059,Sham19Y0013223,1760,1,351,278,89
966,405,535,JK000665,17,1360,1508,98,85
966,832,1479,Sham19Y0013252,1906,382,733,181,34
966,710,1382,Masaha001946Vols,1216,1086,1379,175,31
966,1256,1624,Shamela0009242,1421,1364,1528,92,30
966,421,531,Shamela0009242,1421,1,118,86,94
966,386,531,Sham19Y0017616,114,746,895,113,97
966,386,690,Sham19Y0020590,118,188,559,226,76
966,386,531,JK007065,1079,570,720,113,96
966,386,643,Sham19Y0122257,878,677,971,188,81
966,386,531,Shamela0000137,1623,721,874,109,89
966,386,550,Sham19Y0017063,305,290,450,114,87
966,386,585,Shamela0022644,1065,346,577,128,66
966,386,643,Shamela0008360,211,109,430,188,74
966,386,643,Shamela0021537,2840,145,427,191,83
966,386,531,Shamela0021537,3349,1205,1365,113,90
967,1177,1466,Sham19Y0013769,759,967,1309,215,73
967,1007,1257,Zaydiyya0000142,3652,691,942,198,98
967,1,416,Sham19Y0017747,580,884,1114,120,31
967,799,929,Shia002616Vols,6198,38,323,96,43
967,1308,1466,Shia000841Vols,2102,521,679,118,87
967,115,285,Sham19Y0131521,649,933,1107,129,91
967,115,281,Sham19Y0131521,1591,1243,1413,136,97
967,803,968,Shamela0001727,441,470,942,111,30
967,670,929,JK009266,8808,1217,1478,123,50
967,996,1302,Sham19Y0122401,719,134,428,232,93
967,790,1472,Sham19Y0014309,3071,52,892,383,45
967,76,632,Shamela0000140,344,550,906,237,50
967,115,632,Shamela0000140,1641,92,434,266,61
967,701,1302,JK000201,1074,1,715,298,43
967,69,281,ShamAY0033531,884,1298,1535,165,84
967,281,543,ShamAY0033531,885,1,235,138,62
967,996,1177,ShamAY0033531,922,1255,1433,138,93
967,790,929,Kraken230110004547,244,1163,1370,80,46
967,670,929,Sham19Y0123608,415,362,504,96,47
967,1177,1472,Sham19Y0014224,456,405,695,221,89
967,665,933,Sham19Y0020638,367,926,1386,147,38
967,115,632,Sham19Y0013223,1760,411,980,244,40
967,1044,1466,Masaha001946Vols,1222,1063,1451,213,52
967,150,444,Shamela0009242,1422,764,1054,219,87
967,1091,1466,Sham19Y0014601,1947,1,376,302,99
967,996,1177,Sham19Y0150962,943,1033,1200,132,90
968,392,1351,Shamela0021495,119,1,634,342,40
968,902,1243,Sham19Y0013769,747,6,714,187,31
968,388,638,JK000977,749,130,797,168,32
968,760,1351,Shamela0008540,1445,97,674,420,84
968,1375,1542,Shamela0008540,1446,1217,1366,116,85
968,398,549,Shamela0001727,441,1143,1424,112,50
968,802,937,Shia000234Vols,11078,1144,1279,111,100
968,398,1351,Shamela0000432,5130,487,1474,752,94
968,388,549,Sham19Y0017437,621,1290,1481,127,83
968,464,638,Shamela0005756,3893,11,191,137,95
968,398,638,Shamela0005922,1234,282,679,168,50
968,388,549,Sham19Y0147658,604,1017,1208,107,69
968,146,383,Shia001831Vols,239,1185,1435,138,61
968,398,638,Shamela0004289,713,138,602,171,46
968,388,638,Shamela0023628,3450,569,852,144,54
968,398,1005,Sham19Y0122406,1231,473,1254,193,23
968,398,638,Shamela0006227,318,933,1157,126,58
968,398,638,Sham19Y0132524,741,224,622,174,55
968,654,1362,ShamAY0033531,935,609,1344,559,93
968,1357,1542,ShamAY0033531,936,1,187,150,98
968,739,1169,Sham19Y0014224,448,686,1540,250,34
968,398,638,Sham19Y0131336,790,745,1215,131,32
968,398,638,Sham19Y0020638,368,1090,1385,174,75
968,388,638,Shamela0009242,1440,963,1193,132,58
968,392,638,JK007065,191,1002,1258,148,70
969,330,723,JK007083,83,117,497,224,63
969,116,508,Sham19Y0013769,747,714,1165,184,45
969,324,646,Shamela0006610,336,1184,1461,159,52
969,460,1299,Sham19Y0017747,563,626,1196,333,43
969,1284,1550,Sham19Y0017747,564,1,259,202,92
969,460,707,Shia002616Vols,6202,207,458,174,79
969,324,652,JK006897,155,568,849,177,58
969,330,652,Shamela0012293,3706,394,699,171,53
969,1,179,Shamela0008540,1446,1366,1544,144,98
969,1303,1550,Shamela0021590,450,102,342,177,86
969,330,652,Shamela0001727,442,38,592,207,47
969,151,283,Shia000234Vols,11080,1,134,100,95
969,330,592,Shamela0000432,3762,1225,1495,132,55
969,448,652,Shamela0006947,5112,733,963,158,85
969,460,1033,Shamela0005922,1232,316,689,257,53
969,463,656,ShamAY0038638,171,163,356,148,93
969,460,753,JK000271,102,531,837,196,78
969,324,652,Sham19Y0017903,335,904,1243,184,54
969,1113,1256,Shia001831Vols,239,1493,1632,109,93
969,411,1550,Sham19Y0014827,638,377,1511,465,37
969,463,723,Shia002218Vols,996,783,1354,170,36
969,527,723,Shamela0006366,1061,1,241,135,68
969,460,656,Shamela0004289,712,1239,1441,150,90
969,460,703,Sham19Y0122406,1233,1002,1295,182,77
969,671,1537,Sham19Y0122406,1236,696,1384,238,25
969,448,723,Shamela0001875,487,23,346,204,77
969,321,652,ShamAY0033531,906,1222,1501,147,43
969,1,482,ShamAY0033531,936,187,639,299,68
969,330,707,Sham19Y0018144,824,950,1504,126,23
969,460,1026,JK007107,238,111,457,242,51
969,324,652,Sham19Y0017729,170,734,1054,170,51
969,460,656,Sham19Y0020638,369,49,255,156,94
969,463,652,Shia001976Vols,427,15,203,147,94
969,330,1026,Sham19Y0146127,921,483,982,197,30
969,460,652,Shamela0009242,1456,61,264,154,94
969,463,652,Sham19Y0017616,114,1009,1203,152,97
969,463,703,JK007065,624,133,433,94,28
969,477,1026,Sham19Y0014325,1174,1,279,192,41
969,463,851,Sham19Y0013605,1325,1352,1503,112,36
970,1253,1443,JK007083,83,1244,1435,154,99
970,189,527,Shamela0021495,119,1270,1490,147,52
970,1253,1585,Shamela0009523,23,981,1343,258,88
970,1377,1585,Sham19Y0148486,1832,1,209,165,98
970,1253,1519,Shamela0006610,348,186,449,212,97
970,1286,1464,ShamAY0035035,9447,121,437,135,52
970,1253,1504,Sham19Y0019188,783,1340,1548,150,69
970,834,1075,Shamela0008176,1897,334,539,134,61
970,1253,1425,Shamela0008176,1938,764,937,140,99
970,6,180,Sham19Y0017747,564,259,430,137,97
970,1253,1519,Sham19Y0017747,566,950,1154,162,75
970,1350,1585,JK000977,752,1,242,182,93
970,1253,1519,Shamela0001404,84,720,1006,215,92
970,1253,1435,ShamIbadiyya0000229,1607,617,800,143,96
970,930,1178,Shamela0029677,1485,965,1221,196,94
970,1253,1519,Shamela0021590,451,683,887,162,75
970,1253,1475,Shamela0021590,452,1341,1501,127,71
970,1253,1585,Shamela0009270,201,593,926,264,98
970,1183,1585,Shamela0001727,443,841,1337,290,72
970,189,695,Shamela0001727,443,62,477,173,32
970,1253,1519,Sham19Y0017757,66,423,627,162,75
970,1253,1585,ShamAY0034580,22,733,1067,264,98
970,1267,1585,Shamela0026568,1058,978,1334,255,89
970,1253,1585,Sham19Y0013572,1496,922,1256,263,98
970,1373,1585,Sham19Y0127700,128,1,213,170,99
970,1253,1585,Shamela0009810,24,393,697,237,88
970,1253,1585,Sham19Y0039268,371,742,1075,264,98
970,1253,1504,Shamela0012014,57,1278,1549,203,92
970,1253,1585,Shamela0000894,4760,465,798,266,99
970,1253,1508,Shamela0004473,13458,1232,1488,206,99
970,1253,1585,Shia001731Vols,10,573,879,234,86
970,1253,1585,Kraken230106005528,574,408,758,247,83
970,1253,1585,JK000728,47,488,821,264,98
970,1253,1585,Shamela0008381,591,321,674,266,93
970,1253,1585,Sham19Y0014309,1712,735,1094,266,92
970,1253,1519,Sham19Y0014309,2465,717,984,215,99
970,283,577,Sham19Y0014309,3074,816,1149,238,88
970,1267,1585,Sham19Y0017903,338,657,977,253,98
970,992,1248,Shia001831Vols,240,126,316,144,66
970,1267,1519,Shamela0021713,89,536,859,204,77
970,1267,1540,Shamela0021713,230,1166,1452,220,95
970,21,306,Sham19Y0014827,639,1,689,208,37
970,789,1183,Shamela0000140,1642,684,1072,294,90
970,1253,1522,Shamela0006366,1081,1301,1590,217,92
970,1253,1585,Shamela0004289,713,931,1283,266,94
970,1253,1585,Shamela0023628,3451,531,917,249,80
970,1267,1585,Shamela0023685,1233,753,1092,255,93
970,204,739,Sham19Y0122406,1237,344,1011,201,29
970,810,1162,Sham19Y0122406,1238,618,1048,248,67
970,1183,1425,Sham19Y0122406,1240,1060,1396,164,60
970,1425,1556,Sham19Y0122406,1241,565,696,103,99
970,1253,1425,Sham19Y0145212,1150,255,428,140,99
970,1253,1519,ShamAY0000351,498,550,817,215,99
970,1253,1519,Sham19Y0016618,77,565,877,212,82
970,1253,1585,ShamAY0032921,75,389,701,246,92
970,1253,1585,Shia001989,76,767,1101,264,98
970,1253,1585,Sham19Y0001734,5,252,580,252,94
970,1253,1585,Shamela0001875,495,568,920,266,94
970,1253,1585,Sham19Y0037618,4406,129,462,266,99
970,1253,1585,Kraken230110004547,245,701,1021,248,91
970,1267,1585,Shamela0036446,213,660,979,255,99
970,1253,1585,JK007107,248,458,791,266,99
970,1253,1585,Shamela0025800,1470,5,338,266,99
970,1267,1504,Sham19Y0017729,171,1228,1466,192,99
970,1253,1519,Shamela0011620,252,670,937,214,98
970,1253,1585,ShamAY0034005,23,437,769,257,95
970,1267,1519,Shamela0002300,1745,733,942,151,69
970,1253,1447,Sham19Y0018272,488,821,1014,150,96
970,1253,1585,Shamela0027247,129,1078,1384,234,86
970,1253,1585,Shamela0006856,28,556,891,266,98
970,189,695,Sham19Y0020638,369,610,881,170,36
970,1183,1585,Sham19Y0020638,369,1000,1417,289,86
970,1253,1585,Sham19Y0013223,74,367,696,263,98
970,1253,1475,JK000216,129,1179,1400,162,82
970,1253,1519,Shamela0008476,439,401,605,162,75
970,1253,1425,Kraken210622021812,286,13,172,126,89
970,1253,1459,Shia001976Vols,464,1245,1444,159,95
970,834,1162,Masaha001946Vols,1218,21,340,213,74
970,1253,1519,Shamela0008463,820,1083,1312,162,69
970,1253,1585,Sham19Y0146127,940,839,1172,264,98
970,1253,1425,Sham19Y0016976,534,967,1140,140,99
970,1267,1519,Shamela0021598,1610,868,1163,186,73
970,745,1178,Shamela0009242,1373,131,467,228,61
970,1253,1585,Sham19Y0017616,112,1098,1431,266,99
970,1267,1513,Sham19Y0020590,115,909,1203,145,52
970,1253,1585,ShamAY0000055,383,34,368,266,99
970,1253,1585,JK007065,636,855,1208,264,93
970,1306,1585,Tafsir06049,6369,20,289,197,88
970,1267,1425,Sham19Y0017798,428,1162,1323,124,95
970,1286,1479,Sham19Y0122257,217,597,788,132,78
970,1253,1425,Sham19Y0122257,887,96,269,140,99
970,1253,1585,Shamela0000137,1691,1080,1413,266,99
970,1183,1425,Sham19Y0014119,183,588,941,168,58
970,1267,1519,Sham19Y0013783,543,582,832,185,85
970,1373,1585,Sham19Y0017063,76,1,232,170,91
970,582,978,Sham19Y0017063,302,1215,1586,132,28
970,1362,1585,Sham19Y0017063,309,8,285,179,80
970,1267,1519,Sham19Y0014325,1225,844,1097,201,98
970,1183,1425,Shamela0008360,213,1024,1413,165,52
970,936,1183,Shamela0000791,182,368,620,198,96
971,318,1647,Sham19Y0017747,567,176,1352,540,40
971,679,1107,Shamela0029677,1230,987,1471,324,76
971,334,1056,Shamela0021590,453,1,359,218,36
971,1418,1673,Shia002702Vols,10731,1316,1573,212,98
971,88,618,Shia001831Vols,240,316,754,235,46
971,219,803,Shamela0000140,413,971,1628,296,43
971,1301,1673,ShamAY0000351,498,845,1217,306,100
971,318,1252,Sham19Y0132524,744,871,1565,264,28
971,328,856,Sham19Y0018272,489,469,878,285,61
971,1418,1673,Sham19Y0020891,6237,303,558,211,98
971,324,679,Sham19Y0008889,513,694,1010,229,74
971,1285,1673,Sham19Y0017063,76,815,1101,200,62
971,328,679,Sham19Y0017063,76,597,832,159,52
972,949,1497,Shia004456Vols,3545,1,413,256,53
972,346,899,Shamela0000140,414,453,978,302,58
972,1,322,ShamAY0000351,498,1217,1542,259,98
972,346,1497,Sham19Y0018272,490,130,1125,466,41
972,755,1305,Sham19Y0013223,1465,1,357,158,35
973,1212,1581,Sham19Y0148486,7376,1275,1554,189,63
973,530,807,Sham19Y0017747,568,26,518,192,46
973,677,871,Shamela0009918,14,557,765,155,92
973,330,955,Shamela0021590,453,809,1313,186,29
973,1122,1545,Shia001831Vols,240,911,1298,202,51
973,725,871,Shamela0000140,11,1296,1445,65,43
973,23,700,Shamela0000140,413,665,1256,259,35
973,42,261,Shamela0021660,1345,1262,1499,155,76
973,334,488,Shamela0021660,4037,384,536,106,80
973,1372,1557,Sham19Y0145212,3573,407,589,131,82
973,1384,1581,Sham19Y0145212,4106,213,410,162,100
973,876,1118,Shamela0001875,495,957,1294,117,38
973,1372,1550,Sham19Y0018144,4298,20,197,146,99
973,876,1118,JK007107,248,835,1103,106,38
973,266,488,Sham19Y0018272,488,854,1189,177,65
973,526,871,Sham19Y0018272,489,162,460,202,66
973,590,871,Masaha001946Vols,5,596,779,120,52
973,1060,1384,Sham19Y0016976,1814,885,1440,103,18
973,334,488,Sham19Y0020590,115,1363,1513,106,79
973,670,876,Sham19Y0020590,116,34,231,126,72
973,1372,1562,Sham19Y0122257,3313,615,805,151,92
973,1060,1384,Sham19Y0014119,632,460,1016,99,17
973,334,488,JK001239,110,497,649,106,80
974,1,218,Shia003965Vols,13654,266,487,167,87
974,1229,1418,Shamela0005922,1245,976,1194,129,68
974,1,218,Shia003923Vols,1738,690,912,179,97
974,34,653,Sham19Y0122406,1244,169,1343,432,43
974,5,320,Sham19Y0020638,1647,742,958,170,65
974,1243,1547,Shamela0009242,1443,730,1248,207,49
974,1309,1463,Sham19Y0023625,2331,614,772,123,96
974,525,1033,Sham19Y0122257,3313,842,1244,239,53
975,1011,1175,Shamela0009978,30,975,1142,129,98
975,1011,1194,Sham19Y0127717,590,782,970,138,94
975,1006,1340,Shamela0021495,121,1151,1451,181,62
975,1006,1551,Sham19Y0013769,2576,640,1185,437,100
975,1011,1183,Shamela0006610,346,860,1017,118,84
975,1011,1183,Sham19Y0014313,1314,923,1108,135,92
975,1011,1175,JK009390,7038,860,1024,129,100
975,208,692,Shamela0008176,1938,307,746,310,77
975,1011,1175,ShamAY0033975,272,1242,1406,129,100
975,1011,1175,Shamela0021809,1819,1161,1325,127,98
975,1132,1491,Shamela0008540,1452,823,1175,241,80
975,1011,1175,Shamela0025794,3380,854,1018,129,100
975,980,1391,Sham19Y0131521,1649,1047,1521,138,26
975,1011,1152,Sham19Y0131521,2982,1338,1479,111,100
975,1011,1183,Shamela0001727,445,399,584,135,92
975,1011,1175,JK000786,2972,406,551,114,88
975,1011,1183,JK001236,214,429,601,135,100
975,1011,1175,Sham19Y0127677,5101,609,773,129,100
975,1011,1175,Sham19Y0127677,19713,932,1097,129,99
975,1011,1175,Sham19Y0017881,112,776,938,127,98
975,239,479,Sham19Y0014309,1374,148,436,157,64
975,1183,1415,Sham19Y0014309,2452,495,789,180,74
975,1011,1175,Sham19Y0122096,4261,1163,1326,123,95
975,1011,1175,Sham19Y0147104,434,1205,1372,129,98
975,1011,1183,Sham19Y0017903,339,432,604,135,100
975,115,687,Shia001831Vols,241,1,502,372,79
975,1137,1551,Shia001831Vols,241,524,773,173,46
975,1011,1183,Shia002218Vols,705,420,594,135,98
975,54,208,JK000201,1077,1253,1397,114,90
975,1011,1183,Shamela0004289,714,216,401,135,92
975,213,1183,Sham19Y0122406,1246,403,1337,492,52
975,213,662,Sham19Y0132524,743,69,610,207,41
975,1011,1175,Shamela0001875,496,1240,1404,129,100
975,1011,1175,Shamela0001875,1222,903,1063,123,95
975,1011,1183,Shamela0001438,7119,377,549,130,97
975,1118,1406,ShamAY0033531,938,1153,1497,192,69
975,1019,1501,ShamAY0033531,938,530,821,189,45
975,1011,1183,Sham19Y0018106,4585,463,648,135,92
975,1011,1175,Shamela0036446,475,422,579,123,95
975,975,1175,JK007107,249,568,781,141,83
975,1011,1175,Sham19Y0018611,15,1056,1216,123,95
975,1011,1187,Sham19Y0017729,172,121,297,135,98
975,1011,1175,ShamAY0034005,307,1022,1182,123,95
975,1019,1504,Sham19Y0150639,140,1038,1344,199,48
975,1011,1187,Sham19Y0020638,371,584,773,135,91
975,1011,1175,Sham19Y0018274,126,1377,1533,121,92
975,1011,1183,Shia001174Vols,1202,827,999,131,97
975,1019,1501,Shamela0009242,1436,156,448,189,46
975,1118,1415,Shamela0009242,1436,788,1134,205,73
975,1011,1175,Shamela0009242,2905,620,784,129,100
975,1011,1183,Sham19Y0017616,113,349,534,135,92
975,1011,1483,Sham19Y0023625,2156,819,1439,367,72
975,37,217,Sham19Y0023625,2331,409,582,134,92
975,1011,1175,JK007065,188,1145,1309,129,100
975,213,687,Sham19Y0122257,887,809,1248,319,81
975,1011,1175,Sham19Y0120922,1064,1300,1464,128,99
975,1019,1551,Sham19Y0014601,1963,407,738,221,50
975,1235,1415,Sham19Y0014601,1964,15,199,144,97
975,1011,1183,Sham19Y0014601,1966,959,1145,135,92
975,1011,1175,Sham19Y0148271,1613,1097,1261,129,100
976,434,778,Sham19Y0020944,233,305,634,245,89
976,434,778,Sham19Y0020944,458,1302,1507,130,48
976,413,794,Sham19Y0123510,278,445,798,247,81
976,1,362,Sham19Y0013769,2576,1185,1546,291,100
976,362,802,Sham19Y0013769,2577,1,437,345,98
976,434,778,Sham19Y0148486,4363,896,1239,254,92
976,437,778,Shamela0006610,346,411,739,235,84
976,434,768,JK009390,1218,737,1016,200,74
976,441,615,Sham19Y0017747,1422,1326,1515,135,89
976,654,778,Sham19Y0017747,1423,488,612,99,100
976,480,739,Shia002616Vols,6208,857,1103,189,89
976,499,778,Shamela0010747,70,538,831,209,89
976,434,751,Shamela0001404,329,1179,1535,239,82
976,517,784,Kraken220413030905,352,354,609,196,92
976,434,778,Shamela0008540,1450,357,693,242,87
976,434,778,Sham19Y0131521,1645,297,627,244,88
976,434,778,Sham19Y0131521,2980,292,497,130,48
976,441,661,Shamela0021590,950,1059,1294,171,91
976,413,661,Shamela0021590,951,482,805,182,70
976,701,1155,Shamela0001727,445,445,992,140,27
976,480,739,Shamela0026568,1059,1251,1500,193,90
976,654,778,JK001236,214,90,214,99,100
976,434,802,Sham19Y0127700,127,505,871,256,86
976,661,778,Shamela0010639,283,521,638,93,100
976,406,588,Shamela0000894,3719,1012,1217,133,81
976,413,778,Shamela0000894,4761,805,1162,258,88
976,434,778,Shamela0117359,303,285,615,244,88
976,654,778,Shamela0117359,527,10,134,99,100
976,437,778,Kraken230106005528,574,806,1141,236,84
976,434,784,Shamela0005922,2289,446,781,247,88
976,511,784,Sham19Y0014309,1713,14,288,212,97
976,948,1172,JK000271,104,72,285,103,60
976,413,802,Sham19Y0017903,338,996,1355,257,82
976,625,1337,Shia001831Vols,241,857,1265,230,40
976,470,802,Shamela0021713,90,4,346,237,86
976,499,778,Shamela0021713,230,767,1059,210,89
976,413,661,ShamAY0033943,240,759,1045,176,75
976,434,1030,Shamela0004289,715,106,896,312,44
976,511,802,Shamela0023628,3451,1,296,211,90
976,480,739,Shamela0023685,1234,1013,1262,193,90
976,859,1243,Sham19Y0122406,1248,346,595,140,41
976,504,784,ShamAY0033728,71,525,807,213,95
976,434,778,Shamela0001875,496,659,988,245,89
976,413,778,Shamela0001875,1162,345,660,135,39
976,511,768,Shamela0001438,2094,66,314,184,88
976,121,385,ShamAY0033531,938,824,1104,163,60
976,437,802,Shamela0036446,213,1013,1366,249,84
976,417,778,Shamela0036446,475,584,1223,259,49
976,701,1172,JK007107,249,663,1076,147,37
976,629,778,Shamela0025800,1471,1,150,119,100
976,441,621,Shamela0025800,3310,1264,1444,140,96
976,654,784,Shamela0025800,3311,506,636,100,96
976,511,993,Sham19Y0132416,55,382,811,241,53
976,413,778,Shia003732Vols,3431,773,1131,260,87
976,654,778,Shia003732Vols,3745,1313,1437,99,100
976,434,778,ShamAY0035950,614,662,992,244,88
976,434,778,Sham19Y0131336,794,110,440,236,85
976,609,778,Sham19Y0020591,412,1245,1414,134,100
976,434,778,Sham19Y0020591,763,488,693,130,48
976,588,784,Sham19Y0146127,2345,1,201,154,97
976,121,385,Shamela0009242,1436,451,739,164,59
976,654,778,Shamela0009242,2740,554,678,99,100
976,654,778,Sham19Y0023625,2151,301,425,99,100
976,121,778,Sham19Y0023625,2157,1,510,320,53
976,1,499,Sham19Y0023625,2567,861,1308,218,44
976,480,778,Tafsir06049,6369,707,1007,217,91
976,121,778,Sham19Y0014601,1963,701,1136,204,33
976,434,778,Sham19Y0014601,3362,881,1085,131,48
976,413,977,JK000942,22,483,843,161,31
976,499,778,Shamela0021578,37,1,335,218,82
977,787,930,Shamela0006610,348,1160,1311,102,80
977,1156,1280,Shamela0005803,6,71,619,78,17
977,1167,1464,JK000977,757,908,1314,122,28
977,752,1089,Shia002616Vols,2611,1071,1350,150,51
977,747,1246,Shamela0012293,3181,792,1215,182,39
977,819,1246,Shamela0012293,3761,1,352,154,36
977,752,930,ShamIbadiyya0000229,1607,265,442,117,76
977,938,1144,Shamela0008540,1455,740,933,134,76
977,1191,1487,Shamela0008540,1464,65,356,197,78
977,61,182,Sham19Y0131521,1652,1378,1540,98,74
977,752,1326,Shamela0001727,446,474,1419,260,30
977,747,930,Shamela0000432,4896,745,927,118,76
977,752,950,JK000786,479,669,859,126,77
977,755,930,Sham19Y0017437,671,1218,1381,123,83
977,752,930,Sham19Y0127677,19768,1106,1278,122,82
977,819,973,Shamela0000894,2012,13,172,118,92
977,747,922,Shamela0000894,2043,366,553,123,82
977,1156,1412,Shamela0000894,4762,571,880,124,38
977,752,930,Shamela0000894,5069,1407,1584,121,81
977,1052,1482,Shamela0006140,157,943,1194,179,51
977,755,930,JK000271,104,389,576,124,82
977,752,930,Sham19Y0017903,340,283,454,115,74
977,56,747,Shia001831Vols,241,1270,1584,211,37
977,752,930,Shamela0004289,718,667,844,118,77
977,1167,1464,Shamela0004289,721,949,1229,143,52
977,804,930,Sham19Y0122406,1249,24,145,94,93
977,963,1412,Sham19Y0122406,1249,717,1267,180,34
977,747,930,Shia002265Vols,2636,1289,1462,120,78
977,1167,1369,Shamela0022882,298,206,735,87,18
977,752,930,Shamela0001875,500,16,193,116,76
977,61,182,ShamAY0033531,940,673,841,99,72
977,752,1144,ShamAY0033531,941,806,1305,248,60
977,755,1171,JK007107,250,187,708,155,30
977,752,930,Sham19Y0017729,172,1097,1267,115,74
977,752,922,Sham19Y0131336,797,709,866,108,79
977,834,1464,Sham19Y0020638,372,1,776,299,39
977,752,977,Sham19Y0146127,942,1086,1346,130,61
977,734,1246,Sham19Y0017616,113,822,1326,169,30
977,755,930,JK007065,1269,1088,1342,127,62
977,1156,1403,Sham19Y0017798,2484,51,309,119,43
977,755,930,Sham19Y0122257,890,157,331,114,76
977,755,922,Shamela0008360,214,1306,1472,108,75
977,752,973,Shamela0010517,562,1089,1326,156,76
978,14,1624,Shamela0021495,115,380,1554,545,36
978,932,1638,Sham19Y0013769,745,774,1375,252,35
978,758,915,Sham19Y0017747,576,1197,1356,127,98
978,175,932,Shamela0008540,1464,596,1335,571,87
978,937,1253,Sham19Y0131521,1666,301,625,202,66
978,463,693,Sham19Y0131521,1667,812,1063,154,68
978,1,1024,Shamela0000432,4868,499,1635,829,88
978,1024,1638,Shamela0000432,4869,1,622,492,97
978,175,932,Shamela0005756,3918,226,980,591,91
978,467,727,Shamela0006140,157,502,752,177,71
978,668,915,Shamela0006140,157,1316,1543,175,83
978,1,175,Sham19Y0017903,341,720,897,141,97
978,193,915,JK000201,1084,22,840,577,84
978,1,321,Shamela0004289,722,101,436,153,47
978,1,175,ShamAY0034282,631,204,397,127,80
978,1,202,Sham19Y0122406,1251,515,730,159,91
978,1,175,Sham19Y0001734,1025,1210,1387,141,97
978,1,802,Sham19Y0132524,748,461,1335,268,27
978,258,1638,ShamAY0033531,950,1,1386,1115,98
978,1,179,JK007107,250,1014,1195,141,96
978,1,147,Shamela0021721,604,1389,1556,108,75
978,1,175,Sham19Y0017729,173,1239,1416,141,97
978,32,693,Sham19Y0014224,446,633,928,198,37
978,937,1638,Sham19Y0014224,447,622,1340,342,47
978,1,326,Sham19Y0020638,372,395,781,156,46
978,1,297,ShamAY0031687,664,119,398,164,66
978,1,175,Sham19Y0017885,429,581,758,141,97
978,1,175,Shamela0011036,820,326,672,121,42
978,1104,1253,Shamela0011036,828,204,508,111,44
978,27,407,Sham19Y0014601,1991,1029,1369,253,77
978,400,915,Sham19Y0014601,1992,180,862,398,71
978,1,333,Sham19Y0014325,1250,565,964,185,50
978,193,474,Shamela0000791,179,1301,1559,208,89
978,479,875,Shamela0000791,180,5,363,281,83
979,25,318,Shamela0001733,285,197,458,197,85
979,25,324,Shamela0000767,962,406,708,230,93
979,25,324,Sham19Y0148486,1850,599,803,154,65
979,25,324,Shamela0006610,350,911,1199,208,81
979,15,318,JK009390,5532,518,728,149,62
979,25,324,JK000977,758,1137,1414,205,85
979,25,324,ShamAY0038637,158,1102,1355,166,62
979,46,324,JK009408,376,142,386,165,68
979,46,324,JK009408,1220,845,1090,167,69
979,46,324,JK009408,2099,155,394,172,77
979,25,324,Shamela0096228,500,177,462,198,78
979,79,324,Shamela0021809,323,909,1039,88,43
979,36,324,Shamela0021809,1529,20,205,143,62
979,25,324,Shamela0021809,3160,43,620,154,28
979,1438,1572,Shamela0008540,1425,817,974,111,84
979,158,324,Shamela0025794,4607,7,162,110,80
979,15,324,Sham19Y0036110,391,93,344,195,79
979,25,324,Shamela0001727,447,1071,1370,231,96
979,36,300,Shamela0023700,292,672,897,167,79
979,25,324,Sham19Y0127700,128,295,566,207,85
979,25,318,ShamAY0033910,1111,294,569,215,92
979,15,324,Shamela0012014,166,832,1084,195,79
979,25,318,Sham19Y0127677,5348,976,1233,186,79
979,25,324,Sham19Y0127677,20098,952,1156,152,62
979,121,324,Sham19Y0127677,20099,1,204,162,100
979,25,300,Shamela0011385,2856,738,914,132,61
979,25,318,Shamela0009790,51,203,474,211,90
979,25,324,Shamela0009790,88,737,1036,231,96
979,15,1081,Sham19Y0014309,1716,335,1220,397,35
979,25,318,JK000130,1112,325,600,215,92
979,118,324,Sham19Y0017903,58,1,178,141,85
979,202,555,Shia001831Vols,242,1,304,155,50
979,25,826,Shamela0000140,1146,658,1579,241,22
979,826,1443,Shamela0000140,1147,1,459,318,59
979,25,324,Shamela0004289,174,929,1228,230,95
979,25,318,Shamela0004289,718,11,264,196,84
979,25,324,Shamela0023100,72,835,1120,215,89
979,25,469,Sham19Y0122406,1251,1002,1531,278,61
979,69,318,Shia002265Vols,3233,1,214,158,81
979,25,324,Shamela0006227,322,849,1083,172,71
979,25,324,Shia002103Vols,272,903,1181,206,86
979,25,324,Sham19Y0132524,749,534,1277,220,37
979,25,324,Shamela0001875,498,228,527,231,96
979,25,318,Shamela0001438,7403,1113,1369,192,83
979,25,324,Kraken230110004547,246,121,393,174,64
979,25,324,ShamAY0033945,349,78,281,153,64
979,46,295,Sham19Y0018144,821,1250,1467,158,77
979,46,324,Shamela0036446,214,842,1043,155,69
979,15,313,JK007107,250,1252,1489,180,76
979,15,324,Shamela0025800,1472,1037,1350,237,94
979,25,324,Sham19Y0123608,424,456,624,115,45
979,36,324,Shia003732Vols,3325,880,1152,165,61
979,15,318,Shia003732Vols,3428,834,1125,197,75
979,25,324,Shamela0030657,13,641,904,195,83
979,46,318,ShamAY0034005,92,147,380,168,76
979,25,324,ShamAY0034383,250,894,1148,192,80
979,46,324,Shamela0026484,197,1061,1307,183,82
979,25,324,Sham19Y0131336,800,97,332,173,71
979,25,324,Sham19Y0020638,372,984,1283,231,96
979,15,569,JK000665,15,109,443,198,44
979,46,324,Masaha001864Vols,1624,1261,1443,142,64
979,324,555,Masaha001864Vols,4791,1301,1532,186,100
979,555,1380,Masaha001864Vols,4792,1,850,669,96
979,46,313,ShamAY0031687,528,950,1176,161,74
979,25,324,Shamela0003722,8091,1087,1376,201,79
979,25,318,JK000475,2061,1159,1436,215,92
979,25,324,Shamela0013178,41,1026,1227,158,66
979,25,324,Sham19Y0146127,951,591,795,154,65
979,25,324,Shamela0011036,824,36,290,192,80
979,15,335,Sham19Y0017616,113,1069,1385,236,92
979,25,324,Shamela0012991,246,217,461,161,61
979,25,245,JK007065,1277,1263,1483,168,94
979,25,324,JK007016,45,242,490,166,63
979,46,324,Sham19Y0148271,272,371,610,176,79
979,15,324,Shamela0010803,145,92,396,229,91
979,25,324,Shia001880,66,999,1292,217,86
980,7,265,Shamela0008540,1425,1337,1520,146,68
980,308,596,Sham19Y0131521,1673,1,313,223,85
980,1,265,Sham19Y0131521,1674,346,556,167,76
980,813,1609,Shamela0001727,449,592,1350,225,25
980,7,265,Shamela0026568,1063,1280,1518,192,90
980,1200,1609,Sham19Y0127677,5988,491,861,270,77
980,1,265,JK000208,955,254,485,176,81
980,1181,1561,Sham19Y0014309,1769,15,246,151,48
980,7,369,Shamela0023685,1238,921,1270,242,80
980,1125,1609,Sham19Y0122406,1255,310,838,140,23
980,841,1207,ShamAY0033531,911,1034,1408,203,55
980,1,265,ShamAY0033531,912,758,1022,213,98
980,298,541,ShamAY0033531,955,645,906,197,92
980,822,1319,Sham19Y0020638,373,1128,1461,206,50
980,1,265,Shamela0021598,1615,456,687,181,83
980,407,612,Sham19Y0014601,2010,1,223,146,83
981,407,989,Shamela0008176,1654,146,376,104,23
981,407,989,Shia000841Vols,1618,608,837,104,23
981,381,906,Shamela0008540,1473,364,912,411,90
981,1106,1278,Shamela0008540,1474,1,110,87,62
981,407,989,Sham19Y0131521,1025,1114,1344,104,23
981,402,906,Sham19Y0131521,1679,521,1112,358,72
981,103,989,Shamela0001727,450,209,905,175,20
981,407,989,Shamela0012014,258,384,620,104,22
981,25,223,Sham19Y0014309,1769,246,402,116,70
981,227,407,Shia001831Vols,242,440,615,133,91
981,407,762,Shamela0000140,1628,207,627,287,83
981,407,989,Shamela0006366,1111,970,1198,104,23
981,407,989,Shamela0004289,723,743,972,104,23
981,407,906,Sham19Y0122406,1257,829,1492,241,39
981,407,1026,Sham19Y0145212,993,988,1263,111,22
981,407,1278,ShamAY0033531,959,18,1023,623,75
981,1310,1592,ShamAY0033531,962,217,498,228,98
981,1300,1592,Sham19Y0014224,458,1210,1527,182,64
981,1063,1289,Sham19Y0018272,2255,4,206,164,88
981,407,989,Sham19Y0146127,512,59,289,104,23
981,1,227,Shamela0011036,658,1224,1503,176,77
981,1,184,Shamela0009242,1459,708,906,143,88
981,407,989,JK007065,1179,756,987,103,22
981,407,989,Sham19Y0014601,2016,46,836,439,67
981,1076,1282,Sham19Y0014601,2017,1,207,166,98
981,407,989,Shamela0008360,181,369,598,104,23
981,51,227,Shamela0010517,585,1,228,138,75
982,208,710,Shamela0021495,129,457,784,237,59
982,411,744,Sham19Y0017350,507,1,416,191,53
982,505,744,Sham19Y0013769,766,687,868,132,67
982,345,617,Sham19Y0013769,2288,260,510,184,82
982,180,299,Sham19Y0148486,1974,144,258,91,95
982,180,744,Shamela0008176,2004,138,612,330,72
982,860,1013,Shamela0005756,4065,365,503,102,86
982,811,1105,Sham19Y0013253,291,590,793,112,47
982,749,1060,Shia001831Vols,242,610,799,132,54
982,180,291,Shamela0021713,242,1384,1490,85,95
982,811,991,Shamela0004289,680,644,868,67,33
982,23,660,Sham19Y0122406,1258,384,1056,372,57
982,180,299,Shamela0001875,509,1127,1244,89,91
982,811,1028,Shamela0001875,510,39,438,92,31
982,1,227,ShamAY0033531,962,498,726,164,87
982,1200,1471,ShamAY0033531,967,1307,1513,139,62
982,51,744,Sham19Y0014224,458,1,614,230,29
982,811,1007,Sham19Y0020638,375,289,742,89,23
982,811,1021,JK000665,9,311,488,82,45
982,327,617,ShamIbadiyya0000487,164,476,739,191,78
982,335,612,Shamela0009242,1479,724,997,196,82
982,1244,1488,Shamela0009242,1496,617,845,140,68
982,180,299,Sham19Y0017616,115,1204,1318,91,95
982,356,568,Shamela0000791,696,1308,1541,166,85
983,534,896,Sham19Y0013769,782,842,1176,265,89
983,107,424,Sham19Y0013769,783,864,1281,233,70
983,758,1147,Shamela0008540,1484,36,315,168,53
983,1,410,Shamela0005756,998,102,553,224,58
983,976,1483,Shamela0005756,998,686,1163,278,64
983,16,424,Shamela0005756,4034,451,805,231,68
983,460,795,Shia001831Vols,242,799,1021,147,51
983,1358,1488,Sham19Y0122406,4723,14,158,96,84
983,1,1126,ShamAY0033531,968,68,1213,742,74
983,204,350,Sham19Y0013252,733,943,1080,108,93
983,969,1430,Sham19Y0013252,733,1108,1564,290,72
983,16,424,Sham19Y0013252,2070,870,1253,286,84
983,961,1263,Sham19Y0013605,400,797,1043,173,71
983,1,275,Sham19Y0013605,400,513,752,163,70
984,1128,1516,Sham19Y0017124,1102,1172,1531,213,68
984,1117,1589,Sham19Y0017350,513,341,1181,338,48
984,890,1123,Sham19Y0013769,776,429,1083,156,27
984,1143,1589,Sham19Y0013769,779,466,1280,278,42
984,1140,1284,Sham19Y0013769,2294,1309,1428,90,75
984,373,605,Sham19Y0148486,1974,1297,1453,110,56
984,66,601,JK000977,766,411,857,133,23
984,496,601,Shamela0012293,1326,1380,1491,83,94
984,1128,1589,JK010001,2895,176,637,369,99
984,1128,1548,Tafsir07055,3018,1089,1509,337,99
984,66,601,Shamela0001727,451,924,1327,165,36
984,496,601,Shamela0005756,4064,85,196,83,94
984,1140,1398,Shia001831Vols,242,1338,1567,185,88
984,1289,1507,Sham19Y0122406,1262,986,1211,142,68
984,378,601,Sham19Y0122406,1262,224,366,106,58
984,373,605,Sham19Y0132524,759,1255,1412,110,56
984,1140,1357,Sham19Y0018144,4308,206,367,116,67
984,1005,1128,Sham19Y0014224,466,1,379,99,32
984,1113,1589,Sham19Y0014224,467,311,1080,283,45
984,66,871,Sham19Y0020638,376,118,646,209,29
984,66,605,ShamAY0031687,529,535,947,168,36
984,496,871,Shamela0000137,1780,1100,1367,103,30
985,1,268,Sham19Y0017350,513,1181,1524,158,57
985,252,854,Sham19Y0017350,514,603,1343,397,64
985,555,813,Sham19Y0013769,781,1349,1642,191,83
985,1300,1517,Sham19Y0013769,786,1,423,131,36
985,1,151,JK010001,2895,637,790,120,98
985,859,998,Shamela0008540,1487,425,542,85,78
985,1,151,Tafsir07055,3019,42,195,120,98
985,1099,1513,Shamela0026568,1104,507,1021,315,72
985,1,854,Shia001831Vols,243,188,748,426,62
985,1099,1513,Shamela0023685,1277,281,791,315,73
985,1,268,Sham19Y0014224,467,1080,1485,129,34
985,555,854,Sham19Y0014224,468,922,1285,226,79
985,261,496,Sham19Y0014224,468,90,317,162,82
985,1189,1517,Sham19Y0014224,473,221,666,240,66
985,1163,1414,Masaha001864Vols,5281,1272,1524,205,99
985,1241,1438,Sham19Y0013252,1143,271,453,108,64
985,287,536,Shamela0000791,694,1047,1291,194,94
986,57,568,Shamela0007891,630,914,1186,102,21
986,588,1061,Shamela0021495,130,1,339,245,62
986,1073,1239,Sham19Y0017350,515,982,1541,130,28
986,1239,1501,Sham19Y0017350,516,1,282,204,87
986,1127,1548,Sham19Y0013769,785,40,495,280,73
986,57,568,Sham19Y0148486,1973,346,617,108,25
986,57,568,Shamela0008176,2002,1139,1413,113,27
986,57,568,Shamela0001727,453,289,560,112,27
986,57,626,ShamAY0032764,26,144,558,125,21
986,655,1554,Shia001831Vols,243,884,1319,285,38
986,57,568,Sham19Y0122406,1264,946,1217,112,27
986,545,1501,Sham19Y0122406,1265,69,969,278,27
986,57,568,ShamAY0000351,117,975,1246,112,27
986,206,356,ShamAY0000351,145,285,435,118,97
986,182,356,ShamAY0000351,150,1389,1552,121,82
986,57,626,Shamela0001875,511,190,547,134,27
986,1113,1471,ShamAY0033531,966,517,858,259,89
986,116,568,ShamAY0033531,967,706,895,99,27
986,879,1084,ShamAY0033531,979,747,950,155,93
986,57,626,Shamela0025800,1566,124,455,127,27
986,1127,1256,Sham19Y0021525,909,1,108,80,79
986,1135,1508,Sham19Y0014224,472,241,619,261,80
986,57,568,Sham19Y0020638,377,708,979,108,25
986,1127,1538,Sham19Y0020638,1649,1044,1231,79,22
986,1,382,Masaha001864Vols,5282,103,354,188,61
986,57,568,ShamAY0031687,525,886,1164,103,20
986,1127,1451,Sham19Y0013252,1175,449,769,222,80
986,116,626,Shamela0009242,1495,838,1099,113,23
986,57,568,Shamela0008360,220,453,724,112,27
986,57,568,JK011499,78,336,622,102,21
987,1026,1675,Shamela0021495,126,867,1529,478,82
987,14,489,Shamela0021495,129,9,360,273,70
987,988,1675,Sham19Y0017350,517,59,1153,386,39
987,275,489,Sham19Y0013667,2305,1040,1247,161,88
987,151,485,Sham19Y0013769,778,812,1142,235,79
987,1,151,Sham19Y0013769,785,1266,1417,123,98
987,957,1675,Sham19Y0013769,787,56,878,307,37
987,114,419,Shamela0008540,1478,1104,1493,192,53
987,145,485,Shamela0005756,1999,51,555,214,51
987,106,489,Shamela0005756,2066,1,406,270,77
987,710,902,Shamela0005756,2067,1,142,105,67
987,291,489,Shamela0005756,4034,835,1264,140,39
987,114,275,Shamela0005756,4057,1013,1167,109,80
987,157,479,Shamela0006140,159,950,1285,155,46
987,1,475,Sham19Y0014309,1817,971,1345,255,65
987,1138,1604,Sham19Y0122406,1266,944,1594,321,59
987,275,506,ShamAY0033531,964,828,1054,179,93
987,923,1243,ShamAY0033531,965,1194,1506,236,90
987,1243,1592,ShamAY0033531,966,1,361,281,93
987,151,500,Sham19Y0014224,469,472,827,259,86
987,563,1115,Sham19Y0014224,473,894,1589,288,45
987,1229,1675,Sham19Y0014224,474,15,413,260,61
987,145,485,Sham19Y0013252,1143,994,1331,242,81
987,18,485,Sham19Y0013252,1176,590,1023,311,79
987,291,485,Sham19Y0013252,2071,768,1209,153,42
987,1,219,Sham19Y0020590,123,977,1206,124,60
987,279,485,JK007074,424,559,775,158,85
987,1002,1571,Sham19Y0014601,2027,823,1381,462,97
987,1,902,Sham19Y0013605,786,862,1349,363,49
988,167,316,Sham19Y0020561,1462,1148,1297,122,100
988,89,788,Shamela0021495,127,1,374,271,47
988,1293,1595,Shamela0021495,127,621,923,199,73
988,19,347,Sham19Y0013769,787,1054,1584,195,42
988,343,788,Sham19Y0013769,788,1,490,347,87
988,916,1078,Shia000841Vols,1319,586,797,107,60
988,1,143,Shamela0008540,1487,957,1197,108,53
988,1274,1595,Shamela0008540,1498,616,1388,214,31
988,934,1177,Shia001831Vols,243,1325,1552,173,83
988,81,639,Sham19Y0122406,1267,329,1095,322,50
988,794,1309,Sham19Y0122406,1268,178,1325,218,20
988,1,303,ShamAY0033531,972,134,436,247,99
988,321,556,Sham19Y0018103,944,1052,1221,120,65
988,19,788,Sham19Y0014224,474,527,1597,521,58
988,321,556,Sham19Y0013605,1356,139,348,153,81
989,886,1061,Sham19Y0013667,2421,847,1050,135,74
989,886,1061,Shamela0008540,1494,69,275,131,71
989,235,359,Shamela0001727,454,301,627,83,33
989,248,538,Sham19Y0122401,935,19,535,112,24
989,485,1056,Sham19Y0014309,1812,670,1192,319,65
989,67,1303,Shia001831Vols,244,54,853,449,40
989,235,711,ShamAY0033522,233,1041,1395,166,41
989,870,1050,JK000201,1117,523,692,128,82
989,238,690,JK000201,1118,927,1200,97,24
989,235,349,Shamela0012399,797,913,1180,68,34
989,235,349,Shamela0008473,4471,95,328,76,42
989,310,760,Sham19Y0127713,397,1073,1491,167,38
989,760,1050,Sham19Y0127713,398,1,301,169,57
989,878,1061,ShamAY0033531,979,1,188,153,97
989,80,209,Sham19Y0018144,4307,653,775,97,94
989,1067,1493,Sham19Y0095660,1438,478,866,122,22
989,310,1050,Shamela0000551,750,279,957,357,51
989,870,1050,Shamela0009242,1484,822,995,131,84
989,870,1050,Sham19Y0023625,624,1364,1534,134,87
989,230,807,Sham19Y0014601,2054,427,1282,412,59
990,293,995,ShamAY0036161,12,778,1418,368,59
990,448,919,Shamela0005756,4011,995,1409,241,54
990,293,995,Sham19Y0122406,1271,93,960,459,62
990,453,874,Sham19Y0013631,1576,480,768,194,52
990,1008,1219,Sham19Y0018144,4317,741,918,116,67
990,801,1526,Sham19Y0018103,933,282,602,231,39
990,806,995,Sham19Y0013252,2049,1377,1544,131,85
990,1223,1622,Sham19Y0013252,2050,1134,1424,209,63
990,801,1636,Sham19Y0013605,1341,61,463,285,42
990,469,919,Sham19Y0013605,1342,162,554,228,53
991,861,1288,Shamela0021848BK1,1404,329,786,196,46
991,998,1540,ShamAY0035035,5127,4,626,359,65
991,1119,1317,Shamela0011444BK2,2245,439,664,127,68
991,1155,1359,Shamela0021715,8168,1362,1546,111,67
991,381,538,Shamela0001727,455,1,340,114,41
991,1151,1380,Shia001831Vols,244,1099,1318,167,90
991,376,680,JK009324,2456,937,1185,97,31
991,855,1051,Shamela0021721,2812,1050,1291,122,58
991,376,538,Sham19Y0020638,379,100,365,118,55
991,538,1105,Masaha001864Vols,5279,279,847,453,98
991,1124,1317,Sham19Y0132962,1025,167,338,115,69
991,861,1288,Shamela0011468BK1,2267,229,535,158,37
991,904,1288,Sham19Y0032197,520,1195,1546,170,47
991,660,1446,Sham19Y0013252,2053,367,1040,472,71
991,538,691,Shamela0011036,1752,899,1340,124,34
991,855,1540,Shamela0011036,1753,214,1055,426,55
991,725,1582,ShamAY0035249,156,1,858,695,99
991,376,1359,Sham19Y0017442,389,859,1541,534,66
992,357,1018,JK007054,1038,383,1011,242,39
992,837,1043,Sham19Y0018144,4319,1187,1416,171,89
992,698,934,Masaha001864Vols,5279,1106,1277,137,71
992,1,152,Masaha001864Vols,5279,955,1106,123,100
992,511,792,Sham19Y0013252,2051,220,934,147,24
992,1,587,Shia001626Vols,595,5,529,177,28
992,1,152,ShamAY0035249,156,858,1009,123,100
992,798,1121,JK007065,1318,132,499,65,15
992,866,1048,Sham19Y0017442,388,1171,1367,146,89
993,1063,1600,Shamela0021495,139,1060,1597,270,48
993,310,623,Shamela0021495,140,536,754,154,57
993,1350,1691,Sham19Y0013769,809,395,691,117,34
993,1350,1509,Shamela0008540,1500,1368,1528,130,99
993,770,970,Shamela0008540,1500,629,830,150,88
993,62,1030,Shamela0026568,1119,937,1651,480,57
993,92,1096,Shamela0023685,1292,421,1228,533,60
993,113,1058,ShamAY0033531,986,249,1206,777,98
993,52,1417,Sham19Y0014224,491,593,1632,475,34
993,782,970,Sham19Y0013605,1382,498,659,126,81
994,986,1341,Shamela0007891,664,259,456,93,30
994,94,784,Sham19Y0013769,811,6,589,221,29
994,986,1341,Sham19Y0148486,2047,199,402,96,31
994,1439,1608,Sham19Y0017747,652,1106,1297,118,76
994,454,844,Shamela0008540,1500,963,1191,182,57
994,986,1341,Shamela0008540,1501,42,234,89,29
994,986,1341,Sham19Y0131521,1710,542,771,96,29
994,1439,1608,Sham19Y0131521,2158,272,439,128,90
994,996,1341,Shamela0001727,456,993,1423,117,28
994,1439,1627,Sham19Y0127700,618,373,741,152,51
994,1439,1627,Shamela0000894,5049,430,689,152,72
994,1098,1341,Masaha002867,140,1176,1299,83,42
994,1098,1494,Shamela0005922,1337,274,585,123,33
994,1439,1627,Sham19Y0014309,2790,355,616,152,72
994,1103,1327,JK000201,1161,1,111,73,40
994,197,440,JK000201,1164,840,1091,192,94
994,669,1345,Shamela0004289,683,556,1004,136,23
994,691,1259,ShamAY0033531,988,49,480,180,37
994,996,1341,Sham19Y0018144,784,787,979,89,30
994,1098,1341,JK007107,275,1156,1296,88,43
994,986,1341,Shamela0026865,37,1098,1282,96,32
994,333,844,Sham19Y0014224,490,57,450,201,42
994,31,449,Sham19Y0014224,492,1256,1511,150,43
994,986,1341,Sham19Y0131336,850,1285,1488,96,31
994,1098,1494,Sham19Y0020638,380,1026,1396,124,30
994,986,1341,Sham19Y0020591,429,517,908,94,21
994,197,440,Shamela0009242,1544,1304,1555,192,94
994,491,773,Shamela0009242,1545,1214,1619,161,45
994,1098,1494,Sham19Y0017616,120,388,612,111,36
994,1439,1627,Sham19Y0020590,128,41,355,148,58
994,1098,1494,Sham19Y0017063,329,1070,1352,116,34
994,1434,1608,Sham19Y0017063,330,342,582,134,70
994,1439,1608,Sham19Y0148271,2456,543,744,133,82
995,813,1456,Sham19Y0017350,533,500,1016,355,65
995,857,1279,Sham19Y0013769,814,182,806,318,63
995,28,573,Sham19Y0013769,819,732,983,172,39
995,857,1148,Shamela0021715,1744,559,813,141,52
995,825,1088,Shamela0005756,4162,960,1383,156,46
995,106,526,Shamela0005756,4189,1067,1373,222,64
995,38,1248,Shia001831Vols,245,349,1014,451,45
995,857,1266,Sham19Y0122406,1280,1067,1492,255,64
995,836,1279,Sham19Y0132524,766,530,896,177,43
995,857,1148,Sham19Y0018106,872,651,866,129,50
995,825,1259,Sham19Y0014224,493,892,1419,309,69
995,1,573,Sham19Y0014224,494,1247,1528,206,45
995,211,457,Sham19Y0150639,146,1,134,104,53
995,857,1148,Sham19Y0020638,1651,61,269,117,46
995,19,460,Sham19Y0013252,1997,1334,1497,105,29
995,825,1115,Sham19Y0013252,2139,1183,1534,185,60
995,198,470,Shia002298,125,476,1065,196,41
995,6,526,Sham19Y0014601,2079,27,483,258,55
995,6,612,Sham19Y0014601,2511,277,902,471,93
995,932,1119,Sham19Y0013605,1385,1012,1115,72,47
995,181,526,Sham19Y0013605,1395,1,226,167,60
996,1,555,Sham19Y0017350,534,53,681,380,72
996,48,518,Sham19Y0013667,1979,607,976,257,65
996,10,459,Sham19Y0013769,815,67,657,316,65
996,1128,1515,Sham19Y0013769,816,324,647,190,57
996,139,464,Shia000841Vols,2278,15,312,210,81
996,40,518,Shamela0005756,4164,71,516,291,69
996,20,293,Shia001831Vols,245,1014,1273,183,81
996,1,452,Sham19Y0122406,1281,7,336,163,44
996,1,540,Sham19Y0014224,494,447,1087,328,55
996,982,1537,Sham19Y0014224,495,586,1517,358,47
996,522,959,Sham19Y0014224,497,875,1376,245,55
996,1182,1372,Sham19Y0020638,1651,346,532,100,50
996,20,604,Sham19Y0013252,2140,375,927,342,65
996,1376,1526,Sham19Y0013252,2141,1,199,109,69
996,1002,1501,Masaha001946Vols,462,729,1244,321,72
996,103,555,Sham19Y0023625,1518,856,1555,319,53
996,543,1532,Sham19Y0023625,1519,25,1253,495,42
997,1301,1449,Sham19Y0020561,1471,488,630,106,89
997,761,1175,Sham19Y0017350,536,754,1226,256,62
997,12,478,Sham19Y0013769,816,806,1194,278,71
997,852,1126,Sham19Y0013769,817,1338,1629,187,75
997,1153,1326,Sham19Y0013769,818,6,284,120,51
997,1,371,Shamela0008176,2076,587,872,198,63
997,852,1022,Shamela0021715,1772,1232,1392,110,80
997,748,1067,Shamela0005756,3934,118,382,198,77
997,12,430,Sham19Y0014224,496,12,389,264,70
997,603,1126,Sham19Y0014224,496,1163,1562,239,47
997,1153,1319,Sham19Y0014224,497,1,334,118,41
997,1078,1326,Sham19Y0131336,1882,450,698,203,99
997,12,505,Sham19Y0013252,2141,186,491,184,42
997,1078,1449,Sham19Y0013252,2141,560,1220,208,35
997,907,1585,Sham19Y0013252,2142,1,302,182,33
997,1,381,Sham19Y0023625,1494,1051,1346,213,66
997,1078,1326,Sham19Y0014119,1563,1295,1497,164,80
997,1052,1326,Sham19Y0017063,1555,1208,1509,178,66
997,761,1052,Sham19Y0013605,1323,190,439,197,85
997,1198,1585,Sham19Y0013605,1384,4,700,146,22
998,660,1448,Shamela0001727,458,851,1414,156,21
998,936,1263,Shia003923Vols,1731,360,682,260,97
998,48,1515,Shia001831Vols,246,434,1435,661,51
998,660,1239,Sham19Y0122406,1284,785,1614,226,31
998,941,1369,Sham19Y0018144,4222,357,620,145,42
998,531,1448,Sham19Y0020638,382,354,769,171,21
998,723,1448,Masaha001864Vols,1250,989,1419,133,20
998,286,618,Masaha001946Vols,464,1070,1292,133,50
998,206,413,Sham19Y0014119,1563,881,1038,119,68
998,159,600,Sham19Y0017063,1555,955,1143,128,33
999,1381,1576,Sham19Y0017350,519,137,324,149,91
999,1381,1582,ShamIbadiyya0000438,158,19,184,135,81
999,549,889,Sham19Y0148486,2068,920,1095,130,49
999,123,542,Sham19Y0017747,651,234,603,206,54
999,549,892,Shia002616Vols,619,572,751,134,50
999,559,896,Shia002034Vols,2151,412,577,122,46
999,119,363,ShamAY0031741,237,3,158,116,59
999,1391,1582,ShamIbadiyya0000229,1854,1,212,142,77
999,123,492,Sham19Y0131521,6654,854,1471,199,38
999,114,1139,Shamela0001727,459,15,1295,339,24
999,549,889,Shamela0006446,412,1069,1243,128,47
999,549,811,Shamela0006060,734,271,496,113,55
999,549,889,Shamela0021626,7,1058,1239,133,49
999,953,1369,Shia001831Vols,247,6,238,171,50
999,549,889,Shamela0008273,29,1094,1266,121,44
999,549,700,Shamela0013043,223,1212,1394,99,64
999,123,889,Shamela0004289,686,557,1021,219,34
999,901,1139,Sham19Y0122406,1287,76,561,107,23
999,549,814,Shamela0010463,618,1089,1339,133,60
999,123,363,Shia002178,34,1007,1323,136,50
999,549,704,Sham19Y0001734,294,1219,1379,89,65
999,549,934,Sham19Y0132524,769,365,774,158,35
999,549,1139,Shamela0001875,539,499,1172,227,30
999,549,889,Sham19Y0018144,791,584,759,114,42
999,549,700,Shamela0012579,539,748,888,94,77
999,549,1139,JK007107,281,152,768,215,30
999,549,700,Shamela0011077BK1,217,10,149,92,72
999,549,934,Shamela0025800,809,144,510,154,37
999,123,889,Sham19Y0017729,162,973,1316,202,31
999,559,700,Shia003732Vols,3538,631,1092,100,27
999,549,889,ShamAY0034005,1498,513,684,125,46
999,123,363,Sham19Y0018272,1087,886,1069,144,75
999,595,1048,Sham19Y0018272,1721,460,817,181,39
999,114,889,Sham19Y0020638,383,932,1300,232,37
999,123,363,Sham19Y0020591,1847,288,919,129,22
999,549,700,JK000022,1001,39,189,110,92
999,549,889,Sham19Y0146127,1073,1153,1317,118,44
999,549,934,JK007065,1399,375,775,158,35
999,549,814,Shamela0000137,1902,856,1107,133,60
999,123,363,Sham19Y0014601,6118,110,305,126,60
999,906,1091,Sham19Y0017063,332,910,1510,136,28
999,549,889,Shamela0008210,28,238,413,128,47
1000,854,1431,Shamela0021495,136,534,829,167,36
1000,1,200,Sham19Y0017350,519,342,545,158,95
1000,441,1307,Sham19Y0017350,520,203,724,263,34
1000,489,1628,Sham19Y0013769,792,332,1370,451,38
1000,1,221,ShamIbadiyya0000229,1854,217,424,140,73
1000,200,687,Shamela0008540,1515,903,1277,310,76
1000,200,606,Shamela0021590,501,879,1371,190,40
1000,402,1029,JK000201,1168,1279,1564,220,42
1000,1240,1628,Shamela0021619BK2,533,609,1053,182,39
1000,778,1628,Sham19Y0122406,1289,11,997,351,39
1000,200,969,ShamAY0033531,995,537,1307,630,99
1000,765,933,ShamAY0033531,999,452,620,134,100
1000,321,765,Sham19Y0014224,476,192,776,204,36
1000,1375,1628,Sham19Y0014224,476,1133,1370,191,92
1000,1034,1269,Masaha001946Vols,469,1115,1594,170,44
1000,489,969,Sham19Y0017063,327,392,625,110,24
1000,1139,1628,Sham19Y0013605,1410,863,1198,243,60
1001,501,778,Sham19Y0017350,525,373,884,179,41
1001,533,778,Sham19Y0017350,1302,720,958,60,19
1001,511,1192,Sham19Y0013769,799,302,1400,415,42
1001,1,298,Sham19Y0017747,640,47,279,141,59
1001,1463,1610,Shamela0008540,1515,1487,1635,119,97
1001,298,518,Shamela0008540,1515,1282,1504,180,99
1001,336,944,Shamela0005756,4228,151,700,364,68
1001,530,944,JK009324,732,933,1420,186,35
1001,87,316,Sham19Y0014224,477,174,430,155,68
1001,287,645,Sham19Y0014224,483,1105,1645,220,45
1001,645,1275,Sham19Y0014224,484,1,790,317,42
1001,493,1567,Sham19Y0013252,2175,323,1431,537,46
1001,298,518,Shamela0009242,1536,1338,1560,176,96
1002,18,362,Shamela0025794,4835,656,1071,102,20
1002,312,1147,Sham19Y0131521,1736,755,1241,323,45
1002,487,645,Sham19Y0131521,1748,1195,1371,117,82
1002,18,362,Shamela0001727,460,840,1252,101,21
1002,631,1184,ShamAY0033522,236,975,1464,321,65
1002,653,1272,ShamAY0033531,998,132,722,432,83
1002,746,1147,Sham19Y0014224,479,1185,1623,231,54
1002,666,1074,Shamela0000551,766,35,891,195,23
1002,18,362,Sham19Y0017616,119,978,1390,101,21
1002,666,1156,Sham19Y0014601,2088,884,1516,316,55
1003,1,182,Sham19Y0017350,527,967,1153,147,97
1003,1,182,Sham19Y0013769,804,455,637,147,99
1003,355,938,Sham19Y0131521,1743,1,533,309,51
1003,1,182,Shamela0026568,1115,446,623,142,95
1003,1,182,Shamela0023685,1288,4,188,141,91
1003,1,196,Shia001845Vols,196,489,684,145,91
1003,1,182,Sham19Y0014224,482,910,1091,146,98
1004,349,736,Shia000234Vols,11107,858,1147,173,56
1004,414,725,Shamela0005756,3414,860,1089,157,62
1004,503,1592,Shia001831Vols,247,622,1196,347,38
1004,1362,1481,Shia001831Vols,248,738,856,96,99
1004,826,1039,Sham19Y0122406,1296,677,877,74,32
1004,1218,1481,Shamela0021723,800,595,782,153,71
1004,750,957,Sham19Y0014601,2087,1059,1292,165,86
1005,1044,1365,JK009390,6327,1292,1448,85,30
1005,405,1233,Shamela0008176,3840,1140,1554,251,35
1005,1034,1420,Shamela0002863,823,336,539,103,31
1005,1044,1420,Shamela0009200,588,584,824,104,32
1005,1044,1420,Shamela0025794,2665,123,367,105,33
1005,1306,1532,Shamela0025791,524,791,1066,123,52
1005,383,1029,Shamela0026568,1114,77,539,318,58
1005,1044,1420,Sham19Y0127677,4481,933,1129,101,31
1005,286,917,Shia001831Vols,247,1196,1596,298,58
1005,917,1497,Shia001831Vols,248,1,241,156,32
1005,354,1301,Shamela0000140,808,904,1458,372,47
1005,383,947,Shamela0023685,1286,1134,1515,281,61
1005,1044,1420,Shamela0004482,894,905,1101,101,31
1005,286,656,Sham19Y0122406,1298,1217,1514,187,62
1005,656,1420,Sham19Y0122406,1299,1,657,296,39
1005,1044,1420,Shamela0001875,525,1,196,101,31
1005,1044,1420,Shamela0025800,1579,708,904,101,31
1005,1044,1420,JK007065,644,756,951,101,31
1005,354,1286,Sham19Y0122257,1800,734,1389,282,32
1005,1306,1528,Sham19Y0017063,1320,441,1102,155,28
1005,817,1420,Shia000121Vols,883,944,1458,148,21
1005,479,731,Sham19Y0013605,369,422,731,122,43
1006,335,951,Shamela0002863,829,542,894,113,19
1006,330,624,Shamela0008540,1520,195,457,172,64
1006,335,850,Sham19Y0131521,1741,1010,1408,160,28
1006,1222,1524,Shamela0005756,941,919,1455,88,16
1006,335,951,Sham19Y0017903,324,372,748,108,18
1006,335,951,Sham19Y0122406,1300,759,1164,109,17
1006,37,179,Sham19Y0122406,4735,1363,1505,116,100
1006,42,259,Sham19Y0122406,4930,507,723,167,96
1006,907,1104,Sham19Y0132524,779,279,487,99,52
1006,335,951,Sham19Y0020638,388,935,1294,115,19
1006,972,1134,Sham19Y0016782,769,1161,1372,85,50
1006,430,597,Sham19Y0014601,6574,309,500,139,87
1007,1430,1558,Shia004649Vols,1946,652,780,101,100
1007,660,963,Shamela0001727,466,825,1384,76,13
1007,649,1516,Shia001831Vols,249,1,703,374,45
1007,692,886,Sham19Y0013631,561,892,1059,69,45
1007,557,886,Sham19Y0018144,4195,979,1341,238,81
1007,692,886,Sham19Y0020638,1654,416,591,140,89
1007,108,402,Sham19Y0013252,709,1322,1581,197,78
1008,583,1453,Sham19Y0013769,806,94,1210,432,40
1008,622,1183,Shamela0005756,4267,750,1120,255,56
1008,199,890,Sham19Y0014224,487,855,1550,280,35
1008,890,1453,Sham19Y0014224,488,1,452,246,49
1008,625,1183,Sham19Y0013605,1416,125,494,256,56
1009,1,120,Shamela0007891,657,950,1070,92,95
1009,1275,1506,Sham19Y0013769,796,368,619,180,87
1009,256,541,Shamela0008540,1517,579,761,129,52
1009,1,576,Sham19Y0131521,1758,1099,1576,302,60
1009,1,120,Sham19Y0145212,1205,912,1032,92,95
1009,120,976,ShamAY0033531,1006,206,1014,659,93
1009,1,120,Sham19Y0016976,556,1008,1128,92,95
1009,1,120,Sham19Y0122257,917,821,940,91,95
1009,1,120,Sham19Y0014119,191,1241,1361,92,95
1009,1,120,Sham19Y0017063,327,684,804,92,95
1009,1,120,Shamela0008360,225,1147,1267,92,95
1010,91,601,Sham19Y0017747,664,467,1084,297,56
1010,86,558,ShamAY0036128,30,1049,1521,382,100
1010,606,1142,Shamela0001727,470,601,1235,190,29
1010,1091,1569,Sham19Y0014309,1954,319,648,230,59
1010,105,443,JK000201,1618,749,1112,239,80
1010,523,1332,Sham19Y0122406,1311,428,1353,255,27
1010,145,601,Shia001976Vols,1619,631,1162,354,80
1010,226,601,Shia001976Vols,1620,185,600,305,89
1010,1049,1549,Sham19Y0016976,587,620,938,102,19
1010,105,601,Shamela0009242,1568,629,1120,376,91
1010,1049,1500,Sham19Y0017063,353,949,1470,161,28
1010,110,320,Shamela0010517,839,786,1000,168,98
1011,26,238,Shamela0023193,154,509,694,94,49
1011,1054,1428,Shamela0008176,2185,1029,1301,167,55
1011,890,1470,Sham19Y0017747,665,756,1293,286,51
1011,26,260,Shia003965Vols,7597,510,708,96,50
1011,1050,1418,Shamela0021590,530,346,801,165,39
1011,538,924,Shamela0001727,471,904,1213,127,34
1011,1,639,Sham19Y0014309,1954,648,1140,353,68
1011,21,238,Shia000207,136,369,550,100,57
1011,1054,1428,Shia001831Vols,250,377,610,158,51
1011,104,238,Shia001831Vols,251,1,125,86,84
1011,1062,1441,Shamela0000140,1443,459,834,283,89
1011,852,1045,JK000201,1619,1022,1383,158,53
1011,7,218,JK000168,32,1313,1526,152,93
1011,420,924,Sham19Y0132524,785,928,1154,122,28
1011,1062,1183,ShamAY0033531,2215,1136,1276,98,86
1011,21,238,Shamela0001687,5380,956,1136,101,58
1011,26,238,Shamela0028100,275,301,476,97,57
1011,1050,1428,Sham19Y0018272,640,111,365,165,52
1011,420,924,Sham19Y0020638,395,18,440,152,36
1011,26,238,Masaha000955Vols,954,35,210,97,57
1011,15,238,Shamela0012052,658,158,296,93,53
1011,1,661,Shamela0009242,1682,210,538,241,46
1011,789,1428,Sham19Y0023625,1323,554,941,160,27
1011,420,646,JK007065,1463,49,220,65,29
1011,7,238,Sham19Y0013783,687,1271,1473,112,58
1011,890,1428,Sham19Y0017063,354,355,886,236,45
1011,15,238,Sham19Y0017063,354,18,205,131,73
1011,7,238,Sham19Y0014325,1479,1068,1308,172,93
1012,1,250,Sham19Y0017747,665,1293,1505,168,82
1012,285,926,Sham19Y0017747,666,13,328,237,45
1012,1192,1538,Zaydiyya0000140,38,422,768,266,96
1012,1259,1538,Sham19Y0131521,4431,197,423,160,72
1012,1247,1525,Sham19Y0014309,1959,383,651,167,71
1012,650,1120,Shia001831Vols,251,105,485,280,72
1012,1120,1525,Shamela0006848,139,678,900,114,35
1012,79,381,Shamela0009242,1570,1161,1537,219,67
1012,83,665,Sham19Y0017063,354,876,1277,295,61
1013,402,659,Shamela0008176,2322,1341,1540,133,62
1013,1,119,Sham19Y0131521,4431,423,540,92,98
1013,19,210,Sham19Y0014309,1959,656,875,142,77
1013,210,554,Sham19Y0017903,345,687,889,132,47
1013,210,408,Sham19Y0013253,293,1151,1258,64,38
1013,210,460,Shamela0004289,729,967,1116,110,53
1013,210,596,Shamela0021502,27,713,989,111,26
1013,345,882,Sham19Y0122406,1315,676,1144,228,44
1013,210,554,Sham19Y0017729,175,1156,1358,132,47
1013,935,1158,Sham19Y0020638,1655,1185,1372,146,78
1013,210,460,Shamela0012052,660,1115,1288,133,68
1013,922,1219,Shamela0009242,1685,714,1094,221,71
1013,216,1255,Sham19Y0017063,373,742,1290,325,36
1013,932,1187,Sham19Y0017063,374,187,462,185,81
1014,734,1499,Shamela0021495,170,126,715,320,46
1014,756,1485,Shamela0008176,2325,250,992,507,76
1014,71,194,Zaydiyya0000140,43,162,279,93,94
1014,1120,1531,Shia000841Vols,2477,78,479,251,66
1014,734,1096,Zaydiyya0000270,12,1265,1593,186,63
1014,1096,1231,Zaydiyya0000270,13,1,141,108,96
1014,1270,1531,ShamIbadiyya0000229,2110,574,817,171,75
1014,1318,1531,ShamIbadiyya0000279,379,1,181,138,77
1014,1392,1531,Shamela0029677,1586,993,1129,101,87
1014,1,326,Shamela0001727,474,528,759,97,33
1014,1270,1531,Shamela0000432,4698,62,316,200,96
1014,898,1231,Zaydiyya0000044,8,58,411,270,94
1014,1,326,Sham19Y0013572,769,136,284,103,40
1014,898,1063,Shia001663Vols,33,738,884,119,88
1014,1,256,Shamela0012884,384,616,976,82,20
1014,11,194,Shia001831Vols,251,611,764,124,83
1014,1116,1485,Shamela0000140,2048,1097,1527,224,62
1014,71,194,Shamela0021660,3324,460,606,92,78
1014,1,326,Sham19Y0122406,1318,101,332,97,33
1014,734,1356,Shia002178,19,883,1504,332,59
1014,1,199,ShamAY0033531,2220,1349,1515,128,78
1014,753,1522,ShamAY0033531,2223,307,1102,609,95
1014,734,912,Shia001392Vols,836,424,614,125,84
1014,71,218,Sham19Y0018272,1390,823,1024,111,69
1014,1,326,Sham19Y0020638,397,534,686,95,36
1014,734,1120,Zaydiyya0000161,255,470,956,234,53
1014,729,1485,Kraken22020817055000,21,1051,1387,237,38
1014,753,1120,Rafed0000167,53,748,1185,225,55
1014,1,326,JK007065,805,1229,1386,97,37
1014,734,1231,Zaydiyya0000217,36,812,1325,297,57
1014,729,1145,Sham19Y0122257,1025,962,1405,263,66
1014,1030,1485,Sham19Y0122257,1026,365,780,312,81
1014,1270,1456,Sham19Y0017063,374,468,616,104,70
1015,1,348,Shamela0021495,170,803,1236,142,39
1015,1,1153,Shia000841Vols,2477,479,1605,902,96
1015,1,389,ShamIbadiyya0000229,2110,817,1336,294,70
1015,401,1182,ShamIbadiyya0000229,2111,12,881,494,62
1015,1,640,ShamIbadiyya0000279,379,181,1460,494,47
1015,658,1182,ShamIbadiyya0000279,380,234,1013,302,41
1015,1,511,Shamela0029677,1586,1129,1458,241,57
1015,679,1012,Shamela0029677,1587,1,291,202,75
1015,689,913,Shamela0021590,576,1057,1275,166,89
1015,652,934,Shamela0000432,4599,1180,1434,189,84
1015,674,913,Shamela0000432,4698,419,590,113,55
1015,128,913,Shamela0005756,4934,859,1464,429,67
1015,1105,1568,Shia001831Vols,251,904,1239,221,54
1015,674,1029,Shamela0000140,1451,884,1181,226,77
1015,128,812,Shamela0000140,2049,1,524,335,59
1015,737,1192,Shamela0000140,2049,809,1272,317,77
1015,850,1239,Shamela0037837,291,385,881,97,17
1015,652,913,Sham19Y0013252,2546,1169,1384,109,45
1015,348,1162,Kraken22020817055000,22,1,611,463,67
1015,1,150,ShamAY0038389,144,1051,1319,84,38
1015,122,881,Sham19Y0023625,1344,620,1366,538,81
1015,881,1065,Sham19Y0023625,1345,13,202,146,96
1016,260,437,Sham19Y0013667,5569,73,269,125,78
1016,49,827,JK000977,808,537,1128,275,35
1016,395,827,Shamela0025794,79,1,174,111,32
1016,260,827,Shamela0001727,476,106,453,225,49
1016,260,437,Shamela0005756,4929,1261,1439,135,94
1016,253,437,Shamela0001673,2830,32,216,140,94
1016,260,827,Sham19Y0122406,1321,422,769,225,49
1016,218,827,ShamAY0034005,341,141,524,221,44
1016,248,808,Shamela0026484,519,727,1094,214,46
1016,49,827,Sham19Y0020638,398,386,898,306,46
1016,791,968,Sham19Y0020638,1656,507,659,122,85
1016,64,827,Shamela0012062,359,958,1382,229,36
1016,260,827,Shamela0009082,139,9,373,209,40
1016,760,1061,Shia001626Vols,470,926,1396,100,25
1016,100,248,Shia001626Vols,609,584,733,110,92
1016,260,827,Sham19Y0016555,112,648,962,197,42
1016,260,437,JK000609,13,450,622,128,90
1016,253,827,Shia001913Vols,306,491,833,190,39
1017,637,1247,Sham19Y0016584,1170,1141,1337,128,26
1017,1122,1464,Sham19Y0127656,167,801,1309,99,17
1017,270,1216,Shamela0001727,479,968,1490,143,15
1017,1216,1537,Shamela0001727,480,1,300,56,12
1017,1234,1382,Shamela0005756,4971,1292,1439,113,95
1017,1127,1336,Sham19Y0017903,346,1137,1303,111,66
1017,1127,1241,Shamela0004289,731,930,1044,90,100
1017,1127,1247,Shamela0021502,38,959,1073,86,90
1017,613,1247,Sham19Y0122406,1326,1080,1272,133,26
1017,1127,1241,Sham19Y0122406,4740,1102,1216,90,100
1017,270,663,Sham19Y0132524,797,154,565,73,14
1017,1127,1241,Sham19Y0132524,797,1193,1307,90,100
1017,1197,1375,Sham19Y0013631,1488,537,670,83,53
1017,613,1241,JK007107,338,900,1071,130,26
1017,1127,1382,Sham19Y0018103,2699,672,1081,149,40
1017,1127,1247,Shamela0025800,3137,467,587,86,92
1017,1127,1336,Sham19Y0017729,177,17,183,112,66
1017,427,1241,Sham19Y0020638,401,523,936,141,17
1017,1127,1241,JK000665,21,595,709,90,100
1017,1193,1537,Masaha001946Vols,609,289,599,170,55
1017,1127,1336,JK007065,1410,435,648,109,65
1017,1241,1382,Sham19Y0013605,1559,1238,1378,112,99
1017,953,1193,Sham19Y0013605,1560,482,722,146,70
1018,822,984,Sham19Y0017350,583,335,506,123,92
1018,628,752,Sham19Y0148486,7475,1232,1356,97,100
1018,796,974,Shamela0021715,7636,998,1191,119,75
1018,806,1225,Shamela0021715,10806,1267,1536,124,32
1018,796,974,Sham19Y0016684,1706,1043,1239,127,76
1018,1,624,Shamela0001727,480,300,479,83,15
1018,780,974,Shamela0026568,674,1106,1307,92,42
1018,586,752,Shamela0005756,4992,841,999,112,80
1018,1104,1308,Shamela0005756,12056,876,1028,91,55
1018,818,1313,Shamela0001673,7148,197,824,333,61
1018,52,974,Shia001831Vols,252,158,544,272,36
1018,796,1358,JK000201,4002,353,956,450,92
1018,367,818,Shamela0004289,733,451,901,102,19
1018,780,974,Shamela0023685,764,894,1094,92,42
1018,777,974,Shamela0006590,847,893,1096,93,42
1018,598,860,Sham19Y0013631,2324,776,985,117,59
1018,616,752,Sham19Y0018103,4130,874,996,90,86
1018,367,818,Shamela0025800,3142,526,915,96,18
1018,367,818,Sham19Y0020638,401,1026,1326,89,18
1018,780,1041,Shamela0009242,1697,167,467,126,43
1018,788,1004,Sham19Y0023625,1336,669,1352,148,26
1018,616,752,Sham19Y0013605,1566,583,724,102,92
1018,616,757,Sham19Y0013605,4919,421,550,98,89
1019,335,750,ShamIbadiyya0000438,551,396,670,153,45
1019,1362,1552,Sham19Y0013769,853,411,569,96,57
1019,260,414,Sham19Y0148486,2117,1,287,96,42
1019,1120,1316,Sham19Y0032381,200,1370,1566,156,100
1019,256,422,JK000977,816,770,1058,64,24
1019,256,422,Shamela0010842,242,914,1377,46,9
1019,928,1296,ShamAY0033522,268,631,982,261,82
1019,471,1552,ShamIbadiyya0000219,122,621,1537,618,63
1019,256,750,Sham19Y0145212,1287,1022,1463,172,34
1019,325,422,Kraken230110004547,323,960,1366,63,19
1019,1321,1580,Sham19Y0014224,515,818,1101,126,46
1019,395,690,Masaha001946Vols,595,1430,1619,134,52
1019,256,381,Shamela0008463,958,94,337,71,37
1019,1,251,Sham19Y0014601,4655,1135,1415,198,86
1020,132,484,Sham19Y0017350,564,863,1472,197,36
1020,484,860,Sham19Y0017350,566,12,510,213,48
1020,296,484,Sham19Y0013769,850,885,1118,134,66
1020,1061,1630,Sham19Y0013769,851,320,1152,255,32
1020,484,757,Sham19Y0013769,852,423,790,158,44
1020,183,560,Shia001831Vols,252,696,929,161,49
1020,139,484,ShamIbadiyya0000219,123,1,224,163,57
1020,81,1413,Sham19Y0014224,514,472,1568,336,22
1020,1,1071,Sham19Y0014224,515,1087,1627,278,30
1020,212,380,Sham19Y0020638,1657,423,539,92,66
1020,14,1363,Masaha001946Vols,596,246,1282,532,42
1020,145,351,Sham19Y0017063,356,964,1203,72,25
1021,469,937,Shamela0007891,822,13,196,75,17
1021,469,937,Shamela0012415,197,590,773,75,17
1021,1,221,Sham19Y0013769,851,1283,1469,143,78
1021,397,937,Sham19Y0148486,2134,1,227,86,17
1021,469,937,Shamela0013027,121,5,187,68,15
1021,377,502,JK009390,7201,1258,1367,52,56
1021,377,502,JK000977,818,1237,1333,52,56
1021,377,930,Sham19Y0018567,1426,718,959,104,24
1021,871,1248,Sham19Y0131521,2686,21,430,83,19
1021,520,1495,Sham19Y0131521,4062,105,569,343,43
1021,377,937,Shamela0001727,482,988,1231,99,19
1021,377,930,JK000786,3980,1217,1458,91,18
1021,377,937,Sham19Y0127677,4607,887,1137,99,19
1021,377,937,Shamela0012406,654,1211,1465,98,19
1021,377,502,Sham19Y0017903,350,1276,1372,52,56
1021,377,937,ShamAY0034068,2634,161,407,87,16
1021,11,937,Sham19Y0122406,1335,381,1047,159,15
1021,377,937,Shia002265Vols,4477,991,1238,99,19
1021,377,937,Shamela0009773,2542,21,272,99,19
1021,377,937,Shia001989,131,946,1192,101,20
1021,871,1248,Sham19Y0132524,804,479,935,81,14
1021,377,502,Shamela0001438,6556,1342,1438,52,56
1021,377,502,Sham19Y0017729,178,1328,1424,52,56
1021,11,216,Sham19Y0014224,515,318,555,162,83
1021,377,502,ShamAY0034005,1186,1293,1389,52,56
1021,377,937,Sham19Y0020638,403,56,302,101,20
1021,377,937,ShamAY0035884,835,508,765,99,19
1021,377,937,Sham19Y0146127,1108,289,530,96,19
1021,991,1495,Shamela0009242,1589,682,1191,393,96
1021,377,937,Shamela0000041,2049,468,715,115,26
1022,556,920,Sham19Y0013769,842,218,639,188,48
1022,469,837,ShamAY0033522,269,869,1218,207,62
1022,556,906,Shia003732Vols,5616,278,542,202,70
1022,459,1577,Masaha001864Vols,5759,30,1121,884,97
1022,1,245,Shamela0009242,1589,1191,1434,189,97
1022,547,706,Shamela0009242,1594,1349,1514,116,87
1023,524,874,Sham19Y0013769,842,1219,1548,205,69
1023,481,913,ShamAY0035035,9556,714,1168,281,72
1023,325,685,Shamela0008176,2223,857,1362,186,40
1023,481,678,Sham19Y0131521,4454,1161,1475,115,47
1023,101,519,Shamela0026568,1294,107,477,149,35
1023,604,920,Shamela0026568,1295,24,325,235,92
1023,101,370,ShamAY0033522,269,1218,1461,185,85
1023,101,519,Shamela0023685,1464,1000,1370,149,35
1023,524,920,Shamela0023685,1465,846,1259,293,85
1023,48,336,Sham19Y0122406,1338,1277,1513,90,29
1023,980,1428,Sham19Y0122406,1339,1090,1482,129,35
1023,101,524,ShamAY0033531,2236,1098,1554,247,56
1023,1159,1307,Sham19Y0150600,988,1567,1715,121,100
1023,101,920,Shia003732Vols,5615,771,1376,360,48
1023,163,920,Sham19Y0014224,512,1,691,486,77
1023,1,472,Masaha001864Vols,5759,1121,1593,383,99
1023,472,1551,Masaha001864Vols,5760,1,1084,860,98
1023,101,843,Shamela0009873,2132,320,1050,259,33
1023,21,519,Shamela0011036,926,359,821,208,41
1023,336,458,Shamela0011036,927,398,520,101,100
1023,589,920,Shamela0011036,928,1,345,250,87
1023,468,920,Sham19Y0122255,463,316,1062,177,24
1023,336,761,Sham19Y0122257,992,1091,1537,218,54
1024,594,838,Sham19Y0020944,724,706,954,192,97
1024,594,815,JK007064,239,6,227,174,100
1024,594,838,Shamela0012415,198,77,321,185,94
1024,594,838,Sham19Y0013667,2951,950,1173,163,84
1024,594,838,Sham19Y0148486,2137,1096,1340,186,94
1024,594,843,Sham19Y0148486,2203,1163,1408,191,97
1024,594,900,Shamela0006610,391,131,724,221,46
1024,594,782,Sham19Y0019188,944,1263,1427,123,84
1024,594,933,Sham19Y0017747,734,338,636,147,50
1024,594,773,JK006897,177,1292,1471,141,100
1024,594,838,Sham19Y0016636,348,871,1115,189,96
1024,594,792,ShamIbadiyya0000229,2096,1338,1538,152,97
1024,594,838,Shamela0008540,1883,85,312,161,83
1024,594,838,Shamela0025794,2512,1140,1388,192,97
1024,594,815,Shamela0011428,824,1285,1477,131,76
1024,340,529,Sham19Y0131521,4425,170,366,137,82
1024,711,838,Sham19Y0131521,4453,1,128,101,100
1024,603,788,Shamela0021590,577,970,1139,121,79
1024,594,838,Shamela0001727,484,320,564,193,100
1024,589,807,Shamela0000432,4611,501,738,146,75
1024,594,838,Shamela0005756,5024,908,1151,189,98
1024,594,777,Shamela0001673,2901,1334,1492,123,85
1024,594,833,Shamela0117359,768,424,667,188,97
1024,594,909,JK000785,794,935,1257,206,82
1024,594,900,Sham19Y0017903,350,212,513,208,85
1024,594,782,Shamela0021713,935,632,819,147,99
1024,594,807,ShamAY0033523,371,476,763,148,62
1024,681,838,ShamAY0033181,421,1,150,115,92
1024,594,838,Shamela0004289,738,1185,1429,193,100
1024,594,838,ShamAY0034282,1034,23,262,186,96
1024,594,838,Sham19Y0122406,1341,474,719,149,63
1024,681,838,Sham19Y0122406,1342,117,274,125,100
1024,597,838,JK009324,934,1103,1278,126,66
1024,594,838,Shia001989,136,21,268,192,98
1024,594,838,Sham19Y0001734,1211,1223,1433,160,84
1024,594,782,Sham19Y0001734,1232,806,975,121,82
1024,209,807,Sham19Y0132524,806,125,789,222,31
1024,594,900,Shamela0001875,615,613,910,216,89
1024,288,439,ShamAY0033531,2217,111,321,124,71
1024,843,1542,ShamAY0033531,2235,536,1219,470,74
1024,622,773,Kraken230110004547,597,1269,1407,104,84
1024,594,730,Sham19Y0018106,4418,1379,1515,107,100
1024,594,900,Shamela0036446,295,685,928,160,67
1024,594,843,JK007107,307,62,309,190,97
1024,706,890,Sham19Y0018569,300,1,168,115,80
1024,594,900,Shamela0025800,3159,87,484,197,59
1024,594,900,Sham19Y0017729,178,829,1130,211,87
1024,1,119,Sham19Y0014224,511,1358,1479,97,97
1024,603,838,ShamAY0034005,343,1166,1380,160,83
1024,209,724,Sham19Y0020638,403,1208,1437,149,37
1024,724,900,Sham19Y0020638,404,1,188,113,76
1024,636,838,JK000216,64,1,201,155,97
1024,1,472,Masaha001864Vols,5760,1084,1554,383,99
1024,472,589,Masaha001864Vols,5761,1,118,95,100
1024,597,838,Sham19Y0020591,1165,1170,1488,191,75
1024,594,807,ShamAY0035960,371,795,1082,148,62
1024,594,838,Shamela0011757,9,1036,1255,172,89
1024,594,777,Shamela0008463,1040,1325,1496,130,89
1024,594,900,Sham19Y0146127,1110,533,864,183,64
1024,594,900,Sham19Y0146127,1146,326,648,187,67
1024,266,716,Shamela0009242,1575,902,1420,284,61
1024,660,843,Shamela0009242,1590,694,875,138,96
1024,838,1542,Shamela0009242,1591,277,906,464,79
1024,594,900,Sham19Y0017616,125,419,740,214,85
1024,701,900,Shamela0000976,24,1,233,129,70
1024,594,746,JK007065,652,1332,1484,120,100
1024,594,751,Sham19Y0014601,4642,758,919,123,96
1024,676,1536,Sham19Y0014601,4643,1,618,371,46
1024,594,821,Sham19Y0017063,357,1239,1468,178,98
1024,594,797,Sham19Y0148271,324,1292,1499,159,97
1024,603,900,Masaha003492Vols,554,600,893,127,51
1024,594,843,Sham19Y0022884,106,1324,1511,142,73
1024,681,843,Shamela0010517,834,1,163,127,98
1024,594,1197,Shamela0010517,857,1,580,386,80
1025,8,193,ShamIbadiyya0000229,2096,788,976,149,96
1025,1,339,ShamAY0033531,2235,1219,1558,271,98
1025,1,339,Shamela0009242,1591,906,1236,224,70
1025,1,915,Sham19Y0014601,4643,611,1230,421,52
1026,289,690,JK007083,100,1,295,122,28
1026,1263,1453,Shia001432Vols,27234,147,345,155,92
1026,285,859,Sham19Y0017350,583,708,1549,371,51
1026,987,1198,Sham19Y0013769,882,856,1049,124,72
1026,695,913,Sham19Y0013769,882,124,386,121,58
1026,1457,1610,Sham19Y0013769,884,550,702,121,96
1026,236,690,Sham19Y0017747,702,1138,1496,154,39
1026,285,690,Shamela0021590,557,76,369,128,37
1026,285,690,Shamela0021590,558,140,516,118,24
1026,451,751,Sham19Y0016684,534,973,1257,207,81
1026,285,1001,Shamela0001727,485,150,696,121,15
1026,152,690,Sham19Y0017757,78,568,911,153,34
1026,1263,1453,Shia000317Vols,1343,992,1190,155,92
1026,304,668,Sham19Y0013785,175,297,555,117,33
1026,304,668,Shamela0021693,390,871,1129,117,33
1026,304,690,JK007107,310,1,251,125,35
1026,429,913,Sham19Y0014224,529,865,1494,268,50
1026,987,1198,Sham19Y0014224,530,20,240,160,90
1026,285,690,Sham19Y0013223,1256,970,1318,130,27
1026,1216,1453,Sham19Y0013252,574,1162,1319,90,46
1026,285,668,Shamela0021642,727,746,955,107,34
1027,811,1036,Sham19Y0013769,882,878,1110,74,43
1027,110,420,Shamela0005756,603,1313,1589,190,76
1027,1258,1498,Shia001831Vols,253,1045,1228,147,76
1027,235,420,Sham19Y0014224,529,641,849,139,83
1027,811,1036,Sham19Y0014224,530,38,305,70,25
1028,5,257,JK007054,1044,1024,1282,86,28
1028,410,802,Sham19Y0017747,690,476,753,196,60
1028,429,802,Shamela0021590,549,963,1214,193,63
1028,492,898,Shamela0005756,5012,1113,1510,255,77
1028,898,1027,Shamela0005756,5013,1,130,103,100
1028,641,1110,Sham19Y0014309,1849,63,512,333,85
1028,516,1105,JK000201,1664,440,1253,425,63
1028,1333,1454,JK000201,1665,88,208,98,99
1028,429,874,ShamAY0033531,2250,833,1506,257,45
1028,874,1105,ShamAY0033531,2251,1,203,162,87
1028,429,1027,Sham19Y0018272,1942,899,1418,392,79
1028,563,1110,Shamela0009242,1621,414,921,378,83
1028,506,937,Sham19Y0020590,134,483,982,270,61
1028,95,226,Sham19Y0018100,1245,147,278,108,100
1029,6,398,Kraken220216061221,218,1247,1564,174,50
1029,300,572,Zaydiyya0000413Vols,1651,713,852,97,42
1029,6,462,Shamela0006610,400,152,593,341,92
1029,6,462,Sham19Y0014313,1078,687,1132,351,95
1029,9,412,JK000977,826,698,1062,285,87
1029,16,462,Shia002616Vols,577,723,1105,292,81
1029,6,285,Shamela0025794,2302,1286,1552,209,92
1029,6,428,Sham19Y0014592,2814,1068,1497,333,96
1029,829,1315,Shamela0021715,2260,1097,1432,187,48
1029,6,347,Shamela0001727,487,1096,1424,257,93
1029,6,437,Sham19Y0013572,770,223,497,219,63
1029,861,1429,Shamela0009810,585,1,357,244,52
1029,6,265,ShamAY0033910,407,1337,1553,164,77
1029,280,562,ShamAY0033910,408,6,548,91,16
1029,6,437,Shamela0005756,5183,296,537,0,0
1029,982,1340,Shamela0005756,5185,19,406,238,70
1029,6,295,Sham19Y0127677,10743,1182,1459,217,92
1029,829,1315,Shamela0001673,2931,49,391,192,49
1029,9,412,Shamela0011816,117,822,1161,268,83
1029,6,562,JK000130,409,19,782,260,33
1029,9,412,Shamela0022547,1413,789,1185,291,85
1029,9,456,JK001429,24,996,1397,306,84
1029,6,412,Shamela0010922,38,675,952,100,22
1029,815,1291,Shia001831Vols,254,1,327,229,60
1029,829,1315,JK000201,1709,223,565,192,49
1029,6,562,JK000083,98,706,1048,239,51
1029,218,562,Shamela0004289,770,1,521,158,29
1029,280,572,Shamela0021502,95,1,322,129,36
1029,6,412,Sham19Y0122406,1348,787,1170,297,90
1029,319,562,Shia002265Vols,5173,631,844,78,27
1029,6,462,Sham19Y0016934,1244,1127,1392,201,55
1029,280,387,Shamela0001456,436,44,177,81,76
1029,6,412,Sham19Y0020643,344,147,383,147,45
1029,280,562,Shia002264,601,97,230,106,47
1029,6,581,Sham19Y0132524,809,924,1334,309,67
1029,843,1129,Shia001845Vols,235,1325,1546,172,75
1029,6,213,Shamela0001875,624,1309,1503,145,85
1029,213,462,Shamela0001875,625,1,248,195,98
1029,9,581,Sham19Y0037618,1651,56,512,339,73
1029,28,412,Shamela0036446,1270,1,273,203,63
1029,6,462,JK007107,335,376,818,346,93
1029,801,1133,Sham19Y0018103,1155,1082,1340,196,74
1029,6,437,Shamela0025800,2499,746,1160,328,95
1029,6,387,Sham19Y0017791,550,763,1260,136,25
1029,53,412,ShamAY0034005,343,1,336,239,78
1029,872,1541,Sham19Y0018272,1993,567,1082,389,69
1029,6,462,ShamAY0034054,248,747,1053,234,63
1029,6,462,Sham19Y0020638,406,623,1062,343,93
1029,6,412,Sham19Y0013223,1260,774,1164,304,92
1029,6,329,JK000216,428,992,1255,204,77
1029,38,462,Shamela0009823,341,1,430,332,95
1029,6,412,Shamela0012981,1590,85,418,204,54
1029,6,412,JK000475,431,1025,1363,259,78
1029,963,1291,Masaha001946Vols,1289,232,484,148,51
1029,82,428,Shamela0010549,327,497,789,160,51
1029,6,462,Shamela0023623,260,361,667,234,63
1029,986,1315,Shamela0009242,1622,1190,1396,129,48
1029,6,462,Sham19Y0017616,127,984,1428,350,95
1029,16,357,Zaydiyya0000053,243,1436,1652,148,52
1029,6,412,Shamela0037458,251,1309,1557,175,53
1029,815,1042,Sham19Y0023625,1426,1171,1517,162,54
1029,1042,1466,Sham19Y0023625,1427,1,397,287,82
1029,6,437,JK007065,807,252,669,328,94
1029,6,482,Sham19Y0148271,137,140,567,327,85
1029,6,562,JK000030,109,460,835,247,50
1029,6,412,ShamAY0033760,420,242,638,304,92
1029,9,562,ShamAY0032870,15,306,1144,251,30
1029,658,1472,Sham19Y0013605,1606,792,1161,263,40
1030,717,878,Sham19Y0020561,1472,837,1079,119,60
1030,717,885,Shamela0007891,805,157,422,124,56
1030,1444,1645,Sham19Y0123510,1197,1310,1517,165,97
1030,717,873,Sham19Y0016584,4270,797,1027,119,63
1030,730,873,Shamela0006610,400,660,861,110,66
1030,717,873,Shamela0008176,2166,422,659,120,61
1030,717,873,Shamela0001719,2270,414,648,120,62
1030,717,873,Shamela0028107,328,155,385,119,63
1030,717,873,Sham19Y0127656,761,1107,1340,119,62
1030,717,873,JK000110,1705,267,497,119,63
1030,717,885,Shamela0021715,9772,137,381,125,61
1030,717,1444,Shamela0001727,488,502,1192,215,24
1030,717,873,ShamAY0033910,407,664,871,120,70
1030,717,932,Shamela0005756,14217,493,786,138,56
1030,717,873,JK000130,408,884,1091,120,70
1030,717,873,Sham19Y0017903,367,1245,1484,119,60
1030,769,1341,Shia001831Vols,254,501,801,193,39
1030,717,873,Shamela0004289,769,598,827,119,63
1030,717,895,Sham19Y0122406,1350,811,1043,125,66
1030,717,878,Shamela0037837,833,410,646,119,61
1030,717,873,Sham19Y0001734,1204,314,559,121,60
1030,717,873,Sham19Y0037618,4390,684,914,119,63
1030,717,873,Sham19Y0018106,3851,1277,1507,119,63
1030,717,873,Shamela0036446,297,844,1059,120,67
1030,717,873,JK007107,288,542,755,120,68
1030,717,873,Sham19Y0018103,3804,134,364,119,63
1030,717,873,Shamela0025800,3168,1069,1285,120,67
1030,717,888,Shamela0096283,417,508,752,126,63
1030,717,873,Shia003732Vols,3552,1255,1496,118,59
1030,717,873,Sham19Y0014462,86,1212,1441,119,63
1030,32,604,Sham19Y0018272,1993,1082,1545,365,76
1030,717,1444,Sham19Y0020638,407,406,802,210,33
1030,717,873,JK000475,431,363,568,120,71
1030,717,873,Sham19Y0123665,851,451,684,119,62
1030,717,873,Sham19Y0013252,9519,378,608,119,63
1030,717,873,Shamela0021479,68,1201,1441,119,60
1030,717,873,Shamela0000551,999,782,1012,119,63
1030,717,873,Sham19Y0017616,124,1016,1226,119,69
1030,717,885,Shia002119Vols,1035,975,1226,125,60
1030,717,873,JK007065,265,745,955,119,69
1030,717,873,Sham19Y0018176,2305,608,838,119,63
1030,717,873,Sham19Y0014119,201,233,465,119,62
1030,717,873,Shamela0008360,242,592,826,120,62
1030,381,666,Sham19Y0013605,1605,559,824,181,71
1031,78,258,Sham19Y0123510,1198,1,181,146,100
1031,1181,1586,Sham19Y0013769,832,1288,1489,148,44
1031,714,1164,Sham19Y0016684,536,433,846,184,47
1031,676,1289,Shia001831Vols,254,793,1046,155,31
1031,793,929,ShamAY0033531,2299,1416,1555,106,94
1031,929,1160,ShamAY0033531,2300,1,228,182,96
1031,1181,1586,Sham19Y0014224,506,1004,1359,225,66
1031,1280,1586,Shamela0011036,1965,555,795,167,61
1031,945,1586,Shamela0009242,1612,488,1162,315,49
1032,416,709,JK007064,243,1070,1270,160,67
1032,273,824,Sham19Y0017350,554,754,1293,266,55
1032,296,770,Sham19Y0013769,836,473,957,343,84
1032,480,709,Shamela0006610,402,144,388,144,70
1032,409,770,Sham19Y0131521,4498,86,332,158,53
1032,267,766,Shia000234Vols,11115,7,339,253,63
1032,205,405,Shia001831Vols,254,986,1165,132,78
1032,205,984,Sham19Y0122406,1354,452,1476,511,60
1032,416,766,Sham19Y0132524,813,489,975,180,40
1032,416,766,ShamAY0033531,2274,30,286,204,72
1032,1092,1369,ShamAY0033531,2295,1052,1373,212,81
1032,519,778,Sham19Y0014224,510,1104,1299,121,55
1032,6,409,Masaha001946Vols,811,123,527,201,53
1032,364,766,Masaha001946Vols,812,138,518,263,77
1032,267,766,Shamela0007342,269,33,512,210,46
1032,416,766,Shamela0009242,1625,958,1214,203,72
1032,1031,1369,Shamela0009242,1632,105,470,230,78
1032,416,709,Shamela0007264,88,1129,1328,160,67
1032,416,766,Sham19Y0014601,4681,1202,1454,200,71
1032,258,598,Sham19Y0013783,657,27,233,156,57
1032,386,766,Sham19Y0150962,1029,1009,1334,222,66
1032,165,766,Shamela0000791,253,147,741,458,94
1033,634,782,JK007083,99,68,209,103,85
1033,1023,1180,Shia001432Vols,27231,1382,1543,122,93
1033,137,647,Sham19Y0013769,839,820,1107,114,23
1033,634,1047,Shamela0008176,2248,362,1037,223,36
1033,634,1091,JK000977,832,803,1368,163,29
1033,1028,1343,Shamela0001719,4436,640,1317,117,18
1033,634,759,Shamela0025794,3596,878,1001,93,92
1033,634,1091,Shamela0001727,491,30,381,150,31
1033,1028,1343,ShamAY0033910,405,104,530,111,25
1033,1028,1343,JK000130,406,325,751,114,26
1033,553,802,JK000271,132,997,1251,122,47
1033,451,759,Sham19Y0017903,355,237,546,119,40
1033,634,759,Sham19Y0014827,997,340,463,93,92
1033,1047,1259,ShamAY0033523,373,129,414,139,61
1033,634,759,Shamela0004289,747,132,255,93,92
1033,567,752,Sham19Y0122406,1357,1150,1485,135,50
1033,647,1091,Sham19Y0122406,1358,161,636,170,34
1033,634,782,Shamela0001875,619,681,827,103,83
1033,634,782,JK007107,315,456,609,102,82
1033,451,759,Sham19Y0017729,180,558,860,119,41
1033,137,647,Sham19Y0014224,509,1176,1363,103,22
1033,634,759,Sham19Y0020638,408,1240,1363,93,92
1033,1057,1343,Sham19Y0020638,409,1,471,173,46
1033,1028,1259,JK000475,428,1113,1414,86,25
1033,1047,1259,ShamAY0035960,373,491,776,139,61
1033,634,759,Sham19Y0017616,126,202,325,93,92
1033,1028,1277,Shia002119Vols,982,208,581,87,21
1033,634,787,JK007065,302,476,639,103,78
1033,723,1008,Sham19Y0122257,1001,467,709,145,59
1034,483,658,Shia001432Vols,27232,692,866,141,99
1034,93,466,Sham19Y0017747,715,309,927,188,36
1034,908,1330,JK000201,1658,24,630,272,49
1034,303,478,JK000201,1700,490,715,105,55
1034,483,903,Shia001845Vols,234,358,726,178,44
1034,110,308,Sham19Y0013252,2544,864,1112,149,74
1034,313,483,Shamela0009242,1666,5,164,95,65
1034,483,693,Sham19Y0020590,136,1160,1378,134,68
1034,520,658,Sham19Y0017063,360,326,455,99,85
1034,483,674,Shamela0000791,259,1185,1370,146,94
1034,1,483,Shamela0000791,262,996,1283,231,58
1035,334,613,JK007054,938,765,1033,183,81
1035,1241,1423,Sham19Y0017747,713,79,245,125,85
1035,421,613,Sham19Y0131521,7640,292,485,149,98
1035,1217,1357,Sham19Y0127700,503,173,309,96,82
1035,48,401,Shia001831Vols,255,460,667,156,54
1035,928,1199,Sham19Y0122406,1366,626,918,207,87
1035,16,229,Sham19Y0145212,1311,865,1112,151,75
1035,861,1199,Sham19Y0132524,821,123,465,218,74
1035,208,401,ShamAY0033531,2255,995,1471,139,34
1035,1308,1423,ShamAY0033531,2315,197,312,90,97
1035,928,1228,JK000778,1079,398,892,174,43
1035,741,1139,Sham19Y0018272,1659,1038,1455,236,64
1035,48,618,Shamela0009242,1647,865,1212,267,57
1035,1236,1447,Shamela0009242,1656,1200,1430,150,81
1035,1391,1535,Sham19Y0011194,279,1210,1354,117,100
1035,1347,1535,Shamela0000791,261,124,312,145,93
1036,399,702,Sham19Y0145166,854,981,1257,211,84
1036,295,560,ShamAY0035035,9556,1186,1467,160,66
1036,560,787,ShamAY0035035,9557,1,233,176,94
1036,169,403,Shia000841Vols,2455,473,828,131,41
1036,211,511,Sham19Y0122236,288,419,792,152,48
1036,207,787,Shamela0000432,4726,734,1279,336,72
1036,124,787,Shamela0026568,1296,1,564,359,67
1036,130,936,JK000201,1693,722,1479,513,70
1036,124,787,Shamela0023685,1466,906,1470,359,67
1036,235,389,Sham19Y0145212,1321,1198,1536,100,35
1036,252,688,Sham19Y0145212,2895,85,772,240,40
1036,82,230,Sham19Y0145212,4210,1413,1547,108,90
1036,235,974,ShamAY0032249,620,714,1265,418,69
1036,86,235,Sham19Y0011194,279,1365,1514,118,98
1036,86,511,Sham19Y0122257,1014,850,1327,280,63
1036,6,572,Sham19Y0017063,367,643,1526,394,52
1036,624,994,Sham19Y0017063,368,1,193,129,43
1036,246,974,Sham19Y0150962,1033,618,1273,326,44
1036,82,230,Shamela0000791,261,1306,1454,119,100
1036,130,974,Shamela0000791,275,231,818,346,48
1037,786,1330,Sham19Y0017350,581,31,687,225,37
1037,786,1498,Sham19Y0013769,876,828,1566,465,72
1037,310,805,Sham19Y0131521,4526,13,418,245,54
1037,723,1164,Sham19Y0122406,1367,794,1196,244,65
1037,429,805,Sham19Y0122406,4756,685,1032,208,65
1037,440,727,ShamAY0033531,2323,49,354,228,92
1037,786,1107,Sham19Y0014224,525,1170,1535,212,72
1037,1107,1544,Sham19Y0014224,526,10,450,351,98
1037,857,1330,Shamela0009873,2151,6,277,174,43
1037,864,1363,Shamela0000791,274,1014,1509,394,98
1037,1369,1544,Shamela0000791,275,5,179,143,99
1038,368,1228,Shia001432Vols,27232,113,692,435,60
1038,368,739,Shamela0021495,182,49,349,228,74
1038,389,709,Shamela0006610,411,747,1269,175,41
1038,1257,1563,Sham19Y0131521,4533,88,341,134,52
1038,389,687,Shamela0001727,492,399,1239,171,25
1038,73,258,Rafed0000040Vols,1010,1230,1413,135,88
1038,6,151,Shamela0006947,17811,290,435,116,100
1038,6,215,JK000201,1696,1333,1498,132,78
1038,389,575,Shamela0004289,765,990,1382,106,32
1038,389,575,Sham19Y0122406,1360,417,1114,136,24
1038,485,709,Sham19Y0132524,819,1073,1338,132,59
1038,720,1228,Shia001845Vols,234,6,358,272,65
1038,389,535,Shamela0001875,631,489,628,108,91
1038,37,250,ShamAY0033531,2321,397,626,159,87
1038,389,602,JK007107,325,976,1467,158,40
1038,389,652,Shamela0025800,3153,1127,1390,133,55
1038,389,616,Sham19Y0020638,409,481,788,113,39
1038,44,321,Shamela0009242,1662,991,1306,110,37
1038,389,709,Sham19Y0017616,125,1061,1246,124,49
1038,368,642,Sham19Y0020590,136,895,1153,133,47
1038,389,682,JK007065,623,1055,1409,141,47
1038,389,709,Sham19Y0122257,999,885,1052,121,47
1038,426,709,Sham19Y0017063,360,455,773,107,35
1038,255,368,Sham19Y0017063,368,552,779,59,33
1038,709,1228,Shamela0000791,259,687,1185,400,94
1039,862,1319,Sham19Y0013667,2835,556,851,193,51
1039,760,1119,Shamela0006610,406,30,298,132,43
1039,905,1319,Shamela0008540,1919,447,694,190,57
1039,905,1319,Shamela0011428,795,5,253,187,56
1039,212,606,Sham19Y0131521,4493,1,275,199,62
1039,905,1319,Shamela0005756,4805,962,1207,188,57
1039,862,1319,Shamela0005756,5018,396,685,181,48
1039,525,1100,ShamAY0038413,202,887,1125,113,24
1039,570,1401,Sham19Y0014452,186,52,1091,297,29
1039,905,1319,Shamela0000427BK2,1829,108,356,186,56
1039,12,512,ShamAY0033522,276,401,987,182,28
1039,82,539,JK000201,1670,1052,1506,207,40
1039,884,1393,JK000201,1671,1001,1494,388,95
1039,299,472,Shamela0009702,236,1462,1588,87,63
1039,41,724,ShamAY0033531,2263,802,1507,212,26
1039,12,281,Shia003461Vols,774,1038,1210,64,23
1039,884,1097,Shamela0010657,614,1237,1442,159,90
1039,1097,1454,Shamela0010657,615,1,361,271,92
1039,154,398,Shamela0009242,1640,1322,1528,128,65
1039,565,746,Shamela0009242,1641,9,216,114,67
1039,797,1389,Shamela0009242,1641,902,1523,375,71
1039,222,521,Sham19Y0017063,361,983,1335,169,52
1039,27,597,Shamela0010517,825,747,1201,92,12
1040,735,865,JK000787BK1,1001,156,286,92,87
1040,590,741,Sham19Y0014299,94,1311,1462,122,100
1040,741,1069,Shamela0021590,579,1053,1507,198,45
1040,16,146,Shamela0001727,498,53,214,100,78
1040,108,527,Sham19Y0122401,989,645,989,240,66
1040,643,1398,ShamIbadiyya0000433,710,1,610,373,56
1040,735,865,Shamela0021619BK2,2779,396,526,92,87
1040,16,146,Sham19Y0122406,1371,1219,1380,100,78
1040,23,329,Sham19Y0122406,1373,1077,1320,186,76
1040,1255,1455,Sham19Y0122406,1375,590,849,125,56
1040,1236,1431,ShamAY0032249,618,587,813,144,76
1040,23,146,Shamela0026484,99,1204,1353,89,74
1040,694,900,Masaha001864Vols,5309,1,196,157,94
1040,70,329,Sham19Y0013252,2605,485,691,151,71
1040,86,527,Shamela0000551,942,211,506,183,51
1040,735,865,Shamela0012052,2499,1356,1484,92,89
1040,562,1479,Shamela0009242,1704,183,1020,541,65
1040,86,323,Shamela0021474,49,506,734,139,65
1040,1283,1455,Sham19Y0017063,378,1045,1211,130,90
1041,107,465,Shia002206,70,457,820,268,91
1041,101,297,Shamela0009357,2,638,836,143,89
1041,101,297,Shamela0010025,3,514,712,146,90
1041,96,465,Shamela0001727,498,878,1262,279,92
1041,107,297,ShamAY0032864,20,626,840,137,81
1041,107,465,Sham19Y0127677,8696,644,1006,276,96
1041,151,730,Shamela0011385,3915,298,1111,193,23
1041,96,1010,Sham19Y0013253,300,84,902,524,66
1041,101,297,Shamela0026813,53,505,726,138,79
1041,13,465,Sham19Y0122406,1374,1091,1503,305,83
1041,306,1140,Sham19Y0122406,1377,27,1137,497,52
1041,362,798,Sham19Y0132524,830,442,873,137,27
1041,101,297,Shia003461Vols,59,760,969,123,75
1041,107,297,Shamela0029738,19,1226,1440,137,81
1041,107,297,ShamAY0032839,3,673,883,137,82
1041,134,465,Masaha001864Vols,2292,396,733,248,92
1041,134,802,Shamela0003722,3607,941,1389,200,32
1041,101,297,Shamela0003722,3608,864,1076,142,83
1041,147,297,JK000475,1886,1089,1230,95,78
1041,101,297,Sham19Y0148271,2310,286,486,152,93
1042,333,465,Masaha003955Vols,891,345,471,100,93
1042,581,1551,Shamela0025791,848,364,1031,334,35
1042,217,1435,Shia001831Vols,256,315,807,338,34
1042,570,783,Shamela0006262,5,1195,1368,75,39
1042,570,783,Sham19Y0122406,1375,396,569,75,39
1042,570,783,ShamAY0038419,110,1051,1224,75,39
1042,901,1583,ShamAY0038419,111,253,687,269,44
1042,574,783,Shamela0001875,663,623,792,72,38
1042,901,1523,Shia003461Vols,794,6,295,179,34
1042,570,783,ShamAY0034383,546,560,733,75,39
1042,570,783,Masaha001864Vols,2292,1142,1308,75,40
1042,845,1157,Masaha001864Vols,5309,371,683,253,98
1042,570,783,Shamela0023695,789,1265,1440,74,39
1042,581,1546,Shamela0012052,2007,292,947,320,33
1042,901,1583,Sham19Y0017616,574,462,762,167,29
1042,1316,1583,ShamAY0038405,204,439,611,66,26
1043,972,1437,Sham19Y0020561,1495,217,351,101,26
1043,44,248,ShamAY0035035,2817,192,567,136,41
1043,991,1595,ShamAY0035035,9681,1008,1233,149,31
1043,972,1518,JK000977,849,594,844,97,19
1043,991,1595,JK010001,1050,41,250,162,34
1043,972,1595,ShamAY0034447,2024,260,687,183,30
1043,44,256,Masaha003955Vols,441,991,1360,132,40
1043,39,256,Shamela0025794,4929,805,1199,143,41
1043,972,1595,Tafsir07055,1116,1101,1348,192,39
1043,39,256,Shamela0001727,499,591,980,151,44
1043,972,1595,Shamela0001727,500,15,262,192,39
1043,39,256,Sham19Y0127677,6295,365,589,151,73
1043,39,256,Sham19Y0127677,8697,324,709,151,44
1043,1437,1584,Shia001831Vols,256,870,1016,113,99
1043,1366,1595,Shamela0004289,767,897,1159,151,73
1043,39,256,Shamela0021502,81,838,1218,139,40
1043,39,238,Sham19Y0122406,1375,1177,1554,141,43
1043,972,1595,Sham19Y0122406,1378,505,752,192,39
1043,991,1432,Sham19Y0038171,2439,895,1241,124,32
1043,842,1595,Shamela0001875,664,339,572,137,22
1043,98,256,ShamAY0034134,1079,567,747,124,80
1043,44,256,JK000381,3553,1131,1516,144,42
1043,44,348,Shamela0036446,303,767,1192,159,39
1043,39,291,JK007107,346,288,720,154,40
1043,972,1595,Shamela0011620,302,1209,1365,118,23
1043,39,256,ShamAY0034383,546,935,1340,149,42
1043,39,256,Masaha001864Vols,2293,36,437,151,43
1043,92,967,Masaha001864Vols,5309,677,1559,713,98
1043,986,1432,Shamela0011468BK1,594,252,374,90,25
1043,98,348,Shamela0011468BK1,632,760,1263,149,35
1043,962,1250,Sham19Y0095660,2151,427,645,145,54
1043,39,348,Shamela0023695,790,75,582,145,28
1043,39,256,ShamAY0038405,204,579,1031,151,40
1043,337,967,ShamAY0035249,127,1,639,515,98
1043,972,1306,Sham19Y0014601,4706,862,1515,197,34
1043,44,238,Sham19Y0148271,2310,1167,1535,136,42
1044,1,151,Sham19Y0148486,2289,728,889,107,84
1044,1140,1555,Sham19Y0017747,684,206,649,246,61
1044,1,485,Shamela0002863,906,1114,1471,131,26
1044,1144,1542,ShamIbadiyya0000229,1981,1,154,121,38
1044,1279,1555,Sham19Y0131521,4488,839,1340,204,48
1044,676,964,Sham19Y0131521,5105,610,1033,171,47
1044,1,123,Shamela0009810,612,1262,1387,95,94
1044,1279,1542,Sham19Y0127677,6124,262,411,109,51
1044,1,469,Shamela0011385,3124,743,1224,160,30
1044,1,123,Zaydiyya0000030,25,1185,1331,97,82
1044,676,959,Shamela0004473,8495,753,1072,200,72
1044,1,123,Shia001731Vols,331,231,356,95,94
1044,1,232,Shamela0005922,1444,741,928,127,68
1044,123,327,Shia001831Vols,256,1034,1239,155,92
1044,1140,1555,JK000201,1717,691,1356,298,51
1044,1,123,Shamela0023628,1733,818,940,98,100
1044,1,123,Shia002264,602,1173,1296,96,97
1044,1228,1555,Shia001845Vols,240,1001,1272,134,44
1044,1,123,Sham19Y0038171,2435,574,696,97,99
1044,1,123,Sham19Y0038171,2439,1119,1241,97,99
1044,14,123,Shamela0001438,651,1218,1328,85,96
1044,1,123,Sham19Y0017791,571,249,371,97,99
1044,1,123,Sham19Y0146127,1192,338,459,96,98
1044,1,123,Sham19Y0016976,615,283,405,97,99
1044,1,123,Sham19Y0014119,212,107,229,97,99
1044,14,232,Sham19Y0017063,378,1,510,160,39
1045,1069,1227,Sham19Y0013769,887,205,459,90,42
1045,1273,1596,Sham19Y0013769,887,997,1295,194,67
1045,1,491,Sham19Y0017747,683,1055,1505,201,37
1045,275,472,ShamIbadiyya0000229,1979,1204,1420,157,91
1045,7,623,ShamIbadiyya0000229,1981,169,978,199,21
1045,879,1385,Shamela0026568,1146,627,1095,310,73
1045,1243,1546,Sham19Y0014309,1205,1259,1547,199,73
1045,1,169,JK000201,1717,1356,1525,135,99
1045,169,913,JK000201,1718,1,763,580,94
1045,900,1385,Shamela0023685,1319,125,580,307,76
1045,357,844,Sham19Y0132524,831,12,894,271,37
1045,895,1353,Sham19Y0018103,1172,759,1016,136,35
1045,983,1466,Sham19Y0014224,531,1102,1585,293,64
1045,1,505,Shamela0009242,1611,862,1171,144,28
1045,895,1381,Sham19Y0013605,1625,501,902,226,55
1046,1399,1640,Sham19Y0017350,592,579,813,180,90
1046,1211,1349,Sham19Y0013667,3139,1024,1183,106,83
1046,1,365,Sham19Y0013769,887,1295,1628,239,74
1046,365,589,Sham19Y0013769,888,1,270,180,81
1046,1403,1640,Sham19Y0013769,899,992,1228,171,86
1046,816,1305,Sham19Y0013769,902,1,585,226,36
1046,659,975,Sham19Y0017747,767,792,1061,196,73
1046,8,166,Shamela0008540,1976,1032,1190,122,91
1046,1378,1640,Shamela0008540,1976,1159,1433,193,86
1046,1114,1349,Shamela0008540,1979,1210,1445,187,97
1046,30,386,Shamela0026568,1146,1273,1578,189,64
1046,386,589,Shamela0026568,1147,18,222,166,97
1046,1378,1583,Shamela0005756,5320,1336,1559,153,85
1046,19,166,Shamela0005756,5320,1220,1367,120,99
1046,1118,1349,Shamela0005756,5324,932,1164,188,99
1046,1182,1349,Shamela0005756,5590,392,534,106,79
1046,1,589,Sham19Y0014309,1206,52,540,373,75
1046,30,589,Shamela0023685,1319,765,1330,350,69
1046,1,624,Sham19Y0014224,532,132,691,452,87
1046,706,1305,Sham19Y0014224,539,828,1571,433,70
1046,1355,1640,Sham19Y0014224,540,1036,1319,191,77
1046,624,1065,Sham19Y0018272,1874,46,376,241,63
1046,652,1305,Sham19Y0017063,389,165,668,340,62
1046,681,1305,Sham19Y0013605,1637,342,883,223,34
1047,1049,1556,Sham19Y0017350,592,877,1077,145,35
1047,1043,1254,ShamIbadiyya0000438,338,1403,1626,150,76
1047,1254,1531,ShamIbadiyya0000438,339,1,299,216,88
1047,991,1550,Sham19Y0013769,900,1,755,387,59
1047,167,768,Sham19Y0013769,903,62,599,375,74
1047,1099,1472,ShamAY0034227,3412,458,744,209,67
1047,1077,1556,Shamela0008540,1972,964,1459,322,72
1047,1,312,Shamela0008540,1976,1433,1651,148,59
1047,312,761,Shamela0008540,1977,1,469,336,86
1047,705,1049,Shamela0008540,1979,261,631,251,80
1047,1,761,Shamela0005756,5321,58,731,478,75
1047,789,1049,Shamela0005756,5323,587,855,192,83
1047,1086,1531,ShamAY0033522,283,560,815,186,51
1047,414,1043,Sham19Y0122406,1386,1,639,263,44
1047,1254,1550,Sham19Y0122406,1387,255,494,146,61
1047,1279,1481,Sham19Y0132524,839,717,884,92,55
1047,271,1043,Sham19Y0132524,842,313,1009,310,43
1047,1269,1556,Sham19Y0014224,538,882,1184,213,86
1047,93,757,Sham19Y0014224,541,271,969,455,74
1047,1077,1531,Sham19Y0018272,1874,444,757,211,54
1047,1049,1325,Sham19Y0017063,389,1319,1565,171,75
1048,380,709,Sham19Y0014469,167,780,1042,138,46
1048,16,648,Shamela0021495,198,1158,1412,146,27
1048,945,1377,Sham19Y0017350,590,249,781,296,65
1048,16,464,Sham19Y0017350,592,1040,1557,327,77
1048,464,993,Sham19Y0017350,593,1,594,405,81
1048,1020,1540,Sham19Y0013667,2965,850,1404,366,75
1048,1108,1658,Sham19Y0013769,896,828,1606,272,38
1048,16,728,Sham19Y0013769,900,725,1572,517,71
1048,326,940,ShamAY0034227,3412,749,1091,241,48
1048,1,699,Sham19Y0017747,766,926,1313,300,53
1048,56,940,Shamela0008540,1973,7,876,695,96
1048,964,1658,Shamela0008540,1974,117,824,482,76
1048,380,739,Sham19Y0014299,410,501,800,163,48
1048,380,684,Shamela0021715,2334,240,463,119,44
1048,1002,1658,Shamela0005756,5315,777,1430,482,86
1048,380,684,Shamela0001673,3062,131,357,118,44
1048,93,772,Sham19Y0122406,1387,548,1525,400,46
1048,873,1658,Sham19Y0122406,1388,213,800,210,27
1048,117,739,JK009324,1035,906,1271,166,29
1048,42,747,Sham19Y0132524,839,144,1093,385,46
1048,331,633,Sham19Y0014224,538,1188,1542,203,66
1048,633,993,Sham19Y0014224,539,1,467,269,67
1048,964,1540,Sham19Y0018272,1874,804,1129,192,35
1048,380,684,Shamela0000551,1006,16,238,115,43
1048,396,684,Shamela0009242,1726,408,585,107,46
1048,1502,1658,Sham19Y0017063,389,755,904,121,95
1049,84,213,Sham19Y0013667,3129,1471,1592,93,88
1049,1,847,Sham19Y0013667,3130,80,918,645,92
1049,56,847,Sham19Y0013769,897,1,771,610,93
1049,1,847,Shia000841Vols,2700,366,1234,674,94
1049,1,847,Shamela0008540,1974,824,1666,665,95
1049,701,847,Shia002702Vols,4238,787,928,113,92
1049,113,856,Shamela0005756,5316,1,724,572,94
1049,1,550,MMS00009,3,943,1401,317,69
1049,1,523,Shamela0009790,384,1106,1544,320,73
1049,84,394,Shamela0000427BK2,1990,1224,1647,180,44
1049,947,1439,Shia001831Vols,257,481,725,172,42
1049,1257,1439,ShamAY0033522,283,1027,1197,136,92
1049,1,529,Shamela0021619BK2,658,744,1077,253,59
1049,1,550,Sham19Y0122406,1388,800,1344,400,89
1049,80,504,Sham19Y0013631,2520,1136,1445,243,71
1049,1,847,Shamela0021723,133,74,742,535,77
1049,1,847,Shia003732Vols,3709,609,1287,516,74
1049,1,847,Sham19Y0014224,537,129,970,662,94
1049,1,847,Shamela0012052,777,790,1240,333,47
1049,1,558,Shamela0021642,843,777,1169,263,56
1049,1,523,Sham19Y0017063,389,904,1309,319,75
1050,1311,1588,JK000201,1282,886,1162,224,99
1050,679,1023,JK000201,1283,557,881,244,84
1050,600,1209,Sham19Y0122406,1391,61,615,248,39
1050,1154,1577,Sham19Y0132524,843,6,504,138,23
1050,1222,1463,ShamAY0033531,1260,1155,1417,176,81
1050,679,1354,Shamela0009242,1746,222,679,327,58
1051,90,540,Sham19Y0017350,595,531,1085,239,52
1051,146,329,Sham19Y0013769,903,1150,1543,103,31
1051,522,711,Sham19Y0013769,904,1426,1634,140,81
1051,288,441,ShamIbadiyya0000229,2214,780,933,119,97
1051,146,492,JK000201,1264,925,1269,272,99
1051,146,492,Sham19Y0014224,542,167,994,191,27
1051,466,1120,Sham19Y0014224,543,144,872,349,50
1051,1101,1526,Shamela0009242,1761,735,1491,214,34
1051,1320,1520,Sham19Y0017063,384,5,171,128,79
1051,109,486,Sham19Y0013605,1685,876,1218,134,36
1051,1053,1526,Shamela0010517,895,1018,1566,309,63
1052,1,238,Sham19Y0017350,602,510,770,187,89
1052,1,238,Sham19Y0013769,912,1182,1445,184,85
1052,1,418,Shamela0003055,1221,1290,1565,221,65
1052,62,652,Shamela0008540,2085,993,1567,436,90
1052,652,1484,Shamela0008540,2086,1,812,620,90
1052,1006,1484,JK000201,1330,874,1353,278,58
1052,1,418,ShamAY0033531,1284,441,833,316,93
1052,1,423,Sham19Y0018103,1209,770,1019,191,56
1052,1,238,Sham19Y0014224,549,397,636,185,94
1052,418,1295,Sham19Y0014224,550,796,1532,338,43
1052,54,1348,Shamela0009242,1762,1,1246,860,76
1052,29,1529,Sham19Y0017063,384,171,819,429,35
1052,1,238,Sham19Y0013605,1668,841,1045,157,83
1052,40,341,Shamela0010517,896,1,304,235,96
1053,699,823,Shamela0021495,215,341,635,98,41
1053,40,578,Sham19Y0017747,781,303,960,271,44
1053,1212,1399,Sham19Y0131521,2337,859,1410,105,22
1053,984,1322,Sham19Y0013253,365,1069,1491,201,59
1053,180,407,JK000201,1325,956,1184,176,89
1053,412,1198,Sham19Y0122406,1398,748,1523,276,33
1053,407,875,Sham19Y0132524,847,630,1048,157,35
1053,260,758,Sham19Y0014224,557,732,1354,361,71
1053,718,1483,Sham19Y0014224,558,1,841,452,58
1054,761,1539,JK000201,1326,628,1421,576,87
1054,234,398,Sham19Y0014224,558,865,1062,105,68
1054,819,1022,Sham19Y0014224,561,1114,1315,154,91
1054,57,330,Shamela0010517,925,789,1059,216,98
1055,1173,1475,Sham19Y0017350,613,1,310,238,96
1055,1021,1545,Sham19Y0013667,3173,463,1000,396,88
1055,1017,1179,Sham19Y0013769,929,1402,1565,127,90
1055,1179,1545,Sham19Y0013769,930,1,364,251,81
1055,460,1297,Shamela0003055,1209,1202,1518,229,33
1055,1297,1522,Shamela0003055,1210,30,200,124,68
1055,1017,1545,Shamela0008540,2070,727,1284,411,91
1055,63,279,JK000201,1327,1,196,156,86
1055,460,938,Sham19Y0014224,559,123,703,336,72
1055,1017,1538,Sham19Y0014224,561,412,940,392,89
1055,1,269,Sham19Y0014224,562,145,423,175,70
1056,395,559,Sham19Y0020944,348,535,723,112,70
1056,496,844,Sham19Y0017350,613,726,1513,250,39
1056,849,1148,Sham19Y0017350,614,7,316,220,87
1056,395,547,Sham19Y0013667,3168,1182,1330,99,82
1056,1,146,Sham19Y0013667,3173,1000,1144,109,93
1056,602,876,Sham19Y0013769,933,1236,1555,190,67
1056,876,1148,Sham19Y0013769,934,1,273,200,90
1056,395,547,Shamela0000767,1304,952,1123,112,80
1056,395,559,Sham19Y0148486,2454,605,807,118,72
1056,410,559,JK006897,202,970,1144,115,84
1056,410,547,Shamela0021744,961,16,177,105,82
1056,395,559,Shamela0001719,749,236,423,112,71
1056,406,547,JK000299,829,18,152,98,87
1056,1,146,Shamela0008540,2070,1284,1428,108,91
1056,395,559,Sham19Y0131521,2340,729,917,112,70
1056,599,919,Sham19Y0131521,2347,658,983,253,94
1056,410,559,Shamela0001727,504,1085,1259,115,84
1056,1282,1482,Shamela0001727,505,1,403,94,30
1056,491,769,Sham19Y0017437,768,644,1085,128,35
1056,395,959,Shamela0005756,5680,994,1368,207,43
1056,395,559,Shamela0117359,420,67,255,112,70
1056,395,547,Shamela0006947,4140,956,1147,92,53
1056,410,731,Shamela0000427BK2,2134,147,709,169,38
1056,1228,1482,JK000785,684,763,1221,101,24
1056,410,602,Sham19Y0017903,380,965,1162,122,71
1056,395,547,ShamAY0033181,502,1019,1207,115,77
1056,151,392,JK000201,1327,234,465,166,81
1056,410,559,Shamela0005815,143,692,865,112,82
1056,395,547,Shamela0004482,260,1205,1337,98,81
1056,410,559,Sham19Y0122406,1403,561,735,115,84
1056,1203,1482,Sham19Y0122406,1404,78,553,152,40
1056,410,565,Sham19Y0132524,849,926,1105,118,83
1056,410,565,Shamela0001875,695,712,888,115,81
1056,395,547,Sham19Y0036114,339,40,188,99,82
1056,395,559,Zaydiyya0000080,333,127,342,125,74
1056,410,559,Sham19Y0017729,191,1001,1172,110,81
1056,410,559,Sham19Y0132415,864,805,976,114,83
1056,645,1120,Sham19Y0014224,559,985,1467,349,88
1056,1,141,Sham19Y0014224,561,958,1093,108,96
1056,410,559,Sham19Y0020638,418,804,978,115,84
1056,395,559,Sham19Y0020591,588,550,738,112,70
1056,670,1131,Sham19Y0013252,2959,24,464,319,83
1056,395,559,Sham19Y0146127,1287,463,647,106,67
1056,410,559,Shamela0006700,493,533,703,111,81
1056,674,1091,Shamela0009242,1809,591,822,145,44
1056,410,559,Sham19Y0017616,138,340,514,115,84
1056,480,769,Sham19Y0013605,1733,150,315,105,45
1056,410,559,Shamela0010517,923,225,399,115,84
1057,974,1150,Sham19Y0013253,367,350,588,137,69
1057,1217,1419,Shamela0000140,1700,6,205,153,91
1057,514,1477,Sham19Y0122406,1406,55,977,277,26
1057,1166,1562,Sham19Y0122406,1407,1077,1465,199,53
1057,1199,1545,Sham19Y0018144,4497,40,513,155,34
1057,1166,1419,Shamela0011036,975,1196,1462,193,89
1057,1433,1562,Shamela0011036,976,1201,1423,90,52
1057,998,1559,Shamela0009242,1712,531,1279,359,53
1057,880,1477,Sham19Y0122257,1050,621,877,122,23
1057,1443,1562,Sham19Y0014601,2743,1013,1144,93,89
1057,1183,1562,Sham19Y0017063,380,688,1160,247,64
1058,1011,1380,Sham19Y0016636,787,404,562,77,28
1058,1011,1380,Shamela0001727,506,926,1084,77,28
1058,1011,1380,Shamela0012014,270,1033,1191,77,28
1058,1011,1380,Sham19Y0017903,385,724,882,77,28
1058,307,1268,Shia001831Vols,258,30,437,267,33
1058,1389,1565,ShamAY0034249,1230,1219,1411,94,54
1058,250,1380,Shamela0000140,1701,643,1510,301,25
1058,848,1380,Sham19Y0132524,853,989,1345,131,28
1058,1011,1380,Sham19Y0017729,193,315,470,78,28
1058,259,380,Sham19Y0017729,559,1069,1190,100,100
1058,1011,1380,JK007116,33,531,689,77,28
1058,1,144,Shamela0011036,976,1423,1550,100,88
1058,285,1565,Shamela0011036,977,14,1070,610,50
1058,90,434,Shamela0009242,1712,1148,1542,107,22
1058,1011,1380,Sham19Y0017616,133,697,855,77,28
1058,179,671,Sham19Y0122257,1050,339,813,87,13
1058,90,285,Sham19Y0122257,1051,1070,1240,54,23
1058,1,125,Sham19Y0014601,2743,1144,1268,97,100
1058,1,922,Sham19Y0017063,380,1160,1432,205,26
1058,1092,1565,Sham19Y0017063,381,1206,1538,188,47
1058,1011,1380,Shamela0008360,270,773,928,76,27
1059,728,973,Shamela0021629,293,1218,1365,92,45
1059,567,973,Sham19Y0148486,2373,24,279,130,39
1059,567,973,Shamela0008176,2387,267,515,127,38
1059,567,973,Sham19Y0016636,787,821,1077,128,38
1059,567,973,ShamIbadiyya0000229,2170,577,822,125,38
1059,1309,1558,Shamela0008540,2128,1020,1241,173,86
1059,567,787,Shamela0001727,506,1267,1434,79,43
1059,728,973,Shamela0012014,271,56,200,94,47
1059,567,973,Sham19Y0017903,385,1065,1313,127,38
1059,441,1431,Shia001831Vols,258,403,666,200,25
1059,567,973,Shamela0000140,1703,357,605,127,38
1059,734,1012,Shamela0000140,1704,192,649,104,28
1059,928,1201,ShamAY0033522,404,865,1162,132,47
1059,738,973,Shamela0029900,29,298,582,76,28
1059,567,787,Sham19Y0122406,1412,1296,1463,79,43
1059,1315,1543,Sham19Y0122406,1417,1283,1545,144,61
1059,567,973,Sham19Y0145212,1370,913,1161,127,38
1059,567,973,Sham19Y0132524,854,834,1082,127,38
1059,567,973,Shamela0001875,744,383,542,96,29
1059,127,363,ShamAY0033531,1318,1364,1550,139,69
1059,567,985,Sham19Y0018144,945,905,1283,115,29
1059,567,973,JK007107,350,1116,1364,127,38
1059,567,973,Sham19Y0017729,193,655,904,127,38
1059,567,973,Sham19Y0020638,420,241,489,127,38
1059,567,787,Shamela0021766,1825,1174,1332,76,38
1059,621,883,Sham19Y0013252,4354,121,298,123,58
1059,567,973,JK007116,33,872,1120,128,39
1059,728,973,Sham19Y0146127,1241,581,806,106,48
1059,567,973,Shamela0011036,966,718,966,128,39
1059,571,973,Shamela0011036,967,37,281,126,38
1059,1,408,Shamela0011036,977,1070,1643,296,61
1059,432,815,Shamela0011036,978,1185,1590,230,61
1059,824,1285,Shamela0011036,979,6,480,317,72
1059,1309,1558,Shamela0009242,1711,1125,1368,181,88
1059,529,973,Shamela0009242,1713,450,858,131,25
1059,127,408,Shamela0009242,1714,435,667,175,74
1059,567,973,Sham19Y0017616,133,1038,1286,127,38
1059,567,973,Sham19Y0122257,1053,139,386,125,38
1059,450,1044,Sham19Y0017063,381,776,1338,187,32
1059,567,973,Shamela0008360,270,1113,1363,127,38
1060,1393,1545,Shamela0000761,477,61,228,115,85
1060,1,233,Shamela0008540,2128,1241,1472,184,98
1060,233,500,Shamela0008540,2129,1,260,194,91
1060,1,481,Sham19Y0122406,1418,16,575,308,64
1060,1,327,Sham19Y0132524,855,622,833,139,52
1060,1,481,ShamAY0033531,1317,540,755,146,37
1060,1403,1556,Shamela0028100,878,810,983,112,79
1060,777,1051,Sham19Y0020638,421,1079,1455,102,24
1060,110,481,Shamela0009242,1712,1,343,252,83
1060,500,999,Shamela0009242,1713,57,833,322,47
1061,648,1334,Shamela0008540,2130,595,1242,502,88
1061,644,879,Sham19Y0131521,2410,1380,1581,135,63
1061,1161,1320,Sham19Y0131521,2411,62,205,118,89
1061,270,794,Shia001831Vols,258,785,1046,191,45
1061,564,1320,Sham19Y0122406,1417,165,1189,433,46
1061,11,322,Sham19Y0122406,1418,667,1292,175,34
1061,341,633,Shamela0001875,745,958,1115,113,48
1061,871,1344,ShamAY0033733,162,812,1128,217,53
1061,871,1344,Shamela0012052,876,834,1161,220,53
1061,6,317,Sham19Y0017063,382,470,728,171,64
1062,702,858,Sham19Y0148486,6279,310,572,109,53
1062,753,1308,ShamAY0035035,1885,8,264,121,28
1062,626,858,Kraken220218125253,249,249,811,126,28
1062,434,570,Shamela0008540,2033,1354,1490,106,97
1062,420,616,Sham19Y0131521,2312,334,539,111,62
1062,626,1308,Shamela0001727,510,307,842,179,27
1062,702,1308,Sham19Y0013572,317,632,1049,153,27
1062,702,858,Sham19Y0014309,297,1123,1371,109,55
1062,702,1308,Shamela0023628,1624,81,486,147,27
1062,761,1308,Sham19Y0122406,1420,1,248,116,27
1062,702,1308,Shamela0001875,746,1009,1413,148,27
1062,753,858,Kraken230110004547,28,34,138,82,99
1062,758,1308,Shamela0025800,261,5,257,118,27
1062,702,858,Shia002294Vols,214,847,1067,109,62
1062,702,1308,Sham19Y0020638,423,1005,1410,148,27
1062,702,858,Sham19Y0013223,1170,1100,1357,106,51
1062,702,858,Shamela0021766,475,250,407,115,92
1062,702,1308,JK000001,406,361,696,143,28
1062,702,858,Sham19Y0146127,3473,221,479,109,54
1062,969,1143,Shamela0011036,995,283,484,137,82
1062,702,858,Sham19Y0016976,651,989,1196,109,67
1062,641,1308,Sham19Y0017616,132,611,1072,172,29
1062,702,858,Shamela0000041,1118,618,873,109,54
1062,702,858,Shamela0037458,1582,549,773,109,62
1062,721,858,JK007065,141,15,215,100,63
1062,702,862,Shamela0021635,300,809,1066,107,52
1062,702,858,Sham19Y0017798,1709,145,298,100,83
1062,702,862,Sham19Y0122257,1113,222,439,109,64
1062,702,1308,Shia002185Vols,4011,1112,1449,148,29
1062,702,862,Sham19Y0014119,223,1026,1236,109,65
1062,702,1052,Sham19Y0017063,414,683,1220,240,56
1062,702,858,Rafed0003902Vols,2478,875,1130,108,53
1062,702,862,Shamela0008360,286,940,1153,108,64
1063,803,1439,Shamela0007798,4608,795,1023,174,34
1063,220,443,Shia001136,15,306,509,93,40
1063,220,443,Shia001136,307,769,977,94,40
1063,220,443,Shia001432Vols,522,1203,1406,93,40
1063,1199,1432,Sham19Y0016584,1252,1349,1526,129,69
1063,220,443,Sham19Y0016584,4229,580,788,92,39
1063,220,443,Noorlib0007682,66,600,806,92,40
1063,1199,1439,ShamAY0035035,1883,199,385,134,68
1063,220,443,ShamAY0035035,1886,32,232,80,35
1063,1292,1439,Shia002616Vols,2885,511,665,109,90
1063,1199,1439,Sham19Y0127656,183,448,635,137,70
1063,220,443,Sham19Y0127656,752,1134,1326,90,40
1063,220,443,JK000110,1688,443,650,92,39
1063,1199,1439,Shamela0021715,2336,1017,1201,135,70
1063,220,443,Shamela0021715,9669,251,459,92,39
1063,348,758,Shamela0021715,9670,807,1494,111,15
1063,220,443,Sham19Y0016684,1923,1227,1435,92,39
1063,220,417,Shamela0001727,511,1197,1380,72,34
1063,734,1439,Shamela0001727,512,495,912,221,34
1063,803,1439,JK000916,25987,1036,1268,177,35
1063,803,1372,Masaha002979Vols,362,1385,1540,117,26
1063,803,1439,Shamela0003118,7707,739,971,177,35
1063,220,443,Sham19Y0013572,310,1192,1401,93,40
1063,1266,1439,Sham19Y0013572,315,12,167,120,85
1063,1108,1439,Shamela0005756,5330,900,1185,149,55
1063,935,1439,Shamela0026884,448,960,1181,153,38
1063,803,1439,Sham19Y0127677,14542,892,1123,179,35
1063,935,1432,Sham19Y0127677,14543,468,684,151,38
1063,1199,1439,Shamela0012884,2356,497,682,133,69
1063,1303,1439,Sham19Y0014309,296,489,625,107,98
1063,367,710,Shia001831Vols,258,1406,1598,101,33
1063,992,1531,Shia001831Vols,259,12,292,185,40
1063,220,443,Shamela0004289,81,116,324,93,40
1063,803,1439,Shamela0010906,1219,744,974,177,35
1063,803,1439,Shamela0023628,1625,275,505,178,35
1063,220,443,Sham19Y0122406,1421,616,825,93,39
1063,803,1390,Sham19Y0122406,1422,89,784,298,43
1063,1199,1439,Shamela0037837,414,731,917,137,71
1063,220,443,Shamela0037837,415,280,512,93,36
1063,220,422,Shamela0008473,1256,1195,1384,76,35
1063,803,1439,Shamela0008473,2246,446,676,181,36
1063,981,1432,Sham19Y0001734,1288,1,190,146,40
1063,803,1338,Sham19Y0132524,856,1385,1516,103,24
1063,981,1439,Sham19Y0132524,857,1090,1358,169,42
1063,220,412,Sham19Y0132524,859,1289,1467,67,32
1063,220,443,Shamela0001875,720,387,597,93,39
1063,1230,1439,Kraken230110004547,27,33,215,127,75
1063,220,443,Kraken230110004547,441,628,839,92,39
1063,1199,1439,Sham19Y0018106,1122,1223,1407,135,70
1063,220,443,Sham19Y0018106,3821,594,802,92,39
1063,220,758,Shamela0036446,13,921,1331,120,20
1063,803,1439,Shamela0036446,1076,786,1016,179,35
1063,803,1439,Shamela0025800,259,996,1226,181,36
1063,220,443,Shamela0025800,2505,557,768,94,40
1063,803,1414,Shamela0023578,1402,1382,1585,154,32
1063,1199,1439,JK000917,794,1275,1456,134,70
1063,220,443,ShamAY0034005,1180,380,586,93,40
1063,220,758,Sham19Y0020638,425,806,1219,120,20
1063,734,1439,Sham19Y0020638,426,93,403,214,38
1063,1199,1439,Sham19Y0013223,323,1019,1204,135,69
1063,1292,1432,Rafed0001792Vols,2263,930,1069,105,95
1063,1199,1439,Sham19Y0013252,2736,414,598,135,70
1063,220,443,Sham19Y0013252,9421,391,599,92,39
1063,220,443,Shia001542Vols,714,982,1190,94,40
1063,1199,1439,Shia002406Vols,3554,393,578,133,69
1063,1,443,Rafed0000167,13,452,887,126,26
1063,220,443,JK007065,137,329,537,90,37
1063,803,1439,JK007065,139,748,976,175,34
1063,1199,1439,Sham19Y0018176,597,493,677,135,70
1063,220,443,Sham19Y0018176,2284,545,753,92,39
1063,220,443,Shia002394Vols,816,429,640,94,40
1063,803,1439,Rafed0003902Vols,2478,187,419,180,35
1063,1199,1439,Sham19Y0013605,1638,1141,1325,135,70
1063,220,758,Sham19Y0013605,4490,657,1400,118,14
1064,540,856,Shia000841Vols,285,1141,1390,149,52
1064,162,1249,Shamela0005756,5333,1,1203,675,62
1064,862,1412,Shia001831Vols,259,418,741,238,53
1064,544,846,JK000201,3280,137,388,155,56
1064,144,306,Shamela0021660,1846,329,479,105,77
1064,881,1517,Sham19Y0013252,2742,605,1055,218,39
1064,137,407,Shamela0011036,971,53,327,211,93
1065,845,1045,Sham19Y0014299,557,689,964,140,59
1065,354,845,Shamela0001727,513,421,721,96,18
1065,770,1536,Sham19Y0013253,369,1003,1514,289,43
1065,620,1346,Shia001831Vols,259,911,1606,282,35
1065,1346,1536,Shia001831Vols,260,1,165,124,77
1065,1051,1436,Sham19Y0122406,1425,1067,1495,231,61
1065,354,845,Sham19Y0122406,1425,139,651,105,15
1065,978,1505,Sham19Y0013223,1896,1182,1659,345,77
1065,1114,1603,Shamela0011036,1039,133,757,381,74
1066,480,1322,Sham19Y0127677,15555,438,969,337,45
1066,1397,1531,Sham19Y0014309,3173,1441,1575,109,100
1066,1531,1649,Sham19Y0014309,3174,1,117,92,98
1066,1,436,Sham19Y0013253,370,128,587,297,74
1066,1,1078,Sham19Y0122406,1426,596,1595,522,48
1066,1056,1397,Sham19Y0122406,1427,9,718,245,43
1066,1333,1539,Sham19Y0018272,1628,1170,1471,91,28
1066,6,174,Sham19Y0013223,1897,102,262,123,89
1066,1,160,Shamela0011036,1039,757,914,127,97
1066,659,1322,Shamela0011036,1041,543,1196,315,52
1066,287,432,Shamela0011036,1042,1,151,118,96
1066,1397,1649,ShamAY0035249,252,152,404,203,100
1067,472,828,JK000021,1040,423,832,270,82
1067,490,828,Shamela0007891,1570,12,451,94,19
1067,490,842,Sham19Y0123510,931,723,1083,240,76
1067,490,835,Shamela0021495,395,424,784,236,76
1067,490,828,Shamela0000767,3708,183,523,212,69
1067,472,828,Sham19Y0148486,2473,1011,1411,268,82
1067,490,828,Sham19Y0148486,6793,957,1303,263,94
1067,688,865,ShamAY0035035,2213,723,903,120,84
1067,562,828,Shamela0008176,4331,9,341,193,70
1067,604,828,Shamela0008176,4332,17,477,151,41
1067,485,636,Shamela0005803,191,547,716,107,81
1067,472,828,JK000977,873,1011,1394,246,77
1067,520,828,JK006897,215,1,312,242,98
1067,501,828,Shamela0022848,409,1,369,253,86
1067,903,1055,Sham19Y0131521,2439,417,955,117,26
1067,1061,1275,Sham19Y0131521,5394,573,802,168,90
1067,688,1055,Sham19Y0131521,5395,243,625,210,65
1067,669,842,Shamela0021715,3894,930,1114,133,91
1067,23,828,Shamela0001727,514,451,1276,386,44
1067,467,645,Shamela0011498,1244,1312,1534,130,74
1067,645,842,Shamela0011498,1245,1,198,148,93
1067,477,831,Sham19Y0013572,1443,473,953,272,70
1067,490,828,ShamAY0033910,532,483,856,258,86
1067,490,828,ShamAY0033910,975,399,778,258,85
1067,490,881,Shamela0005756,7875,1060,1470,272,80
1067,490,778,Shamela0026884,503,1093,1422,219,83
1067,485,684,Sham19Y0127677,5867,1043,1225,138,84
1067,174,418,Sham19Y0127677,8799,1305,1479,130,65
1067,490,711,Shamela0001673,4134,834,963,92,53
1067,472,729,Shamela0001673,4316,340,513,105,48
1067,490,831,Shamela0005922,3129,898,1246,259,92
1067,490,828,JK000130,533,696,1068,258,86
1067,490,828,JK000130,976,554,932,258,86
1067,472,684,Sham19Y0122096,154,156,355,144,82
1067,490,705,Sham19Y0017903,780,1196,1419,166,93
1067,705,828,Sham19Y0017903,781,1,123,88,89
1067,490,676,JK001429,40,1242,1435,144,93
1067,676,828,JK001429,41,1,156,117,96
1067,490,793,Shamela0008316,169,231,605,233,78
1067,485,684,Shamela0021660,154,1168,1351,137,84
1067,490,729,Sham19Y0013785,1217,111,354,187,96
1067,174,1254,Sham19Y0122406,1428,528,1402,425,41
1067,688,828,Shia002265Vols,1925,524,665,105,93
1067,490,828,Shamela0006227,832,738,1082,256,92
1067,472,812,Sham19Y0145212,2193,910,1314,206,61
1067,490,828,Shamela0013075,2,882,1249,256,85
1067,626,828,Sham19Y0132524,870,1,206,156,96
1067,472,822,JK000221,697,1077,1471,261,83
1067,490,828,Shamela0001875,717,511,854,260,95
1067,529,828,Shamela0001875,1133,1,306,234,96
1067,472,828,Kraken230110004547,346,42,369,210,68
1067,490,659,Sham19Y0018144,1622,1250,1460,131,78
1067,659,828,Sham19Y0018144,1623,1,172,130,94
1067,520,828,Shamela0036446,585,1153,1432,158,54
1067,477,828,Shamela0025800,2131,597,1087,274,70
1067,490,828,Sham19Y0017729,403,950,1298,259,94
1067,472,828,Shamela0010657,1268,984,1381,269,84
1067,490,828,Shamela0021659,14,134,480,262,95
1067,520,835,ShamAY0035950,421,19,288,190,72
1067,1,156,Sham19Y0018272,1629,111,265,123,99
1067,490,828,Sham19Y0131336,1672,463,807,257,92
1067,490,699,Shia002294Vols,24,220,458,166,87
1067,209,831,Sham19Y0020638,428,6,468,305,58
1067,485,699,JK000216,10,499,702,143,79
1067,490,828,JK000475,491,487,860,258,86
1067,472,828,JK000475,1009,801,1205,268,83
1067,490,828,JK000475,1276,322,692,258,87
1067,501,828,Shamela0011433,20,113,472,240,79
1067,490,828,Shia000820Vols,3937,735,1090,235,78
1067,681,828,JK007116,66,774,924,113,96
1067,472,828,Sham19Y0146127,1298,618,990,253,78
1067,490,699,Sham19Y0146127,3763,1244,1410,119,68
1067,699,828,Sham19Y0146127,3764,1,130,100,95
1067,490,828,Shamela0011036,1655,981,1326,262,95
1067,1215,1364,Shamela0011036,1660,10,165,119,96
1067,505,828,Sham19Y0016976,1128,226,577,229,75
1067,1109,1275,Shamela0009242,2677,1080,1256,129,92
1067,418,828,Sham19Y0017616,219,882,1386,295,71
1067,490,828,Sham19Y0013241,1723,237,580,229,76
1067,1,264,ShamAY0035249,252,404,668,211,99
1067,472,760,JK007065,602,934,1445,221,54
1067,472,828,Sham19Y0122257,2029,1022,1437,221,63
1067,505,828,Sham19Y0014119,369,243,587,231,77
1067,514,828,Sham19Y0017063,793,1138,1440,214,84
1067,490,699,Rafed0003902Vols,4823,442,649,152,88
1067,467,842,Rafed0003902Vols,4919,793,1180,265,82
1067,472,818,Shamela0008360,514,1044,1449,213,62
1067,490,688,Shamela0023177,22,1215,1413,157,100
1067,688,835,Shamela0023177,23,1,149,108,91
1068,1,153,Sham19Y0148486,7848,227,379,121,98
1068,1,773,Shamela0008540,2150,672,1384,569,90
1068,1,234,Shamela0021715,2426,198,426,71,32
1068,192,725,Shamela0005756,5492,766,923,123,27
1068,1,824,Sham19Y0122406,1430,330,1141,581,83
1068,45,385,Sham19Y0132524,863,681,927,158,54
1068,866,1419,Sham19Y0013252,2845,736,1140,204,42
1068,1,273,Sham19Y0013605,1683,203,731,88,16
1069,581,900,Sham19Y0013667,6668,387,666,207,81
1069,620,754,Shamela0008540,2150,1486,1616,101,92
1069,763,881,Shamela0008540,2151,1,119,88,93
1069,940,1375,Shamela0008540,2155,187,655,266,62
1069,1,237,Sham19Y0014299,77,1213,1437,175,91
1069,350,486,Sham19Y0127660,632,445,581,114,100
1069,76,253,JK007128,729,1384,1583,113,72
1069,5,202,Shamela0005756,5494,484,689,143,80
1069,1,237,Shamela0004473,11924,326,550,175,91
1069,76,237,Shamela0008657,332,158,348,95,61
1069,361,881,Shamela0000140,642,188,1317,304,30
1069,76,237,Sham19Y0016782,49,20,212,109,72
1069,76,237,JK001211,110,567,794,104,59
1069,89,237,JK001211,158,676,903,97,55
1069,1375,1592,ShamAY0035249,264,643,860,176,100
1069,62,577,ShamAY0000055,372,953,1149,94,20
1070,346,813,Shamela0001727,516,469,935,91,15
1070,1060,1580,Shamela0001727,517,117,580,102,17
1070,820,1595,Shia001831Vols,260,1094,1502,250,35
1070,1079,1580,Sham19Y0122406,1437,1,442,89,15
1070,1060,1580,Sham19Y0020638,431,1297,1422,90,21
1070,1,722,ShamAY0035249,264,860,1582,583,99
1070,722,1055,ShamAY0035249,265,1,334,274,100
1070,1133,1532,ShamAY0035249,267,331,730,327,100
1070,133,773,Sham19Y0017063,429,518,1133,346,57
1071,226,481,Sham19Y0020944,362,492,736,76,23
1071,49,1070,Shamela0001727,517,627,963,113,12
1071,112,308,Shia001831Vols,260,1480,1659,142,89
1071,818,1195,Shia001831Vols,261,241,451,130,43
1071,112,356,Shamela0000140,675,112,330,161,81
1071,1352,1594,Shamela0023628,3301,1,245,177,86
1071,49,580,Sham19Y0122406,1437,489,1494,252,29
1071,580,1085,Sham19Y0122406,1438,111,749,210,32
1071,636,1244,Sham19Y0132524,868,941,1371,212,42
1071,226,554,ShamAY0033531,1324,568,828,177,60
1071,49,273,Shamela0025800,177,11,348,92,33
1071,49,1070,Sham19Y0020638,432,11,354,100,11
1071,554,1561,Shamela0037458,3578,182,617,279,31
1071,636,1583,Sham19Y0017063,434,559,1159,398,50
1072,326,558,Shamela0007891,943,567,1107,147,34
1072,326,739,Shamela0023423,340,1041,1459,176,45
1072,326,558,Sham19Y0017745,124,95,315,132,70
1072,870,995,Sham19Y0017745,125,1,126,103,100
1072,326,1456,Shamela0011244,46,312,1497,391,29
1072,326,558,Sham19Y0036110,58,1147,1374,129,69
1072,1019,1570,Sham19Y0036110,59,559,1160,396,75
1072,801,1159,Sham19Y0131521,6790,955,1263,179,56
1072,326,558,Shamela0001727,518,338,556,132,71
1072,326,558,JK009318,59,244,512,147,68
1072,326,558,Sham19Y0013572,327,1094,1311,126,66
1072,1353,1570,Shamela0005756,5431,513,716,122,57
1072,326,558,Shamela0004473,1857,531,754,132,69
1072,326,558,Shamela0004473,15516,1231,1450,130,69
1072,326,695,Sham19Y0035453,4,491,827,163,51
1072,326,558,Sham19Y0017903,634,489,712,132,69
1072,326,558,JK001429,18,145,363,129,69
1072,349,1137,Shia001831Vols,261,531,978,327,50
1072,326,990,Sham19Y0122406,1439,495,1004,228,34
1072,326,558,ShamAY0033075,72,31,251,126,67
1072,326,558,Sham19Y0001734,368,868,1102,138,72
1072,326,558,Sham19Y0132524,870,339,968,132,25
1072,326,558,Shamela0001875,728,1069,1288,130,69
1072,819,995,ShamAY0033531,3709,762,952,138,88
1072,819,995,ShamAY0033531,4892,215,405,138,88
1072,326,558,JK000381,5688,825,1044,130,69
1072,326,558,Shamela0036446,326,916,1138,130,68
1072,326,558,Shamela0025800,2680,397,616,130,69
1072,326,558,Kraken211201162527,19,462,682,130,69
1072,326,558,ShamAY0034005,1163,1139,1358,124,66
1072,801,995,Sham19Y0150639,464,1009,1224,139,80
1072,422,558,JK000216,252,76,214,107,94
1072,422,558,JK007036,303,75,211,109,100
1072,326,558,Shamela0011363,277,927,1177,148,72
1072,422,558,Shamela0012981,1068,524,664,94,75
1072,326,558,Sham19Y0018568,117,64,282,132,71
1072,326,558,Sham19Y0017616,144,127,346,130,69
1072,321,558,JK007065,143,1123,1348,133,69
1072,1056,1570,Sham19Y0122257,1136,36,324,205,49
1072,326,558,Sham19Y0008889,293,1278,1496,132,71
1072,326,558,Shamela0010443,328,195,413,132,71
1072,326,558,Shamela0012836,8,192,408,130,70
1073,419,558,Shamela0007891,943,767,912,109,93
1073,419,554,Shamela0023423,340,1278,1408,103,96
1073,428,574,Shamela0023423,343,1,155,105,83
1073,419,558,Shamela0008176,2550,793,931,109,99
1073,419,558,Sham19Y0018318,227,241,380,110,100
1073,26,558,Shamela0012293,2562,470,640,132,31
1073,26,558,Shamela0012293,4571,405,577,136,32
1073,419,558,Sham19Y0017745,124,334,468,106,96
1073,875,1143,Sham19Y0017745,126,773,1019,194,88
1073,419,558,Shia000841Vols,2954,280,414,106,96
1073,419,1137,Shamela0011244,46,547,1101,280,40
1073,1,843,Shamela0011244,47,38,706,486,70
1073,1153,1548,Sham19Y0014299,610,1006,1445,212,55
1073,138,855,Sham19Y0131521,6791,200,1220,415,44
1073,419,558,Shamela0001727,518,575,714,110,100
1073,419,558,Sham19Y0013572,327,1330,1459,102,92
1073,419,558,JK001236,24,12,151,109,99
1073,419,558,Shamela0012014,44,1,135,106,96
1073,414,558,Sham19Y0127677,8195,661,804,110,97
1073,438,554,Shamela0000894,3738,1035,1151,92,100
1073,26,558,Shamela0000894,4018,212,388,140,33
1073,419,558,ShamAY0034199,1724,12,150,109,99
1073,419,558,Shamela0004473,1857,773,907,106,96
1073,419,558,Sham19Y0122256,327,1026,1160,106,96
1073,419,558,Sham19Y0017903,634,731,870,110,100
1073,45,758,Shia001831Vols,261,978,1628,293,36
1073,1367,1574,Shia001831Vols,262,715,1002,137,53
1073,438,554,Sham19Y0032476,1454,650,766,92,100
1073,419,558,Shamela0001975,384,803,948,101,84
1073,419,537,Sham19Y0122406,1439,1382,1500,94,100
1073,419,558,Sham19Y0145212,1444,358,496,109,99
1073,419,558,Shamela0013075,63,327,470,101,87
1073,419,554,ShamAY0031960,159,89,224,107,100
1073,419,558,Sham19Y0132524,870,987,1126,110,100
1073,419,558,Shamela0001875,728,1307,1440,105,95
1073,419,531,Sham19Y0037618,2399,1317,1429,89,100
1073,419,554,Kraken230110004547,479,727,863,106,97
1073,26,558,JK000381,1894,881,1053,134,31
1073,419,558,JK000381,5688,1063,1197,106,96
1073,419,558,Shamela0036446,326,1157,1290,105,95
1073,419,558,ShamAY0035990,363,1005,1180,110,79
1073,419,558,Shamela0025800,2680,635,769,106,96
1073,21,558,Shamela0021723,24,1272,1456,132,30
1073,419,558,Shia003732Vols,3995,1176,1309,105,95
1073,419,558,Shamela0021659,492,809,955,101,85
1073,395,558,Sham19Y0014224,840,1159,1318,111,86
1073,419,558,Sham19Y0014224,947,974,1108,106,96
1073,419,558,Shamela0002300,2817,872,1004,104,94
1073,26,558,Shamela0002300,4237,1280,1478,133,30
1073,456,868,Sham19Y0150639,465,1,418,289,83
1073,419,558,Sham19Y0020638,432,1072,1211,110,100
1073,433,558,Sham19Y0013223,615,1,119,93,94
1073,419,558,JK007036,303,230,364,106,96
1073,419,558,ShamAY0034274,15,474,610,106,97
1073,26,558,Shamela0000248,45,1018,1186,131,31
1073,26,558,Shamela0021766,350,582,756,137,32
1073,1251,1401,Shamela0011036,691,169,417,96,47
1073,419,558,Shamela0006336,1120,786,920,106,96
1073,419,558,Sham19Y0016976,657,271,409,109,99
1073,419,558,Sham19Y0017616,144,365,504,110,100
1073,45,765,ShamAY0035249,173,878,1598,581,100
1073,419,554,ShamAY0000055,40,775,905,103,96
1073,419,540,JK007065,143,1367,1483,92,95
1073,26,558,Tafsir07076,548,708,880,136,32
1073,419,558,Sham19Y0122257,1135,475,613,109,99
1073,419,849,Sham19Y0014601,6216,802,1260,310,82
1073,419,558,Sham19Y0014119,225,793,931,109,99
1073,21,1270,Sham19Y0017063,420,156,996,623,60
1073,419,558,Shamela0010443,328,432,566,106,96
1073,419,574,Shamela0012019,543,474,629,116,94
1073,419,558,Shamela0012836,8,427,561,106,96
1073,419,558,Shamela0008360,293,281,419,109,99
1074,981,1179,Shamela0011244,47,786,1343,136,29
1074,981,1435,Shamela0001727,519,710,1266,206,38
1074,1277,1574,Sham19Y0014309,1969,227,646,230,66
1074,302,573,Shia001831Vols,262,1025,1303,215,93
1074,913,1420,Shia001831Vols,263,1,276,176,41
1074,1287,1474,JK009324,1010,1192,1400,121,72
1074,839,1038,Sham19Y0017791,620,195,630,111,30
1074,834,1416,Sham19Y0020638,433,478,1168,201,27
1074,1416,1569,Sham19Y0013223,1896,903,1056,125,99
1074,1287,1578,Sham19Y0017063,412,85,480,234,72
1074,105,311,Sham19Y0017063,419,687,1160,144,38
1075,1,118,Sham19Y0013257,419,601,718,85,86
1075,1,136,Shamela0001727,520,32,172,109,96
1075,1055,1591,Shamela0001727,520,394,740,138,27
1075,1,136,Sham19Y0013572,297,811,954,108,93
1075,11,136,Sham19Y0127677,7109,807,933,97,92
1075,1,295,Sham19Y0014309,1971,1190,1554,145,44
1075,1055,1559,Sham19Y0014309,1972,330,944,250,43
1075,595,811,Sham19Y0014309,3174,1307,1523,172,100
1075,1,136,Sham19Y0017903,392,857,997,108,95
1075,1,118,Sham19Y0017116,1389,1182,1299,84,85
1075,1,136,Sham19Y0122406,1443,1350,1490,109,96
1075,1055,1591,Sham19Y0122406,1444,181,527,138,27
1075,1,136,JK009237,1292,1139,1282,108,93
1075,1,126,Sham19Y0149697,2215,1344,1471,96,92
1075,6,136,Kraken230110004547,280,110,241,99,94
1075,16,136,Shamela0036446,321,114,235,94,95
1075,1,136,Kraken220413202218,137,771,904,100,91
1075,1,136,Sham19Y0020638,433,1208,1348,109,96
1075,1,118,Sham19Y0016826,1157,343,460,84,85
1075,208,584,Shamela0011036,992,1130,1409,192,61
1075,11,136,Shamela0011036,993,1,131,101,96
1075,1,161,Sham19Y0017616,139,168,332,116,88
1075,322,564,Sham19Y0017063,413,942,1164,140,67
1076,1197,1554,Shamela0008176,2541,1112,1312,109,37
1076,1178,1576,Shamela0010664,1104,704,1184,272,63
1076,185,673,Sham19Y0127677,13628,519,1074,347,72
1076,1341,1569,Shamela0001673,3002,793,1003,162,85
1076,1105,1569,Sham19Y0014309,1964,621,1325,197,28
1076,1,943,Shia001831Vols,263,794,1617,412,43
1076,943,1580,Shia001831Vols,264,8,510,378,69
1076,1345,1569,Shamela0000140,1071,494,703,156,81
1076,1277,1580,Sham19Y0122406,1447,336,643,200,75
1076,800,1277,Sham19Y0020638,434,470,920,171,32
1076,1277,1580,Sham19Y0013223,1856,611,914,243,98
1076,185,605,Shamela0011036,992,395,981,269,55
1076,1201,1569,Shamela0000551,3116,1041,1324,215,70
1076,1119,1569,Shamela0000791,311,1124,1497,292,79
1077,1114,1564,Shamela0011244,30,154,637,271,57
1077,87,518,Shamela0010664,1104,1170,1553,296,82
1077,292,796,Sham19Y0127677,10033,929,1130,140,33
1077,562,841,Sham19Y0127677,12965,1258,1536,225,98
1077,1,1056,Shia001831Vols,264,510,1577,470,41
1077,1215,1405,JK000201,3679,417,605,151,97
1077,993,1569,ShamAY0000351,663,756,1332,467,100
1077,591,850,Sham19Y0018144,4528,369,714,201,70
1077,642,940,Sham19Y0020638,1666,272,399,59,21
1077,1,685,Sham19Y0013223,1856,914,1513,465,84
1077,1215,1400,Sham19Y0008889,190,334,493,115,72
1077,161,846,Shamela0000791,312,9,609,476,85
1078,892,1085,Shia003923Vols,822,1098,1278,120,71
1078,36,1350,Shia001831Vols,265,543,1531,505,40
1078,1,154,ShamAY0000351,663,1332,1485,123,100
1078,883,1085,Shamela0001687,1518,602,787,124,71
1078,1,598,Sham19Y0023625,2388,856,1344,203,42
1079,1191,1660,Sham19Y0014309,1978,53,442,254,59
1079,179,903,Shia001831Vols,266,1,622,298,40
1079,31,403,Shamela0000140,417,906,1249,280,91
1079,483,1201,Shamela0000140,419,466,1170,389,58
1079,31,381,Sham19Y0122406,1450,147,499,211,62
1079,31,381,LMN20200928,40,690,823,76,25
1079,990,1182,Sham19Y0020638,1666,937,1129,154,98
1079,322,961,JK000665,5,97,379,205,39
1080,487,724,Shamela0005756,5357,963,1497,183,42
1080,1,135,Sham19Y0014309,1978,442,580,107,95
1080,786,1237,Shamela0010527,847,912,1331,191,43
1080,760,1538,Sham19Y0122406,1452,451,914,229,31
1080,760,1102,Kraken230110004547,18,583,890,119,33
1080,760,1341,JK000665,18,169,708,329,61
1081,1055,1238,JK000021,2961,610,820,118,63
1081,525,1123,Shamela0001727,524,899,1479,130,19
1081,1123,1238,Shamela0001727,525,1,150,87,69
1081,1218,1566,Shamela0005756,5421,1161,1487,169,55
1081,158,1003,Shia001831Vols,266,930,1410,336,46
1081,608,1306,Sham19Y0122406,1452,1146,1556,209,31
1081,1,322,ShamAY0033531,1331,170,488,256,98
1081,1043,1238,ShamAY0035950,158,895,1331,122,32
1081,350,538,Sham19Y0018272,2119,712,880,121,74
1081,1059,1238,Sham19Y0020638,438,1,187,123,73
1081,1043,1238,Shia000820Vols,636,147,355,122,62
1081,1069,1566,Sham19Y0013252,2790,312,683,245,57
1081,1043,1238,Sham19Y0013241,744,294,500,122,63
1082,67,354,Shamela0005756,5422,107,577,179,44
1082,499,759,Shamela0005756,5423,236,446,162,73
1082,898,1414,Shia001831Vols,267,207,472,150,35
1082,515,1492,Sham19Y0122406,1453,132,1092,604,69
1082,868,1198,Sham19Y0013252,2791,430,802,207,65
1083,968,1324,Shamela0001727,525,622,1145,98,16
1083,600,781,Shamela0005756,5425,586,764,136,91
1083,632,796,Shamela0004473,17070,230,446,135,75
1083,59,1109,Shia001831Vols,267,488,1118,405,44
1083,1,426,Sham19Y0122406,1454,390,869,254,56
1083,545,1324,Sham19Y0122406,1455,1,780,362,46
1083,204,838,Sham19Y0013223,1866,345,977,513,99
1083,1285,1500,Sham19Y0013223,1867,322,498,139,81
1083,328,473,Sham19Y0013252,2792,253,398,114,97
1083,571,862,Sham19Y0017063,413,511,746,182,76
1083,270,781,Sham19Y0013605,1664,453,670,174,41
1084,59,188,ShamAY0035250,21,973,1102,103,100
1084,59,188,JK007083,117,1078,1207,103,100
1084,291,406,Shamela0007891,966,825,941,90,99
1084,291,415,Shamela0012415,477,290,417,90,90
1084,59,188,Sham19Y0016584,1268,721,850,103,100
1084,59,188,Sham19Y0016584,1657,796,920,99,96
1084,291,406,Shamela0000767,2567,839,954,90,100
1084,153,406,Sham19Y0148486,2504,1,516,143,36
1084,291,438,Sham19Y0148486,4618,773,905,96,83
1084,59,188,Shamela0006610,465,429,560,102,97
1084,291,406,JK009390,2519,967,1092,90,92
1084,291,415,Shamela0008203,15,293,416,89,91
1084,59,188,Shamela0008176,2589,1120,1245,100,96
1084,59,188,Sham19Y0017747,796,776,905,103,100
1084,1,188,JK000977,895,50,638,137,29
1084,291,406,JK000977,896,961,1077,89,98
1084,59,188,JK006897,217,500,629,103,100
1084,59,192,Sham19Y0127656,257,230,358,102,96
1084,59,403,JK000110,498,932,1228,133,41
1084,59,406,Shia000841Vols,2951,343,674,205,74
1084,59,188,Kraken220413030905,51,932,1060,103,99
1084,291,406,Sham19Y0016636,293,554,668,88,96
1084,59,188,Sham19Y0016636,753,1320,1448,101,98
1084,287,438,Sham19Y0016636,754,848,1004,105,87
1084,427,1025,Shamela0008540,2146,1,611,470,94
1084,1150,1302,Shamela0008540,2149,288,419,103,85
1084,59,188,Shamela0025794,5023,239,373,102,95
1084,59,188,Sham19Y0014299,602,670,787,91,87
1084,59,188,Shamela0021590,622,267,859,102,21
1084,59,188,Shamela0021715,2373,669,798,103,100
1084,59,188,Shamela0021715,3397,72,196,99,96
1084,59,188,Sham19Y0016684,582,1372,1501,103,100
1084,59,188,Shamela0001727,526,784,913,103,100
1084,291,406,Shamela0001727,527,591,706,90,100
1084,59,490,JK009318,77,822,1085,179,52
1084,291,406,Sham19Y0013572,1224,371,486,90,100
1084,59,188,Shamela0005756,5387,237,367,103,99
1084,424,1195,Shamela0005756,5389,469,1527,538,58
1084,291,406,Shamela0005756,5391,384,499,90,100
1084,63,188,Shamela0005756,7100,1,121,96,96
1084,59,188,Shamela0026884,505,1046,1178,95,88
1084,291,406,Sham19Y0127677,2400,1236,1361,90,92
1084,59,188,Shamela0000894,5967,1214,1343,103,100
1084,59,188,Shamela0008381,2279,143,277,102,95
1084,291,406,JK000785,981,1266,1387,86,90
1084,59,225,Sham19Y0017903,400,659,823,124,95
1084,59,188,JK001429,44,406,535,103,100
1084,1067,1317,Shia001831Vols,268,468,736,173,75
1084,1,161,JK006950,1783,959,1181,109,60
1084,59,212,Shamela0006366,1319,650,812,118,91
1084,291,406,Shia001878,20,1170,1286,89,98
1084,291,406,Shamela0001975,999,147,272,90,92
1084,76,188,Sham19Y0122406,1457,1,113,89,100
1084,15,406,Sham19Y0122406,1459,62,602,129,25
1084,291,406,Shia002265Vols,5462,852,977,90,92
1084,35,188,JK009324,1002,58,245,116,78
1084,59,427,JK009324,1952,1156,1391,142,48
1084,59,188,Sham19Y0145212,1463,1302,1430,102,99
1084,59,188,Shamela0037837,420,779,908,103,100
1084,59,198,Shia002264,157,271,410,106,92
1084,59,188,Sham19Y0016946,223,263,392,103,100
1084,28,188,Sham19Y0149697,8568,80,293,123,72
1084,59,188,Shamela0001875,723,1137,1266,103,100
1084,291,406,Shamela0001438,2823,1386,1511,90,92
1084,424,1025,ShamAY0033531,1333,359,946,400,76
1084,291,406,ShamAY0033531,1336,348,463,90,100
1084,59,360,Kraken230110004547,283,97,616,162,38
1084,59,188,Sham19Y0018106,1135,473,602,103,100
1084,59,188,Sham19Y0018106,1516,455,579,99,96
1084,1,161,JK000381,7477,1146,1368,109,60
1084,59,188,Shamela0036446,325,139,261,93,88
1084,59,201,Sham19Y0018103,1196,976,1115,108,95
1084,59,188,Sham19Y0018103,1534,1158,1282,99,96
1084,59,169,Shamela0005583,205,416,810,87,27
1084,538,1212,ShamAY0035990,41,1005,1508,238,42
1084,59,188,Shamela0096283,132,1322,1451,103,100
1084,59,225,Sham19Y0017729,201,951,1115,124,95
1084,291,406,Sham19Y0017729,211,359,475,90,99
1084,291,406,Shamela0021659,1379,422,547,90,92
1084,291,406,ShamAY0034005,626,1095,1199,80,87
1084,1,438,Sham19Y0020638,439,49,972,286,39
1084,424,1039,Sham19Y0013223,1902,90,694,474,95
1084,1402,1538,Sham19Y0013223,1903,102,238,111,98
1084,59,183,JK000475,1953,697,820,94,91
1084,291,438,JK007116,39,720,854,97,84
1084,1,406,Sham19Y0146127,1315,269,964,234,42
1084,291,438,Shamela0011036,1118,646,780,97,84
1084,291,406,Shamela0011036,1119,600,728,90,89
1084,554,1317,Shamela0011036,1125,134,928,488,67
1084,631,1025,Shamela0009242,1784,1145,1497,233,70
1084,424,631,Shamela0009242,1784,252,478,159,85
1084,35,183,Shamela0009242,2576,501,692,111,72
1084,59,247,Sham19Y0017616,145,1075,1231,113,76
1084,291,406,Sham19Y0017616,146,50,165,90,100
1084,59,183,ShamAY0035249,90,1285,1408,94,91
1084,161,1317,ShamAY0035249,262,475,1447,606,55
1084,291,406,JK007065,1015,513,628,90,100
1084,59,188,Sham19Y0018176,604,1272,1401,103,100
1084,59,188,Sham19Y0018176,818,1355,1479,99,96
1084,291,406,Shamela0005923,81,976,1084,84,92
1084,59,201,Sham19Y0122257,1158,1001,1143,106,94
1084,59,188,Sham19Y0014119,230,165,294,103,100
1084,59,192,Sham19Y0017063,432,752,885,103,97
1084,1025,1538,Sham19Y0017063,433,456,926,300,64
1084,291,424,Sham19Y0148271,1404,129,259,91,86
1084,59,188,Shamela0008360,300,703,831,102,99
1084,59,664,Sham19Y0013605,1653,88,674,164,22
1084,76,403,Sham19Y0013605,2041,996,1274,122,36
1084,59,406,Shamela0010517,2179,984,1315,206,74
1084,114,644,Shamela0010517,2180,1,549,419,95
1085,669,1315,Shamela0000767,2567,817,1127,100,17
1085,763,1315,Shamela0000767,3671,25,257,78,14
1085,744,1205,Shamela0008540,2148,1132,1563,310,82
1085,744,1148,Sham19Y0131521,2433,531,840,184,54
1085,704,971,Shamela0021715,2374,47,283,137,62
1085,364,1499,Shamela0000432,5471,103,784,508,55
1085,140,381,Shamela0005756,5416,1255,1506,190,93
1085,381,1294,Shamela0005756,5417,1,918,581,69
1085,781,1490,Shamela0001673,7771,605,1244,348,56
1085,134,1506,ShamAY0033531,1335,68,1401,1044,94
1085,1,1361,Sham19Y0013223,1903,238,1233,671,58
1085,1373,1490,Sham19Y0013223,1904,277,394,91,96
1085,729,1161,Shamela0011036,1123,1141,1536,258,68
1085,1161,1490,Shamela0011036,1124,1,342,261,96
1085,744,1148,Sham19Y0014601,2774,322,794,311,83
1085,144,436,Sham19Y0017063,432,1261,1516,188,75
1085,545,1053,Sham19Y0017063,433,10,499,335,77
1085,209,1490,Shamela0010517,2181,1,1283,1023,99
1086,1024,1474,Shamela0001733,3161,605,1082,174,40
1086,1291,1474,Shamela0000767,3076,277,477,135,78
1086,1108,1474,Sham19Y0148486,2506,531,1081,240,52
1086,1177,1474,Shamela0006610,713,1,233,159,67
1086,1306,1474,Shamela0008176,2593,1,174,136,97
1086,502,658,JK000977,895,1059,1219,122,95
1086,1291,1474,JK000977,896,567,754,146,96
1086,1291,1474,JK006897,217,1060,1248,148,97
1086,502,658,JK006897,375,761,915,122,98
1086,1108,1474,JK006897,417,1035,1347,219,71
1086,1291,1474,Shia000841Vols,2951,825,1015,147,95
1086,1291,1474,ShamAY0034585,104,1083,1267,138,90
1086,214,365,Shamela0008540,2145,1398,1529,105,83
1086,406,827,Sham19Y0014299,602,670,1085,132,26
1086,165,658,Shamela0001727,526,472,1245,229,33
1086,1124,1478,Shamela0001727,527,15,416,229,71
1086,1291,1524,JK009318,77,1151,1374,170,88
1086,1291,1478,Shamela0005756,5389,1244,1438,141,87
1086,1146,1474,Sham19Y0127677,7108,587,948,179,49
1086,1291,1474,Sham19Y0017903,400,1245,1432,148,97
1086,1291,1474,JK001429,44,751,922,132,85
1086,794,1024,Shia001831Vols,268,25,221,98,42
1086,502,658,Sham19Y0122406,1457,1075,1229,122,98
1086,1108,1474,Sham19Y0122406,1458,335,754,236,70
1086,1291,1478,Shamela0011746,98,1179,1383,148,90
1086,1291,1474,Sham19Y0145212,1465,973,1161,148,97
1086,1108,1474,Sham19Y0132524,882,134,460,226,73
1086,1291,1474,Shamela0001875,724,882,1072,147,95
1086,1291,1474,Kraken230110004547,283,762,934,129,83
1086,1291,1474,Shamela0036446,325,791,982,144,93
1086,387,827,Sham19Y0018103,1534,1139,1427,129,30
1086,1291,1474,Sham19Y0018569,359,1035,1222,147,96
1086,1108,1474,ShamAY0033733,114,548,866,229,75
1086,1141,1474,Shamela0025800,1716,953,1224,173,59
1086,1291,1474,Sham19Y0017729,201,1188,1377,144,92
1086,1291,1474,ShamAY0034005,641,131,321,148,96
1086,1108,1474,Sham19Y0020638,439,381,714,236,75
1086,1,159,Sham19Y0013223,1904,64,222,132,100
1086,1291,1474,Shamela0003722,5325,399,593,143,88
1086,387,653,JK000475,1953,678,1059,154,43
1086,1273,1474,ShamAY0032852,4,695,907,152,89
1086,502,653,Shamela0008463,2227,367,513,113,95
1086,1291,1474,Sham19Y0146127,1317,89,276,147,97
1086,1108,1407,Shamela0011036,1124,1218,1471,180,71
1086,1108,1474,Shamela0009242,2575,207,511,202,67
1086,1291,1474,Sham19Y0017616,145,1264,1452,148,97
1086,502,653,ShamAY0035249,91,89,236,115,96
1086,1291,1474,Sham19Y0122257,1160,954,1141,147,96
1086,932,1263,Sham19Y0122257,1161,162,545,178,52
1086,502,653,Shamela0021731,541,304,450,113,95
1086,1,205,Sham19Y0017063,433,1335,1526,158,93
1086,1291,1474,Shamela0008360,301,326,514,148,97
1086,1108,1478,Sham19Y0022884,176,1183,1475,203,66
1087,829,1218,JK000977,896,939,1376,121,30
1087,829,1218,Shamela0001727,527,569,985,126,29
1087,1070,1474,Shia001395Vols,752,1172,1495,237,74
1087,1113,1356,Sham19Y0013253,374,1107,1350,130,54
1087,295,921,Shia001831Vols,268,736,903,93,18
1087,1142,1351,Sham19Y0122406,1460,116,348,118,55
1087,276,813,Sham19Y0018103,3213,185,426,114,24
1087,365,1033,ShamAY0035990,41,9,397,205,37
1087,829,1218,Sham19Y0020638,439,808,1108,116,37
1087,331,1033,Sham19Y0013223,1902,806,1517,526,91
1087,420,751,Shamela0011036,1120,829,1201,243,80
1087,848,1067,Shamela0011036,1122,1149,1518,171,57
1087,522,697,Sham19Y0014580,2475,532,706,137,96
1087,1118,1356,Sham19Y0017063,416,1254,1454,151,81
1087,1356,1487,Sham19Y0017063,417,1,132,105,100
1087,271,848,Shamela0010517,1035,321,899,445,95
1088,914,1441,Sham19Y0016584,2177,1147,1410,98,21
1088,895,1303,JK000110,709,584,771,86,26
1088,895,1444,Shamela0001727,528,253,578,114,22
1088,895,1303,Sham19Y0013572,971,1208,1408,79,20
1088,895,1303,Shia002182,15,190,390,75,19
1088,895,1303,Shamela0005756,8860,972,1160,86,26
1088,895,1303,Sham19Y0127677,11145,859,1046,86,26
1088,215,836,Shia001831Vols,269,129,589,243,47
1088,52,575,Shamela0000140,1711,904,1435,276,54
1088,909,1303,Shamela0001449,32,32,174,75,25
1088,7,493,Sham19Y0122406,1460,869,1311,260,59
1088,890,1356,JK009324,1531,220,449,95,24
1088,909,1303,Kraken230110004547,476,1097,1220,60,20
1088,895,1303,Sham19Y0018106,2037,157,344,86,26
1088,895,1303,Sham19Y0018103,1977,77,264,86,26
1088,895,1331,Shamela0025800,2661,950,1169,97,28
1088,882,1444,Sham19Y0020638,440,9,378,132,28
1088,895,1303,JK007065,927,1130,1317,95,29
1088,895,1303,Sham19Y0018176,1079,144,331,86,26
1088,1,731,Sham19Y0017063,417,132,397,186,31
1089,674,864,Shamela0000767,2558,707,891,139,92
1089,288,864,Sham19Y0148486,2492,774,1355,215,31
1089,674,864,Sham19Y0148486,3535,650,848,146,93
1089,695,864,Shamela0003485,362,416,581,128,97
1089,674,881,Sham19Y0019188,2462,417,604,137,84
1089,39,251,Shamela0008176,2544,333,510,133,73
1089,674,864,JK000977,899,291,484,138,90
1089,677,881,JK006897,375,919,1104,136,84
1089,736,895,JK006897,417,623,766,102,82
1089,674,864,Shamela0001719,146,427,618,139,92
1089,677,999,Sham19Y0131521,2445,262,468,107,42
1089,695,864,Shamela0025791,840,1290,1455,128,97
1089,251,586,Shamela0001727,528,875,1385,74,12
1089,674,864,Shamela0001727,529,221,408,146,98
1089,674,864,Shamela0012750,148,671,861,146,96
1089,483,859,ShamAY0033910,533,950,1299,180,51
1089,94,307,Shia004456Vols,2463,1,233,149,79
1089,483,868,Shamela0011385,3523,257,942,197,35
1089,556,1472,Shamela0004473,17069,1,367,158,21
1089,674,864,ShamAY0038083,159,582,773,146,96
1089,483,788,JK000130,534,1175,1448,126,43
1089,536,784,Sham19Y0122096,1449,999,1174,89,44
1089,1,864,Sham19Y0122406,1462,280,1290,334,32
1089,674,864,Sham19Y0122406,1463,535,722,146,98
1089,674,864,Sham19Y0001734,1324,8,197,145,96
1089,695,864,Sham19Y0132524,884,1004,1170,129,97
1089,30,592,Sham19Y0132524,884,6,340,127,24
1089,497,864,Sham19Y0037618,1774,821,1173,178,57
1089,536,864,Sham19Y0018144,980,346,844,201,51
1089,1068,1208,Sham19Y0018144,4543,1408,1541,105,94
1089,288,868,Sham19Y0020638,440,720,1157,205,36
1089,695,864,Sham19Y0013223,382,815,980,129,97
1089,536,864,JK000216,245,577,816,110,40
1089,483,864,JK000475,492,921,1258,186,54
1089,497,864,JK000475,1952,974,1360,180,55
1089,674,864,ShamAY0035884,3698,844,1036,142,95
1089,677,881,Shamela0008463,2227,534,713,131,81
1089,288,868,Sham19Y0146127,1309,327,671,208,46
1089,674,864,Sham19Y0146127,1858,613,809,145,93
1089,674,868,Shamela0011036,1126,422,601,137,90
1089,677,864,Shamela0009242,2569,1326,1480,115,78
1089,669,864,Sham19Y0017616,145,764,978,147,87
1089,674,864,ShamAY0035249,90,346,535,142,94
1089,674,864,Shia002119Vols,1797,371,561,140,93
1089,736,864,JK007065,1488,1,126,97,97
1089,677,1046,Sham19Y0020699,926,1026,1349,154,45
1089,736,881,Shamela0021731,541,473,610,96,85
1089,677,864,Shia000107Vols,3197,1251,1441,114,67
1089,1214,1553,Sham19Y0017063,412,880,1202,223,82
1089,497,758,Sham19Y0017063,412,476,941,155,38
1089,1,307,Sham19Y0017063,417,467,725,199,79
1089,736,864,Sham19Y0022884,177,261,390,91,86
1090,640,1401,Sham19Y0014299,583,465,868,264,42
1090,661,955,Sham19Y0122401,1467,1103,1278,114,47
1090,635,1030,Shamela0005756,8224,1183,1543,288,88
1090,1030,1401,Shamela0005756,8225,1,366,293,95
1090,621,1149,Shamela0001673,4478,636,1343,231,33
1090,1027,1505,Shia001831Vols,270,74,675,224,40
1090,621,1313,Shamela0000140,335,285,972,316,44
1090,61,616,Shamela0000140,336,558,1092,375,76
1090,1511,1631,Sham19Y0013252,1624,982,1108,93,92
1090,808,1401,Sham19Y0013252,4643,1,513,408,83
1090,625,1401,Sham19Y0122257,1132,752,1286,407,64
1090,616,1401,Sham19Y0017063,418,93,723,498,76
1090,640,1340,Sham19Y0013605,2336,397,752,263,46
1090,306,625,Sham19Y0013605,2337,15,136,90,35
1091,218,382,Shamela0005756,14581,614,748,68,53
1091,1,454,Kraken220727035853,499,499,833,239,65
1091,1,638,Shia001831Vols,270,682,1257,428,82
1091,987,1443,Shia001831Vols,271,8,322,251,67
1091,1,281,Shamela0021660,447,777,976,139,58
1091,1,235,Sham19Y0122406,1465,1254,1535,166,71
1091,235,606,Sham19Y0122406,1466,1,326,242,80
1091,290,497,Zaydiyya0000059,1306,1,218,128,64
1091,1,1418,Sham19Y0018272,1293,56,1222,466,32
1091,203,404,Sham19Y0018272,2036,1016,1152,109,67
1091,694,1547,Sham19Y0006684,4223,822,1330,158,18
1091,1,638,Sham19Y0013223,2337,850,1249,257,49
1091,218,396,Sham19Y0013223,2391,833,981,70,50
1091,1,243,Sham19Y0013223,2619,1495,1651,112,54
1091,1,366,Sham19Y0013252,1624,1108,1471,275,91
1091,366,606,Sham19Y0013252,1625,1,462,173,46
1091,939,1555,Sham19Y0013252,1626,504,1140,302,44
1091,80,920,Masaha001946Vols,566,435,1216,467,63
1091,987,1574,Masaha001946Vols,567,33,881,354,48
1091,1,396,Sham19Y0013605,1126,1175,1403,164,50
1091,1039,1370,Sham19Y0013605,1127,406,745,136,40
1092,741,977,Sham19Y0127677,7714,1287,1525,178,90
1092,977,1262,Sham19Y0127677,7715,1,414,95,25
1092,682,1472,Shia001831Vols,271,414,1020,377,55
1092,930,1400,Sham19Y0122406,1467,35,439,266,66
1092,485,788,Shia001845Vols,567,609,884,150,58
1092,770,1262,Sham19Y0038171,581,841,1002,77,17
1092,94,1422,Sham19Y0013252,1627,688,1498,499,43
1092,802,1302,ShamAY0034018,92,123,630,398,96
1092,202,437,Sham19Y0013605,1127,939,1075,111,57
1093,632,762,JK007054,974,760,897,98,90
1093,585,915,Sham19Y0131521,4046,1055,1389,126,32
1093,50,286,Shamela0005756,3148,180,390,165,83
1093,628,1429,Shia001831Vols,272,189,1131,583,73
1093,464,989,Shamela0000140,278,215,737,314,61
1093,45,589,Sham19Y0122406,1467,859,1546,285,44
1093,476,1287,Sham19Y0122406,1468,177,1213,397,42
1093,476,1153,Shamela0021677,2104,1051,1349,207,36
1093,50,427,Sham19Y0013252,1628,580,1080,274,62
1093,1246,1422,Sham19Y0013252,2759,320,478,121,84
1093,476,762,Sham19Y0017063,413,1172,1585,221,66
1093,762,1453,Sham19Y0017063,414,1,702,529,91
1093,766,915,Sham19Y0013605,1648,635,770,105,88
1094,721,901,Sham19Y0013667,3060,957,1337,122,37
1094,916,1599,Sham19Y0017747,794,471,1131,295,40
1094,226,892,Shamela0008540,2121,158,591,282,46
1094,885,1260,Sham19Y0131521,2423,855,1397,257,55
1094,134,323,Shamela0001727,530,692,1009,150,58
1094,945,1264,Sham19Y0014309,1979,1204,1429,157,59
1094,46,323,Shia001831Vols,272,1157,1356,82,27
1094,494,880,Shamela0000140,1038,1142,1341,145,42
1094,1079,1599,ShamAY0033531,1328,1013,1533,412,99
1094,570,837,Shamela0011036,1047,1062,1438,131,34
1094,292,892,Sham19Y0122257,1099,233,667,321,62
1095,311,908,Shamela0005756,5543,391,903,293,56
1095,1336,1528,Sham19Y0127677,14573,700,1239,134,32
1095,306,1089,Shia001831Vols,273,595,1317,347,42
1095,1331,1533,JK000201,3084,718,890,134,85
1095,1,259,ShamAY0033531,1329,1,256,207,98
1095,1425,1533,Sham19Y0013223,1843,206,314,85,100
1095,290,574,Sham19Y0013223,1847,1258,1524,204,86
1095,586,1009,Sham19Y0013252,2869,134,510,213,59
1095,314,521,Sham19Y0013252,2870,18,217,155,85
1095,283,908,Sham19Y0122257,1097,1136,1558,267,50
1095,259,488,Sham19Y0017063,406,508,781,144,56
1096,442,672,Sham19Y0013769,712,736,1017,172,71
1096,442,681,Shamela0008176,2492,273,514,174,84
1096,496,681,Sham19Y0017747,799,769,949,135,86
1096,442,681,Shamela0021715,2452,388,640,182,87
1096,420,681,Shamela0001673,11194,951,1174,138,63
1096,959,1263,Shamela0036080,19,1,289,230,92
1096,479,681,Sham19Y0035453,202,925,1124,156,94
1096,1,331,JK000201,3084,890,1453,255,57
1096,429,681,Sham19Y0018106,1171,1032,1302,190,84
1096,1,374,Sham19Y0013223,1843,314,686,296,99
1096,442,681,Sham19Y0122257,1097,232,474,178,85
1097,816,1503,JK007083,115,559,873,157,28
1097,1253,1503,Sham19Y0017747,799,112,463,191,68
1097,816,1533,JK000977,905,136,848,185,21
1097,890,1073,Shia002616Vols,6952,1259,1441,141,93
1097,816,1533,JK006897,212,487,745,141,23
1097,872,1334,Shamela0012293,4335,1004,1197,104,27
1097,801,1334,Shamela0012293,4864,235,454,135,31
1097,816,1334,Shamela0021590,624,1082,1306,121,29
1097,838,1533,Shamela0001727,533,1,453,166,23
1097,801,1334,Shamela0012014,150,607,1056,167,32
1097,1253,1533,Shamela0006947,11988,159,531,142,46
1097,816,1334,Shamela0008381,951,570,867,153,34
1097,682,1449,Shia001831Vols,274,768,1465,329,45
1097,890,1299,Shamela0000140,1038,99,493,256,69
1097,816,1488,Shamela0006366,1312,883,1180,149,28
1097,1253,1533,Sham19Y0122406,1475,1142,1411,135,45
1097,804,1310,Sham19Y0122406,1475,98,796,271,42
1097,851,1334,Sham19Y0132524,891,1079,1263,107,27
1097,1272,1533,Sham19Y0132524,892,76,441,115,34
1097,374,825,Shia001845Vols,305,1145,1366,113,29
1097,1253,1533,Shamela0001875,710,436,755,130,40
1097,368,565,ShamAY0033531,1293,790,926,110,68
1097,1272,1458,Sham19Y0018272,2070,1147,1369,128,72
1097,453,1533,Sham19Y0020638,444,30,1176,288,21
1097,872,1192,Sham19Y0013223,1844,616,809,153,60
1097,374,565,Sham19Y0017063,402,187,367,142,92
1097,804,1272,Sham19Y0017063,405,435,913,297,68
1097,816,1503,Shamela0022644,1430,97,446,160,28
1097,801,1338,Shamela0008370,523,327,721,132,24
1097,1253,1533,Shamela0008370,603,303,696,145,41
1098,332,880,Sham19Y0013667,5653,766,1119,188,38
1098,328,664,JK000121,591,908,1144,119,42
1098,328,837,Shamela0096228,622,777,1075,158,36
1098,354,575,Shamela0008540,2114,1280,1484,120,63
1098,927,1052,Shamela0008540,2115,509,634,104,100
1098,350,887,Sham19Y0131521,2389,195,628,278,60
1098,1090,1246,Sham19Y0131521,2390,459,660,118,69
1098,1090,1246,Shamela0000140,1037,824,1000,117,77
1098,332,664,JK000201,3125,1425,1665,120,42
1098,328,575,Rafed0000401,380,316,480,83,41
1098,303,1198,ShamAY0033531,1304,685,1587,591,71
1098,328,837,Shamela0003722,8296,514,812,158,36
1098,328,875,Shamela0010452,1176,534,889,182,36
1098,388,809,Masaha001946Vols,728,269,494,151,43
1098,1353,1536,Sham19Y0122257,1093,26,172,117,78
1099,498,860,Sham19Y0013667,3040,883,1245,290,99
1099,1068,1333,Sham19Y0013667,3064,400,639,180,85
1099,1087,1337,Sham19Y0148486,4076,503,796,192,82
1099,636,869,Shamela0008176,2490,92,313,151,75
1099,1068,1333,JK000977,907,627,881,199,94
1099,1096,1337,Shia002616Vols,1184,764,998,178,93
1099,1068,1344,Shamela0001719,893,29,746,182,30
1099,1073,1333,Shia000841Vols,2952,979,1191,148,68
1099,1112,1344,Shamela0002863,1487,1241,1489,176,88
1099,588,860,Shamela0008540,2110,1,274,218,99
1099,424,860,Sham19Y0131521,2385,1,441,243,54
1099,884,1333,Shamela0001727,534,885,1398,253,53
1099,1087,1333,JK009318,85,306,568,181,81
1099,1112,1333,Shia002069Vols,714,458,660,135,68
1099,1108,1333,Sham19Y0013572,43,659,848,143,77
1099,1068,1337,ShamAY0033910,548,134,377,171,74
1099,1068,1333,Sham19Y0127677,17230,200,447,195,92
1099,1108,1333,JK000130,548,848,1046,143,74
1099,1122,1337,JK000130,549,36,623,162,34
1099,927,1502,Shia001831Vols,275,1208,1407,111,22
1099,879,1033,Shamela0000140,1043,572,730,108,84
1099,1091,1333,Sham19Y0122406,1479,1,244,192,99
1099,1184,1337,Sham19Y0132524,895,43,198,119,96
1099,1108,1344,Shia002003Vols,802,321,558,158,77
1099,1112,1497,Shamela0025800,3000,418,885,215,56
1099,1112,1333,Sham19Y0017729,201,60,284,136,64
1099,1112,1337,ShamAY0034005,751,333,530,135,70
1099,884,1191,Sham19Y0020638,445,1196,1482,124,46
1099,1033,1502,Sham19Y0013223,1849,1447,1598,111,29
1099,1112,1333,ShamAY0031687,846,351,585,172,90
1099,1112,1333,Sham19Y0146127,2179,188,399,153,80
1099,351,742,Shamela0009242,1788,886,1235,154,41
1099,1068,1333,Sham19Y0018176,2494,116,379,185,80
1099,8,344,Sham19Y0122257,1093,482,850,152,46
1099,1073,1333,Sham19Y0122257,1099,1177,1359,125,57
1099,645,914,Sham19Y0014601,2726,937,1164,171,76
1099,15,842,Sham19Y0017063,404,821,1537,462,64
1099,842,1033,Sham19Y0017063,405,1,193,134,82
1099,847,1333,Sham19Y0017063,407,899,1526,131,18
1099,1239,1502,Sham19Y0017063,408,75,316,149,63
1099,1073,1333,Shamela0008360,283,112,294,125,57
1099,1068,1333,Sham19Y0013605,4888,950,1213,185,80
1100,508,658,Shia002206,82,5,154,116,99
1100,17,467,Sham19Y0013667,3065,286,731,347,93
1100,10,467,Shamela0008540,2120,459,916,365,99
1100,483,653,Shamela0001727,535,350,519,133,99
1100,17,422,Shamela0005756,5551,322,500,121,37
1100,462,653,Sham19Y0127677,15953,684,888,137,85
1100,1181,1507,Sham19Y0013253,376,980,1317,218,74
1100,187,382,Shamela0021660,4492,996,1126,92,60
1100,1181,1507,Sham19Y0122406,1480,470,789,223,78
1100,483,673,Sham19Y0122406,1480,103,305,142,89
1100,126,467,ShamAY0033733,178,1093,1376,200,70
1100,126,478,Sham19Y0013223,1850,19,380,275,91
1100,126,467,Shamela0012052,881,531,837,195,65
1100,96,467,Shamela0009242,1781,1,414,282,85
1100,10,230,Sham19Y0020590,144,1384,1534,110,60
1100,230,467,Sham19Y0020590,145,1,189,147,77
1100,187,394,Sham19Y0122257,1101,1027,1195,124,74
1100,1,467,Sham19Y0017063,408,316,758,336,88
1100,17,268,Sham19Y0013605,1698,1313,1430,85,42
1101,1153,1373,Shamela0023700,1463,1102,1241,85,51
1101,948,1162,JK009329,6,396,665,77,35
1101,39,757,Shamela0001673,11195,655,1086,257,43
1101,1293,1485,JK000481,185,33,462,85,26
1101,1129,1485,Shamela0009242,1782,657,936,192,68
1102,124,534,Sham19Y0013667,3063,765,1201,198,47
1102,1162,1493,ShamAY0035035,6723,1,433,125,30
1102,1153,1493,ShamAY0035035,6725,476,917,132,31
1102,26,534,Shamela0008540,2119,415,819,196,41
1102,93,809,Shamela0008540,2120,13,437,319,55
1102,558,1148,Shamela0001727,535,678,1413,161,20
1102,1153,1309,Shamela0001727,536,665,1179,116,28
1102,848,1005,Sham19Y0127677,8659,273,462,126,83
1102,904,1048,Shamela0001673,9633,637,788,111,91
1102,1072,1493,Sham19Y0014309,911,680,1401,189,29
1102,867,1005,Sham19Y0122096,2924,1207,1476,90,40
1102,456,1005,Shia001831Vols,276,228,498,195,42
1102,904,1057,JK000201,3081,20,197,113,76
1102,1153,1309,Shamela0004289,1015,844,1157,115,47
1102,836,1027,Shamela0021660,3787,372,615,121,57
1102,848,1048,Sham19Y0018272,1606,781,1050,156,71
1102,558,1072,Sham19Y0020638,446,684,1337,148,21
1102,1153,1435,Sham19Y0020638,447,313,1175,161,24
1102,1355,1493,Masaha001864Vols,4332,942,1080,110,99
1102,553,809,Sham19Y0122257,1106,1,188,143,67
1102,867,1493,Shamela0000791,747,1046,1486,304,59
1103,537,1013,JK000021,2822,859,1419,182,30
1103,537,1098,Shamela0008203,242,649,1305,219,32
1103,1,202,Shamela0008176,6491,250,432,144,89
1103,537,851,JK000977,911,1240,1419,119,46
1103,783,1098,JK000977,912,112,426,233,90
1103,537,1068,JK000110,1684,949,1485,201,35
1103,537,965,Shamela0025794,1958,983,1438,171,35
1103,537,925,Shamela0026803,166,104,541,152,31
1103,236,880,Shamela0001727,537,869,1452,179,23
1103,880,1098,Shamela0001727,538,1,223,173,98
1103,537,890,Shamela0021605,1849,894,1234,111,28
1103,537,1098,JK000786,3651,611,1134,226,41
1103,783,1192,Shamela0009810,1448,32,918,285,40
1103,783,1098,Sham19Y0127677,637,1027,1452,204,57
1103,537,1098,Shamela0012884,4499,342,950,221,36
1103,537,1098,Shia001731Vols,846,392,909,314,59
1103,556,1098,Shia002175,18,64,503,270,54
1103,537,1013,JK000733,21,886,1430,184,31
1103,1,179,Sham19Y0014309,911,1401,1541,112,78
1103,1,198,Sham19Y0014309,2756,126,310,143,87
1103,537,1098,Sham19Y0017903,950,572,1052,198,35
1103,1,198,Shia001831Vols,276,728,890,126,78
1103,537,877,Shia002218Vols,896,1220,1438,133,45
1103,860,1140,Shia002218Vols,897,1,316,208,83
1103,783,1098,Shamela0008493,161,612,1030,204,60
1103,783,1098,ShamAY0034282,2444,960,1325,201,67
1103,227,1136,Sham19Y0122406,1485,15,1491,294,19
1103,822,1098,Sham19Y0122406,1486,607,887,218,98
1103,537,1107,Sham19Y0001734,1277,206,744,312,56
1103,537,1098,ShamAY0034005,1175,11,668,215,31
1103,556,1126,Sham19Y0020638,448,870,1399,299,53
1103,537,1224,Shamela0011363,342,359,1039,221,28
1103,537,851,Shia001976Vols,312,262,433,114,44
1103,537,1098,JK000022,2680,699,1258,246,42
1103,246,485,Shamela0011036,1053,469,653,130,67
1103,556,1277,Sham19Y0017616,148,12,723,282,33
1103,556,1098,ShamAY0038389,310,671,1102,236,45
1103,537,1126,Sham19Y0017798,429,581,1144,280,45
1103,1,198,Sham19Y0122257,2945,317,501,143,87
1103,860,1563,Sham19Y0017063,1286,37,942,376,43
1104,251,434,JK000021,2822,859,1256,96,27
1104,251,434,Shamela0008203,242,649,1033,96,28
1104,996,1250,Shamela0031375,35,802,1042,171,80
1104,251,408,JK000977,911,1240,1419,119,82
1104,251,444,Shamela0026803,166,104,502,149,47
1104,251,437,Shamela0001727,537,1148,1452,146,61
1104,251,474,Shamela0021605,1849,894,1253,130,42
1104,312,444,Shamela0009810,1448,1,216,101,59
1104,270,434,Sham19Y0127677,637,964,1214,105,50
1104,251,444,Shia001731Vols,846,392,693,149,62
1104,270,434,Shia002175,18,73,285,112,61
1104,251,434,JK000733,21,886,1266,96,28
1104,451,714,Shia001831Vols,278,1327,1567,180,84
1104,1,224,Shia001831Vols,278,55,253,147,79
1104,714,1479,Shia001831Vols,279,1,767,597,96
1104,251,434,Shia002218Vols,896,1220,1438,132,75
1104,251,417,Sham19Y0122406,1485,1007,1291,119,52
1104,251,1073,Sham19Y0001734,1277,206,571,188,25
1104,251,434,ShamAY0034005,1175,11,398,96,27
1104,251,444,Sham19Y0020638,448,835,1146,151,62
1104,61,224,Sham19Y0020638,1669,1198,1342,117,88
1104,251,434,JK000022,2680,699,1003,123,50
1104,270,444,Sham19Y0017616,148,21,288,136,65
1104,251,434,Sham19Y0017798,429,581,885,126,50
1105,1,287,Sham19Y0013253,378,1118,1418,215,88
1105,807,1234,Shia001831Vols,279,773,1135,153,38
1105,1,251,Sham19Y0122406,1486,1243,1499,177,82
1106,1212,1441,Shamela0004445,2664,231,471,172,90
1106,1212,1441,JK000021,2392,484,699,148,82
1106,1212,1441,Masaha003032,86,376,639,171,82
1106,1212,1441,Shamela0007891,2267,352,586,174,94
1106,1212,1441,Shia001432Vols,7087,1046,1283,170,89
1106,1212,1420,Shamela0021629,113,463,718,156,76
1106,1244,1441,Sham19Y0020594,316,1,198,154,100
1106,1212,1441,Sham19Y0016584,3901,173,407,174,94
1106,1212,1441,Shamela0006610,1159,948,1171,165,91
1106,1212,1441,Shamela0001483,11,687,913,165,90
1106,1212,1441,Shamela0008176,7278,345,618,165,74
1106,1212,1441,JK000977,915,945,1162,153,80
1106,899,1441,JK006897,226,134,583,235,42
1106,1212,1445,JK009242,265,733,972,174,92
1106,1212,1441,Shamela0010637,97,14,237,172,93
1106,1212,1441,Shamela0028107,87,1016,1242,165,90
1106,1212,1441,JK000110,1546,381,615,174,94
1106,1212,1441,JK000110,1602,830,1036,148,78
1106,1212,1441,ShamAY0034447,1049,281,508,179,99
1106,1212,1441,Sham19Y0036110,320,208,403,147,81
1106,1212,1369,Sham19Y0014579,647,1377,1542,113,85
1106,806,1379,Sham19Y0131521,5462,879,1093,96,20
1106,1212,1441,Sham19Y0014592,1208,943,1175,174,94
1106,1212,1445,Shamela0021715,8917,968,1206,175,93
1106,1212,1445,Shamela0021715,9201,115,324,150,79
1106,1212,1441,Sham19Y0016684,1851,278,512,174,94
1106,918,1441,Shamela0001727,540,18,559,211,33
1106,1212,1445,Zaydiyya0000185,73,14,223,147,77
1106,1212,1441,JK006838,143,1,198,142,76
1106,1212,1441,Shamela0026568,516,452,632,125,67
1106,1212,1441,Sham19Y0013572,697,1162,1368,148,79
1106,1212,1354,Sham19Y0127700,42,1321,1458,95,84
1106,1212,1441,Shamela0005756,13747,883,1087,147,78
1106,1212,1441,Sham19Y0023644,1519,365,586,155,85
1106,1212,1441,Shamela0012014,172,1072,1270,150,82
1106,1212,1441,Shamela0004473,1419,454,659,149,79
1106,1212,1441,Shamela0005922,2204,64,291,179,99
1106,1212,1339,JK000734,234,1400,1532,101,94
1106,1339,1441,JK000734,235,1,109,79,94
1106,1212,1441,Shamela0035100,656,275,461,132,72
1106,201,734,Shia001831Vols,280,219,699,186,33
1106,1212,1445,ShamAY0033523,596,117,319,150,81
1106,1219,1441,JK000918,19,35,264,167,91
1106,665,800,Shamela0021502,206,557,695,103,86
1106,1212,1441,Shamela0010906,653,522,709,132,71
1106,1212,1441,Shamela0023685,536,1209,1389,125,67
1106,1212,1441,Shamela0029900,26,896,1087,147,82
1106,1316,1441,Sham19Y0122406,1491,958,1083,97,100
1106,1212,1445,JK009324,3081,1249,1488,177,93
1106,1212,1441,Shamela0037837,783,427,661,174,94
1106,918,1410,Sham19Y0132524,902,1158,1509,190,39
1106,899,1441,Shamela0001875,751,334,784,225,39
1106,1212,1441,Sham19Y0018106,3570,55,289,174,94
1106,1212,1441,Sham19Y0018106,3667,486,691,149,79
1106,908,1113,Sham19Y0013631,626,1053,1244,146,87
1106,1212,1441,Sham19Y0018103,3495,365,597,171,92
1106,1212,1441,Sham19Y0018103,3602,726,931,149,79
1106,1212,1441,Sham19Y0017791,1968,1063,1326,174,83
1106,1212,1441,Shia003732Vols,2832,505,737,170,89
1106,1212,1445,Sham19Y0014462,221,871,1117,173,89
1106,1212,1374,Kraken220413202218,483,1422,1568,102,79
1106,1219,1441,Shia001340,10,553,795,170,88
1106,1212,1441,Shamela0000170,984,1,217,157,84
1106,463,1441,Sham19Y0020638,450,503,1317,357,36
1106,1212,1441,Sham19Y0013223,986,293,493,151,83
1106,1239,1441,Masaha001864Vols,475,1,210,150,91
1106,1212,1441,Masaha001864Vols,1579,373,601,170,92
1106,1445,1574,Masaha001864Vols,4707,1084,1214,107,99
1106,1212,1441,Shamela0011433,19,901,1117,166,92
1106,1212,1452,Shamela0021766,1966,986,1213,176,93
1106,1212,1441,Sham19Y0013252,8803,25,259,174,94
1106,1212,1441,Sham19Y0013252,9064,1124,1329,149,79
1106,899,1226,Masaha001946Vols,669,730,1071,234,82
1106,1212,1445,ShamAY0035960,597,281,483,150,81
1106,1212,1441,ShamAY0035884,371,837,1071,168,87
1106,1212,1441,Sham19Y0016976,1782,485,748,174,83
1106,1212,1441,Sham19Y0017616,149,131,360,181,100
1106,1212,1441,Shamela0000041,2641,915,1149,174,94
1106,1212,1441,Sham19Y0009800,199,40,285,169,87
1106,1212,1346,JK007065,754,1295,1435,97,85
1106,1212,1441,Sham19Y0018176,2116,919,1153,174,94
1106,1212,1441,Sham19Y0122257,3279,466,749,174,77
1106,1212,1441,Shia001421Vols,172,606,839,165,90
1106,1212,1441,Sham19Y0014119,623,80,345,174,83
1106,86,333,Sham19Y0017063,407,1137,1376,170,82
1106,1212,1441,Sham19Y0017063,1508,1175,1438,174,83
1106,1212,1441,Shamela0010803,89,910,1156,174,89
1106,1212,1441,Sham19Y0013605,4160,193,427,174,94
1106,1212,1441,Sham19Y0013605,4289,60,265,149,79
1106,1219,1445,Shia000806Vols,118,339,585,166,85
1106,1212,1441,Sham19Y0017442,253,482,672,140,77
1107,531,1450,Shamela0008176,5113,376,899,363,49
1107,661,1213,Shamela0008353,409,815,1127,129,27
1107,195,390,Shia001831Vols,280,1168,1356,149,94
1107,531,1455,Sham19Y0122257,2396,475,1048,401,54
1108,27,186,Shamela0004445,2036,637,867,118,63
1108,11,357,ShamAY0038387,147,1207,1468,161,57
1108,16,427,Sham19Y0017715,311,248,562,167,45
1108,27,136,Sham19Y0016584,923,930,1039,86,100
1108,27,427,Sham19Y0016584,924,352,762,246,73
1108,27,427,Sham19Y0016584,4886,182,505,178,55
1108,11,417,Shamela0006610,456,1057,1450,275,84
1108,27,427,Shamela0006610,972,915,1201,150,47
1108,166,417,JK009390,444,568,813,157,77
1108,193,357,JK009390,892,1128,1276,104,82
1108,16,567,Sham19Y0019188,1152,579,1001,174,32
1108,362,593,JK000977,163,867,1061,106,57
1108,362,748,JK000977,918,604,944,121,30
1108,27,567,JK000110,222,366,902,263,44
1108,362,748,JK000110,359,1096,1453,150,41
1108,27,427,JK000110,1972,29,352,178,55
1108,27,567,Shamela0025794,3857,156,1128,205,21
1108,27,567,Shamela0025794,4610,468,941,174,33
1108,32,350,JK007128,935,691,1007,148,47
1108,27,350,Shamela0021715,1607,1227,1543,250,97
1108,40,357,Shamela0021715,1608,516,1465,246,32
1108,27,427,Shamela0021715,11282,886,1209,178,55
1108,27,427,Sham19Y0016684,418,819,1215,286,89
1108,362,748,Sham19Y0016684,616,1229,1485,145,47
1108,186,427,Sham19Y0016684,2098,12,246,145,74
1108,362,748,Shamela0001727,541,379,752,145,36
1108,53,427,Shamela0005816,412,55,420,157,41
1108,53,567,Shamela0010710,31,592,1098,187,32
1108,178,357,Shia002261Vols,74,1164,1342,142,99
1108,27,427,Shamela0005756,3905,305,701,286,89
1108,40,427,Shamela0012014,149,695,1101,276,85
1108,178,357,Sham19Y0127677,443,605,783,142,99
1108,193,357,Sham19Y0127677,861,1292,1440,104,82
1108,161,427,Shamela0006947,12722,593,863,166,65
1108,27,315,Kraken230106005528,969,1162,1438,193,80
1108,27,567,JK007049,171,261,739,212,38
1108,27,427,Shamela0036515,2259,789,1152,157,38
1108,193,458,Shamela0021713,1327,104,372,128,57
1108,203,412,ShamAY0033523,541,6,211,122,72
1108,27,427,Shamela0004289,1549,300,693,277,86
1108,178,357,Shamela0001975,205,232,411,143,100
1108,8,427,Shamela0009702,375,411,832,304,90
1108,362,748,Sham19Y0122406,1493,50,422,149,38
1108,178,357,Shia002265Vols,3784,934,1112,142,99
1108,16,427,JK009324,3774,227,558,177,54
1108,193,357,Shamela0000927,1097,251,403,97,74
1108,27,186,Shamela0037837,497,1245,1398,120,96
1108,186,427,Shamela0037837,498,1,237,155,80
1108,24,427,Shamela0001875,750,780,1184,281,85
1108,178,357,Shamela0001438,1013,1172,1350,142,99
1108,193,357,Shamela0001438,1688,129,277,104,82
1108,24,408,Kraken230110004547,504,685,1054,258,82
1108,27,427,Sham19Y0018106,806,592,988,286,89
1108,27,427,Sham19Y0018106,4288,1047,1370,178,55
1108,27,427,Shamela0009107,542,513,911,283,87
1108,186,567,Shia003725,38,628,1028,170,39
1108,27,280,Sham19Y0018103,912,1248,1494,194,97
1108,362,748,Sham19Y0018103,1237,1009,1265,145,47
1108,27,427,Sham19Y0018103,4301,1093,1416,178,55
1108,178,357,ShamAY0035990,395,863,1154,134,58
1108,132,427,Shamela0025800,2797,1,295,199,84
1108,24,567,Shamela0096283,97,198,693,263,48
1108,186,567,JK000778,741,12,346,156,40
1108,178,357,Shamela0021659,254,732,911,143,100
1108,24,427,ShamAY0034005,1104,595,933,184,54
1108,40,186,Sham19Y0018272,491,1017,1179,109,82
1108,374,748,Sham19Y0020638,451,1124,1376,134,45
1108,57,427,Sham19Y0020638,1160,1,371,250,83
1108,178,287,JK000216,129,1400,1508,86,99
1108,16,186,JK000216,130,95,282,128,84
1108,27,567,Sham19Y0013252,1975,157,697,263,44
1108,27,427,Sham19Y0013252,10903,61,384,178,55
1108,11,567,ShamAY0035960,541,480,917,210,45
1108,16,432,Shamela0008463,3462,1114,1516,217,59
1108,53,398,Shamela0007342,313,442,757,172,53
1108,186,567,Sham19Y0146127,2218,7,376,155,40
1108,27,567,JK000515,30,95,592,142,21
1108,11,319,Shamela0009242,1784,840,1133,231,94
1108,27,427,Shamela0009242,3468,61,344,140,44
1108,362,748,Shamela0000041,2425,825,1183,143,37
1108,27,280,JK007065,1232,1185,1432,192,96
1108,27,427,Sham19Y0018176,430,182,578,286,89
1108,27,427,Sham19Y0018176,2607,599,922,178,55
1108,27,251,Shamela0000137,1687,949,1154,160,90
1108,193,567,ShamAY0035288,205,785,1159,137,33
1108,193,357,ShamAY0035288,240,586,738,97,74
1108,76,427,Sham19Y0022884,128,1,397,227,71
1108,27,303,Shamela0021743,1031,1323,1556,148,65
1108,27,152,Sham19Y0013605,1316,219,344,99,100
1108,158,567,Sham19Y0013605,1316,934,1345,164,33
1108,27,427,Sham19Y0013605,5129,908,1231,178,55
1109,1,283,Sham19Y0131521,6674,608,891,214,90
1109,336,1588,Shia001831Vols,281,362,899,361,35
1109,1,283,JK000201,4471,698,975,225,97
1109,787,1588,Sham19Y0122406,1498,1028,1299,145,22
1109,779,996,Sham19Y0122406,1499,33,345,99,39
1109,1,303,Shia001845Vols,312,407,636,172,67
1109,1,262,Sham19Y0018272,32,1369,1563,151,69
1109,787,1588,Sham19Y0020638,454,211,478,145,22
1109,350,568,Sham19Y0020638,1670,837,1138,88,33
1109,1,283,Masaha001946Vols,671,1053,1269,169,71
1110,21,1110,Shia001831Vols,281,903,1567,495,54
1110,324,660,Sham19Y0122406,1500,216,516,195,66
1110,518,697,Sham19Y0013631,1479,119,277,126,88
1111,819,1379,Shamela0021715,5014,993,1487,181,33
1111,692,1375,Shamela0005756,9349,843,1404,322,50
1111,850,1414,Sham19Y0013253,380,1,512,279,55
1111,267,800,Shia001831Vols,282,125,493,180,37
1111,61,262,Sham19Y0122406,1496,1190,1523,105,33
1111,692,1547,Sham19Y0122406,1503,69,1184,455,45
1111,522,949,Shamela0025800,2286,935,1375,132,27
1111,493,768,Sham19Y0020638,1671,346,578,98,41
1111,819,1524,Masaha001946Vols,669,1136,1572,292,51
1111,819,1087,Shamela0009242,449,684,979,195,79
1111,1032,1547,Sham19Y0023625,2341,265,777,412,98
1112,267,940,Shamela0004445,2038,663,969,143,25
1112,267,952,ShamAY0034441,373,834,1149,152,26
1112,489,959,Shamela0000767,4652,533,733,108,29
1112,267,940,Shamela0001727,546,940,1257,144,24
1112,501,944,JK006838,1127,1,175,95,27
1112,4,175,Shamela0005756,9648,823,992,130,91
1112,746,1159,Shamela0005756,9649,1,255,157,47
1112,1378,1568,Sham19Y0013253,381,1004,1214,145,83
1112,666,1144,Shia001831Vols,282,1085,1424,240,62
1112,267,969,Sham19Y0096918,306,786,1069,143,25
1112,267,940,Sham19Y0122406,1501,785,1102,144,24
1112,1,262,Sham19Y0122406,1503,1184,1429,189,87
1112,660,959,Sham19Y0122406,1505,121,354,169,67
1112,1378,1568,Sham19Y0122406,1508,684,894,146,84
1112,267,940,Sham19Y0132524,908,171,855,143,16
1112,267,940,Shamela0001875,1347,955,1272,144,24
1112,429,767,Sham19Y0018103,2371,317,761,106,23
1112,267,952,Sham19Y0020638,456,909,1236,152,25
1112,996,1144,Sham19Y0020638,1671,715,857,108,87
1112,267,944,Masaha001864Vols,3196,183,536,156,24
1112,673,1159,Sham19Y0013252,5836,611,1039,187,40
1112,1,128,Masaha001946Vols,670,24,148,98,96
1112,489,944,ShamAY0035960,594,754,941,100,27
1112,1366,1568,Shamela0009242,448,485,650,134,81
1112,1,262,Sham19Y0023625,2341,777,1048,198,87
1112,489,940,JK007065,628,1112,1295,97,27
1112,899,1121,Sham19Y0014119,1560,1317,1472,116,64
1112,262,484,Sham19Y0014119,1560,554,730,137,77
1112,312,775,Sham19Y0017063,1551,1128,1361,151,39
1112,281,940,Rafed0003902Vols,4799,168,423,131,24
1112,494,940,Shamela0008658,3138,588,779,97,26
1113,86,703,Shamela0009918,1939,453,922,215,35
1113,1003,1543,Sham19Y0131521,6301,289,932,168,25
1113,1,214,Shamela0021715,10369,391,539,101,56
1113,1013,1135,Shamela0005756,9643,1338,1511,97,70
1113,1,244,Sham19Y0013253,381,1214,1471,166,77
1113,244,576,Sham19Y0013253,382,1,443,189,50
1113,1,382,Sham19Y0122406,1508,894,1481,265,56
1113,1,957,Shamela0009242,448,650,1460,594,72
1114,416,682,JK006897,209,28,339,51,12
1114,1,354,Sham19Y0131521,6301,932,1222,139,45
1114,304,682,Shamela0001727,547,502,869,73,15
1114,48,359,Shamela0005756,9645,377,1044,215,39
1114,365,682,JK000130,541,67,392,74,18
1114,26,1420,Shia001831Vols,283,95,759,424,37
1114,1147,1504,Shamela0004289,50,547,1175,135,23
1114,304,682,Sham19Y0122406,1502,351,778,96,20
1114,1033,1504,Shamela0025800,2759,714,1253,152,25
1114,1431,1581,Sham19Y0014224,1351,639,796,120,95
1114,304,682,Sham19Y0020638,457,318,685,73,15
1114,348,734,Sham19Y0020638,1671,912,1089,122,39
1114,304,682,Sham19Y0016555,914,432,626,95,31
1114,1254,1420,Shamela0009242,447,1190,1390,132,82
1114,1436,1562,Shamela0009059BK1,3178,1348,1513,98,74
1114,662,852,Sham19Y0017063,1552,358,888,139,31
1114,1431,1581,Shamela0023177,111,522,678,119,94
1115,732,1201,Shamela0007891,1688,1,217,94,22
1115,672,1201,Sham19Y0016584,4502,604,878,119,25
1115,718,1201,Shamela0003055,3562,258,467,93,22
1115,713,1201,Shia001353,397,133,369,107,24
1115,713,1201,Shamela0001719,4472,1058,1284,93,21
1115,672,1201,Sham19Y0127656,805,946,1219,116,24
1115,672,1201,JK000110,1806,679,953,119,25
1115,718,1201,Shamela0037325,2127,923,1157,110,28
1115,672,1201,Shamela0021715,10366,347,621,119,25
1115,737,1201,Shamela0001727,549,1,213,90,21
1115,713,1078,Sham19Y0013253,381,173,694,156,32
1115,137,485,Shia001831Vols,283,1247,1601,227,69
1115,492,956,Shia001831Vols,284,1,393,302,78
1115,718,1201,JK006950,2540,623,857,110,28
1115,718,1201,Shamela0008514,131,1,231,105,24
1115,672,1201,JK009324,3009,918,1193,118,25
1115,645,1201,Sham19Y0132524,909,334,679,137,26
1115,645,1201,Shamela0001875,1344,1018,1340,136,27
1115,672,1201,Shamela0036446,1387,461,739,118,24
1115,672,1201,Sham19Y0018103,3991,101,374,119,25
1115,645,1213,Shamela0025800,2758,80,433,140,27
1115,645,1201,Sham19Y0020638,458,681,1003,135,27
1115,672,1201,Sham19Y0013252,10208,768,1042,119,25
1115,672,1201,Sham19Y0013252,10211,124,398,123,29
1115,752,1056,Sham19Y0013252,10215,1004,1269,62,19
1115,672,1201,JK007065,674,11,305,125,26
1115,672,1201,Sham19Y0018176,2422,371,645,119,25
1115,645,1201,Shamela0021315,12,618,955,130,25
1115,718,1201,Shamela0011328,4,781,990,96,23
1116,330,807,Shia001831Vols,284,908,1430,207,38
1116,894,1117,Sham19Y0122406,1511,458,686,136,63
1117,213,585,ShamAY0033177,208,740,962,162,53
1117,11,686,Sham19Y0131521,6305,469,941,348,64
1117,11,581,Shamela0009810,95,86,532,272,55
1117,722,1586,Shia001831Vols,285,15,378,173,22
1117,203,581,Sham19Y0020879,842,1,377,296,98
1117,11,481,Shia001845Vols,457,1237,1591,189,43
1117,481,581,Shia001845Vols,458,1,101,79,100
1117,213,585,ShamAY0033531,2990,982,1332,261,87
1117,156,686,ShamAY0033531,3468,645,1177,392,88
1117,213,585,ShamAY0033531,4173,685,1035,261,87
1117,156,686,ShamAY0033531,4651,76,608,392,88
1118,276,810,Shamela0004445,3553,1095,1407,118,22
1118,750,1071,Sham19Y0131521,6300,1229,1537,232,82
1118,522,769,Sham19Y0029676,466,490,1205,121,20
1118,865,1144,Sham19Y0122406,1509,965,1273,211,80
1118,745,1315,Shia003732Vols,4367,180,654,351,72
1118,276,810,Sham19Y0020638,460,768,1040,126,29
1118,276,810,Shamela0011036,1995,856,1129,121,28
1118,750,1620,Shamela0011036,1997,22,1010,644,79
1119,77,455,Sham19Y0131521,6300,221,419,81,24
1119,460,1031,Shia001831Vols,286,257,919,310,48
1119,1355,1541,Shamela0009702,313,805,969,116,72
1119,460,789,Sham19Y0122406,1515,437,714,183,65
1119,63,436,Sham19Y0132524,913,1087,1344,112,36
1119,171,444,ShamAY0033531,3465,1107,1360,158,65
1119,460,867,ShamAY0033531,3471,631,1434,285,42
1119,1057,1563,ShamAY0033531,3472,897,1357,352,83
1119,171,444,ShamAY0033531,4648,552,805,158,65
1119,460,867,ShamAY0033531,4654,40,843,285,42
1119,1057,1563,ShamAY0033531,4655,302,762,352,83
1119,58,455,Shamela0011036,1996,599,929,199,56
1119,1134,1309,Shamela0011036,1997,1129,1299,136,95
1119,1111,1309,Zaydiyya0000229,368,233,443,158,89
1120,757,1006,Shamela0009978,61,1163,1465,142,60
1120,852,1006,Shamela0003485,218,491,638,104,88
1120,757,1006,Shamela0006610,460,540,771,127,60
1120,636,978,Shamela0001727,554,56,425,201,59
1120,852,1006,Sham19Y0013572,1215,1295,1466,117,87
1120,847,1006,Shamela0005756,5600,121,308,123,84
1120,636,978,Sham19Y0127677,8782,16,420,183,53
1120,757,982,Sham19Y0127677,19071,951,1220,145,61
1120,852,978,Shamela0006947,5524,934,1060,98,100
1120,784,1006,Shamela0005922,2226,198,491,138,61
1120,176,1501,Shia001831Vols,286,978,1528,368,34
1120,1363,1501,Shamela0000140,644,402,547,100,84
1120,469,978,Sham19Y0122406,1517,88,580,224,44
1120,852,1303,Sham19Y0132524,919,67,736,242,40
1120,852,978,Sham19Y0037618,6662,548,668,94,95
1120,852,1006,Kraken230110004547,193,296,440,105,82
1120,852,978,Shamela0036446,317,1400,1516,90,92
1120,856,978,Sham19Y0131003,490,1,122,94,98
1120,852,1501,Sham19Y0018103,1248,1065,1446,255,49
1120,852,1006,Shamela0025800,1082,5,163,120,97
1120,779,1046,Sham19Y0017791,599,136,341,82,36
1120,636,1006,Sham19Y0020638,463,41,422,171,55
1120,1022,1151,Sham19Y0020638,1673,70,197,102,98
1120,852,1006,Masaha001864Vols,2954,1199,1358,107,85
1120,774,1524,Masaha001864Vols,4465,1,727,543,88
1120,852,1010,Shamela0011036,1000,712,892,115,83
1120,847,1363,Shamela0012052,1311,323,583,117,25
1120,774,1006,JK007065,1009,243,524,142,65
1120,917,1339,Sham19Y0122257,1085,583,1012,212,51
1120,784,1391,Sham19Y0017063,399,881,1525,389,70
1120,907,1501,Sham19Y0013605,1716,270,705,223,44
1121,1,707,Sham19Y0013667,2968,1056,1600,415,72
1121,707,909,Sham19Y0013667,2969,1,203,164,100
1121,87,1017,Shamela0003055,1236,69,1012,722,92
1121,1,909,Shamela0008540,2124,219,973,590,79
1121,944,1453,Shamela0001727,554,518,1376,188,22
1121,925,1453,JK000786,1001,220,378,65,13
1121,1,259,Shamela0005756,5604,898,1079,117,55
1121,1022,1453,Shamela0005756,7912,134,594,162,29
1121,925,1135,Shamela0005922,2226,393,645,120,54
1121,1022,1453,Shamela0004289,1050,1058,1340,153,36
1121,925,1453,Sham19Y0122406,1518,139,484,163,33
1121,1022,1135,Shia002003Vols,787,1117,1236,89,93
1121,1,458,ShamAY0033531,1313,838,1328,305,71
1121,359,920,ShamAY0033531,1315,365,869,404,88
1121,925,1453,Sham19Y0018144,963,400,1079,120,15
1121,925,1453,Shamela0025800,1082,70,519,194,34
1121,915,1453,Sham19Y0020638,463,638,1230,218,34
1121,1031,1570,Masaha001864Vols,4058,283,717,324,71
1121,1,796,Masaha001864Vols,4465,727,1526,640,99
1121,796,920,Masaha001864Vols,4466,1,131,101,95
1121,925,1453,Shamela0009873,359,1179,1438,171,39
1121,925,1453,Shamela0011036,1000,200,657,153,27
1121,1288,1570,Shamela0011036,1001,620,1091,162,38
1121,109,230,Shamela0011036,1001,387,579,90,57
1121,925,1261,JK007065,1009,419,926,158,37
1121,47,264,Sham19Y0014601,6634,650,857,135,75
1121,1379,1574,Sham19Y0017063,399,539,875,140,51
1121,1,513,Sham19Y0017063,400,126,447,237,58
1122,525,1207,Sham19Y0013667,2991,302,841,189,26
1122,346,999,Sham19Y0131521,4219,33,582,317,49
1122,525,1062,Sham19Y0013253,384,817,937,91,20
1122,525,1062,Sham19Y0122406,1520,1097,1217,91,20
1122,1067,1344,Sham19Y0122406,1522,61,274,130,55
1122,1067,1609,Shamela0010765,306,628,750,84,19
1122,525,1062,Sham19Y0132524,922,1,266,87,16
1122,463,1207,ShamAY0033531,2107,1076,1509,198,30
1122,1,180,Masaha001864Vols,4058,722,901,141,98
1122,175,290,Masaha001864Vols,4466,1399,1514,92,100
1122,365,1609,Masaha001864Vols,4467,6,882,634,60
1122,1325,1609,Masaha001864Vols,5128,1,482,231,59
1122,1207,1609,Masaha001864Vols,5573,351,721,267,78
1122,10,164,Shamela0011036,1001,1096,1261,113,80
1123,975,1511,Sham19Y0131521,4218,268,936,281,47
1123,207,366,Shamela0001727,556,206,364,125,99
1123,667,1220,Shia001831Vols,287,614,1000,220,45
1123,219,366,Sham19Y0122406,1521,1,147,115,99
1123,776,1519,Sham19Y0122406,1521,264,718,154,20
1123,281,795,Sham19Y0122406,1523,1,623,177,29
1123,1,207,Shia001845Vols,312,42,248,148,81
1123,678,820,ShamAY0033531,2108,383,526,103,93
1123,895,1258,Shia003461Vols,991,11,271,167,55
1123,207,366,Masaha001864Vols,2137,487,645,125,99
1123,1,207,Masaha001864Vols,4467,882,1091,168,97
1123,1,202,Masaha001864Vols,5128,482,691,165,94
1123,1,202,Masaha001864Vols,5573,721,929,167,96
1124,271,1099,Shamela0001727,556,804,1423,268,31
1124,746,1152,Sham19Y0127677,8633,1001,1454,164,34
1124,336,732,Shia001831Vols,287,1084,1290,150,47
1124,478,1099,Sham19Y0122406,1523,400,1290,325,40
1124,290,462,ShamAY0033531,2108,223,377,106,79
1124,411,746,Shia003461Vols,991,689,963,204,75
1124,746,940,Masaha001864Vols,4862,1270,1448,142,90
1124,258,746,Masaha001864Vols,5129,129,617,382,98
1124,1152,1343,Sham19Y0013252,2796,546,745,132,76
1125,1058,1549,Shamela0008540,2035,69,207,91,22
1125,863,1549,Sham19Y0131521,2313,241,903,309,42
1125,108,390,Shamela0001727,557,509,876,106,30
1125,547,984,Shamela0001727,558,68,780,210,31
1125,127,660,Shia001831Vols,287,1404,1595,125,29
1125,108,390,Sham19Y0122406,1524,1089,1456,106,30
1125,547,785,Sham19Y0122406,1525,831,1240,107,32
1125,303,571,Sham19Y0132524,924,83,454,81,19
1125,683,984,Sham19Y0020638,466,52,419,185,64
1125,547,888,Sham19Y0017616,137,974,1353,114,30
1125,863,1549,Sham19Y0017063,383,213,660,249,39
1126,229,411,Sham19Y0013769,680,857,1029,121,78
1126,1114,1428,Sham19Y0127656,198,780,1008,90,33
1126,179,969,Shia000841Vols,2857,512,1524,378,43
1126,1183,1428,Shia000841Vols,2980,1,196,147,71
1126,1,179,Shamela0008540,2035,207,372,119,81
1126,179,1037,Shamela0000432,4458,671,1357,363,45
1126,179,960,Shamela0010639,131,428,1109,348,47
1126,1077,1537,Shamela0005922,1592,472,1076,178,28
1126,199,786,Sham19Y0023590,2688,165,550,191,39
1126,179,1037,Shamela0008473,3884,624,1112,251,32
1126,642,857,Sham19Y0013577,1093,1332,1528,130,72
1126,225,430,Sham19Y0013577,1093,572,788,127,63
1126,229,389,Sham19Y0014224,398,1434,1631,126,79
1126,547,792,Shamela0011468BK1,692,1253,1474,146,66
1126,303,1007,ShamAY0034251BK3,459,1,613,373,64
1126,633,792,Sham19Y0014580,908,1212,1366,116,86
1126,179,698,Sham19Y0023625,1171,427,750,207,48
1126,597,796,Sham19Y0023625,1556,294,816,126,29
1126,229,420,Sham19Y0020891,4982,1328,1507,121,72
1126,183,955,Sham19Y0122257,664,241,651,213,32
1126,1,955,Sham19Y0017063,383,660,999,188,23
1126,183,535,Sham19Y0013605,1721,294,524,162,58
1127,1414,1627,Sham19Y0017350,619,367,582,165,93
1127,820,1052,Sham19Y0017350,624,1191,1427,173,86
1127,217,678,Sham19Y0013667,6050,320,674,139,31
1127,867,1060,Sham19Y0013769,939,1,210,150,85
1127,1342,1627,Shamela0002569,570,68,399,147,41
1127,93,754,Shia000841Vols,2980,820,1521,342,49
1127,841,1052,Shia000841Vols,2981,1,193,157,90
1127,249,439,Shia000841Vols,3149,1367,1568,141,82
1127,439,684,Shia000841Vols,3150,1,264,190,88
1127,432,650,Shamela0026568,1155,1343,1510,120,67
1127,650,1146,Shamela0026568,1156,1,284,186,44
1127,563,820,Shamela0005756,6658,753,1005,195,93
1127,1,631,ShamAY0033522,307,860,1088,147,29
1127,217,1146,Shamela0023685,1328,655,1208,351,44
1127,217,678,Sham19Y0122406,1529,587,962,136,27
1127,1405,1565,Sham19Y0149697,2333,782,949,106,79
1127,1151,1318,Sham19Y0018144,851,140,573,115,32
1127,1,237,Sham19Y0150600,1006,1449,1652,161,84
1127,385,820,Sham19Y0150600,1007,13,434,327,89
1127,841,1052,Sham19Y0014224,565,819,1109,169,71
1127,159,820,Sham19Y0013252,3596,376,1020,239,32
1127,1409,1627,Shamela0011036,1082,160,444,150,66
1127,684,820,Shamela0011036,1088,433,569,110,100
1127,1409,1627,Shamela0011036,1151,1050,1305,132,58
1127,211,518,Shamela0000551,1118,498,750,125,43
1127,678,1146,Shamela0000551,1119,712,1351,183,28
1127,855,1052,Shamela0021598,2316,852,1022,137,84
1127,5,237,ShamAY0036010,2,1361,1566,114,61
1127,1151,1627,Sham19Y0017063,436,214,761,278,53
1127,1,795,Shamela0000791,279,963,1574,477,72
1128,1,691,Sham19Y0017350,619,582,1280,558,98
1128,10,416,ShamAY0034227,3592,959,1178,177,52
1128,1,264,Shamela0002569,570,399,599,153,70
1128,10,610,Shia000841Vols,2955,1057,1572,376,74
1128,860,1628,Shamela0001673,3678,758,1289,293,41
1128,1141,1656,Shia001831Vols,288,479,982,397,92
1128,915,1628,JK000201,1333,1161,1569,245,39
1128,1176,1632,Sham19Y0122406,1528,1081,1527,236,52
1128,384,636,Sham19Y0127713,611,790,1011,162,76
1128,10,420,Sham19Y0149697,2333,956,1178,178,52
1128,1119,1606,Sham19Y0018272,167,915,1238,257,63
1128,1,636,Shamela0011036,1082,444,991,421,81
1128,1,484,Shamela0011036,1151,1305,1585,185,47
1128,484,636,Shamela0011036,1152,1,154,119,99
1128,384,636,Shamela0000551,1116,1161,1366,152,73
1128,1082,1656,Shamela0000551,1213,220,748,349,63
1128,860,1262,Sham19Y0023625,2688,1268,1628,292,85
1128,1262,1656,Sham19Y0023625,2689,1,370,283,83
1128,1,1225,Sham19Y0017063,436,761,1584,604,59
1128,1373,1656,Sham19Y0017063,437,7,274,217,93
1128,901,1656,Shamela0000791,277,833,1563,570,90
1128,915,1613,Sham19Y0013605,1948,296,694,294,50
1128,860,1326,Shamela0010517,1031,1271,1610,194,46
1128,1115,1656,Shamela0010517,1033,213,754,446,99
1129,1037,1491,Sham19Y0013667,6050,314,674,135,31
1129,232,692,Sham19Y0127656,198,746,1008,140,37
1129,447,692,Shia000841Vols,2980,1,196,147,71
1129,692,1567,Shia000841Vols,2980,651,1521,403,44
1129,232,1253,Shia000841Vols,3149,1015,1568,291,31
1129,1253,1497,Shia000841Vols,3150,1,264,189,88
1129,123,323,Shamela0001727,559,496,790,157,66
1129,1463,1614,Shamela0026568,1156,1,153,121,99
1129,755,968,Shamela0005756,6657,1214,1386,125,70
1129,1376,1614,Shamela0005756,6658,753,986,179,92
1129,232,1063,Shamela0005922,1592,276,991,252,29
1129,699,1444,ShamAY0033522,307,777,1088,208,34
1129,1031,1614,Shamela0023685,1328,655,1077,288,60
1129,1,472,Sham19Y0122406,1529,138,623,233,50
1129,1037,1491,Sham19Y0122406,1529,581,962,137,30
1129,123,467,Sham19Y0037618,1829,978,1277,70,15
1129,685,1051,Sham19Y0150600,1006,1339,1652,244,82
1129,1199,1614,Sham19Y0150600,1007,13,415,310,88
1129,973,1614,Sham19Y0013252,3596,376,1001,223,31
1129,1497,1614,Shamela0011036,1088,433,550,94,100
1129,1025,1331,Shamela0000551,1118,498,750,119,38
1129,144,467,Sham19Y0016976,674,999,1189,119,45
1129,232,504,Sham19Y0014119,231,1114,1301,106,44
1129,715,1051,ShamAY0036010,2,1286,1566,150,56
1129,29,1426,Sham19Y0017063,439,31,685,357,30
1129,699,1608,Shamela0000791,279,866,1574,551,73
1130,20,252,Sham19Y0017350,624,1191,1427,173,86
1130,67,260,Sham19Y0013769,939,1,210,150,85
1130,1067,1351,JK000977,953,358,902,124,24
1130,1027,1252,Kraken22041319410300,250,31,281,119,55
1130,41,460,Shia000841Vols,2981,1,243,198,57
1130,455,649,Shamela0026568,1156,1017,1211,146,89
1130,752,1086,Shamela0005756,6677,761,1108,216,72
1130,420,649,Shamela0005756,6678,611,829,154,78
1130,869,1539,Shia001831Vols,289,637,1096,210,32
1130,396,649,Shamela0023685,1329,371,621,165,77
1130,1027,1252,Shia002265Vols,6065,1203,1453,125,58
1130,1067,1351,Shamela0025800,1629,49,522,122,31
1130,41,252,Sham19Y0014224,565,819,1109,169,71
1130,420,649,Sham19Y0018272,1377,674,930,160,73
1130,286,396,Shamela0000551,1119,1291,1401,89,100
1130,55,252,Shamela0021598,2316,852,1022,137,84
1130,668,980,Shamela0009242,1823,735,1003,189,73
1130,759,953,Sham19Y0017063,439,1222,1413,141,88
1130,269,401,Shamela0000791,279,657,800,107,92
1130,448,559,Shamela0010517,1101,1080,1191,89,100
1131,702,1273,Shamela0005756,6681,588,928,144,28
1131,1388,1497,JK000201,1347,323,432,87,100
1131,856,1171,Sham19Y0122406,1537,895,1342,104,20
1131,878,1051,Sham19Y0122406,1539,821,1395,95,20
1132,284,635,Shamela0001727,564,949,1434,153,40
1132,1042,1529,Shia001831Vols,290,57,312,171,42
1132,1408,1529,JK000201,1346,895,1015,97,99
1132,1,245,JK000201,1347,432,677,188,94
1132,284,635,Sham19Y0122406,1541,286,771,153,40
1132,427,1408,Sham19Y0122406,1542,173,1159,397,39
1132,1373,1529,Shamela0000791,280,202,358,113,89
1133,598,846,Sham19Y0013667,3230,548,798,186,89
1133,598,865,Shia002616Vols,612,778,1059,199,88
1133,1,289,Shia000841Vols,2981,716,1031,179,66
1133,601,846,Shia000841Vols,3026,691,950,189,88
1133,645,846,Shamela0002863,1011,1,213,161,94
1133,186,846,Shamela0001727,565,633,1232,352,60
1133,541,846,JK009266,919,385,743,197,66
1133,598,846,JK000786,850,666,916,176,80
1133,632,846,Shamela0005756,6704,809,1113,162,66
1133,598,846,Sham19Y0017903,406,300,563,194,92
1133,1,289,JK000201,1346,1015,1289,216,91
1133,613,814,JK000201,3661,1030,1235,146,81
1133,300,846,Sham19Y0122406,1543,270,778,331,68
1133,681,846,Sham19Y0132524,936,35,200,132,98
1133,300,462,Sham19Y0019230,710,1016,1178,130,100
1133,300,462,ShamAY0035990,539,655,817,130,100
1133,587,846,Sham19Y0017729,205,878,1152,199,91
1133,300,670,Sham19Y0023618,2187,431,708,177,59
1133,598,846,Sham19Y0020638,470,1124,1380,198,96
1133,300,770,Sham19Y0017798,2097,1187,1427,169,43
1133,598,846,Rafed0003902Vols,543,1178,1434,198,96
1133,1,300,Shamela0000791,280,358,654,235,97
1133,601,846,Shamela0010517,1121,508,767,189,88
1134,1381,1558,Sham19Y0148486,7546,611,810,144,88
1134,1,157,Shamela0005756,6709,1077,1235,121,97
1134,798,1388,Sham19Y0122406,1544,826,1517,350,60
1134,373,626,Sham19Y0122406,1544,1,232,164,76
1134,773,902,ShamAY0033531,1796,384,513,108,100
1134,1388,1558,Sham19Y0018144,4352,1320,1452,108,77
1134,1,233,Sham19Y0013252,3624,276,604,144,56
1135,1282,1525,Shamela0008176,1045,512,733,165,81
1135,1282,1541,JK010001,3607,205,890,192,34
1135,1319,1525,ShamIbadiyya0000229,1237,834,1024,129,73
1135,1282,1454,Shamela0011444BK2,302,538,717,138,96
1135,1282,1560,Tafsir07055,3759,703,1427,210,35
1135,740,1078,Sham19Y0131521,3333,203,555,255,89
1135,1319,1525,Shamela0000432,4875,267,474,166,99
1135,1319,1525,Shamela0001673,1889,1310,1484,135,78
1135,1278,1560,Shamela0000140,1725,577,910,196,70
1135,1278,1525,Sham19Y0013631,817,1184,1391,156,79
1135,1282,1438,Shamela0011468BK1,247,1378,1541,125,95
1135,1278,1563,Shamela0009873,984,485,932,127,31
1135,1278,1525,Shamela0009242,567,1223,1494,195,90
1135,1282,1525,Sham19Y0023625,505,828,1045,166,83
1136,670,786,Shamela0006610,124,523,639,90,97
1136,536,786,Shia002616Vols,732,642,924,124,56
1136,19,402,Sham19Y0131521,3333,1068,1535,255,63
1136,402,729,Sham19Y0131521,3334,12,396,140,45
1136,583,782,Shamela0001727,567,240,507,144,67
1136,670,971,Shamela0000432,4947,481,749,192,78
1136,88,341,Sham19Y0017811,318,1117,1592,200,52
1136,583,782,Shamela0005922,681,1289,1483,148,92
1136,583,786,Sham19Y0017903,407,788,986,145,88
1136,583,782,Sham19Y0122406,1547,175,442,144,67
1136,583,782,Sham19Y0132524,940,983,1434,134,36
1136,583,944,Shamela0001875,772,73,404,154,42
1136,142,786,ShamAY0033531,1794,529,1068,350,65
1136,33,570,Sham19Y0013631,755,302,738,154,28
1136,551,786,Sham19Y0018103,743,606,841,182,95
1136,670,786,Sham19Y0123608,226,963,1079,90,97
1136,631,786,Sham19Y0017729,207,1,151,109,86
1136,1148,1592,Sham19Y0014224,567,884,1396,112,18
1136,583,951,Sham19Y0020638,472,641,1235,244,50
1136,1438,1599,Sham19Y0013223,1937,998,1159,131,99
1136,88,420,Sham19Y0013252,1586,694,939,172,63
1136,577,827,Shamela0009242,567,158,462,175,67
1136,551,786,Sham19Y0013605,1101,1129,1368,184,94
1137,1272,1603,ShamAY0034059,475,162,389,87,32
1137,1312,1603,JK000196,2502,1,306,139,51
1137,1204,1498,Shamela0001727,569,957,1488,118,22
1137,280,870,Sham19Y0014309,1916,430,907,171,29
1137,61,687,Shia001831Vols,291,795,1306,252,39
1137,1143,1603,Shia001831Vols,292,1,185,140,38
1137,315,779,JK000201,1361,722,1163,286,64
1137,956,1498,Sham19Y0122406,1551,745,1417,154,20
1137,1253,1559,Sham19Y0132524,943,29,278,118,44
1137,784,962,Sham19Y0013631,2743,935,1072,93,63
1137,956,1316,Sham19Y0036114,347,440,688,108,31
1137,1272,1600,ShamAY0035990,105,969,1374,91,22
1137,1070,1176,Sham19Y0014224,597,815,923,74,83
1137,386,649,Sham19Y0013223,1936,1466,1644,142,65
1137,1,253,Sham19Y0013223,1937,1159,1410,208,99
1137,1020,1176,Sham19Y0013223,1938,641,797,125,100
1137,258,903,ShamAY0031687,697,617,1143,156,22
1137,784,962,Shamela0010013,108,252,465,97,59
1137,315,989,Shamela0008463,1361,277,789,151,22
1137,492,784,Sham19Y0011194,299,1270,1562,237,98
1137,61,547,Sham19Y0017063,441,1233,1544,164,41
1137,547,1603,Sham19Y0017063,442,1,783,339,32
1137,1312,1603,Shamela0009059BK2,2501,471,776,139,51
1137,1433,1603,Shamela0010517,1123,1421,1591,138,100
1138,329,463,Shamela0005803,347,1,140,104,93
1138,276,463,JK000977,969,145,337,145,95
1138,933,1084,Shamela0021715,3208,97,277,118,78
1138,276,463,Shamela0021715,3229,799,1099,137,58
1138,276,463,Shamela0001727,570,303,492,146,97
1138,115,1096,Shamela0026568,1160,415,1038,458,55
1138,699,1084,Shamela0005756,6818,497,819,190,58
1138,276,501,Shamela0005756,6865,777,1191,150,47
1138,271,463,Shamela0012014,274,1133,1395,136,66
1138,1,742,Shia001831Vols,292,185,686,194,25
1138,276,463,Shamela0001442,340,310,557,130,67
1138,280,607,Shamela0000140,1730,560,1078,186,44
1138,115,652,Shamela0023685,1332,1302,1490,147,33
1138,652,1096,Shamela0023685,1333,1,443,323,83
1138,276,463,Sham19Y0122406,1552,951,1140,146,97
1138,271,558,Shamela0001875,773,358,759,172,52
1138,933,1100,ShamAY0033531,1798,1380,1543,122,91
1138,276,463,Sham19Y0018103,1484,322,622,137,58
1138,276,516,Shamela0025800,1670,687,999,171,70
1138,115,1005,Shia003732Vols,3598,1016,1549,386,51
1138,699,1084,Sham19Y0013252,3703,1162,1498,177,55
1138,276,516,Sham19Y0013252,3735,887,1289,165,52
1138,276,516,Rafed0003902Vols,519,726,1060,169,64
1138,276,463,Sham19Y0013605,1983,1206,1506,137,58
1139,506,699,Sham19Y0017350,646,1067,1307,144,75
1139,1151,1555,Sham19Y0017350,647,685,1018,166,41
1139,519,699,Shamela0006610,481,521,969,74,19
1139,525,750,Shia002616Vols,743,233,495,132,56
1139,699,1155,Shamela0026568,1165,1025,1461,333,86
1139,450,1024,Shamela0005756,6880,698,1244,222,38
1139,582,1034,Shamela0005756,6886,35,302,134,30
1139,441,750,Sham19Y0017903,409,416,813,144,41
1139,506,699,Sham19Y0013253,388,477,735,143,69
1139,441,699,Shamela0021713,308,229,531,140,54
1139,441,699,Shamela0004289,222,709,1108,129,34
1139,699,1174,Shamela0023685,1338,393,856,359,89
1139,506,623,Sham19Y0122406,1552,704,846,90,80
1139,191,637,Sham19Y0122406,1554,977,1453,215,44
1139,441,1081,Sham19Y0145212,1485,1112,1478,201,38
1139,441,1190,Sham19Y0018106,1462,318,1266,214,20
1139,441,750,Sham19Y0017729,208,470,866,140,40
1139,1179,1338,Shia003732Vols,3603,713,876,128,97
1139,1135,1601,Sham19Y0014224,600,746,1460,192,35
1139,1155,1555,Masaha001864Vols,2982,168,719,199,38
1139,178,750,Masaha001864Vols,2983,38,809,382,56
1139,1198,1338,Masaha001864Vols,4045,1,142,112,99
1139,933,1151,Masaha001864Vols,5596,151,375,179,95
1139,558,699,JK007116,39,93,276,99,65
1139,441,699,Shamela0011036,1105,1074,1387,116,41
1139,441,933,Shamela0011036,1108,916,1343,236,53
1139,1249,1555,Shamela0011036,1112,325,590,133,46
1139,1,350,ShamIbadiyya0000109,2000,462,814,83,19
1139,1300,1555,Sham19Y0013605,1960,365,526,87,42
1140,37,1373,Shamela0001727,572,24,1045,283,22
1140,37,528,Sham19Y0127677,9978,751,1128,112,24
1140,292,874,Shia001831Vols,292,1257,1526,190,40
1140,722,962,Sham19Y0018144,4361,573,832,157,65
1140,849,1404,Sham19Y0017729,565,255,540,113,26
1140,37,1013,Sham19Y0020638,475,192,913,189,19
1141,866,1424,ShamIbadiyya0000438,306,962,1378,195,41
1141,67,582,Sham19Y0020868,390,842,1167,144,32
1141,941,1243,Shamela0005756,6745,620,906,209,85
1141,952,1424,Shamela0001673,3741,142,443,151,39
1141,191,582,Shamela0001673,3742,246,401,112,35
1141,871,1409,Shamela0005922,1611,58,322,74,13
1141,929,1592,Shia001831Vols,293,203,706,383,71
1141,948,1424,Shamela0023685,1331,984,1285,149,38
1141,845,1438,Sham19Y0122406,1559,641,1198,297,56
1141,1424,1592,ShamAY0033531,1805,879,1047,137,97
1141,1,852,ShamAY0033531,1805,10,814,642,92
1141,191,582,Sham19Y0018272,1779,718,877,108,34
1141,857,1438,Sham19Y0020638,476,58,281,121,25
1141,952,1424,Masaha001864Vols,5285,863,1164,149,39
1141,191,582,Masaha001864Vols,5286,993,1149,113,35
1141,937,1340,ShamAY0035249,217,250,653,327,100
1141,191,582,ShamAY0035249,218,812,968,113,35
1141,941,1243,Sham19Y0013605,1965,643,927,208,84
1142,1,687,Sham19Y0017747,834,124,584,307,55
1142,152,501,Shamela0021590,649,1159,1506,191,64
1142,624,1234,Shamela0001727,573,952,1448,208,37
1142,638,942,Shia001831Vols,293,845,1108,165,60
1142,246,446,JK000201,1385,1406,1611,156,94
1142,1,589,ShamAY0033531,1805,1047,1626,467,96
1142,953,1116,Sham19Y0018144,146,184,355,126,94
1142,278,464,Shamela0000551,1140,1310,1509,142,86
1142,263,692,Sham19Y0020590,149,360,766,238,65
1142,1,358,Sham19Y0017063,444,1375,1524,121,41
1142,95,520,Sham19Y0013605,1964,1072,1397,188,52
1143,526,770,ShamAY0033605,8,1166,1409,183,90
1143,526,746,Sham19Y0148486,2547,1252,1481,173,94
1143,787,936,Sham19Y0148486,7546,1,150,118,98
1143,526,759,JK000977,979,91,325,164,80
1143,526,770,Shamela0001727,575,132,403,190,86
1143,526,770,Shamela0005756,6733,234,491,190,92
1143,526,997,Sham19Y0013253,390,1135,1370,165,44
1143,795,1180,Shia001831Vols,294,137,454,245,79
1143,580,763,Sham19Y0122406,1562,1,212,144,83
1143,526,770,Shamela0029967,157,1082,1365,193,85
1143,380,770,Sham19Y0132524,948,373,685,196,62
1143,507,770,Shamela0001875,784,48,337,179,76
1143,526,770,Sham19Y0018144,881,940,1188,188,92
1143,546,759,Shamela0036446,336,287,447,123,70
1143,533,770,Shamela0025800,1675,884,1127,176,88
1143,533,770,Kraken211201162527,33,576,1128,184,41
1143,354,770,Sham19Y0020638,476,1012,1433,224,54
1143,533,770,Shamela0012703,51,1032,1287,182,86
1143,380,770,Sham19Y0013252,3639,1074,1407,216,68
1143,572,770,Shia001626Vols,467,467,663,156,98
1143,526,759,Sham19Y0146127,1339,661,852,150,80
1143,533,770,JK007065,1400,1155,1397,183,93
1144,257,636,Shamela0021495,222,1,173,109,35
1144,1323,1570,Sham19Y0127660,1423,867,1045,112,53
1144,195,836,Sham19Y0127660,1423,372,907,153,20
1144,842,1515,Shamela0005756,6743,970,1316,128,21
1144,257,720,Sham19Y0018103,1466,293,533,132,35
1144,1300,1570,Sham19Y0018103,1466,487,721,115,46
1144,318,1458,Sham19Y0014224,570,58,1417,615,48
1144,831,1356,Shamela0011036,1103,907,1482,396,85
1144,787,1447,Shamela0000551,1133,875,1522,297,41
1144,589,1570,Sham19Y0013605,1964,241,621,257,32
1145,52,183,Sham19Y0017350,628,435,556,80,77
1145,1,161,Sham19Y0013769,946,1265,1471,111,63
1145,1108,1482,Sham19Y0013769,947,727,1153,189,50
1145,232,558,Sham19Y0013769,948,895,1205,224,81
1145,522,722,Sham19Y0148486,2548,179,336,60,32
1145,522,722,JK000977,979,482,736,85,31
1145,1,161,Sham19Y0127660,1423,1045,1205,127,100
1145,522,754,Shamela0001727,575,553,869,114,41
1145,167,754,Shamela0005756,6733,531,951,122,19
1145,1,133,Shia001831Vols,294,732,864,99,95
1145,854,1173,JK000201,1435,1208,1520,242,94
1145,1173,1351,JK000201,1436,1,171,135,94
1145,522,754,Sham19Y0122406,1563,1027,1344,104,37
1145,522,754,Shamela0029967,158,1,317,114,41
1145,522,754,Shamela0001875,784,487,801,112,40
1145,167,785,Shamela0036446,336,487,878,87,13
1145,167,704,Shamela0025800,1675,1172,1409,69,15
1145,178,704,Kraken211201162527,33,1179,1410,68,15
1145,1,178,Sham19Y0014224,569,1006,1168,115,83
1145,1089,1346,Sham19Y0014224,569,1203,1436,177,85
1145,522,754,Sham19Y0020638,477,151,461,112,41
1145,279,517,Masaha001864Vols,5323,1,265,192,89
1145,522,754,Sham19Y0146127,1339,981,1190,75,33
1145,1298,1466,Shamela0011036,1101,1078,1364,124,53
1145,257,517,Shamela0000551,1129,1069,1312,161,67
1145,1,161,Shamela0000551,1134,185,333,116,91
1145,522,754,JK007065,1401,80,395,113,41
1145,188,517,Sham19Y0013605,1967,188,480,167,52
1146,205,356,Zaydiyya0000151,55,483,616,107,86
1146,406,1461,Shamela0021495,223,501,1083,292,34
1146,1,174,Sham19Y0013769,948,649,796,107,76
1146,205,342,Shamela0001727,576,1030,1167,112,99
1146,691,1336,Shia002702Vols,10768,992,1539,383,71
1146,486,626,Shamela0006140,457,1024,1140,75,64
1146,486,629,Shamela0037344,120,856,992,90,75
1146,205,342,Sham19Y0122406,1566,22,159,112,99
1146,1078,1565,Sham19Y0127713,620,1148,1502,250,62
1146,1,163,Shamela0000551,1135,794,946,110,84
1146,1078,1565,Shamela0000551,1155,1133,1482,255,64
1146,898,1565,Shamela0000791,282,87,303,174,32
1146,657,1496,Shamela0010517,1134,870,1538,540,78
1147,834,1110,Sham19Y0017350,633,1,325,160,54
1147,1115,1506,Sham19Y0148486,7549,616,888,180,56
1147,567,1110,Shamela0003565,2479,355,889,378,85
1147,608,1552,Sham19Y0014224,573,955,1542,321,36
1147,567,1110,Shamela0021598,2416,647,1431,378,56
1147,567,1115,Shamela0010517,1036,344,766,104,16
1148,243,417,Sham19Y0013769,957,277,461,133,89
1148,266,395,Shamela0008176,2662,881,1062,80,56
1148,1489,1614,Shamela0001727,578,1163,1288,100,100
1148,1489,1614,Sham19Y0122406,1574,703,828,100,100
1148,1489,1614,Sham19Y0018144,4366,110,235,100,100
1148,1489,1614,ShamAY0035990,667,720,845,100,100
1148,1276,1489,Sham19Y0014224,578,65,274,166,95
1149,976,1398,Sham19Y0123510,332,989,1427,196,43
1149,166,900,Shamela0021495,229,55,670,303,43
1149,554,1310,Sham19Y0013769,969,6,651,456,71
1149,943,1190,Sham19Y0148486,2603,9,239,173,89
1149,272,938,Sham19Y0017747,849,190,636,264,46
1149,943,1177,Shia000841Vols,2975,460,691,171,92
1149,691,1058,Shia000841Vols,2976,1140,1416,128,35
1149,1058,1177,Shamela0025794,1969,1,127,93,94
1149,1016,1294,Sham19Y0131521,3406,1201,1485,211,90
1149,938,1182,Shamela0021715,3215,246,430,135,70
1149,943,1177,Shamela0001727,581,589,819,171,93
1149,14,569,Shamela0026568,1167,968,1469,402,89
1149,579,1342,Shamela0026568,1168,10,696,552,89
1149,281,857,Sham19Y0133357,109,83,441,122,22
1149,943,1177,Shamela0004473,8898,491,714,166,90
1149,943,1177,JK000271,98,190,417,163,88
1149,14,857,Sham19Y0013253,393,865,1408,235,32
1149,938,1177,ShamAY0033181,541,183,405,175,92
1149,992,1342,JK000201,1365,246,718,215,52
1149,976,1398,Sham19Y0018146,197,981,1418,127,25
1149,14,1264,Shamela0023685,1340,378,1499,899,89
1149,14,857,Sham19Y0122406,1579,849,1357,230,33
1149,1024,1177,Sham19Y0122406,1582,147,300,121,100
1149,938,1177,Sham19Y0127713,645,1068,1333,174,83
1149,281,1024,Sham19Y0014224,587,548,1166,377,55
1149,976,1177,Sham19Y0020638,481,615,816,158,100
1149,943,1187,ShamAY0031687,729,559,788,136,63
1149,943,1177,Sham19Y0146127,1369,326,535,163,88
1149,980,1177,Shamela0000551,1146,1107,1304,155,100
1149,943,1177,Sham19Y0011194,300,1268,1485,171,92
1149,938,1182,Sham19Y0014601,3761,849,1470,133,24
1149,55,427,Sham19Y0017063,450,851,1087,150,49
1149,14,832,Shamela0000791,280,708,1520,647,97
1149,832,1347,Shamela0000791,281,1,509,399,96
1150,1,164,Shamela0021495,231,860,1010,121,92
1150,79,587,Sham19Y0013667,3296,16,531,231,42
1150,212,368,Sham19Y0017747,848,194,791,100,20
1150,4,368,Shamela0005756,6825,458,925,175,40
1150,1104,1384,Shamela0005756,6825,1215,1339,94,42
1150,241,368,Shamela0004473,8274,174,289,89,88
1150,58,587,Sham19Y0122406,1577,728,1243,365,79
1150,4,972,Sham19Y0013252,3710,39,720,281,28
1150,1104,1384,Sham19Y0013252,3710,1349,1476,94,42
1150,116,372,Sham19Y0017616,577,1385,1555,132,65
1151,1,462,Sham19Y0123510,333,417,548,73,18
1151,727,900,Shamela0000767,1433,686,852,92,63
1151,276,722,Shamela0006610,487,1097,1366,99,23
1151,276,722,Sham19Y0017747,847,1212,1481,99,23
1151,402,900,JK006897,233,97,623,162,27
1151,741,900,JK007128,575,323,453,98,76
1151,402,900,Shamela0001727,580,79,681,205,31
1151,286,876,Sham19Y0017757,90,525,995,139,21
1151,286,900,Shamela0026568,1167,267,787,176,29
1151,727,900,JK000786,839,69,243,132,93
1151,741,1026,Sham19Y0013572,1434,419,615,146,64
1151,402,722,Sham19Y0013572,1498,44,157,80,31
1151,286,869,Sham19Y0127700,180,964,1352,109,19
1151,493,650,Shamela0005756,6828,4,168,128,95
1151,727,900,Shamela0005756,6829,744,918,136,99
1151,727,900,Sham19Y0127677,8244,27,201,132,93
1151,727,900,Sham19Y0127677,9647,846,1020,132,93
1151,1082,1227,Shamela0004473,7951,1290,1471,109,77
1151,402,900,Kraken230106005528,621,753,1265,165,30
1151,727,900,Shamela0005922,1221,536,687,109,78
1151,286,722,Shamela0005922,1629,88,416,112,26
1151,1151,1363,Shamela0005922,1630,648,1076,136,40
1151,402,900,JK000734,148,661,1292,188,28
1151,727,900,Shamela0008381,2344,803,976,132,94
1151,741,900,Sham19Y0014309,1930,785,946,125,98
1151,286,876,JK000271,170,102,618,93,12
1151,402,900,Sham19Y0017903,420,19,266,183,46
1151,11,469,Sham19Y0013253,392,682,1186,115,20
1151,11,583,Shia001831Vols,295,528,1062,272,45
1151,402,876,Shamela0006366,1391,105,420,105,21
1151,443,727,JK000201,1362,351,624,210,87
1151,402,722,Shamela0023685,1339,1268,1384,80,31
1151,11,346,Sham19Y0122406,1575,919,1284,108,26
1151,727,900,Sham19Y0122406,1579,665,838,132,94
1151,1061,1428,Sham19Y0122406,1582,788,1150,189,59
1151,286,925,Shia002264,698,715,1243,239,41
1151,1,346,Sham19Y0132524,956,826,1231,105,22
1151,727,1026,Sham19Y0132524,959,722,1044,157,61
1151,272,910,Shamela0001875,777,943,1409,195,29
1151,276,869,Shamela0001875,778,119,659,160,24
1151,1087,1363,Shamela0001875,782,267,871,138,28
1151,286,722,Shamela0025800,1679,1063,1323,105,29
1151,741,1116,Shamela0025800,1680,606,890,162,50
1151,1101,1307,Shamela0025800,1682,1,288,119,54
1151,286,722,Sham19Y0123608,585,581,852,107,30
1151,421,1116,Sham19Y0017729,213,1,333,199,35
1151,402,1026,Shia001368,407,412,840,111,18
1151,727,925,Sham19Y0018272,1472,1189,1391,137,85
1151,268,722,Sham19Y0020638,480,867,1330,135,24
1151,727,1363,Sham19Y0020638,481,1,660,265,43
1151,286,1116,Sham19Y0013223,432,109,927,284,34
1151,727,900,JK000216,349,1186,1360,132,93
1151,727,900,JK000216,406,1254,1422,129,92
1151,402,722,Sham19Y0013252,3706,1017,1163,85,34
1151,272,736,Sham19Y0013252,3715,652,973,91,19
1151,402,900,Shamela0009242,1874,832,1161,106,20
1151,286,1227,Sham19Y0017616,154,15,604,274,32
1151,727,1205,Shamela0000976,28,259,643,187,41
1151,286,869,JK007065,637,169,598,128,23
1151,727,900,Sham19Y0148271,353,1257,1425,125,87
1151,407,876,Shamela0022644,1504,84,407,112,24
1151,727,910,Sham19Y0014325,1970,488,666,135,91
1152,644,967,Sham19Y0013769,967,1113,1436,240,90
1152,451,998,Sham19Y0148486,2600,21,573,133,23
1152,498,1257,Sham19Y0017747,850,1,511,318,51
1152,824,1232,Shamela0021590,660,1,369,217,64
1152,472,827,JK000201,1364,133,540,222,61
1152,485,1240,Sham19Y0014224,582,618,1329,336,45
1152,451,998,Sham19Y0020638,482,1140,1434,118,23
1152,633,1162,Shamela0000551,1149,321,776,325,76
1153,1359,1527,Sham19Y0127660,1563,1,137,108,80
1153,1,158,Shia002264,177,313,489,101,67
1153,1,158,Shamela0021765,749,862,1033,103,69
1153,386,1079,Shamela0010517,2174,818,1423,381,59
1154,192,875,Shamela0026568,1171,663,1353,544,96
1154,127,487,Shamela0005756,6978,254,560,245,84
1154,1149,1557,Shia001831Vols,296,668,900,182,54
1154,200,875,Shamela0023685,1344,9,680,538,97
1154,1170,1588,Sham19Y0122406,1589,480,865,139,33
1154,942,1478,ShamAY0033531,1828,360,875,401,89
1154,257,875,ShamAY0035238,2,355,707,144,23
1154,127,454,Sham19Y0018272,1378,255,539,206,75
1154,127,350,Sham19Y0013223,1929,728,859,89,49
1154,132,454,Sham19Y0013252,3800,101,338,175,66
1154,1160,1394,Sham19Y0013252,3800,343,567,132,61
1154,720,896,Sham19Y0122255,326,272,442,119,84
1154,127,367,Sham19Y0014601,3816,909,1098,151,78
1154,183,713,Sham19Y0017063,456,639,1132,310,62
1154,1252,1483,Shamela0000791,291,1,237,184,95
1155,314,471,JK000977,1001,947,1094,117,93
1155,304,512,Shamela0011428,987,631,848,133,72
1155,1304,1596,Sham19Y0131521,3454,780,1016,182,76
1155,147,406,Shamela0021715,3300,189,561,115,37
1155,314,471,Shamela0001727,587,1159,1311,121,96
1155,1150,1316,Shamela0001727,588,652,973,102,39
1155,1340,1596,Shamela0026568,1173,788,1035,166,73
1155,147,580,Shamela0005756,6985,959,1342,151,35
1155,314,471,Shamela0004473,13137,581,736,121,95
1155,1136,1579,Sham19Y0013253,394,534,853,170,46
1155,168,544,Shia001831Vols,296,1234,1440,147,47
1155,314,502,Sham19Y0032476,1126,1250,1428,127,86
1155,314,517,ShamAY0033523,311,184,435,140,70
1155,1380,1596,Shamela0023685,1346,7,195,144,83
1155,314,594,Sham19Y0122406,1592,515,1109,167,32
1155,991,1141,JK000168,39,1470,1620,121,98
1155,314,580,Sham19Y0132524,967,395,659,156,67
1155,1150,1408,Sham19Y0132524,967,598,1015,136,39
1155,314,471,Sham19Y0018144,912,838,985,117,93
1155,1150,1408,Sham19Y0020638,485,829,1198,126,38
1155,314,594,Sham19Y0020638,485,405,665,180,78
1155,314,517,ShamAY0035960,313,461,712,140,70
1155,262,471,Shamela0000551,1168,115,550,139,39
1155,314,544,Sham19Y0018176,798,611,812,126,63
1155,1340,1596,Shamela0000791,291,255,511,205,100
1156,725,925,Sham19Y0020944,535,1,177,134,80
1156,722,915,JK007064,332,26,178,121,78
1156,666,919,Shamela0007891,1020,233,500,157,63
1156,666,915,Shamela0012415,259,464,729,157,63
1156,1,408,Sham19Y0013667,3342,785,1248,206,50
1156,666,932,Sham19Y0148486,2668,182,477,161,59
1156,543,915,Shamela0006610,497,1113,1476,179,49
1156,556,915,JK006897,241,1001,1434,205,49
1156,605,961,Sham19Y0017529,18,880,1325,186,50
1156,666,915,Shamela0001719,1380,776,1023,154,65
1156,605,915,Shamela0002569,591,553,821,175,62
1156,870,1542,Shia000841Vols,3127,1,893,405,51
1156,560,915,Shamela0011428,987,1002,1432,192,51
1156,662,915,Sham19Y0131521,3454,1259,1512,178,79
1156,722,891,Sham19Y0131521,3455,1067,1525,109,27
1156,941,1118,Sham19Y0131521,3456,1355,1562,115,65
1156,232,915,Sham19Y0014592,1924,610,1154,230,32
1156,896,1118,Shamela0021715,3119,500,686,127,68
1156,680,915,Shamela0001727,589,1228,1469,180,89
1156,662,915,ShamAY0032904,33,754,1026,169,71
1156,609,937,Sham19Y0017817,391,1,332,199,67
1156,633,915,Shamela0000432,5197,1178,1451,165,63
1156,707,886,Shamela0000432,5199,23,191,106,69
1156,845,1542,Shamela0026568,1169,520,1527,485,57
1156,1,537,Shamela0026568,1173,1035,1558,396,90
1156,662,915,Shamela0026568,1174,538,795,187,85
1156,633,941,Sham19Y0013572,503,13,356,193,66
1156,950,1113,Shamela0005756,6623,1,183,121,79
1156,662,915,Sham19Y0127677,6006,936,1180,156,66
1156,633,915,Sham19Y0127677,6511,303,601,195,74
1156,605,915,Sham19Y0127677,6512,474,778,168,57
1156,666,915,Shamela0117359,601,1129,1378,175,78
1156,605,915,Shamela0021739,327,471,772,186,65
1156,662,915,Sham19Y0147658,678,404,676,175,73
1156,1000,1401,Sham19Y0127703,1674,1,455,243,57
1156,743,915,Sham19Y0017903,428,1,172,134,93
1156,568,919,Shamela0021713,326,445,857,216,62
1156,915,1364,JK000201,1410,1097,1546,359,97
1156,1364,1542,JK000201,1411,1,179,144,100
1156,553,915,ShamIbadiyya0000391,21,284,647,184,49
1156,974,1542,Shamela0023685,1342,1,863,427,59
1156,662,900,Shamela0023685,1346,1268,1510,175,84
1156,1,633,Shamela0023685,1346,195,837,404,70
1156,680,915,Sham19Y0122406,1596,1118,1359,180,89
1156,605,961,JK009237,1439,1081,1486,224,65
1156,680,915,Sham19Y0132524,968,203,444,179,88
1156,565,915,Shamela0001875,806,918,1361,207,54
1156,671,915,Sham19Y0018144,913,664,1207,178,40
1156,568,896,Shamela0036446,341,37,318,156,54
1156,666,915,JK008250Vols,508,916,1179,166,70
1156,605,915,Shamela0025800,1643,881,1217,186,60
1156,599,941,Sham19Y0017729,216,924,1377,204,53
1156,680,941,Shamela0011620,102,637,928,188,78
1156,599,937,ShamAY0035238,10,409,762,210,70
1156,662,915,ShamAY0034005,408,80,330,156,65
1156,659,937,Sham19Y0018272,1797,1163,1454,185,72
1156,565,937,Sham19Y0020638,486,590,1070,232,60
1156,680,915,JK000216,390,395,636,180,89
1156,599,915,JK007036,184,806,1230,196,54
1156,599,937,Shamela0011363,43,492,938,216,59
1156,662,915,Zaydiyya0000342,648,82,347,159,65
1156,722,896,ShamAY0007299,2755,809,967,127,90
1156,722,896,ShamAY0007299,3961,541,699,127,90
1156,722,915,Sham19Y0020591,889,14,188,136,85
1156,659,896,Shamela0009873,1043,1256,1541,153,62
1156,599,915,Sham19Y0095660,1865,801,1204,205,61
1156,662,919,Sham19Y0146127,1403,975,1201,139,59
1156,662,915,Shamela0009242,1903,691,931,154,65
1156,605,915,Shamela0009242,1904,708,1070,180,55
1156,1031,1401,Shamela0009242,1906,1,384,254,79
1156,565,915,Sham19Y0017616,578,886,1276,248,75
1156,666,984,Shia002119Vols,1235,517,811,177,61
1156,605,915,JK007065,453,549,925,201,63
1156,666,915,Sham19Y0148271,1065,886,1144,166,70
1156,680,915,Shamela0010803,232,95,346,168,76
1156,666,915,JK000024,86,790,1063,162,65
1156,553,915,Sham19Y0014325,2046,512,961,191,43
1156,605,886,Sham19Y0022884,138,950,1237,136,42
1156,1,624,Shamela0000791,291,511,1135,451,88
1156,556,1542,Shamela0000791,292,317,792,276,32
1156,950,1169,Sham19Y0013605,1940,1287,1507,134,65
1156,628,915,Shamela0010517,1153,1022,1325,168,58
1157,396,560,JK000977,1007,393,942,99,22
1157,460,991,Sham19Y0131521,3457,890,1458,194,32
1157,991,1187,Sham19Y0131521,3458,1,203,151,92
1157,396,565,Shamela0001727,590,443,789,102,37
1157,733,1169,Shamela0026568,1172,1,359,278,78
1157,12,416,Shamela0026568,1174,857,1146,216,64
1157,1,261,JK000201,1413,545,805,207,98
1157,432,1177,Shamela0023685,1344,748,1216,360,60
1157,12,416,Shamela0023685,1347,78,367,216,64
1157,282,416,Sham19Y0014580,1052,767,901,109,100
1158,894,1015,Shamela0007891,1023,1057,1178,96,100
1158,1210,1352,Shamela0007891,1024,193,467,84,40
1158,894,1015,Sham19Y0148486,2626,780,914,96,90
1158,894,1015,Sham19Y0019188,1263,658,779,96,100
1158,1198,1369,JK000977,1009,153,330,125,91
1158,894,1015,Shamela0001719,1936,908,1024,92,95
1158,894,1365,Sham19Y0127656,209,900,1423,168,30
1158,894,1015,JK000844,10,680,801,96,100
1158,894,1015,Shamela0002863,802,1157,1278,95,99
1158,525,1377,ShamIbadiyya0000229,2644,22,900,351,40
1158,894,1015,Shamela0025794,77,83,204,96,100
1158,894,1015,Shamela0026365,13,1,135,77,71
1158,175,994,Shamela0001727,590,1165,1459,159,21
1158,1198,1365,Shamela0001727,591,788,989,118,74
1158,580,1004,Sham19Y0122401,1040,831,1118,102,25
1158,630,889,Sham19Y0017437,834,1204,1464,206,98
1158,1198,1377,Shamela0005756,6961,249,402,102,73
1158,894,1015,Sham19Y0127677,3601,898,1012,90,93
1158,908,1015,Sham19Y0127677,15970,1,108,85,100
1158,1198,1352,JK000170,1691,1139,1276,104,85
1158,547,882,ShamIbadiyya0000433,455,1056,1453,174,42
1158,1176,1440,Sham19Y0013253,396,320,602,159,69
1158,1198,1352,ShamAY0033181,544,1160,1311,113,91
1158,894,1015,ShamAY0033522,232,1150,1266,92,95
1158,630,894,JK000201,1426,830,1100,214,97
1158,90,1015,Sham19Y0122406,1600,5,722,302,30
1158,1198,1365,Sham19Y0122406,1602,37,621,120,26
1158,894,1015,Shia002265Vols,2633,1241,1360,94,97
1158,1202,1352,JK009324,1193,203,369,101,74
1158,894,1015,Shamela0012399,788,560,695,92,86
1158,894,1015,Shamela0010765,331,691,811,95,99
1158,1198,1524,Sham19Y0016946,289,1052,1401,137,45
1158,894,1015,Sham19Y0001734,1403,444,565,96,100
1158,894,1015,Sham19Y0132524,972,77,198,96,100
1158,922,1352,Shamela0001875,793,128,443,137,32
1158,894,1015,Shamela0001438,5384,798,917,94,97
1158,626,889,ShamAY0033531,1818,1038,1301,212,99
1158,894,1015,Sham19Y0018144,895,667,801,95,89
1158,1198,1358,Shamela0025800,1660,96,249,110,86
1158,894,1015,Sham19Y0018611,17,906,1040,96,90
1158,894,1015,Sham19Y0014283,25,351,470,94,97
1158,894,1015,Sham19Y0014462,73,207,336,91,89
1158,643,894,Sham19Y0014224,615,568,1184,181,36
1158,975,1361,Sham19Y0020638,487,1027,1421,162,49
1158,894,1015,Sham19Y0020638,487,626,760,96,90
1158,894,1015,Shamela0008463,1356,608,729,95,99
1158,471,865,Shamela0009242,1929,1138,1548,236,57
1158,894,1015,Sham19Y0017616,158,679,800,96,100
1158,894,1015,Shamela0021743,491,858,987,92,90
1159,323,936,JK007083,123,1115,1308,108,21
1159,323,595,Shamela0021495,227,273,619,159,54
1159,1258,1453,ShamAY0035035,2399,1287,1551,124,59
1159,843,1540,JK006897,243,175,533,215,37
1159,1258,1540,JK010001,3326,525,956,179,48
1159,1275,1540,Tafsir07055,3458,5,489,196,51
1159,1258,1540,Shamela0001727,592,538,1281,207,35
1159,323,936,Sham19Y0017757,92,396,569,104,20
1159,1258,1429,Sham19Y0013572,1470,215,461,128,65
1159,942,1521,Shia001831Vols,297,1162,1342,109,21
1159,323,942,Sham19Y0014827,155,526,759,144,27
1159,785,1483,Zaydiyya0000054,180,487,1207,184,21
1159,1258,1483,Sham19Y0122406,1604,331,641,106,36
1159,1382,1540,Sham19Y0122406,1605,417,705,118,52
1159,307,926,Shamela0012399,1505,1085,1493,136,22
1159,894,1540,Shamela0001875,795,1,653,245,36
1159,513,1039,ShamAY0033531,1819,492,1177,425,76
1159,1258,1382,Sham19Y0123608,599,497,633,97,90
1159,867,1483,Sham19Y0020638,488,950,1314,223,44
1159,1258,1372,Zaydiyya0000342,490,1273,1388,82,88
1159,1258,1372,Zaydiyya0000342,569,320,448,85,84
1159,674,825,Sham19Y0013252,12625,648,795,114,89
1159,1,436,Shamela0009242,1930,879,1375,218,49
1159,329,936,Sham19Y0020699,514,530,771,124,25
1159,774,1006,Sham19Y0013783,846,905,1216,142,54
1159,329,936,Shamela0022644,1522,1,164,99,20
1159,499,825,Shamela0000791,288,1202,1507,227,83
1159,1210,1540,Shamela0010517,1085,483,799,242,93
1160,278,867,Sham19Y0020944,527,919,1329,200,39
1160,902,1432,Sham19Y0017350,652,1,482,308,70
1160,402,797,Sham19Y0013667,3326,754,1041,149,40
1160,863,1480,Sham19Y0013769,1003,38,805,409,60
1160,1072,1530,Shamela0010747,2,474,828,251,65
1160,263,585,Shamela0010747,64,426,926,153,35
1160,402,585,Shamela0002569,578,47,213,113,76
1160,680,1442,Shamela0002569,580,486,1086,308,42
1160,402,704,JK010001,3325,685,1218,144,32
1160,435,717,JK010001,3326,1146,1429,221,98
1160,1,421,Shia000841Vols,3171,751,1340,176,31
1160,816,1442,Shia000841Vols,3172,825,1556,449,72
1160,272,816,Shia000841Vols,3173,396,1168,262,36
1160,509,704,Tafsir07055,3457,6,509,95,24
1160,1,816,Tafsir07055,3458,489,1060,367,54
1160,1072,1403,Sham19Y0014592,1922,1235,1536,181,61
1160,272,1442,Shamela0026568,1183,101,903,559,57
1160,680,1442,Shamela0005756,6951,826,1500,456,70
1160,69,195,Sham19Y0127677,13296,918,1041,101,97
1160,521,816,Sham19Y0013253,397,1,193,95,32
1160,263,585,Shamela0021713,224,428,939,151,34
1160,413,816,ShamAY0033523,289,385,596,153,46
1160,263,1379,Shamela0023685,1355,736,1485,516,55
1160,505,820,Sham19Y0122406,1604,509,928,118,27
1160,444,624,Sham19Y0145212,1519,1318,1524,138,83
1160,624,816,Sham19Y0145212,1520,1,194,152,99
1160,435,816,Sham19Y0132524,974,27,259,151,48
1160,686,1530,Sham19Y0018103,1497,1102,1471,209,31
1160,444,863,Sham19Y0014224,611,805,1399,274,55
1160,852,1507,Sham19Y0014224,612,272,969,498,87
1160,347,820,Sham19Y0013252,3784,122,843,191,30
1160,413,816,ShamAY0035960,292,455,666,153,46
1160,440,863,Shamela0009242,1914,64,426,254,74
1160,790,1442,Sham19Y0020590,155,794,1512,294,38
1160,1,1412,Sham19Y0017063,460,267,1200,633,55
1160,117,1530,Shamela0000791,289,27,1134,858,75
1160,1295,1530,Sham19Y0013605,2000,908,1071,125,66
1160,746,1286,Sham19Y0013605,2000,61,333,208,47
1160,1,726,Shamela0010517,1085,799,1526,579,99
1160,726,1530,Shamela0010517,1086,1,811,645,98
1161,1,256,Sham19Y0017350,652,906,1177,158,68
1161,874,1013,Shamela0000767,1427,1134,1276,109,96
1161,1165,1457,Sham19Y0017747,850,865,1181,201,76
1161,292,676,Sham19Y0017747,880,746,1062,186,53
1161,284,692,Shamela0000321,65,541,940,326,97
1161,746,1013,Shia000841Vols,2957,823,1089,204,92
1161,1,333,Shia000841Vols,3173,83,413,185,63
1161,746,1013,Shamela0001727,593,103,528,201,59
1161,1020,1574,Shamela0005756,6838,783,1360,422,89
1161,746,1013,Sham19Y0023590,392,1145,1455,200,76
1161,874,1020,Sham19Y0017903,403,457,607,111,92
1161,803,1013,JK000201,1448,712,948,145,78
1161,749,1565,Sham19Y0122406,1606,97,1005,457,54
1161,874,1013,Shia002924Vols,974,355,481,96,85
1161,874,1013,Sham19Y0020643,456,791,930,102,90
1161,705,1013,Shamela0001875,813,1009,1327,227,84
1161,874,1013,Sham19Y0017729,203,1295,1437,109,96
1161,874,1013,Sham19Y0132415,836,572,714,109,96
1161,696,1013,Sham19Y0020638,489,296,641,218,78
1161,1013,1488,Sham19Y0013252,3720,1068,1547,365,92
1161,403,676,Masaha001946Vols,1240,474,748,224,98
1161,705,1574,Shamela0000551,1195,210,968,458,58
1161,1182,1428,Shamela0009242,1885,649,881,162,79
1161,397,687,Shamela0009242,1913,1,292,240,99
1161,288,676,Sham19Y0122257,1203,1006,1284,224,71
1161,730,1013,Rafed0003902Vols,522,404,723,205,77
1161,1,273,Shamela0000791,289,1134,1360,180,80
1161,1,284,Shamela0010517,1086,811,1094,231,100
1161,284,397,Shamela0010517,2641,604,717,92,100
1162,963,1485,Sham19Y0017350,642,180,724,319,62
1162,622,999,Sham19Y0013769,974,1440,1641,98,27
1162,763,910,Shamela0009383,38,1209,1355,107,93
1162,763,999,Sham19Y0148486,2677,1106,1289,129,70
1162,1,338,Sham19Y0017747,850,1135,1467,245,91
1162,778,999,JK000977,1013,666,833,121,70
1162,1,300,ShamIbadiyya0000229,2735,145,512,224,74
1162,622,841,Shamela0023591,956,321,466,111,64
1162,778,1123,Sham19Y0127660,1421,439,686,145,46
1162,625,895,Shamela0001727,593,641,954,132,45
1162,1,149,Shamela0005756,6838,1360,1507,114,97
1162,149,314,Shamela0005756,6839,1,155,120,91
1162,980,1382,Shamela0005756,6846,1046,1465,240,66
1162,778,1123,Shamela0005756,6846,502,824,124,32
1162,763,915,Sham19Y0127677,20621,184,342,110,88
1162,778,999,Shamela0009323,33,1023,1190,124,71
1162,778,1123,Sham19Y0017903,422,307,587,131,39
1162,717,910,ShamAY0033523,278,1199,1395,129,75
1162,1,754,Sham19Y0122406,1607,404,1494,414,47
1162,317,436,Sham19Y0020643,456,1345,1464,96,100
1162,778,999,Sham19Y0001734,1376,594,750,108,63
1162,711,1123,Sham19Y0132524,978,542,902,188,47
1162,1271,1485,ShamAY0033531,1811,1170,1368,153,90
1162,678,1148,Sham19Y0013631,1087,887,1028,99,26
1162,625,1123,Sham19Y0018144,131,804,1453,208,37
1162,778,910,Sham19Y0018144,892,46,175,102,97
1162,625,1140,Sham19Y0018103,1481,232,611,118,22
1162,625,1123,Shamela0025800,1689,463,1138,238,37
1162,778,1123,Sham19Y0017729,213,604,904,109,27
1162,622,1362,Sham19Y0014224,590,594,1379,305,37
1162,625,904,Sham19Y0020638,489,974,1442,195,51
1162,778,999,ShamAY0032907,2,320,488,125,72
1162,1,393,Sham19Y0013252,3721,87,467,296,95
1162,963,1473,Sham19Y0013252,3725,521,1003,295,69
1162,717,910,ShamAY0035960,281,1256,1452,129,75
1162,778,910,Sham19Y0146127,1408,663,795,104,100
1162,1,346,Shamela0000551,1195,968,1310,252,88
1162,895,1271,Shamela0000551,1196,461,717,144,45
1162,1,300,Shamela0009242,1885,949,1237,223,92
1162,625,895,Sham19Y0017616,155,530,879,154,56
1162,622,910,JK007065,1395,130,567,196,54
1162,622,1164,Sham19Y0122257,1192,340,733,210,43
1162,625,841,Sham19Y0014325,2036,1136,1280,108,63
1163,1155,1482,Shamela0009978,84,1106,1305,127,46
1163,1,786,Sham19Y0017350,642,724,1505,588,91
1163,786,1145,Sham19Y0017350,643,1,287,161,52
1163,119,351,Sham19Y0013769,975,1085,1252,119,59
1163,440,823,Sham19Y0013769,976,1170,1533,258,82
1163,823,1075,Sham19Y0013769,977,1,278,145,60
1163,1127,1482,Sham19Y0013769,2444,10,235,138,48
1163,1155,1314,Sham19Y0148486,2618,190,346,115,91
1163,1155,1482,Sham19Y0148486,2619,915,1239,132,43
1163,1206,1482,Shamela0003485,232,1,114,89,40
1163,1095,1314,Kraken220413030759,1513,1,243,165,86
1163,1374,1482,Sham19Y0020892,396,115,222,84,99
1163,1324,1482,JK010001,1134,1155,1323,95,73
1163,1155,1482,Shia000841Vols,3111,820,1215,195,62
1163,1327,1482,ShamIbadiyya0000229,2623,930,1074,90,74
1163,1155,1314,Shamela0010842,414,1201,1356,118,94
1163,1374,1482,Tafsir07055,1205,643,751,84,98
1163,1104,1306,Shamela0011428,997,1119,1384,122,57
1163,140,261,Sham19Y0131521,3399,1346,1473,96,95
1163,261,648,Sham19Y0131521,3400,1,390,266,75
1163,1149,1482,Sham19Y0131521,3402,82,267,131,50
1163,1095,1482,Shamela0001727,594,288,880,238,51
1163,1167,1482,Shamela0001727,595,1,167,121,49
1163,1117,1482,Shamela0000432,2345,451,864,194,59
1163,1155,1482,JK009151,987,190,539,124,43
1163,1327,1482,Sham19Y0150676,2182,237,381,90,74
1163,1374,1482,ShamAY0038201,356,1239,1347,84,98
1163,1155,1482,Shamela0005756,6863,766,949,126,48
1163,1145,1336,Shamela0004473,9743,962,1215,141,71
1163,1381,1482,Shamela0022797,724,1295,1395,79,99
1163,1095,1442,Shamela0005922,1507,214,690,182,48
1163,1155,1482,Sham19Y0014309,1941,150,336,126,46
1163,1155,1314,JK000271,162,315,487,123,89
1163,1155,1413,Sham19Y0017903,422,86,278,144,70
1163,1155,1482,Sham19Y0020878,2718,224,419,126,46
1163,1070,1482,Sham19Y0032476,1194,256,513,148,45
1163,1099,1482,JK006950,1576,405,621,121,38
1163,1155,1482,Sham19Y0014827,608,896,1414,122,23
1163,1127,1482,ShamAY0033523,279,14,239,138,48
1163,1250,1482,ShamAY0033181,543,1,206,132,66
1163,1070,1482,Sham19Y0020587,406,1118,1385,138,43
1163,1155,1314,Sham19Y0122406,1611,1270,1444,125,90
1163,1155,1482,Sham19Y0122406,1613,110,309,128,47
1163,1374,1482,Zaydiyya0000407,112,45,153,84,98
1163,1114,1302,Shamela0000107,3527,292,513,116,61
1163,1374,1482,Sham19Y0032384,380,20,128,85,100
1163,1,199,ShamAY0033531,1811,1368,1566,160,100
1163,199,1070,ShamAY0033531,1812,1,851,671,96
1163,1374,1482,ShamAY0033531,2368,1098,1206,84,98
1163,1327,1482,JK000099,65,36,180,91,75
1163,1099,1482,JK000381,7270,442,658,121,38
1163,1095,1482,Shamela0036446,348,218,558,142,34
1163,1095,1413,Sham19Y0017729,213,314,567,184,72
1163,88,643,Sham19Y0014224,591,994,1524,404,86
1163,657,1145,Sham19Y0014224,592,7,534,339,78
1163,1159,1482,Sham19Y0014224,594,665,1040,190,66
1163,1095,1482,Sham19Y0020638,490,144,718,256,53
1163,1127,1482,ShamAY0035960,282,61,287,139,48
1163,1374,1482,JK009279,204,1221,1329,84,98
1163,1114,1413,Shamela0000551,1181,725,1108,177,58
1163,403,773,Shamela0000551,1197,765,1165,178,45
1163,1070,1482,Shamela0006336,1070,806,1058,143,44
1163,356,619,Shamela0012052,993,1183,1506,104,35
1163,1081,1482,Shamela0009690,823,397,622,135,41
1163,1155,1482,JK007065,361,246,428,124,48
1163,1155,1482,Sham19Y0011194,107,724,1097,183,57
1163,1187,1482,Sham19Y0017798,1619,1174,1313,104,43
1163,1081,1482,Shamela0008612,226,569,853,176,51
1163,1374,1482,Shamela0008612,261,44,151,84,99
1163,1,191,Sham19Y0017063,452,1302,1495,130,74
1163,191,879,Sham19Y0017063,453,1,500,334,56
1163,1149,1482,Sham19Y0022884,138,508,907,157,48
1163,1155,1482,Shamela0010517,883,440,802,201,70
1164,29,280,Sham19Y0020561,1527,1199,1454,198,97
1164,47,280,Sham19Y0018259,202,1,237,183,97
1164,23,280,Shamela0007891,970,93,382,184,79
1164,1212,1406,Sham19Y0013769,978,12,268,119,60
1164,14,280,Sham19Y0013769,2444,392,665,188,83
1164,23,306,Shamela0000767,1455,669,995,208,78
1164,105,280,Sham19Y0148486,2621,1,185,136,90
1164,51,280,Shamela0003485,173,416,694,162,68
1164,23,319,Shamela0006610,493,217,556,223,81
1164,89,262,Sham19Y0017747,925,1309,1475,122,82
1164,23,170,JK006897,206,1250,1401,117,96
1164,29,280,ShamAY0036128,8,90,340,196,98
1164,23,280,JK010001,1860,1061,1312,186,86
1164,23,241,Shia000841Vols,3111,1275,1501,165,90
1164,23,142,ShamIbadiyya0000229,2623,1335,1453,94,99
1164,142,284,ShamIbadiyya0000229,2624,1,138,107,95
1164,29,280,Tafsir07055,1948,143,397,198,98
1164,300,1310,Sham19Y0131521,4063,944,1478,409,49
1164,183,280,Sham19Y0131521,4623,1,98,76,100
1164,29,280,Shamela0001727,595,295,549,198,98
1164,319,574,Shamela0000432,5266,145,779,119,23
1164,913,1100,Shamela0005756,6851,1246,1398,97,61
1164,468,703,Shamela0005756,6852,208,729,134,32
1164,23,183,Shamela0005756,6859,1311,1479,119,86
1164,183,284,Shamela0005756,6860,1,102,77,98
1164,29,284,Sham19Y0127677,7298,1007,1265,201,98
1164,89,280,Sham19Y0127677,8628,1,196,152,97
1164,23,280,JK000386,317,1,267,202,95
1164,89,280,Shamela0001673,3602,986,1172,138,84
1164,23,280,Shamela0004473,9744,1043,1309,194,90
1164,101,280,Sham19Y0014309,210,6,169,129,90
1164,119,280,Sham19Y0014309,828,1,145,115,89
1164,65,280,JK000271,179,1174,1391,148,81
1164,89,280,Sham19Y0147104,2032,442,631,138,83
1164,23,280,Sham19Y0017903,748,933,1197,201,95
1164,14,280,ShamAY0033523,279,394,666,189,83
1164,18,236,JK000201,1369,247,496,173,86
1164,29,196,Sham19Y0122406,1613,437,607,132,97
1164,29,280,Shamela0006227,405,433,684,180,86
1164,23,241,Sham19Y0145212,1466,990,1211,157,85
1164,23,132,Sham19Y0132524,980,1176,1292,86,92
1164,132,280,Sham19Y0132524,981,340,512,117,86
1164,23,170,Shamela0001875,705,558,705,117,98
1164,23,300,Shamela0001875,812,293,573,210,93
1164,23,280,Shamela0001875,834,200,455,202,99
1164,126,280,Kraken230110004547,16,1,155,121,99
1164,1,280,Kraken230110004547,277,66,361,172,63
1164,89,249,Sham19Y0018144,4686,1332,1490,116,83
1164,29,300,Shamela0025800,176,984,1255,214,99
1164,1,249,Shamela0025800,1690,1183,1440,183,87
1164,101,280,Sham19Y0017791,640,11,194,140,96
1164,23,231,Sham19Y0018611,536,1034,1282,117,56
1164,18,280,Sham19Y0123608,592,316,568,195,94
1164,23,280,Sham19Y0017729,395,364,633,202,94
1164,29,236,Shia003732Vols,3951,191,445,132,60
1164,23,275,Shamela0010657,783,1176,1436,181,85
1164,683,1406,Sham19Y0014224,593,543,1276,358,50
1164,23,280,Sham19Y0131336,1037,165,430,185,85
1164,23,300,Sham19Y0020638,490,937,1216,215,96
1164,23,170,JK007036,380,706,860,117,94
1164,18,236,Sham19Y0013252,3730,1193,1339,112,64
1164,14,280,ShamAY0035960,282,444,718,189,83
1164,29,280,Kraken2108092202141,515,500,751,194,96
1164,23,300,ShamAY0038394,309,473,741,190,83
1164,23,280,Sham19Y0146127,1378,822,1061,175,84
1164,29,280,Sham19Y0016976,671,1,260,182,85
1164,23,300,Shamela0009242,1891,624,947,218,84
1164,170,280,Shamela0009242,1969,1178,1297,84,87
1164,23,280,Sham19Y0017616,155,809,1082,203,93
1164,23,280,Shamela0000782,247,239,529,186,79
1164,23,300,JK007065,212,185,477,219,94
1164,18,280,Sham19Y0017798,2390,1073,1234,122,59
1164,23,280,Sham19Y0122257,1162,469,734,186,85
1164,1258,1482,Sham19Y0014601,3755,1240,1355,75,42
1164,29,280,Kraken22041020273101,213,912,1162,193,95
1164,788,1100,Sham19Y0017063,454,618,849,143,53
1164,300,905,Shamela0009841,86,295,893,477,96
1164,23,280,Sham19Y0014325,2041,485,774,203,88
1164,23,280,Shamela0008360,301,979,1260,187,81
1164,300,545,Sham19Y0013605,1982,231,417,135,66
1165,904,1069,Sham19Y0013769,982,1216,1382,123,92
1165,719,904,Sham19Y0013769,982,404,584,132,84
1165,1069,1186,Sham19Y0131521,4063,562,722,89,69
1165,1054,1186,Sham19Y0131521,4622,1092,1329,92,49
1165,1074,1173,ShamAY0033531,2041,1187,1285,76,98
1165,8,170,Sham19Y0014224,594,364,535,126,90
1165,335,1069,Sham19Y0014224,596,421,1273,498,68
1166,337,994,Sham19Y0131521,1014,19,622,321,48
1166,113,1069,Sham19Y0131521,3472,480,1011,302,35
1166,113,281,Shamela0001727,596,48,331,130,58
1166,1106,1561,Shia001831Vols,298,373,651,187,48
1166,117,817,JK000201,1437,871,1499,341,52
1166,113,272,Shamela0008493,222,122,483,119,41
1166,1122,1523,ShamAY0033531,1802,1271,1546,221,67
1166,132,1078,ShamAY0033531,1836,75,796,565,73
1166,1116,1375,Sham19Y0018144,4323,12,239,174,82
1166,473,657,Sham19Y0014580,2189,1352,1535,147,99
1166,1150,1360,Sham19Y0023625,1566,247,717,148,37
1166,113,821,Sham19Y0017063,465,558,948,213,35
1167,321,836,Shamela0026568,1151,481,1493,279,31
1167,807,1244,Shamela0026568,1152,11,333,179,45
1167,462,721,Shamela0021599,1761,5,229,155,72
1167,856,1244,Shamela0021599,1761,873,1129,159,47
1167,437,618,Shamela0005756,6633,1117,1276,122,82
1167,1,1033,Shia001831Vols,298,651,1346,530,62
1167,321,1244,Shamela0023685,1324,14,1465,422,30
1167,462,947,Sham19Y0145212,1470,311,912,256,45
1167,1,286,ShamAY0033531,1803,35,320,227,98
1167,762,1217,Sham19Y0018103,1447,1099,1522,135,25
1167,384,1258,Sham19Y0013223,1910,541,1324,627,88
1167,696,1033,Masaha001946Vols,1270,230,431,141,50
1167,365,1064,Shamela0000551,1209,354,1210,160,15
1167,384,1060,Sham19Y0017063,437,1115,1538,251,40
1167,302,623,Sham19Y0013605,1943,725,1006,167,58
1167,813,1217,Sham19Y0013605,1944,16,380,137,33
1168,228,837,ShamAY0035035,2255,562,1423,295,38
1168,1396,1599,Sham19Y0131521,3355,993,1349,153,52
1168,337,531,Shamela0021715,3122,409,825,119,35
1168,1,536,Shamela0005756,6629,49,1156,351,37
1168,1381,1622,Sham19Y0127677,8506,1,313,168,61
1168,216,498,Shamela0001673,3664,969,1499,116,23
1168,8,837,ShamIbadiyya0000433,461,414,1305,268,28
1168,203,411,Sham19Y0013253,397,1123,1338,164,93
1168,182,701,Sham19Y0122406,1618,523,1125,325,61
1168,175,798,Sham19Y0018103,1446,523,1167,272,40
1168,216,819,Sham19Y0018272,609,785,1230,168,27
1168,153,965,Sham19Y0013223,1911,765,1573,654,99
1168,170,421,Sham19Y0123665,995,1,261,184,86
1168,216,494,Sham19Y0013252,3579,1,305,165,63
1168,216,837,Shamela0011036,1069,561,1491,294,35
1168,440,819,Shamela0009242,1851,184,467,143,45
1168,1251,1498,Sham19Y0017616,577,359,541,148,73
1168,386,819,JK009251,45,509,767,109,29
1168,8,1150,Sham19Y0017063,438,200,723,332,34
1168,182,805,Sham19Y0013605,1942,745,1171,283,52
1169,498,669,JK000021,1093,874,1045,137,100
1169,498,669,Shamela0001733,1330,829,1001,100,59
1169,520,669,Shamela0006025,392,1,158,115,90
1169,498,669,Shamela0012415,257,1018,1189,137,100
1169,517,674,Shamela0021629,345,88,210,92,73
1169,1160,1383,Sham19Y0013667,3239,799,969,119,68
1169,498,669,Sham19Y0016584,1554,1100,1288,125,81
1169,1238,1520,Sham19Y0148486,2649,757,1059,200,83
1169,498,669,Sham19Y0148486,2700,1063,1231,133,96
1169,27,669,Shamela0006610,468,650,1021,181,31
1169,1269,1520,Shamela0006610,472,1086,1326,174,85
1169,493,685,ShamAY0035035,2257,1203,1407,139,85
1169,502,669,JK009390,603,154,328,121,84
1169,1264,1520,Sham19Y0017747,824,535,791,195,95
1169,498,839,JK000977,1019,498,764,157,57
1169,27,665,JK006897,226,857,1341,175,27
1169,50,669,Sham19Y0127656,196,315,530,144,28
1169,1276,1520,Zaydiyya0000274,634,878,1093,147,73
1169,498,669,JK000110,457,779,967,125,81
1169,1243,1520,Shamela0011428,1001,717,944,162,73
1169,498,669,Shamela0021715,3126,445,633,125,81
1169,498,867,Shamela0001727,597,858,1085,178,60
1169,875,1520,Shamela0001727,598,199,778,336,56
1169,1383,1520,Zaydiyya0000266,451,11,159,99,83
1169,1243,1520,Sham19Y0020868,397,754,1031,204,89
1169,955,1071,Sham19Y0017437,836,419,535,90,100
1169,498,707,Sham19Y0017437,840,543,775,117,55
1169,1243,1486,Sham19Y0127700,178,1236,1493,189,93
1169,1243,1520,Shia002240Vols,267,370,597,162,73
1169,507,669,Shia002261Vols,112,685,850,118,87
1169,523,669,Shia004456Vols,2462,1,147,118,100
1169,498,669,Shamela0005756,6637,41,229,125,81
1169,498,732,Shamela0005756,6639,131,369,164,82
1169,498,955,Shamela0012014,272,329,662,177,41
1169,517,669,Sham19Y0127677,700,1044,1211,119,88
1169,498,669,Sham19Y0127677,6333,69,257,125,81
1169,471,669,Sham19Y0127677,9279,399,587,117,68
1169,498,669,Shamela0000894,2338,223,398,137,97
1169,471,669,Shamela0004473,9637,209,418,137,78
1169,1238,1520,Shamela0004473,15309,712,1005,217,92
1169,27,669,Shamela0012884,439,855,1212,181,33
1169,498,669,ShamAY0033973,108,118,296,135,93
1169,1238,1407,Shamela0005922,1598,1223,1401,131,93
1169,1407,1520,Shamela0005922,1599,1,119,89,95
1169,498,669,JK007049,20,1103,1285,136,92
1169,1238,1520,Sham19Y0014309,1886,774,1020,176,76
1169,517,669,Sham19Y0122096,1251,1017,1172,116,90
1169,42,669,Sham19Y0017903,402,1010,1404,200,33
1169,498,669,JK001429,30,298,472,135,96
1169,498,669,Shamela0010922,55,1103,1243,106,76
1169,1243,1520,Sham19Y0013253,398,11,287,206,90
1169,498,669,Shamela0000140,1713,1252,1440,125,81
1169,554,669,ShamAY0032885,3,1,123,91,91
1169,517,669,JK005014,26,563,710,116,94
1169,65,669,Sham19Y0122406,1619,960,1459,327,58
1169,517,867,Sham19Y0122406,1620,7,439,128,26
1169,1243,1506,Sham19Y0122406,1621,58,330,137,63
1169,517,669,Shia002265Vols,2673,1024,1179,116,90
1169,1243,1520,Shamela0006227,409,786,1066,203,89
1169,507,669,JK009324,1109,191,364,111,77
1169,498,669,Shamela0037837,312,306,494,125,81
1169,498,669,JK009237,1367,172,343,136,99
1169,498,669,Sham19Y0001734,1349,574,752,135,93
1169,517,955,Sham19Y0132524,985,542,995,165,36
1169,1366,1520,Sham19Y0132524,986,718,887,121,91
1169,493,685,Sham19Y0038171,610,79,282,139,85
1169,517,685,Shamela0001438,1489,70,286,121,70
1169,1243,1520,Kraken230110004547,269,905,1145,158,68
1169,517,669,Kraken230110004547,470,25,198,110,78
1169,523,669,Sham19Y0018106,1420,1,160,106,81
1169,498,669,Sham19Y0018103,1448,1221,1409,125,81
1169,498,674,Shamela0005583,236,1185,1369,136,91
1169,1243,1520,Shamela0025800,1631,1078,1366,216,95
1169,498,669,Shamela0025800,2631,248,432,125,83
1169,498,669,Shamela0096283,163,1231,1419,125,81
1169,1305,1520,Sham19Y0123608,569,1,197,141,78
1169,42,665,Sham19Y0017729,203,594,980,204,34
1169,1243,1520,Shia003732Vols,4656,604,878,192,82
1169,1238,1520,Shamela0010657,790,468,770,200,83
1169,517,669,Shamela0021659,439,110,265,116,90
1169,498,669,Shamela0009292,84,145,318,137,98
1169,498,669,ShamAY0034005,381,988,1167,137,95
1169,894,1111,Sham19Y0018272,2078,109,307,122,69
1169,498,685,Sham19Y0020638,492,767,945,142,95
1169,1243,1520,Sham19Y0020638,493,72,363,216,94
1169,498,669,Sham19Y0013223,398,261,401,106,76
1169,107,275,Sham19Y0013223,1912,224,392,135,98
1169,955,1096,Sham19Y0013223,1913,594,735,107,97
1169,512,669,Zaydiyya0000342,466,1,159,91,57
1169,1243,1520,Sham19Y0146127,1393,782,990,144,66
1169,498,652,Sham19Y0146127,1421,788,938,121,97
1169,972,1152,Shamela0009242,1923,170,348,119,76
1169,1264,1441,Sham19Y0013241,792,1269,1456,138,94
1169,498,669,JK007065,333,280,468,125,81
1169,1243,1520,JK007065,1454,437,734,208,89
1169,1143,1383,Sham19Y0017798,2069,705,910,151,80
1169,498,669,Sham19Y0018176,762,173,361,125,81
1169,471,669,ShamAY0033760,522,1323,1487,104,60
1169,498,669,Sham19Y0013605,1944,1357,1545,125,81
1169,27,275,Kraken22021606122001,62,157,482,171,62
1170,1,93,Sham19Y0148486,2649,1059,1151,67,96
1170,1,136,Shamela0006610,472,1326,1463,85,75
1170,947,1464,ShamAY0035233,109,123,568,304,69
1170,108,280,Shamela0008176,2746,871,1045,134,98
1170,1115,1397,Sham19Y0017747,824,1211,1474,199,87
1170,1,93,Sham19Y0017747,824,791,883,67,96
1170,286,580,Sham19Y0017747,825,8,260,193,81
1170,108,286,Sham19Y0013614,253,396,701,139,58
1170,108,280,Shamela0025794,4906,592,796,121,74
1170,1,280,Shamela0011428,1001,944,1323,188,62
1170,1,375,Sham19Y0131521,3466,1004,1196,101,28
1170,963,1397,Sham19Y0131521,3467,1,422,270,74
1170,108,280,Shamela0021590,642,1256,1416,125,91
1170,1,280,Shamela0001727,598,778,1244,201,56
1170,108,280,JK000916,9536,212,415,121,74
1170,1,89,Zaydiyya0000266,451,159,251,65,93
1170,108,280,Sham19Y0017757,88,1173,1333,125,91
1170,108,280,Shamela0003118,3077,470,652,124,84
1170,1,89,Sham19Y0020868,397,1031,1119,67,100
1170,1,150,Sham19Y0127700,179,35,224,83,58
1170,113,375,Sham19Y0127677,6120,146,417,176,74
1170,1,89,Shamela0004473,15309,1005,1093,67,100
1170,1,280,Shamela0005922,1599,119,503,206,68
1170,1,89,Sham19Y0014309,1886,1020,1108,67,100
1170,1,89,Sham19Y0013253,398,287,376,67,98
1170,1,89,Shamela0006227,409,1066,1154,67,100
1170,108,280,Sham19Y0145212,1525,338,844,134,33
1170,1,89,Sham19Y0132524,986,887,975,67,100
1170,108,280,Sham19Y0132524,987,245,423,129,93
1170,136,280,Shamela0001875,767,1,146,113,99
1170,29,280,Shamela0025800,1632,1,353,184,65
1170,1,247,Sham19Y0123608,569,197,480,132,57
1170,1,93,Shamela0010657,790,770,862,67,96
1170,1,280,Sham19Y0020638,493,363,766,207,65
1170,113,280,ShamAY0031687,763,547,722,118,83
1170,108,280,Sham19Y0016976,696,1019,1193,134,98
1170,29,275,Sham19Y0013241,793,1,466,144,40
1170,1,280,JK007065,1454,734,1171,199,58
1170,108,280,Sham19Y0011194,105,127,297,131,97
1170,113,286,Tafsir06049,902,1197,1361,125,92
1170,108,280,Sham19Y0122257,1210,446,620,134,98
1170,1,89,Shamela0021731,310,373,462,67,98
1170,726,1041,Sham19Y0017063,465,69,317,167,64
1170,108,286,Shamela0010803,236,477,656,134,95
1170,108,280,Shamela0022644,1470,973,1133,125,91
1170,108,280,Shamela0008360,317,534,708,134,98
1170,136,280,Sham19Y0133413,31,576,724,103,88
1170,113,280,Shamela0021537,3769,1183,1344,117,85
1171,888,1208,Sham19Y0013667,3385,863,1480,187,35
1171,450,666,Shamela0000767,1469,1,141,91,54
1171,446,659,Sham19Y0148486,2677,645,784,90,54
1171,1147,1399,JK000196,2566,123,432,101,36
1171,802,932,Shamela0002569,573,485,1101,91,18
1171,519,914,Shia000841Vols,3132,1146,1476,157,40
1171,914,1443,Shia000841Vols,3133,1,584,369,76
1171,959,1409,Shamela0011444BK2,934,1,434,184,41
1171,1,137,Sham19Y0131521,3398,1278,1422,102,84
1171,1103,1328,Shamela0021715,3253,1229,1488,141,66
1171,246,605,Shamela0001727,599,60,1389,236,22
1171,446,659,Shamela0001727,600,166,305,90,54
1171,237,848,Shamela0009810,672,392,850,118,20
1171,519,659,JK000889,2,16,407,87,26
1171,339,659,Shia001731Vols,364,8,176,107,43
1171,436,659,JK000130,459,618,733,68,39
1171,336,659,Sham19Y0017903,424,37,388,149,43
1171,634,1304,Shia001831Vols,300,1,396,252,47
1171,605,1399,Shamela0000140,1739,578,911,160,26
1171,1126,1350,JK000201,1401,129,383,161,79
1171,471,659,Sham19Y0122406,1625,1,886,132,18
1171,634,1409,Shamela0003565,2504,49,584,202,26
1171,1103,1432,Sham19Y0149697,2389,1209,1575,155,50
1171,446,662,Shamela0001875,763,50,193,92,55
1171,257,605,Shamela0001875,799,194,674,134,29
1171,675,1111,ShamAY0033531,1824,1149,1492,269,78
1171,1147,1405,ShamAY0033531,1825,1,255,203,98
1171,1038,1328,Sham19Y0018106,1465,318,691,141,44
1171,251,659,Sham19Y0018144,855,408,725,121,33
1171,446,659,Sham19Y0018144,914,1065,1199,90,54
1171,251,821,Shamela0036446,342,165,934,237,32
1171,446,659,Shamela0025800,1645,26,165,90,54
1171,574,991,Sham19Y0017791,659,1106,1266,111,33
1171,1,246,Shamela0021721,946,1285,1509,154,75
1171,336,659,Sham19Y0017729,213,1050,1402,150,43
1171,345,659,Sham19Y0147597,1328,497,829,91,22
1171,132,246,Sham19Y0014224,572,558,672,93,100
1171,1050,1399,Sham19Y0018272,384,958,1282,213,72
1171,251,662,Sham19Y0020638,494,346,941,176,32
1171,436,659,JK000475,526,1244,1359,68,39
1171,446,659,Shia001976Vols,911,932,1068,89,54
1171,564,1409,Shamela0011468BK1,836,331,978,401,57
1171,888,1090,Sham19Y0013252,3757,28,194,123,77
1171,615,1062,Masaha001946Vols,1266,1003,1258,114,29
1171,446,659,Sham19Y0146127,1408,425,564,90,54
1171,1142,1346,Shamela0000551,1200,1207,1423,135,78
1171,619,1277,Shamela0021598,2427,795,1176,168,28
1171,446,659,Sham19Y0017616,157,492,631,90,54
1171,519,1090,Sham19Y0020590,153,970,1460,307,61
1171,1142,1399,Sham19Y0020590,154,25,277,169,78
1171,869,991,Sham19Y0122257,1195,1,119,93,96
1171,345,675,Sham19Y0014601,3679,935,1354,116,25
1171,519,662,Sham19Y0014119,236,302,484,89,54
1171,1103,1432,Sham19Y0013783,883,636,1056,164,45
1171,1,276,Sham19Y0017063,445,725,1002,178,72
1171,519,659,Sham19Y0017063,454,1285,1463,87,53
1171,446,659,JK000024,9,633,928,85,29
1171,446,659,Shamela0009593,3,1333,1453,75,45
1171,1147,1399,Shamela0009059BK2,2565,754,1063,101,36
1171,446,888,Shamela0000791,286,1363,1543,78,22
1171,888,1414,Shamela0000791,287,1,513,397,94
1171,795,1103,Shamela0010517,1060,1106,1414,245,100
1172,1233,1535,Zaydiyya0000142,2188,146,449,249,99
1172,382,590,Shamela0001727,601,159,400,116,62
1172,72,301,Shamela0026568,1179,533,777,172,87
1172,1282,1479,Shamela0005756,6919,729,903,120,71
1172,666,981,Shamela0005756,6928,14,334,134,40
1172,466,595,Sham19Y0127677,19569,556,692,94,88
1172,72,444,Sham19Y0014309,1901,1101,1483,222,62
1172,72,455,Sham19Y0122096,2444,842,1127,190,60
1172,72,455,Shia001831Vols,300,408,686,193,63
1172,1288,1535,JK000201,1423,1154,1395,198,96
1172,72,294,Shamela0023685,1351,1171,1408,166,86
1172,382,590,Sham19Y0122406,1626,1056,1410,121,44
1172,653,883,ShamAY0033531,1821,1306,1536,188,100
1172,883,1535,ShamAY0033531,1822,1,614,497,93
1172,158,466,ShamAY0033531,1824,705,1032,240,93
1172,466,569,ShamAY0035990,689,1498,1602,82,99
1172,466,569,ShamAY0035990,690,96,200,82,99
1172,294,466,Sham19Y0018272,1375,640,799,112,84
1172,129,704,Sham19Y0014601,3800,580,1146,279,49
1172,466,704,ShamIbadiyya0000942,49,208,419,111,59
1172,1367,1535,Shamela0000791,287,1060,1229,127,86
1173,552,1003,Sham19Y0013769,993,750,1156,90,21
1173,1171,1418,Sham19Y0013769,996,205,438,176,88
1173,1,885,Zaydiyya0000142,2188,453,1474,694,85
1173,430,728,Shia000841Vols,3136,886,1444,173,38
1173,570,713,Shamela0021715,3265,1309,1453,110,99
1173,587,928,Shamela0001727,601,281,782,48,8
1173,574,866,ShamIbadiyya0000433,432,101,402,181,75
1173,446,866,Shamela0000140,376,247,783,216,44
1173,1,122,JK000201,1423,1399,1520,95,100
1173,122,880,JK000201,1424,1,706,551,91
1173,570,975,Sham19Y0014224,605,187,425,96,26
1173,1058,1418,Sham19Y0014224,607,181,583,244,73
1173,574,866,Shamela0000551,1171,679,978,181,75
1173,92,334,Sham19Y0020590,156,797,1000,126,61
1173,640,1418,Sham19Y0017063,461,857,1250,271,44
1173,1,256,Shamela0000791,287,1233,1483,196,97
1173,256,894,Shamela0000791,288,1,377,281,54
1174,177,594,Zaydiyya0000142,2189,13,439,318,90
1174,815,1459,ShamAY0033531,1129,26,559,429,82
1174,190,594,ShamAY0033531,1822,1068,1457,299,91
1174,1,170,Sham19Y0014224,607,583,809,128,72
1174,267,544,Sham19Y0013252,3767,583,815,147,63
1174,729,1187,Shia001174Vols,4012,523,867,204,54
1174,146,680,Shamela0000551,1172,154,665,329,67
1174,729,1264,Sham19Y0014601,2380,130,641,370,80
1174,298,1440,Sham19Y0017063,462,31,727,402,40
1175,1284,1471,Sham19Y0017350,649,451,635,128,76
1175,920,1169,Sham19Y0016584,1609,244,635,123,41
1175,976,1189,JK000977,1027,509,702,109,64
1175,941,1169,Sham19Y0127656,207,19,260,115,55
1175,967,1169,JK000110,477,1087,1271,100,60
1175,967,1189,Shamela0025794,1285,1080,1302,114,58
1175,967,1169,Shamela0021715,3264,58,242,100,60
1175,967,1189,Sham19Y0016684,805,839,1110,80,29
1175,967,1189,Shamela0001727,603,1157,1359,114,62
1175,237,359,Shamela0005756,6917,1143,1275,93,89
1175,967,1169,Shamela0005756,6920,779,963,100,60
1175,967,1169,Sham19Y0127677,14883,1234,1416,99,59
1175,967,1189,Sham19Y0127677,14884,1045,1247,114,62
1175,198,359,Shamela0001673,3852,225,407,124,86
1175,185,359,Sham19Y0014309,137,227,402,121,81
1175,976,1193,JK000785,976,959,1121,90,53
1175,967,1284,Sham19Y0017903,426,677,942,138,54
1175,1033,1456,Shia001831Vols,301,591,1024,187,43
1175,967,1189,Sham19Y0122406,1630,384,586,114,62
1175,976,1189,Sham19Y0132524,991,724,909,106,63
1175,1,169,ShamAY0033531,1129,559,727,135,100
1175,967,1169,Sham19Y0018106,1470,521,705,100,60
1175,967,1163,Sham19Y0018103,1491,1253,1431,95,59
1175,991,1169,Shamela0025800,134,943,1136,83,59
1175,941,1169,Shamela0096283,169,794,972,87,43
1175,967,1284,Sham19Y0017729,215,553,820,132,52
1175,967,1169,ShamAY0034383,80,825,1009,100,60
1175,967,1304,Sham19Y0020638,497,611,980,152,44
1175,1198,1456,Sham19Y0020638,1680,460,665,134,63
1175,976,1169,ShamAY0031687,753,381,546,91,59
1175,967,1169,Sham19Y0013252,3768,91,275,100,60
1175,967,1189,Sham19Y0017616,159,602,808,114,61
1175,991,1189,JK007065,1193,412,874,73,17
1175,967,1169,Sham19Y0018176,790,602,786,100,60
1175,995,1169,Sham19Y0013605,1993,1,151,85,61
1176,698,830,JK000977,1030,1165,1295,97,94
1176,505,830,Shamela0001727,606,309,895,224,47
1176,698,830,Shamela0021626,13,380,512,102,100
1176,517,1314,MMS00013,171,222,811,301,39
1176,505,784,Sham19Y0122406,1634,891,1430,188,43
1176,1109,1454,Sham19Y0014224,606,1163,1407,146,48
1176,509,798,Sham19Y0014224,606,791,1176,126,36
1176,592,830,Sham19Y0020638,500,93,435,169,63
1176,607,869,JK007065,197,131,343,121,56
1176,698,869,Shamela0009593,4,1225,1387,119,88
1177,898,1367,Sham19Y0013667,3353,166,378,115,30
1177,903,1367,Shamela0008176,2711,148,363,122,32
1177,903,1315,Sham19Y0131521,3432,167,629,263,64
1177,898,1367,Shamela0001727,607,54,273,124,32
1177,345,1367,Sham19Y0127677,7206,381,1032,205,19
1177,958,1530,Shia001831Vols,302,949,1357,290,61
1177,22,402,Shia001831Vols,302,143,446,148,40
1177,355,1018,Shamela0001442,358,443,1017,105,12
1177,1,1367,Sham19Y0122406,1635,148,1030,221,15
1177,903,1361,Sham19Y0145212,1514,792,1001,121,32
1177,339,597,ShamAY0033531,1820,1310,1545,169,80
1177,954,1530,ShamAY0033531,1821,925,1295,286,60
1177,597,903,ShamAY0033531,1821,1,301,240,96
1177,355,1367,Kraken230110004547,272,19,692,153,14
1177,393,672,Sham19Y0013631,1552,135,336,152,66
1177,355,1367,Shamela0036446,343,892,1485,186,18
1177,345,1367,Shamela0025800,1654,550,1236,204,19
1177,355,936,Sham19Y0017729,215,986,1382,82,12
1177,893,1367,Sham19Y0017729,216,28,253,126,32
1177,35,228,Sham19Y0017729,567,1063,1263,144,91
1177,22,1367,ShamAY0034383,558,92,768,166,12
1177,355,958,Sham19Y0020638,500,884,1384,110,14
1177,355,1018,JK000216,277,91,643,127,15
1177,898,1367,Sham19Y0017616,158,126,345,125,32
1177,355,1367,JK007065,270,601,1309,195,18
1177,898,1367,Sham19Y0017798,1621,423,642,124,32
1177,436,887,Sham19Y0122257,1199,430,869,302,72
1177,359,858,Sham19Y0014601,3790,12,352,196,43
1177,355,1367,Shamela0008360,313,537,1213,201,19
1177,1167,1361,Shamela0009279,19,363,850,97,22
1177,898,1367,Shamela0010517,2692,122,341,124,32
1177,22,1367,Shamela0010517,2749,580,1256,147,10
1178,601,1253,Sham19Y0017350,651,194,889,505,86
1178,601,1232,Sham19Y0013667,3374,1,555,276,45
1178,592,1115,Sham19Y0013769,999,1045,1621,368,70
1178,1115,1247,Sham19Y0013769,1000,1,144,96,79
1178,572,1247,Shamela0002569,586,194,834,455,77
1178,1280,1436,Shamela0001727,608,392,773,112,37
1178,1090,1247,Shamela0026568,1184,1030,1163,103,77
1178,1090,1247,Shamela0023685,1357,158,291,103,77
1178,601,1011,Sham19Y0122406,1638,1102,1511,199,44
1178,87,407,Sham19Y0122406,1639,1156,1499,157,45
1178,645,1355,Sham19Y0132524,997,466,1227,305,42
1178,121,522,Sham19Y0013631,968,840,1087,163,49
1178,999,1247,Sham19Y0018103,1494,713,890,121,59
1178,1296,1436,Sham19Y0020638,500,440,694,101,51
1178,592,929,Shamela0009242,1918,945,1542,174,30
1178,1280,1436,JK007065,197,168,645,98,25
1178,1309,1537,Sham19Y0017063,455,213,639,107,26
1179,135,738,Sham19Y0013667,3390,216,919,259,38
1179,38,376,Shamela0001673,3869,1222,1419,93,29
1179,45,376,Shamela0009242,1927,1349,1539,87,27
1179,38,376,Sham19Y0014601,3671,986,1143,93,31
1179,38,376,Sham19Y0014119,1007,1302,1458,93,31
1180,941,1196,Sham19Y0017747,872,348,648,161,59
1180,623,905,Sham19Y0131521,3438,211,536,214,78
1180,177,394,Shamela0001727,608,1260,1394,81,47
1180,878,1010,Shamela0001727,609,421,765,97,35
1180,1,317,Shamela0005756,517,1024,1239,156,59
1180,889,1010,Sham19Y0127677,11728,394,740,94,34
1180,1376,1528,Sham19Y0014309,3146,1217,1370,120,95
1180,37,394,JK000201,1311,152,355,80,26
1180,982,1376,JK000201,1417,430,847,307,90
1180,1010,1570,Sham19Y0016817,404,692,1251,455,99
1180,177,394,Sham19Y0122406,1640,218,347,79,46
1180,1010,1570,Sham19Y0145212,4240,675,1228,450,98
1180,89,889,ShamAY0033531,1824,119,616,369,56
1180,89,456,Sham19Y0017791,660,680,1001,145,42
1180,967,1570,Sham19Y0013223,1928,297,929,474,92
1180,40,379,Sham19Y0095660,1864,77,327,123,41
1180,1,271,Sham19Y0013252,535,1319,1491,124,56
1180,18,394,Sham19Y0146127,1407,37,392,157,44
1180,893,1570,Shamela0009242,1895,119,783,258,36
1180,322,598,Shamela0009242,1900,380,812,146,42
1180,723,889,Sham19Y0122257,1196,821,991,136,96
1180,1046,1570,Sham19Y0014601,3805,1,519,412,95
1180,89,703,Sham19Y0017063,455,1055,1493,231,43
1180,1032,1570,Sham19Y0017063,459,108,446,181,38
1181,1028,1526,Sham19Y0013667,4445,749,1400,249,43
1181,593,875,Sham19Y0013769,1012,754,1100,205,71
1181,1040,1472,Sham19Y0013769,1014,726,1384,254,46
1181,660,1536,Shamela0008176,2758,1,797,542,72
1181,985,1567,Shia000841Vols,3185,428,1016,426,86
1181,1040,1472,Shamela0008540,1705,1,419,312,89
1181,120,431,Sham19Y0014299,126,447,749,225,86
1181,604,1554,Shamela0005756,501,323,1043,415,52
1181,115,431,JK000201,1416,740,1084,249,90
1181,587,909,Shamela0023628,3707,329,896,124,26
1181,985,1413,Shamela0023628,3708,280,690,250,64
1181,1243,1461,Sham19Y0122406,1645,1056,1308,112,49
1181,1251,1526,Sham19Y0149697,2614,281,540,147,63
1181,985,1567,ShamAY0033531,1124,409,993,460,98
1181,216,431,Sham19Y0131003,501,1,238,174,90
1181,593,959,Sham19Y0014224,619,778,1200,279,80
1181,996,1563,Sham19Y0014224,620,30,698,362,61
1181,1243,1563,Sham19Y0013252,3821,1,264,166,60
1181,684,1549,Sham19Y0122257,1213,1,949,521,57
1181,87,331,Sham19Y0014601,3804,1162,1410,192,95
1181,1,331,Sham19Y0017063,459,446,769,237,86
1181,915,1362,Sham19Y0017063,466,1194,1489,212,59
1181,587,1563,Sham19Y0013605,196,45,746,437,55
1182,102,780,Shamela0021848BK1,584,974,1404,199,32
1182,441,680,ShamAY0034306,3,1229,1485,185,90
1182,26,688,Sham19Y0017350,660,712,1385,225,30
1182,41,799,Sham19Y0013667,4446,182,1365,421,42
1182,478,780,Sham19Y0013769,1014,150,557,184,50
1182,26,316,Sham19Y0013769,1015,271,601,211,79
1182,824,982,Shamela0008176,2760,37,203,112,78
1182,1,407,Shia000841Vols,3185,1020,1511,268,65
1182,18,349,Shamela0008540,1705,1155,1474,247,93
1182,349,780,Shamela0008540,1706,1,532,292,67
1182,987,1273,JK000786,806,382,577,81,34
1182,18,451,Shamela0005756,501,1051,1398,212,61
1182,466,762,Shamela0005756,502,7,214,152,63
1182,824,1393,Shia001831Vols,304,1087,1427,247,53
1182,473,647,Shamela0023628,3707,1316,1541,105,53
1182,484,804,Shamela0023628,3711,230,619,127,33
1182,29,532,Sham19Y0122406,1647,309,931,288,52
1182,122,612,Sham19Y0149697,2614,653,1105,231,47
1182,1,447,ShamAY0033531,1124,993,1449,353,97
1182,458,762,Sham19Y0014224,619,1200,1529,241,90
1182,18,447,Sham19Y0014224,620,698,1125,338,99
1182,780,1457,Sham19Y0014224,621,59,342,150,25
1182,18,458,Sham19Y0013252,3821,250,714,228,56
1182,447,780,Shamela0011036,1132,806,1131,242,88
1182,987,1273,JK007065,482,726,1163,146,41
1182,18,762,Sham19Y0013605,196,746,1379,361,51
1183,986,1178,Sham19Y0013769,1020,1079,1279,148,85
1183,974,1206,Sham19Y0148486,7594,199,436,188,96
1183,958,1206,Shamela0008176,2763,94,327,163,72
1183,316,607,Shamela0008176,2766,261,507,163,70
1183,213,451,Shamela0008540,1702,583,797,136,69
1183,341,620,Sham19Y0131521,1371,654,946,219,93
1183,405,628,Sham19Y0131521,2024,1,241,166,85
1183,968,1593,Shia001831Vols,305,297,816,187,29
1183,961,1206,Shamela0003565,2506,408,656,200,97
1183,961,1178,Sham19Y0014224,623,1149,1388,157,76
1183,456,815,Sham19Y0014224,625,272,504,149,50
1183,1206,1338,Shamela0009242,1952,215,632,100,29
1183,1068,1206,Sham19Y0011194,308,1,144,114,96
1183,5,266,Sham19Y0122257,1215,569,759,92,40
1183,958,1206,Sham19Y0122257,1216,15,230,166,77
1184,861,1154,ShamAY0034306,12,1146,1473,177,64
1184,96,258,Sham19Y0148486,7591,50,219,124,89
1184,1341,1581,Shia000841Vols,3186,394,566,134,70
1184,593,833,Sham19Y0131521,2015,856,1028,130,67
1184,1341,1581,Shia002702Vols,11759,417,609,152,79
1184,450,1057,Shia001831Vols,305,911,1324,270,53
1184,601,1057,JK000201,1445,821,1133,218,58
1184,628,1049,Shamela0021660,4474,1177,1379,150,43
1184,611,894,Shamela0009702,887,1134,1447,203,81
1184,1110,1318,ShamAY0035990,340,374,628,110,48
1184,1318,1581,Sham19Y0014224,620,1119,1318,133,61
1184,593,1057,Sham19Y0018272,1359,226,477,163,43
1184,57,302,Sham19Y0020638,505,745,1224,96,21
1184,57,445,Shamela0009242,1953,560,1097,184,37
1184,1,258,Shamela0009242,1955,16,239,151,68
1184,272,478,Sham19Y0011194,112,1,398,56,15
1184,302,450,Sham19Y0011194,308,469,617,117,98
1184,1217,1335,Sham19Y0011194,308,722,845,94,95
1184,625,1125,Sham19Y0122257,1217,262,604,171,37
1184,644,1057,Sham19Y0014601,2371,1,202,165,48
1185,702,1481,Sham19Y0017747,897,1,831,472,60
1185,1158,1516,Shamela0026568,1185,692,1016,251,83
1185,70,679,Shamela0026568,1185,273,706,142,23
1185,1158,1439,Shamela0023685,1357,1335,1580,189,80
1185,70,679,Shamela0023685,1357,924,1349,141,23
1185,84,850,ShamAY0033531,1836,879,1621,589,92
1185,850,1603,ShamAY0033531,1837,1,544,374,62
1185,75,563,Sham19Y0014224,625,1124,1565,221,48
1185,601,1166,Sham19Y0014224,626,1142,1591,344,75
1185,1171,1516,Sham19Y0014224,627,9,385,231,72
1185,75,766,Sham19Y0122257,1220,1246,1453,157,27
1185,810,1158,Sham19Y0122257,1221,114,323,156,55
1185,117,601,Sham19Y0017063,469,1062,1221,113,27
1186,32,669,Sham19Y0013769,1025,754,1639,315,37
1186,57,300,ShamAY0035035,2346,290,568,113,45
1186,859,1152,Shamela0008176,2787,735,1224,148,32
1186,859,1091,Sham19Y0131521,3475,138,436,112,46
1186,1102,1273,Shamela0009810,692,256,428,122,80
1186,254,413,Shamela0005756,7027,1335,1502,123,90
1186,887,1198,Shamela0005756,7037,526,820,179,66
1186,859,1081,Shamela0001442,366,148,719,114,24
1186,1102,1268,Shia001845Vols,108,332,489,120,88
1186,1,859,ShamAY0033531,1837,544,1402,703,99
1186,869,1205,JK007006,1316,377,494,86,32
1186,32,838,Sham19Y0014224,626,253,1113,519,65
1186,964,1113,Sham19Y0014224,627,661,1249,113,23
1186,869,1205,Sham19Y0018272,1689,1211,1340,94,35
1186,1304,1485,Masaha001864Vols,5268,1294,1469,141,96
1186,1102,1268,Sham19Y0020591,895,94,251,123,91
1186,887,1268,Sham19Y0013252,3842,1249,1595,222,67
1186,1102,1278,ShamAY0035961,197,434,607,128,89
1186,1109,1268,Shamela0011036,1151,842,996,124,96
1186,35,300,Shamela0011036,1154,936,1228,122,46
1186,468,817,Shamela0011036,1155,12,456,226,58
1186,887,1168,Shamela0009242,1934,680,935,120,46
1186,919,1268,Sham19Y0122257,1225,1,335,265,93
1186,1102,1268,Sham19Y0014601,3841,427,579,118,87
1186,1,630,Sham19Y0014601,3845,864,1525,513,94
1186,630,881,Sham19Y0014601,3846,1,256,201,94
1186,887,1198,Sham19Y0150962,986,447,747,235,92
1186,869,1205,JK001239,57,1236,1440,100,37
1186,864,1102,Shamela0000791,296,1325,1553,177,92
1186,1109,1273,Shamela0000791,297,1,164,121,92
1187,856,1220,Shamela0007891,1038,741,1355,140,28
1187,856,976,Shamela0012415,256,138,579,45,11
1187,998,1189,Shamela0008176,2770,258,442,146,93
1187,513,860,Sham19Y0131521,3476,899,1301,260,77
1187,111,310,Shamela0021715,3346,553,826,108,45
1187,856,1220,Sham19Y0122401,863,642,974,113,30
1187,919,1151,Shamela0026568,1188,831,1172,98,34
1187,1208,1588,Shamela0005756,7020,802,1041,187,57
1187,29,545,Shamela0005756,7036,1106,1516,265,61
1187,188,474,Sham19Y0014309,165,34,319,217,91
1187,87,513,Sham19Y0018103,1514,1119,1373,172,48
1187,1,513,Shamela0000551,1230,644,1098,362,86
1187,998,1588,Sham19Y0122257,1217,533,1294,283,34
1187,33,450,Sham19Y0013605,2019,664,983,218,62
1187,856,976,Shamela0012872,189,954,1201,88,44
1187,869,1042,Shamela0010517,1078,1253,1554,136,55
1187,1042,1337,Shamela0010517,1079,1,296,242,100
1188,631,796,Sham19Y0020561,288,1070,1204,103,77
1188,636,853,Sham19Y0020944,533,782,978,142,80
1188,636,805,JK000021,1146,235,401,106,69
1188,636,788,Sham19Y0013667,3347,149,286,89,71
1188,636,828,Sham19Y0013667,3349,488,672,120,72
1188,642,753,ShamAY0034227,3635,1284,1396,87,99
1188,73,481,ShamAY0034227,3636,1,267,191,59
1188,636,828,Sham19Y0148486,2665,135,345,152,90
1188,636,796,ShamAY0038170,4,45,207,99,65
1188,372,874,Shia000841Vols,3133,538,1028,247,52
1188,30,549,ShamIbadiyya0000229,2636,1269,1415,101,24
1188,636,805,Shamela0025794,4217,553,734,132,92
1188,636,805,Shamela0025794,5040,365,537,133,97
1188,636,805,Shamela0025794,5236,1240,1412,133,97
1188,1261,1488,Sham19Y0017101,33,634,901,84,35
1188,54,753,Shamela0026568,1179,1215,1410,143,26
1188,36,645,Shamela0026568,1180,1,597,331,56
1188,636,853,Sham19Y0127700,182,92,296,156,89
1188,636,805,ShamAY0033910,501,1221,1395,128,90
1188,636,813,Shamela0000894,2282,969,1149,140,97
1188,636,813,Shamela0012884,5312,1167,1341,111,68
1188,636,813,Shamela0117359,600,493,674,140,97
1188,636,828,Kraken230106005528,615,1011,1178,119,75
1188,494,766,Shia001831Vols,306,357,627,155,65
1188,636,805,Shamela0029789,4,585,757,133,97
1188,9,662,JK000201,1413,851,1512,476,85
1188,662,874,JK000201,1414,1,214,170,98
1188,9,645,Shamela0023685,1352,611,1248,333,53
1188,372,788,Shamela0001875,807,998,1422,180,42
1188,636,788,Shia002003Vols,868,1011,1162,110,89
1188,9,557,ShamAY0033531,1826,987,1531,403,89
1188,369,805,Shamela0025800,1646,768,1260,164,29
1188,39,828,Shia003732Vols,3610,360,889,199,26
1188,649,766,Zaydiyya0000336,87,1002,1125,87,85
1188,636,813,Shamela0012703,79,1014,1191,133,92
1188,631,796,Sham19Y0132962,1876,510,677,124,90
1188,636,766,Sham19Y0013252,12307,939,1070,103,99
1188,30,619,Shamela0009242,1896,1093,1326,134,28
1188,1108,1451,Shamela0009242,1958,630,1005,191,56
1188,636,813,Sham19Y0014601,3810,1040,1369,139,52
1188,636,805,Sham19Y0014601,3826,1181,1347,123,86
1188,36,813,Sham19Y0017063,457,234,1042,526,76
1188,636,819,Sham19Y0148271,2389,914,1098,139,94
1188,636,796,JK000024,61,1279,1441,121,91
1188,571,853,Shamela0010517,1231,218,449,152,66
1188,1,885,Shamela0010517,1238,203,1089,703,99
1189,362,718,Sham19Y0020561,1549,199,643,191,52
1189,912,1546,Shamela0021495,259,794,1463,338,54
1189,437,756,Sham19Y0016584,3897,786,1090,186,68
1189,437,673,Shamela0000767,1548,1045,1315,176,77
1189,369,608,Sham19Y0147313,2321,1,191,85,43
1189,19,172,ShamAY0035035,2470,1,154,120,95
1189,464,657,JK010001,2069,112,330,159,88
1189,437,722,JK000110,1544,496,797,179,68
1189,437,657,Tafsir07055,2168,11,208,162,89
1189,1033,1384,Shamela0021715,3039,1355,1597,184,63
1189,362,747,Shamela0001727,616,876,1480,257,51
1189,437,718,ShamAY0034263,175,792,1124,194,65
1189,172,351,Shamela0026568,1190,983,1149,127,85
1189,600,1404,Shamela0005756,5776,580,1254,301,37
1189,437,657,Shamela0005756,13456,468,661,158,87
1189,437,669,Shamela0021739,347,151,416,177,78
1189,437,739,Sham19Y0017903,440,46,392,193,64
1189,421,931,ShamAY0033522,339,26,848,347,50
1189,172,351,Shamela0023685,1363,24,194,127,84
1189,437,657,ShamIbadiyya0000482,232,114,362,172,81
1189,362,661,Sham19Y0122406,1659,319,739,220,62
1189,437,788,Shamela0012399,1601,469,861,173,46
1189,437,761,Shamela0008183,1166,314,688,219,72
1189,437,657,Sham19Y0018106,3566,1007,1200,158,87
1189,437,661,Sham19Y0018103,3492,89,287,161,87
1189,437,718,Sham19Y0017729,222,929,1313,196,58
1189,181,464,Sham19Y0014224,638,331,912,162,34
1189,1018,1572,Sham19Y0014224,642,677,1328,312,50
1189,437,657,Sham19Y0006684,1058,900,1151,167,77
1189,437,752,Sham19Y0020638,508,151,479,183,53
1189,437,657,Sham19Y0013252,8790,275,468,158,87
1189,657,967,Shamela0011036,1229,1202,1494,212,84
1189,437,788,Shamela0000551,1264,922,1301,183,50
1189,362,718,Sham19Y0017616,170,334,735,219,62
1189,437,788,Shia002119Vols,1321,991,1361,180,49
1189,437,657,Sham19Y0018176,2114,917,1110,158,87
1189,673,1572,Sham19Y0122257,1643,769,1351,438,60
1189,437,934,Sham19Y0013783,1026,44,628,325,63
1190,712,1623,Shamela0021495,260,196,1110,406,41
1190,893,1649,ShamIbadiyya0000438,441,501,1272,566,86
1190,46,592,Sham19Y0013769,1051,493,1174,311,48
1190,647,1399,Sham19Y0013769,1052,198,861,270,37
1190,277,1629,Shamela0008176,3596,169,1314,724,60
1190,1404,1623,Sham19Y0017747,956,821,1039,173,98
1190,251,712,Sham19Y0017747,959,615,1119,351,82
1190,693,845,Sham19Y0006538,161,537,832,96,41
1190,265,697,Shamela0005756,1221,430,870,296,73
1190,20,246,Shamela0005756,5784,83,297,119,49
1190,142,687,ShamIbadiyya0000433,593,847,1136,164,34
1190,1046,1554,JK000201,1501,968,1303,148,33
1190,285,592,Sham19Y0014224,642,353,641,219,83
1190,693,1133,Sham19Y0014224,643,1269,1613,208,54
1190,1153,1554,Sham19Y0014224,644,37,485,240,58
1190,265,592,Shamela0011036,1242,392,712,265,97
1190,153,574,Shamela0000551,1270,616,1205,251,46
1190,15,218,Sham19Y0122257,1643,1140,1530,105,27
1190,277,1563,Sham19Y0122257,1644,506,1620,720,63
1190,265,1382,Sham19Y0013605,494,201,958,475,49
1191,1156,1636,Sham19Y0131521,2596,40,571,134,21
1191,772,1150,Sham19Y0131521,2604,158,695,230,48
1191,1170,1616,Shia001831Vols,306,1061,1310,162,42
1191,144,1161,Sham19Y0014224,644,610,1314,369,40
1191,791,1150,Sham19Y0018272,1325,290,801,217,50
1191,313,618,Sham19Y0122257,1644,241,506,199,76
1192,20,1054,Sham19Y0131521,2596,588,1536,538,51
1192,1054,1235,Sham19Y0131521,2597,1,163,126,84
1192,1182,1477,Shamela0005756,5757,108,306,126,54
1192,826,1186,Sham19Y0122257,1646,112,471,243,80
1192,61,1385,Sham19Y0013605,1747,672,1549,369,27
1193,1,220,JK000977,1052,693,945,116,51
1193,1,220,JK001284,92,229,397,111,61
1193,1,220,Shamela0001727,618,91,250,111,63
1193,100,220,Sham19Y0122406,1663,32,156,95,96
1193,1215,1486,Masaha001864Vols,4133,1072,1349,217,97
1193,1,220,Shamela0023422,5,374,533,111,63
1193,1,220,Shamela0023422,17,685,890,113,59
1194,327,948,Shamela0007441,302,903,1301,154,25
1194,330,563,Sham19Y0017350,673,1192,1557,160,50
1194,563,1239,Sham19Y0017350,674,1,834,384,51
1194,942,1203,Sham19Y0013769,1041,934,1208,178,71
1194,813,1307,ShamAY0034227,1414,915,1458,96,15
1194,368,924,Sham19Y0147313,445,762,1114,166,33
1194,1335,1495,JK010001,2036,1437,1577,109,82
1194,327,1117,Shia000841Vols,3439,679,1344,281,34
1194,1335,1540,Tafsir07055,2134,34,249,159,90
1194,916,1307,Sham19Y0017101,43,1226,1500,113,29
1194,1,280,Sham19Y0014309,693,318,649,182,63
1194,319,1072,Shia001831Vols,307,12,254,174,28
1194,722,902,ShamAY0033181,574,223,428,91,43
1194,924,1239,Sham19Y0127713,1763,779,1080,244,94
1194,726,978,ShamIbadiyya0000277,53,712,1186,130,30
1194,924,1211,Sham19Y0150600,458,82,344,195,81
1194,364,714,Shamela0011036,1192,121,707,162,32
1194,924,1307,Shamela0011036,1193,161,810,308,58
1194,364,902,Sham19Y0017616,580,211,529,116,25
1194,330,948,Sham19Y0017063,563,893,1479,147,19
1194,467,769,ShamIbadiyya0000109,1306,96,331,133,47
1194,508,617,Sham19Y0014325,2197,395,567,80,57
1195,999,1366,Shamela0021495,247,622,998,243,72
1195,523,897,Sham19Y0017350,676,319,663,174,53
1195,952,1366,Sham19Y0017101,44,362,658,210,63
1195,956,1452,Sham19Y0014224,639,9,411,287,68
1195,365,908,Sham19Y0014224,640,9,440,322,72
1195,952,1262,Shamela0011036,1187,204,436,98,34
1195,14,859,Shamela0011036,1195,238,1099,635,87
1195,523,832,Masaha004227,139,576,754,142,56
1196,6,391,Shamela0021495,247,1007,1488,261,65
1196,1160,1545,Shamela0021495,252,51,362,232,74
1196,835,1154,Sham19Y0013769,1043,465,732,158,51
1196,844,1160,ShamAY0034227,1419,1,319,225,76
1196,296,621,Sham19Y0014299,125,47,311,200,75
1196,1103,1385,Sham19Y0131521,2498,123,448,195,69
1196,433,1154,Shia001831Vols,307,248,593,203,34
1196,301,621,Shamela0021723,944,408,668,199,76
1196,994,1235,Sham19Y0014224,636,1335,1615,179,75
1196,6,296,Sham19Y0014224,639,411,702,229,98
1196,862,1169,Shamela0000091,1890,20,242,164,61
1196,730,1545,Sham19Y0122257,1551,716,1073,261,39
1197,624,873,Shamela0021848BK3,760,1400,1515,78,39
1197,1217,1518,Sham19Y0018144,992,875,1219,122,44
1197,361,992,Sham19Y0014224,638,885,1414,303,51
1197,616,1222,Shamela0011036,1199,291,997,305,48
1197,822,981,Sham19Y0122257,1551,1125,1307,124,83
1197,537,688,Sham19Y0013605,1823,486,620,105,86
1198,1345,1526,Sham19Y0017350,683,580,815,142,71
1198,1315,1535,Sham19Y0013769,1059,1251,1507,134,58
1198,39,332,Sham19Y0017747,940,58,279,145,63
1198,1300,1535,Shia000841Vols,3492,1199,1418,169,85
1198,464,664,Sham19Y0131521,2500,1010,1234,121,64
1198,681,903,Shamela0006140,230,710,964,82,32
1198,1337,1526,MMS00013,1714,324,517,143,87
1198,5,332,Sham19Y0014309,696,1,287,210,75
1198,65,164,Shia001831Vols,307,782,881,77,98
1198,105,664,JK000201,1498,380,1122,170,22
1198,452,664,Sham19Y0018103,1271,658,817,118,71
1198,189,436,Sham19Y0014224,1299,668,908,116,50
1198,739,898,Shamela0096232,39,380,536,84,59
1198,506,664,Sham19Y0017063,564,1266,1423,125,99
1198,1353,1526,Sham19Y0017063,569,4,184,143,95
1198,452,664,Sham19Y0013605,1744,303,494,149,88
1199,389,550,JK006922,68,305,482,103,70
1199,1,732,Sham19Y0017350,683,818,1570,519,79
1199,968,1556,Sham19Y0017350,684,727,1278,303,55
1199,384,559,Sham19Y0013667,3508,498,661,119,80
1199,968,1417,Sham19Y0013667,3508,1239,1518,118,25
1199,1166,1433,ShamIbadiyya0000438,429,6,243,160,68
1199,6,947,Sham19Y0013769,1060,55,1087,582,60
1199,956,1521,Sham19Y0013769,1061,774,1502,324,48
1199,206,601,Sham19Y0150966,1706,39,400,208,60
1199,1187,1433,ShamAY0035035,2504,142,375,157,75
1199,836,1218,ShamAY0035035,2634,940,1505,245,53
1199,1187,1433,ShamAY0035035,2635,671,904,157,75
1199,36,582,Sham19Y0122402,565,1000,1472,206,38
1199,6,749,JK010001,2062,675,1529,447,58
1199,1,227,Shia000841Vols,3492,1418,1645,183,99
1199,227,1597,Shia000841Vols,3493,1,1380,1079,95
1199,1084,1444,Sham19Y0014299,268,1025,1360,181,54
1199,396,723,Sham19Y0014299,269,628,859,149,56
1199,6,956,Tafsir07055,2161,270,1225,514,55
1199,973,1444,Sham19Y0131521,2587,530,1129,225,40
1199,396,538,JK007128,117,504,640,97,81
1199,6,352,Shamela0021715,2574,799,988,140,50
1199,211,626,Shamela0005756,1184,204,594,239,67
1199,1136,1433,Shamela0005756,5801,744,1358,154,28
1199,1,723,Shamela0001673,3187,469,1033,265,38
1199,1246,1433,Shamela0001673,3188,1206,1343,93,60
1199,6,825,ShamIbadiyya0000074,720,184,978,567,79
1199,6,943,MMS00013,1714,538,1476,678,85
1199,146,1390,Sham19Y0013253,403,1,1224,656,51
1199,420,619,ShamAY0033523,136,1238,1456,76,38
1199,374,1020,ShamAY0033522,343,1188,1492,140,26
1199,384,723,JK000201,1490,1300,1455,103,37
1199,1433,1601,JK000201,1492,134,293,121,85
1199,1,732,Sham19Y0122406,1674,717,1560,569,82
1199,742,1390,Sham19Y0122406,1675,26,609,341,57
1199,352,1039,Sham19Y0132524,1021,1128,1571,220,38
1199,1187,1597,Sham19Y0014224,646,202,729,219,46
1199,211,626,Sham19Y0016782,755,620,1052,238,61
1199,1,292,Sham19Y0123665,1033,1270,1588,207,78
1199,292,1417,Sham19Y0123665,1034,1,867,484,45
1199,384,831,Masaha001946Vols,432,1034,1310,214,59
1199,420,619,ShamAY0035960,140,780,998,76,38
1199,384,943,JK005200,488,564,835,198,43
1199,6,510,Shamela0011036,1278,945,1575,333,60
1199,510,963,Shamela0011036,1279,1,385,283,75
1199,956,1516,Shamela0011036,1280,114,1294,425,43
1199,1,723,Shamela0000551,1295,347,892,272,40
1199,963,1363,Shamela0009242,2023,1082,1490,175,40
1199,63,831,Sham19Y0013241,927,11,803,457,63
1199,6,352,Sham19Y0013666,278,1119,1490,252,82
1199,339,753,Sham19Y0013666,279,41,485,275,72
1199,963,1252,Sham19Y0023625,1584,1275,1524,195,83
1199,352,963,Sham19Y0023625,1584,21,624,457,89
1199,1252,1433,Sham19Y0023625,1585,396,589,133,77
1199,742,1214,Sham19Y0122257,1560,1346,1590,163,41
1199,715,1427,Sham19Y0017063,569,243,677,309,51
1199,250,538,Sham19Y0017879,756,105,482,164,49
1199,211,626,Shamela0009856,880,581,952,234,67
1199,963,1427,Sham19Y0013605,1754,454,787,170,40
1200,984,1130,Shamela0001733,2840,990,1140,112,91
1200,984,1364,Sham19Y0013769,1065,898,1164,175,58
1200,984,1355,Shamela0008176,3427,970,1417,206,55
1200,494,752,Sham19Y0017747,943,518,757,150,72
1200,984,1130,ShamAY0034447,1239,37,191,116,94
1200,8,228,Sham19Y0131521,2588,314,478,111,58
1200,984,1429,Sham19Y0013572,504,534,915,149,34
1200,984,1303,Shamela0011385,1308,848,1145,152,57
1200,20,1255,Shia001831Vols,307,1044,1451,295,28
1200,8,489,ShamAY0033522,344,86,475,198,42
1200,1,228,JK000201,1492,282,420,108,56
1200,20,334,Sham19Y0122406,1676,129,476,214,70
1200,984,1140,Sham19Y0122406,1677,512,682,120,88
1200,984,1130,Sham19Y0145212,1798,1168,1310,113,97
1200,984,1130,Shamela0010480,1603,427,574,108,88
1200,984,1130,Sham19Y0132524,1023,318,472,116,94
1200,984,1130,Sham19Y0018144,996,261,415,116,94
1200,984,1130,Shamela0036446,376,515,665,112,91
1200,984,1130,Shamela0025800,601,415,565,112,91
1200,25,244,Sham19Y0014224,646,747,970,142,65
1200,984,1130,ShamAY0034005,1231,310,469,116,91
1200,984,1155,ShamAY0035950,656,39,268,129,69
1200,984,1429,Sham19Y0020638,512,711,1146,156,33
1200,852,1255,Sham19Y0020638,1683,904,1102,135,40
1200,8,244,Shamela0000551,1297,914,1140,166,82
1200,984,1145,Shamela0023422,43,618,794,124,88
1200,984,1155,JK007065,454,866,1084,126,69
1200,1,244,Sham19Y0122257,1566,1304,1524,169,83
1200,984,1446,Sham19Y0122257,1567,326,1017,231,36
1200,984,1101,Sham19Y0148271,1069,1123,1236,89,96
1200,984,1130,Shamela0008360,396,474,616,113,97
1201,426,1310,Shamela0021495,264,898,1489,265,28
1201,666,1221,Shamela0021495,266,131,648,137,21
1201,1,547,Sham19Y0013769,1063,209,935,305,43
1201,887,1534,Sham19Y0013769,1065,218,428,138,26
1201,406,1301,Sham19Y0017747,991,99,684,349,45
1201,705,1307,Shamela0010639,202,722,1348,331,50
1201,1,396,Sham19Y0014224,646,1234,1597,198,52
1201,396,1534,Sham19Y0014224,647,1,1178,820,80
1201,1,558,Sham19Y0023625,1586,919,1515,433,88
1201,880,1007,Sham19Y0023625,1592,594,736,89,74
1201,282,1477,Sham19Y0122257,1561,698,1352,441,44
1201,12,406,Shamela0000791,502,742,1005,191,58
1202,1,135,Sham19Y0020944,382,592,734,97,86
1202,1,171,JK007083,128,595,813,119,69
1202,1,116,Shamela0007891,1064,23,143,89,94
1202,1,171,Sham19Y0123510,416,498,672,119,83
1202,1,116,Sham19Y0148486,2852,433,553,89,94
1202,1,206,Shamela0006610,522,818,998,117,68
1202,1,606,Sham19Y0017747,950,1028,1440,250,51
1202,889,1274,Sham19Y0017747,951,43,398,209,64
1202,1,116,JK001284,235,941,1061,89,94
1202,1,108,Shamela0001719,2321,1028,1140,82,92
1202,1,116,Shamela0028107,374,516,636,89,94
1202,1,206,JK010001,2058,57,353,104,37
1202,1,116,Shamela0025794,1023,206,326,89,94
1202,1,206,Tafsir07055,2156,701,1084,150,50
1202,1,116,Sham19Y0131521,2529,465,585,89,94
1202,206,523,Sham19Y0131521,2532,997,1473,231,59
1202,523,1213,Sham19Y0131521,2533,1,826,307,37
1202,1,210,Shamela0001727,623,244,631,151,50
1202,1,206,Sham19Y0013572,544,369,565,153,95
1202,1,511,Sham19Y0016787,370,760,887,90,22
1202,1,206,Shamela0005756,5772,563,938,145,48
1202,1,206,JK000386,407,188,360,121,73
1202,1,116,Shamela0117359,452,1084,1204,89,94
1202,36,206,Sham19Y0014309,720,1,155,94,63
1202,1,116,ShamAY0033522,343,890,1010,89,94
1202,1,850,JK000201,1481,577,1341,539,73
1202,1,260,Sham19Y0122406,1678,195,476,111,37
1202,1,116,Shamela0012399,1656,566,686,89,94
1202,1,206,Sham19Y0127713,691,894,1338,111,32
1202,1,116,Sham19Y0001734,1455,880,1000,89,94
1202,1,206,Sham19Y0132524,1023,1148,1344,150,90
1202,1,116,Shia002003Vols,924,22,142,89,94
1202,463,739,ShamAY0033531,1389,397,605,162,73
1202,1,206,Kraken230110004547,107,1177,1315,88,51
1202,1,206,Sham19Y0018144,987,986,1462,117,29
1202,1,210,Shamela0036446,374,819,974,108,66
1202,1,206,Shamela0025800,596,1258,1461,152,91
1202,1,178,Sham19Y0014462,91,264,533,119,55
1202,1,222,Sham19Y0020638,512,959,1363,149,47
1202,1,116,Sham19Y0020591,641,1259,1379,89,94
1202,1,449,Sham19Y0013252,3018,219,867,186,30
1202,1,116,Sham19Y0013252,3020,883,998,91,100
1202,1,260,Sham19Y0146127,1504,1028,1389,145,49
1202,46,206,Shamela0000551,1301,61,217,80,56
1202,1255,1516,Shamela0021593,1332,1309,1565,208,98
1202,1,206,Shamela0009242,1997,421,601,117,68
1202,1,206,Shamela0009242,1998,758,938,117,68
1202,1,116,Sham19Y0017616,165,173,288,91,100
1202,1,206,Shamela0023422,50,36,419,150,50
1202,1,116,Shia002119Vols,1351,283,403,89,94
1202,1,206,JK007065,497,418,739,148,59
1202,1,206,Sham19Y0011194,311,1103,1403,151,63
1202,1,108,Shamela0012220,666,504,610,78,92
1202,1,100,Sham19Y0014601,2885,1330,1429,78,100
1202,1,100,Sham19Y0014601,2886,630,892,78,37
1202,1,206,Shamela0021743,535,710,826,91,56
1202,230,361,Sham19Y0013605,1752,815,926,83,80
1203,326,473,Shamela0008176,3425,858,1004,112,91
1203,109,477,Shamela0026568,1194,32,413,295,94
1203,879,1541,Sham19Y0013572,544,337,1089,96,10
1203,1263,1426,Shamela0005756,1457,474,640,101,62
1203,574,729,Shamela0005756,5747,1190,1345,125,100
1203,1254,1436,JK000201,1483,296,478,146,98
1203,17,477,Shamela0023685,1366,487,968,299,72
1203,95,433,Sham19Y0132524,1022,619,1227,151,25
1203,17,270,Shia003732Vols,3630,908,1198,160,68
1203,1263,1444,Sham19Y0013252,922,767,950,139,92
1204,97,216,Sham19Y0020944,382,899,1153,77,38
1204,1061,1358,ShamIbadiyya0000438,432,1361,1610,159,55
1204,1,216,Sham19Y0016584,3919,1008,1305,96,34
1204,97,216,Sham19Y0148486,2851,61,309,70,35
1204,97,216,Sham19Y0148486,2920,1006,1135,77,74
1204,97,216,Sham19Y0032381,53,333,579,71,36
1204,97,216,Shamela0005733,15,570,829,77,37
1204,97,216,Shamela0001719,3876,893,1148,78,38
1204,97,216,Shamela0028107,374,801,1058,77,37
1204,97,216,ShamAY0034182,645,374,624,78,39
1204,1,216,JK000110,50,75,361,89,33
1204,1,216,JK000110,1555,502,798,96,34
1204,97,216,JK000677,111,123,378,77,38
1204,97,216,Shamela0002863,1166,152,407,77,38
1204,97,216,Shamela0025794,1023,569,818,70,35
1204,1,216,Shamela0025794,1110,1152,1440,89,32
1204,97,216,Sham19Y0131521,2529,765,1019,77,38
1204,1,475,Sham19Y0131521,2533,1147,1544,222,49
1204,1,216,Shamela0021715,546,886,1173,89,32
1204,1,216,Shamela0021715,8959,316,613,96,34
1204,1,216,Sham19Y0016684,182,703,989,89,33
1204,97,216,Shamela0001727,623,871,1127,77,37
1204,81,216,Shamela0003118,414,78,356,85,37
1204,15,216,Sham19Y0016787,370,1152,1474,95,35
1204,1,216,Shamela0005756,1450,321,607,89,32
1204,686,1210,Shamela0005756,1454,745,965,162,36
1204,1,216,Shamela0005756,13512,162,459,96,34
1204,97,216,Sham19Y0127677,19507,663,912,70,35
1204,1,216,Sham19Y0014309,838,252,531,89,33
1204,8,227,ShamIbadiyya0000433,581,1051,1303,142,68
1204,97,216,ShamAY0033522,344,1165,1421,77,37
1204,1,216,Shamela0037837,786,330,627,96,34
1204,97,220,Sham19Y0127713,873,1183,1433,71,35
1204,163,1631,ShamAY0033531,1389,733,1553,645,52
1204,1,216,Sham19Y0018106,265,996,1283,89,32
1204,1,216,Sham19Y0018106,3584,4,301,96,34
1204,97,216,Sham19Y0018144,988,263,505,71,37
1204,1,216,Shamela0036446,390,791,1067,89,33
1204,1,216,Sham19Y0018103,358,521,808,89,32
1204,206,578,Sham19Y0018103,358,1264,1497,158,51
1204,1,216,Sham19Y0018103,3511,32,329,96,34
1204,1,216,Shamela0025800,732,1,295,96,34
1204,81,216,Shamela0096283,31,46,306,78,37
1204,97,216,Sham19Y0014462,146,486,744,77,37
1204,97,216,Sham19Y0020638,513,55,311,77,37
1204,1173,1728,Masaha001864Vols,4722,397,1123,167,21
1204,97,216,Shamela0003722,4453,296,550,77,38
1204,1,216,Sham19Y0013252,8842,249,546,96,34
1204,97,216,Sham19Y0146127,1504,115,354,70,36
1204,97,216,Shamela0000551,1302,1255,1511,77,37
1204,1458,1728,Shamela0000551,1305,240,708,148,33
1204,97,216,Sham19Y0017616,165,450,706,77,37
1204,103,216,Shamela0023422,56,1,251,72,36
1204,97,216,Shia002119Vols,1354,659,918,77,37
1204,1,216,JK007065,498,317,613,96,34
1204,1,216,Sham19Y0018176,138,567,854,89,32
1204,1,216,Sham19Y0018176,2127,258,555,96,34
1204,97,216,Shamela0013033,98,744,999,77,38
1204,36,854,Sham19Y0013605,555,375,939,399,57
1205,78,1577,ShamIbadiyya0000438,433,52,906,638,51
1205,411,565,Shamela0001719,3878,1093,1268,94,59
1205,154,813,Sham19Y0131521,2535,877,1320,283,48
1205,1345,1580,Sham19Y0014309,838,651,1252,117,21
1205,78,1422,ShamIbadiyya0000433,582,549,1272,447,40
1205,58,490,ShamAY0033522,344,792,1043,190,54
1205,497,1577,ShamAY0033522,345,368,925,341,38
1205,311,877,Sham19Y0122406,1681,880,1505,339,62
1205,988,1252,Sham19Y0122406,1682,630,862,173,81
1205,228,881,Sham19Y0127713,875,1158,1510,251,48
1205,420,922,Sham19Y0132524,1025,184,556,159,32
1205,1405,1580,ShamAY0033531,1390,140,294,126,88
1205,228,1315,Masaha001864Vols,4721,241,1048,389,36
1205,438,1230,Shamela0000551,1304,1,578,284,35
1205,47,833,Sham19Y0013605,555,1363,1654,179,27
1206,371,549,Sham19Y0020944,382,984,1431,125,35
1206,371,525,ShamAY0036022,66,1252,1395,105,87
1206,371,549,Sham19Y0013667,3503,213,634,118,35
1206,10,1015,ShamIbadiyya0000438,433,906,1512,421,51
1206,371,525,Sham19Y0016584,294,1009,1152,102,85
1206,371,525,Sham19Y0016584,3919,1133,1287,106,82
1206,371,549,Sham19Y0148486,2839,30,206,131,89
1206,371,549,Sham19Y0148486,2851,146,587,126,36
1206,371,549,Sham19Y0032381,53,418,850,126,36
1206,371,549,Shamela0001719,3876,978,1426,126,35
1206,371,549,ShamAY0034182,645,459,898,127,36
1206,371,549,JK000110,50,200,638,123,35
1206,371,549,JK000110,1555,626,1076,125,35
1206,741,1087,Shia000841Vols,3425,573,921,265,95
1206,371,549,Shamela0002863,1166,237,686,128,36
1206,371,549,Sham19Y0131521,2529,850,1297,125,35
1206,36,366,Sham19Y0131521,2536,1043,1467,187,47
1206,371,549,Shamela0021715,546,1012,1450,123,35
1206,371,573,Sham19Y0016684,182,828,1293,126,34
1206,371,533,JK000916,8041,1042,1230,112,72
1206,371,525,Sham19Y0016787,370,1302,1456,106,82
1206,371,549,Shamela0005756,1450,447,866,115,34
1206,36,366,Shamela0005756,1457,5,291,172,58
1206,371,565,Shamela0005756,13512,287,753,130,35
1206,371,549,Shamela0117359,453,14,461,125,35
1206,1,151,Sham19Y0014309,838,1252,1383,95,81
1206,741,1015,ShamIbadiyya0000433,585,174,442,204,91
1206,317,1454,Shia001831Vols,308,469,1172,443,47
1206,1,549,Sham19Y0122406,1680,856,1362,294,62
1206,371,553,Shamela0037837,786,455,905,125,35
1206,371,525,Sham19Y0127713,873,1267,1411,105,87
1206,63,549,Sham19Y0127713,877,371,1220,289,38
1206,1,1262,ShamAY0033531,1390,294,1147,679,66
1206,371,520,Sham19Y0018106,265,1122,1531,100,31
1206,371,549,Sham19Y0018106,3584,129,579,125,35
1206,371,549,Sham19Y0018144,988,348,771,126,37
1206,371,549,Sham19Y0018144,4671,381,537,124,87
1206,371,549,Sham19Y0018103,358,647,1085,123,35
1206,733,1184,Sham19Y0018103,360,431,745,207,54
1206,371,549,Sham19Y0018103,3511,157,607,125,35
1206,371,553,Shamela0096283,31,153,583,123,36
1206,371,549,Sham19Y0014462,146,571,1022,125,35
1206,151,549,Masaha001864Vols,4723,1,693,242,43
1206,1065,1257,Masaha001864Vols,4724,177,562,124,39
1206,371,656,Sham19Y0020591,642,623,1498,171,23
1206,17,366,Sham19Y0013252,921,607,891,217,78
1206,371,549,Sham19Y0013252,8842,374,824,125,35
1206,371,565,Shamela0021479,109,263,709,130,37
1206,371,549,Sham19Y0146127,1498,95,235,111,78
1206,371,549,Sham19Y0146127,1504,200,594,126,40
1206,10,525,Shamela0000551,1305,1040,1488,285,70
1206,371,525,Sham19Y0013241,959,1181,1325,110,90
1206,371,549,Sham19Y0018176,138,693,1131,123,35
1206,378,653,Sham19Y0018176,687,119,376,151,62
1206,371,549,Sham19Y0018176,2127,383,833,125,35
1206,455,933,ShamIbadiyya0000109,1397,866,1467,208,32
1206,371,525,Sham19Y0013605,555,964,1107,102,85
1206,6,711,Sham19Y0013605,556,114,615,268,45
1206,733,1168,Sham19Y0013605,557,491,889,300,84
1206,371,525,Sham19Y0013605,4180,1468,1622,106,82
1207,617,1103,Shamela0021495,256,1,301,225,55
1207,606,1530,Shamela0021495,257,942,1574,393,50
1207,1061,1420,Sham19Y0013667,3539,445,821,147,45
1207,1019,1542,JK010001,2149,384,908,372,82
1207,629,1152,Shia000841Vols,3470,367,788,239,49
1207,1019,1583,Shia000841Vols,3471,684,1300,411,80
1207,1034,1542,Tafsir07055,2251,17,538,394,94
1207,1,431,Shamela0001727,624,1067,1291,111,32
1207,764,1287,Shamela0005756,1867,1,429,208,48
1207,935,1373,Sham19Y0122406,1684,106,633,213,51
1207,611,996,Sham19Y0018272,1689,256,580,220,59
1207,592,1456,Masaha001864Vols,4774,596,1511,671,90
1207,1424,1583,Masaha001864Vols,4775,718,877,127,100
1207,611,923,Sham19Y0013252,1091,1300,1626,254,94
1207,1007,1445,Shamela0011036,1263,982,1496,344,84
1207,606,1226,Shamela0000551,1279,1106,1574,225,39
1207,1245,1526,Shamela0000551,1280,39,523,191,50
1207,600,1583,Shamela0000791,503,54,869,649,81
1208,1,435,Shamela0021495,256,557,797,168,47
1208,4,398,Shamela0021495,258,41,757,236,38
1208,1146,1440,Sham19Y0016584,394,869,1257,123,33
1208,998,1383,Shia001831Vols,308,1262,1466,155,49
1208,1124,1277,Sham19Y0018106,347,304,715,82,25
1208,1188,1478,Sham19Y0018144,4562,1292,1610,224,85
1208,1,685,Masaha001864Vols,4775,877,1561,554,98
1208,685,881,Masaha001864Vols,4776,1,206,147,88
1208,1,194,Shamela0011036,1264,152,339,151,95
1208,1,398,Shamela0000791,503,869,1242,284,82
1209,633,1112,Sham19Y0013667,3706,553,978,310,79
1209,1225,1402,Sham19Y0013769,2536,1224,1401,140,97
1209,527,812,Shamela0008176,3908,1230,1580,159,54
1209,812,1327,Shamela0008176,3909,1,465,364,86
1209,531,1402,Sham19Y0014299,188,321,1416,526,53
1209,633,784,Sham19Y0127660,777,1506,1641,110,89
1209,1402,1564,Shia002702Vols,2623,1210,1398,125,84
1209,694,1134,Shamela0005756,6454,72,472,297,82
1209,336,633,ShamAY0033522,363,861,1113,157,56
1209,856,1134,Shamela0010527,1303,88,390,158,55
1209,724,1138,Sham19Y0122406,1692,925,1302,277,82
1209,947,1402,Sham19Y0127713,802,187,483,190,47
1209,1407,1560,Shamela0001875,869,512,924,91,28
1209,1407,1564,Sham19Y0020638,515,885,1349,96,26
1209,947,1410,Shamela0000551,1375,262,569,182,45
1209,348,874,Sham19Y0017063,609,1059,1548,388,89
1209,874,1471,Sham19Y0017063,610,1,514,403,83
1210,429,1027,Shamela0021495,281,479,971,237,46
1210,296,915,Sham19Y0013769,1203,760,1582,304,39
1210,1103,1327,Shamela0008176,3466,1,176,123,70
1210,527,1357,Sham19Y0017747,964,973,1507,248,34
1210,1,296,Sham19Y0017747,965,1097,1275,132,56
1210,1,296,Shia000841Vols,3553,1064,1460,203,60
1210,503,672,Shia000841Vols,3571,1099,1280,120,83
1210,684,994,Sham19Y0131521,2621,819,1183,194,58
1210,345,1323,Shamela0026568,1203,435,1363,692,85
1210,345,687,Shamela0023685,1375,1133,1465,261,95
1210,687,1323,Shamela0023685,1376,1,567,433,84
1210,296,867,Sham19Y0014224,731,1071,1540,287,61
1210,1226,1491,Sham19Y0014224,732,222,544,183,65
1210,61,296,Sham19Y0023625,2324,586,836,116,52
1211,90,225,Shamela0021495,281,1050,1202,100,80
1211,655,1000,Sham19Y0013769,1202,1099,1346,140,45
1211,1,432,Sham19Y0013769,1204,415,802,286,78
1211,635,741,Shamela0000767,1772,309,415,85,100
1211,1,530,Shia000841Vols,3573,62,679,318,59
1211,635,741,Shamela0001727,629,372,478,85,100
1211,635,741,Sham19Y0122406,1692,531,637,85,100
1211,267,630,Sham19Y0018103,1415,1313,1508,146,50
1211,937,1273,Sham19Y0020638,1684,1003,1330,93,22
1211,640,978,JK000665,15,1186,1402,139,50
1211,1234,1550,Sham19Y0013252,3449,589,866,117,38
1211,96,394,Shamela0000551,1375,1223,1526,166,55
1211,635,741,Shamela0023422,89,166,272,85,100
1211,488,650,Sham19Y0122257,1654,165,336,111,75
1211,267,630,Sham19Y0013605,1908,5,208,153,53
1212,703,1189,JK007083,129,965,1258,129,26
1212,319,844,Sham19Y0013769,1202,67,439,134,30
1212,703,1189,Shamela0000767,1772,495,782,106,21
1212,322,622,Sham19Y0017747,964,614,933,207,73
1212,268,602,Sham19Y0131521,2623,1171,1521,218,75
1212,703,1189,Shamela0001727,629,558,851,129,26
1212,136,687,Sham19Y0014309,711,292,768,294,63
1212,141,427,ShamAY0033522,360,652,911,189,80
1212,703,1128,Sham19Y0122406,1692,717,925,90,20
1212,141,444,Sham19Y0127713,805,310,590,194,77
1212,283,867,Sham19Y0132524,1031,1060,1535,187,35
1212,362,614,Sham19Y0014224,731,21,355,161,59
1212,703,1189,JK000917,595,537,799,108,22
1212,703,1282,Sham19Y0020638,516,441,799,151,27
1212,268,640,Shamela0000551,1363,1093,1458,188,54
1212,703,1189,Shamela0023422,89,352,645,129,26
1212,703,1138,Shamela0023422,98,753,1078,120,27
1212,160,582,Sham19Y0013605,1903,466,763,179,50
1213,1264,1481,Sham19Y0013769,2533,1295,1534,177,89
1213,730,866,Sham19Y0017747,965,405,542,102,92
1213,1022,1216,JK000110,440,763,895,71,46
1213,730,866,Shamela0021590,715,754,881,99,92
1213,1022,1216,Shamela0021715,2996,501,633,71,46
1213,735,1216,Shamela0001727,630,34,679,118,16
1213,48,480,Shamela0005756,6434,951,1320,218,60
1213,282,496,Shamela0001673,3535,698,892,142,78
1213,1258,1575,Shamela0001673,3538,1034,1303,173,59
1213,1022,1216,Sham19Y0122406,1694,920,1053,81,52
1213,1022,1216,Shamela0037837,400,984,1117,72,47
1213,1022,1216,Sham19Y0018106,1376,1074,1206,71,46
1213,1022,1216,Shamela0025800,588,682,815,72,47
1213,730,866,Sham19Y0006684,1149,777,1183,90,28
1213,1022,1216,Sham19Y0020638,516,1282,1419,83,54
1213,1136,1372,JK000665,15,1397,1574,125,63
1213,1022,1216,Sham19Y0013252,3437,53,185,71,46
1213,53,480,Sham19Y0013252,3448,607,977,252,72
1213,735,866,Shamela0000551,1364,1055,1199,82,72
1213,1022,1216,Shamela0023422,90,331,468,83,54
1213,1022,1216,Sham19Y0018176,734,1341,1473,71,46
1213,1022,1216,Sham19Y0013605,1903,937,1069,71,46
1214,463,784,Sham19Y0013667,3725,997,1338,164,48
1214,1127,1416,Sham19Y0013769,1098,1331,1549,149,60
1214,1120,1464,Sham19Y0131521,2617,326,637,232,79
1214,1,291,Shamela0001727,630,707,848,60,22
1214,1281,1464,Shamela0001665,347,1,156,121,81
1214,1,291,Sham19Y0122406,1694,1081,1222,60,22
1214,463,880,Sham19Y0122406,1697,844,1460,220,39
1214,1,291,Sham19Y0132524,1032,1170,1311,60,22
1214,1127,1471,Sham19Y0014224,668,566,840,193,69
1214,1226,1464,Sham19Y0018272,1164,534,753,171,89
1214,800,1174,Sham19Y0020638,518,284,790,170,36
1214,1464,1575,Sham19Y0017063,611,43,154,90,100
1215,446,808,Sham19Y0013667,3674,112,433,188,58
1215,533,904,ShamIbadiyya0000438,443,732,1077,248,79
1215,1463,1648,Sham19Y0013769,1096,1074,1273,139,85
1215,492,871,Shamela0005756,6466,21,430,203,50
1215,492,776,Shamela0000427BK2,2576,1254,1545,170,65
1215,973,1367,Sham19Y0122406,1701,739,1491,205,30
1215,1393,1648,Sham19Y0018272,1162,217,476,146,65
1215,985,1275,Shamela0011036,1254,280,591,224,86
1215,16,316,Shamela0011036,1259,644,956,243,94
1215,21,234,Sham19Y0014119,1102,1404,1616,175,99
1216,1202,1502,Shamela0012415,280,624,1057,165,45
1216,171,1047,Sham19Y0013769,1103,626,1533,459,56
1216,286,748,Sham19Y0017747,973,625,1217,160,27
1216,1202,1502,JK000386,494,461,702,122,42
1216,1202,1502,Shamela0005922,1815,220,993,205,33
1216,1202,1471,JK000734,177,783,933,86,38
1216,171,703,ShamIbadiyya0000433,596,391,910,345,75
1216,523,1145,Sham19Y0122406,1703,33,739,306,45
1216,1130,1483,Sham19Y0122406,1705,245,974,215,35
1216,1202,1502,Shamela0026668,409,902,1451,132,25
1216,1202,1471,Sham19Y0013577,1559,1064,1205,82,38
1216,1313,1422,Shamela0025800,712,197,497,80,35
1216,174,1139,Sham19Y0014224,671,565,1524,611,68
1216,1367,1502,Sham19Y0020638,520,30,318,99,44
1216,111,459,Shamela0011036,1259,1205,1553,277,100
1216,459,1119,Shamela0011036,1260,1,663,525,97
1216,183,730,Shamela0000551,1384,976,1510,392,88
1216,730,1125,Shamela0000551,1385,1,633,311,59
1216,1202,1502,Shamela0023422,131,159,1038,168,23
1216,1221,1422,JK007065,339,32,673,144,29
1216,163,627,Sham19Y0122257,1655,1010,1387,270,74
1216,1,111,Sham19Y0014119,1102,899,1036,88,79
1217,792,919,Sham19Y0017350,692,955,1082,92,87
1217,733,1002,Sham19Y0013769,1075,113,375,130,51
1217,963,1122,Sham19Y0013769,1075,1375,1576,114,67
1217,1209,1342,Sham19Y0017747,977,1,131,100,95
1217,792,957,Sham19Y0131521,2631,618,792,121,84
1217,782,941,Shamela0021715,2988,1101,1247,99,77
1217,782,941,Shamela0005756,6409,277,425,104,80
1217,41,253,Shamela0005922,1815,952,1349,126,41
1217,602,957,Shamela0001665,340,995,1337,190,65
1217,1009,1320,Sham19Y0014827,150,1030,1212,143,57
1217,253,1362,JK000201,3666,58,1128,839,94
1217,23,233,Sham19Y0122406,1705,949,1458,134,32
1217,281,1440,ShamAY0033531,1441,609,1483,689,74
1217,792,957,ShamAY0033531,1442,358,520,129,96
1217,963,1127,Sham19Y0014224,654,1331,1538,118,68
1217,745,1002,Sham19Y0014224,654,548,801,122,47
1217,1158,1342,Sham19Y0014224,655,1,211,138,80
1217,83,433,Sham19Y0020638,520,794,1219,146,34
1217,83,433,Shamela0023422,132,448,987,150,29
1217,281,450,Shamela0000791,536,1385,1558,125,92
1217,450,957,Shamela0000791,537,1,523,403,95
1217,776,941,Sham19Y0013605,1900,807,956,107,82
1218,241,846,Sham19Y0014299,352,1,583,459,94
1218,626,827,Kraken220413194118,395,461,645,128,75
1218,544,852,JK000168,52,413,719,180,68
1218,1,363,ShamAY0033531,1441,282,609,256,85
1218,18,816,Sham19Y0122257,1650,639,1038,288,44
1218,984,1224,Sham19Y0017063,608,840,1022,125,64
1219,243,824,Sham19Y0017747,974,562,1029,356,75
1219,235,769,JK010001,2161,923,1446,404,94
1219,1,235,Shia000841Vols,1909,184,355,131,65
1219,1,235,Sham19Y0014299,179,943,1153,171,89
1219,235,358,Tafsir07055,2263,1376,1499,98,100
1219,358,866,Tafsir07055,2264,1,551,404,92
1219,250,759,Sham19Y0131521,2609,990,1440,345,85
1219,1,235,Sham19Y0131521,2672,13,198,142,74
1219,250,1031,Shamela0021590,719,775,1243,211,33
1219,1,235,Sham19Y0016684,212,355,507,112,59
1219,74,235,Sham19Y0014309,707,916,1161,119,56
1219,552,1114,JK000201,1504,680,1202,146,25
1219,1,243,JK000168,24,503,696,146,73
1219,229,516,ShamAY0033531,1430,1224,1503,219,95
1219,516,1058,ShamAY0033531,1431,1,543,422,97
1219,1,235,ShamAY0033531,1462,741,923,134,67
1219,28,235,Shamela0007597,306,545,816,154,68
1219,57,235,Shamela0009242,2168,1,143,107,73
1219,1,824,Sham19Y0122257,1652,914,1293,273,41
1219,229,1058,Shamela0000791,537,636,1449,627,94
1220,536,986,Sham19Y0020944,398,254,764,321,78
1220,536,1010,JK007083,130,417,951,325,71
1220,536,1010,Shamela0007891,1148,773,1320,326,69
1220,536,986,Shamela0001733,874,511,987,312,78
1220,536,1010,Sham19Y0123510,434,604,1105,330,78
1220,1019,1431,Shamela0021495,267,1052,1460,223,54
1220,673,1010,Shamela0021495,268,138,460,244,89
1220,476,1010,Sham19Y0017350,726,728,1280,345,73
1220,496,1010,Sham19Y0013769,1160,275,826,338,71
1220,561,1035,Sham19Y0016584,1521,949,1470,303,68
1220,728,1027,Sham19Y0148486,2895,1,304,225,94
1220,536,1015,Shamela0006610,538,1,498,325,77
1220,616,1010,Sham19Y0019188,1428,187,560,264,82
1220,536,986,JK000977,1085,255,755,308,75
1220,616,1010,JK006897,269,565,928,266,84
1220,536,1010,Shamela0021744,1166,357,901,328,74
1220,536,1010,Shamela0001719,814,855,1381,341,78
1220,691,1015,Shamela0028107,370,1,341,248,91
1220,620,986,ShamAY0033592,42,273,543,167,50
1220,536,1265,JK010001,2156,161,1054,390,47
1220,700,1010,JK000110,446,1,310,241,98
1220,123,369,Shia000841Vols,3600,640,881,161,75
1220,536,906,JK000299,1007,1092,1510,247,71
1220,536,995,JK000677,109,961,1476,311,71
1220,536,840,Sham19Y0016636,206,465,828,183,58
1220,536,1010,Shamela0002863,1150,779,1281,331,78
1220,536,1265,Tafsir07055,2258,185,1116,424,51
1220,536,957,Shamela0011428,1060,985,1446,294,77
1220,85,377,Sham19Y0131521,2611,817,1200,230,74
1220,568,1005,Sham19Y0131521,2612,10,486,315,82
1220,536,1010,Shamela0021715,3044,456,992,312,68
1220,568,1010,Shamela0021715,3045,49,1022,302,39
1220,620,1178,Sham19Y0016684,749,9,486,327,74
1220,536,1010,Shamela0001727,638,82,638,331,70
1220,732,1027,ShamIbadiyya0000155,72,1130,1431,170,62
1220,521,1010,Sham19Y0017437,985,15,563,336,73
1220,496,1010,Sham19Y0127700,201,639,1172,337,74
1220,536,980,Shamela0009810,1111,948,1458,306,70
1220,536,1019,ShamAY0033910,559,215,713,303,67
1220,536,1010,Shamela0005756,6510,576,1109,307,67
1220,711,1010,Shamela0022645,759,1,282,219,93
1220,816,1010,Shamela0022645,762,1,535,149,35
1220,536,910,JK000386,546,1043,1493,250,65
1220,532,1010,Shia001731Vols,628,57,603,334,71
1220,761,1005,Shamela0117359,469,1,266,190,90
1220,536,986,Kraken230106005528,253,112,617,286,65
1220,536,1010,Shamela0021739,350,322,848,305,67
1220,536,1010,Sham19Y0014309,705,355,873,324,75
1220,536,1019,JK000130,560,454,950,287,61
1220,792,986,Shamela0009804,205,1,189,134,85
1220,536,1005,Shamela0001665,362,264,1128,333,47
1220,732,1010,Sham19Y0017903,487,189,479,181,72
1220,1015,1170,Shia001831Vols,310,521,672,123,96
1220,568,936,ShamAY0033181,588,1115,1494,261,84
1220,536,1005,Shamela0001442,401,245,778,336,77
1220,536,968,ShamAY0033522,337,935,1434,283,66
1220,123,521,JK000201,1599,590,983,295,92
1220,536,1010,ShamAY0034282,220,155,538,254,64
1220,673,1170,Sham19Y0122406,1713,5,904,360,48
1220,544,1010,JK009324,1463,563,1057,316,73
1220,806,1027,Sham19Y0016934,1843,1,236,158,82
1220,536,1010,Shamela0012399,1591,618,1266,317,58
1220,536,1010,Shamela0037837,403,248,777,312,68
1220,536,986,Sham19Y0127713,759,523,983,296,74
1220,536,1005,Sham19Y0001734,1522,268,801,313,69
1220,492,899,Sham19Y0132524,1038,1018,1482,264,65
1220,492,1015,Shamela0001875,852,338,926,348,69
1220,1015,1586,ShamAY0033531,1432,448,1136,447,76
1220,784,986,Kraken230110004547,106,438,617,139,87
1220,657,1170,Sham19Y0018106,1391,10,491,304,67
1220,536,986,Sham19Y0018144,1007,39,399,202,48
1220,1019,1170,Sham19Y0018144,4636,1312,1468,122,94
1220,536,1010,Shamela0036446,370,210,649,296,73
1220,536,1089,Sham19Y0018103,1422,591,1187,325,61
1220,536,1010,Shamela0025800,583,112,611,331,78
1220,784,1010,Shamela0096283,159,1171,1394,175,98
1220,788,1010,Sham19Y0017729,248,87,320,164,84
1220,496,1010,Sham19Y0150600,513,105,662,340,70
1220,536,875,Sham19Y0014462,36,1024,1406,225,72
1220,476,858,Sham19Y0014224,705,1232,1635,224,64
1220,858,1178,Sham19Y0014224,706,1,276,149,52
1220,532,986,ShamAY0034005,458,142,593,269,65
1220,536,1010,ShamAY0035950,173,86,589,327,76
1220,536,1010,Sham19Y0006684,1053,928,1483,316,67
1220,536,858,Sham19Y0020638,521,1044,1451,213,60
1220,858,1010,Sham19Y0020638,522,1,157,111,84
1220,1015,1170,Sham19Y0020638,1686,144,293,117,91
1220,536,986,Shamela0013066,261,479,963,286,66
1220,770,1019,JK000475,732,1,242,177,88
1220,582,1005,Sham19Y0020591,666,397,821,293,80
1220,536,1010,Shia000820Vols,798,1013,1539,306,65
1220,536,1015,Sham19Y0013252,3497,103,644,313,68
1220,784,1010,Sham19Y0018610,10,1021,1246,168,91
1220,635,1027,Kraken2108092202141,1153,1,356,210,60
1220,536,1027,Shamela0021479,102,485,1006,326,72
1220,728,1010,Shamela0008463,1487,1,295,215,93
1220,788,1010,Sham19Y0146127,1526,1,223,172,96
1220,536,1010,Shamela0000551,1258,213,763,316,67
1220,1015,1170,Shamela0000551,1259,419,571,124,96
1220,840,1010,Shamela0000551,1260,715,1064,130,47
1220,536,1015,Shamela0009242,2057,869,1374,328,76
1220,577,1010,Sham19Y0017616,172,4,471,321,84
1220,536,986,Sham19Y0013241,866,441,912,305,75
1220,536,879,Shamela0023422,150,1009,1470,233,59
1220,879,1010,Shamela0023422,151,1,131,102,99
1220,681,1010,Shamela0023422,152,32,1171,258,28
1220,536,1010,Shia002119Vols,1315,541,1095,316,67
1220,536,1010,JK007065,243,600,1098,324,76
1220,536,858,Sham19Y0011194,318,1127,1494,208,68
1220,858,1010,Sham19Y0011194,319,1,158,119,95
1220,536,1075,Sham19Y0018176,743,88,674,336,66
1220,218,433,Sham19Y0122257,1644,81,225,108,63
1220,568,854,Sham19Y0014601,2975,1206,1514,198,78
1220,681,1010,Sham19Y0014601,2976,398,1107,251,44
1220,1,358,Sham19Y0017063,607,1244,1524,145,38
1220,773,1010,Shamela0013033,97,1,241,186,97
1220,778,1010,Sham19Y0013605,1915,1,230,180,98
1221,1392,1506,Sham19Y0013769,2341,1182,1313,79,76
1221,226,552,Sham19Y0016584,1148,836,1065,135,43
1221,230,552,JK000110,303,104,329,132,43
1221,1,209,Sham19Y0131521,2614,172,375,157,93
1221,226,552,Shamela0021715,2098,787,1016,135,43
1221,226,552,Sham19Y0016684,516,421,650,135,43
1221,193,525,Shamela0001727,638,860,1449,190,37
1221,1392,1506,Shamela0026568,1216,497,632,80,75
1221,226,578,Shamela0005756,4876,216,502,148,41
1221,1392,1506,Shamela0001673,3586,1235,1366,79,76
1221,1392,1506,Shamela0023685,1388,1180,1315,81,76
1221,193,408,Sham19Y0122406,1713,1187,1450,136,58
1221,230,552,Shia001989,128,114,620,130,25
1221,1,193,ShamAY0033531,1432,1136,1298,131,83
1221,226,625,Shamela0036446,285,11,386,171,43
1221,226,552,Sham19Y0018103,1096,1039,1268,135,43
1221,230,547,Shamela0025800,3144,1184,1460,132,43
1221,418,1465,Sham19Y0014224,516,192,1251,246,20
1221,280,607,Sham19Y0020638,522,633,875,139,47
1221,1081,1335,Shamela0007342,393,927,1207,158,63
1221,1081,1302,Shamela0009242,2052,452,717,150,66
1221,226,619,Shamela0023422,154,752,1326,217,41
1221,4,248,Sham19Y0122257,1649,572,764,137,66
1221,230,547,Shamela0021743,370,68,550,114,23
1221,562,867,Shamela0000791,538,686,955,174,68
1221,239,552,Sham19Y0013605,1537,23,239,125,41
1222,609,1118,Sham19Y0013769,854,473,765,159,39
1222,564,1191,Shia001831Vols,310,675,1050,218,38
1222,1144,1265,Shia001845Vols,337,623,771,94,79
1222,700,1123,Sham19Y0014224,516,243,634,185,46
1222,233,936,Sham19Y0014224,517,363,787,217,34
1222,601,1126,Sham19Y0020638,1686,341,597,144,33
1223,71,206,Shia002206,88,255,414,98,76
1223,269,1208,Shamela0021495,335,655,1210,305,37
1223,269,1086,Sham19Y0017747,1055,341,1331,455,49
1223,755,1127,Sham19Y0014442,982,859,1264,295,88
1223,759,1086,Shamela0005922,1857,938,1126,135,49
1223,400,1208,Sham19Y0014309,833,1,565,410,60
1223,1,176,Shia001831Vols,310,1057,1221,131,92
1223,131,367,Sham19Y0122406,1718,1,368,143,48
1223,1268,1477,Sham19Y0017729,577,358,507,85,44
1223,711,1364,Shamela0011036,1362,327,1276,415,51
1223,269,1208,Shamela0000791,505,19,1048,704,81
1224,12,523,ShamAY0033177,261,455,740,160,33
1224,1322,1599,Shamela0021495,330,511,725,152,67
1224,1128,1242,Sham19Y0017747,943,380,498,91,96
1224,360,585,Sham19Y0014309,716,1129,1303,132,68
1224,1128,1242,Shia001831Vols,310,1366,1480,91,100
1224,1128,1291,ShamAY0033522,347,339,516,98,71
1224,346,719,JK000201,1591,624,1001,296,95
1224,713,1122,Sham19Y0122406,1721,78,736,240,40
1224,12,473,ShamAY0033531,1377,1220,1523,206,54
1224,473,1015,ShamAY0033531,1378,1,536,430,95
1224,1459,1599,ShamAY0033531,1391,1184,1325,112,98
1224,742,1015,Shamela0000551,1256,1099,1353,163,66
1224,1242,1620,Sham19Y0122257,1563,893,1180,228,73
1224,1,142,Sham19Y0014601,2855,1256,1475,96,50
1224,142,943,Sham19Y0014601,2856,1,526,300,40
1224,360,585,Sham19Y0014601,2857,1291,1516,187,100
1224,1159,1620,Shamela0000791,510,1076,1394,241,63
1225,7,542,Shamela0021495,323,1127,1594,315,67
1225,254,799,Shamela0021495,330,725,1014,223,48
1225,488,933,Sham19Y0017350,713,1129,1579,318,83
1225,933,1236,Sham19Y0017350,714,1,307,239,92
1225,713,1255,ShamIbadiyya0000438,499,12,401,221,42
1225,284,1236,Sham19Y0013769,1132,371,1167,315,31
1225,38,254,Sham19Y0017747,945,113,308,152,86
1225,261,696,Sham19Y0017747,947,1068,1507,203,45
1225,696,1133,Sham19Y0017747,948,1,361,220,58
1225,1494,1621,Sham19Y0017747,948,406,554,85,65
1225,713,1350,Shamela0026568,1200,480,918,237,39
1225,855,1340,Sham19Y0029560,155,438,918,249,54
1225,261,701,Shia001663Vols,399,619,1025,335,92
1225,747,1241,Shia001831Vols,311,1,273,213,51
1225,803,1370,ShamAY0033181,633,41,454,262,54
1225,666,1340,ShamAY0033522,347,364,1087,400,59
1225,1463,1621,Shamela0023628,246,804,962,112,79
1225,672,1344,Shamela0023628,246,38,506,252,42
1225,672,1350,Shamela0023685,1372,1008,1530,268,40
1225,276,1020,Sham19Y0145212,4262,642,1617,442,51
1225,1020,1241,Sham19Y0145212,4263,1,156,128,70
1225,803,1370,Sham19Y0127713,715,1017,1410,245,50
1225,709,1120,Shia003732Vols,3634,1338,1524,145,43
1225,701,1241,Masaha001946Vols,834,437,1004,314,64
1225,302,466,Masaha001946Vols,835,253,637,128,39
1225,7,246,Shamela0011036,1201,75,328,183,89
1225,713,1621,Shamela0000551,1313,793,1459,249,28
1225,7,563,Sham19Y0122257,1563,1188,1593,331,72
1225,563,1621,Sham19Y0122257,1564,1,1008,791,91
1225,254,508,Sham19Y0014601,2892,287,541,213,100
1225,261,466,Sham19Y0150962,995,528,733,172,100
1225,701,1209,Shamela0000791,518,495,712,157,38
1226,691,1515,Shamela0021495,330,1136,1544,194,25
1226,683,1304,Sham19Y0017350,715,968,1567,395,71
1226,1313,1437,Sham19Y0017350,716,1,125,103,100
1226,667,1132,Zaydiyya0000072,163,485,641,112,29
1226,1,711,Sham19Y0017747,948,554,1170,454,76
1226,856,1408,JK010001,1887,59,586,265,50
1226,1,1408,Shia000841Vols,3403,50,1441,808,60
1226,683,852,Tafsir07055,1975,1337,1492,121,85
1226,856,1408,Tafsir07055,1976,42,626,297,53
1226,19,1132,Shamela0021715,2618,481,1037,226,21
1226,1,1031,Shamela0026568,1195,652,1430,598,71
1226,667,1261,Shia001663Vols,399,1034,1562,399,80
1226,1261,1547,Shia001663Vols,400,1,251,197,83
1226,1,774,Shamela0023628,246,962,1490,314,43
1226,1,290,Shamela0023685,1367,1249,1528,217,95
1226,290,1242,Shamela0023685,1368,1,689,441,52
1226,1,190,Sham19Y0020591,718,62,227,103,60
1226,53,1242,Shamela0011036,1211,668,1585,497,45
1226,115,1255,Shamela0000551,1314,1,1227,728,64
1226,1193,1515,Shamela0009242,2008,15,297,193,66
1226,1,619,Tafsir06049,933,388,887,272,47
1226,1,814,Sham19Y0122257,1564,1008,1585,435,64
1226,887,1500,Sham19Y0122257,1565,548,995,190,35
1226,828,1125,Sham19Y0122257,1565,1,297,236,98
1226,683,940,Sham19Y0013783,1020,71,340,119,43
1227,49,801,JK007064,350,1,797,589,91
1227,770,1455,JK007064,352,355,1045,554,98
1227,535,832,Shamela0021495,330,1423,1584,120,50
1227,832,1177,Shamela0021495,331,1,332,246,83
1227,66,796,Sham19Y0013667,3624,1,752,483,73
1227,1344,1510,Sham19Y0017747,945,524,726,99,57
1227,29,1376,Shia000841Vols,3401,153,1530,1043,92
1227,1376,1550,Shia000841Vols,3402,1,175,137,98
1227,775,1082,Sham19Y0131521,2569,187,433,136,47
1227,25,1128,Sham19Y0122401,1078,525,1549,800,89
1227,1128,1381,Sham19Y0122401,1079,1,264,204,95
1227,29,770,Shamela0005756,5813,130,897,528,79
1227,1385,1550,Shamela0005756,5826,305,462,108,77
1227,1,775,Shia001663Vols,400,251,988,588,94
1227,1,400,ShamAY0033522,347,1115,1506,311,97
1227,400,1550,ShamAY0033522,348,1,1433,905,77
1227,25,786,Sham19Y0122406,1724,744,1551,531,75
1227,857,1544,Sham19Y0122406,1725,53,739,273,42
1227,1381,1550,Sham19Y0013252,3057,562,737,113,73
1227,25,743,Masaha001946Vols,834,1004,1561,428,72
1227,203,400,Masaha001946Vols,835,765,980,153,88
1227,29,381,Shamela0011036,1204,1264,1523,193,67
1227,381,1550,Shamela0011036,1205,1,1166,913,94
1227,258,775,Shamela0000551,1315,1111,1460,249,59
1227,775,1550,Shamela0000551,1316,1,744,591,93
1227,25,461,Shamela0012052,1137,187,379,132,36
1227,41,1305,Shamela0000791,511,1,1053,841,82
1228,1132,1430,ShamAY0034295,2,968,1225,172,64
1228,986,1548,Shamela0007891,1079,369,972,393,74
1228,574,755,Sham19Y0013667,3624,731,1068,102,37
1228,873,1548,Shia000841Vols,3400,302,1019,449,68
1228,1,982,Shia000841Vols,3402,175,1142,747,92
1228,1234,1548,Shamela0021715,2618,1,307,238,92
1228,997,1548,Shamela0001442,384,68,658,397,78
1228,191,1540,ShamAY0033522,349,1,869,661,60
1228,285,794,Sham19Y0122406,1726,1,858,295,42
1228,1149,1548,Sham19Y0016934,1759,864,1297,250,70
1228,1132,1498,Sham19Y0018569,478,727,1093,231,68
1228,997,1548,Shamela0011036,1204,1,553,422,92
1228,1,407,Shamela0011036,1205,1166,1572,326,98
1228,407,1023,Shamela0011036,1206,1,700,405,66
1228,1,1043,Shamela0000551,1316,744,1562,617,71
1228,1125,1548,Shamela0000551,1317,12,300,214,63
1228,997,1548,Sham19Y0013241,948,583,1497,359,47
1228,1132,1498,Sham19Y0122257,1563,273,637,233,69
1228,986,1535,Shamela0000791,511,1058,1550,392,88
1229,19,156,Shamela0021495,331,332,463,104,95
1229,998,1497,Sham19Y0013667,3592,18,380,151,30
1229,677,854,Sham19Y0148486,2779,1178,1356,132,89
1229,677,916,Shamela0005733,34,83,396,155,61
1229,1099,1432,Sham19Y0017747,943,956,1522,223,45
1229,677,916,Shamela0001719,1526,281,591,149,58
1229,677,916,Shamela0028107,414,401,716,151,61
1229,1,478,Shia000841Vols,3400,1019,1511,366,91
1229,708,854,Shia000841Vols,3424,320,466,116,100
1229,677,916,JK000677,103,1126,1417,152,59
1229,677,916,Shamela0002863,1190,991,1303,155,61
1229,708,854,Tafsir07055,2348,710,856,116,100
1229,713,916,Sham19Y0127660,351,275,522,134,66
1229,677,960,Sham19Y0127660,1404,1082,1308,146,66
1229,478,672,Shamela0021715,2588,85,248,126,80
1229,930,1410,Shamela0005756,6040,1224,1466,124,32
1229,969,1521,Shia001831Vols,311,313,595,219,48
1229,677,854,Shamela0021713,357,740,908,132,94
1229,29,355,Shamela0001442,384,772,1215,212,58
1229,1,281,ShamAY0033522,349,873,1148,217,97
1229,677,854,ShamAY0033522,391,1112,1292,128,90
1229,1241,1410,Shamela0023685,1378,601,1051,126,34
1229,685,854,Shamela0023685,1380,307,462,123,91
1229,677,1131,Sham19Y0122406,1721,793,1373,238,47
1229,1181,1536,Sham19Y0122406,1722,856,1209,203,62
1229,713,916,Sham19Y0006684,1404,1,274,136,60
1229,858,1251,Sham19Y0013252,1159,934,1307,143,38
1229,677,854,Shamela0021479,38,1155,1332,140,100
1229,1,478,Shamela0011036,1204,553,1066,366,87
1229,685,1536,Shamela0011036,1214,338,903,253,28
1229,1,443,Shamela0000551,1317,300,692,305,84
1229,677,916,Shamela0000551,1549,304,619,151,61
1229,29,355,Sham19Y0013241,949,129,531,204,60
1229,677,916,Sham19Y0013241,989,101,413,155,61
1229,677,916,Shia002119Vols,1638,312,627,151,61
1229,751,916,Shamela0013033,91,1,238,108,55
1229,1,478,Shamela0000791,512,14,545,366,84
1230,1,166,Sham19Y0013667,3592,387,538,105,81
1230,940,1427,ShamIbadiyya0000438,503,857,1311,296,74
1230,1104,1485,Sham19Y0131521,2547,136,470,184,51
1230,1034,1485,Shamela0021590,755,374,687,214,58
1230,809,1028,Shamela0021715,2589,150,368,170,91
1230,440,1053,Shamela0021715,2936,583,1246,246,34
1230,803,1241,Shamela0005756,2033,1072,1487,287,70
1230,11,170,Shamela0005756,5824,512,666,106,86
1230,415,1241,Shia001831Vols,311,619,1196,442,64
1230,1,352,Sham19Y0122406,1722,1214,1524,222,80
1230,352,809,Sham19Y0122406,1723,1,476,244,59
1230,946,1485,ShamAY0033531,1460,885,1332,239,50
1230,952,1233,Sham19Y0018106,383,1,243,124,46
1230,809,1028,Sham19Y0018106,1228,755,938,135,73
1230,415,1028,Sham19Y0018144,4693,152,793,437,80
1230,1043,1588,Sham19Y0018144,4694,519,1079,439,95
1230,803,1233,Sham19Y0018103,500,761,1105,189,47
1230,11,170,Sham19Y0013252,3055,723,875,103,85
1230,11,512,Shamela0011036,1214,1032,1535,382,94
1230,512,1028,Shamela0011036,1215,1,512,411,97
1230,803,1241,Sham19Y0013605,770,825,1285,319,77
1231,1,284,Shamela0000767,1671,907,1210,203,81
1231,44,284,Sham19Y0148486,2976,654,884,182,94
1231,44,284,Sham19Y0148486,3098,105,324,163,85
1231,57,341,Shamela0006610,579,81,437,204,68
1231,24,275,JK000977,1101,489,688,154,76
1231,1,284,JK001284,26,925,1231,205,80
1231,1,284,JK001284,138,567,854,207,86
1231,1,227,JK010001,1917,895,1088,133,72
1231,32,284,Shamela0002863,1193,1095,1340,192,95
1231,24,284,Shamela0025794,4769,1182,1432,192,90
1231,1,154,Tafsir07055,2008,1430,1590,106,84
1231,669,927,Sham19Y0131521,2554,637,954,178,64
1231,80,893,Sham19Y0127660,1374,314,697,220,32
1231,635,1030,Shamela0021715,2608,1017,1338,209,57
1231,737,1018,Shamela0021715,2937,1,182,135,56
1231,1,284,Shamela0001727,649,535,827,217,93
1231,612,893,Shamela0005756,2034,273,489,163,70
1231,44,259,JK000386,471,1338,1531,154,89
1231,60,284,Sham19Y0017903,450,1199,1409,169,93
1231,49,341,JK006950,1818,512,871,202,65
1231,41,284,JK006950,1949,169,391,173,88
1231,1,259,Sham19Y0122406,1745,661,929,196,92
1231,57,341,Sham19Y0132524,1060,614,953,204,71
1231,75,318,Shamela0001875,905,989,1251,182,81
1231,49,341,JK000381,7512,724,1083,202,65
1231,41,284,JK000381,7643,483,705,173,88
1231,24,284,Sham19Y0018144,1024,1093,1350,191,88
1231,1,485,Sham19Y0018144,4694,1079,1539,364,93
1231,80,318,Shamela0036446,384,1048,1293,175,87
1231,80,284,Shamela0025800,623,529,733,163,99
1231,121,318,Sham19Y0017729,231,1,221,148,84
1231,57,288,Sham19Y0020638,528,1220,1442,172,93
1231,44,318,Sham19Y0146127,1567,122,428,178,64
1231,44,284,Sham19Y0146127,1631,683,903,162,84
1231,32,341,Shamela0011036,1217,831,1158,210,72
1231,635,1356,Shamela0011036,1219,34,650,323,53
1231,44,341,Shamela0009242,2155,483,843,201,64
1231,1,248,Sham19Y0013241,988,1233,1468,178,89
1231,1,284,Shamela0023422,199,1100,1405,217,89
1231,1,227,Shamela0023422,216,1090,1338,173,88
1231,44,284,JK007065,1288,831,1056,172,89
1232,1361,1519,Sham19Y0018259,248,1,153,113,92
1232,1242,1515,Sham19Y0016584,440,1110,1303,133,58
1232,706,905,Sham19Y0148486,2779,1196,1384,147,93
1232,706,905,Shamela0005733,34,101,291,149,94
1232,245,689,Sham19Y0017747,1037,406,853,99,18
1232,706,905,Shamela0001719,1526,299,486,143,88
1232,706,905,Shamela0028107,414,409,611,149,93
1232,1289,1515,JK010001,2243,1126,1320,146,80
1232,1283,1515,JK000110,82,1089,1319,170,90
1232,1289,1515,ShamAY0034447,1292,642,866,166,90
1232,1283,1515,Shia000841Vols,3424,10,244,178,95
1232,706,905,JK000677,103,1134,1317,144,91
1232,706,905,Shamela0002863,1190,1009,1199,149,94
1232,729,905,Tafsir07055,2348,710,886,139,100
1232,1,264,Sham19Y0131521,2547,780,1045,202,93
1232,734,1047,Sham19Y0127660,351,275,522,142,56
1232,709,905,Sham19Y0127660,1404,1090,1277,147,94
1232,1386,1542,Shamela0021715,2588,631,780,114,92
1232,753,1497,Shamela0021715,2811,688,1316,277,44
1232,1331,1515,Shamela0001727,643,1,184,144,99
1232,753,1542,Shamela0026568,1207,118,721,421,66
1232,753,1497,Sham19Y0017437,954,391,1069,252,33
1232,1,328,Shamela0005756,2034,1,203,159,59
1232,1283,1515,Shamela0005756,2047,295,525,170,90
1232,1283,1515,JK000386,419,1193,1426,174,93
1232,1200,1493,ShamIbadiyya0000433,653,158,412,103,30
1232,1289,1526,Sham19Y0017903,473,1087,1340,183,91
1232,706,959,Shamela0021713,357,748,1020,164,74
1232,1289,1526,Shamela0021713,418,1064,1314,184,93
1232,709,916,Sham19Y0014827,147,452,668,159,92
1232,706,905,ShamAY0033522,391,1120,1322,149,93
1232,753,1542,Shamela0023685,1379,814,1417,424,66
1232,706,905,Shamela0023685,1380,307,492,146,92
1232,1356,1515,Sham19Y0122406,1725,976,1127,117,93
1232,753,1283,Sham19Y0122406,1729,583,1081,292,63
1232,1028,1283,Sham19Y0127713,845,559,787,140,63
1232,1289,1515,Sham19Y0132524,1047,283,549,177,84
1232,1283,1515,Sham19Y0018106,386,805,1035,170,90
1232,905,1423,Sham19Y0018144,4708,300,883,311,55
1232,1283,1515,Sham19Y0018103,504,152,382,170,90
1232,1289,1515,Shamela0025800,620,517,744,168,90
1232,1289,1493,Sham19Y0017729,242,1278,1481,160,99
1232,734,905,Sham19Y0006684,1404,1,169,133,98
1232,1289,1515,Sham19Y0020638,523,981,1206,177,99
1232,706,905,Shamela0021479,38,1163,1362,157,100
1232,827,1542,Shamela0011036,1216,135,1101,469,57
1232,1,339,Shamela0011036,1218,674,1009,239,83
1232,339,844,Shamela0011036,1220,609,1451,326,45
1232,1022,1327,Shamela0000551,1490,997,1297,177,65
1232,706,905,Shamela0000551,1549,312,514,149,93
1232,1028,1542,Shamela0000551,1550,47,832,256,39
1232,1289,1519,Shamela0009242,2040,180,412,178,97
1232,541,689,Shamela0009242,2156,489,679,78,50
1232,1,183,Shamela0009242,2157,1325,1508,145,93
1232,183,328,Shamela0009242,2158,846,991,115,100
1232,1267,1515,Sham19Y0017616,169,365,646,190,85
1232,706,905,Sham19Y0013241,989,119,308,148,94
1232,1396,1515,Shamela0023422,172,1,119,93,99
1232,1276,1493,Shamela0023422,184,79,322,164,85
1232,706,905,Shia002119Vols,1638,320,522,149,93
1232,1283,1515,Sham19Y0018176,191,1180,1410,170,90
1232,772,905,Shamela0013033,91,1,134,105,100
1232,1,282,Sham19Y0013605,770,1436,1589,120,52
1232,1364,1515,Sham19Y0013605,776,96,247,115,94
1233,11,224,Sham19Y0013667,3791,979,1171,145,87
1233,413,598,Sham19Y0148486,2779,1196,1384,144,95
1233,413,598,Shamela0005733,34,101,291,146,97
1233,47,772,Shamela0008176,3441,14,574,264,43
1233,413,598,Shamela0001719,1526,299,486,143,94
1233,413,598,Shamela0028107,414,409,611,146,91
1233,333,617,Shia000841Vols,3424,252,515,194,80
1233,413,598,JK000677,103,1134,1317,141,93
1233,413,598,Shamela0002863,1190,1009,1199,146,97
1233,333,617,Tafsir07055,2348,642,905,194,80
1233,427,578,Sham19Y0127660,351,275,426,119,100
1233,416,598,Sham19Y0127660,1404,1090,1277,144,97
1233,11,811,Shamela0026568,1207,726,1492,603,93
1233,11,224,Shamela0005756,5837,854,1039,137,82
1233,413,598,Shamela0021713,357,748,938,146,97
1233,71,598,Sham19Y0014827,147,218,654,248,55
1233,413,598,ShamAY0033522,391,1120,1322,146,91
1233,83,860,Shamela0023685,1380,1,762,579,91
1233,71,804,Sham19Y0127713,710,331,825,223,33
1233,427,598,Sham19Y0006684,1404,1,169,133,98
1233,7,224,Sham19Y0013252,3071,362,558,147,87
1233,413,598,Shamela0021479,38,1163,1362,146,92
1233,240,804,Shamela0000551,1321,657,1219,229,38
1233,413,598,Shamela0000551,1549,312,514,146,91
1233,240,777,Shamela0000551,1550,901,1163,148,32
1233,413,598,Sham19Y0013241,989,119,308,145,96
1233,413,598,Shia002119Vols,1638,320,522,146,91
1233,7,818,Sham19Y0122257,1584,70,682,477,72
1233,465,598,Shamela0013033,91,1,134,105,100
1234,303,885,Sham19Y0017350,715,99,645,234,45
1234,72,396,Sham19Y0013667,3844,518,678,106,40
1234,72,396,JK000977,1093,934,1112,122,46
1234,316,1013,Shamela0021715,788,448,1077,275,40
1234,81,396,Shamela0001727,644,1,166,116,44
1234,72,396,JK000786,3890,385,550,116,43
1234,604,975,Shamela0005756,2036,460,821,240,73
1234,530,814,Shamela0005756,6068,36,301,180,72
1234,72,464,Sham19Y0127677,5581,729,997,147,43
1234,72,404,Sham19Y0127677,5582,152,329,124,45
1234,72,396,Sham19Y0017903,472,912,1086,123,45
1234,72,396,Shamela0021713,388,579,748,122,47
1234,72,396,Shamela0021713,399,376,545,122,47
1234,72,396,Sham19Y0122406,1731,594,768,123,45
1234,72,404,Shia002265Vols,1465,768,945,124,45
1234,124,1111,ShamAY0033531,1392,749,1189,303,36
1234,591,1438,Sham19Y0018106,384,515,1143,299,38
1234,72,396,Sham19Y0017729,241,1196,1370,123,45
1234,72,396,Sham19Y0020638,524,400,574,123,45
1234,113,396,Shamela0023422,173,1,134,94,41
1234,643,1411,Sham19Y0013605,773,1,656,329,48
1234,530,1051,Sham19Y0013605,1822,341,719,280,65
1235,413,796,Shamela0021495,341,887,1458,189,37
1235,573,708,Sham19Y0017747,254,1330,1467,107,97
1235,909,1211,Sham19Y0131521,2552,1135,1473,197,70
1235,212,473,Shamela0001727,644,541,731,93,44
1235,30,137,Shamela0005756,2037,148,256,85,99
1235,565,1358,Shamela0005756,13143,374,1042,478,71
1235,457,872,Shia001831Vols,312,9,317,233,70
1235,212,473,Sham19Y0122406,1732,567,757,93,44
1235,553,703,ShamAY0033531,1394,1357,1487,103,86
1235,982,1473,ShamAY0033531,1395,1,377,299,75
1235,30,141,Sham19Y0018106,384,1188,1299,86,98
1235,437,1440,Sham19Y0013252,1130,460,1458,386,35
1235,212,347,ShamAY0035960,118,1249,1400,48,45
1235,212,473,Shamela0023422,173,509,708,96,43
1235,565,1440,Sham19Y0122257,1594,1037,1508,291,41
1236,1237,1441,Sham19Y0013769,1173,1162,1318,97,56
1236,453,654,Sham19Y0131521,2554,1,213,147,85
1236,400,715,Shamela0005756,1967,607,890,158,50
1236,35,497,Shamela0005756,13143,1025,1514,364,92
1236,18,831,ShamAY0033531,1395,371,817,350,53
1236,40,350,Shamela0011036,1312,757,1066,245,98
1236,40,344,Shamela0000551,1556,677,937,142,48
1236,344,649,Shamela0000791,514,1208,1529,193,77
1236,649,831,Shamela0000791,515,1,199,147,90
1236,224,344,Sham19Y0013605,758,1236,1351,92,95
1237,1331,1524,Shamela0007891,1069,1097,1294,153,94
1237,1331,1524,Shamela0001733,1526,187,374,148,92
1237,1312,1588,Shamela0021495,324,530,772,188,83
1237,1312,1527,Shamela0021495,325,718,877,124,70
1237,1331,1467,Shamela0000767,1574,996,1132,112,99
1237,989,1175,Sham19Y0148486,2786,244,423,120,78
1237,1331,1527,JK000977,1106,856,1053,159,98
1237,1331,1524,ShamAY0034447,1285,880,1077,152,93
1237,780,912,Shia000841Vols,3375,973,1395,75,22
1237,994,1518,Shamela0021715,2600,621,1094,202,40
1237,989,1175,Shamela0001727,646,951,1123,125,86
1237,1331,1527,Shamela0001727,653,129,325,159,98
1237,1331,1524,JK000386,425,601,798,152,93
1237,1331,1524,JK000386,445,996,1195,152,93
1237,1324,1527,Shia001663Vols,371,1131,1345,158,88
1237,1381,1527,Shia001663Vols,406,922,1061,109,91
1237,1331,1527,Shamela0005922,1714,807,1004,159,98
1237,1331,1524,Sham19Y0017903,475,480,673,155,97
1237,1331,1527,Shamela0021713,409,164,363,154,94
1237,989,1175,Sham19Y0122406,1739,109,281,125,86
1237,1355,1527,Sham19Y0122406,1755,394,731,140,50
1237,994,1119,Sham19Y0132524,1054,544,669,98,100
1237,1331,1527,Shamela0001875,921,611,811,154,94
1237,1331,1524,Sham19Y0018144,1036,666,861,153,94
1237,1331,1527,Sham19Y0017729,243,305,500,158,98
1237,1331,1527,ShamAY0034005,428,71,270,154,94
1237,989,1175,Sham19Y0020638,526,595,767,125,86
1237,1331,1527,Sham19Y0020638,533,335,531,158,98
1237,1331,1524,Shamela0003722,7051,106,293,147,92
1237,989,1175,Sham19Y0146127,1468,1279,1456,120,78
1237,989,1127,Masaha004387Vols,333,1184,1322,108,100
1237,1331,1527,Sham19Y0017616,167,751,947,159,98
1237,1005,1175,Shamela0023422,197,1,157,112,84
1237,1331,1527,Shamela0023422,234,868,1271,159,48
1237,1337,1524,Shamela0021731,337,234,421,146,94
1238,134,262,Sham19Y0013769,1168,364,492,104,100
1238,122,319,Sham19Y0131521,2546,30,228,160,99
1238,1033,1515,Sham19Y0131521,2551,424,922,213,45
1238,1033,1282,Sham19Y0131521,2822,1337,1522,138,68
1238,1,322,Shamela0021715,2600,1256,1537,226,86
1238,1,365,Sham19Y0018144,4708,804,1168,293,100
1238,645,1352,Shamela0011036,1219,814,1488,267,36
1238,77,692,Shamela0023422,197,6,579,133,17
1238,650,1515,Shamela0000791,517,620,1144,320,44
1238,718,1132,Sham19Y0013605,1765,1244,1378,97,29
1239,174,720,Shamela0021495,321,393,867,314,67
1239,889,1500,Sham19Y0014299,626,64,681,350,61
1239,1028,1511,Shia003965Vols,4288,847,1119,133,33
1239,265,730,Shamela0005756,6304,38,471,322,84
1239,935,1143,Shia001831Vols,312,671,1119,111,30
1239,701,1526,Shamela0009702,951,426,1258,590,82
1239,271,672,Sham19Y0018106,395,1135,1388,191,59
1239,456,636,Sham19Y0018103,515,659,794,103,71
1239,912,1231,Shamela0001687,3118,1199,1567,228,74
1239,973,1518,Sham19Y0131336,1873,54,186,105,23
1239,912,1139,Sham19Y0020638,1687,754,922,129,68
1239,174,730,JK000475,838,1053,1386,132,27
1239,912,1276,JK007040,147,319,706,272,86
1239,174,1009,Sham19Y0017063,603,805,1542,452,59
1239,295,720,Sham19Y0013605,793,365,770,259,65
1239,912,1463,Sham19Y0013605,1767,106,449,192,44
1240,75,228,Sham19Y0013769,1194,1003,1153,120,98
1240,437,1025,JK000977,1100,1096,1240,112,23
1240,446,1466,JK001284,39,227,409,116,13
1240,446,1466,JK001284,148,80,257,112,13
1240,446,1466,ShamAY0034182,347,871,1023,121,14
1240,437,1025,Shamela0026871,18,1175,1322,84,17
1240,437,1383,Shamela0001727,649,84,529,191,22
1240,11,228,Shia001831Vols,312,779,1006,160,88
1240,992,1271,Shia001831Vols,312,1115,1318,128,58
1240,936,1383,Sham19Y0122406,1745,925,1455,288,67
1240,437,1466,Sham19Y0145212,1820,60,221,128,15
1240,437,1466,Shamela0001456,343,751,931,140,17
1240,254,483,Sham19Y0132524,1057,1231,1502,64,19
1240,437,1466,Sham19Y0020638,528,868,1058,152,18
1240,266,430,Shamela0009873,1964,975,1155,115,75
1240,437,1383,Shamela0023422,199,640,1094,161,18
1240,437,1383,Shamela0023422,216,229,1083,239,22
1240,437,927,Shia003636Vols,323,249,1061,347,49
1240,437,911,Shia003636Vols,1253,194,725,344,73
1241,53,216,Sham19Y0131521,2438,316,441,84,65
1241,1,216,Sham19Y0131521,2555,641,790,122,69
1241,232,655,Shamela0001727,649,1002,1442,145,27
1241,1333,1523,Shia001831Vols,312,1451,1563,89,58
1241,232,655,Sham19Y0122406,1746,430,871,145,27
1241,506,1146,Sham19Y0122406,1747,1024,1477,279,50
1241,1179,1503,Sham19Y0013631,1457,672,894,148,57
1241,232,655,Sham19Y0020638,529,15,404,134,26
1241,805,1021,Sham19Y0020638,1687,1193,1409,167,95
1241,1021,1285,Sham19Y0020638,1688,1,260,208,98
1241,232,655,Shamela0023422,200,144,599,145,26
1241,232,627,Shamela0023422,217,450,1102,126,17
1241,232,597,JK007065,1288,1196,1518,114,26
1241,1,216,Shamela0000791,533,971,1185,175,99
1242,724,1083,Sham19Y0131521,2833,989,1376,130,30
1242,226,724,Sham19Y0122406,1743,856,1410,298,59
1242,226,454,Sham19Y0122406,1744,293,944,169,32
1242,226,1122,Sham19Y0018144,4712,1,846,680,94
1242,330,1122,Shamela0009873,1965,84,807,396,54
1242,1032,1558,Shamela0009242,2020,374,901,169,27
1243,883,1018,Sham19Y0131521,2557,1309,1440,104,97
1243,1051,1474,Shamela0001727,651,131,583,138,27
1243,1063,1474,Sham19Y0013572,1455,36,189,115,34
1243,1051,1474,Sham19Y0122406,1749,160,612,138,27
1243,420,738,ShamAY0033531,1396,1250,1492,197,75
1243,738,1058,ShamAY0033531,1397,1,327,252,97
1243,1063,1474,Sham19Y0020638,530,312,643,121,26
1243,1063,1309,Sham19Y0020638,1688,619,838,172,87
1243,69,752,Shamela0009242,2020,931,1502,414,73
1243,733,1063,Shamela0009242,2021,673,1007,236,88
1244,882,1117,Shamela0001733,1522,871,990,95,50
1244,642,912,Sham19Y0013667,472,250,490,163,73
1244,642,882,Shamela0023193,489,1084,1292,122,59
1244,642,882,Shamela0000761,302,763,1003,155,69
1244,882,1117,JK000977,1103,867,986,95,50
1244,882,1117,Shamela0025794,2507,1192,1311,95,50
1244,882,1117,Shamela0010842,256,1167,1286,95,50
1244,882,1117,Tafsir07055,2019,597,716,96,50
1244,882,1117,Shamela0001727,651,798,917,96,50
1244,882,1117,Shia001901,307,41,175,95,51
1244,882,1117,Sham19Y0023644,1426,351,470,95,50
1244,882,1117,Sham19Y0132524,1061,319,865,109,23
1244,860,1031,Sham19Y0018144,4779,806,963,122,88
1244,642,877,Shamela0028100,1008,1171,1375,158,82
1244,882,1117,Shamela0025800,615,731,850,95,50
1244,882,1117,ShamAY0034005,438,994,1113,95,50
1244,882,1117,Sham19Y0020638,530,713,832,96,50
1244,757,877,Sham19Y0013274,52,794,910,95,96
1244,642,882,Masaha000955Vols,704,171,388,163,80
1244,882,1117,Shamela0023422,227,1192,1311,96,50
1244,882,1117,JK007065,613,187,306,95,50
1244,882,1117,Sham19Y0148271,304,1374,1493,94,49
1244,647,882,Shamela0009856,918,55,297,151,67
1244,1048,1610,Shamela0000791,547,762,1334,392,78
1245,1097,1296,JK000386,776,722,1218,125,31
1245,1097,1296,Shamela0023422,384,48,201,94,58
1245,5,204,Shamela0000791,547,1337,1537,157,97
1246,587,1363,Shamela0021495,327,760,1282,346,51
1246,280,499,Sham19Y0013667,3798,733,921,102,49
1246,227,709,Sham19Y0148486,2815,224,923,217,35
1246,227,709,Shamela0008176,3467,88,725,241,42
1246,227,709,JK000977,1105,372,1063,184,29
1246,10,240,Shia000841Vols,3763,1153,1372,138,64
1246,227,709,Shamela0001727,652,126,763,241,42
1246,620,924,Sham19Y0017437,992,185,487,118,38
1246,327,1356,Shia001831Vols,313,466,1003,323,37
1246,539,709,JK006950,1806,188,350,109,75
1246,227,1188,Sham19Y0122406,1751,84,1345,522,45
1246,539,709,Sham19Y0145212,1819,1222,1382,117,86
1246,468,709,JK000381,7500,194,568,142,45
1246,227,617,Shamela0025800,615,994,1312,147,42
1246,558,709,Shamela0025800,616,1,144,102,83
1246,548,666,Sham19Y0123608,622,20,256,81,43
1246,227,709,Sham19Y0020638,531,164,802,241,42
1246,340,534,Sham19Y0020638,1688,1340,1463,96,60
1246,227,683,Sham19Y0146127,1485,602,1225,194,34
1246,539,666,Shamela0023422,233,384,531,90,71
1246,280,499,Sham19Y0122257,1588,124,307,102,50
1246,474,709,Sham19Y0122257,1589,408,740,147,53
1246,227,709,Shamela0008360,400,794,1341,237,47
1247,68,236,Shamela0021495,327,715,897,98,59
1247,91,494,Sham19Y0148486,2858,1,640,229,42
1247,110,673,Shamela0006610,528,597,1011,200,37
1247,145,490,Sham19Y0013922,98,547,871,171,62
1247,172,490,Sham19Y0013922,117,124,382,167,61
1247,78,236,Shamela0008176,3467,565,714,111,87
1247,267,490,JK000977,1113,1048,1254,158,87
1247,267,521,JK010001,1974,1173,1362,124,60
1247,267,673,ShamAY0034447,1294,714,912,153,47
1247,128,673,Shamela0025794,3641,286,708,161,29
1247,139,667,Tafsir07055,2069,359,808,206,39
1247,301,678,JK007128,222,189,374,133,44
1247,267,673,Shamela0021715,2957,24,456,196,45
1247,78,339,Shamela0001727,652,603,963,156,54
1247,267,484,Shamela0001727,659,812,1010,155,88
1247,267,673,Shamela0001727,660,223,427,158,49
1247,267,487,Shamela0005756,5835,928,1124,153,86
1247,172,673,JK000386,429,1119,1386,165,40
1247,267,673,Sham19Y0014309,740,278,477,146,45
1247,267,612,JK000271,183,494,852,188,53
1247,267,673,Sham19Y0017903,445,501,688,142,44
1247,267,612,Shamela0022547,1873,467,837,176,46
1247,78,339,JK006950,1806,188,477,136,57
1247,334,484,JK000653,127,1,144,114,93
1247,78,236,Sham19Y0122406,1751,561,710,111,87
1247,267,484,Sham19Y0122406,1785,1169,1367,155,88
1247,267,673,Sham19Y0122406,1786,1239,1443,158,49
1247,78,236,Sham19Y0145212,1819,1222,1371,111,87
1247,379,968,Shamela0037837,354,47,504,167,30
1247,267,490,Shamela0010765,625,1027,1246,139,67
1247,267,612,Shia001989,107,118,501,176,49
1247,159,644,Sham19Y0132524,1081,1165,1496,187,49
1247,78,339,JK000381,7500,406,695,136,57
1247,267,487,Sham19Y0018144,1051,36,225,147,83
1247,110,509,Shamela0025800,616,1,449,151,32
1247,267,673,Shamela0025800,625,1117,1318,156,48
1247,68,458,Sham19Y0021525,399,21,394,131,30
1247,91,554,Sham19Y0123608,622,5,535,235,49
1247,925,1295,Sham19Y0014224,711,1,238,172,59
1247,78,449,Sham19Y0020638,531,641,913,139,42
1247,243,484,Sham19Y0020638,540,374,596,159,82
1247,267,673,Shamela0008476,820,274,483,156,48
1247,87,616,Sham19Y0146127,1507,318,794,202,39
1247,110,445,Shamela0009242,2021,257,698,140,30
1247,267,673,Sham19Y0017616,167,1090,1295,158,49
1247,267,673,Shamela0023422,248,458,688,158,46
1247,267,673,JK007065,172,1158,1350,146,45
1247,78,339,Sham19Y0122257,1589,580,875,149,57
1247,267,616,Sham19Y0020699,543,724,1076,197,61
1247,78,236,Shamela0008360,400,1181,1330,111,87
1247,178,484,Shamela0021743,589,1158,1464,179,71
1248,499,641,Shamela0009978,93,1,143,112,98
1248,480,636,JK007083,133,536,702,124,93
1248,480,641,Shia001432Vols,8896,791,970,125,86
1248,480,641,Shia001432Vols,11853,1036,1210,125,90
1248,552,1142,Shamela0021495,327,253,634,226,47
1248,172,303,Shamela0021495,328,1,139,101,93
1248,480,641,Sham19Y0013667,3573,468,622,117,90
1248,1424,1572,Shamela0000767,1574,860,986,99,85
1248,480,648,Shamela0000767,1575,38,214,128,91
1248,480,641,Shamela0000767,1602,184,353,127,94
1248,480,641,Shamela0008176,3429,367,535,127,94
1248,537,1137,Shamela0008176,3442,1,843,207,24
1248,1157,1572,JK000977,1106,320,846,154,30
1248,480,628,JK000977,1109,1289,1442,118,96
1248,480,641,Shia002616Vols,808,1,169,124,92
1248,480,636,JK006897,299,547,712,124,94
1248,1424,1572,JK001284,37,763,898,107,91
1248,480,641,JK001284,177,745,909,122,90
1248,480,641,JK009242,320,94,271,126,89
1248,480,641,Shamela0012293,6019,682,831,112,83
1248,480,641,Shamela0001717,799,33,194,121,90
1248,480,641,Shamela0021744,1112,784,957,125,90
1248,480,641,Sham19Y0013614,330,1258,1405,114,88
1248,392,648,JK010001,1901,284,439,118,58
1248,480,636,JK000299,959,375,544,122,91
1248,480,641,Sham19Y0006538,476,242,410,127,94
1248,392,648,Tafsir07055,1991,346,520,133,65
1248,480,641,Shamela0011428,1081,878,1046,127,94
1248,392,636,Shamela0011428,1148,539,675,101,51
1248,480,636,Shamela0011428,1162,634,788,121,96
1248,427,1152,Shamela0021715,2941,1039,1380,191,31
1248,1456,1572,Shamela0001727,653,1,119,91,98
1248,480,641,Shamela0001727,655,1090,1258,127,94
1248,392,636,Shamela0005816,199,870,1018,111,56
1248,480,641,Sham19Y0020868,415,458,626,127,94
1248,480,641,Shamela0026568,1211,1264,1420,119,89
1248,480,641,Sham19Y0013572,1500,446,609,126,97
1248,480,641,Sham19Y0127700,222,628,802,127,91
1248,10,303,Shamela0005756,5829,181,479,225,93
1248,456,1173,Shamela0005756,6339,402,996,442,74
1248,648,1152,Sham19Y0127677,7475,781,1256,386,93
1248,480,641,JK000386,426,1027,1187,127,99
1248,480,641,JK000386,443,412,567,119,93
1248,480,641,JK000386,717,687,850,127,98
1248,480,641,Shia001663Vols,371,203,355,113,84
1248,419,1152,Shamela0001673,3481,738,1216,260,40
1248,480,641,Shamela0004473,5550,1124,1291,121,91
1248,480,641,ShamAY0033973,247,1,165,127,96
1248,480,641,Shamela0005922,1708,546,702,119,93
1248,491,641,Masaha001961Vols,1344,1,131,102,85
1248,480,641,JK000271,188,147,307,127,99
1248,480,641,Sham19Y0017903,447,1269,1437,127,94
1248,1430,1572,Sham19Y0017903,475,350,470,94,84
1248,685,955,Shia001831Vols,313,1100,1378,197,83
1248,480,641,Shamela0021713,431,1142,1309,121,91
1248,392,641,JK000201,1581,1119,1288,133,67
1248,480,641,Shamela0023685,1384,491,646,119,90
1248,1424,1572,Sham19Y0122406,1754,687,837,117,98
1248,480,641,Sham19Y0122406,1766,1009,1177,127,94
1248,480,625,Sham19Y0145212,1803,1388,1542,116,94
1248,669,829,Sham19Y0145212,1804,1210,1370,124,93
1248,480,641,Sham19Y0001734,1518,320,487,127,95
1248,480,641,Sham19Y0132524,1066,1238,1406,127,94
1248,480,641,Shamela0001875,917,990,1150,127,99
1248,480,641,Shamela0009770,650,489,656,125,92
1248,480,641,Kraken230110004547,128,224,373,112,83
1248,480,619,Shamela0036446,386,1293,1440,111,94
1248,480,641,Shamela0025800,740,1059,1233,127,91
1248,480,641,Sham19Y0017791,837,339,486,114,88
1248,485,625,Shamela0021723,548,1043,1177,106,95
1248,480,641,Sham19Y0017729,228,38,192,122,95
1248,1430,1572,Sham19Y0017729,243,175,295,94,84
1248,480,641,Shia003732Vols,4876,229,397,127,94
1248,397,753,Sham19Y0014224,692,152,297,76,28
1248,10,303,Sham19Y0014224,711,297,563,158,63
1248,485,641,ShamAY0034005,417,528,698,123,90
1248,1157,1572,Sham19Y0020638,533,1,325,164,50
1248,480,641,Sham19Y0020638,535,646,807,127,98
1248,480,636,Masaha001864Vols,1971,221,385,121,92
1248,480,641,Shamela0013129,11,570,741,127,93
1248,480,641,Sham19Y0016976,836,733,880,114,88
1248,1424,1572,Sham19Y0017616,167,606,741,107,91
1248,480,641,Sham19Y0017616,177,1047,1215,127,94
1248,392,636,Shamela0009898,207,661,810,111,56
1248,1424,1572,Shamela0023422,234,707,858,117,98
1248,480,641,JK007065,639,25,185,127,99
1248,648,1152,Sham19Y0122257,1573,818,1316,407,98
1248,697,1137,Sham19Y0014601,3071,83,488,154,30
1248,480,641,Sham19Y0014119,286,1285,1438,114,84
1248,480,641,Sham19Y0017063,572,386,531,114,88
1248,480,641,Sham19Y0148271,302,498,661,127,98
1248,480,641,Rafed0003902Vols,1717,1205,1373,127,94
1248,480,641,Shamela0008360,397,614,782,127,94
1248,480,641,Sham19Y0022884,144,809,966,125,97
1248,480,641,Shamela0021743,570,1031,1192,127,98
1248,480,641,Shamela0021743,589,1077,1246,127,94
1248,697,1137,Shamela0000791,514,796,1026,145,40
1248,843,1137,Sham19Y0013605,1760,1264,1429,103,42
1249,228,1014,Shamela0021848BK1,652,1058,1471,177,27
1249,1259,1446,Shamela0001733,1526,168,416,147,72
1249,82,879,Shamela0021495,325,752,1515,462,61
1249,819,1009,Sham19Y0017350,731,32,292,112,53
1249,280,829,Sham19Y0013769,1137,1124,1543,272,60
1249,829,1250,Sham19Y0013769,1138,1,411,247,63
1249,1286,1449,Sham19Y0148486,2785,225,386,127,96
1249,228,1014,JK000196,2862,149,557,172,26
1249,326,969,Shamela0008176,3442,952,1525,362,61
1249,1278,1449,JK000977,1106,927,1098,137,98
1249,764,1101,Shia000841Vols,3409,405,626,97,31
1249,228,736,Shamela0011444BK2,1069,754,946,93,20
1249,320,1101,Sham19Y0131521,2559,465,1517,531,60
1249,420,552,Sham19Y0131521,2582,686,830,104,90
1249,420,736,Shamela0021715,2605,1265,1442,133,50
1249,76,316,Shamela0021715,2623,216,612,172,53
1249,552,841,Shamela0021715,2942,1311,1521,164,70
1249,841,1105,Shamela0021715,2943,1,255,149,71
1249,420,1191,Sham19Y0017101,41,359,719,197,30
1249,1278,1449,Shamela0001727,653,200,374,136,96
1249,353,1255,Shamela0026568,1212,1,926,682,87
1249,552,1233,Sham19Y0017437,998,597,1521,301,32
1249,320,895,Shamela0005756,6339,1079,1555,375,80
1249,904,1101,Shamela0005756,6340,6,206,151,95
1249,1278,1449,Shia001663Vols,371,1209,1394,133,86
1249,1149,1449,Shia001663Vols,406,883,1110,160,63
1249,1278,1449,Shamela0005922,1714,878,1049,134,97
1249,291,576,Sham19Y0014309,742,1229,1480,168,65
1249,1278,1453,Sham19Y0017903,475,551,726,132,93
1249,814,987,Shia001831Vols,318,1353,1569,109,61
1249,775,1014,Shamela0021713,413,736,1350,127,25
1249,228,557,Sham19Y0014827,141,959,1282,161,56
1249,213,1127,Shamela0023685,1384,510,1512,655,78
1249,1127,1255,Shamela0023685,1385,1,129,104,100
1249,846,1449,Sham19Y0122406,1755,55,780,268,40
1249,228,1009,Shamela0003565,2724,638,1039,173,26
1249,814,1014,Shamela0001875,860,105,321,108,57
1249,420,895,ShamAY0033531,1397,928,1252,172,42
1249,326,736,ShamAY0033531,1474,780,1152,295,87
1249,814,1009,Shamela0036446,382,718,1089,113,34
1249,1278,1449,Sham19Y0017729,243,375,545,136,98
1249,280,875,Sham19Y0014224,691,848,1469,360,64
1249,875,1255,Sham19Y0014224,692,1,357,234,70
1249,1278,1449,Sham19Y0020638,533,406,580,136,96
1249,1259,1446,Shamela0003722,7051,87,335,146,72
1249,228,1014,Shamela0011468BK1,894,1,414,177,27
1249,170,341,Sham19Y0013252,3102,1096,1262,123,87
1249,1286,1449,Sham19Y0146127,1468,345,506,127,96
1249,218,1009,Shamela0021598,2585,881,1292,174,24
1249,228,1014,Shamela0021598,2794,474,887,177,27
1249,420,1244,Shamela0009242,2028,808,1288,237,32
1249,1278,1449,Sham19Y0017616,167,822,996,136,96
1249,1290,1449,Shamela0023422,234,1077,1320,127,64
1249,320,1244,Sham19Y0122257,1588,9,1117,585,57
1249,296,865,Sham19Y0014601,3071,468,974,340,69
1249,1343,1449,ShamAY0031806,1039,871,978,83,97
1249,228,1014,Shamela0009059BK2,2862,775,1184,173,26
1249,562,1244,Shamela0000791,515,379,783,291,50
1250,257,480,Rafed0003537Vols,543,1311,1493,136,75
1250,183,521,Shia001432Vols,11850,1105,1457,260,92
1250,183,450,Shia001432Vols,37723,1125,1438,203,82
1250,183,529,Shia001615Vols,3146,897,1128,155,56
1250,1135,1471,Shamela0021495,328,510,1227,234,38
1250,183,607,Sham19Y0013667,3595,802,1288,302,72
1250,1140,1311,Sham19Y0013667,3596,373,549,101,71
1250,337,521,Sham19Y0013769,1134,923,1124,139,87
1250,1135,1471,Sham19Y0013769,1134,1120,1418,218,80
1250,216,607,Sham19Y0148486,4464,965,1429,179,42
1250,183,508,Zaydiyya0000142,2072,28,798,229,36
1250,183,517,JK009390,4389,556,883,222,76
1250,183,607,JK000977,1107,486,1139,300,54
1250,257,517,Shia004020,136,311,558,185,87
1250,191,521,Shia001416,428,1,338,256,94
1250,183,508,Shia000153Vols,1439,855,1163,228,85
1250,183,517,JK010001,1893,1106,1426,248,90
1250,216,963,Shia000841Vols,3397,363,1167,329,43
1250,1140,1370,Tafsir07055,1982,1077,1282,148,79
1250,183,659,Tafsir07055,1983,432,958,326,71
1250,183,607,JK007128,84,852,1224,292,85
1250,183,607,Shamela0001727,653,870,1351,312,76
1250,801,963,Shamela0001727,661,821,1196,106,34
1250,251,521,Shia000234Vols,9699,1,276,208,94
1250,183,383,Sham19Y0013572,124,1255,1459,156,96
1250,383,716,Sham19Y0013572,125,1,336,194,62
1250,313,746,Sham19Y0013572,1455,684,1031,247,69
1250,341,521,Rafed0000040Vols,1708,1,147,110,73
1250,1140,1285,Shamela0005756,5836,1344,1502,92,75
1250,183,498,Sham19Y0127677,3467,574,886,231,90
1250,183,716,JK000386,427,742,1215,325,75
1250,183,716,Shamela0011385,2370,677,1332,332,59
1250,293,607,Shia001663Vols,375,945,1230,207,80
1250,1135,1471,Shia001663Vols,400,1015,1350,267,99
1250,216,607,Shia001663Vols,423,676,1289,203,36
1250,1140,1370,Shamela0001673,3201,889,1094,148,79
1250,183,716,Shamela0012884,529,580,1044,280,60
1250,183,539,Shia004038,163,1180,1513,250,87
1250,337,517,Shia000317Vols,10841,1,219,144,82
1250,939,1311,Sham19Y0013253,413,503,885,146,47
1250,187,607,Sham19Y0013253,413,374,702,204,54
1250,1211,1360,Shia001831Vols,314,99,240,102,84
1250,349,716,Sham19Y0014827,141,160,446,139,44
1250,308,774,Sham19Y0014827,153,810,1188,163,40
1250,216,517,Shia002218Vols,218,485,786,181,70
1250,183,517,Rafed0003150Vols,199,486,797,237,85
1250,293,521,Rafed0003150Vols,538,1000,1224,158,80
1250,183,475,Shamela0007370,1212,1202,1472,202,85
1250,1135,1311,Sham19Y0122406,1756,1010,1190,104,71
1250,183,742,Sham19Y0122406,1756,252,895,326,60
1250,612,1453,Sham19Y0122406,1757,23,877,393,43
1250,801,963,Sham19Y0122406,1788,942,1317,106,34
1250,183,517,Shia002265Vols,5535,805,1102,223,84
1250,183,607,Shamela0006227,434,951,1436,287,69
1250,341,521,Shia004024,59,1,194,142,92
1250,183,517,Sham19Y0001734,1513,161,512,243,83
1250,183,408,Sham19Y0132524,1058,996,1236,176,92
1250,303,939,Sham19Y0132524,1059,959,1154,143,27
1250,183,517,Shamela0001438,5132,177,492,238,89
1250,183,490,Kraken230110004547,109,1169,1450,214,84
1250,264,607,Shia003461Vols,398,1,566,244,53
1250,183,517,Sham19Y0018144,1050,166,588,253,74
1250,183,517,Shamela0036446,379,64,385,250,91
1250,183,607,Shamela0025800,607,1007,1405,302,84
1250,1135,1471,Sham19Y0014224,688,143,443,224,82
1250,375,521,Sham19Y0014224,688,1,147,114,97
1250,165,517,Shia001368,350,200,540,256,89
1250,147,737,Sham19Y0020638,533,698,1248,321,57
1250,183,579,Zaydiyya0000161,175,135,528,263,79
1250,801,1079,Zaydiyya0000161,178,169,613,98,24
1250,178,517,Zaydiyya0000161,185,264,547,220,80
1250,183,716,Sham19Y0016555,156,652,1170,301,62
1250,216,716,Sham19Y0016555,218,142,974,279,39
1250,216,716,Sham19Y0146127,2400,597,1067,200,43
1250,746,963,Sham19Y0017616,168,182,424,93,42
1250,274,680,Shia002406Vols,517,1,321,194,55
1250,332,508,Shia002406Vols,1569,1105,1261,111,76
1250,165,517,Rafed0000167,41,596,872,208,73
1250,257,443,Zaydiyya0000258,118,1302,1457,117,77
1250,183,394,Shamela0023422,235,1035,1247,143,85
1250,317,466,Shamela0023422,236,5,207,112,67
1250,196,659,JK007065,57,1,476,331,85
1250,183,742,JK007065,613,612,1236,348,63
1250,183,357,Shamela0009391,14,1273,1463,130,83
1250,313,552,Shamela0009391,15,22,232,131,63
1250,183,517,Shamela0037834,76,843,1186,258,92
1250,183,517,Shia004014Vols,163,1065,1365,221,82
1250,1127,1471,Shamela0000791,513,977,1324,251,88
1251,14,711,Shamela0021495,328,811,1458,502,88
1251,14,121,Sham19Y0013769,1134,1418,1530,86,95
1251,799,1065,Shamela0000963,2154,1,215,144,69
1251,833,1065,Shamela0000963,2730,1,204,128,69
1251,1069,1386,Sham19Y0017747,987,905,1199,205,81
1251,1096,1395,Shamela0021590,729,893,1133,179,72
1251,788,1065,Shamela0026568,1212,1044,1259,157,69
1251,185,340,Rafed0000040Vols,27,1099,1262,109,81
1251,788,1065,Shamela0021599,2720,383,615,151,67
1251,14,168,Shia001663Vols,400,1353,1507,124,100
1251,168,610,Shia001663Vols,401,1,442,355,99
1251,185,344,Shamela0001673,3482,116,288,117,82
1251,437,682,Sham19Y0014309,725,1210,1450,170,84
1251,412,711,Sham19Y0147104,1822,32,315,214,88
1251,1069,1395,Shia001831Vols,314,294,552,194,75
1251,58,444,JK000201,1484,87,423,198,60
1251,788,1065,Shamela0023685,1385,242,457,157,69
1251,25,444,Sham19Y0122406,1757,895,1342,262,68
1251,1225,1484,Sham19Y0122406,1758,1120,1410,175,68
1251,1074,1395,ShamAY0033531,1466,436,755,237,90
1251,804,985,Sham19Y0014224,687,589,767,138,95
1251,1,173,Sham19Y0014224,688,443,628,137,91
1251,189,340,Zaydiyya0000161,173,248,402,115,90
1251,799,1065,Shamela0009873,1634,457,682,146,69
1251,1069,1346,Masaha001946Vols,849,1276,1463,131,56
1251,42,444,Shamela0000551,1340,140,471,196,58
1251,1040,1265,Sham19Y0122257,1567,1227,1520,128,47
1251,14,121,Shamela0000791,513,1328,1435,86,100
1251,121,711,Shamela0000791,514,1,594,468,96
1252,1,618,Sham19Y0020944,410,782,1381,311,49
1252,1,232,JK007083,131,1183,1429,179,93
1252,6,544,Shamela0006025,272,237,688,231,44
1252,1,614,Shia001432Vols,8877,83,725,288,42
1252,14,618,Shia001432Vols,8895,40,587,300,50
1252,1,618,Shia001432Vols,11852,270,855,317,51
1252,1,371,Shia001432Vols,17263,990,1371,259,80
1252,1,221,Sham19Y0013667,3571,1233,1452,169,98
1252,221,371,Sham19Y0013667,3572,1,151,118,98
1252,1,248,Sham19Y0148486,2796,1219,1489,192,91
1252,253,614,Sham19Y0148486,2797,6,401,121,25
1252,1,614,Shamela0008176,3458,961,1506,284,45
1252,1,614,Sham19Y0122397,250,495,1007,286,48
1252,1,614,JK000977,1108,520,1144,312,47
1252,1,253,JK006897,297,1216,1468,195,99
1252,253,614,JK006897,298,1,378,127,27
1252,53,614,Shamela0021744,1111,1,581,282,46
1252,1,371,ShamAY0034447,1212,1055,1443,289,94
1252,1,371,JK000299,957,1111,1497,288,95
1252,1,167,Zaydiyya0000353,48,1345,1514,126,95
1252,167,614,Zaydiyya0000353,49,1,316,148,32
1252,1,614,Shamela0011428,1080,115,593,290,51
1252,1,614,Sham19Y0131521,2679,186,856,311,45
1252,14,176,Sham19Y0131521,2684,523,1251,124,21
1252,693,830,Sham19Y0131521,2684,1366,1497,103,95
1252,1,614,Shamela0001727,654,254,885,322,49
1252,1,232,Shamela0010695,199,127,332,108,48
1252,1,371,JK006838,1263,570,966,270,84
1252,239,371,JK000786,560,598,727,100,93
1252,6,618,JK000786,1405,454,1011,308,53
1252,1,335,Sham19Y0013572,1498,1107,1439,254,97
1252,1,618,Shamela0009810,1154,850,1414,304,50
1252,1,618,Sham19Y0127677,9402,161,792,321,49
1252,1,102,Sham19Y0127677,13095,480,598,78,85
1252,1,614,Sham19Y0127677,13096,98,582,272,47
1252,1,614,ShamAY0033973,245,642,1118,285,50
1252,1,614,Shia001334,374,815,1455,287,42
1252,1,108,Shia001731Vols,656,1311,1437,83,84
1252,108,614,Shia001731Vols,657,1,510,223,39
1252,1,217,Shamela0117359,480,1228,1467,168,90
1252,217,614,Shamela0117359,481,1,431,144,28
1252,6,221,Shamela0005922,1706,1261,1476,167,100
1252,221,618,Shamela0005922,1707,1,334,146,34
1252,6,618,JK000271,186,828,1383,308,52
1252,1,138,Shamela0007435,486,770,908,105,97
1252,1,371,Sham19Y0122406,1758,732,1103,290,99
1252,1,232,Sham19Y0122406,1759,64,352,70,24
1252,1,371,Sham19Y0001734,1516,944,1332,280,89
1252,1,232,Shamela0021735,324,1044,1245,107,47
1252,97,614,Sham19Y0132524,1062,92,625,247,43
1252,1,614,Shamela0001875,916,219,847,321,49
1252,393,1350,ShamAY0033531,1466,751,1406,519,67
1252,1,371,Kraken230110004547,126,994,1367,288,98
1252,1,122,Sham19Y0018144,1075,1018,1156,94,87
1252,6,614,Sham19Y0018144,1099,130,803,306,44
1252,1,614,Shamela0036446,385,683,1148,276,48
1252,1,618,Sham19Y0036114,377,67,673,291,46
1252,6,614,Shamela0025800,739,247,870,316,49
1252,1,371,Shia003732Vols,4872,1035,1404,290,99
1252,1,614,ShamAY0034005,1421,279,906,312,48
1252,127,614,Sham19Y0020638,534,1,503,223,40
1252,1,614,Masaha001864Vols,1969,847,1349,283,48
1252,1,232,Shamela0013129,9,1355,1586,179,100
1252,232,614,Shamela0013129,10,1,399,143,30
1252,1,342,Sham19Y0020591,684,502,891,264,86
1252,1,232,Shamela0021751,7024,209,411,107,47
1252,1,285,Masaha001946Vols,835,1228,1516,219,97
1252,437,1013,Masaha001946Vols,836,699,1110,225,45
1252,6,367,Sham19Y0146127,1474,991,1390,268,85
1252,1,614,Sham19Y0017616,176,188,833,322,48
1252,1,614,JK007065,637,649,1268,311,48
1252,1,176,Sham19Y0014601,3062,126,318,136,91
1252,1,278,Sham19Y0014601,3062,649,1064,211,65
1252,1,253,Sham19Y0148271,300,1202,1450,190,96
1252,253,614,Sham19Y0148271,301,1,225,95,25
1252,1,362,Rafed0003902Vols,4909,817,1255,283,82
1252,1,614,Shamela0021743,569,144,768,318,49
1252,1,196,Shia001913Vols,479,1097,1307,144,88
1253,675,1315,Sham19Y0020944,410,1164,1433,173,35
1253,675,1334,JK007083,132,103,398,188,36
1253,814,1329,Shamela0004445,2272,1210,1448,146,36
1253,807,1408,Shamela0006025,272,593,897,181,39
1253,675,1334,Shia001432Vols,8877,430,725,183,36
1253,807,1334,Shia001432Vols,8895,404,658,159,39
1253,675,1334,Shia001432Vols,11852,631,926,181,35
1253,807,1334,Shia001432Vols,32783,383,637,161,40
1253,675,1319,Sham19Y0013667,3572,115,375,147,29
1253,1334,1610,Sham19Y0013769,1166,836,1473,133,24
1253,908,1423,Sham19Y0145166,505,93,391,138,30
1253,675,1408,Sham19Y0148486,2797,113,451,210,37
1253,675,940,Shamela0008176,3458,1367,1519,93,44
1253,807,1334,Sham19Y0017747,989,372,780,321,73
1253,777,1021,Sham19Y0122397,250,882,1067,114,61
1253,675,1334,JK000977,1108,849,1144,188,36
1253,675,1334,JK006897,298,83,378,188,36
1253,807,1419,JK001284,13,409,778,179,35
1253,807,1044,JK001284,109,1282,1466,129,69
1253,1285,1473,JK001284,110,18,220,61,27
1253,807,1044,JK009242,318,1258,1418,120,65
1253,826,1334,Shamela0012293,6018,310,550,147,35
1253,895,1334,Shamela0012293,6021,1132,1318,129,38
1253,903,1334,Shamela0001717,797,1280,1462,120,35
1253,831,1408,Shamela0010437,168,731,1109,129,22
1253,675,1334,Shamela0021744,1111,286,581,188,36
1253,807,1044,ShamAY0034447,1213,855,1039,126,68
1253,895,1334,JK000299,958,21,207,129,38
1253,807,1334,Zaydiyya0000353,49,212,434,127,30
1253,675,1473,Shamela0011428,1080,452,1167,175,18
1253,675,1408,Sham19Y0131521,2679,568,906,210,37
1253,67,581,Sham19Y0131521,2685,610,1038,273,57
1253,675,976,Sham19Y0131521,2686,851,1435,193,39
1253,981,1280,Sham19Y0131521,2687,610,900,199,76
1253,675,1334,Shamela0001727,654,588,885,188,37
1253,807,1334,Shamela0010695,199,347,593,167,41
1253,807,1315,JK006838,1263,971,1149,93,24
1253,817,1334,Shamela0008477,182,1,245,158,39
1253,831,1334,Sham19Y0122401,865,1045,1279,149,39
1253,908,1334,Shamela0026568,1191,1234,1403,116,35
1253,675,1334,JK000786,1405,782,1082,183,35
1253,675,1334,Sham19Y0013572,1499,1,291,187,36
1253,895,1334,Sham19Y0127700,221,194,386,128,37
1253,807,1044,Shamela0009810,1154,1233,1414,126,68
1253,675,1044,Sham19Y0127677,9402,568,792,148,51
1253,912,1408,Shamela0001673,6434,1,251,128,32
1253,807,1408,Shamela0012884,552,179,463,187,40
1253,675,1334,ShamAY0033973,245,977,1253,173,33
1253,675,1334,Shia001334,374,1160,1455,183,36
1253,814,1408,Shamela0011816,167,1087,1424,137,24
1253,807,1334,Shia001731Vols,657,258,510,166,40
1253,675,1408,Shamela0117359,481,143,481,210,37
1253,675,1473,Shamela0005922,1707,118,852,187,20
1253,879,1334,Masaha001961Vols,1342,924,1109,120,34
1253,675,1324,JK000271,186,1159,1444,180,35
1253,831,1334,Sham19Y0017903,446,844,1119,146,36
1253,814,1408,Shamela0022547,1643,234,568,134,23
1253,51,991,Shia001831Vols,314,565,936,210,27
1253,831,1473,Shamela0023685,1364,190,886,164,22
1253,895,1334,ShamIbadiyya0000482,164,1195,1381,129,38
1253,807,1334,Sham19Y0122406,1759,799,1053,166,40
1253,895,1044,Sham19Y0122406,1760,11,183,100,72
1253,1285,1605,Sham19Y0122406,1761,241,629,169,50
1253,814,1473,Shamela0010765,462,139,576,198,34
1253,895,1040,JK009237,1564,706,813,80,71
1253,931,1408,Shia001989,117,1,201,123,33
1253,912,1334,Sham19Y0001734,1517,1,169,115,35
1253,675,1334,Sham19Y0132524,1062,330,625,188,36
1253,675,1473,Shamela0001875,916,552,1296,190,20
1253,814,1473,Shia002003Vols,1007,84,523,201,35
1253,169,1516,ShamAY0033531,1467,1,1614,826,54
1253,895,1315,Kraken230110004547,127,6,135,84,26
1253,807,1408,Sham19Y0018144,1099,547,853,188,40
1253,675,1008,Shamela0036446,385,1012,1195,118,45
1253,675,1334,Sham19Y0036114,377,450,744,185,35
1253,675,1334,Shamela0025800,739,578,870,187,36
1253,831,1334,Sham19Y0017729,226,1058,1334,146,36
1253,895,1334,Shia003732Vols,4873,21,207,129,38
1253,1334,1610,Sham19Y0014224,709,901,1171,151,61
1253,675,1334,ShamAY0034005,1421,612,906,190,37
1253,675,1334,Sham19Y0020638,534,208,503,188,36
1253,675,1025,Masaha001864Vols,1969,1208,1413,133,49
1253,1285,1473,Masaha001864Vols,1970,42,539,86,22
1253,675,1334,Shamela0013129,10,104,399,188,36
1253,814,1408,Sham19Y0020591,685,1,300,182,40
1253,807,1334,Shamela0021751,7024,427,682,165,40
1253,691,1040,Masaha001946Vols,837,20,324,200,68
1253,1223,1579,Masaha001946Vols,837,1013,1343,248,83
1253,895,1315,Sham19Y0146127,1475,13,161,99,30
1253,675,1334,Sham19Y0017616,176,538,833,188,36
1253,675,1334,JK007065,637,978,1268,187,36
1253,821,1408,JK001117,11,878,1282,117,19
1253,67,1044,Sham19Y0014601,3063,6,916,630,73
1253,675,1334,Sham19Y0148271,301,84,360,173,33
1253,807,1334,Shamela0010803,238,829,1063,165,40
1253,935,1334,Rafed0003902Vols,4910,1,141,97,30
1253,675,1334,Shamela0021743,569,473,768,188,36
1253,807,1008,Shia001913Vols,479,1312,1459,97,62
1254,451,1378,Sham19Y0013667,3576,634,1572,605,73
1254,589,1603,Sham19Y0017747,990,1,914,665,78
1254,183,334,ShamIbadiyya0000771,219,1101,1258,120,94
1254,187,302,Sham19Y0127677,6091,910,1025,92,100
1254,570,724,Sham19Y0013253,412,1317,1475,119,93
1254,183,665,Shia001831Vols,314,967,1447,195,35
1254,930,1598,Shamela0000140,1150,5,560,429,77
1254,1110,1470,Sham19Y0122406,1407,664,1085,242,64
1254,570,805,Sham19Y0122406,1761,1328,1550,155,79
1254,805,1577,Sham19Y0122406,1762,1,743,500,76
1254,1232,1434,Sham19Y0132524,1063,486,674,146,85
1254,78,700,ShamAY0033531,1468,490,1013,291,51
1254,1232,1581,ShamAY0033531,1511,56,277,153,55
1254,187,323,Sham19Y0013631,1089,254,384,102,94
1254,183,302,Sham19Y0020638,1689,999,1114,92,96
1254,78,285,Masaha001946Vols,837,1357,1522,98,53
1254,285,657,Masaha001946Vols,838,1,512,164,33
1254,1167,1492,Masaha001946Vols,838,402,607,141,50
1254,1232,1593,Shamela0009242,2153,737,970,157,54
1254,183,334,Sham19Y0017616,583,467,613,117,96
1254,240,708,Sham19Y0122257,1569,1,382,170,36
1254,183,323,Rafed0003902Vols,4910,301,440,111,99
1255,931,1136,Sham19Y0020944,411,519,735,163,94
1255,931,1136,JK007083,132,849,1065,163,94
1255,295,1136,ShamAY0034441,446,739,1088,177,24
1255,295,1136,Shia001432Vols,8895,938,1322,207,29
1255,295,1036,Shia001432Vols,11852,1187,1473,146,25
1255,295,1136,Sham19Y0013667,3572,641,1006,193,27
1255,936,1136,Shamela0000767,1623,440,651,155,92
1255,931,1136,Sham19Y0148486,2797,901,1117,163,94
1255,936,1438,Sham19Y0019188,1386,40,352,177,39
1255,961,1221,Shamela0008176,3434,959,1197,152,71
1255,1243,1453,Sham19Y0017747,991,884,1051,129,74
1255,690,1136,Sham19Y0122397,251,42,298,159,43
1255,931,1136,JK000977,1109,155,365,162,97
1255,1015,1132,JK006897,265,1128,1251,93,95
1255,295,1136,JK006897,298,654,1046,213,29
1255,936,1096,JK001284,232,401,566,126,96
1255,295,1136,Shamela0012293,6018,826,1199,197,27
1255,295,1136,Shamela0001717,798,182,554,212,30
1255,1276,1412,Shamela0001717,812,220,368,103,80
1255,931,1136,Shamela0021744,1111,1061,1277,160,91
1255,1096,1537,Sham19Y0132974,68,47,349,162,39
1255,931,1091,JK010001,2057,90,243,117,88
1255,936,1136,Shia000841Vols,3406,439,653,158,92
1255,295,1136,JK000299,958,500,892,210,29
1255,931,1136,Zaydiyya0000353,49,878,1121,163,84
1255,931,1125,Tafsir07055,2155,542,805,145,69
1255,295,1136,Shamela0011428,1080,994,1382,213,29
1255,997,1136,Sham19Y0131521,2680,1,146,110,95
1255,1045,1537,Sham19Y0131521,2691,188,689,257,53
1255,1246,1453,Shamela0021590,730,246,431,146,85
1255,295,1026,Shamela0001727,654,1161,1437,140,24
1255,1026,1136,Shamela0001727,655,1,117,87,94
1255,931,1136,Shamela0010695,199,1035,1241,159,94
1255,690,1136,JK006838,1264,23,173,86,22
1255,690,1136,JK000786,1406,46,323,189,50
1255,295,1136,Sham19Y0013572,1499,569,961,212,29
1255,295,1136,Sham19Y0127700,221,662,1055,213,29
1255,1015,1537,Sham19Y0127700,463,1108,1460,212,47
1255,690,1136,Shamela0009810,1155,439,714,190,51
1255,936,1537,Sham19Y0023644,1427,132,509,225,44
1255,931,1091,JK000386,478,442,608,123,90
1255,936,1537,Shamela0000894,1263,259,498,143,28
1255,931,1136,Shamela0012884,552,690,905,158,92
1255,295,1132,ShamAY0033973,246,110,498,210,29
1255,690,1136,Shia001731Vols,657,919,1194,190,51
1255,936,1136,Shamela0117359,481,965,1176,159,94
1255,295,1136,Shamela0005922,1707,679,1064,207,29
1255,690,1136,JK000271,187,400,669,182,49
1255,690,1136,Sham19Y0017903,447,81,351,189,51
1255,1015,1136,Shamela0022547,1643,501,624,92,91
1255,1015,1136,Sham19Y0020878,2726,627,749,93,95
1255,199,1545,Shia001831Vols,315,1,500,341,31
1255,931,1115,Shamela0021713,390,1306,1449,110,73
1255,295,1020,Sham19Y0122406,1761,983,1253,135,23
1255,782,1550,Sham19Y0122406,1763,499,1035,331,49
1255,1096,1424,Sham19Y0018607,671,439,675,129,47
1255,696,1136,Shamela0010765,462,526,707,129,35
1255,1015,1136,Shamela0010765,480,413,536,91,90
1255,295,1101,JK009237,1564,1170,1514,182,26
1255,690,1136,Shia001989,117,598,886,191,50
1255,690,1136,Sham19Y0001734,1517,563,839,186,49
1255,931,1136,Shamela0021735,325,546,757,163,97
1255,295,1136,Sham19Y0132524,1063,53,445,213,29
1255,806,1063,Shamela0001875,840,1185,1429,124,60
1255,295,1082,Shamela0001875,916,1123,1452,170,25
1255,1015,1136,Shia002003Vols,1007,537,660,92,91
1255,295,1132,Shamela0009770,649,618,962,177,25
1255,936,1537,ShamAY0033531,1417,1083,1481,112,16
1255,5,768,ShamAY0033531,1468,904,1607,562,90
1255,1045,1559,ShamAY0033531,1469,317,795,355,86
1255,295,1136,Kraken230110004547,127,382,726,178,25
1255,295,1132,Shamela0036446,386,68,436,193,27
1255,295,1136,Sham19Y0036114,377,1019,1378,202,28
1255,295,1045,Shamela0025800,739,1143,1438,155,26
1255,295,1136,Sham19Y0017729,227,182,565,212,30
1255,295,1136,Shia003732Vols,4873,483,869,213,30
1255,931,1120,ShamAY0034005,1421,1209,1403,146,95
1255,295,1136,Sham19Y0020638,534,780,1172,213,29
1255,295,1136,Masaha001864Vols,1970,369,755,209,31
1255,295,1136,Shamela0013129,10,677,1069,213,29
1255,936,1136,Sham19Y0020591,685,1240,1451,159,94
1255,931,1132,Shamela0021751,7024,1127,1323,152,91
1255,295,1125,Masaha001946Vols,837,687,1185,111,12
1255,169,1136,Masaha001946Vols,838,631,1219,405,51
1255,1015,1537,Masaha001946Vols,839,97,372,172,39
1255,936,1412,Shamela0008463,1478,70,345,163,37
1255,931,1136,Sham19Y0146127,1475,603,780,133,76
1255,295,1045,Sham19Y0017616,176,1129,1424,155,26
1255,1026,1132,Sham19Y0013241,929,282,400,83,88
1255,295,1136,JK007065,638,140,528,205,29
1255,690,1136,Sham19Y0014601,3065,942,1332,188,44
1255,295,1136,Sham19Y0148271,301,637,1011,197,27
1255,690,1136,Rafed0003902Vols,1717,1,270,182,51
1255,931,1053,Sham19Y0022884,154,1125,1247,89,83
1255,295,1136,Shamela0021743,569,1041,1427,206,28
1256,144,631,Sham19Y0017747,991,1057,1511,296,70
1256,1327,1524,Sham19Y0017747,992,18,257,132,67
1256,126,819,Sham19Y0131521,2692,88,552,264,42
1256,730,891,Shamela0005756,5971,845,1152,95,37
1256,542,938,ShamIbadiyya0000433,612,197,484,186,59
1256,281,516,ShamAY0033531,1469,1365,1505,108,57
1256,516,1524,ShamAY0033531,1470,1,571,403,50
1256,532,786,Shamela0009242,2095,1214,1497,181,79
1256,786,938,Shamela0009242,2096,1,154,119,98
1256,701,1524,Sham19Y0122257,1570,124,398,212,31
1256,12,578,Sham19Y0017063,574,1032,1239,107,23
1256,7,538,Rafed0003902Vols,1717,254,399,97,23
1257,782,900,JK007083,132,1262,1379,92,99
1257,782,900,Zaydiyya0000072,66,281,404,93,95
1257,1188,1504,Shamela0008176,3436,432,621,134,52
1257,1,1124,Sham19Y0017747,992,257,1210,539,52
1257,782,900,JK000977,1109,551,670,93,99
1257,782,900,JK006897,298,1257,1375,93,100
1257,782,900,Shamela0021744,1112,12,143,87,85
1257,782,1188,ShamAY0034447,1278,568,989,122,25
1257,782,900,Shia000841Vols,3752,365,483,93,100
1257,782,900,JK000299,958,1090,1213,88,91
1257,782,900,JK000786,1406,509,628,93,99
1257,782,900,Sham19Y0013572,1499,1159,1279,93,98
1257,782,900,Sham19Y0127700,221,1347,1465,93,98
1257,782,900,Sham19Y0127677,13094,1157,1275,93,100
1257,782,900,ShamAY0033973,246,694,813,93,99
1257,782,900,JK000271,187,854,976,88,92
1257,782,900,Sham19Y0017903,447,533,651,89,90
1257,1296,1504,Shia001831Vols,315,450,641,130,75
1257,1341,1504,JK000201,1525,353,515,126,99
1257,782,1188,JK000201,1525,224,622,138,30
1257,782,900,Sham19Y0122406,1764,1172,1291,93,99
1257,782,900,Sham19Y0001734,1517,1028,1150,93,96
1257,782,900,Shamela0021735,325,960,1091,92,89
1257,782,900,Shamela0001875,917,241,360,93,99
1257,1,847,ShamAY0033531,1470,571,1398,535,66
1257,782,1504,ShamAY0033531,1471,133,806,511,88
1257,216,516,Sham19Y0019230,112,1222,1457,96,39
1257,782,900,Shamela0036446,386,616,735,93,99
1257,782,900,Sham19Y0036114,378,147,279,90,85
1257,782,900,Shamela0025800,740,304,423,93,99
1257,782,900,Sham19Y0017729,227,750,868,93,100
1257,782,900,ShamAY0034005,468,1295,1414,93,99
1257,782,879,Sham19Y0020638,534,1357,1454,76,100
1257,782,900,Masaha001946Vols,838,1405,1523,93,100
1257,1309,1504,Masaha001946Vols,839,908,1182,137,64
1257,782,900,Sham19Y0017616,177,300,419,93,99
1257,824,1392,Sham19Y0014601,3067,1015,1419,295,63
1257,782,900,Sham19Y0148271,301,1215,1333,93,98
1257,782,900,Shamela0010803,239,29,147,93,100
1257,782,900,Rafed0003902Vols,1717,521,640,93,99
1257,782,1341,Sham19Y0014325,2384,393,1135,206,27
1257,782,900,Shamela0021743,570,194,324,87,84
1258,490,787,JK007083,133,1,296,227,97
1258,129,802,Shamela0004445,2294,994,1395,291,54
1258,425,780,ShamAY0034441,454,233,621,256,83
1258,420,725,JK001012,183,469,763,229,94
1258,428,780,JK001012,225,1,350,269,97
1258,1,780,Shia001432Vols,8896,88,552,351,57
1258,1,787,Shia001432Vols,11853,323,797,343,55
1258,78,561,Sham19Y0013667,3572,1290,1488,144,37
1258,129,769,Shamela0000767,1601,1040,1417,289,56
1258,473,780,Shamela0006610,562,166,475,241,99
1258,1,787,Zaydiyya0000072,66,317,793,345,55
1258,1,666,Sham19Y0019188,1526,1050,1429,234,45
1258,88,692,Shamela0008176,3428,1162,1491,245,51
1258,1,154,Shamela0008176,3436,621,787,118,89
1258,129,780,Sham19Y0017747,988,118,470,267,52
1258,893,1359,Sham19Y0017747,993,336,899,313,67
1258,1,780,JK000977,1109,587,1052,341,55
1258,493,787,JK006897,299,1,305,228,96
1258,425,757,JK001284,32,1121,1454,257,98
1258,7,780,JK009242,319,771,1323,239,30
1258,78,787,Shamela0012293,6019,18,442,318,56
1258,425,780,Shamela0001717,798,898,1256,270,95
1258,7,787,Shamela0021744,1112,58,550,338,53
1258,525,787,Shamela0021744,1189,1229,1516,189,84
1258,78,780,Sham19Y0013614,330,580,1013,324,57
1258,435,762,ShamAY0034447,1280,522,1133,243,50
1258,7,647,JK000299,958,1136,1463,234,45
1258,7,787,Shamela0011428,1081,173,639,340,55
1258,129,637,Shamela0021590,724,1310,1546,172,42
1258,1,787,Shamela0001727,655,372,850,345,54
1258,1,787,Shamela0010695,200,8,485,343,55
1258,425,780,Shamela0031457,52,518,904,254,83
1258,129,780,Sham19Y0017757,98,903,1256,272,53
1258,425,762,ShamAY0034263,190,864,1194,256,96
1258,1,787,JK000786,1406,545,1005,328,52
1258,1,581,Sham19Y0013572,1499,1195,1462,188,40
1258,1,787,JK001236,190,833,1320,345,54
1258,136,787,Sham19Y0127700,222,1,386,293,56
1258,1,569,Sham19Y0127677,13094,1193,1457,178,38
1258,16,780,JK000386,717,1,449,330,54
1258,1,780,ShamAY0033973,246,730,1206,339,54
1258,482,787,Shamela0005922,1708,1,308,237,98
1258,1,780,Masaha001961Vols,1343,625,1196,324,44
1258,7,787,JK000271,187,900,1361,329,52
1258,666,1159,ShamIbadiyya0000433,613,967,1412,155,28
1258,78,576,ShamIbadiyya0000433,616,1171,1390,157,38
1258,1,780,Sham19Y0017903,447,569,1028,339,54
1258,7,787,Shamela0023685,1383,321,874,363,56
1258,129,702,ShamIbadiyya0000482,173,110,419,237,52
1258,425,762,Sham19Y0013785,266,1103,1324,162,61
1258,1,513,Sham19Y0122406,1764,1208,1404,133,32
1258,513,787,Sham19Y0122406,1765,783,1059,212,98
1258,88,780,Sham19Y0145212,1802,595,1084,321,53
1258,1,787,JK009237,1565,256,725,343,55
1258,1,702,Sham19Y0001734,1517,1064,1459,280,49
1258,1,757,Shamela0021735,325,996,1466,320,52
1258,1,787,Shamela0001875,917,277,752,345,55
1258,425,762,Shamela0021693,611,725,954,163,60
1258,469,780,Shamela0009770,650,1,250,191,75
1258,1,1032,ShamAY0033531,1471,806,1439,459,54
1258,1032,1148,ShamAY0033531,1472,1,123,85,88
1258,78,787,Kraken230110004547,127,985,1411,316,56
1258,425,787,Sham19Y0019230,757,936,1307,281,97
1258,1,780,Shamela0036446,386,652,1112,339,54
1258,1,787,Sham19Y0036114,378,187,661,322,51
1258,1,787,Shamela0025800,740,340,815,342,54
1258,78,692,Sham19Y0017791,836,1148,1493,262,53
1258,1,780,Sham19Y0017729,227,786,1249,342,55
1258,257,762,Shia003732Vols,3642,586,1008,263,61
1258,1,787,Shia003732Vols,4875,964,1460,345,54
1258,445,780,ShamAY0034005,469,1,350,262,95
1258,425,780,Zaydiyya0000570BK3,1049,1249,1529,208,70
1258,88,780,Sham19Y0020638,535,1,402,314,57
1258,7,780,Masaha001864Vols,1970,987,1440,330,52
1258,460,787,Shamela0013129,11,1,330,254,98
1258,425,787,ShamAY0034274,435,633,997,274,95
1258,547,780,Masaha001946Vols,840,555,793,182,97
1258,530,787,Sham19Y0013784,158,598,793,145,69
1258,537,762,Sham19Y0016772,1514,1219,1441,169,95
1258,1,762,Shamela0008463,1570,488,974,310,49
1258,64,787,Masaha004387Vols,334,675,1134,329,55
1258,78,780,Sham19Y0016976,836,50,488,329,58
1258,1,787,Sham19Y0017616,177,336,808,345,55
1258,7,780,ShamAY0034434,226,835,1308,310,49
1258,551,762,Shamela0021843,1244,232,439,162,98
1258,411,780,Sham19Y0023625,1633,232,594,266,91
1258,1,780,JK007065,638,769,1239,334,53
1258,490,1054,Sham19Y0122257,1570,803,1379,211,37
1258,78,780,Sham19Y0014119,286,549,1005,329,57
1258,78,682,Sham19Y0017063,571,1138,1473,254,52
1258,525,780,Sham19Y0148271,302,1,264,200,96
1258,1,780,Shamela0010803,239,65,529,338,54
1258,432,787,Rafed0003902Vols,468,52,417,266,93
1258,1,780,Rafed0003902Vols,1717,557,1028,342,54
1258,129,787,Shamela0022644,1668,908,1278,273,51
1258,451,780,Shamela0008360,397,1,336,258,98
1258,88,780,Sham19Y0022884,155,20,409,292,53
1258,7,780,Shamela0021743,570,240,718,328,51
1258,542,762,Shamela0021743,582,405,631,171,96
1258,7,547,Shamela0000791,532,879,1502,262,44
1259,481,786,Shamela0006610,562,457,763,119,38
1259,1,476,Sham19Y0017747,993,939,1523,335,66
1259,488,1529,Sham19Y0017747,994,453,1106,374,44
1259,481,828,Shia000841Vols,3769,448,748,127,49
1259,261,463,Sham19Y0131521,2697,730,1000,155,69
1259,1341,1536,Sham19Y0131521,2699,1094,1284,152,97
1259,280,828,Shamela0021590,727,297,817,235,46
1259,941,1341,Sham19Y0014309,2692,170,538,259,77
1259,367,859,Shia001831Vols,315,868,1280,258,61
1259,786,1341,JK000201,1519,1008,1425,285,62
1259,983,1441,ShamAY0033531,1472,1084,1535,337,87
1259,1,476,ShamAY0033531,1472,141,633,251,55
1259,1,562,Masaha001946Vols,840,361,860,206,34
1259,709,1116,Masaha001946Vols,841,1,382,236,70
1259,481,684,Sham19Y0013784,158,767,1048,85,29
1259,224,1413,Shamela0009242,2117,1,1156,795,75
1259,280,562,Sham19Y0122257,1571,899,1189,130,45
1259,1336,1536,Shamela0000791,533,486,684,134,82
1259,280,543,Shamela0000791,533,123,399,181,77
1260,335,988,Sham19Y0020944,412,388,1223,219,25
1260,335,988,JK007083,133,536,1308,216,26
1260,335,731,Shia001432Vols,11853,1036,1460,150,34
1260,522,731,Sham19Y0145435,5357,1270,1467,96,54
1260,335,824,Sham19Y0013667,3573,468,1007,156,30
1260,335,988,Shamela0000767,1602,184,702,184,26
1260,335,843,Sham19Y0148486,2798,744,1421,176,24
1260,527,843,Shamela0008176,3444,667,936,118,39
1260,335,988,JK006897,299,547,1292,240,33
1260,522,731,JK001284,40,985,1153,97,58
1260,335,988,JK009242,320,94,671,219,33
1260,335,988,Shamela0012293,6019,682,1411,241,32
1260,335,972,Shamela0012293,6038,419,1237,198,25
1260,335,988,Shamela0001717,799,33,816,231,30
1260,335,843,Shamela0021744,1112,784,1400,185,31
1260,335,988,JK000299,959,375,1191,226,27
1260,335,843,Shamela0011428,1081,878,1315,166,33
1260,522,988,Sham19Y0131521,2681,39,647,178,30
1260,1,128,Sham19Y0131521,2699,1284,1423,102,89
1260,921,1384,Sham19Y0131521,2700,928,1141,161,43
1260,335,705,Shamela0001727,655,1090,1459,127,31
1260,335,843,Shamela0010695,200,780,1190,158,31
1260,335,587,JK006838,1264,1138,1406,103,36
1260,522,988,JK000786,1407,11,518,191,39
1260,335,988,Sham19Y0013572,1500,446,1212,235,30
1260,335,988,Sham19Y0127700,222,628,1401,239,31
1260,335,992,Shamela0009810,1156,318,905,191,28
1260,335,843,JK000386,426,1027,1457,163,31
1260,335,988,ShamAY0033973,247,1,750,233,30
1260,335,992,Shia001731Vols,658,767,1354,191,28
1260,335,843,Shamela0117359,482,813,1295,168,29
1260,335,988,Shamela0005922,1708,546,1327,243,33
1260,354,988,Masaha001961Vols,1344,1,655,227,34
1260,335,988,Shamela0035100,401,70,719,223,33
1260,335,988,JK000271,188,147,898,229,30
1260,522,988,Sham19Y0017903,448,32,573,171,32
1260,335,976,Shamela0010906,585,827,1400,189,29
1260,335,843,Sham19Y0122406,1766,1009,1452,166,31
1260,335,843,JK009237,1565,965,1354,155,32
1260,335,976,Shia001989,118,454,1165,194,27
1260,335,988,Sham19Y0001734,1518,320,1027,227,30
1260,335,988,Shamela0021735,326,324,1057,235,33
1260,532,843,Sham19Y0132524,1067,802,1010,110,42
1260,335,843,Shamela0001875,917,990,1439,166,33
1260,335,980,Shamela0009770,650,489,1155,219,35
1260,1,133,ShamAY0033531,1473,84,225,106,90
1260,557,1471,ShamAY0033531,1475,242,874,436,58
1260,335,814,Kraken230110004547,128,224,695,149,31
1260,522,988,Shamela0036446,387,66,572,191,39
1260,335,725,Shamela0025800,740,1059,1453,143,34
1260,335,988,Sham19Y0017729,228,38,785,227,29
1260,335,843,Shia003732Vols,4876,229,678,166,31
1260,527,972,Shamela0023680,812,149,628,145,26
1260,335,988,Sham19Y0020638,535,646,1371,237,32
1260,311,696,Zaydiyya0000161,182,1061,1394,125,31
1260,335,988,Masaha001864Vols,1971,221,1081,211,22
1260,335,988,Shamela0013129,11,570,1322,243,32
1260,522,843,Sham19Y0020591,688,240,485,127,47
1260,791,976,Sham19Y0020591,688,1122,1362,70,27
1260,335,988,Sham19Y0146127,1476,315,1087,203,24
1260,522,976,Masaha004387Vols,335,680,1137,157,38
1260,335,731,Sham19Y0017616,177,1047,1442,148,34
1260,335,972,JK007065,639,25,710,205,31
1260,889,1558,Sham19Y0122257,1575,6,475,215,35
1260,522,843,Sham19Y0014601,3071,969,1275,123,43
1260,335,988,Sham19Y0148271,302,498,1246,240,31
1260,545,988,Rafed0003902Vols,1718,1,605,175,31
1260,335,843,Shamela0021743,570,1031,1466,163,34
1260,1,128,Shamela0000791,533,684,821,103,91
1260,1113,1389,Shamela0000791,533,1252,1507,149,65
1261,127,1242,Sham19Y0017747,995,83,1465,609,48
1261,220,565,Sham19Y0131521,2704,385,681,228,82
1261,580,987,Shamela0021590,731,676,890,133,39
1261,73,763,ShamAY0033531,1475,934,1485,409,74
1261,763,1475,ShamAY0033531,1476,1,754,525,79
1261,284,1127,Shamela0009242,2124,747,1499,575,82
1261,1,522,Sham19Y0122257,1575,475,790,222,53
1261,868,1387,Shamela0000791,534,129,659,406,90
1262,61,473,Shamela0008176,3446,181,642,124,22
1262,61,190,Sham19Y0017747,995,1042,1507,89,23
1262,1147,1553,Sham19Y0017747,996,538,958,302,83
1262,664,1339,Sham19Y0127700,464,1,430,309,54
1262,61,175,Shamela0022547,494,560,831,88,40
1262,61,1002,ShamAY0033531,1476,754,1561,536,63
1262,1002,1553,ShamAY0033531,1477,1,596,356,70
1262,1153,1369,Masaha001946Vols,844,451,616,110,63
1262,1153,1457,Shamela0009242,2126,51,280,174,68
1262,74,955,Sham19Y0122257,1576,59,661,319,39
1262,1153,1516,Sham19Y0017063,575,1276,1548,198,64
1263,310,703,JK007083,134,300,610,219,67
1263,310,696,Shamela0004445,2275,868,1171,221,69
1263,310,696,Shamela0004445,2312,405,707,221,69
1263,310,696,ShamAY0034441,455,498,819,217,64
1263,310,703,Shia001432Vols,8897,534,841,220,68
1263,310,585,Shamela0002864,868,1338,1527,126,55
1263,310,703,Sham19Y0013667,3574,144,448,217,67
1263,480,696,ShamIbadiyya0000438,469,408,622,161,89
1263,561,703,ShamIbadiyya0000438,482,1,147,108,91
1263,310,703,Sham19Y0019188,1535,158,466,215,65
1263,1,296,Sham19Y0017747,996,964,1245,203,79
1263,1,296,Sham19Y0017747,997,44,325,204,79
1263,315,703,Sham19Y0122397,252,1055,1353,212,66
1263,310,703,JK000977,1110,1057,1353,204,63
1263,310,703,JK006897,300,289,598,220,68
1263,315,696,JK009242,320,1125,1406,195,60
1263,310,703,Shamela0012293,6020,399,707,219,68
1263,310,630,Shamela0001717,799,1261,1494,166,63
1263,310,703,Shamela0021744,1113,602,923,218,65
1263,310,703,Sham19Y0013614,331,514,827,222,68
1263,461,621,ShamAY0034447,1311,554,752,124,79
1263,310,703,JK000299,960,192,501,217,66
1263,310,696,Shamela0011428,1082,615,920,217,67
1263,318,1537,Sham19Y0131521,2709,345,1528,505,39
1263,1236,1465,Sham19Y0131521,4640,1354,1493,106,57
1263,310,703,Shamela0001727,656,831,1138,220,68
1263,315,696,Shamela0010695,201,535,827,209,66
1263,315,703,JK006838,1265,720,1021,208,63
1263,461,696,JK009266,1678,401,670,181,81
1263,310,703,Shamela0026568,1214,474,786,222,68
1263,315,699,JK000786,1407,972,1279,207,62
1263,310,703,Sham19Y0013572,1501,201,512,219,67
1263,310,703,Sham19Y0127700,223,411,710,212,67
1263,943,1425,Sham19Y0127700,464,502,858,232,55
1263,315,703,Shamela0009810,1157,78,377,206,63
1263,315,703,JK000386,741,582,885,220,69
1263,310,674,ShamAY0033973,247,1199,1478,195,65
1263,315,703,Shamela0022797,655,937,1244,216,67
1263,310,703,Shamela0005922,1709,330,641,223,69
1263,315,703,Masaha001961Vols,1344,917,1212,214,67
1263,543,703,JK000271,189,1,164,117,87
1263,480,696,ShamIbadiyya0000433,626,780,999,167,92
1263,310,703,Sham19Y0017903,448,1018,1328,223,69
1263,1282,1532,Shia001831Vols,316,164,560,173,54
1263,994,1537,JK000201,3782,888,1439,407,89
1263,475,696,Shamela0023628,425,7,230,169,91
1263,310,696,Shamela0023685,1386,1178,1483,221,69
1263,889,1537,Sham19Y0122406,1770,1099,1441,173,31
1263,487,692,Sham19Y0122406,1770,24,236,162,93
1263,315,703,JK009237,1566,673,974,216,67
1263,315,696,Shia001989,119,300,617,205,61
1263,315,616,Sham19Y0001734,613,1001,1219,153,62
1263,291,703,Sham19Y0001734,1519,22,344,230,68
1263,315,703,Shamela0021735,327,42,343,206,64
1263,334,703,Sham19Y0132524,1071,537,824,202,66
1263,310,703,Shamela0001875,918,733,1040,220,68
1263,1,756,ShamAY0033531,1477,602,1580,392,40
1263,756,1516,ShamAY0033531,1478,1,970,423,45
1263,310,696,Shamela0036446,387,997,1299,220,69
1263,310,703,Shamela0025800,741,828,1142,220,67
1263,310,703,Sham19Y0017791,837,1074,1386,221,68
1263,310,656,Sham19Y0017729,228,1228,1493,190,66
1263,310,703,Shia003732Vols,4874,216,524,220,68
1263,310,703,Shamela0011620,123,1044,1356,222,68
1263,315,696,Zaydiyya0000037Vols,223,1007,1301,212,67
1263,286,703,ShamAY0034005,1424,129,482,226,62
1263,315,703,Sham19Y0020638,536,373,681,220,68
1263,296,703,Masaha001864Vols,1972,5,371,229,61
1263,315,696,ShamAY0031687,982,1076,1381,206,63
1263,310,703,Shamela0013129,12,321,628,220,68
1263,461,692,Shamela0021766,502,1054,1322,171,76
1263,310,674,Masaha001946Vols,843,1102,1391,189,61
1263,943,1525,Masaha001946Vols,844,1011,1515,303,59
1263,296,703,Shamela0010013,150,986,1328,228,64
1263,310,703,Shamela0008463,1587,212,520,215,65
1263,296,703,Masaha004387Vols,336,391,740,209,56
1263,310,703,Sham19Y0016976,837,12,323,221,68
1263,310,703,Sham19Y0017616,178,793,1100,220,68
1263,461,692,Shamela0000041,367,690,956,173,78
1263,310,667,JK007065,639,1218,1492,196,66
1263,310,703,Shamela0021642,1139,721,1036,220,67
1263,1391,1532,Sham19Y0122257,1577,399,539,91,82
1263,315,703,Sham19Y0014328,163,869,1258,221,59
1263,310,703,Sham19Y0014119,287,560,872,221,68
1263,310,703,Sham19Y0017063,572,1138,1449,220,68
1263,10,220,Sham19Y0017063,576,47,237,140,81
1263,310,696,Sham19Y0148271,303,234,529,214,67
1263,315,703,Rafed0003902Vols,1718,1075,1377,219,69
1263,543,703,Rafed0003902Vols,4936,1,170,122,90
1263,1032,1532,Sham19Y0150962,1498,975,1361,272,68
1263,310,703,Shamela0021743,571,763,1076,216,66
1264,40,677,Shamela0008176,3448,978,1473,186,27
1264,21,280,Sham19Y0131521,2710,184,442,146,55
1264,672,1587,Sham19Y0131521,2711,1,1129,607,62
1264,40,304,Shamela0000894,505,187,505,207,78
1264,672,1292,Sham19Y0013253,413,1,354,224,43
1264,566,1534,Shia001831Vols,316,604,1425,536,64
1264,1086,1592,Shamela0000140,618,1097,1480,291,70
1264,40,280,JK000201,3782,506,746,195,99
1264,1416,1587,JK000201,3783,1231,1401,135,97
1264,271,833,Shamela0023628,318,986,1576,244,36
1264,620,1407,Sham19Y0122406,1771,598,1349,364,48
1264,63,326,ShamAY0033531,1478,1373,1547,142,65
1264,1416,1587,Sham19Y0020638,1690,243,413,135,97
1264,1435,1564,Sham19Y0020591,690,1069,1290,85,43
1264,566,1407,Masaha001946Vols,845,693,1539,356,42
1264,666,1457,Sham19Y0017063,576,441,769,170,25
1265,630,1174,JK007083,134,756,1066,136,27
1265,630,1174,Shia001432Vols,8897,989,1299,136,27
1265,630,1174,Sham19Y0013667,3574,594,905,136,27
1265,1109,1312,Sham19Y0017747,996,1245,1411,121,71
1265,1109,1548,Sham19Y0017747,997,325,712,294,81
1265,717,1174,JK000977,1111,141,294,107,28
1265,630,1174,JK006897,300,745,1056,137,28
1265,630,1174,Shamela0012293,6020,854,1164,136,27
1265,630,1174,Shamela0011428,1082,1074,1384,136,27
1265,1,430,Sham19Y0131521,2711,1135,1484,205,52
1265,630,1174,ShamAY0033973,248,178,494,140,27
1265,717,1154,Shamela0022797,656,7,140,91,25
1265,722,1174,Masaha001961Vols,1345,1,160,97,24
1265,1,342,Sham19Y0014309,3184,440,781,258,96
1265,717,1174,Sham19Y0017903,449,107,260,107,28
1265,1,337,Shamela0000140,619,18,356,254,93
1265,630,1135,Sham19Y0122406,1771,254,525,105,22
1265,630,1174,Shamela0001875,918,1185,1495,136,27
1265,784,1445,ShamAY0033531,1480,226,826,337,56
1265,630,1174,Kraken230110004547,129,255,570,120,22
1265,630,1174,Sham19Y0017729,229,191,501,136,27
1265,630,1174,Shia003732Vols,4874,671,981,136,27
1265,630,1174,Masaha001864Vols,1972,516,827,137,28
1265,630,1174,Shamela0013129,12,775,1087,136,27
1265,630,1138,Sham19Y0017616,178,1247,1521,107,23
1265,630,1174,Shamela0021642,1139,1185,1495,136,27
1265,1,611,Sham19Y0122257,1578,655,1231,284,48
1265,1178,1548,Sham19Y0122257,1580,1,329,257,85
1265,784,1104,Sham19Y0014119,1080,510,829,260,99
1265,630,1174,Shamela0010803,240,308,614,135,28
1265,635,1174,Rafed0003902Vols,1719,1,306,132,27
1265,630,1154,Shamela0021743,571,1224,1514,120,25
1266,12,200,JK007083,134,1066,1254,150,98
1266,12,200,Shamela0004445,2276,108,296,149,98
1266,12,200,Shamela0012415,302,986,1165,142,94
1266,12,200,Sham19Y0013667,3574,905,1086,140,91
1266,12,200,Sham19Y0019188,1535,923,1111,149,98
1266,48,200,Shamela0008176,3430,602,754,122,98
1266,472,691,Shamela0008176,3450,1100,1353,172,83
1266,186,1145,Sham19Y0017747,997,741,1569,602,77
1266,12,200,Sham19Y0122397,253,351,538,148,97
1266,12,200,JK000977,1111,294,481,148,97
1266,12,200,Shia002616Vols,829,766,954,150,98
1266,12,200,JK006897,300,1056,1244,150,98
1266,12,200,JK001284,45,1115,1303,149,98
1266,12,200,JK009242,321,356,543,149,98
1266,12,200,Shamela0012293,6020,1164,1352,150,98
1266,12,207,JK010001,1984,687,871,140,85
1266,12,200,JK000299,960,958,1146,150,98
1266,12,207,Tafsir07055,2079,590,793,155,95
1266,12,200,Shamela0011428,1096,666,853,149,98
1266,48,200,Shamela0021590,725,601,753,122,98
1266,48,200,Shamela0021590,728,165,486,122,46
1266,219,535,Shamela0021590,731,1265,1444,116,43
1266,12,200,Shamela0001727,657,76,264,150,98
1266,48,200,Sham19Y0017757,99,248,400,122,98
1266,63,200,JK006838,1266,1,130,103,92
1266,566,783,Shamela0000432,5308,322,535,168,94
1266,12,200,JK000786,1408,191,379,150,98
1266,12,200,Sham19Y0013572,1501,967,1155,150,98
1266,12,200,Sham19Y0127700,223,1155,1343,150,98
1266,450,641,Sham19Y0127700,464,932,1118,135,85
1266,12,200,Shamela0009810,1157,832,1012,143,94
1266,12,200,ShamAY0033973,248,494,682,150,98
1266,12,200,Shia001731Vols,659,1319,1499,143,94
1266,12,200,Shamela0005922,1709,1108,1292,142,94
1266,12,200,JK000271,189,625,808,141,93
1266,48,200,ShamIbadiyya0000433,632,470,622,122,98
1266,12,200,Sham19Y0017903,449,260,448,150,98
1266,12,200,Shamela0021677,969,439,627,149,98
1266,48,200,Shia001989,119,1119,1271,121,98
1266,33,200,Shamela0001875,919,1,168,134,98
1266,48,200,Shamela0009770,652,819,971,118,92
1266,472,691,ShamAY0033531,1480,1020,1274,172,83
1266,12,200,Kraken230110004547,129,570,742,135,87
1266,12,200,Sham19Y0017729,229,501,689,149,98
1266,12,200,Shia003732Vols,4874,981,1169,149,98
1266,12,200,ShamAY0034005,471,102,290,145,95
1266,12,200,Sham19Y0020638,536,1146,1334,150,98
1266,12,200,Masaha001864Vols,1972,827,1015,150,98
1266,12,200,Shamela0013129,12,1087,1275,150,98
1266,12,200,Shamela0008463,1587,978,1166,149,98
1266,646,882,Shamela0000551,1478,1,227,127,59
1266,12,200,Sham19Y0017616,179,37,225,150,98
1266,12,200,JK007065,640,491,679,150,98
1266,12,200,Shamela0021642,1140,637,820,139,92
1266,200,671,Sham19Y0122257,1580,585,881,227,59
1266,48,691,Sham19Y0014601,3077,741,1440,259,39
1266,12,200,Sham19Y0148271,303,996,1184,150,98
1266,12,200,Rafed0003902Vols,1719,306,548,147,73
1266,48,200,Shamela0022644,1669,222,374,122,98
1266,48,200,Shamela0008360,398,868,1020,122,98
1266,12,200,Shamela0021743,572,21,209,150,98
1267,338,824,JK007083,134,1192,1357,107,27
1267,338,824,Shamela0004445,2276,234,406,107,26
1267,338,824,Shamela0012415,302,1103,1275,108,26
1267,338,824,Sham19Y0013667,3574,1024,1182,106,26
1267,338,824,Sham19Y0019188,1535,1049,1214,107,27
1267,780,1482,Shamela0008176,3451,1175,1602,276,47
1267,6,1599,Sham19Y0017747,998,257,1524,741,52
1267,338,824,Sham19Y0122397,253,476,647,105,26
1267,338,824,JK000977,1111,419,583,105,26
1267,338,824,JK006897,300,1182,1347,107,27
1267,338,824,JK001284,45,1241,1413,106,26
1267,338,824,JK009242,321,481,646,107,27
1267,338,824,Shamela0012293,6020,1290,1455,107,27
1267,372,824,Shamela0021744,1114,1,137,84,22
1267,343,1440,JK010001,1991,152,882,344,32
1267,678,1009,ShamAY0034447,1337,244,508,123,38
1267,338,824,JK000299,960,1084,1249,107,27
1267,343,1440,Tafsir07055,2086,555,1304,344,32
1267,372,824,Shamela0011428,1083,1,137,84,22
1267,338,824,Shamela0011428,1096,792,956,106,26
1267,100,333,Sham19Y0131521,2715,23,323,134,55
1267,613,1599,Sham19Y0131521,2716,1,1296,543,44
1267,338,1414,Shamela0021590,728,424,1167,410,40
1267,338,824,Shamela0001727,657,202,369,107,27
1267,338,824,JK006838,1266,68,220,105,26
1267,338,824,JK000786,1408,317,482,107,27
1267,338,824,Sham19Y0013572,1501,1093,1258,107,27
1267,338,824,Sham19Y0127700,223,1281,1446,107,27
1267,65,594,Sham19Y0127700,464,1096,1537,293,65
1267,776,1599,Sham19Y0127700,465,1,544,336,46
1267,338,824,Shamela0009810,1157,950,1123,107,26
1267,361,824,JK000386,751,1,147,91,24
1267,338,824,ShamAY0033973,248,620,785,106,26
1267,338,824,Shamela0005922,1709,1230,1395,107,27
1267,135,333,Sham19Y0147658,707,1086,1284,163,100
1267,343,824,Tafsir09084,236,207,382,103,26
1267,338,824,JK000271,189,746,911,107,27
1267,338,824,Sham19Y0017903,449,386,551,107,27
1267,114,1263,Shia001831Vols,317,267,904,382,38
1267,343,824,ShamIbadiyya0000482,179,778,928,105,26
1267,338,824,JK009237,1567,32,196,105,26
1267,343,824,Shamela0008473,646,14,190,106,26
1267,338,824,Shia001989,119,1209,1396,107,25
1267,244,824,Sham19Y0132524,1075,160,747,148,20
1267,795,1414,Sham19Y0132524,1076,303,522,134,26
1267,338,824,Shamela0001875,919,106,271,107,27
1267,1,315,ShamAY0033531,1480,1363,1588,167,64
1267,772,1599,ShamAY0033531,1481,539,1198,321,41
1267,338,824,Sham19Y0017729,229,627,799,106,26
1267,338,824,Shia003732Vols,4874,1107,1272,106,26
1267,338,824,Sham19Y0020638,536,1272,1436,108,27
1267,829,1009,Sham19Y0020638,1690,714,848,99,68
1267,338,824,Masaha001864Vols,1972,953,1118,107,27
1267,338,824,Shamela0013129,12,1213,1378,107,27
1267,338,824,Masaha001946Vols,846,980,1145,106,26
1267,437,1511,Masaha001946Vols,847,109,824,448,51
1267,338,824,Shamela0008463,1587,1104,1269,107,27
1267,338,824,Sham19Y0017616,179,163,328,107,27
1267,338,824,JK007065,640,617,782,106,26
1267,772,1414,Sham19Y0014601,3078,1093,1477,207,37
1267,161,333,Sham19Y0014601,3078,233,388,126,88
1267,135,333,Sham19Y0014119,1080,861,1046,150,92
1267,338,824,Sham19Y0148271,303,1122,1287,105,26
1267,244,824,Rafed0003902Vols,1719,453,651,128,27
1267,338,824,Shamela0021743,572,147,312,107,27
1268,1246,1425,Sham19Y0013769,1199,1,147,103,73
1268,43,1617,Sham19Y0017747,999,1,1438,685,43
1268,9,341,Shia000841Vols,3818,1190,1594,254,74
1268,1010,1612,Shia000841Vols,3832,314,885,192,29
1268,107,1617,Sham19Y0131521,2717,94,1260,650,44
1268,1306,1425,Shamela0005756,1308,1049,1152,79,84
1268,1014,1231,Shamela0005756,1309,48,253,155,88
1268,1306,1425,Sham19Y0014827,161,789,906,92,97
1268,112,758,ShamAY0033531,1481,1213,1599,241,44
1268,998,1425,Sham19Y0013252,858,564,976,317,92
1268,75,1133,Sham19Y0122257,1581,204,696,320,37
1268,1,445,Shamela0000791,527,500,922,329,86
1269,193,1538,Sham19Y0017747,1000,1,1394,691,53
1269,995,1174,JK010001,1992,884,1013,76,43
1269,970,1098,Shia000841Vols,3824,354,486,89,85
1269,995,1174,Tafsir07055,2087,1452,1581,76,43
1269,621,892,Sham19Y0131521,2718,20,289,135,58
1269,39,217,Shamela0005756,1309,461,1016,130,29
1269,1,300,Sham19Y0013252,858,274,525,191,79
1269,311,1018,Sham19Y0122257,1581,720,1123,239,41
1270,697,1296,Sham19Y0017747,1001,241,1303,364,39
1270,180,787,Sham19Y0131521,2718,532,1160,181,24
1270,941,1291,Sham19Y0131521,2719,1171,1559,165,46
1270,1358,1594,Sham19Y0131521,2720,807,1031,169,84
1270,686,1594,Sham19Y0127700,465,795,1246,327,43
1270,691,826,Sham19Y0014827,788,419,574,105,83
1271,379,1081,JK007083,135,335,690,172,29
1271,379,1081,Shamela0004445,2276,938,1298,173,27
1271,585,1068,Shamela0004445,2337,904,1067,127,32
1271,379,1081,Shia001432Vols,8898,539,873,156,26
1271,921,1081,Shamela0012415,303,483,645,117,90
1271,585,1081,Sham19Y0013667,3575,267,455,141,35
1271,585,1081,Shamela0000767,1603,314,506,142,35
1271,921,1081,Shamela0006610,569,427,572,107,84
1271,379,1081,Sham19Y0019188,1536,189,543,172,28
1271,585,1081,Shamela0008176,3430,1065,1257,142,35
1271,921,1081,Sham19Y0017747,989,1,165,120,92
1271,1088,1510,Sham19Y0017747,1002,1,415,272,72
1271,911,1081,JK000977,1111,1316,1487,121,90
1271,379,1081,JK006897,301,327,687,176,29
1271,585,1081,JK009242,321,1061,1253,142,35
1271,585,1081,Shamela0012293,6021,568,760,142,35
1271,379,1081,Shamela0021744,1114,677,1037,176,29
1271,379,1081,JK000299,961,214,571,176,30
1271,921,1081,Zaydiyya0000353,52,656,828,119,86
1271,379,1081,Shamela0011428,1083,677,1034,173,29
1271,921,1435,Sham19Y0131521,2722,535,1112,309,57
1271,585,1081,Shamela0021590,725,1177,1377,142,35
1271,379,1081,Shamela0001727,657,907,1267,176,29
1271,585,1081,Sham19Y0017757,99,796,988,142,35
1271,921,1081,JK006838,1266,873,1035,111,85
1271,585,1081,ShamAY0034263,194,727,919,142,35
1271,379,1081,Sham19Y0127700,224,430,786,175,29
1271,921,1068,ShamAY0033910,634,440,586,115,97
1271,921,1081,JK000386,759,280,440,120,94
1271,379,1081,Shamela0005922,1710,355,711,176,30
1271,1,398,Masaha001961Vols,333,503,872,132,33
1271,921,1068,JK000130,635,687,833,115,97
1271,921,1081,Shamela0035100,402,1227,1390,113,87
1271,585,1081,JK000271,190,97,285,142,36
1271,585,1081,ShamIbadiyya0000433,632,931,1123,142,35
1271,921,1081,Sham19Y0017903,449,1286,1446,119,93
1271,1,398,Sham19Y0017903,641,235,563,142,39
1271,273,725,Shia001831Vols,317,1296,1489,152,41
1271,1,358,Shia002958,141,1255,1525,110,31
1271,585,1081,ShamAY0033181,615,415,611,141,36
1271,921,1081,Shamela0010906,587,487,650,113,87
1271,1,283,Sham19Y0122406,1777,188,460,118,48
1271,921,1251,Sham19Y0145212,1812,604,1274,176,31
1271,585,1081,JK009237,1567,791,990,142,35
1271,921,1081,Shia001989,120,642,801,117,91
1271,213,442,Sham19Y0127713,890,1017,1219,145,74
1271,921,1081,Sham19Y0001734,1520,273,421,103,79
1271,921,1081,Sham19Y0132524,1077,402,562,120,94
1271,379,1081,Shamela0001875,919,810,1167,177,31
1271,585,896,ShamAY0033531,1482,1220,1543,213,75
1271,1077,1510,ShamAY0033531,1483,13,497,244,55
1271,379,1081,Shamela0036446,388,1008,1363,178,29
1271,379,1081,Shamela0025800,742,908,1266,175,29
1271,1,398,Sham19Y0017729,353,284,687,154,37
1271,379,1081,Shia003732Vols,4875,251,607,173,27
1271,1,358,Shamela0006617,310,1117,1332,99,28
1271,911,1081,ShamAY0034005,478,967,1142,118,84
1271,1,398,Shamela0001001,226,341,724,136,33
1271,379,1081,Sham19Y0020638,537,417,776,173,29
1271,379,1081,Masaha001864Vols,1973,76,437,171,26
1271,379,1081,Shamela0013129,13,366,726,173,27
1271,872,1068,JK000475,814,1135,1303,127,80
1271,12,942,Masaha001946Vols,849,75,531,304,39
1271,585,1081,Sham19Y0013784,161,562,754,142,35
1271,585,1081,JK005200,520,468,660,141,35
1271,379,1081,Shamela0008463,1588,251,611,176,29
1271,213,442,Shamela0000551,1392,1159,1361,145,74
1271,585,1081,Shamela0009242,2133,996,1188,142,35
1271,379,1081,Sham19Y0017616,179,866,1226,176,29
1271,585,1081,Shamela0007264,137,1043,1236,141,35
1271,585,1081,Sham19Y0122257,1581,1314,1506,142,35
1271,580,1251,Sham19Y0122257,1582,148,397,192,35
1271,6,780,Sham19Y0014601,3086,700,1360,389,52
1271,379,1081,Sham19Y0148271,304,262,618,176,30
1271,585,1081,Shamela0010803,240,1219,1411,139,35
1271,585,1081,Rafed0003902Vols,1720,997,1185,142,36
1271,585,1081,Shamela0022644,1669,783,975,142,35
1271,585,1001,Shamela0022644,1683,1,413,98,18
1271,585,1081,Shamela0008360,398,1330,1522,142,35
1271,379,1081,Shamela0021743,572,849,1203,173,27
1271,27,580,Sham19Y0017442,289,929,1507,316,59
1271,17,358,Sham19Y0017442,374,910,1197,130,38
1272,1149,1522,Shamela0008176,3454,935,1374,272,75
1272,694,1099,Sham19Y0017747,1002,1137,1427,185,56
1272,1,689,Sham19Y0131521,2723,414,947,190,29
1272,697,829,Sham19Y0131521,2724,195,366,99,69
1272,1,799,ShamAY0033531,1483,497,1116,336,43
1273,821,1088,Shamela0008176,3456,198,478,213,94
1273,688,1316,Sham19Y0017747,1003,149,963,216,29
1273,455,1081,Sham19Y0017747,1263,708,1358,323,52
1273,85,481,Sham19Y0131521,2571,827,1137,152,49
1273,1185,1472,Sham19Y0131521,2572,182,697,177,43
1273,768,1264,Sham19Y0131521,2725,1,435,203,39
1273,682,1331,Sham19Y0127700,466,218,646,204,35
1273,917,1088,ShamIbadiyya0000433,615,253,418,132,95
1273,806,1223,Shia001831Vols,318,28,347,240,70
1273,688,1076,ShamAY0033531,1483,1165,1515,224,63
1273,705,1256,ShamAY0033531,1484,127,490,136,25
1273,415,1514,Masaha001946Vols,850,277,1175,526,55
1273,917,1099,Shamela0000551,1497,412,588,132,91
1273,801,1088,Shamela0009242,2193,1149,1435,216,90
1273,1199,1504,Shamela0009242,2194,142,416,72,20
1273,502,1427,Sham19Y0122257,1582,881,1439,314,37
1274,1302,1486,Shamela0008176,3456,1341,1524,147,98
1274,42,652,Sham19Y0017747,1003,979,1489,206,32
1274,1275,1404,ShamAY0034447,1387,901,1035,103,94
1274,1281,1540,Sham19Y0014442,899,1002,1209,141,64
1274,74,553,Sham19Y0018144,4774,1070,1283,171,44
1274,243,929,Sham19Y0122257,1583,28,895,311,34
1274,1308,1531,Sham19Y0014601,3088,490,696,160,87
1275,683,840,JK007083,135,918,1101,123,83
1275,688,821,Shamela0004445,2277,1,133,104,96
1275,683,812,ShamAY0034441,459,785,914,104,99
1275,683,812,Shia001432Vols,8898,1088,1221,105,96
1275,683,812,Shia001432Vols,11854,698,827,105,100
1275,683,812,Sham19Y0013667,3575,669,798,105,100
1275,683,816,Shamela0000767,1708,936,1069,105,97
1275,683,840,Zaydiyya0000072,64,162,350,116,77
1275,12,627,Shamela0008176,3457,78,954,324,39
1275,1089,1243,Shamela0008176,3458,287,463,125,85
1275,1,586,Sham19Y0017747,1004,478,889,287,57
1275,683,840,JK006897,301,897,1123,122,67
1275,476,812,JK001284,71,325,570,141,49
1275,683,840,Shamela0012293,6021,970,1164,122,78
1275,683,812,Shamela0012293,6060,766,895,105,100
1275,683,812,Shamela0001717,801,310,439,105,100
1275,683,840,Sham19Y0013614,332,571,778,122,73
1275,683,830,ShamAY0034447,1386,983,1139,111,88
1275,90,723,ShamAY0034447,1393,1,401,179,29
1275,1298,1593,Shia000841Vols,3905,793,1073,207,82
1275,683,808,Shamela0011428,1083,1249,1374,102,100
1275,683,812,Shamela0011428,1128,1085,1214,103,98
1275,683,812,JK000786,1409,43,172,104,99
1275,683,840,Sham19Y0013572,1502,765,987,123,68
1275,954,1472,Sham19Y0127700,466,718,1108,284,63
1275,683,840,Sham19Y0127677,18353,90,309,124,70
1275,683,840,JK000386,767,824,1007,123,83
1275,683,840,JK000386,770,415,581,122,91
1275,683,812,ShamAY0033973,249,322,449,103,98
1275,683,840,Shamela0009790,96,380,576,121,76
1275,683,816,Shamela0005922,1710,917,1050,106,98
1275,683,840,Sham19Y0017903,450,129,315,120,80
1275,683,812,Sham19Y0017903,480,212,341,105,100
1275,683,812,Shamela0022547,2642,719,850,103,94
1275,840,1243,Shia001831Vols,318,532,774,167,46
1275,683,812,ShamIbadiyya0000482,192,1047,1176,104,99
1275,41,569,Shamela0003565,2689,364,707,138,31
1275,1303,1625,JK000168,59,772,1068,218,78
1275,683,812,Shamela0001875,919,1377,1506,105,100
1275,1,217,ShamAY0033531,1484,913,1120,167,95
1275,979,1243,ShamAY0033531,1485,7,542,182,41
1275,683,812,Kraken230110004547,130,288,426,104,92
1275,683,840,Sham19Y0017791,838,1216,1423,122,72
1275,683,840,Sham19Y0017729,230,336,523,122,81
1275,683,812,Sham19Y0017729,245,212,341,105,100
1275,683,812,Sham19Y0020638,537,986,1115,105,100
1275,683,812,Masaha001864Vols,1973,648,778,105,99
1275,683,812,Shamela0013129,13,936,1065,105,100
1275,683,812,JK000475,835,6,135,105,100
1275,683,812,Masaha001946Vols,849,1140,1270,105,99
1275,917,1193,Masaha001946Vols,851,1,277,155,62
1275,683,812,Sham19Y0016976,838,112,241,105,100
1275,683,812,JK007065,641,318,447,105,100
1275,683,840,Sham19Y0122257,1583,222,428,121,72
1275,12,270,Sham19Y0014601,3088,722,962,178,87
1275,544,1243,Sham19Y0014601,3089,1,1114,296,28
1275,683,840,Sham19Y0014119,288,669,862,121,77
1275,683,821,Sham19Y0017063,573,1289,1427,107,96
1275,683,812,Sham19Y0148271,304,828,957,105,100
1275,683,812,Shamela0010803,241,62,191,105,100
1275,683,835,Rafed0003902Vols,1720,1395,1538,110,89
1275,1327,1578,Sham19Y0014325,2467,1252,1515,169,71
1275,683,840,Shamela0008360,399,181,397,121,69
1275,683,812,Sham19Y0022884,156,230,359,104,99
1275,935,1593,Shamela0000791,536,4,615,485,88
1276,107,354,JK006897,301,1040,1230,142,72
1276,107,354,ShamAY0034447,1307,1056,1247,141,71
1276,1301,1547,Sham19Y0131521,2729,546,762,160,74
1276,107,354,Shamela0001727,658,287,477,142,72
1276,107,354,Sham19Y0013572,1502,904,1094,142,72
1276,1234,1547,Shamela0005756,6187,934,1263,252,94
1276,113,354,JK000386,780,1267,1448,135,70
1276,107,354,JK000271,190,692,883,142,72
1276,208,317,Sham19Y0014827,163,261,370,88,100
1276,107,354,Sham19Y0122406,1782,226,416,142,72
1276,107,354,Shamela0001875,920,1,191,142,72
1276,614,907,ShamAY0033531,1487,1201,1571,149,46
1276,107,354,Kraken230110004547,130,439,612,126,63
1276,107,354,Sham19Y0018144,1079,450,640,142,72
1276,107,354,Sham19Y0018144,4773,582,772,142,72
1276,107,302,Shamela0036446,389,140,274,93,60
1276,107,358,Shamela0025800,743,134,330,142,70
1276,107,358,Sham19Y0020638,537,1150,1346,141,69
1276,203,317,Shamela0023422,241,12,126,91,98
1276,107,354,JK007065,641,498,688,142,72
1277,132,383,Sham19Y0017747,1005,1263,1518,189,92
1277,121,393,Shia000841Vols,3805,1236,1577,196,69
1277,495,768,Sham19Y0131521,2729,326,506,132,58
1277,925,1144,Sham19Y0131521,2730,11,187,130,75
1277,891,1536,Shamela0001727,658,593,1138,177,24
1277,891,1267,Sham19Y0013572,1502,1117,1368,128,35
1277,456,687,Shamela0005756,6187,1319,1527,160,85
1277,687,1149,Shamela0005756,6188,1,283,200,54
1277,858,1250,JK000271,190,887,1145,132,36
1277,1149,1536,Sham19Y0122406,1783,485,849,139,34
1277,138,414,Zaydiyya0000570BK3,1051,841,1016,132,60
1277,138,398,Shamela0021598,2702,710,925,139,59
1277,891,1250,Shamela0023422,241,410,991,145,26
1277,891,1264,JK007065,641,735,1036,134,43
1277,121,431,Shamela0000791,527,149,451,240,97
1278,577,735,Sham19Y0020594,251,261,420,126,99
1278,984,1218,Sham19Y0013667,3787,1223,1451,147,75
1278,984,1260,Sham19Y0016584,1492,76,360,197,81
1278,984,1260,Sham19Y0013922,98,670,921,169,71
1278,984,1260,JK000977,1113,1048,1336,199,81
1278,619,735,JK006897,308,1,119,92,98
1278,984,1260,JK000110,417,1056,1312,161,65
1278,984,1227,JK000110,433,1236,1491,174,80
1278,984,1260,Shamela0025794,3641,506,790,198,82
1278,984,1210,Tafsir07055,2069,528,808,157,65
1278,984,1260,Shamela0021715,2852,491,747,161,65
1278,984,1260,Shamela0021715,2956,817,1101,197,81
1278,984,1245,Shamela0021715,2957,24,611,186,38
1278,984,1260,Sham19Y0016684,717,386,642,161,65
1278,560,1260,Shamela0001727,659,481,1097,352,53
1278,984,1245,Shamela0001727,660,223,496,143,61
1278,74,225,JK001236,68,1016,1182,114,81
1278,557,735,Sham19Y0127700,208,1304,1476,123,85
1278,984,1260,Shamela0005756,5835,928,1172,165,68
1278,984,1260,Shamela0005756,6211,1055,1316,161,64
1278,984,1260,Shamela0005756,6353,325,615,197,79
1278,1023,1245,JK000386,429,1226,1458,104,50
1278,560,735,JK000386,780,1062,1239,139,98
1278,557,739,Shamela0012884,555,673,856,141,97
1278,560,735,MMS00013,1712,1213,1370,124,88
1278,560,735,Sham19Y0014309,773,1066,1248,122,79
1278,560,711,Shamela0035100,437,830,975,94,70
1278,63,323,Sham19Y0013253,414,253,680,160,46
1278,1049,1260,JK000653,127,29,232,157,91
1278,560,711,Shamela0010906,31,693,835,92,69
1278,560,868,Sham19Y0122406,1785,170,525,171,61
1278,984,1260,Sham19Y0122406,1785,1169,1454,202,83
1278,984,1260,JK009324,1413,813,1062,156,68
1278,1068,1260,Shamela0037837,354,47,274,142,73
1278,984,1245,Shamela0001456,114,929,1149,138,62
1278,557,706,Sham19Y0001734,1483,702,856,107,83
1278,557,735,Shamela0001875,920,658,838,141,98
1278,984,1260,Sham19Y0018106,1330,121,377,161,65
1278,984,1260,Sham19Y0018106,1361,1003,1287,197,81
1278,560,735,Sham19Y0018144,1079,744,920,139,99
1278,984,1245,Sham19Y0036114,370,63,362,182,73
1278,557,711,Sham19Y0036114,386,60,228,114,81
1278,984,1260,Sham19Y0018103,1372,122,378,161,65
1278,984,1260,Sham19Y0018103,1399,342,626,197,81
1278,560,735,Shamela0025800,656,188,370,122,79
1278,984,1245,Sham19Y0017729,225,1077,1332,142,62
1278,281,735,Sham19Y0020638,539,621,1252,192,33
1278,984,1260,Sham19Y0020638,540,398,683,201,83
1278,560,735,Masaha001864Vols,587,829,1006,139,98
1278,557,711,ShamAY0031687,1062,160,651,98,25
1278,984,1260,Sham19Y0013252,3329,161,417,161,65
1278,984,1260,Sham19Y0013252,3399,1136,1420,197,81
1278,984,1245,Shamela0009242,2021,342,606,152,67
1278,435,735,Sham19Y0017616,180,621,935,172,60
1278,560,735,Shamela0023422,244,546,722,139,99
1278,984,1245,JK007065,172,1158,1419,142,62
1278,557,739,JK007065,1147,108,284,118,81
1278,984,1260,Sham19Y0018176,706,615,871,161,65
1278,984,1260,Sham19Y0018176,726,552,836,197,81
1278,984,1260,Sham19Y0013605,1858,376,632,161,65
1278,1049,1260,Sham19Y0013605,1889,589,782,151,88
1279,1226,1395,Sham19Y0013667,3787,700,851,108,81
1279,1226,1406,Sham19Y0013667,3788,303,479,114,75
1279,1247,1395,Sham19Y0016584,1459,16,157,110,92
1279,1247,1395,Sham19Y0013922,98,1199,1326,98,84
1279,1247,1395,JK000977,1114,204,352,117,100
1279,1250,1399,JK000110,418,1,143,109,91
1279,1247,1395,Shamela0025794,3641,1077,1233,117,94
1279,1226,1399,Shamela0021715,2852,776,957,129,86
1279,1226,1395,Sham19Y0016684,717,671,844,126,87
1279,1226,1384,Sham19Y0133367,41,1317,1486,104,68
1279,1247,1471,Shamela0005756,5836,1,616,146,30
1279,1293,1395,Shamela0005756,6212,1,103,80,100
1279,1247,1395,Sham19Y0014309,740,866,1418,96,22
1279,1243,1421,Sham19Y0017903,445,1035,1238,102,63
1279,1247,1395,JK000653,127,441,554,85,73
1279,1297,1395,Shamela0001456,115,1,99,77,100
1279,1247,1395,Shamela0010765,484,156,311,117,95
1279,1247,1395,Shamela0010765,626,140,304,117,90
1279,1226,1395,Shia002003Vols,1006,1203,1371,130,95
1279,1250,1395,Sham19Y0037618,1982,1,139,108,92
1279,1226,1395,Sham19Y0018106,1330,406,579,126,87
1279,1247,1406,Sham19Y0018144,1051,539,679,103,82
1279,1247,1395,Sham19Y0036114,370,599,747,117,100
1279,1226,1395,Sham19Y0018103,1372,407,580,126,87
1279,1226,1399,Sham19Y0020638,540,933,1104,118,79
1279,1243,1390,JK007065,173,233,405,92,65
1279,1247,1395,Sham19Y0017798,1797,895,1043,117,100
1279,1226,1395,Sham19Y0018176,706,900,1073,126,87
1279,1247,1395,Shamela0021743,590,368,518,117,98
1279,1247,1399,Sham19Y0013605,1858,1119,1264,111,91
1280,358,791,Sham19Y0148486,2822,840,1008,114,33
1280,1359,1520,JK001284,169,665,823,74,51
1280,83,791,JK001284,197,754,1139,170,25
1280,1359,1520,JK010001,1897,1041,1345,83,32
1280,358,893,Shia000841Vols,3397,866,1096,139,32
1280,1359,1482,Tafsir07055,1987,716,962,78,40
1280,1,150,Sham19Y0127660,1034,581,752,111,78
1280,72,1482,Shamela0001727,661,160,1359,320,20
1280,150,341,Sham19Y0127677,16132,419,567,120,77
1280,358,791,Shia001663Vols,381,537,676,92,27
1280,1359,1520,Shia001663Vols,394,568,694,95,75
1280,358,791,Sham19Y0017903,444,909,1064,106,31
1280,136,346,Shia001831Vols,318,1136,1296,108,64
1280,1359,1486,Shamela0021713,413,774,895,87,84
1280,72,1429,Sham19Y0122406,1788,58,1317,299,18
1280,150,341,Shia002265Vols,5811,237,385,120,77
1280,358,1040,Sham19Y0132524,1084,93,400,153,25
1280,358,791,Sham19Y0017729,225,51,207,106,31
1280,72,1040,Sham19Y0020638,541,767,1361,253,30
1280,1011,1520,Sham19Y0020638,542,24,274,127,31
1280,358,791,Sham19Y0146127,1490,37,173,91,27
1280,358,791,Shamela0023422,251,1307,1463,106,31
1280,1359,1520,JK007065,142,584,711,79,63
1280,341,791,Sham19Y0017798,2582,1016,1205,118,32
1280,358,1011,Shia004014Vols,162,1041,1380,132,22
1280,708,1040,Sham19Y0148271,1683,878,1087,96,30
1281,1,598,Shamela0001727,662,25,610,135,17
1281,1106,1232,Sham19Y0013253,414,916,1117,89,55
1281,1,598,Sham19Y0122406,1789,359,944,135,17
1281,1101,1203,Sham19Y0122406,1789,1383,1530,63,50
1281,1,667,Sham19Y0020638,542,274,700,166,25
1281,1409,1574,Sham19Y0011194,318,1,166,133,100
1282,271,808,Shia001432Vols,11857,229,755,154,24
1282,268,667,Zaydiyya0000142,2061,472,1239,196,30
1282,1031,1451,Zaydiyya0000142,2061,1091,1379,104,24
1282,1031,1492,JK010001,1907,44,442,126,23
1282,1380,1492,Kraken22021606123201,480,259,382,85,85
1282,1031,1492,Tafsir07055,1997,785,1183,126,23
1282,285,549,Shamela0001727,662,1061,1354,89,26
1282,1031,1492,Shamela0001727,663,84,481,126,23
1282,326,878,Sham19Y0017437,970,616,1093,189,34
1282,1380,1492,Shia001663Vols,385,1283,1395,88,100
1282,1031,1492,Sham19Y0122406,1791,537,931,126,23
1282,519,808,Sham19Y0122406,1792,213,759,151,32
1282,271,808,Sham19Y0132524,1085,1006,1346,180,36
1282,1035,1375,Sham19Y0013631,980,74,551,176,39
1282,519,1083,Shamela0036446,380,188,618,154,31
1282,1035,1492,Shamela0021723,899,583,737,79,19
1282,1380,1492,Zaydiyya0000454,246,1046,1158,88,100
1282,285,488,Sham19Y0020638,542,825,1161,146,56
1282,1380,1492,Zaydiyya0000161,179,339,451,88,100
1282,1026,1380,Masaha001864Vols,4439,699,1059,278,94
1282,393,671,Sham19Y0013252,3089,188,401,139,65
1282,1375,1492,ShamAY0035884,1752,166,306,88,79
1282,1380,1492,Shia002406Vols,515,1089,1201,88,100
1282,298,488,Shamela0023422,259,10,714,135,25
1282,1380,1492,Shamela0023422,260,350,458,81,92
1282,393,671,Shamela0023422,261,127,458,140,48
1282,1,128,Sham19Y0011194,318,166,293,98,98
1282,1380,1492,Shia004014Vols,162,446,554,85,96
1283,733,935,Sham19Y0020944,391,1278,1469,144,88
1283,921,1495,Sham19Y0017350,717,663,1225,183,31
1283,718,967,Sham19Y0013667,3588,115,338,156,76
1283,1,100,Zaydiyya0000142,2062,42,141,74,98
1283,718,971,Shamela0001719,1531,1207,1443,185,90
1283,1,100,Tafsir07055,1997,1183,1282,75,100
1283,718,1061,Shamela0011428,1154,560,883,209,76
1283,718,1061,Sham19Y0131521,2568,152,483,207,74
1283,1,100,Shamela0001727,663,481,580,75,100
1283,626,1061,Shamela0001727,664,455,989,287,66
1283,725,1061,ShamAY0033910,571,379,708,212,78
1283,733,967,Shamela0005756,6045,1223,1456,178,94
1283,1008,1495,Shamela0005756,6151,358,655,220,56
1283,1,100,Shia001663Vols,385,1395,1477,61,82
1283,738,1071,Shamela0011816,167,625,971,205,68
1283,718,967,Shamela0117359,461,1130,1374,185,90
1283,725,1061,JK000130,572,611,940,212,78
1283,725,971,Shamela0022547,1642,1122,1366,193,97
1283,1,100,Sham19Y0122406,1791,931,1030,75,100
1283,780,1371,Sham19Y0122406,1793,1,551,207,32
1283,718,1061,Shamela0006227,433,541,830,221,80
1283,718,1071,Shamela0010765,467,680,1071,188,47
1283,718,1061,Sham19Y0132524,1086,680,1031,208,65
1283,806,967,Shia002003Vols,948,1,162,129,100
1283,967,1495,ShamAY0033531,1407,1043,1416,300,70
1283,912,1122,Sham19Y0013631,2006,686,823,107,63
1283,1,235,Shamela0021723,899,737,1104,144,50
1283,718,967,Sham19Y0123608,621,364,572,163,81
1283,1,100,Zaydiyya0000454,246,1158,1240,61,82
1283,1,100,Sham19Y0020638,542,1280,1379,74,98
1283,718,1061,Masaha001864Vols,1975,320,714,221,63
1283,1,235,Masaha001864Vols,4439,639,1185,145,34
1283,718,940,Sham19Y0020591,655,1082,1299,163,89
1283,718,1061,Sham19Y0017616,168,854,1185,207,74
1283,921,1414,Sham19Y0122257,1585,724,1223,318,70
1283,1,100,Shia004014Vols,162,554,653,74,98
1283,1146,1495,Sham19Y0013605,1845,1,175,133,46
1284,1,333,Sham19Y0017350,717,1225,1501,204,73
1284,887,1307,Sham19Y0017350,718,463,1017,274,59
1284,1,393,Sham19Y0013769,1137,532,893,240,69
1284,386,994,Shamela0021715,2811,1312,1488,90,17
1284,27,386,Shamela0021715,2811,323,707,223,65
1284,915,1089,Sham19Y0017437,954,1220,1420,87,44
1284,887,1089,Shamela0005756,6152,1045,1251,116,61
1284,612,1359,Shamela0001673,3383,279,780,260,41
1284,1,168,ShamAY0033531,1407,1416,1539,99,73
1284,217,1554,ShamAY0033531,1408,1,943,728,67
1284,345,1452,Sham19Y0014224,692,340,1473,407,33
1284,664,1350,Shamela0009242,2011,1,424,205,35
1284,1130,1359,Sham19Y0122257,1586,703,891,143,77
1284,1,367,Sham19Y0122257,1586,387,713,249,82
1284,896,1098,Sham19Y0013605,1845,976,1155,117,70
1284,1,367,Sham19Y0013605,1845,679,936,182,60
1285,466,801,Sham19Y0020561,1548,654,989,269,100
1285,195,569,Sham19Y0017350,718,998,1338,231,76
1285,211,575,Sham19Y0013769,1140,542,1118,210,42
1285,674,862,Sham19Y0013769,1141,200,360,125,81
1285,1,836,ShamAY0033531,1408,943,1528,455,67
1285,836,1518,ShamAY0033531,1409,1,652,505,88
1285,235,575,Sham19Y0014224,693,7,299,164,56
1285,1069,1561,Sham19Y0014224,694,37,481,285,66
1285,712,1407,Sham19Y0122257,1587,364,789,303,53
1285,575,1452,Sham19Y0014601,2930,34,1350,694,64
1286,124,617,Sham19Y0020944,392,315,963,187,28
1286,1351,1546,Shamela0004445,2238,982,1186,149,90
1286,1351,1546,Shamela0007798,1095,204,479,121,53
1286,1351,1546,Shamela0021495,331,677,869,151,97
1286,708,1138,Sham19Y0017350,720,176,809,320,61
1286,1404,1546,Sham19Y0016584,1502,1171,1399,85,45
1286,1351,1546,Sham19Y0148486,3176,266,461,154,100
1286,1351,1536,Shamela0005733,41,1238,1410,134,91
1286,1351,1546,Shamela0001719,2723,769,1071,120,49
1286,1362,1546,Shamela0028107,376,895,1019,92,64
1286,1351,1546,JK000110,438,12,320,118,46
1286,1351,1546,Shamela0002863,1194,1263,1458,154,100
1286,1351,1546,Shamela0010444,89,835,1030,139,83
1286,124,617,Sham19Y0131521,2568,699,1292,184,29
1286,438,751,Sham19Y0127660,1478,618,1075,132,29
1286,1351,1546,Shamela0021715,2982,1066,1374,118,46
1286,1351,1546,Shamela0021715,2983,44,537,119,30
1286,1351,1546,Sham19Y0016684,736,767,1075,118,46
1286,438,617,Shamela0001727,665,459,731,134,63
1286,1178,1546,Shamela0001727,666,85,419,213,70
1286,544,1153,JK011184,457,124,657,236,36
1286,1273,1485,Sham19Y0122401,1087,921,1111,108,53
1286,124,234,Sham19Y0017437,952,519,628,83,96
1286,1351,1546,Shamela0005756,6396,787,1102,118,45
1286,124,617,Shamela0117359,462,243,830,184,29
1286,1354,1546,Shamela0009804,198,1193,1395,151,94
1286,1371,1546,ShamAY0033522,350,602,717,85,62
1286,1260,1546,Sham19Y0122406,1796,490,777,192,80
1286,124,240,Sham19Y0132524,1088,367,482,88,96
1286,124,234,Shamela0001875,855,862,971,83,96
1286,119,1252,ShamAY0033531,1409,647,1222,401,43
1286,1351,1546,Sham19Y0018106,1371,95,403,118,46
1286,1351,1546,Sham19Y0018144,1060,1015,1204,146,93
1286,1351,1546,Sham19Y0018103,1406,372,668,116,48
1286,1382,1546,Sham19Y0014462,99,532,775,65,25
1286,1351,1546,Shamela0026865,24,772,972,146,90
1286,1,175,Sham19Y0014224,694,481,727,137,69
1286,791,913,Sham19Y0014224,699,709,832,90,88
1286,1351,1546,Sham19Y0020638,544,604,799,154,100
1286,124,617,Sham19Y0020591,656,299,892,184,29
1286,1351,1546,Sham19Y0013252,3424,950,1258,118,46
1286,1351,1546,Shamela0021479,188,448,718,127,58
1286,1351,1546,Sham19Y0146127,1460,760,949,143,89
1286,1351,1546,Sham19Y0146127,1674,824,1011,146,94
1286,959,1153,Shamela0011036,1224,277,516,128,62
1286,1404,1546,Shamela0000551,1320,907,1007,77,69
1286,1359,1546,Shamela0000551,1395,1,285,110,46
1286,1351,1546,Sham19Y0017616,168,463,673,154,92
1286,1351,1546,Shamela0023422,268,462,1229,152,25
1286,1351,1546,Shamela0026366,4,734,923,148,96
1286,1362,1546,Shia002119Vols,1371,1246,1370,92,64
1286,1351,1546,Shia002119Vols,1463,392,684,116,48
1286,1354,1546,Shamela0006161,143,18,233,151,88
1286,1354,1546,Shamela0006161,144,331,541,143,82
1286,1351,1546,Sham19Y0013605,1897,940,1248,118,46
1287,1,132,Shamela0004445,2238,1186,1324,95,84
1287,1,631,Shamela0021495,331,869,1280,272,49
1287,1,132,Sham19Y0148486,2772,104,242,95,84
1287,1232,1369,Sham19Y0148486,2792,498,861,90,30
1287,1,146,Sham19Y0148486,3176,461,609,107,88
1287,1,132,Shamela0005733,42,11,150,99,86
1287,1,139,Shamela0001719,2723,1071,1188,75,69
1287,1,132,Shamela0010444,89,1030,1164,99,89
1287,1,132,Shamela0001727,666,419,558,103,93
1287,1232,1373,Sham19Y0013572,518,142,270,101,90
1287,770,1051,Shamela0005756,6383,54,333,167,62
1287,1232,1467,Sham19Y0127677,19432,1108,1415,127,53
1287,1235,1467,JK000386,438,865,1088,119,64
1287,1247,1369,Shamela0011385,1763,443,571,86,85
1287,780,1059,Shamela0001673,3507,249,560,168,59
1287,1232,1519,Shamela0023628,244,1131,1342,138,61
1287,1,361,Sham19Y0122406,1796,777,1183,156,38
1287,1232,1467,Sham19Y0122406,1799,45,305,124,61
1287,1,132,Sham19Y0018144,1060,1204,1347,103,90
1287,1239,1369,Shamela0025800,603,471,613,103,91
1287,1232,1373,Shamela0010657,865,879,1029,100,86
1287,1,132,Shamela0026865,24,972,1111,94,83
1287,1,135,Sham19Y0020638,544,799,941,105,93
1287,1211,1467,Sham19Y0020638,546,46,265,139,66
1287,1,126,Sham19Y0146127,1460,949,1078,90,85
1287,823,1299,Shamela0011036,1354,54,606,256,49
1287,396,625,Shamela0011036,1357,124,390,185,84
1287,1208,1467,Sham19Y0017616,166,1008,1228,147,71
1287,1,139,Sham19Y0017616,168,673,818,103,89
1287,1232,1373,Shamela0023422,277,1273,1423,101,86
1287,1,132,Shamela0026366,4,923,1056,99,88
1287,1219,1456,JK007065,467,411,670,130,58
1287,1,607,Sham19Y0013605,1814,92,902,193,23
1288,479,834,Sham19Y0148486,2924,504,854,234,81
1288,641,768,Sham19Y0014591,3530,342,469,100,100
1288,534,841,JK007128,569,226,560,219,83
1288,5,798,Shamela0001727,668,254,999,316,38
1288,5,436,Sham19Y0020868,410,177,786,329,66
1288,479,820,Sham19Y0013572,645,876,1221,240,88
1288,479,798,Sham19Y0127700,206,954,1276,233,92
1288,479,798,Shamela0001673,3294,1045,1350,213,83
1288,482,798,Sham19Y0014309,759,427,733,198,73
1288,479,798,Sham19Y0122406,1800,959,1269,233,91
1288,516,690,Sham19Y0132524,1092,1064,1242,131,93
1288,690,798,Sham19Y0132524,1093,246,354,85,100
1288,59,417,ShamAY0033531,1401,580,946,281,94
1288,516,820,Kraken230110004547,113,231,495,184,75
1288,520,816,Shamela0036446,393,191,485,205,85
1288,506,820,Shamela0025800,641,1112,1438,235,92
1288,479,798,ShamAY0034005,435,58,488,140,41
1288,444,820,Sham19Y0020638,546,910,1304,252,81
1288,474,798,Shamela0012703,37,477,783,226,87
1288,479,802,Sham19Y0146127,1540,1016,1311,213,81
1288,479,641,JK000609,15,546,697,107,82
1288,462,798,Sham19Y0017616,175,80,397,239,89
1288,479,802,Shamela0023422,278,940,1309,235,78
1288,479,820,JK007065,585,852,1218,244,85
1289,687,918,Sham19Y0016584,1491,1168,1399,164,83
1289,754,918,JK006897,296,1,165,133,100
1289,687,957,Sham19Y0127656,243,759,1020,162,73
1289,687,918,JK000110,104,177,386,150,77
1289,687,918,JK000110,433,845,1075,163,83
1289,687,918,Shamela0002863,1183,943,1167,168,87
1289,687,918,Sham19Y0016684,265,547,757,151,78
1289,687,918,Shamela0001727,669,5,224,176,94
1289,693,918,ShamAY0033910,610,393,608,149,81
1289,687,918,Shamela0005756,6352,560,791,164,83
1289,687,967,JK000386,816,967,1195,183,81
1289,687,927,Sham19Y0023590,328,783,1002,152,76
1289,697,918,JK000130,611,669,880,146,81
1289,270,918,Sham19Y0122406,1801,674,1178,271,43
1289,693,918,JK009324,1413,544,760,158,82
1289,687,918,Shamela0010463,52,1285,1495,151,78
1289,687,967,Shamela0001875,914,484,712,182,81
1289,687,918,Sham19Y0018106,458,230,440,151,78
1289,687,998,Sham19Y0018106,1287,132,537,204,60
1289,687,918,Sham19Y0018106,1361,401,632,164,83
1289,687,938,Sham19Y0013631,898,1248,1379,98,49
1289,693,970,Shamela0096283,53,269,566,182,71
1289,687,918,Sham19Y0020638,547,187,406,176,94
1289,697,967,JK000475,785,706,933,161,73
1289,682,967,JK000475,792,1184,1411,166,71
1289,713,967,Shia001976Vols,1102,960,1173,171,83
1289,687,918,Sham19Y0013252,1316,272,482,151,78
1289,687,918,Sham19Y0013252,3399,726,957,164,83
1289,687,967,Sham19Y0013252,3400,844,1197,176,58
1289,687,918,Shamela0011036,1296,455,676,165,87
1289,687,967,Sham19Y0017616,175,511,850,204,74
1289,687,927,Shamela0023422,280,125,352,180,93
1289,687,903,Sham19Y0018176,231,1364,1559,139,76
1289,687,918,Sham19Y0018176,726,160,391,164,83
1289,687,967,Shamela0000137,479,333,684,179,58
1289,687,918,Rafed0003902Vols,4810,1189,1396,153,77
1289,687,918,Sham19Y0013605,1888,1023,1254,164,83
1290,1102,1406,Shamela0007891,1085,566,1028,111,25
1290,1102,1406,Sham19Y0123510,466,905,1364,138,40
1290,1102,1406,Shamela0000767,1580,662,1038,103,27
1290,1102,1406,Sham19Y0148486,2923,1,508,110,23
1290,1102,1406,JK000977,1129,1,458,107,25
1290,1121,1406,JK006897,284,945,1246,113,38
1290,1102,1406,JK001284,159,148,614,114,25
1290,1102,1406,Shamela0021744,1278,151,617,144,37
1290,544,779,JK010001,1889,1209,1444,183,98
1290,1102,1406,JK010001,1890,684,1151,107,24
1290,779,1233,JK010001,1890,1,418,324,90
1290,1102,1406,JK000110,398,179,678,104,22
1290,1102,1406,JK000299,1102,175,422,116,40
1290,1102,1406,Tafsir07055,1978,614,1078,112,25
1290,544,1233,Tafsir07055,1979,57,747,539,99
1290,1102,1270,Shamela0001727,669,1184,1382,45,19
1290,1121,1406,Shamela0001727,670,1,266,116,41
1290,539,1241,Shamela0005756,5989,874,1467,425,74
1290,698,1313,Shamela0005756,5990,408,929,189,30
1290,1102,1263,JK000386,439,1251,1442,39,17
1290,1116,1406,JK000386,440,8,271,110,39
1290,1102,1377,JK000386,702,982,1420,116,32
1290,1102,1406,Shia001663Vols,389,341,716,121,31
1290,1102,1406,Sham19Y0017903,452,60,522,112,26
1290,1102,1406,Shamela0021713,368,454,886,110,26
1290,1102,1406,Sham19Y0122406,1803,375,842,122,29
1290,876,1410,Sham19Y0122406,1804,1,305,185,42
1290,1102,1406,Shamela0037837,372,558,1010,101,21
1290,1116,1406,Sham19Y0132524,1094,18,203,114,47
1290,1102,1359,Shamela0001875,889,981,1402,76,19
1290,1102,1410,Sham19Y0018144,1044,379,874,108,23
1290,1102,1406,Sham19Y0018103,1334,504,1004,101,21
1290,1102,1406,Shamela0025800,684,329,713,132,41
1290,1102,1406,ShamAY0034005,433,557,1018,130,33
1290,1125,1406,Sham19Y0020638,548,118,486,127,40
1290,532,1222,Sham19Y0013252,3179,473,1097,305,50
1290,1102,1406,Sham19Y0013252,3222,417,918,104,22
1290,1102,1406,Sham19Y0146127,1540,25,401,132,40
1290,1238,1406,JK000609,16,37,330,94,41
1290,1102,1394,Shamela0023422,281,780,1330,130,29
1290,1102,1406,JK007065,1392,547,935,129,39
1290,1102,1343,Sham19Y0018176,682,959,1402,62,15
1290,1,469,Sham19Y0122257,1591,1126,1502,224,54
1290,599,1289,Sham19Y0122257,1592,238,743,269,46
1290,701,943,Sham19Y0013605,1800,1032,1204,119,63
1290,701,1394,Sham19Y0013605,1815,496,1014,142,21
1291,1185,1349,Sham19Y0123510,410,587,780,117,76
1291,1162,1349,Shamela0021495,324,924,1132,117,61
1291,1162,1353,Sham19Y0013667,3802,651,863,107,55
1291,1188,1349,Shamela0006610,530,1070,1243,127,93
1291,1185,1349,JK000977,1129,1013,1189,128,92
1291,1185,1353,JK001284,40,401,610,127,76
1291,1185,1353,JK001284,149,1081,1261,130,92
1291,1194,1358,Shamela0002863,1087,13,196,116,79
1291,1162,1349,Shamela0001727,670,630,818,127,75
1291,1205,1353,Shamela0009810,1127,20,170,108,90
1291,348,522,Shamela0005756,5990,115,338,133,73
1291,1185,1499,Shamela0005756,6357,1,346,176,53
1291,1188,1353,JK000386,424,270,435,130,100
1291,1188,1353,JK000386,729,625,775,116,90
1291,1135,1349,Shia001663Vols,390,27,220,124,67
1291,1185,1387,Shamela0001673,3493,503,718,125,71
1291,1185,1353,Shia001731Vols,638,1104,1318,123,72
1291,1199,1304,Shamela0021713,407,741,846,83,100
1291,1162,1349,Sham19Y0122406,1804,884,1071,127,75
1291,309,780,Sham19Y0122406,1805,1,418,180,35
1291,1185,1353,Shamela0001875,863,525,705,131,92
1291,1185,1349,Sham19Y0018144,1047,761,938,113,80
1291,1194,1353,Shamela0025800,684,1062,1248,116,76
1291,1194,1349,ShamAY0035950,167,372,548,112,77
1291,1185,1349,Sham19Y0020638,548,935,1111,128,92
1291,1185,1353,Shamela0008476,820,895,1097,126,79
1291,1185,1349,Shia000820Vols,762,366,559,117,76
1291,1188,1349,Shamela0009242,2028,50,223,127,93
1291,1162,1349,Shamela0023422,283,461,655,127,73
1291,1188,1349,JK007065,1490,1218,1379,127,100
1291,1185,1349,Sham19Y0148271,2134,742,919,126,90
1291,1188,1312,Sham19Y0022884,145,487,610,91,94
1292,1192,1552,Shia002616Vols,6927,663,858,151,50
1292,743,872,Shamela0008362BK1,384,218,346,99,96
1292,1,334,Shamela0005756,5991,431,742,196,64
1292,1429,1552,Shia001663Vols,366,68,191,101,98
1292,1,304,Shamela0001673,3293,82,344,186,73
1292,961,1121,ShamAY0033531,1407,829,988,118,95
1292,1,315,Sham19Y0018103,1322,239,493,169,66
1292,778,969,Sham19Y0020638,1692,885,1038,117,77
1292,20,315,Sham19Y0013605,1801,1,652,182,32
1293,1356,1529,Shamela0004445,2230,328,501,128,88
1293,1356,1533,Shamela0007891,1083,322,498,139,97
1293,1344,1529,Shamela0008176,3541,323,506,139,90
1293,1,465,Shia002616Vols,6927,858,1203,235,61
1293,1361,1493,JK006897,316,824,956,107,100
1293,1356,1529,JK001284,98,276,448,138,98
1293,1356,1529,Shia000841Vols,3966,1314,1480,133,94
1293,1361,1529,ShamAY0033182,1408,670,838,136,100
1293,1356,1529,Shamela0025794,653,655,834,120,79
1293,1361,1541,JK007128,498,402,594,142,91
1293,1344,1529,Shamela0001727,673,428,606,139,92
1293,1384,1529,ShamIbadiyya0000771,161,1,146,118,100
1293,1361,1493,Shia002702Vols,7123,466,603,107,96
1293,1356,1541,Sham19Y0013572,506,1287,1479,135,85
1293,1330,1529,Sham19Y0127700,215,552,752,139,81
1293,976,1313,Shamela0005756,5863,395,679,164,50
1293,1356,1511,JK000386,407,1333,1487,110,86
1293,1356,1529,Shamela0001673,3386,981,1144,125,89
1293,167,333,Sham19Y0013231,6252,452,613,131,96
1293,1344,1529,Sham19Y0014309,804,903,1086,134,84
1293,1356,1533,Sham19Y0017903,457,436,612,138,96
1293,1,652,Shia001831Vols,320,107,432,252,47
1293,1361,1529,JK000201,1555,795,963,136,100
1293,1365,1529,Shamela0023628,942,1064,1237,133,94
1293,1344,1533,ShamIbadiyya0000482,96,221,402,133,87
1293,1344,1529,Sham19Y0122406,1809,766,944,139,92
1293,1324,1511,JK009237,1713,1275,1490,117,64
1293,1,353,Sham19Y0132524,1095,13,575,160,30
1293,1356,1529,Shamela0001875,881,704,876,137,97
1293,1356,1529,Sham19Y0018144,991,522,694,113,75
1293,1379,1529,Shamela0036446,409,1,163,122,92
1293,1344,1529,Shamela0025800,693,195,376,132,85
1293,1356,1533,Sham19Y0017791,868,67,246,138,94
1293,1356,1529,Sham19Y0017729,233,963,1135,138,98
1293,1330,1529,Sham19Y0020638,551,739,954,154,88
1293,153,280,Sham19Y0020638,1692,1250,1372,99,96
1293,1384,1533,Sham19Y0013252,3026,1336,1492,114,91
1293,1375,1533,Sham19Y0013252,3299,570,728,125,98
1293,1344,1529,Sham19Y0016976,865,1012,1194,141,92
1293,1330,1529,Sham19Y0017616,184,630,855,153,84
1293,1375,1533,Sham19Y0013241,1015,1112,1276,128,96
1293,1356,1529,JK007065,456,213,386,129,89
1293,1375,1529,Sham19Y0011194,120,437,596,123,95
1293,1361,1523,Tafsir06049,2008,343,508,123,91
1293,1330,1507,Sham19Y0122257,1615,1376,1561,123,82
1293,939,1324,Sham19Y0014601,3018,1063,1447,310,98
1293,1344,1529,Sham19Y0014119,296,92,283,142,90
1293,1330,1611,Sham19Y0017063,591,154,526,204,66
1293,1361,1529,Shamela0010803,245,751,925,136,96
1294,98,787,Shamela0021495,266,943,1269,189,32
1294,16,627,Sham19Y0017350,722,1084,1418,238,47
1294,1391,1642,Shamela0001727,673,570,961,81,21
1294,371,644,JK000201,1555,1218,1513,218,88
1294,61,1151,Sham19Y0122257,1617,203,892,501,54
1294,1,506,Sham19Y0017063,591,526,847,229,53
1295,710,1011,Sham19Y0013667,3785,190,487,225,94
1295,710,1034,Shamela0000767,1576,1006,1348,227,85
1295,704,1011,Sham19Y0148486,2923,1006,1331,237,93
1295,617,772,JK000977,1138,927,1200,97,45
1295,594,1011,JK006897,265,133,434,207,63
1295,735,1011,JK001284,156,1,289,211,94
1295,617,1011,JK001284,171,374,831,287,79
1295,617,867,Shamela0001727,673,974,1458,173,45
1295,867,1015,Shamela0001727,674,10,159,113,97
1295,730,1037,Sham19Y0013572,398,184,505,221,89
1295,799,937,Sham19Y0017437,997,260,413,101,82
1295,739,1011,Sham19Y0014309,791,133,420,187,83
1295,617,1011,Sham19Y0013253,415,402,796,198,52
1295,730,1034,Shamela0021713,410,1174,1379,138,57
1295,617,1011,Sham19Y0122406,1811,203,719,285,67
1295,735,1015,Sham19Y0122406,1812,373,601,140,62
1295,743,1011,Kraken230110004547,119,259,513,178,83
1295,1004,1564,Sham19Y0018144,4734,580,1143,449,98
1295,485,600,Sham19Y0018144,4736,1,116,94,100
1295,743,1011,Shamela0036446,407,592,862,190,88
1295,710,1011,Shamela0023769,208,1151,1462,217,86
1295,752,1011,Shamela0025800,682,732,1006,193,91
1295,710,1011,ShamAY0034005,434,1,336,232,88
1295,620,1015,Sham19Y0020638,552,18,456,277,76
1295,710,1011,Sham19Y0146127,1540,645,949,215,88
1295,710,933,JK000609,16,829,1042,164,92
1295,594,1015,Shamela0012052,1154,233,691,215,49
1295,620,1011,Sham19Y0017616,186,22,362,241,75
1295,617,780,Shamela0023422,294,952,1070,82,62
1295,710,1011,Shamela0023422,295,757,1137,230,77
1295,730,1011,JK007065,389,763,1056,214,93
1295,612,988,Sham19Y0014601,2914,983,1441,266,72
1295,730,1015,Shamela0021743,593,615,936,208,83
1296,1108,1486,JK010001,1911,412,721,246,81
1296,496,756,Tafsir07055,2001,987,1371,176,57
1296,1108,1486,Tafsir07055,2002,273,650,300,99
1296,735,1486,Sham19Y0131521,2576,78,482,309,51
1296,496,742,Shamela0001727,674,240,593,172,61
1296,645,1486,Shamela0005756,6224,251,834,361,51
1296,1113,1486,Shamela0001673,3418,368,688,246,81
1296,246,742,Sham19Y0122406,1812,227,1035,279,40
1296,505,894,Sham19Y0145212,1860,1353,1532,112,36
1296,514,696,Shamela0001875,859,105,308,121,78
1296,1161,1486,ShamAY0033531,1406,636,959,255,98
1296,1108,1486,Sham19Y0018144,4724,137,514,300,99
1296,1,201,Sham19Y0018144,4734,1143,1343,159,100
1296,496,703,Shamela0025800,677,15,246,135,68
1296,505,696,Sham19Y0017729,239,1066,1246,111,74
1296,337,682,Sham19Y0020638,552,116,749,167,28
1296,496,682,Sham19Y0013252,3337,947,1215,125,59
1296,496,742,ShamAY0033620,13,480,831,172,62
1296,1288,1486,Shamela0009242,2121,1,174,132,84
1296,505,742,Sham19Y0017616,188,1157,1314,89,42
1296,496,609,Shamela0023422,295,1343,1458,86,93
1296,1108,1486,Shamela0023422,298,689,1067,290,96
1296,1113,1486,Shamela0023422,300,154,471,231,75
1297,592,765,Sham19Y0013667,3801,1268,1455,124,81
1297,592,743,Sham19Y0148486,2839,628,784,121,96
1297,592,743,Shamela0006610,530,893,1050,116,92
1297,592,743,JK001284,152,307,461,119,95
1297,1,324,JK010001,1911,721,1005,220,84
1297,592,743,Shia000841Vols,3408,135,292,120,95
1297,1,324,Tafsir07055,2002,650,972,250,96
1297,592,743,Shamela0001727,674,696,852,121,96
1297,1,313,Shamela0005756,6224,834,1129,231,94
1297,592,743,Shia001663Vols,369,1344,1481,110,90
1297,226,678,Shia001663Vols,370,463,653,76,18
1297,1,281,Shamela0001673,3418,688,976,207,86
1297,169,743,Shamela0021713,407,555,1057,191,30
1297,163,743,Sham19Y0122406,1813,244,791,207,38
1297,592,743,Shamela0001875,863,807,963,121,96
1297,1,313,ShamAY0033531,1406,959,1271,247,100
1297,1,324,Sham19Y0018144,4724,514,837,256,100
1297,592,743,Sham19Y0020638,552,711,867,121,96
1297,592,743,Shamela0008476,819,800,961,121,93
1297,1,281,Shamela0009242,2121,174,459,199,83
1297,1,281,Shamela0023422,298,1067,1349,212,95
1297,1,130,Shamela0023422,300,471,605,101,95
1297,592,743,Shamela0023422,301,1142,1298,121,96
1297,592,743,Sham19Y0011194,121,871,1025,104,74
1298,492,719,Sham19Y0020944,430,124,396,139,59
1298,480,700,Shamela0007891,1047,1203,1406,157,88
1298,492,662,Sham19Y0123510,995,1341,1501,122,87
1298,452,673,Sham19Y0016584,2962,1286,1491,141,78
1298,492,704,Sham19Y0148486,2768,529,748,165,94
1298,492,704,Sham19Y0148486,2803,870,1093,163,90
1298,486,700,Sham19Y0148486,5667,83,290,156,89
1298,462,700,Shamela0008176,3393,785,1015,163,84
1298,480,700,JK001284,207,895,1108,151,83
1298,357,1222,Shamela0021744,1462,624,1130,258,35
1298,452,700,JK000110,1073,385,617,162,80
1298,422,860,ShamAY0034447,1218,992,1466,211,43
1298,357,1222,JK000299,1249,640,1146,258,35
1298,480,700,Shamela0011428,1139,937,1148,153,85
1298,492,704,Sham19Y0131521,2811,233,499,143,62
1298,525,1508,Sham19Y0131521,2821,847,1262,236,28
1298,452,700,Shamela0021715,6395,1026,1258,162,80
1298,496,704,Shamela0021715,6396,1,295,152,64
1298,31,658,Shamela0001727,675,827,1492,261,36
1298,496,704,JK006838,842,504,700,142,82
1298,496,704,JK006838,1137,879,1090,151,88
1298,496,704,JK006838,1276,112,317,153,92
1298,492,752,Sham19Y0013572,765,120,386,152,61
1298,357,700,Sham19Y0127700,219,970,1381,195,52
1298,492,700,Shamela0005756,6324,697,907,161,94
1298,480,860,Shamela0005756,10847,551,917,197,64
1298,448,860,JK000386,458,158,594,193,46
1298,492,704,Shamela0117359,500,940,1204,143,63
1298,492,744,Shamela0006947,17792,944,1180,153,68
1298,501,866,Shamela0005922,1702,86,695,208,42
1298,1021,1171,Masaha001961Vols,1341,1,211,120,71
1298,357,719,Shamela0035100,201,1132,1495,193,52
1298,492,700,Shamela0035100,348,151,358,150,85
1298,367,700,JK000271,182,476,805,199,62
1298,492,700,Sham19Y0017903,478,208,422,165,97
1298,480,700,Shamela0021713,341,1214,1443,170,93
1298,492,744,JK006950,1490,1186,1422,155,69
1298,486,704,JK006950,1816,1243,1429,137,77
1298,357,700,ShamAY0033181,631,45,387,160,41
1298,1246,1397,JK000201,1584,1014,1163,116,96
1298,343,700,JK000201,1585,139,549,142,30
1298,357,719,Shamela0010906,386,495,858,193,52
1298,492,700,Shamela0010906,532,810,1017,150,85
1298,511,700,Shamela0023685,1407,585,771,146,97
1298,31,748,Sham19Y0122406,1815,615,1461,314,36
1298,480,732,Shamela0037837,394,547,816,159,70
1298,492,700,Sham19Y0001734,1456,612,790,136,79
1298,492,860,Sham19Y0132524,1097,364,1130,160,25
1298,438,700,Shamela0001875,864,989,1250,178,78
1298,452,712,Sham19Y0037618,6347,849,1085,164,77
1298,496,732,Kraken230110004547,126,81,316,165,85
1298,452,1171,Sham19Y0018106,1353,679,1382,247,29
1298,452,860,Sham19Y0018106,2758,176,498,192,55
1298,492,668,JK000381,7184,1119,1482,117,38
1298,486,870,JK000381,7511,11,385,160,43
1298,357,700,Shamela0036446,421,1117,1418,148,41
1298,492,700,ShamAY0032778,8,212,430,158,91
1298,452,700,Sham19Y0018103,2655,526,758,162,80
1298,492,860,Shamela0025800,737,6,355,191,65
1298,480,700,Sham19Y0017791,828,413,1069,126,22
1298,367,700,Sham19Y0123608,617,162,568,181,52
1298,563,700,Sham19Y0017729,244,1,136,108,98
1298,501,860,Shia003732Vols,3622,1,297,165,52
1298,835,1119,Zaydiyya0000037Vols,221,1152,1454,167,57
1298,480,887,Sham19Y0023618,2200,567,1119,224,50
1298,367,860,Sham19Y0020638,553,48,716,190,28
1298,367,704,ShamAY0034371,267,84,608,177,37
1298,492,700,Masaha001864Vols,1968,24,243,162,93
1298,357,686,Shia001976Vols,610,1154,1474,184,64
1298,492,704,Sham19Y0020591,716,642,906,143,63
1298,452,700,Sham19Y0013252,6562,131,363,162,80
1298,492,860,Sham19Y0146127,1458,312,700,197,63
1298,486,700,Sham19Y0146127,3105,164,371,156,89
1298,480,700,Sham19Y0016976,827,909,1134,155,81
1298,357,704,Sham19Y0017616,188,735,1136,208,63
1298,357,700,Shamela0023422,304,432,889,168,37
1298,343,748,JK007065,803,292,798,220,51
1298,452,700,Sham19Y0018176,1534,340,572,162,80
1298,492,700,Sham19Y0122257,1552,11,208,152,90
1298,575,700,Sham19Y0014601,3180,1,126,100,100
1298,357,700,Sham19Y0014119,283,295,670,183,47
1298,511,700,Sham19Y0017063,565,1,179,137,89
1298,480,700,Shamela0010803,237,1221,1430,161,90
1298,492,700,Sham19Y0014325,2160,258,470,163,96
1298,357,700,Shamela0008360,392,233,627,170,41
1298,841,1176,Shamela0000791,516,1167,1448,215,79
1298,1171,1347,Shamela0000791,517,197,375,135,95
1298,829,1508,Shamela0000791,518,740,1482,451,67
1298,961,1347,Sham19Y0013605,1881,1,336,248,80
1298,442,700,Sham19Y0013605,3231,548,780,166,79
1298,452,866,Shamela0010517,1224,84,431,203,58
1298,1171,1409,Shamela0010517,1225,484,720,180,94
1299,379,956,Sham19Y0131521,2821,71,817,309,48
1299,802,990,Shamela0000791,517,1,182,123,79
1299,164,956,Shamela0000791,519,8,787,595,90
1299,508,842,Sham19Y0013605,1881,371,596,168,63
1300,1249,1507,ShamAY0035035,2513,414,758,144,51
1300,1249,1507,ShamAY0035035,2644,891,1235,144,51
1300,1305,1465,JK001284,81,529,674,115,90
1300,462,1465,Shamela0001727,677,335,1118,301,29
1300,1308,1465,Shamela0012014,191,587,744,125,100
1300,1305,1503,Sham19Y0017903,479,156,334,135,86
1300,1199,1408,ShamIbadiyya0000482,201,97,677,143,31
1300,462,1300,Sham19Y0122406,1818,267,1388,336,31
1300,871,1465,Sham19Y0132524,1099,115,819,214,30
1300,1305,1503,Sham19Y0017729,244,734,912,135,86
1300,706,1188,JK000665,8,615,1043,292,70
1300,1305,1465,Shamela0023422,319,1006,1166,127,100
1300,525,706,Shamela0000791,516,940,1083,102,70
1300,531,706,Shamela0010517,1203,288,478,137,92
1300,531,706,Shamela0010517,1233,507,697,137,92
1301,731,996,ShamAY0035035,2513,731,998,57,16
1301,731,996,ShamAY0035035,2644,1208,1475,57,16
1301,745,991,Sham19Y0122402,562,1118,1246,77,39
1301,717,1561,Shamela0001727,678,26,460,243,32
1301,750,996,Shamela0011385,3794,1253,1360,73,38
1301,489,996,Shia001831Vols,321,594,821,164,39
1301,745,991,Shamela0010527,587,724,852,77,39
1301,916,1561,Sham19Y0122406,1820,10,687,244,35
1301,449,784,ShamAY0033531,1446,331,633,67,20
1301,750,1240,Sham19Y0018144,4674,21,737,225,32
1301,731,1182,Sham19Y0018103,1301,7,459,82,14
1301,717,1543,Sham19Y0020638,555,137,584,174,23
1301,717,996,ShamAY0031687,349,437,575,104,46
1301,712,996,Sham19Y0013252,3115,469,641,90,37
1301,717,996,Sham19Y0146127,1533,697,833,84,39
1301,717,996,Shamela0023422,320,78,230,104,44
1301,1,483,Sham19Y0122257,1591,260,514,192,48
1301,745,991,Shamela0023735,2630,192,319,74,38
1301,731,1337,Sham19Y0013605,1777,275,780,165,27
1302,28,145,Sham19Y0020561,1535,125,261,90,85
1302,17,145,Shamela0004445,2280,868,996,98,99
1302,25,192,JK007064,96,356,573,107,63
1302,17,145,Shamela0012415,290,536,664,98,99
1302,7,145,Kraken220314171616,468,249,385,99,92
1302,17,145,Sham19Y0148486,2909,823,964,98,90
1302,28,145,Shamela0006610,95,1242,1363,91,96
1302,17,443,Shamela0008176,3470,141,597,148,31
1302,25,145,ShamAY0033975,582,953,1092,93,86
1302,7,152,Shia000841Vols,3703,72,220,108,92
1302,17,145,Shamela0002863,1161,791,921,98,97
1302,17,145,Shamela0001727,678,540,668,98,99
1302,17,192,Shamela0005922,1719,81,274,109,74
1302,25,145,Sham19Y0014309,2720,760,905,93,82
1302,28,145,JK000271,183,1143,1277,91,87
1302,17,145,Sham19Y0017903,437,622,755,98,95
1302,25,145,JK000201,1509,1089,1212,92,95
1302,28,145,Sham19Y0013785,1249,178,295,91,100
1302,17,145,Sham19Y0122406,1820,767,895,98,99
1302,998,1143,Sham19Y0122406,1821,700,953,111,54
1302,25,145,Sham19Y0132524,1100,1030,1154,93,96
1302,168,718,ShamAY0033531,1445,30,324,226,51
1302,1160,1485,ShamAY0033531,1454,1326,1633,199,75
1302,998,1246,Sham19Y0018144,4719,860,1304,115,29
1302,25,145,Sham19Y0013577,1470,507,640,88,82
1302,17,145,Sham19Y0017729,221,1082,1210,98,99
1302,1259,1535,Sham19Y0014224,682,114,772,123,20
1302,28,145,Sham19Y0020638,555,592,709,91,100
1302,17,145,Sham19Y0146127,1533,125,249,95,96
1302,28,145,Shamela0009242,373,811,932,91,96
1302,36,145,Shamela0009242,374,1,110,85,100
1302,17,145,Sham19Y0017616,172,1136,1278,97,88
1302,17,145,Shamela0023422,322,885,1028,98,88
1302,17,145,Shamela0023422,324,1370,1498,98,99
1302,7,145,Shamela0021843,1216,294,430,100,93
1302,25,192,Shamela0007264,34,589,783,106,70
1302,25,145,Sham19Y0013783,940,77,212,90,83
1302,25,443,Sham19Y0017063,579,588,966,146,30
1302,17,145,Shamela0010803,242,636,789,99,83
1303,1139,1299,Shamela0007891,1086,327,477,109,83
1303,1139,1299,Sham19Y0123510,468,957,1108,111,84
1303,1139,1295,Sham19Y0123510,484,1300,1453,114,88
1303,191,706,Sham19Y0013769,1124,696,1300,306,58
1303,1139,1413,Sham19Y0148486,2934,800,1055,149,57
1303,1139,1327,Sham19Y0148486,2945,1074,1251,124,81
1303,839,1254,Shamela0006610,552,400,638,82,18
1303,1139,1295,JK000977,1146,1245,1401,123,99
1303,1152,1304,JK006897,286,893,1028,95,78
1303,1139,1295,JK001284,31,963,1119,123,99
1303,1139,1295,Sham19Y0127656,226,1299,1438,106,86
1303,1139,1327,Shamela0002863,1178,801,978,123,81
1303,839,1211,Shamela0011428,1075,1106,1490,88,17
1303,839,1295,Shamela0001727,679,180,489,149,32
1303,1152,1295,Sham19Y0017437,942,172,311,111,97
1303,1139,1295,ShamAY0033910,612,592,739,116,93
1303,1,202,Shamela0005756,5971,949,1152,140,82
1303,854,1254,JK000386,712,1,236,67,15
1303,1139,1295,Shamela0011385,1836,257,398,107,87
1303,839,1295,Sham19Y0014309,748,1016,1179,73,17
1303,1139,1295,JK000130,613,836,983,116,93
1303,839,1295,Sham19Y0122406,1821,953,1262,149,32
1303,1147,1295,Sham19Y0127713,826,543,703,114,87
1303,839,1216,Sham19Y0132524,1101,1312,1437,62,18
1303,1139,1295,Shamela0001875,890,225,366,104,84
1303,1,202,ShamAY0033531,1455,51,252,158,99
1303,1304,1493,ShamAY0033531,1458,1398,1589,140,85
1303,844,1123,Sham19Y0018106,1267,1057,1457,155,41
1303,1139,1295,Sham19Y0018144,1062,365,677,122,49
1303,839,1269,Shamela0025800,631,613,1225,132,20
1303,839,1199,Rafed0002209Vols,88,1290,1485,43,10
1303,124,734,Sham19Y0014224,682,617,1397,412,62
1303,1139,1304,ShamAY0034005,486,1226,1391,115,85
1303,1139,1295,ShamAY0035950,187,1,155,115,88
1303,1139,1299,Sham19Y0006684,1258,1109,1252,103,81
1303,839,1295,Sham19Y0020638,556,591,971,153,30
1303,1139,1295,JK000475,789,932,1080,113,91
1303,1139,1295,Shia000820Vols,860,701,854,113,88
1303,1139,1295,Sham19Y0013252,3178,130,271,104,84
1303,839,1295,Sham19Y0146127,1545,811,1153,167,36
1303,1139,1295,Sham19Y0146127,1550,1030,1157,93,75
1303,839,1254,Shamela0009242,2094,204,452,84,18
1303,1129,1295,Sham19Y0017616,173,384,546,124,92
1303,1139,1299,Sham19Y0013241,954,1387,1542,115,89
1303,1139,1295,Shamela0000041,1724,963,1111,110,85
1303,839,1295,Shamela0023422,326,867,1195,154,33
1303,839,1295,JK007065,463,1035,1371,105,20
1303,1139,1295,Sham19Y0014325,2383,1335,1498,124,95
1304,382,833,Sham19Y0123510,470,411,835,101,21
1304,883,1474,Shamela0021495,300,703,1231,385,80
1304,1050,1485,Sham19Y0013769,1121,611,1247,286,54
1304,382,833,Sham19Y0013769,1125,832,1068,104,25
1304,879,1209,Shia000841Vols,3743,105,641,111,21
1304,883,1261,Sham19Y0131521,2663,1283,1566,192,63
1304,193,1082,Shamela0001727,679,463,1061,184,19
1304,392,948,Sham19Y0013572,515,302,651,133,25
1304,1270,1498,Shamela0005756,5972,11,225,153,81
1304,1050,1209,Shamela0010664,1032,1029,1444,113,34
1304,382,948,Sham19Y0014309,748,878,1122,104,23
1304,1156,1474,ShamIbadiyya0000433,613,20,263,180,70
1304,815,1126,JK000201,1513,1119,1529,161,44
1304,193,474,Sham19Y0122406,1821,1236,1475,90,28
1304,1248,1498,Sham19Y0127713,827,8,196,139,67
1304,193,474,Shamela0001875,890,340,628,105,45
1304,989,1498,ShamAY0033531,1458,1,498,389,93
1304,7,264,ShamAY0033531,1459,1,234,161,72
1304,193,474,Sham19Y0018144,1062,651,955,91,35
1304,1114,1498,Sham19Y0018103,1317,748,1088,221,69
1304,382,1104,Shamela0025800,631,400,906,163,24
1304,1050,1485,Sham19Y0014224,680,170,679,309,74
1304,193,948,Sham19Y0020638,556,945,1170,142,22
1304,879,1192,Shamela0011468BK1,935,407,993,142,28
1304,1050,1498,Shamela0000551,1414,574,1090,251,50
1304,888,1192,Sham19Y0020590,170,256,666,149,40
1304,193,474,Shamela0023422,326,1169,1427,90,27
1304,392,948,JK007065,463,789,1208,131,21
1304,879,1192,Sham19Y0013783,966,32,560,142,32
1305,967,1345,Sham19Y0013769,1124,29,502,187,42
1305,551,1130,ShamAY0038390,123,906,1466,427,90
1305,803,1324,Sham19Y0131521,2658,471,882,299,68
1305,747,1431,Sham19Y0014309,747,1,485,379,67
1305,916,1169,JK000201,1514,567,771,146,70
1305,546,718,Sham19Y0001734,1481,1341,1522,117,80
1305,845,1283,Sham19Y0014224,682,4,377,214,51
1305,907,1283,Masaha001946Vols,584,359,609,149,45
1306,276,478,Sham19Y0148486,7653,1337,1539,164,100
1306,238,609,Shamela0001727,680,379,735,57,11
1306,1,546,Sham19Y0014309,747,950,1534,376,72
1306,546,1143,Sham19Y0014309,748,1,565,368,71
1306,1179,1443,Sham19Y0014224,680,897,1175,215,94
1306,1277,1461,Masaha001864Vols,5638,167,353,137,89
1306,238,609,JK007065,444,606,961,63,13
1307,352,812,Shamela0021495,301,750,1073,189,46
1307,836,1743,Sham19Y0017350,712,83,775,481,60
1307,344,544,Sham19Y0013667,3762,615,855,124,60
1307,439,1000,Sham19Y0013769,1129,1017,1578,206,30
1307,349,597,Sham19Y0148486,2920,406,789,113,30
1307,349,597,JK000977,1150,437,985,166,38
1307,1253,1743,Sham19Y0132974,80,543,1023,309,69
1307,1526,1711,Shamela0021590,738,1,180,128,76
1307,1253,1743,Sham19Y0016684,672,650,1146,311,68
1307,163,597,Shamela0001727,681,361,1229,277,37
1307,349,556,Sham19Y0013572,515,827,1027,122,64
1307,163,506,Sham19Y0127700,205,968,1507,118,23
1307,1268,1743,Masaha001961Vols,1348,420,875,359,89
1307,1392,1743,Shamela0012532,61,765,1130,281,89
1307,277,597,Sham19Y0122406,1825,606,1223,228,45
1307,344,544,Shia002003Vols,998,469,724,146,71
1307,344,544,Sham19Y0018144,1067,998,1289,145,62
1307,439,1603,Sham19Y0014224,685,119,1181,542,44
1307,289,625,Sham19Y0020638,558,1010,1392,203,63
1307,344,597,Sham19Y0146127,1538,543,719,98,43
1307,442,597,Shamela0023422,352,1,257,111,54
1307,465,597,Shamela0023422,354,1,593,84,16
1307,344,544,JK007065,464,154,378,122,60
1307,772,1419,Sham19Y0122257,1593,501,924,211,35
1307,355,1160,Sham19Y0017063,580,1023,1533,265,35
1307,1289,1711,Sham19Y0017063,581,137,487,250,66
1307,163,506,Sham19Y0133413,33,1371,1498,92,33
1308,672,944,Sham19Y0020561,319,321,553,155,68
1308,770,1255,Shamela0021495,301,90,491,165,34
1308,5,448,Sham19Y0017350,712,756,1215,357,94
1308,19,437,Sham19Y0013769,1130,584,1015,243,57
1308,77,448,Zaydiyya0000072,52,452,597,114,36
1308,412,766,Shamela0008176,3494,809,1031,115,36
1308,24,541,Sham19Y0017747,1009,885,1330,191,36
1308,293,496,Sham19Y0017747,1010,1094,1400,139,56
1308,667,1274,JK000977,1151,21,643,170,21
1308,34,766,Shamela0021590,738,187,666,203,27
1308,667,1274,Shamela0001727,682,83,679,206,28
1308,1154,1329,Shamela0005922,1746,395,665,130,61
1308,1,459,Shamela0012532,61,1130,1582,372,98
1308,1396,1598,Shamela0012532,65,768,969,158,97
1308,1,459,Sham19Y0014224,685,1192,1615,240,52
1308,467,1329,Sham19Y0020638,559,309,986,223,25
1308,464,760,Shamela0023422,352,187,712,147,34
1309,80,642,Shamela0021495,299,832,1119,192,42
1309,689,1098,Sham19Y0017747,1011,351,693,197,49
1309,1,401,Shia000841Vols,3760,869,1428,242,49
1309,1232,1543,Shamela0001727,683,181,634,164,39
1309,616,917,Shia001831Vols,322,132,291,106,43
1309,1,417,Shamela0012532,65,969,1388,327,95
1309,1232,1543,Sham19Y0122406,1828,472,1131,143,24
1309,1232,1543,Sham19Y0132524,1105,311,529,135,54
1309,1232,1543,Sham19Y0020638,559,1083,1304,115,45
1309,1269,1543,Shamela0023422,360,362,909,114,21
1309,538,917,Sham19Y0122257,1601,93,376,209,66
1310,355,832,Sham19Y0013769,1129,445,1052,227,42
1310,19,773,Sham19Y0014224,684,277,1420,404,41
1310,7,225,Sham19Y0020590,171,928,1114,107,59
1310,355,711,Sham19Y0014601,3037,118,699,161,32
1311,702,1182,Shamela0021495,307,922,1351,201,44
1311,836,1417,JK010001,1962,1155,1488,174,35
1311,836,1417,Tafsir07055,2056,958,1291,174,35
1311,409,770,Sham19Y0131521,2654,262,421,117,39
1311,160,836,Shamela0001727,684,1,406,213,36
1311,360,501,Shamela0022579,73,604,765,102,78
1311,136,501,Sham19Y0122406,1829,790,1165,187,52
1311,360,501,Sham19Y0001734,1477,601,744,113,98
1311,136,553,Sham19Y0132524,1106,797,1122,192,54
1311,217,770,ShamAY0033531,1453,366,1084,364,60
1311,360,770,Sham19Y0018103,1324,1197,1520,210,61
1311,708,1102,Shamela0000551,1441,344,663,159,45
1311,136,501,Shamela0023422,361,283,659,186,52
1311,136,547,Shamela0023422,364,83,747,200,33
1311,708,1097,Shamela0000791,515,1038,1448,230,64
1311,430,799,Sham19Y0013605,1804,89,518,151,39
1312,1219,1485,Shamela0021715,2744,578,830,197,88
1312,1145,1485,Shamela0005756,11226,143,467,177,55
1312,1,1269,Shia001831Vols,322,889,1293,305,29
1312,1181,1485,JK000201,3656,1016,1266,187,74
1312,1,588,JK000201,3657,234,807,458,97
1312,633,1111,Shamela0010527,1240,227,599,170,35
1312,625,1485,Sham19Y0122406,1834,1,865,599,80
1312,633,1485,Sham19Y0132524,1109,371,1004,404,56
1312,1,237,ShamAY0033531,1463,1292,1528,191,100
1312,237,665,ShamAY0033531,1464,1,419,293,76
1312,656,1008,Sham19Y0018144,4733,1,386,241,76
1312,1072,1440,Sham19Y0013252,3229,146,404,191,61
1312,1338,1485,Sham19Y0013252,6825,1,128,96,78
1312,350,594,Shamela0011036,1294,1210,1455,189,97
1312,1017,1485,Shamela0011036,1299,11,594,312,57
1312,106,588,Shamela0001535,1457,332,674,244,61
1312,1,106,Rafed0003902Vols,467,251,356,84,100
1312,106,588,Sham19Y0013605,1818,266,602,241,59
1313,514,1194,Shamela0001727,686,745,1467,221,26
1313,449,945,Sham19Y0122406,1834,835,1400,172,26
1313,602,781,ShamAY0033531,1459,1381,1562,130,86
1314,567,1236,Sham19Y0131521,2745,435,1086,505,91
1314,1236,1588,JK000201,1569,421,771,282,98
1314,1268,1588,Shamela0000791,525,183,496,242,92
1314,1,410,Sham19Y0013605,582,1247,1529,149,41
1315,234,1247,Shamela0001727,687,473,1294,185,16
1315,720,849,JK000201,1550,143,677,98,22
1315,1,365,JK000201,1569,771,1119,283,95
1315,822,1247,Sham19Y0132524,1111,855,1106,101,29
1315,549,1247,Sham19Y0020638,564,340,903,141,20
1315,234,1247,Shamela0023422,385,546,1401,187,16
1315,822,1360,Shamela0023422,391,966,1474,147,28
1315,1,216,Shamela0000791,525,496,712,159,86
1316,175,501,Shamela0001727,687,1203,1440,86,29
1316,554,693,Shamela0001727,688,403,736,107,40
1316,899,1392,Shamela0001727,689,156,625,168,27
1316,554,693,Sham19Y0122406,1838,798,1132,107,40
1316,615,765,Sham19Y0122406,1839,298,467,108,78
1316,444,697,Sham19Y0132524,1111,940,1292,129,42
1316,615,888,ShamAY0033531,1419,17,260,179,80
1316,1448,1578,ShamAY0033531,1496,747,877,105,100
1316,1448,1578,Sham19Y0018144,4819,1042,1172,105,100
1316,170,375,Sham19Y0014224,722,318,548,156,84
1316,444,693,Sham19Y0020638,564,702,1104,116,34
1316,615,810,JK000475,801,423,824,102,30
1316,615,765,Shamela0000551,1323,442,547,84,70
1316,554,765,Sham19Y0017616,180,52,428,131,43
1316,202,428,Shamela0000791,524,850,1127,171,74
1316,765,888,Sham19Y0013605,1827,620,741,95,95
1317,432,581,Sham19Y0020944,418,96,245,118,97
1317,432,590,Shamela0007891,1111,375,536,120,91
1317,437,576,Sham19Y0013667,3885,1074,1214,113,99
1317,432,648,Sham19Y0018609,362,1031,1286,141,65
1317,432,581,Sham19Y0148486,3003,718,867,118,97
1317,432,576,Shamela0005733,5,68,212,117,100
1317,422,621,Shamela0006610,332,895,1101,133,80
1317,432,581,JK000977,1162,226,376,118,97
1317,422,576,Shia002616Vols,836,1313,1466,116,92
1317,432,629,Shamela0012293,2889,1221,1429,133,78
1317,432,576,Shamela0021744,1220,970,1114,114,97
1317,437,576,Shamela0001719,1806,918,1058,113,99
1317,432,576,Shamela0001719,2317,94,237,114,97
1317,432,576,Shamela0028107,410,94,240,117,98
1317,432,576,Shamela0021809,102,916,1058,112,95
1317,432,581,Shia000841Vols,1980,308,444,105,87
1317,432,576,JK000299,1053,1207,1351,114,97
1317,432,576,JK000677,100,753,896,115,97
1317,432,581,Shamela0002863,720,137,286,118,97
1317,432,576,Sham19Y0014591,3389,1128,1272,117,100
1317,432,576,Shamela0025794,4104,341,485,114,97
1317,432,576,Shamela0011428,1104,633,777,117,100
1317,1103,1323,Sham19Y0131521,2744,1058,1265,162,88
1317,688,913,Sham19Y0131521,2746,32,285,148,72
1317,432,576,Shamela0001727,689,481,625,117,100
1317,432,576,Shamela0117359,488,1309,1453,117,100
1317,432,629,Shamela0005922,1221,79,264,119,73
1317,432,629,ShamAY0033181,611,1192,1389,137,84
1317,432,576,Shamela0001442,419,702,845,116,99
1317,432,576,ShamAY0033522,387,1168,1312,117,100
1317,432,576,ShamIbadiyya0000482,180,974,1118,116,99
1317,432,576,Sham19Y0122406,1840,95,239,117,100
1317,432,576,Shamela0012399,2050,854,998,117,100
1317,432,576,Shamela0009371,42,284,424,110,90
1317,437,571,Zaydiyya0000149,109,410,545,109,99
1317,432,571,Sham19Y0001734,665,784,923,113,100
1317,432,576,Sham19Y0132524,1112,998,1142,117,100
1317,437,576,Shia002003Vols,1037,901,1042,113,98
1317,1,339,ShamAY0033531,1496,877,1208,251,85
1317,1,265,Sham19Y0018144,4819,1172,1420,161,69
1317,432,576,Sham19Y0014462,91,37,181,117,100
1317,432,648,ShamAY0034005,472,1073,1290,144,81
1317,432,576,Sham19Y0006684,1367,893,1037,117,100
1317,432,576,Sham19Y0020638,565,377,521,117,100
1317,437,576,JK000475,808,1267,1411,113,96
1317,432,576,Sham19Y0020591,698,903,1381,117,30
1317,432,576,Shamela0021479,180,252,396,114,97
1317,432,576,Shamela0000551,1522,373,517,117,100
1317,422,590,Shamela0009242,1365,938,1105,122,90
1317,432,576,Sham19Y0013241,1001,395,537,112,95
1317,432,629,Shamela0000041,231,38,266,136,74
1317,432,576,Shamela0023422,398,136,280,117,100
1317,432,633,Shamela0023422,401,1014,1209,133,80
1317,432,576,Shia002119Vols,1610,665,821,117,92
1317,432,571,Tafsir06049,966,355,805,54,12
1317,432,621,Sham19Y0020699,603,742,921,127,83
1317,432,576,Shamela0013033,87,1280,1423,115,97
1318,19,437,Shia001831Vols,323,1,271,182,52
1318,816,1112,Shia001831Vols,323,271,488,113,39
1318,944,1601,Sham19Y0132524,1114,37,265,139,24
1318,939,1388,Masaha001864Vols,4966,787,1247,363,96
1318,1378,1601,Shamela0023422,407,540,781,117,57
1319,1341,1457,Shamela0004445,2328,1176,1288,83,92
1319,1341,1457,Sham19Y0016584,1433,1238,1350,83,92
1319,1341,1457,Sham19Y0127656,233,717,829,83,92
1319,626,1457,JK010001,1997,568,1256,223,26
1319,1341,1457,JK000110,407,39,151,83,92
1319,764,1457,Tafsir07055,2093,1,584,226,32
1319,1341,1457,Shamela0011428,1106,60,176,89,98
1319,1341,1457,Shamela0021715,2786,1095,1207,83,92
1319,1341,1457,Sham19Y0016684,709,514,626,83,92
1319,631,865,Shamela0001727,692,117,483,176,57
1319,1341,1457,JK000386,753,766,878,83,92
1319,728,871,JK000386,934,1271,1421,107,87
1319,740,857,Sham19Y0013253,418,749,870,95,96
1319,740,951,ShamAY0033181,142,857,1070,130,68
1319,124,1037,Sham19Y0122406,1844,76,1096,421,39
1319,1341,1457,JK009324,1345,1137,1242,73,80
1319,1256,1457,Shamela0037837,383,1080,1262,96,47
1319,1341,1457,Shamela0001875,933,585,697,83,92
1319,1,113,ShamAY0033531,1497,495,607,91,100
1319,951,1547,ShamAY0033531,1498,349,962,461,91
1319,1341,1457,Sham19Y0018106,1304,725,837,83,92
1319,1341,1457,Sham19Y0018103,1352,508,620,83,92
1319,124,490,JK009256BK2,213,651,1072,199,56
1319,740,1129,Shamela0021723,474,826,1150,108,24
1319,725,1444,Sham19Y0020638,566,903,1428,169,21
1319,1341,1457,Sham19Y0018176,693,742,854,83,92
1319,725,1331,Sham19Y0122257,1610,126,572,228,37
1319,728,865,Sham19Y0014119,294,481,623,111,96
1319,1341,1457,Sham19Y0013605,1835,991,1103,83,92
1320,1250,1560,Shamela0021495,313,234,401,111,44
1320,1062,1560,Sham19Y0017747,1015,9,265,135,29
1320,921,1057,Shamela0001727,692,587,723,112,100
1320,921,1057,Sham19Y0122406,1845,281,419,111,97
1320,1,910,ShamAY0033531,1498,962,1495,429,58
1320,220,903,Sham19Y0018103,1355,1185,1527,199,35
1320,1324,1461,Sham19Y0020638,1697,161,298,112,100
1320,1057,1209,Shamela0000791,523,472,623,118,94
1320,29,916,Sham19Y0013605,1840,592,1125,379,51
1321,1,555,Sham19Y0017747,1015,303,853,278,54
1321,270,634,Sham19Y0018103,1355,545,731,141,48
1321,918,1416,Sham19Y0017616,182,8,353,168,37
1321,270,634,Sham19Y0013605,1839,766,985,168,57
1322,1120,1537,Sham19Y0013769,1186,912,1295,213,60
1322,281,467,Sham19Y0148486,3018,1067,1284,120,64
1322,205,467,Shamela0008176,3578,136,295,126,60
1322,1159,1434,Sham19Y0017747,1021,356,560,147,61
1322,277,467,JK000977,1171,898,1079,142,94
1322,281,467,JK000977,1172,45,272,123,66
1322,205,467,Shamela0021744,1225,1293,1452,126,60
1322,1159,1448,Shia000841Vols,3838,634,936,116,39
1322,205,467,JK000299,1058,157,316,126,60
1322,277,467,Shamela0025794,877,1242,1401,126,83
1322,277,467,Shamela0011428,1112,975,1161,147,97
1322,998,1114,Sham19Y0131521,2790,1141,1257,94,100
1322,205,467,Shamela0001727,694,991,1353,202,70
1322,281,467,Shamela0001727,695,231,452,124,66
1322,277,504,Sham19Y0013572,227,1067,1316,153,71
1322,277,467,Sham19Y0127700,211,110,327,136,73
1322,299,504,ShamAY0034206,920,299,759,119,32
1322,281,467,Shamela0005756,6274,764,980,122,64
1322,299,467,Shamela0011385,2070,1,222,116,61
1322,277,467,Sham19Y0014309,781,1007,1201,123,71
1322,205,467,ShamAY0033181,615,108,262,122,58
1322,1120,1448,JK000201,1553,264,592,268,99
1322,205,508,Sham19Y0122406,1849,299,691,138,39
1322,277,467,Shamela0026668,32,891,1059,132,87
1322,281,467,Sham19Y0001734,1490,509,729,124,69
1322,205,584,Sham19Y0132524,1118,132,521,165,39
1322,205,429,Kraken230110004547,117,1262,1418,87,41
1322,277,514,Sham19Y0018144,1098,448,710,169,80
1322,281,467,Shamela0036446,403,170,384,126,69
1322,277,471,Shamela0025800,670,1249,1483,137,69
1322,394,1477,Sham19Y0014224,722,327,1575,505,39
1322,277,467,ShamAY0034005,478,35,204,104,64
1322,277,467,Sham19Y0020638,569,1195,1386,150,99
1322,281,471,Sham19Y0020638,570,253,477,121,64
1322,281,467,Shia001976Vols,1001,667,889,129,70
1322,205,467,Sham19Y0017616,182,718,1245,156,36
1322,1159,1448,Shamela0096232,93,834,1024,113,46
1322,277,467,Shamela0023422,429,581,798,150,87
1322,277,467,Shamela0023422,431,168,457,150,65
1322,281,467,Shamela0023422,432,93,314,124,66
1322,205,467,JK007065,104,111,381,149,62
1322,1145,1537,Sham19Y0150962,1009,672,1015,268,84
1322,221,467,Sham19Y0014325,2423,702,1005,147,58
1322,277,467,Shamela0021743,605,224,435,140,80
1322,394,798,Shamela0000791,523,1176,1561,277,84
1322,798,1537,Shamela0000791,524,1,728,511,77
1323,1144,1312,Shamela0004445,2339,421,593,128,92
1323,1144,1312,ShamAY0032767,21,660,827,132,98
1323,1053,1587,Shamela0021495,315,1122,1314,136,31
1323,104,342,Sham19Y0016584,1469,403,652,113,43
1323,168,379,Sham19Y0148486,3018,797,1031,171,89
1323,375,689,ShamAY0035955,403,956,1201,153,54
1323,1170,1587,Shamela0008176,3532,608,869,184,54
1323,869,1312,JK001284,59,594,899,161,44
1323,1053,1312,JK010001,1965,376,680,153,53
1323,104,342,JK000110,423,322,565,113,43
1323,1155,1312,Shamela0025794,2673,1,156,115,91
1323,1053,1312,Tafsir07055,2059,362,704,189,65
1323,108,379,Shamela0011428,1112,1128,1406,153,56
1323,1312,1587,Sham19Y0131521,2790,736,1015,224,98
1323,190,379,Shamela0001727,695,1,195,155,97
1323,869,1192,Shamela0001727,695,822,1515,142,22
1323,1331,1587,Shamela0005756,6244,259,522,208,96
1323,168,786,Shamela0005756,6274,525,1549,440,52
1323,1053,1312,Sham19Y0127677,9038,1048,1380,190,67
1323,168,375,Shamela0030240,21,870,1081,170,98
1323,1053,1312,Shamela0023644,711,611,802,141,68
1323,1348,1452,JK000201,1551,1413,1517,83,100
1323,1452,1587,JK000201,1552,1,138,111,98
1323,108,379,Sham19Y0122406,1850,496,796,202,82
1323,216,666,Sham19Y0122406,1851,83,460,216,57
1323,666,1197,Sham19Y0122406,1851,1078,1505,221,41
1323,168,379,Shamela0001875,936,149,383,173,90
1323,1226,1587,ShamAY0033531,1518,848,1056,151,51
1323,104,342,Sham19Y0018106,1340,493,818,112,35
1323,1144,1312,Sham19Y0018144,1096,1216,1380,126,94
1323,104,342,Sham19Y0018103,1381,100,403,117,38
1323,178,379,Sham19Y0020638,570,1,217,163,91
1323,85,685,Sham19Y0013252,3363,187,862,179,22
1323,1053,1258,Sham19Y0013252,12049,715,834,85,51
1323,168,379,Sham19Y0146127,1589,523,735,165,92
1323,168,375,JK000609,17,487,698,170,98
1323,168,379,Sham19Y0017616,182,768,988,173,95
1323,108,379,Shamela0023422,429,765,1069,202,81
1323,168,342,Shamela0023422,431,600,919,142,54
1323,104,342,Sham19Y0018176,713,14,473,109,25
1323,1316,1587,Sham19Y0122257,1613,821,1096,220,98
1323,1053,1312,Sham19Y0014119,1088,1317,1492,128,61
1324,803,1002,Shamela0000767,1703,361,556,155,96
1324,803,1002,Sham19Y0148486,3020,788,987,158,98
1324,586,1002,Shamela0006610,535,445,799,175,50
1324,803,1002,JK000977,1174,184,383,157,98
1324,803,1002,JK001284,59,1039,1234,155,96
1324,792,1006,ShamAY0034447,1359,784,991,141,80
1324,1217,1559,Shia000841Vols,3513,740,1108,264,90
1324,65,240,Shia000841Vols,3846,321,597,119,54
1324,803,1002,Tafsir07055,2214,286,485,158,98
1324,974,1332,Sham19Y0131521,2608,544,1126,203,42
1324,816,1555,Sham19Y0131521,2791,261,863,364,54
1324,480,775,Sham19Y0131521,2794,1188,1585,212,65
1324,267,492,Sham19Y0131521,2794,38,311,181,80
1324,803,1002,Shamela0001727,696,238,437,158,98
1324,586,1002,JK000386,522,1008,1442,189,48
1324,1,211,JK000201,1552,138,345,163,97
1324,803,1002,Sham19Y0122406,1852,901,1100,158,98
1324,779,1002,Sham19Y0132524,1119,798,1029,167,90
1324,803,1002,Shamela0001875,938,760,959,158,98
1324,803,1241,ShamAY0033531,1429,1139,1451,204,55
1324,42,691,ShamAY0033531,1518,1056,1523,277,47
1324,792,1002,Shamela0025800,829,535,749,159,91
1324,803,1002,ShamAY0034005,1424,1110,1309,157,98
1324,803,1002,Sham19Y0020638,571,164,360,155,96
1324,821,1002,Masaha001864Vols,2151,501,711,144,85
1324,811,1289,Masaha001864Vols,5135,1097,1553,171,30
1324,1289,1407,Masaha001864Vols,5136,1,119,93,100
1324,528,1002,Sham19Y0146127,1590,403,775,187,49
1324,821,1332,Shamela0009242,2051,373,1178,247,32
1324,221,580,Shamela0009242,2139,663,991,185,60
1324,803,1002,Shamela0023422,435,359,558,158,98
1324,803,1002,JK007065,1518,604,808,158,96
1325,1,287,Shia000841Vols,3513,1108,1373,203,89
1325,303,460,Shia000841Vols,3514,45,222,115,83
1325,31,251,Shia000841Vols,3602,334,587,149,74
1325,1,257,Sham19Y0131521,2608,1143,1387,193,94
1325,80,550,Sham19Y0122406,1852,799,1246,100,16
1325,1,243,ShamAY0033531,1430,148,363,145,73
1325,1,449,Masaha001864Vols,4834,964,1426,353,96
1325,1,455,Masaha001864Vols,5136,124,530,310,83
1325,5,292,Sham19Y0146127,1532,399,945,154,34
1325,1,243,Shamela0009242,2051,1245,1461,145,72
1325,1,238,Sham19Y0014601,2971,742,951,145,75
1326,718,1221,Shamela0021495,297,793,1111,250,60
1326,1354,1471,Sham19Y0148486,2946,165,282,96,100
1326,1354,1471,Shamela0006610,581,297,414,96,100
1326,1326,1471,Shamela0001727,697,45,301,116,55
1326,1354,1471,JK000386,773,481,598,96,100
1326,1295,1600,Sham19Y0122406,1855,621,1121,164,39
1326,1354,1471,Sham19Y0145212,1850,727,844,96,100
1326,1354,1471,Shamela0001875,120,41,158,96,100
1326,1354,1471,Shamela0001875,937,1158,1275,96,100
1326,1354,1471,Shamela0025800,675,604,723,96,98
1326,1354,1476,Sham19Y0020638,571,1046,1168,100,100
1326,1354,1471,Sham19Y0016599,114,1249,1366,96,100
1326,1354,1471,Sham19Y0017616,183,449,566,96,100
1326,1354,1471,Sham19Y0014119,295,1053,1170,96,100
1326,1354,1471,Sham19Y0148271,349,24,141,96,100
1326,1354,1487,Shamela0008360,409,609,742,98,91
1327,1070,1407,Shamela0021495,317,1277,1413,104,37
1327,486,999,Sham19Y0013769,1189,654,1548,306,40
1327,1059,1361,Sham19Y0013769,1190,848,1147,215,81
1327,1370,1503,Sham19Y0013769,1191,276,763,93,23
1327,747,883,Shia000841Vols,3858,1,134,89,78
1327,403,883,Sham19Y0131521,2804,240,698,242,59
1327,874,1184,Sham19Y0017437,1026,205,642,116,30
1327,1065,1578,Sham19Y0018106,1331,795,1369,115,15
1327,866,1210,Sham19Y0018103,1373,561,749,119,44
1327,70,198,Sham19Y0017729,574,1108,1232,100,96
1327,566,1100,Sham19Y0014224,724,524,1018,311,63
1327,480,1210,Sham19Y0013223,1980,895,1524,246,31
1327,1214,1550,Sham19Y0013223,1981,1,385,258,83
1327,1100,1391,Shamela0011036,1305,329,981,191,36
1327,26,189,Sham19Y0017616,585,25,180,127,95
1327,399,700,Shamela0023422,455,947,1188,96,31
1327,866,1452,Sham19Y0122257,1627,652,937,198,40
1327,566,1509,Shamela0000791,525,757,1479,566,73
1327,866,1241,Sham19Y0013605,1860,611,880,162,51
1328,105,434,Sham19Y0017350,742,295,635,219,76
1328,194,388,Sham19Y0013667,4058,321,638,132,50
1328,43,757,Sham19Y0013769,1188,629,1536,406,51
1328,964,1139,Sham19Y0013769,1191,775,938,127,90
1328,194,400,Shamela0001719,2747,1215,1511,129,50
1328,39,445,Sham19Y0131521,2805,254,438,140,43
1328,263,648,JK000786,1296,827,1263,170,44
1328,194,388,Shamela0005756,6219,1179,1358,144,92
1328,194,388,Shamela0022547,556,1010,1318,129,49
1328,201,396,Shamela0023628,3215,879,1164,126,50
1328,84,742,Sham19Y0122406,1858,315,1487,427,44
1328,194,388,JK009324,1380,948,1130,143,90
1328,194,845,Sham19Y0132524,1122,787,1337,223,33
1328,194,388,Shia002003Vols,1090,1154,1475,139,53
1328,201,396,Shamela0010283,3578,488,838,101,30
1328,39,947,Sham19Y0014224,723,737,1512,363,38
1328,958,1154,Sham19Y0014224,724,1098,1285,149,92
1328,1159,1316,Sham19Y0014224,725,16,292,113,50
1328,757,1106,Sham19Y0013223,1980,1040,1383,271,96
1328,201,396,Shamela0021766,4116,10,262,126,56
1328,194,931,Sham19Y0013252,3338,332,862,221,34
1328,815,947,Shamela0011036,1304,1,133,106,100
1328,322,1110,Sham19Y0122257,1627,441,1021,206,24
1328,774,964,Shamela0000791,526,38,229,146,95
1328,774,1393,Sham19Y0013605,1860,441,922,165,25
1329,491,653,Sham19Y0020561,1542,238,416,127,89
1329,491,642,Shamela0004445,2343,238,389,120,100
1329,504,642,JK007064,380,681,819,110,100
1329,491,642,Shamela0007891,1127,215,366,120,100
1329,491,642,Sham19Y0123510,994,1307,1458,120,100
1329,491,642,Sham19Y0148486,2971,16,167,120,100
1329,491,642,Shamela0006610,573,539,690,120,100
1329,491,693,Shamela0008176,3564,1258,1437,133,83
1329,491,642,JK006897,312,42,193,119,99
1329,450,642,Sham19Y0018567,953,387,564,123,80
1329,504,642,Shamela0012293,5933,330,468,110,100
1329,491,613,Shamela0021744,1232,1437,1559,96,99
1329,491,642,ShamAY0034447,1383,183,336,118,97
1329,491,693,JK000299,1064,62,241,133,83
1329,413,653,Shamela0011428,1115,887,1151,139,67
1329,247,642,Shamela0001727,698,487,948,248,64
1329,491,642,Sham19Y0013572,739,200,351,119,99
1329,486,646,Rafed0000040Vols,954,268,404,103,81
1329,491,642,Sham19Y0127700,212,87,238,120,100
1329,504,642,Shamela0007606,161,872,1010,110,100
1329,491,642,Shamela0005756,6214,1205,1357,118,96
1329,289,642,Shamela0012014,192,503,799,149,41
1329,491,642,JK000386,761,1186,1337,120,100
1329,504,642,Shamela0006947,13462,939,1077,110,100
1329,450,616,Shamela0005922,1776,1322,1500,111,80
1329,491,642,JK000734,171,55,212,120,96
1329,293,642,Shamela0000427BK2,2427,107,425,168,56
1329,491,646,Masaha001961Vols,1347,403,574,110,81
1329,508,642,Sham19Y0014309,786,932,1060,93,86
1329,491,642,JK000271,196,614,763,110,93
1329,296,642,Sham19Y0017903,468,6,284,148,51
1329,306,626,ShamAY0033181,566,1355,1555,129,50
1329,385,642,Sham19Y0122406,1859,403,733,201,76
1329,491,642,Shamela0021677,979,662,813,120,100
1329,277,642,Sham19Y0132524,1123,626,1033,154,37
1329,293,642,Shamela0001875,941,776,1139,159,42
1329,450,642,Kraken230110004547,118,554,723,109,70
1329,491,642,Shamela0036446,405,260,421,120,93
1329,447,642,Shamela0025800,675,1127,1329,132,82
1329,274,642,Sham19Y0017729,239,355,748,151,42
1329,282,642,Sham19Y0020638,572,806,1039,155,55
1329,504,623,Sham19Y0013784,150,1435,1552,93,97
1329,513,642,Sham19Y0013784,162,658,787,100,95
1329,491,642,JK005200,526,51,202,120,100
1329,491,623,Shamela0007342,412,865,997,105,100
1329,285,642,Sham19Y0146127,1564,178,821,185,32
1329,491,642,Shamela0009242,2143,449,600,120,100
1329,491,642,Shamela0023422,462,1083,1234,120,100
1329,491,642,Shamela0023422,463,833,1120,120,52
1329,504,646,Shamela0007264,138,330,472,108,96
1329,491,642,JK007065,783,125,276,120,100
1329,285,657,Shamela0021642,1151,322,616,164,54
1329,767,1513,Sham19Y0014601,3161,1,837,416,48
1329,347,613,Sham19Y0014119,298,1,268,108,51
1329,491,642,Shamela0010803,246,645,796,120,100
1329,527,642,Shamela0021743,606,1,116,92,100
1330,685,832,Sham19Y0018259,262,849,1005,114,92
1330,484,691,Sham19Y0018259,262,44,231,125,76
1330,471,979,Shamela0007891,1129,64,619,181,31
1330,794,969,Kraken220314171616,487,119,424,93,36
1330,479,1402,Shamela0021495,332,101,514,275,36
1330,474,875,Sham19Y0018609,372,917,1322,194,55
1330,691,832,Sham19Y0013769,1181,8,154,107,88
1330,885,1033,Sham19Y0016584,1462,1046,1203,78,60
1330,780,945,Sham19Y0148486,3041,207,784,85,17
1330,528,945,Shamela0006610,576,537,1294,232,37
1330,471,945,Sham19Y0019188,1569,317,617,156,40
1330,549,832,JK000977,1179,492,810,153,52
1330,479,681,JK000977,1179,1,230,149,84
1330,471,685,Shamela0001717,843,619,803,140,85
1330,474,875,JK000272,425,191,519,166,49
1330,474,681,Shamela0001719,1408,356,574,149,88
1330,471,813,Shamela0028107,420,167,484,177,59
1330,484,875,Sham19Y0013614,351,169,399,158,53
1330,474,875,Shia000841Vols,3849,1098,1427,170,50
1330,498,813,JK000677,113,1,326,157,48
1330,474,668,Shamela0002863,1215,1260,1452,144,96
1330,140,375,ShamAY0034015,39,670,856,134,72
1330,794,1299,Sham19Y0131521,2807,837,1289,295,65
1330,885,1033,JK007128,427,136,286,81,59
1330,885,1206,Shamela0021715,2864,816,1319,95,20
1330,474,832,Shamela0001727,699,651,1409,268,45
1330,471,681,JK000916,18697,108,323,156,94
1330,471,681,Shamela0003118,5382,315,527,155,94
1330,471,605,Sham19Y0133367,42,1329,1452,90,84
1330,167,605,ShamIbadiyya0000155,79,832,1132,144,36
1330,474,681,Sham19Y0020868,421,316,523,155,95
1330,474,842,Shamela0026568,1225,608,1152,246,54
1330,995,1402,Shamela0005756,922,373,920,239,50
1330,474,681,Shamela0005756,6208,836,1047,156,96
1330,471,681,Shamela0012403,188,48,288,151,81
1330,471,681,Sham19Y0127677,20762,970,1209,150,80
1330,474,681,Shamela0011816,183,550,757,151,92
1330,471,813,Shamela0021739,375,1,353,179,60
1330,524,1124,Sham19Y0014309,789,1,696,240,33
1330,471,813,JK000271,197,6,285,183,70
1330,474,681,Sham19Y0017903,478,661,871,157,97
1330,474,875,Shamela0022547,2746,472,877,205,54
1330,479,832,Sham19Y0014827,149,945,1160,141,48
1330,515,813,ShamAY0033181,568,750,1112,140,39
1330,471,681,ShamAY0033522,396,1127,1365,150,81
1330,471,813,Zaydiyya0000054,206,676,914,146,54
1330,549,832,JK000477,536,621,1002,140,38
1330,474,613,Shamela0023685,1397,1346,1488,106,96
1330,549,1010,Shamela0023685,1398,154,703,195,38
1330,474,879,Sham19Y0122406,1861,490,771,147,47
1330,605,832,Sham19Y0122406,1862,497,1120,169,34
1330,154,945,Shamela0006227,458,551,1158,235,31
1330,484,985,Sham19Y0145212,1865,158,810,186,28
1330,474,875,Shamela0026668,127,235,738,197,49
1330,474,681,Shia000026Vols,497,717,924,137,83
1330,474,681,Sham19Y0001734,1491,634,868,153,84
1330,474,593,Sham19Y0132524,1125,302,419,90,98
1330,137,302,ShamAY0033531,1524,680,848,130,97
1330,938,1206,ShamAY0033531,1547,952,1258,177,69
1330,474,681,Sham19Y0018144,1106,1043,1277,145,78
1330,691,832,Sham19Y0018144,4866,326,468,110,97
1330,842,945,Shamela0036446,406,200,444,76,39
1330,474,681,Sham19Y0017729,244,248,459,159,98
1330,474,681,Shia003732Vols,3964,1062,1246,128,82
1330,474,681,Sham19Y0014462,57,348,584,150,81
1330,492,1110,Sham19Y0014224,719,250,838,222,33
1330,1007,1500,Sham19Y0014224,720,417,1105,370,65
1330,474,813,ShamAY0035950,296,505,801,179,67
1330,471,813,Sham19Y0006684,1440,1051,1359,171,53
1330,474,875,Sham19Y0020638,573,570,1346,297,49
1330,536,813,JK000475,824,934,1300,135,44
1330,471,681,Shamela0009873,1962,74,361,138,57
1330,474,681,Shia000820Vols,926,624,828,147,91
1330,474,681,Shia000820Vols,3613,909,1108,144,91
1330,455,681,Kraken2108092202141,1167,980,1172,118,67
1330,474,681,Shamela0021479,53,172,423,147,75
1330,471,945,Shamela0008463,1629,950,1258,162,41
1330,540,945,Sham19Y0146127,1600,473,1032,147,28
1330,471,664,Shamela0000551,1580,1204,1425,137,79
1330,484,875,Sham19Y0016976,872,719,949,158,53
1330,528,945,Shamela0009242,2148,429,1189,233,37
1330,618,979,Sham19Y0017616,184,1,557,149,28
1330,474,681,Sham19Y0013241,1009,984,1193,154,95
1330,471,681,Zaydiyya0000361,516,581,758,130,80
1330,549,832,Shamela0023422,468,468,810,160,52
1330,471,681,Shamela0023422,468,23,237,161,98
1330,487,681,Shamela0023422,471,323,567,147,78
1330,549,832,Shamela0023422,472,62,401,159,53
1330,471,681,Shia002119Vols,1667,1051,1289,150,81
1330,752,875,JK007065,1198,1,260,89,44
1330,474,1224,Sham19Y0122257,1629,33,868,328,38
1330,128,375,Sham19Y0014601,3158,714,952,186,93
1330,484,985,Sham19Y0014119,298,958,1312,182,42
1330,524,1263,Sham19Y0017063,598,1,460,228,35
1330,474,813,Shamela0013033,100,343,628,173,66
1330,455,681,ShamIbadiyya0000109,1462,484,705,123,66
1330,549,1263,Sham19Y0014325,2435,440,801,174,28
1330,540,985,Shamela0008360,413,6,317,155,39
1330,471,875,Shamela0006161,190,53,568,177,36
1330,969,1110,Sham19Y0013605,1859,523,647,93,79
1331,1,402,Shamela0021495,332,537,798,151,44
1331,230,595,Sham19Y0017350,737,895,1244,146,38
1331,595,1119,Sham19Y0013769,1178,750,1288,335,74
1331,287,590,Sham19Y0013769,1183,86,379,123,38
1331,1149,1422,Sham19Y0013769,2527,147,396,173,72
1331,283,546,JK000977,1179,47,582,130,29
1331,900,1166,Shamela0005756,6241,935,1204,193,86
1331,1171,1422,Sham19Y0014309,831,541,790,204,99
1331,176,684,Sham19Y0122406,1864,45,525,93,14
1331,411,749,Sham19Y0122406,1865,10,363,112,26
1331,684,1519,Sham19Y0122406,1865,564,1168,245,30
1331,283,703,Shamela0026668,127,282,631,101,22
1331,6,373,ShamAY0033531,1547,1166,1512,273,94
1331,1,278,Sham19Y0014224,720,1105,1419,207,80
1331,880,1119,Sham19Y0020590,174,506,754,143,61
1332,300,567,JK007064,384,50,281,180,84
1332,1,237,Shamela0012415,307,28,296,117,44
1332,300,699,Shamela0021495,320,1185,1531,192,57
1332,344,563,Sham19Y0014309,790,1172,1375,153,86
1332,804,1271,JK000201,1572,366,894,273,59
1332,25,710,ShamAY0033531,1539,808,1517,403,63
1332,921,1127,ShamAY0033531,1545,1376,1581,166,97
1332,1127,1431,ShamAY0033531,1546,1,307,246,98
1332,6,237,JK005200,527,551,703,108,57
1332,351,699,Shamela0007342,415,494,833,266,93
1332,1279,1431,Shamela0011036,1371,1039,1193,126,98
1332,858,1161,Shamela0011036,1375,391,628,174,69
1332,1,699,Shamela0009242,2147,116,938,398,53
1332,1,572,Shamela0007264,140,1005,1364,238,51
1332,851,1436,Shamela0000791,531,1,519,398,80
1333,1018,1502,Sham19Y0017747,1041,32,397,292,74
1333,54,171,Sham19Y0122402,691,784,930,82,67
1333,1000,1219,Sham19Y0131521,2837,779,953,132,74
1333,881,1170,Sham19Y0131521,4110,26,237,142,60
1333,1054,1506,Sham19Y0131521,4110,1023,1400,221,59
1333,992,1488,Shamela0021715,4879,1067,1392,251,62
1333,1,844,Shamela0001727,702,611,1365,207,21
1333,992,1502,Shamela0005756,5922,265,648,299,72
1333,986,1219,Sham19Y0127677,12699,12,262,189,91
1333,1,171,Shamela0010527,766,706,848,95,68
1333,1,674,Sham19Y0122406,1868,40,391,144,24
1333,881,1502,ShamAY0033531,1546,1005,1545,301,48
1333,1036,1411,ShamAY0033531,2061,1284,1581,228,75
1333,1027,1483,Sham19Y0018103,1309,958,1277,244,66
1333,636,906,Sham19Y0020638,575,1099,1375,118,45
1333,60,786,Masaha001864Vols,2144,846,1290,87,12
1333,986,1502,Shamela0011036,1373,619,1160,410,91
1333,22,844,Shamela0023422,482,1,788,191,19
1333,1,704,Shamela0023422,486,786,1164,149,23
1333,992,1182,Sham19Y0013605,1786,1432,1586,121,78
1333,1182,1510,Sham19Y0013605,1787,1,233,172,65
1334,1315,1544,Sham19Y0123510,1206,278,495,170,91
1334,750,1426,Shamela0021495,317,122,642,293,49
1334,814,1094,JK010001,2032,813,1089,215,95
1334,814,1094,Tafsir07055,2129,555,831,217,96
1334,1196,1508,Sham19Y0131521,2782,914,1209,179,68
1334,12,263,Shamela0001727,703,142,376,139,60
1334,814,1544,Shamela0005756,6022,547,937,275,46
1334,721,1308,Shamela0000894,2406,640,865,119,24
1334,733,1451,Sham19Y0014309,825,94,752,407,59
1334,111,263,Sham19Y0122406,1869,347,494,118,95
1334,750,1458,Sham19Y0014224,727,353,979,259,37
1334,1094,1451,Sham19Y0122257,1635,508,1056,242,51
1334,726,1426,Sham19Y0017063,601,350,887,320,50
1334,721,1544,Shamela0000791,530,501,1278,604,89
1334,814,1533,Sham19Y0013605,1809,872,1242,272,46
1335,114,397,Sham19Y0017747,1034,1129,1354,161,67
1335,892,1192,Sham19Y0131521,2511,585,898,162,53
1335,865,1478,Sham19Y0014309,816,863,1517,246,38
1335,200,757,ShamAY0033531,1552,669,1286,273,44
1335,263,538,ShamAY0034383,269,1249,1562,193,76
1335,862,1029,JK000475,832,1154,1307,116,85
1335,865,1543,Sham19Y0122257,1621,545,1422,384,44
1335,1006,1614,Sham19Y0017063,594,102,542,295,59
1335,1,292,Shamela0000791,530,1278,1555,168,60
1335,803,1443,Shamela0010517,1319,691,1107,194,33
1336,562,1417,Sham19Y0013769,1156,1,739,550,77
1336,1,322,Sham19Y0013769,1157,895,1171,211,78
1336,140,360,Shamela0008176,3551,456,663,144,73
1336,101,527,Sham19Y0017747,2149,1119,1511,294,82
1336,527,1451,Sham19Y0017747,2150,1,586,418,54
1336,101,226,Shia000841Vols,4030,1379,1525,95,80
1336,226,383,Shia000841Vols,4031,1,186,119,77
1336,683,1106,Sham19Y0014591,603,1,365,214,56
1336,687,884,Shamela0096257,672,1337,1519,109,65
1336,413,1068,Sham19Y0122406,1871,892,1548,393,67
1336,462,1217,Sham19Y0132524,1131,1,632,295,40
1336,413,1068,Sham19Y0014224,703,978,1626,467,82
1336,1,394,Sham19Y0014224,704,898,1271,243,76
1336,1,274,Sham19Y0013252,3323,448,706,180,79
1337,278,527,Sham19Y0123510,1202,1348,1595,202,98
1337,527,650,Sham19Y0123510,1203,1,124,100,100
1337,1,641,Shamela0021495,316,1170,1390,169,32
1337,44,246,Sham19Y0148486,6113,903,1305,142,44
1337,17,262,Zaydiyya0000072,129,1089,1323,159,76
1337,858,1450,JK000977,1189,680,1265,111,14
1337,44,302,JK006897,317,355,681,161,60
1337,1,302,JK010001,2197,522,844,138,44
1337,725,1450,JK010001,2197,722,1096,167,28
1337,44,599,JK010001,2198,309,709,202,41
1337,1,302,Tafsir07055,2300,476,874,184,56
1337,870,1450,Tafsir07055,2300,849,1145,139,28
1337,44,599,Tafsir07055,2301,413,832,217,44
1337,246,557,Sham19Y0131521,3972,1248,1585,225,80
1337,870,1450,Shamela0001727,705,220,594,139,24
1337,44,599,Shamela0001673,3374,167,608,241,48
1337,17,262,Shamela0005922,2898,503,744,179,88
1337,67,262,Shamela0008381,2645,552,866,129,49
1337,278,693,Sham19Y0014309,796,120,368,130,32
1337,885,1347,Shia001831Vols,324,619,982,262,67
1337,855,1435,Sham19Y0122406,1876,688,1223,228,36
1337,101,262,ShamAY0033531,2001,717,992,118,53
1337,77,262,Sham19Y0018144,1110,1,434,131,38
1337,865,1443,Sham19Y0018144,4872,255,587,139,25
1337,1,302,Shamela0025800,686,1134,1414,185,76
1337,1,302,Sham19Y0020638,577,956,1335,179,56
1337,101,262,Shamela0009242,2186,1180,1466,119,52
1337,44,302,Shamela0023422,501,783,1300,160,38
1337,870,1232,Shamela0023422,506,184,793,236,47
1337,1,302,JK007065,642,343,890,178,40
1337,278,710,Sham19Y0122257,1620,1043,1409,275,77
1337,101,262,Sham19Y0014601,4273,174,493,119,47
1337,9,262,Shamela0021743,1685,343,732,146,44
1338,717,969,Sham19Y0147313,2331,705,921,124,54
1338,717,969,Shia002616Vols,4250,441,650,126,56
1338,1293,1573,Sham19Y0131521,2516,337,1142,161,25
1338,417,899,Sham19Y0131521,3972,260,714,229,49
1338,717,969,Sham19Y0014442,1014,38,190,116,56
1338,776,1225,Shamela0001673,3401,808,1341,144,23
1338,60,388,Shamela0021614,742,841,1364,213,45
1338,1293,1425,ShamIbadiyya0000482,103,1313,1440,102,94
1338,1393,1531,Sham19Y0122406,1878,1,270,102,47
1338,413,899,Sham19Y0017729,234,636,983,137,29
1338,712,1293,Sham19Y0014224,705,202,1154,359,43
1338,396,899,Sham19Y0020638,578,145,721,164,28
1338,1175,1440,Shamela0023422,512,34,383,144,43
1338,871,1225,Sham19Y0014601,2881,1053,1392,136,34
1338,746,1225,Sham19Y0017063,593,1132,1448,240,59
1338,717,969,Shamela0026047,5,1107,1316,126,56
1339,551,682,Sham19Y0020944,379,1128,1258,101,97
1339,557,682,JK007083,140,1285,1410,99,100
1339,1217,1343,Shamela0007891,1081,1123,1270,92,78
1339,1217,1343,Sham19Y0013667,4108,255,403,94,79
1339,551,682,Sham19Y0013667,4116,917,1041,89,84
1339,355,505,Sham19Y0013769,1151,1081,1264,117,79
1339,557,688,Sham19Y0148486,3208,1116,1247,104,100
1339,1217,1343,Sham19Y0148486,3209,599,742,90,78
1339,551,1004,Shamela0006610,592,435,627,113,28
1339,557,682,JK000977,1192,1,128,98,96
1339,1217,1343,JK000977,1193,744,887,90,78
1339,551,688,Shamela0001719,3106,146,280,99,86
1339,1217,1343,Shamela0028107,378,867,1032,94,71
1339,1217,1343,JK000110,412,647,810,94,72
1339,128,688,Shia000841Vols,3966,601,1074,176,32
1339,551,682,Shamela0025794,4693,1233,1356,85,81
1339,551,739,Shamela0011428,1159,382,568,120,81
1339,551,682,Sham19Y0131521,2515,583,713,101,97
1339,243,659,Sham19Y0131521,2516,547,972,220,55
1339,243,682,Shamela0021715,2821,379,1132,226,33
1339,1217,1343,Shamela0021715,2822,322,485,94,72
1339,1217,1343,Shamela0021715,3758,191,354,94,72
1339,551,978,Shamela0001727,706,858,1386,155,27
1339,944,1343,Shamela0001727,707,533,970,156,37
1339,557,682,Sham19Y0020868,125,1150,1268,93,94
1339,557,682,Sham19Y0127700,215,1191,1296,82,84
1339,238,551,Shamela0005756,6168,696,1032,234,83
1339,551,682,Shamela0117359,449,889,1019,101,97
1339,1217,1343,Shamela0030240,21,1141,1263,94,95
1339,551,1004,Sham19Y0017903,457,973,1225,160,44
1339,1217,1489,Sham19Y0013253,425,108,270,100,46
1339,1217,1343,ShamAY0033522,352,680,843,94,72
1339,1008,1153,JK000201,1560,556,700,117,97
1339,551,978,Sham19Y0122406,1878,868,1396,155,27
1339,1217,1343,Sham19Y0122406,1880,1268,1394,98,100
1339,1217,1489,Sham19Y0122406,1881,669,835,97,44
1339,1225,1343,Shamela0012399,1712,1,191,88,57
1339,1217,1343,Shamela0037837,386,1069,1203,94,87
1339,1217,1343,Shamela0001875,880,1050,1184,94,87
1339,1217,1343,Shia002003Vols,1101,342,505,94,72
1339,238,551,ShamAY0033531,1383,1087,1355,196,75
1339,1217,1343,Sham19Y0018106,1318,756,919,94,72
1339,557,682,Shamela0036446,409,278,383,82,84
1339,1217,1343,Sham19Y0018103,1363,1148,1311,94,72
1339,551,1008,Sham19Y0017729,233,1180,1438,162,45
1339,557,682,Shia003732Vols,3782,226,353,98,97
1339,1217,1343,Sham19Y0006684,1109,1180,1343,94,72
1339,557,903,Sham19Y0020638,578,1107,1377,128,35
1339,938,1343,Sham19Y0020638,579,259,502,127,37
1339,551,682,Sham19Y0020591,637,796,926,101,97
1339,1217,1509,Shamela0021479,144,1,498,117,26
1339,557,688,Sham19Y0146127,1689,1089,1221,104,99
1339,1217,1343,JK000609,17,763,884,93,94
1339,557,938,Shamela0011036,1345,468,988,122,25
1339,243,505,Shamela0011036,1349,548,809,198,92
1339,1217,1343,Shamela0000551,1329,817,980,94,72
1339,551,1004,Shamela0009242,2183,946,1139,111,28
1339,1217,1343,Sham19Y0017616,184,892,1005,87,89
1339,557,978,Shamela0023422,513,125,684,154,26
1339,1217,1343,Shamela0023422,514,194,334,97,88
1339,1225,1343,Shamela0023422,519,1,302,91,38
1339,1217,1343,Shia002119Vols,1380,414,577,94,72
1339,1217,1343,Sham19Y0018176,700,129,292,94,72
1339,136,551,Sham19Y0122257,1618,101,434,201,52
1339,551,682,Sham19Y0014601,2870,388,518,101,97
1339,1217,1343,Sham19Y0013605,1848,637,800,94,72
1340,304,907,Sham19Y0013769,1154,542,1005,163,29
1340,84,817,JK010001,2249,365,1113,349,47
1340,490,897,Shia000841Vols,3976,397,790,260,71
1340,84,817,Tafsir07055,2354,15,812,361,47
1340,69,251,Shamela0001727,708,193,449,140,68
1340,859,1411,Shamela0001727,708,672,951,114,27
1340,367,1280,Shamela0010664,222,618,1313,456,58
1340,490,825,Sham19Y0014309,2715,1194,1497,230,83
1340,74,282,Sham19Y0122406,1881,917,1407,155,38
1340,859,1411,Sham19Y0122406,1882,1216,1495,114,27
1340,309,696,ShamAY0033531,1384,469,889,280,75
1340,120,426,Sham19Y0018103,1359,907,1265,122,30
1340,358,1034,Sham19Y0014224,702,535,1107,262,41
1340,760,936,Shamela0011036,1340,64,233,128,82
1340,1003,1411,Shamela0023422,522,76,265,89,28
1340,1003,1441,Shamela0023422,524,788,1097,104,25
1340,398,1280,Sham19Y0122257,1619,66,534,345,49
1340,426,936,Shamela0000791,542,1,528,224,38
1340,760,1226,Sham19Y0013605,1844,730,992,190,49
1341,622,1570,Shia001831Vols,325,1,585,400,51
1342,450,583,ShamAY0036022,33,1323,1455,101,95
1342,450,583,Shamela0007891,1121,1099,1420,85,34
1342,450,583,Sham19Y0148486,3226,721,855,102,97
1342,450,583,Shamela0008176,3546,914,1048,103,97
1342,450,583,JK010001,2251,301,434,103,99
1342,862,1413,Shia000841Vols,3978,733,1372,336,65
1342,412,583,Shamela0022848,262,608,1014,100,30
1342,450,583,Tafsir07055,2356,180,313,103,99
1342,450,583,Shamela0001727,709,805,938,103,99
1342,450,583,Sham19Y0013572,506,303,435,102,98
1342,450,583,Shamela0010664,221,1108,1255,96,81
1342,450,587,Shamela0005922,1867,817,954,103,97
1342,450,583,Shamela0000427BK2,2705,822,955,103,99
1342,450,583,Shamela0006227,473,269,401,98,94
1342,450,583,Shamela0010765,677,162,294,102,98
1342,450,583,Sham19Y0001734,1545,438,570,101,97
1342,450,587,Sham19Y0132524,1136,373,1005,101,20
1342,412,583,JK000221,459,828,1276,100,27
1342,450,583,Kraken230110004547,121,374,554,102,72
1342,450,583,Sham19Y0018144,1149,1058,1191,103,99
1342,450,593,Shamela0025800,705,224,369,104,92
1342,450,583,Sham19Y0017729,235,199,332,103,99
1342,450,583,Sham19Y0020638,580,1255,1388,103,99
1342,583,1413,Masaha001864Vols,4837,43,847,636,95
1342,450,602,Shamela0006222,232,29,205,107,78
1342,450,587,Sham19Y0146127,1698,728,866,103,95
1342,450,583,Shamela0023422,526,740,873,103,99
1342,467,583,Shia002119Vols,1540,1,117,90,99
1342,450,558,JK007065,455,1375,1483,84,99
1342,450,583,Sham19Y0122257,1618,1269,1402,103,97
1342,450,583,Sham19Y0014119,296,1098,1232,103,97
1342,450,587,Sham19Y0017063,592,1029,1163,100,92
1342,450,583,Shamela0008360,410,961,1095,103,97
1343,710,1039,JK007064,386,1181,1495,112,32
1343,771,988,Shamela0021495,318,755,898,104,59
1343,791,1016,Sham19Y0013667,3968,314,526,141,66
1343,791,1016,JK010001,1950,261,472,168,92
1343,839,1312,Shia000841Vols,3925,233,912,223,34
1343,1,381,Shia000841Vols,3979,225,586,284,91
1343,791,1016,Tafsir07055,2043,749,960,168,92
1343,719,988,Sham19Y0131521,2829,1,565,162,32
1343,1409,1587,Shamela0005756,6282,891,1051,129,87
1343,19,489,JK000201,1561,227,725,324,77
1343,1021,1347,Sham19Y0014224,726,699,1287,199,40
1343,114,489,Shamela0009242,2192,1,426,261,72
1343,53,456,Sham19Y0122257,1620,618,957,219,64
1343,729,1336,Shamela0000791,531,519,1012,315,63
1344,258,431,Sham19Y0017124,62,819,993,135,94
1344,5,431,Sham19Y0014299,588,569,974,305,87
1344,1,399,Shia003965Vols,12804,134,578,145,34
1344,779,1204,Shamela0001727,711,626,916,129,30
1344,236,431,Shia000819,479,851,1043,136,84
1344,487,670,Shamela0005756,2083,1057,1243,143,94
1344,5,431,Shamela0005756,6282,1051,1321,215,63
1344,29,431,Shamela0005756,7361,562,1009,165,36
1344,258,431,Shia003923Vols,75,905,1079,135,94
1344,818,1157,Shia001831Vols,325,1109,1343,175,64
1344,785,1469,Sham19Y0122406,1890,506,867,237,41
1344,258,431,JK000990,608,1034,1210,135,93
1344,258,431,Sham19Y0013631,76,735,859,100,71
1344,258,431,Shamela0001687,8074,172,346,134,94
1344,258,448,Shamela0001687,9998,881,1180,143,58
1344,29,437,Sham19Y0013252,4079,851,1264,190,51
1344,779,1204,Shamela0023422,531,269,577,130,29
1344,487,670,Sham19Y0013605,793,11,193,144,96
1344,272,431,Sham19Y0150964,125,1,137,109,84
1345,19,514,ShamIbadiyya0000438,451,1002,1525,254,50
1345,514,732,ShamIbadiyya0000438,452,1,237,175,91
1345,250,732,Sham19Y0013769,1113,678,1284,316,57
1345,830,1272,Sham19Y0013769,1115,1064,1291,152,40
1345,158,427,Shamela0008176,1063,54,303,143,60
1345,22,705,Shamela0008176,1066,536,1035,346,61
1345,81,771,ShamIbadiyya0000229,990,705,1181,301,51
1345,164,743,Shamela0008362BK1,192,183,728,393,76
1345,1288,1483,Sham19Y0131521,2853,480,654,132,77
1345,164,611,Shamela0021715,926,514,766,122,33
1345,164,732,Shamela0026568,281,73,581,380,77
1345,22,710,Shamela0005756,2375,672,1325,371,60
1345,327,705,Shamela0001673,3281,265,579,207,64
1345,314,722,Sham19Y0014452,35,886,1245,258,73
1345,327,611,Sham19Y0014309,770,695,936,183,75
1345,333,705,ShamAY0033181,435,1,347,234,70
1345,93,732,JK000201,1528,698,1330,456,82
1345,1122,1272,JK000201,1529,1316,1467,123,99
1345,164,732,Shamela0023685,304,834,1340,385,79
1345,296,1492,Sham19Y0122406,1891,912,1495,202,18
1345,327,743,Sham19Y0122406,4823,1032,1385,202,48
1345,339,617,Sham19Y0145212,678,13,320,210,80
1345,1,856,ShamAY0033531,1553,805,1608,645,92
1345,856,1174,ShamAY0033531,1554,1,290,233,89
1345,164,541,Sham19Y0018106,459,271,468,100,32
1345,1421,1573,Rafed0002209Vols,1666,1348,1499,89,75
1345,327,710,Shia003732Vols,2183,121,450,202,61
1345,164,782,Shamela0006617,635,153,674,348,64
1345,1417,1591,Sham19Y0014224,676,309,491,120,77
1345,28,743,Sham19Y0014224,677,232,1027,476,69
1345,928,1283,Sham19Y0014224,678,752,1191,173,40
1345,1421,1591,Masaha001946Vols,504,156,363,116,64
1345,318,732,Shamela0011036,1327,782,1198,336,99
1345,1295,1591,Shamela0021688,279,1114,1368,177,67
1345,327,705,Shamela0000551,1513,21,290,159,50
1345,327,705,Shamela0009242,708,207,515,202,62
1345,1,566,Sham19Y0122257,539,403,958,392,81
1345,327,705,Sham19Y0014601,3217,180,481,201,63
1345,810,980,Sham19Y0014601,6697,948,1113,116,81
1345,19,1272,Shamela0000791,529,140,1418,974,92
1345,150,710,Sham19Y0013605,891,136,585,325,70
1346,1,599,ShamAY0034227,1940,156,840,237,32
1346,1093,1299,Shamela0008362BK1,184,1118,1319,159,97
1346,1088,1299,Shamela0008362BK1,207,910,1114,162,96
1346,876,1483,Shamela0011428,838,46,980,198,21
1346,1,144,Sham19Y0131521,2853,658,794,107,94
1346,876,1483,Shamela0001727,712,350,1021,121,15
1346,1,436,Sham19Y0029560,212,570,895,169,42
1346,1,295,Sham19Y0017437,935,386,743,186,58
1346,5,256,Shamela0005756,2620,593,946,156,53
1346,10,144,Shamela0012884,1356,701,1062,84,29
1346,1,284,Shamela0009790,95,10,334,191,73
1346,1,130,Masaha001961Vols,1170,1385,1517,96,91
1346,10,144,Sham19Y0014309,2127,589,881,84,36
1346,1020,1542,Shia001831Vols,326,10,332,221,53
1346,85,547,Shamela0005539,41,795,1311,166,27
1346,10,256,Shamela0010906,1479,476,1044,114,23
1346,1,302,Shamela0009702,317,285,558,165,62
1346,886,1088,ShamAY0033531,1554,290,522,144,76
1346,10,284,Shamela0025800,3850,918,1165,152,60
1346,1,870,Sham19Y0014224,676,491,1428,627,79
1346,906,1088,Sham19Y0014224,678,1,156,111,71
1346,400,676,Sham19Y0150639,184,866,1093,157,69
1346,16,144,Shamela0009873,1628,393,512,84,76
1346,876,1483,JK007116,47,644,978,108,20
1346,1,357,Masaha001946Vols,504,363,718,280,98
1346,1,284,JK003609,5089,800,1119,190,71
1346,16,491,Shamela0021688,278,1187,1546,153,31
1346,1,165,Shamela0021688,279,1368,1531,128,98
1346,165,327,Shamela0021688,280,1,156,117,89
1346,876,1483,Shamela0023422,539,117,792,121,14
1346,913,1299,Shamela0000791,530,18,371,225,64
1346,16,256,Sham19Y0013605,968,1147,1339,134,66
1347,8,131,Sham19Y0020944,436,668,778,87,89
1347,224,419,Sham19Y0013667,2312,1244,1436,127,73
1347,5,131,Sham19Y0013667,2320,127,639,82,20
1347,469,937,Sham19Y0013769,1111,1164,1564,287,74
1347,1,444,Sham19Y0013769,1113,808,1111,141,38
1347,5,336,Sham19Y0148486,1232,832,1141,133,42
1347,8,336,JK006897,292,422,901,121,24
1347,5,136,Shamela0001719,2790,1317,1433,86,84
1347,1050,1523,Shia000841Vols,1336,1109,1474,204,44
1347,5,131,Sham19Y0016636,962,161,274,89,89
1347,290,1036,Shamela0008362BK1,204,1,867,525,71
1347,1041,1523,Shamela0008362BK1,213,943,1358,163,30
1347,60,401,Shamela0008362BK1,681,828,1275,214,58
1347,5,336,Sham19Y0131521,2852,987,1220,126,46
1347,5,131,Sham19Y0131521,2854,1241,1450,99,60
1347,64,541,Shamela0001727,713,213,692,312,80
1347,5,131,JK000916,13109,1101,1213,89,88
1347,1041,1281,JK001236,88,244,519,156,61
1347,5,444,Shia002240Vols,228,345,768,108,20
1347,36,541,ShamAY0033910,605,540,1004,274,60
1347,5,131,Sham19Y0127677,16094,339,452,89,89
1347,8,444,JK000386,1079,929,1212,129,33
1347,280,507,Shamela0011385,1740,765,884,86,47
1347,5,131,Shamela0117359,506,1313,1426,89,89
1347,36,541,JK000130,606,770,1233,280,62
1347,5,131,ShamAY0033181,434,1097,1210,89,89
1347,1206,1523,Shamela0009702,1006,18,233,109,38
1347,171,541,Sham19Y0122406,1893,392,755,282,94
1347,178,1090,Sham19Y0122406,1894,39,1100,368,34
1347,5,131,Sham19Y0122406,4822,595,708,89,89
1347,5,136,Shamela0001875,906,403,808,83,24
1347,1041,1484,JK007107,85,1032,1312,90,23
1347,5,524,Shia003732Vols,2147,806,1513,162,23
1347,1050,1242,Sham19Y0014324,103,1128,1348,120,62
1347,5,336,JK007036,133,45,252,135,52
1347,36,541,JK000475,780,369,846,296,71
1347,5,336,Sham19Y0020591,727,48,281,126,46
1347,224,1025,Shamela0011036,1327,87,626,349,52
1347,1,131,Shamela0011036,1331,1178,1308,102,100
1347,64,541,Shamela0023422,540,22,508,308,78
1347,68,518,Shamela0023422,548,902,1526,284,52
1347,444,1036,Shamela0023422,560,755,1510,471,77
1347,5,131,Shia002119Vols,1602,1249,1360,85,86
1347,224,909,JK007065,1139,1015,1419,298,54
1347,5,131,Sham19Y0014601,3217,1356,1469,89,89
1347,5,336,Sham19Y0014601,3218,220,594,128,38
1347,5,131,Sham19Y0014325,2466,840,953,89,89
1348,718,855,Shia002616Vols,549,1382,1520,109,97
1348,58,391,Shia000841Vols,1337,17,365,251,85
1348,352,737,Shamela0008362BK1,210,4,402,207,57
1348,1,125,Shamela0008362BK1,213,1358,1529,93,67
1348,125,561,Shamela0008362BK1,214,1,492,188,35
1348,342,851,Shamela0001727,714,539,849,167,34
1348,1,347,Masaha004755,78,286,740,252,68
1348,1203,1604,Shamela0005756,1179,99,451,262,79
1348,1,230,Shamela0005756,2379,1090,1519,163,46
1348,347,622,Shamela0005756,5963,1058,1373,141,45
1348,718,863,JK000386,793,515,648,109,91
1348,1181,1530,Shamela0000894,4852,1016,1365,283,100
1348,5,336,Shamela0005922,805,587,933,232,80
1348,180,1089,Shia001831Vols,326,498,936,317,42
1348,548,1138,Sham19Y0122406,1896,55,790,325,44
1348,718,851,Shamela0008473,504,32,165,109,100
1348,718,851,Shamela0001875,901,110,243,109,100
1348,689,851,Sham19Y0018144,1159,991,1174,129,85
1348,5,382,Sham19Y0018103,584,933,1352,187,44
1348,718,1138,Sham19Y0018103,1304,1084,1350,153,42
1348,1138,1440,Sham19Y0017792,23,388,665,172,63
1348,352,646,Shia003732Vols,199,880,1148,114,36
1348,718,863,Sham19Y0147597,1478,744,1077,58,18
1348,487,683,Shamela0011036,1323,380,568,134,86
1348,347,646,Shamela0009242,2168,143,352,122,49
1348,342,613,Shamela0023422,559,1055,1338,213,93
1348,404,694,Shamela0023422,560,57,440,219,69
1348,718,851,Shamela0023422,564,1206,1339,109,100
1348,5,336,Sham19Y0017063,179,1341,1531,138,50
1348,764,1604,Shamela0000791,508,559,1072,403,58
1348,1153,1604,Sham19Y0013605,476,723,1098,284,77
1348,1,195,Sham19Y0013605,890,860,1307,133,35
1348,210,330,Sham19Y0013605,891,1,129,96,92
1348,718,855,Shamela0008658,2943,339,477,109,96
1349,584,792,Shamela0001719,1845,342,637,131,56
1349,1426,1569,JK000677,110,1094,1210,70,57
1349,575,792,Masaha004755,70,1116,1366,160,75
1349,185,792,Shamela0005756,1178,780,1229,325,65
1349,1,177,Shamela0005756,1179,451,617,119,85
1349,197,565,Sham19Y0014452,13,686,899,168,56
1349,515,792,Shamela0005539,89,1080,1417,185,67
1349,185,742,JK000201,1530,1043,1557,396,88
1349,623,1569,Sham19Y0122406,1897,656,1441,515,63
1349,1426,1569,Shamela0012399,1913,451,716,53,20
1349,831,1242,Sham19Y0132524,1143,904,1218,138,35
1349,1,177,Sham19Y0018103,309,1172,1333,124,88
1349,1426,1569,Sham19Y0006684,1228,315,886,77,16
1349,211,409,Sham19Y0013252,815,1377,1551,130,80
1349,575,792,Shia002119Vols,1481,1087,1383,138,59
1349,578,821,Masaha004105Vols,145,159,365,147,76
1349,1426,1569,Shamela0013033,98,240,356,70,57
1349,1,591,Shamela0000791,508,1072,1593,404,85
1349,591,792,Shamela0000791,509,1,199,157,97
1349,1,490,Sham19Y0013605,476,1098,1513,313,79
1349,546,792,Sham19Y0013605,477,1,203,155,78
1349,185,490,Sham19Y0013605,3045,650,908,180,67
1350,1033,1528,Shamela0021495,306,1046,1372,214,55
1350,26,315,Sham19Y0013667,3772,183,438,180,72
1350,326,1065,Shamela0006610,556,177,608,174,25
1350,1175,1528,ShamAY0035035,2544,771,1050,205,71
1350,1175,1528,ShamAY0035035,2660,1054,1333,205,71
1350,335,960,JK010001,1934,606,938,137,22
1350,326,1082,Shia000841Vols,3721,428,875,189,25
1350,326,960,Tafsir07055,2026,1134,1499,150,23
1350,326,960,Shamela0001727,715,313,792,142,19
1350,1,304,Shamela0005756,5897,167,441,175,66
1350,326,989,Shamela0005922,1741,1218,1569,169,27
1350,866,1093,Sham19Y0014452,20,1309,1528,172,95
1350,1191,1528,Sham19Y0014452,21,10,326,222,80
1350,898,1175,Sham19Y0017903,491,1023,1460,177,50
1350,326,964,Sham19Y0122406,1898,685,1167,144,19
1350,898,1195,Sham19Y0132524,1148,302,695,178,53
1350,1,353,ShamAY0033531,1450,1143,1469,177,54
1350,326,1195,Shamela0025800,2553,438,1052,215,25
1350,1,213,ShamAY0035950,658,19,236,169,95
1350,326,960,Sham19Y0020638,586,612,1080,134,19
1350,1191,1528,Masaha001864Vols,4982,380,717,270,99
1350,326,960,Shamela0023422,565,727,1214,142,19
1350,1275,1528,Shamela0023422,577,749,1002,204,100
1350,1,315,Sham19Y0013605,1780,219,495,175,64
1351,26,189,Shamela0021495,306,1372,1514,112,86
1351,601,731,Sham19Y0145435,5795,420,571,103,85
1351,1352,1496,Sham19Y0145435,5795,590,699,56,50
1351,1352,1496,Shamela0006610,556,924,1032,53,49
1351,1352,1496,Shamela0001727,715,1036,1145,56,50
1351,601,731,Shamela0001727,715,866,1017,104,86
1351,1352,1496,Shamela0005756,5904,1044,1152,56,49
1351,1360,1496,Sham19Y0127677,9544,745,846,50,47
1351,601,731,Sham19Y0127677,9544,569,720,104,86
1351,1352,1496,Shamela0000894,4853,151,260,56,50
1351,5,351,Sham19Y0014452,21,326,646,225,78
1351,111,351,Sham19Y0017419,35,604,852,165,81
1351,601,731,Shamela0030240,22,291,441,104,86
1351,751,1304,Shia001831Vols,326,1067,1485,301,66
1351,601,1366,Sham19Y0122406,1899,95,1289,420,38
1351,596,731,Shamela0000927,1062,146,290,98,79
1351,601,731,Shamela0008473,507,779,930,103,85
1351,1352,1496,Shamela0008473,507,949,1058,56,50
1351,1352,1496,Sham19Y0132524,1145,1133,1243,56,50
1351,601,731,Sham19Y0132524,1145,122,272,103,86
1351,1352,1496,Kraken230110004547,454,335,446,55,50
1351,601,731,Kraken230110004547,454,164,316,102,84
1351,1352,1496,Shamela0036446,431,59,168,56,50
1351,596,731,Shamela0025800,2554,855,1010,106,85
1351,1352,1496,Shamela0025800,2554,1029,1138,56,50
1351,1352,1488,Sham19Y0020638,586,1396,1501,53,50
1351,596,731,Sham19Y0020638,586,1223,1377,105,85
1351,1,448,Masaha001864Vols,4982,717,1170,355,96
1351,601,731,JK000609,17,1222,1372,104,86
1351,601,731,Sham19Y0017616,190,1288,1439,104,86
1351,1352,1496,Sham19Y0017616,191,15,124,56,50
1351,601,731,Shamela0023422,565,1296,1447,104,86
1351,1,671,Shamela0023422,577,1002,1358,157,23
1351,1360,1496,JK007065,1310,969,1071,48,45
1351,601,731,JK007065,1310,792,944,102,84
1352,181,603,Sham19Y0145435,5795,810,1166,105,21
1352,181,603,Shamela0006610,556,1137,1492,107,21
1352,181,603,Shia001353,275,38,394,107,21
1352,1116,1265,Shamela0001727,716,750,1115,70,21
1352,1116,1265,Masaha002028Vols,2062,223,442,66,39
1352,191,603,Sham19Y0127677,9544,966,1311,101,20
1352,181,603,Shamela0000894,4853,371,726,107,21
1352,181,603,Tafsir09084,160,454,812,104,21
1352,186,1151,Shamela0030240,22,614,1151,143,14
1352,181,603,Sham19Y0122406,1900,436,791,107,21
1352,333,937,Sham19Y0122406,1901,1011,1521,202,32
1352,937,1265,Sham19Y0122406,1902,1,618,184,34
1352,181,603,Shamela0000927,1062,544,896,103,20
1352,1116,1265,Shamela0000927,1063,51,275,73,43
1352,186,603,Kraken230110004547,454,547,908,106,20
1352,181,603,Shamela0036446,431,279,634,114,27
1352,1116,1265,Shamela0025800,2555,724,1029,59,20
1352,181,603,Shia003732Vols,193,767,1126,103,21
1352,1116,1265,Sham19Y0020638,587,1083,1321,73,40
1352,181,603,Sham19Y0020638,587,111,466,107,21
1352,186,1156,JK000609,18,91,638,148,15
1352,181,603,Sham19Y0017616,191,235,591,105,21
1352,181,603,Shamela0023422,566,204,558,107,21
1352,181,574,JK007065,1310,1178,1504,83,17
1352,1116,1265,JK007065,1311,645,939,59,21
1353,449,727,Shia001432Vols,13353,790,1040,189,82
1353,449,852,Shia001432Vols,16220,176,363,150,44
1353,466,780,Shia001432Vols,35930,634,924,227,86
1353,466,861,Sham19Y0013667,2479,600,807,156,47
1353,499,852,JK006914,1080,796,1127,253,87
1353,466,852,Shamela0023193,546,578,804,173,52
1353,503,687,Shamela0009918,1221,977,1140,113,75
1353,494,655,Sham19Y0131521,3650,277,440,125,93
1353,1099,1410,Shamela0001727,717,838,1391,145,31
1353,449,893,Shamela0008657,103,123,513,281,73
1353,494,856,JK000201,2652,1108,1376,212,71
1353,466,638,Shia003961Vols,1717,477,816,131,48
1353,453,638,Shamela0001687,7985,699,883,144,94
1353,499,767,Sham19Y0018569,52,1169,1388,153,65
1353,466,852,Shamela0028100,1138,942,1161,177,55
1353,499,762,Rafed0001792Vols,1904,922,1250,172,60
1353,466,852,Masaha000955Vols,1405,492,855,288,89
1353,1099,1410,Sham19Y0013252,814,334,784,88,18
1353,488,852,Sham19Y0013252,8633,793,1074,212,71
1353,499,638,Sham19Y0013252,9384,980,1125,111,94
1353,466,852,Shia001174Vols,2003,834,1195,288,89
1353,477,827,Shamela0011036,2238,197,556,258,80
1353,499,727,Sham19Y0016976,1643,1146,1348,144,74
1353,488,814,Shia002185Vols,1978,453,826,229,72
1354,179,515,Sham19Y0020944,393,425,771,261,94
1354,179,496,Shamela0007891,1052,470,787,253,100
1354,179,496,Shamela0001733,3541,321,632,244,96
1354,179,500,Sham19Y0123510,402,719,1040,243,92
1354,179,496,Shamela0012415,267,164,471,235,90
1354,728,1150,Shamela0021495,338,262,497,116,33
1354,1234,1546,Shamela0021495,338,1060,1260,105,41
1354,179,716,Shamela0021495,339,100,589,353,77
1354,192,496,Sham19Y0017768,764,1,302,240,98
1354,179,500,Shamela0000178,8,189,511,253,98
1354,1161,1436,Shamela0000963,1296,667,933,200,89
1354,179,515,Sham19Y0148486,2736,984,1313,256,95
1354,130,322,Shamela0003485,199,1291,1457,112,74
1354,179,496,Shamela0005733,8,579,883,240,94
1354,179,496,Shamela0006610,513,1140,1435,235,92
1354,179,477,Shamela0005806,9,515,843,238,90
1354,179,496,JK000977,1209,530,849,249,98
1354,179,496,JK001284,56,1156,1419,203,80
1354,179,496,Shamela0001719,1719,936,1225,231,91
1354,179,496,Shamela0028107,389,131,419,230,90
1354,252,515,Shamela0002863,1079,1,261,198,93
1354,179,485,Shamela0025794,690,1174,1471,237,97
1354,179,496,Sham19Y0131521,2582,928,1245,253,100
1354,728,1314,Sham19Y0131521,2584,337,623,220,47
1354,179,496,Shamela0021590,693,500,1085,223,47
1354,130,496,Shamela0001727,718,245,700,288,79
1354,179,496,Sham19Y0017757,95,32,326,227,90
1354,179,489,JK009266,2152,964,1274,231,92
1354,1175,1351,Shamela0000432,2344,1162,1389,119,59
1354,1298,1534,Shamela0011498,325,107,349,134,66
1354,179,496,ShamAY0033910,554,486,803,245,94
1354,179,496,ShamAY0033910,1114,831,1155,252,97
1354,1234,1546,Shamela0005756,5701,31,516,199,49
1354,179,500,Shamela0021626,10,90,412,253,98
1354,179,500,Sham19Y0127677,19333,404,740,254,94
1354,216,496,Shamela0117359,463,1,288,224,97
1354,179,515,Shamela0008381,2498,315,626,236,88
1354,179,496,JK000130,555,703,1020,245,94
1354,179,496,JK000130,1115,869,1193,252,97
1354,179,496,ShamAY0033633,32,717,1036,241,90
1354,179,496,Shamela0009804,218,1088,1420,243,92
1354,179,496,Sham19Y0017903,482,938,1255,253,100
1354,179,563,Shamela0001442,392,962,1314,265,86
1354,1333,1534,JK000201,1577,908,1183,127,53
1354,179,500,Shamela0023628,556,740,1067,252,96
1354,130,496,Sham19Y0122406,1904,625,1080,288,79
1354,179,508,Shamela0006227,421,17,325,246,93
1354,179,496,JK009324,1227,27,325,235,93
1354,179,496,Shamela0012399,1859,429,751,245,92
1354,179,496,Shamela0010765,414,859,1183,253,97
1354,179,822,Sham19Y0016946,246,989,1408,234,40
1354,179,496,Sham19Y0001734,1534,565,882,253,100
1354,179,496,Sham19Y0001734,1537,528,847,253,99
1354,7,496,Sham19Y0132524,1148,603,1359,295,46
1354,179,500,Kraken230110004547,123,904,1194,223,85
1354,179,917,Sham19Y0018106,1397,457,946,340,54
1354,179,508,Shamela0036446,418,787,1115,254,94
1354,179,500,Shamela0025800,724,734,1055,253,98
1354,179,447,Sham19Y0017729,246,1159,1426,213,99
1354,179,496,Sham19Y0014462,67,410,709,239,94
1354,179,496,ShamAY0035950,164,695,1009,243,92
1354,179,500,Shamela0026484,366,587,900,246,95
1354,179,496,Sham19Y0131336,1065,700,1016,252,99
1354,179,496,Sham19Y0006684,1199,364,652,230,90
1354,179,515,Sham19Y0020638,589,881,1217,253,92
1354,183,477,JK007036,209,830,1128,235,98
1354,179,496,ShamAY0031687,1052,1010,1348,239,86
1354,179,496,ShamAY0031687,1054,895,1212,253,100
1354,179,390,JK000475,726,1184,1395,168,99
1354,179,500,JK000475,1217,344,672,250,96
1354,179,465,Sham19Y0020591,657,25,311,229,100
1354,179,500,Shia000820Vols,736,344,663,247,95
1354,1333,1546,Sham19Y0013252,2967,505,790,139,55
1354,179,496,Shamela0021479,54,696,1025,253,96
1354,179,500,Shamela0000551,1391,68,379,245,95
1354,165,418,Sham19Y0017616,163,1206,1452,191,94
1354,179,496,Sham19Y0013241,814,1147,1464,253,100
1354,179,482,Shamela0000041,465,309,612,239,99
1354,165,327,Shamela0023422,592,1309,1465,120,92
1354,183,589,Shamela0023422,593,794,925,62,16
1354,179,535,Shia002119Vols,1457,43,374,255,90
1354,179,508,JK007065,368,525,853,260,98
1354,179,496,Sham19Y0011194,120,796,1108,246,97
1354,179,583,Sham19Y0122257,1548,1173,1440,214,65
1354,179,312,Sham19Y0014601,2933,1325,1458,107,100
1354,179,459,Sham19Y0014601,2934,633,1083,223,62
1354,179,496,Shamela0006161,168,308,633,248,95
1354,563,951,Sham19Y0013605,1735,1,274,204,63
1354,179,932,Sham19Y0013605,1920,303,989,349,44
1354,179,500,Shamela0013073,266,301,628,254,96
1354,179,346,Sham19Y0017442,376,1311,1478,134,100
1354,179,371,Shamela0010517,2304,274,449,128,81
1355,446,874,Shamela0021495,242,1057,1385,162,40
1355,151,602,Sham19Y0017747,918,619,1214,243,46
1355,633,1204,Sham19Y0131521,2494,754,1232,225,41
1355,406,602,Sham19Y0131521,2494,51,249,152,94
1355,162,279,Shamela0001727,718,951,1249,82,35
1355,406,779,Shamela0000140,429,441,1040,211,40
1355,641,773,JK000201,1573,1386,1529,104,91
1355,773,908,JK000201,1574,1,146,108,92
1355,665,856,Shamela0023628,3300,1177,1339,121,78
1355,162,657,Sham19Y0122406,1909,530,1312,195,27
1355,898,1070,Shamela0000551,1590,913,1078,128,92
1355,166,279,Sham19Y0017616,163,933,1097,79,61
1355,380,766,Sham19Y0017063,561,684,814,89,29
1355,908,1251,Sham19Y0150962,1013,55,357,227,79
1356,526,838,Shamela0012415,269,365,682,250,98
1356,526,838,ShamAY0034227,3743,312,640,240,90
1356,526,838,Sham19Y0148486,2733,769,1085,249,98
1356,526,838,Sham19Y0019188,1303,34,388,249,87
1356,526,858,Shamela0008176,3377,1026,1342,233,84
1356,51,499,Sham19Y0017747,919,691,1082,268,74
1356,526,842,Shia002616Vols,1404,802,1141,252,92
1356,563,838,Tafsir09085,240,6,282,216,97
1356,526,838,JK006897,252,880,1197,246,95
1356,526,838,Shamela0021744,1122,604,924,250,97
1356,526,906,Sham19Y0017745,73,533,901,283,90
1356,526,842,ShamAY0034182,1252,552,878,250,96
1356,526,838,Shia000841Vols,3262,242,553,240,93
1356,526,832,JK000299,968,1229,1543,245,97
1356,526,1348,Shamela0011244,28,58,961,527,68
1356,508,838,Shamela0025794,1882,1036,1386,255,91
1356,526,838,Shamela0011428,1030,469,789,250,97
1356,1072,1297,Sham19Y0131521,2559,132,448,158,61
1356,51,545,Shamela0021590,693,186,552,200,48
1356,545,718,JK007128,828,841,999,124,90
1356,526,718,Shamela0021715,10901,754,959,152,93
1356,499,838,Shamela0001727,719,265,726,255,69
1356,526,873,Shamela0011498,323,368,705,246,82
1356,526,695,ShamAY0038201,649,995,1169,123,84
1356,526,842,Sham19Y0013572,1243,371,694,250,96
1356,526,832,Sham19Y0127700,199,803,1125,245,95
1356,526,873,Shamela0005756,5693,111,472,262,91
1356,56,245,Shamela0005756,6543,1,164,119,80
1356,526,838,Shamela0026884,316,944,1261,248,97
1356,526,838,Shamela0012014,279,527,855,250,95
1356,926,1504,Shamela0001673,11354,1079,1484,194,38
1356,526,842,Sham19Y0023590,883,1138,1467,247,94
1356,526,842,Tafsir09084,404,471,792,249,97
1356,526,1348,Sham19Y0014309,687,223,1040,540,74
1356,13,665,Sham19Y0014309,832,113,603,199,33
1356,952,1266,Sham19Y0014309,2663,1001,1329,155,52
1356,526,842,Sham19Y0150599,149,598,943,249,90
1356,540,702,JK000170,1728,635,781,110,82
1356,526,855,Sham19Y0017903,435,1040,1363,246,90
1356,526,848,Shia001395Vols,948,520,855,244,89
1356,526,838,ShamAY0033181,561,876,1196,250,97
1356,526,768,Shamela0000140,1753,934,1186,190,94
1356,526,695,Shamela0023628,243,372,548,133,94
1356,526,695,Shamela0023628,553,1043,1222,133,93
1356,530,764,Shamela0023628,1094,1251,1440,126,66
1356,605,838,Sham19Y0122406,1912,532,765,188,100
1356,526,702,Sham19Y0145212,1780,576,731,116,79
1356,926,1504,ShamAY0000351,435,445,850,201,41
1356,526,848,Shamela0010463,273,121,447,246,91
1356,526,855,JK009237,1678,17,355,257,93
1356,526,695,Shamela0021608,1592,951,1125,123,84
1356,526,799,Shamela0008473,965,1223,1501,218,97
1356,499,838,Masaha001171Vols,4774,1104,1493,263,85
1356,499,735,Sham19Y0132524,1153,270,544,180,83
1356,526,873,Sham19Y0149697,2628,69,629,266,58
1356,545,754,Sham19Y0149697,11016,1363,1572,164,99
1356,526,832,Shamela0036446,357,270,554,191,68
1356,526,832,Shamela0025800,571,467,754,192,68
1356,526,855,Sham19Y0017729,221,297,635,257,93
1356,526,848,Shamela0001680,2,1044,1370,246,91
1356,494,838,Sham19Y0020638,590,844,1229,263,84
1356,526,718,Sham19Y0009763,228,40,252,152,90
1356,526,855,Masaha001864Vols,2548,1058,1392,253,93
1356,499,1270,Masaha001864Vols,5388,891,1673,614,97
1356,1270,1508,Masaha001864Vols,5389,1,238,190,97
1356,526,838,Shamela0008463,1405,807,1132,250,96
1356,526,838,Sham19Y0146127,1439,97,402,238,93
1356,526,873,Shamela0011036,296,408,811,263,81
1356,499,838,Sham19Y0017616,162,26,411,265,86
1356,526,877,Shamela0001535,2277,802,1185,270,87
1356,545,793,Sham19Y0020590,160,1266,1514,199,100
1356,526,838,Shamela0023422,614,494,816,250,96
1356,563,838,JK007065,1029,1,275,220,99
1356,526,711,Shamela0021731,320,1324,1522,144,92
1356,799,1458,Sham19Y0008889,180,1,523,224,35
1356,40,488,Sham19Y0017063,561,814,1049,183,51
1356,526,838,Rafed0003902Vols,872,469,792,248,95
1356,526,873,Sham19Y0014325,2109,858,1208,237,81
1356,526,826,Shamela0008360,390,1231,1510,218,87
1356,526,838,Shamela0021537,3988,450,778,248,94
1357,149,955,Shamela0011244,28,844,1471,314,39
1357,516,950,Sham19Y0014309,687,996,1484,318,76
1357,684,1016,JK000201,3392,19,347,264,98
1357,684,1162,Sham19Y0018272,1229,626,878,173,44
1357,1,1304,Masaha001864Vols,5389,238,1537,1032,97
1357,1304,1551,Masaha001864Vols,5390,1,244,196,96
1357,497,1009,JK007116,7,364,660,93,19
1357,497,981,Shamela0011036,293,1282,1526,79,18
1357,659,1177,Sham19Y0122257,1546,119,577,296,62
1357,296,481,Shamela0000791,496,307,487,143,96
1358,1219,1521,ShamIbadiyya0000438,984,1242,1521,195,70
1358,1010,1181,Sham19Y0013769,1066,1108,1521,98,29
1358,1185,1521,Sham19Y0013769,1067,25,354,260,93
1358,1089,1521,ShamAY0034227,3860,1058,1491,236,64
1358,940,1079,Shamela0000767,905,122,344,100,55
1358,737,1000,Shamela0003485,377,742,1209,141,34
1358,633,1145,Shia000841Vols,3317,1070,1318,140,32
1358,633,1145,Shia000841Vols,3957,630,877,120,24
1358,1,358,Shamela0011244,29,374,674,190,61
1358,633,1079,Shamela0022848,261,125,484,123,26
1358,1185,1521,Sham19Y0131521,2484,1237,1547,202,65
1358,596,815,Shamela0001727,719,730,1328,157,33
1358,940,1079,Shamela0001727,720,1176,1437,103,49
1358,633,930,Shamela0001727,720,164,542,104,25
1358,633,819,Sham19Y0013572,554,1309,1471,120,75
1358,751,1105,Sham19Y0017437,894,883,1226,106,25
1358,652,1079,Shia002240Vols,274,1019,1258,91,24
1358,633,1064,JK000386,312,898,1301,193,53
1358,940,1079,Shamela0011385,3272,1007,1289,98,43
1358,834,1161,Shamela0004473,12866,587,911,157,48
1358,807,1349,Shamela0005922,2650,28,710,226,33
1358,151,358,JK000201,3392,369,576,165,100
1358,633,990,Shamela0006227,303,912,1422,148,37
1358,633,815,Sham19Y0001734,1102,705,1113,94,29
1358,633,874,Shamela0001875,836,59,333,135,56
1358,600,1004,ShamAY0033531,1366,1087,1477,289,88
1358,1004,1521,ShamAY0033531,1367,1,527,416,97
1358,633,1149,Shamela0010657,907,95,594,132,20
1358,637,825,Sham19Y0014224,647,1402,1596,145,93
1358,825,1521,Sham19Y0014224,648,1,671,534,94
1358,737,1079,Sham19Y0020638,591,9,1153,250,27
1358,737,1197,Sham19Y0013223,1119,383,1151,189,26
1358,1,585,Masaha001864Vols,5390,244,823,445,94
1358,633,1079,Sham19Y0127663,405,14,452,196,42
1358,940,1145,Sham19Y0095660,1391,485,760,135,54
1358,633,825,Shamela0021766,684,1025,1201,127,79
1358,633,930,Shamela0023422,625,25,1180,208,22
1358,940,1079,Shamela0023422,626,396,678,103,46
1358,940,1079,Shamela0023422,641,924,1230,103,42
1358,633,815,JK007065,509,936,1164,111,61
1358,575,1083,JK007065,685,503,940,113,19
1358,633,1000,Shamela0021743,509,469,670,106,36
1358,341,509,Shamela0000791,496,449,626,122,84
1358,633,1000,Shamela0010517,1995,11,263,102,28
1358,633,1145,Shamela0010517,2080,790,1415,173,26
1358,628,1521,Shamela0010517,2082,34,930,718,99
1358,652,1064,Shamela0010517,2253,1211,1512,95,25
1359,924,1484,Shamela0021495,245,960,1276,199,44
1359,9,412,ShamIbadiyya0000438,985,1,395,304,95
1359,1,412,Sham19Y0013769,1067,354,702,247,73
1359,851,1021,Sham19Y0013769,1069,570,793,114,58
1359,194,412,Shamela0000963,1291,375,533,122,71
1359,74,423,ShamAY0034227,3861,1,341,261,94
1359,9,473,Sham19Y0131521,2485,1,473,323,84
1359,604,1245,Shamela0000432,5259,530,1038,275,43
1359,114,399,Sham19Y0149697,2679,1276,1513,161,72
1359,1,1025,ShamAY0033531,1367,527,1547,804,96
1359,1,423,Sham19Y0014224,648,671,1108,327,94
1359,1281,1549,Sham19Y0014224,650,348,599,146,54
1359,638,791,Sham19Y0014224,650,191,339,115,92
1359,1,183,Sham19Y0013252,2252,960,1133,131,91
1359,1252,1442,Sham19Y0014580,1097,1,172,130,81
1359,594,1529,Sham19Y0017063,562,967,1465,329,42
1359,1,412,Shamela0010517,2082,930,1341,324,100
1360,1424,1572,Sham19Y0017350,689,824,989,100,72
1360,277,634,Sham19Y0013769,1068,1094,1420,237,80
1360,1,273,Sham19Y0013769,1070,990,1177,135,62
1360,273,609,ShamAY0034227,3862,1188,1510,258,94
1360,509,634,Sham19Y0017747,2909,600,725,103,100
1360,998,1572,Sham19Y0131521,2484,445,995,433,92
1360,345,509,Shamela0021715,3075,1354,1488,103,78
1360,1081,1572,Shamela0021715,3076,910,1189,158,37
1360,277,487,Sham19Y0016684,753,1266,1481,132,77
1360,1081,1542,Sham19Y0016684,754,448,697,150,38
1360,277,509,Sham19Y0017437,894,347,584,151,79
1360,1052,1361,Shamela0005756,4351,250,624,233,74
1360,324,634,ShamIbadiyya0000433,1076,293,721,206,57
1360,277,509,Shamela0001665,337,1007,1244,149,78
1360,1081,1572,Shamela0001665,338,276,564,184,44
1360,41,273,Sham19Y0013253,428,978,1216,113,54
1360,352,634,Shamela0021597,2096,678,1104,187,52
1360,41,284,Sham19Y0122406,1913,291,540,124,56
1360,432,609,Sham19Y0149697,2680,443,612,136,93
1360,277,645,Sham19Y0014224,649,180,604,284,80
1360,1,273,Sham19Y0014224,650,599,803,143,65
1360,961,1572,Sham19Y0014224,651,238,710,212,37
1360,455,634,Shamela0000551,3068,1,174,138,94
1360,300,509,Sham19Y0017063,563,26,198,135,79
1361,209,543,Kraken220314171616,63,1018,1371,192,58
1361,99,563,JK001014,3,641,1104,257,57
1361,105,543,Sham19Y0013769,1067,709,1398,301,49
1361,105,472,Shamela0008176,3388,871,1190,217,68
1361,1305,1658,Sham19Y0017747,1071,293,546,186,64
1361,170,324,Sham19Y0017747,1768,1436,1595,124,94
1361,1305,1645,ShamAY0031741,257,881,1285,175,48
1361,1424,1590,Sham19Y0131521,2863,1373,1514,79,59
1361,1371,1658,Shamela0021590,1417,200,471,212,86
1361,1305,1658,Sham19Y0017101,129,868,1124,191,66
1361,1305,1669,Shia004509,135,1085,1441,292,97
1361,105,543,Shamela0005756,4647,780,1042,207,57
1361,1298,1645,Shamela0001673,2694,712,1293,180,35
1361,1298,1641,JK000201,805,1067,1668,178,33
1361,173,598,Sham19Y0018106,977,77,304,158,46
1361,173,456,Sham19Y0018103,2047,211,366,111,48
1361,1298,1669,Zaydiyya0000379,467,80,452,299,95
1361,1298,1590,Shamela0037816,190,186,480,237,96
1361,79,462,Sham19Y0014224,648,1097,1543,308,83
1361,1298,1645,Sham19Y0013223,2002,498,1082,181,35
1361,1333,1658,Shia003724,111,1,265,192,71
1361,1298,1504,Sham19Y0095660,1559,1132,1338,170,100
1361,1298,1504,Sham19Y0095660,2082,1307,1513,170,100
1361,1298,1658,Sham19Y0013252,2403,782,1093,217,72
1361,1024,1363,Shamela0011036,1472,791,1083,183,63
1361,1305,1658,Shamela0009242,2182,356,609,186,64
1361,79,554,Shamela0000497,59,182,698,263,52
1361,170,554,ShamAY0035249,280,1131,1551,241,63
1361,138,559,Sham19Y0122257,1550,1,430,338,95
1361,170,422,Sham19Y0122257,1888,1073,1371,177,70
1361,1298,1584,Sham19Y0013783,3493,1118,1302,142,61
1361,105,543,Sham19Y0013605,1490,1018,1280,209,57
1361,173,543,Sham19Y0013605,1922,282,462,123,41
1362,556,977,Sham19Y0127660,1292,1069,1483,328,98
1362,977,1484,Sham19Y0127660,1293,1,500,389,96
1362,784,1011,Shamela0005756,4353,1323,1443,94,52
1362,1,294,Sham19Y0013253,428,1216,1517,220,85
1362,593,1217,Sham19Y0013253,429,397,925,302,56
1362,6,320,Sham19Y0122406,1916,466,783,235,86
1362,593,1138,Sham19Y0122406,1917,916,1392,250,51
1362,561,1418,ShamAY0033531,1369,259,836,410,60
1362,812,1439,Sham19Y0013252,2250,6,518,295,53
1363,884,1518,Sham19Y0013769,1071,1002,1440,295,55
1363,973,1518,Shia000841Vols,1896,10,293,170,35
1363,1,349,Sham19Y0127660,1293,500,849,271,98
1363,421,875,Shamela0021715,4799,1003,1260,139,37
1363,224,795,Shia001831Vols,328,98,531,305,63
1363,1,338,ShamAY0033531,1369,780,1036,183,70
1363,413,880,Sham19Y0018103,2047,458,684,132,35
1363,880,1102,Sham19Y0014224,651,1373,1596,177,98
1363,1102,1518,Sham19Y0014224,652,1,412,273,79
1363,349,1518,Masaha001864Vols,5158,430,1557,895,94
1363,1,332,Sham19Y0013252,2250,443,710,194,73
1363,368,1518,ShamAY0035249,284,1,1156,923,98
1363,413,875,Sham19Y0013605,2599,60,318,144,37
1364,835,1224,JK007054,357,348,691,162,44
1364,646,1224,ShamAY0033605,6,1039,1370,167,30
1364,646,1208,Sham19Y0148486,3244,636,1290,178,26
1364,835,1224,Shamela0006610,587,654,1018,153,38
1364,835,1224,Shamela0000216,122,512,840,163,45
1364,835,1224,JK000977,1216,62,398,159,43
1364,835,1224,Shamela0021744,1117,203,541,161,43
1364,835,1224,Sham19Y0132974,50,122,461,161,43
1364,835,1460,Shia000841Vols,1994,358,1139,300,38
1364,76,700,Shamela0001727,721,1027,1441,251,50
1364,835,1224,Shamela0001727,722,56,394,161,43
1364,835,1224,Sham19Y0013572,648,536,875,159,43
1364,835,1224,JK001236,201,849,1187,161,43
1364,835,1224,Sham19Y0127700,193,769,1122,155,40
1364,835,1224,Shamela0010639,226,271,616,161,43
1364,835,1386,Shamela0012014,233,848,1413,269,45
1364,835,1224,Sham19Y0127677,18709,1135,1472,162,44
1364,835,1224,Shamela0000894,5821,829,1163,161,44
1364,1398,1544,ShamAY0036508,42,1327,1476,115,97
1364,835,1224,Sham19Y0017903,979,335,673,155,41
1364,1232,1391,JK000201,4122,107,582,106,26
1364,1391,1540,JK000201,4123,15,165,111,94
1364,835,1224,Shamela0004482,466,52,390,161,43
1364,76,449,Sham19Y0122406,1918,632,1270,194,36
1364,606,1224,Sham19Y0122406,1919,64,561,234,40
1364,830,1224,Sham19Y0145212,1744,218,610,142,30
1364,835,1224,Shamela0021677,419,626,960,150,40
1364,835,1224,Sham19Y0018144,1171,56,394,161,43
1364,835,1224,Shamela0036446,1324,739,1094,155,40
1364,586,1224,Shamela0012579,1931,379,919,194,30
1364,835,1224,Shamela0025800,922,912,1288,152,38
1364,835,1224,Sham19Y0020638,592,511,845,161,44
1364,945,1391,Sham19Y0020638,1701,922,1108,127,34
1364,673,1224,Masaha001864Vols,1818,177,635,190,35
1364,940,1125,Masaha001864Vols,4825,978,1165,151,98
1364,913,1125,Masaha001864Vols,4965,38,238,162,93
1364,835,1224,JK000475,2464,332,668,153,41
1364,598,1224,ShamAY0033620,9,556,1059,239,41
1364,835,1224,Tafsir02100,157,578,920,153,41
1364,76,449,Shamela0023422,627,367,672,184,60
1364,76,469,Shamela0023422,642,1088,1452,193,54
1364,613,1224,Shamela0023422,646,465,971,237,41
1364,1,313,ShamAY0035249,284,1156,1468,249,100
1364,1386,1544,Sham19Y0023625,1784,548,730,118,80
1364,835,1224,JK007065,587,6,344,161,43
1364,175,313,Sham19Y0122257,1549,1261,1399,85,66
1364,931,1386,Sham19Y0017063,540,1246,1570,183,43
1364,835,1224,Shamela0021578,32,863,1202,161,44
1365,1352,1555,JK001012,221,654,940,115,45
1365,1348,1555,Sham19Y0122402,818,1411,1519,69,41
1365,447,790,Shamela0010639,227,1,337,263,93
1365,1281,1555,Shamela0010639,228,257,834,126,25
1365,547,790,Shamela0012014,234,180,434,164,76
1365,808,1064,Sham19Y0013253,429,1156,1480,186,72
1365,1067,1478,Sham19Y0013253,430,6,176,80,22
1365,1130,1555,Shia001831Vols,328,1023,1246,180,52
1365,1136,1281,JK000201,4122,853,994,115,97
1365,542,1100,JK000201,4123,224,825,445,92
1365,814,1307,Sham19Y0122406,1920,40,612,233,40
1365,784,1378,Sham19Y0132524,1159,294,969,213,32
1365,586,971,Sham19Y0017729,660,958,1115,115,36
1365,911,1095,Sham19Y0016782,208,1,206,129,79
1365,68,769,JK000665,8,40,480,250,42
1365,822,1237,Masaha001864Vols,4964,850,1105,93,24
1365,814,1064,Sham19Y0017829,274,497,753,131,55
1365,390,547,Sham19Y0023625,1782,1228,1388,107,84
1365,547,790,Sham19Y0023625,1783,1096,1329,188,94
1365,1,353,Sham19Y0023625,1784,730,1061,258,87
1365,1,1100,Sham19Y0150962,1619,34,789,593,66
1366,267,635,ShamAY0035035,2828,1301,1549,159,47
1366,716,902,Zaydiyya0000142,253,1195,1513,115,44
1366,758,1354,Sham19Y0131521,2877,103,690,229,40
1366,56,651,Sham19Y0131521,3919,166,810,417,76
1366,651,812,Shamela0001727,723,580,829,98,49
1366,671,895,Sham19Y0017903,487,780,1131,146,51
1366,671,1147,Sham19Y0122406,1922,816,1479,273,45
1366,651,812,Sham19Y0122406,1922,303,552,98,49
1366,1165,1518,Sham19Y0122406,1923,545,1136,195,42
1366,68,844,Sham19Y0132524,1160,685,1488,179,19
1366,716,895,Shamela0001875,956,529,751,119,67
1366,891,1456,ShamAY0033531,1576,597,1047,363,79
1366,703,895,Shamela0025800,720,482,987,143,35
1366,635,895,Sham19Y0146127,1700,782,1241,117,27
1366,749,1041,Shamela0011036,1377,729,999,124,38
1366,275,616,Shamela0011036,1382,34,283,175,60
1366,87,573,Shamela0011036,1384,1026,1380,238,58
1366,227,635,Shamela0009242,2173,1067,1369,218,62
1366,671,895,Shamela0023422,660,205,1122,112,14
1366,63,627,Sham19Y0023625,1632,598,1581,333,40
1366,87,622,Sham19Y0017063,542,782,1434,416,77
1367,25,259,ShamAY0034441,410,218,845,175,35
1367,5,169,Sham19Y0122232,1506,802,961,122,93
1367,25,206,ShamIbadiyya0000438,454,6,320,128,49
1367,12,259,Sham19Y0016584,3233,1178,1397,160,78
1367,1370,1503,Shamela0006610,568,415,559,104,92
1367,1347,1503,Shamela0008176,3504,1333,1493,108,80
1367,25,259,JK000977,1220,460,685,173,91
1367,25,259,Shamela0026324,2451,887,1235,165,57
1367,1370,1503,JK006897,305,1270,1407,104,97
1367,1370,1503,Shia002034Vols,2294,750,878,100,95
1367,1370,1503,Shamela0012293,108,197,334,104,97
1367,1370,1483,Shamela0001719,70,651,761,86,97
1367,1374,1503,JK010001,1835,1149,1272,93,93
1367,28,259,JK010001,1946,1,212,167,90
1367,12,259,JK000110,1218,56,275,160,78
1367,1,169,Shia000841Vols,3711,1194,1370,133,95
1367,1370,1503,Tafsir07055,1922,517,654,104,97
1367,1,259,Tafsir07055,2039,331,588,203,99
1367,281,1128,Sham19Y0131521,2767,893,1523,329,41
1367,1128,1341,Sham19Y0131521,2768,1,190,153,88
1367,1370,1503,Sham19Y0014592,284,1206,1351,104,91
1367,12,259,Shamela0021715,7079,1219,1438,160,78
1367,12,259,Shamela0021715,7080,209,555,160,54
1367,1370,1503,Shamela0001727,724,1053,1190,104,97
1367,1,259,Shamela0001727,724,614,861,192,93
1367,1347,1503,Sham19Y0014088,142,870,1030,108,80
1367,1389,1503,Sham19Y0014088,202,762,876,89,100
1367,1,169,Sham19Y0013572,16,345,521,133,95
1367,12,173,Shamela0009795,215,541,721,127,89
1367,1370,1503,Shamela0007606,2,301,438,104,97
1367,12,244,Shamela0005756,11549,1240,1444,148,77
1367,1389,1503,Shamela0011385,3652,655,769,89,100
1367,25,259,ShamAY0038638,72,229,413,140,75
1367,1,169,JK000271,191,771,941,133,98
1367,1370,1503,Shamela0011258,35,249,397,104,89
1367,1370,1503,Sham19Y0017903,435,770,907,103,96
1367,1370,1503,JK007063,474,722,859,104,97
1367,25,463,Shamela0004289,1303,826,1290,201,47
1367,25,173,Shamela0023685,332,883,1170,110,47
1367,1404,1503,Shamela0004482,463,1,100,78,100
1367,1370,1503,Shamela0004482,495,1,138,104,97
1367,1,136,Sham19Y0122406,1923,1368,1492,95,88
1367,136,259,Sham19Y0122406,1924,1,124,97,99
1367,1370,1503,Sham19Y0122406,1924,717,854,104,97
1367,1,173,JK009324,1308,1009,1177,119,83
1367,1,173,Shamela0000927,2011,613,937,125,46
1367,1370,1503,JK009237,1675,478,615,104,97
1367,1,173,Sham19Y0132524,1161,962,1123,125,90
1367,880,1341,ShamAY0033531,1503,835,1268,319,80
1367,12,259,Sham19Y0018106,3001,51,272,160,78
1367,1374,1503,JK000381,1357,1085,1233,94,82
1367,1,303,Sham19Y0018144,1163,330,665,154,52
1367,12,259,Sham19Y0018103,2883,1194,1413,160,78
1367,1370,1503,Shamela0025800,2537,807,951,104,92
1367,25,259,Shamela0023578,1369,745,945,154,82
1367,1,169,Sham19Y0023618,2134,347,517,133,98
1367,1,263,Sham19Y0020638,594,640,907,202,95
1367,1370,1503,Sham19Y0020638,595,347,484,104,97
1367,1370,1503,Sham19Y0013223,474,753,897,104,92
1367,1,327,Masaha001864Vols,3417,649,1165,175,40
1367,1,318,Masaha001864Vols,3418,11,394,238,79
1367,69,259,ShamAY0031687,952,1,180,135,88
1367,1370,1503,Shamela0011363,315,102,240,104,96
1367,1,169,ShamAY0007299,2781,677,834,122,90
1367,880,1389,Sham19Y0013252,1271,262,750,338,80
1367,1,263,Sham19Y0013252,3189,661,1139,180,46
1367,12,253,Sham19Y0013252,7001,1264,1477,155,78
1367,1,463,ShamAY0035884,556,954,1330,187,39
1367,1352,1503,Sham19Y0017616,162,1004,1190,116,80
1367,1,324,Sham19Y0017616,162,751,1082,216,77
1367,1,314,Shamela0023422,661,446,721,201,80
1367,1,533,Shamela0023422,663,44,478,258,56
1367,12,173,Sham19Y0020891,569,148,319,127,94
1367,1,199,JK007065,9,237,430,132,78
1367,752,1277,Sham19Y0122257,1595,907,1349,241,52
1367,1370,1503,Sham19Y0122257,1602,470,607,104,97
1367,1370,1503,Sham19Y0014119,292,1046,1183,104,97
1367,1370,1503,Sham19Y0017063,585,218,355,104,97
1367,1370,1503,Sham19Y0148271,2304,364,501,104,97
1367,1347,1503,JK000024,63,145,297,106,85
1367,1370,1503,Shamela0008360,405,382,519,104,97
1367,1370,1503,Shamela0021743,599,978,1122,102,90
1367,12,259,Sham19Y0013605,3477,299,533,161,76
1367,1370,1503,Shamela0021537,3865,951,1088,104,97
1367,1370,1503,ShamAY0034311,8,989,1129,101,89
1368,736,867,JK009390,444,1207,1362,108,84
1368,736,867,Sham19Y0132974,32,1290,1443,107,84
1368,1179,1353,Shamela0005756,6310,505,687,118,72
1368,736,867,Sham19Y0127677,450,85,239,108,85
1368,736,867,Sham19Y0127677,14589,780,934,108,85
1368,523,867,Shia001831Vols,329,186,410,162,57
1368,736,867,Shamela0001975,205,779,933,108,85
1368,130,784,Sham19Y0122406,1924,970,1398,187,34
1368,604,960,Sham19Y0122406,1925,6,403,205,57
1368,736,867,Shia002265Vols,1354,292,444,108,86
1368,1207,1353,Sham19Y0132524,1163,1030,1546,76,18
1368,736,867,Shamela0001438,1017,1331,1485,108,85
1368,1,298,ShamAY0035990,168,737,993,147,61
1368,736,861,Shamela0021659,254,1294,1442,103,84
1368,8,302,Sham19Y0023625,2681,582,827,178,72
1368,491,823,Sham19Y0122257,1605,673,1036,100,25
1368,1179,1353,Sham19Y0014601,3168,806,988,118,72
1368,491,823,Shamela0008360,406,111,488,100,25
1368,925,1589,Shamela0000791,496,712,1358,434,80
1368,50,298,Shamela0023023BK2,585,306,501,111,53
1369,1375,1521,Shamela0012415,692,155,300,107,89
1369,1375,1521,Sham19Y0013667,4765,677,834,111,91
1369,1375,1514,Sham19Y0013769,1391,1030,1543,98,24
1369,1375,1521,Sham19Y0148486,3493,713,856,105,90
1369,1375,1521,Sham19Y0148486,3813,1270,1411,110,96
1369,1370,1521,Sham19Y0148486,5788,552,702,110,88
1369,1375,1521,Shamela0006610,735,838,987,112,95
1369,1375,1521,JK009390,5083,474,634,114,91
1369,1375,1521,JK009390,6107,1202,1358,111,91
1369,1375,1521,JK000977,1227,800,945,107,88
1369,1375,1521,ShamAY0033592,39,677,822,108,88
1369,1375,1521,Sham19Y0127656,223,930,1094,114,89
1369,164,425,JK010001,2307,1200,1506,166,61
1369,102,450,Shia000841Vols,3261,1031,1414,211,65
1369,1375,1521,Shia000841Vols,7143,1180,1329,113,96
1369,1375,1521,Shamela0002863,1400,461,607,108,89
1369,164,425,Tafsir07055,2415,459,765,166,61
1369,1375,1521,Shamela0001727,725,1067,1214,114,99
1369,1411,1521,Shamela0026568,273,960,1069,85,99
1369,1375,1521,Shamela0009810,1042,184,329,113,99
1369,444,1309,Shamela0009810,1099,156,832,271,33
1369,504,697,Shamela0005756,416,1315,1527,107,62
1369,496,798,Shamela0005756,6311,843,1364,124,24
1369,1375,1521,Sham19Y0127677,4233,644,790,113,99
1369,814,1272,Sham19Y0127677,10725,103,391,181,49
1369,1375,1521,Shia001731Vols,583,881,1026,113,99
1369,1375,1521,Sham19Y0017903,491,710,856,113,98
1369,1375,1521,Shamela0022547,1046,5,435,110,32
1369,444,1309,Shia001831Vols,329,410,886,327,47
1369,444,798,ShamAY0033522,356,120,499,264,87
1369,1375,1521,JK000477,634,561,704,112,97
1369,1411,1521,Shamela0023685,297,268,377,85,99
1369,450,792,Shamela0021660,2675,432,669,129,40
1369,697,1272,Sham19Y0122406,1927,188,1458,349,32
1369,1375,1521,Sham19Y0122406,1928,539,686,114,99
1369,1375,1521,Shia002265Vols,3457,1093,1239,114,100
1369,1375,1521,JK009324,1286,497,643,110,94
1369,1375,1521,Sham19Y0001734,1956,687,832,113,99
1369,703,1443,Sham19Y0132524,1164,479,1333,239,28
1369,1402,1521,Sham19Y0132524,1165,1156,1275,93,100
1369,496,725,Shia001845Vols,314,653,916,171,80
1369,1411,1521,JK000221,490,1,111,86,100
1369,1330,1521,Shamela0001875,960,534,722,124,80
1369,1375,1521,Shamela0001438,6129,1099,1245,114,100
1369,1375,1521,ShamAY0033945,1316,1220,1352,97,80
1369,1375,1521,Shamela0025800,2698,861,1015,114,94
1369,1375,1521,Sham19Y0017729,251,289,435,113,98
1369,1375,1521,Shamela0010657,952,723,866,112,97
1369,102,420,Shamela0119492,303,159,452,182,64
1369,1375,1521,ShamAY0034005,598,463,613,113,96
1369,1375,1521,Sham19Y0020638,595,1275,1422,114,99
1369,420,993,Sham19Y0020638,1702,370,583,102,21
1369,1375,1521,JK000475,850,1197,1341,112,98
1369,1375,1521,Shamela0021766,2897,1201,1344,102,83
1369,1375,1521,Sham19Y0146127,1836,487,630,105,90
1369,1375,1521,Sham19Y0146127,2018,1134,1294,110,85
1369,1375,1521,Sham19Y0146127,3184,556,702,108,89
1369,999,1276,Shamela0000551,1479,150,405,134,59
1369,1375,1521,Shamela0013032,85,483,631,114,98
1369,1375,1521,Shamela0009242,2651,1043,1192,113,96
1369,1375,1521,Sham19Y0017616,173,166,312,114,100
1369,915,1272,Zaydiyya0000361,550,415,715,142,48
1369,425,798,Sham19Y0020590,158,592,898,184,54
1369,425,623,Shamela0096232,20,885,1093,132,68
1369,1375,1521,Shamela0023422,675,515,662,114,99
1369,1375,1521,Shamela0023422,677,1105,1308,114,71
1369,909,1233,Sham19Y0018100,574,697,1180,137,32
1369,1,189,Shamela0000791,496,1358,1545,151,98
1369,314,1330,Shamela0000791,497,1,703,539,66
1369,1375,1521,Shamela0009642,237,1130,1279,113,96
1370,721,869,Sham19Y0013667,4770,374,568,77,46
1370,45,433,Sham19Y0013769,1394,800,1245,238,66
1370,495,862,Sham19Y0013769,1395,414,887,199,50
1370,277,413,Sham19Y0131521,2836,1356,1484,96,89
1370,466,862,Sham19Y0131521,2837,216,613,316,96
1370,1164,1576,Sham19Y0131521,2851,609,1433,256,37
1370,923,1183,Shamela0001727,726,316,688,126,33
1370,923,1195,Sham19Y0127677,9296,71,430,116,31
1370,923,1115,Sham19Y0127677,15548,237,689,134,36
1370,24,438,Shia001831Vols,329,957,1390,310,85
1370,1271,1396,Shia001831Vols,330,1,130,99,95
1370,1183,1396,JK000201,1596,18,231,171,100
1370,45,413,Sham19Y0122406,1928,1080,1423,227,69
1370,862,1183,Sham19Y0122406,1930,1083,1494,142,32
1370,1002,1183,Sham19Y0122406,1931,155,669,101,24
1370,1002,1261,Shamela0025800,723,881,1328,115,28
1370,140,862,Sham19Y0014224,850,1,858,426,53
1370,1183,1429,Shamela0012027,41,968,1211,180,91
1370,721,862,Sham19Y0013252,3141,966,1260,101,42
1371,678,1007,Shamela0021495,323,1,365,232,76
1371,1365,1527,Sham19Y0013769,1090,1,161,126,97
1371,276,841,Sham19Y0013769,2715,796,1143,185,37
1371,1272,1527,Shamela0005756,6487,406,595,136,66
1371,775,955,Shamela0005756,10552,7,161,107,69
1371,1241,1527,Shia001831Vols,330,156,426,200,88
1371,107,212,JK000201,1595,1229,1328,78,94
1371,641,862,Sham19Y0122406,1931,1311,1516,154,83
1371,1272,1435,ShamAY0000351,430,1439,1606,112,82
1371,641,937,ShamAY0033531,1553,350,592,156,59
1371,1268,1448,ShamAY0035990,512,1075,1254,139,93
1371,751,1017,ShamAY0035990,513,30,346,121,41
1371,612,962,Shamela0012027,41,1185,1525,273,96
1371,990,1338,Sham19Y0020638,596,752,1149,134,36
1371,1308,1527,Sham19Y0013605,1911,1193,1367,115,62
1372,1083,1560,Shamela0005756,5110,1135,1494,157,38
1372,1,1226,Shia001831Vols,330,426,1271,528,48
1372,139,380,ShamAY0000351,431,179,475,120,42
1372,634,1201,Sham19Y0014224,660,975,1613,308,51
1372,144,494,Sham19Y0014224,664,25,540,151,32
1372,1063,1201,Masaha001946Vols,25,127,246,95,86
1372,163,1190,Sham19Y0017063,615,616,1205,329,38
1373,125,530,Sham19Y0017350,694,1130,1548,257,66
1373,293,1189,Sham19Y0013769,1083,576,1071,340,46
1373,131,275,Sham19Y0017747,978,1374,1528,112,89
1373,275,1025,Sham19Y0017747,979,1,666,445,67
1373,1280,1565,Sham19Y0017747,980,209,438,151,59
1373,212,941,Shia000841Vols,3682,322,1031,541,91
1373,1022,1214,Shia000841Vols,3683,47,241,137,87
1373,1032,1189,Shamela0008362BK1,89,1,147,116,92
1373,116,516,Shamela0021715,3033,1234,1586,248,75
1373,953,1189,Masaha004755,132,335,541,138,67
1373,768,1214,JK011184,803,512,1035,258,56
1373,230,380,JK011184,803,652,801,119,99
1373,230,1189,Shamela0005756,1042,463,1012,385,47
1373,1,1200,Shamela0006947,17770,534,1357,541,52
1373,138,1189,Sham19Y0014452,79,435,1126,474,53
1373,131,1227,Shamela0001665,342,55,927,530,53
1373,116,496,Shia001831Vols,330,1286,1566,221,72
1373,993,1189,Shia001831Vols,331,81,289,144,85
1373,941,1224,Sham19Y0014827,130,1179,1501,153,56
1373,251,468,Shamela0009702,802,1313,1530,145,81
1373,574,1071,Shamela0009702,803,1197,1565,219,52
1373,788,1181,Sham19Y0013577,8238,365,786,203,50
1373,212,541,Sham19Y0013577,8239,290,563,206,74
1373,993,1181,Kraken21033110,602,410,637,139,76
1373,24,1200,Sham19Y0014224,661,81,1078,542,49
1373,262,533,Shamela0022877,146,416,577,100,44
1373,990,1189,Sham19Y0013252,753,1262,1465,150,86
1373,262,852,Masaha001946Vols,25,269,766,181,29
1373,1010,1189,Masaha001946Vols,25,497,684,139,92
1373,993,1189,Sham19Y0014580,1163,1043,1291,131,66
1373,1032,1504,Sham19Y0017063,615,1205,1575,243,56
1373,14,867,Sham19Y0013605,416,517,1285,354,39
1373,1014,1200,Sham19Y0013605,439,1317,1490,130,87
1374,234,623,Sham19Y0013769,1086,361,779,235,64
1374,1,574,Sham19Y0017747,980,438,849,244,48
1374,1303,1591,JK011184,797,134,413,150,60
1374,90,574,Shamela0005756,1044,550,961,307,74
1374,1415,1591,Shamela0005756,6523,447,615,129,89
1374,90,1261,Sham19Y0014452,75,425,1006,419,42
1374,1023,1287,Sham19Y0035453,206,564,798,187,86
1374,1358,1591,Shia001831Vols,331,415,626,164,88
1374,1287,1586,Sham19Y0014224,659,434,841,166,41
1374,192,574,Sham19Y0014224,662,962,1361,289,88
1374,234,440,Sham19Y0013252,756,1380,1572,133,76
1374,440,583,Sham19Y0013252,757,1,226,106,57
1374,1369,1591,Masaha001946Vols,27,956,1175,147,78
1374,322,574,Sham19Y0122257,1665,174,317,107,51
1375,1438,1569,Shia000841Vols,8399,160,354,90,55
1375,335,694,Sham19Y0131521,2845,46,367,236,79
1375,1016,1331,Sham19Y0131521,2845,929,1259,241,89
1375,50,341,Shamela0021715,2661,632,808,124,53
1375,1141,1378,Shamela0021715,5066,1150,1383,143,70
1375,942,1112,Masaha004755,290,515,688,132,93
1375,1347,1569,Sham19Y0029560,256,422,695,110,41
1375,481,675,Sham19Y0035453,207,7,157,109,69
1375,1132,1321,JK000208,1625,889,1051,122,80
1375,1350,1569,Shamela0001665,341,711,885,115,59
1375,936,1112,Sham19Y0014827,770,81,257,141,98
1375,1422,1539,Shia002942,137,158,285,82,74
1375,947,1112,Shia002265Vols,6313,192,358,132,97
1375,50,306,ShamAY0033531,1564,1261,1528,205,94
1375,354,720,ShamAY0033531,1565,94,482,294,93
1375,1442,1569,JK000778,265,203,335,69,55
1375,1422,1539,JK000778,1112,126,252,82,74
1375,474,720,Sham19Y0150600,1048,1183,1414,148,65
1375,31,354,Sham19Y0014224,664,972,1249,116,37
1375,77,750,Sham19Y0014224,666,446,773,218,40
1375,306,750,Sham19Y0018272,2192,644,966,236,64
1375,1199,1337,Masaha001946Vols,26,5,140,104,91
1375,1132,1321,Shamela0021598,2899,814,976,122,80
1375,64,354,Sham19Y0122257,1665,609,816,156,65
1375,1162,1331,Sham19Y0122257,1666,277,444,132,97
1375,830,1337,Sham19Y0017063,616,84,457,283,68
1376,318,711,Sham19Y0016684,746,91,380,186,55
1376,52,835,Shamela0023700,2564,11,241,146,23
1376,1208,1442,Shamela0004473,14049,233,396,132,69
1376,1,835,Shamela0035100,316,1088,1429,161,22
1376,523,835,Shamela0001665,342,904,1102,102,36
1376,777,1456,Shamela0001665,344,356,1020,283,38
1376,1,294,Shia001831Vols,331,1296,1561,208,83
1376,721,1347,Shia001831Vols,332,1,344,242,47
1376,1,835,Shamela0010906,501,300,641,161,22
1376,449,1103,Sham19Y0014224,659,83,1021,296,34
1376,523,835,Sham19Y0014224,661,1216,1415,102,36
1376,523,835,Sham19Y0013252,11222,1062,1260,102,36
1376,58,1407,Masaha001946Vols,27,680,1547,415,35
1376,1,835,Shamela0000782,294,30,374,171,24
1376,848,1456,Sham19Y0122257,1672,118,490,238,48
1376,1208,1433,Sham19Y0150962,989,1196,1577,136,43
1376,337,754,Sham19Y0013605,413,664,1322,169,27
1376,1162,1442,Sham19Y0013605,415,255,554,154,51
1377,78,462,Sham19Y0013769,1591,371,730,246,75
1377,516,1398,Sham19Y0013769,1592,282,1040,350,41
1377,58,425,Sham19Y0131521,6014,1232,1503,191,60
1377,51,292,Shamela0005756,1097,520,725,128,61
1377,696,1398,ShamAY0033531,1551,145,837,544,94
1377,51,390,Sham19Y0018103,286,549,838,144,46
1377,78,1470,Sham19Y0014224,981,64,1478,767,55
1377,75,446,Sham19Y0013252,776,931,1420,205,46
1377,58,816,Sham19Y0013605,440,358,890,311,46
1378,1128,1575,Sham19Y0013769,1107,129,524,154,37
1378,490,803,JK010001,2050,594,1080,96,26
1378,548,856,Tafsir07055,2148,930,1237,198,76
1378,490,630,Tafsir07055,2148,153,464,74,30
1378,1291,1551,Shamela0021715,4854,566,884,139,44
1378,1026,1264,Shamela0005756,6523,1,246,186,92
1378,27,235,Sham19Y0014452,83,1414,1567,110,65
1378,235,548,Sham19Y0014452,84,1,355,174,55
1378,27,374,Sham19Y0017419,90,1265,1526,179,60
1378,566,764,Shia001831Vols,332,598,746,103,62
1378,515,856,Shamela0023685,600,93,572,180,39
1378,31,870,Sham19Y0122406,1940,117,909,391,49
1378,1283,1551,Sham19Y0018106,2153,1201,1377,103,48
1378,1269,1546,Sham19Y0018103,2069,158,521,164,49
1378,1373,1575,Sham19Y0014224,673,1,176,142,86
1378,490,1575,Masaha001864Vols,4804,353,1186,654,73
1378,726,856,Shamela0011036,1275,1,152,105,86
1378,1316,1575,Shamela0011036,1276,28,422,185,54
1378,1,479,Shamela0009242,2053,848,1152,215,54
1378,1316,1499,Sham19Y0122255,113,300,512,127,66
1378,27,340,Sham19Y0122257,1666,873,1173,231,89
1378,1340,1551,Sham19Y0013605,2620,1290,1451,118,68
1379,1,453,Sham19Y0013769,1107,524,971,181,42
1379,230,447,Shamela0021715,3054,109,298,146,82
1379,230,447,Shamela0021715,4854,884,1070,131,72
1379,230,447,Shamela0001673,3598,208,560,144,49
1379,230,447,Sham19Y0018103,1424,1247,1434,144,81
1379,1,337,Masaha001864Vols,4804,1193,1527,267,98
1379,337,683,Masaha001864Vols,4805,1,362,267,93
1379,230,600,Shamela0011036,1275,544,1283,268,45
1379,1,182,Shamela0011036,1276,422,602,143,99
1379,79,576,Sham19Y0122257,1667,19,458,267,66
1379,230,447,Sham19Y0013605,1917,818,1021,150,80
1380,190,609,JK010001,2050,973,1208,101,24
1380,566,952,Shamela0001727,730,8,189,125,40
1380,254,609,Sham19Y0122406,1942,397,674,96,24
1380,523,995,Sham19Y0132524,1175,819,1409,124,18
1380,254,609,Sham19Y0020638,599,379,498,93,32
1380,1084,1645,Sham19Y0013223,1988,1,414,315,67
1380,254,609,Shamela0023422,709,153,429,96,24
1380,845,1410,Shamela0023422,715,438,1034,129,16
1380,547,741,Sham19Y0014601,5345,304,881,118,23
1381,549,1276,Shamela0001727,731,96,579,141,18
1381,604,1171,Shia001831Vols,332,1267,1478,149,30
1381,1210,1602,ShamAY0033522,655,790,991,123,35
1381,597,806,JK000201,4483,226,438,166,93
1381,41,625,Sham19Y0122406,1944,459,1204,174,24
1381,216,364,Sham19Y0145212,1903,760,891,93,77
1381,678,1171,Shia003732Vols,1357,164,414,189,46
1381,539,1276,Sham19Y0020638,600,240,680,142,19
1381,652,1171,Sham19Y0020638,1703,771,950,107,22
1381,1,301,Sham19Y0013223,1988,414,571,127,52
1381,301,980,Shamela0009242,2087,305,1117,212,22
1381,854,1276,Shamela0023422,716,687,1186,134,24
1381,1,448,Sham19Y0122257,1680,633,1022,276,75
1381,617,1339,Sham19Y0014119,1109,133,355,183,30
1381,1206,1488,Sham19Y0017063,619,836,1353,206,48
1382,541,832,Shamela0008176,3648,712,1039,168,56
1382,157,788,Shamela0009918,1426,766,1404,281,41
1382,146,429,Shamela0026568,1325,1214,1485,215,95
1382,493,1417,Shamela0026568,1326,1,715,475,57
1382,171,434,Sham19Y0096629,205,477,749,189,79
1382,281,897,Sham19Y0014452,129,425,974,384,73
1382,7,1389,Shia001831Vols,333,260,1574,962,81
1382,7,529,ShamAY0033522,655,991,1511,412,98
1382,529,1488,ShamAY0033522,656,1,942,641,73
1382,111,897,JK000201,4480,820,1545,573,90
1382,146,1273,Shamela0023685,1496,667,1548,617,62
1382,1273,1417,Shamela0023685,1497,1,126,87,66
1382,171,1389,Sham19Y0122406,1947,247,1567,826,72
1382,1389,1531,Sham19Y0122406,1948,1,131,87,73
1382,157,1297,Shia003732Vols,1347,407,1548,654,62
1382,514,1475,Sham19Y0013223,1985,1,884,680,85
1382,876,1475,Shamela0023695,33,798,1251,253,50
1382,391,865,Shamela0023695,33,164,529,253,63
1382,541,897,Masaha001946Vols,36,861,1070,126,38
1382,11,1007,Shamela0000551,2717,569,1543,729,87
1382,977,1440,Shamela0000551,2718,16,384,288,75
1382,474,1349,Shamela0001391,196,924,1645,469,61
1382,641,837,Sham19Y0122257,1676,1252,1440,141,87
1382,133,641,Sham19Y0122257,1676,537,776,155,37
1382,304,926,Sham19Y0017063,620,1,554,359,72
1383,858,1087,Shamela0021848BK1,715,578,792,159,87
1383,858,1106,Sham19Y0020561,1553,759,996,178,90
1383,858,999,Sham19Y0020944,439,1313,1449,107,96
1383,858,1087,JK007083,131,865,1090,167,90
1383,866,1087,JK007064,363,1311,1527,171,97
1383,858,1087,Shamela0007891,1175,878,1070,152,83
1383,858,1087,Kraken220314171616,514,6,220,158,86
1383,858,1087,Sham19Y0017350,696,393,582,139,76
1383,858,1087,Sham19Y0013667,5221,1277,1498,151,79
1383,858,1087,Sham19Y0013667,5222,1107,1331,177,97
1383,858,1087,Shamela0000767,1790,442,664,164,88
1383,858,1087,Sham19Y0148486,3148,971,1178,135,71
1383,858,1087,Shamela0006610,549,1171,1397,177,96
1383,858,1087,Sham19Y0019188,1503,1005,1224,159,82
1383,858,1087,Shamela0008176,3657,157,379,175,96
1383,858,1087,JK000977,1236,979,1194,157,85
1383,866,1087,Shia002616Vols,2284,676,892,171,97
1383,892,1087,JK006897,280,426,617,150,96
1383,858,1087,JK010001,439,433,635,158,86
1383,858,1087,Shamela0021809,924,524,730,147,81
1383,866,1290,Shamela0002863,1260,563,910,171,46
1383,858,1087,Shamela0022848,250,1105,1312,147,81
1383,858,1087,Shamela0025794,321,1,207,147,81
1383,858,1087,Sham19Y0006538,168,858,1064,152,83
1383,910,1087,Tafsir07055,474,1,174,136,96
1383,858,1087,Shamela0001727,731,994,1218,177,97
1383,858,1087,Sham19Y0122401,1395,1030,1253,175,96
1383,858,1087,Sham19Y0013572,203,681,905,177,97
1383,858,1091,Shamela0005756,6566,367,595,176,94
1383,526,808,Shamela0005756,6592,686,939,171,71
1383,858,1091,Sham19Y0127677,10839,379,586,145,79
1383,115,861,Shamela0001673,3649,872,1471,354,57
1383,858,1332,Shamela0005922,1830,687,1078,222,49
1383,927,1087,Shamela0008657,648,1,133,103,81
1383,858,1091,Sham19Y0014452,125,875,1080,140,77
1383,96,735,Shamela0096878,235,75,407,230,44
1383,858,1033,Sham19Y0035453,171,1317,1487,130,92
1383,858,1069,Sham19Y0122096,898,542,748,145,82
1383,96,616,Sham19Y0122096,3765,286,596,146,33
1383,866,1087,Shamela0023644,598,263,476,152,84
1383,858,1087,JK000271,202,451,675,176,97
1383,110,735,Shia001831Vols,334,58,574,395,78
1383,858,1087,Shamela0021619BK2,878,1113,1338,177,97
1383,434,711,Shamela0021660,4772,210,497,164,68
1383,115,853,ShamAY0034815,355,668,1424,589,97
1383,115,789,Sham19Y0122406,1948,519,1470,423,52
1383,858,1087,Shamela0006227,471,409,617,138,73
1383,858,1087,Shia001919,18,246,461,150,82
1383,858,1087,Sham19Y0145212,1909,1317,1541,177,97
1383,858,1087,Sham19Y0132524,1178,739,962,176,97
1383,858,1087,JK000221,440,142,349,146,81
1383,858,1021,Shamela0001875,964,1262,1420,125,96
1383,858,1087,Shia002003Vols,1769,43,271,133,63
1383,858,1087,Sham19Y0037618,2086,85,308,176,97
1383,858,1103,ShamAY0033945,574,379,592,144,74
1383,149,853,Sham19Y0013631,719,398,810,292,50
1383,858,1087,Shamela0036446,436,942,1153,163,90
1383,362,808,Sham19Y0018103,1437,106,572,218,52
1383,858,1087,Shamela0025800,2561,404,644,177,91
1383,1,693,Shia003732Vols,1352,559,1490,480,61
1383,858,1087,Shamela0010657,883,839,1046,146,81
1383,592,711,JK007006,1593,160,276,82,85
1383,858,1077,ShamAY0034005,462,293,488,137,79
1383,115,735,Sham19Y0018272,2009,786,1361,424,80
1383,858,1098,Sham19Y0020638,600,964,1215,185,91
1383,40,596,Sham19Y0013223,1985,971,1541,347,71
1383,596,853,Sham19Y0013223,1986,1,259,205,99
1383,858,1098,Shamela0012981,360,452,663,154,81
1383,858,1098,Shamela0012981,367,628,839,154,81
1383,115,293,Shamela0023695,35,1430,1590,123,87
1383,293,735,Shamela0023695,36,1,539,339,78
1383,861,1069,Shamela0023695,91,1,204,161,97
1383,145,412,Masaha001946Vols,36,1254,1530,159,64
1383,412,813,Masaha001946Vols,37,1,338,247,74
1383,858,1087,Shamela0008463,1540,1054,1260,163,89
1383,858,1087,Shamela0007342,400,1166,1383,169,93
1383,858,1091,Sham19Y0146127,1659,239,514,123,53
1383,858,1069,Sham19Y0016976,902,949,1101,120,72
1383,858,1087,Shamela0012052,1263,518,742,177,97
1383,858,1091,Shamela0009242,2089,760,991,178,95
1383,858,1087,Sham19Y0017616,192,865,1103,177,92
1383,858,1087,ShamAY0038405,132,589,811,175,96
1383,858,1087,Shamela0023422,717,190,414,177,97
1383,858,1091,Shamela0023422,730,1082,1382,178,74
1383,858,1087,Shamela0021843,1331,1168,1382,159,87
1383,866,1087,Shamela0007264,131,1073,1289,171,97
1383,858,1087,JK007065,93,822,1045,175,96
1383,858,1021,Shamela0012220,388,108,249,96,75
1383,858,1087,Sham19Y0122257,1679,176,400,177,97
1383,1120,1385,Sham19Y0122257,1680,830,1169,154,53
1383,526,836,Sham19Y0122257,1687,660,945,203,79
1383,858,1087,Sham19Y0020699,587,120,351,176,94
1383,858,1091,Sham19Y0014601,3237,591,819,177,96
1383,858,1087,Shamela0021731,364,737,929,152,83
1383,858,1069,Sham19Y0014119,307,779,931,120,72
1383,892,1087,Sham19Y0013783,1050,13,181,129,83
1383,853,1206,Sham19Y0017063,621,177,563,165,45
1383,858,1087,Sham19Y0148271,615,552,759,144,80
1383,115,341,Rafed0002347,189,1428,1619,129,68
1383,344,861,Rafed0002347,190,1,402,212,49
1383,858,1074,Sham19Y0014325,2337,934,1156,161,89
1383,115,836,Shamela0031372,19,1061,1436,251,43
1383,858,1069,Shamela0031372,46,261,473,162,94
1383,858,1087,Shamela0008360,424,221,447,177,96
1383,149,341,Shamela0000791,543,1382,1570,150,97
1383,347,853,Shamela0000791,544,1,383,260,60
1384,1053,1356,ShamAY0035955,108,593,835,144,53
1384,40,305,Sham19Y0131521,2869,1127,1391,201,91
1384,310,725,Sham19Y0131521,2870,1,438,330,92
1384,122,394,Sham19Y0122401,1396,1,259,203,93
1384,982,1219,JK000201,4483,1032,1270,171,88
1384,81,245,ShamAY0000351,571,964,1282,124,50
1384,81,245,ShamAY0033531,1567,21,339,124,50
1384,1029,1228,Sham19Y0013223,1989,1447,1646,159,100
1384,1228,1560,Sham19Y0013223,1990,1,331,264,98
1384,66,245,Shamela0009242,2090,867,1224,132,47
1384,145,729,Sham19Y0122257,1680,1117,1534,214,40
1384,66,245,Sham19Y0014601,3237,934,1378,135,38
1385,308,714,Sham19Y0131521,2866,1235,1474,139,38
1385,695,1111,Shamela0005756,6565,909,1131,150,42
1385,1224,1642,Shamela0005756,6576,294,734,186,39
1385,1315,1580,Sham19Y0127677,17634,203,351,120,55
1385,1122,1642,Shamela0001673,3636,124,972,235,29
1385,1117,1476,Sham19Y0013253,433,571,886,227,76
1385,967,1642,Shia001831Vols,334,792,1150,253,46
1385,224,1052,Shamela0000140,2001,1150,1578,317,46
1385,1127,1642,Shamela0000140,2121,234,629,301,69
1385,700,1642,JK000201,2849,1,739,330,37
1385,1,137,JK000201,4483,1283,1419,113,100
1385,1111,1503,Sham19Y0122406,1951,830,1397,260,51
1385,860,1387,Shia003732Vols,1353,330,684,165,33
1385,747,1122,Sham19Y0013223,1992,338,625,232,75
1385,148,828,Shamela0023695,38,1159,1327,117,21
1385,289,530,Sham19Y0013252,3538,58,287,167,77
1385,1213,1507,Sham19Y0013252,3539,68,353,144,46
1385,999,1642,Masaha001946Vols,860,33,385,198,36
1385,299,530,Sham19Y0023625,271,706,948,173,81
1385,643,1135,Sham19Y0023625,2560,1,466,342,84
1386,676,1410,Sham19Y0017747,986,842,1520,510,83
1386,727,1521,Shamela0002569,391,80,882,588,86
1386,1,188,Shamela0009918,1316,62,236,129,87
1386,1,165,Shamela0021715,3086,913,1066,120,91
1386,657,921,Shamela0021715,10965,1046,1500,103,22
1386,921,1521,Shamela0021715,10966,1,415,308,63
1386,743,1521,Sham19Y0017101,144,379,747,278,43
1386,1,170,Shamela0005756,6576,734,906,134,98
1386,657,832,Shamela0005756,7238,1155,1517,111,35
1386,832,1521,Shamela0005756,7239,1,696,550,97
1386,657,1521,Shamela0096878,234,469,1349,443,48
1386,1,391,Shia001831Vols,334,1150,1478,148,44
1386,391,1080,Shia001831Vols,335,1,601,429,75
1386,1,165,Shamela0000140,2121,629,798,130,97
1386,702,1521,JK000201,4133,435,1238,640,96
1386,170,632,Sham19Y0122406,1951,416,830,235,52
1386,661,1521,Sham19Y0122406,1953,268,1209,566,69
1386,1091,1521,Sham19Y0018103,1443,181,450,189,54
1386,676,1065,Shamela0023695,45,1199,1559,267,80
1386,1065,1521,Shamela0023695,46,1,126,93,26
1386,1,197,Sham19Y0013252,3539,1299,1465,129,82
1386,657,1114,Shamela0000551,2711,829,1564,319,51
1386,1114,1521,Shamela0000551,2712,1,374,288,87
1386,1096,1473,Sham19Y0023625,2328,32,617,272,56
1386,727,1521,Sham19Y0122257,1678,167,810,471,71
1386,1033,1521,Sham19Y0013605,1938,649,971,190,46
1387,141,746,Shamela0004445,2443,91,347,129,24
1387,141,746,JK006833,214,603,861,120,22
1387,827,1304,Sham19Y0013667,5221,179,564,265,65
1387,807,1074,Sham19Y0019188,6431,742,1008,210,98
1387,904,1261,Sham19Y0019228,1338,53,272,144,48
1387,291,671,Shamela0008176,3646,1186,1450,193,63
1387,934,1070,Shia002616Vols,7045,94,230,109,100
1387,141,750,Masaha003955Vols,108,209,462,130,26
1387,228,750,Shamela0002863,2182,1122,1310,97,21
1387,141,750,Shamela0022848,249,1102,1326,111,21
1387,141,738,Shamela0025794,154,1264,1476,104,20
1387,696,1425,Sham19Y0131521,2866,626,1153,297,47
1387,125,746,Shamela0037325,2275,1144,1460,141,25
1387,334,679,Shamela0021715,3087,208,444,182,66
1387,619,1046,Sham19Y0016684,757,173,878,175,29
1387,141,750,Shamela0001727,838,264,516,120,24
1387,141,746,JK000916,16515,616,829,108,21
1387,141,750,JK006838,1709,204,445,122,23
1387,141,746,Shamela0003118,4815,777,990,110,22
1387,141,746,Shamela0008477,141,561,731,104,21
1387,750,1366,Shamela0005756,14522,956,1318,144,26
1387,125,750,ShamAY0038413,136,752,1041,140,27
1387,934,1074,Rafed0002905Vols,2408,8,164,105,84
1387,193,746,Shamela0023644,596,644,858,107,23
1387,715,1366,Shia001831Vols,335,655,1127,345,66
1387,233,934,JK000201,2847,193,990,396,55
1387,934,1210,Shamela0021619BK2,879,483,642,121,55
1387,710,1300,Sham19Y0122406,1954,524,1101,301,54
1387,141,746,ShamAY0033886,156,863,1096,120,23
1387,836,1300,Sham19Y0132524,1181,63,595,171,29
1387,193,750,Sham19Y0017729,252,1178,1396,108,23
1387,141,750,Shamela0010657,881,898,1134,111,22
1387,174,750,Sham19Y0020638,685,136,372,116,24
1387,141,746,Shia001976Vols,93,928,1148,110,21
1387,823,1406,Shamela0023695,79,41,384,120,23
1387,334,598,Sham19Y0013252,771,1262,1509,170,77
1387,827,1304,Sham19Y0013252,3532,1160,1410,130,32
1387,727,1188,Shamela0009242,2085,1187,1499,191,48
1387,1188,1366,Shamela0009242,2086,1,181,126,88
1387,727,1261,Shamela0011809,112,956,1463,203,33
1387,141,750,Shamela0023422,718,777,1029,120,24
1387,291,671,Sham19Y0122257,1673,672,1013,270,88
1387,141,750,Sham19Y0148271,1659,988,1212,111,21
1387,22,136,Rafed0002347,15,825,939,88,97
1387,915,1366,Sham19Y0013605,1927,756,1096,178,40
1387,915,1366,Sham19Y0013605,4656,873,1152,153,39
1387,291,640,Shamela0010517,46,410,759,281,100
1388,1132,1287,Shamela0007891,1178,545,704,123,97
1388,667,851,ShamIbadiyya0000438,1021,156,338,143,96
1388,1132,1520,Shamela0000216,131,972,1160,118,38
1388,1132,1287,JK006897,279,1160,1315,117,92
1388,1132,1287,Shamela0001719,4020,1043,1201,122,96
1388,1132,1287,Shamela0028107,664,164,322,122,96
1388,1132,1560,Masaha003955Vols,93,706,1439,179,27
1388,1132,1287,Shamela0026365,22,1105,1260,123,100
1388,1132,1520,Shamela0001727,734,798,1399,179,37
1388,1132,1287,Shamela0013132,73,248,374,99,80
1388,1184,1520,Sham19Y0013572,1353,1,435,125,33
1388,1132,1563,JK001236,262,649,1181,178,35
1388,1132,1287,Sham19Y0127700,68,416,576,123,96
1388,689,865,Shamela0005756,6577,748,917,124,85
1388,1132,1520,Shamela0010639,311,31,337,158,48
1388,1132,1287,Shamela0012403,221,384,543,121,95
1388,244,851,Sham19Y0127677,17929,725,1139,299,59
1388,667,851,Shamela0000894,4456,51,198,117,79
1388,1132,1287,ShamAY0038413,5,925,1084,123,97
1388,1132,1287,Tafsir09084,148,1158,1317,123,97
1388,1132,1287,Shamela0026662,17,804,930,100,81
1388,1157,1287,ShamIbadiyya0000433,515,495,935,93,26
1388,1132,1287,Sham19Y0017903,494,159,318,123,97
1388,1132,1279,Shamela0022547,515,575,714,104,89
1388,239,394,Shia001831Vols,335,1127,1307,124,83
1388,727,1199,Shamela0000140,2122,56,717,203,33
1388,660,851,JK000201,2849,1221,1407,145,94
1388,1333,1481,JK000201,4133,1,149,121,99
1388,1072,1287,Sham19Y0122406,1956,1118,1376,135,58
1388,1132,1520,Shamela0008473,487,440,842,162,43
1388,1132,1287,Sham19Y0001734,1450,933,1088,123,100
1388,1132,1560,Sham19Y0132524,1182,782,1251,171,40
1388,1132,1287,Shamela0001875,963,1110,1269,123,97
1388,585,851,ShamAY0033531,4824,886,1115,161,75
1388,1132,1550,Kraken230110004547,458,280,695,123,28
1388,1132,1287,Sham19Y0018144,1126,1176,1312,108,87
1388,683,851,Sham19Y0018103,1433,1243,1391,116,86
1388,1136,1287,Shamela0025800,2569,1,152,114,92
1388,1132,1287,Shia003732Vols,1338,846,1010,105,79
1388,585,851,Sham19Y0018272,2006,829,1174,193,70
1388,667,851,ShamAY0034383,571,317,501,147,99
1388,1132,1287,Sham19Y0006684,4058,527,686,123,97
1388,1132,1520,Sham19Y0020638,603,394,921,179,42
1388,1132,1287,Sham19Y0013223,490,650,809,123,97
1388,1296,1560,Sham19Y0013223,1988,712,961,171,79
1388,1132,1287,Masaha001864Vols,4863,105,260,117,92
1388,1132,1287,JK000475,2131,237,392,120,94
1388,1132,1287,JK000735,70,683,837,119,94
1388,1238,1545,Masaha001946Vols,1297,246,406,77,32
1388,1180,1287,Shamela0021479,125,1,108,85,100
1388,1132,1287,Shamela0000551,2713,297,456,123,97
1388,1132,1520,ShamAY0038405,136,588,1086,174,43
1388,1,220,Shamela0011809,113,472,628,122,66
1388,1132,1520,Shamela0023422,720,116,730,177,36
1388,1132,1287,Shamela0023422,742,1043,1214,117,84
1388,1132,1472,Sham19Y0023625,2327,149,711,246,52
1388,1132,1287,Shia002119Vols,3411,1087,1246,123,97
1388,1132,1560,JK007065,1086,50,739,180,33
1388,1132,1536,Shamela0021642,2180,753,916,110,33
1388,1132,1287,Sham19Y0148271,1543,962,1117,117,92
1388,1132,1287,Shamela0010803,109,379,550,123,90
1388,671,851,Sham19Y0013605,1928,1170,1334,127,87
1388,1132,1287,Shamela0021578,42,245,404,123,97
1389,577,841,Sham19Y0017350,751,611,801,71,25
1389,427,1563,Sham19Y0148486,3152,263,845,249,25
1389,813,1106,JK009390,396,932,1144,89,35
1389,596,841,Shamela0008176,3652,37,149,56,26
1389,1039,1563,Shamela0008176,7466,22,241,140,33
1389,577,851,Sham19Y0013614,362,1222,1402,71,26
1389,1020,1563,Sham19Y0013614,816,1145,1403,155,34
1389,80,1563,Shamela0001727,735,156,1181,330,22
1389,596,1106,Sham19Y0127677,1043,503,795,123,27
1389,596,841,Shamela0005922,1829,1291,1401,58,26
1389,408,844,Tafsir09084,149,439,725,93,21
1389,577,925,Sham19Y0017419,90,366,619,121,35
1389,596,1106,Sham19Y0122096,897,664,959,123,27
1389,577,844,Shamela0030769,61,1177,1385,71,24
1389,128,710,Shia001831Vols,336,41,347,233,49
1389,813,1106,Shamela0001975,188,1133,1345,89,35
1389,80,635,Sham19Y0122406,1958,84,596,154,26
1389,817,1583,Sham19Y0122406,1959,536,1508,339,35
1389,596,1106,Shia002265Vols,3893,399,693,122,27
1389,1039,1563,Sham19Y0145212,3637,227,446,140,33
1389,577,844,Shamela0008473,488,684,860,70,26
1389,80,1106,Sham19Y0132524,1183,57,1170,269,21
1389,1039,1563,Shamela0001875,966,532,781,141,33
1389,596,1106,Shamela0001438,953,33,328,123,27
1389,427,560,Sham19Y0013631,466,503,620,89,84
1389,430,635,Sham19Y0018144,1125,1244,1365,65,40
1389,80,1580,Shamela0036446,437,404,1341,334,23
1389,427,1563,Shamela0025800,2563,387,1003,242,22
1389,1020,1563,Sham19Y0017791,2040,242,501,155,34
1389,813,1106,Shamela0021659,243,1065,1277,89,35
1389,552,1129,ShamAY0034005,498,355,767,141,26
1389,80,463,ShamAY0034005,1335,556,986,117,26
1389,427,1563,Sham19Y0020638,604,63,692,240,22
1389,108,925,Sham19Y0020638,1704,565,947,271,41
1389,813,1106,Sham19Y0013223,1425,599,812,88,34
1389,577,1238,JK000475,855,585,1200,113,12
1389,596,841,Shamela0023695,75,1097,1206,57,26
1389,80,1545,Sham19Y0146127,1661,460,1447,322,22
1389,635,1020,Shamela0009242,2089,12,377,226,63
1389,80,455,ShamAY0038405,129,1144,1530,111,25
1389,564,1563,ShamAY0038405,130,1,575,218,23
1389,80,627,Shamela0023422,720,930,1435,147,26
1389,813,1563,Shamela0023422,721,54,521,167,22
1389,1039,1563,Shamela0023422,745,6,524,141,22
1389,80,1106,JK007065,723,620,1394,238,22
1389,1020,1563,Sham19Y0122257,3357,207,467,151,33
1389,1020,1563,Sham19Y0014119,646,535,794,155,34
1389,1269,1464,Sham19Y0014119,1563,136,284,121,75
1389,1020,1563,Sham19Y0017063,1554,795,1054,151,33
1389,1020,1563,Shamela0010803,50,394,683,156,34
1389,1020,1563,Shamela0008360,905,658,919,151,33
1390,689,831,Sham19Y0122406,1961,46,178,99,87
1390,284,837,Sham19Y0132524,1184,398,603,130,28
1390,1122,1522,Masaha001864Vols,5413,1130,1543,317,93
1390,1198,1554,Sham19Y0122257,1682,715,973,188,63
1390,162,513,Sham19Y0017063,1555,25,220,147,52
1391,1421,1630,Shia000841Vols,3918,620,788,119,68
1391,933,1241,JK000201,4480,383,687,246,98
1391,183,606,Sham19Y0018106,1415,819,1142,171,44
1391,176,531,Sham19Y0018103,1443,820,1031,166,57
1391,980,1120,Sham19Y0020638,1705,314,454,113,100
1391,70,661,Sham19Y0013223,1989,320,697,237,44
1391,4,661,Masaha001864Vols,5414,46,772,532,89
1391,1421,1630,Shamela0096232,114,908,1092,139,81
1391,232,661,Sham19Y0122257,1682,1,157,101,29
1391,176,531,Sham19Y0013605,1939,218,436,169,58
1392,1208,1564,JK000977,1247,684,1128,96,17
1392,832,1303,Sham19Y0127656,1008,205,442,158,41
1392,1,337,Shia000841Vols,3918,788,1138,234,80
1392,1208,1564,Masaha003955Vols,97,119,275,96,34
1392,1208,1564,Shamela0001727,738,597,841,89,22
1392,865,1314,Shamela0005756,6579,1007,1230,149,41
1392,865,1303,Shamela0001673,3639,659,867,147,41
1392,874,1266,Shamela0001673,11416,681,882,102,33
1392,96,262,Sham19Y0014452,59,442,822,113,34
1392,862,1311,Sham19Y0014452,133,969,1263,163,42
1392,865,1307,Sham19Y0122096,981,245,461,139,39
1392,821,983,Shia001831Vols,336,1443,1597,112,84
1392,1208,1655,Shia001831Vols,337,48,376,206,54
1392,844,1507,JK000201,4482,535,1158,499,92
1392,855,1247,Shamela0021660,2002,56,312,123,37
1392,1208,1564,Sham19Y0122406,1964,1046,1290,89,22
1392,1208,1564,Sham19Y0132524,1188,105,250,92,32
1392,660,1266,Sham19Y0038171,104,1,559,141,21
1392,821,1507,Sham19Y0013631,2204,1122,1393,160,27
1392,844,1303,Shia003732Vols,1348,66,289,157,42
1392,865,1303,Sham19Y0018272,510,1048,1280,162,45
1392,1208,1564,Sham19Y0020638,606,1082,1220,91,31
1392,1185,1542,Masaha001864Vols,2354,48,539,152,35
1392,1208,1452,Shamela0009873,899,10,263,96,46
1392,844,1232,Sham19Y0013252,3542,1370,1528,114,37
1392,855,1507,Shamela0000551,2722,900,1285,275,51
1392,1,337,Shamela0096232,114,1092,1430,252,87
1392,1208,1564,Shamela0023422,754,420,677,98,26
1392,865,1314,Sham19Y0018176,752,578,768,120,33
1392,88,337,Sham19Y0014325,2478,127,371,153,64
1392,848,1532,Shamela0000791,718,820,1074,164,29
1393,1341,1582,Shamela0009978,38,278,488,131,60
1393,1275,1632,ShamIbadiyya0000438,515,327,685,184,55
1393,155,694,Sham19Y0013769,1122,62,471,253,55
1393,1285,1582,Sham19Y0016584,4681,591,926,229,84
1393,1285,1582,Sham19Y0016584,4745,261,617,181,55
1393,1285,1582,Shamela0008176,3662,1236,1537,238,97
1393,1296,1582,Shamela0008176,3663,114,961,214,31
1393,1285,1582,JK000977,1248,457,771,228,88
1393,1285,1582,Shamela0001719,2212,1066,1355,208,81
1393,1285,1582,Shamela0028107,664,953,1277,230,87
1393,1285,1551,Shamela0009918,1427,914,1138,163,71
1393,1285,1582,JK000110,1881,568,903,229,84
1393,1275,1582,JK000110,1909,1111,1453,231,83
1393,694,1006,Shia000841Vols,3700,196,514,133,36
1393,1285,1582,Masaha003955Vols,97,633,858,157,60
1393,1275,1582,Shamela0010444,88,444,675,160,63
1393,1285,1582,Shamela0021715,10800,358,693,229,84
1393,1374,1582,Shamela0021715,10956,1,214,164,95
1393,1285,1582,Shamela0026365,25,92,310,157,64
1393,1285,1582,Shamela0001727,738,1142,1443,238,97
1393,1285,1582,Shamela0000432,5844,1164,1406,159,64
1393,1275,1632,ShamIbadiyya0000155,82,167,512,180,50
1393,1307,1582,Sham19Y0013572,1456,824,1121,149,53
1393,1285,1582,ShamAY0033910,890,180,456,183,67
1393,337,609,Shamela0005756,6579,383,674,146,61
1393,1285,1582,Shamela0012403,175,587,875,205,79
1393,337,593,Shamela0001673,3639,110,393,142,62
1393,1063,1354,Sham19Y0014452,119,346,675,147,52
1393,1285,1586,Sham19Y0014452,133,288,514,163,61
1393,700,1023,Shamela0096878,232,856,1130,154,48
1393,1285,1582,JK000130,891,325,601,183,67
1393,141,593,Sham19Y0017419,122,78,575,164,29
1393,1288,1582,ShamIbadiyya0000433,978,1163,1373,138,56
1393,1285,1632,Sham19Y0017903,494,865,1199,231,75
1393,1285,1582,Shamela0022547,733,217,505,187,66
1393,1,1010,Shia001831Vols,337,376,1250,534,54
1393,1285,1582,ShamAY0033522,656,1039,1361,231,88
1393,1,593,ShamAY0033522,657,505,894,269,52
1393,480,674,Shamela0021660,1380,1334,1541,121,66
1393,1285,1492,Sham19Y0122406,1965,1337,1548,164,96
1393,1285,1632,JK009324,2790,838,1270,225,58
1393,1285,1582,Sham19Y0145212,1913,232,533,238,97
1393,1285,1632,Shamela9007669,66,606,1017,248,73
1393,1285,1582,Shamela9007669,940,421,743,231,88
1393,1275,1632,Shamela0037837,408,420,820,232,70
1393,1285,1582,Shamela0009376,11,1022,1310,212,82
1393,1285,1582,Sham19Y0127713,1587,286,558,192,76
1393,1285,1492,Sham19Y0132524,1188,1357,1568,164,96
1393,1275,1582,Sham19Y0038171,103,1006,1148,89,36
1393,1341,1564,Sham19Y0038171,104,120,311,115,57
1393,1285,1632,Shamela0001875,971,433,800,251,80
1393,1285,1536,Sham19Y0018106,4151,1187,1476,191,82
1393,1275,1582,Sham19Y0018106,4196,771,1113,231,83
1393,1384,1632,Sham19Y0018144,1129,84,352,133,48
1393,1,663,Sham19Y0018103,1434,297,699,192,31
1393,1285,1582,Sham19Y0018103,4128,405,740,229,84
1393,1275,1582,Sham19Y0018103,4177,1095,1437,231,83
1393,1275,1582,Shamela0025800,2565,1157,1415,159,54
1393,1275,1582,Sham19Y0018611,69,808,1176,157,40
1393,1285,1632,Sham19Y0017729,253,967,1331,255,83
1393,1275,1632,Shia003732Vols,1346,602,930,202,62
1393,1285,1632,Sham19Y0014462,84,201,638,170,37
1393,155,663,Sham19Y0014224,680,1278,1609,244,57
1393,1341,1582,ShamAY0034005,501,824,1032,137,67
1393,472,598,Sham19Y0018272,510,689,817,80,76
1393,1285,1564,Sham19Y0018272,825,335,647,143,42
1393,1285,1632,Shamela0012027,39,1003,1385,264,84
1393,1285,1632,Sham19Y0006684,4061,716,1106,247,78
1393,141,444,Sham19Y0006684,4063,318,485,105,42
1393,1397,1632,Sham19Y0020638,607,1,247,174,87
1393,1285,1582,JK000475,1604,536,812,183,67
1393,1285,1582,JK000475,1835,402,707,183,62
1393,858,1262,Sham19Y0013252,3542,30,524,167,31
1393,1285,1582,Sham19Y0013252,10558,884,1219,229,84
1393,1275,1582,Sham19Y0013252,10652,876,1218,231,83
1393,378,674,Masaha001946Vols,34,14,265,192,80
1393,858,1006,Masaha001946Vols,38,1298,1466,113,81
1393,1285,1582,Shamela0021479,61,495,778,205,80
1393,1285,1582,Shamela0000551,2718,546,868,231,88
1393,176,653,Shamela0000551,2721,859,1466,183,30
1393,1275,1582,ShamAY0038405,134,225,481,159,54
1393,1285,1582,Shamela0000782,1323,532,830,200,74
1393,1285,1582,Shamela0023422,754,982,1283,238,97
1393,1384,1582,Shamela0023422,763,773,1276,136,33
1393,1285,1632,Shia002119Vols,3417,590,901,183,57
1393,1311,1582,Sham19Y0018176,2508,1,306,211,85
1393,1307,1582,Sham19Y0018176,2539,1,310,215,86
1393,1285,1632,Sham19Y0122257,1684,173,567,253,75
1393,1,136,Sham19Y0014119,1110,491,626,113,100
1393,1341,1582,Sham19Y0032193,296,65,272,133,61
1393,1285,1632,Shamela0008360,425,6,375,255,82
1393,1,653,Sham19Y0013605,1929,588,1020,215,36
1393,1285,1582,Sham19Y0013605,4916,132,467,229,84
1393,1275,1582,Sham19Y0013605,4978,605,947,231,83
1394,802,1320,Shamela0001727,739,139,537,158,31
1394,1,488,Shamela0005756,6601,4,432,244,59
1394,1,488,Shamela0005756,6605,639,1067,244,59
1394,271,704,ShamAY0033522,657,56,382,203,52
1394,1,389,JK000201,4481,1196,1516,250,79
1394,809,1320,Sham19Y0122406,1967,179,499,112,23
1394,1,187,Shamela0012027,41,315,511,126,77
1394,123,973,Shamela0023422,766,169,614,288,42
1394,456,628,Sham19Y0017063,622,1310,1585,132,57
1394,628,773,Sham19Y0017063,623,1,146,116,100
1395,555,1110,JK006897,281,1110,1368,97,18
1395,654,1323,Sham19Y0127660,1057,1251,1506,154,28
1395,1024,1334,Shamela0021715,3095,1223,1545,110,32
1395,1065,1376,Sham19Y0016684,760,939,1339,191,48
1395,396,634,Shamela0001727,740,143,699,127,28
1395,1402,1572,Shamela0005756,6588,1240,1419,120,77
1395,874,1334,Shamela0005756,6588,38,448,150,33
1395,1,918,Shia001831Vols,337,1326,1624,191,26
1395,572,924,ShamAY0033522,658,1011,1295,179,58
1395,831,1197,Sham19Y0122406,1969,415,851,256,67
1395,550,1110,Sham19Y0038171,102,1039,1395,113,18
1395,797,1344,Sham19Y0013252,3552,442,1061,317,52
1395,493,1376,ShamAY0038405,635,835,1309,263,33
1395,1402,1567,Sham19Y0013605,1931,1032,1193,127,92
1396,234,420,Shamela0011818,58,10,197,152,98
1396,234,420,Sham19Y0016584,1539,1277,1468,146,92
1396,200,420,JK009390,1091,738,938,133,74
1396,123,420,JK000977,1253,119,325,147,57
1396,234,872,JK006897,282,12,290,183,35
1396,123,872,ShamAY0038409,24,71,389,197,32
1396,234,420,JK000110,452,1114,1305,146,92
1396,343,872,Masaha003955Vols,106,1,180,112,26
1396,234,452,Shamela0005610,250,100,303,125,67
1396,234,432,Sham19Y0127660,1331,501,705,150,89
1396,234,420,Shamela0021715,3092,1302,1493,145,91
1396,753,1207,Shamela0021715,3093,960,1304,250,66
1396,1257,1627,Shamela0021715,3094,394,683,121,34
1396,234,420,Sham19Y0016684,759,453,644,145,91
1396,123,420,Shamela0001727,741,1,530,228,52
1396,234,420,Shia002069Vols,423,203,434,141,74
1396,64,420,Shia002069Vols,719,238,462,161,53
1396,64,420,Sham19Y0020868,536,637,1053,186,51
1396,234,420,Sham19Y0013572,909,704,902,144,88
1396,234,420,Shamela0005756,6583,528,719,145,91
1396,234,420,Shamela0012014,387,913,1105,147,93
1396,234,1224,Shamela0010664,900,58,913,663,82
1396,234,420,Sham19Y0127677,1255,1152,1319,124,81
1396,234,420,Sham19Y0127677,7056,1176,1362,153,100
1396,1312,1627,Shamela0001673,3643,1070,1322,138,48
1396,123,420,ShamAY0038413,142,376,606,150,57
1396,234,1224,Sham19Y0014452,118,167,1122,457,43
1396,234,452,JK000785,2749,334,535,123,66
1396,234,424,Sham19Y0017419,122,1256,1448,153,97
1396,748,1224,Sham19Y0017419,123,284,643,276,71
1396,1341,1486,Shia003923Vols,1742,177,320,116,98
1396,241,432,Shamela0026662,20,970,1185,145,82
1396,547,1460,Shia001831Vols,338,40,571,361,48
1396,123,872,Shamela0005539,205,908,1229,202,33
1396,234,725,Shamela0000140,2146,596,1278,319,55
1396,740,1303,Shamela0000140,2147,289,849,388,79
1396,532,962,ShamAY0033522,658,1362,1563,150,42
1396,962,1178,ShamAY0033522,659,1,221,176,96
1396,234,420,Shamela0004289,1655,625,812,149,97
1396,234,420,Shamela0001975,434,629,797,124,81
1396,127,1224,Sham19Y0122406,1970,1,1035,499,43
1396,234,420,Shia002265Vols,3895,1148,1316,125,81
1396,234,420,JK009324,1488,1383,1574,146,92
1396,64,420,Shamela0007485,35,247,601,195,53
1396,150,420,ShamAY0038419,350,63,293,143,55
1396,234,420,Shamela0037837,406,865,1057,146,91
1396,234,379,Sham19Y0132524,1190,1207,1353,120,99
1396,234,420,Sham19Y0132524,2493,1033,1215,148,95
1396,234,420,Shamela0001875,972,304,486,149,96
1396,234,420,Shamela0001438,1903,659,827,125,81
1396,257,420,Kraken230110004547,459,1,172,126,88
1396,234,420,Sham19Y0018106,1406,944,1135,146,92
1396,753,1178,Sham19Y0013631,419,93,376,209,60
1396,123,420,Shia003461Vols,169,1111,1327,156,63
1396,234,872,Shamela0036446,440,516,758,160,28
1396,753,1178,Sham19Y0018103,1435,1144,1464,242,69
1396,234,420,Sham19Y0018103,1435,92,283,146,92
1396,64,872,Shamela0025800,2571,425,946,248,33
1396,241,432,Shamela0008362BK3,22,47,262,144,81
1396,64,420,Shamela0096283,161,948,1278,187,55
1396,234,424,Shamela0095735,694,448,645,143,89
1396,226,420,Shamela0021659,592,1166,1341,128,80
1396,123,452,Sham19Y0020638,608,110,471,240,81
1396,234,424,Masaha004845,117,191,387,144,90
1396,142,872,Shamela0023695,103,1143,1433,172,28
1396,740,1178,Shamela0023695,104,916,1297,290,79
1396,234,420,Sham19Y0013252,3549,940,1131,146,92
1396,234,420,Sham19Y0013252,3550,80,271,146,92
1396,485,1228,Shamela0000551,2728,18,935,504,64
1396,234,420,Sham19Y0017616,194,948,1135,153,99
1396,64,872,ShamAY0038405,143,508,1093,193,21
1396,123,420,Shamela0023422,775,444,994,228,50
1396,1303,1627,Shamela0023422,778,222,544,259,98
1396,234,420,JK007065,881,520,713,146,92
1396,234,872,Sham19Y0018176,753,284,1069,263,35
1396,234,420,JK000030,187,16,209,151,95
1396,234,420,ShamAY0033760,662,1203,1391,150,97
1396,214,872,Shamela0031372,59,903,1179,154,25
1396,234,420,Sham19Y0013605,1930,111,302,146,92
1396,838,1178,Sham19Y0013605,1931,135,411,216,76
1397,962,1119,Sham19Y0122401,1397,591,851,121,58
1397,1204,1575,Sham19Y0122401,1398,439,805,287,93
1397,684,938,JK000208,1585,1009,1197,127,61
1397,536,934,Shia001831Vols,338,797,1161,178,47
1397,336,938,ShamAY0033522,246,18,518,280,53
1397,1222,1575,ShamAY0034316,2,1,401,275,82
1397,1195,1448,Shamela0023685,1490,684,1164,202,51
1397,689,938,Shamela0021660,4537,702,907,108,50
1397,412,1005,Sham19Y0122406,1972,1,580,310,57
1397,1367,1575,Sham19Y0016928,145,1,222,170,93
1397,1367,1575,Sham19Y0013223,1983,632,838,167,98
1397,656,938,Sham19Y0013252,2418,127,745,169,34
1397,1,242,Shamela0023422,778,651,889,191,97
1397,426,938,Sham19Y0013605,1937,191,538,164,37
1398,19,758,Sham19Y0017747,1045,589,1295,391,60
1398,1274,1469,Shamela0009918,1423,1157,1413,149,73
1398,267,872,Shia000841Vols,3681,282,1141,402,55
1398,393,610,Shia000841Vols,4080,1147,1349,132,77
1398,56,684,Shamela0011444BK2,1002,499,893,224,44
1398,381,558,Shamela0008362BK1,93,1278,1462,119,79
1398,1282,1493,Masaha004755,147,1192,1368,108,62
1398,52,340,Shamela0000432,5313,769,993,178,75
1398,1,340,Sham19Y0122401,1398,805,994,146,52
1398,335,808,Shamela0026568,1320,320,718,210,48
1398,63,684,Shamela0005756,4633,199,613,247,48
1398,1292,1469,Shamela0005756,4633,1353,1486,106,75
1398,1252,1546,Sham19Y0014452,127,1,271,208,87
1398,643,1084,ShamAY0034316,4,741,1193,240,54
1398,335,558,Shamela0023685,1490,1391,1583,141,78
1398,1,267,Sham19Y0122406,1973,325,626,157,60
1398,643,1084,Sham19Y0016928,147,528,978,240,55
1398,56,453,Sham19Y0019230,762,130,566,249,58
1398,381,689,Shamela0025800,2552,235,501,173,70
1398,1,340,Sham19Y0013223,1983,838,1172,272,97
1398,1100,1546,Sham19Y0013223,1983,1206,1513,244,68
1398,63,443,Sham19Y0013252,2406,1431,1574,98,32
1398,443,872,Sham19Y0013252,2407,1,397,299,84
1398,1270,1537,Shamela0011036,1483,49,314,184,87
1398,52,340,Shamela0009242,2082,601,817,172,73
1398,381,714,Shamela0096232,111,764,1292,224,52
1398,372,610,Sham19Y0013783,949,1243,1509,160,71
1398,767,1546,Sham19Y0013605,1487,1086,1469,252,40
1399,134,467,Shamela0001733,4730,614,846,138,49
1399,134,467,Sham19Y0148486,6379,459,853,199,55
1399,211,821,Sham19Y0122402,226,555,1142,81,10
1399,176,467,Shamela0025794,5111,186,597,194,57
1399,134,467,Shamela0001727,744,1,462,244,67
1399,245,471,Zaydiyya0000153,156,1079,1356,124,48
1399,237,496,ShamAY0034385,47,839,1226,164,52
1399,154,467,Shamela0000736,321,396,807,189,54
1399,358,1342,Shamela0008223,44,757,1277,224,26
1399,183,573,Shamela0022547,242,501,1029,220,48
1399,547,841,Sham19Y0013253,438,244,584,132,37
1399,170,923,Shamela0012532,12,272,1078,299,37
1399,127,399,Sham19Y0122406,1975,1015,1423,184,56
1399,547,1436,Sham19Y0122406,1976,216,1142,598,74
1399,596,1226,Sham19Y0132524,1194,1239,1515,84,13
1399,242,482,Kraken230110004547,660,457,773,134,49
1399,237,443,JK000381,8994,1128,1424,131,56
1399,242,471,Shamela0011620,398,349,699,151,52
1399,211,471,Sham19Y0020638,609,939,1327,185,60
1399,245,467,Shamela0009242,3853,1022,1335,149,57
1399,229,467,Sham19Y0017616,74,482,855,155,52
1399,242,471,ShamAY0038405,647,1060,1418,161,56
1399,117,467,Shamela0023422,795,335,829,254,65
1399,122,471,Shamela0023422,801,496,1186,248,45
1399,871,1342,Shamela0000956,157,53,797,182,28
1399,249,662,JK007065,1476,1,484,169,33
1399,154,471,ShamAY0033632,121,947,1351,194,55
1399,183,478,Sham19Y0148271,2347,1000,1438,207,60
1399,242,467,Shamela0010517,1899,774,1142,160,54
1400,1,234,Sham19Y0122406,1976,1142,1370,155,78
1400,433,665,Shamela0011036,1471,1266,1548,122,55
1400,995,1620,Sham19Y0020590,286,241,681,293,54
1401,223,388,Shamela0001727,744,1054,1463,122,37
1401,388,930,Shamela0001727,745,1,879,192,22
1401,231,868,JK009266,4660,680,1364,157,19
1401,703,921,ShamAY0038413,18,229,423,128,65
1401,429,632,Rafed0003726Vols,560,11,215,151,83
1401,332,555,Shia001831Vols,339,306,703,156,49
1401,223,421,Sham19Y0122406,1979,1059,1500,148,42
1401,208,930,Sham19Y0122406,1980,267,951,192,23
1401,790,1470,Sham19Y0122406,1981,97,614,148,20
1401,735,1476,ShamAY0033531,1567,1020,1455,337,56
1401,647,921,Shamela0025800,2573,158,522,144,45
1401,703,908,Sham19Y0020638,610,883,1125,95,39
1401,421,1305,Sham19Y0013223,1984,305,1105,462,61
1401,212,735,Masaha001864Vols,5228,815,1444,370,69
1401,1074,1470,Sham19Y0013252,2412,989,1360,138,34
1401,231,411,Masaha001946Vols,41,970,1206,103,56
1401,231,921,Sham19Y0017616,195,411,895,227,35
1401,258,653,Shamela0023422,812,1014,1501,236,56
1401,362,838,Shamela0023422,814,647,1447,154,18
1401,716,921,JK007065,512,729,1047,121,47
1401,266,914,Masaha004518,43,697,1248,205,28
1402,74,271,Shamela0021495,347,625,810,147,90
1402,954,1336,Shamela0021495,347,876,1121,164,51
1402,434,699,Sham19Y0017350,881,1283,1564,208,91
1402,965,1628,Sham19Y0017350,882,63,444,239,43
1402,831,1296,Sham19Y0013667,4145,269,790,223,39
1402,192,567,Shamela0000963,2098,951,1172,155,49
1402,168,890,Kraken22021802055302,47,323,767,251,39
1402,362,620,Shamela0021715,7896,341,508,111,51
1402,86,624,Sham19Y0017437,1234,81,570,286,57
1402,70,526,Shamela0005756,12324,1097,1657,179,27
1402,526,728,Shamela0005756,12325,1,212,157,92
1402,1,1196,Shamela0006140,375,263,809,348,34
1402,70,400,Sham19Y0013231,727,1198,1543,201,66
1402,340,763,Sham19Y0013231,728,108,1018,272,37
1402,51,1136,JK000168,98,531,1623,769,79
1402,1136,1296,JK000168,99,1,186,116,76
1402,86,890,Sham19Y0131003,252,211,749,318,45
1402,1,1196,Sham19Y0014224,853,642,1453,479,47
1402,1219,1628,Sham19Y0014224,854,6,420,254,70
1402,86,890,Shamela0011809,195,64,610,318,44
1402,271,577,Sham19Y0122257,1873,1295,1513,161,65
1402,51,548,Sham19Y0014325,4453,1110,1622,330,70
1402,548,1307,Sham19Y0014325,4454,1,377,267,42
1402,86,571,Shamela0021743,1036,1012,1537,188,34
1403,1,618,Sham19Y0017350,882,444,1287,247,29
1403,362,888,ShamIbadiyya0000438,634,242,788,423,94
1403,237,1242,Sham19Y0013769,1408,339,1557,707,66
1403,1300,1547,Sham19Y0013769,1409,1127,1323,127,61
1403,1307,1630,ShamAY0035035,3754,574,963,204,64
1403,362,600,Sham19Y0017747,1413,1313,1608,180,73
1403,600,1077,Sham19Y0017747,1414,1,447,349,89
1403,510,1580,Shamela0000655,40,94,849,579,66
1403,392,644,Shamela0021590,945,1395,1590,149,72
1403,268,1024,Shamela0021715,7905,892,1256,167,25
1403,1499,1630,Shia002702Vols,1746,18,155,104,94
1403,362,1077,Sham19Y0017437,1236,370,983,445,73
1403,399,1129,Shamela0005756,12333,548,1189,472,76
1403,362,1077,Shamela0001673,7458,696,1409,545,90
1403,265,661,Shamela0006140,376,159,439,185,56
1403,99,520,Shia001395Vols,691,1121,1537,341,97
1403,520,670,Shia001395Vols,692,1,152,113,93
1403,112,1322,JK000201,1734,570,1595,658,58
1403,477,1294,Shamela0021597,1193,1130,1349,168,25
1403,1,597,Sham19Y0149697,3871,1087,1573,393,80
1403,597,898,Sham19Y0149697,3872,1,217,168,67
1403,399,543,ShamAY0033531,1577,1411,1555,119,100
1403,543,1069,ShamAY0033531,1578,1,334,265,61
1403,1290,1630,ShamAY0033531,1579,1,351,270,96
1403,495,1057,Sham19Y0018103,3143,18,254,157,34
1403,1,1307,Sham19Y0014224,854,420,1468,604,51
1403,1322,1630,Sham19Y0014224,855,697,1303,189,35
1403,44,1018,Sham19Y0013223,2276,764,1606,393,37
1403,265,502,Sham19Y0013252,3605,972,1414,158,40
1403,99,1618,Shamela0011036,1696,12,1533,1022,73
1403,399,1069,Shamela0009242,2696,986,1463,384,69
1403,7,1307,Sham19Y0122257,1874,653,1603,420,33
1403,1322,1562,Sham19Y0122257,1875,539,705,118,61
1403,399,1184,Sham19Y0014601,3250,118,1008,527,63
1403,1,1307,Sham19Y0017063,706,589,1046,320,30
1403,338,1242,Sham19Y0013605,3758,65,507,246,32
1404,238,587,Sham19Y0013769,1410,42,376,216,68
1404,707,1110,Shamela0000432,5503,668,1086,308,88
1404,725,1030,Sham19Y0122401,1163,1095,1393,242,97
1404,697,1099,Shia002702Vols,1746,271,695,295,82
1404,379,572,Shia002702Vols,1749,1446,1653,140,80
1404,1212,1533,Shamela0005756,12332,1000,1171,140,52
1404,1,577,ShamAY0033531,1579,351,947,463,95
1404,1110,1592,Shamela0011036,1695,452,984,307,62
1404,211,1099,Sham19Y0122257,1875,709,1337,346,43
1404,1212,1533,Sham19Y0013605,3758,619,790,139,52
1405,642,936,Sham19Y0013769,1414,222,486,190,79
1405,664,976,Shamela0000655,41,226,572,235,85
1405,1364,1504,Shamela0021590,949,436,591,110,83
1405,290,688,Shamela0001727,747,189,356,102,32
1405,290,546,Sham19Y0122406,1989,430,680,133,60
1405,688,948,Shia001845Vols,374,225,457,174,84
1405,961,1352,Shamela0001875,1141,969,1470,152,33
1405,961,1352,Sham19Y0017616,196,39,292,107,27
1405,1274,1446,Sham19Y0017063,706,1046,1241,108,60
1406,790,1455,JK007054,822,685,1486,232,28
1406,28,156,Sham19Y0017350,887,1126,1254,105,98
1406,312,768,Sham19Y0017350,888,632,1100,367,96
1406,1,156,Sham19Y0013769,1418,940,1092,124,95
1406,192,768,Sham19Y0013769,1419,567,1338,438,68
1406,583,768,Shamela0008176,3976,1208,1362,120,78
1406,1341,1538,Shamela0008176,3996,1384,1581,153,92
1406,879,1089,JK000977,1264,501,831,132,49
1406,170,1153,Shamela0000655,41,591,1528,499,52
1406,1153,1566,Shamela0000655,42,1,419,316,91
1406,790,1089,Kraken21050704,8,734,1004,157,64
1406,779,1089,Shamela0001727,748,134,941,230,35
1406,457,678,Shamela0009810,728,479,703,181,98
1406,457,659,Shamela0005756,12341,689,896,160,92
1406,876,1538,Sham19Y0122096,1180,351,648,178,30
1406,1292,1538,Shia001831Vols,340,916,1124,162,77
1406,79,631,JK000201,1735,825,1572,160,20
1406,631,768,JK000201,1736,1,138,110,100
1406,876,1302,JK000201,1830,557,901,233,61
1406,774,981,Sham19Y0122406,1991,838,1217,160,53
1406,866,1089,Sham19Y0122406,1992,167,1017,165,24
1406,457,678,Shia001845Vols,373,803,1025,181,99
1406,790,1089,Shamela0001875,1150,268,563,176,69
1406,1341,1556,ShamAY0033531,1663,1441,1657,167,92
1406,790,1089,Sham19Y0018144,1240,601,1124,146,32
1406,790,1089,Shamela0025800,3309,394,988,188,38
1406,1,188,Sham19Y0014224,861,1150,1331,144,93
1406,1292,1538,Sham19Y0018272,678,376,611,185,91
1406,790,1089,Sham19Y0020638,613,241,577,176,62
1406,1128,1585,ShamAY0035249,209,673,1129,368,99
1406,790,1070,JK007065,664,1029,1448,144,39
1406,1400,1581,Sham19Y0122257,1891,1,190,143,93
1406,125,588,Sham19Y0017063,706,1271,1646,268,68
1406,588,886,Sham19Y0017063,707,12,248,172,68
1406,857,1538,Sham19Y0017063,712,1041,1551,310,49
1407,71,416,JK007054,822,1036,1315,211,73
1407,1082,1296,Sham19Y0013667,4151,1306,1503,141,77
1407,1225,1539,Sham19Y0013769,1443,878,1233,160,45
1407,426,563,JK007128,622,349,475,100,91
1407,435,563,Shamela0001727,748,304,432,102,100
1407,1082,1433,Shamela0005756,11443,1280,1555,218,74
1407,435,563,Sham19Y0127677,6253,1040,1168,102,100
1407,1078,1241,Shamela0000894,3600,1204,1368,131,96
1407,435,563,Shamela0000894,4017,1242,1370,102,100
1407,426,658,Shamela0000894,6588,563,875,161,65
1407,426,563,Sham19Y0017903,642,501,642,104,93
1407,1078,1296,Sham19Y0013253,440,1101,1327,131,62
1407,435,563,Sham19Y0122406,1991,1013,1141,102,100
1407,1070,1310,Sham19Y0122406,1993,717,966,136,60
1407,435,563,Sham19Y0132524,1442,271,404,102,96
1407,426,563,Shamela0001875,1150,236,377,104,93
1407,439,563,Kraken230110004547,652,1093,1242,95,80
1407,435,563,Shamela0036446,474,386,519,102,96
1407,435,563,Shamela0025800,3309,375,507,101,95
1407,1109,1539,Sham19Y0014224,872,244,1077,208,27
1407,426,563,Sham19Y0020638,613,209,350,104,93
1407,435,563,Sham19Y0017616,206,541,669,102,100
1407,1,429,ShamAY0035249,209,1129,1555,342,98
1407,429,830,ShamAY0035249,210,1,402,322,100
1407,435,563,ShamAY0035220,542,719,847,102,100
1407,435,563,ShamAY0035220,1003,1281,1409,102,100
1407,435,563,JK007065,664,1010,1138,102,100
1407,416,563,Shamela0010803,328,694,851,106,84
1408,940,1398,Sham19Y0013667,4157,713,1220,330,80
1408,456,937,Sham19Y0013667,4158,1,481,268,60
1408,577,1074,Sham19Y0013769,1441,946,1426,345,81
1408,727,894,Shamela0008176,4028,382,545,131,97
1408,309,411,Shamela0005756,10910,1355,1459,79,98
1408,537,907,Shamela0005756,11443,891,1270,282,89
1408,325,516,Shamela0000427BK2,2791,840,1015,122,78
1408,9,494,Sham19Y0013253,441,361,950,255,47
1408,9,222,Sham19Y0122406,1994,1173,1499,122,44
1408,227,1475,Sham19Y0122406,1995,1,1433,772,61
1408,822,1471,Sham19Y0132524,1443,774,1317,230,35
1408,577,907,Sham19Y0014224,872,281,621,203,70
1408,907,1475,Sham19Y0014224,873,1,476,261,49
1408,727,894,Sham19Y0122257,1911,309,475,129,94
1408,1074,1273,Shia004014Vols,174,428,641,128,72
1408,932,1475,Shamela0021537,4732,120,471,215,48
1408,922,1438,Shamela0021537,4745,966,1480,403,98
1408,822,1471,Shamela0021537,4761,758,1208,203,35
1409,219,1387,Sham19Y0013667,4158,467,1559,680,66
1409,15,733,Sham19Y0013769,1441,233,854,448,76
1409,774,1532,Sham19Y0013769,1442,1,825,537,78
1409,37,1526,Sham19Y0122406,1996,1,1468,904,68
1409,1,737,Sham19Y0014224,873,476,1235,503,75
1409,751,1002,Sham19Y0014224,874,559,819,200,96
1409,1,190,Shamela0021537,4732,471,662,117,69
1409,1,1498,Shamela0021537,4746,38,1530,1186,97
1410,756,1034,Sham19Y0017350,895,1259,1542,222,95
1410,1034,1580,Sham19Y0017350,896,1,468,372,83
1410,16,725,Sham19Y0013667,4159,231,910,373,57
1410,35,725,Sham19Y0013769,1442,772,1432,515,90
1410,740,1580,Sham19Y0013769,1443,6,1176,610,61
1410,756,946,Zaydiyya0000142,2098,240,427,146,92
1410,744,1545,Sham19Y0131521,2924,662,1115,364,56
1410,165,397,Sham19Y0029676,315,49,291,187,94
1410,749,946,Shamela0021715,7990,906,1102,145,89
1410,744,1104,Shia002702Vols,1875,837,1193,277,93
1410,749,946,Shamela0005756,10911,315,509,153,95
1410,749,1390,Sham19Y0127677,18817,1146,1495,276,53
1410,756,890,Shamela0000894,3600,1407,1540,105,97
1410,674,961,Shamela0000427BK2,2791,1020,1272,187,79
1410,756,946,Shia001831Vols,340,1326,1504,123,76
1410,109,725,Sham19Y0122406,1997,312,910,352,62
1410,1231,1580,Sham19Y0122406,1997,888,1261,190,57
1410,797,946,Sham19Y0127713,1060,627,772,109,91
1410,7,725,Sham19Y0014224,874,582,1457,270,28
1410,764,1580,Sham19Y0014224,875,1,717,568,85
1410,666,946,Shamela0000551,1894,251,536,181,75
1410,756,981,Sham19Y0122257,1910,1367,1569,158,87
1410,981,1580,Sham19Y0122257,1911,1,556,284,45
1410,764,1528,Sham19Y0017063,722,812,1099,198,31
1410,97,569,Shamela0000791,333,346,766,322,83
1410,1,1261,Shamela0021537,4747,41,1285,954,89
1411,1,533,Sham19Y0017350,896,472,793,246,56
1411,8,533,Sham19Y0013769,1444,116,862,400,65
1411,1343,1504,Sham19Y0016584,3533,287,484,94,61
1411,533,845,Shia004020,176,1001,1160,108,43
1411,533,845,Shia001416,429,540,700,107,43
1411,1343,1504,JK000110,1379,380,581,94,61
1411,549,845,Shamela0011428,1229,481,621,104,44
1411,1343,1457,Shamela0021715,7991,386,506,78,84
1411,549,845,Shamela0001727,748,1184,1324,104,44
1411,1343,1457,Shamela0001727,749,260,406,90,78
1411,44,304,Shia002702Vols,1878,188,466,191,80
1411,319,533,Shia002702Vols,1878,1028,1210,81,48
1411,549,859,Sham19Y0013572,239,804,954,104,43
1411,549,845,Shia002240Vols,333,10,150,103,44
1411,566,915,Shamela0005756,11443,564,886,166,56
1411,1343,1499,Shamela0005756,12422,307,478,86,61
1411,1343,1457,Shia001663Vols,414,939,1049,76,76
1411,549,845,Shia001663Vols,414,703,843,103,44
1411,549,845,Shamela0012884,1272,165,304,101,43
1411,1330,1504,Sham19Y0017903,612,1179,1373,110,67
1411,549,900,ShamAY0033181,721,219,464,125,40
1411,549,823,Sham19Y0122406,1992,1379,1497,87,40
1411,1343,1457,Sham19Y0122406,1993,1153,1300,90,77
1411,319,533,Sham19Y0122406,1998,215,442,150,76
1411,549,845,Shamela0001875,1142,97,452,103,27
1411,1343,1457,Sham19Y0018106,3290,397,522,77,79
1411,927,1445,Sham19Y0018144,1256,768,1165,192,41
1411,1343,1504,Sham19Y0018103,3168,515,717,93,59
1411,1330,1504,Sham19Y0017729,339,465,659,110,67
1411,555,845,Shia001269,194,1,135,100,44
1411,549,849,Shia001269,590,13,156,101,43
1411,1,544,Sham19Y0014224,875,726,1309,413,85
1411,549,915,Zaydiyya0000454,254,762,1354,159,26
1411,549,845,Sham19Y0020638,613,722,862,104,44
1411,1343,1504,Sham19Y0013252,7601,90,296,95,59
1411,311,533,Shamela0000551,1897,371,559,130,70
1411,533,855,Shia002406Vols,1566,901,1076,109,42
1411,533,845,Zaydiyya0000258,157,942,1098,104,42
1411,101,300,Shia001404,323,165,371,157,91
1411,549,845,JK007065,108,1266,1406,104,44
1411,1343,1457,Sham19Y0018176,1908,245,370,77,79
1411,44,300,Sham19Y0017063,722,1058,1351,178,66
1411,549,845,Shia004014Vols,168,866,1001,100,43
1411,1343,1504,Sham19Y0013605,3785,225,427,93,59
1411,777,915,Shamela0021537,4778,1056,1194,109,100
1411,300,533,Shamela0010517,2051,868,1101,186,100
1412,956,1287,Shamela0001733,1514,879,1242,109,24
1412,956,1287,Sham19Y0013667,4155,934,1291,94,21
1412,956,1287,Sham19Y0148486,4456,571,926,109,24
1412,956,1287,Shamela0008176,4027,1038,1393,109,24
1412,624,1006,JK000977,1266,920,1254,110,26
1412,187,414,JK000977,1266,17,249,56,17
1412,956,1292,JK000299,1391,1016,1381,111,25
1412,956,1280,Shamela0011428,1225,183,529,103,24
1412,134,540,Sham19Y0131521,2966,165,495,197,54
1412,1,662,Shamela0001727,749,585,1285,165,20
1412,657,1287,Shamela0001727,750,1,516,158,23
1412,893,1287,JK000916,6589,561,1051,124,23
1412,893,1292,JK000916,7505,105,575,129,24
1412,893,1287,Shamela0003118,2276,797,1287,124,23
1412,983,1287,Shamela0003118,2498,1055,1411,87,20
1412,956,1287,Shamela0010664,297,410,801,134,32
1412,956,1287,Shia001663Vols,414,1150,1483,94,22
1412,956,1287,Shia001663Vols,441,59,260,79,23
1412,633,1507,Shia001831Vols,341,59,557,265,35
1412,956,1287,Shia002003Vols,1139,756,1123,104,23
1412,956,1287,Shamela0025800,3316,293,649,109,24
1412,134,700,Sham19Y0017729,339,542,882,151,34
1412,162,414,Sham19Y0020638,614,98,242,85,42
1412,629,1280,Sham19Y0020638,614,681,1471,177,19
1412,893,1287,Sham19Y0013241,1284,414,844,123,25
1412,893,1292,JK007065,1244,50,476,127,26
1413,366,522,ShamAY0034441,356,412,623,123,73
1413,1087,1397,Sham19Y0013667,4149,1042,1278,98,32
1413,1087,1571,Sham19Y0148486,4462,604,880,118,26
1413,366,526,Shamela0003485,48,1097,1295,125,79
1413,366,606,Shamela0006610,763,1193,1447,145,70
1413,385,522,JK009390,2705,404,541,108,98
1413,1087,1397,Shamela0008176,4040,163,399,101,33
1413,1087,1397,Shamela0021744,1622,25,261,101,33
1413,1087,1401,Shia000153Vols,1443,485,752,111,34
1413,1087,1397,JK000299,1392,1041,1277,101,33
1413,366,522,Shamela0002863,1686,319,534,124,72
1413,1087,1571,Shamela0011428,1228,1007,1284,123,28
1413,366,611,Shamela0021590,976,976,1252,152,67
1413,366,611,Sham19Y0029676,249,23,262,148,69
1413,366,611,Shamela0001727,751,135,435,152,57
1413,1087,1571,Shamela0001727,752,359,637,123,27
1413,366,522,JK000916,13824,836,1054,124,71
1413,366,522,Shamela0003118,4101,732,949,124,71
1413,1056,1401,Shia002702Vols,1876,32,335,121,34
1413,1087,1571,Sham19Y0017437,1279,1027,1302,123,28
1413,366,537,Sham19Y0127677,6460,1329,1521,134,86
1413,366,537,Sham19Y0127677,14661,1206,1403,124,78
1413,366,530,Shamela0000894,3600,962,1149,124,84
1413,1087,1571,Shia001663Vols,422,830,1091,121,28
1413,366,526,Shamela0009759,132,1,202,124,76
1413,366,522,Shamela0008381,4462,519,683,123,93
1413,1004,1363,Shia001831Vols,341,772,968,144,49
1413,366,611,ShamAY0034249,4866,696,1023,148,57
1413,366,611,ShamAY0034282,1884,931,1247,146,60
1413,272,611,Sham19Y0122406,1999,796,1241,169,40
1413,1087,1397,Sham19Y0122406,2000,1159,1397,101,33
1413,1079,1571,Sham19Y0122406,2001,109,504,154,30
1413,272,611,Shamela0001875,1165,572,859,164,58
1413,1087,1397,Sham19Y0037618,2504,194,431,101,33
1413,1087,1397,Sham19Y0018144,1246,52,338,106,30
1413,1087,1401,Sham19Y0018144,4748,1065,1307,102,33
1413,366,611,Sham19Y0036114,448,93,434,151,56
1413,1087,1571,Shamela0025800,3315,721,1004,125,27
1413,366,611,ShamAY0001783,283,696,997,151,63
1413,385,522,Shamela0021659,1434,173,310,108,98
1413,366,522,ShamAY0034005,609,795,990,124,80
1413,366,611,Sham19Y0020638,615,1098,1321,149,69
1413,1087,1571,Sham19Y0020638,616,196,473,119,27
1413,1087,1397,Shamela0003722,1735,596,832,100,33
1413,366,526,Shamela0010013,242,1019,1198,125,87
1413,1087,1401,Shamela0010013,242,1236,1478,101,33
1413,366,611,Zaydiyya0000207,62,490,797,148,54
1413,1087,1397,Sham19Y0146127,2398,1195,1430,98,32
1413,1087,1571,Shia000403,17,785,1070,123,27
1413,366,522,Sham19Y0017616,199,1110,1290,124,86
1413,272,522,JK007065,1244,1130,1417,136,61
1413,1087,1571,JK007065,1245,714,972,123,29
1413,366,611,Sham19Y0011194,142,757,991,148,68
1413,1087,1571,Shamela0009391,43,645,927,122,27
1413,1087,1571,Shia004014Vols,171,754,1031,121,27
1413,388,684,Shamela0021537,4718,851,1137,138,44
1413,366,522,Shamela0021537,4719,683,849,122,92
1413,1087,1397,Shamela0021537,4773,146,383,101,33
1413,1087,1571,Shamela0010517,2191,985,1263,123,27
1413,366,700,Shamela0010517,2191,560,888,164,53
1414,584,1233,Sham19Y0013769,1433,422,1120,398,61
1414,748,1272,Shamela0006172,436,883,1027,60,12
1414,584,981,Shamela0008176,4042,69,454,185,47
1414,611,981,JK000201,1791,624,923,201,67
1414,114,629,Sham19Y0122406,2004,812,1510,155,22
1414,584,1625,ShamAY0033531,1600,36,1190,784,81
1414,518,1012,Sham19Y0014224,867,791,1240,213,46
1414,541,796,Sham19Y0020638,617,389,782,141,42
1414,529,1625,Masaha001864Vols,5311,407,1042,486,54
1414,584,796,Shamela0008463,3607,154,721,131,29
1414,1238,1625,Shamela0011036,1729,184,470,148,41
1414,529,715,ShamAY0035220,718,633,1002,100,29
1414,584,981,Sham19Y0122257,1916,589,1053,187,39
1414,662,1587,Shamela0000791,327,685,1585,716,93
1415,148,537,Sham19Y0013769,1434,325,681,155,48
1415,875,1344,Sham19Y0148486,3414,652,841,120,32
1415,912,1344,JK009390,2628,1,148,92,27
1415,875,1442,Shamela0025794,1882,531,815,128,27
1415,1251,1546,Sham19Y0131521,3063,121,572,171,41
1415,875,1442,Shamela0001727,754,975,1293,147,30
1415,875,1352,Sham19Y0127677,14184,1201,1398,124,32
1415,875,1442,Sham19Y0017903,611,401,722,143,30
1415,875,1324,ShamAY0033943,63,899,1066,101,28
1415,894,1344,Shamela0001975,1025,174,338,105,29
1415,875,1344,Sham19Y0122406,2009,193,381,121,32
1415,894,1344,Shia002265Vols,5447,372,541,107,29
1415,875,1500,Shia002662Vols,769,71,546,354,69
1415,894,1344,Shamela0001438,2964,89,253,105,29
1415,1,441,ShamAY0033531,1600,1190,1621,341,94
1415,875,1344,Sham19Y0018144,1259,992,1170,111,30
1415,879,1442,Shia002901Vols,890,573,872,129,25
1415,510,944,Shamela0025800,3339,1074,1465,123,25
1415,875,1442,Sham19Y0017729,338,999,1271,143,29
1415,894,1344,Shamela0021659,1409,601,765,103,29
1415,291,537,Sham19Y0014224,869,34,283,148,70
1415,1,153,Masaha001864Vols,5311,1042,1201,117,91
1415,952,1156,Sham19Y0013252,4011,23,240,155,88
1415,1344,1490,Shamela0011036,1523,399,527,103,86
1415,1,504,Shamela0000791,328,39,464,337,82
1416,718,920,JK001472,46,6,279,133,57
1416,1,233,Sham19Y0013769,1305,1276,1486,131,68
1416,351,596,Shamela0008176,3601,979,1291,170,63
1416,596,1598,Sham19Y0017747,963,204,1155,387,39
1416,1,224,Sham19Y0017747,1152,1039,1543,163,38
1416,632,1063,Shamela0011428,1221,7,325,244,70
1416,544,1598,Sham19Y0131521,2615,587,1209,401,44
1416,8,207,Shamela0001673,7643,49,190,101,62
1416,671,886,Shamela0005922,2260,376,662,158,64
1416,269,1394,JK000201,1507,223,1343,883,96
1416,935,1213,Sham19Y0013252,3492,215,581,157,50
1416,1,233,Shamela0011036,1528,237,416,145,76
1416,8,207,ShamAY0035249,277,592,732,102,63
1416,427,596,Sham19Y0122257,1646,1218,1381,131,91
1416,474,1598,Sham19Y0122257,1648,76,1081,504,44
1417,1085,1356,Sham19Y0123510,1168,440,725,214,93
1417,1,277,Sham19Y0017747,963,1155,1435,167,64
1417,767,985,JK010001,2073,1,370,143,51
1417,740,985,Tafsir07055,2172,139,575,162,49
1417,6,340,Sham19Y0131521,2615,1215,1532,254,91
1417,740,985,Shamela0001727,755,302,726,163,51
1417,746,1155,Sham19Y0013253,444,861,1230,218,67
1417,740,985,Sham19Y0122406,2011,160,585,164,51
1417,746,1155,Sham19Y0122406,2013,645,1009,214,66
1417,762,914,JK000928,10,149,640,85,22
1417,869,1339,Shamela0000551,1356,982,1467,267,60
1417,1,709,Sham19Y0122257,1648,1081,1502,317,55
1418,599,1299,Sham19Y0017747,1151,948,1549,394,64
1418,1299,1472,Sham19Y0017747,1152,1,163,106,72
1418,477,654,JK000977,1277,401,957,103,24
1418,490,1469,Shamela0021590,799,195,820,309,36
1418,441,637,Shamela0001727,756,964,1381,127,39
1418,1115,1469,Shamela0005756,7263,73,294,157,53
1418,477,733,JK000271,207,479,923,156,43
1418,490,737,Shamela0000140,2110,816,1140,119,40
1418,539,1496,JK000201,1801,369,1540,709,73
1418,131,563,Sham19Y0122406,2014,784,1291,229,51
1418,447,737,Sham19Y0123608,854,608,1115,123,26
1418,755,1469,Sham19Y0014224,796,319,1021,450,72
1418,490,637,Sham19Y0020638,618,931,1083,101,87
1418,98,430,Sham19Y0014538,739,384,718,240,89
1418,1115,1469,Sham19Y0013252,4012,367,591,159,55
1418,1272,1472,Shamela0011036,1524,6,209,153,90
1418,711,1034,Shamela0011036,1527,466,768,151,47
1418,441,733,ShamAY0035220,498,42,473,117,26
1418,490,715,Shamela0010443,463,1075,1474,126,37
1419,1394,1535,Sham19Y0123510,1206,740,883,108,95
1419,1110,1535,Sham19Y0017350,893,1133,1534,233,59
1419,58,561,Sham19Y0013769,1305,168,541,208,48
1419,155,683,Sham19Y0017747,1152,374,906,209,34
1419,1437,1562,Sham19Y0017747,1461,1,128,99,98
1419,679,1448,Sham19Y0122406,2018,6,894,272,33
1419,796,1519,Sham19Y0132524,1455,216,1249,158,13
1419,1359,1562,ShamAY0033531,1607,1097,1302,161,98
1419,1340,1535,Sham19Y0018103,3166,390,573,121,72
1419,1152,1541,Sham19Y0150600,633,23,506,217,53
1419,155,568,Sham19Y0014224,795,749,1211,281,71
1419,1359,1535,Sham19Y0018272,2226,345,609,137,65
1419,77,352,Shamela0011036,1526,1057,1525,208,53
1419,1226,1492,Shamela0011036,1722,1090,1381,147,61
1419,1191,1448,Sham19Y0020699,1421,206,523,101,36
1419,1152,1535,Sham19Y0014601,3295,113,435,184,60
1419,1359,1546,Sham19Y0017063,722,38,219,134,89
1419,1340,1492,Sham19Y0150962,1049,1092,1281,89,57
1419,1340,1562,Shamela0000791,319,1180,1404,177,98
1419,1352,1535,Sham19Y0013605,3783,371,547,123,78
1420,90,292,Sham19Y0123510,1206,883,1085,161,98
1420,61,383,Shamela0021495,350,632,973,147,45
1420,591,1041,Sham19Y0017350,893,48,434,217,51
1420,173,553,Sham19Y0017350,894,799,1158,224,65
1420,701,1310,Sham19Y0013769,1435,603,1329,439,71
1420,233,501,Sham19Y0013769,1439,367,1255,217,30
1420,631,1013,Shamela0008176,4022,922,1554,226,39
1420,1013,1409,Shamela0008176,4023,1,416,176,43
1420,697,1201,Sham19Y0017747,1473,697,1117,217,50
1420,523,697,Shamela0022848,334,888,1284,101,30
1420,631,1310,Sham19Y0131521,3003,271,1142,450,62
1420,740,1316,Shamela0021715,4405,134,448,213,43
1420,1197,1484,Shamela0001727,759,188,619,157,37
1420,697,1201,Sham19Y0017437,1272,815,1267,207,44
1420,678,881,Shamela0005756,8577,1301,1507,151,87
1420,1041,1191,Shamela0005756,8578,25,176,118,98
1420,745,1345,Shamela0001673,7640,1,553,274,52
1420,195,415,Sham19Y0014309,1224,1,223,166,93
1420,650,1284,JK000201,1793,586,1403,324,40
1420,701,1345,JK000201,1794,880,1484,290,51
1420,1321,1484,Sham19Y0122406,2021,564,864,130,53
1420,1,121,ShamAY0033531,1607,1302,1423,97,99
1420,54,303,ShamAY0033531,1608,1265,1517,182,89
1420,303,508,ShamAY0033531,1609,1,207,166,99
1420,690,864,ShamAY0033531,1657,1400,1575,142,97
1420,864,1310,ShamAY0033531,1658,1,318,247,69
1420,701,1254,Sham19Y0014224,870,356,864,391,87
1420,1,591,Sham19Y0014224,871,354,672,218,41
1420,1367,1557,Shamela0007342,456,386,627,136,69
1420,423,675,Shamela0009242,2756,690,861,72,34
1420,888,1284,Sham19Y0122257,1909,86,447,246,73
1420,51,591,Sham19Y0014601,3295,425,1405,431,54
1420,730,1290,Sham19Y0014601,3383,17,521,265,55
1420,631,1409,Sham19Y0017063,721,229,697,284,42
1420,96,303,Sham19Y0150962,1049,1353,1538,148,88
1420,303,1290,Sham19Y0150962,1050,1,910,304,30
1420,1367,1561,Shamela0008360,475,100,334,146,77
1420,1,143,Shamela0000791,319,1404,1547,113,97
1420,143,591,Shamela0000791,320,1,451,361,98
1421,179,999,Sham19Y0013769,1446,177,941,376,45
1421,795,1586,Shamela0008176,4010,1,535,324,46
1421,1172,1586,Sham19Y0131521,2950,456,907,324,89
1421,718,1125,Shamela0000432,5490,4,324,232,69
1421,234,361,Shamela0000427BK2,2804,1300,1414,77,76
1421,689,925,Shamela0000427BK2,2805,295,519,125,57
1421,1183,1452,ShamIbadiyya0000433,750,1,234,181,84
1421,727,1549,ShamAY0033522,449,1009,1398,295,45
1421,1153,1570,JK000201,1770,1035,1473,330,94
1421,265,583,Sham19Y0122406,2023,462,913,196,50
1421,1183,1549,Sham19Y0127713,984,769,1128,203,58
1421,223,1586,ShamAY0033531,1628,334,1436,879,79
1421,302,988,Sham19Y0014224,876,241,690,337,60
1421,1021,1537,Shamela0000551,1843,308,800,223,44
1421,694,919,Sham19Y0122257,1900,1161,1383,174,95
1421,1266,1586,Sham19Y0122257,1901,304,634,224,81
1421,508,1586,Sham19Y0017063,717,176,1055,586,62
1422,1214,1480,Shamela0021495,352,840,1044,136,62
1422,1207,1433,Sham19Y0013769,1448,1157,1464,97,31
1422,679,1189,Sham19Y0013769,1448,84,308,176,41
1422,6,358,Sham19Y0131521,2950,911,1230,217,68
1422,1223,1480,Shamela0000432,5501,1,258,205,100
1422,535,1073,ShamAY0033531,1629,168,738,429,93
1422,858,1056,Sham19Y0014224,877,202,399,146,90
1422,1081,1227,Sham19Y0014224,877,1402,1552,116,90
1422,1227,1576,Sham19Y0014224,878,1,691,262,47
1422,1,528,Sham19Y0017063,717,1055,1536,338,75
1423,40,750,Sham19Y0013769,1449,553,1382,411,56
1423,947,1383,Shamela0008176,4013,142,498,264,71
1423,947,1383,ShamAY0033531,1648,668,1093,341,95
1423,497,639,Sham19Y0013577,7777,415,554,104,91
1423,4,750,Sham19Y0014224,878,699,1476,519,77
1423,959,1379,Sham19Y0122257,1901,1176,1515,253,71
1423,1008,1383,Sham19Y0014601,3365,1,463,304,81
1424,846,1234,Sham19Y0148486,4546,223,477,102,31
1424,647,829,Shamela0008176,4012,411,639,113,57
1424,846,1237,JK000977,1285,196,429,96,29
1424,235,504,Shamela0008550,27,1104,1363,204,93
1424,846,1234,ShamAY0034447,1634,379,598,95,30
1424,839,1234,Shamela0001727,760,675,913,105,31
1424,1085,1539,Shia001831Vols,342,520,816,195,52
1424,606,1534,Sham19Y0122406,2032,704,943,160,20
1424,672,834,ShamAY0033531,1648,429,607,127,87
1424,1402,1539,ShamAY0033531,3553,602,739,114,100
1424,1402,1539,ShamAY0033531,4736,37,174,114,100
1424,1202,1539,Sham19Y0020591,1792,564,944,139,33
1424,235,834,Sham19Y0014601,3365,463,1274,465,70
1425,1375,1564,Shamela0004445,1344,562,733,135,90
1425,1375,1564,Shamela0007891,1399,1143,1318,138,92
1425,860,1301,Shamela0008176,4012,943,1348,289,76
1425,1375,1564,JK000977,1286,915,1062,115,77
1425,1326,1636,Shamela0000321,67,651,943,212,84
1425,1375,1564,ShamAY0034447,1633,291,469,139,93
1425,7,673,ShamAY0034447,1634,677,868,128,24
1425,1375,1564,Shamela0025794,4904,1122,1293,135,90
1425,7,673,Shamela0001727,760,992,1185,132,24
1425,1318,1564,Shamela0001727,761,358,712,182,61
1425,1378,1564,Shamela0000432,5557,82,273,147,97
1425,1359,1564,Sham19Y0127700,259,513,689,129,80
1425,893,1307,Shamela0009810,781,868,1236,276,81
1425,1375,1564,Shamela0009810,785,181,320,106,71
1425,1342,1564,Shamela0000894,3718,87,310,158,84
1425,1370,1608,Shamela0000894,3747,297,597,164,67
1425,1375,1564,Shia001731Vols,425,217,356,106,71
1425,1375,1564,Shamela0008381,4547,853,1042,149,100
1425,7,860,Sham19Y0017903,619,1000,1289,165,24
1425,848,1447,Shia001831Vols,342,975,1208,148,30
1425,1447,1636,JK000201,1747,1181,1423,143,72
1425,1375,1564,ShamAY0034282,1813,638,795,113,73
1425,7,660,Sham19Y0122406,2031,1346,1525,122,23
1425,1313,1564,Sham19Y0122406,2034,11,374,184,61
1425,1403,1564,Sham19Y0132524,1465,388,559,115,83
1425,971,1307,Shia001845Vols,394,768,990,167,60
1425,1366,1523,Shamela0001875,1190,1329,1472,107,86
1425,49,336,Sham19Y0017729,603,432,628,111,48
1425,139,646,Shia003732Vols,4954,1333,1475,89,21
1425,1,197,Shamela0006617,356,1078,1234,70,42
1425,1375,1564,Shamela0026484,406,963,1136,134,89
1425,7,679,Sham19Y0020638,621,1119,1315,132,24
1425,1375,1564,Sham19Y0020638,622,244,423,137,90
1425,1318,1564,Masaha001864Vols,4511,431,746,82,22
1425,1359,1564,Shamela0011363,70,1129,1283,118,73
1425,1398,1564,Masaha001946Vols,268,1236,1420,125,84
1425,1375,1564,ShamAY0035884,3526,1153,1324,135,90
1425,7,673,Sham19Y0017616,197,1024,1217,132,24
1425,1342,1576,Sham19Y0017616,201,972,1175,155,84
1425,1375,1564,Shamela0013035,725,472,1012,115,25
1425,1375,1564,JK007065,1361,914,1089,138,92
1425,871,1291,Sham19Y0017063,718,809,1002,121,35
1425,1378,1600,Sham19Y0017063,720,1259,1531,154,68
1425,1326,1564,Shamela0010517,2226,1189,1378,111,57
1425,1375,1564,Shia001913Vols,213,345,520,128,83
1426,1463,1591,Shamela0008176,3991,1136,1241,84,82
1426,533,1185,Sham19Y0017747,1424,792,1553,333,44
1426,1185,1591,Sham19Y0017747,1425,1,369,189,54
1426,1,234,Shamela0000321,67,943,1171,186,97
1426,302,993,Shamela0021590,952,895,1225,204,36
1426,302,579,Shamela0000432,91,1289,1513,134,50
1426,579,1591,Shamela0000432,92,1,902,713,86
1426,302,1542,Shia002702Vols,1750,446,1097,403,37
1426,28,480,Shia001831Vols,342,1224,1543,147,37
1426,302,1281,JK000201,1741,478,1587,686,74
1426,93,234,JK000201,1748,1,142,114,100
1426,172,412,Sham19Y0122406,2034,662,1118,133,37
1426,39,329,Shamela0003565,5278,1109,1372,172,72
1426,525,1034,ShamAY0033531,1614,1087,1591,414,98
1426,1034,1553,ShamAY0033531,1615,1,522,414,99
1426,1,234,Sham19Y0122257,1908,795,964,117,60
1426,22,321,Sham19Y0017063,721,9,248,177,71
1426,75,234,Shamela0000791,338,1,160,129,100
1426,1037,1336,Sham19Y0017442,408,257,559,236,98
1426,1,321,Shamela0010517,2226,78,434,208,73
1427,1240,1590,Sham19Y0013769,1475,50,310,208,72
1427,653,1470,Shamela0008176,4085,199,745,333,44
1427,278,387,Sham19Y0014591,3488,909,1018,88,100
1427,278,434,Shamela0001727,762,95,273,119,80
1427,594,958,Sham19Y0122236,354,588,1041,198,52
1427,526,958,Shamela0026568,627,633,1087,170,39
1427,526,917,Shamela0023685,717,766,1081,172,52
1427,278,387,Sham19Y0122406,2035,1432,1541,88,100
1427,278,424,Sham19Y0019230,858,1449,1589,99,84
1427,635,1590,Sham19Y0014224,896,1,919,340,33
1427,81,387,Shamela0008476,1678,711,1053,122,34
1427,928,1470,Sham19Y0122257,1935,301,654,264,57
1427,512,902,Sham19Y0017063,737,983,1384,278,83
1427,278,387,ShamIbadiyya0000942,385,320,429,88,100
1428,6,253,Sham19Y0013769,1471,26,512,104,23
1428,870,1227,Sham19Y0013769,1475,1212,1565,233,80
1428,408,705,Sham19Y0013769,1476,230,532,221,90
1428,192,935,Shamela0008176,4085,745,1296,196,24
1428,1301,1461,ShamAY0033531,1642,524,684,130,100
1428,870,1286,Sham19Y0014224,896,1105,1526,289,80
1428,440,705,Sham19Y0014224,897,1,289,200,85
1428,192,935,Sham19Y0122257,1935,654,921,190,31
1428,446,729,Sham19Y0017063,738,1,308,150,50
1429,819,1323,JK007083,184,507,908,172,33
1429,819,1323,Shamela0001733,1348,1002,1424,118,21
1429,1380,1572,Sham19Y0013769,1473,834,1063,116,53
1429,1,745,Sham19Y0013769,1476,717,1521,486,69
1429,819,1115,Sham19Y0016584,3484,146,333,120,47
1429,819,1108,Sham19Y0016584,3514,763,947,120,48
1429,819,1115,Sham19Y0016584,3538,585,772,120,47
1429,1308,1484,Sham19Y0148486,7980,684,844,130,90
1429,819,1115,Shamela0006610,750,526,717,125,49
1429,819,1115,JK006897,426,152,339,120,47
1429,819,1115,Sham19Y0127656,633,718,963,125,42
1429,819,1115,ShamAY0034080,69,50,241,125,49
1429,819,1115,JK000110,1358,373,560,120,47
1429,819,1115,JK000110,1371,1035,1222,120,47
1429,819,1115,JK000110,1382,109,296,120,47
1429,819,1323,Zaydiyya0000015,1945,549,965,172,32
1429,1008,1294,Sham19Y0131521,2969,774,1060,146,57
1429,819,1115,Shamela0021590,954,544,735,125,49
1429,819,1115,Shamela0021590,955,1161,1410,128,47
1429,819,1115,Shamela0021715,7858,269,456,120,47
1429,819,1115,Shamela0021715,7859,513,802,119,35
1429,819,1115,Shamela0021715,7933,114,301,120,47
1429,819,1115,Shamela0021715,8002,841,1028,120,47
1429,819,1323,Shamela0001727,762,865,1267,172,33
1429,819,1115,Sham19Y0017757,128,758,944,120,47
1429,819,1115,ShamAY0033910,699,827,1018,125,49
1429,819,1115,Shamela0005756,12290,883,1071,115,45
1429,819,1115,Shamela0004473,16495,126,364,124,42
1429,819,1115,Shamela0011816,425,297,488,125,49
1429,822,1115,Shamela0006947,5754,106,295,123,48
1429,819,1115,Sham19Y0014309,2102,792,973,117,46
1429,819,1115,JK000130,700,1075,1265,125,49
1429,819,1115,Sham19Y0122096,932,867,1067,125,48
1429,819,1115,Sham19Y0017903,622,1188,1379,125,49
1429,613,745,Shamela0023685,615,1,133,108,100
1429,1,528,Sham19Y0122406,2038,326,658,211,47
1429,819,1115,JK009324,2334,170,360,125,49
1429,819,1115,ShamAY0038067,82,481,664,125,50
1429,819,1115,Shamela0037837,514,503,714,96,32
1429,300,1115,Sham19Y0132524,1469,214,988,225,26
1429,819,1115,Shamela0001875,1152,870,1060,125,49
1429,819,1115,Sham19Y0018106,3251,1106,1293,120,47
1429,819,1115,Sham19Y0018106,3275,1047,1238,125,49
1429,819,1115,Sham19Y0018106,3294,671,862,125,49
1429,819,1115,Shamela0036446,479,961,1141,117,46
1429,819,1115,Sham19Y0018103,3152,869,1056,120,47
1429,819,1115,Shamela0025800,1802,541,732,125,49
1429,819,1115,Sham19Y0017729,344,215,405,125,49
1429,1275,1564,Sham19Y0014224,894,975,1449,164,39
1429,1,763,Sham19Y0014224,897,482,1222,528,80
1429,819,1115,Sham19Y0131336,1202,1066,1255,124,49
1429,819,1323,Sham19Y0020638,623,156,561,172,32
1429,819,1115,JK000475,1103,328,519,125,49
1429,819,1115,Sham19Y0013252,7477,612,799,120,47
1429,819,1115,Sham19Y0013252,7536,1020,1207,120,47
1429,819,1115,Sham19Y0013252,7623,466,653,120,47
1429,819,1115,Shia001626Vols,28,222,383,123,53
1429,819,1115,JK000784,82,155,338,125,50
1429,819,1115,Sham19Y0017616,201,261,452,125,49
1429,819,1115,JK007065,326,106,295,125,49
1429,819,1115,Sham19Y0018176,1881,370,557,120,47
1429,819,1069,Sham19Y0018176,1897,1336,1481,90,41
1429,819,1115,Sham19Y0018176,1911,348,539,125,49
1429,300,819,Sham19Y0122257,1935,1030,1301,199,45
1429,819,1115,Sham19Y0013605,3739,975,1162,120,47
1429,819,1115,Sham19Y0013605,3769,215,406,125,49
1429,819,1115,Sham19Y0013605,3789,1132,1323,125,49
1430,496,622,Sham19Y0020561,1664,1000,1141,98,85
1430,496,622,JK007083,187,1118,1263,101,86
1430,496,622,Shamela0012415,464,1194,1335,96,84
1430,1129,1529,Sham19Y0013769,1483,463,854,192,55
1430,496,622,Sham19Y0148486,2399,536,675,94,83
1430,496,622,Shamela0003485,249,1170,1296,96,91
1430,496,626,Shamela0006610,777,760,911,94,77
1430,746,1002,Shamela0008176,4088,1282,1509,168,81
1430,496,622,Sham19Y0017747,1562,935,1081,99,84
1430,634,1042,Sham19Y0017747,1563,265,744,237,59
1430,496,1118,JK000977,1289,343,839,135,20
1430,496,622,JK006897,430,784,929,101,86
1430,496,622,Shia000841Vols,7415,102,244,101,88
1430,496,622,Shamela0025794,4719,53,196,101,88
1430,496,622,Shamela0021590,1015,1264,1410,101,86
1430,496,1027,Shamela0021590,1016,674,1277,231,41
1430,496,634,JK007128,1046,1076,1210,97,81
1430,496,1125,Shamela0001727,763,476,902,153,23
1430,496,622,Sham19Y0017757,134,683,828,101,86
1430,1,142,Sham19Y0122401,1173,22,183,114,86
1430,496,622,Sham19Y0127700,263,344,485,100,88
1430,1,157,Shamela0005756,7641,1352,1545,114,73
1430,496,622,Shamela0009790,394,30,176,100,85
1430,496,622,Shamela0009790,395,118,264,100,85
1430,496,659,Shamela0005922,2361,1291,1475,106,69
1430,496,604,JK000734,254,1370,1495,82,79
1430,496,622,Sham19Y0147658,815,398,543,101,86
1430,490,622,Masaha001961Vols,540,331,467,97,89
1430,496,622,JK000271,245,198,341,100,87
1430,500,1461,Shia001831Vols,343,237,567,238,31
1430,1317,1583,JK000201,1749,1,267,215,100
1430,496,622,Shamela0023628,743,350,491,99,87
1430,496,883,Sham19Y0013785,621,772,1058,167,47
1430,496,697,Shamela0021677,2546,386,589,119,59
1430,496,622,Shamela0001875,1178,33,178,101,86
1430,496,883,Shamela0021693,1514,496,782,167,47
1430,746,996,ShamAY0033531,1635,49,300,186,91
1430,1261,1583,ShamAY0033531,1638,949,1297,247,83
1430,496,622,Sham19Y0019230,859,33,178,101,86
1430,496,697,Sham19Y0013577,3903,569,710,100,57
1430,496,622,Shamela0025800,1805,604,745,100,88
1430,500,1086,Sham19Y0017791,1054,799,1503,224,31
1430,496,609,Sham19Y0123608,902,119,243,83,81
1430,496,626,Sham19Y0017729,343,605,756,101,84
1430,496,622,Shia003732Vols,3749,308,451,96,84
1430,131,463,Sham19Y0014224,897,1295,1628,244,83
1430,1261,1555,Sham19Y0014224,900,399,699,193,73
1430,496,1125,Sham19Y0020638,624,292,603,162,31
1430,496,604,Sham19Y0017885,1607,65,191,85,84
1430,496,622,Sham19Y0016772,1718,871,1015,100,86
1430,496,702,Sham19Y0146127,1256,255,436,114,61
1430,496,626,Shamela0009242,2794,409,555,100,84
1430,496,626,Shamela0009242,2795,65,211,100,84
1430,496,1125,Sham19Y0017616,200,695,1035,181,34
1430,542,1086,Sham19Y0020590,232,1,567,245,41
1430,500,733,Sham19Y0017063,738,863,1187,149,54
1430,496,622,Sham19Y0148271,2213,1035,1176,101,89
1430,496,626,Shamela0021743,1168,487,633,102,87
1430,496,609,Shamela0010517,2083,1479,1611,90,85
1430,496,622,Shia001913Vols,413,1035,1180,101,86
1431,1190,1622,Shamela0005390,298,883,1268,297,79
1431,1190,1622,Sham19Y0017350,297,736,1121,314,86
1431,871,1640,Sham19Y0017350,913,640,1385,337,41
1431,607,841,Sham19Y0013769,1482,982,1242,143,64
1431,34,438,Sham19Y0013769,1483,866,1335,297,78
1431,1209,1484,Sham19Y0013769,1485,919,1503,185,36
1431,1484,1622,Sham19Y0013769,1486,1,162,116,85
1431,1190,1622,Shamela0006172,456,180,590,323,85
1431,505,841,Sham19Y0131521,2964,394,879,189,41
1431,87,443,Shamela0005756,7067,1296,1465,124,43
1431,449,841,Shamela0005756,12471,1251,1496,131,39
1431,463,841,ShamAY0033522,461,1087,1413,245,78
1431,1001,1622,JK000201,1748,326,961,499,92
1431,1,586,JK000201,1749,267,574,233,49
1431,475,841,Sham19Y0122406,2046,346,748,259,74
1431,1064,1622,JK000168,103,1,525,419,89
1431,475,996,ShamAY0033531,1639,316,877,299,54
1431,846,1139,Sham19Y0150600,647,620,1058,111,26
1431,18,821,Sham19Y0014224,900,696,1531,523,69
1431,967,1622,Sham19Y0014224,901,181,791,446,77
1431,29,432,Sham19Y0013252,3866,664,878,126,39
1431,967,1194,Sham19Y0013252,7690,713,991,117,50
1431,463,846,Shamela0000551,1906,371,720,211,60
1431,1231,1594,Sham19Y0014325,4675,736,1137,187,50
1431,1209,1622,Sham19Y0013605,3810,426,759,212,57
1432,838,1541,JK007083,41,10,590,165,22
1432,1047,1376,Shamela0007891,1392,576,740,117,45
1432,1233,1361,Sham19Y0013667,4841,1261,1376,80,77
1432,416,804,Sham19Y0013769,1485,1,338,211,67
1432,838,1329,Sham19Y0148486,1068,278,809,151,24
1432,1047,1376,Sham19Y0127656,72,1100,1264,117,45
1432,838,1376,JK000110,98,390,656,160,38
1432,838,1329,Sham19Y0016636,789,112,345,140,36
1432,1237,1376,Shamela0025794,2141,1,140,110,100
1432,838,1376,Shamela0021715,888,467,733,160,38
1432,838,1376,Sham19Y0016684,256,613,879,160,38
1432,804,1376,Shamela0001727,764,686,1115,212,39
1432,838,1376,Shamela0001727,1028,176,462,187,44
1432,838,1376,Sham19Y0013572,727,1219,1480,164,39
1432,833,1380,Shamela0001673,1579,605,983,190,41
1432,838,1376,Sham19Y0017903,624,497,790,181,42
1432,838,1436,Shamela0006366,214,614,1132,148,21
1432,160,339,Sham19Y0127671,1296,1295,1472,138,91
1432,838,1376,Sham19Y0122406,2049,265,551,188,44
1432,1065,1376,Sham19Y0122406,2859,1,167,130,53
1432,838,1376,JK009324,325,427,693,160,38
1432,838,1376,Shamela0037837,163,468,733,160,38
1432,838,1376,Sham19Y0132524,1474,899,1238,186,40
1432,1036,1220,Shia001845Vols,394,1293,1561,144,66
1432,838,1376,Sham19Y0018106,438,519,785,160,38
1432,838,1376,Sham19Y0018144,1935,127,432,182,41
1432,838,1376,Sham19Y0018103,561,1063,1329,160,38
1432,838,1541,Shamela0025800,2260,616,1015,213,37
1432,838,1376,Shamela0096283,50,396,662,160,38
1432,838,1376,Sham19Y0017729,344,948,1235,185,43
1432,838,1376,Shamela0010657,361,391,862,119,19
1432,10,804,Sham19Y0014224,902,21,749,464,68
1432,838,1376,Sham19Y0020638,625,955,1241,188,44
1432,838,1376,Sham19Y0020638,852,465,753,184,43
1432,838,1376,Sham19Y0013252,1273,140,406,160,38
1432,833,1361,Sham19Y0013252,1276,447,863,176,38
1432,1233,1376,Masaha001946Vols,532,1174,1327,108,90
1432,160,339,Shamela0011036,1774,1326,1502,138,91
1432,1248,1376,Sham19Y0017616,198,1,129,101,100
1432,838,1376,Shamela0000041,2387,924,1191,161,37
1432,410,684,Sham19Y0020590,231,1065,1327,145,64
1432,838,1541,JK007065,774,310,735,218,38
1432,1041,1376,Sham19Y0018176,223,79,249,122,46
1432,838,1376,Shamela0000137,417,125,811,157,20
1432,838,1376,Sham19Y0148271,166,767,1054,187,44
1432,838,1376,Sham19Y0013605,858,613,879,160,38
1432,838,1329,Sham19Y0017442,67,715,958,145,37
1432,1233,1376,Sham19Y0017442,262,669,813,111,97
1433,1019,1174,Sham19Y0020944,684,33,206,111,76
1433,1061,1174,Shamela0004445,1793,1,100,75,84
1433,1019,1170,Sham19Y0145166,314,999,1136,96,77
1433,1019,1174,Sham19Y0016584,504,813,966,114,92
1433,1019,1132,Shamela0008176,4100,1419,1530,83,88
1433,1019,1174,JK000977,1291,964,1118,112,89
1433,1019,1174,JK000110,98,1010,1163,114,92
1433,1019,1174,Sham19Y0016636,789,690,851,122,95
1433,1019,1170,Shamela0025794,2141,499,668,112,82
1433,1019,1174,Sham19Y0131521,4239,438,604,111,79
1433,1019,1174,Shamela0021715,888,1087,1240,114,92
1433,1019,1497,Shamela0021715,891,671,1299,192,30
1433,1019,1174,Sham19Y0016684,256,1233,1386,114,92
1433,1019,1174,Shamela0001727,765,18,174,122,98
1433,136,398,Shamela0001727,1028,457,963,63,12
1433,1019,1174,Shamela0026568,365,1313,1470,116,89
1433,1030,1170,Sham19Y0013572,728,363,494,98,89
1433,1019,1174,ShamAY0033910,709,500,653,115,93
1433,1019,1174,Shamela0005756,2272,18,152,99,80
1433,1170,1504,Shamela0005756,2278,216,477,177,64
1433,1019,1174,Sham19Y0023644,1241,1047,1234,111,72
1433,1019,1174,Sham19Y0127677,7354,748,901,115,93
1433,513,1435,Sham19Y0127677,7355,50,554,381,49
1433,1132,1316,Shamela0001673,1581,1152,1492,58,17
1433,1019,1170,Shamela0001673,6222,489,630,102,86
1433,1019,1174,Shamela0117359,731,89,255,108,77
1433,1047,1170,Tafsir02096,1897,1,117,88,90
1433,1019,1170,Sham19Y0014309,661,388,512,95,78
1433,1019,1174,JK000130,710,743,896,115,93
1433,1019,1174,Sham19Y0017903,624,1110,1262,114,92
1433,388,1497,Shia001831Vols,343,712,1303,372,40
1433,1019,1170,Shamela0023628,3205,23,169,109,90
1433,1019,1174,Shamela0023685,387,1043,1200,116,89
1433,1019,1174,Sham19Y0122406,2050,253,409,122,98
1433,1019,1174,Shamela0037837,512,28,258,114,62
1433,1019,1174,Sham19Y0132524,1476,264,423,120,94
1433,1170,1435,Shia001845Vols,395,901,1050,105,49
1433,378,791,Shia001845Vols,395,184,525,200,56
1433,1019,1170,Kraken230110004547,376,856,993,104,83
1433,1019,1174,Sham19Y0018106,438,1167,1320,114,92
1433,1272,1524,Sham19Y0018106,440,244,433,141,67
1433,1069,1174,Sham19Y0018144,1274,1,103,73,90
1433,1019,1174,Sham19Y0018144,1935,767,922,116,91
1433,1019,1170,Shamela0036446,854,217,352,97,82
1433,1019,1174,Sham19Y0018103,562,152,305,114,92
1433,1019,1170,Shamela0025800,2260,1335,1490,118,96
1433,1019,1174,Shamela0096283,50,1004,1159,114,91
1433,1019,1174,Sham19Y0017729,345,118,271,113,92
1433,1019,1170,Zaydiyya0000131,151,861,1014,106,83
1433,1019,1174,Shamela0006617,375,511,644,99,80
1433,1019,1170,ShamAY0034005,1366,1068,1215,110,92
1433,1019,1174,Sham19Y0020638,626,132,289,122,98
1433,136,398,Sham19Y0020638,852,748,1178,62,14
1433,1019,1170,Masaha001864Vols,2985,790,932,102,85
1433,1019,1174,Masaha001864Vols,4539,851,1026,122,88
1433,1019,1174,Shamela0012981,1589,130,283,115,93
1433,1019,1174,JK000475,1120,23,177,115,92
1433,1019,1174,JK000475,1346,259,412,115,93
1433,1019,1174,Shamela0021766,4132,538,686,109,89
1433,1019,1174,Sham19Y0013252,1273,760,913,113,92
1433,1174,1417,Sham19Y0013252,1280,270,477,157,80
1433,592,747,Masaha001946Vols,535,66,213,95,69
1433,1030,1174,Shamela0011036,154,1,143,106,93
1433,1019,1174,Shamela0009242,3452,638,783,109,86
1433,1019,1174,Sham19Y0017616,198,496,652,122,98
1433,1019,1174,Shamela0000041,2388,46,199,114,92
1433,1019,1170,JK007065,774,1090,1242,119,98
1433,1019,1174,Sham19Y0018176,223,631,784,114,92
1433,1019,1164,Sham19Y0013605,859,752,895,106,92
1433,398,1524,Sham19Y0013605,861,1032,1544,383,41
1433,1019,1174,Shia001913Vols,415,175,331,122,98
1434,647,1143,Shamela0005756,2278,652,1105,297,68
1434,718,984,Sham19Y0122406,2052,1,278,193,84
1434,676,984,Sham19Y0123608,835,631,839,142,55
1434,1194,1410,Masaha001864Vols,5312,1414,1630,175,100
1434,1410,1518,Masaha001864Vols,5313,1,110,85,99
1434,102,1227,Sham19Y0013252,1280,524,1503,660,70
1434,1318,1518,Sham19Y0013252,1282,1,191,147,92
1434,804,952,Masaha001946Vols,547,1,151,118,97
1434,1289,1518,Sham19Y0017063,740,1249,1494,157,78
1434,51,617,Sham19Y0013605,862,1,237,163,35
1435,199,938,Sham19Y0013769,1469,481,1273,518,76
1435,129,477,Sham19Y0131521,2892,315,788,220,57
1435,1151,1376,Sham19Y0131521,4243,139,639,128,31
1435,320,880,Shamela0005756,12359,87,571,353,77
1435,1,148,Sham19Y0014309,2108,56,200,107,83
1435,790,1049,Sham19Y0014309,3230,971,1242,208,93
1435,1,514,Shamela0001665,445,1147,1559,238,49
1435,547,1064,Shamela0001665,446,1,474,247,52
1435,445,732,Sham19Y0014827,307,170,375,131,51
1435,368,867,JK000201,1779,956,1457,403,99
1435,57,360,JK000201,1780,169,497,172,63
1435,129,477,Sham19Y0014224,892,1205,1508,177,59
1435,498,790,Sham19Y0014224,893,1,345,167,57
1435,1,1072,Masaha001864Vols,5313,110,1184,867,99
1435,212,1064,Sham19Y0013252,1281,743,1488,573,82
1435,1,174,Sham19Y0013252,1282,191,336,116,82
1435,320,880,Sham19Y0014601,3261,33,511,346,76
1435,57,1049,Sham19Y0017063,741,6,615,421,51
1436,1092,1600,Shia001831Vols,344,209,644,231,47
1436,494,736,Shia001831Vols,344,24,154,98,48
1436,130,791,Sham19Y0018144,1274,275,518,136,24
1436,613,1088,Sham19Y0020638,626,503,1020,177,33
1436,1152,1600,Sham19Y0020638,1709,562,827,184,49
1436,94,725,Sham19Y0013252,1283,573,1306,306,41
1436,530,725,Masaha001946Vols,544,1144,1399,133,62
1436,223,949,Sham19Y0017616,198,802,1183,165,25
1437,235,785,Sham19Y0148486,4632,1165,1492,123,24
1437,824,1104,Sham19Y0148486,5666,257,516,82,23
1437,53,362,JK000977,1293,925,1376,156,34
1437,824,1104,Shamela0025794,2320,651,907,83,23
1437,53,785,Shamela0001727,766,732,1389,189,20
1437,824,1104,Shamela0001727,767,456,704,83,24
1437,53,260,Sham19Y0013572,729,1233,1562,80,22
1437,260,1104,Sham19Y0013572,730,1,978,189,14
1437,79,785,Sham19Y0122406,2055,1,632,166,18
1437,1265,1461,Sham19Y0122406,2056,864,1179,96,34
1437,824,1104,Shamela0001875,1182,1111,1354,80,23
1437,235,362,Sham19Y0018144,1277,650,778,92,84
1437,89,1104,Shamela0025800,3301,1,1324,238,14
1437,53,785,Sham19Y0020638,627,165,822,189,20
1437,136,613,Masaha001946Vols,546,159,471,171,43
1437,235,785,Shamela0013087,326,240,576,124,21
1437,235,785,Sham19Y0146127,2490,611,930,114,23
1437,235,650,Sham19Y0023625,2169,1112,1530,307,87
1437,53,362,JK007065,776,941,1390,160,35
1437,824,1104,JK007065,777,523,765,83,24
1438,576,1357,Shamela0009978,62,316,637,200,32
1438,764,1093,Shamela0004445,1716,760,1217,183,50
1438,576,1357,Shia001432Vols,9075,289,793,199,28
1438,576,1093,Sham19Y0145435,5222,1120,1488,144,27
1438,580,1531,Shamela0003485,334,144,760,233,25
1438,576,1093,Shia002616Vols,5009,896,1337,216,47
1438,576,1093,ShamAY0034073,3937,779,1159,171,33
1438,576,1093,ShamAY0034447,1681,840,1216,140,26
1438,759,1357,JK000791,1847,1123,1420,185,36
1438,759,1093,Shamela0025794,2321,1,506,187,43
1438,576,1357,ShamIbadiyya0000185,3130,43,385,184,28
1438,521,912,Shamela0001727,767,1041,1483,185,41
1438,576,1357,Sham19Y0020868,348,33,355,210,33
1438,526,1538,Sham19Y0013572,658,209,718,256,31
1438,769,1357,Shamela0009795,176,1008,1265,144,29
1438,580,1093,Shamela0012406,682,543,1112,208,37
1438,759,912,Tafsir09084,1940,1213,1435,118,67
1438,759,975,Masaha001961Vols,1027,1038,1298,137,63
1438,576,1538,Sham19Y0017903,630,100,547,247,31
1438,759,1357,Shia002218Vols,759,815,1152,171,31
1438,793,1531,Shia002218Vols,760,42,458,198,27
1438,580,897,ShamAY0034052,1785,1066,1495,112,26
1438,576,1093,ShamAY0034068,2660,653,1095,216,47
1438,576,1538,Sham19Y0122406,2058,152,600,247,31
1438,793,1093,Shamela0008473,3827,61,423,165,56
1438,510,975,Sham19Y0132524,1481,893,1222,187,49
1438,484,1093,Shamela0001875,1181,730,1297,239,43
1438,793,1357,Kraken230110004547,649,1104,1293,126,28
1438,576,1357,Sham19Y0018144,1272,870,1244,205,30
1438,526,975,Shamela0025800,3297,1162,1495,176,47
1438,576,1357,Shamela0023578,2503,840,1178,183,28
1438,793,1357,ShamIbadiyya0000773,1562,397,583,110,25
1438,576,1538,Sham19Y0020638,629,675,1124,246,31
1438,793,1357,JK000475,1686,33,262,146,31
1438,759,1538,Shia001976Vols,680,20,460,202,30
1438,759,1093,Rafed0001792Vols,3808,501,871,134,32
1438,576,975,Shamela0021766,3590,1184,1461,160,49
1438,769,975,Masaha001946Vols,446,973,1196,127,68
1438,590,912,Masaha001946Vols,447,825,1110,163,62
1438,764,975,Shamela0011036,150,1262,1528,132,59
1438,580,1531,JK000747,18,441,1138,205,19
1438,576,1093,Shamela0000041,2070,598,1035,216,47
1438,580,1093,Sham19Y0020891,4941,744,1350,140,20
1438,576,1093,JK007065,731,912,1355,169,30
1438,793,1357,Tafsir06049,5351,720,957,152,33
1438,576,1093,Sham19Y0148271,206,35,576,167,26
1438,759,1093,Rafed0003902Vols,3782,777,1168,118,26
1438,818,1548,Shamela0010517,592,1,501,297,44
1438,576,1548,Shamela0010517,782,49,570,347,44
1438,539,1538,Shia001913Vols,420,719,1288,217,23
1439,117,513,Shamela0004445,1716,999,1365,143,36
1439,321,513,Sham19Y0145435,5223,19,222,93,51
1439,141,385,Shamela0002247,149,1075,1221,103,49
1439,117,385,Shamela0003485,127,1275,1495,118,44
1439,1148,1376,Shamela0008176,7489,213,457,152,77
1439,1241,1376,Shamela0008176,7490,183,337,105,86
1439,117,699,Shia002616Vols,5009,1138,1503,199,38
1439,1148,1376,Tafsir09085,599,83,304,165,89
1439,1148,1380,JK009242,181,949,1209,177,86
1439,117,513,Shamela0025794,2321,300,752,146,31
1439,117,513,Shamela0001727,768,21,379,162,42
1439,1148,1376,Shamela0001727,769,1156,1395,178,94
1439,1148,1376,Sham19Y0133367,215,712,910,153,85
1439,1151,1380,Shamela0026568,598,606,835,135,68
1439,802,978,Shamela0026568,629,1162,1341,120,83
1439,1159,1278,Sham19Y0013572,655,1316,1438,85,86
1439,117,513,Tafsir09084,1941,1,376,144,34
1439,117,513,Sham19Y0017903,630,342,700,161,41
1439,117,699,Shia002218Vols,760,187,506,123,23
1439,141,513,Shamela0023628,2852,1128,1401,143,44
1439,117,513,ShamAY0034068,2660,901,1253,157,41
1439,1148,1363,Shamela0005815,46,926,1151,166,93
1439,1151,1380,Shamela0023685,688,602,831,135,68
1439,802,978,Shamela0023685,719,1315,1484,130,91
1439,117,513,Sham19Y0122406,2058,394,752,162,42
1439,1148,1376,Sham19Y0122406,2060,920,1159,178,94
1439,1151,1376,Sham19Y0145212,3651,852,1092,151,77
1439,1148,1380,Sham19Y0122187,824,450,702,173,87
1439,117,513,Shamela0008473,3827,216,572,144,35
1439,117,513,Sham19Y0132524,1482,717,1074,160,41
1439,1148,1376,Sham19Y0132524,1484,860,1099,178,94
1439,79,321,Shia001845Vols,380,155,329,131,65
1439,1151,1380,Sham19Y0038171,1431,778,1006,132,67
1439,117,401,Shamela0001875,1181,1090,1333,132,47
1439,1148,1376,Shamela0001875,1186,22,261,169,88
1439,1155,1363,Shamela0025800,390,633,844,163,97
1439,141,513,Shamela0025800,3298,51,325,145,44
1439,1164,1346,Sham19Y0017791,2051,1267,1474,128,77
1439,1174,1376,Sham19Y0017791,2052,502,791,145,64
1439,1109,1376,Shamela0000170,1069,97,355,177,75
1439,1155,1363,Sham19Y0150960,1377,1127,1338,163,97
1439,117,513,Sham19Y0020638,629,916,1277,160,41
1439,1148,1376,Sham19Y0020638,631,427,666,178,94
1439,1151,1380,Shamela0009873,2002,12,255,171,89
1439,1164,1337,Shamela0009873,2054,1,263,121,58
1439,1164,1376,Sham19Y0016976,1865,817,1053,150,79
1439,1151,1363,Shamela0006700,467,1158,1369,166,99
1439,1148,1376,Sham19Y0017616,202,10,238,175,95
1439,117,513,Shamela0000041,2070,841,1194,158,41
1439,1148,1376,Shamela0000782,1092,876,1107,175,94
1439,117,513,Shamela0037458,3369,385,728,143,36
1439,739,983,Sham19Y0023625,2169,1,439,167,45
1439,1155,1376,JK007065,729,11,231,166,93
1439,117,401,JK007065,731,1161,1391,129,47
1439,1151,1376,Sham19Y0122257,3368,262,506,153,78
1439,141,385,Shia002669,664,298,444,103,49
1439,1164,1376,Sham19Y0014119,650,750,986,153,82
1439,1155,1376,Sham19Y0017063,1561,1054,1297,155,81
1439,141,699,Sham19Y0148271,206,347,1059,200,26
1439,1151,1376,Shamela0010803,324,1161,1401,174,92
1439,117,389,Rafed0003902Vols,3782,1035,1268,112,41
1439,1151,1376,Shamela0008360,909,1182,1422,151,77
1439,1,136,Shamela0010517,592,501,636,109,100
1439,117,513,Shia001913Vols,420,1074,1440,161,40
1440,905,1111,JK010656,16,116,316,146,84
1440,298,884,Tafsir09085,599,435,1071,165,22
1440,274,689,JK001036,50,1201,1418,134,38
1440,298,689,Shamela0001727,770,49,226,129,40
1440,274,689,Sham19Y0013572,656,120,376,137,35
1440,274,689,Shamela0036543,251,170,386,142,40
1440,918,1128,JK000201,1754,440,669,146,73
1440,274,689,Sham19Y0132524,1484,1121,1381,146,38
1440,263,689,Shamela0001875,1186,271,544,148,37
1440,1138,1543,ShamAY0033531,2667,1138,1578,297,79
1440,1138,1551,ShamAY0033531,3850,810,1258,304,80
1440,263,689,Sham19Y0018144,1270,711,992,140,34
1440,298,689,Shamela0025800,390,860,1023,120,38
1440,263,689,Shamela0000170,1069,365,663,142,34
1440,298,689,Sham19Y0020638,631,792,977,127,39
1440,298,689,Sham19Y0017616,202,364,541,129,40
1440,274,689,Shamela0000782,1092,1129,1401,145,37
1440,279,689,JK007065,729,253,507,135,35
1440,298,689,Shamela0010803,325,67,243,129,40
1440,298,689,Shia001913Vols,422,252,429,129,40
1441,639,856,JK001012,201,1081,1342,81,35
1441,143,676,Shamela0008176,4103,718,1182,188,37
1441,154,520,Sham19Y0017747,1584,525,838,186,62
1441,1,149,Shamela0002569,355,304,454,119,97
1441,209,520,Shamela0021590,1028,581,839,173,67
1441,639,1010,Shamela0001727,771,931,1444,112,19
1441,658,1166,Sham19Y0013572,583,807,1380,140,23
1441,658,861,Shamela0001673,7686,257,381,60,38
1441,658,903,Shamela0004473,15298,606,904,196,81
1441,910,1453,Shia001831Vols,344,1353,1605,154,34
1441,154,520,Zaydiyya0000059,1106,765,1086,189,61
1441,1,634,ShamAY0033531,2668,9,644,504,99
1441,1,321,ShamAY0033531,3850,1258,1580,256,99
1441,321,634,ShamAY0033531,3851,1,314,248,100
1441,639,1272,Sham19Y0017729,346,969,1315,193,36
1441,1283,1513,Sham19Y0018272,173,1,233,186,96
1441,643,1023,Shamela0011036,1767,296,896,104,18
1441,917,1518,Shamela0011036,1777,694,1509,248,31
1441,1,639,Sham19Y0023625,1859,436,1014,314,55
1441,149,682,Sham19Y0122257,1941,843,1279,297,70
1442,1021,1291,ShamIbadiyya0000438,379,1412,1541,80,36
1442,1206,1423,Sham19Y0017747,1588,222,429,170,94
1442,183,657,Sham19Y0017747,1589,9,471,252,55
1442,1026,1248,Sham19Y0127677,7865,1332,1541,165,90
1442,1253,1581,Sham19Y0127677,7866,15,377,221,70
1442,740,893,Shamela0004473,15304,1060,1213,124,100
1442,1216,1369,Shia001831Vols,345,67,237,128,90
1442,1223,1395,Shamela0000140,599,1452,1589,113,79
1442,1026,1382,ShamAY0033522,462,827,1493,219,38
1442,1223,1409,Zaydiyya0000059,1106,458,649,149,92
1442,8,657,ShamAY0033531,2668,824,1331,230,38
1442,8,657,ShamAY0033531,3851,494,1001,230,38
1442,1223,1403,Sham19Y0018272,1336,392,572,149,100
1442,479,800,Shamela0011036,1778,28,731,207,35
1442,215,420,Shamela0011036,1779,1143,1360,143,80
1442,1070,1378,Sham19Y0020590,233,838,1203,159,42
1442,130,1026,Sham19Y0023625,1860,1,837,480,56
1442,1016,1409,Sham19Y0122257,1942,170,717,139,30
1443,246,754,Sham19Y0017350,898,356,1162,304,41
1443,813,1520,Sham19Y0017350,899,14,693,424,67
1443,1007,1574,Sham19Y0013769,1453,346,1207,283,37
1443,218,924,Sham19Y0131521,3282,176,684,250,36
1443,578,1023,Shamela0021715,8208,201,792,180,34
1443,718,1030,Shia001831Vols,345,289,520,170,66
1443,225,1061,ShamAY0033522,453,716,1202,331,49
1443,392,667,Shamela0009702,294,36,265,134,56
1443,225,681,Sham19Y0127713,1056,581,854,184,50
1443,225,609,Sham19Y0014224,879,1115,1557,172,38
1443,675,948,Sham19Y0020638,1710,883,1038,112,51
1443,832,1574,Shamela0011036,1799,220,1305,542,59
1443,808,1105,Sham19Y0017063,761,11,372,201,65
1443,832,1509,Shamela0000791,328,464,992,420,75
1444,852,1030,JK007083,190,510,705,134,87
1444,440,599,Shamela0007891,752,52,211,123,95
1444,847,1038,Shia004672,158,38,251,146,86
1444,440,599,Sham19Y0017350,901,569,737,122,92
1444,843,969,Sham19Y0013667,4229,158,500,91,32
1444,440,599,Sham19Y0013769,1461,357,716,126,44
1444,424,599,Sham19Y0016584,4199,1223,1403,126,86
1444,852,1030,Sham19Y0148486,4442,580,731,114,81
1444,406,825,Sham19Y0032381,162,1020,1372,71,13
1444,847,1030,Shamela0003485,9,625,815,125,81
1444,847,1030,Shamela0006610,791,682,892,113,66
1444,852,1030,Shia002616Vols,935,217,414,140,89
1444,852,1030,JK006897,434,254,451,134,86
1444,424,614,JK000110,1674,934,1122,127,80
1444,424,603,Shamela0021715,9588,1122,1309,129,85
1444,488,965,Shamela0001727,775,1,724,238,34
1444,852,1030,Shamela0000432,5492,291,515,135,76
1444,847,1030,Sham19Y0014442,1406,772,955,128,84
1444,415,603,JK001236,216,318,544,135,74
1444,459,599,Shamela0005756,14065,1,142,108,93
1444,415,599,Sham19Y0127677,15185,372,545,122,79
1444,440,599,Shamela0022645,1030,555,716,121,92
1444,877,1030,Shamela0012884,642,1,148,97,77
1444,415,599,Sham19Y0023590,3569,780,959,127,82
1444,415,599,Tafsir09084,1412,1365,1544,127,82
1444,440,599,Shamela0001665,443,1262,1423,121,92
1444,440,614,Sham19Y0017903,633,1201,1374,122,86
1444,852,1030,Sham19Y0017903,634,1041,1218,133,95
1444,852,1030,Sham19Y0013253,457,1241,1432,134,89
1444,580,1178,Shia001831Vols,345,520,846,236,49
1444,883,1038,Shamela0021713,1190,1,180,117,83
1444,440,770,JK000940,186,145,406,169,58
1444,883,1030,Shia002218Vols,93,678,1155,115,30
1444,929,1526,JK000201,3671,170,718,344,65
1444,435,965,Sham19Y0122406,2070,400,1021,347,65
1444,883,1030,Shamela0008635,25,1119,1337,82,48
1444,847,1439,Sham19Y0145212,2095,272,840,151,22
1444,440,599,Shamela0037837,126,1213,1378,121,90
1444,440,599,Shamela0008473,700,730,892,121,92
1444,415,599,Shamela0008473,2871,1266,1444,127,82
1444,869,1226,Sham19Y0132524,1489,604,808,102,35
1444,480,752,Sham19Y0132524,1491,1,493,176,43
1444,847,1030,Shamela0001875,1198,295,512,137,80
1444,1182,1526,ShamAY0033531,1671,552,912,104,22
1444,424,599,Sham19Y0018106,3797,356,536,126,86
1444,440,965,Sham19Y0018144,1296,152,1003,193,23
1444,847,1030,Shamela0012579,2605,30,205,117,75
1444,424,670,Sham19Y0018103,3740,929,1150,136,69
1444,241,594,Shamela0005772,199,16,330,154,53
1444,428,599,Sham19Y0017791,795,441,617,128,90
1444,852,1445,Sham19Y0017791,1047,648,1049,142,26
1444,847,1030,Sham19Y0017729,348,1083,1269,137,93
1444,440,614,Sham19Y0017729,348,166,337,124,88
1444,440,599,Sham19Y0150600,638,1241,1403,121,92
1444,7,233,Sham19Y0014224,883,104,265,93,48
1444,1178,1439,Sham19Y0018272,582,1212,1486,202,93
1444,777,1030,Sham19Y0023618,2223,88,418,170,60
1444,847,1030,ShamAY0034054,376,1311,1490,129,87
1444,440,1030,Sham19Y0020638,636,636,1202,278,50
1444,852,1030,Shamela0006848,39,405,630,106,53
1444,424,599,Sham19Y0013252,9363,428,608,126,86
1444,807,965,Sham19Y0016555,738,1,319,124,48
1444,847,1030,Sham19Y0146127,2389,614,768,116,80
1444,233,395,Shamela0011036,1798,1088,1263,121,82
1444,1,241,Shamela0011036,1799,1305,1567,176,82
1444,428,603,Sham19Y0016976,803,504,684,127,88
1444,847,1030,Shamela0023623,392,398,575,132,89
1444,847,1030,Shamela0009242,2844,701,915,113,64
1444,238,965,Sham19Y0017616,203,386,937,268,38
1444,1030,1226,ShamAY0035249,163,1326,1522,158,100
1444,1226,1526,ShamAY0035249,164,1,301,240,100
1444,440,599,ShamAY0035249,174,1359,1518,123,95
1444,852,1030,ShamAY0035220,747,145,652,108,26
1444,440,603,JK007065,385,216,381,121,91
1444,440,599,Sham19Y0011194,357,806,967,121,92
1444,424,614,Sham19Y0018176,2268,582,770,127,80
1444,428,603,Sham19Y0014119,272,770,950,128,88
1444,428,752,Sham19Y0017063,539,471,877,239,73
1444,852,1518,Sham19Y0017063,732,750,1304,312,48
1444,847,1226,Rafed0003902Vols,619,834,1535,175,27
1444,424,614,Sham19Y0013605,4458,858,1046,127,80
1445,699,1529,Sham19Y0017747,1540,28,893,630,89
1445,718,1011,Sham19Y0014299,408,181,476,225,89
1445,1163,1529,Sham19Y0131521,6413,548,884,260,88
1445,865,1535,Shamela0021590,1002,1,638,475,86
1445,618,1234,Sham19Y0035453,172,11,622,280,43
1445,333,613,Sham19Y0014309,1991,232,425,121,52
1445,1,155,JK000201,3671,718,889,118,84
1445,281,807,Sham19Y0132524,1492,597,891,158,33
1445,1057,1327,ShamAY0033531,1679,1185,1466,139,58
1445,713,1107,Shamela0011468BK1,2410,1106,1361,131,39
1445,807,1062,Shamela0009242,2839,985,1244,147,62
1445,1057,1506,Shamela0009242,2840,186,842,281,51
1445,292,637,Sham19Y0020590,229,263,642,197,58
1445,1,155,ShamAY0035249,164,301,455,120,98
1445,618,1403,Sham19Y0122257,1931,520,1188,352,47
1445,718,1004,Sham19Y0017063,735,184,463,187,77
1445,749,1506,Shamela0010517,2208,1,587,458,76
1445,708,1239,Shamela0010517,2299,1,499,207,36
1446,926,1236,Sham19Y0013667,4198,243,478,109,40
1446,1196,1517,ShamIbadiyya0000438,633,478,756,199,75
1446,56,472,Sham19Y0013769,1545,777,1165,236,58
1446,1,219,Sham19Y0013769,1545,81,254,106,58
1446,910,1236,Sham19Y0148486,5662,1242,1512,106,29
1446,104,472,Shamela0008176,4070,13,300,204,68
1446,1236,1493,Shamela0008176,4072,1294,1482,144,71
1446,4,128,Sham19Y0131521,3048,66,430,86,30
1446,1268,1393,Sham19Y0131521,3052,1165,1311,75,63
1446,23,472,Shamela0021715,8133,162,643,231,53
1446,4,472,Shamela0021715,9895,846,1189,257,68
1446,926,1236,Shamela0001727,777,314,565,122,39
1446,926,1236,JK006838,816,188,407,105,41
1446,1236,1472,Sham19Y0122401,1221,12,226,161,85
1446,4,605,Shia002702Vols,11475,970,1519,390,75
1446,1236,1332,Shamela0005756,7452,1232,1329,75,98
1446,910,1236,Shamela0005756,7453,1179,1450,128,39
1446,926,1236,Shamela0000894,6147,1237,1488,122,39
1446,926,1236,Shamela0035100,138,1051,1241,123,48
1446,910,1236,Sham19Y0017903,636,317,585,103,28
1446,812,1472,ShamAY0033522,487,417,797,265,50
1446,926,1236,Shamela0010906,323,408,598,123,48
1446,926,1236,Sham19Y0122406,2074,89,338,122,39
1446,1160,1399,ShamAY0033531,1677,7,196,131,70
1446,926,1236,Sham19Y0018144,1308,264,515,122,39
1446,472,627,Sham19Y0018144,5067,1146,1301,120,98
1446,1141,1487,Sham19Y0014224,946,484,905,154,40
1446,4,219,Sham19Y0014224,946,198,478,103,42
1446,926,1236,ShamAY0034005,620,883,1134,122,39
1446,926,1236,Sham19Y0020638,637,625,883,122,39
1446,926,1236,JK000475,1017,599,850,122,39
1446,1141,1399,Shamela0009873,1318,37,552,121,27
1446,68,467,Sham19Y0013252,7776,134,313,119,38
1446,910,1236,Sham19Y0146127,3102,596,838,128,44
1446,237,472,Shamela0021598,5803,518,742,166,87
1446,926,1236,Masaha002308Vols,463,900,1151,122,39
1446,921,1517,ShamAY0035249,201,25,616,469,98
1446,1136,1517,ShamAY0035249,205,422,798,294,97
1446,472,600,ShamAY0035220,989,709,839,100,97
1446,1,472,Sham19Y0122257,1928,686,1037,255,67
1446,1160,1380,Sham19Y0017063,733,849,1054,111,52
1446,926,1236,JK011499,63,973,1186,106,42
1446,62,796,Shamela0000791,327,1,685,537,90
1446,910,1236,Shamela0008210,49,874,1130,127,43
1447,1,408,ShamIbadiyya0000438,633,756,943,98,30
1447,756,1198,Shamela0000767,3667,226,495,139,37
1447,1044,1198,Shamela0003485,286,1220,1400,111,79
1447,1044,1339,Shamela0006610,835,785,1106,155,62
1447,819,1198,Sham19Y0019188,3759,1103,1288,118,36
1447,819,1198,Sham19Y0019188,4648,1093,1278,118,36
1447,819,1198,Sham19Y0018337,256,471,614,103,34
1447,819,1289,Sham19Y0017747,1773,416,663,140,36
1447,819,1198,JK000977,1312,506,714,118,35
1447,815,1198,Shia002616Vols,3699,625,814,123,38
1447,802,1528,Shia002616Vols,7148,438,916,298,49
1447,1055,1289,Sham19Y0014591,2297,1132,1371,127,63
1447,819,1198,Shamela0025794,5268,760,968,120,35
1447,166,408,Sham19Y0131521,3051,1,164,115,58
1447,305,631,Sham19Y0131521,3052,596,1062,177,46
1447,1044,1198,JK007128,343,1249,1408,116,93
1447,636,1198,Shamela0001727,780,335,773,171,31
1447,1044,1195,Shamela0000432,5451,1344,1557,115,69
1447,815,1198,Shamela0010664,1259,389,601,123,36
1447,746,1134,Sham19Y0127677,9192,24,338,102,24
1447,1048,1198,JK007049,7,989,1172,117,81
1447,815,1289,Sham19Y0017903,633,362,631,141,36
1447,776,1353,Sham19Y0013253,459,455,880,195,38
1447,337,930,Shia001831Vols,345,1131,1284,124,25
1447,1044,1198,Shamela0036543,1163,1067,1262,117,77
1447,815,1198,Shamela0021713,1373,1144,1331,123,38
1447,819,1289,Shamela0021713,1783,476,722,141,37
1447,746,1289,Sham19Y0132524,1499,1001,1290,123,26
1447,815,1289,Shamela0001875,1177,104,346,142,37
1447,815,1198,Sham19Y0037618,2507,565,723,123,41
1447,1279,1528,ShamAY0033531,1666,1166,1460,168,69
1447,1044,1198,Kraken230110004547,347,353,554,112,72
1447,1055,1198,Sham19Y0018144,1312,350,854,103,26
1447,815,1198,Sham19Y0019230,397,817,1007,120,37
1447,815,1198,Sham19Y0019230,896,877,1065,123,38
1447,1346,1528,Sham19Y0019230,925,59,242,146,99
1447,1044,1293,Shamela0036446,524,851,1098,131,61
1447,1044,1198,Shamela0025800,2148,149,350,111,71
1447,815,1198,Sham19Y0017729,347,839,1026,123,38
1447,815,1198,Shia003732Vols,4006,1251,1438,123,38
1447,1048,1198,ShamAY0034005,667,1053,1239,113,78
1447,815,1289,Sham19Y0020638,639,73,356,146,37
1447,1048,1198,Shamela0012981,1139,488,666,111,78
1447,819,1198,Shamela0012981,1422,1149,1331,113,35
1447,819,1198,Shamela0008463,4325,1053,1239,119,37
1447,819,1198,Shamela0008463,6029,888,1077,117,36
1447,1044,1339,Shamela0009242,2996,1220,1513,153,61
1447,636,1198,Sham19Y0017616,204,776,1375,168,26
1447,1211,1499,Sham19Y0017616,589,398,641,167,64
1447,1,310,ShamAY0035249,201,616,928,255,98
1447,1,310,ShamAY0035249,205,798,1110,255,98
1447,1044,1289,JK007065,274,80,352,138,64
1447,819,1289,Sham19Y0011194,153,81,328,139,34
1447,815,1198,Sham19Y0017798,2186,118,305,123,38
1447,1,219,Sham19Y0014601,3417,1362,1492,104,56
1447,18,408,Sham19Y0017063,733,1113,1311,140,43
1447,1115,1260,Sham19Y0017063,779,1,303,95,37
1447,1063,1289,Sham19Y0022884,233,1,180,123,70
1448,1,347,Shia002616Vols,7148,916,1265,273,97
1448,59,565,Sham19Y0131521,3026,205,839,285,54
1448,736,1309,Sham19Y0122401,1227,755,1056,219,46
1448,17,255,Shia001831Vols,346,1,186,143,75
1448,1236,1579,JK000201,2791,1011,1460,126,27
1448,949,1199,Sham19Y0122406,2083,852,1045,131,67
1448,103,347,ShamAY0033531,1667,1,245,194,99
1448,1,347,Sham19Y0019230,925,242,585,275,98
1448,182,631,Sham19Y0017063,779,376,720,219,55
1449,289,577,ShamIbadiyya0000438,628,276,559,168,66
1449,1,850,Sham19Y0017747,1550,319,1200,465,54
1449,554,749,Sham19Y0131521,5306,1280,1479,155,96
1449,419,554,ShamIbadiyya0000433,777,46,184,104,90
1449,874,1408,Sham19Y0013253,460,509,1000,161,28
1449,144,681,JK000201,2792,1,936,417,55
1449,888,1117,Shamela0009702,1123,300,521,149,75
1449,1,409,Zaydiyya0000407,274,973,1158,137,42
1449,657,1277,ShamAY0035220,988,774,1134,137,26
1449,554,749,Sham19Y0014601,5204,917,1117,155,96
1449,162,1117,Sham19Y0017063,734,801,1514,518,64
1450,1,399,Sham19Y0013769,1553,6,438,168,41
1450,1335,1652,Sham19Y0013769,1554,324,693,228,71
1450,670,932,Shamela0008176,4044,1186,1395,164,75
1450,22,347,Sham19Y0017747,1783,1173,1453,176,61
1450,940,1539,Shamela0005756,8385,1201,1620,307,59
1450,29,220,Shamela0005756,8387,394,588,144,86
1450,590,1407,Shamela0005756,12389,161,767,404,57
1450,617,932,JK000201,1816,184,506,250,94
1450,17,289,Shamela0003565,6181,993,1270,194,85
1450,50,289,JK000168,115,27,251,166,83
1450,670,932,ShamAY0033531,1588,630,832,159,73
1450,22,399,Sham19Y0014224,953,412,756,243,76
1450,307,1021,Sham19Y0014224,954,1044,1533,371,61
1450,1021,1652,Sham19Y0014224,955,1,659,476,84
1450,590,1407,Sham19Y0013252,7564,713,1495,554,76
1450,17,279,Shamela0021598,5925,1101,1440,203,72
1450,670,932,Sham19Y0122257,1917,418,627,164,75
1450,560,1327,Shamela0000791,331,827,1592,589,90
1450,1327,1604,Shamela0000791,332,1,272,223,97
1450,1058,1283,Shamela0010517,2366,509,711,167,89
1451,219,627,Shamela0007891,1417,1342,1513,127,39
1451,511,641,Sham19Y0123510,878,14,145,98,94
1451,219,599,Shamela0012415,527,856,1464,74,11
1451,511,719,Shamela0021495,362,1100,1286,105,53
1451,219,635,Shamela0026542,28,198,353,114,34
1451,394,949,Sham19Y0013769,1555,967,1337,170,35
1451,1350,1485,Sham19Y0013769,1556,1,123,97,88
1451,495,635,Sham19Y0148486,4385,38,168,102,91
1451,219,635,Sham19Y0148486,4897,288,467,135,41
1451,219,566,Shamela0005733,14,1344,1461,82,29
1451,495,719,Shamela0028107,502,1223,1432,124,66
1451,219,635,JK000110,644,266,442,127,38
1451,219,635,Shamela0002863,1861,705,889,134,40
1451,219,635,Shamela0025794,4858,1266,1453,137,41
1451,492,849,Sham19Y0131521,2898,16,264,165,54
1451,219,635,Shamela0021715,4263,608,784,126,38
1451,219,580,Shamela0001727,781,1292,1422,93,32
1451,635,1496,Shamela0005756,8382,481,1449,612,71
1451,28,635,Shamela0005756,8386,82,796,273,41
1451,219,635,Sham19Y0127677,15290,80,256,127,38
1451,219,635,ShamAY0038083,178,621,811,137,40
1451,219,635,JK000130,695,208,384,124,37
1451,219,635,ShamAY0034050,231,1296,1480,134,40
1451,219,635,ShamAY0033522,491,928,1115,137,41
1451,219,635,Sham19Y0122406,2084,479,664,137,41
1451,219,755,JK009324,2599,354,627,149,35
1451,219,635,Sham19Y0016934,6758,1177,1358,136,41
1451,495,635,Shamela0012399,2450,1016,1257,102,51
1451,506,635,Shamela0010765,418,291,427,98,87
1451,219,849,Sham19Y0132524,1503,737,1282,205,29
1451,219,635,Shamela0001875,1253,80,265,138,41
1451,219,635,Sham19Y0018106,1877,927,1103,127,38
1451,219,641,Sham19Y0018144,1314,303,494,137,40
1451,219,635,Shamela0095590,960,160,360,137,39
1451,219,635,Sham19Y0036114,459,1089,1278,131,38
1451,219,635,Shamela0025800,3329,80,266,137,41
1451,219,635,Shamela0096283,374,693,835,100,30
1451,219,635,Sham19Y0014462,115,188,375,137,41
1451,1,238,Sham19Y0014224,955,659,943,180,77
1451,219,635,ShamAY0035950,397,224,404,135,41
1451,219,635,Sham19Y0131336,1370,136,316,135,41
1451,495,719,Sham19Y0006684,2271,1,210,124,66
1451,506,635,Shia000895Vols,959,1022,1158,98,87
1451,219,635,Sham19Y0020638,639,1207,1393,137,41
1451,219,635,JK000475,1095,936,1125,133,39
1451,219,635,Shia000820Vols,2128,477,661,134,40
1451,219,635,Sham19Y0013252,4756,1234,1410,127,38
1451,1067,1485,Sham19Y0013252,4759,1,386,228,60
1451,1,203,Sham19Y0013252,7565,256,443,139,85
1451,219,661,Shamela0021479,144,721,934,144,39
1451,219,635,Shamela0000551,2048,1125,1312,137,41
1451,219,635,Shamela0013032,62,1156,1301,109,32
1451,219,719,Sham19Y0017616,217,1122,1387,162,40
1451,511,635,Sham19Y0013241,1435,1195,1320,97,97
1451,219,635,Shia002119Vols,2386,1249,1436,137,41
1451,511,614,JK007065,1314,1336,1439,80,98
1451,219,635,Sham19Y0018176,1001,11,187,127,38
1451,661,894,Sham19Y0014601,6703,1003,1198,137,72
1451,472,635,Sham19Y0017063,725,6,158,112,87
1451,440,1076,Shamela0000791,330,973,1566,417,79
1451,1076,1485,Shamela0000791,331,1,410,324,98
1451,28,219,Shamela0000791,332,272,457,141,92
1451,219,635,Sham19Y0013605,2384,540,716,127,38
1451,219,635,Shia001913Vols,249,474,684,132,37
1452,1,176,Shamela0000427BK2,3013,205,419,105,59
1452,538,878,Shia001831Vols,346,621,817,134,49
1452,449,632,Shia001845Vols,384,950,1106,125,84
1452,214,338,ShamAY0033531,1591,1,125,100,100
1452,1,346,Shamela0000791,331,472,816,275,99
1453,525,742,Shamela0021495,359,829,993,119,65
1453,1147,1405,Sham19Y0013769,1430,478,718,142,61
1453,1147,1411,Sham19Y0017437,1258,1041,1234,123,55
1453,603,1053,Sham19Y0127677,9390,423,605,104,30
1453,1147,1428,Shamela0001665,438,62,304,157,67
1453,576,1053,Sham19Y0017903,646,406,603,112,31
1453,525,964,Shia001831Vols,346,817,1046,153,42
1453,576,1053,Sham19Y0017729,355,1077,1275,113,31
1453,907,1441,Sham19Y0014224,865,1031,1467,255,52
1453,576,1053,Sham19Y0020638,641,414,610,110,30
1453,1,1531,Masaha001864Vols,4533,249,1310,841,67
1453,1053,1416,Masaha001864Vols,5312,387,760,291,96
1453,576,1053,Sham19Y0017616,218,655,851,110,30
1454,1240,1520,Shamela0000894,3928,1139,1374,164,73
1454,1060,1234,Shamela0005922,2491,1019,1388,103,33
1454,1086,1373,Shamela0021713,1665,458,779,214,82
1454,1086,1493,Shamela0001875,1255,547,1175,73,10
1454,26,328,Sham19Y0014224,866,1177,1524,206,73
1454,1086,1373,Sham19Y0020638,642,22,552,199,43
1454,1,223,Masaha001864Vols,4533,1310,1532,175,99
1454,223,1081,Masaha001864Vols,4534,1,840,660,94
1454,1086,1377,Shamela0009690,940,566,930,196,66
1454,1086,1373,ShamIbadiyya0000109,2465,102,493,184,53
1455,1240,1463,Sham19Y0020561,1617,725,945,174,98
1455,13,405,Shamela0008176,4048,865,1252,296,91
1455,1,440,Sham19Y0017747,1795,854,1311,337,88
1455,1,158,ShamAY0001226,256,1151,1307,115,92
1455,593,778,Sham19Y0131521,2908,1192,1378,145,88
1455,13,474,Shamela0021590,1137,970,1469,290,67
1455,931,1152,Shia002702Vols,1859,491,657,131,70
1455,554,863,Shamela0005756,8388,930,1299,240,79
1455,6,169,Shamela0000894,3928,1374,1552,130,90
1455,13,196,Shamela0005922,2491,707,875,127,86
1455,1,223,Sham19Y0147104,1677,519,741,176,99
1455,599,759,JK011225,182,607,758,110,76
1455,1240,1452,Sham19Y0014827,298,148,451,130,48
1455,13,322,Sham19Y0014827,721,186,482,188,70
1455,593,759,ShamAY0033181,773,712,861,116,80
1455,13,175,JK000201,1819,1387,1549,129,98
1455,175,981,JK000201,1820,1,823,580,78
1455,13,832,ShamAY0033531,1597,502,1262,435,57
1455,485,767,Sham19Y0018272,2234,1251,1532,232,99
1455,767,1046,Sham19Y0018272,2235,1,303,225,90
1455,223,405,Shamela0021598,5937,491,638,119,80
1455,13,223,Sham19Y0017616,592,142,351,155,90
1455,6,624,Sham19Y0020590,247,748,1279,378,72
1455,13,223,Sham19Y0011194,375,433,643,166,99
1455,13,279,Sham19Y0122257,1920,1,229,158,75
1455,13,468,Sham19Y0017063,726,93,494,323,87
1455,492,981,Shamela0000791,329,629,1081,256,49
1456,1041,1346,Sham19Y0013769,1559,663,947,170,63
1456,1227,1352,Sham19Y0020583,794,673,847,81,59
1456,587,1165,Kraken220413030759,372,906,1482,453,95
1456,1200,1346,Shamela0005756,12366,1274,1423,110,87
1456,730,1130,Shamela0005756,12367,1,434,221,56
1456,1200,1352,Sham19Y0127713,1115,417,612,93,59
1456,1101,1346,ShamAY0033531,1595,740,945,116,60
1456,1196,1346,Sham19Y0018106,3276,1343,1472,88,72
1456,1196,1346,Sham19Y0018103,3154,674,799,89,73
1456,1196,1346,ShamAY0035961,364,1031,1153,82,71
1456,1196,1346,Shamela0011036,1844,818,978,114,85
1456,1227,1352,Shamela0000551,2063,430,591,80,63
1456,1189,1346,Shamela0000791,329,1225,1399,125,89
1456,749,1189,Shamela0000791,330,1,509,322,74
1456,1200,1346,Sham19Y0013605,3770,921,1048,91,75
1457,1092,1299,Sham19Y0020944,465,133,348,165,95
1457,1092,1299,Shamela0007891,1544,920,1131,158,87
1457,1016,1299,Shamela0000767,3478,845,1105,169,70
1457,1123,1299,Shamela0000767,4016,1110,1310,126,76
1457,1092,1299,Sham19Y0148486,4400,1018,1226,160,96
1457,1129,1299,Shamela0003485,286,491,729,129,65
1457,1016,1478,Shamela0006610,776,194,680,206,39
1457,1153,1478,Sham19Y0145410,603,1,300,149,51
1457,1092,1304,Sham19Y0019188,3909,211,424,160,93
1457,1016,1299,Shamela0008176,4051,536,794,169,74
1457,1016,1283,Sham19Y0017747,1773,71,314,156,70
1457,1016,1486,Shia002616Vols,1694,1050,1466,216,55
1457,1092,1299,Shamela0001719,574,196,395,159,94
1457,1176,1299,Shia000841Vols,8840,763,897,92,80
1457,1092,1299,Shamela0002863,1655,960,1169,162,93
1457,1092,1299,Sham19Y0131521,3022,649,857,165,98
1457,244,426,Shamela0001727,790,177,397,140,79
1457,1016,1299,Shamela0001727,790,438,705,178,77
1457,1016,1267,Sham19Y0127700,267,1289,1515,152,75
1457,1016,1267,Shamela0004473,17195,1051,1275,144,64
1457,1092,1299,Shamela0117359,533,867,1082,165,95
1457,1092,1299,Kraken230106005528,792,281,482,138,77
1457,1016,1299,Shamela0005922,2797,1078,1330,178,78
1457,1092,1486,Sham19Y0023590,1187,409,769,193,58
1457,1016,1299,JK000271,282,1249,1495,170,74
1457,1016,1299,Sham19Y0017903,633,919,1170,168,74
1457,326,817,Sham19Y0013253,466,661,993,204,50
1457,1016,1299,Shamela0021713,1357,996,1265,173,72
1457,1016,1299,Shamela0021713,1783,128,397,174,72
1457,1016,1299,Sham19Y0014827,304,148,407,175,75
1457,1016,1299,JK000201,1799,593,844,172,75
1457,1016,1278,JK000201,3701,1167,1479,126,43
1457,1016,1299,Shamela0002102,373,173,424,177,77
1457,1016,1299,Shamela0001449,102,370,637,178,77
1457,244,426,Sham19Y0122406,2100,331,551,140,79
1457,1016,1478,Sham19Y0122406,2100,592,990,247,64
1457,1092,1299,Shamela0006227,777,1168,1369,160,95
1457,1016,1267,Sham19Y0145212,2089,1033,1256,150,75
1457,340,521,Shamela0008473,1172,212,383,96,69
1457,1100,1363,Sham19Y0132524,1514,582,1157,187,41
1457,1016,1287,Shamela0001875,1176,1259,1506,166,76
1457,1304,1567,ShamAY0033531,1665,1231,1524,210,85
1457,1092,1299,Sham19Y0018144,1313,837,1033,150,90
1457,1016,1478,Shamela0025800,2146,785,1252,226,53
1457,1016,1299,Sham19Y0017791,1042,1143,1355,158,68
1457,1165,1299,Sham19Y0017729,348,1,135,108,100
1457,1092,1267,ShamAY0034054,773,1271,1436,128,90
1457,1092,1299,Sham19Y0131336,1556,470,667,153,91
1457,1016,1299,Sham19Y0020638,644,857,1116,176,77
1457,386,609,Shamela0009082,1251,989,1287,94,38
1457,1092,1270,Sham19Y0020591,774,508,911,142,43
1457,1092,1304,Shamela0008463,3629,629,850,162,91
1457,1092,1299,Sham19Y0146127,2366,355,556,160,96
1457,1016,1267,ShamAY0036736,144,89,317,158,77
1457,1092,1267,Shamela0023623,802,332,497,128,90
1457,1016,1299,Shamela0009242,2788,1153,1414,174,74
1457,1016,1299,Sham19Y0017616,205,34,294,179,79
1457,1092,1478,Shia002406Vols,1559,508,874,174,43
1457,1016,1478,JK007065,724,926,1455,221,41
1457,1016,1299,Sham19Y0122257,1921,694,949,174,77
1457,1092,1299,Sham19Y0014601,3397,819,1027,165,98
1457,1092,1567,Sham19Y0014601,3398,38,486,166,29
1457,1016,1299,Sham19Y0014119,345,876,1088,158,68
1457,1092,1567,Sham19Y0017063,727,387,956,319,61
1457,1016,1299,Rafed0003902Vols,4856,26,282,178,78
1457,1016,1299,Shamela0008360,480,831,1086,174,77
1457,1129,1299,Sham19Y0022884,233,151,400,132,66
1457,1092,1299,Shamela0021743,1120,861,1077,159,92
1458,1131,1374,Sham19Y0013769,1535,307,533,162,81
1458,1369,1534,Sham19Y0013769,2824,999,1153,123,93
1458,1235,1534,Sham19Y0020583,920,1061,1474,159,44
1458,1145,1459,Sham19Y0017747,1783,881,1169,194,72
1458,1,626,Sham19Y0131521,3024,623,1433,432,65
1458,1099,1496,Sham19Y0122236,202,99,433,143,32
1458,1163,1530,Shamela0001673,10289,282,604,162,49
1458,1244,1441,Shia001831Vols,347,205,389,144,90
1458,179,453,JK000201,3702,96,371,220,99
1458,1163,1534,ShamAY0033531,1742,1139,1488,268,90
1458,1099,1335,Sham19Y0014224,939,1162,1371,145,72
1458,1126,1563,ShamAY0034383,523,588,1027,345,96
1458,1196,1500,Masaha001946Vols,639,454,740,156,53
1458,1163,1544,Shamela0011036,1835,6,477,303,80
1458,179,686,Sham19Y0122257,1922,1022,1447,266,61
1458,1,1088,Sham19Y0014601,3398,486,1258,619,70
1458,165,459,Sham19Y0014601,3399,530,823,231,96
1458,1,392,Sham19Y0017063,727,956,1604,234,40
1458,398,1150,Sham19Y0017063,728,8,455,277,45
1458,1126,1563,Sham19Y0017063,768,293,574,209,59
1458,962,1282,Shamela0010517,2163,250,520,147,52
1458,962,1282,Shamela0010517,2169,1157,1427,147,52
1459,529,1557,Sham19Y0013769,1536,1,1014,694,78
1459,249,678,Shamela0008176,4223,1132,1456,241,68
1459,21,197,Shamela0008176,4238,1014,1179,128,88
1459,1,197,ShamAY0033522,575,319,518,148,87
1459,21,197,ShamAY0033531,1737,999,1164,128,88
1459,1,1088,ShamAY0033531,1742,46,1133,864,97
1459,121,1296,Sham19Y0014224,940,413,1595,659,56
1459,1,469,ShamAY0034383,523,1027,1497,376,99
1459,469,1419,ShamAY0034383,524,1,952,764,99
1459,789,1327,Shamela0011036,1828,1161,1546,210,44
1459,381,750,Shamela0011036,1830,638,1101,280,73
1459,249,1272,Sham19Y0122257,1991,491,1518,476,41
1459,21,197,Sham19Y0014601,3568,827,990,127,87
1459,1,1363,Sham19Y0017063,768,574,1522,691,61
1459,1,197,Shamela0010517,2163,549,745,157,98
1459,7,197,Shamela0010517,2170,1,191,152,98
1460,1198,1409,Sham19Y0013769,1533,1317,1515,150,84
1460,1426,1561,Sham19Y0013769,1534,1,149,107,90
1460,1,501,Sham19Y0013769,1536,1014,1561,359,78
1460,501,800,Sham19Y0013769,1537,1,285,208,84
1460,919,1120,Sham19Y0013769,1537,1004,1425,122,35
1460,290,792,Shamela0005756,7080,458,982,374,84
1460,1227,1556,ShamIbadiyya0000433,932,992,1150,112,41
1460,1227,1556,Sham19Y0127713,1509,1054,1207,109,40
1460,792,1198,ShamAY0033531,1743,4,390,289,88
1460,1227,1551,Sham19Y0018103,1527,1128,1380,153,50
1460,1202,1561,Sham19Y0014224,939,281,566,230,78
1460,564,1187,Sham19Y0014224,942,1,644,236,37
1460,290,856,Sham19Y0013252,3878,1014,1449,213,44
1460,1227,1561,Masaha001946Vols,638,379,706,264,97
1460,342,495,Shamela0011036,1827,1323,1489,108,81
1460,829,1036,Shamela0011036,1832,999,1261,135,61
1460,856,1028,Sham19Y0017616,591,1242,1404,118,82
1460,584,873,Sham19Y0017063,769,122,364,175,73
1460,1409,1556,Sham19Y0013605,2034,1264,1405,98,79
1461,1103,1314,JK007083,198,830,1036,147,83
1461,1160,1314,Shamela0004445,2536,995,1157,121,95
1461,1138,1314,Sham19Y0017350,942,210,394,124,82
1461,1138,1314,Sham19Y0013667,6004,967,1134,119,84
1461,174,672,Sham19Y0013769,1538,766,1531,372,56
1461,701,818,Sham19Y0013769,1539,22,137,88,93
1461,1138,1522,Sham19Y0013769,1540,50,391,179,56
1461,1138,1314,Shamela0000767,3777,302,481,132,91
1461,1138,1318,Sham19Y0148486,6715,1204,1396,136,90
1461,324,1012,Shamela0008176,4224,487,1071,436,77
1461,1092,1522,Sham19Y0017747,2253,660,1094,229,59
1461,1138,1314,JK000977,1329,806,983,138,99
1461,1138,1314,Shia002616Vols,3703,258,464,124,71
1461,1103,1314,JK006897,442,411,613,144,81
1461,1208,1314,Tafsir07055,1208,1,158,81,66
1461,1138,1472,Shamela0021715,10126,276,813,221,48
1461,1103,1236,Shamela0001727,791,1203,1434,102,55
1461,1203,1314,Sham19Y0017437,1422,1,112,87,100
1461,1141,1314,Shamela0022645,1077,704,887,135,93
1461,364,809,Shamela0001673,10292,348,802,209,51
1461,1147,1314,ShamAY0032784,21,928,1097,127,93
1461,1138,1306,Shamela0001665,463,1197,1375,123,85
1461,1138,1314,Sham19Y0014253,1513,712,885,129,90
1461,1138,1318,Shamela0022547,2147,78,250,128,88
1461,1333,1522,Shia001831Vols,347,432,623,145,88
1461,1138,1314,Shamela0005815,141,398,564,117,83
1461,1103,1314,Sham19Y0122406,2111,292,602,163,66
1461,1147,1426,Sham19Y0018106,3961,6,238,151,68
1461,1138,1314,Sham19Y0018144,1336,1225,1399,130,91
1461,1138,1314,JK000533,2328,129,299,112,78
1461,1120,1318,Shamela0025800,3074,497,798,140,59
1461,1138,1314,Sham19Y0150600,672,965,1151,137,94
1461,133,614,Sham19Y0014224,942,800,1536,311,49
1461,614,1522,Sham19Y0014224,943,25,553,343,45
1461,1328,1472,Sham19Y0014224,944,88,234,116,95
1461,1138,1318,Sham19Y0131336,1651,503,696,139,91
1461,1147,1318,Shia000895Vols,1399,541,710,126,90
1461,1138,1314,JK000475,1150,121,288,130,93
1461,165,1098,Masaha001946Vols,639,848,1436,416,54
1461,1138,1318,ShamAY0035884,1305,6,180,127,87
1461,177,324,Shamela0011036,1831,1035,1343,103,39
1461,364,1103,Shamela0011036,1834,700,1553,537,74
1461,1138,1318,JK007065,1323,537,819,135,59
1461,1138,1314,Sham19Y0011194,152,1200,1391,138,92
1461,324,1160,Sham19Y0122257,1992,122,900,529,72
1462,447,749,Sham19Y0013667,6005,756,1059,198,76
1462,232,550,Sham19Y0013769,1540,628,797,122,48
1462,752,878,Sham19Y0013769,1541,364,480,89,90
1462,239,772,Shamela0008176,4227,666,1364,262,41
1462,1,145,Sham19Y0017747,2253,1094,1523,116,33
1462,456,878,Sham19Y0017747,2256,364,647,200,60
1462,1101,1487,Sham19Y0017747,2257,310,703,224,62
1462,441,1046,Shamela0005756,10026,710,1294,242,40
1462,42,228,Shamela0005922,3115,1171,1377,140,84
1462,418,679,Sham19Y0013253,471,1202,1510,173,69
1462,1,790,Shia001831Vols,347,623,1159,364,57
1462,418,804,JK000201,2852,389,780,295,94
1462,214,749,Sham19Y0122406,2112,670,1226,288,53
1462,228,682,Sham19Y0145212,2158,757,1081,164,47
1462,433,1046,Sham19Y0018103,2347,1012,1506,225,37
1462,1,790,Sham19Y0014224,943,553,1518,459,48
1462,290,682,Sham19Y0122257,1992,985,1249,206,65
1462,418,772,Sham19Y0014601,3570,95,407,199,62
1462,228,342,Sham19Y0017063,769,840,954,92,100
1462,433,1126,Sham19Y0013605,2905,359,925,234,35
1463,693,926,Sham19Y0020561,1670,866,1006,94,48
1463,693,926,Shia002206,56,1185,1489,177,75
1463,221,686,Sham19Y0017350,944,620,1053,212,47
1463,1,140,Sham19Y0013769,1542,754,894,114,99
1463,140,693,Sham19Y0013769,1543,910,1491,262,47
1463,150,455,Sham19Y0017747,2254,1237,1555,219,84
1463,792,1062,JK000977,1331,1,432,179,51
1463,860,1045,Shamela0026324,6005,714,1170,132,37
1463,693,1062,Shamela0001727,792,825,1368,259,60
1463,221,1062,Sham19Y0122406,2115,169,1191,479,52
1463,757,1219,Sham19Y0122406,2120,122,411,122,27
1463,849,1062,Shamela0006227,642,961,1174,92,43
1463,934,1517,Sham19Y0018144,5059,824,1446,329,55
1463,1,140,Sham19Y0014224,944,1023,1163,114,99
1463,140,686,Sham19Y0014224,945,1047,1600,432,96
1463,757,1062,Sham19Y0131336,1256,92,725,192,38
1463,693,1062,ShamAY0035220,791,838,1378,187,38
1464,999,1381,Sham19Y0013769,1459,1194,1563,215,59
1464,15,504,Sham19Y0017747,1606,771,1453,321,58
1464,742,911,Sham19Y0017747,1607,1,170,125,89
1464,334,799,Shia001831Vols,347,1159,1293,94,26
1464,6,334,Shamela0021713,1370,194,518,173,58
1464,911,1226,JK000201,1807,932,1250,251,97
1464,315,799,Sham19Y0127713,954,24,332,130,26
1464,63,719,Sham19Y0013631,97,550,855,215,41
1464,15,334,Shamela0036446,493,1101,1454,184,63
1464,15,271,Shamela0025800,3351,672,1133,183,50
1464,893,1381,Sham19Y0014224,888,271,764,344,77
1464,179,355,Sham19Y0006684,1866,839,1136,106,44
1464,6,275,Sham19Y0020638,646,280,766,173,42
1464,63,478,Masaha001946Vols,351,176,511,76,16
1464,306,1311,ShamAY0035249,133,519,1530,805,98
1464,1311,1556,ShamAY0035249,134,1,246,201,100
1464,535,1556,ShamAY0035249,135,1,1027,828,98
1464,15,271,JK007065,1461,776,1301,180,43
1465,1,486,Sham19Y0013769,1458,947,1491,353,78
1465,523,948,Sham19Y0013769,1459,31,563,284,61
1465,1,140,Sham19Y0017747,1605,61,262,86,54
1465,953,1225,JK000110,1405,740,1029,92,32
1465,953,1427,Shamela0001727,793,931,1098,128,34
1465,1,166,Sham19Y0017437,1300,680,1251,122,26
1465,5,140,Shamela0001673,7800,70,463,91,29
1465,5,294,Sham19Y0122406,2118,1173,1435,152,65
1465,888,1225,Sham19Y0018144,1301,1008,1191,78,26
1465,1,759,Sham19Y0014224,886,404,1195,516,76
1465,771,948,Sham19Y0014224,887,209,398,139,89
1465,1,948,ShamAY0035249,134,246,1184,740,97
1465,1,544,ShamAY0035249,135,1027,1576,429,98
1465,544,948,ShamAY0035249,136,1,390,313,96
1465,964,1351,Sham19Y0122257,1947,990,1467,261,63
1466,1,677,ShamIbadiyya0000438,1093,119,753,495,89
1466,704,837,Sham19Y0147313,2427,229,362,104,99
1466,761,1135,Shamela0003485,350,1,296,208,67
1466,704,871,Shamela0006610,797,350,538,127,84
1466,704,1145,JK000977,1332,868,1254,273,75
1466,704,978,Shamela0001727,793,1187,1432,190,87
1466,704,1145,Sham19Y0013572,869,287,681,270,73
1466,704,1145,Sham19Y0127700,261,761,1157,281,77
1466,694,1135,JK000271,248,525,1046,175,33
1466,704,1054,Sham19Y0017903,637,557,844,192,63
1466,704,884,Sham19Y0122406,2120,1253,1404,116,81
1466,704,928,Sham19Y0122406,2121,149,500,151,54
1466,699,928,Sham19Y0132524,1524,940,1375,151,44
1466,704,1054,Shamela0001875,1204,454,881,159,35
1466,714,1077,Kraken230110004547,658,304,661,232,70
1466,699,1145,Sham19Y0018144,1338,876,1270,274,74
1466,704,1135,Shamela0036446,493,505,853,237,66
1466,694,986,Shamela0025800,3349,1227,1505,196,80
1466,704,1135,Sham19Y0017729,350,348,759,199,48
1466,694,1130,Shia003732Vols,3765,1071,1466,261,71
1466,704,1025,ShamAY0034005,634,1107,1409,218,81
1466,31,677,Sham19Y0018272,1780,1,602,465,88
1466,704,837,Sham19Y0020638,646,1286,1419,104,99
1466,871,1145,Sham19Y0020638,647,6,260,165,69
1466,704,1135,Masaha001864Vols,2289,1062,1471,274,73
1466,704,871,Shamela0009242,2863,226,414,127,84
1466,694,1145,Sham19Y0017616,205,336,730,260,68
1466,704,1062,JK007065,859,1135,1466,242,82
1466,1025,1297,Sham19Y0017063,745,35,306,155,64
1466,723,1145,Sham19Y0148271,216,1,374,260,74
1467,1415,1515,ShamAY0035249,144,1103,1203,78,100
1468,1397,1554,Sham19Y0147313,2380,1225,1392,122,91
1468,245,747,JK000977,1333,141,274,83,20
1468,1397,1535,JK000977,1333,1072,1207,107,95
1468,1397,1554,Shia002616Vols,5024,924,1113,113,75
1468,1397,1554,JK000110,1278,132,304,122,88
1468,245,1554,Shamela0001727,794,485,1137,240,19
1468,1400,1535,JK011184,593,911,1333,102,29
1468,239,747,Shamela0003118,454,805,946,85,20
1468,250,747,Sham19Y0014442,1620,491,614,82,20
1468,1406,1530,Shamela0023644,1113,360,485,99,98
1468,245,762,Sham19Y0017903,637,375,557,92,20
1468,13,239,Shia001831Vols,348,169,385,155,81
1468,954,1209,Sham19Y0122406,2124,258,490,139,64
1468,245,747,Sham19Y0001734,1608,928,1103,78,17
1468,1397,1554,Sham19Y0018103,2985,446,618,122,88
1468,245,747,Shamela0025800,3349,439,609,86,19
1468,245,762,Sham19Y0017729,350,166,348,92,20
1468,245,1041,Sham19Y0020638,647,599,953,117,15
1468,1406,1554,Masaha001864Vols,5292,1038,1187,118,98
1468,1397,1554,JK000475,1891,1025,1187,122,93
1468,1400,1535,Shamela0021766,3608,1322,1453,104,95
1468,327,615,Sham19Y0013252,4674,846,1086,190,79
1468,1397,1554,Sham19Y0013252,7173,20,192,122,88
1468,1397,1554,ShamAY0035249,28,158,320,122,93
1468,1287,1392,ShamAY0035249,137,744,849,83,100
1468,1,327,ShamAY0035249,144,1203,1530,266,99
1468,327,1287,ShamAY0035249,145,1,961,771,99
1468,245,747,JK007065,1362,1082,1249,87,20
1469,625,964,Shamela0001733,2555,228,485,150,54
1469,316,929,Sham19Y0016584,3502,387,878,146,22
1469,625,929,Sham19Y0148486,2184,1105,1352,111,34
1469,645,943,Shamela0008176,4119,1248,1492,114,44
1469,557,929,Sham19Y0127656,630,973,1286,130,39
1469,625,1088,ShamAY0034447,1709,548,995,172,33
1469,663,975,Shamela0025794,671,1,245,124,42
1469,645,964,Shamela0011428,809,80,381,94,24
1469,613,933,Shamela0021715,7906,1179,1459,129,44
1469,618,1329,Shamela0001727,795,32,475,202,31
1469,625,964,Shamela0012750,156,130,387,150,54
1469,645,1325,Sham19Y0013572,399,595,928,156,24
1469,625,929,Shamela0005756,12334,836,1093,118,43
1469,629,975,JK000785,759,218,575,157,40
1469,645,929,Shamela0023644,814,978,1199,79,27
1469,625,933,Shamela0022579,764,270,594,104,26
1469,747,1440,Shia001831Vols,348,477,761,172,30
1469,28,448,Sham19Y0122406,2124,546,968,214,50
1469,861,1286,Sham19Y0122406,2125,1046,1244,146,43
1469,645,955,Sham19Y0145212,2117,20,309,123,42
1469,625,929,Shamela0037837,507,545,789,119,45
1469,158,524,Sham19Y0132524,1527,354,883,269,63
1469,316,975,Shamela0001875,1170,525,1081,220,36
1469,645,955,Kraken230110004547,658,979,1209,89,32
1469,613,951,Sham19Y0018106,3267,590,880,133,44
1469,625,929,Sham19Y0018144,1338,61,340,123,36
1469,929,1444,Sham19Y0018144,5093,72,645,188,33
1469,596,929,Sham19Y0018103,3143,1133,1429,131,42
1469,316,975,ShamAY0034005,637,757,1271,158,22
1469,557,1325,Sham19Y0020638,648,97,480,191,27
1469,557,975,Masaha001864Vols,2290,493,898,173,37
1469,1052,1281,Masaha001864Vols,5306,8,159,115,63
1469,625,975,Shamela0012981,1374,799,1041,117,35
1469,557,943,JK000475,1890,923,1259,149,36
1469,557,975,Sham19Y0017616,206,50,448,164,36
1469,625,975,Sham19Y0013241,1321,614,990,148,40
1469,650,943,ShamAY0035249,27,1,261,111,34
1469,10,613,ShamAY0035249,137,141,744,477,99
1469,645,1351,JK007065,390,699,1073,176,26
1469,126,461,Sham19Y0014601,3379,787,1472,260,47
1469,461,714,Sham19Y0014601,3380,1,227,145,69
1469,869,1195,Sham19Y0014601,3381,1032,1264,119,41
1469,645,955,Shamela0008360,489,763,1054,123,42
1469,625,929,Sham19Y0013605,3758,1028,1272,119,45
1469,625,975,Shia001913Vols,467,546,829,119,32
1470,366,577,Sham19Y0017747,1421,1086,1296,159,89
1470,251,541,Sham19Y0131521,2882,790,1148,162,50
1470,824,1627,Shamela0021715,3442,882,1328,274,39
1470,1502,1642,Shamela0001727,796,299,434,107,96
1470,824,1642,Shamela0005756,7171,678,1311,457,65
1470,347,521,Shamela0005922,2273,251,414,128,88
1470,758,1325,JK000678,8,160,622,203,35
1470,366,537,JK000208,3176,155,322,131,94
1470,145,577,Shia001831Vols,348,742,1112,213,58
1470,758,1283,Sham19Y0122406,2130,493,804,134,27
1470,1502,1642,Sham19Y0122406,2131,481,616,107,96
1470,1502,1642,Sham19Y0132524,1530,606,741,107,96
1470,270,463,Sham19Y0018272,1035,450,600,108,68
1470,1502,1642,Sham19Y0020638,649,517,657,111,100
1470,871,1110,Masaha001946Vols,364,746,922,121,59
1470,1335,1497,Shamela0011036,1705,1,221,134,72
1470,1502,1642,Sham19Y0017616,196,886,1026,111,100
1470,1176,1309,ShamAY0035249,149,1418,1551,109,100
1470,1309,1497,ShamAY0035249,150,1,188,158,99
1470,1142,1516,Sham19Y0023625,2176,9,547,160,28
1470,366,734,Sham19Y0122257,1877,896,1237,194,54
1470,251,577,Sham19Y0017063,707,217,595,243,75
1471,435,806,Sham19Y0148486,4547,826,1249,152,38
1471,1,806,Shamela0001727,796,434,1206,171,17
1471,746,1354,Sham19Y0150676,2320,529,788,138,28
1471,435,806,Sham19Y0013572,1447,189,558,151,42
1471,435,806,Sham19Y0127677,4491,145,596,154,34
1471,435,661,Sham19Y0127677,18876,1321,1466,85,45
1471,435,806,Shia002265Vols,5525,780,1233,136,30
1471,435,806,ShamAY0038067,63,528,1099,166,31
1471,352,778,Sham19Y0132524,1533,536,1196,175,30
1471,622,1029,Sham19Y0132524,1534,1,413,161,37
1471,435,806,Shamela0001438,6415,207,660,154,34
1471,429,661,Sham19Y0018144,1434,768,939,91,46
1471,1176,1448,Sham19Y0018103,3234,392,875,109,25
1471,435,806,Shamela0025800,220,628,997,152,42
1471,435,711,ShamAY0034005,1012,1012,1201,105,48
1471,1,806,Sham19Y0020638,649,657,1369,172,19
1471,444,806,Shia001976Vols,419,1,360,142,39
1471,435,806,Sham19Y0146127,2444,392,791,145,37
1471,435,806,Sham19Y0017616,207,64,476,147,36
1471,746,1260,Sham19Y0020590,228,30,484,228,44
1471,435,806,JK007065,607,137,504,152,43
1471,832,961,Sham19Y0017063,709,1,131,100,88
1471,429,806,Rafed0003902Vols,4853,859,1276,145,35
1472,301,439,JK000021,2448,226,365,105,92
1472,276,439,Sham19Y0148486,4622,871,1027,113,84
1472,301,502,Shamela0003485,393,786,1282,96,22
1472,305,439,JK009390,570,975,1115,101,90
1472,301,439,Shamela0008176,4123,641,779,111,100
1472,927,1114,Sham19Y0017747,1536,243,492,119,55
1472,450,961,Sham19Y0017747,1537,1,446,336,79
1472,301,439,JK000977,1339,80,220,107,95
1472,301,439,Shia002616Vols,285,703,883,111,76
1472,320,439,JK006897,433,287,405,95,99
1472,301,439,JK000272,1084,684,824,106,91
1472,638,747,Shamela0021590,1000,286,389,80,90
1472,320,439,Sham19Y0014592,481,525,644,96,100
1472,288,850,Shamela0025791,849,305,750,201,39
1472,301,439,Shamela0001727,798,626,764,111,100
1472,1258,1571,Shamela0001727,798,861,1299,123,28
1472,956,1253,Shamela0000432,4363,277,578,241,98
1472,320,439,Shia002261Vols,103,123,242,96,100
1472,320,740,Shamela0005756,12529,1076,1486,108,23
1472,320,439,Sham19Y0127677,612,5,124,96,100
1472,301,432,Shamela0000894,5918,611,742,105,100
1472,1143,1568,Shamela0000894,5955,154,601,120,20
1472,615,956,Shamela0001673,7695,70,408,169,52
1472,288,439,Sham19Y0122096,1179,807,1038,116,62
1472,301,439,Sham19Y0017903,639,1102,1240,111,100
1472,301,439,Shamela0008493,246,726,865,110,98
1472,320,439,Shamela0001975,296,1038,1157,96,100
1472,611,927,Shamela0009702,975,367,698,208,71
1472,1258,1555,Sham19Y0122406,2135,503,925,111,26
1472,301,439,Sham19Y0122406,2135,268,406,111,100
1472,301,439,Sham19Y0145212,2118,1349,1487,111,100
1472,288,439,Shia002264,327,660,811,105,85
1472,301,439,Sham19Y0132524,1534,1402,1536,108,97
1472,320,439,Shamela0001438,1387,1270,1389,96,100
1472,320,439,Sham19Y0018144,1344,928,1047,93,96
1472,320,439,Shamela0021659,415,969,1088,96,100
1472,301,439,ShamAY0034005,630,304,443,110,98
1472,320,439,Sham19Y0023618,2332,1446,1565,96,100
1472,320,439,Shia002294Vols,117,1001,1121,95,98
1472,320,439,Shia002294Vols,370,1198,1317,96,100
1472,301,439,Sham19Y0020638,651,164,302,111,100
1472,1078,1571,Sham19Y0020638,651,164,765,149,24
1472,276,502,Sham19Y0013223,751,554,1077,92,18
1472,320,439,Sham19Y0146127,2484,462,577,93,96
1472,315,439,Sham19Y0016976,1074,1013,1137,97,97
1472,1258,1571,Sham19Y0017616,206,815,1180,130,41
1472,301,439,JK007065,998,991,1129,111,100
1472,301,439,Sham19Y0122257,1951,602,740,111,100
1472,315,439,Sham19Y0014119,352,1090,1214,97,97
1472,259,519,Sham19Y0017063,746,1199,1484,174,67
1472,519,911,Sham19Y0017063,747,1,319,234,72
1472,301,439,Shamela0008360,490,37,175,111,100
1472,320,439,Shamela0023177,222,565,684,94,98
1473,1384,1506,Sham19Y0013769,2851,1384,1506,100,100
1473,266,645,Shamela0008176,4124,484,788,87,20
1473,787,1277,JK000977,1340,1,291,96,18
1473,783,1277,Shamela0001727,799,145,424,106,24
1473,1201,1506,Shamela0010664,747,903,1174,159,60
1473,802,1506,Sham19Y0127677,9543,631,1132,236,35
1473,266,487,Shamela0000894,5955,571,786,135,79
1473,83,797,Shia001831Vols,349,174,743,373,63
1473,802,1506,Shia001831Vols,350,178,518,208,34
1473,143,802,Shamela0000140,616,419,985,421,80
1473,113,729,Sham19Y0013631,1632,412,575,92,19
1473,812,1506,Shamela0011036,1762,1,939,190,17
1473,778,1277,Sham19Y0017616,206,1099,1333,98,20
1473,1378,1506,Sham19Y0017616,589,1405,1536,104,96
1473,1196,1506,Tafsir06049,417,198,415,109,39
1473,15,836,Sham19Y0017063,747,475,1269,582,84
1473,1206,1500,Sham19Y0017063,747,1180,1554,176,50
1474,339,764,Sham19Y0017350,915,1092,1562,271,63
1474,1114,1563,Sham19Y0017350,916,821,1098,182,50
1474,333,960,Sham19Y0013769,1488,645,1345,239,31
1474,1103,1234,Sham19Y0013769,1491,15,147,105,94
1474,1290,1484,Sham19Y0013769,1491,660,847,145,94
1474,507,759,ShamAY0035035,3907,448,667,155,76
1474,1072,1499,Shamela0008176,4155,1008,1437,310,84
1474,507,764,Shamela0021715,8191,948,1176,162,79
1474,221,453,Sham19Y0122401,1194,149,385,189,98
1474,1072,1524,ShamAY0033522,476,997,1452,330,85
1474,1024,1499,Sham19Y0145212,2135,752,1126,201,52
1474,12,154,JK000168,104,1401,1539,102,84
1474,221,507,Sham19Y0127713,1011,522,764,156,62
1474,160,453,ShamAY0033531,1684,1294,1536,147,57
1474,227,722,Sham19Y0014224,904,276,694,247,58
1474,1002,1499,Sham19Y0013252,7317,110,583,305,70
1474,1024,1499,Shamela0011036,1791,239,823,341,68
1474,221,764,Shamela0000551,1984,32,420,271,60
1474,1072,1499,Sham19Y0014601,3433,1113,1519,299,82
1474,200,952,Sham19Y0017063,755,875,1207,210,34
1475,1204,1499,Sham19Y0013769,1489,745,1094,155,51
1475,526,722,Sham19Y0131521,3073,598,793,95,47
1475,622,1504,Sham19Y0014224,904,731,1610,555,68
1475,486,1067,Shamela0011036,1792,838,1532,323,57
1475,21,573,Sham19Y0122257,1967,171,1040,266,31
1476,190,433,Shamela0007891,1485,365,619,141,62
1476,11,321,Sham19Y0013769,1489,1106,1475,113,36
1476,381,1605,Sham19Y0013769,1490,29,945,644,63
1476,195,632,Sham19Y0145212,2136,679,795,81,23
1476,195,744,Sham19Y0014224,905,847,1510,299,48
1476,744,1605,Sham19Y0014224,906,1,903,678,91
1476,414,1605,Shamela0011036,1794,1,853,492,46
1476,209,645,Sham19Y0122257,1967,21,339,236,66
1477,1081,1195,Sham19Y0013667,4296,86,202,85,88
1477,1,385,Sham19Y0013769,1490,945,1480,295,67
1477,1208,1312,Shamela0000767,3802,1362,1465,77,93
1477,1200,1514,Sham19Y0122402,133,964,1126,111,43
1477,1200,1312,Shamela0025794,1137,57,168,86,96
1477,1200,1312,Shamela0021713,1418,1058,1173,89,97
1477,1200,1514,Shamela0010527,59,1090,1253,112,43
1477,1200,1312,Sham19Y0122406,2139,768,880,89,100
1477,1200,1534,Sham19Y0122406,2148,522,742,158,57
1477,1200,1534,Sham19Y0132524,1541,675,1082,95,20
1477,1200,1312,Shamela0001875,1207,202,314,89,100
1477,1200,1312,Shamela0036446,510,954,1066,89,100
1477,1200,1312,Shamela0025800,2071,1218,1330,89,100
1477,1,401,Sham19Y0014224,906,903,1474,325,69
1477,1200,1312,Sham19Y0020638,652,740,852,89,100
1477,1200,1312,Sham19Y0022884,219,235,347,89,100
1478,816,1048,Sham19Y0032381,163,386,619,181,98
1478,343,710,Shamela0005756,12660,302,592,189,56
1478,891,1139,Shia001831Vols,350,901,1227,106,36
1478,343,705,Sham19Y0018106,3350,1013,1274,182,58
1478,351,771,Sham19Y0018103,3238,136,492,206,53
1478,337,585,Sham19Y0017616,590,379,578,159,77
1478,343,705,Sham19Y0013605,3861,168,432,187,59
1479,493,966,Sham19Y0020944,477,735,1231,171,32
1479,490,1052,Kraken220413194022,1143,353,753,301,66
1479,490,1052,Kraken220413194022,1172,47,623,417,87
1479,493,966,Shamela0001733,2463,1,535,275,57
1479,490,859,Shia001432Vols,11905,233,578,258,88
1479,485,859,Sham19Y0013667,4287,654,1062,244,71
1479,490,975,Shamela0000767,3804,769,1401,323,60
1479,490,1017,Sham19Y0148486,4699,381,1457,386,44
1479,347,497,Sham19Y0148486,8058,764,908,101,86
1479,493,1169,Shamela0006610,803,46,556,344,61
1479,490,1052,Zaydiyya0000142,832,516,1103,398,80
1479,599,1169,Zaydiyya0000142,2039,1,860,368,54
1479,490,841,Shamela0003055,1797,1004,1306,188,64
1479,478,937,Sham19Y0017747,1635,851,1529,310,55
1479,712,859,JK000977,1348,1106,1248,111,95
1479,35,291,Sham19Y0122402,1054,706,947,193,94
1479,490,1169,JK010001,115,281,1201,400,50
1479,490,1052,Tafsir07055,119,640,1425,418,65
1479,712,859,Sham19Y0131521,3095,1,143,111,95
1479,869,1096,JK007128,484,745,951,155,86
1479,652,1052,Shamela0001727,804,1,630,296,58
1479,869,1052,Sham19Y0122401,1194,980,1165,144,98
1479,490,986,Shamela0012076,60,6,550,323,71
1479,1224,1507,Sham19Y0020868,449,242,546,230,93
1479,869,989,Sham19Y0013572,491,1334,1458,95,96
1479,506,859,Sham19Y0013572,492,74,435,267,90
1479,773,1052,Sham19Y0127700,266,344,679,202,76
1479,740,859,Shamela0005756,12671,1,120,94,99
1479,712,975,Shamela0011385,1320,672,876,136,65
1479,490,1190,Shamela0001673,7874,654,1450,445,66
1479,490,1145,Shamela0012884,685,586,1281,347,53
1479,859,1052,Shamela0022797,191,1,197,147,94
1479,869,1120,Shia004038,186,982,1206,157,77
1479,493,966,Shamela0117359,545,687,1292,169,27
1479,490,1190,Shamela0006947,18016,608,1440,451,66
1479,347,558,Sham19Y0013231,8454,247,445,118,70
1479,296,1039,JK000785,1515,206,1039,340,41
1479,485,1169,Sham19Y0013253,481,482,1124,448,78
1479,493,1032,Shamela0036543,1323,1192,1558,244,56
1479,490,911,JK006950,3601,1103,1493,275,77
1479,490,1052,JK006950,3649,588,951,266,59
1479,490,1112,Zaydiyya0000061,493,619,1155,309,55
1479,497,975,JK000477,839,214,880,308,55
1479,502,993,ShamAY0034282,2037,491,1083,251,48
1479,490,1052,Sham19Y0122406,2151,373,1164,417,65
1479,797,1173,Sham19Y0122406,2152,1,352,227,72
1479,768,1469,Sham19Y0132524,1546,1,419,201,32
1479,610,993,Sham19Y0132524,1552,277,662,277,88
1479,490,1169,Shamela0001875,1214,572,1296,484,81
1479,326,462,ShamAY0033531,1694,768,915,109,91
1479,712,1120,Kraken230110004547,337,424,628,143,44
1479,490,831,JK000381,9296,1193,1504,210,72
1479,831,1052,JK000381,9297,1,205,153,86
1479,490,1052,JK000381,9344,730,1093,266,59
1479,1,263,Sham19Y0013631,1963,541,721,119,57
1479,510,975,Sham19Y0018144,1351,350,947,229,43
1479,286,473,Sham19Y0018144,5103,615,813,146,91
1479,490,1039,ShamAY0034305,13,529,1364,396,58
1479,490,859,Shamela0025800,2069,357,722,274,91
1479,347,462,Sham19Y0017729,608,1324,1440,92,98
1479,478,1052,Zaydiyya0000454,264,1017,1393,274,59
1479,490,1056,Sham19Y0020638,655,6,436,304,65
1479,869,1120,Zaydiyya0000161,214,428,683,154,75
1479,490,1169,Shamela0012062,127,464,1180,478,80
1479,712,975,Shia000049Vols,1653,1011,1226,144,68
1479,497,1052,Shia000049Vols,1654,883,1031,74,16
1479,712,859,Sham19Y0020591,794,970,1112,111,95
1479,490,1052,Sham19Y0146127,2528,412,1151,369,59
1479,712,1039,Sham19Y0132971,688,681,1153,158,35
1479,876,1039,Sham19Y0132971,688,1325,1473,112,85
1479,490,1169,Shamela0009242,2884,366,883,353,63
1479,712,1169,Sham19Y0013241,1362,126,678,159,27
1479,490,1096,Shia002406Vols,682,105,344,180,37
1479,493,719,Shamela0009690,1018,1260,1482,168,90
1479,876,1052,Shamela0009690,1019,1,178,135,96
1479,490,1116,Shamela0009690,1048,289,1002,445,75
1479,490,1096,JK007065,445,761,1338,312,55
1479,490,863,Sham19Y0017798,989,1183,1568,270,85
1479,869,1169,Sham19Y0017798,990,16,359,213,77
1479,490,1084,Sham19Y0018612,282,1009,1490,321,64
1479,490,1190,Sham19Y0014601,3446,142,825,458,77
1479,712,975,Sham19Y0014601,3474,483,825,171,62
1479,490,975,Shamela0021537,4978,1010,1387,207,45
1480,971,1359,JK000196,5961,959,1342,303,94
1480,200,622,Shamela0008176,4181,59,495,298,83
1480,266,420,JK010001,112,1,163,122,95
1480,952,1331,JK010001,117,1142,1519,302,98
1480,1374,1535,Shamela0011444BK2,2598,1114,1288,120,82
1480,187,420,Tafsir07055,116,123,363,179,93
1480,952,1359,Tafsir07055,122,152,552,320,97
1480,1003,1385,Shia001831Vols,351,35,389,273,88
1480,38,460,Sham19Y0122406,2152,502,1152,260,48
1480,439,614,Shia001845Vols,399,202,393,131,86
1480,200,622,Sham19Y0122257,1974,538,959,300,87
1480,1010,1359,Sham19Y0013783,2259,1134,1451,247,87
1480,971,1359,Shamela0009059BK2,5963,95,478,303,94
1481,1280,1422,Sham19Y0148486,8062,1309,1451,119,100
1481,485,665,JK000196,5962,1090,1270,139,97
1481,1252,1440,Sham19Y0131521,3104,1246,1404,86,52
1481,48,291,Shamela0001673,7875,1315,1529,166,86
1481,291,665,Shamela0001673,7876,1,337,243,79
1481,48,360,Shamela0006947,18017,1266,1534,208,84
1481,351,665,Shamela0006947,18018,1,282,208,81
1481,158,1011,Sham19Y0013253,483,173,1065,361,44
1481,1,650,Sham19Y0122406,2153,740,1492,289,42
1481,1238,1440,Sham19Y0017798,2559,11,214,167,99
1481,48,345,Sham19Y0014601,3447,220,484,188,80
1481,485,665,Shamela0009059BK2,5964,202,382,139,97
1482,52,492,Shia002616Vols,6269,873,1522,160,26
1482,1,211,Shamela0001727,804,634,1097,142,39
1482,52,540,JK009266,8890,70,714,154,25
1482,301,1505,Shamela0005756,12086,300,1399,832,86
1482,1,343,Sham19Y0013231,8463,834,1104,78,22
1482,52,779,Sham19Y0013253,483,1104,1439,183,30
1482,1274,1399,Sham19Y0014827,649,814,965,75,57
1482,335,566,Sham19Y0014827,649,277,690,150,45
1482,52,211,Shamela0007370,2834,147,398,64,29
1482,282,595,Shamela0023628,3481,873,1379,146,31
1482,1,143,Sham19Y0122406,2154,1227,1497,108,51
1482,52,779,Sham19Y0122406,2155,640,961,182,30
1482,158,278,JK009324,2484,1014,1388,70,24
1482,77,211,Sham19Y0016928,109,47,243,90,56
1482,255,540,Sham19Y0018272,2272,1069,1290,150,66
1482,270,998,Sham19Y0013252,7323,896,1464,373,62
1482,1009,1505,Sham19Y0013252,7324,8,433,305,76
1482,626,1094,Masaha001946Vols,782,1140,1506,225,59
1482,1118,1435,Masaha001946Vols,783,1,248,187,74
1482,301,548,Shamela0095560,606,340,553,132,67
1482,52,329,Sham19Y0018176,1833,269,764,100,25
1483,98,460,Shamela0005756,12087,1,368,269,88
1483,482,821,Sham19Y0014827,649,1056,1502,213,57
1483,478,619,Sham19Y0016928,118,960,1104,95,79
1483,23,460,Sham19Y0013252,7324,440,873,310,84
1483,503,857,Sham19Y0013252,7325,1,342,231,75
1483,516,699,Masaha001946Vols,782,696,904,129,77
1483,23,466,Masaha001946Vols,783,269,636,246,65
1483,1111,1528,ShamAY0035249,123,213,630,338,100
1484,1,329,Shamela0005756,12088,811,1108,193,68
1484,1352,1507,Sham19Y0014309,521,672,819,117,91
1484,1,453,Shia001831Vols,351,756,1238,166,29
1484,1,525,Shamela0023628,3479,743,1155,292,65
1484,1,521,ShamAY0034068,3783,894,1295,270,61
1484,530,1151,Sham19Y0122406,2160,812,1334,362,70
1484,46,395,Sham19Y0122406,2160,1,385,245,76
1484,1327,1507,Sham19Y0122406,2161,829,986,116,78
1484,257,395,Sham19Y0020638,1714,1163,1301,109,99
1484,1,458,Sham19Y0013252,7326,576,1115,211,39
1484,1,946,ShamAY0035249,123,630,1484,676,89
1484,946,1507,ShamAY0035249,124,1,652,450,86
1485,900,1152,ShamAY0034059,3159,706,942,184,89
1485,385,833,Sham19Y0131521,5120,1147,1487,237,64
1485,435,643,Shia002702Vols,10993,1,149,94,55
1485,877,1159,Shamela0009810,1235,1046,1350,201,73
1485,967,1159,Shamela0010664,1332,4,207,154,93
1485,933,1159,Shamela0001673,8480,399,609,149,78
1485,324,632,Sham19Y0023590,5683,976,1171,115,47
1485,19,637,Sham19Y0014309,521,824,1180,223,44
1485,684,1044,Shia001831Vols,351,961,1201,164,54
1485,871,1044,JK000201,2559,129,296,126,91
1485,392,557,JK000201,4017,469,635,131,99
1485,643,1209,Shamela0004289,1386,44,283,124,24
1485,51,324,Shamela0023628,3479,1208,1497,196,77
1485,392,505,Shamela0023628,3480,1378,1492,89,99
1485,643,1209,Sham19Y0122406,2155,1069,1318,120,22
1485,1,537,Sham19Y0122406,2161,986,1511,330,69
1485,613,858,Sham19Y0122406,2162,1,305,152,61
1485,392,557,ShamAY0033531,2651,1356,1522,131,99
1485,185,1044,ShamAY0033531,2654,1,773,295,35
1485,392,557,ShamAY0033531,3834,1002,1168,131,99
1485,14,392,ShamAY0033531,3836,966,1453,267,68
1485,933,1159,Sham19Y0018272,1760,311,685,130,40
1485,672,1209,Sham19Y0017616,209,1,152,98,23
1485,399,632,Shamela0001535,6369,1206,1497,98,33
1485,1,852,ShamAY0035249,124,652,1503,679,99
1485,177,385,Sham19Y0013605,3871,375,553,101,51
1486,174,311,Shamela0009978,32,1,137,107,96
1486,142,311,Sham19Y0018259,338,857,1027,131,97
1486,142,311,Shamela0007798,7493,1168,1336,130,96
1486,142,274,Sham19Y0148486,4169,1364,1502,88,80
1486,142,311,Shamela0006610,808,1161,1331,131,97
1486,274,605,Shamela0008176,4135,16,245,160,55
1486,1393,1565,Shamela0008176,4136,169,341,129,94
1486,142,311,JK000977,1351,1161,1330,130,96
1486,174,311,Shia002616Vols,4983,1,148,105,88
1486,142,311,Shamela0021744,2052,272,436,125,93
1486,142,311,Sham19Y0127656,591,888,1054,128,94
1486,142,311,JK000110,1277,648,817,130,96
1486,131,311,Shia000841Vols,7639,936,1120,132,90
1486,142,311,JK000299,1763,1078,1242,125,93
1486,142,311,Sham19Y0016636,760,708,874,129,95
1486,142,311,Shamela0025794,4973,869,1049,123,86
1486,142,311,Shamela0011428,1279,335,500,127,94
1486,1372,1565,Sham19Y0131521,3114,12,191,129,80
1486,142,311,Shamela0021715,7436,290,459,130,96
1486,142,311,Sham19Y0016684,1669,1012,1181,130,96
1486,103,311,Shamela0001727,806,1,382,160,52
1486,142,311,Shia002508Vols,664,346,516,122,89
1486,142,311,ShamAY0033910,723,720,890,131,97
1486,1421,1565,Shamela0005756,8004,187,330,115,99
1486,142,311,Shamela0005756,11848,20,188,129,95
1486,142,311,JK000130,724,943,1113,131,97
1486,142,311,Sham19Y0017903,659,838,1007,131,97
1486,147,311,Sham19Y0013253,486,830,986,116,89
1486,142,311,Shamela0021713,1467,117,285,130,95
1486,142,311,Shia002218Vols,755,785,947,125,92
1486,142,311,Shamela0004289,1363,116,295,128,89
1486,95,311,Sham19Y0122406,2162,395,782,165,52
1486,142,311,Shamela0008183,1791,274,461,127,84
1486,142,311,Shamela0001875,1219,989,1156,130,96
1486,797,1123,ShamAY0033531,1656,978,1342,262,88
1486,1215,1565,ShamAY0033531,1704,570,856,181,56
1486,142,311,Sham19Y0018106,3103,766,935,130,96
1486,142,311,Sham19Y0018144,1358,1074,1242,130,97
1486,142,358,Sham19Y0018144,1359,223,431,133,75
1486,142,311,Shamela0095590,3540,237,421,128,86
1486,142,311,Sham19Y0018103,2984,613,782,130,96
1486,142,311,Sham19Y0018611,31,658,894,126,66
1486,151,311,Sham19Y0017729,361,1,159,125,97
1486,142,311,Shia000895Vols,928,755,924,130,96
1486,142,311,Sham19Y0020638,656,1064,1233,131,97
1486,142,311,JK000475,1062,1249,1418,131,97
1486,142,311,JK000475,1134,985,1155,131,97
1486,142,311,Sham19Y0095660,872,525,694,129,95
1486,142,311,Sham19Y0013252,7168,1039,1208,130,96
1486,1468,1565,Sham19Y0013252,7170,1482,1579,75,98
1486,142,311,Kraken2108092202141,742,404,573,130,96
1486,169,311,Sham19Y0146127,2236,1,149,99,83
1486,405,730,Shamela0011036,1805,18,693,255,46
1486,142,311,Shamela0000347,795,312,481,130,96
1486,142,311,Shamela0009242,2901,336,506,131,97
1486,797,1123,ShamAY0035249,148,1148,1512,262,88
1486,142,311,Sham19Y0018176,1781,518,687,130,96
1486,333,676,Sham19Y0017063,751,14,300,216,74
1486,1269,1565,Shamela0000791,350,79,350,205,86
1486,142,311,Sham19Y0013605,3578,639,808,130,96
1487,8,125,Shamela0005756,8004,330,450,87,90
1487,599,1018,Shia001831Vols,351,1329,1598,131,32
1487,1,218,ShamAY0033531,1704,856,1061,155,87
1487,783,1470,Sham19Y0020638,1715,436,733,151,26
1487,327,559,Masaha001864Vols,5571,116,341,181,96
1487,1,218,Shamela0011036,1806,488,709,171,93
1487,1,254,Shamela0000791,350,350,593,186,91
1488,401,815,Sham19Y0016584,3414,713,1076,161,46
1488,401,815,JK000977,1357,1056,1418,155,43
1488,401,815,Sham19Y0127656,610,932,1295,161,46
1488,401,815,JK000110,1321,485,848,161,46
1488,401,815,Shamela0021715,7669,635,998,161,46
1488,401,967,Shamela0021715,7672,286,1117,181,22
1488,401,815,Sham19Y0016684,1715,670,1033,161,46
1488,401,815,Shamela0001727,811,514,881,162,46
1488,401,815,Sham19Y0039268,117,793,1163,164,46
1488,401,815,Shamela0005756,12090,481,844,161,46
1488,396,1161,Shamela0005756,12092,892,1518,441,69
1488,406,721,Rafed0002905Vols,3622,1261,1532,122,44
1488,852,1544,Shia001831Vols,352,332,676,232,41
1488,401,815,Sham19Y0122406,2170,901,1268,162,46
1488,401,815,Sham19Y0018144,1366,37,411,161,46
1488,1364,1537,Sham19Y0018144,5113,507,669,123,85
1488,401,815,Sham19Y0018103,3062,810,1173,161,46
1488,401,815,Shamela0025800,430,139,504,163,46
1488,401,815,Sham19Y0150960,1412,594,957,161,46
1488,401,815,Sham19Y0020638,661,435,802,162,46
1488,401,815,Sham19Y0017616,211,824,1187,159,45
1488,401,815,Sham19Y0018176,1834,871,1234,161,46
1488,401,815,Rafed0003902Vols,999,628,991,161,46
1488,401,815,Sham19Y0013605,3665,430,793,161,46
1489,37,263,ShamAY0034059,970,817,987,132,73
1489,37,274,JK000021,2857,21,238,156,81
1489,37,263,Sham19Y0020594,287,886,1093,162,90
1489,37,263,JK000977,1358,296,499,157,88
1489,37,263,Shamela0001727,811,1215,1422,162,90
1489,37,263,Sham19Y0039268,118,43,249,156,87
1489,465,808,Shamela0005756,8004,475,837,256,88
1489,37,263,JK011225,13,560,733,113,57
1489,634,812,Sham19Y0014253,1484,200,340,83,59
1489,37,263,Sham19Y0122406,2171,147,354,162,90
1489,546,1407,Sham19Y0122406,2178,544,1491,504,60
1489,1027,1471,Sham19Y0132524,1567,57,555,236,55
1489,37,263,Sham19Y0018144,1366,740,938,153,85
1489,37,263,Sham19Y0020638,661,1136,1350,160,86
1489,37,263,Sham19Y0017616,212,81,288,162,90
1490,878,1285,JK000977,1359,92,260,119,36
1490,867,1285,Shamela0001727,812,350,533,129,38
1490,872,1122,Sham19Y0013253,488,1182,1412,130,55
1490,867,1285,Sham19Y0122406,2171,859,1042,129,38
1491,870,1444,Shamela0008176,4135,1267,1580,224,48
1491,499,757,Shamela0001673,7763,861,1100,138,61
1491,469,757,Sham19Y0122406,2177,1132,1390,178,76
1491,469,768,Masaha001946Vols,780,58,459,212,67
1491,870,1530,Sham19Y0122257,1957,899,1215,222,40
1492,1267,1528,Sham19Y0017350,918,715,937,126,59
1492,1402,1528,ShamAY0035249,302,537,663,103,100
1493,1,351,Sham19Y0017350,918,937,1251,143,42
1493,80,599,Sham19Y0013769,1496,171,993,309,41
1493,1045,1261,Sham19Y0013769,1500,312,514,154,85
1493,670,1532,Shamela0008176,4244,336,1027,274,32
1493,226,599,ShamAY0033531,1747,1,335,220,67
1493,650,1254,ShamAY0033531,1748,968,1549,445,89
1493,1254,1527,ShamAY0033531,1749,1,273,217,98
1493,1058,1261,ShamAY0033531,1753,240,404,122,74
1493,1045,1273,Sham19Y0014224,913,346,603,182,88
1493,1,871,ShamAY0035249,302,663,1533,697,99
1493,871,1532,ShamAY0035249,303,1,663,532,99
1493,947,1532,Sham19Y0122257,1998,9,389,215,43
1493,853,1532,Sham19Y0013783,2757,9,555,241,34
1493,21,140,Sham19Y0017063,773,924,1043,94,100
1493,674,1308,Sham19Y0017063,773,1158,1575,271,48
1493,1308,1532,Sham19Y0017063,774,1,241,165,78
1493,1,322,Shamela0000791,346,1287,1561,203,77
1493,351,1532,Shamela0000791,347,11,1145,866,87
1494,702,1538,Sham19Y0017350,920,317,1057,453,59
1494,533,775,Sham19Y0013667,4356,1132,1337,92,34
1494,1156,1490,Sham19Y0013769,1497,336,661,249,91
1494,19,230,Sham19Y0013769,1499,1074,1403,135,51
1494,533,744,Sham19Y0019188,4699,1287,1476,67,26
1494,7,148,Shamela0008176,4244,1295,1436,105,92
1494,1397,1546,Shamela0008176,4245,230,421,113,74
1494,533,775,Shia000841Vols,8180,436,664,92,32
1494,533,775,Shamela0025794,5222,569,782,93,34
1494,533,775,Shamela0001727,815,482,694,92,33
1494,893,1241,Shamela0023700,3067,158,615,147,36
1494,533,775,ShamAY0033910,680,380,587,92,34
1494,533,775,Shamela0005756,12828,1042,1253,92,34
1494,533,775,JK000130,681,633,839,92,34
1494,893,1241,ShamIbadiyya0000433,793,869,1114,151,53
1494,533,775,Sham19Y0013253,489,349,573,91,32
1494,533,775,Shamela0021713,1643,1063,1283,92,33
1494,539,775,Sham19Y0014827,217,1263,1468,87,32
1494,893,1108,Masaha000050,39,392,640,110,50
1494,533,775,Sham19Y0122406,2180,1074,1285,92,34
1494,533,775,Sham19Y0122406,2182,368,591,92,32
1494,533,744,Shamela0021693,1759,1304,1495,67,26
1494,1404,1546,ShamAY0033531,1747,829,1014,107,73
1494,1,528,ShamAY0033531,1749,279,812,428,98
1494,533,744,ShamIbadiyya0000760,1140,906,1087,67,27
1494,533,775,Sham19Y0019230,921,956,1168,92,33
1494,533,775,Shamela0025800,2150,654,865,92,34
1494,714,1490,Sham19Y0014224,911,166,593,334,53
1494,283,681,Sham19Y0014224,913,622,978,253,72
1494,533,775,Sham19Y0131336,1381,1225,1437,92,33
1494,533,775,Sham19Y0020638,666,769,981,92,33
1494,533,775,JK000475,1237,716,923,92,34
1494,533,744,Sham19Y0016772,1866,1349,1539,67,26
1494,533,744,Shamela0008463,4418,1123,1314,67,26
1494,533,775,Sham19Y0016976,1106,295,503,92,34
1494,1,920,ShamAY0035249,303,663,1578,743,99
1494,920,1546,ShamAY0035249,304,1,626,494,98
1494,533,775,JK007065,1494,397,609,92,33
1494,1,159,Sham19Y0122257,1998,389,580,118,76
1494,1404,1546,Sham19Y0122257,1998,544,729,107,73
1494,533,775,Sham19Y0148271,2336,338,549,93,34
1494,533,775,Rafed0003902Vols,4885,1202,1411,92,34
1494,1,272,Shamela0000791,347,1145,1419,213,96
1495,349,512,Shamela0021629,552,985,1170,118,77
1495,23,421,Sham19Y0017350,920,1204,1553,262,79
1495,421,914,Sham19Y0017350,921,1,821,369,55
1495,1143,1544,Sham19Y0017350,922,464,851,262,79
1495,693,1143,Sham19Y0013769,1497,722,1061,187,51
1495,298,740,Sham19Y0013769,1501,38,415,259,74
1495,35,920,Sham19Y0131521,3238,464,1315,450,48
1495,298,520,Shamela0005968,61,940,1237,133,51
1495,1,829,Shamela0004473,4039,288,827,402,60
1495,320,507,ShamAY0034066,1013,45,211,116,79
1495,640,793,Shamela0001665,453,1385,1537,120,99
1495,793,1217,Shamela0001665,454,1,627,242,45
1495,982,1261,ShamAY0033531,1748,49,317,154,63
1495,1374,1540,Sham19Y0014224,910,614,779,131,98
1495,693,1143,Sham19Y0014224,911,657,1424,248,36
1495,317,640,Sham19Y0014224,914,1,274,210,80
1495,58,507,Shamela0002300,4452,794,1154,201,52
1495,127,507,Sham19Y0023618,1297,1111,1434,163,49
1495,986,1157,Sham19Y0132971,376,592,776,124,80
1495,1,888,ShamAY0035249,304,626,1514,711,99
1495,888,1583,ShamAY0035249,305,1,695,567,99
1495,320,507,Tafsir06049,4780,1162,1333,121,82
1495,982,1517,Sham19Y0122257,1999,17,324,208,47
1496,953,1318,Shamela0007891,1531,889,1127,125,36
1496,953,1318,Shamela0001733,4961,323,570,120,34
1496,953,1318,Shamela0012415,536,865,1069,99,27
1496,953,1318,Sham19Y0017350,918,337,577,125,36
1496,5,333,Sham19Y0017350,922,791,1096,208,79
1496,15,324,Sham19Y0013769,1495,579,862,141,46
1496,953,1318,Shamela0000767,3616,799,1046,125,36
1496,953,1318,Sham19Y0148486,4416,434,672,125,36
1496,953,1318,Sham19Y0148486,4929,608,853,125,35
1496,953,1318,Shia003101Vols,54,301,553,123,35
1496,953,1318,Shamela0008176,4243,134,340,109,31
1496,953,1318,JK000977,1362,975,1213,125,36
1496,953,1318,Shamela0021744,2484,883,1090,104,30
1496,953,1318,JK000299,2134,573,780,104,30
1496,953,1318,Shamela0002863,1879,867,1063,97,27
1496,953,1310,Shamela0025794,5222,855,1278,118,24
1496,58,502,Sham19Y0131521,3239,261,828,170,30
1496,953,1318,Shamela0001727,815,766,999,125,36
1496,953,1318,JK000916,2582,722,964,125,36
1496,953,1318,Shamela0003118,1038,638,862,125,37
1496,953,1318,Shia000819,137,308,526,113,33
1496,953,1325,ShamAY0033910,680,660,919,125,35
1496,953,1318,Shamela0022645,1048,609,849,124,36
1496,953,1318,Shamela0004473,6748,1211,1463,125,35
1496,953,1318,Kraken230106005528,793,631,869,107,28
1496,953,1325,JK000130,681,911,1170,125,35
1496,953,1318,Shia002158,44,928,1179,125,35
1496,75,338,ShamIbadiyya0000433,795,669,896,125,59
1496,953,1310,Sham19Y0013253,489,645,861,116,34
1496,953,1325,Sham19Y0014827,218,1,239,124,36
1496,953,1318,Shamela0001442,761,860,1110,124,35
1496,75,1278,ShamAY0033522,478,391,1512,431,34
1496,953,1318,Shamela0023628,3474,845,1085,125,36
1496,953,1318,Sham19Y0122406,2182,663,894,123,35
1496,953,1318,Sham19Y0145212,2164,877,1083,109,31
1496,953,1318,Shia001989,182,1024,1272,124,35
1496,953,1318,Sham19Y0001734,1553,229,467,125,36
1496,953,1318,Sham19Y0001734,1644,187,424,124,36
1496,953,1318,Shamela0036446,525,151,342,99,28
1496,971,1318,Shia002901Vols,1006,473,693,113,34
1496,953,1318,Shamela0025800,2150,937,1170,125,36
1496,953,1318,Sham19Y0017791,1100,636,848,109,31
1496,953,1318,Sham19Y0017791,1101,392,881,124,22
1496,953,1318,Sham19Y0150600,650,602,838,125,36
1496,324,890,Sham19Y0014224,911,1239,1506,115,21
1496,953,1318,Sham19Y0131336,1382,41,279,125,36
1496,839,1258,Sham19Y0006684,2188,629,1074,75,13
1496,953,1318,Sham19Y0020638,666,1053,1286,125,36
1496,953,1318,JK000475,1237,990,1195,98,28
1496,953,1318,Shia000820Vols,2301,63,259,98,28
1496,953,1318,Shamela0021766,4531,785,1014,121,35
1496,953,1318,Shamela0021479,136,1080,1321,125,36
1496,953,1318,Sham19Y0146127,2656,216,426,107,30
1496,75,329,Shamela0000551,1996,1129,1335,146,70
1496,953,1318,Sham19Y0016976,1106,575,787,109,31
1496,953,1318,Shamela0000041,2617,1161,1399,123,36
1496,1,853,ShamAY0035249,305,695,1547,676,99
1496,853,1483,ShamAY0035249,306,1,528,420,83
1496,953,1318,JK007065,1494,681,916,125,36
1496,953,1318,Sham19Y0011194,148,227,462,125,36
1496,953,1318,Sham19Y0014119,362,740,944,109,31
1496,953,1318,Sham19Y0017063,772,925,1138,109,31
1496,953,1318,Masaha001838,64,892,1269,131,30
1496,953,1318,Sham19Y0148271,2336,621,861,125,36
1496,953,1318,Shamela0008360,504,1088,1294,109,31
1497,1,459,Sham19Y0013769,1498,746,1175,216,51
1497,98,366,Shamela0008176,4246,789,1068,157,64
1497,98,366,ShamAY0033531,1748,434,652,153,72
1497,947,1116,ShamAY0033531,1749,1172,1375,132,80
1497,1,454,Sham19Y0014224,912,236,705,340,88
1497,1,454,ShamAY0035249,306,528,979,359,98
1497,98,337,Sham19Y0122257,1999,324,526,161,83
1498,1109,1314,Shamela0025794,5228,580,872,77,26
1498,1083,1314,Shamela0001727,818,532,1037,122,28
1498,1083,1314,Shamela0011385,4037,381,853,119,32
1498,1139,1507,Sham19Y0122406,2190,316,634,150,48
1498,1281,1507,Sham19Y0132524,1571,1088,1269,127,73
1498,1264,1507,Sham19Y0132524,3058,359,565,113,54
1498,91,472,Shamela0001875,1210,107,513,73,13
1498,346,472,Shamela0025800,2152,588,823,87,46
1498,1083,1314,Shamela0025800,2152,831,1151,115,36
1498,91,417,Sham19Y0020638,668,189,591,86,17
1498,1109,1314,Sham19Y0020638,668,682,956,96,37
1498,1083,1314,JK007065,1496,432,825,119,40
1499,71,281,Shamela0025794,5221,906,1437,46,8
1499,71,284,Shamela0001727,819,222,532,48,13
1499,71,284,Shamela0009810,738,125,363,71,27
1499,71,284,Shia001731Vols,399,433,671,71,27
1499,723,930,Shamela0010527,107,56,184,70,43
1499,723,899,Sham19Y0018144,5105,1265,1478,143,82
1499,902,1571,Zaydiyya0000080,391,334,524,116,21
1500,848,989,JK007083,200,52,207,110,89
1500,848,989,Sham19Y0013667,4393,421,569,100,80
1500,848,989,Shamela0000767,3965,1061,1250,107,71
1500,853,989,Shamela0008176,4253,999,1142,104,92
1500,853,1132,Sham19Y0017747,1742,534,860,149,50
1500,848,989,JK000977,1370,987,1124,101,90
1500,848,1232,Shia002616Vols,6244,991,1362,175,48
1500,801,1005,Tafsir09085,762,1269,1517,140,67
1500,848,989,JK006897,444,40,195,110,89
1500,848,989,Shamela0002863,1849,1144,1299,110,89
1500,122,461,Sham19Y0131521,3240,1339,1557,137,47
1500,756,989,Shamela0021590,1112,643,852,131,64
1500,848,1403,Shamela0001727,821,109,316,150,33
1500,756,989,Sham19Y0017757,144,62,312,131,60
1500,843,1232,Shamela0000432,5514,737,1231,153,32
1500,862,989,Shamela0011498,1023,19,147,101,99
1500,853,989,Shamela0009810,801,1204,1346,108,95
1500,853,993,Shia001731Vols,434,745,891,108,93
1500,857,989,Shamela0005922,2482,754,891,100,92
1500,853,989,JK000271,255,1031,1168,108,99
1500,853,989,Sham19Y0017903,675,1290,1431,99,90
1500,776,1403,Sham19Y0122406,2195,195,1468,294,26
1500,848,989,Sham19Y0145212,2165,1323,1471,108,92
1500,848,1232,Sham19Y0132524,1577,882,1449,172,33
1500,831,989,Shamela0001875,1251,1111,1272,110,80
1500,848,989,Sham19Y0018144,1385,616,758,111,98
1500,848,989,Shamela0036446,526,471,609,109,96
1500,853,989,Sham19Y0017791,1102,632,775,104,92
1500,848,989,Shia003732Vols,4007,887,1042,110,89
1500,853,1000,Sham19Y0020638,670,620,784,117,89
1500,473,674,Shamela0012703,74,1227,1425,158,97
1500,848,989,Shia000820Vols,2553,1364,1510,106,89
1500,848,989,Shamela0021766,4521,48,201,109,90
1500,810,1020,Shamela0000551,2024,1010,1244,126,66
1500,853,989,Sham19Y0016976,1108,322,465,104,92
1500,853,1020,Sham19Y0017616,212,1236,1395,116,86
1500,848,989,JK007065,655,230,372,112,99
1500,848,989,Sham19Y0122257,1999,1053,1201,108,92
1500,848,993,Sham19Y0013783,2689,1377,1523,104,88
1500,857,1650,Sham19Y0017063,775,346,1379,317,29
1500,848,989,Sham19Y0014325,5266,112,264,109,90
1500,848,989,Shamela0008360,505,279,427,108,92
1501,873,1030,Sham19Y0017350,926,1,135,90,68
1501,783,1034,Sham19Y0013769,1508,954,1518,139,30
1501,1034,1234,Sham19Y0017747,1728,741,940,157,97
1501,1030,1234,Shamela0021590,1105,672,887,161,92
1501,783,891,Shamela0001665,456,102,609,64,15
1501,1385,1542,Shia001831Vols,353,903,1089,90,55
1501,1,467,Sham19Y0014224,917,876,1359,230,52
1501,325,891,Sham19Y0014224,918,208,557,98,17
1501,863,1278,Sham19Y0013252,7321,661,1024,272,81
1501,28,239,Sham19Y0017442,412,1362,1562,150,83
1502,64,162,Sham19Y0017350,925,15,114,76,97
1502,400,1151,Sham19Y0013769,1511,273,1386,415,43
1502,834,1378,Shamela0008176,4262,19,527,317,65
1502,167,400,Shamela0001727,822,244,593,85,23
1502,933,1501,Shamela0005756,2019,1259,1505,175,37
1502,39,162,Shamela0009702,593,748,870,95,98
1502,801,1445,ShamAY0033531,1756,930,1571,514,96
1502,400,687,ShamAY0033531,1756,88,375,233,100
1502,1445,1599,ShamAY0033531,1757,1,159,129,97
1502,471,687,Sham19Y0014224,920,475,755,150,64
1502,718,1151,Sham19Y0014224,921,214,882,212,35
1502,1256,1460,Sham19Y0014224,921,1235,1570,147,53
1502,933,1552,Sham19Y0013252,1152,748,1140,226,38
1502,723,1378,Sham19Y0122257,2002,207,762,329,58
1502,834,1378,Sham19Y0014601,3633,181,810,317,57
1502,1,141,Sham19Y0017442,412,657,792,108,95
1503,1,532,Sham19Y0013769,1512,740,1205,260,50
1503,1098,1576,Sham19Y0013769,1513,49,530,377,96
1503,812,1357,Shamela0008176,4262,617,958,242,53
1503,1078,1357,Shamela0021715,8342,52,257,135,56
1503,597,1067,Shamela0005756,2020,589,1017,325,83
1503,270,454,ShamAY0033522,488,1156,1345,118,76
1503,1098,1533,Sham19Y0145212,2169,208,423,135,38
1503,270,395,Sham19Y0127713,1071,711,846,99,91
1503,1090,1576,Sham19Y0014224,920,755,1248,374,90
1503,1,1078,Sham19Y0014224,922,279,1179,562,62
1503,1,149,Sham19Y0013252,1152,1035,1228,108,65
1503,562,1067,Sham19Y0013252,1153,248,765,344,75
1503,611,835,Sham19Y0013252,8066,1351,1594,150,72
1503,812,1533,Sham19Y0122257,2002,851,1246,268,45
1504,680,1268,ShamIbadiyya0000438,661,1048,1428,225,45
1504,1,503,Sham19Y0013769,1513,530,1199,170,21
1504,689,1365,Sham19Y0013769,1516,408,1234,357,49
1504,578,1135,Sham19Y0017437,1383,1070,1529,256,48
1504,680,935,Shamela0005756,2020,1028,1227,148,71
1504,680,917,Shamela0005756,12847,1035,1272,145,66
1504,671,1272,Shamela0001673,8083,590,1340,276,38
1504,680,904,ShamAY0033531,1757,1329,1553,181,100
1504,1,170,Sham19Y0014224,920,1256,1425,140,100
1504,652,1140,Sham19Y0014224,923,450,938,252,55
1504,1140,1459,Sham19Y0014224,924,460,1162,242,43
1504,1423,1561,Sham19Y0020638,1717,907,1051,108,92
1504,671,1256,Shamela0009242,2978,863,1514,264,39
1504,652,935,Sham19Y0014601,3625,36,363,183,60
1504,680,1256,Sham19Y0014601,3636,980,1421,231,44
1504,503,850,Sham19Y0017063,776,671,1027,164,48
1504,612,786,Shamela0000791,356,1391,1543,106,69
1504,786,1561,Shamela0000791,357,1,487,385,61
1505,491,787,Rafed0003257Vols,722,1154,1544,178,56
1505,491,784,Shamela0012415,520,663,895,94,34
1505,82,455,Sham19Y0017350,931,1071,1560,202,46
1505,555,1186,Sham19Y0017350,932,204,862,445,77
1505,486,1186,Sham19Y0013667,4408,131,1056,400,47
1505,575,1046,ShamIbadiyya0000438,663,969,1508,318,68
1505,499,1186,Sham19Y0013769,1519,1,862,361,46
1505,394,795,Sham19Y0032381,165,1033,1404,209,60
1505,491,787,Shia003965Vols,6125,1166,1457,165,62
1505,724,877,Sham19Y0131521,3261,1115,1264,75,53
1505,555,784,JK007128,1061,556,797,132,59
1505,575,993,Shamela0021715,8337,620,1087,234,51
1505,568,743,Sham19Y0017437,1386,1349,1531,123,77
1505,743,1064,Sham19Y0017437,1387,1,517,205,48
1505,579,1186,Shamela0005756,12849,96,663,299,55
1505,575,902,Shamela0001673,8085,1126,1521,219,67
1505,575,795,Shamela0004473,12872,844,1065,161,86
1505,579,800,ShamIbadiyya0000433,816,508,741,144,74
1505,93,1138,Shamela0001665,459,286,1369,735,80
1505,491,763,Sham19Y0013253,493,1274,1513,163,77
1505,800,1509,Shia001831Vols,354,1,285,196,33
1505,150,784,ShamAY0033522,490,224,597,213,38
1505,491,1138,Sham19Y0122406,2204,968,1406,225,37
1505,800,1064,Sham19Y0122406,2205,962,1227,159,66
1505,639,849,Sham19Y0132524,1584,1336,1534,142,83
1505,394,993,ShamAY0033531,1758,380,1291,331,40
1505,579,800,Sham19Y0018103,3283,113,310,145,83
1505,491,743,Shamela0001687,4409,119,443,158,61
1505,555,784,Shamela0025800,2165,184,433,153,68
1505,458,1064,Sham19Y0014224,926,1,1342,338,31
1505,150,389,ShamAY0035950,834,965,1172,160,82
1505,491,784,Sham19Y0016782,657,1228,1483,182,78
1505,491,784,ShamAY0007299,2130,211,445,122,49
1505,555,784,JK001211,262,477,707,157,77
1505,491,784,Sham19Y0017829,809,1155,1417,183,78
1505,653,784,Shamela0007012,407,1,138,82,63
1505,196,389,Sham19Y0013252,8071,1,180,136,87
1505,491,784,JK007040,3237,1027,1313,168,64
1505,579,784,Shamela0000551,2042,331,544,141,80
1505,575,988,Shamela0009242,2983,160,547,223,56
1505,575,918,Sham19Y0017616,591,471,715,177,64
1505,561,784,Sham19Y0013241,1433,822,1069,138,62
1505,628,934,Sham19Y0018194,212,18,315,121,35
1505,579,800,Sham19Y0011194,368,817,1045,174,96
1505,621,784,Sham19Y0018254,982,1281,1441,103,68
1505,1,792,Shamela0000791,357,487,853,200,29
1505,579,811,Sham19Y0013605,3913,947,1165,156,81
1506,690,982,Shamela0021848BK1,1706,439,578,87,37
1506,117,404,Sham19Y0013769,1515,773,1193,195,54
1506,999,1649,Sham19Y0013769,1520,420,1268,469,62
1506,703,994,Sham19Y0017747,1741,389,845,164,39
1506,838,982,Sham19Y0017437,1378,341,504,114,85
1506,110,418,Shamela0005756,2021,110,339,148,59
1506,1108,1429,Shamela0005756,8483,1049,1461,186,49
1506,988,1559,Shamela0005756,11769,622,1091,355,75
1506,1143,1429,Shamela0005756,12790,292,531,140,56
1506,151,737,Shamela0005756,12853,381,1150,218,27
1506,141,517,Shamela0001673,8087,919,1327,212,58
1506,852,982,Shamela0001673,8088,771,901,107,100
1506,1018,1545,Shamela0009702,1057,1,403,236,49
1506,1011,1649,JK000168,109,829,1421,456,87
1506,147,517,ShamAY0033531,1763,35,436,209,58
1506,852,1004,ShamAY0033531,1763,1404,1549,116,93
1506,1,147,Sham19Y0019230,917,426,572,119,100
1506,716,1011,Sham19Y0017729,612,146,354,161,67
1506,666,999,Sham19Y0014224,923,943,1285,258,90
1506,982,1649,Sham19Y0014224,927,724,1342,476,84
1506,1097,1551,Sham19Y0018353,1162,214,552,254,68
1506,147,796,Sham19Y0013252,1154,7,581,237,39
1506,1004,1513,Sham19Y0013252,4839,27,409,273,65
1506,1097,1649,Shamela0011036,1815,927,1463,433,96
1506,852,994,Shamela0009242,2985,941,1084,109,92
1506,737,982,Sham19Y0017616,591,805,977,139,68
1506,690,955,Sham19Y0014580,2431,1,588,120,23
1506,96,754,Sham19Y0020590,245,129,706,187,26
1506,690,955,Sham19Y0017063,777,165,567,203,60
1506,1267,1633,Sham19Y0014325,5059,298,620,172,48
1506,721,982,Shamela0000791,358,6,193,145,68
1507,261,1082,Sham19Y0017350,934,674,1074,199,28
1507,1,182,Sham19Y0013769,1520,1268,1428,114,76
1507,664,1027,Sham19Y0013769,1522,898,1362,218,50
1507,1162,1508,Sham19Y0013769,1525,83,388,239,83
1507,505,969,Shamela0008176,4206,1350,1550,130,34
1507,193,869,Sham19Y0017747,1701,48,582,392,71
1507,711,969,Shamela0021715,7339,1296,1565,180,77
1507,193,1082,Shamela0021599,3046,515,958,330,45
1507,547,969,Shamela0005756,8478,705,1059,229,64
1507,165,735,Shamela0005756,11769,1084,1564,264,46
1507,735,1003,Shamela0005756,11770,1,238,166,75
1507,519,1032,Shamela0005922,2441,924,1360,187,39
1507,200,1162,Shamela0003565,6048,329,906,375,44
1507,767,969,ShamAY0033531,1731,6,224,157,87
1507,880,1021,Sham19Y0132415,805,527,662,107,94
1507,1,143,Sham19Y0014224,927,1342,1465,91,78
1507,570,1027,Sham19Y0014224,929,1,515,350,84
1507,200,1162,Shamela0009873,1723,193,744,234,26
1507,547,969,Sham19Y0013252,4838,600,946,242,69
1507,547,869,Sham19Y0013252,7998,655,867,138,56
1507,284,1021,Masaha001946Vols,787,819,1362,234,31
1507,193,1013,Shamela0011036,1814,847,1530,522,78
1507,1,175,Shamela0011036,1815,1463,1626,133,93
1507,200,1123,Shamela0021598,5786,761,1228,347,46
1507,514,1162,Shamela0009242,2945,618,1370,244,31
1507,172,1082,Sham19Y0122257,1984,419,971,310,38
1507,317,1082,Sham19Y0017063,763,719,1114,247,37
1507,711,969,Sham19Y0013605,3548,958,1233,183,80
1508,1045,1551,Sham19Y0020561,1675,1175,1407,170,41
1508,1045,1551,Sham19Y0020944,487,1180,1415,168,40
1508,1045,1544,JK007083,198,559,792,174,42
1508,1045,1532,Sham19Y0013667,5983,292,493,144,37
1508,1,259,Sham19Y0013769,1525,420,684,200,93
1508,1045,1532,Sham19Y0016584,3620,897,1108,166,42
1508,1045,1532,Sham19Y0016584,3654,974,1193,166,41
1508,1388,1532,Sham19Y0148486,4803,358,506,116,97
1508,1045,1544,Shamela0006610,818,398,614,165,41
1508,1045,1532,Shia000841Vols,7634,206,412,165,42
1508,1045,1544,Shia000841Vols,7942,190,387,158,39
1508,1045,1558,Shamela0011428,1299,589,843,177,41
1508,1045,1532,Sham19Y0131521,3168,317,530,160,40
1508,1045,1532,Shamela0021715,8206,200,411,166,42
1508,1045,1532,Shamela0021715,8300,437,656,166,41
1508,1045,1532,Shamela0001727,826,385,592,166,42
1508,1112,1383,Shamela0005756,11771,1017,1304,214,91
1508,621,946,Shamela0005756,11771,166,487,248,95
1508,1045,1532,Shamela0005756,12675,140,351,164,41
1508,1045,1532,Shamela0005756,12802,753,972,166,41
1508,1045,1532,Shamela0021626,23,1225,1436,166,42
1508,1045,1532,Shamela0117359,555,734,951,166,41
1508,1388,1544,Shamela0005922,2441,362,515,123,98
1508,621,1115,Sham19Y0014309,854,163,621,345,86
1508,1045,1544,JK000271,253,187,445,173,40
1508,1045,1536,ShamAY0033181,844,497,719,167,41
1508,1045,1536,Shamela0007370,2556,698,927,161,39
1508,1045,1532,Shamela0005815,102,659,859,157,39
1508,1045,1536,JK009324,2529,1254,1476,168,41
1508,1045,1532,Sham19Y0016934,6012,282,514,164,40
1508,621,737,ShamAY0033531,3321,1442,1558,93,100
1508,737,1049,ShamAY0033531,3322,1,314,246,98
1508,621,1049,ShamAY0033531,4504,833,1262,339,98
1508,1045,1532,Sham19Y0018106,3354,528,739,166,42
1508,1045,1532,Sham19Y0018144,1356,182,386,156,39
1508,1045,1544,Shamela0036446,517,890,1106,157,37
1508,1045,1532,Sham19Y0036114,455,506,727,161,39
1508,1045,1532,Sham19Y0018103,3241,941,1152,166,42
1508,1045,1532,Sham19Y0018103,3269,339,558,166,41
1508,1045,1544,Shamela0025800,3062,481,699,170,41
1508,1045,1532,Sham19Y0014462,48,446,679,166,40
1508,30,241,Sham19Y0014224,931,1250,1449,162,93
1508,1045,1532,Sham19Y0131336,1335,605,849,166,39
1508,1045,1532,Sham19Y0020638,674,532,743,166,42
1508,1045,1532,Sham19Y0020591,810,718,931,160,40
1508,1045,1532,Sham19Y0013252,7863,140,351,166,42
1508,1045,1532,Sham19Y0013252,7996,761,980,166,41
1508,1045,1532,Masaha001946Vols,785,1039,1246,166,42
1508,1045,1532,Shamela0010835,266,56,270,166,41
1508,1045,1544,Shamela0009242,2942,348,568,171,42
1508,1045,1532,Sham19Y0017616,215,382,589,166,42
1508,1388,1571,Sham19Y0020891,832,596,821,139,76
1508,1045,1544,JK007065,323,1173,1390,174,43
1508,1045,1532,Sham19Y0018176,1960,957,1168,166,42
1508,1045,1536,Sham19Y0018176,1977,287,510,166,41
1508,720,985,Sham19Y0122257,1982,6,276,191,82
1508,1045,1532,Shamela0021743,1286,1056,1269,160,40
1508,1388,1532,Sham19Y0018100,1172,1285,1429,116,100
1508,1045,1532,Sham19Y0013605,3865,489,700,166,42
1508,1045,1536,Sham19Y0013605,3898,426,649,166,41
1509,273,929,Sham19Y0013769,1526,113,840,356,51
1509,888,1462,Shamela0008176,4207,64,964,220,26
1509,888,1383,Sham19Y0131521,3175,1069,1538,213,44
1509,950,1231,Shamela0021715,7333,388,621,172,73
1509,1,131,Shamela0001727,826,1239,1370,105,99
1509,1,241,Shamela0005756,11774,771,912,103,53
1509,1,131,Sham19Y0127677,7529,55,186,105,99
1509,893,1231,Shamela0001673,8023,1050,1352,191,65
1509,1,135,Sham19Y0017903,667,259,391,76,69
1509,1,131,Sham19Y0122406,2213,696,827,105,99
1509,273,645,Sham19Y0014224,933,1358,1612,200,64
1509,888,1244,Shamela0009873,1721,553,985,163,39
1509,1156,1535,Masaha001946Vols,786,531,916,186,53
1509,945,1225,Shamela0000551,1959,1166,1375,148,61
1509,1062,1225,Shamela0009242,2946,446,609,121,92
1509,247,1535,Sham19Y0122257,1982,285,1383,428,30
1510,831,1530,Sham19Y0013667,4533,73,481,259,44
1510,1164,1530,Sham19Y0013769,1527,994,1440,270,75
1510,297,915,Shamela0001727,826,492,917,120,18
1510,867,1480,Shamela0005756,11772,1337,1500,93,19
1510,1143,1422,Shamela0005756,11775,486,708,168,76
1510,1152,1530,Shamela0005756,12805,186,693,231,53
1510,297,919,Shamela0005922,2441,406,712,109,19
1510,297,952,JK000271,253,325,577,117,22
1510,513,915,Sham19Y0017903,667,339,478,97,30
1510,352,915,Sham19Y0122406,2213,15,374,117,22
1510,297,915,Shamela0036446,517,988,1189,108,22
1510,297,915,Shamela0025800,3062,589,886,123,24
1510,919,1304,Sham19Y0014224,935,1154,1549,274,86
1510,1304,1530,Sham19Y0014224,936,1,236,174,92
1510,297,561,Shamela0009242,2942,455,660,84,38
1510,297,561,Sham19Y0020891,832,640,915,87,32
1510,1,184,Sham19Y0122257,1982,1387,1553,116,76
1511,531,1192,JK007083,197,40,562,214,31
1511,1,165,Sham19Y0013667,4533,481,640,128,96
1511,1192,1387,Sham19Y0013769,1524,1025,1230,146,86
1511,531,756,Sham19Y0017747,1700,1084,1261,75,39
1511,531,749,Shamela0001719,2638,1130,1300,86,40
1511,47,191,Sham19Y0131521,4106,1335,1498,115,85
1511,531,756,Shamela0021590,1091,516,693,70,27
1511,1384,1559,Shamela0021715,7338,763,967,103,62
1511,531,749,Shamela0001727,827,682,897,41,12
1511,531,756,Sham19Y0017757,142,27,204,70,27
1511,1192,1379,Sham19Y0017437,1399,1029,1279,127,62
1511,1,165,Shamela0005756,12805,693,852,128,96
1511,1384,1559,Shamela0005756,12815,8,196,103,67
1511,1384,1559,Shamela0001673,8032,992,1196,106,63
1511,1133,1379,Shamela0001673,8033,799,1093,139,58
1511,686,1192,Shamela0021713,1518,1,367,161,30
1511,543,1128,JK000201,1883,8,509,376,77
1511,531,749,Shamela0001875,1232,82,298,96,46
1511,1180,1379,ShamAY0033531,1730,1,252,128,61
1511,537,1192,Shamela0025800,3069,1,408,177,26
1511,781,1559,Sham19Y0014224,933,439,1049,277,37
1511,1,202,Sham19Y0014224,936,236,434,157,95
1511,526,1192,Sham19Y0020638,675,759,1352,157,18
1511,1,165,Sham19Y0013252,8010,927,1079,124,92
1511,1209,1559,Shamela0011036,1820,1,351,269,93
1511,531,1192,Sham19Y0017616,216,132,644,160,20
1511,531,749,Sham19Y0013241,1395,558,773,41,12
1511,613,872,Sham19Y0020590,242,83,298,163,77
1511,531,749,Shia002119Vols,2258,1008,1223,41,12
1511,531,1192,JK007065,517,346,865,214,31
1511,1,165,Sham19Y0014601,3551,920,1078,128,96
1512,143,835,JK007083,197,583,1039,245,42
1512,464,835,Sham19Y0123510,754,814,1058,137,44
1512,464,835,Shamela0026542,167,767,1005,136,45
1512,874,1113,Sham19Y0013667,4504,439,681,188,94
1512,464,835,Sham19Y0013667,4511,80,322,132,41
1512,464,835,Sham19Y0148486,4818,209,484,136,44
1512,218,507,Shamela0008176,4211,578,1276,160,26
1512,962,1150,Sham19Y0017747,1712,1,188,148,96
1512,138,835,JK006897,441,442,918,241,40
1512,472,835,Shamela0021744,2336,1,232,136,46
1512,464,835,Shia000841Vols,7945,1168,1417,143,48
1512,627,835,JK000299,2009,46,213,107,61
1512,688,1142,Sham19Y0131521,3184,39,347,169,42
1512,464,835,Shamela0001727,829,1091,1342,144,48
1512,902,1142,JK010646,224,604,956,167,57
1512,464,835,Sham19Y0013572,840,554,804,142,44
1512,881,1099,Shamela0005756,8482,31,199,110,60
1512,874,1099,Shamela0005756,9484,1196,1363,100,53
1512,881,1142,Sham19Y0127677,9531,1122,1341,121,51
1512,870,1142,Sham19Y0127677,20837,878,1107,124,49
1512,464,835,ShamAY0033973,268,775,943,106,35
1512,881,1142,Shia003923Vols,244,1130,1349,129,55
1512,870,1150,Sham19Y0013253,193,706,859,110,45
1512,795,1150,Sham19Y0013253,498,153,469,242,80
1512,464,835,Shamela0021713,1518,1038,1273,141,46
1512,864,1099,Shamela0010527,263,1319,1528,160,81
1512,870,1150,Sham19Y0122406,358,836,989,109,45
1512,795,1150,Sham19Y0122406,2223,957,1260,235,78
1512,464,874,Shamela0000727,165,36,316,143,44
1512,459,835,Shamela0005744,14,1016,1261,140,46
1512,464,835,Shamela0010765,781,222,402,115,38
1512,402,835,Shamela0001875,1236,130,474,164,44
1512,464,835,Shia002003Vols,1235,29,209,117,38
1512,881,1099,Masaha004561Vols,719,892,1060,102,55
1512,627,835,Kraken230110004547,580,30,190,94,55
1512,464,835,Shia003461Vols,229,27,260,137,42
1512,421,835,Shamela0025800,3065,12,321,153,41
1512,464,835,ShamAY0034005,652,804,1050,142,47
1512,627,835,Sham19Y0020638,677,56,235,108,62
1512,881,1150,Sham19Y0016782,127,281,576,209,83
1512,795,1142,Sham19Y0123665,1407,682,1055,233,73
1512,857,1047,Shamela0011036,1290,1038,1362,131,49
1512,218,397,Shamela0011036,1820,1217,1448,133,70
1512,464,835,Shamela0009242,2950,197,447,143,47
1512,126,835,Sham19Y0017616,216,655,1260,266,43
1512,464,835,JK007065,849,1063,1313,142,44
1512,25,707,Sham19Y0122257,1984,93,733,221,30
1512,126,507,Sham19Y0017063,764,561,1179,234,42
1512,480,627,Sham19Y0017063,765,351,502,117,95
1513,169,545,Sham19Y0020944,1065,755,1084,142,36
1513,169,366,Sham19Y0123510,719,785,984,150,92
1513,259,366,Sham19Y0148486,5553,1,108,85,100
1513,203,545,Shamela0003485,202,158,411,139,47
1513,241,657,Shamela0008176,4217,104,830,219,33
1513,169,366,Shamela0001719,4012,689,895,154,94
1513,169,493,Shia000841Vols,8763,16,498,215,54
1513,428,667,Shia000841Vols,8764,742,977,191,98
1513,169,366,Shamela0011428,1361,757,980,96,54
1513,169,545,Sham19Y0131521,6050,632,971,182,55
1513,277,993,Sham19Y0131521,6051,316,922,260,37
1513,169,497,JK007128,852,284,600,148,46
1513,250,493,Shamela0001727,831,1,592,149,31
1513,169,493,Sham19Y0013572,1352,1,414,215,62
1513,169,366,Shamela0009810,998,518,713,147,90
1513,169,366,Shia001731Vols,555,468,664,148,90
1513,169,545,Shamela0117359,1051,941,1251,159,48
1513,203,432,Kraken230106005528,322,476,597,85,43
1513,203,366,Shamela0005922,2731,1251,1413,126,97
1513,203,366,Sham19Y0014309,853,1031,1223,127,81
1513,255,822,Sham19Y0014309,854,745,1245,280,49
1513,385,1171,Shia001831Vols,354,1047,1555,341,52
1513,169,370,Shamela0021713,1519,1226,1427,154,96
1513,169,493,Shamela0021713,1556,887,1255,206,66
1513,169,545,Shamela0001442,821,898,1231,139,35
1513,1079,1454,Shamela0000140,222,1255,1485,152,45
1513,169,493,Sham19Y0122406,2226,156,836,212,38
1513,245,1498,Sham19Y0132524,1596,44,1010,241,18
1513,169,428,Shamela0001875,1239,968,1435,190,51
1513,916,1498,Shamela0001875,1240,23,710,109,13
1513,241,993,ShamAY0033531,3321,689,1067,224,36
1513,241,993,ShamAY0033531,4504,80,458,224,36
1513,193,366,Kraken230110004547,132,538,693,108,69
1513,169,493,Sham19Y0018144,1406,303,815,163,36
1513,203,366,Shamela0025800,756,561,724,130,100
1513,186,370,Shamela0025800,2308,407,593,146,98
1513,169,683,Sham19Y0018272,1626,573,998,310,73
1513,169,493,Sham19Y0020638,678,682,1185,213,51
1513,186,493,Sham19Y0123665,1630,425,837,176,49
1513,169,545,Sham19Y0020591,1645,459,798,182,55
1513,169,1289,Shamela0009873,1723,640,1270,305,29
1513,169,366,Sham19Y0146127,3027,378,530,120,77
1513,274,827,Sham19Y0023625,2593,702,1150,334,73
1513,269,493,JK007065,1085,1,361,130,43
1513,557,978,Sham19Y0122257,1987,1,706,156,23
1514,42,490,JK006833,182,788,957,114,31
1514,356,490,Shamela0001733,4137,205,335,88,82
1514,831,1039,Sham19Y0123510,785,1067,1263,138,85
1514,831,1039,Shamela0021495,368,64,264,140,84
1514,831,1266,Sham19Y0017350,938,144,653,219,53
1514,1073,1402,Sham19Y0013769,1528,881,1323,250,66
1514,831,1035,Sham19Y0013769,1528,192,390,148,93
1514,831,1014,Sham19Y0148486,5403,687,908,132,73
1514,953,1345,Sham19Y0032381,164,989,1371,216,61
1514,842,1035,JK010001,1135,534,711,125,81
1514,351,490,Shamela0021809,2604,855,986,96,85
1514,831,1039,Shamela0002863,1825,767,967,140,84
1514,356,490,Kraken210714194926,448,801,925,96,90
1514,356,490,Shamela0025794,3365,595,726,99,90
1514,356,495,Sham19Y0036110,356,674,802,97,87
1514,842,1035,Tafsir07055,1206,6,202,140,90
1514,1123,1339,Shamela0021715,10946,564,769,137,73
1514,356,490,Shamela0009270,297,956,1078,96,91
1514,356,490,Shamela0001727,831,1059,1192,101,92
1514,831,1035,Shamela0001727,832,76,274,148,93
1514,42,490,Shia001960,186,18,171,105,29
1514,831,1035,Sham19Y0017437,1411,1028,1224,146,91
1514,831,1301,Shamela0009810,790,6,659,240,40
1514,852,1206,Shamela0005922,2448,108,541,170,42
1514,831,1035,Shamela0001665,462,252,453,145,89
1514,356,490,Shamela0021713,1520,483,616,101,92
1514,1153,1550,JK000201,2851,173,679,222,51
1514,831,1031,Shamela0008493,233,526,756,136,72
1514,341,476,Shamela0006410,4,209,338,88,82
1514,356,490,Shamela0004289,152,295,417,96,91
1514,831,1035,Sham19Y0122406,2229,713,911,148,93
1514,672,1014,Sham19Y0145212,2156,798,1320,182,41
1514,356,490,Sham19Y0001734,2148,871,1004,100,91
1514,341,490,Sham19Y0132524,1597,200,498,100,42
1514,889,1290,Sham19Y0149697,5146,1160,1492,169,40
1514,356,534,Shamela0001875,1240,365,561,122,76
1514,1277,1550,ShamAY0033531,1734,937,1124,145,66
1514,356,490,Sham19Y0018144,1407,1085,1227,98,88
1514,356,490,Shamela0036446,504,1330,1453,97,91
1514,42,490,Shamela0013084,134,812,955,105,29
1514,1039,1323,Sham19Y0020983,226,1,262,149,56
1514,831,1109,Shamela0021721,3391,830,1394,153,33
1514,831,1035,Sham19Y0150600,668,1218,1419,145,89
1514,831,1417,Sham19Y0014224,936,518,1320,447,67
1514,356,484,ShamAY0034005,13,230,361,92,86
1514,831,1039,ShamAY0035950,354,485,682,140,86
1514,831,1035,Sham19Y0020638,679,959,1157,148,93
1514,356,505,Sham19Y0020638,679,35,184,103,84
1514,356,490,JK000216,481,134,262,97,88
1514,356,469,Rafed0001792Vols,67,77,180,81,90
1514,1039,1402,Shamela0011036,1823,363,838,284,72
1514,1417,1550,Shamela0011036,1823,1380,1511,103,97
1514,356,490,Shamela0000551,2353,816,944,97,88
1514,356,490,Shamela0000976,36,107,230,92,84
1514,831,1035,JK007065,883,942,1141,148,93
1514,356,490,JK007065,1184,964,1098,101,92
1514,831,1035,Sham19Y0011194,152,579,777,149,94
1514,831,1518,Sham19Y0017063,767,71,968,422,56
1514,356,490,Shamela0006454,76,1344,1474,97,87
1514,1136,1550,Shamela0000791,341,1,209,166,49
1515,1001,1488,JK007064,623,564,1121,224,42
1515,1293,1492,Sham19Y0013667,6098,241,388,89,55
1515,1192,1492,Shamela0006610,743,199,374,99,43
1515,86,266,Shamela0008176,4221,1096,1282,150,95
1515,396,1033,Sham19Y0017747,2257,727,1415,471,81
1515,760,985,Shia000841Vols,3064,228,407,134,73
1515,1192,1488,Shamela0001727,833,754,1258,216,55
1515,1192,1488,Shamela0001727,938,230,590,146,41
1515,385,985,Sham19Y0017437,1889,398,1146,372,59
1515,1293,1492,Shia002240Vols,360,664,820,115,74
1515,826,991,Shamela0005756,8126,334,489,122,91
1515,1230,1492,Sham19Y0127677,11004,401,703,120,43
1515,1001,1391,Shamela0021739,912,341,692,223,70
1515,1192,1492,ShamIbadiyya0000433,1006,1000,1177,116,49
1515,1001,1492,Sham19Y0013253,499,556,926,262,67
1515,1001,1530,Sham19Y0122406,2231,554,1280,300,45
1515,407,833,ShamAY0000351,395,1155,1581,344,99
1515,833,996,ShamAY0000351,396,1,164,131,100
1515,1192,1488,JK000990,531,839,1309,202,53
1515,597,756,Zaydiyya0000059,613,183,320,83,64
1515,1192,1488,Zaydiyya0000059,640,200,401,123,49
1515,756,985,JK000168,44,1143,1321,138,75
1515,415,756,JK000168,95,355,701,206,60
1515,1309,1445,Sham19Y0132524,1600,607,745,96,92
1515,1,136,ShamAY0033531,1734,1124,1500,101,33
1515,136,391,ShamAY0033531,1735,1,122,81,39
1515,396,996,Sham19Y0131003,309,316,890,419,80
1515,697,978,Sham19Y0018103,1775,1,190,141,61
1515,421,985,Sham19Y0013577,8499,410,958,403,82
1515,1001,1386,Sham19Y0017729,401,1129,1416,218,73
1515,385,760,Sham19Y0014224,1184,1216,1580,216,59
1515,1020,1488,Sham19Y0020638,681,60,612,259,59
1515,1020,1488,Sham19Y0020638,754,271,652,215,51
1515,1293,1488,JK007116,65,929,1138,150,93
1515,1175,1488,Shamela0007342,859,466,660,121,50
1515,1187,1488,Shamela0007342,867,329,510,113,49
1515,1293,1488,Shamela0011036,1638,505,714,150,93
1515,1192,1492,Shamela0009242,2670,1085,1267,114,48
1515,1001,1391,Sham19Y0017616,221,760,1087,222,71
1515,1192,1492,Shamela0000782,478,1067,1259,117,48
1515,385,985,Shamela0011809,192,744,1336,428,81
1515,86,327,Sham19Y0122257,1990,198,483,188,79
1515,1,221,Sham19Y0017063,767,976,1196,152,80
1515,756,1020,Sham19Y0014325,2020,850,1118,156,61
1515,385,1028,Shamela0021743,1881,530,1036,273,44
1515,1,271,Shamela0000791,341,209,413,159,68
1515,657,996,Sham19Y0013605,2307,534,809,205,74
1516,16,492,Sham19Y0020944,896,464,751,212,53
1516,1067,1559,Sham19Y0013769,1854,606,1099,338,80
1516,12,687,Sham19Y0013769,1865,757,1373,452,82
1516,723,950,Sham19Y0013769,1867,1,251,131,60
1516,1077,1456,Shamela0008176,4324,22,357,193,53
1516,660,950,Shamela0008176,4326,922,1163,183,77
1516,176,483,Shamela0008176,4327,1,272,211,84
1516,1349,1538,Sham19Y0017747,2260,701,908,133,75
1516,16,598,Shamela0011428,1335,735,1233,237,39
1516,16,479,Sham19Y0131521,5379,602,793,150,39
1516,631,887,Sham19Y0020868,438,862,1112,200,95
1516,631,887,Sham19Y0020868,568,455,705,200,95
1516,12,598,Shamela0021614,3964,338,717,240,48
1516,687,968,Shia001831Vols,355,552,743,130,58
1516,660,950,JK000201,2031,1088,1300,163,69
1516,8,239,Sham19Y0122406,2231,1280,1495,169,86
1516,281,916,Sham19Y0122406,2232,766,1259,344,65
1516,631,1559,ShamAY0000351,396,153,1081,745,99
1516,16,611,JK000990,530,1059,1527,333,66
1516,16,376,ShamAY0033531,2811,737,1136,218,57
1516,1067,1559,ShamAY0033531,2819,928,1414,386,97
1516,16,376,ShamAY0033531,3994,426,825,218,57
1516,1067,1559,ShamAY0033531,4002,606,1092,386,97
1516,1074,1559,Sham19Y0014224,1187,175,659,372,94
1516,12,565,Sham19Y0014224,1197,985,1550,438,94
1516,565,1059,Sham19Y0014224,1198,1,483,311,68
1516,660,950,Shamela0011036,1649,1039,1236,119,50
1516,1,434,Sham19Y0122257,2028,1122,1511,303,85
1516,26,912,Sham19Y0017063,792,345,983,242,27
1516,8,864,Sham19Y0013605,2294,1192,1576,228,33
1517,704,1459,Sham19Y0017350,1098,183,1051,408,52
1517,1,417,Sham19Y0013769,1854,1099,1525,333,95
1517,417,1597,Sham19Y0013769,1855,1,1147,863,86
1517,38,483,Sham19Y0017747,2260,1081,1529,347,93
1517,601,1198,Sham19Y0017747,2261,25,622,459,94
1517,52,673,ShamAY0033598,236,985,1351,174,31
1517,704,893,Sham19Y0122406,2234,1354,1527,121,80
1517,893,1564,Sham19Y0122406,2235,1,696,280,39
1517,1,478,ShamAY0000351,396,1081,1558,385,99
1517,478,1597,ShamAY0000351,397,1,1119,906,99
1517,57,501,Zaydiyya0000059,638,336,755,196,47
1517,1388,1541,ShamAY0033531,2814,150,311,116,88
1517,125,1597,ShamAY0033531,2820,1,1145,917,76
1517,1388,1541,ShamAY0033531,3996,1369,1530,116,88
1517,1,470,ShamAY0033531,4002,1092,1557,376,98
1517,470,1597,ShamAY0033531,4003,1,800,639,69
1517,175,916,Sham19Y0018103,1779,725,1025,197,32
1517,1,889,Sham19Y0014224,1187,659,1553,700,95
1517,889,1597,Sham19Y0014224,1188,1,727,555,91
1517,1,916,Shamela0011036,1640,351,1338,446,44
1517,923,1220,Shamela0011036,1641,786,1270,165,43
1517,978,1187,Shamela0009242,2675,1162,1348,129,77
1517,1,916,Shamela0000791,430,322,763,309,41
1517,175,912,Sham19Y0013605,2313,576,906,229,38
1518,937,1491,Sham19Y0017350,1100,17,336,226,52
1518,1086,1504,Sham19Y0013769,1854,185,573,199,50
1518,1,439,Sham19Y0013769,1855,1147,1590,343,93
1518,439,873,Sham19Y0013769,1856,1,428,330,93
1518,1015,1491,Sham19Y0017747,2262,1,481,367,97
1518,907,1491,Sham19Y0131521,5382,224,592,242,50
1518,885,1407,Shamela0021590,1459,307,784,266,58
1518,869,1504,Sham19Y0122406,2238,153,671,331,64
1518,1,476,ShamAY0000351,397,1119,1594,385,100
1518,476,873,ShamAY0000351,398,1,400,315,97
1518,894,1383,Zaydiyya0000059,652,902,1333,208,43
1518,1,624,ShamAY0033531,2820,1145,1594,344,65
1518,624,858,ShamAY0033531,2821,1,235,183,96
1518,1,858,ShamAY0033531,4003,800,1483,527,74
1518,937,1433,Sham19Y0014224,1186,978,1484,267,51
1518,1,869,Sham19Y0014224,1188,727,1602,678,94
1518,150,297,Shamela0011036,1641,652,859,116,70
1518,1270,1387,Shamela0011036,1644,796,918,89,93
1518,499,858,Shamela0011036,1650,1076,1524,213,57
1518,1281,1491,Sham19Y0014601,5255,1,186,122,74
1518,5,212,Shamela0000791,430,976,1152,122,72
1519,1130,1537,Sham19Y0013769,1287,302,674,209,61
1519,764,1532,Shamela0008176,3786,337,1024,308,42
1519,1147,1621,Sham19Y0017747,1117,58,477,185,43
1519,187,745,Sham19Y0122401,1332,527,1225,422,73
1519,276,1612,Shamela0005756,7320,639,1546,651,58
1519,285,1167,Sham19Y0014309,251,30,762,508,68
1519,759,1586,Sham19Y0013253,503,480,1168,236,29
1519,849,1039,Shia001831Vols,355,1256,1378,89,58
1519,764,1617,ShamAY0033522,598,689,1501,609,85
1519,358,734,Sham19Y0014224,789,1080,1316,155,47
1519,702,1066,Shamela0011036,1682,279,1087,140,20
1519,1167,1537,Shamela0011036,1682,1125,1411,178,57
1519,891,1399,Sham19Y0122257,1769,953,1340,191,39
1519,347,1621,Shamela0000791,429,347,1248,709,66
1519,844,1388,Sham19Y0013605,2097,980,1462,242,46
1520,1026,1334,Sham19Y0013769,1289,760,974,152,58
1520,216,700,Shamela0008176,3786,1003,1445,313,77
1520,316,700,Zaydiyya0000015,1935,707,1031,217,69
1520,730,1007,Sham19Y0131521,5368,1142,1433,204,86
1520,16,203,Shamela0021715,8446,683,845,107,70
1520,16,265,Shamela0005756,5627,62,288,153,78
1520,107,918,Shamela0005756,7321,1,287,216,33
1520,16,157,Shamela0005756,12961,688,804,86,78
1520,235,700,Sham19Y0014309,251,787,1071,219,58
1520,392,700,Shia001831Vols,355,928,1191,206,82
1520,32,725,ShamAY0033522,599,1,693,509,88
1520,774,918,JK000201,2846,666,810,116,100
1520,700,1360,Sham19Y0014224,791,633,1383,434,64
1520,386,655,Sham19Y0018272,492,855,1047,149,68
1520,6,846,Shamela0011036,1683,283,1498,595,59
1520,942,1321,Shamela0011036,1685,526,1301,156,21
1520,216,700,Sham19Y0122257,1770,117,560,317,78
1520,770,918,Shamela0000791,355,1127,1274,119,99
1520,1,382,Shamela0000791,429,1248,1602,264,86
1520,382,700,Shamela0000791,430,1,219,172,67
1520,16,235,Sham19Y0013605,1718,426,621,149,86
1520,100,700,Sham19Y0013605,2098,1,373,270,56
1520,16,197,Sham19Y0013605,3960,450,593,98,71
1521,595,863,Sham19Y0013769,1403,1082,1246,113,53
1521,686,915,Shamela0021715,8254,1140,1325,101,53
1521,162,382,Shamela0005756,7321,287,491,155,89
1521,705,901,Shamela0001673,7955,1215,1368,93,56
1521,705,890,Sham19Y0147104,1997,1300,1442,85,55
1521,228,365,ShamAY0033531,1716,1363,1500,104,92
1521,365,693,ShamAY0033531,1717,1,327,261,98
1521,1,155,Sham19Y0014224,787,1071,1234,109,72
1521,228,523,Shamela0000791,355,445,747,229,96
1522,1157,1596,Sham19Y0013769,1293,107,536,184,42
1522,123,238,Shamela0008176,3786,1445,1559,91,97
1522,141,767,Sham19Y0014309,252,1,679,465,82
1522,123,553,Sham19Y0014224,791,135,561,325,87
1522,123,535,Sham19Y0122257,1770,560,896,251,74
1523,1065,1416,ShamIbadiyya0000438,656,726,1073,171,53
1523,143,387,Sham19Y0013769,1292,848,1040,119,58
1523,1056,1399,Sham19Y0013769,1405,515,839,236,85
1523,1065,1416,Shamela0001673,7966,730,1076,175,55
1523,840,1214,Sham19Y0122406,2248,870,1274,135,36
1523,157,391,Sham19Y0014224,789,437,645,121,59
1523,1,149,Shamela0011036,1686,24,168,114,97
1524,77,259,Sham19Y0013769,1295,170,344,128,85
1524,700,1026,Shamela0005756,2577,1184,1411,126,48
1524,805,1392,Sham19Y0014224,792,48,868,372,52
1524,683,1026,Sham19Y0013605,952,782,1007,149,52
1525,273,602,Sham19Y0014299,442,1186,1512,255,96
1525,602,824,Sham19Y0014299,443,1,213,167,93
1525,1181,1555,Sham19Y0131521,6668,220,621,227,60
1525,1139,1459,Shamela0001727,837,811,1240,96,21
1525,853,1139,Shamela0006140,638,298,590,201,80
1525,959,1139,JK000201,1919,463,642,145,98
1525,853,1491,Sham19Y0014224,851,622,1551,260,31
1526,1260,1492,JK007064,619,1267,1397,103,56
1526,1319,1513,ShamAY0034227,4929,738,1011,135,61
1526,1221,1487,Shamela0006610,738,967,1377,178,50
1526,672,1527,Shia002616Vols,6704,67,415,268,39
1526,691,1527,Shamela0011428,1329,244,982,181,17
1526,1,231,Sham19Y0131521,6668,621,829,154,83
1526,1257,1513,Sham19Y0014442,3671,794,1101,147,53
1526,1260,1527,Shamela0005756,8128,564,875,166,59
1526,691,836,Sham19Y0127677,2013,137,350,89,55
1526,1257,1527,Sham19Y0017903,772,481,834,195,67
1526,1257,1527,JK001429,85,60,390,182,64
1526,1221,1527,Shamela0021713,500,1189,1504,167,53
1526,672,978,Sham19Y0122406,2255,53,355,173,70
1526,691,836,Shia002265Vols,3239,294,435,90,78
1526,1301,1449,Shamela0021735,1106,36,278,91,46
1526,1257,1527,Sham19Y0132524,1623,1142,1467,188,66
1526,1251,1527,Shamela0001875,1128,178,499,172,60
1526,1337,1509,Shamela0036446,580,892,1144,129,62
1526,1260,1509,Shamela0025800,2664,236,585,168,56
1526,104,295,Sham19Y0014224,852,11,226,130,71
1526,292,546,Sham19Y0018272,1449,866,1127,193,91
1526,1260,1509,Shamela0006848,155,25,332,167,60
1526,1236,1527,Shamela0000782,553,412,793,213,70
1526,691,1509,Sham19Y0023625,2680,770,1272,286,40
1527,933,1549,Shamela0008176,4336,713,1231,356,65
1527,26,438,Sham19Y0017747,2258,1071,1464,285,83
1527,218,449,Shamela0021590,1457,266,484,146,74
1527,66,459,Shamela0005756,8131,32,282,185,57
1527,789,1153,Sham19Y0013253,507,1112,1517,151,37
1527,798,1620,Shamela0000140,660,99,579,299,41
1527,251,1153,Sham19Y0122406,2256,29,1260,395,34
1527,246,449,Zaydiyya0000059,616,1283,1488,134,76
1527,933,1549,ShamAY0033531,2825,103,574,257,42
1527,207,459,ShamAY0033531,2844,83,247,122,59
1527,70,459,ShamAY0033531,4026,960,1459,208,42
1527,66,459,Sham19Y0018272,951,548,836,215,67
1527,1030,1620,Sham19Y0018272,2271,1,585,475,95
1527,66,459,Sham19Y0013252,4570,592,892,227,70
1527,464,700,Sham19Y0023625,2680,1286,1518,159,78
1527,933,1556,Sham19Y0122257,2031,599,1090,362,70
1527,886,1477,Sham19Y0017063,793,1,615,279,46
1528,17,640,Shamela0021495,445,1123,1409,224,43
1528,1001,1563,Shamela0021495,449,903,1389,342,70
1528,45,213,Sham19Y0017350,752,1328,1501,134,94
1528,1001,1425,ShamIbadiyya0000438,677,943,1350,196,51
1528,33,207,Shamela0008176,3677,1335,1474,112,78
1528,45,677,Sham19Y0017747,1094,590,1191,462,87
1528,1134,1425,Sham19Y0017747,1143,10,282,172,71
1528,45,677,Shia000841Vols,4268,537,1045,365,66
1528,1164,1429,Shia000841Vols,4478,1,272,204,92
1528,1083,1589,Sham19Y0122401,1238,108,576,379,92
1528,1093,1582,Shamela0005756,2258,391,754,266,66
1528,218,523,Shamela0005756,7058,1,233,177,69
1528,1104,1425,Shamela0005756,7276,646,949,178,65
1528,1023,1425,Shamela0001673,4047,70,491,200,50
1528,1113,1589,Shamela0000427BK2,4622,676,1332,257,45
1528,1001,1429,Sham19Y0014309,2506,594,1040,264,65
1528,1104,1438,ShamIbadiyya0000433,841,256,598,157,52
1528,1001,1513,JK000201,2001,316,1196,250,33
1528,1023,1266,ShamAY0000351,296,1216,1474,130,54
1528,49,677,JK000168,66,202,741,390,71
1528,1023,1513,ShamAY0033531,2410,440,1024,237,45
1528,1001,1266,Sham19Y0013577,1715,973,1171,127,56
1528,45,653,Sham19Y0013577,7201,402,871,338,63
1528,1216,1484,Shia000109Vols,675,1,535,149,33
1528,45,572,Sham19Y0014224,735,1223,1645,323,73
1528,1128,1287,Sham19Y0014224,744,1205,1370,103,77
1528,1248,1589,Sham19Y0013252,1270,307,632,152,49
1528,1113,1429,ShamAY0034251BK3,884,1037,1385,247,86
1528,1023,1410,Shamela0011036,1533,1077,1492,256,73
1528,1023,1513,Shamela0009242,2257,503,1094,248,46
1528,33,523,Sham19Y0122257,1692,790,1096,245,61
1528,1093,1420,Sham19Y0122257,1753,23,356,234,80
1528,1093,1582,Sham19Y0013605,854,907,1260,256,63
1529,654,950,Sham19Y0017747,1127,1232,1510,153,58
1529,950,1550,Sham19Y0017747,1128,1,403,288,59
1529,1130,1436,Shia000841Vols,4386,550,864,195,70
1529,223,527,Shia000841Vols,4478,434,718,203,80
1529,223,509,Shamela0011444BK2,1178,666,866,116,49
1529,890,1209,Sham19Y0131521,4698,1224,1437,126,44
1529,194,436,Sham19Y0131521,4699,46,342,110,45
1529,1179,1485,Shamela0021590,785,193,553,165,49
1529,266,611,Sham19Y0150676,2582,1,277,195,69
1529,227,532,Shamela0005756,2258,754,964,150,60
1529,258,532,Shamela0005756,7277,972,1228,188,84
1529,545,1497,Sham19Y0014309,253,395,1056,479,61
1529,227,404,Sham19Y0147104,526,1417,1579,113,78
1529,223,611,Shia001831Vols,356,715,1013,211,66
1529,532,1130,JK000201,1910,970,1550,462,95
1529,1130,1436,JK000201,1911,1,307,248,100
1529,134,855,Sham19Y0020587,596,1,649,317,43
1529,1358,1519,Sham19Y0145212,1966,573,725,118,87
1529,179,527,ShamAY0000351,295,1,406,257,77
1529,138,501,ShamAY0000351,297,1118,1431,132,42
1529,152,527,ShamAY0033531,2409,278,710,268,75
1529,169,522,Sham19Y0013577,1716,813,1173,184,53
1529,175,522,Shia000109Vols,675,870,1218,166,49
1529,194,686,Sham19Y0018272,2182,817,1345,314,66
1529,175,551,ShamAY0034383,266,1094,1527,301,86
1529,551,1550,ShamAY0034383,267,1,1003,803,99
1529,201,447,Shamela0011468BK1,1210,1027,1362,124,40
1529,201,527,ShamAY0034251BK3,885,233,552,226,80
1529,201,527,Shamela0011036,1534,673,992,244,89
1529,538,1292,Shamela0011036,1539,1056,1539,379,62
1529,1292,1550,Shamela0011036,1540,1,262,210,98
1529,152,1519,Sham19Y0020590,182,103,1145,515,42
1529,128,453,Sham19Y0017798,2140,1104,1443,240,85
1529,453,896,Sham19Y0017798,2141,1,371,283,78
1529,532,1519,Sham19Y0122257,1754,251,982,501,60
1529,175,663,Sham19Y0017063,647,1086,1597,361,82
1529,1121,1519,Shamela0000791,373,817,1150,260,79
1529,227,527,Sham19Y0013605,854,1260,1464,148,61
1530,1074,1570,Sham19Y0017350,777,6,477,319,74
1530,908,1555,Sham19Y0013769,1237,1,650,492,90
1530,25,380,Shia000841Vols,4386,864,1204,211,64
1530,818,1542,Shia000841Vols,4477,234,929,359,55
1530,708,1410,Sham19Y0017437,1067,11,867,486,66
1530,35,656,Sham19Y0014309,253,1056,1463,299,59
1530,1273,1542,Sham19Y0122096,4091,943,1193,190,85
1530,712,1218,Shia001831Vols,356,1036,1286,166,42
1530,35,665,JK000201,1911,307,729,316,61
1530,1024,1218,Sham19Y0020587,596,1042,1172,103,67
1530,682,1570,Shamela0009702,778,210,1039,554,71
1530,712,1218,JK000168,67,471,739,176,44
1530,712,1570,Sham19Y0014224,759,143,1034,637,85
1530,669,1570,Sham19Y0018272,2181,627,1543,693,91
1530,1,580,ShamAY0034383,267,1003,1583,471,99
1530,712,1218,Shamela0011036,1488,91,785,377,64
1530,413,624,Shamela0011036,1539,843,1045,166,95
1530,1,269,Shamela0011036,1540,262,531,214,98
1530,269,426,Shamela0011036,1540,1063,1223,122,88
1530,396,624,Sham19Y0017798,2141,371,601,173,90
1530,47,723,Sham19Y0122257,1754,993,1358,260,45
1530,712,1570,Sham19Y0122257,1755,4,495,333,47
1530,731,1484,Sham19Y0150962,1069,1,472,264,40
1530,712,1218,Sham19Y0014325,2881,852,1110,146,34
1530,1189,1570,Shamela0000791,373,1318,1575,152,46
1530,552,1068,Sham19Y0013605,2085,1306,1606,116,23
1530,1143,1439,Sham19Y0013605,2086,1,222,128,53
1531,604,704,Shamela0021495,450,1250,1350,79,100
1531,11,348,Sham19Y0017350,777,479,810,254,92
1531,607,857,Sham19Y0013769,1221,833,1192,161,55
1531,344,597,Shamela0006610,632,893,1164,136,60
1531,419,535,JK009390,2645,422,791,70,25
1531,656,994,Sham19Y0017747,1150,1,313,190,66
1531,419,563,ShamAY0033182,2523,871,1028,79,67
1531,344,622,JK000787BK1,123,721,940,101,47
1531,348,535,Shamela0011428,1593,746,948,98,57
1531,415,994,Shamela0021590,798,611,1247,259,45
1531,338,567,Shamela0001727,841,66,615,155,36
1531,434,563,Sham19Y0013572,577,5,195,90,61
1531,437,535,Sham19Y0017437,1061,1,100,69,91
1531,578,1078,Sham19Y0035453,197,760,1388,355,68
1531,415,1390,Sham19Y0014309,259,140,891,413,46
1531,851,1046,Sham19Y0014309,260,395,601,143,86
1531,567,842,Sham19Y0014309,2012,266,553,197,86
1531,16,158,JK000201,1910,334,474,113,97
1531,338,567,Sham19Y0122406,2268,210,759,155,36
1531,338,456,Sham19Y0018144,5181,1060,1317,74,35
1531,402,870,Sham19Y0014224,745,951,1282,213,57
1531,814,1051,Sham19Y0014224,746,195,501,136,51
1531,4,327,Sham19Y0018272,2182,1,325,261,98
1531,348,574,Sham19Y0020638,687,238,634,146,45
1531,877,1046,Sham19Y0020638,1721,1,170,138,100
1531,1301,1494,Sham19Y0013252,4012,907,1182,144,62
1531,11,158,Shamela0011036,1489,406,580,120,84
1531,733,1279,Shamela0011036,1500,115,348,81,15
1531,814,1046,Shamela0011036,1501,551,1044,86,19
1531,344,597,Shamela0009242,2281,801,999,105,54
1531,11,244,Sham19Y0020590,181,1364,1567,129,63
1531,1,158,Sham19Y0122257,1755,495,895,125,38
1531,851,1046,Sham19Y0122257,1764,741,903,122,76
1531,857,1417,Sham19Y0017063,646,233,620,262,55
1531,11,280,Sham19Y0013605,2086,222,451,144,60
1532,388,680,Sham19Y0017350,767,1,322,235,90
1532,307,666,Sham19Y0013769,1223,202,645,282,78
1532,443,680,Sham19Y0017747,1137,1,312,191,75
1532,1439,1560,Sham19Y0147658,736,629,750,97,99
1532,685,1260,Sham19Y0122406,2268,812,1368,172,28
1532,369,685,Shamela0003565,3012,1044,1374,243,88
1532,307,605,JK000168,70,258,571,219,85
1532,61,307,ShamAY0033531,2448,1028,1274,197,99
1532,1,685,Sham19Y0014224,746,756,1196,356,63
1532,1420,1560,Sham19Y0014224,748,371,588,102,58
1532,312,666,Shamela0011036,1491,611,981,280,92
1533,559,904,Shamela0007891,1247,902,1252,171,49
1533,933,1161,Sham19Y0017124,384,450,809,143,49
1533,103,455,Sham19Y0017350,768,1294,1559,150,48
1533,699,1161,Sham19Y0017350,769,583,1302,257,39
1533,487,974,Sham19Y0013667,4619,297,810,330,74
1533,78,1154,Sham19Y0013769,1227,88,965,479,47
1533,699,1091,Shia000841Vols,5277,282,910,292,57
1533,121,259,Sham19Y0014299,515,989,1107,90,83
1533,1,415,Sham19Y0147658,736,750,1164,325,98
1533,112,275,Shia001831Vols,357,33,182,112,87
1533,699,1017,Shamela0001442,622,807,1501,195,35
1533,103,524,Sham19Y0122406,2273,948,1292,175,47
1533,487,1178,Sham19Y0122406,2274,45,948,473,62
1533,67,300,Shamela0003565,3185,695,922,176,92
1533,67,267,Sham19Y0150600,543,1127,1306,110,63
1533,1,1005,Sham19Y0014224,748,588,1575,643,70
1533,1005,1167,Sham19Y0014224,749,1,168,127,93
1533,1,1161,Shamela0011036,1508,361,1570,918,93
1533,121,1072,Shamela0000551,2229,536,1575,356,33
1533,67,300,Shamela0021598,3254,619,846,174,91
1533,51,406,Sham19Y0017063,645,291,515,164,55
1533,554,974,Shamela0021743,735,568,1027,241,57
1533,112,267,Shamela0021743,739,991,1177,105,69
1534,679,1383,Sham19Y0017350,764,627,1460,424,57
1534,679,994,Sham19Y0017747,1145,1274,1587,253,98
1534,994,1427,Sham19Y0017747,1146,1,439,348,98
1534,731,1499,Shamela0021590,797,712,1438,438,62
1534,690,1487,Shamela0005756,7317,777,1494,552,85
1534,211,809,Sham19Y0014309,256,1005,1524,412,83
1534,809,1499,Sham19Y0014309,257,1,866,544,77
1534,718,1383,Sham19Y0013253,517,595,1310,415,65
1534,893,1438,Sham19Y0017739,25,329,874,441,99
1534,718,1383,Sham19Y0122406,2270,792,1493,401,63
1534,163,1593,ShamAY0000351,359,87,1508,1100,92
1534,727,1438,Sham19Y0014224,747,441,862,221,37
1534,614,1427,Shamela0011036,1496,594,1417,647,96
1535,281,758,JK007064,541,533,980,196,39
1535,295,764,Shamela0021495,451,388,705,176,42
1535,1355,1561,Sham19Y0017768,1139,671,1019,154,54
1535,1369,1561,Sham19Y0013922,752,715,964,135,66
1535,267,544,Shamela0001727,843,33,1000,186,24
1535,1374,1561,Sham19Y0013572,1017,56,246,150,98
1535,1374,1561,Sham19Y0017437,1063,1,189,145,95
1535,922,1126,Shamela0005756,7309,1076,1315,92,35
1535,267,419,Sham19Y0127677,13701,191,466,101,45
1535,1374,1561,Shamela0005922,1931,702,885,140,92
1535,651,1217,Sham19Y0014309,255,1,775,434,68
1535,267,764,Sham19Y0147104,1797,205,363,87,19
1535,516,1217,JK000201,1901,555,1250,547,95
1535,267,544,Sham19Y0122406,2272,419,1386,186,24
1535,1355,1561,Sham19Y0122406,2273,223,546,157,60
1535,8,147,ShamAY0000351,359,1440,1579,113,100
1535,544,1217,ShamAY0000351,371,433,1107,546,99
1535,544,902,ShamAY0000351,496,1184,1543,290,99
1535,902,1374,ShamAY0000351,497,1,463,275,60
1535,587,1165,ShamAY0033531,2449,12,1012,465,57
1535,1273,1561,Shamela0025800,213,635,1093,173,41
1535,1273,1561,Shamela0012843,60,717,1043,122,40
1535,300,544,Sham19Y0020638,688,200,593,164,51
1535,1273,1561,Sham19Y0020638,688,663,983,181,71
1535,1,147,Shamela0011036,1495,1231,1388,115,90
1535,1273,1561,JK007065,956,614,1305,170,28
1535,1,147,Sham19Y0122257,1750,1055,1200,104,83
1535,633,1171,Sham19Y0013605,2093,537,1048,185,28
1536,204,316,Shamela0007891,1248,1352,1463,86,97
1536,15,194,Sham19Y0013667,4624,811,1224,112,35
1536,204,312,Sham19Y0148486,3362,279,386,85,99
1536,204,312,Shamela0025794,1512,440,547,85,99
1536,695,1010,Shamela0021590,804,1009,1578,88,15
1536,15,312,Shamela0001727,844,317,963,205,40
1536,1,324,Sham19Y0013572,1017,246,566,189,60
1536,1301,1404,Shamela0005756,7298,834,937,82,100
1536,15,308,Shamela0001673,4053,342,1052,180,31
1536,204,312,Shamela0004473,12481,290,391,80,93
1536,15,312,Shamela0001975,859,222,523,161,64
1536,204,312,Sham19Y0122406,2280,141,248,85,99
1536,15,312,Shia002265Vols,1091,53,424,172,58
1536,28,312,Shamela0001875,1000,1,342,201,72
1536,15,312,Shamela0021659,1158,977,1369,155,47
1536,941,1145,Sham19Y0014224,758,1096,1306,135,78
1536,1,316,Sham19Y0020638,688,983,1289,223,90
1536,899,1301,Sham19Y0013252,4029,60,719,153,25
1536,695,925,Shamela0011036,1510,1304,1534,181,100
1536,204,312,ShamAY0035220,448,732,839,85,99
1536,92,312,JK007065,957,1,329,127,45
1536,941,1468,Sham19Y0122257,1749,686,1145,337,79
1537,1118,1498,Shamela0007891,1237,791,1108,155,39
1537,934,1103,Sham19Y0013769,1230,1,167,125,92
1537,1349,1498,Sham19Y0148486,3355,76,223,115,95
1537,1339,1508,Shamela0006610,629,1108,1263,109,80
1537,1353,1498,Shamela0001719,2411,1104,1255,115,95
1537,1244,1498,Shamela0028107,524,34,247,143,69
1537,1349,1518,Shia000841Vols,4414,1128,1315,131,85
1537,1118,1498,Sham19Y0131521,4843,510,771,166,53
1537,1118,1447,Sham19Y0127660,218,225,509,123,42
1537,1093,1214,Shamela0001727,844,963,1220,94,46
1537,1118,1498,Shamela0001727,845,113,875,254,41
1537,1244,1498,Sham19Y0122401,428,1043,1229,140,69
1537,1129,1508,Sham19Y0013572,536,849,1212,158,40
1537,1353,1498,ShamAY0033910,965,1154,1300,114,97
1537,1349,1498,Sham19Y0127677,4965,600,751,117,97
1537,1349,1498,Sham19Y0127677,19499,1057,1209,116,94
1537,1349,1498,Sham19Y0127677,19500,30,177,115,95
1537,1364,1498,Shamela0011385,1823,690,825,108,99
1537,1364,1498,Shamela0022797,115,871,1006,108,99
1537,1118,1498,Shamela0117359,835,730,991,166,53
1537,1129,1508,Shamela0005922,1937,287,714,184,44
1537,1349,1498,Shamela0021739,668,459,619,112,88
1537,1339,1502,Shamela0008381,3043,1241,1389,109,83
1537,1349,1498,Shamela0022547,1351,330,495,117,88
1537,1129,1498,Sham19Y0013253,521,53,401,229,72
1537,1349,1498,Shamela0001442,643,39,194,118,95
1537,1129,1498,ShamAY0033522,517,6,379,166,46
1537,1093,1339,Sham19Y0122406,2280,735,1391,104,18
1537,1353,1498,Sham19Y0122406,2283,1040,1187,115,97
1537,1118,1498,Shamela0012399,2464,554,962,170,45
1537,1353,1498,Shamela0012399,2492,1069,1361,115,49
1537,1103,1301,Sham19Y0132524,1645,851,1490,138,27
1537,1148,1407,Shamela0001875,995,249,610,129,38
1537,1364,1498,Shamela0001875,995,1245,1377,103,95
1537,1349,1498,Shamela0001438,6986,1185,1336,118,98
1537,1349,1498,Sham19Y0018144,1462,1327,1482,118,95
1537,1118,1502,Shamela0025800,195,81,436,171,44
1537,1349,1498,Shamela0012531,365,566,717,118,98
1537,1118,1498,Sham19Y0014462,94,932,1210,159,43
1537,927,1103,Sham19Y0014224,751,1,171,126,90
1537,177,681,Sham19Y0014224,752,374,928,337,72
1537,1148,1518,Sham19Y0018272,1987,695,1027,201,58
1537,1093,1498,Sham19Y0150639,279,612,906,160,46
1537,1118,1498,Sham19Y0020638,689,274,749,254,63
1537,1357,1498,Masaha001864Vols,2181,397,540,110,96
1537,1353,1498,JK000475,1266,804,948,111,95
1537,1244,1498,Sham19Y0123665,1505,52,237,139,68
1537,1129,1498,Shia001976Vols,1134,680,1099,150,31
1537,1093,1414,Kraken2108092202141,732,88,405,119,34
1537,1349,1498,Sham19Y0146127,1761,1,148,115,95
1537,1,362,Shamela0011036,1519,1204,1591,286,92
1537,362,719,Shamela0011036,1520,1,356,282,96
1537,1349,1508,Shamela0011036,1543,752,926,126,90
1537,1357,1498,Shamela0011036,1544,52,194,111,97
1537,1353,1498,Shamela0000551,2139,274,425,115,95
1537,1118,1498,Shia002119Vols,2505,983,1341,171,47
1537,1118,1498,JK007065,486,276,879,166,28
1537,396,563,Sham19Y0122257,1749,1145,1302,124,90
1538,907,1097,Sham19Y0013769,1268,1102,1386,100,45
1538,1111,1325,Sham19Y0013769,1269,38,357,164,60
1538,42,218,Shamela0000767,2843,1,265,133,63
1538,1,357,Sham19Y0148486,3355,504,980,173,36
1538,1,352,JK006897,349,553,774,153,52
1538,1,357,Shia000841Vols,4414,1315,1564,170,56
1538,501,811,Sham19Y0131521,4846,11,426,234,64
1538,99,486,Sham19Y0131521,4849,403,599,122,37
1538,1,218,Sham19Y0127660,49,999,1210,159,92
1538,1,218,Sham19Y0127660,81,52,265,163,94
1538,1,218,Sham19Y0127660,218,657,870,163,94
1538,464,811,Shamela0021715,3490,223,610,149,36
1538,32,352,Shamela0001727,846,54,531,225,59
1538,1,218,Sham19Y0017437,1087,1020,1439,140,42
1538,357,927,Sham19Y0017437,1088,8,267,137,28
1538,858,1097,Sham19Y0017437,1088,1093,1285,131,62
1538,872,1336,Sham19Y0127700,468,141,560,308,79
1538,25,275,Shamela0005756,7232,519,909,174,56
1538,99,218,Shamela0005756,7240,1286,1409,94,95
1538,544,811,Shamela0005756,7241,841,1042,153,71
1538,228,352,Shamela0000894,2701,151,259,85,82
1538,228,352,Shamela0000894,3102,179,287,85,82
1538,25,352,Shamela0009790,447,789,1075,139,42
1538,811,1160,Shamela0006947,15307,1193,1483,231,83
1538,1,270,Shamela0008381,3043,1153,1587,163,47
1538,1,317,Sham19Y0017903,682,376,730,174,57
1538,42,222,Sham19Y0013253,521,284,526,120,55
1538,106,222,JK000653,306,1219,1333,88,95
1538,165,352,Sham19Y0122406,2286,185,464,143,63
1538,32,287,Shamela0006227,497,492,826,146,48
1538,1,357,Shamela0001875,995,684,1241,178,35
1538,811,1160,ShamAY0033531,2482,334,674,246,82
1538,233,1149,Sham19Y0018103,1569,1,410,221,29
1538,1,317,Sham19Y0017729,372,717,1069,198,65
1538,93,352,Sham19Y0014224,775,509,787,204,91
1538,811,1188,Sham19Y0018272,1987,1115,1487,297,98
1538,828,1325,Sham19Y0018272,2184,376,855,371,92
1538,1,352,Sham19Y0020638,689,841,1286,269,73
1538,811,942,Masaha001864Vols,2181,627,758,106,100
1538,942,1066,Masaha001864Vols,5183,1451,1575,96,100
1538,1066,1331,Masaha001864Vols,5184,1,266,218,100
1538,188,352,JK007116,59,95,255,115,83
1538,102,300,Shamela0008463,1879,419,565,104,66
1538,1,352,Sham19Y0146127,1761,269,494,152,53
1538,42,352,Shamela0011036,1543,661,1058,167,52
1538,1,160,Shamela0011036,1544,1305,1517,122,72
1538,136,352,Shamela0011036,1545,1161,1443,134,57
1538,1188,1325,Shamela0011036,1549,813,955,112,95
1538,32,218,ShamAY0032443,2233,1247,1435,123,75
1538,848,1097,Sham19Y0122257,1746,1112,1362,154,65
1538,811,1097,Sham19Y0017063,644,644,892,185,80
1538,811,1058,Shamela0010517,1548,1229,1476,196,100
1538,1058,1336,Shamela0010517,1549,1,279,228,100
1538,1214,1336,Shamela0010517,1550,1,123,100,100
1539,147,639,Sham19Y0013769,1271,315,710,249,59
1539,1106,1250,Sham19Y0019188,6552,607,762,84,66
1539,749,962,Shamela0028107,524,347,535,119,62
1539,1156,1566,Shamela0001727,847,113,423,129,31
1539,76,297,Shamela0000432,5361,1436,1657,178,99
1539,90,650,Sham19Y0122401,1259,329,1044,438,76
1539,276,479,Sham19Y0127677,16983,149,344,153,94
1539,1156,1516,Sham19Y0014309,261,141,668,288,65
1539,70,276,Shia001831Vols,357,731,914,146,87
1539,749,962,ShamAY0033522,517,489,686,121,64
1539,692,1074,Sham19Y0122406,2284,439,768,188,52
1539,276,639,Shia002265Vols,5768,539,896,286,98
1539,164,639,Sham19Y0013631,1180,1,295,175,46
1539,1,1110,Sham19Y0014224,776,66,787,471,49
1539,1203,1523,Sham19Y0018272,2181,9,316,221,78
1539,76,276,Sham19Y0020638,1722,194,368,129,79
1539,749,962,Shamela0000551,2140,276,555,127,56
1539,749,962,Shia002119Vols,2512,328,720,129,38
1539,1106,1250,Sham19Y0020699,2229,629,767,86,74
1540,97,742,Sham19Y0013769,1212,330,688,228,42
1540,789,1642,Shia000841Vols,4348,436,1392,549,64
1540,813,1298,Sham19Y0131521,4804,198,630,221,43
1540,1072,1303,Shamela0021715,3464,727,979,103,46
1540,813,1303,Shamela0005756,7197,976,1395,141,30
1540,813,1298,Shia001831Vols,357,914,1331,323,82
1540,813,1331,ShamAY0033522,534,1001,1493,357,82
1540,813,1373,ShamAY0033531,2460,570,1140,453,97
1540,93,773,ShamAY0033531,2463,673,1358,558,98
1540,86,742,Sham19Y0014224,736,602,984,241,43
1540,36,436,ShamAY0034383,236,989,1526,251,55
1540,451,686,ShamAY0034383,237,125,429,162,64
1540,115,686,Shamela0011036,1586,640,1409,376,56
1540,851,1579,Sham19Y0122257,1722,499,834,264,43
1540,789,1373,Sham19Y0014601,4889,560,1132,462,96
1540,808,1337,Sham19Y0013605,2068,355,816,169,33
1541,454,767,Sham19Y0013769,1212,1,323,209,75
1541,1245,1434,Sham19Y0013769,1216,1,298,150,62
1541,408,635,Shamela0000767,2621,1091,1308,122,51
1541,1,229,Sham19Y0148486,3282,814,1311,171,42
1541,427,838,Shamela0006610,641,139,622,179,37
1541,449,838,JK006897,358,1,342,159,43
1541,408,635,Shamela0001719,2427,486,982,137,33
1541,1,183,Shia000841Vols,4348,1392,1600,143,85
1541,772,1230,Shamela0011428,1571,234,452,108,28
1541,408,1147,Shamela0001727,848,198,652,168,24
1541,512,767,Shamela0005756,7198,966,1202,181,85
1541,408,670,Shamela0011816,363,204,471,144,50
1541,408,838,Shamela0001875,1010,69,286,116,33
1541,431,838,Sham19Y0020983,177,1,532,170,30
1541,408,838,Sham19Y0017729,379,68,366,179,50
1541,408,767,Sham19Y0014224,736,221,609,287,91
1541,1182,1434,Sham19Y0014224,743,715,1070,177,57
1541,417,1265,Sham19Y0020638,691,1,674,307,39
1541,408,838,Shamela0006222,502,1177,1385,115,33
1541,1,635,Shamela0008463,1740,755,1085,172,29
1541,29,256,Sham19Y0146127,1725,942,1205,155,70
1541,427,838,Shamela0009242,2307,219,809,176,30
1541,408,838,JK007065,526,139,371,116,30
1541,427,838,Sham19Y0022884,161,398,666,163,44
1542,825,939,Sham19Y0018259,532,454,568,90,100
1542,667,909,Sham19Y0017747,1182,1193,1421,119,58
1542,165,383,Sham19Y0017747,1184,73,308,160,81
1542,491,920,Shia002616Vols,1225,472,847,159,38
1542,1049,1227,Sham19Y0131521,4851,1296,1453,109,71
1542,496,825,Sham19Y0131521,4852,1048,1255,157,58
1542,656,886,Shamela0021715,3914,88,267,124,67
1542,179,1076,Shia001831Vols,358,8,580,411,56
1542,442,1219,ShamAY0033522,542,95,614,375,59
1542,939,1484,JK000201,1933,513,1052,418,96
1542,1,372,Sham19Y0122406,2294,511,1046,144,28
1542,857,1219,Sham19Y0127713,1418,670,961,122,37
1542,541,889,Sham19Y0132524,1652,379,617,161,56
1542,541,780,ShamAY0033531,2485,1317,1527,159,82
1542,502,796,Sham19Y0018103,1560,982,1271,159,57
1542,1,442,JK000665,9,548,768,118,30
1542,661,920,Shamela0021598,3234,688,935,125,61
1542,1058,1460,Sham19Y0020590,187,647,859,129,39
1542,418,1460,Shamela0000791,402,189,1229,794,92
1542,418,796,Sham19Y0013605,2071,839,1246,190,50
1543,522,756,Sham19Y0017350,778,1330,1564,183,97
1543,846,1492,Sham19Y0017350,780,183,1035,508,73
1543,526,770,Sham19Y0013769,1238,921,1164,188,95
1543,1094,1405,Sham19Y0013769,1242,973,1226,191,76
1543,846,1094,Sham19Y0013769,1242,294,535,187,92
1543,526,766,Sham19Y0017747,1210,536,780,181,89
1543,863,1236,Shamela0021715,2481,789,986,111,35
1543,1,292,Shamela0001727,849,339,968,199,39
1543,306,482,Shamela0001727,850,254,942,100,18
1543,27,339,Sham19Y0013572,536,198,508,132,38
1543,846,1236,Shamela0005756,5613,93,297,147,48
1543,504,779,Shamela0005756,7339,822,1087,202,89
1543,27,770,Shamela0005922,1947,239,1046,425,54
1543,27,419,JK006950,2688,112,579,146,31
1543,522,770,Shamela0097799,125,1189,1470,184,80
1543,846,1035,Sham19Y0122406,2297,29,259,128,67
1543,1,419,Shamela0001875,1003,477,1453,257,33
1543,216,419,JK000381,8383,16,247,89,41
1543,868,1236,Sham19Y0018103,1247,867,1031,115,39
1543,64,296,Shamela0025800,199,381,887,127,28
1543,339,727,Sham19Y0014224,760,45,437,149,36
1543,846,1492,Sham19Y0014224,761,967,1509,390,69
1543,27,486,Sham19Y0020638,692,359,1062,249,39
1543,498,774,Sham19Y0013252,4081,261,490,151,67
1543,504,727,Shamela0011036,1561,1033,1290,175,84
1543,27,339,JK007065,485,100,1223,213,23
1543,846,1173,Sham19Y0122257,1744,696,892,158,59
1543,1035,1177,Shamela0000791,378,87,227,111,96
1543,846,1236,Sham19Y0013605,1714,1127,1331,148,48
1544,1311,1507,Kraken230107021738,1092,32,228,122,64
1544,144,585,Shamela0001727,850,287,602,195,55
1544,144,585,Sham19Y0122406,2299,1097,1414,195,54
1545,238,382,Sham19Y0013667,4658,1311,1444,98,86
1545,987,1368,Sham19Y0013769,1240,242,638,214,59
1545,238,387,Shamela0025794,657,317,470,115,96
1545,270,553,Sham19Y0131521,4688,1264,1516,160,64
1545,553,820,Sham19Y0131521,4689,1,287,183,69
1545,238,387,Shamela0001727,850,793,942,112,94
1545,238,382,JK000786,3882,159,298,101,91
1545,238,382,Sham19Y0013572,428,817,960,107,93
1545,928,1368,Shamela0005756,7340,699,1123,306,81
1545,238,387,Sham19Y0127677,4798,715,860,103,90
1545,233,387,ShamAY0038083,44,135,289,113,91
1545,238,387,Sham19Y0122406,2300,126,275,112,94
1545,238,382,Shia002265Vols,1127,307,447,101,91
1545,238,387,Sham19Y0132524,1654,602,751,111,93
1545,238,337,Shamela0001875,1003,1354,1453,77,100
1545,238,382,Shamela0001438,6840,1253,1393,101,91
1545,238,387,JK000381,8366,1137,1281,109,94
1545,228,387,Shamela0025800,201,1140,1302,104,82
1545,938,1310,Sham19Y0014224,760,1121,1518,259,74
1545,233,382,ShamAY0034005,565,258,399,104,86
1545,238,387,Sham19Y0020638,692,908,1057,112,94
1545,987,1258,Shamela0011036,1562,102,518,202,59
1545,238,387,Sham19Y0017616,226,116,265,112,94
1545,238,387,Shamela0009690,1336,1014,1163,111,96
1545,238,387,Shamela0021729,122,90,235,110,95
1545,243,387,Shamela0021743,714,865,1010,108,93
1545,934,1561,Shamela0000791,378,234,857,503,96
1546,100,426,Sham19Y0013769,1240,1287,1609,187,69
1546,426,880,Sham19Y0013769,1241,1,379,280,76
1546,263,849,Sham19Y0017747,1213,878,1516,441,83
1546,283,586,Sham19Y0131521,4687,572,765,140,56
1546,283,986,Shamela0021590,838,719,1395,517,88
1546,1135,1403,Shamela0001727,851,334,1029,145,27
1546,1135,1277,Sham19Y0017798,2236,1110,1216,84,74
1546,100,263,Shamela0000791,378,857,1015,119,92
1547,228,374,Sham19Y0013769,1258,1402,1537,99,86
1547,674,1098,Shamela0008540,2113,927,1188,169,48
1547,1010,1188,Shamela0009702,234,934,1219,135,57
1547,244,374,Shamela0011036,1576,1002,1132,102,100
1548,801,1035,Shamela0001727,852,1326,1453,83,44
1548,801,1076,Sham19Y0122406,2310,920,1077,93,43
1549,752,1060,Sham19Y0013769,1246,265,620,241,82
1549,1284,1614,Shamela0008176,3755,1,208,153,56
1549,735,999,Sham19Y0017747,1139,1369,1575,146,63
1549,1080,1274,Shamela0021715,3863,1293,1479,140,85
1549,1284,1534,Shamela0021715,3865,577,910,147,55
1549,12,212,Sham19Y0127700,471,560,735,131,81
1549,803,1065,Shamela0005756,7325,574,781,165,77
1549,1065,1604,Shamela0005756,7328,626,1006,292,66
1549,234,951,Shia001831Vols,358,1077,1409,249,42
1549,305,429,JK000168,68,1087,1199,81,82
1549,1065,1619,ShamAY0033531,2400,416,786,269,58
1549,557,1129,Zaydiyya0000379,507,1037,1611,462,98
1549,1129,1619,Zaydiyya0000379,508,1,491,390,96
1549,648,1060,Sham19Y0014224,763,555,1007,282,73
1549,305,638,Sham19Y0014224,769,460,863,200,58
1549,1077,1279,Sham19Y0014224,770,243,479,158,79
1549,1312,1549,Sham19Y0014224,771,764,995,161,77
1549,867,1364,JK011690BK2,1479,826,1138,93,17
1549,816,1006,Sham19Y0013252,4067,506,641,108,68
1549,739,1060,Shamela0011036,1571,1008,1222,165,63
1549,1077,1274,Shamela0011036,1572,616,812,150,90
1549,1325,1534,Shamela0011036,1578,140,334,146,80
1549,1065,1614,Sham19Y0122257,1742,593,1399,293,37
1549,561,1614,Sham19Y0014601,4813,108,868,388,38
1549,557,1060,Sham19Y0017063,641,82,583,243,44
1549,552,1060,Shamela0000791,387,118,533,335,81
1550,181,495,Sham19Y0013769,1259,1396,1625,164,64
1550,1118,1618,Sham19Y0013769,1264,477,1114,260,45
1550,181,471,Shamela0021715,3554,130,743,128,23
1550,620,862,Shamela0005756,7375,127,328,150,73
1550,1,471,ShamAY0033531,2400,786,1205,151,32
1550,181,374,Sham19Y0018106,1579,731,1164,97,28
1550,181,310,Sham19Y0013631,1388,979,1103,57,41
1550,181,382,Sham19Y0018103,1588,883,1127,127,58
1550,1,176,Zaydiyya0000379,508,491,666,138,97
1550,968,1618,Sham19Y0014224,773,963,1618,519,95
1550,620,791,ShamAY0035950,666,1229,1516,118,49
1550,601,796,Shamela0011036,1555,1,203,154,94
1550,1024,1332,Shamela0011036,1555,1001,1257,138,46
1550,317,495,Shamela0011036,1577,307,491,138,92
1550,181,495,Sham19Y0020590,190,1137,1250,81,33
1550,521,1618,Sham19Y0017063,654,58,764,454,49
1550,530,1160,Shamela0000791,376,940,1541,465,90
1550,1160,1618,Shamela0000791,377,1,394,325,85
1550,236,545,Sham19Y0013605,2105,1154,1491,200,71
1551,324,520,Sham19Y0013769,1262,1155,1387,150,79
1551,215,528,Sham19Y0013769,1263,724,1045,234,88
1551,1,204,Sham19Y0013769,1264,1114,1297,146,88
1551,547,1230,Sham19Y0013769,1266,356,1165,453,64
1551,547,1537,Shamela0008176,3780,491,1030,375,45
1551,229,876,Sham19Y0131521,4773,84,656,248,43
1551,892,1198,Sham19Y0131521,4774,153,475,217,83
1551,580,1526,Shamela0021715,3861,4,684,213,23
1551,239,520,Shamela0001673,4291,563,1280,195,34
1551,324,520,Shamela0004473,12099,843,989,113,70
1551,224,528,Shamela0004473,12100,160,457,228,93
1551,547,1198,JK000201,1927,533,850,231,43
1551,239,681,Zaydiyya0000059,674,1124,1409,86,19
1551,535,861,ShamAY0033531,2445,1181,1527,263,94
1551,220,576,Sham19Y0014224,772,850,1251,235,65
1551,56,1526,Sham19Y0014224,774,4,1189,734,55
1551,1,204,Shamela0011036,1555,632,889,155,73
1551,567,1198,Shamela0011036,1559,75,950,331,42
1551,567,864,Shamela0009242,2288,1189,1484,141,44
1551,547,1526,Sham19Y0122257,1766,85,612,375,46
1551,220,949,Sham19Y0013783,1195,802,1248,245,37
1551,135,979,Sham19Y0017063,654,773,1233,296,42
1551,324,520,ShamAY0037374,36,915,1061,113,70
1551,224,528,ShamAY0037374,37,221,519,228,93
1551,520,979,Shamela0000791,377,450,932,337,85
1552,464,790,Sham19Y0017350,784,595,903,237,86
1552,1157,1538,Sham19Y0013572,1436,937,1397,116,21
1552,444,798,Shamela0009702,806,1049,1420,203,60
1552,1182,1386,ShamAY0033531,2407,117,337,164,90
1552,174,474,ShamAY0033531,2428,227,516,238,96
1552,174,376,Sham19Y0018159,564,958,1114,128,76
1552,1,429,Sham19Y0014224,763,1103,1588,269,56
1552,412,817,Sham19Y0014224,764,1,374,289,86
1552,1157,1538,Sham19Y0020638,695,571,1067,107,18
1552,169,376,Sham19Y0014119,1120,808,1014,170,99
1552,162,535,Sham19Y0017063,641,1247,1513,187,60
1553,574,1166,JK007064,540,215,760,391,75
1553,460,1155,Sham19Y0017747,1140,242,1043,190,22
1553,464,834,Sham19Y0122401,1239,1138,1534,275,82
1554,1030,1326,Sham19Y0020944,779,36,347,222,88
1554,1086,1323,Sham19Y0018259,664,1069,1310,156,73
1554,899,1326,JK007083,170,198,632,267,71
1554,666,1168,Kraken220413194022,1618,31,490,224,51
1554,1,420,Kraken220413194022,1619,35,396,180,42
1554,1027,1326,Kraken220413194022,1627,1106,1390,215,88
1554,1021,1326,JK007064,594,659,906,184,75
1554,1065,1439,Sham19Y0017350,786,262,776,291,71
1554,952,1326,Sham19Y0017350,854,845,1205,265,85
1554,1,332,Sham19Y0013667,6745,467,1014,105,18
1554,1336,1464,Sham19Y0013667,6754,934,1058,88,89
1554,1027,1326,Sham19Y0013769,1359,867,1160,224,93
1554,952,1326,Shamela0000767,2436,652,1148,266,66
1554,197,360,Sham19Y0148486,3656,381,539,126,93
1554,1027,1439,Sham19Y0148486,3659,588,1232,308,60
1554,1073,1326,Shamela0006610,680,400,686,185,80
1554,722,1168,Zaydiyya0000142,3492,216,593,240,68
1554,1,351,JK009390,2124,531,766,99,32
1554,1030,1326,Sham19Y0017747,1294,59,372,224,89
1554,672,1168,Sham19Y0017747,1296,678,1150,272,63
1554,1086,1326,JK006897,380,364,585,170,86
1554,1027,1326,Shamela0001719,519,350,668,204,74
1554,666,1172,Sham19Y0127656,285,484,842,182,42
1554,714,1172,JK000110,565,109,478,159,34
1554,1086,1340,Shia000841Vols,6559,504,796,183,79
1554,1030,1326,Sham19Y0131521,4716,1046,1356,225,89
1554,587,943,Sham19Y0127660,172,218,499,125,42
1554,1030,1326,Shamela0021590,893,749,1058,224,90
1554,1043,1326,Shamela0021590,894,40,463,209,60
1554,653,1172,Shamela0029878BK2,118,303,971,259,42
1554,757,1154,Shamela0029878BK2,120,1049,1464,168,47
1554,1154,1326,Shamela0029878BK2,121,1,175,135,94
1554,1340,1449,JK007128,351,1442,1551,85,99
1554,792,1168,Shamela0037325,267,1,308,192,58
1554,1,696,Shamela0001727,858,24,1392,315,25
1554,714,1168,Shamela0001727,860,158,552,254,64
1554,943,1326,Shamela0001727,862,892,1383,266,66
1554,1336,1439,Shamela0001727,863,40,143,81,100
1554,899,1244,Sham19Y0017757,119,1053,1468,182,49
1554,952,1355,Shamela0000432,4067,843,1407,272,60
1554,144,332,Shamela0000432,4071,1365,1611,153,76
1554,714,1172,Shamela0011498,491,367,728,195,50
1554,197,403,Shamela0011498,495,123,495,160,53
1554,714,1168,Shamela0011498,497,501,902,254,65
1554,1123,1439,Shamela0011498,500,1,419,226,64
1554,1,700,Sham19Y0013572,1438,276,838,222,30
1554,1027,1326,Sham19Y0017437,1160,838,1141,232,96
1554,1065,1190,Sham19Y0017437,1162,19,220,93,58
1554,1027,1326,ShamAY0033910,822,457,753,199,79
1554,725,1168,ShamAY0033910,825,1,284,183,53
1554,714,1172,Shamela0005756,7726,409,802,159,32
1554,1027,1326,Shamela0022645,936,206,505,237,99
1554,1027,1198,Shamela0022645,937,1083,1258,132,94
1554,1198,1326,Shamela0022645,938,150,304,100,82
1554,952,1355,Shamela0004473,3064,1051,1586,249,55
1554,197,364,Shamela0004473,3069,66,235,132,96
1554,714,1073,Shamela0004473,13550,1109,1472,246,85
1554,1030,1254,Shamela0004473,13551,1266,1487,161,84
1554,1030,1326,Shamela0117359,817,456,766,225,89
1554,714,899,Shamela0022868,171,1246,1432,142,95
1554,899,1168,Shamela0022868,172,1,198,118,55
1554,1027,1326,JK000130,823,643,939,199,79
1554,714,1168,JK000130,826,165,457,189,54
1554,1027,1214,Shamela0001665,424,1378,1569,145,95
1554,899,1323,Shamela0022547,1128,753,1299,215,44
1554,1065,1439,Sham19Y0013253,537,349,835,262,65
1554,1021,1326,ShamAY0034249,3670,1057,1385,232,87
1554,837,1168,JK006950,2692,57,322,161,55
1554,1,420,JK006950,2693,35,392,176,41
1554,1027,1326,JK006950,2701,1168,1477,225,89
1554,1,360,ShamAY0033523,395,561,1161,238,47
1554,1030,1326,Shamela0001442,608,282,593,222,88
1554,1,339,Shamela0001975,920,1236,1414,93,32
1554,197,610,Sham19Y0122406,2324,448,634,139,42
1554,952,1375,Sham19Y0122406,2326,432,801,255,72
1554,1,268,Sham19Y0122406,2326,24,461,81,17
1554,370,696,Sham19Y0122406,2327,48,600,115,22
1554,714,986,Sham19Y0122406,2328,1231,1511,210,95
1554,943,1439,Sham19Y0122406,2332,536,1361,277,38
1554,943,1439,Sham19Y0122406,2333,179,781,271,52
1554,1021,1319,JK009324,2136,690,922,155,59
1554,1021,1326,Sham19Y0016934,4151,1132,1459,231,87
1554,943,1326,ShamAY0000351,414,353,690,239,78
1554,1052,1319,Shamela0021735,727,582,853,164,62
1554,672,933,Sham19Y0132524,1668,1205,1507,191,80
1554,1164,1326,Sham19Y0132524,1670,1,172,130,94
1554,893,1355,Shamela0001875,1042,577,1052,258,56
1554,1,420,Shamela0001875,1044,581,921,173,41
1554,742,1168,Shamela0001875,1045,1,667,230,38
1554,1,351,Shamela0001438,3834,89,361,95,27
1554,714,1168,ShamAY0033531,2422,228,614,256,69
1554,714,1172,Sham19Y0018106,1687,388,875,136,23
1554,663,1073,JK000381,8386,746,1475,275,48
1554,1,370,JK000381,8387,983,1447,135,25
1554,1027,1326,JK000381,8396,815,1124,225,89
1554,714,1326,Shamela0036446,565,741,1305,390,80
1554,197,351,Sham19Y0018159,564,1469,1625,124,98
1554,677,1172,Sham19Y0018103,1681,30,493,179,33
1554,704,1326,Shamela0025800,3105,172,900,476,82
1554,672,1168,Shamela0025800,3110,9,366,197,45
1554,1027,1345,Sham19Y0150600,591,400,713,240,95
1554,1,351,Shamela0021659,1208,887,1144,97,30
1554,1027,1326,Sham19Y0014224,825,111,413,230,96
1554,1027,1326,ShamAY0034005,569,648,960,227,90
1554,1052,1326,Shamela0002300,3438,303,596,169,65
1554,714,1168,Shamela0010103,19,100,491,252,65
1554,1030,1326,Shamela0010103,20,289,582,211,84
1554,144,407,Sham19Y0020638,696,1082,1427,193,68
1554,614,1065,Sham19Y0020638,697,962,1494,313,74
1554,899,1443,Sham19Y0020638,699,263,865,357,72
1554,1027,1326,JK000475,932,470,770,201,79
1554,714,1168,JK000475,935,434,729,178,46
1554,1030,1234,Sham19Y0020591,1245,1088,1306,159,91
1554,714,1172,Sham19Y0013252,4313,14,400,135,26
1554,663,1172,Sham19Y0013252,4314,54,516,220,47
1554,1113,1323,ShamAY0035960,398,299,489,130,75
1554,1168,1330,Shamela0007342,756,1,162,127,98
1554,1,360,Sham19Y0146127,1926,267,560,153,40
1554,1108,1439,Sham19Y0146127,1928,100,476,227,71
1554,1230,1355,Shamela0009242,2439,1,186,91,63
1554,899,1326,Sham19Y0017616,236,721,1277,275,60
1554,663,1168,Shamela0009690,1356,173,916,261,38
1554,1,420,Shamela0009690,1357,278,797,191,37
1554,1340,1443,Shamela0009690,1365,1307,1410,81,100
1554,1105,1326,Shamela0009690,1366,1,205,155,86
1554,1043,1433,Shia002119Vols,2732,409,1095,197,31
1554,1027,1326,JK007065,282,643,939,226,94
1554,1,796,JK007065,598,201,1370,241,20
1554,1027,1326,Sham19Y0011194,136,47,346,237,99
1554,222,360,Sham19Y0017798,2122,1,139,112,100
1554,663,1172,Sham19Y0018176,905,336,910,187,30
1554,772,1168,Shamela0021729,142,1,610,211,37
1554,1,420,Shamela0021729,143,350,709,184,42
1554,1336,1439,Shamela0021729,151,1416,1519,81,100
1554,1027,1326,Shamela0021729,152,15,314,225,91
1554,1027,1326,Sham19Y0014601,4835,696,1052,226,79
1554,899,1326,Shamela0022644,2177,261,803,263,61
1554,899,1336,ShamIbadiyya0000109,3869,103,620,247,54
1554,899,1355,Sham19Y0022884,179,890,1454,253,57
1554,757,1326,Shamela0010517,1355,84,681,234,35
1554,1108,1291,Shamela0010517,1723,1391,1557,125,83
1555,121,453,Sham19Y0017350,854,1308,1569,181,64
1555,547,896,Sham19Y0017350,855,1,352,251,85
1555,901,1350,Sham19Y0013769,1248,848,1287,266,62
1555,378,890,Sham19Y0013769,1360,955,1589,250,43
1555,754,1535,Sham19Y0017747,1294,763,1582,515,72
1555,106,776,Sham19Y0017747,1295,385,1059,502,89
1555,31,444,Sham19Y0131521,4720,980,1437,232,52
1555,465,741,Shamela0021590,894,942,1299,159,49
1555,103,453,Shia001831Vols,359,567,1208,197,33
1555,529,1631,ShamAY0000351,420,10,1114,903,99
1555,164,453,ShamAY0033531,2421,1,373,207,68
1555,263,444,Sham19Y0018159,564,1176,1303,86,60
1555,110,444,Sham19Y0150600,593,718,1017,157,49
1555,885,1631,Sham19Y0014224,764,448,1253,513,73
1555,121,453,Sham19Y0014224,825,1137,1537,209,60
1555,529,776,Sham19Y0014224,826,1,270,178,80
1555,558,689,ShamAY0007299,3284,207,338,94,85
1555,110,444,Shamela0009242,2441,9,503,199,43
1555,371,667,Sham19Y0017616,595,1385,1591,159,65
1555,754,1631,Shamela0000791,419,80,868,644,89
1556,613,889,JK007064,594,959,1234,222,99
1556,1,399,Sham19Y0017747,1295,29,389,269,79
1556,425,889,Shia001831Vols,359,343,567,117,30
1556,1,425,ShamAY0000351,420,1114,1572,334,88
1556,1,360,ShamAY0033531,2425,1253,1560,253,84
1556,1,395,Shamela0000791,419,868,1258,310,94
1556,1,379,Shamela0010517,1355,918,1295,309,99
1557,999,1543,Shamela0008176,3866,527,733,136,30
1557,1189,1543,Sham19Y0017747,1291,376,708,203,65
1557,113,525,Sham19Y0032181,374,635,887,136,42
1557,106,525,Shamela0001727,862,270,546,141,41
1557,106,525,Sham19Y0020868,431,422,705,141,41
1557,106,525,Sham19Y0122406,2331,882,1158,141,41
1557,911,1543,ShamAY0000351,417,734,1320,450,88
1557,106,525,ShamAY0033531,2423,550,825,140,41
1557,124,525,Shamela0025800,3103,1039,1276,116,38
1557,1074,1543,Sham19Y0122257,1816,734,1100,236,57
1557,887,1543,Sham19Y0017063,676,605,1200,255,37
1557,1067,1451,Shamela0000791,419,1292,1674,310,99
1558,1,396,Sham19Y0013769,1358,99,488,293,89
1558,801,1173,Sham19Y0013769,1359,207,528,139,38
1558,415,1141,Sham19Y0013769,2682,1202,1530,226,37
1558,1141,1596,Sham19Y0013769,2683,1,437,342,89
1558,1017,1611,Shamela0008176,3866,950,1360,265,52
1558,1,828,Sham19Y0017747,1291,708,1569,640,90
1558,828,1611,Sham19Y0017747,1292,1,780,462,61
1558,579,763,Sham19Y0131521,4744,1325,1513,140,91
1558,1,387,Sham19Y0122406,2337,5,370,253,81
1558,1,213,ShamAY0000351,417,1320,1531,167,99
1558,213,1611,ShamAY0000351,418,1,1406,1132,98
1558,779,914,ShamAY0033531,2430,654,792,101,90
1558,1,407,Sham19Y0014224,823,664,1091,311,89
1558,407,1611,Sham19Y0014224,824,20,1250,773,67
1558,64,293,Sham19Y0013252,11330,1356,1562,148,81
1558,34,326,Sham19Y0017063,676,1186,1480,223,92
1558,995,1567,Shamela0000791,420,505,974,373,78
1558,1,396,Shamela0000791,420,96,499,306,92
1559,1,299,Shamela0008176,3866,1360,1654,231,94
1559,490,889,Shamela0008176,5178,547,687,112,35
1559,1,1059,Sham19Y0017747,1292,780,1620,626,69
1559,1161,1429,Sham19Y0017747,1293,1262,1534,216,97
1559,395,574,Sham19Y0018192,549,1188,1446,136,64
1559,517,693,Sham19Y0006538,527,318,499,135,95
1559,391,757,Sham19Y0131521,4270,604,976,248,76
1559,1188,1472,Sham19Y0131521,4745,121,405,228,97
1559,120,640,Shamela0021590,892,983,1335,165,33
1559,6,173,Shamela0006140,328,52,216,136,96
1559,1,253,ShamAY0000351,418,1406,1658,210,100
1559,1229,1472,JK001244,287,773,1313,141,32
1559,1,386,Sham19Y0014224,824,1250,1598,233,71
1559,391,640,Shamela0000551,2270,440,610,83,35
1559,1229,1472,Shamela0011444BK1,111,128,401,145,62
1559,1,410,Sham19Y0122257,1817,515,902,310,91
1559,1,173,Shamela0010517,1725,269,441,144,100
1560,1392,1555,Shamela0000963,1450,735,960,98,55
1560,1252,1555,Shamela0010273,312,933,1053,89,37
1560,1271,1422,ShamAY0035035,4352,163,308,111,96
1560,1252,1555,Tafsir03037,242,201,321,89,37
1560,1056,1215,Shamela0008176,5182,336,499,127,95
1560,1252,1513,JK006897,219,427,634,111,52
1560,1252,1555,Shia000841Vols,2954,1202,1424,154,62
1560,1252,1513,Shia000841Vols,4175,891,1254,160,50
1560,1256,1422,Kraken220413030905,8,1126,1343,93,51
1560,1432,1555,Kraken220413030905,9,128,226,76,78
1560,470,931,Sham19Y0131521,4271,467,920,325,83
1560,1226,1513,Shamela0001727,866,165,751,212,47
1560,1271,1435,Sham19Y0150676,2653,296,455,116,92
1560,1252,1523,Shamela0005756,7669,526,1009,197,53
1560,1252,1523,Shamela0012014,46,775,1117,166,54
1560,1271,1445,Sham19Y0127677,1913,278,447,119,90
1560,1271,1422,Sham19Y0127677,1914,432,580,113,98
1560,960,1226,Shamela0000894,2496,452,680,172,80
1560,1252,1555,Shamela0021614,3502,1142,1436,182,73
1560,1252,1513,JK001429,47,424,689,200,98
1560,1271,1480,Shamela0000140,350,115,537,112,34
1560,1319,1555,JK000201,2078,852,972,84,44
1560,1271,1445,Shamela0001975,825,1140,1308,115,86
1560,1073,1539,Sham19Y0122406,2341,429,1133,253,41
1560,1271,1422,Shia002265Vols,1056,66,214,113,98
1560,1274,1422,Shamela0011435,181,50,189,105,92
1560,1271,1555,Shia002264,440,904,1236,165,56
1560,1073,1353,Sham19Y0132524,1677,987,1275,128,45
1560,1252,1534,Sham19Y0132524,1678,800,1205,152,43
1560,1271,1422,Sham19Y0038171,1056,1111,1260,112,96
1560,1252,1513,Shamela0001875,731,511,773,195,96
1560,1271,1422,Shamela0001438,3418,1230,1381,115,100
1560,1271,1508,Shamela0001438,3419,15,311,150,64
1560,442,823,ShamAY0033531,2127,752,1107,274,88
1560,1252,1508,Shamela0025800,2688,552,816,170,82
1560,1271,1414,Shamela0021659,1129,1246,1383,102,93
1560,1230,1555,Sham19Y0020638,702,292,984,226,42
1560,1252,1513,Sham19Y0013223,961,48,371,157,54
1560,1266,1513,Shamela0011468BK1,1114,1151,1355,144,71
1560,1319,1555,Sham19Y0013252,4277,255,432,134,73
1560,1252,1422,Sham19Y0017616,237,841,1015,130,97
1560,1252,1555,JK007065,642,1047,1405,151,43
1560,1252,1513,JK007065,1517,379,817,198,58
1560,1036,1215,Sham19Y0122257,2417,312,491,142,95
1560,1271,1422,Sham19Y0017063,421,254,405,112,94
1560,1252,1555,Shamela0010443,333,700,962,188,78
1560,1252,1422,Sham19Y0148271,336,1248,1422,130,97
1561,487,1024,Shamela0001727,866,493,1120,174,25
1561,1132,1244,Shamela0001727,867,137,252,84,93
1561,908,1024,Sham19Y0127677,10417,643,759,92,100
1561,116,403,Shamela0000140,351,225,445,171,72
1561,908,1024,Sham19Y0122406,2342,847,965,92,97
1561,914,1244,Sham19Y0122406,2343,746,1146,139,33
1561,1081,1459,Sham19Y0122406,2344,867,1269,162,42
1562,65,589,Sham19Y0020561,1572,1087,1497,176,33
1562,459,714,Sham19Y0020944,792,911,1167,193,91
1562,65,181,Kraken220413194022,1593,385,501,88,98
1562,471,714,Shamela0007891,1282,488,738,193,97
1562,431,656,Shamela0012415,371,1158,1410,165,82
1562,471,714,Sham19Y0013667,4705,314,557,183,92
1562,171,413,Sham19Y0013769,1241,971,1402,132,39
1562,471,714,Shamela0000767,2371,93,343,165,72
1562,471,714,Shamela0000767,2651,1104,1354,193,97
1562,471,714,Sham19Y0148486,3517,952,1187,185,96
1562,467,714,Shamela0006610,660,385,621,180,91
1562,467,714,Shamela0006610,662,475,719,184,91
1562,471,697,Sham19Y0013922,710,1253,1471,167,91
1562,524,714,Shamela0008176,3803,1,189,150,98
1562,467,675,Sham19Y0017747,1233,1332,1547,164,96
1562,471,714,Shia002616Vols,1211,1172,1422,193,97
1562,471,714,Shia002616Vols,2936,817,1067,193,97
1562,467,714,JK006897,210,1,248,196,100
1562,404,714,JK006897,361,29,349,235,92
1562,347,714,JK006897,372,709,1121,194,45
1562,65,413,Shamela0021744,4148,692,1017,158,45
1562,471,714,Shamela0001719,2315,545,801,192,94
1562,471,646,Sham19Y0014207,88,1312,1483,135,97
1562,471,714,JK007142,343,817,984,116,55
1562,471,714,Shamela0002863,1340,1102,1341,186,95
1562,181,413,Shamela0011428,1624,267,713,171,48
1562,714,1051,Sham19Y0131521,4696,979,1317,241,82
1562,467,714,Shamela0021590,852,636,909,195,90
1562,467,731,Shamela0021590,853,267,559,196,84
1562,216,529,JK007128,701,730,1045,167,62
1562,141,589,Sham19Y0016684,881,1,713,222,41
1562,181,714,Shamela0001727,868,56,1123,409,48
1562,65,537,Sham19Y0017757,112,1046,1282,155,42
1562,408,714,Sham19Y0017757,114,643,1031,218,71
1562,471,714,Shamela0000432,5166,914,1159,189,95
1562,471,728,JK000786,2268,970,1218,191,94
1562,417,613,ShamAY0033910,952,1183,1445,151,71
1562,471,691,Sham19Y0127677,7363,1259,1499,175,91
1562,471,714,Shia001731Vols,501,1150,1392,186,94
1562,65,216,Shamela0022797,112,1373,1527,104,87
1562,471,631,Shamela0117359,831,1259,1430,127,93
1562,216,425,Shamela0005922,1948,181,447,118,56
1562,181,413,Shamela0000427BK2,4830,614,1274,174,33
1562,471,714,Tafsir09084,1110,897,1132,181,93
1562,646,1079,Sham19Y0014309,295,1092,1532,177,38
1562,467,720,Sham19Y0014309,582,839,1100,197,95
1562,471,714,JK000130,954,13,255,186,94
1562,347,714,Sham19Y0017903,713,263,620,218,66
1562,60,714,Sham19Y0013253,539,162,460,227,44
1562,338,714,ShamAY0034249,2789,640,916,124,32
1562,65,216,JK006950,2666,810,969,106,86
1562,188,413,JK006950,3076,613,883,158,74
1562,471,731,JK006950,3080,941,1142,150,72
1562,471,714,Shamela0001442,634,105,351,186,92
1562,714,1034,JK000201,1304,1195,1515,256,98
1562,1034,1144,JK000201,1305,1,111,88,100
1562,181,529,ShamAY0034282,2264,534,860,135,42
1562,471,714,Sham19Y0122406,2347,288,538,193,97
1562,467,651,Sham19Y0145212,1983,1307,1487,140,95
1562,471,714,ShamAY0000351,356,613,863,193,97
1562,467,714,Shamela0008473,2274,873,1107,180,91
1562,471,809,Sham19Y0132524,1680,200,517,182,60
1562,52,413,Sham19Y0132524,1681,238,804,152,31
1562,596,714,Sham19Y0132524,1682,1118,1236,94,100
1562,471,714,Shamela0001875,704,173,423,193,97
1562,188,529,Shamela0001875,1004,683,1158,202,52
1562,445,714,Shamela0001875,1005,1,277,209,93
1562,347,714,Shamela0001875,1026,346,749,214,62
1562,65,216,JK000381,8361,477,636,106,86
1562,188,413,JK000381,8771,483,753,158,74
1562,84,181,JK000381,8772,1456,1553,75,100
1562,471,731,JK000381,8775,810,1011,150,72
1562,331,714,Sham19Y0018144,1502,628,1045,209,52
1562,87,227,Shamela0036446,550,1242,1370,97,90
1562,471,714,Shamela0036446,557,960,1108,112,58
1562,560,714,Shamela0009107,550,1,154,122,99
1562,184,545,Shamela0025800,200,647,977,195,63
1562,65,373,Shamela0025800,259,201,474,115,34
1562,471,720,Shamela0025800,486,1049,1326,194,88
1562,347,714,Sham19Y0017729,384,904,1260,218,66
1562,471,714,ShamAY0034005,578,1003,1257,193,95
1562,52,714,Sham19Y0020638,703,384,1404,495,61
1562,188,450,ShamAY0034371,722,755,1132,175,59
1562,545,731,ShamAY0034371,727,1,185,137,91
1562,471,714,JK007036,237,324,547,171,86
1562,417,714,JK000475,1252,915,1270,224,76
1562,484,714,Sham19Y0020591,1272,1,223,176,96
1562,471,710,Kraken2108092202141,747,1251,1489,183,93
1562,471,714,Sham19Y0146127,1848,1101,1317,171,88
1562,467,714,Shamela0009242,2391,875,1094,172,87
1562,65,665,Sham19Y0017616,226,1034,1389,243,50
1562,471,714,Shamela0000782,242,620,870,193,97
1562,65,216,Shamela0009690,1331,543,702,105,86
1562,471,714,Shamela0021843,1590,924,1091,116,55
1562,471,714,ShamAY0035220,479,1040,1290,193,97
1562,471,720,Shamela0007264,285,205,433,156,72
1562,471,714,JK007065,711,1148,1374,179,93
1562,181,450,JK007065,810,958,1310,186,66
1562,347,720,Sham19Y0011194,99,553,920,223,70
1562,48,514,Sham19Y0017798,897,1068,1526,158,30
1562,467,714,Sham19Y0122257,1780,954,1197,190,96
1562,65,216,Shamela0021729,116,847,1006,106,86
1562,471,714,Sham19Y0014601,4906,960,1206,186,92
1562,471,714,Sham19Y0014601,4907,193,516,187,73
1562,347,714,Sham19Y0014119,322,128,476,216,67
1562,471,714,Sham19Y0013783,1206,433,683,180,85
1562,471,714,Sham19Y0013783,1315,1013,1283,159,64
1562,184,529,Shamela0021474,52,1,661,160,28
1562,560,986,Sham19Y0017063,643,1056,1486,197,43
1562,347,714,Sham19Y0017063,660,763,1109,207,71
1562,454,714,Shamela0022644,2042,131,389,185,87
1562,347,675,Shamela0008360,444,1042,1485,206,57
1562,331,714,Sham19Y0022884,175,599,1019,198,49
1562,65,216,Shamela0021743,719,675,822,110,92
1562,714,1043,Shamela0000791,378,1312,1625,248,92
1562,471,714,Shamela0008658,3140,1175,1426,193,96
1563,925,1251,Sham19Y0148486,3328,496,1022,160,38
1563,146,512,Sham19Y0131521,4824,819,1235,289,86
1563,178,444,Sham19Y0131521,7704,380,576,152,70
1563,925,1396,Shamela0001727,868,401,789,156,31
1563,925,1336,Shia001831Vols,360,18,393,292,89
1563,931,1321,Shamela0010527,1239,495,1065,209,43
1563,931,1336,Sham19Y0122406,2345,761,1086,202,63
1563,925,1059,Sham19Y0122406,2346,170,304,104,99
1563,315,512,ShamAY0033531,2473,1043,1223,101,62
1563,907,1321,Shamela0021474,52,366,846,175,43
1564,311,519,Shia002206,72,809,1018,147,83
1564,1107,1250,Shamela0011569,93,1081,1287,82,43
1564,351,551,JK011184,512,672,885,134,70
1564,347,740,Shamela0005756,8550,492,701,151,48
1564,633,993,Sham19Y0013253,540,382,701,190,61
1564,347,519,Sham19Y0032476,394,1250,1401,118,86
1564,633,993,Sham19Y0122406,2348,1023,1329,177,56
1564,113,919,Sham19Y0013252,4909,776,1132,243,37
1565,1127,1308,JK007064,752,591,793,131,82
1565,823,1200,Sham19Y0123510,935,470,710,160,54
1565,697,1270,Shamela0012415,370,306,828,236,46
1565,714,1181,Sham19Y0017350,1443,235,553,56,9
1565,1127,1308,Sham19Y0013769,1330,70,249,118,81
1565,775,1159,Sham19Y0016584,1864,1081,1376,149,39
1565,881,1200,Shamela0000767,2378,1,189,129,51
1565,781,1228,Sham19Y0148486,3509,112,422,194,53
1565,714,1181,Sham19Y0032381,219,784,1178,67,11
1565,714,1181,Sham19Y0019188,6579,1102,1318,49,11
1565,461,644,Shamela0008176,3811,697,899,142,82
1565,823,1228,Shamela0002863,1412,1,262,168,53
1565,775,1200,Shamela0021715,3889,936,1281,180,43
1565,770,969,Sham19Y0016684,963,1327,1518,142,90
1565,1,644,Shamela0001727,869,81,619,181,24
1565,714,951,Shamela0001727,869,1170,1408,176,93
1565,298,644,JK000916,10550,535,819,97,24
1565,714,1181,Sham19Y0017437,2312,781,1099,56,9
1565,775,1308,Shamela0005756,7837,559,1188,248,38
1565,714,1169,Sham19Y0127677,10863,1016,1379,213,50
1565,1127,1513,Sham19Y0014309,582,178,648,230,61
1565,1127,1308,Shamela0036543,1860,156,317,111,75
1565,823,1200,JK000477,606,578,779,137,48
1565,1,644,Sham19Y0122406,2349,484,1022,181,24
1565,657,929,Sham19Y0122406,2350,1206,1458,174,78
1565,929,1436,Sham19Y0122406,2351,1,690,217,36
1565,1127,1308,Shamela0006227,523,33,385,142,51
1565,17,644,Sham19Y0132524,1683,693,1159,167,25
1565,775,1200,Sham19Y0018106,1721,198,543,180,43
1565,1,388,Sham19Y0018144,1503,542,970,148,30
1565,775,1200,Sham19Y0018103,1709,234,580,180,43
1565,1127,1308,Shamela0025800,485,1018,1197,120,75
1565,823,1200,ShamAY0035950,423,268,521,161,56
1565,1127,1308,Sham19Y0020638,704,1009,1245,142,76
1565,1,388,Sham19Y0020638,704,156,399,151,47
1565,823,1192,Shia000820Vols,1394,90,335,155,55
1565,836,1308,Sham19Y0146127,1845,17,251,152,39
1565,298,644,Sham19Y0017616,234,594,884,100,24
1565,823,1200,Sham19Y0013241,1145,889,1130,165,56
1565,1136,1308,Shamela0007264,286,1,204,123,77
1565,1087,1308,JK007065,933,658,921,137,66
1565,775,1200,Sham19Y0018176,922,833,1178,180,43
1565,293,649,Shamela0000791,414,484,732,187,63
1566,1329,1518,JK006897,342,202,675,131,33
1566,296,912,Shamela0001727,870,863,1344,203,33
1566,1329,1563,Shamela0001727,871,309,1344,161,19
1566,1,226,Sham19Y0014309,582,648,839,147,77
1566,350,1464,Shia001831Vols,360,764,1282,276,31
1566,405,912,Sham19Y0122406,2354,52,579,160,26
1566,1344,1563,Sham19Y0122406,2356,86,1351,140,13
1566,1329,1518,Shamela0025800,189,328,868,131,30
1566,1329,1563,Sham19Y0020638,705,82,941,163,23
1566,1329,1528,Sham19Y0013223,370,965,1309,125,44
1567,187,495,Shamela0008176,3804,507,759,180,70
1567,647,967,Sham19Y0122402,784,636,982,169,53
1567,553,711,Shamela0001727,871,1091,1456,109,37
1567,1239,1473,Shamela0001727,872,1119,1355,112,45
1567,559,750,Shamela0005756,7122,127,537,126,37
1567,553,731,Sham19Y0013253,542,1233,1449,128,71
1567,731,1258,Sham19Y0013253,543,1,511,314,68
1567,772,1019,Shia001831Vols,360,1314,1448,92,46
1567,553,801,Sham19Y0016877,23,854,1204,98,28
1567,801,1010,Sham19Y0016877,72,94,302,168,98
1567,661,1169,Shamela0000140,1821,630,1233,394,81
1567,647,967,Shamela0010527,883,477,930,178,45
1567,661,967,Shamela0010527,1193,875,1207,145,45
1567,553,750,Sham19Y0122406,2356,1099,1505,140,43
1567,679,1538,Sham19Y0122406,2358,286,1179,417,44
1567,607,1169,ShamAY0032876,5,1,637,271,43
1567,772,1313,Sham19Y0017729,384,133,338,107,25
1567,76,548,Sham19Y0020638,1726,656,809,107,27
1567,27,548,Sham19Y0013223,1894,429,1279,342,47
1567,650,1111,Sham19Y0013252,3911,220,893,197,29
1567,27,495,Sham19Y0122257,1781,504,870,271,71
1567,58,409,Shamela0000791,412,522,850,250,85
1568,1338,1551,Shamela0001727,873,246,720,160,42
1568,425,561,Sham19Y0035453,208,1,134,106,95
1568,1338,1509,Sham19Y0020587,592,456,614,100,73
1568,409,739,Sham19Y0122406,2359,128,391,198,72
1568,1338,1588,Sham19Y0122406,2361,312,892,157,32
1568,6,265,Sham19Y0014224,807,912,1196,204,88
1568,753,1152,Sham19Y0014224,808,340,833,288,69
1568,796,1479,Sham19Y0013252,4222,799,1356,224,31
1568,753,948,Shamela0011036,1603,1354,1573,133,72
1568,952,1152,Shamela0011036,1604,1,205,155,93
1568,1338,1555,Sham19Y0017798,2803,101,251,87,51
1568,1,561,Sham19Y0122257,1784,78,304,157,34
1568,806,1052,Sham19Y0017063,662,99,305,146,70
1569,1341,1513,Sham19Y0017747,1316,1,171,136,95
1569,48,433,Sham19Y0131521,4828,286,662,285,92
1569,440,725,Sham19Y0131521,4833,189,424,156,66
1569,87,425,Sham19Y0035453,208,869,1214,252,89
1569,19,420,Sham19Y0122096,4090,125,577,274,74
1569,61,420,Shia001831Vols,361,447,783,241,83
1569,94,410,Sham19Y0017729,615,1227,1541,243,95
1569,959,1295,Sham19Y0018272,2179,876,1204,254,91
1569,5,590,Sham19Y0018272,2179,485,956,327,65
1569,552,725,ShamAY0034383,498,496,664,124,83
1569,1321,1513,Shamela0011036,1622,1105,1310,144,86
1569,552,725,Shamela0009242,2249,1156,1324,124,83
1569,94,383,Sham19Y0017616,596,601,803,104,40
1569,61,899,Shamela0000791,422,169,878,544,79
1570,1181,1520,JK007064,588,1076,1477,135,36
1570,1441,1630,Sham19Y0017350,787,886,1074,147,96
1570,373,984,Sham19Y0017747,1124,942,1576,375,64
1570,1079,1340,Shamela0001727,874,450,1137,137,23
1570,1066,1483,Shamela0000432,5730,379,737,216,57
1570,1352,1630,ShamIbadiyya0000433,964,144,564,133,33
1570,1098,1340,Sham19Y0013253,546,750,932,126,65
1570,1352,1615,Shia001831Vols,361,830,999,119,54
1570,984,1340,Shamela0021713,1822,318,580,133,43
1570,1446,1630,Sham19Y0150600,551,1107,1270,128,86
1570,1441,1576,Sham19Y0014224,765,1299,1529,105,56
1570,532,984,Sham19Y0018272,2179,1,456,356,95
1570,1157,1340,Sham19Y0013252,4155,104,298,130,77
1570,995,1257,Sham19Y0016772,1989,896,1030,93,45
1570,1452,1596,Sham19Y0122257,1700,1356,1499,106,86
1570,1261,1596,Sham19Y0014601,4915,277,692,155,37
1570,1066,1340,Shamela0010443,578,1122,1381,132,56
1571,613,1293,Shamela0007891,2050,896,1328,275,49
1571,549,1424,Sham19Y0017124,579,205,756,393,54
1571,1,556,Sham19Y0017350,787,1074,1598,327,67
1571,556,1604,Sham19Y0017350,788,1,1136,721,73
1571,912,1274,Sham19Y0013667,2602,346,635,189,64
1571,1,191,Sham19Y0013667,4775,407,590,140,90
1571,606,1152,Sham19Y0013667,4775,1106,1352,157,35
1571,584,1080,Sham19Y0013667,6273,211,490,196,48
1571,1,1604,Sham19Y0013769,1253,92,1587,1015,68
1571,584,1152,Sham19Y0011326,216,92,426,165,32
1571,613,1376,Shamela0008176,3691,462,1043,361,51
1571,584,753,Shamela0008176,5729,1310,1476,130,92
1571,840,1090,Sham19Y0017747,1108,1300,1558,189,89
1571,1090,1447,Sham19Y0017747,1109,1,429,235,60
1571,595,960,Shamela0008540,1260,1042,1587,145,25
1571,588,1152,Shia003965Vols,11394,299,567,166,36
1571,903,1249,Sham19Y0131521,1411,1274,1557,185,64
1571,603,1152,Sham19Y0131521,5336,249,564,169,38
1571,853,1341,Shamela0021715,3629,1057,1469,309,76
1571,606,1152,Masaha002028Vols,1909,872,1167,157,32
1571,606,1152,Sham19Y0017437,1536,247,506,154,34
1571,606,1152,Shamela0005756,7474,978,1224,157,35
1571,625,1152,Sham19Y0127677,9760,779,1038,138,31
1571,568,735,Sham19Y0035453,209,1,164,136,97
1571,573,735,Sham19Y0122096,3725,672,826,114,80
1571,625,1152,Shia000317Vols,7641,121,349,132,30
1571,588,1152,Shia003923Vols,1336,1071,1324,163,35
1571,537,735,Shia001831Vols,193,157,314,125,74
1571,490,753,Shamela0001442,616,1080,1340,201,89
1571,840,1447,Shamela0001442,987,447,1188,437,68
1571,606,1152,JK000201,367,470,716,157,35
1571,613,1217,JK000201,1967,1232,1582,250,49
1571,636,1152,Shia003961Vols,1462,1,214,138,33
1571,577,1062,Shamela0021660,4726,220,455,167,41
1571,1,195,Shamela0009702,787,801,987,139,88
1571,473,1376,Shamela0009702,1051,624,1603,585,67
1571,1376,1604,Shamela0009702,1052,28,585,155,32
1571,606,1152,Shia000263Vols,3244,558,758,139,31
1571,974,1376,ShamAY0033531,2444,17,460,270,68
1571,606,1152,ShamAY0033531,2779,1262,1502,156,35
1571,606,1152,ShamAY0033531,3962,943,1183,156,35
1571,843,1152,Sham19Y0018106,1613,381,612,140,52
1571,835,1336,Sham19Y0018103,1617,336,673,230,55
1571,588,1152,Shamela0001687,8491,615,872,162,35
1571,1,1468,Sham19Y0014224,766,55,1501,1122,91
1571,1468,1639,Sham19Y0014224,767,664,843,121,80
1571,588,1152,Sham19Y0013223,2513,888,1141,163,35
1571,625,1152,Sham19Y0013223,2634,1213,1471,138,31
1571,577,735,JK007036,234,1179,1318,107,81
1571,584,1152,ShamAY0007299,3080,1082,1313,164,34
1571,921,1336,Shamela0000551,2169,1,329,239,72
1571,786,1447,Sham19Y0016599,657,570,1354,450,66
1571,577,1062,Sham19Y0122257,692,100,331,173,43
1571,613,1639,Sham19Y0122257,1701,36,661,468,54
1571,613,1152,Sham19Y0122257,2616,290,532,151,34
1571,843,1341,Sham19Y0013605,2136,442,809,280,70
1572,65,510,Sham19Y0013769,1249,562,964,301,78
1572,556,763,Sham19Y0013769,1250,864,1204,163,58
1572,939,1450,Sham19Y0013769,1255,786,1203,207,47
1572,276,725,JK010001,516,203,834,142,25
1572,93,725,Shia000841Vols,4354,301,1037,334,49
1572,39,609,ShamIbadiyya0000229,850,806,1353,363,73
1572,570,732,ShamIbadiyya0000229,851,463,630,130,97
1572,177,378,Tafsir07055,553,1004,1424,123,34
1572,1,650,Shamela0000432,5730,1078,1557,383,73
1572,650,763,Shamela0000432,5731,1,114,92,100
1572,4,763,Sham19Y0017437,1077,755,1535,595,93
1572,902,1455,Sham19Y0017437,1078,40,687,361,63
1572,895,1187,Shamela0005756,7150,359,676,132,44
1572,529,763,Sham19Y0014224,765,647,899,149,66
1572,153,565,Sham19Y0014224,767,847,1255,323,94
1572,939,1450,Sham19Y0014224,768,881,1490,307,59
1572,30,565,Sham19Y0018272,1085,1108,1546,350,81
1572,565,1450,Sham19Y0018272,1086,1,991,655,81
1572,30,468,Sham19Y0122257,1701,691,925,168,46
1572,4,333,Shamela0000791,368,1169,1500,266,98
1572,333,1450,Shamela0000791,369,1,1355,681,54
1573,914,1347,Shamela0007891,1885,583,974,83,15
1573,1052,1218,Sham19Y0123510,518,351,532,128,84
1573,914,1037,Zaydiyya0000413Vols,2289,1337,1462,87,82
1573,1,538,Sham19Y0017350,790,1004,1506,360,81
1573,1276,1396,Sham19Y0013667,4801,1,132,91,88
1573,666,1413,ShamIbadiyya0000438,961,72,656,169,20
1573,1,384,Sham19Y0013769,2566,707,1082,204,61
1573,1052,1218,Sham19Y0148486,3453,110,291,128,84
1573,914,1218,Shamela0006610,1038,25,465,175,49
1573,1,529,Shamela0008176,3695,209,595,251,60
1573,112,510,Sham19Y0017747,1113,979,1486,198,45
1573,914,1037,Sham19Y0017747,2116,480,614,64,50
1573,914,1018,Sham19Y0017747,2499,1315,1421,80,98
1573,930,1276,JK006897,345,1050,1445,185,49
1573,666,1058,ShamIbadiyya0000229,846,1098,1510,296,88
1573,1058,1476,ShamIbadiyya0000229,847,1,312,196,51
1573,1052,1228,ShamIbadiyya0000229,848,1074,1240,127,89
1573,1052,1276,Shamela0025794,2586,42,345,130,50
1573,56,366,Sham19Y0131521,4834,398,660,189,73
1573,345,562,Shamela0021590,776,387,575,107,61
1573,914,1037,Shamela0021715,8513,681,795,88,92
1573,1247,1387,Shamela0001727,171,1,418,107,32
1573,733,1426,Shamela0001727,875,1,1453,479,41
1573,666,1347,Shamela0000432,5748,92,877,441,64
1573,247,562,Sham19Y0122401,1244,444,754,242,98
1573,666,1037,Sham19Y0013572,579,750,1274,279,67
1573,1,338,Shamela0010664,766,1240,1561,241,87
1573,338,557,Shamela0010664,767,1,193,143,83
1573,914,1037,Shamela0011385,1671,489,612,95,100
1573,914,1037,Shamela0001673,4230,913,1026,87,91
1573,345,557,Shamela0005922,1920,234,416,123,68
1573,1052,1347,Shamela0022868,237,522,1030,177,40
1573,914,1037,Shia001561,140,895,1018,95,100
1573,1080,1276,JK000201,2192,1,202,133,83
1573,1052,1288,Shamela0004289,965,359,715,164,56
1573,375,1373,Sham19Y0122406,2366,49,1197,401,35
1573,914,1347,Sham19Y0122406,2367,494,1147,319,61
1573,588,962,Sham19Y0132524,1697,584,1120,145,26
1573,904,1218,Sham19Y0132524,1699,1,340,227,80
1573,1228,1466,Sham19Y0132524,1699,1031,1357,168,64
1573,1047,1222,ShamAY0033531,60,254,451,141,87
1573,666,1257,Kraken230110004547,511,112,577,185,31
1573,674,1295,Sham19Y0018144,1520,525,1286,214,26
1573,908,1160,Shamela0036446,461,1,292,138,57
1573,666,1037,Shamela0025800,2831,951,1304,269,91
1573,914,1037,Shia001368,154,184,304,93,97
1573,918,1218,ShamAY0034005,533,598,1091,205,49
1573,1141,1387,Sham19Y0020638,154,491,834,127,40
1573,661,1470,Sham19Y0020638,708,263,1212,555,69
1573,1228,1387,ShamAY0034288,7,988,1159,122,90
1573,1141,1347,Shamela0008476,1365,965,1220,106,50
1573,930,1319,JK007116,54,1111,1428,202,63
1573,1047,1276,Sham19Y0146127,1813,768,1027,137,59
1573,740,1357,Shamela0011036,1458,69,942,317,39
1573,1281,1387,Shamela0011036,1459,1,112,84,95
1573,914,1037,Shamela0000551,3028,1121,1235,88,92
1573,1232,1387,Shamela0009242,53,993,1257,118,56
1573,1131,1387,Sham19Y0017616,48,894,1250,137,49
1573,930,1276,Sham19Y0017616,318,228,728,193,45
1573,914,1032,Shamela0000782,533,777,880,71,74
1573,930,1163,Shia001404,109,1,225,108,62
1573,666,997,JK007065,533,781,1419,230,45
1573,1,529,Sham19Y0122257,1704,441,797,250,60
1573,1047,1288,Sham19Y0122257,2437,46,306,151,65
1573,1052,1288,Sham19Y0014119,446,112,348,141,63
1573,247,702,Sham19Y0017063,629,264,605,249,69
1573,1026,1222,Sham19Y0017063,995,1216,1434,139,79
1573,1047,1288,Rafed0003902Vols,1559,908,1170,153,65
1573,1047,1218,Shamela0008360,622,1227,1421,139,88
1573,1052,1218,Shamela0021743,779,281,437,111,73
1573,1052,1288,Shamela0021743,1640,1147,1434,164,70
1573,1,224,Shamela0000791,369,463,686,177,97
1574,334,1039,ShamAY0033177,482,255,882,405,67
1574,397,745,Sham19Y0013769,1769,1181,1587,248,74
1574,745,1310,Sham19Y0013769,1770,1,735,363,59
1574,138,258,Shamela0006610,1037,1318,1484,85,66
1574,6,258,JK009390,2057,998,1253,121,52
1574,610,1015,Sham19Y0017747,2118,1,286,182,49
1574,258,461,ShamIbadiyya0000229,848,1314,1532,164,93
1574,461,1161,ShamIbadiyya0000229,849,1,896,557,76
1574,37,258,Tafsir07055,552,817,1139,105,37
1574,625,1015,Shamela0021590,1361,1,243,164,49
1574,1,165,Shamela0001727,877,23,482,109,30
1574,1161,1537,Shamela0000432,5729,585,981,312,94
1574,258,434,Shamela0000432,5748,1311,1497,142,94
1574,434,1122,Shamela0000432,5749,1,604,433,71
1574,50,279,Sham19Y0013572,968,1,324,124,51
1574,263,496,Shamela0005756,9592,1267,1457,139,72
1574,47,258,Sham19Y0127677,11061,59,527,87,20
1574,138,392,Shamela0008381,6337,98,392,104,42
1574,6,258,Shamela0001975,865,753,977,131,63
1574,47,165,Sham19Y0122406,2370,904,1201,84,36
1574,37,258,Sham19Y0038171,1007,1057,1406,145,53
1574,568,1015,ShamAY0033531,59,1261,1562,206,53
1574,47,258,Shamela0025800,1825,380,973,144,32
1574,6,258,Shamela0021659,1163,692,991,116,43
1574,363,1161,Sham19Y0014224,1120,257,1332,588,67
1574,6,258,Sham19Y0020638,709,192,833,161,32
1574,47,263,ShamAY0034288,37,190,677,109,27
1574,41,404,Sham19Y0146127,1813,1,432,126,30
1574,758,1161,Shamela0011036,1459,1137,1538,243,70
1574,138,452,Shamela0009242,3676,368,805,129,30
1574,50,258,JK007065,925,573,1003,119,36
1574,258,496,Sham19Y0122257,2437,1380,1563,144,74
1574,258,524,Shamela0000791,559,244,455,163,75
1575,22,484,Sham19Y0013769,1768,848,1249,296,77
1575,869,1338,Sham19Y0131521,4020,75,826,262,37
1575,17,561,JK007128,522,31,714,136,22
1575,1086,1371,Shamela0010664,1254,1171,1579,168,46
1575,362,525,Sham19Y0122406,2369,1243,1404,101,76
1575,110,706,Sham19Y0014224,1119,1000,1503,335,64
1575,714,879,Sham19Y0014224,1120,7,171,124,93
1575,110,855,Shamela0011036,1454,1,646,457,71
1576,1162,1579,Shia001432Vols,21947,665,1045,217,58
1576,1177,1475,Sham19Y0013667,4794,30,304,203,81
1576,70,374,Shamela0008176,5235,695,953,177,66
1576,1182,1475,Shamela0008176,5236,913,1293,211,62
1576,1139,1409,Shia000841Vols,4359,1256,1500,193,86
1576,66,459,Sham19Y0014299,275,1208,1558,228,62
1576,971,1475,Sham19Y0131521,4019,447,786,183,43
1576,948,1475,Shamela0021715,5233,366,694,189,40
1576,1192,1475,Shamela0021715,8511,101,282,143,61
1576,948,1579,Shamela0025791,531,268,733,225,37
1576,17,473,Sham19Y0016684,1804,339,815,181,38
1576,17,521,Shamela0005756,7677,128,323,45,9
1576,989,1475,Shamela0005756,7677,718,1081,184,46
1576,948,1579,Shamela0005756,9594,490,1120,267,41
1576,1119,1579,Shamela0010664,1255,961,1368,231,57
1576,1039,1579,Shia001831Vols,362,93,515,319,72
1576,924,1475,Sham19Y0122406,2372,141,685,262,49
1576,17,536,Sham19Y0018103,3346,90,639,302,57
1576,971,1576,ShamAY0034288,38,623,1000,198,39
1576,1151,1579,Sham19Y0013252,5799,787,1211,151,31
1576,971,1579,Shamela0011036,1456,115,786,398,66
1576,66,764,Shamela0011036,1457,742,1387,478,81
1576,70,480,Sham19Y0122257,2436,728,1081,247,69
1576,1182,1475,Sham19Y0122257,2437,519,787,208,84
1576,17,617,Sham19Y0017063,995,488,965,364,74
1576,1182,1465,Shamela0000791,559,593,842,189,80
1577,676,872,Sham19Y0013667,4801,998,1139,83,53
1577,172,474,Shamela0008176,5236,1,380,223,72
1577,1,162,Shia000841Vols,4359,1116,1279,109,81
1577,1239,1400,Sham19Y0131521,4764,1028,1183,125,95
1577,214,422,Shamela0000432,5730,122,300,130,75
1577,144,397,Shamela0005756,13047,162,322,116,54
1577,1,824,Shia001831Vols,362,515,1054,306,43
1577,144,497,JK000201,2193,686,1169,261,63
1577,583,872,Sham19Y0122406,2372,1098,1508,117,34
1577,100,295,ShamAY0033531,2025,1079,1252,126,78
1577,1,162,Sham19Y0014224,1121,377,542,119,90
1577,1,407,ShamAY0035950,198,297,555,174,50
1577,1,307,Shamela0011036,1456,786,1101,193,70
1577,144,474,Sham19Y0122257,2436,1069,1503,239,66
1577,151,295,Shamela0000791,559,933,1064,105,88
1577,144,457,Shamela0010517,2910,54,422,252,84
1578,378,616,Shamela0000767,2130,1,233,176,91
1578,318,611,Sham19Y0148486,3455,164,464,189,69
1578,318,611,Shamela0006610,1058,844,1142,204,80
1578,318,611,JK006897,344,77,406,221,82
1578,318,505,ShamAY0034182,561,1292,1487,137,84
1578,318,611,Shia000841Vols,4359,55,362,222,88
1578,318,611,Shamela0011428,1628,875,1201,220,83
1578,337,611,JK007128,661,1416,1591,138,62
1578,318,611,Shamela0001727,879,153,488,218,80
1578,464,611,Sham19Y0017437,1805,730,884,115,92
1578,307,611,Sham19Y0023644,1100,526,832,209,79
1578,318,611,Shamela0004473,9803,816,1120,191,73
1578,318,603,Shamela0012884,1709,1185,1440,158,63
1578,345,611,Sham19Y0014309,1359,1,248,163,69
1578,318,611,Sham19Y0017903,688,63,384,220,83
1578,95,454,Sham19Y0122406,2373,1049,1572,162,35
1578,1066,1258,Sham19Y0122406,2374,360,643,116,51
1578,430,611,Shamela0010463,107,1,156,122,82
1578,293,611,Sham19Y0132524,1702,117,1137,232,28
1578,318,611,Shamela0001875,986,489,814,221,84
1578,419,662,Kraken230110004547,210,1,230,128,58
1578,337,505,Shamela0036446,661,1425,1561,107,80
1578,318,611,Shamela0025800,1199,584,905,227,87
1578,318,611,Sham19Y0017729,375,976,1297,220,83
1578,297,650,Sham19Y0020638,710,667,1096,246,70
1578,318,546,Shamela0008634,526,141,383,169,84
1578,318,587,Shia001976Vols,270,1194,1435,162,70
1578,318,546,Shamela0010013,141,316,571,166,79
1578,318,611,Sham19Y0146127,1814,533,829,192,71
1578,318,546,Shamela0009242,3735,1258,1497,165,83
1578,318,611,JK007065,720,16,315,218,87
1578,318,546,JK000910,14,1269,1514,158,75
1578,318,611,Shamela0000137,623,1207,1493,205,81
1578,464,611,Shamela0010443,575,952,1106,118,95
1578,318,611,Sham19Y0148271,704,159,488,211,76
1579,54,223,Sham19Y0013769,1280,441,611,129,89
1579,894,1495,Shamela0001727,879,688,997,125,24
1579,1073,1495,Sham19Y0017437,1805,950,1130,106,31
1579,1073,1495,Sham19Y0014309,223,1333,1500,100,30
1579,894,1482,Sham19Y0020878,2835,1220,1503,114,22
1579,51,401,Sham19Y0122406,2374,828,1336,209,49
1579,894,1145,Sham19Y0122406,2375,49,268,60,25
1579,1073,1495,Shamela0001875,1102,94,282,106,30
1579,7,401,Sham19Y0017729,375,715,1297,131,21
1579,894,1495,Shamela0026865,9,270,593,126,24
1579,228,1495,Sham19Y0020638,710,908,1401,209,20
1579,1073,1495,JK000216,171,739,930,106,31
1579,1073,1495,JK007065,455,577,718,105,31
1580,1347,1560,Sham19Y0020944,795,198,454,151,71
1580,1361,1560,ShamAY0034059,3181,1033,1226,137,79
1580,1384,1560,JK007083,158,233,411,133,92
1580,1384,1560,Shamela0007891,1194,464,656,136,88
1580,1384,1560,Sham19Y0020583,792,108,278,114,74
1580,1384,1560,Shamela0000767,107,860,1052,136,88
1580,1333,1560,Sham19Y0148486,3456,1031,1525,174,43
1580,1387,1560,Sham19Y0032381,71,493,659,133,95
1580,1347,1560,Shamela0006610,621,862,1104,162,82
1580,1333,1560,Sham19Y0014313,1163,202,541,160,58
1580,1384,1560,JK006897,343,743,923,136,94
1580,1384,1560,ShamAY0038153,9,728,929,136,84
1580,1384,1560,Sham19Y0131521,4836,1120,1305,130,84
1580,855,1560,Shamela0001727,880,154,578,256,40
1580,1384,1560,JK006838,1073,1076,1232,118,83
1580,1384,1560,ShamAY0033910,978,949,1141,136,88
1580,1333,1560,Sham19Y0127677,8488,421,783,175,59
1580,1384,1560,Shamela0117359,834,655,866,133,78
1580,1384,1560,ShamAY0038083,39,1020,1204,140,94
1580,1384,1560,JK000130,979,1090,1282,136,88
1580,855,1062,Shia001831Vols,362,1366,1563,151,90
1580,1062,1322,Shia001831Vols,363,1,262,206,99
1580,1384,1560,Shamela0001442,640,581,766,130,84
1580,1387,1560,Shamela0011146,120,6,170,124,89
1580,1333,1560,Sham19Y0122406,2379,898,1206,175,70
1580,1384,1560,Shamela0037837,629,528,720,136,88
1580,1384,1560,Sham19Y0016946,330,664,849,123,77
1580,1333,1560,Shamela0001875,987,429,660,169,86
1580,970,1161,ShamAY0033531,2481,1381,1570,149,98
1580,1161,1333,ShamAY0033531,2482,1,164,127,91
1580,1384,1560,Sham19Y0017729,375,341,533,136,88
1580,855,1560,Sham19Y0020638,711,69,569,240,34
1580,1384,1560,JK000475,1279,922,1114,136,88
1580,1406,1560,Sham19Y0020591,1277,89,236,113,88
1580,1384,1560,Shamela0021766,200,1190,1370,136,94
1580,1384,1560,Shamela0021766,1514,900,1078,123,80
1580,959,1353,Sham19Y0013252,1398,924,1278,228,71
1580,1384,1560,Sham19Y0013252,4152,455,635,136,94
1580,1384,1560,Sham19Y0016976,915,152,345,136,88
1580,1333,1560,Sham19Y0017616,228,615,862,159,77
1580,1384,1560,Shamela0000041,910,101,277,132,91
1580,1384,1560,Sham19Y0014601,4918,38,223,130,84
1580,855,1322,Sham19Y0014601,4920,628,1453,350,52
1580,1353,1560,Sham19Y0014119,310,1286,1504,145,77
1580,1392,1560,Sham19Y0017063,628,773,951,130,91
1580,976,1322,Sham19Y0013605,955,122,808,228,38
1581,1,237,Sham19Y0020944,795,454,730,152,63
1581,1,237,JK007083,158,411,668,154,67
1581,1,177,Sham19Y0013667,2720,1038,1197,122,85
1581,333,851,Sham19Y0013769,1277,1052,1591,345,69
1581,851,1233,Sham19Y0013769,1278,1,424,273,75
1581,1,177,Sham19Y0014313,1163,541,717,140,100
1581,222,1481,Shamela0008176,3693,911,1552,403,37
1581,615,1179,Sham19Y0017747,1102,993,1614,426,82
1581,1,177,JK006897,343,923,1099,140,100
1581,1,177,Sham19Y0131521,4836,1305,1474,135,96
1581,1,177,Shamela0001727,880,578,754,140,100
1581,1,182,JK006838,1073,1232,1387,121,83
1581,1,208,Sham19Y0127677,8488,783,995,159,90
1581,1,172,Sham19Y0127677,8489,663,834,130,93
1581,1,177,Shamela0117359,834,866,1035,135,96
1581,1,237,Sham19Y0017903,687,1095,1320,157,83
1581,1,182,ShamAY0034282,2247,1053,1232,142,98
1581,30,177,Sham19Y0122406,2382,206,353,116,100
1581,1,237,Shamela0001875,987,660,888,159,83
1581,1,390,Sham20Y0021786,389,66,426,175,44
1581,1,177,Shamela0025800,192,1312,1483,134,94
1581,1,237,Sham19Y0017729,375,533,755,156,83
1581,177,330,Sham19Y0014224,777,671,839,112,82
1581,1248,1504,Sham19Y0014224,779,1,290,195,81
1581,532,1233,Sham19Y0014224,780,1,742,501,80
1581,1,237,Sham19Y0020638,711,569,841,158,70
1581,1,177,Sham19Y0020591,1277,236,405,135,96
1581,1,237,Sham19Y0017616,228,862,1155,159,62
1581,1,237,JK007065,600,541,762,156,82
1581,237,825,Sham19Y0122257,1702,1248,1627,226,43
1581,1066,1481,Sham19Y0122257,1703,8,242,171,49
1581,1,177,Sham19Y0014601,4918,223,398,135,96
1582,1482,1651,Sham19Y0017350,824,93,255,127,90
1582,427,1022,Sham19Y0013769,1277,522,1041,394,80
1582,1037,1603,ShamAY0034227,2774,726,1331,445,87
1582,1037,1482,Shamela0008176,3729,1058,1400,255,69
1582,396,538,Sham19Y0017747,1100,1145,1296,102,84
1582,69,321,Sham19Y0017747,1101,565,832,189,87
1582,1022,1626,Sham19Y0017747,1184,586,1293,479,80
1582,1022,1637,Shia000841Vols,4536,831,1402,423,80
1582,1175,1319,Sham19Y0017437,1108,5,159,101,81
1582,527,1022,Shamela0005756,7430,1039,1525,388,95
1582,1,165,Shamela0001673,4140,858,1067,117,64
1582,1056,1633,Sham19Y0014309,262,1,257,208,43
1582,1236,1633,Shamela0009702,838,1,553,209,41
1582,1037,1544,JK000168,67,1192,1691,384,89
1582,1037,1603,Sham19Y0149697,5699,1001,1573,418,82
1582,69,1022,Sham19Y0014224,779,362,1370,621,67
1582,1028,1633,Sham19Y0014224,797,989,1280,200,38
1582,1037,1467,Shamela0009242,2314,902,1264,250,64
1582,1,326,Sham19Y0122257,1703,255,587,254,91
1582,1037,1476,Sham19Y0122257,1725,674,1059,281,76
1583,155,503,Sham19Y0017350,824,1133,1550,240,69
1583,1141,1611,Sham19Y0017350,827,976,1450,343,84
1583,1,1135,Sham19Y0013769,1310,312,1484,654,58
1583,1149,1574,Sham19Y0013769,1311,1016,1432,313,86
1583,407,1118,Shamela0008176,3731,275,1079,467,64
1583,314,1591,Sham19Y0017747,1189,6,1301,678,48
1583,181,923,Shamela0021715,3552,900,1307,263,41
1583,449,823,Sham19Y0017437,1110,579,877,191,61
1583,1135,1303,ShamIbadiyya0000433,863,11,161,115,82
1583,1,389,Zaydiyya0000379,508,1206,1592,312,98
1583,389,1611,Zaydiyya0000379,509,1,1386,985,87
1583,11,1194,Sham19Y0014224,798,339,1664,799,69
1583,1194,1611,Sham19Y0014224,799,1,416,334,98
1583,1135,1268,Shamela0009242,2322,215,345,105,94
1583,407,570,Sham19Y0122257,1727,1456,1636,133,89
1583,574,1118,Sham19Y0122257,1728,11,605,338,60
1583,1,1611,Shamela0000791,384,35,1611,1274,97
1583,1135,1280,Shamela0010517,1431,145,293,115,94
1584,720,1115,Sham19Y0017350,830,583,1027,185,42
1584,484,1332,Sham19Y0013769,1314,525,1411,472,58
1584,484,645,Sham19Y0149697,5700,25,166,102,75
1584,1,245,Zaydiyya0000379,509,1386,1628,191,95
1584,26,267,Sham19Y0014224,799,421,698,195,85
1584,508,1521,Sham19Y0014224,801,48,1305,622,55
1584,267,767,Sham19Y0006684,2486,1207,1500,140,30
1584,532,849,Sham19Y0017063,637,199,379,134,51
1584,33,272,Shamela0000791,385,1,250,186,89
1584,267,437,Shamela0010517,1566,1425,1595,138,100
1584,267,508,Shamela0010517,1800,342,579,185,94
1585,671,1046,Sham19Y0013769,1312,28,585,234,50
1585,1,643,Sham19Y0014299,325,480,1069,454,84
1585,1,156,ShamAY0033522,515,619,774,122,93
1585,68,666,Sham19Y0014224,798,1,319,152,26
1585,666,1319,Sham19Y0014224,800,176,915,411,66
1585,838,1081,Sham19Y0014601,6906,1211,1454,180,90
1585,671,1046,Sham19Y0017063,637,962,1333,291,96
1586,1391,1548,Sham19Y0020944,770,968,1124,124,98
1586,1377,1548,Sham19Y0018259,573,1088,1202,91,66
1586,1377,1548,JK007083,164,805,976,136,99
1586,1377,1548,JK007064,557,703,889,131,85
1586,1374,1548,Sham19Y0017768,1105,1163,1337,138,99
1586,1,245,Sham19Y0017350,828,880,1142,195,90
1586,1374,1548,Sham19Y0013667,5814,725,920,106,62
1586,1,160,Sham19Y0013769,1312,1420,1564,118,90
1586,1053,1214,Sham19Y0013769,1320,232,450,82,46
1586,1374,1553,Sham19Y0148486,3317,1078,1243,121,83
1586,1374,1548,Noorlib0007682,113,831,1005,138,99
1586,1377,1548,Shamela0006610,645,1175,1345,130,92
1586,1417,1548,Shamela0003055,1399,1,132,104,99
1586,1374,1548,Sham19Y0016546,511,549,720,134,95
1586,1377,1548,Shamela0008176,3740,360,535,136,97
1586,1374,1497,Shamela0007534,54,1353,1476,92,94
1586,1374,1548,JK009408,1714,809,989,127,81
1586,1374,1548,JK010001,163,635,790,123,88
1586,1374,1548,Shia000841Vols,4791,982,1153,130,91
1586,1374,1548,Shamela0002863,1323,797,1030,134,72
1586,1374,1548,Shamela0022848,272,991,1156,130,93
1586,1374,1548,Shamela0025794,4581,356,543,133,86
1586,1374,1548,Tafsir07055,169,850,1024,138,99
1586,1,121,Sham19Y0131521,4658,976,1096,97,98
1586,1374,1548,Sham19Y0131521,4659,371,545,138,99
1586,1377,1548,Shamela0021590,824,331,515,136,92
1586,1377,1548,Shamela0021590,825,222,417,136,87
1586,1086,1214,Shamela0001727,885,1,258,54,21
1586,1374,1548,Shamela0001727,885,996,1170,138,99
1586,1377,1548,Sham19Y0017757,111,35,219,136,92
1586,1374,1511,ShamAY0033910,960,1349,1485,93,75
1586,1374,1548,JK000995,374,353,505,97,69
1586,1374,1548,Sham19Y0127677,13183,1013,1187,138,99
1586,1374,1548,Sham19Y0127677,13207,407,580,131,91
1586,1374,1548,Shamela0011816,341,109,288,111,71
1586,1374,1548,Shamela0117359,810,732,906,137,98
1586,1395,1548,Shamela0005922,1890,746,880,107,86
1586,1377,1548,Shamela0008381,3182,911,1082,131,92
1586,1374,1548,JK000130,962,23,196,122,80
1586,479,642,ShamIbadiyya0000433,876,1304,1517,130,75
1586,1391,1548,Sham19Y0017903,692,1211,1368,124,98
1586,1374,1548,Shamela0022547,2781,343,556,112,62
1586,1,182,Sham19Y0122406,2394,606,784,114,74
1586,1374,1548,Sham19Y0122406,2398,1285,1459,138,99
1586,1374,1548,Shamela0006227,487,850,1060,128,73
1586,1374,1548,Sham19Y0016934,2506,705,883,122,78
1586,1377,1548,Sham19Y0145212,1945,891,1066,136,97
1586,1374,1548,Shamela0011404,274,995,1174,117,76
1586,1391,1548,Sham19Y0132524,1719,1272,1433,123,95
1586,1374,1548,JK000221,475,740,918,137,96
1586,1374,1543,Shia002003Vols,1613,721,929,108,61
1586,1374,1553,Sham19Y0018144,1541,432,611,140,98
1586,1374,1548,Sham19Y0019230,769,273,447,138,99
1586,1391,1548,Shamela0025800,239,1283,1440,125,99
1586,1391,1548,Sham19Y0017729,378,250,407,125,99
1586,1374,1548,Shia003732Vols,3985,335,518,127,82
1586,1395,1548,Shamela0095735,478,637,790,117,91
1586,1374,1491,Shamela0010657,931,1334,1451,93,99
1586,1,236,Sham19Y0014224,800,1262,1453,137,70
1586,1045,1548,Sham19Y0020638,714,405,1243,236,32
1586,1374,1553,JK007036,227,1002,1181,139,97
1586,1374,1548,JK000475,1261,372,546,123,81
1586,1374,1548,Sham19Y0020591,1232,586,760,138,99
1586,1377,1548,Shamela0007342,653,83,254,129,91
1586,1374,1548,Sham19Y0016976,931,1,188,138,92
1586,1374,1548,Shamela0009242,2325,1144,1318,131,91
1586,1374,1548,Shamela0000782,449,1277,1451,138,99
1586,1391,1548,Sham19Y0020590,189,773,930,125,99
1586,1377,1548,Shamela0007264,196,1157,1342,128,82
1586,1374,1548,JK007065,1256,1224,1395,128,89
1586,1058,1548,Sham19Y0011194,132,1036,1365,196,47
1586,1377,1548,Sham19Y0122257,1734,122,297,136,97
1586,1374,1548,Sham19Y0014119,315,392,572,133,88
1586,1374,1548,Sham19Y0013783,1109,713,905,132,86
1586,1395,1548,Sham19Y0017063,638,1243,1389,116,94
1586,1374,1548,Sham19Y0148271,1839,1007,1181,138,99
1586,1391,1548,Sham19Y0014325,2953,1218,1375,125,99
1586,1417,1548,Shamela0008360,435,1,132,104,99
1586,1374,1548,Sham19Y0022884,166,153,327,133,92
1587,809,1296,Sham19Y0013769,1321,665,1429,325,51
1587,374,1062,Sham19Y0017747,1194,935,1573,331,51
1587,1084,1582,Sham19Y0017747,1195,11,599,224,41
1587,374,1020,Shamela0021590,825,884,1285,151,26
1587,397,650,Sham19Y0127677,6820,1,225,176,86
1587,367,1181,Sham19Y0014309,266,655,1348,517,75
1587,359,788,JK000201,1943,1149,1571,342,98
1587,788,1582,JK000201,1944,1,657,517,80
1587,359,914,Sham19Y0019230,769,470,1028,446,98
1587,867,1181,Sham19Y0014601,6907,376,622,196,77
1587,641,1181,Sham19Y0150962,1076,878,1329,346,77
1588,1181,1383,Sham19Y0013922,632,1222,1582,123,41
1588,482,849,Sham19Y0131521,4663,1029,1334,241,79
1588,1,369,JK000201,1944,657,990,232,71
1588,1181,1428,Sham19Y0122406,2402,115,380,153,68
1588,385,881,ShamAY0033531,2395,365,870,288,55
1589,418,651,Shamela0012415,339,1235,1464,179,95
1589,423,651,Sham19Y0013667,5803,78,269,148,81
1589,943,1275,Sham19Y0013769,1317,1153,1453,175,59
1589,418,651,Sham19Y0016584,4757,1142,1375,186,100
1589,418,651,Shamela0000767,2782,769,1002,186,100
1589,418,651,Shamela0000767,2827,922,1158,186,98
1589,418,651,Sham19Y0148486,3306,1021,1254,183,98
1589,418,655,Shamela0005733,23,304,552,163,75
1589,418,651,Sham19Y0013922,624,121,363,163,77
1589,111,322,Sham19Y0019188,2117,878,1073,90,40
1589,418,651,Sham19Y0016546,502,1289,1518,161,83
1589,1050,1396,Shamela0008176,3736,443,704,165,54
1589,418,651,Shamela0005803,52,1156,1383,158,77
1589,418,651,Shamela0021744,4070,928,1165,179,93
1589,418,624,Shamela0001719,3665,1225,1431,164,100
1589,418,651,JK010001,1760,1120,1315,156,83
1589,418,655,JK000110,1915,163,400,186,98
1589,418,655,Shia000841Vols,4540,73,311,181,95
1589,418,655,Shia000841Vols,4816,529,752,173,91
1589,418,651,JK000299,3474,144,381,179,93
1589,418,651,Shamela0022848,269,179,390,140,66
1589,418,655,Tafsir07055,169,1365,1489,97,51
1589,418,651,Tafsir07055,1845,1220,1453,186,100
1589,418,651,Shamela0011428,1616,191,421,184,98
1589,418,651,Shamela0021715,10985,650,883,186,100
1589,418,655,Sham19Y0016684,2045,610,847,186,98
1589,418,651,Shamela0001727,886,1196,1429,186,100
1589,1050,1396,Shia004456Vols,644,437,684,159,54
1589,986,1396,Shamela0005756,7374,254,646,280,80
1589,418,588,Shamela0005756,15232,1405,1538,105,77
1589,418,651,Shamela0009790,343,926,1157,160,78
1589,655,855,Shamela0005922,1889,897,1088,107,60
1589,418,651,Shamela0022547,537,174,847,179,32
1589,980,1396,Shamela0036543,952,573,1016,314,88
1589,418,655,JK000477,592,362,609,163,76
1589,418,655,Shamela0005815,183,1012,1252,161,76
1589,106,651,Sham19Y0122406,2402,932,1425,257,47
1589,418,651,Shamela0006227,482,628,859,183,97
1589,111,651,JK009324,3664,163,558,241,57
1589,418,651,Sham19Y0018106,4204,899,1132,186,100
1589,418,651,Sham19Y0018144,1545,1243,1467,175,94
1589,418,651,Sham19Y0036114,532,1024,1281,184,89
1589,418,651,Sham19Y0018103,4186,1211,1444,186,100
1589,418,651,Shamela0026891,3,688,921,186,100
1589,418,651,Shamela0010657,923,1014,1254,163,77
1589,1050,1396,Shia001555Vols,415,632,888,161,54
1589,986,1396,Sham19Y0014224,804,275,794,208,46
1589,418,651,Sham19Y0020638,715,818,1051,186,100
1589,418,651,Shamela0021766,491,825,1069,161,77
1589,418,651,Sham19Y0013252,10672,856,1089,186,100
1589,418,651,Sham19Y0146127,1739,292,495,162,87
1589,418,651,Sham19Y0017616,225,1017,1250,186,100
1589,418,655,Sham19Y0018176,2544,1184,1421,188,99
1589,1050,1396,Sham19Y0122257,1730,669,922,166,57
1589,715,862,Sham19Y0014119,1118,1086,1194,83,71
1589,662,862,Sham19Y0017063,638,107,302,139,81
1589,436,655,Sham19Y0013605,4990,52,271,172,98
1589,418,637,Shamela0010517,1800,1305,1538,169,91
1590,1057,1171,Sham19Y0013667,5813,553,702,77,66
1590,510,965,Sham19Y0013769,1318,724,1345,175,28
1590,1057,1362,Sham19Y0148486,3299,909,1210,100,29
1590,1328,1449,Shamela0006610,644,1376,1505,90,87
1590,1057,1362,ShamAY0034182,1196,778,1087,95,27
1590,1057,1171,JK010001,166,727,862,80,75
1590,1057,1219,Shia000841Vols,4576,1200,1393,95,63
1590,1057,1171,Tafsir07055,172,1365,1500,80,75
1590,1057,1362,Sham19Y0127660,939,578,878,101,30
1590,1057,1362,Shamela0001727,888,653,954,100,29
1590,1200,1449,Shamela0001727,889,203,835,86,15
1590,1057,1190,Shamela0001673,4079,6,144,82,69
1590,988,1190,ShamIbadiyya0000433,870,408,692,126,54
1590,1057,1159,Sham19Y0122406,2405,1331,1454,70,73
1590,1057,1488,Sham19Y0132524,1723,402,1116,185,31
1590,1057,1362,Shamela0001875,1021,723,1024,100,29
1590,1057,1362,Shamela0025800,234,1037,1338,100,29
1590,1334,1449,Shamela0025800,242,601,719,87,94
1590,40,458,Sham19Y0014224,802,1143,1568,250,63
1590,416,944,Sham19Y0014224,803,1,808,235,32
1590,988,1362,Sham19Y0020638,716,666,1331,146,23
1590,1200,1449,Sham19Y0020638,717,590,1040,88,19
1590,1057,1362,Sham19Y0146127,1735,740,1042,80,20
1590,988,1171,JK000609,21,237,543,126,53
1590,988,1171,Shamela0009242,2317,1056,1330,119,55
1590,1057,1362,Sham19Y0017616,232,357,672,100,28
1590,1057,1362,JK007065,677,968,1269,100,29
1590,1200,1488,JK007065,1123,579,935,142,44
1590,90,431,Sham19Y0017063,638,569,905,241,82
1591,639,1123,Shamela0005756,7336,377,982,236,37
1591,716,993,Sham19Y0014827,840,534,715,128,57
1591,1254,1430,JK000201,1888,256,674,131,38
1591,1,485,ShamAY0033531,1696,1025,1291,209,53
1591,796,1065,Sham19Y0018103,1587,382,582,136,61
1591,516,851,Shia002901Vols,854,36,346,243,88
1591,657,1017,Sham19Y0018272,822,97,455,264,86
1591,1,239,ShamAY0034383,463,1215,1453,192,100
1591,239,1150,ShamAY0034383,464,1,912,738,100
1591,796,1123,Shamela0000791,386,35,238,158,59
1591,800,1123,Sham19Y0013605,2103,581,852,213,82
1591,1254,1500,Shamela0010517,1596,580,837,171,77
1592,1,489,Sham19Y0013769,1729,1256,1587,177,38
1592,489,715,Sham19Y0013769,1730,1,140,113,61
1592,744,1618,Sham19Y0013769,1731,146,1173,580,63
1592,1,1105,Shamela0008176,3685,1009,1624,395,42
1592,1105,1532,Shamela0008176,3686,1,412,207,57
1592,1,404,Sham19Y0017747,2329,1128,1556,324,93
1592,404,1624,Sham19Y0017747,2330,1,1208,874,82
1592,128,500,Sham19Y0036110,270,1,211,145,44
1592,1,354,Shamela0021590,1512,703,1048,232,76
1592,1177,1384,Shamela0021715,297,982,1197,134,74
1592,1,1624,Shamela0005756,665,18,1512,776,46
1592,905,1624,ShamAY0033598,208,111,1175,442,47
1592,744,1061,ShamAY0033531,2382,1295,1551,204,78
1592,1116,1279,ShamAY0033531,2383,131,293,132,99
1592,918,1624,Sham19Y0018103,179,142,524,262,45
1592,21,1449,Sham19Y0014224,1091,14,1669,722,44
1592,1449,1624,Sham19Y0014224,1092,1,184,133,91
1592,1177,1575,Shamela0002573,900,861,1169,203,61
1592,1,551,Sham19Y0122257,1695,1185,1490,196,44
1592,797,1538,Sham19Y0122257,1696,1,680,401,61
1592,1249,1575,Sham19Y0008889,151,316,581,187,72
1592,21,586,Sham19Y0008889,161,47,318,172,36
1592,1249,1575,ShamIbadiyya0000109,7678,517,774,179,69
1592,1,1289,Sham19Y0013605,262,572,1621,633,51
1592,1289,1618,Sham19Y0013605,263,1,253,188,68
1593,1,321,Sham19Y0013769,1731,1178,1485,214,79
1593,415,707,Sham19Y0013769,1732,1211,1533,205,73
1593,707,1261,Sham19Y0013769,1733,1,716,267,42
1593,1269,1592,Sham19Y0013769,1735,1072,1401,195,63
1593,298,880,Sham19Y0017747,2331,970,1532,414,83
1593,880,1585,Sham19Y0017747,2332,1,535,328,51
1593,402,1241,Sham19Y0017437,1714,490,1098,399,55
1593,1189,1564,Shamela0005756,672,512,1045,182,40
1593,302,1378,Shia001831Vols,364,212,1315,569,50
1593,31,263,Sham19Y0132524,3238,988,1223,185,96
1593,1124,1532,Sham19Y0018103,180,766,1361,188,36
1593,1,933,Sham19Y0014224,1092,184,1361,653,67
1593,933,1592,Sham19Y0014224,1093,873,1625,352,51
1593,484,1366,Sham19Y0018272,1142,510,1154,282,33
1593,39,196,Shamela0002573,900,1419,1590,111,77
1593,1040,1261,ShamAY0000055,352,472,693,181,100
1593,754,957,Sham19Y0023625,2812,20,238,156,90
1593,39,207,Sham19Y0008889,151,1193,1376,128,86
1593,754,1326,Sham19Y0008889,157,44,681,184,24
1593,453,648,Sham19Y0013605,264,484,658,119,72
1593,1124,1261,Sham19Y0013605,265,235,370,106,94
1593,1319,1564,Sham19Y0013605,265,816,1076,148,60
1594,920,1350,Sham19Y0013769,1732,239,769,264,60
1594,1,210,Sham19Y0013769,1735,1401,1615,158,88
1594,210,561,Sham19Y0013769,1736,1,344,276,97
1594,963,1229,Shamela0008176,3686,876,1113,158,74
1594,1,1136,Sham19Y0017747,2332,514,1564,780,81
1594,1154,1350,Sham19Y0017747,2333,11,189,133,82
1594,1,438,Shamela0007266,117,626,1045,231,52
1594,141,561,Sham19Y0013253,562,575,1106,234,48
1594,930,1350,Shia001831Vols,364,298,545,193,55
1594,850,1183,ShamAY0033598,210,304,526,132,49
1594,1,174,Shamela0009702,956,1343,1611,126,56
1594,229,445,Shamela0009702,957,1,154,110,63
1594,344,869,Sham19Y0122406,2415,5,828,293,39
1594,10,449,Shia003732Vols,2826,616,1043,217,50
1594,889,1355,Sham19Y0014224,1093,94,677,336,71
1594,4,572,Sham19Y0014224,1094,1,553,434,92
1594,930,1350,Sham19Y0018272,1142,122,456,204,55
1594,681,930,Sham19Y0017616,595,224,504,172,70
1594,930,1269,Sham19Y0122257,1697,1195,1519,185,65
1594,259,561,Sham19Y0008889,159,724,964,185,75
1594,956,1234,Sham19Y0013605,263,1237,1504,193,84
1595,921,1571,Sham19Y0013667,4728,701,1550,244,28
1595,1098,1491,Sham19Y0013769,1296,1133,1557,179,41
1595,1,426,Sham19Y0013769,1298,1085,1534,231,53
1595,1,528,Shamela0008176,3782,124,584,362,85
1595,581,1357,Sham19Y0017747,1109,822,1588,539,79
1595,1,528,Sham19Y0017747,1110,637,1185,404,89
1595,267,528,Shamela0021590,772,336,555,155,71
1595,921,1579,Shamela0021715,3443,695,1157,320,58
1595,14,552,Shamela0021715,3444,447,861,205,44
1595,1,426,Sham19Y0127700,469,499,877,282,81
1595,1185,1317,Shamela0005756,8574,1467,1601,100,90
1595,931,1290,Sham19Y0122406,2420,103,536,226,60
1595,251,493,Sham19Y0145212,4273,1426,1651,179,92
1595,1415,1579,Sham19Y0132524,3239,777,936,127,96
1595,1265,1579,Sham19Y0018106,1938,939,1162,170,66
1595,33,528,Sham19Y0018103,1898,1280,1572,173,41
1595,1190,1579,Sham19Y0018103,1899,347,589,190,58
1595,542,904,Sham19Y0014224,793,797,1192,196,53
1595,14,528,Sham19Y0014224,794,507,1001,352,84
1595,1,528,Masaha001864Vols,5397,26,487,372,86
1595,24,520,Masaha001946Vols,366,762,1321,187,37
1595,478,868,Masaha001946Vols,367,642,794,104,33
1595,85,1579,Sham19Y0020590,179,42,922,611,49
1595,1,700,Sham19Y0122257,1766,937,1463,413,73
1595,989,1579,Shamela0000791,375,1,614,468,93
1595,24,542,Sham19Y0013605,2444,196,563,224,52
1595,1174,1579,Sham19Y0013605,2445,458,773,244,72
1596,27,165,Sham19Y0013667,4729,44,191,98,82
1596,17,410,Sham19Y0013769,1297,90,470,273,81
1596,809,1374,Shamela0006610,637,617,748,58,12
1596,1,258,Sham19Y0017747,1110,225,491,210,96
1596,17,363,Shamela0021715,3443,1157,1465,209,67
1596,814,1498,Shamela0001727,892,346,639,85,14
1596,809,1498,Sham19Y0013572,1447,999,1288,86,14
1596,426,861,Shamela0005756,7172,778,952,67,20
1596,17,410,Shamela0005756,8575,73,334,187,56
1596,1326,1498,Shamela0009790,393,15,198,67,45
1596,809,1507,Shamela0011816,352,233,537,87,14
1596,1326,1467,Shamela0006947,18927,630,822,77,39
1596,809,1498,Sham19Y0014309,247,1179,1416,83,14
1596,1326,1498,Shamela0023644,1441,16,199,67,45
1596,809,1498,Shamela0022547,1933,884,1177,88,14
1596,814,1498,Sham19Y0122406,2419,664,957,85,14
1596,27,172,Sham19Y0122406,2421,184,337,99,78
1596,809,1374,Sham19Y0001734,1884,1214,1390,93,21
1596,823,1498,Sham19Y0001734,2410,325,599,75,12
1596,1252,1498,Sham19Y0132524,1737,967,1242,85,41
1596,426,1498,Shamela0001875,1016,473,1034,120,12
1596,17,410,Sham19Y0018106,1938,1162,1424,190,57
1596,17,410,Sham19Y0018103,1899,589,854,191,57
1596,809,1374,Sham19Y0018569,551,288,804,90,13
1596,809,1374,Shamela0025800,220,1244,1401,58,11
1596,809,1498,Sham19Y0020638,720,58,358,86,14
1596,809,1498,Masaha001864Vols,2576,865,1232,98,15
1596,809,1572,Masaha001864Vols,5399,441,1133,553,89
1596,1,399,Masaha001946Vols,366,379,641,186,57
1596,17,258,Sham19Y0020590,179,922,1146,162,77
1596,814,1498,ShamAY0035220,218,1,307,116,22
1596,809,1374,JK007065,607,1158,1312,58,11
1596,1,421,Shamela0000791,375,614,1034,334,96
1596,17,410,Sham19Y0013605,2445,773,1043,195,58
1597,1249,1474,Sham19Y0017747,1111,401,610,153,83
1597,1257,1629,Masaha001864Vols,5398,245,611,298,95
1598,545,763,Sham19Y0020561,1574,1287,1495,155,89
1598,541,704,Kraken220413194022,1594,1316,1478,117,87
1598,555,775,Sham19Y0013667,4809,817,1034,161,90
1598,545,823,Shamela0006610,670,905,1181,157,64
1598,558,1004,Sham19Y0019188,2202,1061,1450,217,54
1598,558,1236,Sham19Y0017747,1226,988,1411,287,50
1598,555,775,JK006897,364,37,289,165,81
1598,580,823,Shamela0001717,1523,31,250,163,84
1598,629,775,Shamela0021744,4131,1,154,111,92
1598,545,743,Shia000153Vols,1043,904,1101,147,95
1598,558,775,Sham19Y0014207,81,724,937,160,94
1598,333,775,JK000299,3525,402,818,191,39
1598,555,1004,Shamela0021590,846,513,1024,178,32
1598,558,775,Shamela0021590,847,396,759,140,47
1598,555,775,Shamela0001727,893,943,1162,171,98
1598,798,1049,Shamela0001727,894,135,479,186,68
1598,555,823,Sham19Y0017757,113,1047,1309,150,61
1598,555,827,ShamAY0034263,252,983,1318,188,69
1598,589,775,Sham19Y0014442,2157,988,1162,119,77
1598,558,775,Shamela0005756,7447,495,733,160,84
1598,550,775,Shamela0005756,7824,948,1177,172,95
1598,798,955,Sham19Y0127677,6309,192,402,118,71
1598,857,955,Sham19Y0127677,6323,1186,1287,75,95
1598,570,841,Shamela0001673,4298,1192,1506,150,54
1598,555,875,Shamela0005922,1969,1001,1497,200,46
1598,875,1187,Shamela0005922,1970,1,195,99,34
1598,555,775,ShamIbadiyya0000074,1520,947,1132,125,71
1598,558,823,JK000271,213,1048,1313,175,78
1598,555,775,Shamela0009804,299,935,1149,159,89
1598,555,1053,JK001429,83,579,923,243,61
1598,1156,1393,Shia001831Vols,365,385,598,90,32
1598,541,779,JK006950,2668,362,625,175,81
1598,558,823,ShamAY0033181,1058,1143,1499,191,68
1598,555,955,ShamAY0034282,2378,63,521,235,61
1598,555,883,ShamAY0034282,2433,345,840,223,55
1598,555,775,Sham19Y0122406,2423,218,437,171,98
1598,798,1249,Sham19Y0122406,2424,208,869,214,33
1598,1053,1431,Shamela0003565,3502,769,1111,263,82
1598,555,775,Zaydiyya0000149,230,1029,1254,167,92
1598,529,775,Masaha001171Vols,2481,456,687,148,73
1598,606,1200,Masaha001171Vols,5243,1,475,188,30
1598,555,775,Sham19Y0020763,98,956,1171,168,96
1598,555,775,Sham19Y0127713,1477,1109,1328,163,92
1598,555,775,Sham19Y0132524,1739,451,1116,171,32
1598,555,1004,Shamela0001875,1018,304,748,228,55
1598,555,775,Shia002003Vols,1598,1041,1265,170,96
1598,541,779,JK000381,8363,28,291,175,81
1598,555,775,Sham19Y0014555,559,1021,1274,165,79
1598,785,1004,Sham19Y0123608,723,92,380,149,66
1598,555,1004,Sham19Y0017729,381,794,1159,224,64
1598,567,775,Sham19Y0006684,2551,1118,1369,123,55
1598,555,775,JK000287,33,601,809,162,93
1598,555,775,Shia000895Vols,1653,266,486,164,92
1598,555,1053,Sham19Y0020638,722,180,855,319,55
1598,1,491,Masaha001864Vols,5398,611,1101,403,99
1598,558,955,Shamela0021766,511,601,995,195,52
1598,558,779,Sham19Y0013252,4139,595,809,158,87
1598,558,775,Sham19Y0013252,13258,1134,1324,149,86
1598,558,1004,Shamela0008463,2073,468,857,217,54
1598,647,955,Shamela0009242,2375,868,1514,196,37
1598,798,1004,Sham19Y0017616,233,335,616,146,66
1598,555,775,Sham19Y0013241,719,305,633,125,45
1598,804,955,Sham19Y0013241,1137,1030,1252,107,62
1598,558,775,Sham19Y0020590,194,323,734,136,39
1598,541,779,Shamela0009690,1333,87,323,173,89
1598,555,1004,Sham19Y0011194,131,35,491,204,41
1598,541,779,Shamela0021729,118,434,702,175,80
1598,558,775,Shamela0021731,494,487,708,153,84
1598,558,823,Shamela0022644,2018,1114,1391,154,61
1598,555,775,Shamela0022644,2019,129,785,150,28
1598,580,775,Sham19Y0014325,1802,952,1119,112,71
1598,536,1004,Sham19Y0014325,3120,884,1345,226,59
1599,617,1345,Shamela0008176,3806,712,1367,335,48
1599,1,401,Sham19Y0017747,1200,89,528,258,66
1599,1350,1488,Shamela0025794,1780,464,614,102,86
1599,1,336,Shamela0021590,831,558,841,155,52
1599,1350,1488,Shamela0001727,894,38,180,106,94
1599,1350,1488,Sham19Y0017437,1125,352,498,103,89
1599,10,290,Sham19Y0127700,470,628,916,226,95
1599,802,1154,Sham19Y0127700,471,74,402,246,86
1599,43,260,Shamela0005756,7628,545,743,154,85
1599,983,1468,Shamela0005756,7629,432,932,157,25
1599,838,1206,ShamAY0033522,540,396,683,219,73
1599,1,240,JK000201,2007,1295,1533,194,98
1599,838,1350,JK000201,2010,283,787,398,94
1599,1350,1488,Sham19Y0122406,2424,111,253,106,94
1599,443,1345,Sham19Y0145212,4276,246,713,295,40
1599,842,1206,Sham19Y0127713,1479,1202,1480,214,71
1599,1350,1488,Sham19Y0020638,722,544,686,106,94
1599,983,1331,Sham19Y0013252,4254,95,296,160,56
1599,1350,1488,Sham19Y0017616,233,238,380,106,94
1599,304,1570,Sham19Y0122257,1783,16,1402,532,36
1599,628,1345,Sham19Y0014601,4796,44,550,326,54
1599,17,290,Sham19Y0014601,6906,725,959,178,78
1600,197,380,JK007105,17,405,567,121,82
1600,197,380,Sham19Y0123510,514,583,766,136,91
1600,197,380,Sham19Y0148486,3308,1079,1262,146,100
1600,197,380,Sham19Y0148486,5995,1103,1285,144,98
1600,197,341,Shamela0006610,648,272,416,115,99
1600,197,781,Shamela0008176,3738,686,1266,280,47
1600,197,380,Shia000841Vols,5809,251,434,136,91
1600,217,380,Shamela0002863,2265,1,163,128,96
1600,192,380,Shamela0025794,2617,10,227,143,81
1600,197,380,Sham19Y0131521,4669,531,708,140,96
1600,146,380,Shamela0001727,894,673,1016,184,67
1600,197,397,Shamela0006060,479,1183,1383,148,92
1600,197,380,Sham19Y0127700,234,402,584,145,99
1600,155,520,Sham19Y0127700,469,1370,1588,166,56
1600,528,1017,Sham19Y0127700,470,8,385,277,69
1600,197,380,Shamela0009810,1091,837,1046,144,84
1600,155,380,ShamAY0033910,968,905,1206,165,67
1600,197,394,Shamela0005756,7444,606,828,146,81
1600,197,380,Shia001731Vols,614,1042,1250,143,84
1600,192,380,Shamela0005922,2744,910,1097,148,98
1600,197,384,Shamela0000736,1710,675,855,143,95
1600,197,380,JK000130,891,49,250,140,84
1600,155,380,JK000130,969,1065,1366,165,67
1600,197,380,ShamIbadiyya0000433,878,1162,1345,144,98
1600,192,380,Sham19Y0017903,701,887,1074,148,98
1600,197,380,ShamAY0034249,2131,598,820,140,77
1600,264,1030,JK000201,2299,880,1419,426,68
1600,197,327,ShamAY0034282,2294,1259,1419,99,75
1600,146,380,Sham19Y0122406,2426,163,506,184,67
1600,201,380,Sham19Y0016934,2462,1,206,137,82
1600,197,380,Sham19Y0001734,1916,735,914,139,92
1600,192,341,Sham19Y0132524,1743,383,601,120,68
1600,197,380,Shamela0001875,1007,535,718,146,100
1600,141,380,Kraken230110004547,25,1255,1434,123,65
1600,197,380,Sham19Y0018144,1561,301,509,134,77
1600,197,380,Shamela0036446,548,1195,1371,140,96
1600,197,384,Shamela0012579,1989,178,363,147,97
1600,197,380,Shamela0025800,244,292,478,142,95
1600,197,380,Sham19Y0123608,1505,410,593,146,100
1600,197,380,Sham19Y0017729,376,1121,1304,146,100
1600,192,380,Sham19Y0017729,379,400,587,148,98
1600,197,380,Shia003732Vols,3711,627,838,138,82
1600,197,380,JK001293BK1,747,886,1063,133,89
1600,197,406,ShamAY0034005,575,646,889,150,75
1600,192,380,ShamAY0035950,196,293,480,138,90
1600,197,380,Shamela0012027,39,1346,1528,144,97
1600,633,792,Shamela0012027,41,469,628,127,99
1600,192,380,Sham19Y0020638,723,1032,1219,147,98
1600,1182,1551,Masaha001864Vols,4801,728,1103,296,97
1600,197,380,Shamela0006222,1197,623,826,135,79
1600,155,380,JK000475,1269,540,849,165,66
1600,197,380,JK000475,1604,248,453,143,86
1600,217,380,JK000475,1835,1,141,112,85
1600,201,707,Sham19Y0020591,1234,844,1098,134,31
1600,197,380,Shia000820Vols,1232,215,398,136,91
1600,197,380,JK000022,2521,941,1119,139,93
1600,197,380,Sham19Y0146127,1740,784,967,146,100
1600,197,380,Sham19Y0146127,3320,108,290,144,98
1600,197,380,Shamela0009242,2336,1056,1239,145,99
1600,146,380,Sham19Y0017616,227,1055,1286,162,86
1600,197,380,Shamela0000782,443,40,245,143,86
1600,197,380,Shamela0000782,570,930,1131,133,78
1600,197,380,JK007065,660,771,954,146,100
1600,197,380,Sham19Y0122257,1732,998,1180,144,97
1600,197,380,Sham19Y0020699,2198,443,626,146,100
1600,197,380,Sham19Y0148271,311,700,906,140,82
1600,197,380,Shamela0008360,434,1104,1286,142,96
1601,1184,1382,Sham19Y0018259,566,1305,1500,139,84
1601,579,1009,Shamela0021495,461,291,740,179,34
1601,579,862,Sham19Y0017350,807,1047,1489,144,39
1601,20,552,Sham19Y0017350,834,287,784,322,67
1601,911,1484,Shamela0008176,3791,1074,1536,249,52
1601,1,564,Shamela0008176,3792,710,1167,315,69
1601,931,1523,Sham19Y0131521,4819,213,782,260,43
1601,757,935,Shamela0021715,3631,809,1095,134,56
1601,1319,1537,Shamela0005756,7484,1124,1301,115,62
1601,58,446,Sham19Y0014309,1200,1156,1511,242,74
1601,950,1484,JK000201,2002,926,1568,417,79
1601,570,833,JK000168,71,818,1229,181,52
1601,1009,1523,ShamAY0033531,2469,805,1312,388,94
1601,794,995,Sham19Y0018106,1614,29,465,133,38
1601,1319,1537,Sham19Y0018103,1618,1081,1280,112,57
1601,539,1067,Sham19Y0014224,782,843,1550,342,59
1601,1,451,Masaha001864Vols,4801,1103,1555,363,99
1601,564,833,ShamAY0034251BK3,1021,658,903,147,62
1601,1184,1484,Sham19Y0122257,1773,1225,1558,230,86
1601,1,564,Sham19Y0122257,1774,1056,1507,316,69
1601,931,1520,Sham19Y0014601,4899,300,719,162,30
1601,1319,1537,Sham19Y0013605,2137,1288,1465,113,62
1602,1276,1518,Shia000841Vols,5743,1397,1582,141,68
1602,73,211,Sham19Y0131521,4819,737,870,108,94
1602,448,589,Shamela0021715,3634,1,142,115,100
1602,1009,1294,Shamela0001727,895,714,1449,162,27
1602,1257,1518,Sham19Y0014309,288,881,1244,200,68
1602,1366,1518,ShamAY0034139,42,900,1052,125,100
1602,91,247,JK000201,2003,1,158,128,99
1602,600,1313,Sham19Y0122406,2433,462,1261,423,59
1602,1322,1518,ShamAY0000351,372,463,659,161,100
1602,1322,1518,ShamAY0000351,439,182,378,161,100
1602,17,247,ShamAY0033531,2469,974,1436,183,48
1602,101,589,Sham19Y0014224,783,737,1294,182,29
1602,1,271,Sham19Y0122257,1774,53,284,156,63
1602,1304,1518,Shamela0000791,367,397,611,175,100
1603,631,750,Shia002206,73,1018,1140,83,83
1603,1,268,JK007064,543,782,1033,179,79
1603,230,399,Shamela0021629,409,762,918,119,85
1603,230,405,ShamAY0034227,2642,554,723,131,93
1603,1,213,Shamela0008176,3798,845,1006,127,75
1603,1,292,Sham19Y0017747,1157,629,1160,159,37
1603,435,624,Shia000841Vols,5742,521,744,116,57
1603,4,631,Shia000841Vols,5744,1,651,506,96
1603,469,635,Sham19Y0131521,4795,28,184,123,89
1603,631,1522,Shamela0001727,896,254,1202,249,23
1603,1,213,Sham19Y0014309,288,1244,1465,166,93
1603,234,631,Sham19Y0014309,289,1,373,280,84
1603,635,1522,Sham19Y0013253,568,658,1176,216,27
1603,647,1107,Shia001831Vols,365,958,1057,72,20
1603,1,620,JK000201,1959,120,770,261,40
1603,631,750,Sham19Y0122406,2434,1204,1321,85,92
1603,647,1221,Sham19Y0122406,2435,358,1233,210,24
1603,1,631,ShamAY0000351,372,659,1286,507,99
1603,1,631,ShamAY0000351,439,378,1005,507,99
1603,1151,1522,Sham19Y0020638,725,4,594,143,29
1603,435,620,Shamela0009242,2363,382,578,121,66
1603,1138,1276,Sham19Y0017616,233,515,666,76,51
1603,1,213,Sham19Y0122257,1777,1290,1451,127,75
1603,1,631,Shamela0000791,367,611,1214,477,93
1603,1231,1457,Shamela0000791,376,705,945,136,69
1603,1171,1446,Shamela0010517,1937,432,758,167,58
1604,66,225,Sham19Y0020561,537,147,308,121,98
1604,721,871,Shamela0007441,458,1037,1189,118,94
1604,1182,1468,JK007064,583,889,1056,105,44
1604,677,1281,Shamela0007891,1308,994,1461,135,21
1604,1,416,Shamela0007891,1310,793,1161,151,35
1604,668,1397,Sham19Y0017350,843,544,1218,445,68
1604,681,1056,Sham19Y0013769,1337,840,1169,167,50
1604,126,307,Sham19Y0013769,1337,1,155,106,78
1604,1182,1397,Sham19Y0013769,1338,446,667,156,81
1604,1,225,ShamAY0034227,4309,101,268,96,51
1604,66,391,Shamela0000767,2961,1031,1348,147,43
1604,66,263,Shamela0000767,2968,760,949,132,87
1604,244,387,Shamela0026564,10,505,668,88,68
1604,483,657,JK000196,4338,954,1120,133,91
1604,253,408,JK009390,1396,1149,1336,106,72
1604,84,281,JK009390,1593,333,521,110,71
1604,80,710,Sham19Y0017747,1279,244,588,141,28
1604,263,387,JK006897,397,1,125,95,100
1604,268,391,ShamAY0034182,729,1,124,91,97
1604,99,225,Sham19Y0014207,109,1,128,95,98
1604,66,225,Shamela0011444BK2,1712,46,206,122,99
1604,70,225,Shamela0022848,298,321,578,118,59
1604,66,387,Shamela0011428,1755,150,634,239,64
1604,56,225,JK007128,611,1021,1200,122,85
1604,66,395,Shamela0001727,897,20,435,241,75
1604,66,387,Shamela0012844,63,679,1352,195,38
1604,66,275,JK000786,2884,66,337,149,71
1604,268,408,Shia002261Vols,237,490,619,97,88
1604,66,268,ShamAY0033910,984,744,1043,143,61
1604,235,355,Shamela0005756,7394,1307,1425,90,97
1604,268,408,Sham19Y0127677,1149,471,614,97,89
1604,107,281,Sham19Y0127677,1629,249,398,99,75
1604,107,229,Kraken230106005528,72,547,669,90,96
1604,80,391,Shamela0005922,2037,786,1315,207,50
1604,1,651,Shamela0005922,2038,394,883,227,33
1604,80,307,JK000734,207,683,920,142,69
1604,66,225,Sham19Y0147658,771,499,659,122,99
1604,66,387,Shamela0000427BK2,6278,634,1102,223,60
1604,171,945,Sham19Y0014309,283,1,553,318,45
1604,66,268,JK000130,985,888,1187,143,61
1604,268,408,Sham19Y0122096,2390,1066,1212,97,86
1604,146,387,JK000271,221,1,372,185,64
1604,235,387,Sham19Y0017903,716,1093,1245,117,100
1604,1,225,Sham19Y0013253,568,1176,1399,158,91
1604,249,408,Sham19Y0013253,569,18,194,117,84
1604,235,408,ShamAY0033181,1069,726,891,123,92
1604,235,408,Shamela0001442,655,1112,1259,93,71
1604,75,387,ShamAY0034282,2465,595,955,155,46
1604,1,208,ShamAY0034282,2471,1,527,80,18
1604,721,871,Shamela0021597,1620,562,712,123,99
1604,66,225,Sham19Y0013785,1315,1270,1429,121,98
1604,268,408,Shamela0001975,561,292,434,97,88
1604,1,391,Sham19Y0122406,2436,983,1346,258,84
1604,66,225,Sham19Y0122406,2439,716,876,122,99
1604,235,387,Sham19Y0122406,2440,1125,1277,117,100
1604,268,408,Shia002265Vols,2089,1105,1248,97,89
1604,107,225,Shia002265Vols,2091,425,544,89,99
1604,1,200,JK009324,2066,230,390,69,47
1604,107,268,Sham19Y0145212,2005,867,1049,109,80
1604,94,662,Shamela0003565,4358,954,1423,190,34
1604,66,225,Shia000033Vols,2679,374,534,119,97
1604,80,387,Shamela0001875,1078,296,568,154,58
1604,1408,1561,Sham19Y0014218,164,221,338,93,75
1604,235,416,Shia002003Vols,1673,723,885,98,65
1604,268,387,Shamela0001438,2358,828,950,91,97
1604,107,225,Shamela0001438,2627,586,705,89,99
1604,268,391,ShamAY0033531,2497,615,738,94,100
1604,66,561,Kraken230110004547,26,130,538,167,38
1604,66,391,Sham19Y0018144,1563,833,1229,207,65
1604,66,387,Sham19Y0019230,180,1215,1512,165,58
1604,56,229,Shamela0036446,551,190,359,122,92
1604,66,387,Shamela0025800,250,1085,1382,217,87
1604,235,387,Sham19Y0017729,385,626,778,117,100
1604,66,225,Shamela0010657,993,1155,1312,120,97
1604,408,777,Sham19Y0014224,814,8,320,114,27
1604,681,1051,Sham19Y0014224,814,774,1122,193,55
1604,1077,1397,Sham19Y0014224,815,51,376,207,71
1604,253,777,Sham19Y0018272,1349,632,998,194,39
1604,1,387,Sham19Y0020638,725,594,979,285,95
1604,249,359,Shamela0006222,909,438,546,82,97
1604,66,225,Sham19Y0132962,753,802,963,122,98
1604,66,225,Sham19Y0016976,982,585,745,122,99
1604,70,225,Shamela0021598,4266,499,794,107,48
1604,94,591,Shamela0021598,4267,1010,1497,118,20
1604,66,268,Sham19Y0017616,235,685,928,140,71
1604,1142,1464,Sham19Y0013241,1152,586,809,134,52
1604,1175,1468,Shamela0007264,205,948,1111,97,40
1604,66,377,JK007065,653,1159,1457,207,87
1604,66,268,Sham19Y0011194,134,174,377,146,93
1604,66,275,Sham19Y0017798,698,249,516,142,70
1604,66,225,Sham19Y0017798,2219,461,608,112,91
1604,66,275,Sham19Y0122257,1808,1192,1384,131,77
1604,491,871,Sham19Y0122257,1810,108,436,193,59
1604,871,1043,Sham19Y0014601,6924,511,655,103,76
1604,66,268,Sham19Y0014119,327,1073,1322,149,77
1604,66,281,Sham19Y0013783,1561,300,538,157,82
1604,66,591,Sham19Y0017063,673,1170,1509,199,41
1604,56,268,Masaha001838,99,1009,1258,146,75
1604,66,359,Sham19Y0148271,339,1030,1419,202,64
1604,668,940,Sham19Y0150962,1096,1268,1524,207,93
1604,940,1185,Sham19Y0150962,1097,1,199,152,76
1604,235,387,Sham19Y0014325,3628,913,1065,117,100
1604,483,657,Shamela0009059BK2,4340,1036,1202,133,91
1604,66,268,Shamela0008360,453,771,996,148,85
1604,80,381,Sham19Y0022884,186,799,1087,130,47
1605,1184,1617,Sham19Y0017350,859,778,1249,123,21
1605,1236,1511,Sham19Y0013769,1364,943,1180,183,80
1605,423,793,ShamAY0034227,4309,48,661,280,55
1605,455,1044,Sham19Y0017747,1280,727,1528,278,39
1605,554,743,Sham19Y0131521,4872,21,225,153,90
1605,793,1062,Sham19Y0131521,4872,777,1012,193,87
1605,524,793,Shamela0021715,3650,1352,1555,137,60
1605,1236,1511,Shamela0000140,652,1029,1276,196,87
1605,442,1062,JK000201,2004,316,927,448,84
1605,1073,1228,Sham19Y0122406,2441,642,885,121,62
1605,447,1022,Shamela0119492,881,41,243,94,21
1605,27,418,Sham19Y0014224,815,568,927,206,56
1605,1106,1617,Sham19Y0014224,829,380,1184,333,47
1605,705,977,Sham19Y0018272,1349,1213,1485,176,68
1605,1106,1445,Shamela0006222,710,11,233,153,56
1605,1106,1240,Shia000820Vols,3647,112,254,106,93
1605,77,1073,Sham19Y0122257,1810,526,1119,414,47
1605,1106,1622,Sham19Y0017063,674,343,908,302,54
1605,787,1062,Sham19Y0150962,1088,318,557,192,84
1605,428,835,ShamIbadiyya0000109,4685,676,1056,176,44
1605,1106,1511,Shamela0010517,1494,498,1208,326,56
1606,402,669,Sham19Y0017350,859,457,730,201,87
1606,956,1580,Sham19Y0017350,860,342,1139,415,61
1606,848,1159,Sham19Y0013769,1366,1035,1503,201,51
1606,1163,1446,Sham19Y0013769,1367,7,610,200,41
1606,245,665,Shamela0008176,3859,432,1063,248,46
1606,843,1320,Shamela0008176,7547,925,1217,185,46
1606,680,840,Shamela0001727,897,869,1391,114,27
1606,265,793,Shamela0000140,653,1,493,343,79
1606,238,680,ShamAY0000351,488,888,1331,359,99
1606,52,491,ShamAY0033531,2584,431,1066,217,34
1606,52,491,ShamAY0033531,3767,102,737,217,34
1606,848,1446,Sham19Y0014224,831,359,960,418,80
1606,719,878,Sham19Y0020638,726,930,1202,105,44
1606,245,669,Sham19Y0122257,1812,258,893,254,47
1606,52,669,Shamela0000791,398,762,925,110,21
1607,15,339,Sham19Y0017350,860,1186,1502,241,88
1607,15,184,Sham19Y0013769,1366,560,820,92,39
1607,711,1206,Shamela0008176,3860,27,608,361,73
1607,725,1229,Sham19Y0131521,5018,1000,1553,233,38
1607,644,799,Sham19Y0127677,8716,211,362,119,92
1607,35,1137,Shia001831Vols,366,66,622,258,27
1607,804,1206,JK000201,2040,810,1212,323,99
1607,933,1206,Sham19Y0145212,2006,924,1189,204,93
1607,799,1210,ShamAY0033531,2583,1027,1445,330,97
1607,799,1210,ShamAY0033531,3766,711,1129,330,97
1607,648,1130,ShamAY0035990,100,924,1307,206,44
1607,799,1198,Sham19Y0013577,7391,852,1330,186,44
1607,1,184,Sham19Y0014224,831,156,339,120,71
1607,933,1104,Sham19Y0018272,111,1410,1562,114,81
1607,644,873,Sham19Y0122257,1812,1140,1568,149,40
1607,873,1206,Sham19Y0122257,1813,1,326,251,93
1607,933,1210,Sham19Y0014601,5032,618,882,200,90
1607,639,1141,Sham19Y0017063,674,1066,1489,263,64
1607,933,1206,Shamela0000791,398,1181,1440,197,90
1608,636,1055,Sham19Y0017350,877,92,657,212,40
1608,514,983,Sham19Y0013769,1395,863,1549,221,33
1608,1089,1422,Sham19Y0013769,1396,850,1224,223,66
1608,388,1235,Shamela0008176,3939,151,887,299,33
1608,1427,1640,Shamela0008176,3941,1302,1446,113,66
1608,375,1055,Sham19Y0013253,573,164,1191,331,36
1608,642,825,Sham19Y0014827,874,1,179,146,97
1608,496,1084,JK000201,2820,812,1399,477,99
1608,1427,1640,JK000201,2821,1021,1237,163,90
1608,1096,1422,JK000201,2821,20,378,262,88
1608,663,1235,ShamAY0033531,2061,13,440,223,44
1608,1089,1640,Sham19Y0014224,851,19,589,387,77
1608,407,1453,Sham19Y0122257,1857,299,1359,407,36
1608,1413,1640,Sham19Y0122257,1858,1240,1413,124,64
1608,388,983,Sham19Y0014601,4386,888,1303,234,46
1608,407,1615,Shamela0000791,468,52,1191,909,92
1609,53,466,Sham19Y0013769,1387,946,1490,231,46
1609,504,760,Sham19Y0013769,1388,217,441,174,79
1609,489,737,Shamela0008176,3938,243,485,191,91
1609,515,737,Sham19Y0017747,1367,1055,1243,139,72
1609,53,251,Sham19Y0013572,384,1278,1456,119,73
1609,79,466,Shamela0005756,14488,554,860,119,33
1609,504,737,Shamela0001673,10250,840,1044,163,81
1609,53,247,Shamela0005922,2126,540,815,130,56
1609,72,628,Sham19Y0122096,936,856,1378,213,36
1609,247,564,Shia001831Vols,366,615,774,108,42
1609,247,947,JK000201,2811,17,633,487,84
1609,53,737,Sham19Y0014224,846,528,1489,472,56
1609,824,1615,Sham19Y0014224,847,289,1554,590,56
1609,53,247,JK007065,375,207,381,119,74
1609,239,813,Sham19Y0122257,1856,1067,1582,279,47
1609,37,618,Sham19Y0017063,696,649,1002,203,37
1609,232,556,Shamela0000791,470,1264,1557,233,89
1609,556,947,Shamela0000791,471,1,383,303,92
1610,413,895,Sham19Y0017747,1369,893,1224,196,50
1610,1144,1392,Shamela0021821,446,1047,1154,85,42
1610,906,1120,Shamela0009810,1045,868,1067,159,91
1610,413,851,Shamela0001673,10253,1156,1437,168,47
1610,910,1068,Sham19Y0014827,378,720,858,102,78
1610,419,883,Zaydiyya0000059,124,38,339,178,47
1610,64,1068,Sham19Y0014224,848,1,1350,698,61
1610,1136,1392,Sham19Y0020638,728,923,1053,91,41
1610,1126,1392,Masaha001864Vols,1260,30,153,90,41
1610,1307,1542,Masaha001864Vols,4384,858,1005,123,62
1611,847,1124,ShamAY0034441,491,1080,1339,195,90
1611,847,1136,Shia001432Vols,36546,250,546,197,80
1611,847,1136,Sham19Y0013667,5353,1142,1424,210,93
1611,851,1136,Sham19Y0148486,5199,308,565,160,67
1611,847,1144,Zaydiyya0000142,1984,873,1175,221,94
1611,823,1066,Shamela0001719,939,914,1185,163,76
1611,847,1136,Shamela0025794,52,1067,1370,178,68
1611,888,1171,Shamela0011728,43,721,995,148,63
1611,847,1254,Shamela0001727,293,529,946,246,75
1611,270,477,Shamela0001727,900,100,603,135,34
1611,843,1136,Shamela0001727,901,303,595,224,98
1611,858,1254,JK000916,17513,6,389,207,58
1611,847,1254,Shamela0003118,5104,303,690,215,60
1611,847,1254,Sham19Y0013572,79,393,796,242,75
1611,847,1254,ShamAY0032957,9,696,1085,234,74
1611,847,1254,Sham19Y0039268,288,1046,1449,230,65
1611,839,1059,Shia004456Vols,2640,1229,1469,127,62
1611,661,1136,Sham19Y0023644,1905,935,1375,212,51
1611,823,1066,Shamela0001673,10271,1248,1443,139,73
1611,880,1066,Rafed0002905Vols,2171,543,675,90,61
1611,270,487,Sham19Y0014309,351,284,569,126,48
1611,270,1254,Sham19Y0017903,740,568,1401,351,36
1611,270,1165,Sham19Y0013253,577,62,627,329,44
1611,830,1249,Sham19Y0014827,376,1080,1456,247,73
1611,847,1136,Shamela0004289,408,943,1227,218,97
1611,847,1165,Shamela0023628,719,929,1284,233,84
1611,830,1165,ShamAY0034068,476,528,890,246,86
1611,888,1066,JK001046,21,956,1134,134,97
1611,847,1074,Sham19Y0122406,853,1242,1468,171,97
1611,843,1136,Sham19Y0122406,2454,315,820,92,17
1611,661,1136,Shamela0009773,2874,622,1039,210,54
1611,847,1026,Sham19Y0132524,511,285,463,135,98
1611,1026,1254,Sham19Y0132524,512,1128,1368,110,57
1611,843,1136,Sham19Y0132524,1790,618,910,224,98
1611,843,1136,Sham19Y0037618,2261,709,1002,224,98
1611,847,1254,Sham19Y0037618,5720,494,907,241,73
1611,847,1036,Kraken230110004547,158,1279,1448,121,84
1611,1036,1165,Kraken230110004547,159,1,155,91,74
1611,847,1136,Shamela0025800,852,500,782,217,96
1611,270,1254,Sham19Y0017729,394,99,972,366,37
1611,863,1117,Shamela0006706,12,959,1183,137,63
1611,847,1136,JK000917,304,31,371,214,80
1611,830,1150,Zaydiyya0000454,220,562,873,210,77
1611,847,1254,Sham19Y0020638,250,242,659,247,75
1611,270,504,Sham19Y0020638,728,969,1444,142,37
1611,843,1144,Sham19Y0020638,729,250,550,225,96
1611,1,818,Masaha001864Vols,4384,1005,1488,331,48
1611,847,1254,Shamela0012981,136,517,905,244,76
1611,880,1066,Shamela0012981,138,654,834,122,75
1611,834,1015,Shia001976Vols,73,1215,1411,129,84
1611,1015,1136,Shia001976Vols,74,1,121,93,98
1611,902,1129,Sham19Y0016555,300,787,973,124,68
1611,847,1136,ShamAY0035884,1021,577,864,194,80
1611,929,1254,Shamela0000551,1822,1,328,137,52
1611,823,1129,Tafsir02100,48,312,582,160,60
1611,847,1136,Sham19Y0017616,77,327,616,222,98
1611,830,965,Sham19Y0017616,240,1294,1432,105,97
1611,965,1165,Sham19Y0017616,241,1,194,139,86
1611,830,1165,Shamela0000041,575,976,1342,245,85
1611,907,1254,JK007065,36,1,349,199,72
1611,847,1171,Tafsir06049,1683,617,950,161,51
1612,1084,1542,Sham19Y0013253,578,5,597,268,54
1612,1109,1542,Sham19Y0122406,2455,368,935,252,53
1612,728,1253,Zaydiyya0000059,227,697,1225,88,14
1612,721,1200,Shamela0000791,470,1026,1259,166,43
1613,1200,1385,Shamela0021715,3886,1279,1465,133,84
1613,11,309,Sham19Y0013253,578,625,949,181,66
1613,1108,1488,Masaha001864Vols,5569,33,478,211,47
1613,1200,1385,Shamela0011036,1676,861,1047,133,84
1613,1183,1488,Shamela0000791,411,618,938,184,60
1614,1142,1358,Shamela0028107,349,666,1061,68,17
1614,1142,1498,Shamela0008540,2041,195,449,163,58
1614,1,596,Shamela0026568,617,515,942,315,64
1614,323,605,Shia004456Vols,1684,535,821,212,92
1614,1213,1498,Sham19Y0014309,1985,1,234,160,68
1614,273,535,Sham19Y0122096,1433,359,644,137,53
1614,1,248,Shamela0023644,1242,1284,1506,134,54
1614,863,1263,Shia001831Vols,366,1164,1439,152,45
1614,767,966,JK000201,2804,105,280,131,83
1614,1,596,Shamela0023685,707,400,827,327,67
1614,390,557,Shamela0021660,2108,335,495,122,89
1614,620,949,Sham19Y0122406,2461,1070,1379,160,54
1614,1142,1358,Shamela0012399,1432,956,1364,51,12
1614,620,949,Sham19Y0132524,1793,788,1239,118,25
1614,390,596,ShamAY0033531,2087,843,1040,155,92
1614,1093,1358,Sham20Y0021786,390,1050,1243,84,38
1614,323,605,Shia001555Vols,960,383,669,212,92
1614,1137,1358,ShamAY0034005,372,916,1059,75,41
1614,1142,1358,Sham19Y0020638,731,662,799,74,41
1614,80,620,Masaha001864Vols,5569,451,1058,422,87
1614,1308,1498,Shamela0011036,1061,183,391,135,82
1614,620,983,Shamela0011036,1675,1104,1485,185,46
1614,1137,1358,Sham19Y0017616,239,723,865,75,42
1614,1173,1345,Sham19Y0017616,597,60,206,103,73
1614,1,620,Sham19Y0020590,201,402,1151,312,43
1614,1137,1498,Sham19Y0017063,435,770,1055,200,70
1614,714,1035,Sham19Y0017063,696,51,661,174,31
1614,80,648,Shamela0000791,411,811,1318,388,85
1615,713,1180,JK007083,175,710,1324,270,55
1615,724,1119,Shamela0007891,1338,648,1258,240,45
1615,747,1180,Sham19Y0017350,851,43,344,175,49
1615,1,417,Sham19Y0013769,1349,1200,1490,131,34
1615,527,682,Sham19Y0013769,1350,383,539,103,71
1615,724,1180,Sham19Y0013769,1351,321,713,166,36
1615,727,1180,Shamela0006610,708,500,908,247,64
1615,783,1103,ShamAY0034423,121,1,228,159,63
1615,875,1184,Sham19Y0019188,3150,133,430,119,39
1615,1000,1184,Shamela0003055,1682,6,169,93,56
1615,371,904,Shamela0008176,3910,808,1289,191,32
1615,724,1180,Sham19Y0017747,1327,358,781,256,62
1615,724,911,Shamela0001719,1384,847,1050,143,88
1615,727,1069,Shia000841Vols,6932,1,459,219,56
1615,724,979,JK000677,115,1066,1422,170,60
1615,724,942,Shamela0002863,1482,511,751,149,72
1615,1,205,Shamela0008540,2041,449,616,132,80
1615,727,1184,Sham19Y0006538,233,1,346,149,35
1615,527,682,Sham19Y0131521,4900,1003,1137,102,82
1615,724,969,Shamela0021590,910,1216,1459,156,76
1615,969,1180,Shamela0021590,911,1,169,102,52
1615,310,626,Shamela0021715,4226,568,1018,150,35
1615,216,371,Shamela0001727,904,296,596,119,50
1615,682,1011,Shamela0001727,905,99,675,216,48
1615,724,1069,Shamela0001727,906,37,334,116,32
1615,713,1180,Sham19Y0017757,122,438,870,262,62
1615,713,911,Shamela0003118,6310,608,860,147,74
1615,875,1184,ShamAY0034263,302,361,631,125,44
1615,724,1180,Sham19Y0017437,1149,15,409,191,44
1615,867,1180,Sham19Y0017437,1151,989,1382,137,37
1615,870,1259,Shamela0005756,8265,196,590,102,21
1615,677,1180,Shamela0012014,374,368,979,360,69
1615,216,371,Sham19Y0127677,10572,27,307,92,42
1615,727,1180,Shamela0022645,932,68,463,164,35
1615,727,1180,Shamela0000894,3971,1014,1458,149,32
1615,724,880,Shamela0000894,6054,1420,1594,120,88
1615,880,1180,Shamela0000894,6055,1,292,123,42
1615,1073,1259,Shamela0001673,4499,1246,1486,101,49
1615,1045,1259,Shamela0005922,2092,1289,1424,94,57
1615,724,1069,ShamIbadiyya0000074,1122,501,827,223,73
1615,727,1180,JK000734,215,401,772,202,47
1615,875,1180,Shamela0008381,3783,1233,1534,168,67
1615,839,1069,Shamela0008381,3789,1,315,134,48
1615,724,1083,Shamela0008381,3795,53,393,233,74
1615,727,1180,Shamela0008381,3804,710,1260,326,70
1615,724,1069,Shamela0008381,5586,902,1203,118,32
1615,702,1180,Shamela0001665,423,303,720,175,36
1615,724,979,Shamela0022547,2304,951,1217,170,77
1615,719,1259,Sham19Y0013253,583,953,1392,228,49
1615,724,1069,Shamela0036543,1598,128,636,245,60
1615,885,1259,ShamAY0033523,443,1,370,175,51
1615,759,1083,Shamela0000140,2106,1224,1470,194,75
1615,724,1083,ShamAY0034230,3157,1138,1526,235,72
1615,1079,1300,ShamAY0034230,3158,60,214,76,44
1615,875,1184,Shamela0021619BK2,1627,700,960,127,50
1615,724,1069,Shamela0021597,1643,1177,1474,116,32
1615,216,371,Sham19Y0122406,2468,359,659,119,50
1615,682,1259,Sham19Y0122406,2469,149,949,241,32
1615,724,1069,Sham19Y0122406,2472,994,1291,116,32
1615,724,911,Shamela0006227,553,442,651,144,87
1615,724,979,Sham19Y0001734,1939,688,975,170,76
1615,724,921,Sham19Y0132524,1798,1099,1324,152,85
1615,747,1103,Shamela0001875,1091,746,1432,146,23
1615,1111,1259,Shamela0001875,1092,684,1146,80,23
1615,759,911,Shia002003Vols,1628,1,172,119,88
1615,371,719,ShamAY0033531,2515,534,863,246,88
1615,344,1083,Kraken230110004547,672,935,1369,231,35
1615,1079,1259,Kraken230110004547,673,49,328,68,29
1615,724,911,Sham19Y0018144,1593,850,1052,142,88
1615,727,1180,Shamela0036446,559,520,1042,247,51
1615,727,1083,Shamela0025800,3398,857,1380,257,61
1615,759,1259,Sham19Y0017729,390,193,606,120,23
1615,960,1180,Sham19Y0150600,589,1,182,134,77
1615,383,1180,Sham19Y0014224,820,14,822,335,40
1615,216,724,Sham19Y0014224,1319,1381,1537,84,20
1615,724,1240,ShamAY0034005,588,971,1407,146,26
1615,724,911,ShamAY0035950,235,1061,1267,142,86
1615,310,686,Sham19Y0018272,788,206,652,262,71
1615,291,1079,Sham19Y0020638,732,134,1243,315,28
1615,880,1259,Sham19Y0020638,733,1,652,149,24
1615,724,1083,JK000216,18,370,633,185,64
1615,839,1259,ShamAY0035960,444,371,785,210,56
1615,724,911,Shamela0021479,34,719,924,144,88
1615,875,1184,Shamela0008463,2928,995,1274,131,50
1615,1,205,Shamela0011036,1061,391,589,141,76
1615,727,1069,Shamela0009242,2556,583,1007,210,58
1615,698,1069,Sham19Y0017616,239,1032,1367,122,31
1615,724,911,Sham19Y0013241,1183,842,1051,145,88
1615,759,1190,Sham19Y0020590,211,1090,1500,179,43
1615,724,1073,JK007065,292,805,1366,245,55
1615,875,1180,Sham19Y0011194,135,9,253,174,73
1615,371,904,Sham19Y0122257,1842,184,638,185,32
1615,1,205,Sham19Y0017063,435,1055,1230,135,80
1615,875,1184,Shamela0009841,81,1,277,125,44
1615,744,1180,Shamela0022644,2257,7,398,243,63
1615,867,1041,Shamela0022644,2258,1257,1431,101,65
1615,724,979,Shamela0013033,102,958,1276,171,66
1615,764,1259,ShamIbadiyya0000109,4862,247,625,181,43
1615,727,875,Shamela0021743,905,1304,1485,114,80
1615,1259,1489,Shamela0000791,405,1126,1356,185,99
1615,1221,1332,Shamela0010517,1425,97,477,56,19
1615,727,979,Shamela0010517,1427,220,496,175,78
1615,710,979,Shamela0010517,1753,863,1152,181,76
1615,875,1184,Shamela0010517,2470,547,826,131,50
1616,37,682,Sham19Y0017350,851,482,1011,286,50
1616,102,618,Sham19Y0013769,1353,582,978,199,40
1616,18,521,Shamela0008176,3912,1027,1515,264,57
1616,1360,1537,Sham19Y0017747,1341,74,303,111,61
1616,43,618,Sham19Y0131521,4906,755,1084,174,33
1616,1346,1537,Shamela0021715,4229,665,908,93,47
1616,1346,1537,Sham19Y0013572,1430,1075,1295,151,85
1616,1346,1507,Shamela0005756,8333,1028,1240,120,71
1616,1365,1507,Sham19Y0127677,1000,757,883,78,69
1616,1334,1537,Shamela0001673,4532,1094,1345,115,57
1616,1365,1537,Shamela0011816,414,220,469,129,65
1616,1346,1537,Shamela0022547,2489,967,1404,143,41
1616,1346,1533,Sham19Y0122406,2476,541,1111,140,31
1616,1346,1537,Sham19Y0001734,1952,614,1011,141,45
1616,18,618,ShamAY0033531,2518,594,1169,338,63
1616,1365,1537,Shamela0036446,558,851,1021,133,97
1616,1346,1537,Shamela0025800,2170,803,1021,144,82
1616,152,747,Shia003732Vols,4678,13,516,361,73
1616,1,282,Sham19Y0014224,821,891,1370,124,30
1616,330,755,Sham19Y0014224,822,374,794,330,97
1616,1346,1537,Sham19Y0020638,734,786,1019,146,78
1616,1346,1537,Shamela0006222,859,99,576,143,38
1616,1346,1537,Sham19Y0146127,1973,242,552,145,59
1616,1346,1537,JK007065,591,864,1117,152,75
1616,18,955,Sham19Y0122257,1843,362,953,361,46
1616,125,630,Sham19Y0014601,4967,11,334,175,43
1616,1,704,Sham19Y0017063,689,1005,1492,364,64
1616,18,618,Sham19Y0150962,1096,814,1224,241,49
1616,1,244,Shamela0000791,405,1356,1599,200,100
1616,244,862,Shamela0000791,406,1,614,472,96
1617,565,758,Sham19Y0020561,606,1416,1563,107,66
1617,27,156,Sham19Y0017350,856,298,427,101,100
1617,304,601,Shamela0006172,336,1135,1558,87,19
1617,297,1529,Shamela0008176,3904,614,1407,472,46
1617,1207,1557,Sham19Y0017747,1341,880,1234,285,97
1617,519,890,Shamela0021715,4230,475,774,232,77
1617,27,344,Sham19Y0017437,1167,937,1359,153,41
1617,179,811,Sham19Y0017437,1168,530,1143,172,27
1617,966,1207,Sham19Y0017437,1169,923,1191,105,41
1617,27,209,Shia002240Vols,462,385,661,131,60
1617,966,1203,Shamela0005756,8330,761,1062,107,37
1617,304,406,Sham19Y0127677,18810,1303,1408,78,95
1617,309,898,Shia000089Vols,4470,276,930,241,35
1617,938,1203,Shia000089Vols,4471,320,684,123,41
1617,27,304,Sham19Y0122406,2476,1180,1468,150,57
1617,27,156,Shamela0001685,468,1252,1381,101,100
1617,267,1168,ShamAY0033531,2523,967,1567,482,66
1617,1168,1557,ShamAY0033531,2524,1,354,278,87
1617,231,859,Sham19Y0013577,2930,612,1337,249,33
1617,130,519,Sham19Y0014224,827,1,470,115,21
1617,733,1143,Sham19Y0014224,828,34,478,220,58
1617,1203,1557,Sham19Y0014224,828,1010,1528,186,40
1617,519,910,Sham19Y0018272,1502,1219,1591,298,94
1617,1140,1557,Sham19Y0018272,1503,1,549,296,61
1617,297,519,Sham19Y0020638,1733,108,262,112,61
1617,523,770,Sham19Y0013252,4723,1014,1323,158,60
1617,973,1483,Sham19Y0013252,4724,223,791,242,47
1617,297,1377,ShamAY0034251BK3,1603,252,1135,476,47
1617,1,364,Sham19Y0017885,1252,899,1090,126,44
1617,304,733,Sham19Y0014580,1907,172,393,141,40
1617,54,1529,Sham19Y0122257,1839,339,1466,538,37
1617,165,1286,Sham19Y0017063,688,514,1256,454,47
1617,32,890,ShamIbadiyya0000109,4904,481,1272,352,38
1617,32,156,ShamIbadiyya0000109,4907,1062,1186,97,100
1617,399,1557,Shamela0000791,406,760,1549,596,62
1618,313,541,Shamela0008176,3908,735,963,173,91
1618,659,777,Shamela0008176,3962,1292,1404,86,92
1618,1,189,Sham19Y0017747,1341,1234,1434,154,93
1618,276,532,Sham19Y0017747,1342,444,695,187,86
1618,1157,1393,Shia001353,81,555,801,178,91
1618,980,1358,Sham19Y0007729,484,305,626,189,57
1618,1150,1393,Shamela0001727,910,449,701,186,91
1618,1300,1551,Sham19Y0127677,10061,1,328,159,61
1618,276,541,JK000201,2035,731,1058,204,74
1618,1300,1563,JK000201,2835,340,561,145,69
1618,1150,1393,Sham19Y0122406,2481,138,390,186,91
1618,1,189,ShamAY0033531,2524,354,558,154,91
1618,257,514,Sham19Y0014224,827,1218,1474,205,98
1618,1,189,Sham19Y0018272,1503,549,737,155,100
1618,313,514,Sham19Y0017616,597,424,619,155,95
1618,301,541,Sham19Y0122257,1841,530,781,176,86
1618,659,797,Sham19Y0122257,1867,743,879,95,84
1618,1145,1393,Sham19Y0148271,1104,217,424,138,68
1619,710,1251,Sham19Y0017350,867,921,1422,242,47
1619,331,663,Sham19Y0013769,1374,1,503,133,27
1619,1251,1370,Sham19Y0013769,1378,1252,1417,80,57
1619,999,1256,Sham19Y0013769,1382,1231,1472,119,49
1619,1,325,Shamela0008176,3963,1009,1185,130,50
1619,119,576,Sham19Y0017437,1196,779,1164,282,73
1619,846,1357,Shamela0005756,4955,1139,1491,111,20
1619,982,1174,Shamela0005756,4961,349,523,120,77
1619,119,576,Shamela0005756,8648,604,982,279,72
1619,846,1370,Shamela0000140,46,890,1322,276,63
1619,115,650,ShamAY0033522,587,450,805,266,58
1619,1,325,JK000201,1615,1285,1461,130,50
1619,1,745,JK000201,2835,561,1253,491,80
1619,673,1354,Sham19Y0122406,2484,291,967,349,55
1619,115,396,Zaydiyya0000059,799,202,532,179,58
1619,24,325,Zaydiyya0000059,803,1257,1424,112,45
1619,1,396,Sham19Y0014224,834,873,1325,266,70
1619,999,1251,Sham19Y0014224,842,1041,1289,96,35
1619,846,1370,Sham19Y0013252,2555,1276,1455,120,28
1619,710,1375,Masaha001946Vols,853,153,626,257,46
1619,325,657,Shamela0011036,1634,6,341,104,33
1619,710,1370,Sham19Y0023625,1277,62,1038,427,53
1619,1,335,Sham19Y0122257,1868,315,506,136,51
1619,999,1203,Sham19Y0122257,1869,1021,1187,121,72
1619,1,325,Shamela0000791,463,639,818,133,51
1620,299,580,Sham19Y0013769,1384,448,783,196,69
1620,1088,1510,Sham19Y0013769,1384,1090,1487,148,41
1620,1161,1588,Shamela0008176,3967,269,507,191,54
1620,595,1437,Sham19Y0014224,839,807,1496,431,57
1620,284,595,Sham19Y0014224,843,682,1016,220,78
1620,299,538,Sham19Y0013252,2558,880,1153,154,70
1620,605,955,Masaha001946Vols,853,859,1228,269,89
1620,320,569,Sham19Y0122257,1869,1228,1461,179,89
1620,1204,1588,Sham19Y0122257,1870,1,207,166,53
1621,1,1188,Sham19Y0017350,871,663,1585,629,64
1621,825,1354,Sham19Y0013769,1380,1092,1566,307,66
1621,227,814,Sham19Y0013769,1385,1,462,295,57
1621,9,477,Shamela0008176,3967,511,829,246,64
1621,820,1571,Sham19Y0017437,1204,647,1446,486,67
1621,1276,1396,Shamela0005756,4957,1351,1462,84,89
1621,9,203,Shamela0005756,4962,83,407,92,35
1621,830,938,Shamela0009804,279,26,140,85,94
1621,1,581,Shamela0000140,48,1033,1412,221,46
1621,825,1571,Shamela0000140,49,282,1001,382,54
1621,1,465,Shamela0021660,3884,788,1045,153,40
1621,830,938,Sham19Y0127713,1332,240,354,85,94
1621,42,814,Sham19Y0014224,840,677,1371,279,33
1621,814,1499,Sham19Y0014224,841,1,768,501,79
1621,956,1255,Masaha001946Vols,854,1297,1556,160,65
1621,1255,1571,Masaha001946Vols,855,1,277,173,65
1621,9,477,Sham19Y0122257,1870,211,535,251,65
1621,987,1411,Sham19Y0014601,4335,1135,1545,236,63
1622,642,1089,Sham19Y0020944,642,18,422,229,54
1622,166,1472,Sham19Y0017350,872,388,1359,509,42
1622,200,1504,Sham19Y0013769,1381,306,1535,483,35
1622,647,1092,Shamela0021715,6112,1024,1433,141,29
1622,166,342,Shamela0021715,10084,250,436,131,79
1622,647,1047,Sham19Y0017437,1205,1135,1516,270,75
1622,1101,1476,Sham19Y0017437,1206,505,912,286,87
1622,485,647,Shamela0005756,4963,1,145,111,86
1622,887,1529,Shia001831Vols,367,914,1485,333,54
1622,1,434,Shamela0000140,49,1001,1356,239,62
1622,684,1163,Shamela0000140,50,1,445,214,45
1622,1287,1529,Shamela0000140,50,331,614,109,46
1622,1000,1529,ShamAY0033522,588,491,866,219,48
1622,47,434,JK000201,2831,707,1151,261,71
1622,672,1390,Sham19Y0122406,2488,1,612,347,54
1622,47,642,Sham19Y0014224,841,600,1529,336,39
1622,647,1472,Sham19Y0014224,842,7,742,365,46
1622,647,1236,Sham19Y0006684,3444,648,1323,212,30
1622,841,1047,Sham19Y0013252,2556,1230,1562,101,37
1622,438,642,Sham19Y0013252,2560,1264,1434,115,71
1622,1,841,Masaha001946Vols,855,277,920,238,28
1622,47,434,ShamAY0035249,254,128,573,261,71
1622,31,713,Sham19Y0014601,4335,519,1592,420,43
1622,713,1040,Sham19Y0014601,4336,1,375,242,77
1622,958,1472,Sham19Y0014601,4336,971,1326,209,46
1623,13,916,Sham19Y0017350,873,133,1017,682,93
1623,1,776,Sham19Y0013769,1382,26,917,477,62
1623,1337,1457,ShamAY0034447,1296,903,1023,94,100
1623,1337,1457,Shamela0001727,912,883,1003,94,100
1623,1,603,Sham19Y0017437,1207,157,934,438,69
1623,46,479,Shamela0000140,50,627,1064,282,76
1623,33,603,ShamAY0033522,588,874,1137,142,32
1623,1,679,Sham19Y0122406,2489,322,911,290,50
1623,1337,1457,Sham19Y0122406,2489,729,849,94,100
1623,443,881,Sham19Y0122406,2490,1,549,280,60
1623,33,558,Sham19Y0014224,838,751,1419,325,53
1623,558,815,Sham19Y0014224,839,1,247,187,92
1623,515,776,JK001226,44,554,1064,104,22
1623,1332,1487,Masaha001864Vols,5415,545,699,121,99
1623,55,443,Sham19Y0013252,2554,1011,1235,140,43
1623,33,145,Masaha001946Vols,855,1206,1314,86,95
1623,145,603,Masaha001946Vols,856,171,475,207,57
1623,1337,1457,Sham19Y0146127,3057,123,243,94,100
1623,1,815,Sham19Y0014601,4336,447,1092,497,76
1624,772,895,Sham19Y0017350,873,1017,1157,90,81
1624,795,980,Sham19Y0013769,1386,1300,1554,143,69
1624,1069,1413,Sham19Y0013769,1387,45,379,195,57
1624,788,895,Shamela0006610,718,179,286,84,100
1624,791,905,Shia000841Vols,6967,274,388,84,94
1624,788,895,Shamela0001727,913,621,728,84,100
1624,791,900,Tafsir09084,202,1009,1119,86,99
1624,788,895,Tafsir09084,488,176,283,84,100
1624,788,895,Sham19Y0013253,586,504,607,76,91
1624,788,895,Sham19Y0122406,2484,1346,1449,76,91
1624,791,895,Shamela0008473,574,829,933,82,100
1624,791,895,Shamela0008473,1131,419,523,82,100
1624,791,895,Sham19Y0132524,1774,274,378,82,100
1624,795,905,Sham19Y0150600,612,456,567,84,95
1624,772,938,Sham19Y0014224,845,1145,1351,122,74
1624,980,1388,Sham19Y0014224,846,1,447,309,82
1624,788,895,Sham19Y0020638,738,371,478,84,100
1624,1,567,Masaha001864Vols,5415,699,1265,454,100
1624,788,895,Shamela0009242,2601,853,960,84,100
1624,788,895,JK007065,366,844,951,84,100
1624,791,895,Sham19Y0148271,982,1024,1128,82,100
1624,791,895,Rafed0003902Vols,512,554,658,82,100
1625,148,334,Shamela0001727,913,755,1183,134,39
1625,30,339,Sham19Y0122406,2492,419,953,184,41
1625,170,346,Sham19Y0020638,738,537,814,119,55
1625,170,334,ShamAY0031687,888,207,575,106,37
1626,843,1250,Sham19Y0020944,646,1027,1407,250,71
1626,874,1225,JK007083,175,1,367,275,94
1626,843,1245,JK000021,1049,965,1369,279,82
1626,843,1530,Shamela0007891,1333,801,1381,352,63
1626,843,1225,Zaydiyya0000010,875,195,586,292,91
1626,843,1530,Sham19Y0123510,882,732,1242,320,54
1626,843,1250,Sham19Y0017350,845,331,734,307,94
1626,1250,1405,Sham19Y0017350,846,165,337,121,87
1626,843,1225,Sham19Y0013667,5895,146,551,285,87
1626,843,1250,Sham19Y0013769,1341,392,799,308,93
1626,843,1250,Sham19Y0016584,2103,600,997,269,79
1626,843,1225,Sham19Y0016584,2132,138,453,229,73
1626,843,1178,Shamela0000963,1868,1164,1484,234,86
1626,928,1225,Shamela0000767,3101,1,254,188,77
1626,843,1225,Sham19Y0148486,3709,356,740,290,92
1626,843,1245,Sham19Y0019188,3076,1046,1426,255,73
1626,843,1225,Shamela0026741,14,1025,1360,235,75
1626,843,1250,Shamela0008176,3901,599,974,272,83
1626,1,1019,Sham19Y0017747,1317,560,1524,511,54
1626,1019,1235,Sham19Y0017747,1318,1,240,162,83
1626,843,951,JK006897,406,1352,1460,86,100
1626,951,1225,JK006897,407,1,390,213,69
1626,843,1146,Shamela0021744,3631,861,1099,177,72
1626,843,1250,Shamela0001719,136,998,1390,279,80
1626,843,1250,Sham19Y0127656,336,403,781,279,85
1626,843,1259,JK000110,680,533,937,270,79
1626,843,1225,JK000110,692,203,516,228,73
1626,843,1146,JK000299,3099,1046,1284,177,72
1626,911,1250,Shamela0002863,1469,977,1438,207,55
1626,843,1225,Shamela0022848,306,1072,1336,196,65
1626,843,1225,Shamela0025794,920,973,1341,265,83
1626,911,1225,Shamela0025794,1003,256,530,194,77
1626,843,1225,Sham19Y0006538,229,828,1215,249,75
1626,843,1229,Shamela0011428,1565,663,979,227,71
1626,843,1250,Sham19Y0131521,4064,614,994,250,71
1626,843,1102,Shamela0021590,908,840,1098,181,84
1626,863,1235,Shamela0021590,910,18,418,272,82
1626,843,1254,Shamela0021715,4453,901,1305,271,79
1626,843,1175,Shamela0021715,4454,80,695,233,46
1626,843,1225,Shamela0021715,4511,683,997,228,73
1626,843,1044,Sham19Y0016684,1117,1314,1510,151,93
1626,843,1225,Shamela0001727,914,682,1077,300,95
1626,843,1023,Sham19Y0017757,121,1256,1422,131,92
1626,1023,1235,Sham19Y0017757,122,5,234,157,83
1626,911,1225,ShamAY0034263,297,165,473,224,86
1626,843,1068,JK000786,2021,450,643,143,78
1626,843,1225,JK000786,3870,613,970,255,80
1626,843,1250,Sham19Y0013572,593,173,577,268,77
1626,843,1245,Sham19Y0017437,1139,336,740,307,94
1626,956,1221,Shamela0009810,926,1,261,182,84
1626,843,1254,Shamela0005756,8636,647,1046,271,79
1626,843,1225,Shamela0005756,8723,1007,1321,228,73
1626,852,1225,Sham19Y0127677,16108,497,930,249,67
1626,843,1068,Sham19Y0127677,19403,912,1105,143,78
1626,843,1245,Shamela0022645,921,750,1175,308,91
1626,843,976,Shamela0022645,922,1176,1353,105,75
1626,843,1225,Shamela0000894,3334,446,833,290,91
1626,843,1250,Shamela0000894,5757,229,669,310,87
1626,843,1139,Shamela0004473,17377,792,1077,159,65
1626,843,1250,Shamela0009790,184,1066,1419,247,74
1626,843,1225,Shamela0009790,365,692,1011,229,73
1626,843,1221,Shia001731Vols,509,574,953,264,84
1626,843,1225,Shamela0117359,699,1080,1420,239,74
1626,901,1250,Shamela0006947,18201,1080,1486,244,71
1626,843,1205,Kraken230106005528,1172,1041,1444,240,70
1626,843,1250,Shamela0005922,2078,296,716,300,87
1626,843,1250,ShamAY0038083,222,120,529,262,75
1626,843,1259,ShamAY0038083,236,564,1010,273,73
1626,933,1245,JK011624,10,1,302,212,84
1626,843,1235,Shamela0000427BK2,4409,879,1243,236,69
1626,843,1225,Shamela0008381,3762,434,785,254,81
1626,843,1120,JK000271,208,1123,1347,158,73
1626,843,1225,JK000271,224,145,475,239,77
1626,843,1225,Shamela0021614,3724,598,953,223,66
1626,843,1229,Shamela0001665,420,1124,1514,292,92
1626,823,1225,Sham19Y0017903,729,42,464,286,82
1626,1405,1530,Sham19Y0013253,588,358,494,97,91
1626,843,1059,ShamAY0033181,1224,1302,1515,157,88
1626,874,1245,Shamela0021619BK2,1581,1,353,256,86
1626,843,1225,JK000477,912,722,1032,212,66
1626,843,1221,JK000477,913,240,621,269,83
1626,195,448,Shamela0021660,825,1341,1568,167,79
1626,843,1205,Sham19Y0013785,432,1116,1461,256,87
1626,843,972,Sham19Y0122406,2494,911,1040,102,100
1626,972,1225,Sham19Y0122406,2495,1076,1342,198,93
1626,843,1225,Shia002265Vols,5590,285,604,177,49
1626,843,1225,Shamela0006227,548,718,1076,247,77
1626,843,1250,JK009324,2690,57,454,269,79
1626,828,1225,JK009324,2729,667,1013,236,68
1626,1,437,ShamAY0035968,10,829,1202,307,85
1626,944,1514,Sham19Y0145212,2027,750,1534,275,36
1626,843,1250,Shamela0037837,643,386,827,270,72
1626,843,1245,Shamela0021677,1958,199,589,282,85
1626,933,1225,Shia001989,94,1,285,193,79
1626,843,1250,Sham19Y0001734,1881,907,1291,243,72
1626,843,976,Sham19Y0132524,1810,1226,1434,101,60
1626,1059,1250,Sham19Y0132524,1813,294,485,152,98
1626,843,1225,JK000221,531,172,502,242,79
1626,848,1225,Shamela0001875,1088,1,389,291,93
1626,843,1245,Shamela0021693,1178,208,599,287,89
1626,843,1245,Shia002003Vols,1640,720,1054,194,56
1626,843,1250,Sham19Y0018106,1964,302,699,269,79
1626,843,1225,Sham19Y0018106,1992,748,1062,228,73
1626,843,1073,Sham19Y0019230,199,1100,1338,155,76
1626,843,1225,Sham19Y0019230,808,214,529,228,73
1626,843,1221,Shamela0036446,577,826,1174,251,80
1626,843,1250,Sham19Y0018103,1921,576,973,269,79
1626,843,1225,Sham19Y0018103,1941,531,846,229,73
1626,843,1250,Sham19Y0017791,995,218,591,265,80
1626,823,1225,Sham19Y0017729,389,789,1190,284,88
1626,843,1250,Sham19Y0150600,584,863,1268,296,89
1626,863,1250,Shia003732Vols,3948,520,919,238,72
1626,868,1225,Sham19Y0147597,519,833,1161,234,81
1626,843,1225,Shamela0010657,1012,1014,1344,242,79
1626,843,1386,Sham19Y0014224,815,990,1563,410,87
1626,1415,1530,Sham19Y0014224,817,307,417,84,94
1626,843,1250,ShamAY0034005,596,353,784,288,82
1626,848,1235,ShamAY0035950,839,1,320,232,73
1626,843,1225,Shamela0009379,99,612,967,235,68
1626,843,1221,Sham19Y0006684,3370,898,1213,226,71
1626,911,1225,JK000287,41,765,1100,224,79
1626,823,1049,Sham19Y0020638,738,1156,1387,161,88
1626,1044,1250,Sham19Y0020638,739,11,224,146,84
1626,843,1225,Shamela0012062,320,47,364,228,71
1626,874,1225,Shamela0012062,321,1,316,223,79
1626,843,1029,Shamela0008476,1401,1383,1546,125,83
1626,843,1250,ShamAY0031687,883,278,690,274,78
1626,843,1225,ShamAY0031687,884,844,1105,164,53
1626,990,1221,ShamAY0034274,523,259,477,156,82
1626,843,1225,Sham19Y0020591,1058,638,978,240,75
1626,843,1221,Sham19Y0013252,4960,1184,1538,261,85
1626,843,1225,Sham19Y0013252,5024,39,354,229,73
1626,843,980,Sham19Y0016555,194,1345,1483,107,98
1626,852,1225,JK000022,3038,760,1080,224,70
1626,843,1245,Shamela0008463,2868,382,764,254,72
1626,843,1250,Sham19Y0146127,1957,309,643,238,70
1626,843,1250,Sham19Y0016976,997,654,1027,265,80
1626,843,1225,Sham19Y0017616,241,683,1095,299,91
1626,843,1250,Shamela0000782,491,98,462,249,73
1626,843,1120,Sham19Y0020590,209,317,919,189,39
1626,843,1250,JK007065,546,207,613,272,79
1626,818,1245,Sham19Y0011194,134,455,912,321,87
1626,843,1245,Shamela0021642,2110,61,450,283,85
1626,832,1124,Sham19Y0017798,2769,184,470,176,69
1626,843,1006,Sham19Y0018176,1043,1311,1465,121,94
1626,1006,1259,Sham19Y0018176,1044,1,253,150,70
1626,843,1225,Sham19Y0018176,1056,894,1208,228,73
1626,207,454,Sham19Y0122257,282,1297,1531,193,94
1626,868,1530,Sham19Y0122257,1838,306,1160,382,49
1626,843,1245,Sham19Y0020699,1110,400,772,250,72
1626,1,843,Sham19Y0014601,4354,495,957,355,52
1626,843,1250,Sham19Y0014119,332,541,915,270,82
1626,843,1055,Sham19Y0017063,686,1292,1484,151,90
1626,1055,1405,Sham19Y0017063,687,1,626,197,39
1626,843,1225,Sham19Y0148271,1121,198,566,265,83
1626,843,972,Shamela0022644,2247,1376,1524,100,85
1626,990,1235,Shamela0022644,2248,5,270,182,83
1626,843,1250,ShamIbadiyya0000109,5188,165,610,238,59
1626,843,1250,Sham19Y0014325,4041,912,1267,250,75
1626,972,1250,Shamela0008360,460,1,268,186,82
1626,843,1250,Sham19Y0013605,2467,789,1186,269,79
1626,987,1225,Sham19Y0013605,2488,1,214,157,77
1626,832,1225,Sham19Y0133413,37,677,1035,259,79
1626,843,1073,Shamela0010517,1570,237,495,178,87
1626,843,1235,Shamela0010517,2317,568,957,270,81
1627,1005,1184,Masaha002473,130,1062,1213,116,82
1627,776,1184,JK006833,211,593,937,185,57
1627,29,437,Sham19Y0017350,845,803,1451,159,28
1627,702,1184,Sham19Y0016584,2105,1069,1480,222,56
1627,12,519,Shamela0008176,3903,958,1380,321,77
1627,776,1402,Shamela0008176,7586,986,1459,261,50
1627,892,1194,JK006897,421,467,897,187,51
1627,828,1184,Sham19Y0127656,337,1,208,155,54
1627,735,1184,JK000110,681,447,836,218,59
1627,735,948,Shamela0025794,3565,61,304,133,62
1627,1005,1184,Shamela0025794,4618,107,262,119,82
1627,591,992,Shamela0001727,915,387,1130,222,34
1627,1060,1184,Shamela0001727,916,6,130,98,100
1627,1005,1184,Shia004456Vols,711,447,602,119,82
1627,298,519,Shamela0005756,8639,98,335,183,93
1627,1019,1184,Sham19Y0023644,1451,894,1035,106,80
1627,1005,1184,Shia001663Vols,138,911,1066,120,83
1627,929,1184,Shia004525,599,86,337,138,65
1627,591,876,Sham19Y0122406,2497,379,650,151,55
1627,892,1184,Sham19Y0122406,2498,424,941,190,43
1627,154,437,Sham19Y0145212,2028,211,325,79,35
1627,1005,1188,Sham19Y0020879,672,1079,1263,138,94
1627,929,1184,Sham19Y0132524,1778,420,647,139,62
1627,735,1184,Shamela0001875,1110,810,1394,209,35
1627,12,235,ShamAY0033531,2043,181,346,119,66
1627,752,1184,Shamela0036446,588,581,1027,204,51
1627,735,1265,Sham19Y0018103,1923,395,1049,253,43
1627,740,1184,Shamela0005772,147,461,746,199,56
1627,749,1184,Shamela0025800,3406,838,1200,210,57
1627,1005,1184,Shia001555Vols,482,311,466,119,82
1627,309,483,Sham19Y0014224,818,384,561,107,67
1627,907,1184,ShamAY0034005,1432,509,861,150,50
1627,735,992,Sham19Y0020638,739,522,852,191,71
1627,1005,1184,Sham19Y0020638,740,39,190,118,83
1627,919,1184,Shamela0012703,79,597,917,156,59
1627,735,1184,Masaha001864Vols,3555,519,972,215,46
1627,929,1184,Shia001174Vols,1716,418,649,123,58
1627,735,1184,Shamela0011036,1632,460,986,203,42
1627,892,1200,Shamela0009242,131,345,790,181,46
1627,735,1029,Sham19Y0017616,238,1071,1395,211,81
1627,1029,1184,Sham19Y0017616,239,1,156,122,100
1627,735,1184,Sham19Y0018176,1045,70,597,230,52
1627,12,420,Sham19Y0122257,1838,1165,1508,253,76
1627,761,1184,Shia002185Vols,4345,595,899,162,39
1627,912,1543,Sham19Y0017063,1581,758,1162,230,42
1627,1005,1200,Sham19Y0148271,2317,441,620,125,77
1627,735,1184,Sham19Y0013605,2469,872,1262,217,59
1628,1199,1413,Shamela0008176,7566,1217,1530,165,65
1628,1413,1556,Shamela0008176,7567,1,130,98,84
1628,836,1123,Shamela0001727,916,930,1465,201,44
1628,831,1282,Sham19Y0013253,588,1208,1470,178,48
1628,213,658,Shia001831Vols,369,306,456,101,28
1628,836,1267,Sham19Y0132524,1783,510,1168,265,48
1628,541,1000,Shamela0001875,1111,1,559,124,18
1628,836,1267,Shia002992Vols,4231,88,718,262,49
1628,836,1218,Sham19Y0020638,740,917,1480,239,50
1628,1203,1519,Sham19Y0013252,780,101,354,152,52
1628,549,985,Shamela0012220,528,58,278,131,37
1628,1234,1488,Sham19Y0122257,3396,1291,1543,194,91
1628,836,1228,Zaydiyya0000295Vols,99,46,394,180,54
1629,5,362,Shamela0008176,7567,135,839,217,34
1629,362,816,Shamela0008176,7568,1079,1526,302,75
1629,891,1507,Shamela0008176,7569,373,1058,405,70
1629,891,1507,ShamAY0034447,1469,585,1094,290,53
1629,1021,1507,JK006838,1679,754,1153,225,51
1629,1342,1507,Shamela0005756,1105,599,769,117,85
1629,210,504,Shia001831Vols,369,475,763,230,97
1629,1342,1507,Sham19Y0145212,3692,695,845,118,90
1629,637,946,Sham19Y0018103,290,1,251,166,64
1629,1021,1507,Shia003732Vols,5545,620,1041,227,50
1629,901,1507,Masaha001864Vols,3525,235,828,297,50
1629,1350,1507,Sham19Y0013252,780,657,800,108,87
1629,272,732,Sham19Y0013252,780,26,567,190,33
1629,741,1103,Sham19Y0122257,3397,1252,1503,158,50
1629,1,757,Sham19Y0122257,3397,69,747,479,74
1629,1103,1507,Sham19Y0122257,3398,1,381,291,88
1629,1143,1320,Shia003636Vols,1274,1313,1483,125,82
1629,514,946,Sham19Y0013605,446,480,847,191,44
1629,345,488,Sham19Y0013605,447,197,351,103,81
1630,1,440,Shamela0008176,7569,1058,1489,308,83
1630,440,892,Shamela0008176,7570,1,249,153,38
1630,901,1426,Shamela0008176,7571,366,858,379,91
1630,107,728,ShamAY0034447,1474,581,1427,368,51
1630,737,1080,ShamAY0034447,1475,230,663,177,44
1630,171,590,Shamela0021715,6709,428,879,284,73
1630,1,277,JK006838,1679,1153,1462,151,57
1630,281,901,JK006838,1680,6,968,360,45
1630,839,1336,Shamela0005756,1105,969,1500,305,61
1630,159,728,Shia003732Vols,6152,550,1312,346,54
1630,1,478,Masaha001864Vols,3525,828,1427,259,51
1630,511,990,Masaha001864Vols,3526,48,815,269,41
1630,5,1302,Sham19Y0013252,780,805,1487,464,42
1630,1309,1486,Sham19Y0013252,781,1,164,129,90
1630,1,155,Masaha001946Vols,877,30,184,121,99
1630,483,1080,Masaha001946Vols,879,49,517,186,29
1630,1,1080,Sham19Y0122257,3398,381,1267,483,50
1630,901,1426,Sham19Y0122257,3399,79,608,394,91
1631,37,353,Shamela0008176,7571,858,1139,189,71
1631,1093,1555,Shamela0008176,7573,807,1156,271,69
1631,879,1302,Sham19Y0014592,3470,783,1035,206,59
1631,8,328,Shamela0005756,1106,151,441,208,83
1631,1383,1555,Sham19Y0013253,589,813,969,107,72
1631,1383,1555,Sham19Y0122406,2500,389,539,107,74
1631,882,1074,Kraken220208041040,423,1295,1491,142,88
1631,406,844,Sham19Y0016946,47,635,1199,292,61
1631,305,926,ShamAY0034383,42,932,1550,495,98
1631,926,1415,ShamAY0034383,43,1,490,371,92
1631,701,1372,Shia002294Vols,63,1167,1565,231,41
1631,882,1074,Shia002294Vols,64,5,193,145,93
1631,8,305,Sham19Y0013252,781,180,453,207,88
1631,500,722,Shamela0012398,454,199,394,140,76
1631,1093,1465,Sham19Y0122257,3399,884,1183,228,71
1631,37,378,Sham19Y0122257,3399,608,905,228,82
1631,13,220,Sham19Y0013605,446,1,226,109,57
1631,305,563,Shamela0010517,2678,1284,1542,208,100
1631,563,1367,Shamela0010517,2679,1,800,642,97
1632,899,1290,Shamela0008176,7571,1093,1471,284,91
1632,1,432,Shamela0008176,7573,1156,1500,261,74
1632,1053,1494,Shamela0005756,9178,441,750,164,42
1632,1,479,Sham19Y0013253,589,969,1498,334,73
1632,479,1186,Sham19Y0013253,590,1,765,316,40
1632,166,454,Sham19Y0122406,2500,1234,1532,174,72
1632,1,236,Sham19Y0122406,2500,539,792,181,90
1632,397,1257,Sham19Y0122406,2501,11,1041,483,54
1632,1167,1489,Sham19Y0122406,2502,145,493,187,66
1632,1121,1489,Sham19Y0018103,2076,231,456,132,41
1632,18,432,Sham19Y0013252,781,529,743,144,43
1632,1112,1489,Masaha001946Vols,877,435,749,163,49
1632,1,1507,Sham19Y0122257,3400,177,1269,653,48
1632,152,951,Sham19Y0013605,446,1125,1444,211,31
1633,948,1598,Shamela0008176,5177,214,733,399,73
1633,269,915,Sham19Y0017747,2072,652,1343,197,25
1633,531,1135,Sham19Y0017747,2073,87,655,220,34
1633,1218,1598,Sham19Y0017747,2074,1063,1455,292,88
1633,323,562,Shamela0001719,106,365,651,164,71
1633,313,562,JK000849,1698,872,1104,152,74
1633,313,562,Rafed0002530Vols,3,1146,1499,159,56
1633,332,562,ShamAY0034694,1662,1277,1485,129,66
1633,1300,1517,Sham19Y0131521,4302,1,264,167,77
1633,1218,1584,Shamela0021590,1330,1151,1457,213,67
1633,264,1198,Sham19Y0150676,2696,536,1461,755,99
1633,931,1222,Shamela0000894,2496,691,986,239,98
1633,336,581,Shamela0000427BK2,4232,200,465,153,66
1633,469,1598,JK000201,2307,355,1344,526,48
1633,319,1154,Sham19Y0122406,1709,12,633,366,49
1633,54,1154,Sham19Y0122406,2503,78,966,419,38
1633,313,562,JK009324,1746,695,1028,176,65
1633,307,562,Shamela0012129,274,755,1077,159,55
1633,313,562,ShamAY0000351,447,124,457,176,65
1633,336,562,Sham19Y0132524,1782,259,455,137,74
1633,182,493,Sham19Y0018103,2076,1274,1533,130,45
1633,363,562,Shamela0001687,2528,22,200,117,70
1633,344,562,Shamela0000634,122,910,1161,138,68
1633,307,595,Sham19Y0016494,332,683,1016,168,58
1633,327,562,Sham19Y0013252,5613,1,298,134,50
1633,54,493,Masaha001946Vols,877,997,1506,225,49
1633,304,856,Shamela0009242,3586,893,1176,178,40
1633,304,614,Sham19Y0018194,295,295,614,199,71
1633,307,658,Shia002119Vols,3436,149,571,193,55
1633,948,1598,Sham19Y0122257,2415,259,779,399,74
1633,1,264,Sham19Y0122257,3400,1269,1487,166,79
1633,651,1604,Sham19Y0017063,983,1,643,475,60
1633,304,562,Masaha003492Vols,137,954,1181,159,73
1633,336,595,Sham19Y0014325,6099,220,490,153,64
1634,11,550,Sham19Y0020944,694,968,1255,139,29
1634,1201,1332,JK007083,146,679,810,103,100
1634,1332,1461,Shamela0008176,4352,1490,1623,99,93
1634,44,593,Shamela0008176,7574,177,844,306,49
1634,1316,1521,Sham19Y0017747,2196,327,530,152,91
1634,63,323,ShamAY0036128,23,452,712,216,100
1634,1346,1521,Shamela0021590,1412,1,177,136,96
1634,1201,1332,Shamela0001727,917,511,642,103,100
1634,1201,1332,Sham19Y0127677,19242,496,627,103,100
1634,1201,1332,Shamela0022645,1171,943,1074,103,100
1634,1201,1332,Shamela0001665,515,365,496,103,100
1634,30,597,Sham19Y0122406,2504,978,1515,274,54
1634,1311,1583,Sham19Y0014224,1065,178,437,166,73
1634,1201,1332,Sham19Y0020638,741,641,772,103,100
1634,128,584,Masaha001946Vols,878,485,1048,208,41
1634,1201,1332,Sham19Y0017616,242,606,737,103,100
1634,1201,1332,Sham19Y0011194,165,1,132,103,100
1634,30,597,Sham19Y0122257,3401,511,926,293,60
1634,11,550,Sham19Y0014325,6097,529,801,140,29
1635,1250,1493,Sham19Y0017350,1016,454,570,71,37
1635,377,960,Sham19Y0017350,1018,538,1407,317,42
1635,1235,1493,Sham19Y0013769,1694,5,211,118,54
1635,342,952,Sham19Y0013769,1701,742,1262,295,55
1635,905,1174,Sham19Y0013769,1702,146,374,118,44
1635,333,1174,Shamela0008176,4383,779,1379,428,60
1635,1282,1493,JK000383BK1,57,1136,1336,141,83
1635,1180,1493,Tafsir07055,2435,197,727,223,53
1635,1180,1493,Sham19Y0131521,7659,1162,1359,119,48
1635,1180,1406,Shamela0000894,2684,323,589,149,70
1635,338,1050,JK000201,2254,939,1311,265,44
1635,276,587,Sham19Y0122406,2506,990,1314,169,63
1635,587,768,Sham19Y0122406,2507,191,364,132,88
1635,1180,1493,Shamela0036558,268,675,1037,199,68
1635,1180,1410,Sham19Y0132524,1815,235,442,128,67
1635,1204,1493,Shamela0025800,3360,613,944,139,45
1635,1302,1493,Shia003732Vols,3796,11,293,115,52
1635,338,648,Sham19Y0014224,1064,1326,1588,200,78
1635,119,342,Sham19Y0014224,1065,422,669,144,71
1635,1180,1493,Sham19Y0020638,741,789,1081,217,88
1635,1302,1493,JK007065,1029,988,1233,125,66
1635,338,1123,Sham19Y0122257,2049,900,1447,386,57
1636,48,604,Sham19Y0017350,1016,12,677,194,32
1636,123,502,Sham19Y0013769,1693,1152,1527,192,53
1636,1295,1555,Shamela0003055,1600,1,257,206,96
1636,1,489,Shamela0008176,4378,111,775,322,59
1636,1206,1529,Sham19Y0131521,4608,349,651,227,84
1636,119,751,Shamela0023628,412,85,653,362,67
1636,1171,1555,ShamAY0033531,2373,523,1019,261,62
1636,123,751,Sham19Y0014224,1060,526,1479,325,37
1636,123,511,Shamela0011036,1467,634,1037,311,95
1636,1282,1529,Sham19Y0014601,4759,926,1156,185,91
1636,119,658,Sham19Y0017063,804,99,620,319,68
1636,1120,1555,Shamela0009841,15,135,518,309,87
1637,1030,1343,Sham19Y0013769,1690,137,484,206,73
1637,1025,1373,Shamela0011334,72,194,494,185,63
1637,826,1373,Shamela0002386,109,429,984,255,49
1637,500,1053,Tafsir07055,2423,1062,1197,86,19
1637,1030,1378,Sham19Y0131521,3087,506,734,157,58
1637,1034,1368,Sham19Y0131521,4573,1108,1395,204,76
1637,864,1373,JK007099,146,668,1241,267,50
1637,55,310,Sham19Y0014309,2640,266,522,199,98
1637,325,491,Shia001831Vols,370,256,388,107,79
1637,515,1001,ShamAY0033531,2358,978,1303,251,62
1637,1,320,ShamAY0033531,2373,1019,1331,248,97
1637,706,1368,Sham19Y0014224,1056,882,1375,341,64
1637,59,232,Sham19Y0014601,4761,368,544,127,90
1637,1006,1368,Sham19Y0017063,799,620,947,233,81
1637,496,1053,Sham19Y0017063,804,601,1033,230,43
1637,500,1368,Shamela0010517,1886,496,946,333,48
1638,463,810,Sham19Y0018259,427,1026,1359,216,70
1638,678,810,JK007083,146,269,401,106,100
1638,669,1344,Shamela0021495,344,108,527,290,51
1638,1232,1349,Sham19Y0017350,1018,165,274,70,71
1638,1224,1344,Sham19Y0013769,1695,761,886,93,95
1638,463,810,Sham19Y0016584,1534,285,699,202,59
1638,678,1344,Sham19Y0148486,6373,464,1020,212,28
1638,678,810,Shamela0003485,352,386,525,106,94
1638,473,1349,Shamela0006610,1100,31,1151,290,25
1638,678,810,Sham19Y0019188,5548,89,221,106,100
1638,1232,1368,Shamela0008176,4393,323,506,93,61
1638,1173,1349,Sham19Y0017747,2199,1073,1279,126,76
1638,1193,1344,Shamela0021744,1513,718,881,89,69
1638,473,821,Sham19Y0127656,251,861,1142,190,65
1638,1353,1538,JK010001,2316,919,1166,137,67
1638,678,810,JK000110,451,160,294,92,80
1638,1224,1344,Shia000841Vols,4114,48,179,93,90
1638,1193,1344,JK000299,1292,1181,1344,89,69
1638,1224,1368,Shamela0024831,7,68,271,107,67
1638,1305,1538,Tafsir07055,2424,760,1043,161,66
1638,1224,1344,Sham19Y0131521,4594,191,320,85,82
1638,1135,1268,Sham19Y0131521,4599,616,747,89,87
1638,678,1113,Sham19Y0131521,4601,126,647,218,39
1638,260,434,Sham19Y0131521,4610,699,875,143,98
1638,678,810,Shamela0021590,1412,1133,1294,106,81
1638,678,810,Shamela0021590,1413,1328,1489,106,81
1638,1189,1344,Shamela0021590,1414,273,429,101,79
1638,678,810,ShamAY0034263,488,331,470,106,94
1638,678,821,Shamela0005756,6559,53,226,98,67
1638,501,726,Shamela0001673,10190,553,962,98,26
1638,473,1368,Shamela0012884,865,107,709,275,32
1638,1224,1344,Shamela0117359,798,1094,1223,85,82
1638,473,810,Shamela0006947,16343,155,469,205,70
1638,74,414,Sham19Y0014309,628,351,626,186,62
1638,691,1368,Sham19Y0017903,791,853,1175,203,35
1638,678,1399,Sham19Y0013253,594,89,562,227,34
1638,678,865,ShamAY0034249,8186,851,1040,120,76
1638,1224,1344,Shamela0001442,850,628,757,85,82
1638,476,1363,Sham19Y0122406,2515,592,1177,295,38
1638,1232,1368,Sham19Y0016934,6294,522,684,93,69
1638,1224,1349,Sham19Y0145212,2214,1288,1422,87,81
1638,473,810,Shamela0037837,405,322,786,205,54
1638,1220,1368,Sham19Y0032384,241,890,1104,108,62
1638,678,810,Sham19Y0032384,242,207,329,93,88
1638,821,963,ShamAY0033531,2363,1344,1478,105,92
1638,963,1268,ShamAY0033531,2364,1,293,230,94
1638,59,457,ShamAY0033531,2374,429,1171,318,52
1638,1386,1538,ShamAY0033531,2379,418,567,116,95
1638,678,810,Sham19Y0018106,1402,92,233,94,77
1638,678,810,Sham19Y0018103,1431,291,425,92,80
1638,678,1344,Shamela0025800,3362,726,1190,203,33
1638,463,625,Sham19Y0017791,1133,28,185,119,94
1638,463,871,Shamela0096283,160,1070,1435,217,62
1638,423,615,Sham19Y0017729,409,689,896,121,74
1638,678,810,Sham19Y0150600,742,1033,1172,106,94
1638,678,990,Sham19Y0014224,1061,773,1339,188,39
1638,1220,1344,Sham19Y0014224,1062,27,152,97,99
1638,1349,1538,Sham19Y0018272,2120,657,819,120,76
1638,1220,1344,Sham19Y0131336,1613,37,166,96,95
1638,473,810,Sham19Y0020638,743,817,1380,241,54
1638,1224,1344,Sham19Y0020591,1212,486,615,85,82
1638,1220,1344,Shamela0009354,2,653,778,97,99
1638,476,1368,Sham19Y0146127,3524,88,1176,315,28
1638,1220,1344,Shamela0000772,142,257,384,97,97
1638,510,625,Sham19Y0016976,1139,1,117,89,99
1638,538,810,Shamela0009242,3844,886,1156,169,67
1638,463,615,Sham19Y0017616,242,941,1088,111,94
1638,473,810,Sham19Y0011194,164,1083,1328,135,50
1638,1353,1538,Sham19Y0011194,392,1319,1500,124,84
1638,1232,1344,Sham19Y0017798,1700,6,115,80,91
1638,463,810,Sham19Y0018176,749,824,1354,206,47
1638,1232,1368,Sham19Y0122257,2054,28,212,94,61
1638,260,401,Sham19Y0014601,4761,813,954,116,100
1638,463,783,Sham19Y0014119,372,372,657,149,55
1638,1349,1538,Sham19Y0017063,804,1155,1379,117,63
1638,678,810,Sham19Y0148271,1624,819,957,100,86
1638,1232,1368,Shamela0008360,520,1019,1203,94,61
1638,560,810,Sham19Y0013605,1925,253,579,138,51
1638,260,501,Shamela0010517,1403,482,661,138,69
1638,1278,1538,Shamela0010517,1887,1169,1441,174,80
1638,1278,1538,Shamela0010517,1896,205,477,174,80
1638,1278,1538,Shamela0010517,1905,844,1116,174,80
1639,386,836,Sham19Y0017350,1003,544,1253,199,33
1639,386,1205,Sham19Y0013769,1665,617,1330,220,24
1639,1,328,Sham19Y0013769,1690,815,1211,159,45
1639,1242,1358,Sham19Y0016584,4151,583,822,79,42
1639,362,989,Shamela0008176,4353,822,1494,282,43
1639,1,328,Shamela0008176,4386,504,1051,215,46
1639,80,328,Sham19Y0017747,2196,777,964,144,69
1639,1,323,JK010001,2316,1166,1489,262,99
1639,1,344,Tafsir07055,2424,1043,1390,275,97
1639,1,259,Sham19Y0131521,4626,86,704,203,40
1639,80,328,Shamela0000432,5639,170,351,138,65
1639,86,328,Shamela0000432,5938,1,175,133,64
1639,552,994,Shamela0005756,10390,957,1445,241,59
1639,400,843,Shamela0005756,10391,114,363,191,53
1639,1293,1548,Shamela0005756,12000,567,808,147,69
1639,365,789,Sham19Y0013253,594,624,1105,151,29
1639,80,328,JK000201,2237,758,947,146,69
1639,317,789,Sham19Y0122406,2519,94,854,212,29
1639,1242,1541,Sham19Y0122406,2521,946,1462,85,15
1639,14,344,Sham19Y0145212,2212,816,1088,205,75
1639,1242,1544,Sham19Y0132524,1830,375,522,104,44
1639,1300,1509,ShamAY0033531,2338,206,769,100,21
1639,386,989,ShamAY0033531,2339,955,1580,248,38
1639,1,328,ShamAY0033531,2379,567,895,251,90
1639,534,789,Sham19Y0018103,3861,1307,1485,118,57
1639,323,984,Sham19Y0014224,1036,467,1383,305,34
1639,725,1268,Sham19Y0014224,1037,180,701,191,35
1639,1242,1548,Sham19Y0014224,1038,182,502,229,87
1639,7,339,Sham19Y0014224,1057,400,655,162,52
1639,1,328,Sham19Y0018272,2120,819,1149,263,98
1639,438,836,Sham19Y0013223,2490,1117,1506,311,97
1639,836,1237,Sham19Y0013223,2491,1,456,310,80
1639,534,714,Sham19Y0013252,7267,752,888,90,59
1639,847,1021,Shamela0011036,1851,335,1076,126,20
1639,80,328,Shamela0009242,3845,1316,1505,146,69
1639,1261,1544,Sham19Y0023625,2674,268,998,207,35
1639,36,405,Sham19Y0011194,393,1,402,266,82
1639,515,984,Sham19Y0122257,2037,215,920,278,43
1639,1,216,Sham19Y0122257,2051,484,662,143,81
1639,134,328,Sham19Y0014601,4764,782,1000,132,75
1639,537,1293,Sham19Y0017063,798,49,752,283,39
1639,1,204,Shamela0000791,364,862,1126,127,57
1639,534,994,Sham19Y0013605,4600,815,1194,220,54
1639,56,405,Shamela0010517,1888,1,389,240,72
1639,1,405,Shamela0010517,1896,477,923,284,78
1639,1,405,Shamela0010517,1905,1116,1559,285,79
1640,665,980,Sham19Y0131521,4548,619,931,172,55
1640,411,1001,Sham19Y0016684,1698,354,914,191,34
1640,253,457,Shamela0005756,5173,750,1090,119,43
1640,1,247,Shamela0005756,12000,808,1059,188,94
1640,1046,1260,Shamela0012014,364,723,862,92,48
1640,5,515,Shamela0001673,10110,6,414,215,51
1640,646,875,Shamela0004473,13470,1,228,182,97
1640,5,515,JK000201,2245,318,726,215,51
1640,1,569,Sham19Y0014224,1038,502,1094,377,74
1640,1046,1521,Sham19Y0013223,2491,209,653,201,41
1640,1046,1264,Shamela0006848,70,65,208,92,48
1640,1,253,Sham19Y0013252,7267,1144,1427,127,51
1640,1,534,Sham19Y0023625,2674,528,1304,407,64
1640,569,1080,Sham19Y0023625,2675,107,663,374,77
1641,362,1253,Sham19Y0013769,1661,1,1202,461,40
1641,301,967,Sham19Y0017747,2167,518,1505,358,41
1641,967,1182,Sham19Y0017747,2168,1,217,175,97
1641,719,1267,Sham19Y0131521,4579,338,853,251,49
1641,650,1100,Sham19Y0122401,1161,722,1119,328,88
1641,510,1293,Shamela0005756,9318,419,902,386,60
1641,149,510,Shamela0004473,13231,408,618,107,32
1641,235,507,Sham19Y0017903,785,1000,1224,133,63
1641,1406,1615,Shia001831Vols,370,1036,1168,89,51
1641,235,507,Sham19Y0017729,407,59,280,131,62
1641,359,1293,Sham19Y0014224,1034,162,1118,571,60
1641,440,642,Sham19Y0018272,2056,1,195,149,90
1641,181,544,Shamela0009690,1437,779,1387,173,33
1641,650,1422,Sham19Y0017063,800,515,1253,474,68
1642,549,733,Sham19Y0013769,1664,360,546,139,91
1642,464,753,Shamela0021715,10055,810,994,93,41
1642,1053,1557,Sham19Y0016684,2102,821,1018,85,21
1642,1,328,Shamela0005756,14351,972,1111,75,27
1642,483,733,Shamela0001673,10229,993,1318,85,24
1642,864,1498,Shia001831Vols,370,1236,1516,207,40
1642,1324,1498,Sham19Y0013631,1557,450,688,90,40
1642,979,1198,Masaha001864Vols,4850,1167,1331,119,67
1642,502,778,Sham19Y0013605,4589,39,338,177,65
1643,191,448,Sham19Y0018144,5310,23,178,124,57
1644,634,1140,Shamela0008176,4365,143,478,244,58
1644,417,1448,Sham19Y0017747,2166,569,1568,772,90
1644,1448,1599,Sham19Y0017747,2167,1,152,121,100
1644,86,989,Shamela0021590,1396,177,1362,530,49
1644,134,390,Sham19Y0127677,15554,18,302,200,86
1644,214,1115,JK000201,2039,898,1381,390,53
1644,1263,1599,Sham19Y0132524,1838,415,743,195,60
1644,548,1389,ShamAY0033531,2342,668,1066,259,38
1644,134,1115,Sham19Y0018272,2285,548,1439,673,80
1644,401,995,Sham19Y0009763,212,100,599,274,50
1644,422,1389,Shamela0009242,3806,720,1265,377,48
1644,115,478,Sham19Y0020590,283,1057,1392,201,60
1644,214,1155,Sham19Y0122257,2042,585,1254,484,62
1644,115,601,Sham19Y0017063,801,880,1540,354,63
1644,601,1004,Sham19Y0017063,802,1,360,277,83
1644,263,417,Shamela0010517,1913,1,155,125,100
1645,940,1469,Sham19Y0013769,1672,74,660,397,81
1645,156,271,Shamela0008176,4365,470,595,75,77
1645,1,352,Sham19Y0017747,2167,152,403,193,70
1645,691,1469,Sham19Y0017747,2169,496,1361,427,51
1645,984,1469,Shia000841Vols,7700,626,1112,384,98
1645,977,1469,Shamela0021590,1398,1024,1490,321,74
1645,1281,1405,JK009151,589,900,1024,98,100
1645,984,1469,JK000201,2240,743,1228,383,98
1645,1,326,Sham19Y0122406,2532,1127,1480,230,79
1645,1297,1469,Sham19Y0122406,2534,684,872,127,85
1645,1297,1451,Sham19Y0132524,1842,391,559,111,84
1645,973,1281,Sham19Y0014224,1042,823,1142,242,93
1645,984,1469,Shamela0009242,3808,409,896,384,98
1645,156,254,Sham19Y0122257,2042,1229,1327,72,92
1646,11,673,Sham19Y0013769,1672,726,1488,422,60
1646,700,941,Sham19Y0017747,2171,104,361,162,69
1646,706,994,Shamela0001727,929,318,606,76,23
1646,706,994,Sham19Y0122406,2537,73,361,76,23
1646,706,994,Sham19Y0018144,1668,219,688,66,13
1646,1185,1463,Sham19Y0014224,1041,313,915,220,45
1646,226,700,Sham19Y0014224,1043,714,1197,348,88
1646,654,965,Sham19Y0014224,1044,265,577,162,52
1646,706,994,Sham19Y0020638,749,36,233,64,24
1646,688,941,Sham19Y0017063,1481,502,741,180,88
1647,530,1084,Sham19Y0017350,1006,1013,1420,249,52
1647,26,938,Sham19Y0013769,1669,896,1549,231,28
1647,882,1017,Sham19Y0013769,1670,31,346,87,34
1647,149,351,Sham19Y0013769,1671,669,846,119,66
1647,367,1130,Shamela0001727,928,755,1378,268,35
1647,882,1222,Shamela0005756,8821,724,1283,109,21
1647,887,1017,Shamela0005756,9834,558,807,82,41
1647,31,525,Shamela0001673,5336,978,1515,139,22
1647,573,1174,Shia001831Vols,371,532,871,231,48
1647,539,938,Sham19Y0122406,2535,1034,1468,172,42
1647,367,803,Sham19Y0018144,1667,86,778,160,24
1647,6,1017,Sham19Y0014224,1041,919,1427,240,27
1647,149,351,Sham19Y0014224,1042,555,743,148,91
1647,367,938,Sham19Y0020638,748,1062,1452,228,48
1647,882,1011,Sham19Y0013252,5105,491,802,81,33
1647,771,1222,Sham19Y0017616,244,741,1152,137,30
1647,6,136,Sham19Y0011194,389,1303,1409,85,81
1647,887,1286,Sham19Y0011194,390,447,726,141,44
1647,1017,1455,Sham19Y0017063,1481,206,530,214,61
1648,37,356,Sham19Y0013769,1674,1183,1501,184,65
1648,356,1468,Sham19Y0013769,1675,1,1124,840,91
1648,180,317,Sham19Y0016584,4697,477,1054,81,17
1648,435,805,Sham19Y0016684,2033,276,555,207,69
1648,443,805,Shamela0001673,11304,454,724,191,65
1648,6,968,Sham19Y0122406,2538,448,1402,564,65
1648,968,1468,Sham19Y0122406,2539,26,554,337,77
1648,1,1370,Sham19Y0014224,1045,196,1469,938,83
1648,59,200,Sham19Y0013252,5106,285,446,98,75
1648,1,924,Sham19Y0017063,1481,530,1488,559,64
1648,924,1468,Sham19Y0017063,1482,1,457,343,78
1649,12,365,Sham19Y0013769,1675,1156,1516,245,80
1649,365,1253,Sham19Y0013769,1676,1,914,563,69
1649,1048,1225,Shamela0001727,929,895,1227,132,50
1649,1,716,Sham19Y0122406,2539,554,1428,440,58
1649,1129,1473,Sham19Y0018103,3852,394,1390,215,25
1649,1,1148,Sham19Y0014224,1046,122,1368,814,80
1649,746,1032,Sham19Y0023625,1215,1132,1422,214,91
1649,1172,1473,Sham19Y0017063,801,1,369,237,79
1649,83,904,Sham19Y0017063,1482,469,947,355,55
1650,1264,1533,Sham19Y0013769,1027,823,1025,155,70
1650,129,551,Shamela0008176,4364,769,1145,117,29
1650,1227,1533,Shia000841Vols,3202,662,1003,231,83
1650,1,557,Shamela0001673,10085,108,510,270,60
1650,414,557,Sham19Y0018103,3852,1161,1304,82,69
1650,257,563,Sham19Y0018272,128,82,359,214,87
1650,345,557,Shamela0011036,1872,727,935,156,91
1650,1,563,Sham19Y0017063,801,369,889,400,87
1650,414,563,Shamela0000791,361,1386,1533,83,65
1650,8,306,Shamela0000791,362,112,276,122,52
1650,1,306,Sham19Y0013605,4590,342,512,126,52
1651,18,342,Shia000841Vols,3201,940,1282,230,81
1651,1085,1433,Sham19Y0131521,6028,258,521,191,68
1651,806,1085,Sham19Y0131521,6711,173,403,156,66
1651,564,1085,Shamela0004473,2202,801,1254,156,29
1651,650,1065,Shamela0006947,9191,1249,1644,121,25
1651,650,1327,Sham19Y0122406,2545,754,1470,361,55
1651,650,1078,Shamela0001875,1132,338,687,131,30
1651,313,734,Sham19Y0020638,750,216,630,152,32
1651,958,1433,Shamela0007342,858,624,1161,296,59
1651,1089,1433,Shamela0009242,2669,197,551,221,70
1651,669,1204,Zaydiyya0000053,969,1023,1363,229,50
1651,650,892,Sham19Y0017798,2159,193,561,177,56
1651,650,892,Sham19Y0017063,783,1042,1313,141,56
1652,211,378,Sham19Y0020944,1219,1247,1430,120,80
1652,211,378,Shamela0021629,615,108,294,120,78
1652,211,378,Sham19Y0131521,6703,61,229,120,86
1652,1289,1455,Sham19Y0131521,6710,991,1181,128,85
1652,211,660,Sham19Y0131521,6712,215,728,263,58
1652,211,378,Shamela0001727,931,477,651,130,94
1652,38,342,JK000916,11747,93,561,134,39
1652,211,372,ShamAY0036197,173,1326,1499,111,76
1652,38,378,Sham19Y0127677,12397,664,1135,183,42
1652,296,1075,Shamela0004473,2202,837,1121,151,23
1652,24,378,Shamela0011816,450,990,1371,154,40
1652,211,390,Shamela0117359,1186,390,572,123,83
1652,211,378,ShamIbadiyya0000074,1037,724,896,113,76
1652,738,1075,Sham19Y0017903,782,180,347,95,36
1652,1285,1401,Shia001831Vols,371,1254,1371,91,99
1652,38,378,Sham19Y0122406,2544,527,947,196,60
1652,738,1307,Sham19Y0122406,2545,186,669,142,25
1652,67,378,Shia002265Vols,2807,599,696,71,29
1652,738,1307,Sham19Y0132524,1627,872,1295,140,27
1652,211,378,Sham19Y0037618,718,900,1074,130,94
1652,1230,1401,ShamAY0033531,3667,726,913,132,87
1652,383,660,ShamAY0033531,3668,379,657,222,99
1652,383,561,ShamAY0033531,4850,1372,1550,144,100
1652,211,378,Shamela0036446,581,1266,1437,121,88
1652,28,1075,Shamela0025800,2117,601,1328,267,29
1652,224,378,ShamAY0034005,675,1,172,113,82
1652,211,1307,Sham19Y0020638,750,437,1315,281,26
1652,824,1401,Sham19Y0020638,1736,281,451,111,25
1652,211,390,Sham19Y0020591,1864,692,874,123,83
1652,24,378,JK007065,587,649,859,89,27
1652,738,1307,JK007065,1271,897,1288,142,29
1652,211,378,Sham19Y0017798,2159,82,256,130,94
1652,1285,1401,Sham19Y0014601,6161,370,587,91,53
1653,1120,1297,Shamela0008176,4282,553,724,124,87
1653,997,1404,Sham19Y0131521,6709,963,1492,287,67
1653,491,1088,Shamela0001727,933,634,1476,198,22
1653,78,543,Shamela0012014,346,1044,1417,96,17
1653,78,262,Shia001831Vols,371,1371,1518,102,64
1653,262,778,Shia001831Vols,372,1,251,186,44
1653,78,543,Shamela0000140,2027,605,954,118,24
1653,783,1141,Sham19Y0122406,2548,364,1478,234,25
1653,796,1120,Sham19Y0132524,1629,75,364,145,45
1653,1088,1297,ShamAY0033531,3667,331,529,141,81
1653,1088,1297,ShamAY0033531,4849,1254,1452,141,81
1653,78,237,ShamAY0033531,4850,477,633,118,91
1653,847,1028,Sham19Y0013631,1495,327,476,115,79
1653,491,1047,Shamela0025800,2119,10,573,147,20
1653,237,1485,Sham19Y0020638,751,181,1216,285,19
1653,430,610,Shamela0001467,105,1315,1596,132,57
1653,466,1011,JK007065,291,124,591,146,23
1653,1120,1297,Sham19Y0122257,2013,1014,1181,123,88
1654,108,1224,Sham19Y0013667,6888,191,637,284,31
1654,1083,1554,Sham19Y0017747,1807,795,1075,192,49
1654,108,1224,Shia002616Vols,1763,639,1119,298,31
1654,1428,1564,Shamela0021715,4121,1218,1346,104,94
1654,108,1224,Shamela0001727,934,317,797,298,31
1654,272,416,Sham19Y0017903,781,455,626,103,70
1654,1,689,Shia001831Vols,372,341,590,188,34
1654,265,982,Shia002218Vols,756,782,1139,129,19
1654,1270,1564,JK000201,2663,177,370,146,60
1654,1,784,Sham19Y0122406,2549,906,1483,226,28
1654,784,1224,Sham19Y0122406,2550,1,174,142,39
1654,108,1133,Sham19Y0132524,1629,982,1371,221,26
1654,108,756,ShamAY0033531,3662,833,1323,256,39
1654,1270,1564,ShamAY0033531,3663,713,953,197,81
1654,108,756,ShamAY0033531,4845,220,710,256,39
1654,1270,1564,ShamAY0033531,4846,172,412,197,81
1654,272,1206,Shamela0025800,2115,540,924,193,23
1654,167,1224,Sham19Y0023618,2402,927,1320,283,32
1654,290,1224,Sham19Y0020638,752,1,343,244,31
1654,272,523,Shamela0021550,428,5,175,120,60
1654,272,523,JK000001,1814,669,839,120,60
1654,24,796,Sham19Y0017616,223,1004,1410,182,27
1654,796,1224,Sham19Y0017616,224,1,162,132,37
1654,850,1083,Sham19Y0017616,593,628,854,175,94
1654,1254,1564,Sham19Y0122257,2010,1059,1265,163,63
1654,1088,1447,Sham19Y0017063,781,1153,1530,184,50
1654,1447,1564,Sham19Y0017063,782,1,118,95,100
1654,1110,1564,Shamela0000791,632,622,1022,273,66
1654,108,1224,Shamela0008658,3039,1069,1549,298,31
1654,108,1224,Shamela0010517,121,1124,1604,298,31
1655,590,745,Sham19Y0020944,873,1130,1279,118,95
1655,1116,1456,JK000021,2419,771,1306,146,27
1655,594,774,Sham19Y0013667,6892,239,421,141,97
1655,1116,1456,ShamAY0035035,4798,761,1231,138,29
1655,590,745,Shamela0008176,4278,737,892,124,100
1655,963,1187,Shamela0008176,4279,780,1240,179,48
1655,590,774,Shamela0001719,4711,1048,1214,132,89
1655,590,745,Shamela0025794,1435,25,174,118,95
1655,590,749,Sham19Y0131521,5264,462,614,118,93
1655,1116,1281,Sham19Y0131521,6712,1010,1328,129,49
1655,355,1187,Shamela0001727,935,355,896,281,40
1655,594,745,Sham19Y0017811,359,657,817,117,91
1655,599,745,Sham19Y0127677,129,1090,1235,108,87
1655,1116,1456,Shamela0004473,2447,403,668,143,45
1655,590,749,Shamela0117359,903,1032,1185,118,93
1655,599,774,Shamela0005922,2520,1338,1519,132,86
1655,355,774,JK000734,280,365,942,187,31
1655,355,745,Tafsir09084,531,915,1240,162,42
1655,590,774,Sham19Y0017903,781,940,1118,141,96
1655,585,707,Sham19Y0013253,597,237,359,98,100
1655,590,745,ShamAY0033523,619,229,384,123,99
1655,685,1116,JK000201,2577,670,968,165,41
1655,374,812,Sham19Y0122406,2551,1052,1381,202,55
1655,355,1006,Sham19Y0122406,2552,14,564,284,49
1655,1135,1501,Sham19Y0122406,2553,139,778,142,22
1655,590,745,Sham19Y0145212,2176,58,213,123,99
1655,1135,1456,Shia002264,314,791,1335,137,28
1655,355,745,Shamela0008473,1224,764,1099,148,36
1655,212,774,Sham19Y0132524,1631,42,448,239,52
1655,355,745,Shamela0001875,1261,965,1413,192,42
1655,948,1111,ShamAY0033531,2735,1250,1409,128,97
1655,948,1111,ShamAY0033531,3918,931,1090,128,97
1655,590,1187,Sham19Y0018144,1686,878,1423,149,20
1655,609,745,Shamela0036446,581,943,1073,103,94
1655,730,1087,Sham19Y0018103,1793,207,477,128,45
1655,590,862,Shamela0025800,2116,976,1293,160,60
1655,590,1191,Sham19Y0017791,1109,629,1170,198,34
1655,590,774,Sham19Y0017729,404,484,663,139,92
1655,590,774,ShamAY0034005,819,271,444,138,93
1655,355,719,Sham19Y0020638,752,1208,1504,173,53
1655,719,1456,Sham19Y0020638,753,1,474,203,29
1655,590,900,ShamAY0034274,573,816,1076,149,55
1655,590,749,Sham19Y0020591,1393,1023,1175,118,93
1655,355,745,Shamela0021766,945,524,990,181,42
1655,1116,1456,Sham19Y0146127,2674,549,1062,145,28
1655,609,774,Shamela0011036,1446,519,842,132,51
1655,1116,1456,Shamela0011036,1671,11,609,141,28
1655,604,749,Sham19Y0016976,1116,911,1262,70,21
1655,590,1456,Sham19Y0017616,224,208,757,278,34
1655,590,900,Shia002119Vols,3699,703,920,147,59
1655,590,745,Sham19Y0122257,2011,422,577,123,99
1655,963,1155,Sham19Y0122257,2012,906,1118,131,67
1655,609,1187,Sham19Y0014119,365,368,564,154,33
1655,580,1172,Sham19Y0017063,782,1039,1517,219,37
1655,1,212,Sham19Y0017063,782,118,330,163,95
1655,590,745,Sham19Y0148271,1500,553,702,117,94
1655,590,1187,Shamela0008360,508,327,628,197,41
1655,1,212,Shamela0000791,632,1022,1399,161,53
1655,963,1082,Sham19Y0013605,2330,741,858,90,93
1656,284,700,JK000021,2420,646,949,77,16
1656,44,1146,Shamela0001727,936,1,1097,148,10
1656,21,813,Sham19Y0013572,900,718,1147,154,21
1656,288,618,Shamela0006947,16463,685,936,155,58
1656,21,324,Sham19Y0122406,2553,1003,1448,100,25
1656,21,700,Sham19Y0122406,2554,437,1319,163,15
1656,559,1146,Sham19Y0122406,2555,62,772,198,24
1656,292,472,Sham19Y0013631,889,53,166,84,59
1656,288,700,Sham19Y0018144,1687,903,1182,71,15
1656,706,890,Sham19Y0018144,5357,980,1164,147,100
1656,288,700,Shamela0025800,2122,191,366,100,30
1656,21,1146,Sham19Y0020638,753,478,1238,211,19
1656,288,1082,Shamela0011036,1671,385,1272,328,36
1656,288,700,JK007065,875,240,415,87,22
1657,170,335,Sham19Y0020561,1623,834,1010,131,93
1657,170,335,Sham19Y0020561,1764,998,1174,131,93
1657,170,321,Sham19Y0018259,401,309,460,116,97
1657,170,335,Sham19Y0127717,747,599,745,115,87
1657,217,335,Sham19Y0013667,6650,1,112,85,88
1657,170,335,Shamela0000767,2543,1195,1395,127,79
1657,170,335,Shamela0000767,2550,489,657,122,85
1657,170,335,Shamela0000767,3334,197,364,116,81
1657,170,335,Sham19Y0148486,6744,697,859,129,98
1657,170,335,Sham19Y0148486,6753,340,502,129,98
1657,170,378,Shamela0006610,719,1286,1511,147,79
1657,170,345,Shamela0008176,4328,956,1213,129,61
1657,170,345,Sham19Y0017747,2267,822,1021,138,87
1657,170,335,JK006897,420,318,483,131,100
1657,170,321,Shamela0021744,2601,574,723,116,96
1657,796,1146,ShamAY0036128,24,1113,1463,284,100
1657,170,316,Shia000134VolsBK2,2507,673,819,114,98
1657,170,335,Shamela0021809,2013,775,943,131,98
1657,170,316,Shamela0011444BK2,3882,165,324,114,88
1657,170,335,Shamela0025794,3701,108,273,131,100
1657,170,1092,Sham19Y0131521,5396,328,1182,265,26
1657,170,310,JK007128,257,1402,1540,110,98
1657,170,316,Shamela0021715,4090,681,825,115,98
1657,170,396,Shamela0001727,938,733,1111,177,58
1657,170,335,Sham19Y0017757,179,769,934,131,100
1657,170,316,Shamela0001673,4423,1131,1274,113,97
1657,170,396,Shamela0005922,3120,891,1248,174,60
1657,178,335,JK000734,367,519,680,123,94
1657,170,335,Sham19Y0122256,635,972,1118,116,88
1657,170,316,Shia000089Vols,4636,361,507,111,96
1657,170,396,JK000271,231,1094,1334,180,94
1657,170,335,Sham19Y0017903,775,717,872,118,90
1657,165,396,Sham19Y0013253,597,824,1086,171,82
1657,170,321,ShamAY0033181,908,424,573,116,96
1657,170,316,Sham19Y0013785,1612,433,579,116,100
1657,170,396,Sham19Y0122406,2557,814,1192,176,58
1657,1315,1526,Sham19Y0122406,2559,326,552,151,80
1657,811,1102,Zaydiyya0000059,656,1004,1175,132,56
1657,170,335,Shia001989,226,368,568,130,80
1657,170,396,Shamela0001875,1132,755,986,175,94
1657,411,1366,ShamAY0033531,2836,339,1142,484,55
1657,1328,1538,ShamAY0033531,2837,358,575,164,95
1657,637,796,ShamAY0033531,2837,12,182,127,93
1657,418,1366,ShamAY0033531,4019,1,797,478,55
1657,1328,1538,ShamAY0033531,4020,22,239,164,95
1657,170,345,Shamela0036446,584,542,714,128,91
1657,170,339,Sham19Y0018159,288,601,768,133,98
1657,170,396,Shamela0025800,2125,944,1168,178,98
1657,170,316,Sham19Y0021525,1290,760,904,115,98
1657,170,335,Sham19Y0017729,402,620,775,123,93
1657,170,378,Sham19Y0006684,3647,1225,1447,149,83
1657,170,396,Sham19Y0020638,754,670,900,175,96
1657,173,364,Sham19Y0132962,942,624,819,124,77
1657,170,335,Shamela0008463,3182,512,662,101,73
1657,170,335,Sham19Y0146127,3738,97,259,129,98
1657,170,335,Sham19Y0016976,1125,1087,1252,131,100
1657,170,401,Shamela0013032,58,42,313,152,66
1657,207,401,Shamela0009242,2608,1128,1323,122,71
1657,6,335,Sham19Y0017616,221,966,1331,165,48
1657,170,316,Shamela0021843,3802,1035,1195,115,88
1657,170,396,JK007065,200,632,875,174,90
1657,6,339,Sham19Y0011194,180,889,1288,184,58
1657,642,796,Sham19Y0011194,427,614,768,123,100
1657,170,345,Sham19Y0122257,2028,649,905,139,68
1657,503,811,Sham19Y0122257,2029,218,495,182,70
1657,170,335,Sham19Y0020699,1326,1093,1256,130,98
1657,173,324,Sham19Y0013783,3779,613,776,114,87
1657,170,685,Sham19Y0017063,792,888,1365,273,59
1657,170,345,Sham19Y0148271,1773,1030,1224,136,86
1657,170,335,Shamela0010803,120,619,790,131,96
1657,178,622,Shamela0022644,2608,1116,1544,114,20
1657,170,335,Shamela0022644,2616,1001,1165,126,96
1657,170,335,ShamIbadiyya0000109,5253,513,678,130,98
1657,6,345,Shamela0008360,514,458,851,166,41
1657,170,642,Sham19Y0022884,192,449,654,149,40
1657,170,388,Shamela0021743,1895,567,808,148,78
1657,170,335,Shamela0010517,1849,609,773,130,99
1658,244,408,JK007083,181,663,828,130,99
1658,244,396,Sham19Y0123510,931,332,468,96,81
1658,629,1244,Sham19Y0013769,1868,613,1600,327,39
1658,1244,1442,Sham19Y0013769,1869,1,470,132,34
1658,239,408,Sham19Y0148486,6791,543,709,125,93
1658,580,711,Shamela0008176,4332,1362,1505,108,91
1658,831,1068,Shamela0008176,4333,7,250,167,82
1658,244,408,Sham19Y0017747,2272,239,407,119,90
1658,244,408,Sham19Y0132620,398,258,412,114,81
1658,280,408,Shia000841Vols,4371,1,130,97,95
1658,244,408,Shamela0011428,1338,381,545,130,100
1658,244,408,Shamela0021590,1466,957,1120,124,95
1658,252,408,Shamela0021590,1467,631,853,118,66
1658,280,408,Sham19Y0017757,180,1,127,96,95
1658,219,1278,Sham19Y0122401,1333,431,1338,558,58
1658,244,408,Shia002240Vols,361,347,511,130,100
1658,239,408,Shamela0005756,7264,498,667,132,98
1658,244,408,Shamela0005922,3129,594,746,121,92
1658,239,408,Sham19Y0013253,598,799,969,133,98
1658,244,408,ShamAY0033181,912,241,405,128,98
1658,244,391,Shamela0021619BK2,1891,1339,1485,110,94
1658,244,408,Shamela0021677,2351,955,1121,127,96
1658,244,408,Sham19Y0127713,1505,805,963,125,95
1658,232,446,Sham19Y0132524,1634,289,543,154,76
1658,675,1524,ShamAY0033531,2834,1,804,639,92
1658,1,181,ShamAY0033531,2837,575,755,143,100
1658,580,1049,ShamAY0033531,4016,1056,1517,370,95
1658,1049,1524,ShamAY0033531,4017,1,439,349,92
1658,1,181,ShamAY0033531,4020,239,419,143,100
1658,244,376,Sham19Y0018144,1620,1310,1441,98,95
1658,244,408,Sham19Y0019230,671,322,483,123,94
1658,711,1453,Sham19Y0014224,1201,17,1416,445,38
1658,239,408,Sham19Y0131336,1671,30,200,132,98
1658,239,408,Sham19Y0020638,754,947,1117,132,98
1658,239,439,Shamela0006222,587,208,389,109,62
1658,244,408,Sham19Y0146127,3762,1051,1213,123,90
1658,244,408,Shamela0021642,2447,649,814,127,97
1658,228,413,Shamela0021731,777,915,1129,122,71
1658,244,1049,Sham19Y0017063,793,615,1278,385,51
1658,244,408,Shamela0022644,2636,1101,1263,124,96
1658,239,396,ShamIbadiyya0000109,5269,1031,1190,122,97
1659,884,1393,Sham19Y0017350,960,8,625,277,47
1659,1276,1665,Sham19Y0017350,960,533,1006,216,48
1659,955,1538,Sham19Y0013769,1577,857,1618,423,64
1659,1538,1669,Sham19Y0013769,1578,1,132,107,100
1659,261,579,Shamela0008176,4331,614,909,226,83
1659,955,1623,Shamela0008176,4502,920,1269,254,45
1659,313,579,Shamela0021715,3915,462,754,185,71
1659,786,1201,Sham19Y0017437,1496,351,693,223,60
1659,1171,1378,Sham19Y0017437,1498,1138,1343,152,89
1659,183,770,Sham19Y0122406,2562,548,1397,279,36
1659,474,828,Sham19Y0122406,2563,327,633,189,57
1659,1276,1669,Sham19Y0122406,2564,700,1176,222,49
1659,1,183,ShamAY0033531,2834,804,986,147,100
1659,955,1623,ShamAY0033531,3310,450,772,232,42
1659,1,183,ShamAY0033531,4017,439,621,147,100
1659,955,1198,ShamAY0033531,4492,1355,1503,112,55
1659,971,1418,Sham19Y0014224,972,85,504,318,85
1659,1504,1669,Sham19Y0014224,975,57,230,97,69
1659,301,579,Shamela0011036,1663,222,479,139,59
1659,1171,1623,Sham19Y0122257,2105,961,1162,143,38
1659,947,1094,Sham19Y0122257,2105,149,299,109,84
1659,955,1669,Shamela0000791,459,21,582,432,72
1660,1,258,Sham19Y0013769,1578,132,550,192,54
1660,325,559,Sham19Y0013769,1578,1438,1667,188,96
1660,559,1606,Sham19Y0013769,1579,1,1050,821,94
1660,1060,1606,Sham19Y0017747,1893,268,697,293,64
1660,1,316,Tafsir07055,1181,471,934,150,32
1660,1150,1548,Sham19Y0017437,1501,994,1321,235,71
1660,1,338,Sham19Y0122406,2564,1176,1497,196,66
1660,1088,1559,Sham19Y0122406,2566,136,602,286,68
1660,1,302,Sham19Y0132524,1852,937,1210,170,62
1660,1210,1606,Sham19Y0014224,972,886,1421,213,44
1660,1,316,Sham19Y0014224,975,230,612,169,44
1660,1191,1472,Shamela0009242,3091,1113,1329,107,42
1660,119,415,Shamela0000791,459,604,857,186,73
1661,928,1123,Sham19Y0017350,961,447,643,148,92
1661,1,333,Sham19Y0013769,1579,1050,1377,259,92
1661,328,1213,Sham19Y0013769,1580,257,1560,676,62
1661,1213,1591,Sham19Y0013769,1581,1,400,272,82
1661,1,875,Sham19Y0017747,1893,697,1517,504,62
1661,875,1279,Sham19Y0017747,1894,1,477,264,62
1661,174,1591,Sham19Y0017437,1502,1,1209,826,66
1661,667,1310,Shamela0001673,10615,646,1107,212,37
1661,1022,1591,Sham19Y0122406,2567,465,1566,306,32
1661,408,544,Sham19Y0014224,972,730,864,101,91
1661,536,1591,Sham19Y0014224,973,334,1374,734,82
1661,1279,1524,Sham19Y0014580,2605,133,314,136,66
1661,1468,1591,Sham19Y0013783,3008,835,958,99,99
1662,570,1308,Sham19Y0017350,961,671,1334,403,63
1662,1,539,Sham19Y0013769,1581,400,961,424,92
1662,704,1057,Shamela0008176,4504,1265,1590,245,84
1662,1057,1308,Shamela0008176,4505,1,408,140,37
1662,796,1308,Sham19Y0131521,6031,384,891,395,93
1662,917,1089,Shamela0021715,10310,756,927,127,86
1662,902,1014,Sham19Y0017437,1495,1411,1522,88,99
1662,1014,1491,Sham19Y0017437,1496,1,402,245,53
1662,1,470,Sham19Y0017437,1502,1209,1613,234,53
1662,902,1557,Shamela0005756,9393,663,1333,245,32
1662,902,1174,Shamela0000140,724,479,720,178,81
1662,322,525,Sham19Y0122406,2568,75,291,148,83
1662,1,154,Sham19Y0014224,973,1374,1528,125,99
1662,154,570,Sham19Y0014224,974,1,379,296,88
1662,704,1314,Sham19Y0122257,2106,211,1357,389,39
1662,1005,1198,Sham19Y0013605,2703,1,162,119,76
1663,303,542,Sham19Y0017350,962,135,365,128,64
1663,422,951,Sham19Y0017350,962,1038,1629,359,68
1663,84,448,Sham19Y0013769,1576,803,1350,259,55
1663,674,1173,Sham19Y0013769,1577,76,792,182,26
1663,1036,1497,Sham19Y0131521,2381,248,858,242,42
1663,1020,1218,Shamela0022645,1099,20,179,99,63
1663,1020,1564,Shamela0005922,2608,883,1410,138,21
1663,666,1117,Shia001831Vols,373,31,452,119,24
1663,618,1117,ShamAY0033522,651,287,480,67,14
1663,517,1237,Shamela0023628,102,99,618,143,17
1663,656,1460,ShamAY0033531,3311,687,1253,347,47
1663,656,1460,ShamAY0033531,4494,76,642,347,47
1663,686,835,Sham19Y0018144,5343,841,990,118,96
1663,656,1249,Sham19Y0018103,2150,631,1095,131,20
1663,666,795,Sham19Y0020638,1737,43,172,107,100
1663,88,418,Shamela0021598,6371,446,840,109,29
1663,115,393,Sham19Y0122257,2106,1060,1281,137,57
1663,642,1063,Sham19Y0017063,839,1143,1485,225,59
1663,341,1257,Sham19Y0013605,2702,1019,1343,191,24
1664,1334,1625,Sham19Y0013769,1583,585,867,191,79
1664,173,502,Sham19Y0013769,1584,1099,1599,229,54
1664,502,737,Sham19Y0013769,1585,1,261,166,78
1664,1372,1625,Sham19Y0017747,1894,983,1219,178,85
1664,1167,1625,JK010001,1123,897,1363,366,97
1664,1148,1625,Tafsir07055,1193,741,1225,385,98
1664,173,613,Sham19Y0131521,2381,330,1159,325,46
1664,46,793,Sham19Y0020868,528,555,928,294,48
1664,144,356,Shamela0005922,2609,1,187,116,62
1664,17,356,Shia001831Vols,373,657,1027,242,77
1664,1148,1625,Sham19Y0014224,976,290,1085,248,33
1664,993,1143,Sham19Y0014224,977,208,380,112,80
1665,563,804,Sham19Y0013769,1583,47,264,173,87
1665,1146,1282,Sham19Y0148486,8161,678,811,108,96
1665,25,261,Tafsir07055,1193,464,789,186,69
1665,232,520,Sham19Y0131521,6032,737,1193,140,35
1665,1104,1585,Shamela0001727,941,1044,1429,138,27
1665,875,1348,Shia001831Vols,373,458,711,178,46
1665,1104,1585,Sham19Y0122406,2574,894,1279,138,27
1665,237,520,ShamAY0033531,3311,363,692,212,77
1665,237,442,ShamAY0033531,4493,1363,1606,150,74
1665,213,689,Sham19Y0014224,975,1445,1616,130,34
1665,1,217,Sham19Y0014224,976,1085,1304,167,91
1666,1301,1638,Sham19Y0013769,1616,34,551,250,56
1666,449,650,JK010001,1115,6,210,164,98
1666,391,672,Tafsir07055,1184,902,1211,217,86
1666,1473,1638,Shamela0006140,539,447,605,125,92
1666,1044,1337,Sham19Y0014309,848,1294,1592,227,90
1666,1337,1638,Sham19Y0014309,849,1,297,235,95
1666,1072,1638,Sham19Y0014224,996,837,1526,334,49
1666,1457,1638,Shamela0011370,23,294,478,112,63
1666,267,603,Sham19Y0020638,1737,481,856,245,79
1666,1247,1622,Masaha001946Vols,514,185,509,226,70
1666,317,598,Sham19Y0017616,600,1125,1309,149,63
1666,777,1627,Sham19Y0022884,249,314,1068,264,30
1667,254,609,Sham19Y0018259,480,612,948,268,93
1667,846,1084,Sham19Y0018259,481,111,359,188,95
1667,261,809,Sham19Y0017350,977,197,1012,340,51
1667,624,1051,Sham19Y0013769,1613,79,892,211,30
1667,225,1084,Shamela0008176,4520,336,1276,368,37
1667,310,924,Sham19Y0131521,5846,282,687,191,35
1667,1212,1530,ShamAY0034204BK1,206,212,514,133,35
1667,656,1045,Sham19Y0017437,1554,50,535,127,29
1667,714,1029,Shamela0001673,1380,126,502,97,26
1667,1203,1359,Sham19Y0014309,848,949,1099,122,94
1667,1,619,Sham19Y0014309,849,297,905,469,91
1667,310,521,JK000201,217,1113,1285,138,80
1667,583,797,Sham19Y0122406,2581,1311,1490,134,78
1667,254,684,JK009324,2893,782,1289,169,33
1667,310,786,Sham19Y0145212,2271,733,1000,115,29
1667,1095,1452,Sham19Y0132524,1857,407,867,132,27
1667,225,619,ShamAY0033531,3182,103,493,310,96
1667,714,924,ShamAY0033531,4361,1237,1554,65,22
1667,225,445,ShamAY0033531,4364,1331,1548,172,95
1667,445,619,ShamAY0033531,4365,1,174,138,98
1667,318,619,Sham19Y0018103,423,1255,1407,93,37
1667,1111,1572,Sham19Y0014224,994,62,737,214,34
1667,295,1095,Sham19Y0014224,995,255,1225,441,48
1667,656,1029,Shamela0009242,3267,71,547,128,27
1667,261,1084,Sham19Y0122257,2112,972,1518,357,53
1667,624,924,Sham19Y0017063,843,945,1202,187,78
1667,310,521,Sham19Y0150962,824,956,1103,117,68
1667,310,915,Sham19Y0013605,660,166,663,304,55
1668,1232,1535,Sham19Y0020944,1064,466,849,132,38
1668,1140,1397,Sham19Y0013667,6224,354,579,147,68
1668,1387,1535,Sham19Y0013667,6225,1101,1293,102,61
1668,1407,1535,Sham19Y0013667,6235,753,893,86,68
1668,1140,1397,Shamela0009523,15,1081,1368,156,58
1668,1140,1397,ShamAY0034284,46,1059,1319,182,81
1668,1407,1599,Shamela0000767,4327,840,1106,129,59
1668,1140,1522,Shamela0000767,4455,625,1197,274,57
1668,1140,1401,Shamela0003485,310,531,779,176,80
1668,1407,1535,JK009390,6214,697,831,87,75
1668,26,308,Shamela0008176,4519,622,865,180,77
1668,1150,1564,Sham19Y0017747,1843,508,778,171,50
1668,1140,1478,Sham19Y0127656,797,445,766,189,63
1668,1140,1411,JK000110,1792,92,342,176,79
1668,1160,1531,Shia000841Vols,8393,1245,1439,139,46
1668,1160,1535,Shia000841Vols,8931,601,794,137,45
1668,1407,1527,JK011497,12,840,949,77,78
1668,1407,1535,Shamela0025794,2258,903,1050,97,84
1668,1186,1397,Shamela0025794,2274,1,215,162,94
1668,1140,1397,Tafsir07055,1139,973,1084,64,31
1668,1345,1535,Sham19Y0131521,6043,729,1040,115,44
1668,1140,1397,Shamela0021715,10279,1188,1427,174,81
1668,1150,1352,Shamela0021715,10280,5,459,119,29
1668,1056,1599,Shamela0001727,945,164,1237,397,45
1668,1140,1387,Sham19Y0013572,683,1266,1473,163,82
1668,1121,1505,Sham19Y0127700,272,227,639,203,48
1668,1140,1397,Shamela0009810,1020,500,694,139,64
1668,1140,1554,Shamela0005756,7870,186,587,153,35
1668,1387,1535,Shamela0005756,12784,1195,1408,112,67
1668,1140,1328,Shamela0005756,14674,1378,1558,143,95
1668,1407,1548,Sham19Y0127677,4284,461,642,104,73
1668,1140,1397,Shamela0029772,3,1045,1298,164,72
1668,1407,1527,Shamela0009323,12,40,168,92,91
1668,1140,1397,Shia001731Vols,569,891,1085,139,64
1668,1345,1535,Shamela0117359,1050,797,1112,115,44
1668,1140,1283,Shamela0005922,2531,1326,1469,113,100
1668,1283,1535,Shamela0005922,2532,1,558,170,37
1668,1407,1535,JK000785,1379,31,178,97,84
1668,1407,1535,JK000785,2323,220,387,100,76
1668,1411,1535,JK000785,2362,1,139,96,88
1668,1135,1522,Sham19Y0013253,602,550,810,161,49
1668,635,969,Shia001831Vols,373,1368,1600,149,54
1668,1208,1527,JK000477,702,1,636,192,35
1668,1140,1387,Shamela0007435,468,1,232,160,76
1668,1140,1548,Shamela0007370,1412,761,1170,129,29
1668,1049,1505,Sham19Y0122406,2584,378,1149,335,52
1668,1407,1535,Sham19Y0122406,2585,515,668,98,81
1668,1140,1397,Sham19Y0122406,4444,1201,1480,201,90
1668,1407,1535,Shia002265Vols,4913,655,826,101,74
1668,1407,1527,JK011633,328,1286,1396,73,76
1668,1140,1397,Sham19Y0001734,2218,1177,1407,180,86
1668,1407,1535,Shamela0001438,6168,1140,1307,101,76
1668,1140,1478,Kraken230110004547,512,565,1056,227,52
1668,1140,1397,Sham19Y0018106,4003,649,888,174,81
1668,1140,1397,Sham19Y0018144,1699,1022,1281,180,79
1668,1407,1599,Sham19Y0018144,1700,790,1419,132,27
1668,1140,1535,Shamela0036446,610,14,425,268,73
1668,1407,1527,Shamela0009107,308,1344,1467,93,95
1668,1140,1397,Sham19Y0018103,3961,1027,1266,174,81
1668,1140,1338,Shamela0025800,2842,1253,1449,155,97
1668,1338,1554,Shamela0025800,2843,1,533,152,34
1668,1140,1387,Sham19Y0006684,3799,408,644,148,69
1668,1088,1599,Sham19Y0020638,762,107,892,342,53
1668,692,1056,Sham19Y0020638,1738,513,838,191,57
1668,1420,1548,JK007036,332,1,159,94,76
1668,1345,1535,Sham19Y0020591,1643,290,601,115,44
1668,1140,1397,Sham19Y0013252,10083,829,1068,174,81
1668,1411,1554,Shamela0009076,623,845,984,95,77
1668,1135,1535,Shamela0009242,3059,11,226,148,46
1668,1140,1508,JK007065,744,928,1368,233,60
1668,1407,1535,JK007065,745,104,243,89,76
1668,1140,1397,Sham19Y0011194,377,477,734,205,99
1668,1140,1397,Sham19Y0018176,2406,5,244,174,81
1668,1407,1535,Sham19Y0014601,5720,1112,1259,97,84
1668,458,815,Sham19Y0017063,843,438,758,224,71
1668,1305,1535,Shamela0010443,214,23,334,141,53
1668,1154,1539,Masaha001838,8,392,823,184,45
1668,1140,1505,Sham19Y0148271,95,989,1401,222,66
1668,1407,1535,Sham19Y0148271,96,55,206,98,82
1668,1140,1411,Sham19Y0013605,4717,52,302,177,79
1669,1,125,JK007083,203,298,421,95,95
1669,1,927,Sham19Y0017350,964,779,1488,269,29
1669,1255,1406,Sham19Y0013769,1586,1312,1500,103,62
1669,243,506,Sham19Y0013769,1586,799,1128,122,43
1669,724,1187,Sham19Y0013769,1587,1020,1599,260,45
1669,532,767,Sham19Y0013769,1588,195,382,109,52
1669,1,125,Shamela0000767,2477,284,408,96,95
1669,1,125,Shamela0000767,4456,79,203,95,94
1669,931,1529,Shamela0008176,4416,1038,1495,346,71
1669,757,948,Sham19Y0017747,1842,1316,1518,130,80
1669,316,485,Sham19Y0017747,1843,764,929,116,82
1669,1,125,JK006897,448,587,711,95,94
1669,1300,1566,Sham19Y0131521,6044,338,600,159,68
1669,1,125,Shamela0001727,945,1237,1360,95,95
1669,1,121,Sham19Y0017903,815,821,938,93,94
1669,1,187,Sham19Y0122406,2584,1225,1356,100,66
1669,1,121,Sham19Y0122406,2586,935,1054,95,97
1669,1,121,Shamela0001875,1267,700,820,95,96
1669,441,892,ShamAY0033531,3317,495,942,348,96
1669,506,892,ShamAY0033531,4500,1,383,296,95
1669,1,121,Sham19Y0017729,416,779,899,95,96
1669,1,512,Sham19Y0014224,977,951,1500,204,34
1669,724,1193,Sham19Y0014224,978,695,1353,276,43
1669,1,121,Sham19Y0020638,762,892,1011,95,97
1669,1,125,JK007036,334,278,401,95,95
1669,1,121,Sham19Y0017616,248,529,649,95,96
1669,4,506,Sham19Y0020590,251,1148,1380,126,29
1669,931,1529,Sham19Y0122257,2065,341,796,341,70
1669,441,815,Sham19Y0017063,815,1388,1571,140,45
1669,815,1509,Sham19Y0017063,816,1,340,240,41
1670,127,295,JK007083,207,472,650,124,86
1670,127,662,Sham19Y0017747,1903,502,1203,280,43
1670,127,295,JK006897,453,1102,1284,127,88
1670,132,295,JK006897,463,1281,1458,127,90
1670,132,295,JK000272,1393,1264,1425,112,81
1670,147,295,Sham19Y0014207,173,474,631,112,91
1670,127,295,Shamela0021809,1985,249,443,126,82
1670,127,295,Shamela0025794,3701,872,1067,126,81
1670,127,295,JK000787BK1,874,542,712,119,82
1670,132,295,Shamela0021590,1218,32,181,116,90
1670,1084,1198,Shamela0001727,946,999,1113,89,99
1670,127,295,Shamela0001727,946,36,226,127,84
1670,137,295,Sham19Y0017757,154,1212,1345,102,78
1670,1084,1479,ShamAY0033910,1001,146,631,136,27
1670,127,668,Shamela0005756,7526,212,632,235,46
1670,1084,1366,Sham19Y0127677,10017,395,849,217,60
1670,305,662,Shamela0001673,10589,406,844,186,47
1670,337,695,Shamela0005922,2732,909,1311,172,42
1670,1084,1479,JK000130,1002,295,780,136,27
1670,127,295,Sham19Y0017903,808,741,904,122,92
1670,1168,1350,Shia001831Vols,374,246,429,132,86
1670,127,295,Shamela0021619BK2,2663,819,989,119,82
1670,137,295,JK000653,27,1003,1161,118,92
1670,44,295,Sham19Y0122406,2587,883,1257,194,65
1670,1113,1465,Sham19Y0122406,2588,703,1043,197,69
1670,1084,1198,Sham19Y0122406,2590,53,167,89,99
1670,1355,1500,Sham19Y0122406,2590,1178,1337,107,83
1670,127,295,JK000221,638,738,899,117,85
1670,127,295,Shamela0001875,1273,294,476,127,88
1670,127,295,Sham19Y0018144,1701,552,727,126,90
1670,1084,1457,Sham19Y0018144,5375,634,1041,237,68
1670,952,1198,Shamela0036446,611,420,611,116,57
1670,127,295,Sham19Y0017729,414,780,964,128,88
1670,127,295,Shamela0010657,1181,1271,1432,117,85
1670,529,898,Sham19Y0014224,990,1,446,186,49
1670,1071,1198,Sham19Y0020638,763,378,507,93,92
1670,127,327,Sham19Y0020638,763,67,267,136,86
1670,1084,1479,JK000475,1414,1,544,127,23
1670,1084,1198,Sham19Y0017616,248,816,930,89,99
1670,1198,1355,Sham19Y0017616,599,1218,1375,124,100
1670,142,295,ShamAY0032443,4311,213,359,112,92
1670,147,295,Shamela0021731,1184,210,377,111,85
1670,137,295,Sham19Y0148271,1774,467,631,122,93
1671,792,1191,Shamela0012415,552,438,818,290,90
1671,792,1191,Sham19Y0013667,6213,908,1189,206,64
1671,792,1191,Shamela0000767,4175,886,1281,311,98
1671,792,1213,Sham19Y0148486,5052,1053,1455,304,89
1671,1236,1433,Shamela0006610,852,220,433,143,78
1671,792,1408,ShamAY0032749,9,943,1443,243,42
1671,1255,1433,Sham19Y0017747,1853,7,203,133,81
1671,762,1433,Shia002616Vols,2184,798,1392,384,70
1671,799,1337,Shia002616Vols,2439,453,882,328,76
1671,792,1013,Shamela0002863,1920,1253,1468,164,89
1671,1013,1191,Shamela0002863,1921,1,180,140,99
1671,792,1388,Shamela0025794,2491,54,688,352,62
1671,1130,1433,Shamela0021590,1178,713,1049,163,59
1671,1290,1433,Shamela0021590,1179,987,1130,107,94
1671,799,1155,Sham19Y0014592,95,1352,1659,238,83
1671,29,194,Shamela0001727,946,288,673,31,8
1671,745,1364,Shamela0001727,947,395,1132,392,63
1671,792,1191,Shamela0023700,2877,327,726,301,91
1671,862,1201,Shamela0023700,3050,1,358,262,91
1671,762,1103,Sham19Y0150676,2865,1221,1556,253,93
1671,795,1191,Sham19Y0013572,795,547,881,251,79
1671,792,1433,ShamAY0033910,1000,212,1214,374,43
1671,792,1059,Shamela0010639,327,828,1063,184,85
1671,792,1191,Sham19Y0127677,8778,1061,1477,312,94
1671,745,1408,Sham19Y0127677,14609,613,1240,329,54
1671,792,1191,Shamela0001673,10580,821,1101,220,69
1671,792,1191,ShamAY0033973,297,758,1140,249,74
1671,792,1191,Shamela0005922,2527,1139,1492,266,83
1671,792,1433,JK000130,1001,356,1359,376,43
1671,792,1290,Sham19Y0017903,808,969,1425,344,84
1671,740,1191,Shamela0021713,1295,800,1213,254,66
1671,792,1191,ShamAY0034282,2881,170,568,290,87
1671,89,1396,Sham19Y0122406,2591,87,1157,580,46
1671,1236,1433,Shamela0037837,985,53,266,143,78
1671,792,1191,Sham19Y0001734,2398,1174,1445,188,58
1671,802,1414,Shamela0021735,1247,314,849,271,47
1671,983,1221,Sham19Y0132524,1871,469,696,174,92
1671,792,1191,Shamela0001875,1270,298,698,316,99
1671,872,1054,Kraken230110004547,513,493,700,104,59
1671,792,973,Sham19Y0018144,1703,1279,1467,139,90
1671,973,1427,Sham19Y0018144,1704,1,466,231,53
1671,261,580,Sham19Y0018144,5375,1026,1207,103,42
1671,799,1373,Shamela0036446,611,1035,1422,219,41
1671,799,1195,Shamela0025800,2847,101,459,281,89
1671,792,1191,Sham19Y0017729,414,1036,1428,311,98
1671,792,1201,Sham19Y0131336,1405,333,727,300,90
1671,792,1149,Sham19Y0131336,1416,1276,1494,108,33
1671,755,1185,Sham19Y0020638,763,1049,1475,324,94
1671,920,1115,ShamAY0007299,2444,759,933,119,72
1671,792,1433,JK000475,1413,35,1049,370,42
1671,792,1388,Shia001976Vols,691,283,869,288,48
1671,792,1125,Shia001976Vols,717,1255,1470,162,60
1671,792,1433,Sham19Y0146127,2729,112,653,350,62
1671,792,988,Shamela0000347,1105,143,612,143,37
1671,1120,1427,Shamela0009242,3069,1283,1549,166,62
1671,755,1191,Sham19Y0017616,248,936,1385,326,91
1671,1236,1433,Shamela0000041,184,814,1036,144,79
1671,802,1062,Sham19Y0023625,2419,7,237,174,82
1671,792,1337,JK007065,822,156,635,300,68
1671,795,964,Sham19Y0014601,7045,837,954,70,50
1671,799,1267,Sham19Y0017063,816,785,1273,342,83
1671,762,1068,Masaha001838,13,1139,1462,180,60
1671,792,1191,Sham19Y0014325,5453,702,1092,300,93
1671,792,1071,Sham19Y0017442,399,1307,1590,223,98
1672,1,214,JK007083,204,191,414,158,88
1672,1,196,Shamela0007891,1656,401,603,155,96
1672,1,214,Shamela0010447,27,225,431,156,89
1672,1,192,Shamela0012415,558,795,997,152,94
1672,1,192,Sham19Y0013667,6211,1056,1247,132,84
1672,1,192,Sham19Y0016584,3143,1102,1300,152,96
1672,1,214,Shamela0006610,852,433,625,145,85
1672,1,214,Sham19Y0017747,1853,203,422,152,85
1672,1,219,JK006897,449,844,1071,156,86
1672,1,192,Shamela0012293,459,431,629,152,96
1672,1,192,Sham19Y0127656,551,451,649,152,96
1672,1,192,JK000110,1169,468,666,152,96
1672,1,219,Shamela0021590,1178,1049,1257,143,78
1672,1,219,Shamela0021590,1179,1130,1355,144,73
1672,1,192,Shamela0021715,6790,265,463,152,96
1672,1,145,Sham19Y0017757,150,1346,1497,116,95
1672,1,192,Sham19Y0013572,795,343,541,152,96
1672,1212,1539,Shamela0005756,8543,142,493,143,46
1672,1,192,Shamela0005756,11232,854,1052,152,96
1672,987,1202,Shamela0000894,2669,1312,1520,165,96
1672,6,192,Shamela0011816,480,1,195,148,95
1672,1,192,Shamela0005922,2527,938,1115,126,83
1672,1,150,Shamela0009808,4,1306,1462,120,95
1672,1,192,Shamela0022547,2243,924,1136,152,90
1672,638,1144,Shia001831Vols,374,443,962,220,41
1672,1,192,Shamela0004289,1010,402,600,152,96
1672,1,192,Shamela0037837,985,266,501,152,81
1672,1,214,Shamela0001875,1270,65,276,160,91
1672,1,192,Shia002003Vols,1325,870,1068,151,95
1672,1,192,Sham19Y0018106,2903,1015,1213,152,96
1672,802,1202,Sham19Y0018144,5376,174,673,223,54
1672,1,206,Shamela0036446,611,835,1035,149,87
1672,1,192,Sham19Y0018103,2806,382,580,152,96
1672,1,121,Shamela0025800,2846,1385,1511,92,86
1672,930,1466,Sham19Y0013252,4904,203,697,254,54
1672,1,214,Shamela0030526,2,533,747,157,90
1672,1,192,Shamela0030526,6,751,946,150,94
1672,1,192,JK007025,80,1029,1216,143,90
1672,1,214,Shamela0009242,3070,7,218,160,91
1672,981,1202,Sham19Y0017616,600,1,225,174,97
1672,1,192,Shamela0000041,184,1036,1234,152,96
1672,200,607,Sham19Y0023625,2419,346,713,184,46
1672,1014,1247,Sham19Y0023625,2420,1,235,161,85
1672,1,214,Sham19Y0020891,5102,217,438,166,92
1672,1,192,Sham19Y0018176,1649,717,915,152,96
1672,6,571,Sham19Y0017063,816,915,1541,315,56
1672,582,1301,Sham19Y0017063,817,25,618,461,78
1672,1,192,Sham19Y0022884,239,316,507,152,100
1672,1,153,Sham19Y0013605,3393,934,1093,122,95
1673,1248,1553,Shamela0008176,4402,181,707,213,46
1673,909,1052,Shamela0008176,4403,788,924,103,90
1673,774,1589,Sham19Y0017747,1830,339,1008,390,51
1673,909,1062,Shamela0097928,473,1351,1504,118,94
1673,1442,1589,Shamela0011244,32,1309,1452,111,93
1673,1418,1589,Shamela0037325,2009,1069,1240,137,100
1673,287,452,Shamela0000140,88,960,1131,97,67
1673,755,1477,ShamAY0033531,3168,1013,1561,292,46
1673,1461,1589,ShamAY0033531,3169,45,206,101,78
1673,755,1589,ShamAY0033531,4351,692,1472,383,47
1673,730,1058,Sham19Y0017729,631,1243,1426,133,51
1673,305,452,Sham19Y0013223,2691,239,388,88,66
1673,909,1062,Sham19Y0017616,599,306,453,116,96
1673,1241,1589,Sham19Y0122257,2057,945,1248,240,83
1673,297,452,Sham19Y0017063,518,437,604,93,64
1673,760,1533,Sham19Y0017063,810,912,1535,327,42
1674,1236,1438,Shamela0007798,4610,765,1285,112,24
1674,1,214,Sham19Y0017350,958,70,278,157,91
1674,1250,1438,Shia002550Vols,383,1227,1427,151,92
1674,1,206,Shamela0008176,4402,805,996,122,70
1674,220,928,Shamela0001727,948,455,1290,214,22
1674,1204,1438,Shamela0001727,949,150,538,186,58
1674,250,625,Sham19Y0127677,13575,899,1426,226,51
1674,1245,1438,Shamela0038011,285,878,1068,150,96
1674,250,415,Sham19Y0013253,604,223,417,119,73
1674,1245,1438,ShamAY0034050,455,645,833,147,94
1674,1259,1438,Shia002463Vols,160,1,179,144,98
1674,255,608,ShamAY0034815,268,1092,1467,274,93
1674,608,789,ShamAY0034815,269,1,182,142,100
1674,225,351,Sham19Y0122406,2594,678,965,95,43
1674,1,214,ShamAY0033531,3169,206,411,159,92
1674,774,1096,ShamAY0035990,692,841,1077,102,40
1674,1245,1389,Shamela0003328,174,1403,1546,113,97
1674,1250,1438,Sham19Y0020638,765,632,828,152,95
1674,1245,1495,Masaha001864Vols,4201,718,966,200,98
1674,1269,1438,Masaha001946Vols,856,5,171,134,97
1674,1250,1438,Sham19Y0146127,1623,1101,1475,151,49
1674,1204,1438,Sham19Y0017616,246,147,408,175,77
1674,1250,1438,ShamAY0032443,4061,115,310,151,94
1674,1,214,Sham19Y0122257,2057,1248,1453,135,75
1674,928,1269,Sham19Y0017063,811,554,803,198,72
1674,1250,1438,JK000024,1,410,601,151,96
1674,860,1204,Shamela0010517,2701,1015,1359,278,100
1675,931,1539,Sham19Y0133357,700,1009,1500,291,57
1675,931,1539,Sham19Y0013253,604,788,1356,314,56
1675,940,1618,Sham19Y0122406,2596,504,1264,345,46
1675,1096,1374,Sham19Y0013631,684,1,190,145,65
1675,1,562,Masaha001864Vols,4201,966,1533,458,98
1675,562,1618,Masaha001864Vols,4202,1,1068,848,97
1675,127,487,Sham19Y0013252,12798,344,675,272,91
1675,68,603,Masaha001946Vols,857,147,741,134,19
1675,931,1618,Sham19Y0017063,599,409,1079,513,89
1675,553,831,Sham19Y0017063,600,6,256,195,85
1676,632,1212,Shamela0004445,2352,955,1202,138,28
1676,203,343,Shamela0004445,2352,748,890,109,97
1676,210,861,Shamela0007891,1130,963,1444,204,32
1676,210,1212,Sham19Y0016584,3096,440,992,255,28
1676,210,1212,Sham19Y0016584,3778,422,968,253,27
1676,210,861,Sham19Y0016584,4826,395,875,203,32
1676,203,714,Sham19Y0148486,3085,1091,1512,175,33
1676,203,1212,Shia003101Vols,23,905,1350,247,29
1676,210,1212,JK009390,724,658,1092,232,28
1676,632,1220,JK001284,63,1127,1358,147,31
1676,210,343,JK001284,67,420,648,94,52
1676,632,1212,Sham19Y0023608,1672,802,1056,142,29
1676,203,343,Sham19Y0023608,1672,592,737,108,94
1676,210,1212,Sham19Y0127656,570,772,1320,256,28
1676,203,861,Sham19Y0013614,352,75,440,188,34
1676,210,1212,JK000110,1140,863,1415,256,28
1676,210,1212,JK000110,1489,222,772,256,28
1676,632,1212,JK000110,1945,115,368,153,31
1676,203,1212,Shamela0025794,3800,795,1324,256,29
1676,243,714,Shamela0021715,350,98,390,105,21
1676,210,861,Shamela0021715,6662,981,1464,203,32
1676,210,1212,Shamela0021715,8606,601,1151,256,28
1676,210,1212,Sham19Y0016684,1811,958,1504,253,27
1676,203,1352,Shamela0001727,949,538,1378,296,24
1676,203,343,JK006838,1268,1341,1487,108,94
1676,206,1212,JK006838,1269,62,413,213,26
1676,206,691,JK000786,4111,775,1175,148,28
1676,203,326,Sham19Y0039268,105,1350,1471,94,98
1676,632,1212,Sham19Y0039268,106,181,434,153,31
1676,210,1212,Shamela0005756,11121,219,774,254,28
1676,210,1212,Shamela0005756,13147,872,1428,253,28
1676,210,861,Shamela0005756,15367,817,1304,201,32
1676,206,691,Sham19Y0127677,5298,658,1037,149,29
1676,203,305,Sham19Y0127677,6222,422,528,80,96
1676,203,861,Sham19Y0127677,20019,988,1490,211,33
1676,206,691,Sham19Y0127677,20020,138,537,148,28
1676,210,1212,Sham19Y0014309,101,62,601,256,28
1676,206,861,Shamela0022579,449,796,1411,245,36
1676,203,861,Sham19Y0017903,793,268,766,207,32
1676,210,1212,ShamAY0034068,1023,64,600,253,28
1676,652,1212,Sham19Y0122406,2599,1102,1316,138,30
1676,632,1334,Sham19Y0122406,2600,230,1136,275,32
1676,206,691,Shia002265Vols,1475,20,398,149,29
1676,632,1258,Shamela0008473,2248,767,1065,151,28
1676,203,343,Shamela0008473,2248,560,702,109,97
1676,203,343,Sham19Y0001734,2212,1341,1484,106,94
1676,203,861,Sham19Y0001734,2213,867,1370,201,31
1676,206,343,Sham19Y0132524,1879,1,142,108,97
1676,206,714,Sham19Y0037618,2559,796,969,108,26
1676,632,1212,Shamela0001438,1197,520,750,153,32
1676,206,691,Shamela0001438,7339,958,1337,149,29
1676,210,1212,Sham19Y0018106,2861,351,903,255,28
1676,210,1212,Sham19Y0018106,3471,84,634,256,28
1676,210,1212,Sham19Y0018106,4249,519,1068,255,28
1676,203,343,Sham19Y0018144,1709,446,589,108,95
1676,632,1212,Sham19Y0018144,1709,663,927,153,31
1676,210,1212,Sham19Y0018103,2760,902,1454,255,28
1676,210,1212,Sham19Y0018103,3376,907,1453,253,27
1676,210,861,Sham19Y0018103,4248,184,664,203,32
1676,203,861,Sham19Y0017791,878,117,482,190,35
1676,226,1212,Shamela0096283,334,1,517,243,27
1676,203,691,Sham19Y0017729,410,612,1016,154,30
1676,206,343,Shia003732Vols,3655,364,501,107,99
1676,203,343,ShamAY0034005,1422,1179,1323,110,97
1676,617,1212,ShamAY0034005,1423,1,262,158,32
1676,203,1212,Sham19Y0020638,765,828,1416,264,28
1676,203,1212,Masaha001864Vols,4201,61,633,269,30
1676,1,573,Masaha001864Vols,4202,1068,1570,404,87
1676,573,857,Masaha001864Vols,4203,1,286,227,97
1676,1040,1320,Masaha001864Vols,4203,1240,1525,220,97
1676,203,1212,Shamela0026510,34,497,980,225,24
1676,210,1212,Sham19Y0013252,6751,846,1398,255,28
1676,210,1212,Sham19Y0013252,8420,129,675,253,27
1676,210,861,Sham19Y0013252,10780,184,664,203,32
1676,632,1212,Masaha001946Vols,857,1085,1345,150,30
1676,343,1315,Masaha001946Vols,858,215,854,342,37
1676,206,1212,ShamAY0035884,571,796,1271,259,31
1676,206,1212,Sham19Y0146127,1624,1,556,251,27
1676,203,861,Sham19Y0016976,873,1127,1492,190,35
1676,203,1212,Sham19Y0017616,246,408,983,264,28
1676,632,1212,Shamela0000041,1122,243,495,153,31
1676,210,1212,Sham19Y0018176,1615,715,1267,255,28
1676,210,1212,Sham19Y0018176,2047,505,1055,256,28
1676,206,714,JK006801,396,716,889,108,26
1676,1,128,Sham19Y0017063,599,1079,1209,103,97
1676,203,1220,Sham19Y0148271,2014,259,747,261,31
1676,203,848,JK000024,81,963,1489,195,29
1676,509,1212,Sham19Y0013605,3346,218,616,175,29
1676,632,1212,Sham19Y0013605,4020,357,606,149,30
1676,203,1212,Shamela0009642,43,409,987,283,32
1677,28,495,Shia003923Vols,239,868,1162,154,36
1677,92,385,Shia001831Vols,375,114,301,137,55
1677,28,1358,Sham19Y0122406,2601,519,1458,558,47
1677,23,735,Sham19Y0132524,1881,998,1481,206,33
1677,1120,1326,Sham19Y0132524,1882,385,631,145,70
1677,28,390,Kraken230110004547,6,1063,1236,125,42
1677,28,621,Sham19Y0018144,5380,1114,1502,118,20
1677,28,621,Shamela0025800,119,805,1016,116,24
1677,1109,1326,Sham19Y0146127,3366,69,424,127,42
1677,28,621,JK007065,205,158,328,101,21
1677,28,739,Shamela0021474,29,538,817,124,21
1678,1,162,Sham19Y0148486,5037,273,434,124,93
1678,678,1056,Sham19Y0148486,5037,440,961,253,58
1678,712,1007,ShamAY0038390,146,1113,1460,176,60
1678,1,162,ShamAY0038390,146,770,1101,118,45
1678,1,162,Shamela0006610,857,793,958,124,93
1678,678,1068,Shamela0006610,857,964,1432,252,65
1678,11,162,JK010001,1110,71,226,119,95
1678,678,1060,Shamela0021809,2739,397,790,209,57
1678,1,158,Shamela0021809,2739,221,379,119,94
1678,1,162,Tafsir07055,1179,438,603,127,95
1678,1,151,Sham19Y0131521,6005,812,962,120,100
1678,1212,1431,Sham19Y0131521,6008,1,224,166,89
1678,1,162,Shamela0001727,951,74,239,127,95
1678,678,1184,Shamela0001727,951,245,1020,328,52
1678,678,1131,ShamAY0033910,994,385,1085,198,30
1678,705,852,Kraken230106005528,985,1194,1445,75,36
1678,11,158,Kraken230106005528,985,978,1124,113,95
1678,678,1131,JK000130,995,532,1232,198,30
1678,678,1184,Sham19Y0017903,796,302,914,325,64
1678,833,1201,Sham19Y0013253,606,1,197,147,50
1678,1184,1517,Shia001831Vols,375,465,781,236,85
1678,678,1060,Shamela0021713,1287,243,458,126,42
1678,1,162,Sham19Y0122406,2603,128,293,127,95
1678,712,1201,Sham19Y0122406,2604,1,975,305,38
1678,712,847,Sham19Y0132524,1884,26,580,91,21
1678,767,908,Sham19Y0132524,1885,56,337,106,47
1678,1,162,Shamela0001875,1276,1073,1235,127,97
1678,801,1184,Shamela0001875,1277,1,509,276,68
1678,1131,1521,ShamAY0033531,3294,9,378,275,85
1678,1138,1521,ShamAY0033531,4476,938,1358,277,81
1678,11,162,Kraken230110004547,511,898,1057,119,93
1678,705,880,Kraken230110004547,511,1057,1399,85,29
1678,678,1184,Shamela0036446,608,566,1227,275,47
1678,1,158,Shamela0036446,608,401,558,125,99
1678,788,1169,JK008250Vols,14,128,669,191,38
1678,1,158,Shamela0025800,2835,588,745,126,100
1678,678,1131,Shamela0025800,2835,763,1295,261,56
1678,1,128,Sham19Y0017729,411,1334,1458,99,97
1678,678,1184,Sham19Y0017729,412,45,671,322,62
1678,678,1184,JK000917,99,729,1332,259,48
1678,1,158,JK000917,99,530,688,123,97
1678,1,158,ShamAY0034005,671,661,842,95,57
1678,1,162,Sham19Y0020638,768,230,395,127,95
1678,678,1184,Sham19Y0020638,768,401,1095,328,57
1678,788,1033,JK000475,1407,64,372,138,48
1678,1,162,Shamela0008634,510,135,300,124,93
1678,1,162,Sham19Y0146127,2719,614,775,124,93
1678,678,1060,Sham19Y0146127,2719,781,1287,253,60
1678,18,162,Shamela0009242,3080,815,963,110,93
1678,678,1131,Shamela0009242,3080,969,1482,280,63
1678,678,1187,Sham19Y0017616,249,337,1020,313,54
1678,1,162,Sham19Y0017616,249,166,331,127,95
1678,678,1131,JK007065,1268,585,1121,297,68
1678,1,162,JK007065,1268,413,579,127,95
1678,712,1231,Sham19Y0017798,1678,965,1433,236,50
1678,1,158,Masaha001838,6,492,649,124,98
1678,678,1184,Masaha001838,6,664,1294,335,65
1678,678,1116,Sham19Y0148271,2035,932,1442,277,67
1678,1,162,Sham19Y0148271,2035,761,926,122,92
1678,914,1521,Shamela0000791,462,147,773,316,49
1679,187,900,Sham19Y0131521,6008,382,1095,507,87
1679,437,802,Sham19Y0014218,197,1022,1390,285,97
1679,1340,1550,ShamAY0033531,3292,1017,1233,160,92
1679,1340,1550,ShamAY0033531,4475,420,636,160,92
1680,380,489,Sham19Y0123510,726,438,550,85,94
1680,126,296,JK007054,62,1275,1434,113,80
1680,885,1364,Sham19Y0017350,969,1,465,201,40
1680,1026,1183,Sham19Y0017350,1513,1180,1338,126,99
1680,1177,1485,Sham19Y0013769,1594,642,955,217,79
1680,380,489,Sham19Y0148486,5132,328,433,79,91
1680,380,485,Shamela0005733,47,715,820,84,100
1680,391,1471,Sham19Y0017747,1848,384,1549,502,42
1680,380,485,Shamela0005803,79,373,478,84,100
1680,1396,1547,Sham19Y0131521,6093,1348,1504,113,88
1680,777,1062,Sham19Y0131521,6095,429,646,174,76
1680,952,1485,Shamela0021715,8843,169,598,211,44
1680,1004,1485,Shamela0021715,10328,349,729,174,41
1680,307,485,Shamela0001727,951,1152,1395,131,66
1680,152,771,Sham19Y0122406,2606,565,1445,283,31
1680,1062,1461,Sham19Y0127713,1203,1077,1432,167,48
1680,1,159,ShamAY0033531,3292,1233,1407,122,86
1680,1,159,ShamAY0033531,4475,636,810,122,86
1680,380,489,Sham19Y0019230,492,863,968,79,91
1680,380,485,Shamela0025800,982,614,719,84,100
1680,141,311,Shamela0007360,921,1137,1288,110,81
1680,436,1479,Sham19Y0014224,982,1051,1482,318,38
1680,296,481,Sham19Y0017885,2125,746,903,106,71
1680,380,489,Sham19Y0146127,2774,632,737,79,91
1680,1142,1461,Shamela0000551,2649,945,1182,140,55
1680,918,1547,Sham19Y0014601,5750,345,846,342,63
1680,380,990,Shamela0010517,2278,1263,1517,136,27
1680,380,990,Shamela0010517,2505,222,475,135,27
1681,1243,1450,JK007064,847,1172,1379,165,100
1681,1243,1450,Shamela0007891,1676,1246,1450,163,98
1681,1257,1466,Sham19Y0123510,726,98,304,155,91
1681,1243,1450,Shamela0012415,576,618,827,161,96
1681,1206,1454,Shamela0021495,419,997,1243,159,74
1681,301,517,Sham19Y0017350,970,813,1030,138,74
1681,1243,1454,Sham19Y0013667,6358,44,233,133,78
1681,1247,1454,ShamIbadiyya0000438,877,1009,1210,157,93
1681,286,977,Sham19Y0013769,1596,331,1134,427,62
1681,989,1212,Sham19Y0013769,1597,120,391,129,55
1681,1243,1450,Sham19Y0016584,4395,442,625,105,65
1681,1247,1450,Sham19Y0016584,4486,913,1110,154,93
1681,1243,1454,Shamela0000767,4105,1031,1228,156,92
1681,1243,1450,Shamela0000767,4165,547,754,165,100
1681,1243,1454,Shamela0000767,4267,990,1202,166,98
1681,1243,1422,Shamela0000767,4401,1276,1448,136,96
1681,1243,1450,Shamela0000767,4417,1223,1423,159,96
1681,1243,1450,Sham19Y0148486,5122,171,379,162,97
1681,1243,1450,Sham19Y0148486,5133,977,1175,158,95
1681,1243,1450,Shamela0003485,385,1097,1270,132,79
1681,1243,1450,Shamela0006610,868,1087,1294,159,93
1681,1206,1450,Shamela0008176,4444,1127,1354,177,91
1681,280,1510,Shamela0008176,4446,600,1196,370,36
1681,1,191,Shamela0008176,4475,841,1012,133,88
1681,1,240,Sham19Y0017747,1849,90,356,115,47
1681,1221,1450,Shamela0026324,4793,680,909,170,90
1681,1206,1450,Shamela0026731,175,1137,1360,173,89
1681,1247,1450,Shamela0001719,1249,53,250,154,93
1681,1243,1473,Sham19Y0127656,785,832,1061,167,90
1681,1247,1454,Sham19Y0127656,802,1020,1257,155,78
1681,1243,1450,JK010001,1075,656,825,134,81
1681,1247,1450,JK000110,1800,348,545,154,93
1681,1257,1454,Shamela0002863,1957,788,988,155,95
1681,1257,1450,Shamela0002863,1964,979,1169,144,91
1681,1243,1450,Sham19Y0014591,4130,546,751,162,98
1681,1243,1450,Shamela0025794,1942,411,626,165,96
1681,1206,1450,Tafsir07055,1142,1106,1336,179,92
1681,1243,1454,Shamela0021715,10094,700,915,168,98
1681,1247,1454,Shamela0021715,10330,698,903,157,91
1681,280,939,Shamela0021715,10331,307,552,144,25
1681,1247,1454,Sham19Y0016684,1985,634,835,155,92
1681,1243,1450,Shamela0001727,952,33,240,165,100
1681,1247,1450,Sham19Y0127657,86,1228,1398,135,83
1681,1243,1450,JK000786,2896,413,619,158,92
1681,1243,1454,Sham19Y0013572,910,190,411,167,95
1681,1243,1450,Sham19Y0127700,242,562,764,155,93
1681,1243,1454,Sham19Y0127700,276,92,294,153,86
1681,1243,1450,Shamela0005756,14498,1186,1392,164,99
1681,1247,1454,Shamela0005756,14724,1098,1261,127,77
1681,1257,1450,Shamela0005922,2589,420,775,93,27
1681,1243,1450,Sham19Y0147658,463,1020,1226,158,92
1681,92,596,Sham19Y0014309,1145,735,906,92,23
1681,1243,1450,JK000130,1014,11,218,165,100
1681,1243,1450,ShamAY0034249,6705,908,1114,164,99
1681,1247,1454,ShamAY0034282,3305,577,767,148,88
1681,1243,1450,Shamela0010906,4885,829,1036,165,100
1681,1243,1450,Shamela0010906,5863,1198,1398,159,96
1681,1243,1450,Sham19Y0013785,821,183,390,164,99
1681,1206,1450,Shamela0006227,720,492,708,162,82
1681,1257,1454,JK009324,2846,779,974,154,98
1681,1243,1450,Sham19Y0016934,7280,100,306,164,99
1681,1243,1433,Shamela0021677,3074,1343,1533,150,98
1681,1257,1450,Sham19Y0132524,1895,230,429,150,93
1681,1243,1450,Shamela0001875,1125,796,1001,159,97
1681,1247,1454,Shamela0001875,1295,1132,1341,157,89
1681,1243,1450,Shamela0021693,1863,582,789,164,99
1681,1243,1454,Shia002003Vols,1358,944,1148,155,91
1681,1243,1450,Sham19Y0018106,3950,291,496,162,98
1681,1247,1450,Sham19Y0018106,4016,788,985,154,93
1681,1243,1454,Sham19Y0018144,1714,484,696,168,99
1681,1257,1450,Shamela0036446,620,394,558,131,84
1681,1243,1450,Sham19Y0018103,3904,615,822,165,100
1681,1243,1450,Sham19Y0014153,484,805,1011,163,99
1681,1233,1450,Shamela0025800,982,731,947,168,97
1681,1206,1450,Shamela0025800,2703,1191,1416,169,87
1681,1187,1450,Shia004526,105,26,267,163,75
1681,1247,1454,Shamela0012843,104,938,1143,160,95
1681,1243,1450,Shamela0026865,85,351,559,159,96
1681,1,191,Sham19Y0014224,983,366,544,126,83
1681,191,681,Sham19Y0014224,984,958,1514,326,70
1681,681,1407,Sham19Y0014224,985,9,681,392,63
1681,1243,1454,ShamAY0034005,672,928,1138,165,98
1681,1303,1450,ShamAY0035950,281,971,1115,116,97
1681,1243,1450,Sham19Y0131336,1455,877,1085,162,97
1681,1243,1454,Sham19Y0020638,769,27,243,168,97
1681,1187,1450,ShamAY0034122,43,177,424,165,75
1681,1243,1450,JK000475,1426,58,265,165,100
1681,1257,1454,Shia000820Vols,2873,997,1195,155,96
1681,1247,1450,Sham19Y0013252,10154,693,890,154,93
1681,1266,1450,Sham19Y0013252,10155,243,424,136,90
1681,1243,1450,Shamela0010835,30,857,1068,162,95
1681,1243,1450,Sham19Y0146127,2768,618,781,126,76
1681,1276,1450,Sham19Y0146127,2775,1,146,116,83
1681,1243,1450,Shamela0009242,3137,1259,1466,165,100
1681,1257,1450,Sham19Y0013241,1516,1134,1328,152,96
1681,1243,1450,Shamela0007264,332,526,733,165,100
1681,1243,1450,JK007065,881,1206,1347,114,68
1681,1243,1450,Shamela0021642,3202,1051,1257,163,99
1681,1257,1450,Sham19Y0017798,1677,1372,1544,128,83
1681,1276,1450,Sham19Y0017798,2107,1,175,139,100
1681,1243,1454,Sham19Y0018176,2369,1115,1324,162,97
1681,1247,1450,Sham19Y0018176,2415,44,241,154,93
1681,1243,1450,Shamela0012220,1536,681,896,165,96
1681,1243,1450,Sham19Y0122257,2081,99,303,163,98
1681,280,1510,Sham19Y0122257,2082,201,830,408,40
1681,1,191,Sham19Y0122257,2092,1119,1290,133,88
1681,532,1182,Sham19Y0017063,824,112,534,292,55
1681,1252,1450,ShamIbadiyya0000109,6677,1,194,149,92
1681,1243,1450,Shamela0008360,527,206,409,162,98
1681,1201,1454,Sham19Y0022884,244,435,661,171,84
1681,1247,1450,Sham19Y0013605,4738,136,333,154,93
1681,1290,1450,Shamela0030592Vols,106,1,160,125,97
1681,1206,1454,Shamela0010517,2502,369,609,178,90
1682,559,728,Sham19Y0020944,1077,686,859,132,97
1682,550,728,JK007083,203,661,839,139,100
1682,852,1041,Sham19Y0123510,1165,877,1060,151,96
1682,550,728,JK007054,297,320,487,121,88
1682,555,719,Shamela0012415,577,431,595,122,90
1682,237,728,Sham19Y0017350,971,670,1056,220,48
1682,559,724,Sham19Y0013667,6269,363,512,111,86
1682,550,728,Sham19Y0013667,6270,874,1045,129,92
1682,237,728,Sham19Y0013769,1598,206,592,220,48
1682,1123,1251,Sham19Y0013769,1600,1189,1314,100,96
1682,555,719,Sham19Y0148486,5120,719,883,128,100
1682,1,527,Shamela0008176,4446,1196,1516,222,52
1682,550,728,Sham19Y0017747,1847,1158,1336,138,99
1682,1011,1566,Sham19Y0017747,1852,1,531,382,77
1682,562,728,JK006897,448,937,1103,130,100
1682,237,719,JK000272,1335,860,1120,175,45
1682,237,728,Shamela0001719,1249,500,872,217,48
1682,559,724,Shia001237Vols,4626,310,473,117,89
1682,298,545,Tafsir07055,1144,576,828,151,70
1682,559,728,Sham19Y0131521,6091,1285,1458,132,97
1682,1340,1566,Sham19Y0131521,6093,663,934,178,81
1682,1,317,Sham19Y0131521,6100,793,1080,114,33
1682,550,728,Shamela0021590,1175,1224,1402,138,99
1682,1256,1566,Shamela0021590,1178,410,759,199,67
1682,277,728,JK007128,743,1,272,184,48
1682,550,728,Shamela0001727,952,624,802,139,100
1682,550,728,Sham19Y0017757,150,702,880,138,99
1682,559,728,Sham19Y0127657,87,1261,1424,127,96
1682,107,728,Sham19Y0013572,910,281,826,273,47
1682,237,728,Sham19Y0017437,1528,173,554,212,46
1682,559,785,ShamAY0033910,1013,510,745,144,79
1682,237,728,Shamela0022645,1114,107,493,220,48
1682,562,728,Shamela0117359,1061,855,1025,130,97
1682,562,728,Sham19Y0013231,8659,1153,1319,130,100
1682,559,785,JK000130,1014,610,844,145,79
1682,237,728,Shamela0001665,483,142,524,220,48
1682,585,1011,JK000201,2101,1227,1500,108,29
1682,1,232,JK000201,2824,958,1197,176,88
1682,237,728,Shamela0021619BK2,2513,607,979,188,40
1682,550,728,Shamela0004289,224,405,583,139,100
1682,550,719,Shia001989,187,86,254,132,99
1682,559,728,Shia000033Vols,2266,594,775,119,82
1682,550,728,Sham19Y0001734,2228,103,279,123,86
1682,550,728,Sham19Y0132524,1892,442,621,139,99
1682,550,728,Sham19Y0038171,124,202,380,139,100
1682,550,728,Shamela0001875,1296,86,263,137,98
1682,559,724,Shia002003Vols,1338,1069,1234,128,99
1682,550,728,Sham19Y0037618,3916,433,610,138,99
1682,1,232,ShamAY0033531,3343,1311,1541,167,84
1682,1,232,ShamAY0033531,4526,695,925,167,84
1682,237,728,Kraken230110004547,176,212,551,186,43
1682,550,728,Sham19Y0018144,1713,538,714,136,98
1682,852,1041,Sham19Y0018144,5384,868,1057,156,100
1682,550,728,Shamela0036446,620,214,374,120,86
1682,550,728,Shamela0025800,982,434,604,130,93
1682,237,737,Sham19Y0150600,697,51,423,209,45
1682,550,728,Shia003732Vols,3910,1114,1283,105,68
1682,550,728,Sham19Y0147597,1605,1203,1381,139,100
1682,550,719,Shamela0026865,85,84,253,132,100
1682,469,732,Sham19Y0014224,985,284,946,155,27
1682,237,527,Sham19Y0014224,986,1039,1216,129,55
1682,1123,1251,Sham19Y0014224,987,1175,1303,103,100
1682,550,728,Shamela0026484,182,379,557,138,99
1682,550,728,Sham19Y0020638,769,470,648,139,100
1682,550,728,Shamela0009567,383,1260,1429,105,68
1682,550,728,JK007036,333,88,274,138,95
1682,559,724,Shamela0006222,1107,1244,1406,127,98
1682,550,728,ShamAY0007299,4180,465,643,139,100
1682,559,785,JK000475,1426,671,905,145,79
1682,559,728,Sham19Y0020591,1659,830,1002,131,97
1682,550,728,Sham19Y0017616,249,1099,1277,139,100
1682,559,728,Shia002119Vols,3276,700,869,124,89
1682,550,728,JK007065,882,135,317,139,97
1682,550,728,Sham19Y0011194,156,586,763,137,98
1682,663,1123,Sham19Y0011194,378,157,611,277,66
1682,1,545,Sham19Y0122257,2082,830,1159,241,54
1682,1,341,Sham19Y0017063,824,606,1027,260,73
1682,237,728,Sham19Y0014325,5774,154,473,190,44
1682,237,719,Shamela0023023BK2,2275,1201,1556,208,48
1682,550,728,Shamela0010517,500,111,289,139,100
1682,1251,1566,Shamela0010517,500,376,688,254,99
1682,550,728,Shamela0010517,2501,1214,1392,139,100
1683,1140,1478,Sham19Y0013769,1593,942,1498,193,39
1683,671,1041,Sham19Y0013769,1594,132,459,166,50
1683,1140,1509,Sham19Y0148486,5135,1003,1436,119,25
1683,1169,1513,Zaydiyya0000142,1992,933,1167,88,24
1683,1,188,Sham19Y0017747,1852,531,704,114,73
1683,1,177,Sham19Y0131521,6093,934,1077,103,75
1683,466,937,ShamAY0033531,3341,128,675,132,21
1683,466,878,ShamAY0033531,4523,1120,1620,94,16
1683,671,1096,Sham19Y0014224,982,717,1034,177,51
1684,274,458,Sham19Y0017350,988,1,143,113,74
1684,152,458,Sham19Y0013769,1642,1172,1472,223,85
1684,119,454,Shamela0008176,4615,1155,1431,216,77
1684,633,1005,Shamela0011428,1417,686,1102,123,27
1684,85,619,Shamela0001727,953,935,1186,102,20
1684,763,932,Shamela0001727,954,843,1344,89,21
1684,554,837,Sham19Y0017437,1602,1149,1460,146,47
1684,1049,1515,Sham19Y0017437,1603,508,895,239,59
1684,104,454,Shamela0009810,993,1110,1375,206,71
1684,633,932,Shia002240Vols,382,477,795,135,51
1684,119,454,Sham19Y0014309,878,1174,1493,249,89
1684,1049,1539,Sham19Y0014309,879,586,911,187,44
1684,119,454,JK000201,2154,50,326,215,77
1684,85,619,Sham19Y0122406,2613,509,760,102,20
1684,633,837,Sham19Y0122406,2613,1101,1474,141,48
1684,81,619,Sham19Y0132524,1896,513,642,87,20
1684,104,454,Shia001845Vols,533,284,553,212,73
1684,1088,1547,ShamAY0033531,3193,291,564,218,59
1684,119,454,ShamAY0033531,3199,1278,1554,216,77
1684,1088,1547,ShamAY0033531,4375,1274,1547,218,59
1684,119,454,ShamAY0033531,4382,662,938,216,77
1684,1054,1547,Sham19Y0014224,1015,1078,1534,199,38
1684,152,521,Sham19Y0014224,1015,226,597,281,89
1684,554,1557,Sham19Y0018272,2250,442,1083,487,61
1684,526,1049,Sham19Y0020638,770,596,1149,316,65
1684,104,454,Sham19Y0020591,1586,645,926,226,77
1684,139,429,Shamela0011036,2020,1263,1541,187,72
1684,868,1485,Sham19Y0122257,2147,824,1387,209,29
1684,222,454,Sham19Y0122257,2151,305,504,159,81
1685,219,944,Sham19Y0013769,1644,747,1511,307,38
1685,944,1522,Sham19Y0013769,1645,1,332,229,49
1685,20,1060,Shamela0008176,4602,931,1552,467,55
1685,1120,1522,Shamela0008176,4603,1,330,264,81
1685,141,396,Sham19Y0014309,879,903,1043,74,35
1685,20,1403,ShamAY0033531,3193,564,1271,554,49
1685,70,1403,ShamAY0033531,4376,1,658,513,47
1685,214,597,Sham19Y0014224,1016,1128,1456,236,74
1685,735,1341,Sham19Y0014224,1017,22,721,259,39
1685,110,852,Sham19Y0018272,2250,1102,1487,284,47
1685,852,1319,Sham19Y0018272,2251,1,398,314,83
1685,219,535,Shamela0011036,2023,208,772,172,36
1685,535,1522,Shamela0011036,2024,55,1030,756,93
1685,20,380,Sham19Y0122257,2147,1387,1592,160,55
1685,535,1522,Sham19Y0122257,2148,17,758,551,69
1686,325,643,Sham19Y0013769,1645,332,629,209,81
1686,1,759,Shamela0008176,4603,330,854,375,61
1686,1083,1305,Shamela0008176,4608,1119,1316,124,66
1686,148,727,Sham19Y0018106,3965,901,1298,249,52
1686,148,727,Sham19Y0018103,3919,885,1277,246,51
1686,1,492,Shamela0011036,2024,1030,1530,389,96
1686,492,748,Shamela0011036,2025,1,252,197,97
1686,5,520,Sham19Y0023625,2558,1055,1566,386,90
1686,520,748,Sham19Y0023625,2559,1,221,170,91
1686,1,759,Sham19Y0122257,2148,758,1272,374,61
1686,307,680,Sham19Y0017063,860,1201,1490,212,71
1686,148,710,Sham19Y0013605,4668,1131,1524,256,55
1687,241,806,Sham19Y0017350,992,64,605,346,74
1687,913,1270,Sham19Y0013769,1649,755,1047,179,58
1687,1,190,Shamela0008176,4610,1251,1400,102,65
1687,886,1342,Shamela0008176,4635,492,885,265,72
1687,886,1265,Shamela0008176,6112,906,1189,218,70
1687,895,1274,Shamela0021588,331,665,1008,250,78
1687,344,452,Shamela0006140,538,115,223,85,99
1687,890,1531,Sham19Y0014309,881,1018,1436,326,62
1687,806,1469,Shamela0000140,2106,5,504,201,32
1687,507,717,Sham19Y0014224,1018,354,529,86,45
1687,1285,1485,Sham19Y0014224,1020,1288,1447,92,57
1687,913,1342,Sham19Y0014224,1021,809,1285,271,64
1687,344,452,Shamela0011370,23,154,262,85,99
1687,728,913,Masaha001864Vols,5200,1287,1476,145,92
1687,913,1531,Masaha001864Vols,5201,1,631,496,97
1687,344,593,ShamAY0034251BK3,2974,1125,1404,123,49
1687,913,1219,Sham19Y0020590,263,767,996,146,55
1687,895,1274,Shamela0021592,306,625,969,257,79
1687,1,233,Sham19Y0122257,2150,622,813,135,70
1687,1009,1274,Sham19Y0122257,2156,5,223,159,75
1687,890,1265,Sham19Y0122257,2795,328,614,222,72
1687,886,1342,Sham19Y0017063,865,1169,1502,176,44
1688,247,374,Sham19Y0017350,994,1421,1541,94,89
1688,374,699,Sham19Y0017350,995,1,323,262,98
1688,495,699,Sham19Y0013769,1649,243,604,155,51
1688,1155,1344,Shamela0008176,4551,158,316,119,78
1688,1304,1585,Shamela0008176,4551,780,909,103,45
1688,176,825,Shamela0008176,4635,68,492,254,43
1688,1371,1499,Shamela0009918,1968,136,247,88,85
1688,1310,1585,Shamela0005756,5051,286,566,217,94
1688,136,786,Sham19Y0014309,882,43,578,368,65
1688,992,1148,Shia001831Vols,376,821,981,118,88
1688,136,417,Shia001831Vols,376,624,764,102,44
1688,155,786,ShamAY0033531,3184,949,1564,493,95
1688,996,1585,ShamAY0033531,3221,669,1112,325,67
1688,155,871,ShamAY0033531,4367,657,1410,545,86
1688,996,1585,ShamAY0033531,4404,84,527,325,67
1688,1310,1530,Sham19Y0014224,999,1182,1376,151,81
1688,973,1492,Masaha001864Vols,5190,1047,1570,418,99
1688,1,825,Masaha001864Vols,5201,631,1382,610,90
1688,141,572,Masaha001946Vols,641,534,929,243,63
1688,1365,1499,Shamela0011036,2004,51,186,104,94
1688,276,699,Shamela0011036,2029,5,342,181,52
1688,1155,1304,Sham19Y0122257,2128,73,214,113,94
1688,1304,1585,Sham19Y0122257,2128,1215,1344,103,45
1688,259,825,Sham19Y0122257,2155,1162,1419,196,43
1688,155,572,Sham19Y0017063,866,97,529,277,70
1689,4,530,Sham19Y0013769,1622,166,504,226,52
1689,13,931,Shamela0008176,4551,909,1445,381,51
1689,105,251,JK010001,2479,719,886,99,74
1689,576,1584,JK010001,2495,532,1365,653,78
1689,105,251,Tafsir07055,2591,838,1003,99,75
1689,576,1584,Tafsir07055,2608,565,1428,682,82
1689,1,520,Sham19Y0131521,5901,1056,1394,270,64
1689,572,880,Sham19Y0122401,1356,1152,1277,101,40
1689,1,1298,Shamela0005756,5051,566,1558,614,55
1689,22,457,Sham19Y0122406,2622,954,1493,187,36
1689,1,734,ShamAY0033531,3221,1112,1550,329,55
1689,1,866,ShamAY0033531,4404,527,1104,428,60
1689,1,1435,Masaha001864Vols,5191,94,1570,1151,95
1689,1435,1584,Masaha001864Vols,5192,1,148,118,98
1689,13,353,Sham19Y0122257,2128,1344,1525,126,46
1689,357,967,Sham19Y0122257,2129,6,399,276,55
1690,41,517,Shamela0008176,4551,354,739,276,71
1690,539,862,Shamela0001727,957,436,722,102,32
1690,236,533,Shamela0005756,5051,838,1080,159,64
1690,22,181,Sham19Y0127677,7362,745,890,109,86
1690,204,533,Sham19Y0014309,853,305,603,212,80
1690,865,1153,Shia001831Vols,376,1142,1400,181,72
1690,22,220,ShamAY0033531,3222,104,288,143,89
1690,1148,1559,ShamAY0033531,3223,103,549,306,84
1690,22,220,ShamAY0033531,4404,1068,1252,143,89
1690,1148,1559,ShamAY0033531,4405,1063,1509,306,84
1690,22,181,Sham19Y0018272,1149,168,317,110,86
1690,7,523,Masaha001864Vols,5192,167,694,407,95
1690,31,517,Sham19Y0122257,2128,786,1215,283,68
1691,114,458,Sham19Y0127717,901,609,820,153,56
1691,114,379,Shia001615Vols,2804,1405,1537,89,43
1691,114,458,Shamela0000767,4676,1236,1451,146,53
1691,114,383,Shamela0008176,4547,1176,1324,88,42
1691,869,1362,Sham19Y0017747,1935,279,665,265,61
1691,114,475,JK006897,456,948,1178,155,55
1691,114,458,Shamela0012293,2553,1300,1514,150,54
1691,114,458,JK010001,2455,81,292,153,56
1691,114,458,Shia000841Vols,8977,204,420,151,55
1691,114,458,Shamela0023833,922,91,309,153,55
1691,114,458,Tafsir07055,2566,335,546,153,56
1691,114,458,Shamela0037325,64,564,775,153,56
1691,114,458,Shamela0001727,958,11,222,153,56
1691,114,458,Masaha002028Vols,1828,86,304,153,55
1691,114,394,Sham19Y0127700,278,1403,1561,97,45
1691,114,458,Shia004456Vols,722,296,511,151,55
1691,114,484,Shamela0011816,502,281,531,160,52
1691,114,815,Sham19Y0014309,850,410,1198,348,43
1691,847,1362,Sham19Y0014309,851,1,492,371,89
1691,977,1209,Sham19Y0122406,2626,430,725,142,59
1691,121,484,Sham19Y0132524,1908,829,1098,168,55
1691,114,458,Shamela0009770,672,134,351,153,55
1691,151,348,ShamAY0033531,3223,673,922,135,62
1691,151,348,ShamAY0033531,4406,72,321,135,62
1691,114,463,Kraken230110004547,131,1195,1417,147,55
1691,114,379,Sham19Y0018144,1725,1319,1464,87,41
1691,114,458,Shia001555Vols,493,148,365,153,55
1691,114,458,Sham19Y0020638,772,1012,1223,153,56
1691,114,478,JK007036,344,260,496,153,52
1691,114,383,JK000475,1458,1332,1468,92,44
1691,114,458,Sham19Y0017616,251,273,490,153,55
1691,114,417,Sham19Y0020891,553,744,928,116,49
1691,114,458,Tafsir06049,593,701,916,150,55
1691,114,463,Shamela0021743,1475,1106,1330,152,56
1692,415,736,Sham19Y0013769,1630,616,1031,197,56
1692,820,1045,Sham19Y0013769,1631,760,1009,107,39
1692,1195,1446,Sham19Y0013769,1633,1318,1497,129,64
1692,448,1091,Shamela0008176,4559,851,1346,273,47
1692,65,177,Sham19Y0131521,5911,309,420,90,99
1692,1263,1532,Sham19Y0131521,5921,1070,1314,165,68
1692,250,736,Shamela0021715,10185,203,836,243,44
1692,1275,1423,Shamela0001673,10445,495,637,91,78
1692,463,764,JK000201,2125,693,933,159,61
1692,244,592,Sham19Y0127713,1271,1158,1472,153,52
1692,415,816,Sham19Y0014224,1005,622,984,225,62
1692,177,463,Sham19Y0014224,1007,614,1136,231,54
1692,1275,1545,Sham19Y0014224,1008,642,910,195,87
1692,444,895,Sham19Y0020591,1601,647,955,105,22
1692,244,736,Shamela0000551,2573,299,714,210,50
1692,415,722,Sham19Y0122257,2130,837,1460,149,27
1692,684,1477,Sham19Y0122257,2131,366,945,294,40
1692,1045,1485,Sham19Y0017063,851,151,560,122,23
1692,444,612,Sham19Y0013605,4682,26,177,102,75
1693,264,891,Sham19Y0013769,1633,596,1301,328,49
1693,247,779,Shamela0008176,4562,350,800,282,60
1693,247,909,JK010001,2494,654,1266,491,92
1693,247,909,Tafsir07055,2607,640,1290,521,98
1693,316,771,Sham19Y0145212,2287,136,353,135,37
1693,301,909,Sham19Y0014224,1008,1,624,474,93
1693,1,779,Sham19Y0122257,2131,905,1467,396,62
1693,10,136,Sham19Y0017063,851,560,688,98,96
1694,270,1008,Sham19Y0020944,1028,217,1056,231,25
1694,788,1234,JK007083,210,895,1320,173,40
1694,788,925,Shamela0001733,2723,481,624,99,85
1694,925,1397,Shamela0008176,4580,414,921,370,92
1694,788,925,Shamela0005803,70,1159,1304,104,89
1694,813,925,JK006897,456,593,701,84,96
1694,289,1008,Shamela0011428,1368,639,1060,179,27
1694,788,1008,Sham19Y0131521,5906,1097,1385,124,55
1694,270,715,Shamela0001727,959,234,819,134,24
1694,788,925,Shamela0001727,959,1233,1382,104,86
1694,788,925,Sham19Y0013572,484,1308,1453,103,88
1694,802,1393,Sham19Y0017437,1574,1,418,175,29
1694,788,1008,Shamela0117359,1022,103,391,124,55
1694,788,930,Sham19Y0147658,873,106,260,106,86
1694,788,1451,Sham19Y0014309,863,701,1282,409,73
1694,396,783,Shia001831Vols,377,94,386,223,70
1694,788,1097,Sham19Y0122406,2631,183,535,153,50
1694,813,1330,Sham19Y0122406,2632,940,1455,259,51
1694,788,1008,Sham19Y0145212,2286,1232,1456,127,69
1694,35,516,ShamAY0033531,3228,369,1008,240,46
1694,293,516,ShamAY0033531,4411,32,398,102,35
1694,788,925,Sham19Y0018144,1732,439,618,95,67
1694,792,1008,Shamela0036446,630,881,1153,113,53
1694,788,949,Shamela0025800,766,1175,1342,114,82
1694,788,925,Sham19Y0023618,464,1187,1336,104,86
1694,270,544,Sham19Y0020638,773,794,1058,97,33
1694,847,1397,Sham19Y0020638,774,1,170,102,23
1694,677,925,JK000475,1463,164,436,121,46
1694,270,505,Sham19Y0020591,1598,722,1346,137,26
1694,788,1008,Sham19Y0016976,1190,942,1183,130,67
1694,788,925,Shamela0000782,509,59,205,101,84
1694,677,925,Sham19Y0020590,261,546,727,117,57
1694,677,1008,JK007065,440,509,849,152,52
1694,788,925,Sham19Y0017798,3249,217,364,102,87
1694,788,1008,Sham19Y0122257,2138,668,875,117,59
1694,677,1097,Sham19Y0014119,389,72,477,175,43
1694,788,925,Sham19Y0017063,855,1073,1211,101,89
1694,677,1097,Shamela0008360,541,187,688,176,41
1694,788,920,Shamela0013073,112,1343,1491,99,85
1695,119,515,Sham19Y0013769,1632,1230,1614,157,37
1695,515,1209,Sham19Y0013769,1633,1,429,254,46
1695,1,535,JK010001,2485,991,1514,422,96
1695,535,1273,JK010001,2486,1,739,595,100
1695,1,1177,Tafsir07055,2598,367,1543,949,99
1695,132,664,Shamela0005756,12726,547,1007,367,84
1695,127,1056,ShamAY0033531,3234,86,925,655,86
1695,95,680,ShamAY0033531,4416,943,1608,451,80
1695,680,1056,ShamAY0033531,4417,1,306,227,73
1695,391,660,ShamAY0034251BK3,2937,82,322,168,73
1695,167,572,Shamela0011036,2008,611,1068,269,69
1696,645,1262,Shamela0008176,4571,976,1264,199,40
1696,406,641,Sham19Y0013614,523,651,1275,161,32
1696,240,401,Sham19Y0127677,20132,864,1025,128,99
1696,1013,1351,Sham19Y0014309,867,1,321,251,90
1696,1,401,Shia001831Vols,377,418,704,205,61
1696,558,799,Shamela0000140,121,1348,1534,124,63
1696,799,1351,Shamela0000140,122,1,295,206,46
1696,240,774,ShamAY0000351,235,459,987,84,12
1696,43,406,ShamAY0033531,3234,1258,1632,277,89
1696,43,406,ShamAY0033531,4417,639,1013,277,89
1696,382,641,Sham19Y0017791,1186,541,1250,174,29
1696,240,641,ShamAY0034005,715,404,875,180,43
1696,1,452,Sham19Y0020591,1602,83,542,219,48
1696,645,1262,Sham19Y0122257,2135,1314,1599,209,42
1697,85,716,Shia002206,85,644,978,139,24
1697,829,1374,Sham19Y0148486,5356,380,771,100,18
1697,829,1401,Shamela0008176,4564,8,452,92,15
1697,1053,1460,Shamela0008176,4571,1276,1507,166,51
1697,12,440,Sham19Y0013253,610,1082,1446,225,60
1697,440,716,Sham19Y0013253,611,1,261,199,88
1697,12,736,Sham19Y0122406,2642,264,784,368,64
1697,829,1274,ShamAY0033531,3235,366,807,327,86
1697,829,1071,ShamAY0033531,4417,1378,1612,166,77
1697,1071,1274,ShamAY0033531,4418,1,208,161,98
1697,154,292,Sham19Y0018144,5459,768,906,108,100
1697,829,1401,Sham19Y0017791,1186,943,1388,92,15
1697,829,1401,Shia003732Vols,4010,31,474,94,16
1697,193,307,Sham19Y0131336,2031,1245,1354,85,94
1697,829,1401,Sham19Y0016976,1188,149,594,92,15
1697,1085,1460,Sham19Y0122257,2136,1,200,142,48
1697,834,1340,Sham19Y0017063,852,721,1336,351,70
1697,829,1374,Shamela0008360,539,1026,1442,91,15
1697,1340,1467,Shamela0010517,2129,277,404,99,100
1698,423,744,JK007064,799,850,1064,129,47
1698,423,711,Shamela0007891,1723,1255,1426,102,41
1698,772,972,Shamela0007891,1724,375,535,121,77
1698,423,972,Shia001432Vols,38714,517,925,264,56
1698,423,744,Shamela0029867,7,76,276,127,46
1698,772,972,Sham19Y0013667,6409,1256,1453,144,88
1698,423,748,Shamela0000767,4527,1105,1300,108,39
1698,772,972,Shamela0000767,4592,1052,1251,145,89
1698,423,744,Sham19Y0148486,3576,1219,1419,124,45
1698,423,744,Sham19Y0148486,5332,703,904,125,45
1698,772,972,Sham19Y0148486,5346,596,872,134,62
1698,423,744,Sham19Y0148486,5361,1193,1388,120,45
1698,772,972,Shamela0003485,205,101,302,152,93
1698,772,972,Shamela0006610,886,1033,1230,150,93
1698,423,744,Shamela0006610,888,363,572,132,48
1698,772,980,ShamAY0035035,7507,712,913,152,90
1698,438,691,JK009390,6258,1314,1435,83,41
1698,438,744,JK009390,7180,1089,1260,122,50
1698,423,744,Sham19Y0019188,5096,597,805,132,48
1698,423,972,Shamela0008176,4564,414,822,264,56
1698,809,1392,Shamela0008176,4567,490,1250,329,45
1698,600,972,Tafsir09085,396,34,462,193,51
1698,438,744,Shia002034Vols,1193,430,627,116,43
1698,772,972,Shamela0021744,2947,1160,1358,149,92
1698,423,744,Shamela0021744,2982,345,540,121,44
1698,772,972,Shamela0001719,4620,1150,1369,148,85
1698,423,744,JK009408,363,1008,1210,126,46
1698,643,972,Sham19Y0013614,524,1,303,210,74
1698,772,972,JK010001,2469,719,920,151,92
1698,423,756,JK010001,2470,440,650,137,48
1698,772,972,Shia000841Vols,9014,592,791,151,93
1698,772,972,JK000299,2533,703,901,149,92
1698,423,744,JK000299,2562,1071,1266,121,44
1698,423,744,Shamela0002863,2023,688,889,125,45
1698,592,980,Sham19Y0014591,4041,16,584,186,37
1698,819,972,ShamAY0033182,2084,1178,1317,100,83
1698,772,972,Tafsir07055,2581,116,315,151,93
1698,423,744,Shamela0011428,1371,534,736,127,46
1698,423,748,Shamela0011428,1392,1063,1280,129,46
1698,316,433,Sham19Y0131521,5933,985,1103,94,99
1698,987,1392,Shamela0021590,1241,637,940,230,65
1698,423,744,Shamela0001727,961,1033,1242,132,48
1698,772,972,Shamela0001727,962,597,796,151,93
1698,772,972,Shamela0000432,2445,663,858,151,94
1698,438,744,Sham19Y0122401,563,276,430,107,42
1698,772,972,ShamAY0036009,82,781,980,151,93
1698,772,972,JK000786,2854,833,1033,151,93
1698,423,748,Sham19Y0017437,1587,417,630,135,49
1698,772,980,Sham19Y0021575,62,240,474,154,81
1698,772,972,Sham19Y0023644,1394,563,784,123,68
1698,438,744,Sham19Y0127677,4404,861,1049,123,46
1698,1,271,Shamela0001673,10468,980,1072,63,30
1698,772,972,Kraken230106005528,326,468,975,146,35
1698,423,744,Shamela0005922,2644,1068,1292,126,44
1698,819,972,Shamela0000427BK2,3841,316,459,98,79
1698,772,972,Masaha001961Vols,1321,1009,1242,121,63
1698,600,1567,Sham19Y0014309,864,526,1273,502,58
1698,1,281,Sham19Y0014309,866,1018,1141,84,39
1698,423,756,JK000271,263,67,305,135,45
1698,772,972,JK011225,243,1085,1269,132,81
1698,423,737,Sham19Y0017903,819,1222,1436,116,42
1698,772,972,Sham19Y0017903,820,628,829,151,92
1698,772,972,Shamela0021713,1299,1145,1344,151,93
1698,423,744,ShamAY0033181,1483,1138,1342,124,45
1698,772,902,ShamAY0033181,1497,1335,1469,94,88
1698,438,744,ShamAY0033181,1498,206,407,131,54
1698,423,744,JK000477,656,52,253,127,46
1698,423,744,Sham19Y0122406,2633,1099,1308,132,48
1698,772,972,Sham19Y0122406,2635,597,796,151,93
1698,438,744,Shia002265Vols,4484,68,256,122,46
1698,438,744,Sham19Y0016934,7447,78,268,122,46
1698,423,972,Sham19Y0145212,2284,541,1213,268,39
1698,423,744,ShamAY0000351,236,349,558,132,48
1698,423,744,Shamela0030432,26,705,906,125,45
1698,772,972,Shamela0021596,993,1068,1262,128,79
1698,438,961,Sham19Y0127713,1263,697,1252,233,45
1698,574,744,Sham19Y0132524,1917,640,787,104,76
1698,772,972,Sham19Y0132524,1918,1073,1272,151,93
1698,772,972,Shamela0001875,1308,1229,1428,151,93
1698,423,744,Shamela0001875,1309,530,740,132,48
1698,438,744,Shamela0001438,6317,17,205,122,46
1698,871,1300,ShamAY0033531,3238,775,1304,217,47
1698,1,215,ShamAY0033531,3238,268,482,173,100
1698,1,215,ShamAY0033531,4420,1252,1466,173,100
1698,871,1300,ShamAY0033531,4421,184,713,217,47
1698,423,744,Sham19Y0018144,1737,383,585,127,46
1698,819,972,Shamela0036446,629,142,284,103,84
1698,772,972,Shamela0025800,763,61,261,152,94
1698,423,763,Shamela0025800,764,216,448,136,46
1698,592,972,Sham19Y0017791,1187,16,341,230,71
1698,445,1392,Sham19Y0017791,1188,262,1246,421,40
1698,423,744,Sham19Y0017729,418,1179,1393,126,45
1698,772,972,Sham19Y0017729,419,563,757,147,90
1698,423,748,Shia003732Vols,4010,436,646,128,46
1698,426,972,ShamAY0034005,716,432,1135,196,26
1698,772,972,ShamAY0035950,685,1093,1292,151,93
1698,423,748,Sham19Y0023618,2356,1036,1249,132,48
1698,423,744,Sham19Y0020638,775,1125,1344,132,47
1698,772,980,Sham19Y0020638,776,551,762,153,89
1698,772,972,Masaha001864Vols,2190,616,815,151,93
1698,423,744,JK000475,1467,1036,1245,126,45
1698,438,744,Sham19Y0123665,1786,1269,1424,110,43
1698,438,980,Shamela0021766,3066,726,1115,258,55
1698,772,972,Masaha001946Vols,792,155,354,151,93
1698,772,972,Kraken2108092202141,1034,1010,1202,141,88
1698,772,987,Sham19Y0017885,2018,404,604,143,81
1698,423,744,JK005200,1234,238,432,121,44
1698,772,972,JK005200,1234,1230,1430,151,93
1698,772,972,JK000001,2338,884,1078,151,94
1698,423,744,Shamela0008463,4830,135,345,131,48
1698,423,961,Shamela0007342,1096,874,1308,185,34
1698,423,744,Sham19Y0146127,1882,1196,1396,127,46
1698,423,744,Sham19Y0146127,2900,981,1182,127,46
1698,772,972,Sham19Y0146127,2908,1129,1318,107,60
1698,658,1392,Shamela0000551,2578,1,670,330,47
1698,423,972,Sham19Y0016976,1188,556,960,259,54
1698,772,972,Shamela0009242,3198,933,1132,151,93
1698,423,744,Shamela0009242,3202,75,284,130,47
1698,772,972,Sham19Y0017616,252,168,368,146,90
1698,423,744,ShamAY0032946,30,627,831,121,44
1698,1,423,Sham19Y0023625,1272,662,989,212,60
1698,423,744,Shamela0007264,310,626,833,126,46
1698,772,972,Shia002119Vols,3118,893,1092,146,89
1698,772,972,JK007065,210,1257,1456,151,93
1698,564,744,JK007065,212,6,163,103,62
1698,772,972,Sham19Y0017798,1682,788,973,133,81
1698,423,972,Sham19Y0122257,2133,976,1384,261,55
1698,1014,1392,Sham19Y0122257,2134,411,702,208,64
1698,423,972,Sham19Y0014119,388,132,536,259,54
1698,423,763,Sham19Y0017063,852,426,648,129,45
1698,1038,1530,Sham19Y0017063,853,809,1302,323,74
1698,469,972,Sham19Y0017063,853,1,309,218,52
1698,772,972,ShamIbadiyya0000109,7878,245,440,149,91
1698,438,972,Shamela0008360,540,1,397,264,57
1698,423,744,Shamela0010517,2129,40,249,132,48
1699,941,1086,Shamela0000767,4689,719,1089,79,25
1699,1119,1321,Shamela0008176,4570,1364,1543,127,73
1699,975,1571,Shamela0008176,4571,61,837,284,36
1699,1148,1467,Sham19Y0131521,5935,1287,1513,159,62
1699,941,1419,Shamela0005922,2669,692,956,168,43
1699,229,362,Sham19Y0014309,864,275,400,101,93
1699,554,1446,Sham19Y0014309,865,184,1251,510,48
1699,1363,1575,Sham19Y0014309,1846,249,456,160,90
1699,495,715,ShamAY0036466,44,232,494,172,79
1699,1394,1575,JK000201,2135,744,1229,137,34
1699,941,1154,Sham19Y0127713,1264,257,521,103,44
1699,1148,1373,ShamAY0033531,3239,220,457,155,81
1699,554,715,ShamAY0033531,3239,54,215,133,100
1699,1148,1373,ShamAY0033531,4421,1202,1439,155,81
1699,397,715,ShamAY0033531,4421,813,1197,170,50
1699,941,1086,Sham19Y0020638,776,977,1426,71,18
1699,147,551,Masaha001864Vols,5195,1182,1572,286,82
1699,551,1571,Masaha001864Vols,5196,1,956,756,90
1699,941,1086,Shamela0000551,2578,1292,1399,69,62
1699,1113,1369,Shamela0000551,2579,1,206,157,76
1699,199,450,Shamela0009242,3200,916,1202,125,44
1699,495,1565,Sham19Y0023625,1273,629,1045,199,20
1699,1148,1571,Sham19Y0122257,2135,910,1176,181,49
1699,392,720,Sham19Y0122257,2135,485,905,173,40
1699,936,1423,Sham19Y0017063,853,1338,1561,158,40
1700,853,1559,Sham19Y0017747,1941,75,942,394,47
1700,1,804,Sham19Y0017747,1942,352,983,486,73
1700,820,1370,Sham19Y0131521,5931,752,1559,354,52
1700,232,404,Shamela0005756,12727,1,162,103,64
1700,853,1499,Sham19Y0014309,866,618,1434,422,59
1700,1,372,Sham19Y0014309,1846,456,822,299,97
1700,918,1370,Shamela0000140,122,410,1255,240,31
1700,331,829,Shamela0000140,123,21,417,201,44
1700,1,345,JK000201,2135,1229,1591,283,94
1700,345,804,JK000201,2136,5,463,375,99
1700,20,662,Masaha001864Vols,5196,929,1576,528,99
1700,1174,1524,Sham19Y0023625,1272,1203,1522,230,81
1700,853,1209,Sham19Y0023625,1272,209,619,241,68
1700,376,815,Sham19Y0023625,1274,1,382,298,82
1701,219,983,Sham19Y0018259,444,998,1419,138,18
1701,225,804,Sham19Y0017350,978,792,1445,358,61
1701,611,1558,Sham19Y0013769,1619,172,1205,442,42
1701,939,1240,Sham19Y0131521,5938,650,958,217,81
1701,983,1240,ShamAY0033522,621,632,884,191,88
1701,972,1298,Shia001845Vols,571,1302,1528,153,57
1701,281,1558,Sham19Y0014224,998,224,1132,519,46
1701,1372,1515,Sham19Y0014224,999,677,847,103,77
1701,225,890,Sham19Y0020590,259,875,1304,167,30
1701,1,281,Sham19Y0023625,1273,218,486,191,81
1701,863,1414,Sham19Y0017063,848,1148,1467,238,52
1702,111,568,Sham19Y0017350,980,464,951,280,63
1702,632,1070,Sham19Y0013769,1620,8,448,279,72
1702,574,904,Shamela0008176,4542,1351,1565,137,49
1702,904,1045,Shamela0008176,4543,1,140,93,78
1702,1305,1485,Shamela0008176,4556,562,786,90,48
1702,8,378,Sham19Y0131521,5938,1002,1389,219,62
1702,1373,1485,Sham19Y0131521,5944,606,719,88,99
1702,106,689,Shamela0021715,4409,936,1535,216,35
1702,689,1041,Shamela0021715,4410,1,253,185,65
1702,345,1070,Shamela0021715,10203,630,1328,324,43
1702,622,1041,Shamela0009810,979,150,427,195,58
1702,1373,1485,Shamela0005756,5050,674,801,88,88
1702,170,265,Shamela0005756,8526,614,711,69,91
1702,130,1202,Sham19Y0014309,868,620,1506,506,57
1702,1355,1485,Sham19Y0014309,873,195,344,100,85
1702,427,1131,ShamAY0033522,621,891,1466,386,67
1702,586,781,Shia001845Vols,572,434,610,140,90
1702,632,1070,ShamAY0033531,3242,378,779,256,64
1702,632,882,ShamAY0033531,4424,1328,1550,174,86
1702,1,695,Sham19Y0014224,998,1132,1576,279,49
1702,772,1070,Sham19Y0014224,999,1,267,196,82
1702,1124,1267,Sham19Y0014224,1000,991,1201,85,51
1702,1384,1485,Sham19Y0014224,1011,994,1102,78,92
1702,1291,1485,Masaha001864Vols,5198,820,1014,151,98
1702,170,265,Sham19Y0013252,4876,352,449,66,87
1702,574,1045,Sham19Y0122257,2126,511,862,224,56
1702,1305,1485,Sham19Y0017063,850,489,683,113,62
1702,844,1351,Sham19Y0017442,401,60,403,82,17
1702,332,568,Sham19Y0017442,402,980,1271,183,77
1703,11,168,Sham19Y0013769,1637,453,600,78,60
1703,958,1192,Sham19Y0013769,1638,1208,1420,150,75
1703,1,1096,Shamela0008176,4556,786,1444,362,35
1703,1498,1624,Shamela0008176,4574,825,982,91,68
1703,329,632,Sham19Y0131521,5942,1111,1427,235,89
1703,1028,1247,Shamela0021715,6884,289,597,139,58
1703,500,643,Shamela0005756,5050,1,144,114,100
1703,946,1192,Shamela0005756,5052,195,430,188,93
1703,6,168,Shamela0005756,5052,40,195,83,64
1703,329,902,Shamela0005756,10134,602,1352,412,65
1703,6,191,Shamela0005756,10135,763,944,124,83
1703,173,902,Shamela0005756,11324,750,1280,326,50
1703,1,638,Sham19Y0014309,371,513,908,306,58
1703,324,472,Sham19Y0014309,872,880,1176,106,43
1703,946,1174,Sham19Y0014309,873,451,689,166,86
1703,851,1394,Shia001831Vols,377,1308,1606,145,29
1703,329,482,ShamAY0033522,618,76,299,116,63
1703,348,643,Shamela0023628,1020,1097,1514,217,63
1703,373,606,ShamAY0033531,4427,852,1060,169,89
1703,1,198,Sham19Y0014224,1011,1102,1497,145,44
1703,1,487,Masaha001864Vols,5198,1014,1546,392,90
1703,487,1192,Masaha001864Vols,5199,1,705,574,99
1703,208,324,Shamela0011036,1999,873,990,94,99
1703,6,638,Shamela0011036,2004,723,1230,297,51
1703,505,1092,Sham19Y0122257,2130,1,327,168,30
1703,1,606,Sham19Y0017063,850,683,1057,287,57
1703,1283,1608,Sham19Y0017063,854,89,533,213,52
1704,579,1099,Sham19Y0017350,983,5,273,107,22
1704,937,1099,Sham19Y0013769,1624,540,726,108,69
1704,408,618,Sham19Y0013769,1625,1013,1251,104,43
1704,1169,1381,Shamela0003485,202,350,721,132,43
1704,314,1381,Shamela0008176,4575,4,1222,411,31
1704,618,1365,Sham19Y0017747,1937,265,1531,317,25
1704,80,470,Sham19Y0131521,5968,1198,1462,150,47
1704,496,819,Sham19Y0131521,5969,1,552,213,45
1704,857,1261,Shamela0009810,985,777,1243,217,54
1704,949,1261,Shamela0005756,7301,1084,1418,174,58
1704,1169,1381,Kraken230106005528,322,650,1082,117,32
1704,623,1518,Sham19Y0014309,855,355,1362,535,55
1704,852,1099,Shamela0000140,548,417,664,200,98
1704,1372,1518,ShamAY0033522,624,884,1022,100,79
1704,579,1169,JK000201,2143,230,673,278,55
1704,185,1124,Shamela0023628,747,715,1412,403,44
1704,1179,1518,Sham19Y0127713,1278,552,796,144,51
1704,1166,1381,Shamela0001875,1322,894,1258,139,49
1704,1166,1381,Kraken230110004547,132,699,1239,116,26
1704,408,629,Sham19Y0014224,1002,515,712,114,55
1704,715,1211,Sham19Y0014224,1003,1,639,243,40
1704,1166,1377,JK000917,354,589,906,107,43
1704,1169,1377,Sham19Y0020638,779,1026,1486,142,38
1704,852,1232,Sham19Y0020591,1617,234,646,201,52
1704,1,173,Sham19Y0122257,2136,1351,1510,125,89
1704,256,1211,Sham19Y0122257,2137,1,799,393,41
1704,32,286,Sham19Y0017063,854,533,738,138,67
1704,1141,1381,Shamela0021743,1480,668,991,109,43
1705,12,572,Sham19Y0013769,1624,911,1548,362,66
1705,572,998,Sham19Y0013769,1625,1,385,262,71
1705,1068,1233,Sham19Y0131521,5968,845,1059,131,76
1705,1,192,Sham19Y0014309,855,1362,1547,147,96
1705,192,1483,Sham19Y0014309,856,1,1151,899,85
1705,1,150,ShamAY0033522,624,1022,1170,112,94
1705,1,150,Sham19Y0127713,1278,796,916,91,76
1705,1,1248,ShamAY0033531,3265,84,898,577,55
1705,1,483,ShamAY0033531,4447,1062,1561,345,81
1705,554,1248,ShamAY0033531,4448,6,316,232,42
1705,1,1037,Sham19Y0014224,1001,585,1505,559,61
1705,1087,1233,Sham19Y0014224,1002,1,158,108,84
1706,1,391,Sham19Y0020561,1714,707,1150,161,37
1706,1,584,JK007083,214,266,925,240,39
1706,154,462,ShamAY0036022,37,182,423,133,54
1706,68,563,Sham19Y0145435,6139,1160,1560,223,51
1706,160,353,Sham19Y0013667,6461,1144,1387,150,78
1706,1,551,Sham19Y0013769,1650,559,950,160,27
1706,1,231,Zaydiyya0000142,1980,1243,1486,168,86
1706,154,357,Shamela0008176,4646,927,1147,156,89
1706,1,584,JK006897,461,749,1446,220,30
1706,1,580,Sham19Y0023608,1071,985,1548,208,38
1706,154,462,Shamela0021744,3069,608,915,175,66
1706,1,140,ShamAY0034182,1204,920,1056,110,97
1706,154,462,JK000299,2636,16,328,175,64
1706,154,366,ShamAY0033182,2123,1238,1465,160,87
1706,154,353,Shamela0011428,1413,1119,1328,157,94
1706,204,353,Shamela0021715,10131,566,722,117,95
1706,1,432,Shamela0001727,967,687,1465,311,48
1706,1,584,Sham19Y0017757,160,816,1110,199,42
1706,235,584,Shamela0000432,4055,310,755,145,34
1706,154,357,Sham19Y0122401,1151,427,642,157,92
1706,154,357,Shia002240Vols,381,44,213,131,79
1706,154,432,Sham19Y0127677,3491,862,1130,171,74
1706,154,353,Sham19Y0127677,17363,1145,1352,149,89
1706,1,144,Sham19Y0147658,874,562,708,114,96
1706,1,140,Shia001553,196,207,351,107,91
1706,94,353,Sham19Y0147104,1834,1289,1402,91,43
1706,1,353,Sham19Y0017903,834,576,845,194,66
1706,22,584,Sham19Y0014827,969,546,857,150,29
1706,1,366,ShamAY0033181,1513,24,421,268,85
1706,1,179,JK000653,299,915,1096,129,87
1706,160,353,ShamAY0034282,3144,440,1008,134,29
1706,1,571,Sham19Y0122406,2657,345,1138,296,38
1706,266,432,Sham19Y0122406,2658,69,356,125,54
1706,154,432,Shia002265Vols,1552,598,866,171,74
1706,154,391,Shamela0006227,657,215,524,168,66
1706,22,584,ShamAY0038640,1059,67,377,150,29
1706,204,353,Sham19Y0132524,1945,76,232,117,95
1706,154,391,Shamela0001875,1333,882,1230,181,65
1706,154,353,Shamela0001438,4829,1060,1267,149,89
1706,863,1132,ShamAY0033531,3273,1,640,125,21
1706,1025,1191,ShamAY0033531,3274,1392,1553,127,96
1706,749,1017,ShamAY0033531,4455,871,1440,171,34
1706,1025,1276,ShamAY0033531,4457,801,1047,193,96
1706,1,627,Sham19Y0018144,1750,464,1301,286,35
1706,22,584,Sham19Y0013577,8182,710,1021,150,29
1706,10,353,Shamela0025800,789,1,386,181,52
1706,22,584,Sham19Y0021525,1184,27,364,165,31
1706,22,584,Sham19Y0123608,1042,469,780,150,29
1706,160,381,Sham19Y0017729,423,746,979,156,82
1706,1,140,Sham19Y0132415,929,1271,1421,112,92
1706,160,417,Shamela0012843,97,262,560,171,70
1706,1,196,Sham19Y0014224,1022,1252,1591,154,56
1706,6,140,Shia001368,363,40,178,108,97
1706,6,140,Zaydiyya0000454,218,412,548,108,95
1706,1,551,Sham19Y0020638,780,281,879,368,78
1706,1,179,Shamela0012981,1738,67,273,129,78
1706,160,395,Shia001976Vols,631,1075,1371,176,75
1706,226,528,Sham19Y0013252,9895,840,1098,152,57
1706,803,1063,Masaha001946Vols,429,1237,1445,123,59
1706,77,593,Sham19Y0016555,297,390,661,142,32
1706,235,584,Shamela0008463,4968,867,1300,145,34
1706,68,584,Shamela0000551,2624,807,1194,157,31
1706,68,584,Shamela0009242,3251,1057,1360,150,36
1706,1,140,Shia003684Vols,148,196,346,112,92
1706,1,140,JK007065,799,1226,1366,109,95
1706,1,140,Sham19Y0011194,162,1112,1252,109,95
1706,6,140,ShamIbadiyya0000728,131,1051,1242,107,69
1706,372,584,Sham19Y0013624,300,272,698,116,31
1706,1,584,ShamIbadiyya0000109,6617,247,525,195,41
1706,154,353,Sham19Y0014325,6354,1122,1332,151,87
1706,1,140,Sham19Y0022884,250,1320,1465,109,92
1706,1418,1543,Shamela0000791,440,827,952,101,100
1707,1,375,Sham19Y0013769,1652,1343,1611,172,53
1707,461,1546,Sham19Y0013769,1653,405,1442,505,46
1707,461,713,Sham19Y0014224,1025,1277,1557,179,74
1707,59,474,Sham19Y0014224,1025,10,517,259,60
1707,724,1541,Sham19Y0014224,1026,25,679,448,65
1707,479,701,Sham19Y0023618,2216,968,1166,141,77
1707,557,701,Sham19Y0020590,264,660,843,114,75
1707,1,443,Shamela0000791,440,952,1374,339,94
1708,552,835,Sham19Y0013769,1651,298,626,166,60
1708,972,1374,Sham19Y0013769,1654,20,485,300,78
1708,66,515,Shamela0008176,4649,55,349,218,59
1708,902,1158,Sham19Y0014309,890,930,1204,206,87
1708,1419,1631,ShamAY0033531,3272,1185,1396,171,99
1708,552,785,ShamAY0033531,3273,681,925,192,95
1708,1419,1631,ShamAY0033531,4455,607,818,171,99
1708,552,785,ShamAY0033531,4456,89,333,192,95
1708,122,542,Sham19Y0014224,1025,485,1268,296,45
1708,1243,1374,Sham19Y0018272,1774,96,219,100,93
1708,918,1374,Sham19Y0122257,2159,1212,1469,184,47
1708,66,531,Sham19Y0122257,2160,1149,1465,229,59
1708,1474,1631,Sham19Y0014601,5677,44,188,117,91
1708,1513,1631,Sham19Y0148271,2430,597,715,97,100
1708,31,193,Shamela0000791,440,656,804,106,83
1709,665,1386,Sham19Y0020561,1715,610,877,201,35
1709,1221,1386,Sham19Y0018259,464,221,388,129,98
1709,665,1386,JK007083,214,543,828,219,38
1709,1221,1386,Shamela0006610,895,1113,1280,129,98
1709,670,1116,Sham19Y0017747,1998,162,515,141,31
1709,665,1264,Shia002616Vols,4339,1386,1534,115,24
1709,665,1386,JK006897,461,1088,1354,203,35
1709,1221,1386,ShamAY0034182,617,589,760,127,93
1709,1221,1386,ShamAY0034182,1205,1111,1282,123,87
1709,1221,1386,Sham19Y0014207,183,153,249,75,58
1709,1221,1386,Shia000841Vols,9083,509,670,124,95
1709,790,1116,Sham19Y0131521,5983,11,315,236,88
1709,670,1043,Shamela0021590,1275,900,1250,255,82
1709,580,778,JK007128,122,202,433,87,38
1709,445,1386,Shamela0001727,968,125,656,257,33
1709,665,1386,Sham19Y0013572,169,1016,1303,219,38
1709,1221,1346,Sham19Y0017437,1623,1412,1539,97,98
1709,1198,1386,Shamela0005756,10221,431,604,132,88
1709,1221,1386,Shamela0001673,5662,292,459,129,98
1709,665,1357,Shamela0005922,2712,1272,1516,185,33
1709,1221,1386,Shamela0008657,558,322,489,128,97
1709,109,436,Sham19Y0014309,891,850,1145,220,82
1709,665,1509,Sham19Y0014309,893,369,771,233,34
1709,665,1386,Sham19Y0017903,834,113,381,205,35
1709,1221,1386,Sham19Y0122406,2660,1343,1509,128,98
1709,1195,1386,ShamAY0038640,977,254,475,136,75
1709,1238,1386,Sham19Y0132524,1947,959,1109,116,98
1709,665,1311,Shamela0001875,1334,1261,1458,152,29
1709,448,813,ShamAY0033531,3273,1048,1585,198,44
1709,98,440,ShamAY0033531,3273,41,393,271,96
1709,1,440,ShamAY0033531,4455,818,1353,306,66
1709,448,844,ShamAY0033531,4456,456,1025,222,47
1709,665,1386,Kraken230110004547,137,202,666,208,28
1709,1221,1386,Shamela0036446,643,499,666,129,98
1709,665,1386,Shamela0025800,791,705,977,208,36
1709,580,1386,Sham19Y0017729,423,202,560,223,34
1709,29,436,Sham19Y0014224,1023,614,1034,191,45
1709,665,1386,ShamAY0034005,733,448,737,209,35
1709,445,1386,Shamela0026484,26,848,1372,243,28
1709,1221,1386,Sham19Y0023618,2219,110,277,129,98
1709,1221,1386,Shamela0001001,92,356,524,129,98
1709,665,1386,Sham19Y0020638,781,748,1020,208,36
1709,665,1311,ShamAY0037807,131,1183,1380,152,29
1709,580,1402,JK000609,23,164,530,220,33
1709,665,1386,Shamela0009242,3242,591,863,208,36
1709,665,1461,Sham19Y0017616,254,372,726,224,35
1709,665,1386,Sham19Y0013241,1601,883,1160,197,34
1709,665,1386,JK007065,77,1117,1389,208,36
1709,725,1386,Sham19Y0011194,163,1,213,158,30
1709,1,440,Sham19Y0014601,5677,188,797,266,47
1709,574,1386,Sham19Y0014601,5678,58,860,442,61
1709,1221,1461,Sham19Y0013783,3152,1071,1320,138,60
1709,1221,1386,Masaha001838,21,108,275,129,98
1709,665,1361,Shamela0026047,56,893,1140,188,34
1709,1221,1386,Sham19Y0014325,6354,367,536,127,96
1709,1198,1461,Shamela0021743,1528,839,1159,162,61
1710,908,1064,Sham19Y0013667,6453,740,883,117,91
1710,264,574,Shia002616Vols,7187,26,319,239,92
1710,852,1342,Sham19Y0131521,5984,1,262,179,44
1710,823,1346,Shamela0021590,1274,1131,1391,112,27
1710,912,1342,JK011184,775,534,773,183,52
1710,606,744,Sham19Y0014309,892,1255,1413,101,80
1710,241,512,Shia001831Vols,378,194,453,189,80
1710,886,1522,Sham19Y0122406,2661,1068,1354,110,20
1710,1,574,ShamAY0033531,3274,170,733,389,78
1710,1,400,ShamAY0033531,4456,1162,1584,275,78
1710,241,425,Kraken230110004547,137,386,540,125,81
1710,264,566,Sham19Y0017616,601,746,1031,227,90
1710,867,1424,Sham19Y0014601,5679,5,626,400,72
1710,235,1342,Sham19Y0013783,3153,32,510,300,31
1710,755,1207,Shamela0000791,439,1175,1520,235,61
1710,1207,1411,Shamela0000791,440,1,189,151,89
1711,9,154,Shamela0008176,4647,768,910,99,83
1711,793,1169,Shamela0008176,4654,848,1288,211,53
1711,639,1351,Sham19Y0017747,2020,586,1202,454,74
1711,9,154,Shamela0021744,3070,474,627,111,94
1711,1,154,Shamela0011428,1415,696,840,108,89
1711,793,996,Shamela0021715,10138,261,450,140,88
1711,1,154,Shamela0001727,968,910,1054,108,89
1711,1,154,Shia002240Vols,381,1122,1258,102,84
1711,1,588,Shamela0005756,14547,314,1038,207,28
1711,849,1400,Sham19Y0014309,895,174,612,232,43
1711,1,154,Sham19Y0122406,2661,1354,1498,108,89
1711,33,154,Sham19Y0122406,2662,608,729,94,100
1711,29,154,Sham19Y0132524,1949,351,476,94,93
1711,826,996,Sham19Y0018103,3917,556,687,99,73
1711,12,154,Sham19Y0017729,423,954,1113,110,89
1711,1,154,Shamela0010657,1166,661,805,108,89
1711,9,127,Sham19Y0020638,781,1318,1452,90,87
1711,9,154,Sham19Y0017616,254,781,930,112,97
1711,812,1054,Sham19Y0122257,2163,388,619,179,92
1711,826,996,Sham19Y0013605,4666,603,736,101,74
1712,1,515,Sham19Y0017350,998,1160,1477,194,46
1712,520,1173,Sham19Y0017350,999,7,796,443,67
1712,601,845,Sham19Y0017350,1529,477,617,91,49
1712,157,430,Shamela0008176,4663,487,689,151,66
1712,1,561,Sham19Y0014309,902,174,660,284,53
1712,1216,1529,Sham19Y0122406,2664,812,1101,218,89
1712,67,294,Sham19Y0021525,1187,1253,1502,181,89
1712,1094,1525,Shamela0009082,543,986,1391,178,41
1712,157,430,Sham19Y0122257,2167,443,636,151,68
1713,726,881,ShamAY0034441,156,86,247,111,83
1713,290,535,JK007054,94,356,608,187,92
1713,726,881,Sham19Y0145435,5160,896,1060,108,79
1713,726,905,Sham19Y0013667,4265,1260,1458,130,80
1713,726,936,Sham19Y0016584,4463,757,977,133,72
1713,726,881,Sham19Y0016584,4464,136,522,71,23
1713,564,707,Shamela0000767,43,977,1123,110,95
1713,271,707,Shamela0000767,4515,418,1088,314,58
1713,299,707,Shamela0000767,4554,9,479,238,54
1713,726,910,Sham19Y0148486,4976,199,371,125,81
1713,564,707,Sham19Y0148486,6681,313,457,112,99
1713,564,711,Shamela0008203,257,120,266,110,93
1713,290,544,Shia002616Vols,1901,481,734,192,93
1713,271,535,Shia002616Vols,7216,436,714,165,72
1713,726,872,Shamela0001719,4457,1327,1483,107,82
1713,726,881,Sham19Y0127656,473,1147,1292,107,82
1713,734,915,JK009408,1446,910,1077,114,76
1713,474,920,JK000110,991,1,468,184,39
1713,726,881,JK000110,1790,920,1075,114,88
1713,389,646,Shamela0008353,355,1239,1434,122,56
1713,734,892,Shamela0021809,1398,813,953,101,76
1713,734,892,Shamela0025794,4305,1099,1239,101,76
1713,726,881,Shamela0021715,6044,1339,1504,111,81
1713,726,881,Shamela0021715,10270,1188,1343,121,99
1713,726,910,Sham19Y0016684,1439,922,1086,121,79
1713,271,910,Shamela0001727,969,216,1418,475,50
1713,726,910,JK006838,426,710,884,120,75
1713,726,881,Shamela0005756,10487,902,1067,113,82
1713,778,881,Shamela0005756,14665,6,109,80,99
1713,671,886,Sham19Y0127677,4728,879,1456,144,31
1713,271,535,Shamela0008381,1981,757,1042,202,88
1713,271,540,Shamela0008381,5204,127,412,207,89
1713,271,540,Sham19Y0014309,903,618,895,209,94
1713,1038,1171,Sham19Y0014309,903,1327,1444,91,83
1713,1171,1411,Sham19Y0014309,904,1,239,185,94
1713,271,540,Sham19Y0017903,47,622,904,212,95
1713,266,846,Sham19Y0013253,613,431,1090,250,34
1713,271,540,Shamela0004289,54,985,1265,211,94
1713,726,910,Shamela0004289,55,6,206,134,85
1713,271,540,Shamela0023628,849,106,430,169,56
1713,1,266,Sham19Y0122406,2664,1101,1365,183,85
1713,575,707,Sham19Y0122406,2666,1,134,103,99
1713,671,886,Shia002265Vols,177,887,1457,143,32
1713,245,535,Shamela0000927,1466,481,835,189,65
1713,726,881,Shamela0011404,268,634,782,105,81
1713,734,910,JK000384,205,1173,1310,98,67
1713,271,460,Sham19Y0132524,1880,797,984,149,98
1713,646,924,Sham19Y0132524,1953,177,534,174,58
1713,316,540,Sham19Y0132524,2907,138,325,137,77
1713,290,540,Sham19Y0132524,3088,401,619,161,78
1713,290,920,Shamela0001875,1288,14,538,344,64
1713,564,707,Shamela0001875,1340,586,730,112,99
1713,726,920,Sham19Y0018106,4001,380,554,124,78
1713,290,738,Shamela0036446,28,6,524,211,43
1713,447,910,Sham19Y0018103,2510,711,1188,182,36
1713,726,910,Sham19Y0018103,3959,323,487,121,79
1713,290,924,Shamela0025800,113,134,875,281,37
1713,271,540,Sham19Y0017729,49,478,760,212,95
1713,564,707,Shamela0009292,9,1120,1264,112,99
1713,726,910,ShamAY0034005,712,16,212,126,74
1713,35,787,Sham19Y0020638,782,234,1120,415,51
1713,726,920,Sham19Y0020638,783,217,470,136,66
1713,245,535,ShamAY0037807,57,477,831,189,65
1713,271,540,ShamAY0034403,85,118,343,150,64
1713,671,892,Shamela0013066,273,387,929,114,24
1713,671,892,Shamela0013066,274,427,637,130,72
1713,726,886,Shamela0003722,3222,73,244,115,81
1713,275,540,Sham19Y0013252,6016,378,598,160,75
1713,726,920,Sham19Y0013252,6337,67,280,133,74
1713,726,920,Sham19Y0013252,10059,567,741,124,78
1713,726,960,Sham19Y0013252,10068,37,287,139,66
1713,726,920,Sham19Y0146127,2682,1069,1299,139,75
1713,564,707,Sham19Y0146127,3704,243,387,112,99
1713,412,696,Sham19Y0017616,254,1069,1402,141,49
1713,271,924,JK007065,240,70,914,322,41
1713,271,540,Tafsir06049,1868,589,906,166,56
1713,431,993,Sham19Y0018176,1429,77,603,220,39
1713,726,881,Sham19Y0018176,2404,553,708,114,88
1713,271,646,Shamela0010443,241,557,874,197,60
1713,564,707,JK000024,70,215,359,112,99
1713,271,540,ShamAY0032781,60,339,568,165,74
1713,741,920,Sham19Y0013605,3081,589,773,121,77
1713,726,881,Sham19Y0013605,4714,788,943,114,88
1714,119,286,JK007054,94,1311,1488,126,88
1714,1240,1437,Sham19Y0013769,906,574,776,154,96
1714,1240,1437,Shamela0005756,5652,979,1181,154,96
1714,216,403,Shamela0005756,14557,414,614,95,49
1714,125,415,Shamela0005922,2606,598,965,218,74
1714,74,408,Sham19Y0014309,904,239,551,247,91
1714,454,903,Sham19Y0013253,613,1061,1430,200,46
1714,80,408,Sham19Y0122406,2666,540,821,175,63
1714,775,984,Shia002265Vols,6337,804,957,99,57
1714,1432,1561,Sham19Y0014224,544,1004,1137,104,95
1714,1068,1561,Sham19Y0013252,2938,938,1394,177,35
1714,1240,1437,Sham19Y0013252,2939,314,516,154,96
1714,823,976,Sham19Y0017063,393,628,930,120,47
1714,823,1558,Sham19Y0017063,832,368,1073,394,55
1714,823,1450,Shamela0000791,457,904,1558,458,80
1714,1450,1561,Shamela0000791,458,1,111,89,99
1714,818,1561,Shamela0010517,1664,522,1262,479,70
1715,1,164,Sham19Y0017350,597,1357,1521,121,92
1715,1,977,Sham19Y0013769,906,382,1516,371,30
1715,776,1064,Shamela0021715,2502,205,471,180,77
1715,579,1064,Shamela0021715,3822,426,885,185,36
1715,1,164,Shamela0005756,5652,661,855,124,80
1715,598,750,Shia002265Vols,6337,1038,1189,119,98
1715,588,884,ShamAY0033531,3351,1239,1553,231,91
1715,1093,1376,ShamAY0033531,3352,6,282,211,86
1715,588,1376,ShamAY0033531,4534,618,1213,444,66
1715,1,164,Sham19Y0014224,544,1137,1300,127,99
1715,295,1376,Sham19Y0014224,545,37,1030,501,46
1715,295,569,Sham19Y0013252,2939,870,1110,154,60
1715,761,1064,Shamela0011036,984,1159,1464,236,96
1715,1,1078,Shamela0000791,458,111,1171,827,95
1716,1182,1481,ShamIbadiyya0000438,726,656,889,103,31
1716,1182,1571,Sham19Y0013769,1727,368,747,270,81
1716,8,428,Shamela0008176,4781,1136,1511,286,81
1716,1085,1456,Shamela0008176,4782,1197,1584,224,61
1716,1456,1571,Shamela0008176,4783,1,111,87,93
1716,1275,1571,Sham19Y0017747,2239,69,369,225,92
1716,1159,1571,Kraken210323052121,273,336,973,311,60
1716,433,1085,Sham19Y0017745,160,133,657,331,60
1716,437,1232,Shia000841Vols,5745,748,1572,582,81
1716,515,801,Shamela0011244,55,856,1161,167,58
1716,1159,1559,Sham19Y0131521,4999,105,539,229,53
1716,90,428,JK000311,173,1068,1524,238,62
1716,45,273,Sham19Y0017437,1676,311,680,128,38
1716,58,273,Sham19Y0127700,484,187,409,164,90
1716,1141,1481,Shamela0005756,8474,1077,1305,126,44
1716,754,919,Shamela0005756,8475,114,282,109,76
1716,1145,1481,Shamela0001673,4588,802,1026,123,45
1716,1150,1471,Shamela0005922,3104,45,579,236,54
1716,1280,1571,ShamIbadiyya0000433,900,742,1037,221,92
1716,24,273,Shamela0021619BK2,2809,605,933,169,59
1716,40,273,Sham19Y0013785,906,678,1021,139,43
1716,24,273,Shamela0009702,1023,533,725,151,74
1716,58,273,Shamela0021677,3333,387,727,121,38
1716,24,388,JK000168,131,1306,1646,266,85
1716,1141,1559,ShamAY0033531,2575,402,800,253,72
1716,1141,1559,ShamAY0033531,3758,58,456,253,72
1716,944,1255,Sham19Y0018144,1670,25,212,114,46
1716,51,306,Sham19Y0014224,1068,1050,1329,198,86
1716,1444,1571,Sham19Y0014224,1082,1254,1372,90,89
1716,433,1571,Sham19Y0014224,1089,237,1005,458,47
1716,24,428,Sham19Y0122257,2234,876,1201,254,76
1716,1280,1571,Sham19Y0122257,2235,264,557,223,93
1716,1325,1559,Sham19Y0008889,367,317,568,177,87
1716,24,428,Sham19Y0014325,6409,92,1012,226,28
1716,24,273,Shamela0021743,1793,352,604,191,86
1716,1280,1571,Shamela0000791,396,59,349,230,98
1717,80,649,Sham19Y0013769,1728,96,919,415,60
1717,6,738,Shamela0008176,4783,117,713,446,74
1717,1217,1371,Shamela0008176,4790,159,300,100,76
1717,1,649,Sham19Y0017747,2239,373,1086,416,66
1717,1,649,Sham19Y0017745,161,284,1165,355,44
1717,1362,1539,Sham19Y0131521,4988,512,699,116,73
1717,72,320,Sham19Y0131521,4999,581,806,174,86
1717,72,408,Shamela0021715,4324,279,547,211,76
1717,136,575,Sham19Y0017437,1707,468,964,337,83
1717,136,542,Sham19Y0127700,485,367,736,234,65
1717,41,693,ShamIbadiyya0000433,901,76,807,357,55
1717,942,1533,JK000201,2028,872,1442,450,92
1717,1318,1533,Sham19Y0122406,2673,18,210,121,71
1717,758,1552,ShamAY0033531,2566,654,1466,636,95
1717,1,649,ShamAY0033531,2575,804,1382,450,84
1717,758,1552,ShamAY0033531,3749,322,1134,636,95
1717,1,649,ShamAY0033531,3758,460,1038,450,84
1717,1375,1494,Shia002901Vols,923,883,1002,91,96
1717,1,167,Sham19Y0014224,1082,1376,1536,119,83
1717,1,547,Sham19Y0014224,1089,1009,1569,410,84
1717,6,594,Sham19Y0018272,1845,862,1543,384,60
1717,6,649,Sham19Y0122257,2235,563,1094,405,76
1717,1,375,Sham19Y0008889,367,583,1238,228,40
1717,1010,1498,Sham19Y0017063,901,22,341,231,59
1717,1,649,Shamela0000791,396,349,1006,522,96
1718,6,159,Masaha002473,329,249,402,119,100
1718,1,171,JK007083,216,240,410,126,95
1718,1,159,JK000021,1611,189,347,123,100
1718,171,610,Sham19Y0017350,1025,573,1280,214,32
1718,434,1103,Sham19Y0013769,1711,873,1561,501,85
1718,171,326,Sham19Y0013769,1711,165,317,117,95
1718,1103,1531,Sham19Y0013769,1712,1,574,299,59
1718,294,1539,Shamela0008176,4787,12,934,624,57
1718,909,1396,Sham19Y0017747,2215,781,1325,345,76
1718,1,171,Shia002616Vols,752,572,730,123,92
1718,66,191,Sham19Y0132620,316,1,117,89,92
1718,1377,1531,Shamela0021715,4339,695,847,108,85
1718,393,1116,Shamela0021715,10423,1047,1472,190,32
1718,1377,1539,Shamela0021715,10425,58,223,125,93
1718,1,326,Shamela0001727,971,330,964,242,48
1718,1,159,Sham19Y0017757,175,1300,1445,113,91
1718,171,434,Sham19Y0017437,1686,1216,1451,136,66
1718,178,434,Sham19Y0127700,286,1093,1313,135,67
1718,171,434,Shamela0022645,1185,95,353,137,65
1718,178,330,Shamela0000894,4360,174,327,118,97
1718,1231,1366,Shamela0001673,11229,882,1101,93,52
1718,1,178,JK000271,301,1248,1428,130,88
1718,1,159,Sham19Y0017903,750,770,925,121,98
1718,171,326,Sham19Y0014827,126,1234,1387,117,95
1718,434,704,ShamAY0033522,562,1186,1461,214,93
1718,704,1539,ShamAY0033522,563,1,591,462,67
1718,447,704,JK000201,2024,1268,1523,204,98
1718,704,1301,JK000201,2025,1,347,274,56
1718,178,302,Shamela0023628,234,1371,1523,97,81
1718,1,191,Sham19Y0122406,2673,748,1313,149,33
1718,178,643,Sham19Y0122406,2674,587,937,200,51
1718,159,434,Sham19Y0132524,1966,85,346,143,66
1718,178,434,Shamela0036446,572,987,1177,131,63
1718,178,465,Shamela0025800,2803,964,1191,154,68
1718,1,163,Sham19Y0017729,396,407,566,122,96
1718,1,264,Shia003732Vols,5311,807,1300,167,41
1718,171,565,Sham19Y0014224,1073,886,1512,254,50
1718,540,1539,Sham19Y0014224,1074,10,1042,756,86
1718,1,326,Sham19Y0020638,784,87,467,237,79
1718,11,326,Sham19Y0146127,3605,716,1212,222,56
1718,453,1216,Shamela0000551,2307,1099,1556,353,57
1718,1216,1539,Shamela0000551,2308,1,311,247,93
1718,178,434,Sham19Y0017616,255,194,427,141,61
1718,178,326,JK007065,1457,353,501,117,100
1718,171,326,Sham19Y0011194,166,467,620,118,96
1718,461,686,Sham19Y0122257,2237,1312,1530,170,92
1718,773,1539,Sham19Y0122257,2238,19,580,417,66
1718,1,159,Shamela0022644,2498,1209,1354,113,91
1719,42,582,Sham19Y0013769,1712,591,1075,365,83
1719,708,1051,Sham19Y0013769,1713,452,878,258,73
1719,1,865,Shamela0008176,4787,934,1520,413,59
1719,865,1307,Shamela0008176,4788,1,227,107,28
1719,737,1326,Shamela0021715,4339,24,819,329,49
1719,708,882,Shamela0021715,10424,1326,1499,115,79
1719,1,545,Shamela0021715,10425,223,680,303,67
1719,1,582,ShamAY0033522,563,591,973,293,62
1719,597,1193,JK000201,2025,855,1451,468,95
1719,756,878,Kraken21040109,147,99,220,90,91
1719,593,1002,ShamAY0033531,2539,1101,1500,301,89
1719,1,453,Sham19Y0014224,1074,1042,1548,289,66
1719,708,1051,Sham19Y0014224,1075,894,1227,261,93
1719,715,1173,Shamela0000551,2307,264,1005,263,43
1719,1,582,Shamela0000551,2308,311,686,283,60
1719,1,1268,Sham19Y0122257,2238,580,1509,523,48
1720,314,517,JK007083,201,542,745,159,100
1720,314,517,Shamela0004445,1976,360,522,112,66
1720,314,517,Sham19Y0017350,1023,1156,1359,159,100
1720,314,517,Sham19Y0013769,1706,1266,1469,159,100
1720,721,1033,Sham19Y0013769,1708,782,1580,231,36
1720,145,291,Sham19Y0013769,1712,1363,1501,109,92
1720,314,517,Sham19Y0148486,6491,1237,1429,149,93
1720,314,517,Sham19Y0017747,1799,824,998,135,85
1720,327,517,Shia002616Vols,768,968,1131,124,83
1720,309,517,JK006897,445,1133,1341,161,99
1720,309,531,Shamela0021744,2450,624,807,139,79
1720,314,517,Shamela0022334,9,610,805,153,96
1720,314,517,Shia000841Vols,9171,1027,1230,159,100
1720,309,531,JK000299,2106,394,577,139,79
1720,800,944,Sham19Y0131521,3096,176,314,107,89
1720,314,442,Shamela0021590,1140,1368,1496,99,100
1720,349,531,Shamela0021590,1142,8,164,115,79
1720,379,517,Shamela0001727,972,1,139,108,100
1720,314,517,Sham19Y0017757,146,823,997,136,85
1720,476,823,JK011184,695,819,1125,218,71
1720,327,531,Masaha002028Vols,2437,517,688,118,71
1720,309,520,Sham19Y0014442,2012,1138,1347,158,95
1720,314,531,JK011496,2,750,940,142,83
1720,314,517,Sham19Y0017437,1682,1204,1407,159,100
1720,314,520,Sham19Y0013234,738,301,507,161,100
1720,314,476,Shamela0022645,1180,1294,1456,126,100
1720,372,517,Shamela0022645,1182,326,579,109,55
1720,309,517,Shamela0000894,3902,315,506,148,90
1720,314,531,Shamela0000894,4409,1086,1301,169,99
1720,314,517,Shamela0009790,187,1194,1397,159,100
1720,314,480,Sham19Y0020647,154,1469,1635,129,100
1720,322,517,Shamela0001665,517,505,700,153,100
1720,314,517,Sham19Y0017903,645,927,1133,156,96
1720,314,517,Shia001395Vols,799,765,965,153,96
1720,314,607,Sham19Y0013253,616,855,1148,203,80
1720,327,497,Sham19Y0014827,138,361,527,117,85
1720,647,823,Sham19Y0014827,863,147,411,144,66
1720,327,607,Sham19Y0122406,2677,765,1044,193,80
1720,950,1332,Sham19Y0145212,2175,1,187,128,41
1720,309,517,Shamela0000107,4659,972,1188,129,67
1720,309,517,Shamela0008473,4755,491,685,139,82
1720,352,517,Sham19Y0132524,1967,5,170,130,100
1720,1332,1542,Sham19Y0013577,4939,252,441,135,78
1720,314,517,Sham19Y0017729,355,153,356,158,99
1720,314,517,Sham19Y0150600,746,688,891,159,100
1720,309,506,Shia003732Vols,3884,157,342,140,91
1720,314,517,Sham19Y0014224,1070,1002,1205,159,100
1720,524,1559,Sham19Y0014224,1072,81,1478,703,58
1720,314,517,Sham19Y0020638,784,733,936,159,100
1720,517,811,Masaha001864Vols,5604,1258,1553,242,99
1720,811,1574,Masaha001864Vols,5605,1,797,599,91
1720,404,517,JK007116,77,1,114,89,100
1720,317,517,Sham19Y0146127,3597,1161,1371,144,81
1720,944,1069,Shamela0011036,1882,1314,1452,91,84
1720,1080,1532,Shamela0011036,1883,238,858,361,71
1720,314,517,ShamAY0032443,1713,862,1061,155,97
1720,349,488,Sham19Y0020590,248,480,670,85,51
1720,314,517,Sham19Y0011194,166,181,384,159,100
1720,531,1574,Sham19Y0122257,2009,223,965,537,62
1720,309,506,Sham19Y0013783,3701,909,1086,122,79
1720,314,517,Kraken220413202953,508,600,787,141,89
1720,309,1574,Sham19Y0017063,780,88,1157,628,54
1720,309,517,Rafed0003902Vols,4419,366,541,124,73
1720,314,517,Sham19Y0014325,5399,744,937,146,92
1720,944,1332,Shamela0000791,391,224,407,127,40
1720,309,447,Sham19Y0133413,41,1284,1422,105,98
1720,291,517,Shamela0021537,5138,27,231,117,61
1720,314,1040,Shamela0010517,1552,512,882,254,45
1721,808,1126,Shamela0004445,3211,597,782,119,47
1721,784,1122,Shamela0007891,1291,745,930,117,45
1721,784,1036,Shamela0001733,5057,769,1021,185,91
1721,569,765,ShamIbadiyya0000438,746,1,199,155,97
1721,171,765,Sham19Y0013769,1709,603,1390,346,52
1721,779,1122,Sham19Y0016584,4646,166,356,116,43
1721,779,1122,Sham19Y0148486,4223,710,902,115,43
1721,779,1126,Sham19Y0148486,6725,690,890,118,43
1721,313,742,Sham19Y0017747,1802,236,641,183,40
1721,784,1122,Sham19Y0127656,828,1203,1388,117,45
1721,779,1089,JK000110,1865,1292,1452,94,39
1721,784,931,Shamela0025794,4935,1321,1463,102,85
1721,561,721,Sham19Y0131521,4893,645,844,96,61
1721,523,769,Shamela0021715,10754,393,613,168,84
1721,784,1197,Shamela0001727,972,435,1162,266,44
1721,320,765,JK011184,596,558,837,218,61
1721,784,1122,Shia002069Vols,734,1025,1213,118,45
1721,832,1122,Shamela0005756,10375,6,151,101,44
1721,1173,1471,Shamela0005756,10375,686,998,166,55
1721,779,1122,Shamela0005756,15030,188,378,116,43
1721,789,946,Sham19Y0127677,5584,1218,1388,122,92
1721,523,765,Shamela0001673,8112,364,585,173,90
1721,320,742,Shamela0005922,3066,1260,1516,203,60
1721,595,765,JK007114,1831,1,150,101,71
1721,784,1036,JK000785,2140,914,1161,191,96
1721,523,765,Sham19Y0147104,2039,1267,1488,173,90
1721,313,721,ShamIbadiyya0000433,912,534,796,170,51
1721,779,1122,Shamela0022547,778,730,919,114,43
1721,1109,1499,Shia001831Vols,379,1,299,226,72
1721,527,765,Shamela0011468BK2,1882,113,309,139,70
1721,784,1036,Sham19Y0122406,2677,400,653,195,98
1721,845,1499,Sham19Y0122406,2679,243,742,297,53
1721,832,1197,JK009324,1880,1115,1402,138,43
1721,789,1122,JK009324,2753,281,461,115,44
1721,784,1197,Shamela0037837,556,958,1187,139,43
1721,784,1014,Sham19Y0001734,1628,458,799,171,64
1721,784,1036,Sham19Y0132524,1966,303,554,193,97
1721,789,1036,Shamela0001438,7679,927,1171,186,93
1721,779,1122,Sham19Y0018106,4128,453,643,116,43
1721,527,769,Sham19Y0018106,4138,688,899,158,83
1721,784,1197,Sham19Y0018144,1763,164,880,257,43
1721,1122,1462,Sham19Y0018144,5432,848,1176,231,76
1721,794,1197,JK001173,175,376,669,150,44
1721,779,1491,Sham19Y0018103,2473,415,1026,246,34
1721,779,1122,Sham19Y0018103,4102,889,1079,116,43
1721,779,1197,Shamela0025800,2487,345,570,134,41
1721,812,1122,Shia003732Vols,2163,1080,1290,105,38
1721,1,178,Sham19Y0014224,1072,911,1095,142,96
1721,212,690,Sham19Y0014224,1073,1,522,184,34
1721,784,1122,ShamAY0034005,1390,447,634,116,44
1721,779,1197,Sham19Y0020638,784,946,1329,222,68
1721,784,1036,Masaha001864Vols,2999,1087,1414,185,70
1721,784,1197,Masaha001864Vols,3177,530,879,167,49
1721,1,732,Masaha001864Vols,5605,797,1542,578,95
1721,732,1499,Masaha001864Vols,5606,1,483,338,51
1721,779,1122,Sham19Y0013252,10490,525,715,116,43
1721,784,1197,JK007116,76,926,1301,212,64
1721,784,1122,Sham19Y0146127,2267,1251,1438,116,44
1721,784,1126,Sham19Y0146127,3728,983,1167,118,44
1721,784,1103,Shamela0011036,1877,1235,1337,76,30
1721,784,1197,Shamela0011036,1878,976,1295,95,20
1721,1309,1499,Shamela0011036,1880,793,982,133,81
1721,523,765,Shamela0011036,1884,29,263,185,95
1721,779,1197,Sham19Y0017616,220,723,1102,223,68
1721,591,728,Sham19Y0020590,248,801,937,101,93
1721,237,765,Sham19Y0023625,2512,56,387,207,48
1721,779,1122,Sham19Y0018176,2491,921,1111,116,43
1721,789,1036,Shamela0012220,1861,973,1225,174,83
1721,11,375,Sham19Y0122257,2009,1183,1520,191,63
1721,5,765,Sham19Y0017063,780,1157,1570,262,41
1721,784,1197,Sham19Y0148271,2202,933,1309,213,64
1721,184,765,ShamIbadiyya0000109,3552,80,734,234,35
1721,989,1467,Sham19Y0013605,3042,565,954,195,44
1721,779,1268,Sham19Y0013605,4883,782,1417,206,33
1721,784,1197,Shia001913Vols,202,10,402,202,52
1722,576,769,JK000021,2132,334,557,146,81
1722,595,761,Zaydiyya0000413Vols,2885,644,835,129,83
1722,580,757,JK009390,561,1275,1495,133,75
1722,576,879,Shia002616Vols,1425,1345,1531,148,60
1722,576,927,ShamAY0034182,761,934,1172,166,57
1722,466,879,Sham19Y0014591,4069,604,841,164,49
1722,270,571,Shamela0001727,972,1227,1399,133,56
1722,576,879,Shamela0001727,973,71,622,226,50
1722,576,779,Sham19Y0013572,1368,435,640,149,88
1722,466,757,Shamela0012014,376,89,378,169,72
1722,576,757,Shamela0004473,11119,382,589,139,81
1722,590,757,Shamela0004473,11231,387,554,134,99
1722,576,776,Shamela0004473,14631,576,814,146,76
1722,595,963,Sham19Y0122096,1081,181,598,219,60
1722,576,757,Shamela0004289,220,278,459,146,100
1722,576,1149,Shamela0021660,5498,1214,1542,264,56
1722,1149,1646,Shamela0021660,5499,1,498,409,99
1722,595,784,Shamela0001975,289,426,651,133,74
1722,457,757,Sham19Y0122406,2680,7,379,239,80
1722,834,1571,Sham19Y0122406,2680,669,1559,366,44
1722,595,784,Shia002265Vols,5242,672,891,129,72
1722,595,757,Sham19Y0037618,4649,267,429,131,100
1722,576,769,Sham19Y0123685,2,940,1138,149,92
1722,590,769,Sham19Y0147597,1273,236,431,135,85
1722,576,769,Sham19Y0147597,1292,686,890,147,89
1722,595,757,Shamela0021659,319,418,617,128,79
1722,270,879,Sham19Y0020638,785,220,1048,289,36
1722,576,757,Shamela0013087,240,194,404,142,83
1722,576,757,Sham19Y0146127,2833,1015,1225,141,83
1722,20,233,Shamela0011036,1880,1049,1484,153,42
1722,576,757,Sham19Y0017616,316,365,546,146,100
1722,576,761,Shamela0013048,165,321,533,142,83
1722,576,761,JK007065,1093,1144,1328,145,97
1722,576,757,ShamIbadiyya0000109,6226,284,502,143,81
1722,576,757,ShamIbadiyya0000109,7164,744,955,142,83
1722,576,757,ShamIbadiyya0000109,7379,1127,1345,143,81
1722,576,1092,Shamela0010517,1499,169,669,328,71
1723,427,897,Sham19Y0013769,713,290,771,338,84
1723,1098,1381,Sham19Y0013769,714,285,641,94,25
1723,635,897,Shamela0005756,5562,1230,1420,129,58
1723,23,963,Shia001831Vols,379,766,1109,223,28
1723,1,1044,Shamela0021660,5499,498,1541,839,98
1723,6,710,Sham19Y0122406,2681,5,847,258,29
1723,183,700,Shamela0001438,1115,1257,1384,95,22
1723,732,897,Sham19Y0018144,5434,26,191,131,98
1723,891,1044,Sham19Y0018272,604,879,1037,111,84
1723,640,779,Shamela0000551,3105,1502,1624,98,87
1723,640,897,Sham19Y0013605,1702,1167,1349,128,59
1723,897,1381,Sham19Y0013605,4958,257,396,93,24
1723,897,1044,Shamela0010517,1499,669,816,118,99
1724,1342,1521,Sham19Y0123510,1196,965,1150,146,96
1724,958,1346,Sham19Y0016584,4758,795,1148,216,63
1724,1342,1478,JK010001,1132,1395,1537,110,95
1724,1026,1346,JK010001,1133,586,876,166,59
1724,964,1346,JK000110,1915,304,731,207,55
1724,1066,1346,Shamela0096228,597,1159,1387,161,73
1724,1069,1346,Shamela0025794,3285,11,205,137,64
1724,1342,1521,Tafsir07055,1203,312,505,146,92
1724,1069,1342,Sham19Y0131521,4934,1161,1373,152,71
1724,958,1185,Shamela0021715,10986,1092,1481,136,43
1724,315,450,Shamela0001727,973,1256,1396,108,96
1724,1104,1319,Shamela0023700,1832,1,172,105,62
1724,1066,1386,Shamela0003197,29,519,776,166,66
1724,1066,1346,Shamela0021626,26,440,734,161,59
1724,1069,1342,Shamela0117359,850,507,719,152,71
1724,1069,1342,Shamela0001442,932,448,660,152,71
1724,958,1346,Shamela0004289,208,330,695,198,57
1724,315,450,Shamela0004289,220,58,200,108,95
1724,1098,1346,Sham19Y0149213,2239,283,479,140,71
1724,958,1342,Sham19Y0122406,2683,815,1262,224,58
1724,1066,1346,Shamela0021477,117,103,323,150,67
1724,1069,1319,ShamAY0038144,28,1178,1423,117,52
1724,315,1274,Sham19Y0018144,1765,707,1482,218,20
1724,1270,1521,Sham19Y0018272,160,399,662,187,85
1724,197,450,Sham19Y0020638,785,921,1176,107,45
1724,1066,1346,Shamela0003722,8255,730,958,161,73
1724,1126,1386,Shamela0003722,8256,1,196,122,60
1724,1251,1478,Sham19Y0132962,1669,33,271,156,77
1724,1069,1342,Sham19Y0020591,1304,444,656,152,71
1724,1026,1346,Sham19Y0013252,10674,460,770,188,66
1724,1342,1474,Sham19Y0011194,395,819,957,107,95
1724,1081,1342,Sham19Y0014601,4986,1,201,143,70
1724,1246,1478,Sham19Y0013783,3507,674,970,165,65
1725,368,885,Shamela0008176,4757,738,1007,169,41
1725,7,235,Sham19Y0017747,2209,323,519,116,63
1725,1,417,JK010001,1133,52,374,243,75
1725,12,394,Shamela0011444BK2,3626,441,884,235,68
1725,1,417,Tafsir07055,1203,505,916,310,95
1725,7,235,Sham19Y0131521,4937,777,1028,163,80
1725,12,308,Shamela0021599,3766,854,1182,196,74
1725,1,256,Shamela0006140,605,244,501,169,82
1725,12,156,JK000291,795,1337,1485,108,95
1725,1249,1526,ShamAY0035990,475,425,651,172,75
1725,1304,1449,Sham19Y0014224,1080,709,854,119,99
1725,1,100,Sham19Y0018272,160,662,761,75,98
1725,12,235,Sham19Y0132962,1669,284,511,169,96
1725,262,407,Shamela0006848,91,616,763,97,87
1725,12,1419,Sham19Y0020590,287,225,1262,518,38
1725,1,407,JK007074,2574,633,1031,301,95
1725,1,256,Sham19Y0011194,395,957,1218,181,90
1725,411,876,Sham19Y0122257,2220,151,374,163,43
1725,7,394,Sham19Y0013783,3507,1015,1337,144,42
1725,624,1041,Sham19Y0013783,3563,60,349,156,41
1726,1251,1534,ShamIbadiyya0000438,728,282,608,213,77
1726,418,904,Sham19Y0013769,1705,1321,1477,90,22
1726,319,829,Sham19Y0013769,1706,81,794,253,35
1726,1251,1534,Shamela0008176,4792,1095,1440,216,76
1726,156,443,Shamela0011244,19,1117,1466,198,70
1726,156,829,Sham19Y0131521,6136,593,1008,253,45
1726,114,352,Sham19Y0127677,10803,401,812,141,38
1726,1251,1499,Shamela0005922,3092,1229,1544,183,67
1726,986,1534,ShamAY0033522,564,418,895,276,55
1726,1050,1539,JK000201,3040,415,1108,281,45
1726,1281,1534,ShamAY0033531,2549,848,1174,180,67
1726,1281,1534,ShamAY0033531,3732,563,889,180,67
1726,122,691,Sham19Y0014224,1069,917,1515,211,33
1726,1270,1539,Sham19Y0018272,912,454,803,219,76
1726,986,1270,Shamela0021479,146,746,1232,132,30
1726,161,904,Sham19Y0011194,394,493,1164,490,81
1726,1299,1534,Sham19Y0122257,2241,1165,1404,172,82
1726,103,829,Sham19Y0017063,75,623,1190,268,40
1726,1270,1539,Sham19Y0150962,597,130,369,195,88
1726,1286,1539,Shamela0000791,403,1210,1460,187,86
1727,43,927,ShamIbadiyya0000438,728,591,1370,622,86
1727,97,842,Shamela0008176,4793,1,517,374,62
1727,1283,1512,Shamela0008176,7170,1421,1580,111,57
1727,1,448,Shamela0009810,916,1261,1504,193,53
1727,316,1007,Shamela0005922,3093,59,553,311,54
1727,331,842,ShamIbadiyya0000433,903,227,609,249,59
1727,1,740,ShamAY0033522,564,895,1493,471,79
1727,1,438,JK000201,3040,1108,1550,355,98
1727,1176,1581,Sham19Y0018103,2289,233,607,266,76
1727,1,548,Sham19Y0018272,912,803,1305,367,82
1727,1,427,Sham19Y0020591,1313,1,222,177,51
1727,1,916,Shamela0000551,2312,321,855,389,53
1727,134,850,Sham19Y0122257,2242,1,401,293,50
1727,1283,1512,Sham19Y0122257,3223,1220,1382,114,59
1727,1,916,Sham19Y0150962,597,369,1025,514,69
1727,67,548,ShamIbadiyya0000109,5624,785,1115,189,46
1727,67,916,Shamela0000791,404,1,861,678,97
1727,1176,1581,Sham19Y0013605,2845,1228,1577,262,79
1728,202,776,Shamela0008176,7171,39,750,285,45
1728,770,1128,Shamela0001727,975,1103,1474,76,15
1728,1368,1582,Shamela0001727,976,149,364,66,26
1728,1368,1582,Sham19Y0017903,752,957,1171,70,34
1728,341,712,Shia001831Vols,380,538,820,198,63
1728,1368,1582,ShamAY0032963,6,77,257,70,39
1728,1368,1582,Sham19Y0018144,1771,1149,1359,64,27
1728,19,555,Sham19Y0018103,2289,590,831,168,38
1728,1368,1582,Sham19Y0017729,396,921,1133,64,27
1728,1368,1582,Sham19Y0020638,787,1340,1555,63,25
1728,1368,1582,Sham19Y0017616,256,195,410,66,26
1728,87,372,Sham19Y0122257,3223,1376,1577,137,55
1728,433,603,Sham19Y0122257,3224,6,161,111,83
1728,625,1078,Sham19Y0013605,2846,951,1176,156,42
1729,337,682,Shamela0007891,1344,952,1413,257,70
1729,953,1423,Shamela0021495,444,545,686,110,28
1729,678,1463,Sham19Y0017350,862,286,1098,531,72
1729,1063,1308,ShamIbadiyya0000438,785,315,528,132,59
1729,714,959,Sham19Y0013769,1370,97,373,191,81
1729,337,587,Sham19Y0016584,1848,940,1197,196,95
1729,337,682,Shamela0008176,3924,517,880,263,90
1729,474,682,Shamela0005803,349,39,541,151,37
1729,337,591,JK006897,403,595,883,200,86
1729,276,587,Shamela0001717,2625,874,1182,199,69
1729,337,654,Sham19Y0127656,291,654,948,213,82
1729,337,587,JK000110,572,490,747,196,95
1729,337,678,Shamela0002863,1489,120,644,242,58
1729,337,682,Shamela0011428,1557,1,342,211,73
1729,1056,1308,Sham19Y0131521,2454,642,915,164,69
1729,337,587,Shamela0021715,3850,467,724,196,95
1729,337,587,Sham19Y0016684,956,51,308,196,95
1729,142,682,Shamela0001727,976,324,1229,298,37
1729,746,959,Shamela0005756,965,1,200,156,86
1729,337,587,Shamela0005756,7797,1244,1501,196,95
1729,337,587,Shamela0005756,7908,948,1205,196,95
1729,337,587,Sham19Y0127677,20377,610,860,201,100
1729,325,678,Sham19Y0013253,618,900,1249,236,76
1729,1102,1586,Sham19Y0013253,622,336,735,193,44
1729,1063,1602,ShamAY0033522,584,806,1068,167,37
1729,337,587,ShamAY0033522,584,24,294,194,90
1729,1056,1423,Shamela0021597,1682,876,1014,101,33
1729,678,953,Shamela0009702,907,1022,1268,152,59
1729,1069,1382,Shamela0009702,948,880,1222,226,81
1729,337,678,Sham19Y0122406,2694,417,1035,189,33
1729,188,374,ShamAY0033531,1344,1255,1514,141,66
1729,337,682,Shamela0025800,3055,618,1064,263,73
1729,380,678,Sham19Y0017791,1003,1,255,202,83
1729,337,682,Sham19Y0020638,788,203,625,258,76
1729,355,587,ShamAY0034274,504,23,253,182,95
1729,341,682,Sham19Y0146127,1990,752,1183,234,64
1729,17,172,Shamela0011036,1581,98,244,107,80
1729,337,549,Sham19Y0016976,1004,1329,1548,165,94
1729,395,678,Sham19Y0122257,1850,494,781,189,77
1729,607,1147,Sham19Y0014601,2796,763,1292,144,22
1729,183,332,Sham19Y0014119,1152,1388,1537,125,100
1729,1063,1602,Sham19Y0017063,692,1326,1524,155,35
1729,337,678,Shamela0008360,463,240,599,263,89
1729,337,587,Shamela0010517,1662,154,404,201,100
1730,1448,1574,Sham19Y0017811,278,632,758,101,99
1730,672,1437,Shamela0010517,1662,878,1300,301,49
1731,480,934,Sham19Y0017747,1356,981,1445,332,88
1731,1,507,Sham19Y0017811,278,758,966,166,40
1731,741,1025,Sham19Y0013252,4430,772,1019,116,41
1732,72,654,Sham19Y0020944,369,1183,1467,122,25
1732,72,654,Shamela0007891,1347,1015,1275,100,20
1732,72,654,Shamela0001733,1187,432,710,117,24
1732,849,993,Sham19Y0013769,1718,726,865,108,95
1732,104,499,Sham19Y0013769,2695,709,1101,161,40
1732,72,654,Sham19Y0016584,1888,1033,1322,124,26
1732,72,654,Shamela0000767,2504,462,737,97,20
1732,72,654,Sham19Y0148486,3765,30,316,121,25
1732,1023,1267,Sham19Y0017747,1357,344,631,166,73
1732,72,654,Shamela0005803,349,431,712,120,25
1732,72,654,JK000110,588,868,1157,124,26
1732,72,654,JK000110,1607,313,601,126,26
1732,72,654,Shamela0021691,3,570,859,124,26
1732,72,654,Sham19Y0131521,2447,280,564,122,25
1732,1023,1219,Shamela0021590,922,1305,1498,130,81
1732,72,654,Shamela0021715,3950,473,762,124,26
1732,240,518,Shamela0021715,3951,26,299,119,50
1732,72,654,Shamela0021715,9223,907,1194,126,26
1732,72,654,Shamela0001727,976,1119,1408,123,25
1732,1028,1187,Shamela0001727,977,529,913,113,36
1732,849,993,Shamela0005756,973,355,484,74,62
1732,72,654,Shamela0005756,7923,633,921,124,26
1732,72,654,Shamela0005756,13767,805,1093,126,26
1732,72,654,Shamela0004473,15395,722,1010,126,26
1732,72,654,Shamela0117359,439,624,908,122,25
1732,72,654,ShamAY0038083,107,1021,1310,123,25
1732,72,1187,Sham19Y0017903,768,172,680,227,24
1732,72,654,Shamela0001442,324,1,284,122,25
1732,91,654,Sham19Y0122406,2699,389,643,111,24
1732,86,568,ShamAY0033531,1349,299,948,228,40
1732,72,654,Sham19Y0018106,3676,203,491,126,26
1732,72,654,Sham19Y0018144,1777,66,359,123,24
1732,72,745,Sham19Y0018103,1728,1090,1448,142,24
1732,72,654,Sham19Y0018103,3612,993,1281,126,26
1732,844,1004,Sham19Y0123608,1446,1304,1464,126,100
1732,72,1187,Sham19Y0017729,400,270,779,218,22
1732,72,1187,Sham19Y0020638,788,515,1117,225,21
1732,849,1004,Masaha001864Vols,5607,102,263,122,96
1732,72,654,Sham19Y0013252,4440,999,1288,124,26
1732,72,654,Sham19Y0013252,9083,1180,1467,126,26
1732,293,499,Shamela0000551,2420,225,420,124,66
1732,72,654,Shamela0000782,489,179,475,116,23
1732,573,1187,JK007065,322,299,690,108,18
1732,72,745,Sham19Y0018176,933,71,422,142,24
1732,72,654,Shamela0010803,120,54,355,123,25
1732,72,654,Sham19Y0013605,2254,1107,1396,124,26
1733,1093,1273,Shia001831Vols,380,1427,1590,130,88
1733,641,968,ShamAY0033531,1347,1209,1524,250,95
1733,968,1282,ShamAY0033531,1348,1,291,233,91
1733,1287,1465,Sham19Y0018272,2192,514,719,115,65
1733,35,698,Shamela0007342,907,666,823,110,20
1733,35,322,Sham19Y0022884,189,363,517,92,39
1734,578,752,JK007064,696,1028,1195,127,87
1734,578,752,Shamela0007891,1304,933,1111,141,97
1734,578,752,Shamela0012415,749,407,585,141,97
1734,578,752,ShamIbadiyya0000438,930,31,269,125,63
1734,350,535,ShamAY0034227,4590,1309,1488,145,96
1734,578,718,Shamela0000767,2326,120,264,114,97
1734,578,752,Sham19Y0148486,3590,112,291,137,94
1734,578,788,Sham19Y0148486,6226,945,1178,157,83
1734,578,752,Shamela0006610,1049,295,462,128,88
1734,578,756,Sham19Y0019188,5358,1194,1376,142,96
1734,1415,1536,Shamela0008176,3836,922,1026,82,85
1734,157,320,Sham19Y0017747,1359,1080,1250,129,93
1734,578,752,Sham19Y0017747,1362,1010,1191,137,93
1734,578,752,JK006897,468,1260,1437,137,94
1734,578,752,Shia000841Vols,4170,1114,1295,137,93
1734,578,752,Shamela0002863,2341,1240,1418,136,94
1734,578,1186,Sham19Y0131521,3678,737,1168,254,52
1734,273,752,Shamela0001727,979,879,1211,198,43
1734,578,752,Sham19Y0013572,578,672,839,128,89
1734,578,752,Shamela0010664,1285,1214,1391,140,97
1734,578,752,Sham19Y0127677,14169,762,1286,141,33
1734,578,752,Shamela0117359,638,343,521,136,94
1734,578,752,JK000785,865,1260,1439,133,91
1734,535,752,Kraken210809220219,415,792,1040,152,74
1734,578,752,Sham19Y0017903,734,661,839,141,97
1734,273,1001,Shia001831Vols,381,10,208,106,17
1734,578,752,Shamela0001442,468,938,1116,135,93
1734,578,752,ShamAY0032838,17,360,539,137,94
1734,535,752,Sham19Y0122406,2707,713,1012,173,71
1734,535,982,JK009324,2184,208,560,175,39
1734,350,535,Sham19Y0149697,8706,471,644,140,93
1734,273,752,Sham19Y0018144,1778,298,613,170,37
1734,606,752,Shamela0036446,640,1,148,117,97
1734,582,752,ShamAY0035990,74,753,1382,129,25
1734,578,752,Shamela0025800,2004,688,867,137,94
1734,578,752,Sham19Y0017729,392,502,680,141,97
1734,578,752,Shamela0119492,1250,729,907,135,93
1734,578,756,Sham19Y0020638,790,118,298,142,96
1734,578,752,Sham19Y0020591,955,534,712,136,94
1734,578,752,JK007116,61,1339,1520,139,95
1734,578,756,Shamela0008463,5265,197,378,143,97
1734,578,752,Sham19Y0146127,1889,1232,1411,138,95
1734,539,752,Sham19Y0146127,3442,707,956,157,79
1734,578,752,Shamela0011036,1607,1227,1408,139,95
1734,524,1084,Shamela0011036,1608,228,1004,205,25
1734,1179,1536,Shamela0011036,1609,470,862,230,69
1734,578,752,Shamela0009242,3710,691,856,128,89
1734,578,752,Sham19Y0017616,257,6,184,141,97
1734,578,752,JK007065,532,877,1042,129,89
1734,1415,1536,Sham19Y0122257,1798,643,747,82,85
1734,578,722,Sham19Y0017063,667,257,403,108,91
1734,26,320,Sham19Y0017063,693,700,973,219,90
1734,578,752,Sham19Y0022884,270,28,192,127,88
1734,578,752,Shamela0021743,1675,192,359,129,88
1734,578,1233,Shamela0010517,1366,1084,1575,364,68
1734,578,1107,Shamela0010517,1405,929,1095,82,17
1734,578,1279,Shamela0010517,2805,262,791,396,69
1735,513,745,Shamela0006850,35,590,818,177,90
1735,513,674,JK007064,695,758,917,127,98
1735,513,735,Shamela0001733,4287,967,1211,170,83
1735,513,674,Shamela0006610,1051,684,847,127,95
1735,513,674,JK006897,469,302,465,127,95
1735,513,888,Shia000841Vols,4173,151,425,211,69
1735,939,1524,Shia000841Vols,4174,1,539,195,30
1735,513,735,Shamela0025794,2959,679,942,171,78
1735,745,875,Shamela0025794,5185,814,931,88,86
1735,513,888,Shamela0001727,980,448,971,293,70
1735,106,392,Shamela0005756,7922,5,643,167,33
1735,513,812,Shamela0012014,185,1342,1564,160,66
1735,513,888,Sham19Y0127677,12240,905,1394,231,58
1735,489,881,Sham19Y0127677,12241,265,783,286,69
1735,292,478,Shamela0001673,4340,649,850,131,80
1735,745,875,ShamAY0033973,113,919,1034,77,73
1735,513,888,Shamela0005922,2837,919,1194,214,70
1735,513,679,Shamela0012001,21,1146,1318,133,95
1735,513,735,Sham19Y0017903,733,1242,1469,178,97
1735,745,888,Sham19Y0017903,734,34,179,104,84
1735,513,674,Shamela0021713,1000,1125,1290,130,97
1735,1067,1494,JK000201,2682,329,713,313,88
1735,513,888,Shamela0023628,767,1001,1349,265,86
1735,513,1304,Shamela0095860,71,1087,1571,296,41
1735,513,888,Sham19Y0122406,2709,510,1034,293,70
1735,726,888,Sham19Y0127713,1679,496,920,114,34
1735,648,803,Sham19Y0132524,1995,1283,1538,116,57
1735,532,1036,Shamela0021693,1965,101,558,250,53
1735,513,679,Sham19Y0037618,631,658,829,134,97
1735,532,888,Kraken230110004547,306,134,415,208,70
1735,745,888,Sham19Y0018144,1791,972,1117,113,98
1735,782,888,Sham19Y0018144,5465,470,577,81,97
1735,532,888,Shamela0036446,1117,48,365,251,87
1735,513,901,Shamela0025800,1828,711,1075,277,87
1735,513,674,Sham19Y0017729,391,1277,1443,129,96
1735,674,888,Sham19Y0017729,392,1,249,164,83
1735,513,1000,Sham19Y0020638,790,391,1071,367,67
1735,532,679,Shamela0011468BK1,1123,595,742,119,100
1735,1,236,Shamela0011036,1609,29,308,150,67
1735,557,790,Shamela0000551,2888,1028,1269,115,48
1735,513,674,Shamela0009242,3715,691,854,127,95
1735,745,888,Sham19Y0017616,257,550,695,113,98
1735,535,827,Shamela0000782,674,1,464,184,46
1735,513,674,Shamela0007264,254,1026,1185,127,98
1735,513,898,JK007065,1170,781,1162,267,83
1735,513,992,Sham19Y0014119,458,676,1203,184,31
1735,513,888,Shamela0010443,196,917,1324,218,64
1735,513,996,Shamela0008360,639,456,1087,185,30
1735,532,674,Sham19Y0022884,271,929,1071,115,100
1735,513,684,Shamela0010517,1467,532,707,135,96
1736,157,312,Shamela0007891,1940,1,426,103,31
1736,316,581,ShamIbadiyya0000438,916,332,533,101,49
1736,1226,1515,Shamela0008176,5381,410,661,140,56
1736,1,512,Shia000841Vols,4173,603,920,214,52
1736,1095,1226,Shamela0002863,2344,220,346,98,93
1736,153,760,Sham19Y0131521,5156,242,993,362,59
1736,1392,1515,Sham19Y0131521,5160,944,1156,79,45
1736,316,581,Shamela0001673,9149,172,374,102,49
1736,5,512,Shamela0005922,2838,372,684,201,49
1736,1,141,Shia001831Vols,381,265,405,114,100
1736,28,512,Shamela0001442,994,1156,1423,161,42
1736,1226,1515,JK000201,2296,989,1198,143,61
1736,1123,1449,ShamAY0033531,2676,184,549,165,48
1736,1226,1449,ShamAY0033531,3859,62,231,115,63
1736,28,512,Sham19Y0150639,302,1238,1510,165,44
1736,1381,1515,Shamela0011036,2240,1007,1340,106,38
1736,1114,1319,Shamela0000551,2889,1154,1428,121,47
1736,346,760,Shamela0009242,3719,750,1112,223,63
1736,1221,1515,Sham19Y0122257,2492,725,1311,142,25
1737,536,827,Sham19Y0020944,361,301,562,182,81
1737,546,808,JK000021,1029,1112,1363,172,83
1737,536,831,Shamela0007891,1792,794,1085,188,75
1737,640,827,Shamela0000767,1332,1093,1286,139,95
1737,536,827,Sham19Y0148486,2483,466,765,183,72
1737,559,827,Sham19Y0148486,6234,661,921,178,85
1737,654,760,JK009390,2122,452,564,70,84
1737,559,827,Shamela0008203,199,326,589,178,85
1737,622,827,Shamela0008176,4931,1,198,148,94
1737,836,1471,Shamela0008176,4932,188,631,258,47
1737,1,263,Shamela0008176,5381,661,931,171,73
1737,669,805,JK006897,222,1317,1455,100,96
1737,536,827,ShamAY0038139,20,621,901,178,71
1737,536,827,ShamAY0034447,1138,392,684,189,75
1737,536,827,Shia000841Vols,1999,805,1088,210,93
1737,536,827,Shamela0008540,2132,367,604,152,68
1737,549,827,Shamela0025794,2011,46,276,143,67
1737,654,827,Sham19Y0131521,2406,1,146,97,74
1737,536,827,Sham19Y0131521,2412,266,1006,184,32
1737,536,827,JK007128,662,432,697,203,91
1737,1381,1509,Shamela0001727,981,518,757,98,51
1737,482,827,Shamela0001727,981,97,518,228,65
1737,650,827,Kraken220204081839,75,428,610,127,90
1737,559,827,Shamela0001453,180,803,1063,178,85
1737,536,827,Shamela0005756,5547,778,1031,179,80
1737,536,827,Shamela0012014,157,417,704,192,77
1737,563,684,Shamela0012014,232,1367,1498,87,85
1737,684,827,Shamela0012014,233,1,140,102,95
1737,669,760,Sham19Y0127677,2218,425,518,65,94
1737,498,827,Sham19Y0127677,12253,952,1325,189,54
1737,536,714,Shamela0011385,948,522,675,107,79
1737,669,827,Shamela0004473,1762,1287,1502,112,68
1737,549,827,Shamela0004473,2359,1,284,152,59
1737,640,827,Shamela0004473,9358,20,210,138,95
1737,536,827,Shamela0117359,431,837,1098,182,81
1737,640,772,Sham19Y0014309,1314,1333,1457,91,91
1737,536,827,ShamAY0034066,203,500,782,190,78
1737,640,827,Shamela0010521,256,331,473,101,70
1737,536,827,Sham19Y0017903,401,933,1234,195,76
1737,612,791,Shamela0000140,1080,265,683,108,32
1737,536,760,Sham19Y0096918,225,1188,1409,143,73
1737,1,287,JK000201,2296,1198,1468,163,66
1737,498,711,Sham19Y0020587,578,1272,1505,137,66
1737,536,827,Shamela0026864,7,1162,1449,208,91
1737,536,827,Shamela0010906,2043,1044,1317,180,74
1737,669,760,Shamela0001975,919,234,327,65,94
1737,498,1000,Sham19Y0122406,2712,351,964,266,47
1737,669,760,Shia002265Vols,2071,628,721,67,95
1737,536,784,Sham19Y0145212,2446,188,430,155,72
1737,536,1381,ShamAY0000351,486,36,775,525,74
1737,536,827,Shamela0011435,540,250,550,196,77
1737,536,740,Sham19Y0001734,2040,1282,1477,121,66
1737,740,827,Sham19Y0001734,2041,1,83,61,94
1737,635,827,Sham19Y0132524,1998,114,308,142,96
1737,536,811,Shamela0001875,739,1121,1382,193,91
1737,69,251,ShamAY0033531,2676,616,813,125,76
1737,69,251,ShamAY0033531,3859,298,495,125,76
1737,578,827,Kraken230110004547,203,396,741,167,60
1737,549,827,Sham19Y0018144,1793,767,1052,157,67
1737,536,827,Shamela0036446,362,975,1270,194,77
1737,536,827,Shamela0025800,1161,703,995,190,75
1737,536,827,Sham19Y0017729,202,833,1121,190,76
1737,536,827,Shia003732Vols,3247,792,1079,186,75
1737,578,827,Kraken220413202218,137,1196,1429,165,83
1737,669,760,Shamela0021659,1206,831,924,65,94
1737,536,704,ShamAY0034005,693,1203,1362,115,87
1737,704,827,ShamAY0034005,694,1,119,86,94
1737,549,827,Shamela0009379,95,118,350,143,67
1737,536,827,Sham19Y0023618,319,283,565,189,77
1737,536,827,Sham19Y0020638,790,1091,1380,190,77
1737,549,791,JK001103,54,1177,1501,140,58
1737,650,827,ShamAY0034274,472,556,721,122,91
1737,536,827,Shia001976Vols,272,122,395,179,71
1737,546,827,Sham19Y0020591,607,532,783,174,80
1737,1381,1501,Sham19Y0016555,916,1369,1509,81,72
1737,536,827,Sham19Y0146127,1304,424,722,185,72
1737,559,827,Sham19Y0146127,3447,1104,1345,163,78
1737,69,251,Shamela0011036,2241,1,848,138,20
1737,536,836,Sham19Y0016976,1265,878,1160,186,73
1737,1,115,Shamela0009242,3717,572,681,81,88
1737,510,827,Sham19Y0017616,257,701,1057,212,71
1737,1381,1509,Sham19Y0017616,257,1059,1222,91,70
1737,536,827,ShamAY0038389,270,216,485,169,71
1737,536,827,JK007065,720,1125,1416,192,77
1737,549,760,Tafsir07076,338,877,1160,119,55
1737,536,827,Tafsir06049,1242,817,1090,181,73
1737,536,827,Sham19Y0122257,2316,1113,1388,172,70
1737,836,1178,Sham19Y0122257,2317,1212,1516,165,53
1737,536,827,Sham19Y0014601,2747,544,842,181,71
1737,536,827,Sham19Y0014119,418,247,525,182,73
1737,536,836,Sham19Y0017063,931,1216,1502,184,73
1737,549,827,Sham19Y0148271,667,231,463,143,67
1737,536,827,Shamela0008360,587,165,443,182,73
1738,1,419,ShamAY0033885,8,591,1003,311,91
1738,1,241,JK009242,180,1172,1470,168,67
1738,257,419,JK009242,188,651,847,124,77
1738,1,419,Shamela0001727,981,757,1188,330,95
1738,1,419,JK006838,856,132,503,284,81
1738,1,408,Sham19Y0023644,1543,592,1020,248,67
1738,1,244,Shamela0035100,211,1248,1489,187,94
1738,244,419,Shamela0035100,212,1,183,140,96
1738,1,419,Sham19Y0017903,539,694,1113,323,94
1738,1,419,Zaydiyya0000457,56,700,1117,303,87
1738,20,408,Sham19Y0013253,623,872,1215,242,76
1738,1,419,Shamela0010906,396,643,1065,325,94
1738,1,419,Sham19Y0122406,2713,187,1112,314,41
1738,252,419,Sham19Y0122406,2714,1319,1493,134,95
1738,1,408,Shamela0006590,391,1055,1472,289,80
1738,186,558,Sham19Y0132524,1999,1,314,204,63
1738,1,241,Shamela0001875,1039,748,1030,183,80
1738,1,419,Kraken230110004547,632,1041,1426,285,80
1738,1,207,Shamela0037713,220,473,626,115,69
1738,1,419,Sham19Y0018144,1794,144,578,328,94
1738,1,207,Shamela0036446,1169,1239,1445,167,100
1738,1,419,Shamela0025800,3264,414,851,328,93
1738,1,419,Sham19Y0017729,286,739,1150,314,92
1738,1,419,Shamela0000170,1068,610,1033,327,95
1738,1,419,ShamAY0034005,989,636,1042,312,92
1738,1,428,Sham19Y0020638,791,68,496,331,94
1738,139,419,Masaha001864Vols,1266,1,286,212,91
1738,937,1176,Masaha001864Vols,4387,228,466,191,99
1738,1,419,Sham19Y0016555,917,9,438,330,95
1738,1,212,Sham19Y0017616,257,1222,1433,171,100
1738,217,419,Sham19Y0017616,258,1,215,159,93
1738,1,419,JK007065,351,900,1328,319,91
1738,1,419,Sham19Y0148271,749,924,1350,319,92
1738,1,419,Shamela0010803,62,381,806,323,95
1738,1,319,Shamela0009654,44,388,670,209,79
1739,645,862,Sham19Y0020561,1728,352,577,169,92
1739,645,969,Sham19Y0020944,576,1005,1283,197,74
1739,648,969,JK007083,148,427,720,224,84
1739,652,973,Shamela0004445,1731,267,524,191,73
1739,645,801,Shamela0007891,1800,1,157,114,91
1739,648,917,Zaydiyya0000010,664,34,254,165,74
1739,601,969,Shamela0012415,681,10,345,260,87
1739,645,969,Sham19Y0145435,5244,342,677,252,91
1739,601,825,Sham19Y0013667,4848,1331,1549,164,90
1739,660,981,Sham19Y0016584,1956,1,205,145,55
1739,648,917,Zaydiyya0000267,2186,143,363,159,72
1739,595,1067,Sham19Y0148486,5632,574,950,275,72
1739,595,981,Sham19Y0148486,5662,419,777,269,86
1739,595,989,Sham19Y0148486,5681,927,1263,220,64
1739,632,956,Sham19Y0148486,5762,1240,1523,202,76
1739,648,969,Shamela0006610,942,266,545,213,81
1739,595,973,Sham19Y0016546,1384,488,827,217,68
1739,645,959,Shamela0008176,4955,1285,1551,199,78
1739,645,969,Shamela0008176,4982,435,707,205,79
1739,645,969,JK006897,327,140,435,226,85
1739,595,969,Shia002034Vols,1468,832,1111,154,47
1739,645,969,Shamela0021744,3253,1228,1501,205,79
1739,637,973,ShamAY0033592,10,57,425,209,65
1739,626,969,JK000110,616,274,522,158,54
1739,645,969,Shia000841Vols,8796,995,1276,213,80
1739,645,969,JK000299,2790,382,652,201,77
1739,640,981,Shamela0002863,2192,330,625,196,70
1739,530,981,ShamAY0033182,2216,414,854,247,63
1739,626,969,Shamela0025794,955,38,341,221,77
1739,626,969,Shamela0025794,994,865,1153,208,75
1739,645,969,Shamela0011428,1450,903,1182,209,80
1739,1318,1540,Sham19Y0131521,3671,800,1024,159,78
1739,760,973,Sham19Y0131521,3690,1,163,125,72
1739,632,795,Shamela0021715,4114,1077,1256,126,89
1739,490,770,Shamela0001727,981,1188,1465,214,93
1739,770,1022,Shamela0001727,982,1,296,175,67
1739,595,981,JK006838,815,960,1322,210,58
1739,513,1548,Shamela0000432,4031,615,1202,405,45
1739,626,989,JK011302,118,632,943,211,68
1739,714,935,Sham19Y0013572,594,1,237,164,81
1739,652,969,Sham19Y0127700,298,994,1228,177,68
1739,595,973,Shamela0117359,640,449,784,208,62
1739,652,969,Kraken230106005528,219,1069,1349,170,63
1739,652,969,Kraken230106005528,812,497,745,166,61
1739,652,969,Shamela0005922,2776,591,854,200,77
1739,590,969,ShamAY0038083,142,750,1099,217,65
1739,626,969,ShamAY0032747,6,1063,1368,193,65
1739,645,978,Shamela0000427BK2,4068,743,1034,205,72
1739,595,969,Shamela0022868,211,1208,1559,219,67
1739,652,862,Sham19Y0014309,610,1343,1552,159,90
1739,648,978,Shamela0035100,138,632,907,203,73
1739,652,969,JK000271,281,345,608,200,77
1739,645,969,Sham19Y0017903,543,593,912,247,94
1739,13,171,Sham19Y0013253,624,232,391,114,88
1739,645,969,Shamela0001449,55,244,534,225,85
1739,665,978,Shamela0010906,323,1,264,194,73
1739,13,165,Sham19Y0122406,2714,86,242,110,88
1739,485,981,Sham19Y0122406,2715,179,689,369,87
1739,648,973,Shamela0009369,72,1044,1285,167,62
1739,648,969,JK009324,1578,442,662,161,61
1739,640,969,Shamela0037837,663,1150,1360,147,55
1739,648,791,Sham19Y0132524,1202,1241,1388,113,97
1739,669,1022,Sham19Y0132524,1203,67,430,165,47
1739,652,969,Shia002003Vols,1363,979,1247,207,79
1739,791,1406,Sham19Y0018106,1815,1,362,175,31
1739,614,969,Sham19Y0018144,1802,512,873,227,72
1739,626,969,Sham19Y0018103,1787,399,648,159,54
1739,652,917,Shamela0025800,503,359,729,201,65
1739,656,917,Shamela0025800,2230,108,473,200,67
1739,645,1003,Sham19Y0017729,290,584,914,253,87
1739,645,844,Shia003732Vols,1821,1253,1452,154,95
1739,626,959,JK006800,80,1210,1477,198,73
1739,601,969,ShamAY0034005,699,822,1171,213,67
1739,645,1003,Sham19Y0020638,791,1013,1365,264,90
1739,479,917,JK007036,357,406,737,201,55
1739,176,490,Masaha001864Vols,4387,466,790,246,95
1739,595,969,Shamela0012981,1501,668,971,198,63
1739,595,973,Sham19Y0020591,958,964,1295,208,62
1739,645,969,Shamela0021766,4507,397,662,194,73
1739,626,969,Sham19Y0013252,4608,233,482,159,54
1739,648,969,Sham19Y0013252,4609,41,244,148,56
1739,648,969,Sham19Y0013252,5266,851,1079,170,64
1739,645,969,JK005200,1342,955,1240,211,78
1739,660,969,Shamela0007342,1228,1128,1411,199,75
1739,741,969,Sham19Y0146127,3084,1,176,137,74
1739,648,969,Sham19Y0146127,3102,144,403,196,73
1739,648,969,Sham19Y0146127,3114,832,1048,165,64
1739,645,969,Sham19Y0146127,3166,959,1227,201,76
1739,648,969,Shamela0009242,3382,977,1256,212,81
1739,648,969,Shamela0009242,3383,566,845,212,81
1739,645,969,Sham19Y0017616,269,1048,1383,252,91
1739,595,989,Masaha002308Vols,452,501,890,286,87
1739,626,969,Shamela0000956,804,825,1089,171,62
1739,645,989,JK007065,547,136,471,227,76
1739,756,969,Sham19Y0018176,968,10,173,121,68
1739,601,969,Shia002088,172,622,957,176,55
1739,595,969,Sham19Y0148271,1104,994,1326,227,73
1739,741,917,Sham19Y0014325,5921,368,503,107,74
1739,645,969,Shamela0021743,1555,1215,1512,215,78
1739,648,969,Sham19Y0013605,2322,803,1010,151,57
1740,638,836,Sham19Y0018259,508,1,192,152,96
1740,1395,1605,Shamela0011334,217,960,1603,148,28
1740,605,836,Shamela0006610,941,426,650,178,96
1740,605,836,ShamAY0034409,3,719,944,179,97
1740,532,836,Sham19Y0018328,323,659,948,225,92
1740,1,494,Sham19Y0017747,2035,677,1292,356,67
1740,847,1278,Sham19Y0017747,2036,1082,1576,296,69
1740,605,836,JK006897,327,489,713,178,96
1740,605,836,JK009242,404,980,1213,176,95
1740,605,836,Shamela0021744,3252,838,1069,183,99
1740,600,836,Shamela0002386,380,1029,1383,141,49
1740,1400,1605,Shamela0002386,381,684,1567,155,21
1740,9,246,Shia000841Vols,8797,389,523,98,50
1740,623,836,JK000299,2789,1,215,169,98
1740,605,836,Shamela0011428,1449,93,318,179,97
1740,879,1047,Sham19Y0131521,3662,1,169,126,93
1740,174,457,Shamela0021590,1300,1,345,157,46
1740,323,532,Shamela0021715,4115,247,441,139,74
1740,532,836,Shamela0001727,982,296,851,236,52
1740,1,208,Shamela0000432,4031,1202,1410,166,98
1740,619,836,Shamela0009795,273,65,271,158,89
1740,605,836,Shamela0010639,214,425,656,184,100
1740,532,743,Sham19Y0127677,18726,116,373,157,74
1740,600,836,Shamela0005922,2821,388,618,182,97
1740,605,840,Shamela0012001,155,1222,1455,179,93
1740,605,836,Sham19Y0014309,608,1045,1276,184,100
1740,13,646,Sham19Y0014309,611,406,1195,219,24
1740,605,823,JK000271,279,1237,1450,168,96
1740,847,1098,Shia001831Vols,381,1103,1317,161,78
1740,605,836,JK006950,10,640,845,163,88
1740,605,836,JK006950,2725,530,757,178,96
1740,605,836,ShamAY0033181,1546,444,671,175,95
1740,851,1033,Shamela0000140,1488,1358,1582,131,71
1740,847,1098,ShamAY0033522,408,253,452,148,68
1740,605,836,Sham19Y0096918,513,1285,1517,183,98
1740,605,836,Shamela0001449,58,257,482,179,97
1740,532,836,Sham19Y0122406,2717,448,1003,236,52
1740,1124,1400,Sham19Y0127713,1539,1062,1404,194,63
1740,522,836,Sham19Y0037618,2768,1121,1439,196,74
1740,605,836,JK000381,5703,637,842,163,88
1740,605,836,JK000381,8420,218,445,178,96
1740,605,836,Shamela0025800,501,1083,1308,179,97
1740,605,836,Sham19Y0017791,1302,424,648,178,96
1740,605,830,Sham19Y0017791,1303,13,354,154,53
1740,605,830,Sham19Y0123608,1066,351,577,178,98
1740,605,836,Sham19Y0017729,284,89,313,178,96
1740,605,836,Shia003732Vols,2416,106,331,179,97
1740,605,836,ShamAY0034383,86,10,235,179,97
1740,605,836,Masaha001864Vols,2080,922,1133,168,91
1740,532,1043,Masaha001864Vols,5117,341,756,201,43
1740,660,836,Masaha001946Vols,514,1,176,140,99
1740,840,1376,Masaha001946Vols,514,857,1307,316,70
1740,609,890,Shamela0000551,1631,43,541,139,31
1740,1124,1381,Shamela0000551,1632,82,307,182,85
1740,605,836,Sham19Y0016976,1274,1020,1244,178,96
1740,605,836,Shamela0009690,1388,930,1158,177,95
1740,323,532,Sham19Y0023625,193,669,877,170,99
1740,1043,1330,Sham19Y0122257,2333,1356,1598,166,69
1740,605,836,Shamela0021729,176,12,240,178,96
1740,605,836,Sham19Y0014119,421,359,583,178,96
1740,605,836,Sham19Y0017063,938,1164,1388,177,96
1740,605,836,Rafed0003902Vols,4812,260,482,179,96
1740,605,836,Sham19Y0022884,827,380,605,179,97
1741,290,569,Sham19Y0020944,572,954,1239,195,83
1741,290,569,JK007083,148,1143,1422,228,100
1741,290,569,JK007064,892,338,608,213,91
1741,290,569,Shamela0007891,1778,781,1069,194,81
1741,290,569,Sham19Y0013667,4831,451,730,228,100
1741,290,569,Sham19Y0013667,4832,251,536,195,83
1741,290,644,Zaydiyya0000267,2175,755,1080,196,69
1741,290,569,Shamela0011334,217,1142,1426,227,97
1741,290,569,Sham19Y0011326,281,734,997,209,91
1741,290,569,Sham19Y0011326,283,149,405,209,91
1741,290,585,Shamela0012091,16,850,1119,215,89
1741,313,569,JK009390,348,1,253,206,97
1741,290,569,JK009390,6252,447,731,226,97
1741,290,569,ShamAY0034409,3,1100,1375,225,98
1741,271,569,Shamela0003055,2020,1197,1446,156,56
1741,299,557,Sham19Y0016546,1398,42,310,178,80
1741,290,569,Shamela0008176,4960,895,1174,228,100
1741,1,381,Shamela0008176,4962,919,1418,244,57
1741,381,1585,Shamela0008176,4963,123,1121,393,30
1741,963,1462,Sham19Y0017747,2037,716,1163,264,59
1741,271,569,Shia002616Vols,2980,957,1287,242,90
1741,290,569,JK006897,327,858,1137,228,100
1741,299,466,JK009242,404,1354,1521,138,100
1741,290,569,Shamela0012293,2489,1179,1441,209,92
1741,290,569,Shamela0021744,3252,1219,1500,211,89
1741,290,569,Shamela0002386,381,1181,1443,209,92
1741,1296,1580,Shamela0002386,382,692,910,132,56
1741,290,569,Shamela0021809,239,59,337,215,92
1741,290,569,Sham19Y0147669,35,823,1102,228,100
1741,1360,1484,Shia000841Vols,8901,1144,1272,97,94
1741,290,569,JK000299,2789,371,652,211,89
1741,290,569,Shamela0025794,4361,440,723,191,80
1741,290,569,Shamela0025794,4372,283,563,220,95
1741,290,569,Shamela0011428,1449,460,731,219,96
1741,290,569,Sham19Y0131521,3663,884,1169,195,83
1741,828,1585,Sham19Y0131521,3666,15,1114,512,55
1741,290,569,Shamela0001727,982,996,1275,228,100
1741,1360,1484,JK011184,798,1279,1404,97,96
1741,290,644,JK011302,25,804,1128,215,72
1741,293,644,JK011302,195,631,961,212,71
1741,290,569,JK006870,50,472,734,209,92
1741,290,569,JK007099,541,706,968,209,92
1741,1296,1580,JK007099,544,209,433,132,56
1741,290,569,JK000786,3449,383,668,196,83
1741,290,569,Sham19Y0127700,298,234,513,227,98
1741,290,644,Shamela0009810,1086,462,787,219,73
1741,290,569,Sham19Y0127677,4400,608,887,228,100
1741,290,644,JK000624,259,724,1064,230,78
1741,290,569,Shamela0004473,16437,646,925,228,100
1741,290,569,Shamela0012884,2288,352,629,193,82
1741,290,644,Shia001731Vols,611,1117,1442,219,73
1741,290,569,Shamela0117359,636,194,479,195,83
1741,290,569,Shamela0006947,8281,125,400,224,98
1741,290,569,Kraken230106005528,219,250,530,214,91
1741,290,569,Shamela0005922,2821,703,977,220,96
1741,290,569,Shamela0021739,413,1127,1407,191,81
1741,290,569,Tafsir09084,1069,861,1141,191,81
1741,290,569,Shamela0012001,156,40,320,227,99
1741,731,1104,Sham19Y0014309,609,1218,1580,258,80
1741,350,569,Sham19Y0014309,609,1,218,169,92
1741,290,644,JK000785,1183,1000,1350,225,71
1741,290,569,JK000271,280,159,438,227,99
1741,290,569,Sham19Y0017903,537,286,557,218,96
1741,290,466,Sham19Y0013253,683,1200,1371,140,96
1741,290,569,JK006950,10,987,1266,228,100
1741,290,569,Sham19Y0014827,344,242,528,200,85
1741,290,533,Sham19Y0014827,357,1295,1548,172,83
1741,290,569,ShamAY0033181,1546,810,1081,219,96
1741,1282,1585,JK000201,2295,507,752,165,66
1741,290,569,Shamela0001449,58,627,906,227,99
1741,290,569,Shamela0001975,164,80,354,224,98
1741,290,569,Sham19Y0122406,2718,420,875,89,17
1741,337,569,Shia002265Vols,1234,1,232,188,99
1741,290,569,Shia002265Vols,1281,869,1148,228,100
1741,405,569,Sham19Y0145212,2462,1,165,134,100
1741,290,491,ShamAY0038144,57,1273,1472,161,97
1741,290,569,Shamela0008473,2197,253,533,191,81
1741,928,1360,Sham19Y0132524,1200,1376,1492,65,18
1741,290,569,Shia002003Vols,1360,446,700,182,75
1741,290,569,Shamela0001438,770,205,479,224,98
1741,290,569,Shamela0001438,6311,399,678,228,100
1741,290,569,Kraken230110004547,89,309,590,219,93
1741,290,569,JK000381,5703,984,1263,228,100
1741,290,644,Sham19Y0018144,1795,290,662,233,73
1741,290,569,Shamela0036446,735,776,1055,228,100
1741,391,569,Shamela0025800,502,1,179,146,100
1741,290,569,Sham19Y0017791,1302,793,1072,228,100
1741,290,509,Sham19Y0017791,1303,882,1511,176,34
1741,290,569,Sham19Y0017729,284,458,737,226,99
1741,290,569,Shia003732Vols,2416,473,750,223,97
1741,290,644,Shia003732Vols,2542,766,1077,228,77
1741,290,569,JK006800,16,232,505,217,95
1741,293,569,JK006800,142,284,528,189,84
1741,290,569,Shamela0000170,386,1300,1572,209,90
1741,290,569,Shamela0021659,225,1051,1329,226,99
1741,290,569,JK000917,786,218,498,226,98
1741,290,569,ShamAY0034383,86,380,659,228,100
1741,313,644,Sham19Y0006684,1016,1,315,203,69
1741,290,569,Sham19Y0020638,792,299,578,228,100
1741,290,569,Masaha001864Vols,2080,1278,1565,228,97
1741,290,569,Shamela0003722,6713,375,654,220,95
1741,290,644,JK000475,1845,272,623,225,72
1741,290,569,Sham19Y0020591,951,907,1192,195,83
1741,290,569,Shamela0021766,1906,973,1249,221,97
1741,290,585,Zaydiyya0000107,56,83,379,230,93
1741,290,569,Sham19Y0017885,2281,1093,1379,227,97
1741,425,569,Sham19Y0016976,1275,1,145,118,100
1741,290,644,JK007025,22,1064,1429,227,72
1741,290,471,Shamela0009242,3379,178,359,149,100
1741,310,569,Sham19Y0017616,268,17,276,212,100
1741,299,557,Shamela0000782,577,274,522,181,82
1741,290,569,JK007065,213,582,861,227,99
1741,290,569,Sham19Y0122257,2332,6,285,228,100
1741,992,1580,Sham19Y0122257,2334,136,752,215,29
1741,290,569,Sham19Y0014119,421,728,1007,228,100
1741,299,569,Sham19Y0017063,939,1,271,220,99
1741,290,569,Rafed0003902Vols,2408,882,1161,188,80
1741,290,569,Rafed0003902Vols,4812,627,906,228,100
1741,290,569,Shamela0003637,16,1152,1431,228,100
1741,290,569,Shamela0008360,591,701,1005,228,91
1742,621,1173,JK007083,149,1,298,232,52
1742,586,1173,Sham19Y0013667,4831,822,1153,259,55
1742,347,1173,Shamela0011334,218,517,1302,350,39
1742,576,1173,Shamela0006610,941,1138,1479,253,52
1742,586,1173,Sham19Y0011326,281,1091,1414,252,54
1742,586,1173,Sham19Y0011326,283,499,822,245,51
1742,586,1173,JK009390,348,398,733,259,54
1742,586,1173,JK009390,6252,823,1156,252,53
1742,672,1192,ShamAY0034409,4,9,276,198,46
1742,239,562,ShamAY0034409,20,11,648,178,32
1742,586,1113,Shamela0008176,4960,1266,1536,209,49
1742,1,230,Shamela0008176,4963,1121,1341,164,87
1742,586,775,Shamela0008176,4964,405,892,149,38
1742,645,1442,Shamela0008176,4965,79,574,250,34
1742,907,1290,Sham19Y0017747,2038,433,1007,156,32
1742,586,1147,JK006897,327,1229,1534,240,53
1742,576,1200,JK009242,405,190,584,266,51
1742,586,775,Shamela0012293,2492,461,649,149,98
1742,586,794,Shamela0012293,6235,494,664,107,62
1742,360,562,Shamela0001717,987,1098,1562,124,32
1742,586,1173,Shamela0021744,3253,69,354,215,46
1742,347,562,Shamela0002386,382,1114,1361,123,51
1742,654,1173,Shamela0002386,383,617,864,184,43
1742,1029,1177,JK010001,3313,102,252,110,94
1742,586,1173,Shamela0021809,239,429,769,255,53
1742,586,1173,JK000299,2789,739,1024,215,46
1742,586,1173,Shamela0025794,4372,655,994,250,52
1742,1029,1177,Tafsir07055,3444,254,404,111,94
1742,586,1173,Shamela0011428,1449,826,1154,258,55
1742,1069,1442,Sham19Y0131521,3667,12,608,223,46
1742,586,1173,Shamela0021590,1301,553,886,172,34
1742,586,754,Shamela0001727,982,1367,1537,133,97
1742,1024,1173,Shamela0001727,983,12,162,111,94
1742,586,794,Sham19Y0017757,163,751,921,107,62
1742,586,1173,JK006870,50,828,1142,237,50
1742,586,1173,JK007099,541,1062,1376,237,50
1742,347,562,JK007099,544,637,884,122,50
1742,586,1003,JK007099,545,101,296,117,35
1742,576,1177,Sham19Y0127700,298,593,946,261,52
1742,576,1173,Shamela0009810,1086,832,1184,236,47
1742,586,1173,Sham19Y0127677,4400,979,1310,260,55
1742,576,1173,JK000624,259,1109,1485,243,47
1742,621,1173,Shia001731Vols,612,1,308,204,44
1742,567,1173,Shamela0006947,2661,1071,1458,278,55
1742,1020,1173,Shamela0006947,16697,1357,1533,115,81
1742,576,780,Shamela0005922,2821,1063,1274,158,92
1742,1020,1173,JK000734,321,1298,1469,118,87
1742,1020,1173,Shamela0012001,156,997,1222,121,68
1742,586,775,Shamela0012001,156,412,603,150,97
1742,576,761,Sham19Y0014309,609,305,476,122,78
1742,586,901,Sham19Y0014309,610,592,1073,179,41
1742,662,1177,JK000785,1184,1,300,192,43
1742,586,1173,JK000271,280,530,860,257,54
1742,586,1177,Sham19Y0017903,537,646,985,263,55
1742,586,730,Sham19Y0013253,683,1371,1515,109,93
1742,730,1173,Sham19Y0013253,684,1,186,146,41
1742,576,775,JK006950,10,1352,1557,154,93
1742,1054,1183,JK006950,11,1,130,96,94
1742,586,1173,ShamAY0033181,1546,1173,1501,258,55
1742,1,242,JK000201,2295,752,983,166,85
1742,586,1442,JK000201,2316,840,1494,320,41
1742,567,1173,Zaydiyya0000054,466,917,1318,263,52
1742,586,1173,Shamela0001449,58,1000,1324,249,53
1742,586,1173,Shamela0001975,164,443,755,242,51
1742,347,562,Sham19Y0122406,2722,296,535,121,50
1742,586,1173,Shia002265Vols,1234,318,649,256,54
1742,586,1162,Shia002265Vols,1281,1240,1562,250,54
1742,586,1173,JK009324,1639,1069,1351,202,44
1742,708,1173,Sham19Y0145212,2462,987,1193,160,43
1742,586,808,Sham19Y0145212,2462,257,513,122,60
1742,586,1177,ShamAY0038144,58,165,504,233,48
1742,571,1177,Sham19Y0032384,671,220,570,264,54
1742,649,1177,Sham19Y0001734,1803,4,337,196,41
1742,347,1173,Sham19Y0132524,1201,926,1467,352,49
1742,586,1173,Shamela0001438,770,568,901,259,55
1742,586,1173,Shamela0001438,6311,770,1103,258,54
1742,586,1173,Kraken230110004547,89,685,1033,258,53
1742,576,775,JK000381,5703,1349,1554,154,93
1742,1058,1183,JK000381,5704,1,126,93,94
1742,586,1173,Sham19Y0018144,1795,715,988,183,38
1742,576,1173,Shamela0036446,735,1138,1483,255,52
1742,586,1173,Sham19Y0036114,504,9,354,241,50
1742,1020,1192,Sham19Y0013577,5850,564,747,122,83
1742,576,1177,Shamela0025800,502,263,614,257,52
1742,586,1173,Sham19Y0017791,1302,1164,1494,256,54
1742,586,1192,Sham19Y0017791,1304,526,1272,263,33
1742,1020,1177,Sham19Y0123608,1092,156,325,121,91
1742,586,1177,Sham19Y0017729,284,826,1144,233,48
1742,586,1173,Shia003732Vols,2416,848,1180,258,54
1742,672,1173,Shamela0021659,226,9,254,193,48
1742,586,1173,ShamAY0034383,86,751,1082,260,55
1742,567,1192,Zaydiyya0000570BK3,3596,872,1284,228,43
1742,567,1173,Shamela0006856,154,912,1276,263,52
1742,586,1551,Sham19Y0020638,792,670,1229,316,36
1742,567,1173,Shamela0009993,314,452,812,264,53
1742,586,1173,Masaha001864Vols,2081,81,407,255,54
1742,586,1173,Shamela0012981,1194,779,1140,265,55
1742,586,1173,Shamela0003722,6713,746,1085,250,52
1742,591,1173,JK000475,1845,677,1025,243,51
1742,1020,1192,Shamela0011468BK1,3315,757,939,122,83
1742,1020,1173,Sham19Y0017885,2297,844,1000,118,96
1742,586,1173,Sham19Y0016976,1275,237,567,256,54
1742,605,780,Sham19Y0016976,1276,1345,1523,139,96
1742,1024,1173,Sham19Y0016976,1277,147,296,110,94
1742,640,1266,Shamela0009242,3380,6,452,241,42
1742,586,1173,Sham19Y0017616,268,368,756,275,55
1742,586,1173,Sham19Y0013241,1614,392,704,241,51
1742,591,1192,Zaydiyya0000361,1186,5,363,230,46
1742,576,1173,Shamela0000782,577,544,870,240,50
1742,576,1173,JK007065,213,945,1309,262,53
1742,1039,1442,Shamela0021642,1246,332,606,173,51
1742,586,1173,Sham19Y0122257,2333,128,458,256,54
1742,822,1442,Sham19Y0122257,2334,1018,1476,298,57
1742,1,230,Sham19Y0122257,2334,764,989,170,90
1742,1039,1466,Sham19Y0014601,4001,617,1190,210,43
1742,586,1173,Sham19Y0014119,421,1099,1429,256,54
1742,586,761,Sham19Y0017063,939,363,540,138,97
1742,581,714,Sham19Y0148271,263,1410,1547,104,94
1742,714,1173,Sham19Y0148271,264,1,202,158,43
1742,586,1173,Rafed0003902Vols,4812,998,1329,260,55
1742,1039,1262,ShamAY0000443,3863,726,935,129,69
1742,571,794,ShamIbadiyya0000109,6309,626,809,121,66
1742,586,1173,Shamela0008360,591,1097,1429,254,54
1743,701,957,Sham19Y0036110,303,1345,1559,167,77
1743,275,1089,Shamela0005756,826,453,1404,427,51
1743,547,1066,Sham19Y0014309,2634,385,904,419,99
1743,1396,1500,Sham19Y0122406,2724,341,540,79,51
1743,172,446,Sham19Y0013252,662,1185,1414,161,74
1743,562,1040,Sham19Y0013252,663,63,397,251,64
1743,208,1030,Sham19Y0013605,327,292,866,434,65
1744,262,604,Sham19Y0013769,1834,310,737,170,42
1744,208,333,JK009390,1756,614,934,84,33
1744,116,437,Shamela0008176,4752,111,955,182,24
1744,703,1338,Shamela0008176,4753,36,490,311,57
1744,116,361,Shia002616Vols,2799,718,834,81,42
1744,341,604,Sham19Y0122402,581,744,984,176,81
1744,116,337,ShamAY0034182,699,185,678,117,31
1744,1319,1570,Sham19Y0131521,3693,866,1277,201,59
1744,333,604,Sham19Y0131521,3889,935,1210,211,91
1744,686,1278,Sham19Y0131521,3890,135,432,222,46
1744,708,1221,Shamela0021715,5065,752,873,94,22
1744,81,337,Shamela0001727,985,399,874,140,35
1744,1319,1570,Shamela0026568,456,911,1317,163,49
1744,116,333,Sham19Y0017437,1861,1018,1271,141,63
1744,1319,1570,Shamela0009810,1078,1015,1251,149,63
1744,708,1278,Shamela0005756,9412,273,680,258,55
1744,116,333,Shamela0012014,343,280,508,117,56
1744,208,333,Sham19Y0127677,1722,859,990,91,89
1744,686,1278,Shamela0001673,5119,794,1213,271,55
1744,116,323,Shamela0000140,2019,318,536,109,54
1744,372,1284,Shamela0000140,2020,1,836,456,49
1744,1305,1570,JK000201,2370,86,343,200,88
1744,1319,1570,Shamela0023685,478,556,959,165,50
1744,208,333,Shamela0001975,745,481,730,93,47
1744,116,369,Sham19Y0122406,2724,1085,1330,103,42
1744,81,1047,Sham19Y0122406,2726,184,1148,255,23
1744,116,323,Sham19Y0145212,2354,1255,1486,133,64
1744,208,333,Shamela0001438,3105,353,833,74,18
1744,1278,1570,ShamAY0033531,1891,862,1137,199,80
1744,144,333,Shamela0036446,749,133,337,133,83
1744,116,333,Sham19Y0018569,679,77,398,65,21
1744,116,333,Shamela0025800,2319,601,873,145,67
1744,116,333,Zaydiyya0000035,46,1082,1442,121,37
1744,208,333,Shamela0021659,992,387,774,84,27
1744,253,490,Sham19Y0014224,1164,1265,1487,119,53
1744,494,1264,Sham19Y0014224,1165,137,1009,366,39
1744,116,341,ShamAY0034005,710,570,910,85,24
1744,208,333,Sham19Y0018272,1817,1260,1407,59,53
1744,125,333,Shia002294Vols,594,1211,1447,117,56
1744,116,333,Sham19Y0020638,793,872,1253,105,28
1744,616,1206,Sham19Y0013252,5649,94,520,272,56
1744,130,764,Shamela0021654,911,1113,1447,116,22
1744,1344,1470,Shamela0011036,1925,1173,1325,82,59
1744,708,1278,Shamela0009242,3535,196,615,263,55
1744,116,333,JK007065,721,34,212,114,57
1744,686,1338,Sham19Y0011194,417,412,1068,500,93
1744,703,1278,Sham19Y0122257,2217,344,719,296,62
1744,105,333,Sham19Y0017063,892,995,1229,102,40
1744,116,347,Shamela0008360,562,289,532,137,62
1744,116,333,Sham19Y0022884,263,728,860,72,43
1744,333,1278,Shamela0000791,494,6,941,758,98
1745,1254,1475,Rafed0003257Vols,2577,519,741,183,99
1745,1254,1475,Shamela0029743,371,1032,1254,183,99
1745,505,1022,Sham19Y0013769,1811,215,731,372,81
1745,1254,1475,Shamela0010273,1033,1367,1596,183,96
1745,1221,1475,Shia002359Vols,1896,730,1011,194,82
1745,1254,1475,Shamela0023632,1536,180,409,183,96
1745,1,268,Shamela0008176,4976,1010,1221,158,74
1745,1259,1475,Shamela0021821,699,293,510,179,99
1745,1254,1475,Shamela0023614,415,591,813,183,99
1745,1254,1475,Shamela0023591,3512,411,633,183,99
1745,907,1614,Sham19Y0131521,3688,368,1042,461,71
1745,1,194,Sham19Y0131521,3693,1277,1459,142,93
1745,1259,1475,Tanzil001,79,1,218,179,99
1745,56,222,Shamela0000432,4027,1447,1601,115,85
1745,1254,1475,Rafed0001713Vols,959,1001,1223,183,99
1745,512,920,Sham19Y0017437,1838,390,690,191,54
1745,1254,1475,Shamela0010639,215,1,223,183,99
1745,279,719,Sham19Y0127677,13216,596,1085,263,53
1745,1,133,Shamela0000894,1646,622,754,98,95
1745,1248,1475,Shamela0004473,639,936,1167,188,98
1745,1124,1475,Shamela0004473,3402,417,737,207,71
1745,1216,1475,Shamela0004473,8666,887,1131,198,90
1745,1248,1475,Sham19Y0023590,2323,681,912,188,98
1745,1254,1475,ShamAY0031578,4308,70,299,183,96
1745,64,1609,Shia001831Vols,382,366,990,487,38
1745,512,961,Shamela0000140,186,1138,1538,143,33
1745,961,1654,Shamela0000140,187,1,475,213,33
1745,1,268,JK000201,2370,343,612,207,96
1745,1254,1475,Shamela0023594,728,1005,1234,183,96
1745,1,126,ShamAY0033531,1891,1137,1267,97,94
1745,529,818,Sham19Y0013631,2084,761,876,89,38
1745,1243,1475,Shamela0095590,1871,720,956,192,98
1745,1254,1475,Shamela0023578,1347,1008,1237,183,96
1745,319,1143,Sham19Y0014224,1150,609,1671,424,40
1745,1071,1654,Sham19Y0014224,1151,1,735,402,64
1745,1254,1475,Rafed0001792Vols,2186,877,1099,183,99
1745,86,279,Shamela0011036,1927,619,875,142,68
1745,1254,1475,Shamela0023623,1516,1094,1323,183,96
1745,1254,1475,Shia002406Vols,3375,122,344,183,99
1745,1254,1475,Shamela0037458,1500,1138,1360,183,99
1745,339,1114,Sham19Y0023625,1700,236,1001,320,40
1745,544,787,Sham19Y0122257,2335,1380,1518,99,48
1745,1,368,Sham19Y0122257,2339,1234,1517,182,59
1745,1248,1475,Shamela0021537,452,738,969,188,98
1745,1248,1475,Shamela0021537,623,1368,1599,188,98
1745,1248,1475,Shamela0021537,892,1092,1323,188,98
1745,1208,1475,Shamela0021537,1665,1161,1445,199,85
1745,1248,1504,Shamela0021537,4289,1204,1542,204,73
1745,1208,1475,Shamela0021537,4310,287,571,199,85
1745,1248,1475,Shamela0021537,6020,508,739,188,98
1746,28,531,JK007083,149,518,835,143,31
1746,56,423,Sham19Y0013769,1810,1097,1439,197,60
1746,129,460,Shamela0006610,946,1046,1311,119,40
1746,578,844,Sham19Y0131521,3687,626,863,157,71
1746,1104,1544,Shamela0001727,986,1202,1324,96,27
1746,31,531,JK000785,1197,507,813,142,32
1746,441,1187,Sham19Y0122406,2730,739,1462,231,26
1746,37,460,Sham19Y0014224,1150,248,640,294,84
1746,855,1099,Masaha001864Vols,5125,585,837,200,96
1746,28,531,Shia002067,280,142,457,146,30
1746,978,1305,JK001140,92,42,340,167,57
1747,1,326,ShamIbadiyya0000237,53,321,807,224,56
1747,1087,1242,Shamela0021495,431,927,1067,96,66
1747,135,283,Sham19Y0013769,1836,1,476,84,20
1747,115,237,Shamela0008176,4980,144,266,99,100
1747,1330,1630,Shamela0008176,4980,266,588,174,67
1747,293,796,Sham19Y0017747,2040,588,1070,244,54
1747,1226,1573,Sham19Y0017747,2042,671,996,154,52
1747,1090,1420,Sham19Y0131521,3745,1155,1524,192,56
1747,237,396,Shamela0001727,987,240,545,117,47
1747,667,933,Shamela0000432,4032,97,367,184,82
1747,1335,1495,Shamela0000432,4669,238,398,130,100
1747,1,257,Shamela0000432,6192,1093,1424,201,73
1747,1338,1630,Shamela0000432,6193,1,277,192,80
1747,1,237,Sham19Y0017437,1866,41,278,189,97
1747,321,523,Shamela0005756,9101,946,1504,131,29
1747,523,1242,Shamela0005756,9102,1,637,348,49
1747,1,608,Sham19Y0122406,2732,379,1437,254,28
1747,1,326,Sham19Y0014224,1166,1155,1621,197,44
1747,1,150,Sham19Y0018272,2189,1428,1577,123,100
1747,1246,1506,Sham19Y0011194,418,252,512,212,100
1747,115,237,Sham19Y0122257,2340,1137,1259,97,98
1747,1330,1495,Sham19Y0122257,2340,1259,1424,133,98
1747,1,396,Sham19Y0017063,942,1161,1340,127,39
1747,246,1495,Shamela0000791,487,537,1475,626,55
1748,696,902,Masaha002473,217,1173,1358,144,89
1748,692,902,Shamela0004445,477,907,1104,153,92
1748,692,902,Shamela0007891,1822,580,778,140,83
1748,711,906,Shamela0002864,473,1059,1226,118,75
1748,692,902,Sham19Y0145435,5069,863,1054,142,84
1748,653,1561,Sham19Y0020594,297,259,641,259,35
1748,692,902,Sham19Y0016584,2348,244,435,142,84
1748,772,902,Sham19Y0148486,3951,5,136,95,93
1748,6,246,Sham19Y0032381,189,845,1066,161,80
1748,692,820,Shamela0003485,190,729,841,86,85
1748,711,902,JK009390,1502,427,603,126,80
1748,128,353,Shamela0008176,4981,462,656,150,82
1748,692,858,Shamela0008176,5115,1317,1467,111,83
1748,692,1131,Shamela0008176,5116,517,1260,192,27
1748,1160,1572,Shia002616Vols,2114,627,834,113,30
1748,692,902,ShamAY0034073,1190,376,568,142,83
1748,692,902,Sham19Y0127656,382,89,280,142,84
1748,692,902,JK000110,781,751,942,142,84
1748,692,902,Shamela0025794,1514,1067,1264,153,92
1748,692,902,Shamela0021715,4961,943,1134,142,84
1748,692,902,Sham19Y0016684,1239,1273,1464,142,84
1748,653,1572,Shamela0001727,988,286,883,275,30
1748,1,537,Shamela0000432,6193,277,708,336,76
1748,692,902,Sham19Y0133367,151,728,920,141,83
1748,692,902,Sham19Y0013572,1219,690,882,141,83
1748,692,902,Shamela0005756,9284,125,316,142,84
1748,692,902,Sham19Y0023644,513,1204,1391,136,81
1748,692,902,Shamela0012014,25,990,1205,142,77
1748,692,902,Shamela0010664,571,1064,1264,148,88
1748,711,902,Sham19Y0127677,1561,418,595,127,80
1748,653,1561,Sham19Y0127677,8342,292,891,270,30
1748,692,902,Shamela0004473,14101,305,503,155,93
1748,692,902,Shamela0012406,195,773,969,150,90
1748,715,902,MMS00013,2754,724,892,123,81
1748,692,902,Sham19Y0014309,670,1046,1250,151,89
1748,692,854,Sham19Y0014309,2551,73,219,108,82
1748,692,1206,Sham19Y0017903,574,1159,1390,174,42
1748,692,902,Shia003721Vols,397,1040,1237,153,92
1748,1268,1467,Shamela0000140,196,581,796,146,84
1748,6,306,JK000201,2258,1122,1548,167,44
1748,692,902,ShamAY0034282,1067,976,1168,138,81
1748,692,902,Shamela0023628,993,1044,1235,139,82
1748,692,902,Shia001878,25,318,516,145,85
1748,692,902,Shamela0005815,159,488,668,125,75
1748,711,902,Shamela0001975,617,63,238,126,79
1748,135,687,Sham19Y0122406,2734,1300,1480,114,23
1748,692,1206,Sham19Y0122406,2735,177,405,177,43
1748,711,902,Shia002265Vols,1239,344,521,126,79
1748,755,902,Sham19Y0145212,2528,1072,1213,100,84
1748,711,902,Shamela0000927,1943,647,814,122,82
1748,692,902,Shamela0037837,486,714,904,137,81
1748,663,865,Sham19Y0132524,1211,488,686,134,81
1748,1179,1458,Sham19Y0132524,1212,1,321,160,57
1748,711,902,Shamela0001438,2520,417,594,127,80
1748,657,902,Kraken230110004547,100,283,510,141,68
1748,692,902,Sham19Y0018106,2207,459,650,142,84
1748,692,902,ShamAY0032963,8,959,1156,148,85
1748,749,902,Shamela0037713,114,841,989,112,93
1748,692,831,Sham19Y0018144,1815,1335,1460,95,88
1748,711,902,Shamela0036446,751,287,459,125,81
1748,692,902,Sham19Y0018103,2114,192,383,142,84
1748,692,902,Sham19Y0013577,7641,754,944,139,82
1748,692,902,Shamela0025800,555,577,770,140,82
1748,692,902,Shamela0096283,245,429,620,142,84
1748,692,1537,Sham19Y0017729,315,1144,1452,220,33
1748,719,902,Shamela0023578,1003,1,169,119,83
1748,692,902,Shamela0006870,46,1103,1299,150,90
1748,711,902,Shamela0021659,824,1165,1341,126,80
1748,711,902,Shia001368,58,1047,1219,127,82
1748,711,902,JK000917,715,563,735,127,82
1748,692,902,ShamAY0034005,1223,866,1061,142,86
1748,542,902,Sham19Y0020638,796,575,1008,212,60
1748,692,902,Sham19Y0013252,5508,192,383,142,84
1748,722,902,JK007116,82,1,169,131,91
1748,692,902,Sham19Y0146127,2101,395,595,139,83
1748,1012,1504,Shamela0011036,1960,1,491,299,67
1748,653,1212,Sham19Y0017616,275,1153,1465,204,43
1748,701,902,Shamela0029344,69,341,521,119,72
1748,692,902,JK007065,1012,74,265,141,83
1748,692,902,Tafsir06049,2084,90,260,119,71
1748,692,902,Sham19Y0018176,1160,1014,1205,142,84
1748,692,902,Shia003729Vols,372,833,1065,128,67
1748,171,353,Sham19Y0122257,2341,808,963,118,79
1748,692,820,Sham19Y0122257,2396,52,163,81,82
1748,1012,1131,Sham19Y0122257,2398,175,295,95,99
1748,128,302,Sham19Y0014601,4005,229,381,117,83
1748,692,902,ShamAY0033632,152,201,391,138,81
1748,692,902,Sham19Y0148271,1406,385,579,151,90
1748,692,902,Shamela0008360,610,1083,1276,140,82
1748,711,902,ShamAY0035288,253,840,1007,122,82
1748,62,578,Shamela0000791,488,504,975,353,82
1748,692,902,Sham19Y0013605,2665,267,889,137,27
1748,696,902,Shia001551,286,458,646,132,79
1749,519,888,Masaha002473,218,1,253,74,19
1749,488,932,Shamela0007891,1822,899,1230,93,20
1749,488,888,Sham19Y0148486,3951,260,553,93,22
1749,1,503,Shamela0008176,5117,970,1418,287,65
1749,488,1161,Shamela0001727,988,869,1489,225,34
1749,1,227,Shamela0026568,567,507,694,114,59
1749,208,464,Shamela0021599,781,1194,1421,141,65
1749,217,503,Shamela0010664,572,1,269,153,62
1749,488,888,Sham19Y0127677,8342,886,1179,92,22
1749,208,437,Masaha001961Vols,641,876,1070,141,73
1749,1,903,Shia001831Vols,383,76,547,358,48
1749,498,705,Shamela0000140,196,1424,1588,129,76
1749,1,479,Shamela0023628,994,294,782,359,88
1749,1,121,Shamela0023685,658,467,595,95,90
1749,44,484,Sham19Y0122406,2735,906,1377,302,76
1749,771,1161,Sham19Y0122406,2736,1003,1289,175,50
1749,1086,1512,Sham19Y0122406,2737,1,483,177,41
1749,488,888,Sham19Y0001734,1834,668,956,92,21
1749,131,568,Sham19Y0132524,1212,682,1133,259,63
1749,1007,1121,ShamAY0033531,1948,264,374,83,94
1749,8,432,Sham19Y0018103,2115,305,562,164,45
1749,488,1086,Sham19Y0017729,316,20,457,134,24
1749,488,888,Sham19Y0020638,796,1136,1432,93,22
1749,1,121,Masaha001864Vols,4362,587,715,95,90
1749,488,1086,JK007116,82,294,726,130,23
1749,488,1086,Sham19Y0146127,2101,719,1153,118,19
1749,1,503,Shamela0011036,1960,887,1483,355,73
1749,484,836,Shamela0011036,1961,684,1043,253,86
1749,488,1091,Sham19Y0017616,276,82,593,166,29
1749,488,888,Shamela0029344,69,649,865,97,27
1749,1,418,Sham19Y0122257,2397,1131,1539,292,81
1749,577,1086,Sham19Y0122257,2398,40,449,182,41
1749,488,888,Sham19Y0148271,1406,703,995,92,22
1749,1,437,Sham19Y0013605,2666,286,595,195,53
1750,944,1525,Sham19Y0013769,1832,62,1046,350,42
1750,91,412,Sham19Y0013769,1849,1246,1565,198,69
1750,439,654,Sham19Y0148486,3952,872,1218,58,18
1750,990,1477,Shamela0005756,9320,598,1375,355,56
1750,38,394,Sham19Y0014309,392,729,1060,227,75
1750,1071,1346,Sham19Y0014309,651,405,635,164,71
1750,1,478,Sham19Y0122406,2737,483,963,268,60
1750,394,1297,Sham19Y0122406,2738,133,753,211,21
1750,692,1055,ShamAY0033531,1952,363,667,139,36
1750,20,434,Sham19Y0014224,1179,647,1067,286,81
1750,446,1067,Sham19Y0020638,797,261,1033,136,14
1750,944,1067,Shamela0011036,1967,966,1512,98,22
1750,1077,1525,Shamela0011036,1971,234,1081,321,46
1750,426,1067,Sham19Y0017616,276,500,1085,103,12
1751,1217,1339,Sham19Y0020944,607,318,446,96,95
1751,1217,1339,Shamela0007891,1833,1091,1213,96,100
1751,997,1212,Sham19Y0013769,1832,1125,1340,173,98
1751,1217,1344,Sham19Y0148486,3996,942,1075,98,93
1751,1217,1339,Shamela0026324,2556,445,567,96,100
1751,1217,1344,Shamela0002863,1553,333,467,98,93
1751,1217,1339,Sham19Y0014591,3555,802,924,96,100
1751,1217,1339,Tafsir07055,662,482,604,96,100
1751,1217,1339,Sham19Y0131521,3863,106,234,96,95
1751,850,992,Sham19Y0131521,3864,38,191,114,92
1751,1217,1339,Sham19Y0131521,3869,181,303,96,100
1751,704,815,Sham19Y0127660,867,487,598,89,99
1751,333,704,Shamela0001727,989,616,1197,121,20
1751,1217,1339,Shamela0001727,990,671,793,96,100
1751,328,830,Shamela0005756,9320,1,820,371,54
1751,1217,1339,Shamela0117359,670,956,1084,96,95
1751,1256,1554,Sham19Y0014309,651,14,375,181,61
1751,1217,1339,Sham19Y0122406,2741,396,518,96,100
1751,656,830,ShamAY0033531,1952,631,826,115,67
1751,1217,1373,Sham19Y0020638,797,1201,1342,105,81
1751,333,785,Sham19Y0020638,797,688,1077,148,30
1751,1217,1339,Sham19Y0020591,1006,638,766,96,95
1751,1217,1339,Sham19Y0146127,2129,38,166,96,95
1751,333,704,Shamela0011036,1967,966,1512,125,22
1751,156,785,Shamela0011036,1969,790,1417,226,35
1751,1011,1217,Shamela0011036,1972,469,847,143,43
1751,1217,1339,Sham19Y0017616,276,1131,1253,96,100
1751,1316,1554,Sham19Y0011194,415,404,653,187,94
1751,347,585,Sham19Y0014601,4190,238,473,166,81
1752,382,558,Shamela0012415,660,566,742,135,98
1752,1217,1533,Shamela0008176,5045,618,832,142,52
1752,32,558,Shamela0001727,990,793,1310,388,91
1752,1016,1533,ShamAY0033522,411,211,668,303,66
1752,32,558,Sham19Y0122406,2741,861,1378,388,91
1752,1191,1533,ShamAY0035950,745,838,1196,256,82
1752,382,558,Sham19Y0131336,1106,822,997,135,99
1752,1181,1424,Sham19Y0131336,1962,205,377,137,70
1752,1217,1533,Sham19Y0122257,2370,282,495,143,52
1752,1170,1493,Sham19Y0017063,961,281,555,182,69
1753,279,589,ShamIbadiyya0000438,542,348,707,121,37
1753,525,851,Sham19Y0013769,1825,1184,1546,192,57
1753,851,1059,Sham19Y0013769,1826,37,242,137,78
1753,1161,1544,Sham19Y0013769,1827,1,503,252,58
1753,404,1033,Shamela0008176,5046,734,1164,313,61
1753,307,1026,Sham19Y0017747,2050,193,925,292,38
1753,1200,1544,Sham19Y0017747,2051,14,413,180,50
1753,312,1161,Sham19Y0131521,3817,499,1138,395,56
1753,525,647,Shamela0001673,5073,399,562,85,68
1753,404,985,Sham19Y0014309,654,1120,1499,249,51
1753,326,1070,Sham19Y0147104,2042,765,1504,595,99
1753,1,274,ShamAY0033522,411,590,886,178,65
1753,279,941,Sham19Y0014218,107,354,975,460,82
1753,307,1533,Sham19Y0014224,1160,530,1547,658,59
1753,1,141,ShamAY0035950,745,1196,1362,73,58
1753,153,371,Sham19Y0020591,995,323,730,128,37
1753,67,255,Sham19Y0013252,5566,970,1354,103,33
1753,640,1359,Sham19Y0122257,2371,1,436,268,46
1753,1,195,Sham19Y0017063,961,513,678,116,73
1753,377,1161,Sham19Y0017063,962,301,685,255,41
1753,457,941,Shamela0000791,487,1,463,363,92
1754,1039,1194,Shamela0012415,660,1294,1430,100,79
1754,1133,1431,Shamela0021495,430,678,1076,210,62
1754,337,1158,ShamIbadiyya0000438,543,509,1295,245,27
1754,107,732,Sham19Y0013769,1827,946,1544,324,56
1754,818,1019,Sham19Y0013769,1828,282,491,156,92
1754,189,427,ShamAY0034227,2002,699,1132,170,47
1754,274,986,Shamela0008176,5046,101,501,284,50
1754,7,590,Sham19Y0017747,2051,413,926,297,55
1754,194,560,Sham19Y0131521,3817,92,577,177,34
1754,880,1518,Sham19Y0131521,3818,352,1237,248,28
1754,329,710,Sham19Y0014309,655,137,454,198,67
1754,194,427,Sham19Y0149697,3741,78,299,168,88
1754,1,745,Sham19Y0014224,1161,17,757,404,57
1754,1035,1208,ShamAY0034005,1393,863,1017,120,88
1754,1199,1518,Sham19Y0131336,1962,790,1095,242,93
1754,229,1309,Sham19Y0122257,2371,445,1091,382,41
1754,1067,1518,Sham19Y0017063,961,678,1024,242,65
1754,436,927,Sham19Y0013605,2683,89,404,110,22
1755,79,556,Shamela0021495,430,1025,1410,239,60
1755,879,1073,Shamela0021495,431,39,216,141,85
1755,115,369,Sham19Y0131521,3818,1237,1511,180,74
1755,886,1333,Sham19Y0131521,3819,1225,1620,163,33
1755,886,1333,ShamAY0033522,414,221,474,155,40
1755,1,220,Sham19Y0013252,5562,426,804,135,44
1755,125,445,Masaha001946Vols,655,307,538,140,55
1755,940,1349,Masaha001946Vols,656,574,926,189,54
1755,537,1042,Shamela0000551,1651,869,1541,160,27
1755,136,256,Sham19Y0122257,2373,1116,1239,93,90
1755,1,710,Sham19Y0017063,961,1024,1535,330,50
1755,710,1339,Sham19Y0017063,962,1,301,236,45
1756,717,1348,Shamela0004445,1426,900,1339,191,31
1756,717,1378,ShamAY0034441,218,743,1244,236,39
1756,717,1363,Shamela0007891,2338,452,877,203,33
1756,717,1369,Shamela0001733,4004,356,802,205,33
1756,717,1378,Shia001432Vols,8218,79,545,200,31
1756,717,1363,JK000575,8,11,457,209,34
1756,717,1378,Sham19Y0013667,4922,661,1080,195,32
1756,826,1411,Sham19Y0013667,4932,1,420,203,35
1756,717,1282,Sham19Y0016584,2364,203,545,153,29
1756,717,1363,Sham19Y0148486,3980,868,1311,210,34
1756,717,1372,Shamela0006610,961,134,568,231,41
1756,1171,1330,Sham19Y0016546,1401,462,620,121,95
1756,826,1378,Shamela0008176,5108,32,436,209,40
1756,1171,1330,Shia002616Vols,2776,472,605,102,78
1756,717,1538,JK006897,332,357,840,234,32
1756,394,878,JK009242,386,1132,1438,91,23
1756,717,1363,JK009408,1819,355,779,205,36
1756,1175,1330,JK010001,614,784,941,116,91
1756,717,1363,JK000110,788,1011,1438,203,33
1756,388,1378,Shamela0021809,1728,535,1188,245,26
1756,388,1378,Shia000841Vols,8047,106,701,248,28
1756,1171,1378,Shia000841Vols,8830,1132,1386,163,78
1756,388,1378,Shamela0025794,369,57,717,234,24
1756,1171,1330,Tafsir07055,656,526,697,127,91
1756,717,1378,Shamela0011428,1513,628,1063,230,41
1756,717,1363,Shamela0037325,119,941,1371,194,31
1756,717,1538,Shamela0037325,138,16,548,236,30
1756,717,1363,Shamela0021715,4998,154,583,203,33
1756,717,1282,Sham19Y0016684,1252,1167,1509,153,29
1756,388,869,Shamela0001727,991,998,1306,99,24
1756,1190,1378,Shamela0001727,992,14,199,148,97
1756,717,1378,JK000916,2153,66,553,204,31
1756,1171,1378,JK000916,2154,257,507,157,75
1756,717,1348,JK006838,558,222,602,174,30
1756,1171,1378,Shamela0003118,904,343,582,155,77
1756,717,1378,Sham19Y0013572,173,277,791,239,37
1756,717,1363,Shamela0005719,10,171,595,207,36
1756,717,1378,Shamela0005922,2194,359,980,236,34
1756,717,1378,Shamela0008657,633,431,939,228,34
1756,394,1378,Masaha001961Vols,782,23,686,260,28
1756,717,1348,Shamela0035100,43,88,493,187,32
1756,388,869,Sham19Y0017903,582,1133,1442,101,25
1756,1171,1378,Sham19Y0017903,583,64,282,165,93
1756,717,1411,Shamela0022547,2160,685,1132,234,37
1756,707,1330,Shia001831Vols,383,1283,1509,147,29
1756,1,117,Shia001831Vols,383,1133,1247,92,98
1756,1171,1363,ShamAY0034282,1105,35,249,143,81
1756,717,1348,Shamela0010906,228,1062,1467,187,32
1756,717,1372,Shamela0010906,1023,986,1381,194,37
1756,717,1300,Shamela0023628,1516,1141,1546,181,34
1756,163,372,Sham19Y0122406,2746,1043,1247,154,89
1756,1171,1378,Sham19Y0145212,2525,178,456,164,72
1756,717,1363,Shamela0037837,496,291,804,212,32
1756,1171,1378,Sham19Y0001734,1848,737,998,156,74
1756,717,1372,Shia002003Vols,1388,1037,1472,223,36
1756,717,1378,Shamela0009770,326,168,616,232,38
1756,1190,1330,Kraken230110004547,353,471,622,107,87
1756,717,1538,ShamAY0033945,1833,124,738,221,25
1756,717,1378,Sham19Y0018106,2225,171,753,214,29
1756,717,1378,Sham19Y0018144,1824,976,1431,220,35
1756,717,1538,Shamela0036446,806,566,1119,257,33
1756,717,1363,Sham19Y0018103,2130,570,997,203,33
1756,826,1384,Shamela0025800,2185,28,460,214,40
1756,717,1538,Shamela0096283,246,474,962,240,33
1756,388,1353,Sham19Y0017729,319,906,1513,256,30
1756,717,1348,JK000778,907,1081,1489,194,33
1756,717,1312,Shia003732Vols,1523,969,1490,173,25
1756,717,1363,ShamAY0034005,1301,418,857,209,34
1756,717,1395,Sham19Y0131336,1108,96,617,223,33
1756,394,1378,Sham19Y0020638,799,211,846,271,31
1756,712,1094,Sham19Y0020638,1748,496,710,128,40
1756,717,1538,JK007036,361,1,483,237,32
1756,394,1300,Masaha001864Vols,2728,882,1460,208,25
1756,717,1542,Shamela0012981,334,616,1181,239,31
1756,1171,1416,Shamela0003722,2892,615,896,167,72
1756,466,835,Shia001976Vols,1539,377,637,180,59
1756,835,1480,Shamela0009873,1119,6,709,202,26
1756,717,1378,JK000370,134,840,1334,242,40
1756,717,1363,Sham19Y0013252,5556,393,821,203,33
1756,189,372,Masaha001946Vols,656,1,181,142,96
1756,717,1363,Sham19Y0146127,2119,264,706,210,34
1756,388,1378,Shamela0009242,3436,624,1245,254,28
1756,717,1378,Shamela0009242,3437,85,526,220,37
1756,388,1290,Sham19Y0017616,277,902,1446,204,25
1756,388,1378,Masaha002308Vols,290,458,1095,254,27
1756,717,1363,ShamAY0033674,10,203,630,203,33
1756,717,1384,JK007065,79,528,1035,233,37
1756,717,1378,Tafsir06049,2840,27,506,235,39
1756,717,1363,Sham19Y0018176,1168,1052,1480,203,33
1756,717,1378,Sham19Y0122257,2393,929,1441,244,39
1756,717,1411,Sham19Y0148271,1347,783,1285,229,34
1756,717,1300,Shamela0008360,609,1059,1465,175,31
1756,1171,1330,Shamela0021743,1571,110,281,127,91
1756,756,1363,Sham19Y0013605,2680,490,896,189,33
1757,1,1369,Shamela0008176,5110,202,1073,613,55
1757,648,1141,Sham19Y0122406,2750,1,348,235,58
1757,1030,1258,Shia001976Vols,1539,704,945,162,77
1757,1,1392,Sham19Y0122257,2394,197,1098,620,55
1757,27,452,Sham19Y0013605,2681,1,183,136,39
1758,1,315,JK007083,152,341,666,246,96
1758,1,315,Shamela0001733,3390,179,444,195,75
1758,480,765,Sham19Y0013769,1826,922,1150,166,70
1758,1,315,Shamela0006610,959,1005,1320,229,87
1758,1,308,Tafsir09085,340,419,704,181,64
1758,1,315,JK006897,331,583,907,246,96
1758,1,175,JK010001,614,1343,1509,122,83
1758,12,315,Shamela0021809,2126,505,857,194,67
1758,7,315,Shamela0025794,4589,742,1034,188,68
1758,1,315,Tafsir07055,656,1137,1426,218,84
1758,394,692,Sham19Y0131521,3827,770,1070,232,90
1758,1097,1584,Sham19Y0131521,3830,58,469,224,50
1758,1,315,Shamela0001727,992,404,729,246,96
1758,1,315,Masaha002028Vols,1037,817,1116,186,64
1758,1,540,Sham19Y0122401,1115,1013,1518,345,74
1758,540,765,Sham19Y0122401,1116,1,226,186,100
1758,1,315,Sham19Y0127677,12859,717,1042,246,96
1758,1,315,Sham19Y0017903,583,375,700,246,96
1758,1,315,Sham19Y0122406,2749,918,1243,246,96
1758,17,315,Sham19Y0122406,2751,695,925,150,64
1758,1,170,ShamAY0000351,588,1261,1441,133,93
1758,170,1584,ShamAY0000351,589,1,1567,1137,89
1758,12,315,ShamAY0038067,336,1007,1364,203,71
1758,88,282,Sham19Y0132524,1226,698,894,151,97
1758,178,315,ShamAY0033531,1936,1,137,107,99
1758,1440,1584,ShamAY0033531,1936,295,437,113,93
1758,88,315,Sham19Y0018144,1828,11,263,174,86
1758,1,315,Sham19Y0013577,7659,417,732,232,88
1758,1,315,Shamela0025800,2267,582,891,234,91
1758,1,315,Sham19Y0017729,320,120,428,233,90
1758,1,308,JK000917,718,853,1081,151,57
1758,7,315,ShamAY0034005,1375,301,669,237,80
1758,1,315,Sham19Y0131336,1115,711,1046,233,83
1758,959,1092,Sham19Y0131336,1965,1351,1482,105,98
1758,1,315,Sham19Y0020638,799,1079,1402,247,96
1758,226,765,Shamela0009873,1566,57,333,166,38
1758,12,315,JK000784,337,1047,1404,203,71
1758,1,315,Shamela0009242,3431,156,471,232,88
1758,1,315,Shamela0009242,3432,467,782,232,88
1758,1,315,Sham19Y0017616,278,239,564,246,96
1758,1,315,JK007065,1212,856,1164,233,90
1758,1,315,Sham19Y0020699,2206,732,1057,246,96
1758,7,319,Sham19Y0013783,2088,513,797,192,74
1758,1,315,Sham19Y0148271,1819,872,1184,235,91
1758,1,258,Shamela0021743,1574,1154,1422,203,95
1759,1001,1185,Shamela0008176,4999,1168,1294,100,66
1759,410,688,Sham19Y0131521,3722,516,898,181,56
1759,104,1263,Shia001831Vols,384,317,1001,475,49
1759,801,1370,Sham19Y0122406,2753,320,895,273,47
1759,1317,1516,ShamAY0000351,557,1106,1470,137,45
1759,985,1304,ShamAY0033531,1899,865,1323,123,29
1759,89,287,ShamAY0033531,1935,379,589,144,82
1759,1,99,ShamAY0033531,1936,437,535,77,100
1759,1213,1481,Sham19Y0146127,2121,473,826,118,40
1759,980,1185,Sham19Y0122257,2349,362,501,108,65
1759,985,1185,Sham19Y0014601,4047,817,1283,160,42
1760,1141,1602,Sham19Y0020561,1557,113,508,95,18
1760,971,1602,Shamela0001733,1441,667,1352,179,23
1760,852,1602,Sham19Y0145435,5271,265,910,186,21
1760,852,1602,Sham19Y0013667,4846,398,1050,196,22
1760,113,799,Sham19Y0013769,1830,545,1610,400,42
1760,971,1602,Sham19Y0148486,5802,404,1120,196,25
1760,852,1602,Shia000841Vols,4502,257,810,188,25
1760,1147,1602,Shamela0002863,2216,1,420,114,22
1760,852,1602,Shamela0011428,1479,423,857,184,26
1760,1,799,Sham19Y0131521,3724,366,868,378,55
1760,852,1602,Shamela0001727,993,715,1353,185,21
1760,1141,1602,Shamela0003118,2689,684,933,110,29
1760,108,631,Shamela0005756,9174,1057,1440,256,56
1760,1141,1592,Shamela0011816,306,1140,1480,101,23
1760,1141,1602,Sham19Y0017903,558,107,492,127,27
1760,1141,1602,Shamela0022547,1674,1201,1429,103,29
1760,852,1183,ShamAY0033181,1560,1206,1499,120,37
1760,977,1602,Shamela0001442,491,672,1201,184,34
1760,930,1602,JK000653,249,987,1382,156,28
1760,50,1183,Sham19Y0122406,2754,158,1260,376,30
1760,1,810,ShamAY0000351,558,28,837,663,100
1760,852,1602,Sham19Y0132524,1228,7,960,201,18
1760,852,1602,Shamela0001875,1008,960,1444,209,30
1760,852,1602,Kraken230110004547,364,43,665,181,21
1760,971,1602,ShamAY0033945,1382,29,498,169,29
1760,852,1602,Shamela0036446,835,475,1066,205,26
1760,852,1602,Shamela0025800,2221,784,1422,185,21
1760,852,1179,Sham19Y0017729,300,1107,1372,117,35
1760,1141,1602,Shia003732Vols,2493,68,481,120,25
1760,1075,1602,JK006800,81,1041,1378,117,23
1760,1,810,Sham19Y0014224,1162,403,1233,513,65
1760,930,1602,ShamAY0034005,1373,95,704,168,22
1760,852,1602,Sham19Y0020638,801,440,1072,185,21
1760,852,1602,Shamela0021766,1834,6,625,210,27
1760,113,631,Sham19Y0013252,5412,761,1155,257,57
1760,1141,1602,Shamela0009242,2273,488,864,121,24
1760,1141,1602,Shamela0009242,2275,225,601,121,24
1760,852,1602,Sham19Y0017616,279,81,719,185,21
1760,852,1602,JK007065,352,72,703,189,22
1760,1,276,Sham19Y0014601,4048,1333,1540,171,75
1760,276,631,Sham19Y0014601,4049,1,483,292,73
1760,8,564,Sham19Y0150962,1593,320,567,202,43
1760,971,1602,Shamela0021743,1586,421,1096,191,29
1761,542,930,Sham19Y0020944,696,414,892,216,48
1761,542,662,Shamela0012415,664,1180,1331,93,76
1761,542,662,Sham19Y0148486,4004,298,449,92,76
1761,603,1086,Shamela0008176,5072,105,911,299,40
1761,542,1152,Sham19Y0017747,2077,507,1039,377,72
1761,542,662,Shamela0006238,30,925,1465,87,19
1761,222,424,Sham19Y0131521,3787,465,974,155,38
1761,623,1141,Shamela0021590,1333,872,1462,299,52
1761,1157,1434,Shamela0001727,994,294,835,177,43
1761,542,662,Shamela0001727,994,173,294,97,99
1761,542,1141,Sham19Y0014309,650,387,1058,455,82
1761,561,1141,Shia001831Vols,384,1170,1392,126,26
1761,542,662,Shamela0001442,561,113,234,97,99
1761,542,666,ShamAY0034282,1048,1126,1250,81,77
1761,212,863,Sham19Y0122406,2756,472,1238,283,37
1761,1157,1289,Sham19Y0122406,2757,819,999,101,70
1761,542,694,Shamela0006227,584,1205,1422,114,64
1761,542,662,Sham19Y0145212,2512,1184,1305,97,99
1761,29,662,Sham19Y0132524,1229,1,253,134,23
1761,673,1141,ShamAY0033531,2157,13,382,259,65
1761,561,974,Sham19Y0013631,104,947,1264,227,68
1761,542,662,Sham19Y0017791,1339,799,1270,97,25
1761,542,662,Sham19Y0017729,318,905,1026,97,99
1761,542,662,Sham19Y0020638,802,509,629,97,100
1761,542,974,Shamela0011036,1963,1015,1484,262,58
1761,1,734,Sham19Y0017616,279,743,1086,188,29
1761,546,819,Sham19Y0122257,2378,1339,1529,144,65
1761,542,662,Sham19Y0122257,2378,556,677,97,99
1761,819,1082,Sham19Y0122257,2379,1,200,154,71
1761,542,906,Sham19Y0014601,4523,6,686,291,52
1761,542,687,Sham19Y0014119,432,939,1081,98,82
1761,542,662,Sham19Y0017063,965,1230,1351,97,99
1761,940,1141,Sham19Y0017063,984,345,565,137,70
1761,542,662,Shamela0008360,604,584,705,97,99
1762,205,403,JK007083,156,659,858,158,99
1762,200,403,Sham19Y0013667,2983,923,1118,150,92
1762,205,403,Sham19Y0013769,1838,337,536,158,99
1762,1270,1483,ShamAY0034227,2642,358,554,149,87
1762,1088,1379,Shamela0008176,5185,788,984,150,65
1762,245,1483,Sham19Y0017747,2076,347,1274,484,41
1762,205,403,Shia002616Vols,2783,278,480,151,94
1762,205,403,Shia002616Vols,6111,850,1049,157,98
1762,205,403,JK006897,335,1264,1463,158,99
1762,205,403,Shamela0001719,1510,79,259,136,86
1762,210,403,Shamela0025794,91,371,539,124,76
1762,200,1154,Sham19Y0131521,4183,565,1003,230,29
1762,200,403,Shamela0021590,1330,177,380,160,98
1762,1088,1466,Shamela0021590,1332,808,1123,215,66
1762,255,606,Shamela0021590,1332,398,793,171,47
1762,205,403,Shamela0001727,994,474,673,158,99
1762,200,403,Sham19Y0017757,166,892,1095,160,98
1762,205,403,JK000786,3439,555,754,148,92
1762,205,403,Sham19Y0013572,73,206,437,157,84
1762,200,403,Shamela0009790,263,1210,1413,160,98
1762,200,403,Shamela0009790,339,357,559,160,99
1762,200,403,Shamela0009790,496,849,1051,160,99
1762,200,403,Shamela0005922,2178,340,566,144,73
1762,205,424,Sham19Y0013231,6443,324,541,168,95
1762,210,403,Shamela0022547,1889,613,865,142,68
1762,1077,1483,JK000201,2415,883,1290,325,99
1762,210,403,ShamAY0034282,1245,404,622,142,78
1762,205,403,Shamela0001449,178,125,342,158,91
1762,251,456,Sham19Y0132524,1231,350,854,128,32
1762,707,1004,ShamAY0033531,2096,1097,1375,206,81
1762,456,626,Sham19Y0013631,2604,66,217,116,84
1762,200,407,Shamela0036446,758,274,495,146,76
1762,205,407,Sham19Y0013577,7643,90,299,157,92
1762,236,403,Shamela0025800,549,1,181,114,71
1762,205,407,Sham19Y0123608,795,339,549,156,91
1762,470,870,Sham19Y0014224,1170,69,405,175,55
1762,205,403,Sham19Y0020638,802,1046,1244,158,100
1762,205,403,JK000475,2491,1242,1438,137,80
1762,205,403,Shia000820Vols,1784,1053,1296,147,76
1762,297,860,ShamAY0035249,256,992,1595,395,80
1762,860,1527,ShamAY0035249,257,1,664,534,99
1762,205,355,JK007065,32,1285,1435,120,100
1762,718,992,Sham19Y0122257,2417,1265,1484,156,66
1762,200,403,Sham19Y0022884,268,795,997,156,94
1763,23,910,Sham19Y0013667,2982,125,552,136,18
1763,23,910,Sham19Y0148486,3962,200,625,136,18
1763,23,910,Shamela0001727,994,867,1297,139,18
1763,23,543,Sham19Y0013572,71,1023,1158,83,20
1763,97,543,Shamela0005756,9245,1032,1507,181,41
1763,23,543,Sham19Y0014309,661,677,809,81,20
1763,1088,1524,Sham19Y0013253,691,1,489,276,63
1763,522,1154,Sham19Y0122406,2760,856,1491,218,30
1763,1130,1524,Sham19Y0122406,2761,340,778,238,60
1763,23,543,Shia002265Vols,2186,900,1039,83,20
1763,163,867,Shia002265Vols,5987,275,618,264,46
1763,980,1283,Zaydiyya0000286,10,696,889,125,46
1763,23,543,Sham19Y0132524,1232,1242,1381,83,20
1763,153,420,ShamAY0033531,2094,23,292,118,43
1763,885,1524,Sham19Y0013631,1865,929,1199,190,36
1763,23,543,Shamela0025800,547,771,912,83,20
1763,23,910,Shia001368,448,645,1072,139,18
1763,23,543,Sham19Y0020638,802,1298,1437,83,20
1763,548,844,Sham19Y0013252,5475,494,762,112,35
1763,885,1076,Sham19Y0013252,12771,1364,1590,149,82
1763,1076,1524,Sham19Y0013252,12772,1,446,356,99
1763,885,1524,Masaha001946Vols,908,796,1251,320,62
1763,110,910,Sham19Y0146127,2109,181,586,117,17
1763,23,543,Sham19Y0017616,279,1147,1286,83,20
1763,23,543,JK007065,31,379,518,83,20
1763,985,1524,Sham19Y0014601,4434,665,1105,338,76
1763,1013,1524,ShamAY0033200,43,518,742,139,33
1764,76,549,Shamela0005756,9246,965,1379,298,77
1764,91,496,Shamela0001673,5014,714,918,119,37
1764,1040,1510,Sham19Y0014309,667,1079,1444,266,68
1764,589,1478,Sham19Y0013253,692,128,1052,603,77
1764,368,662,Sham19Y0122406,2762,205,573,137,38
1764,636,980,Sham19Y0122406,2762,1071,1481,243,73
1764,980,1478,Sham19Y0122406,2763,1,531,335,75
1764,1254,1421,Sham19Y0013631,1866,1,157,120,89
1764,76,549,Sham19Y0013252,5478,77,468,274,72
1764,1,581,Sham19Y0013252,12772,446,927,377,81
1764,607,1029,Masaha001946Vols,910,745,1141,262,77
1764,1289,1494,Masaha001946Vols,911,574,801,120,60
1764,1,210,Sham19Y0014601,4434,1105,1309,159,94
1764,307,1421,Sham19Y0014601,4435,74,1089,670,71
1765,401,673,Sham19Y0131521,4191,1024,1265,187,84
1765,401,615,Shamela0005756,9237,805,1009,153,86
1765,99,390,Sham19Y0014309,668,1,294,205,85
1765,1,171,Sham19Y0013253,692,1273,1478,120,68
1765,171,390,Sham19Y0013253,693,1,221,156,87
1765,702,860,Shia001831Vols,385,472,617,118,91
1765,1,283,Sham19Y0122406,2763,754,1512,201,32
1765,283,401,Sham19Y0122406,2764,1,161,83,66
1765,406,705,Sham19Y0122406,2764,907,1410,129,27
1765,914,1487,Sham19Y0122406,2765,585,1214,377,70
1765,13,383,Sham19Y0018103,2102,1039,1357,229,77
1765,702,902,ShamAY0035950,417,458,669,144,82
1765,419,737,Sham19Y0006684,4309,288,950,122,22
1765,390,943,Masaha001864Vols,5602,901,1538,434,84
1765,939,1413,Masaha001864Vols,5603,19,598,362,78
1765,390,615,Sham19Y0013252,5475,766,941,135,75
1765,683,860,Masaha001946Vols,907,140,404,94,41
1765,914,1487,Masaha001946Vols,908,316,643,186,40
1765,13,390,Masaha001946Vols,911,816,1175,276,92
1765,253,394,ShamAY0033200,34,1,152,99,83
1765,13,233,Sham19Y0013605,2652,585,780,144,82
1766,1307,1516,Sham19Y0131521,4192,1,328,147,56
1766,8,324,Sham19Y0122406,2765,1214,1532,212,81
1766,1287,1467,ShamAY0033531,2100,416,578,127,87
1766,8,915,Masaha001864Vols,5603,569,1065,376,50
1766,1299,1467,Sham19Y0122257,3407,438,582,113,83
1766,184,485,Sham19Y0014601,4434,325,629,238,97
1767,247,804,Sham19Y0013667,2978,27,304,160,34
1767,227,804,Sham19Y0016584,3005,419,696,164,36
1767,227,804,Masaha005108Vols,44,1033,1353,165,35
1767,227,804,Shia002932VolsBK2,18,720,998,163,36
1767,227,804,Sham19Y0127656,520,1111,1387,163,36
1767,227,804,Shamela0021715,6476,412,689,164,36
1767,227,765,Sham19Y0016684,1529,1216,1468,147,35
1767,652,804,Shamela0001727,997,100,223,100,80
1767,227,804,Shia004456Vols,1238,271,548,162,36
1767,227,804,Shamela0005756,10933,304,582,165,36
1767,254,804,Sham19Y0023644,1479,814,1089,157,35
1767,227,804,Shamela0000894,4809,1045,1321,164,36
1767,227,804,Shia001663Vols,325,1103,1360,142,31
1767,247,756,Shia001663Vols,777,914,1170,125,30
1767,227,830,Sham19Y0122406,2768,806,1227,178,33
1767,227,804,Shamela0000927,2030,331,601,159,34
1767,227,853,Sham19Y0001734,1840,975,1386,165,30
1767,563,804,Sham19Y0001734,2458,69,244,112,53
1767,27,242,ShamAY0033531,2094,1255,1462,149,82
1767,227,804,Sham19Y0018106,2791,704,981,164,36
1767,254,804,JK001173,389,803,1039,151,35
1767,227,804,Sham19Y0018103,2690,1068,1345,164,36
1767,227,804,ShamAY0034005,1450,1075,1346,150,33
1767,227,804,Sham19Y0020638,806,34,353,185,41
1767,247,804,Sham19Y0013252,6609,8,266,160,36
1767,1226,1506,Masaha001946Vols,808,640,835,128,58
1767,227,804,Shia001174Vols,2288,534,798,140,31
1767,227,853,Rafed0002654Vols,9263,614,1025,171,32
1767,294,540,Rafed0002654Vols,12521,1004,1294,163,70
1767,227,853,Shia004092Vols,9198,573,984,165,30
1767,227,734,Shia004092Vols,12225,1082,1325,128,32
1767,227,804,Sham19Y0017616,281,878,1208,197,43
1767,247,804,Sham19Y0018176,1560,16,274,160,36
1767,274,804,Sham19Y0148271,1087,80,304,141,33
1767,247,804,Sham19Y0013605,3269,966,1224,160,36
1768,598,848,Shamela0004445,2495,876,1064,76,38
1768,165,528,Zaydiyya0000142,3462,1103,1477,255,84
1768,598,751,Sham19Y0023644,1479,1089,1205,63,53
1768,604,1135,Shamela0009873,2146,1126,1469,176,40
1768,638,1429,Masaha001946Vols,806,163,503,218,32
1768,946,1481,Masaha001946Vols,807,88,576,216,43
1768,17,582,Masaha001946Vols,808,844,1340,287,56
1768,598,751,Sham19Y0017616,281,1208,1335,100,83
1768,598,751,Sham19Y0148271,1087,304,420,63,53
1769,29,227,ShamAY0034441,475,605,801,117,73
1769,1258,1562,JK001472,34,184,476,177,71
1769,29,227,Sham19Y0013667,2978,805,1005,106,64
1769,34,227,Sham19Y0127656,521,377,583,107,64
1769,29,227,JK000110,1095,693,900,106,62
1769,564,1195,Sham19Y0131521,4199,313,934,416,77
1769,1183,1545,Sham19Y0131521,4201,623,950,251,83
1769,29,227,Shamela0021715,6476,1144,1347,103,60
1769,29,227,Sham19Y0016684,1530,481,688,105,62
1769,29,227,Shamela0001727,997,750,965,117,69
1769,29,227,Shia002069Vols,741,206,433,101,56
1769,29,227,Shia004456Vols,1238,1018,1230,109,64
1769,29,227,Shamela0000894,4810,333,540,106,62
1769,29,227,Shia001553,242,223,432,114,68
1769,29,227,JK001324,17,657,863,107,62
1769,29,227,Sham19Y0122406,2770,637,852,117,69
1769,29,227,Shamela0000927,2030,1097,1307,113,66
1769,29,227,Shamela0037837,482,117,327,111,64
1769,29,227,Sham19Y0001734,1841,412,636,95,54
1769,29,227,Sham19Y0001734,2458,775,1012,110,58
1769,29,227,Zaydiyya0000286,23,615,790,94,60
1769,29,227,Sham19Y0132524,1241,739,954,117,69
1769,43,227,Sham19Y0018106,2792,1,194,95,59
1769,29,227,JK001173,390,104,311,103,61
1769,29,227,Sham19Y0018103,2691,340,547,106,62
1769,29,227,ShamAY0034005,1451,442,654,112,67
1769,29,227,Sham19Y0020638,806,875,1085,113,66
1769,29,227,Sham19Y0013252,6609,721,928,106,62
1769,29,227,Masaha001946Vols,806,738,955,108,62
1769,808,954,Shamela0011036,1687,354,501,118,99
1769,1268,1545,Shamela0011036,1689,905,1191,184,78
1769,29,227,Sham19Y0017616,282,297,512,117,69
1769,29,227,Sham19Y0018176,1560,729,936,106,62
1769,29,227,Sham19Y0013605,3270,1124,1331,106,62
1770,516,1218,Shamela0021715,4927,190,529,202,33
1770,401,1268,Shamela0005756,9240,121,909,388,46
1770,941,1239,Shamela0005756,9243,1244,1491,182,77
1770,449,1258,Shia001663Vols,319,527,1273,578,88
1770,141,287,Shia001831Vols,385,617,763,116,97
1770,351,1035,Sham19Y0122406,2772,505,1482,408,48
1770,141,322,Sham19Y0122406,2777,613,846,127,65
1770,523,1364,Sham19Y0145212,2558,10,330,227,33
1770,410,1272,Sham19Y0132524,1239,1,545,282,36
1770,244,1364,ShamAY0033531,2101,157,1278,789,78
1770,445,1096,Sham19Y0018103,2098,1059,1496,287,51
1770,1119,1448,Sham19Y0018103,2099,1,345,183,52
1770,563,1268,Sham19Y0013252,5477,1,503,295,47
1770,141,287,Shamela0011036,1687,1148,1407,114,54
1770,244,506,Sham19Y0014601,4443,1121,1488,120,31
1770,506,1375,Sham19Y0014601,4444,1,866,681,95
1770,303,1448,Sham19Y0013605,2648,593,1486,497,47
1770,153,287,Sham19Y0013605,2653,1268,1405,107,97
1771,195,592,Sham19Y0013769,1845,862,1291,315,90
1771,726,1064,Sham19Y0013769,1846,9,587,183,36
1771,1092,1430,Sham19Y0013769,1847,1042,1348,239,87
1771,340,666,Shamela0008176,5052,1165,1517,232,76
1771,1106,1348,JK010001,621,754,1053,164,60
1771,1106,1348,Tafsir07055,663,1191,1490,164,60
1771,493,592,Sham19Y0122401,1113,1391,1490,77,100
1771,331,488,Sham19Y0122401,1114,26,184,127,97
1771,1134,1430,Shamela0005756,8903,695,1015,160,52
1771,202,1077,Sham19Y0014309,645,1243,1575,191,26
1771,808,1064,Sham19Y0122406,2778,968,1170,158,76
1771,202,597,ShamAY0033531,1943,885,1119,184,58
1771,642,1111,Sham19Y0014224,1175,433,912,241,51
1771,261,1390,Sham19Y0014224,1177,674,1571,463,40
1771,340,783,Sham19Y0122257,2374,778,1420,312,58
1772,381,733,Shamela0007891,2337,84,260,120,43
1772,381,733,Sham19Y0145435,5183,1032,1202,116,42
1772,381,733,ShamIbadiyya0000193,1339,503,641,96,34
1772,1,199,Shamela0008176,7423,1392,1535,112,71
1772,381,733,Shia002616Vols,1452,735,901,113,40
1772,381,733,Shia002616Vols,2739,725,898,116,42
1772,381,733,ShamAY0032964,9,1003,1184,99,32
1772,381,733,Shamela0010637,294,644,836,112,38
1772,381,517,Shia000841Vols,1634,742,963,103,58
1772,381,733,ShamIbadiyya0000095,1440,993,1151,99,35
1772,381,733,Shamela0025794,58,117,298,99,32
1772,381,733,Shamela0001727,999,1033,1203,116,42
1772,381,733,Shia002702Vols,3635,328,478,113,40
1772,381,733,Sham19Y0013572,115,1196,1371,116,41
1772,381,733,JK001236,45,31,182,116,41
1772,389,733,Shamela0010639,215,736,912,105,37
1772,381,733,Sham19Y0127677,15986,364,534,116,42
1772,381,733,Shamela0004473,12779,379,530,99,36
1772,381,733,Shamela0004473,15853,965,1135,116,42
1772,381,733,Shamela0012884,2199,534,677,107,38
1772,376,733,ShamAY0033973,9,769,944,118,42
1772,381,733,Shamela0012406,589,38,219,96,31
1772,417,733,Kraken230106005528,799,331,467,85,34
1772,376,733,Shamela0008657,115,1101,1272,109,38
1772,381,733,Tafsir02096,728,1228,1386,99,35
1772,381,733,Sham19Y0023590,2355,487,668,96,29
1772,381,733,Rafed0002905Vols,3406,479,630,114,41
1772,381,733,Tafsir09050,1381,925,1082,112,39
1772,381,733,Kraken220727035853,1700,1249,1408,98,34
1772,381,733,Sham19Y0017903,573,856,1025,115,41
1772,1,1454,JK000201,3774,77,1470,785,53
1772,381,733,Shamela0004289,1301,539,715,119,42
1772,381,733,ShamAY0034282,1157,279,450,110,39
1772,381,733,Shamela0023628,1506,246,422,115,40
1772,1,376,Shamela0009702,752,1131,1514,169,40
1772,381,733,Sham19Y0122406,2779,695,865,116,42
1772,1080,1385,Sham19Y0122406,2780,655,989,163,51
1772,381,733,Shamela0000927,1400,25,198,112,40
1772,381,733,Shamela0000927,2138,54,206,111,39
1772,398,733,ShamAY0033728,19,837,986,99,36
1772,407,733,JK000657,103,1,150,98,38
1772,381,733,Sham19Y0001734,1827,38,209,115,41
1772,381,733,Kraken230110004547,350,275,426,99,36
1772,381,733,Sham19Y0018144,1811,341,518,95,31
1772,376,733,Sham19Y0018144,1842,1005,1181,118,42
1772,381,733,Shamela0036446,802,825,997,113,40
1772,381,733,JK001173,237,6,183,116,41
1772,381,733,Shamela0025800,2178,1305,1482,116,41
1772,381,733,Shamela0012845,1,1120,1291,110,39
1772,381,733,Sham19Y0017729,314,834,1005,115,41
1772,381,733,Shia003732Vols,1508,988,1165,116,41
1772,381,733,Shamela0000170,1077,208,381,111,39
1772,381,733,ShamAY0034005,1299,945,1132,96,29
1772,398,733,ShamAY0034054,1415,337,512,99,35
1772,381,733,Sham19Y0020638,809,777,954,115,41
1772,381,733,Masaha001864Vols,1925,876,1048,116,41
1772,381,733,Masaha001864Vols,2102,717,888,112,40
1772,381,733,Masaha001864Vols,2718,25,201,120,43
1772,381,733,Shamela0012981,88,535,686,107,38
1772,381,733,ShamAY0033697,10,977,1159,116,41
1772,381,733,ShamAY0033697,12,415,593,99,32
1772,354,733,Sham19Y0013252,12150,877,1059,100,34
1772,398,733,Shamela0023623,1472,122,296,99,35
1772,381,733,Sham19Y0017616,287,1250,1426,120,43
1772,398,733,Shamela0037458,1462,377,556,97,34
1772,1153,1449,Sham19Y0023625,1697,437,731,232,93
1772,1,119,Sham19Y0023625,1698,1135,1249,91,96
1772,354,733,JK007065,54,770,1021,102,30
1772,1,199,Sham19Y0122257,3339,40,187,114,72
1772,398,733,Shamela0000137,1892,405,575,99,36
1772,381,733,Sham19Y0148271,1747,982,1166,101,33
1772,381,733,Rafed0003902Vols,2336,582,759,115,40
1772,376,733,Shamela0008658,1377,1109,1283,118,42
1772,381,733,Shamela0008658,3013,1269,1436,114,41
1772,381,733,Shamela0010517,455,947,1117,116,42
1773,969,1085,Sham19Y0147313,2140,81,292,89,52
1773,261,389,Shamela0008176,7424,981,1242,84,39
1773,996,1447,Masaha001946Vols,709,890,1426,202,36
1774,1,299,Shamela0008176,5003,1215,1475,187,78
1774,323,553,Shamela0008176,5004,22,236,137,71
1774,1236,1513,Shamela0008176,5005,711,1008,204,82
1774,558,686,Shamela0008176,5005,588,743,61,38
1774,590,1224,Shamela0008176,5008,863,1186,210,40
1774,7,327,Sham19Y0131521,3755,727,1072,204,69
1774,577,800,Sham19Y0131521,3756,15,726,175,30
1774,824,1152,Shamela0005756,2600,86,385,220,79
1774,1,206,Sham19Y0018144,5524,484,686,159,96
1774,682,1177,Masaha001864Vols,5681,1070,1548,382,95
1774,1177,1513,Masaha001864Vols,5682,1,351,271,95
1774,800,1104,Sham19Y0013252,1406,77,354,193,75
1774,1,485,Masaha001946Vols,710,968,1442,291,66
1774,485,953,Masaha001946Vols,711,1,446,187,40
1774,1,553,Sham19Y0122257,2351,776,1248,297,66
1774,730,1224,Sham19Y0122257,2354,1,229,157,39
1774,144,323,Sham19Y0017063,951,809,1039,122,62
1774,1224,1537,Sham19Y0017063,951,1039,1377,198,62
1775,1184,1488,Sham19Y0020944,688,274,588,205,74
1775,1269,1488,Shamela0012415,669,1174,1393,178,100
1775,1269,1488,Sham19Y0148486,4014,905,1124,178,100
1775,1269,1488,Sham19Y0148486,5772,243,477,170,86
1775,1269,1399,Sham19Y0148486,5956,542,687,104,89
1775,1184,1488,Sham19Y0148486,6001,315,717,193,56
1775,1272,1488,ShamAY0034409,126,937,1142,155,82
1775,132,550,Shamela0008176,5006,259,845,179,29
1775,1184,1488,Shia000841Vols,8964,742,985,152,62
1775,1269,1488,Shamela0002863,2268,373,592,178,100
1775,1184,1488,Shamela0025794,1186,531,915,207,67
1775,1184,1488,Sham19Y0131521,4255,951,1321,207,64
1775,132,300,Shamela0021715,6629,68,224,102,66
1775,1269,1498,Shamela0001727,1002,925,1151,181,97
1775,1269,1488,JK006838,621,887,1068,144,80
1775,1269,1433,JK006838,725,803,929,97,74
1775,1269,1488,Sham19Y0013572,585,1206,1425,178,100
1775,1184,1488,Shamela0117359,734,505,870,204,63
1775,1269,1498,Shamela0000736,3002,1001,1194,144,75
1775,1269,1488,JK000785,1351,315,534,177,99
1775,1318,1488,JK000785,2489,1,143,116,82
1775,1269,1433,Shamela0035100,71,946,1076,99,76
1775,1269,1498,Sham19Y0017903,563,790,1016,173,90
1775,1269,1488,Shia002218Vols,447,944,1196,158,70
1775,1269,1488,ShamAY0034282,1233,1272,1472,159,89
1775,1213,1513,Shamela0001449,223,159,437,199,82
1775,1269,1433,Shamela0010906,257,99,229,99,76
1775,132,779,Sham19Y0122406,2785,410,1058,135,21
1775,1269,1438,Sham19Y0122406,2786,264,433,135,100
1775,1269,1433,Shia001989,262,1303,1458,122,92
1775,1093,1475,Sham19Y0132524,1255,621,1023,192,51
1775,132,667,Sham19Y0018106,2848,120,532,120,20
1775,1269,1488,Sham19Y0018144,1848,333,552,170,92
1775,1280,1445,Sham19Y0018144,5527,21,186,133,100
1775,1269,1488,Sham19Y0123608,1107,530,703,130,73
1775,1269,1498,Sham19Y0017729,306,495,721,181,97
1775,1280,1488,Shamela0119492,417,1003,1201,156,88
1775,1269,1488,ShamAY0034005,1331,1033,1243,170,95
1775,132,635,Sham19Y0020638,811,1050,1379,107,20
1775,1011,1488,Sham19Y0020638,812,412,911,229,50
1775,158,635,Masaha001864Vols,3381,1,558,97,14
1775,1269,1495,Shamela0012981,1503,689,874,139,73
1775,1184,1488,Sham19Y0020591,1111,314,905,204,40
1775,175,484,Masaha001946Vols,711,785,976,123,50
1775,1269,1488,Sham19Y0146127,2140,1090,1275,146,82
1775,1269,1488,Sham19Y0146127,3114,318,508,152,85
1775,1269,1475,Sham19Y0146127,3171,1248,1412,121,69
1775,1269,1488,JK007065,539,658,881,176,97
1775,1184,1399,Shamela0012220,748,420,659,121,64
1775,1269,1488,Sham19Y0014601,4492,999,1241,163,79
1776,551,1035,Shamela0004445,1682,567,692,95,25
1776,551,1035,JK009390,5571,422,550,95,24
1776,589,932,Shamela0008176,5001,1365,1574,126,40
1776,551,1035,Shamela0025794,1988,1190,1319,95,25
1776,551,853,Sham19Y0131521,6758,1247,1441,132,51
1776,546,733,Shamela0037325,2009,1305,1492,152,100
1776,470,1035,Shamela0001727,1003,431,853,155,25
1776,551,1035,JK006838,797,755,857,80,21
1776,551,1035,Sham19Y0127677,5372,1249,1373,95,24
1776,551,1035,Shamela0035100,172,393,511,89,23
1776,551,1035,Sham19Y0017903,563,1224,1345,95,25
1776,1006,1499,Shia001831Vols,386,282,452,91,23
1776,551,1035,Shamela0010906,356,1261,1378,88,22
1776,983,1499,Shamela0010527,1235,1056,1396,106,22
1776,470,1035,Sham19Y0122406,2787,551,974,155,25
1776,948,1499,Sham19Y0122406,2788,47,604,287,56
1776,551,1499,ShamAY0038419,133,506,975,177,21
1776,551,1035,Sham19Y0132524,1258,461,582,95,25
1776,1,268,ShamAY0033531,2124,41,307,209,98
1776,551,1035,Sham19Y0018144,1851,873,990,87,23
1776,1250,1499,Sham19Y0018103,2462,67,291,126,63
1776,551,1035,Sham19Y0017729,306,930,1051,95,25
1776,551,1035,Sham19Y0020638,812,1333,1454,95,25
1776,551,1035,Masaha001864Vols,2112,1370,1491,95,25
1776,551,1035,JK000475,1696,847,976,95,24
1776,551,1269,Shamela0023695,734,1006,1448,142,19
1776,551,1035,JK000747,29,57,186,95,24
1776,585,948,Sham19Y0122257,2350,401,622,134,41
1776,1047,1420,Sham19Y0017063,1157,8,276,172,56
1776,551,1167,Shamela0031372,366,713,980,127,24
1776,1250,1420,Sham19Y0013605,3030,221,390,104,72
1777,147,398,Shamela0008176,5001,74,318,159,73
1777,799,1534,Shamela0008176,5001,526,1307,309,39
1777,195,690,Shamela0008176,5858,505,1001,299,67
1777,391,567,Shamela0002569,647,350,539,129,81
1777,597,949,Shamela0001727,1004,220,564,137,37
1777,597,874,Sham19Y0122406,2789,1242,1423,116,53
1777,1038,1203,Sham19Y0122406,2791,504,729,118,64
1777,597,949,Sham19Y0017729,306,980,1462,146,33
1777,597,874,Shamela0000170,1078,836,1017,116,53
1777,597,874,Sham19Y0020638,813,565,746,116,53
1777,597,1038,Sham19Y0017616,285,6,462,166,34
1777,955,1534,Sham19Y0122257,2350,839,1142,215,45
1777,26,695,Sham19Y0122257,2682,454,1095,363,65
1777,597,1069,Sham19Y0017063,949,1094,1498,295,78
1777,1069,1534,Sham19Y0017063,950,1,511,326,75
1777,26,714,Shamela0010517,2971,6,556,240,36
1778,177,688,Sham19Y0017747,360,498,959,277,66
1778,758,1259,Shamela0001727,1004,882,1088,86,18
1778,693,814,JK006838,803,124,383,68,33
1778,222,570,Shamela0005756,10807,959,1116,69,23
1778,206,628,Shamela0001673,6149,680,956,91,24
1778,579,814,Shamela0035100,175,1048,1422,104,34
1778,74,436,Sham19Y0013253,695,806,1205,224,68
1778,315,574,Shia001831Vols,386,607,776,123,58
1778,579,814,Shamela0010906,360,470,841,104,35
1778,579,830,Shamela0010906,1038,696,893,94,44
1778,74,436,Sham19Y0122406,2790,6,393,219,69
1778,758,1259,Sham19Y0122406,2791,278,484,86,18
1778,579,825,LMN20200928,31,348,550,93,48
1778,482,628,Sham19Y0132524,1257,127,280,110,92
1778,99,574,Sham19Y0018144,5528,853,1103,83,23
1778,758,1259,Sham19Y0020638,813,1035,1237,85,18
1778,447,753,Masaha001864Vols,5631,486,790,238,98
1778,74,306,Shamela0005963,854,853,1418,107,24
1778,758,1259,JK007065,1381,1082,1288,86,18
1779,1183,1537,ShamAY0035250,16,328,730,187,51
1779,1356,1537,Shamela0004445,1674,1,176,130,88
1779,1343,1537,ShamAY0034441,301,101,270,125,82
1779,1187,1537,Shamela0007891,2347,685,1068,162,49
1779,1278,1537,Sham19Y0016584,940,363,648,160,68
1779,1369,1537,Sham19Y0016584,2940,785,962,115,83
1779,1025,1316,Sham19Y0148486,6451,633,898,200,84
1779,1025,1537,Shamela0006610,368,967,1391,307,72
1779,1020,1268,ShamAY0035955,785,346,597,195,97
1779,1025,1296,Shia002616Vols,4153,241,509,189,86
1779,1030,1268,Shia002616Vols,4959,1042,1291,167,85
1779,1025,1268,JK006897,147,379,626,193,98
1779,1278,1537,Sham19Y0127656,133,1291,1520,160,80
1779,1025,1268,ShamAY0032960,13,963,1221,190,92
1779,1025,1296,ShamAY0032960,14,53,338,200,87
1779,1408,1537,JK000110,228,1,129,101,98
1779,1187,1537,JK000110,1060,774,1077,159,51
1779,43,259,Shamela0023833,646,598,1106,79,18
1779,1343,1537,Kraken22021606123201,619,147,305,121,79
1779,1197,1537,JK007128,547,157,440,107,27
1779,1187,1537,Shamela0021715,6348,791,1144,162,49
1779,1343,1537,Sham19Y0016684,426,1197,1381,139,91
1779,1343,1529,Sham19Y0016684,1507,1335,1516,124,81
1779,8,267,Shamela0001727,1004,1200,1419,102,45
1779,970,1268,Shamela0001727,1005,8,391,236,76
1779,1064,1278,JK006838,789,1212,1402,120,61
1779,1025,1316,JK006838,790,51,361,180,63
1779,1408,1537,Zaydiyya0000153,84,51,179,101,98
1779,43,259,Masaha002028Vols,1364,893,1400,79,18
1779,1197,1537,Sham19Y0013572,594,873,1158,161,61
1779,1343,1537,Shamela0005756,3988,534,718,139,91
1779,1343,1537,Shamela0005756,10803,51,245,129,79
1779,1025,1268,Shamela0021626,11,1132,1386,191,94
1779,1020,1268,Shamela0001673,6143,818,1070,195,97
1779,1202,1529,Sham19Y0023590,4579,989,1274,126,36
1779,1025,1416,Shamela0035100,167,888,1361,236,63
1779,1025,1419,Sham19Y0017903,65,388,735,231,71
1779,1025,1268,JK000691,43,703,956,189,94
1779,1035,1268,ShamAY0034249,7304,58,466,119,34
1779,1343,1537,Zaydiyya0000474,497,915,1104,139,89
1779,1025,1134,Shamela0004289,207,1373,1482,86,100
1779,1138,1537,Shamela0004289,208,1,313,232,72
1779,1025,1416,Shamela0010906,352,311,784,236,63
1779,67,1169,Sham19Y0122406,2792,351,1573,572,53
1779,1045,1268,Sham19Y0122406,2793,110,334,171,95
1779,1283,1537,JK009324,674,140,360,153,78
1779,1388,1537,Shamela0037837,243,1,145,114,96
1779,1343,1537,Sham19Y0016946,166,568,755,147,96
1779,1035,1393,Sham19Y0001734,616,801,1207,189,54
1779,1025,1268,Sham19Y0001734,1795,476,732,192,94
1779,29,1064,Sham19Y0132524,1262,213,1125,471,51
1779,1035,1268,Sham19Y0132524,1780,445,670,174,92
1779,1025,1452,Sham19Y0132524,1977,220,787,258,53
1779,1025,1393,Shamela0001875,476,69,456,233,70
1779,43,267,Shamela0009770,428,483,685,80,39
1779,1343,1537,Sham19Y0018106,823,1306,1490,139,91
1779,1343,1537,Sham19Y0018106,2739,1032,1220,129,81
1779,214,513,Sham19Y0013631,1714,903,1132,123,49
1779,8,267,Sham19Y0018144,1850,1088,1294,102,47
1779,1025,1393,Sham19Y0018144,1852,67,396,221,75
1779,37,267,Shamela0036446,838,653,801,81,45
1779,1343,1537,Sham19Y0018103,927,1160,1344,139,91
1779,1343,1537,Sham19Y0018103,2634,887,1075,129,81
1779,1278,1537,Shamela0005772,40,462,679,151,75
1779,8,267,Shamela0025800,2225,1234,1440,102,47
1779,1207,1537,Shamela0096283,99,255,525,167,63
1779,1025,1230,Sham19Y0017729,54,1249,1452,161,99
1779,1045,1197,ShamAY0034005,324,1273,1445,112,80
1779,8,267,ShamAY0034005,1331,585,776,98,48
1779,1343,1537,ShamAY0034383,12,1078,1262,139,91
1779,1343,1537,ShamAY0034383,43,659,843,139,91
1779,1207,1537,ShamAY0034383,48,674,928,167,65
1779,1343,1537,ShamAY0034383,133,1091,1275,139,91
1779,37,267,Sham19Y0020638,813,1278,1430,85,48
1779,1025,1537,Sham19Y0020638,814,470,851,287,70
1779,1343,1537,ShamAY0033956,393,939,1117,132,86
1779,1278,1537,Sham19Y0013252,2037,1172,1461,158,68
1779,1187,1537,Sham19Y0013252,6529,1018,1326,160,51
1779,1207,1537,Sham19Y0013252,6532,150,468,144,41
1779,1025,1268,ShamAY0035884,476,653,891,150,69
1779,1025,1393,Sham19Y0146127,3572,791,1185,214,55
1779,1064,1268,Shamela0021593,2133,332,531,149,90
1779,1025,1537,Shamela0009242,1523,882,1314,322,77
1779,1025,1393,Sham19Y0017616,294,585,930,226,72
1779,1025,1268,Shamela0013048,195,678,926,188,93
1779,1207,1537,JK007065,547,927,1231,147,43
1779,1278,1537,Sham19Y0018176,440,543,828,160,68
1779,1187,1537,Sham19Y0018176,1519,227,531,160,51
1779,1278,1537,Shamela0000137,1763,1171,1449,158,68
1779,1025,1250,Shamela0000137,1764,1230,1458,174,96
1779,1045,1268,Shamela0011437,478,574,812,164,84
1779,1197,1537,Sham19Y0148271,1133,521,861,174,52
1779,8,267,Shamela0013167,11,949,1148,101,47
1779,1296,1537,Rafed0003902Vols,4883,824,1078,162,76
1779,1343,1537,Sham19Y0022884,93,665,860,131,81
1779,1025,1283,Shamela0021743,330,96,381,198,85
1779,1278,1537,Sham19Y0013605,1334,225,514,158,68
1779,1343,1537,Shamela0010517,2851,599,787,129,81
1780,1413,1573,Shamela0000767,3078,1041,1203,117,80
1780,1409,1580,Sham19Y0148486,3629,747,915,136,93
1780,1409,1573,Shamela0006610,678,197,364,131,94
1780,1326,1573,Shamela0001727,1005,391,723,200,72
1780,1409,1573,JK006838,954,1208,1374,131,93
1780,1409,1573,Sham19Y0013572,664,1120,1291,135,95
1780,74,472,Shamela0005756,3990,374,738,283,86
1780,501,838,Shamela0005756,3991,1289,1571,224,82
1780,838,1086,Shamela0005756,3992,1,217,170,83
1780,1409,1573,ShamAY0038083,172,288,451,131,93
1780,1409,1573,Shamela0004289,1519,13,178,135,98
1780,1326,1573,Sham19Y0122406,2793,897,1229,200,72
1780,1409,1583,Sham19Y0001734,2324,1065,1249,132,88
1780,1409,1573,Sham19Y0132524,1803,132,302,135,95
1780,1409,1573,Kraken230110004547,202,722,890,135,97
1780,1409,1573,Sham19Y0018144,1852,666,839,136,94
1780,1409,1573,Shamela0025800,1156,1135,1306,135,95
1780,1333,1573,Shia003732Vols,2051,66,300,146,73
1780,1409,1573,Sham19Y0020638,814,1191,1357,135,98
1780,1409,1573,Masaha001864Vols,2068,607,776,135,96
1780,1409,1573,JK000475,1719,810,974,130,93
1780,74,472,Sham19Y0013252,2039,562,894,227,69
1780,501,1315,Sham19Y0013252,2043,485,1213,566,85
1780,1409,1573,Sham19Y0146127,1910,1124,1280,129,95
1780,1409,1573,JK000747,51,1377,1541,130,93
1780,1326,1573,Sham19Y0017616,300,1238,1489,165,79
1780,1409,1573,JK007065,734,32,198,135,98
1780,1391,1573,Sham19Y0022884,181,66,246,136,88
1781,7,135,Shia002616Vols,6126,314,442,104,100
1781,7,135,Shamela0001727,1005,980,1108,104,100
1781,690,986,Sham19Y0013572,664,1179,1479,114,35
1781,7,135,Shamela0004289,1519,434,562,104,100
1781,690,986,Sham19Y0122406,2793,1118,1417,114,35
1781,817,1143,Sham19Y0122406,2794,437,678,142,54
1781,7,135,Sham19Y0132524,1803,880,1008,104,100
1781,7,135,Sham19Y0018144,1852,1141,1269,104,100
1781,237,354,Shamela0009873,1295,1,113,90,95
1781,817,1385,Sham19Y0013252,5523,1040,1304,187,41
1781,7,135,Sham19Y0017616,301,252,380,104,100
1782,1196,1297,Sham19Y0014591,3557,1313,1492,67,49
1782,220,361,Shamela0001727,1005,1172,1320,98,85
1782,1196,1340,Shamela0001727,1006,745,1143,88,29
1782,256,361,JK006838,68,1136,1241,82,100
1782,256,361,JK006838,955,249,354,82,100
1782,256,361,Shamela0023700,3030,251,356,82,100
1782,767,1014,Shamela0026568,523,654,922,191,86
1782,220,361,Sham19Y0013572,665,199,383,97,61
1782,173,361,Shamela0035100,249,995,1189,101,61
1782,220,361,Shamela0004289,1519,626,774,98,85
1782,173,361,Shamela0010906,434,278,472,101,61
1782,808,1014,Shamela0023685,544,1,215,165,95
1782,185,361,Sham19Y0122406,2794,938,1096,96,70
1782,193,619,Sham19Y0122406,2795,208,1492,171,15
1782,220,361,Sham19Y0132524,1803,1072,1220,98,85
1782,793,936,Sham19Y0018103,2635,553,698,93,74
1782,220,361,Sham19Y0017616,301,444,606,98,78
1782,220,361,JK007065,734,613,801,95,63
1782,256,361,Masaha001838,108,658,763,82,100
1782,727,1005,Sham19Y0013605,3211,282,440,121,54
1783,1,557,Shamela0008176,5083,1126,1506,273,60
1783,1374,1557,Shamela0005922,488,514,787,138,62
1783,17,448,Sham19Y0014309,656,73,393,201,57
1783,1369,1557,JK000201,3431,521,712,147,96
1783,1,557,Sham19Y0122257,2382,769,1170,280,60
1783,1,226,Sham19Y0014601,4121,1291,1484,146,79
1783,273,557,Sham19Y0014601,4122,1,179,126,54
1784,1156,1350,Shia001432Vols,8542,319,501,69,42
1784,934,1274,Sham19Y0145435,5272,1329,1446,58,21
1784,137,389,Shamela0008176,4952,448,857,179,51
1784,436,882,Shamela0008176,7365,116,658,170,37
1784,934,1274,Shamela0001727,1007,742,859,58,21
1784,1156,1274,Sham19Y0132963,101,558,737,62,45
1784,934,1226,Sham19Y0013631,15,875,1129,112,40
1784,934,1350,Shamela0000170,939,1026,1149,63,20
1784,934,1274,Zaydiyya0000037Vols,229,1025,1136,53,19
1784,934,1274,Sham19Y0020638,816,945,1062,58,21
1784,934,1408,Sham19Y0013252,382,1167,1572,111,20
1784,934,1274,Sham19Y0007233,180,916,1029,57,21
1784,934,1274,Sham19Y0017616,270,876,993,58,21
1784,14,573,Sham19Y0122257,3314,808,1049,159,35
1784,573,1134,Sham19Y0122257,3315,231,627,248,50
1784,436,773,Sham19Y0013605,70,659,1097,124,26
1785,1,1204,Shamela0001733,1687,34,1330,231,14
1785,1,452,Sham19Y0145435,5273,35,538,133,27
1785,909,1208,Sham19Y0016584,3172,50,513,100,19
1785,330,452,Shamela0008176,7363,13,247,57,32
1785,909,1208,Shamela0008176,7363,593,1055,98,18
1785,420,681,Shamela0008176,7368,541,1505,195,24
1785,133,1208,JK000110,1183,279,1394,215,16
1785,133,452,Shamela0009200,391,363,668,96,28
1785,420,1208,Shamela0021715,6871,5,846,146,13
1785,909,1078,Shamela0021715,6875,627,996,75,25
1785,1,370,Shamela0001727,1007,928,1249,105,30
1785,420,1208,Shamela0001727,1008,8,844,150,14
1785,1,370,Shamela0005816,144,1002,1328,100,29
1785,1300,1478,Shamela0005756,187,196,391,143,90
1785,133,1208,Shamela0005756,11316,248,1366,216,16
1785,133,945,JK000785,1243,616,1291,147,17
1785,420,1208,ShamAY0038638,35,75,909,144,13
1785,909,1208,Shamela0023644,1052,54,516,94,17
1785,1,452,Shamela0023100,385,663,1167,126,25
1785,909,1208,Shamela0023100,386,102,552,96,18
1785,1,452,Sham19Y0122406,2800,407,913,133,26
1785,1040,1208,Sham19Y0122406,2803,301,562,69,24
1785,1331,1473,JK000168,100,246,387,109,95
1785,909,1208,Sham19Y0001734,2431,4,442,95,18
1785,1040,1208,Sham19Y0132524,1268,1261,1522,69,24
1785,133,1208,Kraken230110004547,615,183,1332,209,15
1785,573,915,Sham19Y0018106,58,808,1468,166,29
1785,909,1208,Sham19Y0018106,2935,184,647,100,19
1785,1,452,Sham19Y0018144,1854,803,1299,132,27
1785,909,1208,Sham19Y0018144,1855,261,708,99,19
1785,909,1208,Shamela0036446,1143,683,1141,98,18
1785,128,452,Shamela0036446,1143,30,336,99,29
1785,706,915,Sham19Y0018103,65,104,552,80,21
1785,133,1208,Sham19Y0018103,2829,137,1252,215,16
1785,1,1078,Shamela0025800,3217,306,1404,205,15
1785,420,1208,Zaydiyya0000037Vols,230,233,1074,137,12
1785,349,1208,Sham19Y0020638,817,1,1011,162,14
1785,1293,1435,Sham19Y0013252,383,1431,1578,114,95
1785,415,1157,Sham19Y0013252,384,215,782,321,47
1785,133,1208,Sham19Y0013252,6866,241,1356,215,16
1785,74,1078,Masaha001946Vols,520,74,1101,221,17
1785,432,1157,Masaha001946Vols,521,118,718,198,24
1785,1,357,Sham19Y0007233,180,1097,1401,94,28
1785,420,1208,Sham19Y0007233,181,167,1001,149,14
1785,1,370,Sham19Y0017616,270,1062,1383,105,30
1785,420,1208,Sham19Y0017616,271,125,961,150,14
1785,1,1204,Shamela0010895,184,50,1321,237,15
1785,128,588,Shamela0009898,152,205,665,131,28
1785,1,452,JK007065,1172,543,1054,133,26
1785,133,1208,Sham19Y0018176,1666,188,1303,215,16
1785,7,415,Sham19Y0122257,3315,918,1259,133,37
1785,492,770,Sham19Y0122257,3316,1032,1311,220,95
1785,330,452,Sham19Y0122257,3316,13,247,58,32
1785,763,1583,Sham19Y0122257,3317,553,1008,289,42
1785,1,452,Shamela0008360,889,849,1360,133,26
1785,576,770,Sham19Y0013605,73,1130,1463,149,55
1785,420,1208,Sham19Y0013605,3420,23,945,140,12
1786,577,877,Shamela0001733,1688,49,370,233,89
1786,582,890,Sham19Y0145435,5274,81,389,235,93
1786,170,890,Sham19Y0016584,3172,578,990,270,46
1786,877,1030,Shamela0008176,4955,265,536,114,50
1786,346,551,Shamela0008176,7372,213,416,160,98
1786,170,890,JK000110,1184,27,440,270,46
1786,1204,1493,Sham19Y0131521,6683,993,1277,216,91
1786,170,890,Shamela0021715,6871,911,1323,270,46
1786,146,890,Shamela0001727,1008,884,1325,276,45
1786,170,851,Shamela0005816,145,961,1349,243,43
1786,364,624,Shamela0005756,214,172,460,179,76
1786,930,1081,Shamela0005756,220,219,362,108,83
1786,175,890,Shamela0005756,11317,6,413,270,46
1786,222,630,Shamela0001673,6577,745,1458,183,27
1786,935,1275,Shamela0001673,6578,1165,1519,139,35
1786,146,890,JK000785,1244,337,778,276,45
1786,170,890,Shamela0023644,1052,581,989,270,46
1786,585,874,Shamela0022547,832,1056,1372,233,91
1786,819,1493,JK000201,3432,1,548,310,47
1786,146,890,Shamela0023100,386,588,1027,276,45
1786,1196,1483,Shamela0021660,3852,1127,1413,142,51
1786,582,890,Sham19Y0122406,2804,136,444,235,93
1786,582,890,Shamela0037837,88,26,388,225,75
1786,170,890,Sham19Y0018106,2935,712,1124,270,46
1786,170,731,Shamela0036446,1143,1204,1451,154,34
1786,350,624,Sham19Y0018103,66,933,1227,171,72
1786,170,890,Shamela0025800,3218,262,672,270,46
1786,170,890,Shamela0000170,1177,547,951,271,46
1786,170,874,Sham19Y0020638,817,1077,1466,265,43
1786,346,655,Shamela0009873,1907,91,365,164,60
1786,1196,1474,Sham19Y0013252,396,661,1176,134,30
1786,179,890,Sham19Y0013252,6867,5,405,267,46
1786,577,867,Sham19Y0007233,181,1156,1475,229,88
1786,146,890,Sham19Y0017616,271,1001,1440,276,45
1786,1116,1310,Sham19Y0023625,2013,1324,1537,155,90
1786,1310,1558,Sham19Y0023625,2014,1,260,191,92
1786,170,890,JK007065,1173,525,930,270,46
1786,810,1267,Sham19Y0122257,2329,344,807,193,38
1786,1,570,Sham19Y0122257,3317,1008,1432,298,65
1786,146,890,ShamAY0034430,41,514,950,272,45
1786,350,624,Sham19Y0013605,76,13,327,180,64
1786,897,1532,Sham19Y0013605,79,226,1076,401,55
1786,170,877,Sham19Y0013605,3420,1010,1488,270,42
1787,610,1159,Shamela0001601,114,348,737,79,12
1787,6,276,Shamela0008176,4956,362,1038,150,25
1787,1003,1525,Shamela0008176,4957,1,418,315,74
1787,193,625,Sham19Y0131521,6681,1044,1531,348,88
1787,625,991,Sham19Y0131521,6682,1,876,229,32
1787,6,193,Sham19Y0131521,6683,389,895,148,36
1787,193,1159,JK000201,3432,554,1525,772,99
1787,1164,1538,JK000201,3433,1,400,303,93
1787,193,657,Sham19Y0145212,2457,274,553,110,24
1787,459,879,Sham19Y0013252,397,749,1227,320,80
1787,879,1439,Sham19Y0013252,398,160,660,337,73
1787,10,134,Sham19Y0013252,399,653,781,77,68
1787,254,1112,Masaha001946Vols,527,481,1258,224,26
1787,1014,1525,Masaha001946Vols,528,499,1001,178,29
1787,6,889,Sham19Y0023625,2014,264,1169,677,91
1787,879,1506,Sham19Y0023625,2015,333,892,440,86
1787,193,879,Sham19Y0023625,2248,143,832,536,94
1787,879,1439,Sham19Y0023625,2249,932,1393,358,79
1787,23,1127,Sham19Y0122257,2329,872,1587,347,34
1787,1164,1525,Sham19Y0122257,2330,4,300,224,74
1787,6,276,Sham19Y0013605,79,1046,1333,173,65
1787,610,1159,Sham19Y0013605,80,1,403,122,19
1788,916,1439,Shamela0008176,4954,1,512,381,84
1788,25,565,Shamela0008176,4957,426,722,201,43
1788,1137,1329,Shamela0021715,160,382,565,135,83
1788,1132,1338,Shamela0005756,188,934,1143,142,75
1788,1,400,Shamela0005756,221,389,622,96,23
1788,1020,1324,Shamela0005922,488,1240,1567,209,65
1788,1,628,JK000201,3433,400,675,227,43
1788,1175,1627,Sham19Y0122406,2802,593,1175,201,37
1788,924,1324,Sham19Y0145212,2458,1160,1567,180,37
1788,1085,1519,Sham19Y0013252,388,842,1218,241,64
1788,789,1033,Sham19Y0013252,388,78,328,132,57
1788,171,523,Sham19Y0013252,400,31,583,261,57
1788,789,1033,Sham19Y0122257,2328,1373,1599,182,89
1788,1033,1439,Sham19Y0122257,2329,1,362,296,87
1788,25,565,Sham19Y0122257,2330,308,676,252,55
1788,1052,1519,Sham19Y0017063,938,5,304,237,62
1788,924,1324,Sham19Y0013605,78,169,570,180,37
1788,1,565,Sham19Y0013605,80,226,601,180,33
1789,227,483,Shamela0005922,488,807,1005,136,64
1789,882,1119,Sham19Y0020638,1752,551,756,153,81
1789,882,1294,Shamela0009823,170,821,1165,171,46
1789,999,1208,Sham19Y0013252,391,1,210,112,66
1789,960,1208,Masaha001946Vols,524,570,890,102,33
1789,877,1380,Sham19Y0013605,80,1048,1537,217,44
1789,911,1135,Sham19Y0013605,2572,1231,1462,123,61
1790,485,1461,Shamela0001727,1009,61,562,167,20
1790,5,355,Shamela0005756,175,779,1073,177,61
1790,901,1144,Shamela0005756,180,1064,1372,164,63
1790,29,745,Shia001831Vols,387,367,722,231,39
1790,5,548,Sham19Y0122406,2804,975,1490,363,80
1790,511,809,Sham19Y0122406,2805,1,620,157,28
1790,5,359,JK009324,14,816,1175,211,65
1790,511,764,ShamAY0034328,4,527,747,142,64
1790,5,461,Sham19Y0132524,1272,701,1401,311,54
1790,62,730,Sham19Y0018103,71,647,1229,187,27
1790,485,847,Sham19Y0020638,818,163,372,76,24
1790,1,355,Sham19Y0013252,377,468,755,178,61
1790,889,1144,Sham19Y0013252,378,536,848,189,71
1790,511,780,Sham19Y0013252,380,762,1046,156,64
1790,264,800,Masaha001946Vols,525,8,369,145,28
1790,448,745,Sham19Y0013605,81,1,310,171,61
1791,430,580,Shamela0007891,2102,240,396,114,90
1791,986,1457,Shamela0007891,2355,971,1195,175,46
1791,999,1457,Sham19Y0020594,239,65,275,168,45
1791,986,1457,Sham19Y0013667,5099,789,992,143,38
1791,994,1457,ShamIbadiyya0000193,1442,528,694,124,33
1791,994,1449,JK009242,339,1024,1224,137,36
1791,986,1457,Kraken22041319410300,103,893,1117,172,46
1791,964,1457,ShamAY0038637,148,898,1186,148,33
1791,986,1457,ShamAY0034447,1901,213,423,164,43
1791,994,1457,Shamela0011428,1863,829,1022,143,38
1791,430,580,Sham19Y0014579,702,623,775,121,98
1791,12,580,Shamela0001727,1009,536,758,167,36
1791,986,1457,Shamela0001727,1009,1209,1433,175,46
1791,986,1457,JK007007,85,949,1154,159,42
1791,430,580,Sham19Y0122236,158,834,989,119,94
1791,1017,1457,JK000916,1048,296,565,154,37
1791,974,1457,JK006838,1100,360,532,131,34
1791,994,1123,Shamela0003118,396,267,402,94,85
1791,999,1457,Shia002240Vols,517,1211,1399,150,41
1791,999,1425,Shamela0012014,391,924,1103,142,42
1791,999,1466,Shamela0001673,6333,679,1274,171,26
1791,999,1457,Shamela0000427BK2,6891,1260,1438,140,38
1791,994,1457,Tafsir09050,1488,317,558,170,43
1791,994,1457,Sham19Y0017903,549,797,1009,159,42
1791,990,1449,JK000918,112,1093,1284,136,36
1791,443,825,JK000201,3430,500,925,195,45
1791,527,861,JK000201,3431,1,245,110,29
1791,994,1457,Shamela0023628,1602,535,760,167,44
1791,1060,1407,Shamela0009702,591,136,449,124,43
1791,12,580,Sham19Y0122406,2806,1113,1335,167,36
1791,212,1461,Sham19Y0122406,2807,7,600,257,22
1791,527,872,Sham19Y0122406,4869,1070,1389,119,28
1791,430,580,Sham19Y0145212,2460,1043,1189,116,94
1791,990,1457,Sham19Y0001734,2646,842,1101,143,34
1791,1036,1457,Sham19Y0132524,1274,593,748,114,33
1791,994,1457,Shia002003Vols,1448,588,800,159,42
1791,999,1449,Sham19Y0037618,6352,1303,1506,161,45
1791,999,1457,Kraken230110004547,384,1177,1335,120,32
1791,986,1457,ShamAY0033945,1718,1201,1423,174,46
1791,974,1457,Sham19Y0018144,1863,784,1024,172,43
1791,430,580,Sham19Y0131003,650,353,505,121,98
1791,999,1457,Shamela0025800,2287,1186,1399,168,45
1791,994,1457,Sham19Y0017729,294,196,398,151,40
1791,967,1457,Shia003732Vols,2228,913,1176,170,40
1791,990,1457,Shia003732Vols,4884,967,1155,138,37
1791,1066,1457,Shamela0000170,1075,1,145,115,36
1791,999,1457,Masaha002066,49,1289,1500,168,46
1791,999,1457,Sham19Y0020638,820,761,976,168,45
1791,986,1457,Masaha001864Vols,1205,38,276,174,45
1791,986,1457,Masaha001864Vols,1665,315,538,171,46
1791,848,1425,Masaha001864Vols,4826,473,682,139,29
1791,986,1457,JK000475,1818,487,722,172,44
1791,1004,1425,Shamela0021766,1882,1211,1371,124,37
1791,1045,1372,Masaha001946Vols,649,934,1106,121,44
1791,990,1457,ShamAY0035884,1265,59,247,138,37
1791,430,580,Sham19Y0016976,1274,796,945,114,90
1791,12,580,Shamela0009701,3,1078,1298,169,37
1791,1004,1457,Sham19Y0017616,304,1,207,164,45
1791,986,1457,Shamela0000041,1102,1108,1318,164,43
1791,990,1425,JK007065,1117,1238,1426,145,42
1791,430,580,Sham19Y0122257,2330,1199,1345,116,94
1791,430,580,Sham19Y0014119,421,179,328,114,90
1791,430,580,Sham19Y0017063,938,960,1106,116,94
1791,999,1457,Sham19Y0148271,899,985,1241,135,32
1791,986,1457,Shamela0010803,291,556,811,170,42
1791,430,580,Shamela0008360,591,152,298,116,94
1792,564,1275,Sham19Y0131521,5468,67,786,530,87
1792,160,333,Shia004456Vols,3006,198,610,95,26
1792,668,1545,Sham19Y0122406,2808,208,1248,415,43
1792,881,1312,Masaha001946Vols,650,44,359,234,63
1792,86,516,Sham19Y0023625,1717,236,508,172,46
1793,728,1018,Shamela0002569,474,75,317,159,60
1793,682,1209,Sham19Y0131521,3726,560,1100,275,47
1793,687,965,Sham19Y0122236,267,304,610,212,81
1793,282,1264,Sham19Y0122406,2809,885,1557,386,44
1793,666,965,Sham19Y0018272,1333,1069,1381,210,81
1793,671,1069,Masaha001864Vols,4826,629,1027,321,99
1793,1024,1447,Masaha001946Vols,650,458,765,175,42
1794,800,1346,Shamela0007891,2356,330,583,114,22
1794,903,1233,Shia001432Vols,13069,969,1153,93,37
1794,800,1438,Sham19Y0020594,239,979,1319,133,23
1794,907,1549,Shamela0008176,7444,665,1541,306,36
1794,800,1342,Kraken22041319410300,104,276,525,111,21
1794,800,1396,Shamela0025794,398,278,636,127,21
1794,800,1396,Shamela0011428,1863,1217,1450,114,23
1794,800,1342,Shamela0001727,1010,647,896,111,21
1794,800,1342,JK007007,82,1375,1614,105,22
1794,800,1278,JK000916,1048,1366,1497,62,14
1794,800,1396,Shamela0003118,396,1157,1511,128,21
1794,800,1396,Shamela0012406,766,773,1132,127,21
1794,800,1342,JK000785,1264,1226,1506,107,20
1794,800,1396,Sham19Y0017903,550,194,511,136,24
1794,907,1233,Shia001831Vols,388,1,266,198,76
1794,887,1192,Shamela0000140,2173,1313,1584,197,79
1794,827,1082,Sham19Y0122406,2810,1335,1555,139,68
1794,104,638,Sham19Y0122406,2810,242,733,289,60
1794,1208,1595,Shamela0006590,428,982,1272,143,42
1794,800,1342,Sham19Y0037618,6353,708,957,110,21
1794,800,1346,ShamAY0033945,1719,649,925,114,21
1794,800,1342,Shamela0025800,2288,561,810,111,21
1794,1071,1396,Sham19Y0017791,2028,508,1291,174,27
1794,800,1396,Sham19Y0017729,294,1022,1347,133,23
1794,800,1342,Shamela0000170,1075,738,977,114,23
1794,800,1342,Masaha002066,50,703,952,111,21
1794,800,1396,ShamAY0034005,1395,780,1127,128,22
1794,800,1346,Sham19Y0020638,821,143,397,112,21
1794,795,969,Masaha001864Vols,4826,1384,1558,140,98
1794,969,1233,Masaha001864Vols,4827,1,269,210,98
1794,800,1278,JK000475,1818,1340,1468,69,17
1794,1,177,Masaha001946Vols,650,909,1146,130,66
1794,726,1329,Masaha001946Vols,651,526,1372,310,41
1794,800,1448,Sham19Y0017616,304,912,1279,133,20
1794,800,1342,JK007065,1118,677,925,106,21
1794,800,1585,Tafsir06049,2993,612,1092,162,21
1794,838,1233,Sham19Y0017798,1741,1266,1491,169,52
1794,1346,1491,Sham19Y0122257,3347,1407,1536,102,84
1794,887,1329,Sham19Y0014119,1558,1149,1524,297,83
1795,307,450,Sham19Y0013667,5097,956,1092,104,90
1795,307,647,Sham19Y0148486,5853,914,1239,134,34
1795,500,652,ShamAY0035955,811,1393,1531,104,84
1795,450,701,Shamela0008176,7445,1241,1473,175,86
1795,380,686,Shamela0002569,470,467,797,182,66
1795,341,686,Shamela0009918,391,538,847,185,64
1795,307,450,Shamela0009918,393,710,863,113,92
1795,307,450,Shamela0009918,1786,120,280,111,86
1795,13,399,Shamela0026568,285,577,936,143,39
1795,380,652,Shamela0001673,6329,1256,1436,128,59
1795,307,647,Shamela0023628,1601,769,1094,135,34
1795,13,226,Shamela0023685,308,1314,1535,110,50
1795,307,647,Sham19Y0122406,2811,655,974,134,34
1795,231,409,Sham19Y0145212,3623,1410,1576,98,70
1795,307,647,Sham19Y0132524,1277,537,855,136,35
1795,350,696,Sham19Y0013631,2811,585,810,164,60
1795,322,647,Sham19Y0018144,1869,548,831,119,33
1795,307,647,Shamela0025800,2289,305,623,136,35
1795,13,226,Shamela0006617,639,1045,1267,106,48
1795,231,647,Sham19Y0020638,821,356,975,159,25
1795,106,302,Masaha001946Vols,651,1235,1409,125,80
1795,307,450,Sham19Y0146127,3227,402,533,99,82
1795,307,450,Shamela0000041,1101,1316,1470,113,91
1795,231,345,Sham19Y0122257,3347,434,536,50,55
1795,350,686,Sham19Y0122257,3348,1,596,236,46
1795,231,647,Sham19Y0014119,642,1089,1407,126,29
1795,231,647,Sham19Y0017063,1548,241,800,134,22
1795,231,647,Shamela0008360,901,1012,1356,146,35
1796,1204,1509,Shamela0026568,288,405,666,178,71
1796,77,1509,Shamela0004473,4659,24,1297,946,78
1796,72,464,Sham19Y0013253,698,989,1394,263,76
1796,502,822,Sham19Y0013253,699,89,450,184,55
1796,1204,1509,Shamela0023685,311,1111,1371,189,78
1796,884,1416,Shamela0009702,886,949,1591,412,79
1796,77,464,Sham19Y0122406,2812,996,1390,263,78
1796,502,828,Sham19Y0122406,2813,100,479,184,53
1796,1223,1509,Shamela0006617,642,491,729,172,75
1796,72,982,Masaha001864Vols,4827,845,1507,512,69
1796,982,1363,Masaha001864Vols,4828,1,389,297,96
1797,704,1497,Shamela0008176,7447,511,1120,452,69
1797,678,1442,Shamela0002569,474,633,1150,295,46
1797,537,1167,Shamela0026568,288,666,1179,309,57
1797,789,1304,Shamela0023685,312,24,468,222,46
1797,1,626,Shamela0009702,887,109,905,395,59
1797,563,1102,Shamela0006617,642,736,1162,251,54
1797,637,1497,Masaha001864Vols,4828,439,1302,687,99
1797,563,1329,Sham19Y0122257,3348,1044,1509,350,57
1797,668,1196,Sham19Y0013605,2538,206,505,210,49
1798,537,796,Shamela0007891,2356,951,1227,86,28
1798,49,388,ShamAY0035035,5551,523,949,147,35
1798,1,196,Shamela0008176,7447,1120,1287,119,75
1798,537,796,Shia002616Vols,2860,394,661,89,29
1798,1010,1417,Shamela0002569,471,1091,1439,226,67
1798,60,382,Shamela0002569,474,1072,1394,120,40
1798,398,796,Shamela0001727,1011,344,867,114,20
1798,1171,1554,Shamela0026568,287,6,351,265,86
1798,537,796,JK000786,4055,854,1146,83,26
1798,1064,1550,Sham19Y0127677,7854,272,790,358,86
1798,537,1093,Sham19Y0017903,549,477,959,139,22
1798,537,796,Shamela0023628,1601,426,722,87,27
1798,1010,1554,Shamela0023685,310,490,1032,387,82
1798,398,574,Sham19Y0122406,2812,590,874,62,24
1798,734,1348,Sham19Y0122406,2815,342,878,201,32
1798,537,796,Shia002265Vols,3364,1016,1305,82,25
1798,537,796,Shamela0000927,1924,116,387,80,26
1798,537,793,Kraken230110004547,385,848,1106,86,29
1798,544,796,Sham19Y0018144,1869,1,290,80,25
1798,1026,1554,Shamela0006617,641,1,443,327,76
1798,537,796,ShamAY0034005,1394,233,533,84,25
1798,398,796,Shamela0026484,436,184,703,114,20
1798,968,1563,Sham19Y0013637,70,48,581,361,72
1798,1,177,Masaha001864Vols,4828,1302,1485,140,96
1798,177,398,Masaha001864Vols,4829,1,225,171,93
1798,734,1229,Sham19Y0017616,305,81,725,160,22
1798,1010,1214,Sham19Y0122255,245,1283,1494,152,88
1798,79,388,Sham19Y0122255,249,816,1297,136,32
1798,537,796,Sham19Y0020891,2477,1078,1364,89,28
1798,537,796,JK007065,309,175,471,89,27
1798,1,196,Sham19Y0122257,3349,168,344,116,70
1798,537,796,Shamela0010517,456,363,657,89,29
1799,919,1409,Shamela0025800,2298,325,901,186,32
1799,1064,1302,JK007065,553,27,204,116,62
1800,733,980,Shamela0004445,1389,363,668,163,62
1800,660,980,JK007064,889,1008,1386,132,38
1800,746,944,Shamela0006610,938,1265,1462,149,92
1800,733,980,JK009390,6183,503,777,156,70
1800,733,924,Shamela0008176,7419,1387,1515,98,65
1800,660,1246,Shamela0008176,7420,259,837,302,60
1800,733,980,Shamela0025794,2367,139,462,141,50
1800,777,944,Shamela0025794,2368,6,175,118,84
1800,733,944,Shamela0025794,2440,626,833,148,84
1800,1,169,Shamela0001727,1012,1159,1364,136,81
1800,802,980,Shamela0001727,1013,5,238,128,68
1800,733,944,JK000916,23733,663,865,117,62
1800,765,944,JK006838,537,302,524,129,71
1800,560,940,Shamela0003118,6802,580,930,120,27
1800,8,484,Shamela0026568,292,1028,1548,289,60
1800,802,980,Sham19Y0029560,95,447,956,115,28
1800,733,980,JK000786,3973,412,704,171,69
1800,733,980,Sham19Y0013572,852,752,1049,179,72
1800,733,980,Sham19Y0127677,4317,720,1000,163,67
1800,719,957,Kraken230106005528,798,483,772,149,63
1800,566,980,Shamela0035100,35,132,586,208,49
1800,733,980,Shamela0023644,1100,550,847,179,72
1800,649,980,Sham19Y0017903,529,750,1147,203,62
1800,1,219,Sham19Y0017903,570,789,1043,157,73
1800,566,944,Shamela0010906,220,1027,1398,193,56
1800,8,422,Shamela0023685,315,1079,1536,241,56
1800,422,765,Shamela0023685,316,1,254,157,55
1800,1,208,Sham19Y0122406,2816,236,547,154,62
1800,987,1490,Sham19Y0122406,2817,809,1225,172,37
1800,733,980,Sham19Y0122406,2817,58,355,179,72
1800,733,980,Shia002265Vols,3293,192,440,161,78
1800,733,944,Sham19Y0145212,3610,987,1141,112,65
1800,1,169,Sham19Y0001734,1822,1178,1377,133,82
1800,566,848,Sham19Y0132524,1282,901,1126,125,56
1800,1,204,Sham19Y0132524,1282,780,1046,156,73
1800,746,980,Sham19Y0132524,1283,378,625,133,58
1800,733,980,Shamela0001438,6171,128,376,161,78
1800,710,944,Kraken230110004547,349,562,787,154,78
1800,733,980,ShamAY0033945,1631,227,517,145,56
1800,733,980,Sham19Y0018144,1870,515,816,165,64
1800,719,980,Shamela0036446,800,20,309,178,75
1800,719,980,Shamela0025800,2176,1092,1427,187,67
1800,654,980,Sham19Y0017729,277,898,1288,203,63
1800,1,169,Sham19Y0017729,313,670,872,136,83
1800,566,980,Shia003732Vols,1560,862,1284,192,43
1800,660,980,Shia003732Vols,3803,998,1378,182,57
1800,267,704,Shamela0006617,649,1,276,212,60
1800,1,204,Sham19Y0020638,824,17,284,155,72
1800,566,980,Sham19Y0020638,824,211,667,209,52
1800,816,980,Masaha001864Vols,2097,12,273,107,52
1800,733,980,Masaha001864Vols,2720,311,686,173,56
1800,940,1096,Masaha001864Vols,5511,1444,1619,126,89
1800,1096,1246,Masaha001864Vols,5512,1,152,124,99
1800,1,169,Shia001976Vols,1130,443,624,135,91
1800,746,890,Shamela0009242,3371,508,644,104,91
1800,715,980,Sham19Y0017616,286,513,846,190,69
1800,1,204,Sham19Y0017616,305,1114,1364,151,73
1800,746,980,Sham19Y0020891,2344,224,447,122,53
1800,733,980,JK007065,854,763,1060,179,72
1800,733,944,Sham19Y0122257,3336,579,732,111,64
1800,1021,1379,Sham19Y0122257,3337,1,484,266,64
1800,733,980,Sham19Y0014119,638,863,1100,131,52
1800,728,1490,Sham19Y0017063,1541,412,1038,227,28
1800,733,931,Sham19Y0148271,174,1327,1483,101,65
1800,733,980,Shamela0010803,46,699,996,179,72
1800,733,944,Rafed0003902Vols,4846,504,715,159,89
1800,733,944,Rafed0003902Vols,4902,1294,1505,159,89
1800,728,980,Shamela0008360,897,635,877,131,52
1801,86,677,Shamela0008176,7421,450,754,156,29
1801,1405,1585,Sham19Y0131521,4287,714,936,115,53
1801,511,670,Shamela0000122,156,526,690,117,82
1801,511,665,Masaha004546Vols,896,771,916,113,89
1801,86,730,Sham19Y0122257,3337,918,1172,157,29
1802,847,1295,Shamela0004445,1960,275,854,327,65
1802,305,676,Sham19Y0145435,5313,232,437,125,41
1802,847,1295,Sham19Y0145166,363,471,1005,311,68
1802,841,1351,Sham19Y0148486,5780,122,771,365,67
1802,855,1351,Shamela0006610,988,193,820,334,62
1802,933,1295,JK009390,5705,75,408,242,75
1802,305,449,Shamela0008362BK1,43,644,783,91,69
1802,334,676,Shamela0008362BK1,47,1,166,101,36
1802,400,596,Shamela0008362BK1,48,1302,1509,120,62
1802,623,801,Shamela0008362BK1,59,1190,1368,142,99
1802,395,1351,Shamela0025794,1941,17,1178,437,38
1802,305,1351,Shamela0001727,1014,371,1217,478,47
1802,343,443,JK000916,10688,526,651,52,54
1802,855,1295,JK000916,10688,1044,1434,247,64
1802,855,1295,JK006838,1056,845,1234,229,58
1802,343,449,JK006838,1056,358,496,58,54
1802,922,1124,JK006838,1057,260,425,130,80
1802,305,468,JK011184,795,784,907,92,71
1802,855,1295,Shamela0003118,3314,243,643,240,62
1802,933,1295,JK000786,3361,1114,1484,258,77
1802,836,1204,JK000786,4026,984,1522,278,62
1802,305,1070,Sham19Y0013572,1416,1008,1524,272,37
1802,1070,1351,Sham19Y0013572,1417,1,318,203,76
1802,33,443,Sham19Y0023644,1305,842,1186,136,33
1802,933,1095,Sham19Y0127677,5428,1224,1403,126,88
1802,305,449,Shamela0005922,2811,1279,1413,87,66
1802,305,1082,JK000482,328,763,1495,265,30
1802,855,1295,Shamela0035100,310,575,898,188,49
1802,343,443,Shamela0035100,310,60,187,50,51
1802,305,1351,Sham19Y0017903,562,95,928,474,47
1802,817,1351,ShamAY0034282,1252,853,1387,335,68
1802,309,1351,Sham19Y0122406,2821,176,1016,475,47
1802,343,623,Sham19Y0122406,2823,408,700,163,65
1802,933,1351,Shia002265Vols,4580,682,1081,282,77
1802,343,443,Shamela0001456,506,686,813,50,51
1802,855,1227,Shamela0001456,506,1214,1541,189,57
1802,855,1242,Sham19Y0001734,1814,949,1513,269,54
1802,305,449,JK000221,650,1376,1494,61,44
1802,933,1219,Shamela0001438,7489,1236,1538,214,83
1802,647,841,ShamAY0033531,2138,337,525,146,93
1802,234,372,ShamAY0033531,2141,660,1069,77,23
1802,305,1295,Kraken230110004547,381,306,1008,421,46
1802,836,1300,Sham19Y0018144,1877,464,1072,322,60
1802,305,1351,Shamela0036446,862,530,1172,446,51
1802,305,1269,Shamela0025800,2275,805,1526,432,48
1802,305,449,Sham19Y0017729,304,1291,1430,91,69
1802,855,1351,Sham19Y0017729,305,1,647,358,66
1802,855,1351,Shia003732Vols,2153,606,1260,344,61
1802,420,912,Shia001368,295,1,180,105,27
1802,305,443,ShamAY0034005,1383,436,531,63,53
1802,855,1242,ShamAY0034005,1383,976,1512,264,55
1802,1078,1533,Shamela0012027,42,453,799,248,64
1802,17,870,Sham19Y0020638,826,894,1503,205,23
1802,870,1351,Sham19Y0020638,827,1,632,337,63
1802,305,1295,Masaha001864Vols,3169,727,1500,441,46
1802,305,1180,Shamela0012981,2210,595,1532,348,34
1802,855,1543,Shamela0009873,1607,78,948,331,38
1802,841,1360,JK000370,162,756,1413,380,69
1802,855,1208,Shamela0021766,4995,1184,1515,223,73
1802,305,884,Sham19Y0146127,3177,1275,1505,143,30
1802,922,1295,Sham19Y0146127,3178,152,477,261,85
1802,855,1351,Masaha004387Vols,300,528,1187,304,50
1802,841,1295,Sham19Y0020642,467,677,1247,349,73
1802,305,443,Shamela0009242,3514,598,735,74,59
1802,855,1351,Shamela0009242,3515,452,1075,303,54
1802,305,1351,Sham19Y0017616,302,335,1178,478,47
1802,305,1351,Shamela0012221,34,644,1321,327,34
1802,847,1351,Masaha002308Vols,543,346,984,333,61
1802,334,1351,JK007065,1113,1,789,442,46
1802,1112,1311,Tafsir06049,6846,1319,1484,125,76
1802,855,1295,Sham19Y0148271,1410,196,736,306,64
1803,1352,1593,Sham19Y0013769,1106,1192,1420,181,93
1803,20,908,Sham19Y0145166,363,779,926,91,12
1803,20,1120,Sham19Y0148486,5780,470,810,153,15
1803,881,1120,Shamela0001727,1014,1015,1258,85,29
1803,1403,1510,Sham19Y0014442,988,47,153,77,85
1803,372,1120,Sham19Y0013572,1417,17,359,148,21
1803,20,1120,Sham19Y0017903,562,619,969,155,15
1803,881,1120,ShamAY0034282,1252,1218,1428,78,27
1803,881,1120,Sham19Y0122406,2821,814,1057,85,29
1803,1044,1510,Sham19Y0122406,2827,860,1368,196,41
1803,20,616,Sham19Y0145212,3843,484,1029,85,12
1803,20,903,Sham19Y0001734,1814,1357,1482,86,12
1803,881,1120,Kraken230110004547,381,914,1190,70,21
1803,20,1120,Shamela0036446,862,909,1204,130,13
1803,20,908,Shamela0025800,2275,1335,1470,90,12
1803,20,1120,Sham19Y0017729,305,337,688,154,15
1803,20,908,Shia003732Vols,2153,1000,1147,91,12
1803,20,903,ShamAY0034005,1383,1362,1481,75,10
1803,20,650,Shamela0012027,42,453,956,209,29
1803,372,1120,Sham19Y0020638,827,330,673,149,21
1803,20,908,JK000370,162,1121,1256,91,12
1803,372,903,Shamela0021766,4995,1380,1515,78,17
1803,372,1120,Sham19Y0146127,3178,298,582,132,19
1803,881,1120,Sham19Y0017616,302,977,1219,86,29
1803,372,1120,JK007065,1113,493,830,148,21
1803,20,1088,Sham19Y0017063,1641,319,830,284,30
1804,222,583,Shamela0004445,1952,31,190,80,28
1804,222,583,Sham19Y0148486,5780,810,977,81,25
1804,612,753,Shia002616Vols,3752,1138,1317,108,74
1804,612,753,Shamela0001404,332,95,236,114,100
1804,222,583,Shamela0001727,1014,1262,1430,82,25
1804,823,1492,JK011184,795,720,1447,261,32
1804,612,773,Sham19Y0013572,233,982,1130,119,91
1804,539,868,Sham19Y0013572,1417,487,709,83,33
1804,222,583,JK005014,130,908,1087,84,26
1804,222,868,Sham19Y0122406,2821,1061,1464,118,17
1804,1115,1548,Sham19Y0122406,2824,517,1241,200,31
1804,612,753,Sham19Y0122406,2828,43,182,112,97
1804,612,753,ShamAY0000351,607,450,589,112,97
1804,222,583,Sham19Y0132524,1287,1177,1344,82,25
1804,612,753,Sham19Y0132524,1288,673,829,114,90
1804,898,1082,ShamAY0033531,2139,792,987,139,87
1804,222,583,Kraken230110004547,381,1194,1347,82,27
1804,222,583,Sham19Y0020638,827,677,845,82,25
1804,222,588,Masaha001864Vols,1209,1084,1256,86,26
1804,222,868,Masaha001864Vols,3170,105,510,124,20
1804,222,583,Sham19Y0146127,3178,582,740,80,27
1804,222,583,Sham19Y0017616,302,1223,1391,82,25
1804,612,753,Sham19Y0017616,303,94,233,112,97
1804,222,753,Masaha002308Vols,543,100,251,110,25
1804,339,753,Sham19Y0023625,2309,637,920,203,57
1804,612,753,JK007065,106,1187,1327,113,99
1804,539,868,JK007065,1113,958,1183,83,33
1804,222,583,Shamela0010803,284,796,951,67,23
1805,759,1497,Shamela0001733,1685,384,875,191,28
1805,417,1347,Shamela0001727,1015,176,639,243,28
1805,412,1347,Sham19Y0013572,1417,714,1081,244,31
1805,759,1347,Shamela0009790,240,803,1089,189,38
1805,443,1347,Sham19Y0122406,2822,1,608,232,24
1805,759,1270,Sham19Y0132524,1284,1257,1469,133,30
1805,443,754,Sham19Y0018144,5553,327,621,231,90
1805,417,1347,Shamela0025800,2276,540,904,248,33
1805,443,1347,Sham19Y0020638,827,958,1328,228,30
1805,417,1347,Masaha001864Vols,3170,531,991,242,28
1805,417,1238,JK007065,1113,1194,1490,162,23
1806,1021,1265,Shamela0008362BK1,48,882,1213,178,65
1806,1417,1551,Sham19Y0127677,14377,738,1061,88,34
1806,1336,1551,Shia001831Vols,389,455,643,123,67
1806,1079,1265,ShamAY0033531,2141,1085,1269,146,96
1806,1388,1546,Sham19Y0013631,1137,320,586,80,38
1807,1292,1537,Sham19Y0017747,2086,1042,1225,148,73
1807,782,918,Shamela0001727,1016,1009,1252,44,17
1807,1,113,Sham19Y0127677,14377,1061,1173,88,100
1807,1,771,Shia001831Vols,389,643,1276,481,77
1807,20,414,Sham19Y0122406,2828,1101,1473,269,82
1807,414,811,Sham19Y0122406,2829,1,375,291,89
1807,886,1076,Sham19Y0122406,2829,993,1524,127,29
1807,129,799,Sham19Y0132524,1289,187,1042,468,65
1808,346,658,Shamela0008176,5144,1185,1463,198,75
1808,147,316,Shamela0008176,5172,505,672,120,89
1808,346,763,Shia002616Vols,5759,1044,1280,117,30
1808,817,1219,Sham19Y0131521,2606,396,664,182,49
1808,693,1003,Sham19Y0016684,1089,999,1249,141,53
1808,346,658,Shamela0026568,226,786,1065,192,74
1808,346,658,Shamela0023685,250,1096,1375,194,74
1808,346,763,Shamela0000927,2065,525,778,130,35
1808,147,376,Sham19Y0018106,1958,178,372,121,67
1808,147,290,Sham19Y0018103,1916,957,1101,111,93
1808,476,680,Shia003732Vols,1973,850,1105,159,78
1808,170,316,Shia001174Vols,5111,1,147,89,68
1808,152,316,Sham19Y0122257,2412,1183,1346,115,88
1808,988,1395,Sham19Y0017063,980,245,603,197,56
1809,573,1075,Shamela0008176,5170,1077,1448,263,66
1809,1081,1396,Shamela0008176,5171,1,224,134,50
1809,210,1256,Sham19Y0017747,2087,511,1372,599,70
1809,210,573,Shia002616Vols,4822,152,492,160,44
1809,1,279,Shamela0001727,1017,478,948,90,17
1809,1,497,Sham19Y0017903,599,317,1017,121,16
1809,254,883,Sham19Y0122406,2833,860,1451,402,78
1809,893,1461,Sham19Y0122406,2834,10,743,286,42
1809,1,279,Sham19Y0020638,830,487,944,79,15
1809,210,573,ShamAY0007299,3676,466,806,160,44
1809,656,1013,Sham19Y0020891,4754,377,665,211,74
1809,279,1415,Sham19Y0122257,2411,222,1020,534,55
1810,42,436,Shamela0008176,5171,220,759,192,42
1810,781,1063,Shamela0001727,1017,948,1224,113,34
1810,332,560,Shia002702Vols,8334,1080,1317,152,73
1810,1,535,Sham19Y0122406,2834,743,1283,266,53
1810,781,898,Sham19Y0132524,1290,1006,1127,91,93
1810,781,1135,Sham19Y0020638,830,944,1290,149,42
1810,332,549,ShamAY0007299,3675,526,746,144,73
1810,781,898,Sham19Y0017616,300,227,359,91,85
1810,70,332,Sham19Y0020891,4754,93,370,148,61
1810,37,440,Sham19Y0122257,2411,1013,1375,185,57
1811,251,613,JK007083,157,968,1341,174,45
1811,1361,1563,Shamela0012935,272,663,860,108,53
1811,246,583,JK009390,6187,1127,1401,155,49
1811,246,1065,Shamela0008176,5144,15,766,457,58
1811,1378,1563,Shamela0008176,5157,607,838,150,79
1811,251,413,Shia002616Vols,106,93,261,104,68
1811,246,413,Shamela0001727,1017,1242,1398,122,90
1811,294,1065,Shamela0026568,228,952,1545,438,69
1811,1378,1563,Shamela0026568,229,527,712,151,99
1811,246,613,Sham19Y0013572,853,1133,1494,188,51
1811,1378,1563,Sham19Y0017811,284,437,668,149,78
1811,294,704,Shamela0023685,252,1264,1539,202,60
1811,704,1140,Shamela0023685,253,1,417,286,79
1811,1257,1563,Shamela0023685,253,743,1050,180,67
1811,246,613,Sham19Y0122406,2835,982,1332,178,49
1811,1070,1563,Sham19Y0018103,1887,624,878,171,43
1811,246,453,Shamela0025800,2243,1238,1508,139,59
1811,421,1304,Shia003732Vols,1974,629,1498,619,82
1811,1357,1563,Shia003732Vols,1977,409,613,167,98
1811,294,887,Shamela0006617,589,1112,1550,310,62
1811,1378,1563,Shamela0006617,590,667,844,144,95
1811,887,1065,Shamela0006617,590,1,156,121,84
1811,246,613,Sham19Y0020638,832,166,530,178,47
1811,246,640,JK007065,855,325,771,196,44
1811,1065,1563,Sham19Y0013605,2431,522,1100,215,35
1812,1,568,Shamela0012935,272,860,1439,412,81
1812,1,738,Shamela0008176,5157,838,1561,587,95
1812,1103,1594,Shamela0021715,5059,207,870,183,30
1812,743,928,Shamela0001727,1018,346,465,65,44
1812,1,738,Shamela0026568,229,712,1440,590,96
1812,1,738,Sham19Y0017811,284,668,1353,557,90
1812,749,1444,JK007049,13,299,742,132,21
1812,1,559,Shamela0023685,253,1050,1589,443,96
1812,559,738,Shamela0023685,254,1,189,146,95
1812,743,928,Sham19Y0122406,2836,1116,1235,65,44
1812,937,1594,Sham19Y0018103,2155,1061,1398,241,44
1812,870,1444,Shamela0025800,2255,560,967,118,21
1812,11,670,Shia003732Vols,1977,613,1258,521,95
1812,1,738,Shamela0006617,590,844,1470,502,80
1812,870,1444,Sham19Y0020638,832,741,1097,109,21
1812,870,1444,JK007065,251,851,1205,92,15
1812,28,659,Sham19Y0122257,2413,1,467,359,68
1812,937,1290,Sham19Y0013605,2708,417,735,247,85
1813,276,446,Shia002616Vols,5760,1107,1262,115,85
1813,276,420,Shamela0001727,1018,1135,1279,107,94
1813,864,1069,Shamela0001727,1019,385,584,134,83
1813,276,420,Sham19Y0150676,1831,303,446,107,93
1813,1,272,Shamela0026568,231,717,968,182,76
1813,276,420,JK000786,4256,213,351,99,87
1813,1,290,Tafsir02096,1887,608,833,142,58
1813,276,420,JK007049,13,1082,1226,107,94
1813,1,290,Kraken220727035853,4395,352,588,163,66
1813,867,1190,Shamela0022547,2291,203,668,95,19
1813,1,272,Shamela0023685,255,1053,1301,183,78
1813,864,1069,Sham19Y0122406,2839,156,355,134,83
1813,276,440,JK000657,113,850,1020,116,87
1813,276,420,Shamela0011435,100,200,343,107,93
1813,276,549,Sham19Y0132524,1295,151,417,140,65
1813,906,1190,Shamela0009770,459,820,970,99,40
1813,1025,1465,Sham19Y0013631,554,1247,1381,63,16
1813,276,420,Shamela0025800,2255,1306,1450,107,94
1813,1,272,Shamela0006617,592,728,962,163,68
1813,926,1069,Sham19Y0020638,833,391,534,113,100
1813,311,549,Sham19Y0020638,833,1,289,118,48
1813,276,558,JK007065,252,105,331,136,62
1814,1016,1234,Rafed0003537Vols,99,1349,1533,148,81
1814,1016,1253,Sham19Y0013667,4492,481,696,169,85
1814,1016,1253,Sham19Y0148486,5833,629,864,186,94
1814,1016,1253,Shamela0006610,994,314,550,185,93
1814,1016,1253,JK009390,6396,1128,1347,175,88
1814,1033,1253,Sham19Y0122397,184,6,216,129,62
1814,1016,1253,JK009408,539,151,388,191,97
1814,1016,1253,JK009408,2060,1048,1275,178,91
1814,1016,1253,ShamAY0034182,701,710,946,191,97
1814,1016,1267,JK010001,1750,441,685,183,84
1814,1016,1253,Shamela0021809,577,329,562,189,96
1814,1016,1163,Shamela0025794,4438,1338,1483,117,97
1814,1016,1223,Shamela0001727,1019,1291,1496,165,97
1814,1016,1247,Shamela0023700,2435,508,720,167,87
1814,1016,1253,JK011184,840,341,569,180,91
1814,1016,1247,Shamela0003118,1673,606,818,168,88
1814,1016,1253,JK000786,3419,196,426,183,93
1814,1016,1253,JK000786,3975,253,482,185,94
1814,1028,1260,Sham19Y0013572,366,1,237,183,94
1814,1016,1253,Sham19Y0127677,4556,4,241,190,97
1814,1016,1267,Sham19Y0127677,12813,91,334,196,94
1814,1016,1253,Sham19Y0127677,18985,687,924,190,97
1814,1016,1253,Shamela0011816,316,1288,1515,176,87
1814,1016,1234,Sham19Y0122096,4957,946,1159,171,95
1814,1016,1253,Shamela0035100,935,186,390,158,81
1814,1016,1253,Sham19Y0017903,602,538,774,191,97
1814,1016,1260,Sham19Y0014827,381,1005,1247,194,96
1814,1016,1253,ShamAY0034230,2636,997,1181,149,76
1814,1016,1260,Shamela0001449,115,521,763,195,96
1814,1016,1192,Shamela0010906,1355,1362,1516,110,73
1814,1016,1253,Sham19Y0122406,2840,179,414,190,97
1814,1016,1253,Shia002265Vols,3280,969,1206,190,97
1814,1052,1253,Sham19Y0132524,1433,281,472,154,93
1814,1016,1253,Shia002003Vols,1229,805,1046,179,84
1814,1016,1253,Shamela0001438,6502,445,682,190,97
1814,1016,1247,Sham19Y0018144,1903,662,935,181,79
1814,1016,1281,Sham19Y0018144,1904,50,296,188,84
1814,56,187,Sham19Y0018144,5559,1,138,106,95
1814,1016,1253,Shamela0036446,810,1130,1362,183,94
1814,1016,1219,JK000533,510,576,752,142,84
1814,1063,1253,Shamela0025800,2195,1,189,152,97
1814,1016,1253,Sham19Y0017729,333,1111,1347,191,97
1814,1016,1253,Shamela0026484,265,28,263,191,97
1814,1016,1267,Sham19Y0020638,840,827,1091,201,92
1814,1016,1253,JK000216,462,766,996,185,94
1814,1016,1253,JK007036,321,414,650,184,91
1814,322,551,Masaha001864Vols,5031,1335,1560,172,90
1814,1023,1253,Shamela0010013,179,4,255,176,81
1814,1016,1253,ShamAY0035884,1472,128,363,182,90
1814,1016,1253,Sham19Y0146127,3214,190,415,179,91
1814,1016,1253,Shamela0009242,3537,741,981,187,94
1814,1016,1253,Sham19Y0017616,273,258,495,193,98
1814,1016,1253,JK007065,153,471,731,191,88
1814,1016,1260,Sham19Y0017798,532,114,358,193,96
1814,1016,1253,Shia003636Vols,7447,1139,1367,181,90
1814,1016,1267,Sham19Y0148271,498,66,323,194,90
1815,398,1331,Shamela0004445,1669,211,945,221,22
1815,398,1083,Sham19Y0148486,5840,954,1417,180,27
1815,398,1207,Shamela0001727,1020,158,892,225,25
1815,398,841,JK006838,777,1118,1505,116,24
1815,398,1207,Shamela0003118,1677,569,1240,225,26
1815,398,1331,Tafsir09084,1920,381,1153,217,21
1815,398,1331,Shamela0010906,349,671,1408,211,21
1815,398,1253,Sham19Y0122406,2841,227,1054,243,25
1815,809,1018,Sham19Y0013631,706,1210,1339,96,57
1815,398,1207,Sham19Y0018144,1904,610,1257,225,27
1815,1083,1479,Sham19Y0018144,5568,88,215,102,32
1815,406,1207,Shamela0036446,836,940,1521,201,25
1815,406,1083,Shia001368,297,184,666,153,20
1815,398,1083,ShamAY0034005,1327,800,1325,184,26
1815,256,376,Sham19Y0018272,2157,7,123,91,95
1815,444,1331,Masaha001864Vols,2639,1,700,215,22
1815,272,1505,Masaha001864Vols,5451,147,1331,835,81
1815,376,1207,Sham19Y0017616,293,486,1212,239,26
1815,1083,1376,Sham19Y0017616,610,750,1009,207,88
1815,398,1083,Zaydiyya0000258,142,596,1163,155,19
1816,147,523,Shia002616Vols,4959,606,727,96,32
1816,147,523,Kraken220413030759,337,894,1032,94,29
1816,147,523,Shia004020,161,31,141,85,28
1816,147,523,Shamela0001727,1020,995,1116,96,32
1816,147,523,JK000916,4488,248,366,94,31
1816,147,523,Shamela0003118,1677,1341,1458,94,31
1816,147,523,Sham19Y0013572,379,941,1065,95,31
1816,147,523,Sham19Y0127677,6588,596,717,96,32
1816,147,523,Sham19Y0017903,539,474,595,96,32
1816,147,523,Sham19Y0122406,2842,341,462,96,32
1816,147,523,Sham19Y0001734,2681,361,498,94,29
1816,147,523,Sham19Y0132524,1300,371,492,96,32
1816,147,523,Shamela0025800,2224,279,400,96,32
1816,147,531,Sham19Y0020638,841,551,680,96,32
1816,1,191,Masaha001864Vols,5451,1331,1524,151,96
1816,191,719,Masaha001864Vols,5452,1,522,414,94
1816,147,523,Masaha001946Vols,415,1,127,96,31
1816,147,523,Sham19Y0017616,293,1315,1436,96,32
1816,147,523,JK007065,157,314,435,96,32
1816,147,523,Sham19Y0148271,494,413,531,94,31
1816,147,523,Shamela0010803,69,1130,1251,96,32
1817,283,604,Kraken220218125253,470,279,608,261,95
1817,846,1258,Shamela0002386,132,64,555,304,72
1817,846,1263,JK007099,187,130,670,320,70
1817,917,1207,Shamela0005756,1801,330,605,197,75
1817,265,917,Shia001831Vols,390,747,1040,229,42
1817,835,1251,Sham19Y0122406,2845,48,468,235,60
1817,283,604,Sham19Y0018144,5578,22,343,265,99
1817,1055,1575,Sham19Y0018103,2613,1,280,214,50
1817,265,604,Masaha001946Vols,320,201,416,165,59
1817,846,1263,Shamela0011036,1924,365,1081,301,49
1817,917,1158,Sham19Y0013605,680,995,1221,180,86
1818,533,760,Shamela0008176,5631,53,419,145,50
1818,1070,1540,Shamela0008176,7336,115,635,265,57
1818,66,562,Sham19Y0036110,409,155,540,193,44
1818,66,839,Shamela0001727,1022,144,1121,230,20
1818,501,743,Sham19Y0127677,6277,622,1039,78,19
1818,452,981,Shia001831Vols,390,1110,1391,211,49
1818,57,562,Sham19Y0122406,2845,697,1249,185,30
1818,543,839,Sham19Y0122406,2846,1,698,165,27
1818,66,198,Sham19Y0001734,2444,263,387,83,70
1818,66,778,Sham19Y0020638,842,729,1390,228,30
1818,66,198,Shia001976Vols,1002,996,1123,83,69
1818,1201,1503,Sham19Y0013252,1051,1,340,161,49
1818,501,775,Sham19Y0017616,290,559,1010,83,17
1818,567,739,Sham19Y0122257,2579,620,825,123,73
1818,1116,1308,Sham19Y0122257,3302,1319,1481,118,73
1818,854,1125,Sham19Y0017063,1523,1320,1582,177,78
1818,1125,1540,Sham19Y0017063,1524,1,427,254,67
1818,1084,1540,Sham19Y0013605,673,947,1246,189,51
1819,431,646,Shamela0001727,1023,76,277,102,60
1819,269,473,JK006838,334,1200,1425,50,17
1819,431,646,Sham19Y0013572,232,7,205,101,61
1819,1,177,Shamela0005756,1783,83,253,132,93
1819,269,646,Shamela0004473,15338,352,795,123,26
1819,269,646,Shamela0035100,515,349,677,114,28
1819,269,477,Shamela0004289,248,1176,1464,49,14
1819,269,646,Shamela0010906,109,192,520,114,28
1819,269,646,Shamela0005815,116,927,1343,116,25
1819,269,646,Sham19Y0122406,2847,603,1101,138,29
1819,431,646,Sham19Y0132524,1303,1042,1243,102,60
1819,269,646,Kraken230110004547,637,50,446,121,28
1819,269,646,Shamela0036446,773,728,1116,122,29
1819,431,646,Shia003732Vols,977,725,866,91,47
1819,269,646,Shamela0000170,1086,911,1346,122,26
1819,269,646,Sham19Y0020638,844,740,1183,123,26
1819,1,247,Sham19Y0013252,1051,1076,1310,178,91
1819,269,646,Sham19Y0017616,291,711,1168,123,26
1819,431,646,Sham19Y0009800,443,782,978,90,39
1819,1,473,Sham19Y0023625,2297,238,1124,179,20
1819,269,646,JK007065,106,331,773,121,26
1819,6,646,Sham19Y0122257,3303,157,793,149,19
1819,1,177,Sham19Y0013605,673,1246,1427,126,81
1819,269,646,Shamela0010517,81,769,1212,123,26
1820,1125,1245,Sham19Y0127677,9187,1039,1159,95,100
1820,1136,1483,Shia001831Vols,391,327,524,154,54
1820,988,1428,Sham19Y0122406,2850,587,897,159,44
1820,254,624,Sham19Y0023625,2298,369,626,163,52
1820,58,433,Sham19Y0017063,1524,585,949,286,95
1820,964,1385,Sham19Y0017063,1525,142,614,265,61
1820,133,433,Sham19Y0013605,673,627,878,189,78
1821,570,757,Shamela0006025,344,783,978,148,95
1821,570,757,Sham19Y0148486,1527,290,493,148,92
1821,145,400,Shamela0008176,5936,1154,1502,167,56
1821,400,549,Shamela0008176,5937,1,151,111,90
1821,145,549,Shamela0002569,467,740,1156,287,80
1821,1030,1322,Sham19Y0014299,239,913,1238,157,52
1821,570,757,Shamela0001727,1025,362,570,144,87
1821,558,722,Shamela0022769,1748,583,759,119,83
1821,145,549,Shamela0005756,8788,1158,1468,224,66
1821,558,884,Sham19Y0014309,533,540,1196,218,40
1821,140,558,JK000201,4042,458,913,305,80
1821,558,705,ShamAY0034068,4160,225,386,113,87
1821,1084,1350,Shamela0009702,1124,904,1227,160,55
1821,705,1219,Sham19Y0122406,2851,860,1324,240,46
1821,145,549,Sham19Y0122406,2851,155,533,208,55
1821,570,757,Sham19Y0122406,2852,75,283,144,87
1821,570,757,Sham19Y0132524,3158,541,750,144,87
1821,570,716,Sham19Y0018144,1926,653,807,115,93
1821,145,599,Sham19Y0018103,1957,965,1265,213,58
1821,529,781,Shamela0025800,438,19,336,160,61
1821,155,558,JK000665,5,430,857,310,89
1821,570,757,Sham19Y0146127,778,839,1035,143,92
1821,570,759,Sham19Y0017616,559,283,486,143,90
1821,145,481,Sham19Y0150962,1606,898,1197,213,74
1821,145,549,Sham19Y0013605,2505,717,1024,223,66
1822,232,1022,Shamela0007891,2099,467,1141,151,18
1822,232,872,JK009390,6112,931,1461,105,14
1822,339,1027,JK009390,6794,74,624,118,15
1822,415,872,Sham19Y0014299,20,255,500,139,35
1822,6,365,Shamela0001727,1025,1076,1490,121,33
1822,798,1091,Shamela0001727,1026,389,685,103,38
1822,232,1027,Sham19Y0127677,4229,423,1089,157,18
1822,415,872,Shamela0004473,11478,83,328,139,35
1822,232,1022,Shamela0029976,8,561,1250,153,18
1822,232,1027,Shia002265Vols,4422,424,1089,157,18
1822,232,1027,Shamela0001438,6118,14,679,157,18
1822,12,365,Sham19Y0018144,1927,1000,1418,115,32
1822,232,1022,ShamAY0034005,1289,654,1330,152,17
1822,232,1091,Sham19Y0020638,847,668,1411,173,18
1822,6,365,Masaha001864Vols,497,646,1067,119,32
1822,405,597,Sham19Y0013252,6884,34,197,109,69
1822,6,1022,Sham19Y0017616,272,479,1461,214,19
1822,232,1022,Sham19Y0017063,1137,924,1523,151,19
1823,841,1304,Sham19Y0145166,424,994,1318,216,58
1823,421,647,Shamela0008176,5111,972,1260,148,64
1823,828,1158,Shamela0005756,9135,890,1068,103,39
1823,821,1189,Sham19Y0122406,2857,190,619,216,60
1823,1227,1376,Sham19Y0122406,2857,1145,1420,99,44
1823,72,670,Sham19Y0018144,5552,379,1184,326,43
1823,1189,1412,Shia003732Vols,2435,1074,1385,134,51
1823,406,670,Shamela0009873,1114,182,399,122,52
1823,870,1412,Shamela0021766,800,984,1252,146,32
1823,402,663,Sham19Y0013252,5566,520,723,118,55
1823,469,670,Sham19Y0017616,610,67,268,161,100
1824,241,691,Sham19Y0131521,3915,178,907,320,53
1824,779,1083,Sham19Y0131521,3916,680,1240,169,33
1824,696,1083,Shamela0001727,1027,891,1023,92,30
1824,696,1083,Shamela0009795,150,1033,1183,88,28
1824,696,1083,Sham19Y0017903,572,610,742,92,30
1824,696,1083,Shamela0023628,673,1179,1311,91,30
1824,696,1083,Sham19Y0132524,1310,32,163,92,30
1824,696,1083,Shamela0036446,819,332,471,92,31
1824,696,1083,Shamela0025800,2201,327,459,92,30
1824,696,918,JK000665,4,618,838,168,89
1824,437,691,Masaha001946Vols,293,649,882,175,84
1824,696,1083,Sham19Y0017616,292,946,1078,92,30
1824,696,1083,JK007065,622,558,691,91,30
1825,302,738,Sham19Y0013667,4841,1107,1376,94,23
1825,302,753,Shamela0001727,764,809,1115,120,30
1825,302,753,Shamela0001727,1028,158,462,121,29
1825,302,753,Sham19Y0122406,2049,247,551,122,30
1825,1,356,Sham19Y0122406,2858,791,1466,218,37
1825,302,753,Sham19Y0017729,344,930,1235,122,30
1825,1,290,Shia003732Vols,2436,8,299,187,72
1825,302,753,Sham19Y0020638,625,937,1241,122,30
1825,302,753,Sham19Y0020638,852,447,753,120,28
1825,316,753,Masaha001946Vols,532,1015,1327,115,28
1825,302,753,JK007065,774,292,590,113,28
1825,316,753,Sham19Y0148271,166,758,1054,119,28
1826,780,1214,JK010001,598,650,1055,276,77
1826,780,1214,Tafsir07055,639,302,726,291,81
1826,7,242,Shamela0005756,3010,626,798,133,69
1826,130,454,Shamela0001515,334,260,633,157,47
1826,968,1178,Sham19Y0014309,646,1,463,158,42
1826,144,529,Shia001831Vols,392,504,718,135,40
1826,1,278,ShamAY0033522,421,963,1497,174,36
1826,130,529,ShamAY0033522,422,479,816,211,64
1826,149,1185,Sham19Y0122406,2860,748,1572,394,38
1826,237,535,Shamela0021723,352,637,910,202,81
1826,1,569,Masaha001864Vols,5123,552,1137,451,93
1826,153,529,Sham19Y0013252,1278,1123,1450,200,55
1826,130,529,Masaha001946Vols,534,1331,1498,122,37
1826,569,772,Sham19Y0023625,1703,1306,1527,152,79
1826,7,552,Sham19Y0023625,1704,97,822,317,48
1826,232,569,Sham19Y0122257,2337,727,962,165,60
1826,1,242,Sham19Y0013605,1090,235,418,127,60
1827,597,929,Sham19Y0145166,306,629,1033,188,50
1827,452,1435,Shamela0026568,237,305,1142,640,80
1827,458,802,Shamela0005756,10886,248,764,129,26
1827,651,1514,Sham19Y0013253,705,14,852,538,71
1827,597,755,Shia001831Vols,392,803,934,90,68
1827,452,1435,Shamela0023685,261,537,1367,644,81
1827,147,622,Sham19Y0122406,2861,526,1038,276,58
1827,597,1304,Sham19Y0122406,2862,551,1253,407,64
1827,1310,1514,Sham19Y0122406,2863,151,359,143,79
1827,452,1089,Shamela0006617,597,990,1541,418,80
1827,1089,1435,Shamela0006617,598,1,300,233,82
1827,546,802,Sham19Y0013605,4325,277,842,109,21
1828,584,699,Shamela0001727,1029,203,319,89,97
1828,462,929,Shamela0026568,238,80,493,307,81
1828,584,800,Shamela0004473,1496,6,229,112,62
1828,584,699,Shamela0035100,227,267,382,89,98
1828,323,1043,Shia001831Vols,392,1020,1568,316,48
1828,584,699,Shamela0021713,759,1372,1488,87,94
1828,584,699,Shamela0010906,411,1162,1277,89,98
1828,91,929,Shamela0023685,262,184,707,373,52
1828,584,699,Sham19Y0122406,2861,1328,1444,89,97
1828,202,457,Sham19Y0122406,2862,152,393,181,80
1828,584,699,Sham19Y0132524,1312,1152,1267,87,95
1828,615,929,Shamela0006617,441,1,267,186,69
1828,91,929,Shamela0006617,598,639,1125,353,50
1828,584,699,Sham19Y0020638,853,1040,1156,89,97
1829,722,1263,Sham19Y0014299,186,122,475,258,57
1829,1,261,Shamela0026568,242,332,574,194,91
1829,1,261,Shamela0023685,266,443,685,194,91
1829,920,1576,Sham19Y0122406,2864,322,679,169,32
1829,939,1116,Sham19Y0132524,1314,944,1098,90,64
1830,280,525,Shia002206,15,401,923,167,40
1830,359,846,Sham19Y0127660,729,971,1452,336,84
1830,846,1452,Sham19Y0127660,730,1,601,473,99
1830,280,432,Shamela0001727,1029,1127,1275,114,95
1830,287,735,Shamela0011385,1010,138,529,123,26
1830,287,432,Sham19Y0013253,707,1251,1406,113,92
1830,1,275,Shia001831Vols,393,368,569,148,66
1830,280,405,Sham19Y0122406,2863,1373,1494,93,94
1830,159,432,Sham19Y0122406,2864,817,1099,167,68
1830,1,275,Sham19Y0018103,2674,998,1223,155,66
1830,305,432,Masaha001864Vols,2146,1285,1412,93,91
1830,1,200,Masaha001946Vols,539,731,903,127,78
1830,1,280,Sham19Y0013605,3252,598,780,137,60
1831,938,1302,Shamela0008176,5059,60,379,216,66
1831,389,838,Sham19Y0127656,514,1140,1558,133,32
1831,787,1302,Shamela0021715,4849,333,852,211,40
1831,389,838,Shamela0001727,1031,956,1526,151,29
1831,938,1532,Shamela0026568,212,853,1356,227,36
1831,970,1532,Shamela0023685,237,6,479,232,40
1831,1014,1281,Shamela0010527,488,894,1017,92,42
1831,389,1281,Sham19Y0122406,2867,135,1421,400,34
1831,504,838,Shamela0036446,853,71,373,108,34
1831,499,838,ShamAY0035990,189,789,1096,107,34
1831,938,1532,Shamela0006617,582,345,798,233,43
1831,504,838,Sham19Y0020638,857,106,447,109,32
1831,917,1302,Masaha001864Vols,1949,694,859,114,36
1831,641,1211,Sham19Y0023625,1715,429,1596,324,31
1831,504,838,Sham19Y0018176,1545,959,1296,108,33
1831,922,1307,Sham19Y0122257,2376,729,1028,225,72
1832,782,1377,Shia001831Vols,393,967,1262,206,43
1832,823,1144,Sham19Y0018144,5564,488,824,260,95
1833,1285,1624,Sham19Y0122402,205,189,444,161,55
1833,405,1026,Shamela0001727,1033,768,1148,118,20
1833,405,1026,Sham19Y0017903,566,580,970,119,20
1833,405,1026,Sham19Y0122406,2870,801,1175,118,20
1833,156,1095,Sham19Y0122406,2876,521,1429,298,26
1833,807,1057,Sham19Y0013631,2390,981,1174,112,52
1833,405,1026,Shamela0036446,849,11,385,118,20
1833,405,1026,Shamela0025800,2246,366,769,119,20
1833,405,858,Sham19Y0017616,295,1163,1438,89,20
1833,405,1026,JK007065,354,263,689,119,19
1834,167,477,Sham19Y0122402,539,389,528,99,40
1834,627,1270,Kraken220218125253,758,1100,1502,251,48
1834,930,1270,Shia001831Vols,394,398,623,157,58
1835,1170,1495,Shamela0001733,1443,382,521,108,40
1835,1211,1506,Sham19Y0145435,284,1,118,91,38
1835,317,935,Sham19Y0145435,5242,583,972,111,18
1835,1170,1483,Sham19Y0145435,5242,1374,1503,100,39
1835,1170,1506,Shamela0008176,5058,390,539,117,43
1835,1170,1506,Sham19Y0013614,590,1342,1490,117,43
1835,11,317,Sham19Y0014299,215,1196,1487,196,75
1835,1170,1506,Tafsir07055,652,1267,1415,117,43
1835,317,935,Shamela0001727,1035,732,1122,111,18
1835,1170,1506,Shamela0001727,1036,41,193,120,44
1835,1170,1495,Sham19Y0127677,7442,1162,1301,108,40
1835,1170,1506,Masaha001961Vols,1050,870,1029,111,39
1835,1174,1506,Shamela0009783BK1,964,161,286,96,36
1835,57,317,Shia003923Vols,1718,938,1199,196,87
1835,322,935,Sham19Y0017903,568,543,931,119,23
1835,1170,1506,Sham19Y0017903,568,1335,1487,120,44
1835,35,1125,Shia001831Vols,394,700,1088,227,25
1835,585,935,Sham19Y0122406,2873,475,771,83,23
1835,1170,1506,Sham19Y0122406,2873,1178,1330,120,44
1835,1170,1506,Sham19Y0145212,2511,236,385,117,43
1835,1170,1506,Sham19Y0132524,1322,1401,1552,119,43
1835,573,908,Shamela0009770,437,962,1211,84,25
1835,1170,1506,Shamela0009770,438,118,265,119,43
1835,329,573,Sham19Y0018144,5563,319,565,202,95
1835,1170,1506,Shamela0036446,851,758,910,120,44
1835,1170,1506,Shamela0025800,2248,1085,1237,120,44
1835,1170,1506,Sham19Y0017791,1336,772,920,116,42
1835,1170,1495,Sham19Y0017791,1337,852,1067,109,40
1835,322,935,Sham19Y0017729,311,190,581,113,20
1835,1170,1506,Sham19Y0017729,311,979,1121,115,42
1835,1170,1506,Sham19Y0020638,861,360,512,120,44
1835,77,716,Sham19Y0020638,1760,842,990,110,21
1835,1170,1506,Shamela0021766,1797,255,414,115,41
1835,1170,1506,Masaha001946Vols,509,700,864,120,42
1835,1174,1510,ShamAY0035884,1765,1,143,107,38
1835,317,908,Sham19Y0017616,297,1153,1513,105,17
1835,1170,1506,Sham19Y0017616,298,432,584,120,44
1835,1193,1422,Sham19Y0023625,1741,442,633,149,78
1835,1170,1506,JK007065,356,1000,1153,120,44
1835,1170,1488,Sham19Y0122257,2376,604,734,102,39
1835,1170,1506,Sham19Y0014119,432,21,169,117,43
1835,1170,1506,Sham19Y0017063,963,768,916,115,42
1835,1422,1591,Sham19Y0017063,964,295,475,136,93
1835,1170,1506,Shamela0008360,603,1102,1251,117,43
1836,6,127,Sham19Y0145435,5243,130,469,66,24
1836,34,374,Shamela0003055,4296,736,1078,270,98
1836,6,406,Shamela0001727,1036,299,896,94,14
1836,6,127,Sham19Y0147658,763,905,1236,68,25
1836,6,406,Sham19Y0017903,569,91,686,79,11
1836,461,1481,Shia001831Vols,394,1177,1548,240,29
1836,65,1041,Sham19Y0122406,2878,56,364,131,15
1836,1183,1481,Sham19Y0013631,505,702,943,137,55
1836,6,127,Shamela0036446,851,1016,1355,66,24
1836,60,242,Sham19Y0017729,312,12,342,121,43
1836,6,415,Sham19Y0020638,861,618,1217,94,14
1836,1224,1512,Rafed0002654Vols,13832,920,1185,200,84
1836,1224,1512,Shia004092Vols,12796,898,1165,200,84
1836,6,406,Sham19Y0017616,298,690,1289,94,13
1836,1178,1467,Sham19Y0023625,1714,1114,1491,190,60
1836,6,127,Sham19Y0148271,742,190,521,65,24
1837,1028,1567,Shamela0008176,5060,1,258,186,42
1837,292,612,Shamela0009702,436,951,1489,199,44
1837,1,236,Sham19Y0023625,1715,46,283,183,90
1837,1145,1567,Sham19Y0122257,2377,1234,1437,143,40
1838,319,883,Shamela0008176,5010,956,1481,399,83
1838,314,764,Sham19Y0131521,3772,608,1041,337,89
1838,385,883,Shia003923Vols,725,1111,1559,242,49
1838,875,1430,Sham19Y0132524,1327,296,858,114,19
1838,319,883,ShamAY0033531,1916,184,756,465,98
1838,674,883,Sham19Y0018144,5554,246,475,142,73
1838,1197,1509,Sham19Y0018144,5578,573,1089,155,35
1838,529,883,Shamela0001687,7578,523,890,229,70
1838,385,883,Sham19Y0150639,227,224,665,244,50
1838,1341,1543,Sham19Y0017616,605,453,658,161,95
1838,276,752,Sham19Y0122257,2354,998,1426,322,80
1838,319,883,Sham19Y0014601,4097,418,937,402,85
1838,235,764,Sham19Y0017063,952,377,977,196,29
1839,1012,1443,Shamela0001733,2449,1081,1450,110,25
1839,208,329,Masaha004722,159,1026,1144,77,79
1839,950,1434,Shamela0012293,1327,201,468,87,18
1839,984,1443,Shamela0001727,1039,1,534,126,22
1839,1012,1443,Sham19Y0013572,501,912,1280,108,24
1839,1012,1443,Shamela0021626,8,99,468,111,25
1839,1012,1443,Shamela0004473,3042,302,686,105,23
1839,1012,1443,Sham19Y0122406,2883,149,517,108,24
1839,1012,1443,Kraken230110004547,90,1044,1383,104,23
1839,939,1443,Shia001269,397,832,1435,159,24
1839,1012,1443,JK007065,452,19,386,108,24
1839,1012,1443,Sham19Y0011194,178,80,447,107,24
1839,1,154,Sham19Y0014601,3924,893,1046,126,100
1839,1026,1241,Sham19Y0014601,4168,959,1174,131,67
1839,577,786,Sham19Y0013605,2544,1270,1440,120,69
1840,766,952,Sham19Y0020561,1580,1123,1318,138,88
1840,277,420,Sham19Y0020561,1630,886,1028,87,76
1840,317,426,JK007064,900,516,630,81,90
1840,311,652,Shamela0007891,1827,951,1257,134,41
1840,603,923,Shamela0006025,229,676,968,174,64
1840,603,1527,Shamela0021495,434,201,722,294,35
1840,766,952,Shamela0000767,2523,288,480,130,80
1840,766,923,Sham19Y0148486,3525,1251,1408,126,99
1840,277,420,Sham19Y0148486,4031,444,585,92,80
1840,603,923,Sham19Y0148486,5601,381,677,151,45
1840,1108,1316,Sham19Y0017747,1239,828,1028,146,86
1840,603,923,Shamela0012293,1327,501,724,180,69
1840,603,810,ShamAY0033592,3,1269,1476,95,47
1840,317,632,Shia000841Vols,8873,1124,1431,124,45
1840,317,426,Sham19Y0014591,3557,387,497,85,98
1840,311,420,Shamela0025794,477,570,679,84,97
1840,603,1056,Shamela0025794,592,459,917,179,38
1840,1,298,Tafsir07055,671,109,406,246,100
1840,311,426,Shamela0011428,1499,784,900,89,97
1840,1108,1313,Shamela0021590,856,72,231,105,61
1840,603,923,JK007128,493,1093,1451,140,35
1840,603,923,Shamela0001727,1039,529,752,180,69
1840,311,426,Shamela0001727,1041,33,149,90,98
1840,603,923,JK011302,320,461,725,135,49
1840,77,595,Sham19Y0122401,1111,802,1095,211,48
1840,603,923,Sham19Y0013572,501,1275,1498,180,69
1840,311,420,Shia002240Vols,401,766,878,82,93
1840,766,923,Shamela0001673,4312,1387,1538,122,96
1840,603,923,Shamela0004473,3042,681,904,180,69
1840,761,923,Kraken230106005528,222,327,483,104,75
1840,311,632,Shamela0000427BK2,4137,453,768,116,30
1840,917,1189,Sham19Y0014309,616,757,1026,170,73
1840,783,923,Sham19Y0014309,616,1,129,99,84
1840,603,923,Sham19Y0017903,578,777,994,171,65
1840,772,923,Shamela0022547,2186,1266,1419,117,94
1840,311,430,Shamela0001449,141,285,405,91,96
1840,311,426,Sham19Y0122406,2886,883,999,90,98
1840,603,923,Sham19Y0018607,905,1027,1298,157,50
1840,311,433,Shia001989,258,971,1096,90,90
1840,603,1316,Sham19Y0132524,1330,211,687,251,39
1840,311,426,Sham19Y0132524,1331,1051,1167,91,99
1840,20,303,ShamAY0033531,1941,1192,1461,198,83
1840,793,923,Kraken230110004547,91,1,135,105,97
1840,603,923,Sham19Y0018144,1920,1133,1450,178,61
1840,603,923,Shamela0036446,738,775,1167,158,38
1840,603,909,Shamela0009107,332,1214,1498,150,53
1840,603,923,Shamela0025800,511,64,287,179,69
1840,603,923,Sham19Y0017729,317,1184,1407,178,68
1840,622,917,Shia001269,398,1,199,158,66
1840,603,923,Shia000895Vols,531,525,798,162,52
1840,766,923,Sham19Y0020638,868,26,183,127,100
1840,311,426,Sham19Y0020638,869,20,136,91,99
1840,766,923,Sham19Y0013223,2540,309,460,122,96
1840,772,923,Shamela0006222,1192,77,230,114,92
1840,603,923,JK000022,1001,864,1061,151,58
1840,317,426,Shamela0007342,1241,165,262,68,80
1840,772,923,Sham19Y0146127,1853,909,1069,119,91
1840,779,923,Shamela0009242,2401,636,778,111,93
1840,317,426,Shamela0009242,3452,1242,1351,83,95
1840,603,923,Sham19Y0017616,283,153,376,180,69
1840,603,923,Sham19Y0013241,1230,328,547,176,68
1840,317,439,Shamela0007264,367,711,842,86,84
1840,603,923,JK007065,452,381,604,180,69
1840,603,923,Sham19Y0011194,178,442,722,181,63
1841,1138,1441,JK007083,153,908,1276,77,21
1841,1138,1441,JK006897,333,45,419,77,20
1841,574,927,ShamAY0033592,3,1318,1432,81,27
1841,574,927,Shamela0001727,1039,1070,1201,86,30
1841,574,927,Sham19Y0122406,2884,410,541,86,30
1841,1138,1441,Sham19Y0122406,2885,679,1046,77,21
1841,574,927,Sham19Y0018144,1920,1182,1296,81,27
1841,574,927,Shamela0036446,738,916,1032,88,31
1841,1138,1441,Shamela0025800,511,660,846,75,31
1841,574,927,Shia001269,398,537,668,86,30
1841,1138,1441,Sham19Y0147597,1315,508,875,77,21
1841,574,927,Shamela0013032,36,549,662,81,27
1841,512,1441,JK007065,452,655,1207,168,19
1842,1145,1282,JK000201,2373,1,137,112,99
1843,660,1286,Shamela0001727,1042,971,1295,115,20
1843,140,712,Sham19Y0122406,2888,957,1369,109,17
1843,912,1401,Sham19Y0122406,2889,365,961,165,31
1843,64,712,Sham19Y0020638,870,397,1078,139,17
1843,660,1048,JK007065,166,143,426,93,26
1843,1326,1474,Shamela0021537,1739,898,1061,118,90
1843,1326,1474,Shamela0021537,4339,26,189,118,90
1844,731,927,Sham19Y0148486,1700,29,417,113,34
1844,731,909,ShamAY0033678,31,58,395,70,21
1844,731,1151,Shamela0008176,7595,807,1230,186,41
1844,190,343,Shia000841Vols,8794,172,353,113,76
1844,977,1562,Zaydiyya0000106,30,601,1043,329,69
1844,118,483,Sham19Y0131521,3850,286,603,233,77
1844,861,1151,Shamela0021715,5540,550,817,156,57
1844,508,810,Shamela0001727,1043,404,1064,144,22
1844,152,494,Shamela0000432,4033,1,336,269,93
1844,980,1453,Sham19Y0020868,486,1,473,381,99
1844,1189,1493,Shia004456Vols,3951,363,550,128,52
1844,945,1189,Shamela0000894,525,1409,1586,132,64
1844,958,1570,JK000201,2970,707,1297,475,96
1844,676,810,Sham19Y0122406,2890,997,1393,107,33
1844,750,1570,Sham19Y0122406,2891,24,601,347,51
1844,676,802,Sham19Y0037618,6074,1384,1503,77,74
1844,861,1161,Sham19Y0017729,17,1226,1612,216,69
1844,1161,1538,Sham19Y0017729,18,1,371,284,91
1844,58,332,Sham19Y0018272,815,950,1236,161,57
1844,731,945,Sham19Y0020638,874,151,547,150,47
1844,237,369,JK001103,46,602,731,105,95
1844,731,909,Sham19Y0146127,869,963,1172,104,64
1844,693,1221,Shamela0011036,2080,999,1580,292,51
1844,1221,1570,Shamela0011036,2081,1,350,277,99
1844,731,909,Sham19Y0022797,33,923,1256,100,32
1844,861,1151,Sham19Y0122257,3408,372,585,159,66
1844,232,458,Sham19Y0014601,6813,1127,1302,134,71
1844,676,1512,Sham19Y0017063,1583,425,925,257,34
1844,980,1570,Sham19Y0150962,1208,435,805,298,62
1844,1,407,Shamela0021537,1739,1061,1468,330,99
1844,1,407,Shamela0021537,4339,189,596,330,99
1845,936,1153,Shia001432Vols,14100,150,946,153,24
1845,936,1140,Shia001432Vols,14192,11,206,95,46
1845,515,667,Shamela0008176,7595,1230,1353,94,79
1845,1153,1508,Shamela0008176,7598,318,532,135,45
1845,936,1157,Shia001353,362,399,659,111,50
1845,1029,1153,Shia004020,113,722,879,94,76
1845,917,1508,Sham19Y0131521,5741,575,1387,368,53
1845,1308,1508,Sham19Y0131521,6155,1,202,147,82
1845,981,1167,JK007128,240,69,351,124,57
1845,546,701,Shamela0021715,10685,132,286,99,73
1845,1029,1140,Shia004484,5,1038,1195,78,57
1845,936,1140,Shamela0001727,1044,369,1083,143,25
1845,955,1153,Shia001349Vols,265,945,1293,82,25
1845,1,189,Shamela0000432,4480,80,341,136,66
1845,552,701,Sham19Y0150676,2741,556,694,94,77
1845,936,1076,Rafed0000040Vols,1513,1065,1324,101,50
1845,472,706,Shamela0005756,9956,108,281,128,67
1845,552,701,Shamela0001673,11139,198,336,94,77
1845,936,1153,Shamela0001673,11282,11,200,94,52
1845,170,620,Sham19Y0014309,938,996,1503,311,69
1845,958,1508,Sham19Y0014309,942,1,508,220,37
1845,1,263,JK000201,2970,1297,1545,197,94
1845,189,769,JK000201,2971,40,592,377,76
1845,955,1076,Shia004030Vols,646,699,1002,86,36
1845,936,1153,Shia004030Vols,649,622,869,112,52
1845,936,1164,Shia004030Vols,663,340,1090,152,26
1845,1,658,Sham19Y0122406,2891,601,1512,272,32
1845,1107,1501,Sham19Y0122406,2893,414,747,196,56
1845,1029,1153,JK009334,5,1127,1246,91,93
1845,1032,1153,Shia004024,40,691,980,89,39
1845,1029,1508,ShamAY0033531,3059,6,872,339,48
1845,1153,1508,ShamAY0033531,4242,190,545,287,100
1845,1006,1148,Kraken230110004547,145,638,924,102,45
1845,739,1140,Shamela0025800,823,6,386,131,34
1845,936,1140,Shia003707Vols,55,218,443,102,50
1845,936,1140,ShamAY0001783,257,237,679,108,30
1845,189,403,Sham19Y0018272,2159,1335,1562,169,89
1845,403,730,Sham19Y0018272,2160,1,346,256,93
1845,936,1157,Sham19Y0020638,874,641,1074,149,44
1845,936,1140,Masaha001864Vols,2838,307,923,139,29
1845,936,1076,Masaha002880Vols,359,921,1267,102,37
1845,936,1140,Shia001174Vols,2440,985,1359,118,40
1845,189,748,Shia001174Vols,4574,232,648,200,39
1845,931,1140,Rafed0002654Vols,537,122,752,139,27
1845,1029,1153,Rafed0002654Vols,2624,250,408,94,75
1845,936,1153,Rafed0002654Vols,10526,124,860,153,26
1845,1029,1373,Shamela0010549,426,1074,1444,119,31
1845,520,758,Shamela0011036,2081,1062,1293,171,87
1845,1,149,Shamela0011036,2081,350,496,116,98
1845,263,810,Shamela0011036,2082,368,936,254,47
1845,1029,1153,Shia004092Vols,2720,885,1043,93,75
1845,1014,1153,Shia004092Vols,10390,1,399,92,30
1845,955,1140,Shia004092Vols,10394,989,1163,116,74
1845,1029,1153,Zaydiyya0000258,97,92,232,94,85
1845,931,1157,Shia001404,82,5,161,121,68
1845,936,1140,JK007065,190,80,309,104,50
1845,515,1153,Sham19Y0122257,3408,585,1129,252,39
1845,936,1508,Sham19Y0017063,1584,111,770,341,60
1845,936,1140,Masaha002064Vols,615,671,1174,119,30
1845,936,1153,Shia000806Vols,103,905,1368,133,37
1845,955,1153,Shia003992,103,497,738,97,47
1845,936,1153,Shia001551,255,1128,1485,117,35
1846,1233,1507,Zaydiyya0000367,32,405,560,78,33
1846,1233,1507,Zaydiyya0000367,371,331,486,78,33
1846,1,363,Shamela0008176,7598,532,694,113,39
1846,1233,1507,Shia001353,361,437,591,77,33
1846,1233,1507,Shia001353,362,1024,1319,92,31
1846,1242,1507,Shamela0025794,3888,346,490,72,31
1846,82,298,Sham19Y0131521,5742,1,198,144,79
1846,1233,1507,Shamela0001727,1045,663,818,78,33
1846,1233,1507,Sham19Y0127677,8149,1181,1336,78,33
1846,53,363,Shia001663Vols,229,262,584,99,27
1846,53,401,Shamela0001673,11283,372,808,175,48
1846,347,1031,Shamela0001673,11283,764,1459,225,33
1846,1,1050,Sham19Y0014309,942,508,937,295,35
1846,1233,1507,Sham19Y0017903,507,371,526,78,33
1846,872,1209,Shia001831Vols,395,1359,1597,130,46
1846,347,915,JK000201,2962,1049,1523,184,36
1846,53,401,JK000201,2962,657,1093,170,47
1846,46,260,Sham19Y0122406,2893,1231,1490,133,63
1846,260,1050,Sham19Y0122406,2894,1,1003,488,58
1846,1,368,ShamAY0033531,3059,872,1253,283,94
1846,1,368,ShamAY0033531,4242,545,926,283,94
1846,289,425,Sham19Y0013631,586,826,1208,82,26
1846,1233,1507,Sham19Y0018144,1954,1294,1447,79,33
1846,1233,1507,Shamela0025800,3243,793,948,78,33
1846,1233,1507,Sham19Y0017729,261,325,480,78,33
1846,1233,1507,Sham19Y0020638,875,198,353,78,33
1846,1077,1209,Masaha001864Vols,5540,830,961,107,99
1846,1233,1507,Shia001976Vols,1447,317,469,78,33
1846,1233,1507,Sham19Y0017616,306,840,995,78,33
1846,1233,1507,JK007065,189,754,906,78,33
1846,1,359,Sham19Y0122257,3409,702,860,113,39
1846,1,368,Sham19Y0017063,1584,770,926,115,38
1847,500,1212,Shamela0005756,15107,162,745,240,34
1847,855,1371,Shamela0001673,11276,173,689,262,57
1847,681,874,JK000201,2968,1245,1493,137,68
1847,874,1537,JK000201,2969,1,664,531,98
1847,87,382,Sham19Y0122406,2896,20,453,158,41
1847,725,1142,ShamAY0033531,2080,542,959,340,99
1847,458,684,Sham19Y0013631,798,89,294,119,60
1847,19,190,Masaha001864Vols,5673,1152,1370,120,68
1847,1142,1537,Shamela0011036,2076,923,1312,259,76
1848,1265,1476,Sham19Y0131521,4943,833,1052,144,77
1848,1099,1476,Sham19Y0131521,5833,53,319,187,59
1848,1,769,JK000201,2969,664,1441,605,97
1848,27,390,Sham19Y0122406,2898,136,609,144,35
1848,941,1080,Sham19Y0018144,5626,793,913,93,83
1848,7,207,Shamela0011036,2076,1337,1539,153,92
1848,207,854,Shamela0011036,2077,1,877,454,61
1848,36,624,Sham19Y0122142,827,526,999,340,69
1848,1265,1461,Shamela0009242,3860,1076,1252,111,66
1848,1094,1269,Sham19Y0017063,884,1,246,127,65
1849,995,1168,ShamAY0034227,4694,1224,1510,118,49
1849,117,413,Sham19Y0131521,5833,1251,1539,162,51
1849,990,1264,Sham19Y0132524,1393,1139,1539,179,53
1849,1288,1465,Sham19Y0132524,1394,72,520,108,31
1849,1387,1539,Sham19Y0013605,4747,984,1443,104,27
1850,1207,1413,Shamela0021629,664,442,712,147,69
1850,1207,1413,Shamela0008176,4707,1396,1600,155,96
1850,1217,1476,Sham19Y0017747,2206,1145,1301,118,57
1850,1,258,Sham19Y0122402,225,709,929,101,46
1850,1207,1310,Shamela0002863,2378,1,104,82,100
1850,51,707,Shamela0001727,1048,1,390,186,30
1850,1207,1424,Sham19Y0013572,339,382,601,164,94
1850,1207,1310,Sham19Y0017437,1630,1368,1471,82,100
1850,1197,1413,Sham19Y0127700,285,419,649,159,87
1850,526,707,Sham19Y0127677,14534,540,720,138,97
1850,1217,1476,Shamela0001673,11151,579,735,118,57
1850,1207,1424,Shamela0006947,2720,872,1095,152,87
1850,1207,1413,Kraken230106005528,354,941,1184,145,75
1850,1207,1417,JK001310,5,84,339,153,75
1850,1,924,Sham19Y0013253,710,663,1336,366,45
1850,1207,1476,Shia001831Vols,396,224,357,96,45
1850,510,707,Sham19Y0122406,2902,1,203,147,93
1850,641,924,Sham19Y0122406,2903,1,312,169,61
1850,1188,1413,Sham19Y0145212,2339,225,492,166,79
1850,1207,1413,Kraken230110004547,147,354,562,151,91
1850,588,711,Shamela0021670,1,1192,1315,92,97
1850,588,986,Sham19Y0018144,5630,1,394,133,30
1850,1207,1413,Shamela0025800,827,158,362,155,96
1850,1207,1424,Sham19Y0020638,878,277,580,157,66
1850,611,897,Shamela0009082,639,30,214,114,49
1850,1207,1452,Shamela0001467,99,1325,1502,114,57
1850,1192,1413,Shamela0021766,1001,20,237,161,91
1850,1207,1413,Sham19Y0016976,1216,551,808,151,75
1850,1217,1476,Shamela0009242,3862,470,626,118,57
1850,1207,1413,JK007065,146,534,828,150,65
1850,1207,1413,Sham19Y0122257,2188,681,886,155,95
1850,1207,1413,Sham19Y0014119,399,866,1060,149,92
1850,1188,1413,Sham19Y0017063,883,1021,1352,159,61
1850,1207,1413,Shamela0008360,556,938,1142,155,96
1851,1,477,Shamela0008176,4708,843,1225,276,70
1851,380,700,Shamela0001727,1048,403,960,200,45
1851,1,477,Sham19Y0014309,951,281,725,346,86
1851,1459,1599,Shamela0023628,1024,1,139,96,83
1851,477,813,Sham19Y0122406,2903,368,942,209,44
1851,1,481,Shamela0001467,100,25,459,352,90
1851,1279,1599,Sham19Y0013241,1896,321,610,228,89
1851,287,515,Sham19Y0122257,2189,1341,1519,116,61
1851,1,256,Sham19Y0122257,2189,566,793,176,86
1851,1061,1318,Sham19Y0122257,2193,276,505,138,66
1851,573,1590,Sham19Y0017063,885,704,1487,459,53
1852,1009,1248,Shamela0008176,4714,10,523,176,43
1852,1229,1467,Shamela0021715,1569,584,758,122,64
1852,1229,1467,Shamela0021715,3904,930,1223,150,59
1852,1297,1495,Shamela0021715,8124,1,151,100,63
1852,767,1092,Shamela0001727,1048,1262,1437,109,41
1852,1297,1467,Shamela0005756,3832,865,1025,119,88
1852,767,1127,Shamela0000894,6130,782,992,136,46
1852,80,618,Sham19Y0014309,948,1,412,295,66
1852,637,1127,Sham19Y0017903,509,634,1096,170,35
1852,49,402,Shia001831Vols,396,597,776,137,45
1852,1,515,Shamela0023628,1024,139,578,270,54
1852,73,259,Sham19Y0122406,2904,4,175,138,89
1852,767,1127,Sham19Y0122406,2905,462,672,136,46
1852,767,1127,Sham19Y0132524,1397,219,430,135,46
1852,767,1127,Kraken230110004547,151,232,432,123,42
1852,775,1018,Sham19Y0013631,1655,460,605,88,47
1852,432,618,Sham19Y0013631,2345,1116,1341,137,77
1852,767,1127,Shamela0036446,701,202,401,128,44
1852,767,1127,Shamela0025800,837,804,1020,136,46
1852,637,1127,Sham19Y0017729,263,16,478,166,34
1852,767,1127,ShamAY0034005,737,942,1146,136,49
1852,250,538,Sham19Y0018272,680,1271,1507,130,53
1852,767,1127,Shamela0026484,457,183,391,132,45
1852,767,1278,Sham19Y0020638,879,39,408,185,39
1852,1018,1224,Shamela0001467,100,1251,1499,157,80
1852,1290,1467,Sham19Y0013252,1926,92,259,125,89
1852,767,1248,Sham19Y0017616,310,169,455,170,43
1852,794,1127,Sham19Y0017533,96,1,184,115,42
1852,767,1127,JK007065,1453,593,798,128,43
1852,193,671,Sham19Y0122257,2194,511,1028,211,41
1853,1065,1227,Zaydiyya0000142,3723,1476,1650,131,92
1853,500,795,Sham19Y0014309,948,1135,1403,133,46
1853,25,1227,Sham19Y0014309,949,152,1004,512,45
1853,1264,1395,Shamela0000140,453,425,556,102,96
1853,491,757,Sham19Y0122406,2908,533,847,139,49
1853,820,1251,Sham19Y0018144,5638,1149,1515,165,37
1853,1074,1227,Zaydiyya0000161,432,25,178,125,100
1853,500,1011,Sham19Y0146127,2830,917,1304,96,19
1853,500,1017,Sham19Y0017616,310,842,1270,103,20
1853,1409,1571,Shamela0010517,1569,333,495,130,98
1854,1204,1375,Kraken220218125253,716,476,654,137,93
1854,1005,1615,Shamela0005756,9215,890,1459,321,53
1854,92,290,Sham19Y0014309,672,415,728,103,39
1854,894,1204,Shamela0000140,509,1199,1513,213,74
1854,862,1274,Sham19Y0018272,2014,1163,1558,325,95
1854,1213,1615,Sham19Y0013252,5445,714,1230,221,47
1854,87,290,Sham19Y0017063,966,1328,1486,119,72
1854,1,940,Shamela0010517,1569,495,1185,554,73
1855,601,994,Sham19Y0014309,1246,881,1239,224,68
1855,1081,1396,Masaha001171Vols,5439,740,924,145,56
1856,308,967,Shamela0001727,1053,964,1329,214,36
1856,435,733,Sham19Y0122406,2914,252,714,202,56
1856,693,1149,Sham19Y0122406,2914,1037,1446,169,44
1857,6,837,ShamIbadiyya0000438,1111,621,1209,386,55
1857,845,999,Shamela0008176,4700,512,666,119,92
1857,499,1196,Sham19Y0127677,8210,664,949,179,28
1857,410,1196,Shamela0004473,13224,555,1069,349,53
1857,1066,1464,Shamela0006947,15000,528,844,250,76
1857,1289,1531,Shamela0006947,15135,9,236,183,92
1857,529,967,Shamela0005922,2614,481,798,142,33
1857,410,1066,Shamela0008381,5676,937,1291,107,15
1857,1201,1617,Sham19Y0017903,513,22,473,135,31
1857,576,1171,Shamela0000140,442,186,407,140,29
1857,12,295,JK000201,2366,771,1241,223,57
1857,32,304,ShamAY0033531,1887,1094,1330,173,77
1857,1201,1617,Sham19Y0017729,266,245,716,137,30
1857,6,214,Sham19Y0018272,316,331,506,144,83
1857,12,576,Sham19Y0020638,882,899,1425,172,26
1857,6,214,Sham19Y0013223,1683,335,510,146,84
1857,89,290,Masaha001864Vols,4176,1353,1553,162,96
1857,1268,1568,Sham19Y0017063,878,144,400,189,77
1858,472,883,ShamIbadiyya0000438,514,180,437,195,58
1858,1282,1616,JK000196,6750,1090,1420,268,98
1858,710,1032,Zaydiyya0000142,2378,882,1201,263,98
1858,549,1598,Shamela0008176,4692,170,963,469,48
1858,624,883,Sham19Y0036110,51,252,524,181,75
1858,1141,1318,Shamela0029677,1713,632,831,122,76
1858,1282,1616,Shamela0000432,4015,889,1221,263,95
1858,86,264,Shamela0026568,298,845,1036,141,92
1858,472,953,Sham19Y0127677,8210,173,601,282,64
1858,1282,1616,Shamela0000894,547,485,663,139,50
1858,883,1032,Shia001663Vols,84,1132,1281,123,99
1858,657,878,Shamela0001673,10957,1217,1544,158,59
1858,792,1286,Shamela0004473,15886,1,347,283,69
1858,657,883,Shamela0006947,14892,320,655,162,59
1858,657,883,Shamela0006947,15263,640,975,162,59
1858,657,883,ShamAY0009682,39,339,674,162,59
1858,716,953,Sham19Y0014309,95,786,1022,195,99
1858,472,964,Shamela0000140,442,781,1415,289,49
1858,58,278,Shamela0023685,321,610,833,146,83
1858,1282,1616,Sham19Y0122406,2922,161,494,165,57
1858,657,883,ShamAY0000351,239,658,990,162,59
1858,710,1616,ShamAY0000351,240,122,1028,740,99
1858,657,883,Zaydiyya0000059,67,282,633,162,56
1858,988,1282,Shamela0001467,83,380,569,153,63
1858,472,883,Shamela0009242,3297,1056,1437,194,43
1858,624,1598,Sham19Y0122257,2180,548,1177,431,52
1858,1282,1616,Shamela0009059BK2,6754,572,902,268,98
1859,1,104,JK000196,6750,1420,1524,82,99
1859,224,448,Zaydiyya0000142,2378,1205,1429,179,98
1859,1195,1370,Shamela0008176,4691,903,1189,126,53
1859,1,204,Shamela0008176,4692,968,1089,93,57
1859,1,302,Shamela0029677,1623,993,1256,202,81
1859,531,687,Shamela0029677,1654,1391,1567,125,86
1859,687,1250,Shamela0012014,62,694,825,61,12
1859,302,476,Shia001663Vols,84,952,1127,144,99
1859,472,843,Sham19Y0014309,95,1057,1414,215,66
1859,934,1195,Sham19Y0014309,96,957,1190,183,85
1859,60,204,Sham19Y0014309,96,1,140,110,93
1859,307,911,JK000201,2403,934,1544,473,94
1859,1,542,Sham19Y0122406,2922,494,1531,315,37
1859,542,1363,Sham19Y0122406,2923,1,1284,436,39
1859,1,575,ShamAY0000351,240,1028,1602,464,100
1859,575,895,ShamAY0000351,241,1,319,255,98
1859,476,809,Zaydiyya0000084,241,1011,1379,236,77
1859,1,204,Sham19Y0122257,2180,1182,1303,93,57
1859,476,809,ShamAY0000028,242,718,1086,236,77
1859,1,212,Shamela0009059BK2,6754,902,1112,164,97
1860,812,1195,ShamAY0035250,52,914,1074,108,34
1860,812,1195,Shamela0007891,1603,151,310,105,33
1860,812,1177,Sham19Y0020594,68,1369,1511,94,31
1860,812,1195,Sham19Y0016584,2552,948,1108,108,34
1860,812,1195,Sham19Y0148486,5187,1159,1314,105,34
1860,812,1195,Shamela0006610,914,1309,1469,108,34
1860,1373,1601,Zaydiyya0000142,3480,1257,1512,183,88
1860,536,721,Shamela0008176,4688,1,189,152,97
1860,812,971,Shamela0008176,4702,193,565,127,41
1860,812,1195,Sham19Y0013614,540,1159,1318,108,34
1860,812,1195,JK000110,878,981,1141,108,34
1860,831,1195,Kraken22021606123201,575,124,261,93,31
1860,780,1195,Sham19Y0014579,2503,179,331,102,30
1860,812,1195,Shamela0021715,5484,341,501,108,34
1860,812,1195,Shamela0001727,1058,991,1149,110,35
1860,187,342,Shamela0001727,1058,594,749,119,97
1860,831,1195,JK006838,1481,1100,1234,94,31
1860,517,728,Shamela0005756,9029,93,543,113,30
1860,1409,1601,Shamela0005756,9893,662,847,136,79
1860,812,1195,Sham19Y0127677,8771,199,359,108,34
1860,816,1195,Shamela0000894,507,1289,1442,99,32
1860,812,1195,Shamela0000894,544,1302,1459,109,34
1860,812,1520,Shamela0004473,15884,130,599,236,33
1860,800,1188,Rafed0002202Vols,659,1145,1324,107,33
1860,826,1195,Shamela0006947,14880,742,884,94,31
1860,831,1195,Shamela0006947,16038,760,895,95,32
1860,807,1195,Shamela0006947,16650,1262,1428,112,35
1860,936,1601,Sham19Y0014309,944,1,537,413,74
1860,812,1195,Shamela0035100,619,27,184,109,34
1860,812,1418,Sham19Y0017903,512,349,610,135,24
1860,512,928,Shia001831Vols,397,502,805,194,52
1860,812,1195,Shamela0010906,616,210,367,109,34
1860,121,342,Sham19Y0122406,2924,172,391,167,94
1860,831,1195,Shia002265Vols,1775,679,815,93,31
1860,812,1195,Sham19Y0145212,2336,1189,1348,108,34
1860,831,1195,Shamela0000927,1326,50,199,92,30
1860,812,1195,Kraken22021606122501,47,969,1129,108,34
1860,831,1195,Shamela0001438,2669,827,963,94,31
1860,831,1188,Kraken230110004547,145,1174,1309,88,30
1860,812,1195,Sham19Y0018106,2424,304,464,108,34
1860,812,1195,Sham19Y0018103,2305,622,782,108,34
1860,812,1195,Shamela0096283,269,955,1115,108,34
1860,812,1418,Sham19Y0017729,265,577,845,139,25
1860,831,1195,Shamela0021659,927,1193,1329,93,31
1860,812,1195,ShamAY0034005,742,794,954,109,34
1860,125,734,Sham19Y0020638,1765,342,569,187,37
1860,812,1195,Sham19Y0095660,1750,1170,1330,108,34
1860,807,1195,Sham19Y0013252,5995,1423,1588,110,34
1860,1264,1584,Sham19Y0013252,5996,1178,1621,179,42
1860,812,1195,Sham19Y0016976,1214,284,443,108,34
1860,812,1195,Shamela0009242,3291,305,464,108,34
1860,780,1195,Sham19Y0017616,307,385,644,114,28
1860,517,831,Sham19Y0122257,2177,616,911,184,61
1860,812,1195,Sham19Y0122257,2185,161,320,108,34
1860,125,721,Sham19Y0017063,877,777,1069,149,28
1860,812,1601,Sham19Y0017063,881,456,1371,366,38
1860,812,1195,Shamela0008360,555,1283,1442,104,33
1860,1392,1601,Shamela0000791,493,1149,1358,164,93
1860,812,1195,Sham19Y0013605,2860,1067,1227,108,34
1861,632,755,Zaydiyya0000142,2385,174,297,99,100
1861,33,608,Zaydiyya0000142,3481,1,571,460,98
1861,613,755,Shamela0003055,1230,92,248,99,71
1861,151,632,Shamela0008176,4703,1059,1470,274,67
1861,603,755,Shia002034Vols,1732,263,411,95,68
1861,613,755,Shamela0009698,54,1067,1200,98,82
1861,613,755,JK006983,3,785,930,113,95
1861,603,1331,Shamela0001727,1059,125,928,187,20
1861,603,755,JK000786,4126,1269,1435,110,80
1861,603,1073,Sham19Y0127677,7742,858,1171,158,38
1861,613,755,Shamela0004473,11226,928,1070,107,88
1861,622,755,Shamela0004473,13212,68,206,103,93
1861,151,608,Shamela0004473,15884,599,1058,370,99
1861,613,755,JK001310,6,162,303,106,90
1861,613,755,Shamela0013068,268,1056,1199,98,76
1861,613,755,Sham19Y0017903,513,894,1041,114,96
1861,1094,1476,Shia001831Vols,397,780,987,141,44
1861,613,755,JK006950,3885,49,194,113,95
1861,1166,1564,Shamela0000140,1219,199,1238,209,22
1861,603,755,Sham19Y0122406,2925,383,548,117,85
1861,603,755,Kraken230110004547,148,393,542,105,85
1861,613,755,JK000381,9580,335,480,113,95
1861,613,755,Sham19Y0018144,1986,770,922,111,88
1861,613,755,Zaydiyya0000084,419,885,1032,114,96
1861,613,755,Shamela0025800,830,1023,1170,111,91
1861,613,755,Sham19Y0017729,266,1140,1287,114,96
1861,613,755,Shia003732Vols,4347,249,376,99,86
1861,613,762,Shia003732Vols,4376,831,993,115,88
1861,613,1304,Sham19Y0020638,885,735,1230,166,23
1861,608,755,Zaydiyya0000161,497,133,673,116,26
1861,613,755,Shia001782Vols,2501,69,207,97,78
1861,603,759,Shamela0012981,532,992,1165,117,80
1861,1089,1501,Shamela0001467,84,552,716,129,38
1861,613,755,Zaydiyya0000199,202,579,750,114,83
1861,603,755,Shia001976Vols,1019,707,872,114,81
1861,1106,1501,Sham19Y0017616,612,802,989,103,31
1861,632,755,Sham19Y0017798,1701,1407,1517,86,86
1861,151,475,Sham19Y0122257,2186,1248,1545,225,84
1861,1,151,Sham19Y0017063,881,1371,1513,110,90
1861,1,239,Shamela0000791,493,1358,1587,183,95
1862,406,1155,Sham19Y0020944,972,29,230,87,15
1862,609,1155,Shamela0004445,6813,213,483,127,25
1862,597,1155,Shamela0011818,47,131,392,120,22
1862,597,1155,Sham19Y0148486,5239,1148,1395,120,24
1862,382,1112,Zaydiyya0000142,3480,484,1118,505,85
1862,198,1155,Shia001353,277,343,882,202,21
1862,406,1159,Shia001353,278,548,1036,142,17
1862,1117,1268,Shamela0025794,1269,1107,1361,64,25
1862,387,1155,Sham19Y0131521,5684,27,308,107,16
1862,425,1224,Sham19Y0131521,5698,10,877,307,31
1862,198,728,Shamela0001727,1059,1085,1493,162,27
1862,1117,1268,Shamela0001727,1060,88,426,59,17
1862,351,1260,JK000786,4101,633,1218,191,20
1862,624,1155,Sham19Y0127677,6419,1,250,119,26
1862,198,1155,Sham19Y0127677,10786,63,595,202,21
1862,605,1155,Shamela0012884,496,1079,1299,117,23
1862,387,1155,Shamela0117359,979,1074,1356,108,16
1862,592,1155,Shamela0006947,15178,133,415,138,26
1862,406,1155,Kraken230106005528,946,70,519,172,23
1862,597,1144,Shamela0036080,29,1280,1401,85,19
1862,198,1155,ShamAY0009682,24,856,1390,203,21
1862,406,1155,Tafsir09084,560,485,939,167,21
1862,597,1155,Shamela0030240,18,482,619,96,20
1862,58,592,Shia001831Vols,397,993,1507,323,67
1862,592,1155,ShamAY0033901,149,1185,1412,122,26
1862,198,1155,Sham19Y0122406,2926,837,1371,202,21
1862,605,1312,Sham19Y0122406,2929,466,1033,259,40
1862,198,1155,Shamela0008473,1277,146,695,203,20
1862,605,1155,Sham19Y0001734,2206,581,811,118,25
1862,406,667,Sham19Y0132524,1417,60,330,80,32
1862,647,1155,Sham19Y0132524,1417,1212,1410,99,21
1862,198,1155,Kraken230110004547,491,816,1246,183,22
1862,351,702,Sham19Y0018144,1989,164,489,113,33
1862,387,1159,Shamela0025800,831,1083,1370,109,16
1862,198,1155,Shamela0025800,2742,332,882,203,20
1862,387,1179,ShamAY0034005,743,164,666,166,19
1862,198,1155,Sham19Y0020638,886,80,618,202,21
1862,605,1250,Shamela0012847,24,634,986,121,20
1862,198,396,Shamela0001467,84,716,937,153,87
1862,198,1155,Shamela0003722,4002,427,949,195,20
1862,597,1155,Sham19Y0146127,2841,475,700,118,25
1862,597,1155,JK000609,26,1120,1252,96,21
1862,406,1155,Sham19Y0017616,308,11,455,172,24
1862,198,1260,JK007065,1204,401,1069,214,19
1862,605,1155,Sham19Y0014601,5470,125,326,96,22
1862,198,1155,ShamAY0033760,639,299,874,195,19
1863,1002,1159,Sham19Y0131521,5696,43,201,121,94
1863,427,564,Shamela0004289,1591,993,1129,104,98
1863,427,564,Shamela0001449,252,589,725,104,98
1863,321,749,Sham19Y0122406,2928,23,746,270,44
1863,1,184,JK000952,1523,496,676,118,86
1863,667,865,Sham19Y0018103,2369,750,917,111,68
1863,321,560,Sham19Y0021525,1191,837,1117,145,66
1863,551,758,Sham19Y0020638,1765,990,1159,132,79
1863,427,564,Masaha001864Vols,2813,205,339,102,97
1863,585,1120,Sham19Y0017063,1338,857,1421,306,53
1863,675,865,Sham19Y0013605,2928,42,198,107,68
1863,978,1144,Shamela0010517,359,1321,1487,135,100
1864,334,1123,Sham19Y0148486,5213,320,537,131,20
1864,1067,1285,Shamela0003055,2365,835,1416,112,25
1864,334,1123,Shamela0001727,1062,240,457,134,20
1864,361,1123,Sham19Y0127677,2083,222,389,111,18
1864,174,490,Sham19Y0127677,11457,475,617,61,23
1864,361,1123,Shamela0000894,1677,38,205,114,18
1864,334,1123,Shamela0006947,15265,688,897,135,21
1864,334,1127,Shamela0005922,2615,707,1066,133,17
1864,334,1131,ShamAY0009682,41,358,575,136,21
1864,369,1402,Shia001831Vols,398,170,625,295,34
1864,334,1123,Shamela0004289,63,602,819,134,20
1864,334,1123,Sham19Y0122406,2930,1116,1332,133,20
1864,701,1123,Shamela0000927,269,199,315,78,23
1864,361,1123,Shamela0001438,3618,881,1047,113,18
1864,701,1123,Kraken230110004547,149,444,679,83,22
1864,334,1127,Shamela0025800,832,966,1181,134,20
1864,334,1123,Sham19Y0020638,887,917,1134,133,20
1864,373,600,Sham19Y0020638,1765,1310,1421,85,48
1864,1158,1476,Sham19Y0020638,1766,7,186,88,28
1864,1,169,Masaha001864Vols,5532,60,226,132,97
1864,174,1123,Sham19Y0146127,2825,666,921,149,19
1864,334,1123,Sham19Y0017616,315,748,964,133,20
1864,701,1123,Sham19Y0017533,26,780,895,78,23
1864,334,701,Sham19Y0017063,879,860,1469,176,30
1864,174,490,Shia001913Vols,74,1017,1175,74,28
1865,377,914,JK007083,229,848,1348,182,31
1865,755,1528,ShamIbadiyya0000438,1055,31,581,404,63
1865,377,885,JK006897,492,432,949,185,31
1865,1251,1528,Sham19Y0131521,6295,968,1229,124,51
1865,1,127,Sham19Y0131521,6296,1102,1235,95,91
1865,228,802,Shamela0001727,1064,623,1220,254,38
1865,674,1119,Shamela0000894,543,196,698,224,43
1865,232,802,Sham19Y0122406,2934,586,1268,252,37
1865,1017,1295,ShamAY0000351,141,264,541,221,99
1865,1,222,Sham19Y0018272,1301,1164,1359,152,86
1865,237,802,Sham19Y0020638,888,894,1290,195,40
1865,1138,1310,Zaydiyya0000161,498,62,216,107,75
1865,1,127,Shamela0001467,83,1004,1134,98,95
1865,1,127,Sham19Y0122257,2122,1215,1349,92,86
1866,1,120,ShamIbadiyya0000438,1055,581,686,83,87
1866,5,613,Shamela0000894,544,123,715,169,23
1867,163,550,Sham19Y0122406,2937,1135,1517,213,61
1867,1404,1557,Sham19Y0017616,612,1305,1457,124,99
1868,528,711,Shamela0001727,1068,1054,1317,118,53
1868,342,539,Shamela0005756,9031,582,789,148,87
1868,739,1140,Sham19Y0122406,2942,1,367,232,66
1868,1106,1530,Sham19Y0122406,2942,1079,1493,254,68
1868,539,711,Shamela0007485,15,323,471,97,65
1868,349,691,Sham19Y0018103,2028,228,699,189,50
1868,579,970,Shamela0012027,42,1139,1523,290,89
1868,970,1377,Shamela0012027,43,1,197,157,48
1868,342,539,Sham19Y0013605,2579,202,402,148,86
1869,1097,1490,Shamela0008176,4851,907,1271,256,76
1869,1097,1379,Shamela0021715,4531,574,912,181,60
1869,1103,1240,Shamela0005756,703,331,463,103,92
1869,121,323,Sham19Y0127677,10649,678,979,137,56
1869,121,323,Sham19Y0127677,19975,972,1300,159,59
1869,825,1063,Shamela0004473,16652,1,239,190,98
1869,645,1335,Shia001831Vols,330,160,733,246,36
1869,121,323,Sham19Y0122406,2942,324,641,157,61
1869,1,626,Sham19Y0122406,2943,77,405,160,27
1869,663,880,ShamAY0000351,430,1417,1632,174,98
1869,880,1585,ShamAY0000351,431,1,706,571,100
1869,11,323,Sham19Y0132524,1428,917,1494,183,39
1869,323,455,Sham19Y0018144,5675,983,1115,111,100
1869,121,890,ShamAY0035990,512,813,1268,204,28
1869,552,763,Sham19Y0020591,900,642,1055,94,30
1869,806,1174,Sham19Y0122257,1662,1030,1301,168,53
1869,1097,1585,Sham19Y0122257,2275,355,801,346,86
1870,209,381,Sham19Y0020944,542,587,750,117,82
1870,209,381,Sham19Y0016584,2011,189,418,115,61
1870,213,381,Sham19Y0016584,4071,1154,1342,114,75
1870,209,381,JK006897,223,182,411,115,61
1870,209,402,Sham19Y0127656,481,248,495,122,60
1870,209,381,JK000110,639,1003,1232,115,61
1870,209,381,JK000110,1004,182,407,115,62
1870,213,381,JK000110,1621,103,291,114,75
1870,247,385,ShamAY0033556,113,982,1129,103,90
1870,209,381,Sham19Y0131521,3494,293,456,116,81
1870,643,772,Sham19Y0131521,3495,1001,1213,95,57
1870,209,381,Shamela0021715,4239,1084,1313,115,61
1870,209,381,Shamela0021715,6094,1247,1472,115,62
1870,271,381,Shamela0001727,1070,1,112,85,99
1870,209,381,JK000916,5097,295,459,113,79
1870,209,381,JK000916,12887,707,870,117,82
1870,247,381,JK011302,344,1,199,96,62
1870,209,381,Shamela0003118,1826,807,970,117,82
1870,209,376,Shamela0003118,3883,254,412,113,82
1870,209,381,Shamela0005756,8352,171,400,115,61
1870,209,381,Shamela0005756,10537,981,1206,115,62
1870,213,381,Shamela0005756,13832,1275,1464,114,74
1870,242,381,Sham19Y0127677,2344,1219,1350,87,78
1870,445,838,Sham19Y0127677,13057,292,684,315,98
1870,209,381,Shamela0117359,608,206,369,117,82
1870,247,381,Kraken230106005528,631,822,1014,91,59
1870,209,381,ShamAY0038083,173,637,866,115,61
1870,1162,1441,Sham19Y0014309,98,80,367,210,87
1870,465,688,Sham19Y0014309,1968,654,861,162,86
1870,688,849,Sham19Y0014309,3173,1,161,127,99
1870,209,420,Shamela0001442,443,351,547,131,76
1870,247,381,Shamela0004289,805,1,201,96,61
1870,209,381,Shamela0004289,925,1154,1318,118,83
1870,257,381,Shia002265Vols,5599,1229,1338,82,85
1870,209,381,ShamAY0000351,187,85,314,115,61
1870,1,228,ShamAY0000351,431,706,993,174,75
1870,209,381,Shamela0037837,426,534,758,115,62
1870,209,417,Sham19Y0016946,392,1091,1340,129,59
1870,209,381,Sham19Y0001734,1284,852,1015,117,82
1870,209,381,Sham19Y0132524,1430,145,309,118,83
1870,213,381,Sham19Y0149697,2215,143,354,103,59
1870,209,381,Shamela0001875,740,169,393,115,62
1870,1081,1441,ShamAY0033531,2081,734,1113,259,84
1870,209,381,Sham19Y0018106,1868,608,837,115,61
1870,209,673,Sham19Y0018106,2647,342,795,155,29
1870,213,381,Sham19Y0018106,3702,1111,1299,114,75
1870,385,643,Sham19Y0018144,5673,1386,1643,211,99
1870,643,838,Sham19Y0018144,5674,1,196,154,100
1870,247,381,Shamela0036446,320,21,164,102,91
1870,209,381,Sham19Y0018103,1831,984,1213,115,61
1870,209,381,Sham19Y0018103,2532,149,374,115,62
1870,213,420,Sham19Y0018103,3641,927,1165,128,68
1870,209,381,Sham19Y0147597,1407,233,462,115,61
1870,209,381,Shamela0012027,40,92,316,115,62
1870,209,381,Sham19Y0020638,893,205,369,118,83
1870,257,381,JK000216,477,150,259,82,85
1870,524,777,Shia001976Vols,1667,1173,1426,203,99
1870,209,381,Sham19Y0013252,4732,852,1081,115,61
1870,209,381,Sham19Y0013252,6352,585,810,115,62
1870,213,381,Sham19Y0013252,9137,310,498,114,75
1870,209,381,Sham19Y0017616,303,1018,1182,119,83
1870,957,1087,ShamAY0035249,299,1404,1534,107,100
1870,1087,1565,ShamAY0035249,300,1,484,384,98
1870,209,381,JK007065,684,7,231,115,62
1870,209,381,Sham19Y0018176,996,211,440,115,61
1870,209,381,Sham19Y0018176,1448,400,625,115,62
1870,213,381,Sham19Y0018176,2206,1273,1461,114,75
1870,209,622,Sham19Y0014601,3858,1038,1439,169,51
1870,901,1445,Shamela0000791,494,1030,1516,353,78
1870,209,381,Sham19Y0013605,2373,67,296,115,61
1870,209,381,Sham19Y0013605,3103,885,1110,115,62
1870,213,381,Sham19Y0013605,4336,656,844,114,75
1871,32,142,Sham19Y0020944,665,259,368,86,99
1871,1239,1464,Sham19Y0017350,1092,1271,1491,173,95
1871,918,1245,Sham19Y0013769,1844,220,568,201,68
1871,1255,1464,Sham19Y0013769,1844,1263,1469,152,85
1871,32,156,Shamela0003485,167,538,670,90,85
1871,368,616,Shamela0008176,4693,901,1349,171,45
1871,878,1219,Sham19Y0017747,1237,1096,1512,212,59
1871,1219,1527,Sham19Y0017747,1238,1,314,218,81
1871,32,407,Shamela0001719,2222,603,882,124,35
1871,32,142,Shamela0001719,2224,88,196,83,96
1871,32,142,Shamela0024831,15,541,651,87,100
1871,25,142,Shamela0025794,4752,178,298,89,94
1871,1239,1464,Sham19Y0131521,5890,856,1125,173,80
1871,987,1245,Sham19Y0131521,5891,25,314,164,66
1871,875,1443,Shamela0021715,6326,766,1180,123,21
1871,32,363,Shamela0001727,1070,1248,1399,121,45
1871,25,411,Shamela0001673,11271,459,866,205,54
1871,32,142,Shamela0117359,713,744,852,83,96
1871,875,1011,Shamela0008381,3308,5,151,101,86
1871,388,923,Sham19Y0014309,97,1,440,243,54
1871,878,1011,ShamAY0031578,6766,1352,1477,94,90
1871,878,1011,Shamela0021713,726,911,1058,103,89
1871,878,1044,ShamAY0033181,1697,870,1035,111,81
1871,875,983,ShamAY0033943,307,817,917,78,92
1871,32,446,Sham19Y0122406,2946,1046,1525,189,39
1871,25,142,Sham19Y0038171,1328,604,721,91,98
1871,457,610,ShamAY0033531,2081,1,156,122,98
1871,32,142,Sham19Y0018144,2005,449,559,87,100
1871,142,274,Sham19Y0018144,5675,80,216,109,97
1871,870,1429,Shia003732Vols,1867,673,890,128,28
1871,1015,1464,Sham19Y0014224,1174,110,1033,354,47
1871,32,142,Sham19Y0020638,893,1272,1382,87,100
1871,32,142,Sham19Y0020591,1079,1148,1256,83,96
1871,875,1429,Shamela0009873,1398,487,707,133,29
1871,875,1011,Shamela0021766,836,593,731,94,87
1871,25,142,Shamela0011036,1740,476,598,91,94
1871,8,311,Shamela0011036,1741,1117,1355,138,52
1871,32,142,Shamela0000551,3082,556,666,87,100
1871,322,446,Sham19Y0017616,312,844,995,96,78
1871,904,1434,Sham19Y0020590,197,642,1501,209,26
1871,25,142,ShamAY0035249,297,893,1015,91,94
1871,67,311,ShamAY0035249,299,12,175,122,62
1871,32,142,Shia002119Vols,3705,847,960,87,97
1871,890,1537,Sham19Y0017063,788,552,1213,371,58
1871,25,142,Sham19Y0148271,2301,1355,1475,88,93
1871,878,1011,Rafed0003902Vols,3748,886,1033,103,89
1872,1287,1570,Sham19Y0013769,1843,1,247,196,85
1872,604,898,Sham19Y0131521,3660,827,1154,179,66
1872,309,538,Sham19Y0131521,3661,191,427,183,94
1872,1264,1570,Shamela0021715,4646,290,826,145,27
1872,1,211,Shamela0001727,1071,783,1308,134,32
1872,1,211,Sham19Y0127677,13398,851,1079,97,40
1872,1227,1570,Zaydiyya0000379,498,1,328,262,94
1872,1256,1570,Sham19Y0014224,1172,789,1101,251,98
1872,313,623,Shamela0011036,1930,16,312,211,84
1872,1250,1570,Shamela0011036,1955,102,700,156,28
1872,161,776,Sham19Y0017063,490,93,759,397,66
1872,207,433,Shamela0000791,495,1321,1546,179,97
1873,1,698,Sham19Y0131521,3630,166,1408,273,23
1873,7,620,Shamela0005922,2957,432,905,246,42
1873,724,1005,Sham19Y0013253,711,894,1141,148,64
1873,18,181,ShamAY0033522,420,1346,1484,110,83
1873,1266,1404,JK000201,2391,702,852,111,92
1873,757,1200,Sham19Y0122406,2954,801,1279,293,76
1873,133,564,Sham19Y0014224,1171,859,1289,232,55
1873,1266,1415,Masaha001864Vols,4823,361,517,120,95
1873,46,588,Shamela0011036,1952,275,1034,262,40
1873,1258,1415,Sham19Y0011194,423,407,644,126,66
1873,63,620,Sham19Y0017063,924,1246,1559,204,43
1873,7,593,Shamela0000791,495,587,917,249,51
1874,954,1105,JK007054,836,1252,1433,98,65
1874,948,1490,Shia001432Vols,21791,1136,1583,279,60
1874,131,272,Shamela0008176,4905,288,423,111,94
1874,954,1609,Shamela0008176,4907,203,831,500,93
1874,928,1105,Shamela0001727,1074,519,981,117,31
1874,954,1368,Shia002702Vols,3743,1162,1403,157,46
1874,954,1258,Sham19Y0013572,1371,1239,1484,158,62
1874,969,1573,Shamela0010664,588,269,834,384,73
1874,123,635,Shamela0001673,4842,11,269,162,37
1874,954,1288,Sham19Y0014309,1327,1056,1550,167,34
1874,574,1105,Sham19Y0017903,522,548,918,160,31
1874,1038,1458,Shia001831Vols,399,233,624,289,82
1874,123,272,ShamAY0033522,420,1218,1338,97,79
1874,123,635,JK000201,2387,1186,1491,171,38
1874,1000,1609,JK000201,2390,63,685,471,92
1874,954,1271,Shamela0001449,48,175,469,142,51
1874,1038,1609,Sham19Y0122406,2958,69,862,329,46
1874,954,1310,Sham19Y0145212,2427,979,1559,184,38
1874,969,1609,Shamela0010283,1920,42,709,291,45
1874,404,574,Sham19Y0018103,1985,960,1121,130,94
1874,574,1105,Sham19Y0017729,272,459,829,145,26
1874,954,1399,Shia003732Vols,3217,529,828,158,43
1874,928,1368,Sham19Y0150639,215,1151,1588,182,42
1874,954,1118,Sham19Y0020638,895,998,1189,113,71
1874,55,272,Shamela0011036,1946,992,1171,143,79
1874,386,574,Shamela0011036,1947,1,204,144,86
1874,574,1205,Sham19Y0016976,1258,519,1068,178,26
1874,954,1609,Shamela0009242,3624,20,622,297,48
1874,954,1105,Sham19Y0017616,267,101,248,103,80
1874,969,1218,ShamAY0032443,920,400,585,114,54
1874,954,1105,JK007065,1095,510,676,101,72
1874,131,272,Sham19Y0122257,2301,877,1004,101,86
1874,574,1105,Sham19Y0014119,415,770,1199,162,29
1874,20,272,Sham19Y0017063,923,950,1288,131,40
1874,940,1347,Sham19Y0017063,924,116,610,271,63
1874,888,1105,Sham19Y0148271,1492,924,1133,111,62
1874,574,1105,Shamela0008360,583,570,1024,159,28
1874,263,579,Shamela0000791,479,1,324,252,95
1875,31,306,Shia001432Vols,21792,8,252,167,74
1875,612,1412,Sham19Y0017350,1079,18,1365,440,37
1875,1463,1580,Sham19Y0017350,1080,1,115,85,90
1875,585,1402,Sham19Y0013769,1818,43,1490,486,38
1875,1,306,Shamela0008176,4907,814,1149,210,77
1875,87,306,Sham19Y0131521,3599,106,400,117,51
1875,239,801,Shamela0001727,1074,1219,1442,80,14
1875,277,818,Shamela0026884,253,680,792,65,14
1875,13,246,Shamela0010664,588,812,1025,140,66
1875,246,760,Shia003923Vols,1693,1175,1386,155,35
1875,269,818,Sham19Y0017903,498,948,1090,73,15
1875,100,246,Shia001831Vols,399,630,772,109,94
1875,824,1554,ShamAY0033522,403,49,578,369,59
1875,1,246,JK000201,2390,685,930,198,100
1875,235,818,Sham19Y0122406,2959,289,533,95,17
1875,82,246,Sham19Y0145212,2428,108,264,96,70
1875,1,246,Shamela0010283,1920,656,1075,115,34
1875,1099,1571,Sham19Y0014224,1155,114,946,304,44
1875,356,974,Shamela0011036,1904,1208,1522,193,34
1875,1094,1402,Shamela0011036,1905,127,455,220,80
1875,1,246,Shamela0009242,3624,622,989,183,62
1875,1393,1580,Sham19Y0122257,2254,86,356,127,57
1875,87,306,Sham19Y0017063,924,627,879,147,71
1875,82,250,Shamela0000791,480,530,689,96,70
1875,1099,1328,Sham19Y0013605,200,1358,1562,131,59
1875,1441,1580,Sham19Y0013605,201,670,812,108,97
1876,797,1174,JK000021,1287,607,836,111,38
1876,1,504,Sham19Y0017350,1080,115,563,242,54
1876,27,222,Sham19Y0013769,1819,339,525,117,73
1876,829,1174,Sham19Y0145166,412,1,203,81,24
1876,246,1174,Shamela0003055,1988,652,991,199,27
1876,894,1044,Shamela0008176,4818,331,501,113,79
1876,817,1160,JK009242,404,375,558,86,26
1876,246,1174,Kraken220218125253,181,489,843,196,26
1876,246,1174,Kraken220218125253,568,219,555,186,25
1876,246,1174,Shia000841Vols,8778,477,817,196,24
1876,246,1174,Shamela0025794,1347,782,1114,192,24
1876,797,1174,Shamela0025794,1640,148,492,119,29
1876,246,1350,Shamela0001727,1075,107,678,244,27
1876,246,1174,Shamela0001453,91,413,764,192,23
1876,797,1174,Shamela0005716,7,289,493,113,38
1876,797,1174,Sham19Y0013572,1092,621,854,119,40
1876,797,1174,Shamela0009810,1050,829,1069,106,28
1876,227,1174,Shamela0009795,132,508,877,215,28
1876,79,222,Shamela0005756,514,1144,1283,103,86
1876,246,1174,Shamela0026884,253,881,1205,188,26
1876,246,1174,Shamela0012014,282,1026,1368,200,27
1876,797,1174,Sham19Y0127677,365,958,1198,106,28
1876,246,1174,Sham19Y0127677,6079,543,887,204,27
1876,227,567,Sham19Y0127677,8851,894,1147,183,67
1876,246,1174,Shamela0004473,3401,49,386,203,27
1876,246,1174,Shamela0012884,611,342,701,190,26
1876,797,1364,Shia001731Vols,589,21,431,132,22
1876,246,1174,Sham19Y0014309,591,113,470,196,26
1876,246,878,Sham19Y0017903,498,1179,1369,143,28
1876,842,1174,Shamela0000140,1774,1,187,86,33
1876,1321,1527,JK000201,2354,1199,1455,164,80
1876,246,1174,Shamela0004289,32,980,1321,202,27
1876,246,1344,Shamela0001449,26,798,1265,237,27
1876,246,822,Shamela0023628,653,1430,1565,99,21
1876,822,1344,Shamela0023628,654,1,358,112,23
1876,246,1174,Shamela0023628,1752,985,1326,195,26
1876,246,1350,Sham19Y0122406,2959,622,1192,244,27
1876,797,1350,Shia002265Vols,1202,218,637,88,13
1876,256,1174,Shamela0029967,95,1,323,184,23
1876,215,1350,Sham19Y0132524,1343,491,1072,226,23
1876,797,1160,Shamela0001438,733,444,668,94,25
1876,246,1174,Kraken230110004547,471,584,963,200,27
1876,246,1174,Shamela0036446,722,1024,1364,200,27
1876,246,1135,Shamela0025800,2639,1164,1465,173,24
1876,246,1344,Shamela0001582,1,537,966,230,26
1876,246,1174,Sham19Y0017729,256,653,994,203,27
1876,227,483,Sham19Y0014224,1158,150,583,157,43
1876,246,1174,Sham19Y0020638,896,68,409,201,27
1876,246,1174,Sham19Y0013223,513,993,1330,198,27
1876,1321,1527,Sham19Y0013223,2055,123,318,147,84
1876,246,1457,Shamela0011406,647,177,693,267,27
1876,581,768,Shamela0011036,1908,165,347,124,81
1876,246,1321,Sham19Y0017616,259,21,455,228,26
1876,797,1174,JK007065,982,27,259,122,41
1876,215,1344,Tafsir06049,1593,248,798,235,26
1876,246,1174,Shamela0027096,1,719,1047,184,23
1876,894,1044,Sham19Y0122257,2255,716,862,114,93
1876,246,1174,Sham19Y0148271,1446,193,523,184,23
1876,241,1174,Rafed0003902Vols,4872,1160,1503,205,28
1877,823,1172,JK000935,24,1211,1458,135,48
1877,508,1103,Shamela0005860,69,1302,1506,118,26
1877,701,1172,Shamela0025794,2480,525,903,159,37
1877,508,755,Sham19Y0013253,712,141,394,149,67
1877,1210,1546,Shia001831Vols,94,1121,1434,217,72
1877,1199,1546,JK000201,2358,913,1255,280,98
1877,1008,1172,Shamela0021502,189,526,692,123,92
1877,508,806,Shamela0010527,1318,334,483,73,26
1877,1203,1546,Shamela0009702,890,1070,1415,270,92
1877,1199,1546,Shamela0011036,1916,1013,1341,258,89
1878,1111,1559,Sham19Y0017350,1078,1,454,241,54
1878,1090,1454,Sham19Y0013769,1816,161,670,219,50
1878,167,480,Sham19Y0013769,1817,631,818,99,38
1878,1083,1234,Kraken220218125253,179,1358,1479,90,73
1878,1234,1567,Kraken220218125253,180,1,577,260,55
1878,167,480,Shamela0021744,3243,124,291,90,31
1878,167,480,JK000299,2780,1224,1394,90,31
1878,170,480,Shamela0025794,1718,714,865,76,25
1878,167,480,Shamela0001727,1077,88,275,92,30
1878,1083,1328,Sham19Y0017437,1843,274,534,146,61
1878,167,480,Shamela0011578,9,450,622,89,31
1878,1241,1415,Shamela0005756,8774,456,639,127,87
1878,167,480,Shamela0012014,283,875,1041,92,32
1878,167,480,Sham19Y0127677,10566,126,311,90,30
1878,170,455,Sham19Y0127677,10598,935,1250,85,28
1878,167,480,Shamela0022797,984,299,476,89,30
1878,167,480,Sham19Y0014309,592,126,302,90,31
1878,167,480,Sham19Y0017903,498,727,906,92,31
1878,1090,1567,Shia001831Vols,400,120,573,308,72
1878,1241,1415,Shamela0000140,1769,130,317,137,91
1878,167,480,Sham19Y0122406,2964,1231,1417,99,38
1878,1004,1563,Sham19Y0122406,2966,398,871,182,30
1878,170,480,Sham19Y0001734,1766,94,238,89,34
1878,167,480,Shamela0001582,2,649,816,90,31
1878,167,480,Sham19Y0017729,256,202,381,92,31
1878,167,480,Sham19Y0020638,897,342,528,92,31
1878,167,480,Sham19Y0013223,524,720,887,90,31
1878,1209,1467,Sham19Y0013252,5067,59,364,181,70
1878,1014,1192,Sham19Y0017063,908,243,475,136,72
1879,533,688,Sham19Y0014404,326,903,1069,116,88
1879,494,684,JK000021,1295,735,955,112,62
1879,1137,1345,JK000021,1621,130,450,108,38
1879,533,684,Shamela0007891,1750,869,1034,116,89
1879,542,684,ShamAY0034275,2,917,1077,104,83
1879,542,688,JK001012,348,1000,1148,103,90
1879,533,684,Shamela0012415,698,791,947,114,90
1879,8,217,Sham19Y0013769,1815,434,653,160,87
1879,533,684,Sham19Y0148486,5859,657,813,117,95
1879,1137,1345,Shamela0006610,936,1018,1321,109,42
1879,533,709,Shamela0003055,1998,428,603,126,86
1879,572,951,Shamela0008176,4813,1097,1478,164,42
1879,1142,1345,Kraken220218125253,104,1011,1297,97,37
1879,471,684,Kraken220218125253,126,729,885,108,62
1879,1,160,Kraken220218125253,180,577,738,124,93
1879,538,713,JK000272,1398,330,584,123,62
1879,533,684,ShamAY0033592,20,973,1133,117,91
1879,538,713,Shia000841Vols,8776,895,1149,123,62
1879,542,713,Shia000841Vols,8778,9,201,115,77
1879,1137,1345,Shamela0025794,4274,288,620,110,38
1879,542,1303,Shamela0001727,1079,9,591,207,26
1879,538,684,Shia002702Vols,2087,1156,1313,114,92
1879,533,684,Shamela0005716,7,1055,1216,117,92
1879,542,684,JK001236,21,695,838,102,91
1879,533,684,ShamAY0033910,650,851,1007,117,95
1879,1137,1345,Shamela0026884,254,23,349,110,39
1879,1137,1345,Shamela0012014,72,865,1191,110,39
1879,542,684,Shamela0012014,284,492,648,106,86
1879,1137,1345,Sham19Y0127677,6501,1041,1360,104,38
1879,533,684,Sham19Y0127677,11536,413,608,103,64
1879,471,629,Sham19Y0127677,14548,1021,1445,121,36
1879,1137,1497,Shamela0000894,2448,518,890,146,39
1879,542,684,Shamela0012884,1432,33,190,107,87
1879,557,684,Sham19Y0014309,594,599,726,97,97
1879,533,684,JK000130,651,1089,1245,117,95
1879,533,660,JK001429,70,1308,1445,95,89
1879,557,684,Shamela0010922,57,1271,1398,98,98
1879,557,1119,Shia001831Vols,400,882,1290,316,68
1879,533,688,Shamela0021713,614,939,1105,120,92
1879,660,1142,Shamela0000140,1782,35,745,343,58
1879,1137,1345,Shamela0023628,428,827,1153,110,39
1879,542,684,Shamela0023628,854,821,978,107,87
1879,533,713,ShamAY0034068,541,1116,1310,127,83
1879,373,1188,Sham19Y0122406,2967,508,1181,255,28
1879,563,1119,Sham19Y0122406,2969,906,1357,304,65
1879,542,684,ShamAY0038067,257,210,354,103,92
1879,542,655,JK000384,130,1308,1423,80,90
1879,533,684,Shamela0008473,1306,252,413,117,92
1879,533,684,Sham19Y0001734,1761,493,640,110,89
1879,86,684,Sham19Y0132524,1346,211,747,156,23
1879,1193,1345,Sham19Y0132524,1348,543,808,88,38
1879,533,684,ShamAY0033945,775,281,476,103,64
1879,533,684,JK000381,4384,1158,1320,117,91
1879,533,684,Sham19Y0018144,2033,171,334,115,89
1879,1137,1345,Sham19Y0018144,2033,803,1131,108,37
1879,533,684,Shamela0009107,178,1007,1162,109,85
1879,533,709,Shamela0009107,667,329,505,113,76
1879,533,709,Shamela0008233,14,665,842,115,77
1879,538,684,ShamAY0035990,186,77,463,113,37
1879,542,713,Shamela0025800,2645,1121,1344,119,68
1879,542,684,Shamela0001582,2,1268,1425,106,86
1879,597,951,Sham19Y0017791,1255,6,219,137,46
1879,1137,1345,ShamAY0034005,577,470,803,105,37
1879,572,1131,Sham19Y0018272,1101,652,1147,387,85
1879,1137,1345,Sham19Y0020638,899,892,1226,108,38
1879,542,713,Sham19Y0013223,526,1186,1398,116,70
1879,542,684,ShamAY0034371,751,878,1010,97,88
1879,542,783,Shamela0011406,648,591,816,132,67
1879,533,709,JK000475,869,132,308,124,87
1879,533,684,Shamela0021766,1067,352,513,116,91
1879,533,730,Sham19Y0146127,3230,1206,1405,124,79
1879,1137,1345,Sham19Y0016976,1243,115,409,110,43
1879,533,709,ShamAY0032746,19,353,530,115,77
1879,542,684,Sham19Y0017616,259,589,733,103,92
1879,1137,1345,Shamela0000782,604,1054,1377,109,39
1879,557,684,JK007065,725,188,315,99,99
1879,542,688,Tafsir06049,1881,1164,1321,107,87
1879,557,684,Shamela0027096,2,495,622,99,99
1879,568,951,Sham19Y0122257,2251,855,1236,163,41
1879,1137,1345,Sham19Y0122257,2265,139,447,110,41
1879,77,684,Sham19Y0122257,2293,266,842,178,26
1879,1137,1345,Sham19Y0017063,911,1067,1358,107,42
1879,1137,1345,ShamIbadiyya0000109,3468,834,1159,110,39
1879,1137,1345,Shamela0008360,573,872,1201,110,39
1879,542,679,Shamela0008360,580,266,420,103,85
1880,972,1125,Shamela0007891,1758,264,428,116,85
1880,972,1125,Shamela0022712,40,452,626,121,87
1880,972,1125,ShamAY0033761,88,119,298,121,85
1880,850,1125,Shamela0001727,1080,363,833,203,54
1880,894,1125,JK000098,79,1036,1333,144,62
1880,211,394,Shamela0000432,5016,1288,1471,135,91
1880,244,499,Shamela0011498,1062,1,186,129,62
1880,203,394,Sham19Y0122401,1116,1235,1444,121,72
1880,972,1125,Shamela0005716,19,1120,1276,116,90
1880,972,1125,Shia004509,197,1181,1352,121,89
1880,972,1125,Sham19Y0013572,282,819,981,121,94
1880,972,1125,Shamela0005756,8815,245,373,83,68
1880,972,1125,Sham19Y0023644,8026,1206,1367,121,95
1880,972,1125,Sham19Y0127677,6040,1204,1395,119,79
1880,702,850,Shamela0005064,49,1056,1290,107,53
1880,894,1125,Tafsir09084,452,597,835,138,65
1880,972,1125,JK001429,77,1136,1312,121,86
1880,972,1268,Sham19Y0013253,714,108,363,146,56
1880,972,1125,ShamIbadiyya0000075,129,1011,1172,121,95
1880,216,541,Sham19Y0016877,63,1210,1534,258,99
1880,972,1125,Shamela0000247,38,688,859,121,89
1880,968,1125,ShamAY0033523,327,655,830,124,89
1880,240,470,Shamela0000140,513,418,840,108,30
1880,240,380,ShamAY0033522,417,200,350,109,89
1880,69,530,JK000201,2406,28,756,251,36
1880,894,1125,Shamela0001449,34,792,973,89,49
1880,894,1272,Shamela0023628,647,98,855,209,33
1880,453,1279,Sham19Y0122406,2970,96,1104,363,35
1880,972,1125,Sham19Y0145212,2389,1317,1500,118,81
1880,972,1125,Shamela0008473,1061,297,459,121,94
1880,972,1125,Rafed0003571Vols,1252,62,236,121,87
1880,972,1125,Kraken230110004547,474,325,500,115,84
1880,972,1125,Sham19Y0132415,1096,266,427,121,95
1880,894,1125,Kraken220413202218,1193,64,260,117,64
1880,972,1125,Shamela0009292,74,839,1025,121,82
1880,972,1125,Sham19Y0020638,900,391,584,121,79
1880,972,1125,Shamela0011406,654,1224,1403,121,85
1880,968,1125,ShamAY0035960,329,1047,1222,124,89
1880,972,1125,ShamAY0038394,262,629,804,100,74
1880,956,1125,Sham19Y0017616,258,289,494,127,78
1880,972,1125,Shamela0000041,524,40,249,121,73
1880,972,1125,JK007065,124,1233,1409,121,86
1880,972,1125,Sham19Y0122257,2262,1014,1188,118,86
1880,961,1495,Sham19Y0017063,911,486,853,220,47
1880,972,1125,Sham19Y0148271,1298,462,629,117,86
1880,972,1125,Rafed0003902Vols,967,1365,1486,85,69
1880,850,1125,ShamAY0033760,162,535,909,150,52
1880,972,1125,Shamela0008360,573,218,392,118,86
1880,211,375,Shamela0010517,1273,233,397,133,99
1880,211,375,Shamela0010517,1751,1018,1182,133,99
1881,685,965,Shamela0007562,237,1194,1474,195,76
1881,184,675,Shamela0008176,4835,719,995,189,45
1881,1,180,ShamAY0034066,308,173,315,110,77
1881,1374,1587,Shia001831Vols,401,450,619,119,67
1881,685,1318,Shamela0021502,178,475,1111,319,50
1881,25,180,Shamela0021502,178,281,416,107,86
1881,85,346,Sham19Y0122406,2970,1219,1471,179,80
1881,413,1591,Sham19Y0122406,2971,17,1217,692,62
1881,1,180,Sham19Y0023618,439,193,335,110,77
1881,180,631,Sham19Y0122257,990,1380,1529,110,29
1881,184,675,Sham19Y0122257,2265,684,959,188,45
1882,427,634,Shamela0007562,238,220,413,133,80
1882,214,879,Shamela0008176,4834,1116,1533,314,58
1882,961,1088,Shamela0008176,4835,13,141,99,95
1882,523,651,Sham19Y0131521,3559,11,202,89,58
1882,214,1145,Shamela0005756,8816,68,660,440,57
1882,1,685,Shia001831Vols,401,619,1414,485,73
1882,313,604,Shamela0023628,647,1266,1495,123,48
1882,1,323,Sham19Y0122406,2971,1217,1540,228,84
1882,323,1165,Sham19Y0122406,2972,1,1572,563,44
1882,397,651,Sham19Y0013631,2692,12,184,110,52
1882,214,651,Shia003732Vols,1736,668,932,185,51
1882,920,1532,Sham19Y0013223,2055,753,1356,472,91
1882,909,1246,Shamela0009823,524,503,727,97,29
1882,1,685,Sham19Y0122257,991,251,669,214,36
1882,214,1145,Sham19Y0122257,2264,867,1457,447,58
1883,960,1439,Shamela0008176,4825,816,1268,332,79
1883,30,327,Shamela0008176,4835,141,442,214,82
1883,943,1231,Sham19Y0131521,3506,200,478,189,74
1883,721,956,Shamela0011578,9,1004,1126,82,42
1883,744,1237,Shamela0005756,8755,435,1264,222,30
1883,721,956,Shamela0022797,984,859,984,82,42
1883,30,279,Shia001831Vols,402,1,217,144,69
1883,721,1258,Shia001831Vols,406,259,565,199,46
1883,1,327,JK000201,2333,228,543,217,76
1883,960,1439,JK000201,2351,917,1369,332,79
1883,8,392,Shamela0023628,648,39,561,248,55
1883,30,308,Sham19Y0122406,2973,1274,1615,205,70
1883,401,956,Sham19Y0122406,2974,460,1386,249,29
1883,721,973,Sham19Y0037618,4655,594,730,91,44
1883,30,327,Shia003732Vols,1736,932,1227,208,79
1883,721,956,Sham19Y0020638,900,1027,1267,81,28
1883,721,956,Sham19Y0017616,259,877,999,86,44
1883,960,1439,Sham19Y0122257,2259,409,863,340,80
1883,121,321,Sham19Y0122257,2265,457,666,151,87
1883,19,259,Sham19Y0014601,3912,1150,1403,169,76
1883,721,956,Shamela0021743,1551,1003,1127,82,42
1883,716,1622,Shamela0000791,689,823,1654,666,89
1884,733,901,Sham19Y0017581,397,1220,1384,124,90
1884,50,600,JK000021,1306,271,448,113,26
1884,733,901,Kraken220413194022,2718,421,585,123,89
1884,733,897,Shamela0007891,1759,781,954,124,85
1884,553,897,Shamela0008206,824,495,837,139,34
1884,1387,1541,JK009390,2622,833,999,81,53
1884,733,897,JK009390,2879,397,560,123,88
1884,50,600,Shamela0008176,4823,1350,1521,121,28
1884,680,842,Kraken220218125253,623,1346,1561,79,45
1884,733,897,Shamela0009200,195,290,445,123,93
1884,733,897,Shamela0025794,1795,881,1055,130,91
1884,69,282,JK007128,866,252,369,82,49
1884,680,808,Shamela0001727,1081,1191,1408,103,58
1884,50,600,Shamela0001727,1081,501,680,120,27
1884,808,1555,Shamela0001727,1082,10,1027,217,21
1884,728,863,JK000098,174,1361,1489,99,90
1884,752,897,Masaha002028Vols,2312,532,669,108,92
1884,733,897,JK000786,1861,1239,1405,122,84
1884,733,897,JK001487,320,151,314,124,90
1884,689,897,Sham19Y0013572,1236,1043,1310,152,69
1884,50,600,Sham19Y0013572,1407,394,568,118,27
1884,733,889,Shamela0009810,105,1359,1516,119,89
1884,50,591,Shamela0012014,165,63,235,113,26
1884,50,263,Shamela0012014,283,1315,1444,83,49
1884,752,897,Sham19Y0127677,2687,520,671,114,92
1884,1354,1541,Sham19Y0127677,14095,315,594,109,43
1884,733,897,Sham19Y0127677,15404,306,471,126,90
1884,733,897,Shamela0004473,16424,796,951,123,93
1884,733,897,Shia001731Vols,43,198,363,126,90
1884,728,863,Shamela0008381,721,963,1174,105,61
1884,733,918,Sham19Y0014309,594,836,1065,135,70
1884,1383,1545,JK001429,79,1010,1199,123,82
1884,1244,1552,Shia001831Vols,406,862,1052,99,35
1884,1186,1354,Shamela0000140,125,1,154,113,80
1884,50,600,Shamela0000140,1779,1284,1459,119,27
1884,733,897,ShamAY0033522,415,1049,1345,114,44
1884,50,600,Kraken22041319402001,105,983,1162,116,27
1884,50,600,Shamela0004289,1001,590,769,120,27
1884,1402,1541,Shamela0001975,1020,969,1090,82,70
1884,689,897,Shamela0001975,1081,823,971,111,64
1884,1,600,Sham19Y0122406,2975,653,1101,154,23
1884,69,897,Sham19Y0122406,2976,152,1004,267,28
1884,901,1437,Sham19Y0122406,2977,12,740,349,57
1884,69,600,Shia002265Vols,1196,1025,1173,103,25
1884,697,897,Shia002265Vols,1243,757,951,130,78
1884,733,863,JK009324,1523,1247,1370,95,90
1884,50,282,Sham19Y0145212,2386,253,396,99,54
1884,733,897,ShamAY0038067,308,1005,1176,124,88
1884,733,901,Shamela0022852,9,500,660,123,90
1884,733,897,Sham19Y0001734,105,39,192,121,90
1884,674,1496,Sham19Y0132524,1356,421,1227,307,32
1884,69,248,Sham19Y0149697,11040,1098,1192,67,48
1884,752,897,Shamela0001438,4330,688,833,114,95
1884,54,282,Kraken230110004547,472,439,578,89,49
1884,737,897,Kraken230110004547,473,366,546,115,77
1884,733,901,ShamAY0032963,15,1316,1524,117,69
1884,50,600,Sham19Y0018144,2038,416,597,113,26
1884,733,897,Sham19Y0018144,2039,678,1204,122,28
1884,752,879,Shamela0036446,724,1320,1447,100,95
1884,50,600,Shamela0025800,2643,961,1139,118,27
1884,733,897,Shamela0025800,2647,50,224,126,85
1884,69,600,Sham19Y0017791,1257,1312,1464,105,25
1884,733,897,Shamela0012531,245,1067,1227,124,91
1884,733,897,Sham19Y0017729,259,380,552,133,95
1884,50,282,Sham19Y0017387,265,645,803,102,53
1884,69,282,Shamela0021659,1147,704,828,88,52
1884,1402,1541,Shamela0021659,1404,676,842,82,53
1884,689,897,Shamela0021659,1468,1187,1315,101,59
1884,1383,1541,ShamAY0034005,689,268,628,103,35
1884,1387,1563,Sham19Y0018272,2269,519,712,133,84
1884,175,897,Sham19Y0020638,901,1,546,214,27
1884,1383,1541,Sham19Y0020638,901,1148,1313,121,93
1884,50,282,Sham19Y0013223,499,187,341,100,53
1884,50,600,Shamela0011406,649,134,309,119,27
1884,733,889,JK000370,127,177,335,117,91
1884,733,897,JK007116,79,176,551,114,35
1884,733,901,Shamela0000772,96,627,822,116,67
1884,884,1354,Shamela0011036,1916,114,602,361,90
1884,69,600,Sham19Y0016976,1240,478,630,105,25
1884,733,897,JK000784,309,906,1077,124,88
1884,737,897,JK011404,6,778,924,113,88
1884,733,897,Shamela0013035,228,1091,1265,124,84
1884,733,901,Shamela0009690,2955,453,617,124,90
1884,50,282,Sham19Y0020891,6005,1205,1359,101,53
1884,689,897,JK007065,1023,609,974,168,56
1884,50,600,JK007065,1107,1144,1323,119,27
1884,50,282,Tafsir07076,990,310,461,96,50
1884,45,600,Tafsir07076,2064,767,951,110,25
1884,50,282,Tafsir07076,3818,1164,1318,100,53
1884,733,897,Shamela0026370,12,542,702,124,91
1884,50,600,Sham19Y0122257,2256,1317,1488,121,28
1884,1383,1563,Sham19Y0014601,3881,70,466,137,43
1884,69,600,Sham19Y0014119,408,1089,1241,105,25
1884,50,282,Sham19Y0017063,909,127,270,98,53
1884,733,863,Sham19Y0017063,912,130,253,95,90
1884,50,600,Sham19Y0148271,1531,1129,1315,121,27
1884,50,600,Shamela0008360,572,190,363,121,28
1884,72,680,Shamela0000791,689,291,817,398,77
1885,1131,1252,Shamela0001733,3272,290,667,92,30
1885,1,316,Shamela0008176,4823,585,814,137,51
1885,1131,1296,Shamela0008176,4827,1023,1251,123,66
1885,1152,1482,Shamela0008176,4828,167,459,178,63
1885,1131,1507,Kraken220218125253,223,447,858,228,66
1885,8,659,Sham19Y0131521,3516,683,1259,168,21
1885,939,1531,Shamela0001727,1082,915,1430,182,27
1885,1139,1252,Shamela0012014,289,940,1053,91,100
1885,1106,1257,Shamela0010664,1311,405,544,97,78
1885,1071,1252,Sham19Y0127677,9256,587,866,131,57
1885,1131,1252,Shamela0004473,17098,1436,1557,97,100
1885,1083,1252,JK007063,552,887,1041,97,59
1885,1131,1252,ShamAY0034068,1104,949,1070,97,100
1885,1,316,Shamela0021660,5444,869,1093,133,49
1885,8,593,Sham19Y0122406,2977,930,1504,367,74
1885,602,1252,Sham19Y0122406,2978,1,1282,423,40
1885,1083,1252,Sham19Y0132524,1358,80,229,93,69
1885,1,287,ShamAY0033531,1849,328,622,223,94
1885,21,990,Sham19Y0013631,313,599,988,244,30
1885,1131,1252,Sham19Y0036114,494,805,926,97,100
1885,8,283,JK007006,1790,174,315,104,47
1885,1,783,Sham19Y0018272,2269,712,1494,612,97
1885,797,1083,Sham19Y0018272,2270,6,292,232,100
1885,939,1189,Sham19Y0020638,901,1218,1429,91,37
1885,1091,1252,Shamela0021766,2030,577,765,112,75
1885,939,1252,Sham19Y0017616,266,6,287,157,60
1885,1131,1252,Shamela0000041,1190,645,766,97,100
1885,1131,1252,JK007065,291,674,795,97,100
1885,1131,1252,Sham19Y0122257,2260,509,630,97,100
1885,1289,1470,Sham19Y0122257,2261,239,382,87,56
1885,1,287,Sham19Y0014601,3881,466,761,228,96
1885,1131,1252,Sham19Y0014119,409,196,317,97,100
1885,1131,1252,Rafed0003902Vols,704,790,911,97,100
1885,1131,1252,ShamAY0033760,549,606,727,97,100
1885,1131,1252,Shamela0008360,572,870,991,97,100
1886,549,653,Shamela0007891,2096,245,383,71,68
1886,1159,1439,Shamela0008176,4828,493,994,129,30
1886,549,653,Kraken220218125253,254,1346,1447,77,96
1886,1340,1468,Sham19Y0131521,3542,1,162,102,78
1886,690,818,Sham19Y0131521,3932,808,944,93,82
1886,549,893,Shamela0001727,1083,668,1217,138,25
1886,549,653,Sham19Y0013572,854,1161,1266,80,99
1886,842,1240,Zaydiyya0000148,288,1426,1575,90,30
1886,823,1267,Zaydiyya0000148,407,19,265,141,38
1886,549,653,Zaydiyya0000148,408,461,566,80,99
1886,549,653,Shamela0012014,60,366,470,80,100
1886,549,653,Shamela0012014,285,446,550,80,100
1886,823,1057,Sham19Y0127677,11359,631,951,150,60
1886,549,842,Sham19Y0014309,624,763,1312,179,39
1886,457,1073,Shia001831Vols,407,543,1336,247,33
1886,564,832,Shamela0000140,424,1304,1580,149,60
1886,955,1439,Shamela0000140,428,1,677,262,44
1886,549,653,Sham19Y0122406,2979,1022,1123,78,97
1886,823,1267,Sham19Y0122406,2980,510,1084,146,25
1886,690,818,ShamAY0033531,1979,1180,1307,99,99
1886,549,1208,Sham19Y0020638,902,923,1431,178,27
1886,549,653,Sham19Y0017616,264,925,1029,80,100
1886,549,653,JK007065,856,57,161,80,100
1886,698,818,Sham19Y0014601,4242,328,869,92,21
1887,708,1230,Sham19Y0020944,546,52,531,192,36
1887,372,553,Shamela0029982,139,436,684,103,46
1887,756,987,Sham19Y0131521,3517,629,916,134,54
1887,1360,1572,JK000201,2364,132,340,165,96
1887,708,1404,Sham19Y0122406,2982,1,1031,276,25
1887,785,1226,ShamAY0033531,1849,666,1251,268,55
1887,775,1107,Sham19Y0018272,1112,979,1313,260,92
1887,377,553,Shamela0003722,2207,277,650,110,36
1887,155,553,Shamela0005963,818,1074,1289,99,27
1887,410,553,Shamela0007349,361,797,1104,90,37
1887,737,943,Sham19Y0017063,909,1100,1540,138,36
1888,671,1186,Sham19Y0148486,5748,898,1400,100,14
1888,44,215,Sham19Y0131521,3539,1,188,129,88
1888,671,866,Shamela0001727,1085,834,1136,90,30
1888,671,759,Shamela0012014,286,734,822,67,100
1888,671,759,Shamela0005922,2778,1035,1123,67,100
1888,1,275,JK000201,2364,345,623,202,86
1888,671,759,Sham19Y0122406,2984,484,572,67,100
1888,700,1175,Sham19Y0132524,1353,1,245,102,25
1888,1284,1450,Sham19Y0018144,5701,1454,1604,122,90
1888,671,759,Sham19Y0013577,8242,672,760,67,100
1888,671,759,Sham19Y0123608,1075,778,866,67,100
1888,671,1037,Sham19Y0020638,903,1252,1436,89,30
1889,8,1336,Shamela0004445,1410,49,939,309,25
1889,611,1336,Sham19Y0145435,5185,520,1018,195,29
1889,889,1336,Sham19Y0148486,5643,483,692,131,37
1889,270,1336,Sham19Y0148486,5749,39,789,280,27
1889,889,1336,Shamela0008176,4839,1039,1244,129,35
1889,889,1127,Shamela0008176,4840,1274,1543,133,50
1889,270,938,Shamela0005803,61,833,1416,190,29
1889,669,794,Kraken220218125253,160,1116,1268,97,79
1889,889,1336,Kraken220218125253,525,657,863,127,35
1889,889,1336,Shamela0012031,182,806,1014,132,36
1889,8,1336,Shamela0025794,2207,232,1145,298,24
1889,889,1336,ShamAY0035000,153,669,865,124,34
1889,8,1560,Shamela0001727,1086,110,1260,346,21
1889,8,1336,JK006838,549,459,1250,288,24
1889,270,938,Sham19Y0013572,870,621,1216,176,24
1889,889,1336,Shamela0006789,45,173,377,129,36
1889,889,1560,Sham19Y0021575,64,343,670,177,34
1889,611,1286,Shamela0012014,286,956,1416,162,25
1889,8,674,Sham19Y0127677,8699,833,1300,150,22
1889,889,1336,Sham19Y0127677,8700,69,276,133,36
1889,889,1336,Sham19Y0127677,8706,63,274,129,35
1889,889,1328,Shamela0004473,8361,5,223,123,33
1889,748,1336,Shamela0001515,246,439,829,177,34
1889,8,433,ShamAY0033973,278,1198,1465,90,23
1889,611,1336,ShamAY0033973,279,126,634,195,29
1889,8,433,Shamela0009790,298,463,727,90,23
1889,620,1336,Shamela0005922,2755,1,507,195,29
1889,889,1336,Shamela0035100,40,511,694,111,31
1889,8,1336,Sham19Y0017903,531,451,1349,303,23
1889,889,1336,Shamela0021713,669,1291,1490,127,35
1889,889,1345,JK007063,28,848,1060,130,35
1889,8,433,Shamela0005815,100,494,758,88,23
1889,889,1336,Shamela0005815,100,1096,1299,130,36
1889,8,320,Shamela0026507,25,391,603,54,19
1889,212,938,Sham19Y0122406,2985,272,909,202,26
1889,1138,1560,Sham19Y0122406,2986,611,993,135,29
1889,8,426,Sham19Y0132524,1362,416,677,83,20
1889,1138,1560,Sham19Y0132524,1363,953,1223,138,42
1889,8,1336,Sham19Y0018144,2026,302,1226,296,22
1889,270,1336,Shamela0036446,802,13,702,279,28
1889,270,1336,Shamela0025800,2178,50,821,279,26
1889,270,1312,Sham19Y0017729,279,709,1440,263,25
1889,611,938,ShamAY0034005,1298,1007,1426,111,27
1889,270,1560,Sham19Y0020638,904,562,1447,319,26
1889,611,1345,Sham19Y0013223,529,125,620,195,29
1889,748,1292,Shamela0009873,1103,475,1072,134,20
1889,889,1336,Sham19Y0146127,3090,658,847,115,31
1889,8,433,Sham19Y0146127,3158,30,186,76,23
1889,889,1336,Sham19Y0146127,3158,490,692,131,36
1889,889,1336,Shamela0011036,1917,883,1094,131,36
1889,889,1336,Sham19Y0016976,1244,547,744,121,33
1889,8,1336,Sham19Y0017616,287,119,1039,302,23
1889,8,1336,JK000562,11,207,995,270,22
1889,8,1336,JK007065,860,318,1230,296,23
1889,8,665,Shamela0022549,169,1062,1497,138,21
1889,889,1336,Shamela0022549,170,227,436,132,36
1889,889,1357,Shamela0027096,7,222,442,135,36
1889,889,1336,Sham19Y0122257,2267,598,803,129,35
1889,889,1336,Sham19Y0014119,410,967,1165,120,33
1889,889,1364,Sham19Y0017063,912,1175,1396,128,34
1889,889,1336,Sham19Y0148271,205,237,446,130,35
1889,889,1336,Rafed0003902Vols,1250,106,324,138,38
1889,8,433,Rafed0003902Vols,4874,94,323,91,25
1889,889,1336,Shamela0008360,574,771,979,129,35
1890,426,868,Sham19Y0145435,5213,20,207,110,30
1890,159,868,Kraken220218125253,654,1347,1574,135,22
1890,159,868,Shamela0025794,2464,268,710,154,20
1890,159,868,Sham19Y0013572,701,1182,1426,154,26
1890,159,868,Shamela0035100,125,733,1164,150,21
1890,1,137,JK000201,2355,1129,1559,103,29
1890,1373,1532,JK000201,3910,811,970,131,100
1890,159,868,Shamela0010906,310,55,487,154,22
1890,159,868,Sham19Y0122406,2987,1277,1520,153,26
1890,159,868,Sham19Y0018144,2029,1024,1456,161,23
1890,159,868,Shamela0036446,832,659,903,154,26
1890,159,868,Shamela0025800,2220,956,1412,163,23
1890,159,868,Shamela0001582,8,762,1005,153,26
1890,159,868,Sham19Y0020638,905,409,646,153,26
1890,426,621,Sham19Y0020638,1770,134,314,125,76
1890,1199,1517,Sham19Y0013252,5082,951,1206,158,55
1890,159,868,ShamAY0035884,1168,1112,1353,152,25
1890,1152,1608,Sham19Y0023625,1738,351,888,274,58
1890,159,868,JK007065,758,1030,1274,154,26
1891,641,970,Shamela0001727,1088,1034,1358,133,40
1891,354,858,Shamela0005756,1164,163,771,173,27
1891,136,691,Shia001831Vols,409,1,300,137,27
1891,1241,1546,JK000201,3118,1112,1422,244,95
1891,641,970,Sham19Y0122406,2990,556,1061,146,31
1891,354,970,Sham19Y0020638,908,258,776,187,27
1891,120,442,Sham19Y0017616,263,263,859,131,25
1891,362,858,Sham19Y0013605,470,463,909,174,31
1891,1144,1361,Shamela0010517,177,1269,1490,178,98
1891,1361,1546,Shamela0010517,178,1,191,150,97
1892,100,245,Sham19Y0020944,546,584,728,111,95
1892,100,466,Shamela0007891,1759,441,639,145,50
1892,718,1307,JK007054,889,456,968,231,43
1892,119,239,JK007054,889,275,397,96,98
1892,100,257,Shamela0012415,699,936,1098,113,87
1892,119,836,ShamIbadiyya0000438,526,497,951,193,31
1892,100,257,ShamIbadiyya0000193,1562,154,314,114,88
1892,257,426,Sham19Y0013769,1819,561,723,118,83
1892,100,245,Sham19Y0148486,5882,772,921,111,92
1892,100,257,Shamela0006610,934,531,694,115,88
1892,104,245,JK009390,1902,797,943,104,89
1892,100,245,Shamela0026741,17,268,414,97,74
1892,100,373,Shamela0008176,4843,1435,1556,94,43
1892,100,414,Shamela0008176,4844,77,562,105,24
1892,119,245,Shamela0008176,4845,118,245,100,98
1892,100,245,Shia002616Vols,1848,761,911,116,96
1892,100,245,Shamela0001719,3394,244,390,108,90
1892,109,245,JK011497,47,350,480,95,88
1892,100,245,Shamela0025794,1225,971,1120,111,92
1892,100,245,Sham19Y0131521,3518,1111,1255,111,95
1892,100,1137,Sham19Y0131521,3519,102,728,385,43
1892,119,245,Shamela0021715,4536,1101,1218,93,92
1892,6,384,Shamela0001727,1089,732,1435,258,46
1892,100,245,Shamela0030327,154,630,778,109,91
1892,100,245,Masaha002979Vols,736,265,413,105,89
1892,526,750,Sham19Y0122401,1094,848,1065,172,96
1892,100,380,Shia002702Vols,4031,101,378,214,95
1892,104,770,Sham19Y0017437,1848,535,1097,341,59
1892,109,245,Shia002261Vols,374,941,1078,101,93
1892,100,245,ShamAY0033910,649,531,680,111,92
1892,100,388,Shia002182,20,1189,1330,105,46
1892,119,245,Shamela0005756,8757,1181,1308,99,97
1892,100,380,Shamela0012014,291,475,613,105,46
1892,119,245,Sham19Y0127677,1908,364,491,100,98
1892,119,257,Shamela0001673,4779,1269,1414,101,86
1892,100,245,Shamela0009323,45,427,571,108,90
1892,100,245,Shamela0117359,612,778,922,111,95
1892,100,245,Sham19Y0014309,591,1098,1250,111,90
1892,100,380,Sham19Y0014309,621,210,362,94,38
1892,100,245,JK000130,650,770,919,111,92
1892,119,334,Sham19Y0122096,3644,1134,1378,135,68
1892,100,257,Tafsir09050,1613,692,848,124,98
1892,100,245,Sham19Y0017903,519,706,848,109,90
1892,104,245,Shamela0009398,1,371,505,99,88
1892,265,487,Sham19Y0013253,713,91,219,87,51
1892,119,245,Shamela0000140,1772,1272,1398,98,96
1892,334,622,Shamela0000140,1805,1069,1435,201,69
1892,100,380,Shamela0000140,1805,65,364,76,25
1892,265,380,Shamela0001449,28,1275,1390,91,100
1892,100,271,Shamela0001449,28,452,623,110,78
1892,136,245,Shamela0021660,4632,1077,1242,86,64
1892,119,245,Shamela0001975,823,47,193,98,84
1892,74,518,Sham19Y0122406,2992,1,803,295,46
1892,119,245,Shia002265Vols,1200,1039,1166,100,98
1892,100,245,Shamela0011404,252,988,1137,112,93
1892,100,245,Shamela0030432,15,1000,1147,109,92
1892,100,347,Sham19Y0132524,1371,1035,1290,171,77
1892,119,245,Shamela0001438,3404,1027,1154,100,98
1892,380,501,ShamAY0033531,1849,1354,1476,95,99
1892,119,245,Kraken230110004547,92,566,700,98,91
1892,100,245,ShamAY0033945,759,908,1052,111,95
1892,100,245,Sham19Y0018144,2051,1106,1249,106,88
1892,119,245,Shamela0036446,739,1034,1161,101,99
1892,119,265,Shamela0025800,514,627,787,115,89
1892,100,245,Shamela0001582,4,196,487,116,49
1892,265,380,Sham19Y0017791,1265,627,742,91,100
1892,100,245,Sham19Y0017729,270,760,911,116,96
1892,119,245,Shamela0021659,1127,271,398,100,98
1892,136,622,JK007006,1542,1007,1232,124,28
1892,100,245,Shamela0021611,797,1161,1316,114,91
1892,100,245,ShamAY0034005,704,562,711,111,92
1892,119,750,Sham19Y0018272,1949,857,1315,283,50
1892,100,380,Sham19Y0020638,909,156,440,210,90
1892,109,245,JK009154,184,949,1106,95,76
1892,100,245,JK000475,867,1261,1410,111,92
1892,100,245,Sham19Y0020591,909,65,209,111,95
1892,100,245,Shamela0005724,13,984,1146,110,84
1892,622,1057,Sham19Y0013252,534,1,294,219,62
1892,119,245,Sham19Y0013252,10810,720,845,96,95
1892,100,257,Sham19Y0146127,3244,813,975,117,90
1892,100,245,Shamela0011036,1905,1083,1229,108,90
1892,534,1494,Shamela0011036,1906,1,899,686,87
1892,119,249,Shamela0000551,1612,1353,1484,100,96
1892,265,380,Sham19Y0016976,1244,907,1022,91,100
1892,100,257,Shamela0009242,3355,918,1080,115,89
1892,100,380,Sham19Y0017616,264,568,702,105,47
1892,526,870,Sham19Y0023625,328,622,939,244,88
1892,87,245,Sham19Y0018194,164,667,824,103,72
1892,100,245,Shia002119Vols,1687,1137,1283,108,90
1892,100,380,JK007065,1209,543,677,105,47
1892,100,452,Sham19Y0014601,3882,979,1266,158,54
1892,100,1494,Sham19Y0014601,3883,65,947,568,48
1892,265,384,Sham19Y0014119,411,15,135,94,99
1892,100,1097,Sham19Y0017063,913,529,1378,501,53
1892,100,245,Sham19Y0148271,1172,1111,1260,111,92
1892,100,366,Shamela0008360,574,1309,1430,94,44
1892,100,257,Sham19Y0022884,258,505,664,119,92
1893,148,963,JK007054,889,987,1490,279,42
1893,1016,1275,Shamela0031375,20,277,875,145,27
1893,1016,1405,Shia000841Vols,22,136,1036,93,11
1893,1252,1405,Shamela0011244,10,1206,1478,107,48
1893,1143,1507,Shia002943,130,718,1084,294,99
1893,111,808,Sham19Y0122401,1094,307,697,168,29
1893,117,986,Shia002702Vols,4031,764,1144,239,34
1893,101,251,Sham19Y0013252,11143,1025,1179,117,96
1893,1,572,Shamela0011036,1906,899,1482,447,96
1893,572,996,Shamela0011036,1907,1,419,328,96
1893,1002,1405,Sham19Y0122257,5,429,944,145,24
1893,1,401,Sham19Y0014601,3883,947,1322,292,91
1893,401,560,Sham19Y0014601,3884,172,338,125,95
1893,1143,1405,Kraken22021606122001,44,783,974,153,71
1894,1220,1408,Sham19Y0013769,85,8,193,129,81
1894,16,387,JK007030,47,23,383,244,79
1894,648,1476,Shamela0011244,11,824,1580,355,39
1894,1,332,Shia002943,130,1084,1415,261,99
1894,332,631,Shia002943,131,1,309,243,96
1894,1152,1387,Shamela0005756,56,171,453,158,64
1894,16,302,JK009329,4,1222,1492,168,70
1894,16,256,Shamela0005922,193,1210,1446,155,80
1894,16,256,Sham19Y0001994,689,386,625,185,97
1894,467,636,JK000201,2343,468,637,133,97
1894,31,467,Shamela0021660,73,207,662,163,41
1894,46,226,Sham19Y0016928,218,866,1021,106,72
1894,1152,1476,ShamAY0033531,1702,893,1227,166,54
1894,1212,1387,ShamAY0035990,303,1415,1590,106,70
1894,1260,1408,Sham19Y0014224,16,1,158,107,86
1894,1152,1476,Sham19Y0018272,7,347,893,207,46
1894,46,292,Sham19Y0013252,273,1,232,150,79
1894,1177,1408,Sham19Y0013252,285,223,479,139,64
1894,1177,1387,Shamela0011036,172,314,542,145,76
1894,31,292,Shia002298,21,826,1101,157,69
1894,489,1269,Sham19Y0122257,5,950,1606,457,70
1894,1269,1553,Sham19Y0122257,6,1,303,202,77
1894,1109,1553,Sham19Y0017063,36,689,1151,275,68
1894,16,387,Sham19Y0013605,26,1160,1499,168,49
1894,573,1399,Sham19Y0013605,27,402,1122,277,29
1895,683,871,JK007083,147,491,639,94,59
1895,364,509,Shamela0007891,1760,739,958,102,58
1895,676,794,Sham19Y0011402,589,98,243,76,69
1895,794,1157,Shamela0008176,4845,1134,1456,250,87
1895,1157,1483,Shamela0008176,4846,1,153,111,42
1895,683,1308,Sham19Y0017747,2025,1109,1557,167,27
1895,798,1157,Sham19Y0017747,2026,194,561,263,86
1895,683,871,JK006897,326,404,541,94,63
1895,427,871,Shamela0011428,369,1208,1443,148,42
1895,698,1420,Sham19Y0131521,3533,89,1030,497,63
1895,311,818,Shamela0001727,1090,875,1480,183,30
1895,364,509,Shamela0011498,1064,1212,1348,105,90
1895,316,427,Sham19Y0127677,11853,47,256,85,50
1895,676,1073,Sham19Y0127677,12465,286,864,293,64
1895,907,1055,Sham19Y0014309,602,1,146,117,97
1895,743,1029,Shia001831Vols,410,5,305,193,73
1895,316,631,Sham19Y0122406,2995,886,1482,129,21
1895,670,876,Sham19Y0122406,2996,134,509,149,50
1895,698,1055,ShamAY0033531,1852,540,937,221,68
1895,364,871,Sham19Y0020638,909,881,1305,196,42
1895,442,1029,Masaha001946Vols,344,258,630,186,33
1895,724,1420,Sham19Y0020590,267,132,591,326,58
1895,724,1055,Sham19Y0011194,414,989,1403,232,66
1895,1,305,Sham19Y0122257,6,303,525,172,68
1895,773,1483,Sham19Y0122257,2271,709,1206,376,66
1895,42,212,Sham19Y0017063,36,1043,1266,91,48
1895,364,522,ShamAY0033760,170,107,294,102,70
1895,82,305,Sham19Y0013605,27,1122,1347,174,96
1896,416,961,Sham19Y0020561,1644,197,354,111,25
1896,462,738,JK001472,51,1,333,220,82
1896,1299,1539,Sham19Y0032381,188,1108,1459,170,60
1896,439,738,Sham19Y0032381,188,778,1028,184,72
1896,240,405,Shamela0008176,4849,138,308,123,88
1896,1347,1497,Shamela0008176,7356,1200,1363,116,88
1896,533,738,Kraken220218125253,198,317,508,149,90
1896,1306,1497,Sham19Y0131521,3512,1241,1414,120,71
1896,485,1181,Sham19Y0131521,3512,354,750,141,21
1896,966,1076,Sham19Y0131521,3514,885,998,78,89
1896,240,405,Sham19Y0131521,3540,189,370,119,84
1896,7,588,Shamela0001727,1091,244,946,212,27
1896,776,1226,Shamela0005756,8763,247,597,143,31
1896,12,153,Sham19Y0127677,7093,199,372,107,78
1896,12,153,Sham19Y0127677,9184,1073,1308,110,59
1896,1212,1497,Shia001831Vols,410,428,641,145,60
1896,476,772,ShamAY0033522,419,1064,1371,205,82
1896,1359,1497,ShamAY0033522,420,1,150,110,91
1896,453,738,JK000201,2340,1027,1307,194,79
1896,12,153,Sham19Y0122406,2996,1008,1240,108,59
1896,462,738,Sham19Y0145212,3570,313,648,182,67
1896,533,766,ShamAY0033531,1847,946,1199,164,81
1896,555,1205,Sham19Y0018103,1950,212,838,283,42
1896,533,715,Shia003732Vols,4708,1233,1447,144,84
1896,99,588,Sham19Y0020638,910,1,510,162,27
1896,416,644,Masaha001864Vols,2303,1251,1411,106,55
1896,444,961,Sham19Y0018610,44,995,1238,187,45
1896,240,381,Sham19Y0122257,2273,1457,1598,106,93
1896,1347,1497,Sham19Y0122257,3311,790,944,115,92
1896,538,1470,Sham19Y0017063,1529,746,1137,251,32
1896,453,1539,Shamela0000791,476,906,1483,408,45
1897,924,1308,ShamAY0034059,2371,1,230,157,50
1897,842,1073,ShamAY0034059,2969,931,1168,172,82
1897,837,1044,ShamAY0034059,4031,1500,1705,148,82
1897,513,757,Sham19Y0127700,696,746,990,188,95
1897,361,761,Shamela0005756,8762,282,538,157,46
1897,33,572,JK000201,2340,17,187,102,23
1897,127,739,Sham19Y0018103,1950,812,1207,213,42
1897,822,987,Masaha001864Vols,1801,614,779,135,100
1897,120,1387,Masaha001864Vols,4957,379,1458,611,51
1897,107,750,Masaha001864Vols,5314,853,1507,508,96
1897,822,1509,Masaha001864Vols,5315,8,701,546,96
1897,115,1108,Masaha001864Vols,5523,551,1560,796,98
1897,1108,1509,Masaha001864Vols,5524,1,399,305,91
1897,29,312,Sham19Y0023625,1688,1239,1532,211,86
1897,381,1073,Sham19Y0023625,1689,1,690,495,83
1897,57,822,Shamela0000791,477,1,510,332,52
1897,115,761,Sham19Y0013605,2498,763,1140,260,49
1898,1080,1346,Shamela0008176,4820,819,1492,153,27
1898,1015,1284,Tafsir08090,358,446,679,111,44
1898,1015,1284,Shia002616Vols,1576,783,1053,135,50
1898,1015,1284,Shamela0023591,2063,1219,1454,109,42
1898,111,549,Sham19Y0131521,3514,123,733,235,42
1898,402,726,Shamela0001727,1092,536,747,82,27
1898,302,614,Shamela0001673,4870,1046,1422,113,34
1898,855,1109,JK001429,71,1141,1328,102,43
1898,908,1501,Shia001831Vols,410,768,1299,252,45
1898,1080,1289,JK000201,2360,596,856,166,80
1898,1015,1284,Shamela0001449,30,29,292,133,51
1898,674,1109,Sham19Y0122406,3001,636,1143,198,42
1898,1,338,Masaha001864Vols,5315,701,1012,239,91
1898,1,297,Masaha001864Vols,5524,399,695,232,100
1898,851,1109,Sham19Y0017616,260,629,797,101,49
1898,1015,1501,Sham19Y0017063,908,479,1050,292,56
1898,1015,1303,ShamIbadiyya0000109,6411,248,532,140,50
1898,859,1308,Shamela0010517,147,649,1402,252,38
1899,381,709,Sham19Y0020944,716,78,252,132,48
1899,750,1018,Shamela0008176,4843,71,323,112,48
1899,200,470,Shamela0001719,4043,1229,1401,125,54
1899,200,488,Shamela0028107,282,793,973,130,54
1899,200,470,Shamela0025794,1929,856,1025,126,55
1899,878,1547,Sham19Y0131521,4413,434,1367,313,37
1899,381,552,Shamela0021715,4595,213,745,130,30
1899,200,709,Shamela0001727,1093,430,888,181,34
1899,457,782,Shamela0000894,2457,173,847,136,22
1899,200,470,Sham19Y0014309,2658,1001,1175,126,55
1899,200,470,ShamAY0033522,185,488,660,126,55
1899,381,634,Shamela0001449,35,930,1231,161,58
1899,49,470,Sham19Y0122406,3002,264,635,182,45
1899,239,700,Sham19Y0122406,3002,996,1458,268,64
1899,1,132,Masaha001171Vols,5160,1356,1487,107,100
1899,79,878,Sham19Y0132524,1377,617,1515,293,30
1899,400,650,Sham19Y0037618,2710,25,740,153,25
1899,381,709,ShamAY0033531,2211,429,591,127,47
1899,381,552,Shamela0005772,60,403,758,111,38
1899,229,480,Sham19Y0006684,436,6,152,107,51
1899,219,709,Sham19Y0020638,912,1,371,165,35
1899,480,782,ShamAY0038516,410,331,494,87,31
1899,235,470,Sham19Y0017616,262,1,126,98,51
1899,381,1466,Sham19Y0017063,342,43,494,252,26
1899,1,219,Sham19Y0017063,908,1050,1230,140,78
1899,470,787,Sham19Y0017063,1786,1356,1515,100,39
1900,951,1380,Sham19Y0017747,2094,923,1356,213,48
1900,951,1441,Shia002616Vols,2801,974,1309,124,27
1900,242,430,Kraken220218125253,529,520,694,114,68
1900,1113,1356,Sham19Y0131521,3551,332,527,160,77
1900,66,470,Shamela0021715,4596,826,1177,231,72
1900,835,1441,Shamela0001727,1094,176,666,167,29
1900,951,1441,Masaha002979Vols,735,454,926,106,16
1900,242,466,Shamela0005756,8847,1203,1443,144,74
1900,242,430,Shamela0000894,2457,854,1029,90,48
1900,951,1441,Shamela0011385,2225,245,758,123,25
1900,984,1441,Shamela0005922,2958,1164,1325,86,23
1900,951,1139,Sham19Y0014309,395,1042,1491,104,29
1900,1109,1356,JK000201,3777,123,353,192,92
1900,951,1441,Shamela0023628,1557,1000,1400,99,16
1900,435,970,Sham19Y0122406,3004,665,1431,236,32
1900,951,1441,Sham19Y0018144,2062,576,1075,101,15
1900,951,1441,Sham19Y0017729,271,493,727,124,31
1900,951,1441,Shamela0021766,1824,163,373,77,17
1900,75,438,Sham19Y0013252,5128,395,737,228,75
1900,951,1441,Sham19Y0017616,266,610,889,103,20
1900,951,1441,Shamela0012220,922,369,618,106,24
1900,951,1356,Sham19Y0014601,3903,927,1508,243,44
1900,951,1449,Sham19Y0014119,415,6,243,122,30
1900,83,430,Sham19Y0017063,342,500,811,245,85
1900,951,1441,Sham19Y0017063,922,1068,1389,129,26
1900,951,1441,Shamela0008360,582,1128,1376,97,21
1901,826,1081,Sham19Y0016584,153,400,598,123,56
1901,804,1212,Sham19Y0127668,120,187,511,263,79
1901,1227,1344,Shamela0008176,4829,633,745,84,92
1901,991,1149,Sham19Y0036110,5,425,583,129,98
1901,865,1212,Sham19Y0131521,3505,1,214,162,56
1901,425,1086,Shamela0005756,838,495,1111,296,48
1901,671,1200,Shamela0005756,10139,943,1516,375,77
1901,804,1153,Shamela0000894,418,1249,1606,278,96
1901,826,1197,Shamela0001673,1119,516,884,183,52
1901,1212,1362,Shamela0004473,14200,622,772,119,100
1901,826,980,Shamela0004473,14630,202,348,109,88
1901,163,300,Shamela0000140,1801,180,760,62,12
1901,821,1216,JK000201,2934,893,1395,309,75
1901,826,1197,Sham19Y0132963,314,14,374,184,53
1901,425,904,Shamela9007669,50,907,1504,140,20
1901,182,532,Sham19Y0132524,1380,11,281,115,35
1901,804,945,ShamAY0033531,1844,1463,1604,111,99
1901,945,1462,ShamAY0033531,1845,1,387,296,69
1901,813,1086,Sham19Y0018103,220,641,825,129,59
1901,991,1339,ShamAY0035990,33,1136,1374,162,55
1901,804,1158,Sham19Y0132415,1014,1300,1669,287,95
1901,652,847,Sham19Y0017616,602,1152,1333,132,83
1901,826,1227,Shamela0001395,73,302,695,194,52
1901,1227,1362,Sham19Y0122257,2262,25,155,95,90
1901,163,363,JK009251,93,349,895,108,24
1901,163,363,Sham19Y0017063,923,21,250,124,62
1901,680,1497,Sham19Y0017063,1656,1,407,286,43
1901,600,1086,Sham19Y0013605,333,740,1211,273,60
1901,804,1212,Shamela0010517,2745,565,973,331,99
1901,954,1312,Shamela0010517,2747,295,658,214,70
1902,511,1426,Sham19Y0131521,3624,79,1568,438,31
1902,144,662,Shamela0001727,1096,910,1217,178,37
1902,221,487,Sham19Y0127677,14240,1,270,216,98
1902,553,1214,Shamela0004473,3943,298,631,239,44
1902,1457,1603,JK000201,3555,1135,1281,116,97
1902,163,572,Sham19Y0122406,3006,1071,1449,224,61
1902,144,520,Sham19Y0122406,3008,1113,1445,93,23
1902,1141,1454,Sham19Y0122406,3009,1030,1492,141,30
1902,163,294,Kraken230110004547,442,953,1272,90,33
1902,487,1141,Sham19Y0017729,589,1184,1432,176,33
1902,572,1310,Sham19Y0018272,190,726,1503,273,32
1902,144,662,Sham19Y0020638,915,823,1224,152,29
1902,553,1238,Sham19Y0017063,931,312,1265,422,49
1902,833,1125,Sham19Y0150962,1392,1004,1296,239,100
1902,221,572,Shamela0010517,2746,1,400,236,73
1903,647,1000,Shamela0006610,796,198,532,150,47
1903,1352,1532,ShamAY0035955,473,754,936,142,97
1903,1000,1426,Sham19Y0131521,3929,229,457,115,33
1903,1357,1482,Shamela0025791,298,1300,1430,94,90
1903,68,751,Shamela0001727,1097,19,733,266,33
1903,147,534,Shamela0005756,9079,898,1220,132,34
1903,761,1510,JK000201,3425,1045,1508,285,44
1903,1,147,JK000201,3555,1281,1429,114,97
1903,147,562,Sham19Y0122406,3010,337,1107,224,34
1903,619,751,Sham19Y0122406,3011,146,375,100,55
1903,223,1000,Sham19Y0132524,1383,428,779,217,35
1903,685,1004,Shamela0001875,1203,239,722,160,38
1903,636,1156,ShamAY0033531,1977,1279,1380,52,12
1903,1162,1582,ShamAY0033531,1978,548,884,212,56
1903,619,930,ShamAY0035990,552,1104,1215,84,34
1903,672,1019,Sham19Y0020638,916,34,672,226,43
1903,147,885,Sham19Y0017616,269,557,1182,226,28
1903,1093,1582,ShamAY0035249,223,25,516,395,99
1903,1053,1582,ShamAY0035249,224,601,1132,427,99
1904,1081,1607,Sham19Y0013769,1759,31,1062,257,30
1904,417,1008,Shamela0001727,1098,676,1012,145,24
1904,649,910,Shamela0005756,13035,1,286,195,79
1904,886,1503,Sham19Y0014827,393,687,1124,236,43
1904,1,417,JK000201,3426,73,495,330,96
1904,417,1008,Sham19Y0122406,3012,1014,1350,145,24
1904,760,1058,Sham19Y0122406,3013,862,1286,198,55
1904,1,144,ShamAY0033531,1978,884,1028,116,99
1904,1077,1330,Sham19Y0018103,3342,582,771,81,35
1904,558,1411,Sham19Y0014224,1111,392,1351,444,48
1904,1406,1607,Sham19Y0014224,1112,1,214,121,64
1904,577,886,Sham19Y0013252,941,672,901,159,62
1904,657,900,Sham19Y0013252,8254,518,830,167,63
1904,1,417,ShamAY0035249,223,516,933,339,99
1904,1,417,ShamAY0035249,224,1132,1549,339,99
1904,1055,1508,Shamela0000791,560,322,720,301,82
1904,891,1247,Sham19Y0013605,3981,581,917,107,24
1905,280,459,Sham19Y0020944,631,73,262,140,91
1905,1,411,Sham19Y0013769,1759,1062,1585,296,69
1905,464,1137,Sham19Y0013769,1760,39,742,437,69
1905,1,475,Sham19Y0019188,5381,993,1413,150,35
1905,1151,1517,Sham19Y0017747,2118,972,1236,125,40
1905,64,815,Sham19Y0017747,2119,532,1153,431,66
1905,64,516,Shia000841Vols,4022,708,1429,310,51
1905,571,937,Shia000841Vols,4023,327,796,234,62
1905,532,787,Sham19Y0018103,368,811,1060,133,56
1905,1,1137,Sham19Y0014224,1112,214,1571,774,65
1905,1259,1541,Sham19Y0014224,1113,8,340,199,71
1905,280,459,Sham19Y0131336,1565,388,565,139,96
1905,922,1217,Shamela0000791,559,1332,1588,191,76
1905,1217,1531,Shamela0000791,560,1,312,241,94
1905,538,756,Sham19Y0013605,571,1251,1479,144,70
1905,64,446,Sham19Y0013605,572,313,697,260,72
1906,376,736,Sham19Y0013769,1763,619,1225,252,52
1906,1,206,Sham19Y0013769,1764,418,591,108,58
1906,844,1236,Sham19Y0013769,1764,830,1368,244,51
1906,415,668,Sham19Y0148486,8344,1264,1378,85,42
1906,710,989,Shamela0008176,5203,1075,1348,153,59
1906,384,725,Shamela0008176,5203,8,326,197,63
1906,329,668,Sham19Y0017747,2123,40,339,151,49
1906,415,596,Shamela0021715,8501,8,299,111,48
1906,507,668,Sham19Y0017437,1761,157,356,94,61
1906,632,797,Shamela0005756,7084,824,997,87,61
1906,376,668,Shamela0005756,13034,613,859,126,53
1906,376,668,Shamela0001673,8239,697,935,119,50
1906,384,797,Shia001831Vols,413,630,850,117,34
1906,1,668,JK000201,2173,504,1063,208,32
1906,211,591,Sham19Y0122406,3018,1199,1516,210,66
1906,250,468,Shamela0001438,434,128,410,94,33
1906,1,197,ShamAY0033531,2026,1332,1525,149,97
1906,384,983,ShamAY0033531,2027,31,396,237,48
1906,343,573,Sham19Y0013631,1373,77,267,92,44
1906,371,624,Sham19Y0014224,1115,1230,1515,163,70
1906,844,1236,Sham19Y0014224,1116,804,1355,255,55
1906,1,211,Sham19Y0014224,1116,463,648,114,60
1906,415,797,Sham19Y0020638,1772,316,515,84,23
1906,329,690,Sham19Y0013252,8261,125,337,144,49
1906,376,591,Shamela0000551,1771,653,985,132,50
1906,384,668,Shamela0009242,3680,1086,1376,114,40
1906,384,755,Sham19Y0122257,2423,1165,1467,216,70
1906,755,989,Sham19Y0122257,2424,1,237,131,59
1906,699,989,Sham19Y0014601,4318,1119,1393,119,41
1906,343,789,Sham19Y0017063,987,662,1186,169,31
1906,189,530,Shamela0021743,1649,380,708,187,64
1906,376,1117,Shamela0000791,561,858,1562,544,90
1907,817,1002,Sham19Y0013769,1763,1292,1485,135,89
1907,41,726,Sham19Y0013769,1765,1,1531,395,29
1907,1126,1334,Sham19Y0013769,1766,302,510,149,85
1907,86,325,Sham19Y0017747,2120,886,1152,160,67
1907,7,272,Shia000841Vols,4224,18,387,171,54
1907,1,297,Sham19Y0131521,7559,541,838,243,99
1907,233,551,Sham19Y0014309,2118,90,425,168,58
1907,266,1014,ShamAY0033531,2027,874,1498,374,55
1907,121,1334,Sham19Y0014224,1117,1,1256,560,41
1907,475,604,Sham19Y0014601,4322,441,595,93,76
1908,888,1388,Sham19Y0018259,721,39,147,81,21
1908,1,1431,JK007083,143,139,484,196,17
1908,874,1388,Sham19Y0017350,1045,869,1042,90,21
1908,865,1388,Sham19Y0013769,1761,935,1075,96,23
1908,989,1330,Sham19Y0013769,1766,582,968,247,77
1908,1,455,Sham19Y0148486,6020,1218,1404,99,26
1908,888,1388,Shamela0006610,1041,197,310,88,22
1908,20,1388,JK009390,103,685,938,171,16
1908,372,1397,Shamela0008176,5199,1,205,143,17
1908,888,1388,Shamela0008176,5201,349,922,123,20
1908,1,1397,Sham19Y0017747,2118,658,972,186,16
1908,93,356,Sham19Y0017747,2120,28,306,175,75
1908,865,1388,Shia002616Vols,2056,961,1096,90,21
1908,69,178,Sham19Y0006538,616,823,936,87,96
1908,1,1397,Shamela0021590,1360,788,1107,188,17
1908,1,1421,Shamela0021590,1361,416,912,200,16
1908,1,1473,Shamela0001727,1100,270,1055,226,15
1908,1,967,Sham19Y0017757,169,1165,1433,160,21
1908,874,1388,Sham19Y0014442,1038,254,427,90,21
1908,874,1388,Sham19Y0017437,1757,17,195,89,20
1908,20,1388,Sham19Y0127677,151,696,949,176,16
1908,874,1388,Shamela0022645,1225,492,656,87,20
1908,1,1383,Shamela0022797,1230,129,432,181,16
1908,5,931,Shamela0005922,2860,1245,1440,129,18
1908,1,1388,Shamela0008381,5425,707,1034,186,16
1908,874,1388,Shamela0001665,531,731,904,88,20
1908,20,1388,Sham19Y0017903,839,16,271,172,16
1908,879,1388,Sham19Y0013253,718,850,971,89,22
1908,884,1388,ShamAY0033181,1375,731,848,91,23
1908,20,1388,Shamela0001975,60,441,694,171,16
1908,1,956,Sham19Y0122406,3019,679,936,153,20
1908,865,1388,Shamela0006227,783,980,1116,105,25
1908,372,1397,Sham19Y0145212,2567,824,1028,143,17
1908,1,967,Sham19Y0132524,2005,1162,1430,160,21
1908,20,1388,Shamela0001438,287,768,1021,176,16
1908,1,1388,Shamela0025800,1813,174,479,184,16
1908,1,1388,Sham19Y0017791,1373,728,1087,185,16
1908,387,1388,Sham19Y0017791,1374,33,583,155,16
1908,1,1388,Sham19Y0017729,424,983,1283,180,16
1908,874,1388,Sham19Y0150600,770,1217,1390,88,20
1908,1,967,Shia003732Vols,3779,480,753,164,21
1908,20,1388,Shamela0021659,56,569,822,171,16
1908,989,1215,Sham19Y0014224,1117,1262,1549,108,37
1908,464,926,Sham19Y0014224,1118,64,691,285,51
1908,1,931,Sham19Y0131336,1569,1181,1414,135,18
1908,1,1388,Sham19Y0020638,917,683,991,184,16
1908,1,1388,ShamAY0034274,635,97,598,204,17
1908,1,967,Shamela0021766,1197,1086,1392,162,21
1908,20,431,Sham19Y0013252,8255,206,319,68,21
1908,563,842,Sham19Y0013252,8287,1138,1422,212,92
1908,1,1388,Sham19Y0016976,1322,22,381,185,16
1908,888,1388,Shamela0009242,3687,538,650,85,22
1908,1,1473,Sham19Y0017616,317,1,482,224,18
1908,5,1392,Sham19Y0020590,278,166,524,174,15
1908,879,1388,Sham19Y0011194,170,933,1095,89,20
1908,888,1388,Sham19Y0017798,1694,1313,1445,85,21
1908,20,1397,Sham19Y0122257,2422,497,793,180,17
1908,1,1473,Sham19Y0014119,442,572,1204,227,17
1908,1,1388,Sham19Y0017063,986,1058,1412,192,17
1908,382,1397,Shamela0022644,2390,5,199,143,18
1908,865,1388,ShamAY0034204BK2,618,160,306,91,21
1908,865,1388,Sham19Y0014325,2617,915,1068,106,25
1908,1,1397,Shamela0008360,618,754,1099,185,16
1908,926,1344,Shamela0000791,561,433,840,290,85
1909,144,335,Sham19Y0020944,872,165,356,157,100
1909,1167,1484,Shamela0007891,1878,781,1021,101,32
1909,140,321,Shamela0007891,1879,865,1012,119,80
1909,144,335,Shamela0001733,4311,1130,1333,155,92
1909,1,218,Shamela0012415,42,545,735,125,70
1909,335,714,Sham19Y0013769,1757,1123,1504,307,98
1909,293,1040,Sham19Y0013769,1758,1,369,304,48
1909,144,335,Sham19Y0148486,104,434,626,157,99
1909,96,820,Shamela0008176,5205,961,1270,188,29
1909,100,335,Sham19Y0017747,96,322,611,180,72
1909,24,255,Shamela0021744,73,247,466,136,65
1909,24,354,Shia000841Vols,298,1240,1617,229,70
1909,489,820,Shia000841Vols,300,1308,1559,171,61
1909,24,252,Shamela0011428,125,409,633,136,64
1909,140,335,Sham19Y0131521,5253,475,670,159,99
1909,125,267,Shamela0021590,41,1368,1517,113,93
1909,1161,1480,Shamela0001727,1101,206,597,136,38
1909,144,327,Shia002069Vols,193,721,908,149,97
1909,125,335,Shamela0005756,13042,351,557,166,96
1909,140,335,Shamela0117359,902,182,377,160,100
1909,1364,1591,Sham19Y0014309,2119,737,1067,137,51
1909,1060,1493,Sham19Y0017903,840,44,194,89,26
1909,148,335,Shamela0001442,1010,1,188,154,100
1909,96,815,JK000201,2174,568,873,185,29
1909,125,267,JK000201,2270,1031,1180,113,93
1909,169,612,JK000201,2523,1047,1576,286,61
1909,612,1040,JK000201,2524,1,423,346,97
1909,1075,1480,Sham19Y0122406,3023,669,1204,181,38
1909,144,335,Shamela0036446,668,912,1093,142,86
1909,24,252,JK007107,10,1,331,147,54
1909,20,883,Sham19Y0018103,3344,389,924,234,28
1909,144,335,Shamela0025800,171,362,548,152,96
1909,1075,1493,Shamela0025800,1817,1,614,142,24
1909,1060,1480,Sham19Y0017729,425,1091,1225,83,25
1909,1,594,Sham19Y0014224,1109,906,1520,199,27
1909,689,1040,Sham19Y0014224,1110,50,412,213,67
1909,1060,1480,Sham19Y0020638,918,686,1082,148,39
1909,140,335,Sham19Y0020591,1391,338,533,160,100
1909,20,335,Sham19Y0146127,36,611,1174,203,42
1909,511,815,Sham19Y0020590,30,1081,1375,159,59
1909,20,218,Sham19Y0018176,2026,1019,1371,101,30
1909,96,758,Sham19Y0122257,2424,1126,1571,281,47
1909,121,1040,Sham19Y0014601,4326,613,1533,751,99
1909,335,853,Sham19Y0017063,988,126,753,345,59
1909,1364,1480,Shamela0008360,619,246,407,77,62
1909,131,780,Sham19Y0018100,452,1113,1657,307,47
1909,780,1040,Sham19Y0018100,453,1,262,213,96
1909,369,883,Sham19Y0013605,3983,1015,1323,219,50
1910,970,1484,Sham19Y0020944,872,720,938,167,40
1910,1369,1484,Shamela0004445,1912,1,150,90,73
1910,346,767,Sham19Y0123510,1207,1105,1509,301,87
1910,970,1484,Shamela0012415,734,816,1064,169,38
1910,943,1484,Sham19Y0020594,261,594,904,181,36
1910,965,1484,Shamela0000767,1963,1023,1285,168,36
1910,965,1417,Shamela0000767,3060,705,850,114,31
1910,970,1484,Sham19Y0148486,6035,576,825,169,38
1910,1349,1484,Kraken220218125253,142,1223,1390,106,79
1910,965,1484,Shamela0001719,2923,490,648,118,28
1910,965,1417,Shamela0022848,388,830,958,100,27
1910,965,1484,Shamela0025794,2543,935,1183,167,37
1910,970,1484,Shamela0010646,2099,31,239,165,40
1910,965,1484,Shamela0011428,1790,757,969,161,38
1910,965,1484,Sham19Y0131521,5255,444,669,169,40
1910,1172,1385,Sham19Y0131521,5256,1,327,147,52
1910,1349,1484,JK007128,145,703,843,108,96
1910,965,1484,Shamela0001727,1103,374,619,168,37
1910,1349,1484,JK006838,1026,514,679,106,78
1910,970,1484,Masaha002979Vols,1107,829,1037,165,40
1910,943,1417,Sham19Y0122401,760,799,979,126,32
1910,965,1484,Sham19Y0013572,218,603,858,172,39
1910,970,1417,Sham19Y0013572,1466,1133,1274,108,30
1910,959,1484,Sham19Y0127700,313,186,445,166,36
1910,1349,1484,Shia001901,310,467,634,107,80
1910,965,1484,Sham19Y0023644,1284,1269,1490,148,33
1910,970,1484,Shamela0012014,144,100,350,168,38
1910,418,767,Shamela0010664,19,996,1283,189,63
1910,970,1484,Shamela0010664,981,977,1220,156,35
1910,970,1417,Shamela0001673,6401,1285,1423,105,29
1910,1372,1484,Shamela0009790,467,1,146,90,77
1910,965,1484,Shamela0117359,902,466,692,169,40
1910,1349,1484,Shamela0005922,2938,1094,1279,105,69
1910,1349,1484,Shamela0008657,658,1012,1177,105,77
1910,970,1484,Shamela0000427BK2,6632,567,794,168,40
1910,1349,1484,Sham19Y0014309,2121,897,1061,102,76
1910,970,1484,Sham19Y0017903,848,219,470,170,38
1910,975,1484,ShamAY0033181,1290,1,202,154,37
1910,965,1484,ShamAY0033181,1361,81,292,160,38
1910,965,1484,Shamela0001442,1005,783,1017,167,40
1910,970,1484,Sham19Y0096918,526,1180,1413,173,42
1910,1349,1484,JK001336,663,778,896,95,87
1910,965,1484,Sham19Y0122406,3028,572,817,168,37
1910,965,1484,Shamela0006590,418,622,832,158,37
1910,230,767,Sham19Y0127713,92,548,818,169,38
1910,965,1484,Sham19Y0001734,1990,1218,1465,164,37
1910,943,1400,Sham19Y0132524,2010,162,331,108,28
1910,965,1417,JK000221,662,773,901,99,27
1910,970,1484,Sham19Y0037618,5235,794,1036,166,37
1910,965,1484,Sham19Y0018144,2087,686,944,171,38
1910,970,1417,Shamela0036446,450,703,844,112,31
1910,970,1484,Shamela0025800,1819,946,1187,165,37
1910,970,1484,Sham19Y0017729,427,1166,1416,166,38
1910,1349,1484,Shia003732Vols,2573,964,1304,101,37
1910,970,1417,Shia003732Vols,2578,457,598,112,31
1910,965,1417,Shamela0010657,1211,704,832,100,27
1910,726,1484,Sham19Y0020638,919,397,843,180,24
1910,970,1484,Sham19Y0013223,1190,694,944,162,37
1910,1349,1484,Masaha001864Vols,3161,808,971,108,82
1910,965,1484,Sham19Y0020591,1391,922,1147,169,40
1910,970,1484,Sham19Y0146127,3342,793,1021,159,36
1910,970,1484,Sham19Y0017616,334,779,1020,166,37
1910,965,1484,JK007065,98,924,1169,168,37
1910,965,1417,JK007065,620,515,660,114,31
1910,965,1484,Sham19Y0014601,5172,490,790,171,35
1910,965,1484,Sham19Y0148271,329,1093,1341,167,37
1910,176,775,Shamela0000791,564,289,864,419,81
1911,115,699,Sham19Y0131521,5256,331,889,250,42
1911,102,243,JK000201,3200,979,1126,114,95
1911,557,1077,Sham19Y0122406,3030,87,519,132,22
1911,243,699,Sham19Y0132524,2010,953,1295,174,44
1911,656,1215,Sham19Y0013252,4528,8,288,197,44
1911,248,846,Shamela0011036,1435,52,736,356,64
1912,52,373,Sham19Y0020944,872,1047,1390,198,65
1912,52,379,Shamela0004445,1912,274,843,202,44
1912,60,214,Shamela0012415,734,1148,1306,117,93
1912,52,214,Sham19Y0020594,261,1028,1203,129,92
1912,60,379,Meshkat00057178,1262,603,1133,182,38
1912,81,379,Shamela0000767,1964,1,542,190,44
1912,60,391,Sham19Y0148486,6035,909,1453,201,46
1912,1224,1514,Shamela0008176,5233,1071,1356,219,92
1912,57,379,Shia002616Vols,645,457,871,224,65
1912,52,398,Tafsir09085,86,516,867,209,67
1912,52,214,Kraken220218125253,143,67,226,113,78
1912,52,391,Shamela0001719,2923,757,1104,207,66
1912,60,214,Shamela0011428,1790,1058,1224,119,90
1912,621,1219,Sham19Y0131521,2468,1050,1375,156,33
1912,52,373,Sham19Y0131521,5255,774,1120,198,65
1912,106,615,Sham19Y0131521,5258,396,777,203,41
1912,842,1094,Sham19Y0131521,5259,153,393,187,89
1912,52,379,JK007128,145,939,1422,169,40
1912,52,394,Shamela0001727,1103,743,1346,214,44
1912,52,404,JK006838,1026,802,1326,173,38
1912,91,421,Sham19Y0122401,1419,1,457,188,51
1912,52,214,Sham19Y0013572,218,982,1158,129,92
1912,52,379,Sham19Y0127700,313,569,1152,213,46
1912,52,379,Shia001901,310,730,1291,195,42
1912,52,379,Sham19Y0023644,1285,61,613,202,46
1912,52,379,Shamela0012014,144,474,1040,210,46
1912,52,214,Shamela0010664,981,1328,1509,129,89
1912,65,558,Shamela0011385,526,37,148,77,19
1912,70,175,Shamela0011385,1139,231,336,83,100
1912,52,379,Shamela0009790,467,265,838,210,46
1912,52,373,Shamela0117359,902,797,1130,196,66
1912,52,214,Shamela0008657,658,1300,1470,129,95
1912,52,373,Shamela0000427BK2,6632,899,1245,198,65
1912,52,379,Tafsir09084,779,581,1133,197,43
1912,52,379,Masaha001961Vols,1188,337,814,137,29
1912,52,373,Shamela0035100,292,565,1100,205,48
1912,52,379,Sham19Y0017903,848,594,1181,221,47
1912,60,379,Sham19Y0013253,720,1103,1450,213,75
1912,60,379,ShamAY0033181,1290,291,804,198,48
1912,60,379,ShamAY0033181,1361,381,894,198,48
1912,52,373,Shamela0001442,1005,1126,1453,185,66
1912,91,394,Sham19Y0122406,3029,528,1087,183,41
1912,52,324,Sham19Y0122406,3031,865,1217,170,56
1912,253,826,Sham19Y0145212,2592,896,1422,124,18
1912,52,379,Shamela0008473,1692,742,1322,205,45
1912,52,214,Sham19Y0132524,2011,1266,1426,118,85
1912,52,214,Sham19Y0037618,5235,1160,1334,129,93
1912,4,859,ShamAY0033531,2731,720,1353,413,55
1912,4,859,ShamAY0033531,3914,386,1019,413,55
1912,52,214,Sham19Y0018144,2087,1072,1244,126,91
1912,52,369,Shamela0036446,450,906,1509,203,41
1912,52,214,Shamela0025800,1819,1311,1483,129,94
1912,52,379,Sham19Y0017729,428,76,661,224,48
1912,52,421,JK000917,45,694,1075,216,64
1912,52,214,Sham19Y0020638,919,967,1138,129,94
1912,52,214,Masaha001864Vols,3161,1091,1265,128,92
1912,77,175,Masaha001946Vols,612,359,460,77,97
1912,60,214,Sham19Y0146127,3342,1105,1244,101,80
1912,77,666,Shamela0011036,1436,19,382,252,54
1912,52,214,Sham19Y0017616,334,1144,1319,129,92
1912,391,628,Sham19Y0017616,616,986,1205,172,91
1912,52,196,JK007065,98,1293,1450,114,91
1912,1224,1514,Sham19Y0122257,2435,702,987,219,92
1912,259,1224,Sham19Y0122257,2442,390,1078,266,27
1912,1283,1514,Sham19Y0014601,280,93,315,173,92
1912,77,379,Sham19Y0148271,330,1,550,193,44
1913,1181,1531,Kraken220218125253,143,466,825,283,96
1913,126,521,Shia000841Vols,4148,892,1565,191,34
1913,293,515,Shamela0005922,2939,1288,1520,163,83
1913,515,1090,Shamela0005922,2940,1,892,346,45
1913,1187,1588,Shamela0000140,1001,81,724,267,50
1913,288,819,JK000201,3201,1003,1544,425,97
1913,819,1095,JK000201,3202,1,274,212,94
1913,1193,1588,Sham19Y0018144,5769,393,857,224,57
1913,1359,1588,JK000665,4,832,1057,154,75
1913,299,689,Shamela0011036,1436,706,1080,172,42
1913,739,914,Shamela0011036,1437,151,792,135,26
1913,1,282,Sham19Y0122257,2435,987,1158,126,54
1913,753,910,Sham19Y0017063,1002,623,1036,113,34
1914,257,672,Sham19Y0148486,6039,849,1028,90,26
1914,750,1023,Shamela0008176,5248,1272,1526,163,68
1914,252,630,Shamela0001727,1104,160,573,108,26
1914,698,1023,Shamela0005756,8048,950,1224,148,54
1914,252,672,Shamela0035100,291,859,1142,88,26
1914,782,1202,JK000201,3201,15,493,335,87
1914,252,672,Shamela0010906,476,126,409,88,26
1914,54,277,Sham19Y0122406,3033,635,865,116,46
1914,798,1094,Sham19Y0145212,4296,1108,1376,182,74
1914,571,730,Sham19Y0020638,920,1170,1331,84,53
1914,252,451,Sham19Y0020638,920,371,509,59,37
1914,695,1074,Sham19Y0013252,4528,684,981,174,52
1914,798,1213,Sham19Y0013252,12795,509,938,327,94
1914,698,1202,Shamela0011036,1437,836,1373,344,73
1914,750,1082,Sham19Y0122257,2442,1078,1398,212,73
1915,571,1028,ShamAY0034441,331,1024,1479,170,36
1915,1366,1588,ShamAY0033177,523,1019,1209,130,73
1915,1373,1588,Sham19Y0148486,6178,788,997,155,92
1915,567,1045,Shamela0006610,37,1024,1384,144,29
1915,758,1068,Sham19Y0017747,99,1299,1489,145,56
1915,1068,1588,Sham19Y0017747,100,17,848,353,52
1915,502,1517,Sham19Y0017747,2097,137,1248,555,50
1915,799,1038,ShamAY0033975,748,1,265,137,53
1915,1207,1588,Shia000841Vols,4126,864,1267,223,64
1915,596,1588,Shia000841Vols,4128,304,972,242,25
1915,1366,1588,Shamela0011428,174,364,587,165,92
1915,1382,1588,Shamela0011428,1782,471,652,138,84
1915,933,1266,Sham19Y0131521,5201,1,255,177,58
1915,1382,1588,Sham19Y0131521,5222,1063,1269,161,99
1915,1414,1588,Sham19Y0131521,5225,354,593,129,67
1915,302,1517,Shamela0021590,1348,510,1518,328,26
1915,243,648,Shamela0001727,1105,117,849,154,24
1915,600,1085,Shamela0001727,1107,166,1270,224,22
1915,1382,1580,Shamela0023700,1901,37,230,140,86
1915,1369,1588,Shamela0021605,1269,80,295,165,95
1915,596,892,Shamela0026568,241,1057,1414,128,36
1915,1382,1588,Shamela0117359,896,739,945,161,99
1915,1369,1588,ShamAY0032376,1119,212,418,154,87
1915,1369,1588,Shamela0000427BK2,441,1271,1487,161,91
1915,1382,1588,Shamela0000427BK2,6614,145,346,137,78
1915,596,1588,Sham19Y0017903,842,775,1275,189,19
1915,1373,1517,ShamAY0033181,71,1429,1580,110,94
1915,1382,1538,Shamela0001442,1003,1290,1450,119,95
1915,596,892,Shamela0023685,265,1161,1512,123,34
1915,535,987,Sham19Y0122406,3039,714,1466,166,21
1915,600,971,Sham19Y0132524,2016,869,1563,155,23
1915,1373,1588,Shamela0025800,2009,1052,1267,153,88
1915,535,1068,Sham19Y0017729,426,1037,1385,163,34
1915,1098,1588,Sham19Y0014224,1102,271,720,327,79
1915,600,1068,Sham19Y0020638,922,641,1440,220,29
1915,1382,1588,Sham19Y0020591,1381,1152,1436,159,71
1915,1382,1588,ShamAY0035884,2939,546,756,155,93
1915,600,1045,Shamela0009242,97,1149,1502,140,28
1915,280,1068,Sham19Y0017616,335,314,835,190,23
1915,1303,1588,Shamela0000791,557,788,1069,187,82
1916,1,201,Sham19Y0020944,867,119,277,107,61
1916,238,536,Sham19Y0013769,1744,1226,1526,211,83
1916,716,1111,Sham19Y0013769,1745,1120,1562,298,79
1916,1116,1418,Sham19Y0013769,1746,9,312,229,89
1916,1,129,Sham19Y0013769,2761,338,521,100,68
1916,1,124,Sham19Y0148486,6178,997,1121,98,99
1916,1,129,Sham19Y0019188,5337,194,321,98,96
1916,1,888,Sham19Y0017747,100,848,1309,302,39
1916,1325,1486,Sham19Y0017747,100,1399,1549,111,85
1916,1,129,Sham19Y0017747,2097,1146,1329,98,67
1916,1,157,JK010001,510,806,968,116,85
1916,1,124,Shamela0021809,2156,115,233,88,88
1916,1,124,Shia000841Vols,4126,1267,1385,91,93
1916,1,251,Shia000841Vols,4128,972,1316,192,68
1916,1,157,Tafsir07055,548,28,190,116,85
1916,1,124,Shamela0011428,174,587,710,98,100
1916,9,124,Shamela0011428,1782,657,772,92,100
1916,1,129,Sham19Y0131521,5222,1269,1399,101,97
1916,1,267,Shamela0021590,46,591,905,164,61
1916,1,124,Shamela0021605,1269,295,418,98,100
1916,1,129,Sham19Y0017437,1728,311,493,100,69
1916,9,124,Shamela0010664,479,1084,1198,90,98
1916,1,129,Shamela0001673,8325,293,476,99,68
1916,1,129,Shamela0117359,896,945,1073,102,100
1916,1,124,ShamAY0032376,1119,418,541,97,99
1916,1,124,Shamela0000427BK2,6614,346,466,92,92
1916,1,196,Sham19Y0017903,842,1275,1428,115,73
1916,1,124,Sham19Y0013253,722,1327,1450,97,99
1916,1,124,Sham19Y0013253,900,1305,1428,97,99
1916,1,124,Shamela0001442,1004,51,174,98,100
1916,1,129,JK000201,2520,900,1083,99,68
1916,69,440,Sham19Y0122406,3038,1,347,145,38
1916,1,112,ShamAY0033075,60,1360,1469,85,97
1916,1,262,Sham19Y0014224,1102,723,1032,179,65
1916,251,529,Sham19Y0014224,1103,390,734,198,67
1916,1291,1574,Sham19Y0014224,1104,191,478,182,74
1916,45,262,Sham19Y0020591,1382,650,874,119,60
1916,1,157,Shamela0008463,5252,401,555,102,81
1916,1,124,Shamela0007342,936,524,697,96,69
1916,1,124,Shamela0009242,3658,1000,1177,96,68
1916,9,251,ShamIbadiyya0000109,325,1110,1288,117,60
1916,1,267,Shamela0000791,557,1069,1319,198,91
1917,467,898,Sham19Y0123510,1024,8,220,132,38
1917,744,884,Shamela0000767,1980,428,583,96,76
1917,744,893,Sham19Y0148486,6171,1073,1230,112,91
1917,744,884,Sham19Y0016546,1520,30,190,104,82
1917,414,917,Shamela0008176,5241,1,409,228,49
1917,1298,1520,Shamela0008176,5241,1240,1425,148,81
1917,744,884,Sham19Y0017747,2099,1429,1574,109,95
1917,778,944,Shia002616Vols,3540,1,198,97,61
1917,238,717,JK010001,511,627,1155,234,43
1917,210,653,Shia000841Vols,4124,1192,1611,295,77
1917,653,1396,Shia000841Vols,4125,1,885,586,81
1917,744,893,ShamAY0034585,601,1021,1195,107,77
1917,744,1147,Shamela0002863,2326,879,1209,155,43
1917,349,717,Tafsir07055,549,1,399,180,41
1917,92,373,Shamela0026568,242,410,739,150,52
1917,744,1293,Shamela0001442,1000,584,885,163,36
1917,167,633,JK000201,2517,70,557,364,89
1917,744,1171,JK000477,992,612,853,157,46
1917,92,373,Shamela0023685,266,521,847,152,53
1917,210,373,Sham19Y0145212,2586,578,716,107,81
1917,744,1147,JK000221,665,1206,1421,139,43
1917,1244,1596,ShamAY0033531,2704,501,957,200,47
1917,204,1023,ShamAY0033531,2704,174,881,387,46
1917,1244,1596,ShamAY0033531,3887,161,617,200,47
1917,560,1023,ShamAY0033531,3887,1,541,251,46
1917,744,1171,JK005008,174,846,1087,146,42
1917,210,373,Shamela0006617,602,505,644,109,83
1917,172,917,Sham19Y0014224,1098,633,1408,357,51
1917,744,884,Sham19Y0146127,3413,490,631,109,98
1917,749,893,Shia002119Vols,1949,1141,1305,104,81
1917,394,917,Sham19Y0122257,2439,916,1315,243,53
1917,1298,1520,Sham19Y0122257,2440,798,977,146,80
1917,204,1142,Shamela0000791,556,764,1545,612,78
1917,1142,1596,Shamela0000791,557,1,459,367,98
1918,776,1222,Shamela0021495,291,234,518,219,62
1918,796,1514,Sham19Y0017350,1040,392,1194,240,29
1918,6,301,Sham19Y0013769,1742,1182,1473,203,80
1918,346,576,ShamAY0035955,542,94,302,161,85
1918,6,301,Shamela0008176,5241,491,823,211,74
1918,1159,1293,Shamela0008176,5245,773,893,87,80
1918,6,338,Shia000841Vols,4126,161,492,232,83
1918,790,1273,Sham19Y0131521,5208,626,1309,178,28
1918,1150,1337,JK000201,2504,1232,1428,147,95
1918,796,1401,Sham19Y0122406,3043,533,1180,121,16
1918,796,1212,Sham19Y0145212,2590,987,1347,113,23
1918,1,301,ShamAY0033531,2704,957,1269,242,95
1918,1150,1337,ShamAY0033531,2707,210,402,147,97
1918,1,301,ShamAY0033531,3887,617,929,242,95
1918,1,312,Sham19Y0014224,1101,344,691,247,86
1918,1088,1337,Sham19Y0014224,1105,369,631,158,72
1918,1144,1337,Shamela0007342,940,933,1131,151,96
1918,1175,1337,Shamela0011036,1428,1,163,126,99
1918,1144,1337,Shamela0009242,3664,1247,1445,151,96
1918,1166,1337,Sham19Y0023625,1853,9,167,122,90
1918,1159,1297,Sham19Y0122257,2441,48,166,85,77
1918,1088,1337,Sham19Y0014601,5141,562,818,164,80
1918,1,301,Shamela0000791,557,459,763,234,92
1919,1078,1199,Sham19Y0013769,1753,20,159,95,87
1919,695,901,Sham19Y0131521,5209,1,218,160,89
1919,25,786,Shamela0005815,174,90,521,138,18
1919,659,807,Sham19Y0122406,3046,1194,1321,77,66
1919,25,533,Sham19Y0018144,5785,882,1420,189,30
1919,723,918,Masaha001864Vols,5692,951,1170,157,88
1920,745,1056,Sham19Y0017350,1037,639,946,161,51
1920,199,589,Sham19Y0013769,1751,515,1018,253,59
1920,1304,1578,Sham19Y0017747,2126,1084,1381,200,80
1920,347,579,Shia000841Vols,4140,16,301,111,45
1920,304,579,Shia000841Vols,4191,233,463,98,42
1920,1206,1573,Sham19Y0131521,6816,383,1051,272,48
1920,616,1112,Shamela0001727,1113,276,671,99,16
1920,1327,1578,Shamela0000140,405,469,713,155,74
1920,863,1056,JK000201,2503,1130,1338,154,91
1920,205,594,ShamAY0033531,2718,68,599,282,67
1920,1332,1578,ShamAY0033531,3724,24,275,199,98
1920,316,594,ShamAY0033531,3901,1,279,216,99
1920,1206,1578,ShamAY0033531,4906,899,1321,296,85
1920,879,1056,Sham19Y0014224,1097,28,206,142,99
1920,199,488,Sham19Y0014224,1105,1122,1474,215,77
1920,488,583,Sham19Y0014224,1106,1,96,72,100
1920,1404,1578,Sham19Y0013252,8274,1333,1507,131,88
1920,218,583,Sham19Y0014601,5154,114,792,237,43
1920,1220,1578,Sham19Y0017063,834,375,707,249,79
1920,259,583,Shamela0000791,562,129,446,240,91
1920,1202,1578,Shamela0000791,563,271,619,216,61
1921,424,608,ShamAY0035955,529,518,703,151,99
1921,1157,1577,Sham19Y0017745,94,54,490,161,34
1921,357,571,Shamela0025791,253,393,761,156,51
1921,357,846,Shamela0001727,1114,106,674,200,33
1921,91,396,Shamela0005756,11958,998,1295,173,72
1921,1157,1393,Sham19Y0014309,1163,922,1138,147,78
1921,370,602,ShamIbadiyya0000433,1038,1008,1228,143,74
1921,351,1031,Shia001831Vols,414,916,1432,304,46
1921,1,660,Shamela0000140,405,713,1389,329,48
1921,434,602,ShamAY0033522,675,884,1043,131,94
1921,1283,1461,Sham19Y0122406,3051,924,1379,68,18
1921,351,846,Sham19Y0122406,3051,173,621,223,43
1921,1,192,ShamAY0033531,3724,275,579,110,43
1921,1,179,ShamAY0033531,4906,1321,1612,102,41
1921,357,846,Sham19Y0020638,927,221,745,148,23
1921,424,660,Shamela0009993,252,296,500,124,63
1921,434,602,Shamela0000551,2801,186,339,124,89
1921,850,1289,Shamela0009242,3697,1060,1506,315,76
1921,1195,1577,Sham19Y0122257,2428,921,1436,218,49
1921,1,396,Sham19Y0017063,834,707,920,140,44
1921,351,660,Rafed0003902Vols,1218,964,1247,176,67
1921,103,346,Sham19Y0018100,1294,524,769,190,98
1921,1,666,Shamela0000791,563,619,1220,467,86
1922,56,345,Shia001432Vols,21871,141,360,158,67
1922,848,1121,Shamela0008176,2006,811,1040,176,77
1922,53,350,Shamela0008176,5216,118,425,161,58
1922,1451,1580,JK010001,2275,59,188,103,100
1922,769,1152,Shia000841Vols,3991,1129,1553,246,62
1922,1451,1580,Tafsir07055,2380,1061,1190,103,100
1922,807,1121,Shamela0000432,5270,197,561,178,54
1922,1451,1580,Shamela0000432,5274,1064,1193,103,100
1922,827,1006,Shamela0009810,1178,544,738,148,91
1922,1,345,Shamela0010664,545,35,320,205,72
1922,1,142,Shia001831Vols,414,1476,1609,102,88
1922,775,1006,JK000201,2199,131,409,143,58
1922,819,1006,Shia001845Vols,482,1058,1260,152,90
1922,815,1070,ShamAY0033531,1986,1085,1334,198,91
1922,1121,1372,Sham19Y0014224,463,1223,1393,137,67
1922,780,1006,Sham19Y0020591,1024,1062,1296,164,82
1922,803,1070,Shamela0011036,1388,193,472,222,95
1922,785,1130,Shamela0009242,2198,1065,1430,269,89
1922,1,287,Shamela0009242,3619,432,704,174,69
1922,345,530,Sham19Y0023625,2562,323,531,146,87
1922,832,1006,Sham19Y0014601,4249,522,711,146,92
1922,1444,1580,Shamela0000791,549,1107,1242,106,97
1923,474,1188,Sham19Y0013769,768,840,1562,522,84
1923,432,1286,Sham19Y0017747,2141,354,1159,610,86
1923,1,371,JK010001,2274,1202,1524,221,66
1923,1,387,Shia000841Vols,3994,144,478,239,68
1923,595,1253,Shia000841Vols,3998,443,1208,407,59
1923,1328,1598,Shia000841Vols,3999,677,941,196,86
1923,1,387,Tafsir07055,2380,681,1019,234,67
1923,1,398,Shamela0000432,5274,1193,1589,324,99
1923,398,1320,Shamela0000432,5277,455,1493,741,88
1923,1299,1598,Shamela0000432,5278,6,281,221,91
1923,12,160,Sham19Y0122401,1139,902,1039,112,91
1923,1,387,Sham19Y0014309,2705,1090,1425,240,68
1923,474,1198,Sham19Y0014224,461,788,1526,550,89
1923,12,387,Shamela0009242,2200,1110,1611,272,61
1923,557,1307,Shamela0009242,2220,554,1477,305,30
1923,1402,1598,Shamela0009242,2222,32,551,148,35
1923,1,367,Shamela0000791,549,1242,1590,284,94
1924,59,451,Sham19Y0013769,769,594,962,239,65
1924,510,955,Sham19Y0013769,775,30,531,309,70
1924,1145,1343,Sham19Y0148486,6064,1280,1400,73,45
1924,1,182,Shia000841Vols,3999,941,1117,126,86
1924,1157,1343,Shamela0011428,1798,1,99,65,45
1924,1145,1379,Shamela0001727,1116,734,1312,87,16
1924,1,451,Shamela0000432,5278,281,725,344,91
1924,1180,1499,Shamela0005756,4019,731,1251,135,32
1924,1145,1343,Sham19Y0127677,11842,164,297,83,51
1924,475,912,Shamela0001673,8381,356,834,170,36
1924,1145,1343,Shamela0000427BK2,6663,388,527,73,45
1924,598,912,Sham19Y0122406,3058,1067,1385,219,77
1924,1145,1343,Sham19Y0132524,2106,158,278,73,45
1924,1157,1388,Sham19Y0133411,1331,155,354,86,37
1924,1145,1481,Sham19Y0014224,460,469,688,116,45
1924,1157,1343,Sham19Y0020638,929,1,99,65,45
1924,1145,1343,JK000216,444,1090,1210,73,45
1924,245,451,Shamela0009242,2223,592,782,123,64
1924,460,844,Sham19Y0023625,2681,1154,1529,287,88
1925,1060,1184,Sham19Y0013769,771,83,302,96,55
1925,91,652,Sham19Y0122402,569,249,548,100,19
1925,1060,1493,JK000677,128,960,1289,96,24
1925,78,775,Shamela0001673,8359,339,876,311,51
1925,91,1055,Shia001831Vols,415,307,690,201,24
1925,91,454,Sham19Y0122406,3060,202,541,241,75
1925,450,726,Sham19Y0122406,3060,1206,1479,172,71
1925,67,683,Sham19Y0132524,2108,510,1285,228,27
1926,1217,1513,Sham19Y0017747,2144,512,807,183,73
1926,1261,1513,JK010001,2285,46,338,201,86
1926,1320,1513,JK010001,2288,65,259,154,99
1926,415,845,Shamela0025794,2163,536,679,107,31
1926,415,845,Shamela0025794,2171,30,174,107,31
1926,415,845,Shamela0010842,348,465,605,108,31
1926,1217,1513,Tafsir07055,2391,462,795,217,81
1926,1320,1513,Tafsir07055,2394,545,738,154,100
1926,1217,1491,Shamela0021590,1382,1242,1520,153,67
1926,415,1003,Shamela0001727,1118,881,1194,162,30
1926,415,845,Sham19Y0127677,12243,1230,1373,107,31
1926,1217,1467,Sham19Y0014309,801,535,949,121,37
1926,415,1003,Sham19Y0122406,3062,644,957,162,30
1926,415,855,Shamela0025800,695,239,406,110,30
1926,415,1003,Sham19Y0020638,930,899,1225,154,29
1926,466,610,Shamela0011036,1389,1139,1267,100,88
1926,1242,1421,Shamela0009242,2204,464,1031,142,31
1926,415,845,JK007065,782,447,589,111,32
1926,1242,1415,Sham19Y0017063,319,629,863,120,65
1926,1261,1486,Shamela0000791,548,192,628,144,38
1926,1217,1452,Shamela0010517,1278,142,403,170,81
1926,1217,1452,Shamela0010517,1282,741,1023,170,75
1926,1242,1467,Shamela0010517,1311,1258,1518,142,67
1926,1242,1467,Shamela0010517,1314,21,262,145,76
1927,627,765,Sham19Y0020561,1155,457,592,98,84
1927,1,1012,JK010001,2285,338,1172,650,79
1927,1,579,JK010001,2288,259,823,436,92
1927,585,765,Shia000841Vols,4004,170,368,104,63
1927,1,883,Tafsir07055,2391,795,1499,547,76
1927,883,1012,Tafsir07055,2392,1,130,103,100
1927,1,579,Tafsir07055,2394,738,1302,436,92
1927,325,568,Sham19Y0131521,3957,1,265,173,77
1927,579,765,Shamela0000432,5279,567,750,147,98
1927,776,919,Shamela0000432,5280,978,1111,89,68
1927,754,1012,Shamela0010664,353,217,482,183,81
1927,238,529,Shamela0001673,8373,1012,1319,197,75
1927,250,568,Sham19Y0014309,801,1005,1228,166,60
1927,115,568,ShamAY0033531,1995,773,1152,285,75
1927,776,919,Sham19Y0132415,774,205,341,92,71
1927,234,568,Shamela0011036,1391,573,920,267,94
1927,9,546,Shamela0009242,2204,1087,1511,286,65
1927,783,1007,Shamela0009242,2205,324,518,133,68
1927,121,579,Sham19Y0014601,4261,1,466,357,94
1927,12,765,Shamela0000791,548,632,1369,566,92
1928,331,896,Sham19Y0020944,622,859,1081,110,23
1928,312,884,JK007064,726,700,1025,195,38
1928,729,1225,Sham19Y0013769,771,592,1110,270,59
1928,781,1163,Sham19Y0148486,6066,1,724,238,40
1928,322,888,Shamela0006610,600,280,563,183,38
1928,145,350,Sham19Y0017747,2142,1047,1297,140,70
1928,317,940,Shia000841Vols,4004,840,1496,375,60
1928,940,1237,Shia000841Vols,4005,5,291,214,87
1928,345,800,Tafsir07055,2398,1,354,113,24
1928,4,414,Shamela0001727,1119,464,751,109,25
1928,1247,1461,Shamela0001727,1119,832,1435,151,30
1928,317,977,Shamela0010664,901,200,523,183,35
1928,539,1231,Sham19Y0014309,802,176,381,141,25
1928,304,410,Sham19Y0122406,3064,1189,1486,84,35
1928,1300,1461,Sham19Y0122406,3065,993,1204,128,73
1928,424,539,Sham19Y0014224,460,1300,1415,92,100
1928,721,888,Sham19Y0014224,461,27,213,128,86
1928,4,418,Sham19Y0020638,931,399,781,119,25
1928,744,1072,Sham19Y0146127,3358,85,628,204,47
1928,410,539,Shamela0011036,1388,480,691,97,58
1928,467,614,Shamela0009242,2207,1374,1532,110,84
1928,614,1231,Shamela0009242,2208,1,473,345,70
1928,312,884,Shamela0007264,270,1061,1386,195,38
1928,440,1188,Sham19Y0017063,320,1,617,353,54
1928,331,896,Sham19Y0014325,2532,902,1372,148,27
1929,1313,1642,Sham19Y0013769,1781,1078,1391,237,87
1929,462,728,Sham19Y0013769,1781,1,318,169,58
1929,1,1158,Sham19Y0017747,2138,752,1579,523,49
1929,1158,1283,Sham19Y0017747,2139,1,124,91,92
1929,1293,1646,Sham19Y0017747,2139,453,769,173,53
1929,784,964,Sham19Y0017747,2143,1128,1273,112,76
1929,1017,1169,Shia000841Vols,4006,1331,1483,102,81
1929,773,970,Shia000841Vols,4009,1065,1219,107,64
1929,693,964,Tafsir07055,2413,269,572,122,40
1929,254,557,Sham19Y0131521,3951,793,972,142,57
1929,1029,1277,Shamela0021590,1376,645,910,166,72
1929,1313,1646,Shamela0000432,5282,479,811,269,99
1929,773,964,Sham19Y0122401,1140,6,149,100,61
1929,67,291,Shia001831Vols,416,1,223,174,93
1929,67,546,Sham19Y0122406,3066,1,496,222,41
1929,1,291,Sham19Y0014224,1128,817,1178,183,55
1929,376,1646,Sham19Y0014224,1129,389,1509,677,56
1929,1,443,Shamela0009242,2200,116,514,248,60
1929,602,767,Shamela0009242,2211,12,184,133,94
1929,1288,1646,Shamela0009242,2218,78,374,225,76
1929,359,537,Shamela0000791,546,1387,1562,131,86
1929,1288,1585,Shamela0000791,550,922,1223,238,97
1930,1086,1367,Sham19Y0020561,1736,1034,1326,219,92
1930,838,931,JK001012,231,146,239,72,100
1930,838,942,Sham19Y0148486,6098,423,527,74,90
1930,838,931,Sham19Y0014313,1279,1179,1272,72,100
1930,838,931,Shamela0008176,2009,423,516,72,100
1930,1091,1597,Sham19Y0017747,2139,1218,1636,281,63
1930,329,580,Sham19Y0017747,2139,216,453,160,78
1930,838,935,Shia002616Vols,5266,589,686,72,96
1930,838,931,JK006897,319,1111,1205,72,98
1930,838,931,Tafsir07055,2380,356,450,72,98
1930,838,931,Shamela0011428,1767,1327,1420,72,100
1930,838,931,Shamela0001727,1120,714,808,72,98
1930,1,188,Shamela0000432,5282,811,998,156,100
1930,599,1073,Sham19Y0127700,461,1267,1549,207,52
1930,396,864,Shamela0005922,2878,1214,1586,109,22
1930,599,1086,Shamela0005922,2879,624,1013,217,52
1930,838,1003,Shamela0000427BK2,6569,571,729,90,70
1930,838,931,JK001429,68,1247,1354,72,86
1930,838,1031,JK000201,2213,873,1027,97,62
1930,838,931,Sham19Y0122406,3068,1147,1241,72,98
1930,838,931,Sham19Y0145212,1186,640,733,72,100
1930,838,931,Sham19Y0132524,2110,675,769,72,98
1930,599,1343,ShamAY0033531,1992,121,955,369,44
1930,838,931,Sham19Y0017791,492,1206,1299,72,100
1930,838,931,Sham19Y0017791,493,108,213,72,88
1930,396,610,Sham19Y0014224,1128,1184,1418,132,64
1930,838,931,Sham19Y0020638,931,1301,1395,72,98
1930,838,931,Masaha001864Vols,1409,1253,1347,72,98
1930,365,935,Sham19Y0016976,545,622,1192,152,23
1930,599,1441,Shamela0009242,2217,400,1019,409,55
1930,838,931,Sham19Y0017616,320,854,948,72,98
1930,838,931,Sham19Y0122257,903,219,312,72,100
1930,838,931,Sham19Y0014119,188,399,492,72,100
1930,838,1079,Sham19Y0017063,319,61,615,176,40
1930,838,931,Shamela0008360,220,1114,1207,72,100
1930,838,931,Sham19Y0022884,158,956,1050,72,98
1930,391,683,Shamela0000791,550,1223,1537,141,41
1930,838,931,Shamela0010517,1327,727,821,72,98
1931,6,240,Sham19Y0017878,402,95,412,183,67
1931,240,527,Sham19Y0032381,191,866,1452,161,30
1931,31,240,Sham19Y0017747,2140,302,499,150,84
1931,401,611,Shia002616Vols,7026,487,681,139,75
1931,21,240,Sham19Y0131521,3950,1251,1484,154,74
1931,240,376,Shamela0001727,1120,808,1075,102,48
1931,401,840,Shamela0005756,8106,354,784,203,45
1931,437,766,Shamela0010527,44,351,740,188,57
1931,240,356,Sham19Y0122406,3069,805,1111,88,36
1931,852,1133,Sham19Y0122406,3071,5,278,171,69
1931,342,852,ShamAY0033531,2011,944,1507,369,78
1931,332,847,Sham19Y0018103,1770,806,1412,253,45
1931,41,240,Sham19Y0014224,1130,418,663,143,69
1931,310,831,Sham19Y0013605,2302,712,1424,325,55
1931,519,827,Sham19Y0013605,4001,215,541,173,60
1931,519,770,Sham19Y0013605,4015,883,1381,119,27
1932,297,421,Shamela0021848BK1,2034,854,979,102,99
1932,1128,1463,Sham19Y0013769,1777,1141,1640,209,43
1932,1463,1688,Sham19Y0013769,1778,1,196,128,69
1932,933,1400,Shamela0008176,5211,339,663,239,60
1932,20,835,Sham19Y0017747,2129,842,1520,363,44
1932,1128,1577,Sham19Y0017747,2130,258,741,305,68
1932,1184,1525,Shia000841Vols,4200,659,961,151,46
1932,659,1554,Shamela0005756,8063,537,1074,378,49
1932,6,503,ShamAY0035990,634,32,200,123,30
1932,390,1688,Sham19Y0014224,1127,101,1071,630,53
1932,649,1554,Sham19Y0013252,4534,1071,1551,349,46
1932,933,1400,Sham19Y0122257,2427,101,424,235,59
1932,20,653,Shamela0000791,554,978,1403,335,64
1933,1217,1461,JK007083,144,417,601,143,72
1933,772,1043,Sham19Y0013769,1777,592,812,135,60
1933,1,691,Sham19Y0013769,1778,196,882,549,96
1933,1217,1461,Sham19Y0016584,3759,196,376,140,71
1933,1217,1461,Shamela0008176,5209,1182,1361,139,70
1933,38,449,Sham19Y0017747,2112,323,839,118,20
1933,1316,1461,Shia002616Vols,2041,1,147,113,96
1933,1312,1461,Shamela0001717,1122,113,246,101,82
1933,1217,1461,Sham19Y0013614,609,1078,1257,139,70
1933,1217,1465,JK000110,1480,596,780,140,70
1933,16,718,Shia000841Vols,4208,180,794,386,61
1933,1312,1461,Shamela0022848,386,887,1032,109,91
1933,1217,1461,Shamela0021715,8559,763,943,140,71
1933,1217,1461,Sham19Y0016684,1808,163,343,140,71
1933,1217,1461,Shamela0001727,1120,1141,1325,143,72
1933,1305,1461,Sham19Y0020868,463,576,733,121,96
1933,1217,1461,Shamela0005756,13089,378,559,139,70
1933,1217,1461,Shamela0000894,2650,1316,1500,143,72
1933,1312,1461,Shia000220Vols,2745,179,329,114,95
1933,1312,1465,Shia003923Vols,24,600,739,104,85
1933,1217,1465,Sham19Y0017903,841,1214,1401,140,70
1933,1217,1461,Sham19Y0013253,730,826,1009,135,68
1933,1312,1461,JK000221,659,296,441,109,91
1933,1217,1461,Sham19Y0018106,3456,451,631,140,71
1933,1217,1476,Sham19Y0018103,3360,1105,1307,141,65
1933,746,1043,Sham19Y0018103,3361,1198,1431,170,70
1933,1312,1465,Shamela0001687,1764,1431,1576,109,89
1933,1305,1461,Shamela0005772,87,888,1042,113,89
1933,1217,1461,Sham19Y0017791,1376,1166,1345,139,70
1933,1217,1465,Sham19Y0017729,426,207,395,142,70
1933,1312,1461,Shamela0010657,1206,765,910,109,91
1933,1048,1291,Sham19Y0014224,1125,746,1034,122,42
1933,1,635,Sham19Y0014224,1127,1071,1703,515,99
1933,635,763,Sham19Y0014224,1128,1,124,79,79
1933,1217,1461,Sham19Y0020638,932,1078,1263,141,70
1933,1312,1461,Shamela0021766,1199,1102,1252,109,88
1933,1217,1461,Sham19Y0013252,8334,1161,1341,140,71
1933,1305,1461,Shamela0021751,847,34,191,121,96
1933,1312,1461,Sham19Y0017885,2335,1185,1335,116,96
1933,1217,1461,Sham19Y0016976,1325,519,698,139,70
1933,1217,1461,Sham19Y0017616,319,423,607,143,72
1933,1217,1461,Sham19Y0122257,2426,827,1006,139,70
1933,1217,1461,Sham19Y0014119,443,797,976,139,70
1933,1217,1614,Sham19Y0017063,989,837,1398,250,48
1933,1217,1461,Sham19Y0148271,546,845,1028,139,70
1933,1217,1461,Shamela0008360,619,1041,1222,139,69
1933,163,347,Shamela0000791,554,1403,1612,148,85
1933,1067,1300,Shamela0000791,555,136,347,164,85
1934,103,960,Sham19Y0013769,1776,785,1581,580,83
1934,960,1412,Sham19Y0013769,1777,1,403,311,83
1934,1,451,Shia000841Vols,4240,1126,1536,272,69
1934,451,1024,Shia000841Vols,4241,1,773,401,62
1934,1137,1378,Shia000841Vols,4244,202,445,189,91
1934,164,993,Sham19Y0014309,1168,797,1328,382,56
1934,468,953,JK001244,543,1014,1394,143,32
1934,103,1431,Sham19Y0014224,1126,395,1409,701,62
1934,204,621,ShamAY0034251BK3,769,1258,1569,223,66
1934,621,1024,ShamAY0034251BK3,770,1,485,229,52
1934,468,885,Shamela0011444BK1,219,1274,1475,96,29
1935,14,921,Sham19Y0013769,1772,309,1585,565,51
1935,921,1308,Sham19Y0013769,1773,8,363,268,84
1935,1331,1540,Sham19Y0013769,1775,684,938,155,75
1935,623,1057,Shamela0003055,1913,1083,1479,247,62
1935,217,1540,Sham19Y0131521,3991,172,1503,550,40
1935,283,822,Shamela0021715,4036,41,366,224,49
1935,667,1057,Shamela0021715,8544,828,1191,216,58
1935,270,1377,Sham19Y0017437,1774,737,1357,406,44
1935,270,1174,Shamela0005756,8057,386,897,358,47
1935,615,1119,Shamela0001673,4993,1070,1391,202,49
1935,615,1057,Shamela0001673,8277,1127,1532,257,63
1935,1,872,Shia001831Vols,416,1073,1577,342,46
1935,242,449,JK000201,2303,911,1237,114,41
1935,615,1057,JK000201,2304,128,533,256,63
1935,615,1119,ShamAY0000351,612,588,909,202,49
1935,206,430,ShamAY0033531,2013,614,858,163,80
1935,283,497,Sham19Y0018106,1782,1324,1515,130,70
1935,217,589,Sham19Y0013631,1893,734,978,142,44
1935,22,959,Sham19Y0014224,1123,486,1598,515,49
1935,731,1458,Sham19Y0014224,1124,1,820,409,53
1935,345,1184,Sham19Y0013252,4532,1,449,305,44
1935,549,1065,Sham19Y0013252,5449,995,1508,308,64
1935,1,165,Sham19Y0011194,402,89,240,119,88
1935,615,1057,Sham19Y0014601,4289,134,539,257,63
1935,1,595,Sham19Y0013605,2291,536,1321,255,32
1936,184,498,Sham19Y0013769,1774,23,430,205,56
1936,698,897,Shamela0001727,1121,903,1101,154,95
1936,698,897,Sham19Y0122406,3077,1231,1429,154,95
1936,717,1535,Sham19Y0122406,3078,499,1018,367,56
1936,367,532,Sham19Y0014224,1125,1,187,126,84
1937,498,1293,Shamela0021495,134,449,1162,319,39
1937,10,385,Shamela0001727,1122,704,1457,192,30
1937,10,788,Shamela0005756,6204,824,1238,297,46
1937,119,1142,Shamela0005756,6205,13,1064,396,35
1937,484,658,Shamela0005756,10638,289,543,106,49
1937,484,658,Shamela0005756,10645,35,289,106,49
1937,1293,1566,Sham19Y0127677,5922,323,584,152,58
1937,10,572,Sham19Y0127677,14002,732,1057,135,27
1937,1308,1486,ShamIbadiyya0000433,954,861,1012,118,81
1937,1146,1486,Shia001831Vols,417,254,524,182,62
1937,10,449,Sham19Y0122406,3079,91,947,296,42
1937,1155,1283,Shia001845Vols,487,1330,1469,94,79
1937,1328,1494,ShamAY0033531,2005,1437,1585,117,86
1937,430,1127,Shia001976Vols,1586,375,1110,550,91
1937,27,404,Shamela0011036,1393,870,1470,112,18
1937,846,980,Shamela0011036,1397,231,365,108,100
1937,1155,1269,Shamela0011036,1397,1330,1449,92,95
1937,1293,1541,Shamela0011036,1400,606,912,162,66
1937,1328,1571,Shamela0009242,2224,1133,1337,156,77
1937,50,1132,Shamela0000791,551,65,1087,812,91
1937,453,881,Sham19Y0013605,4029,209,523,235,66
1938,295,1056,Shamela0021495,135,122,762,437,67
1938,73,371,Sham19Y0013667,5205,502,694,101,35
1938,73,371,Sham19Y0014313,1395,1224,1423,110,38
1938,63,371,Tafsir07055,2408,144,353,112,38
1938,73,371,Shamela0011428,1805,142,311,90,31
1938,76,371,Sham19Y0131521,3976,506,776,74,19
1938,76,309,Sham19Y0131521,3977,700,940,146,65
1938,73,371,Shamela0001727,1122,1258,1457,110,38
1938,73,371,Shamela0005756,6205,275,474,107,37
1938,76,371,Shamela0117359,686,917,1187,74,19
1938,73,375,Shamela0005922,2910,880,1082,106,36
1938,63,371,Shamela0000427BK2,6695,389,567,92,31
1938,798,959,Sham19Y0014309,2714,942,1099,126,97
1938,1275,1545,Sham19Y0122406,3084,613,1094,144,38
1938,73,349,Sham19Y0132524,2123,771,969,89,31
1938,1,349,ShamAY0033531,2006,125,591,182,43
1938,76,371,Sham19Y0018144,2138,241,506,81,21
1938,73,363,Shamela0036446,448,675,845,84,28
1938,73,363,Shamela0025800,702,309,508,103,36
1938,73,371,Sham19Y0020638,934,41,226,95,34
1938,76,371,Sham19Y0020591,1033,690,1166,98,21
1938,73,371,Shamela0011036,1394,1096,1300,107,36
1938,829,1224,Shamela0011036,1399,1,356,239,68
1938,1,244,Shamela0009242,2224,1337,1548,147,71
1938,73,371,Sham19Y0017616,321,247,446,110,38
1938,73,371,JK007065,1415,1084,1281,106,36
1938,73,371,Sham19Y0017798,1945,1292,1491,110,38
1938,73,371,Shia001913Vols,250,6,206,108,37
1939,1254,1366,JK006897,321,141,257,88,96
1939,1254,1404,Shamela0001719,611,63,220,106,81
1939,1257,1366,Shia000841Vols,4036,1322,1432,84,93
1939,1263,1545,Sham19Y0131521,3983,476,891,187,55
1939,953,1137,Sham19Y0131521,7547,8,170,106,69
1939,1254,1366,Shamela0001727,1124,252,368,88,96
1939,1254,1366,JK000916,4455,1053,1175,86,87
1939,1254,1366,Shamela0003118,1670,488,613,88,89
1939,1254,1366,Sham19Y0127677,4437,585,710,88,89
1939,1257,1366,Shamela0021739,459,1335,1460,86,87
1939,560,1065,Shia001831Vols,417,530,665,108,25
1939,1257,1366,Sham19Y0132524,2125,1348,1461,86,96
1939,1254,1366,Shamela0001438,6357,650,775,88,89
1939,1254,1366,Sham19Y0018144,2140,398,522,88,90
1939,923,1366,Sham19Y0020638,935,71,274,125,33
1939,1257,1366,Sham19Y0013252,8450,621,742,86,90
1939,515,899,Shamela0011036,1400,856,1493,302,57
1939,1016,1542,Shamela0009242,2226,729,1096,266,60
1939,1257,1476,Shia002119Vols,1896,1097,1307,113,55
1939,1254,1366,JK007065,1263,42,158,88,96
1939,1254,1380,Shamela0009642,263,118,248,92,90
1939,1257,1366,Shamela0010517,1317,1025,1150,86,87
1940,176,348,JK007083,104,1228,1401,140,99
1940,916,1241,JK010656,34,1028,1406,130,35
1940,176,348,Sham19Y0013667,5196,1265,1451,140,92
1940,176,348,Sham19Y0013667,5197,462,635,140,99
1940,176,506,Shamela0006610,428,652,1013,167,44
1940,916,1400,Shamela0006610,614,752,1528,194,25
1940,176,348,Shamela0008176,2371,491,664,140,99
1940,176,348,JK000977,849,1108,1281,138,98
1940,195,348,JK010001,2301,1057,1211,125,99
1940,911,1640,JK010001,2303,357,1017,363,53
1940,20,205,Shia000841Vols,4036,1072,1274,128,73
1940,916,1604,Shia000841Vols,4054,202,657,215,35
1940,1063,1400,Shamela0011444BK2,3475,561,771,134,46
1940,176,348,Shamela0025794,4357,45,230,140,92
1940,185,348,Tafsir07055,2409,1,165,133,99
1940,916,1609,Tafsir07055,2410,916,1565,350,52
1940,935,1182,Sham19Y0131521,3942,1,485,118,25
1940,1,190,Sham19Y0131521,3983,891,1066,117,74
1940,176,352,Shamela0001727,500,585,762,140,97
1940,176,348,Shamela0001727,1124,1203,1376,140,99
1940,176,506,ShamAY0033910,427,89,416,175,62
1940,176,348,ShamAY0033910,1165,247,434,140,91
1940,916,1222,Shamela0005756,13027,120,703,134,26
1940,195,348,Shamela0011385,379,125,279,125,99
1940,176,359,Shamela0004473,13154,516,692,140,93
1940,195,348,Shamela0004473,13155,533,685,122,96
1940,996,1640,MMS00013,1849,910,1156,147,27
1940,185,506,Masaha001961Vols,1042,1,227,158,59
1940,176,506,JK000130,428,319,646,175,62
1940,176,348,JK000130,1166,246,433,140,91
1940,1019,1400,Shia001831Vols,417,668,883,136,41
1940,176,348,Shamela0011789,28,1447,1624,135,94
1940,176,348,Shamela0004289,767,179,352,140,99
1940,176,506,Shamela0021502,80,613,934,172,54
1940,195,348,Shamela0021660,3922,700,847,119,94
1940,176,348,Sham19Y0122406,1378,1076,1249,140,99
1940,225,348,Sham19Y0122406,1379,1206,1329,100,100
1940,176,506,Sham19Y0122406,3084,78,373,164,48
1940,176,307,Sham19Y0145212,1359,622,754,106,99
1940,195,662,Zaydiyya0000407,267,1218,1486,174,45
1940,176,363,Shia002009,123,1206,1396,142,90
1940,176,348,Sham19Y0001734,2032,64,237,140,99
1940,176,348,Sham19Y0001734,2034,699,868,127,84
1940,190,510,Sham19Y0132524,827,1,240,158,61
1940,176,348,Shamela0001875,664,136,309,140,99
1940,1322,1640,ShamAY0033531,2019,420,849,184,48
1940,176,348,Sham19Y0018144,2142,317,476,127,89
1940,1013,1604,Sham19Y0018144,5823,758,964,133,28
1940,916,1604,Sham19Y0018103,3340,1039,1495,221,37
1940,211,348,Shamela0025800,1220,1,139,112,99
1940,916,1182,Shamela0025800,2030,635,1339,99,16
1940,176,506,Shamela0025800,3163,916,1203,170,53
1940,102,348,Sham19Y0017791,570,444,653,158,79
1940,102,359,Sham19Y0018611,494,735,949,161,77
1940,176,359,Shamela0010657,1241,183,358,139,92
1940,176,348,Sham19Y0020638,414,827,1000,140,99
1940,176,506,Sham19Y0020638,935,472,748,173,58
1940,102,348,Shamela0012981,1212,1055,1274,156,74
1940,176,506,JK000475,451,942,1273,170,61
1940,916,1400,ShamAY0034251BK3,765,284,436,110,27
1940,195,352,Shamela0010013,144,772,930,125,97
1940,176,352,Zaydiyya0000207,39,1015,1198,140,94
1940,1325,1604,Shamela0011036,1420,1329,1516,111,48
1940,102,348,Sham19Y0016976,614,651,860,158,79
1940,1,171,Shamela0009242,2226,1077,1237,101,63
1940,1139,1558,Shamela0009242,2242,988,1410,203,46
1940,102,348,Sham19Y0017616,130,248,465,160,78
1940,916,1163,Shamela0000782,541,1074,1273,88,35
1940,225,506,JK007065,210,1,309,115,32
1940,176,348,Sham19Y0011194,96,119,291,140,98
1940,176,506,Sham19Y0011194,172,937,1235,163,47
1940,218,506,Sham19Y0011194,174,1,186,130,55
1940,180,348,Sham19Y0122257,1042,1324,1493,137,99
1940,1322,1604,Sham19Y0014601,4303,886,1267,156,46
1940,102,318,Sham19Y0014119,211,1262,1449,135,76
1940,176,348,Sham19Y0017063,377,886,1059,140,99
1940,176,348,Rafed0003902Vols,4789,782,952,140,97
1940,176,348,Shamela0008360,268,218,391,140,99
1940,81,348,Shamela0021743,379,500,751,167,72
1940,1241,1640,Shamela0000791,552,1026,1420,312,94
1940,911,1604,Sham19Y0013605,3979,227,899,205,27
1941,140,650,Sham19Y0020944,631,314,1022,280,45
1941,557,937,Sham19Y0020944,633,953,1451,212,51
1941,140,817,Shamela0012415,333,993,1465,303,55
1941,140,857,Sham19Y0148486,6142,248,1450,432,44
1941,121,783,Shamela0006610,614,157,799,293,44
1941,182,338,Shamela0008176,2032,1317,1466,93,72
1941,576,896,Shamela0008176,2033,1,138,90,37
1941,111,1499,JK010001,2304,158,1433,997,89
1941,127,970,Shia000841Vols,4054,677,1527,655,96
1941,999,1499,Shia000841Vols,4055,1,500,368,88
1941,121,372,Shamela0002863,2315,78,386,157,59
1941,121,586,Shamela0025794,3867,350,692,183,46
1941,149,385,Shamela0025794,3868,900,1193,152,60
1941,111,919,Tafsir07055,2411,705,1515,634,98
1941,919,1499,Tafsir07055,2412,1,583,462,98
1941,1386,1499,Sham19Y0131521,3942,610,723,90,97
1941,140,586,Sham19Y0131521,4002,181,648,236,59
1941,685,937,Sham19Y0131521,4007,751,1139,177,57
1941,116,385,Shamela0021715,8498,685,933,155,65
1941,140,447,Sham19Y0122401,1139,699,833,84,34
1941,121,385,Shamela0009810,1193,194,493,189,75
1941,74,338,Shamela0005756,13028,431,647,128,54
1941,140,494,Sham19Y0127677,8443,144,520,208,64
1941,116,272,Shamela0000894,6293,330,507,116,81
1941,140,399,Shamela0001673,8235,1224,1471,160,71
1941,229,390,Shia001731Vols,680,1,185,123,83
1941,140,586,Shamela0117359,690,314,780,221,50
1941,685,937,Shamela0117359,692,254,642,177,57
1941,121,385,Kraken230106005528,755,660,929,179,75
1941,121,494,Shamela0005922,2924,138,477,248,81
1941,121,586,Sham19Y0014309,2431,942,1362,235,57
1941,182,372,Sham19Y0017903,857,1179,1441,138,66
1941,745,1248,Sham19Y0013253,734,862,1399,255,51
1941,1254,1367,Sham19Y0013253,735,11,128,87,94
1941,149,338,ShamAY0034249,7829,1263,1463,131,81
1941,140,500,Shamela0001442,1031,29,401,209,65
1941,685,931,Shamela0001442,1033,1100,1481,178,58
1941,140,494,JK000201,2221,36,340,174,56
1941,989,1362,Sham19Y0122406,3086,1,502,247,61
1941,149,334,Sham19Y0016934,2236,1333,1528,127,81
1941,121,783,Shamela0036446,463,131,574,283,52
1941,144,642,Shamela0013133,57,905,1201,169,43
1941,121,500,Shamela0025800,2027,887,1271,210,62
1941,172,385,Shamela0025800,2028,227,522,149,64
1941,182,385,Sham19Y0017729,431,1135,1411,149,68
1941,121,594,Shamela0119492,325,48,508,221,48
1941,1,390,Sham19Y0018272,271,103,627,205,47
1941,163,586,JK000216,64,379,1233,200,29
1941,182,385,JK000475,919,5,207,133,73
1941,140,494,Sham19Y0020591,1040,335,711,208,64
1941,523,937,Sham19Y0013252,8249,188,629,276,73
1941,144,394,Sham19Y0013252,8250,9,236,148,70
1941,37,385,JK007116,52,223,540,206,70
1941,45,836,Sham19Y0146127,3397,508,1439,411,51
1941,121,310,Shamela0009242,2241,101,307,109,59
1941,508,937,Shamela0009242,2242,416,780,259,72
1941,121,594,Sham19Y0013241,1030,525,995,201,42
1941,140,586,Sham19Y0014601,4302,848,1341,232,53
1941,121,586,Sham19Y0148271,1993,521,1003,195,40
1941,121,366,Sham19Y0013624,135,749,1001,169,77
1941,104,372,Sham19Y0014032,133,879,1141,154,66
1941,240,586,Shamela0013033,77,5,479,131,26
1942,196,381,Shamela0007891,647,156,312,84,58
1942,548,1395,JK010656,34,620,1153,365,51
1942,526,1059,ShamAY0034227,1815,229,496,132,29
1942,1,192,Sham19Y0148486,6143,975,1426,139,39
1942,196,390,Sham19Y0148486,6144,167,364,134,83
1942,548,944,Sham19Y0148486,6144,1101,1488,285,88
1942,894,1346,Sham19Y0148486,6145,145,823,300,55
1942,208,413,Shamela0006610,597,468,680,135,74
1942,205,437,Shamela0006610,613,795,1007,142,74
1942,196,381,Shamela0023163,14,1253,1449,113,70
1942,205,447,Shamela0008176,2032,194,460,168,76
1942,196,497,JK010001,2276,859,1197,195,66
1942,61,544,JK010001,2305,1,455,354,90
1942,196,381,ShamAY0034447,1323,41,235,140,90
1942,161,497,Shia000841Vols,3994,505,911,202,60
1942,1,993,Shia000841Vols,4055,500,1496,667,77
1942,993,1485,Shia000841Vols,4056,1,720,315,52
1942,529,759,JK000677,90,1274,1511,167,82
1942,917,1346,JK000677,91,488,1168,294,53
1942,634,1346,Shamela0002863,2316,1,902,436,57
1942,196,390,Shamela0025794,3869,71,276,115,69
1942,196,497,Tafsir07055,2382,415,772,210,71
1942,1,544,Tafsir07055,2412,583,1154,429,94
1942,1042,1327,Sham19Y0131521,3942,331,604,123,41
1942,196,381,Shamela0023700,2138,1142,1331,131,85
1942,196,341,Sham19Y0122401,1137,625,745,63,57
1942,196,386,Shamela0009810,1180,241,427,116,75
1942,6,267,Shamela0005756,13027,1115,1413,144,60
1942,1237,1404,Shamela0005756,13028,556,879,76,26
1942,205,447,Sham19Y0127677,8192,495,722,146,72
1942,544,1262,Shamela0001673,8235,543,1344,310,38
1942,6,151,Shamela0001673,8236,661,1052,98,31
1942,205,360,Shamela0011816,275,505,649,95,79
1942,548,954,Shamela0011816,276,57,434,245,71
1942,548,954,Shamela0022547,435,982,1407,288,82
1942,544,1226,ShamAY0033523,341,701,1508,437,62
1942,1201,1437,ShamAY0033523,342,31,351,119,47
1942,196,381,ShamAY0033181,1294,530,718,118,75
1942,196,381,ShamAY0033181,1365,615,803,120,76
1942,667,1094,JK000201,2220,1,289,182,52
1942,6,381,Sham19Y0145212,1197,1078,1505,156,35
1942,196,341,JK000533,2373,497,635,104,93
1942,208,413,Shamela0025800,685,923,1145,147,80
1942,6,267,Shamela0025800,2030,185,654,143,37
1942,917,1431,Sham19Y0018272,271,1055,1552,389,95
1942,1226,1331,Sham19Y0150639,237,1394,1528,81,78
1942,196,1207,Sham19Y0013252,8250,892,1479,316,35
1942,973,1485,Sham19Y0013252,8251,1,354,246,57
1942,544,694,Shamela0021751,1120,473,659,99,64
1942,6,437,JK007116,52,698,891,125,37
1942,544,1395,Shamela0001485,33,351,1460,541,60
1942,1,381,Sham19Y0146127,3398,743,1332,246,49
1942,894,1298,Sham19Y0146127,3399,737,1310,267,56
1942,535,954,Sham19Y0146127,3399,200,665,293,73
1942,196,1346,Shamela0011036,1423,1,1217,573,51
1942,205,455,Shamela0009242,2240,1082,1315,148,72
1942,74,192,Shamela0009242,2242,140,258,93,100
1942,535,917,Sham19Y0013241,1030,1126,1487,244,75
1942,960,1346,Sham19Y0013241,1031,15,549,239,53
1942,196,466,Shamela0000782,543,592,825,148,69
1942,196,341,Shamela0005923,544,474,582,77,69
1942,205,447,Sham19Y0122257,911,1215,1466,167,79
1942,122,413,Sham19Y0014032,133,281,596,170,63
1942,529,954,Shamela0013033,79,383,883,297,71
1942,200,447,Shamela0008360,223,1062,1321,168,79
1942,582,1485,Shamela0000791,553,1,905,722,99
1943,323,530,Sham19Y0020561,1738,1295,1412,80,49
1943,343,788,JK007064,728,411,970,238,50
1943,443,1393,Shamela0021495,133,1,897,533,63
1943,409,587,Shamela0008176,2013,1134,1299,111,79
1943,922,1049,Shamela0001719,446,212,333,91,89
1943,409,587,Shia000841Vols,3995,657,870,111,62
1943,582,1144,Shia000841Vols,4002,60,474,252,53
1943,1,428,Shia000841Vols,4056,720,1164,248,55
1943,323,530,Shamela0001727,1125,543,1069,148,36
1943,627,928,Shamela0000432,5250,1,348,181,57
1943,20,312,Shamela0005922,2924,695,970,206,83
1943,334,1049,Shia000089Vols,1642,261,778,169,22
1943,550,692,Shamela0000140,2071,348,768,46,12
1943,587,1180,JK000201,2233,332,902,455,94
1943,323,490,Sham19Y0122406,3086,1173,1462,127,56
1943,607,866,ShamAY0033531,1991,1,261,209,99
1943,334,793,Sham19Y0146126,298,352,756,94,20
1943,704,937,Sham19Y0018272,166,1274,1497,166,86
1943,937,1180,Sham19Y0018272,167,1,237,176,86
1943,1,246,Sham19Y0018272,272,57,298,194,97
1943,20,296,Sham19Y0013252,8251,347,582,181,79
1943,409,587,Sham19Y0016976,547,802,967,111,79
1943,560,1268,Shamela0009242,2203,644,1551,405,49
1943,1268,1560,Shamela0009242,2204,1,246,176,71
1943,587,788,Shamela0007264,272,5,297,148,62
1943,916,1049,Shia002119Vols,1339,503,630,97,90
1943,409,587,Sham19Y0122257,905,221,386,111,79
1943,463,1180,Sham19Y0014601,4256,190,917,339,46
1943,409,587,Sham19Y0014119,188,918,1083,111,79
1943,1,220,Sham19Y0017063,324,817,1026,160,89
1943,620,866,Sham19Y0150962,1112,641,854,160,78
1943,409,587,Shamela0008360,221,323,488,111,79
1943,597,793,Shamela0000791,550,349,516,113,67
1943,1,312,Shamela0000791,553,905,1211,250,98
1943,409,1077,Shamela0010517,1310,42,759,277,37
1944,1,148,Shamela0021495,133,918,1058,105,85
1944,600,784,Sham19Y0148486,6059,1179,1362,144,99
1944,600,784,ShamAY0034182,265,766,949,144,99
1944,1,148,Shia000841Vols,4001,1395,1542,118,97
1944,1388,1514,Shamela0001727,1126,945,1409,96,26
1944,458,784,Shamela0001727,1126,182,576,182,54
1944,458,784,Sham19Y0133357,803,922,1216,132,46
1944,1388,1514,Sham19Y0127677,9132,936,1271,66,22
1944,458,704,Sham19Y0122406,3088,49,363,119,43
1944,1231,1514,Sham19Y0122406,3089,173,1185,166,21
1944,607,784,JK007106,31,869,1048,128,85
1944,458,784,Sham19Y0001734,2193,611,1119,157,32
1944,600,769,Sham19Y0132524,2127,297,467,131,97
1944,600,784,Sham19Y0018144,2121,415,575,123,85
1944,458,784,Shamela0025800,709,563,938,175,46
1944,477,595,Shamela0009242,2203,295,571,92,42
1944,458,595,Sham19Y0014601,4256,28,156,99,90
1944,458,860,Shamela0010517,1305,814,1406,209,38
1944,607,784,Shia001913Vols,426,889,1080,122,81
1945,641,873,ShamAY0034059,385,283,515,174,85
1945,641,873,ShamAY0034059,1265,880,1104,165,81
1945,281,539,JK007064,684,1226,1515,156,59
1945,539,873,JK007064,685,1,475,267,68
1945,271,636,Shamela0003055,2625,1033,1370,258,87
1945,281,647,Shamela0003055,3259,964,1266,211,71
1945,440,775,ShamAY0034073,1518,242,408,120,44
1945,680,873,Sham19Y0023608,1246,284,507,128,70
1945,338,647,Shamela0007554,34,6,254,179,71
1945,440,783,Shia000841Vols,4019,1107,1283,128,46
1945,909,1220,Shamela0021715,10917,268,459,88,37
1945,1129,1537,Shamela0001727,1127,531,796,109,26
1945,1142,1380,Shamela0000432,5932,1,254,191,94
1945,281,636,JK007099,137,515,884,275,92
1945,636,848,JK007099,138,745,950,168,96
1945,912,1220,Shamela0005756,6575,383,609,113,46
1945,912,1220,Shamela0001673,3635,702,899,90,37
1945,271,636,Shamela0008532,3,676,1015,258,86
1945,271,619,ShamAY0035562,25,1200,1517,238,85
1945,912,1186,Sham19Y0132524,2028,771,1096,98,36
1945,879,1220,Sham19Y0018144,2135,140,648,106,22
1945,641,879,ShamAY0035990,253,1274,1514,181,85
1945,305,771,Sham19Y0013577,5928,208,562,156,37
1945,52,590,Sham19Y0018272,1809,1070,1288,143,34
1945,641,865,Zaydiyya0000570BK3,2900,751,1163,141,40
1945,19,765,Shamela0001467,110,449,982,257,38
1945,440,771,ShamAY0034251BK3,743,740,915,122,45
1945,281,840,Shamela0009242,3692,832,1363,396,85
1945,281,636,Sham19Y0023625,2559,1046,1274,158,56
1945,912,1215,Sham19Y0014601,3231,591,784,87,37
1945,518,636,Rafed0003902Vols,490,496,626,94,90
1945,4,440,Shamela0010517,1316,1,246,155,44
1946,633,1337,Sham19Y0145166,583,644,931,176,29
1946,1230,1644,Sham19Y0131521,4225,1,672,249,43
1946,743,1337,Sham19Y0016684,957,837,1208,220,45
1946,1,232,Shamela0001727,1127,796,1220,117,28
1946,1206,1337,Masaha002028Vols,2180,1120,1253,105,97
1946,1206,1342,Shamela0005756,7800,1411,1547,109,99
1946,594,1337,Sham19Y0014309,1360,1155,1503,242,38
1946,1206,1337,Sham19Y0013253,922,189,561,106,35
1946,1,232,Sham19Y0122406,3091,14,438,117,28
1946,1206,1337,Sham19Y0018103,1698,825,981,106,83
1946,1206,1337,Shamela0006617,412,1081,1211,102,96
1947,1,1011,Sham19Y0131521,4225,672,1503,638,78
1947,1011,1185,Sham19Y0131521,4226,1,171,134,97
1947,254,736,Sham19Y0014309,1361,339,811,344,87
1948,645,1491,Sham19Y0020944,680,487,784,172,24
1948,645,1491,Sham19Y0145166,582,853,1159,175,24
1948,651,1491,Sham19Y0016584,2328,377,624,112,15
1948,1189,1491,Sham19Y0016584,2869,930,1040,56,24
1948,645,1491,Sham19Y0148486,4050,730,1038,178,24
1948,645,1491,Sham19Y0127656,377,194,499,174,24
1948,684,1491,JK000110,772,1,265,145,21
1948,645,1491,JK000110,1025,706,987,159,23
1948,645,1223,Shamela0010646,1955,1511,1663,97,20
1948,1189,1491,Sham19Y0131521,4206,86,201,59,25
1948,1189,1543,Sham19Y0131521,4224,324,669,140,37
1948,645,1216,Shamela0021715,4918,1337,1547,140,30
1948,1203,1534,Shamela0021715,4921,772,1118,113,36
1948,645,1491,Shamela0021715,6191,238,523,167,24
1948,645,1491,Sham19Y0016684,1230,760,1063,177,24
1948,645,1491,Sham19Y0016684,1474,151,436,160,23
1948,645,1491,Shamela0001727,1128,762,1067,180,24
1948,645,1491,Sham19Y0013572,142,698,984,173,25
1948,645,1491,Shamela0005756,9232,433,736,177,24
1948,645,1491,Shamela0005756,10647,1070,1358,151,20
1948,1189,1491,Sham19Y0023644,1098,1280,1395,58,25
1948,645,1491,Shamela0010664,773,1179,1521,188,27
1948,655,1491,Shamela0012403,132,1,289,168,23
1948,645,1491,Sham19Y0127677,3667,616,919,169,23
1948,645,1491,Shamela0004473,15921,713,995,159,23
1948,645,1491,Shamela0117359,727,790,1089,176,25
1948,1189,1491,Sham19Y0014309,1359,498,599,54,22
1948,1184,1548,Sham19Y0014309,1360,675,1160,219,54
1948,645,1491,Shamela0001442,551,1122,1421,177,26
1948,645,1491,Sham19Y0122406,3092,561,1218,176,17
1948,673,1491,Shia002265Vols,1566,1,275,145,20
1948,645,1491,JK009324,1670,315,619,176,24
1948,645,1491,Shamela0037837,480,442,744,167,24
1948,645,1491,Shamela0001438,5893,574,874,170,24
1948,645,1491,Sham19Y0018106,2186,835,1139,177,24
1948,645,1491,Sham19Y0018106,2682,854,1138,166,24
1948,645,1491,Sham19Y0018144,2146,113,412,167,23
1948,645,1491,Shamela0036446,662,1265,1548,170,25
1948,645,1491,Shamela0010283,754,630,938,175,24
1948,645,1491,Sham19Y0018103,2096,234,537,177,24
1948,645,1491,Shamela0025800,1200,44,334,173,25
1948,645,1491,ShamAY0034005,723,303,588,160,23
1948,645,1491,Sham19Y0020638,937,474,779,178,24
1948,645,1223,Sham19Y0020591,1102,35,580,151,20
1948,645,1223,Rafed0001792Vols,1676,386,589,129,27
1948,645,1483,Sham19Y0013252,5460,1243,1538,170,23
1948,645,1491,Sham19Y0146127,2162,277,558,176,25
1948,645,1491,ShamAY0036736,112,922,1203,156,23
1948,673,1491,Sham19Y0017616,322,1,277,155,22
1948,645,1491,Sham19Y0009800,664,35,322,161,23
1948,645,1491,JK007065,65,983,1258,168,24
1948,645,1491,Sham19Y0018176,1150,179,483,177,24
1948,645,1491,Sham19Y0018176,1475,207,491,166,24
1948,645,1491,Sham19Y0148271,1707,113,407,170,24
1948,645,1491,Sham19Y0013605,2646,41,597,176,19
1948,645,1491,Sham19Y0013605,3147,78,683,157,16
1949,706,1592,Sham19Y0013769,1785,752,1567,564,75
1949,645,1337,Shamela0008176,4669,247,757,376,65
1949,944,1293,Shia002616Vols,2273,1,367,204,62
1949,1,241,Sham19Y0131521,4227,247,473,164,81
1949,80,423,Sham19Y0014309,1361,16,248,172,61
1949,863,1441,Sham19Y0013253,736,179,920,328,53
1949,380,612,Shia001831Vols,418,342,528,103,57
1949,645,863,JK000201,2586,86,277,159,87
1949,1,612,Sham19Y0122406,3095,510,1058,220,38
1949,896,1441,Sham19Y0122406,3096,5,940,328,41
1949,1,612,Sham19Y0132524,2034,404,838,200,35
1949,868,1293,Sham19Y0132524,2036,946,1398,256,64
1949,645,1314,Sham19Y0013631,604,510,938,305,54
1949,651,1592,Sham19Y0014224,1134,622,1585,685,81
1949,818,1592,Shamela0011036,2046,257,1285,557,64
1949,645,1314,Sham19Y0122257,2169,290,768,370,66
1950,23,744,Sham19Y0013769,1786,1,725,444,69
1950,1100,1412,Sham19Y0122406,3099,361,662,68,16
1950,53,170,Sham19Y0014224,1135,1,119,92,98
1950,1,233,Shamela0011036,2046,1285,1512,176,94
1950,233,604,Shamela0011036,2047,1,371,289,93
1951,1035,1564,Shamela0008176,4676,200,939,265,39
1951,270,775,Sham19Y0131521,5079,1025,1477,288,65
1951,1035,1404,Sham19Y0131521,5294,912,1450,205,45
1951,1035,1544,Shamela0001727,1131,777,971,146,35
1951,261,534,Shamela0000894,2639,263,591,216,83
1951,270,882,Sham19Y0014309,1369,887,1520,463,89
1951,270,672,JK000201,1952,1167,1509,121,30
1951,319,909,JK000201,1983,1160,1546,310,64
1951,1052,1339,JK000201,2752,1140,1528,190,57
1951,1339,1473,JK000201,2753,1,128,102,94
1951,1035,1544,Sham19Y0122406,3100,287,723,167,31
1951,270,815,ShamAY0033531,2613,248,657,184,36
1951,323,815,ShamAY0033531,3796,42,337,166,39
1951,1035,1161,Shamela0036446,1025,953,1080,99,98
1951,1035,1161,Shamela0025800,2041,1297,1424,99,98
1951,983,1286,Masaha001864Vols,4892,1448,1641,135,54
1951,1286,1484,Masaha001864Vols,4893,1,204,159,96
1951,1035,1165,Shamela0007342,945,80,200,87,83
1951,993,1161,Sham19Y0147671,423,669,872,114,71
1951,316,815,Shamela0009242,3761,1120,1426,169,39
1951,1035,1161,Sham19Y0122257,2170,1135,1245,83,82
1951,311,1473,Sham19Y0122257,2171,211,821,416,44
1951,1035,1473,Sham19Y0014601,5198,878,1319,211,46
1951,1035,1161,Sham19Y0014119,396,466,576,83,82
1951,261,1161,Sham19Y0017063,874,928,1502,282,35
1951,1035,1161,Shamela0008360,551,1173,1283,83,82
1951,1151,1473,Shamela0000791,604,921,1210,224,85
1952,642,942,Shia000841Vols,1103,1,438,220,61
1952,929,1295,Sham19Y0131521,5108,1121,1432,171,53
1952,580,823,Shamela0001727,1132,96,743,167,31
1952,702,1606,JK000201,2606,449,1283,586,74
1952,580,823,Sham19Y0122406,3101,523,1170,167,31
1952,624,902,Shamela0021677,3139,893,1137,98,36
1952,702,902,Shamela0021693,1906,719,967,101,45
1952,580,766,Sham19Y0037618,2582,626,792,106,60
1952,1128,1427,Sham19Y0018103,3397,949,1285,151,46
1952,624,902,Sham19Y0020638,940,138,708,194,42
1952,946,1434,Sham19Y0017063,874,565,928,260,66
1952,6,580,Shamela0000791,585,846,1406,445,93
1952,1124,1427,Sham19Y0013605,4045,935,1288,163,48
1953,929,1372,Shamela0008176,5428,609,1013,141,30
1953,121,433,Sham19Y0131521,5109,359,657,219,82
1953,91,650,Sham19Y0127677,13725,336,1086,158,21
1953,91,277,Sham19Y0127677,13726,843,1119,148,65
1953,1070,1367,Shamela0001673,8443,932,1345,127,31
1953,891,1325,JK000201,2597,843,1269,316,86
1953,891,1214,ShamAY0033531,2645,894,1219,259,98
1953,121,245,ShamAY0033531,2647,424,558,101,92
1953,891,1214,ShamAY0033531,3828,540,865,259,98
1953,121,245,ShamAY0033531,3830,83,217,101,92
1953,556,1361,Sham19Y0018272,1663,131,543,257,38
1953,121,481,Shamela0009242,3759,803,1139,230,75
1953,891,1214,Sham19Y0122257,2512,212,450,157,57
1953,1152,1380,Sham19Y0017063,1039,472,939,136,36
1953,891,1224,Shamela0000791,589,1,334,260,96
1954,198,673,Sham19Y0131521,5102,981,1448,307,69
1954,457,603,Shia001831Vols,418,1122,1247,101,85
1954,898,1508,Sham19Y0122406,3113,428,976,176,28
1954,466,893,ShamAY0033531,2644,1,681,312,55
1954,454,652,ShamAY0033531,3826,1254,1560,128,51
1954,656,893,ShamAY0033531,3827,114,350,189,97
1954,164,489,JK000665,18,1165,1474,232,81
1954,198,608,Shamela0009242,3756,1021,1563,287,60
1955,1027,1378,Sham19Y0013667,5197,430,1112,142,21
1955,311,490,Sham19Y0148486,8240,6,184,142,97
1955,1219,1378,Shamela0008176,5428,854,1008,113,87
1955,581,1146,Sham19Y0131521,5107,613,1209,219,35
1955,1099,1378,Shamela0001727,1140,837,1334,187,47
1955,1300,1521,Sham19Y0020868,515,899,1130,168,85
1955,1129,1378,Sham19Y0127677,2304,993,1318,148,56
1955,1099,1322,Sham19Y0127677,12814,628,1028,110,33
1955,1136,1378,Shamela0011385,379,216,757,122,25
1955,1219,1378,Shamela0004473,13178,889,1048,117,87
1955,1124,1481,Sham19Y0014309,1369,309,621,67,14
1955,351,490,Shia003923Vols,1736,1,140,112,100
1955,770,1280,Sham19Y0013253,740,442,948,127,21
1955,1,141,JK000201,2593,1359,1522,86,64
1955,222,490,JK000201,2595,970,1253,202,89
1955,1099,1280,Sham19Y0122406,3113,51,341,124,53
1955,1099,1322,Sham19Y0132524,2044,1269,1466,139,74
1955,1129,1378,Shamela0001438,4001,148,487,109,30
1955,1110,1378,Sham19Y0017791,1440,665,1004,141,51
1955,1169,1378,Shamela0021659,1234,1,263,77,25
1955,966,1378,Sham19Y0020638,944,800,1192,224,61
1955,196,466,JK000665,9,794,1005,159,72
1955,770,1378,Sham19Y0016976,1363,648,1221,188,32
1955,770,1292,Sham19Y0017616,324,562,908,134,28
1955,1136,1401,JK007065,210,61,226,116,55
1955,770,1378,Sham19Y0122257,2511,782,1184,199,37
1955,770,1365,Sham19Y0014119,463,1080,1458,188,35
1955,1219,1378,Sham19Y0017063,1039,667,912,114,57
1955,204,490,Sham19Y0150962,1147,1108,1402,221,91
1955,770,1378,Shamela0008360,646,53,464,199,36
1955,770,1072,Shamela0000791,588,433,717,217,89
1956,1040,1403,Sham19Y0018103,3394,185,798,141,27
1956,1030,1390,Shamela0025800,1219,430,813,171,47
1956,1040,1471,JK007065,1199,1091,1425,191,49
1957,501,850,Sham19Y0013769,1787,9,258,162,54
1957,660,850,Sham19Y0131521,5091,254,458,131,76
1957,609,1319,Shamela0001727,1141,967,1372,142,22
1957,11,674,Shamela0001727,1141,175,396,107,19
1957,451,1178,Shia001831Vols,419,263,577,217,36
1957,1339,1476,Sham19Y0122406,393,50,176,86,76
1957,116,674,Sham19Y0122406,3114,1096,1294,89,19
1957,609,1319,Sham19Y0122406,3115,412,1168,153,16
1957,1339,1476,Sham19Y0122406,4276,308,434,86,76
1957,600,1006,Sham19Y0132524,2045,749,1197,153,34
1957,451,850,Sham19Y0018272,882,727,1022,154,48
1957,600,978,Sham19Y0020638,945,162,518,129,40
1957,518,1178,Sham19Y0020638,1778,67,496,223,38
1957,296,428,Sham19Y0020590,265,6,138,108,100
1957,605,850,Sham19Y0011194,408,379,740,174,60
1957,116,674,Sham19Y0017798,2087,179,302,84,19
1957,855,1006,Shamela0010443,582,145,367,77,37
1957,290,419,Sham19Y0150962,1148,362,491,101,96
1958,580,780,Shamela0007891,1952,1030,1211,144,90
1958,626,780,Shia004672,145,1227,1394,122,91
1958,580,780,Shamela0000767,2114,150,331,141,89
1958,542,780,Shia000841Vols,1101,256,825,170,37
1958,931,1311,Sham19Y0006538,611,850,1170,202,63
1958,626,780,Sham19Y0131521,2849,308,474,120,90
1958,580,780,Shamela0021715,8655,848,1038,141,87
1958,63,754,Shamela0001727,1143,891,1418,227,32
1958,580,780,Sham19Y0020868,513,793,990,149,94
1958,604,790,Sham19Y0013572,508,229,417,140,92
1958,580,780,Sham19Y0127700,321,362,542,143,90
1958,805,1422,Sham19Y0014309,1363,997,1516,408,81
1958,570,780,Sham19Y0017903,872,418,609,149,89
1958,105,398,Shia001831Vols,419,577,834,189,80
1958,626,780,Shamela0021713,1177,846,1012,119,90
1958,48,459,JK000201,2586,391,777,285,83
1958,532,766,Sham19Y0122406,3122,1191,1498,167,64
1958,580,1021,Sham19Y0122406,3123,876,1233,210,55
1958,580,780,Sham19Y0132524,2048,669,849,143,90
1958,48,390,ShamAY0033531,2615,667,1010,195,69
1958,1058,1523,ShamAY0033531,2650,928,1320,263,66
1958,48,390,ShamAY0033531,3798,340,683,195,69
1958,1058,1523,ShamAY0033531,3833,632,1024,263,66
1958,580,776,Kraken230110004547,211,1138,1387,125,54
1958,580,780,Shamela0036446,665,228,399,125,77
1958,584,780,Shamela0025800,1205,597,788,147,94
1958,580,780,Sham19Y0017791,1439,1301,1483,144,90
1958,621,780,Sham19Y0017791,1440,1,157,120,94
1958,570,780,Sham19Y0017729,438,8,198,147,88
1958,580,1028,ShamAY0034383,270,140,554,259,68
1958,562,780,Sham19Y0020638,946,1175,1371,149,86
1958,580,780,JK007036,356,813,1008,150,95
1958,580,780,Masaha001864Vols,1737,1215,1406,143,91
1958,536,776,Shamela0021766,327,1290,1492,133,69
1958,155,390,Shamela0011036,2039,907,1046,98,52
1958,580,780,Sham19Y0016976,1363,171,367,151,95
1958,580,780,Sham19Y0017616,324,1090,1286,151,95
1958,604,790,JK007065,457,311,496,141,95
1958,580,877,Sham19Y0122257,2510,910,1526,175,32
1958,580,780,Sham19Y0014119,463,840,1035,150,95
1958,608,780,Sham19Y0017063,1038,660,831,136,99
1958,580,780,Sham19Y0148271,967,1043,1233,141,85
1958,580,780,Shamela0010803,316,608,817,156,93
1958,580,776,Shamela0008360,645,1309,1485,140,89
1958,576,780,Shamela0021743,1535,614,812,149,92
1958,105,384,Shamela0000791,584,1383,1640,194,86
1958,384,521,Shamela0000791,585,1,137,110,99
1958,743,1411,Shamela0000791,587,913,1557,498,92
1959,826,1268,Sham19Y0131521,5116,147,848,287,50
1959,29,442,Sham19Y0131521,5118,717,1024,152,40
1959,753,1212,JK000201,2599,505,1260,213,29
1959,102,309,JK000201,2600,1,207,162,99
1959,1,194,ShamAY0033531,2650,1320,1517,153,97
1959,1,225,ShamAY0033531,3833,1024,1252,178,97
1959,753,1162,Sham19Y0020638,1778,1236,1345,83,25
1959,1060,1268,Shamela0009242,3766,134,336,157,87
1959,952,1162,Sham19Y0017616,615,282,442,87,50
1959,12,329,Shamela0000791,588,101,417,234,91
1960,1,144,Shamela0001727,1145,419,561,112,98
1960,1,144,Sham19Y0122406,3125,277,419,112,98
1960,1,286,JK007065,329,925,1191,143,56
1961,801,1250,Shamela0001727,1146,431,787,212,50
1961,1067,1250,JK000693,27,196,379,138,93
1961,587,1250,Sham19Y0122406,3127,858,1450,252,36
1961,1067,1250,Sham19Y0018144,2185,864,1031,130,89
1961,1067,1250,Shamela0025800,3389,1133,1360,118,61
1961,981,1250,Masaha001864Vols,1736,1175,1414,157,74
1961,1067,1250,Shia001976Vols,54,464,634,128,86
1961,1067,1250,Shamela0021765,2328,271,440,125,84
1961,1075,1414,Sham19Y0013605,4047,474,1099,177,32
1962,991,1170,Shamela0006850,19,691,881,121,78
1962,982,1175,JK000021,1630,594,762,120,72
1962,1011,1560,Shia001432Vols,22243,49,463,297,63
1962,1020,1170,ShamAY0035955,920,832,991,107,77
1962,991,1170,ShamAY0034073,2715,383,572,119,77
1962,982,1170,JK000110,1238,808,955,118,78
1962,991,1170,JK000110,1494,568,740,125,84
1962,982,1175,Shamela0021715,7212,347,498,118,76
1962,991,1170,Shamela0021715,8633,854,1026,125,84
1962,982,1170,Sham19Y0016684,1625,1097,1244,118,78
1962,991,1170,Sham19Y0016684,1814,1152,1324,124,84
1962,991,1170,JK000059,10,1034,1219,119,72
1962,991,1170,Shamela0005756,13176,1127,1299,124,84
1962,991,1170,Shamela0026884,370,756,928,131,89
1962,991,1170,Shamela0010639,126,969,1129,126,88
1962,991,1175,Shamela0012014,298,1041,1222,126,78
1962,1011,1170,Shamela0026426,8,67,228,127,98
1962,991,1170,Shamela0004473,15668,565,737,126,83
1962,1006,1170,Shamela0030623Vols,19,126,294,121,85
1962,982,1170,Shamela0035100,530,1312,1463,121,80
1962,1020,1170,Shamela0021713,1268,606,752,107,84
1962,991,1175,Shamela0000140,1840,503,665,126,86
1962,982,1170,Shamela0010906,124,1292,1443,121,80
1962,1011,1170,Sham19Y0122406,3128,1213,1384,127,92
1962,1011,1175,JK009324,1844,536,700,125,94
1962,987,1175,Sham19Y0132524,2054,119,376,144,70
1962,1020,1170,ShamAY0034134,763,1,162,113,84
1962,982,1170,Sham19Y0018106,3039,1461,1608,118,78
1962,991,1170,Sham19Y0018106,3480,307,479,125,84
1962,982,1170,Sham19Y0018103,2923,627,774,118,78
1962,991,1170,Sham19Y0018103,3385,805,977,125,84
1962,982,1170,Shamela0025800,1221,60,333,137,61
1962,738,1170,Sham19Y0020638,949,463,855,194,48
1962,1011,1560,Shia001115Vols,707,218,615,289,62
1962,991,1170,Sham19Y0013252,8463,529,701,125,84
1962,991,1170,Sham19Y0013252,8464,268,440,125,84
1962,738,1170,Sham19Y0017616,326,1,414,205,49
1962,991,1170,Sham19Y0023625,1118,1215,1394,126,80
1962,1034,1560,Sham19Y0023625,1119,442,852,272,64
1962,982,1170,Shamela0029704,19,847,1010,118,72
1962,982,1170,Sham19Y0018176,1732,685,832,118,78
1962,991,1170,Sham19Y0018176,2053,787,959,125,84
1962,982,1170,ShamAY0033632,86,316,464,118,78
1962,982,1170,Sham19Y0013605,3515,288,435,118,78
1963,921,1284,Sham19Y0131521,5142,1207,1547,240,77
1963,1354,1627,JK000201,2537,562,834,226,99
1963,634,1284,Sham19Y0122406,3130,863,1081,136,27
1963,1,394,Sham19Y0023625,1119,852,1201,121,26
1963,991,1219,Sham19Y0017063,1040,247,460,156,79
1963,1029,1627,Shamela0000791,589,859,1318,364,73
1964,1268,1457,JK000021,1748,1293,1481,141,89
1964,871,1530,Shamela0007891,1964,227,846,256,36
1964,1252,1445,Sham19Y0016584,2455,1390,1595,145,86
1964,1268,1530,Sham19Y0016584,3810,121,387,207,95
1964,1258,1530,ShamAY0033605,2,968,1233,206,90
1964,1268,1530,Shamela0000767,2132,976,1254,209,92
1964,1243,1530,JK009390,173,47,334,206,84
1964,1268,1530,Shamela0008203,110,412,674,206,94
1964,1268,1530,Shamela0008176,5430,1189,1453,212,98
1964,1268,1530,ShamAY0033975,124,960,1229,204,92
1964,1258,1530,Sham19Y0127656,691,6,291,207,87
1964,1268,1530,Sham19Y0013614,632,621,886,207,95
1964,1252,1445,JK000110,830,1297,1503,146,86
1964,1268,1530,JK000110,1503,1062,1328,207,95
1964,1268,1530,Shia000841Vols,303,857,1123,209,95
1964,1376,1530,JK011497,17,1,153,119,92
1964,1308,1530,Kraken220413030905,194,534,989,124,33
1964,1268,1541,Sham19Y0014592,1394,110,392,216,93
1964,1268,1505,Shamela0021715,5216,1144,1416,165,75
1964,1268,1530,Shamela0021715,8681,515,781,207,95
1964,1252,1445,Sham19Y0016684,1300,241,446,145,86
1964,1268,1530,Sham19Y0016684,1824,380,646,207,95
1964,856,1530,Shamela0001727,1148,344,1317,286,29
1964,1287,1530,Shia002261Vols,37,67,304,183,90
1964,58,664,Shamela0005756,9536,841,1355,359,70
1964,1268,1530,Shamela0005756,13244,121,387,208,95
1964,1268,1530,Shamela0026884,412,488,752,205,93
1964,1287,1530,Sham19Y0127677,272,547,795,194,95
1964,1272,1530,Shamela0000894,8299,815,1070,203,95
1964,1268,1530,Shamela0009323,16,398,665,200,89
1964,1268,1530,Shamela0009808,11,432,696,213,98
1964,1,532,Sham19Y0014309,1349,100,484,211,48
1964,1268,1530,Shamela0008970,154,1086,1352,208,95
1964,1287,1530,Sham19Y0122096,527,348,585,183,90
1964,1268,1530,Sham19Y0017903,881,1008,1196,149,69
1964,1258,1530,JK000940,188,281,513,164,68
1964,1268,1530,Shamela0004289,971,736,1003,203,93
1964,1287,1530,Shamela0001975,118,240,477,184,90
1964,856,1105,Sham19Y0122406,3132,48,311,71,26
1964,1268,1530,Sham19Y0122406,3132,1028,1293,213,98
1964,1287,1530,Shia002265Vols,5499,977,1219,184,88
1964,1287,1530,Shia002265Vols,5500,41,288,193,95
1964,1277,1530,JK009324,1870,140,399,197,93
1964,1268,1445,Sham19Y0145212,2674,877,1056,143,98
1964,1268,1530,Shamela0037837,731,482,747,207,95
1964,856,1530,Sham19Y0132524,2055,562,945,257,43
1964,1268,1530,Sham19Y0037618,254,1381,1533,117,54
1964,1287,1530,Shamela0001438,528,632,879,192,94
1964,1252,1505,Sham19Y0018106,2318,468,766,173,72
1964,1268,1530,Sham19Y0018106,3496,808,1074,207,95
1964,871,1519,Sham19Y0018144,2190,1135,1571,246,46
1964,1268,1530,Sham19Y0018144,2191,371,605,186,86
1964,1252,1505,Sham19Y0018103,2212,989,1286,172,72
1964,1268,1541,Sham19Y0018103,3405,783,1072,213,90
1964,1268,1530,Sham19Y0013577,8279,1098,1366,213,97
1964,1268,1530,Sham19Y0017791,1441,535,801,206,94
1964,1268,1530,Sham19Y0017729,440,784,1047,210,97
1964,1287,1530,Shamela0021659,105,1003,1240,184,90
1964,1268,1530,ShamAY0034005,824,1062,1350,211,89
1964,1295,1534,Sham19Y0018272,240,822,1256,169,48
1964,856,1530,Sham19Y0020638,950,940,1350,256,45
1964,1391,1530,JK000475,2223,631,768,108,92
1964,1282,1530,Shamela0011468BK1,1079,1050,1302,196,95
1964,1391,1530,JK000735,163,1189,1326,106,91
1964,63,664,Sham19Y0013252,5766,727,1241,383,75
1964,1252,1505,Sham19Y0013252,5782,994,1291,172,72
1964,1268,1530,Sham19Y0013252,8582,35,301,207,95
1964,1268,1530,ShamAY0034251BK3,767,340,607,214,98
1964,1268,1530,Sham19Y0016976,1364,494,759,207,95
1964,1268,1530,Sham19Y0017616,325,590,855,213,98
1964,1268,1525,Shamela0008185,39,281,494,169,79
1964,1252,1505,Sham19Y0018176,1215,47,345,173,72
1964,1268,1530,Sham19Y0018176,2064,146,412,207,95
1964,1272,1530,Sham19Y0122257,2513,491,753,138,51
1964,1268,1530,Sham19Y0014119,464,200,465,207,95
1964,1268,1530,Sham19Y0017063,1039,1303,1567,212,98
1964,1268,1530,Shamela0008360,646,834,1098,212,98
1964,1268,1530,Sham19Y0018100,492,1306,1573,206,94
1964,1268,1525,Sham19Y0013605,4054,901,1163,203,95
1965,1002,1437,Shamela0008203,110,841,1345,88,13
1965,1385,1543,Shia000841Vols,302,1226,1453,97,51
1965,1002,1380,Sham19Y0131521,3656,55,840,252,36
1965,1031,1202,Sham19Y0014592,1394,1,507,121,28
1965,1385,1520,Shamela0025791,424,509,712,87,48
1965,1002,1520,Shamela0001727,1149,187,993,127,14
1965,1024,1520,Sham19Y0013572,1440,1028,1336,97,18
1965,1002,1215,Sham19Y0127677,13348,84,323,145,69
1965,1399,1520,Kraken230106005528,476,289,452,70,54
1965,790,1437,Sham19Y0017903,881,1003,1471,107,14
1965,1021,1520,Sham19Y0122406,3133,692,1476,135,15
1965,1048,1437,Sham19Y0145212,2677,270,384,55,16
1965,1002,1520,Sham19Y0132524,2056,89,529,130,20
1965,1021,1437,Kraken230110004547,685,1163,1333,67,16
1965,1399,1520,Shamela0025800,1187,671,847,73,46
1965,1002,1520,Shamela0025800,3465,180,565,134,23
1965,1002,1520,Sham19Y0017729,440,1087,1452,124,22
1965,1002,1437,ShamAY0034005,824,252,769,117,18
1965,1385,1520,Sham19Y0006684,4162,1317,1505,84,55
1965,1002,1520,Sham19Y0020638,951,275,712,132,21
1965,752,1230,Sham19Y0020638,1779,916,1107,127,32
1965,1385,1520,Sham19Y0017616,325,928,1159,90,44
1965,1002,1520,JK007065,601,320,805,135,21
1965,1021,1437,Sham19Y0014119,464,894,1134,74,16
1965,1237,1576,Sham19Y0017063,1041,1,460,220,54
1965,1021,1437,Shamela0008360,647,18,215,58,13
1965,1385,1520,Sham19Y0018100,501,353,620,91,43
1965,1,133,Shamela0000791,589,1459,1591,107,99
1965,133,687,Shamela0000791,590,1,607,436,88
1966,825,1575,JK001012,204,551,944,210,30
1966,825,1575,Shamela0003485,270,1190,1530,162,23
1966,825,957,Shamela0008176,5372,1349,1481,104,100
1966,1339,1575,Shamela0008176,5373,1,195,147,75
1966,802,1575,Shamela0025794,4415,690,1174,257,36
1966,268,621,Sham19Y0131521,5142,701,1084,233,66
1966,799,948,Sham19Y0131521,5175,277,429,99,82
1966,802,1575,Sham19Y0131521,5177,243,1287,260,24
1966,254,505,Sham19Y0131521,6793,899,1269,175,58
1966,314,621,Shamela0021715,9468,1389,1617,171,68
1966,825,957,Shamela0025791,564,497,633,101,94
1966,760,1575,Shamela0001727,1150,15,479,293,42
1966,825,1500,Sham19Y0013572,381,1179,1437,188,35
1966,825,1575,JK001236,206,438,788,253,42
1966,825,1575,Sham19Y0127700,316,314,675,238,37
1966,254,520,Shamela0021599,3637,551,823,159,68
1966,314,524,Shamela0005756,9535,1098,1291,140,80
1966,825,1575,Shamela0010639,234,231,582,250,41
1966,825,1575,Shamela0012014,193,149,503,251,41
1966,310,621,Shamela0010664,1057,7,256,187,71
1966,825,1539,Sham19Y0127677,6226,1018,1328,225,39
1966,799,948,Shamela0117359,888,1036,1188,99,82
1966,875,1575,Shamela0008970,149,1,325,171,27
1966,825,1575,Sham19Y0017903,864,507,842,236,39
1966,1220,1575,Shamela0021713,535,65,303,170,59
1966,825,1575,JK000940,32,1079,1428,230,36
1966,273,626,JK000201,2538,230,601,284,94
1966,760,957,Sham19Y0122406,3134,769,1015,143,72
1966,1206,1575,Sham19Y0122406,3134,954,1231,194,64
1966,1339,1575,Sham19Y0122406,3135,278,496,154,81
1966,825,1500,Sham19Y0145212,2646,376,634,188,35
1966,802,1575,Shamela0008473,1498,516,1025,259,35
1966,273,621,Sham19Y0127713,1690,1218,1485,187,64
1966,764,1575,Sham19Y0132524,2063,220,1018,223,21
1966,254,491,ShamAY0033531,3711,1290,1529,176,91
1966,254,621,ShamAY0033531,4894,734,1038,217,71
1966,825,1575,Shamela0036446,645,29,359,211,32
1966,825,1575,Shamela0025800,1976,54,442,248,38
1966,825,1575,Shia003732Vols,2995,629,1019,239,36
1966,799,1575,ShamAY0034005,817,446,837,232,35
1966,825,1575,Sham19Y0020638,951,984,1321,244,40
1966,802,1575,Shamela0003722,2540,685,1103,257,38
1966,314,515,Sham19Y0013252,5765,1272,1453,132,82
1966,1339,1575,Masaha001946Vols,1070,376,568,145,75
1966,350,621,Shamela0011036,2123,1,272,221,100
1966,273,621,Shamela0000551,2883,325,593,187,64
1966,825,1575,Sham19Y0017616,328,398,748,254,42
1966,871,1575,Sham19Y0023625,1840,14,318,218,38
1966,818,1575,JK007065,157,446,827,250,40
1966,818,1099,Shamela0012220,313,142,425,126,50
1966,914,1575,Sham19Y0122257,2488,477,739,184,34
1966,254,588,Sham19Y0122257,2515,328,621,216,80
1966,799,1505,Sham19Y0148271,484,1196,1513,200,34
1966,825,1575,Shamela0008360,638,630,964,239,39
1966,825,1575,Sham19Y0017442,92,272,607,236,39
1967,388,982,Shamela0000963,2367,529,928,194,40
1967,30,210,Shamela0003485,271,1,144,107,70
1967,864,1158,Shamela0008176,5300,673,846,130,51
1967,328,1287,Sham19Y0017747,1596,497,1365,596,72
1967,1,139,Shamela0021809,575,312,451,105,90
1967,1,139,Shamela0025794,4415,1174,1306,105,94
1967,512,1287,Shamela0021590,1035,18,499,259,38
1967,1,210,Shamela0001727,1150,479,954,138,34
1967,1,210,Shamela0031457,76,289,450,125,74
1967,1,224,Sham19Y0013572,382,80,268,140,79
1967,1,210,JK001236,206,788,998,131,72
1967,1,210,Sham19Y0127700,316,675,847,136,81
1967,320,1136,Shamela0005756,12894,491,826,232,34
1967,1,210,Shamela0010639,234,582,747,131,78
1967,516,1179,Shamela0010639,235,161,888,307,42
1967,1,210,Shamela0012014,193,503,669,130,77
1967,1,139,Tafsir09084,678,177,309,105,94
1967,1,162,Shamela0008381,5263,191,338,115,88
1967,1,210,Sham19Y0014309,2363,914,1080,125,71
1967,1,210,Sham19Y0145210,2221,553,724,134,79
1967,1,139,Shamela0008970,149,325,456,104,94
1967,1,210,Sham19Y0017903,864,842,1017,135,81
1967,1,210,Shamela0021713,535,303,464,125,74
1967,1,144,JK000940,32,1428,1554,101,88
1967,320,1084,JK000201,2580,449,1033,465,75
1967,1,132,Sham19Y0122406,3134,1231,1356,101,95
1967,1,210,Sham19Y0145212,2647,75,246,136,81
1967,1,139,Shamela0008473,1498,1025,1157,105,94
1967,1,210,Sham19Y0132524,2063,1018,1231,132,71
1967,1,144,Shamela0036446,645,359,495,109,95
1967,1,210,Shamela0025800,1976,442,613,136,81
1967,1,210,Sham19Y0020638,951,1321,1496,135,81
1967,1,139,Shamela0003722,2540,1103,1235,105,94
1967,1,210,Sham19Y0017616,328,748,916,131,78
1967,1084,1355,Sham19Y0023625,1841,1129,1398,186,79
1967,701,1118,Sham19Y0023625,1847,843,1335,193,39
1967,1,210,JK007065,157,827,1002,131,78
1967,864,1311,Sham19Y0122257,2460,1151,1473,241,62
1967,1,210,Sham19Y0122257,2488,739,910,136,81
1967,1,183,Sham19Y0148271,485,110,286,120,81
1967,1,210,Shamela0008360,638,964,1135,136,81
1967,1,139,Sham19Y0017442,92,612,739,102,92
1968,1192,1473,Sham19Y0020944,855,822,1091,182,80
1968,1240,1473,JK000021,1697,11,232,170,88
1968,1304,1473,JK007054,855,1,158,127,92
1968,1259,1406,ShamIbadiyya0000438,964,792,927,108,91
1968,1240,1473,Sham19Y0148486,4590,348,568,172,89
1968,1240,1473,Shamela0006610,1053,1225,1445,172,89
1968,1240,1381,Shamela0000216,101,1296,1442,112,96
1968,1240,1473,Shamela0008203,122,240,460,172,89
1968,1240,1596,Shamela0008176,5301,1121,1411,203,69
1968,328,829,Shamela0008176,5301,111,612,164,30
1968,601,840,Sham19Y0017747,1599,957,1173,140,62
1968,1244,1491,Sham19Y0013614,619,323,560,177,86
1968,1240,1473,Shia000841Vols,304,84,312,179,93
1968,1240,1413,Shamela0025794,2682,264,435,124,82
1968,1240,1473,Sham19Y0131521,5175,16,236,172,89
1968,342,586,Sham19Y0131521,5177,1229,1438,128,60
1968,1240,1473,Sham19Y0029676,892,433,679,188,94
1968,1240,1413,Sham19Y0014592,1431,1169,1347,120,74
1968,1240,1596,Shamela0025791,558,216,561,200,65
1968,1240,1473,Shamela0001727,1150,1184,1404,173,90
1968,1240,1596,Sham19Y0017817,29,793,1112,200,66
1968,1240,1473,Shamela0013132,43,1010,1239,158,81
1968,1240,1421,JK001236,205,763,941,135,88
1968,1240,1596,JK001236,206,163,503,194,59
1968,1240,1596,JK001236,243,520,841,193,65
1968,1240,1499,Shamela0009810,1403,322,570,186,86
1968,1240,1441,Shamela0009795,274,1245,1447,146,83
1968,1327,1473,Shamela0010639,37,1,147,118,100
1968,1240,1473,Shamela0010639,233,1133,1383,188,93
1968,1339,1596,Shamela0012014,193,1,218,131,64
1968,1259,1406,Shamela0001673,9395,434,569,108,91
1968,1240,1596,Shamela0004473,17077,900,1258,198,56
1968,438,829,Shamela0004473,17078,583,749,132,41
1968,1240,1473,Shia001731Vols,819,177,397,171,89
1968,1240,1473,Shamela0117359,888,768,995,172,89
1968,1240,1473,Tafsir09084,678,433,664,171,85
1968,407,829,Sham19Y0014309,2364,941,1325,283,79
1968,1298,1473,Sham19Y0014309,3326,1,164,131,92
1968,1240,1473,Shamela0008970,148,1030,1262,172,85
1968,1259,1491,ShamAY0034066,1344,1141,1395,185,90
1968,1240,1599,Sham19Y0017903,862,979,1270,194,64
1968,1240,1596,Shamela0021713,528,87,400,204,64
1968,57,305,Shamela0000140,1296,534,747,171,83
1968,1240,1473,Sham19Y0122406,3136,1265,1485,173,90
1968,1259,1413,JK011633,95,813,981,114,82
1968,747,1599,Sham19Y0145212,2611,805,1543,243,27
1968,1259,1596,Shia002264,356,1092,1396,182,65
1968,1240,1473,Sham19Y0001734,360,663,883,173,90
1968,1240,1473,Sham19Y0132524,2063,1296,1516,173,90
1968,1240,1473,Sham19Y0037618,3799,91,310,171,89
1968,347,596,ShamAY0033531,2692,145,369,143,72
1968,347,554,ShamAY0033531,3874,1354,1534,118,72
1968,1240,1596,ShamAY0034134,103,788,1151,211,69
1968,1240,1473,ShamAY0034134,104,830,1063,158,78
1968,1240,1473,Sham19Y0018144,2205,42,275,173,88
1968,1259,1473,Shamela0036446,645,1233,1460,137,69
1968,1240,1473,Shamela0001341,129,875,1109,171,86
1968,1240,1631,Shamela0025800,1977,263,732,185,38
1968,1240,1599,Sham19Y0017729,433,165,448,194,65
1968,1240,1554,Sham19Y0132416,109,940,1184,136,53
1968,1244,1473,Kraken220413202218,252,18,243,160,81
1968,1240,1626,Sham19Y0023618,1722,744,1038,216,68
1968,869,1639,Sham19Y0020638,952,20,573,258,33
1968,1240,1599,Sham19Y0013223,641,1101,1446,199,65
1968,1240,1631,Sham19Y0013223,804,540,912,207,62
1968,1240,1473,JK000475,1373,929,1155,164,81
1968,1240,1473,JK000475,2105,580,804,163,80
1968,1240,1473,Sham19Y0020591,1367,1151,1371,172,89
1968,1240,1473,JK000735,44,574,798,163,80
1968,1240,1473,Sham19Y0146127,2466,1077,1297,164,86
1968,1259,1406,Shamela0000551,2882,234,377,108,87
1968,1244,1473,Sham19Y0016976,1339,1090,1300,164,89
1968,1240,1631,Sham19Y0017616,328,971,1348,218,62
1968,1240,1483,Shamela0012991,231,388,626,174,84
1968,1278,1491,Sham19Y0023625,331,157,366,156,89
1968,1240,1473,Sham19Y0023625,1837,1100,1338,188,97
1968,845,1240,Sham19Y0023625,1840,1087,1454,247,70
1968,402,829,Sham19Y0023625,1841,54,441,308,88
1968,1,397,Sham19Y0023625,1842,667,1064,259,67
1968,1240,1626,Shamela0007264,257,101,410,205,66
1968,1240,1596,Shia002119Vols,3638,414,737,190,63
1968,1240,1473,JK007065,653,140,359,173,90
1968,1249,1473,Tafsir06049,6145,577,769,147,81
1968,1240,1473,Sham19Y0122257,2460,776,991,173,92
1968,358,829,Sham19Y0122257,2461,400,562,116,30
1968,1240,1473,Sham19Y0014601,5120,1227,1447,172,89
1968,1240,1473,Sham19Y0014601,5121,296,556,167,76
1968,1244,1483,Sham19Y0014119,451,590,806,167,87
1968,328,490,Sham19Y0017063,1007,1200,1461,99,41
1968,1240,1522,Sham19Y0017063,1008,38,414,197,62
1968,1240,1631,Shamela0008360,630,227,667,219,54
1968,1240,1596,Shamela0021578,12,991,1309,210,72
1968,1240,1596,Shamela0021537,5742,1004,1323,211,73
1969,424,559,Shamela0004445,2862,997,1135,106,97
1969,1149,1303,Sham19Y0148486,4592,270,411,105,88
1969,1149,1313,Shamela0008176,5299,858,1049,112,77
1969,424,559,Shamela0008176,7471,1281,1416,106,100
1969,96,1103,Sham19Y0017747,1597,1,629,391,44
1969,19,469,Sham19Y0017747,2306,690,1153,275,65
1969,424,617,Shamela0005803,43,1103,1269,119,76
1969,1149,1298,JK006897,432,729,886,115,94
1969,1152,1298,JK006897,472,123,273,105,88
1969,424,559,Sham19Y0013614,817,1367,1503,105,98
1969,424,559,Rafed0003489,157,163,302,106,97
1969,414,559,JK001036,55,472,622,109,93
1969,42,241,Shamela0021590,1492,222,535,113,40
1969,424,559,Sham19Y0014592,1433,443,584,106,95
1969,1149,1298,Sham19Y0014592,2485,928,1122,110,71
1969,7,576,Shamela0001727,1151,452,1366,245,28
1969,1149,1298,Shamela0001727,1152,46,182,104,90
1969,424,559,JK006838,1424,343,459,91,85
1969,414,569,Shamela0000432,6152,1118,1285,108,81
1969,436,638,Shamela0026568,1249,1338,1514,125,75
1969,424,559,JK000786,2405,844,980,106,99
1969,424,622,JK001236,118,1248,1437,130,77
1969,1149,1398,Shamela0009810,1220,1239,1425,121,62
1969,424,628,Shamela0010639,237,1107,1329,148,81
1969,424,989,Shamela0010639,305,1058,1319,187,40
1969,424,559,Shamela0012014,54,723,854,103,97
1969,424,559,Shamela0012014,167,1243,1378,106,100
1969,424,559,Shamela0012014,194,1228,1359,103,97
1969,1152,1536,Sham19Y0127677,15017,377,728,260,84
1969,1115,1298,Sham19Y0127677,19782,933,1138,115,68
1969,1152,1298,Shamela0000894,4414,568,743,105,76
1969,424,559,Shamela0000894,5270,1320,1463,103,92
1969,1082,1298,Shamela0004473,8314,836,1071,113,52
1969,419,821,Sham19Y0014309,2368,1035,1500,243,60
1969,1152,1476,Sham19Y0014309,2369,346,780,195,54
1969,937,1103,Sham19Y0014309,3326,1313,1479,134,100
1969,424,569,Shamela0035100,611,667,812,109,96
1969,241,427,ShamIbadiyya0000433,360,963,1466,129,31
1969,1149,1298,Sham19Y0017903,862,305,436,101,87
1969,414,559,Shamela0036543,255,871,1020,108,93
1969,1149,1298,Shamela0026842,94,1147,1362,107,63
1969,91,491,JK000201,2527,4,482,168,38
1969,1152,1298,JK000201,2528,691,843,106,90
1969,424,569,Shamela0010906,608,839,984,109,96
1969,424,617,Shamela0005815,17,748,911,128,84
1969,469,638,Shamela0023685,1420,796,950,102,72
1969,19,531,Sham19Y0122406,3138,1134,1525,181,39
1969,424,559,Sham19Y0145212,3641,935,1070,106,100
1969,1149,1303,Sham19Y0132524,2065,1052,1195,109,90
1969,424,559,Sham19Y0132524,2065,863,998,106,100
1969,28,424,ShamAY0033531,2698,517,874,126,26
1969,28,424,ShamAY0033531,3881,181,538,126,26
1969,116,559,Kraken230110004547,325,1,322,127,28
1969,7,559,Shamela0036446,646,925,1231,180,38
1969,1149,1298,Sham19Y0014555,890,916,1052,105,91
1969,424,559,Shamela0025800,1977,1325,1460,106,100
1969,1152,1298,Shamela0025800,1978,50,233,113,79
1969,1152,1298,Sham19Y0017791,1400,1206,1375,106,79
1969,424,559,Sham19Y0017791,2042,1363,1499,106,99
1969,1149,1298,Shamela0096283,384,821,1005,115,80
1969,424,559,Shia003732Vols,2997,1242,1396,103,82
1969,1149,1298,Shia003732Vols,2998,169,372,112,71
1969,424,611,Shia003732Vols,4456,620,845,125,70
1969,424,559,Shamela0000170,1095,1335,1473,106,97
1969,19,174,ShamAY0034005,818,332,496,107,80
1969,7,563,Sham19Y0020638,952,614,1073,235,44
1969,1149,1298,Sham19Y0020638,952,1107,1243,105,91
1969,1149,1274,JK000216,321,609,778,96,73
1969,424,559,JK009154,428,561,678,91,85
1969,424,559,Masaha001864Vols,2692,316,470,104,85
1969,166,1225,Masaha001864Vols,5498,155,1032,617,66
1969,7,545,Sham19Y0146127,2467,236,854,169,23
1969,1152,1303,Sham19Y0016976,1339,406,580,110,79
1969,424,997,Shamela0012052,550,1146,1362,135,30
1969,424,617,Shamela0006700,460,755,919,129,84
1969,241,401,Shamela0009242,3723,1070,1263,120,77
1969,1298,1536,Shamela0009242,3724,418,669,193,94
1969,7,464,Sham19Y0017616,328,1221,1464,118,26
1969,1149,1298,Sham19Y0017616,329,122,273,115,98
1969,481,1002,Sham19Y0023625,1867,844,1497,175,27
1969,257,833,Sham19Y0023625,1868,171,697,242,44
1969,424,989,Sham19Y0023625,2300,99,352,187,40
1969,419,559,JK007065,358,388,525,104,94
1969,1152,1441,Sham19Y0018176,1997,694,1081,173,53
1969,424,559,Sham19Y0122257,3359,349,484,106,100
1969,424,559,Sham19Y0014328,546,520,638,92,87
1969,1152,1298,Sham19Y0014119,451,348,517,106,79
1969,424,559,Sham19Y0014119,647,362,498,106,99
1969,424,997,Sham19Y0017063,1556,339,921,379,71
1969,424,559,Sham19Y0148271,748,629,764,106,100
1969,424,559,Shamela0010803,68,728,864,106,99
1969,424,559,Shamela0008360,906,567,702,106,98
1969,79,424,Shamela0000791,570,6,301,225,78
1969,1149,1250,Shamela0010517,2266,1417,1521,74,88
1969,424,569,Shamela0010517,2486,39,244,109,66
1970,95,509,Shamela0008176,5300,893,1261,180,49
1970,995,1416,Shamela0008176,5421,307,1125,259,39
1970,1018,1323,Shamela0002569,409,253,650,185,52
1970,733,859,Sham19Y0131521,5126,360,480,92,92
1970,101,285,Shamela0021715,8390,1323,1505,102,66
1970,441,1423,Shamela0012014,198,66,720,293,36
1970,1179,1529,Sham19Y0127677,18889,101,628,120,26
1970,1018,1524,Sham19Y0017903,879,1,272,145,36
1970,47,361,JK000201,2580,1003,1316,222,87
1970,1,361,ShamAY0033531,2698,1085,1421,264,90
1970,1,361,ShamAY0033531,3881,749,1085,264,90
1970,995,1524,Sham19Y0017729,439,150,380,157,38
1970,1125,1362,Masaha001864Vols,4877,346,590,171,85
1970,1,361,Shamela0009242,3724,685,1039,283,96
1970,95,361,Sham19Y0122257,2461,27,233,154,72
1970,465,1229,Sham19Y0017063,1032,1,700,418,59
1970,656,893,Sham19Y0013605,4056,1112,1323,109,54
1971,13,478,JK007064,708,117,508,192,46
1971,127,259,Sham19Y0013667,5495,692,827,104,97
1971,839,1327,ShamIbadiyya0000438,396,267,741,237,53
1971,217,478,Shamela0000963,2366,369,637,70,20
1971,1,259,Sham19Y0148486,4599,815,1198,140,39
1971,42,429,Shamela0008176,5406,1164,1487,164,47
1971,429,1097,Shamela0008176,5407,1,343,226,42
1971,13,500,Sham19Y0017747,1601,83,538,236,47
1971,263,500,Sham19Y0017747,2297,355,605,183,92
1971,17,259,Shamela0097928,447,10,515,87,21
1971,42,259,Shamela0002863,1726,903,1044,96,55
1971,263,495,Shamela0021590,1039,86,320,166,86
1971,174,500,Shamela0021590,1487,171,841,194,33
1971,29,500,JK007128,665,10,171,92,25
1971,1,478,Shamela0001727,1153,146,1053,266,36
1971,237,500,Sham19Y0127700,319,568,777,123,52
1971,10,500,Shamela0005756,6035,715,1297,227,42
1971,338,1178,Shamela0005756,6036,515,992,242,33
1971,831,1108,Shamela0005756,13236,1075,1338,203,88
1971,259,500,Shamela0012014,198,1073,1311,111,47
1971,42,478,Shamela0000894,2638,269,397,97,27
1971,42,370,Shamela0001673,8482,1053,1391,112,38
1971,579,1507,Shamela0001673,8484,1,406,265,35
1971,263,500,Shamela0005922,2380,153,312,99,51
1971,753,942,Sham19Y0014309,2932,667,856,153,100
1971,42,319,Shamela0023644,1393,416,946,116,26
1971,203,500,Sham19Y0013253,743,315,832,174,44
1971,42,259,JK000201,142,611,748,87,48
1971,831,1511,JK000201,2615,804,1478,507,91
1971,42,520,Shamela0023685,592,748,1146,171,38
1971,823,1249,Shamela0023685,592,1250,1471,173,50
1971,42,500,Sham19Y0122406,3142,1,783,277,43
1971,836,1269,Sham19Y0145212,2661,513,756,190,54
1971,42,439,Sham19Y0127713,1569,11,414,131,29
1971,13,259,Sham19Y0132524,2058,894,1086,107,57
1971,282,1097,ShamAY0033531,2656,1,439,258,39
1971,61,922,ShamAY0033531,3838,1068,1497,239,35
1971,282,478,Shamela0025800,1181,1078,1393,114,45
1971,13,259,Shamela0025800,1182,1196,1399,121,56
1971,1,500,ShamAY0034005,823,229,898,150,20
1971,203,395,Masaha001864Vols,1748,845,1409,109,25
1971,504,1137,Shia001976Vols,1583,532,1174,467,90
1971,10,439,ShamAY0035960,459,228,754,192,40
1971,532,1507,Shamela0009242,3770,1,452,303,38
1971,13,478,Shamela0007264,262,187,651,206,46
1971,222,1178,Sham19Y0122257,2503,39,657,378,47
1971,884,1327,Sham19Y0017063,1033,511,929,187,47
1971,1,259,Sham19Y0148271,1362,639,977,143,50
1972,127,346,Shamela0008176,5407,322,542,142,69
1972,191,665,Shamela0001673,8484,424,821,294,73
1972,65,896,JK000201,2616,1,817,656,96
1972,335,865,Sham19Y0013252,8575,1111,1488,267,59
1972,191,665,Shamela0009242,3770,469,859,289,72
1972,156,330,Sham19Y0122257,2503,976,1185,136,76
1973,1110,1375,Sham19Y0032381,233,63,342,151,57
1973,188,489,Sham19Y0014299,408,612,917,240,97
1973,1184,1563,Shia001831Vols,420,1160,1347,121,40
1973,7,489,Shamela0000140,1322,52,493,277,68
1973,1425,1536,JK000201,2617,12,132,80,86
1973,1110,1286,Sham19Y0122406,3144,861,1435,125,26
1973,1,476,Sham19Y0013252,8576,163,585,253,66
1973,1217,1555,Sham19Y0017063,1031,1002,1362,137,34
1974,510,817,JK000021,1743,1076,1305,134,46
1974,283,407,JK007064,708,1326,1443,94,94
1974,510,1000,JK007054,904,722,1084,187,43
1974,505,814,Sham19Y0016584,1899,936,1158,159,61
1974,251,734,Sham19Y0016584,3808,232,634,191,46
1974,510,821,Sham19Y0148486,4606,858,1067,159,63
1974,283,814,Shamela0006610,1070,623,991,246,56
1974,283,407,Shamela0026655,1,1342,1459,94,94
1974,292,807,Shamela0008203,136,514,1046,192,31
1974,894,1111,Shamela0008176,5415,1383,1585,147,80
1974,1111,1518,Shamela0008176,5416,1,138,111,32
1974,266,539,ShamAY0032855,40,1034,1270,126,54
1974,510,814,Shia002616Vols,5261,625,829,158,64
1974,251,407,ShamAY0038637,129,1244,1400,114,88
1974,270,814,Shamela0028107,679,510,921,267,58
1974,510,814,Sham19Y0127656,690,1140,1403,156,52
1974,505,814,JK000110,593,229,448,157,60
1974,251,765,JK000110,1502,1013,1451,217,47
1974,505,807,Zaydiyya0000353,74,97,438,156,53
1974,255,407,Shamela0026754,2,457,597,101,81
1974,659,814,Shamela0025794,4328,1,156,117,91
1974,644,814,Zaydiyya0000004,566,854,1042,131,88
1974,783,1203,Sham19Y0131521,5132,238,887,231,38
1974,505,814,Shamela0021715,3974,1004,1226,159,61
1974,251,399,Shamela0021715,8677,1337,1472,104,89
1974,778,1139,Shamela0021715,8679,6,227,164,56
1974,505,814,Sham19Y0016684,990,814,1036,159,61
1974,187,554,Shamela0001727,1154,494,1206,254,44
1974,273,814,Shamela0001727,1155,172,781,254,40
1974,270,558,Shamela0009305,13,645,886,140,56
1974,247,407,Shamela0012750,625,1241,1410,107,78
1974,270,407,ShamAY0034580,52,831,961,104,94
1974,426,566,Sham19Y0013572,652,1233,1371,110,98
1974,283,629,Sham19Y0013572,653,124,500,170,45
1974,270,407,ShamAY0034204BK1,230,1045,1174,104,94
1974,340,814,Sham19Y0127700,320,236,563,191,47
1974,270,539,Shamela0009810,1263,606,877,120,38
1974,1080,1298,Shamela0005756,7745,623,1203,141,30
1974,505,814,Shamela0005756,7959,131,353,159,61
1974,251,407,Shamela0005756,13240,327,470,111,89
1974,505,814,Shamela0012014,158,81,299,159,61
1974,247,814,Shamela0012014,197,1009,1425,272,60
1974,505,814,Shamela0000894,1671,345,552,159,64
1974,270,539,Shia001731Vols,728,272,540,120,38
1974,247,546,Shamela0030623Vols,40,771,1012,142,56
1974,283,407,Shamela0117359,881,1089,1206,94,94
1974,510,788,JK007049,22,280,618,146,55
1974,247,407,Shamela0000736,1754,1081,1232,113,87
1974,637,830,Shia003923Vols,178,1155,1341,129,81
1974,663,814,Shamela0009804,314,1,154,114,90
1974,273,814,Sham19Y0017903,880,18,510,226,42
1974,251,407,Shamela0010826,67,1194,1349,113,88
1974,266,407,JK000918,175,613,775,104,77
1974,270,821,ShamAY0033522,687,740,1178,274,58
1974,1209,1330,JK000201,2622,990,1111,92,97
1974,894,1203,JK000201,2623,57,364,244,95
1974,644,830,JK000201,2624,25,222,138,83
1974,283,814,Zaydiyya0000054,365,282,694,214,44
1974,273,554,Sham19Y0122406,3147,1,592,207,43
1974,273,769,Sham19Y0122406,3148,313,788,217,41
1974,637,814,JK009324,2197,305,502,137,87
1974,251,814,Shamela0012399,3693,771,1230,276,56
1974,270,407,Shamela0012399,3694,603,816,109,63
1974,270,539,Shamela9007669,938,899,1235,136,40
1974,247,407,Shamela0022882,112,668,824,109,83
1974,510,814,Shamela0037837,730,744,960,156,60
1974,644,814,Sham19Y0016946,368,585,770,134,90
1974,644,788,Zaydiyya0000203,76,1348,1466,91,79
1974,270,539,Sham19Y0127713,1575,98,391,139,52
1974,510,814,Sham19Y0127713,1576,98,299,152,61
1974,247,539,Sham19Y0001734,2014,759,1075,131,51
1974,226,566,Shamela0021735,1351,278,568,140,50
1974,247,411,Sham19Y0017535,106,385,549,108,77
1974,283,411,Sham19Y0017535,119,175,292,94,91
1974,426,566,Sham19Y0132524,2061,716,854,110,98
1974,496,769,Sham19Y0132524,2062,61,406,132,36
1974,247,407,Sham19Y0037618,3280,1293,1444,106,80
1974,505,814,Sham19Y0018106,1754,723,945,159,61
1974,311,814,Sham19Y0018106,3495,1,599,233,38
1974,273,814,Sham19Y0018144,2202,145,1057,191,20
1974,266,814,Shamela0036446,657,838,1321,221,39
1974,247,407,ShamAY0034569,946,779,933,106,80
1974,226,539,Sham19Y0014555,893,466,804,153,48
1974,505,814,Sham19Y0018103,1737,646,868,159,61
1974,251,411,Sham19Y0018103,3403,1217,1363,110,87
1974,505,814,Sham19Y0018103,3404,28,247,157,60
1974,625,817,Shamela0001687,6439,732,906,124,81
1974,443,807,ShamAY0035990,306,183,678,140,31
1974,273,554,Shamela0013041,838,717,925,109,47
1974,583,758,Sham19Y0017729,439,1231,1440,124,75
1974,270,539,Sham19Y0014462,47,265,580,143,54
1974,270,407,Sham19Y0018272,980,850,987,101,88
1974,283,407,Shamela0026566,27,849,966,94,94
1974,510,814,Sham19Y0023618,2753,677,893,153,59
1974,270,821,Sham19Y0006684,4154,531,946,265,57
1974,302,817,Sham19Y0020638,954,1,1206,340,34
1974,251,419,JK000216,265,579,747,110,77
1974,426,629,Masaha001864Vols,1743,210,818,149,30
1974,644,814,Masaha001864Vols,1745,16,186,133,98
1974,510,814,JK000475,1390,317,646,151,44
1974,270,723,Sham19Y0123665,1915,1165,1551,177,46
1974,426,554,Shia001976Vols,722,993,1121,102,100
1974,283,407,Sham19Y0020591,1356,324,441,94,94
1974,247,407,Shamela0026877,1,1021,1181,105,77
1974,505,814,Sham19Y0013252,8578,1289,1508,157,60
1974,505,821,Sham19Y0013252,8579,52,278,157,59
1974,270,814,Shamela0021751,7322,837,1153,232,52
1974,273,814,Shamela0021751,7534,552,1009,258,54
1974,283,807,JK007116,54,502,852,109,18
1974,505,814,Shamela0021479,122,155,512,171,58
1974,438,814,Sham19Y0146127,2474,941,1290,188,55
1974,283,629,Shamela0011036,1448,872,1522,221,40
1974,1080,1203,Shamela0011036,1451,602,725,102,100
1974,270,411,Shamela0000551,2868,1331,1481,109,91
1974,644,1139,Shamela0000551,2870,732,1331,213,33
1974,510,814,Shamela0000551,2870,303,522,158,61
1974,270,539,JK007025,1,876,1182,150,55
1974,283,814,Shamela0009242,3776,456,824,246,56
1974,273,1080,Sham19Y0017616,327,583,1385,280,30
1974,283,845,Zaydiyya0000361,935,105,542,218,43
1974,283,411,Shamela0000782,654,116,241,97,91
1974,270,558,Shamela0026366,11,698,915,136,58
1974,283,426,Shamela0026366,16,951,1085,100,88
1974,283,814,Shamela0007264,262,1116,1469,243,55
1974,270,411,Shia002119Vols,3534,1188,1339,109,90
1974,426,554,JK007065,726,741,869,102,100
1974,505,814,Sham19Y0018176,939,95,317,159,61
1974,251,814,Sham19Y0018176,2063,91,584,276,51
1974,266,558,Shamela0026370,11,826,1053,142,61
1974,885,1518,Sham19Y0122257,2507,417,752,264,50
1974,283,407,Sham19Y0014601,5096,1072,1189,94,94
1974,1361,1518,Sham19Y0017063,1035,841,1036,114,73
1974,510,845,Sham19Y0148271,793,651,884,161,59
1974,251,407,Shamela0010803,313,1153,1308,119,91
1974,505,814,Sham19Y0013605,2264,1037,1259,159,61
1974,251,407,Sham19Y0013605,4052,1346,1488,110,89
1974,505,814,Sham19Y0013605,4053,109,328,157,60
1975,1,579,Shamela0008176,5416,138,605,205,36
1975,357,592,Sham19Y0131521,3000,1102,1439,154,56
1975,968,1268,Shamela0005756,7745,811,1099,221,89
1975,973,1248,Shamela0011036,1450,660,985,206,74
1975,59,222,Shamela0011036,1452,186,635,132,36
1975,1,579,Sham19Y0122257,2507,752,1188,201,34
1975,413,683,Sham19Y0017063,1035,1117,1322,152,70
1976,1244,1558,JK007064,700,422,628,128,49
1976,1336,1548,JK007054,860,673,1102,121,31
1976,1244,1548,Shamela0006610,1055,1104,1322,126,51
1976,1244,1548,JK006897,432,592,1009,135,37
1976,964,1317,Shamela0001727,1155,860,1345,171,35
1976,1244,1548,Shamela0001727,1156,104,1187,211,24
1976,1244,1507,Sham19Y0017437,1741,926,1310,117,32
1976,1082,1578,Shamela0012014,196,249,804,232,44
1976,1070,1490,Shamela0008381,5327,142,328,89,25
1976,1244,1507,Sham19Y0014309,2374,454,790,120,37
1976,415,555,JK000201,2622,1294,1430,112,97
1976,1336,1548,Sham19Y0145212,2612,745,927,128,76
1976,1296,1578,Kraken230110004547,326,1,218,126,49
1976,1263,1578,Shamela0036446,648,107,405,182,66
1976,1244,1578,Shamela0025800,1983,572,1062,186,42
1976,1336,1572,Sham19Y0017791,1402,496,1070,148,32
1976,1263,1548,Kraken220413202218,253,422,594,80,31
1976,242,602,Sham19Y0020638,954,236,371,68,25
1976,1190,1548,Sham19Y0020638,955,105,439,167,52
1976,1244,1548,Shamela0009242,3729,783,1004,127,51
1976,1336,1548,Sham19Y0017616,329,329,689,135,45
1976,1244,1558,Shamela0007264,258,74,297,135,52
1976,1244,1548,Sham19Y0122257,2461,1223,1522,157,60
1976,1336,1548,Sham19Y0014119,451,970,1153,128,76
1976,1244,1552,Sham19Y0017063,1008,677,1083,161,50
1976,1244,1548,Shamela0008360,630,595,904,154,59
1977,1,233,JK007054,860,850,1260,166,49
1977,1034,1551,Shia001432Vols,22448,321,886,266,50
1977,1,233,Shamela0021629,530,251,484,163,83
1977,99,233,Shamela0008176,5305,689,874,99,68
1977,1315,1565,Sham19Y0017747,2292,185,439,186,88
1977,1324,1539,Shamela0002569,303,1103,1301,148,84
1977,1,131,Shamela0025791,583,140,271,95,85
1977,92,233,Shamela0001727,1157,1,423,107,32
1977,1324,1539,Sham19Y0017437,1743,1137,1336,153,87
1977,10,131,Sham19Y0017437,1744,1328,1450,87,83
1977,1034,1279,Shamela0005756,12996,1013,1241,157,75
1977,1,233,Shamela0012014,55,820,1055,184,97
1977,1,233,Shamela0012014,196,804,1081,162,71
1977,1,131,Sham19Y0127677,304,503,624,95,91
1977,1034,1279,Shamela0001673,8205,1117,1319,107,47
1977,1324,1539,Shamela0001673,8206,812,1012,153,87
1977,1,135,Shamela0012738,140,190,315,98,91
1977,1324,1539,Sham19Y0014309,2375,108,312,150,85
1977,1246,1565,Shia001831Vols,421,281,563,178,66
1977,1015,1551,Shamela0000140,401,506,1009,263,52
1977,864,1009,Shamela0000140,402,995,1175,116,80
1977,1315,1565,Shamela0000140,1148,487,687,139,66
1977,1315,1565,JK000201,2529,348,596,190,90
1977,564,723,JK000201,2530,384,544,127,99
1977,1,135,Shamela0023685,584,550,675,97,91
1977,1,131,Sham19Y0122406,3152,1253,1383,103,98
1977,1,233,Sham19Y0122406,3153,536,1007,116,26
1977,10,233,Shia002265Vols,4987,142,372,159,84
1977,1,259,Shia002264,366,235,488,182,82
1977,1,144,ShamAY0036011,10,173,312,104,90
1977,1,135,Sham19Y0038171,1375,905,1030,96,90
1977,351,729,ShamAY0033531,2734,1132,1481,172,47
1977,1315,1565,ShamAY0033531,2735,94,334,176,88
1977,61,502,ShamAY0033531,2736,359,544,104,29
1977,351,729,ShamAY0033531,3917,800,1149,172,47
1977,1315,1551,ShamAY0033531,3917,1305,1531,164,87
1977,1068,1331,Sham19Y0013631,1965,669,858,116,55
1977,1305,1565,Sham19Y0013631,2527,148,349,127,61
1977,1,131,Shamela0036446,648,405,535,103,98
1977,1,233,Shamela0025800,1983,1062,1301,166,84
1977,10,135,ShamAY0034005,820,883,1288,78,24
1977,1034,1279,Sham19Y0018272,140,1091,1293,107,48
1977,1300,1551,Sham19Y0018272,141,30,318,166,70
1977,568,723,Sham19Y0018272,142,163,346,112,76
1977,1,233,Sham19Y0020638,955,541,884,184,67
1977,1,233,Sham19Y0013223,817,1207,1498,162,67
1977,1,131,Shamela0021550,181,161,282,94,90
1977,104,403,Sham19Y0013252,8216,800,1095,75,23
1977,351,723,Shamela0009242,3727,593,979,237,71
1977,1315,1565,Shamela0009242,3727,1112,1347,175,86
1977,1,131,Sham19Y0122255,136,619,740,93,90
1977,1,233,JK007065,646,178,579,179,56
1977,1034,1565,Shamela0000791,570,398,924,381,84
1977,1,131,Shamela0023177,415,680,801,95,91
1978,603,831,Shamela0008540,374,414,599,145,77
1978,310,819,Shamela0025791,583,149,425,147,33
1978,310,686,Sham19Y0017437,1744,1328,1494,82,25
1978,19,553,Shamela0000140,401,993,1376,161,33
1978,611,826,Shamela0000140,402,125,343,164,87
1978,511,819,Shamela0000140,1310,46,419,189,59
1978,603,826,Shamela0009702,1096,1001,1229,162,82
1978,1117,1513,Sham19Y0122406,3154,487,957,138,30
1978,483,1102,ShamAY0033531,2734,1204,1544,99,17
1978,483,1102,ShamAY0033531,3917,872,1212,99,17
1978,1117,1388,ShamAY0035990,108,102,538,95,23
1979,22,415,Shamela0001733,3252,208,649,168,36
1979,28,534,JK007054,869,776,1440,343,61
1979,28,572,Shamela0025794,2182,159,725,277,48
1979,22,201,Shamela0001727,1158,418,590,132,93
1979,254,572,Shamela0001727,1159,1,311,239,92
1979,22,295,Shamela0023700,2565,486,798,142,46
1979,22,295,Sham19Y0122401,1189,1285,1518,154,71
1979,206,604,Sham19Y0013572,856,58,396,232,67
1979,22,415,Shamela0009795,275,550,943,126,26
1979,22,471,Shamela0010639,237,22,448,144,27
1979,22,373,Shamela0012014,194,684,1060,182,59
1979,22,188,Sham19Y0127677,20147,563,715,116,89
1979,196,572,Shamela0004473,15301,875,1248,281,91
1979,61,572,Kraken230106005528,753,94,818,259,38
1979,196,572,Sham19Y0014309,2422,24,418,274,82
1979,1028,1471,Sham19Y0014309,3345,947,1382,348,95
1979,22,484,Sham19Y0017903,866,1014,1472,340,91
1979,22,201,Sham19Y0122406,3154,1295,1467,132,93
1979,61,478,Sham19Y0122406,3155,71,299,133,40
1979,206,503,Sham19Y0122406,3156,1175,1469,219,90
1979,22,206,Sham19Y0001734,2004,236,402,125,88
1979,22,471,Sham19Y0132524,2069,845,1411,224,39
1979,265,572,Sham19Y0132524,2070,183,494,215,86
1979,22,214,Shamela0001875,1185,624,808,134,89
1979,22,201,Sham19Y0037618,3380,671,843,132,93
1979,61,572,Kraken230110004547,331,407,794,272,66
1979,22,572,Shamela0036446,483,902,1384,316,66
1979,22,572,Shamela0025800,2020,301,894,404,83
1979,22,576,Sham19Y0017729,435,445,992,408,91
1979,196,513,Shia003732Vols,3754,1256,1482,164,62
1979,410,572,Shia003732Vols,3755,1,136,107,83
1979,22,583,Sham19Y0020638,956,290,1008,395,66
1979,22,201,Sham19Y0123665,2555,1278,1450,132,93
1979,583,985,Shamela0009242,3730,748,1164,311,95
1979,196,572,Sham19Y0017616,330,664,1036,280,91
1979,439,994,Sham19Y0023625,1862,689,1192,315,69
1979,22,295,JK007065,289,183,429,149,70
1979,206,572,JK007065,856,732,1103,279,92
1979,102,583,Sham19Y0148271,162,145,629,230,49
1980,975,1224,Shamela0001733,3773,1,354,143,45
1980,909,1122,Shamela0023606,384,1335,1545,154,85
1980,909,1184,Shamela0008176,5381,954,1249,169,66
1980,909,1184,Shamela0005803,255,833,1136,179,70
1980,909,1184,Shia002616Vols,6796,291,598,178,67
1980,909,1184,Shamela0001719,4742,1197,1499,177,68
1980,958,1092,Shamela0002569,737,201,331,95,81
1980,1274,1539,Shamela0002569,738,891,1108,160,74
1980,909,1130,JK010001,4025,362,564,145,76
1980,909,1184,Tafsir07055,4191,935,1248,177,66
1980,295,1184,Shamela0001727,1159,133,808,274,30
1980,923,1184,Shia002702Vols,11813,54,383,172,63
1980,865,1184,Sham19Y0013572,1373,724,1076,186,61
1980,909,1184,Shamela0010639,244,136,460,191,72
1980,909,1184,Sham19Y0023644,1528,535,831,166,62
1980,909,1130,Shamela0012014,138,1189,1419,173,93
1980,536,975,Sham19Y0127677,12932,1175,1423,130,33
1980,995,1184,Sham19Y0127677,12933,6,244,124,65
1980,909,1184,Shamela0012884,5418,851,1139,169,67
1980,899,1184,Sham19Y0013231,8945,509,748,151,60
1980,909,1184,Sham19Y0017903,867,107,416,181,68
1980,678,1071,Sham19Y0013253,916,1165,1446,158,46
1980,909,1130,Sham19Y0096918,318,321,536,161,87
1980,909,1274,JK000201,3103,243,626,221,61
1980,909,1184,Shamela0023628,3729,484,813,184,68
1980,909,1184,Shamela0023685,570,381,655,164,65
1980,536,1033,Sham19Y0122406,3157,509,817,175,39
1980,937,1184,Sham19Y0037618,4478,1,282,156,66
1980,909,1130,Kraken230110004547,196,351,585,148,69
1980,923,1184,Shamela0036446,1356,1020,1369,170,55
1980,536,840,ShamAY0035990,735,1245,1496,108,33
1980,909,1184,Shamela0025800,1096,1064,1373,181,68
1980,909,1184,Sham19Y0017729,435,1006,1315,181,68
1980,913,1184,Shia003732Vols,2931,398,756,180,61
1980,923,1184,ShamAY0034005,1182,441,732,172,70
1980,904,1184,ShamAY0034054,4466,529,804,161,66
1980,861,1184,Sham19Y0020638,956,997,1333,187,62
1980,909,1265,Sham19Y0013223,2682,382,742,241,78
1980,966,1206,JK000216,256,1,261,139,62
1980,909,1184,Sham19Y0016976,1354,857,1152,171,64
1980,904,1184,Shamela0023623,4619,429,699,165,67
1980,909,1098,Sham19Y0017616,329,1223,1423,150,94
1980,958,1092,Sham19Y0122255,424,1177,1313,104,91
1980,909,1130,ShamAY0038389,252,407,607,146,79
1980,923,1092,Shamela0037458,4948,1398,1538,107,75
1980,909,1184,JK007065,1095,747,1056,181,68
1980,923,1184,Tafsir06049,6794,656,914,141,59
1980,909,1184,Sham19Y0122257,2492,921,1217,171,64
1980,909,1184,Sham19Y0014119,459,75,372,171,64
1980,909,1109,Sham19Y0017063,1026,1343,1525,137,81
1980,909,1184,Sham19Y0148271,1440,716,1025,181,68
1980,909,1184,Shamela0008360,639,1110,1406,169,63
1981,21,609,Shamela0002569,738,1122,1416,194,42
1981,11,317,Sham19Y0127656,674,113,568,149,40
1981,159,430,JK000110,1457,631,1169,138,33
1981,11,342,Shamela0012031,71,358,757,153,42
1981,159,317,JK009324,3330,513,742,111,60
1981,159,430,Shamela0037837,721,1070,1355,161,63
1981,488,854,Sham19Y0013631,334,1252,1453,154,52
1981,159,317,Sham19Y0018103,3318,796,1341,123,28
1981,159,332,Shamela0096283,385,935,1143,129,79
1981,159,317,Sham19Y0013252,8179,362,806,123,35
1982,1272,1600,Shamela0008176,5383,1081,1438,157,43
1982,588,1511,JK000201,3103,333,1167,416,43
1982,963,1600,Sham19Y0122257,2493,355,953,249,38
1982,112,402,Sham19Y0122257,2493,127,349,150,59
1982,958,1347,Sham19Y0017063,1027,1261,1537,129,36
1983,259,1579,Shamela0008176,5384,1,1159,380,25
1983,989,1579,JK000201,3104,485,839,276,57
1983,619,1014,Sham19Y0023625,1924,1121,1442,215,63
1983,156,440,Sham19Y0122257,2493,948,1315,158,43
1983,302,1579,Sham19Y0122257,2494,158,673,303,28
1984,345,736,JK000021,1394,297,662,179,50
1984,345,736,JK007054,870,957,1327,191,55
1984,345,736,Shamela0023606,385,165,530,180,51
1984,605,736,Shamela0008176,5382,31,147,93,88
1984,445,1077,Shamela0008176,5385,272,1396,422,44
1984,345,667,Shamela0005803,255,1196,1507,136,46
1984,345,736,Shia002616Vols,6796,657,1026,177,49
1984,323,736,Shamela0001719,4743,26,415,182,49
1984,345,736,Sham19Y0013614,627,257,622,180,51
1984,345,1193,Shamela0001727,1159,871,1435,266,35
1984,350,736,Shia002702Vols,11813,358,703,173,51
1984,345,717,Sham19Y0013572,1373,1139,1493,175,53
1984,345,736,Sham19Y0023644,1528,895,1267,182,52
1984,345,736,Shamela0012014,139,123,492,191,55
1984,345,736,Sham19Y0127677,12933,307,673,180,51
1984,355,728,Shamela0012884,5418,1207,1538,164,50
1984,457,1070,Sham19Y0013231,8945,719,1256,272,43
1984,345,736,Sham19Y0017903,867,480,845,179,50
1984,345,736,Sham19Y0013253,917,211,576,180,51
1984,856,1148,Shia001831Vols,421,1222,1454,176,71
1984,239,736,JK000201,3104,825,1406,174,25
1984,736,1038,JK000201,3105,97,395,240,95
1984,323,736,Shamela0023628,3729,852,1233,182,49
1984,345,736,Shamela0023685,570,715,1061,173,50
1984,440,1193,Sham19Y0122406,3159,1092,1513,232,36
1984,749,1577,Sham19Y0122406,3161,55,1029,298,30
1984,440,736,Sham19Y0145212,2651,599,823,143,59
1984,336,736,Tafsir09083,1815,238,685,177,42
1984,605,736,Sham19Y0132524,2072,835,951,93,88
1984,345,736,Sham19Y0037618,4478,345,710,180,51
1984,440,736,Kraken230110004547,196,844,1039,113,45
1984,471,736,Shamela0036446,1357,1,181,110,51
1984,440,736,Shamela0025800,1097,78,302,143,59
1984,345,736,Sham19Y0017791,1426,465,830,180,51
1984,440,1030,Sham19Y0017791,1427,328,736,206,39
1984,440,736,Sham19Y0017729,436,63,250,118,49
1984,345,736,JK000055,274,87,336,137,43
1984,345,736,ShamAY0034005,1182,798,1174,173,49
1984,440,736,Sham19Y0020638,957,88,312,143,59
1984,345,736,Sham19Y0013223,1183,280,649,191,55
1984,355,736,Shia001976Vols,1194,771,1043,115,32
1984,605,736,Shamela0000551,2907,372,478,85,80
1984,610,736,Sham19Y0016976,1355,1,112,89,88
1984,345,736,Sham19Y0017616,330,188,565,191,54
1984,687,1038,Sham19Y0122255,429,1015,1449,234,60
1984,440,736,ShamAY0038389,252,876,1072,114,47
1984,345,736,Shamela0037458,4949,179,533,179,51
1984,440,1049,Sham19Y0023625,1925,8,407,235,46
1984,345,736,JK007065,1095,1119,1477,179,51
1984,345,672,Sham19Y0122257,2493,1228,1544,140,46
1984,239,1038,Sham19Y0122257,2494,659,1298,330,40
1984,345,736,Sham19Y0014119,459,435,806,180,50
1984,345,736,Sham19Y0017063,1027,177,548,180,50
1984,345,736,Sham19Y0148271,1440,1088,1453,179,50
1984,345,736,Shamela0010803,164,306,678,179,49
1984,440,736,Shamela0008360,640,113,337,143,59
1985,582,945,Shamela0008176,7431,402,830,244,64
1985,582,926,Sham19Y0122257,3342,428,780,223,69
1986,481,1029,Shamela0003485,330,1173,1360,117,27
1986,120,515,Shamela0008176,7429,1085,1501,214,50
1986,60,1029,Shamela0001727,1160,729,1080,199,25
1986,60,1007,Sham19Y0013572,1475,1197,1505,171,23
1986,737,1029,Kraken230106005528,1132,362,509,83,37
1986,623,1029,Zaydiyya0000457,57,307,510,114,36
1986,126,354,Shia001831Vols,422,218,446,157,80
1986,505,765,Shamela0000140,1008,1232,1558,159,52
1986,966,1230,Shamela0000140,1009,520,1069,190,41
1986,328,476,Shamela0000140,1012,841,1088,100,48
1986,481,1029,Sham19Y0122406,3162,32,227,128,29
1986,623,1029,Sham19Y0132524,2074,42,237,117,37
1986,60,1029,Sham19Y0018144,2218,534,852,177,23
1986,544,1029,Shamela0036446,1171,15,308,123,33
1986,60,1007,Shia003732Vols,1834,442,1035,116,12
1986,60,1029,Shamela0000170,1065,957,1305,194,25
1986,60,1029,Sham19Y0020638,958,27,379,197,25
1986,481,1029,Masaha001864Vols,1272,1290,1476,117,27
1986,486,1029,Sham19Y0017616,377,1,191,124,29
1986,481,1029,JK007065,626,388,576,120,28
1986,120,407,Sham19Y0122257,3341,703,984,205,85
1987,856,1532,Shamela0004445,2766,255,918,475,83
1987,856,1471,Shamela0007891,2298,833,1444,459,91
1987,856,1532,Shamela0001733,5080,209,836,434,76
1987,856,1532,ShamIbadiyya0000438,367,912,1437,344,59
1987,856,1224,Sham19Y0016584,2610,1124,1477,264,88
1987,1224,1532,Sham19Y0016584,2611,1,311,214,78
1987,856,1532,Sham19Y0016584,3692,294,1173,475,64
1987,856,1471,Sham19Y0016584,4362,923,1503,417,80
1987,856,1532,Sham19Y0148486,4584,326,1041,488,81
1987,856,1532,Sham19Y0014313,1088,811,1474,476,83
1987,1093,1532,ShamAY0035035,5610,1,439,314,83
1987,1048,1532,Shamela0008176,7476,5,489,349,84
1987,856,1532,JK009242,181,123,813,488,84
1987,856,1532,Shamela0010637,255,29,716,477,81
1987,856,1535,Shamela0001719,186,371,1011,457,80
1987,1034,1532,Shamela0028107,680,7,515,364,84
1987,856,1532,Sham19Y0127656,425,575,1236,473,82
1987,856,1290,Sham19Y0013614,818,1047,1464,309,86
1987,1290,1532,Sham19Y0013614,819,1,249,163,75
1987,856,1532,JK000110,906,576,1239,476,83
1987,856,1438,JK000110,1449,859,1430,417,85
1987,856,1532,JK000110,1745,256,928,470,80
1987,856,1367,Rafed0003489,62,977,1466,372,89
1987,856,1532,Shamela0009200,399,115,770,443,76
1987,856,1532,Shamela0021715,5621,814,1478,476,83
1987,856,1443,Shamela0021715,5623,797,1469,304,49
1987,1093,1532,Shamela0021715,8395,1,432,311,83
1987,1083,1332,Shamela0021715,8396,1,370,167,57
1987,856,1219,Shamela0021715,10012,1172,1494,244,83
1987,1219,1532,Shamela0021715,10013,1,344,223,77
1987,1102,1532,Sham19Y0016684,1363,1,433,309,83
1987,1,169,Sham19Y0016684,1506,347,791,106,29
1987,856,1532,Shia004484,33,181,827,439,74
1987,856,1532,Shamela0001727,1161,82,774,512,90
1987,1048,1532,Shamela0006446,291,5,481,332,79
1987,856,1532,Masaha003104,51,768,1427,484,87
1987,897,1535,JK006838,1349,598,1083,363,70
1987,856,1275,Sham19Y0122401,1417,914,1340,311,87
1987,856,1048,ShamIbadiyya0000155,62,1316,1465,107,68
1987,1048,1532,ShamIbadiyya0000155,63,1,404,243,56
1987,856,1532,Sham19Y0020868,559,192,845,469,81
1987,856,1532,Shamela0026568,595,269,926,471,82
1987,856,1504,Sham19Y0013572,691,813,1477,492,90
1987,1064,1532,Shamela0005756,10047,1,471,339,85
1987,856,1183,Shamela0005756,12900,1169,1477,224,83
1987,1183,1532,Shamela0005756,12901,1,355,250,81
1987,917,1532,Shamela0005756,14422,1,626,438,82
1987,974,1532,Shamela0012014,147,7,553,418,92
1987,985,1414,Shamela0001673,5516,937,1353,148,33
1987,1029,1532,ShamAY0033973,272,1,493,333,76
1987,917,1532,Shamela0022657,11,469,1062,423,81
1987,1138,1532,Shamela0035100,604,1,367,271,83
1987,832,1532,Shamela0023644,974,846,1442,418,70
1987,1112,1395,ShamIbadiyya0000433,504,1005,1462,178,45
1987,856,1188,Shamela0009804,314,1119,1444,228,80
1987,1188,1532,Shamela0009804,315,1,378,249,79
1987,92,450,Shamela0000140,1010,341,788,195,50
1987,1279,1496,Shamela0000140,1016,891,1304,168,51
1987,856,1422,ShamAY0033522,688,182,765,425,89
1987,917,1532,Shamela0010906,601,62,608,403,79
1987,856,1532,Shamela0023685,685,219,877,472,82
1987,856,1303,Sham19Y0122406,3164,160,605,334,90
1987,1303,1532,Sham19Y0122406,3166,786,1033,178,91
1987,856,1532,JK009324,3319,310,946,438,76
1987,917,1532,Shamela0006590,517,152,607,267,50
1987,952,1481,Sham19Y0145212,3644,486,1071,245,47
1987,1000,1532,Sham19Y0145212,3645,115,609,241,50
1987,1055,1532,Shamela0012399,3696,1,516,363,86
1987,911,1275,Shamela0012399,3699,402,1427,185,21
1987,1236,1504,Shamela0012399,3700,52,574,206,50
1987,856,1532,Shamela0037837,718,608,1342,470,74
1987,1064,1532,Rafed0003376Vols,1063,526,1088,229,48
1987,856,1385,Sham19Y0127713,1581,945,1485,375,82
1987,974,1532,Sham19Y0001734,2420,7,587,435,93
1987,1069,1511,Sham19Y0132524,2075,991,1455,347,94
1987,866,1532,Sham19Y0038171,1429,6,702,460,75
1987,856,1191,Rafed0003571Vols,1231,1293,1613,241,83
1987,1191,1532,Rafed0003571Vols,1232,1,361,248,78
1987,897,1535,Kraken230110004547,634,590,1114,382,71
1987,856,1532,Sham19Y0018106,2478,347,1010,476,83
1987,856,1532,Sham19Y0018106,3407,25,682,470,82
1987,856,1286,Sham19Y0018106,3924,1044,1438,295,82
1987,1286,1532,Sham19Y0018106,3925,1,278,177,78
1987,856,1532,Sham19Y0018144,2219,48,728,453,77
1987,856,1532,Shamela0036446,1171,644,1176,390,71
1987,856,1532,Sham19Y0018103,2357,287,950,476,83
1987,856,1532,Sham19Y0018103,3304,516,1173,470,82
1987,856,1527,Sham19Y0018103,3878,786,1445,461,79
1987,856,1532,Shamela0005772,178,215,835,439,76
1987,856,1532,Shamela0025800,3268,145,824,505,90
1987,856,1532,Sham19Y0017791,2045,556,1221,472,82
1987,856,1511,Sham19Y0017791,2046,517,1220,457,76
1987,866,1414,Shia003732Vols,4198,121,1063,291,32
1987,856,1119,Sham19Y0014462,14,1151,1413,185,82
1987,1119,1532,Sham19Y0014462,15,1,448,314,85
1987,796,1532,Shamela0009768,70,404,1091,382,55
1987,917,1322,Shamela0000170,1066,1059,1482,311,90
1987,1322,1532,Shamela0000170,1067,1,191,135,74
1987,856,1532,ShamAY0034005,995,33,734,482,82
1987,856,1188,Sham19Y0006684,4155,1135,1463,242,87
1987,1188,1532,Sham19Y0006684,4156,1,379,259,82
1987,856,1532,Sham19Y0020638,959,442,1131,511,91
1987,856,1532,Masaha001864Vols,1278,39,747,508,87
1987,856,1532,JK000475,1349,307,937,449,79
1987,917,1491,Shamela0023695,788,929,1453,357,73
1987,856,1532,Sham19Y0013252,6109,373,1036,476,83
1987,856,1252,Sham19Y0013252,8144,1098,1485,279,83
1987,1252,1532,Sham19Y0013252,8145,1,271,191,79
1987,856,1532,Sham19Y0013252,9748,319,983,465,80
1987,86,462,Masaha001946Vols,1029,459,813,204,63
1987,856,1532,Shamela0021479,76,409,1093,474,82
1987,917,1535,Sham19Y0146127,2463,279,801,347,65
1987,856,1532,Shamela0000551,2871,739,1446,499,84
1987,911,1532,Sham19Y0016976,1860,4,623,446,84
1987,962,1532,Sham19Y0013241,1313,1,563,418,88
1987,856,1532,Shamela0000782,1240,262,978,491,82
1987,856,1532,Shamela0013035,400,667,1323,450,77
1987,897,1535,JK000620,4,568,1086,365,68
1987,663,1286,Sham19Y0023625,1838,828,1518,396,62
1987,1286,1532,Sham19Y0023625,1839,1,223,167,87
1987,856,1385,Shamela0029778,23,968,1442,344,78
1987,856,1532,Shia002119Vols,3538,173,876,499,85
1987,856,1079,JK007065,750,1295,1505,159,87
1987,1079,1532,JK007065,751,1,445,340,91
1987,856,1532,Sham19Y0018176,1317,255,918,476,83
1987,1019,1532,Sham19Y0018176,1999,1,508,366,84
1987,856,1504,Sham19Y0018176,2354,806,1449,448,80
1987,856,1252,Sham19Y0122257,3362,262,637,284,87
1987,1286,1532,Sham19Y0122257,3363,1,253,166,75
1987,897,1535,Sham19Y0014328,530,543,1039,339,65
1987,856,1532,Sham19Y0014119,648,356,1023,473,82
1987,917,1532,Sham19Y0017063,1558,1,616,443,84
1987,856,1522,Sham19Y0148271,199,881,1495,439,78
1987,856,1245,Shamela0010803,60,1091,1471,284,89
1987,1245,1532,Shamela0010803,61,1,297,218,92
1987,856,1367,JK000698,144,968,1457,361,85
1987,1367,1532,JK000698,145,11,196,125,86
1987,856,1532,Shamela0008360,907,559,1177,451,80
1987,856,1242,Sham19Y0013605,2914,1119,1490,279,88
1987,1242,1532,Sham19Y0013605,2915,1,373,198,61
1987,856,1138,Sham19Y0013605,3937,974,1245,197,83
1987,1138,1532,Sham19Y0013605,3938,245,631,274,81
1987,856,1532,Sham19Y0013605,4620,416,1087,470,80
1988,1358,1538,Shamela0004445,2768,58,249,139,91
1988,1,143,Sham19Y0148486,4584,1063,1207,109,91
1988,5,266,ShamAY0035035,5610,468,747,128,55
1988,1196,1324,Shamela0008176,7479,535,655,93,90
1988,1,266,Sham19Y0013614,819,275,540,126,58
1988,1196,1324,Shamela0009918,924,1135,1288,103,83
1988,1366,1538,Rafed0003489,64,633,812,138,96
1988,1358,1538,Shamela0025794,2364,496,683,139,93
1988,18,167,Zaydiyya0000004,554,1194,1395,110,65
1988,1358,1538,Shamela0001727,1161,1106,1290,139,95
1988,1,266,Masaha003104,52,8,321,126,38
1988,1358,1538,JK006838,1350,586,739,109,71
1988,1358,1538,JK000786,3245,387,561,128,88
1988,1370,1579,Sham19Y0013572,692,635,976,150,54
1988,1196,1324,ShamIbadiyya0000433,505,983,1103,93,90
1988,497,937,Shamela0000140,1021,46,211,129,35
1988,1358,1579,Shamela0004289,1424,409,766,163,57
1988,1,266,Shamela0023685,685,903,1132,133,62
1988,36,143,Sham19Y0122406,3167,1014,1121,86,100
1988,1358,1538,Sham19Y0122406,3167,1236,1420,139,95
1988,1,266,Sham19Y0145212,3645,635,962,148,51
1988,18,167,Shia000812Vols,625,402,587,108,70
1988,18,167,Zaydiyya0000203,65,226,427,110,65
1988,1,266,Sham19Y0038171,1429,728,1003,132,58
1988,1,143,Shamela0025800,3268,846,1043,112,71
1988,1366,1579,Shamela0025800,3269,1,327,147,53
1988,1,148,Sham19Y0017791,2045,1247,1395,107,88
1988,1413,1579,Sham19Y0020638,960,1,303,125,51
1988,1358,1579,Masaha001864Vols,1279,236,589,163,58
1988,143,395,Masaha001864Vols,4392,1288,1551,193,88
1988,395,1068,Masaha001864Vols,4393,1,686,540,96
1988,1358,1538,Shia001976Vols,824,675,866,139,91
1988,1358,1538,Shia001976Vols,858,639,830,139,91
1988,1,148,Sham19Y0146127,2463,801,941,104,85
1988,1,266,Sham19Y0016976,1860,649,914,126,58
1988,18,167,Zaydiyya0000064,619,748,933,108,70
1988,5,148,JK000620,4,1078,1220,104,87
1988,1358,1538,JK000620,6,814,988,124,80
1988,1347,1579,Sham19Y0023625,1839,430,657,182,97
1988,1358,1538,JK007065,751,1131,1314,142,96
1988,1196,1361,Sham19Y0122257,3363,1261,1444,105,67
1988,1,266,Sham19Y0014119,648,1049,1314,126,58
1988,1,157,Sham19Y0017063,1558,642,799,109,85
1988,1136,1324,Sham19Y0017063,1558,1055,1236,136,88
1988,1,143,JK000698,145,218,353,107,95
1989,1130,1431,Shamela0007891,1924,586,1139,201,46
1989,564,875,Shamela0001733,5081,981,1412,104,29
1989,193,385,Shamela0001733,5083,312,486,120,80
1989,1130,1302,JK007054,877,606,769,129,93
1989,1095,1296,Shia004672,246,409,676,159,75
1989,1091,1508,Shia001432Vols,22343,701,1136,308,86
1989,1130,1296,Shamela0010447,7,163,333,126,93
1989,1130,1320,Sham19Y0016584,3719,621,800,132,88
1989,1104,1320,Sham19Y0148486,4585,472,801,157,60
1989,1130,1296,Shamela0011417,36,101,267,119,87
1989,1100,1320,Shamela0008176,5315,1028,1297,137,61
1989,1095,1360,Sham19Y0017747,1598,136,781,159,29
1989,1130,1316,JK009242,347,814,986,122,81
1989,1100,1339,JK000110,1462,1031,1337,159,63
1989,134,385,ShamAY0034585,712,922,1147,137,67
1989,134,615,Rafed0003489,68,337,932,137,20
1989,1130,1296,Shamela0010444,81,642,807,121,89
1989,1130,1302,Sham19Y0131521,5193,1138,1302,127,91
1989,1095,1360,Shamela0021590,1036,482,773,163,63
1989,125,615,Shamela0001727,1162,1003,1389,194,43
1989,336,1144,Shamela0001727,1163,132,1439,254,21
1989,1130,1431,Shamela0001727,1164,105,813,209,36
1989,1130,1302,ShamAY0032762,9,960,1130,130,94
1989,1130,1293,JK000916,1245,742,901,124,95
1989,1130,1296,Shamela0012750,398,101,270,125,91
1989,1130,1293,Shamela0003118,520,475,636,125,95
1989,134,884,Sham19Y0013572,693,11,675,255,36
1989,1130,1350,Sham19Y0013572,698,966,1171,148,85
1989,1130,1302,Sham19Y0127700,313,1325,1487,128,93
1989,1130,1339,Shamela0005756,12971,1247,1432,132,80
1989,1274,1431,Shamela0001673,8135,263,597,104,40
1989,1104,1302,Shamela0009790,452,527,818,141,58
1989,1130,1302,Shamela0117359,891,841,1004,126,91
1989,1100,1431,JK000785,2535,906,1155,131,51
1989,1091,1296,Shamela0021713,1279,203,405,147,90
1989,1130,1296,ShamAY0032837,8,271,438,125,92
1989,193,615,Sham19Y0122406,3169,10,361,174,44
1989,976,1293,Sham19Y0122406,3171,941,1452,233,56
1989,1130,1302,Sham19Y0016946,301,1247,1400,116,84
1989,1113,1316,Kraken230110004547,329,1021,1367,120,41
1989,1130,1339,Sham19Y0018106,3428,30,215,137,82
1989,1100,1302,Sham19Y0018144,2225,399,695,149,63
1989,1113,1431,Shamela0036446,651,857,1181,226,84
1989,193,327,Shamela0009107,80,1081,1194,87,82
1989,1130,1339,Sham19Y0018103,3327,233,418,137,82
1989,1104,1431,Shamela0025800,2015,290,1229,242,32
1989,134,615,Shamela0025800,3269,844,1128,152,35
1989,1100,1274,Shia003732Vols,3037,1191,1489,134,56
1989,1130,1320,ShamAY0034005,810,517,698,131,87
1989,193,507,Sham19Y0006684,4159,53,367,133,38
1989,134,615,Sham19Y0020638,960,818,1073,170,44
1989,1100,1302,JK000216,388,533,852,147,57
1989,1104,1296,JK009154,310,974,1173,115,66
1989,479,696,Masaha001864Vols,4393,672,914,169,87
1989,976,1508,Masaha001864Vols,4843,1235,1526,154,29
1989,976,1508,Masaha001864Vols,5691,682,885,160,36
1989,1091,1508,Shia001115Vols,724,599,1015,296,83
1989,1130,1302,JK000475,1358,1293,1455,126,91
1989,1130,1302,Sham19Y0020591,1373,818,982,127,91
1989,1130,1339,Sham19Y0013252,8204,300,485,137,82
1989,1135,1302,Shamela0021479,76,1,157,119,89
1989,134,615,JK007065,752,687,1055,178,40
1989,1130,1431,JK007065,755,425,1295,194,27
1989,1130,1339,Sham19Y0018176,2014,878,1063,137,82
1989,1130,1296,Shamela0030294,35,418,588,128,94
1989,1100,1302,Sham19Y0014119,452,1207,1433,127,64
1989,1130,1302,Sham19Y0148271,209,44,205,126,91
1989,1130,1339,Sham19Y0013605,3963,915,1100,137,82
1990,873,1254,Shamela0007891,1942,619,935,231,74
1990,876,1242,JK001012,209,762,1053,220,74
1990,876,1242,JK007054,908,1058,1356,226,76
1990,1,415,Shia001432Vols,22343,1136,1555,330,97
1990,415,667,Shia001432Vols,22344,1,204,165,79
1990,860,1322,Sham19Y0013667,5101,130,459,149,40
1990,827,1242,Shamela0000216,125,156,560,272,75
1990,876,1326,Shamela0008176,3265,1239,1601,227,63
1990,166,551,Sham19Y0017747,1598,293,704,269,72
1990,923,1242,ShamAY0038637,119,1,310,243,94
1990,876,1322,Sham19Y0013614,314,409,753,221,62
1990,860,1297,Shamela0021809,282,52,407,144,39
1990,860,1322,Shamela0021809,1501,380,789,282,76
1990,860,1322,Shamela0025794,3254,789,1194,201,49
1990,950,1322,Shamela0025794,3257,1,329,219,73
1990,860,1246,Sham19Y0131521,5134,1005,1342,149,43
1990,731,1242,Shamela0001727,1164,800,1360,380,82
1990,860,1242,Shamela0013132,119,749,1040,154,47
1990,860,1381,Shamela0023700,1255,548,1203,221,31
1990,876,1332,JK001236,92,955,1265,139,36
1990,873,1242,JK001236,210,1109,1484,285,95
1990,860,1242,Sham19Y0039268,465,841,1205,153,47
1990,789,1246,Shamela0010639,241,915,1383,296,73
1990,860,1242,ShamAY0033973,118,705,985,125,37
1990,860,1242,Shamela0117359,882,135,464,153,43
1990,860,1242,Shamela0008970,152,766,982,120,38
1990,873,1179,Sham19Y0017903,868,1212,1450,178,71
1990,1,638,JK000201,2575,515,1085,460,89
1990,994,1111,JK000201,4227,1282,1399,95,100
1990,860,1246,Shamela0023100,66,1081,1340,118,39
1990,747,989,Sham19Y0122406,3173,1174,1463,175,72
1990,982,1242,Sham19Y0122406,3174,1126,1415,171,74
1990,860,1242,JK011633,310,274,525,110,36
1990,972,1318,Sham19Y0145212,1748,663,955,157,57
1990,876,1322,Shamela0010480,1291,289,658,243,67
1990,923,1242,Sham19Y0132524,2079,841,1040,153,58
1990,171,560,ShamAY0033531,2701,222,595,302,93
1990,171,307,ShamAY0033531,3883,1453,1589,111,98
1990,307,560,ShamAY0033531,3884,1,238,191,91
1990,873,1242,Kraken230110004547,325,850,1143,212,69
1990,876,1050,Shamela0036446,648,767,922,115,82
1990,876,1306,Shamela0025800,1982,520,941,327,94
1990,932,1242,Shamela0025800,1983,1,385,140,35
1990,873,1306,Sham19Y0020638,962,192,667,307,78
1990,873,1212,JK000216,115,993,1293,206,72
1990,860,1242,Masaha001864Vols,1727,873,1265,289,89
1990,26,616,Masaha001864Vols,4844,1,514,413,85
1990,1,747,Masaha001864Vols,5691,885,1559,538,87
1990,12,524,Shia001115Vols,724,1022,1526,393,92
1990,860,1242,Shamela0000772,196,795,1085,133,40
1990,876,1242,Sham19Y0016976,806,838,1162,207,70
1990,873,1242,Sham19Y0017616,332,682,1068,290,94
1990,860,1322,Shamela0000782,1223,205,640,282,75
1990,876,1246,Sham19Y0023625,1902,1019,1374,194,58
1990,1179,1579,Sham19Y0023625,1903,668,1038,185,53
1990,1005,1246,Sham19Y0023625,1904,1078,1308,177,89
1990,860,1306,JK007065,1221,845,1305,323,85
1990,923,1579,Sham19Y0122257,1501,1,735,338,52
1990,339,946,Sham19Y0122257,2468,503,1041,236,37
1990,876,1242,Sham19Y0014119,274,124,443,201,68
1990,876,1449,Sham19Y0017063,543,85,645,267,48
1990,860,1579,Sham19Y0148271,908,351,846,240,40
1990,892,1242,Shamela0010803,324,1,313,225,75
1990,876,1242,Shamela0021578,35,323,638,236,78
1991,385,759,JK007054,909,30,186,106,35
1991,759,1106,Shamela0001727,1164,1163,1266,63,23
1991,759,1106,Shamela0010639,241,1203,1312,62,23
1991,221,528,Shia003923Vols,1745,517,751,165,64
1991,624,1315,JK000201,4228,75,1009,516,68
1991,630,753,Sham19Y0013631,1979,927,1044,90,91
1991,759,1106,Shamela0025800,1982,696,799,63,23
1991,102,528,JK000665,7,1252,1496,190,54
1991,759,1106,Masaha001864Vols,1727,1056,1165,62,23
1991,1110,1320,Masaha001864Vols,4868,1094,1281,149,83
1991,759,1410,Sham19Y0017616,332,865,1155,104,18
1991,807,936,Sham19Y0017616,616,117,251,94,88
1991,1,512,Sham19Y0023625,1903,1038,1562,410,95
1991,512,618,Sham19Y0023625,1904,1,107,84,100
1991,759,1106,Sham19Y0023625,1904,1123,1232,62,23
1991,598,1410,Sham19Y0023625,1905,102,1352,375,32
1991,759,1106,JK007065,1221,1024,1127,63,23
1991,1,607,Sham19Y0122257,1501,735,1337,465,92
1991,1,528,Sham19Y0017063,543,674,904,147,32
1991,1410,1540,Shamela0000791,577,280,390,82,79
1992,1265,1508,JK000021,1708,885,1097,131,63
1992,1265,1511,Shia001432Vols,38102,1058,1291,167,81
1992,1265,1508,Sham19Y0148486,4597,1170,1384,130,62
1992,1265,1508,Shamela0008203,130,363,576,129,61
1992,423,1128,Shamela0008176,5323,201,752,258,38
1992,10,177,Shamela0002569,387,195,364,131,93
1992,1109,1533,Shamela0025794,981,159,577,209,53
1992,1265,1533,Shamela0025794,1053,237,488,182,83
1992,1104,1533,Shamela0001727,1165,563,1055,284,69
1992,188,409,Shamela0001727,1165,238,684,142,39
1992,1,188,Sham19Y0122236,328,1330,1513,149,97
1992,1270,1499,Shamela0012014,195,12,221,124,60
1992,1094,1519,ShamAY0032938,10,522,956,172,43
1992,1265,1533,Shamela0022868,243,870,1121,192,87
1992,1273,1474,Sham19Y0147104,1058,888,1026,106,66
1992,244,409,Sham19Y0017903,869,76,228,94,61
1992,1290,1503,Sham19Y0013253,747,522,710,149,86
1992,19,177,JK000201,2570,679,837,128,100
1992,227,843,Sham19Y0122406,3176,41,818,290,45
1992,1265,1533,Sham19Y0122406,3177,36,291,187,84
1992,1180,1474,Sham19Y0132524,2080,279,520,155,63
1992,1265,1499,Shamela0030305,48,656,849,122,59
1992,19,177,ShamAY0033531,2729,434,592,128,100
1992,19,177,ShamAY0033531,3912,94,252,128,100
1992,244,409,Sham19Y0017729,436,1311,1458,90,59
1992,188,526,Sham19Y0017729,639,387,544,95,33
1992,1142,1519,ShamAY0032929,11,955,1306,161,47
1992,227,420,Sham19Y0020638,962,927,1170,128,64
1992,1021,1508,Sham19Y0020638,962,953,1401,202,44
1992,615,849,Masaha001864Vols,2959,1012,1345,171,61
1992,1,147,Masaha001864Vols,4842,1428,1573,114,97
1992,188,1191,Masaha001864Vols,4856,721,1274,362,41
1992,1,192,Masaha001864Vols,5690,1075,1256,138,86
1992,1021,1499,JK000475,1368,987,1432,147,28
1992,1265,1508,Sham19Y0146127,2470,834,1042,130,61
1992,1245,1533,Sham19Y0017616,333,79,363,202,86
1992,469,695,Sham19Y0017616,616,267,458,96,49
1992,10,388,Sham19Y0122257,2469,756,1144,198,53
1992,409,1010,Sham19Y0122257,2470,443,783,245,50
1992,849,1229,Sham19Y0014119,1311,756,1086,160,51
1992,244,452,Sham19Y0017063,1013,1192,1394,63,24
1992,1104,1515,Sham19Y0014032,180,509,887,175,39
1992,19,278,Shamela0000791,577,390,605,143,68
1993,281,706,JK007054,857,1197,1516,225,62
1993,754,1034,JK007054,858,4,263,185,77
1993,191,1310,Shia001432Vols,22261,1,1041,831,91
1993,276,632,JK010656,25,1096,1532,247,67
1993,638,1077,JK010656,26,10,404,310,88
1993,750,946,Shamela0008176,5325,1,160,105,66
1993,73,416,Shamela0021715,3980,537,793,158,54
1993,276,1060,Shamela0025791,556,140,785,407,58
1993,933,1147,Shamela0005756,12988,1119,1351,116,58
1993,226,1147,Shamela0001673,8196,263,940,362,45
1993,356,638,JK007114,1310,761,1017,201,88
1993,862,1147,Sham19Y0122096,3810,199,383,110,49
1993,356,638,Shamela0011468BK2,1348,446,702,201,88
1993,89,581,JK000201,2538,884,1571,383,69
1993,581,1147,JK000201,2539,1,543,431,95
1993,862,1147,Shamela0021660,4830,562,753,111,49
1993,89,1410,ShamAY0033531,2728,161,1379,490,37
1993,400,1410,ShamAY0033531,3911,1,1029,368,35
1993,356,638,Sham19Y0013577,7881,61,317,199,87
1993,217,1124,Sham19Y0023625,1866,437,1165,392,47
1993,372,857,Sham19Y0122257,2470,1260,1544,191,48
1993,89,1034,Sham19Y0017063,1014,1,612,342,42
1993,122,405,Shamela0000791,577,1303,1572,202,86
1993,405,1169,Shamela0000791,578,1,732,572,93
1994,781,1319,JK007054,737,20,383,236,47
1994,610,1599,Shia001432Vols,22279,58,986,729,88
1994,1434,1617,ShamAY0035955,608,804,988,150,98
1994,1372,1599,Shamela0008176,5326,782,999,175,92
1994,624,830,Sham19Y0017101,145,550,768,132,75
1994,109,830,Shamela0001727,1166,136,1343,260,21
1994,610,830,ShamAY0038413,140,462,846,145,48
1994,610,823,Sham19Y0014452,137,416,694,96,42
1994,1417,1599,Shia001831Vols,423,12,216,148,87
1994,57,686,Sham19Y0122406,3178,385,1081,203,25
1994,1134,1355,Sham19Y0122406,3179,52,251,149,78
1994,1143,1278,Shia002265Vols,6132,1366,1485,97,88
1994,1071,1617,Shia002265Vols,6133,79,435,271,60
1994,629,830,ShamAY0038419,345,872,1054,128,82
1994,629,830,Kraken230110004547,333,348,467,86,53
1994,710,830,Sham19Y0017791,1410,159,578,80,24
1994,109,830,Sham19Y0020638,963,129,726,207,26
1994,1322,1617,Masaha001864Vols,4890,1288,1592,244,97
1994,610,1599,Shia001115Vols,731,532,1462,727,87
1994,629,830,Shamela0023695,59,575,1052,134,36
1994,1378,1599,Masaha001946Vols,1065,464,691,135,67
1994,671,830,Sham19Y0016976,1345,1,410,88,28
1994,710,830,Sham19Y0017616,362,1029,1198,79,60
1994,1346,1599,Sham19Y0122257,2471,1209,1475,184,81
1994,991,1330,Sham19Y0122257,2472,7,222,173,60
1994,1134,1267,Sham19Y0014119,1311,1475,1593,97,88
1994,1462,1617,Rafed0002347,220,1,157,125,97
1994,629,830,Shamela0031372,34,1023,1370,128,45
1995,520,1185,Shia001432Vols,21248,405,1082,450,79
1995,1,152,Shia001432Vols,38104,1347,1484,110,87
1995,814,1303,Shamela0008176,5693,710,1128,302,72
1995,814,1303,Shamela0021715,8784,1102,1481,251,63
1995,1268,1550,Shamela0001727,1168,20,391,189,62
1995,839,1386,Shamela0010664,1331,1,587,376,77
1995,576,789,Sham19Y0127677,6934,597,751,123,72
1995,1002,1314,Shamela0001673,8602,810,1119,233,90
1995,1367,1497,Shamela0023644,293,453,592,99,89
1995,588,1530,Shia001831Vols,423,501,1161,388,48
1995,520,1303,JK000201,2780,721,1551,591,86
1995,1314,1550,Sham19Y0122406,3182,757,1095,183,68
1995,667,960,Sham19Y0013631,1914,1217,1413,73,24
1995,713,1225,Sham19Y0018103,2796,306,619,195,48
1995,205,360,Sham19Y0017791,1408,471,685,107,61
1995,1002,1179,Sham19Y0018272,1475,157,334,134,91
1995,1350,1550,Sham19Y0020638,963,1080,1285,157,97
1995,520,886,Shia001115Vols,466,1136,1506,228,71
1995,893,1205,Shia001115Vols,467,7,336,225,85
1995,1314,1550,Sham19Y0017616,333,509,771,172,80
1995,1314,1462,Sham19Y0122255,549,311,486,115,81
1995,1002,1334,Sham19Y0122257,2604,92,453,189,56
1995,257,610,Sham19Y0017063,1012,1310,1552,109,31
1995,610,991,Sham19Y0017063,1013,1,315,222,70
1995,1,152,Rafed0002347,220,157,313,123,96
1995,576,1225,Sham19Y0013605,3383,1102,1519,271,52
1996,957,1364,Shamela0002569,319,635,1064,273,79
1996,681,1118,Sham19Y0131521,5237,1322,1510,145,39
1996,377,646,Shamela0001727,1168,391,895,163,40
1996,412,646,Shamela0008381,5259,994,1212,158,80
1996,1,779,Shia001831Vols,423,1066,1386,202,30
1996,988,1148,Shamela0001442,1008,166,345,119,79
1996,729,1280,JK000201,2567,633,1212,366,73
1996,957,1280,Shamela0023685,582,110,419,228,86
1996,377,871,Sham19Y0122406,3183,689,1322,185,30
1996,988,1148,Sham19Y0122406,4895,702,881,119,79
1996,725,1291,ShamAY0033531,2723,949,1480,356,75
1996,725,1364,ShamAY0033531,3906,606,1253,376,63
1996,516,1034,Sham19Y0017791,1408,36,460,126,21
1996,957,1280,Shia003732Vols,3027,683,1025,223,80
1996,671,1596,Masaha001864Vols,4842,51,1081,694,78
1996,407,1291,Masaha001864Vols,5689,630,1200,344,43
1996,725,1205,Shamela0009242,3728,1122,1539,310,78
1996,1205,1596,Shamela0009242,3729,1,366,287,91
1996,725,1596,Shamela0009242,3811,377,1139,577,80
1996,935,1124,Sham19Y0023625,1856,1340,1555,149,84
1996,1124,1596,Sham19Y0023625,1857,1,430,303,76
1996,957,1280,Sham19Y0014601,5161,308,841,217,50
1996,377,857,Sham19Y0014119,1310,1425,1627,136,35
1996,538,1034,Sham19Y0017063,1012,643,1098,142,24
1996,78,460,Sham19Y0017063,1013,763,1222,234,57
1996,725,1280,Sham19Y0150962,1142,433,973,313,60
1996,631,1291,Shamela0000791,576,417,1021,469,86
1996,104,366,Sham19Y0013605,3970,35,292,135,58
1997,211,490,JK007054,670,1050,1572,105,23
1997,544,647,JK007054,671,13,110,76,94
1997,999,1379,Shamela0001727,1169,425,998,144,29
1997,394,785,Sham19Y0127700,680,1012,1247,179,57
1997,1339,1506,JK000201,2534,1005,1189,132,90
1997,362,679,Sham19Y0122406,3185,806,1364,98,18
1997,999,1379,Sham19Y0122406,3186,465,1238,161,25
1997,357,777,Sham19Y0132524,2086,66,483,155,35
1997,56,394,Sham19Y0020638,964,381,816,107,25
1997,999,1379,Sham19Y0020638,964,831,1270,93,22
1997,1244,1506,Masaha001864Vols,4853,1144,1383,161,70
1997,1112,1248,Masaha001864Vols,5690,427,562,108,96
1997,1332,1506,Shamela0000791,583,109,310,138,86
1998,140,639,Shamela0008176,5330,974,1327,246,57
1998,509,1048,Shamela0001727,1169,844,1427,123,19
1998,494,939,JK000201,2534,514,1005,323,79
1998,1,528,Shamela0023685,583,174,648,316,72
1998,948,1159,Sham19Y0122406,3187,48,263,102,48
1998,948,1159,Sham19Y0132524,2087,757,972,102,48
1998,499,814,Sham19Y0013631,2734,1164,1347,125,51
1998,948,1379,Sham19Y0018272,1326,903,1296,151,38
1998,509,1001,Sham19Y0020638,964,1116,1392,108,27
1998,948,1159,JK000216,323,414,673,102,41
1998,948,1159,Shamela0009082,576,1107,1323,103,48
1998,99,532,Masaha001864Vols,4853,1383,1542,127,36
1998,532,958,Masaha001864Vols,4854,1,414,310,90
1998,948,1106,Sham19Y0017616,335,1220,1404,97,67
1998,489,1159,JK007065,244,148,668,179,29
1998,140,339,Sham19Y0122257,2474,1350,1533,122,66
1998,339,639,Sham19Y0122257,2475,1,182,139,57
1998,220,503,Shamela0000791,583,335,607,194,78
1999,988,1222,JK007054,875,255,465,145,78
1999,994,1222,Shamela0008176,7944,428,715,131,50
1999,994,1222,Shia002616Vols,6124,795,1086,145,56
1999,15,203,Sham19Y0014592,500,1323,1442,81,50
1999,5,274,Shamela0021715,1520,1066,1243,89,36
1999,10,279,Shamela0001727,1170,208,402,130,62
1999,884,1222,Shamela0001727,1170,543,979,172,46
1999,937,1203,JK009266,8719,1066,1508,154,39
1999,988,1297,Sham19Y0013572,1197,39,365,157,50
1999,5,274,Sham19Y0017437,522,1237,1414,93,38
1999,10,203,Shamela0005756,3743,519,663,79,42
1999,988,1222,Shamela0010639,243,475,734,149,64
1999,988,1297,Shamela0012014,156,1052,1396,149,45
1999,994,1222,Sham19Y0127677,8609,1120,1409,145,57
1999,5,274,Shamela0001673,2240,1208,1385,93,38
1999,937,1198,JK001429,45,1084,1442,150,47
1999,994,1193,Sham19Y0096918,275,1311,1563,132,61
1999,988,1203,ShamAY0034068,3655,710,1118,148,43
1999,10,279,Sham19Y0122406,3187,356,550,130,62
1999,884,1222,Sham19Y0122406,3189,447,884,174,46
1999,994,1222,Sham19Y0145212,3860,361,648,131,50
1999,988,1222,Shia002264,438,56,358,150,56
1999,1055,1297,Tafsir09083,1595,29,320,122,44
1999,10,279,Sham19Y0132524,2087,1065,1268,113,55
1999,994,1222,Sham19Y0132524,2088,549,864,143,52
1999,994,1222,Shamela0001875,722,745,1051,144,54
1999,994,1222,Shamela0001438,2609,1025,1314,145,57
1999,10,274,ShamAY0033531,2724,1049,1218,91,38
1999,10,274,ShamAY0033531,3907,729,898,91,38
1999,10,274,Sham19Y0018106,768,934,1108,91,37
1999,1034,1222,ShamIbadiyya0000760,50,295,514,123,63
1999,10,279,Sham19Y0018144,2240,1129,1318,126,60
1999,10,279,Shamela0025800,2003,1009,1180,102,48
1999,994,1222,Shia003732Vols,2925,577,882,142,53
1999,10,279,Sham19Y0020638,965,251,445,129,62
1999,994,1222,Sham19Y0020638,965,666,956,145,57
1999,937,1222,Sham19Y0013223,957,384,711,157,53
1999,994,1222,Shia001976Vols,1191,662,941,137,54
1999,994,1222,Sham19Y0017616,331,115,410,145,56
1999,10,279,Sham19Y0017616,336,119,313,130,62
1999,988,1513,Sham19Y0023625,1918,158,1221,346,39
1999,994,1222,Sham19Y0020891,6288,1143,1430,130,50
1999,10,279,JK007065,244,761,949,125,60
1999,1034,1297,JK007065,999,57,279,126,56
1999,10,279,Sham19Y0148271,519,827,1058,119,50
1999,994,1222,Shamela0008360,975,763,1042,123,48
1999,988,1222,ShamAY0035288,92,534,830,148,57
2000,1216,1396,Shamela0025794,4546,589,787,133,83
2000,1216,1396,Shamela0001727,1171,443,630,142,94
2000,1222,1396,Shamela0013132,114,933,1114,133,91
2000,1222,1396,Shamela0005756,7978,1169,1401,126,67
2000,433,623,Shamela0005756,12048,338,524,149,96
2000,1216,1396,JK007049,104,1017,1204,142,94
2000,390,623,Shia001831Vols,424,255,488,174,88
2000,1045,1211,Shamela0000140,1078,1307,1528,122,67
2000,398,730,Shamela0000140,1078,380,702,208,69
2000,1237,1552,JK000201,3434,563,716,117,45
2000,1216,1396,Sham19Y0122406,3190,1076,1263,142,94
2000,283,529,Sham19Y0145212,3860,616,1110,136,30
2000,1216,1387,JK000657,120,500,680,132,91
2000,1045,1376,Sham19Y0132524,2089,1,397,144,36
2000,1035,1396,Shamela0036446,1237,252,563,152,47
2000,367,667,ShamAY0035990,291,392,971,149,29
2000,1045,1396,Shamela0025800,2448,707,1311,191,33
2000,1216,1396,Sham19Y0020638,966,147,334,142,94
2000,1216,1396,Masaha001864Vols,1311,640,826,139,93
2000,1216,1387,Shamela0012981,614,484,665,126,82
2000,398,714,Sham19Y0013252,7297,843,1081,179,70
2000,1216,1396,ShamAY0035884,142,730,928,133,83
2000,1216,1396,Sham19Y0017616,378,827,1018,140,91
2000,1216,1387,Shamela0000782,914,545,711,129,92
2000,14,283,Sham19Y0023625,1918,1247,1522,179,74
2000,1064,1216,Sham19Y0023625,1919,169,496,106,39
2000,429,1040,Sham19Y0023625,1920,963,1556,469,91
2000,1216,1396,JK007065,1137,48,235,142,94
2000,1216,1396,Sham19Y0148271,1981,257,442,128,84
2000,1185,1396,Shamela0010803,64,1122,1328,151,86
2001,1,469,Sham19Y0013667,5375,808,1497,127,17
2001,770,1073,Sham19Y0013667,5376,144,430,97,28
2001,201,1083,Sham19Y0145166,791,552,1091,188,22
2001,201,1083,Shamela0009918,1033,512,1055,187,22
2001,1,227,Shamela0025794,4546,943,1133,69,30
2001,1,469,Shamela0001727,1171,786,1478,131,18
2001,637,1147,Shamela0001727,1172,56,566,195,35
2001,201,1147,JK007049,105,35,1110,262,21
2001,1,469,Shia002958,221,286,979,125,17
2001,10,201,JK000201,3434,1004,1201,149,92
2001,1,1367,Shamela0004289,1428,240,1494,249,14
2001,1,553,Sham19Y0122406,3191,554,1359,151,18
2001,1,227,Sham19Y0132524,2089,1074,1278,70,29
2001,637,1147,Sham19Y0132524,2091,121,630,195,35
2001,1,227,Kraken230110004547,424,932,1138,70,29
2001,1,794,Sham19Y0018144,2243,326,1250,166,15
2001,1,553,Shamela0036446,1237,682,1466,144,17
2001,4,553,ShamAY0035990,169,683,1183,138,20
2001,201,1147,Shamela0025800,2449,130,1280,256,20
2001,1,227,ShamAY0034005,1000,671,870,70,30
2001,637,1153,ShamAY0034005,1001,1,590,205,40
2001,1,794,Sham19Y0020638,966,490,1423,188,17
2001,1,227,Masaha001864Vols,1311,978,1176,70,30
2001,429,1147,Masaha001864Vols,1312,91,737,217,27
2001,95,765,Masaha001864Vols,4403,1,404,271,49
2001,1,469,Shamela0012981,614,797,1466,108,15
2001,1,227,ShamAY0035884,142,1093,1283,69,30
2001,1,227,Sham19Y0017616,378,1174,1379,70,29
2001,429,1147,Sham19Y0017616,379,363,1012,218,27
2001,16,469,Sham19Y0023625,1914,1,501,118,22
2001,1,1043,JK007065,1137,385,1532,258,18
2001,1,469,Sham19Y0148271,1981,603,1276,125,17
2001,201,1147,Shamela0010803,65,150,1114,250,22
2002,380,508,Shamela0004445,2779,1,142,96,80
2002,30,508,Sham19Y0016584,3693,705,1159,187,37
2002,30,508,Sham19Y0148486,5966,637,1101,221,52
2002,30,630,JK009242,182,326,888,248,45
2002,265,508,Sham19Y0127656,671,277,544,139,54
2002,30,508,JK000110,1450,481,934,187,37
2002,30,945,Shamela0021809,1693,477,1275,304,32
2002,337,508,Rafed0003489,75,1,194,133,86
2002,30,945,Shamela0025794,377,481,1278,305,32
2002,30,508,Shamela0025794,379,738,1232,217,49
2002,413,764,Shamela0021715,4222,1024,1576,174,33
2002,30,508,Shamela0021715,8397,616,1070,187,37
2002,30,508,Sham19Y0016684,1787,518,970,186,37
2002,30,466,Shamela0001727,1172,1032,1477,194,49
2002,466,945,Shamela0001727,1173,1,404,131,23
2002,265,508,JK006838,1353,164,394,161,75
2002,30,508,Shamela0003118,352,968,1463,222,50
2002,30,508,ShamAY0038083,168,409,897,210,42
2002,265,630,Sham19Y0017903,702,11,306,198,64
2002,171,508,ShamAY0034282,2423,141,528,193,60
2002,18,508,Sham19Y0122406,3193,313,1036,278,46
2002,270,508,JK009324,3320,56,258,141,69
2002,265,508,Shamela0006590,520,547,786,172,84
2002,265,508,Shamela0037837,719,758,966,143,68
2002,265,439,Sham19Y0132524,2092,198,364,120,87
2002,357,945,Sham19Y0132524,2092,1067,1471,163,26
2002,265,508,Sham19Y0018106,3408,97,304,144,69
2002,30,508,Sham19Y0018144,2245,343,822,223,52
2002,265,508,Shamela0010798,429,368,614,170,81
2002,30,508,Sham19Y0018103,3305,388,842,187,37
2002,341,508,Shamela0025800,3272,1,213,118,67
2002,30,630,Sham19Y0017729,379,702,1245,251,46
2002,270,508,Shia003732Vols,4210,1,239,176,88
2002,30,508,ShamAY0034005,998,201,697,212,41
2002,30,945,Sham19Y0020638,967,544,1253,319,39
2002,265,508,Masaha001864Vols,1275,269,514,175,85
2002,265,508,Shamela0012981,655,1017,1250,161,79
2002,35,394,Shamela0007012,90,174,583,103,25
2002,265,508,Sham19Y0013252,4109,890,1099,148,71
2002,30,508,Sham19Y0013252,8145,682,1136,187,37
2002,270,508,Sham19Y0013252,8148,1194,1390,138,69
2002,265,630,Sham19Y0146127,3299,75,406,186,62
2002,30,630,Shamela0000772,39,510,1150,248,39
2002,30,945,Sham19Y0017616,377,427,1120,323,39
2002,265,508,JK000620,24,212,430,148,74
2002,30,508,Sham19Y0018176,1999,905,1359,187,37
2002,30,473,Sham19Y0148271,1340,991,1452,200,48
2002,265,394,Masaha003492Vols,471,405,524,80,77
2002,265,508,Sham19Y0013605,3939,212,419,144,69
2003,260,384,JK007054,872,891,1014,95,98
2003,260,384,Shamela0001727,1173,575,698,95,98
2003,1,633,Shamela0005756,2968,917,1567,249,33
2003,260,384,Sham19Y0122406,3195,519,642,95,98
2003,91,379,Shamela0000927,1845,1120,1414,122,45
2003,260,384,Sham19Y0132524,2093,880,1003,95,98
2003,10,384,Shamela0025800,3425,92,521,142,36
2003,255,688,Sham19Y0013252,1559,1076,1410,183,50
2003,260,384,Shamela0000772,38,300,423,95,98
2003,260,384,Sham19Y0017616,377,1291,1427,95,89
2003,91,360,Shamela0009690,1704,71,345,102,40
2003,1229,1503,Sham19Y0023625,2204,717,966,140,60
2003,260,384,JK007065,1132,753,913,94,74
2003,5,667,Sham19Y0013605,1080,1209,1548,233,43
2004,757,1272,JK007054,872,1236,1443,116,29
2004,1119,1268,Shamela0026722,14,1308,1423,59,52
2004,1119,1272,Sham19Y0016584,699,1210,1334,65,57
2004,1119,1272,Shamela0010637,352,464,575,54,46
2004,757,1272,Sham19Y0127656,99,25,232,120,30
2004,757,1161,JK000110,149,1244,1381,93,29
2004,757,1272,Shamela0021809,1694,795,1004,123,31
2004,757,1272,Shamela0025794,380,663,872,123,31
2004,757,1272,Shamela0021715,1173,1142,1361,126,32
2004,1286,1542,Shamela0021715,1176,1282,1454,106,48
2004,757,1272,Sham19Y0016684,333,1084,1305,126,32
2004,757,1272,Shamela0001727,1173,935,1143,122,31
2004,757,1272,JK006838,1357,611,820,116,28
2004,1119,1268,Shamela0030327,117,1299,1414,60,53
2004,757,1161,Sham19Y0122401,942,424,561,93,29
2004,757,1272,Shamela0005756,2961,544,765,123,31
2004,1230,1553,Shamela0005756,2966,320,640,208,74
2004,1358,1553,Shia001831Vols,425,1,195,144,88
2004,757,1161,Shamela0004289,388,1277,1413,92,29
2004,757,1272,Sham19Y0122406,3195,880,1088,122,31
2004,1282,1553,Sham19Y0122406,3199,120,355,153,67
2004,757,1272,JK009324,458,1129,1335,120,30
2004,757,1272,Shamela0037837,873,786,990,119,30
2004,757,1161,Sham19Y0132524,2094,433,565,92,29
2004,757,1272,Sham19Y0018106,596,540,759,126,32
2004,757,1272,Sham19Y0018144,2244,1107,1311,120,30
2004,757,1272,Sham19Y0018103,724,163,382,126,32
2004,757,1272,Shamela0025800,3425,763,968,122,30
2004,757,1272,Shamela0096283,73,172,391,126,32
2004,757,1272,JK000917,1108,1080,1286,119,30
2004,1119,1272,ShamAY0034005,1005,79,194,58,49
2004,757,1272,Sham19Y0020638,968,340,545,116,29
2004,757,1272,Masaha001864Vols,1276,261,487,122,30
2004,757,1272,Sham19Y0013252,1557,1220,1439,126,32
2004,212,386,Sham19Y0013252,1561,6,590,126,26
2004,1230,1553,Sham19Y0013252,1562,567,828,207,78
2004,757,1272,Shamela0000772,38,662,870,114,28
2004,757,1272,Sham19Y0017616,378,232,453,122,30
2004,1,127,Sham19Y0023625,2204,966,1092,100,100
2004,127,256,Sham19Y0023625,2205,87,212,103,96
2004,757,1272,JK007065,1132,1142,1346,121,30
2004,757,1272,Sham19Y0018176,310,1207,1426,126,32
2004,757,1272,Shamela0000137,983,94,298,122,30
2004,772,1341,Sham19Y0017063,1575,100,683,183,26
2004,757,1272,Sham19Y0148271,1339,203,410,123,31
2004,1119,1272,JK000698,157,794,912,62,53
2004,12,1272,Sham19Y0013605,1078,744,1311,271,26
2004,1286,1553,Sham19Y0013605,1079,389,641,197,91
2005,13,255,JK007054,874,1237,1424,114,60
2005,274,559,Sham19Y0122402,848,962,1179,137,59
2005,74,269,Sham19Y0014299,303,1253,1418,125,80
2005,719,1277,Shamela0005756,2967,682,1013,114,20
2005,733,1105,Shamela0005756,10059,792,1199,208,57
2005,1,241,Shamela0001673,5535,1092,1415,128,46
2005,1,822,Shia001831Vols,425,195,561,247,37
2005,285,559,Shamela0010527,963,635,869,152,71
2005,346,519,Sham19Y0122406,3199,1312,1477,107,80
2005,1,255,Sham19Y0013252,1562,828,1167,141,50
2005,733,1354,Sham19Y0013252,1563,14,427,157,26
2005,1141,1358,Sham19Y0017616,625,653,851,145,79
2005,74,255,Sham19Y0017616,625,420,581,127,86
2005,269,399,Sham19Y0017063,1575,465,592,92,92
2005,1,277,Sham19Y0013605,1079,641,845,155,70
2006,1458,1588,Shamela0007891,1931,10,463,80,20
2006,1188,1588,Shamela0005610,21,1080,1362,142,37
2006,523,1112,Sham19Y0131521,4570,36,758,266,35
2006,1108,1414,Sham19Y0127660,1229,747,1341,95,14
2006,1108,1260,Shamela0001727,1174,1074,1317,124,61
2006,1458,1588,Shamela0001727,1175,753,1009,100,49
2006,1137,1588,Shamela0009810,1217,108,994,116,13
2006,515,926,Shamela0001673,5537,292,1122,210,28
2006,1,862,Shia001831Vols,425,606,1048,317,44
2006,315,593,Sham19Y0122406,3198,868,1430,136,27
2006,1108,1333,Sham19Y0122406,3200,399,899,173,41
2006,1188,1588,Sham19Y0020638,969,851,1282,170,36
2006,1188,1592,JK007116,53,865,1239,215,55
2006,1207,1442,Masaha001946Vols,1069,656,993,151,53
2006,1137,1563,Sham19Y0017616,331,649,1139,219,43
2006,1188,1537,Sham19Y0018176,2002,800,1115,136,40
2007,205,1238,JK007054,883,6,510,283,31
2007,231,905,ShamAY0035035,6037,651,1201,283,41
2007,132,899,Shamela0008176,5311,803,1450,381,57
2007,929,1182,Shamela0008176,5312,1173,1501,200,75
2007,231,899,Shamela0001673,8155,198,757,239,37
2007,226,899,ShamIbadiyya0000433,523,456,950,315,55
2007,128,863,Shia001831Vols,425,1138,1559,328,54
2007,231,840,JK000201,2546,1251,1539,182,34
2007,984,1474,Sham19Y0122406,3204,42,583,152,26
2007,226,769,Sham19Y0013631,2061,454,800,199,39
2007,231,899,Shamela0011036,1443,979,1510,284,42
2007,892,1187,Sham19Y0122257,2466,1225,1521,213,85
2007,477,899,Sham19Y0122257,2466,34,438,264,73
2007,402,843,Sham19Y0017063,1010,1258,1541,210,57
2007,723,914,Sham19Y0150962,1140,363,555,97,59
2007,402,899,Shamela0000791,568,661,939,158,37
2007,402,1163,Sham19Y0013605,3945,478,1319,297,35
2008,624,871,Shamela0021629,208,22,285,119,55
2008,757,871,Sham19Y0148486,2420,292,786,80,21
2008,146,533,Sham19Y0017747,1599,70,417,240,75
2008,610,871,Shamela0012293,4913,426,681,154,63
2008,920,1501,Shamela0097928,444,684,1015,186,39
2008,680,1542,Shia000841Vols,285,153,959,452,56
2008,569,871,ShamIbadiyya0000229,507,656,890,138,54
2008,580,838,Sham19Y0127660,1491,957,1421,89,19
2008,610,871,Shamela0025791,662,1113,1454,167,63
2008,228,747,Shamela0001727,1177,109,713,198,34
2008,676,898,Sham19Y0017437,1813,1071,1278,115,56
2008,580,850,Sham19Y0017437,2479,698,903,105,41
2008,676,876,Shamela0012014,200,309,532,151,87
2008,552,871,Sham19Y0127677,11691,421,750,145,39
2008,695,838,Shamela0011385,4087,486,647,88,68
2008,676,871,Shamela0005922,175,1079,1372,140,60
2008,1209,1542,Shamela0005922,180,220,627,238,68
2008,676,850,Sham19Y0014309,197,1364,1514,86,61
2008,580,871,ShamAY0034815,350,977,1412,156,39
2008,1296,1550,ShamAY0034815,351,291,529,169,77
2008,1306,1495,ShamAY0034815,789,1233,1406,122,74
2008,232,747,Sham19Y0122406,3205,1,692,224,34
2008,600,871,JK007107,8,695,1034,190,67
2008,676,871,Shamela0025800,170,1171,1413,138,73
2008,575,871,ShamAY0035950,535,102,276,121,51
2008,676,871,Sham19Y0020638,971,93,292,139,90
2008,610,871,Sham19Y0013223,805,453,799,177,64
2008,676,1550,Sham19Y0017063,1034,117,691,316,39
2009,917,1248,Shamela0008176,5413,198,479,200,74
2009,26,256,Sham19Y0017747,87,1422,1586,122,65
2009,256,830,Sham19Y0017747,88,1,312,185,40
2009,1263,1581,Sham19Y0017747,2507,379,697,251,93
2009,21,367,Shia000841Vols,285,972,1390,278,81
2009,1235,1432,ShamAY0036640,40,329,569,141,72
2009,21,367,Shamela0005922,180,640,1342,272,47
2009,1276,1402,Shamela0006140,12,1334,1455,98,96
2009,378,902,ShamAY0034815,351,31,987,421,54
2009,389,830,Sham19Y0122406,3207,1003,1478,212,51
2009,378,1623,ShamAY0034383,554,33,1278,1013,100
2009,917,1379,Shamela0009242,99,906,1140,126,29
2009,1276,1432,ShamAY0038405,957,107,263,128,100
2009,917,1248,Sham19Y0122257,2505,750,1032,200,73
2010,452,1482,Shamela0008176,5413,446,946,313,37
2010,873,1556,Sham19Y0017747,88,269,586,212,38
2010,1,158,Shia000841Vols,286,1037,1188,98,80
2010,468,1053,Shamela0021715,8691,682,1230,223,36
2010,444,724,Shamela0000894,5250,265,473,173,73
2010,441,1267,Shamela0006140,13,6,615,400,53
2010,4,487,Sham19Y0014224,1145,1249,1578,216,53
2010,499,1593,Sham19Y0014224,1146,8,1021,557,54
2010,1,313,ShamAY0034383,554,1278,1591,252,99
2010,313,1600,ShamAY0034383,555,1,1288,1039,99
2010,452,1131,Sham19Y0122257,2505,1000,1391,140,20
2010,1206,1482,Sham19Y0122257,2506,256,426,122,54
2010,1,158,Sham19Y0018100,1274,1048,1196,95,77
2011,1162,1644,JK007054,636,345,803,237,48
2011,548,821,Sham19Y0017350,1061,575,842,220,97
2011,548,821,Sham19Y0013667,5393,1107,1372,212,93
2011,1145,1644,Sham19Y0017747,2286,482,1023,400,90
2011,388,543,Sham19Y0017747,2829,177,336,121,89
2011,548,825,Shamela0022648,16,246,522,227,98
2011,548,871,ShamAY0033975,98,17,393,251,80
2011,393,871,Shamela0001727,1178,101,822,369,62
2011,528,821,Sham19Y0017437,1818,970,1261,226,93
2011,528,845,Shamela0012014,76,128,434,228,82
2011,393,543,Sham19Y0127677,13453,839,990,124,99
2011,393,543,Sham19Y0127677,19400,323,475,124,98
2011,528,821,Shamela0022645,1251,350,642,228,94
2011,548,821,Shamela0001665,536,1219,1508,211,86
2011,1115,1644,Shia001831Vols,426,795,1274,358,78
2011,548,795,JK006950,26,1329,1569,198,97
2011,500,871,Sham19Y0122406,3208,1,615,279,55
2011,1173,1644,Zaydiyya0000059,1131,1096,1613,350,82
2011,644,821,Sham19Y0132524,2132,680,857,133,86
2011,548,821,Kraken230110004547,290,1202,1473,208,86
2011,548,802,JK000381,5719,1325,1572,204,97
2011,548,821,Shamela0036446,670,1123,1376,198,85
2011,393,543,ShamAY0035990,496,1208,1353,118,95
2011,548,909,Shamela0025800,1739,835,1283,283,76
2011,694,821,Sham19Y0150600,786,1,125,103,97
2011,548,821,Sham19Y0014224,1140,1261,1530,222,97
2011,1128,1700,Sham19Y0014224,1142,988,1633,388,70
2011,548,821,Shia001368,422,91,349,212,93
2011,1,352,ShamAY0034383,555,1288,1639,291,100
2011,548,909,Sham19Y0020638,971,371,832,285,74
2011,393,543,Masaha001864Vols,4707,121,273,124,98
2011,548,821,Shamela0003722,6798,433,710,220,94
2011,528,831,Shamela0011036,874,803,1004,135,56
2011,1134,1468,Shamela0009242,1562,334,573,175,62
2011,528,821,Sham19Y0017616,343,402,691,226,93
2011,1128,1644,Sham19Y0023625,2079,697,1204,402,94
2011,548,909,JK007065,307,334,832,277,68
2011,548,821,Sham19Y0011194,412,151,420,223,98
2011,548,821,ShamAY0038472,71,150,393,182,74
2011,548,831,Sham19Y0018100,252,672,955,232,99
2011,548,821,Shamela0010517,1924,920,1200,221,95
2012,240,450,Sham19Y0017350,1066,367,564,142,79
2012,112,560,Sham19Y0013769,1802,597,1022,228,59
2012,1240,1350,Sham19Y0013769,2887,175,293,87,92
2012,240,433,ShamAY0034227,1839,1290,1450,125,81
2012,240,433,Sham19Y0149697,3399,292,451,123,80
2012,167,433,Sham19Y0014224,1143,580,867,185,82
2012,1174,1374,Sham19Y0014224,1145,88,336,135,66
2012,1174,1427,Shamela0011036,878,292,572,159,69
2012,101,433,Sham19Y0023625,1936,828,1146,237,91
2012,178,433,Sham19Y0023625,2088,743,1046,166,70
2012,92,384,Shamela0010517,1924,1232,1525,217,93
2013,1203,1558,Shia001432Vols,27818,392,708,92,21
2013,1024,1316,Shamela0008176,2094,758,1000,119,39
2013,605,793,Sham19Y0017747,654,1079,1262,141,89
2013,993,1177,Shamela0005756,13494,1091,1221,100,66
2013,618,779,ShamAY0033531,2911,895,1069,121,80
2013,618,779,ShamAY0033531,4094,551,725,121,80
2013,899,1057,Sham19Y0017729,641,831,978,117,91
2013,941,1534,Sham19Y0014224,1141,1,563,418,85
2013,1203,1558,Shia001115Vols,776,125,441,92,21
2013,914,1421,Sham19Y0013252,8829,241,649,290,70
2013,196,779,Shamela0011036,864,574,1129,248,40
2013,1120,1400,Shamela0011036,875,13,350,181,62
2013,1400,1634,Shamela0011036,876,388,617,177,94
2013,618,779,Shamela0009242,618,810,988,126,83
2013,618,779,Sham19Y0014601,1933,1055,1233,126,83
2014,619,956,Sham19Y0017747,657,1113,1429,210,75
2014,956,1167,Sham19Y0017747,658,1,264,149,71
2014,346,1167,Sham19Y0131521,5481,849,1174,242,36
2014,581,781,Shamela0001727,1196,43,420,133,43
2014,739,1494,Shia001831Vols,427,26,272,170,27
2014,417,1167,Shamela0000140,545,276,807,313,48
2014,346,1085,JK000201,2426,922,1149,173,28
2014,581,781,Sham19Y0122406,3246,176,553,133,43
2014,468,817,Sham19Y0018144,3893,529,962,141,34
2014,193,1301,Sham19Y0014224,1141,563,1426,576,60
2014,6,193,Sham19Y0014224,1146,1493,1634,110,73
2014,193,457,Shamela0011036,875,350,692,148,51
2014,1,193,Shamela0011036,876,617,814,154,96
2014,330,1187,Shamela0011036,877,438,1397,437,45
2014,346,1085,Shamela0009242,622,1211,1436,173,29
2015,1206,1348,Sham19Y0013769,1791,1455,1597,109,91
2015,991,1199,Sham19Y0013769,1791,359,576,145,82
2015,1051,1409,Shamela0008176,5414,588,933,191,53
2015,996,1251,Sham19Y0017747,86,702,920,154,76
2015,1196,1385,ShamAY0033531,2661,672,879,152,90
2015,1196,1385,ShamAY0033531,3844,330,537,152,90
2015,1088,1524,Sham19Y0014224,1139,5,543,318,72
2015,1120,1385,Sham19Y0122257,2506,552,829,168,75
2016,143,325,ShamIbadiyya0000438,642,249,431,122,70
2016,153,330,Sham19Y0013769,1791,168,359,144,91
2016,189,325,Shia002389Vols,3456,897,1027,104,92
2016,162,325,Shamela0023193,285,533,689,119,88
2016,143,325,Sham19Y0017747,85,667,860,148,93
2016,344,1159,Sham19Y0017747,656,208,800,371,53
2016,338,499,Shia002616Vols,7071,64,250,118,70
2016,189,325,JK000201,2530,897,1033,109,97
2016,153,325,ShamAY0034068,3194,321,517,124,75
2016,162,325,Shia002265Vols,6284,583,746,119,88
2016,189,330,Masaha004561Vols,662,930,1065,106,91
2016,330,1232,ShamAY0033531,2897,647,1320,529,70
2016,330,1232,ShamAY0033531,4080,341,1014,529,70
2016,189,325,Shamela0001687,5496,727,870,110,93
2016,113,334,Sham19Y0014224,1138,1265,1494,179,95
2016,153,325,Meshkat00042485,5324,1208,1378,125,83
2016,162,325,Masaha000955Vols,972,268,424,119,88
2016,193,325,JK007040,1083,149,288,107,92
2016,883,1303,Shamela0011036,869,598,792,117,33
2016,143,303,Shamela0009242,99,727,894,130,94
2016,153,325,Sham19Y0013241,726,316,549,128,63
2016,162,330,Sham19Y0023625,1863,146,311,119,80
2016,325,784,Sham19Y0017063,1047,435,701,200,52
2016,162,325,Shamela0009856,640,1418,1563,115,85
2016,771,1159,Sham19Y0013605,1295,485,650,128,41
2017,1,197,Sham19Y0131521,5476,930,1200,145,67
2017,1317,1508,Shamela0001727,1182,571,765,86,50
2017,300,452,Shamela0001673,561,118,247,62,51
2017,1,341,JK000475,2020,309,566,91,31
2017,475,911,Sham19Y0013252,1912,91,470,193,51
2017,475,1018,Shamela0011036,872,100,894,347,48
2018,1238,1525,JK000021,1762,553,865,206,80
2018,1225,1498,Shamela0006025,503,484,836,176,58
2018,1238,1525,Sham19Y0148486,1372,375,700,205,77
2018,1244,1525,Shamela0012293,6618,73,397,211,82
2018,1225,1498,Shamela0025794,50,388,673,185,78
2018,1235,1525,Shamela0021590,524,798,966,105,43
2018,1238,1525,Shamela0001727,1182,1068,1370,211,86
2018,1272,1525,Sham19Y0013253,751,1,189,107,50
2018,1225,1525,Shamela0121376,368,96,323,134,53
2018,1225,1382,Shamela0009702,278,1221,1400,118,81
2018,1238,1442,Sham19Y0122406,3216,583,802,147,82
2018,1238,1376,Sham19Y0122406,3222,304,630,94,36
2018,1238,1525,Sham19Y0132524,2133,558,860,211,86
2018,416,621,Sham19Y0132524,3256,1379,1559,141,82
2018,621,1219,Sham19Y0132524,3257,1,594,447,93
2018,1225,1525,Kraken230110004547,576,941,1252,204,76
2018,1238,1498,Sham19Y0018144,2266,13,328,175,64
2018,1225,1423,Shamela0025800,3050,1231,1446,128,70
2018,1238,1525,Sham19Y0020638,974,920,1222,211,86
2018,1225,1525,Masaha001864Vols,1578,635,980,212,76
2018,1225,1498,Sham19Y0016555,96,1071,1345,189,79
2018,1238,1525,Sham19Y0146127,695,1068,1350,199,80
2018,416,886,Shamela0011036,875,591,1261,277,47
2018,918,1219,Shamela0011036,876,19,290,183,69
2018,1235,1525,Shamela0011036,879,796,1062,197,82
2018,1238,1525,Sham19Y0017616,338,541,870,210,79
2018,1238,1525,JK007065,1490,541,843,211,86
2018,1238,1525,Sham19Y0018100,392,1035,1337,211,86
2019,1,317,JK000021,1762,865,1177,221,83
2019,135,317,Shamela0007891,1980,624,800,140,91
2019,85,317,Zaydiyya0000468,1,724,975,189,91
2019,85,321,Shamela0000767,691,623,773,113,58
2019,1,317,Sham19Y0148486,1372,700,1026,221,79
2019,113,317,Shamela0008176,5453,27,250,146,73
2019,997,1211,Shamela0008176,5454,336,455,95,55
2019,1364,1553,Sham19Y0122402,1280,850,1022,115,66
2019,1,317,Shamela0012293,6618,397,738,238,83
2019,85,317,ShamAY0034447,1820,969,1215,187,92
2019,91,317,ShamAY0033182,3521,849,1075,184,99
2019,95,317,Shamela0011428,1813,631,852,170,92
2019,16,317,Shamela0001727,1183,1,307,218,85
2019,73,317,Sham19Y0122236,312,1364,1513,113,56
2019,135,317,Shamela0035100,679,883,1047,107,71
2019,91,317,Sham19Y0017903,884,233,463,184,97
2019,85,317,Sham19Y0013253,751,228,470,176,87
2019,113,317,Shamela0021713,66,1,201,162,96
2019,135,317,ShamAY0033181,1237,115,302,135,86
2019,135,317,ShamAY0033181,1306,1174,1361,135,86
2019,123,317,JK000201,2421,115,338,145,74
2019,85,317,Shamela0121376,368,362,604,179,88
2019,135,317,Shamela0010906,676,1067,1231,107,71
2019,85,317,Sham19Y0122406,3216,872,1113,177,87
2019,1,317,Sham19Y0122406,3217,236,557,230,86
2019,11,317,Sham19Y0132524,2134,111,411,224,86
2019,135,317,Shamela0001875,280,842,1012,112,75
2019,997,1238,ShamAY0033531,2907,487,710,179,92
2019,997,1238,ShamAY0033531,4090,150,373,179,92
2019,686,1060,Sham19Y0013631,1934,493,682,98,31
2019,113,317,Shamela0036446,671,524,743,143,72
2019,1,337,Shamela0025800,3051,103,480,227,72
2019,135,334,Sham19Y0017791,1449,968,1209,140,70
2019,91,317,Sham19Y0017729,442,721,950,182,96
2019,85,317,Zaydiyya0000461,491,508,759,189,91
2019,11,317,ShamAY0034005,782,185,518,201,71
2019,113,317,Sham19Y0006684,4125,301,514,145,77
2019,1,317,Masaha001864Vols,1578,980,1316,227,81
2019,113,317,Sham19Y0146127,696,1,196,157,93
2019,85,1086,Shamela0011036,879,1084,1523,326,39
2019,1086,1228,Shamela0011036,880,1,142,113,98
2019,99,317,Sham19Y0016976,1369,1132,1432,163,65
2019,1,317,Sham19Y0017616,338,870,1192,230,86
2019,1,317,JK007065,1490,843,1164,230,86
2019,85,317,Sham19Y0122257,2521,800,942,111,59
2019,997,1247,Sham19Y0122257,2522,418,568,107,51
2019,85,317,Sham19Y0014119,466,982,1319,167,59
2019,1278,1572,Sham19Y0017063,1048,310,598,208,80
2019,42,317,Shamela0010803,250,932,1211,162,68
2019,85,317,Shamela0008360,649,532,856,169,60
2019,169,317,Sham19Y0018100,393,1,164,119,88
2020,5,414,Sham19Y0145166,724,246,524,153,41
2020,440,809,Sham19Y0148486,7261,1231,1524,197,65
2020,952,1077,Sham19Y0017747,654,594,719,100,100
2020,937,1134,Shamela0021590,518,588,794,119,67
2020,894,1580,Shamela0001727,1183,376,664,145,26
2020,937,1077,Sham19Y0013572,66,286,489,101,58
2020,436,1190,Shia001831Vols,427,1031,1443,263,44
2020,5,414,Shamela0023685,608,820,1113,161,43
2020,894,1580,Sham19Y0122406,3217,626,914,145,26
2020,945,1081,Shia002264,342,247,389,106,93
2020,718,1077,ShamAY0033531,2907,386,1096,194,32
2020,718,1077,ShamAY0033531,4090,49,759,194,32
2020,937,1077,Sham19Y0013223,789,645,801,108,87
2020,894,1589,Sham19Y0017616,337,234,715,185,35
2020,5,1060,Sham19Y0017063,1048,601,1219,326,32
2021,45,268,Shamela0005756,13482,401,565,123,63
2021,56,260,Sham19Y0018103,3502,463,595,107,64
2021,182,1160,Shia001174Vols,929,1117,1578,239,30
2021,1272,1587,Masaha004656,77,10,324,259,97
2021,56,268,Sham19Y0013605,4170,224,364,113,65
2022,802,1057,Shamela0025791,724,252,525,205,88
2022,598,1057,Shamela0006947,428,988,1440,267,64
2022,787,1057,Shamela0006947,14324,366,632,221,96
2022,802,1057,Shamela0006947,14643,308,552,183,82
2022,687,1057,Shamela0006947,16681,598,964,304,97
2022,1121,1383,Shia001831Vols,428,95,295,132,61
2022,212,549,Sham19Y0013631,1861,497,712,123,46
2022,1183,1525,Shamela0001687,7682,416,718,118,35
2022,802,1057,Shamela0012052,266,1109,1359,203,93
2023,171,439,JK007083,90,151,433,172,73
2023,100,249,Shamela0007891,1980,369,506,103,87
2023,171,348,Sham19Y0013769,1809,41,248,125,74
2023,815,1023,Sham19Y0013769,1809,932,1149,129,64
2023,88,253,Shamela0000767,690,429,578,109,84
2023,88,260,Shamela0022334,12,940,1078,97,70
2023,88,244,Shamela0025794,97,704,845,100,78
2023,83,410,Shamela0011428,1812,1195,1449,169,66
2023,88,260,ShamAY0032828,12,356,494,97,70
2023,88,249,Shamela0001727,1184,680,833,116,89
2023,110,249,Shamela0003118,2807,184,311,95,86
2023,88,244,Sham19Y0127677,15944,926,1067,100,78
2023,83,439,Shamela0000427BK2,6742,295,625,200,67
2023,83,249,ShamAY0033181,1236,848,1014,127,98
2023,83,249,ShamAY0033181,1306,386,552,127,98
2023,249,793,JK000201,2418,740,1283,436,99
2023,91,483,Sham19Y0122406,3227,757,1542,239,35
2023,107,249,Masaha001171Vols,4738,1,136,101,87
2023,88,249,Sham19Y0001734,2046,1109,1246,102,82
2023,110,253,Shamela0010480,88,663,807,109,97
2023,110,348,Sham19Y0132524,2136,501,949,140,37
2023,815,1041,Sham19Y0014224,1149,902,1138,156,72
2023,107,249,Sham19Y0020638,975,1040,1170,97,86
2023,100,233,Shamela0006222,988,733,840,79,75
2023,88,549,Sham19Y0016555,98,98,676,189,40
2023,88,249,Sham19Y0146127,695,807,955,102,76
2023,88,244,Sham19Y0146127,999,772,908,95,74
2023,107,249,Sham19Y0017616,337,1071,1201,97,86
2023,88,260,Shamela0000782,607,979,1139,113,78
2023,184,549,Shamela0021474,37,17,382,205,63
2023,88,501,Shamela0021474,54,1106,1405,149,40
2023,126,775,Sham19Y0017063,1047,932,1515,340,54
2023,88,241,Sham19Y0022884,490,1373,1518,110,88
2023,110,249,Sham19Y0018100,393,824,964,105,95
2024,87,822,Sham19Y0013667,5401,847,1496,300,47
2024,1072,1529,Sham19Y0017747,656,1067,1426,245,65
2024,187,831,Shamela0009918,1083,1,685,385,58
2024,491,866,Sham19Y0020761,31,1,397,233,67
2024,83,541,Sham19Y0131521,5478,1173,1507,236,64
2024,969,1419,Sham19Y0131521,5479,672,964,220,61
2024,195,866,Shamela0023700,155,550,1207,324,54
2024,315,654,Shamela0005756,2303,1,312,160,56
2024,486,983,Sham19Y0127677,17656,148,661,143,23
2024,113,572,Shamela0009702,120,1001,1516,326,72
2024,595,866,Shamela0009702,121,1,301,208,86
2024,1335,1540,Sham19Y0122406,3220,874,1033,117,68
2024,891,1479,Sham19Y0132524,2131,80,1020,229,24
2024,450,777,Sham19Y0018144,5541,1203,1528,193,64
2024,204,879,JK000533,192,335,1035,312,48
2024,743,1205,Shamela0025800,3049,286,1050,170,22
2024,83,643,Sham19Y0005414,378,30,614,359,68
2024,249,943,Shamela0009873,1833,649,1364,287,41
2024,51,643,Sham19Y0013252,12571,54,643,351,60
2024,486,822,Masaha001946Vols,758,1186,1531,252,87
2024,924,1419,Sham19Y0014601,5322,644,1096,152,27
2024,669,822,Sham19Y0013605,2363,1214,1365,116,92
2025,894,1171,Sham19Y0020944,922,779,1173,142,41
2025,963,1176,Shamela0007891,1981,114,580,125,33
2025,963,1147,JK007054,1150,813,1053,109,55
2025,963,1160,Shamela0006610,143,524,740,123,66
2025,310,861,Shamela0008176,1160,771,1267,183,32
2025,963,1338,Sham19Y0017747,655,851,1223,206,62
2025,963,1236,JK007128,691,252,429,112,52
2025,310,1063,Shamela0001727,1186,163,672,225,29
2025,904,1338,Shamela0026568,916,154,877,283,49
2025,670,883,Shamela0005756,2304,379,568,118,63
2025,950,1499,Shamela0005756,8978,247,955,295,44
2025,963,1160,JK000271,115,1239,1483,135,69
2025,315,861,Sham19Y0127703,1670,572,875,157,33
2025,894,1067,Sham19Y0014827,745,9,162,97,73
2025,904,1338,Shamela0023685,1092,687,1409,276,46
2025,894,1150,Sham19Y0122406,3225,1047,1417,170,56
2025,963,1160,Sham19Y0037618,3158,603,822,132,70
2025,440,796,Sham19Y0018144,3764,1245,1528,204,67
2025,377,861,Sham19Y0017791,296,7,283,113,25
2025,963,1317,Shia003732Vols,5497,420,853,192,53
2025,950,1160,Sham19Y0020638,977,314,603,155,68
2025,950,1147,ShamAY0033561,175,385,686,131,53
2025,950,1140,JK000475,2031,374,828,130,36
2025,963,1155,Shia000163VolsBK2,4161,914,1062,106,68
2025,670,883,Sham19Y0013252,1292,78,255,128,71
2025,894,1063,Sham19Y0016555,576,292,493,131,83
2025,310,637,Shamela0011036,861,34,614,234,48
2025,894,1160,Shamela0009242,625,1104,1359,131,51
2025,894,1123,Sham19Y0017616,338,188,438,150,76
2025,875,1155,Shamela0021642,313,134,564,130,36
2025,945,1155,Sham19Y0014601,5331,462,985,140,33
2025,315,702,Sham19Y0017063,192,793,1317,187,35
2025,950,1160,Shia000121Vols,525,51,316,138,58
2026,765,1141,Sham19Y0013769,1792,1126,1572,213,55
2026,1188,1425,Sham19Y0013769,1793,81,299,137,64
2026,132,394,Sham19Y0148486,2890,812,1079,198,92
2026,262,529,Shamela0006610,144,1208,1505,159,64
2026,262,565,Shamela0003055,4378,539,860,214,83
2026,747,1425,Shamela0008176,5456,760,1466,377,52
2026,801,1560,Sham19Y0017747,658,416,1012,410,62
2026,132,344,JK010001,2134,1356,1527,132,78
2026,344,591,JK010001,2135,1,416,127,35
2026,132,591,Tafsir07055,2235,520,1174,311,58
2026,1058,1188,Tafsir07055,2240,227,359,103,98
2026,747,1213,Sham19Y0131521,5481,1196,1523,260,66
2026,265,1053,Shamela0025791,633,321,1191,407,47
2026,90,319,Shamela0001727,1186,1221,1446,172,94
2026,747,1560,Sham19Y0127700,431,585,1313,506,70
2026,344,569,JK000386,1015,1,246,143,71
2026,740,1560,Shamela0036543,1660,143,911,586,84
2026,265,565,JK000201,2427,476,825,214,78
2026,747,1560,Shamela0023685,606,154,738,437,64
2026,90,595,Sham19Y0122406,3228,62,548,323,73
2026,1032,1293,Sham19Y0122406,3229,787,1084,144,54
2026,262,591,Sham19Y0122406,3229,35,314,133,42
2026,180,1538,ShamAY0000351,610,303,1518,889,77
2026,194,465,ShamAY0033531,2916,678,1003,176,66
2026,194,465,ShamAY0033531,4099,366,691,176,66
2026,90,390,Sham19Y0018144,2270,260,601,221,82
2026,933,1560,Shia003732Vols,3127,1,386,263,49
2026,127,506,ShamAY0034005,783,336,926,254,54
2026,265,591,Sham19Y0020638,977,607,992,144,35
2026,165,394,Sham19Y0146127,1523,855,1070,150,82
2026,994,1560,Shamela0011036,880,567,1338,325,47
2026,854,1425,Sham19Y0016599,1174,925,1285,236,46
2026,132,565,Shia001926,38,788,1189,205,48
2026,132,565,JK000828,2,732,1133,205,48
2026,747,1560,Sham19Y0122257,2523,83,787,537,80
2026,297,1188,Sham19Y0017063,1049,1,609,323,37
2027,1,130,Sham19Y0013769,1792,1476,1609,100,95
2027,1,908,Shamela0008176,5457,125,660,389,53
2027,1,518,Sham19Y0017747,658,1012,1531,380,87
2027,725,1123,Sham19Y0017747,659,277,627,200,56
2027,245,654,Shia000841Vols,2058,1132,1543,243,67
2027,1,209,Shia000841Vols,2058,610,902,142,58
2027,1,524,Sham19Y0131521,5482,107,277,135,32
2027,1,171,Sham19Y0131521,5623,671,841,135,100
2027,978,1478,Shamela0001727,1187,1102,1466,95,15
2027,1,588,JK011184,466,328,714,297,62
2027,1,209,Sham19Y0127700,431,1313,1539,164,92
2027,238,725,Sham19Y0127700,432,1,426,293,72
2027,1123,1343,Sham19Y0122096,4346,1586,1739,123,68
2027,725,908,Shia001831Vols,428,804,997,123,74
2027,1,690,Shamela0036543,1660,911,1443,386,67
2027,706,908,Shamela0000140,2117,1132,1428,141,57
2027,1,584,Shamela0023685,606,738,1300,386,75
2027,978,1546,Sham19Y0122406,3230,209,784,194,27
2027,735,978,ShamAY0000351,573,1,245,199,99
2027,1,710,ShamAY0000351,611,23,736,565,98
2027,14,403,ShamAY0033531,2900,1144,1434,180,55
2027,14,403,ShamAY0033531,4083,799,1089,180,55
2027,973,1478,Sham19Y0018144,5961,275,728,74,11
2027,1,171,Sham19Y0018272,2193,468,642,135,97
2027,1130,1431,Masaha001864Vols,4711,1189,1488,238,94
2027,1,200,Shamela0011036,880,1338,1537,157,100
2027,223,690,Shamela0011036,881,177,648,343,85
2027,76,690,Sham19Y0016599,1175,480,1193,375,60
2027,93,403,Shamela0009242,635,1,224,140,54
2027,1,1123,Sham19Y0122257,2523,787,1392,444,49
2027,1070,1420,Sham19Y0017063,1043,665,1102,228,58
2028,1,349,ShamIbadiyya0000438,1200,151,607,200,50
2028,1,219,Sham19Y0131521,5470,60,212,114,63
2028,334,1505,Shia001831Vols,428,1069,1450,241,25
2028,1392,1505,JK000201,2454,1047,1160,91,100
2028,1266,1568,JK000201,3495,1137,1458,213,76
2028,453,964,JK000201,3521,962,1401,303,66
2028,759,1072,Shamela0023685,607,1298,1505,125,49
2028,458,964,ShamAY0033531,2890,950,1407,298,63
2028,1372,1505,ShamAY0033531,2966,391,524,107,100
2028,458,964,ShamAY0033531,4073,633,1090,298,63
2028,1372,1505,ShamAY0033531,4149,82,215,107,100
2028,501,1092,Sham19Y0122257,2516,1093,1536,186,32
2029,406,906,Sham19Y0145166,732,479,875,310,74
2029,397,1259,Shamela0008176,5445,291,1256,383,36
2029,956,1493,Sham19Y0131521,5582,1,527,411,92
2029,154,475,Shamela0001727,1189,387,816,177,48
2029,499,1493,Shamela0021599,3194,562,1253,523,64
2029,47,251,Shamela0005756,12495,750,970,107,57
2029,17,251,JK000201,3496,1,413,137,40
2029,1240,1504,Shamela0023685,545,614,975,201,67
2029,392,906,Shamela0023685,623,96,516,340,80
2029,211,719,Sham19Y0122406,3233,901,1540,166,25
2029,416,1149,ShamAY0033531,2964,1035,1645,471,76
2029,1149,1493,ShamAY0033531,2965,1,345,277,100
2029,47,251,ShamAY0033531,2966,648,916,148,66
2029,416,1467,ShamAY0033531,4147,658,1586,727,83
2029,47,251,ShamAY0033531,4149,339,607,148,66
2029,397,900,Sham19Y0017791,1446,904,1248,104,20
2029,416,799,Sham19Y0018272,1525,1246,1589,267,82
2029,154,455,Sham19Y0020638,978,1257,1466,131,48
2029,441,890,Sham19Y0122257,2517,1231,1514,204,51
2029,922,1207,Sham19Y0014601,5392,1019,1294,203,82
2029,1207,1493,Sham19Y0014601,5393,93,329,186,80
2030,134,298,Sham19Y0148486,1093,86,246,126,96
2030,290,475,ShamAY0035035,7078,626,798,137,90
2030,1207,1408,ShamAY0035035,7080,1,193,143,88
2030,65,368,Shamela0008176,5446,657,1117,122,30
2030,618,1300,Shamela0008176,5447,1214,1423,132,22
2030,980,1512,Shamela0008176,5448,1,148,121,27
2030,153,298,Shamela0008176,5495,1,153,115,94
2030,885,1300,Shamela0002569,279,270,573,148,38
2030,12,298,Shia000841Vols,1325,1036,1411,171,50
2030,1151,1300,Sham19Y0131521,5524,1215,1367,114,93
2030,12,298,Shamela0001727,1191,187,538,164,50
2030,123,298,Sham19Y0013572,637,1319,1501,139,95
2030,12,298,Shamela0012014,204,1021,1410,173,50
2030,967,1518,Sham19Y0127677,6188,340,611,216,47
2030,298,432,Sham19Y0127677,6246,1374,1509,112,99
2030,432,878,Sham19Y0127677,6247,1,211,161,44
2030,298,534,Sham19Y0127677,14480,824,1055,186,97
2030,130,298,JK000386,1011,485,667,133,91
2030,678,1314,Shamela0001673,8757,786,1048,164,31
2030,123,1414,Shamela0000140,1162,599,1171,326,30
2030,678,1314,JK000201,2434,1039,1306,163,30
2030,618,840,Shamela0023685,599,187,428,176,87
2030,7,1252,ShamAY0034815,338,769,1552,634,62
2030,1252,1528,ShamAY0034815,339,1,277,225,100
2030,123,298,Sham19Y0145212,2707,1278,1461,135,90
2030,31,235,Sham19Y0132524,2142,138,787,144,28
2030,78,310,Kraken230110004547,572,559,789,134,69
2030,123,298,Sham19Y0018144,2282,14,205,137,90
2030,134,298,Shamela0025800,3027,354,527,130,93
2030,130,298,ShamAY0034005,795,338,535,129,79
2030,75,658,Sham19Y0018272,588,1342,1524,118,24
2030,666,1512,Sham19Y0018272,589,1,530,415,59
2030,298,1173,ShamAY0034383,550,712,1584,705,98
2030,1173,1523,ShamAY0034383,551,1,351,285,100
2030,123,298,Shamela0026484,485,376,554,139,97
2030,12,298,Sham19Y0020638,980,474,770,175,71
2030,12,244,JK000216,151,902,1432,142,33
2030,1068,1350,Sham19Y0095660,1906,314,790,99,21
2030,123,310,Sham19Y0146127,555,447,629,131,85
2030,290,534,Shamela0011036,2180,691,1195,180,43
2030,737,1408,Shamela0011036,2183,475,1042,436,78
2030,310,499,Shamela0009242,664,411,588,123,73
2030,12,298,Sham19Y0017616,340,721,1021,160,65
2030,134,260,JK007065,579,1267,1393,100,100
2030,310,525,Sham19Y0122257,2518,1068,1243,132,75
2030,618,913,Sham19Y0122257,2519,306,503,111,46
2030,840,1523,Sham19Y0122257,2519,917,1192,221,39
2030,12,298,Sham19Y0122257,2535,227,493,157,66
2030,1151,1300,Sham19Y0014601,5353,39,191,114,93
2030,318,956,Sham19Y0017063,1045,410,887,368,69
2030,12,298,Shamela0008360,654,630,902,157,67
2030,484,945,Shamela0000791,616,738,1124,300,80
2030,961,1278,Sham19Y0013605,4148,617,759,111,42
2031,1054,1361,JK000021,1815,1029,1246,106,45
2031,1054,1418,Shamela0001733,2694,619,973,135,39
2031,1054,1361,Shia001615Vols,668,1007,1221,101,40
2031,1054,1418,Shamela0021629,268,752,1026,134,47
2031,566,932,ShamIbadiyya0000438,197,1161,1511,265,87
2031,1054,1378,Sham19Y0148486,1373,1144,1377,107,42
2031,1054,1418,Shamela0006610,157,485,783,136,46
2031,111,486,ShamAY0035035,7075,1124,1440,169,53
2031,1054,1418,Shamela0008203,161,296,550,125,45
2031,1054,1418,Shamela0008176,5507,1014,1295,142,49
2031,1103,1482,Shamela0008176,5508,1,680,183,33
2031,1054,1361,JK006897,201,410,629,106,45
2031,1054,1418,Shamela0012293,2579,450,732,134,46
2031,1054,1418,Shamela0012293,4195,630,912,134,46
2031,1054,1361,Shamela0001719,3038,199,408,112,46
2031,1054,1361,Shamela0001719,4740,889,1098,108,46
2031,1054,1342,ShamIbadiyya0000095,431,1242,1416,90,38
2031,1054,1418,Sham19Y0036110,48,796,1140,87,22
2031,1054,1361,JK007128,488,409,627,111,46
2031,1054,1366,Shamela0025791,743,1229,1459,107,44
2031,43,200,Shamela0001727,1191,997,1250,120,59
2031,1054,1418,Shamela0001727,1192,1065,1419,129,38
2031,1273,1466,Sham19Y0014088,147,1123,1316,156,100
2031,111,270,Sham19Y0013572,1218,866,1029,109,85
2031,111,257,Shamela0005756,13440,364,576,114,67
2031,1054,1418,Shamela0012014,63,1034,1400,134,38
2031,1054,1418,Sham19Y0127677,15432,158,454,131,46
2031,1054,1418,Sham19Y0035453,176,68,363,133,46
2031,1081,1342,Sham19Y0014309,1274,1203,1461,165,70
2031,1342,1487,Sham19Y0014309,1275,1,146,118,100
2031,1054,1418,Sham19Y0017903,891,634,933,131,44
2031,1064,1265,Shamela0000140,450,644,1277,117,23
2031,566,904,JK000201,2444,208,536,259,95
2031,1054,1361,JK009365,145,829,970,72,29
2031,1054,1361,Shamela0021660,5244,873,1093,106,45
2031,38,200,Sham19Y0122406,3237,1076,1334,121,58
2031,1054,1418,Sham19Y0145212,2713,1058,1325,129,47
2031,1140,1418,Shamela0000107,4644,1,239,111,49
2031,1054,1366,Sham19Y0001734,7,485,683,112,46
2031,111,404,Sham19Y0038171,1913,1257,1463,107,47
2031,1054,1418,Sham19Y0018144,2283,607,929,83,22
2031,1054,1418,Shamela0025800,1109,309,623,131,42
2031,1054,1418,Shamela0095735,438,6,291,135,47
2031,1054,1361,ShamAY0034005,784,1088,1306,107,45
2031,1054,1361,Shamela0026566,37,931,1147,106,45
2031,92,277,Sham19Y0020638,980,1214,1422,141,85
2031,1007,1418,Sham19Y0020638,981,381,739,153,44
2031,1054,1418,Sham19Y0013223,789,214,519,126,43
2031,1054,1418,Shamela0008476,566,1208,1480,127,45
2031,1054,1418,Shamela0008476,568,1177,1480,133,45
2031,1054,1366,Shamela0012981,1389,150,375,106,44
2031,1054,1366,Sham19Y0013252,8858,867,1091,104,44
2031,1054,1418,Sham19Y0146127,696,948,1213,141,45
2031,111,486,Shamela0011036,2177,241,559,173,54
2031,1058,1361,Shamela0012052,792,403,623,108,41
2031,1054,1418,Sham19Y0017616,343,774,1061,135,48
2031,1054,1418,JK007065,447,570,899,134,41
2031,92,373,JK007065,1011,96,779,149,27
2031,1054,1418,Sham19Y0011194,175,671,938,131,46
2031,262,486,Sham19Y0122257,2518,1276,1483,136,73
2031,580,1418,Sham19Y0122257,2539,731,1322,207,27
2031,92,497,Sham19Y0017063,1045,878,1376,225,54
2031,1054,1418,Sham19Y0017063,1060,421,724,129,38
2031,92,486,Sham19Y0017063,1160,890,1298,227,64
2031,497,608,Shamela0021537,1870,14,125,90,100
2032,1022,1128,Shamela0007441,563,81,211,73,74
2032,1003,1128,Shamela0004445,2845,1082,1213,88,85
2032,988,1152,Masaha003032,46,609,763,111,89
2032,1031,1148,Shamela0007891,1993,1,130,77,81
2032,337,502,Sham19Y0017350,1072,648,818,65,40
2032,988,1159,Sham19Y0145435,6130,657,840,115,84
2032,337,502,Sham19Y0013667,5456,525,701,65,39
2032,337,549,Sham19Y0013769,1806,1091,1314,73,36
2032,988,1232,Sham19Y0016584,3928,915,1223,138,52
2032,988,1148,Sham19Y0148486,2413,709,891,121,87
2032,1152,1520,Shamela0008176,5514,164,550,281,87
2032,988,1232,JK009242,342,340,596,128,56
2032,1207,1520,Shamela0002569,233,8,314,240,94
2032,988,1152,JK000110,1559,1155,1327,113,88
2032,806,983,Shia000841Vols,2063,382,572,121,73
2032,1022,1128,Rafed0003489,140,268,375,73,86
2032,988,1232,Shamela0025794,938,763,996,129,66
2032,988,1232,Shamela0025794,1171,809,1050,129,63
2032,988,1148,Sham19Y0131521,175,1140,1300,120,99
2032,988,1152,Shamela0021715,8979,1061,1237,112,85
2032,337,502,Shamela0001727,1193,8,184,65,39
2032,988,1152,Shamela0001727,1193,1008,1172,121,98
2032,1022,1128,JK006838,1335,258,361,70,83
2032,988,1152,JK000786,2472,1072,1245,116,87
2032,337,665,Sham19Y0013572,563,52,318,97,33
2032,988,1232,Sham19Y0013572,563,271,469,139,75
2032,230,652,Sham19Y0127700,48,696,1117,136,37
2032,988,1148,Shamela0005756,13532,997,1169,111,86
2032,988,1174,Sham19Y0023644,1505,627,792,112,75
2032,988,1148,Shamela0000894,5530,309,505,112,74
2032,988,1152,Shamela0011385,1766,759,932,111,83
2032,988,1133,Shamela0009300,4,110,265,105,90
2032,988,1148,Shamela0008657,200,1261,1413,113,93
2032,988,1232,Masaha001961Vols,1428,1030,1204,104,53
2032,988,1148,Sham19Y0014309,1273,1310,1472,108,81
2032,1,332,Sham19Y0014309,1275,146,482,252,93
2032,988,1232,Shamela0035100,680,468,739,143,68
2032,993,1235,Shamela0026662,27,245,517,111,51
2032,988,1262,Sham19Y0017903,892,87,435,158,59
2032,1,462,Shamela0000140,451,131,564,266,67
2032,988,1148,JK000201,2450,643,815,111,86
2032,988,1232,Shamela0023647,20,1045,1240,134,72
2032,988,1232,Shamela0010906,677,666,934,141,67
2032,1022,1148,Shamela0021597,2016,1316,1461,91,81
2032,993,1232,Shamela0023685,610,1080,1271,122,66
2032,988,1098,Sham19Y0122406,3240,1346,1456,82,100
2032,972,1152,JK009324,3103,245,613,118,42
2032,1003,1128,Shamela0006590,578,1002,1121,73,65
2032,988,1148,Shamela0096239,134,31,178,111,91
2032,966,1232,Sham19Y0132524,2145,5,263,150,68
2032,988,1148,Sham19Y0018106,3590,1176,1348,111,86
2032,988,1148,Sham19Y0018103,3518,230,402,111,86
2032,337,665,Shamela0025800,1106,434,782,105,32
2032,988,1232,Shamela0025800,1106,735,932,140,75
2032,993,1235,Shamela0008362BK3,28,397,624,125,64
2032,988,1232,Sham19Y0017729,446,191,501,144,60
2032,1003,1128,Shia001269,548,345,476,86,84
2032,337,502,Sham19Y0150600,787,900,1070,65,40
2032,988,1232,Shia003732Vols,3155,79,280,129,68
2032,988,1152,Shamela0095735,430,1206,1390,111,80
2032,337,502,Sham19Y0014224,1147,210,375,64,41
2032,671,983,Sham19Y0014224,1147,1025,1381,231,77
2032,993,1128,ShamAY0034005,1470,374,541,99,79
2032,983,1232,Sham19Y0020638,981,1089,1296,142,76
2032,230,665,Sham19Y0020638,981,645,1140,129,31
2032,988,1128,Masaha001864Vols,4726,1,141,105,100
2032,1003,1520,Masaha001864Vols,4727,397,868,340,74
2032,988,1232,Shamela0000700,12,1136,1325,133,72
2032,988,1152,ShamAY0035884,383,1115,1285,118,90
2032,988,1232,Sham19Y0146127,1264,551,799,145,76
2032,230,665,Sham19Y0017616,343,974,1422,96,17
2032,1060,1148,ShamAY0038405,870,1,89,66,100
2032,988,1366,Sham19Y0122255,104,366,912,184,35
2032,988,1232,JK007065,519,454,684,146,78
2032,337,599,Sham19Y0011194,175,390,671,92,33
2032,988,1148,Sham19Y0018176,2132,715,887,111,86
2032,988,1232,Sham19Y0148271,1131,127,420,138,55
2032,363,665,Sham19Y0013605,4186,202,776,139,26
2032,1007,1232,Sham19Y0013605,4189,1,285,122,49
2032,988,1148,Shamela0009642,275,921,1065,103,80
2033,1176,1416,Sham19Y0013769,2887,690,1163,160,41
2033,465,625,Shamela0008176,5505,584,895,100,39
2033,1167,1491,JK009242,341,1100,1451,147,42
2033,1159,1331,Sham19Y0122402,1380,804,981,119,81
2033,501,928,Shamela0002569,245,367,714,226,61
2033,1144,1351,Shamela0025794,2341,766,1024,137,67
2033,1144,1495,Sham19Y0131521,5661,331,788,198,52
2033,457,625,Shamela0021715,8980,1121,1338,92,46
2033,1144,1499,Shamela0001727,1195,219,570,169,46
2033,1144,1331,ShamAY0038636,26,747,944,128,80
2033,1139,1499,Shamela0005756,13526,460,1217,191,32
2033,1144,1331,Shamela0005756,13527,385,570,140,93
2033,1176,1416,Shamela0001673,8837,224,695,159,41
2033,1262,1505,Shamela0004473,12379,1,398,190,60
2033,1144,1491,Shamela0009323,44,108,456,158,55
2033,860,1331,Sham19Y0017903,892,517,947,155,28
2033,963,1331,Shia001831Vols,429,540,787,135,39
2033,452,625,JK000201,2450,942,1126,137,93
2033,341,438,JK000201,2451,122,222,74,95
2033,860,1301,Sham19Y0122406,3243,784,1448,160,24
2033,487,625,Kraken2107192213411,13,1191,1324,107,96
2033,487,625,Kraken2107192213411,67,807,940,107,96
2033,1144,1331,Sham19Y0001734,2059,585,765,128,85
2033,457,630,ShamAY0033531,3005,769,938,134,97
2033,648,879,ShamAY0033531,4187,1288,1508,130,63
2033,457,630,ShamAY0033531,4188,461,630,134,97
2033,452,963,Sham19Y0017791,1463,304,840,76,11
2033,1144,1416,Sham19Y0150639,339,657,1184,174,39
2033,1156,1495,Sham19Y0020638,983,354,701,171,52
2033,1144,1505,Shamela0010322,48,35,570,261,61
2033,1151,1331,Masaha001864Vols,1598,915,1149,129,69
2033,1,433,Masaha001864Vols,4727,868,1237,296,85
2033,146,590,Masaha001864Vols,4737,1119,1563,338,91
2033,590,928,Masaha001864Vols,4738,1,340,269,99
2033,1144,1331,Shamela0012981,1579,13,190,116,73
2033,1139,1331,Sham19Y0013252,8854,10,195,122,75
2033,1144,1486,ShamAY0035884,383,873,1149,152,46
2033,469,784,Sham19Y0122257,2539,419,688,133,44
2033,457,1306,Sham19Y0014119,471,6,878,207,22
2033,438,963,Sham19Y0017063,1059,700,1429,204,26
2033,963,1306,Sham19Y0017063,1060,1006,1412,148,34
2033,1147,1342,Sham19Y0148271,130,676,874,129,76
2033,1139,1499,Sham19Y0013605,4186,668,1315,195,37
2034,1313,1501,Sham19Y0013769,1808,241,417,124,75
2034,144,458,Sham19Y0013769,2888,1009,1546,229,51
2034,458,650,Sham19Y0013769,2889,1,206,135,74
2034,1164,1332,Shamela0008176,5516,578,922,126,46
2034,1076,1313,Sham19Y0013614,640,1,293,141,58
2034,473,656,Sham19Y0131521,5661,720,911,146,93
2034,1073,1286,Sham19Y0122401,1424,9,329,112,43
2034,1136,1320,Shamela0000894,5531,267,563,123,50
2034,144,650,Shamela0001673,8838,494,1235,365,60
2034,62,357,Shamela0004473,12379,1068,1356,215,88
2034,1357,1501,JK000201,2499,721,875,117,92
2034,593,1188,Shamela0023685,615,955,1504,165,28
2034,1073,1332,Sham19Y0013785,1215,119,345,120,57
2034,1033,1426,Sham19Y0122406,3245,20,574,217,47
2034,1164,1332,Sham19Y0145212,2715,244,437,126,82
2034,36,195,Sham19Y0132524,3257,1368,1527,117,93
2034,195,388,Sham19Y0132524,3258,1,193,157,99
2034,900,1286,Sham19Y0038171,1340,522,1093,140,31
2034,11,656,ShamAY0033531,3006,268,887,486,90
2034,91,656,ShamAY0033531,4189,1,584,458,96
2034,1173,1501,Sham19Y0014224,1148,841,1099,176,62
2034,894,1348,Sham19Y0020638,983,548,1340,204,30
2034,62,267,Shamela0010322,48,1240,1433,144,86
2034,667,991,Masaha001864Vols,4736,321,645,254,99
2034,900,1274,Shamela0021550,313,464,930,150,37
2034,1069,1274,JK000001,1423,130,432,116,48
2034,599,863,Shamela0026961,1,1195,1499,160,67
2034,863,991,Shamela0026961,2,1,100,76,76
2034,900,1332,Sham19Y0017616,344,442,973,216,47
2034,473,656,Sham19Y0014601,5445,1085,1248,121,79
2034,905,1332,Sham19Y0014119,471,638,1038,228,58
2034,1173,1501,Sham19Y0017063,1061,924,1371,201,56
2034,667,1236,Sham19Y0017063,1061,137,541,267,57
2034,1053,1236,Sham19Y0014325,1172,159,520,106,38
2034,884,1332,Shamela0008360,657,304,717,179,42
2035,1215,1514,ShamAY0036022,41,471,810,235,82
2035,1,173,Sham19Y0013769,1808,417,573,122,86
2035,758,970,ShamAY0035955,637,1307,1479,122,69
2035,795,1063,Shamela0008176,5516,330,478,110,49
2035,1215,1486,Shamela0008176,5533,332,798,202,52
2035,779,1054,Shamela0002569,241,663,915,205,90
2035,795,1054,Sham19Y0131521,5670,732,1036,133,40
2035,795,1063,Sham19Y0122401,1424,310,577,218,98
2035,253,439,ShamAY0034139,35,557,756,128,74
2035,787,1097,ShamAY0034139,35,1231,1473,139,49
2035,779,1063,JK000201,2447,422,697,227,96
2035,1,173,JK000201,2499,875,1047,139,97
2035,6,615,Sham19Y0122406,3245,609,1272,256,37
2035,1224,1605,Sham19Y0122406,3247,1,312,155,43
2035,1330,1486,ShamAY0033531,2961,1,147,117,91
2035,1215,1486,ShamAY0033531,4143,1003,1375,192,62
2035,742,970,Sham19Y0014224,1148,1327,1539,135,67
2035,1,173,Sham19Y0014224,1148,1099,1255,128,90
2035,1252,1486,Sham19Y0018272,301,656,953,189,77
2035,795,1063,Sham19Y0018272,1756,63,339,211,91
2035,1215,1574,Shamela0011036,2138,1031,1369,185,53
2035,795,1107,Sham19Y0122257,2541,804,987,131,49
2035,1281,1486,Sham19Y0122257,2548,146,339,153,92
2035,1,178,Sham19Y0017063,1061,1371,1530,128,88
2036,563,699,Sham19Y0017124,892,303,435,106,96
2036,1,271,JK007054,1149,1117,1389,130,53
2036,749,1195,ShamIbadiyya0000438,967,1217,1627,324,85
2036,521,699,Shamela0008176,2369,950,1110,121,82
2036,299,699,Sham19Y0131521,5577,371,986,228,43
2036,1,182,Shamela0021590,1487,1094,1471,116,38
2036,563,699,Sham19Y0127677,6184,1384,1516,106,96
2036,563,699,Sham19Y0127677,12650,144,276,106,96
2036,563,699,Sham19Y0127677,15885,1323,1455,106,96
2036,563,699,Sham19Y0127677,18742,1386,1518,106,96
2036,192,699,Shia003923Vols,786,1292,1472,138,34
2036,749,1013,ShamIbadiyya0000433,1060,1412,1675,216,96
2036,123,699,Shia001831Vols,429,1084,1332,149,32
2036,527,710,Shamela0009702,885,1183,1353,131,88
2036,1,182,Sham19Y0122406,3247,417,694,137,59
2036,11,348,Sham19Y0132524,2148,138,526,141,34
2036,563,699,Sham19Y0037618,7538,903,1035,106,96
2036,192,644,Shamela0001438,331,675,1074,95,16
2036,527,699,ShamAY0033531,2962,177,345,121,83
2036,192,662,Sham19Y0013631,1075,780,909,91,24
2036,182,662,Shamela0001687,4940,579,735,114,30
2036,1,245,ShamAY0034005,792,391,980,137,28
2036,563,699,Sham19Y0023618,2149,928,1060,106,96
2036,521,699,Sham19Y0150639,333,79,260,121,81
2036,1,348,Sham19Y0020638,984,86,677,204,41
2036,710,1604,Masaha001864Vols,4725,248,1197,732,92
2036,515,710,Sham19Y0013252,8848,537,741,129,72
2036,563,699,Shia001174Vols,1768,704,836,106,96
2036,563,699,Shia001174Vols,4764,954,1086,106,96
2036,755,1307,Shamela0011036,2139,1067,1594,440,94
2036,515,699,Shamela0011036,2145,330,524,125,78
2036,563,699,Sham19Y0023625,1221,599,731,106,96
2036,497,710,Sham19Y0017063,1067,703,916,158,91
2037,826,1327,Sham19Y0020944,928,255,680,180,39
2037,622,812,Shamela0007891,1972,1242,1469,75,29
2037,812,1185,Shamela0007891,1973,1,280,139,43
2037,961,1511,Shia001432Vols,27786,855,1267,213,47
2037,994,1409,ShamIbadiyya0000438,252,1245,1573,168,46
2037,632,1273,Sham19Y0016584,497,824,1380,149,21
2037,744,1294,Sham19Y0148486,1059,510,770,180,40
2037,739,1294,Shamela0008176,5448,471,1393,265,36
2037,632,856,Shamela0008176,5449,266,407,76,43
2037,744,893,Shamela0001719,2184,652,813,113,89
2037,968,1294,Sham19Y0127656,897,608,852,167,61
2037,739,1294,Sham19Y0013614,634,105,592,180,28
2037,744,879,Shamela0002863,1725,500,767,102,48
2037,744,875,Shamela0025794,2606,586,717,103,100
2037,961,1311,Shia003965Vols,9423,113,405,151,50
2037,986,1511,Sham19Y0131521,3420,907,1141,178,41
2037,728,1327,Sham19Y0131521,5516,262,770,236,43
2037,776,1317,JK007128,607,810,1409,187,27
2037,1,196,Shamela0001727,1197,210,555,113,39
2037,635,875,Shamela0001727,1197,599,838,143,70
2037,1152,1511,Shia000234Vols,2633,1,287,153,54
2037,744,1159,JK011496,145,1013,1285,157,45
2037,961,1311,Shia000819,430,946,1252,154,50
2037,1311,1511,Shamela0005756,2256,1312,1524,144,76
2037,986,1298,Shamela0005756,2256,9,227,145,55
2037,961,1287,Shamela0005756,13471,1027,1274,148,53
2037,757,1287,Sham19Y0127677,13338,490,1075,213,36
2037,1038,1341,Sham19Y0017104,112,1,369,168,53
2037,961,1500,Shamela0001673,1576,174,605,251,54
2037,961,1287,Shia003923Vols,866,1131,1371,143,52
2037,744,875,Shamela0009804,322,755,883,98,95
2037,112,438,Sham19Y0013253,753,1159,1425,162,63
2037,997,1385,Sham19Y0013253,754,1,494,214,53
2037,961,1189,Shia001831Vols,429,1336,1539,145,75
2037,1189,1511,Shia001831Vols,430,1,309,250,95
2037,744,875,ShamAY0033522,684,1219,1350,103,100
2037,961,1294,ShamAY0033522,685,117,384,157,55
2037,612,1500,JK000201,2472,949,1523,297,38
2037,744,875,Zaydiyya0000054,358,395,531,103,96
2037,91,875,Sham19Y0122406,3248,678,1203,319,51
2037,744,1385,Sham19Y0122406,3249,103,701,277,45
2037,961,1287,Shia002265Vols,6353,1069,1309,143,52
2037,801,1294,Sham19Y0145212,2684,769,1308,194,39
2037,744,875,Shamela0012399,3673,371,502,103,100
2037,1017,1511,ShamAY0038640,810,8,610,256,41
2037,744,875,Sham19Y0127713,1636,828,957,97,95
2037,744,875,Sham19Y0001734,1981,804,934,100,97
2037,622,870,Sham19Y0132524,2148,1299,1522,156,75
2037,622,1327,Sham19Y0132524,2149,180,772,279,42
2037,968,1511,Shamela0001438,331,278,575,221,51
2037,794,1294,Shamela0001438,431,611,967,177,41
2037,968,1500,ShamAY0033531,2925,1,402,246,55
2037,757,1359,ShamAY0033531,4107,1111,1578,234,42
2037,776,875,Kraken230110004547,573,735,838,72,88
2037,961,1423,Sham19Y0013631,1196,1210,1524,178,49
2037,968,1511,Sham19Y0018103,558,275,659,260,56
2037,757,1283,Shamela0001687,6787,1117,1540,183,36
2037,961,1294,Shamela0001687,7640,850,1375,167,34
2037,961,1294,ShamAY0035990,58,1,483,151,40
2037,744,893,Shamela0025800,1977,1048,1220,105,78
2037,776,875,Shamela0025800,3033,645,757,72,81
2037,744,875,Shia003732Vols,2997,546,677,96,93
2037,744,875,Sham19Y0014462,82,755,886,103,100
2037,956,1294,Sham19Y0131336,1941,786,1129,269,98
2037,744,875,Sham19Y0006684,4145,1199,1330,103,100
2037,744,875,Sham19Y0020638,984,645,776,103,100
2037,961,1341,Sham19Y0016782,443,15,343,169,46
2037,961,1287,Masaha001864Vols,3969,543,787,147,54
2037,961,1287,ShamAY0007299,3595,212,446,123,46
2037,981,1341,JK001211,84,1001,1404,154,42
2037,961,1341,Sham19Y0017829,530,729,1051,162,45
2037,968,1500,Shia001976Vols,1577,283,732,238,49
2037,961,1311,JK007040,3175,502,805,166,53
2037,632,1287,Sham19Y0146127,537,716,1003,171,33
2037,961,1511,Shamela0011036,1538,180,738,422,92
2037,744,893,Shamela0000551,2853,788,946,115,92
2037,961,1500,Shamela0009242,607,610,1041,254,54
2037,622,875,Sham19Y0017616,340,267,462,138,69
2037,744,893,Zaydiyya0000361,923,322,508,113,76
2037,744,875,Shamela0026802,50,1284,1415,103,100
2037,744,1073,Shia002119Vols,3518,1018,1459,199,56
2037,744,875,JK007065,649,996,1124,101,97
2037,981,1287,Sham19Y0011194,306,892,1123,137,53
2037,732,1500,Sham19Y0018176,221,714,1256,305,46
2037,968,1294,Sham19Y0122257,1753,556,794,142,52
2037,968,1177,Sham19Y0122257,2519,1338,1507,132,78
2037,961,1327,Sham19Y0014601,5348,420,772,196,54
2037,956,1469,Sham19Y0017063,647,528,867,202,43
2037,804,1511,Sham19Y0017063,1046,1,735,435,70
2037,757,875,Shia000121Vols,532,1017,1135,91,98
2037,961,1327,Sham19Y0150962,1373,307,647,191,54
2037,956,1362,Shamela0000791,614,1203,1609,324,99
2037,1362,1516,Shamela0000791,615,1,155,125,100
2037,961,1505,Sham19Y0013605,853,937,1430,384,86
2037,981,1294,Sham19Y0013605,4164,715,970,195,77
2038,408,1125,ShamAY0035955,663,88,778,546,94
2038,941,1086,Shamela0008176,5866,1439,1572,107,91
2038,634,848,Shamela0008176,5867,29,201,121,67
2038,688,954,Sham19Y0131521,6411,19,202,96,45
2038,10,213,Shamela0005756,2256,789,992,145,82
2038,1148,1528,Sham19Y0013253,754,1077,1460,170,43
2038,1148,1528,Sham19Y0122406,3250,1131,1495,163,42
2038,1,224,Sham19Y0131336,1941,1134,1358,180,98
2038,380,1141,Masaha001864Vols,4747,527,1323,602,94
2038,10,178,Shamela0011036,1537,751,918,135,98
2038,921,1086,Sham19Y0122257,2686,1090,1245,115,84
2038,1,259,Sham19Y0017063,647,858,1127,174,74
2038,254,964,Sham19Y0017063,1160,41,766,270,34
2038,1,224,ShamIbadiyya0000942,290,559,756,147,80
2038,1,250,Shamela0000791,615,155,405,193,92
2038,1,213,Sham19Y0013605,854,142,346,162,94
2039,810,1552,JK007054,1001,212,589,251,39
2039,347,489,Sham19Y0148486,4654,247,392,112,95
2039,810,1552,Shamela0025791,406,1197,1547,219,33
2039,351,672,Sham19Y0017817,26,310,709,165,43
2039,347,1548,Shamela0000894,5243,499,1380,481,42
2039,387,666,Sham19Y0013253,755,87,309,164,70
2039,592,1261,Shia001831Vols,430,564,903,233,42
2039,347,766,Shamela0000140,2040,98,655,145,26
2039,347,1109,JK000201,2463,605,896,151,22
2039,79,614,Sham19Y0122406,3251,405,1498,228,22
2039,983,1548,Sham19Y0122406,3252,310,1080,321,47
2039,347,1170,Sham19Y0132524,2150,342,1140,279,31
2039,978,1190,Sham19Y0018272,688,1370,1547,128,73
2039,79,531,Sham19Y0020638,986,157,581,202,45
2039,347,479,Shamela0011468BK1,1076,1364,1486,99,92
2039,351,677,Sham19Y0013252,8890,900,1181,163,57
2039,990,1290,Masaha001946Vols,1110,97,313,154,62
2039,983,1632,Shamela0009242,178,590,1217,480,89
2039,84,527,Sham19Y0017616,339,245,682,193,43
2039,802,1202,Sham19Y0122255,506,1152,1575,326,94
2039,1202,1632,Sham19Y0122255,507,1,432,353,99
2039,347,951,Sham19Y0017063,1070,507,1135,269,41
2039,802,1548,Shamela0000791,622,597,1276,546,89
2040,593,728,ShamAY0034041,174,1256,1392,108,97
2040,758,1542,Shamela0021629,524,507,1165,373,52
2040,750,1100,JK000196,3021,756,992,166,58
2040,728,1547,Shamela0003055,4346,519,1214,548,83
2040,728,1542,Shamela0003055,4358,327,789,363,55
2040,593,966,Shamela0003055,4533,1234,1601,297,97
2040,966,1547,Shamela0003055,4534,1,517,397,85
2040,831,1323,Shamela0008176,5611,1,345,233,55
2040,1023,1355,Shamela0008540,344,261,554,209,78
2040,902,1416,Sham19Y0014579,1045,273,390,71,18
2040,1112,1349,Sham19Y0131521,5591,366,597,157,79
2040,1,300,Sham19Y0131521,5649,1126,1425,238,99
2040,728,1023,Sham19Y0029676,209,1264,1539,197,77
2040,1125,1416,Shamela0021715,5130,222,454,157,66
2040,750,1104,Shamela0021715,9042,1002,1245,183,65
2040,665,1323,Shamela0021715,9046,391,654,164,30
2040,716,1023,ShamAY0034204BK1,717,660,1081,224,63
2040,728,1547,Shamela0005756,13596,530,890,249,38
2040,831,1125,Shamela0001673,8935,1,205,137,61
2040,593,1298,Shamela0004473,3337,812,1514,563,99
2040,1380,1547,Shamela0004473,3338,1,169,135,99
2040,728,1100,Shamela0004473,3716,637,999,283,94
2040,728,1153,Sham19Y0035453,124,1067,1476,319,92
2040,1153,1547,Sham19Y0035453,125,1,507,278,65
2040,758,1100,Sham19Y0014309,1301,987,1240,185,68
2040,675,1216,ShamIbadiyya0000433,370,975,1505,374,82
2040,1216,1547,ShamIbadiyya0000433,371,1,513,237,56
2040,1,582,Shia001831Vols,430,944,1413,342,70
2040,728,1547,JK000201,2452,701,1445,594,90
2040,593,728,ShamAY0034815,339,1041,1177,108,97
2040,593,728,ShamAY0034815,379,1291,1427,108,97
2040,593,728,Sham19Y0122406,3253,1033,1169,108,97
2040,750,1100,Shamela0003565,2866,342,609,194,69
2040,750,1298,Sham19Y0018272,319,374,981,350,62
2040,1,582,Sham19Y0018272,689,114,526,278,57
2040,750,1100,Sham19Y0013223,2253,523,726,151,54
2040,750,1100,Sham19Y0013223,2643,645,847,151,55
2040,330,489,Sham19Y0013252,8897,1,146,114,87
2040,728,1176,Sham19Y0013252,8926,1248,1587,223,58
2040,1176,1547,Sham19Y0013252,8927,1,252,181,59
2040,7,582,Masaha001946Vols,1110,321,804,308,60
2040,750,1100,Shamela0021598,3013,369,636,194,69
2040,1,244,Shamela0009242,178,1217,1460,196,100
2040,728,876,Shamela0009242,646,1458,1602,120,97
2040,876,1200,Shamela0009242,647,1,306,228,89
2040,1205,1547,Shamela0009242,647,959,1285,242,87
2040,1,593,Sham19Y0122255,507,432,1020,473,98
2040,728,1100,Sham19Y0023625,2558,236,375,114,37
2040,671,1323,Sham19Y0122257,2570,1068,1553,320,55
2040,593,1547,Shamela0021537,806,169,1050,693,90
2040,597,1547,Shamela0021537,1126,1,890,703,91
2040,593,1547,Shamela0021537,6112,143,1024,693,90
2041,1024,1173,ShamAY0033177,483,99,250,113,88
2041,688,877,Shamela0021629,524,1165,1326,116,73
2041,1024,1192,Sham19Y0013667,5537,59,233,124,84
2041,1,314,Shamela0003055,4346,1214,1527,248,100
2041,1,214,Shamela0003055,4534,517,731,167,99
2041,248,891,Shamela0008540,344,25,755,293,37
2041,1024,1163,Sham19Y0131521,5596,1087,1237,110,90
2041,301,452,Sham19Y0127660,1376,1,152,119,100
2041,1,452,Shamela0021715,5130,459,858,297,82
2041,1040,1192,Shamela0001727,1200,1,153,121,99
2041,688,882,Shamela0005756,7436,908,1077,128,82
2041,1024,1192,Shamela0010664,366,575,734,122,88
2041,1024,1192,Shamela0004473,1958,1033,1217,134,90
2041,1,214,Shamela0004473,3338,169,384,167,98
2041,1024,1192,Shamela0022868,236,630,798,132,97
2041,1,902,Sham19Y0035453,125,507,1120,471,65
2041,11,891,ShamIbadiyya0000433,371,528,1355,515,65
2041,71,745,JK000201,2453,1,682,525,97
2041,1024,1192,Sham19Y0122406,3254,433,601,134,99
2041,704,832,Sham19Y0122406,3261,304,427,90,89
2041,230,825,Sham19Y0132524,2156,528,1318,161,19
2041,1024,1192,Shamela0001875,105,33,202,134,98
2041,1024,1192,Sham19Y0018144,2302,978,1158,133,91
2041,1024,1192,Sham19Y0020638,986,1083,1252,134,98
2041,1,877,Sham19Y0013252,4126,604,1140,243,29
2041,1,891,Sham19Y0013252,8927,252,911,501,70
2041,1024,1192,Shamela0011036,1460,796,936,111,81
2041,1,227,Shamela0009242,647,1285,1510,178,99
2041,227,891,Shamela0009242,648,1,539,415,78
2041,1024,1192,Sham19Y0017616,341,604,777,127,88
2041,1024,1192,JK007065,1475,817,986,133,97
2041,730,1192,Sham19Y0122257,2571,1,354,175,46
2041,1024,1192,Sham19Y0014032,176,761,890,101,75
2041,1,214,Shamela0021537,806,1050,1265,167,98
2041,1,214,Shamela0021537,1126,890,1105,167,98
2041,1,214,Shamela0021537,6112,1024,1239,167,98
2041,1024,1192,Shamela0010517,2811,390,551,128,95
2042,884,1361,ShamAY0033177,485,432,763,184,45
2042,821,1607,Shia001432Vols,21949,82,908,588,85
2042,1325,1607,Shia001615Vols,3038,1032,1341,209,81
2042,226,888,Sham19Y0148486,1383,46,275,95,18
2042,884,1305,Shamela0003055,4359,190,427,194,56
2042,896,1356,Shamela0008540,344,760,1265,355,82
2042,1305,1553,Shamela0008540,345,752,1005,184,86
2042,226,708,Sham19Y0131521,5597,142,628,89,15
2042,826,1453,Shamela0025791,532,817,1603,446,67
2042,1453,1607,Shamela0025791,533,1,153,121,96
2042,896,1277,Sham19Y0016684,1286,52,410,237,69
2042,226,888,ShamAY0033910,909,369,598,95,18
2042,1316,1561,Shamela0005756,7189,1318,1457,113,56
2042,853,1305,Shamela0005756,9473,779,1226,269,63
2042,821,1607,Shamela0010664,1256,647,1481,612,87
2042,888,1305,Shamela0005064,6,516,808,243,69
2042,226,888,JK000130,910,526,755,95,18
2042,884,1607,JK000201,3516,753,1478,593,99
2042,241,657,Sham19Y0122406,3256,385,561,112,34
2042,226,888,Sham19Y0018144,2303,489,719,96,18
2042,1325,1578,Shia001115Vols,767,1240,1519,187,81
2042,226,888,JK000475,970,260,496,95,18
2042,925,1305,Sham19Y0013252,5703,719,1077,245,72
2042,853,1607,Shamela0011036,1461,474,1122,346,44
2042,884,1116,Shamela0009242,650,165,344,122,60
2042,888,1325,Sham19Y0122257,2570,739,1077,233,63
2042,308,1062,Sham19Y0017063,1091,460,962,372,59
2042,830,1496,Sham19Y0013605,2736,54,436,262,47
2042,821,1430,Shamela0010517,2811,934,1544,502,99
2043,969,1197,JK000021,1808,943,1176,177,94
2043,1004,1143,JK000021,1873,70,209,109,97
2043,937,1204,Shamela0007891,1988,201,432,164,73
2043,969,1197,Shamela0006025,154,555,838,182,79
2043,1,455,Shia001432Vols,21949,916,1366,323,84
2043,1,224,Shia001615Vols,3038,1349,1579,179,92
2043,229,434,Shia001615Vols,3039,6,187,125,76
2043,755,932,Sham19Y0013769,2351,572,767,133,82
2043,969,1197,Sham19Y0148486,4581,230,465,182,96
2043,940,1197,Shamela0006610,154,489,728,175,85
2043,965,1143,Shamela0008203,158,1313,1499,141,94
2043,1,396,Shamela0008176,5610,788,1154,266,82
2043,937,1197,Tafsir09085,641,509,764,185,86
2043,937,1197,Tafsir09085,644,700,935,174,83
2043,937,1197,JK006897,59,799,1105,185,70
2043,940,1148,Shamela0012293,362,712,922,153,89
2043,940,1148,Shamela0012293,2940,699,911,153,88
2043,937,1143,Sham19Y0013614,646,1083,1257,120,72
2043,993,1143,Shia000841Vols,2062,219,392,113,80
2043,1,455,Shamela0008540,345,328,745,307,83
2043,190,460,Sham19Y0131521,482,1,264,196,86
2043,7,276,Sham19Y0131521,5591,708,991,158,57
2043,755,932,Sham19Y0131521,5595,1172,1410,112,56
2043,157,449,Sham19Y0131521,5597,369,598,149,61
2043,118,388,Shamela0021715,5128,796,1046,175,80
2043,940,1197,Shamela0021715,5697,206,451,189,91
2043,157,298,Shamela0021715,9050,1343,1481,106,91
2043,1,224,Shamela0025791,533,153,364,158,80
2043,10,405,Sham19Y0016684,1285,1131,1504,241,69
2043,969,1197,Shamela0001727,1201,813,1097,183,79
2043,1057,1197,Sham19Y0127700,51,1,139,110,97
2043,1,455,Shamela0005756,7190,47,513,347,89
2043,1,149,Shamela0010664,1256,1489,1635,121,98
2043,149,455,Shamela0010664,1257,8,304,208,82
2043,937,1197,Shamela0000894,5905,664,926,200,95
2043,998,1197,Shamela0001673,7651,1,175,135,84
2043,149,449,Shamela0005064,6,228,507,214,88
2043,969,1211,Shamela0006947,13440,1117,1419,179,73
2043,965,1197,Shamela0005922,2375,122,390,174,81
2043,969,1197,Shamela0008381,5826,555,839,183,79
2043,960,1197,Sham19Y0017903,890,771,1018,179,90
2043,1,165,JK000201,3516,1478,1642,136,100
2043,165,465,JK000201,3517,1,298,230,96
2043,940,1110,Shamela0021660,1486,985,1256,125,58
2043,969,1197,Sham19Y0122406,3257,29,313,183,79
2043,118,449,ShamAY0032249,620,184,503,243,92
2043,940,1197,Sham19Y0037618,4497,1175,1412,183,86
2043,998,1197,Kraken230110004547,201,718,925,158,94
2043,979,1197,Shamela0036446,693,928,1215,146,63
2043,965,1197,Sham19Y0013577,7879,1276,1543,174,81
2043,969,1197,Shamela0025800,1145,1052,1318,164,72
2043,965,1120,Sham19Y0123608,908,1327,1518,113,75
2043,960,1197,Sham19Y0017729,445,713,960,179,90
2043,998,1197,JK000917,1323,255,443,146,91
2043,969,1197,Sham19Y0020638,988,101,384,182,79
2043,224,449,Shia001115Vols,767,933,1131,136,75
2043,1,224,Shia001115Vols,768,37,266,179,92
2043,1,449,Sham19Y0013252,5703,288,684,270,70
2043,998,1197,Sham19Y0146127,2461,389,588,159,98
2043,1,449,Shamela0011036,1461,1122,1516,298,80
2043,937,1143,Sham19Y0016976,1401,1271,1445,120,72
2043,10,410,Shamela0009242,650,781,1114,240,72
2043,969,1197,JK007065,1296,231,515,183,79
2043,1,396,Sham19Y0122257,2570,389,739,266,83
2043,1004,1143,Shamela0000137,425,284,446,109,82
2043,455,1143,Sham19Y0014119,480,94,756,192,24
2043,979,1386,Sham19Y0017063,1092,1190,1554,165,42
2043,979,1143,Shamela0008360,669,123,265,102,75
2044,356,512,JK000021,1759,452,601,113,85
2044,326,601,Shia002616Vols,5085,965,1272,150,50
2044,8,708,JK006897,59,1002,1423,230,36
2044,1172,1508,Shia003965Vols,12138,336,699,170,52
2044,8,512,Shamela0001727,1201,1002,1342,150,29
2044,440,944,Shamela0001727,1202,48,525,146,28
2044,207,340,Shamela0000894,5906,532,665,107,100
2044,1160,1391,Shia003895Vols,28,580,819,169,87
2044,356,601,Sham19Y0017903,890,559,812,138,62
2044,1096,1386,Sham19Y0013253,755,1108,1416,190,71
2044,8,944,Sham19Y0122406,3257,218,1341,271,21
2044,1096,1386,Sham19Y0122406,3258,49,409,187,63
2044,346,512,Sham19Y0132524,2158,539,742,116,65
2044,8,340,ShamAY0033531,2969,765,1097,222,71
2044,8,340,ShamAY0033531,4152,424,756,222,71
2044,1201,1386,Sham19Y0018144,3769,596,762,126,84
2044,379,601,Shamela0025800,1145,525,792,143,67
2044,356,601,Sham19Y0017729,445,501,754,140,62
2044,8,512,JK000917,1323,349,574,121,27
2044,356,512,ShamAY0034005,788,546,718,116,84
2044,8,944,Sham19Y0020638,988,289,907,256,26
2044,1054,1568,Sham19Y0013252,8932,483,1070,297,59
2044,356,601,JK007065,1295,1185,1457,146,64
2044,374,601,Shamela0000137,425,1037,1229,125,67
2044,35,601,Sham19Y0017063,1093,12,581,164,23
2044,356,512,Sham19Y0148271,2210,590,749,109,78
2044,356,512,Shamela0008658,3299,721,867,111,84
2045,184,561,Shamela0011334,212,456,786,148,45
2045,184,519,Sham19Y0011326,277,1305,1556,128,41
2045,184,561,Sham19Y0011326,278,838,1105,150,45
2045,342,660,Shamela0003055,4342,824,1390,157,30
2045,184,561,Shamela0003055,4352,289,506,112,38
2045,423,595,Shamela0002386,370,68,277,99,58
2045,274,591,Zaydiyya0000015,2365,854,1421,170,37
2045,423,561,Shamela0001727,1205,500,993,101,26
2045,184,688,JK006870,48,1019,1378,174,36
2045,184,688,JK007099,529,580,939,174,36
2045,184,694,Shamela0012014,360,169,1113,246,28
2045,321,561,JK000386,1026,797,1268,139,36
2045,571,1472,Shamela0004473,15869,427,973,388,52
2045,423,571,Shamela0006947,13436,94,492,93,28
2045,184,483,Shamela0008381,315,487,955,123,30
2045,184,483,Shamela0008381,348,127,333,116,42
2045,184,561,Shamela0012001,153,747,1013,150,45
2045,99,1059,Shia001831Vols,431,715,1114,233,28
2045,184,522,Shamela0036543,145,1216,1464,126,42
2045,1080,1527,JK000201,2456,629,1118,359,90
2045,184,561,ShamAY0033606,22,573,851,147,43
2045,423,561,Sham19Y0122406,3263,387,879,101,26
2045,423,561,Shia002265Vols,1085,656,803,97,84
2045,342,688,Shia002264,849,128,710,196,39
2045,423,660,Sham19Y0132524,2160,370,980,144,29
2045,500,660,Sham19Y0132524,2161,39,276,112,57
2045,440,1075,Sham19Y0013631,1205,863,1050,134,27
2045,184,404,Sham19Y0020638,989,1155,1458,109,41
2045,368,561,Shamela0008476,114,576,715,97,64
2045,342,483,Shamela0006848,132,914,1478,96,21
2045,184,538,Sham19Y0095660,2000,1328,1593,143,44
2045,321,660,Sham19Y0146127,2457,768,1262,130,28
2045,440,660,Sham19Y0017616,343,1,323,110,42
2046,756,1539,Shamela0008176,4927,85,809,259,30
2046,877,1549,Sham19Y0131521,3610,80,702,261,37
2046,756,1177,ShamIbadiyya0000771,37,1088,1275,115,33
2046,756,1394,Shamela0000432,6019,1012,1637,380,66
2046,1394,1603,Shamela0000432,6020,1,272,141,64
2046,1249,1543,Sham19Y0018272,2244,915,1183,208,82
2046,1124,1539,Sham19Y0122257,2314,522,799,212,61
2047,1075,1352,JK007054,832,454,808,175,60
2047,1075,1385,Shamela0006610,1022,750,1267,187,45
2047,1123,1352,Shamela0001727,1207,1,674,155,29
2047,1225,1352,Sham19Y0013572,503,706,873,95,71
2047,1027,1352,Sham19Y0127677,9115,337,680,143,39
2047,1070,1352,Shamela0009790,413,631,1137,192,48
2047,1161,1352,Kraken230106005528,1195,495,807,130,52
2047,1225,1352,Shamela0005922,2220,275,460,100,68
2047,1352,1545,Sham19Y0122096,4963,792,989,155,91
2047,1,700,Sham19Y0013253,756,499,1010,247,35
2047,93,308,Shia001831Vols,431,1368,1542,99,57
2047,308,934,Shia001831Vols,432,1,276,208,41
2047,370,700,Sham19Y0122406,3267,10,443,215,58
2047,1027,1151,Sham19Y0122406,3267,1012,1207,87,55
2047,1178,1352,Sham19Y0122406,3268,4,338,126,48
2047,1079,1352,Shamela0006227,605,387,690,130,50
2047,1,762,Sham19Y0132524,2162,787,1535,237,30
2047,1247,1352,Sham19Y0132524,2164,34,142,83,97
2047,1037,1352,Sham19Y0037618,3196,166,715,171,37
2047,14,236,Sham19Y0018144,6014,1046,1329,153,67
2047,446,700,Shamela0010283,1908,286,537,171,75
2047,1089,1545,Sham19Y0013577,7678,464,735,152,41
2047,1052,1327,Shamela0025800,3463,854,1393,159,36
2047,1229,1352,Shamela0025800,3464,230,412,95,65
2047,1225,1356,ShamAY0034005,778,972,1143,95,70
2047,1356,1545,Sham19Y0018272,2176,991,1174,151,95
2047,1031,1356,Sham19Y0020638,991,807,1269,202,55
2047,1,700,Sham19Y0013223,2667,1124,1420,167,30
2047,1,222,Sham19Y0016976,1264,1141,1284,67,35
2047,1075,1352,Shamela0009242,3618,838,1309,179,47
2047,1253,1362,Sham19Y0017616,347,1,113,81,91
2047,1225,1352,JK007065,453,1188,1359,95,69
2047,1027,1219,Sham19Y0017798,3299,436,665,128,69
2048,707,1093,Shamela0008176,5217,285,562,197,62
2048,1106,1353,Shia000841Vols,2863,1187,1413,170,80
2048,496,702,Sham19Y0131521,3618,643,839,159,95
2048,1398,1535,Shamela0001727,1207,674,868,104,68
2048,312,702,Shamela0000894,5957,1136,1452,200,63
2048,16,261,Shamela0005922,2220,1196,1474,147,57
2048,267,491,Shamela0005922,2221,6,174,100,55
2048,491,1106,JK000201,2405,8,380,295,58
2048,1106,1393,Shamela0009702,1126,713,1133,157,39
2048,1398,1535,Sham19Y0122406,3269,1,195,104,68
2048,496,702,Sham19Y0018272,480,210,405,158,94
2048,491,1387,Shamela0009242,3620,258,1321,701,80
2048,188,491,Shamela0009242,3621,1,242,181,74
2048,707,1308,Sham19Y0023625,2561,412,1008,461,91
2049,11,143,Sham19Y0123581,169,80,213,97,88
2049,1,143,Sham19Y0016584,3906,356,499,109,95
2049,1,143,Sham19Y0148486,4166,907,1052,99,85
2049,1443,1564,Sham19Y0122402,325,906,1019,89,93
2049,1,143,ShamAY0038637,61,580,726,110,95
2049,1,143,JK000110,1549,127,270,109,95
2049,1,143,Sham19Y0016684,1852,948,1091,109,95
2049,1,236,Shamela0001727,1207,868,1254,177,58
2049,1,143,Shamela0001673,8222,578,711,99,85
2049,1253,1510,Shamela0001673,8779,232,437,139,63
2049,1,236,Shamela0009790,413,122,542,172,51
2049,350,1564,Shia001831Vols,432,493,1395,443,36
2049,5,143,Shamela0029900,19,52,192,100,87
2049,1,308,Sham19Y0122406,3269,195,1042,223,33
2049,1,282,Shamela0037837,294,580,846,153,63
2049,1,236,Sham19Y0132524,2164,1178,1423,183,94
2049,1,143,Sham19Y0018106,3574,256,399,109,95
2049,1340,1564,Sham19Y0018144,6017,1307,1521,172,93
2049,1,236,JK008250Vols,1062,973,1401,168,50
2049,1,143,Sham19Y0018103,3499,303,446,109,95
2049,1,153,Shamela0025800,163,80,226,110,92
2049,1,143,ShamAY0034005,641,1159,1312,106,88
2049,63,308,Sham19Y0020638,992,5,341,178,67
2049,69,1102,JK000665,2,355,961,449,52
2049,1,143,Masaha001864Vols,1590,213,356,109,95
2049,1443,1564,Sham19Y0013252,8810,873,984,87,90
2049,1,143,Sham19Y0146127,2234,77,199,88,77
2049,5,143,ShamAY0032746,28,195,344,100,85
2049,1,183,Sham19Y0017616,347,326,517,132,88
2049,1,143,Shamela0026432,35,1166,1313,104,89
2049,1,158,Sham19Y0018176,2119,1043,1198,109,86
2049,1,143,Sham19Y0013605,4165,975,1118,109,95
2050,464,575,Sham19Y0020561,1632,704,815,90,100
2050,446,742,ShamAY0035955,547,648,903,158,64
2050,396,594,Shamela0008176,5217,503,652,119,73
2050,1229,1524,Shamela0008176,5218,87,420,155,49
2050,1229,1487,Sham19Y0131521,3617,703,968,204,93
2050,418,653,Shamela0005756,5660,1251,1574,130,49
2050,1234,1487,Sham19Y0018144,6016,1131,1386,202,94
2050,471,1223,Shamela0009242,3621,259,827,439,71
2050,1246,1483,Sham19Y0122257,2429,1164,1344,122,62
2050,396,594,Sham19Y0122257,2429,801,950,119,73
2051,1246,1461,Shamela0006850,33,230,475,164,79
2051,1242,1472,Shamela0007891,2113,1046,1298,178,84
2051,1242,1461,Shamela0006610,1155,1169,1379,165,89
2051,1242,1465,ShamAY0035035,5299,623,866,165,82
2051,1242,1461,Shamela0000761,121,657,905,175,85
2051,692,919,Shamela0008176,5551,46,219,132,72
2051,1242,1461,Sham19Y0017747,2395,700,911,167,91
2051,1233,1485,Shia002616Vols,4397,149,433,176,75
2051,1242,1444,Shamela0000655,7,792,988,121,72
2051,1242,1461,Shamela0025794,2014,1216,1458,173,86
2051,1242,1461,Sham19Y0014592,1669,347,600,174,84
2051,1004,1154,Sham19Y0014592,1835,1143,1511,113,37
2051,1183,1454,Shamela0001727,1208,1065,1462,206,62
2051,420,573,Shamela0001727,1208,297,509,113,68
2051,1242,1461,Sham19Y0017757,189,52,263,167,91
2051,1242,1461,Shamela0026884,681,63,334,177,80
2051,1242,1461,Shamela0012014,351,633,903,175,77
2051,1242,1477,Shamela0000894,7660,1247,1527,191,83
2051,479,1183,Shamela0001673,8908,444,1143,325,51
2051,1242,1390,ShamAY0033973,209,1289,1457,115,84
2051,1242,1501,Shamela0006947,14984,1091,1338,187,87
2051,1198,1501,Shamela0006947,17505,628,961,181,66
2051,1242,1465,Sham19Y0035453,5,55,285,176,92
2051,1242,1394,Sham19Y0014309,2015,1300,1453,122,98
2051,1242,1465,Sham19Y0017903,902,488,746,178,85
2051,698,1103,Shamela0006136,73,39,340,163,46
2051,420,573,Sham19Y0122406,3270,785,997,113,68
2051,1126,1461,Sham19Y0122406,3271,727,1145,225,59
2051,1242,1461,Sham19Y0001734,266,634,862,173,90
2051,468,1056,Sham19Y0149697,363,936,1392,296,57
2051,1242,1465,Sham19Y0038171,1296,1224,1468,165,82
2051,540,1064,ShamAY0033531,2989,95,636,328,68
2051,801,1064,ShamAY0033531,4172,1,324,209,79
2051,1261,1461,Kraken230110004547,291,390,628,160,82
2051,1237,1461,Sham20Y0021786,449,315,537,179,97
2051,1242,1461,Shia003732Vols,4028,127,366,175,88
2051,1226,1465,Shamela0002300,4972,207,461,157,70
2051,1242,1461,ShamAY0034054,2733,1019,1240,164,86
2051,1242,1461,Shia001976Vols,308,167,395,173,91
2051,828,1177,Sham19Y0032197,32,520,800,203,69
2051,828,1004,Sham19Y0013252,8909,392,545,111,73
2051,488,852,Shamela0009242,189,480,898,178,53
2051,822,1177,Shamela0009242,190,372,1070,216,34
2051,1188,1461,Sham19Y0017616,351,806,1149,220,79
2051,482,919,Sham19Y0122257,2552,1091,1491,167,37
2051,482,751,Sham19Y0017063,1071,259,667,158,44
2051,1242,1461,ShamIbadiyya0000109,6220,980,1190,145,77
2051,1233,1485,Shamela0026047,161,1120,1404,176,75
2051,1188,1569,Sham19Y0017442,240,595,777,128,41
2052,1349,1670,Sham19Y0017747,1548,22,340,245,91
2052,1354,1670,Shia000841Vols,1288,642,984,249,87
2052,802,1250,Sham19Y0016636,767,861,1077,95,24
2052,1271,1546,Shamela0021715,9031,876,1053,131,55
2052,181,421,Shamela0001727,1209,156,511,184,61
2052,882,1240,Shia001831Vols,433,136,386,155,51
2052,1162,1610,Sham19Y0149697,354,387,731,253,68
2052,1162,1504,ShamAY0034383,552,1279,1621,280,100
2052,1504,1670,ShamAY0034383,553,1,167,134,100
2052,1354,1670,Sham19Y0013252,7295,278,549,193,71
2052,882,1257,Shamela0009242,2827,965,1568,280,56
2052,1322,1670,Shamela0009242,2828,331,683,271,93
2052,1162,1546,Sham19Y0122257,2553,1123,1371,184,58
2052,1262,1546,ShamIbadiyya0000109,6154,1262,1443,136,55
2052,1162,1538,Shamela0000791,336,1211,1569,171,43
2053,1,1017,Sham19Y0017747,1548,340,1329,750,89
2053,1,187,Shia000841Vols,1288,984,1187,148,90
2053,617,1075,Shia000841Vols,1290,699,1051,201,50
2053,714,906,Sham19Y0131521,5611,1388,1558,90,58
2053,651,1009,Shamela0021590,1009,1,335,252,86
2053,114,294,Shamela0021715,9031,1053,1181,101,71
2053,135,469,JK011184,648,1,213,151,55
2053,1,312,Shamela0005756,12045,169,457,214,82
2053,1013,1155,Sham19Y0035453,180,1020,1163,112,97
2053,551,1009,ShamIbadiyya0000433,967,25,348,217,57
2053,527,1067,Shamela0000140,2001,403,747,235,52
2053,527,1009,Shamela0021597,2038,460,747,210,52
2053,1,891,Sham19Y0149697,354,736,1579,627,86
2053,891,1166,Sham19Y0149697,355,1,280,214,92
2053,1,1166,ShamAY0034383,553,167,1331,934,98
2053,1,312,Sham19Y0013252,7295,549,814,197,76
2053,1,931,Shamela0009242,2828,683,1578,557,62
2053,638,951,Sham19Y0014580,613,64,220,110,43
2053,47,366,Sham19Y0013783,361,428,713,148,47
2053,114,294,Shamela0000791,337,9,122,87,61
2054,69,771,Shamela0008176,5553,461,872,272,46
2054,61,802,Sham19Y0017747,1549,70,1040,471,56
2054,69,244,Sham19Y0131521,5610,1175,1299,97,70
2054,902,1436,Sham19Y0131521,5611,282,525,141,31
2054,438,696,Sham19Y0131521,5613,1260,1512,170,79
2054,52,885,Shamela0021715,9026,138,807,296,39
2054,91,1078,Shamela0005756,12042,231,1469,609,56
2054,69,378,Sham19Y0127677,20317,522,820,216,83
2054,818,1185,Sham19Y0036111,109,375,514,96,32
2054,922,1078,Shamela0004473,6915,801,929,63,51
2054,549,802,Sham19Y0035453,181,504,726,169,84
2054,48,902,Sham19Y0014309,2432,420,695,207,30
2054,826,1044,ShamIbadiyya0000433,966,1110,1383,128,54
2054,1297,1644,ShamIbadiyya0000433,967,831,1184,242,79
2054,826,1363,Shia001831Vols,433,681,999,225,48
2054,845,1236,Shamela0000140,2043,838,1077,148,40
2054,818,1185,MMS00034,108,1007,1146,96,32
2054,69,763,ShamAY0033531,2977,558,961,260,44
2054,69,763,ShamAY0033531,4160,252,655,260,44
2054,61,1543,Sham19Y0018103,3045,243,906,395,30
2054,91,257,Sham19Y0020638,1789,291,441,92,61
2054,880,1489,Sham19Y0020638,1789,423,778,129,20
2054,833,1185,Shamela0011406,1031,588,728,100,35
2054,91,544,Sham19Y0013252,7292,1162,1516,220,57
2054,544,1426,Sham19Y0013252,7293,1,897,351,37
2054,69,913,Masaha001946Vols,1108,1147,1589,214,27
2054,913,1363,Masaha001946Vols,1109,1,236,155,42
2054,76,802,Shamela0011036,2217,401,873,319,54
2054,507,1635,Shamela0009242,2829,439,1437,625,61
2054,91,952,Sham19Y0122257,2554,215,680,320,47
2054,69,244,Sham19Y0014601,5411,294,636,78,23
2054,826,1497,Sham19Y0017063,1073,992,1549,370,64
2054,507,771,Sham19Y0017063,1073,1,240,174,83
2054,378,898,Shamela0000791,337,495,839,192,42
2054,1267,1617,Sham19Y0013605,3645,522,778,167,52
2054,61,907,Sham19Y0013605,3645,42,527,309,43
2054,507,898,Sham19Y0013605,4212,842,1070,145,47
2055,1306,1600,Shamela0021715,5507,226,489,127,40
2055,6,302,Shamela0000140,2043,529,713,109,43
2055,583,899,Sham19Y0122406,3277,517,850,234,84
2055,318,567,ShamAY0033531,2978,1248,1444,144,69
2055,318,567,ShamAY0033531,4161,876,1072,144,69
2055,1144,1402,Sham19Y0013252,6013,138,297,107,49
2055,1095,1301,Shamela0021537,2777,184,346,127,77
2055,1095,1301,Shamela0021537,5687,386,547,126,76
2055,147,325,Shamela0010517,2283,348,534,133,88
2056,943,1133,ShamAY0034041,101,1006,1207,141,88
2056,525,747,Shamela0006610,154,215,362,115,62
2056,1005,1129,Sham19Y0018328,436,1124,1248,97,99
2056,224,943,Shia000841Vols,2066,300,941,477,79
2056,876,1129,Shamela0001727,1212,340,696,163,58
2056,172,436,Shamela0001727,1212,92,436,211,75
2056,372,1095,Shamela0012014,353,1,585,407,68
2056,515,827,Shia001831Vols,433,1206,1623,238,68
2056,7,219,Sham19Y0122406,3278,1061,1582,151,35
2056,943,1129,Sham19Y0122406,3279,983,1248,142,67
2056,1085,1475,ShamAY0033531,3583,1016,1380,276,88
2056,1085,1475,ShamAY0033531,4766,511,875,276,88
2056,1005,1545,Sham19Y0018103,3223,792,1301,272,53
2056,1005,1129,Sham19Y0020638,994,1406,1530,97,99
2056,525,934,Sham19Y0020638,1789,1143,1472,226,65
2056,224,937,Shamela0006848,95,956,1538,419,68
2056,1258,1622,Sham19Y0013252,7799,934,1238,216,73
2056,275,947,Shamela0009242,670,18,861,383,50
2056,1,172,Shamela0009242,2830,688,864,139,96
2056,1011,1267,Sham19Y0017616,618,277,453,136,67
2056,1129,1243,ShamAY0035249,129,1424,1538,92,100
2056,1243,1622,ShamAY0035249,130,1,383,304,98
2056,1005,1129,JK007065,1440,702,826,97,99
2056,943,1061,Sham19Y0017798,3287,487,604,53,60
2056,271,1095,Sham19Y0122257,2100,521,1222,358,52
2056,1005,1444,Sham19Y0017063,749,948,1508,290,60
2056,1444,1622,Sham19Y0017063,750,1,173,139,94
2056,1005,1129,Sham19Y0148271,2246,181,305,97,99
2056,1095,1558,Sham19Y0013605,3845,220,528,214,57
2056,224,947,Shamela0010517,120,810,1580,588,92
2056,224,947,Shamela0010517,2140,535,1305,588,92
2056,988,1271,Shamela0010517,2553,232,605,212,72
2056,224,535,Shamela0010517,2615,1245,1593,250,88
2056,535,1095,Shamela0010517,2616,1,630,374,66
2057,1136,1323,Shamela0007891,2125,240,417,136,90
2057,1136,1323,Sham19Y0013667,5770,1185,1358,129,85
2057,1136,1344,ShamAY0034423,72,722,951,163,87
2057,1136,1323,Shamela0012293,6211,68,253,147,98
2057,1024,1323,Shamela0001727,1212,1031,1436,196,55
2057,1136,1344,Sham19Y0013572,776,114,307,152,91
2057,715,992,Shamela0005756,12610,1161,1486,150,54
2057,1136,1293,Sham19Y0127677,7104,763,990,116,63
2057,1136,1323,Sham19Y0017903,900,925,1099,139,92
2057,287,1306,Sham19Y0013253,758,455,1430,423,40
2057,1136,1323,Shamela0021713,509,112,293,145,96
2057,1161,1492,JK000201,3543,1127,1492,188,57
2057,1136,1293,Shamela0021660,2423,1175,1408,116,61
2057,696,1323,Sham19Y0122406,3281,87,1280,459,47
2057,1136,1323,Sham19Y0132524,2176,186,372,149,99
2057,1136,1264,Sham19Y0018144,2330,1407,1526,95,92
2057,1136,1323,Sham19Y0017729,449,1205,1382,139,93
2057,1136,1323,ShamAY0034005,772,224,415,146,95
2057,1083,1323,Sham19Y0006684,4269,114,390,162,73
2057,1136,1323,Sham19Y0020638,995,239,425,149,99
2057,1136,1293,JK000216,273,684,925,117,60
2057,1093,1323,Masaha001864Vols,429,595,868,163,75
2057,715,1050,Sham19Y0013252,7799,129,553,188,50
2057,1145,1486,Masaha001946Vols,978,811,1139,177,58
2057,1061,1329,Sham19Y0017616,347,473,762,166,65
2057,1,160,ShamAY0035249,130,383,542,128,100
2057,1136,1323,JK007065,811,499,684,148,98
2057,1,165,Sham19Y0017063,750,173,322,105,76
2057,1136,1323,Shamela0010803,74,220,396,136,91
2057,1136,1323,Sham19Y0013605,430,1354,1540,149,99
2058,1334,1454,Shamela0001733,3762,293,441,81,69
2058,30,1156,Shamela0006172,897,331,1320,742,78
2058,985,1156,Zaydiyya0000142,2174,28,206,118,77
2058,53,574,Shamela0008176,5901,75,983,203,22
2058,633,1454,Shamela0008176,5902,88,1389,389,30
2058,1,380,Sham19Y0131521,6511,803,1136,251,80
2058,465,612,Sham19Y0131521,6512,704,891,107,71
2058,372,557,Shamela0021715,9325,249,380,101,67
2058,853,1409,Shamela0021715,9325,584,904,187,39
2058,985,1454,Shamela0005756,9278,885,1339,248,56
2058,1145,1454,Shamela0001673,9202,294,739,146,35
2058,1281,1429,Sham19Y0122096,1691,1130,1268,92,75
2058,679,948,Shia001831Vols,434,675,960,157,69
2058,11,1454,JK000201,3544,10,1451,1146,98
2058,1185,1454,Shamela0023645,358,630,896,105,42
2058,1334,1454,Shamela0005813,6,370,538,89,67
2058,985,1454,Sham19Y0122406,3286,5,458,302,75
2058,911,1454,Sham19Y0145212,2911,31,406,222,44
2058,1320,1423,Sham19Y0132524,2179,1,118,78,85
2058,856,1454,Sham19Y0149697,3381,54,591,340,65
2058,1185,1454,Shia003732Vols,5325,231,497,105,42
2058,1185,1454,Masaha001864Vols,3457,1120,1388,105,42
2058,129,380,Masaha001864Vols,3992,48,238,150,72
2058,1,710,Sham19Y0013252,3981,619,988,206,36
2058,679,846,Sham19Y0013252,5505,623,802,128,85
2058,853,1454,Sham19Y0013252,5506,90,789,296,48
2058,416,980,Masaha001946Vols,978,1037,1371,237,51
2058,218,380,Sham19Y0023625,2239,1335,1501,132,96
2058,37,574,Sham19Y0122257,2698,809,1419,225,33
2058,633,1454,Sham19Y0122257,2699,533,1073,387,56
2058,197,598,Shamela0000791,639,233,535,132,35
2058,392,980,Sham19Y0013605,431,27,553,304,56
2059,1,366,Shamela0007891,2127,223,448,113,40
2059,6,377,Shamela0001727,1213,1,649,126,21
2059,332,539,Shamela0005756,13863,184,622,83,23
2059,319,773,Sham19Y0014309,195,44,383,242,67
2059,1,271,Sham19Y0122406,3281,1343,1517,84,38
2059,1,271,Shamela0010657,3,1020,1128,66,31
2059,1,271,Shamela0026484,491,38,211,83,38
2059,207,381,Sham19Y0020638,995,570,1044,97,24
2059,441,793,Masaha001946Vols,978,5,691,230,40
2059,1,271,Shamela0029742,11,17,196,84,37
2059,207,908,Sham19Y0017063,1175,324,817,240,36
2060,124,1512,Sham19Y0017878,293,234,1460,634,45
2060,1038,1221,Sham19Y0017878,294,139,306,133,90
2060,225,337,Shamela0007891,730,95,204,84,96
2060,347,541,Shamela0007891,2129,1304,1472,113,74
2060,347,568,Sham19Y0013769,2832,1243,1443,144,79
2060,389,568,ShamAY0033605,6,1,149,112,80
2060,129,568,Shamela0000767,3202,761,1424,285,51
2060,225,568,Sham19Y0148486,6133,12,521,235,55
2060,135,1028,ShamAY0034423,60,157,792,340,40
2060,135,518,Shamela0008203,116,91,550,200,51
2060,228,568,JK006897,324,102,445,258,95
2060,135,337,Shamela0021809,1113,226,802,116,25
2060,135,397,Shamela0025794,3755,330,662,139,54
2060,135,337,Shamela0025794,3774,1016,1252,115,62
2060,347,556,Shamela0010842,375,257,444,117,67
2060,135,518,Sham19Y0131521,6494,1054,1459,131,27
2060,76,337,Shamela0001727,1215,574,1400,200,30
2060,347,568,Shamela0001727,1216,317,553,170,92
2060,76,367,Shamela0010639,289,60,363,143,50
2060,347,568,Sham19Y0127677,4470,631,816,141,81
2060,347,568,Sham19Y0127677,9026,812,1045,168,91
2060,135,518,Shamela0117359,1142,889,1304,131,27
2060,352,827,Sham19Y0014309,182,997,1518,304,66
2060,447,1477,Sham19Y0014309,183,401,983,229,24
2060,135,386,Shamela0001442,908,341,515,128,62
2060,347,568,JK000201,3538,1061,1294,168,91
2060,310,568,Sham19Y0122406,3288,321,973,192,38
2060,347,518,Sham19Y0145212,2913,238,447,125,71
2060,135,337,Sham19Y0132524,2179,1211,1447,114,62
2060,225,460,Sham19Y0132524,2180,639,935,128,51
2060,356,568,Sham19Y0132524,2182,423,667,128,65
2060,347,568,Shamela0001438,6369,912,1097,138,80
2060,135,553,ShamAY0033531,3562,646,974,156,39
2060,135,553,ShamAY0033531,4745,97,425,156,39
2060,347,563,Sham19Y0018144,2337,886,1100,153,86
2060,1053,1164,Sham19Y0018144,6041,1407,1517,89,99
2060,225,337,Shamela0036446,1097,1044,1147,81,91
2060,347,568,JK008250Vols,460,394,592,139,76
2060,1038,1225,ShamAY0035990,37,1238,1471,125,61
2060,352,1028,Shamela0025800,159,1091,1412,213,40
2060,135,431,Shamela0025800,160,193,565,144,48
2060,215,533,Sham19Y0017791,1567,543,777,158,60
2060,135,386,Sham19Y0017729,449,532,818,133,59
2060,145,568,ShamAY0034005,773,538,1069,226,45
2060,129,568,Sham19Y0006684,4268,6,468,245,59
2060,164,568,Sham19Y0020638,997,1,687,294,54
2060,145,533,ShamAY0034274,662,346,602,187,60
2060,347,568,Shia001976Vols,490,76,289,161,92
2060,135,518,Sham19Y0020591,1801,652,1057,131,27
2060,76,581,Sham19Y0016555,671,992,1336,212,51
2060,129,568,Sham19Y0146127,3392,682,1269,293,60
2060,124,568,Sham19Y0017616,350,164,802,334,66
2060,135,337,Sham19Y0023625,2196,932,1073,109,68
2060,1033,1517,Sham19Y0023625,2197,712,1282,367,78
2060,347,964,Sham19Y0023625,2198,488,988,373,75
2060,135,397,JK007065,218,437,766,117,42
2060,347,526,JK007065,651,1135,1313,138,96
2060,135,518,Sham19Y0014601,6019,58,481,130,27
2060,135,518,Sham19Y0014119,504,96,520,228,60
2060,431,568,Sham19Y0145411,828,7,127,81,71
2060,1204,1517,Sham19Y0017063,1176,289,919,177,30
2060,347,568,Sham19Y0148271,357,926,1159,167,91
2060,135,337,Sham19Y0148271,772,42,284,111,59
2061,1,133,Sham19Y0017878,294,6,133,102,96
2061,306,461,Shamela0007891,2131,226,426,108,66
2061,847,980,Shamela0021629,371,1,151,101,86
2061,306,408,Sham19Y0013769,2599,939,1045,79,94
2061,380,563,Sham19Y0013769,2833,565,792,79,38
2061,641,1064,Shamela0006610,612,454,894,195,46
2061,698,1008,Shia002616Vols,141,1214,1546,150,52
2061,215,1064,JK006897,324,449,1101,308,38
2061,247,660,Shamela0012293,465,119,581,165,40
2061,247,660,Shamela0012293,6214,530,991,164,40
2061,844,1064,Zaydiyya0000015,541,1181,1393,102,52
2061,145,465,Sham19Y0014592,1240,1036,1313,123,45
2061,133,416,Shamela0001727,1216,553,1257,203,35
2061,522,1027,Shamela0001727,1217,761,1464,208,29
2061,825,1027,JK006870,40,1324,1477,117,71
2061,215,465,JK000786,2550,716,1278,131,29
2061,264,461,Sham19Y0013572,496,378,594,121,66
2061,825,1027,Sham19Y0013572,1023,1187,1513,153,59
2061,254,461,Shamela0010639,291,288,637,133,48
2061,844,1064,Tafsir06051,59,1296,1448,103,55
2061,844,1461,Shamela0012001,64,874,1199,169,32
2061,825,1539,Shamela0012001,137,147,742,431,70
2061,698,980,Sham19Y0035453,210,179,505,129,41
2061,775,1064,Shia003923Vols,1704,116,241,87,38
2061,254,865,Sham19Y0017903,900,500,1177,161,21
2061,264,889,Sham19Y0013253,759,592,964,134,23
2061,1,133,Shia001831Vols,434,998,1105,86,81
2061,877,1255,Shia001831Vols,434,1122,1337,95,28
2061,563,775,JK000201,3541,46,259,172,99
2061,215,587,Sham19Y0122406,3289,619,1239,159,27
2061,768,1303,Sham19Y0122406,3291,88,828,232,34
2061,868,1078,Sham19Y0132524,2175,760,919,115,68
2061,834,1027,Shamela0001438,209,475,816,82,30
2061,820,1064,Shamela0025800,159,574,993,167,48
2061,306,563,Shamela0025800,165,535,871,119,46
2061,254,844,Sham19Y0017729,449,789,1443,153,21
2061,215,486,Shia003732Vols,4074,704,1330,158,32
2061,306,408,Sham19Y0006684,4267,1253,1355,81,100
2061,215,558,Sham19Y0020638,997,731,1442,215,37
2061,825,1064,Sham19Y0020638,998,338,756,175,53
2061,215,563,Sham19Y0013223,767,826,1398,148,27
2061,215,408,Masaha001864Vols,565,579,1215,139,27
2061,563,775,Masaha001864Vols,4039,297,492,157,90
2061,844,984,Shamela0011036,2156,867,1003,100,92
2061,1090,1539,Shamela0011036,2158,160,698,338,76
2061,306,408,Sham19Y0016976,1453,1287,1389,81,100
2061,215,563,Sham19Y0017616,349,796,1266,179,48
2061,792,980,Sham19Y0017616,351,163,391,128,71
2061,844,1539,Sham19Y0023625,2199,200,1176,367,39
2061,254,461,Sham19Y0023625,2210,149,475,133,52
2061,254,408,JK007065,447,756,945,104,69
2061,825,980,JK007065,961,1105,1308,117,72
2061,254,461,Sham19Y0122257,2702,802,1098,128,55
2061,254,461,Sham19Y0014119,504,699,1013,122,46
2061,380,935,Sham19Y0145411,827,75,629,156,26
2061,825,1064,Sham19Y0017063,1177,6,474,155,40
2061,306,408,Sham19Y0017063,1957,143,245,81,100
2061,306,408,Sham19Y0148271,1031,412,514,81,100
2061,254,461,Shamela0008360,704,482,793,119,45
2061,306,408,Shia001913Vols,416,1216,1318,81,100
2062,1295,1447,ShamAY0034041,113,1189,1340,123,96
2062,519,843,Shamela0008176,5908,888,1150,146,56
2062,1440,1618,ShamAY0031741,256,1307,1491,131,83
2062,1290,1447,Shamela0001727,1218,49,206,130,98
2062,1,548,Shamela0012001,137,751,865,89,20
2062,1030,1222,Sham19Y0014309,181,1299,1480,133,85
2062,118,450,Sham19Y0014309,182,217,495,201,73
2062,158,478,Sham19Y0122406,3292,9,359,182,59
2062,524,989,Sham19Y0122406,3292,1107,1544,200,48
2062,1313,1447,Sham19Y0122406,3293,1,135,113,100
2062,1295,1447,Masaha001864Vols,5464,175,327,128,100
2062,113,282,Shamela0011036,2156,1335,1526,121,80
2062,1057,1284,Shamela0011036,2157,1264,1527,175,80
2062,351,524,Shamela0011036,2157,910,1071,123,88
2062,538,1025,Shamela0011036,2159,408,1063,347,62
2062,611,908,Sham19Y0023625,2201,142,434,234,96
2063,129,386,Sham19Y0020944,1163,730,1012,178,76
2063,124,386,Sham19Y0148486,6131,22,326,204,83
2063,1006,1326,Sham19Y0148486,8373,797,1116,256,99
2063,129,371,ShamAY0034423,53,447,716,178,79
2063,129,233,Shamela0026324,167,1195,1306,80,92
2063,970,1337,Shia000841Vols,4045,702,1012,184,60
2063,20,124,ShamAY0031741,256,1491,1595,83,100
2063,119,390,Shamela0025794,2353,73,312,146,64
2063,129,371,Sham19Y0014299,81,6,285,192,86
2063,970,1326,Sham19Y0014299,81,249,617,285,95
2063,129,386,Sham19Y0131521,6488,61,340,178,77
2063,689,1165,Sham19Y0131521,6492,1128,1527,298,76
2063,129,386,Shamela0001727,1218,285,588,204,84
2063,129,386,Sham19Y0013572,686,1061,1398,194,71
2063,970,1326,Shamela0004473,11927,927,1295,285,95
2063,129,371,Shamela0004473,11927,684,963,192,86
2063,129,386,ShamAY0033973,291,1076,1329,166,72
2063,139,386,Shamela0117359,1141,20,258,161,80
2063,124,386,Sham19Y0014309,187,1221,1482,165,67
2063,940,1141,Sham19Y0014309,188,1200,1406,113,57
2063,129,386,Shamela0022547,425,848,1094,148,62
2063,470,1326,Shia001831Vols,435,61,671,415,58
2063,129,581,Sham19Y0122406,3293,214,763,196,39
2063,129,386,Sham19Y0001734,1730,788,1089,203,84
2063,989,1405,ShamAY0033531,3559,1048,1410,188,50
2063,989,1405,ShamAY0033531,4742,456,818,188,50
2063,179,390,Shamela0001341,148,1,190,118,63
2063,129,386,Shamela0025800,164,193,498,203,83
2063,129,386,Shia003732Vols,4079,244,526,186,79
2063,129,386,ShamAY0034005,641,602,920,203,80
2063,1,124,Sham19Y0018272,1751,247,369,91,91
2063,129,386,Sham19Y0020638,998,796,1100,204,84
2063,1337,1560,Masaha001864Vols,5464,456,671,173,95
2063,129,386,Shia001976Vols,670,979,1252,191,84
2063,129,386,Sham19Y0020591,1798,663,942,178,77
2063,134,386,Shamela0009873,1653,759,1036,171,70
2063,129,386,Sham19Y0146127,3391,1033,1313,196,84
2063,984,1279,Shamela0021598,6809,1209,1488,220,90
2063,129,390,Shamela0012991,265,1054,1318,152,61
2063,129,386,JK007065,747,654,956,204,84
2063,129,386,Sham19Y0014601,6014,1016,1295,178,77
2064,251,406,ShamAY0035003,10,1251,1396,96,71
2064,251,406,Shia001401,46,581,737,90,67
2064,251,406,Shamela0012014,22,57,201,95,70
2064,251,406,Sham19Y0096918,28,516,658,92,68
2064,1,813,Masaha001864Vols,5464,671,1307,492,73
2065,58,370,Shamela0021848BK1,2052,484,989,105,26
2065,450,734,Shamela0001733,4812,1213,1400,139,60
2065,334,734,Shamela0001733,4817,297,547,138,40
2065,897,1311,Shamela0008176,5290,59,491,214,48
2065,450,734,JK006897,325,10,189,140,62
2065,450,922,Shamela0001727,1219,551,1100,198,37
2065,588,922,JK000916,10753,931,1472,139,25
2065,588,922,JK000916,10755,159,323,124,46
2065,450,734,Sham19Y0039268,348,1288,1470,139,61
2065,450,734,Sham19Y0127677,5740,891,1074,137,60
2065,450,677,Shamela0008657,619,1339,1461,95,52
2065,588,734,JK000728,31,384,533,115,96
2065,588,734,Masaha001961Vols,720,670,811,112,96
2065,450,734,Sham19Y0017903,511,652,831,140,62
2065,450,734,Sham19Y0122406,3295,1050,1229,140,62
2065,450,734,Shia002265Vols,4416,461,649,137,59
2065,588,734,Sham19Y0132524,2186,96,242,116,100
2065,450,734,Sham19Y0018144,2336,636,819,140,61
2065,450,734,Shamela0036446,1236,302,466,125,55
2065,588,957,JK000533,1385,570,739,131,43
2065,450,734,Shamela0025800,2446,30,206,136,60
2065,561,734,JK000481,127,1073,1231,103,72
2065,450,734,Sham19Y0017729,265,15,194,140,62
2065,450,734,Shamela0026484,599,278,457,140,62
2065,588,922,Sham19Y0020638,1000,4,464,173,45
2065,450,734,Sham19Y0017616,348,593,772,140,62
2065,1416,1541,Sham19Y0023625,2189,78,198,94,91
2065,450,734,JK007065,1376,1000,1184,140,61
2065,892,1230,Sham19Y0122257,2454,827,1115,216,79
2066,837,1022,Shamela0004445,2663,32,227,136,88
2066,837,1022,Sham19Y0013667,5239,161,340,115,76
2066,837,1026,Sham19Y0148486,6140,616,813,142,92
2066,446,705,Sham19Y0148486,8374,833,1043,164,73
2066,837,1009,JK000977,575,955,1117,115,81
2066,713,1009,JK006897,325,239,587,163,59
2066,718,1022,Shamela0025794,2352,992,1339,150,42
2066,986,1522,Shamela0021715,9244,580,1051,234,44
2066,705,1022,Shamela0001727,1220,559,1093,176,42
2066,837,1022,Sham19Y0013572,784,1235,1431,136,88
2066,713,1022,Shamela0005756,6567,176,534,166,60
2066,837,1512,Shamela0010664,1359,923,1551,335,51
2066,352,1022,Sham19Y0122406,3298,89,732,192,23
2066,870,1022,Shamela0021477,21,1,140,85,63
2066,69,1022,Sham19Y0132524,2187,211,1180,318,31
2066,837,1022,Sham19Y0018144,2342,969,1160,128,80
2066,784,1022,Shamela0005772,175,989,1186,117,61
2066,837,1009,JK007036,287,321,496,127,91
2066,481,789,Masaha001864Vols,4024,1,187,151,59
2066,446,789,Masaha001864Vols,4040,715,936,178,63
2066,713,1022,Sham19Y0146127,1664,61,347,135,44
2066,713,1022,Sham19Y0146127,3396,473,856,172,57
2066,700,1022,Sham19Y0017616,350,864,1274,182,54
2066,64,446,Sham19Y0023625,2188,567,1209,288,54
2066,1,705,Sham19Y0023625,2189,198,788,266,38
2066,825,1429,Sham19Y0023625,2233,437,980,111,15
2066,837,1022,JK007065,816,1151,1338,137,92
2066,837,1022,Shamela0005923,175,1115,1298,133,87
2066,986,1318,Shamela0000791,639,1250,1552,238,88
2066,1318,1522,Shamela0000791,640,1,211,166,97
2067,949,1464,Shamela0008176,5831,809,1409,253,39
2067,1010,1289,JK010001,2589,1267,1551,231,98
2067,1289,1519,JK010001,2590,1,216,176,90
2067,1010,1519,Tafsir07055,2705,682,1200,422,98
2067,1326,1586,Shamela0000432,6040,1,263,137,52
2067,1189,1586,Shamela0010639,263,908,1247,157,42
2067,1,214,Shamela0010664,1360,77,407,128,44
2067,1125,1519,Shamela0000140,1406,452,776,233,67
2067,1010,1439,JK000201,3404,1147,1576,355,99
2067,1439,1607,JK000201,3405,1,168,132,97
2067,323,687,JK000201,3536,454,811,277,91
2067,425,557,ShamAY0033531,3564,652,778,93,82
2067,1015,1326,ShamAY0033531,3669,238,426,134,49
2067,425,557,ShamAY0033531,4747,106,232,93,82
2067,1015,1326,ShamAY0033531,4851,1229,1417,134,49
2067,1086,1607,Sham19Y0013252,3894,145,501,239,53
2067,1086,1607,Sham19Y0013252,9198,567,1040,325,74
2067,366,678,Sham19Y0023625,322,20,323,228,88
2067,1349,1586,Sham19Y0023625,2042,828,1055,123,49
2067,1015,1491,Sham19Y0122257,2672,679,987,214,52
2068,917,1300,Shamela0008176,5833,1,319,204,62
2068,1,251,JK010001,2591,1119,1336,171,85
2068,390,591,Tafsir07055,2703,430,662,135,72
2068,1,251,Tafsir07055,2707,837,1073,187,93
2068,970,1438,Sham19Y0131521,6726,141,500,205,49
2068,126,376,Shamela0001727,1221,827,1013,126,60
2068,246,376,Sham19Y0127677,5943,449,586,93,85
2068,1,240,Shamela0000140,1405,657,853,149,77
2068,1,240,JK000201,3405,168,423,190,92
2068,562,1190,JK000201,3406,818,1484,495,93
2068,1190,1438,JK000201,3407,1,246,188,98
2068,246,376,Shamela0021660,533,1122,1259,93,85
2068,126,376,Sham19Y0122406,3300,573,759,126,60
2068,905,1363,Sham19Y0018103,1532,150,431,138,38
2068,126,376,Sham19Y0132415,862,1071,1253,122,59
2068,231,376,Zaydiyya0000454,219,742,885,100,85
2068,1,733,Sham19Y0013252,9198,1040,1533,302,46
2068,776,1438,Sham19Y0013252,9199,8,592,371,65
2068,1163,1431,Shamela0000551,3012,733,877,92,43
2068,991,1438,Sham19Y0023625,2421,755,1140,278,81
2068,711,1300,Sham19Y0122257,2672,5,465,283,56
2068,572,1209,Sham19Y0150962,1354,1077,1461,223,41
2068,418,1251,Sham19Y0013605,2039,1093,1419,182,26
2068,1144,1438,Sham19Y0013605,2040,257,491,127,56
2069,331,447,Zaydiyya0000142,2017,1203,1318,92,99
2069,47,238,Shamela0008176,5833,319,532,149,89
2069,1240,1434,Shamela0008176,5835,433,615,140,92
2069,338,447,Shamela0002863,13,1,110,88,100
2069,309,447,Tafsir07055,2703,27,174,96,81
2069,1101,1471,Sham19Y0131521,6731,1124,1429,120,33
2069,309,447,Shamela0001727,1223,1083,1231,99,84
2069,986,1134,Shamela0001727,1224,84,591,111,28
2069,309,458,Sham19Y0039268,136,89,245,102,81
2069,309,447,Shia004456Vols,628,756,903,96,81
2069,803,980,Shamela0005756,7096,139,454,116,41
2069,309,458,Shamela0000894,460,27,190,108,83
2069,318,447,Sham19Y0013253,761,387,526,97,87
2069,309,447,Shamela0096551,5,747,895,99,84
2069,577,735,JK000201,3406,562,718,123,98
2069,1,447,JK000201,3407,246,692,352,99
2069,1254,1486,JK000201,3425,1,233,182,100
2069,302,1134,Sham19Y0122406,3304,500,1440,246,25
2069,309,458,Sham19Y0132524,2192,1216,1373,101,80
2069,1075,1434,ShamAY0033531,3675,307,639,175,56
2069,1325,1434,ShamAY0033531,4858,1,110,85,100
2069,327,470,Shamela0036446,1051,1023,1170,88,72
2069,331,447,Shamela0025800,1763,10,125,92,99
2069,309,447,Shia001555Vols,399,856,1003,96,81
2069,309,447,Sham19Y0020638,1003,350,502,99,82
2069,1,735,Sham19Y0013252,9199,592,1300,353,50
2069,1050,1486,Sham19Y0013252,9224,436,786,201,52
2069,309,447,Sham19Y0017616,352,487,635,99,84
2069,309,447,JK007065,177,974,1122,99,84
2069,47,238,Sham19Y0122257,2672,465,671,147,91
2069,1240,1434,Sham19Y0122257,2673,854,1029,131,87
2069,120,405,Sham19Y0150962,1355,1,210,131,58
2070,172,418,Sham19Y0020561,1719,518,749,173,88
2070,172,418,Shamela0001733,1292,339,556,158,81
2070,172,351,Sham19Y0016584,4483,461,640,136,97
2070,172,418,Shia002034Vols,2103,814,1030,145,72
2070,172,418,Shamela0005805,34,420,630,159,82
2070,172,458,Sham19Y0013614,511,736,992,150,58
2070,192,418,JK000110,1799,1,228,173,97
2070,172,428,Shia000841Vols,8766,907,1159,196,98
2070,172,660,Shia000841Vols,8767,161,711,294,59
2070,172,348,Tafsir07055,2713,1218,1394,135,98
2070,172,422,Tafsir07055,2715,52,311,190,94
2070,1398,1506,Sham19Y0131521,6715,1,110,86,99
2070,139,418,Shamela0001727,1224,781,1192,213,66
2070,172,418,ShamAY0033910,1021,991,1204,160,83
2070,172,546,Shamela0005756,14718,66,614,206,43
2070,139,685,Sham19Y0127677,9451,806,1413,355,65
2070,1012,1158,Sham19Y0127677,9452,1,147,119,98
2070,172,339,Sham19Y0127677,9453,22,190,125,95
2070,361,660,Sham19Y0127677,19135,1008,1247,150,57
2070,172,418,Shamela0005922,2732,1250,1464,151,75
2070,418,619,Shamela0005922,2733,25,239,137,76
2070,172,418,JK000130,1022,1097,1310,160,83
2070,139,408,Shamela0023644,880,221,651,118,31
2070,218,418,Shamela0022547,379,1023,1181,101,63
2070,172,418,ShamAY0033523,522,899,1107,153,80
2070,180,418,Shamela0012532,204,1092,1282,122,63
2070,162,356,Shamela0004482,716,659,850,139,92
2070,139,418,Sham19Y0122406,3305,840,1251,213,66
2070,172,613,Sham19Y0122406,3306,340,841,189,42
2070,172,418,JK009324,2982,493,740,186,96
2070,172,418,Sham19Y0145212,2254,1031,1211,132,68
2070,192,418,Shamela0037837,584,1,228,173,97
2070,172,418,Sham19Y0001734,2222,822,1016,146,76
2070,172,418,Shamela0001875,1273,1118,1358,181,93
2070,172,320,Shamela0001438,3168,1035,1183,113,98
2070,172,418,Sham19Y0018106,4014,557,804,186,96
2070,242,361,JK000381,4791,11,432,61,17
2070,172,418,Sham19Y0018144,2355,392,1074,175,32
2070,172,418,Sham19Y0036114,490,392,635,170,88
2070,172,418,Shamela0001341,126,474,705,164,85
2070,172,546,Sham19Y0018103,3976,738,1094,254,83
2070,172,418,Sham19Y0013577,5720,244,457,153,76
2070,180,528,Sham19Y0017791,1165,1,367,170,48
2070,172,418,Sham19Y0017729,454,443,686,184,95
2070,172,428,Shia003732Vols,2970,525,773,164,80
2070,172,418,Shia003732Vols,4101,120,367,188,97
2070,172,446,Sham19Y0020638,1003,956,1271,201,80
2070,242,418,Shamela0006222,1176,11,144,75,47
2070,172,418,JK000475,1435,138,351,160,83
2070,172,418,Sham19Y0013252,10148,1064,1310,185,96
2070,192,418,ShamAY0035960,523,1,189,119,59
2070,172,422,Sham19Y0017885,2265,628,848,163,83
2070,172,418,Sham19Y0017616,352,1048,1295,190,98
2070,1231,1415,Sham19Y0023625,2040,113,310,125,78
2070,172,418,Sham19Y0018176,2413,710,957,186,96
2070,172,418,Sham19Y0122257,2096,798,978,132,68
2070,172,418,Sham19Y0014119,381,1097,1276,131,68
2070,172,580,Sham19Y0017063,833,1100,1496,230,62
2070,172,390,Masaha001838,133,1196,1485,159,70
2070,172,418,Shamela0010803,335,574,845,190,90
2070,172,418,Shamela0008360,531,860,1040,132,68
2070,172,418,Sham19Y0013605,4735,257,504,186,96
2070,167,418,Shamela0010517,2043,114,383,192,91
2071,1073,1401,Sham19Y0020561,1641,70,415,265,95
2071,1108,1244,JK007054,236,5,140,107,99
2071,905,1244,Shamela0008176,3996,57,373,161,49
2071,373,526,Shia000841Vols,8767,1092,1243,120,96
2071,33,373,Shamela0022848,374,490,808,90,22
2071,661,1244,Sham19Y0036110,150,1228,1481,182,38
2071,33,574,Shamela0001727,1225,522,917,157,27
2071,656,1244,ShamAY0034204BK1,1290,1281,1493,168,36
2071,730,927,Sham19Y0127677,18915,452,650,158,99
2071,661,1073,Shamela0000894,7660,252,603,258,78
2071,33,373,Sham19Y0017903,909,168,354,123,46
2071,206,927,Shia001831Vols,436,197,534,234,40
2071,690,1244,JK000201,3498,1,569,213,35
2071,1396,1519,Sham19Y0122406,3309,315,765,49,12
2071,33,377,Sham19Y0017729,454,741,935,120,44
2071,259,730,Sham19Y0020638,1004,17,393,163,38
2071,656,1244,Sham19Y0013620,654,1254,1433,134,28
2071,824,1244,Sham19Y0122257,1890,600,929,209,60
2071,649,1244,Sham19Y0014601,3392,629,1292,218,29
2071,661,1014,Sham19Y0017063,712,637,1060,203,51
2071,1073,1244,Sham19Y0150961,466,726,900,128,91
2072,267,739,Sham19Y0017747,2280,820,1290,372,94
2072,769,1602,Sham19Y0017747,2281,1,722,529,76
2072,860,1474,Shamela0005756,13896,17,509,315,55
2072,320,907,Shamela0021713,544,1230,1470,102,19
2072,1,1428,JK000201,3409,190,1419,975,83
2072,1,163,Sham19Y0009763,133,1347,1509,128,100
2072,765,1474,Sham19Y0013252,9195,6,858,371,46
2072,1,526,Shamela0011036,2106,954,1393,249,51
2072,989,1217,Shamela0011036,2107,1,232,162,87
2072,348,765,Shamela0011036,2109,675,1325,222,38
2072,927,1188,Shamela0009242,1561,398,674,160,66
2072,1,1474,Shamela0000791,567,657,1558,708,59
2073,113,297,JK007054,318,360,600,125,63
2073,461,681,JK007054,1031,439,807,161,53
2073,1045,1302,Sham19Y0131521,6363,775,1186,155,46
2073,297,599,Shamela0001727,1226,214,615,172,45
2073,340,599,Sham19Y0127700,328,1,224,142,59
2073,340,723,Shamela0012014,351,954,1227,171,49
2073,279,781,Sham19Y0127677,10194,18,185,87,19
2073,328,599,Shamela0021660,313,25,263,145,57
2073,297,599,Sham19Y0122406,3312,1,402,172,45
2073,137,335,Shamela0021677,662,1,225,100,55
2073,340,599,Shamela0036446,1055,268,487,135,56
2073,340,599,Shamela0025800,1741,647,870,142,59
2073,340,611,JK000216,21,468,713,140,54
2073,137,297,Shamela0011036,2107,973,1299,100,34
2073,113,335,Shamela0021642,756,1136,1372,118,61
2073,340,599,ShamAY0034299,8,488,711,141,58
2074,431,568,JK000021,2551,1237,1399,109,82
2074,302,591,Shamela0007891,782,485,1105,195,37
2074,1118,1367,Shamela0007891,2098,126,405,158,68
2074,1118,1357,JK007054,232,921,1142,150,71
2074,311,568,JK007054,1158,188,454,191,88
2074,1100,1581,ShamIbadiyya0000438,992,55,752,255,45
2074,431,568,Sham19Y0148486,3417,1134,1299,110,83
2074,1118,1367,Sham19Y0148486,5946,757,1036,166,71
2074,857,1344,Sham19Y0032381,240,101,1041,271,34
2074,306,568,JK009390,1199,918,1205,157,58
2074,431,568,Shamela0008176,2092,381,545,110,83
2074,431,568,Shamela0008176,5790,384,521,110,100
2074,905,1417,Shamela0008176,5796,1061,1475,183,35
2074,911,1585,Sham19Y0017747,2085,818,1192,247,43
2074,431,568,Sham19Y0017747,2280,74,209,109,98
2074,1123,1344,Shamela0029702,21,963,1175,156,84
2074,1118,1367,Shamela0005610,7,929,1195,149,67
2074,431,568,Zaydiyya0000259,102,1009,1147,110,99
2074,431,568,Shamela0025794,1617,488,652,110,83
2074,383,568,Sham19Y0036110,337,1,272,136,61
2074,302,538,Shamela0011428,1648,646,1039,111,31
2074,916,1206,Shamela0021715,9422,118,316,117,49
2074,431,568,Shamela0025791,264,1372,1537,110,83
2074,412,568,Shamela0025791,462,85,256,110,75
2074,263,404,Shamela0001727,1226,1110,1500,109,34
2074,431,905,Shamela0001727,1227,232,444,148,36
2074,916,1175,Shamela0001727,1227,937,1418,140,35
2074,1118,1344,Shamela0001727,1228,86,302,172,95
2074,431,568,Shamela0026389,103,592,754,109,82
2074,431,568,Sham19Y0017757,180,1318,1453,109,98
2074,302,591,Sham19Y0013572,901,55,374,183,59
2074,1476,1590,Sham19Y0127700,496,980,1088,85,92
2074,355,568,Shamela0009795,276,1007,1245,129,61
2074,329,568,Shia002261Vols,185,163,389,153,74
2074,302,568,Shamela0005756,4789,152,649,201,50
2074,302,557,Shamela0010639,272,1293,1561,162,63
2074,329,568,Sham19Y0127677,1354,1180,1426,150,68
2074,263,412,Sham19Y0127677,12667,156,573,114,33
2074,1100,1476,Shamela0000894,4496,580,1151,242,52
2074,383,568,Shamela0000894,7956,1316,1530,117,68
2074,431,568,JK000624,197,1067,1231,107,81
2074,424,568,Shamela0004473,10484,1219,1357,87,66
2074,431,568,Shamela0005922,2750,223,358,107,96
2074,431,568,Shamela0008381,6299,300,437,110,100
2074,302,522,Shamela0008381,6307,359,692,150,55
2074,431,568,Sham19Y0014309,2014,888,1052,110,83
2074,1118,1367,JK000785,2507,564,830,149,67
2074,404,568,Sham19Y0122096,1904,683,828,117,88
2074,916,1378,Sham19Y0017903,906,592,1081,264,57
2074,431,568,Sham19Y0017903,914,403,568,110,83
2074,431,568,Shamela0021713,552,388,525,109,99
2074,1047,1590,Shamela0000140,1403,180,394,151,34
2074,431,568,Sham19Y0096918,355,1147,1311,110,83
2074,431,568,JK000201,3458,1288,1452,110,83
2074,431,568,Shamela0004289,815,732,897,110,83
2074,376,568,Shamela0001975,476,1,217,138,79
2074,263,412,Sham19Y0122406,3314,654,1052,116,35
2074,431,1215,Sham19Y0122406,3315,589,1470,306,33
2074,916,1105,Sham19Y0122406,3316,1064,1440,115,36
2074,1182,1344,Sham19Y0122406,3318,470,640,106,71
2074,329,568,Shia002265Vols,2789,176,417,153,70
2074,431,568,Sham19Y0145212,1225,1457,1621,110,83
2074,1118,1417,Sham19Y0145212,2860,768,1018,165,68
2074,431,572,ShamAY0000351,409,7,166,105,77
2074,911,1057,Zaydiyya0000059,1042,1447,1620,118,84
2074,431,568,Zaydiyya0000059,1122,1107,1247,109,95
2074,1118,1344,Sham19Y0001734,2376,717,993,163,71
2074,916,1115,Sham19Y0132524,2202,497,738,122,60
2074,1118,1344,Sham19Y0132524,2203,887,1167,172,74
2074,431,568,Sham19Y0038171,1113,786,923,110,100
2074,455,568,Sham19Y0037618,3591,18,133,90,97
2074,321,568,Shamela0001438,2062,139,491,164,53
2074,431,568,Sham19Y0018144,2360,611,776,110,83
2074,1115,1344,Sham19Y0018144,2366,47,306,162,72
2074,1057,1476,Shamela0036446,1047,299,890,272,54
2074,431,561,Shamela0009107,297,851,967,93,89
2074,431,568,Shamela0001341,118,517,683,107,80
2074,1047,1367,Sham19Y0014555,905,360,732,248,83
2074,302,568,Shamela0025800,1739,186,492,159,55
2074,1308,1513,Shamela0025800,1777,31,298,97,43
2074,916,1354,Sham19Y0017791,1535,1018,1502,197,43
2074,1118,1354,Sham19Y0017791,1536,140,360,140,64
2074,916,1382,Sham19Y0017729,453,145,609,240,52
2074,431,568,Sham19Y0017729,457,545,710,110,83
2074,431,568,Sham19Y0147597,1272,1161,1325,110,83
2074,329,568,Shamela0021659,618,146,434,153,60
2074,1118,1378,ShamAY0034005,797,176,454,174,75
2074,431,568,Zaydiyya0000570BK3,521,778,913,109,98
2074,455,1263,Sham19Y0020638,1005,21,621,279,38
2074,916,1382,Sham19Y0020638,1005,772,1334,262,58
2074,905,1476,Sham19Y0020638,1006,367,964,208,36
2074,302,568,Sham19Y0013223,990,120,436,161,54
2074,302,568,Sham19Y0013223,1243,299,657,170,51
2074,1115,1344,JK007036,359,1236,1497,163,75
2074,431,568,Shia001976Vols,1245,902,1073,110,80
2074,1118,1417,Shamela0021766,4386,434,693,163,64
2074,1118,1367,JK007116,94,1237,1519,172,74
2074,1118,1395,Shia001174Vols,4077,1048,1299,181,80
2074,431,568,Sham19Y0146127,1793,445,561,93,84
2074,1047,1344,Sham19Y0146127,3286,49,356,175,63
2074,431,561,Sham19Y0146127,3559,28,185,104,82
2074,390,568,Sham19Y0016976,567,346,532,122,81
2074,1118,1354,Sham19Y0016976,1435,663,855,142,73
2074,321,568,Shamela0012052,583,479,776,189,75
2074,263,568,Sham19Y0017616,351,393,804,225,67
2074,431,568,Shamela0012991,210,981,1133,107,88
2074,297,568,Shamela0021589,1703,1115,1371,140,58
2074,1115,1348,Shamela0000782,909,1061,1323,165,76
2074,455,568,Sham19Y0023625,2089,305,424,91,94
2074,321,568,Shamela0021642,669,934,1198,187,84
2074,1489,1590,Sham19Y0122257,2655,144,245,80,100
2074,302,568,Sham19Y0014119,195,172,471,167,59
2074,302,568,Sham19Y0014119,1366,65,362,162,58
2074,431,568,Sham19Y0017063,335,830,973,110,95
2074,431,756,Sham19Y0148271,1473,526,863,138,36
2074,302,568,Shamela0008360,231,323,667,161,51
2074,916,1417,Shamela0008360,689,101,441,204,49
2074,431,568,JK011499,49,121,283,109,82
2074,434,568,Shamela0021537,2714,476,614,106,94
2074,302,568,Shamela0021537,5748,1044,1351,200,79
2075,322,885,JK007054,307,413,880,283,55
2075,26,901,ShamIbadiyya0000438,992,732,1604,684,93
2075,515,734,Kraken2106220218081,1016,406,625,130,65
2075,1501,1679,Shamela0008176,5793,1380,1548,136,89
2075,1,929,Shamela0008176,5795,637,1468,566,68
2075,510,889,Sham19Y0017747,2085,1238,1563,237,76
2075,373,779,Sham19Y0017747,2283,1,380,297,89
2075,515,734,Shia003965Vols,10400,1334,1559,135,67
2075,1056,1554,Sham19Y0131521,6749,1117,1520,268,60
2075,515,889,Shamela0021590,1340,562,876,216,68
2075,373,624,Shamela0021590,1486,689,879,116,55
2075,32,449,Shamela0021715,10360,655,977,162,43
2075,65,281,Shamela0001673,9331,163,349,149,82
2075,515,734,Shia003923Vols,751,966,1190,135,68
2075,1060,1679,Shamela0000140,1402,736,1281,244,43
2075,26,908,Shamela0000140,1403,369,1253,475,53
2075,1501,1679,JK000201,2305,1114,1282,136,89
2075,1,968,JK000201,3416,631,1599,787,98
2075,968,1505,JK000201,3417,1,541,430,97
2075,515,734,Shia002265Vols,6090,373,597,135,68
2075,1191,1679,Zaydiyya0000059,1042,625,1081,263,56
2075,515,889,Zaydiyya0000059,1043,259,571,217,68
2075,1,322,ShamAY0033531,3687,1078,1400,264,99
2075,1,322,ShamAY0033531,4870,492,814,264,99
2075,101,289,Sham19Y0018144,6075,1302,1487,144,93
2075,515,734,Shamela0001687,7603,575,803,135,67
2075,515,734,Shamela0025800,1775,272,569,139,54
2075,26,885,Sham19Y0018272,196,394,1167,610,85
2075,65,281,Sham19Y0150639,460,903,1088,149,82
2075,1191,1585,Shamela0011036,2115,1244,1639,250,69
2075,46,523,Shamela0011036,2116,790,1329,364,81
2075,1075,1679,Shamela0009242,3590,345,1056,340,53
2075,26,908,Shamela0009242,3591,105,1338,628,58
2075,1216,1679,Sham19Y0023625,2004,640,994,280,72
2075,205,915,Sham19Y0023625,2007,1,677,539,92
2075,515,734,Sham19Y0020891,1493,239,472,134,64
2075,1459,1679,Sham19Y0122257,2654,795,987,152,81
2075,1,908,Sham19Y0122257,2655,245,1003,570,74
2075,32,445,Shamela0000791,633,1172,1517,139,30
2076,1457,1574,JK007054,247,191,312,92,92
2076,1,443,Sham19Y0017747,2085,470,693,145,39
2076,945,1064,Sham19Y0127677,12716,269,472,94,58
2076,379,782,Sham19Y0127677,14981,1081,1469,166,43
2076,9,543,Shamela0021713,547,967,1470,132,21
2076,1,443,Zaydiyya0000059,1042,1081,1310,145,39
2076,712,859,Shamela0011036,2115,1,160,122,92
2076,1321,1574,Shamela0011036,2115,464,893,149,39
2076,9,272,Shamela0011036,2116,76,375,161,61
2076,87,252,Shamela0009242,3591,1380,1581,119,74
2076,252,628,Shamela0009242,3592,1,343,264,84
2076,1442,1579,Shamela0009242,3592,343,466,100,89
2077,6,276,Sham19Y0017747,2086,219,494,139,60
2077,1374,1522,Shamela0001727,1229,932,1263,104,40
2077,6,279,Shamela0008381,5846,619,885,172,77
2077,239,871,JK000201,3412,462,1358,452,57
2077,876,1028,JK000201,3413,1408,1553,115,92
2077,1031,1363,JK000201,3414,1,339,268,98
2077,1235,1540,Sham19Y0122406,3321,952,1599,160,28
2077,36,191,ShamAY0034251BK3,3111,566,711,110,90
2077,1,197,Sham19Y0023625,2005,376,651,151,66
2077,342,871,Sham19Y0023625,2025,353,610,113,22
2077,385,565,Sham19Y0023625,2027,112,292,151,100
2077,1440,1586,Sham19Y0017063,1146,232,458,113,60
2078,611,1491,Shamela0001727,1230,103,900,138,12
2078,1092,1430,Sham19Y0127677,8609,64,399,248,90
2078,51,193,Sham19Y0014309,3210,1339,1481,114,99
2078,193,563,Sham19Y0014309,3211,1,283,228,75
2078,674,1604,Shia001831Vols,436,1007,1630,423,53
2078,611,1363,Shamela0004289,228,170,505,94,13
2078,563,979,Sham19Y0122406,3322,1096,1483,100,18
2078,611,1373,Shamela0036446,972,167,514,101,14
2078,1,150,Zaydiyya0000084,386,90,233,115,93
2078,611,1380,Shamela0025800,394,920,1299,105,14
2078,611,1380,Sham19Y0150960,1381,459,836,105,14
2078,611,1491,Sham19Y0020638,1007,178,719,149,16
2078,1,150,ShamAY0000028,383,685,828,115,93
2078,1,563,Sham19Y0014119,1371,362,924,456,99
2078,1,416,Sham19Y0017063,1146,458,829,290,86
2079,361,590,Shamela0021848BK3,1352,838,998,123,63
2079,365,808,JK001472,63,128,449,243,65
2079,365,590,ShamAY0035955,317,1040,1228,143,75
2079,874,1588,Sham19Y0017747,1768,715,1328,308,45
2079,838,1583,Shamela0021590,1124,586,1303,196,20
2079,365,590,Shamela0021715,8170,639,823,138,73
2079,365,590,Shia002702Vols,8788,1386,1573,138,72
2079,365,590,Shamela0026568,651,1123,1310,138,72
2079,361,599,Shamela0021848BK2,1037,52,219,126,63
2079,372,812,Shamela0005756,11860,461,784,210,55
2079,372,590,Shamela0001673,7005,512,684,132,74
2079,361,590,Shamela0004473,4031,120,334,166,88
2079,1310,1510,Shia001831Vols,437,36,208,131,80
2079,377,808,Sham19Y0122406,3323,326,741,229,59
2079,365,808,Shamela0006590,828,46,342,211,55
2079,828,1008,Masaha001171Vols,5336,464,690,100,49
2079,381,590,Sham19Y0132524,2206,1211,1499,126,53
2079,893,1459,Sham19Y0013631,192,18,324,215,46
2079,361,590,Shamela0011468BK1,2254,1503,1663,123,63
2079,361,812,Sham19Y0013252,7181,420,725,192,49
2079,365,620,Sham19Y0013252,7824,199,407,143,63
2079,863,1588,ShamAY0035249,280,269,1006,584,97
2079,821,944,Sham19Y0017798,2679,564,736,93,68
2079,874,1588,Sham19Y0017063,711,614,1320,204,22
2079,351,590,Rafed0003902Vols,3798,302,487,139,72
2079,896,1588,Shamela0010517,2296,1,364,270,48
2080,170,534,Kraken220314171616,63,1018,1378,282,94
2080,126,534,JK001014,3,704,1100,306,91
2080,659,795,Sham19Y0013769,1465,1051,1187,112,100
2080,843,1621,Sham19Y0013769,1466,164,931,586,91
2080,312,569,Sham19Y0017747,1769,1,280,193,85
2080,908,1141,Shamela0021715,8163,1329,1518,115,55
2080,701,1428,Sham19Y0017437,1309,1,966,308,34
2080,550,1621,Shamela0005756,12630,420,1108,317,30
2080,585,1334,Shamela0001673,7824,29,1165,354,34
2080,824,968,Shia001831Vols,437,254,399,110,93
2080,1350,1621,Sham19Y0122406,3326,574,688,89,40
2080,126,486,Sham19Y0014224,648,1248,1537,200,67
2080,846,1137,Sham19Y0013223,2275,4,247,172,73
2080,654,1480,Masaha001864Vols,5157,509,1560,371,39
2080,836,1428,Sham19Y0013252,7817,748,1176,300,61
2080,31,291,Shamela0011036,1736,1360,1577,170,78
2080,291,795,Shamela0011036,1737,1,396,280,68
2080,976,1244,Shamela0011036,1737,1214,1484,221,99
2080,824,1621,Shamela0011036,1738,322,692,253,37
2080,585,795,Shamela0009242,2714,649,873,162,86
2080,126,545,Shamela0000497,59,277,698,215,50
2080,1,545,ShamAY0035249,280,1006,1551,444,99
2080,585,1233,ShamAY0035249,281,441,1519,346,36
2080,123,452,Sham19Y0122257,1888,1062,1371,237,86
2080,545,1621,Shamela0010517,2064,595,1365,623,70
2080,1,267,Shamela0010517,2296,364,628,217,98
2080,545,1118,Shamela0010517,2364,1030,1599,460,98
2080,1118,1621,Shamela0010517,2365,1,202,160,39
2080,787,1280,Shamela0010517,2617,535,1029,401,98
2081,403,979,Sham19Y0018259,217,33,284,153,31
2081,1015,1115,Sham19Y0014591,3485,661,761,79,100
2081,1015,1181,Shamela0001727,1231,1113,1315,98,62
2081,1015,1115,Sham19Y0017437,2229,1302,1401,77,98
2081,1015,1115,Sham19Y0017437,2230,121,220,77,98
2081,1015,1181,Sham19Y0127700,616,352,575,100,55
2081,403,643,Sham19Y0127677,14224,1057,1269,151,75
2081,1015,1284,Sham19Y0122406,3327,198,587,141,46
2081,480,643,Sham19Y0018144,6081,1298,1438,112,85
2081,805,999,Sham19Y0018144,6082,18,212,150,93
2081,1015,1128,Sham19Y0018144,6084,83,188,83,92
2081,1015,1115,ShamAY0035990,737,1157,1257,79,100
2081,1007,1567,Masaha001864Vols,5269,1150,1566,310,66
2081,422,1015,Shamela0011036,1736,249,525,155,28
2081,99,398,Shamela0011036,1737,400,693,227,91
2081,377,995,Sham19Y0014580,2439,18,430,282,54
2081,480,1015,ShamAY0035249,283,908,1446,435,99
2081,1015,1128,Sham19Y0014119,727,232,338,81,91
2081,1015,1526,Sham19Y0017442,418,278,1067,339,48
2081,403,626,Shamela0010517,2617,1311,1552,175,91
2081,626,802,Shamela0010517,2618,1,178,142,99
2082,454,705,Sham19Y0013769,1035,1195,1452,147,68
2082,494,768,Shamela0005756,7045,622,850,159,72
2082,370,803,Sham19Y0122096,1153,513,856,188,53
2082,483,1205,Shia001831Vols,437,426,840,311,52
2082,483,687,ShamAY0033531,3429,1463,1651,150,90
2082,483,803,ShamAY0033531,4612,776,1110,184,64
2082,468,768,Sham19Y0018103,2202,272,648,188,58
2082,464,803,Sham19Y0014224,632,985,1282,183,57
2082,510,803,Sham19Y0018272,655,26,332,211,83
2082,1,1437,Masaha001864Vols,5270,38,1463,1101,92
2082,167,768,Sham19Y0013252,3847,254,593,228,46
2082,541,768,Sham19Y0013605,2758,1120,1317,140,75
2083,468,700,Shamela0005756,790,1082,1448,131,39
2083,294,700,JK000201,3437,1089,1505,228,54
2083,705,1595,JK000201,3438,1,957,651,80
2083,1,403,JK000201,3439,422,824,328,100
2083,475,694,JK000168,24,723,1020,142,52
2083,1219,1595,Sham19Y0013252,650,737,931,138,46
2083,475,641,Sham19Y0014325,1013,896,1051,111,74
2084,645,910,Zaydiyya0000142,3412,680,956,146,68
2084,696,1177,Shamela0008176,5859,457,1024,262,51
2084,1165,1484,Sham19Y0131521,6372,1,333,250,94
2084,567,686,Shamela0001727,1233,371,594,91,51
2084,645,1435,Shamela0001673,9360,751,1231,280,42
2084,591,1118,Sham19Y0035453,210,526,973,268,59
2084,1,556,JK000201,3438,957,1362,321,71
2084,775,1118,JK000201,3470,325,668,273,100
2084,1128,1484,JK000201,3471,320,702,210,64
2084,551,686,Sham19Y0122406,3331,1000,1239,97,50
2084,771,1024,Sham19Y0013631,1827,104,262,119,59
2084,1256,1457,Sham19Y0018103,3693,237,378,100,58
2084,567,958,Sham19Y0016772,1458,579,1145,147,25
2084,1133,1476,Shamela0021592,73,1248,1540,221,80
2084,775,873,Sham19Y0122257,2683,146,244,76,97
2085,799,1068,Sham19Y0020944,935,138,430,213,91
2085,799,1068,Shamela0007798,6832,367,662,211,89
2085,906,1068,Shamela0007891,2020,1,179,126,89
2085,799,1072,JK000435,258,872,1237,204,70
2085,799,1068,Sham19Y0148486,4278,232,522,212,91
2085,799,1076,Shamela0003485,99,435,720,209,90
2085,799,1068,Shamela0006610,753,1018,1300,210,91
2085,749,1089,Sham19Y0019188,3786,810,1187,209,66
2085,563,738,Sham19Y0017747,2291,94,269,114,76
2085,799,1267,Shamela0001719,4241,1056,1357,213,53
2085,757,1026,Shia000841Vols,7226,739,1073,161,57
2085,799,1068,Shamela0025794,4815,591,880,211,91
2085,799,1068,Sham19Y0131521,5546,553,847,213,90
2085,361,464,Sham19Y0131521,6396,1219,1412,80,53
2085,464,728,Sham19Y0131521,6397,1,359,154,54
2085,104,210,Shamela0001727,1234,379,651,76,37
2085,799,986,Shamela0001727,1234,1251,1442,150,97
2085,833,1068,ShamAY0033548,8,1,254,185,91
2085,803,1068,JK009266,6748,394,665,201,90
2085,799,1076,Shamela0023700,2357,588,898,216,87
2085,799,1068,Shamela0012750,147,782,1059,201,88
2085,799,934,Shia002702Vols,7466,1397,1537,98,87
2085,934,1068,Shia002702Vols,7467,1,141,106,95
2085,774,1089,Shamela0022593,1761,188,522,205,70
2085,148,738,Shamela0005756,13947,188,610,189,36
2085,799,1148,Shamela0001673,7829,1139,1406,165,55
2085,264,738,Shamela0001673,9360,1,264,131,33
2085,799,1068,Shamela0012884,3662,235,514,213,95
2085,799,1068,Shamela0117359,952,471,765,212,90
2085,799,1072,Shamela0021684,3,818,1112,211,90
2085,799,1061,Tafsir09084,1703,1258,1511,170,76
2085,799,1072,Sham19Y0017903,643,554,851,213,89
2085,660,1362,Shia001831Vols,437,1135,1565,172,24
2085,799,1030,Shamela0001442,963,1276,1524,184,92
2085,1,475,JK000201,3471,702,1447,314,49
2085,475,738,JK000201,3472,1,269,210,98
2085,799,1089,Shamela0007370,2591,284,757,154,37
2085,757,1072,Shamela0023628,2595,1059,1386,219,82
2085,865,1072,Shamela0005815,254,1,226,162,90
2085,104,206,Sham19Y0122406,3333,151,419,75,37
2085,799,1089,Sham19Y0122406,3334,597,903,221,90
2085,799,1068,Shamela0021477,183,276,568,210,90
2085,799,1068,Shamela0008183,2880,480,672,129,59
2085,799,1068,Shamela0008473,3383,1162,1453,211,91
2085,799,980,Sham19Y0132524,2219,60,245,145,97
2085,799,1068,Shamela0001875,1151,686,974,214,93
2085,218,738,ShamAY0033531,3512,76,394,244,59
2085,1244,1393,ShamAY0033531,3551,1016,1158,113,94
2085,218,738,ShamAY0033531,4694,1101,1419,244,59
2085,1244,1393,ShamAY0033531,4734,420,562,113,94
2085,799,1068,Sham19Y0018144,2378,591,882,212,91
2085,799,957,Shamela0025800,1797,1279,1441,122,94
2085,749,986,Sham19Y0017729,353,1243,1483,166,84
2085,799,1068,Shamela0023578,2183,453,743,210,90
2085,799,1068,ShamAY0034054,2737,1,281,209,93
2085,774,1076,Sham19Y0006684,3490,272,598,220,84
2085,799,1076,Sham19Y0020638,1010,549,843,214,90
2085,799,1068,JK000475,1966,831,1114,208,90
2085,799,1068,Sham19Y0020591,1478,1198,1491,213,91
2085,799,1061,JK007116,95,6,278,198,89
2085,1082,1393,Masaha001946Vols,666,895,1123,125,45
2085,749,1089,Shamela0008463,3595,33,411,210,66
2085,799,1068,Sham19Y0146127,2299,10,295,207,89
2085,774,1050,Shamela0011036,2117,279,571,197,82
2085,799,1061,Shamela0011036,2118,6,282,195,86
2085,1289,1504,Shamela0011036,2120,117,326,160,92
2085,799,1068,Shamela0006700,514,297,583,207,89
2085,874,1068,Shamela0023623,2836,1,202,152,94
2085,799,1068,Shamela0009242,2716,57,338,210,92
2085,757,1068,Sham19Y0017616,356,547,880,229,83
2085,1114,1393,Sham19Y0017616,619,1042,1277,164,70
2085,799,1076,Shamela0000041,1800,577,877,212,88
2085,799,1076,Shamela0037458,2867,827,1125,210,88
2085,799,1068,ShamAY0035249,103,825,1107,208,90
2085,799,1148,ShamAY0035249,308,455,722,165,55
2085,886,1072,Shia002119Vols,2942,1,204,143,88
2085,799,1068,JK007065,1439,440,722,215,95
2085,99,855,Sham19Y0122257,2683,293,778,273,43
2085,848,1176,Sham19Y0014601,5370,12,250,169,58
2085,808,1061,Shamela0021731,801,276,524,177,81
2085,799,1068,Shamela0008230,34,261,523,188,82
2085,799,1068,Sham19Y0148271,2256,626,918,212,91
2085,799,1068,Sham19Y0017442,127,675,970,213,90
2085,799,1061,Shamela0008658,3243,34,288,170,76
2086,480,716,Sham19Y0131521,5547,401,646,177,86
2086,976,1375,Sham19Y0131521,5549,7,358,276,84
2086,1048,1482,Sham19Y0131521,6472,1,357,231,64
2086,893,1525,Shamela0004473,6953,28,706,249,37
2086,505,939,Shamela0005922,2671,421,773,229,61
2086,748,1064,Sham19Y0122406,3335,938,1320,170,48
2086,956,1537,Sham19Y0122406,3336,563,1242,298,48
2086,233,355,Sham19Y0145212,2071,205,701,70,16
2086,311,464,ShamAY0033531,2944,1384,1542,118,92
2086,323,469,ShamAY0033531,3552,660,806,118,99
2086,311,469,ShamAY0033531,4127,1059,1222,122,92
2086,323,469,ShamAY0033531,4735,49,195,118,99
2086,728,1403,Shamela0011036,2121,242,1084,496,70
2086,292,716,Shamela0009242,2716,807,1138,190,53
2086,956,1285,Shamela0009242,2717,1265,1585,209,72
2086,323,469,ShamAY0035249,312,215,361,118,99
2086,10,455,Sham19Y0122257,1898,454,791,220,56
2086,24,773,Sham19Y0014601,5370,354,1105,285,38
2086,956,1182,Sham19Y0014601,5371,1276,1484,162,85
2086,1182,1375,Sham19Y0014601,5372,1,158,123,80
2087,28,576,Shamela0008176,4005,524,777,125,27
2087,1,482,Shamela0008176,5552,861,1066,149,37
2087,7,482,Shamela0004473,6949,1,276,212,55
2087,1,534,JK000201,3504,820,1086,167,35
2087,705,1275,Shamela0021654,1294,706,1059,255,54
2087,114,571,Sham19Y0122257,1898,1,201,141,37
2087,1,514,Sham19Y0122257,2553,357,600,161,36
2088,958,1074,Sham19Y0016584,3600,56,179,85,86
2088,575,1086,Sham19Y0148486,4620,634,870,120,25
2088,575,1074,Shamela0006610,799,1010,1235,108,23
2088,1486,1660,ShamAY0035955,469,1021,1196,139,97
2088,575,1138,ShamAY0035035,3938,374,971,122,15
2088,147,509,Shamela0008176,3892,89,432,273,88
2088,575,1074,Sham19Y0127656,651,1134,1358,109,23
2088,575,1074,JK000110,1407,858,1082,109,23
2088,575,1074,Shamela0025794,5132,930,1163,115,24
2088,575,1074,Shamela0021715,8151,920,1144,109,23
2088,575,1138,Shamela0021715,8152,1134,1503,128,25
2088,575,1086,Shamela0001727,1235,471,712,125,26
2088,575,1065,JK000916,26704,1197,1419,104,22
2088,575,1074,JK000916,26705,752,977,115,24
2088,575,1074,Shamela0003118,1276,565,796,114,24
2088,575,1074,Shamela0005756,12618,274,498,109,23
2088,575,1074,Shamela0035100,1327,232,441,103,22
2088,575,1074,Sham19Y0096918,254,549,759,94,20
2088,575,1086,Shamela0010906,1326,181,408,110,23
2088,575,1086,Sham19Y0122406,3337,73,314,125,26
2088,575,1074,JK009324,2446,788,989,109,24
2088,575,1074,Shamela0009773,2553,750,985,110,23
2088,575,1074,Shamela0037837,535,185,409,109,23
2088,575,1074,Sham19Y0001734,1713,680,906,114,24
2088,569,984,Sham19Y0132524,2222,64,197,47,12
2088,575,1074,Sham19Y0018106,3339,895,1119,109,23
2088,575,1086,Shamela0036446,497,1197,1429,120,25
2088,575,1074,Sham19Y0018103,3226,704,928,109,23
2088,575,1086,Shamela0025800,1725,811,1073,122,25
2088,575,1074,Shamela0096283,380,68,292,109,23
2088,575,1074,ShamAY0034005,624,1032,1262,114,24
2088,575,1086,Sham19Y0020638,1010,1237,1469,125,26
2088,575,1074,JK000475,1948,58,266,108,24
2088,575,1074,Sham19Y0013252,7801,665,889,109,23
2088,575,1065,ShamAY0035884,3697,1313,1510,92,20
2088,575,1086,Sham19Y0146127,2483,115,283,94,21
2088,575,1086,Sham19Y0017616,355,352,593,125,26
2088,575,1074,ShamAY0035249,85,524,732,108,24
2088,575,1074,Sham19Y0018176,1950,126,350,109,23
2088,147,509,Sham19Y0122257,1832,429,1173,276,43
2088,147,509,Sham19Y0014601,4568,814,1157,271,88
2088,575,1074,Sham19Y0148271,2137,73,306,115,24
2088,575,1074,Sham19Y0013605,3847,1217,1441,109,23
2088,575,1086,Sham19Y0017442,223,1191,1432,125,26
2089,472,1199,Shamela0021623,694,335,1028,501,79
2089,1,167,ShamAY0035955,469,1196,1365,132,97
2089,745,910,Sham19Y0131521,6396,211,341,105,78
2089,402,512,Shamela0001727,1236,45,223,87,60
2089,1258,1610,Shamela0000432,4096,349,674,140,39
2089,427,992,Sham19Y0035453,210,995,1373,216,41
2089,713,1186,Sham19Y0014309,2017,1018,1307,195,48
2089,1,167,Shia001831Vols,438,481,638,125,93
2089,632,1199,JK000201,3533,639,1535,455,62
2089,664,971,Sham19Y0149697,1194,358,584,144,57
2089,632,1199,ShamAY0033531,3511,897,1549,271,37
2089,632,1199,ShamAY0033531,4694,284,936,271,37
2089,472,986,Sham19Y0018272,250,1022,1525,319,72
2089,687,1199,Sham19Y0013252,9265,135,547,298,68
2089,1318,1581,Shamela0011036,2204,1099,1507,166,47
2089,1422,1610,Shamela0009242,3781,1098,1286,152,98
2089,681,1094,Sham19Y0023625,2610,224,548,195,58
2089,681,897,Sham19Y0150962,652,323,519,147,82
2090,302,540,ShamAY0035955,595,883,1121,191,100
2090,325,544,Shamela0010664,952,593,788,140,77
2090,319,1003,Sham19Y0013253,770,492,1412,252,29
2090,1049,1504,Sham19Y0013253,771,158,559,247,64
2090,302,505,Sham19Y0122406,3356,607,914,115,45
2090,1049,1504,Sham19Y0122406,3357,355,750,239,62
2090,656,1024,Sham19Y0018272,2012,438,896,225,50
2090,679,787,ShamAY0033562BK2,101,476,609,63,60
2090,7,200,Shia001976Vols,1610,237,427,149,96
2090,710,1024,Shia001976Vols,1610,380,697,223,84
2090,679,787,ShamAY0033562BK1,101,476,609,63,60
2090,1,1024,Shamela0011036,2205,31,909,613,69
2090,1,296,Shamela0009242,3781,1286,1571,226,93
2090,302,442,Shamela0009242,3782,8,149,112,99
2090,155,675,Sham19Y0023625,1234,8,471,318,70
2090,1080,1222,Sham19Y0013605,4100,652,775,91,80
2091,476,861,Shamela0008176,2104,938,1325,184,45
2091,993,1502,Shamela0008176,5657,865,1331,330,79
2091,1078,1240,Shamela0021715,8822,20,164,111,83
2091,471,973,Shamela0001727,1237,351,891,125,19
2091,308,560,Shamela0000432,4095,673,1162,143,36
2091,885,1404,Shamela0026568,869,600,1468,270,37
2091,869,1304,Shamela0001673,8663,582,933,188,55
2091,875,1502,Sham19Y0013253,765,242,890,392,70
2091,606,1194,Shia001831Vols,438,963,1544,328,55
2091,1194,1308,Shia001831Vols,439,1,113,90,96
2091,619,869,Shamela0000140,1434,163,321,124,62
2091,471,869,JK000201,1614,212,603,223,60
2091,993,1304,JK000201,2769,150,409,159,64
2091,1289,1502,JK000201,2770,347,570,164,91
2091,1060,1502,Shamela0023628,1979,1,470,343,90
2091,885,1240,Shamela0023628,3518,361,875,255,58
2091,885,1183,Shamela0023685,1045,1286,1561,151,55
2091,480,1502,Sham19Y0122406,3342,12,1023,573,63
2091,1,460,Sham19Y0122406,3357,959,1461,180,34
2091,913,1484,Sham19Y0132524,2254,1125,1426,160,35
2091,980,1244,Masaha001946Vols,1115,47,295,193,89
2091,993,1502,Shamela0011036,2208,37,529,361,85
2091,885,1378,Shamela0001535,3552,855,1076,123,27
2091,506,861,Sham19Y0023625,1265,204,729,168,37
2091,969,1240,Sham19Y0023625,2357,1167,1436,217,97
2091,1044,1502,Sham19Y0122257,2589,112,492,287,75
2091,535,904,Sham19Y0017063,339,159,479,232,75
2091,1,209,Sham19Y0017063,1107,763,978,152,89
2092,1,489,Shamela0008176,5657,1331,1558,156,38
2092,1151,1507,Shamela0008176,5686,537,969,252,70
2092,641,778,Sham19Y0127677,6908,1,137,107,93
2092,1148,1534,Sham19Y0127677,8177,793,1167,279,90
2092,1194,1534,Sham19Y0122096,2726,720,1109,244,74
2092,1,512,Sham19Y0013253,765,890,1502,331,65
2092,531,1534,Sham19Y0013253,766,1,1139,675,69
2092,635,1534,Shia001831Vols,439,113,962,382,39
2092,1,982,JK000201,2770,570,1555,779,97
2092,1,1067,Shamela0023628,1979,470,1541,808,91
2092,1194,1456,Shamela0021660,3465,1174,1483,181,70
2092,1,356,Sham19Y0122406,3342,1023,1412,238,73
2092,379,1534,Sham19Y0122406,3343,16,1417,763,64
2092,1194,1501,Sham19Y0132524,2255,1072,1471,225,68
2092,1072,1534,JK000216,356,473,996,334,78
2092,635,1534,Masaha001946Vols,1115,295,827,359,48
2092,1,967,Shamela0011036,2208,529,1503,700,85
2092,1170,1534,Shamela0011036,2213,279,743,270,71
2092,676,982,Sham19Y0023625,2358,1,303,240,96
2092,1035,1534,Sham19Y0023625,2359,507,1021,318,66
2092,1072,1534,Tafsir06049,3520,1005,1492,283,64
2092,1,596,Sham19Y0122257,2589,492,839,252,50
2092,1177,1507,Sham19Y0122257,2600,704,1482,241,38
2092,1148,1367,Shamela0000791,605,1284,1494,145,82
2092,1367,1507,Shamela0000791,606,1,165,110,82
2093,86,708,Shamela0008176,5686,969,1403,297,55
2093,248,758,Sham19Y0131521,5305,59,370,248,59
2093,86,244,Sham19Y0127677,8177,1179,1333,123,96
2093,911,1274,Sham19Y0122096,2726,1264,1538,194,66
2093,1,388,Sham19Y0013253,766,1139,1517,261,80
2093,486,789,Sham19Y0013253,767,7,310,190,74
2093,366,758,Shia001831Vols,439,243,588,231,65
2093,911,1290,Shamela0021660,3466,277,569,205,67
2093,135,1527,Sham19Y0122406,3344,5,1425,856,67
2093,1,162,Sham19Y0132524,2256,20,217,119,74
2093,911,1527,Sham19Y0132524,2256,241,744,288,50
2093,258,741,Sham19Y0123665,1958,1074,1473,240,59
2093,979,1527,Sham19Y0013252,8678,1004,1345,236,54
2093,86,252,Masaha001946Vols,1115,834,1000,129,97
2093,486,758,Masaha001946Vols,1116,104,361,193,89
2093,366,789,Shamela0011036,2212,549,990,280,70
2093,810,1423,Shamela0011036,2213,863,1485,438,86
2093,1428,1527,Shamela0011036,2214,61,160,78,100
2093,452,785,Shamela0000551,2922,67,400,268,99
2093,911,1527,Shamela0000551,2926,85,336,195,39
2093,1,523,Sham19Y0023625,2359,1021,1538,407,95
2093,527,1527,Sham19Y0023625,2360,1,962,738,90
2093,91,213,Sham19Y0122257,2601,1,125,98,97
2093,248,519,Sham19Y0014601,5202,719,877,116,53
2093,123,580,Sham19Y0017063,1110,803,1187,295,76
2094,622,985,JK007054,780,1,301,215,71
2094,463,733,ShamAY0035955,597,1298,1537,152,64
2094,733,985,ShamAY0035955,598,1,246,133,56
2094,570,1000,Shamela0008176,5687,1,441,323,88
2094,458,701,Sham19Y0131521,5305,365,587,167,84
2094,21,184,Shamela0005756,13378,1353,1477,95,71
2094,554,817,Shamela0005756,13379,1,243,175,82
2094,500,817,JK000170,6070,950,1174,169,66
2094,467,894,Shia001831Vols,439,1136,1541,322,92
2094,47,452,Sham19Y0122406,3345,1,413,305,90
2094,488,1458,Sham19Y0122406,3345,898,1550,433,53
2094,249,452,Sham19Y0017729,462,872,1222,135,46
2094,463,674,Sham19Y0018272,1508,480,692,168,98
2094,1,192,Sham19Y0013252,8678,1345,1498,114,74
2094,520,851,Sham19Y0013252,8679,1,308,212,76
2094,504,847,Masaha001946Vols,1116,379,699,254,91
2094,452,996,Shamela0011036,2211,975,1440,332,72
2094,1,516,Shamela0011036,2214,160,718,354,76
2094,570,985,Shamela0000551,2923,232,668,316,87
2094,47,452,Shamela0000551,2925,682,862,125,38
2094,14,166,Shamela0021589,1817,1314,1482,120,87
2094,778,996,JK007074,445,42,209,110,61
2094,184,847,Sham19Y0023625,2360,975,1524,436,80
2094,21,184,Sham19Y0023625,2361,677,849,117,82
2094,452,708,Sham19Y0122257,2601,125,347,165,80
2094,463,743,Sham19Y0014601,5202,859,1167,184,69
2094,192,320,Shamela0010517,2389,251,413,78,60
2095,1240,1492,Zaydiyya0000015,2407,209,449,175,85
2095,138,719,Shamela0001727,1237,727,1118,116,21
2095,848,1492,Shia002702Vols,11921,1046,1549,324,59
2095,749,1062,Sham19Y0133357,33,1083,1413,191,63
2095,1115,1302,Sham19Y0133357,34,242,397,112,72
2095,267,584,Sham19Y0127677,6908,201,373,136,53
2095,248,584,Shamela0000894,6125,789,1394,242,47
2095,681,857,Shamela0004473,16128,214,371,116,81
2095,726,1518,Sham19Y0023590,236,813,1345,427,67
2095,629,1518,Sham19Y0013253,767,310,1220,601,75
2095,301,573,JK000201,2771,712,951,189,86
2095,623,1312,Shamela0023628,3782,704,1303,427,76
2095,442,1518,Sham19Y0122406,3346,31,1277,685,63
2095,726,1282,Shia003732Vols,1457,118,371,156,33
2095,638,1062,Shamela0009242,3301,1136,1531,277,80
2095,1062,1518,Shamela0009242,3302,1,445,361,96
2095,271,573,Sham19Y0023625,2359,126,398,208,84
2095,862,1312,Sham19Y0013605,4133,916,1175,126,32
2096,1377,1531,ShamAY0035955,604,1373,1539,100,75
2096,1,1071,Shamela0008176,7452,495,1244,417,44
2096,117,509,Tafsir07055,1664,68,623,219,48
2096,240,1092,Shia002702Vols,11921,106,1033,605,77
2096,1122,1531,Shia002702Vols,11922,55,411,277,85
2096,117,386,Shamela0026568,887,669,1006,171,59
2096,930,1092,Sham19Y0127700,669,1067,1238,124,91
2096,240,728,Shamela0005756,13405,12,242,111,26
2096,1079,1531,Shamela0010664,1215,379,819,330,91
2096,1,509,Shamela0001673,8698,556,1364,266,40
2096,1,635,Sham19Y0023590,236,1345,1582,183,34
2096,635,926,Sham19Y0023590,237,1,261,202,86
2096,248,433,Shamela0008381,266,561,765,106,55
2096,1,386,Sham19Y0014309,1336,500,1060,200,41
2096,642,823,Kraken220727035853,5359,1233,1393,75,48
2096,117,386,Kraken220727035853,5359,119,430,168,63
2096,1115,1531,Sham19Y0013253,768,633,1123,256,63
2096,167,610,Sham19Y0013253,768,27,589,300,64
2096,659,982,Shamela0023645,338,1,439,170,44
2096,1122,1396,Shia003961Vols,766,412,651,180,79
2096,21,728,Shamela0023628,3783,408,1096,474,75
2096,117,386,Shamela0023685,1064,1,336,170,59
2096,81,653,Sham19Y0122406,3347,94,813,348,57
2096,642,1531,Sham19Y0122406,3348,44,1214,534,56
2096,642,982,Shia003732Vols,5309,660,1112,174,44
2096,610,1103,ShamAY0035950,872,1041,1533,391,97
2096,642,918,Sham19Y0013252,5631,654,937,147,56
2096,1,1205,Shamela0009242,3302,445,1563,864,87
2096,1205,1531,Shamela0009242,3303,1,346,250,89
2096,1,1071,Sham19Y0122257,3351,457,1398,463,45
2096,1,509,Shamela0010517,2891,464,1272,266,40
2097,1048,1513,ShamIbadiyya0000438,1018,390,781,248,61
2097,719,1296,ShamAY0035955,605,1202,1409,126,27
2097,1296,1552,JK010001,1572,599,855,206,100
2097,1048,1321,JK010001,1573,95,304,142,61
2097,239,552,Zaydiyya0000015,1373,709,1020,253,99
2097,1296,1552,Tafsir07055,1653,1048,1304,206,100
2097,1048,1321,Tafsir07055,1654,557,785,154,68
2097,1,290,Shia002702Vols,11922,411,732,216,83
2097,1059,1547,Shamela0026568,883,1180,1527,264,66
2097,1048,1277,Shamela0005756,13401,1390,1564,112,61
2097,1277,1513,Shamela0005756,13402,1,212,130,59
2097,1,762,Shamela0010664,1215,819,1578,598,95
2097,762,1070,Shamela0010664,1216,1,324,219,77
2097,1048,1513,Shamela0001673,8694,404,795,248,61
2097,306,1005,Shamela0004473,16133,522,1305,416,57
2097,1048,1296,Shamela0004473,16138,113,317,130,64
2097,306,1016,Masaha001961Vols,29,772,1500,501,78
2097,1,276,Sham19Y0013253,768,1123,1482,159,53
2097,276,1065,Sham19Y0013253,769,1,828,352,47
2097,1059,1552,JK000201,2167,1118,1434,235,58
2097,1059,1552,Shamela0023685,1060,543,897,271,66
2097,239,1065,Sham19Y0122406,3349,174,1051,384,47
2097,1048,1513,Shia003732Vols,1457,842,1255,230,53
2097,1202,1466,Shia003732Vols,5476,285,503,143,68
2097,1048,1513,Shamela0001467,112,25,416,248,61
2097,1059,1277,Shamela0009242,3299,1382,1496,85,50
2097,1277,1552,Shamela0009242,3300,1,208,154,66
2097,1,1021,Shamela0009242,3303,346,1335,749,87
2097,1048,1321,Shamela0010517,228,722,947,154,69
2098,693,895,JK007054,798,206,808,145,29
2098,555,779,Shamela0008176,7453,491,979,161,39
2098,1,484,JK010001,1572,855,1326,371,92
2098,1,251,Tafsir07055,1653,1304,1556,202,98
2098,251,484,Tafsir07055,1654,1,220,169,87
2098,1,473,Shamela0026568,884,6,491,381,96
2098,701,895,Shamela0010664,1217,1,195,156,100
2098,484,999,Sham19Y0127677,14983,1005,1428,187,38
2098,642,793,Sham19Y0013253,769,1378,1532,112,88
2098,793,1010,Sham19Y0013253,770,5,181,132,71
2098,939,1337,Shia001831Vols,440,182,329,96,30
2098,101,484,JK000201,2168,1,393,304,94
2098,1,473,Shamela0023685,1060,897,1382,382,96
2098,662,1010,Sham19Y0122406,3350,751,1061,238,82
2098,1004,1200,JK000168,115,914,1095,120,71
2098,679,854,Sham19Y0018569,934,59,214,106,76
2098,693,888,Sham19Y0016782,501,41,254,118,59
2098,939,1397,Masaha001864Vols,4916,156,311,121,32
2098,771,1010,JK001211,250,1059,1270,130,57
2098,1,685,Shamela0009242,3300,208,907,371,60
2098,771,1421,Shamela0009242,3304,21,749,271,36
2098,489,927,Sham19Y0017616,357,349,693,110,26
2098,555,1440,Sham19Y0122257,3352,595,1133,380,52
2098,715,1397,Sham19Y0014119,1560,1,230,170,30
2098,693,1591,Sham19Y0017063,1550,759,1396,414,52
2099,837,950,Sham19Y0020944,1056,1341,1450,87,96
2099,837,1099,Shamela0004445,1812,839,1101,199,92
2099,837,1099,JK007054,792,1211,1465,198,95
2099,1070,1399,JK007054,794,491,785,150,42
2099,837,1042,ShamAY0034284,47,303,503,145,86
2099,837,1103,Shamela0000767,4375,469,736,199,93
2099,837,1099,Sham19Y0148486,5020,955,1101,109,52
2099,837,1099,Sham19Y0148486,6250,121,385,201,95
2099,837,1103,Shamela0006610,854,988,1249,192,88
2099,837,1099,Shamela0006610,1009,677,921,187,88
2099,837,1103,Shamela0005803,51,491,751,198,93
2099,834,1103,JK006897,414,1056,1212,112,51
2099,837,1099,Shia002034Vols,585,43,185,107,51
2099,837,1103,ShamAY0034073,1268,375,635,197,93
2099,834,1099,ShamIbadiyya0000476,43,417,573,112,52
2099,834,1099,JK000110,636,95,240,109,52
2099,837,1089,ShamAY0034447,1488,342,580,165,82
2099,837,1042,Sham19Y0036110,318,1138,1325,142,86
2099,837,999,Sham19Y0131521,5193,630,793,127,97
2099,837,1099,Sham19Y0131521,6017,127,387,198,93
2099,1042,1348,Sham19Y0131521,6020,281,543,142,53
2099,834,1099,JK007128,672,264,523,97,32
2099,834,1099,Sham19Y0016684,1042,10,155,108,51
2099,171,1099,Shamela0001727,1238,103,979,289,26
2099,837,1080,JK006838,937,217,414,152,79
2099,815,1099,Shamela0000432,2503,908,1074,115,51
2099,837,1084,Masaha002028Vols,2420,1074,1319,184,91
2099,837,1099,Sham19Y0014442,3432,901,1133,166,77
2099,837,1531,Sham19Y0013572,683,365,950,276,43
2099,837,1099,Sham19Y0127700,360,1147,1396,193,92
2099,867,1205,Shamela0005756,9383,1,755,240,40
2099,837,954,Shamela0004473,1959,1006,1123,92,99
2099,837,1099,Shamela0117359,1044,1121,1392,201,92
2099,858,1099,Shamela0035100,245,7,240,181,95
2099,837,1099,Sham19Y0017903,797,603,861,194,92
2099,1024,1420,Shia001831Vols,440,663,837,126,39
2099,837,1099,Shia002218Vols,36,629,874,172,79
2099,834,1099,Shamela0004289,1442,899,1044,108,51
2099,834,1099,Shamela0010906,429,756,1009,194,92
2099,837,1099,Shamela0023628,3205,823,1065,184,88
2099,837,1099,Sham19Y0122406,3352,692,958,205,97
2099,834,1099,Shamela0006590,410,221,486,156,70
2099,834,1099,Shamela0037837,504,686,835,112,53
2099,837,1042,Shamela0010480,1857,353,553,145,86
2099,848,1348,Sham19Y0132524,2264,19,552,148,27
2099,837,1099,Shamela0001875,1361,810,1055,192,92
2099,837,1099,Kraken230110004547,627,811,1036,163,74
2099,834,1297,Sham19Y0018106,1859,175,559,157,33
2099,837,1103,Sham19Y0018144,2387,7,288,203,90
2099,820,1103,Shamela0001341,28,642,829,119,50
2099,834,1099,Sham19Y0018103,1822,603,748,109,52
2099,837,1099,Shamela0025800,3251,506,755,193,92
2099,834,1103,Shamela0096283,209,205,354,109,51
2099,837,1103,Sham19Y0017729,413,547,813,202,94
2099,837,1099,Sham19Y0020638,1014,198,456,198,94
2099,135,265,Sham19Y0020638,1793,119,246,60,54
2099,837,1099,Masaha001864Vols,1768,201,459,202,97
2099,1230,1565,Masaha001864Vols,4917,1181,1443,198,73
2099,837,1103,Shamela0006222,772,1252,1405,111,53
2099,837,1099,Shamela0012981,1781,294,454,114,55
2099,837,1099,Sham19Y0020591,1633,1089,1345,198,94
2099,834,1099,Sham19Y0013252,4706,770,915,109,52
2099,837,1042,Shia001174Vols,2832,864,1078,153,89
2099,834,1103,Sham19Y0146127,2708,1178,1333,115,54
2099,834,1099,Sham19Y0146127,3457,82,299,169,80
2099,432,940,Shamela0009242,3305,24,503,252,46
2099,837,1099,Shamela0009242,3581,315,566,192,91
2099,837,1111,Sham19Y0017616,386,94,375,205,92
2099,1042,1297,Sham19Y0017616,627,235,387,91,42
2099,858,1111,Shamela0012991,52,7,146,101,50
2099,837,1084,Shamela0000041,2388,1273,1520,189,95
2099,837,1099,JK007065,744,632,890,201,96
2099,834,1099,Sham19Y0018176,991,518,663,109,52
2099,834,1103,Sham19Y0022884,268,26,250,172,81
2099,837,1099,Shamela0021743,1630,959,1204,189,90
2099,834,1099,Sham19Y0013605,2364,14,159,109,52
2100,259,949,JK007054,794,874,1417,213,33
2100,393,676,Sham19Y0020594,314,1154,1448,218,93
2100,676,1021,Sham19Y0020594,315,1,346,276,99
2100,397,1006,Sham19Y0122236,246,915,1529,485,98
2100,1162,1522,Masaha002979Vols,776,1058,1271,132,47
2100,393,718,Shamela0005756,9383,1189,1510,255,98
2100,718,1021,Shamela0005756,9384,1,492,237,60
2100,432,782,Shamela0001673,8728,1091,1367,99,26
2100,416,1025,Sham19Y0122406,3353,214,984,312,45
2100,1,259,ShamAY0033531,3302,588,855,192,90
2100,477,1021,ShamAY0033531,3304,1,550,433,98
2100,1,259,ShamAY0033531,4485,5,272,192,90
2100,75,1021,ShamAY0033531,4486,554,1477,528,54
2100,1162,1493,Sham19Y0017791,518,638,1167,120,26
2100,416,757,Masaha001864Vols,265,1244,1467,144,51
2100,69,331,Masaha001864Vols,4918,1,269,208,96
2100,393,868,Masaha001864Vols,4918,1025,1505,379,98
2100,868,1021,Masaha001864Vols,4919,1,158,115,88
2100,556,1002,Shia001174Vols,2833,140,409,148,42
2100,207,659,Shamela0000791,612,1040,1523,325,80
2100,659,1010,Shamela0000791,613,1,343,267,94
2101,1273,1583,ShamAY0033177,472,714,1013,135,39
2101,1273,1501,JK007054,806,270,730,144,37
2101,132,765,ShamAY0035955,599,237,685,232,40
2101,1279,1587,Shamela0008176,2101,1,234,127,52
2101,1269,1587,Shamela0008176,5653,988,1285,147,50
2101,338,765,Sham19Y0131521,4758,979,1130,108,29
2101,1273,1587,Sham19Y0131521,5324,990,1160,121,47
2101,338,765,Sham19Y0131521,6606,1019,1491,184,35
2101,1269,1587,Shamela0021715,8827,379,840,157,36
2101,1269,1583,Sham19Y0016684,1840,1202,1478,168,63
2101,1269,1407,Shamela0001727,1241,252,390,112,100
2101,1298,1587,Shamela0026568,919,800,1123,123,36
2101,274,758,Shamela0026568,933,190,642,306,74
2101,1269,1587,Shamela0001673,8670,1007,1281,154,53
2101,274,758,Shamela0001673,10835,982,1421,297,74
2101,6,765,Shia001831Vols,440,892,1500,443,68
2101,974,1590,Shia001831Vols,441,108,474,238,46
2101,1269,1407,Shamela0004289,837,865,1001,110,98
2101,1298,1587,Shamela0023685,1094,574,897,123,36
2101,451,758,Shamela0023685,1108,10,307,208,79
2101,426,1027,Sham19Y0122406,3359,91,1066,398,48
2101,1269,1407,Sham19Y0122406,3360,306,444,112,100
2101,619,915,Sham19Y0132524,2273,507,914,203,56
2101,1269,1590,ShamAY0033531,2775,1161,1336,134,52
2101,1269,1590,ShamAY0033531,3958,837,1012,134,52
2101,765,1148,Sham19Y0018272,1729,812,1149,253,77
2101,1163,1403,Sham19Y0020638,1016,1061,1384,125,38
2101,112,1148,Masaha001864Vols,4921,1,1027,813,94
2101,619,928,Shamela0011406,1055,471,820,233,79
2101,1,903,Shamela0011036,2206,395,1612,690,69
2101,19,643,Shamela0009242,3799,256,1098,414,55
2101,1269,1407,Sham19Y0017616,359,1095,1232,111,99
2101,1310,1590,ShamAY0000055,387,15,236,178,78
2101,291,758,Sham19Y0023625,1004,195,950,234,34
2101,1243,1587,Sham19Y0023625,1251,500,888,135,42
2101,1421,1587,Sham19Y0122257,940,177,326,102,75
2101,1269,1590,Sham19Y0017063,337,880,1204,218,72
2101,619,928,Sham19Y0017063,338,833,1087,195,77
2102,685,1276,Shamela0001727,1242,43,384,117,21
2102,1004,1204,Shamela0001673,641,1129,1271,102,65
2102,760,1477,Shia001831Vols,441,740,1070,142,23
2102,685,1276,ShamAY0033523,472,555,792,113,22
2102,939,1276,Sham19Y0122406,3362,1053,1358,205,73
2102,1004,1204,Shia001805,645,877,1019,102,65
2102,518,1276,Sham19Y0020638,1017,345,860,123,14
2102,685,1276,ShamAY0035960,473,1189,1424,113,22
2102,944,1204,Sham19Y0023625,2358,368,803,189,52
2103,739,1032,Shamela0008176,3879,436,702,145,49
2103,913,1080,Sham19Y0131521,4760,354,491,99,72
2103,1413,1631,Shamela0001727,1244,271,862,112,24
2103,7,344,Shia001831Vols,441,1112,1325,164,57
2103,1413,1631,Sham19Y0122406,3365,13,604,112,24
2103,399,630,ShamAY0033531,2439,1092,1323,189,99
2103,415,1080,Sham19Y0023625,1234,787,1309,391,70
2104,1,329,JK001012,280,730,1092,189,63
2104,1,302,JK007054,268,634,945,216,81
2104,579,760,Sham19Y0013667,5711,1191,1439,130,65
2104,1,154,Shamela0000216,114,1305,1462,124,97
2104,1,158,Shamela0008176,272,154,316,126,96
2104,760,1279,Shamela0008176,5637,973,1294,241,56
2104,1,158,Shia002616Vols,92,1052,1206,119,89
2104,1,154,Shamela0012293,3099,1126,1284,111,87
2104,15,220,Masaha001145,2,1313,1517,140,79
2104,1,158,JK010001,1279,773,915,110,84
2104,1,220,Zaydiyya0000015,169,366,587,162,87
2104,15,158,Shia001237Vols,1478,748,896,111,93
2104,1,120,Tafsir07055,1352,1369,1488,96,100
2104,1,158,Kraken220414225529,82,548,709,118,91
2104,1,570,Shamela0001727,1244,862,1444,174,24
2104,1,158,Sham19Y0017817,160,1,136,109,85
2104,1,158,JK001236,265,639,797,123,93
2104,1,329,Shamela0010639,140,617,963,179,61
2104,1431,1641,Shamela0010664,1328,210,443,169,88
2104,1,158,Sham19Y0127677,19711,522,678,121,92
2104,1,158,Shamela0011385,2181,601,730,103,80
2104,15,158,Shamela0008381,478,622,770,111,93
2104,1,467,Sham19Y0014309,1862,39,584,213,39
2104,1334,1641,Sham19Y0013253,773,221,608,184,55
2104,1,158,Shamela0023628,2353,123,289,126,93
2104,1,158,Sham19Y0122406,3365,604,766,126,96
2104,1334,1641,Sham19Y0122406,3367,460,836,188,56
2104,1,158,Sham19Y0145212,190,282,444,126,96
2104,1,158,Shamela0000107,646,934,1097,126,95
2104,1,158,Shia002264,266,261,422,127,97
2104,1,158,Sham19Y0132524,2273,224,389,126,94
2104,1,329,Sham19Y0149697,508,323,681,183,59
2104,1,158,ShamAY0034134,856,358,515,125,98
2104,36,642,Sham19Y0018144,2401,1,545,141,19
2104,162,344,Sham19Y0018144,6111,1044,1206,129,86
2104,1,158,Shamela0025800,1622,669,830,127,97
2104,1,642,Sham19Y0020638,1020,123,431,196,38
2104,1,167,Sham19Y0013223,643,1147,1319,129,90
2104,1,158,Shamela0011438,141,1253,1412,122,91
2104,329,594,Masaha001864Vols,5423,131,399,188,79
2104,1,158,Shamela0021766,2633,1263,1422,122,93
2104,1,158,Shamela0021766,4977,785,946,121,92
2104,1,142,Masaha001946Vols,1179,11,152,113,99
2104,766,1334,Shamela0011036,2195,247,1137,321,37
2104,1,158,Shamela0012052,467,282,406,101,78
2104,1,158,Sham19Y0017616,358,219,381,126,96
2104,1,158,Shamela0000041,1560,671,836,127,95
2104,1,138,Sham19Y0023625,1228,1345,1482,110,99
2104,1,158,JK007065,1272,1208,1366,126,98
2104,1,162,Tafsir06049,4239,913,1071,124,95
2104,162,344,Sham19Y0122257,132,1141,1304,121,78
2104,1,158,Sham19Y0122257,132,295,457,126,96
2104,760,1279,Sham19Y0122257,2581,270,599,250,59
2104,15,138,Sham19Y0018612,155,1427,1550,99,100
2104,1,158,Shamela0008360,17,892,1054,126,96
2104,749,1323,Shamela0000791,593,227,754,421,88
2104,1,158,Shamela0021578,25,547,697,118,90
2105,1000,1585,Shia004672,30,471,1178,266,41
2105,1051,1560,Kraken220413030905,243,404,835,292,65
2105,1121,1504,Shamela0000432,4511,1074,1432,182,51
2105,1,244,Shamela0010664,1328,443,689,176,83
2105,945,1517,Sham19Y0013253,772,302,472,118,27
2105,1,952,Sham19Y0013253,773,612,1579,631,74
2105,973,1585,Sham19Y0013253,774,123,1003,400,53
2105,794,1476,Shia001831Vols,442,353,1110,418,62
2105,1000,1585,Shamela0021713,1059,329,1037,266,40
2105,1,704,Sham19Y0122406,3367,840,1570,476,74
2105,704,957,Sham19Y0122406,3368,1,256,174,82
2105,1019,1501,Zaydiyya0000059,1323,588,1082,330,73
2105,1019,1585,Sham19Y0018103,3436,18,435,113,17
2105,1019,1291,ShamAY0035990,270,742,1538,193,29
2105,263,1527,Sham19Y0123665,1968,23,1586,808,60
2105,798,952,Sham19Y0013252,8646,506,668,111,83
2105,1019,1585,Masaha001946Vols,1091,654,1409,373,56
2105,885,1090,Masaha001946Vols,1091,1,236,109,56
2105,978,1299,Shia001174Vols,4855,1000,1519,202,46
2105,1095,1585,Shamela0009242,3788,712,1164,360,89
2105,1117,1501,Sham19Y0013605,4089,1199,1528,201,59
2106,92,224,ShamIbadiyya0000438,843,1401,1539,103,94
2106,533,1210,Shia002616Vols,3593,976,1519,318,56
2106,143,999,Kraken220413030905,223,472,907,329,46
2106,92,507,Shamela0026568,914,588,998,281,75
2106,536,967,Shamela0005756,13312,551,799,175,49
2106,92,929,Shamela0010664,1328,731,1591,644,90
2106,929,1612,Shamela0010664,1329,1,702,535,92
2106,92,507,Shamela0001673,8618,337,740,283,78
2106,92,340,ShamIbadiyya0000433,975,1319,1548,153,74
2106,393,1146,Kraken220727035853,2480,453,1204,476,68
2106,1,487,Sham19Y0013253,774,1003,1549,303,66
2106,487,1612,Sham19Y0013253,775,1,1305,706,61
2106,92,507,JK000201,2787,737,1140,283,78
2106,393,1484,Shamela0023628,2190,294,1241,562,56
2106,92,507,Shamela0023685,1090,1145,1544,275,75
2106,619,993,Sham19Y0122406,3370,1131,1527,249,69
2106,1191,1556,Sham19Y0122406,3371,1121,1497,210,63
2106,533,1235,Sham19Y0132524,2286,772,1437,337,52
2106,536,1146,Sham19Y0018103,3436,1124,1432,216,43
2106,92,507,Shia003732Vols,5463,368,713,247,68
2106,1425,1612,Sham19Y0123665,1969,208,395,113,62
2106,1,757,Sham19Y0013252,8650,594,1233,306,40
2106,68,536,Shamela0011036,2197,483,953,356,92
2106,1408,1612,Shamela0011036,2197,953,1150,148,83
2106,104,507,Shamela0000551,2945,1,375,258,74
2106,1404,1612,Shamela0000791,600,637,845,168,99
2106,536,1146,Sham19Y0013605,4091,1176,1504,254,50
2107,851,1318,JK007054,697,928,1313,279,71
2107,577,1479,Shamela0008176,5648,168,736,441,59
2107,1,426,Shamela0008176,5650,863,1264,316,92
2107,856,1068,Kraken220413030905,227,371,560,153,88
2107,1,1195,Shamela0010664,1329,702,1594,661,64
2107,1195,1563,Shamela0010664,1330,1,388,262,77
2107,1,283,Sham19Y0013253,775,1305,1602,199,78
2107,283,1245,Sham19Y0013253,776,1,1541,620,49
2107,1,760,Sham19Y0122406,3372,57,1341,437,40
2107,760,1473,Sham19Y0122406,3373,46,1290,465,45
2107,1,385,Sham19Y0145212,2778,717,984,197,61
2107,1127,1547,Sham19Y0132524,2283,1,650,196,33
2107,847,1023,Sham19Y0123665,1969,1338,1530,124,78
2107,1068,1508,Sham19Y0123665,1970,12,461,227,51
2107,813,1479,Masaha001946Vols,880,294,1005,335,45
2107,1,453,Shamela0011036,2197,1150,1577,346,94
2107,1,385,Shamela0000551,2945,747,932,125,38
2107,158,349,Sham19Y0017616,361,720,971,123,55
2107,476,1493,Sham19Y0122257,2585,688,1374,460,55
2107,9,283,Sham19Y0122257,2586,1361,1612,201,90
2107,283,426,Sham19Y0122257,2587,1,143,115,98
2107,813,1121,Sham19Y0017063,1098,1310,1558,175,66
2107,1121,1514,Sham19Y0017063,1099,1,281,192,61
2108,1246,1487,Sham19Y0122401,647,573,759,83,33
2108,1,1056,Shamela0010664,1330,388,1500,771,82
2108,272,1298,Sham19Y0122406,3374,1,1116,736,77
2108,1246,1520,Sham19Y0122406,3375,90,623,175,39
2108,176,1056,Sham19Y0132524,2284,257,1094,551,73
2108,127,401,Shamela0011036,2193,1399,1653,180,74
2108,1,112,Shamela0011036,2194,1271,1380,80,91
2108,912,1060,Shamela0011036,2194,1427,1575,121,99
2109,1424,1550,Shamela0026561,6,591,717,103,100
2109,34,181,Shamela0008176,5638,818,939,74,52
2109,336,895,Shamela0008176,5640,428,938,265,52
2109,1121,1365,Shamela0008176,5650,66,225,122,61
2109,581,793,Sham19Y0122402,541,1102,1292,121,69
2109,1424,1550,Shamela0001727,1247,667,793,103,100
2109,1424,1550,JK000786,2318,1127,1253,103,100
2109,1424,1550,Shamela0004473,15333,163,289,103,100
2109,1424,1550,Sham19Y0017903,915,369,495,103,100
2109,1,1108,Shia001831Vols,442,509,1481,358,28
2109,1424,1550,JK000201,2790,660,786,98,95
2109,1424,1550,Shamela0004289,821,285,411,103,100
2109,98,830,Sham19Y0122406,3376,540,1254,321,45
2109,257,793,Sham19Y0132524,2277,706,1309,236,40
2109,1427,1550,Sham19Y0132524,2279,586,709,101,100
2109,1424,1543,Sham19Y0017729,457,1318,1438,97,99
2109,1427,1550,Sham19Y0020638,1022,58,181,101,100
2109,1079,1361,Shamela0011036,2197,1,193,148,63
2109,1424,1550,Sham19Y0017616,361,720,860,103,90
2109,332,576,Sham19Y0122257,2581,1269,1457,140,69
2109,1014,1369,Sham19Y0122257,2586,627,813,139,48
2109,252,793,Sham19Y0017063,1096,1134,1465,206,45
2110,563,683,Sham19Y0020561,1717,1401,1521,98,100
2110,781,964,Sham19Y0020944,880,566,735,130,86
2110,781,964,JK007083,232,7,172,130,88
2110,781,964,Sham19Y0017878,247,591,755,122,81
2110,781,964,Shamela0007891,2035,977,1140,120,81
2110,797,1490,Sham19Y0017124,432,802,1109,163,27
2110,776,964,JK007054,701,93,362,139,63
2110,968,1585,JK007054,701,868,1569,262,39
2110,202,370,Shia004672,50,740,942,120,71
2110,202,349,Sham19Y0145435,383,389,538,110,90
2110,1119,1543,Sham19Y0013667,5719,837,1514,173,28
2110,781,964,Sham19Y0016584,3852,1156,1320,122,82
2110,781,964,JK006897,494,1181,1346,129,87
2110,781,964,Sham19Y0127656,700,258,465,129,71
2110,781,964,JK000110,1522,1011,1175,121,82
2110,202,343,Shamela0025794,4651,244,416,111,80
2110,747,964,Shamela0025794,5145,877,1103,136,73
2110,781,964,Sham19Y0131521,5299,1231,1400,130,86
2110,781,964,Shamela0021715,8786,1065,1229,122,82
2110,202,964,Shamela0001727,1248,175,852,269,33
2110,781,964,Shamela0012750,67,293,442,112,75
2110,781,964,Sham19Y0127700,323,952,1114,123,84
2110,781,964,Shamela0005756,13344,664,830,120,81
2110,202,349,Sham19Y0023644,1447,896,1068,115,83
2110,781,964,Shamela0117359,909,113,282,130,86
2110,1349,1588,Shia003923Vols,971,621,1060,134,34
2110,202,964,Sham19Y0017903,916,194,557,241,37
2110,781,964,Shamela0022547,819,1287,1456,130,86
2110,781,985,Sham19Y0013253,772,741,939,131,75
2110,1062,1588,Shia001831Vols,443,308,760,320,70
2110,363,635,Shia001831Vols,443,148,314,107,50
2110,202,370,Shamela0021713,1079,1175,1375,121,73
2110,781,994,Shamela0001442,984,100,320,134,67
2110,202,770,JK000201,2755,911,1293,285,60
2110,202,353,Shamela0004289,823,847,997,112,89
2110,781,964,Shamela0004289,824,340,503,124,84
2110,797,964,Shamela0004289,825,1,149,118,87
2110,781,985,Sham19Y0122406,3366,741,940,131,75
2110,770,964,Sham19Y0122406,3378,1,177,136,86
2110,776,985,JK009324,3285,870,1095,139,69
2110,781,964,Shamela0013075,106,1081,1243,123,84
2110,781,1207,Sham19Y0016946,659,422,774,164,43
2110,202,349,Sham19Y0132524,2280,208,359,113,89
2110,781,964,Sham19Y0132524,2281,801,1280,127,31
2110,823,964,Shamela0001438,2460,942,1319,96,30
2110,776,964,Kraken230110004547,333,578,873,123,48
2110,781,964,Sham19Y0018106,3530,236,400,122,82
2110,202,964,Sham19Y0018144,2407,801,1335,233,30
2110,991,1225,Sham19Y0018144,6120,713,935,179,94
2110,781,964,Shamela0036446,1023,1054,1216,122,83
2110,781,964,Sham19Y0018103,3448,573,737,122,82
2110,1349,1588,Shamela0001687,3065,1038,1476,137,35
2110,781,964,Shamela0001687,4536,343,473,96,66
2110,781,964,Shamela0025800,2036,406,570,123,83
2110,818,964,Sham19Y0017791,1499,254,381,100,84
2110,202,834,Sham19Y0017729,458,1202,1454,156,29
2110,202,353,Sham19Y0020638,1022,994,1152,117,90
2110,770,964,Sham19Y0020638,1023,110,285,135,86
2110,781,964,ShamAY0033561,129,819,988,125,83
2110,202,349,Sham19Y0132962,1945,739,892,112,89
2110,1296,1585,Sham19Y0013252,8663,186,439,164,66
2110,781,964,Sham19Y0013252,8695,779,943,122,82
2110,202,349,Sham19Y0013252,10097,990,1139,108,86
2110,781,964,JK007040,374,129,259,96,66
2110,32,196,Shamela0011036,2198,432,617,134,87
2110,202,781,Shamela0012052,2217,516,1072,208,32
2110,202,349,Sham19Y0017616,363,615,768,114,91
2110,781,1106,JK007065,1492,1112,1410,158,61
2110,781,964,Sham19Y0018176,2086,674,838,122,82
2110,823,964,Sham19Y0122257,2584,237,359,97,85
2110,781,964,Sham19Y0014601,5200,506,675,130,86
2110,808,964,Sham19Y0014119,482,818,969,108,78
2110,823,968,Sham19Y0017063,1098,1014,1140,97,83
2110,202,349,Sham19Y0148271,2218,1028,1210,115,79
2110,747,964,Sham19Y0148271,2383,639,855,136,77
2110,828,964,Shamela0008360,672,774,891,93,84
2110,781,964,Sham19Y0013605,4105,810,974,122,82
2111,45,206,JK007054,702,13,174,130,98
2111,697,849,Shamela0008176,5641,1030,1168,109,86
2111,1428,1648,Shamela0008176,5643,1156,1346,136,72
2111,211,497,Shamela0008176,5647,43,270,180,76
2111,1325,1648,Shamela0010710,211,557,975,228,67
2111,1,206,Shamela0005756,13326,456,670,161,89
2111,257,538,Sham19Y0127677,8182,1,244,188,82
2111,1,1434,Shia001831Vols,443,760,1580,545,44
2111,140,427,Sham19Y0020638,1795,570,893,138,45
2111,134,440,Masaha001864Vols,4894,201,402,163,64
2111,1,206,Sham19Y0013252,8663,645,844,161,95
2111,677,849,Sham19Y0122257,2582,618,783,130,89
2111,1325,1648,Sham19Y0122257,2583,1124,1421,164,55
2111,211,497,Sham19Y0122257,2585,4,298,178,63
2111,671,910,Shamela0000791,595,691,933,191,93
2112,297,514,Shamela0007798,428,439,722,81,31
2112,465,640,Shamela0001733,65,10,192,135,93
2112,390,613,Sham19Y0013667,5632,1061,1406,150,54
2112,465,631,Sham19Y0148486,4484,179,352,126,93
2112,451,659,JK009390,838,10,216,129,76
2112,187,455,Shamela0001727,1250,521,1026,174,43
2112,297,631,Shamela0001727,1251,402,1072,213,40
2112,411,659,Sham19Y0127677,769,274,585,166,66
2112,736,1317,Shia001831Vols,444,76,1013,432,56
2112,297,631,Shamela0004289,812,143,727,249,53
2112,37,455,Sham19Y0122406,3381,6,495,193,36
2112,465,677,Sham19Y0122406,3383,1268,1510,140,74
2112,370,631,Shia002265Vols,3126,95,332,170,81
2112,478,681,Sham19Y0132524,2291,1,220,133,78
2112,455,631,Sham19Y0038171,1240,223,403,129,89
2112,465,631,Shamela0001438,1593,1400,1555,120,91
2112,465,631,Sham19Y0018144,2417,563,735,130,95
2112,465,652,JK008250Vols,920,384,581,137,89
2112,331,635,Sham19Y0020638,1025,122,438,207,81
2112,748,903,Sham19Y0013252,6021,1355,1506,119,96
2112,903,1253,Sham19Y0013252,6022,1,215,157,55
2112,465,631,Sham19Y0146127,2410,577,745,129,97
2112,455,656,Shia000233,1038,179,393,136,80
2112,187,659,Sham19Y0017616,364,401,894,211,46
2112,736,966,Sham19Y0014601,4602,404,636,173,90
2112,256,455,Shia002394Vols,996,800,1034,151,78
2113,780,1251,Sham19Y0020944,714,1,431,217,52
2113,942,1141,JK007054,1026,839,1045,135,73
2113,159,377,ShamIbadiyya0000438,832,751,1000,136,62
2113,95,324,Sham19Y0148486,2095,629,861,131,60
2113,159,324,JK009390,1447,526,707,126,88
2113,95,324,Shia002616Vols,1079,1259,1495,139,62
2113,95,324,Shamela0001719,2230,465,698,123,55
2113,95,324,Sham19Y0127656,701,1256,1493,140,64
2113,95,324,Sham19Y0127656,774,1193,1419,126,57
2113,95,324,JK000110,1527,932,1167,146,67
2113,95,324,JK000110,1729,64,289,126,58
2113,95,324,Shamela0021715,9920,546,771,126,58
2113,95,324,Sham19Y0016684,1838,118,353,146,67
2113,95,324,Shamela0006446,230,26,217,134,69
2113,159,345,Shia002261Vols,254,322,511,133,83
2113,928,1343,Shamela0005756,9923,125,486,237,71
2113,95,324,Shamela0005756,13367,300,535,146,67
2113,95,324,Shamela0005756,14344,1063,1292,126,57
2113,156,345,Sham19Y0127677,1163,110,317,135,84
2113,412,679,JK000201,1715,520,779,204,92
2113,167,412,Sham19Y0122406,3385,1153,1366,166,85
2113,95,324,JK009324,3623,527,753,128,61
2113,156,324,Shamela0009618,13,1252,1446,129,84
2113,77,328,Sham19Y0127713,1685,816,1085,141,65
2113,1090,1251,Sham19Y0132524,2290,279,603,108,41
2113,159,324,Shamela0001438,2435,717,897,126,88
2113,595,1425,ShamAY0033531,2205,223,910,338,47
2113,95,324,Sham19Y0018106,3539,18,206,139,74
2113,95,324,Sham19Y0018106,3897,883,1108,126,58
2113,95,324,Sham19Y0018103,3458,1065,1300,146,67
2113,95,345,Sham19Y0018103,3849,887,1120,133,56
2113,131,324,Shamela0021659,805,486,691,137,83
2113,159,324,JK007006,1117,858,1263,122,38
2113,95,319,Shamela0021611,1314,1250,1469,144,81
2113,159,324,Sham19Y0018272,1424,954,1269,126,51
2113,95,324,Sham19Y0006684,4081,954,1226,145,67
2113,159,324,Shia002294Vols,491,99,285,126,86
2113,95,324,Sham19Y0020638,1025,759,988,126,57
2113,95,345,JK000475,1544,147,395,152,64
2113,95,324,Shamela0021766,1631,1219,1424,139,71
2113,748,1343,Sham19Y0013252,6020,143,907,318,47
2113,95,324,Sham19Y0013252,8710,174,379,146,75
2113,95,324,Sham19Y0146127,1088,30,211,124,66
2113,558,877,Shamela0021654,949,326,877,169,37
2113,77,288,Shamela0021589,1813,1290,1510,136,74
2113,404,679,JK007074,1975,374,661,207,86
2113,95,324,Sham19Y0018176,2093,1108,1343,146,67
2113,95,324,Sham19Y0018176,2337,873,1098,126,58
2113,95,324,Sham19Y0148271,2286,690,938,145,63
2113,95,324,Sham19Y0013605,2872,198,407,138,70
2113,95,324,Sham19Y0013605,4118,53,288,139,62
2113,95,324,Sham19Y0013605,4585,1016,1241,128,61
2113,95,324,Shamela0010517,1044,205,437,124,54
2114,113,617,Sham19Y0013667,5634,1149,1378,77,16
2114,126,623,Sham19Y0014299,23,1,413,294,72
2114,884,1343,Sham19Y0131521,4404,277,794,252,55
2114,267,623,Shamela0004473,11481,1,283,206,71
2114,1136,1297,Sham19Y0014309,978,265,427,133,98
2114,123,1581,Shia001831Vols,444,288,1128,288,19
2114,1114,1551,Shamela0000140,2113,374,709,164,35
2114,163,617,Sham19Y0018103,2316,1065,1340,198,54
2114,421,623,Sham19Y0013252,6021,1064,1269,141,80
2114,107,613,Shia002119Vols,3443,248,517,92,21
2114,123,617,Sham19Y0013605,2872,951,1245,210,53
2115,1,193,Shia001831Vols,444,1128,1326,149,91
2115,651,1270,Shamela0000140,2114,942,1509,331,59
2115,1,193,Shamela0000140,2114,459,664,148,87
2115,303,875,Sham19Y0122406,3387,1013,1632,240,38
2115,1,220,Sham19Y0122406,3387,636,845,136,75
2116,1,230,JK000575,1,1066,1290,155,79
2116,7,254,Shamela0021629,779,535,897,172,56
2116,1,254,Sham19Y0145435,5531,219,460,178,85
2116,1,254,Sham19Y0013667,5626,316,562,181,85
2116,1,254,Sham19Y0016584,3860,1165,1406,180,85
2116,7,254,ShamAY0035035,8626,856,1115,188,90
2116,1,254,JK009390,4512,627,870,181,86
2116,7,254,Shia002616Vols,1077,990,1366,176,55
2116,1,254,Shamela0001719,1623,705,941,178,86
2116,1,254,Shamela0028107,668,532,768,180,88
2116,1,254,Sham19Y0127656,701,753,979,176,87
2116,1,254,JK000911,807,806,1009,154,76
2116,7,191,Kraken220413030928,108,1305,1503,138,88
2116,1,254,JK000110,1526,1040,1281,180,85
2116,14,254,Tafsir02091,254,284,527,159,75
2116,455,695,Sham19Y0014299,332,970,1162,130,62
2116,1,254,Shamela0029677,1296,521,788,180,84
2116,1,254,Shamela0029677,1300,1275,1538,191,89
2116,7,254,Shamela0007361,234,450,681,171,84
2116,1,254,Sham19Y0131521,4405,236,502,192,90
2116,1,254,Sham19Y0014592,1633,750,1001,175,81
2116,82,254,Shamela0037325,80,7,179,134,97
2116,1,254,Shamela0021715,8805,299,540,180,85
2116,1,254,Sham19Y0016684,1836,352,593,180,85
2116,1,254,Shamela0001727,1253,353,616,196,93
2116,1,254,JK000916,12809,49,317,195,90
2116,1,254,JK009266,1478,1110,1482,181,57
2116,1,254,JK009179,84,232,472,179,85
2116,1,124,Shamela0005756,13359,1370,1483,80,77
2116,1,254,Sham19Y0023644,1779,1263,1504,184,90
2116,71,254,Shamela0012014,379,1,183,141,96
2116,1,254,Sham19Y0127677,3503,886,1126,177,83
2116,7,254,Shamela0001515,479,1063,1278,165,84
2116,1,254,Shamela0012406,979,913,1155,179,85
2116,1,254,Shamela0006947,15255,1082,1314,180,89
2116,76,254,Shamela0008657,292,1,179,137,95
2116,86,299,Shamela0008657,662,1,215,154,87
2116,7,254,Shamela0021684,20,960,1194,176,86
2116,1,254,ShamAY0009682,31,786,1019,181,89
2116,7,254,JK000785,2618,1072,1299,176,89
2116,1,254,Shamela0026443,2,947,1242,196,83
2116,7,141,MMS00016,85,1369,1517,102,89
2116,1,254,ShamAY0033522,662,1216,1449,179,88
2116,428,708,ShamAY0033522,663,759,958,152,66
2116,1,221,ShamAY0034230,785,793,998,147,80
2116,1,254,Shamela0004289,813,104,368,190,90
2116,1,254,Shamela0007370,747,472,712,175,83
2116,1,254,Sham19Y0122406,3388,411,674,196,93
2116,1,254,Shia002265Vols,1344,252,494,181,86
2116,1,254,JK009324,3291,359,600,180,85
2116,1,254,Sham19Y0145212,1239,848,1121,194,88
2116,7,254,Shamela0037837,743,935,1170,172,84
2116,52,254,Sham19Y0016946,661,1,182,140,86
2116,1,254,Sham19Y0014310,703,282,513,169,82
2116,1,254,Sham19Y0001734,1186,146,404,193,92
2116,1,178,Sham19Y0132524,2292,1156,1344,136,91
2116,7,254,Sham19Y0038171,2194,7,266,187,90
2116,1,254,Shia002003Vols,1918,777,1010,181,89
2116,1,254,Sham19Y0037618,3494,864,1108,180,85
2116,1,254,Shamela0001438,4725,797,1039,181,86
2116,7,254,Sham19Y0018106,3537,1,226,175,89
2116,7,254,Sham19Y0018144,2419,1102,1460,167,55
2116,1,254,Sham19Y0018144,2421,440,683,178,84
2116,7,254,Sham19Y0018144,2422,402,630,178,89
2116,1,254,Shamela0036446,262,676,928,195,96
2116,1,254,Sham19Y0018103,3455,928,1169,180,85
2116,1,254,Shamela0025800,2060,811,1071,191,90
2116,1,254,Sham19Y0014462,62,1170,1404,179,88
2116,1,254,Kraken211201162527,30,451,715,194,92
2116,1,254,ShamAY0034005,834,520,764,183,87
2116,1,254,ShamAY0034383,210,1227,1468,180,85
2116,1,254,Sham19Y0023618,2590,1108,1340,181,89
2116,1,254,Sham19Y0006684,4077,1182,1416,177,88
2116,1,254,Sham19Y0020638,1026,295,560,198,93
2116,1,254,Shamela0012062,143,421,669,181,84
2116,1,254,Shamela0013066,62,834,1094,191,90
2116,1,254,Shamela0013066,63,1015,1246,180,89
2116,1,254,Shamela0003722,3468,992,1235,181,86
2116,1,254,Sham19Y0013252,8708,617,858,180,85
2116,1,254,Sham19Y0016555,385,782,1023,180,85
2116,1,254,Shamela0021479,56,1119,1364,180,84
2116,1,254,JK000609,31,1015,1277,191,90
2116,1,254,Shamela0000551,2748,498,730,181,89
2116,1,254,Sham19Y0017616,365,109,372,196,93
2116,1,254,JK007074,1974,674,915,179,85
2116,1,254,Sham19Y0020891,5103,1135,1375,181,87
2116,1,254,Shia002119Vols,3439,1118,1351,178,88
2116,1,254,JK007065,78,858,1122,196,92
2116,7,254,Sham19Y0018176,2092,14,249,175,85
2116,1,254,Shia002185Vols,2451,481,729,181,84
2116,7,258,ShamIbadiyya0000100,262,875,1086,145,75
2116,110,254,Sham19Y0013605,4115,1,143,111,95
2116,1,170,Shamela0010517,2027,1333,1491,113,80
2117,1225,1561,Zaydiyya0000413Vols,2290,38,388,165,55
2117,1229,1416,Sham19Y0013667,5646,652,822,132,88
2117,1253,1416,Shia002943,161,959,1143,131,88
2117,1144,1460,Shamela0001727,1254,233,865,216,43
2117,1288,1561,JK007099,317,705,937,179,82
2117,1225,1506,Sham19Y0013572,956,1216,1471,162,70
2117,1225,1561,Sham19Y0127677,5493,245,568,170,57
2117,1225,1416,Sham19Y0127677,20321,394,611,136,73
2117,1202,1416,Sham19Y0017903,921,608,816,147,80
2117,1220,1561,Sham19Y0013253,777,1155,1429,190,69
2117,1,240,Sham19Y0122406,3390,121,349,173,91
2117,1144,1460,Sham19Y0122406,3390,354,987,216,43
2117,1225,1416,Shia002265Vols,3145,1146,1329,138,85
2117,1225,1416,Sham19Y0001734,2258,91,260,134,86
2117,1271,1429,Sham19Y0132524,2296,1134,1296,126,96
2117,1225,1561,Shamela0001438,7556,1102,1491,172,52
2117,1253,1426,Kraken230110004547,339,600,789,126,79
2117,1253,1556,Shamela0036446,1032,943,1186,159,65
2117,1225,1561,JK008250Vols,745,421,772,171,57
2117,1225,1556,Shamela0025800,2085,431,786,170,50
2117,1253,1384,Shia001368,154,1356,1506,105,87
2117,1225,1443,Sham19Y0020638,1026,1113,1311,141,81
2117,1225,1416,Shia001174Vols,4860,111,288,136,89
2117,1225,1416,Shamela0000551,2949,1292,1465,138,89
2117,1144,1561,Sham19Y0017616,365,626,1121,225,53
2117,1225,1561,JK007065,918,727,1103,168,50
2117,1144,1416,Sham19Y0017798,2357,1198,1426,148,65
2117,1198,1556,Sham19Y0014601,5228,166,563,157,42
2117,1139,1416,Sham19Y0000760,763,178,373,140,60
2118,1,233,Shamela0002386,223,1191,1408,169,91
2118,1,233,JK007099,317,937,1155,171,93
2118,237,780,Sham19Y0149697,6032,426,735,184,40
2118,780,1116,ShamAY0033531,2786,129,460,245,91
2118,780,979,ShamAY0033531,3968,1245,1444,158,99
2118,255,780,Sham19Y0018144,6134,461,988,399,92
2118,317,780,Shamela0021611,1314,1,204,146,39
2118,387,521,Shamela0000791,20,1,126,80,73
2119,481,818,ShamAY0034059,2144,436,1001,227,49
2119,1038,1600,Shia001432Vols,21632,318,883,372,74
2119,494,825,Sham19Y0011326,221,464,767,230,85
2119,494,825,Shamela0008176,5703,1182,1490,231,84
2119,123,357,Shamela0008176,5704,348,550,155,82
2119,494,740,Sham19Y0131521,5347,867,1101,172,81
2119,1,213,Shamela0021715,8781,1025,1247,96,43
2119,1160,1320,Shamela0021715,8781,1394,1561,113,81
2119,1,432,Shamela0010664,816,859,1188,212,58
2119,1038,1600,Shamela0010664,1048,718,1319,387,73
2119,462,805,Shamela0010664,1382,911,1484,252,54
2119,1141,1296,Sham19Y0127677,13896,1101,1285,120,76
2119,1038,1491,Sham19Y0127677,13915,677,1161,294,72
2119,1155,1304,Shamela0001673,8590,1283,1435,109,82
2119,1,1335,Shia001831Vols,445,196,1566,754,59
2119,1335,1600,Shia001831Vols,446,1,227,178,81
2119,494,694,JK000201,2769,1316,1514,156,97
2119,694,900,JK000201,2770,1,207,167,99
2119,466,776,Shia003961Vols,1731,388,799,189,53
2119,134,740,Sham19Y0132524,2297,5,363,153,29
2119,1,357,ShamAY0033531,2787,994,1251,206,71
2119,1,357,ShamAY0033531,3970,670,927,206,71
2119,1160,1600,Sham19Y0018272,2261,545,978,311,79
2119,1057,1339,Sham19Y0020638,1796,556,824,172,74
2119,1068,1339,Sham19Y0017616,622,362,575,168,74
2119,494,644,Sham19Y0122257,2607,1420,1554,103,85
2119,123,357,Sham19Y0122257,2608,779,990,163,86
2119,494,740,Sham19Y0014601,5227,1189,1424,167,78
2119,457,825,Sham19Y0017063,1112,44,477,252,67
2119,1191,1600,Sham19Y0017063,1113,1,399,311,90
2120,1,214,Sham19Y0011326,222,826,1033,135,78
2120,1,248,Shamela0002386,227,958,1217,150,70
2120,1,248,JK007099,325,1042,1297,148,69
2120,1,214,Shia003923Vols,1115,875,1085,132,76
2120,623,1161,Shia001831Vols,445,976,1355,210,43
2120,9,229,Shia001831Vols,446,230,448,161,91
2120,719,1038,Shamela0036543,762,252,565,240,91
2120,1,135,Shamela0009702,990,1444,1581,102,92
2120,229,904,Shamela0000107,637,937,1216,131,24
2120,1,220,ShamAY0033531,3969,1204,1406,130,74
2120,229,1027,Sham19Y0018103,3478,848,1453,228,27
2120,1,161,Sham19Y0018272,2261,978,1135,121,92
2120,719,1038,Shamela0009242,3315,747,1068,252,96
2120,1,214,Sham19Y0023625,1814,75,286,141,82
2120,1,248,Sham19Y0017063,1113,399,666,167,72
2120,252,543,Sham19Y0013605,4109,552,795,165,64
2120,229,644,Shamela0021537,5615,162,410,91,25
2120,229,644,Shamela0021537,6303,333,578,91,26
2121,320,520,JK007030,135,527,728,126,75
2121,132,341,Shamela0001727,1256,429,1139,147,24
2121,849,1509,Shamela0010664,877,353,814,267,46
2121,132,268,Sham19Y0127677,13891,13,274,97,45
2121,909,1057,Shamela0000894,615,1339,1501,104,73
2121,849,1123,Shia001831Vols,446,586,861,224,99
2121,174,341,Sham19Y0122406,3396,37,588,120,26
2121,373,1123,Sham19Y0018144,3835,770,1185,338,55
2121,373,1123,Sham19Y0018144,6136,835,1261,303,48
2121,941,1120,Sham19Y0018272,1776,1,181,141,97
2121,35,380,Sham19Y0020638,1028,300,673,168,46
2121,897,1102,Masaha001946Vols,1112,1309,1443,82,50
2121,792,1189,Shamela0009242,3309,189,637,294,76
2121,800,1296,Shamela0000791,20,170,660,392,96
2122,935,1200,Shia001432Vols,20092,148,390,110,49
2122,417,1017,Shia001432Vols,21795,884,1521,227,31
2122,1017,1422,Shia001432Vols,21796,1,406,317,94
2122,935,1200,Shia001432Vols,21805,375,617,109,48
2122,893,1205,ShamIbadiyya0000438,991,43,298,116,43
2122,935,1200,Shamela0006610,1087,652,963,108,37
2122,1410,1541,Sham19Y0014592,3448,1007,1147,104,91
2122,481,1422,Shamela0021715,4629,729,1170,156,18
2122,893,1060,JK007099,321,980,1148,112,80
2122,914,1205,Shamela0005756,13391,779,1007,157,64
2122,412,1422,Shamela0010664,1084,143,994,533,56
2122,417,1269,Sham19Y0127677,13821,468,1103,380,48
2122,417,708,Sham19Y0127677,13894,1239,1433,127,54
2122,708,1269,Sham19Y0127677,13895,1,343,280,60
2122,417,846,Shamela0000894,616,621,1446,163,21
2122,1144,1296,Shamela0000894,618,1,178,121,84
2122,893,1205,Shamela0001673,4852,566,822,116,43
2122,935,1200,Shia003923Vols,817,935,1177,110,49
2122,436,620,Sham19Y0013253,778,534,673,94,62
2122,436,1406,Shia001831Vols,446,881,1597,501,61
2122,627,1183,Shamela0036543,764,1053,1534,358,75
2122,417,627,Shamela0036543,764,81,318,163,85
2122,1189,1541,Shamela0036543,765,4,244,189,64
2122,935,1200,Shamela0001442,993,170,476,105,36
2122,521,948,JK000201,3529,1106,1523,285,83
2122,948,1418,JK000201,3530,1,484,381,96
2122,898,1060,Shamela0012399,3875,1192,1344,107,78
2122,620,960,ShamAY0033531,2791,1233,1553,259,94
2122,960,1078,ShamAY0033531,2792,1,126,95,94
2122,620,1078,ShamAY0033531,3974,892,1337,354,94
2122,935,1200,Sham19Y0013631,1117,127,341,105,46
2122,436,620,ShamIbadiyya0000760,320,315,463,43,18
2122,965,1205,Sham19Y0018103,3467,1174,1346,112,57
2122,582,1200,Shamela0025800,2084,636,1195,149,24
2122,417,576,Sham19Y0020638,1028,854,1159,116,47
2122,935,1229,Shia001976Vols,1513,915,1227,88,26
2122,1084,1269,Sham19Y0013252,5161,880,1103,130,66
2122,28,366,Masaha001946Vols,1112,118,480,133,34
2122,948,1274,Shamela0011036,2127,736,1499,206,32
2122,417,620,Shamela0009242,3311,711,936,163,89
2122,666,1541,Shamela0009242,3312,1,711,550,74
2122,436,627,Sham19Y0017616,366,846,1087,77,41
2122,426,1200,Shamela0021589,1815,601,1187,364,52
2122,627,1541,ShamAY0035249,328,168,1082,740,100
2122,417,620,Sham19Y0145411,815,858,1352,141,35
2122,417,893,Sham19Y0145411,835,579,1343,159,22
2122,898,1060,Sham19Y0145411,837,219,371,107,78
2122,407,771,Sham19Y0017063,708,630,1136,146,29
2122,898,1541,Sham19Y0017063,1116,33,766,327,42
2122,977,1200,Sham19Y0013605,4129,1,161,101,54
2123,1378,1560,Sham19Y0020944,889,920,1099,133,91
2123,344,1037,Sham19Y0017581,681,1042,1562,321,52
2123,1378,1526,JK001012,259,946,1095,115,96
2123,344,696,Kraken22020817055002,44,1185,1522,253,86
2123,344,1080,ShamIbadiyya0000438,1234,609,1294,488,74
2123,344,957,Sham19Y0013769,1601,234,603,195,37
2123,1403,1560,Sham19Y0020583,1019,1259,1474,110,60
2123,1372,1560,Shamela0011334,135,765,936,132,86
2123,1378,1560,Shamela0006610,1083,696,865,129,88
2123,1372,1560,Sham19Y0011326,219,211,395,140,92
2123,1372,1560,Sham19Y0011326,223,31,318,128,52
2123,1375,1560,Shamela0008176,5718,1331,1510,140,94
2123,855,1010,Shia002616Vols,2411,502,659,115,83
2123,1372,1560,Shamela0012293,2185,336,507,130,85
2123,1375,1560,Sham19Y0131521,5344,1002,1180,123,82
2123,1,232,Sham19Y0014592,3448,1147,1381,183,96
2123,1378,1560,Shamela0021715,8838,638,813,127,87
2123,1375,1560,Shamela0023700,1645,542,734,126,79
2123,1416,1560,JK006870,30,1,147,115,97
2123,387,1080,Shia002702Vols,2296,1,648,503,87
2123,365,521,Shia002702Vols,7906,430,583,120,94
2123,1375,1560,JK001236,262,157,339,135,91
2123,1372,1560,Shamela0012014,359,946,1131,142,92
2123,1378,1560,Shamela0001673,8678,171,353,126,86
2123,1375,1560,Shamela0117359,917,333,511,123,82
2123,1378,1547,Kraken230106005528,773,1295,1450,116,82
2123,1372,1560,Shamela0012001,117,876,1046,129,84
2123,344,1080,Sham19Y0014309,1334,896,1524,482,78
2123,322,1368,Shia001831Vols,447,22,808,631,74
2123,1224,1560,Shamela0036543,759,401,1094,222,39
2123,1,288,Shamela0036543,765,244,552,185,75
2123,855,1120,Shamela0000140,2051,960,1460,202,49
2123,344,810,Sham19Y0122406,3401,1053,1521,287,67
2123,810,1130,Sham19Y0122406,3402,1,660,179,29
2123,1375,1560,Sham19Y0145212,2816,1215,1381,130,87
2123,1375,1560,Shamela0001077,277,1111,1289,124,80
2123,322,1010,Sham19Y0132524,2304,595,1352,431,64
2123,1378,1560,Shamela0036446,1031,1277,1442,117,79
2123,1378,1560,Shamela0025800,2083,175,345,130,88
2123,1378,1560,Masaha001864Vols,4037,611,786,127,87
2123,1378,1560,Shamela0011363,67,544,710,122,83
2123,370,948,Sham19Y0013252,5693,570,1544,386,45
2123,1378,1560,Sham19Y0013252,8739,670,829,125,84
2123,398,1080,Masaha001946Vols,60,633,1223,469,84
2123,1,221,Shamela0021654,951,298,522,171,94
2123,1,221,Shamela0011036,2128,945,1168,164,86
2123,344,596,Shamela0009242,3305,973,1226,190,93
2123,592,1080,Shamela0009242,3306,73,556,396,98
2123,1224,1368,Shamela0009242,3309,1236,1402,102,76
2123,1368,1560,Shamela0009242,3310,1194,1379,123,80
2123,1,221,Shamela0009242,3312,711,930,170,94
2123,1,232,ShamAY0035249,328,1082,1316,183,96
2123,348,790,Sham19Y0020891,1636,967,1565,352,72
2123,790,1086,Sham19Y0020891,1637,1,240,179,72
2123,1375,1560,Sham19Y0014601,5231,1070,1248,123,82
2123,1378,1560,Sham19Y0014601,5232,290,549,115,54
2123,1,288,Sham19Y0017063,1116,766,991,170,71
2123,370,1560,Sham19Y0017063,1118,652,1403,565,58
2123,1378,1560,Rafed0003902Vols,1547,1,164,128,86
2123,1375,1560,Shamela0008360,680,486,652,130,87
2124,676,1401,Shamela0008176,5722,145,718,318,46
2124,962,1321,ShamAY0032379,314,419,1214,242,37
2124,830,1502,Shamela0021715,11320,86,565,166,30
2124,89,563,Shamela0001727,1259,556,1208,159,23
2124,190,563,JK000916,25466,122,716,114,17
2124,763,1040,Shamela0005756,13879,1125,1341,153,67
2124,891,1030,Shia003923Vols,1209,1395,1535,111,98
2124,962,1325,Sham19Y0013253,784,965,1471,253,61
2124,593,1154,Shia001831Vols,447,955,1361,258,49
2124,1036,1418,Sham19Y0122406,3404,502,854,265,83
2124,190,1158,Sham19Y0132524,2305,413,1000,223,24
2124,869,1498,Sham19Y0018106,2309,393,549,99,19
2124,891,1498,Sham19Y0013631,1736,1115,1334,143,29
2124,779,1154,Sham19Y0018144,6146,680,1153,167,32
2124,563,758,Sham19Y0018144,6147,521,699,143,90
2124,794,1502,Sham19Y0018103,2204,925,1182,120,19
2124,600,934,Sham19Y0018103,3663,76,376,104,29
2124,891,1036,Shamela0001687,3271,644,766,98,82
2124,70,563,Shamela0025800,1178,849,1146,119,29
2124,89,563,Sham19Y0020638,1029,390,876,154,27
2124,264,1596,Shamela0009242,3307,475,1401,514,41
2124,896,1258,Sham19Y0020891,4485,57,210,107,36
2124,593,1401,Sham19Y0122257,2617,409,1062,362,46
2124,845,1040,Shia001414,122,1093,1286,126,72
2124,1,131,Sham19Y0017063,1118,1403,1518,88,86
2124,488,1258,Sham19Y0017063,1119,457,1238,292,33
2124,873,1507,Sham19Y0013605,2761,748,917,105,19
2125,763,1317,Shamela0011334,129,90,321,147,34
2125,1250,1407,Sham19Y0148486,4486,62,443,97,32
2125,552,900,Shamela0008176,5725,1218,1582,169,49
2125,533,736,Shamela0008176,5725,418,841,141,41
2125,900,1214,Shamela0008176,5726,1,322,251,96
2125,182,517,Sham19Y0122402,494,914,1148,157,59
2125,552,1202,Shamela0002386,215,34,328,188,36
2125,577,1214,JK007099,304,485,998,370,72
2125,533,936,Sham19Y0127677,10721,615,920,222,68
2125,18,385,Shia001831Vols,447,1386,1613,153,50
2125,412,841,Shia001831Vols,448,8,242,150,41
2125,1250,1585,Shamela0036543,760,1020,1441,194,49
2125,182,533,Shamela0010527,498,877,1186,211,71
2125,1317,1566,Sham19Y0122406,3410,1,375,160,52
2125,154,455,Sham19Y0018144,6149,425,724,243,99
2125,1250,1542,Sham19Y0131336,1224,234,816,129,27
2125,656,1225,Shamela0009242,3306,556,1541,437,54
2125,1,226,Shamela0009242,3307,1401,1627,184,98
2125,226,517,Shamela0009242,3308,1,578,228,47
2125,1292,1585,Shamela0009242,3314,1,353,148,42
2125,528,995,Sham19Y0020891,6354,1223,1551,245,66
2125,995,1202,Sham19Y0020891,6355,1,207,164,98
2125,851,1093,Sham19Y0122257,7,601,879,161,68
2125,741,1184,Sham19Y0122257,736,341,778,333,90
2125,552,767,Sham19Y0122257,2618,1419,1574,119,67
2125,767,1214,Sham19Y0122257,2619,1,807,354,54
2126,1171,1533,Shamela0008203,111,51,244,100,30
2126,1190,1561,JK010001,1648,88,346,114,36
2126,1301,1533,ShamAY0034585,859,6,196,140,73
2126,1171,1561,Tafsir07055,1730,1003,1280,129,39
2126,1171,1533,Shamela0001727,1261,673,1456,259,39
2126,5,251,Shamela0005756,13340,914,1073,119,61
2126,5,455,Shamela0001673,8591,1052,1426,239,59
2126,444,932,Shamela0036543,761,1097,1547,322,75
2126,53,444,Shamela0036543,761,1,385,292,86
2126,932,1132,Shamela0036543,762,1,210,146,85
2126,5,310,JK000201,2542,1251,1552,235,92
2126,1171,1533,Shamela0008493,138,837,1043,101,33
2126,1171,1533,Shamela0004289,966,447,887,242,66
2126,455,813,Sham19Y0122406,3410,1177,1514,166,47
2126,1171,1514,Sham19Y0122406,3411,756,1521,244,37
2126,1310,1533,Sham19Y0132524,2233,152,395,176,91
2126,5,324,ShamAY0033531,2794,1262,1573,246,94
2126,5,448,ShamAY0033531,3977,918,1348,338,92
2126,1171,1543,Shamela0025800,2826,769,1492,272,46
2126,1171,1537,ShamAY0034005,531,1062,1249,108,36
2126,1171,1547,Sham19Y0020638,1031,655,1381,275,47
2126,1310,1543,Sham19Y0013223,1084,7,279,180,81
2126,5,455,Masaha001864Vols,4904,351,735,249,62
2126,1171,1533,JK007116,95,979,1178,107,37
2126,1171,1533,Shamela0011036,2129,293,492,107,37
2126,1171,1533,Shamela0011036,2130,173,697,110,21
2126,1,444,Shamela0009242,3314,353,793,338,89
2126,474,1132,Shamela0009242,3315,1,716,529,91
2126,1391,1533,Sham19Y0017616,368,1,162,112,88
2126,1,444,Sham19Y0023625,1872,535,978,338,89
2126,1171,1533,Sham19Y0148271,1118,80,279,108,36
2127,79,313,Shia002616Vols,299,306,645,178,65
2127,104,313,JK010001,1645,987,1216,161,87
2127,79,313,Tafsir07055,1728,55,393,178,65
2127,1123,1290,Sham19Y0131521,6801,277,503,127,70
2127,79,313,Shamela0001727,1264,854,1442,176,37
2127,189,317,JK009266,353,1,131,100,94
2127,1,313,Sham19Y0013253,785,103,420,201,74
2127,1008,1290,Shia001831Vols,448,910,1098,121,52
2127,424,794,Shia001831Vols,449,1,280,154,45
2127,104,253,JK006950,23,1348,1545,113,72
2127,222,596,JK000201,2191,946,1132,111,37
2127,79,313,Shamela0004289,967,804,1380,176,38
2127,79,317,Shamela0023628,70,910,1156,178,87
2127,99,313,Sham19Y0122406,3413,16,232,158,90
2127,44,313,Shia002264,488,792,1187,182,57
2127,79,212,Sham19Y0132524,2237,75,328,105,51
2127,104,313,Kraken230110004547,510,822,1037,164,94
2127,104,258,JK000381,5716,1341,1543,117,72
2127,79,455,Shamela0036446,459,963,1374,202,50
2127,104,313,Shamela0025800,2829,676,938,161,74
2127,104,313,JK000917,1524,1176,1390,151,84
2127,79,353,Sham19Y0020638,1033,1099,1531,196,56
2127,104,313,Sham19Y0013223,1083,648,908,161,75
2127,79,313,JK000475,2273,417,919,168,40
2127,399,912,Shia001976Vols,1647,385,639,206,48
2127,94,313,JK000735,214,456,939,153,38
2127,79,212,Shamela0021766,65,1009,1136,99,93
2127,399,687,Shamela0009242,3674,1194,1554,205,66
2127,748,1559,Shamela0009242,3675,6,915,612,83
2127,89,212,Shamela0000041,71,1,123,96,97
2127,85,353,ShamAY0034350,31,1053,1351,194,80
2127,16,317,Shamela0037458,115,788,1107,188,72
2127,104,313,JK007065,718,93,377,156,67
2127,79,313,Tafsir06049,337,64,298,170,86
2127,74,313,Shamela0009841,56,1246,1514,181,83
2128,132,944,JK007054,1011,353,689,263,39
2128,132,673,JK010001,1648,439,1165,287,45
2128,198,673,Tafsir07055,1731,13,560,242,47
2128,110,406,Shamela0025791,528,1176,1571,157,50
2128,110,406,Shamela0000432,5640,246,532,139,44
2128,110,406,Shamela0010664,411,191,476,139,44
2128,110,406,Shamela0010664,873,1339,1621,142,49
2128,516,938,Shamela0010664,874,6,351,256,73
2128,129,731,Sham19Y0127677,6102,163,779,239,41
2128,129,1458,Shia001831Vols,448,242,1401,665,51
2128,129,508,Sham19Y0020638,1797,685,904,128,41
2128,187,865,Masaha001864Vols,4889,816,1083,210,36
2128,132,289,Shamela0011036,2132,1340,1508,129,92
2128,310,944,Shamela0011036,2133,180,738,376,64
2128,294,944,Shamela0009242,3674,603,1120,244,39
2128,110,778,Sham19Y0017616,622,1041,1380,184,31
2128,132,944,Sham19Y0017063,999,33,573,366,51
2128,340,998,Sham19Y0013605,2767,1032,1259,117,21
2129,754,1004,Shamela0007891,2058,280,585,186,77
2129,366,611,Shia001432Vols,21658,984,1201,136,68
2129,659,1004,Shia001432Vols,21855,459,681,142,50
2129,1408,1558,Shia001432Vols,22092,1279,1434,121,93
2129,754,1037,Sham19Y0148486,1131,916,1339,155,44
2129,1,324,Shamela0008176,5255,482,758,176,59
2129,384,698,Shamela0008176,5257,608,1133,179,41
2129,923,1322,Shamela0008176,5258,1037,1501,147,32
2129,373,643,Sham19Y0131521,6805,458,774,185,68
2129,754,1041,Sham19Y0131521,6808,112,433,128,37
2129,769,1408,Sham19Y0131521,6809,1,342,188,35
2129,662,867,Shamela0021715,3023,849,1121,129,58
2129,659,1004,Shamela0025791,512,802,1208,177,43
2129,659,905,Shamela0001727,1265,977,1463,163,40
2129,917,1041,Shamela0001727,1266,277,513,78,42
2129,754,1032,Sham19Y0013572,1366,1002,1294,212,92
2129,662,1008,Sham19Y0017437,928,575,1078,219,50
2129,659,1322,Shamela0009810,1209,118,739,268,41
2129,754,959,Shamela0005756,6475,1260,1454,140,88
2129,754,1179,Shamela0012014,395,25,369,223,66
2129,643,1004,Shamela0010664,1425,940,1445,201,45
2129,1408,1587,Shamela0010664,1427,270,455,145,94
2129,773,930,Sham19Y0127677,2195,1,174,108,79
2129,754,1008,Shamela0004473,3942,874,1186,196,79
2129,659,905,Shia001731Vols,691,140,463,140,54
2129,643,1004,Masaha001961Vols,162,978,1212,124,40
2129,366,1004,Sham19Y0017903,928,53,344,127,23
2129,954,1408,JK000201,2188,1,179,124,34
2129,427,576,JK000201,2190,620,759,108,91
2129,754,1004,Shamela0004289,969,471,841,187,64
2129,913,1408,Shamela0021660,5019,830,1047,150,38
2129,366,626,Sham19Y0122406,3418,135,398,132,58
2129,761,913,Shia002265Vols,4897,1,153,109,90
2129,668,1004,Sham19Y0145212,2595,1083,1273,95,29
2129,754,1179,Shia002264,487,761,1217,239,58
2129,659,1037,Sham19Y0132524,2238,896,1304,233,68
2129,659,832,Sham19Y0132524,2238,241,581,104,36
2129,754,913,Shamela0001438,3789,1011,1170,115,91
2129,366,1032,Kraken230110004547,510,870,1484,289,44
2129,366,611,Sham19Y0013631,33,1256,1472,161,80
2129,659,1004,Shamela0036446,460,386,727,233,78
2129,668,1179,Shamela0025800,2831,37,476,254,52
2129,668,796,Sham19Y0123608,1131,1206,1401,66,44
2129,659,1004,Sham19Y0017729,464,597,781,94,28
2129,754,913,Shia002294Vols,717,862,1020,112,89
2129,659,1037,Sham19Y0020638,1034,170,930,262,43
2129,754,1041,Sham19Y0013223,1080,494,856,205,71
2129,668,1322,Sham19Y0020591,1892,660,1406,288,38
2129,668,1004,Shamela0021766,1202,805,1007,96,29
2129,668,1004,Shamela0021766,2829,554,742,93,29
2129,659,1004,Shia001174Vols,4930,125,291,110,39
2129,754,1037,Sham19Y0146127,575,435,719,128,40
2129,725,913,Sham19Y0132971,992,1056,1226,130,87
2129,659,1004,Shamela0009242,3671,683,1023,100,22
2129,938,1408,Shamela0009242,3673,760,1339,210,35
2129,659,1004,Sham19Y0017616,369,54,426,239,75
2129,754,1037,JK007065,1092,760,1131,200,68
2129,427,576,Sham19Y0122257,2446,736,881,113,93
2129,923,1408,Sham19Y0122257,2447,51,575,152,27
2129,366,1004,Sham19Y0014119,448,107,470,166,28
2129,668,1017,Sham19Y0017063,1000,39,297,99,26
2129,668,1037,Sham19Y0148271,1529,1,534,158,32
2129,668,1017,ShamIbadiyya0000109,327,956,1419,209,51
2129,366,1004,Shamela0008360,625,842,1240,165,27
2130,801,1050,Sham19Y0020944,1244,918,1174,129,63
2130,947,1612,Shia001432Vols,21841,830,1221,241,43
2130,987,1556,Shamela0008176,5260,642,1010,277,59
2130,801,993,Shia002616Vols,4652,574,783,134,77
2130,801,937,Shia000841Vols,3564,1465,1630,106,80
2130,153,438,Sham19Y0131521,6810,8,295,210,84
2130,801,1050,Sham19Y0131521,6810,878,1159,136,53
2130,963,1364,Sham19Y0131521,6811,1254,1538,225,67
2130,778,1037,Shamela0001727,1266,509,938,145,43
2130,801,937,JK000916,15519,381,515,99,91
2130,801,937,ShamAY0032904,5,1070,1212,106,93
2130,782,1033,Sham19Y0017817,57,813,1043,134,61
2130,801,937,Shamela0003118,4556,1266,1401,96,89
2130,801,937,ShamAY0033910,923,854,996,104,89
2130,947,1612,Shamela0010664,1368,261,659,209,32
2130,1,444,Shamela0010664,1427,455,887,268,65
2130,778,947,Sham19Y0127677,8634,562,894,132,49
2130,801,937,Sham19Y0127677,12747,1224,1366,104,89
2130,801,1050,Shamela0117359,1205,388,669,136,53
2130,782,1612,Sham19Y0014309,1198,480,1372,350,36
2130,801,937,JK000130,924,1036,1178,104,89
2130,810,1050,Sham19Y0017903,928,357,567,132,70
2130,820,1037,Sham19Y0013253,786,418,675,130,63
2130,174,788,Shia001831Vols,449,634,985,212,40
2130,806,1037,Shamela0004289,969,995,1252,129,63
2130,466,1037,Sham19Y0122406,3420,738,1372,247,41
2130,801,1283,Sham19Y0145212,2596,336,970,197,30
2130,801,937,Sham19Y0001734,2098,652,784,104,95
2130,1410,1586,Sham19Y0132524,2239,912,1154,103,49
2130,1,455,ShamAY0033531,3719,666,1056,315,84
2130,1153,1443,ShamAY0033531,3720,259,559,232,94
2130,510,795,ShamAY0033531,4901,1195,1490,195,80
2130,1,455,ShamAY0033531,4902,111,501,315,84
2130,1153,1443,ShamAY0033531,4902,1245,1545,232,94
2130,855,1142,ShamAY0033531,4903,130,441,174,66
2130,801,963,Kraken230110004547,184,829,982,103,74
2130,801,931,Sham19Y0018144,2448,908,1046,102,92
2130,466,658,Sham19Y0018144,6158,968,1137,106,69
2130,1094,1299,Sham19Y0150639,467,1,204,155,91
2130,778,1037,Sham19Y0020638,1034,957,1181,129,56
2130,801,937,JK000475,986,698,840,104,89
2130,801,1595,Sham19Y0020591,1893,467,1244,414,53
2130,801,937,Sham19Y0146127,1673,767,899,104,95
2130,846,1612,Shamela0011036,1900,551,1270,465,63
2130,125,444,Shamela0009242,3673,817,1152,220,75
2130,855,1515,Sham19Y0122257,2447,1154,1576,269,48
2130,460,795,Sham19Y0014601,6227,578,1195,247,48
2130,1,546,Sham19Y0014601,6228,872,1377,311,65
2130,872,1571,Sham19Y0014601,6229,746,1104,239,40
2130,987,1147,Shamela0000791,562,1085,1218,99,78
2131,191,339,Shamela0004445,715,71,223,109,86
2131,202,336,Shamela0006610,844,942,1080,107,97
2131,191,339,Shia002616Vols,2603,1308,1457,113,90
2131,191,336,JK000110,887,43,189,111,91
2131,1197,1504,Sham19Y0131521,3605,196,502,229,85
2131,912,1066,Shamela0021715,3840,1390,1552,107,76
2131,202,336,Shamela0001727,1267,1,139,107,97
2131,191,336,Shamela0001727,1451,167,313,111,91
2131,202,336,Sham19Y0017757,148,1106,1247,103,88
2131,221,336,Sham19Y0013572,566,409,527,92,97
2131,191,336,Shamela0005756,9932,347,496,111,89
2131,191,336,Shamela0021626,11,387,530,111,93
2131,191,339,Sham19Y0127677,8120,860,1010,113,91
2131,202,336,Shamela0004473,2448,10,147,106,96
2131,191,336,Shamela0004473,10356,883,1029,110,90
2131,191,336,Shamela0005922,2521,703,853,111,89
2131,187,336,ShamAY0038083,84,1027,1154,65,46
2131,628,1172,Sham19Y0035453,179,155,651,361,77
2131,1148,1623,Sham19Y0014309,1195,407,728,179,43
2131,202,336,JK000271,260,165,306,107,95
2131,206,336,ShamAY0035131,54,973,1092,92,89
2131,1172,1287,Shia001831Vols,449,1381,1496,90,100
2131,191,336,Sham19Y0122406,3859,1271,1417,111,91
2131,221,336,Shia002264,387,1341,1443,78,82
2131,191,362,Sham19Y0132524,2769,743,935,120,76
2131,191,336,Shamela0001875,1262,478,624,111,91
2131,191,336,Sham19Y0018106,2439,28,174,111,91
2131,191,336,Sham19Y0018144,2449,1325,1471,111,91
2131,202,336,Sham20Y0014596,564,1271,1409,107,97
2131,191,336,Sham19Y0018103,2320,797,943,111,91
2131,221,336,Shamela0025800,1022,1233,1346,88,93
2131,211,339,Sham19Y0020638,1035,1,133,102,96
2131,191,382,Sham19Y0020638,1218,746,980,125,61
2131,221,459,Sham19Y0013223,857,221,429,102,45
2131,187,356,Shamela0006848,153,562,717,99,71
2131,191,336,Sham19Y0013252,6011,209,355,111,91
2131,191,336,Shamela0026857,44,1259,1403,109,91
2131,202,336,Shamela0007342,592,50,188,107,97
2131,800,1066,Shamela0011036,2258,1155,1499,161,56
2131,29,336,Sham19Y0017616,369,480,824,160,57
2131,187,451,Sham19Y0020590,249,803,1115,114,33
2131,191,336,JK007065,522,9,155,111,91
2131,191,336,Sham19Y0018176,1292,754,900,111,91
2131,221,336,Sham19Y0022884,237,430,545,92,100
2131,191,336,Sham19Y0013605,2875,1275,1421,111,91
2131,191,339,Shamela0021537,1189,9,159,113,91
2131,216,339,Shamela0021537,5202,1,132,97,93
2131,1148,1287,Shamela0010517,1501,72,211,109,100
2131,202,336,Shamela0010517,2527,272,406,107,100
2132,1094,1399,Shamela0007798,8269,216,736,153,37
2132,1094,1352,Shamela0002864,166,679,825,113,53
2132,1094,1395,Shamela0021629,198,159,576,156,40
2132,1094,1352,Sham19Y0148486,2075,22,810,146,23
2132,1094,1335,Shamela0006610,1126,563,902,131,39
2132,1152,1352,JK009390,1547,334,586,145,68
2132,1239,1386,Shamela0008176,181,424,585,106,82
2132,1239,1352,Shia002616Vols,5053,342,455,91,100
2132,1094,1362,Kraken22041319410300,158,508,751,138,51
2132,363,478,Shamela0001719,2532,1171,1286,87,97
2132,1239,1352,ShamAY0032379,247,1151,1265,91,99
2132,1152,1352,Shamela0002386,328,801,1186,126,40
2132,1239,1352,Shamela0005610,268,1047,1161,91,99
2132,1152,1362,Shamela0002863,850,1325,1466,100,56
2132,363,474,Shamela0025794,1879,491,602,87,100
2132,1094,1395,Shamela0025791,997,262,819,148,29
2132,1024,1352,Shamela0001727,1268,545,1343,218,33
2132,363,474,Shamela0001727,1268,167,278,87,100
2132,1152,1395,Sham19Y0013572,914,1056,1438,164,49
2132,1152,1352,Shia002261Vols,285,1197,1406,148,85
2132,1239,1352,Sham19Y0127677,1588,1216,1329,91,100
2132,1024,1318,Sham19Y0127677,14406,462,713,81,27
2132,1152,1561,Shamela0012001,136,1152,1301,121,36
2132,1094,1335,Sham19Y0035453,133,1114,1314,124,57
2132,1152,1404,Sham19Y0013253,786,671,913,165,80
2132,16,337,Shamela0000140,341,799,1496,173,28
2132,1239,1352,Shamela0004289,122,252,365,91,100
2132,363,474,Shamela0004289,857,424,535,87,100
2132,1152,1395,Shamela0023628,3131,646,890,177,85
2132,1152,1352,Shamela0001975,645,875,1104,145,74
2132,60,247,Shamela0009702,1062,231,435,141,84
2132,363,474,Sham19Y0122406,3424,841,952,87,100
2132,1024,1352,Sham19Y0122406,3425,388,1186,218,33
2132,1094,1335,Shia002264,822,741,1116,128,35
2132,363,474,Sham19Y0132524,2242,381,517,87,81
2132,1106,1352,Shamela0001438,2590,5,269,128,46
2132,1128,1395,ShamAY0033531,3732,1,283,205,86
2132,1094,1395,ShamAY0033531,4914,936,1252,232,87
2132,1152,1395,Kraken230110004547,583,726,983,145,62
2132,1239,1352,ShamAY0033945,1160,750,863,91,100
2132,1152,1352,Sham19Y0018144,2345,757,1072,144,55
2132,1094,1335,Shamela0036446,1085,735,889,121,62
2132,1094,1335,Shamela0025800,3086,375,667,176,73
2132,1152,1352,Shamela0021659,849,849,1125,145,62
2132,1239,1352,ShamAY0034005,13,837,950,91,100
2132,1094,1277,Shia002294Vols,797,1364,1541,86,43
2132,363,474,Sham19Y0020638,1035,1035,1146,87,100
2132,1094,1352,Sham19Y0020638,1036,22,536,185,44
2132,1117,1395,Sham19Y0013252,9153,814,1136,133,41
2132,1433,1561,Shamela0011036,2166,349,609,92,44
2132,1053,1395,Sham19Y0017616,458,729,1035,149,48
2132,363,478,Shia002119Vols,3662,573,688,87,97
2132,1239,1426,JK007065,885,41,273,108,57
2132,1094,1386,Tafsir06049,5955,266,433,116,49
2133,873,1553,ShamAY0033177,324,557,1009,343,61
2133,898,1137,JK007054,765,795,993,122,57
2133,867,1577,JK007054,1074,704,1409,320,43
2133,889,1563,Shamela0005756,13849,389,1097,357,50
2133,857,1131,Shamela0012014,369,729,1138,157,44
2133,393,552,Shia003895Vols,170,1321,1480,76,55
2133,800,1577,Shia001831Vols,450,93,696,375,53
2133,9,425,Sham19Y0122406,3426,269,665,221,54
2133,857,1131,Sham19Y0122406,3427,784,1472,130,22
2133,908,1071,Shia002265Vols,944,1158,1342,89,47
2133,1,908,ShamAY0033531,3731,566,1492,680,89
2133,9,972,ShamAY0033531,4914,4,998,689,85
2133,187,534,Sham19Y0018272,1578,914,1522,168,30
2133,867,1332,Sham19Y0018272,2241,1117,1560,311,77
2133,1332,1577,Sham19Y0018272,2242,1,245,199,99
2133,893,1071,Sham19Y0020638,1036,832,1303,103,27
2133,393,591,JK000216,364,786,957,136,86
2133,348,692,Sham19Y0016782,278,253,624,146,41
2133,49,721,Sham19Y0123665,2847,75,814,205,26
2133,348,857,Shamela0011036,2165,102,621,401,96
2133,1,307,Shamela0011036,2166,609,997,243,77
2133,1197,1505,Shamela0011036,2168,793,1099,246,97
2133,889,1177,Sham19Y0023625,2573,374,755,142,43
2133,1160,1343,Sham19Y0023625,2573,1359,1586,137,74
2133,1343,1577,Sham19Y0023625,2574,16,245,183,95
2133,352,861,Shamela0001395,37,426,828,306,75
2133,1,721,Sham19Y0017063,1179,771,1452,500,82
2133,852,1577,Shamela0010517,2962,177,975,453,63
2134,419,1439,JK007054,304,248,1127,364,36
2134,400,749,ShamAY0035035,6417,198,496,171,58
2134,400,613,Shamela0008176,5911,669,897,159,82
2134,623,749,JK006897,487,1,119,94,93
2134,419,702,Shamela0010646,401,957,1130,132,58
2134,400,753,Shamela0001727,1270,113,929,243,37
2134,419,702,Masaha002979Vols,621,50,225,137,60
2134,400,613,JK000360,55,1090,1213,97,56
2134,419,710,Sham19Y0127677,2509,767,1150,130,37
2134,348,561,Sham19Y0127677,14407,356,1015,162,30
2134,404,716,Shamela0022892,7,802,995,138,54
2134,400,749,Shamela0006947,8831,230,516,192,61
2134,400,749,Sham19Y0017903,782,1120,1405,197,68
2134,414,732,Sham19Y0013253,788,961,1288,180,63
2134,348,855,Sham19Y0122406,3429,19,1126,262,28
2134,395,1011,Sham19Y0132524,2246,878,1289,199,33
2134,400,749,Sham19Y0132524,2247,46,370,199,70
2134,400,749,Sham19Y0038171,1710,663,958,173,59
2134,400,1523,ShamAY0033531,3572,675,1320,321,31
2134,400,1523,ShamAY0033531,4755,95,740,321,31
2134,400,613,Shia001555Vols,1181,104,251,118,69
2134,1,337,Sham19Y0018272,2242,245,663,277,80
2134,400,749,Shamela0012027,525,1077,1363,192,61
2134,400,749,Sham19Y0020638,1037,37,497,257,69
2134,388,561,ShamAY0034274,663,448,613,126,89
2134,789,1583,Shamela0011036,1667,40,1443,565,48
2134,400,613,Sham19Y0016976,1454,1,222,157,84
2134,815,1249,Sham19Y0023625,2595,91,469,237,65
2134,400,613,Sham19Y0122257,2703,1307,1536,160,82
2134,388,626,Sham19Y0014119,504,1156,1406,163,76
2134,400,565,Sham19Y0017063,1177,1291,1446,122,92
2134,400,613,Shamela0008360,704,1002,1231,159,82
2135,1126,1566,JK007054,1075,133,500,175,43
2135,1263,1572,Shamela0008176,5915,1244,1472,175,70
2135,506,740,Sham19Y0131521,6522,432,695,146,58
2135,506,890,Shamela0021715,4130,458,1112,245,42
2135,506,648,JK007099,494,1042,1165,100,86
2135,506,1074,Shamela0005756,8200,445,834,157,26
2135,1122,1343,Sham19Y0127677,14401,99,566,126,29
2135,1141,1271,Shamela0001673,9188,485,621,69,51
2135,433,620,Shamela0004473,15861,1397,1584,154,100
2135,46,715,Sham19Y0122406,3431,540,1559,239,24
2135,7,113,Shamela0011036,1667,1448,1565,85,90
2135,153,549,Shamela0011036,1668,1013,1578,166,34
2135,549,1022,Shamela0011036,1669,1,534,326,72
2135,1122,1393,Sham19Y0023625,2572,710,1334,152,28
2135,510,1074,Sham19Y0023625,2595,648,1487,426,59
2135,1263,1572,Sham19Y0122257,2706,903,1137,180,72
2136,92,340,ShamAY0033177,415,847,1076,177,84
2136,111,410,ShamIbadiyya0000229,885,677,1000,239,87
2136,455,659,Sham19Y0014592,1833,1308,1506,158,97
2136,111,713,Shamela0010664,891,125,696,436,84
2136,455,713,Sham19Y0127677,8772,75,336,204,96
2136,718,1463,Sham19Y0127677,11891,924,1434,377,60
2136,718,893,Sham19Y0014309,1289,634,928,117,47
2136,92,455,Sham19Y0014309,1291,620,814,137,44
2136,1097,1463,Sham19Y0122406,3434,1074,1398,146,47
2136,92,466,Sham19Y0018272,340,68,442,269,86
2137,790,1024,Shia004649Vols,164,481,679,142,78
2137,793,1024,JK007054,458,355,567,141,73
2137,827,1146,Shamela0006739,159,1,323,152,47
2137,785,931,Shamela0006610,1131,1306,1443,102,90
2137,782,975,JK000196,7727,854,1045,148,98
2137,766,992,Sham19Y0018328,389,887,1106,147,80
2137,8,461,Shamela0008176,5557,618,1260,181,29
2137,785,1161,Shamela0008176,5935,768,1079,191,58
2137,785,1146,Shia002616Vols,4626,63,407,185,60
2137,785,975,Sham19Y0023608,2877,596,784,146,98
2137,782,975,Shamela0002569,483,632,908,141,65
2137,1127,1592,Shamela0002569,484,337,580,167,40
2137,785,1146,Sham19Y0013614,672,1120,1370,183,65
2137,782,975,ShamAY0034447,2000,268,443,120,75
2137,1256,1516,Sham19Y0014299,185,1161,1426,187,83
2137,782,975,Sham19Y0014579,2310,613,779,128,85
2137,812,1024,JK007128,939,1037,1235,148,89
2137,782,975,Shamela0001727,1271,1213,1404,148,98
2137,782,975,JK000676,210,938,1128,147,97
2137,793,975,JK000786,2561,939,1103,99,71
2137,790,1146,Shamela0005756,10395,864,1163,156,50
2137,790,1024,Shamela0010664,1018,1137,1409,173,80
2137,766,992,Shamela0004473,1495,686,909,162,89
2137,782,992,Shamela0006947,426,1091,1254,117,72
2137,785,1146,Sham19Y0014309,1376,924,1323,183,56
2137,866,1592,Sham19Y0014309,1377,933,1404,253,39
2137,785,982,JK000201,3552,552,757,150,93
2137,782,975,Shamela0004289,906,75,254,139,92
2137,782,1024,Shamela0023628,2676,489,714,165,88
2137,790,1121,Shamela0009702,122,404,698,193,72
2137,782,975,Sham19Y0122406,3435,1381,1574,151,100
2137,1,452,Sham19Y0122406,3435,39,458,204,46
2137,76,476,Shia002265Vols,5980,1096,1301,166,50
2137,785,975,Zaydiyya0000059,1481,649,830,136,89
2137,755,946,Sham19Y0132524,2228,371,591,140,81
2137,782,1024,Kraken230110004547,213,865,1097,166,84
2137,1146,1345,Sham19Y0018144,6163,1451,1599,122,74
2137,1345,1516,Sham19Y0018144,6164,1,172,140,100
2137,771,975,Sham19Y0131003,618,793,997,154,97
2137,782,992,Sham19Y0018103,3631,617,822,130,68
2137,785,1146,Shamela0025800,1224,649,1074,208,55
2137,782,975,Sham19Y0017791,1575,1095,1286,147,97
2137,785,975,ShamAY0034054,2899,645,825,139,93
2137,771,1155,Sham19Y0020638,1038,201,542,191,61
2137,782,1024,Masaha001864Vols,532,18,467,180,51
2137,76,766,Masaha001864Vols,4776,863,1418,450,78
2137,761,975,Shamela0021766,3302,344,547,144,85
2137,782,992,Masaha001946Vols,1113,848,1024,135,82
2137,785,975,Sham19Y0016976,1458,253,440,145,97
2137,785,975,Shamela0023623,3004,643,799,120,81
2137,766,1146,Sham19Y0017616,370,180,498,179,54
2137,785,979,Shamela0037458,3054,143,328,142,93
2137,782,1024,JK007065,1241,247,663,174,54
2137,47,461,Sham19Y0122257,2556,209,473,147,41
2137,761,975,Sham19Y0122257,2715,299,506,150,89
2137,785,1146,Sham19Y0014119,506,956,1328,180,52
2137,808,1220,Sham19Y0017063,1186,838,1485,256,49
2137,782,975,Shamela0010803,135,38,235,148,95
2137,785,1146,Shamela0026047,467,24,368,185,60
2137,782,975,Shamela0009059BK2,7732,684,875,148,98
2137,761,975,Shamela0008360,707,863,1076,147,87
2137,790,1592,Shamela0000791,642,965,1375,289,44
2137,808,1024,Sham19Y0013605,3050,1012,1192,122,69
2137,785,1146,Shamela0008658,3267,598,985,185,53
2138,1004,1518,Shamela0007562,224,126,274,109,26
2138,780,1028,Shamela0006739,159,518,800,190,85
2138,846,1028,Sham19Y0013667,5587,947,1121,124,83
2138,785,1512,Sham19Y0148486,6679,1,1145,299,29
2138,730,1518,Shamela0008176,5943,258,887,276,36
2138,846,1028,Shamela0008176,5955,945,1128,144,99
2138,742,1032,Shia002616Vols,4630,223,551,213,81
2138,846,963,Shamela0026324,1537,539,649,87,94
2138,831,1518,Kraken22041319410300,256,1,447,333,60
2138,846,1028,Shia002181,30,778,956,141,97
2138,846,1028,Shamela0025794,1962,841,1024,144,99
2138,846,1028,Shamela0025794,2024,795,980,144,98
2138,1151,1393,Sham19Y0131521,6559,727,974,178,85
2138,766,1042,Shamela0001727,1273,557,932,200,68
2138,413,1211,Shamela0000432,5651,444,1020,191,27
2138,413,535,Sham19Y0013572,974,131,258,96,96
2138,1011,1518,Shamela0009810,1358,480,621,104,25
2138,766,1028,Shamela0005756,13821,1021,1443,193,58
2138,766,1028,Sham19Y0127677,5372,190,437,153,73
2138,846,1028,Sham19Y0127677,9008,279,461,144,100
2138,697,1028,Shamela0004473,1306,181,516,206,70
2138,413,785,Shamela0004473,4657,575,925,146,41
2138,931,1518,Shamela0004473,4660,1106,1543,214,39
2138,846,991,Shamela0004473,4661,519,664,116,100
2138,43,229,Shamela0004473,4663,179,365,150,99
2138,846,1028,Tafsir09084,1788,1045,1226,135,92
2138,742,1215,Sham19Y0014309,1374,697,1261,218,48
2138,846,1036,Sham19Y0014309,1375,27,442,112,33
2138,846,1028,Shamela0004289,910,121,308,144,97
2138,436,1032,Sham19Y0122406,3438,112,488,176,31
2138,846,1032,Sham19Y0122406,3439,637,823,147,100
2138,766,1502,Sham19Y0145212,2931,99,597,176,22
2138,846,1028,Sham19Y0145212,2938,958,1140,144,100
2138,846,1028,Shamela0008473,3530,712,893,135,92
2138,235,489,Sham19Y0001734,2150,961,1454,100,21
2138,504,981,Sham19Y0132524,2229,719,1252,220,42
2138,291,417,Sham19Y0018144,6164,825,949,92,92
2138,892,1028,Sham19Y0018144,6167,879,1015,108,100
2138,785,1028,Shamela0036446,1102,947,1201,166,78
2138,766,1028,JK008250Vols,591,603,1005,188,58
2138,846,981,Sham19Y0018569,804,564,696,106,97
2138,739,1028,Shamela0025800,1223,955,1315,215,76
2138,846,1028,Sham19Y0132415,696,1331,1514,144,99
2138,846,999,ShamAY0034005,769,1286,1444,122,96
2138,235,1028,Sham19Y0020638,1038,254,1176,408,56
2138,436,562,ShamAY0007299,4276,1243,1365,90,92
2138,785,1032,ShamAY0007299,4419,1003,1204,135,67
2138,742,1028,Shamela0021766,3299,427,805,199,66
2138,873,1224,Sham19Y0146127,3703,1,393,180,52
2138,780,1032,Shamela0023623,3004,1,182,110,55
2138,235,950,Sham19Y0017616,370,260,923,178,21
2138,1055,1502,Sham19Y0017616,623,486,666,133,35
2138,766,1032,Shamela0000782,950,787,1183,119,30
2138,748,1028,Shamela0000976,48,742,1061,198,77
2138,846,1028,JK007065,718,480,664,140,96
2138,413,535,JK007065,928,873,1022,96,81
2138,846,991,Sham19Y0122257,2725,1401,1547,116,99
2138,846,1028,Sham19Y0148271,686,877,1061,144,98
2138,742,1032,Shamela0026047,473,88,418,212,80
2138,846,1028,Shamela0008360,710,438,620,144,100
2138,1077,1518,Shamela0000791,643,557,1003,354,98
2139,1109,1542,Sham19Y0145410,720,1,318,74,16
2139,1087,1542,Shamela0008176,5623,573,1063,155,26
2139,1,860,Kraken22041319410300,256,447,1304,692,99
2139,1,614,Shia002181,5,933,1545,494,99
2139,614,860,Shia002181,6,1,244,198,98
2139,35,429,Sham19Y0131521,6559,578,1187,227,41
2139,1082,1508,Shamela0000432,5772,460,1350,341,47
2139,1087,1218,Sham19Y0127677,12402,1063,1489,106,30
2139,12,849,Shamela0004473,4661,1,948,560,63
2139,870,1156,Shia001831Vols,451,153,468,108,36
2139,1106,1592,JK005014,100,1139,1273,102,25
2139,1106,1452,ShamAY0033531,3554,1055,1507,201,49
2139,6,155,ShamAY0033531,3590,406,533,102,84
2139,1106,1452,ShamAY0033531,4737,471,923,201,49
2139,6,155,ShamAY0033531,4772,1379,1506,102,84
2139,1087,1545,Sham19Y0017791,1494,118,353,113,26
2139,918,1218,Sham19Y0020638,1799,199,395,103,41
2139,166,396,Shia001976Vols,1520,868,1054,149,80
2139,1,282,Sham19Y0023625,2645,1121,1357,137,50
2139,1,626,Shamela0000791,643,1003,1489,384,75
2140,447,1068,JK007054,1083,462,1061,472,94
2140,447,1068,Shia001432Vols,21021,737,1349,480,96
2140,1190,1396,ShamIbadiyya0000438,43,1311,1530,152,83
2140,829,1286,Shamela0008176,5750,1140,1440,165,43
2140,303,1337,Shamela0000432,5814,553,1622,802,91
2140,486,1135,Shia002702Vols,4680,1071,1559,229,39
2140,473,707,Shamela0005756,132,782,1069,144,63
2140,486,909,Shamela0005756,1072,589,1037,277,69
2140,572,1190,Sham19Y0013253,792,16,704,436,74
2140,92,365,Shia001831Vols,451,481,758,160,67
2140,1171,1490,Shia001831Vols,451,701,1105,201,54
2140,508,1241,JK000940,191,1,814,493,71
2140,1229,1462,JK000201,3026,801,990,152,76
2140,443,1485,Shamela0023628,1923,606,1459,595,67
2140,460,1190,Sham19Y0122406,3444,286,1065,493,73
2140,460,698,Sham19Y0132524,2311,692,918,147,73
2140,284,1068,Sham19Y0018103,4025,89,541,235,34
2140,1190,1508,Sham19Y0018272,1266,405,921,221,52
2140,479,707,Shamela0009823,109,342,597,128,60
2140,1083,1504,Shia002067,334,724,864,97,28
2140,447,698,Sham19Y0123665,2823,423,709,169,70
2140,455,966,Sham19Y0013252,10305,1058,1562,364,85
2140,972,1392,Sham19Y0013252,10306,6,331,231,67
2140,447,1353,Masaha001946Vols,915,407,1150,546,74
2140,396,1396,Shamela0011036,2218,520,1450,739,89
2140,473,707,Shamela0002573,1137,153,425,135,60
2140,331,1396,Zaydiyya0000053,419,436,1472,801,90
2140,396,1405,Sham19Y0023625,1000,441,1357,711,86
2140,411,682,Sham19Y0122257,2628,434,689,183,83
2140,829,1320,Sham19Y0122257,2633,775,1139,186,42
2140,443,1378,Sham19Y0017063,1124,563,1546,743,93
2140,479,707,Sham19Y0013605,40,27,322,137,58
2140,486,1153,Sham19Y0013605,4792,656,986,199,38
2141,88,323,JK007054,1081,102,592,156,40
2141,576,1268,Shamela0008176,5751,1157,1409,161,27
2141,1264,1429,Shamela0008176,5775,1303,1463,122,87
2141,56,229,Shamela0021715,10463,799,974,81,44
2141,37,323,Shamela0001727,1275,392,822,151,43
2141,141,803,Shamela0000432,5817,1038,1417,188,34
2141,541,952,Shamela0001673,10836,216,685,177,35
2141,141,323,Shamela0008970,175,792,1216,117,32
2141,37,323,Sham19Y0017903,1005,172,533,151,50
2141,570,1283,Shia001831Vols,451,1201,1629,208,32
2141,359,541,JK000201,3026,1048,1238,148,94
2141,706,1102,JK000201,3027,1,396,324,99
2141,141,323,Shamela0004289,1405,13,340,140,53
2141,570,1275,Shamela0021660,3025,248,462,166,28
2141,163,323,Sham19Y0145212,2837,533,786,116,57
2141,88,323,Shamela0036446,1012,1082,1467,162,52
2141,37,323,Sham19Y0017729,494,586,950,149,49
2141,37,323,Sham19Y0020638,1039,1083,1452,152,50
2141,141,323,Sham19Y0013252,5771,494,851,135,45
2141,51,293,Sham19Y0013252,10302,972,1471,140,35
2141,276,1275,Sham19Y0013252,10304,609,1579,597,66
2141,698,848,Masaha001946Vols,914,1420,1553,101,80
2141,867,1592,Masaha001946Vols,915,1,345,223,37
2141,37,323,Sham19Y0017616,372,985,1414,151,43
2141,239,952,Sham19Y0023625,999,560,773,154,26
2141,1112,1439,Sham19Y0023625,1002,371,644,218,80
2141,576,1264,Sham19Y0122257,2633,1121,1369,170,29
2141,1264,1439,Sham19Y0122257,2644,93,261,127,87
2141,163,323,Sham19Y0014119,489,171,378,113,67
2141,239,1141,Sham19Y0017063,1125,446,1406,611,71
2141,1150,1369,Sham19Y0150962,1238,185,410,175,95
2141,163,323,Shamela0008360,683,860,1104,117,59
2141,37,323,Shamela0021578,11,89,482,123,30
2142,593,800,JK007054,1078,92,384,109,41
2142,160,308,Shamela0005756,122,515,665,115,89
2142,588,1297,Sham19Y0013253,793,226,566,138,19
2142,323,1597,Shia001831Vols,452,131,1062,524,44
2142,593,1297,Shamela0004289,1405,752,943,118,20
2142,612,1103,Sham19Y0018272,137,797,1205,177,36
2142,1136,1597,Shamela0007038,450,330,513,106,26
2142,1122,1420,Shamela0009823,109,808,1305,97,18
2142,612,1103,Masaha001946Vols,1064,205,703,282,60
2142,118,304,Sham19Y0023625,1003,992,1203,133,76
2142,1136,1597,Sham19Y0017063,1123,1,469,306,70
2142,818,1117,Sham19Y0150962,1236,293,610,223,85
2142,1392,1597,Shamela0000791,668,899,1124,147,77
2143,261,1146,JK007054,1078,905,1514,343,44
2143,1253,1430,Sham19Y0131521,6567,702,848,97,61
2143,882,1119,Sham19Y0016684,1993,1212,1475,148,65
2143,1202,1446,Shamela0005756,14841,287,511,135,59
2143,882,1119,Sham19Y0013253,794,690,954,148,66
2143,1130,1344,Shamela0001442,916,186,379,122,64
2143,446,1119,Sham19Y0014556,810,136,904,253,30
2143,1130,1430,Shamela0023628,1811,460,746,221,85
2143,159,798,Sham19Y0122406,3451,110,900,187,23
2143,965,1119,Sham19Y0122406,3452,1,165,115,87
2143,1216,1451,Sham19Y0018103,4024,1327,1509,119,61
2143,487,798,Sham19Y0013252,10308,21,654,149,27
2143,67,288,Sham19Y0013252,10309,312,512,155,85
2143,882,1119,Shamela0011036,2227,1053,1308,139,62
2143,1119,1430,Shamela0011036,2229,51,661,171,31
2143,1,636,Zaydiyya0000053,420,52,609,340,64
2143,1,1446,Sham19Y0017063,1123,469,1510,823,69
2143,1,497,Shamela0000791,668,1124,1616,381,93
2143,865,1446,Shamela0000791,669,1,559,441,92
2143,1216,1430,Sham19Y0013605,4792,257,416,117,66
2143,1065,1441,Kraken22021606122001,78,808,1148,242,79
2144,997,1485,Shamela0008176,5744,445,887,308,76
2144,1,344,Shamela0008176,5757,944,1480,172,36
2144,1273,1481,Shamela0002569,815,1364,1568,133,71
2144,673,1368,Shamela0005756,1067,885,1570,236,30
2144,988,1405,Shamela0001515,195,475,993,178,38
2144,927,1485,Sham19Y0014309,571,314,642,235,52
2144,1149,1481,Sham19Y0013253,796,1,369,198,60
2144,1198,1481,JK000940,193,311,833,171,37
2144,942,1485,JK000201,3024,554,1071,411,94
2144,649,997,Shamela0004289,1407,483,942,145,33
2144,1,418,Sham19Y0122406,3455,1011,1496,197,43
2144,1309,1481,Sham19Y0122406,3457,1,213,125,74
2144,144,344,Sham19Y0145212,2840,686,846,118,74
2144,1006,1481,Sham19Y0018103,280,1103,1441,218,54
2144,734,988,Shamela0025800,476,1,497,96,23
2144,1,663,Sham19Y0018272,1267,783,1188,230,43
2144,366,531,Sham19Y0013252,10342,243,382,90,68
2144,969,1481,Shamela0002573,1134,40,497,275,58
2144,997,1485,Sham19Y0122257,2630,289,714,305,76
2144,1,314,Sham19Y0122257,2636,16,217,146,58
2144,734,1485,Sham19Y0150962,1239,787,1460,467,74
2144,1002,1481,Sham19Y0013605,431,977,1323,251,63
2145,539,1051,JK001472,74,986,1413,206,40
2145,481,767,Shia004642Vols,698,586,863,129,50
2145,114,854,Shamela0008176,5744,910,1482,395,64
2145,788,1196,Shamela0008176,5749,733,1135,296,86
2145,13,387,Shamela0002569,816,1,411,287,86
2145,196,460,Shamela0021715,10484,1,181,143,66
2145,1,167,Sham19Y0016684,1996,1369,1510,107,81
2145,174,567,Sham19Y0016684,1997,7,605,150,24
2145,1219,1545,Sham19Y0014088,42,429,734,223,83
2145,9,716,Shamela0005756,1068,133,989,265,30
2145,811,1051,Shamela0005756,1070,65,313,195,96
2145,481,795,Shamela0001673,10854,1202,1468,125,46
2145,1,503,Shamela0001673,10859,748,1384,329,61
2145,649,784,Shamela0001673,10860,7,210,107,65
2145,592,803,Shamela0001515,196,534,778,146,74
2145,1,391,Sham19Y0014309,571,642,1024,291,93
2145,1,460,Sham19Y0013253,796,381,1113,326,55
2145,795,1051,Shia001831Vols,452,1319,1592,190,82
2145,589,767,Shia001831Vols,453,295,494,133,80
2145,1,477,JK000940,193,845,1506,315,59
2145,1,426,JK000201,3024,1071,1496,340,100
2145,426,1202,JK000201,3025,1,769,617,98
2145,481,767,Shamela0023685,746,695,946,134,54
2145,1,573,Sham19Y0122406,3457,225,871,320,61
2145,531,987,Sham19Y0122406,3458,1,369,168,44
2145,503,767,Sham19Y0145212,2833,397,618,103,41
2145,395,720,Sham19Y0013631,728,1321,1486,90,35
2145,9,1099,Sham19Y0013631,2624,908,1437,357,40
2145,114,307,Shia004023,164,142,335,138,83
2145,1202,1545,Sham19Y0132415,1056,1122,1584,146,30
2145,784,1176,Sham19Y0018272,2063,509,933,288,79
2145,477,1051,Masaha001864Vols,2329,391,679,198,43
2145,1,300,Shamela0011406,1209,1208,1505,228,93
2145,300,673,Shamela0011406,1210,1,690,190,34
2145,1202,1357,Shamela0009873,777,1348,1526,120,84
2145,1213,1486,Sham19Y0013252,109,340,652,181,69
2145,784,1453,Sham19Y0013252,10291,649,1170,348,62
2145,1,460,Sham19Y0013252,10293,448,966,268,56
2145,592,850,Sham19Y0013252,10322,609,883,150,65
2145,1202,1545,Masaha001946Vols,913,951,1233,215,77
2145,508,784,Masaha001946Vols,913,297,509,116,53
2145,788,1202,Masaha001946Vols,914,1,701,300,51
2145,9,387,Masaha001946Vols,916,33,348,242,78
2145,1206,1413,Shamela0021688,56,313,531,161,91
2145,1202,1542,Sham19Y0122142,769,653,1103,240,64
2145,784,1051,Shamela0002573,1134,1214,1471,195,87
2145,527,767,Sham19Y0122255,474,1187,1428,122,57
2145,114,784,Sham19Y0122257,2630,737,1223,368,67
2145,552,1262,Sham19Y0122257,2632,792,1318,329,54
2145,477,784,Rafed0002347,196,811,1133,243,92
2145,99,784,Rafed0002347,200,1,880,485,66
2145,784,1202,Rafed0002347,201,949,1364,336,96
2145,1202,1545,Sham19Y0150962,1212,238,582,275,98
2145,60,799,Sham19Y0150962,1240,1,672,522,87
2145,1202,1542,Sham19Y0014252,466,583,1025,234,62
2145,395,749,Shamela0000791,671,1194,1381,125,45
2145,784,1051,Sham19Y0013605,432,591,839,194,88
2145,811,946,Sham19Y0013605,4353,175,280,81,73
2146,37,653,Shamela0008176,5749,165,802,302,45
2146,696,1227,Shamela0008176,5759,27,827,318,47
2146,252,593,Sham19Y0016684,1996,124,471,144,48
2146,634,807,Shamela0001727,1278,544,803,125,60
2146,92,222,Shamela0007663,44,1411,1542,85,72
2146,237,604,Shamela0007663,45,1,211,156,50
2146,584,761,Shamela0026568,936,149,312,99,63
2146,37,396,Sham19Y0013572,955,25,316,134,41
2146,634,765,Shamela0009380,3,1138,1288,99,84
2146,599,1216,Sham19Y0014309,581,340,1204,428,59
2146,599,1216,Sham19Y0013253,797,152,868,408,66
2146,156,761,Shia001831Vols,453,566,1216,329,53
2146,634,761,Shamela0004289,1412,1218,1366,101,85
2146,32,525,Sham19Y0122406,3459,196,722,208,40
2146,628,1216,Sham19Y0122406,3460,400,1188,378,58
2146,634,761,Sham19Y0001734,2239,1157,1300,101,88
2146,628,761,Sham19Y0037618,4076,243,423,106,73
2146,599,807,ShamAY0033945,2521,1205,1420,143,80
2146,788,1222,Sham19Y0013631,468,727,1041,226,64
2146,628,811,Sham19Y0018144,2461,492,737,124,60
2146,634,761,ShamAY0034005,966,1,149,93,80
2146,620,1227,Sham19Y0018272,252,605,1263,407,74
2146,252,467,Sham19Y0018272,2063,1253,1540,170,73
2146,467,599,Sham19Y0018272,2064,1,133,100,96
2146,634,807,Sham19Y0020638,1042,1163,1360,129,81
2146,634,807,JK000475,2259,537,829,118,49
2146,634,807,JK000735,200,254,546,118,49
2146,711,1126,Sham19Y0013252,10303,192,723,254,56
2146,286,593,Masaha001946Vols,912,19,261,147,55
2146,634,761,JK007065,661,396,544,101,85
2146,178,593,Sham19Y0122257,2633,90,489,256,71
2146,773,1216,Sham19Y0122257,2636,1011,1397,272,78
2147,880,1113,Sham19Y0013769,2886,637,869,184,99
2147,25,621,Sham19Y0131521,4565,970,1504,416,85
2147,25,277,Sham19Y0131521,6152,1146,1496,164,57
2147,657,880,Shamela0001727,1279,918,1121,82,46
2147,916,1315,Shamela0001673,10934,941,1261,160,46
2147,545,779,Shamela0001673,10935,241,453,145,77
2147,657,880,Shamela0009790,61,560,770,80,44
2147,657,880,Sham19Y0013253,798,592,796,84,47
2147,44,821,JK000201,3038,196,983,624,97
2147,891,1113,JK000201,3039,207,428,175,99
2147,657,868,Shamela0007435,884,1335,1494,58,25
2147,657,880,Shamela0004289,1413,1104,1310,81,44
2147,657,880,Sham19Y0018106,4083,467,662,79,44
2147,657,1105,Sham19Y0018144,2472,788,1164,113,25
2147,657,880,Sham19Y0020638,1043,1109,1319,85,47
2147,657,880,Masaha001864Vols,3336,1129,1294,62,25
2147,826,1397,Sham19Y0013783,3424,964,1457,346,71
2147,545,779,Sham19Y0150962,1253,204,416,145,77
2147,868,1411,Sham19Y0150962,1254,36,579,428,98
2148,827,1043,Shamela0004445,1256,1034,1302,111,53
2148,291,712,JK007054,1082,908,1374,132,29
2148,687,936,JK007054,1083,6,208,146,76
2148,804,1043,Sham19Y0016584,2802,1222,1479,137,65
2148,1161,1473,Shamela0008176,5761,1339,1581,184,70
2148,840,1043,JK000110,992,179,382,114,71
2148,840,1061,Sham19Y0016684,1441,700,918,123,71
2148,398,712,Shamela0001727,1280,333,676,77,24
2148,917,1034,Masaha002028Vols,2245,739,856,92,100
2148,840,1039,Shamela0005756,10493,321,519,112,72
2148,917,1473,ShamAY0038413,182,1110,1595,187,34
2148,998,1516,Sham19Y0014309,577,1,702,212,28
2148,759,912,Sham19Y0014309,578,37,177,96,74
2148,419,692,Sham19Y0014309,579,786,1007,164,72
2148,398,944,Shia001831Vols,454,968,1219,164,37
2148,80,507,Sham19Y0122406,3466,80,515,121,26
2148,917,1039,JK009324,3376,1270,1392,96,100
2148,692,1039,Sham19Y0145212,2842,359,624,121,42
2148,840,1039,Sham19Y0018106,2630,1113,1310,114,73
2148,840,1039,Sham19Y0018103,2512,1163,1360,114,73
2148,917,1043,Shia003732Vols,1275,1125,1252,97,96
2148,398,1039,Sham19Y0020638,1044,262,984,186,25
2148,700,912,Masaha001864Vols,5663,310,495,144,86
2148,840,1043,Sham19Y0013252,6340,474,677,114,71
2148,840,1043,Shamela0000347,681,151,353,115,73
2148,594,1039,Sham19Y0017616,371,177,511,149,43
2148,840,1043,Sham19Y0018176,1431,223,426,114,71
2148,917,1510,Sham19Y0017063,1128,565,862,189,39
2148,594,1039,Shamela0008360,684,450,788,156,44
2148,840,1043,Sham19Y0013605,3083,379,582,114,71
2149,32,783,Shamela0004445,1519,590,904,203,32
2149,32,783,Shamela0004445,2888,43,333,185,29
2149,32,783,Shamela0026441,17,304,648,198,30
2149,32,730,Shamela0007891,2085,1265,1516,150,25
2149,32,793,Shia001432Vols,21037,393,718,206,32
2149,50,704,Sham19Y0016584,2918,248,478,131,23
2149,32,783,JK009390,1297,376,695,206,32
2149,32,185,Shamela0008176,5760,1426,1556,96,79
2149,295,565,Shamela0008176,5762,1090,1427,172,61
2149,32,783,Sham19Y0127656,431,928,1224,186,29
2149,50,783,Sham19Y0127656,815,278,734,227,38
2149,32,185,Shamela0012749,45,717,847,96,79
2149,32,185,Sham19Y0013614,658,883,1013,96,79
2149,639,783,JK000110,919,79,205,99,86
2149,50,704,JK000110,1049,932,1162,131,23
2149,639,783,JK000110,1836,1097,1226,99,85
2149,639,802,Shamela0021809,3348,1322,1480,114,84
2149,32,783,Rafed0003489,182,52,342,185,29
2149,45,733,Shamela0021715,5688,564,1029,149,23
2149,620,1148,Shamela0021715,5689,341,654,133,26
2149,639,1224,Shamela0021715,6171,118,440,184,33
2149,50,704,Shamela0021715,6301,132,362,131,23
2149,670,1450,Shamela0021715,10535,570,1009,172,24
2149,639,783,Sham19Y0016684,1378,1114,1237,97,84
2149,639,783,Sham19Y0016684,2001,1033,1187,97,69
2149,32,670,Shamela0001727,1280,1244,1449,117,21
2149,670,783,Shamela0001727,1281,1,114,89,100
2149,32,783,JK006838,632,974,1287,198,31
2149,1094,1450,Shamela0026568,942,1025,1161,67,21
2149,50,185,Shamela0026568,943,315,455,97,89
2149,639,783,Shamela0009810,1415,1063,1206,112,97
2149,639,783,Shamela0005756,10118,123,249,99,86
2149,783,1292,Shamela0005756,10119,298,1016,285,43
2149,639,934,Shamela0005756,14897,657,1117,178,44
2149,1340,1523,Shamela0005756,14898,1049,1219,97,60
2149,32,783,Sham19Y0127677,1433,381,694,200,32
2149,639,783,Sham19Y0127677,20517,1026,1155,99,85
2149,704,1152,Shamela0001673,10912,1217,1432,118,31
2149,639,783,Shia001731Vols,827,138,281,112,97
2149,32,783,Sham19Y0014309,577,29,355,202,31
2149,50,790,Shamela0035100,80,1013,1323,188,30
2149,822,1456,Shia001831Vols,454,1213,1504,197,36
2149,704,1247,Shia001831Vols,455,62,330,193,44
2149,32,802,Shamela0004289,1409,277,604,207,32
2149,32,185,Shamela0029976,4,1282,1415,96,77
2149,670,783,Shamela0029976,5,1,110,86,96
2149,50,790,Shamela0010906,265,207,517,188,30
2149,639,783,Shamela0023685,1116,1254,1392,109,95
2149,704,1450,Shamela0023685,1117,536,766,124,19
2149,32,783,Shamela0001975,519,4,317,202,32
2149,32,185,Sham19Y0122406,3467,1367,1497,96,79
2149,32,783,Sham19Y0122406,3468,844,1379,252,36
2149,452,895,Sham19Y0122406,3469,1,619,261,52
2149,950,1292,Sham19Y0122406,3470,932,1277,207,65
2149,32,838,Shia002265Vols,5045,317,684,212,31
2149,32,783,Shamela0006590,337,227,539,198,31
2149,32,783,Shamela0001438,2224,306,619,202,32
2149,32,783,Kraken230110004547,87,210,624,205,29
2149,639,783,Sham19Y0018106,2501,218,344,99,86
2149,50,704,Sham19Y0018106,2721,684,914,131,23
2149,981,1523,Sham19Y0013631,164,346,715,264,59
2149,639,783,Sham19Y0018144,2477,1176,1320,113,99
2149,783,1474,Sham19Y0018144,6184,818,1548,316,38
2149,620,1292,Sham19Y0018144,6185,49,764,285,39
2149,32,783,Shamela0036446,1016,1154,1472,202,32
2149,50,783,Sham19Y0036114,439,1120,1440,201,32
2149,639,1523,Sham19Y0018103,2380,24,1248,464,40
2149,620,1224,Sham19Y0018103,2562,553,1046,209,35
2149,75,903,Sham19Y0018103,2615,1,424,190,26
2149,1075,1292,Sham19Y0018103,4049,912,1090,131,71
2149,32,783,Shamela0025800,480,797,1117,203,32
2149,32,185,Sham19Y0017791,1525,656,786,96,79
2149,639,783,Shia003732Vols,1649,322,482,109,86
2149,69,185,Shia003732Vols,1649,1,273,81,38
2149,32,783,Shamela0021659,650,727,1040,202,32
2149,639,783,ShamAY0034005,1264,322,476,110,87
2149,32,822,Sham19Y0020638,1044,971,1324,215,32
2149,32,185,Masaha001864Vols,1788,1293,1423,93,77
2149,639,838,Masaha001864Vols,1789,24,223,119,74
2149,639,783,Shia001976Vols,1413,623,758,106,92
2149,639,783,Sham19Y0013252,6122,343,466,97,84
2149,92,793,Sham19Y0013252,6467,1175,1449,176,30
2149,50,704,Sham19Y0013252,6494,503,733,131,23
2149,295,655,Masaha001946Vols,301,1112,1399,166,49
2149,32,185,Sham19Y0016976,1428,455,585,96,79
2149,32,783,Sham19Y0017616,371,498,816,206,32
2149,838,1194,Sham19Y0017616,624,59,275,171,58
2149,32,802,JK007065,164,830,1152,200,31
2149,639,783,Sham19Y0018176,1334,348,474,99,86
2149,50,704,Sham19Y0018176,1504,231,461,131,23
2149,32,185,Sham19Y0122257,2637,576,728,91,66
2149,315,541,Sham19Y0122257,2637,1369,1572,150,83
2149,32,185,Sham19Y0014119,490,33,163,96,79
2149,32,903,Sham19Y0017063,1127,855,1459,267,31
2149,903,1532,Sham19Y0017063,1128,1,574,444,84
2149,32,185,Sham19Y0148271,1229,1301,1431,96,79
2149,678,783,Sham19Y0148271,1230,1,106,83,100
2149,32,185,Shamela0008360,684,775,905,96,79
2149,783,1523,Sham19Y0013605,2939,902,1507,436,72
2149,639,783,Sham19Y0013605,2939,291,414,97,84
2149,50,704,Sham19Y0013605,3191,577,1163,158,20
2149,1335,1532,Sham19Y0013605,4819,1162,1357,113,62
2150,524,725,Sham19Y0122402,712,699,1181,147,39
2150,96,1008,Shamela0005756,10116,7,696,321,38
2150,11,675,Shia001831Vols,455,62,398,111,18
2150,524,725,Shamela0010527,794,424,910,137,36
2150,388,805,Sham19Y0018103,2378,923,1485,108,19
2150,101,347,Sham19Y0018103,2379,107,296,145,72
2150,71,546,Masaha001946Vols,724,1016,1433,213,47
2150,561,1158,Masaha001946Vols,725,1,482,314,61
2150,1023,1482,JK007065,864,392,1272,144,15
2150,126,407,Sham19Y0013605,2938,48,326,161,68
2151,1060,1493,Shamela0008176,5773,735,1112,271,73
2151,753,1305,Sham19Y0131521,6567,188,559,177,33
2151,1055,1493,Shamela0005756,5232,647,967,235,63
2151,490,787,Shia001831Vols,455,469,746,158,61
2151,717,933,Kraken210713085803,67,1188,1403,160,89
2151,1074,1555,Sham19Y0122257,2643,9,448,279,67
2152,742,1342,Shamela0007562,246,698,1230,357,69
2152,686,1370,Shamela0008176,7202,712,1472,427,62
2152,686,1375,Sham19Y0131521,6183,815,1376,337,57
2152,188,817,Shamela0001727,1282,496,859,172,28
2152,1,207,Shia004456Vols,1126,926,1170,157,80
2152,22,139,Shia004456Vols,4452,1376,1494,90,97
2152,188,513,JK000201,4273,1030,1376,247,88
2152,188,951,Sham19Y0122406,3474,27,795,284,32
2152,742,951,ShamAY0033531,3402,605,770,125,74
2152,742,951,ShamAY0033531,4585,45,210,125,74
2152,737,1097,Sham19Y0017791,1940,91,267,106,34
2152,1103,1468,Shia003732Vols,4574,7,328,159,40
2152,686,1375,Sham19Y0132415,1067,103,766,431,72
2152,22,172,Sham19Y0018272,521,1424,1549,97,82
2152,202,398,Masaha001864Vols,4097,217,488,148,69
2152,1,211,Masaha001864Vols,4219,473,681,148,87
2152,718,1513,Masaha001864Vols,4219,653,1455,634,98
2152,207,552,Masaha001946Vols,87,1006,1360,214,70
2152,980,1331,Masaha001946Vols,991,1233,1551,179,58
2152,22,148,Shia004266Vols,181,1355,1487,96,92
2152,750,1513,Sham19Y0023625,2134,1,1214,549,53
2152,727,1375,Sham19Y0122257,3237,287,844,367,66
2152,723,1338,Sham19Y0017063,1487,852,1507,386,63
2152,22,207,Sham19Y0017063,1487,399,600,127,78
2153,216,793,Shamela0008176,7203,1,545,416,84
2153,182,321,Sham19Y0131521,6183,1334,1476,112,97
2153,516,798,Shia001831Vols,468,5,254,178,73
2153,182,488,ShamAY0033531,3402,886,1201,247,97
2153,182,488,ShamAY0033531,4585,326,641,247,97
2153,1,789,Shia003732Vols,495,750,1184,248,38
2153,288,817,Sham19Y0132415,1067,747,1271,372,80
2153,63,947,Masaha001864Vols,4220,1,948,682,88
2153,912,1204,Masaha001864Vols,4374,611,932,235,90
2153,516,793,Masaha001946Vols,1138,215,454,175,73
2153,1,182,Sham19Y0023625,2134,1214,1392,144,96
2153,120,802,Sham19Y0023625,2135,85,982,471,61
2153,249,433,Sham19Y0122257,3237,1295,1494,145,88
2153,433,793,Sham19Y0122257,3238,1,316,254,86
2153,189,412,Sham19Y0017063,1488,1,227,147,79
2153,1,793,Shamela0000791,764,392,1214,640,95
2154,1,311,ShamAY0034227,6,1086,1332,187,73
2154,1,311,Shamela0008176,7481,378,636,168,61
2154,89,557,Shamela0009918,910,327,593,121,31
2154,86,311,Shamela0021588,1359,830,930,72,39
2154,80,323,Shia001831Vols,455,1330,1453,83,43
2154,695,946,Shia001831Vols,456,1,117,93,45
2154,1,311,Sham19Y0149697,175,653,904,182,71
2154,56,343,Sham19Y0018106,269,597,731,87,38
2154,1319,1448,Sham19Y0018144,6195,393,522,107,100
2154,69,343,Sham19Y0018103,362,1213,1415,93,40
2154,1,765,Masaha001946Vols,1033,427,819,248,40
2154,1,311,Sham19Y0122257,3364,1292,1554,169,61
2155,210,436,JK007054,916,806,1059,175,80
2155,627,839,Shamela0008176,7493,73,287,135,80
2155,627,839,JK001036,45,1007,1212,117,63
2155,627,914,Shamela0001727,1284,1026,1310,165,70
2155,646,775,JK006838,1156,551,685,101,94
2155,646,839,Shamela0026568,305,263,440,115,73
2155,627,839,Sham19Y0127700,173,555,773,137,79
2155,627,917,Shamela0009790,358,232,532,118,33
2155,627,914,Shamela0035100,361,238,517,165,70
2155,627,786,Shamela0023644,1069,377,538,124,93
2155,248,427,Shia001831Vols,456,127,293,136,90
2155,627,775,Shamela0036543,245,1293,1460,114,84
2155,627,839,Shamela0021713,908,129,351,131,74
2155,627,924,Shamela0004289,800,699,1056,165,57
2155,627,914,Shamela0010906,545,896,1175,165,70
2155,627,743,Shamela0023685,327,1372,1488,88,91
2155,646,914,Sham19Y0122406,3480,582,928,134,48
2155,627,839,Shamela0006590,441,1185,1402,134,77
2155,627,772,Sham19Y0145212,3653,1183,1328,116,100
2155,627,914,JK000657,162,981,1254,165,72
2155,627,914,Sham19Y0132524,2351,11,295,165,70
2155,646,772,Kraken230110004547,647,991,1122,101,96
2155,627,914,Sham19Y0018144,2490,561,843,158,67
2155,627,839,Shamela0036446,1159,1000,1240,134,70
2155,641,914,Shamela0025800,3293,1,270,154,69
2155,627,839,Sham19Y0017791,2053,1196,1409,134,78
2155,627,914,Sham19Y0017791,2054,318,660,115,29
2155,627,775,Shamela0000170,1038,829,977,116,97
2155,627,839,Sham19Y0131336,943,1178,1402,133,75
2155,627,914,Sham19Y0020638,1059,301,585,165,70
2155,786,1090,Masaha001864Vols,5649,1257,1562,243,97
2155,627,839,Sham19Y0016976,1867,148,361,134,78
2155,627,914,Sham19Y0017616,386,695,978,165,70
2155,627,914,ShamAY0034434,219,322,600,165,72
2155,627,914,JK007065,275,780,1058,117,34
2155,627,914,Sham19Y0122257,3369,1065,1383,118,32
2155,627,914,Sham19Y0014119,651,727,1032,114,31
2155,627,839,Sham19Y0017063,1563,16,226,133,78
2155,627,914,Shamela0010803,49,876,1154,165,72
2155,627,839,Shamela0008360,910,1173,1392,135,78
2156,1,380,Sham19Y0131521,4371,1212,1574,286,94
2156,1,388,Shamela0021715,2468,936,1289,272,88
2156,1,388,Sham19Y0016684,621,24,390,287,93
2156,423,821,Shamela0001727,1285,98,335,102,34
2156,423,821,Shamela0021626,7,548,775,75,18
2156,1314,1548,Shamela0000140,252,1365,1593,181,89
2156,423,821,Sham19Y0122406,3480,1180,1417,102,34
2156,423,821,Masaha001864Vols,3209,688,922,102,34
2156,423,676,Sham19Y0017616,386,1230,1354,66,33
2156,423,821,ShamAY0034434,219,852,1115,95,24
2157,304,740,Sham19Y0020561,2,1178,1591,311,89
2157,348,590,ShamAY0034059,5668,1341,1614,190,84
2157,304,744,JK000347,8,431,876,307,84
2157,344,740,Shamela0011353,142,826,1208,275,82
2157,344,740,Shia001432Vols,161,53,446,301,95
2157,366,740,ShamIbadiyya0000193,1201,1126,1506,275,85
2157,344,744,Shamela0038202,28,405,864,295,77
2157,304,737,Shamela0038202,35,1,501,305,75
2157,304,740,Sham19Y0023608,2068,457,883,300,83
2157,363,740,ShamAY0034182,141,9,414,287,85
2157,348,740,JK010001,9,520,914,298,93
2157,304,744,Shia000841Vols,25,947,1376,319,90
2157,344,740,Shamela0009200,32,859,1253,297,91
2157,304,634,Shamela0025794,3648,1067,1478,231,68
2157,284,740,Tafsir07055,9,469,1191,343,59
2157,363,590,JK007128,220,401,594,156,85
2157,275,740,Shamela0001727,1286,752,1358,346,71
2157,332,638,Masaha004698,62,1176,1481,225,86
2157,998,1191,Masaha004698,287,981,1148,119,75
2157,332,744,JK006838,167,403,807,298,88
2157,344,740,JK009266,4084,1195,1508,234,72
2157,344,744,JK000098,636,739,1113,276,83
2157,344,744,Shamela0003118,369,181,585,299,91
2157,275,682,Sham19Y0122401,1473,30,451,306,87
2157,344,740,Shia002702Vols,3278,388,800,300,88
2157,344,740,Shia002702Vols,5046,150,569,305,90
2157,344,740,Shia001960,342,344,701,247,73
2157,417,740,Shamela0012014,55,1,315,248,95
2157,304,740,Shamela0012014,296,655,1069,313,90
2157,275,422,Sham19Y0127677,10577,991,1168,95,68
2157,304,744,Shamela0004473,84,290,718,312,86
2157,304,740,Shamela0004473,5851,232,658,318,91
2157,288,624,Shamela0004473,11015,1169,1575,241,73
2157,304,740,Shamela0004473,13329,459,878,315,90
2157,366,754,Shamela0004473,17000,1,388,285,89
2157,348,643,Kraken230106005528,25,1244,1569,224,86
2157,304,740,Tafsir09084,1268,1065,1489,308,87
2157,344,740,Tafsir09050,1239,112,517,290,84
2157,344,744,Shamela0003874,64,398,815,312,92
2157,344,740,Sham19Y0017903,50,1051,1434,298,93
2157,308,468,JK001429,95,1266,1412,104,79
2157,1026,1548,Sham19Y0013253,799,1026,1364,214,47
2157,366,740,JK006950,56,11,384,285,93
2157,900,1384,Shamela0000140,399,194,1083,268,33
2157,344,740,Shamela0004289,168,854,1250,306,94
2157,344,740,Shamela0023628,1347,404,828,310,90
2157,304,1571,Shamela0023628,2042,482,1321,471,42
2157,275,643,Sham19Y0122406,3483,881,1503,263,52
2157,475,740,Sham19Y0122406,3484,986,1246,206,98
2157,344,740,Shamela0012089,26,248,642,303,94
2157,298,771,Shamela0010463,358,983,1506,326,78
2157,1300,1548,Sham19Y0016946,40,59,291,147,65
2157,344,740,Shamela0008473,2581,730,1124,300,94
2157,344,740,Sham19Y0001734,2,354,725,283,89
2157,275,504,Sham19Y0132524,2370,282,526,173,87
2157,504,740,Sham19Y0132524,2371,1030,1261,182,97
2157,363,740,Kraken230110004547,7,1077,1460,293,95
2157,366,754,JK000381,3320,701,1060,238,75
2157,339,740,JK000381,5749,20,424,291,88
2157,344,740,Sham19Y0018144,2501,946,1345,299,90
2157,275,403,Sham19Y0018144,6208,1200,1483,81,37
2157,348,740,Shamela0036446,37,1007,1399,301,95
2157,344,571,Shamela0001687,2295,1420,1653,179,95
2157,304,740,Shamela0025800,128,404,834,318,90
2157,412,740,Sham19Y0017729,52,1,330,251,92
2157,288,703,Shia003732Vols,820,1048,1530,300,74
2157,298,682,Shamela0095735,372,1204,1633,272,78
2157,304,740,Kraken220413202218,19,940,1332,288,82
2157,304,740,ShamAY0034005,83,218,654,295,80
2157,344,744,Sham19Y0020638,1061,22,423,312,96
2157,231,744,Sham19Y0013223,85,597,1096,325,77
2157,304,740,Shamela0098087,9,1015,1437,311,87
2157,363,740,JK009154,419,692,1193,277,66
2157,275,542,Masaha001864Vols,659,1236,1561,197,75
2157,344,1512,Masaha001864Vols,4161,464,1555,867,90
2157,344,740,JK000475,1185,626,1025,286,83
2157,288,744,Shia001976Vols,1415,928,1369,309,80
2157,1252,1571,Sham19Y0013252,697,32,363,225,77
2157,284,737,Sham19Y0017616,374,950,1446,354,89
2157,344,740,Shamela0001535,2701,677,1081,306,94
2157,344,682,Shamela0037458,1308,1244,1593,262,91
2157,344,740,Shamela0037458,2050,163,553,303,95
2157,323,740,Sham19Y0020891,2121,296,725,315,91
2157,304,1555,Sham19Y0020891,3964,13,662,439,42
2157,344,740,JK007065,167,40,438,311,97
2157,370,744,Sham19Y0017798,429,209,568,272,90
2157,765,1571,Sham19Y0122257,231,1227,1572,261,37
2157,344,740,Sham19Y0014119,80,310,704,300,91
2157,304,771,Sham19Y0145411,124,350,802,323,86
2157,344,1571,Sham19Y0017063,81,476,1487,677,62
2157,304,740,Rafed0003902Vols,2874,882,1306,308,87
2157,344,615,ShamAY0032781,60,1190,1465,206,89
2157,638,1571,Sham19Y0013605,354,338,1126,425,48
2157,298,744,Shamela0021537,536,103,584,312,79
2157,304,740,Shamela0021537,2056,157,588,317,89
2157,298,744,Shamela0021537,5369,83,564,312,79
2157,304,740,Shamela0021537,5373,245,676,317,89
2158,825,1168,JK007128,220,460,778,111,32
2158,1007,1318,Shamela0005756,894,670,1172,204,46
2158,351,769,Shamela0005756,897,90,395,177,50
2158,75,315,Shamela0000140,399,736,1308,154,31
2158,1042,1318,Sham19Y0018106,171,723,925,136,59
2158,810,1337,JK000665,16,151,594,290,61
2158,1,1519,Masaha001864Vols,4162,60,1585,1232,99
2158,920,1281,Sham19Y0013252,696,535,839,155,46
2158,810,1036,Sham19Y0122257,231,963,1225,159,77
2158,156,1611,Sham19Y0017063,82,1,1223,893,72
2159,34,456,Sham19Y0036110,226,1229,1647,327,93
2159,456,877,Sham19Y0036110,227,1,384,286,80
2159,34,877,Shamela0005756,900,201,970,599,86
2159,34,541,Shia001831Vols,456,1118,1638,407,95
2159,541,1650,Shia001831Vols,457,1,823,643,70
2159,5,811,Shamela0000140,1826,829,1567,540,78
2159,1,888,Shamela0023628,2043,10,1019,464,47
2159,1527,1638,Sham19Y0122406,3487,1048,1160,88,97
2159,1475,1650,Sham19Y0018144,6209,225,400,143,100
2159,1,877,Shamela0009823,460,526,1370,579,73
2159,1,1009,Masaha001864Vols,4163,99,1115,815,97
2159,1,877,Shamela0001395,74,596,1469,713,99
2159,1077,1650,Sham19Y0017063,80,7,553,439,93
2159,1,390,Sham19Y0017063,82,1223,1630,313,93
2159,390,888,Sham19Y0017063,83,1,492,384,92
2159,34,960,Sham19Y0013605,355,572,1614,650,70
2160,1498,1690,ShamAY0035035,8735,1120,1306,150,95
2160,89,785,Sham19Y0013253,800,315,1069,225,26
2160,707,1491,Shia001831Vols,457,942,1483,276,35
2160,1187,1690,Shamela0000140,400,1025,1564,322,67
2160,776,1187,Shamela0000140,401,39,525,242,53
2160,1187,1690,JK000201,3572,556,1225,264,43
2160,892,1690,Shamela0021660,4676,119,697,232,31
2160,89,272,Sham19Y0122406,3486,1447,1583,106,67
2160,567,998,Sham19Y0122406,3487,1174,1506,123,27
2160,282,534,Sham19Y0122406,3487,7,196,76,28
2160,898,1158,Sham19Y0132524,2373,832,1135,109,41
2160,1352,1690,Sham19Y0013631,1663,890,1140,195,70
2160,790,1435,Sham19Y0018144,6208,218,524,221,41
2160,903,1690,Sham19Y0018272,1968,657,1413,441,57
2160,712,1317,Shamela0011036,2237,945,1584,234,35
2160,1498,1690,Shamela0011036,2238,1182,1374,158,100
2160,1060,1317,Sham19Y0122257,228,800,1060,176,78
2160,5,567,Sham19Y0017063,80,559,1151,369,65
2161,916,1563,Shia001932,4,257,946,175,19
2161,923,1109,Sham19Y0131521,6273,1,143,117,76
2161,876,1109,Shamela0005756,12208,20,215,154,80
2161,1154,1429,Shamela0005756,14295,437,698,188,83
2161,1133,1556,Shamela0001673,10001,756,1165,261,70
2161,563,724,Shamela0000140,866,105,265,108,79
2161,912,1563,Shamela0023628,3751,453,1156,494,84
2161,912,1109,ShamAY0034068,4236,1290,1480,144,83
2161,123,228,Sham19Y0122406,3488,896,1404,75,18
2161,321,573,Sham19Y0122406,3489,1311,1512,126,60
2161,945,1254,Sham19Y0122406,3494,529,931,180,49
2161,442,573,Sham19Y0018144,6209,1248,1395,99,80
2161,912,1109,Masaha001864Vols,780,452,628,144,89
2161,912,1563,Masaha001864Vols,4263,156,822,517,96
2161,123,442,Masaha001864Vols,4267,769,1205,143,30
2161,442,870,Sham19Y0013252,11086,18,371,259,74
2161,1133,1429,Masaha001946Vols,995,86,289,155,66
2161,886,1109,Shamela0037458,4968,241,455,160,83
2161,938,1563,Sham19Y0017063,1422,87,727,464,84
2162,515,823,Shamela0021629,907,1239,1518,174,68
2162,1,1001,Shamela0009918,685,144,763,400,48
2162,542,709,Kraken22021606122003,473,1362,1494,98,75
2162,148,1240,Shia001831Vols,458,85,816,549,61
2162,515,987,Shamela0023628,3753,1000,1373,278,72
2162,334,1406,Sham19Y0122406,3491,141,1280,461,42
2162,519,961,Sham19Y0013631,1313,893,1240,263,75
2162,357,838,Sham19Y0018272,726,871,1239,267,68
2162,1,334,Masaha001864Vols,4263,822,1154,270,98
2162,124,1343,Sham19Y0017063,1424,436,1285,658,67
2163,6,588,Shamela0008176,6937,745,1364,168,26
2163,658,1171,Shia001932,5,859,1347,220,40
2163,166,460,Sham19Y0013253,800,1204,1450,143,56
2163,598,832,Shamela0023628,3749,637,1104,76,16
2163,161,460,Sham19Y0122406,3495,764,1021,148,57
2163,40,229,Sham19Y0018144,6212,1175,1340,105,68
2163,732,921,Shamela0036446,1418,109,565,97,24
2163,802,921,Sham19Y0020638,1066,549,930,75,24
2163,802,1115,JK007065,742,671,1266,111,21
2163,239,615,Sham19Y0122257,3119,290,540,113,34
2163,644,1276,Sham19Y0017063,1422,1157,1480,243,48
2164,27,231,JK009242,462,715,1024,72,23
2164,781,1522,Sham19Y0131521,6273,235,768,273,42
2164,1035,1487,Shamela0004473,12357,293,680,198,55
2164,374,661,Shamela0005922,2837,421,777,200,64
2164,27,307,Shamela0023628,3749,664,1074,142,41
2164,363,666,Shamela0023628,3754,191,424,164,64
2164,374,812,Shamela0009702,734,817,1367,253,56
2164,27,307,Sham19Y0122406,3492,521,898,123,36
2164,758,1184,Shamela0000122,50,927,1113,121,36
2164,727,1425,Sham19Y0018144,6220,95,1004,405,47
2164,196,359,Shamela0036446,1418,281,445,67,37
2164,196,359,Shamela0025800,2946,536,842,68,28
2164,176,317,ShamAY0034005,80,810,1010,80,48
2164,1039,1189,Masaha004546Vols,88,262,400,101,86
2164,27,231,Sham19Y0020638,1065,916,1414,80,19
2164,196,350,Shamela0010322,25,92,487,57,15
2164,1035,1487,Shamela0010322,26,470,857,198,55
2164,196,307,Shamela0021550,657,450,892,52,13
2164,1189,1506,Masaha001946Vols,757,964,1190,156,61
2164,60,359,Shamela0011036,949,533,780,186,77
2164,436,620,ShamAY0037021,54,1107,1292,145,94
2164,350,661,Sham19Y0017063,1423,384,694,235,91
2165,991,1406,Shamela0004445,7027,757,1208,136,27
2165,987,1406,ShamAY0034441,462,1207,1480,139,37
2165,1284,1411,Shamela0007891,2360,935,1061,101,97
2165,991,1406,Shamela0001733,3303,293,504,120,36
2165,987,1406,Sham19Y0016584,4221,1189,1395,152,45
2165,1284,1406,Shamela0001719,472,476,593,94,94
2165,991,1406,Sham19Y0127656,751,472,684,120,36
2165,991,1406,JK000110,1684,620,852,140,42
2165,991,1406,Shamela0021809,1901,1083,1300,126,37
2165,1284,1406,Shamela0025794,3181,362,484,98,98
2165,991,1406,Shamela0021715,9646,682,916,141,42
2165,991,1406,Shamela0001727,1291,341,575,141,42
2165,991,1406,Shamela0005756,14108,350,576,133,40
2165,1107,1406,Sham19Y0127677,845,948,1092,107,43
2165,301,664,Shia001831Vols,459,776,1136,275,91
2165,1088,1406,Shamela0023645,87,1306,1484,113,40
2165,317,757,Shamela0023628,3752,228,732,275,59
2165,1107,1406,Shamela0001975,368,34,178,107,43
2165,991,1406,Sham19Y0001734,1266,1043,1267,132,40
2165,991,1406,Sham19Y0132524,2377,786,1020,141,42
2165,991,1406,Shamela0001875,622,709,940,133,40
2165,991,1406,Sham19Y0018106,3814,900,1132,140,42
2165,991,1406,Shamela0036446,291,115,346,136,41
2165,991,1406,Sham19Y0018103,3759,1013,1245,140,42
2165,301,757,Shia003732Vols,5757,118,629,282,62
2165,991,1406,Shamela0011620,56,447,678,136,41
2165,1107,1406,Shamela0021659,477,892,1036,107,43
2165,991,1406,Sham19Y0020638,1064,889,1124,142,43
2165,991,1406,Masaha001864Vols,783,913,1144,136,41
2165,991,1406,Sham19Y0013252,9407,882,1114,140,42
2165,301,757,Masaha001946Vols,996,138,581,318,83
2165,1289,1406,Shia001174Vols,5011,1,118,94,98
2165,301,768,Shamela0011036,949,845,1332,356,89
2165,991,1406,Shia002119Vols,1777,1087,1318,136,41
2165,991,1406,Sham19Y0018176,2279,1072,1304,140,42
2165,991,1406,Sham19Y0148271,1632,918,1153,141,42
2165,991,1406,Shamela0010803,4,824,1058,141,42
2165,987,1269,Sham19Y0013605,1586,637,1103,133,31
2165,991,1406,Sham19Y0013605,4482,492,724,140,42
2166,402,618,Shamela0004445,7030,697,891,126,73
2166,402,618,Shamela0000767,17,219,405,123,71
2166,479,618,ShamAY0035035,9975,384,508,98,87
2166,479,618,JK009390,2455,188,335,108,88
2166,402,618,JK009242,462,803,989,121,70
2166,402,618,Shamela0025794,3995,1084,1270,123,71
2166,402,618,Shamela0001727,1293,399,593,126,73
2166,402,618,Sham19Y0013572,336,769,959,123,71
2166,479,618,Sham19Y0127677,2327,759,906,108,88
2166,402,618,Sham19Y0127677,12945,452,638,123,71
2166,402,618,Sham19Y0127677,12946,106,300,126,73
2166,1306,1563,Shamela0000894,400,1020,1298,130,43
2166,782,1411,Shia001831Vols,459,1,435,221,41
2166,402,618,Shamela0023628,3749,1140,1330,126,73
2166,1325,1560,Shamela0023628,3754,785,1043,147,60
2166,479,618,Shamela0001975,973,803,950,108,88
2166,402,618,Sham19Y0122406,3498,174,368,126,73
2166,479,618,Shia002265Vols,4751,749,895,109,90
2166,402,618,Sham19Y0038171,2547,875,1054,113,65
2166,479,618,Shamela0001438,4045,983,1122,101,83
2166,402,618,Kraken230110004547,551,101,303,126,70
2166,407,618,Shamela0036446,1418,78,262,121,70
2166,402,618,Shamela0025800,2946,327,517,123,71
2166,402,618,Shamela0009292,52,154,333,114,66
2166,402,618,Sham19Y0020638,1065,1166,1360,126,73
2166,402,618,Masaha001864Vols,782,1208,1402,126,73
2166,402,618,Shamela0012981,1081,428,590,98,56
2166,402,618,JK000001,3269,956,1134,112,65
2166,6,203,Shamela0011036,950,1207,1482,146,66
2166,402,618,Sham19Y0017616,388,1214,1397,117,68
2166,402,618,JK007065,145,828,1018,123,71
2166,402,618,Sham19Y0148271,418,8,194,122,70
2166,479,618,JK000030,209,6,141,109,97
2166,402,618,ShamAY0033760,332,255,445,123,71
2167,633,964,Shamela0009918,768,63,354,210,75
2167,1,202,Shamela0000894,400,1298,1503,165,98
2167,1329,1568,Sham19Y0122406,3500,16,207,123,62
2167,82,561,Sham19Y0122406,3502,253,699,238,52
2167,1,171,Sham19Y0013631,720,61,253,139,88
2167,1026,1363,Sham19Y0018144,6215,1060,1410,247,82
2167,677,975,Kraken220413194132,50,992,1276,224,92
2167,633,943,Shia003732Vols,503,112,363,197,78
2167,1030,1606,Sham19Y0017063,1423,1110,1499,281,58
2168,388,543,Shia001432Vols,10892,951,1116,122,90
2168,1102,1522,Sham19Y0145166,215,338,565,171,49
2168,1092,1361,Shia002616Vols,1492,458,735,134,48
2168,1102,1208,Shamela0026324,1344,498,627,82,80
2168,1082,1228,Shamela0009918,1130,438,582,100,81
2168,388,538,Shamela0008353,643,1089,1229,106,84
2168,626,793,Shia001932,7,1374,1514,112,83
2168,32,543,Shamela0001727,1294,124,789,255,40
2168,1102,1242,Shamela0001727,1295,936,1076,113,100
2168,51,543,Zaydiyya0000079,19,144,336,150,37
2168,1102,1228,JK006838,665,684,791,86,84
2168,1102,1228,JK009266,2241,874,1018,100,86
2168,1102,1609,Shamela0026568,145,263,690,291,64
2168,952,1228,JK000786,3329,811,1152,121,32
2168,1102,1357,Sham19Y0013572,196,631,864,131,51
2168,388,543,Sham19Y0013572,781,829,991,126,95
2168,1078,1366,Sham19Y0127677,4145,368,614,142,55
2168,32,180,Sham19Y0127677,8982,625,798,109,75
2168,402,543,Shia001663Vols,55,1,136,106,90
2168,1102,1357,Shamela0009790,30,980,1256,144,66
2168,388,547,Shia004038,240,613,777,121,90
2168,407,543,Rafed0001515,115,331,471,110,96
2168,199,1609,Shia001831Vols,459,720,1480,231,16
2168,652,939,Shamela0000140,404,690,965,216,90
2168,388,543,Shia000068,22,898,1054,109,84
2168,1092,1228,Shamela0023628,595,864,1022,102,80
2168,388,543,Shamela0023628,3750,491,643,115,88
2168,1134,1609,Shamela0023685,171,1,393,280,67
2168,32,543,Sham19Y0122406,3499,660,1325,255,40
2168,1102,1380,Sham19Y0122406,3503,61,609,165,36
2168,970,1208,Shia001919,28,691,914,102,44
2168,1040,1357,Sham19Y0145212,3614,622,949,151,47
2168,1092,1235,Sham19Y0001734,2616,945,1086,104,91
2168,970,1357,Sham19Y0132524,2383,260,791,170,33
2168,1102,1228,Shamela0001438,6028,911,1037,101,100
2168,388,543,Shamela0025800,440,806,964,126,98
2168,388,543,Shamela0025800,2949,996,1161,126,93
2168,1082,1361,Shia003732Vols,1676,564,875,134,51
2168,51,543,Zaydiyya0000338,11,403,587,144,36
2168,32,543,Shamela0009292,56,113,583,174,31
2168,407,543,Shia001368,284,1420,1554,107,97
2168,417,793,Sham19Y0018272,1858,944,1334,167,41
2168,32,547,Sham19Y0020638,1066,389,752,234,53
2168,1102,1357,Shamela0009823,301,963,1168,147,69
2168,1102,1242,Masaha001864Vols,2155,553,692,112,99
2168,388,543,Masaha001864Vols,3346,153,305,116,88
2168,1040,1625,Masaha001864Vols,5140,975,1543,337,57
2168,1102,1517,Shamela0009873,1125,1192,1474,192,52
2168,1092,1208,JK000022,966,1156,1268,85,92
2168,1040,1366,Sham19Y0017616,290,324,640,168,50
2168,388,663,Shia001404,7,1146,1567,212,59
2168,663,965,Shia001404,8,1,299,244,98
2168,1102,1361,JK007065,90,1019,1264,139,60
2168,407,543,JK007065,815,5,143,110,97
2168,1040,1357,Tafsir06049,1497,777,1077,147,51
2168,1102,1609,Tafsir06049,2854,758,1101,246,56
2168,1040,1357,Sham19Y0122257,3339,492,812,145,45
2168,388,570,Sham19Y0120922,1153,244,440,140,87
2168,51,543,Zaydiyya0000331,10,1056,1248,150,37
2168,1040,1357,Sham19Y0014119,639,453,731,141,49
2168,1040,1357,Shamela0008360,898,207,542,146,44
2168,51,543,Zaydiyya0000295Vols,2430,632,823,148,37
2169,1211,1477,Sham19Y0020561,1517,415,697,202,88
2169,1231,1477,JK007083,116,917,1170,155,67
2169,73,532,Shamela0004445,2661,509,1093,269,57
2169,1211,1504,Shamela0004445,2670,1058,1281,130,55
2169,350,456,Sham19Y0017581,673,667,773,84,99
2169,1211,1477,JK000021,1108,779,1076,177,72
2169,1211,1477,Masaha003032,104,982,1204,155,67
2169,1231,1448,Kraken220314171616,426,1216,1480,158,76
2169,350,456,Sham19Y0016584,2190,880,986,84,99
2169,1211,1477,Sham19Y0016584,3468,937,1175,166,76
2169,1211,1477,Sham19Y0148486,2701,1133,1424,187,78
2169,73,340,Sham19Y0148486,5884,703,1010,134,53
2169,1211,1477,Shamela0022800,57,1159,1403,166,76
2169,53,340,Kraken22041319410300,103,367,692,157,61
2169,53,292,Kraken220218125253,840,533,782,112,52
2169,53,263,ShamAY0033975,748,1176,1464,105,45
2169,350,456,Sham19Y0127656,351,815,921,84,99
2169,350,456,Shamela0029702,3,714,851,77,70
2169,350,456,JK000110,714,409,515,84,99
2169,1211,1477,JK000110,1350,945,1183,166,76
2169,42,535,Shamela0012031,64,931,1385,204,46
2169,1231,1477,Shamela0025794,698,965,1227,186,87
2169,73,383,Shamela0025794,2228,215,650,170,49
2169,350,532,Shamela0025794,2290,1125,1320,111,69
2169,350,456,Shamela0025794,2504,834,940,84,99
2169,364,666,Sham19Y0131521,6531,815,1365,124,24
2169,350,456,Shamela0021715,4636,1294,1400,84,99
2169,68,456,Shamela0001727,1296,71,570,247,62
2169,1231,1477,Shamela0001727,1296,1053,1320,196,92
2169,1211,1477,JK000916,1053,820,1124,180,68
2169,1211,1477,JK000916,1054,481,752,182,82
2169,1211,1477,Shamela0012750,150,955,1226,182,82
2169,1207,1477,Shamela0003118,399,968,1323,186,60
2169,77,1193,Shamela0026568,536,427,1523,464,40
2169,73,383,Sham19Y0013572,753,734,1101,179,60
2169,73,443,Sham19Y0127700,42,118,452,144,47
2169,350,456,Shamela0005756,8898,1181,1287,84,99
2169,1211,1496,Shamela0026884,540,800,1094,191,75
2169,223,456,Sham19Y0127677,10080,35,340,176,72
2169,1095,1477,Shamela0004473,25,580,1015,126,26
2169,42,383,Shamela0004473,6325,343,722,169,51
2169,1231,1477,Shamela0012884,458,594,852,175,81
2169,87,340,ShamAY0033973,295,1163,1448,147,63
2169,87,398,Shia001731Vols,593,608,961,141,43
2169,1211,1477,JK000271,169,684,964,203,89
2169,73,532,Sham19Y0017903,522,762,1225,141,25
2169,1231,1477,Shamela0004289,873,884,1151,196,92
2169,1207,1477,Shamela0023647,70,51,254,149,65
2169,73,383,Shamela0001449,61,248,602,181,64
2169,296,1392,Shamela0023685,557,169,1263,448,41
2169,68,340,Sham19Y0122406,3503,1109,1419,162,65
2169,1231,1477,Sham19Y0122406,3505,366,633,196,92
2169,87,383,Shamela0000927,1898,31,391,126,40
2169,1089,1477,Shamela0037837,313,628,1006,157,36
2169,1211,1486,Shamela0096239,289,250,477,158,67
2169,1089,1491,Shamela0010463,23,618,947,137,31
2169,1211,1477,Shamela0008473,57,231,475,166,76
2169,1211,1477,Sham19Y0001734,1355,90,327,167,76
2169,87,321,Sham19Y0001734,2353,638,923,119,50
2169,82,383,Sham19Y0132524,2382,1,337,170,63
2169,344,532,Sham19Y0132524,2382,803,1027,109,62
2169,1226,1504,Sham19Y0132524,2384,34,345,148,54
2169,350,456,Sham19Y0018106,2049,1369,1475,84,99
2169,68,321,Sham19Y0018144,2517,617,915,120,48
2169,87,383,Shamela0036446,1132,286,696,160,48
2169,1231,1477,Shamela0001341,34,117,391,180,78
2169,1211,1496,Sham19Y0018103,3113,1020,1276,174,73
2169,1231,1477,ShamAY0033733,2,429,666,152,69
2169,73,383,Shamela0025800,3207,709,1094,173,55
2169,73,532,Sham19Y0017729,272,674,1137,138,24
2169,350,456,ShamAY0037747,326,181,287,85,100
2169,49,309,Shamela0000170,979,1125,1452,127,45
2169,73,456,Shamela0026484,435,953,1315,143,33
2169,49,383,Shamela0021512,446,368,784,148,41
2169,68,340,Sham19Y0020638,1067,1159,1469,162,65
2169,350,456,Sham19Y0020638,1068,98,204,85,100
2169,1231,1477,Sham19Y0020638,1068,615,882,196,92
2169,73,321,Masaha001864Vols,479,808,1090,106,39
2169,1202,1477,Masaha001864Vols,480,379,790,206,62
2169,513,1259,Masaha001864Vols,4007,523,1274,400,52
2169,571,1202,Masaha001864Vols,5404,143,808,504,94
2169,1095,1477,ShamAY0031687,682,984,1304,147,35
2169,53,383,ShamAY0001760,173,588,954,148,51
2169,321,456,Shia001976Vols,662,345,478,94,85
2169,350,532,Shia001976Vols,664,1008,1239,103,50
2169,1231,1399,Sham19Y0032197,294,1302,1480,133,94
2169,1207,1477,Shamela0000700,45,167,439,164,61
2169,1211,1477,Sham19Y0013252,7430,346,584,166,76
2169,1231,1477,ShamAY0035884,297,296,557,185,86
2169,1231,1477,Sham19Y0017885,631,188,395,153,75
2169,1211,1504,Sham19Y0016976,702,271,550,169,64
2169,42,383,Sham19Y0017616,393,965,1386,201,59
2169,1089,1477,Sham19Y0017616,394,1041,1382,219,68
2169,1231,1477,Shamela0012991,61,1170,1444,180,78
2169,1095,1477,Sham19Y0122255,397,412,756,168,47
2169,1231,1448,Shamela0021843,1110,489,738,156,79
2169,73,340,JK000015,66,990,1275,151,62
2169,1211,1477,JK000015,68,766,1022,160,72
2169,101,383,JK007065,795,1,391,155,49
2169,350,456,Sham19Y0018176,1085,1345,1451,84,99
2169,1211,1477,Sham19Y0018176,1871,235,473,166,76
2169,1089,1477,Sham19Y0014119,241,409,744,178,52
2169,1336,1509,Sham19Y0017063,470,1,509,96,21
2169,1211,1477,JK000024,28,1036,1319,176,74
2169,1089,1477,Shamela0008360,321,24,351,156,38
2169,350,456,Sham19Y0013605,2536,980,1086,84,99
2170,1384,1558,Sham19Y0020594,241,1,175,140,100
2170,1352,1558,Sham19Y0131521,6318,1,224,153,86
2170,501,693,Sham19Y0013572,773,772,925,104,66
2170,477,930,JK000201,2721,922,1547,222,36
2170,930,1153,JK000201,2722,1,230,178,96
2170,772,1153,Shamela0009702,723,47,477,293,81
2170,1161,1445,Shamela0009702,1023,1341,1557,144,61
2170,1352,1549,ShamAY0033531,3474,1045,1221,130,78
2170,1352,1549,ShamAY0033531,4657,494,670,130,78
2170,1343,1463,Sham19Y0018144,6234,1358,1478,97,100
2170,501,709,Shamela0036446,1134,119,276,114,69
2170,472,693,Shamela0025800,3211,653,876,120,57
2170,274,496,Masaha001864Vols,4007,1215,1474,160,67
2170,1348,1549,Masaha001946Vols,450,184,344,121,75
2170,1415,1552,Sham19Y0017063,1508,1,165,105,80
2170,1161,1440,Sham19Y0017063,1509,1102,1314,162,71
2171,1002,1104,Shamela0001727,1298,1057,1159,81,100
2171,1002,1104,Sham19Y0013572,835,392,494,81,100
2171,590,790,Shamela0000140,1058,1202,1478,77,27
2171,1002,1104,Sham19Y0096918,232,228,330,81,100
2171,1002,1104,Masaha001864Vols,481,660,762,81,100
2171,1002,1104,Sham19Y0095660,594,71,173,81,100
2171,1002,1120,Sham19Y0017616,395,237,353,84,91
2171,1002,1104,JK007065,847,647,749,81,100
2172,1106,1564,Shamela0004445,2532,179,492,147,31
2172,380,550,Sham19Y0148486,2273,704,875,118,84
2172,380,550,ShamAY0032855,78,802,962,113,84
2172,380,545,JK009408,2119,1042,1195,105,81
2172,185,550,JK009408,2491,469,781,146,51
2172,395,550,Shamela0025794,2317,846,1014,110,81
2172,380,545,Sham19Y0131521,4432,439,844,122,38
2172,1111,1564,Shamela0001727,1300,810,1126,145,31
2172,380,873,Shamela0001727,1300,80,551,169,30
2172,323,545,Shamela0023700,2561,624,828,129,68
2172,323,550,Shamela0023700,3065,329,571,128,64
2172,1061,1574,Shamela0003118,443,811,1167,164,32
2172,323,550,JK000786,1149,383,654,129,58
2172,399,545,Sham19Y0013572,802,937,1092,112,90
2172,380,516,Sham19Y0023644,1436,1161,1331,91,62
2172,387,550,Sham19Y0127677,13013,123,299,112,80
2172,313,545,Sham19Y0127677,13014,176,541,178,61
2172,113,550,Shamela0012406,776,261,717,146,29
2172,383,545,Sham19Y0017903,345,840,1009,125,93
2172,380,550,Shamela0026395,2,182,343,113,83
2172,113,545,Shamela0004289,731,967,1348,165,42
2172,380,550,ShamAY0033551,13,985,1146,109,80
2172,89,545,Sham19Y0122406,3510,745,1364,189,29
2172,380,533,ShamAY0034134,992,1139,1346,114,69
2172,383,545,Shamela0025800,3195,1053,1237,125,85
2172,380,545,ShamAY0034005,336,404,585,117,78
2172,1111,1564,ShamAY0034005,1152,606,887,124,26
2172,380,873,Sham19Y0020638,1071,465,933,168,30
2172,1111,1564,Sham19Y0020638,1072,32,352,145,31
2172,1061,1549,Masaha001864Vols,492,972,1448,169,28
2172,380,873,Masaha001864Vols,492,543,991,176,33
2172,550,1601,Masaha001864Vols,4012,520,1207,527,61
2172,323,545,Masaha001864Vols,4444,1145,1376,137,75
2172,399,1514,Masaha001864Vols,4445,576,1304,469,49
2172,380,873,Shamela0012981,1697,982,1341,171,40
2172,383,550,ShamAY0035884,101,142,314,116,82
2172,395,873,Shamela0000347,281,10,407,171,38
2172,432,650,Sham19Y0023625,2187,284,589,93,28
2172,323,545,JK007065,828,177,416,135,69
2172,1106,1564,JK007065,863,164,476,144,31
2172,65,432,Sham19Y0017063,1208,915,1396,193,42
2172,395,550,Sham19Y0148271,203,1055,1219,110,83
2172,1111,1564,Sham19Y0148271,204,405,705,142,31
2173,166,403,Shamela0008176,7298,397,620,158,75
2173,1,403,Shia001831Vols,460,364,624,168,47
2173,765,1576,Shia001831Vols,461,172,472,211,31
2173,1126,1421,Sham19Y0122406,3515,37,388,208,65
2173,1,505,Masaha001864Vols,4012,1207,1565,290,70
2173,131,529,Sham19Y0122257,3287,89,456,211,54
2173,801,957,Sham19Y0017063,1511,776,951,126,89
2174,324,629,Shamela0008176,5895,432,1028,202,40
2174,1,307,Sham19Y0017747,2288,737,1030,223,84
2174,904,1224,Sham19Y0014299,47,89,554,131,29
2174,1,307,Shamela0021590,1479,332,616,216,82
2174,318,979,Shamela0001727,1302,407,1379,198,17
2174,904,1224,Shamela0004473,11893,266,731,131,29
2174,1036,1685,Shia001831Vols,461,773,1463,299,41
2174,6,307,Shia001831Vols,461,472,773,244,97
2174,16,639,Sham19Y0122406,3515,688,1589,347,45
2174,1,307,Zaydiyya0000059,1051,219,502,215,82
2174,843,1032,Shia003732Vols,5203,67,373,94,35
2174,949,1642,Shamela0006617,439,532,902,131,19
2174,324,1032,Sham19Y0020638,1073,521,1380,249,26
2174,429,771,Masaha001864Vols,4006,1017,1241,182,64
2174,837,1693,Masaha001864Vols,4013,100,617,423,59
2174,862,1622,Masaha001864Vols,5137,838,1589,617,98
2174,1511,1693,Masaha001946Vols,940,1,208,122,70
2174,318,472,Sham19Y0017798,2485,905,1149,109,56
2174,468,862,Sham19Y0122257,2697,194,626,170,35
2175,804,963,Shamela0004445,2641,777,940,127,96
2175,799,967,JK000021,505,1117,1278,119,88
2175,804,963,Shamela0007891,2269,907,1067,128,99
2175,1093,1295,Shamela0003485,247,363,586,134,76
2175,987,1249,Shamela0008176,7284,17,357,149,48
2175,804,948,Shamela0026324,189,1148,1299,116,95
2175,1093,1249,ShamAY0034447,1101,752,905,118,96
2175,795,1016,ShamAY0034447,1102,91,300,150,82
2175,1093,1295,ShamIbadiyya0000229,337,1127,1331,135,83
2175,1093,1270,Sham19Y0131521,6366,491,659,116,84
2175,748,1016,Sham19Y0014592,500,1016,1353,171,64
2175,804,1295,Shamela0001727,1303,775,1371,344,71
2175,795,997,Masaha003104,39,1037,1247,143,83
2175,804,1249,JK006838,149,415,999,198,34
2175,1093,1295,Sham19Y0013572,857,814,1047,141,76
2175,804,1083,Sham19Y0013572,871,526,1047,211,50
2175,795,963,Sham19Y0127700,327,1240,1407,128,91
2175,748,1016,Sham19Y0023644,1520,237,539,179,71
2175,748,1256,Sham19Y0127677,14604,829,1119,152,33
2175,818,1030,Shamela0011385,97,825,1066,80,28
2175,987,1295,Shamela0004473,1414,812,1110,168,65
2175,804,1016,ShamAY0033973,279,903,1169,155,73
2175,1265,1500,Sham19Y0014309,3225,1199,1434,193,99
2175,101,253,Shia001831Vols,461,1034,1185,124,99
2175,1093,1295,Shamela0004289,1443,1120,1377,137,68
2175,804,963,Shamela0004289,1444,1247,1407,128,99
2175,997,1295,Shamela0023685,544,262,519,129,49
2175,818,1016,Shamela0023685,545,400,588,139,87
2175,804,1217,Sham19Y0122406,3518,930,1463,305,72
2175,286,841,Sham19Y0122406,3518,1,599,228,39
2175,804,1249,Sham19Y0145212,3527,563,1005,267,71
2175,804,963,Sham19Y0132524,2392,17,177,128,99
2175,987,1249,Sham19Y0132524,2392,891,1145,142,55
2175,1093,1249,Kraken230110004547,301,240,403,119,93
2175,808,958,Kraken230110004547,613,1,137,104,83
2175,804,1093,Sham19Y0018144,2530,1067,1437,177,55
2175,987,1295,Shamela0036446,506,504,799,163,66
2175,804,1016,Shamela0036446,1134,654,851,137,80
2175,1093,1249,Shamela0026726,52,675,830,120,99
2175,987,1295,Shamela0025800,1796,957,1318,158,55
2175,795,1016,Shamela0025800,3212,533,783,157,77
2175,997,1217,Sham19Y0017791,1971,1270,1455,112,65
2175,795,1016,Sham19Y0017791,1971,357,1004,129,23
2175,1093,1295,Sham19Y0017791,1972,54,332,136,63
2175,804,1016,Shia003732Vols,2860,180,415,158,84
2175,818,958,ShamAY0034005,1012,170,311,112,97
2175,1093,1249,ShamAY0034005,1029,144,301,121,99
2175,804,1295,Sham19Y0020638,1074,22,737,352,62
2175,804,1249,Masaha001864Vols,487,323,698,250,70
2175,1252,1551,Masaha001864Vols,4009,1051,1350,244,99
2175,74,743,Masaha001864Vols,4013,623,1115,394,72
2175,1,743,Masaha001864Vols,5138,74,819,597,99
2175,795,963,Sham19Y0016976,1785,336,505,127,90
2175,992,1230,Sham19Y0016976,1785,1320,1506,124,66
2175,748,1138,Sham19Y0017616,392,1003,1431,275,80
2175,1138,1301,Sham19Y0017616,393,1,162,107,82
2175,1093,1249,JK007065,857,205,360,120,99
2175,804,963,JK007065,860,1286,1445,128,100
2175,804,1295,Sham19Y0122257,3281,30,523,291,69
2175,795,1016,Sham19Y0014119,623,1162,1422,153,72
2175,1093,1295,Sham19Y0014119,624,14,231,137,82
2175,799,1295,Sham19Y0017063,1510,630,1305,307,55
2175,804,963,Sham19Y0148271,205,1307,1451,113,85
2175,804,963,Shamela0010803,144,545,704,128,100
2175,804,1295,Shamela0008360,878,472,981,291,67
2176,554,1149,Shamela0006850,30,742,919,139,29
2176,460,1149,ShamAY0035250,53,1050,1279,158,29
2176,460,1239,Shamela0004445,2659,658,1224,192,24
2176,460,1149,Shamela0007891,2277,282,487,152,28
2176,460,1149,Shamela0096178,35,281,567,116,18
2176,554,1149,Sham19Y0148486,4179,532,709,135,28
2176,554,1149,Shamela0001719,1496,397,575,135,28
2176,460,1149,Shamela0028107,671,276,490,151,28
2176,727,1228,Shamela0009918,363,268,865,299,52
2176,554,1149,Shamela0025794,4997,289,472,137,28
2176,554,1126,Sham19Y0131521,6330,315,1193,398,56
2176,194,608,Sham19Y0131521,6366,654,1066,208,47
2176,554,1149,Shamela0021715,5601,523,700,139,29
2176,460,1149,Shamela0001727,1304,119,325,154,28
2176,460,1149,Shamela0009305,7,578,783,152,28
2176,554,1149,Sham19Y0122236,327,1075,1252,139,29
2176,554,1208,JK006838,139,921,1446,151,19
2176,524,1149,Shamela0005756,10030,970,1168,148,30
2176,879,1436,Shamela0005756,13780,556,872,161,31
2176,460,1149,Shamela0004473,1419,64,314,156,29
2176,554,1149,Shamela0005922,2239,1128,1306,137,29
2176,460,1149,Shamela0010826,86,145,350,152,28
2176,460,1149,ShamAY0033522,669,961,1211,155,28
2176,823,1211,Sham19Y0122406,3520,1,641,210,40
2176,460,1149,Shamela0012399,4008,410,618,151,28
2176,600,1139,ShamAY0033531,3480,886,1469,389,78
2176,600,1436,ShamAY0033531,4663,376,1089,489,68
2176,600,1337,Sham19Y0018106,2470,1,240,138,23
2176,554,1149,Sham19Y0018103,2349,633,810,139,29
2176,879,1436,Sham19Y0018103,3619,226,531,147,29
2176,460,1149,Shamela0096283,278,435,724,160,28
2176,554,1149,Sham19Y0014462,58,1153,1327,129,27
2176,460,1149,Sham19Y0006684,4099,878,1085,150,27
2176,554,1149,Masaha001864Vols,467,1154,1331,139,29
2176,1,241,Masaha001864Vols,4009,1350,1520,138,69
2176,241,452,Masaha001864Vols,4010,1,209,165,97
2176,452,1149,Masaha001864Vols,4515,241,642,169,24
2176,723,1120,Masaha001946Vols,1141,1,378,256,76
2176,554,1149,ShamAY0035884,295,207,383,137,29
2176,554,1139,Shamela0021479,36,1300,1469,128,27
2176,554,1149,Sham19Y0146127,2242,655,785,99,21
2176,723,1075,Shamela0011036,1921,515,874,274,92
2176,460,1149,Shamela0000551,2780,218,426,151,28
2176,460,1149,Sham19Y0017616,387,824,1117,175,30
2176,723,1110,ShamAY0035249,234,146,559,281,83
2176,554,1149,Shia002119Vols,3461,929,1108,136,29
2176,554,1534,Sham19Y0017063,1512,508,1517,559,54
2176,1096,1282,Sham19Y0017063,1513,1,294,106,47
2176,524,1149,Shamela0010803,89,36,245,143,28
2176,554,1149,Sham19Y0013605,2906,963,1140,139,29
2176,756,1443,Sham19Y0013605,4310,357,827,187,27
2177,514,784,Shamela0008176,7266,270,523,184,80
2177,184,344,Sham19Y0131521,6331,1172,1389,107,62
2177,184,381,Shamela0001727,1304,967,1331,109,39
2177,589,779,Shamela0005756,10024,947,1138,155,99
2177,184,372,Shamela0000894,5957,173,470,129,53
2177,589,1244,Shia001831Vols,461,1405,1654,200,37
2177,994,1581,Sham19Y0122406,3523,709,1488,201,25
2177,545,779,Shia003732Vols,634,551,807,164,73
2177,344,1072,Masaha001864Vols,4777,633,1393,583,94
2177,1,220,Shamela0011036,1921,1037,1210,126,72
2177,20,178,Shamela0012052,2303,627,766,105,79
2177,1,178,ShamAY0035249,234,619,757,111,77
2177,1327,1505,Sham19Y0122257,3271,141,567,118,33
2177,357,779,Sham19Y0122257,3272,678,1105,253,60
2177,812,1072,Sham19Y0017063,1504,1169,1337,133,62
2178,224,571,Shamela0004445,2641,1125,1436,105,34
2178,98,322,JK009242,259,503,696,87,42
2178,224,581,ShamAY0033975,748,758,1080,108,34
2178,214,581,Shamela0025794,2370,797,1133,120,36
2178,94,322,Shamela0001727,1305,816,1425,122,25
2178,771,899,Shamela0001727,1306,986,1118,101,96
2178,103,581,Shamela0026568,500,69,573,147,30
2178,8,1370,Shia001831Vols,462,168,646,332,30
2178,103,581,Shamela0023685,521,981,1480,135,29
2178,4,581,Sham19Y0122406,3524,1,874,240,32
2178,771,875,Sham19Y0122406,3525,988,1096,83,96
2178,214,581,Shamela0036446,1131,1186,1493,116,37
2178,214,581,Shamela0025800,3206,829,1157,119,37
2178,771,903,Sham19Y0020638,1076,813,951,100,88
2178,771,899,Masaha001864Vols,629,114,247,102,96
2178,1243,1495,Masaha001946Vols,104,928,1147,152,71
2178,771,899,Sham19Y0017616,392,120,252,101,96
2178,214,581,Sham19Y0013241,97,968,1294,118,36
2178,214,581,JK007065,827,338,647,104,35
2178,771,1255,Sham19Y0017063,1521,805,1544,348,57
2178,1255,1561,Sham19Y0017063,1522,16,319,243,98
2178,214,581,Sham19Y0148271,145,1131,1451,120,37
2178,1031,1205,Sham19Y0013605,36,1077,1276,113,68
2179,951,1107,Shamela0008203,171,775,962,124,82
2179,951,1099,ShamAY0034409,500,1101,1285,114,77
2179,669,869,Shamela0008176,7332,796,959,122,73
2179,951,1103,ShamAY0038637,82,1021,1163,105,84
2179,951,1099,Shia000841Vols,326,713,890,120,83
2179,951,1103,Sham19Y0131521,5629,262,451,120,78
2179,951,1103,Shamela0001727,1307,270,452,123,83
2179,913,1395,Shamela0026568,490,23,397,214,55
2179,951,1483,JK000786,2467,96,230,108,24
2179,869,1103,Sham19Y0127700,37,681,969,146,60
2179,951,1103,Shamela0012884,276,867,1047,115,77
2179,951,1103,Shamela0117359,967,916,1100,121,81
2179,951,1175,Sham19Y0014309,1286,547,783,135,65
2179,951,1103,Sham19Y0017903,896,170,352,123,83
2179,696,1432,Shia001831Vols,462,725,1107,271,45
2179,913,1395,Shamela0023685,511,1111,1485,214,55
2179,1023,1524,Sham19Y0122406,3528,1,485,278,58
2179,913,1524,Sham19Y0132524,2400,669,1280,305,48
2179,1158,1395,Shia003461Vols,983,621,801,135,70
2179,913,1103,Shamela0036446,1130,19,232,123,69
2179,951,1103,Shamela0025800,1126,1156,1338,123,83
2179,951,1182,Shamela0025800,3202,574,809,131,62
2179,951,1103,Sham19Y0017729,447,815,996,123,83
2179,951,1131,Sham19Y0020638,1077,5,219,126,68
2179,820,1126,Shamela0008476,189,401,673,143,51
2179,655,904,Masaha001864Vols,4131,1033,1277,198,97
2179,913,1395,Meshkat00042485,1138,1025,1373,187,44
2179,913,1103,Sham19Y0017616,391,236,479,138,71
2179,951,1103,JK007065,364,166,341,117,83
2179,1186,1529,Sham19Y0122257,2552,72,395,226,77
2179,669,869,Sham19Y0122257,3301,1039,1199,128,79
2179,951,1479,Sham19Y0014601,5423,562,1233,267,43
2179,1103,1284,Sham19Y0017063,1070,1438,1598,125,85
2179,1,415,Sham19Y0017063,1522,319,840,294,66
2179,913,1529,Shamela0000791,624,626,1192,378,76
2179,1137,1328,Sham19Y0013605,2906,280,454,134,85
2180,225,987,Shamela0008176,5549,633,1447,439,62
2180,1,399,Shamela0008176,5550,25,298,207,64
2180,395,644,Shamela0002569,121,710,923,155,75
2180,1,143,Shamela0002569,122,310,452,113,97
2180,944,1567,Sham19Y0131521,5508,849,1401,311,51
2180,1084,1562,Shamela0026568,490,611,954,261,66
2180,1205,1567,Shamela0000894,5590,1027,1237,154,50
2180,217,867,Shamela0001673,8904,524,1042,210,35
2180,1051,1334,Sham19Y0013253,803,453,676,126,55
2180,1247,1567,Shia001831Vols,462,1113,1457,260,93
2180,1084,1562,Shamela0023685,512,134,476,262,66
2180,30,840,Sham19Y0122406,3528,617,1453,436,57
2180,1027,1562,Sham19Y0122406,3529,822,1388,304,56
2180,1156,1562,Sham19Y0145212,3503,232,564,131,29
2180,1247,1562,Sham19Y0149697,3710,976,1234,176,66
2180,1334,1567,ShamAY0033531,2985,409,628,167,84
2180,1334,1567,ShamAY0033531,4168,70,289,167,84
2180,1334,1567,Shamela0009242,186,415,852,177,49
2180,1121,1567,Shamela0009242,640,27,317,224,62
2180,1094,1554,Sham19Y0122255,29,190,573,162,36
2180,413,867,Sham19Y0122257,2551,1077,1514,328,88
2180,37,384,Sham19Y0122257,2552,959,1204,191,68
2180,1056,1567,Sham19Y0014601,5343,606,937,244,59
2180,1,369,Shamela0000791,624,1192,1560,298,99
2181,791,1025,Shamela0007891,2259,1215,1456,174,91
2181,799,1566,Shamela0008176,7260,273,1451,380,35
2181,791,1021,ShamAY0038637,49,600,814,159,86
2181,811,1380,Shamela0002569,68,106,941,235,27
2181,788,1021,ShamAY0034447,1000,1148,1399,173,87
2181,791,1021,Shamela0025794,3912,110,750,175,34
2181,223,709,Shamela0001727,1307,1179,1473,80,14
2181,791,1021,Shamela0001727,1308,445,682,175,94
2181,791,1021,JK000916,871,245,535,174,76
2181,833,1021,Masaha003104,34,343,533,143,94
2181,799,1021,Shamela0003118,277,782,1003,139,76
2181,791,1021,Shamela0035100,641,965,1181,165,89
2181,296,1415,Shia001831Vols,463,1,751,473,49
2181,851,1021,JK000761,385,1,196,128,82
2181,837,1529,JK000201,4293,837,1543,441,67
2181,791,1015,Shamela0004289,1448,1055,1276,149,79
2181,820,1021,Shamela0023647,8,1,205,153,94
2181,820,1021,Shamela0009091,17,760,1009,151,75
2181,820,1021,Shamela0009091,19,100,349,151,75
2181,791,1021,Shamela0010906,638,1217,1433,165,89
2181,791,1043,Sham19Y0122406,3530,954,1212,185,91
2181,130,709,Sham19Y0122406,3530,23,284,112,21
2181,909,1030,Shamela0096239,40,6,122,90,95
2181,820,1380,Zaydiyya0000059,1597,360,663,145,32
2181,846,1021,Sham19Y0018144,2534,1,176,135,97
2181,791,1021,Sham19Y0018144,2544,1192,1414,166,87
2181,1190,1386,Sham19Y0018144,6245,1023,1217,156,97
2181,482,625,Sham19Y0018144,6252,437,584,115,94
2181,811,1021,Shamela0036446,1129,679,896,139,79
2181,820,1043,Shamela0025800,3199,600,872,155,71
2181,788,1021,ShamAY0034005,976,921,1155,168,86
2181,875,1021,Shamela0026484,433,1,151,112,94
2181,796,1021,Sham19Y0020638,1078,58,293,164,87
2181,791,1025,Masaha001864Vols,436,1173,1412,179,95
2181,909,1021,JK001211,24,965,1080,83,92
2181,820,1021,Shamela0000700,5,748,952,153,94
2181,796,996,Sham19Y0016976,1774,1146,1409,132,62
2181,820,1021,Sham19Y0017616,390,851,1072,153,88
2181,791,1021,Sham19Y0122255,45,909,1134,167,89
2181,946,1342,Masaha001863,66,377,605,159,50
2181,796,1021,JK007065,193,912,1115,152,84
2181,1025,1415,Sham19Y0122257,3269,761,1094,220,62
2181,788,1021,Shamela0030741,5,1003,1241,172,89
2181,796,983,Sham19Y0014119,620,1009,1240,131,70
2181,1006,1386,Sham19Y0014119,1535,1169,1561,286,89
2181,833,1566,Sham19Y0017063,1502,594,1342,378,51
2181,791,1021,Sham19Y0148271,290,1075,1299,168,91
2181,791,1021,Shamela0010803,75,930,1184,173,86
2182,161,571,ShamAY0035035,849,629,1019,174,45
2182,136,762,Shamela0008176,5571,1149,1381,118,25
2182,161,416,Shamela0008176,7261,620,832,120,55
2182,466,721,ShamAY0038637,40,660,998,98,27
2182,335,762,Shamela0002569,138,1,511,106,17
2182,953,1287,Shamela0021715,5590,641,762,45,15
2182,136,670,Shamela0001727,1309,139,1194,233,24
2182,561,762,Shamela0001727,1310,79,629,130,30
2182,136,460,Shamela0026568,490,987,1532,184,44
2182,237,670,Sham19Y0013572,740,56,632,149,24
2182,112,928,Shamela0035100,639,150,1207,317,35
2182,136,670,Shamela0004289,1450,318,827,140,22
2182,112,928,Shamela0010906,636,411,1468,316,35
2182,157,460,Shamela0023685,512,699,1049,161,50
2182,103,598,Sham19Y0122406,3532,295,1425,252,27
2182,598,1425,Sham19Y0122406,3533,1,1053,416,46
2182,308,721,Sham19Y0122406,3534,327,938,131,22
2182,456,721,Sham19Y0122406,3535,469,1099,179,36
2182,171,500,Sham19Y0145212,3506,498,724,126,47
2182,136,674,Sham19Y0132524,2403,22,1074,261,29
2182,953,1135,Sham19Y0018106,2466,932,1157,69,27
2182,471,762,Shia003461Vols,345,109,486,105,27
2182,136,713,Sham19Y0018144,2543,18,749,148,18
2182,171,762,Shamela0036446,1130,271,690,138,23
2182,466,721,JK008250Vols,1128,877,1134,99,34
2182,136,670,Shamela0025800,1117,711,1073,156,30
2182,561,762,Shamela0025800,3203,802,1319,88,19
2182,157,406,Shia003732Vols,3168,1215,1412,141,69
2182,145,322,Sham19Y0020638,1078,900,1186,99,46
2182,308,762,Sham19Y0020638,1079,145,1255,265,30
2182,171,322,Masaha001864Vols,4750,622,1149,51,10
2182,136,985,ShamAY0035884,351,175,1042,251,27
2182,136,660,Sham19Y0146127,2501,1,708,191,29
2182,18,590,Sham19Y0016976,1775,441,943,163,26
2182,214,416,Sham19Y0122255,69,278,418,109,69
2182,466,762,Sham19Y0122255,70,38,622,144,30
2182,136,670,JK007065,784,161,534,136,30
2182,13,131,Sham19Y0014119,1536,162,535,55,16
2182,1,420,Sham19Y0017063,1503,34,509,169,35
2182,906,1368,Shamela0000791,623,1,532,344,79
2183,261,524,ShamIbadiyya0000438,1005,934,1120,138,64
2183,84,261,ShamAY0035035,846,382,527,100,71
2183,77,256,Shamela0002569,160,413,531,76,54
2183,494,1112,Shamela0001727,1309,443,907,115,20
2183,77,250,Shamela0026568,491,1337,1493,118,83
2183,266,519,Shamela0026568,492,1,172,131,65
2183,84,223,Sham19Y0014309,1281,435,589,111,89
2183,743,1373,Shia001831Vols,463,1086,1381,198,38
2183,77,519,Shamela0023685,513,875,1203,251,70
2183,992,1430,Sham19Y0122406,3536,451,1054,110,15
2183,494,1041,Sham19Y0132524,2403,81,393,112,22
2183,77,250,Shia003732Vols,3169,322,499,119,75
2183,77,250,Sham19Y0018272,1786,1208,1365,117,83
2183,1435,1554,Masaha001864Vols,449,944,1428,62,14
2183,494,1112,Sham19Y0146127,2501,54,434,120,22
2183,1435,1554,Sham19Y0017616,390,211,739,77,17
2183,1435,1554,Sham19Y0014119,619,964,1152,62,42
2183,1435,1554,Sham19Y0017063,1499,377,630,64,32
2183,1435,1554,Shamela0008360,873,598,789,61,40
2183,72,250,Shamela0000791,623,503,680,136,96
2184,1352,1654,Shamela0008176,7310,888,1128,171,66
2184,1289,1659,Shamela0002569,755,930,1302,232,65
2184,101,730,Shamela0026568,56,608,1128,279,45
2184,916,1278,Shamela0026568,57,85,427,256,84
2184,566,916,Sham19Y0127700,427,396,710,154,47
2184,374,510,Shamela0005756,1568,17,163,107,89
2184,132,730,Masaha001961Vols,421,665,1134,247,43
2184,697,901,Shia001831Vols,464,1,177,134,81
2184,1339,1669,JK000201,4271,328,646,250,90
2184,101,505,JK000201,4291,998,1392,324,96
2184,1293,1669,Shamela0023628,1776,1059,1403,250,76
2184,1293,1669,ShamAY0034068,1122,57,308,165,48
2184,101,730,Shamela0023685,81,909,1429,280,45
2184,916,1278,Shamela0023685,82,379,727,255,82
2184,101,505,Sham19Y0018144,6201,965,1509,279,57
2184,635,901,Sham19Y0018144,6202,311,533,116,49
2184,598,901,Shia003732Vols,605,6,581,167,33
2184,180,901,Sham19Y0020638,1809,348,737,154,22
2184,374,505,Sham19Y0013637,91,139,279,103,90
2184,656,901,Masaha001864Vols,3996,973,1210,193,96
2184,1163,1302,Sham19Y0013252,6090,1205,1362,84,67
2184,117,505,Masaha001946Vols,989,1054,1350,211,63
2184,1293,1669,Shamela0037458,1709,705,1007,220,68
2184,1339,1654,Sham19Y0122257,3289,483,745,179,65
2184,648,892,Sham19Y0014119,1533,1426,1622,159,80
2184,1,901,Sham19Y0017063,1499,630,1094,226,28
2184,124,505,Sham19Y0013605,600,181,826,225,40
2185,127,313,Sham19Y0145166,193,1061,1288,126,63
2185,17,845,Shamela0008176,7310,1137,1431,200,29
2185,995,1239,Shamela0002569,17,261,486,114,49
2185,398,506,Shamela0002569,18,780,888,86,100
2185,1,208,Shamela0002569,755,1342,1572,168,90
2185,208,521,Shamela0002569,756,1,308,229,84
2185,1267,1388,ShamAY0034447,860,1,123,95,99
2185,1,119,Sham19Y0127660,661,197,315,95,100
2185,1185,1388,Shamela0001727,1312,376,614,117,61
2185,1258,1404,Sham19Y0013572,401,86,239,98,83
2185,1006,1560,Shia001831Vols,464,240,459,158,34
2185,1,855,JK000201,4271,646,1491,673,97
2185,1185,1388,Sham19Y0122406,3540,541,779,117,61
2185,398,506,Sham19Y0037618,6223,846,954,86,100
2185,334,514,Shia003732Vols,764,903,1126,120,58
2185,8,529,Shia003732Vols,5596,530,1127,350,62
2185,111,290,Shamela0021766,2066,809,995,137,88
2185,8,548,Shamela0021766,2067,602,955,170,34
2185,1,290,Masaha001946Vols,861,192,534,191,62
2185,1258,1404,JK007065,391,1229,1382,102,84
2185,17,845,Sham19Y0122257,3289,775,1071,198,29
2185,1,813,Sham19Y0017063,1516,269,748,267,37
2185,1,111,Sham19Y0150962,1641,1430,1544,88,96
2186,450,726,Shamela0004445,1240,38,393,185,60
2186,196,712,ShamAY0034441,186,493,656,105,26
2186,196,726,Shamela0022712,199,750,1127,222,47
2186,1205,1420,Shamela0008176,7248,1120,1343,146,83
2186,762,869,ShamAY0038637,23,1099,1206,85,100
2186,346,736,Shamela0023833,324,200,674,244,64
2186,762,869,Shamela0001727,1313,284,391,85,100
2186,468,671,Shamela0023700,1112,110,410,151,63
2186,196,726,Shamela0023700,2635,610,1084,248,47
2186,346,736,Masaha002028Vols,829,122,577,242,64
2186,1217,1377,Sham19Y0127700,6,643,854,112,67
2186,346,658,Shamela0005756,10329,29,282,166,62
2186,200,671,Shamela0001673,3704,890,1201,127,33
2186,1,280,Shia001831Vols,464,459,722,169,72
2186,1205,1372,Shamela0009702,20,365,537,96,70
2186,762,869,Sham19Y0122406,3541,1155,1262,85,100
2186,185,623,Shamela0012129,27,1266,1475,113,32
2186,6,280,Sham19Y0132524,2413,577,867,99,35
2186,762,869,Sham19Y0132524,2414,546,653,85,100
2186,468,726,Shamela0009770,286,337,651,179,68
2186,229,688,JK000533,1188,459,961,138,23
2186,762,869,Shamela0025800,3194,1255,1366,85,96
2186,460,712,Shamela0025800,3795,357,687,182,68
2186,357,591,JK000778,449,916,1455,166,39
2186,196,721,JK000778,1148,177,639,251,49
2186,460,721,Shia003732Vols,1235,442,777,174,62
2186,1250,1412,Zaydiyya0000037Vols,93,102,236,99,75
2186,175,726,Shamela0021525,521,552,1095,236,41
2186,196,671,ShamAY0007299,2889,1307,1501,121,32
2186,357,721,ShamAY0007299,4775,1160,1468,192,62
2186,762,869,ShamAY0033620,14,1222,1329,85,100
2186,357,721,Sham19Y0132971,70,9,353,184,55
2186,762,869,JK007065,1179,517,624,85,100
2186,1158,1420,Sham19Y0122257,3261,69,335,181,85
2186,1236,1476,Sham19Y0017063,1498,1,235,185,95
2186,1007,1193,Sham19Y0017063,1516,984,1191,136,81
2186,196,726,ShamIbadiyya0000248,353,290,742,254,54
2187,142,1105,Shamela0008176,7250,244,1233,342,32
2187,142,1406,Shia001831Vols,464,798,1504,438,41
2187,142,425,JK000201,3542,1249,1537,228,97
2187,5,118,JK000201,3542,481,594,89,100
2187,425,1089,JK000201,3543,1,806,323,40
2187,30,395,Shamela0023645,123,1192,1465,171,57
2187,142,676,Sham19Y0122406,3543,669,1078,232,50
2187,1163,1611,Masaha001864Vols,427,81,402,143,32
2187,142,652,Masaha001946Vols,976,647,973,220,53
2187,870,1466,Masaha001946Vols,977,10,481,197,37
2187,196,620,Sham19Y0122255,415,746,1134,207,57
2187,1160,1579,Sham19Y0122255,416,824,1297,118,22
2187,1,395,Sham19Y0017063,1498,235,650,310,93
2188,826,1174,ShamAY0034014,2,655,967,181,62
2188,826,1174,Shamela0012415,398,258,597,184,59
2188,826,1174,JK000502,3,888,1221,175,56
2188,977,1174,Sham19Y0019188,2985,919,1117,147,94
2188,826,1174,JK000977,6,61,307,163,56
2188,826,1174,Shamela0001719,3206,480,797,186,65
2188,1001,1174,Shamela0021809,1565,1,147,110,82
2188,810,1174,Shamela0001727,1315,325,875,202,42
2188,1001,1174,Sham19Y0014442,3117,1129,1299,125,92
2188,977,1174,Shamela0022593,518,1189,1381,143,93
2188,977,1174,Shamela0009810,11,117,315,149,96
2188,826,1174,Shamela0009810,954,691,1032,186,60
2188,826,1174,ShamAY0033910,1120,475,787,185,65
2188,986,1174,ShamAY0033910,1124,1,190,143,96
2188,996,1174,Sham19Y0039268,97,1,181,130,89
2188,826,1174,Shia001731Vols,4,35,376,186,60
2188,826,1174,Shia001731Vols,529,68,409,186,60
2188,982,1174,Shamela0008657,610,423,613,135,87
2188,826,1174,JK000130,1121,499,810,184,65
2188,982,1174,JK000130,1125,6,198,145,96
2188,18,482,Sham19Y0122096,1198,1008,1339,146,37
2188,826,1174,JK000271,223,783,1131,186,58
2188,977,1174,Sham19Y0017903,722,1040,1245,148,93
2188,958,1168,Shamela0026842,16,1282,1523,142,76
2188,826,1504,Sham19Y0122406,3547,42,747,265,39
2188,826,1174,Sham19Y0016946,349,198,495,170,59
2188,977,1149,Sham19Y0132524,2421,1312,1491,132,94
2188,1001,1174,Sham19Y0149697,8452,98,268,125,92
2188,962,1374,ShamAY0035990,197,1065,1340,180,49
2188,977,1174,Sham19Y0017729,386,717,922,147,92
2188,982,1174,Shia003732Vols,3862,54,250,140,90
2188,826,1174,ShamAY0034005,887,668,968,186,66
2188,826,1174,Shamela0027247,45,822,1163,186,60
2188,826,1174,Sham19Y0020638,1086,839,1188,186,58
2188,1016,1174,JK000216,75,1,160,116,93
2188,174,331,Masaha001864Vols,4192,1360,1517,127,100
2188,1,174,Masaha001864Vols,4192,119,671,101,21
2188,331,810,Masaha001864Vols,4193,1,482,386,99
2188,977,1174,Shamela0012981,320,694,889,134,87
2188,826,1174,JK000475,1223,992,1341,185,58
2188,826,1174,JK000475,2349,397,746,181,57
2188,810,1174,Sham19Y0016555,857,48,509,198,48
2188,826,1174,Sham19Y0016772,1589,1050,1383,175,54
2188,977,1174,Shamela0008463,2855,30,228,147,94
2188,826,1174,Sham19Y0146127,1950,1096,1413,176,59
2188,174,502,Shamela0021654,212,75,407,262,96
2188,826,1174,Tafsir02100,41,328,678,182,57
2188,845,1518,Shamela0009242,3885,361,863,213,32
2188,826,1174,Sham19Y0017616,397,183,532,189,59
2188,826,1174,Shamela0000782,484,387,736,186,58
2188,958,1174,ShamAY0035220,565,67,292,154,85
2188,982,1174,Shamela0021731,689,769,946,131,87
2188,855,1550,Sham19Y0017063,682,420,846,322,55
2188,826,1174,Sham19Y0148271,927,185,489,163,55
2189,910,1338,Shamela0008176,3888,322,716,230,64
2189,475,822,Sham19Y0131521,5024,505,718,149,53
2189,1,137,Sham19Y0131521,5025,479,618,95,83
2189,430,814,Shamela0021715,3829,564,820,190,60
2189,1071,1515,Shamela0001727,1315,865,1349,150,29
2189,430,731,Shamela0005756,7764,867,1101,180,73
2189,511,1420,Sham19Y0122406,3548,229,1084,430,47
2189,1094,1354,Sham19Y0132524,2423,449,822,155,47
2189,422,910,Sham19Y0037618,7436,929,1406,370,93
2189,358,926,ShamAY0035990,198,1,238,165,35
2189,610,914,Masaha001864Vols,3465,792,1332,197,44
2189,430,731,Sham19Y0013252,4340,1293,1547,160,61
2189,910,1338,Sham19Y0122257,1829,975,1386,235,65
2189,430,1263,Shamela0000791,5,1015,1526,385,57
2189,1263,1420,Shamela0000791,6,1,157,125,99
2190,38,152,Sham19Y0020594,306,422,536,85,95
2190,941,1538,Sham19Y0131521,6140,406,888,316,61
2190,38,152,Shamela0001727,1315,997,1110,86,96
2190,269,746,Shamela0005756,975,421,607,129,33
2190,955,1117,Shamela0001673,11361,205,582,80,25
2190,46,152,Sham19Y0122406,3548,1170,1276,83,100
2190,507,1053,Sham19Y0132524,2431,132,576,185,34
2190,38,194,Sham19Y0018144,6265,74,278,104,65
2190,38,455,ShamAY0035950,768,819,1021,132,41
2190,38,152,ShamAY0035950,778,37,151,85,95
2190,38,862,Masaha001864Vols,4177,101,769,438,62
2190,46,470,Masaha001864Vols,5392,1009,1543,281,59
2190,152,730,Masaha001864Vols,5456,45,449,313,67
2190,1121,1538,Shamela0009242,3650,144,424,174,51
2191,1,111,Sham19Y0131521,6140,888,998,86,99
2191,1027,1227,Shia002069Vols,415,588,820,137,69
2191,1022,1227,Sham19Y0017903,55,1225,1428,150,87
2191,517,1075,Shamela0000140,809,34,684,287,45
2191,1010,1514,Shamela0004289,221,70,761,194,26
2191,1022,1227,JK000657,56,526,778,150,71
2191,1022,1227,Sham19Y0001734,52,470,725,146,69
2191,1022,1227,Sham19Y0018144,2553,272,499,150,79
2191,614,884,Sham19Y0018144,6267,1247,1595,167,54
2191,1022,1227,Sham19Y0020638,1088,113,316,150,87
2191,1,1017,Masaha001864Vols,5456,515,1516,787,95
2191,1022,1227,Shamela0010835,144,391,647,150,70
2191,1027,1227,Sham19Y0148271,135,752,1101,144,50
2191,1182,1313,Sham19Y0013605,387,1384,1520,98,91
2191,1022,1227,Shamela0030592Vols,142,771,1008,150,75
2192,250,970,Shamela0007798,3538,414,776,193,34
2192,301,974,Shamela0007891,2298,22,396,200,37
2192,368,970,JK000435,100,528,908,165,31
2192,250,963,Shamela0005610,237,251,729,211,34
2192,364,970,Shamela0001727,1318,12,407,199,36
2192,151,970,ShamAY0038636,23,319,897,250,35
2192,812,970,JK009266,3359,78,267,107,72
2192,427,970,Sham19Y0013572,663,352,676,147,30
2192,820,963,Sham19Y0023644,2014,644,814,101,75
2192,820,970,Kraken230106005528,119,955,1152,98,61
2192,812,970,Sham19Y0014309,374,1202,1387,111,75
2192,250,963,JK000785,2736,574,1053,212,34
2192,583,1058,Shia001831Vols,465,566,741,117,31
2192,427,970,Shamela0023628,1094,255,574,137,28
2192,812,970,Sham19Y0122406,3552,96,290,110,71
2192,835,963,JK009324,3416,1,151,97,81
2192,151,970,Sham19Y0018144,2553,287,843,250,36
2192,427,970,Shamela0036446,922,56,375,141,28
2192,427,970,Shamela0025800,315,976,1291,140,29
2192,427,970,Sham19Y0150960,1318,131,445,138,28
2192,151,1210,Sham19Y0020638,1088,12,1099,275,22
2192,151,970,Shamela0010835,144,406,1008,243,33
2192,250,970,Rafed0003902Vols,1788,138,664,229,36
2192,151,970,Shamela0030592Vols,142,786,1369,245,33
2193,572,1079,Sham19Y0017878,457,53,569,217,44
2193,674,953,Sham19Y0014579,765,884,1142,153,55
2193,567,841,Shamela0001727,1319,593,1162,192,42
2193,702,921,Zaydiyya0000153,85,285,741,138,38
2193,604,1283,Shamela0000894,390,720,1463,230,27
2193,1289,1503,Shamela0000894,391,698,913,172,99
2193,668,925,Shamela0006947,12620,602,1103,177,45
2193,604,841,Shamela0022868,168,338,552,110,47
2193,674,1079,Masaha004768Vols,1555,650,1395,208,34
2193,604,1244,Shamela0004289,212,74,841,195,23
2193,410,841,Sham19Y0122406,3555,1,755,244,39
2193,770,921,Sham19Y0132524,2433,468,1056,100,21
2193,567,1338,Sham19Y0014218,151,397,1480,444,45
2193,1338,1503,Sham19Y0014218,152,1,182,126,86
2193,702,953,Kraken230110004547,686,423,896,173,46
2193,604,921,Shamela0025800,3467,27,699,196,35
2193,683,841,Shia001368,281,257,440,106,69
2193,702,1492,Sham19Y0018272,830,39,414,285,45
2193,733,992,Sham19Y0020638,1090,6,605,180,38
2193,765,992,Sham19Y0095660,2126,1,491,140,37
2193,953,1503,Sham19Y0095660,2126,968,1371,314,70
2193,683,841,Shia001626Vols,394,163,346,106,69
2193,604,841,Sham19Y0017616,398,434,763,128,42
2193,604,1079,Tafsir07076,2574,459,1162,241,40
2194,770,1197,Shamela0025794,1765,351,478,93,28
2194,770,1197,Shamela0025794,1874,968,1095,93,28
2194,720,969,Shamela0001727,1320,520,921,191,60
2194,739,969,Sham19Y0127677,12934,1,251,175,88
2194,734,973,Shamela0004473,15338,1157,1417,181,88
2194,26,1247,Shia001831Vols,465,1015,1470,304,30
2194,809,1203,Shamela0010527,1325,117,397,132,41
2194,573,765,Sham19Y0122406,3556,1329,1513,74,46
2194,734,1191,Sham19Y0122406,3557,89,667,291,56
2194,809,1467,Sham19Y0013631,731,667,965,186,34
2194,720,1191,Sham19Y0018144,6276,569,805,58,11
2194,739,1191,Shamela0025800,2356,604,1112,181,39
2194,743,1251,Sham19Y0017791,2081,162,629,174,32
2194,720,1263,Masaha001864Vols,5548,1062,1538,363,84
2194,1263,1587,Masaha001864Vols,5549,1,327,262,98
2194,809,1467,Shamela0011036,1865,8,800,309,41
2194,739,1091,Sham19Y0017616,398,814,1101,167,51
2195,152,383,Shamela0007891,2249,38,194,126,67
2195,853,1113,Shamela0000767,3284,589,789,115,55
2195,152,387,Shamela0025794,1515,1310,1471,128,67
2195,152,514,Sham19Y0131521,6185,541,965,222,58
2195,120,236,Shamela0001727,1320,921,1160,92,47
2195,152,953,Shamela0001727,1321,92,447,196,27
2195,853,1562,Shamela0001727,1321,875,1417,195,27
2195,246,383,JK000916,18743,1278,1414,110,99
2195,246,383,Shamela0000432,6159,393,531,110,98
2195,152,387,Shia002069Vols,799,206,343,95,49
2195,1205,1457,JK007099,451,208,701,150,39
2195,872,1116,Sham19Y0013572,889,412,707,94,28
2195,152,383,Sham19Y0013572,954,926,1261,184,67
2195,321,606,Sham19Y0127677,6728,1114,1390,207,88
2195,1057,1196,Sham19Y0127677,8006,127,303,109,78
2195,161,408,MMS00013,2899,403,654,183,90
2195,872,1557,Shia001831Vols,466,383,837,318,58
2195,152,383,Shamela0004289,1474,1252,1408,126,67
2195,152,387,Shia001878,26,523,682,125,66
2195,120,338,Sham19Y0122406,3557,858,1459,159,33
2195,152,953,Sham19Y0122406,3558,993,1348,196,27
2195,853,1316,Sham19Y0122406,3559,980,1480,161,31
2195,1264,1562,Sham19Y0122406,3560,4,350,184,64
2195,872,1316,Shia002265Vols,3677,972,1228,140,39
2195,152,383,Sham19Y0145212,3461,422,550,98,52
2195,152,383,Sham19Y0001734,2285,1099,1259,125,65
2195,109,383,Sham19Y0132524,2438,343,612,155,55
2195,152,383,Sham19Y0018144,2575,949,1156,125,54
2195,1201,1524,Sham19Y0018103,2301,50,604,198,43
2195,171,383,Sham19Y0147597,1690,104,481,169,55
2195,152,383,ShamAY0034005,969,1096,1247,122,65
2195,152,953,Sham19Y0020638,1090,983,1437,244,31
2195,1057,1320,Sham19Y0020638,1091,320,572,140,65
2195,246,387,JK007116,67,867,1009,104,88
2195,383,774,Shamela0011036,1692,222,1189,238,28
2195,1219,1511,Shamela0011036,2088,161,456,151,54
2195,152,383,Sham19Y0016976,1740,382,510,98,52
2195,120,1316,Sham19Y0017616,404,365,1079,322,31
2195,872,1113,JK007065,867,222,775,101,18
2195,152,387,JK007065,916,196,809,180,36
2195,152,383,Sham19Y0122257,3224,446,574,98,52
2195,152,387,Sham19Y0014119,612,929,1061,98,52
2195,152,443,Sham19Y0017063,1482,1224,1476,128,45
2195,152,383,Sham19Y0148271,1534,1302,1456,124,66
2195,135,383,Shamela0008360,863,556,712,104,50
2195,1201,1399,Sham19Y0013605,2856,941,1556,136,27
2196,536,914,JK001472,67,793,1173,156,38
2196,71,966,Shamela0008176,6048,656,1089,237,30
2196,1159,1438,Shia002616Vols,6909,902,1186,222,92
2196,129,392,Shamela0026435,6,7,339,150,52
2196,1264,1438,Sham19Y0127660,1641,1,184,145,95
2196,1159,1451,Sham19Y0014592,3290,890,1182,240,99
2196,6,301,Sham19Y0013253,805,93,408,104,28
2196,19,564,JK000201,4051,413,983,388,77
2196,11,392,Sham19Y0016928,33,726,1485,248,40
2196,33,564,Shamela0009823,228,783,1040,102,20
2196,109,459,Masaha001864Vols,5043,1286,1588,228,77
2196,11,572,Tafsir06049,1929,1417,1571,110,25
2196,181,1041,Sham19Y0122257,2763,296,727,236,30
2196,1112,1416,Sham19Y0122257,3206,932,1233,173,58
2196,1068,1433,Sham19Y0014119,1522,363,773,261,76
2196,1088,1534,Sham19Y0017063,1471,1014,1561,321,66
2196,11,517,Sham19Y0017063,1471,626,1081,196,37
2196,1,377,ShamAY0035288,336,1107,1567,291,77
2197,1134,1281,ShamAY0034227,4244,497,644,114,97
2197,129,334,Sham19Y0148486,4750,46,346,134,52
2197,129,334,Shamela0003485,316,441,687,109,45
2197,334,923,Shamela0008176,7134,57,513,252,44
2197,29,350,Sham19Y0013614,778,780,1335,160,36
2197,148,334,Shamela0001727,1323,1,275,134,60
2197,129,334,Shamela0000432,4450,388,681,146,60
2197,350,570,Shamela0000432,4451,287,404,85,46
2197,1081,1353,Shamela0000432,4451,467,799,203,73
2197,129,334,Sham19Y0013572,1203,27,326,149,61
2197,129,334,Shia004456Vols,1303,196,494,149,61
2197,129,279,Sham19Y0023644,292,627,756,100,84
2197,1134,1281,Shamela0021614,3163,508,657,112,94
2197,29,539,Sham19Y0013253,806,880,1548,266,48
2197,334,1576,JK000201,3878,70,990,730,71
2197,129,334,Shamela0004289,1471,898,1203,149,61
2197,129,279,Sham19Y0122406,3564,1200,1351,115,91
2197,148,539,Sham19Y0122406,3565,390,790,227,66
2197,1134,1281,Sham19Y0149697,7526,119,263,110,92
2197,133,334,Kraken230110004547,569,959,1242,137,58
2197,129,334,Sham19Y0018144,2561,425,722,149,61
2197,29,334,Shamela0036446,1072,370,752,152,48
2197,29,334,Shamela0025800,3013,576,982,166,50
2197,129,350,Sham19Y0017791,1918,328,710,127,40
2197,148,334,Zaydiyya0000454,127,16,280,125,57
2197,129,350,Shamela0021766,2826,531,896,122,39
2197,1081,1303,Sham19Y0013252,5823,678,886,152,85
2197,129,350,Sham19Y0016976,1724,987,1369,127,40
2197,129,334,Sham19Y0017616,399,1024,1332,149,59
2197,129,334,Shia002406Vols,2732,98,396,147,60
2197,129,334,JK007065,1002,561,845,139,58
2197,291,570,Sham19Y0122257,3207,113,303,136,60
2197,29,350,Sham19Y0014119,608,616,1092,164,40
2197,129,350,Sham19Y0017063,1472,51,425,125,39
2197,29,350,Shamela0008360,859,627,1112,152,37
2198,902,1309,Sham19Y0148486,8074,163,316,82,24
2198,89,323,Shamela0008176,7135,286,448,114,61
2198,554,802,Sham19Y0131521,3125,329,585,181,81
2198,365,544,Shamela0000432,4451,840,1020,135,91
2198,1079,1380,Sham19Y0127677,9305,646,909,166,58
2198,483,739,Shamela0001673,5245,774,1417,150,29
2198,362,649,Shia001831Vols,466,1124,1285,119,50
2198,1,248,JK000201,3878,990,1126,107,54
2198,1114,1482,Sham19Y0013785,1394,278,654,294,96
2198,101,514,Sham19Y0122406,3567,580,891,160,45
2198,1093,1471,Sham19Y0122406,3568,895,1255,216,68
2198,1079,1455,Sham19Y0132524,2447,885,1553,176,27
2198,859,1207,Sham19Y0018144,6278,1394,1565,124,43
2198,1207,1482,Sham19Y0018144,6279,1,284,221,96
2198,1079,1537,ShamAY0033595,5,75,404,172,44
2198,365,730,Shamela0009823,226,593,941,150,41
2198,89,349,Sham19Y0122257,3207,659,867,123,55
2198,859,1125,Sham19Y0017063,1472,1426,1569,107,49
2198,69,328,Sham19Y0013605,2800,744,890,109,53
2199,781,1396,Shamela0008176,7146,94,625,301,54
2199,474,733,Shamela0005756,1900,150,424,142,58
2199,29,733,Shia001831Vols,467,256,601,244,42
2199,229,704,Sham19Y0122406,3570,953,1408,103,20
2199,1325,1540,Shamela0012824,25,1032,1223,130,75
2199,29,870,Sham19Y0013252,1106,522,1192,287,38
2199,781,1396,Sham19Y0122257,3211,615,1054,314,62
2200,1,374,Sham19Y0014404,371,900,1268,259,84
2200,6,355,Shamela0004445,466,1097,1440,233,79
2200,6,407,Sham19Y0145435,5025,513,913,254,73
2200,48,355,Sham19Y0016584,1195,318,621,222,89
2200,6,172,Sham19Y0016584,2522,1393,1525,102,79
2200,172,407,Sham19Y0016584,2523,1,266,160,74
2200,1,263,JK009390,283,1179,1433,193,93
2200,738,1519,Shamela0008176,7158,232,1446,519,50
2200,6,407,Shia002616Vols,2115,782,1155,282,89
2200,6,211,ShamAY0034073,4145,1291,1463,126,77
2200,20,355,Shamela0012293,837,610,938,227,84
2200,6,305,Sham19Y0127656,176,1194,1475,208,87
2200,6,355,Sham19Y0127656,410,48,365,225,79
2200,127,359,JK000110,320,1,238,168,88
2200,6,341,JK000110,864,1133,1447,226,81
2200,20,355,Shamela0005610,181,1,323,248,94
2200,106,355,Shamela0025794,1420,1,249,188,94
2200,6,355,Shamela0021715,2205,893,1228,247,87
2200,6,407,Shamela0021715,5404,229,626,261,75
2200,6,355,Sham19Y0016684,537,1118,1453,247,87
2200,6,355,Sham19Y0016684,1327,406,734,238,82
2200,6,355,Shamela0009270,486,353,712,253,89
2200,6,474,Shamela0001727,1324,713,1327,345,71
2200,6,355,Shamela0006446,92,326,660,252,90
2200,1,378,JK000916,24183,113,499,273,89
2200,6,407,JK009266,3103,431,804,280,88
2200,6,155,Shamela0000432,4452,1351,1500,115,99
2200,155,359,Shamela0000432,4453,1,199,151,94
2200,1,359,Shamela0003118,6949,1100,1459,267,93
2200,6,474,Zaydiyya0000153,208,695,1056,268,72
2200,6,359,Sham19Y0122401,1450,976,1199,153,51
2200,6,355,Shia001960,214,623,1003,254,85
2200,6,367,Sham19Y0013572,1031,1123,1477,270,93
2200,101,355,ShamAY0033910,440,1,255,190,94
2200,6,355,Shamela0005756,5080,1037,1372,247,87
2200,6,474,Shamela0005756,5081,1072,1281,132,34
2200,6,355,Shamela0005756,9795,1166,1494,238,82
2200,633,1022,Shamela0005756,9796,963,1392,234,63
2200,1,355,Sham19Y0127677,323,850,1163,240,85
2200,374,738,Sham19Y0127677,7254,562,996,181,48
2200,1,355,Rafed0001826,182,923,1270,242,80
2200,1,474,MMS00013,2748,497,1268,251,35
2200,1,355,JK000785,2680,632,973,263,94
2200,6,355,JK000130,441,130,482,261,92
2200,6,172,Shia003721Vols,386,1342,1481,102,76
2200,172,474,Shia003721Vols,387,1,619,203,40
2200,1,479,Shamela0023628,991,868,1311,329,86
2200,738,938,Shamela0023628,992,572,875,156,63
2200,6,159,ShamAY0034068,2845,1359,1477,87,70
2200,20,355,Shamela0004482,716,1009,1418,205,56
2200,1,355,Shamela0001975,139,564,876,240,85
2200,6,474,Sham19Y0122406,3571,223,1115,349,49
2200,1,355,Shia002265Vols,3679,353,666,240,85
2200,1,474,Shia002265Vols,3681,597,948,114,25
2200,1,359,JK009324,930,1138,1477,248,87
2200,738,932,Sham19Y0145212,3455,135,429,116,44
2200,6,367,Sham19Y0016928,23,272,639,260,87
2200,6,407,Shamela0037837,299,1,487,270,69
2200,1,355,Sham19Y0016946,200,881,1215,251,89
2200,6,321,Sham19Y0132524,2472,1137,1446,239,97
2200,321,474,Sham19Y0132524,2473,1,298,97,41
2200,172,355,Sham19Y0132524,2474,545,1381,119,18
2200,1,192,Shamela0001438,633,1391,1580,142,95
2200,192,355,Shamela0001438,634,1,124,98,74
2200,6,388,Kraken230110004547,399,507,876,252,81
2200,6,355,Sham19Y0018106,1068,276,611,247,87
2200,6,407,Sham19Y0018106,2390,1005,1402,262,76
2200,1,430,Sham19Y0018144,2570,934,1420,306,78
2200,1,430,Shamela0036446,1121,1061,1475,266,75
2200,6,359,Shamela0010283,2530,940,1279,247,87
2200,6,359,Sham19Y0018103,1134,584,923,247,87
2200,6,407,Sham19Y0018103,2276,546,943,262,76
2200,6,305,Shamela0013084,296,1183,1478,198,76
2200,1,479,Shamela0025800,2344,35,500,313,81
2200,6,407,Shamela0096283,123,295,704,265,78
2200,1,355,Shamela0021659,120,1045,1357,240,85
2200,1,211,JK000917,682,972,1150,128,76
2200,6,355,JK003501,102,258,644,246,79
2200,1,355,Zaydiyya0000454,131,30,346,230,80
2200,6,474,Sham19Y0020638,1094,666,1133,343,89
2200,6,355,Sham19Y0013252,2619,1052,1387,247,87
2200,6,421,Sham19Y0013252,2620,49,592,186,34
2200,6,407,Sham19Y0013252,5926,825,1222,262,76
2200,6,359,Masaha004661,5,618,963,238,81
2200,1,474,JK007065,966,119,620,339,82
2200,60,355,Sham19Y0018176,569,1,292,212,88
2200,6,430,Sham19Y0018176,1260,915,1341,277,75
2200,602,822,Sham19Y0122257,3216,1308,1501,149,82
2200,822,1519,Sham19Y0122257,3217,1,605,471,83
2200,6,355,ShamAY0033632,148,561,905,254,92
2200,655,1395,Sham19Y0017063,1478,1,393,309,51
2200,6,479,ShamAY0033760,96,639,1089,324,83
2200,6,355,Sham19Y0013605,1582,540,875,247,87
2200,738,1013,Sham19Y0013605,1584,45,249,160,70
2200,39,407,Sham19Y0013605,2833,505,879,244,76
2201,769,916,Sham19Y0014404,1090,538,704,111,85
2201,764,1059,Shamela0004445,6975,768,1087,174,68
2201,673,950,JK000021,196,976,1204,155,67
2201,764,916,Shamela0007891,2592,829,1004,110,81
2201,950,1085,Shamela0007891,2593,181,316,101,94
2201,764,1059,Shamela0011818,198,651,969,176,67
2201,692,964,Sham19Y0013667,5679,174,413,141,59
2201,950,1079,Sham19Y0013667,5680,1028,1156,97,95
2201,692,964,Sham19Y0013667,5681,787,993,142,66
2201,677,964,JK009390,2522,410,637,146,63
2201,113,503,Shamela0008176,7159,1,255,192,60
2201,950,1079,Shia002616Vols,5428,1160,1288,97,95
2201,673,1031,ShamAY0034073,4384,846,1268,194,50
2201,673,1079,Sham19Y0127656,411,192,643,201,50
2201,960,1309,Shamela0009918,736,1195,1565,150,38
2201,673,964,JK000110,867,237,485,156,63
2201,673,950,Masaha003955Vols,425,576,789,157,70
2201,692,1543,Sham19Y0131521,6182,546,1385,348,37
2201,788,1091,Shamela0021715,3909,350,627,146,47
2201,673,964,Shamela0021715,5418,1023,1270,155,63
2201,673,1056,Shamela0021715,7044,395,681,141,46
2201,950,1079,Shamela0009270,159,595,723,97,95
2201,673,964,Shamela0001727,1325,981,1268,157,56
2201,950,1079,Shamela0001727,1326,432,560,97,95
2201,960,1079,Sham19Y0014045,241,504,623,92,97
2201,764,1079,JK000916,24111,384,638,131,44
2201,950,1079,JK006838,1299,525,653,97,95
2201,950,1079,Shamela0000432,4956,1013,1141,97,95
2201,673,1079,Shamela0003118,6919,204,578,187,47
2201,950,1079,Shia002069Vols,722,697,835,94,86
2201,673,1022,Sham19Y0013572,935,300,619,186,58
2201,1085,1341,Shamela0005756,9777,236,530,213,87
2201,673,964,Shamela0005756,9813,65,312,155,63
2201,673,1005,Sham19Y0023644,505,22,280,168,60
2201,692,964,Sham19Y0127677,2406,719,916,131,62
2201,788,886,Shamela0001673,5314,1122,1220,76,100
2201,673,922,Shamela0004473,15878,1279,1481,131,61
2201,950,1079,Shamela0005922,1415,1304,1434,95,91
2201,773,950,Shamela0005922,1416,12,190,125,89
2201,764,916,Shamela0022547,2436,963,1158,110,73
2201,406,964,Sham19Y0013253,809,687,1372,210,29
2201,1255,1543,Shia001831Vols,468,275,485,163,71
2201,950,1085,Shamela0029863,17,117,262,100,86
2201,1255,1500,JK000201,3946,1228,1454,177,91
2201,950,1079,Shamela0004289,1073,1005,1145,97,87
2201,692,1079,Shamela0004289,1474,424,818,211,58
2201,54,557,Shamela0023628,992,163,612,341,83
2201,764,916,Shamela0023628,2711,924,1099,110,81
2201,692,964,Shamela0001975,1001,140,364,140,61
2201,950,1085,Shamela0009702,470,514,643,98,91
2201,773,1195,Sham19Y0122406,3576,367,1502,271,28
2201,692,1022,Shia002265Vols,3679,1028,1391,180,54
2201,673,1079,Shamela0037837,1026,976,1368,171,44
2201,756,1099,Shamela0010463,156,464,901,176,45
2201,673,900,Sham19Y0001734,2759,1229,1462,121,65
2201,692,886,Sham19Y0132524,2481,1257,1391,91,58
2201,852,964,Sham19Y0132524,2482,876,1168,77,33
2201,692,964,Shamela0001438,2836,504,709,140,65
2201,673,1328,Sham19Y0018106,2396,275,725,196,31
2201,673,964,Sham19Y0018144,2566,577,853,152,57
2201,673,964,Shamela0036446,1122,397,640,151,61
2201,673,932,Sham19Y0018103,2281,1202,1419,141,63
2201,673,964,Shamela0025800,2343,107,351,154,62
2201,764,1074,Shia003732Vols,4634,50,245,130,52
2201,692,964,Shamela0021659,1381,896,1101,139,65
2201,950,1079,ShamAY0034005,1218,1075,1203,97,95
2201,673,964,Sham19Y0020638,1095,619,894,157,58
2201,692,886,Sham19Y0013637,60,138,271,91,59
2201,950,1079,Shamela0009082,773,623,750,95,93
2201,769,916,Shamela0012981,1892,1,169,112,85
2201,673,964,JK000475,2462,193,434,156,64
2201,673,950,Sham19Y0013252,5934,608,843,154,65
2201,783,1430,ShamAY0035961,216,448,704,171,32
2201,673,964,Tafsir02100,154,1026,1267,157,65
2201,673,950,JK000949,7,737,979,155,65
2201,673,945,Shamela0000347,1168,696,846,94,41
2201,673,964,Sham19Y0017616,403,51,326,157,58
2201,773,964,Sham19Y0013241,1863,872,1056,127,85
2201,764,916,Shamela0000041,1926,968,1145,111,81
2201,673,922,Shamela0007318,25,948,1250,135,48
2201,673,922,Shamela0006463,56,328,656,139,46
2201,950,1085,Shamela0029704,14,464,598,102,95
2201,673,886,JK007065,897,1291,1461,105,57
2201,673,964,Sham19Y0018176,1264,700,947,155,63
2201,1,484,Sham19Y0122257,3217,605,936,259,65
2201,950,1085,Sham19Y0014601,5823,1134,1269,99,91
2201,950,1085,Sham19Y0014601,5824,354,498,99,86
2201,950,1297,Sham19Y0017063,1475,1078,1548,182,39
2201,1297,1543,Sham19Y0017063,1476,18,229,139,65
2202,579,925,Shamela0007891,2251,1026,1318,104,29
2202,268,537,JK001472,66,16,198,140,65
2202,1,704,Shamela0009918,737,45,515,162,25
2202,1,532,Shamela0005756,7866,571,1010,205,40
2202,1,532,Shamela0005756,9777,551,953,284,67
2202,1,537,Shamela0005756,14225,616,1079,317,69
2202,714,1114,Shamela0004473,15879,51,560,253,55
2202,1,1431,Shia001831Vols,468,485,1166,497,43
2202,1,788,JK000201,3947,45,792,442,60
2202,273,641,Sham19Y0122406,3578,6,422,149,39
2202,112,788,Sham19Y0145212,3451,280,1135,214,26
2202,87,472,ShamAY0033531,3402,992,1469,127,27
2202,87,704,ShamAY0033531,4585,432,1096,211,31
2202,219,746,Sham19Y0018103,2874,426,852,168,29
2202,238,526,Sham19Y0013252,4403,718,919,133,56
2202,285,537,Sham19Y0013252,5915,1,224,114,46
2202,1,641,Sham19Y0017063,1476,229,539,160,29
2202,1001,1431,Sham19Y0017063,1477,18,226,144,43
2203,403,749,Shamela0004445,243,275,702,178,46
2203,428,749,Sham19Y0016584,2506,954,1281,147,39
2203,1262,1508,Shamela0008176,6044,1060,1290,173,86
2203,1,210,Shamela0008176,7151,799,1231,136,38
2203,383,613,JK000110,844,886,1114,169,87
2203,336,749,JK000110,855,986,1371,166,36
2203,379,613,Shamela0025794,1731,877,1101,166,83
2203,410,847,MMS00028,183,281,689,181,38
2203,336,749,Shamela0021715,5358,940,1336,167,36
2203,145,613,Shamela0001727,1327,938,1409,223,46
2203,379,613,JK000916,10644,813,1099,165,67
2203,336,664,Shamela0005756,9742,624,975,185,60
2203,336,664,Shamela0005756,9743,392,743,185,60
2203,420,613,Shamela0012014,30,1,207,151,90
2203,346,613,Shamela0004473,11122,1156,1419,165,66
2203,379,613,JK000728,78,323,877,161,35
2203,379,613,JK000482,347,124,333,166,88
2203,403,613,ShamAY0038638,83,978,1212,162,87
2203,1262,1417,Shia001831Vols,468,1334,1483,111,83
2203,1,114,Shia001831Vols,468,1166,1269,80,89
2203,991,1257,Shia001831Vols,469,108,363,200,88
2203,1,210,JK000201,3947,1173,1376,159,96
2203,403,603,Shamela0004289,1476,1165,1377,156,90
2203,403,566,Shamela0021660,2772,1105,1253,115,88
2203,379,613,Shamela0000927,1968,321,571,157,72
2203,383,613,Sham19Y0132524,2477,682,942,172,82
2203,336,749,Sham19Y0018106,2371,900,1295,167,36
2203,336,766,Sham19Y0018103,2260,89,489,167,35
2203,403,613,Shamela0009793,3,1203,1411,164,97
2203,150,744,Sham19Y0020638,1097,743,1281,263,46
2203,403,613,JK000475,2386,1178,1400,164,91
2203,383,613,Sham19Y0013252,5864,359,591,170,86
2203,336,749,Sham19Y0013252,5898,889,1276,167,36
2203,403,613,Tafsir02100,79,519,744,162,89
2203,226,542,Sham19Y0017616,403,968,1388,159,41
2203,403,726,JK007065,947,941,1314,164,42
2203,336,749,Sham19Y0018176,1250,382,777,167,36
2203,1282,1513,Sham19Y0122257,2761,1,220,168,90
2203,379,836,Sham19Y0148271,1447,509,1019,200,35
2203,420,566,Sham19Y0150962,1672,57,190,95,75
2204,911,1106,Shamela0021623,673,490,663,136,85
2204,974,1207,Sham19Y0127668,94,1,235,188,97
2204,900,1605,Shamela0008176,7152,670,1158,339,57
2204,880,1207,ShamAY0036018,438,1000,1307,196,68
2204,911,1245,Shamela0000432,6209,263,505,164,58
2204,911,1245,Shamela0010664,516,480,820,252,88
2204,1276,1605,Shamela0010664,517,322,711,230,71
2204,1134,1605,MMS00013,495,169,587,250,62
2204,1134,1605,MMS00013,934,110,519,241,61
2204,11,482,Shia001831Vols,469,48,790,355,56
2204,39,443,Shamela0000140,237,397,965,261,53
2204,911,1241,JK006670,18,1247,1560,246,90
2204,911,1245,JK006670,36,211,544,253,89
2204,952,1195,Shamela0023628,2367,779,997,162,74
2204,911,1428,Shamela0009702,173,912,1525,328,61
2204,1442,1599,Sham19Y0122406,3583,148,532,109,36
2204,911,1207,ShamAY0033531,3160,1239,1541,231,92
2204,911,1241,ShamAY0033531,4343,924,1260,259,92
2204,911,1245,JK000533,667,789,1115,245,87
2204,911,1241,Shamela0000317,49,253,596,260,93
2204,911,1106,Sham19Y0018272,836,906,1097,154,95
2204,911,1128,Shamela0011036,2162,294,601,172,68
2204,911,1200,Shamela0037458,2473,1274,1537,200,85
2204,890,1605,Sham19Y0122257,3215,463,1164,365,56
2204,900,1245,ShamAY0036182,152,622,962,230,76
2204,911,1252,Shia004014Vols,124,845,1181,249,86
2204,905,1327,Sham19Y0150962,1527,355,649,229,66
2204,927,1424,Shamela0009856,1144,594,1127,315,66
2204,880,1599,Shamela0000791,701,791,1506,559,96
2204,911,1106,Sham19Y0013605,340,252,426,140,87
2205,85,334,Shamela0008176,7153,1,220,128,55
2205,687,854,Shia002616Vols,3869,986,1142,92,65
2205,1357,1521,Sham19Y0032181,308,743,907,131,100
2205,345,717,ShamAY0034694,1759,1271,1462,99,31
2205,591,741,Shamela0010664,516,267,437,107,77
2205,19,356,MMS00013,495,593,943,188,58
2205,19,349,MMS00013,934,525,807,182,67
2205,1344,1521,Shia001831Vols,469,834,1022,141,94
2205,446,854,Shamela0009702,173,1,476,312,82
2205,9,229,Sham19Y0018103,225,527,1140,129,25
2205,80,234,Shamela0009823,450,1227,1370,112,90
2205,9,229,Sham19Y0013252,679,84,440,97,31
2205,356,565,Shamela0011036,2161,801,1220,153,46
2205,80,731,Shamela0011036,2162,677,1010,181,33
2205,687,854,Shamela0037458,2457,570,922,115,42
2205,1,334,Sham19Y0122257,3215,1164,1477,159,46
2205,9,334,ShamAY0036182,155,374,957,127,27
2205,339,682,Shamela0009856,1143,1281,1558,174,60
2205,1,848,Shamela0000791,702,7,847,653,96
2205,9,149,Sham19Y0013605,339,1300,1514,104,60
2206,586,1011,Shamela0005756,1159,576,962,231,60
2206,591,1011,Sham19Y0013605,467,572,885,226,62
2207,1,1166,Shamela0001727,1328,775,1484,214,20
2207,1,834,Sham19Y0023644,491,403,830,127,15
2207,1,505,Kraken230106005528,143,1302,1502,76,17
2207,1,1197,Sham19Y0014309,447,466,1161,225,20
2207,1,671,Shamela0004289,1334,1083,1398,109,19
2207,797,1197,Shamela0004289,1335,60,342,124,33
2207,1,869,Sham19Y0122406,3582,701,1291,171,20
2207,1,865,Sham19Y0122187,663,745,1287,161,20
2207,461,1197,Kraken230110004547,53,208,739,193,28
2207,839,1027,Sham19Y0013631,1336,719,856,102,69
2207,1,1197,Shamela0036446,948,754,1469,236,22
2207,1,1197,Shamela0025800,354,742,1471,236,21
2207,461,1197,JK000917,1045,282,927,189,25
2207,1,1197,Sham19Y0150960,1348,48,781,239,22
2207,1,865,Sham19Y0020638,1098,917,1468,173,22
2207,535,1432,Sham19Y0020638,1812,879,1339,233,32
2207,262,1197,Sham19Y0017616,401,1,693,217,24
2207,1,869,Shamela0000782,1061,873,1429,173,22
2207,255,869,JK007065,229,911,1442,153,25
2208,970,1324,JK000201,3862,135,612,200,49
2208,285,686,Sham19Y0013605,466,335,585,151,47
2209,1,282,Shia001432Vols,21890,251,526,206,88
2209,307,642,Shamela0021715,465,150,509,118,31
2209,1,254,Shamela0021715,5392,1070,1349,182,79
2209,1,272,Shamela0021715,7266,960,1221,182,78
2209,21,642,Shamela0005756,1156,582,1280,351,57
2209,1,97,Sham19Y0023644,492,1100,1199,67,78
2209,1,282,Shamela0010664,917,1199,1473,197,84
2209,1,369,ShamAY0034066,894,891,1059,118,40
2209,874,1482,Shia001831Vols,470,115,414,193,40
2209,299,713,Sham19Y0122406,3595,332,707,194,54
2209,903,1482,Sham19Y0018144,6290,264,706,128,19
2209,7,361,Sham19Y0013252,802,923,1470,191,38
2209,1,97,Sham19Y0017616,402,739,836,70,93
2210,1174,1580,Shamela0008176,7153,1275,1475,134,38
2210,368,506,Shia002616Vols,3876,517,749,101,54
2210,1143,1587,Sham19Y0131521,6228,381,795,317,86
2210,141,502,Shamela0001727,1331,462,881,139,30
2210,141,506,MMS00013,2696,442,832,128,29
2210,148,335,Shia001831Vols,470,420,584,120,78
2210,141,506,Shamela0029976,20,963,1372,139,30
2210,141,363,Sham19Y0122406,3591,114,454,132,45
2210,1293,1566,Sham19Y0122406,3592,1255,1508,182,83
2210,368,768,Sham19Y0122406,3595,698,1044,172,50
2210,141,502,Sham19Y0020638,1101,333,732,139,32
2210,141,506,Tafsir02100,99,517,924,140,31
2210,387,636,Sham19Y0023625,1645,642,905,184,85
2210,1428,1580,Sham19Y0122257,3216,1,151,96,68
2211,317,574,Shamela0008176,7154,1,229,177,83
2211,523,1039,Sham19Y0131521,6228,801,1195,266,62
2211,136,515,Sham19Y0122406,3593,565,917,218,64
2211,302,574,Sham19Y0122257,3216,165,395,180,81
2212,1109,1288,JK007014,109,329,926,105,20
2212,1053,1463,Shamela0096178,233,69,428,207,56
2212,1012,1463,Sham19Y0127654,128,115,781,267,47
2212,1151,1429,Shamela0008176,7619,1354,1599,195,85
2212,1056,1474,Shamela0009329,386,1,420,275,75
2212,1151,1455,Shamela0009329,387,578,1346,213,32
2212,1,171,Shamela0005756,867,550,711,122,87
2212,354,678,Shamela0005756,1159,1156,1470,247,92
2212,1,759,Sham19Y0014309,450,551,1260,540,86
2212,1012,1467,JK000745,57,1080,1494,247,63
2212,721,1467,JK000806BK1,633,22,707,314,42
2212,1155,1305,Shamela0009702,13,1095,1218,93,76
2212,1006,1288,Shamela9007669,710,985,1159,123,52
2212,735,1573,Shamela0007597,92,437,1351,622,81
2212,1,158,Shamela0009823,519,1064,1212,115,89
2212,1239,1429,Shamela0036066,41,367,595,115,61
2212,1151,1429,Sham19Y0122257,3417,1098,1343,196,85
2212,1012,1463,JK010178,41,387,841,290,73
2212,1,163,Sham19Y0013605,344,462,617,119,87
2212,327,678,Sham19Y0013605,467,1161,1491,251,87
2213,817,1182,Shamela0008176,7620,53,327,212,70
2213,1195,1619,Shamela0008353,845,877,1210,248,69
2213,899,1619,Shamela0004473,6730,525,1224,540,89
2213,1,137,Shamela0007597,92,1351,1483,103,95
2213,137,1584,Shamela0007597,93,29,1612,1132,86
2213,46,264,Sham19Y0122142,828,1144,1328,133,77
2213,346,1068,Sham19Y0122257,3417,1343,1592,189,31
2214,882,1471,Shamela0001719,3707,748,1188,184,31
2214,1,342,Shamela0008353,845,1210,1469,179,63
2214,882,1471,Shamela0024831,24,519,938,183,32
2214,882,1471,Shamela0001727,1333,288,586,185,38
2214,882,1471,Shamela0003118,527,127,391,153,31
2214,882,1471,Shamela0026568,1262,670,1178,159,23
2214,805,1448,Sham19Y0127677,6283,978,1298,185,35
2214,864,1471,Sham19Y0127677,6313,1027,1355,193,38
2214,1,356,Shamela0004473,6730,1224,1578,287,99
2214,882,1471,Shamela0022657,3,459,961,187,30
2214,376,901,Shamela0005539,178,675,1202,246,42
2214,409,620,Shamela0005539,178,14,388,150,48
2214,453,882,JK000201,3791,115,501,291,80
2214,882,1471,Shamela0004289,1479,910,1208,186,38
2214,453,877,Shamela0023628,1634,6,471,314,80
2214,882,1471,Shamela0023685,1433,147,406,133,27
2214,882,1471,Sham19Y0001734,2555,429,732,180,36
2214,409,1015,Sham19Y0132524,2488,381,651,159,31
2214,882,1471,Sham19Y0018144,2578,492,750,161,34
2214,882,1471,Shamela0025800,2376,1108,1406,167,34
2214,1,363,Shamela0007597,94,36,404,279,91
2214,882,1471,ShamAY0034005,1037,348,603,153,32
2214,882,1471,Shamela0026484,444,333,634,168,34
2214,799,1471,Sham19Y0020638,1105,241,600,174,29
2214,901,1471,Sham19Y0013637,114,6,265,170,38
2214,1407,1571,Sham19Y0013252,1414,28,203,123,85
2214,1322,1571,Masaha001946Vols,868,66,801,106,15
2214,805,1471,Sham19Y0017616,405,10,419,210,37
2214,423,901,Shamela0037458,1590,923,1483,182,31
2214,529,915,Sham19Y0023625,2119,1,521,295,69
2214,1372,1571,Sham19Y0013605,964,505,629,96,59
2215,1114,1339,Shia004456Vols,3065,409,634,185,100
2215,235,998,Shamela0005756,10163,34,917,291,31
2215,105,1520,JK000201,4299,75,1364,768,57
2215,587,1339,Shamela0023645,113,413,1275,246,27
2215,241,454,Shamela0023628,888,1,218,135,70
2215,86,750,Shamela0023628,889,990,1316,152,29
2215,86,582,Sham19Y0122406,3601,940,1549,271,47
2215,216,988,Masaha001864Vols,5738,751,1522,594,91
2215,81,666,Sham19Y0013252,1414,901,1358,311,65
2215,1,1107,Masaha001946Vols,868,801,1497,356,37
2216,1245,1514,Shamela0011997,54,1091,1286,130,61
2216,694,1213,Shamela0001733,4476,1310,1428,67,15
2216,694,1223,Sham19Y0148486,4630,577,711,82,20
2216,694,1223,Sham19Y0148486,6657,642,1031,104,19
2216,694,1223,Shamela0008176,7642,574,695,75,17
2216,1352,1514,Shamela0008176,7782,1126,1283,113,86
2216,1352,1504,Shamela0008176,7783,88,279,99,61
2216,1347,1527,Kraken220413030759,86,1241,1437,132,84
2216,694,1223,Kraken220413030759,390,858,979,75,17
2216,1352,1514,Shia001416,219,878,1032,115,91
2216,694,1223,Kraken211005012007,579,540,665,74,17
2216,694,1410,ShamAY0032945,6,1076,1409,137,23
2216,1410,1531,ShamAY0032945,7,1,126,89,90
2216,1347,1531,Shamela0037325,54,560,750,135,91
2216,196,1527,Shamela0001727,1334,749,1416,273,23
2216,711,1138,Sham19Y0122236,257,721,1084,118,24
2216,1347,1531,JK000916,9831,705,904,131,83
2216,1347,1467,JK000916,11451,521,644,84,83
2216,694,1223,JK000916,17341,756,893,75,17
2216,1347,1514,JK000786,4083,562,737,99,65
2216,694,1223,Shia004456Vols,3102,137,508,107,21
2216,1347,1531,Shia004456Vols,3174,1250,1409,117,82
2216,1347,1531,Sham19Y0127677,5620,1132,1319,131,88
2216,694,1274,Shamela0009790,26,1159,1300,95,20
2216,1357,1531,Shamela0008657,30,796,967,119,82
2216,1347,1527,JK000482,43,521,691,119,81
2216,1347,1527,JK000482,300,877,1051,121,84
2216,1330,1514,Sham19Y0013253,812,375,576,131,84
2216,210,606,JK000201,4298,1102,1509,322,97
2216,63,196,JK000201,4303,637,766,102,94
2216,694,1431,Shamela0004289,1480,663,958,121,20
2216,1347,1531,Shamela0009702,539,1197,1394,129,80
2216,932,1138,Shamela0009702,834,651,877,136,68
2216,1143,1523,Sham19Y0122406,3604,305,558,166,56
2216,1352,1531,Sham19Y0122406,3605,15,200,136,95
2216,1347,1531,Shia002265Vols,4295,456,644,131,88
2216,1347,1514,Sham19Y0145212,3786,727,1207,113,29
2216,1347,1531,Shamela0000927,1347,421,614,132,86
2216,200,1223,Shamela0000927,2077,582,1088,117,12
2216,1347,1531,Shamela0000927,2153,914,1077,115,78
2216,1347,1527,Sham19Y0020879,520,1211,1381,119,81
2216,1347,1527,Sham19Y0020879,594,526,700,121,84
2216,694,1213,Sham19Y0001734,2575,771,885,67,15
2216,694,1431,Sham19Y0132524,2491,922,1161,116,20
2216,1418,1531,Rafed0003571Vols,1293,630,743,85,99
2216,694,1223,Sham19Y0037618,5655,1252,1373,75,17
2216,1363,1531,Shamela0001438,7696,1,168,123,93
2216,1347,1531,Kraken230110004547,407,454,628,117,76
2216,1143,1531,Sham19Y0018144,2582,11,406,170,39
2216,1352,1504,JK001173,226,1021,1173,95,66
2216,1352,1531,Shamela0025800,2374,802,983,133,92
2216,1418,1541,Shamela0007597,91,1,121,89,95
2216,1347,1523,Shamela0030657,19,1003,1182,126,88
2216,1352,1531,ShamAY0034005,1038,5,188,130,90
2216,1352,1531,Shamela0026484,447,1039,1222,134,94
2216,200,1485,Sham19Y0020638,1106,799,1404,229,21
2216,694,1223,JK000216,24,16,135,81,19
2216,1352,1527,JK000475,1692,1,180,128,90
2216,6,200,Masaha001946Vols,869,172,305,100,62
2216,1347,1531,Shia001626Vols,54,1100,1264,123,86
2216,694,1217,Sham19Y0018610,37,320,431,78,19
2216,1347,1527,ShamAY0035884,884,771,973,127,79
2216,694,1223,Sham19Y0146127,3691,156,282,77,17
2216,694,1223,Shamela0010549,414,158,275,82,20
2216,1347,1527,JK000747,24,656,843,129,86
2216,694,1399,Sham19Y0017616,405,669,997,126,19
2216,1352,1531,Sham19Y0017616,406,669,848,133,92
2216,1347,1531,JK007065,1445,1048,1217,121,82
2216,694,1223,Sham19Y0122257,3426,70,191,75,17
2216,1330,1514,Sham19Y0122257,3467,1128,1312,119,78
2216,1347,1527,JK007016,381,279,439,108,73
2216,694,1223,Sham19Y0014119,665,1250,1371,75,17
2216,1352,1517,Sham19Y0014119,676,950,1106,117,92
2216,694,1213,Sham19Y0017063,1594,351,957,217,33
2216,1352,1514,Sham19Y0017063,1616,41,195,118,93
2216,694,1223,Shamela0008360,935,1080,1201,75,17
2216,1347,1463,Shamela0008360,951,1321,1438,83,86
2217,697,1056,Sham19Y0017878,455,326,605,149,48
2217,177,706,Sham19Y0017878,456,1,598,393,82
2217,89,278,Sham19Y0017878,499,1196,1408,146,86
2217,278,405,Sham19Y0017878,500,1,141,102,90
2217,1016,1236,Shamela0008176,7640,1218,1395,93,52
2217,100,932,Shamela0008176,7641,1,713,386,51
2217,697,1056,Shamela0001727,1335,112,743,166,29
2217,115,461,Shamela0009795,229,974,1476,167,38
2217,461,656,Shamela0009795,230,1,115,89,58
2217,908,1467,Shamela0021660,5503,153,513,284,63
2217,939,1213,Shamela0001438,220,642,923,74,19
2217,913,1412,Sham19Y0013631,85,61,453,203,47
2217,1056,1467,Sham19Y0018144,6294,469,910,301,85
2217,19,719,Shamela0007597,91,330,1107,533,85
2217,697,1056,Sham19Y0020638,1107,135,458,174,56
2217,939,1329,Masaha001864Vols,3335,30,360,234,71
2217,913,1178,Shamela0009873,2105,263,415,110,51
2217,917,1458,Sham19Y0013252,8631,18,525,351,76
2217,135,337,Masaha001946Vols,865,1113,1399,104,43
2217,939,1178,Shia001626Vols,382,312,430,92,48
2217,697,1056,Sham19Y0017616,406,906,1240,174,56
2217,1056,1371,Sham19Y0122257,3425,1125,1399,116,45
2217,115,897,Sham19Y0122257,3426,568,1165,398,60
2217,913,1371,Sham19Y0017063,1593,994,1490,273,65
2217,89,392,Shia004014Vols,208,985,1268,224,92
2218,600,720,Shamela0011997,48,417,674,89,44
2218,600,720,Shamela0007891,944,966,1292,89,34
2218,843,1228,Shamela0007891,2388,982,1169,79,21
2218,600,720,Sham19Y0148486,2498,131,394,89,43
2218,600,724,Shamela0005803,228,854,1118,88,43
2218,600,720,Shia002616Vols,5688,283,545,89,43
2218,600,865,Kraken220413030759,86,749,1089,116,33
2218,600,720,JK006897,216,625,940,88,35
2218,811,1257,Sham19Y0013614,834,115,347,127,36
2218,600,936,Shamela0007472,8,174,524,105,28
2218,1,144,Zaydiyya0000106,50,1372,1515,115,100
2218,600,724,Shamela0001727,528,556,875,89,36
2218,600,720,Shamela0001727,1335,874,1137,89,43
2218,644,1228,JK000916,17207,638,1028,97,17
2218,1184,1452,Shamela0010664,688,150,601,108,24
2218,600,720,Sham19Y0127677,18668,180,496,88,35
2218,600,724,Sham19Y0127677,19692,254,521,92,44
2218,600,720,Shamela0004473,7030,180,442,89,43
2218,600,862,Shamela0008657,147,460,791,114,33
2218,600,870,JK001324,121,574,985,114,28
2218,791,1058,Shia001831Vols,471,1,158,127,58
2218,600,720,Shamela0004289,1480,902,1165,89,43
2218,600,870,Shamela0009091,57,376,807,199,58
2218,1,604,Shamela0021660,5503,513,1116,482,98
2218,600,865,Shamela0009702,539,719,1046,116,34
2218,600,724,Sham19Y0122406,1461,436,757,88,35
2218,600,1447,Sham19Y0122406,3608,536,1511,382,41
2218,600,720,Sham19Y0145212,1440,839,1102,89,43
2218,600,720,Sham19Y0132524,883,658,921,88,43
2218,600,720,Shamela0001875,721,490,752,89,43
2218,609,731,Kraken230110004547,479,188,434,65,34
2218,644,1228,Sham19Y0018144,2584,245,635,98,17
2218,1,144,Shamela0007597,91,1061,1205,114,98
2218,590,720,Shamela0006617,781,70,322,64,32
2218,843,1228,ShamAY0034005,1228,700,887,81,22
2218,600,862,Sham19Y0020638,440,356,739,114,30
2218,600,720,Sham19Y0020638,1113,296,553,88,44
2218,843,1228,Shamela0012062,82,1184,1392,84,24
2218,600,720,Shamela0011363,181,976,1197,72,42
2218,843,1228,Shamela0021766,98,204,388,78,21
2218,5,520,Sham19Y0013252,8631,525,972,298,69
2218,189,444,Masaha001946Vols,864,1213,1414,134,60
2218,600,720,Sham19Y0146127,1312,601,835,72,40
2218,600,862,Sham19Y0017616,143,587,912,116,37
2218,600,862,JK007065,1098,812,1180,110,31
2218,600,720,Sham19Y0122257,1130,333,596,89,43
2218,600,724,Sham19Y0014119,224,937,1205,92,44
2218,600,862,Sham19Y0017063,417,706,1056,114,32
2218,600,720,Sham19Y0148271,1450,746,1009,89,43
2218,600,862,ShamAY0033760,523,282,695,119,31
2218,600,870,Shamela0008360,292,64,418,113,35
2218,843,1228,ShamAY0035288,90,1163,1411,83,22
2219,939,1541,Shamela0007891,2384,20,1088,226,22
2219,1018,1196,Sham19Y0148486,4192,1209,1394,112,77
2219,913,1196,Kraken220413030759,120,943,1387,175,50
2219,1018,1204,ShamAY0032964,5,529,725,115,76
2219,1057,1200,Kraken211005012007,367,1042,1182,106,95
2219,1057,1541,Shamela0001727,1337,909,1388,162,29
2219,1057,1200,Shamela0006446,379,964,1103,100,90
2219,1018,1196,Sham19Y0039268,332,971,1172,111,72
2219,913,1196,Shamela0000894,4968,447,906,194,53
2219,1057,1200,Shamela0004473,3611,29,187,103,80
2219,1067,1541,Rafed0001826,174,1176,1401,136,36
2219,939,1196,Shamela0008657,265,802,1068,135,59
2219,997,1196,JK000482,78,715,1135,119,34
2219,1018,1204,ShamAY0034123,296,288,477,95,64
2219,1018,1196,Shamela0004289,1410,463,658,114,76
2219,1015,1200,ShamAY0035791,22,478,678,110,69
2219,981,1204,Shamela0021493,32,844,1136,148,65
2219,939,1212,Shamela0009702,356,77,491,164,50
2219,1018,1196,Sham19Y0122406,3612,124,313,115,79
2219,1067,1541,Shia002265Vols,3715,450,983,138,22
2219,1067,1228,JK009324,3362,655,810,108,86
2219,1018,1541,Sham19Y0145212,3743,187,484,155,35
2219,1057,1200,Shamela0000927,1346,199,339,106,95
2219,981,1200,Shamela0000927,1366,980,1229,144,70
2219,977,1222,Shamela0000927,1894,344,647,151,63
2219,917,1196,Sham19Y0001734,2567,164,369,128,59
2219,987,1541,Kraken230110004547,410,527,863,167,35
2219,1018,1196,Sham19Y0018144,2479,379,573,116,77
2219,874,1504,Shamela0010283,4053,437,1151,121,14
2219,939,1541,Shamela0025800,2390,128,541,178,33
2219,997,1541,Sham19Y0017791,2101,742,1270,211,36
2219,939,1190,ShamAY0034005,1040,861,1388,166,40
2219,1057,1200,Shamela0021512,265,94,234,106,95
2219,939,1541,Sham19Y0020638,1114,781,1407,230,32
2219,1018,1504,Shamela0003722,5038,842,1112,122,27
2219,913,1196,Sham19Y0016555,2,300,508,134,59
2219,973,1541,Sham19Y0017616,407,37,471,211,38
2219,939,1513,Sham19Y0122257,3434,202,1189,334,40
2219,977,1541,Sham19Y0014119,668,241,645,192,36
2219,15,557,Sham19Y0017063,1603,240,580,153,30
2219,1200,1317,Sham19Y0013605,152,790,907,95,99
2219,8,557,Sham19Y0013605,2191,646,985,209,45
2220,1,184,Shamela0007891,2384,1088,1261,132,89
2220,1,180,Sham19Y0145435,397,1040,1214,134,91
2220,1,180,Sham19Y0016584,2658,147,321,134,91
2220,1,180,Sham19Y0016584,4564,671,854,137,92
2220,1,175,Sham19Y0148486,5207,665,839,134,93
2220,1,180,JK009390,1079,409,582,131,89
2220,1,184,Shamela0008176,7667,675,854,133,88
2220,1,184,Sham19Y0127656,436,74,250,132,88
2220,1,184,Sham19Y0013614,831,1151,1329,134,89
2220,1,180,JK000110,929,859,1031,132,90
2220,34,180,ShamAY0032945,6,1,154,115,94
2220,1,180,Shamela0021715,5744,948,1122,134,91
2220,1,180,Shamela0021715,10517,1277,1460,137,92
2220,1,840,Shamela0021715,10518,424,1111,287,34
2220,250,1571,Shamela0021715,11187,267,1052,405,34
2220,47,180,Shamela0001727,1338,1,134,106,100
2220,1,180,JK006838,1484,1244,1424,138,94
2220,1,184,Shia001960,512,336,530,124,76
2220,1,180,Sham19Y0013572,906,1266,1431,128,87
2220,579,1386,Shamela0005756,10130,783,1180,255,39
2220,1,180,Shamela0005756,10176,738,912,134,91
2220,1,180,Shamela0005756,14887,102,285,137,92
2220,579,840,Shamela0001673,10901,749,926,115,52
2220,1,180,JK001324,31,45,215,131,89
2220,1,180,Shamela0008237,53,961,1139,125,85
2220,6,575,Shia001831Vols,471,333,803,170,27
2220,1,180,Shamela0004289,1484,1233,1416,138,93
2220,1,180,Shamela0023685,1118,1083,1263,134,90
2220,1,180,Shamela0001975,429,269,442,131,89
2220,1,132,Sham19Y0122406,3612,1358,1489,104,100
2220,1,328,Sham19Y0122406,3613,94,503,174,44
2220,1,180,Shia002265Vols,3715,983,1153,131,89
2220,1,840,JK001325,28,232,639,247,34
2220,1,180,Shamela0037837,779,1236,1466,109,51
2220,1,184,Sham19Y0037618,4074,1087,1266,135,89
2220,1,180,Shamela0009770,705,1172,1352,141,98
2220,1,180,Shamela0009770,841,882,1062,141,98
2220,1,180,Shamela0001438,7997,1049,1216,134,89
2220,1,180,Kraken230110004547,410,863,1036,131,88
2220,1,180,Sham19Y0018106,2521,782,956,134,91
2220,1,180,Sham19Y0018106,4074,876,1059,137,92
2220,1044,1574,Sham19Y0013631,718,671,1027,233,53
2220,1,184,Shamela0036446,1197,883,1058,133,88
2220,1,180,Shamela0096180,201,849,1019,130,89
2220,552,1574,Sham19Y0018103,2386,263,766,342,41
2220,1,201,Sham19Y0018103,2400,456,652,142,86
2220,1,180,Sham19Y0018103,4043,985,1168,137,92
2220,9,129,Masaha003644,804,1473,1593,91,91
2220,1,180,Shamela0025800,2390,541,711,130,89
2220,1,175,Sham19Y0017791,2101,1270,1439,130,91
2220,1,180,Shamela0000170,1020,507,676,131,90
2220,1,180,Shamela0021659,587,774,947,131,89
2220,1,180,ShamAY0034005,1040,288,458,129,88
2220,1,180,Shamela0021512,46,429,606,130,87
2220,15,180,Sham19Y0020638,1115,1,166,128,95
2220,1,180,Shamela0012062,79,896,1079,137,92
2220,1,129,JK009154,229,1277,1415,90,74
2220,1,180,Masaha001864Vols,1796,388,614,133,74
2220,1,180,Masaha001864Vols,3335,817,991,134,91
2220,535,1142,Masaha001864Vols,4953,916,1542,466,92
2220,1142,1574,Masaha001864Vols,4954,1,433,347,100
2220,1,180,Shamela0012981,1857,243,406,121,83
2220,575,840,Shia001976Vols,1551,20,201,118,53
2220,1,180,Sham19Y0013252,6175,1254,1428,134,91
2220,1,180,Sham19Y0013252,10344,1001,1184,137,92
2220,1,180,Sham19Y0146127,2822,627,804,135,92
2220,1,191,Shamela0010549,411,711,888,124,81
2220,575,1400,Shamela0011036,2079,841,1583,569,81
2220,1,231,Sham19Y0016976,1896,1107,1362,153,70
2220,1,180,JK000747,5,202,384,124,76
2220,1,180,Sham19Y0017616,407,471,650,139,95
2220,448,575,Sham19Y0017616,630,708,814,85,83
2220,1,132,JK007065,878,1302,1433,101,94
2220,1,180,Sham19Y0018176,1347,283,457,134,91
2220,1,201,Sham19Y0018176,2453,745,942,148,89
2220,1,180,Sham19Y0014119,668,645,819,134,91
2220,1,431,Sham19Y0017063,1598,850,1457,267,47
2220,1,184,ShamAY0032844,34,192,382,127,77
2220,1,180,Sham19Y0006603,21,357,521,120,78
2220,1,180,Sham19Y0014252,489,328,498,130,89
2220,1,180,JK000698,171,1061,1241,138,94
2220,1,180,Shamela0008360,939,108,283,133,90
2220,552,1574,Sham19Y0013605,2945,542,1059,336,40
2220,1,180,Sham19Y0013605,2960,232,406,134,91
2220,575,1574,Sham19Y0013605,4813,449,912,300,37
2221,725,1150,Shamela0008176,7669,913,1203,175,43
2221,1,606,Shamela0008176,7669,76,476,253,49
2221,430,778,ShamAY0032945,6,304,887,94,16
2221,993,1226,Shia003923Vols,1147,1040,1274,178,89
2221,972,1226,Sham19Y0013631,1633,815,1304,155,37
2221,449,778,Sham19Y0020638,1115,225,684,82,18
2221,1,425,Masaha001864Vols,4954,433,789,287,82
2221,464,701,Shamela0011036,2078,686,917,182,95
2221,148,329,Shamela0011036,2079,15,199,133,83
2221,1301,1601,Shamela0011036,2080,468,789,215,76
2221,1,333,Sham19Y0122257,3435,1200,1457,180,64
2221,826,1150,Sham19Y0122257,3436,774,975,159,59
2221,701,1107,Sham19Y0017063,1599,1045,1378,253,73
2221,1,490,Sham19Y0013605,4813,912,1412,187,32
2222,104,398,Sham19Y0016584,2450,260,478,133,54
2222,482,722,Shamela0008176,7659,77,376,170,71
2222,104,722,Shia002034Vols,2205,442,1031,143,19
2222,104,722,Shamela0026731,89,537,1197,171,22
2222,104,398,JK000110,828,755,972,132,54
2222,104,390,Shamela0021809,947,1199,1414,119,49
2222,104,722,Shamela0025794,326,759,1382,172,22
2222,104,398,Shamela0021715,5197,348,566,133,54
2222,153,398,Sham19Y0016684,1296,1,170,96,46
2222,359,722,Shamela0001727,1340,1,439,105,21
2222,524,668,Shia002702Vols,10287,262,768,43,9
2222,104,398,Shamela0005756,9552,217,436,132,53
2222,649,1018,Shamela0005756,9553,602,1386,179,27
2222,104,722,JK000482,65,717,1269,160,23
2222,424,1337,Shia001831Vols,471,1036,1468,322,42
2222,104,722,Shamela0004289,1485,924,1308,153,26
2222,104,722,Shamela0021493,55,422,1008,213,35
2222,338,722,Sham19Y0122406,3617,674,1133,116,23
2222,445,1200,Sham19Y0122406,3618,1,733,325,44
2222,490,668,Sham19Y0122406,4945,775,953,142,100
2222,653,1056,ShamAY0032249,614,531,987,235,64
2222,338,722,Sham19Y0132524,2502,839,1297,116,23
2222,182,398,Sham19Y0018106,2312,1,138,75,41
2222,107,398,Sham19Y0018103,2207,1,216,131,53
2222,338,722,Shamela0026484,467,383,800,115,29
2222,338,722,Sham19Y0020638,1116,365,824,116,23
2222,26,722,Shamela0013066,34,568,1332,215,26
2222,104,722,JK000475,2111,327,892,155,21
2222,104,722,JK000735,50,381,950,157,21
2222,338,722,Shamela0021550,377,696,1152,121,26
2222,104,398,Sham19Y0013252,5757,661,879,133,54
2222,104,1018,Sham19Y0013252,5773,366,1479,401,38
2222,104,722,ShamAY0035884,3638,708,1199,161,25
2222,338,722,JK000001,1578,349,809,121,26
2222,104,722,Shamela0009412,16,590,1258,170,22
2222,104,398,Sham19Y0018176,1212,236,454,133,54
2222,476,722,Sham19Y0122257,3432,641,933,175,71
2222,717,839,Sham19Y0017063,1597,543,660,95,95
2222,104,722,Sham19Y0148271,621,762,1308,159,22
2222,149,398,Sham19Y0013605,2764,1,174,99,47
2223,154,417,Shamela0002864,956,647,896,152,69
2223,743,1107,ShamIbadiyya0000193,3219,18,298,109,34
2223,457,747,Zaydiyya0000142,1501,795,1052,187,78
2223,196,483,Shamela0008353,774,330,588,117,43
2223,135,810,Shamela0001727,1340,839,1362,226,35
2223,135,711,Sham19Y0127677,8600,95,465,227,46
2223,135,530,Sham19Y0127677,8601,93,536,291,83
2223,743,1107,Shamela0011385,2366,652,975,119,29
2223,178,340,Shamela0004473,3609,129,352,125,71
2223,190,336,Rafed0002905Vols,9067,1073,1231,105,77
2223,181,800,Shamela0035100,832,683,1068,157,30
2223,743,1107,Tafsir09050,3321,908,1222,124,38
2223,178,679,Masaha004768Vols,645,650,945,207,50
2223,135,530,Shamela0004289,1486,233,718,229,59
2223,178,304,Shamela0023628,3553,572,718,98,86
2223,135,336,Sham19Y0122406,3618,885,1106,154,89
2223,340,517,Sham19Y0122406,3619,1139,1305,124,88
2223,181,336,Sham19Y0016618,157,1253,1448,87,50
2223,1312,1483,Sham19Y0018144,6313,692,874,95,60
2223,161,340,Sham19Y0014224,1303,168,324,101,68
2223,178,476,Sham19Y0020638,1116,1037,1259,155,65
2223,161,476,Shamela0012062,333,969,1272,151,56
2223,158,537,Shamela0009082,1835,945,1336,115,27
2223,187,336,Shamela0010549,416,398,548,113,92
2223,178,1019,Sham19Y0017616,408,170,596,215,29
2223,154,530,JK007065,1441,301,754,181,44
2223,178,810,Sham19Y0145411,831,239,684,193,35
2223,196,711,Sham19Y0017063,1596,882,1268,180,34
2224,613,1055,Shamela0007891,2392,949,1284,124,32
2224,613,1055,Sham19Y0013667,2743,71,374,115,32
2224,1055,1374,Sham19Y0148486,7186,987,1142,106,40
2224,613,1055,Sham19Y0014313,1206,305,588,122,30
2224,613,1055,Zaydiyya0000142,3329,575,859,120,29
2224,567,894,Shamela0008176,7709,1082,1405,187,62
2224,627,1055,Shamela0008176,7710,59,768,84,10
2224,586,1055,EScr20112614,17,141,423,117,25
2224,567,1055,Sham19Y0013614,835,401,760,147,31
2224,567,1055,Shamela0001727,1341,707,1264,153,27
2224,586,1055,Shamela0026389,363,905,1303,138,28
2224,134,534,Shamela0026568,519,464,830,268,83
2224,613,1060,Shamela0005756,2269,504,807,108,29
2224,594,1543,Sham19Y0127677,6479,696,1358,228,23
2224,594,1055,Sham19Y0127677,19345,1054,1405,131,33
2224,613,1431,Shamela0008657,391,515,957,136,16
2224,641,894,ShamAY0033585,21,1,237,133,66
2224,146,319,Shamela0023628,1696,1328,1523,136,84
2224,323,646,Shamela0023628,1697,1,265,174,65
2224,134,418,Shamela0023685,539,1211,1491,216,95
2224,594,1431,Sham19Y0016934,624,695,1097,160,21
2224,613,1055,Sham19Y0145212,3758,514,786,123,30
2224,613,1055,Shamela0001875,278,183,464,125,31
2224,613,1055,Sham19Y0018144,2600,472,811,129,30
2224,1098,1543,Sham19Y0018144,6320,1,808,338,51
2224,594,1055,Sham19Y0017791,2111,20,325,133,31
2224,594,1055,Shamela0010657,361,982,1287,134,32
2224,627,1055,ShamAY0034005,1048,161,454,107,23
2224,613,1055,Sham19Y0020638,1124,285,602,121,32
2224,613,1055,ShamAY0037807,4,733,1050,121,32
2224,613,1055,Shia001976Vols,942,452,811,129,29
2224,315,505,Masaha001946Vols,815,509,710,148,89
2224,613,1055,Sham19Y0146127,543,161,498,128,34
2224,574,1055,Shamela0010549,420,254,646,143,29
2224,567,1055,Sham19Y0016976,1902,325,686,147,31
2224,551,727,Sham19Y0017616,408,1075,1287,124,73
2224,1431,1543,Sham19Y0017616,630,1104,1216,90,99
2224,613,1049,JK007065,1444,677,989,120,33
2224,567,1055,Sham19Y0122257,3449,171,578,183,41
2224,567,1055,Sham19Y0014119,671,633,995,147,31
2224,567,1055,Sham19Y0017063,1605,1082,1420,147,33
2224,1016,1543,Sham19Y0017063,1606,144,674,393,86
2224,697,1055,Shamela0008360,944,1,189,56,17
2224,613,1055,Shamela0009642,111,57,391,121,27
2224,594,1055,Sham19Y0017442,253,737,1073,131,34
2224,789,894,Sham19Y0017442,262,1,106,84,100
2225,985,1224,JK000201,4341,793,961,138,69
2225,220,755,Sham19Y0122406,3623,1277,1530,115,25
2225,1289,1568,ShamAY0038405,719,983,1170,146,63
2226,930,1403,Shamela0008176,7740,861,1154,180,46
2226,1051,1236,Shamela0021715,6675,11,161,119,80
2226,930,1403,Shia004456Vols,3696,1140,1513,242,61
2226,399,566,Shia001831Vols,472,348,501,113,78
2226,612,1114,Sham19Y0122406,3627,924,1378,248,53
2226,930,1537,Sham19Y0122406,3628,524,1064,278,51
2226,930,1408,Sham19Y0132524,2515,36,621,185,34
2226,1031,1395,Masaha001946Vols,809,222,631,197,55
2226,1089,1403,Sham19Y0122257,3458,193,466,173,63
2226,1016,1309,Sham19Y0150962,1663,332,603,212,90
2226,975,1537,Shamela0000791,23,468,962,398,87
2227,146,459,Shamela0007562,302,1178,1435,169,62
2227,59,459,Shamela0008176,7740,1158,1488,246,75
2227,171,357,Shamela0021715,6675,200,362,121,81
2227,84,459,Shia004456Vols,3697,1,300,228,74
2227,141,459,Shia004456Vols,3699,1002,1318,247,96
2227,171,357,Shia004456Vols,3700,854,1016,121,81
2227,181,313,Shia004456Vols,3720,987,1130,82,67
2227,190,491,Shia004456Vols,3814,1037,1331,163,63
2227,254,444,Shia004456Vols,3815,888,1170,28,7
2227,816,1093,Shia004456Vols,4474,1233,1510,222,100
2227,1093,1344,Shia004456Vols,4475,1,252,201,100
2227,886,1023,Sham19Y0013253,817,841,989,99,79
2227,789,1344,JK000201,4355,673,1262,439,93
2227,77,444,JK000201,4356,445,807,286,97
2227,4,341,Sham19Y0122406,3628,1068,1458,162,48
2227,886,1023,Sham19Y0122406,3631,1212,1359,99,79
2227,44,377,Masaha001946Vols,756,1207,1488,126,41
2227,816,1344,Shia004266Vols,204,726,1255,422,99
2227,807,996,Shia004266Vols,205,40,408,90,30
2227,59,444,Sham19Y0122257,3458,470,794,241,76
2227,816,1302,Shia003636Vols,1017,957,1159,161,41
2227,816,1015,Sham19Y0150962,1662,1356,1556,161,99
2227,1015,1334,Sham19Y0150962,1663,1,326,251,97
2227,1,444,Shamela0000791,23,962,1405,347,96
2228,68,249,Shia001432Vols,14889,229,396,99,63
2228,68,255,Shamela0001727,1346,573,733,99,66
2228,68,249,Shamela0003118,4746,88,241,93,64
2228,68,255,JK007099,96,673,830,97,66
2228,120,255,Sham19Y0013572,1360,13,151,87,74
2228,68,255,Rafed0000040Vols,1430,785,945,99,67
2228,139,255,Shamela0012014,37,12,115,81,88
2228,68,255,Sham19Y0127677,8495,63,223,99,66
2228,68,249,Shia004038,289,238,392,95,66
2228,68,255,Shia003754Vols,76,659,829,94,52
2228,68,255,Shia004007,333,449,638,107,65
2228,68,255,Shia003727Vols,620,954,1137,100,59
2228,68,255,Shia004030Vols,1560,144,304,99,66
2228,68,255,Shamela0004289,207,952,1112,98,65
2228,68,255,Shamela0021493,75,691,851,98,65
2228,68,255,Sham19Y0122406,3630,173,333,99,66
2228,68,255,Shamela0029967,127,847,1007,99,66
2228,120,255,Shamela0036446,1209,1231,1371,93,75
2228,68,255,Shamela0025800,2410,194,354,99,66
2228,134,249,Shia001368,41,852,958,77,83
2228,68,255,ShamAY0034005,1360,601,761,99,66
2228,139,255,Zaydiyya0000454,208,665,768,78,82
2228,68,255,Sham19Y0020638,1129,1079,1252,106,67
2228,68,255,Shia001174Vols,1742,1130,1293,100,66
2228,483,877,Shamela0011036,1933,1234,1528,204,62
2228,68,255,Shia004092Vols,1883,1166,1326,100,67
2228,68,255,Shia004092Vols,6053,1022,1181,92,60
2228,139,255,Shia004092Vols,8248,6,113,81,85
2228,68,255,Sham19Y0148271,1475,290,457,99,64
2228,68,255,Shia003444,40,263,419,92,61
2229,406,582,Sham19Y0131521,5056,1184,1345,116,79
2229,316,464,Shamela0021715,4807,534,719,91,60
2229,321,677,JK007099,98,232,825,201,39
2229,700,1323,Shia004456Vols,283,119,987,390,50
2229,384,624,Shamela0005756,10243,59,289,146,68
2229,1337,1560,Shia003726,77,699,936,179,92
2229,1337,1560,Shia003726,81,360,597,179,92
2229,198,1050,Shia001831Vols,472,926,1423,373,53
2229,347,700,Shamela0000140,424,1,507,261,61
2229,735,856,Shia004030Vols,305,411,540,92,89
2229,1337,1560,Shia004030Vols,2579,357,594,179,92
2229,140,316,Sham19Y0018144,6324,726,892,121,83
2229,700,1282,Shia001555Vols,274,768,1595,357,48
2229,387,582,Sham19Y0018272,2208,1154,1348,123,70
2229,773,991,Masaha001864Vols,4466,326,762,175,49
2229,331,700,Masaha001864Vols,5409,161,566,268,82
2229,880,1560,Masaha001946Vols,1307,553,965,247,43
2229,400,633,Shamela0021598,1187,570,761,137,71
2229,316,487,Sham19Y0017063,1612,58,537,117,31
2229,738,901,Sham19Y0017063,1621,616,811,114,73
2229,722,861,Shia001551,103,681,820,92,80
2230,1397,1556,Shamela0004445,3770,101,674,97,21
2230,902,1058,Sham19Y0131521,3527,881,1077,104,63
2230,1005,1546,JK001236,104,301,751,144,27
2230,433,778,Shia001831Vols,472,1417,1574,118,43
2230,1,295,Shamela0000140,715,779,1047,195,76
2230,305,454,Shamela0000140,716,561,979,110,32
2230,16,281,Sham19Y0018144,6341,276,543,212,97
2230,218,719,Sham19Y0020638,1132,659,1374,152,20
2230,1,281,Masaha001946Vols,1307,965,1231,214,92
2231,473,728,Shamela0001733,73,459,713,130,56
2231,539,728,Shamela0008176,7794,404,603,110,70
2231,473,728,Shamela0037325,198,552,819,134,64
2231,1005,1212,Shamela0001727,1350,431,657,163,91
2231,539,728,Sham19Y0013572,197,907,1107,114,72
2231,45,298,Shamela0005756,8960,1202,1419,155,74
2231,457,728,Shamela0008657,643,566,837,128,58
2231,508,728,Shamela0035100,1090,957,1176,115,57
2231,559,893,Shia001831Vols,473,141,360,157,55
2231,10,308,JK000201,4370,584,870,221,87
2231,473,728,Shamela0004289,1504,614,881,135,64
2231,508,728,Shamela0010906,954,899,1099,109,62
2231,1005,1414,Sham19Y0122406,3638,636,1034,244,66
2231,473,728,Sham19Y0122406,3639,518,785,134,64
2231,508,728,Sham19Y0132524,2521,1118,1353,123,68
2231,534,893,Sham19Y0132524,2522,354,780,142,41
2231,539,728,Shamela0001438,6036,1211,1399,106,60
2231,539,728,Sham19Y0018144,2612,726,927,113,62
2231,539,728,Shamela0036446,823,1168,1355,108,70
2231,473,728,Shamela0025800,2212,764,1031,134,64
2231,473,728,Shamela0026484,635,689,953,137,59
2231,539,728,Sham19Y0020638,1133,886,1092,119,74
2231,562,772,Sham19Y0020638,1821,589,703,71,39
2231,395,728,JK000216,70,1091,1378,133,47
2231,469,728,Shia001782Vols,3094,490,734,129,56
2231,69,315,Sham19Y0013252,5224,1161,1375,159,78
2231,448,728,Shamela0006700,418,412,669,118,48
2231,473,728,Sham19Y0017616,412,908,1175,134,64
2231,496,728,Shamela0000976,52,152,385,120,55
2231,457,728,JK007065,91,211,522,143,60
2231,457,747,Sham19Y0148271,624,1052,1346,143,61
2231,539,728,Shamela0010803,124,572,785,114,68
2231,32,298,Sham19Y0150962,1385,741,985,192,86
2231,457,728,Sham19Y0017442,150,408,638,123,50
2232,929,1232,Sham19Y0016584,2699,1073,1433,84,21
2232,932,1232,Sham19Y0127656,451,79,374,120,47
2232,932,1037,JK000532,332,301,408,73,84
2232,929,1232,JK000110,949,871,1205,85,22
2232,929,1260,Shamela0001727,1352,930,1334,179,55
2232,1390,1499,Shamela0001727,1353,149,257,84,98
2232,929,1146,Shamela0005756,10265,697,933,107,50
2232,929,1236,Shamela0004289,1505,811,1193,122,39
2232,1152,1499,Shamela0004289,1506,7,327,154,47
2232,932,1232,Shamela0010906,920,422,797,96,23
2232,683,1227,Sham19Y0122406,3642,717,1537,273,40
2232,929,1037,Sham19Y0132524,2525,1154,1297,81,73
2232,1097,1499,Sham19Y0132524,2528,320,660,184,56
2232,929,1037,Sham19Y0018106,2555,1083,1222,75,68
2232,1117,1499,ShamAY0034005,1328,550,949,136,28
2232,956,1508,Shamela0026484,592,52,560,201,39
2232,929,1499,Sham19Y0020638,1135,498,1097,284,51
2232,411,566,Sham19Y0020638,1821,995,1282,79,32
2232,932,1037,Shia001976Vols,181,186,326,73,65
2232,929,1260,Shamela0010549,424,156,487,167,55
2232,929,1499,Sham19Y0017616,411,659,1194,286,52
2232,929,1037,Sham19Y0018176,1375,1022,1161,75,68
2232,929,1232,Sham19Y0013605,2997,419,1189,84,12
2233,511,690,Shamela0004445,2908,894,1069,130,89
2233,511,685,Shamela0004445,3421,682,864,128,84
2233,511,685,Sham19Y0145435,5577,709,883,134,94
2233,511,685,Sham19Y0145435,5628,702,876,134,94
2233,501,1446,Shamela0008176,7783,401,1299,401,39
2233,511,685,ShamAY0032749,11,108,282,134,94
2233,501,685,Kraken220413030759,87,768,946,136,91
2233,511,685,Shamela0007472,8,462,621,109,76
2233,511,690,Rafed0003489,202,446,621,130,89
2233,524,685,Shamela0007361,401,412,573,113,84
2233,524,677,Sham19Y0131521,2760,398,519,90,75
2233,511,685,Sham19Y0131521,6158,1308,1453,111,78
2233,511,685,Shamela0001727,1353,907,1081,134,94
2233,511,685,JK006838,1489,86,236,108,72
2233,501,690,Sham19Y0013572,1351,607,866,136,66
2233,511,665,Sham19Y0127700,362,1353,1499,112,88
2233,501,685,Shamela0005756,10227,204,370,123,81
2233,501,685,Sham19Y0023644,8016,870,1048,136,91
2233,511,685,ShamAY0032853,9,1006,1189,134,89
2233,501,685,Sham19Y0013231,4970,1258,1436,136,91
2233,511,685,Shamela0035100,620,212,382,128,90
2233,511,685,Sham19Y0017903,1010,681,851,128,90
2233,628,1563,JK000201,4327,70,1255,530,44
2233,519,685,Shamela0004289,1505,1,167,128,94
2233,511,685,ShamAY0035791,7,246,405,109,76
2233,511,685,Shamela0010906,617,393,560,126,88
2233,511,685,Shamela0010906,920,1136,1291,119,83
2233,511,685,Shamela0009702,358,313,487,134,94
2233,511,685,Shamela0009702,540,678,848,128,90
2233,511,685,Sham19Y0122406,3644,780,954,134,94
2233,511,685,Shamela0006590,639,976,1121,111,78
2233,511,685,Sham19Y0145212,3786,1233,1407,134,94
2233,501,685,Sham19Y0016618,185,1035,1227,136,84
2233,511,685,Shamela0026668,294,601,774,137,99
2233,511,652,Shamela0026668,465,1333,1474,113,100
2233,511,685,Sham19Y0132524,2529,148,322,134,94
2233,524,685,Shamela0036446,1187,1128,1274,112,84
2233,511,685,ShamAY0034569,368,989,1158,134,97
2233,501,685,Shamela0025800,2366,1233,1407,130,86
2233,501,685,Sham19Y0017791,2127,103,299,140,87
2233,511,685,Sham19Y0020638,1136,63,236,133,93
2233,511,685,ShamAY0037807,5,334,497,126,91
2233,501,685,Masaha001864Vols,1198,133,327,130,78
2233,511,685,Masaha001864Vols,3339,733,903,128,90
2233,935,1528,Masaha001864Vols,4369,938,1557,483,95
2233,501,685,Shamela0010549,425,388,567,134,89
2233,501,685,Sham19Y0016976,1911,810,988,136,91
2233,501,685,Shamela0000782,1259,762,933,130,88
2233,511,685,JK007065,1084,923,1097,138,100
2233,511,669,Sham19Y0122257,3467,1336,1494,122,93
2233,1229,1446,Sham19Y0122257,3469,86,220,107,60
2233,501,685,Sham19Y0014119,676,1125,1303,140,96
2233,486,685,Sham19Y0017063,1616,282,467,143,90
2233,524,685,Sham19Y0148271,1470,92,253,124,93
2233,511,685,Shamela0008360,952,74,248,134,94
2233,511,685,Sham19Y0018100,1095,847,1021,134,94
2233,907,1544,Shamela0000791,26,564,1187,495,93
2234,153,452,Shamela0007562,307,128,293,128,52
2234,714,875,JK007054,586,1240,1428,120,81
2234,727,1416,JK007054,587,29,449,324,57
2234,714,875,Shia001432Vols,16344,771,960,114,74
2234,631,875,Shia001353,344,607,999,164,50
2234,82,411,Shamela0021715,5855,118,569,154,38
2234,611,1416,Shamela0025791,325,104,1147,455,49
2234,49,179,Shamela0001727,1354,473,753,99,44
2234,631,875,Shamela0001727,1355,20,389,155,53
2234,751,875,Shia003698,188,21,151,98,95
2234,452,650,Shamela0005756,10288,445,634,113,73
2234,452,650,Shamela0005756,10290,538,727,113,73
2234,584,875,Sham19Y0127677,20257,101,458,162,46
2234,136,478,Shia001831Vols,473,667,916,161,52
2234,714,875,Shamela0008493,226,799,986,98,63
2234,714,875,Shamela0004289,1508,911,1103,111,74
2234,49,179,Sham19Y0122406,3646,804,1082,99,44
2234,136,875,Sham19Y0122406,3647,197,1284,385,42
2234,751,875,Shamela0001875,984,629,785,95,77
2234,1039,1272,Sham19Y0018144,6326,1008,1246,181,92
2234,631,875,Shamela0026891,12,454,879,161,49
2234,611,875,Shamela0025800,2425,783,1161,149,49
2234,741,875,Shia003707Vols,468,1,165,98,74
2234,714,875,Shamela0026484,530,994,1182,120,81
2234,597,875,Sham19Y0020638,1137,1145,1401,153,56
2234,119,452,Masaha001946Vols,732,10,200,147,54
2234,631,875,Rafed0002654Vols,4198,111,487,155,52
2234,714,875,Rafed0002654Vols,9518,368,556,120,81
2234,631,875,Shia004092Vols,4255,537,909,152,51
2234,714,875,Shia004092Vols,9431,189,377,120,81
2234,584,875,Sham19Y0017616,414,196,672,184,49
2234,714,875,Shia003444,12,434,622,118,80
2234,82,626,Sham19Y0013605,3007,653,1272,290,51
2234,597,875,Shia003702,174,145,490,134,42
2235,333,645,Shamela0001727,1355,786,1141,121,29
2235,1148,1314,Shamela0004289,1520,879,1422,115,27
2235,1183,1581,Sham19Y0122406,3651,858,1350,225,52
2235,333,645,Sham19Y0018144,2608,444,896,114,24
2235,1154,1314,Sham19Y0020638,1139,878,1118,108,56
2235,770,1001,Masaha001864Vols,4468,924,1155,186,97
2235,572,770,Sham19Y0150962,1374,1068,1292,119,66
2236,482,898,Shamela0025794,390,437,829,146,30
2236,1142,1306,Shamela0021715,5939,1,166,130,95
2236,482,898,Shamela0001727,1357,65,512,161,31
2236,1001,1471,Shamela0001727,1358,29,486,161,28
2236,519,882,JK000786,2601,604,862,122,33
2236,461,629,Shamela0023644,1318,1384,1564,97,65
2236,476,898,Shamela0023644,1319,35,131,74,22
2236,1020,1192,Shia001831Vols,473,1352,1550,139,86
2236,519,898,Shamela0004289,1512,18,363,151,40
2236,1001,1476,Shamela0023628,491,917,1388,285,67
2236,519,877,Shamela0010527,1321,172,476,141,41
2236,427,629,Sham19Y0122406,3652,1106,1381,138,57
2236,519,862,Sham19Y0122406,3653,796,1112,143,46
2236,1001,1596,Sham19Y0122406,3654,197,1128,196,21
2236,1051,1403,Sham19Y0013631,1115,95,347,162,56
2236,461,682,Sham19Y0018144,6343,576,1105,169,39
2236,582,898,Shamela0036446,366,1,131,93,37
2236,1020,1306,ShamAY0035990,277,464,627,126,54
2236,519,898,Shamela0025800,1785,265,473,148,49
2236,482,898,ShamAY0034005,1411,94,518,143,28
2236,519,898,Sham19Y0020638,1141,40,248,138,45
2236,1001,1471,Sham19Y0020638,1142,257,531,165,40
2236,996,1396,Masaha001864Vols,4501,328,547,87,27
2236,833,1596,Masaha001864Vols,5320,15,806,529,78
2236,1020,1306,Shamela0011036,1707,1,294,228,94
2236,482,824,Shamela0012398,141,1156,1479,210,74
2236,519,898,JK007065,1120,266,498,151,50
2236,1001,1396,Sham19Y0017063,1630,835,1309,257,60
2236,482,898,Sham19Y0148271,912,680,1055,167,43
2236,519,882,Shamela0000638,16,412,671,115,31
2237,917,1140,Masaha002473,199,946,1173,170,95
2237,914,1129,Shamela0004445,1196,122,336,167,99
2237,914,1097,Shamela0007891,2416,1241,1423,143,99
2237,917,1129,JK007054,310,1258,1482,156,83
2237,917,1129,Shia001432Vols,6907,181,393,153,87
2237,762,909,JK001472,62,286,435,114,90
2237,914,1129,Sham19Y0016584,2752,316,543,167,93
2237,917,1140,Shamela0006596,12,1140,1370,167,88
2237,914,1309,Shamela0003485,297,686,1032,169,43
2237,966,1129,JK009390,24,169,336,125,96
2237,914,1129,JK009390,5722,812,1010,143,79
2237,903,1129,JK009390,5783,744,966,146,73
2237,914,1129,Shia001353,341,831,1039,159,94
2237,914,1129,Shia001416,370,187,383,150,88
2237,501,757,Shamela0002569,349,17,256,183,86
2237,917,1129,Sham19Y0127656,465,56,267,165,99
2237,914,1140,Sham19Y0013614,843,1235,1460,162,87
2237,914,1129,JK000110,970,222,449,167,93
2237,914,1129,Shamela0008353,833,776,1003,167,93
2237,914,1129,ShamAY0034447,745,916,1141,165,92
2237,971,1378,Shamela0012031,311,1,298,128,31
2237,917,1129,Shamela0025794,1347,303,517,159,93
2237,914,1140,Sham19Y0014592,291,134,392,159,78
2237,914,1140,Shamela0021715,5943,858,1092,173,92
2237,762,1133,Shamela0001727,1358,494,859,197,53
2237,917,1133,Shamela0023700,2858,459,676,165,97
2237,917,1143,Shamela0003118,5692,276,490,160,90
2237,914,1129,Masaha002028Vols,2097,889,1069,139,82
2237,914,1143,Sham19Y0013572,1190,31,255,172,94
2237,974,1133,JK001236,253,1,160,121,96
2237,914,1129,Sham19Y0127700,350,222,448,163,90
2237,914,1258,Shamela0005756,10368,628,952,210,66
2237,914,1129,Sham19Y0127677,5428,650,876,167,94
2237,914,1037,Shamela0001673,11655,1011,1393,87,29
2237,917,1133,Masaha001961Vols,568,298,511,163,95
2237,917,1133,Shia003754Vols,242,257,486,164,91
2237,917,1129,Shamela0035100,528,851,1045,148,88
2237,914,1106,JK011225,156,1387,1562,123,79
2237,966,1077,JK011225,318,37,152,86,95
2237,452,718,Shia001831Vols,474,373,567,159,72
2237,917,1133,Shamela0004289,1513,492,709,163,96
2237,917,1129,Shamela0010906,122,824,1018,148,88
2237,430,599,Shamela0023628,491,1383,1553,134,98
2237,757,979,Shamela0023628,492,13,206,133,76
2237,914,1129,Rafed0000185Vols,188,747,988,152,79
2237,966,1129,Shamela0001975,14,733,897,127,99
2237,917,1133,Shamela0009702,683,491,719,164,91
2237,917,1133,Sham19Y0122406,3655,31,253,165,94
2237,966,1129,Shia002265Vols,3850,727,892,126,97
2237,903,1129,Shia002265Vols,4537,955,1168,161,91
2237,931,1110,Sham19Y0145212,3824,1,166,129,91
2237,927,1133,Shamela0037837,893,642,847,148,89
2237,914,1129,Sham19Y0016618,191,758,985,166,93
2237,917,1129,Rafed0003376Vols,1506,41,244,158,95
2237,914,1378,Shamela0008473,3799,88,504,173,36
2237,914,1129,Sham19Y0001734,2625,116,330,145,76
2237,917,1037,Sham19Y0132524,2548,1256,1376,94,100
2237,966,1129,Shamela0001438,73,1265,1431,126,97
2237,914,1133,Shamela0001438,7484,913,1119,158,92
2237,917,1140,ShamAY0033945,1551,22,254,166,89
2237,914,1129,Sham19Y0018106,2594,27,254,167,93
2237,917,1133,Sham19Y0018144,2628,585,803,168,98
2237,501,914,Sham19Y0018103,2279,561,815,196,57
2237,914,1378,Sham19Y0018103,2470,811,1355,224,40
2237,927,1037,Sham19Y0018103,4271,116,225,85,99
2237,914,1062,Sham19Y0017791,2147,1350,1499,106,83
2237,914,1110,Sham19Y0017791,2148,68,285,144,79
2237,917,1129,Shia003707Vols,456,743,965,153,83
2237,914,1129,Shamela0096283,296,407,634,167,93
2237,914,1129,Shia003732Vols,2973,1176,1417,141,70
2237,914,1129,Shamela0021659,26,703,943,143,69
2237,914,1133,ShamAY0034005,1073,362,569,152,85
2237,762,1133,Sham19Y0020638,1142,539,815,189,63
2237,917,1129,Masaha001864Vols,4501,56,253,150,90
2237,1,406,Masaha001864Vols,5320,806,1211,330,100
2237,914,1129,Sham19Y0013252,6284,125,352,167,93
2237,917,1129,Sham19Y0013252,6285,11,245,162,88
2237,917,1140,Shamela0011036,149,1250,1460,158,88
2237,890,1129,Sham19Y0016976,1922,155,407,166,81
2237,914,1129,Sham19Y0017616,420,1175,1410,168,91
2237,914,1129,Sham19Y0009800,441,977,1201,160,89
2237,406,909,ShamAY0035249,117,900,1406,407,99
2237,914,1129,JK007065,995,1152,1358,158,94
2237,935,1129,Zaydiyya0000025,15,756,940,137,91
2237,914,1129,Sham19Y0018176,1404,27,254,167,93
2237,914,1129,Shamela0012220,1659,690,909,159,92
2237,917,1129,Sham19Y0122257,3495,795,993,154,92
2237,914,1129,Sham19Y0014328,283,395,609,167,99
2237,914,1129,Sham19Y0014119,684,729,945,158,88
2237,927,1129,Sham19Y0017063,1630,1270,1460,148,93
2237,917,1129,Sham19Y0148271,1445,1184,1405,159,90
2237,7,406,ShamAY0033760,815,683,905,142,39
2237,917,1129,Shamela0008360,962,1064,1262,154,92
2237,914,1129,Shia003752Vols,250,1105,1333,167,93
2237,501,914,Sham19Y0013605,2836,861,1114,188,55
2237,914,1103,Sham19Y0013605,3038,1193,1394,148,93
2237,914,1140,Sham19Y0013605,5094,813,1005,139,78
2238,1128,1345,JK007054,210,1,304,151,59
2238,1064,1273,Shamela0006172,458,720,1011,145,63
2238,1064,1279,Shamela0001673,5771,930,1181,142,69
2238,1379,1546,Shia001831Vols,474,807,925,92,68
2238,1326,1505,Shamela0004289,1514,1170,1325,62,38
2238,519,624,Sham19Y0013631,241,285,385,79,95
2238,1,336,Sham19Y0018144,3241,856,1266,190,53
2238,761,1273,Sham19Y0018103,2471,205,773,234,43
2238,1345,1505,Shamela0025800,3294,11,114,47,38
2238,922,1509,Sham19Y0020638,1143,586,881,105,22
2238,1,705,Sham19Y0020638,1823,1168,1477,149,25
2238,1326,1568,Sham19Y0122257,3497,567,1151,103,21
2238,1,336,Sham19Y0017063,1631,227,478,208,74
2238,1330,1546,Sham19Y0017063,1632,305,473,123,70
2238,1,229,Shamela0000791,339,1310,1537,181,98
2238,761,1057,Sham19Y0013605,3039,1152,1462,158,52
2239,553,1146,JK007054,210,414,1111,452,80
2239,1,207,Shamela0008176,7866,1349,1543,155,92
2239,207,678,Shamela0008176,7867,1,387,248,60
2239,543,1157,Kraken21050704,225,337,1035,282,45
2239,46,381,Shamela0005756,12347,1224,1553,238,85
2239,633,1146,Shamela0005756,13733,773,1025,169,41
2239,22,512,Shia001831Vols,474,925,1255,260,66
2239,11,512,Sham19Y0122406,3658,814,1272,214,45
2239,543,1175,Sham19Y0122406,3659,660,1321,350,62
2239,1263,1514,Sham19Y0122406,3660,1103,1377,194,87
2239,620,1150,Sham19Y0018103,3597,748,1010,148,34
2239,692,947,ShamAY0035990,660,849,1060,128,57
2239,1,377,Sham19Y0122257,3497,1156,1526,282,91
2239,30,536,Sham19Y0017063,1632,481,923,288,61
2239,517,1150,Sham19Y0013605,4283,1046,1420,179,34
2240,327,772,ShamAY0034227,2717,94,559,348,90
2240,1359,1503,ShamAY0035035,3848,1039,1184,112,97
2240,387,534,ShamAY0035035,5128,398,563,117,87
2240,327,846,Shamela0001727,1360,902,1045,110,26
2240,193,499,Sham19Y0122406,3661,1,303,182,71
2240,387,772,ShamAY0035950,695,396,663,214,67
2240,336,846,Sham19Y0020638,1144,64,198,103,24
2240,1047,1288,Shamela0011036,1747,1272,1513,196,100
2240,1288,1596,Shamela0011036,1748,1,302,227,87
2240,392,756,Shamela0011036,1755,289,657,296,98
2240,327,1112,Sham19Y0017616,417,1,636,171,19
2240,1047,1295,Sham19Y0017616,633,400,646,198,98
2240,1010,1596,ShamAY0035249,116,49,635,475,100
2241,777,973,Sham19Y0148486,4631,1067,1278,145,85
2241,801,997,Shamela0001727,1362,1,204,139,86
2241,785,979,ShamAY0033910,837,1250,1443,146,93
2241,777,997,Shamela0005756,8248,270,497,157,87
2241,777,939,Shamela0000894,446,1310,1477,127,97
2241,801,963,Shamela0001673,4490,349,868,127,31
2241,821,979,JK000130,839,1,162,120,95
2241,130,352,Shia001831Vols,474,1360,1563,96,38
2241,451,1035,Shia001831Vols,475,1,418,290,56
2241,777,997,Sham19Y0122406,3662,1256,1483,160,88
2241,777,939,Sham19Y0122406,3664,609,756,112,86
2241,777,973,Shamela0026668,349,593,796,146,88
2241,777,893,Sham19Y0132524,2557,1370,1491,91,95
2241,777,997,Sham19Y0018144,2640,769,991,155,86
2241,777,979,Shamela0025800,2480,1104,1312,151,91
2241,777,979,ShamAY0034005,1078,997,1209,157,94
2241,777,997,Sham19Y0020638,1146,404,631,158,87
2241,130,630,Sham19Y0020638,1824,774,1001,165,39
2241,785,973,JK000475,1882,849,1027,138,93
2241,777,997,Shamela0021550,432,1200,1427,160,88
2241,98,1090,Shamela0021550,433,72,539,309,38
2241,777,956,Sham19Y0146127,2489,1295,1455,121,84
2241,1343,1535,Shamela0011036,1749,1195,1390,149,93
2241,275,825,Shamela0011036,1751,667,1558,231,26
2241,777,997,Sham19Y0017616,418,147,374,158,87
2241,138,1090,Sham19Y0017616,633,646,1008,269,34
2241,785,979,ShamAY0035249,18,1161,1351,148,96
2241,1,893,ShamAY0035249,116,635,1528,712,99
2241,893,1549,ShamAY0035249,117,1,658,532,99
2241,777,979,JK007065,1387,675,887,154,92
2241,777,997,Sham19Y0017798,517,420,642,157,89
2241,777,997,Shamela0010803,272,332,541,137,74
2242,205,330,ShamAY0036128,23,1,126,103,100
2242,1231,1477,Shamela0005756,12595,614,821,138,70
2242,111,920,Shia001831Vols,475,463,921,226,31
2242,92,305,Sham19Y0122406,3665,563,864,123,43
2242,1247,1484,Masaha001864Vols,5308,185,410,180,94
2242,920,1379,ShamAY0035249,143,1041,1500,368,100
2242,1379,1593,ShamAY0035249,144,1,215,173,100
2243,472,580,JK007054,211,242,350,86,100
2243,997,1222,Sham19Y0131521,6777,9,177,99,49
2243,1344,1541,Shamela0001673,7702,740,1224,140,35
2243,16,604,Sham19Y0013631,1742,727,1322,286,49
2243,722,1114,Sham19Y0013252,5696,260,518,188,56
2243,75,415,Sham19Y0013252,7781,771,1040,176,62
2243,769,1042,Shamela0011036,2112,1,389,191,59
2243,1,580,ShamAY0035249,144,215,794,462,100
2243,722,1140,Sham19Y0023625,1974,1038,1444,321,94
2243,712,988,Sham19Y0013605,3015,988,1188,134,59
2244,841,1283,Shamela0007891,1467,480,971,139,23
2244,1225,1409,Shamela0003485,240,1217,1345,87,56
2244,1064,1204,Shamela0005446,399,808,1069,87,41
2244,1,152,ShamAY0034015,59,157,323,115,85
2244,1263,1527,Shamela0005756,12538,119,290,110,49
2244,540,1181,Shamela0001673,7705,214,792,208,33
2244,1225,1409,Kraken230106005528,641,1220,1349,84,55
2244,1225,1409,Sham19Y0014309,1998,304,432,87,56
2244,841,1543,Shia001831Vols,475,995,1320,218,38
2244,1035,1256,Sham19Y0132524,2565,126,374,116,49
2244,502,1556,Shamela0001438,138,295,804,349,41
2244,1232,1458,Sham19Y0013631,109,1343,1482,90,52
2244,1232,1556,Sham19Y0020638,1825,555,814,192,75
2244,481,693,Sham19Y0020638,1825,369,526,125,73
2245,362,874,Shamela0009429,535,397,577,128,31
2245,378,874,Shamela0007891,1466,305,471,127,32
2245,67,266,Shamela0007891,1467,1296,1451,119,73
2245,603,874,Sham19Y0016584,3573,1118,1237,93,43
2245,367,874,Shamela0003485,239,971,1145,130,32
2245,32,170,Shamela0003485,240,1366,1486,94,83
2245,529,1233,Shamela0003485,241,1,530,263,43
2245,67,367,Shamela0002911,233,1144,1316,127,51
2245,821,1132,ShamAY0035035,3823,1115,1432,89,24
2245,386,878,Shamela0005446,398,1,201,119,31
2245,67,310,JK007128,991,1000,1211,121,57
2245,362,874,Shamela0021715,8080,20,202,133,32
2245,816,1047,Shamela0025791,533,1204,1420,61,20
2245,362,874,Sham19Y0016684,1759,1254,1436,133,32
2245,373,664,Sham19Y0016684,1761,1193,1466,151,59
2245,816,1415,Sham19Y0016684,1762,248,746,141,25
2245,362,874,Shamela0001727,1365,74,256,133,32
2245,362,874,ShamAY0032834,24,667,848,130,32
2245,84,1103,ShamAY0032834,25,940,1445,237,28
2245,362,874,JK000916,18904,574,751,129,31
2245,373,874,Shamela0026740,19,314,540,132,32
2245,362,874,Shamela0005756,12534,210,392,133,32
2245,688,816,Shamela0005756,12539,1074,1217,93,78
2245,78,502,Sham19Y0127677,5896,1004,1166,126,37
2245,829,1321,Shamela0001673,7709,1,392,146,37
2245,84,853,Shia003895Vols,218,297,1023,324,45
2245,529,1233,Kraken230106005528,642,83,666,275,44
2245,378,874,Shia002175,59,186,541,126,23
2245,84,816,Shia002175,60,458,1220,299,42
2245,373,874,Sham19Y0014309,1997,1,172,131,33
2245,37,1468,Sham19Y0014309,1998,452,1336,454,36
2245,78,362,Sham19Y0013253,820,968,1242,190,73
2245,608,1472,Sham19Y0013253,821,43,900,234,24
2245,391,1163,Shia001831Vols,476,5,358,198,31
2245,362,878,JK001460,636,722,945,131,32
2245,362,874,Shamela0007435,250,66,247,129,32
2245,603,874,Shamela0023647,49,11,130,93,43
2245,378,874,Shamela0005815,271,358,543,101,25
2245,78,367,Sham19Y0122406,3670,833,1114,191,72
2245,495,874,Sham19Y0122406,3671,90,290,124,40
2245,362,874,JK009324,2412,31,213,133,32
2245,84,279,JK009324,2413,1070,1218,118,75
2245,362,874,Shamela0037837,530,1202,1384,133,32
2245,362,853,Shamela0026668,22,1294,1455,117,29
2245,362,874,Sham19Y0016946,614,140,322,133,32
2245,67,664,Sham19Y0016946,615,701,1403,253,35
2245,378,874,Sham19Y0001734,2669,1041,1209,126,32
2245,306,664,Sham19Y0132524,2565,722,987,135,38
2245,378,874,Sham19Y0132524,2566,5,755,211,32
2245,20,616,Shamela0001438,138,786,1003,148,29
2245,621,1238,Shamela0001438,139,131,528,283,57
2245,362,845,Kraken230110004547,287,1311,1468,111,28
2245,362,874,Sham19Y0018106,3318,20,202,133,32
2245,899,1233,Sham19Y0018144,6365,619,848,116,43
2245,362,874,Shamela0036446,501,214,396,133,32
2245,362,874,Sham19Y0018103,3199,81,263,133,32
2245,684,798,Sham19Y0018103,3201,1074,1193,89,94
2245,362,874,Shamela0005772,132,20,202,133,32
2245,362,874,ShamAY0033733,149,759,943,131,32
2245,362,874,Shamela0025800,1729,292,474,133,32
2245,1056,1518,Shamela0025800,1731,128,371,116,31
2245,373,874,Shamela0096283,378,116,287,131,33
2245,362,874,Sham19Y0147597,1787,949,1131,132,32
2245,362,874,ShamAY0034005,1231,913,1095,133,32
2245,362,874,Sham19Y0020638,1148,874,1056,133,32
2245,20,1233,Sham19Y0020638,1825,796,1440,465,47
2245,362,874,Shamela0013129,14,391,573,133,32
2245,362,874,Shamela0003722,3528,1162,1344,133,32
2245,362,874,JK000475,1935,484,666,133,32
2245,362,874,JK000475,1936,826,1010,131,32
2245,373,874,Shamela0004126,23,1253,1425,131,33
2245,362,874,Shamela0000700,32,521,703,133,32
2245,362,874,Sham19Y0013252,7712,728,910,133,32
2245,78,367,Sham19Y0013252,7721,229,882,157,27
2245,773,1250,Sham19Y0013252,7723,584,994,203,43
2245,362,874,Sham19Y0017616,419,934,1116,133,32
2245,67,227,Sham19Y0017616,633,1201,1361,127,98
2245,373,883,Sham19Y0122255,257,1043,1223,133,33
2245,362,874,Sham19Y0014102,3,6,188,133,32
2245,362,874,ShamAY0035249,72,830,1012,133,32
2245,362,874,ShamAY0035249,73,1169,1353,131,32
2245,362,874,JK007065,1345,675,857,133,32
2245,362,874,Sham19Y0018176,1929,721,903,133,32
2245,362,874,Sham19Y0148271,2232,152,334,133,32
2245,378,874,Masaha003492Vols,639,463,780,126,24
2245,386,874,Sham19Y0013605,3821,503,661,120,31
2245,1005,1518,Sham19Y0013605,3822,398,782,166,37
2245,684,1035,Sham19Y0013605,3822,169,428,130,44
2246,66,644,Shamela0007891,1468,848,1295,187,32
2246,933,1220,Sham19Y0017124,971,1298,1551,196,82
2246,1220,1553,Sham19Y0017124,972,1,152,122,44
2246,1,500,Shamela0003485,241,590,804,146,36
2246,199,884,Shamela0002569,496,1071,1521,200,32
2246,1,644,Sham19Y0029600,9,698,1495,485,74
2246,32,315,JK007128,992,929,1202,179,73
2246,1,422,ShamAY0032834,26,66,602,246,53
2246,203,862,Shamela0005756,12541,815,1182,215,38
2246,1225,1553,Shamela0001673,7713,529,876,252,88
2246,174,315,Shia003895Vols,219,38,179,95,79
2246,1,500,Sham19Y0014309,1998,1244,1467,160,40
2246,1,692,Sham19Y0013253,821,696,1480,460,69
2246,692,975,Sham19Y0013253,822,1,308,167,64
2246,88,928,Sham19Y0122406,3672,1,1033,544,62
2246,1,340,JK009324,2414,623,923,184,61
2246,1,297,Sham19Y0016946,616,132,431,182,68
2246,1,543,Shamela0001438,138,1048,1435,287,64
2246,1,705,Sham19Y0018103,3202,716,1498,269,32
2246,1,539,Sham19Y0020638,1826,50,273,152,34
2246,436,826,Sham19Y0016782,46,1,520,257,62
2246,178,531,JK007040,4097,152,486,181,57
2246,1,719,Sham19Y0122255,259,889,1513,243,32
2246,733,1504,Sham19Y0122255,260,1,998,298,29
2246,85,315,Shamela0012848,65,425,639,137,68
2246,54,453,Sham19Y0013605,3822,973,1151,119,37
2247,288,590,Shamela0009429,535,690,843,99,41
2247,333,590,Shamela0001733,4576,242,373,88,42
2247,346,590,Shamela0001733,4580,895,1039,76,38
2247,938,1127,Shamela0003485,241,1354,1543,148,92
2247,1299,1633,Shamela0003485,242,7,327,202,68
2247,288,590,Shamela0001727,1365,381,535,99,41
2247,288,590,JK000916,18904,874,1027,99,41
2247,288,590,Shamela0003118,5458,233,387,99,41
2247,1269,1619,Shamela0005756,12544,1,608,149,26
2247,690,1127,Shia003895Vols,220,13,564,204,39
2247,938,1626,Kraken230106005528,643,46,565,340,56
2247,938,1633,Sham19Y0014309,1999,591,1112,351,58
2247,281,1127,Sham19Y0013253,822,677,1395,294,33
2247,694,1452,Sham19Y0122406,3674,175,1603,435,36
2247,694,1656,JK009324,2415,419,1068,267,28
2247,694,1656,Sham19Y0016946,617,392,1578,422,34
2247,178,346,Shamela0001438,139,1,131,99,75
2247,1382,1571,Sham19Y0018144,6366,485,678,149,93
2247,288,590,Shamela0036446,501,519,673,99,41
2247,351,597,Shamela0009107,165,1081,1233,78,39
2247,1306,1660,Shamela0009107,165,1212,1320,67,23
2247,1306,1660,Shamela0009107,626,1003,1111,67,23
2247,288,597,Shamela0025800,1729,607,770,105,43
2247,288,590,Sham19Y0020638,1148,1179,1333,99,41
2247,8,1403,Sham19Y0020638,1826,368,1002,462,40
2247,288,590,Sham19Y0017616,419,1260,1414,99,41
2247,288,590,JK007065,1345,990,1144,99,41
2247,8,453,Sham19Y0013605,3823,611,1093,181,37
2247,1133,1561,Sham19Y0013605,3824,152,515,201,54
2248,39,403,Shamela0003485,242,307,659,263,85
2248,721,1158,Shamela0002569,500,93,872,322,50
2248,1,422,Shamela0005756,12545,437,713,166,46
2248,66,403,Kraken230106005528,643,740,1068,241,82
2248,39,403,Sham19Y0014309,1999,1092,1445,262,85
2248,1,351,Shia003923Vols,1412,1174,1355,90,28
2248,1,690,Sham19Y0122406,3675,282,1219,323,36
2248,823,1532,Sham19Y0122406,3676,1,1126,272,27
2248,1,403,Sham19Y0016946,618,86,287,124,35
2248,50,403,Shamela0001438,139,837,1193,271,90
2248,1,284,Sham19Y0013631,2039,1375,1472,59,25
2248,39,403,Sham19Y0018103,3204,911,1270,177,50
2248,33,403,Sham19Y0020638,1826,1041,1378,276,90
2248,1288,1567,Sham19Y0020638,1826,1414,1571,116,52
2248,1,351,Sham19Y0016782,357,332,507,96,32
2248,33,351,Sham19Y0017616,634,898,1216,203,68
2248,42,701,Sham19Y0122255,262,74,564,176,28
2248,39,403,Sham19Y0013605,3824,928,1282,230,70
2249,187,1599,Shamela0003485,242,1014,1620,391,33
2249,109,302,JK007128,995,402,666,88,36
2249,109,302,Shia003895Vols,221,524,747,85,39
2249,489,856,Kraken230106005528,644,36,161,90,29
2249,14,1599,Sham19Y0014309,2000,146,856,455,34
2249,14,310,Sham19Y0013253,823,886,1242,159,45
2249,14,296,Sham19Y0122406,3676,1129,1465,156,46
2249,489,1495,Sham19Y0122406,3677,182,1225,385,34
2249,109,302,JK009324,2416,759,973,89,45
2249,14,332,Sham19Y0016946,618,618,937,120,36
2249,14,847,Shamela0001438,139,1316,1553,181,27
2249,1280,1579,Shamela0001438,140,21,180,122,50
2249,1254,1559,Sham19Y0018144,6367,361,590,124,47
2249,181,741,Sham19Y0018103,3205,546,920,205,44
2249,115,1599,Sham19Y0020638,1827,1,359,256,20
2249,20,674,Sham19Y0014102,11,571,905,151,26
2249,109,867,Sham19Y0013605,3825,105,821,191,20
2250,815,1445,Shamela0003485,243,154,559,304,59
2250,1057,1474,Shamela0002569,504,441,1008,175,32
2250,7,459,Shamela0005756,12548,121,369,130,32
2250,797,1001,Shamela0005756,12549,67,604,121,27
2250,803,1445,Kraken230106005528,644,693,1176,317,59
2250,803,1445,Sham19Y0014309,2000,1005,1461,339,64
2250,940,1431,Shia001831Vols,478,23,249,150,37
2250,1057,1394,JK009324,2417,909,1252,117,32
2250,1057,1431,Shamela0001438,140,320,454,106,35
2250,59,1150,Sham19Y0018144,6367,632,1615,302,25
2250,160,1408,Sham19Y0020638,1827,342,908,406,40
2250,14,648,Sham19Y0013252,7733,391,812,188,33
2250,228,1479,Sham19Y0122255,264,279,1354,419,32
2251,1,209,Shamela0003485,243,569,739,130,76
2251,132,945,Shamela0002569,505,467,1225,368,48
2251,1304,1580,Shamela0005756,12552,862,1138,188,76
2251,1027,1388,Shia001831Vols,478,359,595,137,42
2251,93,755,Sham19Y0122406,3679,667,1593,382,45
2251,755,1304,Sham19Y0122406,3680,1,614,240,41
2251,82,580,Sham19Y0132524,2573,264,834,300,59
2251,1198,1432,Shamela0001438,140,550,759,171,88
2251,599,878,Sham19Y0018144,6370,750,1196,150,38
2251,1350,1580,Sham19Y0018103,3207,14,132,75,39
2251,1027,1432,Sham19Y0020638,1827,1123,1395,212,64
2251,1,572,Sham19Y0020638,1827,920,1115,158,33
2251,82,1021,Sham19Y0013252,7735,695,1471,521,66
2251,93,1623,Sham19Y0122255,265,194,1152,496,38
2251,1066,1580,Sham19Y0013605,3826,795,1361,225,40
2252,163,277,Shamela0007891,1472,1,105,81,89
2252,843,1571,Shamela0003485,243,1319,1627,236,39
2252,130,554,ShamAY0035955,459,446,830,247,67
2252,1290,1444,Shamela0002569,507,1357,1581,114,60
2252,137,849,Shamela0002569,507,451,1130,345,48
2252,124,420,Shamela0005756,12554,518,840,122,44
2252,130,590,Shia003895Vols,223,380,638,133,36
2252,43,277,Kraken230106005528,645,157,380,149,72
2252,843,1571,Kraken230106005528,645,436,774,243,40
2252,843,1571,Sham19Y0014309,2001,693,1014,245,40
2252,43,277,Sham19Y0014309,2001,412,637,151,73
2252,103,824,Sham19Y0013253,824,1031,1277,144,24
2252,921,1160,Shamela0009702,814,631,835,115,56
2252,103,824,Sham19Y0122406,3681,648,1428,328,40
2252,103,585,JK009324,2418,263,550,142,35
2252,130,824,Sham19Y0016946,619,878,1106,168,30
2252,68,616,Sham19Y0132524,2575,58,640,259,43
2252,150,824,Sham19Y0018103,3207,557,882,171,29
2252,43,277,Sham19Y0020638,1827,1395,1600,146,75
2252,727,1595,Sham19Y0020638,1828,38,337,234,33
2252,130,863,Sham19Y0013252,7736,808,1450,271,38
2252,829,1264,Sham19Y0013252,7737,25,537,161,31
2253,8,886,Shamela0003485,244,1,256,201,28
2253,1,387,Shamela0002569,508,194,600,169,40
2253,966,1172,Shamela0002569,509,1264,1511,153,74
2253,1172,1335,Shamela0002569,510,1,138,104,81
2253,1098,1335,Shamela0005756,12557,543,758,165,87
2253,256,886,Kraken230106005528,645,762,1035,185,36
2253,1,886,Sham19Y0014309,2001,1014,1297,222,31
2253,1,403,Shamela0001438,140,962,1166,98,28
2253,1107,1335,Sham19Y0018106,3324,1148,1333,142,77
2253,1058,1459,Sham19Y0018103,3208,431,824,232,66
2253,169,328,Shamela0001687,1440,989,1110,82,63
2253,1,403,Sham19Y0020638,1828,337,536,140,44
2253,1188,1459,Sham19Y0013605,3828,1,263,145,56
2254,769,1000,Masaha002473,205,313,508,130,65
2254,769,1000,Shamela0007891,2418,714,951,166,83
2254,769,1154,Shia001432Vols,11329,364,711,191,58
2254,769,1154,ShamAY0034634,7,7,328,208,62
2254,769,1000,Rafed0003228Vols,57,528,763,166,84
2254,769,1000,Shamela0008176,7814,206,459,179,89
2254,769,1000,Shia001353,333,830,1093,177,85
2254,769,1004,Shamela0005803,133,956,1203,171,85
2254,769,1000,Shia002616Vols,7326,923,1173,178,90
2254,769,1019,JK009408,1881,803,1065,179,84
2254,769,1004,ShamAY0032797,2,887,1074,123,59
2254,769,1000,ShamAY0038135,4,356,609,178,89
2254,769,1000,Sham19Y0131521,2912,343,582,168,84
2254,769,1000,Shamela0001727,1366,514,764,179,90
2254,750,1012,Masaha003104,127,1365,1672,191,76
2254,788,1000,Masaha003104,190,712,919,156,91
2254,769,1154,Shia003710,342,1101,1438,192,60
2254,769,1000,Shamela0026568,652,1334,1579,178,90
2254,788,1004,Sham19Y0023644,1620,1,157,106,60
2254,769,1117,Shamela0011816,309,304,1018,234,40
2254,769,1154,Shia004038,127,664,1025,199,58
2254,788,1000,Shamela0117359,517,13,217,153,89
2254,769,1000,Masaha001961Vols,842,839,1085,173,86
2254,769,1066,Shamela0021713,1347,1133,1480,155,52
2254,788,1167,Zaydiyya0000474,798,742,972,172,57
2254,769,1000,Shamela0004289,1516,700,947,174,88
2254,769,1000,Shamela0023685,743,422,672,180,90
2254,769,1004,Shamela0026507,21,1089,1336,162,78
2254,769,974,Sham19Y0122406,3684,1297,1521,158,89
2254,1136,1453,Sham19Y0122406,3687,751,1052,173,59
2254,769,1000,Shamela0011746,86,720,962,163,80
2254,769,1121,Shamela0000927,897,355,818,196,45
2254,1052,1532,Shamela0000927,898,1,192,120,30
2254,769,1004,Shamela0009371,6,370,737,175,60
2254,769,1000,Shamela0009371,7,673,907,163,82
2254,769,1004,Sham19Y0001734,2604,928,1147,148,72
2254,769,902,Sham19Y0132524,2577,73,225,100,84
2254,1254,1516,ShamAY0033531,1605,228,613,194,62
2254,769,1154,Shamela0012731,16,399,725,215,65
2254,750,974,ShamAY0035990,355,819,1114,153,66
2254,788,1000,JK001297,65,1182,1368,141,82
2254,769,1154,Shamela0025800,2474,589,942,196,58
2254,769,1000,Shamela0025800,3343,796,1033,163,81
2254,769,1000,Zaydiyya0000288,84,108,363,173,84
2254,769,1004,Shia003732Vols,4713,436,683,163,79
2254,769,1000,Zaydiyya0000131,86,1252,1447,131,63
2254,788,1000,Shamela0006617,418,450,639,136,78
2254,769,1000,ShamAY0034005,1067,36,283,163,77
2254,769,1027,Masaha003299,28,359,611,169,77
2254,744,1004,Sham19Y0020638,1149,999,1319,198,78
2254,769,1154,JK009332,16,295,621,215,65
2254,769,1000,JK007065,1150,421,658,163,81
2254,769,974,Sham19Y0122257,3478,682,875,124,69
2254,754,1121,Masaha001838,68,551,970,233,66
2254,1072,1532,Shia004014Vols,199,1285,1507,90,20
2254,769,1004,ShamIbadiyya0000109,2001,994,1224,162,81
2254,769,1000,Shia003752Vols,707,451,691,164,80
2254,769,1000,ShamAY0032770,10,995,1217,162,85
2254,788,1532,Shamela0000791,340,36,532,330,55
2255,1217,1454,Shia001432Vols,14298,531,668,91,46
2255,1217,1454,Rafed0003228Vols,58,677,822,96,48
2255,1,395,Shamela0008176,7813,1233,1512,163,50
2255,1217,1454,Shia001353,334,1026,1181,94,46
2255,1225,1454,Masaha002872,313,1177,1312,89,47
2255,1225,1454,Shamela0001404,72,416,567,89,45
2255,137,379,Sham19Y0131521,2921,688,896,169,85
2255,1217,1454,Shamela0001727,1368,703,854,98,53
2255,83,735,Shamela0005756,9267,1,618,320,51
2255,1217,1454,Shamela0012014,181,795,946,98,53
2255,1217,1454,Shia003754Vols,246,1082,1223,95,48
2255,1217,1454,Sham19Y0122406,3688,356,507,98,53
2255,1,735,Shamela0000927,898,192,801,488,82
2255,1228,1454,Sham19Y0132524,2582,1,132,87,46
2255,1225,1454,Shamela0001438,1448,1303,1458,75,36
2255,740,974,ShamAY0033531,1603,1142,1380,149,67
2255,1217,1454,Kraken230110004547,434,917,1062,96,49
2255,1217,1454,Shamela0025800,2475,951,1105,96,46
2255,1225,1454,Shamela0001001,34,1322,1455,87,46
2255,1217,1454,Sham19Y0020638,1151,763,925,93,47
2255,1217,1454,Masaha001864Vols,3502,368,571,98,47
2255,1217,1454,Masaha001946Vols,876,1,155,96,46
2255,1217,1454,Rafed0002654Vols,3794,1259,1401,96,49
2255,1217,1451,Rafed0002654Vols,6836,1302,1450,96,52
2255,1217,1454,Rafed0002654Vols,12497,1120,1256,91,46
2255,1217,1454,Shia004092Vols,3862,855,998,95,48
2255,1217,1454,Shia004092Vols,6837,993,1144,98,53
2255,1217,1454,Shia004092Vols,12159,739,875,91,46
2255,1217,1454,Sham19Y0017616,415,635,786,98,53
2255,1217,1454,JK007065,1390,1220,1370,97,53
2255,212,504,Sham19Y0122257,3479,12,365,201,69
2255,1225,1414,Sham19Y0017063,470,1079,1182,59,41
2255,1225,1529,Sham19Y0017063,1620,34,591,143,26
2255,5,735,Shia004014Vols,200,1,694,543,91
2255,1,849,Shamela0000791,340,532,1385,607,87
2255,1217,1454,Shia003702,19,97,258,94,44
2256,1113,1255,ShamAY0035035,5646,465,612,114,95
2256,1113,1255,Shamela0008176,2523,6,156,111,92
2256,1063,1255,Shamela0001727,1369,1064,1386,151,58
2256,922,1063,Sham19Y0127677,18514,779,918,111,97
2256,1122,1622,Sham19Y0013253,828,1301,1488,126,31
2256,117,827,Shia001831Vols,479,291,834,411,68
2256,1081,1255,Shamela0004289,1517,1142,1307,122,84
2256,1081,1476,Shamela0009091,64,760,1042,141,35
2256,1113,1567,Shamela0010527,1196,1139,1321,85,21
2256,838,1575,Sham19Y0122406,3690,766,1517,283,34
2256,1081,1267,JK009324,997,1009,1186,127,80
2256,1113,1255,Sham19Y0145212,1429,1304,1454,111,92
2256,1056,1227,Sham19Y0037618,6055,1331,1536,132,77
2256,1081,1267,Sham19Y0018144,2648,350,521,130,84
2256,838,1063,Sham19Y0018144,6375,260,448,134,74
2256,1113,1255,Shamela0036446,1158,774,912,108,93
2256,1113,1255,JK000533,3287,934,1081,114,95
2256,1081,1255,Sham19Y0147597,1517,475,639,125,86
2256,1084,1255,Shamela0000170,1025,1385,1569,120,77
2256,1113,1255,ShamAY0034005,1081,354,496,89,63
2256,1044,1260,Sham19Y0020638,1152,1005,1215,133,74
2256,1056,1255,Masaha001864Vols,4524,507,715,144,86
2256,1349,1575,Masaha001946Vols,449,81,231,118,63
2256,1056,1260,Sham19Y0016555,923,892,1125,155,80
2256,1081,1255,Sham19Y0017616,421,603,781,136,91
2256,1081,1255,JK007065,1415,273,437,125,86
2256,1113,1267,Sham19Y0122257,1117,1013,1183,116,85
2256,1081,1267,Sham19Y0148271,2214,1125,1297,129,82
2256,1084,1260,Shia001913Vols,423,421,607,134,86
2257,132,971,Sham19Y0020561,1640,188,675,249,33
2257,832,1232,JK007054,278,1161,1527,263,72
2257,141,281,Shamela0001727,1370,46,203,106,84
2257,837,1502,Shamela0001727,1370,292,953,266,36
2257,837,978,JK000916,1301,934,1062,101,90
2257,837,978,JK000693,32,132,260,101,90
2257,837,978,Shamela0003118,488,501,610,86,77
2257,837,978,Shamela0009810,643,978,1106,101,90
2257,837,978,Shia001731Vols,349,66,194,101,90
2257,982,1192,Shamela0000140,737,955,1135,136,74
2257,1288,1502,Shamela0004289,1518,625,906,136,59
2257,526,978,Shamela0004289,1519,873,1316,108,18
2257,526,978,Sham19Y0149213,2341,170,530,132,33
2257,1331,1502,Sham19Y0122406,3692,66,229,116,87
2257,837,978,Sham19Y0132524,2586,1,129,101,90
2257,1316,1502,Sham19Y0132524,2586,1069,1230,116,80
2257,1347,1502,Kraken230110004547,436,1099,1234,103,83
2257,151,281,Shamela0036446,1108,540,678,95,84
2257,1347,1498,Shamela0025800,2486,1198,1345,112,92
2257,832,978,Shamela0025800,3484,1089,1221,103,89
2257,611,978,JK000778,1191,477,920,131,31
2257,1331,1502,Shia003732Vols,4707,788,964,124,89
2257,837,978,ShamAY0034005,1083,639,767,101,90
2257,520,978,Shamela0001001,263,617,923,154,39
2257,526,1502,Sham19Y0020638,1153,402,1249,242,22
2257,124,281,Sham19Y0020638,1153,443,637,120,77
2257,1331,1542,Masaha001864Vols,2302,343,534,123,75
2257,837,978,Shia001976Vols,40,1203,1331,101,90
2257,1306,1502,Shamela0009873,1652,904,1081,129,85
2257,938,1277,Masaha001946Vols,888,1174,1497,204,68
2257,837,978,ShamAY0032746,3,153,281,101,90
2257,1380,1502,Sham19Y0017616,422,1,119,92,96
2257,1347,1502,JK007065,759,103,254,118,97
2257,1347,1502,Sham19Y0148271,146,125,276,118,97
2257,520,978,JK000134,4293,914,1206,137,38
2257,691,978,Sham19Y0019199,324,10,173,96,43
2258,8,168,Shamela0008176,7264,399,553,121,93
2258,633,1142,Shamela0001727,1370,1040,1361,129,26
2258,1363,1496,Shia001831Vols,479,1208,1332,98,89
2258,888,1149,Sham19Y0122406,3692,932,1315,124,36
2258,1,168,Sham19Y0145212,3508,105,260,118,86
2258,633,1142,Sham19Y0132524,2588,480,779,124,25
2258,741,1012,Sham19Y0018144,6379,356,597,138,55
2258,1110,1496,Sham19Y0020638,1829,340,531,83,25
2258,8,168,Sham19Y0122257,3271,734,889,122,94
2258,13,179,Sham19Y0017442,378,186,352,134,100
2259,300,834,Shamela0001727,1372,552,1382,261,33
2259,1386,1575,JK000201,3812,444,632,153,97
2259,736,1338,Shamela0004289,1523,885,1143,135,26
2259,300,587,Sham19Y0122406,3695,731,1176,112,30
2259,731,834,Sham19Y0132524,2595,53,152,73,91
2259,300,834,Sham19Y0020638,1155,705,1359,235,35
2259,554,1338,Sham19Y0017616,426,636,1365,254,29
2260,252,438,JK007054,1095,680,875,143,93
2260,252,438,ShamAY0034182,939,451,648,147,94
2260,213,438,ShamAY0033182,68,869,1142,128,50
2260,247,438,Shamela0001727,1374,13,205,151,99
2260,33,428,JK000916,12498,982,1289,189,57
2260,201,391,Shamela0000432,5927,240,469,121,66
2260,160,438,Sham19Y0013572,250,1034,1386,192,66
2260,247,432,Sham19Y0013572,251,253,777,139,33
2260,213,438,Sham19Y0127700,345,1,243,143,69
2260,201,349,Shamela0010639,280,1196,1380,112,77
2260,160,438,Shia004038,206,252,579,154,54
2260,252,423,Shamela0006947,4200,1070,1261,131,87
2260,1,490,Shia001831Vols,480,127,402,217,54
2260,1,223,JK000201,3812,632,854,179,100
2260,33,428,Shamela0004289,1523,1078,1388,207,64
2260,213,432,Shamela0009091,73,756,1056,160,68
2260,33,438,Sham19Y0122406,3697,683,1097,218,54
2260,247,438,Sham19Y0132524,2597,808,1000,151,99
2260,1,242,Sham19Y0013631,1565,379,595,164,82
2260,213,423,Shamela0025800,2434,1242,1475,135,70
2260,252,428,Shamela0006856,195,616,807,134,89
2260,33,438,Sham19Y0020638,1156,832,1159,218,65
2260,213,432,JK000475,1643,205,440,158,84
2260,218,438,Sham19Y0017616,427,1,233,167,91
2260,201,401,Sham19Y0023625,2140,647,878,129,69
2260,242,1514,Sham19Y0023625,2141,48,1177,623,51
2260,213,438,JK007065,113,364,620,174,86
2260,252,428,Sham19Y0017798,782,401,568,121,85
2261,185,726,Shamela0007562,308,464,850,249,53
2261,678,846,Shamela0095565,5,50,232,113,72
2261,344,598,Shamela0008176,7879,211,463,195,93
2261,648,1533,Shamela0008176,7885,631,1454,518,68
2261,265,598,Shamela0021715,5869,748,1001,173,61
2261,185,678,Shamela0021715,5923,715,1216,244,47
2261,617,798,Shamela0001727,1375,567,824,138,68
2261,180,1520,Shia001831Vols,480,328,1571,892,76
2261,794,1138,JK000201,4389,411,755,275,98
2261,794,1138,JK000201,4409,785,1127,276,99
2261,678,1333,Shamela0009091,65,1138,1533,249,46
2261,617,846,Sham19Y0122406,3701,683,1027,145,51
2261,271,668,Sham19Y0018106,2569,570,855,168,51
2261,204,598,Sham19Y0018272,1148,116,482,210,58
2261,189,678,ShamAY0035961,289,1113,1445,189,47
2261,1,204,Sham19Y0023625,2141,1177,1376,146,88
2261,344,598,Sham19Y0122257,3501,825,1077,195,93
2261,794,1533,Sham19Y0122257,3503,190,841,482,77
2261,798,1362,Sham19Y0150962,1670,873,1302,330,71
2262,36,603,Shamela0008176,7886,1,215,155,35
2262,1,734,Shia001831Vols,481,14,539,400,69
2262,382,654,JK000201,4389,763,1033,204,94
2262,382,654,JK000201,4409,1135,1405,204,94
2262,1027,1468,Shamela0023628,3719,85,486,226,53
2262,654,1098,Sham19Y0122406,3704,498,886,255,69
2262,654,996,Sham19Y0132524,2602,1210,1536,198,67
2262,654,805,Sham19Y0018103,2464,1099,1220,92,75
2262,1027,1474,ShamAY0033731,26,585,989,310,84
2262,1,603,Sham19Y0122257,3503,841,1096,185,39
2262,658,1088,Sham19Y0017063,1636,1003,1385,150,34
2262,215,603,Sham19Y0150962,1670,1111,1462,152,45
2262,396,596,Sham19Y0013605,3033,770,971,153,94
2263,827,1607,Shamela0007562,309,490,940,346,53
2263,867,1607,Sham19Y0145166,276,29,561,279,39
2263,861,1541,Shamela0008176,7888,1092,1609,404,71
2263,1323,1607,Shamela0021715,5918,745,1186,182,47
2263,782,1080,Shamela0000432,5760,1127,1543,210,63
2263,1080,1615,Shamela0000432,5761,1,545,436,97
2263,891,1229,Masaha002028Vols,2391,326,666,207,67
2263,861,1615,Shamela0026568,209,25,710,537,87
2263,891,1615,Shamela0005756,10342,569,1064,355,58
2263,212,741,Shamela0005756,10350,239,556,212,47
2263,803,1388,Sham19Y0013253,828,361,812,176,32
2263,192,678,Shia001831Vols,481,634,930,208,50
2263,827,1424,Shia001831Vols,482,29,330,214,44
2263,778,1615,JK000201,4437,129,766,460,64
2263,1,799,Shamela0023628,3719,494,1171,334,44
2263,832,1615,Shamela0023685,233,611,1326,553,86
2263,769,1267,Sham19Y0122406,3705,557,1482,175,19
2263,769,1615,Sham19Y0037618,7544,567,1511,644,81
2263,1114,1607,ShamAY0033595,59,456,1071,229,39
2263,48,803,Sham19Y0018103,2464,307,843,296,42
2263,832,1615,Shamela0006617,579,612,1335,561,87
2263,428,650,Sham19Y0013252,6276,947,1118,137,75
2263,910,1396,Masaha001946Vols,424,1233,1554,234,57
2263,1,567,ShamAY0033731,26,989,1555,431,89
2263,567,755,ShamAY0033731,27,1,194,144,87
2263,790,1615,Sham19Y0122257,3505,65,782,550,79
2263,1176,1615,Sham19Y0017063,1637,656,854,152,41
2263,15,741,Sham19Y0013605,3032,282,823,345,51
2264,678,803,Sham19Y0017124,1062,1155,1281,97,91
2264,252,592,Shamela0008176,7889,1082,1541,193,49
2264,1,247,Shamela0000432,5761,545,791,202,100
2264,1,803,Shamela0026568,209,710,1547,404,45
2264,350,803,Shamela0005756,8313,1101,1362,174,46
2264,422,661,Sham19Y0127677,12969,1,242,188,97
2264,317,803,Shia001831Vols,482,330,504,132,33
2264,1,252,JK000201,4437,766,1012,197,96
2264,1,247,Shamela0023685,233,1326,1567,193,93
2264,252,803,Shamela0023685,234,317,677,208,42
2264,380,666,JK000168,113,869,1145,210,89
2264,40,236,Sham19Y0037618,7545,1,197,161,100
2264,298,772,Sham19Y0018103,1821,887,1133,160,41
2264,242,803,Shamela0006617,580,100,449,195,40
2264,298,884,Shamela0009873,1421,563,752,99,21
2264,1,553,Sham19Y0122257,3505,782,1180,246,54
2264,361,880,Sham19Y0013605,2363,401,745,201,47
2265,78,704,Shamela0001727,1377,643,1434,167,21
2265,704,1202,Shamela0001727,1378,1,488,88,14
2265,9,1388,Shia001831Vols,482,524,1167,448,39
2265,1,732,Sham19Y0122406,3708,327,1258,204,23
2265,596,1202,Sham19Y0122406,3709,758,1233,148,23
2265,1215,1451,Sham19Y0122406,3710,347,831,82,19
2265,443,732,Sham19Y0020638,1159,167,431,106,41
2265,424,653,Masaha001946Vols,312,1074,1289,132,63
2266,71,618,Shamela0004445,1061,647,908,88,15
2266,71,613,Shamela0021809,3092,118,380,95,17
2266,71,618,Shamela0025794,4041,1054,1321,88,15
2266,1224,1494,Shamela0001727,1379,1046,1206,123,57
2266,71,618,Shamela0001727,1379,90,361,107,19
2266,71,618,JK000916,25971,651,919,107,19
2266,1224,1494,JK000916,25972,181,362,118,50
2266,71,626,JK006838,292,1167,1423,103,19
2266,1224,1494,Shamela0003118,7694,850,1031,118,50
2266,1224,1494,Sham19Y0013572,300,1041,1199,123,57
2266,71,618,Sham19Y0013572,300,86,356,107,19
2266,71,618,Shamela0035100,484,1007,1274,103,18
2266,1224,1494,Shamela0023644,155,506,666,121,55
2266,4,828,Shia001831Vols,482,1213,1583,285,42
2266,848,1602,Shia001831Vols,483,1,528,336,54
2266,71,618,Shamela0004289,1532,522,795,104,18
2266,1278,1494,Shamela0004289,1533,1,140,108,62
2266,71,618,Shamela0021493,123,720,989,107,19
2266,1224,1494,Shamela0021493,124,145,303,123,57
2266,71,618,Shamela0010906,78,935,1200,103,18
2266,71,618,Shamela0010906,1211,362,624,106,19
2266,71,618,Sham19Y0122406,3710,973,1240,107,19
2266,1224,1494,Sham19Y0122406,3711,931,1089,124,57
2266,1224,1494,Sham19Y0001734,2685,75,233,123,57
2266,19,618,Sham19Y0132524,2611,279,903,159,23
2266,71,618,Shamela0010283,3689,943,1230,103,18
2266,71,618,Shamela0025800,2436,791,1066,107,19
2266,71,618,JK000481,223,105,387,105,18
2266,874,1498,ShamAY0034005,1259,515,1029,161,26
2266,71,618,Sham19Y0020638,1161,263,530,104,18
2266,1224,1494,Sham19Y0020638,1161,1218,1376,123,57
2266,402,1273,Sham19Y0020638,1830,1140,1411,168,23
2266,71,618,Masaha001864Vols,1126,490,766,106,19
2266,905,1641,Masaha001864Vols,4356,186,558,276,44
2266,1039,1460,ShamAY0001760,128,24,425,174,44
2266,71,618,Sham19Y0017616,430,503,779,107,19
2266,1224,1494,Sham19Y0017616,431,7,165,123,57
2266,19,939,Sham19Y0017616,637,1188,1528,238,31
2266,71,618,JK007065,133,621,890,107,19
2267,463,1102,Shamela0010637,147,112,536,148,22
2267,613,1102,Shamela0021809,3093,71,489,116,21
2267,496,1102,JK000916,25972,362,752,127,18
2267,326,1102,JK006838,293,915,1477,167,20
2267,496,1102,Shamela0003118,7694,1031,1421,127,18
2267,416,1102,Shamela0035100,485,808,1265,148,20
2267,463,1102,Shamela0023644,155,720,1158,139,19
2267,13,1577,Shia001831Vols,483,535,1292,486,37
2267,463,1102,Shia002958,229,241,691,140,19
2267,463,1148,Shamela0004289,1533,199,668,137,17
2267,463,1102,Shamela0021493,124,361,815,142,19
2267,416,1102,Shamela0010906,79,719,1174,148,20
2267,898,1019,Sham19Y0122406,3715,393,517,85,85
2267,463,1102,Sham19Y0018144,2667,182,644,142,21
2267,60,1033,Sham19Y0018144,6400,569,1081,234,30
2267,463,1091,Shamela0036446,1230,1074,1497,128,18
2267,496,1102,Shamela0010283,3690,920,1354,136,20
2267,463,1102,Shamela0025800,2437,499,969,141,18
2267,339,1044,Shia003732Vols,861,574,991,308,52
2267,463,1102,ShamAY0034005,1259,1058,1496,147,22
2267,501,938,Sham19Y0020638,1831,137,296,120,34
2267,463,1102,Masaha001864Vols,1127,175,666,136,17
2267,51,685,Masaha001864Vols,4356,572,816,180,34
2267,460,1102,Shamela0012981,1077,524,975,143,20
2267,690,1102,ShamAY0035884,1436,116,483,108,22
2267,463,1102,Sham19Y0017616,431,223,696,141,18
2267,531,972,Sham19Y0017616,638,391,606,167,46
2267,463,1102,JK007065,134,304,724,139,19
2267,690,1102,Sham19Y0148271,409,645,1010,108,22
2269,380,1314,Sham19Y0127656,465,647,932,151,20
2269,837,1340,Shamela0001727,1383,318,449,92,21
2269,837,1314,Masaha001961Vols,1442,1329,1437,69,17
2269,670,1617,Shia001831Vols,484,475,930,317,40
2269,842,1340,Sham19Y0013631,1888,363,629,207,50
2269,837,1340,Sham19Y0020638,1165,402,533,92,21
2269,842,1278,Masaha001946Vols,823,218,627,321,85
2269,837,1314,Sham19Y0007233,110,1113,1221,69,17
2269,837,1340,JK007065,181,861,1002,92,21
2269,670,866,Sham19Y0017063,1553,1093,1283,150,93
2270,1144,1398,Shamela0008176,7828,1205,1402,119,55
2270,699,1003,Kraken230107021738,2299,895,1448,116,27
2270,593,850,Sham19Y0122402,669,998,1158,102,48
2270,423,620,Shamela0001727,1383,1373,1476,60,40
2270,1379,1557,Shamela0001727,1384,626,1004,72,23
2270,815,1097,Shamela0035100,4129,332,440,60,28
2270,1379,1557,Shamela0004289,1415,832,1214,72,23
2270,593,860,Shamela0010527,737,45,196,102,46
2270,423,899,Sham19Y0122406,3721,113,851,221,35
2270,227,367,Sham19Y0018103,2057,927,1085,100,72
2270,1379,1557,Sham19Y0020638,1166,1064,1327,70,29
2271,769,1463,Shamela0008176,7891,21,414,250,45
2271,679,1200,Shamela0021715,9578,688,967,188,44
2271,368,731,Shamela0001727,1385,1,500,103,20
2271,634,1452,JK000201,4428,101,625,172,24
2271,83,457,Sham19Y0122406,3722,877,1130,180,59
2271,595,731,Sham19Y0122406,3723,173,400,45,17
2271,616,1030,Sham19Y0017791,2158,829,1106,156,47
2271,667,1176,Masaha001864Vols,5461,1019,1508,334,78
2271,769,1511,Sham19Y0122257,3506,432,872,270,46
2271,1287,1502,Sham19Y0017063,1638,12,222,140,77
2272,726,959,Shamela0008176,7893,534,785,179,88
2272,462,959,Shamela0021715,5935,151,738,125,18
2272,726,930,Shamela0005756,10359,151,377,129,66
2272,1109,1239,Sham19Y0127677,15553,617,747,107,100
2272,38,446,Shia001831Vols,484,1271,1567,166,50
2272,674,1439,Shia001831Vols,485,44,435,243,39
2272,964,1104,Sham19Y0122406,3725,410,543,110,95
2272,38,494,Sham19Y0145212,3836,866,986,75,21
2272,721,959,Sham19Y0122257,3507,486,735,183,91
2272,976,1171,Sham19Y0017063,1638,878,1043,113,64
2273,1025,1195,Sham19Y0013667,5596,1235,1414,131,92
2273,1025,1195,Sham19Y0148486,6667,1068,1238,134,98
2273,1028,1309,Sham19Y0120143,18,435,747,134,42
2273,1025,1204,Shamela0001727,1390,173,367,138,90
2273,1142,1388,Shamela0023700,551,357,723,134,39
2273,1025,1195,Shamela0009790,141,1275,1445,131,97
2273,66,289,Sham19Y0013253,926,687,938,90,37
2273,722,1469,Shia001831Vols,485,521,1384,339,38
2273,1025,1142,Sham19Y0122406,3729,1310,1427,93,100
2273,1142,1398,Sham19Y0122406,3730,1220,1478,175,81
2273,643,1195,Sham19Y0132524,2632,1258,1495,106,23
2273,1107,1398,Sham19Y0013631,605,115,505,114,27
2273,1025,1204,Sham19Y0018144,2684,422,610,133,90
2273,1025,1204,Shamela0036446,1104,169,346,134,92
2273,1025,1204,Shamela0025800,1227,344,520,133,93
2273,1142,1388,JK000778,195,899,1353,133,32
2273,1038,1195,ShamAY0034005,1100,1231,1341,74,60
2273,1025,1204,Sham19Y0020638,1173,309,491,134,93
2273,1025,1195,Sham19Y0146127,3696,563,732,134,99
2273,1132,1309,Shamela0010768,33,37,160,92,62
2273,1025,1204,JK007065,1378,674,854,135,94
2273,229,517,Sham19Y0013605,948,348,721,159,44
2274,1067,1503,Shamela0001733,781,1117,1298,65,17
2274,1008,1503,Sham19Y0145166,692,18,214,65,14
2274,1067,1503,JK009390,5834,1073,1259,63,15
2274,1067,1503,JK009408,648,6,187,65,17
2274,1067,1503,Shia002181,23,278,459,65,17
2274,1067,1507,JK000916,4601,589,779,64,15
2274,1168,1387,Shamela0005756,2561,1287,1496,162,88
2274,1067,1503,Sham19Y0127677,5608,1060,1246,63,15
2274,1067,1503,Shamela0001673,5466,946,1105,56,13
2274,440,636,Kraken220413194118,236,152,340,143,92
2274,1,343,Sham19Y0014309,1381,433,744,220,76
2274,49,343,Shia001831Vols,485,1228,1510,219,92
2274,348,568,Shia001831Vols,486,343,514,125,72
2274,1067,1503,ShamAY0034282,1549,837,1031,66,16
2274,66,555,Sham19Y0122406,3731,1,836,252,36
2274,1281,1503,Sham19Y0122406,3732,1,249,144,64
2274,1067,1503,Shia002265Vols,4343,960,1146,63,15
2274,1067,1503,Shamela0001438,7673,233,419,63,15
2274,360,627,Sham19Y0013631,605,115,334,154,71
2274,1067,1507,Sham19Y0018144,2684,1207,1397,66,15
2274,172,305,Sham19Y0018144,6416,1,134,105,100
2274,1067,1503,Shamela0036446,1104,410,590,60,14
2274,1067,1507,JK008250Vols,595,756,943,63,14
2274,348,627,Sham19Y0018103,2339,808,1117,154,57
2274,348,700,Shamela0025800,1227,414,632,79,23
2274,1067,1503,Shamela0006617,325,53,276,65,16
2274,348,700,Sham19Y0146127,3696,633,936,80,18
2274,1067,1503,Shamela0000041,1887,664,850,61,14
2274,1151,1435,Sham19Y0013605,948,711,1373,171,29
2275,1,1606,Shia001831Vols,486,90,1350,807,56
2275,18,813,Sham19Y0122406,3732,419,1603,360,33
2275,680,996,Sham19Y0122406,3733,98,430,187,62
2275,172,304,Sham19Y0020638,1833,395,508,76,60
2275,243,1037,Masaha001864Vols,5210,779,1571,639,98
2275,1037,1619,Masaha001864Vols,5211,1,584,475,99
2275,771,1289,Masaha001946Vols,642,735,1259,277,57
2275,702,978,Sham19Y0017063,1189,1391,1630,138,57
2276,408,1494,Shia001831Vols,487,1,437,321,35
2276,1088,1352,Sham19Y0013631,2068,120,336,141,62
2276,279,767,Sham19Y0020638,1833,788,1180,171,35
2276,1,773,Masaha001864Vols,5211,584,1356,635,99
2276,998,1631,Masaha001864Vols,5394,868,1486,481,93
2277,772,1241,Shamela0008176,7914,1055,1321,193,51
2277,215,780,Sham19Y0131521,3713,506,803,178,37
2277,891,1049,Sham19Y0131521,3714,156,313,106,75
2277,827,1469,Shamela0005756,9094,19,388,157,25
2277,215,921,Masaha001946Vols,619,543,1003,281,45
2277,1054,1241,Shamela0012052,2310,42,229,152,100
2277,772,1259,Sham19Y0122257,3516,225,513,200,50
2278,1039,1381,JK000021,218,86,312,133,44
2278,376,803,JK007054,23,868,1340,142,27
2278,981,1375,Sham19Y0018328,415,1257,1551,167,48
2278,349,539,Shamela0008176,7911,1172,1363,155,99
2278,1039,1381,JK009408,2515,736,958,132,44
2278,43,264,Sham19Y0131521,127,213,485,144,59
2278,204,341,Sham19Y0131521,3717,7,140,107,96
2278,346,1087,Shamela0001727,1394,738,1476,229,25
2278,57,341,Shamela0005756,14773,944,1223,200,84
2278,981,1381,Sham19Y0127677,14216,866,1286,166,36
2278,1039,1493,Shamela0008657,11,1140,1440,148,40
2278,346,648,Shamela0035100,59,123,672,127,23
2278,1039,1493,Sham19Y0017903,56,880,1188,153,39
2278,1020,1381,ShamAY0033586,209,589,866,147,43
2278,1043,1539,Shia001831Vols,487,670,956,146,33
2278,1024,1381,Shamela0000247,11,1,260,148,46
2278,569,1039,JK000201,4448,474,860,219,57
2278,1039,1381,Shamela0004289,1556,598,827,135,45
2278,1039,1381,Shamela0023628,2404,759,996,139,45
2278,981,1093,Sham19Y0122406,3741,1270,1531,85,41
2278,1039,1493,Shamela0010463,416,534,897,163,40
2278,98,341,ShamAY0033531,3391,584,814,179,91
2278,98,341,ShamAY0033531,4574,36,266,179,91
2278,544,1381,Sham19Y0018144,2692,423,1172,171,16
2278,1020,1381,ShamAY0035990,80,242,656,146,35
2278,48,341,Shamela0007597,88,340,704,229,79
2278,1039,1381,ShamAY0034005,914,958,1197,138,45
2278,544,1381,Sham19Y0020638,1178,81,476,238,34
2278,544,1381,Masaha001864Vols,2037,864,1374,232,30
2278,652,1182,Masaha001864Vols,5065,876,1491,420,84
2278,1182,1539,Masaha001864Vols,5066,1,369,289,97
2278,1039,1381,Shamela0010013,215,1224,1429,118,40
2278,575,942,Shamela0006336,555,1,244,94,28
2278,48,341,Shamela0012052,2310,261,552,229,97
2278,1039,1501,Sham19Y0017616,439,33,380,162,40
2278,349,539,Sham19Y0122257,3515,150,341,155,99
2278,126,264,ShamAY0034819,55,281,419,111,100
2278,1039,1381,JK000698,162,315,546,133,43
2279,1195,1351,Shamela0004445,1807,127,283,129,100
2279,1195,1351,ShamAY0034441,334,711,867,129,100
2279,1195,1351,JK000021,816,603,750,119,91
2279,1214,1351,JK011593,90,1296,1433,114,100
2279,1195,1351,JK009220,98,928,1106,129,87
2279,1195,1351,Sham19Y0016584,2999,1274,1430,129,100
2279,1176,1369,JK009390,662,523,710,132,81
2279,1214,1351,JK006897,123,772,909,114,100
2279,1195,1351,ShamAY0033590,92,937,1086,123,95
2279,1195,1351,Sham19Y0127656,518,1155,1311,129,100
2279,1195,1351,ShamAY0034182,1325,1450,1606,129,100
2279,1195,1351,JK000110,1092,1214,1370,129,100
2279,1195,1351,Shamela0021809,3350,772,928,128,99
2279,1166,1351,Shamela0001404,109,755,950,148,90
2279,1195,1351,Sham19Y0016684,1527,1271,1427,129,100
2279,817,1351,Shamela0001727,1396,548,1270,237,32
2279,1195,1351,Shamela0005756,10919,1098,1254,129,100
2279,1214,1351,Sham19Y0127677,859,853,990,114,100
2279,1199,1351,Shia002636,35,747,886,106,83
2279,1,528,Shia001831Vols,487,956,1169,154,35
2279,1195,1351,Shamela0004289,1570,1066,1222,129,100
2279,1195,1379,JK000653,107,937,1169,129,62
2279,1176,1351,Shamela0029976,5,1277,1464,141,91
2279,1160,1547,Shamela0010527,424,1320,1543,114,31
2279,1214,1351,Shamela0001975,373,220,357,112,98
2279,631,1351,Sham19Y0122406,3745,278,883,290,40
2279,1214,1351,Shia002265Vols,3821,102,240,114,99
2279,1195,1351,Shamela0037837,493,940,1103,129,95
2279,1214,1351,Shamela0001438,1713,331,469,114,99
2279,1160,1351,Kraken230110004547,444,660,839,125,78
2279,1195,1351,Sham19Y0018106,2788,59,215,129,100
2279,1195,1351,Sham19Y0018144,1198,448,608,129,97
2279,817,1351,Sham19Y0018144,2694,139,692,197,30
2279,1214,1351,Shamela0036446,1274,99,236,114,100
2279,1195,1351,Sham19Y0018103,2686,431,587,129,100
2279,1214,1351,JK001297,14,68,206,113,98
2279,1166,1351,Shamela0025800,2516,1060,1255,148,90
2279,1176,1351,Shamela0096283,322,95,278,139,92
2279,1214,1351,Shamela0021659,481,766,903,114,100
2279,1195,1351,ShamAY0034005,1096,862,1019,128,98
2279,817,1351,Sham19Y0020638,1179,632,1342,193,24
2279,274,528,Sham19Y0020638,1834,840,1014,85,34
2279,1195,1355,Shamela0021766,1698,1366,1515,113,84
2279,1195,1351,Sham19Y0013252,6606,1144,1300,129,100
2279,528,891,Masaha001946Vols,659,17,336,212,66
2279,1153,1351,Sham19Y0017616,441,646,880,157,81
2279,1195,1351,JK007065,170,237,393,127,98
2279,1176,1379,Kraken22021817402401,18,984,1255,140,59
2279,1195,1351,Sham19Y0018176,1557,407,563,129,100
2279,1195,1351,Sham19Y0148271,1223,630,786,129,100
2279,1166,1351,ShamAY0032781,57,961,1157,147,89
2279,1204,1351,Sham19Y0013605,3265,171,318,122,100
2279,1195,1351,Shamela0012872,95,859,1015,129,100
2279,390,1190,Sham19Y0017442,254,229,861,348,46
2280,1097,1353,Shamela0004445,1713,663,857,78,39
2280,1097,1349,Shamela0004445,2599,785,972,76,38
2280,1097,1349,Shamela0004445,3838,534,722,75,37
2280,1145,1409,Shamela0001733,2841,1,636,199,38
2280,1116,1515,Shia001432Vols,7088,949,1302,268,83
2280,864,1413,Sham19Y0145435,5369,1138,1382,135,29
2280,1097,1409,Sham19Y0013769,1421,991,1302,242,94
2280,1091,1515,Sham19Y0148486,4352,266,700,335,95
2280,13,452,ShamAY0035955,799,332,676,104,22
2280,1091,1262,ShamAY0034447,1657,1335,1502,117,79
2280,1262,1409,ShamAY0034447,1658,1,147,115,97
2280,1091,1515,ShamAY0034447,1665,51,476,332,96
2280,1097,1409,Shamela0009200,738,998,1289,230,91
2280,1116,1332,Sham19Y0007729,141,1338,1562,154,80
2280,251,546,JK007128,221,552,722,101,40
2280,1106,1262,JK007128,495,1501,1648,117,92
2280,1262,1409,JK007128,496,1,148,119,100
2280,494,1515,Shamela0001727,1397,11,745,457,52
2280,1097,1242,JK000916,8982,1215,1402,111,72
2280,1234,1515,JK000916,8983,8,299,219,95
2280,1097,1523,JK000916,26815,797,1216,321,94
2280,1116,1515,Shamela0003118,2324,488,888,318,99
2280,1116,1523,Shamela0003118,2956,753,1170,311,93
2280,1116,1349,Sham19Y0013572,503,1295,1528,185,99
2280,1349,1515,Sham19Y0013572,504,1,167,131,100
2280,1097,1515,Sham19Y0017437,1254,1064,1507,322,91
2280,1116,1471,JK000995,111,374,760,162,41
2280,1129,1278,Shamela0011385,1308,1058,1207,120,100
2280,1097,1409,Shamela0004473,12370,371,682,233,88
2280,1116,1515,Shamela0036080,33,84,644,286,61
2280,1116,1409,ShamAY0033523,177,697,990,233,98
2280,1097,1320,JK000918,29,1260,1450,133,72
2280,1320,1515,JK000918,30,1,191,147,93
2280,1129,1409,Zaydiyya0000474,807,539,792,205,90
2280,1097,1515,Shia002218Vols,974,615,996,295,88
2280,586,858,Shamela0000140,1083,480,739,201,87
2280,1238,1515,Shamela0009091,71,1,350,218,78
2280,251,546,Sham19Y0122406,3745,883,1173,104,28
2280,300,1515,Sham19Y0122406,3746,1,1053,581,51
2280,1097,1523,Shamela0021477,343,724,1134,314,90
2280,919,1515,Shia002178,31,241,714,342,72
2280,1097,1242,JK000990,212,759,897,107,93
2280,1116,1409,Shamela0008473,3533,1061,1241,114,49
2280,989,1523,JK000991,73,945,1449,325,71
2280,945,1409,Sham19Y0001734,2723,371,800,212,46
2280,932,1246,Sham19Y0132524,2658,909,1082,130,52
2280,1116,1353,Sham19Y0132524,2659,621,878,153,67
2280,1413,1515,Sham19Y0132524,2661,911,1013,79,100
2280,945,1413,Kraken230110004547,429,991,1310,246,64
2280,251,546,Kraken230110004547,444,839,985,91,37
2280,251,546,Sham19Y0018144,2694,692,993,99,26
2280,1091,1519,Sham19Y0018144,2696,932,1353,331,96
2280,1116,1272,Shamela0036446,1245,1279,1419,113,89
2280,1272,1519,Shamela0036446,1246,1,235,181,92
2280,251,546,Shamela0036446,1274,236,351,89,37
2280,945,1515,Shamela0025800,2463,494,944,318,67
2280,251,546,Shamela0025800,2516,1255,1441,107,45
2280,1097,1353,JK000481,106,990,1251,177,77
2280,1116,1382,Shia003732Vols,4989,1229,1516,214,92
2280,1382,1515,Shia003732Vols,4990,1,134,104,100
2280,1097,1308,Zaydiyya0000461,128,440,630,140,81
2280,1116,1515,Shia001340,11,539,906,273,83
2280,257,546,ShamAY0034005,1096,1024,1174,100,42
2280,1097,1365,ShamAY0034005,1105,1147,1391,183,80
2280,1216,1353,ShamAY0034054,4006,1237,1367,61,56
2280,251,526,Sham19Y0020638,1179,1342,1490,94,43
2280,1116,1515,Sham19Y0020638,1180,264,664,318,99
2280,1097,1409,Shamela0010322,39,568,879,233,88
2280,1091,1523,Masaha001864Vols,1446,731,1179,339,95
2280,1116,1409,ShamAY0035960,180,341,635,233,98
2280,1097,1515,Sham19Y0146127,2338,851,1219,290,86
2280,1097,1519,ShamAY0038324,185,179,583,277,78
2280,1216,1353,Shamela0023623,4156,13,143,61,56
2280,932,1515,Sham19Y0017616,436,525,1011,361,75
2280,251,546,Sham19Y0017616,441,880,1053,107,45
2280,1216,1515,Shamela0012398,97,159,380,126,54
2280,251,546,JK007065,170,393,600,106,35
2280,1097,1515,JK007065,454,212,622,323,97
2280,989,1519,Shia004014Vols,226,447,940,348,80
2280,1086,1515,Sham19Y0148271,977,250,673,336,98
2280,1194,1409,Shamela0009642,80,1,210,164,91
2281,864,1140,Sham19Y0013769,1422,59,389,123,42
2281,1236,1523,Sham19Y0013769,1423,420,708,213,89
2281,420,640,ShamAY0034447,1658,1063,1306,114,51
2281,1008,1537,JK000995,111,650,1146,298,65
2281,324,563,JK000995,111,618,793,122,62
2281,1162,1519,Shamela0005832,102,954,1284,225,74
2281,370,818,Shia001831Vols,487,1303,1552,166,45
2281,818,1505,Shia001831Vols,488,1,422,277,48
2281,1345,1523,JK000990,537,5,180,139,96
2281,1008,1175,Shamela0025800,2463,996,1215,117,69
2281,324,563,Zaydiyya0000461,128,697,876,121,61
2281,1008,1145,Masaha001864Vols,1446,1241,1417,104,75
2281,357,1042,Masaha001864Vols,4531,812,1503,549,98
2281,1042,1537,Masaha001864Vols,4532,1,505,395,98
2281,420,651,Masaha001946Vols,531,112,230,70,38
2281,1162,1411,Masaha001946Vols,531,254,408,104,53
2281,1008,1149,JK007065,454,641,813,107,79
2281,1008,1149,Sham19Y0148271,2791,1369,1541,107,79
2282,1214,1576,JK007054,270,1220,1517,105,26
2282,1214,1576,Shamela0021629,196,335,701,112,27
2282,659,831,ShamAY0034318,11,472,647,135,93
2282,1214,1576,Shia002616Vols,2404,1226,1518,101,25
2282,1214,1576,Shia002932VolsBK2,15,1215,1492,98,25
2282,58,369,ShamAY0034447,1659,729,1082,200,65
2282,1195,1576,Shamela0012014,82,1164,1462,112,28
2282,1,469,JK000995,111,1146,1500,258,68
2282,1214,1571,Shamela0009790,59,367,645,101,26
2282,64,992,Shia001831Vols,488,439,655,145,19
2282,1214,1576,Shamela0004289,1552,1164,1459,98,24
2282,1214,1571,Shamela0010906,1180,929,1208,93,24
2282,1214,1576,Kraken230110004547,406,799,1098,105,26
2282,1214,1576,Shamela0036446,1190,509,813,105,25
2282,1267,1576,ShamAY0035990,183,1185,1403,124,48
2282,1214,1576,Shamela0025800,2373,1001,1311,106,25
2282,1214,1576,Sham19Y0017791,2161,438,714,106,27
2282,1214,1571,JK000778,385,389,676,102,26
2282,1214,1576,Sham19Y0013223,1148,374,671,105,27
2282,1,507,Masaha001864Vols,4532,505,1013,397,97
2282,1195,1539,Shamela0001467,97,736,1324,208,38
2282,1235,1576,Shamela0006848,160,1,270,86,23
2282,855,1147,Masaha001946Vols,158,28,485,182,46
2282,64,497,Masaha001946Vols,531,408,741,242,70
2282,1214,1576,Shia001626Vols,186,301,649,104,23
2282,1171,1576,Sham19Y0017616,423,292,653,127,28
2282,1195,1547,Sham19Y0023625,2571,736,1433,220,38
2282,1214,1576,JK007065,214,779,1055,106,27
2282,1214,1576,Sham19Y0014119,689,285,561,106,27
2282,1214,1576,Sham19Y0017063,1639,663,939,106,27
2282,1214,1576,Shamela0008360,967,1193,1469,106,27
2283,115,291,JK007054,271,22,197,118,80
2283,1020,1310,Sham19Y0127677,6989,1174,1507,236,86
2283,1020,1334,Sham19Y0013253,832,63,367,186,63
2283,1039,1310,Shia001831Vols,488,840,1096,205,91
2283,115,309,Shamela0000140,595,139,326,119,75
2283,129,319,Sham19Y0122406,3749,635,923,121,51
2283,1039,1284,Sham19Y0122406,3751,217,431,148,69
2283,1020,1415,ShamAY0033595,40,1085,1551,159,31
2283,51,288,Sham19Y0023625,2572,1,238,184,97
2284,1,220,Shamela0008176,7909,1223,1439,165,91
2284,739,1399,Shamela0001727,1404,255,596,124,18
2284,763,1156,Sham19Y0127677,8350,603,1122,119,21
2284,225,1555,Shia001831Vols,488,1096,1540,312,29
2284,5,220,JK000201,4476,1,216,174,100
2284,763,1342,Sham19Y0122406,3755,1235,1468,66,11
2284,1297,1555,ShamAY0033595,41,112,434,145,48
2284,848,1105,Sham19Y0018272,312,189,399,161,77
2284,102,220,Sham19Y0122257,3514,1270,1393,94,94
2285,940,1356,Shamela0038202,28,1181,1323,112,33
2285,940,1360,Shamela0001727,1407,263,802,114,17
2285,940,1356,Shia002069Vols,419,1225,1365,107,31
2285,496,678,Shamela0005756,821,663,807,99,71
2285,1302,1557,Shia001831Vols,489,261,493,178,87
2285,940,1127,Shamela0000140,1976,179,413,93,46
2285,940,1360,Shamela0004289,1580,659,1198,114,17
2285,386,567,Shamela0010527,782,1155,1363,107,63
2285,386,615,Sham19Y0122406,3759,456,664,148,84
2285,940,1557,Sham19Y0122406,3760,146,811,254,39
2285,944,1356,Shia002103Vols,151,1,143,111,33
2285,1295,1469,Sham19Y0013631,71,1154,1275,87,64
2285,940,1356,Shamela0025800,2521,740,884,112,33
2285,965,1557,Sham19Y0018272,1010,197,968,250,33
2285,776,1356,Sham19Y0020638,1189,489,1008,151,23
2286,362,763,Shamela0007891,2422,883,1166,123,36
2286,1092,1271,Shamela0001727,1408,889,1321,109,30
2286,362,763,Shia002069Vols,423,564,704,103,32
2286,448,763,Shamela0005756,9854,247,495,157,57
2286,347,760,Sham19Y0023644,1489,696,852,114,34
2286,1216,1588,Sham19Y0127677,13784,143,625,280,70
2286,347,760,JK000785,2695,1301,1476,115,33
2286,6,411,Sham19Y0122406,3760,811,1495,203,35
2286,362,1249,Sham19Y0122406,3762,25,908,295,29
2286,1092,1451,Sham19Y0122406,3763,105,595,182,40
2286,362,763,Shamela0008473,916,500,630,101,32
2286,347,763,Sham19Y0001734,2314,275,421,104,31
2286,1280,1588,ShamAY0033531,2072,398,704,250,98
2286,451,656,Sham19Y0018103,2293,1328,1515,136,73
2286,499,684,Shamela0011036,1708,871,1065,143,89
2286,176,338,Shamela0011036,2092,1319,1481,126,96
2286,362,763,Sham19Y0017063,707,867,1333,168,39
2286,347,760,Sham19Y0148271,1416,104,260,113,34
2286,459,701,Shia002371,159,288,513,170,81
2286,451,656,Sham19Y0013605,2850,874,1061,136,73
2287,283,873,Sham19Y0127717,981,433,708,176,35
2287,362,873,Shamela0096178,237,60,245,141,33
2287,283,684,Sham19Y0032381,251,1062,1534,138,25
2287,371,879,Sham19Y0127668,135,511,679,133,32
2287,288,873,JK009390,2413,407,668,165,33
2287,296,879,Shamela0008176,7622,1010,1258,143,27
2287,1,283,ShamAY0001226,320,723,1005,227,100
2287,288,873,Shamela0012293,388,1075,1326,146,27
2287,362,873,Shamela0012293,4021,55,229,129,31
2287,362,1097,ShamAY0033556,17,195,509,175,28
2287,362,873,Shamela0025794,3647,770,944,129,31
2287,362,1083,Shamela0001727,1409,822,1044,168,28
2287,184,357,Shamela0001727,1409,216,382,97,71
2287,381,879,Shamela0021605,1447,763,928,129,31
2287,381,873,Shia002261Vols,420,190,348,129,32
2287,362,873,Shia004456Vols,46,615,789,129,31
2287,362,873,Shia004456Vols,624,616,790,129,31
2287,617,795,Shia004456Vols,633,1257,1434,142,99
2287,381,873,Sham19Y0127677,1218,1318,1476,129,32
2287,1,174,Sham19Y0127677,13784,625,798,140,100
2287,381,873,ShamAY0033973,126,13,175,127,31
2287,381,873,JK001324,5,62,224,129,31
2287,381,1035,Sham19Y0122096,4062,397,1036,191,26
2287,283,873,Shamela0023644,1671,946,1236,166,32
2287,381,866,Shia003923Vols,73,1225,1376,122,30
2287,184,911,Shia001831Vols,489,751,1049,208,35
2287,362,873,Shamela0004289,1558,121,295,129,31
2287,320,873,Shamela0001975,948,412,628,138,31
2287,362,873,Sham19Y0122406,3763,1319,1493,129,31
2287,642,1083,Sham19Y0122406,3764,107,713,248,46
2287,381,873,Shia002265Vols,3692,25,183,129,32
2287,400,879,Sham19Y0145212,3721,1350,1498,113,28
2287,381,873,Shamela0001077,164,1171,1334,129,31
2287,362,873,Sham19Y0001734,2738,779,957,126,30
2287,283,873,Sham19Y0037618,5871,894,1157,193,40
2287,302,879,Sham19Y0037618,6694,1134,1409,165,33
2287,381,873,Shamela0001438,4008,1126,1277,123,30
2287,1,283,ShamAY0033531,2072,704,986,227,100
2287,362,882,Kraken230110004547,404,63,251,130,31
2287,89,873,Shamela0036446,1185,718,1138,183,26
2287,296,1126,JK001173,251,79,482,177,23
2287,381,866,Shamela0001687,8052,486,638,117,29
2287,362,879,Shamela0025800,2361,614,794,129,30
2287,362,1107,Shia003732Vols,454,145,601,169,22
2287,362,873,Sham19Y0147597,1553,1396,1570,129,31
2287,362,873,Shia001555Vols,45,1258,1432,129,31
2287,362,873,Shia001555Vols,395,709,883,129,31
2287,617,771,Shia001555Vols,404,1399,1553,125,100
2287,381,873,Shamela0021659,1235,196,354,129,32
2287,184,873,Sham19Y0020638,1190,839,1417,180,21
2287,203,617,Sham19Y0020638,1836,965,1219,159,46
2287,283,902,ShamAY0037807,89,692,1538,448,64
2287,902,1035,ShamAY0037807,90,1,134,109,100
2287,362,873,JK000216,467,194,389,140,32
2287,296,873,Sham19Y0095660,826,775,1029,145,27
2287,362,1107,Sham19Y0013252,9180,656,1061,177,25
2287,357,873,Zaydiyya0000107,168,1115,1301,146,34
2287,362,873,Sham19Y0016555,1,1445,1622,144,34
2287,184,873,Sham19Y0016976,1889,767,1113,164,26
2287,1043,1565,Shamela0009242,3942,671,972,84,18
2287,89,1126,Sham19Y0017616,443,46,966,258,21
2287,495,795,Sham19Y0017616,640,837,1107,205,82
2287,296,873,Shamela0013035,447,1203,1446,144,27
2287,362,873,Shamela0013035,448,173,362,142,33
2287,362,873,JK006880,12,274,448,129,31
2287,362,873,Sham19Y0017798,1472,298,472,129,31
2287,184,879,Sham19Y0122257,3418,127,512,161,23
2287,296,873,Sham19Y0014119,663,1127,1366,144,28
2287,296,873,Sham19Y0017063,1589,991,1230,144,28
2287,362,873,JK000698,160,1104,1288,126,30
2287,296,1126,Shamela0008360,933,89,567,168,19
2288,77,359,Shamela0009795,237,702,916,134,53
2288,550,682,ShamAY0034066,470,140,270,87,74
2288,887,1527,Shia001831Vols,489,1146,1554,239,46
2288,105,464,Shamela0000140,986,45,357,219,74
2288,992,1164,JK000201,4445,917,1089,137,99
2288,290,825,Sham19Y0122406,3766,332,1336,347,42
2288,77,290,Sham19Y0013631,2485,93,276,145,80
2288,473,687,Shia001544Vols,255,457,911,82,20
2288,550,682,Sham19Y0023618,630,613,742,87,75
2288,35,359,Sham19Y0017063,1590,1321,1568,171,60
2288,359,920,Sham19Y0017063,1591,1,344,242,52
2289,626,970,Shamela0008176,7627,516,874,210,67
2289,119,626,Sham19Y0150639,402,862,1290,306,69
2289,626,970,Sham19Y0122257,3421,684,982,200,71
2289,1432,1611,Sham19Y0017063,1591,499,684,131,79
2290,965,1186,Sham19Y0020944,1004,709,1060,152,53
2290,1014,1190,Shamela0004445,6932,1,272,122,58
2290,965,1186,Shia002206,75,153,515,165,57
2290,965,1186,Shamela0007891,258,709,1071,166,57
2290,965,1190,Shamela0011818,158,638,993,154,54
2290,887,1234,ShamAY0034438,24,299,670,179,51
2290,965,1186,Sham19Y0148486,716,850,1216,168,58
2290,965,1186,Shia003470,371,296,595,161,66
2290,965,1311,Shia002616Vols,3894,11,681,235,45
2290,965,1368,Shamela0005610,181,796,1342,176,32
2290,965,1186,Tafsir07055,1392,402,760,162,56
2290,965,1186,ShamAY0036018,532,1,349,154,55
2290,1186,1474,Sham19Y0131521,5824,180,501,179,61
2290,965,1311,Sham19Y0131521,5825,323,676,157,48
2290,130,244,Sham19Y0131521,6167,1,108,79,83
2290,663,1186,Shamela0001727,1412,649,1402,246,34
2290,965,1368,ShamAY0038201,237,42,570,194,44
2290,887,1186,Shamela0000894,6256,930,1416,199,52
2290,1036,1186,Shamela0008381,761,1,235,112,60
2290,887,1186,Shamela0008381,762,790,1193,167,43
2290,965,1368,JK000785,2681,11,555,174,31
2290,965,1376,Shamela0004289,1658,306,960,250,47
2290,375,1186,Sham19Y0122406,3770,6,1349,402,33
2290,887,1368,Shamela0006590,665,744,1264,210,43
2290,991,1368,JK000985,138,1,450,180,44
2290,887,1186,Sham19Y0016946,124,270,596,146,49
2290,984,1311,Shamela0021608,1109,1153,1546,156,40
2290,1157,1311,Sham19Y0132524,2685,715,847,72,59
2290,887,1186,Shamela0037713,199,863,1303,184,50
2290,887,1311,JK000533,7,632,1023,171,39
2290,998,1186,Shamela0025800,2911,1,326,146,57
2290,887,1186,ShamAY0034005,1428,247,593,148,49
2290,848,1190,Sham19Y0020638,1192,885,1317,196,51
2290,965,1297,JK000216,67,449,941,154,39
2290,1079,1376,Masaha001864Vols,2829,37,695,197,38
2290,1215,1474,Masaha001864Vols,5537,989,1216,131,61
2290,965,1186,Shamela0003722,7980,1000,1329,148,54
2290,984,1186,Sham19Y0146127,359,696,959,141,68
2290,887,1311,Shamela0005963,729,522,1191,192,31
2290,887,1368,Sham19Y0017616,444,580,1201,252,47
2290,965,1186,Shamela0000782,764,156,515,163,56
2290,887,1315,Shamela0007349,304,527,897,115,26
2290,1,188,Sham19Y0017063,1591,684,865,137,91
2291,1,375,Sham19Y0131521,5824,501,842,252,83
2291,380,613,Sham19Y0131521,5825,132,517,145,45
2291,1,140,Shamela0021715,449,96,230,98,91
2291,17,140,Shamela0021715,1135,597,714,80,82
2291,1,146,Shamela0005756,1117,1350,1493,105,90
2291,1,136,Shamela0005756,2879,1297,1425,93,89
2291,411,646,Shamela0005756,14898,454,676,122,61
2291,1,140,Shamela0001673,1189,4,147,96,84
2291,405,576,Shamela0001673,10911,833,1030,132,83
2291,905,1492,Sham19Y0013253,833,240,953,412,70
2291,1,375,Shia001831Vols,490,484,892,252,72
2291,1,195,JK000201,3003,557,750,147,96
2291,380,576,JK000201,3005,1223,1406,146,90
2291,618,795,Sham19Y0122406,3771,508,752,118,55
2291,1026,1492,Sham19Y0122406,3773,1,557,304,62
2291,908,1456,ShamAY0032249,230,859,1457,334,69
2291,1,357,ShamAY0033531,3160,850,1138,207,73
2291,1,357,ShamAY0033531,4343,535,823,207,73
2291,1,140,Sham19Y0147597,1203,617,760,96,84
2291,1,357,Sham19Y0150639,379,486,799,220,79
2291,1324,1492,Shamela0009082,1050,161,412,124,61
2291,1,375,Masaha001864Vols,5537,1216,1548,259,84
2291,1,357,Sham19Y0020591,1568,40,312,197,70
2291,1,146,Sham19Y0013252,784,1339,1482,109,95
2291,1,140,Sham19Y0014601,5558,233,376,96,84
2291,1,375,Sham19Y0017063,1403,135,688,206,42
2291,195,385,Sham19Y0150962,1228,10,178,130,84
2291,1,357,Sham19Y0013605,450,1099,1414,223,80
2292,965,1275,Zaydiyya0000413Vols,819,414,739,238,86
2292,618,1095,Shamela0008353,836,152,399,153,39
2292,203,1385,Sham19Y0131521,6168,258,1342,498,42
2292,1,238,Shamela0030733,12,888,1240,143,50
2292,303,510,Shamela0021715,5757,1,149,99,57
2292,645,1095,Shamela0025791,23,18,242,151,41
2292,960,1121,Shamela0005756,10189,204,375,130,92
2292,8,227,Shamela0001673,5630,718,933,129,65
2292,407,1404,Shamela0004473,6731,426,1308,494,52
2292,1,238,Sham19Y0013253,833,953,1214,149,64
2292,960,1404,JK000201,4447,12,459,351,95
2292,238,534,JK000201,4449,854,1186,225,79
2292,1,227,Sham19Y0122406,3773,557,800,149,69
2292,244,1537,ShamAY0000351,500,26,1322,1043,99
2292,1,227,ShamAY0032249,231,37,279,170,89
2292,1,222,ShamAY0032249,247,1134,1463,130,49
2292,770,1537,Sham19Y0013631,2485,279,732,339,54
2292,244,492,Sham19Y0018272,180,1357,1546,149,73
2292,1,227,Shamela0009082,1050,412,659,148,67
2292,515,857,Sham19Y0017063,1589,574,982,200,53
2292,755,1257,Shamela0000791,30,715,1024,236,59
2292,238,534,Shamela0010517,31,524,803,157,58
2292,238,534,Shamela0010517,91,1251,1530,157,58
2292,238,534,Shamela0010517,2628,34,313,157,58
2292,238,447,Shamela0010517,2819,1101,1291,132,70
2293,1237,1474,Sham19Y0127654,524,1345,1647,115,40
2293,1038,1289,Shamela0008176,7955,1337,1512,114,57
2293,1097,1498,Shamela0008176,7956,143,587,210,51
2293,333,1464,Shamela0008353,848,921,1424,250,25
2293,1237,1498,Sham19Y0014592,583,65,428,159,52
2293,471,792,Shamela0000140,750,966,1196,162,62
2293,1038,1498,Shamela0000140,754,418,1254,230,31
2293,1038,1293,Sham19Y0145212,3868,103,220,77,38
2293,1,133,ShamAY0000351,500,1322,1454,107,100
2293,333,1227,Sham19Y0016618,211,1092,1363,189,26
2293,1259,1498,Sham19Y0018272,1172,668,874,152,76
2293,1047,1232,Shamela0012052,883,1146,1304,111,74
2293,1038,1498,Sham19Y0122257,3530,60,856,265,40
2293,457,1492,Sham19Y0017063,1651,126,710,289,31
2293,471,630,JK007011,27,640,782,95,77
2294,471,737,Shamela0004445,2898,790,1058,187,86
2294,521,809,Sham19Y0145435,4932,283,581,152,59
2294,468,737,Sham19Y0148486,5951,1077,1365,197,84
2294,412,785,Masaha003955Vols,855,968,1114,88,30
2294,471,737,Rafed0003489,192,500,764,177,80
2294,468,826,Shamela0001727,1416,128,701,258,56
2294,468,737,JK006838,1470,306,574,182,82
2294,521,826,Sham19Y0013572,340,290,511,104,33
2294,540,1105,Shamela0012014,96,1,345,173,32
2294,420,1052,Sham19Y0127677,6167,1167,1536,218,40
2294,521,737,Shamela0011816,217,732,954,171,92
2294,530,809,MMS00013,2593,711,889,113,46
2294,468,662,Shamela0022547,518,1249,1474,138,75
2294,468,705,Shamela0022547,978,1192,1442,167,81
2294,30,1047,Shia001831Vols,491,316,784,332,39
2294,468,717,Shamela0004289,1577,1210,1477,183,84
2294,270,737,Sham19Y0122406,3777,902,1445,276,53
2294,435,685,Shamela0006590,618,1243,1495,154,75
2294,468,737,Shamela0011404,116,1163,1446,179,72
2294,521,705,Shamela0011404,282,1267,1453,138,85
2294,525,658,Sham19Y0037618,6178,1291,1442,103,83
2294,540,658,Shamela0001438,7988,596,715,97,99
2294,530,737,Kraken230110004547,285,527,979,155,41
2294,521,737,Shia003461Vols,647,11,231,172,94
2294,521,826,Sham19Y0018144,2724,49,540,228,57
2294,535,826,Shamela0036446,1112,735,886,95,37
2294,1368,1517,ShamAY0035990,256,1062,1216,114,88
2294,521,741,Shamela0025800,1722,977,1328,170,58
2294,521,826,Shamela0025800,3244,1268,1485,109,35
2294,634,741,Shamela0025800,3245,14,121,86,100
2294,468,826,Shamela0011566,51,128,544,260,75
2294,521,737,Shia003732Vols,4310,15,242,171,92
2294,521,741,Shamela0000170,1022,1280,1550,150,68
2294,468,737,ShamAY0034005,1016,700,1001,193,78
2294,521,673,Sham19Y0020638,1194,1247,1405,124,96
2294,673,826,Sham19Y0020638,1195,1,189,114,76
2294,468,826,Masaha001864Vols,3313,932,1450,257,62
2294,468,737,Sham19Y0146127,3289,336,612,194,86
2294,838,1047,Sham19Y0017616,640,1417,1625,171,99
2294,521,737,Shamela0003283,10,255,721,168,43
2294,475,741,JK007065,146,856,1271,188,56
2294,540,737,Sham19Y0014328,539,627,876,143,71
2294,412,1024,Sham19Y0014119,1567,1322,1633,201,38
2294,1024,1254,Sham19Y0014119,1568,1,231,188,100
2294,747,867,Sham19Y0017063,1563,591,1110,85,20
2295,265,766,Shamela0008176,7616,1108,1537,323,74
2295,1217,1561,Sham19Y0017616,641,133,288,121,44
2295,863,1534,Sham19Y0122257,3415,642,1243,380,64
2295,376,766,Sham19Y0122257,3417,372,745,262,75
2295,1204,1561,Sham19Y0017063,1587,1041,1355,237,78
2296,331,719,Sham19Y0145435,5771,390,715,236,75
2296,863,1107,Shamela0010664,695,1307,1551,199,99
2296,1107,1453,Shamela0010664,696,1,431,268,74
2296,867,1413,Shamela0001673,9783,841,1268,276,56
2296,229,730,Shamela0004473,7106,799,1082,188,46
2296,801,1539,Sham19Y0013253,834,859,1513,326,44
2296,1398,1547,JK000201,3571,1332,1481,124,100
2296,369,719,Shamela0009091,125,1,398,158,46
2296,801,1190,Sham19Y0122406,3781,806,1497,236,39
2296,1365,1547,Sham19Y0017387,271,1123,1309,149,96
2296,825,1068,Rafed0002679Vols,1640,816,1066,126,53
2296,1118,1547,ShamAY0001760,247,1,136,105,29
2296,825,1539,Sham19Y0017063,1326,131,946,530,79
2297,1270,1463,Shamela0021629,595,295,633,124,40
2297,1270,1463,Shamela0012293,6255,241,565,150,57
2297,865,1009,Kraken220413030905,78,351,490,82,62
2297,641,785,Sham19Y0131521,6687,818,962,117,99
2297,1463,1585,Shamela0000140,670,1485,1609,97,96
2297,641,785,Sham19Y0018272,513,649,793,117,99
2297,139,785,Sham19Y0018272,617,1127,1461,191,33
2297,1270,1463,Sham19Y0020638,1197,999,1312,148,58
2297,1278,1467,ShamAY0000055,52,1148,1506,140,48
2297,26,187,Sham19Y0122257,2771,724,884,126,92
2298,649,833,Sham19Y0020583,1081,1397,1514,63,44
2298,1165,1486,ShamAY0034015,110,331,452,69,27
2298,1406,1611,Shia001831Vols,492,31,207,130,74
2299,14,248,Shamela0001727,1421,39,484,76,17
2299,1114,1373,Shamela0005756,4690,1158,1433,187,79
2299,1114,1430,Sham19Y0013252,2438,714,1029,255,97
2299,1241,1454,Sham19Y0122142,808,808,1067,146,68
2300,262,757,Shamela0008203,3,201,416,111,26
2300,357,621,Sham19Y0131521,6690,895,1215,145,47
2300,265,410,Sham19Y0014592,703,142,270,66,57
2300,262,410,Shamela0025791,381,935,1048,64,53
2300,357,882,Shamela0001727,1422,1097,1343,99,20
2300,262,410,Shamela0001727,1422,314,426,65,54
2300,262,410,Shia002702Vols,5837,1011,1123,65,54
2300,262,757,Shamela0012014,99,519,745,111,28
2300,854,1527,Shia001831Vols,492,354,669,185,32
2300,439,714,JK000201,2631,41,372,218,80
2300,837,1394,JK000201,3123,1036,1399,159,28
2300,262,410,JK000653,311,691,803,65,54
2300,22,257,Sham19Y0122406,3790,922,1257,70,21
2300,837,1163,Sham19Y0122406,3792,1070,1400,178,58
2300,1193,1537,Sham19Y0122406,3793,500,919,148,31
2300,1274,1487,Shia002265Vols,5688,550,748,157,91
2300,357,469,Shia002103Vols,240,6,265,74,38
2300,262,457,ShamAY0034134,945,1266,1368,64,41
2300,882,1045,Sham19Y0018144,6469,1023,1195,132,93
2300,1268,1487,Sham19Y0018272,1002,336,583,171,85
2300,262,469,Sham19Y0020638,1200,491,1053,98,21
2300,262,410,Sham19Y0013223,929,915,1027,65,54
2300,357,757,JK000216,181,895,1219,104,24
2300,262,426,ShamAY0000055,56,1106,1234,69,52
2300,357,709,Sham19Y0017063,1224,774,1171,206,54
2300,490,709,Sham19Y0150962,1153,830,1052,173,95
2300,484,714,Shamela0000791,629,26,248,170,90
2301,562,705,Shamela0021629,601,1019,1206,104,71
2301,562,705,Shamela0006610,1146,715,902,104,71
2301,562,693,Shamela0003055,4028,1279,1448,103,77
2301,562,779,Sham19Y0017747,2312,491,719,169,91
2301,562,705,Shia002616Vols,5734,124,302,104,74
2301,562,775,Kraken22041319410300,226,601,1176,154,33
2301,54,360,Sham19Y0017745,301,490,797,229,86
2301,562,705,Zaydiyya0000015,2375,531,720,102,69
2301,581,693,Shamela0008540,2158,655,767,87,99
2301,1505,1648,Sham19Y0131521,2441,818,950,100,86
2301,791,1164,Sham19Y0131521,2443,430,779,257,83
2301,562,775,Shamela0001727,1423,695,1284,155,33
2301,562,705,Sham19Y0013572,993,1205,1386,105,74
2301,1348,1648,Shamela0005756,11947,289,482,139,57
2301,872,1254,Shamela0005756,13640,1,384,302,94
2301,562,690,Shamela0012014,92,1356,1528,101,74
2301,1498,1648,Shamela0000894,3968,206,355,119,95
2301,562,705,Shamela0000894,4570,716,901,105,72
2301,562,775,Shamela0012884,4635,19,566,154,35
2301,562,779,Shamela0012001,119,131,655,155,37
2301,581,685,ShamAY0031578,919,662,766,81,99
2301,566,693,Shamela0030769,59,397,526,89,87
2301,1505,1648,Shamela0000140,660,885,1027,114,98
2301,581,1505,Shamela0000140,661,452,1399,595,65
2301,736,1045,Shamela0000140,671,1389,1588,153,60
2301,562,705,Sham19Y0096918,391,191,395,104,65
2301,562,705,Shamela0004289,852,900,1078,105,75
2301,664,1276,Shamela0023628,3174,1,986,419,51
2301,646,1168,Sham19Y0122406,3794,1,1118,310,33
2301,581,775,Shia002265Vols,837,608,1074,142,38
2301,1,515,Sham19Y0132524,2709,846,1039,78,19
2301,581,775,Kraken230110004547,284,758,1132,139,47
2301,562,693,ShamAY0033945,953,93,262,102,76
2301,562,693,Sham19Y0018144,2737,880,1052,102,75
2301,581,775,Shamela0036446,1111,939,1273,140,52
2301,581,775,Kraken220413202218,361,594,945,141,50
2301,562,775,Sham19Y0020638,1201,170,829,162,30
2301,562,705,Sham19Y0013223,937,667,854,104,71
2301,1505,1648,Shamela0001467,93,224,362,112,96
2301,971,1336,Sham19Y0013252,7232,823,1514,200,29
2301,1348,1648,Sham19Y0013252,7233,1,253,200,81
2301,562,705,Sham19Y0017616,450,531,716,104,71
2301,562,693,JK007065,940,966,1135,102,76
2301,797,1648,Shamela0000791,659,1,485,351,47
2302,202,357,ShamAY0034059,2878,27,184,111,84
2302,1218,1571,Shamela0008176,6074,1081,1421,249,81
2302,1,198,Shamela0008176,6077,411,619,161,94
2302,198,791,Shamela0008176,6078,475,1149,349,53
2302,211,582,Sham19Y0017747,2310,356,676,200,63
2302,1052,1562,Shamela0037466,2,1,283,213,51
2302,1290,1562,Sham19Y0131521,2441,1,369,218,71
2302,202,737,Sham19Y0131521,2442,445,1002,408,89
2302,202,626,Sham19Y0131521,6443,29,298,190,54
2302,192,582,Shamela0021590,1495,395,739,208,62
2302,1,174,Shamela0021715,9062,236,395,130,90
2302,211,586,Shamela0021715,9259,521,906,288,90
2302,1193,1562,Shamela0025791,345,161,531,286,90
2302,1,198,Shamela0005756,7102,1194,1391,158,97
2302,1,548,Shamela0005756,11947,482,915,274,58
2302,1,514,Shamela0005756,13634,317,667,272,65
2302,1274,1562,Shamela0005756,13636,905,1233,157,50
2302,1,198,Shamela0000894,3968,355,553,161,99
2302,1,238,Shamela0000140,660,1027,1267,171,86
2302,211,748,Shamela0000140,662,951,1493,377,81
2302,1313,1562,Shamela0023628,2063,918,1278,200,66
2302,211,582,Zaydiyya0000059,1296,475,876,181,46
2302,198,514,Sham19Y0147597,513,752,915,116,46
2302,791,1076,ShamAY0034383,573,455,782,227,85
2302,772,1066,Shamela0001467,93,566,841,201,79
2302,1,198,Shamela0001467,93,362,560,158,97
2302,1,772,Sham19Y0013252,3901,351,1090,526,80
2302,202,737,Sham19Y0013252,7232,999,1424,220,47
2302,1,223,Sham19Y0013252,7233,253,465,161,86
2302,1,791,Sham19Y0013252,8965,97,940,534,72
2302,266,748,Sham19Y0023625,1941,1,374,265,65
2302,1242,1571,Sham19Y0122257,2777,453,846,244,72
2302,1,198,Sham19Y0122257,2779,1401,1597,159,98
2302,238,914,Sham19Y0122257,2781,346,814,337,61
2302,753,914,Sham19Y0014601,2783,467,653,91,54
2302,1398,1571,Sham19Y0017063,1225,343,513,128,89
2302,1,626,Shamela0000791,659,485,1103,498,98
2302,1,514,Sham19Y0013605,3613,1194,1349,117,28
2302,1245,1562,Sham19Y0013605,4235,1140,1424,174,61
2303,77,371,Shamela0008176,6075,1,280,207,85
2303,1092,1429,Shamela0011244,60,184,751,203,42
2303,436,867,Sham19Y0036110,420,797,1162,223,60
2303,1,347,Shamela0037466,2,283,567,193,68
2303,1,368,Sham19Y0131521,2441,381,758,270,85
2303,7,214,Shamela0021715,9083,1283,1508,147,80
2303,1,294,Shamela0025791,345,537,855,196,77
2303,440,862,Shamela0000432,6167,453,705,169,48
2303,436,867,Shamela0012014,93,822,1177,223,62
2303,714,1040,Shamela0000140,666,413,1221,247,37
2303,444,1138,Sham19Y0017791,1614,63,559,202,31
2303,1170,1516,Sham19Y0013223,2478,1195,1536,284,98
2303,1,347,Sham19Y0013252,7233,1084,1290,140,52
2303,1,368,Sham19Y0122257,2777,846,1219,275,88
2303,1,376,Sham19Y0017063,1225,513,847,250,82
2303,436,593,Sham19Y0017063,1227,345,578,96,51
2303,1,347,Sham19Y0014252,479,335,484,94,34
2303,1122,1521,Shamela0000791,658,1199,1595,282,78
2303,33,347,Sham19Y0013605,4236,1,248,119,43
2304,806,1088,Sham19Y0036110,383,120,309,127,55
2304,846,1193,Sham19Y0014309,3223,654,1001,280,99
2304,832,1188,JK000201,2650,1038,1423,277,86
2304,1250,1477,JK000201,2651,1302,1515,153,79
2304,111,290,Sham19Y0122406,3801,494,693,112,71
2304,973,1088,Sham19Y0018144,6478,984,1098,92,99
2304,846,1528,Sham19Y0013223,2479,112,678,458,82
2304,796,1188,Shamela0011036,2100,912,1310,306,93
2304,787,1505,Sham19Y0017063,1252,1149,1558,187,26
2305,650,810,Sham19Y0017747,2359,1,124,90,69
2305,205,365,Sham19Y0131521,6452,1333,1502,122,90
2305,59,240,Sham19Y0131521,6452,378,677,135,56
2305,512,731,Sham19Y0131521,6456,1235,1457,127,66
2305,731,1367,Sham19Y0131521,6457,1,573,282,43
2305,449,660,Shamela0005756,12462,1280,1475,112,61
2305,1024,1372,Shamela0005756,12463,88,322,143,45
2305,466,712,Sham19Y0014309,2010,1006,1247,167,84
2305,1028,1512,Shia001831Vols,493,290,450,122,30
2305,1,209,JK000201,2652,51,259,153,87
2305,418,916,Sham19Y0122406,3800,1288,1528,150,38
2305,466,1000,ShamAY0000351,225,660,1194,421,100
2305,1009,1565,Sham19Y0018144,6486,1070,1555,360,77
2305,449,660,Sham19Y0018103,3180,183,379,98,57
2305,1,365,Sham19Y0013223,2479,678,1019,273,92
2305,418,679,Shamela0001467,51,1097,1437,199,74
2305,428,1000,Shamela0011036,2095,131,755,350,69
2305,1078,1313,Shamela0011036,2097,807,1124,182,68
2305,6,365,Shamela0011036,2102,15,662,252,46
2305,794,986,Sham19Y0023625,2523,772,1018,141,71
2305,482,1367,Sham19Y0017063,1253,793,1325,396,54
2305,1000,1372,Sham19Y0013605,3799,634,871,126,42
2306,674,1326,ShamAY0034059,2497,38,438,161,25
2306,111,248,JK007054,205,334,466,102,89
2306,577,1053,Sham19Y0017747,2374,1059,1647,312,58
2306,1053,1570,Sham19Y0017747,2375,1,571,286,50
2306,577,1485,Shamela0011244,60,756,1452,469,58
2306,475,1085,Sham19Y0127677,7020,754,1002,172,32
2306,725,1485,Shia001831Vols,493,578,952,239,37
2306,1090,1530,Sham20Y0014596,83,956,1167,111,29
2306,1090,1541,Sham19Y0008889,387,860,1226,244,62
2306,660,1326,Sham19Y0017063,1235,324,909,418,72
2307,1140,1547,Shamela0008176,6172,1083,1444,175,50
2307,173,390,Shamela0008176,6202,479,1013,152,33
2307,157,390,Sham19Y0131521,6455,66,254,146,75
2307,192,755,Shia001831Vols,493,952,1229,129,26
2307,1258,1547,Shamela0000140,768,112,398,203,85
2307,806,1547,Shamela0021660,1580,760,1179,126,16
2307,182,528,Sham19Y0122406,3804,855,1235,175,48
2307,1129,1547,Sham19Y0122406,3805,702,1198,231,56
2307,192,331,Sham19Y0018272,1028,1217,1390,93,64
2307,1283,1547,Sham19Y0122257,2818,925,1127,137,64
2307,197,809,Sham19Y0017063,1254,380,1246,316,39
2308,1076,1378,ShamAY0034059,4613,1,246,87,25
2308,1057,1230,Shamela0007891,785,1051,1229,110,65
2308,1057,1375,Shamela0002864,1180,344,807,132,37
2308,1057,1378,Shamela0021629,340,125,400,120,39
2308,1057,1378,ShamIbadiyya0000193,3980,93,318,120,43
2308,1057,1378,Shamela0010273,281,325,600,117,39
2308,1050,1375,JK001277,34,558,864,101,26
2308,1092,1314,Zaydiyya0000359,15,1,255,177,85
2308,1057,1183,Sham19Y0019188,860,719,845,99,100
2308,1057,1375,Shamela0003055,715,480,949,135,37
2308,1057,1183,Sham19Y0018328,302,142,268,99,100
2308,1057,1378,Tafsir03037,213,1027,1292,114,38
2308,1057,1378,Shamela0008176,2096,1040,1320,124,41
2308,1072,1178,Shamela0008176,2097,335,644,83,34
2308,1057,1183,Shia004020,193,1466,1586,94,95
2308,961,1400,Shamela0012293,152,915,1534,175,28
2308,1057,1375,Shamela0012293,617,464,740,124,41
2308,1050,1375,ShamAY0038139,36,173,468,101,26
2308,10,560,Sham19Y0014592,268,389,819,205,43
2308,1057,1375,Shamela0025791,462,422,698,124,41
2308,1050,1183,Shamela0009270,232,1155,1307,98,83
2308,10,636,Shamela0001727,1428,568,1214,153,20
2308,1057,1532,Shamela0001727,1429,772,1412,225,37
2308,1057,1375,JK000362,319,744,1205,132,36
2308,1183,1420,Sham19Y0122401,872,818,1054,193,99
2308,1057,1183,Sham19Y0013572,1382,1425,1551,98,99
2308,10,265,Sham19Y0013572,1382,786,1036,84,37
2308,1057,1378,Shamela0009795,261,228,508,124,41
2308,1057,1378,Shia002261Vols,93,855,1137,124,40
2308,1057,1378,Sham19Y0127677,553,134,415,124,40
2308,1050,1375,Shamela0012884,3900,797,1274,137,37
2308,1057,1335,Shamela0006547,118,661,1100,149,41
2308,1057,1378,Sham19Y0122096,1096,788,1068,124,41
2308,1109,1424,Sham19Y0122096,1097,788,1456,97,15
2308,1038,1378,Tafsir09050,4112,104,426,125,37
2308,1057,1375,ShamAY0034066,173,1165,1444,123,40
2308,1057,1378,Sham19Y0017903,401,41,309,102,28
2308,824,1183,Sham19Y0013253,839,653,1367,255,44
2308,66,754,Shia001831Vols,493,1235,1405,112,20
2308,1057,1420,Kraken220216061206,101,514,1156,276,53
2308,1057,1183,JK001419,44,1271,1401,95,93
2308,1057,1378,Shamela0004289,139,934,1212,124,41
2308,1057,1187,Shamela0004289,815,1157,1290,99,94
2308,1057,1378,Shamela0023628,3271,125,405,124,41
2308,1057,1400,ShamAY0034068,3426,370,769,142,35
2308,1057,1324,Shamela0021660,1586,475,826,119,32
2308,1057,1183,Shamela0001975,292,1102,1228,99,100
2308,652,1045,Sham19Y0122406,3807,801,1301,177,35
2308,1350,1532,Sham19Y0122406,3809,1,321,112,44
2308,1057,1183,Shia002265Vols,5242,1033,1159,99,100
2308,1050,1183,Shamela0010463,450,1250,1406,104,85
2308,1183,1314,Shia002178,5,590,721,109,100
2308,1057,1378,Shamela0019482,9,488,766,124,40
2308,1057,1200,Shia002264,571,1349,1492,103,92
2308,1057,1178,Sham19Y0001734,414,1034,1159,91,93
2308,1057,1378,Sham19Y0132524,2730,372,653,124,41
2308,1057,1375,Shamela0001875,601,853,1131,124,41
2308,1057,1375,Shamela0001438,1373,1036,1314,124,41
2308,1057,1378,Kraken230110004547,480,889,1171,124,40
2308,1057,1378,Shamela0036446,268,951,1231,124,41
2308,29,265,Shamela0036446,1060,470,669,69,37
2308,1057,1378,JK007107,289,731,1013,124,40
2308,1057,1378,ShamAY0033733,52,553,834,124,41
2308,1057,1378,Shamela0025800,2686,287,565,124,40
2308,1057,1378,Sham19Y0017729,202,20,300,124,40
2308,1076,1183,Shamela0095735,210,1,108,84,100
2308,1057,1378,Shamela0021659,321,987,1268,124,40
2308,1057,1409,JK007006,465,665,1501,124,15
2308,1057,1183,Shia001368,240,1345,1471,99,100
2308,1057,1187,ShamAY0034005,808,710,837,96,93
2308,1072,1409,Sham19Y0018272,613,490,1110,248,47
2308,29,310,Sham19Y0018272,1276,991,1487,156,39
2308,310,560,Sham19Y0018272,1277,1,220,174,85
2308,1057,1378,Sham19Y0023618,286,451,730,124,40
2308,10,1378,Sham19Y0020638,1204,113,1120,332,25
2308,1057,1378,Sham19Y0013223,386,696,976,124,41
2308,1057,1378,Sham19Y0013223,1243,787,1067,124,41
2308,1057,1183,Shamela0021766,55,1146,1271,99,99
2308,1057,1183,Shamela0021766,3627,835,960,99,99
2308,29,265,Shamela0006686BK1,91,12,211,69,37
2308,1057,1375,Sham19Y0016976,568,1037,1312,122,41
2308,1057,1378,Sham19Y0017616,361,9,290,124,41
2308,87,265,ShamAY0038405,585,1263,1552,109,48
2308,1057,1378,Zaydiyya0000258,174,401,667,120,39
2308,233,560,Sham19Y0023625,2077,1131,1538,205,58
2308,1057,1378,JK007065,1100,743,1024,124,41
2308,10,261,JK007065,1100,371,612,75,33
2308,1030,1183,Tafsir07076,182,1072,1264,114,76
2308,1038,1183,Tafsir07076,436,683,835,105,88
2308,1057,1378,Tafsir07076,3638,291,566,119,39
2308,1050,1375,Tafsir07076,3783,751,1059,129,39
2308,1038,1183,Tafsir07076,6031,284,437,103,86
2308,1038,1375,Tafsir07076,9520,1062,1367,112,30
2308,1057,1183,Tafsir06049,1138,843,954,85,86
2308,1057,1375,Sham19Y0122257,937,164,439,131,44
2308,1057,1375,Sham19Y0014119,195,995,1270,122,41
2308,1057,1378,Sham19Y0017063,336,1159,1436,122,40
2308,1057,1378,Rafed0003902Vols,4805,1008,1289,124,41
2308,1057,1378,Rafed0003902Vols,4828,544,824,123,40
2308,1057,1183,Shamela0008360,231,1263,1389,99,100
2309,604,1263,JK007054,1018,721,1169,203,32
2309,623,1336,Shia002702Vols,2141,875,1170,219,38
2309,599,1032,Shamela0021502,142,1016,1471,341,92
2309,1032,1434,Shamela0021502,143,1,528,183,32
2309,604,828,Sham19Y0020638,1205,1102,1293,100,55
2309,117,502,Sham19Y0020638,1840,651,860,73,20
2309,841,1499,Sham19Y0013223,2824,147,437,235,43
2309,623,825,Shamela0011036,882,502,761,120,60
2309,604,825,JK007065,1334,728,1292,101,22
2309,825,1064,Shamela0010517,2833,1150,1392,197,98
2310,7,209,JK006897,172,948,1089,83,54
2310,104,409,Sham19Y0036110,413,74,304,148,55
2310,113,605,Shamela0001727,1432,1,474,122,20
2310,92,285,Sham19Y0013253,841,187,327,93,57
2310,437,1105,Shia001831Vols,494,1,215,169,30
2310,1098,1322,Shamela0000140,2082,1143,1576,121,35
2310,104,605,Shamela0004289,806,1035,1422,126,22
2310,104,285,Shamela0021502,142,135,339,129,80
2310,104,667,Sham19Y0122406,3812,444,1045,208,31
2310,832,1287,Sham19Y0122406,3813,935,1327,194,47
2310,1112,1322,Sham19Y0018144,6500,1,213,171,99
2310,108,523,ShamAY0035990,170,680,1192,164,30
2310,1,209,Sham19Y0020638,1206,1,319,107,40
2310,832,1322,Sham19Y0020638,1840,1131,1331,124,31
2311,1308,1516,Sham19Y0127654,630,554,762,170,100
2311,548,1059,Shia001831Vols,494,308,485,94,21
2311,1,156,Shamela0036543,2141,561,708,115,90
2311,156,615,Shamela0036543,2160,820,1546,273,41
2311,632,950,Shamela0036543,2162,185,472,216,81
2311,961,1516,Shamela0036543,2180,384,943,431,92
2311,632,833,Shamela0000140,309,241,428,152,93
2311,955,1501,Sham19Y0122406,3816,11,527,223,45
2311,1303,1536,Sham19Y0017791,760,341,615,169,69
2311,175,632,Sham19Y0018272,1574,1074,1487,255,61
2311,981,1292,Sham19Y0018272,1576,1286,1552,202,75
2311,1292,1536,Sham19Y0018272,1577,1,223,181,90
2311,487,841,Sham19Y0013223,2127,33,359,237,81
2311,1,659,Sham19Y0013223,2135,1070,1574,385,70
2311,659,1303,Sham19Y0013223,2136,1,532,352,63
2311,1308,1501,Sham19Y0023625,2912,1169,1288,76,51
2311,1308,1505,Sham19Y0008889,289,221,348,78,51
2311,175,1609,Sham19Y0017063,517,1,1274,913,73
2312,1286,1556,Shamela0006637,22,913,1113,158,71
2312,1275,1556,JK007054,199,361,642,224,98
2312,688,908,JK007054,974,929,1142,155,85
2312,205,475,Shamela0008176,6301,590,944,192,65
2312,187,925,Sham19Y0017747,2349,585,1270,415,61
2312,1286,1556,Sham19Y0017745,172,770,1113,202,72
2312,1275,1511,Sham19Y0017451,28,564,807,190,97
2312,1275,1435,Sham19Y0036110,351,1380,1537,127,97
2312,1435,1556,Sham19Y0036110,352,1,124,97,98
2312,145,925,Shamela0021590,1532,542,1369,419,52
2312,1280,1556,Shamela0025791,248,1211,1488,219,97
2312,1,140,Sham19Y0127677,8553,1,139,110,99
2312,1314,1543,Sham19Y0035453,16,246,480,169,88
2312,1106,1556,Sham19Y0014309,3206,170,620,365,100
2312,171,787,Sham19Y0122096,220,1000,1592,190,32
2312,938,1376,Shia001831Vols,494,577,712,100,28
2312,1,140,Shamela0036543,2169,774,908,105,94
2312,1,140,Shamela0000140,310,616,761,111,95
2312,145,475,Shamela0000140,487,966,1468,229,54
2312,688,903,Shamela0000140,1074,692,907,150,80
2312,205,347,JK000201,2738,1300,1509,98,55
2312,1275,1556,JK000201,3632,691,972,226,99
2312,315,1130,Sham19Y0122406,3817,1,1057,323,29
2312,171,422,Sham19Y0122257,1111,943,1237,158,61
2312,181,470,Sham19Y0122257,2872,428,779,208,69
2312,1286,1556,Sham19Y0150961,657,630,896,209,95
2313,1,202,Shamela0006637,22,1113,1310,148,90
2313,1,564,JK007054,199,642,1190,440,96
2313,703,1266,Shamela0008176,6306,1077,1490,286,59
2313,1,602,Sham19Y0017747,2327,449,1042,430,86
2313,12,461,Sham19Y0017745,172,1123,1499,258,70
2313,1,202,Sham19Y0017451,28,811,1012,160,100
2313,142,395,Shamela0011244,62,1,428,198,57
2313,1,431,Sham19Y0036110,352,124,598,331,83
2313,981,1266,Shamela0021715,3972,1198,1471,169,70
2313,23,202,Shamela0025791,249,5,180,138,96
2313,1069,1492,Shamela0006947,14977,944,1365,331,95
2313,1,575,Sham19Y0014309,3206,620,1190,460,99
2313,661,1497,JK000201,3151,29,834,368,42
2313,1,202,JK000201,3632,972,1172,159,99
2313,599,880,Shia001174Vols,286,131,566,195,56
2313,570,880,Shia001174Vols,3212,354,866,163,39
2313,703,1529,Sham19Y0122257,2874,857,1408,362,53
2313,1,410,Sham19Y0150961,657,896,1312,325,95
2314,845,1128,Sham19Y0148486,8452,268,603,207,70
2314,18,469,Shamela0008176,6308,1099,1538,309,75
2314,1133,1487,Sham19Y0036110,57,891,1187,195,64
2314,526,805,Shamela0001727,1434,1262,1419,81,37
2314,873,1412,Shamela0005756,9983,322,1140,275,34
2314,9,494,Shamela0000140,489,174,643,335,79
2314,18,469,JK000201,3152,461,893,319,78
2314,469,591,Sham19Y0122406,3820,801,1200,84,26
2314,320,894,Sham19Y0122406,3821,101,799,226,32
2314,9,469,Sham19Y0018272,1798,449,963,349,79
2314,1128,1398,Shamela0001467,62,1293,1564,225,99
2314,882,1412,Sham19Y0013252,6061,197,900,292,45
2314,18,469,Sham19Y0122257,2875,569,1005,331,86
2315,1361,1644,Shia001831Vols,494,898,1080,145,63
2315,1165,1342,JK000201,2648,765,936,136,93
2315,673,1046,Sham19Y0122406,3823,838,1431,231,44
2315,1184,1337,Sham19Y0018272,2136,299,453,127,99
2315,66,173,Sham19Y0020638,1841,396,535,57,53
2316,123,799,Sham19Y0017747,2358,1,412,286,51
2316,826,1553,Sham19Y0017747,2404,32,880,389,53
2316,1074,1270,Sham19Y0036110,324,901,1080,120,67
2316,424,681,Sham19Y0131521,5523,188,326,108,52
2316,826,1520,Sham19Y0014309,3176,736,1197,329,54
2316,1,870,Shia001831Vols,494,1080,1398,251,36
2316,831,1202,Shamela0000140,1062,1188,1562,227,63
2316,424,799,Sham19Y0013631,1354,560,853,232,77
2316,1,708,Sham19Y0018272,2143,40,766,506,83
2316,1,799,Sham19Y0013223,2496,203,1059,631,92
2316,903,1430,Sham19Y0013223,2559,820,1011,126,28
2316,831,1397,Sham19Y0013223,2568,114,438,122,21
2316,626,790,Shamela0021654,1255,153,314,128,95
2316,1,799,Sham19Y0023625,2606,405,1324,459,51
2316,850,1553,Sham19Y0122257,1128,826,1463,475,79
2317,448,788,Shamela0021848BK1,1410,1,333,234,82
2317,548,987,Sham19Y0013769,2796,443,587,111,29
2317,97,234,Shamela0006610,1128,481,660,100,73
2317,406,1134,Shamela0003055,1949,591,1114,270,41
2317,406,1134,Shamela0011380,115,306,813,275,41
2317,97,283,Shamela0025791,92,1112,1477,131,46
2317,97,229,Sham19Y0017757,186,734,907,102,76
2317,374,765,Shamela0005973,3,715,1045,208,60
2317,586,1348,Shamela0010639,339,1,1435,454,36
2317,1348,1551,Shamela0010639,340,45,397,128,45
2317,406,1544,Shamela0012014,328,52,1545,643,47
2317,101,229,Sham19Y0127677,69,223,355,92,90
2317,229,717,Shamela0004473,6744,1060,1521,370,93
2317,717,1551,Shamela0004473,6745,1,810,644,95
2317,70,229,Shamela0036543,2206,320,520,115,74
2317,370,765,Shamela0036543,2206,1122,1520,312,96
2317,765,1551,Shamela0036543,2207,1,741,557,84
2317,1099,1272,Shamela0036543,2215,1124,1460,77,30
2317,418,1042,ShamAY0034139,39,7,245,181,33
2317,565,813,Shamela0000140,1963,1151,1488,181,64
2317,659,805,Shamela0000140,1964,750,1000,101,48
2317,1348,1551,Shamela0000140,1966,339,689,129,46
2317,412,1109,Sham19Y0013577,7742,769,1545,536,83
2317,1109,1551,Sham19Y0013577,7743,1,432,332,91
2317,448,788,Sham19Y0018272,497,1196,1519,220,77
2317,412,1183,ShamAY0034251BK3,1965,746,1581,584,83
2317,1183,1551,ShamAY0034251BK3,1966,1,374,287,93
2317,379,1523,Sham19Y0014580,2048,171,994,608,64
2317,480,788,Sham19Y0023625,2502,321,742,216,62
2317,779,1061,Sham19Y0023625,2503,207,645,191,50
2317,1099,1470,Sham19Y0023625,2504,263,922,179,32
2317,49,229,Sham19Y0017063,1198,750,965,111,65
2317,406,1551,Shamela0010517,2886,52,1525,641,47
2318,1,238,Shamela0021848BK1,1410,406,620,158,79
2318,721,1300,Sham19Y0020944,1130,750,1341,186,27
2318,721,976,JK000021,2314,1157,1418,161,69
2318,729,1214,Masaha003032,87,1012,1409,218,48
2318,721,1113,Shamela0007891,2220,857,1287,231,65
2318,711,1087,JK007054,44,556,933,223,67
2318,721,916,Shia001432Vols,25478,1278,1470,136,82
2318,711,976,Sham19Y0123581,102,497,774,180,79
2318,711,980,Sham19Y0148486,6680,1096,1373,187,81
2318,711,976,ShamAY0038072,7,717,995,181,79
2318,721,976,Shamela0026337,10,1246,1509,174,76
2318,729,976,ShamAY0035035,4721,169,488,149,54
2318,729,971,ShamAY0035035,6394,1288,1526,168,85
2318,721,976,Shamela0008203,50,806,1069,167,72
2318,976,1459,Shamela0008176,5975,802,1406,318,58
2318,729,980,Shamela0001719,4695,739,998,180,84
2318,798,980,Shamela0001719,4696,1,192,125,80
2318,721,1087,Shamela0025794,4628,374,807,201,58
2318,266,471,Sham19Y0036110,347,565,1040,92,22
2318,721,997,Sham19Y0014579,1411,613,967,169,57
2318,729,1187,Sham19Y0131521,6333,889,1301,175,35
2318,259,609,Sham19Y0131521,6486,772,1125,182,51
2318,1043,1308,Shamela0021715,9132,137,406,94,33
2318,711,1087,Shamela0025791,196,365,706,223,73
2318,249,976,Shamela0001727,1437,183,1080,379,44
2318,729,976,Shia004042Vols,574,477,707,124,58
2318,721,976,Shamela0012750,174,872,1133,183,86
2318,721,976,Shamela0012750,510,800,1056,185,88
2318,1168,1503,Shamela0005756,13686,345,715,124,30
2318,8,238,Shamela0010639,340,410,706,149,59
2318,721,1087,Sham19Y0023644,1522,682,1032,204,61
2318,233,621,Sham19Y0127677,14293,147,919,226,32
2318,721,1087,Sham19Y0127677,14977,415,821,199,56
2318,721,976,Sham19Y0127677,14978,136,402,199,95
2318,721,976,Sham19Y0127677,20588,74,352,175,77
2318,1,340,Shamela0004473,6745,810,1101,186,64
2318,721,1013,Shamela0004473,6745,1194,1540,177,59
2318,729,1187,Shamela0117359,1112,59,476,180,37
2318,721,1087,Shia002158,43,883,1171,201,67
2318,729,1000,Shamela0022842,144,995,1281,161,65
2318,1,238,Shamela0036543,2207,741,975,192,97
2318,976,1459,JK000201,2703,727,1324,303,56
2318,721,976,Shamela0004289,872,790,1061,201,94
2318,223,603,Sham19Y0122406,3827,846,1519,208,35
2318,692,1257,Sham19Y0122406,3828,7,1230,361,36
2318,721,976,Shamela0013152,3,1139,1414,193,85
2318,721,1187,Shamela0013039,35,934,1345,215,48
2318,729,971,Sham19Y0001734,1733,455,735,161,68
2318,740,1187,Sham19Y0132524,2746,271,770,146,27
2318,858,971,Sham19Y0038171,1697,1,108,82,92
2318,736,1270,ShamAY0033531,3484,58,565,289,65
2318,736,1236,ShamAY0033531,4666,992,1465,263,62
2318,991,1223,Sham19Y0013631,1280,603,784,100,50
2318,1000,1503,Sham19Y0018103,3576,639,1168,224,46
2318,721,987,JK001412,308,269,480,146,68
2318,1,249,Sham19Y0013577,7743,432,691,190,83
2318,1,238,Sham19Y0018272,498,8,221,149,75
2318,229,1087,Sham19Y0020638,1210,820,1413,287,38
2318,721,976,Masaha001864Vols,2282,19,290,201,94
2318,729,1187,Sham19Y0123665,1861,91,610,189,34
2318,729,1187,Sham19Y0020591,1749,849,1261,175,35
2318,1,340,ShamAY0034251BK3,1966,374,778,219,59
2318,721,1100,Shia001174Vols,3354,889,1308,240,65
2318,729,976,JK000001,1127,452,706,153,68
2318,721,976,Sham19Y0146127,3703,1176,1409,169,79
2318,959,1459,Shamela0021654,1311,1149,1513,233,53
2318,711,1270,Shamela0011036,2093,522,1200,327,56
2318,692,1087,Sham19Y0017616,454,107,504,244,73
2318,29,238,Sham19Y0014580,2048,994,1139,113,65
2318,729,971,JK011516,15,248,471,156,79
2318,1048,1356,Sham19Y0023625,2508,1,463,221,58
2318,987,1459,Sham19Y0122257,2735,944,1342,312,82
2318,729,1087,Sham19Y0014601,5923,972,1444,189,48
2318,834,1013,Sham19Y0014601,5924,1,427,116,35
2318,721,976,Sham19Y0148271,2285,1203,1463,182,87
2318,721,976,Shamela0010803,98,1077,1339,185,86
2318,848,1503,Sham19Y0013605,4258,19,810,295,40
2319,12,141,JK007054,44,898,1018,89,88
2319,726,1217,Shamela0008176,6244,988,1500,272,59
2319,12,149,Shamela0025791,196,671,799,87,81
2319,731,1064,Sham19Y0013253,842,945,1343,171,51
2319,1098,1449,Sham19Y0013253,843,6,656,241,45
2319,755,1449,Sham19Y0122406,3831,438,1501,392,43
2319,813,1350,Sham19Y0122257,2848,257,1054,309,43
2320,447,751,Shamela0021629,571,257,584,138,44
2320,1394,1604,Sham19Y0017747,2381,504,712,156,89
2320,399,925,Sham19Y0131521,3615,948,1515,346,69
2320,518,1272,Shamela0010664,1307,327,967,299,39
2320,98,481,Sham19Y0122406,3832,181,733,137,25
2320,1445,1604,Zaydiyya0000059,1018,151,350,109,67
2320,1219,1604,ShamAY0034383,564,554,1345,297,45
2320,481,665,Sham19Y0013223,2492,1399,1594,150,94
2320,665,838,Sham19Y0013223,2493,1,174,138,98
2320,1243,1604,Sham19Y0013223,2495,214,529,256,86
2320,1322,1481,Sham19Y0023625,2553,1394,1553,125,98
2320,447,755,Sham19Y0023625,2556,159,515,246,84
2320,399,925,Sham19Y0014601,3953,661,1280,343,62
2321,1414,1595,Sham19Y0020594,333,82,339,124,61
2321,1,312,Sham19Y0017747,2381,712,1002,213,82
2321,351,671,Sham19Y0017747,2388,207,511,229,84
2321,1414,1523,Sham19Y0032181,358,587,695,75,90
2321,90,580,Sham19Y0131521,6448,1150,1573,259,52
2321,327,671,Shamela0021590,1562,861,1377,128,23
2321,640,1178,Shamela0001727,1439,1145,1430,81,17
2321,1414,1601,Shamela0001727,1440,788,1254,145,39
2321,327,541,Sham19Y0127677,14417,1185,1486,165,64
2321,541,671,Sham19Y0127677,14418,1,131,107,100
2321,1414,1601,Sham19Y0127677,20451,888,1250,100,33
2321,1414,1595,Shamela0036080,26,1026,1262,122,64
2321,260,729,Sham19Y0035453,126,778,1374,230,39
2321,1144,1601,Sham19Y0122406,3835,368,1005,211,34
2321,1414,1601,ShamAY0033531,3395,203,395,102,58
2321,351,661,ShamAY0033531,3537,1223,1529,245,93
2321,1414,1601,ShamAY0033531,4577,1176,1368,102,58
2321,351,681,ShamAY0033531,4720,697,1021,257,92
2321,178,729,Sham19Y0013631,1966,1109,1525,192,36
2321,1414,1509,Sham19Y0018144,6525,847,941,73,98
2321,1414,1509,Sham19Y0018144,6528,337,431,73,98
2321,1414,1509,Sham19Y0131003,664,1433,1527,73,98
2321,322,1139,ShamAY0034383,564,199,1016,668,99
2321,1,1093,Sham19Y0013223,2495,529,1621,887,99
2321,1414,1533,Masaha001864Vols,5284,791,970,90,64
2321,1414,1509,Shia001976Vols,1665,819,913,73,98
2321,1414,1601,Shia001626Vols,400,814,1042,111,51
2321,700,1144,Sham19Y0023625,2553,568,911,219,54
2321,466,633,Sham19Y0014601,7081,1419,1554,109,79
2321,733,1000,Sham19Y0150962,1167,133,400,214,98
2321,317,562,Shamela0010517,2260,1377,1559,146,72
2322,902,1541,JK007054,57,81,615,407,77
2322,1108,1512,JK001472,38,1232,1511,119,32
2322,288,494,Sham19Y0013769,2832,746,948,141,86
2322,73,366,ShamAY0035035,6456,216,552,122,36
2322,151,278,Zaydiyya0000142,2904,1192,1328,101,92
2322,7,444,Zaydiyya0000142,3937,899,1487,327,68
2322,7,408,JK009390,414,1138,1473,160,45
2322,288,444,JK009390,2699,576,725,118,95
2322,151,278,Shia002616Vols,3675,667,794,100,98
2322,288,448,JK009242,277,1021,1184,116,86
2322,641,1172,Shamela0009918,428,24,553,319,61
2322,151,278,Shamela0025794,1853,1215,1342,99,97
2322,48,494,Sham19Y0014592,1213,30,496,210,42
2322,1,444,Shamela0021715,9557,881,1199,197,55
2322,48,278,Shamela0001727,1441,751,1380,178,34
2322,288,444,Shamela0001727,1443,51,207,123,99
2322,288,444,JK006838,1427,925,1060,107,86
2322,288,444,Shamela0023700,2202,1140,1283,111,89
2322,151,416,Shamela0000432,4497,295,519,147,62
2322,808,1288,Shamela0000432,4497,506,986,131,29
2322,288,494,Shia002702Vols,5776,856,1136,144,65
2322,1126,1518,Shia002702Vols,5777,1,298,195,59
2322,151,278,Sham19Y0013572,509,60,186,101,99
2322,288,426,Sham19Y0013572,837,1273,1411,108,99
2322,7,278,Sham19Y0013572,897,179,560,208,65
2322,312,494,Shamela0005756,14040,1156,1376,121,70
2322,151,278,Sham19Y0023644,8172,577,703,101,99
2322,7,444,Sham19Y0127677,1033,975,1443,167,35
2322,288,413,Sham19Y0127677,2537,1306,1431,99,100
2322,288,444,Sham19Y0127677,14606,602,758,123,99
2322,7,444,Shamela0001673,9529,494,1312,287,43
2322,48,513,Shamela0004473,6946,431,790,230,59
2322,161,494,Shamela0011816,453,693,1051,189,60
2322,288,444,Shamela0036080,27,12,166,122,98
2322,151,278,Shamela0023644,1331,957,1088,102,96
2322,288,444,Shamela0022547,2741,232,395,124,95
2322,220,508,Sham19Y0013253,843,1095,1357,141,56
2322,151,497,Shamela0023645,346,700,1035,166,47
2322,151,278,Shamela0004289,865,89,216,102,100
2322,288,444,Shamela0004289,927,764,919,122,98
2322,288,444,Shamela0001975,1041,1156,1306,119,96
2322,151,278,Sham19Y0122406,3838,881,1008,102,100
2322,288,444,Sham19Y0122406,3840,90,246,124,100
2322,220,444,Shia002265Vols,926,1045,1280,143,73
2322,7,246,Shia002265Vols,927,1072,1451,129,41
2322,151,278,Shamela0029967,173,66,193,102,100
2322,1112,1541,Shamela0029967,174,61,491,298,86
2322,151,444,Shamela0000927,1996,672,1302,224,44
2322,48,278,Zaydiyya0000220,269,415,650,135,60
2322,151,278,Zaydiyya0000220,272,594,721,102,100
2322,288,494,Sham19Y0001734,2408,1074,1279,138,85
2322,288,444,Sham19Y0132524,2757,48,204,124,100
2322,73,366,Sham19Y0038171,1722,213,546,126,38
2322,7,278,Shamela0001438,960,861,1290,155,43
2322,288,444,Shamela0001438,4118,43,199,122,98
2322,7,508,ShamAY0033531,3395,507,1321,299,45
2322,1172,1496,ShamAY0033531,3395,1267,1452,120,43
2322,1172,1541,ShamAY0033531,4578,706,936,157,50
2322,48,508,ShamAY0033531,4578,55,760,282,50
2322,48,444,Kraken230110004547,584,525,985,154,30
2322,151,278,Sham19Y0018144,2778,308,431,99,96
2322,288,444,Sham19Y0018144,2779,1208,1382,113,78
2322,288,444,Shamela0036446,1087,972,1128,124,100
2322,288,494,ShamAY0035990,222,990,1238,132,62
2322,1108,1518,ShamAY0035990,223,14,267,135,40
2322,288,444,Shamela0025800,3091,749,905,124,100
2322,7,513,Shia003732Vols,4694,897,1492,217,34
2322,523,1541,Shia003732Vols,4695,14,1173,740,75
2322,151,278,Shamela0013004,8,770,897,98,96
2322,288,444,Shamela0021659,1428,880,1036,124,100
2322,278,432,JK007006,376,134,262,97,79
2322,288,444,ShamAY0034005,1033,760,928,123,92
2322,278,489,Sham19Y0018272,469,1267,1485,111,59
2322,151,278,Zaydiyya0000454,149,1459,1581,95,92
2322,220,444,Zaydiyya0000454,150,33,238,131,71
2322,7,278,Sham19Y0020638,1212,1060,1429,203,68
2322,288,444,Sham19Y0020638,1213,953,1109,124,100
2322,288,444,JK000216,213,475,631,122,98
2322,288,444,Masaha001864Vols,520,1197,1353,123,99
2322,101,278,Masaha001864Vols,520,1,293,133,56
2322,1103,1512,Masaha001864Vols,2268,1113,1388,135,35
2322,32,570,Masaha001864Vols,5284,1,475,378,87
2322,288,444,Shamela0012981,1595,1262,1418,123,99
2322,942,1299,Shamela0011468BK1,2253,389,642,175,60
2322,48,444,Shamela0011468BK1,2253,99,351,196,60
2322,73,366,Shamela0021550,426,186,486,125,40
2322,48,494,JK007116,85,596,990,156,39
2322,7,330,Shia001626Vols,396,422,846,109,33
2322,288,444,Shia001626Vols,397,53,209,123,99
2322,73,366,JK000001,1806,707,1054,125,36
2322,1,444,Shamela0021654,143,1057,1239,92,26
2322,48,404,Shamela0011036,2008,1316,1580,117,39
2322,193,829,Shamela0011036,2009,260,1488,359,33
2322,834,1541,Shamela0011036,2010,13,818,531,82
2322,288,444,Shamela0012052,2420,669,825,124,100
2322,288,444,Sham19Y0017616,460,876,1032,123,99
2322,288,494,Shamela0000976,50,598,847,140,71
2322,292,494,Shamela0006449,63,768,975,134,82
2322,288,444,JK007065,848,112,268,124,100
2322,151,278,JK007065,872,281,408,102,100
2322,288,444,Sham19Y0148271,143,1020,1183,123,95
2322,288,444,Shamela0010803,129,1119,1275,122,98
2323,1,221,JK007054,57,615,852,142,69
2323,255,643,JK001472,39,5,338,213,66
2323,279,581,Shia002702Vols,5776,1034,1312,194,76
2323,1198,1316,Sham19Y0122406,3840,679,858,64,46
2323,605,855,Sham19Y0018144,6524,280,628,159,52
2323,1,215,Shia003732Vols,4695,1173,1372,148,83
2323,360,581,Masaha001864Vols,2269,1,196,143,80
2323,1,383,Masaha001864Vols,5284,486,834,186,54
2323,1,269,Shamela0011036,2010,818,1147,177,63
2323,255,581,Shamela0011036,2011,523,883,159,52
2324,510,637,Shia001432Vols,12874,1260,1388,99,97
2324,121,637,Shia001432Vols,36869,920,1099,115,26
2324,121,637,Shia001432Vols,37380,1206,1357,113,27
2324,505,637,Shia001353,390,396,533,98,91
2324,121,637,Shamela0001727,1443,390,541,115,27
2324,121,637,Shamela0023700,2202,819,970,115,27
2324,510,637,Sham19Y0013572,508,859,991,99,94
2324,484,637,Shamela0036080,26,584,745,98,74
2324,121,637,ShamAY0033181,286,843,994,115,27
2324,121,637,Sham19Y0122406,3840,429,580,115,27
2324,681,1134,Sham19Y0018144,6527,690,1347,276,48
2324,468,637,Sham19Y0020638,1213,1195,1381,112,77
2324,121,580,Masaha001864Vols,2700,158,553,70,11
2324,510,1059,Masaha001864Vols,5284,900,1500,360,67
2324,1059,1452,Masaha001864Vols,5285,1,319,241,75
2324,561,1138,Masaha001864Vols,5504,954,1544,419,87
2324,1138,1433,Masaha001864Vols,5505,1,296,237,100
2324,494,637,Sham19Y0017616,460,1086,1253,105,80
2324,505,637,JK007065,457,847,984,100,92
2325,199,504,Shamela0007891,2208,791,1158,158,43
2325,199,508,Sham19Y0148486,6589,28,230,140,54
2325,199,504,Shamela0008176,6204,588,835,149,54
2325,377,965,Sham19Y0017747,2390,1009,1522,381,76
2325,199,504,Sham19Y0013614,689,985,1213,149,54
2325,199,508,ShamAY0037566,293,594,949,167,55
2325,199,504,Shamela0010842,119,183,849,150,24
2325,559,1368,Sham19Y0131521,6462,400,1084,358,45
2325,199,441,Sham19Y0127660,1738,662,802,106,54
2325,377,544,Shamela0021590,1564,1340,1511,131,95
2325,199,504,Shamela0025791,129,745,970,142,55
2325,1,504,Shamela0001727,1444,66,571,221,38
2325,390,960,Shamela0005756,8516,657,1488,204,23
2325,199,504,Sham19Y0127677,8882,959,1167,159,63
2325,199,504,Sham19Y0127677,9656,792,1010,160,63
2325,199,828,Shamela0000894,4523,838,1580,401,64
2325,917,1459,Shamela0000894,4524,1,425,306,67
2325,170,466,Shamela0004473,1860,43,253,104,43
2325,213,504,ShamAY0033181,1266,92,277,145,62
2325,213,504,ShamAY0033181,1335,1238,1423,145,62
2325,390,1396,JK000201,2658,512,1552,798,95
2325,1396,1536,JK000201,2659,1,130,104,92
2325,199,504,Shamela0004289,937,384,594,161,64
2325,199,779,Sham19Y0122406,3842,786,1516,300,43
2325,199,504,Shamela0013152,25,1289,1481,148,59
2325,199,504,Sham19Y0145212,3039,486,737,149,54
2325,381,550,Sham19Y0122187,1341,1090,1238,85,63
2325,199,504,Sham19Y0017791,1640,430,658,149,54
2325,199,508,ShamAY0034005,698,1150,1352,140,54
2325,199,508,Sham19Y0020638,1214,575,792,161,62
2325,199,649,Shia001174Vols,3394,157,553,152,32
2325,199,504,Sham19Y0016976,1502,1043,1271,149,54
2325,199,504,Sham19Y0017748,4,1255,1505,153,55
2325,199,460,Sham19Y0017616,457,1271,1435,122,57
2325,199,508,Shamela0012991,80,782,983,147,57
2325,390,1177,Sham19Y0023625,2659,560,1551,541,62
2325,1177,1536,Sham19Y0023625,2660,1,313,249,83
2325,199,504,Sham19Y0122257,2829,276,523,149,54
2325,199,504,Sham19Y0014119,525,721,950,149,54
2325,199,508,Sham19Y0017063,1197,645,893,160,64
2325,314,1047,Sham19Y0017063,1255,713,1124,267,44
2325,199,504,Shamela0008360,739,1098,1345,149,54
2326,627,1087,JK000021,1442,531,742,120,29
2326,646,1070,JK000021,1444,373,589,135,36
2326,627,1154,JK007054,8,748,1056,148,30
2326,627,1087,Sham19Y0148486,6676,740,951,120,29
2326,646,1070,JK009390,739,538,753,132,35
2326,646,1070,Shamela0008176,5968,1328,1601,116,29
2326,646,1074,Sham19Y0023608,1764,679,898,136,36
2326,183,693,Shamela0001727,1444,1083,1481,142,27
2326,627,1074,Sham19Y0013572,258,82,275,110,27
2326,627,1070,Shamela0012014,331,604,802,114,29
2326,673,1070,Sham19Y0127677,604,993,1182,112,31
2326,646,1070,Shamela0012884,2495,563,778,135,36
2326,627,1418,Sham19Y0014309,1963,216,676,194,25
2326,627,1070,Shamela0022842,330,120,312,112,28
2326,1353,1604,Shamela0000140,190,1073,1327,203,97
2326,627,1070,Shamela0000140,1977,1026,1224,114,29
2326,693,1298,Shamela0000140,1978,381,1047,199,31
2326,1,102,JK000201,2659,130,231,77,98
2326,192,745,Shamela0004289,935,800,1135,135,25
2326,627,1070,Shamela0023628,542,133,331,114,29
2326,627,1070,MMS00020,143,467,829,104,19
2326,591,1070,Sham19Y0122406,3845,219,577,123,23
2326,646,1206,Shia002265Vols,931,851,1352,174,27
2326,254,490,Shia002265Vols,5740,769,990,172,89
2326,745,1373,ShamAY0000351,267,914,1542,510,100
2326,1373,1604,ShamAY0000351,268,1,233,190,99
2326,627,1070,Sham19Y0001734,127,1240,1439,114,29
2326,646,1070,Shamela0001438,1237,923,1135,130,34
2326,646,1070,ShamAY0033945,158,573,790,134,36
2326,646,1070,Sham19Y0036114,561,664,897,135,35
2326,627,1172,Shamela0025800,1701,15,491,175,28
2326,627,1070,Zaydiyya0000035,46,37,238,114,28
2326,183,1046,Sham19Y0020638,1214,1086,1424,151,19
2326,819,975,Sham19Y0020638,1842,354,472,76,60
2326,627,1070,Shamela0009823,392,704,902,114,29
2326,990,1298,Shamela0001467,33,30,502,138,33
2326,627,1070,Shia001976Vols,1015,853,1042,107,27
2326,627,1074,Shamela0006848,88,617,853,107,26
2326,1,102,Sham19Y0023625,2660,313,414,77,98
2326,627,1070,JK000015,18,806,995,107,27
2326,627,1074,JK007065,115,1165,1357,110,27
2326,1353,1599,Sham19Y0122257,2732,1082,1327,169,77
2326,766,966,Shamela0000791,658,865,1020,122,74
2326,627,1046,Shamela0010517,1471,1534,1650,91,27
2326,627,1101,Shamela0010517,2262,130,356,122,29
2326,1,102,Shamela0010517,2263,937,1038,78,99
2327,670,889,Sham19Y0148486,2271,1265,1485,166,95
2327,205,485,Sham19Y0122402,1266,1053,1317,159,63
2327,670,889,Shamela0030903,26,824,1062,166,87
2327,692,889,JK007128,182,910,1103,152,96
2327,610,858,Shamela0001727,1445,1098,1499,191,60
2327,670,889,Sham19Y0013572,283,539,762,173,97
2327,689,889,Sham19Y0127677,1843,236,427,148,93
2327,604,807,Sham19Y0127677,10034,1131,1472,137,51
2327,601,893,Sham19Y0127677,20260,926,1381,217,59
2327,57,253,Shamela0001673,9115,1392,1562,128,81
2327,258,590,Shamela0001673,9116,5,326,222,80
2327,670,1042,Shamela0022797,711,1090,1335,128,41
2327,659,793,Sham19Y0013253,845,475,609,102,97
2327,670,889,JK006950,2346,1194,1490,162,69
2327,670,889,Shamela0004289,865,934,1155,172,96
2327,615,889,Sham19Y0122406,3847,334,761,214,63
2327,670,889,Sham19Y0001734,1184,456,666,162,93
2327,200,517,Sham19Y0132524,2761,1028,1327,142,52
2327,670,889,Sham19Y0132524,2763,1057,1279,172,97
2327,670,889,Sham19Y0037618,1539,666,889,173,97
2327,689,889,Shamela0001438,3306,494,685,148,93
2327,710,889,Kraken230110004547,692,1,190,140,93
2327,670,889,JK000381,8041,324,620,162,69
2327,689,889,Shamela0036446,1081,509,707,155,96
2327,670,793,JK007107,347,933,1052,94,96
2327,674,889,ShamAY0035990,174,238,769,153,36
2327,719,889,Shamela0025800,3484,1,173,134,98
2327,670,807,ShamAY0034005,335,680,815,91,84
2327,670,900,Sham19Y0020638,1215,616,862,181,92
2327,1238,1439,Sham19Y0013223,2473,731,932,162,100
2327,670,889,JK000028,329,612,849,166,87
2327,670,889,Shia001976Vols,1021,291,512,160,90
2327,626,793,JK000022,1306,209,353,99,76
2327,670,889,Sham19Y0146127,1182,1,218,167,95
2327,610,889,Sham19Y0017616,454,591,900,197,80
2327,670,889,JK007065,125,507,726,172,99
2327,775,893,Shamela0022301,10,1,119,89,95
2328,1354,1521,Shamela0007891,1708,778,1035,88,36
2328,438,951,Shamela0008176,3250,652,1054,263,61
2328,962,1494,Shamela0001727,1447,270,787,119,17
2328,951,1326,Sham19Y0127677,9324,131,609,227,51
2328,1326,1525,ShamIbadiyya0000730,96,311,468,80,41
2328,998,1326,Sham19Y0013231,6927,667,984,152,49
2328,998,1306,Shamela0023628,3592,623,955,144,49
2328,158,1160,Sham19Y0122406,3849,542,1399,237,24
2328,1017,1494,Sham19Y0122406,3850,61,506,165,31
2328,951,1095,Shia002265Vols,5907,863,991,90,77
2328,1326,1521,Sham19Y0132524,2764,283,491,121,61
2328,332,951,ShamAY0033531,3479,757,1016,185,37
2328,332,951,ShamAY0033531,4662,216,475,185,37
2328,139,574,Sham19Y0018106,3648,211,623,121,24
2328,139,943,Sham19Y0018103,2202,979,1358,194,27
2328,139,476,Sham19Y0018103,3582,1083,1420,84,20
2328,1025,1326,Sham19Y0018272,1824,744,1027,168,61
2328,240,922,Sham19Y0013223,2474,936,1590,502,89
2328,1326,1494,Shamela0009567,630,1186,1350,61,30
2328,1326,1521,Sham19Y0017616,459,188,436,107,45
2328,419,943,Sham19Y0023625,2272,232,645,247,58
2328,1354,1521,JK007065,1022,1074,1221,101,67
2328,543,943,Sham19Y0122257,1496,1,306,220,67
2328,1039,1306,Sham19Y0122257,3206,207,362,109,51
2328,139,1033,Sham19Y0014601,5918,201,696,256,32
2328,978,1373,Sham19Y0017063,1471,315,663,143,39
2328,548,876,Sham19Y0150962,1167,427,675,200,75
2328,416,943,Sham19Y0013605,2759,705,901,136,31
2329,610,1368,Shamela0008176,4497,490,1465,399,45
2329,25,339,Sham19Y0017747,2364,864,1174,197,67
2329,449,769,Sham19Y0017747,2365,49,324,181,63
2329,25,237,Shamela0021590,1545,538,744,141,77
2329,610,1112,Sham19Y0013253,845,889,1508,281,51
2329,1100,1548,Sham19Y0013253,846,12,713,276,48
2329,25,283,Shamela0000140,2030,540,785,177,84
2329,903,1548,Sham19Y0122406,3851,1,1100,388,41
2329,31,170,Sham19Y0018272,216,1270,1403,109,95
2329,972,1462,Shia001174Vols,928,462,902,195,45
2329,1,214,Shamela0011036,2013,448,661,169,98
2329,343,610,Shamela0011036,2015,578,779,112,52
2329,288,610,Sham19Y0023625,1932,1017,1283,178,63
2329,581,1368,Sham19Y0122257,2102,787,1456,392,54
2329,769,1226,Shamela0006454,66,701,993,226,61
2330,8,210,Sham19Y0017747,2364,1335,1521,126,72
2330,1035,1353,Sham19Y0014601,4533,804,946,100,40
2331,1026,1474,JK007054,1058,1256,1510,137,36
2331,317,557,Shamela0001727,1449,677,1254,136,29
2331,1026,1514,Shamela0001727,1450,88,233,100,25
2331,57,557,Sham19Y0122406,3857,476,1278,202,26
2331,424,660,Sham19Y0132524,2767,49,260,113,53
2331,1095,1484,Sham19Y0013631,2135,718,853,91,29
2331,1278,1414,Sham19Y0018144,6542,430,562,102,92
2331,1188,1514,ShamAY0035990,532,345,597,74,27
2331,313,660,Sham19Y0020638,1217,578,1203,153,29
2331,1026,1209,Shamela0011036,1893,1060,1597,105,22
2331,424,557,Sham19Y0017798,3299,694,823,88,82
2331,1026,1260,Sham19Y0017063,834,1118,1449,158,56
2332,82,377,ShamIbadiyya0000438,987,13,233,158,66
2332,1303,1514,Shia001831Vols,496,1425,1592,121,70
2332,257,414,ShamAY0034005,799,959,1214,87,44
2332,25,252,Sham19Y0018272,1812,358,578,156,80
2332,1,131,Shamela0010517,174,901,1034,101,96
2332,1,131,Shamela0010517,2307,395,528,101,96
2333,639,783,Shamela0007891,2528,341,484,108,92
2333,639,783,Shamela0001733,371,147,285,99,87
2333,676,783,JK007054,1074,1,97,75,89
2333,594,778,Shia001432Vols,1448,1,174,108,74
2333,588,778,Shia001432Vols,24537,19,199,113,74
2333,639,778,Shia001615Vols,2472,729,869,97,87
2333,658,783,ShamAY0035035,7943,1055,1174,87,89
2333,643,783,JK009390,594,684,820,93,82
2333,619,783,Shamela0008176,3130,1174,1345,119,88
2333,689,887,Sham19Y0131521,6442,1,163,125,77
2333,639,1235,Shamela0001727,1452,1,351,190,34
2333,639,783,JK000018,11,1128,1269,107,92
2333,658,783,Sham19Y0127677,683,1019,1132,87,88
2333,639,814,Sham19Y0127677,8583,32,205,122,86
2333,666,1235,Shamela0000894,5927,355,843,162,31
2333,588,778,Shia001334,63,14,194,113,74
2333,643,794,ShamAY0035131,25,662,808,111,93
2333,894,1570,Shia001831Vols,497,178,681,370,65
2333,619,783,ShamAY0033741,3,224,395,114,85
2333,643,778,Shia001417,111,647,768,86,82
2333,639,783,Shamela0004289,1010,693,840,107,91
2333,639,771,JK000653,211,1283,1413,97,91
2333,619,783,Shia001975,19,1045,1212,113,82
2333,658,783,Shamela0001975,316,1253,1368,88,90
2333,237,783,Sham19Y0122406,3861,584,1403,342,49
2333,819,1591,Sham19Y0122406,3862,1,1065,295,29
2333,658,783,Shia002265Vols,908,1007,1122,88,90
2333,639,783,Sham19Y0145212,1707,433,582,113,96
2333,639,783,Shamela0010463,118,35,216,99,64
2333,658,783,Sham19Y0038171,2082,214,334,91,92
2333,634,783,Shamela0001438,1464,1344,1479,93,81
2333,643,783,Kraken230110004547,343,505,640,97,87
2333,619,783,Shamela0021670,31,1151,1308,110,82
2333,639,783,Shamela0036446,1373,134,279,109,94
2333,619,807,Shamela0025800,2111,499,717,123,71
2333,658,783,Shamela0021659,432,760,875,88,90
2333,619,783,ShamAY0034005,16,508,676,113,83
2333,1235,1570,Sham19Y0018272,1247,992,1325,262,95
2333,676,1235,Sham19Y0020638,1219,1,240,133,26
2333,1303,1528,Sham19Y0013223,2562,215,362,104,58
2333,175,624,Sham19Y0013223,2568,989,1333,266,72
2333,1170,1505,Sham19Y0013223,2733,1441,1611,133,49
2333,639,788,Shamela0001467,29,599,743,91,80
2333,639,783,JK000028,300,1125,1259,101,86
2333,619,783,Shia001976Vols,357,1095,1257,108,79
2333,639,783,Shamela0021766,3875,950,1105,105,81
2333,619,783,JK000022,719,973,1150,115,81
2333,658,783,Sham19Y0016976,779,1,121,93,94
2333,588,778,Shia001187Vols,4394,14,195,113,74
2333,639,794,Shamela0028114,3,523,679,113,86
2333,714,1179,Shamela0001395,26,1,529,346,81
2333,619,783,Sham19Y0122257,1442,461,632,119,88
2333,639,783,Shamela0000137,100,980,1161,99,64
2333,639,783,Sham19Y0014119,262,581,724,108,92
2333,1352,1570,Sham19Y0008889,525,97,307,158,87
2333,639,866,Sham19Y0017063,519,1183,1469,174,75
2333,639,783,Sham19Y0148271,447,100,247,107,91
2333,619,783,Shamela0008360,360,825,996,119,88
2333,619,783,Shamela0010517,63,1231,1401,119,89
2334,616,935,Shamela0007891,2221,1001,1369,173,57
2334,23,935,JK007054,1073,55,1026,462,49
2334,42,351,Sham19Y0014299,501,490,664,133,50
2334,70,285,Sham19Y0131521,6527,710,945,154,77
2334,8,935,Shamela0000432,4303,259,1045,427,48
2334,23,935,Shamela0010639,355,177,925,421,49
2334,42,1242,Shia001831Vols,497,681,1393,453,45
2334,616,935,Shamela0001442,911,24,383,172,55
2334,774,935,Shamela0000140,2024,1,178,121,83
2334,42,935,Sham19Y0018272,198,1,672,433,57
2334,4,574,Shamela0001467,65,1252,1562,204,43
2334,691,935,Shamela0001467,66,9,238,185,93
2334,357,935,Shamela0000551,3084,384,942,436,92
2334,23,454,Sham19Y0023625,2575,651,1081,219,48
2334,696,935,Sham19Y0023625,2576,563,807,181,86
2334,1349,1581,Sham19Y0017063,1234,198,341,117,61
2334,23,946,Shamela0010517,335,260,1001,514,63
2335,1114,1509,Shamela0001727,1454,810,1502,134,21
2335,1114,1544,JK009266,5597,1004,1215,110,29
2335,1114,1315,Shamela0004289,962,912,1094,75,47
2335,767,956,Sham19Y0122406,3866,1004,1162,106,67
2335,1114,1315,Sham19Y0122406,3867,1267,1444,78,50
2335,1114,1544,Shamela0001875,736,741,938,112,31
2335,1114,1323,Sham19Y0018144,2802,211,531,84,32
2335,1114,1544,Sham19Y0020638,1220,190,745,92,13
2335,172,321,Sham19Y0013223,2650,354,497,116,93
2335,1133,1544,Meshkat00042485,3886,210,357,76,22
2335,1156,1544,Shamela0011036,1765,54,592,167,31
2336,53,592,ShamAY0035003,22,1054,1478,228,48
2336,1243,1580,Sham19Y0127677,7506,857,1175,241,86
2336,85,482,Sham19Y0127677,14450,371,685,168,42
2336,494,1065,Shia001831Vols,498,57,483,289,59
2336,1065,1400,Shia001831Vols,498,1105,1329,162,59
2336,1392,1580,Shamela0036543,309,337,524,148,92
2336,211,662,Shamela0021502,50,1,446,335,89
2336,1219,1580,Shamela0021502,52,986,1371,282,89
2336,979,1233,Shamela0021502,59,14,281,192,88
2336,85,552,Sham19Y0122406,3869,661,1236,237,44
2336,160,482,Rafed0003571Vols,1221,1468,1606,104,40
2336,1136,1274,Shamela0025800,2694,201,761,67,13
2336,889,1187,Sham19Y0018272,1362,169,438,122,45
2337,433,725,ShamIbadiyya0000438,64,1,269,211,88
2337,340,700,Shamela0008176,6170,1041,1601,261,55
2337,1096,1239,Sham19Y0131521,6378,1,331,78,29
2337,1,243,Sham19Y0127677,7506,1175,1417,200,100
2337,925,1383,Sham19Y0014309,2037,728,1169,342,88
2337,1,642,Shia001831Vols,498,872,1631,421,59
2337,652,1377,Shia001831Vols,499,5,604,443,73
2337,1,243,Shamela0036543,309,524,756,191,95
2337,243,662,JK000201,3871,834,1298,292,70
2337,821,1365,Shamela0021502,181,1072,1551,318,64
2337,904,1377,ShamAY0033531,3500,377,910,380,86
2337,904,1073,ShamAY0033531,4682,1395,1624,129,68
2337,1073,1377,ShamAY0033531,4683,1,305,251,100
2337,340,725,Sham19Y0018272,519,548,895,269,85
2337,352,565,Sham19Y0122257,2817,1374,1596,170,89
2337,565,864,Sham19Y0122257,2818,1,336,194,70
2337,845,1377,Sham19Y0014601,5948,633,1434,427,63
2337,357,864,Sham19Y0017063,1247,396,753,257,61
2338,1233,1468,JK007083,222,693,933,184,97
2338,1220,1468,Shamela0000767,38,1142,1398,187,91
2338,1220,1468,Shia002616Vols,189,352,602,187,93
2338,1220,1468,Shia002616Vols,4198,635,873,182,92
2338,1228,1468,JK006897,484,824,1063,186,98
2338,1228,1527,Shamela0011244,17,811,1366,205,45
2338,1228,1468,Tafsir07055,1889,1107,1346,186,98
2338,825,1468,Shamela0001727,1460,222,1124,338,39
2338,1220,1468,Sham19Y0122401,1301,268,513,185,94
2338,1228,1468,Rafed0000040Vols,163,818,1030,164,87
2338,1287,1433,Shamela0005756,9458,697,843,112,98
2338,1332,1468,Shamela0004473,11156,1,135,102,95
2338,1228,1468,Shamela0004473,13621,450,689,186,98
2338,830,1149,Kraken220727035853,1987,412,806,199,60
2338,1239,1468,Sham19Y0017903,967,471,706,178,96
2338,590,1239,Shia001831Vols,499,655,1527,242,25
2338,1228,1468,Shia001831Vols,500,63,303,186,97
2338,57,363,Shamela0000140,84,453,841,151,40
2338,1324,1468,Shamela0006366,1511,1,150,110,94
2338,800,1047,Shamela0021502,95,827,1176,171,60
2338,932,1149,Shamela0023628,1812,29,328,152,60
2338,787,905,Sham19Y0122406,3877,688,1013,91,35
2338,1149,1468,Sham19Y0122406,3878,740,1237,251,63
2338,1332,1468,Sham19Y0132524,2800,1,649,98,19
2338,825,1460,Sham19Y0020638,1223,844,1449,261,39
2338,1177,1468,ShamAY0034403,34,163,548,205,65
2338,1253,1468,Sham19Y0017616,466,1,216,168,99
2338,190,509,Sham19Y0017063,1248,409,615,103,32
2338,1,198,Sham19Y0017063,1249,245,443,152,94
2338,825,1272,Sham19Y0017063,1316,786,1185,252,63
2338,1220,1468,Shamela0008360,18,633,878,187,95
2338,825,1149,Shamela0010517,2908,278,593,235,90
2339,320,782,ShamAY0038387,142,951,1254,133,30
2339,418,1118,ShamAY0038387,143,540,1016,343,59
2339,1118,1459,ShamAY0038387,144,30,440,201,54
2339,299,604,ShamAY0038387,145,905,1094,140,56
2339,438,702,ShamAY0034423,137,324,1068,187,31
2339,438,695,Sham19Y0018337,250,228,901,182,33
2339,548,782,Shamela0001727,1462,291,1029,165,28
2339,259,695,Shamela0005756,2041,1063,1536,296,72
2339,825,1497,Shamela0005756,2042,9,645,422,72
2339,242,1511,Shamela0005756,9459,321,1492,877,83
2339,524,712,Shamela0001673,10023,292,819,109,24
2339,548,695,Shia001831Vols,502,846,1388,108,25
2339,320,782,ShamAY0033523,537,185,499,135,30
2339,548,719,ShamAY0033523,538,28,414,116,37
2339,320,662,ShamAY0033598,200,860,1461,247,51
2339,548,782,Shamela0004289,1130,134,853,163,29
2339,320,782,Sham19Y0122406,3879,351,653,199,54
2339,614,782,Sham19Y0122406,3882,1,284,117,52
2339,295,695,Sham19Y0132524,2804,564,891,158,38
2339,399,586,Shamela0001438,1404,1285,1489,55,22
2339,320,571,Shamela0001438,4317,134,612,102,24
2339,438,617,Sham19Y0013631,2551,1109,1275,119,80
2339,548,695,Shamela0025800,2775,208,590,112,36
2339,548,782,Sham19Y0020638,1225,37,573,162,38
2339,320,524,ShamAY0034403,34,859,1466,152,31
2339,548,782,ShamAY0034403,35,225,760,164,39
2339,239,1497,Sham19Y0013252,1165,90,1222,746,68
2339,320,782,ShamAY0035960,537,580,894,136,30
2339,438,719,ShamAY0035960,538,72,838,189,30
2339,320,524,Sham19Y0017616,466,512,1121,152,31
2339,259,1130,Sham19Y0023625,2817,787,1526,436,59
2339,548,695,JK007065,1243,980,1411,115,33
2339,259,1187,Sham19Y0008889,123,87,920,494,64
2339,320,712,Shamela0010443,77,466,800,149,37
2340,1338,1469,ShamAY0035250,8,580,682,65,66
2340,1216,1381,ShamIbadiyya0000438,1076,888,1056,129,94
2340,1,233,Shamela0008176,284,1169,1586,73,17
2340,1338,1469,JK000110,82,849,951,65,66
2340,1338,1469,Shamela0021715,790,798,900,65,66
2340,1338,1469,Sham19Y0016684,230,1155,1257,65,66
2340,1338,1469,JK009179,32,12,124,66,68
2340,1338,1469,Shia002702Vols,8524,687,800,69,67
2340,125,1057,Shamela0005756,2042,584,1539,575,65
2340,1057,1504,Shamela0005756,2043,1,413,320,88
2340,672,1369,Shamela0005756,9458,700,1536,490,71
2340,1,585,Shamela0005756,9460,19,515,362,76
2340,519,643,Shamela0001673,10030,992,1103,77,75
2340,1205,1402,Shia001831Vols,500,1040,1230,129,80
2340,43,334,Shia001831Vols,502,1,607,213,42
2340,1248,1492,Sham19Y0122406,3884,633,926,140,62
2340,1338,1469,JK009324,272,756,858,65,66
2340,1,289,Sham19Y0145212,4124,131,605,112,23
2340,1338,1469,Sham19Y0018106,385,299,401,65,66
2340,1338,1469,Sham19Y0018103,502,699,801,65,66
2340,132,610,Sham19Y0013252,1165,1162,1543,270,68
2340,610,1504,Sham19Y0013252,1166,1,827,619,85
2340,745,1155,Shamela0006137,93,6,519,281,67
2340,1338,1469,Shamela0000551,238,532,639,69,70
2340,657,1026,Shamela0001535,1590,696,1041,211,65
2340,603,816,Sham19Y0023625,2820,746,961,140,80
2340,1338,1469,Sham19Y0018176,191,348,450,65,66
2340,1216,1366,Sham19Y0008889,123,979,1129,122,100
2340,603,816,Sham19Y0008889,127,1167,1382,139,80
2340,1338,1469,Sham19Y0013605,773,1045,1147,65,66
2341,138,351,ShamIbadiyya0000438,1076,1042,1252,157,88
2341,405,983,ShamIbadiyya0000438,1077,664,1208,314,55
2341,367,946,Shamela0011244,18,1108,1480,239,50
2341,1,345,Shamela0005756,2043,413,739,247,86
2341,1,156,Shamela0005756,9459,150,304,118,93
2341,550,1369,Shia001831Vols,501,8,636,318,39
2341,1,328,Sham19Y0122406,3884,934,1321,186,55
2341,1,314,Sham19Y0013252,1166,827,1143,241,91
2342,1100,1468,ShamIbadiyya0000438,1069,1,282,204,67
2342,722,1551,Shamela0011244,19,1,646,444,66
2342,983,1324,Shamela0037325,1743,542,950,237,72
2342,987,1468,Shamela0021715,9879,952,1328,277,70
2342,972,1320,Shamela0006446,224,1063,1464,240,73
2342,983,1468,Shamela0001673,10017,1039,1439,294,72
2342,946,1243,Shia001831Vols,504,1249,1533,212,88
2342,427,581,Shia001831Vols,504,317,454,104,85
2342,1243,1468,Shia001831Vols,505,7,227,170,94
2342,1,211,Sham19Y0122406,3881,1080,1251,109,63
2342,1167,1479,Kraken220218174022,269,37,354,212,82
2342,478,581,ShamAY0033531,4598,929,1040,80,90
2342,422,562,Sham19Y0020638,1844,711,814,69,62
2342,1167,1479,Masaha001941,204,346,654,236,94
2342,983,1404,Kraken21040813,6,362,676,168,44
2342,994,1468,Shamela0000551,2762,774,1137,271,69
2342,843,1332,Sham19Y0023625,1407,466,830,190,44
2342,1008,1409,Shamela0001395,38,1,313,225,67
2342,972,1468,JK001140,45,32,537,383,93
2343,1,544,Shamela0011244,19,646,1034,260,55
2343,1167,1413,Sham19Y0131521,6223,548,810,92,39
2343,696,1354,Shamela0021715,9912,135,314,90,17
2343,1148,1312,Sham19Y0013572,965,136,1197,128,14
2343,836,1148,Shamela0005756,9798,1058,1374,203,71
2343,722,917,Shamela0005756,11743,1179,1453,111,50
2343,926,1454,Shamela0005756,11744,1,649,219,34
2343,223,498,Shia001831Vols,504,1039,1260,164,72
2343,722,1502,Shia001831Vols,507,853,1199,252,38
2343,741,1502,Shia001831Vols,508,651,967,237,37
2343,751,1157,Shamela0021502,182,39,415,282,84
2343,751,1272,Sham19Y0122406,3893,569,1236,336,58
2343,788,1148,Sham19Y0018103,2278,487,775,187,57
2343,1148,1354,Sham19Y0018103,3846,252,607,83,23
2343,218,680,Sham19Y0020638,1844,911,1199,149,38
2343,920,1312,ShamAY0034403,22,558,1331,152,20
2343,843,1116,Sham19Y0013252,5928,161,391,175,78
2343,770,1237,Shamela0011036,2263,215,1043,284,40
2343,360,557,Sham19Y0023625,2826,1,182,130,80
2343,1184,1312,Rafed0003462,327,980,1183,97,56
2343,788,1148,Sham19Y0013605,2835,697,964,173,54
2344,442,1507,JK007054,219,487,1469,487,46
2344,442,570,Zaydiyya0000413Vols,885,681,883,98,60
2344,237,624,ShamIbadiyya0000193,2577,79,416,148,42
2344,442,574,Shamela0008176,277,1239,1425,101,68
2344,442,555,Sham19Y0013614,47,1346,1510,85,65
2344,11,501,Zaydiyya0000015,938,1321,1517,124,31
2344,1236,1526,Zaydiyya0000015,941,981,1279,182,74
2344,442,574,Tafsir04040,225,651,834,99,68
2344,30,404,Sham19Y0131521,6223,1164,1517,237,70
2344,442,574,Shamela0001727,1466,744,927,101,69
2344,442,574,JK009266,6331,620,803,102,70
2344,1110,1526,Shamela0000432,4116,150,567,333,99
2344,442,579,Sham19Y0013572,965,1295,1476,91,59
2344,1086,1507,Shamela0005756,9799,1007,1332,194,56
2344,237,714,Shamela0005756,11747,37,518,365,90
2344,956,1526,Shamela0001673,10075,400,837,284,62
2344,442,574,Shamela0004473,7764,49,237,100,65
2344,438,574,Tafsir09084,1561,884,1070,104,70
2344,442,574,Shamela0013022,18,329,516,100,66
2344,11,501,Sham19Y0013253,854,393,574,122,31
2344,890,1526,JK000201,2860,958,1489,294,57
2344,442,574,Shamela0004289,163,158,344,101,68
2344,11,574,Shamela0023628,2443,571,897,178,35
2344,442,574,ShamAY0034068,1922,968,1152,101,69
2344,442,574,Sham19Y0122406,3895,300,474,97,67
2344,442,574,Sham19Y0145212,196,851,1037,101,68
2344,442,574,Shamela0008473,3130,64,246,102,70
2344,442,574,Sham19Y0132524,2812,407,590,101,69
2344,192,1526,ShamAY0033531,3421,641,1333,511,46
2344,192,1526,ShamAY0033531,4604,44,736,511,46
2344,442,574,Shamela0036446,1041,1134,1317,101,69
2344,1086,1507,Sham19Y0018103,2278,61,432,192,49
2344,442,574,Shamela0025800,2779,925,1111,99,67
2344,442,574,Sham19Y0017791,76,1052,1235,101,69
2344,442,574,Sham19Y0020638,1228,214,397,101,69
2344,442,574,Shamela0021766,2788,89,271,101,69
2344,442,574,Shamela0011036,2262,87,287,98,62
2344,384,777,Shamela0011036,2266,1,275,193,61
2344,1009,1526,Shamela0011036,2269,1,520,413,99
2344,442,574,Sham19Y0016976,143,192,375,101,69
2344,1102,1526,Shamela0036075,7,900,1312,256,70
2344,442,574,Sham19Y0017616,464,427,610,101,69
2344,11,574,Shamela0000041,1652,460,814,155,28
2344,442,574,JK007065,924,77,259,100,68
2344,956,1413,Sham19Y0018176,2336,129,459,197,55
2344,456,574,Sham19Y0014119,71,1,170,91,68
2344,442,574,Sham19Y0017063,58,641,824,101,69
2344,442,574,Shamela0008360,18,369,552,101,69
2344,1086,1259,Sham19Y0013605,2834,1339,1485,106,78
2344,442,574,Shamela0030592Vols,120,818,1006,100,66
2345,493,1023,Kraken220216061221,84,153,682,388,88
2345,1230,1535,ShamIbadiyya0000438,69,1218,1491,205,82
2345,1241,1538,Sham19Y0014313,1322,676,935,160,59
2345,410,999,ShamAY0035035,5772,1263,1615,215,46
2345,488,767,Shamela0008353,218,1215,1472,168,72
2345,767,1230,Shamela0008353,219,1,461,313,76
2345,1324,1538,Kraken220216061222,465,325,509,134,73
2345,107,493,Shamela0001727,1467,376,1010,202,36
2345,420,1083,Sham19Y0122096,1262,687,1186,272,45
2345,107,493,Sham19Y0017903,968,1053,1313,158,48
2345,241,1324,Shia001831Vols,509,1,1181,463,40
2345,1282,1521,Shia001831Vols,510,1,212,145,71
2345,111,493,ShamAY0033523,539,1034,1245,133,43
2345,116,353,JK000201,2885,505,854,142,51
2345,493,1230,Shamela0023628,457,34,833,348,43
2345,116,359,Shamela0023628,3317,973,1208,176,87
2345,1276,1538,Shamela0023628,3317,1208,1370,120,57
2345,1241,1535,Sham19Y0122406,3899,398,1090,169,30
2345,121,381,Sham19Y0132524,2814,642,897,76,25
2345,420,1230,Sham19Y0018272,754,156,975,613,89
2345,1287,1538,Sham19Y0018272,1641,983,1220,182,86
2345,107,493,Sham19Y0020638,1228,870,1153,162,51
2345,1257,1528,Shamela0000551,2770,252,517,131,56
2345,1372,1538,Shamela0021589,126,1,167,132,99
2345,1257,1521,Shamela0001395,44,616,853,97,32
2345,714,866,Sham19Y0122257,151,527,681,113,95
2345,107,420,JK001140,36,860,1143,176,69
2345,1282,1538,Sham19Y0017063,58,1,243,183,87
2345,493,866,Shamela0006454,61,1162,1525,250,79
2345,866,1230,Shamela0006454,62,1,354,276,90
2345,1257,1538,Shamela0010517,2026,721,958,158,66
2345,102,420,Shamela0010517,2026,387,740,219,77
2346,472,862,Shamela0007891,58,864,1301,251,69
2346,511,904,ShamIbadiyya0000193,4020,173,598,272,73
2346,477,693,Shamela0000767,4724,342,553,159,93
2346,709,850,Sham19Y0148486,4264,1421,1562,116,99
2346,477,683,Shamela0003485,184,1299,1505,163,99
2346,709,904,Shamela0003485,367,1031,1230,157,94
2346,701,904,JK009390,1619,732,935,163,96
2346,709,919,Shamela0003055,4496,664,880,166,93
2346,581,904,Shamela0008176,296,1,330,251,91
2346,477,813,Shia002616Vols,5922,1030,1531,254,62
2346,477,904,ShamAY0034182,1137,152,712,324,71
2346,477,689,JK010001,3084,27,217,149,88
2346,758,904,ShamIbadiyya0000432,43,639,785,124,100
2346,709,950,ShamAY0033182,2070,332,600,167,69
2346,477,689,Tafsir07055,3208,1415,1624,165,98
2346,709,904,Shamela0011428,1838,315,534,154,84
2346,709,904,Sham19Y0014592,1966,579,775,159,97
2346,709,904,Shamela0025791,76,228,424,159,97
2346,437,909,Shamela0001727,1468,253,1005,360,59
2346,477,891,Sham19Y0013572,879,1133,1548,324,95
2346,709,909,Shia002261Vols,296,626,820,157,95
2346,709,904,Shamela0012014,351,349,545,159,97
2346,709,909,Sham19Y0127677,1648,828,1028,163,98
2346,437,825,Sham19Y0127677,7663,801,1069,142,47
2346,437,904,Sham19Y0127677,7664,283,665,219,50
2346,709,916,Shamela0000894,3645,1326,1540,166,93
2346,709,904,Shamela0000894,7730,1070,1265,161,99
2346,477,904,Shamela0012884,4787,287,722,210,53
2346,709,904,Shamela0006947,4323,418,615,160,97
2346,477,689,Kraken230106005528,171,820,1015,149,87
2346,472,904,Shamela0005922,2442,226,648,332,95
2346,709,909,Sham19Y0023590,3525,235,399,128,77
2346,709,909,Sham19Y0023590,4138,704,905,160,96
2346,602,897,Shamela0000427BK2,6776,1,366,222,72
2346,477,689,Shamela0000427BK2,6803,272,483,168,99
2346,740,904,Sham19Y0035453,188,958,1130,136,94
2346,477,689,Sham19Y0014309,506,1094,1303,166,98
2346,709,936,Sham19Y0122096,2955,193,438,171,85
2346,437,904,Sham19Y0127703,1702,805,1055,190,49
2346,709,904,Sham19Y0017903,970,15,207,156,96
2346,31,1512,Shia001831Vols,510,195,1421,638,43
2346,181,437,JK000201,2885,1154,1464,199,79
2346,549,904,Shamela0004289,1136,290,656,188,47
2346,553,904,Sham19Y0020587,459,916,1316,259,76
2346,709,904,Shamela0023628,753,818,1014,158,96
2346,608,909,Shamela0023628,3296,1,295,223,89
2346,116,437,Shamela0023628,3317,799,967,122,46
2346,740,904,Shamela0021660,3828,390,554,137,99
2346,506,693,Rafed0003630Vols,1650,1,188,141,93
2346,709,904,Shamela0001975,667,739,974,161,82
2346,1,181,Sham19Y0122406,3899,1090,1475,147,46
2346,437,904,Sham19Y0122406,3900,374,1117,351,58
2346,709,909,Shia002265Vols,1486,421,621,162,98
2346,664,904,Sham19Y0145212,203,1161,1408,186,89
2346,709,904,Shia002264,728,609,805,158,96
2346,521,950,Sham19Y0132524,2817,1067,1555,312,78
2346,709,904,Shamela0001438,2672,823,1018,162,100
2346,477,909,Kraken230110004547,67,501,919,313,86
2346,477,904,JK000381,4805,521,1059,300,66
2346,477,904,Sham19Y0018144,2839,278,975,319,56
2346,477,862,Shamela0036446,983,1043,1347,223,67
2346,477,904,Shamela0025800,413,487,935,330,90
2346,709,904,Sham19Y0017729,485,280,474,159,98
2346,701,909,Shamela0021659,929,83,290,165,96
2346,740,904,JK007006,1261,107,271,137,99
2346,477,923,Sham19Y0150960,1397,101,540,335,92
2346,477,904,Sham19Y0020638,1229,210,667,332,89
2346,709,904,Sham19Y0013223,744,404,604,160,96
2346,477,904,ShamAY0034403,78,358,838,327,82
2346,608,740,ShamAY0034403,557,826,1170,62,22
2346,477,862,Shamela0021766,4256,545,925,243,75
2346,477,904,Sham19Y0146127,2291,95,567,313,79
2346,780,1037,Shamela0011036,2016,75,637,156,32
2346,709,904,Sham19Y0017616,467,65,260,161,99
2346,477,862,Shamela0000041,2468,349,734,260,80
2346,477,904,Shamela0037458,4197,857,1203,216,62
2346,709,998,ShamAY0000055,74,506,771,169,68
2346,477,689,JK007065,863,1114,1325,168,99
2346,709,923,JK007065,864,30,238,164,92
2346,701,909,Tafsir06049,1733,1307,1520,158,88
2346,689,904,Sham19Y0122257,146,283,497,168,94
2346,472,693,Sham19Y0014601,3395,617,934,165,64
2346,530,904,Sham19Y0017063,60,579,1262,288,51
2346,511,904,Shamela0008360,19,656,1046,300,92
2346,472,862,Shamela0008370,250,1154,1528,249,77
2346,472,693,Rafed0003462,196,733,953,166,93
2346,437,1395,Kraken22021606122001,54,194,968,548,69
2347,490,889,JK007083,222,1201,1530,224,64
2347,490,709,JK000435,285,434,640,163,91
2347,995,1193,Shamela0022712,296,1240,1452,154,91
2347,999,1193,Shamela0021629,33,814,1028,135,75
2347,995,1193,Sham19Y0013667,2913,800,1012,152,91
2347,490,879,Shamela0006610,926,1208,1501,197,60
2347,990,1193,ShamAY0035035,7478,1349,1576,160,87
2347,984,1511,ShamAY0035035,7482,397,748,209,47
2347,490,883,ShamAY0034409,364,1264,1553,209,65
2347,995,1193,ShamAY0034409,414,684,896,154,91
2347,490,896,Kraken2106220218081,353,1032,1242,152,44
2347,995,1193,Shamela0008176,289,1024,1237,154,91
2347,1169,1427,Shamela0008176,292,520,781,154,66
2347,490,900,Shia002616Vols,4855,893,1244,243,69
2347,999,1123,Shia002616Vols,4856,1389,1527,95,87
2347,995,1193,EScr20112614,101,1208,1418,150,88
2347,995,1193,JK006874,20,1172,1370,156,98
2347,411,690,Shamela0001719,3256,626,968,142,39
2347,515,900,Shamela0001463,37,12,313,201,61
2347,869,1147,ShamAY0033761,96,109,727,158,32
2347,490,674,Shamela0025794,1430,1325,1491,131,87
2347,999,1193,Shamela0025794,4907,922,1136,135,75
2347,1,294,Sham19Y0131521,3020,854,1137,197,76
2347,995,1193,Sham19Y0127660,45,674,892,154,89
2347,995,1193,Sham19Y0127660,311,186,404,153,88
2347,1193,1511,Sham19Y0127660,1220,963,1281,251,100
2347,1085,1507,Shamela0021715,2285,1,304,203,59
2347,995,1418,Shamela0021715,9892,116,419,218,61
2347,416,715,Shamela0001727,1468,1000,1422,238,69
2347,730,896,Shamela0001727,1469,729,1275,132,30
2347,825,1117,Shamela0001727,1470,1005,1329,115,38
2347,995,1193,Shamela0001727,1471,61,273,154,91
2347,990,1193,ShamAY0034147,48,1268,1444,132,79
2347,999,1193,Sham19Y0127657,78,929,1167,131,70
2347,1193,1331,Sham19Y0127657,168,8,146,108,100
2347,509,896,JK009179,179,106,687,202,35
2347,515,900,JK000362,496,8,274,191,57
2347,490,719,JK000362,1103,235,470,170,88
2347,490,879,JK000362,1703,1223,1519,207,65
2347,490,825,JK000362,1704,197,526,213,74
2347,490,909,JK000362,1719,383,714,184,54
2347,725,906,Shamela0011498,1074,27,445,128,39
2347,984,1511,Shia002702Vols,5797,186,618,302,66
2347,831,1427,Shia002702Vols,11477,143,1005,278,33
2347,995,1193,Sham19Y0020868,239,246,458,154,91
2347,999,1193,Shamela0009810,52,1043,1251,151,91
2347,1193,1394,Shamela0009810,53,52,201,106,67
2347,995,1418,Shamela0005756,4830,953,1235,182,53
2347,1193,1394,Shamela0005756,5217,300,623,121,43
2347,990,1387,Shamela0010664,913,375,743,160,38
2347,416,896,Sham19Y0127677,10470,592,1040,184,34
2347,995,1193,Sham19Y0127677,15008,736,948,154,91
2347,999,1193,Sham19Y0127677,15009,194,402,151,91
2347,995,1193,Shamela0000894,1119,676,888,154,91
2347,1193,1394,Shamela0001673,2951,417,750,123,43
2347,490,896,Shamela0012884,3956,402,915,232,52
2347,999,1193,Shia001731Vols,20,405,613,151,91
2347,490,709,Shamela0022797,1094,76,332,166,76
2347,995,1193,Sham19Y0013231,8075,806,1018,154,91
2347,490,1193,Sham19Y0017903,970,248,1031,421,59
2347,485,900,Sham19Y0013253,856,947,1560,294,58
2347,851,1193,Sham19Y0013253,857,74,517,231,60
2347,490,715,Shia001831Vols,511,102,326,179,98
2347,825,1117,Shia001831Vols,512,983,1445,115,27
2347,995,1511,Shia001831Vols,513,101,839,362,58
2347,979,1489,Shamela0036543,308,949,1548,385,78
2347,421,825,Shamela0004289,1137,507,1440,277,36
2347,854,1193,Shamela0004289,1138,793,1461,203,35
2347,979,1511,Shamela0021502,53,103,649,295,56
2347,490,896,Shamela0001449,93,925,1246,190,55
2347,995,1186,Shamela0023628,1462,1389,1595,148,91
2347,1193,1511,Shamela0023628,1463,59,389,237,87
2347,490,896,Shamela0023628,2778,1000,1359,204,49
2347,995,1442,ShamAY0034068,898,1044,1553,304,73
2347,261,715,Sham19Y0122406,3901,131,728,289,52
2347,874,1070,Sham19Y0122406,3902,1,317,134,50
2347,725,896,Sham19Y0122406,3903,627,1179,136,30
2347,825,1117,Sham19Y0122406,3904,1013,1337,115,38
2347,995,1193,Sham19Y0122406,3905,61,273,154,91
2347,1016,1193,Sham19Y0145212,200,1036,1215,140,97
2347,490,900,Shamela0000927,406,1113,1417,211,60
2347,490,896,Shamela0012399,3998,169,528,245,69
2347,999,1193,Shamela0012399,3999,1219,1427,151,91
2347,869,1147,Shamela0010463,133,55,737,158,29
2347,490,916,Shamela0008473,2829,702,928,170,49
2347,490,709,Sham19Y0001734,61,1273,1482,153,86
2347,825,1112,Sham19Y0132524,2821,489,825,157,51
2347,1193,1394,Shia001845Vols,237,1082,1231,106,67
2347,990,1193,Sham19Y0038171,1984,826,1055,161,88
2347,490,896,Shamela0001875,1365,418,740,234,71
2347,995,1193,Rafed0003571Vols,1290,429,641,154,91
2347,1074,1431,ShamAY0033531,3427,6,387,234,73
2347,1074,1431,ShamAY0033531,4609,965,1346,234,73
2347,995,1193,Kraken230110004547,501,435,697,149,72
2347,515,709,JK000381,2914,1316,1506,153,96
2347,490,799,JK000381,5007,524,871,175,62
2347,490,900,Shamela0025800,121,44,631,252,50
2347,990,1193,Shamela0025800,2777,129,544,159,48
2347,999,1193,Shamela0013041,394,543,739,119,65
2347,490,1193,Sham19Y0017729,485,511,1301,427,62
2347,490,896,Shamela0000170,280,968,1310,202,52
2347,984,1418,Sham19Y0018272,548,1200,1544,197,56
2347,999,1193,Shamela0027247,229,40,248,151,91
2347,1016,1193,Shamela0027247,247,1008,1187,140,98
2347,1070,1193,Shamela0027247,248,236,468,97,53
2347,490,725,ShamAY0034054,3063,259,523,181,83
2347,490,753,Sham19Y0020638,1229,1128,1391,199,92
2347,541,1049,Sham19Y0020638,1230,1,1494,190,13
2347,1049,1193,Sham19Y0020638,1231,1,145,114,100
2347,999,1193,Shamela0098087,260,487,701,139,76
2347,773,1102,ShamAY0034403,38,1117,1458,175,60
2347,490,900,ShamAY0034403,513,1003,1309,218,65
2347,906,1147,ShamAY0034403,555,407,844,74,16
2347,1016,1193,Shamela0011333,22,81,271,138,91
2347,995,1193,Shamela0010549,372,523,735,152,90
2347,979,1507,Shamela0011036,900,39,493,282,61
2347,990,1127,Shamela0011036,1942,1415,1577,107,83
2347,1127,1511,Shamela0011036,1943,1,348,221,65
2347,1193,1331,Shamela0000551,995,1405,1538,103,95
2347,995,1418,Shamela0000551,996,40,321,218,64
2347,421,1140,Sham19Y0017616,467,537,1474,409,50
2347,490,690,Shia002406Vols,6168,1395,1595,155,93
2347,1016,1193,Shamela0013035,159,84,271,139,94
2347,490,725,Shamela0037458,3247,516,774,181,84
2347,995,1511,Shamela0001395,43,930,1480,405,92
2347,490,896,JK007065,913,668,1280,245,49
2347,995,1193,JK007065,1455,30,243,154,91
2347,984,1418,Tafsir06049,2786,536,796,135,34
2347,1231,1427,Sham19Y0122257,143,1,189,133,81
2347,999,1193,Sham19Y0148271,2253,68,282,135,75
2347,490,896,Shamela0021743,1470,683,977,216,63
2347,1002,1193,Shamela0009428,5,76,291,144,84
2348,231,682,Shia001432Vols,1408,418,806,280,74
2348,1402,1525,Shia001432Vols,22721,60,178,82,84
2348,1392,1525,Shamela0006610,928,190,317,84,80
2348,280,708,ShamAY0035035,7483,107,529,271,70
2348,930,1396,Kraken2106220218081,354,644,1340,292,52
2348,226,732,Shamela0008176,345,256,691,265,62
2348,231,708,Sham19Y0131521,6234,398,904,318,71
2348,939,1271,Shamela0006446,227,432,802,238,79
2348,930,1263,JK009179,182,851,1219,228,77
2348,1407,1525,Shamela0011498,1074,1235,1356,93,97
2348,353,584,Shia002702Vols,5796,1136,1410,179,77
2348,1,215,Shia002702Vols,5797,618,844,164,91
2348,6,370,Shia002702Vols,11477,1005,1518,277,65
2348,370,697,Shia002702Vols,11478,1,320,255,95
2348,1000,1263,Shamela0005756,5147,1130,1291,107,50
2348,231,501,Shamela0005756,5223,965,1152,137,62
2348,925,1130,Shamela0001673,2957,845,1052,128,75
2348,1402,1525,Shamela0004473,6001,1065,1189,85,86
2348,930,1392,Shamela0011816,119,693,1252,224,42
2348,930,1377,Shia003895Vols,129,833,1474,283,53
2348,925,1204,Rafed0002905Vols,9366,1320,1545,151,62
2348,1254,1402,Shamela0007266,40,449,636,102,65
2348,1407,1525,Shia003923Vols,1158,1,112,79,85
2348,930,1271,Shamela0022547,574,684,1131,233,64
2348,720,891,Sham19Y0013253,857,565,736,102,65
2348,328,682,Shia001831Vols,512,378,546,118,39
2348,1,226,Shamela0036543,309,23,234,162,89
2348,939,1271,Masaha003390Vols,501,1027,1405,210,67
2348,226,697,JK000201,2866,65,518,370,95
2348,1392,1525,Shia003961Vols,1284,39,169,85,81
2348,1,215,Shamela0021502,53,649,888,169,89
2348,1,708,Shamela0023628,1463,389,967,445,75
2348,1,697,ShamAY0034068,899,72,649,422,73
2348,1413,1525,Sham19Y0145212,211,1287,1435,73,60
2348,231,380,ShamAY0033531,3426,100,243,118,95
2348,231,380,ShamAY0033531,4608,1086,1229,118,95
2348,762,1178,Sham19Y0013631,1651,594,871,199,60
2348,231,578,Zaydiyya0000084,233,982,1273,207,72
2348,1186,1525,Sham19Y0018103,1146,499,708,132,45
2348,961,1169,Shamela0001687,3234,10,170,114,70
2348,1402,1525,Shamela0001687,3236,465,588,87,89
2348,917,1174,Sham19Y0006684,748,598,841,146,68
2348,925,1271,Sham19Y0018197,15,259,641,247,80
2348,944,1174,Sham19Y0013252,2651,119,311,127,69
2348,1,226,Sham19Y0013252,11865,814,978,124,69
2348,930,1169,JK007040,3730,551,749,139,72
2348,925,1254,Shamela0011036,1940,1002,1345,261,95
2348,1,215,Shamela0011036,1943,348,564,155,87
2348,280,708,Shamela0011036,1944,781,1222,282,68
2348,231,625,Shia001542Vols,680,1004,1567,254,51
2348,1000,1263,Shamela0002573,1630,525,678,102,47
2348,6,578,Shamela0001395,44,1,560,441,94
2348,280,708,Sham19Y0122257,183,9,403,289,80
2348,231,625,ShamAY0000028,234,669,1411,245,37
2348,762,1460,Sham19Y0008889,282,143,468,235,41
2348,758,1525,Sham19Y0013605,1596,792,1120,187,29
2348,231,520,Sham19Y0013605,1614,407,613,149,63
2349,448,614,ShamAY0035035,7483,503,656,124,92
2349,448,614,Shia002702Vols,11478,320,496,131,91
2349,10,277,Shamela0000140,308,1169,1440,177,72
2349,1308,1544,Sham19Y0122406,3906,1008,1347,102,34
2349,958,1148,Sham19Y0017729,658,1151,1333,146,94
2349,619,796,Sham19Y0018272,1521,927,1099,131,90
2349,17,331,Shamela0011036,1938,816,1116,232,89
2349,958,1148,Shamela0011036,1942,262,560,135,54
2349,448,796,Shamela0011036,1944,1195,1530,267,95
2349,863,989,Sham19Y0017616,644,1185,1311,104,100
2349,1,277,Sham19Y0008889,282,476,752,200,82
2349,863,1172,Sham19Y0017063,61,1070,1389,226,80
2349,1,372,Sham19Y0013605,1596,1120,1384,177,58
2350,641,935,Kraken220216061221,254,696,973,205,81
2350,636,935,Shamela0008206,621,457,753,207,78
2350,636,935,Shamela0096271,28,369,682,210,77
2350,636,935,Sham19Y0013667,5256,267,573,208,79
2350,732,935,JK009390,1568,1184,1368,130,76
2350,636,935,JK009390,6953,588,836,170,67
2350,738,935,Shamela0001719,3023,1,194,135,83
2350,636,935,JK000314,70,776,1131,194,65
2350,636,935,Shamela0025794,750,864,1179,215,82
2350,636,935,Shamela0025794,833,691,993,235,96
2350,636,911,Shamela0025794,857,440,719,154,63
2350,636,935,Shamela0037466,1,853,1150,221,88
2350,636,929,JK007128,185,125,389,210,89
2350,641,935,Sham19Y0014592,326,1,314,219,84
2350,566,935,Shamela0001727,1471,483,1035,286,64
2350,636,935,JK009179,73,439,955,188,41
2350,650,935,Shia001960,93,7,285,214,92
2350,636,935,JK000786,1132,529,851,219,82
2350,636,935,JK000786,2899,1094,1373,183,67
2350,636,935,JK001487,291,959,1255,207,78
2350,636,935,Sham19Y0013572,287,94,395,204,73
2350,636,880,JK001236,72,1197,1488,192,82
2350,636,935,Sham19Y0127677,5023,1155,1439,210,83
2350,636,935,Sham19Y0127677,8610,925,1235,220,83
2350,650,796,Shamela0000894,583,1476,1614,112,94
2350,636,935,Shamela0012884,4192,85,369,221,91
2350,636,935,JK007049,55,749,1047,206,78
2350,650,935,Sham19Y0013253,861,576,847,212,92
2350,636,935,Shia001831Vols,513,1077,1401,232,87
2350,636,935,Shamela0004289,1139,777,1102,232,87
2350,1162,1533,Shamela0023628,2063,427,863,207,56
2350,636,929,Shamela0021660,1488,165,463,190,75
2350,747,935,Shamela0001975,651,535,730,132,81
2350,566,867,Sham19Y0122406,3907,998,1477,233,59
2350,641,1152,Sham19Y0122406,3908,206,624,264,61
2350,757,935,Shia002265Vols,370,1221,1404,125,82
2350,636,935,Shia002265Vols,645,380,658,203,79
2350,757,935,Shamela0001438,2608,1077,1262,129,85
2350,636,935,Shamela0001438,7067,45,326,208,83
2350,650,935,Kraken230110004547,172,874,1103,160,66
2350,650,935,Shamela0036446,1337,932,1154,163,67
2350,742,935,ShamAY0035990,290,965,1269,137,56
2350,650,935,Shamela0025800,946,1211,1454,178,73
2350,636,935,Sham19Y0132415,1092,992,1274,225,94
2350,757,935,Shamela0021659,854,1188,1371,127,83
2350,636,935,ShamAY0034054,3265,835,1099,199,81
2350,636,935,Sham19Y0020638,1234,1029,1344,211,82
2350,650,935,Sham19Y0013223,1324,71,283,157,66
2350,636,935,JK000216,147,726,1048,227,85
2350,636,935,Shamela0003722,6885,1014,1302,228,95
2350,636,935,JK000028,66,824,1137,210,77
2350,636,935,Shamela0011333,48,47,370,215,77
2350,738,935,Shamela0010549,113,1,191,141,89
2350,636,935,Shamela0023623,3388,582,850,202,83
2350,574,929,Sham19Y0017616,465,863,1216,221,74
2350,760,935,Shamela0037458,3482,5,171,127,88
2350,636,929,Shia002119Vols,3460,90,328,185,78
2350,636,935,JK007065,126,900,1228,229,85
2350,636,935,Sham19Y0148271,1263,785,1077,198,76
2350,636,935,JK000698,78,963,1304,202,71
2351,1,269,Shamela0008176,2954,1258,1512,177,75
2351,1305,1503,Shamela0008176,6526,202,387,140,83
2351,1338,1589,Sham19Y0017747,2401,1,251,202,98
2351,1244,1536,Sham19Y0036110,397,1,422,221,62
2351,142,418,Sham19Y0013253,862,487,1076,165,35
2351,1298,1583,Shia001831Vols,515,258,429,141,59
2351,1,409,JK000201,2868,535,939,268,75
2351,142,418,Sham19Y0122406,3909,471,1065,167,35
2351,1,409,Sham19Y0020891,5102,1007,1381,272,79
2351,1,409,Sham19Y0122257,1313,749,1157,276,77
2351,1298,1487,Sham19Y0122257,2956,864,1051,142,87
2351,8,216,Shamela0000791,20,1390,1561,120,68
2352,537,1332,Sham19Y0013769,2522,596,1295,525,83
2352,771,1461,Shamela0008176,6528,1,423,276,50
2352,1,1303,Sham19Y0017747,2401,251,1495,826,71
2352,38,537,Shamela0021590,1572,1,339,159,36
2352,553,840,Shamela0021590,1572,1160,1444,190,77
2352,840,1461,Shamela0021590,1573,1,514,387,78
2352,553,1332,JK007099,503,808,1496,512,82
2352,1199,1461,Shamela0001673,11304,869,1102,157,75
2352,162,537,Shamela0008381,6244,575,733,123,42
2352,428,719,Shia001831Vols,515,115,775,182,35
2352,442,735,Sham19Y0122406,3912,1134,1464,193,68
2352,428,548,Sham19Y0122406,3912,417,536,86,89
2352,702,1413,Sham19Y0122406,3913,1,787,415,61
2352,162,537,JK000381,2379,478,637,123,42
2352,38,520,ShamAY0035990,328,1161,1484,163,43
2352,529,1404,Sham19Y0023625,1215,1,867,517,62
2352,414,1461,Sham19Y0122257,2957,152,795,356,42
2353,771,977,Shamela0008206,648,1327,1523,133,75
2353,1,295,Shamela0008176,6528,423,673,175,73
2353,1,306,Sham19Y0017747,2402,102,409,237,97
2353,736,986,Shia002616Vols,1280,338,741,174,51
2353,771,986,ShamAY0034182,584,170,560,165,52
2353,771,986,ShamAY0034182,589,15,397,166,54
2353,1,295,Shamela0021590,1573,514,801,223,95
2353,771,977,Shamela0037325,949,1325,1513,131,73
2353,736,986,Shamela0009270,450,999,1406,176,52
2353,306,955,Shamela0001727,1472,1073,1431,207,37
2353,1372,1619,Sham19Y0133357,290,1315,1554,144,62
2353,83,295,Shamela0009810,51,805,978,129,76
2353,106,295,Shamela0005756,15125,1,154,118,78
2353,736,977,ShamAY0034273,188,526,755,157,76
2353,20,295,Shamela0001673,11304,1102,1322,167,77
2353,771,986,Sham19Y0017903,990,796,1178,164,53
2353,736,986,Sham19Y0013253,858,1229,1486,168,72
2353,394,986,Shia001831Vols,515,876,1351,203,33
2353,775,986,Shamela0002102,281,998,1196,132,68
2353,771,986,Shamela0004289,218,91,473,166,54
2353,301,986,Sham19Y0122406,3913,787,1394,273,38
2353,771,977,Sham19Y0020879,303,7,202,133,75
2353,989,1496,ShamAY0033531,3358,1461,1626,139,32
2353,1496,1644,ShamAY0033531,3359,1,149,125,100
2353,989,1644,ShamAY0033531,4541,836,1149,264,47
2353,399,986,Sham19Y0018144,2848,882,1197,195,40
2353,771,955,Sham19Y0036114,64,72,418,140,50
2353,771,986,Sham19Y0020638,1235,360,743,164,53
2353,829,1656,ShamAY0034180,120,882,1636,485,61
2353,1,295,Shia001174Vols,2709,1140,1378,155,65
2353,736,986,Sham19Y0017616,541,349,756,176,52
2353,436,765,ShamAY0037021,122,878,1292,226,62
2353,1190,1432,Shamela0011809,237,1165,1420,119,51
2353,80,295,Sham19Y0023625,1215,898,1097,150,89
2353,1,295,Sham19Y0122257,2957,795,1054,190,81
2353,736,986,Shamela0021315,51,50,577,173,40
2353,1255,1644,Shamela0006454,2,673,1081,161,37
2353,176,295,Shamela0023177,360,1,118,91,96
2354,998,1479,ShamAY0035955,420,1084,1516,297,73
2354,1121,1580,Shamela0008176,437,386,748,220,54
2354,1274,1580,Sham19Y0017747,2377,933,1238,215,84
2354,927,1368,Shia001831Vols,516,124,903,190,24
2354,466,635,Sham19Y0032476,589,277,440,124,90
2354,200,642,Kraken220216061206,97,955,1399,343,95
2354,946,1580,Sham19Y0018272,840,481,898,279,54
2354,162,616,Sham19Y0122142,146,895,1314,191,47
2354,1121,1580,Sham19Y0122257,236,1215,1584,238,59
2354,904,1526,Sham19Y0017063,83,815,1549,259,34
2355,26,198,Shamela0021590,1566,158,388,120,64
2355,297,651,Shamela0004473,15334,1328,1515,96,35
2355,610,724,Sham19Y0013253,855,802,1012,70,42
2355,26,365,Shia001831Vols,516,1016,1435,173,40
2355,474,610,JK000201,2914,642,784,109,95
2355,297,651,Sham19Y0122406,3916,1137,1323,96,35
2355,1405,1580,Sham19Y0122406,3917,728,933,106,59
2355,316,856,Sham19Y0122406,3917,1,480,187,34
2355,103,281,ShamAY0000055,383,825,995,139,95
2355,26,316,Sham19Y0017063,900,750,1177,196,55
2355,375,605,Sham19Y0017063,1326,1236,1456,178,94
2355,297,605,Shamela0010517,1691,980,1396,241,69
2356,699,1053,Shamela0004473,17039,562,935,277,91
2356,468,887,Shia001831Vols,519,395,734,185,43
2356,1367,1505,Sham19Y0013631,227,890,1019,103,93
2356,1078,1272,Sham19Y0122257,286,199,421,156,85
2356,442,748,Sham19Y0017063,1342,113,363,167,66
2357,53,590,Sham19Y0014404,1860,911,1075,84,18
2357,269,482,Sham19Y0131521,6139,1309,1456,114,68
2357,493,729,Sham19Y0131521,6140,17,277,126,57
2357,1001,1239,Shia001831Vols,521,119,326,170,86
2357,1024,1340,JK000201,4253,1071,1365,222,82
2357,983,1481,Shamela0023628,179,44,385,239,58
2357,1020,1309,Sham19Y0013223,2136,540,786,191,79
2357,1020,1144,Sham19Y0013223,2691,1368,1492,102,100
2358,983,1153,ShamAY0035035,7050,1,153,123,89
2358,209,872,Shamela0001727,1479,23,161,105,20
2358,776,1161,Shamela0012014,118,63,420,213,58
2358,964,1153,Sham19Y0122096,2862,7,180,138,89
2358,9,198,Sham19Y0013253,860,803,1037,100,54
2358,209,872,Shia001831Vols,520,1307,1445,105,20
2358,811,1104,Shia001831Vols,521,85,569,101,22
2358,845,1196,JK000201,4254,395,723,241,81
2358,209,872,Shamela0004289,132,1297,1435,105,20
2358,597,1606,Shamela0023628,179,604,1527,248,22
2358,135,327,Shamela0023628,179,412,636,125,62
2358,800,1153,Shamela0021660,3716,920,1253,198,62
2358,209,876,Sham19Y0017729,486,446,588,103,19
2358,994,1196,Sham19Y0013223,2119,1250,1420,129,77
2358,957,1210,Sham19Y0013223,2693,164,421,200,96
2358,780,1196,Shamela0011036,2251,265,779,268,59
2358,209,872,Sham19Y0017616,474,227,365,105,20
2358,209,876,Tafsir07076,926,844,986,106,20
2358,776,1196,Sham19Y0122257,1327,1023,1467,283,72
2359,845,1088,Shamela0021715,11061,700,1012,140,49
2359,591,1268,Shamela0000432,4134,989,1592,239,30
2359,1268,1522,Shamela0000432,4135,1,255,204,100
2359,321,547,Sham19Y0127677,7827,1068,1298,183,96
2359,1083,1212,Shamela0012001,66,1395,1530,101,91
2359,1212,1517,Shamela0012001,67,9,334,225,80
2359,1083,1484,Shamela0012001,144,1264,1676,312,92
2359,1094,1331,Sham19Y0013231,6335,187,435,195,95
2359,1094,1323,Sham19Y0013231,7286,640,871,188,98
2359,830,1500,Kraken220727035853,1665,729,1306,305,49
2359,1029,1344,Shia001831Vols,522,95,324,149,55
2359,868,1416,JK000201,4171,732,1282,443,99
2359,1083,1517,Shamela0023628,1466,887,1325,340,93
2359,1094,1517,ShamAY0034068,902,296,665,291,86
2359,738,1581,Sham19Y0122406,3927,1,821,380,48
2359,1258,1600,Sham19Y0013252,9391,33,316,186,64
2359,1061,1411,Shamela0011036,1855,1211,1597,270,83
2359,1411,1522,Shamela0011036,1856,1,116,88,96
2359,1067,1331,Shamela0037458,1422,45,274,172,78
2359,1248,1522,Sham19Y0023625,1015,896,1241,215,76
2359,547,1492,Sham19Y0017063,507,393,1223,554,68
2359,1094,1496,Rafed0003902Vols,2305,671,1017,257,78
2359,731,1600,Shamela0000791,661,1,848,669,94
2359,1067,1398,Shamela0010517,9,1155,1524,260,85
2359,1398,1533,Shamela0010517,10,1,135,106,99
2359,1076,1533,Shamela0010517,2664,216,672,357,96
2360,1018,1607,Sham19Y0131521,2153,928,1322,221,45
2360,507,985,Shamela0095700,32,147,587,120,21
2360,1045,1535,Shamela0005756,15388,231,865,159,24
2360,99,344,JK000170,6122,25,254,180,85
2360,885,1238,Shia001831Vols,522,912,1460,167,32
2360,1045,1607,Shia001831Vols,523,94,430,164,30
2360,1238,1607,Shamela0000140,2092,545,921,254,74
2360,1238,1607,JK000201,4165,476,848,295,98
2360,1045,1232,Shamela0004289,1166,672,995,107,41
2360,70,344,Shamela0023628,1466,1331,1603,147,55
2360,70,597,ShamAY0034068,902,671,963,162,37
2360,237,985,Sham19Y0122406,3928,136,742,237,31
2360,1015,1589,Sham19Y0122406,3929,368,751,194,40
2360,1295,1607,ShamAY0035990,89,100,380,136,45
2360,1,1025,Sham19Y0013252,9391,316,1293,504,49
2360,1155,1542,Shamela0011036,745,91,935,177,26
2360,142,966,Shamela0011036,1862,952,1534,229,27
2360,1005,1187,Sham19Y0017616,472,741,939,80,41
2360,502,994,Sham19Y0023625,1017,801,1128,235,56
2360,242,515,Sham19Y0023625,1043,428,1041,155,31
2360,1434,1607,Sham19Y0023625,2614,897,1054,120,83
2360,1176,1371,Sham19Y0023625,2615,276,837,134,29
2360,1095,1607,Sham19Y0017063,497,1,366,178,40
2360,70,636,Sham19Y0017063,507,1248,1566,241,53
2360,636,1064,Sham19Y0017063,508,1,425,308,83
2360,1184,1607,Shamela0000791,660,95,509,308,88
2360,515,994,Shamela0000791,662,143,633,389,96
2360,60,510,Shamela0010517,2663,48,498,344,92
2361,1094,1437,Shamela0021629,291,1,311,213,74
2361,147,389,Sham19Y0017747,662,435,703,160,74
2361,147,465,Sham19Y0131521,4408,922,1257,165,56
2361,110,773,Shamela0001727,1480,723,1302,186,26
2361,1043,1340,Shamela0001727,1481,1149,1436,228,95
2361,1043,1340,Shamela0012014,391,179,466,223,93
2361,740,1351,Sham19Y0127677,10752,336,930,268,47
2361,1065,1419,Sham19Y0127677,10753,1,341,220,75
2361,296,588,Shamela0001673,11296,272,509,147,62
2361,1204,1340,Shamela0000140,2169,179,327,110,91
2361,1340,1493,Shamela0000140,2170,20,168,118,94
2361,892,1437,Shamela0004289,777,627,1285,262,44
2361,661,1127,Sham19Y0122406,3931,196,538,188,47
2361,1043,1437,Sham19Y0122406,3931,822,1236,262,70
2361,1016,1340,Sham19Y0016934,1246,1045,1395,228,76
2361,1043,1340,Shia002264,578,141,496,229,79
2361,1062,1340,Shia002264,857,141,401,200,89
2361,1043,1340,Sham19Y0001734,1203,930,1220,230,96
2361,759,1344,Sham19Y0132524,835,576,1486,263,30
2361,936,1437,Sham19Y0037618,4600,493,1394,292,38
2361,1062,1340,Kraken230110004547,482,1057,1344,213,89
2361,1043,1340,Sham19Y0018144,2870,1121,1429,225,88
2361,1062,1340,Shamela0036446,270,831,1080,198,89
2361,1138,1340,Zaydiyya0000162,2252,1207,1410,157,96
2361,1022,1419,ShamAY0035990,233,46,569,218,47
2361,1098,1437,Shamela0025800,2697,1,347,212,74
2361,1083,1496,Sham19Y0018272,1995,160,675,239,54
2361,1043,1340,Shamela0006886,159,1089,1384,227,92
2361,1062,1340,Shia002294Vols,670,7,368,216,74
2361,908,1437,Sham19Y0020638,1241,242,861,195,29
2361,1043,1437,Sham19Y0013223,1251,598,1028,260,73
2361,1163,1437,JK007116,30,1,316,171,68
2361,1043,1437,Shamela0011036,910,785,1302,203,50
2361,896,1340,Shamela0011036,911,289,728,161,29
2361,887,1437,Sham19Y0017616,121,793,1285,225,41
2361,1043,1351,Shamela0000782,377,432,734,221,85
2361,1043,1437,JK007065,1449,307,728,262,71
2361,147,623,Sham19Y0014601,4605,51,497,200,41
2361,166,525,Sham19Y0017063,350,1,461,253,68
2361,917,1340,Sham19Y0148271,2318,1029,1509,249,63
2361,932,1340,JK000030,7,263,637,254,76
2361,1043,1351,Shamela0021537,1840,939,1247,236,92
2361,142,525,Shamela0010517,817,686,1061,295,97
2361,296,588,Shamela0010517,818,206,443,147,62
2361,1043,1340,Shia001913Vols,322,377,674,212,81
2362,465,726,Shamela0001727,1482,982,1440,88,18
2362,1,313,Shamela0005756,14211,548,814,205,78
2362,1458,1607,Shamela0010664,1073,900,1049,121,99
2362,1408,1547,Sham19Y0127677,7710,384,747,101,34
2362,465,1278,Shia001831Vols,524,122,1326,299,23
2362,1,459,Shamela0000140,2170,168,907,320,50
2362,1,459,JK000201,1717,95,551,367,98
2362,1398,1607,JK000201,4159,1037,1238,132,75
2362,352,794,Sham19Y0122406,3933,232,1263,172,18
2362,1,313,Sham19Y0018103,3802,350,611,205,80
2362,1,459,Sham19Y0018272,1995,675,1133,357,95
2362,108,313,Sham19Y0013605,4531,647,843,154,88
2363,374,731,Shamela0008176,2992,1285,1634,279,93
2363,895,1113,Shamela0008176,2993,285,542,150,71
2363,374,852,Shamela0001673,9584,538,947,307,74
2363,626,1311,Shia001831Vols,526,45,404,232,40
2363,695,1473,Shamela0000140,1893,17,1095,461,46
2363,1,233,JK000201,4159,1238,1470,191,99
2363,374,852,JK000201,4249,1,394,324,81
2363,704,1118,Sham19Y0013223,2100,989,1163,95,28
2363,626,1676,Masaha001946Vols,1299,764,1448,344,37
2363,374,731,Sham19Y0150962,1635,1227,1539,232,76
2364,25,279,Shamela0007441,575,218,394,119,58
2364,1410,1550,Shamela0008176,3082,279,798,80,20
2364,1081,1459,Shamela0001727,1485,532,1209,200,37
2364,1413,1550,JK000201,4145,636,839,100,62
2364,1,357,Shamela0021597,2077,455,753,235,80
2364,1081,1459,Sham19Y0122406,3938,743,1357,206,41
2364,1,219,Sham19Y0018272,128,1328,1540,171,94
2364,1,836,Sham19Y0013223,2120,335,864,424,62
2364,1,894,Shamela0021589,1785,12,991,521,56
2364,252,1059,Sham19Y0023625,99,5,905,506,64
2364,1,366,Sham19Y0017063,504,1269,1588,249,83
2364,366,1313,Sham19Y0017063,505,1,942,549,57
2365,962,1116,Sham19Y0131521,5065,835,990,120,98
2365,61,604,Shamela0001673,9575,502,1104,261,43
2365,11,617,Sham19Y0014309,1121,855,1383,296,53
2365,718,950,Shia001831Vols,527,6,216,155,81
2365,1,844,JK000201,4145,839,1472,414,54
2365,844,1350,JK000201,4146,1,505,397,98
2365,590,1432,Sham19Y0122406,3940,386,1162,375,50
2365,590,950,Masaha001946Vols,1304,108,363,167,58
2365,354,585,Sham19Y0023625,189,358,622,179,83
2365,774,1408,Sham19Y0023625,196,684,1012,201,39
2365,354,557,Sham19Y0122257,1415,328,512,136,83
2365,57,472,Sham19Y0017063,512,1,384,249,66
2365,585,1079,Shamela0000791,648,972,1469,379,95
2365,1,337,Shamela0000791,649,340,623,220,77
2366,377,653,JK001012,327,307,506,135,58
2366,768,980,Sham19Y0017745,171,928,1346,139,40
2366,764,965,Sham19Y0017451,29,93,261,137,83
2366,773,965,Shamela0011244,61,1113,1262,117,74
2366,1015,1547,Shamela0011244,62,645,932,204,46
2366,1027,1159,Sham19Y0131521,5033,1078,1225,102,84
2366,377,653,JK001236,22,358,588,137,60
2366,377,653,Shamela0010639,29,83,313,140,61
2366,377,653,Shamela0012014,305,172,368,141,65
2366,292,716,Shia001831Vols,527,731,1216,135,23
2366,377,618,Shamela0000140,1873,167,327,112,59
2366,1261,1547,JK000201,4075,1,332,224,79
2366,407,660,JK000201,4142,220,491,181,85
2366,377,716,Sham19Y0122406,3942,244,490,86,23
2366,433,660,Sham19Y0037618,7387,802,960,122,67
2366,660,1247,Sham19Y0023618,2444,291,1096,371,52
2366,394,666,Sham19Y0017063,511,1,191,128,58
2366,1266,1547,Shamela0000791,647,220,477,189,78
2367,997,1262,Shamela0008176,3114,549,765,163,75
2367,1,294,Sham19Y0017745,174,983,1251,206,83
2367,318,465,Sham19Y0017745,175,667,815,113,93
2367,624,784,Masaha002872,216,733,899,132,96
2367,303,465,Sham19Y0127677,9843,100,291,116,75
2367,356,473,Kraken220413194118,614,623,734,85,90
2367,1,318,Sham19Y0014309,305,544,895,242,83
2367,835,1625,Sham19Y0014309,1119,455,1460,546,63
2367,318,459,Shia001831Vols,528,1137,1266,95,83
2367,609,817,Shia001831Vols,529,358,588,125,59
2367,1,294,JK000201,4075,332,628,234,95
2367,1116,1594,Shamela0010527,917,409,982,205,35
2367,609,1569,Sham19Y0122406,3944,362,1543,483,41
2367,855,1625,Sham19Y0018272,846,79,978,606,81
2367,1,201,Sham19Y0013223,2058,225,418,153,88
2367,578,778,Sham19Y0013223,2058,1083,1315,152,80
2367,826,1625,Masaha001864Vols,2941,729,1453,546,80
2367,784,1625,Masaha001864Vols,4046,94,919,648,91
2367,784,1625,Masaha001864Vols,5570,284,996,550,76
2367,997,1202,Sham19Y0013252,9287,747,894,109,62
2367,532,725,Masaha001946Vols,1301,1,146,109,65
2367,982,1625,Sham19Y0122257,1432,154,789,377,61
2367,1104,1540,Sham19Y0017063,515,1446,1570,88,25
2367,1,294,Shamela0000791,647,477,747,214,89
2368,844,1170,Zaydiyya0000015,1908,641,966,253,98
2368,570,761,Shia002702Vols,11013,398,592,125,73
2368,1,157,Kraken220727035853,4375,593,763,122,85
2368,1,157,Shamela0023628,3172,349,521,121,84
2368,82,212,Sham19Y0018272,846,822,1029,82,50
2368,851,1364,Sham19Y0018272,2042,689,979,120,25
2368,246,909,Sham19Y0020638,1247,1029,1430,111,15
2368,87,230,Masaha001864Vols,4046,925,1077,115,93
2368,265,667,Masaha001864Vols,4047,1078,1537,323,86
2368,672,888,Masaha001864Vols,4048,1,215,144,79
2368,1,230,Masaha001864Vols,5570,996,1229,178,91
2368,570,689,Shamela0021589,163,1366,1495,94,91
2369,638,1022,Shamela0007891,733,620,775,101,33
2369,936,1162,Sham19Y0013667,896,20,247,150,79
2369,633,1070,ShamAY0034227,763,529,815,138,39
2369,963,1162,Sham19Y0017747,302,1,203,126,76
2369,638,1335,Sham19Y0017747,2444,190,984,348,42
2369,936,1129,Sham19Y0122402,389,650,911,87,35
2369,936,1162,Shamela0008540,735,50,265,143,78
2369,34,936,Shamela0008540,1812,292,1196,294,26
2369,86,445,Shamela0008540,1813,668,1067,265,77
2369,930,1246,Sham19Y0131521,1299,196,488,162,53
2369,473,1276,Sham19Y0131521,2208,135,951,213,21
2369,942,1158,Shamela0021590,211,1229,1420,142,82
2369,725,1129,Shamela0021590,1591,489,754,177,53
2369,942,1162,Shamela0005756,3020,1164,1385,145,78
2369,960,1203,Sham19Y0014309,1116,1243,1477,164,81
2369,246,1141,JK000201,4139,585,1491,472,52
2369,957,1136,Shamela0010527,358,520,828,80,32
2369,960,1171,Shamela0009702,793,193,457,138,64
2369,922,1276,JK000168,13,328,676,241,80
2369,1,682,Shamela0036446,1348,836,1354,158,20
2369,930,1107,Sham19Y0018103,736,1358,1501,107,76
2369,676,1047,Sham19Y0018103,2676,1330,1472,81,29
2369,1,522,Shamela0025800,969,108,391,97,17
2369,873,1129,Sham19Y0013223,1521,1134,1351,142,71
2369,657,1183,Sham19Y0013223,2123,74,592,407,97
2369,922,1162,Shamela0009242,571,1052,1293,156,77
2369,686,843,Sham19Y0023625,225,1165,1303,101,78
2369,44,445,Sham19Y0023625,1795,788,1425,286,53
2369,7,534,JK007065,172,832,1122,110,20
2369,638,1070,Sham19Y0017063,512,409,999,314,63
2369,930,1129,Sham19Y0013605,1092,1066,1231,124,79
2369,811,1129,Sham19Y0013605,3254,10,153,95,39
2370,1374,1643,JK007054,594,986,1286,216,87
2370,333,563,Shamela0008176,3315,537,775,153,77
2370,1051,1378,Shamela0008540,1823,236,548,241,86
2370,1473,1643,Shamela0008540,1832,1129,1325,139,85
2370,1065,1374,Sham19Y0131521,2227,479,1149,215,37
2370,605,784,Sham19Y0131521,5414,1040,1176,108,74
2370,596,802,JK000201,4223,884,1089,141,73
2370,231,802,Sham19Y0018272,443,231,751,139,23
2370,591,830,Sham19Y0009763,179,916,1149,146,73
2370,328,563,Sham19Y0122257,1523,253,491,180,92
2370,177,359,Sham19Y0017063,549,170,387,105,60
2370,1051,1386,Sham19Y0017063,550,954,1284,234,79
2371,1,290,JK007054,594,1286,1576,238,99
2371,1,212,Shamela0008540,1832,1325,1537,170,98
2371,1485,1616,Sham19Y0131521,6599,1,316,103,40
2371,1478,1616,Shamela0005756,1813,1276,1403,97,86
2371,1034,1319,Shia001831Vols,532,844,1251,185,51
2371,381,984,Shia001831Vols,532,30,491,228,44
2371,1,284,JK000201,4068,538,759,160,67
2371,1417,1616,JK000201,4226,1109,1307,157,96
2371,1034,1161,JK000201,4255,201,328,105,100
2371,1034,1616,Sham19Y0122406,3952,363,1073,239,31
2371,738,1129,Sham19Y0020638,1850,320,576,167,49
2371,6,241,Shia001174Vols,3838,388,626,141,63
2371,664,876,Sham19Y0023625,2702,129,591,87,19
2371,1,284,Sham19Y0122257,1306,117,373,195,83
2371,638,1034,Sham19Y0122257,1518,169,401,147,43
2371,381,852,Sham19Y0017063,549,562,1185,228,38
2371,1431,1616,Sham19Y0013605,686,1371,1539,135,89
2372,173,754,Shamela0011569,139,169,543,136,24
2372,173,748,ShamAY0033975,319,492,861,136,24
2372,696,1561,Sham19Y0131521,6600,515,1219,373,43
2372,896,1085,Shamela0025791,828,617,772,120,77
2372,173,876,Shamela0001727,1493,810,1317,156,20
2372,69,795,Sham19Y0017903,980,223,747,179,25
2372,173,737,Shia001831Vols,532,1138,1500,127,23
2372,384,1077,Shia001831Vols,533,277,608,228,40
2372,1,173,JK000201,4226,1307,1490,141,93
2372,563,790,Sham19Y0122406,3954,1085,1287,90,46
2372,173,748,Shamela0010781,442,377,719,137,25
2372,140,754,Shamela0026891,14,60,464,151,25
2372,237,466,Sham19Y0020638,1850,594,741,116,62
2372,43,447,Sham19Y0013252,9295,1226,1508,207,62
2372,447,1561,Sham19Y0013252,9296,1,1006,495,43
2372,63,876,Sham19Y0017616,477,730,1273,193,26
2372,538,1518,Sham19Y0023625,954,281,1375,592,59
2372,237,523,Sham19Y0013605,684,702,987,160,58
2372,883,1518,Sham19Y0013605,686,1032,1363,229,43
2373,586,796,Shamela0002569,513,887,1127,139,71
2373,1136,1579,JK000201,4090,322,961,341,65
2373,63,625,Sham19Y0122406,3957,33,600,210,35
2373,579,1068,Sham19Y0020638,1850,877,1190,110,28
2373,136,876,Sham19Y0013252,9297,359,832,329,51
2373,1324,1499,Shamela0000791,663,161,340,143,97
2374,419,551,JK007054,922,1329,1466,106,96
2374,1240,1373,Shamela0008176,3261,387,526,106,95
2374,1240,1373,JK009242,379,1095,1234,106,95
2374,749,948,Sham19Y0131521,2237,458,697,146,78
2374,1249,1545,Sham19Y0131521,6643,1191,1414,150,60
2374,1240,1373,Shamela0001727,1497,159,298,106,95
2374,1240,1402,Shamela0013132,128,1091,1265,111,82
2374,419,551,Sham19Y0013572,1007,1075,1376,101,42
2374,1240,1373,Sham19Y0013572,1354,582,721,106,95
2374,1240,1373,JK001236,204,779,918,106,95
2374,1249,1373,Sham19Y0127700,193,1217,1347,99,95
2374,462,729,Shamela0005756,14003,759,1187,170,49
2374,33,551,Shia001831Vols,534,953,1373,158,29
2374,1240,1486,Shia001831Vols,535,357,542,135,67
2374,1,569,JK000201,4090,961,1554,182,25
2374,576,729,JK000201,4091,774,949,121,87
2374,1240,1373,Shamela0004289,1187,76,214,105,94
2374,419,551,Shamela0004289,1196,620,754,101,93
2374,1,414,Shamela0023628,3357,131,569,327,89
2374,33,361,Shamela0009702,718,1238,1617,204,59
2374,462,818,Sham19Y0122406,3957,919,1369,118,29
2374,1240,1457,Sham19Y0122406,3959,124,656,158,37
2374,419,564,Sham19Y0132524,2872,911,1428,115,27
2374,744,1328,Sham19Y0132524,2874,403,891,187,32
2374,1240,1377,ShamAY0034134,527,260,403,106,93
2374,1240,1377,ShamAY0034134,529,52,194,103,91
2374,1240,1373,Shamela0036446,1325,105,244,106,95
2374,419,551,Shamela0001341,144,731,857,101,95
2374,1240,1377,Sham19Y0017791,798,811,954,106,93
2374,1249,1373,ShamAY0034005,1142,1092,1222,98,94
2374,419,551,Sham19Y0020638,1253,40,176,106,97
2374,768,1373,Sham19Y0020638,1254,10,450,210,38
2374,1152,1486,Sham19Y0020638,1851,154,342,119,45
2374,1240,1377,JK000475,1863,1039,1182,105,93
2374,1240,1377,JK000475,2177,1229,1371,107,94
2374,541,729,Sham19Y0013252,9305,333,530,124,72
2374,749,1328,Sham19Y0017616,469,944,1376,190,35
2374,419,551,Shamela0012991,258,1040,1166,101,95
2374,419,551,JK007065,949,7,507,101,24
2374,1240,1373,JK007065,1087,116,255,106,95
2374,1243,1373,Sham19Y0122257,1498,1,137,104,95
2374,1240,1373,Sham19Y0014119,273,1002,1141,106,95
2374,1249,1396,Sham19Y0017063,541,1344,1491,102,85
2374,1240,1373,Sham19Y0148271,1483,68,207,106,95
2374,1240,1373,Shamela0008360,377,724,864,105,94
2374,1,253,Shamela0000791,662,1444,1695,209,99
2374,253,414,Shamela0000791,663,1,161,128,98
2374,569,733,Sham19Y0013605,4425,77,263,125,85
2375,1290,1502,Zaydiyya0000015,802,365,501,103,60
2375,1239,1502,Shamela0008540,1828,300,558,208,96
2375,86,478,Sham19Y0131521,6644,1,606,193,35
2375,1099,1502,Sham19Y0017437,1536,962,1371,271,71
2375,454,670,Shamela0005756,14073,1191,1435,96,40
2375,96,262,Shamela0010639,90,1,233,108,55
2375,924,1571,Shia001831Vols,536,217,1096,252,26
2375,1307,1502,Shamela0000140,188,840,1041,150,91
2375,1,358,Masaha001864Vols,4968,105,456,286,97
2375,478,836,Sham19Y0013252,9370,148,536,229,66
2375,1353,1502,Sham19Y0023625,1703,1,149,118,98
2375,1,262,Sham19Y0122257,1499,1,307,193,73
2375,5,478,Sham19Y0017063,542,257,597,219,52
2375,1290,1492,Sham19Y0017063,551,1,203,165,100
2375,454,949,Sham19Y0017063,555,959,1394,281,64
2375,924,1124,Sham19Y0017063,556,142,433,139,58
2376,1410,1604,Shamela0008540,1796,983,1170,143,93
2376,567,1041,Sham19Y0131521,5668,64,497,206,42
2376,413,1189,Shamela0001727,1499,707,1209,161,20
2376,1198,1491,Sham19Y0127677,9173,389,641,201,85
2376,749,1155,Sham19Y0127677,17959,191,620,326,92
2376,929,1096,Sham19Y0122096,2923,116,280,130,96
2376,413,1155,Shia001831Vols,537,358,1120,296,35
2376,1251,1461,Shia001831Vols,538,495,677,137,81
2376,1500,1593,Shamela0000140,1876,1,139,72,67
2376,567,951,Shamela0000140,1909,248,688,239,60
2376,143,448,JK000201,4084,703,1038,248,89
2376,116,433,ShamAY0033531,3619,443,828,252,79
2376,148,433,ShamAY0033531,4802,23,307,227,96
2376,244,571,Sham19Y0020638,1851,761,984,126,48
2376,1234,1589,Sham19Y0023625,186,150,732,165,36
2376,598,1159,Sham19Y0017063,556,392,1028,355,60
2376,1223,1461,Shamela0000791,650,1318,1567,179,87
2376,1461,1601,Shamela0000791,651,1,137,107,97
2377,518,715,Shamela0008176,3251,420,936,164,38
2377,541,727,Shamela0008176,5437,752,960,150,85
2377,763,1149,JK000201,4120,248,626,303,97
2377,768,1062,Shamela0021660,4177,1143,1490,102,27
2377,1154,1494,Sham19Y0122406,3968,726,1121,166,46
2377,1158,1409,Sham19Y0013252,9333,672,917,168,77
2377,750,1117,Sham19Y0017063,539,1142,1495,247,80
2377,518,727,Sham19Y0017063,540,290,728,153,41
2378,626,1193,Sham19Y0131521,2217,690,1205,295,56
2378,174,741,Shamela0001727,1502,785,1424,207,31
2378,527,741,Shamela0010639,399,1,249,139,70
2378,494,769,Shamela0012014,317,625,982,174,61
2378,400,576,Sham19Y0127677,10438,1111,1386,113,52
2378,494,661,Shamela0000140,1918,44,219,92,66
2378,669,1198,Shamela0000140,1919,143,437,142,28
2378,198,400,JK000201,4245,1116,1312,150,91
2378,626,834,Shamela0021660,2871,419,902,141,35
2378,411,780,Sham19Y0122406,3969,80,609,133,24
2378,1097,1579,ShamAY0033531,1201,1085,1252,94,24
2378,252,400,ShamAY0035990,633,148,305,117,88
2378,549,769,Shamela0025800,873,1,523,157,37
2378,626,1165,Sham19Y0017791,718,370,917,206,38
2378,494,741,Shamela0007597,229,721,967,153,75
2378,256,400,Sham19Y0018272,281,219,336,95,80
2378,494,769,Sham19Y0020638,1258,1036,1393,209,73
2378,426,727,Sham19Y0095660,1419,1197,1562,158,46
2378,626,1198,Sham19Y0023625,1067,202,661,245,42
2378,787,1193,Sham19Y0122257,1310,700,967,171,48
2378,750,1204,Sham19Y0014601,2557,1037,1440,222,53
2379,503,743,JK001012,66,562,817,172,82
2379,503,739,JK007054,129,367,507,87,42
2379,582,739,ShamIbadiyya0000438,585,1287,1434,111,85
2379,503,739,Sham19Y0148486,2054,857,1043,127,65
2379,503,739,Shamela0008176,2947,910,1084,124,63
2379,1428,1591,Sham19Y0017747,2456,203,387,109,68
2379,503,739,Shia002616Vols,724,1128,1318,131,67
2379,503,770,ShamAY0034073,3381,533,796,184,80
2379,498,739,Sham19Y0014591,342,214,393,127,64
2379,578,747,Sham19Y0131521,1583,407,618,111,67
2379,507,684,Sham19Y0131521,2154,1273,1477,113,67
2379,684,943,Sham19Y0131521,2155,1,194,138,62
2379,536,779,Shamela0021715,9533,1118,1470,149,51
2379,23,578,Shamela0001727,1503,612,1235,209,29
2379,503,1308,Shamela0001727,1504,163,871,267,28
2379,449,739,Zaydiyya0000067,24,1043,1388,153,45
2379,503,739,Sham19Y0013572,989,88,345,176,86
2379,503,891,JK001236,72,667,964,193,59
2379,503,739,JK001236,79,455,733,178,79
2379,60,234,Shamela0012014,124,653,837,130,84
2379,591,753,Shamela0012014,318,1,175,119,87
2379,503,739,Shamela0010664,70,1230,1403,127,68
2379,588,739,Sham19Y0127677,2487,595,721,88,68
2379,436,959,Sham19Y0127677,14240,332,916,321,60
2379,503,826,Shamela0000894,8094,441,758,197,66
2379,503,739,Shamela0000894,8331,47,233,131,67
2379,588,739,Shamela0001673,9477,976,1128,107,82
2379,503,701,Shamela0004473,7226,1146,1396,142,70
2379,503,637,Sham19Y0014309,1014,1238,1402,95,70
2379,503,739,Sham19Y0017903,978,109,300,131,67
2379,711,891,Sham19Y0013253,865,895,1014,90,61
2379,23,1026,Shia001831Vols,541,426,1341,408,37
2379,1251,1504,Shia001831Vols,542,138,687,127,29
2379,503,739,Shamela0000140,1920,1162,1428,175,82
2379,86,234,JK000201,2540,1104,1297,83,46
2379,239,436,JK000201,2541,226,423,156,98
2379,503,758,Shamela0121376,942,264,446,101,47
2379,588,743,Shamela0004289,1167,19,186,118,90
2379,503,739,Shamela0023628,226,758,1003,168,83
2379,449,739,ShamAY0034068,2201,257,468,155,65
2379,23,578,Sham19Y0122406,3970,793,1416,209,29
2379,503,739,Sham19Y0122406,3971,1011,1201,131,67
2379,955,1308,Sham19Y0122406,3972,63,570,126,22
2379,536,739,Shia002265Vols,371,75,303,145,80
2379,449,758,JK009324,3458,302,906,196,40
2379,503,711,Sham19Y0145212,1606,100,246,101,59
2379,503,711,ShamAY0033728,7,1030,1172,108,66
2379,522,711,Shia002264,709,1259,1460,139,83
2379,588,743,Shamela0008473,590,769,938,118,89
2379,503,739,Sham19Y0001734,428,373,925,156,34
2379,503,743,Sham19Y0038171,758,1047,1434,129,36
2379,503,779,Sham19Y0018106,3778,977,1361,164,51
2379,612,758,JK007107,280,1,151,103,84
2379,503,758,Shamela0025800,871,898,1205,180,74
2379,596,747,Sham19Y0017791,717,906,1078,115,85
2379,503,739,Sham19Y0017729,489,1003,1194,130,67
2379,588,739,Shamela0021659,1413,180,305,88,68
2379,503,1447,Sham19Y0020638,1259,65,835,265,30
2379,753,1199,Sham19Y0020638,1852,444,671,128,30
2379,480,739,Sham19Y0013223,656,444,808,194,66
2379,35,218,Sham19Y0013223,818,560,1111,111,23
2379,503,739,Shamela0021766,3920,1232,1401,120,61
2379,503,854,Sham19Y0013252,9322,494,803,153,51
2379,503,743,ShamAY0038516,34,936,1194,176,84
2379,503,739,Sham19Y0146127,1065,1226,1408,127,65
2379,588,739,Shamela0000551,884,1336,1487,107,83
2379,596,739,Sham19Y0016976,740,326,481,111,90
2379,449,739,Sham19Y0017616,472,490,739,150,62
2379,955,1447,Sham19Y0017616,528,16,365,123,28
2379,503,739,Shamela0000497,90,849,1021,126,67
2379,503,739,JK007065,938,172,517,170,62
2379,449,794,Tafsir06049,886,786,1091,165,51
2379,503,698,Sham19Y0122257,1308,1406,1539,92,57
2379,596,743,Sham19Y0014119,253,70,230,114,90
2379,498,943,Sham19Y0017063,497,509,1123,291,52
2379,588,739,Sham19Y0148271,1443,601,764,118,92
2379,503,739,Rafed0003902Vols,531,1177,1429,174,85
2379,503,739,Shamela0008360,342,1321,1495,124,63
2379,522,854,Shamela0000791,659,1278,1584,233,86
2379,503,739,Shamela0021537,1506,611,718,80,42
2379,503,739,Shamela0021537,1680,755,861,78,40
2379,503,739,Shamela0021537,4324,1471,1577,78,40
2380,1080,1597,Shamela0008176,6098,313,689,293,67
2380,90,292,Sham19Y0017747,2456,398,655,151,72
2380,85,268,Shamela0008540,1826,773,959,138,88
2380,90,268,Shamela0004473,2342,928,1107,142,98
2380,115,894,Shia001831Vols,542,728,1513,357,44
2380,1086,1327,Shamela0000140,64,102,370,150,63
2380,1311,1597,Shamela0000140,68,255,537,213,85
2380,273,1068,Sham19Y0122406,3974,1,674,221,26
2380,899,1296,Shamela0012027,199,846,1234,195,53
2380,848,1579,Sham19Y0013223,2808,184,521,259,41
2380,95,268,Sham19Y0013252,11027,990,1163,139,100
2380,268,844,ShamAY0035249,320,947,1515,471,98
2380,1099,1391,Sham19Y0023625,2760,1,303,219,87
2380,1391,1602,Sham19Y0023625,2761,1064,1288,170,91
2380,1160,1597,Sham19Y0122257,2789,367,737,288,77
2380,277,918,Sham19Y0017063,708,1,653,333,50
2381,23,327,Shamela0008176,6094,470,894,134,35
2381,749,870,Shia003965Vols,8493,65,199,68,63
2381,204,905,Sham19Y0020638,1852,1056,1406,226,40
2381,787,1169,Sham19Y0013252,12469,161,394,172,56
2381,784,1063,Sham19Y0023625,2761,1374,1599,176,77
2382,55,507,Shamela0008176,6098,1206,1472,168,47
2382,864,1196,Shamela0008353,351,1134,1496,179,56
2382,547,856,Shamela0008353,351,1,518,201,43
2382,107,524,Shia000841Vols,4392,288,635,250,74
2382,120,524,Shamela0000140,68,585,884,186,55
2382,117,530,Sham19Y0018103,1604,363,663,193,58
2382,1339,1477,Sham19Y0018272,1044,1,202,107,67
2382,627,1371,Sham19Y0013223,2703,897,1574,549,90
2382,55,495,Sham19Y0122257,2789,851,1105,165,47
2382,540,1067,Shamela0000791,750,1071,1576,405,93
2382,1067,1512,Shamela0000791,751,1,181,149,40
2382,221,524,Sham19Y0013605,2122,1077,1323,191,78
2383,575,816,Sham19Y0014309,566,325,640,187,71
2383,150,535,Sham19Y0122096,3312,851,977,94,31
2383,1,134,Shamela0000140,78,1378,1510,106,98
2383,479,819,JK000201,4197,407,745,225,75
2383,150,785,Sham19Y0122406,3977,697,1168,230,40
2383,6,134,Sham19Y0018272,1044,227,355,104,100
2383,527,792,Sham19Y0013223,2692,120,396,208,89
2383,535,792,Shamela0011036,2252,1063,1318,197,92
2383,551,816,Sham19Y0017063,519,277,537,191,86
2384,550,958,Shia001831Vols,546,247,697,87,19
2384,6,183,Shamela0010527,1372,207,361,108,74
2384,582,1473,Sham19Y0122406,3983,226,1088,332,33
2384,1084,1453,Sham19Y0038171,1968,186,692,120,28
2384,1116,1463,Shamela0021659,978,8,464,103,22
2385,849,1227,Shamela0001727,1510,998,1277,137,37
2385,200,610,Shamela0001727,1510,213,433,113,32
2385,999,1180,Sham19Y0014309,2482,1275,1425,122,82
2385,151,610,Shia001831Vols,547,164,418,111,30
2385,849,1227,Shia001831Vols,547,1051,1330,137,37
2385,985,1333,JK000201,3229,931,1249,212,73
2385,1461,1564,JK000201,3230,222,326,82,99
2385,232,655,JK000201,4197,1224,1569,139,33
2385,237,610,Shamela0004289,981,179,338,86,29
2385,1,177,Sham19Y0122406,3983,1088,1259,128,83
2385,200,610,Sham19Y0122406,3984,453,673,113,32
2385,849,1227,Sham19Y0122406,3985,955,1234,137,37
2385,240,563,Shamela0008473,4138,334,461,68,25
2386,969,1282,Shamela0008176,7129,153,331,122,46
2386,882,1273,Shia002702Vols,2752,859,1514,288,51
2386,1379,1606,ShamAY0033586,57,299,525,184,99
2386,1379,1606,ShamAY0033586,183,445,671,184,99
2386,920,1292,Shamela0000140,835,1171,1534,269,83
2386,1306,1606,Shamela0000140,838,1094,1386,225,91
2386,1,746,JK000201,3230,333,1350,445,46
2386,1347,1595,Sham19Y0018272,548,710,930,178,87
2386,1278,1595,Shamela0021654,1127,822,1366,151,27
2386,72,224,ShamAY0000055,350,791,929,112,89
2386,977,1278,Sham19Y0122257,3204,969,1143,127,49
2386,965,1318,Sham19Y0017063,525,78,441,257,80
2386,965,1306,Sham19Y0017063,1470,863,1188,244,85
2386,909,1278,Shamela0000791,759,498,876,295,92
2387,163,328,Shamela0000140,835,80,257,111,71
2387,906,1456,Sham19Y0122406,3992,1,471,212,45
2387,437,551,Shamela0036446,1373,854,1242,81,26
2387,625,929,Shamela0011036,916,967,1547,213,45
2387,929,1485,Shamela0011036,917,1,616,400,81
2387,708,1475,Sham19Y0122257,1463,1,606,401,64
2387,807,1336,Sham19Y0017063,526,228,610,222,51
2388,137,655,Shamela0008176,3175,934,1380,267,61
2388,137,486,Sham19Y0014088,93,82,373,159,51
2388,30,510,Sham19Y0122406,3992,634,1116,261,55
2388,1,532,Shamela0011036,917,616,1251,399,75
2388,558,889,Shamela0011036,918,16,381,227,79
2388,1225,1369,Shamela0001395,28,472,616,115,100
2388,1,999,Sham19Y0122257,1463,611,1439,538,60
2388,127,621,Sham19Y0017063,526,615,975,263,63
2389,141,795,Shamela0001727,1514,969,1208,83,13
2389,141,795,Shamela0005756,9928,916,1160,83,13
2389,141,795,Shamela0005756,14175,667,906,83,13
2389,141,795,Shia001831Vols,550,928,1168,82,13
2389,141,477,Sham19Y0122406,3992,1255,1466,61,16
2389,699,1344,Sham19Y0122406,3994,708,1072,175,33
2390,884,1042,Shamela0001727,1515,150,405,76,38
2390,222,729,Shamela0005756,14174,682,847,124,30
2390,1276,1499,Shia001831Vols,552,149,476,116,36
2390,142,922,Sham19Y0122406,3994,1087,1377,177,28
2390,361,738,Sham19Y0013605,4513,858,1085,156,51
2391,597,861,Shamela0005756,12616,10,350,188,64
2391,22,1084,Shia001831Vols,552,564,1457,394,34
2391,1,224,Shamela0000140,853,387,605,162,87
2391,318,903,Shamela0025800,2307,300,664,124,26
2391,447,907,Sham19Y0017729,486,37,312,119,32
2391,1336,1584,Sham19Y0013223,2700,1078,1326,203,99
2391,447,903,JK007065,112,676,959,110,30
2391,1,244,Shamela0006454,58,1324,1543,141,66
2391,1250,1584,Shamela0009279,48,1,335,273,100
2392,588,736,Shamela0001727,1519,52,235,98,69
2392,588,784,Shamela0012014,124,305,534,108,55
2392,1308,1487,Sham19Y0013231,7833,1140,1334,141,91
2392,588,757,Shia001831Vols,553,1123,1322,105,66
2392,1303,1551,Shamela0000140,88,778,1012,150,70
2392,628,1174,Shamela0000140,852,1,764,360,54
2392,588,784,Sham19Y0096918,68,597,809,105,58
2392,451,588,JK000201,3822,134,271,110,99
2392,588,740,Sham19Y0122406,4001,834,1017,98,67
2392,248,427,ShamAY0033531,3263,285,525,132,66
2392,454,583,ShamAY0033531,3264,128,292,105,78
2392,248,427,ShamAY0033531,4445,1216,1456,132,66
2392,454,583,ShamAY0033531,4446,1098,1262,105,78
2392,588,740,Sham19Y0020638,1270,1016,1203,92,62
2392,1280,1551,Sham19Y0013223,2691,6,274,211,97
2392,141,532,Sham19Y0013223,2700,717,1073,189,45
2392,1268,1551,Shamela0009242,3116,550,788,159,68
2392,736,1097,Shamela0009242,3186,1141,1463,248,82
2392,1312,1535,Rafed0003902Vols,1278,607,784,139,78
2393,1247,1498,JK007054,62,697,1006,199,78
2393,198,669,Sham19Y0131521,5734,908,1459,334,72
2393,209,722,Sham19Y0023590,1346,693,1181,368,89
2393,1247,1498,ShamAY0035131,113,648,930,200,87
2393,1,336,Shamela0000140,88,1012,1398,256,81
2393,271,722,Sham19Y0016618,546,1,447,347,97
2393,1,722,Sham19Y0013223,2691,274,1132,563,82
2393,1,209,Sham19Y0013252,6016,62,294,143,72
2393,193,675,Sham19Y0013252,6016,646,1050,271,70
2393,1,652,Shamela0009242,3116,788,1513,502,86
2393,652,1058,Shamela0009242,3117,1,384,300,90
2393,1,187,Sham19Y0017063,518,488,689,136,82
2393,1,556,Rafed0003902Vols,1278,947,1513,411,87
2393,556,1058,Rafed0003902Vols,1279,1,477,373,91
2394,512,797,Shamela0004445,7094,420,885,218,58
2394,531,797,JK000076,111,1,611,197,39
2394,512,797,Shamela0011818,322,787,1237,200,52
2394,531,725,Shamela0008353,723,234,852,111,21
2394,507,692,Kraken220413030905,314,251,606,121,42
2394,531,788,Sham19Y0014592,2030,414,696,145,65
2394,512,1156,Shamela0012014,123,608,1193,366,67
2394,631,1000,Sham19Y0127677,14446,803,1251,158,36
2394,1215,1639,Shamela0001673,9888,910,1223,215,61
2394,512,797,Shia001831Vols,555,43,693,177,34
2394,248,441,Shamela0000140,90,771,960,149,95
2394,1205,1643,Shamela0000140,849,214,605,288,74
2394,512,692,Shamela0004289,1087,454,650,132,82
2394,702,1021,Shamela0021502,196,399,657,187,68
2394,512,692,Sham19Y0122406,4005,56,778,137,23
2394,555,797,Sham19Y0122406,4006,45,264,149,71
2394,492,753,Sham19Y0132524,2985,635,1050,171,49
2394,531,692,Sham19Y0038171,2061,394,552,119,91
2394,631,797,Kraken230110004547,442,160,436,136,60
2394,521,797,Shamela0025800,2506,738,940,151,66
2394,858,1000,Sham19Y0018272,244,1302,1446,114,98
2394,512,797,Sham19Y0020638,1272,638,960,214,81
2394,498,692,Shamela0021550,535,890,1099,131,76
2394,531,702,Shamela0021550,673,1031,1321,96,41
2394,531,692,JK000001,2545,967,1128,120,90
2394,1,441,Shamela0009242,3116,269,519,166,47
2394,1021,1156,Sham19Y0017616,647,1159,1288,106,95
2394,512,797,JK007065,176,745,1004,172,74
2394,459,974,Sham19Y0017063,1416,1126,1532,226,47
2394,974,1147,Sham19Y0017063,1417,1,174,142,100
2394,512,692,ShamAY0033760,486,1068,1247,134,89
2394,781,1156,Shamela0000791,758,1029,1405,249,81
2395,595,840,Shamela0001727,1521,1001,1337,97,35
2395,954,1262,Shamela0005756,11139,1059,1453,185,55
2395,161,519,Sham19Y0127677,14446,868,1143,115,36
2395,1,677,Shia001831Vols,555,980,1390,200,31
2395,954,1564,Shia001831Vols,562,261,702,326,64
2395,845,1207,Shamela0000140,93,198,471,205,69
2395,1276,1602,Shamela0000140,94,372,812,170,37
2395,439,619,Shamela0000140,849,1359,1560,121,65
2395,954,1602,Sham19Y0018103,2771,591,1049,242,39
2395,858,1191,Masaha001946Vols,763,588,848,192,68
2395,961,1302,Sham19Y0013605,3352,1,479,217,54
2396,41,565,Shia002616Vols,3028,568,1344,166,23
2396,126,391,Sham19Y0127656,538,62,443,85,24
2396,468,767,Shamela0023833,823,12,264,88,34
2396,126,391,Shamela0025794,2818,776,1192,101,29
2396,10,498,Shamela0029677,2149,640,1419,166,23
2396,364,1134,Shamela0001727,1523,45,728,173,24
2396,364,767,JK000916,19793,36,605,109,22
2396,1357,1520,Shamela0023700,2506,130,368,90,43
2396,468,767,Shamela0003118,5736,9,249,87,35
2396,126,767,Masaha002028Vols,1684,154,1122,180,22
2396,468,767,Shia002702Vols,4057,801,1047,88,34
2396,126,391,Shamela0005756,11134,47,418,85,30
2396,671,1134,Sham19Y0023644,1375,80,315,97,27
2396,41,1134,Sham19Y0014309,418,233,1289,267,24
2396,1138,1460,Sham19Y0014309,424,157,419,189,72
2396,126,391,Shamela0035100,371,480,841,95,30
2396,326,1134,Shia001831Vols,557,232,990,193,25
2396,18,1525,Shia001831Vols,562,702,1348,472,38
2396,857,1515,Shamela0000140,97,248,1072,399,53
2396,41,1134,Shamela0004289,1309,27,1125,274,25
2396,326,1134,Shamela0023628,1742,54,812,191,24
2396,990,1280,Shamela0023628,1747,1252,1520,105,40
2396,41,1134,Sham19Y0122406,4009,269,1372,274,25
2396,990,1407,Sham19Y0122406,4012,1188,1477,151,38
2396,126,297,Sham19Y0122406,4019,378,488,80,61
2396,126,391,Shamela0037837,971,412,784,91,32
2396,671,1134,Sham19Y0132524,2910,1146,1382,98,27
2396,126,1110,Shamela0036446,935,454,1428,226,23
2396,671,1134,Shamela0025800,336,58,293,97,27
2396,1367,1520,Shamela0025800,3685,1209,1328,79,65
2396,1357,1520,JK000778,1076,675,910,87,44
2396,41,887,Shia003732Vols,4094,403,1442,239,26
2396,468,1110,Shamela0023578,1481,394,853,125,22
2396,126,391,ShamAY0034005,1412,527,915,88,28
2396,326,1134,Sham19Y0150960,1334,269,1027,191,24
2396,326,1134,Sham19Y0020638,1274,141,908,195,25
2396,297,1525,Masaha001946Vols,765,128,977,293,24
2396,126,391,Sham19Y0146127,3077,42,386,77,23
2396,41,386,Sham19Y0017616,482,959,1401,123,30
2396,468,1134,Sham19Y0017616,483,183,631,150,29
2396,571,1073,Sham19Y0017616,646,888,1116,135,33
2396,126,565,Shamela0000041,1183,666,1469,133,19
2396,1134,1515,Shamela0001535,3127,1227,1517,193,59
2396,671,1134,JK007065,256,103,338,97,27
2396,126,391,Sham19Y0018176,1620,39,410,85,30
2396,364,767,Sham19Y0148271,1862,31,571,114,23
2396,126,391,ShamAY0033705,72,435,807,88,31
2397,1144,1321,Shamela0006739,2077,136,293,98,74
2397,1209,1331,Shamela0023700,2344,853,969,88,93
2397,485,805,Shia001831Vols,563,1,322,165,51
2397,651,1321,Shamela0000140,102,660,1151,287,47
2397,1336,1502,Shamela0000140,103,676,954,105,46
2397,44,630,Shamela0023628,1748,18,291,169,35
2397,1336,1492,Shamela0010527,92,568,717,81,62
2397,1144,1331,Shamela0009702,491,1060,1216,100,69
2397,1336,1502,Sham19Y0122406,4013,1051,1200,120,87
2397,1,630,Sham19Y0020638,1856,126,492,212,43
2398,1042,1567,ShamAY0034059,2306,422,880,105,16
2398,1042,1567,Shamela0004445,2091,126,519,110,18
2398,1042,1567,Shamela0007798,4798,921,1331,116,19
2398,55,512,Shamela0007798,4798,1,521,120,20
2398,1042,1567,Shamela0001733,3632,716,1153,109,19
2398,1042,1567,Sham19Y0145435,5343,548,940,109,18
2398,1042,1567,Sham19Y0016584,3107,61,453,110,18
2398,39,512,Sham19Y0148486,5625,373,895,121,20
2398,39,993,Shia002616Vols,3030,586,1344,186,18
2398,1042,1567,Shia002616Vols,3031,44,464,126,22
2398,1042,1567,Sham19Y0127656,540,583,964,110,18
2398,1042,1567,JK000110,1147,287,679,110,18
2398,1042,1567,Shamela0021809,2284,384,783,102,15
2398,1042,1567,Shamela0023833,825,155,598,118,21
2398,39,512,Shamela0025794,2820,659,1195,126,20
2398,1042,1567,Shamela0025794,2821,91,501,102,15
2398,39,993,Shamela0029677,2151,667,1421,186,18
2398,39,505,Sham19Y0131521,3922,886,1485,206,35
2398,325,576,Sham19Y0131521,6118,1145,1492,154,52
2398,1042,1567,Shamela0021715,6680,193,585,110,18
2398,477,955,Shamela0021715,6690,282,667,151,33
2398,1042,1567,Sham19Y0016684,1556,441,833,110,18
2398,477,1567,Shamela0001727,1525,156,1018,219,19
2398,971,1567,Shamela0031457,184,212,810,135,18
2398,1042,1567,JK000916,19795,415,833,102,15
2398,39,512,JK006838,1178,389,899,119,20
2398,39,512,Shamela0003118,5737,628,1162,127,20
2398,1042,1567,Shamela0003118,5738,52,464,102,15
2398,1042,1563,Masaha002028Vols,1686,1041,1481,115,20
2398,1042,1567,Shamela0005756,11136,656,1044,110,18
2398,971,1093,Sham19Y0021575,73,303,566,65,31
2398,39,993,Sham19Y0023644,1376,649,1385,180,17
2398,1042,1567,Sham19Y0023644,1377,94,508,117,19
2398,39,1093,Shamela0012014,12,271,1291,231,19
2398,1042,1567,Sham19Y0127698,97,281,657,109,18
2398,39,512,Shamela0012884,2489,361,875,115,18
2398,1042,1567,Shamela0012406,796,649,1059,102,15
2398,39,512,Tafsir02096,814,255,778,121,20
2398,1042,1567,Masaha001961Vols,1307,231,605,100,16
2398,1042,1567,Sham19Y0014309,420,1067,1476,120,21
2398,39,512,Sham19Y0014309,420,124,666,133,21
2398,483,891,Sham19Y0014309,427,914,1477,199,35
2398,1042,1567,Shamela0035100,373,945,1319,107,18
2398,39,501,Shamela0035100,373,47,557,112,18
2398,971,1567,Shia001831Vols,559,654,1287,149,20
2398,1042,1567,Shamela0021713,924,382,767,110,18
2398,735,966,Shamela0000140,106,964,1199,169,88
2398,39,1567,Shamela0004289,1311,52,1404,313,18
2398,1042,1567,Shamela0010906,558,186,558,107,18
2398,971,1567,Shamela0023628,1744,434,1061,141,18
2398,34,325,Shamela0023628,1748,286,507,159,67
2398,1042,1567,ShamAY0034068,1100,585,830,107,21
2398,39,512,Sham19Y0122406,4011,814,1356,133,21
2398,816,1567,Sham19Y0122406,4014,16,753,220,24
2398,39,512,Shamela0037837,973,98,644,123,19
2398,1042,1567,Shamela0037837,973,1027,1416,105,16
2398,1042,1567,Shamela0008473,2346,542,947,101,15
2398,477,993,Sham19Y0132524,2913,1098,1349,88,20
2398,1042,1567,Shamela0009770,548,71,511,109,19
2398,1042,1567,Sham19Y0018106,2869,205,597,110,18
2398,39,1093,Shamela0036446,937,247,1240,225,19
2398,1042,1567,Shamela0010283,3677,105,497,110,18
2398,1042,1567,Sham19Y0018103,2769,89,481,110,18
2398,1042,1567,Shamela0025800,338,143,559,117,19
2398,1042,1567,Shamela0096283,338,534,926,110,18
2398,735,891,Shia003732Vols,2396,613,764,122,96
2398,39,1093,Shia003732Vols,4096,481,1481,232,19
2398,39,512,ShamAY0034005,1414,303,845,123,19
2398,477,1567,Sham19Y0150960,1336,344,1187,190,16
2398,477,1567,Sham19Y0020638,1276,325,1181,206,18
2398,39,512,Sham19Y0013223,1063,394,931,132,21
2398,1042,1567,Shamela0009873,1717,346,843,111,16
2398,1042,1567,Sham19Y0013252,6765,554,946,110,18
2398,1176,1567,Masaha001946Vols,768,266,828,173,34
2398,1042,1567,Sham19Y0146127,3079,511,868,108,19
2398,477,1567,Sham19Y0017616,485,48,912,218,19
2398,1042,1567,ShamAY0034434,208,589,1044,107,19
2398,39,512,Shamela0000041,1185,424,977,129,20
2398,1042,1567,Sham19Y0009800,1089,349,738,107,19
2398,39,512,Masaha002308Vols,595,414,950,123,20
2398,1042,1567,Shamela0009898,194,890,1348,111,19
2398,39,993,JK007065,257,694,1436,180,17
2398,1042,1567,JK007065,258,139,554,117,19
2398,1042,1567,Sham19Y0018176,1622,649,1041,110,18
2398,1042,1567,Sham19Y0148271,1864,407,816,102,15
2398,1042,1567,ShamAY0033705,74,1040,1427,110,18
2398,39,512,ShamAY0033705,74,116,662,123,19
2398,680,1093,Sham19Y0013605,3355,939,1319,183,49
2399,814,1405,Shamela0029677,2153,53,625,224,37
2399,501,1054,Sham19Y0131521,3923,643,1388,274,38
2399,808,1390,Shamela0001727,1526,610,1208,218,36
2399,987,1231,Shamela0010639,326,1337,1639,115,44
2399,814,1464,Sham19Y0023644,1378,107,903,283,35
2399,814,1132,Shamela0012014,13,1158,1480,139,40
2399,814,1132,Shamela0012884,2490,1117,1438,132,38
2399,808,1395,Shia001831Vols,560,837,1437,225,36
2399,814,1267,Shamela0004289,1312,894,1387,194,38
2399,814,1253,Shamela0023628,1745,660,1127,175,36
2399,919,1395,Sham19Y0122406,4016,413,1016,206,37
2399,814,1132,Sham19Y0132524,2915,871,1185,136,40
2399,814,1267,Shamela0036446,938,998,1467,189,39
2399,814,1464,Shamela0025800,339,177,975,286,35
2399,987,1267,Shamela0021723,102,484,843,145,47
2399,919,1395,Shia003732Vols,4098,19,557,191,36
2399,814,1405,Sham19Y0150960,1337,761,1325,222,37
2399,814,1395,Sham19Y0020638,1277,772,1366,217,36
2399,808,1395,Sham19Y0017616,486,501,1100,222,36
2399,1328,1464,ShamAY0000055,192,321,462,102,89
2399,450,1405,Sham19Y0023625,2411,524,1507,320,28
2399,814,1400,JK007065,259,177,755,219,37
2400,561,934,Shamela0004445,2092,1011,1476,161,35
2400,824,951,Shamela0007798,4723,1115,1240,92,93
2400,561,951,Shamela0007798,4800,334,828,181,37
2400,561,951,Sham19Y0145435,5345,35,501,172,37
2400,561,951,Meshkat00057178,1845,627,1115,174,37
2400,824,951,Sham19Y0016584,3109,120,247,94,94
2400,1,165,Shamela0008176,4385,142,294,118,89
2400,561,951,Sham19Y0127656,542,42,520,170,36
2400,824,951,JK000110,1149,108,235,94,94
2400,824,951,JK000110,1222,1116,1223,80,81
2400,824,951,Shamela0025794,2823,212,349,87,77
2400,16,159,Sham19Y0131521,4618,1080,1425,101,35
2400,824,951,Shamela0021715,6682,50,177,94,94
2400,824,951,Sham19Y0016684,1558,258,385,94,94
2400,824,951,Shamela0001727,1527,681,812,95,92
2400,824,951,Shamela0031457,186,402,528,94,95
2400,824,951,JK006838,1180,975,1085,77,78
2400,561,951,Shia002702Vols,4061,129,539,175,43
2400,561,951,Shamela0005756,11138,146,621,169,36
2400,824,1113,Shamela0005756,11572,235,812,131,26
2400,824,951,Sham19Y0023644,1379,15,146,94,91
2400,561,951,Shamela0012014,14,615,1232,188,33
2400,1210,1396,Shamela0011385,2586,1148,1308,67,36
2400,561,951,Shamela0012884,2491,549,999,145,30
2400,824,951,Shamela0012406,798,780,925,95,83
2400,561,951,Sham19Y0014309,422,322,879,177,33
2400,561,951,Shamela0035100,375,42,459,166,37
2400,824,946,ShamAY0038638,76,1123,1221,76,80
2400,824,951,Shia001831Vols,561,892,1023,95,92
2400,561,951,Shamela0004289,1313,364,955,182,32
2400,277,951,Shamela0010906,559,600,1212,207,26
2400,824,951,Shamela0023628,1746,682,808,94,95
2400,568,1210,Shamela0023628,1748,919,1305,259,48
2400,824,1289,Sham19Y0122406,4019,494,936,208,50
2400,561,951,Shamela0037837,975,420,875,170,37
2400,556,951,Sham19Y0132524,2917,924,1478,169,33
2400,819,1091,Sham19Y0132524,2918,611,835,142,66
2400,824,951,Sham19Y0018106,2871,39,166,94,94
2400,824,951,Sham19Y0018106,3009,774,881,80,81
2400,561,951,Shamela0036446,939,353,868,165,32
2400,561,913,Sham19Y0018103,2770,1043,1464,145,34
2400,824,951,Sham19Y0018103,2892,976,1083,80,81
2400,824,951,Shamela0025800,340,248,376,95,94
2400,561,951,Shamela0096283,340,18,485,171,37
2400,824,951,Shia003732Vols,2392,252,376,92,92
2400,824,951,Shia003732Vols,4099,31,162,94,91
2400,561,951,ShamAY0034005,1416,613,1065,171,37
2400,561,951,Sham19Y0150960,1338,204,803,173,30
2400,824,951,Sham19Y0020638,1278,787,918,95,92
2400,824,951,Sham19Y0013223,1065,1128,1260,95,91
2400,561,951,Sham19Y0013252,6767,35,500,171,37
2400,824,951,Masaha001946Vols,771,962,1088,95,96
2400,561,951,Sham19Y0146127,3080,1035,1473,153,34
2400,561,951,Sham19Y0017616,487,10,629,186,33
2400,561,951,Masaha002308Vols,597,741,1205,169,37
2400,824,951,JK007065,260,183,314,95,92
2400,561,951,Sham19Y0018176,1624,127,608,171,36
2400,824,951,Sham19Y0018176,1714,981,1088,80,81
2400,1,165,Sham19Y0122257,2050,1224,1376,114,87
2400,824,951,Sham19Y0148271,1866,424,573,93,80
2400,561,951,ShamAY0033705,76,451,916,171,37
2400,16,640,Sham19Y0013605,3357,1204,1432,134,25
2400,824,1154,Sham19Y0013605,3358,194,835,162,27
2400,824,951,Sham19Y0013605,3486,158,265,80,81
2401,1019,1162,Sham19Y0131521,3694,468,616,114,93
2401,221,585,Shamela0001727,1528,383,976,178,32
2401,245,772,Shia001831Vols,564,16,711,241,37
2401,221,360,Sham19Y0122406,4018,1208,1486,100,45
2401,300,585,Sham19Y0122406,4019,959,1246,153,56
2401,184,618,Sham19Y0020638,1279,51,262,99,28
2402,7,204,Sham19Y0131521,3922,522,1055,84,19
2402,325,1376,Masaha001946Vols,775,551,966,230,27
2404,1032,1344,ShamAY0034441,289,686,878,135,52
2404,396,800,Shamela0005756,8430,682,1061,271,79
2404,858,1298,Shamela0005756,8445,399,769,271,74
2404,1,355,Shia001831Vols,564,711,1342,178,30
2404,800,1560,Shamela0021660,5534,454,1236,618,97
2404,167,317,Sham19Y0122406,4020,1357,1497,112,92
2404,317,1298,Sham19Y0122406,4021,1,976,352,35
2404,264,1191,Sham19Y0018103,1857,238,838,224,26
2404,369,717,Sham19Y0013252,4798,1126,1474,210,70
2404,440,720,Shamela0011036,2048,1,289,208,88
2404,720,1212,Shamela0011036,2048,1011,1563,389,84
2404,1298,1514,Shamela0011036,2049,376,846,151,38
2405,1,1643,ShamAY0034441,286,92,1071,560,36
2405,1139,1569,Shamela0007798,6788,630,1004,102,21
2405,1139,1569,Shamela0001733,4482,371,735,100,20
2405,1139,1569,Shamela0001727,1529,1180,1556,101,20
2405,377,1105,Shamela0005756,8433,310,832,215,27
2405,1118,1569,Tafsir09084,1682,835,1220,107,21
2405,1139,1569,JK000785,1281,1174,1534,99,20
2405,1139,1569,Shia001831Vols,565,844,1220,101,20
2405,431,860,Shia001831Vols,569,1174,1415,166,47
2405,1139,1569,Shamela0004289,1350,814,1191,101,20
2405,290,686,Shamela0023628,2577,1,177,114,35
2405,1139,1569,Shamela0021660,5529,621,998,101,20
2405,1,337,Shamela0021660,5534,1236,1571,273,99
2405,337,1643,Shamela0021660,5535,1,1311,1069,99
2405,38,686,Shamela0037837,947,629,874,132,25
2405,1139,1569,Shamela0008473,3346,899,1273,102,21
2405,1037,1569,Sham19Y0132524,3109,888,1470,144,21
2405,1118,1569,Shamela0023578,2166,348,738,104,20
2405,1139,1569,ShamAY0034005,918,463,837,102,21
2405,1139,1569,Sham19Y0020638,1280,701,1078,101,20
2405,1118,1569,JK007116,88,384,777,105,21
2405,693,1349,Masaha001946Vols,385,1,901,275,29
2405,1,536,Shamela0011036,2050,866,1553,314,50
2405,601,1049,Shamela0011036,2051,204,987,311,45
2405,1105,1284,Shamela0011036,2052,1086,1611,144,33
2405,1284,1498,Shamela0011036,2053,1,450,162,44
2405,1118,1569,ShamAY0036736,251,956,1356,107,21
2405,1139,1569,Sham19Y0017616,549,384,761,101,20
2405,1067,1643,Sham19Y0017616,657,1394,1573,131,28
2406,97,1180,ShamAY0034441,286,1088,1518,323,36
2406,1163,1385,Shamela0007798,6788,1306,1445,70,40
2406,238,652,Shamela0007798,6788,1024,1215,106,31
2406,238,652,Shamela0001733,4482,755,971,113,34
2406,238,652,Shamela0001733,4507,358,552,103,30
2406,238,652,Shamela0006596,18,1289,1519,123,36
2406,1163,1385,Shamela0026747,3,289,434,70,39
2406,1163,1385,Sham19Y0023608,2723,1162,1296,70,40
2406,238,652,Shamela0012031,319,244,472,123,36
2406,1163,1385,Shamela0009200,730,708,839,69,40
2406,238,652,Shamela0001727,1530,6,234,123,36
2406,488,1157,Shamela0005756,8436,1083,1527,175,31
2406,969,1526,Shamela0005756,8437,1,795,295,38
2406,243,652,JK000785,1282,1,214,113,34
2406,238,652,Shia001831Vols,565,1240,1468,123,36
2406,1070,1526,Shia001831Vols,570,335,655,175,43
2406,238,652,JK007063,343,1165,1385,119,35
2406,238,652,Shamela0004289,1350,1211,1431,121,36
2406,238,652,Shamela0021660,5529,1018,1246,123,36
2406,1,302,Shamela0021660,5535,1311,1613,241,99
2406,302,1595,Shamela0021660,5536,1,1295,1037,98
2406,238,652,Shamela0008473,3346,1293,1511,119,35
2406,238,652,Shamela0023578,2166,758,985,111,33
2406,1163,1385,ShamAY0034005,918,1198,1337,70,40
2406,238,652,ShamAY0034005,918,857,1076,120,36
2406,238,652,Sham19Y0020638,1280,1098,1325,120,36
2406,652,1526,Sham19Y0020638,1857,581,804,169,23
2406,238,624,JK000475,2434,1376,1556,97,31
2406,238,652,Shia001976Vols,963,41,247,112,33
2406,238,652,JK007116,88,797,1017,119,35
2406,765,1526,Masaha001946Vols,387,1,549,237,31
2406,238,652,Shamela0011036,2053,450,670,119,35
2406,414,837,Shamela0011036,2055,830,1375,180,31
2406,882,1595,Shamela0011036,2056,1,1526,373,27
2406,238,648,Tafsir02100,128,481,686,116,35
2406,238,652,Sham19Y0017616,549,781,1009,123,36
2406,238,644,Shamela0013035,734,882,1082,111,34
2406,238,652,Sham19Y0148271,2247,1130,1348,119,35
2406,652,1213,Sham19Y0013605,2398,881,1166,192,42
2406,652,1378,Sham19Y0013605,3222,895,1152,121,21
2407,388,1589,ShamAY0034441,287,1,526,285,27
2407,470,893,Sham19Y0017124,1121,835,1204,248,68
2407,945,1526,Shamela0001733,4483,376,889,127,18
2407,482,876,Sham19Y0013667,3897,116,514,238,66
2407,911,1521,Shamela0006596,19,859,1388,131,18
2407,978,1526,Shamela0021821,1269,1,478,109,16
2407,945,1526,Shamela0009200,731,37,552,127,18
2407,562,880,Shamela0021715,2601,600,973,176,49
2407,562,761,Shamela0005756,8438,1056,1251,149,93
2407,1026,1484,Shamela0005756,8439,44,792,286,46
2407,537,876,Shia000317Vols,16298,559,850,200,69
2407,470,939,Shia003923Vols,1650,416,837,293,73
2407,911,1526,Shia001831Vols,566,808,1345,138,19
2407,800,1416,Shia001831Vols,570,849,1071,161,32
2407,956,1526,JK007063,344,714,1224,126,18
2407,911,1526,Shamela0004289,1351,774,1309,137,19
2407,911,1526,Shamela0021660,5530,593,1130,138,19
2407,1,290,Shamela0021660,5536,1295,1587,231,97
2407,290,1589,Shamela0021660,5537,1,1302,1049,99
2407,911,1526,Sham19Y0122406,4030,139,676,138,19
2407,956,1526,Shamela0008473,3347,874,1377,127,18
2407,537,939,Sham19Y0013631,2394,869,1119,194,58
2407,800,939,Shamela0001687,9864,1119,1251,93,83
2407,911,1526,Sham19Y0020638,1281,680,1218,137,19
2407,633,880,Sham19Y0013252,3077,1,243,161,73
2407,945,1526,JK007116,89,416,927,127,18
2407,344,1507,Masaha001946Vols,388,419,1158,268,26
2407,54,408,Shamela0011036,2057,1,689,251,45
2407,473,868,Shamela0011036,2057,1152,1560,303,89
2407,950,1340,Shamela0011036,2058,1023,1486,316,82
2407,1340,1457,Shamela0011036,2059,186,475,83,37
2407,961,1526,Shamela0008658,2120,950,1441,123,18
2407,911,1526,Shia001913Vols,268,144,661,131,18
2408,1,145,ShamAY0034441,287,526,828,67,22
2408,277,838,ShamAY0034441,288,832,1136,182,39
2408,91,842,Shamela0012031,320,567,1124,208,29
2408,91,842,Shamela0001727,1531,275,831,208,29
2408,492,926,Shamela0005756,8440,83,697,203,35
2408,1137,1330,Shamela0005756,8440,1131,1338,134,82
2408,543,819,Shamela0005756,10839,330,505,134,61
2408,503,796,Sham19Y0127677,15093,363,683,182,62
2408,172,842,Shia001831Vols,567,24,496,192,29
2408,192,842,Shamela0004289,1352,4,459,179,28
2408,91,563,Shamela0021660,5530,1173,1445,164,43
2408,1,265,Shamela0021660,5537,1302,1567,209,98
2408,265,1510,Shamela0021660,5538,1,1252,990,98
2408,91,598,Sham19Y0122406,4030,719,1007,176,43
2408,950,1481,Sham19Y0122406,4036,12,666,340,64
2408,1014,1492,Sham19Y0132524,3120,43,647,177,36
2408,710,1308,Sham19Y0018103,1860,961,1513,243,43
2408,700,1344,Sham19Y0018103,2652,712,1160,172,28
2408,343,842,Sham19Y0020638,1857,1159,1353,132,31
2408,172,575,Shamela0021766,3099,83,285,151,47
2408,563,1074,Masaha001946Vols,390,576,1097,160,31
2408,1,498,Shamela0011036,2060,17,678,294,47
2408,838,987,Shamela0011036,2061,1450,1554,81,68
2408,492,796,Shamela0011036,2061,444,767,187,59
2408,987,1510,Shamela0011036,2062,1,450,348,82
2408,91,598,Sham19Y0017616,550,1000,1288,176,43
2408,710,1485,Sham19Y0013605,2401,188,847,335,45
2408,621,1359,Sham19Y0013605,3224,941,1420,279,45
2409,1068,1351,ShamAY0034441,283,1178,1398,115,49
2409,1068,1582,Shamela0007798,6791,934,1376,184,38
2409,1158,1521,Sham19Y0016584,2958,527,797,148,48
2409,1068,1577,Shamela0009200,733,82,528,179,37
2409,1068,1351,Shamela0025794,4888,1157,1411,116,46
2409,1068,1409,Shamela0021715,7360,647,1000,151,45
2409,1158,1582,JK000916,11165,37,434,158,39
2409,1152,1582,Shamela0003118,3484,760,1156,159,38
2409,1152,1521,Shamela0003118,3485,1089,1381,130,39
2409,1068,1577,Shamela0026740,11,736,1158,178,37
2409,1306,1521,Shamela0001673,6930,729,1068,123,45
2409,1068,1582,Shamela0012884,3618,362,793,177,38
2409,1068,1582,Tafsir09084,1685,978,1440,180,38
2409,1068,1582,Shia001831Vols,568,937,1411,183,36
2409,1068,1582,JK007063,346,677,1152,182,36
2409,1068,1582,Shamela0004289,1353,874,1349,183,36
2409,1068,1582,Shamela0023628,2580,610,1132,181,33
2409,1068,1582,Shamela0021660,5532,735,1209,183,36
2409,1,289,Shamela0021660,5538,1252,1524,220,94
2409,289,1582,Shamela0021660,5539,1,1303,1048,99
2409,798,1212,Sham19Y0122406,4034,65,679,184,34
2409,1,226,Sham19Y0122406,4037,283,486,140,71
2409,1068,1569,Sham19Y0132524,3115,558,1020,173,35
2409,828,1474,Sham19Y0018103,1861,913,1491,223,37
2409,1068,1582,Sham19Y0020638,1283,806,1274,183,37
2409,1068,1582,Shamela0021766,3100,872,1281,159,36
2409,1068,1582,JK007116,91,492,955,183,37
2409,1,592,Shamela0011036,2062,450,1428,430,51
2409,863,1161,Shamela0011036,2068,684,989,236,96
2409,1152,1534,Shamela0011036,2070,145,792,297,57
2409,1068,1582,Sham19Y0017616,552,564,1039,183,36
2409,1073,1582,Sham19Y0013605,2403,1,707,180,25
2409,1141,1582,Shamela0008658,2122,1032,1410,160,37
2410,592,724,ShamAY0034441,289,238,369,108,99
2410,510,718,Shamela0005756,8444,934,1144,130,64
2410,855,1154,Shia001831Vols,571,917,1339,157,38
2410,516,794,Shia001831Vols,571,14,221,152,67
2410,1,289,Shamela0021660,5539,1303,1591,233,99
2410,289,1448,Shamela0021660,5540,1,1142,918,97
2410,1,470,Sham19Y0122187,743,164,449,83,17
2410,133,709,Sham19Y0018106,1896,764,1426,216,37
2410,516,1154,Shamela0036446,959,954,1418,144,23
2410,133,718,Sham19Y0018103,1862,52,491,155,26
2410,444,973,Sham19Y0020638,1858,472,727,165,39
2410,1124,1409,Sham19Y0013252,4814,786,1074,206,81
2410,444,839,Masaha001946Vols,395,561,1013,145,31
2410,1,491,Shamela0011036,2071,257,783,379,87
2410,602,794,Shamela0011036,2072,274,636,148,49
2410,516,875,JK007065,1372,973,1333,103,30
2410,168,718,Sham19Y0013605,2404,142,579,200,41
2411,390,1624,ShamAY0034441,289,415,1537,721,65
2411,307,446,Shamela0001727,1534,1149,1445,91,39
2411,563,731,Shamela0005756,8445,261,414,117,87
2411,857,1504,Shamela0005756,8446,50,675,440,80
2411,1,401,Shamela0005756,11801,572,1076,285,68
2411,307,510,Shia001831Vols,572,264,862,139,29
2411,307,446,Shamela0004289,1355,115,407,91,39
2411,307,446,Shamela0021660,5534,90,386,91,39
2411,68,597,Shamela0021660,5540,1142,1591,358,83
2411,597,1628,Shamela0021660,5541,1,1027,835,99
2411,307,446,Sham19Y0122406,4037,733,1029,91,39
2411,307,446,Sham19Y0020638,1285,188,481,91,39
2411,1,371,Sham19Y0013252,4815,306,1051,258,41
2412,86,1613,ShamAY0034441,290,1,1322,874,66
2412,1,1097,Shamela0005756,8446,680,1556,597,67
2412,1097,1613,Shamela0005756,8447,1,418,299,72
2412,1,598,Shamela0021660,5541,1027,1621,480,99
2412,598,1613,Shamela0021660,5542,1,1016,827,99
2412,112,1172,Sham19Y0018103,1862,948,1499,295,33
2412,663,833,Masaha001946Vols,398,427,571,103,78
2412,98,417,Shamela0011036,2054,110,366,203,77
2412,1181,1349,Shamela0011036,2057,746,913,115,83
2412,663,833,Shamela0011036,2058,177,348,132,99
2413,1,344,ShamAY0034441,290,1322,1637,234,83
2413,351,1732,ShamAY0034441,291,1,1495,967,72
2413,1,1552,Shamela0005756,8447,418,1492,705,55
2413,1,642,Shamela0021660,5542,1016,1656,527,99
2413,642,1738,Shamela0021660,5543,1,1096,906,99
2413,829,994,Masaha001946Vols,396,283,449,112,77
2413,25,442,Shamela0011036,2061,336,1139,292,45
2413,733,1042,Shamela0011036,2070,900,1456,220,47
2413,1138,1515,Shamela0011036,2071,1011,1457,214,53
2414,1,337,ShamAY0034441,291,1495,1791,210,73
2414,481,785,JK007054,194,1076,1410,167,52
2414,623,785,Shia001317,14,20,182,130,99
2414,105,463,Shamela0005756,8448,1,281,180,60
2414,1,453,Shamela0021660,5543,1096,1597,354,85
2414,424,764,Sham19Y0013631,2353,228,573,150,44
2414,623,785,Shia003732Vols,4692,70,219,121,91
2414,871,975,Sham19Y0020638,1859,362,468,77,91
2415,554,712,Shamela0004445,2084,13,158,112,88
2415,1280,1477,Shia001432Vols,35953,6,217,153,91
2415,1212,1472,Shia001432Vols,36042,504,750,165,76
2415,1204,1477,Shamela0000767,4654,1053,1315,192,85
2415,1204,1477,Sham19Y0148486,5621,508,784,209,95
2415,1212,1472,JK009390,6417,399,660,165,73
2415,1204,1477,Shia001353,291,141,419,214,97
2415,1204,1477,Shia001353,292,440,702,204,94
2415,1204,1455,Shia001416,96,220,461,189,95
2415,712,1230,Shia001416,98,956,1271,221,51
2415,1212,1472,Shamela0021809,576,992,1330,190,67
2415,1212,1472,Shamela0025794,4429,969,1288,192,72
2415,1204,1477,JK007128,211,1100,1361,196,89
2415,535,1300,Shamela0001727,1538,1066,1489,205,29
2415,1300,1477,Shamela0001727,1539,5,182,138,97
2415,1212,1472,Shia004050,427,296,530,156,73
2415,1212,1477,JK000786,4100,199,484,186,77
2415,535,743,Sham19Y0013572,363,679,970,152,63
2415,1204,1477,Sham19Y0013572,366,698,973,204,89
2415,1212,1477,Sham19Y0127677,18986,920,1205,186,77
2415,1204,1472,Shamela0011385,664,735,996,206,96
2415,535,1477,Shia001831Vols,573,708,1341,343,38
2415,535,712,Shamela0004289,1385,151,388,143,74
2415,1204,1477,Sham19Y0020587,364,503,803,211,88
2415,121,663,Sham19Y0122406,4043,281,855,181,27
2415,1204,1477,Sham19Y0122406,4044,244,521,213,96
2415,1204,1472,Shia002265Vols,4593,964,1226,172,76
2415,535,712,Shamela0006590,447,891,1060,131,89
2415,1204,1477,Shamela0008473,2290,437,714,213,96
2415,1212,1472,Shamela0001438,6494,819,1066,166,77
2415,1204,1370,Kraken230110004547,662,1231,1399,127,95
2415,535,1408,Shamela0036446,1093,1130,1553,281,39
2415,1212,1472,Zaydiyya0000080,389,415,735,192,71
2415,535,712,Shamela0025800,3374,1136,1351,125,71
2415,1235,1477,Shamela0025800,3375,1,247,187,95
2415,1204,1477,Zaydiyya0000338,12,907,1168,203,93
2415,535,712,ShamAY0034005,898,284,528,136,68
2415,1204,1472,ShamAY0034005,1409,1000,1272,208,95
2415,535,1477,Sham19Y0020638,1293,213,1241,339,27
2415,564,1477,Masaha001864Vols,3435,1,479,318,41
2415,1280,1472,Shamela0003722,1140,778,1173,122,38
2415,535,712,Sham19Y0146127,2880,1170,1432,139,65
2415,1204,1477,Sham19Y0146127,3075,531,800,208,95
2415,535,1342,Sham19Y0017616,493,1031,1473,237,33
2415,1342,1477,Sham19Y0017616,494,1,137,106,97
2415,535,712,JK007065,152,1045,1263,137,78
2415,1204,1477,JK007065,153,756,1028,207,93
2415,740,1034,Sham19Y0014119,1568,312,576,211,88
2415,1212,1472,Shia003636Vols,7468,968,1219,192,90
2415,535,1199,Sham19Y0017063,1564,267,1200,374,42
2415,1212,1477,Sham19Y0148271,492,570,830,192,87
2415,535,743,Shamela0008658,3143,448,654,134,72
2416,131,492,Shamela0008176,7918,541,851,66,14
2416,73,520,Sham19Y0013614,822,153,551,106,19
2416,131,520,JK007128,622,883,1221,110,26
2416,131,520,Shamela0001727,1539,466,817,91,18
2416,1072,1409,Shamela0001727,1540,919,1424,148,29
2416,150,517,JK006838,851,283,553,68,15
2416,131,517,Sham19Y0127677,9591,387,707,83,17
2416,131,442,Sham19Y0127677,12632,957,1306,217,68
2416,73,501,Shamela0035100,1337,706,1122,91,17
2416,21,607,Shia001831Vols,574,45,768,228,28
2416,619,865,Shia001831Vols,575,8,470,102,26
2416,1072,1358,Shia001831Vols,575,1070,1437,137,36
2416,131,612,JK000201,4448,15,418,129,23
2416,131,517,Shamela0010906,393,813,1144,83,17
2416,131,520,Sham19Y0122406,4044,805,1156,91,18
2416,73,517,Shamela0006590,388,601,1085,104,17
2416,131,492,Sham19Y0145212,3848,1031,1341,66,14
2416,131,517,Shamela0008473,4402,364,700,83,17
2416,131,520,Rafed0003571Vols,1296,169,512,90,18
2416,116,492,ShamAY0033945,2183,515,854,79,16
2416,131,492,Shamela0009107,155,153,494,79,16
2416,116,520,Shamela0025800,3476,770,1130,94,19
2416,46,520,Sham19Y0017791,2056,748,1225,106,16
2416,73,492,Sham19Y0017791,2169,625,1004,95,18
2416,131,517,ShamAY0034005,1020,254,593,86,18
2416,131,520,Sham19Y0020638,1294,24,373,91,18
2416,350,658,Sham19Y0020638,1860,330,534,91,33
2416,116,520,Sham19Y0016976,1868,1096,1467,96,18
2416,46,520,Sham19Y0017616,493,346,780,127,22
2416,1,126,Sham19Y0017616,648,93,225,101,94
2416,131,520,JK007065,665,838,1187,89,18
2416,116,520,Sham19Y0014119,652,28,403,96,18
2416,78,492,Sham19Y0014119,691,1003,1380,91,18
2416,330,607,Sham19Y0014119,1568,726,918,153,68
2416,126,607,Sham19Y0017063,1565,182,567,287,70
2416,131,607,Sham19Y0017063,1644,488,1161,226,33
2416,131,520,Sham19Y0148271,385,1,349,89,18
2416,131,520,Shamela0010803,49,53,402,91,18
2416,131,520,Sham19Y0150962,1682,1000,1341,83,16
2416,78,492,Shamela0008360,971,75,469,87,17
2417,952,1388,JK006874,17,1074,1497,180,40
2417,931,1388,Shamela0008353,212,122,580,250,62
2417,1399,1577,Sham19Y0131521,6259,1340,1511,132,87
2417,1067,1388,Shamela0009270,347,1,437,194,54
2417,952,1388,Shamela0001727,1542,404,1069,276,50
2417,1062,1318,JK000717,6,70,318,157,72
2417,931,1388,JK000098,409,541,1071,268,58
2417,1406,1595,Shia002702Vols,9579,1,189,152,97
2417,952,1312,Sham19Y0013572,542,40,688,243,46
2417,971,1202,Shamela0005756,15312,129,398,128,46
2417,952,1388,Shamela0010784,11,910,1415,255,58
2417,166,1121,Shia001831Vols,577,382,1298,529,56
2417,1083,1388,Shia001831Vols,578,1,358,181,60
2417,407,848,JK000201,3943,1177,1566,252,66
2417,23,402,JK000201,3944,859,1233,301,95
2417,1062,1373,Shamela0004289,131,135,511,184,58
2417,1062,1312,Shamela0010906,3728,14,251,155,74
2417,412,1312,Shamela0023628,3026,851,1412,233,27
2417,901,1166,Sham19Y0122406,4050,38,689,97,15
2417,952,1334,JK000101,49,176,627,200,54
2417,1062,1322,Shamela0008473,4145,1128,1388,163,71
2417,952,1312,Sham19Y0132524,3129,24,340,187,63
2417,971,1247,JK000381,1839,125,499,180,56
2417,402,1388,JK000381,2344,682,1468,253,25
2417,971,1312,Shamela0036446,976,398,806,217,60
2417,931,1312,Shamela0025800,401,206,916,255,44
2417,1062,1334,ShamAY0037747,44,117,398,164,68
2417,952,1388,Sham19Y0020638,1296,368,965,265,52
2417,952,1388,ShamAY0034371,755,470,972,255,58
2417,412,771,Masaha001864Vols,4031,780,1235,114,23
2417,1062,1388,JK000475,1584,30,447,181,51
2417,407,1202,Shamela0021766,3884,130,903,232,24
2417,23,371,Sham19Y0013252,105,1259,1526,160,48
2417,407,952,Sham19Y0013252,7202,259,727,228,45
2417,971,1388,Sham19Y0013252,9535,610,1028,224,61
2417,19,956,Shamela0011036,2280,426,1203,494,56
2417,1062,1388,ShamAY0033974,58,986,1387,160,45
2417,1062,1388,Shamela0001395,34,717,1223,215,52
2417,1062,1350,JK007065,495,760,1056,174,67
2417,86,971,Sham19Y0017063,1409,1,677,483,64
2417,1102,1312,ShamAY0033760,182,1,194,123,70
2418,60,226,Sham19Y0131521,6260,485,651,134,100
2418,501,760,Shia002702Vols,9578,994,1252,214,99
2418,1,226,Shia002702Vols,9579,189,418,178,96
2418,978,1289,Shia001831Vols,577,1096,1403,234,91
2418,769,965,Shia001831Vols,578,140,571,97,26
2418,347,1315,Sham19Y0122406,4052,1,1539,638,48
2418,507,965,Sham19Y0013631,1688,703,1057,269,69
2419,967,1096,Shamela0004445,7244,1202,1327,97,91
2419,978,1096,Shamela0007891,2596,382,501,93,96
2419,967,1096,Shamela0002864,193,456,580,100,94
2419,978,1096,Shamela0010273,2808,451,571,90,93
2419,973,1096,Sham19Y0148486,20,107,232,97,96
2419,967,1096,Shamela0006610,1090,92,217,97,91
2419,978,1096,Tafsir03037,2540,833,953,90,93
2419,579,767,Shamela0008176,6888,987,1401,127,38
2419,978,1096,Sham19Y0127656,762,958,1077,93,96
2419,641,1096,Sham19Y0013614,752,1,475,145,28
2419,978,1096,JK000110,1706,1037,1156,93,96
2419,978,1096,Sham19Y0016684,1937,456,575,93,96
2419,523,671,Shamela0001727,1543,301,573,114,52
2419,579,1050,JK000098,69,312,529,106,23
2419,978,1096,Shamela0005756,14228,1082,1201,93,96
2419,530,1096,Shia001831Vols,578,571,1296,312,45
2419,1181,1599,Shia001831Vols,579,455,723,171,49
2419,1,613,Shamela0000140,2175,802,1291,302,56
2419,579,1096,Shamela0004289,1075,926,1331,175,31
2419,967,1124,Shamela0023628,2107,1356,1585,120,62
2419,1124,1599,Shamela0023628,2108,1,402,288,70
2419,1,671,Sham19Y0122406,4053,1063,1469,214,33
2419,629,1096,Sham19Y0145212,3341,1197,1417,133,35
2419,978,1096,Shamela0037837,834,50,168,91,94
2419,978,1096,Sham19Y0016946,702,84,203,96,99
2419,978,1096,JK000101,47,75,194,92,95
2419,978,1096,Sham19Y0018106,3854,1046,1165,93,96
2419,973,1096,JK000381,1183,1079,1204,97,96
2419,1209,1599,Sham19Y0013631,519,589,764,132,39
2419,978,1096,Sham19Y0018103,3807,1,120,93,96
2419,982,1599,Shamela0007635,14,653,992,197,39
2419,967,1096,Shamela0025800,2980,867,992,94,89
2419,978,1096,Shamela0096283,417,842,961,93,96
2419,978,1096,Shamela0010657,1244,458,578,93,95
2419,978,1096,ShamAY0037747,41,1407,1527,93,95
2419,978,1100,ShamAY0037747,566,1093,1226,94,87
2419,973,1096,Shamela0018381,57,840,965,97,96
2419,700,1169,Sham19Y0020638,1861,192,471,115,27
2419,967,1096,Shamela0009242,3810,898,1023,97,91
2419,579,1100,Shamela0000041,1386,130,602,176,30
2419,978,1096,JK007065,687,856,976,96,98
2419,978,1096,Sham19Y0018176,2307,274,393,93,96
2419,613,1599,Sham19Y0122257,3095,539,1454,285,26
2419,530,955,Sham19Y0014119,1501,762,972,113,29
2419,579,1430,Sham19Y0017063,1410,709,1505,427,53
2419,978,1096,Sham19Y0148271,712,42,162,96,98
2419,997,1599,Sham19Y0150962,1602,1140,1466,218,42
2419,579,1096,Shamela0008360,824,26,296,181,43
2419,967,1096,Sham19Y0022884,226,1177,1302,97,91
2419,978,1096,Sham19Y0013605,4536,1275,1394,93,96
2420,27,589,Sham19Y0017124,95,84,425,128,24
2420,45,977,Shamela0008176,6891,904,1510,407,49
2420,963,1225,Shamela0001727,1544,56,380,167,58
2420,143,909,Shamela0005756,14231,658,1564,409,46
2420,452,895,Shamela0010664,216,79,460,259,67
2420,1079,1225,Sham19Y0013231,7140,1372,1514,81,71
2420,27,666,Shia003923Vols,91,911,1284,204,38
2420,27,660,Sham19Y0013253,873,566,1019,188,32
2420,757,947,Shia001831Vols,579,253,425,137,88
2420,963,1225,Shia001831Vols,579,1042,1423,200,66
2420,786,1225,Sham19Y0122406,4056,1,434,194,43
2420,34,832,Sham19Y0145212,3343,280,1140,310,35
2420,27,525,Sham19Y0132973,585,943,1510,147,22
2420,1172,1441,Sham19Y0018106,3047,845,1390,81,16
2420,143,628,Sham19Y0018103,3807,1104,1475,251,59
2420,27,660,Shamela0001687,7286,430,841,205,37
2420,963,1225,Sham19Y0020638,1298,592,818,132,65
2420,7,457,Shamela0009242,3812,1057,1428,243,61
2420,107,947,Shamela0009242,3813,500,1170,410,53
2420,103,941,Sham19Y0122257,3097,1162,1612,351,50
2420,176,941,Sham19Y0013605,4538,8,596,381,59
2421,1,291,Shamela0001727,1544,422,644,98,40
2421,1,291,Shia002356Vols,1704,706,928,99,36
2421,1,291,Shamela0021626,29,763,985,98,40
2421,255,1003,Sham19Y0122406,4057,804,1428,323,47
2421,10,291,Sham19Y0132524,3102,1,214,91,38
2421,1,291,Sham19Y0020638,1298,860,1082,98,40
2421,917,1304,Sham19Y0013252,7081,560,857,198,60
2421,1,291,Sham19Y0017616,546,362,584,98,40
2422,377,764,Sham19Y0014309,495,277,591,207,60
2422,1381,1601,Shia001831Vols,584,116,253,113,62
2422,520,764,JK000201,3957,963,1340,194,63
2423,11,209,Shamela0026568,563,1178,1373,131,78
2423,1059,1451,Shia001831Vols,584,975,1405,269,75
2423,1033,1165,Shamela0004289,868,213,348,87,83
2423,1,114,Shamela0023628,3306,1440,1552,88,98
2423,119,786,Shamela0023628,3307,5,722,500,81
2423,11,209,Shamela0023685,654,1104,1300,131,76
2423,447,1165,Sham19Y0122406,4065,6,735,261,31
2423,1377,1566,Sham19Y0122406,4066,62,387,141,52
2423,1,775,Sham19Y0145212,3566,377,941,227,30
2423,33,825,Sham19Y0018103,2497,391,949,315,48
2423,1059,1165,Shamela0025800,1700,585,691,81,97
2423,11,209,Shamela0010895,142,1037,1493,136,36
2423,223,786,Shamela0037458,4213,264,853,403,77
2423,43,292,Sham19Y0013605,3066,1291,1511,160,80
2423,440,775,Sham19Y0013605,3067,56,270,145,53
2424,15,204,Sham19Y0145435,4895,1243,1419,100,66
2424,11,204,Sham19Y0016584,4292,1049,1253,125,76
2424,20,198,ShamAY0032931,10,993,1189,114,70
2424,30,204,ShamAY0034073,1761,142,302,98,69
2424,11,204,Shamela0002386,11,425,650,145,81
2424,35,204,JK000110,837,355,513,95,69
2424,11,204,JK000110,1714,854,1058,125,76
2424,11,204,Shamela0025794,2193,970,1159,125,76
2424,11,204,Shamela0029677,1581,6,189,105,63
2424,11,204,Shamela0029677,2089,1314,1512,121,69
2424,35,204,Shamela0021715,5252,937,1095,95,69
2424,30,204,Shamela0001727,1550,1,198,130,83
2424,30,204,JK009179,24,315,508,124,82
2424,11,204,Shia001960,35,1025,1259,141,77
2424,30,204,Sham19Y0013572,761,808,969,121,88
2424,35,204,Shia002261Vols,92,928,1097,99,69
2424,35,204,Shamela0005756,9614,619,774,91,67
2424,11,204,Shamela0005756,14268,1206,1416,125,74
2424,35,204,Sham19Y0127677,551,566,730,99,69
2424,35,204,Sham19Y0127677,15444,1011,1169,91,66
2424,11,204,Shamela0029772,5,1127,1322,120,74
2424,15,204,Shamela0000894,433,285,455,100,66
2424,11,204,Kraken230106005528,1029,791,1039,122,62
2424,11,204,Sham19Y0013231,8075,1114,1294,109,67
2424,6,204,Sham19Y0013253,874,677,891,144,83
2424,11,204,Shia001831Vols,585,32,252,145,83
2424,11,204,Shamela0004289,1123,1081,1286,139,82
2424,11,214,Shamela0023628,1010,1245,1486,143,74
2424,11,204,ShamAY0034068,2994,888,1104,126,72
2424,35,204,Shamela0001975,292,266,435,99,69
2424,35,204,Shia002265Vols,39,423,592,99,69
2424,35,204,Shamela0037837,837,251,429,103,69
2424,11,204,Shamela0019482,47,1263,1449,113,70
2424,11,204,Sham19Y0132973,763,733,953,140,81
2424,35,204,Shamela0001438,1370,694,852,95,69
2424,35,204,Sham19Y0018106,2332,268,426,95,69
2424,836,1176,Sham19Y0013631,1865,398,604,137,51
2424,15,204,Zaydiyya0000084,235,1251,1416,99,65
2424,35,204,Sham19Y0018103,2225,42,200,95,69
2424,11,204,Sham19Y0018103,3821,529,733,125,76
2424,30,204,JK001297,517,47,217,108,79
2424,11,179,Shamela0025800,2962,1252,1415,122,92
2424,15,204,Shamela0096283,259,1128,1304,100,66
2424,11,204,Shamela0023578,2712,661,858,128,82
2424,35,204,Shamela0021659,321,254,423,99,69
2424,11,214,ShamAY0034005,1561,752,989,132,70
2424,35,452,Sham19Y0018272,607,713,1440,278,48
2424,452,1011,Sham19Y0018272,608,1,549,427,94
2424,11,281,Sham19Y0020638,1303,144,524,180,61
2424,11,204,Shamela0021766,671,1025,1229,125,76
2424,35,204,Sham19Y0013252,5805,1130,1288,95,69
2424,35,204,Sham19Y0013252,5812,1042,1200,95,69
2424,11,204,Shamela0021765,2801,464,674,136,81
2424,11,204,JK000022,718,647,844,113,68
2424,11,204,Sham19Y0016976,1710,118,322,125,76
2424,11,204,Sham19Y0017616,496,690,910,145,83
2424,11,204,Rafed0000167,15,1009,1225,125,73
2424,11,214,Shamela0037458,979,85,331,143,72
2424,35,204,Sham19Y0018176,1223,236,394,95,69
2424,11,179,Sham19Y0018176,2317,1330,1508,113,78
2424,15,204,ShamAY0000028,236,933,1098,99,65
2424,35,204,Sham19Y0013605,2783,24,182,95,69
2424,11,179,Sham19Y0013605,4553,547,725,113,78
2425,188,363,Shamela0007891,2492,35,217,119,77
2425,451,963,JK007054,889,1,233,168,40
2425,188,611,Sham19Y0013769,2734,756,1231,258,67
2425,188,367,ShamAY0032927,3,381,574,121,74
2425,188,367,Shamela0000767,22,91,273,134,93
2425,188,367,Shamela0008176,6354,453,636,141,97
2425,188,367,Shia002616Vols,1768,602,785,137,93
2425,188,367,Shia002616Vols,2915,958,1141,138,93
2425,377,508,Shia002034Vols,691,911,1043,98,93
2425,1315,1452,Shamela0026731,209,40,173,107,97
2425,377,508,JK006874,14,677,802,98,93
2425,188,367,ShamAY0034182,809,74,256,134,93
2425,207,508,JK010001,1064,888,1278,225,71
2425,207,440,JK010001,3213,1248,1522,176,82
2425,188,367,Shamela0025794,2181,19,192,122,82
2425,188,367,Shamela0025794,2489,972,1158,124,78
2425,188,508,Tafsir07055,1131,1011,1439,239,69
2425,188,611,Tafsir07055,3340,767,1239,257,67
2425,188,367,Shamela0023591,1856,61,247,126,82
2425,188,367,Shamela0023591,2237,561,745,138,93
2425,111,508,Shamela0001727,1551,236,874,295,56
2425,188,363,JK009266,2670,182,358,124,84
2425,234,391,Shamela0000432,4689,1,160,109,84
2425,1315,1452,Shamela0012750,53,413,548,109,98
2425,1315,1572,JK000786,3070,763,1121,188,63
2425,1315,1572,JK000786,3656,532,925,191,59
2425,377,652,Sham19Y0013572,840,1153,1474,154,55
2425,1267,1452,Sham19Y0013572,1275,395,652,126,61
2425,377,622,Shamela0012014,122,973,1249,140,57
2425,377,508,Shamela0004473,17063,771,893,98,93
2425,188,367,Sham19Y0023590,2613,794,977,138,93
2425,188,367,Sham19Y0023590,3506,359,543,140,96
2425,1315,1531,Sham19Y0014309,103,128,611,152,38
2425,188,367,Sham19Y0014309,355,639,822,140,97
2425,207,367,Meshkat00042488,725,613,766,109,82
2425,188,367,Sham19Y0017903,46,315,498,140,97
2425,183,367,Sham19Y0013253,875,655,843,144,97
2425,188,367,Shamela0004289,48,163,347,138,95
2425,127,367,Shamela0023628,1857,1234,1483,150,69
2425,25,291,Sham19Y0122406,4068,1072,1420,166,51
2425,291,508,Sham19Y0122406,4069,1,325,159,61
2425,1315,1452,Shamela0026579,6,281,416,109,98
2425,188,367,Sham19Y0145212,3103,1053,1236,141,97
2425,188,513,Shamela0010463,779,582,919,243,90
2425,153,535,Sham19Y0132973,481,788,1184,253,77
2425,188,508,Sham19Y0132973,766,516,846,243,90
2425,188,367,Sham19Y0132524,292,1020,1203,137,93
2425,243,367,Shamela0030305,7,13,128,86,83
2425,188,367,Shamela0030305,34,1093,1286,121,74
2425,207,367,Kraken230110004547,40,91,257,126,96
2425,188,367,Shamela0036446,913,1204,1389,141,96
2425,380,535,JK001297,322,345,507,98,75
2425,1294,1494,Shamela0025800,122,977,1234,130,63
2425,188,367,Shamela0025800,300,458,641,140,97
2425,166,367,Sham19Y0017791,1675,823,1051,134,75
2425,188,367,Sham19Y0017729,48,153,336,138,93
2425,1315,1488,Shia003732Vols,5518,594,797,112,69
2425,188,508,Shamela0095735,958,578,904,242,91
2425,243,633,Sham19Y0018272,583,325,697,169,41
2425,188,367,Sham19Y0150960,1304,300,483,139,96
2425,1315,1572,Sham19Y0020638,1304,313,969,198,37
2425,259,508,Sham19Y0020638,1304,1,250,187,92
2425,188,367,Rafed0001792Vols,1385,473,660,139,94
2425,202,380,Sham19Y0016976,1523,26,203,127,89
2425,6,367,Sham19Y0017616,26,400,812,224,68
2425,1315,1572,Shamela0007767,14,676,1034,192,65
2425,188,367,Shamela0000041,611,630,816,124,78
2425,188,508,Shia002228,112,87,424,245,90
2425,377,1230,Shamela0001395,24,419,1204,527,67
2425,1315,1452,Shamela0029778,7,1281,1416,108,97
2425,188,367,JK007065,850,197,384,139,94
2425,188,367,Sham19Y0122257,2892,1025,1209,141,97
2425,176,367,Sham19Y0014119,535,740,978,138,74
2425,188,371,Sham19Y0017063,1284,613,800,141,96
2425,1324,1545,Rafed0003902Vols,464,206,403,123,59
2425,6,367,Rafed0003902Vols,1117,259,687,179,45
2425,188,367,Shamela0008360,757,115,298,141,97
2425,1324,1545,Sham19Y0016728,104,1312,1509,123,59
2426,1342,1599,Shamela0007891,127,401,659,186,83
2426,1342,1599,JK007054,704,763,1016,197,95
2426,56,504,JK007054,705,244,407,123,33
2426,504,999,JK007054,707,1302,1460,108,26
2426,1342,1599,Shamela0010447,14,558,837,187,79
2426,1342,1553,Sham19Y0016584,131,603,805,160,95
2426,1361,1553,Sham19Y0016584,133,609,965,143,49
2426,1113,1311,ShamAY0035955,572,1165,1380,153,87
2426,1342,1599,Shamela0026731,193,927,1227,189,75
2426,1342,1576,Shamela0012293,6415,177,472,129,55
2426,1342,1553,Sham19Y0127656,36,1103,1305,160,95
2426,1342,1557,JK000110,21,442,648,161,94
2426,1342,1553,Sham19Y0014592,1289,1008,1198,143,81
2426,1342,1553,Shamela0021715,328,1046,1248,160,95
2426,1342,1553,Sham19Y0016684,121,613,815,160,95
2426,1342,1553,Sham19Y0016684,122,156,356,149,86
2426,1311,1434,Shamela0001727,1552,1184,1471,96,42
2426,1434,1599,Shamela0001727,1553,1,162,124,92
2426,1361,1557,Masaha004698,115,280,455,136,86
2426,1356,1553,Shia002657,44,807,990,142,91
2426,1402,1553,Sham19Y0013572,567,1,134,104,86
2426,1342,1553,Shamela0005756,751,19,221,160,95
2426,1342,1553,Shamela0005756,756,1214,1414,149,86
2426,1311,1553,Sham19Y0127677,19412,701,1009,184,73
2426,1392,1599,Shamela0004473,14054,1,200,158,96
2426,1342,1553,Shamela0004473,15357,186,388,160,95
2426,1342,1567,Shamela0008381,518,1176,1385,150,84
2426,1342,1599,Sham19Y0017903,56,1169,1423,196,94
2426,1293,1553,Shia001395Vols,74,1108,1280,129,62
2426,1342,1599,Shia001831Vols,587,50,303,197,95
2426,1361,1599,ShamAY0033181,5,924,1163,171,82
2426,1342,1599,Sham19Y0096918,248,1022,1275,175,84
2426,1342,1553,Sham19Y0132963,282,1048,1250,160,95
2426,1342,1553,Sham19Y0132963,287,348,548,149,86
2426,1342,1557,Shamela0004289,202,1151,1352,154,91
2426,1342,1599,Shamela0004289,897,1015,1267,196,95
2426,1361,1553,Shamela0023628,2085,1149,1349,150,94
2426,1423,1553,Shamela0021660,408,154,299,87,65
2426,1311,1599,Sham19Y0122406,4071,986,1434,220,60
2426,1342,1557,JK009324,75,301,517,153,83
2426,1342,1557,Sham19Y0127713,1695,1206,1411,141,75
2426,1342,1599,Sham19Y0001734,117,400,644,192,94
2426,1342,1553,Sham19Y0018106,145,711,913,160,95
2426,1342,1553,Sham19Y0018106,147,39,248,157,90
2426,1342,1585,Shamela0010283,2152,1134,1389,173,83
2426,1342,1553,Sham19Y0018103,199,587,789,160,95
2426,1342,1553,Sham19Y0018103,200,1011,1211,149,86
2426,1342,1553,Shamela0025800,1759,633,835,159,95
2426,1342,1553,Shamela0096283,16,1061,1263,160,95
2426,1342,1553,ShamAY0034005,32,1193,1395,156,90
2426,1139,1326,Sham19Y0018272,1964,947,1137,135,85
2426,1315,1553,Shia002294Vols,751,961,1245,149,61
2426,1342,1599,Sham19Y0020638,1304,1170,1424,196,94
2426,1342,1553,Shamela0009823,419,586,786,149,86
2426,1342,1553,JK000475,2390,1071,1270,144,81
2426,1342,1585,Shamela0008634,652,40,293,166,78
2426,1342,1557,Shamela0021766,2336,666,873,152,83
2426,1342,1553,Shamela0013087,249,876,1078,158,94
2426,1342,1553,Shia001174Vols,3137,165,372,157,91
2426,1342,1553,Tafsir02100,83,823,1023,145,81
2426,1342,1599,Shamela0000041,1374,747,1005,186,83
2426,1342,1553,JK007065,522,1047,1249,160,95
2426,1342,1553,Sham19Y0018176,83,1063,1265,160,95
2426,1342,1557,Sham19Y0018176,85,21,234,158,90
2426,11,1065,Sham19Y0017063,341,21,534,286,29
2426,1122,1311,Sham19Y0017063,1785,510,698,147,97
2426,1364,1599,JK011499,5,860,1082,149,69
2427,570,1129,Shamela0005756,754,894,1470,392,76
2427,150,638,Sham19Y0122406,4072,50,263,131,31
2427,463,928,Shamela0009823,421,1178,1555,233,61
2427,233,1129,Sham19Y0013252,631,183,1147,429,42
2427,529,1135,Shia001174Vols,3137,365,827,254,49
2427,570,1129,Sham19Y0150962,1400,293,857,377,73
2427,529,1112,Sham19Y0013605,299,946,1568,452,87
2428,925,1245,Shamela0001727,1554,64,465,137,31
2428,255,855,Shamela0004473,14076,1,488,258,45
2428,229,1245,Shia001831Vols,588,140,638,259,27
2428,855,1010,Sham19Y0122406,4075,304,586,121,53
2428,214,848,Sham19Y0013631,1996,899,1334,296,55
2428,925,1245,Sham19Y0020638,1306,720,950,143,48
2428,1245,1508,Sham19Y0020638,1863,552,697,90,43
2428,516,947,Sham19Y0013252,7054,6,317,157,45
2428,1251,1518,Sham19Y0017063,56,208,365,117,54
2429,1,721,Shia001432Vols,21619,631,962,216,35
2429,1011,1137,Shamela0025794,1872,259,392,91,87
2429,726,1137,Shamela0001727,1555,131,811,172,25
2429,515,721,Shamela0000432,4306,934,1108,108,62
2429,995,1226,Shamela0005756,13301,411,885,130,32
2429,1,721,Shamela0010664,392,222,564,230,37
2429,1,124,Sham19Y0127677,10231,1181,1496,98,38
2429,124,381,Sham19Y0127677,10232,1,258,209,100
2429,1011,1137,Shamela0009323,33,245,367,91,92
2429,1,721,Shamela0006947,13229,42,584,274,37
2429,1,615,Sham19Y0013231,6082,945,1378,280,51
2429,1011,1137,Shia001831Vols,589,442,576,99,94
2429,1,721,Shamela0023628,1484,266,872,396,60
2429,965,1451,Shamela0023628,2165,1189,1601,204,47
2429,762,886,Shamela0009702,642,280,463,87,56
2429,541,1137,Sham19Y0122406,4077,468,908,199,32
2429,31,242,Sham19Y0037618,7506,1032,1255,134,67
2429,958,1286,ShamAY0035990,524,1167,1332,79,25
2429,1011,1147,Masaha001864Vols,575,78,222,107,94
2429,958,1562,Masaha001864Vols,4056,1148,1560,310,63
2429,37,726,Masaha001864Vols,4312,325,621,236,42
2429,958,1396,Kraken22021606121901,55,1313,1544,174,49
2429,1396,1562,Kraken22021606121901,56,1,166,134,98
2429,1367,1562,Shamela0011036,2256,829,1035,144,83
2429,1025,1137,Sham19Y0133377,122,116,233,87,94
2429,49,721,ShamAY0035249,125,568,1232,511,91
2429,7,328,Shamela0010517,2002,1154,1542,259,82
2429,328,721,Shamela0010517,2003,1,375,305,94
2430,434,800,ShamIbadiyya0000438,997,1016,1415,184,49
2430,1038,1205,Shamela0001727,1557,355,600,127,64
2430,434,800,Shamela0026568,1376,174,578,183,46
2430,434,800,Shamela0001673,9722,419,1090,187,33
2430,434,794,Shia001831Vols,590,841,1088,186,63
2430,8,794,Shamela0000140,269,338,963,428,62
2430,1,805,Shamela0023628,2166,115,953,592,81
2430,434,800,Shamela0023685,1546,654,1058,183,46
2430,1038,1205,Sham19Y0122406,4080,278,523,127,64
2430,434,734,Sham19Y0018272,1304,792,1054,138,50
2430,1085,1209,Sham19Y0020638,1308,561,684,93,92
2430,434,734,Sham19Y0013223,2721,1276,1537,139,50
2430,1242,1647,Masaha001864Vols,4042,10,415,334,99
2430,51,805,Masaha001864Vols,4057,1,765,613,97
2430,1038,1651,Masaha001864Vols,5563,10,434,323,61
2430,1,805,Kraken22021606121901,56,166,1002,649,94
2430,434,794,Shamela0021654,486,554,1004,203,48
2430,1,474,Shamela0011036,2256,1035,1573,259,52
2430,474,1031,Shamela0011036,2257,1,552,274,46
2430,594,794,Sham19Y0133377,44,577,787,116,62
2431,599,1306,Shamela0008176,6356,954,1455,351,57
2431,1,638,Shamela0001727,1558,610,899,151,25
2431,1446,1559,Sham19Y0013572,1024,550,768,84,49
2431,14,1551,Shia001831Vols,592,1,1067,542,37
2431,709,903,JK000201,3272,1370,1609,154,78
2431,903,1386,JK000201,3273,1,485,401,99
2431,1,493,Sham19Y0122406,4083,225,704,223,43
2431,888,1201,Shia002265Vols,5718,456,710,197,75
2431,1446,1551,Sham19Y0132524,2965,816,921,82,100
2431,580,860,ShamAY0033531,3455,1252,1555,144,50
2431,580,860,ShamAY0033531,4638,665,968,144,50
2431,580,828,Shamela0007597,76,1255,1530,133,50
2431,1,638,Sham19Y0020638,1309,1,351,137,20
2431,127,478,Sham19Y0023625,2330,675,1138,231,58
2431,1446,1559,JK007065,962,650,1175,84,20
2431,771,1306,Sham19Y0122257,2894,499,936,328,71
2432,1042,1179,Shamela0004445,7218,1020,1161,111,97
2432,1042,1179,Shia002616Vols,4828,1244,1385,110,96
2432,1042,1179,Sham19Y0127656,397,312,453,108,95
2432,1042,1179,Sham19Y0014592,1189,998,1139,110,96
2432,1061,1179,JK011496,38,1145,1272,93,89
2432,1042,1179,Shamela0012014,405,279,420,108,95
2432,1042,1179,Sham19Y0127677,6284,1058,1199,110,96
2432,1042,1179,Tafsir09084,566,909,1045,108,97
2432,1042,1179,Sham19Y0017903,963,492,633,110,96
2432,833,1051,Shia001831Vols,593,1302,1506,150,82
2432,1042,1300,Shia001831Vols,594,182,592,152,40
2432,1042,1289,JK000083,64,736,1014,132,57
2432,1042,1179,ShamAY0034123,763,84,221,108,97
2432,1042,1179,Sham19Y0122406,4085,883,1024,110,96
2432,1042,1179,Shamela0008473,1291,519,660,110,96
2432,1042,1179,Shamela0008473,4664,602,743,108,95
2432,1042,1179,Sham19Y0149697,4838,407,552,108,92
2432,1046,1179,Shamela0023578,2700,1015,1154,103,92
2432,1042,1179,Sham19Y0020638,1310,1286,1427,110,96
2432,770,1042,Shamela0011036,2285,1229,1528,203,82
2432,1042,1179,Sham19Y0017616,497,1168,1309,110,96
2432,1042,1275,Shamela0012740,5,944,1345,137,41
2432,787,1037,ShamAY0000055,375,347,595,189,86
2432,1042,1179,JK007065,692,116,257,108,95
2432,793,1061,Sham19Y0017063,1447,292,548,193,83
2432,1042,1179,JK000030,254,95,236,109,95
2432,1042,1179,Rafed0003902Vols,1229,363,500,110,99
2432,1042,1179,ShamAY0033760,525,1279,1420,107,94
2432,787,1046,Shamela0000791,767,870,1148,204,89
2433,938,1087,Shamela0011818,485,437,619,114,77
2433,938,1087,ShamAY0035035,10055,1076,1257,111,76
2433,193,452,Shamela0008176,7027,67,623,157,32
2433,1,174,Shamela0008176,7034,1432,1584,123,86
2433,938,1171,Shamela0025794,1346,1099,1378,134,60
2433,938,1087,Shamela0001727,1561,1099,1281,114,77
2433,938,1087,Shamela0001453,90,826,1008,114,77
2433,947,1156,Sham19Y0013572,1109,1,279,120,52
2433,938,1087,Shamela0000483,53,117,300,115,77
2433,938,1070,Tafsir09084,2362,1385,1513,101,96
2433,1,741,Shia001831Vols,594,451,1272,335,38
2433,241,933,Shamela0000140,2223,1,1089,479,51
2433,938,1087,JK000083,100,671,853,114,77
2433,1,870,Sham19Y0122406,4086,136,1577,504,39
2433,938,1087,Sham19Y0122406,4087,364,546,115,78
2433,938,1087,Sham19Y0132973,568,657,833,111,75
2433,938,1087,Shamela0008473,4591,480,662,114,77
2433,938,1049,Shamela0005737,48,882,1000,74,79
2433,212,747,Sham19Y0017791,1885,226,752,161,25
2433,938,1094,Shamela0095735,1012,1051,1244,113,72
2433,938,1070,Shamela0009292,114,1339,1468,101,96
2433,938,1087,ShamAY0034005,1553,739,926,114,77
2433,938,1087,Shamela0011036,2287,1045,1227,115,78
2433,938,1156,Sham19Y0017616,496,1058,1292,134,66
2433,938,1087,Shamela0012740,28,961,1139,111,74
2433,938,1156,JK007065,992,472,769,129,55
2433,1,188,Sham19Y0122257,3163,1123,1290,133,87
2433,178,1073,Sham19Y0017063,1446,365,1530,647,66
2434,845,1165,Sham19Y0131521,6268,111,436,232,81
2434,279,632,Shamela0010527,398,704,1120,127,30
2434,1,558,Sham19Y0122406,4088,688,1350,136,17
2434,333,567,Sham19Y0122406,4090,117,518,153,46
2434,940,1335,ShamAY0033531,3455,1,254,199,60
2434,864,1335,ShamAY0033531,4637,898,1293,261,58
2434,897,1335,Sham19Y0018272,716,32,390,275,76
2434,871,1081,Sham19Y0013223,2962,1363,1549,137,79
2434,30,137,Shamela0011036,2288,1,111,85,97
2434,788,1386,Sham19Y0122257,3161,1173,1547,146,28
2434,192,1070,Sham19Y0017063,1447,806,1632,405,44
2434,1070,1559,Sham19Y0017063,1448,1,387,200,44
2434,510,1224,JK000030,255,317,533,128,21
2434,304,649,Shamela0000791,768,17,374,272,94
2435,484,1553,Masaha004129,32,213,1245,822,92
2435,489,1680,Shia002702Vols,4989,94,1501,612,44
2435,489,1343,Shia001831Vols,597,1048,1397,161,22
2435,554,819,Shamela0036543,2518,152,356,160,73
2435,129,484,Shamela0000140,2219,286,632,186,49
2435,529,771,Shamela0023628,3167,1,276,164,67
2435,6,554,Sham19Y0132524,2974,1120,1442,145,32
2435,1,554,Sham19Y0017616,499,462,1018,141,20
2435,879,1542,ShamAY0037021,473,201,634,225,36
2435,489,1151,Sham19Y0122257,3166,91,722,301,41
2435,489,1680,Sham19Y0017063,1449,667,1219,231,21
2436,223,396,Shamela0008176,7036,1138,1558,113,31
2436,1,218,Shamela0008176,7040,67,272,159,88
2436,1378,1505,Shia002616Vols,7012,1320,1447,101,100
2436,29,218,Zaydiyya0000266,14,1194,1338,98,58
2436,223,550,Shamela0010664,866,109,444,253,90
2436,242,561,Sham19Y0127677,15356,477,942,259,68
2436,566,1059,Sham19Y0013253,878,264,863,307,63
2436,1282,1542,Shia001831Vols,598,733,1254,155,33
2436,223,597,Shia001831Vols,598,287,604,177,52
2436,1,659,Sham19Y0122406,4092,622,1018,225,38
2436,415,1351,Sham19Y0122406,4093,29,954,426,45
2436,242,550,Sham19Y0018272,2282,263,590,243,90
2436,1,218,Sham19Y0122257,3166,1203,1402,158,90
2437,61,210,ShamAY0038455,123,1327,1483,115,87
2437,61,210,JK000021,2481,691,845,116,88
2437,61,210,Shamela0010632,48,873,1031,121,93
2437,61,210,Shamela0002864,1266,993,1150,116,87
2437,61,210,Shamela0008176,5785,344,493,122,100
2437,61,210,Shia002616Vols,1868,671,824,122,97
2437,61,210,Shamela0005610,3,1288,1446,121,93
2437,61,210,Shamela0009200,193,141,298,117,87
2437,61,210,Shamela0025794,1507,1123,1280,121,94
2437,61,210,Sham19Y0014592,233,1267,1416,120,98
2437,61,210,Sham19Y0014592,1124,310,463,121,96
2437,61,210,Shamela0009270,300,866,1021,115,87
2437,61,546,Shamela0001727,1565,140,537,192,42
2437,61,210,Shamela0012750,136,603,759,116,87
2437,61,210,Shia002261Vols,193,747,896,122,100
2437,61,210,Sham19Y0127677,1378,658,807,121,99
2437,61,210,Sham19Y0127677,20273,494,652,120,92
2437,32,210,Shamela0005922,2745,868,1051,129,84
2437,61,210,Shamela0008381,874,426,575,122,100
2437,61,210,JK000785,2503,931,1089,121,93
2437,61,210,Sham19Y0122096,1989,938,1087,122,100
2437,61,217,Sham19Y0122096,1990,387,835,124,33
2437,61,210,Shia001831Vols,598,808,962,121,96
2437,827,1315,Shia001831Vols,599,222,1026,253,36
2437,1324,1453,JK000201,3275,42,189,82,66
2437,486,746,JK000201,3280,991,1277,187,78
2437,61,210,Shia001878,18,932,1079,113,90
2437,61,210,Shamela0001975,487,1244,1393,122,100
2437,61,210,Sham19Y0122406,4093,992,1146,121,96
2437,61,546,Sham19Y0122406,4094,77,412,133,29
2437,61,210,Shia002265Vols,1805,801,955,121,96
2437,65,210,Sham19Y0145212,2856,1106,1251,119,100
2437,61,210,Shamela0022882,90,41,197,115,87
2437,61,210,JK000990,20,600,756,122,95
2437,61,210,Zaydiyya0000220,15,519,669,122,99
2437,61,210,Sham19Y0132973,578,241,397,122,95
2437,1277,1535,Sham19Y0037618,6797,149,285,77,33
2437,61,210,Shamela0001438,2116,945,1094,122,100
2437,61,217,JK001297,193,571,729,123,96
2437,61,263,Sham19Y0017791,1532,1135,1360,134,69
2437,61,210,Shamela0021659,626,378,527,122,100
2437,61,210,ShamAY0034005,1204,237,391,121,96
2437,479,890,ShamAY0034005,1557,61,589,94,15
2437,61,210,Shia002294Vols,369,1341,1490,122,100
2437,32,214,Sham19Y0018562,120,61,241,130,87
2437,61,276,ShamAY0034274,656,733,1002,142,65
2437,61,210,Shamela0021766,1028,1,149,121,99
2437,61,210,JK007116,94,695,851,122,95
2437,61,210,Shamela0011036,2107,699,855,122,95
2437,61,210,Shamela0011036,2108,22,181,122,93
2437,61,210,Sham19Y0016976,1433,464,613,122,100
2437,61,210,Sham19Y0017616,497,336,493,121,94
2437,61,210,ShamAY0033974,35,155,308,119,94
2437,61,210,Shamela0012740,27,458,614,122,95
2437,65,442,Sham19Y0023625,1934,510,919,215,51
2437,61,210,Sham19Y0014119,492,804,956,122,98
2437,61,210,Sham19Y0017063,1132,1149,1301,122,98
2437,61,210,Sham19Y0148271,1402,486,639,122,97
2437,32,210,Shamela0008360,688,175,351,130,89
2438,1255,1418,Sham19Y0017581,619,704,1101,72,20
2438,184,898,ShamAY0035035,7064,231,1059,478,62
2438,1274,1430,Shamela0001727,1567,554,1119,109,24
2438,1058,1424,JK000966,197,796,1219,94,23
2438,869,1321,Shamela0005756,11974,498,1156,124,20
2438,28,582,Shamela0005756,15370,1123,1416,135,27
2438,1083,1250,JK000201,3271,342,561,127,73
2438,1255,1643,Shamela0023628,3256,451,877,180,43
2438,1255,1643,ShamAY0034068,3392,617,1082,176,39
2438,1465,1643,JK000990,201,49,221,136,94
2438,618,898,Sham19Y0013631,175,1113,1277,128,55
2438,641,898,Sham19Y0013252,7255,252,458,161,75
2438,184,739,Shamela0011036,2189,1005,1604,434,87
2438,1274,1430,Shamela0022921,73,243,490,77,35
2438,1326,1643,Sham19Y0014119,1520,1260,1594,254,94
2438,526,1157,Sham19Y0014119,1521,276,468,97,18
2438,191,582,Sham19Y0017063,1468,1022,1334,224,67
2439,493,701,ShamAY0035035,7065,950,1321,116,37
2439,1013,1139,Shamela0008176,7119,832,959,100,94
2439,1018,1389,Shamela0005756,11974,1220,1605,268,80
2439,1,397,Shamela0005756,11975,233,574,206,57
2439,474,821,Sham19Y0013253,877,466,1087,158,30
2439,1,855,Shamela0023628,3256,877,1464,394,53
2439,860,1024,Shamela0023628,3257,24,186,89,66
2439,1,451,ShamAY0034068,3392,1082,1477,273,69
2439,1,149,JK000990,201,221,369,117,97
2439,112,694,Sham19Y0018103,3024,163,437,175,37
2439,1008,1414,Sham19Y0013252,7255,464,836,252,73
2439,324,701,Shamela0011036,2186,1337,1564,153,49
2439,860,1139,Sham19Y0122257,3200,846,1129,123,53
2439,112,690,Sham19Y0013605,3624,652,909,162,35
2440,684,980,Shamela0008176,6278,1380,1587,165,67
2440,980,1619,Shamela0008176,6279,1,357,150,25
2440,465,621,Shamela0008176,7095,446,704,93,44
2440,684,955,Shia002616Vols,7284,285,512,173,76
2440,64,250,Shamela0008353,683,308,523,94,56
2440,1338,1626,JK009266,8961,190,366,111,44
2440,1,250,Sham19Y0013253,879,821,1159,134,49
2440,716,1273,Shamela0000140,570,916,1309,140,26
2440,17,250,JK000201,3272,33,298,139,66
2440,661,1612,JK000201,3306,5,903,554,60
2440,1333,1626,ShamAY0034068,3837,1003,1236,123,41
2440,1,405,Sham19Y0122406,4101,198,574,169,41
2440,271,964,Sham19Y0122406,4103,65,588,157,21
2440,1,250,Sham19Y0013252,7102,1293,1518,162,75
2440,684,1273,Sham19Y0017616,648,1266,1474,167,34
2440,673,1626,Sham19Y0122257,2862,997,1408,321,40
2440,1,250,Sham19Y0017063,1439,410,791,165,50
2440,1194,1626,Sham19Y0013605,3669,279,507,161,46
2441,596,762,Shamela0001727,1570,805,1301,113,29
2441,596,1598,Shia001831Vols,602,1053,1495,256,31
2441,177,683,Sham19Y0122406,4104,956,1175,100,22
2441,323,720,Sham19Y0122406,4105,29,490,117,23
2441,104,291,Sham19Y0020638,1866,818,1060,84,37
2442,451,1471,Shamela0007891,1711,15,857,402,37
2442,451,1042,Shamela0008176,4494,92,907,268,35
2442,451,670,Sham19Y0013614,512,154,375,175,97
2442,451,1299,Shia000841Vols,2066,300,876,358,51
2442,451,666,Sham19Y0013572,1369,1099,1316,175,99
2442,605,1299,Shamela0012014,353,1,423,255,44
2442,470,666,Sham19Y0127677,1509,100,302,160,97
2442,451,733,Shamela0006947,21706,330,646,193,75
2442,183,326,MMS00013,1177,1084,1264,52,33
2442,470,1465,Sham19Y0122096,2439,520,1625,414,35
2442,1080,1635,Shamela0000140,2038,504,1258,285,42
2442,809,1353,Shamela0021660,3286,529,1102,241,43
2442,64,407,Sham19Y0122406,4105,454,791,245,87
2442,791,1329,Sham19Y0122406,4106,1017,1615,279,47
2442,470,666,Shia002265Vols,5480,93,293,159,97
2442,470,666,Shamela0001438,2391,1343,1545,160,97
2442,451,1299,Shamela0001687,7115,226,912,316,34
2442,451,1315,Shamela0025800,3480,44,868,438,54
2442,441,733,Sham19Y0017791,1167,1130,1405,192,76
2442,809,1471,Sham19Y0018272,1372,715,1099,247,45
2442,451,733,Sham19Y0095660,21,1158,1480,195,70
2442,954,1353,Shamela0000551,2820,58,795,224,33
2442,451,1207,Sham19Y0016976,1170,330,982,302,37
2442,502,1241,Shamela0009242,670,18,503,216,34
2442,451,733,JK007065,1094,685,998,193,75
2442,460,666,Sham19Y0014119,382,662,872,165,96
2442,502,661,Sham19Y0017063,836,1,162,131,98
2442,451,733,Shamela0008360,532,971,1252,193,83
2442,451,1299,Shamela0010517,120,810,1501,406,53
2442,451,1299,Shamela0010517,2140,535,1226,406,53
2442,451,702,Shamela0010517,2615,1245,1526,203,88
2443,557,718,Shamela0001727,1571,703,1189,128,32
2443,1474,1658,Shamela0005756,9670,1306,1504,151,92
2443,557,714,Sham19Y0127677,12906,702,1196,124,31
2443,557,718,Shia001831Vols,603,877,1363,128,32
2443,1,294,Shamela0000140,2038,1258,1502,191,79
2443,557,718,ShamAY0034815,418,316,819,127,31
2443,294,540,Sham19Y0018272,1372,1052,1274,139,64
2443,640,1357,Sham19Y0018272,2208,1,809,505,72
2444,292,673,Shamela0004445,6953,332,672,190,58
2444,276,623,JK000021,203,955,1329,193,55
2444,276,510,Shamela0007891,2601,290,528,164,76
2444,292,673,Shamela0011818,180,1202,1476,152,49
2444,311,1031,Shamela0021629,898,407,1026,230,28
2444,311,510,ShamIbadiyya0000193,2485,478,679,126,65
2444,276,623,Sham19Y0016584,4276,195,514,187,55
2444,311,552,Sham19Y0127668,50,1174,1417,181,89
2444,292,623,Shamela0008176,6892,6,303,183,63
2444,292,527,Shia002034Vols,1261,1273,1500,152,70
2444,276,623,Sham19Y0018567,427,642,927,181,60
2444,276,514,Sham19Y0127656,763,15,248,154,70
2444,306,510,Sham19Y0013614,752,658,869,146,77
2444,306,510,Shamela0009918,1087,821,1051,147,72
2444,276,510,JK000110,1707,275,513,164,76
2444,311,547,Shamela0008353,596,251,463,132,59
2444,292,510,ShamAY0033556,39,266,499,160,77
2444,276,753,Sham19Y0016684,1938,76,456,217,49
2444,276,1006,Shamela0001727,1573,77,623,272,36
2444,994,1321,Shamela0001727,1574,245,816,160,35
2444,276,510,JK009266,5991,710,948,163,75
2444,292,610,Shamela0026568,1339,1104,1521,193,52
2444,383,560,Sham19Y0013572,1031,1,166,106,66
2444,292,510,ShamAY0033910,438,816,1052,159,75
2444,311,575,Shamela0005756,14234,6,529,181,40
2444,292,610,Shamela0010664,305,392,722,167,57
2444,311,581,Sham19Y0127677,2665,1005,1275,164,68
2444,276,514,Shamela0000894,5644,1343,1571,151,69
2444,1321,1544,Shamela0004473,11119,1422,1616,152,84
2444,276,514,Shamela0000483,26,356,623,167,70
2444,292,510,JK000130,439,1045,1281,159,75
2444,292,623,Tafsir09050,2563,14,296,166,53
2444,276,1006,Shia001831Vols,604,810,1509,354,46
2444,949,1321,Shia001831Vols,605,510,1009,192,40
2444,276,457,Shamela0004289,1651,1369,1555,137,88
2444,287,510,ShamAY0034068,1741,748,968,149,73
2444,292,610,Shamela0023685,1510,458,875,192,52
2444,311,510,Shamela0001975,1073,302,509,144,77
2444,276,713,Sham19Y0122406,4110,855,1543,241,38
2444,713,1006,Sham19Y0122406,4111,1,842,202,29
2444,994,1218,Sham19Y0122406,4112,744,1262,93,22
2444,311,510,Shia002265Vols,4723,847,1066,145,74
2444,1162,1265,Shia002265Vols,5695,370,679,78,32
2444,344,510,Sham19Y0145212,3343,1343,1509,118,77
2444,276,510,Shamela0037837,834,767,1005,164,76
2444,296,510,Sham19Y0132973,392,176,386,130,62
2444,276,547,Sham19Y0016946,703,568,837,173,69
2444,292,510,Sham19Y0001734,2767,1248,1480,159,77
2444,311,514,Sham19Y0132524,2952,541,977,124,31
2444,276,757,Sham19Y0149697,1724,41,329,204,52
2444,311,510,Shamela0001438,4298,144,350,145,78
2444,1242,1461,Kraken230110004547,684,182,496,113,36
2444,311,467,Shamela0037713,188,673,836,109,72
2444,311,1031,Shamela0036446,1411,537,1223,217,25
2444,276,575,Sham19Y0018103,3808,976,1349,197,60
2444,292,623,Shamela0025800,2928,1034,1450,182,43
2444,311,514,Sham19Y0017791,1835,313,524,148,78
2444,331,610,Shamela0096283,418,1,254,150,54
2444,127,510,Shamela0095735,693,860,1181,184,56
2444,276,510,Sham19Y0132415,1108,106,344,180,91
2444,311,510,Shamela0021659,1460,658,865,144,77
2444,276,514,ShamAY0034005,1532,482,737,164,71
2444,994,1139,Sham19Y0018272,668,530,735,113,67
2444,276,610,Sham19Y0020638,1319,1218,1496,196,70
2444,994,1321,Sham19Y0020638,1320,629,1008,95,21
2444,292,623,Sham19Y0013223,1287,1149,1500,188,63
2444,127,527,Masaha004845,116,617,970,186,52
2444,292,510,JK000475,463,266,503,160,76
2444,276,510,Sham19Y0013252,9544,967,1205,163,75
2444,292,510,Sham19Y0013252,9546,609,838,159,78
2444,1212,1407,Sham19Y0016772,1977,194,356,108,64
2444,306,510,Sham19Y0016976,1651,303,514,146,77
2444,1212,1407,Shamela0012052,2437,453,628,115,66
2444,276,560,Sham19Y0017616,495,1015,1291,188,79
2444,276,510,Shamela0000041,1557,794,1033,164,76
2444,387,527,Shamela0037458,2558,1,141,88,67
2444,276,510,Shamela0012704,48,39,278,178,89
2444,276,473,JK007065,965,1339,1536,130,70
2444,276,510,Sham19Y0018176,2308,1043,1281,163,75
2444,296,510,Sham19Y0132618,268,1220,1439,137,66
2444,301,514,Sham19Y0014119,580,970,1193,153,77
2444,1334,1518,Sham19Y0017063,1330,851,1026,142,95
2444,322,673,Sham19Y0017063,1411,1,455,251,64
2444,276,533,Sham19Y0148271,1457,854,1106,164,68
2444,276,489,ShamAY0033760,211,1335,1553,163,89
2444,420,786,ShamAY0033760,212,90,343,159,54
2444,292,510,Shamela0008360,824,662,888,158,78
2444,984,1162,Shamela0000791,756,1084,1258,140,96
2444,276,510,Sham19Y0013605,4538,913,1151,163,75
2445,391,1623,Sham19Y0122406,4114,48,1132,255,17
2445,397,1015,Sham19Y0020638,1867,770,935,127,25
2445,49,466,Sham19Y0014119,1478,135,298,131,37
2445,22,793,Sham19Y0017063,1330,1026,1612,432,68
2445,830,1647,Sham19Y0017063,1331,1,773,570,80
2446,318,798,Shamela0004445,7303,1,168,101,27
2446,210,774,JK000021,2092,863,1122,155,33
2446,248,774,Shamela0007891,2539,336,529,121,28
2446,248,774,Shamela0001733,3350,916,1148,120,26
2446,224,798,Shamela0011818,525,250,513,169,37
2446,210,798,Sham19Y0148486,6387,864,1173,170,34
2446,228,480,JK009390,321,436,721,118,51
2446,83,798,JK009390,962,361,745,200,34
2446,224,798,Shamela0008176,6119,124,379,169,37
2446,936,1147,Shamela0008176,6123,1116,1319,160,91
2446,83,798,JK006897,491,519,912,204,35
2446,248,480,Sham19Y0013614,684,610,1150,135,28
2446,83,798,Shamela0021809,2150,226,638,200,33
2446,248,774,Shamela0005507,22,507,742,121,26
2446,248,774,Shamela0005610,106,526,758,120,26
2446,83,782,Shamela0025794,3205,1112,1497,192,32
2446,415,782,Sham19Y0014299,348,578,1030,114,29
2446,83,782,Shamela0001727,1574,1131,1507,202,35
2446,1252,1568,Shamela0001727,1575,873,1059,110,44
2446,243,798,JK000916,21308,84,344,145,32
2446,285,798,JK009179,176,1,195,119,29
2446,83,798,Shamela0003118,6128,111,514,202,33
2446,83,798,Sham19Y0020868,227,205,598,205,35
2446,83,459,Sham19Y0127700,292,1195,1498,150,47
2446,248,782,Shamela0026884,160,16,354,138,33
2446,83,798,Sham19Y0127677,966,201,582,200,34
2446,243,480,Kraken230106005528,1194,10,196,120,63
2446,83,798,Tafsir09084,701,762,1178,188,31
2446,243,798,Tafsir09084,1883,94,344,161,36
2446,224,459,Shamela0000736,3366,1350,1526,110,58
2446,415,774,JK000785,2606,6,141,66,20
2446,248,798,Shia001831Vols,606,1,243,158,36
2446,1,554,Shia001831Vols,607,28,249,145,32
2446,83,798,JK000083,97,340,729,198,34
2446,83,798,Shamela0004289,173,461,853,195,33
2446,383,798,Shamela0004289,938,390,568,103,31
2446,88,798,Shamela0001975,394,4,379,196,34
2446,88,300,Sham19Y0122406,4114,1422,1620,88,46
2446,300,480,Sham19Y0122406,4115,1,130,77,55
2446,248,480,Shia002265Vols,5349,941,1201,113,54
2446,1274,1485,JK000305,10,640,899,106,50
2446,83,798,Shamela0001456,246,747,1135,195,32
2446,83,798,Sham19Y0132973,567,64,452,205,35
2446,83,798,Shamela0008473,1537,689,1104,198,33
2446,83,798,Shamela0008473,3694,992,1391,199,33
2446,437,798,Sham19Y0132524,2961,741,1286,86,14
2446,248,480,Shamela0001438,704,935,1195,113,54
2446,83,798,Shamela0001438,895,530,908,196,34
2446,83,1325,Kraken230110004547,684,681,1369,280,25
2446,243,798,Shamela0036446,1369,23,267,158,36
2446,83,1321,Shamela0025800,3460,678,1343,277,25
2446,233,798,Sham19Y0017791,1622,429,680,160,36
2446,83,798,Sham19Y0147597,1178,666,1059,205,35
2446,224,798,Shamela0095735,1017,1131,1397,167,36
2446,405,790,Shamela0095735,1019,230,741,95,16
2446,83,798,Shamela0021659,499,567,954,203,35
2446,224,798,ShamAY0034005,1189,623,886,147,31
2446,83,295,Sham19Y0020638,1320,1324,1523,87,46
2446,295,1325,Sham19Y0020638,1321,1,585,203,20
2446,1,576,Sham19Y0020638,1867,1057,1268,152,33
2446,248,774,Zaydiyya0000342,223,593,827,119,26
2446,248,480,Zaydiyya0000342,225,382,645,110,39
2446,248,774,JK000475,1660,398,633,121,26
2446,248,774,Shamela0021766,3294,508,746,123,27
2446,224,798,Sham19Y0146127,3532,873,1168,170,35
2446,248,798,Sham19Y0016976,1490,1089,1325,156,36
2446,83,798,Sham19Y0017616,500,731,1123,204,35
2446,1,177,Sham19Y0017616,649,226,347,61,43
2446,83,798,Shamela0010895,23,806,1201,199,34
2446,285,798,Shia002228,172,1,199,125,31
2446,422,790,Shia002228,173,752,1088,87,19
2446,83,1325,JK007065,1279,229,920,275,25
2446,224,446,Sham19Y0122257,2796,1122,1288,111,63
2446,926,1160,Sham19Y0122257,2799,910,1158,173,82
2446,233,798,Sham19Y0014119,520,62,313,160,36
2446,59,798,Sham19Y0017063,1235,764,1182,206,32
2446,1,219,Sham19Y0017063,1331,773,986,171,97
2446,243,798,Sham19Y0148271,1837,69,313,155,35
2446,248,774,Shamela0010803,6,864,1096,119,26
2446,64,798,Rafed0003902Vols,1362,771,1334,239,35
2446,243,798,Rafed0003902Vols,1620,498,783,163,38
2446,83,324,Rafed0003902Vols,4811,1344,1571,111,52
2446,415,798,Rafed0003902Vols,4812,41,167,84,28
2446,224,798,ShamAY0033760,419,588,875,172,36
2446,224,798,Shamela0008360,730,268,527,171,38
2447,743,945,Sham19Y0013769,218,136,307,128,78
2447,13,290,Shamela0008176,375,186,432,138,50
2447,1015,1541,Shamela0008176,375,480,850,247,58
2447,791,1541,Zaydiyya0000015,1624,562,1054,297,48
2447,1015,1437,Sham19Y0131521,6279,849,1231,296,88
2447,1015,1181,Shamela0021715,2263,1246,1406,120,87
2447,1015,1506,Shamela0000432,4593,671,1142,154,29
2447,743,945,Shamela0005756,1655,292,455,123,73
2447,1015,1506,Shamela0001673,2936,236,709,177,36
2447,354,976,Sham19Y0122406,4120,88,706,334,57
2447,692,1515,Sham19Y0018272,1850,444,888,343,51
2447,743,1531,Shia001174Vols,4477,257,746,269,41
2447,229,1541,Shamela0011036,960,364,1303,722,68
2447,5,350,Sham19Y0122257,200,1003,1334,208,64
2447,1245,1537,Sham19Y0122257,201,29,293,180,73
2447,13,443,Shamela0000791,753,1098,1544,341,94
2447,447,1541,Shamela0000791,754,1,1047,804,89
2448,1058,1367,Shamela0000767,22,1033,1241,106,37
2448,1058,1367,Shamela0008176,2197,286,518,98,31
2448,1,242,Zaydiyya0000015,1624,1054,1289,159,76
2448,1058,1367,Shamela0001727,1578,477,723,103,31
2448,1058,1367,Sham19Y0013572,1423,88,336,103,31
2448,1058,1367,JK001236,105,555,796,99,30
2448,1058,1411,Sham19Y0127677,5966,598,888,131,35
2448,1058,1367,Shamela0011258,87,545,782,85,27
2448,388,1367,Shia001831Vols,608,399,1357,363,32
2448,1101,1485,Shia001831Vols,609,100,340,142,46
2448,1058,1367,Shamela0004289,778,930,1171,99,30
2448,1058,1367,Shamela0021502,165,815,1043,106,35
2448,798,1008,Sham19Y0122406,4121,749,1002,133,62
2448,1058,1367,Sham19Y0122406,4122,1151,1397,103,31
2448,1105,1367,Sham19Y0145212,1280,452,560,76,37
2448,1074,1367,Shamela0001875,645,764,1019,86,26
2448,1058,1367,Shamela0025800,3132,845,989,80,33
2448,1058,1367,ShamAY0034005,333,920,1163,101,30
2448,1039,1495,Masaha001864Vols,5352,566,1017,353,96
2448,1058,1367,JK007065,1115,409,650,99,30
2448,1058,1367,Sham19Y0122257,984,319,560,106,34
2448,1058,1367,Shamela0008360,246,790,1033,106,34
2448,1,557,Shamela0000791,754,1047,1536,275,49
2449,1044,1275,Shia001432Vols,2002,1232,1465,167,86
2449,1275,1464,Shia001432Vols,2003,1,190,153,100
2449,472,838,Sham19Y0145435,5189,914,1096,70,21
2449,104,419,Shamela0008176,5015,43,363,203,71
2449,494,729,JK010001,2760,824,1049,182,95
2449,499,838,JK010001,2776,686,844,66,21
2449,556,729,Tafsir07055,2880,1,165,134,94
2449,472,838,Tafsir07055,2896,499,681,70,21
2449,1116,1469,Sham19Y0131521,4395,1,329,262,91
2449,472,1094,Shamela0001727,1579,449,1349,151,15
2449,472,838,Sham19Y0127677,14608,819,1001,70,21
2449,472,838,Sham19Y0127677,19460,1223,1405,70,21
2449,1116,1409,Shamela0001673,9894,1150,1535,163,48
2449,472,838,Sham19Y0017903,366,512,694,70,21
2449,472,1094,Shia001831Vols,610,94,1039,179,18
2449,68,234,Shamela0000247,29,592,773,132,91
2449,472,838,Sham19Y0122406,4123,1096,1278,70,21
2449,1132,1489,Sham19Y0018103,270,682,939,180,62
2449,238,489,Masaha001864Vols,5512,462,726,193,88
2449,472,838,Sham19Y0017616,289,461,632,69,20
2449,221,419,Sham19Y0122257,2357,22,220,152,93
2449,68,512,Sham19Y0017063,953,446,865,315,85
2449,494,850,Rafed0003902Vols,4807,649,829,74,22
2449,1120,1489,Sham19Y0013605,411,832,1143,229,75
2450,1103,1252,Shamela0004445,6799,1308,1440,96,79
2450,223,508,Sham19Y0017350,548,875,1037,95,41
2450,181,286,Shamela0001727,1580,464,672,80,48
2450,1103,1230,Shamela0001727,1581,516,706,87,60
2450,181,320,Sham19Y0127677,14452,981,1263,97,43
2450,181,286,Shia001831Vols,610,1208,1424,80,46
2450,1103,1382,Shia001831Vols,611,934,1327,194,61
2450,223,860,Shamela0000140,868,907,1567,413,68
2450,181,286,Sham19Y0122406,4126,1306,1514,80,48
2450,1193,1314,Sham19Y0018103,4062,495,611,81,85
2450,296,689,Sham19Y0018272,2278,1192,1518,252,76
2450,689,982,Sham19Y0018272,2279,1,242,189,78
2450,1230,1382,Masaha001864Vols,5623,1381,1533,123,100
2450,270,982,Masaha001864Vols,5751,1,717,573,97
2450,464,833,Shamela0001467,22,651,973,239,76
2450,181,385,Kraken22021606122001,83,1251,1558,90,34
2451,944,1069,Shamela0001733,4720,336,460,88,90
2451,944,1069,Sham19Y0018328,388,1268,1405,83,66
2451,948,1069,ShamAY0034447,1675,245,385,87,79
2451,944,1069,Shamela0025794,5043,99,223,89,83
2451,944,1073,Sham19Y0127660,1503,489,620,90,88
2451,944,1069,Shamela0001727,1582,266,402,99,91
2451,1,182,Shamela0005756,9663,88,511,108,29
2451,660,958,Shamela0005756,9665,35,256,154,60
2451,801,939,Shamela0010664,1438,576,1162,104,21
2451,944,1069,Sham19Y0127677,15432,547,671,88,81
2451,948,1069,Masaha002867,67,1093,1219,86,78
2451,944,1073,Shamela0022579,130,841,1008,99,75
2451,133,558,Shamela0000140,447,1141,1443,158,38
2451,664,944,Shamela0000140,448,8,239,139,55
2451,944,1069,JK000201,2901,644,779,98,91
2451,639,981,JK000201,2922,728,994,195,66
2451,944,1073,ShamAY0034435,11,1012,1166,99,81
2451,944,1069,Shamela0004289,1072,1071,1207,99,91
2451,944,1395,Sham19Y0122406,4130,572,1501,284,37
2451,991,1254,Sham19Y0132524,3002,1066,1499,125,35
2451,1254,1425,Sham19Y0132524,3003,1,283,116,51
2451,944,1069,Sham19Y0037618,6700,471,617,90,71
2451,944,1069,ShamAY0033531,3072,153,289,99,91
2451,944,1069,ShamAY0033531,4254,1315,1451,99,91
2451,944,1069,ShamAY0033945,2563,188,326,90,83
2451,660,939,Sham19Y0151010,136,127,335,160,69
2451,84,678,ShamAY0034005,1511,1220,1450,101,19
2451,944,1069,Sham19Y0020638,1327,519,655,99,91
2451,639,939,Masaha001864Vols,5624,1,301,245,99
2451,944,1069,Shamela0003722,4429,691,815,89,83
2451,239,558,Sham19Y0013252,10390,1026,1279,160,54
2451,944,1069,Rafed0002654Vols,10797,197,333,99,91
2451,944,1069,Shia004092Vols,10637,419,555,99,91
2451,944,1069,Sham19Y0017616,512,1148,1298,99,83
2451,944,1069,Shamela0012220,1987,824,949,87,81
2451,705,944,Sham19Y0013605,2794,6,161,126,64
2451,944,1069,JK009214,34,721,857,99,91
2452,1358,1474,Shamela0004445,2921,930,1044,90,97
2452,543,789,Shamela0000767,4919,944,1300,121,38
2452,543,789,Shia001353,366,944,1285,121,39
2452,543,785,Shia002616Vols,2759,987,1337,120,39
2452,1349,1474,Shamela0021809,95,581,704,97,97
2452,1358,1474,Rafed0003489,215,324,438,90,97
2452,1349,1474,Shamela0025794,4089,661,784,97,97
2452,543,785,Shamela0001727,1583,423,765,123,40
2452,1349,1474,Shamela0001727,1583,962,1087,99,100
2452,1349,1474,JK000786,4105,602,727,99,100
2452,165,368,ShamAY0033910,600,529,827,68,20
2452,543,785,Shamela0005756,7212,859,1228,139,42
2452,1193,1362,Sham19Y0127677,6893,4,153,115,83
2452,1349,1474,Sham19Y0127677,12849,523,646,97,97
2452,1349,1474,ShamAY0038083,118,56,183,99,98
2452,1372,1474,JK007049,29,1,103,81,100
2452,165,368,JK000130,601,776,1074,68,20
2452,1349,1474,Sham19Y0017903,1013,655,777,97,97
2452,548,1088,Shia001831Vols,612,1215,1496,206,47
2452,1349,1474,Shia001831Vols,613,241,366,99,100
2452,1045,1349,JK000201,2921,770,1202,235,67
2452,1349,1474,Shamela0004289,1584,1096,1221,99,100
2452,543,789,Shamela0004289,1656,938,1287,123,40
2452,1358,1474,Shamela0023685,1133,899,1015,92,100
2452,789,1344,Shamela0021660,3543,884,1518,351,60
2452,189,324,Shamela0021660,4400,248,382,100,90
2452,543,1307,Sham19Y0122406,4132,656,1348,201,23
2452,1349,1474,Sham19Y0122406,4133,372,497,99,100
2452,1349,1474,Shamela0007485,1,550,675,99,100
2452,689,1344,ShamAY0033531,3072,642,1268,263,33
2452,689,1344,ShamAY0033531,4255,334,960,263,33
2452,1349,1474,Shia003461Vols,171,1245,1368,97,97
2452,548,785,Shamela0036446,424,974,1316,120,39
2452,548,785,Shamela0036446,429,292,623,117,40
2452,543,785,Shamela0025800,2544,956,1309,123,39
2452,1358,1474,Shia003732Vols,4377,559,675,92,100
2452,1358,1474,Shia003732Vols,4382,302,418,92,100
2452,980,1143,JK007006,1170,6,165,119,87
2452,789,1132,Sham19Y0018272,1492,1183,1567,254,77
2452,1136,1377,Sham19Y0018272,1493,5,316,183,72
2452,1349,1474,Sham19Y0020638,1328,635,760,99,100
2452,240,1158,Sham19Y0020638,1869,694,1038,188,26
2452,1349,1474,Masaha001864Vols,3038,838,1313,69,16
2452,1358,1474,Shamela0012981,731,109,220,84,88
2452,184,368,JK000475,775,29,353,67,25
2452,184,785,Rafed0002654Vols,10799,142,829,159,20
2452,184,785,Shia004092Vols,10639,388,1081,159,20
2452,1349,1474,Sham19Y0017616,503,667,792,99,100
2452,165,785,JK007065,1418,538,1150,171,23
2452,1349,1474,Sham19Y0148271,59,373,496,97,97
2452,1349,1474,ShamAY0033760,587,1164,1289,99,100
2452,1045,1349,Shamela0000791,710,948,1257,226,90
2452,189,329,Shamela0000791,710,774,930,113,89
2453,202,377,Shamela0004445,2926,234,421,128,82
2453,212,377,Shamela0007891,2551,958,1128,123,86
2453,212,351,Shamela0021741,69,441,575,103,90
2453,212,453,Shamela0008176,6651,1116,1380,174,80
2453,212,377,Sham19Y0127656,819,49,209,115,80
2453,236,453,Sham19Y0013614,718,273,479,154,84
2453,212,377,Shamela0021809,2699,333,504,120,81
2453,202,377,Rafed0003489,219,1032,1219,128,82
2453,147,1005,Sham19Y0131521,5710,505,979,244,32
2453,202,377,Shamela0021715,5655,575,763,128,82
2453,212,377,Shamela0021715,10596,326,501,125,88
2453,212,343,Shamela0001727,1583,1366,1497,100,93
2453,212,377,Shia002069Vols,726,102,282,125,85
2453,212,453,Sham19Y0013572,936,648,1108,186,49
2453,212,377,Shamela0005756,14947,948,1122,125,88
2453,212,377,Shamela0011385,2757,674,843,124,87
2453,212,453,Shamela0004473,11223,1162,1475,155,60
2453,212,369,Sham19Y0017903,1014,1305,1462,119,93
2453,212,377,Shia001831Vols,613,694,860,126,93
2453,492,831,Shia001831Vols,614,5,212,150,52
2453,1180,1582,JK000201,2937,327,714,299,92
2453,212,453,Shamela0004289,1587,83,455,171,56
2453,212,377,Shamela0001449,251,1223,1389,126,93
2453,212,377,Shamela0023628,1523,1259,1423,120,84
2453,212,377,Sham19Y0122406,4133,776,941,126,94
2453,222,377,JK009324,3398,855,1020,124,93
2453,212,453,Sham19Y0145212,3230,537,802,179,81
2453,212,343,Sham19Y0132524,2991,1387,1518,100,93
2453,202,453,Shamela0025800,2722,130,572,180,50
2453,212,446,ShamAY0034005,1489,1017,1241,174,91
2453,855,1255,Shamela0001467,86,1228,1545,238,74
2453,1255,1403,Shamela0001467,87,1,149,120,100
2453,1255,1582,Shamela0011036,1993,985,1271,223,85
2453,212,377,Shamela0013034,12,877,1042,119,83
2453,236,453,Sham19Y0016976,1571,1,207,155,84
2453,1064,1582,Shamela0009242,2516,1,837,312,42
2453,212,377,Shamela0000041,1050,1032,1202,123,86
2453,212,377,JK007065,898,1153,1318,120,84
2453,212,387,Sham19Y0122257,3003,481,671,130,82
2453,1255,1574,Sham19Y0014601,7000,310,585,215,82
2453,231,453,Sham19Y0014119,554,713,931,163,86
2453,212,879,Sham19Y0017063,1339,945,1538,302,49
2453,841,1537,Sham19Y0017063,1340,504,1125,309,48
2453,1,241,Sham19Y0017063,1341,981,1152,111,56
2453,207,453,Shamela0008360,793,200,477,179,77
2453,860,1582,Shamela0000791,685,219,935,497,81
2453,212,377,Sham19Y0013605,4842,778,953,127,89
2453,212,377,Sham19Y0013605,4843,178,343,119,83
2453,212,351,Shamela0021537,1668,1446,1580,103,90
2453,212,377,Shamela0021537,4313,651,816,119,83
2454,1262,1383,Shamela0006610,697,860,993,91,83
2454,1262,1383,Shamela0008176,6653,870,991,97,100
2454,959,1252,Shamela0008176,6678,818,1117,235,95
2454,1262,1383,Sham19Y0013614,718,749,870,97,100
2454,1262,1383,Shamela0001727,1584,1222,1359,97,88
2454,456,1257,Shamela0000432,4477,128,787,531,81
2454,1262,1383,Sham19Y0127677,6440,548,685,97,88
2454,1262,1383,Shamela0004473,11224,229,368,97,87
2454,1262,1383,Shia001831Vols,614,859,996,97,88
2454,1262,1383,JK006950,2566,51,188,90,81
2454,1,334,JK000201,2937,714,1041,260,95
2454,1262,1383,Shamela0004289,1587,1166,1302,96,87
2454,1262,1383,Shamela0001449,252,329,466,97,88
2454,1262,1383,Sham19Y0122406,4135,195,332,97,88
2454,1262,1377,Sham19Y0145212,3231,1240,1355,92,100
2454,1262,1383,Shamela0000927,2132,206,344,97,87
2454,763,1383,Sham19Y0132524,2993,277,957,206,33
2454,1262,1383,Kraken230110004547,487,177,315,96,86
2454,1262,1383,JK000381,8260,838,975,90,81
2454,693,1244,Sham19Y0013631,2267,798,1298,214,35
2454,1262,1383,Shamela0025800,2723,342,479,97,88
2454,1262,1388,Sham19Y0017791,1745,589,714,98,97
2454,1262,1383,Sham19Y0017729,498,59,195,97,88
2454,1262,1383,Shamela0000170,1024,991,1128,97,88
2454,1262,1383,Sham19Y0020638,1329,785,922,97,88
2454,1262,1383,Masaha001864Vols,3040,397,534,97,88
2454,61,339,Shamela0001467,87,161,436,216,93
2454,1262,1383,JK000028,355,633,752,94,96
2454,1262,1383,Sham19Y0016976,1571,985,1106,97,100
2454,23,314,Shamela0009242,2516,1194,1540,184,57
2454,1262,1383,Sham19Y0017616,507,294,431,97,88
2454,1262,1383,Shamela0009690,1296,557,694,90,81
2454,1262,1388,JK007065,209,89,231,99,87
2454,1262,1383,Sham19Y0122257,3004,812,933,97,100
2454,969,1149,Sham19Y0122257,3014,1367,1553,146,96
2454,13,228,Sham19Y0014601,7000,585,901,155,57
2454,1345,1522,Sham19Y0017063,1340,1334,1485,113,77
2454,1262,1383,Sham19Y0148271,2017,94,215,97,100
2454,969,1244,Sham19Y0150962,1196,869,1118,196,85
2454,1262,1383,ShamAY0033760,609,1043,1183,96,85
2454,1262,1383,Shamela0008360,793,961,1081,97,99
2454,1,330,Shamela0000791,685,935,1273,266,95
2454,384,869,Shamela0000791,686,1107,1521,319,80
2454,869,1262,Shamela0000791,687,1,386,306,95
2454,693,964,Sham19Y0013605,4844,651,835,100,44
2455,253,398,Sham19Y0131521,5726,407,557,107,85
2455,1299,1442,ShamAY0033531,3034,81,224,117,100
2455,1299,1442,ShamAY0033531,4216,1307,1450,117,100
2455,231,461,Sham20Y0014596,83,1139,1488,139,50
2455,1216,1584,Sham19Y0020638,1870,865,1036,96,27
2455,1090,1506,Masaha001864Vols,5544,1059,1566,340,82
2456,1082,1353,Shamela0011818,37,342,644,108,35
2456,574,878,Sham19Y0145435,5593,141,381,68,19
2456,1285,1494,Sham19Y0122402,743,467,730,107,43
2456,574,867,Shamela0001727,1589,384,618,64,18
2456,1101,1353,Shamela0004289,1609,5,402,83,21
2456,1298,1519,Shamela0010527,832,200,464,109,44
2456,574,1146,Sham19Y0122406,4145,153,857,197,26
2456,1082,1620,Shamela0007485,20,266,585,157,36
2456,574,1030,Sham19Y0132524,3002,119,861,167,23
2456,1082,1345,Shamela0025800,2914,288,777,96,20
2456,827,1620,Sham19Y0020638,1333,179,1251,236,19
2456,673,827,Sham19Y0020638,1871,43,185,116,92
2456,574,878,Sham19Y0017616,505,388,631,72,20
2456,61,202,Sham19Y0017063,1491,305,437,105,92
2456,574,821,ShamAY0033760,598,857,1545,122,22
2457,996,1428,Shamela0000761,475,356,536,92,23
2457,996,1324,Shamela0008176,6705,79,635,159,31
2457,996,1428,Shia003965Vols,6460,1417,1597,93,24
2457,43,962,Sham19Y0131521,4305,442,1458,577,62
2457,1015,1428,Sham19Y0127677,2417,789,944,78,21
2457,1324,1568,Sham19Y0127677,13638,1302,1483,141,70
2457,996,1428,Shamela0012884,4624,252,419,85,22
2457,996,1424,Kraken230106005528,1010,1283,1463,80,20
2457,996,1428,Tafsir09084,637,1312,1488,93,24
2457,18,278,Sham19Y0013231,4979,880,1054,133,62
2457,388,962,Shia001831Vols,618,878,1317,154,23
2457,996,1428,Shamela0007485,18,830,1007,93,24
2457,996,1428,Sham19Y0001734,2537,1015,1195,88,21
2457,287,887,ShamAY0033531,2154,70,705,438,81
2457,996,1428,ShamAY0033531,3131,427,603,93,24
2457,996,1428,ShamAY0033531,4314,108,284,93,24
2457,1397,1604,Sham19Y0013631,918,1244,1380,101,60
2457,996,1441,Sham19Y0018569,851,156,617,118,21
2457,1000,1544,ShamAY0035990,52,1091,1612,196,36
2457,996,1428,Shamela0025800,2906,818,994,93,24
2457,996,1428,Shia003732Vols,4423,38,210,92,24
2457,287,592,Masaha001864Vols,3321,651,1048,134,38
2457,278,592,Sham19Y0013252,5639,634,1046,178,51
2457,18,858,Sham19Y0017616,651,379,770,310,45
2457,996,1428,JK007065,1087,945,1121,93,24
2457,18,278,Sham19Y0014328,817,888,1122,177,77
2457,1071,1604,Sham19Y0017063,1357,1042,1563,398,87
2458,525,751,Shamela0004445,6821,971,1529,103,20
2458,525,776,Shamela0011818,55,606,1211,124,22
2458,298,483,Shamela0008176,667,809,991,125,75
2458,289,483,Shamela0008176,6706,1088,1300,135,70
2458,298,520,Shamela0097928,97,914,1387,162,39
2458,525,776,Shamela0001727,1591,505,1076,124,23
2458,289,776,Shia001831Vols,619,856,1212,211,50
2458,289,746,JK000201,2983,665,1159,219,40
2458,525,776,Shamela0004289,1655,1166,1307,89,41
2458,525,776,Sham19Y0122406,4147,1238,1375,86,41
2458,638,1496,Sham19Y0122406,4148,572,988,287,39
2458,206,483,Sham19Y0145212,3257,186,716,133,27
2458,298,520,Sham19Y0018272,996,1249,1480,180,93
2458,525,741,Masaha001864Vols,3325,987,1493,97,20
2458,525,776,Shamela0013034,152,159,298,86,41
2458,289,520,Sham19Y0122257,3025,1155,1370,168,85
2458,182,520,Sham19Y0017063,1358,20,326,226,79
2458,289,520,Shamela0000791,723,1121,1366,185,91
2459,449,1058,Shamela0004445,6819,379,749,121,20
2459,449,1058,Shamela0011818,52,1094,1464,116,19
2459,477,781,JK009390,7005,1017,1147,83,34
2459,449,1058,Shia001353,365,564,925,121,20
2459,449,1058,Sham19Y0013614,726,1098,1427,116,19
2459,477,781,Sham19Y0013614,727,705,834,85,34
2459,449,1058,Shamela0025794,838,363,736,120,19
2459,449,1058,Shamela0001727,1592,629,988,123,20
2459,449,1058,Sham19Y0013572,292,355,715,123,20
2459,451,1058,Sham19Y0127677,5026,388,720,115,19
2459,449,781,Shamela0000894,4850,1265,1482,101,34
2459,477,781,Sham19Y0017903,1022,8,168,87,33
2459,449,1058,Shia001831Vols,620,787,1145,122,20
2459,136,1051,Shia001831Vols,621,297,790,300,39
2459,449,781,Shamela0004289,1623,419,639,102,34
2459,653,1254,Sham19Y0122406,4150,274,813,148,23
2459,449,781,Sham19Y0145212,3259,376,564,94,32
2459,214,781,Sham19Y0132973,321,1391,1678,124,23
2459,449,781,Sham19Y0132524,3008,1339,1558,102,34
2459,538,1254,Sham19Y0132524,3009,151,801,175,22
2459,451,1058,Shamela0001438,7050,1033,1365,115,19
2459,86,781,Kraken230110004547,535,558,1469,174,17
2459,449,781,Shamela0036446,1392,996,1193,94,31
2459,449,1058,Shamela0025800,2907,681,1045,121,20
2459,449,1058,Sham19Y0017791,1767,639,968,116,19
2459,449,781,Sham19Y0020638,1335,691,909,98,33
2459,449,1058,Sham19Y0016976,1586,588,917,116,19
2459,449,1058,Sham19Y0017616,511,645,1004,123,20
2459,449,781,JK007065,128,1285,1505,99,33
2459,246,464,Sham19Y0122257,3026,1082,1316,150,73
2459,477,781,Sham19Y0132618,154,815,951,84,33
2459,449,1058,Sham19Y0014119,560,709,1038,118,19
2459,449,1058,Sham19Y0017063,1358,772,1102,116,19
2459,214,1254,Sham19Y0017063,1359,60,1027,650,72
2459,449,1058,Sham19Y0148271,1257,853,1202,113,18
2460,1056,1351,Sham19Y0131521,5778,1300,1551,163,67
2460,338,750,Sham19Y0131521,5778,692,1109,226,58
2460,852,1037,JK000201,2918,795,992,146,91
2460,259,817,JK000201,2919,852,1310,338,74
2460,383,640,Sham19Y0122406,4153,1115,1312,118,51
2460,845,1037,ShamAY0033531,3104,724,929,149,90
2460,259,817,ShamAY0033531,3105,433,906,330,73
2460,1,254,ShamAY0033531,3110,708,988,178,78
2460,845,1037,ShamAY0033531,4287,390,595,149,90
2460,259,817,ShamAY0033531,4288,132,605,330,73
2460,1,254,ShamAY0033531,4293,402,682,178,78
2460,919,1207,Sham19Y0020638,1872,501,647,75,34
2460,1105,1297,ShamAY0037021,367,1429,1620,145,88
2460,1105,1375,Rafed0002489Vols,451,519,766,190,84
2460,259,776,Sham19Y0132618,260,196,450,122,27
2460,350,1032,Sham19Y0017063,1376,369,944,445,80
2460,302,810,Shamela0000791,708,1164,1579,239,48
2460,810,1405,Shamela0000791,709,1,735,308,43
2461,982,1223,Shamela0008176,6738,815,1069,176,85
2461,699,932,Shamela0008176,6743,173,723,184,41
2461,699,932,Shamela0021715,10649,736,1345,73,12
2461,737,982,Shamela0001727,1595,1,240,75,24
2461,1417,1632,Sham19Y0127677,13637,858,1078,151,81
2461,932,1590,Shia001831Vols,623,6,506,201,28
2461,699,982,Sham19Y0122406,4154,925,1206,105,30
2461,699,982,Sham19Y0020638,1337,382,537,104,46
2461,969,1192,Sham19Y0122257,3038,599,844,182,91
2461,760,932,Sham19Y0122257,3040,112,616,130,31
2461,982,1187,Sham19Y0014119,1488,1318,1523,168,100
2461,932,1216,Sham19Y0017063,1366,184,651,153,37
2461,56,391,Sham19Y0017063,1376,7,353,246,84
2461,1417,1632,Sham19Y0017063,1405,383,642,140,66
2462,525,762,Shamela0001727,1597,868,1438,153,35
2462,1,199,Sham19Y0127677,13637,1078,1292,124,71
2462,531,1258,Sham19Y0013253,885,684,1343,205,27
2462,1013,1473,Sham19Y0013253,886,670,1107,195,41
2462,629,762,Shamela0004289,1617,507,838,99,38
2462,531,1027,Shamela0010527,1279,115,670,199,36
2462,525,809,Sham19Y0122406,4158,736,1305,159,35
2462,484,1049,Sham19Y0122406,4160,87,939,163,20
2462,520,643,Shamela0013034,54,1121,1348,79,46
2462,1,475,Sham19Y0017063,1405,642,1245,143,20
2463,1,191,Shamela0008176,6719,1056,1262,153,90
2463,369,686,Sham19Y0131521,5764,465,796,175,53
2463,877,1125,Shamela0021715,4711,13,458,124,32
2463,894,1010,Sham19Y0127677,13631,1111,1227,91,97
2463,308,747,Shia001831Vols,624,409,961,209,38
2463,369,1162,ShamAY0033531,3092,197,897,317,37
2463,877,1544,ShamAY0033531,3093,206,704,305,47
2463,1,191,ShamAY0033531,3101,747,937,155,100
2463,428,686,ShamAY0033531,4275,135,331,161,74
2463,877,1015,ShamAY0033531,4275,1472,1610,111,99
2463,1234,1544,ShamAY0033531,4276,136,361,186,72
2463,1,191,ShamAY0033531,4284,416,606,155,100
2463,710,1015,Shamela0011036,1935,841,1154,252,95
2463,1244,1490,Shamela0011036,1936,586,828,193,92
2463,1,332,Sham19Y0122257,3030,346,686,185,67
2463,1239,1595,Sham19Y0014601,5518,1,337,261,86
2463,337,686,Shamela0000791,712,907,1239,271,94
2463,308,691,Shamela0000791,725,454,840,292,85
2463,1034,1670,Shamela0000791,725,870,1446,435,81
2464,1,462,Shamela0004445,2903,765,1039,87,22
2464,395,778,Sham19Y0020594,283,1055,1247,127,41
2464,1,462,Rafed0003489,197,423,696,87,22
2464,437,778,Sham19Y0127677,15515,370,688,256,91
2464,732,1015,Shia001831Vols,625,358,749,109,27
2464,1108,1369,Sham19Y0122406,4165,461,1059,164,34
2464,1,462,Shia003707Vols,956,34,297,87,22
2464,1108,1364,Sham19Y0017829,1205,111,388,115,42
2464,414,802,Sham19Y0017063,1366,753,1235,309,79
2465,267,600,Shamela0001727,1601,189,634,147,37
2465,509,1000,Shamela0026568,955,802,1268,328,80
2465,1,262,Shia003727Vols,139,135,402,191,83
2465,1342,1509,ShamAY0034230,703,1522,1640,86,64
2465,451,1064,Shamela0023685,1130,362,1015,413,75
2465,267,600,Sham19Y0122406,4166,747,1192,147,37
2465,1277,1553,Sham19Y0122406,4170,258,550,153,55
2465,1342,1553,Sham19Y0132524,3020,164,768,118,22
2465,1342,1553,Sham19Y0013631,46,36,193,125,72
2465,468,1026,Sham19Y0013631,2385,994,1453,196,40
2465,509,1054,ShamAY0035990,144,163,642,194,35
2465,600,1082,Masaha001864Vols,5509,324,712,317,80
2465,595,1064,Shamela0011036,1966,428,922,318,73
2465,1277,1530,Sham19Y0132618,176,971,1322,158,51
2465,440,1112,Sham19Y0017063,1355,381,830,359,65
2465,1266,1553,Sham19Y0017063,1360,38,276,187,80
2466,547,929,Sham19Y0127668,103,549,925,284,91
2466,565,1136,Shamela0008176,6845,998,1481,359,75
2466,547,929,Shamela0005756,5131,939,1347,296,90
2466,929,1153,Shamela0005756,5133,636,875,119,55
2466,547,657,Shamela0000894,6257,622,732,88,100
2466,547,1502,Shamela0001673,11452,220,928,415,50
2466,626,1153,Shia001831Vols,627,1,356,268,64
2466,27,185,Shamela0000140,2145,120,293,120,85
2466,471,1535,JK000201,2997,307,1393,839,95
2466,697,890,Sham19Y0132973,925,1,160,106,70
2466,547,1127,ShamAY0033531,3143,890,1471,463,99
2466,547,1162,ShamAY0033531,4326,598,1214,491,99
2466,203,467,Sham19Y0018103,2370,343,600,143,57
2466,467,929,ShamAY0035990,627,403,884,261,58
2466,657,890,Shamela0021723,276,804,1033,135,64
2466,929,1535,Sham19Y0013252,2647,132,647,256,48
2466,547,854,Shamela0009242,3342,49,280,160,64
2466,547,1153,Sham19Y0018176,2546,592,879,174,35
2466,551,942,Sham19Y0122257,3075,1090,1465,283,87
2466,942,1535,Sham19Y0122257,3076,1,251,197,41
2466,547,821,Sham19Y0014601,5545,1267,1471,139,62
2466,16,231,Sham19Y0017063,1354,229,747,167,39
2466,565,1019,Sham19Y0017063,1397,1146,1431,221,61
2466,1019,1535,Sham19Y0017063,1398,1,469,374,89
2466,657,854,Sham19Y0150962,1225,299,786,149,37
2466,547,913,Sham19Y0013605,1594,734,914,139,47
2467,212,398,Shamela0007891,2579,162,322,120,79
2467,1,1448,Shamela0008176,6846,60,1163,834,70
2467,440,690,Shamela0008353,543,1120,1402,143,63
2467,45,408,Sham19Y0131521,5800,849,1082,139,44
2467,631,1039,Sham19Y0131521,5805,259,647,265,77
2467,1101,1274,Sham19Y0131521,5806,42,255,122,73
2467,1,457,Shamela0021715,9311,30,428,285,77
2467,1,598,Shamela0021715,10998,199,728,183,30
2467,975,1448,Kraken22031816264700,294,193,564,264,68
2467,1,408,Shamela0005756,5132,234,486,172,52
2467,664,1214,Sham19Y0013253,944,957,1224,198,45
2467,588,1432,Shia001831Vols,627,437,957,329,48
2467,1,197,Shamela0001442,1085,1081,1471,150,48
2467,197,398,Shamela0001442,1086,1,181,126,77
2467,1,120,JK000201,2997,1393,1512,95,100
2467,120,1448,JK000201,2998,1,1319,1029,97
2467,488,753,Sham19Y0145212,3320,409,696,145,58
2467,440,690,Sham19Y0132973,346,406,701,116,40
2467,683,1274,ShamAY0033531,3147,424,981,434,91
2467,683,1274,ShamAY0033531,4330,129,686,434,91
2467,1,408,ShamAY0035990,628,194,474,141,40
2467,1,495,Sham19Y0150639,374,311,617,167,39
2467,1,573,Sham19Y0013252,2647,647,1104,269,53
2467,440,753,Shamela0012398,82,1067,1389,141,44
2467,1,1228,Sham19Y0122257,3076,251,1465,802,72
2467,1228,1448,Sham19Y0122257,3077,1,192,148,85
2467,1,563,Sham19Y0014601,5545,870,1175,166,35
2467,440,690,Sham19Y0014119,575,936,1175,102,41
2467,979,1448,Sham19Y0017063,1398,715,1149,332,88
2467,1,598,Sham19Y0017063,1398,469,909,194,34
2467,440,690,ShamAY0033760,750,93,346,116,44
2467,1,398,ShamAY0033760,753,1049,1384,150,35
2467,440,725,Shamela0008360,818,486,785,140,46
2468,1,360,Shamela0008176,6846,1163,1517,264,84
2468,360,1016,Shamela0008176,6847,1,514,384,68
2468,1,386,Sham19Y0131521,5803,233,589,261,79
2468,176,574,Shamela0005756,5135,934,1489,255,56
2468,22,750,Shia001831Vols,627,957,1463,333,53
2468,176,548,Shamela0001442,1085,70,485,173,42
2468,1,137,JK000201,2998,1319,1456,112,99
2468,137,311,JK000201,2999,1,174,139,99
2468,1183,1325,JK000201,3000,1358,1500,106,85
2468,1325,1575,JK000201,3001,1,252,199,98
2468,176,548,Sham19Y0132973,924,339,773,172,41
2468,15,548,ShamAY0033531,3145,174,787,265,44
2468,1180,1515,ShamAY0033531,3145,1298,1510,156,56
2468,15,166,ShamAY0033531,4327,1387,1509,98,79
2468,1180,1575,ShamAY0033531,4328,985,1257,205,63
2468,176,548,ShamAY0033531,4328,42,474,170,40
2468,1399,1566,Sham19Y0018103,1143,283,420,98,74
2468,176,548,Shamela0025800,2897,1047,1486,173,41
2468,176,548,Sham19Y0150639,373,742,1173,187,48
2468,1274,1575,Sham19Y0013252,2645,315,849,174,40
2468,1,1021,Sham19Y0122257,3077,192,1090,679,77
2468,997,1378,Sham19Y0017063,1394,794,1028,163,51
2468,15,335,Sham19Y0017063,1398,1142,1394,164,59
2468,176,548,ShamAY0033760,753,55,450,166,42
2468,22,563,Sham19Y0013605,1593,876,1188,203,46
2469,285,457,Shamela0008176,6843,1,306,118,48
2469,1,409,Shia002702Vols,7906,1234,1490,122,36
2469,210,517,Shia002702Vols,7907,1,313,234,93
2469,719,961,Shia001831Vols,629,49,679,125,23
2469,1,517,JK000201,3001,252,987,399,67
2469,11,494,Sham19Y0122406,4177,501,980,262,56
2469,1039,1489,Sham19Y0122406,4178,527,910,135,31
2469,1,457,ShamAY0033531,3146,61,489,258,57
2469,1,353,ShamAY0033531,4328,1257,1511,203,71
2469,11,290,Sham19Y0018103,1143,420,560,95,43
2469,392,971,Sham19Y0020638,1874,869,1296,183,34
2469,1,409,ShamAY0034350,196,879,1010,80,25
2469,1,457,Sham19Y0122257,3074,422,779,282,76
2469,107,587,Sham19Y0017063,1394,1038,1466,298,71
2469,11,444,Sham19Y0013605,1592,586,847,158,45
2470,846,1446,JK007014,151,508,1044,403,79
2470,533,797,Sham19Y0131521,5802,859,1072,140,59
2470,1,204,Sham19Y0131521,5805,1195,1395,145,85
2470,841,1348,Shamela0005756,5128,358,777,285,65
2470,432,716,Shamela0005756,9184,257,643,174,49
2470,445,749,JK000201,2999,1179,1506,245,92
2470,950,1281,Sham19Y0122406,4176,118,449,210,68
2470,500,841,ShamAY0033531,3144,312,516,159,57
2470,500,841,ShamAY0033531,4327,13,217,159,57
2470,768,1446,Shia003461Vols,874,589,1085,286,46
2470,716,1348,Sham19Y0018103,1142,663,964,128,22
2470,905,1348,Sham19Y0013252,2644,614,1059,230,51
2470,1249,1438,Sham19Y0122257,3073,767,990,127,70
2470,620,1462,Sham19Y0017063,1394,15,813,595,84
2471,540,890,Shamela0004445,6831,61,470,108,24
2471,170,662,Kraken220413194022,2919,762,1194,75,13
2471,521,867,Shia003470,273,766,1180,90,18
2471,1,540,Shamela0008176,6844,781,1296,230,42
2471,170,867,Shia001353,377,213,896,145,17
2471,540,883,JK000374,144,31,410,94,22
2471,170,662,Sham19Y0013614,744,431,839,80,14
2471,521,867,Shamela0005610,243,188,593,104,25
2471,170,653,Shamela0001727,1607,973,1401,87,15
2471,521,867,Sham19Y0013572,531,136,542,101,27
2471,827,954,Sham19Y0127677,7124,978,1103,91,84
2471,170,867,JK000785,2742,185,829,95,11
2471,822,1042,Sham19Y0013253,887,1286,1499,115,57
2471,170,662,Shia001831Vols,631,758,1195,94,16
2471,540,867,Sham19Y0122406,4177,75,472,101,23
2471,812,1563,Sham19Y0122406,4183,383,1080,380,55
2471,521,867,Shamela0025800,2894,531,1181,90,13
2471,521,867,Shamela0025800,2899,887,1369,112,22
2471,170,662,Sham19Y0017791,1813,133,541,80,14
2471,1,516,Sham19Y0020638,1875,582,692,81,20
2471,521,883,JK001233,15,826,1313,116,23
2471,822,1563,Shia001174Vols,900,486,882,205,33
2471,170,662,Sham19Y0016976,1626,880,1288,80,14
2471,827,1283,Sham19Y0122142,767,698,1223,171,33
2471,170,662,Sham19Y0017616,516,841,1278,94,16
2471,1,476,Sham19Y0017616,652,578,722,106,28
2471,1,481,Sham19Y0122257,3075,449,735,211,54
2471,1,662,Sham19Y0017063,1395,138,711,272,40
2471,827,1191,Sham19Y0014252,465,1123,1245,87,30
2472,557,992,Shamela0008176,6783,1251,1621,286,79
2472,617,996,Sham19Y0131521,2230,95,381,209,66
2472,561,1305,Shamela0037325,1851,936,1540,303,43
2472,664,996,Shamela0021715,5260,515,738,164,58
2472,617,1258,Shamela0005756,5136,800,1284,329,63
2472,654,1558,Shamela0005756,14994,153,483,204,27
2472,664,1627,Shamela0023628,3051,1,955,696,84
2472,572,937,Sham19Y0122406,4180,838,1509,234,41
2472,933,1564,Sham19Y0122406,4181,10,661,297,48
2472,711,1034,Sham19Y0013223,2799,1066,1316,169,65
2472,557,925,JK001233,24,1298,1670,278,87
2472,925,1627,JK001233,25,1,703,538,90
2472,568,1034,Sham19Y0122257,3051,385,781,307,80
2472,654,1558,Sham19Y0013605,4866,640,963,199,27
2473,50,398,Shamela0008176,6784,35,362,246,85
2473,1196,1395,Shia001831Vols,634,316,523,124,72
2473,964,1180,JK000201,2997,60,259,132,76
2473,1,455,Shamela0023628,3051,955,1194,178,49
2473,1002,1514,ShamAY0035990,166,970,1401,162,33
2473,1215,1582,Sham19Y0018272,1214,280,708,271,73
2473,1,468,JK001233,25,703,1182,370,95
2473,1257,1582,JK001233,27,989,1349,254,85
2473,50,398,Sham19Y0122257,3051,788,1109,252,88
2473,1191,1514,Sham19Y0017063,1379,1315,1528,163,61
2473,670,988,Sham19Y0017063,1379,1,260,196,72
2473,1257,1539,Sham19Y0150962,1213,187,514,183,66
2474,343,636,Shamela0004445,6832,319,447,58,20
2474,205,385,Sham19Y0131521,5783,159,395,112,52
2474,343,636,Shamela0001727,1610,840,968,58,20
2474,343,636,Sham19Y0127677,8983,1135,1262,58,20
2474,343,719,Shia001831Vols,634,1045,1453,171,42
2474,807,1320,JK000201,2984,974,1476,381,89
2474,343,800,Shamela0004289,1628,730,1046,84,16
2474,343,636,Shamela0007485,29,1165,1294,58,20
2474,800,1033,Sham19Y0132524,3042,816,1289,69,16
2474,1,122,Sham19Y0018272,1214,708,829,96,99
2474,127,636,Sham19Y0020638,1350,50,401,104,19
2474,941,1326,JK001233,21,1,418,243,65
2474,1,122,JK001233,27,1349,1471,96,98
2474,333,592,JK001233,28,616,920,188,76
2474,1362,1530,JK001233,28,916,1104,138,89
2474,343,855,Sham19Y0017616,517,922,1343,149,27
2474,385,555,Sham19Y0017616,652,788,971,121,79
2474,343,636,Zaydiyya0000053,1202,427,555,58,20
2474,343,800,JK007065,150,295,566,88,22
2474,980,1338,Sham19Y0150962,1215,1,358,279,97
2474,127,800,ShamAY0033760,721,113,1000,166,19
2474,343,855,JK009214,115,84,566,142,22
2475,501,1203,Sham19Y0013257,95,113,1159,247,22
2475,1403,1581,Shamela0008176,6792,95,284,125,77
2475,319,808,ShamAY0035977,12,834,1510,269,46
2475,837,1127,ShamAY0035977,13,318,995,206,37
2475,837,1127,Sham19Y0014299,367,804,1529,208,35
2475,82,716,Sham19Y0014299,367,5,412,182,33
2475,837,1203,Sham19Y0017116,281,748,1013,137,40
2475,637,1022,Sham19Y0013631,614,708,890,124,40
2475,1376,1596,JK001233,21,852,1088,163,84
2475,1,501,JK001233,28,1109,1617,398,95
2475,501,1372,JK001233,29,1,926,604,72
2475,501,1203,Sham19Y0016826,268,83,1110,237,21
2475,1248,1596,Sham19Y0122257,3053,626,1347,223,37
2475,1411,1596,Sham19Y0017063,1382,1,182,140,91
2475,111,579,Shamela0000791,713,1357,1572,128,33
2475,637,1022,Shamela0000791,714,42,608,194,36
2476,784,1480,ShamAY0034227,657,11,703,499,82
2476,1,539,Shamela0008176,6792,342,597,185,41
2476,588,861,Shamela0008176,6793,385,866,113,27
2476,629,1224,Shamela0008176,6794,1116,1612,374,76
2476,1224,1469,Shamela0008176,6795,1,247,185,90
2476,753,1189,Shamela0000432,245,470,827,242,70
2476,1058,1480,Shamela0000432,4673,112,536,334,98
2476,5,539,Shamela0000140,2125,656,982,185,38
2476,579,839,Shamela0000140,2125,1307,1547,167,73
2476,1043,1417,Shamela0000140,2126,119,706,222,43
2476,356,569,JK000201,2985,1090,1309,162,89
2476,629,984,JK000201,2986,1290,1581,225,76
2476,984,1469,JK000201,2987,1,481,386,98
2476,5,1037,Sham19Y0122406,4189,396,1475,369,31
2476,984,1566,Sham19Y0145212,3293,134,600,144,23
2476,866,1554,Sham19Y0132524,3047,360,567,130,23
2476,753,1070,Sham19Y0149697,701,1008,1535,134,30
2476,1070,1375,Sham19Y0149697,702,1,279,209,84
2476,662,1469,ShamAY0033531,3120,1,1015,452,46
2476,609,808,ShamAY0033531,4302,1137,1357,134,75
2476,1043,1469,ShamAY0033531,4303,264,684,335,98
2476,549,861,ShamAY0033945,2629,1179,1330,104,41
2476,549,846,Sham19Y0018569,859,793,1069,127,53
2476,1,549,JK001233,21,1088,1581,318,65
2476,549,1417,JK001233,29,694,1585,667,89
2476,1,450,Sham19Y0122257,3053,1347,1523,139,38
2476,549,846,Sham19Y0122257,3054,851,1127,127,53
2476,629,1485,Sham19Y0122257,3055,411,1308,569,69
2476,710,1189,Sham19Y0032195,293,128,563,296,76
2476,1,1591,Sham19Y0017063,1382,182,1377,852,63
2476,853,1037,ShamAY0033760,745,844,992,98,64
2477,8,453,Sham19Y0127668,38,592,958,259,65
2477,1220,1554,Sham19Y0127668,39,986,1304,200,64
2477,280,453,Shamela0008176,6796,970,1206,141,72
2477,513,750,Shamela0008176,6797,478,711,185,92
2477,572,970,JK000201,2988,704,1178,227,46
2477,1024,1490,JK000201,2989,74,883,360,53
2477,1,611,Sham19Y0020638,1876,811,1130,184,35
2477,17,736,JK001233,22,457,1639,392,36
2477,1035,1659,JK001233,23,601,945,179,30
2477,1,611,Sham19Y0017616,652,1302,1457,111,22
2477,1360,1490,Sham19Y0017616,653,1,131,104,99
2477,761,1454,Shamela0021589,151,244,587,180,30
2477,295,453,Sham19Y0122257,3056,702,852,121,93
2477,596,1685,Sham19Y0122257,3057,1,831,405,37
2477,1217,1490,Sham19Y0014119,1493,414,654,128,51
2477,295,631,Sham19Y0014119,1493,149,402,183,67
2477,1,263,Sham19Y0017063,1382,1377,1641,213,97
2477,263,1499,Sham19Y0017063,1383,1,1209,694,56
2478,137,401,Shamela0001441,43,1240,1448,96,40
2478,137,401,Shamela0004445,6845,721,908,96,43
2478,881,1312,Shamela0004445,6845,1149,1485,108,27
2478,881,1312,Shamela0007798,6538,532,850,107,28
2478,885,1312,Shamela0007891,2568,271,601,106,27
2478,137,401,Shamela0011818,76,551,747,103,45
2478,344,579,Shia001432Vols,13203,633,792,119,63
2478,885,1312,ShamAY0034438,104,369,651,98,23
2478,137,401,JK009390,1506,488,664,88,42
2478,885,1312,JK009390,1506,1059,1406,110,28
2478,137,401,JK009390,6084,176,351,88,43
2478,885,1312,Shamela0008176,6787,904,1316,109,23
2478,137,401,Shamela0008176,6787,330,508,92,41
2478,1188,1583,Shamela0008176,6803,387,1075,226,37
2478,137,401,JK000374,149,636,815,88,42
2478,137,401,Sham19Y0013614,735,594,771,91,40
2478,881,1312,Sham19Y0013614,735,1175,1579,115,24
2478,990,1559,Sham19Y0013614,738,38,728,145,18
2478,885,1312,JK010001,1334,1035,1376,110,28
2478,137,401,JK010001,1334,623,810,95,42
2478,881,1037,Shamela0008353,558,1170,1324,84,53
2478,137,401,Tafsir07055,1409,1001,1189,95,42
2478,344,579,Shia003965Vols,12726,122,281,119,63
2478,137,401,Shamela0001727,1612,1377,1564,96,43
2478,137,401,JK000916,529,527,731,90,35
2478,881,1312,JK000916,529,976,1218,89,22
2478,137,401,JK009266,6051,1162,1346,99,42
2478,881,1312,JK009266,6052,1,334,109,28
2478,881,1312,Shamela0003118,179,825,1193,119,26
2478,137,401,Sham19Y0023644,696,561,747,95,46
2478,881,1312,Shamela0012014,383,1023,1492,134,26
2478,137,401,Shamela0012014,383,545,768,118,47
2478,137,401,Sham19Y0127677,5251,878,1053,92,41
2478,344,579,Sham19Y0127677,15833,1171,1332,120,64
2478,137,401,Shamela0000894,1326,494,681,96,43
2478,885,1312,Shamela0000894,1326,907,1247,108,27
2478,137,401,Shamela0000483,24,95,274,91,39
2478,885,1312,Shamela0000483,24,662,1131,111,23
2478,885,1312,Tafsir09084,642,513,852,105,27
2478,137,401,Tafsir09084,642,91,289,101,43
2478,344,579,Shia003923Vols,1660,748,907,119,63
2478,885,1312,Sham19Y0017903,1024,1089,1463,116,26
2478,137,401,Sham19Y0017903,1024,646,845,96,41
2478,137,401,Shia001831Vols,636,212,399,96,43
2478,885,1312,Shia001831Vols,636,625,965,108,27
2478,49,470,Shia001831Vols,637,913,1086,112,34
2478,952,1376,Shia001831Vols,637,1166,1467,208,58
2478,881,1312,Shamela0000140,2128,1050,1519,134,26
2478,38,495,JK000201,2989,1186,1605,145,30
2478,900,1159,JK000201,2990,890,1339,137,36
2478,137,401,Shamela0004289,1632,94,281,90,38
2478,881,1312,Shamela0004289,1632,525,910,131,28
2478,137,401,Shamela0023628,2497,538,748,93,39
2478,881,1312,Shamela0023628,2497,990,1320,106,27
2478,881,1316,ShamAY0034068,1784,958,1389,143,32
2478,38,401,ShamAY0034068,1784,473,726,119,38
2478,137,401,Shamela0001975,619,1068,1261,106,50
2478,169,401,Sham19Y0122406,4190,1002,1166,85,41
2478,137,395,Shia002265Vols,4689,516,708,91,38
2478,881,1188,Shamela0007485,24,1275,1592,80,27
2478,137,401,Shamela0007485,24,779,996,109,45
2478,137,401,JK000384,452,608,800,93,45
2478,885,1312,JK000384,452,1053,1390,100,26
2478,137,401,Shamela0008473,1425,535,733,101,43
2478,885,1312,Shamela0008473,1425,959,1299,108,27
2478,963,1474,Sham19Y0132524,3050,763,1540,135,16
2478,137,401,Shamela0001438,7288,1234,1409,92,41
2478,49,401,ShamAY0033531,3121,155,739,144,26
2478,137,401,ShamAY0033531,4304,221,411,92,39
2478,137,401,Kraken230110004547,528,1283,1474,95,42
2478,881,1312,ShamAY0033945,2630,1016,1395,131,29
2478,132,401,ShamAY0033945,2630,559,776,96,44
2478,137,401,Shamela0036446,1400,1388,1573,99,42
2478,881,1188,Shamela0010283,2746,1071,1361,87,28
2478,344,579,Shamela0001687,9934,302,464,120,63
2478,137,401,Shamela0025800,2886,1349,1550,96,40
2478,137,401,Sham19Y0017791,1793,570,748,92,41
2478,881,1312,Sham19Y0017791,1793,1152,1556,112,23
2478,885,1312,Shamela0021659,827,941,1288,110,28
2478,137,401,Shamela0021659,827,375,547,89,43
2478,137,401,ShamAY0034005,1526,51,256,103,42
2478,885,1312,Sham19Y0020638,1352,489,860,108,26
2478,137,401,Sham19Y0020638,1352,64,263,96,41
2478,836,1312,Sham19Y0020638,1877,1,414,200,45
2478,881,1188,Shamela0003722,3492,1428,1566,55,23
2478,137,401,Shamela0003722,3492,1003,1184,90,41
2478,137,401,JK001233,18,740,918,92,41
2478,885,1312,JK001233,18,1208,1547,107,27
2478,591,1376,JK001233,23,1077,1658,317,43
2478,137,401,Shamela0021766,1525,189,365,87,42
2478,885,1312,Shamela0021766,1525,754,1173,113,23
2478,137,401,Shamela0021766,2669,81,260,96,42
2478,881,1312,Shamela0021766,2669,499,829,105,27
2478,137,401,Sham19Y0016976,1610,708,886,92,41
2478,137,401,Sham19Y0017616,518,1243,1446,97,42
2478,881,1312,Shamela0021589,153,811,1144,99,26
2478,137,401,Shamela0000041,1584,1051,1231,92,40
2478,453,579,Sham19Y0020891,1323,85,206,95,93
2478,137,401,JK007065,1258,1125,1327,100,42
2478,44,401,Sham19Y0122257,3057,995,1397,163,39
2478,1159,1583,Sham19Y0122257,3059,106,951,218,29
2478,137,401,Sham19Y0014119,568,576,762,95,42
2478,881,1312,Sham19Y0014119,568,1167,1577,116,24
2478,137,401,Sham19Y0017063,1381,611,801,92,41
2478,55,470,Sham19Y0017063,1383,1205,1443,173,52
2478,1213,1573,Sham19Y0017063,1384,1225,1519,209,65
2478,958,1312,Sham19Y0017063,1384,437,747,147,43
2478,137,401,ShamAY0033760,732,733,936,100,42
2478,885,1312,Shamela0008360,810,772,1188,112,23
2478,137,401,Shamela0008360,810,201,383,94,42
2478,407,1082,Shamela0000791,715,853,1468,371,62
2478,1188,1583,Shamela0000791,716,332,641,240,71
2479,1286,1610,Shamela0007891,2568,878,1285,71,14
2479,230,589,Sham19Y0127668,46,77,292,155,51
2479,1,230,Sham19Y0127668,110,141,366,175,93
2479,1,386,Shamela0008176,6803,1075,1564,269,63
2479,471,1143,Shamela0008176,6804,162,1134,427,51
2479,1400,1551,Shamela0008176,6805,725,884,125,94
2479,1286,1610,Shamela0001727,1613,846,1192,73,17
2479,1050,1286,Shamela0010664,1276,1270,1530,143,60
2479,230,682,Shamela0000140,2129,894,1256,219,52
2479,1091,1538,Shamela0000140,2130,353,844,205,43
2479,230,1551,JK000201,2991,523,1411,565,48
2479,1286,1610,Shamela0004289,1632,1190,1526,74,17
2479,1286,1610,Sham19Y0122406,4193,1077,1423,73,17
2479,1286,1610,Sham19Y0132524,3051,1197,1354,75,29
2479,1286,1610,Shamela0036446,1401,835,1005,75,28
2479,1286,1610,Sham19Y0020638,1352,1139,1310,73,25
2479,1085,1468,Sham19Y0020638,1877,619,774,109,34
2479,1286,1610,JK001233,19,230,589,71,15
2479,956,1626,JK001233,24,705,1107,258,45
2479,36,721,JK001233,24,91,688,327,47
2479,1286,1610,Shamela0021766,2669,1108,1305,73,26
2479,1286,1610,Shamela0000041,1585,482,816,71,16
2479,1,840,Sham19Y0122257,3059,951,1629,515,72
2479,936,1551,Sham19Y0122257,3060,782,1324,361,66
2479,312,1538,Sham19Y0017063,1385,19,723,531,51
2479,1,1551,Shamela0000791,716,641,1589,737,57
2480,467,974,Shamela0004445,6851,122,341,95,22
2480,467,974,Shamela0011818,82,7,226,95,22
2480,467,1000,Shia001432Vols,18646,493,747,102,20
2480,607,933,Shamela0008176,6813,1,304,229,84
2480,467,986,Masaha003955Vols,103,1159,1364,83,17
2480,467,974,Masaha001920,34,780,1026,94,20
2480,467,986,Shamela0001727,1614,379,610,98,20
2480,467,974,Shia003727Vols,307,1149,1378,88,20
2480,1191,1492,Shia001831Vols,639,471,667,123,49
2480,933,1182,Shamela0000140,2139,169,363,123,62
2480,1260,1564,Sham19Y0145212,3300,527,1052,178,38
2480,467,933,Sham19Y0017791,1802,121,373,170,44
2480,467,1000,Shia003707Vols,963,306,567,102,19
2480,467,974,Rafed0002654Vols,5084,986,1204,83,19
2480,467,974,Rafed0002654Vols,7193,311,557,94,20
2480,467,974,Shia004092Vols,7192,485,731,94,20
2480,467,974,Shia004092Vols,12753,516,734,83,19
2480,467,986,Sham19Y0017616,519,1133,1364,98,20
2480,99,574,Sham19Y0122257,3062,1110,1513,154,30
2480,583,928,Sham19Y0122257,3063,9,319,241,86
2480,104,458,Sham19Y0017063,1386,119,450,264,90
2480,216,458,Shamela0000791,717,996,1238,194,98
2480,467,974,Shia001551,136,728,944,84,19
2481,149,364,Shamela0008176,6808,522,706,148,83
2481,633,936,Shamela0008176,6837,836,1417,216,46
2481,667,912,Shamela0005756,14994,968,1120,104,54
2481,456,852,Shia001831Vols,640,158,337,133,42
2481,606,917,Shamela0023628,3051,1194,1505,205,78
2481,628,912,ShamAY0034068,3061,315,559,166,71
2481,437,861,Sham19Y0122406,4197,777,1150,214,57
2481,917,1572,ShamAY0033531,3128,117,797,458,81
2481,1101,1572,ShamAY0033531,4311,1,472,381,100
2481,611,912,Sham19Y0018103,4089,477,773,106,34
2481,1026,1572,JK001233,30,91,650,420,90
2481,437,961,Sham19Y0017616,520,743,1460,146,20
2481,1193,1377,ShamAY0038405,578,20,226,124,69
2481,38,437,Sham19Y0122257,3061,984,1295,239,72
2481,592,936,Sham19Y0122257,3072,882,1225,216,75
2481,144,336,Sham19Y0014119,1494,195,377,137,80
2481,1026,1568,Shamela0000791,720,775,1299,419,94
2482,1030,1155,Shamela0004445,6834,1195,1320,100,100
2482,135,553,Shamela0004445,6890,211,605,131,30
2482,135,553,Shamela0011818,118,1,392,134,33
2482,1008,1518,Sham19Y0013769,1496,31,502,267,57
2482,154,541,JK009390,2857,269,618,105,28
2482,845,1003,Shamela0008176,6819,325,496,120,82
2482,154,541,Shamela0008176,6874,190,535,111,30
2482,154,541,Sham19Y0013614,749,1027,1371,107,27
2482,1008,1515,Sham19Y0131521,3236,966,1315,204,48
2482,1030,1155,Masaha001920,35,328,436,86,86
2482,135,553,Shamela0001727,1616,638,1032,134,33
2482,1030,1155,Shamela0001727,1618,110,235,100,100
2482,1025,1155,Sham19Y0023644,1387,1303,1432,103,99
2482,154,549,Shamela0012014,385,116,483,116,30
2482,845,1127,Shamela0010664,371,591,965,165,46
2482,154,541,Sham19Y0127677,2670,519,874,109,29
2482,1030,1155,Sham19Y0127677,10782,757,882,100,100
2482,135,561,Tafsir09084,643,354,748,134,33
2482,135,519,Sham19Y0013231,8071,116,439,114,30
2482,98,622,Shia001831Vols,641,931,1209,190,45
2482,1030,1155,Shia001831Vols,642,157,282,100,100
2482,845,1003,JK000201,3008,137,298,120,86
2482,1030,1275,Shamela0004289,1638,518,693,120,61
2482,98,553,Shamela0004289,1661,489,933,144,33
2482,154,541,Shamela0001975,1074,369,735,108,28
2482,154,510,Shia002265Vols,4695,714,1015,101,30
2482,181,526,Sham19Y0145212,3333,178,1333,169,16
2482,1030,1155,JK000384,464,1166,1297,100,93
2482,135,561,Shamela0008473,1426,1038,1436,134,33
2482,135,561,Shamela0008473,3580,594,992,134,33
2482,1047,1298,Sham19Y0132524,3057,1,657,129,24
2482,124,600,Sham19Y0132524,3064,361,1060,176,25
2482,164,541,Sham19Y0149697,1721,653,983,98,27
2482,154,541,Shamela0001438,4303,479,827,109,29
2482,98,561,ShamAY0033945,2693,890,1292,123,30
2482,154,553,Shamela0036446,1409,1100,1450,115,31
2482,154,549,Shamela0010283,2753,384,758,120,31
2482,1030,1155,Shamela0025800,2880,859,984,100,100
2482,164,541,Shia003732Vols,4422,762,1094,102,26
2482,154,541,Shamela0021659,1461,840,1186,106,26
2482,135,501,Sham19Y0020638,1354,1120,1427,106,28
2482,1008,1155,Sham19Y0020638,1355,738,885,117,100
2482,98,454,Sham19Y0020638,1878,772,1064,202,71
2482,1030,1275,Masaha001864Vols,1994,1066,1290,118,50
2482,1166,1312,Masaha001864Vols,5046,97,418,107,41
2482,1030,1155,Shamela0010830,4,326,451,100,100
2482,853,1025,Shamela0010830,6,989,1145,120,82
2482,154,541,Sham19Y0016976,1643,287,632,108,29
2482,135,553,Sham19Y0017616,521,259,652,132,33
2482,1047,1155,JK007065,1498,1,109,86,100
2482,170,510,Sham19Y0132618,274,1147,1286,82,31
2482,135,549,JK000030,187,1111,1498,131,30
2482,154,572,ShamAY0033760,174,1057,1419,107,24
2482,164,541,Shamela0008360,822,1,327,107,30
2482,98,519,JK009214,18,98,480,126,32
2482,1030,1155,JK009214,128,1336,1461,98,98
2482,98,519,JK009214,142,489,871,126,32
2483,428,536,Shamela0004445,6835,325,432,80,97
2483,433,1088,Sham19Y0013769,1502,890,1255,247,48
2483,428,536,Masaha001920,35,846,951,76,93
2483,428,536,Shamela0001727,1618,722,831,80,95
2483,428,536,Shia001831Vols,642,769,876,80,97
2483,428,536,Sham19Y0122406,4202,1257,1364,80,97
2483,272,536,Sham19Y0122406,4203,712,1181,140,37
2483,428,536,Shamela0025800,2881,11,117,79,96
2483,428,536,Masaha001864Vols,1995,316,444,76,74
2483,1,423,Masaha001864Vols,5046,264,677,200,45
2483,423,577,Masaha001864Vols,5046,1353,1472,88,74
2483,592,1088,Masaha001864Vols,5047,1,423,133,26
2483,428,536,Shamela0010830,4,942,1049,80,97
2483,1,423,Shamela0010830,7,288,686,205,47
2483,428,577,Shamela0010830,7,1350,1463,82,70
2483,897,1088,Shamela0010830,8,225,418,91,50
2483,428,536,Sham19Y0017616,522,584,691,80,97
2483,428,536,JK009214,129,437,540,76,91
2484,12,1128,Shia001831Vols,644,589,1122,351,38
2484,1377,1503,Shia001831Vols,645,182,416,99,52
2484,46,211,ShamAY0033531,3138,1190,1351,121,92
2484,837,1055,ShamAY0033531,3140,1029,1338,66,29
2484,46,211,ShamAY0033531,4321,876,1037,121,92
2484,837,1128,ShamAY0033531,4323,721,1347,129,26
2484,235,1128,Shamela0010830,8,433,988,315,38
2484,320,1128,Sham19Y0017616,654,293,745,180,26
2484,7,833,Sham19Y0017063,1388,146,1190,412,40
2485,658,978,Shamela0005858BK2,20,69,403,254,95
2485,160,380,Shamela0001727,1622,455,1016,147,32
2485,121,380,Shia001831Vols,645,438,1385,182,24
2485,160,437,Sham19Y0020638,1359,674,1108,169,47
2485,1232,1611,Sham19Y0020638,1880,444,881,100,19
2485,1206,1363,Shamela0001467,84,1089,1591,121,29
2485,262,380,Shamela0026510,30,385,503,95,100
2485,262,384,Shamela0010443,535,1089,1211,90,84
2486,43,259,Shamela0004445,6933,504,1233,152,26
2486,150,259,Shamela0011818,160,91,466,79,26
2486,43,200,JK009390,5840,143,386,88,44
2486,642,1112,Shamela0008176,6878,481,817,123,30
2486,1055,1251,Shamela0008176,6880,673,1118,123,33
2486,642,1112,Sham19Y0013614,750,785,1105,122,31
2486,43,259,Shamela0001727,1624,294,948,153,29
2486,642,1112,Shamela0001727,1625,95,528,133,24
2486,642,1112,Sham19Y0013572,1043,155,540,107,20
2486,642,1050,Sham19Y0127677,10014,118,798,287,50
2486,465,1112,Shia001831Vols,647,405,1135,196,24
2486,880,1520,Shia001831Vols,648,46,564,269,42
2486,677,1050,Shamela0000140,2161,87,545,239,62
2486,1251,1520,JK000201,3068,135,425,216,91
2486,852,1195,ShamAY0033531,3453,50,285,183,65
2486,852,1195,ShamAY0033531,4635,1042,1277,183,65
2486,43,252,Kraken230110004547,537,869,1202,102,32
2486,661,880,ShamAY0035990,180,1179,1364,80,41
2486,739,1055,Sham19Y0017729,656,283,501,149,59
2486,884,1216,Sham19Y0018272,1632,1185,1433,115,33
2486,150,1281,Sham19Y0020638,1363,101,1375,300,22
2486,797,1050,Sham19Y0013252,7204,140,454,139,53
2486,43,817,Sham19Y0020891,4822,318,992,149,16
2486,150,259,JK007065,809,155,420,78,37
2486,642,1112,JK007065,974,417,930,127,22
2486,642,1112,Sham19Y0014119,579,604,938,112,24
2486,739,1216,Sham19Y0017063,1408,8,428,306,77
2486,642,1251,Shamela0008360,822,729,1140,144,28
2487,1007,1123,JK007083,224,767,888,87,92
2487,382,672,Sham19Y0017878,429,1239,1491,169,69
2487,382,681,JK000021,2833,971,1256,186,69
2487,405,681,Rafed0003537Vols,584,1180,1424,149,66
2487,391,681,JK009390,160,1078,1287,136,58
2487,1007,1489,Sham19Y0017747,2287,489,1216,327,55
2487,1007,1123,JK006897,486,1061,1179,85,90
2487,388,681,Shia004020,159,1010,1289,166,67
2487,237,396,Shamela0097928,209,655,848,107,65
2487,388,681,JK001036,43,539,804,176,69
2487,401,612,Shamela0037325,2449,1057,1241,117,63
2487,382,681,Shamela0001727,1627,1030,1315,193,74
2487,1007,1118,Sham19Y0017757,181,27,143,85,93
2487,382,681,Shamela0009810,1449,95,386,193,72
2487,401,603,Shia004456Vols,1027,426,610,123,72
2487,1007,1231,Shamela0012014,133,632,820,99,54
2487,429,681,Shamela0012403,694,1,258,151,63
2487,420,996,Sham19Y0127677,246,171,733,363,68
2487,251,396,Sham19Y0127677,15500,1246,1381,106,90
2487,382,681,Shia001731Vols,846,1045,1336,193,72
2487,1007,1118,Sham19Y0014309,2757,1253,1369,85,93
2487,1007,1118,Sham19Y0017903,951,1318,1434,85,93
2487,382,996,Shia001831Vols,649,453,1136,412,68
2487,1007,1465,Shia001831Vols,650,212,601,267,70
2487,1012,1510,Sham19Y0016877,2,178,668,249,53
2487,1007,1118,Sham19Y0016877,59,527,640,83,91
2487,388,681,Shamela0036543,243,766,1029,177,70
2487,401,685,Zaydiyya0000474,753,532,790,176,73
2487,1140,1415,Shamela0000140,910,908,1420,187,44
2487,382,681,Shamela0004289,1013,441,725,192,74
2487,1007,1118,Shamela0023628,2142,174,290,85,93
2487,1007,1118,ShamAY0034068,1456,1092,1208,85,93
2487,1038,1465,Shamela0021660,2735,152,505,208,61
2487,420,681,Shamela0001975,107,805,983,128,60
2487,382,681,Sham19Y0122406,4218,243,529,194,74
2487,420,681,Shia002265Vols,3475,975,1150,126,59
2487,388,681,Shamela0007485,1,1124,1393,183,73
2487,401,681,Sham19Y0001734,2494,658,905,177,75
2487,420,681,Sham19Y0132524,2924,161,580,161,43
2487,420,681,Shamela0001438,492,1293,1471,129,61
2487,405,681,Kraken230110004547,490,354,582,155,69
2487,401,681,JK001297,95,1149,1368,142,58
2487,401,724,Shamela0025800,2736,1214,1541,193,69
2487,388,681,Shia003732Vols,4313,1264,1515,174,72
2487,401,612,Shamela0095735,225,615,795,117,63
2487,429,600,Shamela0010782,3,1,127,85,59
2487,388,681,Shamela0000170,1023,153,417,180,71
2487,420,685,Shia001368,296,5,226,150,68
2487,401,685,ShamAY0034005,1176,378,635,166,71
2487,1031,1465,Sham19Y0018272,879,518,982,284,68
2487,382,685,Shamela0006003,56,830,1094,169,66
2487,382,1118,Sham19Y0020638,1368,453,1037,271,36
2487,1007,1465,Sham19Y0013223,2757,1125,1558,315,81
2487,401,612,Shamela0011363,343,79,289,133,71
2487,382,681,Shamela0003722,7732,59,345,188,72
2487,1007,1118,Shamela0021766,2385,882,998,85,93
2487,1038,1465,Shamela0021654,1497,360,726,200,58
2487,1147,1391,Shamela0011036,2153,1148,1512,193,66
2487,382,681,Sham19Y0017616,529,31,316,193,74
2487,85,543,Sham19Y0017616,655,405,527,91,24
2487,405,681,Zaydiyya0000258,141,1001,1238,149,65
2487,401,681,JK007065,1208,216,475,177,76
2487,1166,1465,Sham19Y0122257,2936,206,497,224,94
2487,1007,1118,Sham19Y0017063,1301,107,223,85,93
2487,382,681,Sham19Y0148271,1202,692,975,192,74
2487,382,626,ShamAY0033760,642,1246,1475,140,68
2487,1007,1436,Shamela0022644,2105,562,888,126,32
2487,1057,1394,Shamela0000791,734,1185,1490,227,84
2488,1160,1346,Shamela0008176,6502,245,841,140,28
2488,1160,1672,Sham19Y0017747,2339,155,855,361,59
2488,602,998,Sham19Y0122402,320,491,780,126,35
2488,1182,1655,Shamela0021590,1523,1,564,221,39
2488,463,632,Shamela0001727,1629,300,742,53,12
2488,463,902,Shamela0005756,9904,570,1112,132,23
2488,804,991,Shamela0012014,29,396,569,88,52
2488,1160,1659,Shia001395Vols,706,771,1164,254,55
2488,217,911,Shia001831Vols,651,937,1309,242,41
2488,860,991,Shamela0000140,230,397,531,66,58
2488,1290,1638,Shamela0000140,1130,597,995,209,56
2488,956,1215,Sham19Y0122406,4222,1,328,84,28
2488,463,632,Sham19Y0001734,145,952,1307,53,14
2488,463,632,Sham19Y0132524,2927,920,1362,53,12
2488,941,1215,Sham19Y0132524,2928,840,1372,112,27
2488,472,1006,Sham19Y0018103,2310,514,958,142,25
2488,1179,1655,Sham19Y0018272,596,6,504,314,66
2488,463,632,Sham19Y0020638,1369,751,1203,53,12
2488,649,1105,Sham19Y0013252,6003,416,796,151,30
2488,463,638,Sham19Y0017616,530,273,728,58,13
2488,1187,1655,Sham19Y0122257,2949,1,1221,258,23
2488,1160,1601,Sham19Y0017063,1309,462,1251,332,49
2489,91,607,Shamela0004445,3770,262,472,94,21
2489,97,607,Shamela0029785,5,647,854,92,21
2489,91,607,Shamela0009200,715,287,503,107,26
2489,228,976,Shamela0001727,1630,33,540,154,19
2489,91,272,JK000916,7646,913,1061,77,56
2489,91,607,Sham19Y0127677,18418,58,264,99,23
2489,91,272,Shamela0012406,1320,1100,1241,74,53
2489,91,976,Shia001831Vols,652,568,1428,311,30
2489,91,272,Shamela0004289,1020,1004,1144,74,53
2489,91,607,Sham19Y0122406,4222,481,686,97,22
2489,434,845,Sham19Y0122406,4223,54,452,157,40
2489,91,607,Sham19Y0001734,2617,237,457,109,27
2489,223,852,Sham19Y0132524,2929,603,1308,230,31
2489,97,601,Shamela0036446,1218,275,468,86,23
2489,91,607,Shamela0009107,429,643,867,102,23
2489,91,976,Sham19Y0147597,1373,547,973,191,25
2489,97,607,ShamAY0034005,1058,183,383,90,20
2489,91,976,Sham19Y0020638,1370,264,858,186,21
2489,695,1324,Sham19Y0020638,1883,143,451,199,38
2489,97,607,Shamela0012981,393,543,754,100,25
2489,91,272,ShamAY0035884,850,1029,1170,74,53
2489,91,976,Sham19Y0017616,530,868,1266,188,25
2489,882,1194,ShamAY0038389,323,324,864,131,25
2489,91,601,JK007065,91,703,911,98,25
2489,97,601,Shamela0008360,953,769,963,89,23
2490,1170,1399,Shamela0009918,923,1009,1359,146,45
2490,1038,1399,Shamela0009810,1242,225,828,223,43
2490,749,1399,Shia001831Vols,655,134,855,283,38
2490,754,887,Masaha001864Vols,4470,336,469,103,97
2490,1185,1399,Sham19Y0013252,5482,972,1360,150,47
2490,1,519,Sham19Y0017063,1418,1203,1598,313,70
2491,169,335,Shamela0007891,2516,485,647,126,90
2491,848,1010,Shia002616Vols,3513,370,527,129,96
2491,848,1020,Shia000841Vols,124,90,261,140,99
2491,848,1010,Sham19Y0006538,397,900,1059,128,96
2491,169,335,Shamela0001727,1635,1300,1462,126,90
2491,715,1562,Shamela0001727,1636,258,938,262,29
2491,848,1010,JK006838,1154,901,1054,118,83
2491,848,1020,Sham19Y0013572,550,1224,1402,141,96
2491,856,1010,Shamela0012884,2905,968,1121,124,98
2491,169,335,Shamela0012884,2905,329,482,120,90
2491,848,1010,Kraken230106005528,423,328,483,111,82
2491,848,1010,Sham19Y0014309,1186,383,545,133,100
2491,856,1010,JK000170,90,250,393,109,81
2491,66,335,Shamela0009804,331,252,525,147,55
2491,169,335,Shamela0022547,1597,419,571,123,91
2491,169,1617,Shia001831Vols,657,1,1501,525,31
2491,169,304,Shamela0008266,31,1370,1511,109,95
2491,848,1010,Shamela0004289,267,492,654,133,100
2491,169,335,Shamela0004289,1055,1119,1275,126,93
2491,848,1010,Shamela0023628,1368,1304,1465,130,98
2491,895,1502,Sham19Y0122406,4232,1104,1442,146,24
2491,715,904,Sham19Y0122406,4232,330,573,70,33
2491,848,1010,Shamela0021677,22,924,1096,133,94
2491,169,335,Sham19Y0127713,1698,141,303,126,90
2491,848,1010,Sham19Y0001734,2288,246,382,110,80
2491,843,1010,Sham19Y0132524,3101,292,463,134,95
2491,848,1010,Shamela0021693,5,1294,1462,125,88
2491,848,1010,Shamela0025800,1017,1000,1162,133,100
2491,848,1010,Shamela0011620,96,1383,1545,133,100
2491,169,335,ShamAY0034054,2076,5,158,120,90
2491,66,738,Sham19Y0020638,1378,957,1397,162,24
2491,848,1014,Sham19Y0020638,1379,132,297,135,99
2491,169,335,Shamela0021479,141,1113,1274,126,90
2491,169,341,Tafsir02100,86,668,835,130,90
2491,848,1010,Shamela0012052,2442,99,255,127,95
2491,169,335,Shamela0023623,2156,505,658,120,90
2491,715,1010,Sham19Y0017616,462,1153,1473,155,53
2491,848,1020,Sham19Y0014580,187,362,533,140,99
2491,169,335,Shamela0037458,2169,1167,1320,120,90
2491,848,1010,JK007065,505,155,317,133,100
2491,848,1010,Shamela0021642,23,847,1019,133,94
2491,848,1010,Sham19Y0148271,1123,402,564,133,100
2491,169,341,Shamela0008658,1907,475,633,124,90
2492,1,167,Shamela0008176,6107,1224,1391,125,89
2492,1251,1513,Sham19Y0127677,8517,825,1073,181,85
2492,172,515,Sham19Y0127677,8743,805,1037,155,56
2492,172,302,Shamela0000894,4015,745,939,101,64
2492,172,464,Shamela0008381,2714,1364,1542,107,44
2492,1245,1537,Sham19Y0014309,1204,154,494,184,68
2492,558,888,Shia001831Vols,658,834,1339,164,35
2492,172,604,Shia001831Vols,658,102,455,216,56
2492,31,167,Shamela0000140,599,99,241,106,93
2492,1240,1522,Sham19Y0018272,1580,1200,1525,216,83
2492,215,410,Sham19Y0018272,1619,316,519,127,73
2492,1303,1522,ShamAY0000055,354,659,868,142,82
2492,1,191,Sham19Y0122257,2793,351,599,143,71
2492,1315,1556,Sham19Y0017063,1316,62,312,185,92
2492,167,515,Shamela0010517,2205,529,878,280,99
2493,1,323,ShamIbadiyya0000438,1036,555,903,233,81
2493,133,323,Shamela0008176,6554,662,864,149,92
2493,97,319,Shamela0021715,10700,242,590,163,57
2493,458,1129,Shamela0001727,1639,11,533,162,22
2493,1211,1401,Shamela0005756,9523,455,656,129,71
2493,890,1129,Sham19Y0127677,17303,1,437,107,27
2493,965,1129,JK007049,30,838,948,52,40
2493,458,1129,Shia001831Vols,660,283,1083,340,43
2493,965,1164,Shia001831Vols,661,54,219,105,57
2493,890,1286,ShamAY0034815,298,1,389,109,26
2493,458,1129,Sham19Y0122406,4237,202,1165,196,20
2493,971,1129,Shamela0008473,289,303,406,59,47
2493,895,1129,Sham19Y0132524,2778,1248,1480,88,40
2493,960,1156,Sham19Y0132524,2779,302,753,86,22
2493,1,246,Sham19Y0018272,2074,1205,1473,179,83
2493,965,1129,Zaydiyya0000454,69,64,171,52,40
2493,97,536,Sham19Y0020638,1380,764,1269,103,18
2493,965,1129,Sham19Y0020638,1381,378,488,52,40
2493,965,1129,JK000645,15,645,755,51,40
2493,975,1401,Sham19Y0013252,5749,587,1127,251,52
2493,913,1129,Sham19Y0017616,316,811,1018,75,35
2493,133,323,Sham19Y0122257,2966,571,773,149,92
2493,27,323,Sham19Y0017063,1316,454,753,233,94
2493,133,323,Sham19Y0150962,1286,567,769,149,92
2493,971,1206,Shamela0021537,2334,394,551,73,40
2493,458,900,Shamela0010517,70,602,1116,345,83
2494,1078,1483,JK000170,6150,6,397,90,19
2494,1362,1574,Sham19Y0122406,4240,927,1111,118,68
2494,1119,1574,Sham19Y0132524,2781,595,1071,192,42
2494,752,893,ShamAY0033531,3603,159,300,118,100
2494,752,893,ShamAY0033531,4785,1161,1302,118,100
2494,1033,1344,Sham19Y0023625,2095,649,841,135,55
2494,1294,1582,Sham19Y0017063,1169,1,236,155,62
2495,1162,1431,Shia001432Vols,28095,709,1055,163,57
2495,1162,1338,Shia003965Vols,473,1315,1500,116,73
2495,281,481,Sham19Y0131521,6587,1272,1498,139,77
2495,1162,1338,Shia000234Vols,3419,1057,1246,119,73
2495,325,746,Sham19Y0014309,2066,326,498,80,21
2495,1162,1331,Shia000317Vols,3599,1381,1566,114,71
2495,301,570,Shamela0000140,1413,1269,1557,117,47
2495,11,296,Sham19Y0122406,4240,1124,1448,180,66
2495,526,975,Sham19Y0122406,4242,13,586,221,43
2495,854,1019,Sham19Y0122406,4242,929,1068,106,76
2495,1,455,Sham19Y0132524,2781,938,1377,168,34
2495,124,384,Shamela0001341,109,237,572,93,25
2495,1162,1338,Shamela0001687,273,1065,1254,118,73
2495,1185,1351,Masaha001864Vols,2341,958,1217,126,57
2495,124,384,Shamela0012991,197,100,635,106,25
2495,1162,1398,Shia000277Vols,766,1251,1532,134,57
2495,1162,1338,Sham19Y0023625,2082,1357,1547,121,74
2495,1200,1351,Sham19Y0017063,1758,1334,1547,95,53
2496,448,606,ShamAY0034059,1892,97,257,110,88
2496,1309,1510,Sham19Y0127717,794,952,1166,145,80
2496,439,741,Shia001432Vols,21852,617,954,237,87
2496,458,588,JK009390,1522,1238,1370,101,95
2496,941,1220,Shamela0008176,6227,900,1480,149,32
2496,1293,1540,Shamela0008176,6228,485,727,184,92
2496,443,594,Shia002616Vols,413,1,151,119,99
2496,439,588,JK000110,831,173,317,107,86
2496,439,594,Shamela0025794,1354,85,241,118,94
2496,439,588,Sham19Y0014592,2641,447,599,110,90
2496,439,588,Shamela0021715,5217,890,1034,107,86
2496,529,880,Shamela0021715,5218,63,588,159,33
2496,1293,1540,Shamela0021715,9250,1185,1416,172,86
2496,439,588,Sham19Y0016684,1300,586,730,107,86
2496,439,594,Shamela0001727,1641,1044,1198,122,99
2496,439,594,Shamela0000432,5884,121,279,121,96
2496,439,594,Shamela0096753,104,805,950,109,87
2496,439,588,Sham19Y0013572,1211,178,322,106,85
2496,458,588,Shia002261Vols,278,946,1076,99,94
2496,439,741,Shamela0010664,1058,1095,1417,231,88
2496,439,588,Shamela0010664,1143,50,199,112,95
2496,458,588,Sham19Y0127677,1572,1149,1281,100,94
2496,439,741,Sham19Y0127677,8430,903,1228,196,65
2496,439,588,Tafsir06051,708,1360,1511,116,96
2496,439,594,Rafed0002905Vols,577,847,1005,122,96
2496,1309,1510,Sham19Y0122256,679,1176,1348,133,83
2496,458,647,Sham19Y0122096,2794,561,1139,143,30
2496,961,1354,Sham19Y0013253,892,630,1027,233,65
2496,439,594,Shia001831Vols,663,127,281,122,99
2496,697,1293,Shia001831Vols,663,707,1463,239,30
2496,1293,1500,Shia001831Vols,664,1,193,147,89
2496,439,594,Shamela0004289,1290,46,200,122,99
2496,467,647,Shamela0021660,3652,1085,1353,108,43
2496,439,594,Sham19Y0122406,4243,854,1008,122,99
2496,966,1390,Sham19Y0122406,4244,605,1355,256,41
2496,458,588,Shia002265Vols,4895,539,671,100,94
2496,1140,1525,Sham19Y0145212,3048,1111,1475,154,43
2496,439,588,Shamela0037837,847,699,843,107,86
2496,439,594,Sham19Y0132524,2023,394,548,122,99
2496,458,588,Shamela0001438,2546,914,1046,100,94
2496,1200,1495,ShamAY0033531,3517,675,1126,204,56
2496,1200,1495,ShamAY0033531,4700,136,587,204,56
2496,439,588,Sham19Y0018106,2318,1031,1175,107,86
2496,966,1525,Sham19Y0018106,3684,997,1439,215,43
2496,1329,1495,Sham19Y0013631,1958,5,159,121,92
2496,439,588,Shamela0025800,3478,1315,1466,115,95
2496,439,588,Shamela0096283,258,515,659,107,86
2496,439,693,Shia001269,235,1260,1534,191,85
2496,458,588,Shamela0021659,835,1072,1204,101,95
2496,467,647,JK007006,1203,949,1175,110,50
2496,439,588,ShamAY0034005,531,239,388,112,93
2496,467,988,Sham19Y0018272,1547,904,1562,264,44
2496,439,594,ShamAY0032839,25,1055,1209,121,98
2496,439,594,Sham19Y0020638,1383,108,262,122,99
2496,966,1553,Sham19Y0009763,127,327,806,199,36
2496,606,880,Sham19Y0013252,5789,840,1054,134,55
2496,439,588,Sham19Y0013252,5789,106,246,107,88
2496,985,1304,Masaha001946Vols,326,241,510,177,65
2496,439,594,Sham19Y0017616,369,892,1046,122,99
2496,603,741,Sham19Y0017616,623,90,226,110,98
2496,1,171,Sham19Y0023625,2080,807,968,132,94
2496,439,588,JK007065,1006,914,1058,106,85
2496,439,588,Tafsir06049,450,303,450,114,97
2496,439,884,Sham19Y0018176,1215,429,884,173,39
2496,1,171,Sham19Y0122257,2692,368,538,139,100
2496,1293,1540,Sham19Y0122257,2840,10,251,181,90
2496,966,1553,Sham19Y0017063,1260,592,1293,451,78
2496,439,594,Sham19Y0148271,1489,929,1089,119,93
2496,439,588,Sham19Y0013605,2770,736,880,107,86
2496,439,594,Shamela0008658,2926,284,438,122,99
2497,615,736,Kraken21040812,7,69,189,93,97
2497,755,910,Sham19Y0131521,6352,1195,1351,123,97
2497,1033,1364,Shamela0001727,1643,924,1466,130,30
2497,755,877,Shamela0005756,8453,1065,1202,80,64
2497,222,610,Shamela0005756,8454,287,519,169,54
2497,1316,1557,Shia001831Vols,665,1007,1286,111,36
2497,183,604,ShamAY0033531,3490,803,1218,326,95
2497,183,736,ShamAY0033531,4673,184,1014,404,60
2497,183,604,Sham19Y0018272,78,654,1017,264,77
2497,272,526,Sham19Y0013252,4818,1264,1469,145,69
2497,531,877,Sham19Y0013252,4819,5,720,203,34
2497,1129,1311,Sham19Y0023625,2115,1245,1444,141,83
2497,741,977,Sham19Y0023625,2116,312,608,132,50
2497,807,1068,Sham19Y0017063,1198,636,811,133,63
2497,170,638,Shamela0000791,640,933,1411,358,93
2497,222,604,Sham19Y0013605,2407,1019,1262,184,60
2497,301,473,Sham19Y0013605,4274,818,979,108,71
2498,247,453,Shamela0004473,5881,1,218,161,88
2498,462,720,Shamela0004473,5881,1235,1496,184,88
2498,720,1084,Shamela0004473,5882,1,333,264,89
2498,228,453,Shamela0096878,139,602,926,108,40
2498,671,822,Sham19Y0013253,982,795,946,116,92
2498,917,1231,Shia001831Vols,666,43,269,155,54
2498,242,1084,Sham19Y0018106,211,907,1259,199,30
2498,242,1084,Sham19Y0018103,287,561,907,196,29
2498,228,528,Shia001976Vols,1670,1195,1484,200,77
2498,528,1110,Shia001976Vols,1671,1,377,276,55
2498,242,1084,Sham19Y0013605,441,984,1343,219,31
2499,1445,1615,Sham19Y0148486,7771,1210,1380,139,100
2499,264,793,Shamela0001727,1646,489,875,101,19
2499,80,793,Shia001831Vols,668,99,601,275,40
2499,784,1569,Shia001831Vols,673,150,384,168,27
2499,641,1569,Sham19Y0020638,1888,66,389,172,23
2500,511,681,Sham19Y0148486,7771,842,1014,138,97
2500,511,671,Shia002616Vols,7241,950,1088,104,77
2500,526,675,Shamela0097928,372,501,766,103,46
2500,821,1466,Shamela0001727,1647,246,858,163,21
2500,1001,1466,Shia001831Vols,669,52,498,123,21
2500,31,1001,Shia001831Vols,673,389,916,334,42
2500,1290,1430,JK000201,2421,756,901,110,95
2500,1011,1456,Shamela0009564,42,705,1155,108,26
2500,1290,1430,ShamAY0033531,2919,125,270,110,95
2500,1290,1430,ShamAY0033531,4101,1344,1489,110,95
2500,1006,1463,Shamela0025800,996,917,1315,97,20
2500,821,1466,Shamela0025800,3284,661,1273,163,21
2500,821,1466,Sham19Y0020638,1388,189,797,163,21
2500,497,675,Sham19Y0023625,94,446,619,138,94
2500,821,1463,JK007065,1250,39,643,161,21
2501,489,1290,Shia001831Vols,673,916,1184,187,28
2501,776,1088,Sham19Y0122406,4258,306,957,160,28
2501,105,1304,Sham19Y0020638,1888,988,1387,214,23
2501,813,1230,Sham19Y0017616,625,1325,1480,125,37
2501,1,230,Sham19Y0023625,2568,913,1566,175,32
2501,230,403,Sham19Y0023625,2569,1,174,138,94
2501,762,927,Sham19Y0014601,1017,19,687,83,15
2503,1498,1596,Shamela0000767,715,220,318,77,100
2503,1094,1596,ShamAY0038116,14,554,927,134,25
2503,1498,1596,Shamela0001727,1649,1,99,77,100
2503,1498,1596,Sham19Y0147658,592,5,103,77,100
2503,1094,1596,Shia001831Vols,670,811,1208,147,27
2503,190,1001,Shia001831Vols,674,22,295,179,26
2503,1094,1596,Shamela0004289,1438,375,772,147,27
2503,1436,1596,Sham19Y0122406,4261,641,763,88,70
2503,1094,1596,JK000657,29,398,795,147,27
2503,1094,1596,Sham19Y0001734,919,265,638,134,25
2503,1330,1596,Sham19Y0132524,2366,251,436,113,54
2503,1498,1596,Sham19Y0149697,11009,352,450,77,100
2503,1498,1596,Shamela0001875,315,740,838,77,100
2503,1498,1596,Sham19Y0037618,834,904,1002,77,100
2503,1287,1493,ShamAY0033531,538,190,414,159,87
2503,1094,1596,Shamela0025800,3286,87,486,147,27
2503,1094,1561,Sham19Y0020638,1389,1119,1482,120,23
2503,1498,1596,Sham19Y0016976,474,830,933,77,95
2503,1498,1596,Sham19Y0016599,1023,1334,1432,77,100
2503,1094,1596,Sham19Y0017616,382,352,749,147,27
2503,1094,1596,JK007065,1251,861,1257,147,27
2503,1498,1596,Sham19Y0014119,158,913,1016,77,95
2503,1498,1596,Sham19Y0017063,261,419,517,77,100
2503,1498,1596,Shamela0010517,423,461,559,77,100
2504,773,1243,Kraken220218125253,144,10,683,298,48
2504,599,978,Shamela0001727,1649,482,668,120,39
2504,599,978,Shia001831Vols,671,126,312,120,39
2504,1204,1549,Shia001831Vols,674,590,857,186,66
2504,599,978,Shamela0004289,1438,1125,1312,118,39
2504,599,978,Sham19Y0122406,4262,798,984,120,39
2504,599,978,Sham19Y0132524,2366,788,976,121,40
2504,1,577,ShamAY0033531,538,676,1521,416,61
2504,599,978,Shamela0025800,3286,868,1057,122,40
2504,827,1304,Shia003732Vols,2580,959,1423,262,54
2504,599,978,Sham19Y0020638,1390,389,576,122,40
2504,1204,1538,Sham19Y0020638,1889,686,823,74,27
2504,599,978,Sham19Y0017616,382,1167,1353,120,39
2504,822,1549,Sham19Y0017616,626,355,536,125,21
2504,599,978,JK007065,1252,136,325,122,40
2505,1,1035,Shia001831Vols,674,857,1356,338,39
2505,1,876,Sham19Y0122406,4264,299,705,207,26
2505,1,1040,Shia003732Vols,2084,565,949,198,23
2505,1,117,Sham19Y0017616,626,536,652,93,100
2505,1,144,Sham19Y0014119,1557,1288,1431,115,100
2506,1190,1508,Shamela0004445,2751,1147,1442,136,54
2506,11,711,Shamela0004445,2751,131,375,143,26
2506,1212,1573,Kraken220218125253,145,1,306,161,45
2506,1190,1508,Rafed0003489,49,956,1256,118,37
2506,1190,1508,Shamela0011428,1791,401,702,139,54
2506,6,711,Shamela0001727,1650,656,917,146,26
2506,1190,1508,Shamela0001727,1651,229,530,140,56
2506,11,711,JK006838,1306,352,574,124,23
2506,1190,1508,Shamela0001673,6405,288,587,139,54
2506,11,711,Shamela0009790,90,962,1203,144,26
2506,11,711,Shia001831Vols,672,278,532,143,26
2506,1190,1508,Shamela0004289,1440,860,1159,140,55
2506,11,711,Sham19Y0122406,4265,770,1023,145,27
2506,31,711,Sham19Y0122406,4266,217,802,141,20
2506,1190,1508,Shamela0006590,358,749,1010,113,44
2506,1190,1508,JK000657,31,762,1058,142,56
2506,11,700,Sham19Y0001734,2414,654,856,119,22
2506,72,711,Sham19Y0132524,2368,1190,1382,101,21
2506,1190,1508,Sham19Y0132524,2369,1213,1514,140,56
2506,11,711,Kraken230110004547,645,817,1155,127,20
2506,1190,1508,Kraken230110004547,646,282,766,145,35
2506,11,711,Shamela0036446,1180,1161,1388,132,24
2506,1190,1508,Shamela0036446,1181,483,754,122,47
2506,11,711,Shamela0025800,3287,1089,1342,145,27
2506,1190,1508,Shamela0025800,3288,601,904,139,55
2506,11,711,Shia003732Vols,2074,871,1117,140,25
2506,1190,1508,Shia003732Vols,2075,241,493,105,41
2506,466,1212,Shia003732Vols,2084,1149,1568,222,35
2506,1190,1508,Shia003732Vols,2579,1080,1361,131,52
2506,11,711,Shia003732Vols,4176,248,455,117,21
2506,11,711,Shamela0000170,1061,1231,1445,128,23
2506,11,711,ShamAY0034005,988,1017,1255,142,25
2506,1190,1508,ShamAY0034005,1013,826,1124,138,54
2506,11,711,Sham19Y0020638,1391,540,793,145,27
2506,1190,1508,Sham19Y0020638,1392,108,408,140,54
2506,11,711,Masaha001864Vols,1221,252,505,145,27
2506,11,711,Masaha001864Vols,1733,512,876,144,22
2506,1185,1508,Masaha001946Vols,613,1182,1484,140,54
2506,1190,1542,Shamela0000551,2898,1106,1431,153,54
2506,1190,1508,Sham19Y0017616,384,884,1185,140,56
2506,11,711,JK007065,1253,257,494,140,25
2507,1,137,Shia002616Vols,1864,818,1061,69,32
2507,1139,1580,Shamela0009795,117,351,580,85,21
2507,1,197,Sham19Y0013253,896,417,619,137,78
2507,1139,1580,Shia001831Vols,675,970,1210,91,21
2507,509,1185,Shia001831Vols,676,919,1301,175,26
2507,1,193,Sham19Y0122406,4267,408,605,138,79
2507,1139,1580,Sham19Y0122406,4269,166,406,91,21
2507,1139,1580,Shamela0000927,2083,785,1021,93,23
2507,1139,1580,Kraken230110004547,669,426,670,91,21
2507,1139,1580,Shamela0025800,3388,1142,1383,90,21
2507,1139,1580,Sham19Y0020638,1393,266,509,93,21
2507,1139,1580,Shamela0009789,255,132,373,89,20
2507,1139,1580,Sham19Y0017616,285,1127,1367,91,21
2507,1382,1517,Sham19Y0017063,1540,197,333,94,79
2508,864,1166,Shamela0008176,7417,227,531,202,76
2508,158,683,Shia001831Vols,677,55,326,193,46
2508,233,960,Sham19Y0018103,2376,601,1528,196,21
2508,127,1124,Masaha001864Vols,5017,1056,1614,451,55
2508,1124,1315,Masaha001864Vols,5018,1,198,155,96
2508,864,1105,Sham19Y0122257,3335,1087,1306,180,90
2508,1,520,Sham19Y0017063,1540,344,500,124,29
2508,158,683,Sham19Y0013605,2935,104,633,172,32
2509,1141,1577,Shamela0004473,1715,522,757,134,36
2509,1147,1577,Sham19Y0122406,4276,714,1143,289,74
2509,1215,1389,Sham19Y0017616,658,1220,1394,141,100
2510,798,1032,Shamela0007798,6971,686,1082,84,21
2510,808,1040,Sham19Y0013572,403,925,1045,79,43
2510,17,556,Shamela0005756,10419,473,1114,383,70
2510,798,1407,Shia001831Vols,679,161,699,132,18
2510,24,556,JK000201,3712,571,1219,371,68
2510,636,1062,Sham19Y0122406,4278,1,268,110,26
2510,124,556,ShamAY0033531,3055,350,759,322,93
2510,124,556,ShamAY0033531,4238,27,436,322,93
2510,808,1040,Sham19Y0150960,1306,569,1096,88,18
2510,808,1231,Sham19Y0013252,6920,316,632,150,39
2510,808,1040,JK007065,394,356,581,84,44
2511,631,918,Sham19Y0131521,3287,715,1001,170,69
2511,1229,1416,Shia002702Vols,7488,1,539,87,17
2511,316,625,Sham19Y0014309,384,1,300,208,79
2511,625,1277,Shamela0023623,2844,140,375,138,24
2511,332,534,Sham19Y0017616,657,170,370,157,94
2512,42,356,Zaydiyya0000413Vols,218,728,1144,85,23
2512,102,467,Sham19Y0016584,3301,701,1262,114,19
2512,1,102,Sham19Y0148486,1947,1316,1427,76,88
2512,1,102,Sham19Y0148486,5805,440,551,76,88
2512,1,102,Shia002550Vols,185,241,348,75,85
2512,1,102,Shia002616Vols,4214,1298,1399,79,100
2512,1,102,ShamAY0034182,469,51,242,57,40
2512,1,102,JK000110,1016,196,302,75,86
2512,1,102,Masaha003294,305,1,102,79,100
2512,1,102,JK000916,14590,1157,1258,79,100
2512,1,102,Shamela0096753,1055,692,793,79,100
2512,1,102,Sham19Y0013572,313,752,853,79,100
2512,293,488,Shamela0001673,633,1264,1428,116,76
2512,1,102,Shamela0004289,1347,1095,1197,79,99
2512,1,102,Shamela0010906,226,840,956,77,82
2512,1,375,Shamela0023628,2513,198,493,125,38
2512,1,102,ShamAY0034068,2017,81,187,75,86
2512,1,495,Sham19Y0122406,4284,16,302,192,46
2512,1,356,ShamAY0038067,606,477,945,104,19
2512,293,495,Shia001805,637,1012,1183,122,77
2512,1,323,ShamAY0033945,1091,779,1056,76,25
2512,1,102,Sham19Y0018106,2668,702,813,76,88
2512,1,356,Shia003732Vols,1506,1037,1416,118,30
2512,1,375,Sham19Y0020638,1408,490,790,139,44
2512,1,102,Shamela0003722,5720,268,575,75,31
2512,293,709,Sham19Y0013252,7119,285,951,200,35
2512,1,102,Rafed0002654Vols,5370,951,1058,74,84
2512,1,102,Shia004092Vols,5393,713,820,74,84
2512,1,102,Sham19Y0017616,548,300,401,79,100
2512,1,102,Shamela0000041,1715,743,849,75,86
2512,1,102,Zaydiyya0000229,45,854,955,76,97
2512,1,102,Zaydiyya0000352,74,726,827,76,97
2512,1,102,Sham19Y0018176,1463,1294,1405,76,88
2512,1,495,Shamela0021474,46,632,954,189,46
2512,1,102,Sham19Y0013605,3127,887,993,75,86
2512,1,102,Shamela0008658,3231,9,109,76,94