ms1,b1,e1,id2,ms2,b2,e2,ch_match,matches_percent
3,1078,1558,ShamAY0037566,19,1,657,197,31
4,1354,1511,Sham20Y0021786,34,942,1103,120,92
4,1314,1718,Kraken210323052121,23,38,378,179,53
4,1354,1511,Sham19Y0018192,11,1466,1627,120,92
6,337,629,Sham20Y0021786,14,1472,1793,220,83
6,1438,1720,Sham20Y0021786,15,397,665,192,79
6,301,629,Kraken210323052121,219,771,1467,220,36
6,1482,1720,Kraken210323052121,220,240,487,187,90
6,337,629,Sham19Y0020583,4,823,1342,232,53
6,337,629,Sham19Y0020583,264,1102,1621,234,54
6,296,629,Sham19Y0018192,8,940,1485,247,52
6,1482,1720,Kraken210323052149,70,1055,1284,185,92
6,1477,1710,Kraken210323052149,155,1468,1687,172,88
6,1504,1720,Shamela0021719,4,886,1103,178,97
6,324,641,Sham20Y0014596,3,743,1285,238,52
6,337,518,Shamela0002215BK1,1,1358,1649,147,59
6,337,629,Kraken210323052137,657,1191,1488,209,80
6,301,629,Kraken220413030809,50,1094,1623,243,52
10,631,741,Kraken210323052121,56,468,698,80,45
10,631,1148,Sham19Y0018192,17,523,632,72,17
10,631,741,Sham20Y0014596,30,738,968,80,45
11,895,1135,Kraken210323052121,26,129,334,162,79
11,895,1140,Kraken211129080600,65,1103,1367,189,86
11,895,1135,Kraken220413030809,231,1141,1353,161,76
14,1465,1619,Shamela0021719,116,1195,1432,112,57
14,1465,1619,JK007074,1025,152,548,88,26
15,328,1079,Kraken210323052121,85,1335,1672,219,34
15,1079,1453,Kraken210323052121,86,1,946,166,20
15,1104,1713,Sham19Y0018192,502,5,677,210,26
15,328,914,Sham20Y0014596,43,1256,1501,150,29
15,914,1416,Sham20Y0014596,44,206,774,210,34
15,1076,1556,Sham20Y0014596,66,847,1382,168,29
18,1466,1666,Shamela0008634,646,1375,1593,156,88
19,8,170,Shamela0008634,647,1,162,134,98
19,1135,1282,Shamela0008634,651,97,258,118,89
20,1022,1382,Sham20Y0021786,262,1071,1235,55,14
20,1152,1382,Sham20Y0021786,263,445,685,131,66
20,51,453,Sham20Y0021786,430,257,1194,228,27
20,333,594,Sham19Y0018192,85,1094,1413,158,58
20,69,310,Kraken210323052149,117,998,1369,153,46
20,31,172,Shamela0021719,156,1151,1413,115,53
20,128,393,Shamela0021719,157,94,270,126,57
20,749,917,Shamela0021719,158,1139,1331,109,72
20,1126,1629,Shamela0021719,164,921,1415,238,42
20,188,587,Shamela0008634,145,202,1068,209,27
21,518,837,Masaha002999Vols,9,427,728,218,79
21,805,1304,Masaha002999Vols,9,1092,1623,232,42
21,1216,1352,Shamela0006638,359,1588,1733,99,79
21,1352,1648,Shamela0006638,360,1,301,226,88
21,447,785,Kraken210422114223,30,1493,1800,220,74
21,926,1660,Kraken210422114223,31,662,1304,435,64
22,476,950,Masaha002999Vols,17,7,480,208,38
22,959,1605,Masaha002999Vols,18,1,546,228,34
22,199,1380,Kraken210422114223,34,132,1661,573,38
25,1547,1716,Kraken210323052121,170,213,757,133,30
27,1284,1505,JK000212,1,1400,1632,168,83
33,1350,1481,ShamIbadiyya0000185,45,1,126,98,93
33,1327,1481,ShamIbadiyya0000967,6,1328,1501,118,86
33,1327,1481,ShamIbadiyya0000204,3,47,221,119,86
34,83,555,ShamIbadiyya0000185,1361,701,1462,199,29
34,219,492,ShamIbadiyya0000760,559,512,803,194,80
34,219,488,ShamIbadiyya0000204,324,238,532,205,85
35,594,1034,ShamIbadiyya0000185,54,509,943,197,46
35,1115,1527,ShamIbadiyya0000185,56,166,587,229,58
35,1,164,ShamIbadiyya0000185,149,1403,1564,120,91
35,1,169,ShamIbadiyya0000760,296,1082,1256,125,91
35,594,789,ShamIbadiyya0000482,151,457,638,128,79
35,1115,1527,ShamIbadiyya0000967,13,716,1236,285,67
35,594,1034,ShamIbadiyya0000967,24,63,588,208,43
35,1,123,ShamIbadiyya0000967,155,1276,1549,87,39
35,594,1034,ShamIbadiyya0000204,52,423,906,220,49
35,1101,1527,ShamIbadiyya0000204,66,762,1309,292,65
35,1,169,ShamIbadiyya0000204,74,103,275,123,89
36,1005,1106,ShamIbadiyya0000967,1666,1363,1473,80,91
36,315,500,ShamIbadiyya0000204,58,98,754,142,27
36,1005,1191,ShamIbadiyya0000204,128,1191,1389,142,91
37,308,597,Shamela0006289,206,829,1315,168,42
38,342,449,Tafsir06049,6020,1099,1212,85,94
38,475,774,ShamIbadiyya0000760,806,169,416,156,65
42,466,683,Shamela0021719,113,123,336,146,73
42,487,683,Shamela0021592,13,496,980,140,34
44,1097,1463,ShamIbadiyya0000760,1284,15,403,204,56
44,1155,1463,ShamIbadiyya0000229,710,21,377,213,72
47,797,897,ShamIbadiyya0000185,66,1075,1189,69,75
48,66,276,Sham20Y0021786,306,1257,1495,154,77
48,66,276,Shamela0021719,172,338,568,155,80
50,435,653,ShamIbadiyya0000219,7,475,731,147,71
50,513,653,Shamela0021739,90,956,1106,108,88
53,155,702,ShamIbadiyya0000760,760,171,762,296,51
55,462,731,Sham19Y0001469,587,453,829,108,27
55,234,868,Shamela0021608,1586,498,1396,344,41
55,496,868,ShamAY0038201,647,1,506,175,35
57,317,743,ShamIbadiyya0000185,2459,913,1339,332,99
57,322,577,ShamIbadiyya0000773,2587,973,1165,124,61
59,1248,1557,ShamIbadiyya0000967,1666,162,458,206,80
61,1083,1231,ShamIbadiyya0000760,1285,951,1099,115,90
62,61,399,ShamIbadiyya0000185,57,1175,1487,213,73
62,61,353,ShamIbadiyya0000967,15,1182,1523,196,67
64,17,321,ShamIbadiyya0000967,1461,186,511,170,62
66,1,252,Shamela0006289,157,63,329,158,67
66,1,252,Shamela0007332,283,978,1198,151,73
67,236,402,ShamIbadiyya0000185,3893,537,720,125,89
68,996,1182,ShamIbadiyya0000185,1648,486,678,128,83
68,939,1177,ShamIbadiyya0000185,1689,1133,1375,142,63
70,1216,1454,ShamIbadiyya0000967,545,58,287,168,84
71,1220,1544,ShamIbadiyya0000967,530,153,571,233,65
72,230,686,ShamIbadiyya0000967,454,730,996,154,41
73,564,1135,ShamIbadiyya0000219,8,579,1117,327,60
73,711,1017,ShamIbadiyya0000229,166,1,222,167,68
75,343,630,ShamIbadiyya0000185,453,490,861,138,41
75,343,630,ShamIbadiyya0000967,522,6,459,197,53
78,1346,1573,Sham20Y0014596,320,1170,1457,148,57
80,953,1125,ShamIbadiyya0000204,334,615,889,102,44
81,680,910,ShamIbadiyya0000942,601,62,325,164,70
83,1004,1207,Shamela0001687,6704,792,976,93,58
83,1157,1592,Shamela0021619BK2,1609,192,433,124,35
83,1157,1537,Shia000841Vols,7029,1033,1430,194,47
83,1327,1595,Sham19Y0019188,3116,1,288,197,82
83,1157,1595,Shamela0008463,3088,810,1228,248,67
83,1004,1207,Shia003965Vols,9308,1110,1396,97,40
84,1,189,Sham19Y0019188,3116,288,475,146,96
84,1,189,Shamela0008463,3088,1228,1414,142,94
85,238,555,Sham20Y0014596,362,1241,1642,240,73
85,1210,1383,ShamIbadiyya0000229,446,564,1127,112,25
86,1023,1482,ShamIbadiyya0000229,2819,1,288,187,47
88,525,790,ShamIbadiyya0000109,5785,270,537,159,69
89,709,986,Masaha002999Vols,387,1072,1297,120,49
89,736,921,Kraken210323052137,664,734,908,106,63
90,388,717,ShamAY0034227,786,453,956,242,59
90,467,717,Shamela0021751,364,629,884,162,75
90,421,717,Shamela0000091,675,943,1248,188,71
92,1187,1345,ShamAY0033531,242,909,1066,114,85
92,1187,1345,Shamela0007038,762,724,883,112,83
92,1187,1345,Shamela0010640,221,952,1114,114,83
92,1187,1345,Shia003965Vols,12470,212,374,114,83
92,1170,1345,Shamela0007312,115,174,346,118,81
94,5,148,ShamIbadiyya0000185,2011,1481,1608,100,83
95,800,1005,Sham19Y0127717,767,703,909,75,42
97,629,825,Shamela0006289,96,25,252,111,57
97,513,1035,Rafed001344,52,469,1075,243,40
100,424,558,ShamIbadiyya0000185,732,940,1096,89,68
100,1,207,ShamIbadiyya0000967,1276,654,879,160,85
100,222,383,ShamIbadiyya0000967,1277,718,893,127,90
100,415,563,ShamIbadiyya0000967,1281,686,828,109,93
100,1,207,ShamIbadiyya0000967,1285,1270,1496,152,78
101,629,1291,Shia002034Vols,1646,684,1393,332,51
101,536,1294,ShamIbadiyya0000185,3692,107,891,538,83
101,629,1291,Shia001782Vols,1267,506,1256,346,52
101,956,1291,Shamela0021629,587,1,451,233,64
101,789,1231,ShamIbadiyya0000109,1714,207,659,263,71
101,533,985,ShamIbadiyya0000109,4229,1058,1437,208,55
101,990,1231,ShamIbadiyya0000109,4230,7,251,174,89
101,536,773,ShamIbadiyya0000109,4875,1204,1413,134,72
101,614,1182,Shia003732Vols,4284,868,1477,268,48
101,851,1231,Shia000126Vols,1195,6,456,255,71
101,933,1231,Shamela0000558,291,680,1032,199,71
101,629,1291,JK000917,1009,35,706,336,55
101,818,1291,Shamela0023177,121,26,654,308,61
101,933,1182,Rafed0002385,159,1156,1456,176,73
101,933,1291,JK000458,1988,477,832,236,82
101,629,1291,Shamela0003118,600,230,943,340,53
101,1081,1231,Shamela0026536,434,420,989,102,23
101,922,1231,Sham19Y0036072,21,655,970,210,82
101,625,1297,Shia002702Vols,5836,553,1317,336,49
101,710,1231,Shia002378,133,1,549,294,63
101,818,1291,Shia002616Vols,3693,62,698,306,60
101,990,1297,JK009306,264,1,379,202,67
101,765,1291,Zaydiyya0000570BK3,1670,628,1228,302,58
101,710,1304,JK006838,1461,816,1444,314,58
101,710,1291,JK000676,207,670,1355,297,52
101,642,1174,Shamela0011428,1398,910,1471,271,54
101,834,1291,Shamela0008176,3697,23,521,253,57
101,933,1291,ShamAY0034199,123,987,1389,235,73
101,629,1130,ShamAY0035950,282,930,1447,225,47
101,753,1231,Shamela0025791,375,568,1072,276,60
101,997,1294,Shamela0013068,255,1,417,206,61
101,933,1231,Sham19Y0023608,2292,291,643,220,78
101,599,1291,Sham19Y0000760,942,738,1435,340,52
101,1010,1291,ShamAY0033182,2093,1,397,194,60
101,840,1231,Shia000841Vols,8311,856,1284,251,72
101,976,1297,Shamela0006590,605,1,387,203,64
101,533,811,ShamIbadiyya0000773,2181,558,776,136,60
101,879,1270,ShamAY0034249,7132,980,1487,259,63
101,783,1291,JK000299,2573,15,622,286,55
101,933,1231,Shamela0028174,175,73,482,202,62
101,659,1291,Shamela0021721,3663,431,1067,334,60
101,933,1231,JK006907,197,799,1103,201,82
101,642,1291,Shamela0021744,2994,72,1121,341,38
101,933,1231,Zaydiyya0000295Vols,2656,974,1280,205,83
101,625,1231,Shia002264,414,648,1289,309,53
101,721,1297,Masaha002064Vols,414,711,1414,256,40
101,642,1291,Sham19Y0127700,358,593,1272,332,53
101,1081,1231,JK001099,223,36,193,105,81
101,1033,1231,Shamela0010273,1579,6,207,145,91
101,933,1231,Shamela0010646,1040,523,880,203,71
101,933,1231,Shamela0009379,45,978,1332,213,76
101,933,1231,Sham19Y0016435,205,821,1126,201,80
101,625,1231,Shia002294Vols,203,409,1049,304,52
101,922,1231,JK003609,2300,713,1087,221,74
101,990,1231,Shamela0005449,169,7,360,169,59
101,933,1291,Shia003986,355,680,1071,233,71
101,922,1182,JK000927,743,447,758,183,73
103,907,1017,ShamIbadiyya0000967,1366,320,510,65,44
105,1078,1356,ShamIbadiyya0000185,3240,891,1529,194,36
105,1078,1270,ShamIbadiyya0000760,859,127,667,136,30
106,7,251,ShamIbadiyya0000185,3241,240,559,159,59
106,7,242,ShamIbadiyya0000760,860,238,597,164,54
107,939,1094,Sham20Y0014596,418,682,858,112,79
109,48,427,Sham19Y0017437,1703,609,1180,195,41
109,207,471,Shamela0010443,437,1053,1328,167,68
109,1209,1593,Shamela0010443,441,689,1187,141,32
109,43,464,Shamela0096876,540,887,1081,118,34
110,875,1089,ShamIbadiyya0000185,2342,635,820,123,69
111,300,475,Sham20Y0014596,510,424,888,108,29
112,650,900,Sham19Y0147104,352,625,980,169,58
114,334,541,Shia003701,71,1023,1244,161,86
114,1198,1464,ShamIbadiyya0000967,554,168,532,215,71
114,334,541,Shia002294Vols,187,1140,1343,155,87
115,1018,1602,JK007006,87,344,477,97,21
115,917,1602,Shamela0021719,134,698,1008,168,28
116,130,437,Sham20Y0021786,417,971,1361,190,56
116,1,147,Shamela0021719,134,1008,1146,107,90
116,98,452,Shamela0021719,135,258,610,242,75
116,169,324,Sham20Y0014596,909,943,1095,90,72
116,486,649,ShamIbadiyya0000760,1168,747,1121,123,40
118,281,531,Sham20Y0014596,830,787,1055,189,85
119,961,1167,Sham20Y0021786,315,1069,1342,154,70
119,1045,1167,Shamela0001666,101,914,1041,94,92
119,925,1135,Shamela0000432,3062,1240,1506,124,56
119,925,1210,Shamela0000432,3784,906,1228,163,56
119,965,1167,Kraken210323052149,127,64,391,133,50
119,995,1167,Kraken210323052149,174,861,1104,120,58
119,925,1167,Shamela0021719,132,1014,1347,175,63
119,925,1115,Sham20Y0014596,576,1489,1634,90,56
119,1115,1360,Sham20Y0014596,577,1,497,117,25
119,1045,1151,Shamela0021588,316,931,1042,80,91
121,47,221,ShamIbadiyya0000185,2486,67,225,103,65
122,1355,1548,ShamIbadiyya0000185,3810,1010,1224,142,82
123,1123,1646,Kraken211201162527,128,716,1268,242,42
123,1475,1646,Sham19Y0132415,796,314,510,116,74
124,694,1032,Kraken211201162527,133,304,1049,251,42
124,755,1022,Shia000820Vols,2093,951,1236,193,82
125,231,578,Kraken211201162527,136,281,843,231,48
127,385,559,Shamela0006039,227,670,791,80,58
127,903,1314,ShamIbadiyya0000967,1361,232,836,254,51
127,1348,1507,ShamIbadiyya0000967,1369,810,964,122,96
128,1,276,ShamIbadiyya0000967,1369,964,1214,178,77
130,1229,1374,ShamIbadiyya0000476,152,344,490,110,92
130,1205,1509,ShamIbadiyya0000219,206,99,407,182,62
131,1,174,ShamIbadiyya0000438,132,1012,1221,133,78
131,313,523,ShamIbadiyya0000438,135,1,256,154,74
131,1,700,ShamIbadiyya0000219,206,407,1186,532,83
131,297,523,ShamIbadiyya0000433,207,1057,1328,163,74
131,1,412,ShamIbadiyya0000967,1934,604,1070,265,65
131,1,412,ShamIbadiyya0000204,176,913,1385,270,66
133,953,1471,ShamIbadiyya0000967,2119,574,1222,345,65
134,96,396,ShamAY0034282,588,421,1213,206,31
134,77,542,Shamela0119492,58,882,1496,296,54
134,156,342,Sham19Y0151100,29,4,219,119,60
135,9,755,ShamIbadiyya0000185,4097,726,1426,442,67
135,1160,1365,JK007128,750,919,1101,138,83
135,1185,1365,Sham19Y0123665,1770,367,589,109,61
135,1214,1377,Sham19Y0122232,1546,6,161,124,94
135,1185,1377,Shia001148,304,116,300,144,93
135,1185,1377,Sham19Y0013769,2377,89,270,139,90
135,1160,1365,Sham19Y0013572,925,695,883,141,83
135,1185,1377,Shia001432Vols,3768,164,348,142,92
135,1185,1377,Shia003895Vols,96,649,833,138,89
137,1034,1534,Tafsir06049,6020,759,1223,352,86
137,780,995,ShamIbadiyya0000095,1101,1004,1222,168,92
138,874,1234,Sham20Y0014596,723,418,791,224,67
139,562,738,ShamIbadiyya0000185,3767,792,1088,108,44
140,428,827,ShamIbadiyya0000185,2082,1075,1500,251,67
140,491,1020,ShamIbadiyya0000942,571,591,846,160,38
141,431,720,Sham20Y0021786,418,344,654,145,53
141,724,893,Shamela0011468BK1,3749,483,729,103,53
141,298,720,Shamela0021719,135,973,1504,292,64
141,720,893,Shamela0021719,136,200,371,134,97
141,642,893,Shamela0021592,200,715,1204,191,49
141,700,893,Sham19Y0020561,1265,849,1091,104,49
141,760,893,ShamAY0034251BK3,3550,1,131,102,96
142,724,1234,Sham19Y0020583,494,1136,1485,203,48
142,791,1234,Shamela0021813,80,315,570,179,50
142,972,1234,Shamela0002215BK1,138,960,1234,176,78
142,791,1234,Shamela0001717,38,831,1083,183,52
142,388,709,ShamIbadiyya0000967,1379,168,402,184,71
142,824,1234,ShamAY0000351,31,594,952,173,45
143,25,556,ShamIbadiyya0000185,1576,948,1466,314,69
144,748,1055,Sham19Y0013783,1893,795,1179,167,50
144,932,1059,Shamela0021693,1303,1,128,99,98
144,754,1059,Shamela0021642,2313,930,1221,176,65
144,743,1059,Shamela0021677,2199,818,1064,182,72
146,469,632,Shamela0030341,12,865,1129,102,49
146,759,1003,JK000201,2025,845,1436,190,38
146,474,640,Masaha003492Vols,818,573,749,112,74
146,474,632,Shia001148,284,111,279,109,75
146,464,615,JK000919,4,1358,1519,102,77
146,431,632,Shamela0007891,1631,85,318,142,77
146,474,632,Shia001432Vols,3709,947,1115,109,75
146,464,632,JK006922,195,1147,1324,113,74
146,474,632,Shia003895Vols,200,817,985,109,75
147,99,220,JK000201,2025,1013,1138,91,89
147,99,220,Shia001764Vols,1719,756,878,90,91
147,99,220,Sham19Y0014224,1075,942,1064,90,91
148,1187,1477,ShamIbadiyya0000967,532,1047,1309,161,69
148,1380,1495,ShamIbadiyya0000967,533,473,586,88,98
149,86,227,ShamIbadiyya0000967,535,1206,1389,104,72
151,1,170,Sham20Y0021786,209,465,586,90,67
152,99,283,Shamela0021731,1302,448,688,128,68
152,131,290,Shamela0003055,1943,938,1325,105,33
152,878,1034,Sham19Y0014580,2055,1334,1492,120,94
152,131,326,Shamela0021642,3487,737,1126,125,37
152,653,1041,Shamela0000894,3588,760,955,126,40
152,131,283,Sham19Y0013785,914,1289,1541,97,45
152,870,1041,Sham19Y0127671,1193,1118,1293,123,85
152,639,1041,Sham19Y0019230,849,722,1113,300,91
152,131,283,Sham19Y0019188,5577,119,499,97,31
152,498,1041,Shamela0006140,387,517,1027,385,86
152,624,1041,Sham19Y0013577,7783,704,1115,304,89
152,498,1041,ShamAY0034251BK3,1976,893,1521,348,67
154,781,958,Sham19Y0016817,158,1072,1235,99,67
156,16,138,ShamIbadiyya0000185,1940,874,1013,92,85
156,1242,1450,Shamela0011437,93,177,387,162,95
157,293,527,Shamela0010284,190,104,284,138,69
158,74,978,Shamela0011437,94,654,1602,502,56
158,813,1168,Shamela0009993,118,1165,1529,237,78
159,1100,1340,Sham19Y0018254,251,1236,1466,103,42
159,570,826,Sham20Y0021786,300,1242,1513,161,71
159,1047,1523,Sham20Y0021786,301,82,342,180,47
159,1209,1340,Shamela0001687,1227,14,213,82,52
159,1215,1340,ShamIbadiyya0000109,2662,310,456,76,65
159,533,874,ShamAY0037293,119,252,520,158,51
159,1100,1340,Sham19Y0016782,222,129,344,104,45
159,519,1351,Shamela0001666,128,721,1254,361,52
159,667,874,Shamela0029878BK2,116,57,276,129,66
159,1215,1340,Shia003957Vols,287,917,1060,77,67
159,1209,1351,Shamela0023735,41,718,930,83,49
159,1209,1340,JK007040,1828,18,217,82,52
159,687,918,Kraken210323052149,110,452,695,141,68
159,519,1523,Shamela0021719,148,242,831,391,47
159,498,1262,Sham20Y0014596,810,794,1564,457,64
159,1262,1457,Sham20Y0014596,811,1,302,154,60
159,598,874,Shamela0000976,32,843,1162,152,54
159,1215,1340,JK007081,461,1275,1417,76,66
159,710,874,Shamela0005963,688,653,860,116,70
159,533,881,JK000216,367,1139,1466,167,54
159,714,842,Sham19Y0018272,1192,946,1057,74,71
159,519,829,Shamela0021588,365,1188,1496,196,70
159,1047,1351,Shamela0021588,366,34,226,141,58
159,691,874,Shamela0009329,514,1011,1233,126,71
159,533,1351,Kraken22041319410301,203,1,492,349,52
162,606,1143,ShamIbadiyya0000185,4336,6,555,338,70
166,1199,1364,Shamela0008463,5192,195,378,114,73
166,1136,1374,ShamAY0034409,465,1159,1438,176,77
167,488,651,Shamela0021693,719,770,927,111,81
167,538,651,Shamela0021642,1338,1004,1117,80,92
167,1159,1319,ShamIbadiyya0000760,1139,1078,1235,125,96
167,538,651,Shamela0021619BK2,1048,448,561,84,95
167,417,651,Shia000841Vols,8938,310,566,169,82
167,488,651,Shamela0021677,1128,154,287,99,74
168,542,829,ShamIbadiyya0000967,2080,1177,1503,211,81
168,829,979,ShamIbadiyya0000967,2081,1,205,111,68
171,796,1018,Shamela0000427BK1,30,844,1062,157,86
171,796,1018,Shamela0021744,210,96,319,162,89
171,1154,1371,Shamela0021607,69,904,1135,164,88
171,810,996,Shamela0000427BK2,726,430,802,121,39
174,846,1307,ShamIbadiyya0000229,2206,313,640,164,40
175,9,287,JK006800,308,45,861,149,22
177,456,569,ShamAY0034182,238,1079,1191,89,99
177,620,809,ShamAY0034182,241,1302,1490,145,96
177,1361,1544,ShamIbadiyya0000760,598,1305,1485,134,92
177,868,1036,Shia002158,413,871,1048,114,72
178,1333,1497,Sham19Y0013667,2574,156,376,123,71
178,340,1016,ShamIbadiyya0000185,1361,594,1462,380,46
178,1333,1497,Sham19Y0131336,611,766,1005,114,61
178,1333,1497,ShamAY0034282,575,591,834,121,63
178,1333,1497,JK000990,414,783,978,123,80
178,1333,1497,ShamAY0034005,273,676,895,121,70
178,1333,1497,Shamela0022868,72,626,881,113,56
178,1333,1497,Shia000820Vols,239,653,892,114,61
178,1327,1497,Shamela0021693,238,309,531,129,73
178,1327,1497,Sham19Y0013785,96,96,310,129,76
178,1333,1497,Shamela0021495,98,1146,1522,120,40
178,340,960,ShamIbadiyya0000760,559,134,799,450,80
178,60,267,ShamIbadiyya0000760,599,16,246,147,73
178,1333,1480,Shamela0002863,528,1246,1460,102,60
178,1333,1497,Sham19Y0019188,552,560,774,124,73
178,1365,1497,Shia000089Vols,575,704,886,99,68
178,596,822,ShamIbadiyya0000229,2350,1,345,156,53
178,1333,1497,Shia001731Vols,249,70,315,121,62
178,1333,1497,Sham19Y0123510,656,942,1181,114,61
178,1365,1497,Sham19Y0146127,631,11,203,96,63
178,1333,1497,Sham19Y0146127,644,640,820,119,79
178,1333,1497,Shamela0000137,495,649,863,124,73
178,1365,1497,Shamela0000137,1974,16,179,99,76
178,1333,1497,Shamela0008463,560,214,430,124,72
178,1333,1497,Sham19Y0122406,876,204,420,124,72
178,1054,1284,Shamela0006140,129,847,1088,143,70
178,1333,1497,Shamela0001727,300,241,457,124,72
178,1347,1497,Shamela0025800,1408,1019,1219,111,70
178,485,960,ShamIbadiyya0000204,324,14,532,369,88
178,1333,1497,Shamela0001733,3481,1079,1329,122,62
181,772,1119,Shamela0006366,1438,1022,1425,266,81
181,876,1123,Sham19Y0017757,184,1,248,191,96
181,740,1046,Kraken210323052121,207,802,1071,178,70
181,824,1046,Kraken210323052121,346,531,760,164,87
181,772,1046,Tafsir06051,502,584,885,203,83
181,772,1046,Shamela0008204,36,797,1120,190,72
181,772,1123,JK009324,59,160,514,234,75
181,1123,1307,Shamela0008176,3689,15,191,120,78
181,772,1123,Shamela0010488,348,581,942,247,81
181,772,1396,Shamela0007891,1187,600,1419,420,61
181,815,1123,Sham19Y0018144,1550,1,350,229,81
181,772,1123,Shamela0021590,1511,623,1028,264,81
181,824,1046,Shamela0008555,179,464,688,168,91
181,772,1123,Sham19Y0011194,397,652,1054,263,81
181,824,1123,Shamela0011406,930,198,464,202,84
181,810,1054,Tafsir07076,164,1271,1526,176,85
181,805,1050,Tafsir07076,718,344,591,161,75
182,1329,1491,ShamAY0035035,578,1322,1503,124,79
182,392,1021,ShamAY0034809,594,643,1293,375,61
182,930,1315,ShamAY0034809,595,380,838,250,69
182,486,1009,Shamela0010443,101,1,680,329,55
182,930,1126,Shamela0010443,101,1288,1495,139,86
182,1278,1491,Shamela0010443,102,812,1077,143,67
182,1126,1315,Shamela0010443,102,1,244,113,58
182,392,1021,Shamela0006947,19283,261,985,252,33
182,930,1221,Shamela0006947,19284,80,390,208,84
182,127,392,Shamela0007891,1189,13,282,208,97
183,648,878,ShamIbadiyya0000967,1547,1247,1475,173,93
183,878,1193,ShamIbadiyya0000967,1548,1,227,152,58
184,598,928,ShamIbadiyya0000185,3336,481,839,138,44
186,918,1081,ShamIbadiyya0000185,2311,882,1018,103,80
186,1326,1509,ShamIbadiyya0000185,2312,10,202,134,86
187,746,1465,ShamIbadiyya0000967,571,490,1272,505,75
189,109,314,ShamIbadiyya0000185,2479,317,522,158,94
189,320,450,ShamIbadiyya0000185,2480,181,345,99,75
189,954,1273,ShamIbadiyya0000438,355,552,781,134,48
189,1007,1273,ShamIbadiyya0000760,469,805,1076,134,47
191,529,743,Shia000841Vols,6087,1215,1400,111,65
191,529,886,Sham19Y0019188,2351,200,505,161,55
191,502,886,Shamela0008463,2237,1180,1510,171,53
191,1,228,Shamela0008183,3397,387,762,151,46
194,66,688,JK010131,8,5,607,232,34
194,44,688,Shamela0003055,1503,323,863,244,39
194,75,688,Shamela0010443,430,8,564,228,36
194,775,1055,Kraken210323052137,674,409,972,198,43
197,253,429,ShamIbadiyya0000967,1556,339,553,131,75
198,391,651,ShamIbadiyya0000185,2426,1136,1401,190,87
205,1355,1544,ShamAY0034200,1162,131,487,121,40
205,1445,1633,JK007109,337,14,227,143,84
205,1355,1626,Shamela0009508,1056,757,1197,179,49
207,803,962,ShamAY0034282,536,634,794,113,84
207,685,1130,Shamela0119492,47,266,807,241,49
208,1219,1561,Shamela0002573,1111,941,1478,192,42
208,1210,1566,ShamAY0034200,1169,269,583,185,56
208,1210,1566,Shamela0009508,1061,367,681,185,56
209,432,871,Shamela0021719,233,488,1134,210,36
209,1,229,ShamAY0034200,1169,583,823,174,88
209,99,229,Shamela0009508,1062,257,392,93,86
209,1,182,Shamela0021605,976,1342,1530,139,88
211,576,883,ShamIbadiyya0000438,125,316,758,200,54
211,344,883,ShamIbadiyya0000438,625,766,1483,320,49
211,763,883,ShamIbadiyya0000433,187,262,482,89,49
211,1324,1477,ShamIbadiyya0000967,1464,103,294,95,57
211,273,807,ShamIbadiyya0000204,168,761,1375,325,59
213,1168,1522,ShamIbadiyya0000219,42,955,1491,270,62
213,1168,1522,ShamIbadiyya0000219,71,247,783,270,62
213,545,852,ShamIbadiyya0000760,1124,656,986,226,83
214,29,636,ShamIbadiyya0000219,43,122,293,113,22
214,29,636,ShamIbadiyya0000219,71,936,1107,113,22
215,335,516,ShamIbadiyya0000185,1999,207,599,106,34
217,577,788,Sham19Y0147662,72,798,1041,161,80
217,601,788,Shia000819,144,581,879,144,58
220,1382,1550,ShamIbadiyya0000219,145,868,1312,110,31
221,5,211,ShamIbadiyya0000219,145,1316,1524,151,92
221,218,376,ShamIbadiyya0000219,146,1,161,112,81
222,790,1020,ShamIbadiyya0000185,3123,1211,1439,175,94
222,53,419,Sham20Y0014596,811,295,979,168,30
223,990,1212,ShamIbadiyya0000204,266,20,227,152,82
223,990,1212,ShamIbadiyya0000204,308,642,846,157,86
225,1114,1559,ShamIbadiyya0000185,1832,714,1260,240,48
226,1,171,ShamIbadiyya0000185,1832,1260,1482,125,67
226,600,1509,ShamIbadiyya0000760,616,234,885,467,63
226,27,242,ShamIbadiyya0000773,933,191,412,106,55
226,596,1509,ShamIbadiyya0000204,318,422,1338,704,92
228,1,190,Shamela0006289,213,62,270,140,82
228,65,190,Shamela0007332,554,130,268,92,80
228,65,190,Rafed001344,156,1448,1586,92,80
230,1048,1266,ShamIbadiyya0000129,871,946,1169,130,61
232,945,1125,Shia000841Vols,8928,351,561,124,70
233,234,420,ShamIbadiyya0000185,4073,544,735,144,95
237,210,380,ShamIbadiyya0000185,2123,1147,1301,117,85
237,596,884,Shamela0021614,3977,1007,1275,104,38
237,210,380,ShamIbadiyya0000942,619,1293,1448,120,88
238,750,878,ShamIbadiyya0000185,2122,1395,1529,96,91
238,750,1357,ShamIbadiyya0000942,618,558,1056,250,42
239,726,984,ShamIbadiyya0000967,449,639,921,188,85
240,67,496,ShamIbadiyya0000185,3746,1099,1331,155,43
242,708,1378,ShamAY0034204BK2,1284,194,815,453,82
242,472,1378,JK005200,2922,497,1438,549,63
242,472,1370,ShamAY0033181,1725,770,1445,313,37
242,688,1380,JK011743,698,745,1309,402,70
242,708,1378,Shia000996Vols,439,864,1400,391,71
242,879,1216,ShamAY0033182,3768,172,532,210,65
242,481,1273,Shamela0021744,6853,842,1271,192,26
242,708,1273,JK000170,6642,1092,1584,363,77
242,708,1378,Shamela0021588,1207,779,1408,465,83
242,708,1273,Shamela0000427BK2,7726,480,900,174,33
243,1379,1533,Meshkat00042485,235,81,306,105,58
244,309,1074,Shamela0010549,276,685,1297,241,31
248,1242,1455,ShamIbadiyya0000760,1022,92,449,145,50
249,349,634,ShamIbadiyya0000185,962,1166,1424,140,53
253,29,186,Sham19Y0013577,7435,730,913,98,68
255,1,150,ShamIbadiyya0000185,2322,497,658,104,81
255,812,1024,ShamIbadiyya0000476,146,1251,1437,130,68
255,507,1076,ShamIbadiyya0000219,107,73,586,357,72
256,1314,1629,Masaha004768Vols,1616,920,1324,214,61
256,1352,1629,Sham20Y0021786,227,956,1326,191,60
256,1407,1613,Sham20Y0021786,229,301,534,133,70
256,1352,1629,Sham20Y0014596,1499,627,1129,214,52
256,1442,1629,Kraken210323052137,645,18,200,132,87
257,851,1042,ShamAY0034282,720,94,655,140,30
257,814,1042,Shamela0119492,89,652,881,177,91
259,518,734,ShamIbadiyya0000219,267,1368,1618,173,84
259,331,1218,ShamIbadiyya0000229,600,566,1395,238,22
260,1040,1362,ShamIbadiyya0000185,3971,139,459,205,77
265,42,247,ShamIbadiyya0000967,16,998,1481,150,38
266,1048,1166,Sham19Y0131521,6052,79,234,84,69
266,1048,1166,Sham19Y0001734,1708,1161,1316,84,69
266,444,628,ShamAY0034282,3274,304,506,117,71
266,1048,1166,Sham19Y0020591,1645,1241,1396,84,69
266,475,628,Sham19Y0020699,1574,691,853,110,80
266,447,673,Shamela0021731,1050,66,275,132,68
266,452,673,Sham19Y0127677,18893,1112,1325,123,63
266,452,920,ShamAY0034128,339,562,1252,215,33
266,1061,1166,Sham19Y0148486,5027,461,588,81,80
266,452,669,Sham19Y0148486,5054,792,1004,123,63
266,452,673,Shamela0021809,394,901,1118,133,68
266,1061,1170,Shamela0012220,1860,380,512,83,79
266,1048,1166,JK011184,848,988,1187,84,53
266,1048,1166,Shamela0001875,1272,553,708,84,69
266,452,925,Shamela0001875,1274,756,1092,209,51
266,475,624,Shamela0021619BK2,2476,491,648,104,78
266,1048,1166,JK009390,5864,103,224,91,95
266,452,669,Shamela0008338,22,564,777,126,64
266,1048,1166,ShamAY0032921,127,436,591,84,69
266,1048,1166,Shamela0000767,2367,708,871,88,69
266,447,673,Sham19Y0019188,4865,471,681,134,68
266,1048,1166,Shamela0007891,1747,186,341,84,69
266,452,1166,Shamela0009810,1012,199,1432,302,26
266,452,669,Shia001731Vols,563,1151,1365,132,68
266,836,1166,Shia001731Vols,564,171,661,170,44
266,1061,1166,JK000785,2300,20,147,81,80
266,1048,1170,Sham19Y0146127,2713,679,838,86,69
266,452,669,Sham19Y0146127,2730,139,351,123,63
266,458,673,Shamela0008463,4522,691,889,126,68
266,487,628,Shamela0021743,1384,1,152,102,79
266,1061,1170,Shamela0021743,1801,29,160,83,80
266,1061,1166,Shamela0001442,822,595,731,81,75
266,1048,1166,Shamela0025794,4947,669,824,84,69
266,1048,1166,JK007116,77,885,1040,84,69
266,1048,1166,Shia002231Vols,385,1228,1383,84,69
266,1048,1166,Shamela0025800,991,737,896,91,72
266,1048,1170,Sham19Y0148271,2203,250,409,86,69
266,1061,1166,Shamela0117359,1052,26,153,81,80
269,1209,1536,ShamIbadiyya0000219,23,30,350,229,81
272,934,1116,ShamAY0034251BK3,22,1428,1618,151,95
273,5,312,Shamela0000427BK1,15,859,1581,187,31
275,193,1081,ShamIbadiyya0000074,1181,41,875,363,43
275,68,1424,ShamIbadiyya0000967,1489,26,1544,938,72
275,68,545,ShamIbadiyya0000204,195,1005,1497,311,68
275,549,1530,ShamIbadiyya0000204,196,1,1192,720,73
276,964,1411,ShamIbadiyya0000185,1485,1040,1333,161,45
283,302,580,ShamAY0034438,68,1183,1456,169,66
283,302,580,Sham19Y0131521,5757,1078,1366,178,69
283,302,589,ShamAY0033760,648,1006,1294,170,64
283,307,580,Zaydiyya0000191,22,1344,1539,137,60
283,302,580,Sham19Y0017063,1329,637,925,176,68
283,302,580,Sham19Y0014601,5513,1040,1328,178,69
283,302,523,Sham19Y0020591,1545,1272,1499,146,73
283,302,580,ShamAY0034066,295,504,782,171,67
283,302,574,Shia002069Vols,143,1094,1377,145,54
283,302,585,Shamela0003118,2928,451,740,173,64
283,302,580,Shamela0012027,329,718,1000,178,70
283,302,580,Sham19Y0020944,989,121,404,178,70
283,302,580,Shamela0035100,630,723,1005,183,73
283,302,580,Shamela0003055,2155,880,1160,179,72
283,325,580,Shamela0009773,408,1,232,150,64
283,302,585,Sham19Y0016976,1560,329,618,176,68
283,302,580,JK006838,1590,1210,1474,176,71
283,302,580,Sham19Y0014579,2980,74,353,177,70
283,302,580,Shamela0021809,340,275,555,188,77
283,302,580,Masaha001864Vols,2844,530,818,178,69
283,302,566,Shamela0008176,6617,1302,1570,166,69
283,302,580,Sham19Y0145212,3211,387,667,176,69
283,302,580,Shamela0008360,789,337,619,176,69
283,320,580,Shamela0036446,1382,972,1222,179,82
283,269,470,Sham19Y0020642,405,1440,1626,115,64
283,302,580,Sham19Y0023608,1179,815,1100,185,74
283,302,580,Sham19Y0122257,2989,305,587,178,70
283,302,580,Sham19Y0023618,424,380,658,171,67
283,302,580,Shia001370,137,871,1138,160,63
283,302,580,JK000916,8872,1043,1327,170,64
283,320,589,Shamela0006947,19536,468,750,179,75
283,307,580,Shamela0006947,19760,894,1160,177,75
283,302,580,Shamela0004473,546,34,312,174,69
283,315,580,Shamela0004473,7967,1356,1610,184,85
283,302,580,Shamela0006590,680,796,1068,180,75
283,394,580,Sham19Y0145210,2215,1,178,119,72
283,302,580,Shamela0007891,2548,1057,1344,166,63
283,302,580,Shamela0008266,2,404,647,151,61
283,315,580,Sham19Y0029676,106,1292,1522,165,77
283,307,580,ShamAY0001760,24,86,360,173,70
283,302,580,Sham19Y0014119,551,416,704,176,68
283,302,580,Sham19Y0013614,712,148,418,177,73
283,302,580,Masaha001922,137,921,1188,160,63
283,302,580,Shamela0010906,627,952,1234,183,73
283,302,580,Shamela0025800,2731,361,637,187,78
283,334,580,Shamela0007485,20,1,232,151,69
283,302,580,Shamela0117359,991,761,1049,178,69
284,843,1112,Shamela0010657,1094,497,750,146,60
284,852,1093,JK007064,448,194,453,149,64
284,843,1093,Shamela0010517,2247,104,353,151,67
284,843,1005,Shamela0021809,2558,1300,1445,90,62
284,843,1112,Shamela0022848,339,220,466,140,58
284,843,1160,Shamela0009242,2801,381,692,190,67
284,843,1098,Sham19Y0023644,2917,955,1214,136,59
284,856,1098,Shia000841Vols,7414,673,927,142,61
284,843,1072,Sham19Y0014538,255,1253,1488,129,60
284,843,1112,JK000221,584,955,1206,140,58
284,843,1082,Shamela0025794,2861,1195,1437,146,66
284,843,1082,Shamela0025794,3425,672,911,131,64
284,852,1093,Shamela0007264,157,1131,1390,147,63
285,1146,1454,ShamIbadiyya0000185,3167,1236,1555,144,46
285,822,1135,ShamIbadiyya0000150,132,925,1129,158,63
285,822,1140,ShamIbadiyya0000760,904,315,572,161,55
285,209,394,ShamIbadiyya0000760,1011,1305,1505,144,90
285,462,580,ShamIbadiyya0000760,1012,226,349,92,93
286,62,255,ShamIbadiyya0000760,977,1225,1485,144,69
286,1235,1485,JK000170,2117,16,346,173,64
288,967,1462,ShamIbadiyya0000760,1066,761,1315,215,38
290,1282,1517,ShamIbadiyya0000185,2451,649,845,143,74
291,1015,1256,Shamela0002573,2350,980,1213,166,84
291,943,1367,Shamela0006170,90,879,1144,82,19
291,1306,1567,Shamela0021640,1117,796,1242,99,27
291,936,1357,Sham19Y0124336,113,1113,1373,95,24
291,1026,1256,Shamela0021596,1070,451,668,160,87
291,640,926,Shamela0010640,271,1098,1583,146,32
292,1084,1258,ShamIbadiyya0000185,2263,1101,1300,140,85
294,1263,1441,ShamIbadiyya0000760,1035,970,1151,134,90
294,872,1244,ShamIbadiyya0000760,1274,329,864,284,64
294,1038,1244,ShamIbadiyya0000229,702,742,939,152,86
295,5,350,ShamIbadiyya0000760,1166,1282,1512,180,63
295,350,473,ShamIbadiyya0000760,1167,1,125,98,98
295,14,473,ShamIbadiyya0000760,1200,255,886,246,43
298,711,933,ShamIbadiyya0000760,664,1083,1332,162,81
298,555,933,ShamIbadiyya0000942,340,928,1290,218,67
299,997,1387,JK010131,8,5,480,233,53
299,5,602,Shamela0001666,67,245,456,133,27
299,751,1387,Shamela0003055,1503,158,736,305,52
299,1002,1387,Shamela0010443,430,1,437,233,57
299,5,130,Shamela0021719,93,1397,1533,93,82
299,13,130,Shamela0021588,236,1,128,87,81
299,5,602,Kraken22041319410301,120,865,1077,133,27
300,160,345,ShamIbadiyya0000967,1549,1218,1415,132,80
300,368,542,ShamIbadiyya0000967,1551,40,230,135,86
302,957,1222,Shamela0119492,193,631,1010,160,52
303,559,697,ShamIbadiyya0000760,740,780,914,102,91
303,101,555,ShamIbadiyya0000229,2778,481,866,269,75
304,704,1087,ShamAY0037542,17,191,403,109,31
304,154,1087,Shamela0001666,268,270,706,226,28
304,574,819,JK007109,352,137,546,121,36
304,154,1087,Kraken22041319410301,377,544,979,226,28
305,53,502,ShamIbadiyya0000942,622,229,378,114,31
308,953,1092,ShamIbadiyya0000942,485,927,1056,100,91
310,266,860,Shamela0021719,169,887,1639,278,40
310,864,1164,Shamela0021719,170,1,475,224,56
313,461,656,ShamIbadiyya0000967,474,535,708,120,74
316,614,869,Kraken210323052121,260,292,453,124,60
316,243,501,Kraken210323052121,261,576,818,175,80
316,354,501,Shamela0008183,689,1211,1347,101,85
318,264,604,ShamIbadiyya0000185,4252,911,1254,212,73
321,1165,1477,ShamIbadiyya0000967,1454,480,1125,234,46
322,898,1105,ShamIbadiyya0000185,766,1193,1394,160,94
322,789,1077,ShamIbadiyya0000967,1659,381,735,155,49
323,1,246,ShamIbadiyya0000185,769,67,319,190,92
323,1,252,ShamIbadiyya0000967,1690,635,888,182,86
326,9,614,ShamAY0034251BK3,22,1144,1618,291,49
326,618,1093,ShamAY0034251BK3,23,33,1304,322,31
328,208,589,ShamIbadiyya0000185,2076,1077,1481,259,74
329,882,1407,ShamIbadiyya0000967,1500,421,905,83,12
330,90,327,ShamIbadiyya0000967,1535,1088,1307,166,87
331,1258,1551,ShamIbadiyya0000229,936,915,1067,106,46
331,938,1476,ShamIbadiyya0000967,1489,569,1551,261,29
331,16,230,Shamela0006140,12,1311,1569,146,66
331,938,1546,ShamIbadiyya0000204,196,56,1152,304,30
332,145,295,ShamIbadiyya0000185,1083,639,795,113,88
332,323,550,ShamAY0034282,1036,840,1313,125,30
332,131,473,ShamIbadiyya0000229,1985,332,561,151,55
332,155,295,ShamIbadiyya0000204,223,519,666,105,88
334,428,871,ShamIbadiyya0000185,2577,160,381,165,44
334,765,1164,ShamIbadiyya0000185,2593,215,609,159,36
338,802,1009,ShamIbadiyya0000185,3036,114,359,138,68
339,1077,1254,ShamIbadiyya0000967,505,225,337,89,62
341,398,726,ShamAY0034282,82,1,998,184,22
341,742,874,ShamAY0034282,83,1006,1144,97,79
341,1196,1490,ShamAY0034282,86,292,929,186,35
341,242,561,ShamIbadiyya0000967,1502,1126,1382,197,77
341,561,879,ShamIbadiyya0000967,1503,1,323,236,88
341,242,708,ShamIbadiyya0000967,1509,1010,1409,282,75
341,708,879,ShamIbadiyya0000967,1510,1,181,137,92
341,1225,1567,ShamIbadiyya0000967,1511,927,1446,259,60
345,1076,1451,ShamAY0035035,2170,569,930,230,67
345,1,262,Shamela0006140,203,855,1153,137,54
345,903,1483,Shamela0006140,207,351,1041,408,70
345,1084,1451,Sham19Y0013577,3564,69,783,229,36
345,1238,1483,ShamAY0034251BK3,541,45,280,136,56
346,72,326,Sham19Y0131521,2387,1211,1427,133,56
346,162,315,Shamela0021765,726,791,917,90,72
346,72,326,Shamela0009242,1775,905,1105,136,59
346,72,326,ShamIbadiyya0000433,513,218,396,130,62
346,162,315,Shia002264,129,422,555,78,59
346,162,315,Sham19Y0013223,347,504,630,90,72
350,42,455,Sham20Y0021786,173,1153,1445,130,32
350,42,198,Shamela0001666,64,1402,1608,100,60
350,42,202,Shamela0021719,90,1424,1624,100,62
350,425,936,Shamela0021719,91,278,794,193,33
353,81,335,ShamIbadiyya0000760,891,382,676,186,78
354,1100,1369,Shamela0010657,184,1119,1359,126,47
354,1100,1268,Sham19Y0013667,2288,678,877,97,63
354,673,840,Shamela0002573,1893,1,216,123,68
354,1100,1221,Sham19Y0131521,430,797,925,87,85
354,1100,1221,Sham19Y0131521,834,1102,1230,87,85
354,647,840,Shamela0005756,3467,340,532,142,86
354,1100,1221,Shamela0005922,433,188,316,87,85
354,1100,1221,ShamAY0033975,460,507,635,87,85
354,1092,1221,Sham19Y0020591,78,1123,1261,92,83
354,1100,1240,Sham19Y0020591,204,285,433,88,75
354,1100,1233,JK000386,142,1168,1290,94,87
354,1100,1221,Sham19Y0020944,48,665,793,87,85
354,1100,1221,Sham19Y0020944,111,1280,1408,87,85
354,1100,1369,Shamela0004289,429,1103,1439,123,46
354,1100,1221,Sham19Y0018569,176,890,1018,87,85
354,1100,1369,Sham19Y0148486,1413,38,394,149,48
354,1086,1233,Shia000153Vols,300,79,227,102,81
354,1100,1265,Shamela0021809,197,102,334,110,56
354,1100,1221,Sham19Y0017729,97,1274,1402,86,84
354,1100,1221,Sham19Y0145212,394,1251,1369,92,94
354,1100,1233,Shamela0008544,414,1245,1383,93,83
354,1100,1268,Shamela0006025,471,590,775,95,65
354,1100,1233,Sham19Y0013252,11331,356,490,91,81
354,1100,1221,Shamela0121376,676,1013,1141,87,85
354,1100,1233,Shamela0009242,312,128,251,96,89
354,1100,1369,Shamela0009242,313,628,892,123,52
354,647,923,Sham20Y0014596,1215,715,993,170,69
354,1100,1282,Shamela0010664,35,504,706,100,57
354,647,840,ShamAY0034200,362,1363,1556,143,86
354,1083,1382,ShamIbadiyya0000942,235,347,653,208,78
354,647,840,Shamela0006947,6321,1303,1474,135,84
354,1100,1369,Shamela0001875,201,1160,1392,133,57
354,1100,1225,ShamAY0034249,184,41,174,90,85
354,1100,1542,Tafsir07055,878,854,1207,160,44
354,1100,1225,JK006897,21,124,246,95,94
354,1100,1221,Shamela0007891,143,787,915,87,85
354,1100,1282,Shia001432Vols,21743,591,770,107,73
354,1100,1221,JK000170,499,469,605,87,80
354,1100,1221,Sham19Y0017903,179,586,714,87,85
354,1100,1369,Shamela0000137,555,442,711,127,53
354,647,840,Shamela0009508,336,942,1135,145,85
354,1083,1542,ShamIbadiyya0000967,2075,893,1406,357,85
354,1100,1233,Shamela0021743,63,700,823,96,89
354,1100,1221,Shamela0001442,52,768,896,87,85
354,647,879,Shamela0007312,126,98,329,186,98
354,1100,1225,Sham19Y0006684,573,758,891,90,85
354,1100,1221,Shamela0025794,3441,1243,1361,92,94
354,1100,1221,JK010001,817,1299,1427,87,85
354,1100,1221,Sham19Y0011194,69,231,359,87,85
354,1100,1221,Sham19Y0011194,202,665,793,87,85
354,1100,1268,Shamela0008540,291,347,489,96,69
354,1100,1312,Shamela0008540,675,248,495,105,55
354,1100,1221,Shamela0025800,1372,30,168,83,75
354,1100,1221,Shamela0025800,1901,826,956,87,84
354,1100,1221,Zaydiyya0000407,480,534,662,87,85
354,1100,1221,Sham19Y0148271,240,1146,1267,90,89
354,1100,1243,Shamela0117359,103,128,270,92,78
354,1100,1240,Shamela0117359,172,508,656,88,75
356,237,391,Sham20Y0014596,1852,1077,1553,107,27
357,1227,1361,Kraken210323052121,57,274,409,96,88
357,1222,1361,Kraken210323052121,228,133,277,98,86
357,1222,1366,Shamela0026333,181,181,329,101,87
357,1227,1361,Sham20Y0014596,31,753,888,96,91
358,903,1058,ShamIbadiyya0000129,444,417,617,104,62
358,1109,1314,Shamela0119492,210,509,818,129,46
361,1063,1230,Shia000820Vols,3767,1220,1392,124,89
361,1248,1434,Shia000820Vols,3768,34,219,131,83
361,1248,1434,Sham19Y0014580,1401,978,1155,128,80
361,1063,1434,Sham19Y0017798,1062,888,1348,235,60
362,1191,1440,ShamIbadiyya0000185,3285,167,408,160,73
365,98,1104,Shamela0119492,187,722,1412,471,55
368,1194,1352,Shamela0021719,12,415,573,121,94
369,1,329,JK000383BK1,29,1117,1466,248,87
369,6,329,Shamela0009953,328,1171,1515,239,84
369,6,336,Shamela0021629,713,135,540,243,71
369,1,329,Shamela0012014,6,395,800,260,79
369,1,329,Shamela0096283,186,1031,1377,246,86
369,1,329,Shamela0001975,226,267,618,251,88
369,1,302,Shamela0005756,7539,1179,1502,227,86
369,1,329,Shamela0021537,1752,740,1090,249,87
369,6,329,Shia002069Vols,763,127,474,241,85
369,6,228,Shamela0003118,1660,1227,1491,165,77
369,59,329,JK001412,232,5,299,192,79
369,1,329,Sham19Y0018176,877,52,398,246,86
369,1,329,Shamela0021659,272,294,645,251,88
369,1,329,Sham19Y0014592,1987,161,510,245,85
369,1,329,Sham19Y0013252,4195,689,1039,249,87
369,1,329,Shamela0036446,1287,72,423,250,87
369,105,329,Shamela0025791,364,1,247,169,85
369,1,329,Shamela0026389,227,58,420,234,77
369,6,329,Shamela0021550,388,518,864,244,84
369,6,264,Shamela0012403,118,1198,1499,194,79
369,1,329,Sham19Y0096918,361,617,944,247,92
369,1,329,JK001236,89,1031,1385,246,85
369,1,329,Shamela0021715,3675,662,1012,249,87
369,1,329,Shamela0021715,3677,104,1007,242,33
369,6,329,Shamela0003485,312,1183,1516,228,79
369,1,329,Shamela0036191,10,441,787,246,86
369,6,329,JK000001,1679,193,538,242,83
369,6,329,Sham19Y0023625,2760,803,1125,220,76
369,1,271,JK009390,485,1202,1496,205,86
369,1,329,Sham19Y0018106,1632,952,1298,246,86
369,1,329,Sham19Y0013572,523,1103,1453,249,87
369,38,329,Shamela0037837,628,330,699,231,77
369,1,329,Shia002265Vols,4947,722,1073,251,88
369,1,329,Shamela0009631,118,342,696,241,82
369,1,329,Shamela0001438,6941,929,1280,251,88
369,1,322,Shamela0001438,7986,1203,1547,245,87
369,1,329,Shamela0013150,8,159,514,248,86
369,1,329,JK007065,472,739,1089,249,87
369,20,329,Sham19Y0016584,1778,924,1328,223,68
369,54,329,Sham19Y0013223,50,1,299,211,87
369,1,336,Sham19Y0013223,902,1110,1468,257,88
369,6,329,JK000021,2020,1020,1360,239,85
369,1,329,Kraken230110004547,522,61,425,248,83
369,1,329,Shamela0025800,2872,350,701,250,87
369,84,329,Sham19Y0014088,260,1,263,183,84
369,1,329,Sham19Y0016684,908,792,1141,248,87
369,1,329,Shamela0011755,581,347,697,247,86
369,1,310,JK000110,543,1210,1537,230,85
372,1004,1254,Shamela0006289,70,1269,1600,97,30
372,1349,1608,Shamela0008526,103,1079,1351,178,76
373,1265,1425,Shamela0008526,104,825,1052,113,63
373,358,860,ShamIbadiyya0000219,46,993,1593,310,57
373,358,976,ShamIbadiyya0000219,75,236,988,396,59
374,733,1291,Shamela0008233,18,366,1047,311,50
374,898,1291,Masaha001946Vols,376,962,1463,213,47
374,841,1291,Sham19Y0001734,562,543,934,202,50
374,893,1291,Shamela0008473,1249,994,1485,210,47
374,733,1291,ShamIbadiyya0000155,30,429,1201,372,56
374,881,1291,Shamela0006056,151,351,844,222,50
374,733,1291,Shamela0000432,4775,1,523,259,49
374,743,1291,Shamela0026370,6,785,1472,314,51
374,1275,1410,ShamIbadiyya0000476,161,725,857,95,82
374,733,1291,Shamela0011036,268,206,916,333,53
374,105,593,ShamIbadiyya0000219,216,431,1031,213,44
374,660,1473,ShamIbadiyya0000219,217,28,980,552,69
374,893,1291,Sham19Y0132524,395,84,586,219,49
374,865,1291,Shamela0001719,3584,56,455,200,48
374,841,1291,Sham19Y0029560,114,982,1380,212,48
374,105,593,ShamIbadiyya0000229,561,731,1332,213,44
374,841,1291,ShamAY0038638,56,149,638,235,51
374,733,1291,Shamela0007891,224,589,1321,332,52
374,956,1291,Shamela0002102,383,59,435,163,46
374,733,1291,Shamela0021696,5,549,1260,326,52
374,841,1291,Shamela0001438,7685,777,1202,224,54
374,743,1291,JK007065,1289,582,1125,281,53
374,733,1291,JK009154,66,33,615,333,64
374,893,1291,Shamela0001727,203,84,586,219,49
374,765,1291,ShamAY0033177,557,982,1512,272,51
374,795,1291,Shamela0026366,6,5,615,281,50
374,733,1291,JK007116,6,314,1004,327,53
374,733,1291,Kraken230110004547,315,484,1059,318,61
374,889,1291,Sham19Y0017616,58,226,729,218,48
377,963,1147,ShamAY0034200,1162,146,487,123,43
377,1032,1255,JK007109,337,14,244,178,95
377,963,1231,Shamela0009508,1056,772,1197,191,54
377,193,394,ShamIbadiyya0000967,1521,77,336,120,57
379,570,967,Sham19Y0021525,1164,152,457,189,55
379,842,980,Sham19Y0013620,1373,972,1115,91,81
379,699,1135,Shamela0096283,10,1,365,251,67
379,578,984,Shamela0005756,339,149,587,268,72
379,691,984,Sham19Y0017063,44,410,715,225,89
379,691,984,Shia002069Vols,774,520,837,223,86
379,578,984,Sham19Y0039268,394,916,1346,244,64
379,578,984,ShamAY0035250,4,579,1018,269,72
379,674,984,Sham19Y0127677,9871,795,1166,245,82
379,578,984,Sham19Y0018176,49,73,512,269,72
379,652,984,Shamela0010463,700,1148,1536,250,79
379,652,984,Sham19Y0127656,28,768,1154,250,79
379,578,984,Sham19Y0016976,83,562,965,264,70
379,652,984,JK009324,26,955,1347,248,77
379,674,984,Sham19Y0148486,4972,965,1335,229,74
379,865,984,Shamela0008176,171,1,135,92,88
379,674,984,Shamela0008360,6,689,1072,241,79
379,578,984,Sham19Y0013252,451,1054,1496,271,73
379,652,984,Sham19Y0013252,452,104,495,252,80
379,652,984,Sham19Y0014827,353,560,955,257,81
379,674,984,Shamela0009242,3109,857,1228,245,82
379,578,984,Sham19Y0017791,42,150,553,264,70
379,736,1193,Shamela0008370,315,1,476,221,42
379,578,984,Shamela0021715,200,1062,1501,269,72
379,659,1135,Shamela0021766,1058,400,921,254,51
379,663,984,Shamela0021766,1111,431,838,248,76
379,570,984,Shamela0021766,1293,491,891,256,67
379,674,984,ShamAY0031741,81,501,844,207,66
379,578,984,Sham19Y0018106,79,818,1257,269,72
379,578,984,JK009266,2828,994,1406,266,69
379,578,984,Sham19Y0018103,99,9,448,269,72
379,842,994,JK000299,2519,1415,1551,92,74
379,674,984,Shamela0037837,559,681,1180,239,60
379,570,984,Shamela0008381,1981,711,1070,192,55
379,842,994,Shamela0021744,2932,1124,1260,92,74
379,652,984,Shamela0000137,31,1073,1459,250,79
379,578,984,Shamela0021660,5508,26,465,269,72
379,758,984,Sham19Y0016584,57,1255,1559,172,71
379,578,984,Sham19Y0014119,64,687,1090,264,70
379,561,984,Sham19Y0016618,289,883,1305,272,71
379,578,1135,Sham19Y0013614,27,1098,1556,287,62
379,652,984,Rafed0000040Vols,619,928,1320,250,78
379,578,984,Sham19Y0132963,152,441,875,267,72
379,691,920,Tafsir07076,1764,1261,1507,180,89
379,663,967,Tafsir07076,2112,104,450,222,77
379,578,907,Sham19Y0013577,7967,1250,1574,206,65
379,674,984,Shamela0006610,864,74,445,245,82
379,691,891,Sham19Y0036114,506,622,899,160,71
379,659,961,Shamela0037458,4403,1,239,163,69
379,758,984,Shamela0009823,299,1,243,177,91
379,838,984,Sham19Y0014309,92,107,250,110,97
379,570,967,Sham19Y0014309,2732,224,654,257,71
379,578,984,JK000110,9,222,661,269,72
380,632,951,Shamela0000041,2128,130,452,243,94
380,93,322,Shamela0023623,3393,219,446,183,97
380,214,940,JK007018,601,40,720,325,40
380,151,806,Shia001782Vols,2298,12,415,250,41
380,87,322,Sham19Y0020587,199,809,1042,185,95
380,93,322,Shamela0023632,2957,1267,1494,183,97
380,648,885,Shamela0023632,2960,1317,1555,184,97
380,625,940,JK000791,1896,1051,1368,245,96
380,93,322,Rafed0001713Vols,2135,483,710,183,97
380,87,322,ShamAY0034052,1860,729,962,185,96
380,58,322,Zaydiyya0000398,148,802,1052,193,88
380,93,940,Rafed0001792Vols,3875,857,1395,425,62
380,93,940,Shamela0095590,3651,338,876,425,62
380,157,322,Shia002616Vols,5150,1,164,130,96
380,625,846,Rafed0003943Vols,1299,1430,1654,172,95
380,93,940,Shamela0009065,73,444,1098,425,54
380,93,322,Masaha000221,114,33,260,183,97
380,671,897,Tafsir05047,732,33,352,174,68
380,39,764,Shamela0009292,25,1128,1408,191,32
380,163,322,Zaydiyya0000329,72,178,335,125,96
380,93,940,Shamela0023591,5744,586,1124,425,62
380,93,322,Shamela0023591,5768,1197,1424,183,97
380,93,322,Shamela0021512,69,478,705,183,97
380,93,322,Sham19Y0023590,4710,322,549,183,97
380,93,940,Shamela0023614,981,836,1374,425,62
380,93,322,Sham19Y0023608,3234,475,702,183,97
380,93,940,Rafed0003257Vols,4391,921,1459,425,62
380,93,322,Sham19Y0023618,1473,1274,1501,183,97
380,201,940,ShamAY0034073,4083,981,1435,339,55
380,93,940,Shamela0010523,187,40,578,425,62
380,706,940,ShamAY0036821,1632,863,1094,180,96
380,243,940,Shamela0023588,1444,244,857,285,37
380,214,912,Shia002380Vols,650,565,1287,303,36
380,428,604,Sham19Y0019188,6670,788,1154,99,32
380,428,556,Sham19Y0019188,6783,1149,1458,82,31
380,93,940,JK009266,7472,993,1531,425,62
380,93,940,Tanzil001,190,592,1130,425,62
380,93,322,Shamela0023578,2570,899,1126,183,97
380,73,764,JK000055,362,515,776,192,34
380,428,625,Sham19Y0018144,3050,162,455,142,60
380,33,322,ShamAY0034364,17,1016,1330,201,71
380,93,322,Shamela0010273,2621,993,1220,183,97
380,93,322,Shamela0006886,6,646,873,183,97
380,93,322,Meshkat0014420,3823,1190,1417,183,97
380,214,742,ShamAY0038067,653,920,1141,175,41
380,93,322,Sham19Y0013223,2962,405,632,183,97
380,87,322,JK000381,2201,213,446,185,95
380,93,322,JK000381,3418,1135,1362,183,97
380,93,322,JK010001,2581,1186,1413,183,97
380,93,980,Shamela0029743,881,36,597,432,60
380,93,322,Shia002341Vols,3225,491,718,183,97
380,93,940,Rafed0002905Vols,6948,468,729,190,28
380,93,897,Shia002406Vols,6394,1064,1561,390,60
380,87,322,Sham19Y0020891,5127,1178,1411,185,96
380,214,806,Shamela0037458,3500,524,809,226,47
380,93,307,Shia002550Vols,266,717,929,171,97
380,93,322,Shamela0000927,283,613,840,183,97
380,93,806,Shamela0001733,3409,102,649,296,43
380,93,322,Masaha004578,304,947,1174,183,97
381,694,1070,Shamela0005756,7074,386,931,253,58
381,694,1097,Shamela0005756,15071,342,844,264,63
381,694,1070,Shamela0009804,304,746,1246,249,59
382,1154,1504,ShamIbadiyya0000185,3334,667,1089,173,41
382,795,926,ShamIbadiyya0000185,3725,1,150,92,74
382,1038,1504,ShamIbadiyya0000760,840,694,1429,288,44
382,795,1009,ShamIbadiyya0000760,1166,407,648,141,68
382,795,1009,ShamIbadiyya0000760,1199,1211,1460,123,57
382,1186,1504,Sham19Y0014285,3951,770,1128,204,68
383,165,787,ShamIbadiyya0000185,3335,9,845,214,24
383,32,513,ShamIbadiyya0000760,841,144,816,335,59
383,63,388,Sham19Y0014285,3952,506,1048,219,48
384,923,1107,Shia000841Vols,8716,1,191,134,85
384,882,1107,JK000272,1383,771,1002,167,87
384,80,452,ShamIbadiyya0000967,1367,881,1273,258,76
384,462,644,ShamIbadiyya0000967,1398,1239,1420,145,96
384,173,452,ShamIbadiyya0000204,93,5,261,188,82
385,788,1239,ShamIbadiyya0000185,2150,257,706,322,87
386,1093,1459,ShamIbadiyya0000229,1678,1155,1487,134,32
387,609,797,ShamIbadiyya0000185,2137,494,680,123,83
387,1270,1543,Shamela0006289,213,62,334,199,84
387,1145,1543,Shamela0007332,554,9,350,202,58
387,619,797,Shamela0007292,83,800,982,117,79
387,623,797,ShamIbadiyya0000942,614,384,553,119,88
388,412,650,Shamela0006289,214,690,1033,180,63
389,1372,1514,Sham19Y0131521,424,879,1018,112,97
389,1318,1519,Kraken210323052121,238,31,249,153,86
389,1372,1527,Shamela0005756,1291,732,897,114,81
389,1372,1537,Sham19Y0014601,468,429,609,118,77
389,1318,1514,Shia001764Vols,639,662,895,139,73
389,1372,1527,Sham19Y0013252,846,1295,1471,114,76
389,1236,1501,Kraken210323052149,118,1198,1615,197,59
389,1349,1514,Shamela0009242,315,356,519,119,88
389,1327,1514,ShamAY0033531,166,1179,1425,138,68
389,112,472,ShamIbadiyya0000229,2050,771,1046,194,63
389,1285,1514,Shamela0021590,101,1,333,151,57
389,1246,1514,Sham19Y0017747,173,435,796,192,66
389,1246,1537,Shamela0006610,225,1103,1376,182,73
389,1318,1514,Sham19Y0014309,3278,1311,1543,136,71
389,1349,1514,Shamela0036543,1937,633,795,118,88
390,726,947,ShamIbadiyya0000760,658,55,283,167,91
391,635,776,Sham20Y0021786,84,278,414,106,95
393,101,370,ShamIbadiyya0000185,445,546,834,181,77
393,209,385,ShamIbadiyya0000967,508,6,206,125,77