ms1,b1,e1,id2,ms2,b2,e2,ch_match,matches_percent
3,100,738,Sham19Y0132617,28,333,981,493,89
3,1030,1215,ShamAY0034662,295,1345,1548,144,89
3,986,1215,ShamAY0038014,67,462,758,163,66
4,1,127,Shamela0009757,2094,1429,1557,98,94
4,1,285,Shamela0001687,4172,93,360,210,88
4,291,432,Shamela0001687,4314,600,747,111,93
4,1233,1451,JK000213,113,426,629,163,93
5,343,689,Shia000004,230,1115,1407,162,45
5,343,577,Rafed0002209Vols,2645,1161,1338,143,74
5,343,745,Shia001148,399,601,970,200,47
5,343,577,Shamela0023735,1569,749,1050,190,77
5,782,999,Shamela0023735,1571,1075,1346,170,75
5,508,745,Shia002937,174,884,1169,165,69
5,782,960,Shamela0011685,401,1394,1625,137,72
5,343,518,Sham19Y0011402,11,662,904,140,71
6,771,1534,Shamela0006651,134,562,1269,550,90
6,887,1534,ShamAY0034662,296,130,867,478,78
6,883,1534,Rafed0000876,37,378,992,477,92
6,893,1260,Sham19Y0023644,6232,1309,1594,198,67
6,1260,1534,Sham19Y0023644,6233,1,260,173,78
6,710,1534,Shamela0000736,1753,719,1408,532,81
6,710,1175,Shamela0096165,65,1261,1599,256,68
6,1175,1534,Shamela0096165,66,1,353,267,94
6,771,1534,Kraken210630005153,2983,812,1258,303,49
6,710,1534,Shamela0012406,3411,1,695,526,80
7,403,635,Shamela0006651,130,523,791,129,55
7,817,1369,Shamela0006651,135,57,537,200,39
7,445,635,ShamAY0035844,41,1041,1226,120,71
7,445,635,ShamAY0035844,103,49,234,120,71
8,650,944,Sham19Y0016546,1932,1063,1394,229,85
9,625,1398,Sham19Y0132617,7,287,677,254,39
9,369,1290,ShamAY0034662,34,823,1691,694,88
9,1290,1736,ShamAY0034662,35,1,773,329,49
9,369,1742,ShamAY0036018,70,513,1704,932,80
9,373,1076,Sham19Y0017744,18,1088,1651,452,77
9,1076,1731,Sham19Y0017744,19,1,409,323,58
9,625,1213,ShamAY0033182,8,1026,1640,264,45
9,1033,1736,ShamAY0033182,9,35,595,354,56
9,347,1398,Shamela0006947,8720,398,843,269,30
9,610,1398,ShamAY0000443,2710,942,1336,252,38
9,390,1742,Sham19Y0017885,47,415,1594,829,68
9,373,1574,Shamela0037559,40,568,1685,813,75
9,1574,1742,Shamela0037559,41,1,287,133,56
9,1013,1364,Shia002003Vols,76,883,1248,288,95
9,474,1088,Shia002003Vols,77,1,291,151,29
9,369,1222,ShamAY0035844,19,734,1751,597,65
9,1222,1736,ShamAY0035844,20,50,720,381,66
9,355,1364,ShamAY0038014,395,225,1215,786,91
9,1371,1742,ShamAY0038014,754,28,459,271,70
10,502,1264,Sham19Y0132617,296,212,525,252,40
10,497,773,ShamAY0034662,35,92,382,218,90
10,497,773,ShamAY0036018,70,1420,1654,164,72
10,112,435,ShamAY0036018,71,11,351,197,64
10,9,435,Sham19Y0017744,19,418,865,273,70
10,497,773,ShamAY0033182,9,219,498,190,80
10,497,773,Sham19Y0017885,47,1199,1473,204,84
10,134,377,Sham19Y0017885,48,1,302,171,62
10,1,435,Shamela0037559,41,287,893,321,63
10,497,773,ShamAY0035844,20,289,587,215,87
10,1,465,ShamAY0038014,754,459,1009,332,69
11,1160,1360,Shamela0007370,1,122,510,151,48
13,699,923,Sham19Y0127713,13,21,232,142,77
18,379,833,Shamela0007370,1,125,583,371,98
19,83,964,Shia002914Vols,126,392,1078,533,74
19,898,1533,ShamAY0034199,63,725,1590,441,59
19,108,279,Sham19Y0013782,86,647,1073,73,18
20,1,202,ShamAY0034199,64,62,264,166,99
22,1204,1435,Sham19Y0014252,154,301,568,176,81
22,588,852,Shia002913,21,604,1087,167,43
22,1,415,Shamela0021593,740,937,1592,279,49
22,415,1049,Shamela0021593,741,1,802,497,76
22,1049,1252,Shamela0021593,742,1385,1588,163,99
22,1252,1592,Shamela0021593,743,7,348,246,80
22,1204,1435,Shamela0011146,119,645,908,176,82
22,599,894,JK001304,126,33,550,174,41
22,1204,1420,Sham19Y0122142,270,1341,1585,164,83
22,1,215,Shamela0011437,215,1431,1613,147,85
22,215,1592,Shamela0011437,216,1,1530,1072,84
23,1117,1323,Shamela0007370,1,230,587,170,56
23,213,533,ShamAY0034199,549,151,590,254,68
27,784,896,Shamela0001438,5312,586,770,82,53
27,784,906,Shamela0010768,28,896,1059,85,62
27,457,784,Sham19Y0013246,381,1129,1525,243,75
27,784,1489,Sham19Y0013246,382,1,642,486,85
27,784,896,JK007082,196,581,763,83,54
27,784,912,Shamela0021525,549,717,838,89,87
27,784,896,Sham19Y0127677,3312,706,890,82,53
27,772,896,JK010637,22,1331,1509,85,57
27,1,375,Sham19Y0017883,84,1144,1528,252,74
27,784,896,Sham19Y0016421,132,897,1079,83,54
27,784,896,Shia002265Vols,1044,1268,1449,82,54
27,784,896,JK010629,85,178,315,83,72
27,784,896,Shamela0023789,1400,1138,1343,79,46
27,784,906,JK000916,19603,1279,1484,85,50
27,784,896,Shamela0023785,102,803,996,84,52
27,784,896,JK009390,4255,294,475,82,54
27,784,906,Shamela0006909,126,33,198,85,61
27,784,912,Shia002185Vols,921,242,363,87,85
27,784,896,Shamela0004473,9726,949,1137,84,53
27,772,896,Shamela0000738,336,145,277,93,83
27,776,912,Sham19Y0020762,250,806,948,93,77
27,784,906,ShamAY0033734,11,1325,1505,84,56
27,772,912,Shamela0010646,1069,32,174,92,78
27,768,912,Shamela0010614,532,1244,1380,94,83
32,873,1271,Shamela0007370,770,964,1354,203,54
32,873,1271,Shamela0007370,960,964,1354,203,54
33,69,201,Zaydiyya0000361,431,652,799,91,75
33,69,201,Shamela0008505,397,1022,1149,103,96
44,797,1074,Shamela0021593,750,1233,1395,99,44
44,797,1074,Sham19Y0032476,790,567,731,97,43
46,900,1070,JK005200,647,965,1090,57,41
58,754,967,Shamela0021593,766,764,952,147,84
62,304,732,Shia002662Vols,413,29,387,186,48
62,923,1120,Shia002662Vols,414,624,1262,146,27
63,1091,1384,Shia002662Vols,394,1270,1515,183,77
63,688,954,Shia002662Vols,397,1220,1462,171,77
76,73,239,Shamela0021593,1055,598,763,123,87
76,73,239,ShamAY0034383,286,1236,1401,123,87
82,900,1066,Sham19Y0014827,195,971,1492,92,22
82,900,1079,Shamela0021590,995,631,844,96,51
84,961,1177,Shamela0007370,1735,408,593,119,63
84,961,1177,Shamela0007370,1763,286,471,119,63
84,966,1177,Shamela0023582,318,567,744,115,63
84,966,1177,Shia002616Vols,1804,609,787,116,64
84,961,1177,Sham19Y0013667,594,796,977,115,62
91,704,807,Shamela0011428,250,82,212,80,79
91,704,807,JK000386,134,621,737,80,87
93,1,327,Sham19Y0016934,8331,1304,1411,77,30
93,240,340,ShamAY0034138,747,795,909,73,80
93,240,340,JK000022,1102,1087,1201,73,80
109,932,1439,Shamela0021744,2820,1160,1465,119,29
109,932,1078,Shamela0021744,2821,1057,1235,66,39
109,992,1367,Shamela0006222,437,461,586,85,29
109,932,1439,Shamela0000427BK1,386,928,1236,116,27
109,932,1078,JK000299,2423,574,741,66,41
109,932,1333,Shamela0006170,94,954,1086,74,24
109,1033,1367,Shamela0008183,1569,1116,1248,68,26
109,1033,1363,Shamela0008183,1673,159,606,96,26
113,890,1401,Sham19Y0023618,2337,1,495,395,93
113,880,1359,Shamela0021593,974,1,315,236,59
113,803,1162,Shamela0011437,261,1174,1494,220,71
130,1271,1494,Shamela0021605,226,51,267,161,87
131,951,1299,Shamela0021605,230,973,1310,246,83
132,293,999,ShamAY0038640,186,946,1508,293,46
137,1093,1214,ShamIbadiyya0000942,275,748,869,90,93
160,985,1282,ShamAY0034383,272,1282,1574,225,95
160,1282,1511,ShamAY0034383,273,1,226,179,98
161,1,1235,ShamAY0034383,273,226,1499,984,96
161,1235,1516,ShamAY0034383,274,1,283,226,99
162,1,1263,ShamAY0034383,274,288,1538,998,97
162,1263,1531,ShamAY0034383,275,1,266,210,97
162,549,1241,Sham19Y0150966,1781,1305,1602,123,18
163,1,1280,ShamAY0034383,275,266,1550,1018,97
163,1280,1541,ShamAY0034383,276,1,271,208,96
164,1,1277,ShamAY0034383,276,271,1555,1023,98
164,1277,1585,ShamAY0034383,277,1,312,251,99
165,1,1250,ShamAY0034383,277,312,1538,983,98
165,1250,1517,ShamAY0034383,278,1,268,213,99
166,1,368,ShamAY0034383,278,268,632,285,95
168,1019,1378,Shamela0007370,2518,277,872,204,39
168,1050,1226,Sham19Y0016546,1280,229,336,77,55
168,1019,1336,ShamAY0031578,6628,1205,1572,161,48
169,225,467,Shamela0021593,1091,1349,1578,164,81
169,262,476,Sham19Y0032476,1033,387,629,159,81
178,336,1107,Shamela0021593,1092,92,606,338,52
181,72,319,Sham19Y0122232,1553,1049,1301,189,87
186,301,583,Shamela0007370,168,912,1122,135,59
189,994,1197,ShamAY0038640,39,1307,1528,153,83
189,1197,1541,ShamAY0038640,40,1,230,152,52
191,148,529,Sham19Y0122232,98,1048,1560,222,50
191,136,341,Shia000819,58,1036,1251,140,72
191,148,587,ShamAY0038640,40,238,666,272,72
191,136,341,ShamAY0034050,409,694,919,137,71
196,1032,1511,Sham19Y0122232,100,393,856,301,67
196,339,604,ShamAY0038640,40,1307,1539,176,81
196,1007,1511,ShamAY0038640,41,562,1007,352,85
197,27,412,ShamAY0038640,41,1007,1542,183,34
198,1,1662,ShamAY0038640,42,353,1356,777,56
199,1,278,ShamAY0038640,42,1356,1628,217,98
199,278,1547,ShamAY0038640,43,1,816,612,58
200,6,826,ShamAY0038640,43,816,1581,596,87
200,839,1574,ShamAY0038640,44,9,702,536,88
203,1076,1316,Shamela0021593,1161,9,181,130,64
203,213,428,Sham19Y0016546,962,1078,1243,119,69
204,1,707,ShamAY0038640,45,170,767,420,70
205,505,966,Shamela0021593,1169,365,668,215,57
205,455,786,Shamela0006336,894,84,328,147,52
205,502,786,Sham19Y0032476,1083,816,991,131,57
225,895,1063,ShamAY0038640,712,1249,1413,130,97
226,785,927,JK009218,30,407,551,104,89
226,794,999,JK001304,34,107,334,119,63
226,794,917,Shia002185Vols,3920,615,738,97,97
226,790,911,Shamela0006897,93,828,949,98,100
238,784,1434,ShamAY0038640,106,482,995,291,54
238,807,1434,Sham19Y0013922,55,872,1397,317,61
242,661,1053,Shamela0007370,1879,906,1347,263,68
245,752,1038,Sham19Y0122232,1493,651,849,143,63
246,303,722,Sham19Y0122232,1493,754,1493,245,40
246,1249,1387,Sham19Y0122232,1494,37,169,95,90
246,1175,1387,Shamela0021605,851,207,425,142,84
246,431,617,Shamela0021605,851,81,256,139,94
246,804,1092,Shamela0021605,852,48,270,108,44
246,1241,1413,ShamAY0032376,756,1297,1458,95,67
254,445,573,Zaydiyya0000010,804,316,434,73,70
258,1100,1291,Sham19Y0122232,1490,1035,1225,146,95
264,627,884,ShamAY0037543,14,685,867,108,51
268,654,1106,ShamAY0038640,722,157,598,334,91
269,994,1494,Shamela0011435,988,236,678,305,74
269,921,1494,Sham19Y0133369,258,847,1283,291,61
269,1075,1494,Sham19Y0122401,415,105,473,222,61
269,921,1494,Shia001334,364,314,814,320,65
269,921,1494,Shia001237Vols,3279,711,1211,320,65
269,921,1278,ShamAY0033942,96,1079,1417,153,41
269,921,1494,Sham19Y0149697,5876,805,1242,290,60
269,921,1494,ShamAY0034041,173,965,1463,323,66
269,921,1494,Shia002092,12,391,878,307,62
269,921,1494,Sham19Y0017350,817,495,1001,281,57
269,1136,1480,ShamAY0034206,3555,1072,1528,212,56
269,921,1494,Shamela0008634,605,995,1438,245,52
269,921,1494,Sham19Y0127713,1422,711,1199,314,63
269,921,1494,Shamela0021744,3940,730,1216,315,63
269,921,1494,Shia000126Vols,433,573,997,248,51
269,921,1460,ShamAY0034230,4125,245,676,187,38
269,921,1480,Shia002099,90,456,914,318,69
269,921,1480,Shamela0011428,1588,1009,1451,304,66
269,921,1494,Zaydiyya0000153,348,593,1103,273,54
269,921,1494,Zaydiyya0000149,232,208,722,315,64
269,921,1494,Shia001432Vols,3255,964,1463,319,65
269,921,1494,Shia000026Vols,556,11,535,233,41
269,921,1494,Sham19Y0017681,40,118,648,302,60
269,921,1354,Kraken220413030759,749,1207,1548,228,61
269,921,1494,Shamela0010013,316,913,1276,236,49
269,921,1494,JK000294,29,557,1063,282,57
269,921,1428,ShamAY0033943,169,1092,1494,282,68
269,921,1480,Sham19Y0013783,1114,1041,1471,304,66
269,999,1494,Shamela0021735,594,6,478,318,75
269,1069,1494,Sham19Y0123665,1485,140,530,223,59
269,624,811,Sham19Y0122256,659,665,840,128,83
269,921,1409,Shamela0026463,16,1171,1559,265,66
269,921,1494,Sham19Y0013252,4051,318,811,325,66
269,921,1494,JK000299,3365,130,616,313,63
269,921,1494,Shia000089Vols,2069,303,725,247,52
269,921,1494,Sham19Y0013769,2620,612,1098,330,68
269,921,1494,ShamAY0033181,1023,484,967,311,63
269,921,1494,Sham19Y0018279,124,64,509,286,59
269,921,1494,Shia002119Vols,3008,933,1414,324,67
269,921,1494,Shamela0004473,2475,783,1299,323,63
269,921,1255,Sham19Y0013667,4734,611,1280,171,28
269,990,1494,JK009324,2666,608,1065,323,77
269,921,1255,Shamela0000767,2694,507,1166,170,28
269,921,1494,Shamela0001442,650,912,1405,319,64
269,921,1435,Shamela0005756,7322,1152,1558,284,67
269,921,1494,Shia002034Vols,1066,616,1097,314,64
269,1079,1460,ShamAY0034122,509,529,1060,268,60
269,921,1494,Shamela0021611,1266,42,479,290,60
269,1226,1494,Shia000065,211,1,214,115,52
269,1013,1494,JK007115,430,6,400,260,64
269,921,1494,Sham19Y0014601,4933,723,1200,312,64
269,921,1455,Shamela0005922,1903,1,754,242,33
269,921,1494,Shamela0021766,496,322,806,309,62
269,921,1404,Shamela0001719,4174,1131,1515,268,67
269,921,1494,Sham19Y0018259,545,444,927,309,63
269,1169,1480,Sham19Y0020868,428,1,278,193,74
269,999,1494,Shamela0036446,542,975,1413,278,65
270,1,378,Sham19Y0122401,415,473,797,215,70
270,1,397,Shia001334,364,814,1155,210,63
270,1,299,Shia001237Vols,3279,1211,1458,158,68
270,27,407,ShamAY0034041,174,4,331,200,61
270,19,397,Sham19Y0017350,817,1029,1373,193,57
270,1,319,Sham19Y0127713,1422,1199,1468,172,65
270,1,397,Shamela0011428,1589,9,336,209,62
270,19,397,Zaydiyya0000153,348,1131,1459,192,59
270,1,397,Zaydiyya0000149,232,722,1075,218,63
270,27,397,Shia001432Vols,3256,4,324,192,62
270,19,397,Sham19Y0017681,40,676,1018,197,59
270,1,397,Kraken220413030759,750,156,573,239,63
270,19,397,JK000294,29,1091,1451,201,57
270,1,413,ShamAY0033943,170,88,447,221,61
270,1,397,Sham19Y0013783,1115,32,422,238,65
270,1,397,Shamela0021735,594,478,876,244,65
270,1,378,Sham19Y0123665,1485,530,825,198,66
270,1,397,Sham19Y0013252,4051,811,1159,223,65
270,1,397,JK000299,3365,616,973,219,62
270,1,359,Sham19Y0013769,2620,1098,1442,210,65
270,1,397,ShamAY0033181,1023,967,1307,208,60
270,19,397,Shia002119Vols,3009,1,378,227,65
270,1,397,JK009324,2666,1065,1437,249,75
270,109,397,Shamela0001442,651,1,282,180,72
270,1,397,Shamela0005756,7323,81,430,221,64
270,1,397,Shia002034Vols,1066,1097,1406,202,62
270,1,397,ShamAY0034122,509,943,1351,287,84
270,1,329,Sham19Y0014601,4933,1200,1508,196,72
270,1,407,Shamela0001719,4175,112,523,245,66
270,1,397,Sham19Y0018259,545,927,1316,238,70
286,471,812,Shamela0021605,1359,805,1092,231,82
288,543,680,Shamela0009270,160,719,888,77,59
288,607,834,Shamela0012884,2816,1,540,159,38
312,559,1052,Shia002662Vols,307,8,473,361,91
312,559,1052,Shamela0001417,77,251,720,371,94
312,656,1052,Shamela0011728,445,1,383,298,94
312,559,1052,Sham19Y0150960,765,481,958,370,92
324,98,243,Shamela0007370,2518,329,483,107,81
324,98,243,Shamela0007370,2547,1378,1532,107,81
342,945,1171,Shamela0009851,1952,342,562,120,58
353,551,1253,Sham19Y0017798,855,1,453,294,51
353,1199,1631,Sham19Y0017798,856,318,733,300,84
354,1,652,Sham19Y0017798,856,733,1253,358,65
356,554,844,Sham19Y0122401,460,571,836,143,59
356,443,819,Shamela0006446,403,72,515,81,14
356,443,819,Sham19Y0019188,5628,1024,1402,157,46
356,554,819,ShamAY0032376,1513,36,302,146,62
356,554,844,JK000786,2236,554,811,133,51
356,443,809,Shamela0036543,104,905,1212,112,34
356,582,834,Shia002914Vols,532,440,675,84,29
356,563,829,JK000969,4,513,705,110,50
356,554,809,JK000173,199,863,1087,149,71
356,592,844,ShamAY0034199,1853,903,1141,145,69
356,563,809,Shia002758,11,587,762,92,46
356,563,844,Shamela0001031,9,284,482,121,52
358,963,1178,Shamela0007370,1602,248,748,124,28
358,963,1119,Shamela0023591,2534,424,587,112,85
358,981,1174,Shamela0023628,954,235,697,72,16
359,889,1201,Shamela0021593,1279,989,1296,231,93
361,107,873,Shamela0021593,1280,52,588,363,57
367,703,973,Sham19Y0014827,723,353,655,162,63
367,732,973,Shamela0021608,1052,108,395,166,70
367,732,921,Shamela0021605,1373,538,764,136,75
367,489,1422,Shia000819,82,177,984,502,63
367,703,1030,Shamela0021593,1273,827,1136,181,60
367,719,921,JK009151,818,127,325,137,81
367,1070,1422,Sham19Y0020642,159,1001,1284,206,73
367,1070,1422,Shamela0037325,2636,408,696,217,77
367,497,1139,ShamAY0034050,18,891,1488,355,65
367,1139,1422,ShamAY0034050,19,1,253,192,86
367,489,977,ShamAY0034050,503,708,1180,229,52
367,703,921,Sham19Y0013782,240,644,884,149,72
367,732,921,Sham19Y0147104,696,1286,1518,142,78
368,810,984,Shamela0021605,1373,1301,1483,119,75
368,13,349,Shamela0021605,1373,534,741,120,44
368,803,984,Sham19Y0014252,216,847,1039,126,77
368,795,984,JK009151,818,494,673,123,77
368,795,984,Sham19Y0032476,1109,33,231,128,77
368,816,984,Shamela0011814,170,922,1101,122,80
368,13,349,Sham19Y0147104,696,1282,1495,125,45
368,795,984,Sham19Y0147104,697,376,574,130,78
370,457,805,Shia000819,83,512,824,216,79
370,457,618,ShamAY0034050,19,1239,1425,105,73
370,618,801,ShamAY0034050,20,1,193,135,87
370,457,690,ShamAY0034050,153,257,501,161,82
370,437,801,ShamAY0034050,552,430,678,163,56
371,447,827,Shamela0002863,774,454,670,149,47
371,248,705,Sham19Y0013241,526,963,1494,202,37
371,508,827,Shia000819,104,411,558,112,43
371,500,827,Shamela0022868,116,1151,1351,142,51
371,508,827,Shamela0021593,1274,242,420,129,49
371,508,827,Shia002463Vols,13,835,990,110,42
371,508,827,ShamAY0034050,291,355,540,132,49
371,508,827,Shamela0003328,28,466,621,110,42
389,1165,1282,Shamela0006590,800,56,254,84,55
389,423,624,Sham19Y0016546,312,1375,1573,126,71
389,1155,1287,Sham19Y0123608,822,376,704,78,29
389,1155,1282,Shamela0005922,2240,1118,1367,62,30
391,542,1224,Shamela0007370,2467,165,533,177,27
391,542,1224,Shamela0007370,2539,1046,1414,177,27
391,716,858,Sham19Y0016546,1240,54,197,113,97
391,542,1224,Sham19Y0013667,5923,1202,1570,179,27
392,213,734,Shamela0007370,736,1,403,125,23
392,29,268,Sham19Y0146127,559,749,957,101,52
392,9,268,Sham19Y0127663,36,1050,1283,140,65
392,29,237,Shamela0001733,2275,1006,1160,96,58
392,9,258,Shamela0001442,174,1214,1444,118,57
392,13,258,Shamela0004289,594,1111,1350,118,56
392,13,261,Shamela0025800,1380,176,409,123,60
392,13,258,Shamela0036446,180,676,867,116,62
397,550,778,Sham19Y0023618,1522,768,997,156,77
397,520,724,ShamAY0038067,515,94,239,90,56
397,563,768,JK000917,641,16,202,133,77
397,550,778,ShamAY0034066,1181,1158,1371,156,82
397,515,778,Shamela0000041,2201,1016,1273,161,68
397,532,778,Shamela0011993,697,627,888,156,66
397,520,741,JK000916,6206,436,865,124,34
397,535,724,Shamela0000347,753,843,1025,116,73
397,568,778,Shamela0023594,1692,524,714,119,64
401,517,1094,Sham19Y0018252,5,746,934,145,31
401,807,1536,Shia002914Vols,505,444,820,110,14
401,511,1094,Shamela0004473,2819,801,1057,154,31
428,1151,1306,Shamela0001438,6409,901,1085,94,62
428,1135,1306,Shamela0021765,531,1231,1442,109,63
428,1231,1339,JK007064,204,762,881,78,85
428,1135,1339,JK006801,155,147,388,131,65
428,1135,1339,Shamela0001404,255,779,994,116,60
428,1135,1306,ShamAY0033973,251,44,241,112,67
428,1139,1480,Shia002265Vols,2635,690,1161,152,40
428,1195,1339,Sham19Y0127663,505,38,167,73,64
428,1135,1339,Sham19Y0037618,1427,910,1151,131,65
428,1151,1344,Shamela0011036,842,299,499,105,56
430,101,536,Shamela0021537,5702,1168,1588,290,75
430,536,932,Shamela0021537,5703,1,382,299,93
430,101,850,ShamAY0037747,583,806,1527,523,81
435,421,616,ShamAY0034269,493,624,1109,126,29
442,104,365,Shamela0029701,30,100,339,141,62
442,104,221,Sham19Y0122232,1408,1415,1533,85,92
442,104,365,Shamela0007798,2249,1019,1330,175,70
442,107,259,Shamela0029677,147,376,544,116,85
442,123,365,Masaha001832,41,1131,1386,161,76
442,104,370,Shamela0009810,546,15,324,183,73
442,104,375,Shia001731Vols,291,1078,1394,183,72
442,104,365,Sham19Y0127677,10354,961,1298,180,68
442,104,375,Sham19Y0127677,10355,84,400,183,72
442,123,370,ShamAY0038144,15,773,1088,162,62
442,104,365,Shamela0030592Vols,252,1095,1367,162,66
442,104,365,Rafed0003902Vols,925,70,387,186,74
442,375,1024,JK001304,285,606,1291,188,25
442,490,686,JK001304,312,939,1424,86,21
442,111,302,Zaydiyya0000005,122,334,613,128,55
442,123,370,Shamela0010798,1158,865,1170,163,64
442,104,365,Shia001976Vols,19,738,1007,161,68
442,104,365,Shamela0025794,1,998,1336,182,68
442,104,365,Shia002174,24,968,1347,162,52
442,104,341,Shamela0008473,1014,1213,1510,164,70
456,684,836,Sham19Y0127663,71,903,1096,93,62
457,949,1467,Sham19Y0017881,276,930,1440,167,32
457,1201,1467,Sham19Y0016562,602,190,360,84,35
457,1000,1283,Shamela0025787,137,869,1032,91,40
460,1102,1347,Sham19Y0123510,727,157,415,181,85
460,1095,1347,Sham19Y0123510,961,768,1032,183,84
460,1102,1329,Sham19Y0016934,7324,288,547,163,76
460,1095,1402,Shamela0002863,1965,234,688,215,59
460,1095,1402,Shamela0021495,420,687,988,193,71
460,1095,1347,Sham19Y0013241,1519,1022,1434,183,54
460,1095,1389,ShamAY0035950,324,1194,1452,183,72
460,1102,1347,ShamAY0035950,437,175,439,185,85
460,1181,1389,Shia004456Vols,2488,246,431,120,68
460,1095,1402,Shia000819,166,533,918,175,51
460,1102,1389,Shamela0096178,76,1187,1451,174,71
460,1095,1347,Sham19Y0018611,260,981,1237,176,80
460,1095,1398,Sham19Y0039268,130,662,929,190,73
460,1095,1398,Shamela0013048,133,665,927,186,72
460,1110,1398,ShamIbadiyya0000100,154,341,585,164,69
460,1114,1389,Masaha004768Vols,1147,709,887,93,42
460,1095,1406,Sham19Y0017798,828,1052,1319,190,73
460,1119,1389,Shamela0002022,532,605,769,91,43
460,1095,1398,Sham19Y0146127,2775,1027,1264,174,69
460,1095,1398,Shamela0009993,258,950,1230,190,74
460,1095,1398,Shamela0006856,10,815,1075,190,75
460,1106,1307,Shamela0021721,3823,1064,1290,141,74
460,1095,1402,Shamela0004473,6193,209,482,170,63
460,1102,1329,ShamAY0034249,6751,826,1084,165,78
460,1114,1389,Sham19Y0014280,1636,841,1010,95,44
460,1176,1389,Sham19Y0014313,804,1162,1327,99,59
460,1206,1398,Sham19Y0148486,5135,1,166,113,69
460,1114,1398,ShamAY0034180,174,912,1163,160,62
460,1095,1402,Shamela0004864,17,831,1101,192,73
460,1095,1307,Shamela0001485,30,961,1193,158,82
470,1239,1545,Sham19Y0016928,195,44,272,177,71
470,1239,1545,Shamela0011088,48,1176,1404,176,70
471,1,424,Sham19Y0016928,195,254,535,203,60
471,846,1252,Sham19Y0016928,195,425,992,216,45
471,84,330,Shamela0013048,149,473,737,160,76
471,1,182,Shamela0011088,48,1386,1504,91,62
471,846,1252,Shamela0011088,49,53,620,215,44
471,218,424,Shamela0011088,49,1,163,107,65
471,227,330,Shamela0037325,210,1,114,77,87
471,106,330,ShamAY0034249,183,1009,1253,143,74
472,213,761,Sham19Y0016928,195,1033,1227,138,31
472,213,761,Shamela0011088,49,661,855,138,31
473,226,430,Sham19Y0016928,199,413,598,121,68
473,4,349,JK000475,1194,1194,1546,222,66
473,1,415,Sham19Y0014538,373,46,449,244,63
473,1,339,Sham19Y0018176,2545,1124,1458,213,68
473,1,401,Masaha001864Vols,2568,323,818,254,57
473,39,430,Sham19Y0131003,324,690,1103,197,49
473,158,501,Shamela0008493,242,1,374,240,76
473,1,299,Shamela0021715,10991,1215,1514,187,67
473,1,430,Shamela0030267Vols,75,193,582,240,63
473,1,430,Sham19Y0018106,4206,162,551,241,63
473,1,430,Sham19Y0018103,4189,271,660,241,63
473,1,496,JK000110,1916,144,583,261,59
473,1,289,ShamAY0034282,2447,1178,1481,230,93
473,1,439,Shamela0004445,3817,905,1331,262,64
473,1,269,Sham19Y0018144,2687,1256,1521,201,88
473,269,501,Sham19Y0018144,2688,1,279,150,65
473,1,430,Sham19Y0149213,2304,483,896,250,66
473,84,938,Shamela0011088,49,918,1403,246,33
473,226,430,Shamela0011088,53,96,281,119,67
473,19,624,Sham19Y0013252,10678,1,550,268,48
473,58,624,JK000916,26418,8,569,253,42
473,1,357,ShamAY0032665,2687,1168,1521,270,91
473,1,386,Sham19Y0013605,4992,130,508,208,61
473,1,415,Shamela0004473,8838,178,580,246,63
473,1,430,Shamela0005772,195,247,619,217,57
473,1,430,JK009324,3667,964,1344,230,60
473,1,496,Shamela0004289,209,548,986,260,59
473,1,501,Shamela0005756,15237,516,930,228,51
473,1,430,Shamela0025794,1365,731,1148,255,64
473,132,430,JK000533,3123,1,230,151,59
473,1,430,Zaydiyya0000407,362,382,734,212,55
473,1,430,Shamela0003722,8339,1041,1455,254,66
473,1,415,JK000134,4175,8,411,244,63
473,126,430,Sham19Y0016584,4760,38,252,148,61
474,728,954,Sham19Y0016928,195,1234,1443,126,64
474,728,954,Shamela0011088,49,862,1071,126,64
474,864,1420,Sham19Y0013782,189,118,440,193,40
475,656,1032,Sham19Y0016928,196,572,898,199,60
475,656,1032,Shamela0011088,50,210,536,198,60
477,1155,1524,Sham19Y0016546,898,201,623,270,77
477,1104,1323,Sham19Y0148486,4473,1249,1425,111,62
479,9,205,Sham19Y0013667,3422,952,1119,110,72
479,19,192,Shamela0001733,4680,1098,1259,118,86
479,19,192,Shia002034Vols,778,609,778,114,78
479,14,479,Shia002003Vols,889,233,665,158,36
479,6,369,Shamela0025794,5086,347,692,156,41
479,19,192,Shamela0001719,910,282,433,113,83
481,903,1501,Shamela0025864,57,679,1224,401,80
482,668,1474,Sham19Y0020647,57,311,1326,454,51
483,729,994,Sham19Y0122232,1094,795,1170,116,29
483,650,1242,Shamela0025864,45,772,1488,371,58
483,729,946,ShamAY0038640,369,981,1272,141,61
483,667,878,Shia002924Vols,327,546,859,141,57
483,1093,1228,Shamela0004473,10880,1,150,106,89
483,729,1153,Sham19Y0020647,56,935,1498,277,56
483,1153,1361,Sham19Y0020647,57,1,221,166,93
488,247,488,Shamela0025864,56,882,1164,165,73
488,1014,1163,Shamela0021593,1528,353,489,102,86
488,1014,1176,Sham19Y0020647,62,1168,1325,120,91
489,51,527,ShamAY0036013,16,136,597,316,80
489,25,613,Shamela0002863,149,401,901,291,55
489,54,527,Shamela0006227,73,741,1126,253,65
489,221,527,Shamela0021744,47,10,205,133,55
489,51,531,Shamela0011428,79,508,1063,323,70
489,61,658,Shamela0022848,35,569,1078,263,46
489,34,527,Sham19Y0131336,196,993,1408,270,65
489,236,406,Sham19Y0039268,256,40,288,100,49
489,34,527,Shamela0026324,6129,363,787,277,67
489,125,531,Sham19Y0146127,123,7,410,259,72
489,54,391,Shia002240Vols,27,1168,1472,190,66
489,140,527,JK000299,41,1041,1337,174,53
489,34,322,Shamela0006060,149,1118,1470,173,55
489,322,531,Shamela0006060,150,20,247,155,82
489,144,531,JK000477,127,1,666,205,33
489,34,613,Shamela0010657,263,46,528,289,60
489,199,414,Shamela0012403,504,464,788,101,38
489,187,531,Sham19Y0148486,270,10,421,240,72
489,25,371,JK000221,78,1140,1446,191,63
489,371,613,JK000221,79,1,194,121,62
489,25,531,Shamela0012579,1077,442,1070,337,64
501,808,1143,ShamAY0034249,2265,1189,1361,62,22
501,808,1228,Shia000828,145,494,792,83,23
501,808,1143,Shamela0001719,2986,781,960,61,22
503,400,601,Shamela0001717,242,551,982,114,34
503,801,990,Sham19Y0016546,1694,1211,1392,138,93
503,502,631,Sham19Y0016546,1695,12,148,87,78
503,439,644,Sham19Y0013782,202,1158,1391,134,70
505,769,973,Shamela0021605,1182,384,587,153,95
506,795,1320,Sham19Y0122232,1123,27,532,333,74
506,1221,1350,Shamela0021605,1184,1013,1128,84,86
506,19,316,JK000990,559,996,1200,126,53
506,14,312,Sham19Y0098083,970,541,780,176,74
506,1221,1347,ShamAY0032376,1048,47,152,77,80
506,795,1104,ShamAY0038640,397,1127,1454,230,86
506,1104,1339,ShamAY0038640,398,1,183,124,69
506,19,312,Shamela0006357,21,669,968,218,89
506,4,312,ShamAY0033182,16,1198,1498,217,87
506,14,312,ShamAY0000443,3774,53,289,176,75
506,14,312,Shamela0037559,50,652,926,205,86
506,19,312,Zaydiyya0000398,18,349,594,143,60
507,458,1039,ShamAY0034199,1147,683,1033,149,25
508,1369,1494,Shia000841Vols,6561,1345,1460,87,88
508,1369,1494,JK000734,208,1371,1484,79,76
508,1364,1494,JK000233,30,1066,1190,89,87
508,1369,1494,Shamela0006347,31,1177,1299,87,88
508,1392,1494,Shamela0011498,527,1050,1152,81,100
509,1119,1330,Shamela0021721,598,1153,1359,123,66
509,1105,1381,Shamela0010551,447,248,628,165,55
509,1185,1330,Shamela0005583,154,466,974,110,27
510,905,1103,Shia002914Vols,398,1246,1508,131,61
510,725,854,Shamela0008183,4051,962,1086,85,84
510,901,1103,Sham19Y0013667,134,1040,1301,130,60
510,725,846,Sham19Y0014601,5621,1363,1480,82,86
512,1,604,Shamela0021605,1194,218,814,476,95
512,1,604,ShamAY0032376,1054,239,830,464,91
520,91,581,Sham19Y0016546,1166,1064,1335,64,14
536,532,705,Shamela0021765,280,71,266,127,81
536,570,1196,Shamela0011435,1041,456,1041,186,24
536,914,1252,Shia002218Vols,314,59,391,224,81
536,1313,1471,Sham19Y0122257,2485,9,199,118,76
536,1024,1370,Shamela0007798,3540,1,372,196,62
536,914,1202,Shamela0012884,1755,1209,1489,190,80
536,1323,1471,Shamela0008360,637,39,196,111,85
536,718,1323,Shia000819,313,130,468,182,37
536,914,1269,JK000917,249,407,730,228,78
536,1323,1471,Sham19Y0013614,625,80,237,111,85
536,532,705,Shamela0008206,88,220,411,122,79
536,908,1099,Tafsir09084,404,435,976,111,25
536,570,705,Sham19Y0127677,507,1263,1391,87,77
536,532,705,Shamela0023700,2468,99,274,112,73
536,1318,1471,Shamela0000782,608,1237,1399,112,84
536,532,963,JK006801,681,35,398,155,36
536,1021,1207,Tafsir03092,654,955,1349,129,40
536,1318,1471,JK000679,109,628,790,112,84
536,914,1233,ShamAY0034059,3811,1274,1562,176,66
536,1323,1471,Sham19Y0023625,2879,1349,1505,110,85
536,532,963,Shamela0013048,242,272,776,220,44
536,1021,1309,Shamela0022593,695,690,1400,169,28
536,532,705,Sham19Y0037618,4168,360,548,117,75
536,914,1370,JK009396,385,595,976,245,65
536,1323,1471,Shamela0023100,330,348,506,114,90
536,527,729,Shamela0021719,68,680,841,92,51
536,914,1269,Shia002406Vols,2271,264,605,237,82
536,532,705,Shamela0011026,6,457,690,129,68
536,1318,1471,Shamela0010443,387,685,847,112,84
536,532,729,Shamela0000432,445,833,1009,93,53
536,527,729,Shamela0000432,450,935,1096,92,51
536,532,987,ShamAY0034182,1260,238,685,167,40
536,1323,1471,Sham19Y0022884,269,873,1038,111,81
536,1318,1471,Shamela0012579,1353,368,521,112,88
537,387,772,JK000791,111,759,1504,135,20
539,132,482,ShamAY0038640,964,1274,1603,258,91
539,488,674,ShamAY0038640,965,1,190,146,95
542,1200,1455,Shamela0021809,2449,519,763,176,85
542,1120,1429,Sham19Y0014103,415,65,549,114,23
542,1120,1479,ShamAY0038640,429,700,1094,121,26
542,1222,1460,Shamela0012027,340,653,888,163,86
542,1200,1455,Shamela0001733,3944,1006,1258,181,88
542,1210,1460,Shia001782Vols,148,943,1207,177,85
549,1249,1559,Shamela0021605,1733,1,282,223,89
550,1,320,Shamela0021605,1733,282,608,240,88
554,39,171,Shamela0021605,1452,555,694,109,94
554,39,167,ShamAY0032376,1251,117,252,106,94
555,553,754,Shamela0021605,1452,774,975,162,100
555,573,695,ShamAY0032376,1251,264,379,91,92
557,112,551,Sham19Y0151100,7,906,1361,349,95
560,255,1351,Shamela0021605,1436,1,686,518,58
562,495,992,Shamela0021605,1436,689,1017,113,23
564,519,748,Shamela0021605,1448,472,740,149,68
564,519,748,ShamAY0032376,1248,885,1153,153,69
564,509,748,ShamAY0038640,1014,989,1234,182,93
568,531,1023,Shamela0021605,1432,1334,1591,167,41
568,1097,1564,Shamela0021605,1436,739,1183,295,77
568,531,1036,Shamela0021593,1626,783,1049,183,44
569,964,1561,Shamela0021605,1437,98,692,448,88
570,1,385,Shamela0021605,1437,692,1052,295,93
575,1067,1337,Sham19Y0122232,1197,1386,1569,118,52
575,1059,1432,ShamAY0038640,461,21,288,188,60
576,1,434,Sham19Y0122232,1198,150,640,330,83
576,20,145,Sham19Y0016562,976,1,136,94,88
576,30,140,ShamAY0032891,6,529,669,69,62
576,1,145,Masaha004768Vols,1065,1314,1468,107,88
576,1,434,ShamAY0038640,461,336,811,328,84
576,10,434,Shia002914Vols,516,75,508,205,55
576,1,145,Shia002924Vols,195,1078,1232,107,88
578,242,407,Shamela0021593,1628,46,218,124,86
582,629,936,Tafsir02091,240,1179,1443,118,40
590,938,1204,ShamAY0038640,470,760,1034,179,81
598,1393,1511,Shamela0004473,15261,1,119,96,100
599,429,584,Kraken210622021812,206,25,197,124,86
615,214,794,Shamela0021593,2111,354,644,194,40
615,214,689,Shamela0011437,465,244,448,149,39
618,1441,1658,Shamela0011428,2045,870,1086,175,98
619,1,586,Shamela0011428,2045,1086,1642,438,90
619,599,910,Shamela0011428,2046,29,340,240,96
621,579,985,Shamela0007370,2091,989,1473,208,50
625,570,798,Shamela0021593,1655,80,304,170,89
626,492,729,Sham19Y0149697,765,380,751,146,45
626,492,729,Shamela0001717,311,1074,1389,155,55
626,511,748,Shamela0000427BK2,839,1310,1547,141,69
626,481,851,Shamela0008544,954,218,617,160,39
626,481,1017,Sham19Y0127677,20378,194,775,194,29
626,492,729,ShamAY0034227,721,1105,1373,143,59
626,481,1017,Sham19Y0020944,112,808,1378,194,30
626,481,1017,Shamela0117359,173,319,897,194,29
626,492,796,Sham19Y0014309,1479,1182,1491,196,75
626,481,796,Sham19Y0146127,308,402,730,180,60
626,502,796,Shamela0036558,406,982,1308,184,67
626,502,796,Shamela0006947,12201,733,1052,182,67
626,472,729,Shamela0006947,16991,1260,1518,166,74
626,481,791,Sham19Y0020591,205,738,1082,189,66
626,481,851,Shamela0011620,128,796,1193,177,42
626,481,844,JK005200,131,136,437,129,37
626,492,752,Shamela0021721,296,1297,1555,152,64
626,481,844,Sham19Y0131521,840,941,1353,183,45
626,481,851,Shamela0005756,2979,1036,1440,173,41
626,481,844,Shamela0005756,2989,1046,1443,183,47
626,481,851,Sham19Y0148486,620,32,440,173,40
626,481,1017,Masaha002308Vols,224,787,1366,194,29
626,492,851,Shamela0025800,1273,155,526,185,49
626,502,759,Shamela0000137,996,273,436,113,54
626,502,752,Shamela0001719,4555,685,953,166,71
626,492,966,Shamela0036446,133,1041,1542,224,43
627,509,894,Rafed0002654Vols,11302,792,1061,140,45
627,509,763,Zaydiyya0000300,14,829,1151,142,49
627,509,763,JK000916,16581,670,993,146,50
627,616,763,Shia003702,121,1215,1410,100,64
627,503,1032,Masaha001961Vols,1076,1077,1451,127,25
629,341,556,Shamela0008540,459,53,256,142,74
629,341,556,JK000475,61,1148,1401,142,65
629,341,560,Sham19Y0013241,171,476,695,141,69
629,260,556,Shia001913Vols,180,33,374,171,59
629,341,556,Shamela0010906,4050,898,1145,140,64
629,341,556,Shamela0005803,146,842,1052,142,72
629,341,556,ShamAY0033910,64,1183,1445,142,63
629,341,538,Shamela0117359,133,1322,1500,137,87
629,341,560,Sham19Y0018144,410,734,992,162,78
629,737,967,Zaydiyya0000142,1943,158,521,102,32
629,341,556,JK000130,64,1051,1313,142,63
629,341,556,Sham19Y0020591,132,896,1106,142,72
629,341,560,ShamAY0032665,410,743,1001,162,78
629,354,556,ShamAY0033177,558,76,318,127,61
629,341,556,Sham19Y0131521,605,1219,1429,142,72
629,737,898,JK000477,148,1004,1154,79,55
629,709,903,Shia002119Vols,277,149,344,102,63
629,706,903,ShamAY0034249,228,640,1019,121,39
629,341,549,Shamela0000767,351,1239,1444,136,70
629,341,556,Shamela0001442,76,673,908,148,72
629,100,556,ShamAY0033975,643,211,704,173,36
629,385,556,Shamela0025800,1912,1269,1449,119,73
629,341,556,Shamela0001719,3586,890,1112,138,66
630,1122,1357,Sham19Y0014325,1997,575,925,106,34
630,1122,1357,Shamela0006947,19566,1029,1373,129,47
630,918,1357,ShamIbadiyya0000760,673,354,839,150,28
630,1122,1357,Shamela0007289,7536,853,1193,129,48
630,267,575,Sham19Y0017768,90,905,1173,131,46
631,34,812,Sham19Y0123510,208,585,1156,365,56
631,34,835,Sham19Y0123510,226,307,1146,576,84
631,34,835,Shamela0008540,1277,25,705,480,73
631,34,631,Shamela0000927,2159,889,1484,440,90
631,29,504,Sham19Y0122401,1282,1011,1477,326,81
631,58,914,JK000677,35,1,887,571,74
631,34,699,Shamela0021731,148,1116,1451,191,35
631,63,601,Shamela0001717,456,986,1325,184,41
631,34,812,Shamela0002863,467,496,1320,584,88
631,34,812,Shamela0002863,468,90,907,375,48
631,34,812,Shamela0002863,671,451,1258,571,86
631,34,812,Shamela0021495,94,719,1294,363,55
631,34,820,Shamela0021495,95,156,1055,580,78
631,34,288,Shia001368,173,212,449,140,69
631,176,820,Sham19Y0013241,426,1,637,452,82
631,34,812,ShamAY0035950,89,466,1039,364,56
631,34,820,ShamAY0035950,96,150,998,565,81
631,34,342,Shamela0022547,2578,1109,1433,229,88
631,342,914,Shamela0022547,2579,1,614,365,68
631,377,575,Shamela0021809,1183,1,210,149,87
631,34,684,Sham19Y0018176,344,723,1410,482,88
631,34,914,Shamela0000551,674,106,1108,603,71
631,10,646,Sham19Y0147313,2182,766,1435,458,86
631,34,257,JK006897,70,843,1016,130,72
631,19,812,JK006897,133,330,1168,593,88
631,54,257,ShamIbadiyya0000229,1462,1227,1448,138,79
631,77,914,Sham19Y0020638,201,1,815,577,82
631,34,627,ShamAY0035990,177,1040,1549,297,59
631,34,489,Shamela0011428,590,1114,1528,320,88
631,489,812,Shamela0011428,591,1,362,248,85
631,34,694,Kraken220413030809,236,284,878,404,75
631,34,575,Shia000841Vols,1635,758,1390,276,45
631,34,812,Shamela0001727,233,185,1013,588,89
631,34,733,ShamAY0033522,65,610,1374,518,84
631,284,784,JK007107,146,1082,1476,259,63
631,34,586,Shamela0021715,1281,924,1504,409,87
631,586,812,Shamela0021715,1282,1,255,175,86
631,342,661,Shamela0021715,1283,417,1192,163,25
631,34,764,Sham19Y0127677,10205,690,1432,516,84
631,34,820,Sham19Y0127677,14734,339,1186,562,80
631,34,812,Sham19Y0131336,568,74,922,564,81
631,144,812,Shamela0021479,121,1,719,511,89
631,73,680,Shia001432Vols,35975,580,1092,369,75
631,34,835,Shamela0005803,165,460,1306,574,83
631,34,586,Sham19Y0019188,439,1084,1341,164,35
631,34,317,Sham19Y0016684,356,1169,1462,205,88
631,317,812,Sham19Y0016684,357,1,542,382,87
631,213,699,Sham19Y0016684,500,576,1244,220,37
631,34,586,Sham19Y0013785,69,1101,1359,165,36
631,109,736,ShamAY0033910,159,6,998,320,38
631,34,812,Sham19Y0020944,202,645,1469,599,91
631,140,820,Shamela0117359,269,1,714,523,91
631,63,812,Sham19Y0018106,651,1,794,565,88
631,213,699,Sham19Y0018106,992,340,1008,220,37
631,34,699,Sham19Y0122406,707,400,1044,451,82
631,34,297,Sham19Y0018103,777,1229,1503,194,89
631,297,812,Sham19Y0018103,778,1,561,390,86
631,34,739,Shia001901,345,458,1328,346,47
631,34,858,JK000110,167,137,997,586,83
631,213,699,JK000110,290,716,1384,220,37
631,34,876,ShamAY0034282,694,200,1035,584,81
631,140,812,Shamela0012399,687,31,736,495,86
631,507,733,Shamela0012399,690,1175,1518,173,64
631,38,914,Sham19Y0146127,557,361,1162,542,74
631,38,812,Sham19Y0146127,871,439,1235,574,88
631,546,914,Sham19Y0018144,653,615,971,149,44
631,34,504,Sham19Y0123665,574,779,1316,163,27
631,34,914,Shamela0013033,31,299,1216,606,79
631,34,704,JK000130,160,378,1410,349,40
631,34,601,Shamela0009242,1259,914,1489,422,91
631,34,604,Sham19Y0020591,360,658,1479,434,66
631,604,820,Sham19Y0020591,361,1,247,167,85
631,34,475,Sham19Y0037618,5650,1000,1462,322,86
631,475,812,Sham19Y0037618,5651,1,377,263,87
631,29,791,Sham19Y0018569,246,804,1331,223,31
631,34,504,Sham19Y0006684,544,986,1477,346,87
631,504,914,Sham19Y0006684,545,1,374,257,73
631,34,914,Sham19Y0013252,1653,328,1310,612,73
631,213,733,Sham19Y0013252,2452,336,1071,238,37
631,356,784,Shamela0009383,37,435,882,167,35
631,34,257,Shamela0021642,362,675,840,127,72
631,546,914,ShamAY0032665,653,626,982,149,44
631,54,816,ShamAY0034005,238,598,1405,579,89
631,34,812,Shamela0007891,455,337,1171,571,85
631,54,669,Sham19Y0013605,1146,356,987,459,90
631,34,586,Shamela0021693,187,885,1166,170,35
631,73,820,Sham19Y0131521,1428,1,796,571,89
631,34,812,Shia002119Vols,728,90,922,571,85
631,34,899,Sham19Y0013667,2606,509,1388,525,71
631,34,914,Shamela0096283,79,334,1256,601,76
631,34,812,Sham19Y0132524,433,581,1414,584,88
631,34,586,Shamela0021677,304,479,737,165,36
631,136,862,JK009324,512,1,737,522,86
631,34,609,Shamela0001733,1302,810,1445,406,78
631,34,812,Shamela0001733,1319,349,1197,562,81
631,54,812,Shamela0001733,1366,499,1217,322,44
631,34,914,Shamela0000767,503,242,1193,595,75
631,34,352,Shamela0001442,185,1189,1512,243,94
631,352,850,Shamela0001442,186,1,472,336,84
631,34,812,Shamela0004289,485,201,995,570,87
631,34,812,Shamela0000432,5095,531,1326,569,86
631,34,635,Sham19Y0014462,147,794,1420,437,86
631,34,753,Shamela0005756,3209,725,1468,522,86
631,213,699,Shamela0005756,4716,686,1354,220,37
631,34,580,Sham19Y0148271,796,162,915,272,39
631,342,575,Shamela0012415,169,1045,1405,158,54
631,34,812,JK000977,387,247,1046,568,86
631,54,714,Shamela0025794,4334,14,481,211,32
631,54,580,Shamela0025794,4336,43,773,262,39
631,34,342,Sham19Y0148486,1096,1149,1483,229,86
631,342,812,Sham19Y0148486,1097,1,519,351,83
631,34,914,Sham19Y0148486,1260,524,937,234,32
631,34,430,Sham19Y0148486,1702,1072,1500,307,90
631,430,812,Sham19Y0148486,1703,1,444,291,82
631,34,914,Shamela0001875,386,203,1090,623,85
631,34,812,Shamela0028107,296,147,912,506,75
631,218,699,Shamela0006610,229,1,401,276,72
631,34,275,Shamela0006610,298,1255,1496,177,88
631,275,812,Shamela0006610,299,1,546,389,84
631,29,425,Shamela0006610,323,681,1076,299,92
631,34,291,Sham19Y0014601,1707,1222,1483,192,92
631,34,699,Sham19Y0014601,1708,158,1375,471,47
631,331,812,Sham19Y0014601,1709,5,931,360,49
631,34,858,ShamAY0031687,584,570,1446,602,84
631,29,194,Sham19Y0147658,587,1279,1449,117,88
631,34,494,Sham19Y0127656,106,1017,1487,344,92
631,494,812,Sham19Y0127656,107,1,363,244,83
631,34,575,Sham19Y0127656,162,790,1441,243,41
631,54,733,JK007036,102,449,1191,515,86
631,34,812,Sham19Y0001734,945,333,1173,572,85
631,34,835,Shamela0000137,1194,66,870,562,84
631,29,812,Shamela0005922,1041,25,869,580,85
631,34,824,Shamela0001719,3895,369,1224,576,83
631,34,816,Shia000820Vols,281,576,1391,570,85
631,218,816,Shia000820Vols,310,1,616,433,84
631,29,699,JK007054,935,47,409,247,46
631,54,635,Sham19Y0016584,756,866,1463,433,90
631,54,764,Sham19Y0016584,757,235,953,287,44
632,980,1353,Sham19Y0016546,220,724,1201,204,47
632,354,550,Shamela0030657,10,239,532,150,64
633,1162,1354,Zaydiyya0000010,570,1208,1440,131,73
633,1112,1383,Shamela0009569,35,1168,1440,159,68
633,1208,1420,Sham19Y0016934,6336,1,257,112,48
633,406,709,Shamela0002863,293,962,1280,144,45
633,1144,1383,JK000216,287,492,767,149,68
633,406,709,Sham19Y0013241,253,648,948,128,40
633,1144,1402,Sham19Y0122257,2223,958,1299,184,68
633,1112,1402,Shamela0022547,1537,420,816,202,66
633,1157,1420,JK009220,7,95,404,143,55
633,1162,1402,Shamela0021605,533,1130,1400,152,67
633,1112,1402,Sham19Y0036114,69,361,713,194,69
633,1149,1402,Sham19Y0009800,1158,816,1189,159,54
633,1112,1402,JK010001,1699,742,1046,169,63
633,1162,1402,JK000734,353,761,1050,151,62
633,1112,1402,Sham19Y0018611,62,1087,1445,177,61
633,1204,1354,Sham19Y0023644,2300,469,644,106,75
633,1162,1402,ShamAY0032376,421,138,408,153,67
633,1144,1402,Sham19Y0016546,1638,778,1088,163,65
633,1135,1411,Sham19Y0017798,398,6,385,186,63
633,1112,1402,ShamAY0033973,32,125,522,193,61
633,1112,1411,ShamAY0034282,1336,604,942,183,62
633,1112,1402,Tafsir07055,1782,999,1398,198,63
633,1112,1402,Shamela0004445,2203,484,930,194,56
633,1149,1402,Shamela0036543,1761,219,590,175,60
633,1162,1402,Rafed0003896Vols,417,205,443,141,68
633,1144,1402,Sham19Y0145212,2359,24,366,185,68
633,1208,1392,Shia002914Vols,507,433,594,113,78
633,1144,1411,Shia004526,74,710,1044,168,60
633,975,1411,Sham19Y0013252,10636,65,450,203,55
633,1149,1402,Sham19Y0014119,403,178,486,164,63
633,341,1012,Shamela0023100,292,249,817,134,16
633,1112,1411,ShamAY0033531,2545,312,721,201,63
633,1217,1420,Sham19Y0018607,4593,1042,1229,114,67
633,1144,1411,Sham19Y0017885,2461,760,1026,161,67
633,523,695,Shamela0001733,238,869,995,91,66
633,1112,1411,Shamela0001733,3999,113,535,189,58
633,983,1402,Sham19Y0148271,1930,688,1223,223,52
633,1119,1402,Shamela0025794,4153,1,317,193,72
633,1144,1402,Zaydiyya0000198,49,1134,1476,180,67
633,1162,1411,Shia002748Vols,446,447,697,155,73
633,1144,1411,Sham19Y0014601,6250,1120,1464,175,62
633,1108,1402,Sham19Y0016976,1226,514,875,176,57
633,1157,1317,Shia000820Vols,3063,1295,1433,90,73
633,1149,1383,Sham19Y0017063,894,1243,1465,138,71
633,1152,1411,Sham19Y0127717,448,438,697,172,78
633,1100,1283,Sham19Y0017903,750,1189,1416,119,66
633,1144,1402,Masaha001961Vols,1329,545,865,168,63
633,1112,1402,ShamAY0034182,904,410,835,204,62
633,979,1402,ShamAY0034182,1158,493,1123,230,42
633,1112,1402,Sham19Y0132415,606,1132,1537,203,64
634,483,699,JK009408,1504,590,818,140,73
634,331,690,ShamAY0034249,8392,180,587,180,48
635,1217,1489,Zaydiyya0000142,3009,1,299,188,76
635,1098,1467,Kraken22021802055302,23,619,1178,163,33
635,1098,1337,ShamAY0033531,3711,214,504,154,63
635,1098,1337,ShamAY0033531,4893,1162,1452,154,63
635,1093,1504,Shamela0010443,331,657,1030,239,66
635,1151,1467,Shamela0025794,4004,1,330,208,74
635,1098,1494,Sham19Y0148486,3573,227,820,188,38
635,1098,1467,JK000021,2171,801,1360,171,34
636,1049,1352,Shia001989,225,571,923,133,38
636,714,1026,JK000475,726,325,997,186,34
636,901,1352,Shamela0003485,200,57,463,182,39
636,901,1352,Sham19Y0122257,1548,114,458,185,46
636,1045,1356,Shamela0003118,1514,55,388,133,41
636,901,1352,Shamela0008360,391,714,1053,187,50
636,955,1235,Shamela0008463,5526,719,1135,176,51
636,733,1026,JK010001,1856,148,654,154,35
636,687,838,Sham19Y0127677,19331,1120,1284,105,81
636,1045,1235,Sham19Y0131336,1068,669,828,107,71
636,714,832,ShamAY0033910,553,1058,1245,82,56
636,1049,1235,Sham19Y0039268,275,1,157,107,72
636,1045,1235,Shia002702Vols,10510,323,498,101,67
636,714,1026,Masaha004768Vols,1317,152,706,187,41
636,1045,1454,Shamela0021743,511,764,1160,147,36
636,1095,1235,Sham19Y0017798,1623,1193,1325,90,80
636,687,881,ShamAY0033973,143,17,244,112,58
636,1049,1352,Shia001901,206,258,539,122,41
636,714,1026,Tafsir07055,1943,313,876,184,39
636,1045,1235,Sham19Y0146127,2087,9,167,106,70
636,1045,1235,Sham19Y0018144,1021,1045,1203,106,70
636,696,1223,Shia002240Vols,323,817,1368,172,31
636,784,1026,JK000130,555,1,534,134,30
636,1062,1352,Sham19Y0145212,1783,505,734,140,59
636,1045,1235,ShamAY0032665,1021,1060,1218,106,70
636,887,1026,ShamAY0033181,686,83,622,97,23
636,687,832,JK009390,6687,855,1011,75,58
636,856,1243,ShamAY0034331,20,508,871,188,58
636,1036,1235,Sham19Y0122096,822,124,319,121,71
636,838,1235,ShamAY0034199,265,193,796,202,38
636,687,920,Shamela0001733,2536,207,542,126,49
636,1045,1454,JK007065,361,905,1298,162,42
636,696,1454,Shamela0025800,725,322,965,236,29
636,677,1095,Shamela0010517,1269,311,1100,202,31
636,714,832,Shamela0010517,1271,74,261,82,56
636,687,1183,Sham19Y0001734,1535,819,1420,212,43
636,714,832,ShamAY0034447,1354,232,416,82,56
636,714,1235,Shamela0001719,1726,232,768,199,36
636,687,1235,ShamAY0034182,1151,369,865,183,31
636,696,1116,Shamela0036446,418,1115,1459,140,40
637,11,224,JK000475,1146,550,1246,153,28
637,373,510,Shamela0009569,24,780,918,105,94
637,11,250,Shamela0021731,980,591,870,167,78
637,11,276,Sham19Y0011194,152,512,835,189,75
637,257,510,Shamela0006227,407,424,729,126,46
637,11,250,Sham19Y0017350,938,77,370,180,78
637,11,250,Sham19Y0017437,1411,961,1254,180,78
637,397,510,Shamela0000551,1140,1,120,87,92
637,377,510,Shamela0021605,1547,652,787,102,92
637,377,510,Shamela0008463,1308,214,351,103,95
637,37,229,Shamela0008463,3021,273,478,115,67
637,101,250,Sham19Y0032381,56,1,153,111,95
637,11,267,Sham19Y0020638,679,905,1212,189,79
637,373,510,Shamela0021619BK2,735,591,734,99,87
637,47,250,Shamela0011428,1416,155,362,121,69
637,6,250,JK010001,1135,473,742,179,83
637,11,250,Shia000841Vols,7970,533,811,164,77
637,11,250,Shamela0001727,832,22,304,181,82
637,367,510,Shamela0021715,3176,459,618,108,83
637,377,510,Sham19Y0019188,1218,1002,1138,103,96
637,267,510,Sham19Y0019188,1245,1,227,126,66
637,11,250,Sham19Y0019188,5172,546,841,168,74
637,11,250,ShamAY0033910,734,1004,1323,173,69
637,377,510,ShamAY0032376,1339,889,1022,103,95
637,11,250,Sham19Y0020944,492,550,801,172,89
637,257,627,Sham19Y0020944,518,573,1013,155,44
637,11,250,Shamela0117359,560,110,361,172,89
637,373,510,Shamela0117359,588,895,1067,103,76
637,377,510,Shamela0021743,470,774,910,103,96
637,11,250,Sham19Y0122406,2229,658,941,181,82
637,377,510,ShamAY0033075,71,1173,1408,94,47
637,373,510,Shamela0009978,85,74,216,103,89
637,47,286,Tafsir07055,1206,1,276,165,74
637,93,250,Shia003732Vols,3882,40,186,107,89
637,257,503,Shia003732Vols,3953,1201,1471,128,58
637,33,250,ShamAY0031578,481,14,228,150,86
637,373,510,Sham19Y0014325,1985,421,564,100,86
637,11,250,JK000272,1178,414,691,167,78
637,11,250,Shamela0012750,60,761,1005,175,91
637,11,236,Sham19Y0020591,816,1022,1259,161,89
637,11,250,Sham19Y0013769,1528,125,420,181,79
637,11,295,Sham19Y0014224,936,451,803,200,72
637,11,250,Shamela0026542,46,330,575,145,72
637,373,510,Shamela0021642,944,733,875,99,88
637,373,510,Shamela0021721,946,294,432,103,90
637,29,250,Shamela0021721,3391,806,1056,150,76
637,11,250,Sham19Y0017885,1824,1096,1298,131,69
637,11,250,Sham19Y0131521,3199,38,289,172,89
637,267,555,Zaydiyya0000054,174,525,827,143,54
637,373,510,Sham19Y0013667,3413,14,186,103,76
637,11,250,Sham19Y0013667,4521,1141,1384,158,82
637,6,224,Shamela0010664,1418,958,1248,163,72
637,11,246,ShamAY0034249,5762,66,326,148,69
637,373,506,Shamela0000767,1384,1294,1466,100,73
637,381,510,Shamela0001442,345,1281,1443,100,77
637,11,286,Shamela0001442,752,224,560,196,76
637,11,286,Shia001976Vols,1147,1129,1446,191,76
637,377,510,Shamela0000432,5229,523,659,103,95
637,373,510,Shamela0005756,6747,1115,1267,102,85
637,11,291,Shamela0001665,462,185,577,202,65
637,33,250,Sham19Y0018159,229,1062,1332,160,77
637,407,510,Sham19Y0020699,498,1093,1230,79,73
637,37,250,Sham19Y0020699,1695,945,1160,126,73
637,11,250,Sham19Y0014601,3562,1092,1343,172,89
637,257,510,Shamela0025800,1637,861,1097,133,65
637,11,250,Sham19Y0150600,668,1164,1449,179,80
637,11,250,Sham19Y0001734,1572,71,354,179,81
637,11,250,Sham19Y0020583,755,762,1070,177,74
637,11,250,Shamela0005922,2448,67,276,130,67
637,377,564,Sham19Y0147104,881,264,487,125,71
637,126,250,Shamela0008473,5025,5,124,80,80
637,11,250,Sham19Y0014207,155,135,441,176,74
637,11,250,Sham19Y0022884,229,842,1113,182,86
638,224,427,Shamela0008540,350,45,271,140,74
638,224,414,Shamela0008463,17,742,960,115,61
638,224,414,Sham19Y0032381,35,469,707,136,69
638,224,414,Shamela0005923,199,637,764,81,54
638,62,335,Sham19Y0020944,58,1221,1467,114,51
638,62,414,Shamela0117359,112,595,953,177,58
638,224,414,ShamAY0034282,78,254,467,131,73
638,238,396,Sham19Y0014309,2307,288,491,97,61
638,224,414,Sham19Y0020591,96,545,766,139,76
638,224,414,Sham19Y0013769,299,1043,1288,125,63
638,224,414,Shamela0007891,196,563,761,96,56
638,62,414,Sham19Y0131521,485,884,1242,175,57
638,224,414,Sham19Y0013667,52,420,634,128,70
638,224,427,Shamela0096283,41,90,335,120,61
638,224,414,Shamela0025794,1810,42,237,129,78
638,224,414,Shamela0010803,181,884,1098,98,51
638,224,414,Zaydiyya0000260,131,9,230,139,76
642,80,248,Shamela0013048,201,17,286,122,57
642,102,231,Sham19Y0014592,565,452,598,99,87
643,802,1198,Zaydiyya0000103,181,657,1093,310,87
643,802,1206,Sham19Y0014538,84,437,851,311,92
643,802,1070,Shamela0003118,7076,1153,1442,209,91
643,802,1198,Shamela0010906,1478,763,1007,151,45
643,802,1198,JK001184,152,20,452,311,89
643,802,1198,Sham19Y0020879,693,990,1422,311,89
643,802,1126,Sham19Y0020878,2284,1166,1469,226,83
643,797,1206,Sham19Y0149213,2000,1010,1356,255,77
643,802,1198,JK000916,24617,146,558,313,94
643,802,1206,Shamela0003722,7203,23,442,314,93
643,802,1198,JK000134,3612,858,1241,280,84
645,1009,1324,Sham19Y0017881,611,989,1171,115,44
645,1122,1324,Masaha003448Vols,308,763,1335,144,29
645,462,706,Masaha003448Vols,317,868,1050,61,23
645,1013,1211,Sham19Y0122232,1273,937,1104,114,62
645,337,444,Sham19Y0014103,475,1,119,80,85
645,1135,1363,Shia001392Vols,732,478,797,137,49
645,1009,1324,Shamela0008156,626,1244,1439,114,43
645,1004,1306,Masaha004768Vols,1225,1257,1484,104,41
645,667,978,ShamAY0038640,616,55,409,132,35
645,1009,1306,Shamela0002022,599,476,714,110,44
645,1009,1306,Sham19Y0018281,308,193,403,99,41
645,514,667,Shia002914Vols,137,399,575,118,80
645,1135,1306,Sham19Y0145168,342,840,1077,112,53
645,514,667,JK007109,24,1136,1335,104,62
645,1158,1306,Shamela0006319,617,151,415,93,41
645,514,667,ShamAY0034200,98,33,232,104,62
645,1013,1306,Sham19Y0019235,68,852,1106,101,38
645,320,505,Sham19Y0019235,302,881,1308,71,17
645,1009,1306,Sham19Y0014280,1758,669,907,110,44
645,1013,1211,Sham19Y0133411,1773,271,740,117,29
645,1135,1363,Shia001416,266,1245,1572,137,48
645,698,1285,Shamela0012010,293,403,939,138,24
645,316,1292,ShamAY0034180,452,162,1133,231,19
645,1004,1306,Masaha003619,84,114,463,158,55
645,1145,1306,Masaha003619,106,464,746,112,46
645,1122,1324,Shia002748Vols,430,636,1226,144,29
645,470,706,Shia002748Vols,439,902,1071,55,22
645,1004,1211,Shia002754,44,1157,1373,105,43
646,517,826,Sham19Y0014103,475,5,455,109,22
647,1294,1531,ShamAY0034204BK1,316,510,797,178,76
648,1,187,ShamAY0034204BK1,316,797,982,143,94
648,1300,1479,Zaydiyya0000059,170,451,599,105,75
648,1300,1479,Shamela0000767,3228,1032,1175,101,72
649,1,118,ShamAY0038067,9,163,280,85,93
649,1,118,JK000784,8,906,1023,85,93
649,1,118,JK000786,3165,536,658,88,93
649,1,118,Zaydiyya0000059,170,613,731,88,96
649,1,118,Shamela0000767,3228,1189,1306,86,95
663,1124,1602,Sham19Y0017798,634,13,490,384,98
664,1,278,Sham19Y0017798,634,490,770,218,97
671,813,1221,Shia002913,77,893,1096,85,23
671,62,768,Shamela0021593,1659,20,504,373,65
682,503,921,Shamela0021593,1726,1282,1576,205,59
687,699,995,Sham19Y0016546,270,981,1228,103,37
702,975,1374,ShamAY0038640,1056,481,880,320,98
705,841,1072,ShamAY0038640,1064,518,750,180,96
705,1365,1506,ShamAY0038640,1065,801,946,111,96
706,1,184,ShamAY0038640,1065,946,1128,145,99
718,1150,1488,Shamela0021593,1790,1,322,226,79
721,1013,1548,Shamela0021593,1766,727,1234,325,71
729,708,897,ShamIbadiyya0000760,613,394,812,93,27
739,1096,1563,Shamela0011428,2050,734,1539,363,54
739,825,1020,Shamela0021593,2028,1414,1581,125,78
739,1046,1248,Shamela0021593,2029,5,180,128,77
740,83,576,Shamela0011428,2051,1,482,364,90
741,281,1661,Shamela0011428,2051,453,1632,915,79
741,632,850,ShamAY0038640,639,78,273,116,54
742,1,1570,Shamela0011428,2052,30,1200,927,72
743,1,333,Shamela0011428,2052,1200,1532,262,99
743,333,1475,Shamela0011428,2053,1,1117,883,96
743,866,1441,Shamela0007370,616,152,850,187,26
744,1,414,Shamela0011428,2053,1117,1471,273,82
744,543,1089,Shamela0011428,2054,1,528,417,95
753,864,1384,Shamela0021605,1604,425,954,416,96
769,433,605,ShamAY0038640,1024,576,748,131,98
770,502,1130,Shamela0021593,2131,1034,1411,188,33
778,509,786,Shamela0008463,3436,840,1100,107,35
781,983,1360,ShamAY0038640,621,142,533,281,89
781,988,1130,Sham19Y0146127,2030,559,926,101,34
793,1,211,ShamAY0034383,81,1296,1506,173,100
793,211,1604,ShamAY0034383,82,1,1535,1118,89
794,62,1663,ShamAY0034383,83,1,1611,1313,99
795,133,615,ShamAY0038640,612,1001,1538,183,32
795,58,1438,ShamAY0034383,84,1,1560,1093,86
795,1438,1536,ShamAY0034383,85,1,99,77,100
796,1301,1472,ShamAY0038640,615,399,572,123,84
796,1,1269,ShamAY0034383,85,99,1494,979,86
797,1,350,ShamAY0034383,86,1092,1495,242,74
797,341,1518,ShamAY0034383,87,1,1166,915,95
798,1,348,ShamAY0034383,87,1166,1530,271,90
798,348,1536,ShamAY0034383,88,1,1190,955,99
799,907,1042,Sham19Y0016546,55,203,344,100,88
799,1,290,ShamAY0034383,88,1256,1545,234,100
799,290,1576,ShamAY0034383,89,1,1290,1039,99
800,887,1062,Sham19Y0133362,396,406,583,124,86
800,1147,1275,Shia001432Vols,36563,336,494,66,45
800,1147,1275,Zaydiyya0000161,320,704,975,64,26
800,1,261,ShamAY0034383,89,1290,1550,206,100
800,261,1454,ShamAY0034383,90,1,1194,946,99
800,880,1033,Sham19Y0014280,2185,31,628,112,23
800,1147,1275,Shia001416,104,827,976,66,47
800,890,1306,Shamela0012010,254,710,1242,176,36
801,243,387,Zaydiyya0000043,7,920,1303,82,27
801,243,387,Shia004486,23,507,865,84,30
801,611,708,Sham19Y0014103,641,716,814,76,98
801,402,605,ShamAY0038640,616,107,318,157,92
801,611,708,ShamAY0038640,640,1023,1120,76,100
801,1,247,ShamAY0034383,90,1194,1441,192,99
801,247,1463,ShamAY0034383,91,1,1218,966,99
801,522,749,ShamAY0034383,93,373,644,89,31
801,243,387,Zaydiyya0000022,81,747,1119,87,29
802,1,253,ShamAY0034383,91,1218,1470,199,100
802,253,1413,ShamAY0034383,92,1,1187,906,96
803,595,866,ShamAY0034383,91,276,503,89,31
803,1,223,ShamAY0034383,92,1187,1409,174,100
803,223,1179,ShamAY0034383,93,1,957,762,100
821,1276,1422,ShamAY0034383,84,34,323,70,31
832,609,1217,Sham19Y0132617,324,406,993,480,95
833,1328,1481,ShamAY0034199,63,743,896,122,100
834,1257,1415,Shia003408Vols,2214,428,683,128,61
834,144,342,Sham19Y0132617,108,1071,1596,133,30
835,861,1238,Sham19Y0016772,1700,933,1301,256,80
835,861,1223,Zaydiyya0000384,152,19,183,127,43
835,856,1119,Shia003895Vols,449,1221,1518,121,42
835,861,1301,ShamIbadiyya0000730,123,136,560,273,68
835,861,1418,Masaha004380,272,940,1380,211,44
835,864,1238,ShamAY0035033,27,79,487,266,75
835,834,1238,Shamela0012286,1631,558,1003,275,72
835,864,1223,Rafed0003376Vols,1653,58,258,93,32
835,864,1110,Rafed0003376Vols,1743,1061,1226,113,55
835,850,1223,Shamela0023775,1320,204,410,108,33
836,143,286,Sham19Y0018562,129,949,1111,113,86
836,1,278,Shamela0006227,95,310,770,189,47
836,1,286,Sham19Y0131336,239,425,937,195,44
836,64,467,ShamAY0038640,831,684,1413,175,26
836,35,286,ShamAY0033945,164,1224,1485,150,59
836,133,286,Sham19Y0022884,288,574,716,114,91
837,527,817,ShamAY0032443,1649,1,572,205,42
837,588,817,Sham19Y0014827,232,1,567,144,29
837,516,817,Sham19Y0011194,149,591,1223,191,34
837,437,817,Shamela0002863,1847,746,1363,243,45
837,437,669,Shamela0021495,384,873,1151,139,56
837,378,669,Shamela0000427BK2,3416,670,1022,173,58
837,675,1374,Shamela0006227,680,1,358,180,31
837,482,631,Sham19Y0122257,2002,110,250,107,90
837,408,631,Sham19Y0014253,1456,210,415,142,80
837,607,817,Sham19Y0122232,1601,1,467,152,40
837,437,894,Shamela0008658,2975,800,1467,293,51
837,408,669,Shamela0010906,2956,1034,1393,170,57
837,516,817,Shamela0012884,711,440,1039,215,44
837,437,817,Sham19Y0127713,1075,619,1280,262,48
837,434,669,Shamela0000551,2021,864,1184,169,66
837,704,1224,Shamela0000551,2023,1,590,359,76
837,442,669,Shamela0021744,2407,1095,1385,149,60
837,482,817,Shamela0010781,374,172,587,255,75
837,408,699,Sham19Y0036114,468,1034,1364,169,58
837,482,631,Shamela0008360,505,1311,1447,104,88
837,510,894,JK006897,443,693,1367,215,34
837,437,821,Shia000819,169,455,1026,208,39
837,845,1224,Shia000819,478,1064,1461,291,91
837,516,669,ShamAY0037574,984,994,1223,107,58
837,442,583,Shamela0011428,1313,1357,1475,89,81
837,583,809,Shamela0011428,1314,1,568,142,28
837,437,631,Shamela0009804,243,1183,1374,132,86
837,434,669,ShamAY0033522,484,1037,1359,171,67
837,442,817,ShamAY0033522,485,210,568,134,32
837,426,817,Shamela0026440,32,104,791,275,48
837,391,817,Shamela0007370,694,632,1284,303,56
837,391,669,Shamela0007370,951,196,501,195,79
837,516,817,Tafsir09084,293,751,1415,201,35
837,426,669,Shamela0021479,106,1090,1408,175,68
837,81,669,Shamela0023700,2979,670,1337,275,47
837,391,821,Sham19Y0039268,137,184,954,304,48
837,477,817,Shamela0000782,431,1,678,223,38
837,516,817,Sham19Y0020944,502,629,1232,217,44
837,412,817,Shamela0117359,571,1,713,298,52
837,474,817,Kraken211201162527,31,134,653,185,37
837,408,669,Shia002158,32,358,693,186,68
837,516,817,Shamela0021743,1323,585,1202,227,45
837,434,669,Shamela0000041,2618,877,1184,167,67
837,516,894,JK007083,199,742,1428,223,36
837,434,616,Shamela0012399,2419,1252,1432,135,95
837,474,631,Shamela0012399,2421,1,173,115,82
837,474,817,ShamAY0034383,214,427,1117,228,39
837,426,802,Sham19Y0146127,2622,927,1464,219,46
837,482,732,Shamela0008176,4263,827,1294,180,48
837,434,631,Shamela0000736,1217,1253,1450,140,88
837,482,817,Shamela0021713,1759,647,1245,223,43
837,482,631,Sham19Y0145212,2168,1043,1183,107,90
837,408,669,Sham19Y0020591,834,892,1234,192,70
837,516,817,JK000271,255,251,848,217,44
837,482,817,Sham19Y0017729,369,96,688,223,44
837,437,544,Sham19Y0006684,2241,1325,1431,76,93
837,544,817,Sham19Y0006684,2242,1,622,180,33
837,516,817,Sham19Y0013252,8045,761,1040,154,58
837,442,669,JK000299,2071,217,509,149,60
837,482,732,Sham19Y0014119,363,885,1352,162,40
837,412,821,JK009266,8873,326,1106,262,40
837,434,669,Shamela0007891,1533,1134,1442,166,66
837,408,817,Sham19Y0131521,3262,272,988,301,52
837,437,669,Shia002119Vols,2363,918,1237,169,67
837,417,669,Tafsir02100,18,1065,1406,178,65
837,437,974,Sham19Y0013667,4418,328,1114,279,37
837,391,790,Shamela0001442,763,736,1441,285,50
837,437,669,Sham19Y0014462,144,937,1254,169,67
837,408,669,JK000602,2,819,1139,164,61
837,408,631,Shia000895Vols,1012,1179,1386,142,80
837,482,669,Sham19Y0020561,1686,1041,1309,132,61
837,510,809,Shamela0001875,1247,899,1512,180,32
837,1256,1463,JK000201,1884,1271,1530,166,77
837,408,631,JK000533,3397,1338,1569,148,80
837,437,669,Shamela0028107,497,944,1265,169,66
837,408,669,Sham19Y0014601,3626,342,758,194,59
837,482,669,Sham19Y0016976,1110,1181,1429,130,63
837,482,897,Shamela0025800,2160,596,1328,243,38
837,434,817,Shamela0001249,2,163,852,269,48
837,434,669,Sham19Y0001734,1644,868,1184,171,68
837,442,631,Shamela0005922,2476,1141,1328,141,95
837,437,817,Shamela0001719,3843,534,1248,256,42
837,437,669,Shia000820Vols,2536,950,1266,170,68
837,516,732,Sham19Y0017063,777,664,1093,146,39
837,536,817,Sham19Y0017903,676,6,578,196,41
837,482,817,Shamela0004864,18,361,856,248,61
837,437,986,Shamela0008473,772,16,849,297,39
837,442,556,Sham19Y0127660,415,267,372,76,86
837,564,817,Sham19Y0133367,251,354,860,174,42
837,597,817,Shia002231Vols,343,1,580,160,33
837,482,631,Shamela0000894,5928,1410,1573,112,86
838,183,391,Masaha002979Vols,29,510,690,126,72
838,122,782,Masaha003709,77,245,989,426,61
838,1119,1376,Shamela0001687,3286,528,738,166,76
838,933,1264,Shamela0021605,460,356,684,130,36
838,122,532,Shia003895Vols,389,48,441,218,56
838,119,705,Shia002356Vols,1461,114,769,300,51
838,122,553,ShamAY0035990,436,335,649,213,59
838,119,640,ShamIbadiyya0000730,123,560,1051,302,67
838,833,993,Shamela0009810,800,386,544,126,98
838,119,532,Zaydiyya0000259,367,758,1096,153,42
838,1038,1154,ShamAY0033910,746,190,311,91,89
838,122,532,Zaydiyya0000358,151,668,1063,165,37
838,1119,1376,Shia003965Vols,4500,747,937,149,68
838,881,1154,ShamAY0033075,18,169,462,145,53
838,1119,1300,Shia002265Vols,6126,1304,1432,104,69
838,122,413,Sham19Y0151010,143,514,744,178,76
838,122,532,Sham19Y0151010,191,966,1356,283,79
838,122,342,Sham19Y0151010,223,1194,1365,135,77
838,1119,1332,Sham19Y0013631,1765,337,492,125,71
838,122,532,Shamela0012286,1674,962,1398,291,76
838,122,538,Rafed0003376Vols,1660,507,819,171,50
838,122,538,Shia001278Vols,1023,309,677,220,55
838,1038,1154,Tafsir02100,18,934,1056,91,88
838,122,769,Kraken210630005153,2476,236,1344,424,43
838,1119,1376,Shia003923Vols,1232,516,719,165,78
838,119,532,ShamIbadiyya0000883,65,628,1162,203,41
838,209,504,Sham19Y0016826,3756,1,343,170,56
839,141,294,Shamela0000551,2021,117,301,122,82
839,141,388,Shamela0008463,4283,228,497,198,91
839,141,388,Sham19Y0019188,4573,1148,1403,198,96
839,1203,1416,ShamAY0034199,654,539,1027,162,40
839,141,308,JK009324,2544,1373,1561,122,73
839,133,326,JK000785,1552,1096,1286,136,81
839,133,326,Shamela0001719,3650,242,430,144,89
839,133,326,Sham19Y0017903,672,778,957,129,78
840,1066,1316,Sham19Y0122401,1216,1141,1490,175,59
840,895,1072,Shamela0003485,12,871,1051,138,94
840,1066,1316,JK000917,161,61,411,176,59
840,684,909,Shamela0009759,63,1355,1589,161,78
840,909,1072,Shamela0009759,64,1,348,124,44
840,696,1014,ShamAY0034054,389,922,1250,242,89
840,715,994,Shia002616Vols,955,1010,1425,208,62
840,696,1072,Shamela0037458,380,903,1549,290,54
840,68,300,ShamAY0034199,655,158,396,183,92
840,696,1014,Shamela0023623,405,272,591,242,92
841,485,879,Shamela0023591,1231,71,471,300,87
841,155,349,ShamAY0031578,1746,317,546,156,83
842,330,630,Shamela0007370,1154,1096,1361,156,62
842,1005,1395,JK009396,300,585,860,115,31
842,974,1352,JK009266,2683,319,856,142,25
842,1,184,Shamela0006039,54,841,1050,147,85
842,1099,1525,Shamela0023628,781,1,428,344,99
843,1201,1376,Masaha004524,172,610,818,142,84
843,546,895,Masaha004524,203,597,905,215,69
843,590,895,Rafed0002654Vols,11001,654,950,209,80
843,574,913,Rafed0002654Vols,11753,213,956,249,40
843,629,1465,Masaha002979Vols,13,259,648,284,39
843,1201,1465,Sham19Y0016772,1617,849,1134,198,84
843,574,895,Masaha003709,65,784,1076,209,76
843,574,913,Shia004092Vols,11513,473,1216,249,40
843,590,895,Shia004092Vols,13040,829,1127,212,79
843,1201,1400,Shia003895Vols,440,961,1172,160,93
843,1205,1516,ShamIbadiyya0000730,109,1,381,218,67
843,1225,1465,Shia000068,74,1,235,165,82
843,1193,1530,Shia004001,19,332,615,160,52
843,1201,1438,Sham19Y0151010,252,1,222,158,78
843,1201,1465,Shamela0012286,1609,342,615,194,87
843,574,816,Shamela0012286,1908,1309,1526,178,88
843,574,780,Rafed0003376Vols,1760,1232,1462,141,73
843,1184,1465,ShamIbadiyya0000135,62,70,321,171,73
843,619,816,Kraken210630005153,7386,1,172,143,86
843,1193,1465,Kraken210630005153,7417,1100,1379,186,76
843,1,380,Shamela0023628,781,428,792,276,90
844,1088,1262,Shamela0023578,835,252,415,111,77
844,806,1262,Shamela0009759,148,1,692,359,63
844,978,1262,Shamela0023591,2250,1170,1372,148,64
844,798,1262,ShamAY0034054,802,410,1104,372,65
844,830,1088,Shia002616Vols,1797,6,616,178,34
844,1088,1262,Shia002616Vols,1797,1193,1348,109,78
844,798,1262,Shamela0037458,775,255,948,374,66
844,798,1262,Shamela0023623,831,783,1475,373,66
845,373,697,Kraken220410202737,55,1268,1438,93,36
845,936,1236,Shamela0021607,1234,324,621,236,97
845,936,1251,Shamela0000091,3332,378,693,255,100
845,1000,1139,Shamela0000091,3333,1077,1215,109,98
845,1116,1236,Shamela0021589,1089,229,348,96,97
845,1007,1116,ShamAY0034068,3610,815,928,83,93
845,1007,1116,Shamela0011444BK2,2678,1526,1635,83,97
846,1,218,Shamela0002863,1795,410,620,156,88
846,1,278,Kraken211201162527,188,777,1326,218,49
846,1006,1177,Shia002616Vols,3546,83,570,100,25
846,11,183,Shia002463Vols,85,1306,1475,123,86
846,26,214,ShamAY0034050,281,7,179,133,89
846,1,204,ShamAY0034050,660,360,556,147,90
846,20,218,Sham19Y0148486,4783,238,431,137,84
846,11,218,Shamela0003328,100,1170,1372,143,84
846,1,350,Shia000820Vols,2642,549,1149,228,45
847,11,164,Shamela0023685,1155,1009,1167,124,96
847,1,208,Shamela0001673,1258,1378,1587,167,98
847,1,208,Sham19Y0017437,95,130,347,167,94
847,686,898,Sham19Y0032381,37,311,591,113,44
847,497,642,Masaha003514,128,188,364,112,79
847,683,894,Shamela0117359,145,139,510,120,41
847,508,738,ShamAY0035035,667,418,648,126,55
847,1,208,ShamIbadiyya0000438,83,558,767,167,98
847,508,634,Shia003961Vols,333,1,125,99,97
847,713,894,Sham19Y0020591,153,826,1149,100,39
847,1,208,ShamAY0033531,93,153,362,166,98
847,473,634,ShamAY0033531,331,227,388,128,98
847,1,137,Shamela0021590,61,707,812,81,75
847,683,894,Sham19Y0131521,667,119,490,120,41
847,11,164,Shamela0026568,980,1288,1446,124,96
847,1,164,Sham19Y0014601,322,87,250,132,100
847,5,208,ShamIbadiyya0000433,125,1238,1439,147,86
847,508,634,Sham19Y0018353,517,833,959,102,100
848,236,501,ShamIbadiyya0000730,330,1191,1436,141,54
848,641,958,Sham19Y0127677,11834,847,1008,73,25
848,641,958,Sham19Y0039268,279,855,1022,118,47
848,644,958,Sham19Y0020944,1085,203,380,128,51
848,644,958,Shamela0117359,1068,1,159,73,26
848,641,958,Sham19Y0020591,1674,104,279,73,24
848,779,958,Sham19Y0131521,6122,1178,1353,134,97
848,641,951,Sham19Y0131521,6136,556,1091,150,37
848,1270,1411,Shamela0011437,211,1046,1187,113,97
848,641,992,Sham19Y0148486,6692,30,246,133,47
849,1242,1489,Sham19Y0016494,162,1,242,146,63
849,1,317,Shamela0011437,211,1187,1503,255,100
849,317,651,Shamela0011437,212,1,324,256,94
849,1227,1489,ShamAY0034199,84,560,811,151,69
849,142,302,Sham19Y0133411,1234,1377,1542,126,91
849,1227,1378,ShamAY0034180,301,1325,1481,119,94
850,1218,1370,Sham19Y0017350,734,1315,1471,118,93
850,1,904,Sham19Y0016494,162,242,1113,687,93
850,1235,1486,Shamela0001687,4275,1079,1470,119,36
850,1201,1356,Shamela0010781,292,137,292,123,98
850,1201,1486,Masaha000955Vols,756,463,748,229,100
850,1201,1486,Shamela0028100,1073,583,868,229,100
850,1,784,Shamela0002573,2182,849,1566,538,84
850,1222,1370,Sham19Y0013769,1176,508,658,102,82
850,1,723,ShamAY0034199,84,811,1559,518,79
850,723,904,ShamAY0034199,85,1,178,146,97
850,1,904,ShamAY0034180,302,101,1010,728,99
853,579,967,ShamAY0034128,518,181,569,242,70
853,579,967,Shamela0009810,1465,600,1302,271,47
853,579,905,Shia001731Vols,857,1034,1355,255,96
853,579,905,Sham19Y0127677,7804,436,629,149,57
853,245,392,Masaha000955Vols,768,652,812,119,91
853,1010,1177,Masaha000955Vols,1595,483,867,134,43
853,1010,1177,Shamela0028100,357,179,563,134,43
853,579,798,JK009324,3537,1326,1536,162,90
854,1024,1229,Sham19Y0147597,1277,1232,1374,109,66
854,36,346,Shia001764Vols,1591,516,851,243,88
854,777,911,ShamAY0034263,249,1,151,107,88
854,597,911,Shamela0008463,2039,1140,1460,234,89
854,600,911,Shia000841Vols,5809,977,1294,234,89
854,1006,1140,Shamela0009810,884,719,855,104,96
854,1006,1206,Shia001731Vols,484,969,1170,156,96
854,612,911,Sham19Y0019188,2165,640,899,203,84
854,616,843,Zaydiyya0000063,932,894,1148,70,24
854,36,346,ShamAY0034383,464,278,613,243,88
855,333,556,Shia003408Vols,441,216,497,154,69
855,1,254,Sham19Y0149697,2329,915,1412,111,25
855,330,556,Sham19Y0147062,2358,995,1454,146,40
855,333,482,Shia002356Vols,1492,200,468,93,43
855,59,254,Zaydiyya0000373Vols,301,1222,1336,88,57
855,330,472,ShamIbadiyya0000730,210,156,337,80,54
855,324,556,ShamAY0036836,455,670,974,76,23
855,1,281,Rafed0001792Vols,608,250,396,94,43
855,1,254,Masaha000955Vols,1345,756,1283,195,46
855,333,482,Shia001291,17,801,1031,97,53
855,1,230,Shamela0028100,595,1036,1538,177,44
855,333,556,Shamela0012286,474,760,1494,147,25
855,330,577,ShamIbadiyya0000135,126,215,940,162,28
855,333,556,Kraken210630005153,5362,401,1144,146,25
855,333,467,Shamela0023775,1289,369,576,84,51
855,12,254,Shamela0005756,265,814,1223,173,51
855,330,467,Zaydiyya0000272,1464,1005,1259,85,42
855,347,556,Shamela0002114,206,1,589,120,25
856,743,931,ShamAY0034179,427,1390,1576,145,94
856,970,1112,ShamAY0034179,428,20,162,114,100
856,548,1112,Shamela0021608,1015,993,1410,298,65
856,762,992,JK009279,132,1398,1570,131,70
856,762,1056,Shamela0001417,130,724,937,131,52
856,762,931,Shamela0011728,431,1362,1515,109,73
856,548,1112,ShamAY0038201,188,525,1110,296,51
856,548,705,Shamela0011814,77,1037,1206,125,90
856,482,1094,Sham19Y0001469,266,984,1310,167,32
857,505,701,Sham19Y0013241,1463,1104,1300,148,92
857,510,701,Shamela0021598,6468,298,497,152,94
857,505,701,Shamela0023193,118,223,429,154,93
857,505,701,Sham19Y0020891,4139,604,784,145,91
857,510,701,Masaha000955Vols,1432,294,485,154,100
857,510,701,Shamela0028100,201,1345,1466,99,63
858,1218,1365,Shia003732Vols,493,917,1065,108,86
858,1233,1365,Sham19Y0003742,162,510,646,104,95
858,1215,1365,Sham19Y0145212,3007,1237,1385,113,90
858,394,522,JK000173,4,1402,1530,102,98
858,1241,1365,Shia003957Vols,949,758,886,97,95
858,394,570,ShamAY0034199,64,1317,1475,111,78
858,552,1079,ShamAY0034199,68,1022,1523,397,94
859,941,1192,Shia003408Vols,2690,394,1000,198,39
859,941,1192,Zaydiyya0000355,224,853,1442,187,38
859,34,246,Shamela0023193,369,201,437,166,81
859,925,1197,Sham19Y0147312,2165,126,353,157,67
859,941,1362,Zaydiyya0000358,258,703,1440,235,36
859,938,1130,Zaydiyya0000339,65,188,515,111,35
859,371,605,Masaha000955Vols,497,444,680,185,95
859,34,313,Masaha000955Vols,1472,600,985,222,70
859,371,605,Shamela0028100,451,591,827,185,95
859,34,313,Shamela0028100,763,609,959,223,77
859,938,1231,Kraken210323052149,130,369,794,140,37
860,49,568,Shamela0002573,280,1,460,346,79
860,159,538,Shia002924Vols,423,874,1130,110,35
860,1,568,ShamAY0034199,69,144,724,452,94
860,1203,1578,ShamAY0034199,774,44,938,266,35
861,22,229,ShamAY0037574,304,162,376,159,90
861,388,616,Shia002914Vols,206,1060,1551,178,45
861,1243,1446,Shamela0012286,2215,877,1291,145,42
862,906,1069,ShamAY0036737,214,459,801,94,32
862,895,1119,Shia003408Vols,2482,1022,1254,178,93
862,461,728,Sham19Y0023618,2110,1301,1586,201,83
862,906,1069,Shamela0027084,391,585,1022,105,29
862,895,1011,Zaydiyya0000295Vols,3391,551,666,90,96
862,458,755,ShamAY0037087,1211,1240,1518,144,50
862,906,1259,ShamAY0035955,818,1057,1332,168,52
862,911,1185,ShamAY0035955,900,1,233,130,50
862,906,1069,Shamela0000736,1387,137,512,97,32
862,906,1059,Sham19Y0122256,483,1340,1519,91,54
862,461,728,Shamela0012286,2624,1295,1582,202,83
862,461,580,Shamela0009788,1852,526,1053,73,16
862,906,1107,Shamela0001000,1196,233,760,105,23
862,906,1069,Shamela19Y0145334,3189,132,660,101,23
863,424,584,Shamela0001687,6239,1406,1566,125,92
864,333,863,ShamAY0034199,775,286,1137,402,58
865,752,921,Shia003732Vols,5942,237,411,138,96
865,752,921,Shamela0012286,358,1327,1502,138,96
866,457,685,Shamela0001687,7046,1,275,168,74
866,422,685,Shia003965Vols,9740,377,714,173,63
866,418,685,JK007040,2711,693,1007,176,67
866,422,685,Sham19Y0150966,287,748,1099,174,61
866,324,679,Sham19Y0018254,1521,161,505,189,56
868,868,1084,ShamAY0034199,539,628,965,143,49
869,278,764,Shamela0021593,749,601,1084,354,88
869,828,1185,Shamela0021593,750,973,1611,239,44
869,1162,1568,Shamela0021593,751,22,523,298,72
869,278,525,Sham19Y0032476,789,1372,1604,157,77
869,525,994,Sham19Y0032476,790,1,468,236,52
869,1007,1185,Sham19Y0032476,790,781,1183,64,16
869,835,1092,Shamela0011437,219,1204,1602,209,64
869,272,764,Shamela0011437,219,193,675,363,90
869,1092,1568,Shamela0011437,220,1,592,375,79
869,14,215,ShamAY0034199,539,393,595,158,97
869,425,764,JK000781,94,964,1304,249,87
869,546,764,Sham19Y0147104,566,414,653,171,87
870,423,568,Sham19Y0132617,17,1392,1544,113,94
870,568,692,Sham19Y0132617,18,1,123,98,95
871,908,1324,Masaha003709,74,562,1559,286,34
871,1025,1324,Zaydiyya0000358,162,1,222,143,54
871,922,1068,Sham19Y0151010,194,77,191,92,77
871,925,1405,Shamela0012286,1783,124,1289,327,32
872,343,691,Sham19Y0123510,844,501,842,244,86
872,343,670,Shamela0021765,1070,1128,1449,229,85
872,360,665,Rafed0003150Vols,530,8,280,190,78
872,343,691,Masaha000626,176,1120,1453,252,92
872,390,695,Sham19Y0122401,1178,723,973,182,76
872,382,716,Sham19Y0122401,1182,1,312,232,89
872,363,623,Shamela0003485,345,1271,1517,160,76
872,337,691,Shamela0002863,1653,129,466,235,83
872,331,661,Shamela0021495,356,1104,1418,223,84
872,326,691,Sham19Y0013241,1278,863,1222,240,79
872,798,1274,Sham19Y0017350,892,705,1211,226,42
872,337,682,ShamAY0035950,380,804,1406,240,49
872,337,691,Shamela0008658,745,314,650,236,83
872,351,691,Shamela0012884,1263,733,1098,210,68
872,337,675,Sham19Y0127713,976,903,1199,203,76
872,343,691,Shamela0000551,1885,472,810,258,94
872,527,1559,Shamela0000551,1886,204,1432,633,54
872,351,704,ShamAY0037574,374,951,1413,214,53
872,331,675,Shamela0009804,229,1199,1487,198,74
872,343,691,ShamAY0033522,457,375,711,256,94
872,385,695,Tafsir09084,507,595,895,198,79
872,337,691,Shia001432Vols,36671,973,1298,233,83
872,923,1274,Sham19Y0122406,2007,9,320,191,63
872,343,765,Sham19Y0020891,1372,248,706,231,56
872,326,691,ShamAY0033075,18,738,1115,244,78
872,382,665,ShamAY0034054,772,1083,1345,174,73
872,343,704,Shamela0012399,2237,618,1023,278,86
872,343,691,Shamela0012399,2239,290,1183,268,38
872,343,502,Sham19Y0146127,2362,1310,1451,110,87
872,502,822,Sham19Y0146127,2363,1,278,153,56
872,337,601,Zaydiyya0000142,2866,1262,1525,193,89
872,601,695,Zaydiyya0000142,2867,1,95,69,96
872,348,665,Sham19Y0122256,187,1226,1493,199,81
872,343,518,Sham19Y0006684,1927,1325,1490,124,89
872,518,760,Sham19Y0006684,1928,1,286,143,65
872,348,675,Shamela0006336,723,1184,1462,206,81
872,394,695,Shamela0007891,1417,20,268,182,77
872,798,1274,Sham19Y0013253,444,145,634,239,53
872,427,657,Sham19Y0017885,1535,1,137,97,54
872,343,691,Shia002119Vols,2120,648,984,256,94
872,351,822,Sham19Y0019235,485,779,1258,227,48
872,382,665,Shamela0023623,801,155,417,174,73
872,337,661,Sham19Y0148486,4393,1124,1448,225,83
872,369,691,Shamela0028107,471,1,318,237,92
872,363,704,Shamela0023628,737,557,881,223,81
872,363,704,Shamela0025800,3340,932,1272,234,85
872,363,675,JK000785,1673,1,288,207,80
872,337,700,Shia000820Vols,2087,401,747,244,84
872,343,691,Shamela0008473,1169,1010,1338,233,84
873,615,821,Shamela0001438,7759,578,847,113,54
873,397,533,Shamela0001673,8055,98,293,106,68
873,1083,1330,Shamela0001673,8061,414,705,174,75
873,1183,1393,Sham19Y0122401,1220,541,824,133,56
873,579,947,JK000475,1154,1139,1487,273,91
873,600,953,Sham19Y0016934,6644,514,999,177,42
873,686,937,Shamela0002863,1843,1,287,135,59
873,686,937,Sham19Y0013241,1416,32,317,134,59
873,589,947,Shia001913Vols,524,524,1049,163,40
873,579,937,ShamAY0035950,389,426,774,172,56
873,686,937,Sham19Y0127713,1047,17,311,144,55
873,579,918,Shamela0021744,2367,1132,1529,174,51
873,582,953,Sham19Y0020638,671,208,633,179,50
873,582,953,Shamela0005923,10,933,1359,179,49
873,686,953,Shamela0001727,822,5,331,148,58
873,579,953,Sham19Y0018611,67,895,1435,157,35
873,615,821,Sham19Y0127677,5661,1033,1303,118,57
873,625,821,Sham19Y0127677,20618,333,594,114,57
873,579,937,Shamela0021479,226,450,848,199,60
873,579,953,ShamAY0033910,742,1086,1440,279,92
873,579,937,ShamAY0033910,743,276,659,175,54
873,579,1076,Shamela0013073,82,596,1120,237,46
873,579,953,Sham19Y0039268,147,807,1181,282,89
873,625,979,Shamela0000782,427,1,360,278,96
873,579,970,Shamela0005815,51,768,1195,222,58
873,579,953,Sham19Y0017798,827,993,1302,237,79
873,582,979,Zaydiyya0000274,725,5,365,274,84
873,809,1100,Zaydiyya0000274,831,180,511,110,31
873,579,937,Shamela0012399,2416,962,1381,195,52
873,757,953,ShamAY0034383,217,31,264,112,61
873,625,821,Shia002265Vols,3087,727,988,114,57
873,579,965,Shamela0008176,4258,184,615,201,53
873,579,937,Sham19Y0018144,1386,796,1171,183,59
873,615,944,Sham19Y0018144,1387,9,415,163,48
873,579,753,JK000130,743,1304,1473,131,92
873,753,953,JK000130,744,1,183,145,90
873,579,937,Shamela0009242,2973,859,1425,139,31
873,579,937,Sham19Y0006684,2241,186,620,195,52
873,579,965,JK000299,2036,860,1315,198,51
873,579,937,ShamAY0032665,1386,699,1074,183,59
873,579,870,Shamela0006856,9,1218,1444,177,76
873,579,937,Shamela0021590,1104,306,900,141,30
873,615,937,ShamAY0033181,858,331,713,186,55
873,610,840,JK009390,5869,928,1243,111,44
873,1083,1330,Shamela0004473,11168,761,1245,153,40
873,579,821,Sham19Y0132524,1578,619,894,114,47
873,579,816,Shamela0001733,4639,1242,1437,118,63
873,697,937,Sham19Y0014462,182,9,280,139,57
873,579,953,JK000977,1372,584,935,275,92
873,1001,1359,JK000201,1872,646,1045,270,84
873,579,937,Shamela0028107,497,392,823,194,52
873,757,1076,JK007065,1460,1,382,138,39
873,582,953,Shamela0025800,2139,1033,1454,178,50
873,597,953,Shamela0025800,2141,13,326,247,85
873,579,1076,Shamela0010517,239,482,937,304,74
873,579,937,Shamela0001719,4368,103,522,195,52
873,565,1076,Shamela0004864,22,430,877,308,70
873,625,953,Shamela0036446,523,296,598,163,61
874,504,897,Shamela0021731,977,747,1013,121,36
874,164,455,Shamela0000551,2588,609,1462,231,34
874,159,455,Sham19Y0013624,306,400,682,195,81
874,504,1284,Shamela0008463,4286,86,560,351,54
874,504,897,Shamela0021619BK2,2325,926,1305,252,77
874,504,897,Shia000841Vols,8140,1135,1419,130,37
874,203,1237,Shia000841Vols,8144,1005,1508,318,37
874,164,455,ShamAY0033522,622,952,1268,231,92
874,175,462,JK000734,264,1170,1489,224,86
874,500,793,Sham19Y0019188,4578,1207,1506,234,96
874,296,906,Sham19Y0013785,735,589,1087,320,64
874,96,462,Shia001553,208,135,466,190,65
874,164,408,Sham19Y0017798,2101,889,1164,172,74
874,164,408,Sham19Y0017798,2341,819,1094,172,74
874,149,523,Sham19Y0014309,869,315,654,193,61
874,164,455,Shamela0012399,3387,443,797,231,82
874,200,422,Shamela0012399,3406,1,762,139,21
874,229,363,Shia002265Vols,1542,715,1131,93,27
874,560,725,ShamAY0033182,1830,1364,1517,113,80
874,518,808,ShamAY0033956,427,793,1133,172,56
874,504,897,JK000272,1219,550,842,128,40
874,142,455,Sham19Y0006684,3964,601,951,235,82
874,504,897,Shamela0021642,2967,823,1202,252,77
874,296,906,Shamela0021693,1719,260,795,315,60
874,159,725,Shia002119Vols,3135,630,1184,296,57
874,96,467,Shia004038,213,71,419,184,56
874,504,897,Shamela0021677,2869,134,521,251,76
874,172,455,Shia004007,265,1113,1424,225,90
874,138,474,Sham19Y0020561,1676,643,991,247,83
874,164,455,Shamela0028107,631,918,1240,230,89
874,149,462,Shamela0025800,772,658,972,189,69
874,175,772,ShamAY0034447,450,709,1350,213,34
874,142,467,Shamela0005922,2425,844,1200,231,80
874,167,433,Shamela0036446,631,1248,1488,169,77
875,634,954,Shamela0001438,1801,99,481,233,76
875,634,784,Shamela0021659,572,933,1078,112,96
875,582,954,Shamela0021765,1079,1,415,201,50
875,634,867,Shamela0021660,2262,616,1093,169,43
875,571,920,Shia002218Vols,216,281,621,229,82
875,634,784,JK007006,697,1059,1224,115,89
875,1,150,ShamIbadiyya0000942,257,783,951,116,84
875,563,920,Sham19Y0122257,1926,1099,1443,223,73
875,630,784,Shamela0001975,407,540,685,112,93
875,1137,1278,Shamela0000551,1870,476,612,103,92
875,574,920,Shamela0008360,482,564,892,215,74
875,1,212,Shia003895Vols,465,346,604,119,48
875,1137,1297,ShamAY0033522,454,152,303,109,86
875,571,784,Shamela0007370,1180,1037,1250,159,94
875,602,867,Shamela0022848,332,1,238,184,88
875,634,784,Sham19Y0127677,1005,1047,1196,115,98
875,634,784,Sham19Y0018272,943,29,217,109,74
875,563,788,ShamIbadiyya0000109,2013,652,863,142,76
875,571,987,Shamela0000782,396,470,1063,309,66
875,574,1307,Shamela0021743,1108,1074,1467,251,42
875,634,784,Shia002265Vols,5459,462,608,111,95
875,571,800,Rafed0003902Vols,1071,1073,1296,135,69
875,574,927,Sham19Y0145212,2094,1021,1361,218,72
875,558,962,Sham19Y0122256,710,7,554,285,63
875,1137,1278,Sham19Y0006684,1884,493,629,103,92
875,1,117,Shamela0012286,2059,1406,1518,90,96
875,634,883,Shamela0006060,408,407,590,133,66
875,571,784,Shamela0008635,55,1062,1214,113,69
875,634,784,Sham19Y0122096,1555,1130,1275,112,96
875,571,910,Shamela0010657,1077,633,959,241,89
875,1137,1278,Shamela0028107,467,1273,1409,103,92
875,558,954,Shamela0006610,768,76,486,260,76
875,558,1307,Shamela0025800,3326,729,1140,264,43
875,574,920,Shamela0005922,2320,710,1089,217,69
875,571,920,Shamela0021766,893,1008,1344,220,74
875,563,875,Sham19Y0017903,615,477,742,203,83
875,634,784,Shia002261Vols,148,518,663,112,96
875,571,870,Sham19Y0022884,207,509,773,175,76
875,571,910,JK000221,572,1097,1408,230,85
875,574,796,Shamela0036446,484,15,200,119,63
875,574,857,Shamela0012579,1539,975,1262,169,64
876,20,304,ShamAY0035003,27,1081,1313,173,75
876,143,409,ShamIbadiyya0000942,142,1,445,212,58
876,1216,1373,Masaha001864Vols,5247,1156,1350,120,77
876,294,484,Shia003895Vols,625,1,238,105,46
876,1226,1373,ShamAY0035990,643,367,519,90,65
876,876,1130,Shamela0007370,1173,516,714,146,69
876,648,780,Kraken211201162527,186,644,847,87,52
876,1226,1373,Shia003636Vols,5571,1020,1180,96,65
876,20,425,Sham19Y0151010,222,1233,1431,133,39
876,23,329,Sham19Y0151010,228,1106,1420,227,84
876,13,216,Sham19Y0151010,248,960,1143,131,80
876,868,1137,ShamAY0031578,2768,396,623,180,83
876,13,425,Shamela0012286,1596,343,941,307,61
876,13,446,Rafed0003376Vols,1667,352,696,200,55
876,1226,1373,Sham19Y0019199,359,449,645,98,61
876,13,394,Zaydiyya0000453,82,1079,1621,279,61
876,1262,1373,JK000533,255,1,149,88,74
876,20,461,Sham19Y0016826,3719,544,1056,259,55
876,1223,1378,Sham19Y0127717,801,943,1059,88,67
876,23,404,Sham19Y0016714,1588,896,1177,203,66
877,1059,1233,Shamela0003485,37,870,1041,115,77
877,243,627,Shamela0007370,2776,473,821,267,85
877,1159,1466,Shamela0009759,111,1,324,242,92
877,1053,1360,ShamAY0034054,733,1249,1551,243,98
877,1099,1445,Shia002616Vols,1643,988,1410,230,62
877,243,397,Sham19Y0013667,5008,1317,1469,118,94
877,447,627,Sham19Y0013667,5009,30,227,142,88
877,627,765,Sham19Y0013667,5009,746,887,105,90
877,1128,1466,Shamela0037458,709,1,338,272,99
877,1053,1466,Shamela0023623,761,609,1021,331,99
878,124,280,ShamAY0038067,12,1241,1405,123,95
878,1,104,Shamela0009759,111,324,427,79,98
878,124,280,JK000784,12,362,527,123,94
878,1,104,Shamela0037458,709,338,441,79,98
878,1,104,Shamela0023623,761,1021,1124,79,98
879,1051,1188,Shamela0010781,572,1363,1559,111,69
879,796,1044,ShamAY0034195,119,444,1361,199,26
879,1051,1219,ShamAY0034195,120,7,176,137,99
880,900,1512,ShamAY0034180,350,436,1027,457,85
882,213,390,ShamAY0007299,4607,354,508,87,54
882,221,423,Shamela0023785,79,837,1330,154,39
883,1,219,Shamela0005756,9792,775,1386,171,34
883,1,219,Shamela0008473,338,398,996,175,36
885,530,746,Shia003912,122,734,1125,149,47
885,902,1421,Shamela0012019,364,469,1226,358,58
885,338,484,Shamela0021593,947,1104,1217,81,69
885,568,746,Shamela0021593,948,1,177,142,98
885,1108,1483,Shamela0021593,955,991,1419,277,79
885,910,1416,Shamela0006315,219,689,1124,251,56
885,1069,1416,Sham19Y0122142,304,472,843,247,80
885,902,1421,Shamela0006336,741,70,1062,360,44
885,910,1416,Sham19Y0032476,907,84,1135,365,42
885,781,1108,Shamela0011437,266,182,496,144,42
885,914,1483,Shamela0011437,266,676,1398,364,58
885,331,481,Shamela0011437,269,1434,1589,121,96
885,484,746,Shamela0011437,270,4,272,197,90
885,910,1077,ShamAY0034195,124,64,204,102,75
886,5,118,Shamela0021593,955,1424,1537,90,100
886,118,407,Shamela0021593,956,1,289,228,95
886,124,407,Sham19Y0013550,124,1,269,199,86
886,5,162,Shamela0011437,266,1403,1563,126,98
886,162,407,Shamela0011437,267,1,246,197,99
886,893,1286,ShamAY0036012,111,621,995,75,14
887,856,1376,Shamela0021593,948,494,763,157,35
887,893,1395,Shamela0011437,269,1,509,405,98
888,1026,1346,Sham19Y0023608,931,221,471,94,33
888,877,1520,Shamela0000791,469,801,1316,324,58
888,849,1291,ShamAY0035990,202,1075,1476,284,81
888,1291,1520,ShamAY0035990,203,1,230,182,100
888,902,1151,Shamela0000041,575,1163,1423,106,47
888,861,1401,Shamela0007891,1361,855,1172,158,36
888,877,1328,Tafsir06049,1683,667,987,129,27
888,936,1388,Zaydiyya0000059,232,150,545,117,27
888,1002,1388,Shamela0001442,881,467,777,110,32
888,906,1354,ShamAY0034068,476,716,1048,144,38
888,917,1346,JK000201,3726,428,787,125,33
888,906,1346,Shamela0023628,719,1101,1445,149,39
888,1037,1388,Sham19Y0014601,4368,982,1267,100,29
889,1,221,Shamela0000791,469,1316,1546,171,93
889,221,552,Shamela0000791,470,1,428,242,67
889,1,572,ShamAY0035990,203,230,897,441,82
889,866,1183,Shamela0021593,1051,821,1188,240,78
889,871,1176,Sham19Y0032476,985,1072,1438,193,62
889,871,1031,Shamela0011437,297,1509,1669,129,99
889,1031,1183,Shamela0011437,298,1,165,124,92
890,573,760,Shamela0001438,2964,76,258,135,91
890,556,750,Shamela0021659,1409,541,765,142,80
890,573,872,Shia001764Vols,1415,879,1442,129,25
890,556,750,Shamela0001975,1025,159,338,138,90
890,525,905,Sham19Y0020638,617,1070,1443,208,57
890,556,905,Shamela0001727,754,953,1328,204,69
890,556,750,Sham19Y0127677,14184,1179,1389,147,89
890,556,750,Sham19Y0122406,2009,171,381,147,89
890,551,750,Shamela0009107,77,325,544,115,59
890,551,750,Sham19Y0146127,1791,706,908,137,80
890,556,750,Shia002265Vols,5447,359,541,138,87
890,556,875,Sham19Y0018144,1259,965,1401,159,40
890,551,897,Sham19Y0017729,338,963,1300,200,68
890,556,875,ShamAY0032665,1259,870,1306,159,40
890,604,839,JK009390,2628,1,287,133,60
890,551,875,Shamela0025794,1845,838,1212,166,47
890,551,750,Shamela0025794,1882,495,714,135,76
890,551,905,Shamela0025794,1897,741,1093,164,51
890,556,872,Sham19Y0148486,3414,621,1076,175,47
890,551,897,Sham19Y0017903,611,365,751,206,64
891,1,686,Shamela0003055,1693,42,612,368,63
891,227,908,Shamela0001673,4711,1,716,500,83
891,1,166,Sham19Y0023618,2128,196,372,128,89
891,181,423,Sham19Y0122401,1299,1238,1496,178,84
891,995,1149,Shia001764Vols,120,15,410,123,38
891,1,411,Shamela0007342,1208,366,649,183,53
891,729,908,Shamela0007342,1209,1,189,141,94
891,646,908,Sham19Y0013241,1205,139,437,166,66
891,23,887,JK007064,865,547,1499,395,41
891,1,908,Shamela0000551,2455,108,859,527,69
891,574,908,Sham19Y0032381,198,542,884,258,95
891,461,908,Shia000841Vols,6985,620,1026,231,56
891,77,395,Shamela0021715,4468,1322,1505,138,53
891,646,908,ShamIbadiyya0000109,5037,721,974,184,85
891,639,829,ShamIbadiyya0000438,893,1340,1531,150,98
891,485,908,Shamela0007264,343,155,484,231,67
891,578,908,Shia002298,119,311,647,251,92
891,646,912,Rafed0003902Vols,514,75,343,200,91
891,227,369,Shamela0009242,2605,1369,1510,114,99
891,485,908,Shamela0009242,2606,535,1023,303,76
891,646,908,ShamIbadiyya0000095,803,139,380,169,78
891,411,691,Shamela0021590,941,276,556,177,74
891,646,908,Tafsir06049,849,12,269,185,84
891,646,887,Sham19Y0131521,4052,126,338,158,81
891,697,908,ShamAY0034050,54,719,993,155,72
891,697,908,ShamAY0034050,146,214,488,155,72
891,1,159,Shamela0005756,8665,1170,1345,125,90
891,146,1064,JK000201,2840,33,1410,698,63
891,578,912,Kraken210323052137,108,716,1039,240,88
891,691,908,Sham19Y0147658,788,577,850,160,74
891,691,829,ShamIbadiyya0000433,1008,1358,1490,103,93
891,65,423,Sham19Y0017747,1404,1211,1441,178,61
891,448,908,Sham19Y0017747,1405,1,394,292,78
892,1187,1367,Shamela0011437,294,644,815,136,93
892,228,540,Shamela0011437,303,643,1036,247,76
892,548,876,Sham19Y0147104,624,293,617,261,94
894,481,723,Shamela0011437,298,363,661,163,61
894,1088,1442,ShamAY0034199,530,842,1298,266,70
895,931,1258,Shamela0021608,962,766,1104,203,73
895,864,1327,Shia002913,27,1303,1457,108,28
895,1,186,Shia002914Vols,144,123,309,148,98
895,931,1187,Sham19Y0122142,328,554,798,176,85
895,984,1162,Shamela0006336,839,568,741,137,93
895,942,1174,Sham19Y0032476,986,1,230,153,79
895,931,1187,Sham19Y0001469,243,52,287,172,81
895,938,1162,Sham19Y0147104,1606,193,463,151,65
896,959,1210,ShamAY0034199,1343,1383,1635,205,99
896,620,773,ShamAY0034199,1343,1,156,124,98
896,1210,1556,ShamAY0034199,1344,1,389,267,85
897,676,1388,Shamela0011437,298,639,960,204,33
898,922,1223,Shamela0001673,8072,1257,1514,185,78
898,935,1144,Shia002218Vols,1010,1308,1524,164,96
898,1144,1261,Shia002218Vols,1011,1,118,93,100
898,1054,1301,JK011225,71,1,223,151,76
898,1000,1242,Zaydiyya0000062,2073,658,887,167,85
898,922,1215,Shamela0000427BK2,3487,464,706,157,63
898,932,1307,Shamela0010765,722,106,518,213,57
898,932,1333,Shamela0012884,5035,937,1302,279,86
898,630,796,Shamela0000551,1993,408,570,99,67
898,927,1333,Shamela0021744,2486,574,974,287,85
898,935,1307,Sham19Y0122187,929,1153,1519,190,56
898,927,1333,ShamAY0037574,555,834,1271,310,89
898,935,1333,Sham19Y0020638,668,972,1379,310,94
898,927,1297,Shamela0011428,1325,773,1066,205,69
898,932,1297,Shamela0001727,818,1112,1485,288,97
898,939,1333,Shamela0005776,3,1,357,256,79
898,932,1246,Sham19Y0018611,383,437,761,200,70
898,630,800,Shia000026Vols,1834,134,255,88,65
898,1012,1242,ShamAY0032376,994,170,351,114,64
898,927,1333,Kraken211201162527,39,831,1299,317,85
898,1018,1265,Kraken211201162527,148,723,914,136,67
898,1000,1242,Shamela0021743,1347,839,1086,169,80
898,1097,1343,ShamAY0038640,800,1067,1337,187,87
898,932,1333,Sham19Y0122406,2185,484,893,317,98
898,1018,1333,Sham19Y0017798,1796,991,1343,201,69
898,935,1261,Sham19Y0020891,6401,159,489,239,86
898,1000,1261,ShamAY0033075,37,1096,1385,186,76
898,627,837,Sham19Y0021525,1142,247,418,109,64
898,1000,1185,Shamela0009978,44,1248,1442,135,88
898,932,1333,Sham19Y0146127,2660,382,749,263,79
898,927,1327,Shamela0008176,4250,302,687,280,86
898,932,1297,ShamAY0033182,1864,99,461,269,90
898,927,1333,Shamela0021713,1648,479,902,321,95
898,932,1333,Sham19Y0018144,1380,559,958,295,89
898,630,796,Sham19Y0149213,2375,511,820,98,36
898,1000,1242,Shamela0009242,2991,776,1027,185,93
898,1018,1333,Sham19Y0017729,368,694,1079,199,60
898,927,1090,JK000299,2135,1313,1483,129,95
898,1097,1333,JK000299,2136,6,220,154,81
898,630,796,Shamela0012286,2152,1308,1474,135,100
898,980,1261,Sham19Y0032476,987,95,400,180,69
898,932,1333,ShamAY0032665,1380,469,868,295,89
898,932,1333,Shamela0030384,21,85,479,290,90
898,932,1333,ShamAY0034005,661,981,1384,301,92
898,927,1297,ShamAY0033181,886,769,1084,208,66
898,949,1237,Shamela0011385,2365,133,498,178,54
898,932,1333,Shamela0011385,4037,927,1310,290,89
898,1018,1297,Sham19Y0013253,489,1206,1433,136,58
898,980,1333,Sham19Y0017616,221,1,362,280,97
898,922,1215,Sham19Y0131521,3248,173,822,223,43
898,630,796,ShamAY0034624,60,933,1137,81,45
898,932,1297,JK000477,823,508,871,273,93
898,1156,1333,Shamela0004473,13436,512,690,140,98
898,932,1333,Sham19Y0013667,4362,703,1097,286,87
898,627,1297,Sham19Y0019235,494,146,934,325,42
898,932,1265,Sham19Y0132524,1574,205,547,247,86
898,935,1333,Sham19Y0016555,768,159,565,315,98
898,932,1343,Shamela0000767,3984,715,1117,294,87
898,932,1333,Shamela0005756,12830,645,1046,289,85
898,630,1338,Sham19Y0014313,1510,185,1024,401,53
898,630,796,Sham19Y0020561,1656,903,1072,115,77
898,932,1072,Sham19Y0148486,4935,1330,1477,111,95
898,1072,1333,Sham19Y0148486,4936,1,266,191,88
898,932,1333,Shamela0001875,1210,726,1129,312,96
898,56,447,JK000533,41,568,1036,249,59
898,652,796,JK000778,1269,456,615,92,65
898,630,796,Shamela0028107,795,537,747,81,44
898,1000,1242,Shamela0006610,834,175,399,171,88
898,627,796,Masaha001078Vols,381,1086,1249,132,96
898,630,796,Sham19Y0014601,3595,1168,1330,115,80
898,932,1327,JK007065,1496,854,1256,309,96
898,630,800,Sham19Y0011402,882,1123,1409,116,48
898,935,1261,Shamela0025800,2152,1173,1485,239,90
898,630,825,ShamIbadiyya0000433,791,976,1156,104,61
898,927,1104,Shamela0021766,4532,1327,1515,134,87
898,1108,1350,Shamela0021766,4533,1,217,152,79
898,927,1333,Sham19Y0017747,1730,798,1211,302,90
898,1018,1333,Sham19Y0017903,675,235,607,190,57
898,935,1261,Sham19Y0127660,414,355,585,154,59
898,630,796,JK000134,4283,281,786,115,27
898,1000,1333,Sham19Y0020868,148,260,586,254,96
898,932,1064,Sham19Y0020868,459,401,540,105,94
898,1000,1307,Shamela0036446,525,971,1212,174,70
899,897,1376,Shia001663Vols,33,104,582,175,35
899,219,528,Shamela0008463,4340,761,1084,240,93
899,219,469,Shia000841Vols,8180,1235,1488,173,79
899,1235,1376,Shamela0001727,478,70,209,108,97
899,897,1348,Shamela0000140,1451,113,429,115,27
899,1016,1376,Sham19Y0122406,1324,26,620,147,27
899,897,1196,ShamIbadiyya0000438,560,728,1402,157,27
899,1103,1376,Shia001626Vols,470,526,795,116,41
899,1235,1376,Sham19Y0013667,5581,351,490,107,95
899,1235,1376,Shamela0004289,736,968,1107,107,95
899,1235,1376,Shamela0005756,4930,1118,1259,109,98
899,928,1348,Zaydiyya0000407,357,1152,1353,90,25
900,501,678,Shia003965Vols,11753,356,722,117,39
901,4,345,Masaha004524,206,140,804,218,40
901,1,323,Masaha003709,66,845,1639,215,33
901,851,1402,Sham19Y0016562,1613,1,1132,395,43
901,838,1112,Shamela0021593,2161,1195,1458,206,93
901,1132,1437,Shamela0021593,2162,141,448,242,97
901,563,730,Shia002914Vols,137,1346,1526,132,90
901,4,345,Shamela0012286,1621,249,1055,218,33
901,26,490,Kraken210630005153,7389,267,1226,247,29
901,838,1415,Sham19Y0147104,1086,53,800,454,75
901,4,345,Shamela0002114,77,428,1096,216,39
902,207,544,Sham19Y0016562,1612,834,1189,218,68
902,157,538,Shamela0021593,2161,348,709,226,66
902,538,899,Shamela0013048,287,901,1275,283,96
902,157,533,Shamela0011437,488,638,999,224,66
902,177,544,Sham19Y0147104,1085,688,1017,243,80
904,11,262,Shia000819,161,1,542,196,45
904,1,189,Sham19Y0039268,110,1017,1196,92,57
904,683,1486,Shamela0021593,950,238,1304,426,43
904,74,262,Shia002158,35,104,300,129,82
904,652,1486,Shamela0011437,270,643,1560,523,62
904,1,199,Shamela0004473,1788,27,493,155,42
905,238,381,Sham19Y0016562,536,129,307,96,63
905,1,272,Shamela0021593,950,1308,1633,187,68
905,272,1135,Shamela0021593,951,1,1431,644,53
905,69,1152,Shamela0011437,271,1,1619,832,63
905,1,398,Sham19Y0147104,575,1242,1607,179,45
905,1,803,ShamAY0034195,124,1124,1620,306,44
906,1148,1287,Sham19Y0150676,1854,673,896,101,55
906,6,205,Masaha000955Vols,1545,61,320,155,74
907,742,994,Sham19Y0123510,1211,23,276,150,67
907,737,982,Sham19Y0016772,1394,684,841,115,57
907,251,575,Sham19Y0020944,727,635,1092,212,54
907,570,919,ShamAY0033956,422,339,1079,251,40
907,448,982,Shamela0009242,368,926,1467,216,38
907,251,952,Sham19Y0013252,11303,555,1249,233,30
907,614,982,ShamAY0033531,2245,1,717,288,50
907,570,982,Sham19Y0123608,180,21,822,311,47
907,737,982,Shamela0010517,802,58,364,188,75
908,1079,1429,Sham19Y0023618,2191,824,1360,138,29
908,169,714,Shamela0023777,206,551,755,138,31
908,391,514,Shamela0023777,215,119,239,92,94
908,207,514,Shamela0007562,54,195,727,83,21
908,250,636,Sham19Y0017437,91,393,999,172,32
908,1082,1350,Shamela0023700,234,536,1140,160,32
908,391,490,Shia002298,42,1443,1543,75,97
908,372,547,Shamela0009242,206,448,636,117,74
908,1184,1475,Kraken220218125255,91,647,1077,162,41
908,376,518,ShamAY0033531,86,1112,1266,101,81
908,302,530,Sham19Y0123608,117,450,624,115,64
908,372,530,Sham19Y0007729,430,905,1043,106,84
908,649,892,JK000201,104,214,492,178,76
908,341,636,JK000201,105,712,1299,220,46
908,1184,1383,JK000533,220,615,848,134,71
908,1082,1365,Sham19Y0014601,487,367,712,149,50
908,391,514,Zaydiyya0000132,203,855,979,95,97
908,376,636,Shamela0010517,261,1197,1433,102,38
908,1079,1184,Shamela0096239,25,795,951,84,67
908,1184,1383,Shamela0096239,26,195,429,140,74
908,207,514,Sham19Y0022884,317,894,1178,115,36
909,604,787,JK000475,1483,753,923,125,86
909,589,809,Shamela0003485,203,905,1117,153,81
909,574,783,Shamela0002863,2032,491,689,136,79
909,259,460,Sham19Y0127677,7362,1094,1452,157,54
909,267,501,Sham19Y0127677,8803,1190,1395,161,85
909,604,1032,Sham19Y0020944,1039,15,593,313,66
909,604,787,Shamela0117359,1031,1255,1428,138,94
909,604,783,Sham19Y0017798,605,1,170,135,94
909,671,783,Sham19Y0017798,1522,117,226,82,87
909,627,809,Sham19Y0014309,860,5,181,130,83
909,627,787,Zaydiyya0000274,316,397,556,126,98
909,627,787,Zaydiyya0000274,345,1369,1504,107,83
909,604,783,JK006950,490,655,805,120,83
909,604,783,Shamela0021713,1304,202,371,135,94
909,852,1032,Shamela0021713,1304,962,1186,125,66
909,604,1032,Shamela0009242,3215,325,897,306,64
909,627,787,Sham19Y0020591,1613,1173,1326,117,92
909,783,1032,ShamAY0033531,3255,147,558,192,57
909,783,1032,ShamAY0033531,4437,1120,1531,192,57
909,604,787,Sham19Y0127700,280,318,493,132,90
909,604,787,Sham19Y0131521,5956,535,708,137,93
909,604,783,Shamela0007289,6265,1022,1191,135,94
909,604,787,Sham19Y0013667,6412,534,700,128,87
909,604,1032,Shamela0001442,799,1202,1430,174,50
909,604,783,Sham19Y0148486,5380,377,586,128,70
909,604,809,Shamela0001875,1321,1110,1317,145,84
909,589,928,JK000201,2157,1051,1515,222,54
909,262,393,JK000533,1011,1146,1276,103,97
909,604,1032,Sham19Y0014601,5660,923,1463,187,31
909,589,787,Shamela0025800,760,44,245,138,85
909,595,783,Sham19Y0017903,824,526,729,141,82
909,607,787,Sham19Y0020868,188,1216,1399,135,90
909,607,783,Shamela0036446,634,432,599,120,85
910,385,599,Sham19Y0150676,1868,502,679,136,79
910,385,667,ShamIbadiyya0000730,209,273,490,162,69
910,379,599,Sham19Y0151010,200,757,904,117,65
910,379,599,Shamela0012286,1091,234,415,138,75
910,1,187,JK001293BK1,1042,1170,1406,144,75
910,379,599,Shamela0000435,35,95,297,139,72
911,1,157,ShamAY0035990,576,1222,1578,94,33
911,273,576,Shamela0012286,856,1242,1543,232,92
911,1095,1284,Shamela0012286,3276,1101,1395,146,61
911,57,226,JK000533,2856,769,1208,130,36
911,273,501,Shamela0000435,18,833,1050,169,91
912,443,715,Shia003408Vols,1658,451,891,189,50
913,1111,1280,Shamela0001717,1210,1236,1441,113,64
913,1088,1280,Sham19Y0018176,1980,660,847,147,96
913,152,349,JK000917,606,1142,1335,154,95
913,1091,1280,Tafsir09084,276,25,190,124,80
913,1088,1280,Shamela0021715,8314,455,642,147,96
913,1088,1280,Sham19Y0018106,3382,182,369,147,96
913,1088,1280,Sham19Y0018103,3274,392,579,147,96
913,1088,1260,JK000110,1433,1310,1477,130,95
913,755,979,ShamAY0035955,896,1172,1407,151,78
913,1067,1280,Sham19Y0037618,2484,284,518,159,83
913,755,1280,Sham19Y0013605,3903,735,1061,107,23
913,755,865,Sham19Y0131521,3282,197,462,69,33
913,1091,1280,JK009324,2540,762,932,134,88
913,755,904,Shamela0005756,8368,94,370,100,45
913,1088,1280,Shamela0005756,12819,1005,1192,147,96
913,1088,1280,Shamela0005756,12820,217,404,147,96
913,755,904,Shamela0005756,13476,310,665,101,36
913,755,956,JK000533,1531,1109,1429,156,61
913,1088,1280,Sham19Y0017747,1491,758,933,133,84
913,1088,1280,Shamela0008473,729,1152,1331,136,86
913,1088,1321,Sham19Y0016584,3659,71,275,156,84
914,105,401,Sham19Y0150676,2064,684,928,191,79
914,101,401,Sham19Y0150676,2899,1125,1374,192,79
914,105,401,Sham19Y0150676,2911,306,552,189,78
914,105,422,ShamAY0036013,48,316,491,129,50
914,105,472,ShamIbadiyya0000730,111,622,927,221,72
914,616,1257,Shamela0007370,648,328,1401,484,54
914,101,422,ShamAY0035781,114,225,404,130,50
914,101,406,ShamAY0033182,1721,1331,1498,124,50
914,105,486,Sham19Y0151010,230,670,950,196,63
914,101,422,ShamAY0036017,37,217,398,131,50
914,101,401,Shamela0012286,1115,799,1045,189,77
914,105,401,ShamIbadiyya0000760,328,113,324,161,66
914,105,401,Shamela0023775,1311,250,454,153,62
914,101,397,ShamAY0036005,31,1389,1545,118,50
915,1,133,JK000917,174,57,207,104,87
915,495,658,Shia000841Vols,9046,806,984,115,73
915,999,1149,Shamela0023193,365,722,874,105,81
915,1016,1149,Masaha000955Vols,556,741,886,100,85
915,882,1008,Masaha000955Vols,557,718,949,101,53
915,1016,1149,Shamela0028100,755,608,753,100,85
915,882,1008,Shamela0028100,756,432,663,101,53
915,495,658,Shamela0009242,3221,1008,1186,115,73
915,438,645,Shamela0006848,66,306,617,152,60
915,495,658,Sham19Y0018259,468,1000,1174,109,69
916,470,1186,Shamela0008183,31,591,1483,513,68
916,53,331,JK001293BK1,511,552,850,208,87
917,787,1195,Sham19Y0016772,1703,764,1105,230,66
917,787,1172,ShamAY0035990,544,952,1285,136,33
917,787,1105,Sham19Y0151010,182,458,618,127,50
917,785,994,Shamela0012286,1118,1360,1541,143,86
917,994,1195,Shamela0012286,1119,1,192,155,95
917,787,1285,ShamIbadiyya0000135,245,1096,1540,337,82
917,135,629,Shamela0008183,34,885,1462,373,78
917,135,623,Sham19Y0013667,589,120,642,340,76
917,135,574,Shamela0005756,1792,1040,1525,302,72
917,787,1095,Masaha002964Vols,1399,328,512,129,51
917,787,1125,Sham19Y0013226,672,525,799,179,66
917,787,1195,Shamela0000435,14,243,481,168,51
918,132,421,Sham19Y0150676,2420,978,1380,218,63
918,132,421,Kraken210713085803,204,661,973,218,79
918,132,335,Sham19Y0021525,769,33,176,75,45
918,132,421,Shamela0012286,1205,352,750,218,63
918,702,835,JK001293BK1,687,23,159,104,92
918,702,855,Shamela0010452,416,158,311,114,89
919,1032,1190,Zaydiyya0000010,742,1102,1289,122,81
919,394,582,Shamela0007342,72,1324,1520,145,92
919,397,607,Shamela0006227,610,320,528,154,85
919,394,607,JK000728,36,789,1033,159,78
919,397,614,Shamela0008463,755,1121,1328,150,84
919,394,554,Shamela0011428,1922,154,311,121,91
919,139,507,Shia000841Vols,597,931,1580,290,54
919,507,1644,Shia000841Vols,598,1,1164,859,86
919,386,607,Shia000841Vols,8395,210,447,169,88
919,394,607,Sham19Y0131336,1430,130,365,166,88
919,394,607,Sham19Y0131336,1447,360,605,166,85
919,920,1190,Sham19Y0022797,565,704,954,142,55
919,386,614,Shia000026Vols,1486,881,1155,178,81
919,381,623,Shia000026Vols,1488,985,1276,187,80
919,394,607,Sham19Y0039268,354,470,711,159,81
919,394,607,Tafsir07055,1156,791,1026,166,88
919,394,1238,Sham19Y0146127,122,82,744,317,40
919,386,630,Shamela0036543,993,1202,1485,182,78
919,1040,1190,Shamela0007351,233,1093,1245,92,72
919,386,607,Shamela0009242,3059,865,1108,174,89
919,394,574,ShamAY0033647,37,12,210,128,78
919,1526,1644,Sham19Y0037618,372,341,459,97,100
919,394,554,ShamAY0033181,1150,958,1118,118,88
919,143,364,Sham19Y0132620,194,158,388,167,87
919,394,614,Shamela0000347,74,835,1061,161,83
919,394,607,Shamela0000347,1104,926,1153,160,85
919,394,607,Shamela0012415,563,934,1169,166,88
919,394,566,Shia002003Vols,1649,1014,1198,129,84
919,394,1190,Sham19Y0148486,268,413,1117,327,40
919,394,607,Sham19Y0148486,2401,1,218,159,90
919,394,607,Sham19Y0148486,5068,1,236,166,88
919,394,554,JK007036,241,443,608,120,86
919,394,607,Shamela0003722,2662,397,643,157,80
920,1,365,Shia000841Vols,598,1164,1545,276,83
920,488,997,Sham19Y0127677,9282,175,425,184,44
920,1273,1407,JK000532,30,919,1048,102,94
920,1,207,Sham19Y0037618,372,459,674,147,75
920,532,997,JK001293BK1,524,665,895,178,47
920,783,997,Sham19Y0011402,619,805,1002,148,81
921,106,425,Sham19Y0014114,204,818,1122,143,51
921,651,786,Sham19Y0014114,238,197,345,111,91
921,651,790,Sham19Y0150676,1860,1317,1460,113,96
921,892,1256,ShamIbadiyya0000730,110,983,1329,213,66
921,651,884,ShamIbadiyya0000730,357,325,785,171,43
921,892,1129,Shamela0012286,95,26,273,185,90
921,651,790,Shamela0012286,793,847,986,113,99
921,651,786,Rafed0003376Vols,1675,676,811,110,99
921,651,790,ShamIbadiyya0000135,141,870,1007,111,97
921,651,786,Kraken210630005153,1271,149,284,109,98
921,86,304,Shamela0096239,48,782,1018,143,68
922,472,1146,Shamela0008463,5638,1,1010,548,65
922,469,1146,Sham19Y0019188,5826,166,1182,548,64
922,606,927,Sham19Y0006538,343,469,767,176,59
922,455,720,Sham19Y0014601,6934,101,337,176,78
923,145,416,Shamela0001673,4587,211,407,132,61
923,262,437,Sham19Y0122401,1287,374,523,108,79
923,883,1002,Shia001764Vols,1717,1375,1494,91,96
923,1210,1353,Masaha001838,95,929,1197,102,46
923,242,416,Sham19Y0018144,5333,1369,1507,92,68
923,32,451,Shamela0009242,3899,972,1408,180,39
923,456,567,Shamela0009242,3900,21,131,88,99
923,883,1002,ShamAY0033531,2566,1288,1407,93,98
923,883,1002,ShamAY0033531,3749,956,1075,93,98
923,242,536,ShamAY0032665,5333,1288,1507,127,53
923,887,1002,Sham19Y0131521,4988,526,657,88,84
923,351,621,JK000201,2028,1,241,179,83
923,281,460,Sham19Y0127660,1721,735,936,109,61
924,1093,1270,Sham19Y0023608,1060,753,964,139,82
924,961,1261,Shamela0001385,104,745,1050,163,56
924,1093,1270,Shamela0008658,3066,1328,1503,136,97
924,1093,1270,Sham19Y0023590,1773,99,276,141,100
924,930,1276,Shamela0012884,1701,1062,1408,277,100
924,1107,1276,Shia002702Vols,2593,1,211,135,80
924,935,1104,ShamAY0034054,1049,123,288,124,88
924,1093,1270,Rafed0003902Vols,1767,259,436,141,100
924,935,1104,Shamela0023623,1090,1018,1183,124,88
924,961,1087,Shamela0012415,764,953,1070,93,92
924,1104,1270,Shamela0008473,1666,1306,1472,132,100
925,1,559,Shamela0012884,1702,197,936,424,70
925,1,559,Shia002702Vols,2593,211,500,88,14
926,1,116,Sham19Y0150676,2451,1250,1365,92,100
926,1,288,ShamIbadiyya0000730,111,1068,1286,129,51
926,1,213,ShamAY0035033,33,815,1189,162,53
926,1,116,Shamela0012286,1099,1433,1548,92,100
927,86,306,Shamela0005858BK1,118,1226,1437,162,90
927,426,582,Sham19Y0001994,42,1349,1505,107,77
927,86,248,Zaydiyya0000336,345,87,519,119,33
927,423,628,JK000532,42,67,309,162,82
927,86,322,Sham19Y0149213,303,333,621,122,48
928,1150,1481,Sham19Y0023618,2594,864,1209,260,92
928,1176,1452,Shamela0021660,3823,1045,1296,188,83
928,950,1424,Shia001989,192,13,459,197,43
928,1150,1481,JK000475,1232,936,1330,204,57
928,950,1131,JK000475,1398,1134,1301,113,74
928,1150,1464,JK000475,1401,894,1248,207,67
928,1150,1481,JK000475,1402,116,546,253,72
928,1146,1334,Sham19Y0149697,9677,1329,1525,146,94
928,1334,1481,Sham19Y0149697,9678,1,200,112,67
928,1238,1481,Sham19Y0011194,155,1,239,191,97
928,1150,1481,Shamela0006227,818,423,847,252,73
928,1146,1481,JK000216,374,30,347,252,94
928,1150,1481,Sham19Y0017350,959,214,540,260,98
928,1150,1392,Shamela0022547,2044,677,925,164,79
928,1192,1481,Shamela0021598,6370,356,649,216,88
928,1212,1481,Shamela0021607,2415,700,964,211,97
928,1150,1481,Sham19Y0018176,1180,654,986,258,95
928,1150,1481,Sham19Y0017437,1493,588,918,254,95
928,947,1137,Sham19Y0017437,1498,630,807,131,85
928,950,1121,JK007064,861,385,534,115,85
928,1249,1481,JK007064,862,1,433,183,51
928,1150,1481,Shamela0022645,1098,871,1229,259,89
928,1011,1387,Shamela0022645,1099,36,952,203,26
928,1150,1419,Sham19Y0020590,255,490,865,209,69
928,1150,1447,Shia002294Vols,553,316,635,216,81
928,950,1137,Shamela0021619BK2,2564,596,772,140,94
928,1150,1481,Shamela0003565,6612,17,352,247,89
928,1150,1481,Sham19Y0016946,449,870,1208,255,93
928,68,438,Shia000841Vols,7439,622,983,271,91
928,1150,1481,Shamela0021715,5045,1125,1457,259,95
928,1170,1459,Shamela0021715,5046,432,1133,215,38
928,950,1121,Sham19Y0131336,1465,88,241,111,80
928,1150,1481,Sham19Y0131336,1644,487,911,253,73
928,1166,1313,Shamela0000140,723,433,1027,113,24
928,1150,1481,Sham19Y0016684,1268,574,906,259,95
928,950,1131,ShamAY0033910,986,777,943,114,75
928,1150,1424,ShamAY0033910,989,1143,1435,201,83
928,1011,1481,Shamela0012014,102,606,1127,271,52
928,1150,1481,Sham19Y0018106,2247,60,392,258,95
928,1150,1481,Sham19Y0013783,3007,690,1040,253,87
928,1150,1481,Shamela0021743,1435,503,829,260,98
928,1150,1481,Sham19Y0018103,2149,941,1272,257,95
928,950,1137,JK000787BK1,773,496,672,140,94
928,1150,1481,JK000110,799,775,1107,259,95
928,1150,1481,Sham19Y0146127,2780,793,1121,219,74
928,950,1121,Sham19Y0146127,2791,1284,1434,112,80
928,1150,1481,Shamela0007264,340,520,845,249,92
928,1170,1392,JK007128,349,65,308,113,60
928,950,1131,JK000130,987,914,1080,114,75
928,1150,1464,JK000130,990,607,961,209,68
928,1301,1481,JK000130,991,1,261,131,58
928,947,1357,Shamela0009242,3085,1159,1558,317,97
928,652,1121,Shamela0009242,3086,865,1241,248,57
928,1137,1464,JK000271,269,377,700,245,91
928,1150,1481,Sham19Y0006538,600,802,1139,251,90
928,1150,1481,Sham19Y0013252,5625,629,961,259,95
928,1150,1481,Sham19Y0013769,1572,251,577,257,97
928,1011,1345,Sham19Y0014224,967,1233,1529,184,68
928,1345,1481,Sham19Y0014224,968,1,132,107,96
928,950,1137,Shamela0021642,3211,778,954,140,94
928,1161,1313,Sham19Y0013577,8137,1130,1282,114,96
928,1161,1313,Sham19Y0123608,1000,604,756,114,96
928,1150,1481,Tafsir06049,478,260,612,248,83
928,1150,1313,Sham19Y0013605,2701,321,498,123,88
928,1298,1481,Sham19Y0013605,2701,1274,1451,144,96
928,947,1481,Sham19Y0127700,273,274,976,384,65
928,68,438,Shamela0021721,3004,1170,1576,271,80
928,1150,1464,JK000477,668,1024,1352,191,63
928,1150,1481,Shamela0096283,250,169,514,258,92
928,1150,1481,Shamela0021599,3317,385,717,241,87
928,1176,1447,Sham19Y0122096,2950,821,1067,184,83
928,950,1137,Shamela0021677,3083,254,434,137,90
928,1150,1481,JK009324,1752,936,1257,258,96
928,1150,1481,JK009324,2971,1105,1437,259,95
928,1049,1481,Shamela0005756,9391,112,579,281,72
928,1170,1481,Shamela0001665,475,1,332,245,90
928,1150,1459,Shamela0023177,328,180,523,225,78
928,950,1121,Sham19Y0148271,2095,322,490,120,84
928,1150,1324,Sham19Y0148486,5142,1272,1465,136,89
928,1324,1481,Sham19Y0148486,5143,1,232,118,61
928,950,1108,Sham19Y0148486,5147,1371,1512,103,84
928,652,839,JK000201,2114,1272,1502,154,81
928,947,1481,Shamela0006610,859,278,796,412,96
928,1150,1269,Shamela0023628,101,1382,1502,91,97
928,1269,1481,Shamela0023628,102,1,241,168,84
928,1150,1373,JK007065,278,1227,1450,176,99
928,940,1121,JK007065,1279,1014,1187,127,87
928,1011,1481,Shamela0025800,2852,219,670,289,67
928,1176,1481,Sham19Y0132962,1939,899,1224,232,88
928,1074,1324,Shamela0006140,521,1231,1475,155,74
928,1324,1481,Shamela0006140,522,1,153,118,88
928,1150,1419,Sham19Y0150600,687,1245,1522,209,93
928,1150,1481,Kraken210809220219,419,343,654,235,87
928,1150,1481,Shamela0005922,2607,653,983,255,95
928,1005,1481,Sham19Y0018259,746,321,883,316,70
928,1150,1481,Shamela0011444BK2,3116,482,869,243,75
928,1161,1481,Sham19Y0020868,528,1,323,251,95
928,1049,1481,Shamela0036446,614,69,528,311,79
928,1150,1481,Sham19Y0016584,2387,504,836,259,95
929,11,156,Sham19Y0023618,2594,1212,1355,110,91
929,1,156,Sham19Y0011194,155,239,390,117,92
929,1,156,Sham19Y0017350,959,540,691,106,82
929,1,156,Shamela0021607,2415,967,1121,115,88
929,1,156,Sham19Y0018176,1180,986,1129,108,87
929,1,156,JK007064,862,433,584,118,93
929,818,971,JK007064,867,297,444,106,87
929,1,156,Shamela0022645,1098,1229,1383,111,86
929,1,169,Shamela0021619BK2,2564,438,592,119,86
929,1,156,Sham19Y0016946,449,1208,1351,109,88
929,1,156,Shamela0021743,1435,829,977,117,94
929,818,978,Shamela0021743,1895,761,930,124,89
929,1,156,Sham19Y0018103,2149,1272,1415,108,87
929,1,169,JK000787BK1,773,338,492,119,86
929,1,156,JK000110,799,1107,1250,109,88
929,1,156,Shamela0007264,340,845,995,120,96
929,818,971,Shamela0007264,344,572,719,106,87
929,801,978,Shamela0009242,2607,1013,1188,130,91
929,843,1161,Shamela0009242,2609,203,404,133,47
929,1,169,Shamela0009242,3086,119,282,131,96
929,1,169,Sham19Y0006538,600,1139,1298,124,91
929,1,156,Sham19Y0013252,5625,961,1104,108,87
929,1,156,Sham19Y0013769,1572,577,727,117,93
929,1,156,Sham19Y0014224,968,132,282,117,93
929,1,156,Shamela0021848BK1,2209,256,404,116,92
929,1,192,Sham19Y0127700,273,976,1139,113,74
929,815,951,ShamAY0036128,6,717,849,104,95
929,1,156,Shamela0096283,250,514,657,108,87
929,1,161,JK009324,1752,1257,1404,108,85
929,1,161,JK009324,2971,1437,1589,117,91
929,11,156,Shamela0001665,475,899,1033,103,88
929,815,951,Sham19Y0148271,1790,416,548,104,95
929,815,951,Shamela0025794,4341,902,1034,104,95
929,801,978,Shamela0006610,719,891,1066,122,84
929,1,169,Shamela0006610,859,796,959,130,95
929,1,156,Shamela0023628,102,241,398,110,83
929,1,156,JK007065,279,104,253,117,94
929,1,156,Shamela0025800,2852,670,814,109,87
929,1,161,Shamela0006140,522,156,316,118,89
929,1,156,Sham19Y0150600,688,63,212,114,91
929,1,161,Shamela0005922,2607,986,1138,109,83
929,1,169,Sham19Y0018259,746,883,1046,131,96
929,1,156,Shamela0036446,614,528,674,115,92
929,1,169,Sham19Y0016584,2387,836,992,114,85
930,529,1131,Sham19Y0150639,319,836,1412,323,54
930,831,1049,Sham19Y0150639,320,1,303,163,66
930,586,892,Shamela0002863,2433,855,1284,182,53
930,586,892,Sham19Y0014538,381,571,1004,186,53
930,298,473,Sham19Y0014538,452,93,289,134,83
930,546,892,Shamela0022547,369,847,1328,167,37
930,625,791,Shia000126Vols,1982,628,792,117,89
930,526,907,Sham19Y0014579,3572,496,893,200,58
930,546,918,Shamela0005923,700,698,1015,146,37
930,854,1291,Sham19Y0127677,9001,688,820,102,29
930,764,1049,Sham19Y0018272,2214,654,962,177,66
930,854,1291,Sham19Y0020944,903,861,996,100,28
930,555,892,Shamela0026324,5656,113,851,202,34
930,586,892,Sham19Y0146127,3503,975,1397,198,59
930,764,1304,Sham19Y0020591,1434,920,1161,134,31
930,578,1049,ShamAY0033531,2840,1,783,359,56
930,529,840,ShamAY0033531,4022,1073,1374,235,95
930,583,1049,ShamAY0033531,4023,16,477,241,55
930,854,1299,Sham19Y0131521,5399,728,870,103,29
930,586,892,Shamela0012703,56,733,1184,193,54
930,873,1277,Shamela0012415,764,460,799,145,39
930,625,892,Sham19Y0148486,6336,36,415,177,59
930,586,1296,Shamela0001875,1134,790,1128,165,29
930,586,892,ShamAY0033945,908,873,1329,187,51
930,586,1291,Shamela0025800,2128,1038,1423,150,26
931,1147,1447,Sham19Y0016934,1241,762,1205,182,50
931,1,127,Sham19Y0150639,318,954,1083,97,95
931,1,127,Sham19Y0014538,382,59,189,95,93
931,1174,1420,Shamela0001727,478,124,406,137,57
931,678,869,JK000753,10,1295,1461,117,72
931,1174,1420,Sham19Y0122406,1324,535,817,137,57
931,1147,1447,Shamela0036543,401,1132,1495,110,29
931,1,127,ShamAY0033531,2839,119,255,100,92
931,1,127,ShamAY0033531,4021,1308,1444,100,92
931,541,678,Zaydiyya0000059,213,1232,1465,103,51
931,1,127,Shamela0001442,870,162,291,97,95
931,1174,1420,Shamela0004289,736,1022,1311,141,57
931,1171,1420,Shamela0005756,4930,1172,1423,145,67
931,1,127,Shamela0025800,2129,107,229,91,92
932,1097,1259,Shamela0012884,1260,1290,1452,129,100
932,213,430,Sham19Y0001994,41,275,500,167,93
932,1105,1289,Shamela0013048,428,507,708,131,75
932,1105,1289,Sham19Y0146127,2358,1,173,119,76
932,213,430,JK000532,39,1172,1395,165,93
932,1126,1289,Shia002406Vols,1556,548,711,128,98
932,1105,1289,Shamela0001733,2009,288,481,131,78
932,1105,1259,Shamela0000767,3592,933,1100,108,75
932,1105,1289,Shamela0012403,230,833,1034,131,75
932,1105,1289,Sham19Y0148486,4385,682,883,131,75
933,508,936,Shamela0002863,1650,434,834,217,50
933,1046,1544,Shamela0012884,1260,154,907,292,46
933,283,597,Shamela0001687,7305,1220,1502,135,40
933,597,968,Shamela0001687,7306,1,481,288,72
933,838,961,Shamela0000551,1870,1046,1188,75,67
933,372,503,Shamela0023632,795,927,1054,99,93
933,508,968,Shamela0002911,35,689,975,198,54
933,1097,1399,Shia002702Vols,1860,463,886,164,49
933,283,601,Shia003965Vols,10028,1261,1546,138,41
933,601,968,Shia003965Vols,10029,1,482,287,73
933,796,968,Sham19Y0016782,83,1,252,132,64
933,771,961,Sham19Y0013231,1137,551,783,119,60
933,847,1389,ShamAY0033075,26,258,588,131,25
933,1272,1389,Shamela0026324,1282,1,118,89,96
933,1157,1381,Sham19Y0014325,4520,136,328,114,63
933,379,503,Shia002616Vols,1680,1201,1326,97,97
933,508,968,Sham19Y0013631,189,519,785,164,42
933,516,968,JK007040,1683,656,1263,339,67
933,1219,1526,Shia002119Vols,2095,316,567,75,21
933,508,968,Shia003923Vols,156,613,1032,233,49
933,447,968,Sham19Y0017829,130,1028,1503,261,52
934,472,645,Shia002914Vols,144,104,275,138,98
934,687,1016,Shamela0011437,300,1229,1564,261,97
934,283,451,ShamAY0034199,530,812,1205,104,31
935,197,1142,Shamela0021593,1060,34,1537,545,40
935,1233,1425,Shia002924Vols,498,283,477,154,96
935,193,818,Shamela0011437,301,619,1269,479,88
936,791,1228,ShamAY0032376,418,1132,1608,307,72
936,1,177,Shamela0011814,91,67,413,144,50
938,917,1344,Shamela0002863,1795,332,945,265,53
938,917,1274,Kraken211201162527,188,681,1326,274,53
938,1012,1179,Shia002463Vols,85,1306,1475,118,85
938,1027,1210,ShamAY0034050,281,7,179,129,89
938,917,1200,ShamAY0034050,660,272,556,199,85
938,1021,1344,Sham19Y0148486,4783,238,720,180,46
938,1012,1214,Shamela0003328,100,1170,1372,138,84
938,937,1100,Sham19Y0014088,190,289,452,125,96
938,917,1344,Shia000820Vols,2642,455,1177,325,56
939,612,967,JK000212,61,412,771,289,97
939,612,967,Kraken211201162527,414,302,672,289,94
940,531,910,JK000212,5,779,1190,278,79
942,1077,1188,Shamela0005858BK1,252,264,375,90,100
942,723,969,Zaydiyya0000010,322,46,305,171,76
942,738,969,Zaydiyya0000010,476,1012,1236,122,52
942,581,981,Sham19Y0133369,310,942,1346,241,65
942,558,969,Shia001237Vols,3868,1,413,208,53
942,423,681,Sham19Y0014827,611,949,1163,163,77
942,451,981,Sham19Y0149697,5047,716,1388,298,52
942,406,661,Sham19Y0016934,5929,1312,1549,172,83
942,661,969,Sham19Y0016934,5930,1,311,198,74
942,406,838,Shamela0021731,958,994,1369,256,69
942,423,991,Sham19Y0011194,151,204,747,389,79
942,423,1133,Shamela0000427BK2,3331,726,1397,359,57
942,423,991,Shia001913Vols,503,70,764,344,53
942,770,1015,Shia003461Vols,873,397,651,174,80
942,581,981,Shamela0021607,1234,813,1418,245,46
942,581,981,Shamela0000091,3334,174,620,246,64
942,446,991,ShamAY0034073,5210,11,517,360,77
942,423,1015,Shamela0021744,2280,388,1300,382,49
942,423,969,Shia000126Vols,743,91,634,284,56
942,406,981,Shamela0008463,4143,131,675,375,77
942,423,969,Shia000033Vols,1617,794,1337,278,54
942,423,677,Shamela0006172,553,1228,1600,180,57
942,697,981,Shamela0006172,554,1,292,191,78
942,548,991,Shamela0011428,1297,7,426,262,65
942,415,838,JK010001,2865,1017,1307,167,48
942,423,969,Shia000841Vols,7922,503,1030,364,78
942,423,866,Zaydiyya0000149,161,1156,1444,217,62
942,423,1015,Sham19Y0131336,1325,639,1184,399,81
942,406,969,Rafed0002905Vols,8524,730,1174,320,68
942,406,981,Sham19Y0019188,4450,683,1220,369,76
942,494,854,ShamAY0036736,312,989,1383,170,44
942,423,991,Sham19Y0016546,1035,1045,1439,247,50
942,465,969,Zaydiyya0000361,733,343,778,219,45
942,479,991,Sham19Y0020944,481,1,497,360,82
942,401,1015,Shamela0117359,549,528,1110,412,80
942,581,981,Shamela0021589,1089,557,1205,243,45
942,418,1015,Shamela0021743,477,770,1317,387,77
942,423,1015,Shamela0021743,1277,149,725,396,77
942,156,1015,Shamela0005815,5,429,1327,454,52
942,423,857,Sham19Y0017798,1668,1082,1464,242,67
942,728,969,Tafsir09050,4311,9,232,120,52
942,423,1015,Sham19Y0014309,512,529,1084,402,81
942,418,697,Shamela0009978,56,75,338,190,80
942,415,796,Tafsir07055,2987,1240,1507,138,43
942,723,991,Zaydiyya0000274,640,964,1273,190,71
942,406,969,Shia003732Vols,3879,824,1435,311,54
942,728,917,Sham19Y0146127,2578,9,256,111,55
942,401,991,Sham19Y0146127,2580,335,796,299,57
942,423,943,Shamela0008176,4200,958,1499,352,76
942,518,969,Shamela0021713,1495,135,630,257,61
942,423,969,JK000272,1162,481,1014,362,78
942,423,950,Shamela0021739,622,18,528,337,74
942,423,1015,Shamela0009242,2933,331,889,399,79
942,423,1015,Shamela0009242,2934,247,805,399,79
942,723,969,Masaha001946Vols,474,970,1242,181,79
942,423,783,Sham19Y0020591,800,917,1466,239,49
942,783,1015,Sham19Y0020591,801,1,249,168,82
942,423,1015,JK000299,1962,336,910,383,73
942,423,761,Shia001395Vols,402,1177,1499,194,64
942,761,969,Shia001395Vols,403,1,189,96,50
942,465,969,Zaydiyya0000267,1113,505,933,225,47
942,738,969,Zaydiyya0000267,1625,701,912,114,50
942,423,950,JK005200,940,800,1505,214,34
942,406,900,Shamela0021590,1089,1064,1333,172,43
942,406,991,ShamAY0033181,836,910,1445,333,63
942,406,681,Sham19Y0018607,1894,808,1080,179,74
942,723,974,Tafsir06049,6288,82,352,135,55
942,423,981,Shamela0021721,3323,44,752,373,61
942,539,904,Shamela0021821,1829,752,1205,176,43
942,503,1015,Sham19Y0131521,3129,1,476,345,80
942,465,969,Zaydiyya0000054,280,5,442,232,48
942,423,1015,Sham19Y0013667,6043,4,532,367,72
942,728,969,ShamIbadiyya0000193,4165,131,354,120,52
942,423,991,Shamela0001442,735,852,1277,298,63
942,406,969,Shamela0002215BK1,27,343,876,334,68
942,406,677,Sham19Y0014313,1529,35,279,188,87
942,423,991,Tafsir09085,713,50,558,363,75
942,423,969,Sham19Y0020561,1679,830,1293,320,68
942,494,917,Sham19Y0148486,4786,999,1464,197,43
942,423,991,Sham19Y0148486,4790,553,1080,382,79
942,410,815,Shamela0001875,1228,1123,1468,261,81
942,815,991,Shamela0001875,1229,1,203,139,86
942,423,1015,Shamela0006610,815,771,1314,372,74
942,472,969,Shamela0023628,3383,1,465,329,77
942,176,884,Sham19Y0014601,3507,277,1163,351,39
942,484,1015,Sham19Y0014601,3508,14,802,304,45
942,423,889,Shamela0025800,2093,1050,1469,309,79
942,415,871,Shamela0010517,2199,1100,1494,304,84
942,406,755,Shamela0005922,2429,1169,1467,226,80
942,755,991,Shamela0005922,2430,1,262,179,85
942,406,831,Shamela0021766,4379,1129,1472,255,75
942,472,1015,Sham19Y0018259,360,1,503,365,80
942,494,991,Sham19Y0017903,661,1,505,337,74
942,575,1015,Sham19Y0022884,229,1,423,293,78
942,410,1015,Shamela0036446,515,903,1423,380,75
944,1,262,Masaha002979Vols,1191,727,922,130,60
944,1,366,Masaha003709,84,317,710,247,69
944,12,172,Zaydiyya0000358,122,1426,1577,118,88
944,1,214,Shamela0012286,1336,508,708,161,92
944,931,1353,ShamAY0033531,3220,303,686,278,79
944,931,1235,ShamAY0033531,4402,1276,1564,201,78
944,1,357,ShamIbadiyya0000135,131,96,368,188,65
944,1,214,Kraken210630005153,7431,898,1121,164,87
944,931,1353,Shamela0023628,724,90,502,278,71
945,1,172,Shamela0003485,41,120,360,120,58
945,1,172,Sham19Y0023590,1160,442,579,106,78
945,470,640,Shamela0008463,4816,336,493,125,91
945,470,640,Sham19Y0019188,5115,19,176,125,91
945,1,177,Rafed0001792Vols,1332,953,1119,104,71
945,1,172,ShamAY0033531,3220,769,936,127,89
945,1,172,ShamAY0033531,4403,179,346,127,89
945,1,168,Shamela0037458,719,1366,1603,118,58
945,1231,1351,ShamAY0034199,554,10,131,93,96
945,1,172,Shamela0023628,724,585,752,127,89
946,87,673,Shamela0021593,970,459,1390,400,52
946,398,678,Zaydiyya0000015,1648,957,1189,156,68
946,398,673,Shamela0006336,740,952,1225,188,80
946,113,673,Sham19Y0032476,915,738,1382,300,54
946,29,795,Shamela0011437,260,41,991,604,79
946,1210,1342,Shamela0011437,261,1465,1598,106,98
946,113,245,Sham19Y0147104,591,962,1079,90,87
947,968,1356,ShamAY0035990,308,1030,1420,304,95
947,914,1356,Shamela0008176,3858,176,589,229,52
947,204,476,Shamela0012286,2652,118,398,220,97
948,872,1005,Shamela0021629,261,497,631,103,97
948,1156,1297,Shia001989,146,1045,1209,89,71
948,816,1005,Shamela0003485,377,686,876,147,97
948,354,576,Sham19Y0013241,1154,1,259,140,62
948,1177,1297,Sham19Y0122257,1746,531,651,93,100
948,218,336,Sham19Y0122257,1814,279,411,88,86
948,1177,1297,Sham19Y0018176,839,975,1111,91,86
948,1181,1292,Sham19Y0127713,1379,917,1033,80,90
948,1174,1325,Sham19Y0020587,592,1189,1380,105,71
948,1177,1297,Shamela0008360,438,456,576,93,100
948,1174,1297,JK006897,349,228,351,95,100
948,1166,1313,Shia000841Vols,4400,1233,1377,104,85
948,1181,1292,Shamela0009804,285,434,531,69,81
948,1177,1297,JK000734,194,795,925,88,88
948,340,539,Shamela0021715,3653,253,543,150,65
948,1174,1297,Shamela0022848,276,304,428,80,78
948,807,1005,Shamela0000782,416,332,531,151,96
948,816,1005,Sham19Y0013223,1119,314,517,147,91
948,816,1005,Sham19Y0020944,374,1084,1277,150,97
948,807,1005,Shamela0117359,444,405,596,147,94
948,1177,1297,Sham19Y0018106,1555,1144,1280,91,86
948,816,1005,Shamela0021743,509,188,390,150,93
948,1177,1297,Sham19Y0018103,1568,395,529,91,88
948,1181,1297,JK000110,514,1235,1366,87,85
948,1174,1297,ShamAY0034282,2307,255,382,80,76
948,36,336,Shamela0008176,3862,253,510,124,44
948,1177,1297,Shia002240Vols,432,1194,1314,93,100
948,857,1005,Shamela0006947,21706,1,150,115,97
948,1,142,Shamela0009242,2521,1142,1286,110,95
948,1,154,Shamela0009242,2524,935,1113,119,83
948,149,570,Shamela0009242,2525,283,693,322,95
948,1177,1297,Sham19Y0145212,1959,596,716,93,100
948,807,1005,Sham19Y0020591,628,1077,1268,148,94
948,332,539,ShamAY0033531,2499,808,1081,158,72
948,1174,1297,ShamAY0032665,1460,557,690,90,88
948,1177,1297,Sham19Y0013605,2080,1013,1149,91,86
948,807,1005,Sham19Y0131521,2482,236,427,148,94
948,807,1005,Sham19Y0013667,3463,257,441,131,79
948,1177,1297,JK009324,1989,666,779,83,88
948,807,1005,Shamela0000767,906,1022,1227,147,86
948,336,539,Shamela0001442,657,1076,1342,154,72
948,853,1005,Shamela0000432,5259,236,393,118,94
948,1177,1297,Shamela0005756,7249,707,849,91,83
948,819,1005,Sham19Y0095660,21,807,1007,145,91
948,1177,1297,Shamela0010657,940,824,945,78,78
948,1166,1313,Sham19Y0020561,1568,1331,1497,101,75
948,1174,1313,Shamela0001875,995,90,227,101,92
948,1,142,JK000201,2057,443,588,111,95
948,325,539,Sham19Y0014601,4943,507,780,153,69
948,1174,1297,JK007065,371,430,553,95,100
948,1166,1297,Shamela0005922,1937,1089,1223,99,95
948,1177,1297,Sham19Y0018259,552,243,382,92,85
948,1174,1297,Shia000820Vols,3672,160,293,90,88
949,394,530,Sham19Y0018176,1028,407,539,105,97
949,394,530,Masaha001864Vols,2574,1060,1186,100,92
949,394,530,Shamela0021715,4397,255,387,105,97
949,394,530,Sham19Y0018106,1936,699,831,105,97
949,895,1127,Masaha004768Vols,741,122,251,72,41
949,394,530,Sham19Y0018103,1897,567,699,105,97
949,406,530,JK000110,669,1,125,99,100
949,895,1136,Shamela0002022,292,99,465,119,39
949,394,530,Sham19Y0146127,1783,584,769,92,56
949,397,530,Sham19Y0013252,4923,1,130,103,96
949,406,530,Sham19Y0013572,1446,306,412,79,79
949,745,1272,Shamela0011437,260,997,1545,407,92
949,1272,1418,Shamela0011437,261,1,145,111,96
949,895,1136,Sham19Y0014280,1056,334,702,119,39
949,406,530,JK009324,2667,566,689,96,97
949,394,530,Shamela0000347,549,715,847,105,97
949,394,530,Shamela0005756,8569,676,1038,102,35
949,394,530,Sham19Y0148486,3397,469,768,105,43
949,394,530,JK007065,605,1158,1290,105,97
949,394,530,Sham19Y0127656,335,384,501,85,78
949,976,1418,Sham19Y0029676,600,1,251,197,56
949,394,530,Sham19Y0016584,2078,861,993,105,97
949,394,530,ShamAY0038083,209,342,474,105,97
950,1027,1322,Sham19Y0016562,549,141,445,234,93
950,275,500,Shamela0021593,973,742,973,177,89
950,791,1365,Shamela0021593,974,280,862,420,84
950,562,739,Shia002761Vols,1602,1387,1533,98,67
950,1036,1322,Masaha004768Vols,740,1,298,165,60
950,562,813,Sham19Y0032193,432,995,1286,167,68
950,562,813,Zaydiyya0000266,363,1150,1463,159,56
950,1027,1322,Shamela0006319,255,9,363,146,46
950,1027,1322,Shia002924Vols,415,1209,1492,202,78
950,6,830,Shamela0011437,261,149,1020,656,92
950,820,1617,Shamela0011437,262,73,857,620,95
950,562,813,Sham19Y0133411,1274,1251,1580,170,59
950,562,758,Shia002755,83,823,1291,134,35
950,1027,1322,Sham19Y0147104,592,1000,1303,234,93
951,336,513,Sham19Y0023618,2338,5,212,115,67
951,107,781,Shamela0021593,974,873,1349,270,48
951,1,682,Shamela0011437,262,857,1565,525,91
951,689,869,Shamela0011437,263,1,181,141,98
951,1,237,Sham19Y0132415,779,1218,1459,191,95
952,71,249,Shamela0021593,966,602,816,142,83
952,27,249,Shamela0011437,259,1130,1367,167,88
952,268,939,ShamAY0034199,554,167,848,544,98
953,1103,1467,Shamela0021593,963,479,1355,229,29
953,1090,1557,Shamela0011437,257,808,1543,363,60
953,856,1050,Shamela0011437,258,456,689,153,78
954,80,803,Shamela0021593,964,1195,1591,151,25
954,352,511,Shia002924Vols,412,310,468,127,97
954,31,874,Shamela0011437,258,885,1557,426,57
955,543,686,Shia002914Vols,551,648,822,113,81
955,378,686,Shamela0004473,13165,211,701,92,19
956,709,822,Sham19Y0018570,143,400,495,74,84
956,1345,1586,ShamAY0032376,393,593,778,105,52
956,709,822,Shamela0008156,428,412,507,73,83
956,690,822,Shamela0008156,429,1389,1505,82,78
956,690,822,Kraken211201162527,168,770,912,104,92
956,55,549,Masaha004768Vols,744,1226,1543,150,35
956,709,822,JK009151,579,1432,1527,73,83
956,709,822,JK009151,580,946,1041,73,83
956,709,822,Sham19Y0032193,471,579,674,73,83
956,680,822,Sham19Y0122256,700,681,823,106,93
956,64,235,Shia002924Vols,457,1431,1597,127,91
956,235,739,Shia002924Vols,458,1,742,365,58
956,650,822,Shia002924Vols,458,1321,1522,123,77
956,709,822,Sham19Y0133411,1363,1371,1467,73,82
957,1220,1340,Shamela0012019,408,1103,1270,81,61
957,628,1472,JK000212,29,1,1020,670,81
957,1223,1340,Shamela0006336,822,1,134,79,75
958,1,419,JK000212,29,1020,1581,297,62
960,34,708,ShamAY0035990,237,133,992,471,69
960,617,763,Sham19Y0127660,1240,1056,1207,87,61
961,1191,1457,Shamela0021608,943,1304,1606,162,57
961,1219,1488,Shamela0008526,204,1242,1470,164,75
961,1191,1496,Shamela0006280,89,39,406,202,61
961,1247,1478,Shamela0009059BK1,1693,490,693,136,70
961,230,515,Shamela0021593,1006,1186,1473,181,69
961,1247,1496,Sham19Y0013783,1752,1,306,164,59
961,1228,1504,Sham19Y0127671,1010,1297,1529,167,71
961,945,1504,Sham19Y0014325,4096,261,623,234,48
961,1224,1496,ShamAY0034251BK3,1584,1074,1300,168,74
961,1228,1504,Shia000089Vols,4427,798,1044,184,81
961,1228,1478,Shamela0021848BK1,1193,1126,1326,147,74
961,945,1496,Sham19Y0013577,2907,560,915,229,47
961,1224,1488,Shamela0006289,160,724,935,163,75
961,186,522,Shamela0011437,285,810,1094,229,82
961,1228,1488,Kraken21033110,379,161,410,162,70
961,1224,1488,Rafed001344,95,1226,1472,185,82
961,1224,1457,Sham19Y0020561,599,988,1192,138,68
961,1224,1496,Sham19Y0132962,839,1115,1338,166,74
961,911,1593,Sham19Y0147104,606,591,1333,490,78
962,300,465,Sham19Y0018274,188,343,494,120,89
962,492,1148,Shia002702Vols,7385,1005,1622,486,91
962,1148,1606,Shia002702Vols,7386,1,570,340,74
962,140,1039,Shamela0002022,299,331,1078,176,16
962,982,1525,Sham19Y0032193,483,28,366,186,42
962,1085,1266,Shamela0006319,237,615,974,106,37
962,492,1210,Shia002924Vols,469,871,1557,542,91
962,1210,1606,Shia002924Vols,470,1,512,318,77
962,1,203,Shamela0011437,285,1165,1367,167,100
962,140,798,Sham19Y0014280,1091,118,704,166,24
962,300,472,Sham19Y0133411,1386,142,316,136,94
962,798,1266,Sham19Y0127717,353,246,652,258,63
962,275,472,Sham19Y0147104,1587,1074,1273,150,87
963,447,564,Shamela0021593,1008,599,727,91,89
963,1,440,Shia002702Vols,7386,570,1134,304,62
963,1,440,Shia002924Vols,470,512,1079,344,73
963,447,633,Shamela0011437,286,1478,1668,140,90
964,665,881,Shamela0001673,3098,993,1199,156,89
964,665,881,ShamAY0034263,132,416,623,155,89
964,665,881,Shamela0009242,1746,945,1153,163,94
965,1406,1567,Shamela0007038,882,967,1129,116,80
965,168,845,Shamela0002573,2135,898,1504,156,19
965,168,1161,Shamela0011437,337,548,1574,628,62
965,1176,1379,Shamela0011437,339,178,388,146,85
965,1406,1567,ShamAY0034199,1047,1216,1362,116,88
966,1130,1340,Tafsir08090,835,1090,1273,138,83
966,938,1113,ShamAY0033108,787,752,1050,114,44
966,544,824,Shamela0007370,2244,1263,1543,224,100
966,824,1113,Shamela0007370,2245,1,406,231,71
966,1099,1340,ShamAY0034052,855,604,845,181,92
966,1118,1340,Shamela0023591,3683,646,848,160,90
966,938,1113,Tafsir02091,979,632,930,114,44
967,32,234,Shia002356Vols,498,1312,1509,133,76
967,19,234,ShamAY0034052,855,869,1134,169,79
967,831,1329,Shamela0021593,1196,349,1149,204,27
967,19,234,Sham19Y0020891,2549,128,394,169,78
967,380,570,ShamAY0034054,1582,703,893,147,93
967,1,172,Shamela0001394,616,1021,1208,104,62
967,846,1494,Shamela0011437,342,1,561,440,83
967,380,570,Shamela0023623,1644,1034,1224,147,93
968,1,503,Shamela0021593,1197,1006,1563,249,49
968,527,751,Shamela0021593,1198,20,217,146,77
968,312,569,Shamela0006319,144,579,835,134,53
968,1,751,Shamela0011437,342,566,1269,524,84
968,1438,1571,Shamela0011437,343,433,565,106,99
969,420,588,ShamAY0032864,8,165,338,127,87
969,420,588,Zaydiyya0000361,556,398,578,128,85
969,420,886,Sham19Y0020944,399,151,485,172,42
969,423,593,JK007116,44,1,184,121,76
969,448,593,Sham19Y0014325,2660,1,145,107,86
969,420,588,Sham19Y0020591,668,337,507,125,85
969,420,588,Shamela0029738,7,800,973,127,87
969,39,253,Sham19Y0032476,618,1042,1403,138,42
969,1,253,Shamela0011437,343,565,840,199,83
969,420,588,Shamela0001442,403,843,1013,125,85
969,420,593,Shamela0010657,878,986,1158,119,76
969,420,588,Shamela0025794,912,785,952,122,84
969,420,593,JK009154,160,285,450,117,79
969,420,593,JK000221,436,976,1148,119,76
970,1,246,Shamela0011437,343,1356,1579,180,89
972,864,1097,Shamela0001673,8071,744,968,173,91
972,695,1206,JK007064,512,214,567,248,60
972,443,1076,Shamela0000791,347,261,1140,203,23
972,323,620,Shamela0008381,4803,793,998,150,60
972,18,199,Sham19Y0035312,40,1357,1549,107,63
972,316,1085,Shamela0021743,1347,393,733,228,35
972,313,600,ShamAY0033075,37,845,1194,191,69
972,695,968,Shamela0007264,179,1313,1556,191,85
972,31,199,Sham19Y0151010,195,751,980,88,41
972,313,620,Shamela0009242,2991,9,240,171,66
972,620,1227,Shamela0009242,2992,288,966,482,86
972,702,1342,Sham19Y0150962,1060,1023,1380,156,28
972,313,620,Shamela0006610,833,879,1110,171,66
972,626,1037,Sham19Y0014601,3598,1052,1477,179,44
972,1037,1387,Sham19Y0014601,3599,1,419,231,60
973,868,1112,Shamela0008540,1537,89,311,172,87
973,871,1112,Sham19Y0149697,1440,1109,1352,181,90
973,1176,1330,Sham19Y0122257,860,397,526,94,78
973,324,480,Sham19Y0127677,15423,845,1024,121,85
973,868,1156,Sham19Y0020944,252,1163,1469,228,93
973,868,1112,Shamela0117359,323,1185,1441,188,90
973,859,1112,Shamela0006025,213,1141,1372,167,82
973,868,1112,Shamela0009107,564,251,489,165,81
973,868,1061,Sham19Y0146127,884,345,485,104,68
973,868,1112,Shamela0021729,27,663,920,184,86
973,859,1124,Sham19Y0014325,1047,812,1104,190,78
973,1156,1334,ShamAY0033531,1010,564,724,119,82
973,879,1330,Shamela0007891,587,196,658,258,63
973,868,1112,ShamAY0032763,2,253,503,159,69
973,871,1112,Sham19Y0014297,884,322,698,171,56
973,871,1112,ShamAY0034200,1047,1142,1407,173,76
973,1152,1330,Shamela0004473,9909,446,602,121,86
973,868,1071,Shamela0007289,6929,1392,1612,159,91
973,992,1334,Shamela0001442,209,9,272,208,76
973,853,1152,Shamela0005756,2208,645,937,194,73
973,868,1112,Shamela0025794,69,101,349,187,92
973,868,1124,Sham19Y0148486,1724,793,1066,189,87
973,333,572,JK000533,2790,1034,1360,147,57
973,868,1112,JK009154,323,327,533,148,71
973,871,1112,Shamela0009508,954,343,615,173,75
973,868,1112,Shamela0001719,2068,488,723,184,94
973,868,1112,Shamela0001719,2961,1087,1333,187,92
973,868,1119,Shamela0003722,3992,411,646,181,88
974,408,780,Shia003408Vols,1784,994,1460,244,60
974,408,743,Shia002356Vols,1480,148,553,213,59
975,1066,1340,Shamela0006739,356,683,977,72,21
975,278,693,Sham19Y0150676,2893,397,569,120,36
975,300,675,Shamela0007370,787,242,377,103,34
975,1256,1403,Sham19Y0022797,437,1074,1482,103,32
975,1240,1422,Shamela0009702,58,662,854,142,93
975,1240,1422,Kraken220413030759,910,738,935,140,89
975,300,703,Sham19Y0020944,824,1086,1258,127,38
975,300,678,Shamela0117359,862,709,847,105,34
975,300,678,Shia002616Vols,1992,431,573,105,34
975,278,693,Shia002616Vols,2329,1174,1346,120,36
975,389,632,ShamAY0033531,2580,247,487,190,98
975,470,632,ShamAY0033531,3763,1,160,126,97
975,300,678,Sham19Y0131521,5008,1121,1259,105,34
975,300,632,Shamela0001442,948,148,527,255,84
975,300,693,Zaydiyya0000407,457,431,564,102,31
977,644,885,Shamela0001442,273,1098,1406,172,70
978,838,1280,Sham19Y0017881,541,299,1200,204,26
978,671,1289,Shamela0021608,1075,608,1262,477,87
978,382,646,ShamAY0034703,1255,213,673,51,9
978,821,1289,ShamAY0034200,760,1078,1558,379,95
978,775,1289,Shamela0009508,695,12,538,416,95
979,1117,1286,Shia002914Vols,168,76,230,120,87
980,850,974,ShamAY0034263,398,4,125,88,90
980,507,982,Sham19Y0017437,1453,547,963,310,78
980,816,982,Shamela0021743,1329,332,485,118,89
980,493,982,Shamela0006947,8181,50,499,322,76
980,496,982,Shamela0009242,3004,329,761,320,78
980,721,982,Shamela0009242,3005,1,245,188,86
980,925,1233,Shamela0001442,684,251,541,211,85
980,496,969,Shamela0006610,837,887,1346,300,70
981,687,989,Shamela0000427BK2,7523,735,1367,200,40
981,1149,1317,Sham19Y0018176,1969,546,705,123,90
981,687,888,Shamela0011428,1999,632,864,157,85
981,1149,1317,Shamela0021715,8256,681,836,120,88
981,695,888,Shamela0000782,476,1189,1381,149,97
981,1149,1317,Sham19Y0018106,3366,676,835,123,90
981,1149,1317,Sham19Y0018103,3254,1224,1379,120,88
981,1141,1308,ShamIbadiyya0000438,652,202,354,121,88
981,1149,1317,JK000110,1423,507,666,123,90
981,1149,1317,Sham19Y0013252,7938,630,785,120,88
981,687,959,ShamAY0033181,1667,486,829,133,49
981,687,959,Shamela0011385,1909,945,1290,175,60
981,1149,1317,Sham19Y0013605,3881,1126,1285,123,90
981,1149,1317,Shamela0005756,12747,139,294,120,88
981,861,1008,Kraken2108092202141,990,1,272,96,45
981,681,888,Shamela0005922,3103,304,536,157,83
981,1149,1317,Sham19Y0016584,3638,1194,1349,120,88
982,902,1228,Masaha002979Vols,1208,153,622,219,55
982,905,1129,Shia003895Vols,575,1131,1405,175,75
982,902,1160,Shia002356Vols,1505,1114,1377,150,60
982,902,1200,ShamIbadiyya0000730,206,456,775,201,70
982,902,1066,Rafed0002452,426,711,842,105,79
982,905,1228,Sham19Y0151010,159,1,202,150,57
982,905,1160,Shamela0012286,3239,1105,1444,187,65
982,905,1180,Shia002754,92,1176,1517,166,54
982,905,1200,Shamela0000435,70,1049,1395,216,72
983,270,477,Sham19Y0145166,490,1366,1554,145,88
983,221,439,Shamela0012872,209,1,211,158,89
983,270,616,Shamela0021659,459,913,1266,270,95
983,270,632,Shamela0023685,334,1098,1461,274,92
983,195,439,JK000581,6,401,643,171,84
983,195,587,JK000475,465,222,535,220,69
983,195,616,Sham19Y0011194,96,580,1033,325,89
983,202,616,Sham19Y0017350,586,1110,1558,320,89
983,195,616,Sham19Y0018176,631,383,831,325,91
983,198,616,Shamela0037837,410,460,1125,283,53
983,202,616,Sham19Y0017437,731,260,709,320,89
983,270,616,Shamela0001975,351,393,746,270,95
983,187,616,Shamela0008381,2825,580,1035,320,87
983,202,529,Shamela0022645,532,1201,1556,253,90
983,187,616,Sham19Y0147313,2275,831,1285,332,91
983,187,508,Sham19Y0020590,138,541,1005,212,58
983,226,632,Sham19Y0014579,1035,1,423,312,91
983,216,496,Sham19Y0009763,47,1325,1648,215,83
983,195,616,JK007107,349,358,806,325,91
983,195,632,Sham19Y0131336,1150,709,1148,327,90
983,195,616,Sham19Y0018106,1190,217,665,325,91
983,195,616,Sham19Y0018106,2833,334,784,322,89
983,195,616,Sham19Y0018103,1251,831,1279,325,91
983,195,616,Sham19Y0018103,2734,678,1128,321,89
983,195,525,JK000110,364,1098,1455,254,89
983,195,616,JK000110,1123,46,498,324,89
983,195,616,Shamela0004445,2198,367,798,325,94
983,195,616,Sham19Y0146127,1217,227,654,325,95
983,195,616,Sham19Y0146127,2206,811,1202,298,87
983,270,616,Shia002265Vols,1878,21,374,270,95
983,195,616,Sham19Y0018144,188,1047,1475,292,81
983,195,439,JK011548,5,1152,1362,154,78
983,251,616,Masaha001946Vols,743,505,865,277,94
983,195,616,Sham19Y0013252,6709,367,817,321,89
983,202,616,Sham19Y0013769,888,476,937,320,87
983,202,616,Sham19Y0014224,531,145,600,320,88
983,195,616,ShamAY0032665,188,1055,1483,292,81
983,264,616,JK009390,635,1015,1378,272,93
983,195,654,Sham19Y0017885,494,1,447,322,86
983,1114,1350,Shamela0011437,322,678,913,187,98
983,198,525,Shamela0004473,17023,318,689,253,86
983,187,632,Kraken22021817402401,28,803,1273,335,87
983,226,616,Shamela0009795,209,1042,1436,289,87
983,198,616,Shamela0005772,47,715,1051,253,75
983,198,525,JK009324,1085,1139,1475,245,91
983,195,662,Shia001918,20,319,758,291,73
983,187,632,Shia001657Vols,324,377,828,319,82
983,195,616,Shamela0004289,802,225,677,323,89
983,195,616,Shamela0005756,5631,699,1157,325,89
983,212,644,Shamela0001665,281,20,464,325,91
983,240,616,Shamela0012415,233,1,386,294,95
983,195,692,Sham19Y0020561,1498,616,1169,358,81
983,195,487,Sham19Y0148486,2328,1151,1455,225,93
983,195,632,Sham19Y0148486,4119,351,809,329,89
983,270,632,Shamela0026568,312,371,736,273,92
983,181,569,Rafed0000167,7,406,833,298,87
983,202,616,Shamela0025800,2302,285,727,320,90
983,202,616,Sham19Y0150600,371,694,1124,312,88
983,198,508,Shamela0005922,1496,1102,1453,235,85
983,270,525,Shamela0005922,2207,1384,1548,117,58
983,226,616,ShamAY0034443,189,85,493,285,81
983,195,616,Sham19Y0016584,1326,736,1184,325,91
983,195,616,Sham19Y0016584,3061,20,470,321,89
984,147,482,ShamAY0037541,77,1360,1549,141,51
984,124,482,ShamAY0034200,364,957,1325,282,94
984,162,423,ShamAY0034199,94,1171,1485,171,63
984,124,482,Shamela0009508,338,420,788,282,94
985,373,868,JK009151,485,383,868,211,47
985,373,888,Shia002924Vols,407,1116,1492,182,38
985,378,531,Sham19Y0020983,170,1118,1279,97,68
985,373,1120,Sham19Y0147104,580,369,1236,489,64
986,273,391,Shamela0021593,908,1432,1551,92,98
986,954,1061,Shamela0021593,909,1369,1476,86,100
986,391,954,Shamela0021593,909,1,623,422,84
986,1061,1286,Shamela0021593,910,1,218,151,81
986,577,1187,Shamela0002022,320,1110,1480,112,23
986,273,454,Sham19Y0122142,335,1161,1363,93,56
986,273,606,Shamela0011437,252,1187,1527,261,96
986,610,1427,Shamela0011437,253,62,1280,637,65
986,577,1187,Sham19Y0014280,1156,929,1317,112,23
986,192,497,Shamela0011498,50,1047,1239,116,48
987,28,691,Shamela0021593,912,286,908,370,59
987,1066,1525,Shamela0021593,913,357,1085,327,53
987,1,235,Shamela0011437,253,1280,1467,150,79
987,1053,1380,Shamela0011437,254,1154,1627,244,62
987,235,716,Shamela0011437,254,1,528,375,87
987,1380,1537,Shamela0011437,255,1,162,122,96
988,372,885,Shamela0021593,912,969,1605,284,47
988,20,212,Shamela0021593,914,204,473,145,64
988,1283,1593,Sham19Y0122256,198,571,819,166,63
988,1,547,Sham19Y0032476,1021,1303,1630,198,43
988,547,975,Sham19Y0032476,1022,1,364,171,43
988,358,992,Shamela0011437,254,539,1161,450,80
988,1,212,Shamela0011437,255,172,379,171,96
988,998,1593,Shamela0011814,99,183,950,435,67
988,224,609,Shamela0011814,99,31,345,151,47
989,772,1426,JK000781,115,655,1300,522,98
990,8,446,Shamela0021593,920,1066,1373,206,53
990,1316,1491,Masaha004768Vols,797,1,193,105,64
990,1,576,Shamela0011437,255,966,1526,438,94
990,1260,1418,ShamAY0034199,1071,1069,1188,70,53
990,1076,1517,ShamAY0034180,366,740,1182,340,95
991,993,1485,Sham19Y0145166,457,976,1537,266,48
991,1036,1505,Shamela0001438,6177,564,1057,300,66
991,993,1485,Shamela0023685,243,297,734,337,81
991,1028,1573,Masaha002028Vols,2358,281,699,272,55
991,1013,1485,Shia001989,205,1079,1519,278,66
991,993,1485,JK000475,56,58,490,298,71
991,993,1573,Sham19Y0023608,988,508,1077,341,60
991,993,1520,Sham19Y0018176,1544,995,1490,367,79
991,993,1292,Sham19Y0018176,2090,1273,1533,196,76
991,968,1365,JK000917,515,1223,1592,272,80
991,1365,1608,JK000917,516,1,251,182,85
991,1009,1530,ShamAY0034441,311,400,923,233,45
991,993,1573,Sham19Y0020638,761,781,1353,179,27
991,993,1485,Shamela0006590,381,632,1069,337,80
991,1212,1573,Sham19Y0145435,5272,1,362,268,84
991,1028,1530,Zaydiyya0000153,171,104,574,246,48
991,1018,1485,Zaydiyya0000144,489,1,431,312,77
991,993,1573,Shamela0021715,6427,963,1509,408,81
991,1084,1573,Shamela0021715,6428,533,1440,365,49
991,993,1485,Shamela0021715,8801,949,1387,329,79
991,1003,1505,Sham19Y0127677,4284,573,1158,318,60
991,1009,1485,ShamAY0033910,59,1,415,302,75
991,1063,1573,Zaydiyya0000361,1059,1,502,349,76
991,993,1485,Kraken211201162527,155,1142,1589,338,79
991,993,1573,Sham19Y0018106,2772,550,1112,409,79
991,993,1485,Sham19Y0018106,3535,143,581,329,79
991,999,1485,Kraken22041020273101,341,520,946,309,76
991,993,1573,Sham19Y0018103,2669,954,1500,408,81
991,993,1485,Sham19Y0018103,3454,589,1027,329,79
991,993,1485,ShamIbadiyya0000438,120,167,610,337,81
991,993,1573,JK000110,1082,265,813,409,81
991,993,1485,JK000110,1525,950,1388,329,79
991,1036,1505,ShamAY0034282,3025,633,1112,261,54
991,993,1485,Sham19Y0014309,848,32,442,320,78
991,985,1573,Shia003732Vols,3889,611,1463,372,50
991,1009,1577,Shamela0004445,1767,315,836,303,59
991,1223,1505,Shia002265Vols,1348,1,292,202,78
991,993,1485,JK000130,59,410,844,312,74
991,993,1573,Shamela0009242,3261,682,1195,358,69
991,993,1390,Sham19Y0006684,4070,1034,1417,148,31
991,993,1573,Sham19Y0013252,6593,89,649,408,79
991,993,1485,Sham19Y0013252,8707,458,896,329,79
991,993,1566,Sham19Y0013572,746,788,1353,372,72
991,993,1485,Tafsir06049,2107,702,1171,328,75
991,993,1573,Sham19Y0013605,3247,514,1300,408,58
991,993,1350,Sham19Y0013605,4112,864,1186,239,77
991,993,1573,Sham19Y0127700,278,227,771,403,80
991,993,1573,Zaydiyya0000054,425,559,1137,405,78
991,993,1485,Shamela0004289,843,183,613,320,76
991,993,1390,Shamela0005756,10878,1187,1546,275,81
991,1390,1573,Shamela0005756,10879,1,188,133,81
991,993,1485,Shamela0005756,13356,120,558,329,79
991,1003,1530,Shamela0025794,2393,717,1267,272,51
991,1,185,ShamAY0034180,366,1182,1366,150,100
991,185,480,ShamAY0034180,367,159,443,222,93
991,1013,1485,Shamela0026568,219,1,418,326,82
991,993,1573,Shamela0006610,908,211,727,353,66
991,993,1580,Shamela0023628,1005,529,1087,399,78
991,993,1573,JK007065,788,995,1535,408,83
991,993,1580,Shamela0025800,751,228,763,400,80
991,993,1530,ShamIbadiyya0000433,177,343,863,357,74
991,993,1573,Sham19Y0127656,514,535,1094,405,78
991,993,1485,Sham19Y0001734,1704,120,571,316,73
991,1067,1573,Sham19Y0022884,249,281,764,242,48
991,993,1573,Shamela0036446,626,606,1122,392,79
991,993,1292,Sham19Y0016584,2979,1246,1511,202,78
991,1009,1573,Sham19Y0016584,2980,478,984,286,54
991,993,1485,Sham19Y0016584,3859,379,817,329,79
992,1143,1450,Shamela0003485,145,699,965,177,72
992,987,1243,Shamela0007370,2754,223,482,198,96
992,987,1243,Shamela0007370,2901,264,523,198,96
992,42,718,Shamela0009759,206,626,1346,461,79
992,241,455,Shamela0119492,1088,11,183,117,69
992,1143,1405,Sham19Y0013231,4146,195,419,149,66
992,42,559,ShamAY0034054,982,1013,1568,381,86
992,1248,1497,ShamAY0034054,3952,1105,1368,199,94
992,73,546,Shia002616Vols,2132,1044,1502,259,64
992,1236,1405,Shamela0021821,1826,592,762,122,90
992,114,584,Zaydiyya0000059,88,378,1129,342,57
992,42,718,Shamela0037458,971,661,1368,465,81
992,1248,1497,Shamela0037458,4335,69,330,197,93
992,42,522,Shamela0023623,1021,1048,1562,352,85
992,1248,1497,Shamela0023623,4099,1039,1301,198,94
993,888,1329,Shamela0023614,1498,341,776,272,69
993,920,1207,Sham19Y0123510,753,1222,1509,223,96
993,935,1313,Shia002669,586,908,1279,277,89
993,1057,1380,Tafsir09071,702,1250,1549,163,62
993,920,1400,Sham19Y0014827,558,420,997,371,79
993,888,1322,Shamela0002247,129,544,967,309,86
993,920,1400,Sham19Y0016934,6012,745,1305,318,63
993,923,1389,Shamela0003485,91,1033,1555,367,87
993,915,1335,Shamela0026047,88,386,904,288,65
993,920,1252,Shamela0002863,1821,1134,1477,250,87
993,923,1359,Sham19Y0122257,1983,1110,1559,334,92
993,522,1295,Shia003461Vols,865,319,836,248,35
993,932,1252,Shamela0021598,5786,75,345,197,78
993,1062,1400,Sham19Y0023590,4109,1,349,217,68
993,920,1400,Sham19Y0018176,1755,115,666,373,84
993,935,1365,Shamela0037837,548,817,1315,315,78
993,893,1322,Shamela0012884,3608,1078,1512,334,94
993,880,1322,Sham19Y0017437,1391,380,865,336,85
993,316,595,Sham19Y0017437,1401,758,896,87,39
993,960,1400,ShamAY0034073,3299,7,520,328,76
993,995,1354,Shamela0000551,1961,1,419,256,73
993,970,1252,Shamela0000963,2742,1037,1331,167,60
993,923,1207,Shamela0008360,500,1197,1481,222,97
993,932,1252,Shamela0009059BK2,6159,490,791,221,86
993,923,1295,Shamela0001066,641,1056,1537,240,57
993,1175,1400,Sham19Y0020638,678,1,326,177,67
993,923,1400,Sham19Y0013614,468,331,724,265,64
993,319,633,ShamAY0035990,703,1084,1493,173,44
993,923,1359,Shamela0006172,559,162,418,172,48
993,923,1295,Shia000841Vols,7944,350,699,246,75
993,1079,1400,Shia000841Vols,7945,1,390,251,80
993,920,1295,Shamela0007370,2491,1043,1404,270,86
993,893,1400,Tafsir09084,1679,553,1095,381,84
993,920,1166,Shamela0021715,4326,1320,1553,171,82
993,920,1354,Shamela0021715,7336,1043,1480,339,96
993,1057,1354,Shamela0021715,7338,42,484,231,65
993,920,1400,Shia001731Vols,442,458,931,248,50
993,920,1322,Shamela0022848,349,145,541,307,94
993,920,1154,Sham19Y0127677,9535,1233,1461,168,87
993,920,1400,Sham19Y0131336,1328,231,808,348,70
993,932,1354,Shamela0009873,1722,693,1223,290,65
993,893,1400,ShamAY0034204BK1,2154,142,713,378,79
993,240,633,Shia000026Vols,2806,724,999,141,42
993,920,1180,Sham19Y0016684,1079,300,550,183,83
993,920,1400,Sham19Y0016684,1651,37,581,373,85
993,920,1295,Shamela0023700,1086,628,844,158,51
993,893,1400,Sham19Y0023644,1395,208,753,347,75
993,920,1380,Shamela0000782,1075,901,1501,327,65
993,920,1295,Sham19Y0016546,1042,102,343,179,58
993,923,1354,Zaydiyya0000361,740,198,577,234,60
993,910,1230,Sham19Y0020944,489,1145,1472,238,87
993,920,1400,Shamela0117359,557,685,1254,345,71
993,960,1322,Kraken211201162527,155,1,360,279,95
993,920,1400,Sham19Y0018106,3074,123,674,373,84
993,920,1400,Shamela0013048,206,513,1089,349,70
993,944,1400,Sham19Y0017791,1091,1,359,253,65
993,932,1252,Sham19Y0013783,2622,1089,1475,219,68
993,920,1180,Shamela0021743,1287,392,637,171,75
993,297,429,Shamela0005815,241,1156,1334,76,52
993,920,1180,Sham19Y0018103,1870,153,402,182,83
993,920,1400,Sham19Y0018103,2955,21,559,373,86
993,920,1295,Tafsir09083,961,977,1266,222,74
993,923,1354,ShamIbadiyya0000438,756,472,796,185,47
993,893,1295,JK009151,503,1003,1386,266,75
993,979,1354,Shamela0011468BK1,2766,1,388,185,45
993,920,1400,Shamela0000041,1775,653,1196,371,84
993,920,1180,JK000110,654,1058,1306,181,82
993,920,1400,JK000110,1258,467,1004,372,85
993,319,440,ShamAY0035955,824,447,697,77,37
993,920,1400,ShamAY0034282,2171,465,1038,359,75
993,893,1400,ShamAY0034054,2708,838,1411,394,85
993,923,1400,Sham19Y0014309,458,854,1459,368,74
993,920,1322,Shamela0009978,56,814,1223,311,94
993,888,1329,Shamela0011728,66,496,789,216,61
993,920,1295,Sham19Y0146127,2582,1103,1444,251,81
993,923,1211,Shamela0008176,4211,1181,1484,225,92
993,932,1400,Shamela0021713,1519,351,868,335,77
993,920,1252,Sham19Y0014325,5059,839,1175,250,92
993,915,1117,Shia002616Vols,4357,1433,1625,142,87
993,923,1295,JK000272,1171,874,1223,246,75
993,1029,1400,Shamela0009242,2949,1,445,289,80
993,1034,1400,Sham19Y0145212,2152,1071,1465,281,88
993,920,1079,Sham19Y0020591,812,1175,1466,113,49
993,920,1400,JK000271,252,497,1060,361,79
993,944,1400,Sham19Y0017729,363,4,535,353,82
993,920,1400,Sham19Y0013252,7126,66,610,373,85
993,935,1252,Sham19Y0032197,579,1,292,214,84
993,923,1400,Sham19Y0014119,359,750,1144,268,64
993,920,1389,ShamAY0038638,112,961,1521,308,64
993,297,619,Sham19Y0014224,929,639,833,93,35
993,935,1354,Shamela0001535,4741,122,575,316,87
993,970,1252,JK000291,688,918,1211,163,59
993,920,1395,JK009266,6704,955,1507,368,83
993,932,1252,Shamela0021848BK1,1672,733,1003,197,78
993,920,1257,ShamAY0034005,651,1083,1427,261,94
993,920,1400,Shamela0007891,1512,655,1199,373,85
993,1057,1295,Sham19Y0013577,4603,1,251,180,85
993,920,1400,Sham19Y0013572,480,54,591,372,85
993,920,1354,Tafsir06049,4749,1023,1379,195,54
993,920,1400,Sham19Y0013605,3547,499,1537,373,44
993,923,1359,Shamela0021721,3413,1066,1341,182,51
993,1029,1354,Sham19Y0017885,1819,1,346,244,86
993,920,1400,Sham19Y0131521,3170,257,828,341,69
993,1139,1400,JK000477,780,1,399,204,63
993,920,1400,Shamela0096283,357,295,850,373,83
993,920,1400,ShamAY0034249,5746,692,1249,333,68
993,970,1252,Shamela0021599,3359,132,426,167,60
993,920,1295,Shia000163VolsBK2,2917,1066,1497,289,83
993,893,1400,Shamela0037458,2838,242,803,403,88
993,923,1303,Shamela0021677,2853,1108,1516,287,84
993,923,1180,JK009324,2633,913,1142,177,87
993,920,1075,Shamela0001442,747,1347,1502,113,91
993,1075,1400,Shamela0001442,748,1,432,226,59
993,1172,1400,Shamela0005756,8479,960,1267,178,72
993,920,1354,Shamela0005756,11775,1029,1466,338,96
993,893,1400,Shamela0023623,2806,817,1295,370,89
993,920,1322,Shamela0010657,1117,457,857,315,97
993,920,1400,Sham19Y0148271,999,1,538,372,85
993,920,1354,Shamela0012415,506,859,1405,315,68
993,920,1057,Tafsir09085,408,533,667,103,96
993,1046,1400,Tafsir09085,417,1,399,268,81
993,949,1400,Sham19Y0020561,1681,1,576,316,63
993,920,1400,Sham19Y0148486,4794,21,640,337,63
993,893,1400,ShamAY0034068,2112,184,775,380,79
993,923,1400,Shamela0001875,1235,772,1324,367,82
993,319,480,JK000533,2699,330,595,126,60
993,920,1400,Shamela0006610,819,520,1073,369,82
993,932,1252,JK000196,6157,128,427,222,86
993,920,1354,Shamela0023628,2570,1002,1455,335,91
993,920,1079,Sham19Y0014601,3553,1322,1478,120,96
993,1079,1295,Sham19Y0014601,3554,1,205,148,78
993,923,1400,Sham19Y0016976,1097,798,1191,268,64
993,920,1400,JK007065,437,312,867,373,83
993,923,1281,Shamela0025800,364,1120,1504,278,90
993,932,1400,Shamela0025800,3067,543,1099,336,70
993,893,1257,Sham19Y0150960,1356,1154,1529,276,88
993,974,1400,Sham19Y0127656,586,1,482,327,83
993,319,633,ShamAY0031806,1094,60,269,131,48
993,932,1252,Shamela0006140,464,194,518,237,91
993,1029,1400,Shamela0010517,2171,1,313,193,55
993,932,1400,Sham19Y0020583,896,1,640,277,47
993,920,1400,Shamela0005922,2439,594,1331,359,60
993,893,1400,Shamela0021766,3079,240,774,365,83
993,932,1196,Shamela0011816,511,1239,1489,175,80
993,932,1400,Sham19Y0017063,764,1108,1466,262,67
993,893,1400,Sham19Y0017903,665,587,1143,377,81
993,979,1252,JK000208,3703,1,232,172,79
993,920,1400,Shamela0008473,3341,87,627,366,84
993,932,1252,Shamela0011444BK2,2707,1010,1310,216,84
993,920,1159,Sham19Y0133367,203,1282,1532,183,90
993,1034,1400,Sham19Y0133367,204,4,292,175,52
993,920,1322,Sham19Y0022884,230,642,894,191,59
993,920,1329,JK000221,600,524,937,318,95
993,920,1180,Sham19Y0016584,2045,503,752,182,83
993,920,1287,Sham19Y0016584,3305,1156,1521,285,97
993,920,1180,ShamAY0038083,191,606,845,182,86
994,1,325,Sham19Y0123510,754,282,627,259,93
994,1,341,Sham19Y0014827,558,997,1371,266,88
994,1,494,Shamela0003485,92,12,565,384,84
994,1,325,Shamela0002863,1822,245,616,249,83
994,79,325,Sham19Y0122257,1985,1,248,193,98
994,1,325,Sham19Y0018176,1755,666,1005,260,95
994,1,448,Shamela0012884,3609,132,512,293,79
994,1,325,ShamAY0034073,3299,520,845,259,99
994,1,325,Shamela0008360,501,211,550,259,95
994,1,325,Sham19Y0020638,678,326,664,260,95
994,1,325,Shia000841Vols,7945,390,714,255,98
994,1,325,Tafsir09084,1679,1095,1431,256,94
994,1,325,Shamela0009810,815,25,410,242,77
994,1,325,Shamela0021715,7337,64,403,260,95
994,1,325,Shia001731Vols,442,931,1302,242,80
994,1,350,Sham19Y0127677,9536,357,745,253,78
994,1,335,Sham19Y0131336,1328,808,1179,254,83
994,1,325,ShamAY0034204BK1,2154,713,1041,252,95
994,1,325,Sham19Y0016684,1651,581,919,260,95
994,1,325,Sham19Y0023644,1395,753,1098,251,90
994,1,325,Shamela0000782,1076,21,395,242,79
994,1,350,Sham19Y0020944,490,274,664,257,81
994,1,193,Shamela0117359,557,1254,1498,145,73
994,1,325,Sham19Y0018106,3074,674,1013,260,95
994,1,325,Shamela0013048,206,1089,1461,250,83
994,1,325,Sham19Y0017791,1091,359,712,259,91
994,1,325,Sham19Y0018103,2955,559,897,260,95
994,1,316,Shamela0000041,1775,1196,1525,253,95
994,1,325,JK000110,1258,1004,1341,260,96
994,1,131,ShamAY0034054,2708,1411,1541,105,100
994,131,494,ShamAY0034054,2709,1,394,291,91
994,51,350,Sham19Y0014309,459,1,339,232,84
994,1,360,Sham19Y0146127,2583,187,567,257,79
994,1,325,Shamela0008176,4212,217,556,259,95
994,9,325,Shamela0021713,1519,868,1213,253,91
994,1,325,Shamela0009242,2949,445,770,256,98
994,1,115,Sham19Y0145212,2153,617,744,92,89
994,1,350,Sham19Y0020591,813,921,1304,258,81
994,1,325,JK000271,252,1060,1398,259,95
994,1,350,Sham19Y0017729,363,535,889,267,90
994,1,325,Sham19Y0013252,7126,610,948,260,95
994,1,325,Sham19Y0014119,359,1144,1497,259,91
994,1,325,JK009266,6705,6,351,258,93
994,1,325,ShamAY0034005,652,224,569,259,93
994,1,295,Shamela0007891,1512,1199,1507,236,95
994,1,325,Sham19Y0013572,480,591,935,258,93
994,9,325,Sham19Y0013605,3548,1,332,254,95
994,1,350,Sham19Y0131521,3170,828,1211,258,81
994,9,325,JK000477,780,405,829,240,69
994,1,325,Shamela0096283,357,850,1188,260,95
994,9,212,ShamAY0034249,5746,1255,1508,157,74
994,1,494,Shamela0037458,2838,803,1326,396,93
994,1,325,Shamela0021677,2854,154,486,255,95
994,1,325,Shamela0001442,748,432,802,250,83
994,1,239,Shamela0005756,8479,1267,1518,190,93
994,1,325,Shamela0005756,11776,96,435,260,95
994,1,239,Shamela0023623,2806,1295,1534,193,99
994,239,494,Shamela0023623,2807,1,286,203,88
994,1,335,Sham19Y0095660,1782,12,355,260,93
994,1,325,Sham19Y0148271,999,538,876,260,95
994,1,325,Shamela0012415,507,47,427,252,83
994,1,325,Tafsir09085,417,399,724,260,99
994,1,325,Sham19Y0020561,1681,576,947,244,81
994,1,325,Sham19Y0148486,4794,640,1012,249,83
994,1,325,ShamAY0034068,2112,775,1114,257,94
994,1,136,Shamela0001875,1235,1324,1472,109,91
994,1,325,Shamela0006610,819,1073,1387,250,96
994,1,325,Shamela0023628,2571,51,386,255,94
994,1,220,Sham19Y0014601,3554,1209,1474,168,77
994,1,233,Sham19Y0016976,1097,1191,1452,187,88
994,1,325,JK007065,437,867,1212,260,93
994,1,350,Shamela0025800,365,368,737,274,91
994,1,350,Shamela0025800,3067,1099,1484,261,82
994,1,331,Sham19Y0150960,1357,196,548,264,93
994,1,325,Sham19Y0127656,586,482,820,250,90
994,1,325,Shamela0010517,2171,313,652,260,95
994,142,331,Shamela0005922,2440,1,192,151,98
994,1,325,Shamela0021766,3079,774,1122,256,91
994,62,325,Sham19Y0017063,765,6,270,209,99
994,1,350,Sham19Y0017903,665,1143,1480,263,91
994,1,335,Shamela0008473,3341,627,974,261,93
994,1,325,Sham19Y0133367,204,292,607,233,86
994,1,325,Sham19Y0022884,230,910,1211,232,87
994,1,325,Shamela0036446,516,459,806,245,86
994,1,325,Sham19Y0016584,3306,174,512,260,95
995,1,250,Shia002669,109,564,818,174,78
995,825,1093,Shia002669,496,265,543,213,95
995,829,966,Shamela0023578,1461,760,955,108,68
995,1,348,Shamela0002247,20,510,854,245,81
995,639,1093,Shamela0002247,104,98,525,250,61
995,97,348,Shamela0003485,178,414,653,190,92
995,843,960,Zaydiyya0000062,717,330,495,82,63
995,825,960,Sham19Y0023608,1740,951,1086,107,99
995,825,960,Shamela0008658,1563,1028,1143,90,83
995,1,348,Sham19Y0023590,402,146,539,249,74
995,1,348,Sham19Y0018176,768,366,711,249,82
995,1,348,Shamela0037837,315,925,1260,241,80
995,1,348,Shamela0007798,1018,572,907,197,61
995,825,960,Shamela0007798,4740,1184,1318,106,98
995,1,348,Shamela0012884,481,1010,1379,237,74
995,558,744,Shamela0012884,2485,1159,1345,147,98
995,1,348,Shamela0021605,1362,545,879,230,75
995,1,348,Sham19Y0036114,345,819,1158,244,82
995,1,338,JK006897,238,1150,1485,241,82
995,1,368,JK000917,77,1146,1509,292,98
995,825,960,JK000917,858,1396,1530,99,89
995,1,348,Sham19Y0020638,470,535,880,249,82
995,1,348,Shia000841Vols,2958,63,421,249,80
995,1,348,Tafsir09084,212,79,421,215,69
995,1,317,Shamela0021715,3155,432,746,221,80
995,1,348,Sham19Y0018611,502,72,407,234,76
995,1,172,Sham19Y0016684,778,1348,1523,118,77
995,1,348,ShamAY0036736,65,464,823,239,76
995,109,348,Zaydiyya0000207,44,1,243,183,87
995,1,348,Zaydiyya0000207,48,487,843,247,81
995,1,348,Shamela0000782,992,813,1156,245,81
995,836,966,Tafsir03092,1010,1155,1292,103,94
995,1,348,Sham19Y0018106,1429,628,973,249,82
995,1,348,Sham19Y0018103,1459,25,370,249,82
995,829,966,Shamela0000041,1167,421,611,107,70
995,1,348,JK000110,461,762,1107,249,82
995,1,338,Rafed0001792Vols,629,1074,1455,237,71
995,836,966,Rafed0001792Vols,2347,882,1021,89,72
995,97,348,Shamela0021735,201,425,680,172,79
995,1,348,ShamAY0034054,306,889,1258,237,73
995,1,348,Sham19Y0014309,326,434,776,249,83
995,1,348,Shamela0009978,75,380,719,247,83
995,1,348,Sham19Y0146127,1324,221,560,230,75
995,836,966,Shamela0022593,1051,1295,1432,103,94
995,825,960,Shamela0021713,927,102,217,90,83
995,1,348,Shia002616Vols,728,947,1341,249,74
995,639,1050,Rafed0003902Vols,2561,1201,1600,217,60
995,836,960,JK000462,240,395,600,88,54
995,1,348,Sham19Y0013252,3616,394,739,249,82
995,25,348,ShamAY0038638,22,611,916,230,85
995,1,348,Shia002406Vols,477,860,1239,235,72
995,1,348,ShamAY0034005,871,519,860,227,72
995,1,348,Tafsir06049,899,300,639,245,82
995,56,220,Sham19Y0013605,1956,1,171,127,89
995,843,960,Shia002369Vols,154,138,255,92,99
995,1,245,Sham19Y0131521,871,1254,1502,169,77
995,1,348,Shamela0096283,165,564,911,246,81
995,1,348,Sham19Y0016555,844,884,1228,248,82
995,1,348,Shamela0037458,313,951,1322,235,73
995,1,348,JK009324,1122,676,999,219,71
995,1,348,Shamela0004289,1264,378,719,243,81
995,1,348,Shamela0000432,5209,199,609,248,71
995,1,348,Shamela0005756,6697,945,1290,249,82
995,1,348,Shamela0023623,320,315,684,237,73
995,1,348,Tafsir09085,105,697,1070,248,77
995,1,348,Sham19Y0148486,2519,841,1184,238,78
995,1,338,Shamela0001875,769,494,828,240,82
995,1,348,Shamela0023628,229,120,460,248,83
995,829,966,Shamela0023628,1713,1271,1471,108,67
995,1,348,ShamAY0031687,687,1047,1375,228,73
995,75,348,JK007065,314,1,266,207,91
995,1,348,Shamela0025800,274,840,1179,247,83
995,1,220,Sham19Y0150960,1281,1330,1551,151,77
995,25,348,Sham19Y0127656,199,902,1212,240,88
995,1,348,Shamela0010517,1098,1093,1437,248,82
995,1,220,Shamela0021766,246,1278,1499,151,77
995,109,348,Sham19Y0017903,406,1,238,183,89
995,1,348,Shamela0008473,593,913,1255,215,69
995,628,744,Shamela0008473,2349,7,132,90,91
995,1,348,Shamela0036446,899,347,686,247,83
995,1,161,Sham19Y0016584,1567,1317,1477,109,77
996,815,1104,Shamela0012884,1890,235,532,212,81
996,601,769,JK000917,644,1446,1577,101,75
996,324,537,Shamela0021593,909,1,396,148,47
996,815,1104,ShamAY0034054,1194,687,973,228,97
996,426,537,Shamela0011437,253,70,177,83,96
996,809,1104,Shamela0023623,1241,1120,1421,233,95
998,930,1278,Shia000841Vols,7261,904,1243,252,89
998,953,1270,Sham19Y0013785,1391,232,674,169,43
998,976,1266,Shamela0009242,2732,35,330,194,82
998,1100,1310,Sham19Y0013577,7765,875,1063,131,74
998,930,1266,Sham19Y0123608,860,1229,1456,169,60
998,927,1394,Shamela0000432,596,302,616,190,47
998,927,1394,Shamela0000432,660,156,469,191,48
998,936,1278,JK000201,1758,745,998,166,59
998,927,1266,JK000201,1763,367,688,232,86
998,1266,1400,Shamela0006610,759,747,875,99,92
999,999,1160,Shamela0001687,4882,1009,1164,112,85
999,1013,1160,Masaha000955Vols,1878,761,900,109,91
1000,872,1310,Zaydiyya0000215,144,771,1241,288,73
1000,282,448,Shamela0021593,1144,569,728,105,78
1000,483,681,Masaha004768Vols,832,310,507,106,54
1000,875,1269,Sham19Y0032193,516,964,1442,188,42
1000,872,1084,Zaydiyya0000266,442,1246,1495,128,62
1000,817,1269,Shamela0011437,325,1054,1507,328,84
1000,130,707,Shamela0011437,326,472,1115,446,83
1000,483,607,Sham19Y0014280,1200,1109,1228,91,93
1000,829,1310,Sham19Y0133411,1456,284,820,310,70
1000,829,1310,Shia002755,109,252,868,251,49
1001,663,1071,Shamela0002022,100,1040,1337,188,55
1001,845,1071,Shamela0023788,34,8,254,153,74
1001,656,1109,Shamela0011437,42,1,446,342,90
1001,663,1071,Sham19Y0014280,390,788,1085,188,55
1002,1,367,JK006950,398,1303,1644,266,89
1002,367,1618,JK006950,399,1,1499,990,80
1002,1,1252,Shamela0007289,6173,254,1596,977,87
1002,1252,1618,Shamela0007289,6174,1,499,294,71
1003,264,1094,JK006950,400,1,871,640,88
1003,596,955,JK006950,406,276,599,242,81
1003,858,1077,JK006950,425,715,932,162,90
1003,264,1094,Shia002924Vols,39,695,1576,651,89
1003,1,1094,Shamela0007289,6174,499,1495,700,74
1003,596,955,Shamela0007289,6180,904,1227,242,81
1003,883,1077,Shamela0007289,6200,1,196,145,91
1004,142,408,ShamAY0038640,274,492,721,128,54
1004,142,354,Shamela0010284,262,446,630,143,84
1004,856,1286,Sham19Y0013571,7,847,1331,326,82
1004,142,1053,Shamela0011814,124,761,1549,605,82
1004,1053,1521,Shamela0011814,125,1,467,374,98
1005,1240,1400,Shamela0009757,3142,1099,1256,118,90
1005,1216,1400,Shamela0001687,5278,1,185,149,98
1005,1,429,ShamAY0038640,275,21,1034,303,37
1005,1,429,Shamela0011814,125,467,999,339,79
1006,473,696,Sham19Y0123510,668,358,558,132,65
1006,473,696,Zaydiyya0000010,291,67,306,172,88
1006,937,1100,Shia003408Vols,793,169,331,132,98
1006,454,696,Shamela0021751,1665,529,834,185,74
1006,473,696,Shia001989,182,1042,1275,171,90
1006,473,696,JK000475,1237,1008,1198,146,80
1006,473,693,Sham19Y0014827,218,19,234,169,96
1006,473,693,Shia001764Vols,1496,971,1318,113,34
1006,473,693,Sham19Y0011194,148,245,462,172,98
1006,473,711,Shamela0002863,1666,84,297,136,64
1006,473,745,Sham19Y0013241,1257,414,667,139,57
1006,473,696,Sham19Y0017350,918,355,580,172,94
1006,473,696,ShamAY0035950,255,416,671,141,60
1006,473,696,Shamela0003118,1038,656,865,166,93
1006,476,696,Sham19Y0017437,1345,492,716,172,95
1006,473,711,Shamela0021744,2484,901,1105,156,83
1006,459,633,Shamela0000963,2131,349,536,120,73
1006,473,696,Shamela0022645,1048,627,852,171,93
1006,473,693,Shamela0008360,504,1106,1294,149,85
1006,473,693,Sham19Y0020638,666,1071,1286,170,97
1006,473,696,Shamela0001727,815,784,1002,172,97
1006,473,653,ShamAY0033522,478,1324,1512,135,90
1006,473,711,Sham19Y0131336,1382,59,293,177,92
1006,473,696,Shamela0021479,136,1098,1324,169,90
1006,473,696,ShamAY0033910,680,678,915,172,89
1006,473,706,Sham19Y0020944,498,877,1115,174,87
1006,473,693,Shamela0117359,566,822,1055,170,89
1006,473,693,Sham19Y0017791,1101,410,881,167,44
1006,473,696,Shia002158,44,946,1182,172,90
1006,437,696,Sham19Y0122406,2182,332,897,185,39
1006,473,696,Shamela0000041,2617,1179,1402,170,94
1006,507,696,ShamAY0034282,1798,1,181,113,62
1006,473,696,ShamAY0034282,1808,473,673,132,65
1006,507,696,Shamela0012399,2379,1,216,143,83
1006,490,696,Sham19Y0146127,2375,1,202,159,97
1006,473,696,Sham19Y0146127,2378,423,624,132,65
1006,473,693,Shamela0008176,4243,152,340,149,85
1006,473,696,Shia003101Vols,54,319,556,170,88
1006,473,696,JK000130,681,929,1166,172,89
1006,473,693,Sham19Y0145212,2164,895,1083,149,85
1006,473,643,Sham19Y0020591,827,562,732,129,93
1006,473,711,JK000299,2134,591,795,156,83
1006,114,324,Shamela0012286,1324,638,886,166,84
1006,473,696,Sham19Y0013769,1493,261,486,172,94
1006,476,696,Sham19Y0014224,908,56,278,170,94
1006,473,696,JK000916,2582,740,967,172,93
1006,473,696,Shamela0026484,103,633,868,164,85
1006,473,711,Shamela0007891,1531,907,1155,180,90
1006,437,685,Sham19Y0013253,489,313,861,176,38
1006,473,696,Sham19Y0131521,3234,54,296,172,87
1006,473,696,Shia002119Vols,2318,1079,1320,169,87
1006,473,696,Shamela0004473,6748,1229,1466,172,89
1006,473,696,Shamela0001733,4961,341,573,167,89
1006,476,696,Sham19Y0014462,122,1,241,168,87
1006,473,693,Sham19Y0148271,2336,639,861,169,93
1006,473,693,JK000977,1362,993,1213,170,95
1006,507,696,Shia002003Vols,1115,5,201,146,92
1006,473,685,Shamela0025794,5222,873,1278,159,47
1006,473,711,Sham19Y0148486,4343,1241,1461,166,86
1006,473,711,Sham19Y0148486,4416,452,685,176,91
1006,473,711,Sham19Y0148486,4422,658,885,133,57
1006,473,693,Sham19Y0148486,4929,626,853,170,92
1006,473,711,Shamela0023628,3474,863,1099,177,91
1006,473,693,JK007065,1494,699,916,172,98
1006,473,693,Shamela0025800,2150,955,1170,170,97
1006,473,696,Sham19Y0150600,650,620,838,172,97
1006,473,706,Sham19Y0001734,1553,247,475,176,93
1006,473,706,Sham19Y0001734,1644,205,437,175,93
1006,473,711,Shamela0021766,4531,803,1027,170,90
1006,473,711,Sham19Y0017063,772,943,1152,153,78
1006,473,693,Sham19Y0017747,1496,675,890,170,97
1006,459,633,Shamela0011444BK2,2254,723,910,120,73
1007,475,728,Shamela0001687,9213,1167,1524,110,36
1007,475,871,Shia003965Vols,12052,866,1373,306,72
1007,475,889,Rafed0002679Vols,1490,1170,1452,176,49
1007,927,1140,Sham19Y0016826,3658,452,721,131,53
1007,449,675,Sham19Y0073350,191,1319,1515,142,77
1008,579,1059,Shia003408Vols,2416,429,997,283,51
1009,652,1394,Shamela0011437,61,448,1468,464,48
1009,1436,1594,Sham19Y0133357,290,1363,1526,120,84
1009,1268,1594,ShamAY0034180,120,1163,1449,154,51
1010,1284,1564,Shamela0007370,1876,331,651,220,83
1011,1401,1535,Shamela0007370,579,1306,1440,107,99
1011,6,188,Shamela0007370,1876,753,936,145,99
1011,252,453,Shamela0010010,281,247,451,147,83
1011,586,847,Shamela0023785,146,983,1352,154,54
1012,1,161,Shamela0007370,579,1440,1600,132,100
1012,161,295,Shamela0007370,580,1,135,109,99
1012,432,1388,Shamela0007370,1656,348,1212,678,85
1012,432,1388,Shamela0007370,1670,422,1286,678,85
1012,969,1388,Sham19Y0013667,260,38,439,302,86
1012,573,782,Shamela0005756,1235,280,491,170,98
1013,298,533,Sham19Y0018176,458,724,968,188,95
1013,298,533,Masaha001864Vols,2675,872,1116,188,95
1013,1267,1457,Shamela0007332,526,480,657,142,91
1013,290,533,Rafed0002905Vols,7760,9,283,186,84
1013,298,533,Sham19Y0016684,444,1310,1554,188,95
1013,298,510,Sham19Y0018106,863,1342,1564,170,95
1013,301,564,Sham19Y0013231,8030,459,773,203,79
1013,298,533,Sham19Y0018103,962,545,789,188,95
1013,305,533,JK000110,241,1,238,183,95
1013,305,533,Sham19Y0013252,2127,1,238,183,95
1013,301,533,Sham19Y0013605,1377,483,724,186,95
1013,298,533,Shamela0005756,4135,863,1102,183,93
1013,334,467,Shamela0025794,1706,1350,1489,104,90
1013,298,533,Sham19Y0016584,982,488,732,188,95
1013,301,542,JK001236,115,184,455,186,84
1014,146,1046,Sham19Y0018274,404,29,1113,414,36
1014,4,1060,Shamela0021605,1270,544,1563,414,38
1014,1,441,Shamela0007332,526,657,1525,307,41
1014,349,1046,Shamela0007332,527,43,1042,423,44
1014,634,1580,Sham19Y0147104,1041,1,1381,727,64
1015,1,1005,Shamela0021605,1271,625,1255,374,41
1015,1,181,Sham19Y0147104,1041,1381,1556,85,47
1015,181,1005,Sham19Y0147104,1042,1,687,456,60
1016,522,696,Shamela0021608,988,447,621,128,86
1017,1004,1358,JK000533,1835,119,377,169,55
1017,1,238,Shamela0011814,101,1074,1312,169,79
1018,722,993,Shamela0005515,25,45,342,153,56
1020,488,851,Shamela0001673,2999,501,641,79,28
1020,493,711,Sham19Y0018176,126,33,285,112,56
1020,580,727,Shamela0037837,125,409,612,105,66
1020,478,711,Sham19Y0131003,407,83,292,130,67
1020,580,711,Shamela0021715,491,1210,1346,100,94
1020,488,851,Sham19Y0127677,14368,908,1203,122,38
1020,580,715,Shamela0009823,555,988,1128,100,92
1020,580,711,Sham19Y0016684,169,843,979,100,94
1020,752,957,Sham19Y0020944,21,1068,1381,117,47
1020,752,952,Shamela0117359,77,759,988,105,57
1020,493,851,Sham19Y0018106,239,655,979,147,47
1020,580,711,Sham19Y0018103,322,804,940,100,94
1020,493,814,JK000110,43,378,840,146,38
1020,580,947,ShamAY0034282,12,717,1115,133,30
1020,752,851,Shamela0026389,11,159,258,77,100
1020,577,792,Sham19Y0146127,103,979,1168,118,67
1020,577,944,Sham19Y0037618,367,612,1031,156,38
1020,580,715,Sham19Y0013252,832,1311,1456,103,91
1020,580,711,Sham19Y0013252,833,344,480,100,94
1020,580,711,Sham19Y0013605,496,1183,1319,100,94
1020,752,957,Sham19Y0131521,238,231,477,109,55
1020,752,851,Masaha004452Vols,177,204,303,77,100
1020,752,851,Masaha004452Vols,705,637,736,77,100
1020,752,851,Masaha004452Vols,816,829,928,77,100
1020,580,715,Shamela0005756,1269,984,1125,100,92
1020,752,851,Shamela0005756,5340,47,152,77,94
1020,580,814,Sham19Y0148271,1396,870,1216,132,49
1020,580,802,Shamela0025794,1495,9,279,129,62
1020,580,722,Sham19Y0148486,233,1199,1348,106,91
1020,569,802,Shamela0001875,154,555,816,138,64
1020,577,814,Sham19Y0127656,43,602,784,125,66
1021,388,634,JK000475,2371,866,1303,127,34
1021,388,628,Shia002218Vols,6,80,361,137,53
1021,388,766,Shamela0022547,632,690,1249,164,34
1021,1077,1233,Zaydiyya0000376Vols,926,880,1033,119,89
1021,388,628,ShamAY0034073,1826,816,1360,163,38
1021,414,628,Sham19Y0147313,2378,47,469,144,42
1021,391,662,JK007107,145,67,501,167,45
1021,388,628,Sham19Y0127677,12952,808,1246,153,42
1021,380,690,Rafed0002905Vols,3445,66,505,173,45
1021,388,634,Shia002702Vols,118,357,776,172,51
1021,388,876,Shia002702Vols,3667,438,937,161,31
1021,388,628,Shamela0001404,174,731,1166,164,47
1021,388,628,Zaydiyya0000015,804,278,687,155,45
1021,441,634,Tafsir02100,64,1,374,118,40
1021,391,871,Shamela0037458,1476,1041,1461,320,81
1021,388,628,Shamela0010460,31,493,930,153,42
1021,388,628,Shamela0004289,1246,250,688,154,42
1021,388,599,JK000201,3574,610,1101,120,30
1021,1077,1211,Shamela0007312,155,479,608,101,89
1021,388,859,Shamela0023628,1521,356,999,301,53
1021,391,628,ShamAY0034080,129,325,761,150,41
1021,391,628,Sham19Y0017903,997,778,1210,151,41
1021,1077,1211,Sham19Y0147104,1337,1455,1588,104,92
1021,388,616,Shamela0008473,120,550,942,144,46
1022,448,569,Shia003408Vols,1314,54,180,69,55
1022,433,679,ShamIbadiyya0000730,92,331,552,140,64
1022,438,584,Rafed0002452,405,1122,1269,101,79
1022,448,569,Shamela0012286,1821,1049,1171,97,99
1023,307,419,Sham19Y0018176,304,1187,1299,89,100
1023,131,435,Shamela0011428,309,838,1172,116,30
1023,307,423,Shamela0021715,1160,394,523,89,87
1023,980,1378,Shia002540,15,648,1054,192,50
1023,307,423,Sham19Y0018106,587,1341,1466,92,92
1023,307,419,Sham19Y0018103,714,987,1099,89,100
1023,307,419,JK000110,146,752,864,89,100
1023,307,419,Sham19Y0013252,1545,122,234,89,100
1023,307,419,Sham19Y0013605,1064,173,285,89,100
1023,307,419,Shamela0005756,2930,1060,1172,89,100
1023,131,419,JK000201,475,730,925,116,51
1023,307,435,Shamela0000137,928,315,458,95,84
1023,307,409,Shamela0005922,712,386,488,81,100
1023,131,419,Sham19Y0016599,831,606,844,119,40
1024,660,1080,Sham19Y0146127,3618,1112,1486,256,69
1024,596,1158,Shia002463Vols,146,779,1375,449,92
1024,604,883,ShamAY0034050,383,777,1182,158,42
1024,1377,1501,Kraken210630005153,2468,359,490,98,93
1024,630,1152,Shamela0012415,793,530,1114,292,52
1024,588,1152,Sham19Y0148486,6528,462,1191,369,58
1024,596,1158,Shamela0003328,161,636,1232,449,92
1024,604,883,Shia000820Vols,2948,1075,1464,158,44
1024,600,949,Shia000820Vols,3246,1198,1505,214,72
1024,949,1152,Shia000820Vols,3247,1,217,164,93
1024,1,549,Shamela0005515,26,658,1210,403,89
1025,35,204,Shia003895Vols,587,663,864,128,75
1025,398,690,Shia002356Vols,1659,456,764,169,61
1025,35,158,ShamAY0035990,434,1610,1726,75,67
1025,1,385,ShamIbadiyya0000730,356,761,1052,191,57
1025,398,664,ShamAY0035033,29,1054,1511,203,54
1025,948,1112,Sham19Y0001994,37,1234,1440,119,65
1025,414,664,Sham19Y0151010,196,614,841,126,54
1025,1,204,Shamela0012286,1641,220,449,155,81
1025,401,545,Shamela0012286,2355,1183,1326,112,97
1025,401,545,Rafed0003376Vols,1673,734,881,108,88
1025,1,398,Kraken210630005153,2468,490,1199,232,36
1025,401,664,Kraken210630005153,2627,368,834,204,53
1026,145,732,Shamela0001438,6607,11,570,374,73
1026,232,767,JK000475,1470,1,536,420,95
1026,92,732,JK000475,2432,80,683,475,92
1026,92,607,Sham19Y0014827,549,977,1485,385,92
1026,92,767,Sham19Y0011194,159,21,721,530,93
1026,532,767,Shamela0007597,179,17,243,175,89
1026,92,767,Sham19Y0017350,978,119,817,535,95
1026,92,561,ShamAY0035950,686,1047,1506,365,97
1026,561,742,ShamAY0035950,687,1,183,147,99
1026,316,572,Sham19Y0023590,4102,1247,1504,175,75
1026,92,767,Sham19Y0018176,1030,110,790,540,98
1026,402,790,Shamela0037837,566,10,485,258,63
1026,170,732,Sham19Y0127713,1259,1,567,328,64
1026,92,767,Sham19Y0017437,1559,13,708,533,94
1026,142,767,JK007064,792,1,641,495,95
1026,92,512,Shamela0022645,1124,1121,1545,327,95
1026,512,767,Shamela0022645,1125,1,266,203,93
1026,449,767,Shamela0022645,1128,64,1203,251,27
1026,107,732,Shamela0008493,177,553,1177,399,73
1026,92,508,Sham19Y0020590,259,767,1487,290,49
1026,70,783,Sham19Y0020638,777,90,831,548,90
1026,92,767,ShamAY0033108,1214,753,1339,446,79
1026,92,246,Shamela0010842,229,1084,1228,113,92
1026,63,572,Shamela0011428,1370,964,1464,383,93
1026,572,767,Shamela0011428,1371,1,202,157,96
1026,137,767,Shamela0011428,1388,90,714,374,65
1026,92,556,Shamela0026566,164,1017,1482,267,62
1026,92,761,Masaha001838,18,285,987,387,61
1026,87,622,Shia000841Vols,8977,994,1518,417,97
1026,622,767,Shia000841Vols,8978,1,160,116,91
1026,92,767,Shamela0001727,963,389,1057,532,97
1026,235,732,Shamela0009804,269,11,525,292,63
1026,316,732,Tafsir09084,1671,418,861,299,76
1026,87,566,JK000734,268,521,946,245,59
1026,246,370,Shamela0021715,4364,308,432,98,100
1026,92,767,Shamela0021715,4407,675,1356,541,99
1026,92,370,Shamela0021715,4408,14,1036,215,26
1026,92,223,Shamela0021715,10200,5,222,78,42
1026,92,761,Sham19Y0127677,4654,340,1042,418,67
1026,92,589,Sham19Y0127677,12951,883,1384,394,98
1026,92,465,Shamela0001515,284,1117,1499,286,92
1026,465,723,Shamela0001515,285,1,305,205,83
1026,92,767,Shia002156,70,770,1452,541,98
1026,63,700,Sham19Y0017757,155,855,1466,461,87
1026,92,771,Sham19Y0016684,1101,100,782,539,98
1026,92,732,Sham19Y0020944,1033,892,1534,372,63
1026,76,742,Kraken211201162527,204,676,1583,501,67
1026,92,767,Sham19Y0018106,1941,505,1185,540,98
1026,92,767,Shamela0021743,1478,705,1374,513,92
1026,153,532,Sham19Y0122406,2638,749,1128,303,100
1026,532,767,Sham19Y0122406,2639,958,1193,190,99
1026,70,778,Sham19Y0013231,5983,750,1519,549,87
1026,92,778,Sham19Y0018103,1901,471,1159,545,98
1026,280,732,Shamela0000041,579,11,452,269,66
1026,92,751,JK000110,670,800,1465,528,99
1026,92,761,ShamAY0034282,3077,603,935,224,41
1026,92,767,JK007083,209,759,1426,533,98
1026,92,767,Sham19Y0014309,867,404,1055,481,83
1026,107,742,Sham19Y0146127,2899,1,610,476,92
1026,92,761,Shia002265Vols,1525,631,1332,411,65
1026,92,767,Shamela0007264,305,721,1421,527,93
1026,92,340,Sham19Y0018144,1740,1221,1465,177,84
1026,340,767,Sham19Y0018144,1741,1,431,334,95
1026,223,767,Sham19Y0014325,6174,1,559,431,95
1026,92,378,Shamela0021739,987,1282,1556,184,77
1026,378,728,Shamela0021739,988,1,360,276,92
1026,199,767,Shamela0009242,3164,1,581,453,97
1026,92,767,Sham19Y0017729,417,615,1275,523,95
1026,92,566,Sham19Y0013252,4930,991,1470,378,98
1026,566,767,Sham19Y0013252,4931,1,202,163,100
1026,92,644,Sham19Y0013769,1617,969,1533,432,94
1026,92,767,Sham19Y0014224,997,115,750,492,88
1026,235,732,JK000916,16865,21,530,293,61
1026,92,428,ShamAY0032665,1740,1136,1468,247,88
1026,428,767,ShamAY0032665,1741,1,343,267,95
1026,92,700,Shamela0021590,1226,314,894,452,90
1026,212,700,Shamela0021590,1227,12,776,358,55
1026,76,767,ShamAY0033181,1483,159,856,526,91
1026,92,241,Sham19Y0013605,2447,653,806,101,83
1026,218,405,Sham19Y0013605,2447,1302,1488,147,99
1026,405,767,Sham19Y0013605,2448,1,363,293,100
1026,70,778,Sham19Y0127700,282,465,1163,520,88
1026,92,732,JK009390,6541,125,751,380,65
1026,92,778,Shamela0021821,1261,29,708,508,87
1026,92,685,Sham19Y0131521,5930,892,1502,351,63
1026,92,732,Tafsir02100,125,704,1308,478,93
1026,76,767,Shamela0096283,217,238,934,548,97
1026,92,667,ShamAY0034249,6967,930,1527,416,83
1026,92,432,Sham19Y0132524,1922,616,942,255,94
1026,352,572,Sham19Y0132524,1923,255,452,147,83
1026,92,756,Shamela0001733,1170,783,1437,484,87
1026,340,767,Shamela0000767,2477,557,896,267,77
1026,92,767,Shamela0000767,4596,37,617,403,68
1026,92,732,Shamela0000767,4602,598,1239,499,94
1026,92,667,Shamela0005756,8580,895,1490,459,96
1026,110,767,Shamela0001665,489,1,673,507,92
1026,161,767,Tafsir09085,379,861,1463,458,91
1026,92,285,Sham19Y0148486,5329,1308,1479,133,87
1026,285,778,Sham19Y0148486,5330,1,495,382,95
1026,107,737,Sham19Y0148486,5343,136,760,394,72
1026,92,709,Sham19Y0019230,785,677,1300,493,98
1026,92,251,Shamela0006610,875,1387,1530,112,89
1026,251,767,Shamela0006610,876,1,517,393,91
1026,92,767,Sham19Y0133415,132,526,1192,521,94
1026,92,767,JK007065,320,611,1282,514,91
1026,92,767,Shamela0025800,771,665,1354,520,91
1026,92,771,JK000785,1733,265,946,481,84
1026,63,311,ShamIbadiyya0000433,907,707,972,167,78
1026,92,767,Tafsir02091,1431,744,1330,446,79
1026,92,644,Sham19Y0150600,705,988,1534,426,95
1026,92,771,Sham19Y0001734,1691,631,1301,518,94
1026,63,321,Shamela0005922,2449,1277,1513,164,76
1026,321,767,Shamela0005922,2450,1,457,343,91
1026,52,700,Sham19Y0018259,444,888,1526,471,87
1026,92,737,Shia000820Vols,2931,777,1444,375,62
1026,92,700,Sham19Y0017747,1918,394,965,442,88
1026,92,767,Sham19Y0017903,818,675,1333,522,95
1026,316,732,Shamela0008473,3327,963,1395,302,79
1026,92,767,Sham19Y0022884,245,10,581,449,82
1026,92,732,Shamela0036446,631,659,1237,447,86
1026,92,263,Sham19Y0016584,2083,104,277,134,95
1026,142,396,Sham19Y0016584,2083,1102,1490,162,50
1026,396,767,Sham19Y0016584,2084,1,372,300,100
1026,92,767,ShamAY0038083,211,245,919,524,95
1027,651,885,Sham19Y0123510,594,372,716,162,58
1027,263,445,ShamAY0034041,124,1053,1228,125,84
1027,313,445,Sham19Y0013241,1802,106,232,96,90
1027,729,1202,JK007064,819,1,343,119,25
1027,651,885,Shamela0008360,548,48,381,155,59
1027,832,1056,Shamela0009810,987,950,1481,105,22
1027,651,1005,Shamela0000782,517,766,1191,134,28
1027,668,1091,Sham19Y0013223,891,1009,1235,132,37
1027,285,445,Sham19Y0020944,50,1,161,124,98
1027,40,445,Shamela0117359,104,281,747,198,45
1027,651,914,Sham19Y0017791,1204,1136,1427,180,75
1027,651,828,Shamela0007264,320,968,1138,131,93
1027,856,1086,Shamela0006947,2690,329,566,124,66
1027,73,445,Shamela0009242,324,925,1387,137,31
1027,832,1183,Shamela0009242,3253,930,1346,270,78
1027,651,875,Shamela0009242,3254,1322,1536,151,82
1027,651,828,Sham19Y0145212,2307,726,897,134,96
1027,40,371,Sham19Y0020591,81,820,1219,144,38
1027,651,898,Sham19Y0014119,393,380,677,177,74
1027,651,1005,Shamela0007891,1744,311,593,136,37
1027,970,1186,Shia002924Vols,975,1348,1518,133,76
1027,651,1005,Sham19Y0131521,5988,243,658,136,28
1027,277,445,Masaha004452Vols,1965,483,638,116,87
1027,651,980,Shamela0001875,1337,1018,1419,205,60
1027,313,480,Sham19Y0014032,314,252,397,107,81
1027,651,914,Shamela0006610,897,954,1211,182,83
1027,217,445,Sham19Y0014601,503,175,394,133,74
1027,277,445,ShamAY0033975,469,1093,1259,126,94
1027,651,812,Sham19Y0016976,1200,1306,1477,122,87
1027,718,898,Sham19Y0016976,1201,22,523,93,21
1027,691,885,Shamela0009329,365,185,669,123,30
1027,668,1086,Shamela0025800,790,463,728,134,37
1027,659,828,Sham19Y0017063,867,1350,1518,126,89
1027,277,445,Sham19Y0017903,87,4,154,114,86
1027,277,445,Sham19Y0127660,1727,1252,1406,116,88
1027,241,445,Sham19Y0020868,46,78,248,128,80
1027,651,828,ShamAY0035866,163,1086,1219,105,75
1028,16,165,Shamela0001438,4036,861,1006,109,87
1028,1,165,JK000475,698,818,976,122,92
1028,1,144,Sham19Y0011194,375,968,1112,100,88
1028,1,121,Sham19Y0020638,764,830,955,93,95
1028,1,121,Shamela0011428,1923,1191,1311,93,99
1028,1,165,Shamela0001727,948,51,238,132,87
1028,1,165,Shamela0007370,231,84,228,109,78
1028,16,165,Sham19Y0127677,2330,220,365,109,87
1028,1,165,ShamAY0033910,854,176,334,121,92
1028,1,165,Sham19Y0122406,2593,681,868,132,87
1028,16,165,Shia002265Vols,48,732,877,108,87
1028,1,165,Sham19Y0018144,1705,576,745,131,96
1028,1,165,JK000130,855,341,499,121,92
1028,647,896,Shamela0009242,3255,506,752,193,96
1028,1,165,Shamela0009082,503,1105,1266,128,97
1028,1,121,Sham19Y0013769,1565,1387,1507,93,99
1028,1,165,ShamAY0032665,1705,500,669,131,96
1028,16,165,JK000477,649,1,150,119,99
1028,1,165,Shamela0004473,14666,294,458,132,100
1028,1,165,Sham19Y0013667,6476,674,840,123,92
1028,1,165,Shamela0025794,4862,937,1102,131,98
1028,1,165,Sham19Y0148486,5292,712,887,132,93
1028,16,165,Shamela0025800,2819,293,448,116,93
1028,1,165,Sham19Y0001734,1682,439,593,123,93
1028,1,170,Sham19Y0001734,2214,336,503,128,89
1028,1,165,Shamela0001449,229,341,504,130,98
1028,1,165,Sham19Y0014207,164,611,767,125,94
1029,888,1272,Shamela0021537,1169,543,944,209,49
1029,888,1173,Shamela0021537,4826,1268,1465,134,55
1029,915,1272,Shamela0008463,3623,997,1381,196,48
1029,691,1051,Shia000841Vols,7321,1176,1535,287,98
1029,227,468,Shamela0007370,488,181,590,115,30
1029,202,652,Shamela0007370,552,971,1436,320,82
1029,227,483,Shamela0007370,687,995,1465,80,16
1029,227,462,Shamela0007370,1143,57,639,115,25
1029,1,652,Shamela0007370,1623,335,948,470,90
1029,227,566,Shamela0007370,1624,127,356,115,40
1029,1,566,Shamela0007370,1664,338,950,244,39
1029,915,1272,Sham19Y0019188,3897,433,820,184,44
1029,182,652,Shamela0037834,80,492,955,305,73
1029,486,652,Tafsir02091,213,778,949,114,83
1030,954,1183,ShamAY0034179,419,359,556,150,81
1030,267,546,JK000475,461,405,650,183,80
1030,954,1183,Shamela0021608,988,1179,1402,171,92
1030,263,546,Sham19Y0018176,1466,962,1240,167,64
1030,263,546,Shamela0012884,3962,618,904,163,64
1030,263,527,Sham19Y0016946,525,569,808,149,63
1030,263,546,JK010001,2779,277,526,174,74
1030,263,546,ShamAY0033910,436,924,1206,214,93
1030,263,546,Sham19Y0018106,2672,987,1265,167,64
1030,263,546,Sham19Y0018103,2558,990,1262,167,66
1030,274,546,JK000110,1018,697,938,172,75
1030,263,546,Tafsir07055,2894,1028,1298,167,66
1030,263,546,Tafsir07055,2899,486,784,207,85
1030,263,546,Shamela0004445,1434,4,271,163,63
1030,258,577,Shamela0000247,7,21,324,177,58
1030,267,503,JK000130,437,1157,1400,184,96
1030,263,546,Sham19Y0013252,6391,253,531,167,64
1030,954,1183,ShamAY0038201,546,645,869,170,91
1030,263,546,Sham19Y0013605,3131,993,1265,167,66
1030,263,546,Shamela0007289,1016,426,724,207,85
1030,274,546,Shamela0005756,10610,643,896,172,72
1030,267,490,Shamela0025794,969,1,235,168,88
1031,880,1330,ShamAY0038640,244,255,712,292,71
1031,871,1241,Sham19Y0020878,110,421,823,286,87
1031,871,1241,Shamela0006105,6,885,1309,285,82
1031,507,1561,Shamela0011814,102,97,1426,750,69
1032,49,1072,Shamela0011814,103,415,1516,765,82
1033,833,1040,Sham19Y0013241,240,799,1010,120,74
1033,833,1040,Rafed0002209Vols,528,841,1035,151,93
1033,1327,1470,Shamela0000782,85,1016,1166,111,93
1033,833,1094,Sham19Y0020944,408,54,252,120,53
1033,833,1040,Shamela0117359,478,845,1039,151,93
1033,1327,1470,JK000786,609,837,986,100,83
1033,833,1040,Sham19Y0020591,680,1092,1286,151,93
1033,833,1025,Sham19Y0131521,2665,1352,1531,139,93
1033,833,960,Shamela0001442,411,1193,1376,92,64
1033,1327,1470,Sham19Y0020561,1424,224,372,106,88
1033,833,954,Shamela0001875,902,1311,1429,88,92
1034,1,234,JK000475,191,671,896,175,93
1034,1,234,Shamela0008360,176,664,895,180,95
1034,16,234,JK006897,130,1,217,170,97
1034,1,281,Shamela0008463,645,519,782,186,83
1034,35,238,Shamela0013068,163,7,218,122,66
1034,1,234,JK007107,201,1060,1289,177,93
1034,1,234,JK000734,85,963,1187,176,94
1034,8,234,Zaydiyya0000162,1400,466,686,169,92
1034,1,242,Sham19Y0019188,630,957,1188,175,90
1034,1,242,Shamela0023700,2396,602,839,183,94
1034,1,281,Shamela0000782,85,1166,1487,219,84
1034,8,234,Sham19Y0016546,151,244,490,170,83
1034,8,234,Zaydiyya0000361,136,578,820,155,74
1034,1,260,JK000786,3878,1023,1279,182,86
1034,1,234,Shamela0036543,1558,339,557,170,90
1034,1,267,Shamela0008176,1627,186,478,193,82
1034,8,234,Sham19Y0123665,513,602,820,171,94
1034,1,242,Sham19Y0014325,913,506,743,180,93
1034,1,267,Shamela0009242,525,1118,1400,193,84
1034,1,234,Shamela0009242,976,160,388,180,96
1034,1,234,Sham19Y0145212,977,278,507,180,96
1034,1,286,Sham19Y0017729,96,455,714,192,84
1034,1,234,Shia000089Vols,770,938,1184,174,87
1034,8,234,Shamela0021721,484,386,606,168,92
1034,1,242,JK000477,327,802,1036,177,91
1034,1,242,Shamela0004473,10639,640,867,174,89
1034,8,234,Zaydiyya0000054,60,85,331,158,75
1034,1,234,Shamela0007289,7082,997,1218,171,91
1034,1,281,Sham19Y0013667,2185,1018,1297,218,96
1034,1,238,Shamela0004289,393,1037,1267,176,92
1034,1,281,Shamela0004289,410,220,501,211,91
1034,1,306,Sham19Y0020561,1424,372,835,222,60
1034,1,234,Shamela0006610,302,1031,1258,178,95
1034,1,242,Shamela0025800,1457,1041,1269,175,89
1034,1,286,JK007036,69,796,1081,185,73
1034,1,294,ShamAY0034447,1304,799,1052,189,79
1034,1,257,Shamela0005922,1148,1,246,186,91
1034,1,286,Sham19Y0017903,175,142,394,193,85
1034,1,281,Sham19Y0016599,984,207,518,217,85
1034,1,163,Sham19Y0020868,332,458,636,124,86
1035,325,481,Shamela0001438,5049,906,1088,99,65
1035,363,501,Sham19Y0133413,25,649,787,102,90
1035,345,501,Sham19Y0011194,65,1002,1182,109,77
1035,345,501,Sham19Y0017350,240,584,752,109,79
1035,360,501,ShamAY0034263,90,406,536,97,87
1035,345,501,Shamela0037837,194,210,366,124,100
1035,345,501,Sham19Y0017437,307,434,602,109,79
1035,345,481,Shamela0001456,10,189,378,100,67
1035,363,501,Shamela0021744,242,1100,1253,102,84
1035,348,501,Shamela0022645,154,817,982,107,79
1035,363,501,Shamela0008463,641,366,517,110,91
1035,352,501,Shia000107Vols,668,1350,1482,98,83
1035,345,501,Sham19Y0016946,119,1328,1484,124,100
1035,345,501,JK007107,62,853,1025,109,79
1035,345,501,Shamela0021715,1151,759,915,124,100
1035,360,481,Sham19Y0127677,2937,174,331,89,71
1035,345,561,Sham19Y0127677,13848,450,647,145,80
1035,360,561,ShamAY0036028,16,681,863,132,78
1035,363,501,Sham19Y0019188,626,244,382,110,100
1035,345,501,Sham19Y0016684,328,176,332,124,100
1035,345,510,Sham19Y0018106,584,1154,1319,127,97
1035,363,501,ShamAY0035035,1410,1341,1501,105,81
1035,345,501,Sham19Y0018103,711,386,542,124,100
1035,345,501,JK000110,145,220,375,123,99
1035,360,501,Sham19Y0014309,1458,896,1069,105,76
1035,360,501,JK006950,1291,724,849,95,85
1035,360,481,Shia002265Vols,2531,964,1121,89,71
1035,390,501,JK007128,45,1,116,84,92
1035,363,517,Sham19Y0037618,604,599,765,117,86
1035,363,501,Sham19Y0037618,615,952,1090,110,100
1035,360,501,Sham19Y0013252,118,1325,1466,112,100
1035,345,510,Sham19Y0013252,1538,981,1146,127,97
1035,345,501,Sham19Y0013252,1539,521,677,124,100
1035,363,501,JK000299,205,1325,1478,102,84
1035,363,501,Sham19Y0013769,2039,626,760,107,97
1035,345,501,Sham19Y0014224,197,411,579,109,79
1035,337,501,Shamela0011385,2387,479,676,115,75
1035,352,501,Sham19Y0013572,65,1022,1170,108,88
1035,345,501,Sham19Y0013605,1060,145,301,124,100
1035,360,501,Shamela0007289,7089,581,726,107,93
1035,360,501,Sham19Y0013667,2189,684,822,102,87
1035,345,501,Shamela0096283,71,188,344,116,94
1035,345,501,Shamela0005756,2914,233,389,124,100
1035,345,501,Sham19Y0148486,1417,364,556,119,78
1035,380,501,Shamela0001875,283,1,122,97,100
1035,702,963,JK000533,2160,1,322,189,75
1035,360,501,Sham19Y0127656,96,1095,1235,103,90
1035,337,501,JK007036,69,436,600,119,83
1035,325,501,Sham19Y0150600,142,924,1113,119,77
1035,345,501,Shamela0000137,907,1288,1448,119,94
1035,363,501,Shamela0005922,705,1122,1264,105,93
1036,678,931,Shamela0008540,1355,720,967,191,94
1036,681,1075,Sham19Y0020944,216,215,569,232,76
1036,678,1075,Shamela0117359,286,222,577,234,75
1036,678,931,Shamela0006025,286,211,465,198,98
1036,648,931,Shamela0026668,403,1141,1417,176,72
1036,104,486,Shamela0009242,1069,831,1403,295,65
1036,799,1075,Sham19Y0020591,385,1,238,136,64
1036,678,1075,Sham19Y0131521,1514,9,367,236,75
1036,235,426,Shamela0000767,527,476,669,142,91
1036,11,418,Shamela0010657,481,110,615,160,37
1036,224,455,JK000201,965,906,1129,175,96
1036,1,455,Shamela0006610,254,676,1140,231,47
1036,678,931,Sham19Y0014601,1830,307,561,199,98
1036,1,418,Shamela0025800,1512,752,1096,174,44
1036,191,362,Sham19Y0017903,310,1134,1319,116,74
1038,441,887,Sham19Y0016562,596,618,1105,350,86
1038,1325,1593,Shamela0007332,295,174,385,168,78
1038,441,582,Shamela0021813,173,1308,1451,87,74
1038,113,349,Sham19Y0147104,621,727,936,154,82
1038,441,586,Sham19Y0147104,621,1423,1568,118,100
1038,586,1415,Sham19Y0147104,622,1,476,340,50
1039,1,235,Shamela0007332,295,385,619,181,96
1040,1,574,Shamela0011814,105,955,1521,386,76
1041,461,690,Shamela0021660,2246,1316,1557,177,91