ms1,b1,e1,id2,ms2,b2,e2,ch_match,matches_percent
1,33,353,Shamela0003118,2370,87,577,199,47
1,389,634,Shamela0000782,785,1,278,152,67
1,7,482,JK000021,2872,35,568,310,68
1,33,630,Shamela0009810,1505,692,1496,374,55
1,33,822,Shia001731Vols,883,220,1076,421,56
1,117,278,Shamela0096551,133,397,558,129,100
1,120,630,Tafsir09050,1516,1370,1563,143,35
1,33,353,Sham19Y0038171,1762,116,398,194,75
1,33,353,ShamAY0034128,531,1000,1256,178,69
1,362,630,ShamAY0032789,2,914,1329,185,55
1,1,963,ShamAY0038174,1,532,1510,754,97
1,963,1416,ShamAY0038174,2,1,462,346,95
1,183,904,Shamela0021550,441,861,984,60,9
1,374,822,Shamela0025794,3330,284,696,224,56
1,12,414,Shamela0021809,1187,685,1056,208,59
1,33,353,Shamela0023177,362,341,609,182,70
1,109,630,Shia002702Vols,3868,785,994,149,35
1,188,353,Shia002265Vols,772,1083,1241,115,84
1,86,488,Shamela0012884,2366,76,466,232,71
1,120,1040,Shamela0022842,226,312,582,154,20
1,362,948,Shamela0001453,22,853,1314,122,18
1,120,630,ShamIbadiyya0000193,1469,1043,1198,90,20
1,7,477,ShamAY0033945,2429,24,629,314,65
1,33,353,Sham19Y0037618,4547,910,1185,190,74
1,374,1033,Sham19Y0148271,1906,787,1280,218,35
2,1084,1389,Shamela0003118,3557,1143,1417,171,67
2,138,736,Shamela0009768,162,548,948,206,43
2,138,457,JK000021,2836,176,627,165,38
2,523,1051,JK000021,2884,1,500,336,76
2,1037,1403,JK000021,2888,1,343,263,91
2,979,1403,JK000021,2909,153,551,239,65
2,691,919,Shia004042Vols,306,1278,1490,155,84
2,103,736,Sham19Y0016759,42,655,1208,236,47
2,167,457,Shamela0098087,157,135,313,116,49
2,961,1403,Shamela0036357,1309,349,674,230,64
2,1087,1403,Tafsir09050,2664,609,851,148,57
2,90,731,ShamAY0033973,132,233,840,230,40
2,967,1403,ShamAY0038389,279,629,1277,290,53
2,669,957,Shia002185Vols,4031,875,1167,195,79
2,1087,1403,Shia002185Vols,4055,671,956,209,81
2,148,613,Shia002185Vols,4055,440,691,135,34
2,609,961,JK006801,782,925,1309,266,87
2,44,223,Shamela0007351,496,8,188,139,98
2,1084,1403,Shamela0006590,581,899,1072,126,51
2,961,1403,JK001293BK1,991,287,598,222,63
2,315,585,ShamAY0035035,6578,482,1091,125,23
2,1099,1403,ShamAY0035035,6579,690,1143,203,55
2,669,975,ShamAY0035035,6602,1156,1469,226,88
2,1,967,ShamAY0038174,2,462,1440,752,97
2,967,1403,ShamAY0038174,3,1,441,342,99
2,1087,1403,Shamela0021550,442,202,494,221,88
2,106,736,Shamela0013026,20,699,1366,241,39
2,613,1065,Shamela0021809,2813,216,678,252,62
2,666,961,Shamela0021654,983,778,1058,204,81
2,1001,1403,Sham19Y0127677,15680,23,439,297,86
2,1005,1403,Shamela0023700,1385,827,1170,242,77
2,669,957,Masaha002979Vols,652,1036,1323,202,81
2,1087,1403,JK000001,1867,453,747,227,91
2,315,585,JK000001,1867,53,332,135,50
2,669,979,JK000001,1879,421,736,226,88
2,961,1403,JK000916,11509,488,870,244,68
2,669,989,Shamela0021765,2593,1129,1445,214,78
2,961,1399,JK000693,22,176,554,260,74
2,1087,1403,ShamAY0033731,80,951,1211,157,59
2,297,463,Shamela0026324,3074,726,861,83,60
2,961,1403,Shamela0000736,4153,551,987,318,86
2,1,572,Shamela0021502,204,119,544,167,31
2,223,457,Shia002103Vols,104,150,364,130,61
2,235,736,Shamela0008203,249,1,445,196,39
2,669,961,Shamela0022892,37,438,734,200,79
2,248,457,Shamela0026884,437,627,843,140,80
2,1087,1403,ShamIbadiyya0000193,2584,382,586,133,53
2,1001,1328,ShamAY0033945,1430,327,493,117,45
2,244,457,ShamAY0033945,2430,1005,1224,158,90
2,1001,1403,ShamAY0033945,2431,855,1261,297,88
2,227,736,ShamAY0033945,2442,73,562,186,39
2,637,1112,ShamAY0033945,2447,929,1479,274,58
2,609,961,Sham19Y0037618,4749,1017,1401,266,87
2,597,989,Sham19Y0037618,4750,267,664,258,80
2,666,961,ShamAY0034809,494,1028,1320,223,91
3,570,688,Shamela0009768,162,994,1112,93,100
3,1,157,JK000021,2888,343,507,110,85
3,1004,1343,JK000021,2915,1080,1448,181,55
3,1115,1384,JK009390,4858,1230,1519,137,59
3,1268,1384,Shamela0001438,5775,276,379,75,85
3,570,688,Sham19Y0016759,42,1134,1265,93,90
3,1,288,Shia003732Vols,4241,469,698,129,58
3,1,144,Shamela0036357,1309,674,814,107,96
3,1074,1216,Kraken22041319410300,49,547,671,93,82
3,1,148,Sham19Y0038171,1765,260,406,107,95
3,1,144,ShamAY0038389,279,1277,1421,110,99
3,1,144,Shia002185Vols,4055,956,1096,104,95
3,1,144,Shamela0006590,581,1072,1212,107,96
3,1,144,JK001293BK1,991,598,738,106,95
3,1,148,ShamAY0035035,6579,1143,1333,105,72
3,1,968,ShamAY0038174,3,441,1422,755,97
3,968,1384,ShamAY0038174,4,1,427,322,97
3,1,144,Shamela0021550,442,494,636,107,97
3,688,1026,Sham19Y0020882,142,354,846,180,45
3,1,144,Sham19Y0127677,2753,371,547,94,68
3,1275,1384,Sham19Y0127677,3914,36,132,73,88
3,1074,1216,Sham19Y0127677,14580,225,349,93,82
3,1,148,Sham19Y0127677,15680,439,582,107,95
3,1,267,JK000001,1867,747,1017,138,68
3,1,144,JK000693,22,558,708,110,95
3,1148,1384,Shia002265Vols,974,391,643,126,60
3,688,864,Shamela0008494,139,606,787,108,69
3,894,1026,Shamela0008494,164,517,647,82,80
3,1,214,Shamela0000736,4153,987,1208,124,63
3,1066,1384,Shamela0021502,204,951,1147,141,56
3,541,642,Shia002103Vols,147,1012,1138,78,80
3,1,148,ShamAY0033945,2431,1261,1405,108,95
3,1210,1384,JK007082,102,208,379,127,93
3,1074,1343,ShamAY0034809,499,292,487,118,56
3,898,1026,ShamAY0034809,501,746,890,84,78
3,1074,1216,Shia002294Vols,359,727,851,93,82
3,1210,1384,Shia003697,268,1127,1300,119,87
3,1,144,Kraken220413194132,222,1305,1448,106,96
4,104,400,JK000021,2873,1124,1418,204,84
4,116,439,JK009174,57,565,882,198,67
4,673,818,Shamela0012031,756,1084,1224,93,82
4,1098,1219,Shia001432Vols,24645,65,164,71,69
4,975,1219,Shia004092Vols,12340,1064,1261,104,52
4,997,1219,Shia004021,178,1234,1372,107,61
4,229,362,Shamela0010283,1119,496,629,106,100
4,229,617,Sham19Y0038171,1766,157,885,256,42
4,997,1376,ShamAY0038389,299,1377,1535,123,40
4,1,110,ShamAY0038389,302,1020,1129,86,100
4,1,104,Shia002102,14,925,1028,81,100
4,975,1219,Rafed0002654Vols,12691,350,545,104,53
4,457,617,ShamAY0035035,6581,67,257,129,82
4,963,1439,ShamAY0035035,6628,498,920,267,64
4,1,1019,ShamAY0038174,4,427,1461,808,98
4,1019,1488,ShamAY0038174,5,1,446,353,94
4,261,617,Shamela0021550,442,840,1224,209,63
4,963,1439,Kraken220413202218,588,1216,1549,245,65
4,684,896,Kraken220413202218,589,101,476,122,40
4,191,362,JK000001,1867,1291,1463,117,85
4,261,617,JK000001,1868,1,439,171,38
4,963,1439,JK000001,1890,565,978,257,64
4,396,617,Sham19Y0014592,1873,712,928,153,84
4,1,126,Shamela0025791,957,872,989,80,82
4,691,806,Shamela0021502,204,1261,1378,84,94
4,1,135,Shamela0021502,204,1147,1281,91,88
5,170,397,Shamela0021660,1971,1384,1582,143,77
5,200,453,Shia001390,16,248,486,176,85
5,207,453,Shia004042Vols,308,868,1103,177,86
5,836,1223,JK000022,3078,654,1094,276,75
5,1288,1451,Shia001432Vols,6400,1208,1354,118,89
5,167,453,Shia001432Vols,6401,1158,1405,183,77
5,167,409,Sham19Y0017796,16,902,1136,139,65
5,163,957,Shamela0098087,158,195,1040,386,43
5,897,1210,Shia002959,432,343,565,174,69
5,1274,1451,Shamela0010283,1119,722,881,128,89
5,111,457,ShamAY0038389,300,639,950,232,81
5,457,858,ShamAY0038389,301,1238,1609,270,80
5,858,1174,ShamAY0038389,302,1,217,167,65
5,1274,1451,Shia002185Vols,4055,1199,1360,121,84
5,167,453,ShamAY0035035,6629,476,766,207,81
5,612,836,ShamAY0035035,6630,32,240,156,85
5,1,1070,ShamAY0038174,5,446,1515,843,97
5,1070,1488,ShamAY0038174,6,1,428,327,96
5,167,457,Kraken220208041038,289,979,1256,201,84
5,111,453,Kraken220413202218,589,774,1100,254,92
5,457,1239,Kraken220413202218,590,311,1128,585,89
5,170,457,Masaha002979Vols,31,8,244,159,67
5,1274,1451,JK000001,1868,667,818,119,83
5,167,1210,JK000001,1891,68,1133,618,58
5,140,405,Shamela0025791,987,1225,1479,201,94
5,111,405,JK007063,13,247,516,205,86
6,339,624,Shamela0003118,5420,1297,1548,191,83
6,985,1249,Shamela0003118,5421,943,1180,187,86
6,1032,1255,Shamela0010646,29,5,232,158,81
6,263,459,JK000022,2915,1254,1439,140,91
6,77,267,JK000022,2916,1285,1457,118,76
6,1032,1255,Zaydiyya0000341,15,900,1127,152,78
6,62,255,Shia001432Vols,6400,1359,1541,143,90
6,550,914,Shia001432Vols,6401,1,270,215,70
6,1020,1243,Shia001432Vols,26103,498,743,155,77
6,1020,1255,Shia004021,259,402,652,160,76
6,1020,1255,Tafsir03037,2099,797,1039,159,78
6,62,624,Shamela0010283,1119,870,1132,199,43
6,546,1255,ShamAY0038389,304,1072,1378,240,41
6,1006,1216,Shamela0022347,26,1245,1461,165,92
6,62,213,ShamAY0035035,6581,1389,1537,113,90
6,213,1265,ShamAY0035035,6582,1,744,358,35
6,339,558,ShamAY0035035,8221,465,671,159,89
6,1,1073,ShamAY0038174,6,428,1511,854,98
6,1073,1517,ShamAY0038174,7,1,449,357,99
6,546,1110,Kraken220413202218,587,1348,1509,122,27
6,1115,1255,Kraken220413202218,588,1,141,115,99
6,62,1255,JK000001,1868,823,1413,442,44
6,1261,1501,JK001288,89,693,899,128,67
6,244,624,JK000916,18798,775,1107,241,78
6,628,918,JK000916,18799,1093,1375,215,87
6,918,1265,JK000916,18801,687,1026,253,89
6,1261,1469,JK000916,22311,267,457,111,56
6,48,624,ShamIbadiyya0000109,7179,855,1110,205,44
6,244,624,Shamela0012884,993,843,1030,100,33
6,879,1295,Shamela0012884,1004,8,466,244,65
6,1020,1255,JK009237,6055,1149,1386,160,79
6,1020,1255,Shamela0010273,2335,346,588,159,78
6,498,1083,MMS00013,2915,880,1595,233,29
6,1083,1255,MMS00013,2916,1,171,136,97
6,1255,1461,Shia002011,20,446,660,137,75
6,628,981,JK007082,194,1133,1499,226,69
6,328,659,JK007082,195,1,319,211,73
7,146,265,Shamela0000782,692,192,729,52,11
7,123,362,Sham19Y0001734,299,1,250,164,81
7,117,362,JK000021,2867,1158,1386,178,92
7,511,703,JK000021,2883,1167,1352,144,95
7,142,362,Shamela0021635,94,618,1119,155,39
7,146,362,Sham19Y0123581,66,344,557,144,79
7,935,1265,JK000022,2235,329,655,185,61
7,167,261,Shamela0026429,145,1375,1469,73,100
7,227,362,Sham19Y0016759,33,411,564,102,80
7,142,362,ShamAY0032781,33,47,273,149,82
7,1010,1185,Shamela0098087,157,1206,1374,125,92
7,142,298,Shamela0012860,207,1273,1433,113,89
7,962,1185,ShamAY0038389,271,595,819,152,84
7,167,335,Shamela0013178,328,1239,1407,118,84
7,138,409,JK008250Vols,123,1030,1309,158,65
7,1,1010,ShamAY0038174,7,449,1472,791,97
7,1010,1400,ShamAY0038174,8,1,375,289,94
7,117,362,Shamela0013026,26,121,367,156,74
7,123,362,Shamela0004289,820,470,723,144,71
7,167,298,Shamela0021809,2207,414,982,102,23
7,923,1185,Sham19Y0020882,148,794,1054,168,75
7,224,323,Sham19Y0127677,134,742,1093,55,20
7,183,356,Shamela0023700,1662,745,908,120,89
7,138,362,Shamela0023700,1940,1195,1448,144,71
7,999,1185,Kraken220413202218,587,588,767,134,95
7,138,362,ShamAY0034644,12,1124,1379,150,75
7,1,178,ShamAY0032927,26,256,791,100,23
7,999,1185,Shia002616Vols,2396,1364,1475,76,51
7,999,1185,Shamela0010664,639,971,1182,131,78
7,1,112,ShamAY0033956,465,729,1100,67,23
7,146,433,Shamela0008494,10,90,367,157,67
7,923,1191,Shamela0008494,37,1079,1345,172,75
7,1,112,Sham19Y0017798,740,962,1334,67,23
7,138,356,JK009408,1634,526,744,127,70
7,142,362,JK009408,1749,1196,1412,137,74
7,302,703,Shamela0021502,204,768,918,90,28
7,146,302,Shia002103Vols,329,1164,1337,117,84
7,142,388,ShamAY0032921,123,137,391,150,72
7,117,362,Shia002231Vols,631,820,1073,166,80
7,999,1185,Shamela0023594,545,670,867,133,87
7,999,1185,Shamela0023594,982,1006,1196,124,84
7,142,362,ShamAY0033945,2320,753,978,152,83
7,142,417,ShamAY0033945,2432,97,414,181,66
7,142,362,ShamAY0033945,2540,881,1126,145,73
7,142,424,Shamela0001733,3608,706,974,173,68
8,257,555,Shamela0003118,2744,334,597,173,65
8,555,746,JK000021,2905,85,257,135,89
8,195,555,JK000022,716,499,835,237,81
8,281,555,ShamAY0034059,2042,36,345,206,77
8,267,555,Shia001432Vols,6191,897,1173,201,85
8,824,1242,Shia004021,175,1172,1592,295,82
8,824,1000,Shamela0010283,1126,1378,1531,123,86
8,982,1410,Shamela0010283,1127,1,409,299,88
8,824,1366,Shia002185Vols,4033,732,1297,395,84
8,281,555,Shia003749,396,1169,1377,159,69
8,281,555,ShamAY0035035,6583,652,988,206,75
8,804,1280,ShamAY0035035,6614,941,1473,337,76
8,1,1078,ShamAY0038174,8,375,1462,853,98
8,1078,1478,ShamAY0038174,9,1,399,317,99
8,733,1366,ShamAY0033560,9,702,1327,430,81
8,231,581,Zaydiyya0000268,11,368,673,159,55
8,281,555,Kraken220208041038,204,1018,1327,197,75
8,281,596,JK000001,1869,134,423,206,80
8,925,1366,JK000001,1885,1,439,329,90
8,231,591,JK000916,8429,601,916,232,80
8,54,195,Shamela0021502,205,87,224,109,94
8,249,555,Shamela0021502,207,1130,1422,230,93
8,377,567,JK007082,416,1,191,143,93
8,768,1366,JK007082,513,447,1036,423,83
9,256,1170,JK000022,533,361,1465,410,39
9,1282,1538,JK000022,534,264,692,172,48
9,256,808,JK000022,2275,991,1487,382,85
9,808,1538,JK000022,2276,9,720,562,95
9,698,1145,Shia001432Vols,24633,282,829,261,54
9,1114,1538,Shia001432Vols,24633,786,1524,244,40
9,343,1538,Shia004021,176,119,1303,899,92
9,343,745,Shamela0098087,157,318,610,202,57
9,705,1494,Kraken220413030759,455,558,1509,458,54
9,343,698,Sham19Y0023644,3689,1291,1589,147,43
9,634,966,Sham19Y0023644,3690,8,502,186,39
9,343,1206,Shamela0010283,1125,763,1632,657,90
9,1206,1538,Shamela0010283,1126,1,336,257,96
9,256,379,Shamela0012403,1043,1043,1164,87,92
9,784,1538,Shamela0012403,1044,7,1435,511,42
9,329,1507,ShamAY0038389,303,207,1611,878,73
9,343,627,Shia002185Vols,4033,1302,1551,190,84
9,634,1538,Shia002185Vols,4034,1,933,661,84
9,357,1532,ShamAY0035035,6615,179,1560,830,70
9,1,1139,ShamAY0038174,9,399,1537,917,99
9,1139,1538,ShamAY0038174,10,1,400,319,100
9,269,705,ShamAY0038174,64,264,842,216,39
9,808,1101,ShamAY0033560,9,1327,1612,219,89
9,1101,1257,ShamAY0033560,10,1,149,114,90
9,329,1494,Sham19Y0018612,59,547,1552,760,77
9,238,1487,Kraken220413202218,586,268,1562,918,82
9,343,1482,JK000001,1885,444,1573,873,93
9,329,1538,Shamela0021502,209,30,1082,820,82
9,705,1055,Shamela0006650,17,1051,1563,233,51
9,372,666,Shamela0006650,17,1,485,156,40
9,1175,1494,Shamela0006650,18,269,825,216,48
9,343,1538,Shamela0021493,273,191,1350,899,91
9,808,1257,JK007082,513,1036,1478,352,95
9,1,379,JK007082,514,65,461,154,39
9,306,1164,ShamAY0034809,684,762,1577,620,85
9,1164,1538,ShamAY0034809,685,1,369,285,96
10,1158,1373,Shamela0003118,5421,794,985,127,77
10,1091,1323,JK000021,2870,626,851,174,93
10,1329,1523,JK000021,2908,1268,1455,146,93
10,1311,1523,JK009174,28,766,980,161,93
10,1184,1316,Sham19Y0036072,169,594,725,89,81
10,1323,1523,JK000022,32,961,1152,142,85
10,1,438,JK000022,534,697,1422,288,46
10,1,870,JK000022,2276,720,1552,633,90
10,874,1104,JK000022,2277,4,211,153,80
10,1184,1409,Shamela0023790,487,1152,1366,103,53
10,1307,1523,Shamela0012406,860,929,1148,152,85
10,905,1091,Shia001432Vols,6326,808,959,95,55
10,911,1091,Shia001432Vols,24316,40,184,90,54
10,674,1091,Shia001432Vols,24634,1050,1395,237,63
10,865,1091,Shia001432Vols,26035,303,567,139,58
10,1,250,Shia004021,176,1303,1556,193,94
10,255,1091,Shia004021,177,1,662,484,68
10,133,674,Shamela0098087,157,690,1200,377,83
10,1307,1523,Shamela0003617,20,1138,1364,158,88
10,1350,1523,Sham19Y0023644,1691,1089,1259,120,85
10,1,1091,Shamela0010283,1126,336,1367,810,91
10,679,857,Sham19Y0038171,1776,201,368,130,89
10,84,510,Shamela0012403,1045,54,822,280,44
10,1121,1323,ShamAY0038389,292,832,1027,143,87
10,1,674,ShamAY0038389,304,36,563,404,73
10,517,972,Shia002102,16,981,1530,242,45
10,8,504,Shia002102,16,86,766,263,46
10,1,652,Shia002185Vols,4034,933,1592,482,87
10,656,1091,Shia002185Vols,4035,4,389,291,78
10,911,1091,Shia003749,440,561,706,90,54
10,865,1091,Shia001340,389,165,429,135,57
10,1,857,ShamAY0035035,6616,7,1508,606,48
10,720,1091,ShamAY0035035,6617,99,545,218,50
10,1,1140,ShamAY0038174,10,400,1531,907,98
10,1140,1523,ShamAY0038174,11,1,388,302,97
10,30,674,Sham19Y0018612,60,1,477,359,69
10,1121,1405,Sham19Y0020882,146,1072,1390,161,57
10,1311,1523,Sham19Y0127677,15774,712,918,147,83
10,1,674,Kraken220413202218,587,52,583,414,75
10,1,966,JK000001,1886,59,1528,744,61
10,966,1091,JK000001,1887,1,124,99,98
10,1095,1316,JK000916,18801,306,512,159,90
10,1137,1316,Sham19Y0014592,1455,984,1184,137,86
10,1121,1329,Shamela0008494,94,312,525,151,85
10,1137,1316,Shamela0012884,993,1193,1371,141,99
10,1121,1311,Shamela0030435,8,942,1104,117,76
10,1,830,Shamela0021502,209,1082,1475,316,46
10,238,510,Shamela0006650,19,82,525,164,46
10,1311,1523,Shamela0006870,478,15,225,140,76
10,1382,1523,Shamela0021493,5,1058,1199,113,99
10,1,209,Shamela0021493,273,1350,1559,164,97
10,209,1091,Shamela0021493,274,1,823,634,87
10,1130,1346,ShamAY0034809,494,357,582,156,88
10,1373,1523,ShamAY0034809,496,756,907,122,99
10,1,1091,ShamAY0034809,685,369,1401,785,88
10,1137,1316,Shia002294Vols,337,29,200,124,85
11,1,129,JK009390,4530,123,251,106,100
11,518,814,JK000030,47,1128,1378,154,58
11,1,518,JK009174,28,980,1535,384,84
11,518,1461,JK009174,29,1,1073,713,83
11,1,143,Shamela0001438,4461,102,238,106,90
11,492,680,Shamela0012031,700,1185,1367,142,95
11,1,143,Shamela0012406,860,1148,1291,114,97
11,211,824,ShamAY0035035,9448,482,1157,234,36
11,211,544,ShamAY0035035,9465,743,1164,161,47
11,1,1124,ShamAY0038174,11,388,1496,865,95
11,1124,1461,ShamAY0038174,12,1,346,266,97
11,527,680,ShamAY0034857,256,1091,1257,116,85
11,1,129,Sham19Y0127677,2788,845,973,106,100
11,424,728,Shamela0026677,9,610,961,210,72
11,211,1182,JK000001,3134,795,1267,346,44
11,687,1089,JK001288,98,400,871,172,38
11,1182,1384,Shamela0012985,38,144,346,139,83
11,202,424,Shamela0012884,5166,360,550,141,80
11,1,169,Shamela0006870,478,225,386,117,80
11,1058,1182,Sham19Y0037618,4721,588,712,97,100
12,755,1502,Shamela0003118,6890,588,1261,343,46
12,277,492,JK000021,986,560,765,150,85
12,1,271,JK009174,29,1073,1356,175,75
12,156,472,JK009174,32,999,1322,176,69
12,693,1056,Shamela0023789,552,876,1205,197,61
12,755,1217,Shia004042Vols,305,189,583,301,78
12,722,1502,Shamela0012031,9,1,733,403,52
12,525,1056,JK000022,8,940,1394,259,56
12,520,1502,JK000022,9,227,1117,472,48
12,675,1129,Meshkat00057178,2493,737,1177,261,62
12,685,1502,Shamela0023790,445,703,1483,403,48
12,770,1502,Shamela0012406,167,1,665,356,50
12,529,1339,Shia001432Vols,5765,1012,1597,445,66
12,1347,1535,Shia001432Vols,5766,10,226,146,80
12,937,1145,JK000381,2950,346,581,155,81
12,520,1535,Shia004021,177,674,1493,607,70
12,675,1107,Sham19Y0023644,451,864,1231,226,60
12,497,1012,Sham19Y0017530,22,1133,1578,239,53
12,520,1145,Sham19Y0017530,23,931,1504,367,65
12,529,1549,Shia001417,51,53,835,547,64
12,520,1531,Shamela0010283,1127,388,1262,697,83
12,681,1145,Kraken22021802055200,203,678,1106,292,73
12,681,1455,ShamAY0038389,289,466,1306,372,43
12,529,1531,Shia002185Vols,4035,425,1364,708,84
12,693,1578,ShamAY0035035,6618,1,1102,614,65
12,529,1531,Shia001391,87,202,1033,605,70
12,1,1202,ShamAY0038174,12,346,1545,955,97
12,1202,1578,ShamAY0038174,13,1,381,303,97
12,693,1502,Sham19Y0020882,235,1,788,416,51
12,755,1145,JK000328,19,470,836,243,75
12,1171,1410,Shamela0095735,146,995,1236,196,97
12,675,1502,Shamela0008473,3082,765,1494,374,45
12,520,1531,JK000001,1887,136,1074,739,88
12,755,1502,JK000916,24064,548,1224,348,46
12,472,1535,JK000916,24065,300,1354,815,91
12,729,1502,Sham19Y0014592,616,1,744,405,52
12,675,1145,Sham19Y0014592,1719,684,1204,330,76
12,472,801,JK000042,36,1109,1434,251,94
12,801,1535,JK000042,37,1,742,585,95
12,675,1502,Shamela0008494,66,579,1388,431,51
12,751,1114,Kraken220414225509,205,367,645,168,50
12,937,1145,JK000079,25,1130,1365,155,81
12,879,1502,Shamela0012884,3356,1,589,287,44
12,675,1502,JK007063,161,427,1217,415,51
12,466,1428,JK000002,3,575,1545,752,93
12,466,1152,ShamAY0038157,4,808,1484,521,91
12,1152,1571,ShamAY0038157,5,1,421,323,92
12,755,1180,JK007082,374,1014,1410,267,74
12,290,479,ShamAY0034809,181,71,256,141,95
12,693,1502,Shamela0009384,2,11,799,420,51
13,21,949,Shamela0003118,5400,563,1417,534,65
13,707,1178,Shamela0003118,5401,62,403,175,38
13,1,176,JK000021,470,26,198,133,94
13,21,890,JK000022,2264,642,1513,510,63
13,726,1183,JK000022,2265,66,659,216,42
13,25,1183,Shamela0023790,446,337,1212,678,71
13,42,937,Shia001432Vols,6370,309,1135,453,56
13,46,937,Shia004021,167,1,803,442,55
13,1,176,ShamAY0038149,5,1104,1282,131,90
13,230,937,Shia001417,68,1,616,330,52
13,42,419,Shia001174Vols,4660,1099,1497,241,68
13,25,297,Shia001391,48,563,792,162,72
13,1,1159,ShamAY0038174,13,381,1537,923,99
13,1159,1481,ShamAY0038174,14,1,329,256,98
13,21,414,Shia003721Vols,539,1100,1474,255,74
13,414,1170,Shia003721Vols,540,1,931,418,49
13,21,1001,JK000916,18758,397,1494,577,57
13,1,1026,JK000916,18759,527,1510,741,88
13,1026,1286,JK000916,18760,1,245,139,65
13,21,606,Sham19Y0014592,1154,863,1545,408,71
13,606,1183,Sham19Y0014592,1155,1,809,293,39
13,42,937,Shia001122Vols,3478,565,1355,442,55
13,21,1165,MMS00013,2903,347,1564,655,58
13,42,522,Shia001134,471,914,1448,294,62
13,590,937,Shia001134,472,1,222,149,55
13,1,127,Shamela0008254,5,1270,1392,96,96
13,123,398,Shia001153,333,673,976,187,70
13,1,185,ShamAY0034809,102,939,1119,134,90
13,21,949,Shamela0004445,620,427,1265,542,67
14,84,204,Shia001171,471,221,338,92,94
14,471,950,Shia001390,15,1167,1564,284,68
14,953,1222,Shia001390,16,1,229,176,82
14,364,843,JK000021,2927,715,1183,354,89
14,471,820,JK009390,6678,896,1255,264,86
14,471,820,Shamela0001438,6897,160,487,259,89
14,480,808,Shia004042Vols,308,1231,1562,265,96
14,275,407,Shamela0012031,740,417,542,91,88
14,40,280,Shamela0012031,942,116,342,153,75
14,467,799,ShamAY0034059,971,919,1257,254,88
14,403,808,Shamela0009823,65,987,1346,283,84
14,458,808,Shamela0098087,158,482,817,254,83
14,364,1222,ShamAY0038389,301,723,1498,413,50
14,812,1222,ShamAY0038389,302,635,985,268,82
14,1261,1404,ShamAY0038389,305,802,939,105,90
14,52,379,Shia002185Vols,4031,1245,1502,186,69
14,84,204,ShamAY0035035,6603,879,1013,94,84
14,448,1222,ShamAY0035035,6631,21,1062,518,57
14,480,808,Shamela0000482,605,788,1107,257,92
14,1,1192,ShamAY0038174,14,329,1530,947,98
14,1192,1502,ShamAY0038174,15,1,319,242,96
14,208,383,ShamAY0038174,28,98,279,138,96
14,275,391,ShamAY0034857,290,1094,1209,88,96
14,40,204,ShamAY0034857,453,1232,1404,130,91
14,217,379,Sham19Y0020882,136,208,366,113,84
14,480,808,Shamela0021654,986,1227,1584,236,76
14,471,808,Sham19Y0127677,4884,391,714,257,90
14,850,1105,Kraken220208041038,289,1252,1517,172,77
14,467,808,Sham19Y0096918,315,878,1237,281,94
14,364,812,ShamAY0033760,429,909,1338,315,84
14,1226,1404,Kraken220413202218,588,652,838,137,89
14,383,549,Kraken220413202218,589,1451,1610,121,89
14,812,1222,Kraken220413202218,590,1106,1478,287,87
14,549,959,Kraken220413202218,590,1,462,232,58
14,52,379,JK000001,1879,1061,1443,191,59
14,448,967,JK000001,1891,1138,1597,367,85
14,967,1222,JK000001,1892,1,248,178,82
14,230,458,JK001288,49,200,413,112,50
14,234,379,JK000916,22318,1267,1405,107,93
14,480,808,JK000076,70,324,639,247,90
14,471,820,Shia002265Vols,976,1171,1511,268,92
14,69,379,ShamIbadiyya0000109,7191,833,1347,187,43
14,217,383,Shamela0008494,329,956,1120,116,83
14,480,808,Shamela0025791,988,5,334,265,96
14,388,854,Shia002011,20,1,446,338,88
14,34,208,JK007082,649,9,195,137,89
14,411,820,ShamAY0034809,505,875,1280,319,94
15,1165,1373,JK000021,2892,243,437,150,90
15,891,1171,Shamela0013027,95,48,174,95,43
15,220,641,JK000022,2858,1,418,313,91
15,1,1181,ShamAY0038174,15,319,1503,926,97
15,1181,1481,ShamAY0038174,16,1,310,238,96
15,1193,1383,Sham19Y0020882,133,115,342,139,76
15,913,1222,Sham19Y0020882,242,998,1273,130,48
15,987,1203,JK000786,3629,272,486,129,66
15,720,1162,Kraken220413202218,967,881,1166,201,56
15,1009,1234,JK001288,55,14,233,130,68
15,1003,1203,Shamela0008494,57,188,368,127,75
15,712,1165,Shamela0012884,993,91,465,113,23
15,973,1171,JK007082,416,411,592,122,76
16,389,854,Shamela0003118,6106,62,562,246,49
16,364,854,Shamela0009768,161,823,1288,257,55
16,386,690,ShamAY0036031,142,1105,1335,162,64
16,196,872,Sham19Y0001734,2348,199,834,337,59
16,305,854,JK000021,516,432,1016,320,62
16,305,679,JK000021,2858,1152,1396,177,60
16,309,668,ShamAY0032913,2,1152,1481,222,72
16,79,763,JK009174,27,279,787,334,58
16,15,477,JK000946,58,598,1040,235,57
16,555,858,Shamela0001438,3350,614,873,134,43
16,305,690,JK000022,1136,828,1175,260,85
16,458,854,Shia001782Vols,3796,790,1102,180,58
16,389,854,Shia001432Vols,7094,976,1381,170,41
16,417,690,Shia001432Vols,24645,851,1068,152,70
16,386,854,Shia003732Vols,2904,739,1232,218,43
16,1,854,Shia003732Vols,2906,500,1264,315,37
16,196,690,Shia003732Vols,3180,1025,1422,251,64
16,15,477,Shia001976Vols,988,818,1211,179,43
16,109,477,Shia001976Vols,1033,1121,1409,169,50
16,335,788,Shamela0022657,4,1019,1459,273,67
16,1,313,JK007049,51,1006,1270,154,62
16,386,690,Kraken220413030759,653,1190,1474,204,79
16,190,854,Sham19Y0023644,1530,616,1203,258,39
16,343,854,ShamAY0033973,137,971,1404,265,60
16,196,523,Sham19Y0038171,1776,1162,1526,131,32
16,458,690,Sham19Y0038171,1777,1,187,148,80
16,309,690,Shamela0010798,789,892,1246,262,84
16,309,770,Shamela0010798,1283,420,847,281,77
16,309,770,Shamela0029725,1,1025,1438,278,73
16,109,305,ShamAY0038389,226,680,851,127,82
16,343,690,Shamela0006025,612,378,765,246,76
16,386,854,Shia001340,18,275,716,174,37
16,219,690,ShamAY0035035,6632,236,830,248,50
16,335,523,Shamela0013041,589,988,1159,93,65
16,1,1121,ShamAY0038174,16,310,1453,879,97
16,1123,1419,ShamAY0038174,17,1,301,235,98
16,377,737,Shia003101Vols,572,381,762,222,67
16,364,854,Shamela0025794,579,1,345,205,52
16,224,858,Sham19Y0013223,1179,32,647,241,36
16,79,305,JK000918,209,220,421,122,65
16,109,328,Sham19Y0020882,136,1179,1426,156,77
16,5,854,Sham19Y0020882,221,591,1128,210,27
16,417,854,Sham19Y0020882,222,6,339,198,54
16,555,858,Sham19Y0127677,1871,925,1141,136,55
16,343,568,Sham19Y0127677,10210,298,522,170,96
16,15,477,JK000786,3639,679,1006,175,47
16,510,854,Shamela0008657,255,1129,1440,136,42
16,467,690,Masaha002979Vols,42,1034,1282,139,70
16,83,321,ShamAY0034644,203,1,251,167,82
16,309,690,Shamela0029785,7,1116,1382,191,62
16,343,779,JK000916,21233,1,376,259,75
16,339,696,Shamela0010480,1856,648,1383,186,28
16,555,690,Shia002265Vols,769,199,336,108,98
16,555,858,Shia002265Vols,788,331,546,136,56
16,1,477,Shamela0008494,6,611,1056,203,51
16,309,784,Shamela0008494,12,832,1228,234,58
16,386,690,Shamela0012884,2365,1030,1317,224,93
16,190,854,Shamela0009567,1028,844,1361,240,43
16,109,523,JK000213,537,690,977,155,41
16,1133,1321,ShamAY0001760,37,139,356,88,41
16,131,305,JK011365,7,1174,1332,110,80
16,1,321,JK000624,207,880,1282,172,52
16,190,854,Shamela0012862,919,531,1130,308,51
16,5,477,ShamAY0034447,1091,677,1411,188,27
16,543,858,ShamAY0034447,1124,1,474,157,40
16,196,679,Shia002231Vols,644,960,1424,284,72
16,309,753,Zaydiyya0000342,865,1006,1401,232,60
16,140,854,ShamAY0033945,2432,159,1013,354,47
16,309,854,Sham19Y0148271,1073,640,1078,231,52
16,309,690,Shamela0022526,5,721,1085,244,78
16,386,609,Shia002294Vols,747,1268,1459,138,77
16,313,690,ShamAY0032918,8,142,474,185,61
16,309,690,Shamela0004445,2492,985,1303,206,65
16,309,854,Shamela0004445,2682,915,1335,237,50
16,309,737,ShamAY0033551,20,1056,1441,245,65
16,166,854,Shamela0001733,2641,348,915,269,47
17,41,372,Sham19Y0013572,59,1166,1481,199,73
17,41,372,Shamela0000782,1133,562,865,184,67
17,41,307,Sham19Y0016555,370,1220,1486,149,65
17,22,400,Sham19Y0001734,1633,726,1104,236,75
17,1079,1312,JK000021,1778,430,648,164,86
17,204,343,Tafsir02091,1907,1381,1526,96,75
17,1,400,Tafsir02091,1909,906,1371,184,46
17,121,400,JK009390,4211,65,346,190,77
17,41,372,Sham19Y0122187,934,893,1183,181,68
17,41,400,Sham19Y0020638,664,306,671,224,73
17,41,262,Shamela0001438,5239,1235,1471,123,62
17,22,400,Shamela0005816,178,450,834,236,75
17,191,400,Meshkat00057178,3631,1,208,153,88
17,1,186,Shia001976Vols,83,774,944,126,85
17,41,400,JK000977,1361,651,999,206,69
17,55,274,JK007054,213,1287,1516,122,63
17,41,338,Sham19Y0132524,1565,1168,1465,172,67
17,41,400,Shamela0012981,96,229,668,204,58
17,45,400,JK007065,27,451,757,217,74
17,693,888,Kraken220413030759,822,953,1128,115,68
17,127,400,Shamela0009898,186,1,275,202,89
17,45,400,Sham19Y0023644,1399,935,1278,224,76
17,121,400,Rafed0003726Vols,1503,686,963,188,77
17,151,372,Shia002406Vols,7410,1,209,149,81
17,121,400,Shamela0010283,3406,1,273,191,79
17,50,400,Tafsir06049,6409,334,721,208,64
17,41,400,ShamAY0035249,81,980,1340,236,80
17,204,400,ShamAY0033108,1651,774,996,131,69
17,1,400,Sham19Y0020891,6950,553,950,275,80
17,41,400,Sham19Y0018144,1371,1,361,230,78
17,472,881,ShamAY0035035,6604,582,953,211,62
17,41,307,Sham19Y0150960,1409,1204,1471,160,72
17,1,1141,ShamAY0038174,17,301,1451,897,98
17,1141,1418,ShamAY0038174,18,1,282,216,97
17,191,372,Shamela0013026,31,593,764,129,86
17,121,400,Shamela0025794,65,1,269,192,81
17,41,400,Sham19Y0127677,2928,505,864,218,71
17,208,372,Shamela0008657,302,1,152,116,85
17,121,400,Sham19Y0146127,2238,86,355,193,81
17,45,400,Shamela0025782,14,216,569,214,71
17,4,400,Kraken220413202218,974,204,532,203,57
17,472,615,Masaha002979Vols,32,1274,1421,112,94
17,41,400,Shamela0008473,4830,923,1285,220,71
17,472,881,JK000001,1880,31,345,212,64
17,121,400,Kraken230110004547,72,875,1228,195,66
17,1,400,Shamela0023628,3144,567,965,266,75
17,41,400,Shamela0023628,3485,327,690,228,76
17,41,400,ShamAY0034434,200,991,1366,232,76
17,41,400,Shia002265Vols,595,261,626,221,71
17,1,372,Shamela0023578,2860,615,1081,182,49
17,132,400,Shamela0023578,3220,1,265,189,83
17,888,1079,Shamela0008494,269,1258,1442,119,70
17,41,400,Shamela0001727,814,677,1037,220,71
17,41,372,ShamAY0038638,177,977,1268,182,68
17,41,400,ShamAY0038083,120,551,907,218,72
17,41,372,Shamela0012884,5064,478,778,188,70
17,186,372,Shamela0007370,2710,348,522,131,86
17,121,400,JK006838,151,208,480,193,80
17,45,400,JK000475,1944,561,921,231,78
17,41,400,Tafsir09084,2487,39,401,217,70
17,41,307,Shamela0036446,991,1205,1472,160,72
17,41,400,Sham19Y0148486,4172,422,785,220,71
17,121,400,ShamIbadiyya0000193,3778,48,313,189,79
17,106,400,JK000917,1265,8,310,168,63
17,888,1073,Zaydiyya0000342,794,1349,1532,119,70
17,1073,1312,ShamAY0033945,2434,877,1180,161,66
17,943,1066,Shamela0021493,275,941,1055,89,89
17,41,400,Sham19Y0148271,1753,46,397,216,72
17,41,400,Shamela0025800,427,623,984,230,77
17,121,400,Masaha004678,36,999,1289,205,86
18,123,426,Zaydiyya0000229,300,478,913,168,47
18,1134,1303,JK000021,2915,1309,1461,119,89
18,90,426,JK000021,2916,314,626,231,82
18,675,840,JK000021,2929,442,593,115,89
18,224,403,Shia002102,14,681,858,140,93
18,1,1175,ShamAY0038174,18,282,1477,925,97
18,1175,1453,ShamAY0038174,19,1,283,219,98
18,1069,1331,ShamAY0038174,57,523,749,160,75
18,696,879,JK000786,3688,726,949,115,63
18,758,1006,Kraken220413202218,968,525,697,127,65
18,123,426,Zaydiyya0000352,337,148,582,169,47
18,667,868,Shia002011,17,827,1023,130,76
18,131,403,JK000002,6,638,904,202,92
18,131,408,ShamAY0038157,7,912,1170,193,86
18,159,426,ShamAY0034809,499,608,887,191,81
18,720,855,ShamAY0034809,506,984,1120,98,92
19,1018,1259,Shamela0003118,7713,373,607,171,85
19,389,600,Shamela0000782,622,1001,1245,130,60
19,389,623,JK000021,1778,922,1139,166,88
19,35,623,JK000021,2853,68,684,352,64
19,630,940,JK000021,2909,1067,1368,220,89
19,1222,1426,JK000021,2921,945,1145,121,68
19,1022,1264,JK009390,5519,160,323,115,59
19,1073,1306,ShamAY0035884,1444,1,223,148,76
19,95,389,JK000040,4,73,625,192,42
19,1101,1264,Shamela0001438,7369,403,561,119,91
19,1001,1280,Shamela0012031,228,244,522,194,83
19,979,1271,Shamela0013027,90,775,1060,185,73
19,953,1330,JK000022,166,946,1315,236,73
19,1022,1264,Shia001782Vols,3293,624,875,167,81
19,1022,1264,Kraken220413030759,334,1199,1451,178,85
19,992,1200,Sham19Y0023644,1983,1273,1438,116,67
19,389,600,JK000679,114,638,882,132,60
19,957,1264,Sham19Y0038171,1539,538,837,212,83
19,114,389,Sham19Y0038171,2429,1140,1360,148,61
19,957,1264,ShamAY0038389,266,754,1015,179,75
19,957,1191,JK006801,1015,1236,1397,123,67
19,408,600,JK001040,56,1211,1404,132,76
19,957,1264,ShamAY0035035,6067,890,1182,206,81
19,689,931,ShamAY0035035,9562,390,591,137,69
19,109,376,ShamAY0035035,9610,1293,1501,143,61
19,1,1156,ShamAY0038174,19,283,1453,907,97
19,1156,1426,ShamAY0038174,20,1,270,208,96
19,101,343,Shamela0021550,633,739,864,85,42
19,957,1289,Shamela0025794,4024,574,857,197,75
19,78,395,Shamela0025794,4512,21,266,135,47
19,78,516,Shamela0021809,1011,628,1083,169,37
19,979,1264,Shamela0021809,3102,1,257,178,79
19,957,1122,Sham19Y0020882,262,1232,1394,106,77
19,1122,1264,Sham19Y0020882,263,1,145,111,97
19,1063,1264,Sham19Y0127677,5334,489,769,142,63
19,74,389,Sham19Y0127677,9787,698,919,130,49
19,957,1342,JK000786,3345,352,710,169,49
19,1022,1264,Shia003636Vols,6446,533,754,148,73
19,46,400,Shamela0023100,329,77,419,230,76
19,1022,1259,Kraken220413202218,967,1384,1558,125,67
19,1001,1264,JK000533,2905,940,1130,140,67
19,1022,1264,Noorlib0007682,65,468,740,184,85
19,483,931,JK000001,3168,731,1073,156,36
19,109,389,JK000001,3178,389,751,161,48
19,46,389,JK000916,8156,67,409,264,95
19,949,1259,JK000916,25994,1046,1344,217,86
19,1001,1264,Shamela0021765,2503,760,1006,177,82
19,957,1271,Shamela0008494,150,424,734,221,86
19,1038,1264,Shamela0010013,180,396,595,141,77
19,1042,1322,Shamela0009567,790,4,281,171,76
19,953,1264,JK009408,450,982,1215,167,68
19,1022,1264,Shamela0036446,1232,1026,1217,135,69
19,404,560,ShamAY0033945,2434,1280,1449,120,91
19,1014,1264,Shamela0021493,127,327,629,140,48
19,35,389,JK007082,226,751,1109,240,77
19,643,944,JK007082,436,69,434,212,73
19,957,1264,Sham19Y0037618,6012,517,753,176,72
19,1042,1211,Sham19Y0037618,7559,592,773,125,86
19,677,940,ShamAY0034809,496,1180,1442,191,90
19,1319,1426,ShamAY0034809,502,1051,1181,80,78
19,408,600,Shamela0007891,1984,1179,1390,139,78
20,1247,1473,Shamela0003118,7221,729,946,167,90
20,802,1051,JK000021,2891,99,352,189,93
20,430,928,JK000021,2900,1,464,221,49
20,525,650,Shamela0001438,649,664,785,95,96
20,1165,1476,JK000022,1215,1031,1266,151,60
20,448,650,ShamAY0034059,2486,987,1160,131,83
20,504,650,Shia001432Vols,26023,330,477,110,95
20,509,650,Shia002264,532,82,222,107,97
20,504,650,Shia004021,140,328,454,83,67
20,1,118,Sham19Y0023644,1985,549,672,89,91
20,504,650,Shia001237Vols,257,181,307,84,74
20,504,791,Shia001237Vols,2813,597,907,144,51
20,481,764,JK000216,72,6,264,131,60
20,509,925,Sham19Y0038171,2434,989,1318,139,34
20,525,650,Shamela0008176,6393,893,1014,93,95
20,500,643,Sham19Y0132973,237,1306,1448,107,96
20,504,650,Shia001340,405,346,494,110,95
20,1210,1473,Sham19Y0018567,1422,155,413,183,82
20,509,925,ShamAY0035035,9659,363,692,139,34
20,1,1186,ShamAY0038174,20,270,1461,935,98
20,1186,1476,ShamAY0038174,21,1,291,233,99
20,650,841,ShamAY0038174,40,757,951,138,89
20,509,643,Shamela0021550,633,918,1052,101,97
20,451,650,Sham19Y0013223,1202,739,942,146,92
20,1220,1476,Sham19Y0020882,136,431,649,173,83
20,517,670,Sham19Y0127677,330,715,860,103,87
20,419,656,JK000786,3642,352,602,182,93
20,1,138,JK000786,3698,119,265,101,87
20,1196,1473,JK000786,3760,281,541,210,93
20,448,650,Shamela0010443,409,781,984,156,98
20,1,118,Shia003636Vols,6445,270,387,91,97
20,504,650,Shia003636Vols,6459,230,377,110,95
20,1116,1473,JK001288,72,159,511,233,77
20,1116,1473,JK000916,25152,512,864,233,76
20,1,118,JK000916,25999,804,921,90,97
20,138,391,JK000916,26000,123,374,174,81
20,448,643,ShamAY0033761,139,555,712,108,69
20,509,650,ShamIbadiyya0000109,7343,75,220,101,87
20,1220,1476,Shamela0008494,385,352,570,173,83
20,448,650,Shamela0025791,895,39,238,147,93
20,475,1051,Shamela0021502,204,240,653,227,41
20,509,650,Sham19Y0008889,344,940,1082,108,97
20,509,650,Shia001334,495,1244,1365,81,67
20,1186,1473,Shia002011,31,20,279,193,81
20,504,650,Shia001615Vols,874,512,662,110,94
21,1040,1179,Shamela0003118,5553,839,951,88,78
21,1055,1179,Shamela0003118,5563,1184,1301,86,85
21,13,226,Shamela0003118,7221,951,1154,153,91
21,334,989,Zaydiyya0000229,301,8,697,319,45
21,1183,1435,JK000021,2770,281,527,185,90
21,233,1073,JK000021,2904,419,1172,546,80
21,1183,1435,JK000021,2949,1100,1353,195,94
21,395,989,JK009390,2449,479,1059,411,78
21,395,647,Shamela0001438,4029,1199,1442,185,90
21,647,989,Shamela0001438,4030,1,325,226,73
21,462,663,Shia004042Vols,300,459,653,149,91
21,627,989,Shia004042Vols,324,211,776,251,52
21,239,1055,JK000022,2275,63,812,528,76
21,989,1233,JK000022,2858,640,906,150,62
21,361,989,JK000022,2906,1,615,433,80
21,1269,1389,Shamela0001535,2260,112,217,82,85
21,1269,1435,JK001021,37,1331,1491,114,85
21,328,804,ShamAY0034059,675,1103,1488,289,73
21,804,989,ShamAY0034059,676,1,191,147,96
21,328,989,ShamAY0034059,971,85,659,429,78
21,334,989,Zaydiyya0000098,354,233,920,319,45
21,701,989,Shia001432Vols,7726,1285,1534,176,71
21,687,1040,Shia001432Vols,23772,407,711,164,52
21,701,989,Shia001432Vols,24007,161,410,176,71
21,667,989,Shia001432Vols,24021,1186,1495,159,52
21,486,765,Shia001432Vols,26082,1228,1539,165,60
21,701,1050,Masaha000001Vols,600,243,555,188,60
21,347,989,Zaydiyya0000004,653,1,679,332,49
21,671,989,Zaydiyya0000093,140,1012,1345,160,46
21,325,989,Zaydiyya0000015,2161,681,1336,465,81
21,1269,1435,JK007054,567,1225,1369,103,79
21,1273,1414,Shamela0029677,1733,1,129,94,84
21,1269,1435,Shamela0029677,2132,271,417,104,79
21,667,983,Masaha002064Vols,136,1244,1565,163,53
21,311,747,Shamela0036357,1537,82,282,117,32
21,1055,1179,Kraken220413030759,1113,639,765,97,95
21,671,1001,Shia001237Vols,2728,219,542,188,63
21,352,1005,Shamela0010283,1121,95,700,406,70
21,701,989,Shia001400,5,120,369,176,71
21,293,406,Sham19Y0038171,1772,941,1058,88,96
21,328,1031,Sham19Y0038171,1773,575,1240,447,72
21,687,989,Shia001383,18,919,1176,157,56
21,671,989,Shia001383,217,173,481,181,63
21,701,989,Shia000806Vols,289,946,1195,176,71
21,701,989,Shia001174Vols,2796,360,609,176,71
21,9,147,Sham19Y0018567,1422,404,531,99,92
21,1269,1393,Sham19Y0020891,1797,743,854,84,85
21,1265,1435,Sham19Y0020891,6231,283,433,107,80
21,293,406,ShamAY0035035,6589,441,558,88,96
21,328,1031,ShamAY0035035,6590,374,1026,437,70
21,1242,1435,Shamela0000482,603,842,1041,150,94
21,1,1169,ShamAY0038174,21,291,1468,922,99
21,1169,1435,ShamAY0038174,22,1,271,211,98
21,462,858,Shamela0021550,444,1126,1502,284,86
21,1024,1179,Shamela0009953,15,740,893,94,70
21,1,247,Sham19Y0020882,136,649,909,148,65
21,395,794,Sham19Y0127677,2313,1025,1426,295,86
21,794,989,Sham19Y0127677,2314,1,180,119,66
21,239,462,Sham19Y0127677,12875,1005,1252,151,77
21,671,989,Zaydiyya0000037Vols,1972,954,1288,156,45
21,1269,1435,ShamAY0038387,397,1158,1310,108,83
21,13,239,JK000786,3760,546,753,156,88
21,1225,1435,Shamela0010443,406,120,320,158,95
21,1031,1169,Shamela0010443,417,1444,1566,92,82
21,627,949,Shamela0013034,76,1090,1475,182,50
21,1040,1179,Kraken21032823,145,130,253,87,78
21,1055,1179,Shamela0001000,1028,1131,1250,83,82
21,328,989,JK000001,1872,502,1074,426,78
21,1040,1179,JK000001,1880,350,480,100,87
21,808,989,Shia004012,147,1,157,86,56
21,13,233,JK001288,72,516,753,164,89
21,1024,1179,JK000916,19168,1292,1444,94,70
21,13,267,JK000916,25152,869,1115,168,76
21,325,989,Sham19Y0014592,841,926,1534,431,75
21,627,989,Sham19Y0014592,842,88,519,194,49
21,325,989,Sham19Y0014592,1996,24,626,420,72
21,395,848,Shia002265Vols,771,1027,1485,328,85
21,1,239,Shamela0008494,385,570,799,150,74
21,325,1035,Shamela0012884,159,236,842,458,80
21,606,989,Zaydiyya0000259,49,1,478,203,44
21,627,989,Zaydiyya0000044,181,509,887,204,57
21,233,671,Zaydiyya0000352,337,1063,1451,200,50
21,556,989,Zaydiyya0000352,338,1,393,193,43
21,1200,1431,Shamela0003722,7926,736,837,72,39
21,1269,1435,Shamela0021502,23,978,1134,115,87
21,1269,1435,Shamela0021502,142,495,647,109,83
21,1040,1187,Shamela0021502,207,268,410,99,84
21,687,989,Kraken21040812,236,230,420,108,41
21,1183,1435,Shia002011,5,692,955,199,95
21,13,311,Shia002011,31,274,580,171,64
21,687,989,Zaydiyya0000256,221,886,1143,182,71
21,334,989,Zaydiyya0000328,153,613,1301,348,51
21,701,989,Shia001615Vols,1149,255,531,176,65
21,663,989,Shia001615Vols,2681,472,767,167,55
21,233,989,Zaydiyya0000342,796,20,782,522,78
21,1265,1435,Shia002100,31,29,191,118,84
21,1183,1435,JK007082,416,1064,1186,91,46
21,18,308,JK007082,420,784,1107,178,66
21,556,989,Shia001153,42,1,502,258,56
21,1222,1435,ShamAY0034809,475,301,505,160,94
21,1239,1435,ShamAY0034809,515,76,278,155,96
21,1269,1435,Shamela0025800,1087,718,870,104,76
22,464,982,Shamela0003118,5419,782,1281,390,94
22,546,973,Shia001390,16,550,954,292,82
22,546,913,Shia004042Vols,328,1174,1528,260,87
22,40,203,JK000022,2911,522,690,119,86
22,299,982,Shamela0012406,253,83,688,408,74
22,503,982,Shia001432Vols,6401,439,869,320,81
22,472,648,Sham19Y0023644,679,1371,1518,111,79
22,648,982,Sham19Y0023644,680,1,298,223,83
22,503,982,Shia001237Vols,2818,829,1265,321,81
22,546,745,Shia003749,450,1356,1539,136,86
22,503,982,ShamAY0035035,6591,127,600,306,71
22,1,1207,ShamAY0038174,22,271,1497,954,97
22,1207,1468,ShamAY0038174,23,1,260,205,99
22,497,737,Kraken220208041038,287,1262,1502,176,89
22,740,982,Kraken220208041038,288,1,235,184,91
22,503,788,JK000001,1872,1239,1502,182,77
22,796,982,JK000001,1873,1,190,144,89
22,1141,1391,JK001288,153,1091,1314,149,76
22,485,1025,JK000916,18794,1,541,389,88
22,1145,1339,JK000916,18822,912,1081,127,83
22,472,658,JK007063,262,1365,1544,137,88
22,658,982,JK007063,263,1,312,235,89
22,472,973,Kraken220208041040,1583,439,876,238,52
22,1,346,Shia002011,5,955,1497,234,54
22,671,973,Shia001615Vols,2207,319,594,201,81
23,982,1365,Shamela0003118,3125,337,737,300,94
23,188,715,Shamela0003118,5066,1021,1492,365,85
23,723,891,Shamela0003118,5067,8,193,126,84
23,923,1369,JK000021,2916,1062,1480,274,74
23,982,1365,Shamela0012031,133,1140,1421,171,55
23,185,765,Kraken220413030759,142,901,1476,398,81
23,987,1365,Shia004456Vols,2456,157,453,184,60
23,188,891,Sham19Y0023644,1754,351,949,325,53
23,970,1365,Sham19Y0023644,1816,230,509,159,50
23,154,958,Shamela0010906,776,241,899,441,67
23,1072,1365,Shamela0010906,915,10,267,192,80
23,188,579,Shia002185Vols,2422,1191,1538,253,77
23,579,1378,Shia002185Vols,2423,17,693,398,58
23,946,1188,Shamela0005610,199,1277,1486,140,68
23,1188,1365,Shamela0005610,200,1,185,137,93
23,1,1230,ShamAY0038174,23,260,1499,982,98
23,1230,1477,ShamAY0038174,24,1,248,187,95
23,132,707,Sham19Y0018612,759,497,805,237,50
23,990,1365,Shamela0035100,803,463,751,209,70
23,455,958,Shamela0035100,837,5,433,273,65
23,938,1365,Sham19Y0020882,257,375,791,274,74
23,987,1365,Shamela0008657,662,233,912,187,31
23,929,1365,Shamela0023700,1202,933,1357,316,89
23,990,1365,Rafed0002341Vols,74,464,747,205,69
23,946,1365,JK000785,2699,449,842,276,78
23,929,1369,JK000916,9839,167,604,320,87
23,80,742,JK000916,17419,854,1439,443,82
23,905,1134,JK000055,130,1270,1492,143,67
23,1134,1365,JK000055,131,1,248,179,90
23,946,1365,Shamela0008494,188,1027,1441,272,75
23,1011,1375,Sham19Y0095660,1217,1053,1391,223,75
23,80,1038,JK007082,195,292,1199,602,72
23,188,1122,Shamela0012062,253,672,1501,639,85
23,1122,1378,Shamela0012062,254,11,277,187,87
23,979,1326,ShamAY0034809,499,1142,1478,229,77
23,250,1015,Shamela0004445,3223,8,782,519,78
23,490,858,Shamela0004445,3327,1,363,214,65
24,1,289,Shamela0003118,5003,1136,1411,173,68
24,1,282,JK000021,2338,274,548,164,66
24,888,1050,Shamela0012031,657,736,890,101,72
24,1,405,JK000022,46,695,1063,169,49
24,731,1093,JK000022,2715,50,328,146,51
24,1,260,Shia002009,82,1242,1501,151,63
24,355,608,Shia002264,531,1294,1537,186,91
24,1,282,Kraken220413030759,172,424,702,154,58
24,289,674,Shamela0013152,6,696,1049,249,81
24,1,277,Shia002185Vols,2423,747,1013,146,57
24,1,452,Shamela0026816,2,613,1037,204,50
24,1,1199,ShamAY0038174,24,248,1462,934,95
24,1199,1466,ShamAY0038174,25,1,266,214,99
24,358,608,Sham19Y0013223,1155,861,1100,187,92
24,1,282,Sham19Y0127677,16733,545,850,159,57
24,295,608,Shamela0010443,404,75,373,182,68
24,46,271,Sham19Y0014045,101,1338,1555,123,58
24,82,282,Kraken220413202218,728,608,796,129,76
24,1,420,Masaha002979Vols,390,863,1300,175,35
24,838,1023,JK001288,10,137,304,128,87
24,46,343,JK000916,17143,1066,1373,164,60
24,1,282,JK000055,130,412,721,159,57
24,1,282,Sham19Y0095660,1217,726,975,152,61
24,355,625,Shamela0025791,977,223,500,197,85
24,420,608,Sham19Y0008889,352,496,657,123,81
24,888,1123,Shia002011,6,1,332,150,53
24,11,282,Shamela0012062,254,356,627,146,59
24,1,295,ShamAY0034809,393,686,977,170,66
24,1,282,Shamela0004445,3223,816,1087,168,67
25,185,375,Shamela0003118,868,131,319,154,98
25,980,1162,Shamela0003118,7713,1071,1250,125,84
25,725,929,Shamela0003118,7718,1157,1414,143,72
25,921,1132,JK000021,2921,1283,1469,146,88
25,684,942,JK000021,2922,17,277,177,88
25,122,375,JK000021,2950,536,769,183,89
25,725,929,Shamela0012031,229,146,344,141,91
25,744,921,ShamAY0035968,5,399,576,133,98
25,1138,1351,JK000022,2376,1012,1220,158,87
25,6,143,JK000022,2376,820,983,101,76
25,748,921,Shamela0098087,277,789,997,115,73
25,748,921,Kraken220413030759,335,416,599,126,89
25,1189,1339,Kraken220413030759,865,521,659,112,92
25,748,921,Sham19Y0023644,1985,677,871,130,87
25,748,921,Shamela0010283,1139,41,248,116,74
25,1132,1351,JK000019,29,954,1119,119,67
25,476,662,ShamAY0035035,8304,970,1172,128,78
25,1,1189,ShamAY0038174,25,266,1464,935,98
25,1189,1435,ShamAY0038174,26,1,249,195,97
25,744,921,Shamela0095735,291,306,482,132,97
25,393,534,Shamela0010443,408,1338,1472,104,93
25,534,662,Shamela0010443,409,1,116,89,85
25,222,375,Shamela0010443,410,281,434,126,100
25,748,921,Shamela0010443,528,985,1143,119,89
25,238,375,Masaha004231Vols,359,821,958,113,100
25,748,921,JK000001,2719,950,1156,115,73
25,135,425,JK001288,7,1017,1284,190,79
25,1138,1351,JK001288,167,928,1136,148,81
25,135,413,JK000916,2009,1085,1366,187,72
25,980,1162,JK000916,25995,634,814,125,84
25,684,812,JK000916,26002,1243,1398,92,75
25,816,942,JK000916,26003,24,154,87,90
25,135,375,Shamela0003722,229,542,781,185,93
25,129,662,Shia002011,6,439,1301,405,57
25,1132,1409,Shia002011,18,350,670,178,65
25,135,375,Zaydiyya0000342,686,1164,1399,181,92
25,135,1132,JK007082,177,215,959,488,58
25,977,1158,ShamAY0034809,502,1301,1465,120,84
25,794,921,ShamAY0034809,503,1,128,97,100
25,191,375,ShamAY0034809,515,320,503,149,98
26,366,788,JK000021,1974,942,1365,334,97
26,1101,1335,Shamela0010646,82,50,274,168,90
26,942,1042,Shamela0010646,92,1209,1310,79,99
26,1,261,JK000022,781,493,727,92,37
26,191,428,JK000022,2119,476,752,165,73
26,882,1160,JK000022,2265,1122,1446,199,73
26,1160,1378,JK000022,2266,1,239,154,77
26,1,1212,ShamAY0038174,26,249,1470,959,98
26,1212,1445,ShamAY0038174,27,1,236,184,99
26,379,693,JK000916,12874,1,408,248,75
26,83,396,JK001194,13,1,255,195,78
26,1035,1321,JK007082,226,1165,1455,199,82
26,385,837,ShamAY0034809,325,239,683,323,87
26,433,719,Shamela0004445,4840,714,938,158,67
27,1209,1325,Shia001171,471,338,450,86,93
27,1209,1325,Shamela0003118,6399,1280,1394,87,94
27,1209,1347,Shamela0012872,43,1018,1165,94,81
27,558,702,Shamela0012031,516,687,914,106,55
27,1,128,Shamela0012031,661,1323,1450,97,97
27,1181,1456,Shamela0012031,740,267,476,155,72
27,1150,1401,JK000022,768,764,1077,192,78
27,1,182,JK000022,2265,938,1379,130,37
27,137,323,JK000022,2266,206,400,135,80
27,799,1006,Sham19Y0036110,247,136,348,159,87
27,1209,1347,Kraken220413030759,611,581,722,90,83
27,1,1234,ShamAY0038174,27,236,1497,973,96
27,1234,1456,ShamAY0038174,28,1,229,175,97
27,1,128,ShamAY0034857,223,296,423,97,97
27,1173,1456,ShamAY0034857,290,944,1153,155,69
27,1150,1401,JK001288,49,639,961,161,60
27,1160,1325,JK000916,22319,797,955,120,93
27,1209,1347,JK011593,42,106,270,97,75
27,131,702,Shia002011,7,528,987,292,59
27,1214,1317,Shamela0021493,351,798,900,79,99
27,748,984,JK007082,231,1,231,185,96
27,186,329,JK007082,416,768,895,94,81
27,535,719,JK007082,482,1098,1281,135,89
28,45,297,JK000022,839,73,354,175,73
28,751,1485,JK000022,2273,740,1483,518,81
28,49,266,Shamela0012406,1844,431,657,160,82
28,1298,1499,Shamela0021821,2019,1262,1451,136,82
28,1,1265,ShamAY0038174,28,229,1518,1011,97
28,1265,1513,ShamAY0038174,29,1,241,191,96
28,81,266,ShamAY0034857,287,1203,1384,138,87
28,751,1315,JK000055,396,777,1299,333,71
28,745,1338,Zaydiyya0000342,805,512,1001,265,53
28,758,1197,ShamAY0034809,686,1090,1518,282,77
29,583,749,Shamela0003118,1352,1279,1430,119,89
29,552,764,JK009174,57,1158,1376,140,77
29,14,244,Shamela0009810,1450,399,609,147,78
29,10,248,Shia001731Vols,847,1246,1464,154,80
29,991,1253,JK009288,825,719,934,145,68
29,6,244,JK011273,62,1039,1369,120,39
29,749,929,ShamAY0032789,2,927,1116,134,88
29,1,1196,ShamAY0038174,29,241,1435,928,97
29,1196,1432,ShamAY0038174,30,1,242,190,96
29,749,919,Shamela0025794,3331,605,771,123,91
29,248,909,Shamela0021809,2384,742,1330,259,41
29,40,248,Shamela0008493,165,1,282,137,57
29,552,732,JK000916,3607,358,539,141,97
29,298,598,Shamela0008494,22,464,769,117,41
29,10,212,Shia002103Vols,273,971,1177,131,80
29,6,244,Shia002011,21,44,263,167,88
29,949,1185,JK007082,75,980,1201,134,70
29,248,560,Sham19Y0148271,1906,787,1143,147,47
29,29,248,Shamela0009074,8,999,1306,145,55
29,244,846,Shamela0001733,4082,503,919,210,38
30,138,566,Shamela0012398,168,460,876,255,66
30,566,878,JK000021,2919,81,404,228,88
30,114,574,Shamela0023789,877,209,597,281,73
30,259,566,Shamela0023790,433,6,307,228,89
30,142,584,Shamela0007853,385,882,1351,342,90
30,138,566,JK010344,764,958,1389,264,65
30,1,1321,ShamAY0038174,30,242,1536,1035,97
30,1321,1516,ShamAY0038174,31,1,203,152,94
30,17,597,JK001288,104,301,907,433,87
30,142,574,Shamela0001349,149,663,1282,182,28
30,138,305,Shamela0009873,346,38,182,111,85
30,570,870,ShamAY0034123,66,777,1067,180,70
30,570,870,Shia002011,17,516,809,196,74
30,566,845,ShamAY0033945,2437,1167,1428,186,80
30,631,845,ShamAY0034809,501,532,753,166,93
30,124,665,Shamela0004445,4366,1,537,362,78
31,601,818,Shia001171,497,551,777,156,87
31,573,810,JK010473,242,409,644,171,90
31,493,818,JK000021,2916,631,937,232,89
31,601,810,Shia003702,140,175,348,121,73
31,107,270,Shamela0012031,845,770,907,104,80
31,1194,1446,Shamela0013027,107,777,992,114,48
31,612,810,JK000022,534,105,360,150,72
31,569,804,Shia001432Vols,13096,1124,1385,176,85
31,587,818,Shia001432Vols,24631,218,416,144,77
31,569,754,Shia001107Vols,411,718,924,138,82
31,553,731,Shamela0000765,83,1382,1525,104,74
31,612,810,Kraken220413030759,455,1160,1372,139,79
31,612,810,Shamela0012403,1044,847,1102,150,72
31,553,818,ShamAY0032088,15,800,1046,157,69
31,569,810,Shia002185Vols,3725,420,701,175,79
31,549,818,ShamAY0035035,6634,633,942,190,77
31,1,1309,ShamAY0038174,31,183,1502,1034,97
31,1309,1455,ShamAY0038174,32,1,149,112,98
31,1,120,ShamAY0038174,96,275,416,95,84
31,107,270,ShamAY0034857,382,595,732,104,80
31,549,818,JK000001,1893,561,827,186,86
31,549,810,Sham19Y0000259,193,538,793,173,80
31,553,810,Zaydiyya0000013,295,175,423,155,69
31,569,804,Shia20200618,203,310,568,174,84
31,595,800,Shamela0006650,18,390,645,149,72
31,569,810,Shia001615Vols,878,473,710,169,87
31,587,818,Shia001294Vols,138,105,299,142,78
31,818,1058,JK007082,231,420,674,140,66
31,1368,1455,Sham19Y0037618,4560,1,88,66,100
31,601,810,Shia003729Vols,227,1327,1500,124,74
31,526,818,ShamAY0034809,499,853,1142,212,90
32,410,576,JK000022,3762,837,987,105,81
32,811,1043,Tafsir06049,1553,467,698,169,92
32,879,1002,Shia002185Vols,1250,914,1034,61,61
32,1,1262,ShamAY0038174,32,149,1416,978,96
32,1265,1376,ShamAY0038174,33,1,110,84,98
32,867,1043,ShamIbadiyya0000441,183,518,686,128,93
32,811,1043,Sham19Y0023618,427,1156,1398,177,91
32,653,1043,JK000055,17,766,1176,212,60
32,811,1043,ShamAY0034066,298,619,861,177,91
32,867,1029,ShamIbadiyya0000129,824,1184,1402,107,58
32,445,609,JK000034,17,679,777,75,59
32,763,1043,ShamAY0033551,35,298,602,188,77
33,1,338,JK009174,57,229,548,249,91
33,1,315,Sham19Y0020762,1081,546,838,224,88
33,338,1522,JK011633,402,368,1386,722,74
33,461,1522,ShamAY0035035,6863,1,1139,802,86
33,1,1416,ShamAY0038174,33,117,1502,1108,97
33,387,600,Kraken220208041038,288,1314,1553,158,78
33,883,1522,Kraken220208041038,289,166,860,393,64
33,392,1522,JK000001,2002,1,1201,849,85
33,338,1522,JK000916,18769,322,1327,709,73
33,363,531,Shamela0010664,556,1356,1540,127,83
33,531,1522,Shamela0010664,557,21,1009,610,69
33,368,756,Shamela0012884,1012,1206,1525,237,76
33,756,1522,Shamela0012884,1013,1,633,456,73
33,434,600,MMS00013,2905,1333,1500,128,95
33,600,1374,MMS00013,2906,1,679,446,69
34,196,810,Shamela0003118,369,918,1521,278,47
34,1218,1437,JK000021,2904,1158,1380,153,86
34,218,722,Shamela0001438,1644,967,1541,247,46
34,417,1233,Shia004042Vols,310,788,1413,334,44
34,196,1233,Shamela0098087,159,688,1503,622,74
34,209,936,Sham19Y0038171,1781,137,1442,540,51
34,936,1348,Sham19Y0038171,1782,8,537,257,54
34,103,805,ShamAY0038389,308,754,1402,489,86
34,805,1233,ShamAY0038389,309,21,426,319,92
34,228,1187,Shia002185Vols,3984,649,1475,581,72
34,264,1124,ShamAY0035035,6643,1,1505,619,50
34,1,1405,ShamAY0038174,34,107,1515,1121,99
34,188,417,Shamela0021550,447,1244,1470,173,93
34,417,1348,Shamela0021550,448,1,898,645,83
34,143,1316,Shia002175,25,310,1378,419,38
34,188,805,Sham19Y0127677,807,345,1022,273,44
34,199,1335,Shamela0010443,530,127,1211,790,82
34,247,1233,Kraken220413202218,594,1,996,775,97
34,199,389,JK000001,1897,1362,1556,147,93
34,389,1360,JK000001,1898,1,903,690,86
34,131,810,JK000055,109,409,1066,308,47
34,223,1124,Sham19Y0017798,430,88,861,319,37
35,172,453,Shia001390,3,1,270,205,89
35,783,1358,Shia001390,16,956,1313,260,55
35,753,1358,Shia004042Vols,301,174,736,288,44
35,527,681,Shia004042Vols,305,842,985,103,81
35,31,165,Shia001432Vols,6388,252,400,104,89
35,79,453,Shia001432Vols,6400,1,371,273,89
35,753,961,Shia001432Vols,6401,856,1058,139,77
35,527,681,Sham19Y0023608,3076,1154,1302,106,82
35,1,453,Shia001237Vols,2761,764,932,122,33
35,1159,1314,Shia001417,52,1342,1487,105,83
35,753,967,Shamela0010283,1121,682,893,162,89
35,517,681,Shamela0010283,1122,1011,1182,124,88
35,783,967,Shia002185Vols,4028,1271,1454,147,97
35,753,1358,ShamAY0035035,6591,639,1071,295,57
35,1,453,ShamAY0035035,6635,768,1274,318,74
35,1,453,Shia001391,58,522,939,300,81
35,1,1427,ShamAY0038174,35,75,1500,1140,99
35,453,686,ShamAY0038174,48,478,713,188,99
35,732,1153,ShamAY0038174,59,1,552,208,41
35,1092,1379,ShamAY0038174,123,98,399,200,81
35,453,686,ShamAY0033660,41,247,465,173,91
35,735,1358,JK000001,1873,185,626,314,58
35,35,453,JK000001,1894,1,410,311,92
35,470,676,JK001288,179,861,1057,126,73
35,498,681,JK000055,119,126,289,115,77
35,1,453,ShamIbadiyya0000109,7190,138,540,278,74
35,5,172,Shia000233,192,976,1121,109,83
35,1,311,Shamela0021502,206,235,513,212,85
35,783,961,Shia002011,31,1004,1211,112,59
35,298,453,Shia001615Vols,548,950,1120,105,74
35,31,165,Shia001153,342,210,358,104,89
36,1032,1164,JK009390,2218,524,650,96,90
36,209,544,JK009174,58,174,460,189,68
36,1032,1164,Shamela0001438,3660,99,224,96,90
36,75,214,JK000022,3688,821,960,103,92
36,1,214,JK000022,3704,1231,1446,159,90
36,1,1442,ShamAY0038174,36,97,1542,1122,95
36,1032,1150,Sham19Y0127677,2106,1256,1366,88,93
36,904,1160,Sham19Y0127677,11625,847,1149,192,80
36,454,661,JK000916,7741,546,752,147,88
36,708,860,JK000916,18799,598,754,108,80
36,1032,1164,Shia002265Vols,773,1097,1221,96,91
36,904,1160,JK000055,139,264,565,191,80
36,454,962,JK000055,141,154,699,288,59
36,5,206,Shamela0021493,446,857,1066,157,93
36,1,309,JK007082,231,808,1108,176,62
37,1347,1592,Sham19Y0020762,2140,792,1017,162,82
37,1,1586,ShamAY0038174,37,47,1593,1252,97
37,1316,1592,ShamAY0038174,114,978,1239,202,90
38,195,1293,Shia002034Vols,1322,330,1052,260,25
38,1208,1465,Shamela0003118,435,129,576,169,47
38,256,821,Shamela0012014,139,913,1489,238,40
38,201,876,JK000022,95,37,330,173,31
38,184,850,JK000022,176,949,1504,250,40
38,256,754,JK000022,657,243,521,171,40
38,1182,1465,Shia001782Vols,3782,659,1127,183,48
38,195,464,Shamela0012406,997,991,1260,131,56
38,1208,1378,Shamela0096551,134,1093,1237,105,77
38,195,687,Sham19Y0023644,1734,518,1004,171,35
38,201,876,ShamAY0034005,1171,740,1371,271,40
38,633,876,Shamela0010614,233,1187,1407,133,60
38,1208,1465,Sham19Y0038171,1775,1150,1326,119,58
38,256,682,Sham19Y0145435,5499,1036,1494,163,34
38,1145,1465,Shamela0012220,1065,826,1155,197,71
38,1,1471,ShamAY0038174,38,7,1467,1155,98
38,1244,1465,Shamela0021550,446,1,152,118,68
38,1121,1471,Shamela0025794,3284,190,717,221,51
38,1182,1465,Sham19Y0013223,1182,585,1067,159,39
38,1121,1465,Shamela0021809,2066,86,598,213,50
38,1112,1465,Shamela0011404,246,570,911,252,88
38,195,464,Shamela0008473,4556,178,511,134,48
38,1208,1465,JK000001,1880,1180,1362,138,68
38,264,633,JK000785,2759,360,990,162,29
38,256,821,Kraken230110004547,585,835,1436,236,37
38,195,876,Sham19Y0122406,4979,114,787,264,37
38,1086,1480,JK000916,1151,589,1191,227,47
38,1208,1465,Sham19Y0014592,1203,986,1181,138,67
38,1208,1465,Sham19Y0014592,1226,1147,1408,159,76
38,638,821,Shamela0009306,27,11,202,143,94
38,195,1067,ShamAY0034585,802,550,1328,360,43
38,195,633,JK000778,646,248,1016,196,29
38,256,876,Sham19Y0147597,1373,827,1458,253,38
38,195,633,Shamela0000736,140,410,1165,190,29
38,1121,1480,Shamela0009567,1026,797,1325,226,52
38,256,1072,JK009408,1610,335,1062,325,41
38,195,876,Shamela0003722,1722,122,808,262,37
38,21,195,Shamela0021502,208,1016,1165,115,83
38,1090,1465,ShamAY0034447,1832,456,835,275,89
38,264,754,Sham19Y0020868,209,135,390,164,40
38,1086,1465,ShamAY0033945,2438,80,430,246,80
38,247,876,Shamela0021493,94,788,1012,144,29
38,334,876,Shamela0021493,213,17,507,204,34
38,1104,1454,Sham19Y0148271,1800,80,411,195,66
38,256,876,Shamela0025800,3093,693,1376,262,38
38,638,876,JK003609,5011,288,494,128,62
38,341,876,Shamela0004445,3206,227,721,204,34
39,536,809,Shamela0003118,7780,81,402,163,62
39,677,823,JK009390,860,1190,1324,92,78
39,697,874,JK009390,863,267,437,96,68
39,697,823,Shamela0001438,1635,1368,1483,89,88
39,1175,1416,JK000022,551,1186,1422,172,85
39,809,1290,JK000022,552,105,605,274,63
39,171,692,Shamela0010924,1,529,953,230,44
39,1226,1435,Sham19Y0037370,49,183,802,124,24
39,898,1164,Kraken220413030759,465,539,822,178,76
39,69,384,ShamAY0033973,83,853,1193,182,60
39,595,823,ShamAY0033973,99,615,782,113,64
39,898,1164,Shamela0010283,1123,934,1142,150,72
39,141,511,Sham19Y0038171,1763,418,705,139,39
39,697,809,Sham19Y0038171,1883,157,268,89,99
39,388,692,Sham19Y0038171,2450,467,822,142,51
39,379,511,Shamela0008176,6354,8,143,106,97
39,1209,1426,Shamela0010906,2075,343,550,148,83
39,197,511,Sham19Y0132973,25,517,857,172,53
39,823,1252,Shia002158,208,454,795,96,23
39,141,511,ShamAY0035035,6577,632,917,135,38
39,916,1164,ShamAY0035035,6606,772,1008,167,79
39,697,809,ShamAY0035035,6964,315,426,89,99
39,227,511,ShamAY0035035,9391,34,245,146,63
39,388,511,ShamAY0035035,9727,1293,1416,98,99
39,34,1435,ShamAY0038174,39,8,1451,1094,95
39,663,809,Shamela0021550,447,29,239,110,65
39,532,847,Shia002175,43,1266,1573,177,66
39,34,388,Shamela0025794,1280,508,856,199,65
39,556,870,Shamela0025794,3076,236,560,223,86
39,677,823,Sham19Y0127677,814,857,981,92,78
39,682,823,Sham19Y0127677,817,725,859,92,82
39,168,584,JK001227,9,511,899,228,66
39,898,1164,JK000001,1881,12,226,154,73
39,522,809,Shia002069Vols,146,786,1316,154,37
39,569,809,JK000916,26174,469,705,187,97
39,1175,1435,JK000055,117,767,1017,177,85
39,853,1164,JK000055,118,975,1288,230,90
39,548,809,JK000055,133,595,877,201,90
39,1239,1430,Shamela0012884,2126,871,1049,135,87
39,556,809,Sham19Y0017798,431,627,882,193,93
39,34,279,Shamela0009567,1023,301,536,160,80
39,1242,1435,ShamAY0001760,195,766,956,149,98
39,631,809,Shamela0021502,206,1267,1439,134,94
39,682,889,Shia002103Vols,281,1,240,125,64
39,1032,1158,Kraken220208041040,181,1086,1201,88,88
39,1189,1435,Zaydiyya0000342,510,274,518,183,93
39,88,293,ShamAY0033945,2438,545,748,148,90
39,1242,1435,Shamela0021493,269,480,673,144,91
39,573,809,Sham19Y0037618,4559,524,773,186,94
39,548,870,Sham19Y0148271,1965,119,484,228,76
39,191,511,Shia002294Vols,400,20,375,138,40
39,30,279,Shamela0007891,2486,109,353,178,87
39,511,784,Shamela0001733,3843,730,997,161,64
40,980,1234,Shamela0003118,851,1271,1487,171,83
40,1234,1445,Shamela0003118,852,1,200,157,92
40,564,795,JK000021,2890,297,545,147,70
40,944,1445,JK000022,3705,249,752,379,90
40,607,795,Shia001782Vols,2787,777,1104,128,49
40,541,795,Shamela0021821,647,619,974,154,52
40,581,795,ShamAY0032869,18,618,981,141,48
40,919,1445,Shamela0010283,1121,1055,1532,354,83
40,1067,1445,ShamAY0035035,6587,1,359,278,89
40,785,1001,ShamAY0038174,20,923,1136,132,66
40,33,1445,ShamAY0038174,40,1,1423,1115,99
40,607,795,Sham19Y0013223,1156,156,500,137,50
40,607,795,Sham19Y0013223,1197,906,1190,145,64
40,545,663,Shamela0030623Vols,578,1221,1357,72,70
40,988,1445,JK000001,1870,815,1241,336,91
40,568,704,JK006833,83,1081,1405,96,37
40,560,795,JK006833,172,532,955,161,47
40,1026,1445,Kraken220414225526,151,1,404,297,85
40,964,1276,JK000916,1961,1189,1477,211,83
40,1276,1445,JK000916,1962,1,463,99,23
40,541,795,JK000916,24119,272,587,157,60
40,564,779,Shamela0026378,89,766,1176,144,42
40,988,1445,Sham19Y0014592,721,438,855,316,86
40,535,795,ShamAY0034123,727,739,1019,153,63
40,607,795,Shamela0025791,977,632,977,137,50
40,1009,1213,Kraken220208041040,1425,1316,1526,148,87
40,1228,1445,Kraken220208041040,1426,7,232,163,86
40,964,1377,JK007082,231,1076,1482,297,86
40,1281,1445,JK007082,425,921,1082,131,97
40,988,1276,Shamela0021766,3997,1266,1530,202,88
40,1276,1445,Shamela0021766,3998,1,157,126,90
40,545,795,Shamela0006446,296,613,1263,165,31
40,545,795,Shamela0001733,2794,479,892,149,45
41,1006,1546,Shamela0011789,61,674,1180,406,91
41,1076,1546,JK009390,5320,238,609,289,75
41,1076,1546,Shamela0001438,5656,608,975,286,75
41,1083,1546,Shia004042Vols,302,379,799,337,89
41,762,1546,Shamela0012031,116,247,1009,602,94
41,1006,1454,Shia001355,46,55,507,352,93
41,1103,1546,Shia001432Vols,24612,499,778,211,57
41,820,1546,Shia001432Vols,24640,305,1001,554,93
41,1006,1546,Shia001432Vols,26174,923,1404,309,64
41,1103,1546,Shia001107Vols,316,1133,1412,212,57
41,1006,1272,Shamela0010283,1127,1323,1580,209,95
41,1272,1546,Shamela0010283,1128,1,268,215,96
41,1006,1477,Shia002102,14,1059,1514,360,92
41,1103,1546,Shia002185Vols,2385,1025,1304,211,57
41,685,1546,Masaha001954,116,352,1374,456,47
41,1048,1546,ShamAY0035035,6619,1,720,376,63
41,34,1546,ShamAY0038174,41,1,1512,1215,99
41,1076,1546,Sham19Y0127677,3917,18,382,285,75
41,1076,1546,Sham19Y0014283,28,782,1150,290,75
41,1103,1546,Rafed0001617Vols,156,349,628,210,57
41,1006,1526,JK000001,1887,1124,1633,411,96
41,1076,1546,JK000916,16615,632,996,287,75
41,1076,1294,Shia002265Vols,5402,1308,1506,156,87
41,1330,1546,Shia002265Vols,5403,7,169,124,71
41,1103,1546,Shia20200618,150,950,1229,212,57
41,79,376,JK007082,210,992,1306,212,81
41,1076,1249,JK007082,425,1324,1481,127,89
41,1257,1546,JK007082,426,1,211,164,70
41,802,1546,Shia003729Vols,107,815,1411,447,72
41,663,1546,Shia003697,273,635,1497,664,90
42,1,1356,Shamela0011789,61,1180,1618,344,30
42,1,1113,JK009390,5320,609,1674,856,91
42,1,711,Shamela0001438,5656,975,1660,562,94
42,711,1356,Shamela0001438,5657,1,604,485,90
42,1,947,Shia004042Vols,302,799,1698,716,89
42,1,702,Shamela0012031,116,1009,1667,536,91
42,702,1356,Shamela0012031,117,1,656,518,95
42,217,798,JK000022,2169,104,599,257,45
42,1,844,Shia001432Vols,24612,778,1361,456,64
42,1,734,Shia001432Vols,24640,1001,1681,556,91
42,734,1356,Shia001432Vols,24641,1,599,475,93
42,345,685,Shia001432Vols,26175,1,357,251,82
42,1,581,Shia001432Vols,26261,1145,1712,469,96
42,581,1090,Shia001432Vols,26262,1,488,391,93
42,173,1356,Shia001432Vols,38584,224,817,342,33
42,134,844,Shia001107Vols,317,201,675,361,61
42,1,1356,Shamela0010283,1128,268,1564,1050,93
42,354,855,Zaydiyya0000272,778,23,771,223,31
42,1,1090,Shia002102,23,411,1484,865,95
42,1,418,Shia002185Vols,2385,1304,1679,291,82
42,418,844,Shia002185Vols,2386,1,213,165,47
42,1,335,Masaha001954,116,1374,1611,187,66
42,345,1356,Masaha001954,117,5,805,509,56
42,1,772,ShamAY0035035,6619,720,1657,569,68
42,772,1356,ShamAY0035035,6620,1,545,373,69
42,46,1711,ShamAY0038174,42,1,1655,1359,98
42,217,798,ShamAY0038174,50,90,589,257,46
42,1,1388,Sham19Y0127677,3917,382,1704,1050,90
42,1,453,Sham19Y0014283,28,1150,1594,370,96
42,453,1356,Sham19Y0014283,29,1,859,693,91
42,1,844,Rafed0001617Vols,156,628,1212,456,64
42,1,1356,JK000001,1888,21,1227,952,83
42,1,622,JK000916,16615,996,1612,513,97
42,622,1356,JK000916,16616,1,688,546,89
42,1,1356,Shia002265Vols,5403,169,1461,1053,93
42,1,453,Shia20200618,150,1229,1637,323,84
42,453,844,Shia20200618,151,1,177,136,42
42,1,1356,JK007082,426,211,1526,1063,94
42,1,294,Shia003729Vols,107,1411,1674,210,84
42,294,1175,Shia003729Vols,108,1,608,482,66
42,90,1356,Shia003697,274,1,1251,1012,95
43,1226,1359,JK009288,416,902,1035,96,90
43,925,1033,Shia001400,68,347,455,86,99
43,54,1509,ShamAY0038174,43,1,1357,1085,93
43,1189,1417,Shamela0002506,96,460,687,108,58
43,1206,1365,JK007082,75,1183,1352,114,85
44,977,1187,Shamela0000432,4159,1343,1525,139,81
44,1092,1581,Zaydiyya0000229,307,6,560,289,57
44,262,903,JK000021,2913,212,892,445,75
44,10,321,Shamela0030317,6,1231,1443,146,57
44,977,1401,Shia003702,137,1206,1617,201,48
44,989,1561,Masaha004583,66,469,991,294,58
44,998,1355,Sham19Y0021505,81,739,1168,231,56
44,430,795,Sham19Y0021505,240,1159,1580,278,77
44,977,1298,Shia002389Vols,2209,1158,1477,200,66
44,22,321,JK000022,3761,1304,1495,140,58
44,989,1472,Shamela0026803,151,1105,1516,229,52
44,946,1542,Masaha002349,284,750,1234,291,58
44,998,1298,Shia001432Vols,24626,1205,1514,207,76
44,977,1581,Shia001432Vols,24647,250,892,353,58
44,1020,1581,Shia001432Vols,26289,275,853,318,58
44,460,795,Shia003732Vols,5081,67,383,225,81
44,998,1209,Shia001107Vols,435,1390,1608,138,66
44,403,808,Shamela0009783BK1,1847,682,1159,313,78
44,403,812,Shamela0009783BK1,1881,384,861,319,79
44,998,1355,Shamela0026520,93,1125,1580,244,58
44,430,804,Shamela0000552,139,884,1338,301,79
44,998,1355,JK010733,21,857,1312,239,57
44,977,1542,Shia002406Vols,6217,71,602,296,59
44,953,1504,ShamAY0038389,229,514,1050,313,60
44,998,1355,Shia002185Vols,3866,867,1332,243,57
44,403,808,Sham19Y0145435,2163,542,1019,313,78
44,403,812,Sham19Y0145435,2193,712,1189,319,79
44,998,1355,Shamela0005446,306,1096,1561,241,56
44,994,1561,JK010344,616,49,724,361,62
44,1025,1581,Shamela0021477,367,889,1483,318,59
44,14,185,ShamAY0038174,43,1353,1522,137,98
44,185,1581,ShamAY0038174,44,1,1430,1104,93
44,989,1581,Shamela0010443,416,10,596,466,95
44,998,1355,Rafed0001617Vols,230,387,853,243,57
44,977,1510,Shia003704,307,937,1496,339,64
44,289,519,JK000916,14968,1229,1447,131,68
44,519,861,JK000916,14969,1,398,257,76
44,977,1581,Shia001272,61,792,1423,352,59
44,1020,1581,Shia001900,148,151,708,311,58
44,989,1510,JK001493,377,796,1325,323,65
44,998,1481,Shamela0010509,3,346,785,253,62
44,977,1287,Zaydiyya0000013,28,1224,1563,193,63
44,430,795,Zaydiyya0000142,3279,348,789,293,79
44,953,1525,Shamela0025791,986,597,1098,291,56
44,1025,1581,Zaydiyya0000259,177,981,1554,329,63
44,1029,1581,Zaydiyya0000352,344,1,598,311,56
44,998,1355,Shia20200618,218,426,892,243,57
44,14,378,JK000671,41,289,599,155,42
44,126,289,Shamela0021502,207,99,268,99,60
44,946,1525,JK009364,97,350,831,287,60
44,1025,1581,Shia001334,551,969,1562,330,61
44,977,1401,Shia002165,29,1021,1561,284,61
44,968,1187,Zaydiyya0000256,109,736,987,142,63
44,977,1481,Shia003752Vols,726,270,721,257,58
44,430,798,Sham19Y0029676,814,56,473,272,76
44,998,1355,Sham19Y0014309,1175,264,730,240,56
44,1058,1561,Shia001294Vols,169,1,449,243,54
44,1025,1542,Zaydiyya0000342,786,246,802,305,60
44,1092,1581,ShamAY0035000,18,1,589,374,75
44,998,1581,Shia001153,122,491,1177,349,58
44,403,820,ShamAY0034809,498,799,1279,329,82
44,998,1355,JK003609,4787,169,622,243,58
44,430,795,Shia001884,41,582,1024,294,79
44,430,795,Shia001884,56,754,1196,294,79
44,384,580,Shamela0004445,3441,1247,1438,150,93
44,580,820,Shamela0004445,3442,1,290,190,78
44,406,820,Shamela0006649,83,413,881,325,83
45,1249,1437,Shamela0011406,423,805,1044,117,52
45,1,168,ShamAY0038174,44,1430,1578,117,88
45,168,1501,ShamAY0038174,45,1,1307,1030,95
45,486,1148,Shamela0095735,68,369,926,409,77
45,1192,1459,JK000055,124,806,1070,199,91
46,228,437,Shamela0000956,650,1049,1251,114,65
46,281,441,Shamela0008223,107,187,334,104,83
46,281,441,Shamela0000782,787,287,449,112,87
46,222,486,JK000258,43,892,1128,149,66
46,215,486,Sham19Y0001734,314,788,1068,159,67
46,281,486,JK000021,2851,238,504,153,72
46,38,222,ShamAY0034054,3589,1125,1293,130,88
46,960,1451,JK000022,1835,667,1145,341,85
46,228,486,Shamela0013066,181,1001,1224,114,54
46,324,446,Shamela0013066,183,1,121,82,79
46,284,533,Shia001976Vols,1029,328,571,139,64
46,222,543,Shamela0022657,16,493,824,164,54
46,222,506,Shia003488Vols,497,468,777,118,41
46,215,486,JK001040,5,818,1045,172,78
46,298,433,Shamela0006025,614,1,143,106,95
46,1134,1451,ShamAY0035035,7590,76,384,245,96
46,1,254,ShamAY0038174,45,1307,1529,176,86
46,254,1451,ShamAY0038174,46,1,1162,902,94
46,270,433,Shamela0013026,28,30,187,107,81
46,281,446,Shamela0025794,726,377,545,104,68
46,270,496,Shamela0025794,820,923,1150,162,85
46,228,446,Sham19Y0020882,146,127,316,114,60
46,222,492,Shamela0008493,31,624,865,161,73
46,222,477,Sham19Y0127677,13211,1159,1438,134,54
46,270,578,JK000786,3651,98,386,166,56
46,14,215,JK000533,1744,1256,1425,122,77
46,1,398,Shamela0008210,63,78,506,201,52
46,222,486,JK000055,108,757,976,124,55
46,6,222,JK000055,122,53,263,157,90
46,222,446,Shamela0008494,29,199,388,116,62
46,38,222,Shamela0023623,3723,1204,1372,130,88
46,270,441,JK000778,346,763,1182,101,30
46,228,533,Shamela0029707,36,514,799,175,68
46,215,486,Shamela0000736,15,710,990,168,67
46,284,506,Shamela0001893,352,147,609,132,34
46,215,492,ShamAY0033926,284,381,644,163,64
46,27,173,Shamela0007798,8124,694,1141,78,20
46,306,486,Shia002231Vols,631,1,169,118,81
46,222,492,Shamela0001456,82,1202,1461,150,62
46,215,492,Shia001949,283,971,1232,159,64
46,95,433,ShamAY0033945,1152,273,666,162,43
46,201,433,ShamAY0033945,2445,498,792,137,58
46,262,496,Sham19Y0148271,1311,786,996,111,55
46,201,446,Shamela0022526,11,335,604,140,64
46,281,433,Shamela0007891,2456,16,170,103,85
46,228,519,JK000520,107,261,508,141,59
46,222,572,JK000520,327,883,1193,155,48
46,281,515,JK011302,84,99,386,148,60
47,1,400,Shamela0003118,4133,269,961,219,37
47,1,298,JK000022,1835,1145,1446,233,97
47,298,497,JK000022,1836,1,201,143,89
47,1,429,ShamAY0035035,7590,384,806,329,96
47,1,295,ShamAY0038174,46,1162,1456,234,100
47,295,1449,ShamAY0038174,47,1,1134,862,91
47,671,970,JK000786,3713,7,211,124,49
47,1,331,JK000916,13985,94,451,186,56
47,553,807,Shamela0023600,176,270,612,137,48
48,923,1087,Shia004042Vols,305,842,996,110,81
48,923,1082,Sham19Y0023608,3076,1154,1308,109,80
48,706,849,Shamela0011363,350,148,283,105,91
48,913,1087,Shamela0010283,1122,1011,1193,131,87
48,849,1082,ShamAY0038174,35,526,761,188,99
48,1,353,ShamAY0038174,47,1134,1486,285,100
48,353,1557,ShamAY0038174,48,1,1173,944,97
48,805,1082,ShamAY0033660,41,232,465,181,81
48,866,1072,JK001288,179,861,1057,126,73
48,894,1077,JK000055,119,126,289,115,77
48,1252,1453,Sham19Y0038155,242,182,336,117,71
49,762,993,JK009174,16,1316,1519,125,60
49,569,1176,Shamela0021635,9,179,783,407,80
49,569,836,JK000022,1833,1226,1475,193,90
49,836,1317,JK000022,1834,1,470,283,63
49,1182,1529,JK000022,2168,847,1191,273,95
49,659,1176,Kraken220413030759,519,432,1113,375,69
49,762,1142,Sham19Y0023644,3695,285,721,209,57
49,659,1189,ShamAY0035035,9425,1,533,399,93
49,1,395,ShamAY0038174,48,1173,1567,320,100
49,395,1529,ShamAY0038174,49,1,1141,903,98
49,1317,1454,JK007082,211,1,133,101,91
50,1244,1472,Shamela0001003,261,489,717,167,92
50,1244,1472,JK000417,388,597,832,163,87
50,497,924,Shamela0001438,5656,1191,1576,216,53
50,1,390,JK000022,2168,1191,1572,308,96
50,390,1160,JK000022,2169,1,755,596,91
50,504,996,Shia001432Vols,24612,966,1318,204,47
50,504,996,Shia001107Vols,317,279,632,205,47
50,1244,1472,Kraken220413030759,1842,1219,1445,166,91
50,1194,1472,Sham19Y0020762,2287,884,1126,188,84
50,497,996,Shamela0010283,1128,484,1016,248,45
50,1244,1484,Shamela0001593,35,631,877,161,83
50,497,996,ShamAY0038174,42,172,742,257,46
50,1,408,ShamAY0038174,49,1141,1546,330,99
50,408,1626,ShamAY0038174,50,1,1206,982,98
50,497,924,JK000916,16615,1212,1606,221,53
50,1244,1472,Kraken220208041040,1424,471,698,163,90
50,1,1133,JK007082,211,144,1117,679,71
50,497,996,JK007082,426,427,998,265,47
50,554,996,Shia003729Vols,108,1,463,225,47
50,497,996,Shia003697,274,137,708,261,47
51,1011,1396,JK000021,2918,744,1091,229,74
51,475,806,JK000022,1435,982,1219,155,58
51,1,261,Shamela0011363,198,1229,1508,195,86
51,1,350,Sham19Y0038171,1497,785,1128,188,60
51,55,350,JK000940,179,1250,1506,180,75
51,1,350,ShamAY0035035,5828,996,1334,182,58
51,1,404,ShamAY0038174,50,1206,1611,324,99
51,408,1471,ShamAY0038174,51,7,1158,836,91
51,1,358,Shamela0021550,367,468,798,194,64
51,1,346,JK000001,1543,10,319,197,66
51,55,346,Shamela0008061,11,528,796,173,69
51,475,782,JK000916,18497,4,626,158,30
51,1,354,Sham19Y0014592,1338,769,1093,216,74
51,592,824,Zaydiyya0000013,245,1,186,129,71
51,493,806,Hindawi95926405Vols,264,365,734,182,57
51,377,721,JK007063,544,19,508,191,43
51,55,408,Shamela0011438,29,153,468,192,63
51,1087,1356,ShamAY0034809,501,143,396,200,90
51,1,350,Shamela0010463,827,336,687,256,88
52,1123,1496,Shamela0003118,2217,248,672,239,67
52,581,1021,Shamela0003118,6217,1280,1602,239,66
52,587,1073,ShamIbadiyya0000610,139,984,1410,284,64
52,550,1086,JK000022,3690,295,798,400,91
52,587,1073,Shamela0021554,139,977,1403,284,64
52,1150,1496,Shamela0098087,145,1337,1443,83,29
52,594,1021,Sham19Y0020762,1931,75,554,280,66
52,550,1081,Shamela0010798,1316,25,465,284,65
52,550,1060,Shamela0026489,19,1108,1529,270,64
52,594,1073,Rafed0003896Vols,37,903,1266,229,53
52,1,321,ShamAY0038174,51,1158,1484,254,96
52,321,1496,ShamAY0038174,52,1,1167,919,97
52,594,896,Sham19Y0013223,1578,265,572,241,96
52,550,1073,Shamela0035100,3520,872,1259,247,57
52,1150,1496,Kraken220413202218,544,62,168,83,29
52,594,896,JK000919,554,1005,1312,240,96
52,1168,1496,JK000916,6432,12,388,221,70
52,915,1077,JK000916,21639,8,225,128,72
52,1120,1496,Sham19Y0014592,259,145,565,239,67
52,1120,1496,Sham19Y0014592,386,829,1263,241,66
52,1150,1496,ShamAY0033901,162,421,531,83,29
52,561,842,Zaydiyya0000013,197,465,760,197,81
52,915,1073,Sham19Y0038155,451,804,1163,125,42
52,703,1094,Kraken220208041040,1305,1,317,242,76
52,1185,1496,JK007082,268,1,339,205,73
53,1,153,Shamela0003118,2217,672,820,114,93
53,133,563,JK000021,2888,878,1140,155,40
53,162,595,JK000022,323,805,1117,165,41
53,1,145,Shamela0021629,92,257,401,115,98
53,711,980,JK009187,5,723,1204,103,25
53,1,153,ShamAY0035035,6436,546,732,119,79
53,1,354,ShamAY0038174,52,1167,1526,284,98
53,354,1432,ShamAY0038174,53,1,1116,841,95
53,428,711,Shamela0025794,4681,150,385,139,64
53,1,145,Kraken220413202218,544,168,313,115,97
53,556,705,Shamela0008473,2836,1182,1329,110,97
53,1,145,JK000001,1796,1126,1270,116,99
53,1,153,JK000916,6432,388,539,118,94
53,740,942,JK000916,12531,251,434,121,73
53,1,149,Sham19Y0014592,259,565,709,113,94
53,1,145,Sham19Y0014592,386,1263,1403,113,96
53,1235,1432,JK000055,117,65,269,141,86
53,1,145,ShamIbadiyya0000109,7262,1241,1385,116,99
53,166,569,Shamela0008494,415,1016,1364,197,56
53,1,153,Kraken22021606122001,67,981,1135,117,94
53,236,533,Shia002011,17,81,376,151,56
53,1,149,JK007082,268,339,485,116,95
53,428,705,Sham19Y0148271,2291,545,821,136,59
53,326,485,ShamAY0034809,495,370,529,127,100
54,892,1000,Shamela0010646,94,74,182,86,99
54,1372,1593,JK000022,3698,1,217,172,97
54,892,1051,Sham19Y0020762,479,566,730,129,96
54,1082,1227,Shamela0011363,341,262,393,105,90
54,1262,1593,Shamela0010283,1129,967,1272,244,88
54,860,1051,Shamela0010906,1872,988,1186,140,84
54,1262,1542,Shia002185Vols,4035,1373,1641,199,81
54,860,1051,Shia004649Vols,1373,945,1102,105,61
54,1262,1431,ShamAY0035035,6620,1530,1720,134,86
54,1431,1593,ShamAY0035035,6621,1,155,99,66
54,1,395,ShamAY0038174,53,1116,1498,311,96
54,395,1593,ShamAY0038174,54,1,1170,945,97
54,860,1051,Shamela0035100,1473,362,565,145,88
54,1082,1227,Shamela0010443,532,434,572,110,93
54,1051,1241,Shamela0026677,17,471,655,143,93
54,1262,1593,JK000001,1888,1232,1537,239,86
54,827,1065,JK000916,17086,810,978,96,48
54,1,174,JK000916,23053,88,271,129,87
54,1,167,JK000055,117,269,451,126,85
54,892,1051,Shamela0001013,62,859,1076,126,71
54,1274,1582,Kraken220208041040,590,564,815,190,76
54,1258,1593,Kraken220208041040,1584,403,737,263,96
54,850,1051,Sham19Y0029560,296,968,1194,154,81
54,1262,1582,ShamAY0035000,66,424,726,221,81
54,860,1051,Sham19Y0149213,1391,294,497,145,88
54,869,1051,Shamela0004445,4213,581,786,135,79
55,780,1432,Shamela0000782,830,847,1474,492,95
55,831,1514,JK000021,2824,23,727,410,64
55,952,1461,Shamela0012014,131,652,1186,379,84
55,856,1412,Shamela0009107,82,882,1493,373,69
55,881,1235,Shamela0011620,55,1153,1540,207,55
55,1235,1461,Shamela0011620,56,1,242,180,91
55,986,1461,Sham19Y0122187,475,520,1075,323,66
55,780,1461,Shamela0009810,1449,461,1252,499,76
55,884,1179,Sham19Y0020638,1364,1105,1445,172,52
55,1179,1461,Sham19Y0020638,1365,1,299,228,94
55,1331,1461,Shia004042Vols,300,660,794,102,88
55,884,1461,Shamela0000170,97,871,1443,331,62
55,1,552,JK000022,3698,217,763,424,93
55,881,1509,Shia001731Vols,847,1,742,447,74
55,896,1483,Shamela0021715,5023,10,659,380,65
55,1051,1322,Shamela0021715,5024,26,378,167,56
55,761,1514,Shamela0021715,6202,502,1275,484,69
55,896,1461,Shamela0021715,6203,67,1132,399,44
55,869,1514,Shamela0021715,9644,1,670,389,62
55,1098,1358,Shamela0021715,9645,65,430,167,52
55,938,1468,Sham19Y0018103,2141,31,531,320,73
55,761,1461,Sham19Y0018103,2575,672,1409,470,71
55,836,1461,Sham19Y0018103,3759,1,647,396,66
55,952,1461,Shamela0007485,2,1,508,341,80
55,938,1461,Shamela0009859,13,615,1095,226,41
55,1009,1405,Sham19Y0132524,2923,6,388,296,90
55,990,1476,ShamAY0032781,92,1,395,254,63
55,800,1491,Shamela0022547,847,136,968,502,73
55,881,1461,JK007065,248,585,1367,442,69
55,884,1487,Sham19Y0017729,332,695,1306,349,60
55,948,1461,Shamela0005772,81,855,1398,288,55
55,1,204,Shamela0010283,1129,1272,1443,128,76
55,742,1522,ShamAY0034005,1174,392,1348,529,66
55,881,1476,Sham19Y0016684,1260,1,662,385,65
55,831,986,Sham19Y0016684,1918,1326,1471,112,92
55,948,1461,Sham19Y0016684,1919,1,520,288,55
55,597,730,Shamela0010798,1323,1360,1494,86,80
55,792,1514,JK000110,794,301,1068,436,63
55,761,1468,JK000110,1028,66,814,473,71
55,831,1051,JK000110,1683,1233,1433,153,88
55,938,1476,JK000110,1684,19,508,308,69
55,818,1378,Shamela0012403,161,719,1438,417,71
55,884,1341,ShamAY0038389,270,989,1424,243,54
55,938,1461,Rafed0002530Vols,132,308,893,336,63
55,228,559,Shia002185Vols,4036,59,376,229,78
55,780,1461,Shamela0005756,9362,726,1467,425,64
55,761,1461,Shamela0005756,10655,657,1395,467,71
55,831,1247,Shamela0005756,14106,1098,1566,266,63
55,792,1461,Sham19Y0013252,5586,748,1479,424,65
55,761,1390,Sham19Y0013252,6421,783,1455,416,69
55,831,1461,Sham19Y0013252,9407,78,741,400,65
55,780,1418,Shamela0013178,261,871,1233,205,39
55,780,1514,Sham19Y0016584,2375,375,1168,437,61
55,761,976,Sham19Y0016584,2873,1008,1202,134,81
55,859,1468,Sham19Y0016584,2874,372,1026,387,65
55,831,1141,Sham19Y0016584,4220,1220,1467,173,67
55,1009,1476,Sham19Y0016584,4221,55,437,268,68
55,973,1412,ShamAY0035035,6591,1110,1564,318,82
55,1,559,ShamAY0035035,6621,155,965,386,56
55,1,390,ShamAY0038174,54,1170,1559,311,100
55,390,1532,ShamAY0038174,55,1,1141,908,97
55,761,1468,ShamAY0038174,72,484,1298,527,78
55,1005,1461,Shamela0021550,445,235,684,353,93
55,831,1468,Shamela0025794,3158,569,1308,463,74
55,800,1400,Shamela0004289,1013,762,1448,426,73
55,952,1231,Sham19Y0013223,1167,1211,1505,200,79
55,1231,1461,Sham19Y0013223,1168,1,238,178,90
55,831,1461,Shamela0021809,2102,649,1386,459,74
55,831,1019,Shamela0021809,2103,25,204,139,94
55,736,1461,JK000481,67,470,1186,509,84
55,1338,1461,Shamela0095735,225,865,992,96,87
55,976,1453,Sham19Y0146127,3270,14,417,253,63
55,767,1461,Shamela0023700,1840,410,1040,481,86
55,1075,1461,Sham19Y0096918,316,1,328,248,76
55,1040,1461,Shamela0000551,1715,7,359,265,75
55,884,1461,ShamAY0033760,643,69,761,433,75
55,973,1461,JK000001,1873,631,1112,378,94
55,1,204,JK000001,1888,1537,1712,134,79
55,228,559,JK000001,1889,6,332,249,88
55,792,1221,Sham19Y0018176,1174,1045,1529,240,54
55,1221,1461,Sham19Y0018176,1175,1,248,184,89
55,761,1468,Sham19Y0018176,1478,165,912,474,71
55,831,1461,Sham19Y0018176,2279,154,846,423,69
55,881,1303,Kraken230110004547,102,1075,1446,188,44
55,1303,1461,Kraken230110004547,103,1,163,123,88
55,792,1358,Shia002069Vols,746,850,1467,389,74
55,831,1487,Shamela0001342,6,344,1035,394,61
55,736,1468,Sham19Y0122406,4217,378,1214,499,69
55,881,1461,Sham19Y0017616,528,786,1438,394,67
55,828,1461,Shamela0006222,759,53,743,406,63
55,1009,1461,Masaha001864Vols,2173,52,457,294,77
55,800,1461,Masaha001864Vols,3311,9,797,494,76
55,973,1369,Sham19Y0014592,1873,1157,1567,294,85
55,792,1461,JK000055,107,212,853,499,92
55,597,967,Shamela0029871,7,1089,1436,144,43
55,800,1226,Shamela0037837,501,1011,1492,241,54
55,1226,1461,Shamela0037837,502,1,243,180,88
55,948,1461,Sham19Y0095660,1962,1,483,308,72
55,921,1461,Shamela0096283,248,1,593,347,64
55,938,1468,Shamela0001727,1627,1,615,382,71
55,1126,1514,Sham19Y0013605,2691,1186,1561,243,72
55,761,1468,Sham19Y0013605,3151,117,1205,473,50
55,831,1146,Sham19Y0013605,4481,463,866,215,63
55,1193,1476,Sham19Y0013605,4482,82,373,202,84
55,884,1461,Sham19Y0127656,388,929,1504,327,57
55,742,1325,JK009408,1493,820,1443,297,49
55,938,1461,JK009324,1733,665,1293,345,64
55,831,1461,JK006838,1468,635,1200,322,53
55,736,1518,Shamela0003722,5234,537,1446,520,68
55,1303,1461,Shamela0006886,128,247,404,122,90
55,976,1497,JK000475,1846,719,1272,351,76
55,1009,1526,JK000475,1846,1,496,335,71
55,1043,1428,Zaydiyya0000148,415,760,1061,205,59
55,271,559,Kraken220208041040,590,815,1002,144,62
55,1,552,Kraken220208041040,1584,737,1269,400,87
55,792,1461,Sham19Y0018106,2236,50,781,424,65
55,761,1522,Sham19Y0018106,2686,315,1108,483,67
55,831,1146,Sham19Y0018106,3813,1036,1439,215,63
55,1193,1461,Sham19Y0018106,3814,1,277,195,85
55,856,1065,Shamela0026884,435,1117,1442,158,61
55,1091,1461,Shamela0026884,436,8,321,232,76
55,831,1103,Sham19Y0148486,5922,1113,1473,184,59
55,1109,1461,Sham19Y0148486,5923,1,317,222,76
55,952,1461,Sham19Y0014309,678,31,433,279,63
55,938,1461,Sham19Y0017903,600,466,1020,347,72
55,252,559,ShamAY0035000,67,467,770,237,92
55,938,1461,Sham19Y0148271,1810,1,599,354,66
55,859,1461,Shamela0025800,564,606,1254,398,67
55,818,1461,Shamela0007891,2465,507,1207,415,66
55,1122,1461,Sham19Y0011194,290,1,328,240,84
55,730,1432,Shamela0001733,3130,677,1505,481,70
55,800,1476,Shamela0001733,3131,160,921,480,74
55,1247,1514,Shamela0001733,3132,1,299,184,77
56,510,930,Shamela0003118,904,1112,1501,302,88
56,930,1457,Shamela0003118,905,1,497,379,88
56,597,1457,Shamela0003118,7911,1,786,608,87
56,183,351,JK009390,893,85,258,124,86
56,46,406,Shamela0008362BK3,38,343,668,256,88
56,5,406,ShamAY0035884,588,358,756,314,96
56,46,406,Shamela0026662,37,561,899,260,89
56,49,406,Shamela0012014,394,213,566,250,83
56,46,406,Sham19Y0016976,1880,249,663,236,65
56,83,472,Sham19Y0020638,1065,1,364,191,53
56,5,406,JK000022,2959,591,968,287,87
56,49,333,Sham19Y0122257,3392,103,406,209,82
56,11,229,Shamela0021715,6253,1279,1480,151,87
56,11,406,Shamela0021715,6254,306,1468,286,30
56,455,1457,Shamela0013066,67,26,1022,743,88
56,115,406,Shia003732Vols,5529,1,286,223,92
56,5,413,Shia001976Vols,402,412,842,274,71
56,11,413,Sham19Y0018103,2598,692,1059,285,88
56,78,406,JK007065,1214,1041,1346,239,88
56,46,299,Sham19Y0017729,181,1236,1472,175,84
56,49,406,Shamela0010283,3929,566,888,249,87
56,46,406,ShamAY0034005,1427,1,194,137,47
56,11,406,Sham19Y0016684,1489,66,427,281,88
56,49,406,Tafsir06049,1768,593,924,249,82
56,5,342,Sham19Y0038171,1059,521,1102,227,46
56,49,436,Sham19Y0038171,2364,876,1266,231,66
56,31,406,Shamela0000137,635,100,432,255,83
56,11,413,JK000110,1039,81,448,285,88
56,171,333,Shamela0008176,7554,1,194,129,82
56,11,406,Shamela0005756,10709,792,1153,278,88
56,11,387,Sham19Y0013252,6462,763,1105,266,88
56,49,406,Sham19Y0013252,6469,745,1095,263,89
56,46,406,Sham19Y0017791,2075,605,1045,244,67
56,11,413,Sham19Y0016584,2896,465,837,285,87
56,218,406,Sham19Y0145212,3687,368,656,120,52
56,5,342,ShamAY0035035,4375,898,1479,226,46
56,49,436,ShamAY0035035,9519,580,989,244,70
56,1,413,ShamAY0038174,55,1141,1551,329,99
56,413,1472,ShamAY0038174,56,1,1067,839,98
56,11,406,Shamela0025794,3190,966,1405,231,58
56,11,468,Shamela0004289,749,888,1289,282,76
56,83,333,Shamela0021809,1902,1,215,155,74
56,78,333,Sham19Y0017063,1578,292,572,199,85
56,1,357,Shia002119Vols,1783,1118,1488,283,95
56,690,1457,Shamela0008657,636,332,1081,439,62
56,171,342,Sham19Y0014328,166,48,221,126,84
56,107,406,Sham19Y0146127,1130,445,660,161,67
56,690,1457,ShamAY0032868,4,551,1300,447,65
56,442,1457,JK011358,30,8,747,539,63
56,11,406,Sham19Y0018176,1491,801,1162,281,88
56,49,436,Shamela0026568,1262,272,712,250,67
56,459,1385,Shia002069Vols,771,530,1441,639,83
56,49,436,Shamela0023685,1432,984,1423,249,67
56,78,387,Masaha001864Vols,783,503,789,224,88
56,413,1311,JK000916,2155,43,1454,629,55
56,442,1021,JK000916,26568,934,1494,416,86
56,1021,1457,JK000916,26569,1,411,316,90
56,455,846,Shamela0010480,423,1069,1466,286,86
56,846,1457,Shamela0010480,424,5,590,453,91
56,11,421,JK000653,43,992,1377,296,89
56,218,406,Sham19Y0023618,487,1,172,136,89
56,5,406,JK000055,108,261,647,306,95
56,451,1452,JK000055,113,537,1506,733,89
56,46,406,ShamAY0034066,348,442,789,257,84
56,207,406,Shamela0004473,9089,6,317,132,49
56,11,406,Shamela0037837,300,1,531,267,59
56,54,333,Shamela0030774,27,1,221,158,69
56,46,406,Masaha001946Vols,867,238,572,254,85
56,97,406,Sham19Y0095660,1962,602,1013,230,66
56,11,413,Sham19Y0013605,3174,446,813,285,88
56,107,535,Shamela0010803,361,1,409,248,60
56,88,406,Sham19Y0122255,439,464,781,215,76
56,11,406,Sham19Y0018106,2703,1151,1512,281,88
56,46,406,Sham19Y0014119,659,355,813,253,66
56,11,406,Sham19Y0148486,2173,84,445,278,87
56,49,401,Masaha003955Vols,161,1171,1495,254,89
56,49,406,Shamela0008360,923,237,681,244,64
56,46,432,Sham19Y0017903,360,621,971,255,80
56,78,406,Shamela0025800,3094,579,1090,237,54
56,5,187,Shamela0007891,2359,1300,1481,144,99
56,187,406,Shamela0007891,2360,1,213,170,95
56,46,406,Shamela0001002,2028,933,1268,257,87
56,115,406,Shamela0004445,1567,1,274,219,93
56,11,406,Shamela0001733,3303,645,1014,290,92
57,169,754,Shamela0003118,3635,1,574,451,94
57,1137,1411,JK000022,3698,767,1052,184,78
57,948,1131,Shamela0009200,419,257,635,110,35
57,972,1162,ShamAY0038174,19,1,185,120,80
57,1,393,ShamAY0038174,56,1074,1469,309,99
57,393,1475,ShamAY0038174,57,1,1103,862,97
57,11,801,JK000916,11893,98,882,575,89
57,7,404,JK000055,108,1116,1506,289,91
57,404,882,JK000055,109,1,500,304,65
57,931,1145,Shamela0008259,2,619,952,155,57
58,700,846,Shamela0012398,901,432,578,109,95
58,478,653,JK000021,2897,94,268,139,99
58,700,846,Shamela0012406,3459,187,333,109,95
58,646,846,Shamela0012865,90,770,948,126,80
58,700,846,Sham19Y0023644,6559,254,400,109,95
58,1247,1427,Shamela0010283,1123,1152,1327,138,97
58,700,846,JK000911,3266,298,444,109,95
58,1230,1427,ShamAY0035035,6606,1029,1250,137,75
58,1,420,ShamAY0038174,57,1103,1522,334,99
58,420,1474,ShamAY0038174,58,1,1037,810,95
58,927,1158,ShamAY0032826,262,517,718,121,61
58,1247,1427,JK000001,1881,236,411,137,96
58,700,846,Sham19Y0038155,291,222,370,107,93
58,700,898,Sham19Y0038155,419,737,934,155,99
58,700,846,JK009150,160,664,811,107,93
58,1236,1427,Shamela0021493,268,1092,1288,142,89
58,1,258,Shamela0021493,268,843,1099,201,96
58,657,898,JK007082,168,124,368,169,80
58,291,460,JK007082,436,471,641,112,83
58,700,846,ShamAY0035000,213,963,1109,108,95
58,730,846,Shamela0004445,5389,1,117,91,100
59,469,706,Shamela0003118,5431,1,437,138,35
59,170,330,JK009174,44,1153,1381,104,53
59,511,706,Shia004042Vols,301,189,374,137,83
59,389,706,Shamela0010283,1121,677,887,160,61
59,511,706,Shia002185Vols,4028,1271,1448,133,81
59,511,706,ShamAY0035035,6591,655,829,134,83
59,366,834,ShamAY0038174,35,807,1115,185,50
59,1,366,ShamAY0038174,58,1037,1470,288,84
59,366,1498,ShamAY0038174,59,1,1145,907,98
59,393,706,JK000001,1873,195,410,155,57
59,469,706,JK000916,18829,545,979,138,35
59,190,301,Shamela0026395,5,1,125,87,89
59,293,706,Shia002011,31,483,1211,180,25
60,1424,1564,JK000952,2451,13,166,113,91
60,102,379,Shamela0000558,422,1,277,208,92
60,1424,1564,Shamela0036515,1293,947,1088,112,98
60,1,432,ShamAY0038174,59,1145,1561,337,96
60,432,1564,ShamAY0038174,60,1,1194,912,94
60,1351,1468,Shamela0000736,3679,1344,1461,92,100
60,391,661,JK000475,339,188,648,151,40
60,694,1078,ShamAY0000443,3424,62,397,184,48
60,71,379,JK007082,351,1237,1520,225,89
60,71,379,JK007082,682,813,1094,227,90
60,109,379,ShamAY0035000,104,661,878,170,76
61,777,1360,Shamela0003118,2302,106,677,442,95
61,807,1342,JK009288,508,117,540,236,55
61,777,1342,JK009288,919,790,1323,316,62
61,1,385,ShamAY0038174,60,1194,1563,296,95
61,385,1508,ShamAY0038174,61,1,1111,885,98
61,252,421,JK007560,21,932,1145,121,69
61,738,1360,JK000916,6721,197,815,479,97
62,701,1382,Shamela0009102,11,1,637,351,58
62,903,1144,JK000022,1236,507,754,121,52
62,716,1448,Shia004053Vols,708,435,1508,304,31
62,635,1377,ShamAY0034059,944,277,993,546,90
62,890,1511,Shia001432Vols,24548,47,989,293,35
62,743,1474,Shia001432Vols,24628,1,693,298,43
62,994,1489,Masaha000001Vols,803,1,536,208,35
62,809,1358,Shamela0003055,4170,233,684,293,65
62,911,1144,Kraken220413030759,705,1323,1549,114,53
62,647,1155,Sham19Y0023644,680,1091,1469,231,54
62,608,1489,Shamela0010283,1122,35,901,657,90
62,978,1489,Shia001187Vols,4568,722,1207,224,44
62,890,1489,Shia001383,207,147,1066,283,35
62,635,1489,Shia002185Vols,4140,403,1204,558,76
62,719,1474,Shia001148,334,1,745,319,44
62,608,1489,ShamAY0035035,6592,493,1529,642,74
62,1,417,ShamAY0038174,61,1111,1527,338,99
62,417,1553,ShamAY0038174,62,1,1124,901,98
62,586,1321,Shia001140Vols,494,646,1427,335,46
62,608,1489,JK000001,1874,109,982,667,91
62,586,1415,Shia001138BK2,67,156,1038,352,42
62,635,1293,Zaydiyya0000013,195,593,1387,275,38
62,978,1489,Shia001122Vols,786,862,1420,214,36
62,903,1144,Shamela0012884,5411,1135,1381,116,56
62,698,1377,Shamela0002506,20,20,859,456,67
62,809,1382,Shamela0028168,434,1026,1529,294,60
63,1140,1363,Shamela0003118,5070,1264,1472,128,74
63,1188,1488,JK009390,4022,57,350,191,74
63,1197,1488,Shamela0001438,4968,1,268,174,72
63,734,1028,JK008250Vols,129,644,924,130,56
63,1,441,ShamAY0038174,62,1124,1562,357,99
63,441,1488,ShamAY0038174,63,1,1052,824,98
63,734,951,ShamAY0038174,101,925,1141,169,97
63,1006,1159,ShamAY0038174,103,579,726,97,79
63,1222,1488,Sham19Y0127677,3316,8,317,190,76
63,1188,1488,Sham19Y0127677,17080,1093,1382,191,75
63,1188,1488,Sham19Y0096918,307,902,1188,192,75
63,1123,1488,JK000916,17430,968,1384,248,74
63,1188,1488,Shia002265Vols,4121,778,1054,181,73
63,1119,1363,Sham19Y0017533,76,1216,1426,164,85
63,1188,1488,Sham19Y0029676,625,1165,1438,179,72
63,804,1488,JK007082,281,124,865,379,55
63,1209,1488,Shamela0012062,261,1,274,212,95
64,50,557,Shamela0006686BK1,4,1,613,149,24
64,1,410,ShamAY0038174,63,1052,1471,325,96
64,410,1532,ShamAY0038174,64,1,1127,903,99
64,92,539,JK001288,48,519,980,135,25
64,217,607,Shia002011,18,1,457,189,48
64,779,1532,Shamela0006650,17,1,717,375,51
64,37,557,Shamela0021493,388,86,725,152,20
65,646,756,Shamela0003118,6400,457,560,80,91
65,588,756,JK000021,2164,930,1092,119,90
65,632,756,Shamela0000655,98,718,846,88,88
65,580,756,Shamela0029751,10,1111,1292,129,89
65,588,756,Sham19Y0123581,111,824,967,108,82
65,605,761,JK000022,768,1,151,116,93
65,609,761,Sham19Y0036110,130,74,219,113,94
65,646,788,Kraken220413030759,611,358,489,90,77
65,198,368,Shamela0013076,27,1066,1222,112,84
65,417,555,Shia002185Vols,3167,1303,1487,102,68
65,628,756,Sham19Y0018567,1264,1351,1482,94,85
65,1,429,ShamAY0038174,64,1127,1555,342,99
65,429,1560,ShamAY0038174,65,1,1124,901,97
65,646,756,Shamela0006850,28,1243,1352,80,91
65,632,792,JK000001,1882,157,299,107,83
65,584,756,JK000916,22321,259,419,121,90
65,372,555,Sham19Y0038155,399,440,624,140,94
65,202,387,Shamela0026884,464,537,698,115,79
65,632,756,ShamAY0034809,375,1015,1142,91,89
66,769,1039,Shamela0003118,6235,711,977,213,96
66,1045,1254,JK000021,2347,1223,1423,158,94
66,48,364,Shamela0012031,407,240,516,187,73
66,1288,1486,Shamela0012031,427,486,699,151,88
66,696,1054,JK000022,1008,928,1293,257,82
66,1039,1254,JK000022,2277,327,536,166,96
66,1260,1486,JK000022,2911,902,1136,166,86
66,18,434,JK000022,3058,32,457,282,75
66,18,295,Shamela0006789,61,1087,1347,201,91
66,785,1039,Kraken220413030759,633,1121,1347,180,86
66,1317,1486,Kraken220413030759,1131,1141,1344,128,78
66,102,295,Kraken220413030759,1317,1192,1375,134,84
66,95,288,Sham19Y0023644,4522,237,406,121,79
66,7,347,Sham19Y0038171,2652,405,715,209,73
66,133,347,ShamAY0035035,9630,1,185,121,72
66,1,429,ShamAY0038174,65,1124,1554,336,98
66,429,1486,ShamAY0038174,66,1,1060,845,99
66,48,295,ShamAY0034857,51,98,323,175,89
66,1313,1486,ShamAY0034857,64,269,457,132,86
66,48,359,Shamela0035100,2902,264,488,117,45
66,1045,1273,JK001288,15,376,594,156,86
66,696,1076,JK000916,21703,554,938,264,84
66,1288,1486,Sham19Y0014592,326,1292,1522,153,83
66,48,295,Shamela0010664,1290,1220,1377,124,63
66,1322,1486,Rafed0002209Vols,2172,192,362,126,91
66,1035,1254,Shia002011,4,1114,1334,168,95
66,1313,1486,ShamAY0035000,75,1005,1193,133,87
66,111,295,ShamAY0035000,164,1,163,126,86
66,1100,1313,ShamAY0034809,398,1,197,132,79
66,44,295,Sham19Y0149213,902,811,965,121,61
67,127,820,JK000022,2869,505,1273,52,4
67,123,464,JK000022,2878,777,1235,88,17
67,1,427,ShamAY0038174,66,1060,1490,336,99
67,427,1422,ShamAY0038174,67,1,1014,776,97
67,1078,1321,JK000001,1882,341,521,127,62
67,1162,1389,JK007082,280,1076,1291,129,64
68,992,1342,Shamela0003118,6299,191,531,263,93
68,641,905,Shamela0012031,648,598,859,190,88
68,630,961,JK000022,2879,230,546,209,77
68,563,992,Shamela0012406,1838,849,1281,264,73
68,984,1342,Shia002185Vols,4052,678,998,236,78
68,1000,1134,ShamAY0035035,6608,1347,1490,100,84
68,1211,1342,ShamAY0035035,6609,1,134,101,95
68,1,442,ShamAY0038174,67,1014,1458,351,99
68,442,1422,ShamAY0038174,68,1,999,765,97
68,649,893,ShamAY0034857,212,150,379,178,93
68,984,1342,JK000001,1882,609,906,227,79
68,192,420,JK000916,21447,1,190,122,66
68,897,1370,JK000916,22012,36,508,322,80
68,59,452,Shamela0012739,14,578,860,149,49
68,897,1354,JK007082,437,33,499,322,83
68,897,1309,JK007082,594,1058,1462,295,86
69,648,806,Shamela0003118,2679,238,403,124,93
69,661,864,Shia004021,173,83,255,98,56
69,11,267,Sham19Y0036110,121,1,237,183,87
69,661,811,Shia001187Vols,4683,504,610,82,68
69,1,457,ShamAY0038174,68,999,1456,358,96
69,457,1504,ShamAY0038174,69,1,1045,825,97
69,627,806,JK000916,8230,956,1145,140,92
69,661,811,Masaha004698,82,1217,1323,82,68
69,1,124,Shamela0008266,9,1210,1334,100,99
70,487,664,Shamela0003118,878,1091,1270,105,76
70,505,616,Shamela0023789,764,496,601,80,93
70,483,664,Shamela0010646,614,262,419,110,77
70,487,664,JK000022,2779,233,420,109,75
70,477,664,JK009288,432,824,1004,127,85
70,494,664,Shamela0000558,435,435,600,123,94
70,477,664,Shamela0007853,882,242,419,127,85
70,477,664,Kraken220603212436,187,1338,1512,125,83
70,494,664,ShamAY0035035,4150,400,960,101,23
70,1,505,ShamAY0038174,69,1045,1529,390,96
70,505,1461,ShamAY0038174,70,1,957,752,99
70,1046,1269,ShamAY0033560,46,1253,1481,161,88
70,477,664,Shia003636Vols,4292,534,703,122,83
70,472,664,JK000001,1937,774,952,121,77
70,487,664,JK001288,19,643,820,106,75
70,487,664,JK000916,2067,298,479,107,76
70,518,664,Sham19Y0145334,38,1,153,97,82
70,472,664,Shamela0001453,208,809,992,122,77
70,864,1027,JK007082,168,408,571,130,98
70,1281,1461,JK007082,273,138,486,116,41
70,1046,1217,JK007082,291,1269,1457,130,86
70,1046,1288,JK007082,670,6,256,167,78
71,548,989,JK000022,2376,1251,1475,142,41
71,1029,1222,JK000022,2788,57,225,122,77
71,1,460,ShamAY0038174,70,957,1424,358,97
71,460,1464,ShamAY0038174,71,1,1005,800,99
71,1203,1464,JK001288,7,40,302,181,76
71,1222,1464,JK001288,59,846,1086,185,91
71,1230,1464,Shia002011,5,1,204,164,86
72,997,1491,Shamela0000782,830,847,1217,289,74
72,1049,1468,JK000021,2824,23,407,296,89
72,1166,1491,Shamela0012014,131,652,884,175,64
72,1070,1491,Shamela0009107,82,882,1309,319,91
72,1187,1491,Shamela0011620,55,1168,1471,242,99
72,1200,1491,Sham19Y0122187,475,520,804,193,73
72,1036,1491,Shamela0009810,1449,506,946,338,93
72,1098,1491,Sham19Y0020638,1364,1105,1435,262,82
72,1157,1463,Shamela0006610,1008,223,638,179,49
72,1162,1491,Shamela0000170,97,829,1202,210,61
72,693,1009,JK000022,1802,163,502,197,69
72,1095,1491,Shia001731Vols,847,1,387,301,95
72,1110,1491,Shamela0021715,5023,10,387,262,79
72,997,1491,Shamela0021715,6202,515,1005,358,87
72,1110,1491,Shamela0021715,6203,67,704,289,56
72,1083,1468,Shamela0021715,9644,1,376,291,94
72,1243,1491,Sham19Y0018103,2141,1,277,183,80
72,997,1491,Sham19Y0018103,2575,685,1175,358,87
72,1054,1468,Sham19Y0018103,3759,1,387,299,90
72,1187,1463,Shamela0009242,3575,412,631,154,68
72,1187,1463,Shamela0009242,3576,766,985,154,68
72,1288,1491,Shamela0007485,2,1,201,162,98
72,1152,1463,Shamela0009859,13,615,937,192,61
72,1098,1352,Sham19Y0132524,2922,1262,1509,194,96
72,1352,1491,Sham19Y0132524,2923,1,140,112,100
72,1017,1491,Shamela0022547,847,132,624,350,85
72,1095,1491,JK007065,248,585,1059,299,77
72,1152,1491,Sham19Y0017729,332,644,1028,241,75
72,819,979,Kraken220413030759,790,528,695,119,89
72,1009,1491,ShamAY0034005,1174,419,916,357,87
72,1095,1491,Sham19Y0016684,1260,1,404,272,77
72,1049,1200,Sham19Y0016684,1918,1326,1471,112,94
72,1200,1468,Sham19Y0016684,1919,1,260,200,92
72,1036,1491,JK000110,794,320,785,308,76
72,997,1491,JK000110,1028,79,569,358,87
72,1049,1255,JK000110,1683,1233,1433,156,96
72,1261,1491,JK000110,1684,6,245,168,84
72,1036,1491,Shamela0012403,161,719,1181,351,94
72,1098,1486,ShamAY0038389,270,989,1263,211,68
72,1009,1491,Shamela0005756,9362,730,1218,316,74
72,997,1491,Shamela0005756,10655,670,1161,355,86
72,1049,1491,Shamela0005756,14106,1098,1542,328,89
72,1036,1491,Sham19Y0013252,5586,767,1232,308,76
72,997,1491,Sham19Y0013252,6421,796,1286,358,87
72,1098,1269,Sham19Y0013252,6431,786,951,129,95
72,1049,1468,Sham19Y0013252,9407,78,481,313,93
72,1070,1223,Shamela0013178,261,1327,1455,100,83
72,1036,1491,Sham19Y0016584,2375,414,879,308,76
72,997,1190,Sham19Y0016584,2873,1021,1202,126,82
72,1073,1491,Sham19Y0016584,2874,372,781,279,79
72,1049,1303,Sham19Y0016584,4220,1220,1467,194,96
72,709,988,ShamAY0035035,6611,508,765,170,76
72,798,975,Shamela0000482,550,919,1129,127,76
72,1098,1352,Shamela0012220,1071,744,984,157,79
72,979,1491,ShamAY0038174,55,360,771,294,70
72,1,500,ShamAY0038174,71,1005,1506,399,99
72,500,1491,ShamAY0038174,72,1,1002,788,98
72,1357,1491,Shamela0021550,445,239,388,107,89
72,1049,1491,Shamela0025794,3158,569,994,335,95
72,1095,1491,Shamela0025794,3513,1,553,257,53
72,979,1491,Shamela0004289,1013,736,1206,341,84
72,51,233,Sham19Y0018612,713,1142,1307,113,78
72,1166,1491,Sham19Y0013223,1167,1211,1443,175,64
72,1049,1491,Shamela0021809,2102,649,1075,334,94
72,1049,1233,Shamela0021809,2103,25,204,139,96
72,1070,1463,Shamela0002863,2237,475,792,207,64
72,985,1491,JK000481,67,488,892,291,71
72,1073,1477,Shia002119Vols,1156,1,348,194,58
72,997,1491,Shamela0023700,1840,423,768,268,68
72,1162,1361,Shamela0000551,1714,1262,1474,140,77
72,1098,1491,ShamAY0033760,643,69,455,308,98
72,1036,1491,Sham19Y0018176,1174,1064,1529,308,76
72,997,1491,Sham19Y0018176,1478,178,668,358,87
72,1049,1491,Sham19Y0018176,2279,154,598,328,89
72,723,1009,JK001288,52,631,941,191,76
72,1152,1482,Kraken230110004547,102,969,1325,204,60
72,1036,1491,Shia002069Vols,746,869,1234,266,70
72,1049,1491,Shamela0001342,6,344,764,319,89
72,975,1491,Sham19Y0122406,4217,378,900,350,81
72,1152,1491,Sham19Y0017616,528,691,1130,267,75
72,1017,1491,Shamela0006222,759,27,455,285,69
72,1017,1491,Masaha001864Vols,3311,5,488,357,91
72,1187,1491,Sham19Y0014592,1873,1157,1366,168,68
72,979,1491,JK000055,107,190,572,287,70
72,1036,1491,Shamela0037837,501,1023,1487,308,76
72,1098,1352,Shamela0026324,4008,1085,1318,157,78
72,1135,1491,Shamela0096283,248,1,346,238,76
72,1190,1491,Shamela0001727,1627,1,301,240,99
72,1195,1463,Sham19Y0013605,2691,1,263,203,94
72,997,1491,Sham19Y0013605,3151,130,620,358,87
72,1049,1468,Sham19Y0013605,4481,463,866,313,93
72,1098,1352,Shamela0011385,2476,1120,1368,160,74
72,1162,1383,Sham19Y0013783,2272,1307,1535,158,80
72,1187,1486,Shamela0009790,334,950,1311,184,56
72,1152,1472,Sham19Y0127656,388,878,1243,241,81
72,969,1468,JK009408,1493,828,1333,321,73
72,1152,1491,JK009324,1733,665,1046,237,75
72,1049,1444,JK006838,1468,635,952,242,77
72,1017,1491,Shamela0003722,5234,600,1066,357,94
72,985,1357,JK000475,1845,1182,1524,235,77
72,993,1491,JK000475,1846,432,924,329,74
72,979,1352,Shamela0001719,342,668,981,174,51
72,1036,1491,Sham19Y0018106,2236,69,534,308,76
72,997,1491,Sham19Y0018106,2686,328,818,358,87
72,1049,1468,Sham19Y0018106,3813,1036,1439,313,93
72,1070,1397,Shamela0026884,435,1117,1442,256,98
72,1049,1425,Sham19Y0148486,5922,1113,1473,281,93
72,1190,1491,Sham19Y0148271,1810,1,291,230,95
72,1073,1491,Shamela0025800,564,606,952,260,76
72,1021,1491,Shamela0007891,2465,498,967,309,75
72,1200,1434,Sham19Y0011194,289,1327,1556,182,96
72,975,1383,JK011302,33,746,1064,214,64
72,993,1491,Shamela0001733,3130,710,1241,364,85
72,969,1491,Shamela0001733,3131,124,607,346,83
72,985,1243,Shamela0001733,3132,273,516,172,82
73,1,256,Shamela0000782,830,1217,1474,199,94
73,1074,1432,JK000021,2873,1,397,204,55
73,1,291,Shamela0012014,131,884,1186,228,91
73,794,991,Shamela0012014,167,179,396,122,61
73,1,231,Shamela0009107,82,1253,1493,159,78
73,60,291,Shamela0011620,56,1,242,180,89
73,1,291,Sham19Y0122187,475,732,1075,222,79
73,1,291,Shamela0009810,1449,946,1252,226,89
73,18,291,Sham19Y0020638,1365,15,299,212,90
73,787,991,Shamela0013027,93,989,1240,139,70
73,1,291,Shamela0000170,97,1131,1443,220,84
73,1,291,Shia001731Vols,847,387,693,226,89
73,1,297,Shamela0021715,6202,949,1253,222,85
73,1,291,Shamela0021715,6203,637,1132,217,53
73,1,183,Shamela0021715,9645,119,430,130,52
73,770,991,Shia001976Vols,756,1173,1439,122,54
73,1,291,Sham19Y0018103,2575,1119,1409,218,87
73,794,999,Shamela0003055,4295,238,775,140,33
73,1,291,Shamela0007485,2,201,508,219,83
73,790,1118,Shamela0011468BK1,3351,1113,1362,144,49
73,1,224,Sham19Y0132524,2923,140,388,177,89
73,762,1054,Shamela0022547,804,1058,1416,180,65
73,1,297,Shamela0022547,847,624,945,226,84
73,1,291,JK007065,248,1059,1367,227,89
73,1,332,Sham19Y0017729,332,957,1306,229,77
73,790,987,Shamela0011444BK2,3504,609,809,120,63
73,1,306,ShamAY0034005,1174,916,1284,231,76
73,798,1150,Sham19Y0038171,1774,770,1349,191,36
73,1,301,JK000110,1028,513,818,227,88
73,1,297,JK000110,1684,189,499,207,78
73,1,194,Shamela0012403,161,1181,1429,150,75
73,18,166,ShamAY0038389,270,1277,1424,103,81
73,1,291,Rafed0002530Vols,132,600,893,208,80
73,790,931,Shia002185Vols,4028,1459,1600,107,95
73,1,291,Shamela0005756,10655,1105,1395,218,87
73,1,209,Sham19Y0013252,6421,1230,1455,165,91
73,1103,1432,Shamela0013178,39,1,375,169,51
73,1,301,Sham19Y0016584,2874,725,1030,225,86
73,803,987,JK001336,521,1347,1529,120,76
73,798,987,ShamAY0035035,6593,652,935,143,62
73,1,297,ShamAY0038174,55,771,1070,228,90
73,1,525,ShamAY0038174,72,1002,1524,422,99
73,525,1468,ShamAY0038174,73,1,939,729,97
73,1,291,Shamela0021550,445,388,684,222,89
73,790,987,Shamela0021550,445,957,1140,139,89
73,770,1150,Shamela0025794,2144,648,1128,173,40
73,1,297,Shamela0025794,3158,994,1308,218,82
73,1,219,Shamela0004289,1013,1206,1448,173,89
73,56,291,Sham19Y0013223,1168,1,238,180,90
73,1,291,Shamela0021809,2102,1075,1386,217,83
73,1,291,JK000481,67,892,1186,222,89
73,27,252,Sham19Y0146127,3270,142,405,167,78
73,1,291,Shamela0023700,1840,768,1040,205,83
73,18,336,Sham19Y0096918,316,70,379,204,75
73,1,291,Shamela0000551,1715,79,359,199,77
73,1,291,ShamAY0033760,643,455,761,217,84
73,1,291,JK000001,1873,816,1112,222,89
73,790,987,JK000001,1874,987,1170,139,89
73,1337,1468,Shamela0010488,173,246,403,101,83
73,1,301,Sham19Y0018176,1478,612,916,228,89
73,1,291,Sham19Y0018176,2279,542,846,204,79
73,1,183,Shia002069Vols,746,1234,1467,141,75
73,1,297,Sham19Y0122406,4217,900,1214,230,88
73,1,291,Sham19Y0017616,528,1130,1438,226,88
73,1,306,Shamela0006222,759,455,756,215,81
73,762,987,Masaha001864Vols,1671,826,1374,150,35
73,1,291,Masaha001864Vols,3311,488,797,221,85
73,1,197,Sham19Y0014592,1873,1366,1570,147,85
73,1,291,JK000055,107,567,853,218,91
73,818,1150,Shia000841Vols,6688,592,885,149,48
73,818,987,Shamela0021721,2266,832,1072,120,63
73,1,297,Shamela0001727,1627,301,615,230,88
73,1,301,Sham19Y0013605,3151,564,1209,227,42
73,11,297,Sham19Y0013605,4482,75,364,199,80
73,1,297,Shamela0003722,5234,1066,1379,225,86
73,1,291,JK000475,1846,924,1235,213,81
73,1,291,Sham19Y0018106,2686,762,1056,221,89
73,18,291,Sham19Y0018106,3814,1,277,190,80
73,1,291,Shamela0026884,436,47,321,180,71
73,1,291,Sham19Y0148486,5923,23,317,191,75
73,27,291,Sham19Y0014309,678,174,433,174,73
73,1267,1468,Zaydiyya0000342,107,591,1212,91,18
73,1337,1468,Shamela0023594,1777,1166,1303,101,95
73,1,301,Sham19Y0017903,600,713,1024,210,76
73,818,987,Zaydiyya0000054,396,1091,1466,119,40
73,818,1150,JK000272,812,680,973,149,48
73,1,291,Sham19Y0148271,1810,291,599,212,80
73,787,987,Shia002294Vols,354,289,478,131,83
73,1,291,Shamela0025800,564,952,1254,227,91
73,787,1165,JK009242,339,126,490,137,33
73,1,256,Shamela0001733,3130,1241,1505,196,90
73,1,297,Shamela0001733,3131,607,913,218,83
73,72,297,Shamela0001733,3132,1,230,171,89
74,220,948,Shia002034Vols,1483,339,1154,311,37
74,503,845,Shia002034Vols,2231,47,357,203,73
74,1,283,JK000021,604,788,1080,147,56
74,51,463,JK000021,2836,956,1229,131,37
74,1108,1356,JK000021,2873,286,523,186,94
74,828,1195,JK000021,2925,176,503,189,55
74,394,845,JK009390,3390,525,711,136,37
74,563,845,ShamIbadiyya0000967,1180,1147,1412,178,78
74,236,463,Sham19Y0016976,1548,454,669,163,92
74,148,592,JK000022,2270,780,1282,253,61
74,236,463,ShamAY0034068,417,1288,1505,161,90
74,236,845,Shia001782Vols,3699,168,776,342,62
74,542,752,Sham19Y0016759,43,35,202,121,69
74,239,463,Sham19Y0122257,2967,1166,1378,161,91
74,259,463,ShamAY0034059,893,1,201,156,97
74,1,144,ShamAY0034059,1080,724,872,111,95
74,1,140,ShamAY0034059,5988,620,761,110,98
74,559,845,Sham19Y0018607,4631,229,423,120,54
74,1,290,Shamela0026510,33,786,1120,156,61
74,304,845,Sham19Y0038171,2235,924,1432,135,20
74,1,463,Sham19Y0038171,2236,35,611,226,41
74,228,463,Shamela0008176,6557,538,775,168,85
74,157,726,JK006801,781,382,690,217,47
74,278,483,Shamela0000041,509,1,217,155,91
74,236,600,Sham19Y0017791,1716,50,325,193,67
74,239,463,Sham19Y0145212,3187,582,794,161,91
74,1,463,ShamAY0035035,8964,710,1284,222,42
74,180,1029,Sham19Y0027098,3,127,709,268,32
74,1,487,ShamAY0038174,73,939,1436,380,97
74,487,1415,ShamAY0038174,74,1,941,728,97
74,654,929,Shia003101Vols,233,5,258,139,53
74,1,188,JK001438,3,1199,1402,122,76
74,1,617,Shamela0013026,21,38,542,320,63
74,239,845,Sham19Y0013223,676,1011,1302,210,42
74,259,463,Sham19Y0017063,1317,799,1008,155,92
74,287,845,Sham19Y0127677,2227,190,754,158,22
74,1,283,Shamela0010488,173,398,749,138,51
74,236,463,Shamela0023628,622,953,1177,173,96
74,251,463,Shamela0021765,2593,319,509,148,88
74,1,140,Shia002265Vols,770,288,427,110,100
74,264,746,ShamAY0034797,205,558,779,146,38
74,467,792,Shamela0012579,1007,1090,1423,188,65
74,239,463,JK000213,537,1175,1408,170,91
74,254,463,ShamAY0001760,27,789,989,157,94
74,205,726,JK011365,40,600,829,147,36
74,180,463,Rafed0002209Vols,530,395,743,211,76
74,180,592,ShamAY0033926,285,80,558,241,61
74,373,1082,Sham19Y0018260,29,460,690,140,24
74,236,592,Sham19Y0014119,547,453,807,198,57
74,1,148,Shamela0008203,265,1215,1370,110,90
74,180,463,Shamela0026884,463,147,432,210,90
74,212,463,ShamAY0034569,530,1,268,189,89
74,577,845,Sham19Y0020868,209,754,993,155,68
74,180,592,Shia001949,284,656,1108,241,65
74,1,188,Zaydiyya0000342,107,1212,1423,122,64
74,180,463,Zaydiyya0000342,773,460,740,209,92
74,180,607,Zaydiyya0000342,791,793,1392,253,49
74,1,157,Shamela0023594,1777,1298,1463,118,91
74,328,592,JK009266,2293,1,205,141,68
74,239,592,Shamela0008360,781,525,961,196,51
74,1108,1356,Sham19Y0037618,4546,1071,1308,187,95
74,239,726,Sham19Y0037618,4732,1082,1317,162,41
74,157,726,Sham19Y0037618,4733,709,1017,217,47
74,180,726,Sham19Y0037618,4734,315,928,145,20
74,963,1140,ShamAY0034809,504,317,464,102,75
74,184,511,Shamela0007891,2501,749,1108,234,83
74,1,144,ShamAY0032899,7,487,630,113,100
74,180,467,Shamela0012750,369,380,683,215,89
74,236,592,Shamela0021766,747,614,900,201,72
74,239,463,Shamela0021766,2128,751,965,161,91
75,653,1018,Shamela0003118,5344,888,1234,261,90
75,1,364,JK000021,2817,376,714,193,61
75,653,1022,JK000021,2924,35,386,262,90
75,720,1018,JK009390,2847,452,733,202,86
75,653,1022,JK009390,5443,435,770,243,83
75,1,310,Shamela0009107,484,878,1196,158,50
75,253,536,Shamela0006944,17,922,1191,158,62
75,621,1018,Sham19Y0133377,125,385,779,284,87
75,740,1018,Shamela0001438,4284,1184,1444,196,89
75,670,1022,Shamela0001438,7363,1,328,239,86
75,551,1018,Shamela0011818,342,999,1440,329,88
75,740,1018,Shia004042Vols,316,1175,1427,194,88
75,650,1010,Shamela0012031,245,307,673,190,61
75,653,1010,JK000022,223,961,1313,194,63
75,73,243,Shia001782Vols,3702,674,838,121,85
75,621,1018,Shia004050,393,740,1139,292,87
75,1,256,Shia001976Vols,1237,130,399,172,77
75,625,1018,Shamela0021629,311,588,974,277,87
75,740,1018,JK001297,575,982,1217,180,82
75,621,980,Sham19Y0038171,1795,1141,1504,267,89
75,1,243,JK001040,3,1208,1450,181,91
75,625,791,ShamAY0035035,6701,1343,1525,125,84
75,791,1018,ShamAY0035035,6702,1,101,79,44
75,1,498,ShamAY0038174,74,941,1444,389,97
75,498,1401,ShamAY0038174,75,1,920,707,97
75,621,964,Shamela0021550,451,1215,1494,216,79
75,740,1018,Sham19Y0127677,2654,1047,1307,196,89
75,653,832,Sham19Y0127677,5314,1288,1469,127,88
75,73,243,Sham19Y0127677,10096,1170,1334,121,85
75,1022,1305,Kraken220413202218,588,391,674,195,81
75,1096,1263,JK000001,1882,1068,1206,110,82
75,625,1018,JK000001,1924,1073,1470,295,90
75,653,1018,JK000916,18558,310,674,266,89
75,653,1018,JK000916,18559,361,691,229,78
75,1,243,Shamela0021570,448,434,689,164,77
75,740,1018,Shia002265Vols,1885,108,368,194,88
75,653,1022,Shia002265Vols,5414,80,405,242,83
75,635,1010,Shamela0001500,35,109,501,206,61
75,766,1018,Shamela0012884,1187,1,238,183,92
75,73,243,Sham19Y0014309,2755,229,406,121,80
75,551,1018,Shamela0004445,7114,854,1321,338,87
76,1,513,ShamAY0038174,75,920,1436,405,99
76,513,1474,ShamAY0038174,76,1,957,759,98
76,628,900,JK000786,3736,1,274,113,41
76,873,1467,Shia002011,8,568,1509,367,47
77,1,553,ShamAY0038174,76,957,1507,440,99
77,553,1624,ShamAY0038174,77,1,1070,881,99
77,1,329,Shia002011,9,27,407,232,74
78,717,1095,Shamela0021660,4675,358,709,219,75
78,882,1012,Shamela0000782,744,501,654,91,74
78,749,1282,JK000021,2809,592,1388,263,37
78,648,1170,JK009174,26,16,451,281,69
78,930,1389,JK009174,26,668,1062,226,60
78,1148,1282,Sham19Y0122257,3085,1274,1408,101,97
78,882,1012,Kraken22041319410300,279,921,1074,90,73
78,720,1012,Sham19Y0038171,1778,993,1260,199,87
78,720,982,Sham19Y0038171,2323,1210,1466,177,86
78,982,1282,Sham19Y0038171,2324,1,265,116,37
78,1012,1282,ShamAY0038389,321,828,1050,161,76
78,1103,1282,Shamela0008176,6869,728,900,123,88
78,1148,1282,Sham19Y0145212,3329,1036,1170,103,98
78,720,1223,ShamAY0035035,6636,881,1458,258,49
78,753,1282,ShamAY0035035,9446,16,471,285,68
78,1,592,ShamAY0038174,77,1070,1635,453,95
78,592,1405,ShamAY0038174,78,1,821,622,97
78,812,1204,Masaha004380,229,7,290,149,46
78,1156,1282,JK000001,1894,700,826,99,100
78,882,1012,Masaha001864Vols,5671,355,508,91,74
78,882,1012,Shamela0036446,1081,343,486,91,79
78,1160,1282,Shamela0008360,821,1,123,96,100
79,6,137,JK000021,2822,837,975,102,94
79,137,854,Shia001935,18,829,1524,533,92
79,10,137,Sham19Y0018103,3760,44,171,99,98
79,18,137,ShamAY0034005,1175,1,120,94,100
79,10,137,JK000110,1684,931,1058,99,98
79,10,137,Shamela0005756,14108,1301,1428,99,98
79,10,137,Sham19Y0013252,9407,1200,1327,99,98
79,10,137,Shamela0005548,66,368,494,99,99
79,1,576,ShamAY0038174,78,821,1396,456,100
79,576,1439,ShamAY0038174,79,1,868,682,99
79,10,137,Shamela0004289,1019,316,442,98,98
79,14,137,JK000001,1873,1251,1374,97,100
79,1,137,Sham19Y0014592,963,819,954,106,99
79,10,137,Sham19Y0127656,751,704,830,99,99
79,6,137,JK000733,21,864,995,102,99
79,10,137,Sham19Y0018106,3814,1287,1414,99,98
79,1,137,Shamela0008203,242,622,758,107,100
79,229,528,Shamela0012062,390,1076,1377,205,77
80,735,968,ShamAY0034054,3023,930,1142,139,77
80,559,693,Shamela0023790,631,639,773,108,100
80,738,909,Shamela0037458,3189,354,514,123,91
80,530,693,ShamAY0034147,12,536,702,131,97
80,538,693,Shamela0000558,418,735,893,113,86
80,559,693,Shamela0007853,1102,109,243,107,99
80,1,577,ShamAY0038174,79,868,1444,457,100
80,577,1446,ShamAY0038174,80,1,883,686,97
80,559,693,Shamela0095735,68,231,365,108,100
80,178,693,Shamela0023177,190,97,519,311,75
80,754,909,Masaha002979Vols,478,745,890,112,90
80,735,909,Shia002702Vols,8288,576,750,132,94
80,735,855,Sham19Y0014592,1079,1427,1562,95,88
80,1162,1372,Shia001900,246,131,338,160,96
80,735,968,Shamela0023623,3135,68,280,139,77
80,735,996,Shamela0012884,3922,592,852,150,69
80,141,417,JK007082,225,1270,1548,216,96
80,422,754,JK007082,226,1,319,220,80
80,538,693,Shamela0001585,320,762,918,121,96
80,175,693,Shia002294Vols,315,1098,1332,178,42
81,600,1067,JK009174,32,333,879,293,61
81,1191,1473,Shia001935,14,1213,1473,200,89
81,268,580,Shia004021,178,247,481,139,51
81,268,445,Shamela0010283,1129,1448,1635,134,86
81,445,600,Shamela0010283,1130,1,151,120,96
81,268,600,ShamAY0035035,6621,992,1418,257,72
81,1,580,ShamAY0038174,80,883,1467,459,99
81,580,1473,ShamAY0038174,81,1,896,713,99
81,268,600,JK000001,1889,337,687,257,89
81,1187,1473,JK007063,197,1156,1418,206,90
82,1312,1510,Shamela0003118,5158,236,360,91,57
82,426,543,Shamela0003118,7917,1386,1499,87,94
82,543,853,Shamela0003118,7918,1,304,236,94
82,1094,1236,JK000030,54,613,760,108,91
82,475,721,Shia004042Vols,307,659,938,156,69
82,940,1059,Shamela0010646,94,66,182,90,94
82,1353,1510,JK000022,1861,1,158,125,98
82,877,1073,JK000022,2338,581,788,139,80
82,889,1059,Sham19Y0037370,147,117,288,122,83
82,940,1059,Sham19Y0020762,479,548,679,91,87
82,1,630,ShamAY0038174,81,896,1501,479,94
82,630,1510,ShamAY0038174,82,1,876,683,94
82,1164,1510,Shamela0010443,529,14,286,197,68
82,430,728,JK000001,1881,796,1097,207,79
82,1320,1510,JK000001,3127,664,864,145,88
82,1059,1236,JK001288,94,791,966,139,97
82,853,1090,JK000916,17086,591,810,160,86
82,314,853,JK000916,26579,297,812,403,92
82,877,1059,Shamela0003722,5297,687,878,117,71
82,951,1059,Sham19Y0029560,296,1035,1143,86,99
82,1065,1242,JK007082,225,1065,1243,143,98
82,1294,1510,JK007082,436,794,956,105,56
82,1294,1510,JK007082,595,38,210,105,53
82,1316,1510,Shamela0004445,4393,355,668,94,38
83,7,286,JK000030,50,386,637,182,80
83,313,440,Shamela0012031,661,184,310,100,99
83,1,300,JK000022,1861,158,450,227,93
83,1,300,ShamAY0035035,9428,1160,1473,219,81
83,1,641,ShamAY0038174,82,876,1505,500,97
83,641,1452,ShamAY0038174,83,1,819,638,98
83,1093,1329,Shamela0021723,658,1029,1263,163,82
83,1131,1329,Kraken220208041038,309,38,253,114,53
83,1,286,JK000001,3127,864,1134,212,92
83,1,300,JK000916,17721,78,314,174,70
83,1038,1386,Shamela0012739,20,610,934,192,61
83,1038,1350,JK007082,179,412,721,189,73
83,1,452,JK007082,436,956,1327,270,73
83,1,341,JK007082,595,210,467,176,61
83,1131,1329,Shia002294Vols,758,932,1136,137,81
83,1,286,Shamela0004445,4393,668,882,173,75
84,920,1225,JK009174,9,7,337,125,46
84,342,520,JK000022,2233,637,796,116,85
84,1209,1382,Shamela0000558,358,194,356,116,79
84,1,653,ShamAY0038174,83,819,1461,508,96
84,653,1462,ShamAY0038174,84,1,812,628,96
84,1103,1410,Shamela0028453,149,729,1033,217,85
84,586,835,JK007063,29,896,1144,184,92
84,1,351,JK007082,411,1285,1511,179,62
84,380,520,JK007082,412,9,145,97,91
85,612,1019,Shamela0003118,3582,933,1295,234,69
85,395,568,JK009174,10,919,1076,117,86
85,1059,1274,Shamela0008658,2673,398,544,114,65
85,642,962,Shamela0036515,1716,157,441,190,73
85,1,687,ShamAY0038174,84,812,1494,534,95
85,687,1511,ShamAY0038174,85,1,814,640,96
85,612,955,JK000916,11646,679,1001,207,73
85,751,1036,JK000916,11647,1,247,159,63
85,557,962,ShamAY0033956,281,428,868,262,72
85,1045,1401,JK000055,396,1,342,254,86
85,595,1050,Shamela0026525,104,7,631,278,53
85,1059,1280,Shamela0012884,4185,1208,1360,119,66
86,945,1119,Shamela0012031,966,1251,1434,134,88
86,1126,1460,Shamela0012031,967,9,353,270,96
86,976,1308,JK000022,3015,346,1156,240,36
86,428,803,JK009187,9,43,225,67,22
86,968,1456,ShamAY0035035,9453,1059,1439,242,57
86,1,655,ShamAY0038174,85,814,1474,511,98
86,655,1460,ShamAY0038174,86,1,808,646,99
86,928,1437,Shamela0026842,82,62,484,283,63
86,945,1391,ShamAY0034857,472,1002,1468,352,91
86,968,1452,JK007063,565,407,929,381,88
86,1015,1437,Kraken220208041040,339,1,264,198,58
86,651,780,Shia002011,9,718,870,96,81
86,940,1460,JK007082,278,365,892,408,92
86,455,651,JK007082,412,176,373,122,76
86,1036,1460,ShamAY0035000,26,1,398,302,84
87,872,1230,Shamela0003118,2771,892,1250,221,74
87,1241,1385,Shamela0003118,4480,44,188,116,100
87,1,487,Shamela0012031,967,356,825,330,76
87,8,499,JK000022,3015,837,1409,275,55
87,880,1256,Shamela0037325,332,466,848,219,70
87,856,1186,Shamela0008658,2372,126,451,219,82
87,1,742,ShamAY0038174,86,808,1549,598,99
87,742,1499,ShamAY0038174,87,1,759,591,97
87,295,479,Shamela0026842,82,477,660,138,95
87,1,487,ShamAY0034857,473,73,542,330,76
87,827,1186,Shamela0035100,1566,265,610,227,78
87,677,806,Shia003707Vols,639,946,1068,79,72
87,1200,1436,JK000916,15292,601,867,156,67
87,791,1208,JK000916,25620,559,952,293,88
87,885,1186,Shamela0012884,3795,636,932,189,78
87,319,443,Kraken220208041040,339,269,412,95,84
87,1200,1343,JK007082,131,1296,1452,113,91
87,1,499,JK007082,278,895,1397,380,91
87,499,723,JK007082,280,861,1084,150,73
87,1200,1477,JK007082,624,894,1182,165,66
87,1,487,ShamAY0035000,26,401,872,328,75
87,860,1194,Shamela0004445,4366,608,947,234,85
88,1,167,Shamela0003118,1774,926,1090,111,86
88,12,190,Shamela0007528,54,139,456,122,49
88,8,172,Sham19Y0036072,11,459,808,124,45
88,517,627,Shia004042Vols,306,694,804,85,100
88,507,627,Shamela0010646,81,1267,1391,86,90
88,23,140,Shamela0010646,217,526,639,83,91
88,1,135,Zaydiyya0000049,557,236,373,85,78
88,448,642,JK000022,2235,987,1182,136,88
88,12,176,Shamela0023790,506,81,247,112,86
88,1,190,Shamela0010768,134,196,564,125,42
88,805,946,ShamAY0034570,29,619,758,106,95
88,23,140,Shia001355,175,1407,1521,80,88
88,23,176,Shia001432Vols,23531,1,206,104,64
88,12,135,Shia003732Vols,4844,1,123,93,95
88,12,176,Masaha000001Vols,719,366,581,113,66
88,23,140,Shia001107Vols,459,581,694,81,89
88,1,167,Shia003698,97,1075,1242,113,86
88,1,167,Shia004092Vols,4381,233,397,113,88
88,12,176,Shia004092Vols,4382,110,276,110,85
88,1,167,Shia004092Vols,9497,978,1145,113,86
88,12,176,Shia004092Vols,9498,575,741,112,86
88,23,140,Shia004021,111,56,168,79,88
88,4,135,Shamela0006617,978,1134,1266,96,93
88,23,140,Masaha004559,84,524,637,80,88
88,12,190,Sham19Y0018607,4693,710,945,114,61
88,789,966,Shamela0007853,1118,88,251,121,86
88,12,190,Kraken220603212436,314,629,985,121,43
88,517,627,ShamAY0035792,9,1098,1209,84,98
88,12,176,Shia001383,189,431,646,113,66
88,23,140,JK009365,316,981,1093,80,88
88,789,966,Shia002185Vols,312,339,512,126,89
88,23,140,Shia002185Vols,3988,1207,1320,83,91
88,507,627,Shia002185Vols,4052,492,609,90,95
88,1,167,Rafed0002654Vols,4324,689,853,113,88
88,12,176,Rafed0002654Vols,4325,583,749,112,86
88,12,176,Rafed0002654Vols,9585,960,1126,112,86
88,507,675,ShamAY0035035,6607,1316,1512,111,71
88,1,665,ShamAY0038174,87,759,1421,518,99
88,665,1407,ShamAY0038174,88,1,728,571,97
88,23,140,Rafed0001617Vols,244,1142,1255,81,89
88,507,622,JK000001,1881,1336,1448,86,95
88,1,167,JK000916,4864,1189,1353,113,88
88,12,176,Shia001122Vols,728,856,1071,113,66
88,1,167,Shamela0000736,5117,343,507,113,88
88,23,140,Shia20200618,232,869,982,81,89
88,12,190,JK009203,32,445,762,124,48
88,41,176,ShamAY0035859,103,1,206,96,59
88,8,176,ShamAY0000443,1487,997,1235,117,62
88,23,135,Shia001615Vols,878,16,124,77,89
88,507,627,Shamela0021493,268,681,797,90,96
88,12,176,Shia001153,154,171,275,68,51
88,12,140,Shamela0001585,246,1363,1494,91,89
88,12,176,Rafed0000609Vols,176,354,520,112,86
88,12,167,Shamela0004445,3720,678,832,110,91
89,161,701,Shia002034Vols,692,236,708,235,49
89,771,909,Shamela0000782,1219,1139,1283,96,78
89,164,549,Sham19Y0001734,1314,1009,1291,196,63
89,164,549,JK000021,1037,1042,1396,211,67
89,161,549,JK000021,2845,1077,1394,213,68
89,1121,1255,Shamela0000140,330,1152,1280,82,79
89,170,425,JK000040,7,1,521,143,33
89,274,549,ShamAY0034059,157,594,869,219,97
89,771,909,ShamAY0032855,62,1215,1359,100,83
89,658,1117,Shia001976Vols,189,771,1315,222,41
89,164,469,Shamela0026473,10,1060,1324,181,74
89,142,469,ShamAY0033582,11,1164,1464,185,69
89,1255,1398,JK000018,28,1109,1238,98,87
89,969,1272,ShamAY0032781,50,577,1153,197,44
89,969,1238,Shamela0012981,1059,614,1073,154,42
89,161,673,JK007049,8,323,732,221,54
89,147,393,Shamela0008658,1624,533,773,105,53
89,771,1117,ShamAY0033973,26,233,544,159,54
89,161,701,ShamAY0033973,52,689,1150,245,54
89,774,924,Sham19Y0018611,501,559,720,107,80
89,711,1117,JK006801,816,115,514,216,56
89,105,533,JK008250Vols,115,1072,1320,94,23
89,134,701,JK008250Vols,116,550,1121,305,58
89,1,715,ShamAY0038174,88,728,1446,564,98
89,715,1407,ShamAY0038174,89,1,703,540,98
89,161,455,Shamela0004289,1021,1236,1500,178,75
89,200,549,Sham19Y0013223,1136,683,1361,175,29
89,105,1407,Shamela0008242,1,1,1229,908,85
89,1121,1272,Shamela0010443,329,1331,1471,89,74
89,164,425,Shamela0008473,2381,39,262,122,58
89,164,549,JK011497,13,752,1086,208,67
89,711,945,JK000916,5294,1266,1482,164,88
89,161,425,Shamela0021765,1126,211,359,104,50
89,711,1127,Shamela0021765,2176,419,853,213,60
89,1098,1242,Shia002616Vols,3440,6,168,104,80
89,711,945,Shamela0021570,368,889,1117,171,88
89,512,909,Sham19Y0014592,218,1,151,91,28
89,774,1008,ShamAY0034134,571,94,334,121,60
89,863,1238,Shamela0022593,2865,358,599,169,56
89,134,549,JK006922,531,951,1488,266,57
89,164,549,Shia002103Vols,197,196,349,96,32
89,105,425,Shamela0007798,4852,202,508,139,51
89,1121,1255,Sham19Y0008889,297,1291,1424,86,82
89,989,1242,Shamela0012862,164,1,433,136,40
89,164,549,Shamela0001453,150,447,819,213,67
89,142,469,Shamela0026884,162,888,1179,185,69
89,969,1267,Shamela0026884,593,821,1415,192,41
89,161,701,Shamela0026884,629,14,536,223,43
89,164,321,Shia002231Vols,233,478,605,78,63
89,164,549,Shia002231Vols,632,73,356,197,63
89,164,701,ShamAY0034282,1988,857,1391,264,52
89,701,1158,Zaydiyya0000342,386,829,1427,195,38
89,173,549,ShamAY0033945,1151,1177,1474,197,66
89,969,1238,Sham19Y0037618,1322,774,1227,154,43
89,274,673,Sham19Y0037618,1767,105,516,207,50
89,774,909,Sham19Y0037618,4595,849,991,96,78
89,711,945,Sham19Y0037618,4988,504,735,175,90
89,105,372,Shamela0007891,2460,1237,1458,122,53
90,158,524,Shamela0003118,3779,565,899,243,80
90,162,344,Shamela0026892,33,691,856,120,76
90,170,504,JK009390,7021,729,1040,230,83
90,206,504,Shamela0001438,7062,608,900,213,86
90,102,412,Shamela0012031,149,1133,1436,223,89
90,210,488,Shamela0010646,57,299,547,178,79
90,60,524,JK000022,136,898,1361,341,87
90,1236,1402,JK000022,1090,754,934,100,72
90,265,504,Shia001782Vols,595,1,241,182,93
90,210,504,Shia001432Vols,26020,111,431,224,88
90,170,573,JK007054,477,523,932,254,68
90,210,504,Shia004021,136,1026,1351,224,85
90,111,554,Shamela0003617,22,1,455,304,82
90,272,524,Sham19Y0023644,2020,1,250,186,93
90,180,504,Shamela0007853,185,320,624,202,77
90,210,504,JK000060,124,1019,1312,227,95
90,43,566,Shamela0010906,1150,120,576,332,78
90,60,383,Shamela0030592Vols,258,1131,1419,204,77
90,937,1265,Shamela0006025,503,1,326,243,93
90,210,504,Shia001340,402,71,376,221,90
90,60,536,Shamela0010835,262,224,684,308,76
90,1,706,ShamAY0038174,89,703,1413,556,99
90,706,1402,ShamAY0038174,90,1,711,542,97
90,1,325,Shamela0008242,1,1229,1423,142,56
90,325,1402,Shamela0008242,2,1,1078,801,92
90,43,514,Sham19Y0020882,265,829,1279,311,80
90,206,504,Sham19Y0127677,5073,837,1129,215,87
90,43,504,Sham19Y0127677,19682,360,796,324,87
90,40,504,Sham19Y0039268,420,343,799,309,78
90,210,504,Shia003636Vols,6456,330,629,223,93
90,43,662,Shamela0026677,3,705,1222,265,45
90,1,576,JK011358,39,414,1045,363,68
90,1,504,JK000916,12534,134,646,378,89
90,60,504,JK000728,94,320,732,289,79
90,43,514,Shamela0008494,165,37,481,320,83
90,597,746,Shamela0022593,2865,611,760,114,98
90,210,504,Shia001334,492,390,710,226,87
90,43,365,Shamela0006870,478,369,642,198,77
90,43,504,Zaydiyya0000342,77,447,896,329,88
90,71,400,Shamela0030432,3,1170,1455,198,74
90,43,566,Shamela0001733,2004,836,1323,325,75
91,1071,1244,Shamela0003118,2068,1249,1423,136,98
91,1302,1454,JK000022,2674,312,460,113,90
91,1026,1280,Shamela0010798,2539,175,442,167,78
91,1026,1297,Shamela0010798,2550,733,1031,171,72
91,1,370,Sham19Y0017529,39,378,672,202,67
91,1,736,ShamAY0038174,90,711,1456,580,97
91,736,1454,ShamAY0038174,91,1,763,568,94
91,1,358,Shamela0008242,2,1078,1442,271,91
91,358,1454,Shamela0008242,3,1,1110,781,84
91,739,1088,JK000916,4373,256,587,200,65
91,1022,1280,JK000916,6018,181,443,191,91
91,1,370,Shamela0025791,893,462,757,211,71
91,1052,1280,Shamela0003722,1748,924,1151,173,96
91,1,370,Shamela0010463,328,35,330,211,71
92,478,612,Shamela0003118,2680,67,201,106,100
92,165,289,JK000021,468,1363,1481,90,92
92,289,482,JK000021,469,1,231,130,74
92,165,447,JK009174,12,682,962,210,94
92,920,1131,Shia002389Vols,3169,352,513,113,67
92,200,427,Shamela0012031,777,1148,1478,159,58
92,174,447,Shamela0012406,1819,1,290,176,78
92,920,1131,Shia001432Vols,29536,92,253,113,67
92,927,1131,Shia002359Vols,4480,980,1134,111,68
92,920,1131,Shia000234Vols,3677,1367,1528,113,67
92,927,1145,Shia004092Vols,9527,761,928,116,67
92,927,1131,Tafsir03037,3344,1490,1644,114,69
92,245,427,Shamela0003617,43,109,303,131,86
92,927,1131,Sham19Y0020762,1836,959,1111,97,60
92,927,1131,Sham19Y0017529,2,547,749,121,60
92,927,1145,Rafed0002654Vols,9614,1008,1175,116,67
92,900,1131,Rafed0003896Vols,235,728,947,162,88
92,1,668,ShamAY0038174,91,763,1432,525,99
92,668,1439,ShamAY0038174,92,1,765,600,96
92,245,447,ShamAY0034857,323,321,523,143,85
92,1,351,Shamela0008242,3,1110,1451,258,93
92,351,1430,Shamela0008242,4,1,1031,773,89
92,920,1208,Shamela0010443,538,186,471,173,68
92,927,1131,Shamela0013031,77,601,752,105,64
92,920,1131,ShamAY0033598,164,904,1065,117,69
92,161,478,JK001288,90,755,1054,218,88
92,887,1131,JK001288,118,413,641,180,92
92,447,612,JK000916,8237,1050,1214,131,99
92,612,909,JK000916,12408,451,771,218,85
92,927,1145,Shamela0026552,197,886,1046,109,63
92,900,1131,Shamela0023578,3400,174,352,122,66
92,914,1131,Shamela0012985,44,938,1105,126,71
92,927,1131,Zaydiyya0000013,230,206,359,105,64
92,927,1131,JK000999,136,209,359,103,64
92,927,1131,Shamela0010273,3627,535,689,114,69
92,245,486,ShamAY0034809,102,1,223,162,85
92,894,1131,Shamela0010463,329,254,472,132,58
93,593,1009,Shamela0003118,5349,1030,1386,256,77
93,13,130,Shamela0003118,5422,862,980,94,98
93,514,811,JK000021,2925,776,1052,180,78
93,579,978,Shamela0012031,247,1047,1408,279,89
93,605,998,Kraken220413030759,316,788,1082,215,70
93,1,365,Sham19Y0017529,39,660,941,211,72
93,807,1014,Shamela0022347,25,588,787,151,93
93,1,701,ShamAY0038174,92,765,1481,552,97
93,701,1468,ShamAY0038174,93,1,774,608,98
93,13,443,Shamela0008242,4,1031,1459,321,93
93,443,1468,Shamela0008242,5,1,1031,774,93
93,159,365,Shamela0026677,3,1060,1265,145,87
93,211,384,Kraken220413202218,1169,188,567,119,38
93,221,365,Masaha002979Vols,39,265,406,102,90
93,807,998,JK000001,2646,1271,1467,127,73
93,514,1381,JK001288,96,182,717,349,50
93,514,895,JK000916,18574,670,1404,259,43
93,13,152,JK000916,18805,1328,1464,95,84
93,1,365,Shamela0025791,893,745,1033,221,75
93,746,998,Shamela0005737,43,818,1072,192,93
93,819,998,ShamAY0035000,35,819,996,137,97
93,576,819,ShamAY0034809,504,638,843,148,79
93,1,365,Shamela0010463,328,318,608,227,77
94,1205,1432,JK000022,1834,360,578,146,80
94,1299,1432,ShamAY0035035,7589,1062,1191,100,93
94,307,724,Shamela0013058,43,60,510,290,80
94,1,685,ShamAY0038174,93,774,1456,533,98
94,685,1432,ShamAY0038174,94,1,753,588,98
94,1,460,Shamela0008242,5,1031,1464,318,88
94,460,1432,Shamela0008242,6,1,985,711,88
94,158,315,JK000916,22101,1078,1230,102,82
95,1290,1435,Shamela0003118,3979,1056,1198,110,97
95,1206,1372,Shamela0026892,29,1269,1424,82,65
95,727,1206,Shamela0012031,660,67,518,349,92
95,556,727,Shamela0012031,747,257,420,113,81
95,1277,1460,Shamela0012031,961,1299,1480,128,89
95,1,225,JK000022,1834,578,865,150,58
95,1238,1449,JK000022,2102,173,420,154,79
95,706,1212,JK000022,2716,485,960,365,90
95,1277,1435,Sham19Y0037370,42,499,661,123,97
95,706,1290,Shamela0003617,36,792,1376,370,69
95,766,1187,Kraken220413030759,1043,1115,1484,287,85
95,1286,1435,Sham19Y0023644,4348,294,452,107,82
95,880,1192,Sham19Y0023644,4405,351,664,232,91
95,861,1199,Kraken220218125255,312,17,308,215,79
95,783,1141,Tafsir06049,6590,117,417,222,78
95,1281,1435,Shamela0010437,252,588,746,116,94
95,1,211,ShamAY0035035,7589,1191,1412,147,80
95,1,756,ShamAY0038174,94,753,1478,571,93
95,756,1466,ShamAY0038174,95,1,711,561,100
95,756,1206,ShamAY0034857,221,700,1115,325,91
95,556,706,ShamAY0034857,297,83,226,108,87
95,1290,1435,ShamAY0034857,468,1040,1189,113,97
95,1,495,Shamela0008242,6,985,1477,366,88
95,495,1466,Shamela0008242,7,1,1025,743,90
95,1294,1435,Shamela0095735,774,648,793,110,97
95,988,1141,Shamela0010443,532,1,150,117,97
95,1294,1435,Shamela0010443,533,122,263,110,100
95,1238,1415,JK001288,97,1312,1512,127,82
95,333,547,JK000916,11808,1188,1385,150,88
95,1238,1466,JK000916,13319,185,424,154,79
95,333,540,JK000916,19804,787,987,141,84
95,532,720,JK000916,25572,262,447,134,85
95,783,1141,Sham19Y0023618,1906,454,762,231,81
95,1238,1406,Shamela0012985,41,100,249,93,72
95,712,1290,Shamela0012985,44,76,629,372,72
95,783,1141,ShamAY0034066,1495,849,1158,230,81
95,532,706,Shamela0000727,164,263,433,128,87
95,1206,1460,Shamela0000727,198,149,425,149,68
95,891,1059,Shamela0025791,892,1400,1563,128,95
95,551,727,Shamela0003722,7712,976,1148,120,81
95,706,1199,JK007063,27,581,960,269,65
95,891,1154,Kraken220208041040,191,468,671,149,70
95,861,1199,ShamAY0035000,175,553,855,227,84
95,910,1141,Shamela0010463,329,1,227,177,96
95,1294,1435,Shamela0010463,787,1242,1386,109,96
95,1303,1449,Shamela0004445,4658,653,814,107,83
96,813,982,Shamela0008505,437,266,435,130,97
96,852,982,Sham19Y0036072,233,1,131,102,99
96,594,996,Shamela0023789,587,164,835,228,38
96,568,723,Shamela0037538,207,842,984,92,75
96,575,738,Shamela0023775,361,535,691,99,77
96,783,982,Shamela0023775,494,951,1148,145,85
96,225,460,Shamela0012031,791,1145,1380,166,84
96,1013,1222,Shamela0012031,845,86,295,166,100
96,783,996,Shamela0010646,149,201,410,145,80
96,212,340,JK000022,2155,1312,1450,93,80
96,340,525,JK000022,2156,1,177,107,75
96,594,723,Shamela0010768,511,901,1077,87,61
96,568,723,Shamela0009985,784,1280,1449,105,77
96,783,982,JK009320,79,34,237,141,87
96,594,723,Tafsir03037,2738,999,1173,85,61
96,264,455,Kraken220413030759,821,1,202,119,72
96,575,723,Shamela0000558,439,170,322,89,74
96,594,723,Sham19Y0023644,811,1,175,88,63
96,783,982,Sham19Y0020762,511,1000,1203,152,92
96,783,982,Shamela0010283,1686,958,1141,137,81
96,813,982,ShamAY0032251,63,514,801,126,53
96,575,723,Shamela0010614,503,715,848,90,77
96,813,982,Shia002185Vols,811,1092,1262,129,95
96,783,982,ShamIbadiyya0000888,81,1199,1386,132,79
96,783,982,Shamela0005446,188,567,755,140,86
96,730,996,Shamela0006025,617,509,758,192,90
96,838,988,Sham19Y0147062,401,1147,1294,103,88
96,982,1134,ShamAY0038174,31,172,302,104,85
96,3,700,ShamAY0038174,95,711,1401,533,97
96,700,1429,ShamAY0038174,96,1,699,556,95
96,217,460,ShamAY0034857,335,881,1116,166,82
96,3,410,Shamela0008242,7,1025,1427,291,90
96,410,1421,Shamela0008242,8,1,1071,699,75
96,225,460,Sham19Y0096918,142,874,1115,166,82
96,594,719,Sham19Y0007233,259,1340,1513,81,58
96,779,982,JK010743,46,957,1145,141,82
96,730,982,JK001288,119,55,290,186,92
96,841,982,Sham19Y0016435,307,519,897,107,35
96,813,982,Shamela0026552,29,977,1190,125,70
96,594,723,Shamela0012129,300,991,1167,88,62
96,791,982,Shamela0023785,165,581,762,123,72
96,783,982,JK001477,43,75,337,122,59
96,594,723,Shamela0010273,3022,254,428,85,61
96,783,982,Shamela0005433,58,907,1093,138,81
96,813,982,Sham19Y0122256,468,384,554,120,80
96,594,723,Sham19Y0017116,1400,637,765,82,81
97,1012,1142,JK009288,55,576,756,96,67
97,1158,1467,ShamAY0032834,4,893,1186,223,90
97,292,442,Shamela0000558,436,1132,1281,89,58
97,815,987,Sham19Y0017529,1,904,1097,130,87
97,812,1001,Sham19Y0017529,39,1030,1211,126,80
97,1,815,ShamAY0038174,96,699,1500,636,97
97,815,1481,ShamAY0038174,97,1,639,506,95
97,1,688,Shamela0008242,8,579,1500,459,54
97,688,1481,Shamela0008242,9,1,889,609,85
97,1034,1142,JK010743,51,1087,1195,85,99
97,143,442,Shamela0026542,156,464,758,217,84
97,823,1001,Shamela0025791,892,756,927,123,85
97,1142,1467,Shamela0005737,30,973,1285,250,96
97,154,486,Shamela0005737,35,1,348,227,73
97,823,1001,Shamela0010463,328,696,867,123,85
98,865,1131,Shamela0003118,5122,1202,1467,214,98
98,1131,1362,Shamela0003118,5123,1,216,141,72
98,200,717,Shamela0003118,6818,317,823,384,89
98,877,1304,Shamela0012872,23,279,699,326,92
98,343,812,JK009390,5319,486,954,252,58
98,343,717,Shamela0001438,5534,1,390,233,66
98,717,1304,JK000022,1675,825,1355,402,84
98,717,1328,JK000022,1680,227,1288,436,49
98,877,1298,Zaydiyya0000067,22,1032,1433,325,94
98,364,717,Shia001432Vols,1564,8,367,228,72
98,855,1298,Kraken220413030759,767,175,653,323,81
98,1,817,ShamAY0038174,97,639,1470,646,97
98,817,1487,ShamAY0038174,98,1,671,537,100
98,1,577,Shamela0008242,9,889,1481,424,86
98,577,1487,Shamela0008242,10,1,894,692,93
98,343,717,Sham19Y0127677,3974,328,718,235,66
98,473,584,Shamela0010443,533,1,117,89,95
98,717,1103,JK000916,17601,1116,1480,288,91
98,1103,1298,JK000916,17602,1,190,145,93
98,121,296,JK000916,23801,1226,1397,119,78
98,296,717,JK000916,23802,1,435,332,93
98,877,1298,JK011593,21,1142,1556,322,92
98,343,717,Shia002265Vols,5402,122,515,239,70
98,717,1131,JK001127,50,672,1531,309,43
98,1131,1325,JK001127,51,1,230,152,80
98,855,1298,Shamela0025791,892,920,1380,354,93
98,723,945,JK007063,13,1048,1557,121,26
98,1103,1262,JK007063,14,9,159,108,84
98,920,1298,Kraken220208041040,1329,1,378,296,94
98,343,760,Shia001352,66,855,1266,253,68
98,896,1161,ShamAY0035000,284,425,543,81,38
98,855,1298,Shamela0010463,328,860,1432,353,76
99,724,1204,JK000021,2953,169,618,357,92
99,762,1251,Shamela0012031,375,695,1147,331,84
99,881,1204,ShamAY0036509,13,922,1245,205,67
99,730,1312,JK000022,1889,327,843,359,71
99,1,378,Shamela0023790,499,57,420,258,80
99,1047,1204,Shamela0000765,87,750,907,115,91
99,881,1204,Shamela0000558,436,847,1114,209,80
99,791,1152,Sham19Y0023644,3675,1116,1448,256,88
99,881,1218,Sham19Y0020762,1933,461,837,233,73
99,1047,1204,Tafsir09083,1041,1068,1227,113,89
99,724,1223,Shamela0012403,336,713,1041,210,49
99,1047,1152,Shamela0008370,1029,1085,1242,77,61
99,881,1251,Shamela0010906,2173,852,1158,174,50
99,881,1152,Shia001391,211,719,987,162,62
99,1,849,ShamAY0038174,98,671,1504,666,98
99,849,1506,ShamAY0038174,99,1,653,514,96
99,1,633,Shamela0008242,10,894,1494,467,91
99,633,1506,Shamela0008242,11,1,1060,620,67
99,881,1204,Shamela0095735,206,264,587,205,67
99,1047,1204,Shamela0026047,462,972,1189,112,65
99,817,1204,JK010637,13,27,291,185,59
99,1184,1447,JK001288,90,332,554,157,73
99,813,1214,JK000916,17785,685,993,192,59
99,1047,1204,Shia002616Vols,4622,540,757,112,65
99,791,1214,Sham19Y0014592,2616,48,467,323,93
99,1047,1204,Sham19Y0000259,753,593,750,119,94
99,1047,1214,Zaydiyya0000259,216,719,888,115,86
99,1047,1204,Shamela0010273,288,449,606,111,89
99,1047,1152,ShamAY0001760,9,1336,1493,77,61
99,1047,1204,Rafed0002905Vols,5936,417,634,112,65
99,191,363,JK007082,177,1208,1397,117,78
99,191,385,JK007082,483,1243,1448,133,79
99,762,1234,ShamAY0034809,517,308,814,352,82
99,817,1218,Shamela0004445,4403,301,623,193,55
100,19,378,JK000021,469,1,534,221,53
100,378,947,Shamela0026875,8,172,801,310,57
100,161,316,ShamAY0034059,157,408,565,112,93
100,1,815,ShamAY0038174,99,653,1471,639,98
100,815,1458,ShamAY0038174,100,1,631,505,97
100,1,657,Shamela0008242,11,658,1465,454,69
100,657,1458,Shamela0008242,12,1,802,618,95
100,8,348,ShamAY0034809,102,30,372,154,42
101,1303,1499,Shamela0003118,2479,339,514,141,87
101,1063,1280,JK000022,2139,172,368,145,82
101,424,674,Shamela0010768,151,158,386,139,57
101,424,674,Shamela0000558,401,663,887,180,89
101,464,620,Sham19Y0020762,2312,177,339,120,93
101,464,674,Shamela0001593,2,648,858,167,99
101,1,900,ShamAY0038174,100,631,1513,689,94
101,900,1499,ShamAY0038174,101,1,591,466,96
101,827,1063,ShamAY0038174,122,839,1042,146,77
101,1,762,Shamela0008242,12,802,1528,553,90
101,1267,1499,JK000916,7399,811,1024,170,90
101,290,674,Shamela0021556,227,498,862,275,88
101,464,674,JK000999,127,645,856,159,94
101,1362,1499,Shamela0007473,21,628,765,111,99
102,28,139,Shamela0021660,860,1011,1125,87,95
102,1,199,Shamela0003118,2479,514,708,124,79
102,333,588,JK008250Vols,129,644,901,117,58
102,333,549,ShamAY0038174,63,294,509,169,98
102,1,893,ShamAY0038174,101,591,1485,707,99
102,893,1454,ShamAY0038174,102,1,563,440,98
102,1,139,JK000916,7399,1024,1162,109,97
102,1,139,Shamela0007473,21,765,907,104,92
103,923,1267,Shamela0012398,197,1216,1428,160,56
103,598,1300,Shia003702,213,1,575,422,72
103,579,912,Shia004042Vols,304,507,957,227,60
103,490,1319,Shamela0012031,365,337,1045,527,77
103,418,1319,JK000022,977,307,1228,682,90
103,423,1256,Shia001432Vols,24571,333,1326,502,56
103,490,1300,Shia001432Vols,26394,216,1046,622,90
103,523,680,Shia001432Vols,26449,1279,1465,110,77
103,431,1256,Masaha000001Vols,635,446,1444,493,55
103,418,1300,Shia004092Vols,4714,309,1209,674,91
103,495,720,Shia004092Vols,4715,327,536,136,72
103,515,1285,Shia004092Vols,4730,797,1509,555,88
103,591,720,Shia004092Vols,7063,173,295,93,92
103,490,1300,Shia004092Vols,7064,684,1184,361,53
103,412,680,Shia004092Vols,10044,1168,1451,207,94
103,680,1300,Shia004092Vols,10045,1,612,476,92
103,490,848,Kraken220413030759,501,1136,1525,265,86
103,848,1300,Kraken220413030759,502,1,339,248,66
103,490,1300,Sham19Y0023644,3846,708,1379,505,76
103,587,1256,Shamela0009091,210,92,446,242,44
103,490,1300,Zaydiyya0000035,73,837,1396,386,57
103,582,720,Shamela0010906,1976,131,262,95,89
103,412,680,Masaha001954,303,1147,1399,177,83
103,680,1357,Masaha001954,304,25,585,389,68
103,431,987,Shia001174Vols,2900,817,1561,350,54
103,418,1300,Rafed0002654Vols,4660,289,1190,675,91
103,495,720,Rafed0002654Vols,4661,300,509,136,72
103,515,796,Rafed0002654Vols,4676,1195,1474,217,96
103,799,1300,Rafed0002654Vols,4677,11,454,351,85
103,591,720,Rafed0002654Vols,7064,418,540,93,92
103,490,1300,Rafed0002654Vols,7065,898,1398,358,53
103,412,1215,Rafed0002654Vols,10167,692,1498,620,93
103,412,636,Rafed0002654Vols,10168,222,449,175,98
103,1,889,ShamAY0038174,102,563,1449,702,99
103,889,1481,ShamAY0038174,103,1,593,475,99
103,490,1300,ShamAY0034857,18,67,759,521,77
103,515,1036,Sham19Y0127713,825,143,571,308,72
103,636,1300,Shia003636Vols,2006,477,965,327,56
103,523,991,Kraken220208041038,105,1147,1446,186,48
103,490,1300,Shia003707Vols,628,538,1351,621,92
103,644,1249,Rafed0000685Vols,199,348,696,214,42
103,418,1153,JK000916,21395,726,1470,570,94
103,431,796,Shia001122Vols,641,1009,1411,224,64
103,587,1256,Sham19Y0029560,366,179,525,244,45
103,598,1300,Shia003727Vols,225,1,454,322,56
103,487,1300,ShamAY0035000,102,778,1469,517,76
103,523,1249,Shia001153,252,320,815,299,48
104,884,1157,JK000022,3858,1054,1326,218,98
104,884,1157,Sham19Y0020762,672,892,1165,214,96
104,1,132,ShamAY0038174,63,580,723,88,78
104,1,941,ShamAY0038174,103,593,1520,739,98
104,941,1512,ShamAY0038174,104,1,574,459,99
104,1200,1434,Shia003707Vols,579,1251,1472,166,86
104,884,1157,ShamAY0033761,145,385,660,207,93
104,1,151,JK007082,281,321,454,89,74
105,825,1180,Shia002034Vols,1483,612,1012,163,47
105,1321,1450,JK000022,2241,1279,1403,98,94
105,937,1147,Shia001782Vols,3699,500,776,129,60
105,913,1158,Sham19Y0016759,43,41,232,129,66
105,945,1147,Sham19Y0018607,4631,229,423,138,86
105,959,1147,Shamela0021562,29,273,475,114,63
105,1172,1338,JK011633,309,238,425,106,72
105,978,1147,Sham19Y0038171,2236,209,519,106,40
105,787,1147,Shamela0006025,562,95,418,250,88
105,882,1147,Sham19Y0027098,3,178,345,109,50
105,825,1147,ShamAY0038174,73,1078,1316,136,51
105,839,1180,ShamAY0038174,74,24,381,160,48
105,1,900,ShamAY0038174,104,574,1491,708,97
105,900,1450,ShamAY0038174,105,1,556,437,98
105,882,1147,Shamela0013026,21,154,320,121,58
105,1314,1450,JK011358,1,126,249,95,88
105,882,1147,Rafed0002209Vols,530,446,632,119,54
105,949,1147,Sham19Y0018260,29,430,621,129,82
105,787,1147,Shamela0026884,463,23,339,148,45
105,889,1147,ShamAY0034569,530,1,167,103,48
105,787,1147,Zaydiyya0000342,791,756,1008,120,37
105,981,1147,Sham19Y0037618,4734,467,840,114,38
105,882,1147,Shamela0007891,2501,779,939,109,52
105,882,1147,Shamela0012750,369,419,579,109,52
106,1,387,Shamela0003118,5431,1186,1569,304,97
106,387,637,Shamela0003118,5432,1,233,166,82
106,244,652,Shamela0001311,29,236,599,216,59
106,1,150,JK000021,637,1340,1489,122,100
106,150,637,JK000021,638,1,466,343,85
106,1150,1457,JK000022,540,777,1059,187,71
106,98,637,JK000022,2242,1,975,397,50
106,1,637,Shia001432Vols,237,629,1181,433,84
106,1,560,Shia001432Vols,305,989,1256,200,44
106,1,560,Shia001432Vols,6395,720,987,200,44
106,91,560,Shia001432Vols,24084,1,184,133,35
106,1,560,Shia001432Vols,24553,173,446,206,46
106,1,560,Masaha000001Vols,803,851,1123,203,45
106,1,590,ShamAY0038393,311,229,695,295,56
106,1,560,Shia001174Vols,3336,280,553,204,45
106,60,637,Shamela0010016,21,1,496,390,84
106,470,637,Shamela0000482,317,762,891,94,72
106,1,956,ShamAY0038174,105,556,1496,750,98
106,956,1488,ShamAY0038174,106,1,531,423,99
106,1,637,Sham19Y0036114,106,321,955,482,92
106,1,637,JK011358,1,249,644,308,60
106,470,637,JK000001,114,658,782,88,65
106,1,585,Sham19Y0016663,10,591,986,301,63
106,1,511,JK000916,18830,941,1528,391,81
106,1,637,JK000916,18831,521,1117,351,57
106,244,637,Sham19Y0014592,2549,905,1297,287,89
106,1,585,Shamela0008494,77,512,914,302,63
106,1,560,Shia001122Vols,787,235,508,205,45
106,1,446,Shamela0012884,1000,1252,1518,202,55
106,1,285,MMS00013,2922,1260,1546,222,93
106,291,637,MMS00013,2923,1,181,128,47
106,665,945,JK007063,276,659,846,141,64
106,1,637,Masaha004698,82,607,1164,431,83
106,1,637,ShamAY0034809,134,759,1387,479,92
106,470,637,Tafsir04040,758,1011,1131,84,65
107,516,1294,JK000022,538,625,1443,460,61
107,1,447,JK000022,540,1065,1489,302,82
107,516,1181,Kraken220413030759,459,853,1455,386,67
107,1,1010,ShamAY0038174,106,531,1540,815,99
107,1010,1536,ShamAY0038174,107,1,528,418,99
107,648,938,Shamela0005416,116,1,307,211,79
107,516,938,Zaydiyya0000013,251,269,708,317,85
107,512,693,Kraken220208041040,179,782,916,100,69
108,709,1104,Shamela0003118,5417,41,542,184,39
108,668,984,Shamela0026510,19,1158,1440,140,52
108,668,975,JK000940,225,602,938,194,69
108,1,994,ShamAY0038174,107,528,1502,769,96
108,994,1470,ShamAY0038174,108,1,486,373,97
108,674,975,Shamela0008061,17,13,331,171,61
108,661,1015,JK000916,18789,968,1451,214,53
108,1015,1145,JK000916,18790,1,132,81,80
108,90,311,Shamela0025791,987,614,776,127,72
108,988,1116,MMS00013,2913,281,419,88,80
109,181,690,Shia002034Vols,1261,65,575,223,45
109,208,669,JK000021,1935,563,1018,205,44
109,892,1334,Shia004042Vols,303,93,550,347,92
109,13,279,JK000022,2150,842,1095,148,60
109,13,174,Shamela0037325,568,538,696,119,89
109,181,583,ShamAY0038389,221,678,1065,289,86
109,872,1282,ShamAY0035035,6622,557,1435,298,41
109,4,170,Shamela0000482,603,1094,1272,126,89
109,1,1049,ShamAY0038174,108,486,1541,834,97
109,1049,1558,ShamAY0038174,109,1,519,409,98
109,1,113,Shamela0010443,409,1418,1530,88,100
109,892,1348,JK000001,1889,709,1170,353,91
109,187,690,Shamela0026378,101,286,791,216,44
109,1,174,Shia002011,9,426,593,126,91
109,219,690,Shamela0026884,32,783,1236,258,62
110,267,688,JK000021,1958,812,1105,199,60
110,312,661,Shamela0000482,604,1,384,253,82
110,1,936,ShamAY0038174,109,519,1463,735,99
110,936,1457,ShamAY0038174,110,1,520,420,99
110,126,256,JK001288,76,360,490,102,100
110,263,661,Shia002011,10,171,557,284,87
110,267,661,ShamAY0034809,318,418,685,191,61
110,263,661,ShamAY0034809,614,314,700,284,87
111,850,1066,JK000022,3762,530,757,150,83
111,877,1072,Shamela0000558,425,1134,1325,140,90
111,12,173,Shamela0000482,602,1208,1338,95,75
111,1,1035,ShamAY0038174,110,520,1538,804,96
111,1035,1513,ShamAY0038174,111,1,466,373,97
111,1,198,Shia002011,10,1091,1281,138,88
111,1231,1503,ShamIbadiyya0000612,46,778,1030,150,66
111,1,488,JK000520,213,400,928,297,63
112,605,1138,Shamela0021660,1093,866,1164,203,44
112,665,897,Shamela0021660,2228,1,123,93,49
112,306,1158,Shamela0010283,1124,699,1549,656,92
112,1158,1593,Shamela0010283,1125,1,433,349,97
112,174,1565,Shia002185Vols,4029,224,1178,717,61
112,407,1593,ShamAY0035035,6595,1,1296,915,82
112,1,1103,ShamAY0038174,111,466,1567,890,99
112,1103,1593,ShamAY0038174,112,1,491,400,100
112,303,1548,JK000001,1875,374,1636,1005,97
112,605,1152,ShamAY0034123,184,75,396,219,47
113,322,433,JK000021,2833,1365,1476,83,91
113,433,882,JK000021,2834,1,546,358,82
113,639,882,JK009390,1747,662,950,166,68
113,893,1221,Shamela0006944,208,588,981,175,53
113,654,882,Shamela0001438,3088,151,415,163,73
113,1,322,Shamela0010283,1125,433,758,251,95
113,961,1207,Shamela0010906,1872,719,981,127,52
113,6,209,Shia002185Vols,4029,1186,1383,140,78
113,1,1018,ShamAY0038174,112,491,1566,813,93
113,1018,1495,ShamAY0038174,113,1,468,368,96
113,961,1207,Shamela0035100,1472,724,986,125,49
113,654,882,Sham19Y0127677,1711,225,489,163,73
113,888,1207,Shamela0030267Vols,15,613,946,148,48
113,1057,1207,Noorlib0007682,459,586,788,116,73
113,1,322,JK000001,1876,46,377,259,95
113,893,1181,JK000916,17086,1146,1471,149,53
113,581,882,Shia002265Vols,3791,358,718,186,59
113,328,760,JK000042,20,808,1266,335,91
113,888,1207,Shamela0012531,72,15,335,146,46
113,961,1207,Sham19Y0029560,296,704,968,122,47
113,436,876,ShamAY0033945,2073,37,403,213,57
113,372,876,Sham19Y0037618,4494,947,1456,255,53
113,922,1221,Sham19Y0149213,1390,1035,1378,164,55
114,13,231,JK000022,2129,772,973,157,88
114,949,1452,JK000022,2938,723,1245,381,88
114,1,1081,ShamAY0038174,113,468,1520,836,94
114,1081,1548,ShamAY0038174,114,1,455,365,97
114,250,620,Shamela0030623Vols,392,627,979,260,88
114,279,591,JK007063,12,1108,1368,206,81
114,279,591,ShamAY0035000,283,1084,1343,206,81
115,841,1131,Shamela0003118,7749,482,732,153,59
115,1,172,Shamela0021635,111,146,388,95,52
115,1,124,Shamela0010646,2090,1173,1295,94,97
115,849,1101,JK000022,3565,991,1188,141,70
115,1,124,Shamela0000765,90,1241,1363,95,98
115,1,124,JK010583,14,640,762,95,98
115,130,552,Shamela0096233,223,1007,1380,213,61
115,570,832,Sham19Y0020762,2140,792,1037,174,83
115,1,312,Shamela0007435,652,51,332,137,55
115,1,124,Shamela0001593,87,158,281,93,96
115,1,124,Shia002185Vols,655,677,799,95,98
115,865,1101,Shamela0000482,602,774,955,131,70
115,538,806,ShamAY0038174,37,1336,1593,196,90
115,1,1091,ShamAY0038174,114,455,1518,852,97
115,1091,1517,ShamAY0038174,115,1,425,341,99
115,1,124,ShamAY0037815,39,478,600,95,98
115,1,124,JK000927,697,326,448,95,98
115,874,1101,Shamela0010443,415,283,474,131,72
115,845,1145,JK001288,84,809,1068,149,59
115,1,124,JK000916,17917,757,882,79,82
115,832,1101,JK000916,26081,913,1171,198,92
115,958,1152,Shia002011,11,1,275,126,58
115,400,552,Shamela0009076,569,1,152,91,76
115,1,124,JK006919,447,306,428,95,98
116,1057,1208,Shamela0003118,874,947,1087,105,86
116,907,1243,Shamela0003118,5424,361,677,228,84
116,1082,1208,Shamela0011789,153,884,1009,97,95
116,1082,1228,Shamela0021681,10,293,456,102,78
116,1082,1208,Shamela0011786,240,191,316,97,95
116,1082,1208,JK010552,49,345,471,100,97
116,1082,1208,Shia004021,118,1358,1483,97,95
116,1086,1208,Shamela0031215,210,965,1086,94,93
116,1075,1247,Sham19Y0020762,483,643,809,102,70
116,1082,1208,Shamela0036515,1151,518,644,103,100
116,1082,1208,ShamAY0038144,28,872,997,96,94
116,966,1228,JK009365,68,1,238,167,79
116,960,1184,Shia002185Vols,4029,1401,1596,147,81
116,1082,1208,JK001336,162,1361,1488,99,96
116,1082,1208,Rafed0003896Vols,408,1239,1364,97,95
116,928,1208,ShamAY0035035,6597,572,871,186,73
116,1082,1208,Shamela0000191,30,873,998,97,95
116,1,1131,ShamAY0038174,115,425,1527,885,97
116,1131,1537,ShamAY0038174,116,1,413,328,98
116,942,1208,Sham19Y0013223,2766,1,233,180,83
116,1,158,Shamela0095735,244,1228,1375,113,87
116,883,1208,Sham19Y0039268,442,926,1248,248,91
116,1082,1214,ShamAY0033942,147,184,316,105,97
116,1082,1208,Masaha004231Vols,359,1202,1327,97,95
116,1082,1208,Masaha002979Vols,993,205,332,99,96
116,928,1208,JK000001,1876,382,636,189,82
116,966,1208,Shia003721Vols,556,1,230,184,93
116,904,1039,JK001288,197,1229,1364,108,100
116,883,1208,JK000916,18810,1131,1443,249,94
116,904,1208,Sham19Y0014592,1796,802,1169,215,71
116,883,1208,JK000728,115,1036,1356,247,90
116,942,1208,Shamela0004473,6104,216,490,181,81
116,1082,1208,Sham19Y0000259,189,1022,1150,103,98
116,1075,1228,Sham19Y0145334,29,1114,1259,106,86
116,904,1012,Shamela0012884,1004,1416,1524,86,100
116,1082,1208,Shamela0003722,231,361,486,97,95
116,358,567,Shia002011,11,254,448,145,86
116,1082,1247,JK007082,241,669,835,112,83
116,1,158,Shamela0010463,122,1016,1163,113,87
116,883,1208,Shamela0004445,636,512,824,250,95
117,516,1042,Shamela0002170,171,668,1246,395,82
117,1,1036,ShamAY0038174,116,413,1520,826,93
117,1036,1481,ShamAY0038174,117,1,444,352,99
118,453,1133,Shamela0003118,1076,69,723,518,93
118,1321,1515,Shamela0010906,5899,700,883,137,87
118,1,1171,ShamAY0038174,117,444,1545,886,93
118,1171,1560,ShamAY0038174,118,1,399,311,97
118,540,1133,JK000916,2752,1,593,469,96
118,1321,1522,JK000916,17754,1012,1199,146,91
118,1296,1522,Shia002011,14,1052,1266,141,75
119,775,1069,JK009390,924,394,709,157,51
119,639,1069,JK000946,41,1050,1482,233,56
119,303,473,JK000022,534,778,942,123,90
119,779,1069,JK000022,2816,1,305,158,52
119,76,257,JK000022,3112,989,1174,140,94
119,645,943,Shamela0008208,39,525,785,163,66
119,1,1142,ShamAY0038174,118,399,1523,893,96
119,1142,1481,ShamAY0038174,119,1,344,267,97
119,779,1069,Sham19Y0127677,910,812,1462,169,30
119,639,1069,Shamela0008207,7,903,1428,311,70
119,473,586,JK000916,25149,43,162,88,94
119,779,1069,Shia002265Vols,114,402,1060,172,30
120,827,1305,Shamela0023790,486,97,572,311,75
120,1,1146,ShamAY0038174,119,344,1491,914,99
120,1146,1501,ShamAY0038174,120,1,356,285,100
121,1246,1374,JK000022,1035,202,327,85,83
121,911,1129,ShamAY0035035,6610,191,514,125,49
121,1,1221,ShamAY0038174,120,356,1511,920,94
121,1221,1486,ShamAY0038174,121,1,266,211,100
121,937,1108,JK000001,1883,176,330,117,85
122,1,1272,ShamAY0038174,121,266,1541,1023,99
122,1272,1520,ShamAY0038174,122,1,249,195,100
123,656,794,ShamAY0038174,101,1,166,100,74
123,1,1224,ShamAY0038174,122,249,1457,946,96
123,1224,1466,ShamAY0038174,123,1,243,195,100
124,1,282,ShamAY0038174,123,243,559,216,84