ms1,b1,e1,id2,ms2,b2,e2,ch_match,matches_percent
2,1451,1642,Sham19Y0018147,8,168,326,129,82
6,676,1306,EShia0027411,16,124,600,110,14
6,1443,1578,Sham19Y0150960,652,1414,1561,105,84
7,962,1619,Zaydiyya0000371,15,167,850,470,79
7,1247,1600,Shia001432Vols,32575,1,383,250,77
7,468,632,Masaha000554Vols,6260,476,640,132,99
7,461,632,Sham19Y0150960,661,1327,1497,135,97
8,899,1135,Sham19Y0023618,672,441,693,189,93
8,899,1126,Shamela0009883,42,888,1118,182,98
8,899,1126,Shamela0023614,324,490,720,182,98
8,899,1126,Shia002616Vols,2450,76,303,182,99
8,899,1126,Shia002341Vols,1544,156,387,182,97
8,772,916,Rafed0003902Vols,1918,1120,1263,109,91
8,899,1135,Rafed0003902Vols,1967,193,432,189,98
8,899,1126,Sham19Y0018567,1028,493,722,180,97
8,899,1126,Sham19Y0013550,234,459,689,182,98
8,772,916,Shamela0023588,543,152,295,109,91
8,899,1135,Shamela0023588,553,726,965,189,98
8,899,1126,Shamela0023623,1214,1,231,182,98
8,885,1126,JK009266,3719,155,396,188,95
8,899,1126,Shamela0023591,3009,92,322,182,98
8,772,916,Sham19Y0014404,435,165,308,109,91
8,899,1135,Sham19Y0014404,446,1007,1246,189,98
8,899,1126,ShamAY0036821,844,1231,1456,180,98
8,899,1135,Shamela0023587,307,333,572,189,98
8,899,1152,JK007018,198,655,926,194,89
8,899,1126,Shamela0021821,566,1056,1286,182,98
8,1,580,Zaydiyya0000371,15,850,1561,435,73
8,899,1130,Shia002356Vols,367,1243,1476,182,96
8,881,1135,JK000791,689,138,402,195,90
8,899,1126,Rafed0003257Vols,2198,1315,1545,182,98
8,899,1126,Shamela0007798,3809,777,1007,182,98
8,899,1092,Shia002380Vols,227,166,509,152,54
8,781,916,Shamela0037458,1144,1,135,102,91
8,899,1126,Shamela0037458,1169,97,327,182,98
8,899,1126,Rafed0002905Vols,2734,1307,1537,182,98
8,899,1098,Rafed0002905Vols,2865,244,445,160,98
8,899,1126,Shamela0011363,354,895,1125,182,98
8,899,1135,ShamAY0031578,3685,356,609,189,92
8,776,916,Shia002702Vols,2903,1,143,106,89
8,899,1135,ShamAY0034052,630,1127,1385,188,90
8,899,1083,Sham19Y0120922,788,979,1165,149,98
8,899,1067,Sham19Y0018100,1022,1135,1305,136,98
8,899,1126,Shia001432Vols,1040,300,530,182,98
8,881,1135,Shia001432Vols,22255,492,755,194,92
8,899,1126,Rafed0003943Vols,384,589,819,182,98
8,899,1126,Sham19Y0147312,693,372,602,182,98
8,899,1126,ShamAY0034054,1167,410,640,182,98
8,899,1126,Shamela0022371,165,440,671,182,97
8,899,1126,Masaha000554Vols,1485,1163,1389,181,98
8,899,1126,Rafed0003477Vols,138,644,874,182,98
8,651,1135,Shamela0004473,5958,884,1312,216,42
8,772,1126,Shamela0004473,6221,28,725,280,49
8,899,1141,Shamela0004473,10242,911,1179,186,86
8,899,1130,Shamela0010273,827,1306,1540,182,97
8,899,1130,Shamela0000922,471,511,745,182,97
8,899,1067,Shamela0022928,348,1399,1569,136,98
8,943,1126,Tanzil001,61,1,187,147,97
8,899,1130,Shamela0010517,2579,752,987,182,96
8,899,1126,Shamela0023629,335,1260,1490,182,98
8,899,1126,Shamela0095590,1509,1258,1488,182,98
8,899,1126,Shia002406Vols,2773,435,665,182,98
8,927,1135,JK009396,433,1,224,167,92
8,899,1135,Shamela0000041,882,696,935,189,98
8,867,1126,ShamAY0034073,1491,361,627,194,89
8,899,1135,Shamela0008473,1819,1253,1503,189,94
8,772,916,Shamela0005756,15416,637,780,109,91
8,772,916,Shamela0001394,452,792,935,109,91
8,899,1135,Shamela0001394,461,575,814,189,98
8,899,1126,Shamela0029743,288,570,800,182,98
8,899,1135,Shamela0023594,571,726,965,189,98
8,899,1098,Sham19Y0145411,338,652,853,160,98
8,899,1126,Sham19Y0023608,1213,1022,1252,182,98
8,899,1126,Sham19Y0023590,1874,827,1057,182,98
8,140,388,Shia001367,42,779,1052,188,86
8,899,1135,Shamela0023628,1205,695,934,189,98
8,863,1126,Sham19Y0020891,1969,845,1108,190,89
8,899,1126,Shamela0023632,1239,372,602,182,98
8,899,1126,Shamela0023578,1144,580,810,182,97
8,899,1126,Rafed0000876,227,450,680,182,98
8,899,1135,Zaydiyya0000062,496,937,1176,189,98
8,899,1126,Rafed0001792Vols,1814,773,1003,182,98
8,892,1126,Shia002359Vols,1555,483,717,180,93
8,899,1126,Tafsir07076,1535,161,391,182,98
9,493,664,Sham19Y0023618,1002,403,572,135,95
9,654,916,Sham19Y0023618,1019,1099,1364,206,95
9,493,664,Shamela0009883,46,1280,1449,135,95
9,659,916,Shamela0009883,47,1307,1567,205,97
9,1034,1278,Shamela0009883,48,1240,1634,197,61
9,654,916,Shamela0023614,579,530,795,206,95
9,1034,1319,Shamela0023614,604,967,1398,223,63
9,659,916,Shamela0012293,3875,506,765,204,97
9,681,921,Shia002341Vols,2398,1,242,190,97
9,493,664,Shamela0023623,2032,589,758,135,95
9,654,921,Shamela0023623,2098,1058,1328,208,94
9,493,664,JK009266,5306,769,938,135,95
9,1047,1319,JK009266,5528,1,419,213,62
9,493,664,Shamela0023591,4147,420,589,135,95
9,493,664,Shamela0023591,4173,1241,1410,135,95
9,654,916,Shamela0023591,4240,670,935,206,95
9,654,916,Shamela0023591,4258,1310,1575,206,95
9,1034,1319,Shamela0023591,4329,776,1207,223,63
9,659,916,Sham19Y0014404,745,520,1124,204,41
9,496,664,ShamAY0036821,1242,10,173,133,97
9,659,921,ShamAY0036821,1258,655,915,204,96
9,654,916,JK007018,351,944,1208,209,96
9,1034,1300,JK007018,362,958,1373,215,63
9,659,916,Sham19Y0021575,151,1251,1511,205,97
9,1034,1319,Zaydiyya0000329,66,95,591,218,54
9,227,493,Shamela0021821,909,1034,1306,213,97
9,493,664,Shamela0021821,916,320,489,135,95
9,659,916,Shamela0021821,943,780,1039,205,98
9,493,664,EShia0071536,398,1020,1189,135,95
9,493,664,Shia002356Vols,606,630,798,135,95
9,654,916,Shia002356Vols,625,637,902,206,95
9,659,916,Rafed0003726Vols,734,1311,1571,205,97
9,493,664,Rafed0003257Vols,3030,645,814,135,95
9,659,916,Rafed0003257Vols,3079,794,1054,205,97
9,1034,1319,Rafed0003257Vols,3136,433,864,223,63
9,227,493,Tafsir07053,39,1289,1556,210,97
9,493,664,Tafsir07053,40,654,820,135,97
9,493,664,Tafsir07053,50,1139,1308,135,95
9,1034,1319,Tafsir07053,57,833,1261,224,63
9,654,916,Shamela0037458,2108,988,1253,206,95
9,659,916,Rafed0002905Vols,4412,505,765,205,97
9,1034,1392,JK010001,3004,32,426,188,45
9,659,921,ShamAY0031578,5337,962,1227,207,96
9,234,501,ShamAY0034052,1060,1005,1289,213,93
9,659,930,ShamAY0034052,1102,1,283,215,94
9,227,916,Shia001432Vols,532,30,715,420,64
9,493,664,Shia001432Vols,2460,572,741,135,95
9,373,1319,Shia001432Vols,20525,220,1295,525,53
9,493,664,Shia001432Vols,32204,639,807,134,94
9,654,950,Rafed0003943Vols,818,474,780,229,91
9,1034,1300,Rafed0003943Vols,868,428,844,215,63
9,312,493,Masaha000554Vols,2574,1,182,146,100
9,704,916,Masaha000554Vols,2689,1,212,169,98
9,1009,1374,Masaha000554Vols,2949,414,875,195,48
9,659,930,Rafed0003477Vols,158,287,576,214,92
9,688,1220,Shamela0004473,2067,1191,1705,287,52
9,659,916,Shamela0004473,2752,422,682,205,97
9,659,916,Shamela0004473,6238,570,830,205,97
9,659,921,Shamela0004473,6242,517,782,205,96
9,708,916,Shamela0004473,9325,1,211,165,97
9,1034,1319,Shamela0004473,9664,876,1307,223,63
9,659,916,Shamela0004473,10537,1248,1508,205,97
9,1034,1319,Shamela0004473,10552,626,1057,223,63
9,234,493,Shamela0004473,15118,170,434,209,98
9,493,649,Shamela0010273,1373,1060,1219,127,98
9,659,926,Shamela0010273,1432,838,1120,213,93
9,1034,1319,Shamela0010273,1488,793,1224,223,63
9,493,664,Tanzil001,108,814,983,135,95
9,654,916,Tanzil001,112,784,1049,206,95
9,493,664,Shamela0095590,2331,297,466,135,95
9,659,950,Shamela0095590,2402,784,1087,227,91
9,493,664,Shia002406Vols,4377,827,996,135,95
9,654,916,Shia002406Vols,4496,328,593,206,95
9,1034,1319,Shia002406Vols,4655,297,728,223,63
9,501,664,ShamAY0034073,2473,1,162,129,95
9,493,664,Shamela0029743,501,1006,1175,135,95
9,654,921,Shamela0029743,521,427,703,208,92
9,1034,1305,Shamela0029743,538,1190,1612,218,63
9,654,921,Shamela0023594,1004,615,885,208,94
9,227,916,Rafed0003537Vols,276,699,1384,421,64
9,1034,1374,Rafed0003537Vols,277,413,959,242,54
9,659,916,Sham19Y0145411,417,1256,1516,205,97
9,659,887,Sham19Y0023608,2119,1344,1575,181,97
9,493,664,Sham19Y0023590,3130,737,906,135,95
9,654,897,Sham19Y0023590,3212,1336,1582,190,95
9,714,921,Sham19Y0023590,3576,1,210,161,96
9,659,916,Shamela0023628,2093,20,280,205,97
9,1034,1319,Zaydiyya0000473,188,511,942,223,63
9,493,664,Zaydiyya0000473,190,760,929,135,95
9,1034,1319,Zaydiyya0000044,141,734,1165,223,63
9,688,930,Sham19Y0020891,3151,1,253,192,94
9,654,916,Shamela0023632,2023,1088,1353,206,95
9,493,664,Shamela0023578,1670,27,196,135,95
9,654,921,Shamela0023578,1714,566,842,208,92
9,659,894,Shamela0006947,16579,187,424,187,97
9,493,664,Zaydiyya0000062,893,599,768,135,95
9,654,916,Rafed0001792Vols,2701,403,668,206,95
9,1034,1319,Rafed0001792Vols,2768,926,1357,223,63
9,493,664,Shia002359Vols,2405,736,905,135,95
9,493,664,Rafed0001713Vols,1241,1250,1419,135,95
9,659,950,Rafed0001713Vols,1279,872,1201,224,83
10,42,805,Shamela0009883,55,345,1411,537,63
10,805,1277,Shamela0009883,58,30,791,357,59
10,209,680,Shamela0023614,816,28,980,375,49
10,209,473,Shamela0023623,2928,214,661,210,58
10,209,560,Shamela0023591,5232,830,1586,280,46
10,1049,1255,Shamela0023591,5522,1,518,160,39
10,1009,1160,Sham19Y0014404,1147,302,455,120,98
10,209,473,ShamAY0036821,1514,147,588,209,58
10,1009,1255,JK000791,1803,922,1483,193,43
10,209,473,Rafed0003257Vols,3923,115,562,210,58
10,209,335,Tafsir07053,136,1305,1431,102,100
10,335,680,Tafsir07053,137,7,643,273,53
10,209,473,Shamela0010523,44,380,827,210,58
10,1009,1160,Shia002702Vols,8417,250,404,120,97
10,209,680,Shia001432Vols,535,272,739,303,69
10,1009,1277,Shia001432Vols,536,548,962,199,60
10,209,473,Rafed0003943Vols,1165,871,1318,210,58
10,209,335,Masaha000554Vols,3870,663,789,102,100
10,209,473,Rafed0003477Vols,198,116,438,210,81
10,209,497,Shamela0004473,6225,1,393,226,71
10,209,473,Shamela0004473,10243,563,909,208,74
10,209,680,Tanzil001,158,90,1043,373,48
10,339,685,Shamela0095590,3196,20,675,271,51
10,209,560,Shia002406Vols,5825,724,1480,280,46
10,1009,1160,Shamela0001394,1259,83,236,120,98
10,209,473,Shamela0029743,740,1030,1477,210,58
10,209,473,Zaydiyya0000075,68,468,853,211,68
10,209,473,Sham19Y0023608,2806,514,961,210,58
10,209,452,Sham19Y0023590,4212,1177,1603,193,56
10,388,680,Shamela0023578,2244,1,591,233,49
10,335,680,Rafed0001792Vols,3532,947,1590,275,53
10,1009,1255,Rafed0001792Vols,3747,704,1262,193,43
11,284,701,Sham19Y0023618,1572,947,1478,267,63
11,232,686,Shamela0009883,63,608,1550,322,41
11,908,1098,Shamela0009883,65,839,1031,147,91
11,296,584,Shamela0023614,1050,1078,1461,230,74
11,908,1098,Shamela0023614,1089,80,272,147,91
11,296,581,Shia002616Vols,5470,1129,1454,186,61
11,921,1045,Shia002616Vols,5572,996,1566,98,21
11,296,686,Shia002341Vols,3398,272,723,253,65
11,921,1098,Shia002341Vols,3468,875,1166,137,58
11,908,1039,Rafed0003902Vols,4054,312,710,101,31
11,908,1049,Shamela0023588,1589,814,965,103,82
11,296,581,Shamela0023623,3653,436,816,229,74
11,908,1098,Shamela0023623,3739,301,493,147,91
11,296,581,JK009266,7870,106,486,229,74
11,908,1098,JK009266,7998,462,654,147,91
11,296,584,Shamela0023591,5987,1083,1466,230,74
11,296,581,Shamela0023591,6028,1179,1559,229,74
11,908,1098,Shamela0023591,6125,747,939,147,91
11,940,1098,Shamela0023591,6129,1,160,128,99
11,921,1045,Sham19Y0014404,1353,140,485,99,35
11,29,173,ShamAY0036821,1632,1124,1266,104,89
11,908,1098,ShamAY0036821,1705,1264,1454,146,91
11,284,453,Shamela0023587,935,1027,1541,127,30
11,921,1039,Shamela0023587,976,980,1204,95,52
11,296,589,JK007018,655,882,1277,234,73
11,908,1098,JK007018,674,798,990,147,91
11,908,1098,ShamAY0034059,6067,1167,1361,147,90
11,296,581,Shamela0021821,1621,1040,1420,229,74
11,908,1098,Shamela0021821,1658,610,802,147,91
11,296,573,Shia002669,648,1021,1536,222,53
11,296,584,Shia002356Vols,1093,1131,1515,229,74
11,977,1098,Shia002356Vols,1123,1349,1474,98,96
11,296,584,JK000791,2027,1168,1551,230,74
11,397,636,Rafed0003257Vols,4591,380,866,190,48
11,908,1098,Rafed0003257Vols,4685,679,871,147,91
11,296,584,Tafsir07053,208,1105,1482,229,75
11,296,573,Tafsir07053,213,1229,1600,223,74
11,908,1098,Shamela0000170,270,871,1063,147,91
11,296,530,JK006476,1536,405,736,187,69
11,921,1098,Shamela0037458,3908,734,912,143,99
11,296,584,Shamela0010523,253,842,1225,230,74
11,908,1098,ShamAY0031578,8041,1082,1274,147,91
11,296,415,Shia002702Vols,9675,1310,1431,95,98
11,908,1045,Shia002702Vols,9880,1008,1424,102,30
11,232,794,Shia001432Vols,538,411,1418,418,51
11,908,1230,Shia001432Vols,539,737,1341,222,46
11,908,1098,Shamela0007289,1949,1301,1493,147,91
11,296,581,Sham19Y0018632,60,1089,1469,229,74
11,296,581,Rafed0003943Vols,1375,881,1261,229,74
11,908,1098,Rafed0003943Vols,1415,597,789,147,91
11,296,584,Sham19Y0147312,1773,932,1315,230,74
11,908,1098,Sham19Y0147312,1802,1164,1356,147,91
11,55,173,Masaha000554Vols,4750,1153,1271,95,100
11,397,584,Masaha000554Vols,5231,277,463,148,98
11,908,1098,Masaha000554Vols,5410,796,986,146,91
11,284,701,Shamela0010273,2853,920,1362,258,63
11,908,1098,Shamela0010273,2942,428,620,147,91
11,306,636,Tanzil001,206,1,671,262,48
11,908,1071,Tanzil001,212,1347,1511,125,91
11,945,1098,JK000101,440,1,155,124,99
11,921,1098,Sham19Y0018337,195,727,905,143,99
11,914,1039,Zaydiyya0000476,696,1421,1551,99,94
11,914,1098,Zaydiyya0000476,698,941,1161,145,81
11,284,466,Shamela0023629,1074,971,1603,138,27
11,921,1098,Shamela0023629,1105,762,1237,139,36
11,291,492,Rafed0003571Vols,643,666,884,159,90
11,296,581,Shamela0095590,3929,331,711,229,74
11,908,1098,Shamela0095590,4038,1188,1380,147,91
11,921,1062,Sham19Y0145410,229,356,497,114,100
11,284,636,Shia002406Vols,6666,432,1128,275,49
11,908,1098,Shia002406Vols,6797,529,721,147,91
11,296,701,JK009396,1369,254,978,290,49
11,908,1098,JK009396,1402,1266,1458,147,91
11,921,1062,ShamAY0034430,239,810,951,114,100
11,274,581,Shamela0008473,4193,405,808,236,73
11,908,1098,Shamela0008473,4268,104,296,147,91
11,908,1045,Shamela0001394,1506,446,697,104,51
11,296,701,Shamela0029743,957,338,1055,288,48
11,908,1098,Shamela0029743,986,200,392,147,91
11,296,581,Shamela0023594,1743,1080,1460,229,74
11,908,1098,Shamela0023594,1789,973,1165,147,91
11,908,1098,Sham19Y0023608,3535,786,978,147,91
11,921,1045,Sham19Y0023608,3536,883,1285,97,30
11,284,706,Sham19Y0023590,4979,209,948,299,49
11,908,1098,Sham19Y0023590,5069,1214,1406,147,91
11,908,1098,Sham19Y0023590,5074,1304,1496,147,91
11,390,584,Shia002382Vols,2156,66,260,152,97
11,914,1098,Shia002382Vols,2195,199,384,146,97
11,284,701,Shamela0023628,3053,333,1117,294,45
11,908,1110,Shamela0023628,3098,832,1045,154,90
11,284,515,Shamela0023632,3130,1029,1353,182,69
11,921,1098,Shamela0023632,3195,80,258,143,99
11,296,636,Shamela0023578,2751,386,1066,269,49
11,296,544,Shamela0023578,2752,1062,1539,200,51
11,908,1098,Shamela0023578,2806,199,391,147,91
11,921,1163,Shamela0006947,12775,543,803,158,75
11,908,1039,Zaydiyya0000062,1797,420,552,99,89
11,296,636,Rafed0001792Vols,4065,557,1237,269,49
11,908,1098,Rafed0001792Vols,4121,1328,1520,147,91
11,274,686,Shia002359Vols,3731,430,886,250,57
11,296,570,Sham19Y0014328,651,1342,1642,206,86
11,397,686,Rafed0001713Vols,2314,933,1498,206,45
11,908,1098,Rafed0001713Vols,2373,1069,1261,147,91
12,248,575,Shamela0009883,69,126,774,189,33
12,35,241,Shia002616Vols,6144,89,549,119,29
12,1209,1544,ShamAY0036821,1134,927,1220,207,74
12,427,575,ShamAY0036821,1788,323,470,115,97
12,35,295,Shia002356Vols,1266,99,358,210,99
12,427,575,Shia002356Vols,1300,619,768,116,97
12,1309,1544,Masaha000554Vols,2194,873,1111,192,98
12,35,295,Masaha000554Vols,6197,298,556,209,99
12,427,575,Masaha000554Vols,6340,805,952,115,97
12,191,756,Shamela0004473,15631,632,1193,111,14
12,35,295,JK007099,14,262,520,209,99
12,35,205,Shia002382Vols,2376,1297,1466,135,98
12,1172,1544,Shamela0021735,963,310,708,293,90
12,35,295,Shia002359Vols,4157,822,1082,210,99
13,146,275,Shia002616Vols,3445,48,172,96,94
13,146,255,Shia002356Vols,621,6,115,87,100
13,976,1098,Tafsir07053,68,664,786,99,100
13,1318,1551,Tafsir07053,127,312,544,187,99
13,138,255,Masaha000554Vols,2670,1109,1224,90,96
13,457,731,Masaha000554Vols,2878,1047,1314,211,97
13,1318,1551,Masaha000554Vols,3764,272,504,187,99
14,892,1115,Tafsir10098,1615,332,818,179,45
14,892,1115,Sham19Y0023618,1842,317,541,179,99
14,892,1115,Shamela0023614,1266,665,889,179,99
14,892,1115,Shamela0023623,4224,424,648,179,99
14,924,1115,Shamela0023591,6581,1,193,153,98
14,892,1115,Shamela0023591,6588,756,980,179,99
14,892,1115,JK007018,787,214,439,179,98
14,892,1115,Shia002356Vols,1297,354,578,178,98
14,892,1115,Rafed0003257Vols,5148,1428,1652,179,99
14,883,1115,Shamela0037458,4504,594,823,181,96
14,892,1115,ShamAY0031578,9048,433,657,179,99
14,892,1115,Shamela0008381,752,571,795,179,99
14,892,1115,Sham19Y0017798,384,1332,1556,179,99
14,892,1115,Sham19Y0147312,1983,169,393,179,99
14,48,190,Masaha000554Vols,4317,1460,1597,109,95
14,363,580,Masaha000554Vols,6094,713,927,174,98
14,892,1115,Shamela0009690,927,1382,1606,179,99
14,892,1115,Tanzil001,244,589,813,179,99
14,892,1115,Shamela0029743,1129,203,427,179,99
14,892,1115,Shamela0023594,2033,49,273,179,99
14,892,1115,Sham19Y0023608,4013,245,469,179,99
14,892,1115,Sham19Y0023590,5696,389,613,179,99
14,892,1078,Shamela0023628,3489,1323,1510,151,98
14,912,1115,Shamela0023578,3222,1,205,163,99
14,892,1115,Rafed0001792Vols,4414,335,559,179,99
15,745,961,Tafsir07055,4025,512,1088,178,37
15,759,1542,Shia001432Vols,3237,21,899,476,54
16,1313,1480,Sham19Y0023618,1549,1097,1499,134,41
16,1313,1495,Shamela0023614,1034,817,1234,146,43
16,1313,1495,JK009266,7778,557,975,146,43
16,1313,1495,Shamela0023591,5956,1,418,146,43
16,1313,1495,JK007018,643,806,1273,146,38
16,1313,1495,Shia002669,637,61,654,146,30
16,1313,1495,Rafed0003257Vols,4535,510,927,146,43
16,1313,1495,Tanzil001,201,996,1414,146,43
16,1313,1495,Shia002406Vols,6595,117,534,145,43
16,1313,1495,Shamela0029743,935,1074,1492,146,43
16,1313,1495,Sham19Y0023590,4915,59,476,146,43
16,1313,1495,Shia002382Vols,2132,289,828,142,32
16,1313,1495,Shamela0023578,2710,210,627,146,43
16,1313,1495,Shamela0001340,359,1,563,146,32
16,1313,1495,Rafed0001792Vols,4020,1103,1520,146,43
17,1219,1320,Shia002356Vols,263,205,306,80,100
17,1219,1325,Masaha000554Vols,1013,1135,1242,84,99
17,278,444,Shamela0010496,186,633,944,117,46
17,1219,1320,Sham19Y0150960,638,978,1079,80,100
17,1219,1331,Shia002359Vols,1124,105,213,84,93
18,1,273,Shamela0023614,413,1156,1432,220,98
18,1,241,ShamIbadiyya0000281,123,856,1101,192,97
18,1,273,Shamela0023623,1479,148,424,220,98
18,1,273,Shamela0023591,3475,538,814,220,98
18,37,273,ShamAY0036821,1021,1,240,189,97
18,1,273,Shamela0021821,685,1020,1296,220,98
18,110,241,Shia002356Vols,454,1,132,106,100
18,1291,1603,Shia002356Vols,471,971,1445,241,60
18,1,273,Rafed0003257Vols,2550,504,780,220,98
18,122,273,Rafed0002905Vols,3560,980,1113,105,86
18,1291,1466,ShamAY0034052,804,1219,1387,131,88
18,1444,1603,ShamAY0034052,805,1245,1406,129,96
18,1,273,Shia001432Vols,8126,197,473,219,97
18,1,241,Rafed0003943Vols,519,1256,1500,194,98
18,22,273,Sham19Y0147312,844,614,910,203,84
18,1,273,Masaha000554Vols,1848,1339,1614,218,97
18,1291,1603,Masaha000554Vols,1926,644,1122,248,61
18,1,273,Tanzil001,77,542,818,220,98
18,1,273,Shamela0095590,1833,363,639,220,98
18,41,273,Shia002406Vols,3320,1,237,187,98
18,1300,1603,JK009396,555,217,367,124,49
18,58,273,ShamAY0034073,1818,5,229,173,95
18,1,273,Shamela0029743,360,586,862,220,98
18,1,273,Sham19Y0023590,2370,1332,1608,220,98
18,1,273,Shamela0023578,1321,979,1258,220,97
18,1291,1603,Shamela0023578,1358,749,1237,253,62
18,122,273,Zaydiyya0000062,626,1342,1493,122,100
18,1291,1603,Sham19Y0150960,646,732,1120,178,46
18,1,273,Rafed0001792Vols,2161,17,293,220,98
18,1,241,Shia002359Vols,1864,1103,1347,194,98
18,1,273,Rafed0001713Vols,938,402,678,220,98
19,687,845,Shia003744Vols,154,442,600,130,100
19,687,845,Shia002333,108,1223,1381,130,100
19,660,845,Shia002333,196,279,471,140,89
19,1,441,Sham19Y0150960,647,606,1412,309,45
22,1038,1225,ShamAY0036757,86,38,224,153,99
22,1038,1225,Sham19Y0023618,484,126,312,153,99
22,1038,1225,Shamela0022593,493,584,1151,138,29
22,932,1225,Shamela0009883,76,232,658,197,55
22,932,1225,Shamela0023614,195,694,1120,197,55
22,1038,1235,Shia002337Vols,141,1334,1541,157,92
22,1032,1225,Sham19Y0013550,145,121,446,156,58
22,1038,1225,Shamela0023623,823,1386,1572,153,99
22,1032,1215,Shamela0023591,2235,283,467,106,56
22,1038,1225,Sham19Y0014404,301,233,735,153,36
22,1032,1215,ShamAY0036821,640,874,1058,106,56
22,1038,1225,Shia002394Vols,802,1192,1380,153,98
22,1038,1225,JK007018,128,348,535,154,100
22,1022,1225,JK007095,115,323,644,160,60
22,1038,1225,Shamela0021821,372,1255,1441,153,99
22,1038,1225,Shia002356Vols,246,1395,1582,153,98
22,932,1225,Rafed0003257Vols,1537,850,1277,197,55
22,1038,1205,Shamela0022769,264,375,918,128,28
22,1038,1225,Shamela0010283,3370,885,1071,153,99
22,1038,1215,Rafed0002905Vols,1933,1470,1647,145,98
22,1038,1225,Tafsir06048,209,1097,1368,154,69
22,932,1225,Sham19Y0013223,1816,1091,1516,197,55
22,1038,1225,Rafed0003943Vols,242,651,838,153,98
22,1038,1225,Masaha000554Vols,940,72,257,152,98
22,1038,1225,Shamela0010496,178,285,471,153,99
22,1038,1225,Shamela0010273,543,1427,1613,153,99
22,1032,1225,Shamela0000922,325,199,579,155,49
22,932,1225,Tanzil001,36,485,911,197,55
22,1038,1205,Sham19Y0018337,77,50,196,109,79
22,1038,1225,Shamela0095590,1033,868,1054,153,99
22,1038,1205,Shamela0095590,1034,664,901,109,50
22,932,1225,Shia002406Vols,1627,177,604,197,55
22,1038,1225,Tafsir03092,452,812,1379,138,29
22,1038,1225,JK009396,297,1003,1191,153,98
22,932,1225,ShamAY0034073,962,778,1204,197,55
22,1038,1225,Shamela0008473,1225,1174,1360,153,99
22,1071,1225,Shamela0008473,1227,271,668,125,38
22,1071,1225,Shamela0001394,307,73,315,125,62
22,932,1225,Shamela0029743,177,110,536,197,55
22,1038,1225,Shamela0029743,178,1165,1545,153,48
22,1038,1225,Sham19Y0023608,762,1,187,153,99
22,932,1225,Sham19Y0023590,1222,1021,1447,197,55
22,1038,1225,Shamela0008658,778,612,824,153,87
22,1038,1225,Shamela0023628,770,344,530,153,99
22,1038,1225,Sham19Y0020891,1407,945,1131,153,99
22,1038,1225,Shamela0023632,825,397,583,153,99
22,1038,1225,Shamela0023578,825,499,685,153,99
22,1038,1225,Zaydiyya0000062,313,618,804,153,99
22,932,1225,Rafed0001792Vols,1369,865,1292,197,55
22,1065,1225,Shia002359Vols,1064,1,160,130,99
22,1038,1225,Rafed0001713Vols,507,1275,1462,153,98
23,268,384,Shia002616Vols,5198,33,148,91,99
23,268,384,ShamAY0036821,1643,78,194,92,100
23,268,384,Shia002356Vols,1025,161,279,92,98
23,268,421,Masaha000554Vols,4808,205,355,100,84
23,72,442,Shamela0010496,67,562,1350,230,36
23,268,384,Shia002359Vols,3563,341,456,91,99
24,1167,1394,Rafed0000040Vols,1374,606,834,183,99
24,699,1057,Shamela0023614,439,687,1162,231,55
24,1167,1394,Shamela0023614,608,953,1181,183,99
24,1167,1394,Shamela0003055,2277,525,753,183,99
24,699,970,Shamela0023623,1560,152,459,156,56
24,1167,1394,Shamela0023623,2242,213,441,183,99
24,1167,1394,JK009266,5646,551,779,183,99
24,699,1007,Shamela0023591,3560,1223,1648,190,50
24,1167,1394,Shamela0023591,4424,619,847,183,99
24,1167,1394,Shamela0023591,4426,818,1046,183,99
24,699,1057,ShamAY0036821,1053,393,1273,283,39
24,1167,1394,ShamAY0036821,1309,833,1057,179,97
24,1167,1394,ShamAY0036821,1311,711,935,179,97
24,1194,1394,Shamela0009841,6,331,531,161,100
24,1167,1394,JK007018,370,438,666,183,99
24,1167,1394,Shamela0021821,993,914,1142,183,99
24,320,699,Sham19Y0020643,254,224,810,117,22
24,1167,1394,Shia002356Vols,662,306,532,181,98
24,1167,1394,JK000791,1281,943,1171,183,99
24,1167,1394,Rafed0003257Vols,3188,415,643,183,99
24,798,1321,Sham19Y0032384,84,1089,1631,300,60
24,788,1026,Shia002380Vols,304,56,701,181,34
24,1167,1314,Shia002380Vols,436,1007,1166,117,90
24,1167,1394,Shamela0000432,2549,777,1005,183,99
24,1167,1394,Shamela0037458,2260,158,386,183,99
24,699,1057,Masaha004578,143,699,1174,231,55
24,699,1075,Rafed0002905Vols,3802,682,1237,190,38
24,1167,1394,ShamAY0031578,5585,903,1131,183,99
24,1167,1394,ShamAY0034052,1166,343,572,183,99
24,1167,1394,Shia001432Vols,2464,707,935,183,99
24,699,970,Shia001432Vols,8776,1246,1554,156,56
24,1167,1394,Shia001432Vols,22759,1143,1371,183,99
24,1167,1394,Shia001432Vols,25918,871,1099,183,99
24,1179,1394,Shamela0007289,8086,224,435,165,95
24,1205,1394,Shamela0007289,9933,1,190,152,100
24,1167,1394,Shia003744Vols,190,1229,1454,180,98
24,1167,1394,Rafed0003943Vols,888,1516,1744,183,99
24,798,960,Masaha000554Vols,1948,936,1158,125,66
24,1167,1394,Masaha000554Vols,2905,601,824,179,97
24,1167,1394,Shamela0004473,3397,1005,1233,183,99
24,699,970,Shamela0010273,1059,450,757,156,56
24,1167,1394,Shamela0010273,1540,1374,1602,183,99
24,1167,1394,Shamela0000922,728,65,401,183,67
24,1167,1394,Shamela0009690,1385,1353,1581,183,99
24,699,1057,Tanzil001,81,382,857,231,55
24,1194,1394,Shamela0008555,199,1364,1564,161,100
24,1167,1394,Shamela0022653,311,661,889,183,99
24,1167,1394,Shamela0095590,2547,568,796,183,99
24,1167,1394,Zaydiyya0000148,272,1271,1499,183,99
24,699,1057,Shia002406Vols,3434,481,956,231,55
24,1167,1394,Shia002406Vols,4779,1050,1278,183,99
24,1167,1394,JK009396,797,899,1127,183,99
24,1167,1394,Shamela0000041,1435,201,429,183,99
24,1167,1394,ShamAY0034073,2683,1230,1458,183,99
24,699,1057,Shamela0029743,382,554,1029,231,55
24,1167,1394,Shamela0029743,555,1220,1448,183,99
24,1167,1394,Shamela0023594,1060,79,307,183,99
24,699,964,Sham19Y0023590,2515,1351,1652,154,56
24,1167,1394,Sham19Y0023590,3422,1287,1515,183,99
24,1167,1394,Shamela0023628,2204,419,647,183,99
24,1167,1394,Sham19Y0020891,3316,1025,1253,183,99
24,699,970,Shamela0023578,1372,381,688,156,56
24,1167,1394,Shamela0023578,1782,324,552,183,99
24,1179,1394,JK006950,2264,762,973,165,95
24,1007,1394,JK006950,4084,701,1060,228,70
24,1167,1394,Shamela0006947,20945,7,235,183,99
24,1260,1394,JK000379,69,1,135,107,100
24,699,1057,Rafed0001792Vols,2219,830,1305,231,55
24,1167,1394,Shia002359Vols,2573,22,249,183,100
24,806,1057,Rafed0001713Vols,982,1,402,205,62
24,1167,1394,Rafed0001713Vols,1357,692,920,183,99
26,854,1548,ShamAY0000351,12,140,621,165,20
29,734,1008,ShamAY0036821,749,665,937,225,99
29,1284,1536,ShamAY0036821,1050,913,1163,206,99
29,734,929,JK007018,165,1389,1586,160,97
29,1281,1625,Shia002356Vols,471,971,1304,273,96
29,1272,1543,Shia002702Vols,3764,1082,1359,219,95
29,1281,1549,ShamAY0034052,804,1219,1499,217,94
29,734,876,Shamela0022808,14,1259,1401,117,99
29,1281,1625,Masaha000554Vols,1926,644,980,275,97
29,734,876,Zaydiyya0000042,84,49,191,116,98
29,614,816,Shamela0023578,1034,1005,1646,167,31
29,1240,1625,Shamela0023578,1358,710,1090,283,83
29,1281,1625,Sham19Y0150960,646,732,1081,277,96
30,873,1078,ShamAY0036821,615,1385,1589,165,99
30,1112,1242,ShamAY0036821,1053,305,671,106,35
30,873,1112,JK007018,121,446,686,195,99
30,873,1112,Shia002356Vols,236,612,851,194,99
30,960,1112,Masaha000554Vols,888,1,153,124,100
30,1242,1536,Shamela0029677,1292,686,890,120,47
30,873,1112,Shia002359Vols,1021,116,355,194,99
31,303,429,ShamIbadiyya0000438,1163,254,812,63,13
32,273,480,Sham19Y0023618,1569,35,701,164,30
32,273,474,Shamela0023614,1050,116,776,159,30
32,273,474,Shamela0023591,5987,121,781,159,30
32,273,480,JK007018,654,194,863,164,30
32,273,438,ShamAY0034059,5796,1279,1452,130,94
32,356,474,Rafed0003943Vols,1375,1,579,93,20
32,273,474,Tanzil001,205,620,1280,159,30
34,824,1152,Sham19Y0023618,618,1,334,266,97
34,707,1152,Zaydiyya0000063,202,403,851,355,96
34,707,1152,Shamela0023614,265,202,650,355,96
34,707,1152,Shia002616Vols,2322,1095,1541,354,97
34,707,1152,Sham19Y0018106,1997,384,832,355,96
34,695,1152,Shamela0023623,1113,171,631,361,95
34,857,1152,Shamela0023591,2761,1,300,238,97
34,701,1152,ShamAY0036821,772,655,1105,359,96
34,732,1152,Shia001389,115,88,641,334,74
34,707,1152,JK007018,179,952,1403,357,97
34,701,1152,Shamela0021821,519,689,1143,360,96
34,27,382,Zaydiyya0000371,12,913,1447,141,29
34,945,1152,Shia002356Vols,335,415,640,166,88
34,707,1152,Shamela0010463,283,666,1115,355,96
34,707,1152,Rafed0003257Vols,2001,825,1273,355,96
34,901,1152,JK000110,694,1,256,203,97
34,707,1152,JK000917,616,928,1376,355,96
34,707,1152,Shia000394Vols,817,542,990,355,96
34,818,1152,Sham19Y0018103,1944,1,340,271,97
34,707,1152,Shamela0000432,3814,1252,1700,355,96
34,707,1152,Shia001432Vols,3707,412,860,355,96
34,707,1152,Shia001432Vols,8911,146,594,355,96
34,844,1152,Shia001432Vols,9934,8,367,244,83
34,707,1152,Shamela0009759,224,1073,1521,355,96
34,949,1152,Rafed0003943Vols,329,1,208,166,96
34,695,1152,Masaha000554Vols,1348,591,1045,362,96
34,707,1152,JK006897,481,205,653,355,96
34,695,1152,Shamela0010273,753,885,1345,361,95
34,740,1152,Sham19Y0013605,2491,1,417,329,96
34,707,1152,Shamela0021715,4521,1065,1513,355,96
34,707,1152,Tanzil001,54,6,454,355,96
34,695,1152,Shamela0023629,311,642,1102,361,95
34,736,1152,Shia000234Vols,8979,379,935,329,72
34,885,1152,Shia002406Vols,2311,1,272,216,97
34,707,1152,JK009396,388,82,530,355,96
34,720,1152,Shia001255Vols,907,942,1429,302,69
34,688,1152,Sham19Y0018176,1058,986,1461,362,91
34,707,1152,Shamela0029743,256,887,1335,355,96
34,695,1152,Sham19Y0023590,1823,314,774,361,95
34,732,1152,Shia001187Vols,5277,804,1384,332,70
34,707,1152,Sham19Y0020891,1824,19,467,355,96
34,707,1090,Shamela0023578,1081,1230,1615,310,98
34,701,990,Sham19Y0150960,643,1310,1597,228,98
34,707,1152,Rafed0001792Vols,1693,131,579,355,96
34,707,1152,Shamela0023596,136,996,1444,355,96
34,945,1152,Shia002359Vols,1420,79,283,162,93
34,707,1152,Rafed0001713Vols,707,403,851,355,96
37,933,1173,Sham19Y0023618,249,446,701,180,85
37,1350,1599,Sham19Y0023618,1245,426,677,203,99
37,827,1173,Shia000043Vols,186,682,961,214,77
37,827,1173,Zaydiyya0000063,191,1121,1446,260,93
37,248,734,Shamela0023614,13,315,798,392,97
37,827,1173,Shamela0023614,18,324,672,278,99
37,1350,1599,Shamela0023614,757,660,911,203,99
37,976,1115,Shamela0012293,6055,995,1134,112,100
37,271,734,Sham19Y0018106,1246,695,1156,378,99
37,827,1112,Shamela0023623,343,260,547,229,98
37,248,416,Shamela0023591,673,1378,1545,135,93
37,827,1173,Shamela0023591,1045,24,372,278,99
37,1385,1599,Shamela0023591,4989,1,217,175,99
37,1350,1599,Shamela0023591,5013,268,519,203,99
37,827,1173,ShamAY0036821,306,673,1016,276,99
37,1350,1599,ShamAY0036821,1451,1299,1547,202,99
37,874,1173,Shia002394Vols,350,427,945,213,49
37,271,562,JK007018,39,217,508,239,100
37,925,1173,JK007018,60,975,1207,178,86
37,248,734,Shamela0021821,104,870,1353,392,97
37,933,1173,Shamela0021821,171,880,1168,178,77
37,1350,1599,Shia002356Vols,791,343,592,203,100
37,827,1112,Sham19Y0014827,157,90,376,229,99
37,271,702,Rafed0003257Vols,336,1255,1684,352,99
37,827,1173,Rafed0003257Vols,549,759,1107,278,99
37,271,734,JK000110,384,534,995,378,99
37,271,734,Sham19Y0016584,1379,913,1374,378,99
37,271,734,Sham19Y0018103,1302,538,999,378,99
37,299,641,ShamIbadiyya0000075,49,851,1597,274,44
37,1417,1599,Shamela0037458,2726,1,184,148,99
37,262,664,Rafed0002905Vols,801,435,625,147,45
37,408,579,Shia002702Vols,639,1036,1207,133,95
37,933,1173,ShamAY0034052,207,911,1231,193,74
37,827,1173,Sham19Y0013223,1956,402,751,278,98
37,248,734,Shia003721Vols,153,818,1301,392,97
37,976,1173,Shamela0009759,45,707,904,159,100
37,827,1173,Zaydiyya0000065,1,60,408,278,99
37,271,734,Rafed0003943Vols,51,455,916,378,99
37,827,1173,Rafed0003943Vols,70,987,1335,278,99
37,827,1173,Masaha000554Vols,338,872,1215,273,97
37,866,1173,Shamela0010273,234,907,1445,232,53
37,271,734,Sham19Y0013605,1778,571,1437,378,53
37,271,734,Shamela0021715,2640,53,514,378,99
37,248,734,Tanzil001,8,590,1073,392,97
37,827,1173,Tanzil001,13,637,985,278,99
37,1350,1599,Tanzil001,145,570,821,203,99
37,271,734,Sham19Y0014579,158,887,1348,378,99
37,248,734,Shamela0095590,416,111,594,392,97
37,933,1173,Shamela0095590,532,1038,1289,171,76
37,1422,1599,Shamela0095590,2972,1,179,144,99
37,271,734,Shia002406Vols,270,189,650,378,99
37,827,1173,Shia002406Vols,501,700,1056,277,96
37,1272,1599,Shia002406Vols,5570,506,823,219,82
37,271,734,JK009396,97,626,1087,378,99
37,271,734,Sham19Y0018176,661,558,1019,378,99
37,991,1173,ShamAY0034073,421,1,183,147,100
37,334,754,Shamela0008473,483,155,570,333,96
37,271,734,Shamela0005756,5884,588,1050,378,99
37,248,734,Shamela0029743,44,1081,1564,392,97
37,827,1173,Shamela0029743,68,695,1043,278,99
37,334,754,Tafsir09084,145,1068,1483,333,96
37,827,1173,Shamela0023594,150,878,1226,278,99
37,976,1173,Shamela0021537,1387,1218,1415,159,100
37,976,1115,Shamela0021537,3916,1448,1587,112,100
37,976,1173,Sham19Y0023608,261,217,414,159,100
37,271,734,Sham19Y0023590,270,224,685,378,99
37,827,1173,Sham19Y0023590,436,5,353,278,99
37,1350,1599,Sham19Y0023590,3990,1297,1548,203,99
37,1350,1599,Shamela0023628,2516,180,431,203,99
37,968,1173,Sham19Y0020891,751,708,913,166,100
37,827,1112,Shamela0023632,323,50,337,229,98
37,305,734,Shamela0023578,184,1,428,350,99
37,954,1173,Shamela0023578,302,712,966,177,85
37,248,734,Sham19Y0145435,4971,292,775,392,97
37,968,1173,Zaydiyya0000062,122,325,543,166,94
37,832,1173,Sham19Y0150960,631,1,426,270,78
37,271,641,Sham19Y0143167,2,1036,1404,302,99
37,827,1272,Sham19Y0143167,3,52,530,311,80
37,1350,1599,Sham19Y0143167,3,1170,1421,203,99
37,1350,1599,Shamela0012884,3499,931,1182,203,99
37,248,590,Rafed0001792Vols,466,90,427,258,90
37,827,1173,Rafed0001792Vols,679,106,454,278,99
37,1350,1599,Rafed0001792Vols,3306,77,328,203,99
37,1350,1599,Shia002359Vols,2978,55,306,203,99
37,968,1173,Rafed0001713Vols,238,511,728,166,94
38,1,208,Sham19Y0023618,1245,677,884,170,100
38,12,208,Shia000043Vols,187,1,197,161,100
38,1,449,Zaydiyya0000063,209,714,1261,347,78
38,1,449,Shamela0023614,757,911,1458,347,78
38,208,330,Shia002616Vols,4241,1344,1467,97,98
38,98,330,Shia002341Vols,2788,1,234,189,98
38,154,330,Rafed0003902Vols,3364,326,504,143,98
38,1,250,Sham19Y0018106,1326,506,756,202,99
38,140,330,Shamela0023588,1155,419,608,147,94
38,201,449,Shamela0023623,2703,1145,1489,177,63
38,1,208,JK009266,6529,782,989,170,100
38,1,449,Shamela0023591,4989,217,764,347,78
38,1,330,Shamela0023591,5013,519,850,267,99
38,1059,1305,ShamAY0036821,273,568,811,198,98
38,7,330,ShamAY0036821,1452,1,321,260,99
38,170,354,Shamela0023587,652,296,473,129,87
38,1065,1305,JK007018,51,528,769,195,99
38,1,330,Shia002356Vols,791,592,922,267,99
38,1,208,JK000791,1576,554,761,170,100
38,147,429,JK000791,1579,554,913,195,63
38,1,449,Rafed0003257Vols,3686,701,1248,347,78
38,1,208,Shamela0007798,6602,592,799,170,100
38,1,250,JK000110,416,444,694,202,99
38,1,250,Sham19Y0016584,1455,736,986,202,99
38,26,208,Shamela0000432,424,1,183,150,100
38,1,208,Shamela0000432,4368,1256,1463,170,100
38,40,330,Shamela0037458,2732,1243,1535,237,98
38,1,330,Zaydiyya0000274,277,1149,1480,267,99
38,147,449,Rafed0002905Vols,5483,145,473,212,78
38,1,208,ShamAY0031578,6442,1070,1277,170,100
38,1,250,Sham19Y0013223,1957,51,300,201,99
38,1,208,Shia001432Vols,8873,557,764,170,100
38,208,429,Shia001432Vols,32808,1218,1476,169,81
38,231,449,Rafed0003943Vols,1106,1,317,163,63
38,1,212,JK000360,37,287,504,173,97
38,1059,1305,Masaha000554Vols,284,1511,1754,198,98
38,154,330,Masaha000554Vols,3582,162,337,143,99
38,1,208,Shamela0004473,5443,37,244,170,100
38,1,208,Shamela0004473,14330,1196,1403,170,100
38,1,212,Shamela0010273,1963,1140,1351,171,99
38,1,201,Sham19Y0013605,1855,1361,1561,164,100
38,1,250,Shamela0021715,2842,953,1203,202,99
38,1,449,Tanzil001,145,821,1368,347,78
38,1,212,Shamela0010013,133,1014,1225,171,99
38,1,208,Shamela0095590,2972,179,386,170,100
38,208,449,Shamela0095590,2978,731,1071,181,66
38,1,449,Shia002406Vols,5570,823,1370,347,78
38,201,449,Shamela0007612,25,486,833,180,64
38,1,231,Shamela0006656,34,386,606,175,93
38,1,330,ShamAY0034073,3186,949,1280,267,99
38,1,250,Shamela0005756,6199,1166,1416,201,99
38,1,221,Shamela0029743,682,1379,1599,180,100
38,221,429,Shamela0029743,683,1,313,166,66
38,1,208,Shamela0021537,3945,724,931,170,100
38,1,208,Sham19Y0023608,2626,743,950,170,100
38,121,429,Sham19Y0023608,2628,303,967,229,42
38,15,250,Tafsir03037,1755,1,237,191,99
38,29,208,Sham19Y0023590,3991,1,180,148,100
38,226,434,Sham19Y0023590,3997,1,312,163,65
38,132,330,Shamela0023628,2520,228,486,162,76
38,140,330,Shamela0023632,2499,1350,1539,147,94
38,1,449,Shamela0023578,2106,756,1303,347,78
38,1,330,Zaydiyya0000062,1226,75,406,267,99
38,1,449,Sham19Y0150960,652,232,783,342,75
38,1,208,Sham19Y0143167,3,1421,1628,170,100
38,1,449,Rafed0001792Vols,3306,328,875,347,78
38,1,330,Shia002359Vols,2978,306,637,267,99
38,35,429,Rafed0001713Vols,1653,1,499,316,78
39,1153,1295,Shamela0037458,3109,269,601,112,42
40,1033,1266,Tafsir07055,1340,1008,1211,61,20
40,1033,1266,JK010001,1267,513,716,61,20
40,1033,1169,JK000371,358,28,401,110,36
40,564,1169,Shamela0011818,190,267,515,157,30
40,1033,1551,Shamela0011818,207,1095,1610,117,17
40,564,685,Shamela0008473,4491,519,673,98,78
40,564,685,Shia002359Vols,3976,165,318,95,76
41,837,1122,Shia001399,160,230,517,226,96
41,837,1122,Shia002616Vols,1561,524,811,229,97
41,148,1132,Sham19Y0132974,96,556,1522,763,95
41,837,1122,ShamAY0036821,585,334,619,230,98
41,1335,1606,ShamAY0036821,1267,1098,1369,216,98
41,936,1122,Shia002394Vols,720,509,859,82,23
41,837,1138,JK007018,114,882,1198,235,92
41,148,1127,Zaydiyya0000371,10,686,1437,579,72
41,837,1122,Shia002356Vols,223,627,912,229,97
41,442,1122,Rafed0003726Vols,199,97,890,336,42
41,837,1122,Shia001432Vols,32205,417,705,229,97
41,837,1122,Shia003744Vols,91,97,383,229,98
41,837,1122,Masaha000554Vols,817,126,409,230,97
41,1335,1606,Masaha000554Vols,2694,1225,1497,217,98
41,168,530,ShamAY0034273,51,1,302,239,82
41,837,1122,Shia002406Vols,1355,1080,1368,229,97
41,148,1055,JK009237,6086,649,1268,326,39
42,1,1346,Sham19Y0132974,97,359,1322,593,51
42,231,395,JK007018,409,619,784,130,99
43,38,268,Shia002616Vols,5439,157,388,189,99
43,38,268,ShamAY0036821,1680,1009,1238,187,97
43,624,788,Shia002356Vols,1327,1048,1220,132,95
43,38,268,Masaha000554Vols,5163,1290,1521,189,98
43,38,268,Shia002359Vols,3706,1185,1417,189,98
44,477,644,ShamAY0036821,1161,271,730,137,36
44,463,588,Masaha000554Vols,2260,1261,1384,99,96
45,443,716,Sham19Y0023618,1226,1,613,220,43
45,653,900,Rafed0000040Vols,1662,365,773,169,51
45,438,992,Shamela0023614,737,1,1403,449,38
45,562,686,Shamela0023588,1134,1207,1735,101,23
45,512,716,Shamela0023623,2641,437,821,168,52
45,438,716,Shamela0023591,4946,801,1260,229,60
45,716,992,Shamela0023591,4947,21,536,221,52
45,562,716,Shamela0023591,4959,26,215,126,80
45,716,992,Shamela0023591,4970,134,649,221,52
45,562,795,Sham19Y0014404,936,782,1524,138,22
45,653,900,Sham19Y0011326,74,754,1190,198,55
45,716,992,ShamAY0036821,1438,394,897,218,52
45,709,992,Rafed0003257Vols,3642,1032,1554,223,52
45,562,716,JK006476,1031,806,995,126,80
45,575,716,Shia002380Vols,508,944,1136,115,73
45,562,716,Shamela0037458,2678,807,996,126,80
45,466,694,Rafed0002905Vols,5481,678,881,151,75
45,562,716,ShamAY0034052,1392,191,548,126,42
45,659,798,Shia001432Vols,30810,1,151,111,92
45,653,992,Sham19Y0014592,1156,319,917,272,55
45,429,716,Rafed0003943Vols,1087,97,564,234,60
45,562,716,Shamela0010273,1909,614,803,126,80
45,562,722,Shamela0000922,840,1148,1556,128,38
45,438,831,Tanzil001,142,663,1667,320,38
45,562,716,Shamela0023629,777,909,1444,126,28
45,438,653,Shamela0095590,2924,1028,1389,178,59
45,438,716,Shia002406Vols,5504,756,1215,229,60
45,526,992,Shia002406Vols,5518,747,1371,259,44
45,562,716,Shamela0000041,1675,801,990,126,80
45,562,716,ShamAY0034073,3127,446,635,126,80
45,586,716,Shamela0008473,3165,159,324,106,78
45,438,653,Shamela0029743,666,31,392,178,59
45,526,992,Shamela0029743,669,120,744,259,44
45,575,716,Shamela0023628,2473,437,613,115,80
45,562,716,Shamela0023632,2456,1349,1538,126,80
45,562,716,Shamela0023578,2057,596,785,126,80
45,716,992,Shamela0023578,2060,771,1286,221,52
45,562,716,Zaydiyya0000062,1198,802,991,126,80
45,438,992,Rafed0001792Vols,3245,8,1410,449,38
46,494,784,JK011068,132,366,652,219,92
46,494,779,Shamela0023614,937,1164,1448,215,92
46,516,771,Shamela0009770,423,1043,1298,209,99
46,494,771,JK009266,7316,15,292,215,94
46,494,779,Shamela0023591,5601,853,1137,215,92
46,494,771,Shamela0023591,5624,414,690,214,94
46,494,771,ShamAY0036821,1593,600,873,212,93
46,494,784,ShamAY0034059,4938,991,1278,220,92
46,516,784,Shamela0021821,1473,571,844,215,95
46,516,771,Rafed0003726Vols,1152,110,365,209,99
46,494,771,JK000791,1836,900,1177,215,94
46,516,771,Tafsir07055,1099,992,1248,210,99
46,494,771,Sham19Y0009800,772,1045,1321,214,94
46,494,779,Shamela0010523,161,105,390,216,93
46,409,771,Rafed0002905Vols,7422,695,1050,277,91
46,516,771,JK010001,1033,371,627,210,99
46,494,771,ShamAY0034052,1776,1222,1499,215,94
46,494,771,Shamela0004445,1637,818,1095,215,94
46,494,771,Shamela0004445,1672,971,1238,215,94
46,494,765,Shia001432Vols,8394,190,460,209,94
46,494,779,Rafed0003943Vols,1274,465,749,215,92
46,516,811,Shamela0004473,1635,77,378,218,88
46,434,771,Shamela0004473,2437,146,711,276,59
46,516,774,Shamela0004473,5704,1230,1489,209,98
46,516,771,Shamela0010273,2497,468,723,209,99
46,494,765,Tanzil001,182,1334,1605,210,94
46,494,771,Shamela0095590,3532,973,1250,215,94
46,516,765,Shia003732Vols,1887,410,682,204,91
46,494,771,Shia002406Vols,6257,794,1070,214,94
46,516,774,ShamAY0034073,3920,1115,1376,212,98
46,494,771,Shamela0029743,846,400,677,215,94
46,494,771,Shamela0023594,1562,1046,1322,214,94
46,494,771,Sham19Y0023608,3118,853,1129,214,94
46,516,771,Sham19Y0023590,4548,403,658,209,99
46,516,771,Sham19Y0023590,4552,600,855,209,99
46,494,771,Sham19Y0020891,4922,739,1015,214,94
46,516,784,Shamela0023632,2871,894,1158,213,96
46,494,784,Shamela0023578,2477,557,846,219,92
46,494,779,Rafed0001792Vols,3797,1390,1674,215,92
48,736,1168,Sham19Y0023618,1085,437,872,352,98
48,756,1365,Zaydiyya0000063,208,562,1434,432,56
48,444,1100,Shamela0009883,86,761,1613,531,76
48,736,1236,Shamela0008506,37,458,961,404,98
48,736,1236,Shamela0023614,635,1025,1528,407,99
48,932,1106,Shia002341Vols,2521,655,832,143,97
48,932,1106,Rafed0003902Vols,3050,977,1154,143,97
48,736,1236,JK010427,18,541,1044,407,99
48,932,1236,Shamela0023623,2296,803,1110,248,98
48,736,1236,Shamela0023591,4490,889,1392,407,99
48,1002,1236,Shamela0023591,4499,1127,1365,192,98
48,736,1177,ShamAY0036821,1324,1165,1603,353,97
48,997,1236,ShamAY0036821,1328,1274,1514,193,97
48,997,1236,JK007018,378,518,761,196,98
48,736,1236,Shamela0010548,332,117,620,407,99
48,942,1236,Shia002356Vols,677,398,785,237,74
48,1002,1236,Rafed0003257Vols,3280,122,360,192,98
48,825,1236,Shamela0000170,4,1,416,334,98
48,997,1236,ShamAY0000055,62,705,947,195,97
48,736,1106,Shamela0037458,2315,356,729,302,98
48,736,1236,Shamela0010283,2485,539,1042,407,99
48,1002,1236,Zaydiyya0000274,130,484,722,192,98
48,1002,1236,Zaydiyya0000274,218,639,877,192,98
48,736,1236,Rafed0002905Vols,4874,274,659,308,74
48,736,1168,Sham19Y0147597,1409,1188,1623,352,98
48,1002,1236,Shamela0008381,3798,928,1166,192,98
48,1002,1236,Shamela0008381,5018,295,533,192,98
48,793,1229,Shia001432Vols,23370,48,775,350,59
48,919,1168,Sham19Y0147312,1211,75,504,199,56
48,997,1236,Masaha000554Vols,3001,1120,1360,193,97
48,736,1236,Shamela0004473,6332,191,694,407,99
48,736,1236,ShamAY0001202,114,912,1415,407,99
48,1002,1236,Shamela0010273,1580,140,378,192,98
48,793,1236,Shamela0095590,2602,1,447,360,98
48,736,1236,Shia002406Vols,4902,157,660,407,99
48,932,1168,JK009396,815,827,1442,192,38
48,1002,1236,ShamAY0034073,2776,1078,1316,192,98
48,736,1236,Shamela0029743,569,407,910,407,99
48,1002,1387,Rafed0003537Vols,45,908,1633,307,52
48,736,1152,Sham19Y0023608,2288,1175,1594,339,98
48,1002,1236,Sham19Y0023590,3515,1259,1497,192,98
48,1002,1236,Shamela0023628,2273,138,376,192,98
48,956,1236,Shamela0009231,21,1,284,229,98
48,1002,1236,Shamela0023578,1847,1160,1398,192,98
48,1002,1243,Zaydiyya0000062,1007,1170,1415,195,97
48,834,1236,Sham19Y0150960,651,1,352,273,82
48,696,1236,Sham19Y0150960,1084,1,607,438,88
48,736,1236,Rafed0001792Vols,2893,1104,1607,407,99
48,982,1236,Shia002359Vols,2622,1209,1448,190,89
49,543,749,Shamela0026350,184,825,1031,160,97
49,543,716,Sham19Y0023618,1413,1304,1477,135,99
49,533,749,Zaydiyya0000063,213,395,612,168,97
49,543,749,Shamela0009883,95,86,292,162,99
49,543,749,Shamela0023614,922,1152,1358,162,99
49,543,749,Shia002341Vols,3118,1217,1423,162,99
49,568,749,Shamela0023623,3199,1,182,142,100
49,538,749,JK009266,7252,148,359,166,99
49,543,749,Shamela0023591,5559,127,333,162,99
49,543,749,Shamela0023591,5565,1056,1262,162,99
49,543,749,JK007018,554,78,284,162,99
49,543,749,ShamAY0034059,4817,264,473,162,97
49,543,749,Shamela0001002,2701,495,701,162,99
49,538,749,Shia002356Vols,949,252,466,167,98
49,543,749,Rafed0003257Vols,4228,303,509,162,99
49,538,682,Tafsir07053,150,1350,1494,113,100
49,543,749,JK001285,15,641,847,162,99
49,543,752,Shamela0037458,3278,942,1151,164,99
49,602,749,Shamela0010523,145,1,148,115,100
49,543,749,Zaydiyya0000274,479,1,207,162,99
49,543,716,Rafed0002905Vols,6660,1405,1534,96,72
49,543,749,Shamela0004445,686,1,207,162,99
49,543,749,Shia001432Vols,6081,1069,1275,162,99
49,538,749,Shia001432Vols,23566,560,773,166,98
49,543,749,Sham19Y0147312,1609,178,384,162,99
49,538,749,Masaha000554Vols,4388,804,1014,166,99
49,543,749,Shamela0004473,9976,700,906,162,99
49,543,757,Shamela0004473,13925,213,427,163,97
49,543,749,Shamela0010273,2441,729,935,162,99
49,543,749,Tanzil001,179,71,277,162,99
49,543,749,Shamela0095590,3468,657,863,162,99
49,543,757,Shia002406Vols,6191,682,896,163,96
49,543,749,JK009396,1171,71,277,162,99
49,543,752,Shamela0000041,2008,447,656,164,99
49,543,749,Shamela0008473,3720,240,446,162,99
49,538,749,Shamela0010646,132,295,508,166,98
49,543,749,Shamela0029743,828,233,439,162,99
49,543,749,Shamela0023594,1526,217,423,162,99
49,543,749,Sham19Y0023590,4504,67,273,162,99
49,543,749,Sham19Y0023590,4511,8,214,162,99
49,543,749,Shamela0023628,2791,215,421,162,99
49,543,752,Zaydiyya0000062,1556,343,549,162,98
49,538,749,Sham19Y0150960,656,312,523,167,100
49,543,749,Shamela0012884,3982,932,1137,161,99
49,543,749,Rafed0001792Vols,3757,51,257,162,99
49,538,713,Shia002359Vols,3375,1303,1478,137,99
49,543,749,Rafed0001713Vols,2006,623,829,162,99
49,538,749,Tafsir07076,9428,776,987,166,99
50,1114,1420,JK000021,2904,1,330,197,72
50,1018,1420,Sham19Y0020986,62,640,1032,278,86
50,1158,1424,JK001297,273,861,1077,159,76
50,1070,1420,JK001297,525,904,1285,237,76
50,1151,1442,Zaydiyya0000013,140,1078,1327,175,76
50,1151,1249,Shamela0001417,596,283,382,74,97
50,1256,1420,Shia002103Vols,178,212,334,90,68
50,1070,1460,JK000030,49,556,966,251,71
50,1151,1270,Shamela0023788,389,1312,1436,89,92
50,1151,1420,ShamIbadiyya0000109,7597,1015,1194,132,63
50,974,1420,Shia002616Vols,6209,71,533,305,81
50,1060,1420,JK001493,274,434,803,266,90
50,1060,1420,ShamIbadiyya0000229,1603,388,726,263,92
50,970,1420,Shamela0001336,11,215,679,285,72
50,999,1420,Shia002185Vols,1330,462,857,285,85
50,1256,1420,Shamela0012929,789,430,552,90,68
50,970,1420,Shamela0023685,1235,78,506,297,81
50,1151,1420,Shamela0021550,444,483,778,171,74
50,999,1420,Shamela0021550,550,578,813,159,49
50,989,1430,Shamela0010614,156,390,829,332,94
50,1249,1437,JK010637,214,166,352,136,88
50,970,1420,Shamela0010488,174,278,741,264,65
50,960,1424,Shamela0010488,283,928,1487,213,41
50,1151,1420,ShamAY0034059,7783,1074,1315,164,76
50,974,1420,Shamela0026568,1060,297,763,306,80
50,1070,1420,Zaydiyya0000341,5,1091,1444,271,94
50,1070,1420,JK009174,39,294,688,236,75
50,1070,1420,Sham19Y0036072,122,287,627,253,90
50,1004,1420,Shamela0023790,423,159,579,285,81
50,1094,1420,Shamela0000894,4762,1,348,211,72
50,1170,1420,Shamela0000894,8139,422,720,116,52
50,1151,1297,Shamela0010283,1120,1314,1462,110,95
50,974,1420,Shia004021,249,384,789,230,59
50,970,1249,Sham19Y0013252,9470,476,813,105,30
50,1148,1420,Shamela0026803,165,373,640,208,96
50,1249,1420,ShamAY0031578,7077,414,581,132,95
50,989,1420,Sham19Y0147597,1640,1060,1470,312,90
50,974,1363,Shia001432Vols,23910,1102,1492,252,75
50,1174,1420,Shia001432Vols,26061,1,238,178,89
50,999,1420,Shia001432Vols,26093,1100,1488,225,61
50,974,1411,Shia001122Vols,587,1059,1490,280,75
50,1151,1449,Shia001383,96,22,269,177,76
50,1151,1280,Sham19Y0038171,1772,1333,1461,88,83
50,1151,1420,Sham19Y0038171,2098,850,1030,136,65
50,1236,1430,ShamAY0034068,2437,1148,1345,137,85
50,1009,1420,Shamela0012882,3,512,885,274,83
50,974,1420,Shia002389Vols,1553,35,477,288,75
50,1009,1420,Shia002525,163,1052,1430,284,83
50,960,1420,ShamAY0032826,1044,631,1156,213,39
50,960,1420,ShamAY0032826,1045,499,1024,213,39
50,1151,1249,Shia001333,8,1176,1271,66,88
50,970,1420,JK010666,30,267,734,287,70
50,979,1420,Masaha000001Vols,582,915,1347,283,75
50,965,1442,Shamela0000765,95,40,505,241,54
50,965,1420,Shamela0008505,102,878,1344,298,79
50,999,1185,Zaydiyya0000272,1561,1348,1512,116,76
50,1185,1420,Zaydiyya0000272,1562,1,238,178,93
50,1151,1420,ShamAY0035035,6589,792,1085,162,69
50,1151,1420,ShamAY0035035,8032,299,476,133,62
50,970,1420,Shia003732Vols,3432,595,1047,238,62
50,1151,1420,Shamela0007612,4,749,987,143,66
50,974,1420,Shia001174Vols,2730,283,730,286,76
50,1070,1420,Shia001153,23,370,708,256,90
50,1070,1420,Shia004042Vols,181,905,1270,265,90
50,1151,1420,JK000001,1871,925,1220,171,74
50,1221,1420,JK000001,2597,1,110,83,53
50,955,1420,Shamela0010646,20,871,1281,300,76
50,1065,1420,Shamela0001349,148,767,1122,270,94
50,999,1420,Rafed0001617Vols,342,111,508,287,86
50,995,1424,Shia001187Vols,4324,12,422,292,82
50,1102,1411,Kraken22021606121700,116,1,312,232,92
50,1070,1420,JK009237,6057,1,351,269,94
50,938,1420,Sham19Y0014283,41,313,867,261,55
50,1151,1449,Shia001171,510,426,696,179,73
50,938,1420,Shamela0012884,5014,35,589,245,47
50,965,1533,Shia002165,16,68,592,392,86
51,308,747,JK001493,275,992,1471,203,40
51,308,485,Shamela0010614,215,943,1578,141,27
51,485,978,Shamela0010614,216,1,698,381,66
51,1299,1445,Shamela0010614,218,876,1017,92,72
51,428,747,Shia001432Vols,26067,941,1266,225,79
51,434,739,ShamAY0036737,164,907,1215,230,88
51,485,739,ShamAY0036737,180,116,373,190,86
51,778,959,Shamela0013066,15,1271,1451,144,97
51,1299,1440,Shamela0000765,47,1243,1396,100,80
51,783,959,Shamela0000765,217,855,1029,136,90
51,778,959,Sham19Y0148486,6656,380,569,144,92
51,428,778,Shia001153,26,908,1526,253,49
51,473,747,Shamela0010646,25,344,643,202,84
51,783,959,Sham19Y0146127,3690,460,643,142,93
52,1,571,Shia001782Vols,876,420,951,333,66
52,1,576,Shia001782Vols,3693,375,932,282,47
52,32,507,Shamela0001341,111,629,1095,205,42
52,1,571,Shamela0005816,978,820,1396,347,65
52,1,571,Shia003461Vols,305,734,1332,334,61
52,1,594,Shia003461Vols,306,455,1045,285,46
52,114,571,Shamela0003722,5715,7,440,270,65
52,1,571,Shamela0003722,5716,259,907,372,70
52,1,208,Shamela0010614,221,1332,1543,167,97
52,212,571,Shamela0010614,222,1,359,272,93
52,4,571,Masaha001864Vols,1111,384,773,227,45
52,4,256,Shia001949,127,1093,1415,176,66
52,256,571,Shia001949,128,1,197,126,50
52,1,571,Shamela0009855,8,86,650,350,67
52,1,571,Shamela0021809,2232,606,1185,355,66
52,22,454,JK000927,2916,536,978,275,71
52,28,571,Shamela0023700,1974,895,1227,210,46
52,32,507,Shamela0012991,200,704,1171,207,43
52,279,576,ShamAY0033053,551,1,180,125,53
52,1,571,ShamAY0033945,2054,371,879,313,63
52,1,571,Sham19Y0127677,10543,828,1330,313,64
52,1,409,Masaha003492Vols,96,654,981,155,46
52,1,571,Shia002032,28,860,1387,320,64
52,1253,1449,Shia004021,228,269,457,105,58
52,1253,1421,Shia000743Vols,229,936,1103,121,88
52,1253,1421,Shia001432Vols,24422,130,299,124,91
52,1309,1464,Shia001432Vols,25007,683,825,91,75
52,1253,1421,Shia001432Vols,26057,1009,1174,126,94
52,1253,1436,Shia001432Vols,26397,332,506,105,61
52,1309,1421,Shia001432Vols,33084,1325,1434,83,93
52,1253,1421,Shia001122Vols,883,62,227,121,89
52,1253,1421,Shia001138BK2,87,315,480,126,94
52,1253,1391,Shia001299,52,1360,1494,97,87
52,100,571,Shamela0009107,400,4,461,280,64
52,32,409,Masaha003390Vols,89,768,1177,174,41
52,138,571,ShamAY0033926,128,14,349,209,58
52,1253,1421,Masaha000001Vols,896,409,572,119,87
52,1253,1421,Shia001615Vols,773,178,344,120,88
52,1256,1426,Shia003707Vols,653,50,224,116,82
52,1,571,Shia003732Vols,2780,432,1020,390,79
52,1,571,JK006801,209,673,1269,351,63
52,106,576,Shamela0012862,918,1,446,216,43
52,1253,1421,Shia000806Vols,569,844,1011,121,88
52,1,571,Shia001975,37,497,1077,360,67
52,1,571,Shamela0001733,3577,912,1440,333,66
52,85,581,Shamela0010646,1794,12,705,280,47
52,1,571,Shamela0021765,616,457,1039,354,65
52,4,571,Shamela0021765,975,125,648,309,60
52,4,571,JK009408,1727,719,1231,304,60
52,1253,1421,Shia001187Vols,4368,603,770,121,88
52,1253,1460,Shia001187Vols,4440,702,908,135,80
52,1253,1426,Shia001138BK1,175,155,327,123,88
52,1256,1426,Masaha002855,50,723,898,113,79
52,4,571,Sham19Y0037618,1580,899,1432,305,59
52,1,571,Sham19Y0037618,1766,49,645,352,63
52,1253,1436,Shia002165,44,1188,1368,132,89
53,1,254,Shamela0006610,1025,1086,1332,154,63
53,1,249,Shia001334,482,709,963,187,84
53,533,711,Shamela0023788,367,314,492,148,98
53,1,249,Shia002265Vols,3477,994,1229,153,66
53,1,249,Sham19Y0017878,119,808,1043,153,66
53,1,259,Sham19Y0017878,260,143,395,155,63
53,1,249,Shamela0001975,108,879,1114,153,66
53,1,243,Shamela0003055,1773,824,1077,151,66
53,533,711,Shia002185Vols,1322,1335,1513,151,100
53,1,249,ShamAY0033760,706,290,525,153,66
53,1,160,Shamela0010614,330,1302,1462,130,98
53,278,461,Shamela0010614,431,282,447,132,88
53,1,243,Shamela0025800,2920,1008,1238,154,69
53,1,249,Shamela0008176,6753,232,467,153,66
53,7,249,Zaydiyya0000342,972,751,991,157,66
53,533,711,Sham19Y0036072,97,231,409,151,100
53,1,249,Shamela0026884,369,1109,1348,159,68
53,533,711,Shia001155,79,381,559,151,100
53,1,249,Sham19Y0127677,247,1016,1254,156,66
53,810,975,Sham19Y0127677,961,313,574,121,59
53,1,249,Shamela0000432,4672,460,685,145,62
53,461,711,Masaha003492Vols,953,1081,1283,163,76
53,1,249,Shamela0021659,192,659,894,153,66
53,1,249,Shamela0001438,495,470,705,153,66
53,1,249,JK001293BK1,1250,377,615,156,66
53,1,249,Shamela0000782,749,475,710,153,66
53,1,249,Shamela0000655,62,977,1205,155,68
53,1,249,Shia002034Vols,169,722,923,118,51
53,1,249,Sham19Y0122096,512,571,806,153,66
53,1,249,Sham19Y0036571,82,862,1097,153,66
53,1,249,JK007063,122,151,384,154,67
53,1,249,Shamela0004445,6786,824,1058,155,70
53,1,249,Sham19Y0013223,884,629,864,153,66
53,1,249,Sham19Y0013223,1088,1258,1492,155,70
53,1,249,Shia001432Vols,1727,1124,1377,188,84
53,1,259,Shia001432Vols,26078,1179,1438,205,95
53,791,992,Shamela0010512,166,391,523,91,54
53,1,249,Sham19Y0014592,2838,216,450,155,67
53,1,249,Shamela0037886,11,543,777,155,70
53,1,266,Shia001383,72,635,907,137,51
53,1,249,Sham19Y0018285,407,1128,1374,191,92
53,456,711,Shamela0008505,1,850,1062,166,74
53,791,1000,Shamela0008505,32,1167,1382,156,92
53,1,249,Shamela0013034,78,1089,1331,159,67
53,1,249,ShamAY0035035,5185,340,571,156,71
53,1,249,Shia002261Vols,35,559,794,153,66
53,1,249,Shia003101Vols,442,896,1137,149,63
53,1,249,Shamela0011818,21,831,1065,155,70
53,61,259,Shia001153,38,1,200,157,94
53,791,955,Sham19Y0018279,5,981,1211,115,60
53,810,947,Shamela0010646,21,1146,1389,91,47
53,1,249,Shamela0021537,5832,1269,1504,153,66
53,533,690,JK001224,33,1405,1561,131,99
53,1,249,Shamela0021629,468,702,949,153,63
53,1,249,Shamela0021629,737,409,644,153,66
53,461,975,Shamela0009100,47,1264,1568,227,53
53,533,690,Sham19Y0014469,138,656,777,72,56
53,1,249,Sham19Y0127668,131,1256,1487,155,70
53,810,947,JK000022,1014,426,690,93,45
53,533,810,Sham19Y0013301,439,1193,1449,171,70
53,1,243,Shamela0006947,5896,384,615,153,68
53,1,249,Shamela0006947,12137,806,1059,157,64
53,1,249,Shamela0005923,177,676,910,155,67
53,1,249,Shamela0036558,386,691,925,155,67
53,1,254,Shamela0021766,3476,123,367,157,68
53,1,259,Shia001171,542,723,983,128,49
53,1,249,Shamela0012884,1727,129,374,162,67
53,1149,1320,Shia002165,6,672,842,131,94
53,1,249,Shamela0008230,2,572,817,162,67
54,754,1162,Shia002616Vols,5535,803,1180,227,62
54,761,1162,Shia001782Vols,3436,237,600,208,57
54,610,754,JK001493,276,781,900,89,79
54,606,754,Shia002185Vols,3341,475,616,110,95
54,601,1271,Shia004021,223,14,262,176,32
54,774,1162,Shia004092Vols,8677,936,1304,196,54
54,758,1157,Shia002034Vols,936,243,580,198,55
54,761,1108,Masaha002310,103,1184,1484,207,66
54,783,1157,JK009396,1393,1,344,206,61
54,587,754,JK009288,912,962,1122,124,94
54,761,1157,JK009288,998,297,772,299,75
54,774,1162,Rafed0002654Vols,8696,940,1306,196,54
54,389,1295,Shia002165,6,916,1467,272,33
55,907,1088,JK009288,781,1,216,144,83
56,1267,1520,Shamela0023788,367,638,910,92,30
56,1235,1503,JK000676,208,1,308,147,54
56,1228,1524,Shamela0030586,17,1,320,174,61
56,1215,1520,Zaydiyya0000133,144,1014,1356,181,62
56,1354,1484,Shia002185Vols,98,653,860,91,57
56,1224,1520,Shia001137,99,237,547,168,62
56,1224,1497,Shia001134,27,1121,1426,170,67
56,1224,1524,Zaydiyya0000341,5,8,323,153,55
56,1228,1524,Sham19Y0020762,970,327,677,169,53
56,1224,1520,Shia001432Vols,24080,873,1200,184,67
56,1305,1520,Shia001432Vols,26046,5,218,152,87
56,1215,1524,Shia001432Vols,26092,1065,1392,169,56
56,1215,1520,Shamela0012882,2,440,749,161,56
56,1267,1520,Shia001148,247,42,320,161,69
56,287,511,JK009288,791,470,1143,168,30
56,553,675,JK009288,793,376,693,100,38
56,1224,1524,JK009288,804,615,913,211,90
56,1267,1524,JK009237,6056,556,781,139,69
56,1215,1524,eScr20120309,257,112,411,154,56
57,578,1107,Shamela0006060,1174,602,1117,325,69
57,869,1067,JK000021,1030,353,562,128,74
57,562,1102,JK000021,2899,220,749,356,72
57,578,1102,Sham19Y0020986,62,118,627,356,83
57,675,1008,Shamela0012981,1564,1,318,193,67
57,646,836,JK001297,316,734,934,148,90
57,869,1067,Shia001334,502,940,1128,124,72
57,568,1102,Zaydiyya0000013,33,205,746,310,59
57,5,122,Zaydiyya0000013,137,1433,1549,90,99
57,562,1102,Rafed0003896Vols,262,830,1324,342,78
57,562,785,Shamela0036357,1935,1294,1499,159,87
57,568,1053,Shia002103Vols,152,963,1419,258,58
57,646,757,Shamela0023788,519,426,536,88,99
57,836,1107,JK010552,486,1,316,181,67
57,635,858,Shia002265Vols,5293,1357,1542,135,74
57,882,1067,Shia002265Vols,5294,8,217,133,78
57,630,1102,Shia002265Vols,5359,342,828,270,56
57,558,1067,Shia002265Vols,5369,590,1046,308,70
57,680,1102,Sham19Y0017807,39,90,493,271,70
57,635,1047,JK009390,1029,1056,1491,240,56
57,562,1067,JK009390,6220,163,614,307,71
57,869,1067,ShamIbadiyya0000109,7245,119,317,127,74
57,1,271,JK000676,208,294,539,174,85
57,635,869,Shamela0009768,169,507,769,186,87
57,562,956,Shamela0026474,8,839,1247,268,76
57,558,1074,Shia001782Vols,3676,553,1349,367,56
57,573,1107,JK001493,283,349,811,335,74
57,1,247,Shamela0030586,17,320,582,171,86
57,568,1102,Shia002337Vols,444,692,1299,289,53
57,5,113,Zaydiyya0000133,144,1361,1468,82,99
57,113,247,Zaydiyya0000133,145,1,155,90,77
57,558,1059,Shamela0000482,173,1100,1594,373,88
57,836,1107,Shamela0000482,367,1032,1303,187,76
57,15,247,Shia002185Vols,98,860,1074,164,92
57,1366,1530,Shia002185Vols,2108,1227,1407,130,90
57,1385,1530,Shia002185Vols,3840,71,231,115,88
57,646,1107,Shia002185Vols,3859,1139,1485,223,54
57,20,172,ShamAY0033760,409,1292,1444,116,100
57,680,836,Masaha001028,98,442,632,125,80
57,680,836,Masaha001028,173,309,499,125,80
57,836,1102,Shamela0021550,21,1128,1395,181,76
57,5,271,Shia001137,99,552,811,187,92
57,562,890,JK000916,21358,1168,1497,249,89
57,869,1067,JK000916,24842,554,764,133,77
57,680,836,Shia000047,109,837,1028,125,79
57,5,271,Shia001134,28,28,287,188,92
57,568,1102,Shamela0006025,520,626,1025,238,52
57,562,1102,Zaydiyya0000341,4,1162,1668,347,74
57,1,247,Zaydiyya0000341,5,323,587,176,87
57,869,1067,Shamela0021809,756,570,769,133,81
57,562,905,JK000624,118,1120,1450,218,74
57,869,1067,JK000624,363,783,993,132,76
57,558,869,Shamela0021660,3394,278,526,184,72
57,1,257,Sham19Y0020762,970,677,944,175,84
57,869,1067,Shamela0026884,185,443,653,133,77
57,558,1008,ShamAY0033053,531,176,621,280,73
57,635,858,Sham19Y0127677,1011,1266,1451,137,75
57,869,1067,Sham19Y0127677,1012,35,256,139,77
57,568,1102,Sham19Y0127677,3732,581,1125,303,57
57,558,1067,Sham19Y0127677,4359,600,1073,324,74
57,568,1067,ShamAY0034123,152,293,811,316,67
57,562,956,ShamAY0032757,3,34,397,240,67
57,562,1102,Shamela0010798,1718,440,954,355,76
57,635,1067,Shamela0001438,1818,752,1219,273,66
57,568,1102,Shamela0001438,5679,389,938,301,57
57,558,1067,Shamela0001438,6200,361,834,322,74
57,869,1067,Shia004021,148,614,803,125,72
57,562,1102,Shia004021,247,765,1246,342,75
57,1,262,Shia004021,248,46,350,179,76
57,558,785,JK001293BK1,1465,320,530,162,87
57,558,704,JK001293BK1,1656,491,637,105,81
57,772,1102,Shamela0026803,165,1,350,244,84
57,562,1107,Shamela0007351,517,112,637,358,72
57,836,1074,Shamela0025791,684,933,1193,135,60
57,1,247,Shia004695Vols,1307,1189,1428,169,86
57,869,1074,Sham19Y0013223,1052,299,502,128,72
57,1366,1530,Sham19Y0016759,64,1278,1477,127,79
57,646,845,Shia001432Vols,1564,1027,1215,136,81
57,1,247,Shia001432Vols,1970,97,342,183,97
57,1361,1530,Shia001432Vols,23625,748,925,124,82
57,5,247,Shia001432Vols,24080,1205,1446,183,98
57,869,1067,Shia001432Vols,26032,158,347,126,73
57,5,271,Shia001432Vols,26046,223,482,188,92
57,558,1102,Shia001432Vols,26092,563,1049,337,73
57,99,262,Shia001432Vols,26093,1,204,105,68
57,646,1102,Shia001432Vols,26235,343,835,261,59
57,630,947,Shia001432Vols,27229,392,1017,219,43
57,562,1102,ShamAY0033551,36,1020,1480,286,59
57,1361,1530,Shia20200618,216,212,389,124,82
57,562,797,JK007082,256,1248,1482,191,99
57,630,887,Shia003636Vols,2037,1065,1307,185,89
57,661,1107,Shia001107Vols,433,1222,1558,194,47
57,680,1107,Shamela0012738,196,529,926,250,63
57,20,247,Masaha000554Vols,590,825,1086,154,73
57,562,803,Sham19Y0148529,288,118,327,159,80
57,836,1102,Sham19Y0038171,224,209,456,183,83
57,836,1102,Sham19Y0038171,225,108,545,87,18
57,869,1074,JK001412,276,1098,1302,127,71
57,562,845,JK005005,779,778,1009,142,54
57,562,1067,Shamela0003118,6145,68,534,323,75
57,869,1067,Shamela0003118,7151,212,422,133,77
57,518,947,Shia001237Vols,433,182,993,255,38
57,562,900,Shamela0012882,1,1218,1544,239,85
57,5,247,Shamela0012882,2,754,1010,167,83
57,568,836,Shia002389Vols,1797,382,699,172,65
57,562,1102,Shamela0012750,545,757,1272,357,77
57,562,990,Shamela0023764BK3,808,1341,1562,145,40
57,562,947,ShamAY0034138,809,1174,1525,249,72
57,5,271,Shia001148,247,325,583,187,92
57,578,1107,Shamela0030731,15,807,1119,193,44
57,20,176,Shamela0022797,701,767,894,97,80
57,558,1102,Shamela0000765,97,931,1429,382,86
57,562,1102,Zaydiyya0000272,1728,553,1083,362,77
57,568,1168,Zaydiyya0000004,655,613,1204,324,55
57,869,1067,Sham19Y0148486,2483,1089,1299,130,75
57,578,1095,Shia001156,59,1007,1434,219,45
57,562,1168,Shamela0009096,12,547,1094,392,79
57,562,1102,Shia003101Vols,78,269,797,363,74
57,558,845,Shamela0012862,803,1199,1489,213,90
57,869,1067,Shia000806Vols,122,812,1000,125,72
57,1,247,Shia004042Vols,32,22,261,176,93
57,836,1102,JK000001,151,637,906,185,77
57,869,1067,Shamela0001733,1035,968,1167,133,81
57,558,1102,Shamela0010646,22,834,1378,438,98
57,1385,1530,Shamela0010646,195,923,1084,115,88
57,869,1067,Shia001340,414,210,396,125,73
57,1366,1530,JK009288,5,795,975,132,91
57,1,247,JK009288,804,913,1147,179,95
57,558,1107,JK009288,873,583,1130,439,98
57,1156,1341,JK009288,918,465,613,106,70
57,578,933,Shamela0009429,159,1130,1462,237,78
57,890,1102,Shia002294Vols,497,482,991,76,15
57,869,1027,Shamela0021629,132,1370,1528,95,68
57,869,1067,Sham19Y0146127,1304,876,1086,130,75
57,562,1008,Shamela0010906,4663,205,654,286,73
57,582,1102,JK009365,512,582,1061,316,68
57,582,1107,JK009365,544,664,1147,316,68
57,646,803,Rafed0001617Vols,228,1433,1588,123,96
57,869,1059,JK009408,845,1292,1469,124,80
57,558,1102,JK005004,907,123,599,314,63
57,836,1107,ShamIbadiyya0000942,111,16,289,186,76
57,836,1102,ShamIbadiyya0000942,166,685,950,169,72
57,568,1102,JK000022,998,724,1248,291,56
57,1,286,JK009237,6056,781,1110,199,78
57,630,1102,Sham19Y0014283,15,8,495,282,59
57,680,1102,Shia001414,176,510,914,265,69
57,635,1107,Shamela0006947,12721,817,1298,269,56
57,1,271,eScr20120309,257,411,792,175,59
57,1,271,Shia001171,544,1067,1329,187,91
57,646,845,Shia001171,548,364,551,133,80
57,1,271,Tafsir04040,1117,978,1241,188,91
57,562,1102,Shamela0012579,360,533,1057,357,73
57,558,1008,Shamela0012579,2673,450,932,290,66
57,1,266,Rafed0003799Vols,1322,504,790,189,83
58,1077,1293,Shamela0013027,79,1248,1503,139,61
58,1293,1580,Shamela0013027,80,1,356,212,72
58,1033,1268,JK001293BK2,136,1087,1310,161,84
58,312,431,JK001297,360,628,745,96,98
58,1077,1499,Shamela0038194,94,991,1491,290,67
58,1036,1499,Rafed0003896Vols,144,1165,1599,327,82
58,1094,1563,Shamela0023789,906,69,507,160,31
58,259,431,ShamAY0033731,55,1006,1175,120,82
58,1082,1580,Shia002265Vols,5288,208,750,386,86
58,1106,1580,Shia002265Vols,5293,1,497,377,92
58,1050,1259,JK009390,441,1288,1491,150,85
58,1259,1580,JK009390,442,1,341,245,87
58,1082,1580,JK009390,1032,160,690,392,90
58,1077,1580,JK009390,7022,192,780,355,71
58,1082,1469,Shamela0001975,202,1111,1505,313,97
58,1145,1580,Shia002337Vols,281,1,454,335,89
58,294,431,Shamela0000482,1115,1286,1427,111,95
58,100,251,Shia002185Vols,2109,1,151,122,98
58,11,193,Shia002185Vols,3840,243,434,145,90
58,1036,1580,Sham19Y0122397,302,527,1223,415,73
58,1077,1580,JK000916,12537,70,681,344,65
58,1205,1580,JK000916,12539,1,421,270,75
58,1036,1580,JK000916,20168,292,856,335,62
58,1082,1580,Masaha001864Vols,361,7,531,385,88
58,276,431,Shamela0005675,18,420,568,112,86
58,1077,1404,Shamela0008206,55,1009,1359,209,69
58,1094,1309,JK011496,33,342,557,164,93
58,1082,1580,JK006838,1158,459,981,394,92
58,1082,1317,Rafed0000185Vols,886,553,800,188,92
58,1082,1580,Shamela0009918,1205,282,823,388,87
58,1094,1465,Sham19Y0023644,2020,1200,1445,144,42
58,1077,1544,JK000786,3676,972,1527,320,69
58,1012,1580,Shamela0026884,374,622,1239,448,89
58,1082,1580,Sham19Y0127677,463,23,546,390,90
58,1082,1580,Sham19Y0127677,1016,364,893,392,90
58,1077,1580,Sham19Y0127677,5074,954,1537,344,69
58,1082,1554,Shamela0021659,358,1007,1507,371,90
58,1036,1580,Sham19Y0009800,1072,399,1034,410,78
58,1082,1580,Shamela0001438,1810,211,738,394,91
58,1077,1580,Shamela0001438,7060,476,1058,347,70
58,1082,1580,Shamela0001438,7972,420,956,386,87
58,1082,1580,Sham19Y0122096,962,63,580,390,91
58,1036,1511,Shamela0004445,2073,873,1465,370,76
58,294,431,Zaydiyya0000328,402,1145,1287,109,93
58,1189,1580,Shia001432Vols,8733,1,418,304,89
58,1,193,Shia001432Vols,23625,925,1114,153,96
58,294,431,Shia001432Vols,25311,1084,1221,109,97
58,294,431,Shia001432Vols,25453,678,814,108,96
58,1046,1299,Shia001432Vols,26063,1196,1519,186,70
58,1299,1580,Shia001432Vols,26064,1,312,216,87
58,283,441,Shia001432Vols,26080,1085,1242,117,90
58,1,193,Shia20200618,216,389,578,153,96
58,1155,1580,ShamAY0034441,397,1,454,329,88
58,1094,1499,Shia003636Vols,844,1086,1517,321,90
58,1,193,Shia001107Vols,432,1091,1280,153,96
58,298,431,Shia001142Vols,27,53,177,100,92
58,1094,1580,JK000060,125,483,1092,232,36
58,259,431,Shamela0004473,6723,349,508,117,82
58,1036,1465,Shamela0004473,8372,1054,1505,337,92
58,1077,1580,Shamela0003118,3780,680,1232,323,65
58,1036,1384,Shamela0003118,5832,1138,1481,182,49
58,1384,1580,Shamela0003118,5833,1,225,152,85
58,1012,1580,JK001095,3,6,629,447,87
58,294,431,Shia000277Vols,3751,6,142,108,96
58,312,431,Shia000277Vols,3878,1198,1315,96,98
58,1036,1580,Shamela0021713,915,370,1027,423,79
58,1055,1268,Shamela0005847,139,1,204,146,84
58,294,431,Shia002389Vols,2734,82,218,108,96
58,1012,1580,Shamela0012750,289,202,842,433,80
58,1082,1580,Shamela0023680,758,564,1100,379,84
58,1094,1404,Shamela0037325,96,4,335,205,71
58,1041,1580,ShamAY0032826,235,686,1217,388,84
58,1163,1580,ShamAY0032826,237,1,424,316,87
58,1022,1299,Sham19Y0123665,622,1240,1568,179,65
58,1299,1580,Sham19Y0123665,623,1,337,207,73
58,1022,1370,Shamela0026566,143,1108,1503,245,73
58,1370,1580,Shamela0026566,144,1,266,155,70
58,294,431,Shia002943,192,681,818,109,97
58,294,431,Shia001615Vols,3595,910,1046,108,96
58,1189,1580,JK000728,160,1,440,272,71
58,294,431,Shia000234Vols,3766,1,137,107,94
58,256,431,Shia000234Vols,3778,883,1075,112,62
58,1033,1309,Shia003732Vols,2357,1100,1437,214,76
58,1309,1580,Shia003732Vols,2358,1,276,191,79
58,1082,1580,Shia002261Vols,75,591,1123,390,89
58,1036,1580,Shia002406Vols,1794,923,1545,419,82
58,1036,1580,Shia002406Vols,3598,55,637,401,84
58,1012,1228,Shamela0007435,129,676,901,175,96
58,1005,1499,Shamela0007435,817,626,1140,360,80
58,1077,1365,JK006801,729,1127,1492,192,62
58,1365,1580,JK006801,730,1,290,160,67
58,1012,1580,Shamela0029702,11,132,783,441,83
58,1046,1563,JK000946,45,767,1346,354,72
58,1094,1495,Shamela0010646,71,513,902,260,71
58,1,419,Shamela0010646,195,1084,1536,302,74
58,1,312,JK009288,5,975,1254,220,85
58,294,431,JK009288,60,1056,1193,111,98
58,436,560,JK009288,92,1319,1489,93,68
58,1046,1317,JK009288,678,1261,1544,167,64
58,1329,1563,JK009288,679,7,256,154,70
58,690,994,Masaha002979Vols,923,626,1172,102,18
58,294,431,Zaydiyya0000121,4,1288,1430,110,94
58,1077,1532,Shamela0021765,2569,951,1522,319,66
58,298,448,Shia001268,64,540,706,111,78
58,294,452,Shia002382Vols,1707,118,310,119,75
58,1,193,Rafed0001617Vols,228,269,472,153,89
58,294,431,Shia001187Vols,7275,510,647,109,97
58,1077,1580,ShamAY0032887,12,725,1310,345,69
58,1094,1580,JK000022,141,719,1352,229,34
58,259,431,Shia002158,83,332,496,114,79
58,1082,1580,Shamela0006947,12719,1155,1685,390,89
58,1094,1465,JK011358,39,1086,1460,260,79
58,1077,1580,Sham19Y0037618,4399,713,1368,352,64
58,1077,1580,Sham19Y0039268,488,568,1178,342,65
58,1036,1580,Shamela0012884,1480,420,1091,414,75
58,1082,1580,JK000216,132,60,577,390,91
58,1,312,Shia002165,7,101,441,229,81
58,1046,1580,Shia001300,299,721,1342,397,78
58,1094,1499,Shamela0012031,150,946,1282,171,41
58,1046,1248,Sham19Y0014328,96,1376,1553,145,87
58,1248,1580,Sham19Y0014328,97,1,356,253,87
59,1,602,Shamela0013027,80,356,1060,451,77
59,1,602,Shamela0038194,95,85,784,444,76
59,1,644,Rafed0003896Vols,145,74,826,494,79
59,1,703,Shia002265Vols,5288,750,1540,523,78
59,1,708,Shia002265Vols,5293,497,1236,476,72
59,1,708,JK009390,442,341,1177,542,79
59,1,708,JK009390,1032,690,1494,534,80
59,1,602,JK009390,7022,780,1489,443,75
59,1,708,Shamela0001975,203,130,966,542,79
59,1,735,Shia002337Vols,281,454,1315,536,76
59,1,292,Sham19Y0122397,302,1223,1529,229,90
59,296,708,Sham19Y0122397,303,1,563,303,66
59,20,564,Shamela0010614,233,176,477,153,29
59,1,602,JK000916,12537,681,1443,448,71
59,1,644,JK000916,12539,421,1168,444,67
59,1,602,JK000916,20168,856,1504,456,86
59,1,735,Masaha001864Vols,361,531,1340,551,82
59,15,644,Shia001134,448,924,1545,145,19
59,1,521,JK006838,1158,981,1539,409,89
59,521,708,JK006838,1159,1,277,134,60
59,1,639,Shamela0009918,1205,823,1582,487,78
59,15,384,Sham19Y0023644,2021,56,521,180,39
59,1,602,JK000786,3677,34,738,452,77
59,1,300,Shamela0026884,374,1239,1511,216,86
59,300,678,Shamela0026884,375,1,421,245,65
59,1,708,Sham19Y0127677,463,546,1382,542,79
59,1,644,Sham19Y0127677,1016,893,1538,464,84
59,15,639,Sham19Y0127677,5075,1,728,444,73
59,15,644,Shia001149Vols,1068,927,1557,156,25
59,1,708,Shamela0021659,359,24,860,542,79
59,1,564,Sham19Y0009800,1072,1034,1555,386,81
59,1,708,Shamela0001438,1810,738,1537,531,80
59,1,448,Shamela0001438,7060,1058,1574,346,81
59,1,571,Shamela0001438,7972,956,1560,447,90
59,1,708,Sham19Y0122096,962,580,1424,541,78
59,1,708,Shamela0004445,2074,74,912,536,77
59,1,735,Shia001432Vols,8733,418,1278,533,75
59,15,644,Shia001432Vols,26049,604,1231,145,19
59,1,708,Shia001432Vols,26064,312,1085,511,79
59,1,735,ShamAY0034441,397,454,1193,454,65
59,66,602,Shia003636Vols,845,1,429,291,63
59,15,598,JK000060,125,828,1198,180,32
59,1,322,Shamela0003118,3780,1232,1572,250,88
59,322,602,Shamela0003118,3781,1,377,197,64
59,1,708,Shamela0003118,5833,225,1056,543,80
59,1,708,JK001095,3,629,1446,559,83
59,1,539,Shamela0021713,915,1027,1531,363,77
59,1,593,Shamela0012750,289,842,1544,478,83
59,1,431,Shamela0023680,758,1100,1552,332,89
59,431,735,Shamela0023680,759,1,402,219,67
59,1,322,ShamAY0032826,235,1217,1529,240,87
59,353,633,ShamAY0032826,236,7,361,204,71
59,1,633,ShamAY0032826,237,424,1096,449,76
59,1,602,Sham19Y0123665,623,337,981,399,69
59,1,602,Shamela0026566,144,266,907,407,71
59,1,602,JK000728,160,440,1153,443,75
59,1,735,Shia003732Vols,2358,276,1151,541,74
59,1,384,Shia002261Vols,75,1123,1548,296,84
59,379,720,Shia002261Vols,76,1,512,247,60
59,8,712,Shia002406Vols,1795,1,805,521,77
59,1,708,Shia002406Vols,3598,637,1422,522,80
59,1,434,Shamela0007435,817,1153,1547,295,82
59,1,644,JK006801,730,290,1019,434,68
59,1,644,Shamela0029702,11,783,1532,505,82
59,210,743,JK000946,46,1,569,313,61
59,54,661,Shamela0010646,71,902,1469,298,50
59,1,521,JK009288,679,242,608,272,63
59,1,602,Shamela0021765,2570,38,748,443,75
59,1,210,ShamAY0032887,12,1310,1531,158,86
59,210,602,ShamAY0032887,13,1,485,282,71
59,15,598,JK000022,141,1087,1508,219,38
59,1,708,Shamela0006947,12720,1,824,540,79
59,1,602,JK011358,40,164,913,441,72
59,1,189,Sham19Y0037618,4399,1368,1564,141,86
59,192,644,Sham19Y0037618,4400,1,527,292,62
59,1,359,Sham19Y0039268,488,1178,1554,278,90
59,353,602,Sham19Y0039268,489,28,340,176,68
59,1,400,Shamela0012884,1480,1091,1512,308,88
59,404,708,Shamela0012884,1481,1,369,218,70
59,1,708,JK000216,132,577,1414,542,79
59,8,192,Shia001300,299,1348,1537,149,96
59,192,708,Shia001300,300,1,573,355,73
59,15,261,Shamela0012031,150,1308,1475,125,61
59,1,655,Sham19Y0014328,97,356,1002,409,68
60,1017,1139,Shamela0023789,331,139,283,81,75
60,347,559,ShamAY0036107,38,4,259,138,64
60,347,559,Zaydiyya0000352,49,953,1206,157,78
60,347,583,Shia001782Vols,1906,172,484,139,51
60,1017,1148,Shia002185Vols,3774,1237,1368,96,97
60,415,559,Shamela0025794,792,10,165,84,61
60,347,559,Shamela0025794,813,790,1043,147,72
60,347,583,Shamela0021635,68,826,1177,149,52
60,999,1143,Shamela0026102,23,595,799,107,69
60,365,583,Masaha001864Vols,4007,79,302,135,72
60,347,559,Shia001949,182,1119,1369,150,73
60,347,564,Shamela0008176,4942,50,310,139,64
60,359,559,Masaha002308Vols,273,1,227,136,70
60,1017,1143,Shamela0023700,2047,1196,1385,89,62
60,343,559,Shamela0023790,136,269,474,160,93
60,1017,1143,Shamela0023790,250,31,157,94,99
60,347,583,Sham19Y0122257,2323,287,615,150,54
60,347,583,ShamAY0033945,1365,697,922,142,72
60,347,534,Sham19Y0127677,9948,433,616,120,76
60,359,592,Shamela0012406,576,155,396,138,63
60,359,573,Shamela0001686,419,657,880,140,73
60,347,559,Shia001976Vols,1059,890,1132,137,67
60,351,583,Shamela0010283,3423,854,1206,151,52
60,347,559,Shamela0004445,1385,930,1152,128,61
60,373,559,Masaha002028Vols,986,1,203,129,73
60,347,583,Sham19Y0013614,573,818,1145,145,54
60,351,573,Sham19Y0014592,1214,116,387,149,68
60,347,559,Shamela0013066,144,370,630,139,66
60,347,559,Shamela0010803,151,325,602,132,57
60,365,559,Sham19Y0017063,935,797,1017,124,66
60,1017,1143,JK000533,2304,389,492,77,80
60,1004,1124,Shamela0009640,1,1318,1476,89,74
60,347,520,ShamAY0033926,182,1216,1429,121,70
60,347,583,ShamAY0034447,1109,862,1197,168,63
60,351,559,Shia003732Vols,1490,1247,1493,141,71
60,347,583,Sham19Y0014119,419,1013,1296,153,65
60,347,665,Shamela0010646,364,591,902,181,57
60,359,559,Shamela0007891,1793,1,235,129,65
60,347,573,Shamela0021765,2306,572,821,141,65
60,343,583,Zaydiyya0000259,80,1045,1375,170,66
60,347,559,Zaydiyya0000229,21,421,674,157,78
60,347,573,Shamela0009567,527,409,660,137,64
60,347,559,JK000022,2217,570,821,144,65
60,359,559,Sham19Y0014328,687,251,442,118,66
61,311,473,Shamela0026429,148,687,847,114,89
61,836,966,Shia001432Vols,22276,324,575,87,43
61,311,452,Shamela0023644,1403,1367,1516,96,79
61,311,577,Shia003732Vols,5420,1028,1366,141,52
61,311,577,ShamAY0033561,74,1155,1435,148,67
62,1200,1502,Shamela0006617,413,1065,1441,200,62
62,968,1502,Shamela0021477,253,750,1277,327,67
62,1118,1502,Sham19Y0122255,349,856,1245,203,57
62,979,1359,Shamela0036357,1807,1,269,151,46
62,968,1344,Rafed0001121,667,354,719,193,59
62,968,1502,Shamela0009229,516,879,1430,322,65
62,9,128,Zaydiyya0000361,958,278,381,72,78
62,1294,1512,Masaha001961Vols,736,1202,1478,173,76
62,1200,1502,Masaha002872,318,326,785,208,52
62,1196,1502,JK001324,223,1126,1446,195,66
62,1062,1337,JK005018,64,491,725,159,70
62,1196,1502,Shamela0023685,184,763,1087,196,68
62,1309,1512,Masaha001978Vols,297,731,978,145,66
62,1314,1502,Shamela0026568,159,1,200,139,80
62,968,1502,JK000916,20743,580,1116,362,77
62,9,133,ShamAY0032767,17,260,384,96,100
62,968,1502,Masaha002064Vols,80,744,1284,326,63
62,1294,1502,Shamela0010529,61,627,859,156,78
62,1294,1508,Shamela0008176,7768,49,289,160,77
62,9,128,Zaydiyya0000054,377,246,349,72,78
62,1062,1502,Shia004092Vols,2430,1,439,307,79
62,968,1344,Shia004092Vols,6241,857,1230,227,70
62,1200,1502,Shia004092Vols,6616,120,572,215,56
62,1294,1502,Shia004092Vols,6887,490,684,139,75
62,968,1486,Shia004092Vols,8503,876,1522,320,57
62,1059,1344,Shia004092Vols,8510,1,301,179,69
62,1170,1502,Shia004092Vols,9140,1,312,196,66
62,1181,1502,Shia004092Vols,12203,201,543,225,73
62,975,1255,Shia004092Vols,12209,6,246,157,71
62,975,1502,Shia004092Vols,12213,297,819,356,77
62,1271,1502,Shia004092Vols,12905,841,1059,151,75
62,968,1344,Shia001337Vols,584,999,1373,216,66
62,1294,1512,Shia001432Vols,3350,1216,1528,165,62
62,963,1502,Shia001432Vols,16174,576,1116,362,76
62,1002,1344,Shia003754Vols,249,563,926,206,67
62,1319,1502,Shia003754Vols,251,760,943,131,80
62,997,1502,Shia003754Vols,275,533,985,248,54
62,1319,1502,Shia003636Vols,881,55,259,145,82
62,1319,1502,Shia003636Vols,1110,312,516,145,82
62,1196,1502,Shamela0001001,25,72,522,222,58
62,1294,1502,Shamela0004473,8333,309,562,152,69
62,1021,1512,JK005005,404,109,563,297,68
62,975,1319,Shamela0003118,5978,1182,1485,211,76
62,1319,1502,Shamela0003118,5979,1,220,148,80
62,1309,1502,Shia001237Vols,3480,766,999,150,75
62,1319,1502,Shia002389Vols,2017,6,221,139,77
62,968,1512,ShamAY0034138,375,871,1403,333,68
62,1002,1502,ShamAY0032826,513,600,1020,280,63
62,968,1502,Shamela0012731,11,229,676,277,61
62,992,1502,Shia003707Vols,318,452,970,336,73
62,1190,1512,Shia003757,194,486,951,224,55
62,1002,1502,Shamela0008657,508,749,1263,247,45
62,958,1458,Masaha002310,102,1065,1490,273,66
62,968,1512,Masaha002473,156,959,1482,327,67
62,1075,1502,Shia003727Vols,160,15,453,257,61
62,9,128,Zaydiyya0000275BK1,986,1205,1308,72,78
62,968,1480,Masaha002880Vols,59,1050,1574,310,64
62,407,672,Shamela0010646,1354,84,366,209,91
62,968,1512,Shamela0010646,1365,923,1503,430,91
62,997,1502,Masaha003104,135,1,536,328,68
62,971,1502,Zaydiyya0000035,64,31,583,313,62
62,968,1415,Rafed0002654Vols,2328,1038,1498,295,75
62,1200,1502,Rafed0002654Vols,3944,54,423,208,65
62,968,1229,Rafed0002654Vols,6226,1311,1559,142,62
62,1200,1502,Rafed0002654Vols,6614,1048,1498,215,56
62,1294,1502,Rafed0002654Vols,6886,1160,1354,139,75
62,968,1309,Rafed0002654Vols,8521,1029,1496,189,48
62,1309,1502,Rafed0002654Vols,8522,1,213,141,76
62,971,1344,Rafed0002654Vols,8528,47,414,222,68
62,1319,1502,Rafed0002654Vols,9163,1,179,130,79
62,968,1502,Rafed0002654Vols,9203,643,1089,277,61
62,975,1255,Rafed0002654Vols,12546,1132,1372,157,71
62,1075,1502,Rafed0002654Vols,12551,1,442,314,82
62,968,1512,JK005004,426,18,490,305,64
62,1290,1512,JK005004,427,370,637,166,75
62,968,1512,ShamAY0032840,52,767,1302,335,68
62,968,1502,Shia003697,246,857,1398,360,77
62,1002,1508,Sham19Y0145166,581,1,466,256,53
62,1319,1502,Rafed0000609Vols,19,1388,1595,135,75
62,1294,1458,Shamela0000963,2122,398,614,120,64
62,1319,1502,Shamela0000963,2126,1262,1459,131,76
62,1294,1502,Sham19Y0013783,2176,234,524,163,67
62,1337,1512,Shia001171,176,1,189,140,89
62,968,1502,JK009332,11,161,608,277,61
63,273,857,Shamela0006617,941,71,556,261,49
63,1,214,Shamela0021477,253,1281,1488,152,84
63,214,865,Shamela0021477,254,1,692,391,66
63,1,190,Sham19Y0122255,349,1273,1565,129,53
63,190,857,Sham19Y0122255,350,1,522,302,53
63,94,363,Shamela0009229,517,1,306,191,77
63,263,818,Zaydiyya0000352,56,157,611,233,48
63,38,387,Masaha001961Vols,737,32,389,224,71
63,1,676,Masaha002872,318,813,1488,415,69
63,650,814,Masaha002872,319,273,443,107,74
63,49,857,JK001324,224,22,727,416,58
63,1,367,Shamela0023685,184,1115,1507,259,79
63,1,857,Shamela0026568,159,228,972,456,61
63,1,358,JK000916,20743,1120,1494,267,86
63,358,857,JK000916,20744,1,470,315,76
63,1,209,Masaha002064Vols,80,1295,1503,160,90
63,209,857,Masaha002064Vols,81,1,655,365,60
63,1,387,Shamela0010529,61,870,1213,232,72
63,1,397,Shia003729Vols,42,890,1297,253,73
63,1,923,Shamela0008176,7768,305,1183,519,60
63,528,857,Zaydiyya0000398,144,1,387,216,67
63,1,857,Shia004092Vols,2430,443,1178,454,63
63,1,600,Shia004092Vols,4006,165,783,289,52
63,512,857,Shia004092Vols,6615,1,331,228,77
63,1,851,Shia004092Vols,6616,600,1376,480,63
63,1,814,Shia004092Vols,6887,712,1386,373,51
63,524,919,Shia004092Vols,8503,1,351,196,56
63,1,844,Shia004092Vols,8504,62,1011,396,41
63,1,397,Shia004092Vols,9139,326,713,256,76
63,67,647,Shia004092Vols,9140,312,757,282,58
63,263,814,Shia004092Vols,9141,140,675,176,28
63,1,838,Shia004092Vols,12203,554,1557,494,54
63,273,919,Shia004092Vols,12210,422,951,284,51
63,1,635,Shia004092Vols,12213,823,1469,448,82
63,635,857,Shia004092Vols,12214,1,199,140,78
63,1,919,Shia004092Vols,12900,659,1507,354,37
63,1,484,Shia004092Vols,12905,1087,1533,298,72
63,1,367,Shia004092Vols,12908,193,596,250,73
63,139,351,Shia004092Vols,13076,1,237,145,71
63,1,312,Shamela0026803,165,913,1298,183,58
63,263,818,Zaydiyya0000328,263,1014,1433,224,46
63,512,857,Shia001337Vols,585,147,505,226,72
63,1,372,Shia001432Vols,16174,1120,1508,253,75
63,512,857,Shia003754Vols,249,1076,1423,229,76
63,1,476,Shia003754Vols,275,1013,1524,311,69
63,484,857,Shia003754Vols,276,18,416,203,54
63,1,857,Shamela0013035,625,263,1220,562,71
63,1,862,Shia003636Vols,881,263,895,383,49
63,1,862,Shia003636Vols,1110,520,950,290,41
63,1,857,Shamela0001001,25,550,1375,499,64
63,1,919,Shamela0004473,8333,590,1464,473,56
63,1,857,JK005005,404,563,1351,506,71
63,1,857,Shamela0003118,5979,224,1068,584,81
63,1,436,Shia001237Vols,3480,1003,1401,225,61
63,1,222,ShamAY0034138,374,1275,1509,159,79
63,218,851,ShamAY0034138,375,1,539,316,56
63,99,857,ShamAY0034138,376,1,794,470,70
63,1,484,ShamAY0032826,513,1031,1511,291,68
63,67,647,Shamela0012731,11,676,1121,283,58
63,1,543,Shia003707Vols,318,974,1499,327,71
63,551,919,Shia003707Vols,319,1,327,182,57
63,1,705,Shia003757,194,951,1514,325,54
63,209,851,Shamela0008657,509,1,571,342,59
63,554,919,Shamela0008657,509,947,1288,177,52
63,1,943,Masaha002310,103,73,1026,641,79
63,209,857,Masaha002473,157,1,764,396,62
63,1,919,Shia003727Vols,160,457,1513,553,61
63,1,857,Masaha002880Vols,60,40,944,522,67
63,94,862,Shamela0010646,1366,1,801,585,90
63,263,919,Shia001340,166,173,696,296,51
63,1,363,Zaydiyya0000035,64,594,945,229,69
63,1,857,Rafed0002654Vols,2329,104,980,474,59
63,1,397,Rafed0002654Vols,3944,451,888,242,68
63,316,705,Rafed0002654Vols,3955,195,528,180,51
63,512,857,Rafed0002654Vols,6227,267,598,226,77
63,512,857,Rafed0002654Vols,6613,979,1310,226,77
63,38,851,Rafed0002654Vols,6615,1,741,452,62
63,287,814,Rafed0002654Vols,6887,1,458,225,45
63,316,919,Rafed0002654Vols,8521,4,506,240,42
63,1,844,Rafed0002654Vols,8522,241,1190,396,41
63,1,919,Rafed0002654Vols,9158,706,1444,355,41
63,1,919,Rafed0002654Vols,9163,207,1035,465,56
63,1,367,Rafed0002654Vols,9165,793,1198,250,73
63,1,397,Rafed0002654Vols,9202,1124,1516,258,76
63,67,647,Rafed0002654Vols,9203,1089,1534,282,58
63,263,814,Rafed0002654Vols,9204,898,1438,179,29
63,1,351,Rafed0002654Vols,11236,921,1286,238,75
63,1,367,Rafed0002654Vols,11760,424,788,224,68
63,1,857,Rafed0002654Vols,12541,293,1315,509,55
63,273,919,Rafed0002654Vols,12548,34,574,278,48
63,1,857,Rafed0002654Vols,12551,446,1294,590,81
63,1,857,JK005004,426,490,1296,518,72
63,1,851,JK005004,427,637,1340,442,59
63,222,857,ShamAY0032840,53,6,593,355,66
63,1,676,Shia001349Vols,944,197,440,179,32
63,112,857,Shia003697,247,1,737,408,59
63,1,857,Sham19Y0145166,581,512,1411,449,52
63,38,814,Rafed0000609Vols,20,1,855,368,45
63,1,397,Sham19Y0013783,2176,552,968,254,71
63,1,367,Shamela0028168,746,1190,1542,223,69
63,1,814,Shia001171,176,189,983,583,87
63,67,647,JK009332,11,608,1053,283,58
64,736,1131,Shia004021,223,1000,1356,119,26
64,1138,1274,JK001293BK1,228,652,786,96,91
64,1126,1274,Shamela0007351,365,351,495,101,88
64,736,1131,Shia001432Vols,26090,614,1015,122,25
64,1126,1274,Shia003101Vols,155,369,510,99,86
64,460,611,Shamela0010646,1740,1,163,120,92
64,308,426,Shamela0009231,547,973,1093,89,90
64,437,675,JK006919,118,1158,1481,166,65
64,1138,1270,JK006919,399,616,755,102,93
65,1176,1383,Shamela0030623Vols,63,458,655,129,74
65,1213,1356,Shia002265Vols,5422,422,553,93,77
65,358,531,Sham19Y0020762,1126,1159,1345,128,87
65,1213,1356,Sham19Y0127677,4027,1195,1343,107,88
65,1179,1356,Sham19Y0013577,7410,174,317,104,76
65,1213,1356,Shamela0001438,5928,657,805,107,88
65,353,573,Shamela0010283,609,947,1189,162,84
65,358,476,Shamela0001399,15,894,1018,92,95
65,1176,1356,Sham19Y0123608,742,1154,1305,106,75
65,1213,1356,Shamela0012749,28,844,998,111,92
65,353,531,JK001336,227,907,1102,125,82
65,1213,1356,Sham19Y0017747,1265,58,186,92,83
65,1176,1366,ShamAY0034447,1862,370,577,137,83
65,1176,1373,Shamela0005922,2022,366,562,116,69
65,353,573,Shamela0010646,1839,1223,1493,161,76
65,211,346,JK006919,277,1145,1279,80,64
65,353,542,JK006919,490,877,1055,126,82
66,506,665,Shamela0030623Vols,137,1005,1158,117,94
66,506,665,Shamela0030623Vols,244,1026,1178,114,92
66,506,665,Shamela0012981,2137,532,684,114,92
66,1211,1468,JK011068,160,1213,1483,155,66
66,936,1465,Shamela0023789,850,269,808,406,93
66,936,1268,JK001286,53,125,422,211,76
66,1237,1468,Shamela0036578,53,473,727,149,69
66,950,1468,Shamela9007669,705,95,612,394,92
66,1067,1468,Shia002185Vols,97,1,420,315,94
66,1211,1468,Shamela0009770,651,258,535,157,67
66,1211,1468,Shamela0009783BK1,1121,169,440,157,68
66,950,1465,Shamela0010614,220,283,800,395,92
66,506,677,Zaydiyya0000342,815,902,1070,117,86
66,506,665,JK000624,231,815,969,75,58
66,1336,1468,Rafed0000185Vols,939,846,1192,75,24
66,1174,1468,Zaydiyya0000025,110,585,875,206,87
66,950,1259,Shamela0000432,2530,1299,1587,223,90
66,1259,1465,Shamela0000432,2531,1,219,161,92
66,1237,1468,Sham19Y0009800,1207,813,1063,148,66
66,1211,1468,Shamela0010283,3683,830,1107,157,67
66,1237,1465,Shia004456Vols,350,4,243,178,92
66,1333,1468,Sham19Y0014325,3559,1016,1164,106,89
66,1237,1410,Shia002702Vols,2542,42,214,116,77
66,936,1465,ShamAY0000443,6216,227,746,392,89
66,1211,1468,Shamela0012935,367,840,1117,156,67
66,1211,1468,Masaha002028Vols,1768,324,601,157,67
66,936,1468,Shia001432Vols,25938,627,1173,420,96
66,1229,1410,Shamela0013035,656,1050,1391,112,41
66,950,1465,Shia003636Vols,846,749,1259,385,90
66,506,665,ShamAY0032809,4,162,321,122,98
66,1237,1468,Shamela0023680,830,58,594,134,29
66,1211,1468,ShamAY0034447,1311,261,487,137,67
66,1237,1468,ShamAY0034447,1314,387,651,144,63
66,1047,1468,Shia001153,25,1,426,326,97
66,1211,1468,Shamela0001515,399,1218,1488,156,68
66,930,1468,Shamela0010646,1354,348,827,361,79
66,1015,1468,ShamAY0034443,190,1,457,342,91
66,60,405,JK009288,811,703,1042,256,93
66,506,665,ShamAY0035223,3,1145,1304,122,98
66,1229,1468,ShamAY0034249,3279,1104,1356,188,94
66,950,1468,ShamAY0034249,7355,579,1152,406,88
66,1211,1468,Shamela0012320,1181,899,1169,156,68
66,1211,1468,Sham19Y0145435,365,24,295,157,68
66,1211,1468,Shamela0023833,876,1166,1443,157,67
67,748,1142,Zaydiyya0000463,7,386,786,314,93
67,790,958,Shia000043Vols,957,281,459,135,92
67,1,703,Shamela0023789,850,813,1527,560,96
67,703,1574,Shamela0023789,851,1,924,675,88
67,8,541,Shamela0030592Vols,78,981,1490,238,44
67,14,500,JK000911,614,1044,1459,241,53
67,1,990,Shamela9007669,705,612,1533,711,85
67,990,1574,Shamela9007669,706,1,614,447,89
67,42,1158,Shamela0010437,148,17,996,583,56
67,1359,1522,Shamela0010437,149,1059,1208,86,57
67,1,1211,Shia002185Vols,97,420,1572,903,89
67,1215,1574,Shia002185Vols,98,1,347,263,89
67,279,935,Shamela0009770,651,815,1499,432,68
67,1,1084,Shamela0009783BK1,1121,440,1531,628,58
67,500,1053,Shamela0025794,3862,997,1354,178,38
67,1,680,Shamela0010614,220,805,1516,539,93
67,680,1574,Shamela0010614,221,1,967,706,90
67,392,1040,Masaha001864Vols,407,785,1505,459,71
67,392,762,Shamela0010695,164,767,1109,241,73
67,1142,1522,Zaydiyya0000142,2048,801,1256,299,82
67,1,725,JK000917,803,104,738,329,46
67,437,1219,Rafed0000185Vols,940,1,896,461,54
67,1,623,Zaydiyya0000025,110,875,1505,494,96
67,623,1574,Zaydiyya0000025,111,1,916,703,88
67,500,641,Sham19Y0127677,2550,1312,1452,110,93
67,1,1279,Shamela0000432,2531,224,1568,1005,91
67,1279,1574,Shamela0000432,2532,1,323,230,89
67,560,725,Sham19Y0009800,143,250,556,114,46
67,449,1227,Sham19Y0009800,1208,1,878,454,53
67,120,1048,Shamela0001438,4148,89,581,201,26
67,370,1227,Shamela0010283,3684,8,971,507,54
67,1,1297,Shia004456Vols,350,248,1571,1012,93
67,1297,1574,Shia004456Vols,351,1,289,217,93
67,288,392,Rafed0002905Vols,4672,1166,1292,81,81
67,748,1147,Shia003656Vols,82,517,878,278,81
67,1,753,ShamAY0000443,6216,751,1519,593,94
67,753,1574,ShamAY0000443,6217,1,870,628,87
67,317,1227,Shamela0012935,368,1,1024,543,55
67,279,900,Masaha002028Vols,1768,882,1486,382,64
67,900,1227,Masaha002028Vols,1769,1,482,194,45
67,1,325,Shia001432Vols,25938,1173,1504,257,95
67,325,1574,Shia001432Vols,25939,1,1229,951,91
67,1354,1522,Shia001432Vols,36568,895,1074,135,93
67,1,1158,Shamela0009076,338,69,1167,604,53
67,1,195,Shia003636Vols,846,1264,1471,157,93
67,195,1574,Shia003636Vols,847,1,1441,1083,92
67,8,158,Shamela0004473,4538,379,539,118,91
67,651,1354,Shamela0023680,831,1,1042,475,53
67,549,748,Shia002525,296,922,1125,159,96
67,1359,1522,ShamAY0033926,24,1275,1425,91,57
67,288,737,ShamAY0034447,1312,913,1341,285,68
67,748,1053,ShamAY0034447,1313,149,470,193,66
67,651,1158,Shia003732Vols,3663,950,1522,355,69
67,366,725,Shamela0010835,93,1,330,225,68
67,1,1158,Shia001153,25,426,1555,889,92
67,1158,1574,Shia001153,26,1,427,318,92
67,46,737,Shamela0001515,400,50,703,405,64
67,748,1227,Shamela0001515,401,405,1067,311,53
67,495,725,Shamela0008473,2248,1256,1456,151,78
67,1,712,Shamela0010646,1354,827,1541,573,99
67,712,1574,Shamela0010646,1355,1,884,687,95
67,1,1031,ShamAY0034443,190,457,1482,805,93
67,1031,1574,ShamAY0034443,191,189,760,413,89
67,1354,1522,JK001438,5,222,369,98,63
67,759,1007,Shia001187Vols,5953,460,719,194,89
67,500,1048,Shamela0009567,313,786,1139,178,38
67,1142,1326,ShamAY0034249,3279,1369,1555,141,96
67,1,332,ShamAY0034249,7355,1152,1546,250,75
67,332,1574,ShamAY0034249,7356,1,1347,968,87
67,313,1227,Shamela0012320,1182,1,1050,580,61
67,1354,1527,Sham19Y0014283,16,653,839,92,50
67,1,1365,Sham19Y0145435,365,295,1524,701,53
67,279,1227,Shamela0023833,877,275,1358,577,56
68,388,516,Sham19Y0023618,1181,889,993,72,75
68,242,383,Shamela0012851,462,1205,1344,92,82
68,1125,1306,Shamela0001025,128,814,996,126,77
68,221,383,Shamela0096753,1190,1109,1289,121,88
68,221,383,Shamela0001038,562,771,950,121,89
68,1125,1306,Shia002616Vols,2718,1,181,133,84
68,221,383,Rafed0003902Vols,4800,1139,1315,118,87
68,400,516,ShamAY0032927,7,76,191,84,89
68,191,383,Sham19Y0020638,1238,990,1195,127,80
68,1,204,Shamela0010614,221,967,1183,160,91
68,191,383,Sham19Y0017616,468,1103,1307,130,82
68,191,383,Tafsir07055,941,1012,1215,129,81
68,191,383,ShamAY0000055,260,176,385,130,81
68,209,383,Kraken220413030759,1924,915,1108,122,83
68,1120,1301,Shamela0023790,511,45,255,129,70
68,191,345,Shamela0000894,1264,1351,1517,102,79
68,191,383,Shamela0004289,183,684,884,127,80
68,204,383,JK010001,878,1133,1327,125,84
68,242,372,Tafsir06048,266,450,578,79,81
68,267,383,Tafsir06048,945,1,120,77,82
68,242,380,Tafsir06048,1256,332,638,74,32
68,221,380,Tafsir06048,1277,1074,1218,96,78
68,191,388,Sham19Y0132524,2841,1093,1302,131,81
68,191,383,Sham19Y0122406,3922,968,1170,130,81
68,191,388,Shamela0022547,105,1102,1302,114,73
68,191,383,Shamela0022547,107,773,974,105,66
68,191,383,Shamela0004473,1677,691,895,130,82
68,1125,1306,ShamAY0036737,165,915,1096,146,99
68,1125,1311,ShamAY0036737,180,373,557,146,97
68,388,516,Shamela0012750,384,897,1022,87,85
68,242,380,ShamAY0033635,14,892,1011,74,71
68,191,383,JK000977,889,833,1027,123,78
68,191,383,JK000977,891,19,213,123,78
68,221,383,JK009349,11,137,316,121,89
68,1131,1306,Shamela0010508,8,1045,1225,120,73
68,209,421,Shia001174Vols,455,288,536,135,73
68,191,383,Shamela0001733,514,1065,1278,126,77
68,1120,1311,Shamela0010646,361,1274,1464,150,96
68,1,196,ShamAY0034443,191,760,968,154,91
68,1120,1306,JK009288,11,1279,1464,114,63
68,191,393,Sham19Y0014309,2470,1107,1322,135,80
68,1,167,ShamAY0034249,7356,1347,1518,132,95
68,221,380,ShamAY0032780,20,1207,1379,113,86
68,388,516,ShamAY0034066,924,912,1016,72,75
68,256,383,Tafsir06049,5165,541,672,63,63
68,505,642,Shia002165,7,561,708,96,82
69,425,627,Shamela0008207,7,676,903,117,59
69,420,613,Shia002185Vols,3326,532,749,145,84
69,1047,1189,Sham19Y0020762,2434,842,987,108,95
69,1022,1185,Shamela0036515,1166,1112,1262,103,76
69,430,627,Sham19Y0036072,123,304,547,154,78
69,452,613,Shia001237Vols,4313,452,612,117,90
69,67,288,Shamela0008505,150,75,565,178,43
69,430,632,Shamela0008505,204,837,1084,153,76
69,1016,1185,Shamela0008505,569,71,256,130,89
69,1022,1204,JK006919,302,657,795,81,58
70,657,873,JK000021,510,596,805,161,92
70,209,341,Shamela0002449,85,34,164,106,98
70,657,873,Shamela0023789,213,1054,1323,165,74
70,1384,1547,Shamela0008360,542,486,684,113,73
70,644,873,ShamIbadiyya0000760,582,737,983,179,88
70,697,873,Sham19Y0018254,243,489,665,139,97
70,1361,1522,Shamela0001687,1718,993,1179,112,71
70,644,877,Shamela0010614,218,1,255,184,90
70,1384,1509,Sham19Y0018569,664,585,751,69,52
70,697,895,JK000916,24774,915,1129,144,79
70,1384,1547,Shamela0008176,4589,571,764,114,73
70,1384,1534,Masaha001838,19,916,1104,110,72
70,648,873,Shamela0023787,91,547,766,171,92
70,1384,1547,Sham19Y0122257,2142,42,238,114,74
70,679,873,Masaha003492Vols,6,1025,1220,155,98
70,1384,1527,Masaha003492Vols,233,743,906,106,79
70,209,341,Masaha003492Vols,263,248,388,95,83
70,679,877,Shia003965Vols,167,1192,1393,156,96
70,644,873,ShamIbadiyya0000204,325,106,338,180,94
70,648,873,Shamela0037475,17,639,845,162,88
70,652,873,Shamela0037475,107,432,637,161,89
70,644,877,Shia001432Vols,31724,640,891,181,88
70,1384,1494,Sham19Y0017791,1194,423,829,85,26
70,1361,1522,JK007040,2040,232,423,115,73
70,1384,1547,Sham19Y0145212,2289,4,647,113,22
70,644,877,Shia001148,280,864,1099,181,94
70,664,873,Kraken22021817402401,30,988,1195,167,96
70,679,873,Shamela0000315,20,718,917,152,94
70,209,341,Shia003895Vols,46,928,1059,106,98
70,633,877,Shia003895Vols,74,988,1229,183,93
70,873,987,Shia003895Vols,76,1092,1206,92,100
70,1384,1527,Shia003895Vols,99,1354,1504,103,85
70,1384,1522,Sham19Y0014119,390,197,349,94,69
70,648,873,Shamela0009429,541,352,607,167,81
70,648,873,Shamela0009429,1938,969,1189,172,92
70,648,873,Shamela0009429,1992,693,925,167,90
70,209,336,Shamela0007891,796,230,357,104,100
70,1384,1522,Shamela0007891,1728,407,583,109,78
70,679,873,Shamela0000761,9,578,769,153,96
70,209,336,Shamela0000761,604,1344,1472,93,89
70,644,877,Shia001187Vols,2445,34,266,180,95
70,644,841,ShamAY0034249,1172,905,1101,156,96
71,713,869,JK001297,576,133,282,118,90
71,708,869,Sham19Y0036112,3,1000,1167,125,92
71,708,869,Sham19Y0018493,10,501,733,119,63
71,708,869,Shia002616Vols,347,388,626,120,62
71,708,879,Shamela0012014,65,1132,1378,121,60
71,708,889,ShamAY0033760,476,1014,1286,123,56
71,708,874,Sham19Y0020638,1381,572,815,122,62
71,89,243,Shamela0001687,881,1060,1215,116,90
71,89,231,Shia003923Vols,1522,722,864,111,95
71,708,869,Shamela0025794,4101,405,658,117,56
71,708,869,Sham19Y0017616,316,1102,1340,120,62
71,713,869,JK001311,119,942,1180,122,62
71,708,879,Sham19Y0029676,391,757,1003,118,59
71,713,869,JK007054,163,55,286,118,62
71,89,231,Shamela0021721,2924,891,1039,112,95
71,523,869,Shamela0025800,1032,98,513,141,30
71,708,869,Sham19Y0017729,468,1134,1371,117,60
71,708,869,Sham19Y0127677,17303,520,757,117,60
71,708,869,Shamela0004289,955,156,394,120,62
71,713,869,Masaha003492Vols,285,285,445,126,96
71,89,231,Masaha003492Vols,920,721,875,111,88
71,464,634,Masaha003492Vols,956,1333,1516,133,90
71,708,869,JK007049,30,1031,1264,114,58
71,708,869,Kraken22021606123201,360,689,926,119,62
71,89,243,Shia003965Vols,1318,291,449,118,92
71,708,869,Zaydiyya0000454,69,237,410,116,81
71,713,869,Shamela0004445,267,454,693,108,52
71,708,869,Shamela0025791,203,1104,1340,117,60
71,708,869,Shamela0008353,889,413,681,118,54
71,708,869,Sham19Y0132524,2779,875,1113,114,57
71,89,231,Shamela0010512,118,255,404,111,91
71,89,212,Kraken220413030928,147,916,1056,84,77
71,713,869,Shamela0010664,480,938,1109,113,78
71,708,869,Sham19Y0014592,2837,441,683,120,61
71,708,886,Shamela0021599,87,280,580,131,53
71,708,869,Sham19Y0133377,178,296,534,120,62
71,708,869,Sham19Y0017903,942,548,786,120,62
71,708,889,Shamela0009242,3360,1089,1334,123,61
71,708,869,Shamela0009107,107,1141,1375,117,60
71,708,869,JK007065,1127,1050,1291,119,61
71,708,869,Shia001831Vols,660,1167,1405,117,60
71,708,869,Shamela0026731,96,443,671,113,59
71,708,869,Shamela0001727,1639,617,855,120,62
71,89,243,Shia003895Vols,109,430,588,118,89
71,464,869,Shia003895Vols,132,639,1132,321,80
71,89,231,Masaha002979Vols,239,500,654,111,88
71,523,708,Shamela0007891,547,1,212,145,85
71,708,879,ShamIbadiyya0000074,150,1364,1556,79,51
71,708,879,ShamIbadiyya0000074,311,385,577,79,51
71,708,879,ShamIbadiyya0000074,1602,795,1039,125,63
71,708,869,Shamela0023628,77,117,353,120,63
71,523,869,Sham19Y0014309,1204,985,1402,143,33
71,708,869,JK000076,102,403,639,118,61
71,713,869,Sham19Y0145435,4990,1303,1537,111,55
71,743,863,Sham19Y0017817,414,764,923,81,64
71,708,869,Tafsir06049,380,1265,1509,115,58
71,708,879,JK000645,15,851,1085,119,62
72,396,738,Shamela0021721,2322,141,879,208,35
72,401,610,Masaha003492Vols,609,1011,1216,157,89
72,903,1014,Tafsir06048,1077,747,869,86,87
72,1014,1154,Sham19Y0124335,277,136,268,101,89
72,1026,1159,JK006963,32,1130,1492,91,30
72,499,738,Shamela0006172,346,14,603,166,35
72,1014,1154,Sham19Y0017879,660,1151,1307,101,79
72,401,620,Shia003895Vols,190,136,353,160,85
72,1014,1159,Shia003895Vols,198,460,632,110,81
73,381,562,JK000021,109,872,1045,134,89
73,385,562,Shamela0012027,233,1,163,130,90
73,381,562,Shamela0008360,38,283,449,133,91
73,1236,1431,Sham19Y0018254,233,1145,1362,155,88
73,853,979,Sham19Y0018254,473,1052,1178,103,100
73,381,562,Masaha001028,67,153,333,138,95
73,381,562,Masaha001028,142,26,206,138,95
73,853,979,Shamela0001687,2089,362,488,103,100
73,381,562,Shia002932Vols,122,595,757,129,88
73,381,571,Sham19Y0011326,6,1300,1476,136,89
73,381,521,Shia000047,76,1389,1545,108,83
73,381,562,Shamela0008176,479,296,462,133,91
73,381,562,Sham19Y0122257,262,1073,1239,133,91
73,567,726,Masaha003492Vols,18,235,391,119,94
73,853,979,Masaha003492Vols,924,1269,1410,96,83
73,1236,1431,Masaha003492Vols,983,834,1057,154,85
73,853,979,Shia003965Vols,2853,1002,1128,103,100
73,381,562,Shia003965Vols,8914,63,239,130,84
73,381,562,Shia001432Vols,295,590,786,139,86
73,385,562,Shia001432Vols,11592,563,724,129,90
73,381,562,Shia001432Vols,12212,15,211,139,86
73,381,562,Sham19Y0013614,76,623,803,131,83
73,385,562,Shamela0023798,181,371,535,131,90
73,381,562,Sham19Y0017791,134,417,597,131,83
73,574,744,JK001171,21,779,1010,122,66
73,381,562,Shamela0010803,378,734,895,129,88
73,381,562,Sham19Y0017063,94,356,522,133,91
73,853,972,Sham19Y0016421,128,443,558,92,94
73,1236,1431,ShamAY0036795,273,855,1047,146,93
73,385,562,Shia001148,287,400,556,125,87
73,381,562,Sham19Y0014538,397,554,723,130,87
73,385,562,Shia001615Vols,3734,107,268,129,90
73,381,562,Sham19Y0016976,224,1099,1279,131,83
73,381,562,Shamela0000041,244,1156,1323,134,91
73,235,375,Shia003895Vols,230,473,934,114,30
73,381,732,Shia003895Vols,233,167,926,260,42
73,853,1078,Shia003895Vols,238,561,1132,166,35
73,1255,1431,Shia003895Vols,249,577,751,138,97
73,1431,1566,Shia003895Vols,263,645,950,110,43
73,381,562,Sham19Y0014119,84,294,473,131,84
73,390,562,Shamela0001395,75,1202,1378,131,90
73,381,562,Shamela0007891,113,277,443,133,91
73,839,965,Masaha003644,858,44,170,91,85
73,381,562,Shamela0023628,276,260,438,131,85
73,385,562,Shamela0023578,323,196,361,123,82
73,390,562,JK006874,34,760,917,126,90
73,1255,1435,Shamela0001404,171,467,647,144,98
73,381,562,Shamela0021766,304,853,1019,133,91
73,385,555,Tafsir06049,1001,646,826,127,85
74,1226,1370,Sham19Y0017124,835,881,1022,115,97
74,1207,1528,Shamela0023789,213,558,909,234,78
74,1207,1528,ShamAY0038405,314,578,868,197,70
74,4,142,Shamela0095829,23,892,1087,96,60
74,910,1202,Shamela0001687,2043,795,1042,152,59
74,1207,1528,Shamela0023685,426,195,445,161,58
74,1207,1528,Shamela0026568,404,787,1044,168,60
74,4,142,JK000916,4140,976,1194,99,55
74,1207,1521,JK000916,26666,263,599,240,87
74,1207,1521,Masaha001864Vols,365,519,868,238,80
74,1235,1528,Masaha001864Vols,5507,1118,1424,228,87
74,1207,1528,Masaha004484,148,792,1116,205,66
74,1207,1528,Shamela0023787,91,787,1087,219,79
74,1,126,Masaha003492Vols,527,829,954,99,98
74,910,1202,Masaha003492Vols,568,126,380,192,81
74,1226,1528,Masaha003492Vols,888,445,746,236,92
74,1207,1521,Shamela0001686,232,435,771,238,86
74,4,142,Shamela0001686,268,218,437,99,55
74,4,142,Shamela0010283,3743,1192,1410,95,53
74,1235,1528,Sham19Y0007233,255,680,1004,227,82
74,1207,1521,Sham19Y0007233,256,132,468,238,86
74,1311,1528,Masaha002028Vols,1710,1,230,165,83
74,1235,1528,JK011302,185,575,876,222,85
74,4,142,Shamela0003118,1586,1071,1289,99,55
74,1207,1521,Shamela0003118,7966,145,481,240,87
74,1207,1521,Shamela0023680,768,967,1305,240,87
74,910,1197,JK007040,461,734,976,148,59
74,1235,1528,JK006800,131,1084,1389,229,88
74,1207,1528,Shia003732Vols,2617,106,450,244,87
74,1235,1416,Shamela0000315,25,1346,1550,143,85
74,1235,1483,Shamela0037063,61,1359,1624,190,84
74,1,126,Shia003895Vols,263,950,1075,101,100
74,929,1202,Shia003895Vols,283,174,470,215,89
74,1207,1373,Shia003895Vols,284,1286,1472,127,84
74,1339,1528,Shamela0009429,541,1,203,145,82
74,1235,1528,Shamela0009429,1991,502,812,227,86
74,910,1202,Shamela0000761,127,1194,1478,199,78
75,788,1072,Sham19Y0017124,832,896,1169,203,86
75,839,1058,Masaha001961Vols,646,1,309,141,59
75,828,1058,Shamela0009770,254,346,626,156,70
75,824,1141,Shamela0001687,7884,21,316,185,62
75,828,1025,Shamela0001687,7968,130,351,153,86
75,1233,1342,Shamela0001687,7968,910,1019,88,100
75,788,1141,Shamela0001687,9114,480,770,193,63
75,828,1006,Shia003923Vols,1358,102,290,137,90
75,828,1058,Shamela0025794,2828,491,791,153,65
75,824,1058,ShamAY0033595,46,378,686,157,65
75,828,1058,Masaha002308Vols,181,448,728,153,69
75,1362,1514,Masaha002308Vols,548,1053,1302,116,56
75,828,1058,JK006838,433,657,876,126,63
75,848,1058,Rafed0000185Vols,417,394,632,122,60
75,828,1058,Shamela0036446,784,1082,1327,145,72
75,788,1058,Masaha003492Vols,164,1014,1329,199,78
75,828,1006,Masaha003492Vols,1294,137,324,136,90
75,828,1025,Sham19Y0009800,497,1359,1604,126,66
75,828,1058,Shamela0012406,534,20,300,148,64
75,824,1141,Shia003965Vols,10698,1228,1491,185,68
75,796,1409,Shamela0011469,521,1242,1537,185,35
75,828,1041,Shamela0004445,1245,1253,1512,139,68
75,848,1058,Masaha004387Vols,209,814,1063,131,64
75,828,1058,Masaha002028Vols,721,589,873,153,68
75,788,1058,Shamela0007012,69,968,1232,202,92
75,828,1514,Shamela0007012,70,149,1336,356,33
75,828,1058,Shamela0006700,284,1257,1495,140,67
75,828,1058,ShamAY0034441,159,507,775,150,68
75,828,1058,JK001325,12,1209,1479,146,66
75,848,1058,Shamela0004473,10769,1384,1640,140,69
75,828,1058,Shamela0001043,734,166,452,154,64
75,828,1058,Shamela0035100,570,240,449,128,63
75,881,1342,JK007040,1627,1,461,206,48
75,788,1141,JK007040,3847,394,731,205,62
75,327,437,Shamela0022721,462,266,382,84,90
75,828,1058,ShamAY0034447,889,1155,1386,140,68
75,828,1058,Shia003732Vols,1239,1172,1480,151,62
75,828,1058,Sham19Y0148271,1870,710,1009,156,66
75,828,1058,Shamela0023695,199,1,277,163,74
75,848,1058,Shamela0001515,204,802,1052,137,70
75,1362,1514,Shamela0001515,374,527,772,116,57
75,1362,1514,Tafsir02096,2321,1129,1358,115,60
75,1111,1315,Shamela0006037,51,1282,1419,87,55
75,828,1058,Shamela0010906,164,730,936,124,61
75,839,1058,Shamela0023628,569,1,255,139,67
75,1362,1514,Shamela0023628,3769,997,1253,119,57
75,1111,1514,Sham19Y0018194,296,155,546,141,29
75,828,1058,Shamela0023578,631,554,830,147,65
75,828,1058,Shamela0009567,521,380,680,153,65
75,828,1058,Sham19Y0145435,200,169,467,144,59
75,824,1076,Shamela0009873,820,203,767,156,34
75,1359,1514,Shamela0009873,1607,800,1082,109,46
75,828,1058,Shamela0023833,273,465,749,153,68
75,828,1342,Sham19Y0016782,880,18,454,231,46
75,828,1058,Tafsir06049,1457,440,722,145,63
75,828,1006,Shia001663Vols,87,715,934,111,65
75,828,1058,Shamela0012031,42,845,1064,119,59
75,828,1058,Tafsir07076,1144,1263,1508,141,69
76,137,280,Shamela0001687,7450,733,879,102,86
76,137,280,Shia003923Vols,438,1280,1425,97,83
76,896,1063,Shia003923Vols,602,1128,1228,71,53
76,896,1063,Masaha003492Vols,348,1042,1183,103,79
76,314,539,Masaha003492Vols,468,1270,1448,118,60
76,879,1063,Shia003965Vols,6842,400,517,78,55
76,126,263,Shamela0007012,83,1257,1394,107,98
76,314,539,Shamela0007012,90,964,1141,131,72
76,884,994,Shamela0007012,112,1265,1381,80,88
76,884,1063,JK007040,580,57,265,127,77
76,137,280,Sham19Y0013631,554,950,1092,97,83
76,896,1063,Sham19Y0013631,804,266,364,69,52
77,234,366,Sham19Y0017124,1119,260,396,96,88
77,5,599,Shamela0023789,205,842,1436,455,92
77,1363,1627,Shamela0023789,206,1000,1265,207,94
77,9,565,Shamela0001336,59,1004,1549,406,87
77,9,458,Shamela0009770,618,1,507,308,70
77,230,599,Sham19Y0018254,10,806,1186,299,95
77,5,612,Shamela0023685,495,833,1442,470,93
77,1363,1627,Shamela0023685,497,54,292,176,81
77,5,319,Shamela0026568,473,1256,1569,235,92
77,319,612,Shamela0026568,474,1,295,236,95
77,1363,1627,Shamela0026568,475,540,777,175,81
77,5,249,Sham19Y0023644,1383,1333,1566,156,75
77,249,612,Sham19Y0023644,1384,1,357,266,88
77,1392,1627,Masaha003492Vols,623,20,256,190,98
77,5,612,Masaha003492Vols,901,382,992,478,95
77,9,599,Shamela0010283,3695,680,1433,413,62
77,9,410,Sham19Y0007233,285,1061,1548,279,67
77,5,444,Masaha002028Vols,1748,984,1550,297,60
77,5,640,Shamela0007012,182,297,949,496,93
77,659,924,Shamela0007012,183,50,1138,195,21
77,932,1074,Shamela0007012,184,131,280,108,90
77,1150,1314,Shamela0007012,184,1106,1425,126,48
77,9,430,Zaydiyya0000238,5,1310,1511,143,42
77,1,591,JK010666,91,961,1561,424,82
77,230,599,Shamela0031382,167,531,1150,279,54
77,5,137,Masaha001946Vols,738,1259,1392,101,95
77,5,604,Shia003732Vols,644,90,688,459,93
77,1363,1627,Shia003732Vols,644,837,1073,174,80
77,69,599,Shia003732Vols,2811,1,653,414,77
77,9,458,Shamela0009429,540,179,711,312,68
77,253,1314,Shamela0009429,1995,1,1245,490,38
77,51,599,Shamela0000761,26,1,546,436,97
77,220,458,Shamela0009701,32,286,516,162,81
77,5,458,Shamela0023833,872,700,1253,307,64
78,1410,1554,Sham19Y0017124,982,270,431,113,84
78,1,245,Shamela0023789,206,1265,1512,188,92
78,532,1405,Shamela0023789,215,519,1492,677,84
78,1405,1562,Shamela0023789,216,1,160,125,98
78,571,1155,Shia002265Vols,3410,890,1503,443,86
78,1168,1424,Shia002265Vols,3411,1,295,120,47
78,527,1107,Shia002265Vols,3412,956,1480,353,68
78,522,788,JK009390,3573,1331,1574,177,80
78,788,1259,JK009390,3574,1,516,267,54
78,522,1155,JK009390,3651,912,1483,381,68
78,527,1420,JK009390,6627,462,1395,572,71
78,547,1420,JK009390,7100,1,921,564,71
78,1056,1562,Shamela0023645,44,1057,1432,293,71
78,527,1259,JK009242,427,241,1036,425,58
78,522,873,Sham19Y0018254,30,1135,1521,278,85
78,873,1562,Sham19Y0018254,31,1,692,541,96
78,522,1024,Sham19Y0018254,1725,489,1024,403,91
78,522,775,Shia003461Vols,318,1250,1525,160,61
78,775,1557,Shia003461Vols,319,1,910,536,68
78,527,1522,JK011633,355,394,1518,635,65
78,527,1562,Shamela0023685,491,94,1169,807,92
78,1,430,Shamela0023685,497,292,828,277,59
78,522,1255,Rafed0002679Vols,294,832,1568,553,90
78,1255,1562,Rafed0002679Vols,295,1,281,218,88
78,527,1562,Shamela0026568,469,400,1482,792,88
78,1,430,Shamela0026568,475,777,1317,277,59
78,522,1168,ShamAY0033586,170,85,402,211,38
78,527,1557,Shamela0021809,1344,155,1391,698,67
78,527,1352,Shamela0023700,1176,372,1121,559,81
78,752,1562,Sham19Y0127677,3836,1,644,378,50
78,527,1420,Sham19Y0127677,5137,290,1274,593,71
78,522,671,Masaha003492Vols,490,1351,1516,117,85
78,671,1562,Masaha003492Vols,491,1,891,696,94
78,1,299,Masaha003492Vols,623,256,557,235,97
78,527,1522,Shamela0001438,5526,143,913,461,52
78,775,1420,Shamela0001438,7162,1,688,389,65
78,610,1259,Shamela0007351,108,1,726,393,58
78,719,1562,Shamela0011469,375,1,839,649,94
78,1056,1332,Sham19Y0007233,295,1325,1589,210,95
78,610,1562,Shamela0037475,29,1,954,734,92
78,1056,1562,Sham19Y0148529,411,406,779,289,70
78,547,1028,Sham19Y0014579,2187,1129,1665,368,81
78,547,1037,ShamAY0032379,371,520,908,145,28
78,522,1168,ShamAY0034447,1037,683,1044,242,43
78,1056,1208,Masaha001946Vols,745,396,543,110,84
78,1128,1424,Masaha001946Vols,746,806,1056,148,60
78,537,1562,Shia003732Vols,643,272,1254,735,85
78,1,277,Shia003732Vols,644,1073,1324,188,83
78,1357,1562,Shamela0000315,28,974,1162,133,80
78,547,1514,Shamela0010551,112,539,1580,739,85
78,547,1562,Shamela0009429,539,1,1008,780,92
78,1395,1562,Shamela0009429,1990,569,731,124,92
78,522,1562,Shamela0000761,81,391,1498,822,91
78,527,1562,JK009408,1183,131,1382,694,65
78,527,976,JK009408,1185,1049,1464,312,84
78,976,1420,JK009408,1186,1,413,261,71
79,1,157,Shamela0023789,216,160,338,120,84
79,1,157,Shamela0023645,44,1432,1555,99,78
79,1,157,Sham19Y0018254,31,692,846,120,92
79,1,176,Shamela0023685,491,1169,1402,134,69
79,1,157,Rafed0002679Vols,295,281,444,116,81
79,1,205,Masaha003492Vols,491,891,1066,135,79
79,1,364,Shamela0011469,375,839,1223,175,50
79,1,157,Sham19Y0007233,296,111,234,99,78
79,1,157,Shamela0037475,29,954,1128,120,86
79,1,157,Sham19Y0148529,411,779,902,99,78
79,1,157,Masaha001946Vols,747,873,996,99,78
79,1,157,Shia003732Vols,643,1254,1419,119,86
79,1,157,Shamela0000315,28,1162,1285,97,76
79,1,157,Shamela0010551,113,49,218,120,84
79,1,157,Shamela0009429,539,1008,1131,97,76
79,1,157,Shamela0009429,1990,731,884,119,91
79,31,157,Shamela0000761,82,1,125,96,90
80,714,981,JK011068,101,1169,1469,166,64
80,1123,1322,JK011068,102,1250,1467,142,75
80,932,1209,JK011068,102,147,437,145,54
80,656,944,Shamela0023685,495,1,189,147,63
80,400,944,Shamela0026568,473,218,598,274,57
80,584,981,Masaha002308Vols,217,715,1505,274,41
80,1123,1249,Masaha002308Vols,218,1349,1500,97,79
80,837,1123,Rafed0000185Vols,491,133,920,198,30
80,443,1363,Masaha003492Vols,314,1,959,722,91
80,499,900,Sham19Y0009800,553,845,1674,288,42
80,1123,1322,Sham19Y0009800,555,591,814,142,73
80,584,1132,JK000370,50,34,507,217,45
80,499,837,Shamela0010283,3342,1019,1678,245,44
80,767,981,Shamela0010283,3343,29,232,105,56
80,955,1132,Sham19Y0017816,111,1283,1464,124,79
80,499,1069,Shia003656Vols,478,157,1559,400,34
80,714,1132,Shamela0004445,1336,302,1145,299,43
80,714,1132,Shamela0012935,137,238,1098,290,41
80,499,1132,Sham19Y0007233,148,161,1523,448,40
80,714,927,Masaha002028Vols,807,1330,1673,162,59
80,499,981,Shia001432Vols,35358,666,1598,334,42
80,1123,1322,Shia001432Vols,35360,234,458,143,74
80,499,1127,Shamela0004473,3119,161,1521,445,39
80,736,1194,Shamela0004473,8678,1185,1609,171,40
80,499,981,JK011302,190,618,1406,351,53
80,962,1132,JK011302,191,1,174,123,81
80,1123,1371,JK011302,191,871,1226,183,61
80,499,817,JK006800,136,1157,1725,243,51
80,817,1132,JK006800,137,1,626,245,48
80,1123,1310,JK006800,137,1272,1477,140,82
80,714,981,Masaha001946Vols,255,481,853,182,57
80,499,1132,Shia003732Vols,5924,129,1339,482,48
80,1123,1371,Shia003732Vols,5925,459,791,187,67
80,400,652,Sham19Y0148486,5121,398,886,175,43
80,395,1358,Shamela0000761,442,491,1469,723,87
80,714,1132,Shamela0023833,318,138,984,301,44
80,584,1123,ShamAY0034409,550,71,534,213,45
81,1,683,Shamela0001875,536,538,1219,543,97
81,1190,1376,Shia002265Vols,3575,479,748,145,68
81,1190,1376,JK009390,4602,537,805,145,68
81,1190,1376,JK009390,5099,1125,1393,145,68
81,1,172,Shamela0008463,931,58,229,141,100
81,1,683,Shamela0008463,936,757,1400,513,91
81,1,683,Shia001782Vols,618,800,1455,495,84
81,1,678,Masaha001961Vols,1062,36,721,502,84
81,278,683,Shia002185Vols,1580,1021,1416,307,91
81,172,504,Shia003461Vols,808,931,1387,216,52
81,177,683,Sham19Y0131521,1726,358,785,332,80
81,1210,1376,Sham19Y0127677,5362,1,217,128,75
81,1,678,Masaha003492Vols,224,56,738,550,98
81,1177,1376,Masaha003492Vols,848,617,836,146,80
81,1190,1376,Shamela0001438,7417,1230,1466,144,77
81,1,683,Shia002032,39,219,944,524,85
81,1,683,Shia003656Vols,720,878,1461,429,72
81,1,297,Shia002034Vols,1920,1188,1511,241,90
81,297,683,Shia002034Vols,1921,1,375,284,87
81,278,450,Shia003965Vols,6814,365,543,139,95
81,116,683,Shia001432Vols,8474,9,539,400,82
81,1,678,Shia001432Vols,30220,677,1327,525,94
81,1,683,Shia002067,524,686,1385,523,89
81,1,250,Shamela0000427BK2,1738,1325,1570,177,77
81,250,678,Shamela0000427BK2,1739,1,387,293,83
81,1,678,ShamAY0038419,356,624,1256,463,78
81,303,678,Sham19Y0016934,1121,337,697,278,91
81,5,678,Shia000317Vols,4057,1,660,501,86
81,1,135,Sham19Y0019188,853,1419,1553,111,100
81,142,683,Sham19Y0019188,854,7,510,395,88
81,1,678,Shia003732Vols,3531,6,637,490,87
81,1190,1376,JK000475,2375,1058,1316,143,69
81,1,485,Shamela0001515,332,1042,1578,369,81
81,172,678,Shamela0021731,204,598,1065,369,88
81,5,678,Shamela0010646,1384,190,817,506,91
81,427,678,Masaha002979Vols,59,1,252,202,98
81,1190,1376,Tafsir02100,68,413,672,143,69
81,1190,1376,JK000785,2382,1162,1393,144,79
81,297,582,Shamela0095700,88,1303,1587,222,92
81,177,678,Shia002119Vols,835,878,1322,328,77
81,1,678,Shamela0009873,1887,820,1511,483,78
81,1221,1376,Shia002069Vols,442,6,162,106,88
81,1190,1376,Shia002359Vols,1988,531,770,144,76
82,197,406,Sham19Y0017124,825,268,481,149,83
82,397,529,Shia002103Vols,324,933,1069,99,92
82,193,406,JK006922,136,144,346,148,89
82,1030,1266,Shamela0009862,77,983,1262,149,60
82,197,410,Sham19Y0017077,164,936,1119,100,54
82,197,406,Masaha003492Vols,271,1329,1548,150,83
82,406,529,Masaha003492Vols,292,5,133,94,93
82,1027,1266,Masaha003492Vols,954,154,418,184,85
82,401,529,Shia004012,220,541,673,91,84
82,406,533,Shamela0009790,443,1254,1387,96,91
82,1027,1266,Rafed0002530Vols,71,133,445,177,68
82,1335,1455,JK007040,3554,492,636,93,77
82,1335,1462,JK007040,3905,928,1070,96,79
82,1335,1455,Sham19Y0013631,937,1291,1457,97,72
82,998,1266,Shamela0000761,82,675,945,206,94
83,802,1201,Sham19Y0013241,1275,343,765,251,67
83,786,1201,Shamela0023700,3074,34,556,306,72
83,1,120,Masaha003492Vols,782,958,1078,93,99
83,802,1201,Shamela0002863,1625,962,1390,252,67
83,600,1201,JK000533,3527,45,741,413,74
83,617,989,Shia002003Vols,2002,910,1378,258,69
83,989,1341,Shia002003Vols,2003,1,402,184,47
83,617,1201,Sham19Y0013667,6932,257,988,390,66
83,600,1147,JK009408,2497,700,1317,376,75
86,759,943,Shamela0012981,2396,26,392,115,38
87,234,375,Shia002616Vols,3965,315,517,82,51
87,238,375,Shamela0023645,68,4,193,80,53
87,234,375,Sham19Y0020591,1813,1037,1232,83,54
87,234,375,Shamela0021809,1537,325,523,81,53
87,234,375,Sham19Y0131521,6540,1036,1232,83,54
87,234,375,Masaha002308Vols,710,1112,1310,78,50
87,234,375,Shamela0006336,625,840,1021,74,52
87,234,375,Sham19Y0127677,15021,346,542,81,52
87,234,375,Sham19Y0127677,15022,426,620,104,67
87,234,414,Shamela0010283,3859,844,1085,90,44
87,234,375,Sham19Y0016727,10,13,212,83,53
87,223,375,Masaha001946Vols,1134,1005,1212,89,56
87,234,375,Shamela0012019,294,727,908,81,57
87,190,387,ShamAY0034443,215,424,702,95,42
87,234,375,Shia002095,3,387,599,105,62
87,234,375,Masaha003032,120,1015,1208,83,54
87,234,375,Shamela0013072,3,344,556,105,62
87,234,375,Sham19Y0014601,6045,1088,1280,81,54
87,234,375,Shamela0021593,1431,119,317,73,47
88,1228,1344,Shamela0025794,2718,1053,1210,83,66
89,999,1219,Shamela0012981,2288,271,538,159,73
89,999,1188,JK008250Vols,796,1265,1452,149,97
89,999,1188,Shia002265Vols,2079,1265,1454,149,96
89,995,1188,JK009390,5672,266,457,149,95
89,999,1188,Shia002067,214,169,358,145,93
89,999,1210,JK007040,3701,384,615,150,79
89,999,1193,Shamela0010646,1813,717,914,148,93
89,999,1188,Shamela0013133,275,399,581,146,95
90,974,1197,Sham19Y0018567,1417,69,266,135,71
90,1014,1197,Shamela0021821,581,988,1141,101,66
90,170,304,Shamela0036446,393,19,160,92,81
90,889,1505,Shia001333,12,1305,1590,188,35
90,69,304,Shamela0010646,364,822,1024,128,69
90,170,304,Sham19Y0037618,2004,301,438,93,83
91,1249,1411,Shamela0021479,141,275,493,119,68
91,1249,1405,JK000021,1553,152,359,118,70
91,1253,1401,JK000021,2418,1122,1327,111,66
91,1249,1405,JK000021,2443,1017,1233,117,66
91,1249,1411,JK000698,119,199,424,119,65
91,1249,1405,Zaydiyya0000352,349,1072,1275,118,71
91,1249,1405,Shamela0029778,15,613,813,110,64
91,1249,1405,JK000492,3,1023,1235,120,71
91,1249,1405,Shamela0008360,557,135,350,121,71
91,1249,1405,Shamela0012531,466,171,383,120,71
91,1249,1405,ShamIbadiyya0000229,2557,820,1035,121,71
91,1249,1405,Sham19Y0018106,4119,1181,1400,121,69
91,1249,1405,ShamAY0033760,243,403,600,116,71
91,1249,1405,Sham19Y0020638,879,374,587,118,68
91,1253,1405,Shamela0025794,1001,823,1032,115,68
91,4,167,Shamela0010614,218,382,835,88,23
91,1249,1405,Sham19Y0017616,308,684,891,118,70
91,1249,1405,Kraken220413030905,87,1209,1424,117,68
91,1249,1405,JK000110,1860,1088,1307,121,69
91,1249,1405,Shamela0012865,67,1214,1426,120,71
91,1249,1405,Shamela0008176,4710,812,1027,121,71
91,1249,1405,Shamela0010444,60,154,379,117,64
91,1249,1405,Sham19Y0016584,4632,80,299,121,69
91,1262,1405,Shamela0012991,44,1,153,111,92
91,1249,1405,ShamAY0032819,15,701,913,114,65
91,1258,1405,Kraken2102182324111,97,370,531,105,81
91,1258,1405,Kraken2102182324111,241,399,560,105,81
91,1253,1405,Sham19Y0018144,1965,62,276,115,66
91,1249,1405,Sham19Y0013252,10467,1012,1231,121,69
91,1249,1405,Shamela0000782,602,413,610,116,71
91,1253,1405,Shia002034Vols,944,1193,1386,111,67
91,1253,1405,ShamAY0034423,120,605,797,113,72
91,1249,1405,Shamela0001585,61,515,734,121,69
91,1249,1405,Shamela0008381,4056,353,572,121,69
91,1249,1405,Sham19Y0132524,1399,409,616,118,70
91,1249,1405,Sham19Y0122406,2905,926,1133,118,70
91,1249,1405,JK000699,12,686,893,118,70
91,1249,1405,Masaha000554Vols,6333,968,1136,115,84
91,1249,1405,Shamela0004473,15332,703,910,118,70
91,1249,1405,ShamAY0032855,94,1159,1373,120,70
91,1249,1401,Sham19Y0017903,508,1291,1455,109,82
91,1253,1405,ShamAY0034005,736,73,273,114,67
91,1249,1405,Sham19Y0017063,884,547,762,121,71
91,1253,1405,Shamela0030725,27,197,412,115,66
91,1253,1411,Shamela0012750,50,177,401,121,68
91,1253,1405,JK006800,1,927,1141,115,66
91,1253,1411,Sham19Y0001734,1710,519,731,114,65
91,1249,1405,Shamela0026579,4,621,821,110,64
91,1253,1411,Sham19Y0014462,229,1,215,116,67
91,1249,1405,Shamela0001727,1049,290,497,118,70
91,1249,1405,Sham19Y0016976,1217,200,415,121,71
91,1249,1405,Sham19Y0018176,2485,853,1072,121,69
91,1249,1405,Shamela0005756,15003,1022,1241,121,69
91,1253,1405,Shamela0007891,1605,177,392,115,66
91,1253,1405,ShamAY0038083,146,138,347,115,68
91,1253,1405,Shamela0035276,77,797,964,114,86
91,1253,1411,Shamela0010447,36,304,528,121,68
91,1249,1405,Shamela0008203,18,380,598,120,68
91,1249,1405,Shamela0021691,14,921,1135,120,70
91,1249,1405,JK007010,49,527,742,120,70
91,1253,1411,Shamela0021766,2388,1136,1360,116,65
91,1249,1405,Shia002069Vols,704,416,637,123,70
91,1253,1405,Shamela0026495,20,331,546,115,66
92,576,685,JK008250Vols,353,316,641,77,30
92,576,685,Zaydiyya0000267,485,1161,1276,79,88
92,576,685,Shia002265Vols,1970,891,1103,81,49
92,576,685,JK009390,2371,343,458,80,88
92,576,685,Zaydiyya0000010,151,250,363,79,89
92,576,685,Shamela0001975,939,522,637,80,88
92,576,685,Shamela0008360,283,374,490,80,88
92,576,685,Sham19Y0020591,598,390,505,80,88
92,576,685,Sham19Y0131521,2382,54,169,80,88
92,576,685,Shamela0008176,2498,617,733,80,88
92,576,685,Sham19Y0122257,1100,1168,1284,80,88
92,576,685,Shamela0036446,327,290,406,80,88
92,576,685,Sham19Y0127677,1204,409,524,80,88
92,576,685,Sham19Y0127677,6219,975,1090,80,88
92,576,685,Shamela0021659,1225,1247,1362,80,88
92,584,685,Shamela0001438,3954,1,108,73,88
92,576,685,Sham19Y0020944,355,577,692,80,88
92,576,685,Sham19Y0013252,2877,1342,1457,79,88
92,576,685,Sham19Y0017903,399,452,567,80,88
92,576,685,Sham19Y0016636,349,678,793,80,88
92,576,685,Sham19Y0001734,1341,644,753,80,93
92,584,676,JK009324,1061,1338,1434,67,89
92,576,685,JK009324,1068,1202,1312,80,92
92,576,685,Shamela0001733,1573,823,932,80,93
92,576,685,Shamela0008540,2107,1041,1155,79,88
92,576,685,Sham19Y0014601,2724,600,715,80,88
92,576,692,Shia002119Vols,3762,69,191,80,85
92,576,685,Shamela0012884,883,930,1039,80,93
92,576,685,ShamAY0033733,165,859,977,79,85
93,1353,1488,Shamela0006060,611,948,1083,108,100
93,1350,1488,JK000021,2095,637,775,110,100
93,1353,1488,JK001297,233,208,353,102,87
93,1278,1388,Rafed0000040Vols,121,1264,1520,83,42
93,1361,1488,Shia002265Vols,1695,1034,1177,95,83
93,1350,1488,Zaydiyya0000352,282,819,957,109,99
93,1350,1488,Shamela0008360,561,310,448,110,100
93,1353,1488,JK010770,326,578,713,106,98
93,1353,1488,Shamela0021809,2242,1184,1317,104,97
93,1350,1488,Shamela0008176,4743,954,1092,110,100
93,1350,1488,JK000624,121,1054,1212,104,82
93,1353,1488,Shamela0023700,1991,715,848,102,95
93,1353,1488,Shamela0021660,3183,1147,1292,102,87
93,1350,1488,ShamAY0033712,7,945,1103,104,82
93,1350,1488,Sham19Y0122257,2211,1144,1282,110,100
93,1353,1488,Sham19Y0127677,1144,466,601,108,100
93,1361,1488,Sham19Y0127677,3441,22,167,95,82
93,1353,1488,Sham19Y0127677,17309,1170,1315,102,87
93,1353,1488,ShamAY0034123,1078,964,1099,106,98
93,1353,1488,Shamela0021659,776,1337,1484,102,86
93,1361,1488,Shamela0001438,5124,541,678,95,87
93,1353,1488,Shamela0009685,2,1336,1470,106,98
93,1353,1488,Shamela0001585,69,1309,1443,104,97
93,1350,1488,JK011302,7,1029,1167,110,100
93,1350,1488,Shamela0012847,3,625,763,110,100
93,1378,1488,Sham19Y0145212,2352,699,809,88,100
93,1361,1488,ShamAY0032826,639,549,686,95,87
93,1361,1488,ShamAY0032826,640,1086,1223,95,87
93,1378,1488,Shia002261Vols,233,1,119,84,88
93,1353,1488,Shamela0010509,8,1299,1433,104,97
93,1350,1488,Zaydiyya0000229,247,601,739,109,99
93,1345,1488,Shamela0010262,248,1237,1377,110,96
93,1353,1488,Sham19Y0037618,2993,377,524,104,87
93,1350,1488,Shamela0012579,1280,830,967,108,98
94,214,717,JK000021,645,299,891,351,71
94,214,709,ShamAY0034394BK2,8,953,1512,362,79
94,210,709,Shamela0012981,281,641,1175,348,78
94,180,717,Shamela0011162,9,326,807,305,66
94,219,709,Shamela0001417,144,361,720,168,41
94,210,709,JK010552,711,691,1291,344,69
94,233,709,Shia002265Vols,105,430,962,334,77
94,841,1076,Shia002265Vols,1118,287,513,122,64
94,233,709,JK009390,984,424,960,333,76
94,214,584,JK009390,4783,1133,1535,270,80
94,214,525,Shamela0008360,327,1138,1504,240,82
94,391,709,Rafed0003902Vols,4836,20,352,222,80
94,176,709,Shamela0002864,1624,372,818,256,54
94,214,709,Masaha002872,26,838,1398,362,79
94,210,709,Shamela0003055,370,910,1450,350,76
94,176,712,ShamAY0033541,2,812,1416,383,78
94,214,712,Zaydiyya0000083,19,701,1222,340,77
94,210,709,Shia001544Vols,1548,134,604,316,73
94,301,717,Sham19Y0147812,7,877,1408,280,65
94,214,709,Shamela0025800,2320,5,571,365,79
94,210,553,Shamela0010463,7,1096,1478,257,82
94,205,540,Sham19Y0014827,1,1119,1436,192,63
94,168,370,Rafed0003726Vols,1664,1422,1606,126,75
94,370,709,Rafed0003726Vols,1665,1,376,205,59
94,214,709,Shamela0022800,19,188,748,363,80
94,841,1076,Sham19Y0017729,370,1292,1505,131,59
94,214,709,Shamela0029741,564,197,752,360,80
94,403,712,Shamela0008176,2838,1,330,216,79
94,214,533,Zaydiyya0000342,152,1118,1480,242,83
94,200,709,Sham19Y0035312,22,201,793,367,76
94,214,709,ShamAY0034394BK3,8,953,1512,362,79
94,214,709,Shamela0036446,885,780,1346,363,79
94,253,709,Sham19Y0127677,967,446,956,329,79
94,391,709,Sham19Y0127677,3676,14,346,225,82
94,180,709,Shamela0010549,49,947,1408,291,65
94,253,712,Shamela0001438,904,197,709,329,79
94,272,709,Shamela0001438,5986,1,492,317,79
94,253,634,ShamIbadiyya0000193,4628,1110,1559,268,72
94,214,717,Shia004021,70,212,824,360,72
94,214,709,Sham19Y0014255,2,808,1378,359,80
94,841,1035,Shamela0000782,432,979,1133,119,75
94,214,505,Shamela0000782,969,1134,1479,224,81
94,180,717,Shia002702Vols,11566,155,740,352,71
94,229,712,Shamela0007663,105,457,1008,343,77
94,168,709,Sham19Y0013614,264,69,676,374,74
94,841,1076,Sham19Y0014592,712,407,651,129,56
94,224,709,Shia001278Vols,468,1,445,294,70
94,214,709,Shia003636Vols,6836,632,1140,306,65
94,425,709,Shamela0012872,131,1,289,196,82
94,176,712,Shamela0007664,76,907,1407,322,69
94,180,594,Shamela0007664,138,1000,1475,270,67
94,214,709,Sham19Y0016618,63,414,964,354,78
94,287,709,Shamela0004473,580,704,1184,291,72
94,464,709,Shamela0004473,6257,255,484,125,54
94,214,709,Shamela0011728,692,222,684,288,65
94,841,1084,Sham19Y0017903,679,322,539,132,59
94,180,553,JK000362,27,1026,1411,250,76
94,264,709,JK000362,92,1,415,263,68
94,841,1035,Shamela0000427BK2,4724,380,532,115,71
94,233,456,Shia000054,11,1,345,157,55
94,180,709,Sham19Y0017791,695,278,857,371,77
94,214,709,Zaydiyya0000015,22,489,1007,340,78
94,214,709,Kraken22041319410300,185,225,790,359,78
94,214,709,Shia002218Vols,147,380,939,364,80
94,214,709,Sham19Y0017063,482,200,758,361,79
94,229,709,Shamela0009690,86,301,840,316,68
94,287,709,Shamela0009107,423,1,465,183,40
94,210,900,Shamela0009107,424,592,1256,322,46
94,180,709,JK000101,265,574,1160,359,73
94,342,709,Sham19Y0149697,1244,1,423,263,76
94,180,505,Shamela0022797,415,1158,1515,230,79
94,214,709,Shia002406Vols,7719,816,1360,340,74
94,180,611,JK011593,124,1069,1519,304,79
94,210,709,Shamela0005550,21,856,1396,353,80
94,238,709,Shamela0009856,29,1,479,276,63
94,841,959,Shia001901,69,648,765,87,94
94,180,709,Sham19Y0016976,719,611,1190,371,77
94,214,709,JK010344,700,1002,1505,305,65
94,214,709,Shamela0000041,23,292,850,363,80
94,176,712,Shamela0011353,100,604,1101,325,70
94,378,717,Shamela0010895,3,27,386,234,79
94,229,626,Kraken220413194022,489,980,1440,259,66
94,180,697,Sham19Y0014119,246,854,1426,363,77
94,214,709,Shamela0008473,18,373,931,363,80
94,200,712,Shamela0001395,58,743,1322,370,78
94,214,709,ShamAY0034080,56,163,713,359,79
94,214,709,ShamAY0034394BK1,8,953,1512,362,79
94,391,709,Masaha003296Vols,733,26,363,224,80
94,336,709,Shamela0007891,677,1,426,270,78
94,259,709,Sham19Y0023608,4236,1,495,298,71
94,391,709,Shamela0006167,23,6,238,146,56
94,214,702,Shamela0023628,4,898,1452,355,79
94,214,638,Sham19Y0014309,303,999,1516,328,80
94,180,564,Sham19Y0036114,2,1074,1535,291,79
94,287,709,Sham19Y0020891,5430,1,467,294,75
94,214,709,Shamela0023578,676,902,1437,354,81
94,176,712,JK006874,28,235,833,371,75
94,229,712,Tafsir09050,4789,847,1375,318,71
94,841,1146,ShamAY0034282,2445,1169,1365,133,53
94,180,709,Zaydiyya0000067,196,183,763,358,73
94,214,712,Shamela0001404,62,297,841,360,81
94,210,709,Tafsir04040,132,596,995,259,59
94,180,490,Sham19Y0150960,157,1145,1487,224,80
94,214,709,Shamela0012884,5291,860,1400,339,75
94,315,709,Rafed0001792Vols,3,84,591,279,70
94,210,712,Shamela0012579,1392,326,836,291,64
94,214,709,Rafed0001713Vols,5,952,1381,220,52
95,839,1148,Shamela0009810,1086,193,642,175,44
95,1365,1546,Shamela0007380,85,140,295,107,75
95,844,1365,Shia002034Vols,362,779,1059,147,31
95,1048,1320,ShamAY0033944,187,1007,1411,157,47
95,1048,1320,ShamAY0033943,185,987,1400,157,46
95,1048,1311,ShamAY0033943,188,1078,1505,150,43
96,469,636,Shia002185Vols,3025,675,841,128,94
96,469,636,Masaha001864Vols,118,649,821,131,96
96,702,960,Masaha001864Vols,225,677,958,142,51
96,702,960,Masaha001864Vols,1573,1027,1309,144,52
96,685,923,Sham19Y0029676,836,1269,1505,169,79
96,42,217,Sham19Y0009800,353,96,247,117,81
96,1046,1356,Shamela0001686,230,181,504,203,78
96,465,636,Shia003656Vols,585,1087,1257,131,94
96,1,194,Masaha004387Vols,121,374,568,155,96
96,469,636,Shia001432Vols,8348,698,864,128,94
96,702,960,Shia001432Vols,35476,86,366,142,51
96,469,636,Shamela0023680,166,626,793,128,94
96,702,960,Shamela0023680,420,366,647,144,52
96,469,636,Shia001615Vols,1526,1258,1424,128,94
96,1,194,Shia003732Vols,866,427,621,156,97
96,469,636,Shia003732Vols,1657,550,728,132,93
96,1046,1356,Shia003732Vols,2714,312,654,198,73
96,1,212,Shamela0009100,52,230,438,170,97
96,649,1055,Shia002165,15,425,1256,276,41
97,1,227,Shamela0006617,292,583,816,172,90
97,81,227,Shia002616Vols,6192,1,153,108,87
97,81,227,Masaha001961Vols,690,1,154,108,87
97,1,227,ShamIbadiyya0000229,1603,1110,1343,173,91
97,674,1003,ShamIbadiyya0000760,334,307,728,153,40
97,1,227,Shamela0009783BK1,810,1139,1363,176,96
97,773,1246,MMS00020,148,354,761,180,39
97,1,227,JK009266,8804,285,560,168,72
97,1,227,Shamela0023685,1231,649,905,173,83
97,1366,1501,Shamela0010614,283,1191,1324,102,94
97,1,227,ShamAY0034059,7206,432,702,173,79
97,1,227,Shamela0026568,1056,855,1111,171,82
97,1,227,Shamela0010529,57,619,853,175,91
97,742,1087,Shia001149Vols,1054,903,1388,185,47
97,1,227,Shamela0000894,4763,1198,1432,176,92
97,1,227,Sham19Y0009800,528,541,775,176,92
97,1,227,Shamela0012406,554,538,771,172,91
97,1,227,Shia003656Vols,449,25,249,176,96
97,1,227,Shamela0004445,1319,975,1199,176,96
97,1,227,Shamela0012935,134,1268,1492,176,96
97,1,227,Shia001432Vols,8071,279,510,175,93
97,1,227,Shia001432Vols,29510,1230,1454,172,92
97,1,227,ShamAY0034068,3719,219,475,173,83
97,1,227,Shia001237Vols,1289,533,762,176,94
97,742,1035,Shia002389Vols,2202,1129,1512,159,50
97,1,227,ShamIbadiyya0000487,107,655,888,173,91
97,742,1227,Sham19Y0133413,277,997,1551,249,54
97,1,227,ShamAY0034447,1163,174,402,176,95
97,705,1035,ShamAY0033594,5,926,1450,242,58
97,1,227,Shia003732Vols,1369,1278,1512,176,92
97,1,227,Shia003732Vols,5345,1001,1235,176,92
97,705,1189,JK010344,515,342,1236,208,29
97,284,674,Shamela0009100,54,336,630,232,70
97,1,227,Shamela0009099,312,1117,1355,158,76
97,1,227,Shamela0023578,3178,124,349,176,96
97,1,227,Sham19Y0014283,13,1,257,173,83
97,1,227,Sham19Y0145435,211,1218,1442,176,96
97,1,227,Shia002359Vols,4191,610,839,176,94
97,1,227,Sham19Y0014328,64,262,486,175,96
99,1250,1545,Shamela0023789,857,620,954,207,74
99,909,1106,Shamela0022579,818,459,679,150,85
99,11,664,Shia002265Vols,3600,242,1045,390,56
99,82,671,JK009390,5116,637,1320,340,55
99,1240,1545,Shia002185Vols,197,244,591,224,77
99,1376,1521,Shia002185Vols,198,421,1261,96,14
99,229,664,Shia002185Vols,1011,1,558,280,59
99,18,192,Shia003752Vols,702,820,1075,123,61
99,1281,1545,Shamela0010614,230,12,281,189,80
99,11,664,JK000916,16577,788,1579,396,58
99,1217,1545,Shia003729Vols,124,816,1212,240,72
99,82,664,Shia003729Vols,183,36,839,341,48
99,11,671,Sham19Y0127677,4046,559,1359,398,57
99,221,664,Shamela0001438,5741,7,564,281,60
99,14,192,Shamela0010283,588,1331,1532,132,84
99,192,754,Shamela0010283,589,1,557,430,92
99,11,664,Shia004092Vols,6581,312,1103,395,58
99,14,413,Shia004092Vols,11823,1046,1594,252,52
99,1254,1545,ShamAY0000443,6277,1252,1532,175,67
99,11,192,Shia001336,33,713,974,125,60
99,1250,1545,Shia001432Vols,12287,749,1017,177,71
99,31,464,Shia001432Vols,12720,1129,1652,241,49
99,229,664,Shia001432Vols,26194,588,1171,294,62
99,1240,1532,Shia001432Vols,36063,358,692,216,78
99,229,618,Shia20200618,30,1010,1522,270,65
99,341,664,Shia001107Vols,92,668,1025,215,76
99,1250,1545,Sham19Y0018147,765,468,792,206,76
99,14,386,Shamela0003118,4840,978,1498,229,50
99,82,501,Shia001237Vols,2628,500,987,233,50
99,11,664,Masaha002310,104,555,1389,400,57
99,14,664,Shia001156,43,6,835,375,53
99,282,664,JK010344,584,8,453,223,55
99,14,781,Shamela0010646,495,101,908,592,88
99,229,664,Masaha002979Vols,730,359,943,281,58
99,1229,1545,Shia001294Vols,140,1217,1504,176,66
99,229,609,Rafed0001617Vols,31,1021,1529,265,64
99,11,598,Rafed0002654Vols,6573,848,1555,360,59
99,14,664,Rafed0002654Vols,12154,577,1430,412,56
99,11,618,Rafed0002654Vols,12158,741,1425,304,47
99,11,192,Shia001423Vols,238,412,684,124,57
99,11,192,Shia001423Vols,629,542,814,124,57
99,11,664,Masaha002349,37,28,699,308,47
100,992,1483,Shia001334,168,860,1354,284,55
100,634,971,Masaha002301,181,912,1243,246,88
100,1,557,Shamela0023789,857,954,1512,429,93
100,557,997,Shamela0023789,858,1,424,317,86
100,992,1561,Shamela0023789,861,439,1016,449,94
100,1037,1483,Rafed0001121,219,43,300,176,46
100,992,1483,Shia002265Vols,3604,681,1188,318,66
100,1142,1483,JK009390,5118,18,481,271,72
100,992,1242,Shia001900,60,530,782,199,96
100,1,889,Shia002185Vols,197,591,1580,695,85
100,974,1440,Shia002185Vols,323,197,682,342,82
100,992,1561,Shamela0010709BK3,21,471,1394,366,45
100,1,992,Shamela0010614,230,281,1311,758,88
100,992,1561,Shamela0010614,232,867,1435,449,95
100,992,1483,JK000916,271,177,683,315,65
100,58,283,ShamAY0033734,17,215,470,151,69
100,408,585,Shia003729Vols,113,774,959,134,89
100,1,352,Shia003729Vols,124,1212,1577,263,86
100,352,997,Shia003729Vols,125,1,592,453,87
100,634,961,Zaydiyya0000098,849,1023,1345,256,96
100,992,1478,JK001030,143,772,1176,238,50
100,266,971,Shia004020,163,566,1003,332,58
100,1,498,Shamela0023790,426,464,905,297,67
100,992,1483,Sham19Y0127677,4137,295,801,317,66
100,992,1483,Shamela0001438,5524,40,549,318,66
100,634,844,Noorlib0007954Vols,13,325,545,125,58
100,576,966,Shia004092Vols,3636,1141,1538,287,87
100,634,978,Shia001285,127,681,1025,202,63
100,622,978,Shia001285,185,60,339,187,63
100,38,978,ShamAY0000443,6278,1,906,675,86
100,992,1330,Shamela0009773,693,1240,1603,189,54
100,1037,1483,Shia001337Vols,183,43,301,175,46
100,984,1440,Shamela0036091,66,316,678,249,62
100,217,951,Shia001432Vols,11492,972,1506,355,54
100,1,526,Shia001432Vols,12287,1017,1584,408,87
100,526,978,Shia001432Vols,12288,1,424,312,81
100,1003,1457,Shia001432Vols,13260,1,343,154,35
100,1029,1561,Shia001432Vols,13270,1,900,395,53
100,992,1483,Shia001432Vols,13312,667,1165,286,55
100,992,1483,Shia001432Vols,13316,634,1021,207,42
100,589,978,Shia001432Vols,18679,766,1187,303,89
100,1142,1483,Shia001432Vols,26195,1,548,197,40
100,204,435,Shia001432Vols,36063,696,927,174,92
100,992,1298,Shia20200618,19,1318,1608,230,91
100,1298,1440,Shia20200618,20,1,183,107,72
100,992,1483,Shia001131Vols,330,821,1282,245,52
100,634,971,Shia003754Vols,37,209,540,246,88
100,634,984,Shia003754Vols,675,751,1121,271,90
100,1037,1489,Shia001278Vols,329,11,436,230,55
100,589,978,Shia001278Vols,932,946,1352,302,92
100,992,1132,Shia001107Vols,60,1380,1599,112,61
100,1132,1412,Shia001107Vols,61,1,303,206,79
100,992,1142,Masaha000554Vols,6234,836,981,114,90
100,1,831,Sham19Y0018147,765,792,1556,572,81
100,831,1561,Sham19Y0018147,766,1,762,544,88
100,992,1483,Shamela0003118,61,1033,1540,317,66
100,992,1483,Shia003675Vols,688,64,651,222,37
100,9,442,Shamela0000552,140,1123,1504,252,64
100,266,971,Zaydiyya0000258,145,259,695,331,58
100,589,810,Shia004525,448,208,438,159,84
100,207,881,Shia001368,317,916,1533,314,44
100,984,1440,ShamAY0001783,107,593,999,265,66
100,408,585,Shia003996Vols,628,1245,1387,113,79
100,585,824,Shia004030Vols,702,1229,1516,179,75
100,824,978,Shia004030Vols,703,1,163,114,87
100,992,1483,Shia003702,159,513,1113,236,40
100,992,1457,Masaha004561Vols,265,472,832,156,30
100,714,978,Shia004029,190,789,990,160,75
100,992,1440,Shamela0010646,1125,228,691,339,86
100,181,503,Masaha002979Vols,528,382,504,91,36
100,992,1392,Shamela0009100,50,255,572,256,78
100,66,978,Shia001294Vols,141,7,872,663,88
100,992,1545,Shia001294Vols,157,1056,1620,438,95
100,1154,1483,Shia001294Vols,160,1081,1392,172,63
100,992,1267,Rafed0001617Vols,20,1356,1615,206,90
100,1267,1440,Rafed0001617Vols,21,1,214,131,76
100,576,978,Rafed0002654Vols,3569,882,1312,301,86
100,984,1440,ShamAY0035891,20,1042,1413,246,60
100,207,365,Shia001416,135,1331,1523,111,73
101,1,486,Shamela0010768,44,913,1411,356,82
101,33,459,Shia001334,551,969,1519,241,48
101,22,267,Zaydiyya0000013,28,1301,1549,130,52
101,1,498,Shia002265Vols,981,840,1338,382,90
101,37,459,Zaydiyya0000352,344,1,559,223,43
101,1,459,JK009390,4859,1006,1485,359,89
101,33,534,Shia001900,148,137,785,264,44
101,1,498,JK001493,377,796,1487,292,49
101,22,534,Shamela0000558,418,1105,1514,285,68
101,5,267,Shia002185Vols,3866,838,1154,162,63
101,5,267,Shamela0005446,306,1067,1383,165,65
101,22,399,Shia003752Vols,726,289,721,231,61
101,1,236,Shamela0010614,298,1236,1509,189,84
101,236,498,Shamela0010614,299,1,266,215,98
101,593,808,Shamela0010614,458,849,1067,136,72
101,754,1010,Shamela0010614,479,619,1182,154,34
101,1,498,JK000916,16613,600,1115,378,87
101,1,498,Masaha002064Vols,115,407,1236,398,58
101,22,222,Masaha001954,142,1302,1504,116,64
101,33,459,Zaydiyya0000342,786,246,802,242,48
101,5,267,JK003609,4787,140,456,162,63
101,1,425,Shamela0023790,486,1132,1600,342,89
101,1,498,Sham19Y0127677,3915,283,786,381,90
101,5,282,Shamela0026520,93,1095,1478,176,57
101,1,498,Shamela0001438,5675,718,1219,381,90
101,17,187,Shia004092Vols,13134,830,991,125,88
101,1,216,Rafed0002905Vols,1163,1282,1454,128,71
101,759,871,Shamela0026803,147,371,493,82,86
101,1,390,Shamela0026803,151,1105,1516,203,53
101,22,498,Shia003704,307,949,1546,261,49
101,1,324,Shamela0004445,3672,1208,1538,258,94
101,324,498,Shamela0004445,3673,1,171,132,93
101,29,534,Shia001432Vols,26276,887,1522,216,37
101,33,459,Shia001432Vols,26289,261,810,238,47
101,5,267,Shia20200618,218,397,713,162,63
101,1,334,JK007082,241,1113,1486,258,80
101,334,498,JK007082,242,1,162,122,91
101,5,498,Shia001278Vols,415,744,1275,232,44
101,5,204,Shia001107Vols,435,1361,1608,124,63
101,22,282,JK010733,21,857,1215,165,57
101,598,759,Shamela0004473,12690,507,702,125,81
101,1,498,ShamAY0036737,178,289,820,388,86
101,1,498,Shamela0003118,4858,580,1091,385,91
101,22,251,Shia002389Vols,2209,1230,1477,157,72
101,1,459,Masaha004583,66,469,952,284,64
101,22,149,Shamela0012045,640,982,1140,79,54
101,5,267,Sham19Y0021505,81,710,989,147,59
101,22,459,Shia002406Vols,6217,143,602,271,66
101,22,402,Shia001156,61,830,1461,233,43
101,5,399,Shamela0010509,3,346,785,232,60
101,1,492,Shamela0009096,183,10,531,386,88
101,5,407,JK010344,616,53,652,233,47
101,22,459,JK009364,97,391,851,266,64
101,5,486,Shia001153,122,465,1153,272,47
101,57,267,Shamela0010646,38,7,255,135,66
101,996,1215,JK009288,292,171,442,159,72
101,22,402,JK009288,538,176,489,200,60
101,5,399,Masaha002979Vols,36,327,755,309,86
101,65,459,Shia001294Vols,169,1,410,240,64
101,5,267,Rafed0001617Vols,230,358,674,162,63
101,98,459,Zaydiyya0000229,307,30,521,209,49
101,17,187,Rafed0002654Vols,11744,1247,1408,125,88
101,5,267,Sham19Y0014309,1175,235,551,157,61
101,1,399,Shamela0001584,530,510,910,304,89
101,22,267,Shia001355,90,611,897,143,57
101,5,282,Shia002165,29,1045,1420,175,58
101,5,459,Masaha002349,284,750,1234,286,65
102,1338,1545,Sham19Y0000259,601,1137,1337,153,92
102,1338,1545,Shamela0010768,325,396,596,153,92
102,383,1003,Shia001334,349,5,707,345,54
102,314,810,Masaha002301,335,894,1472,334,68
102,407,810,Rafed0000040Vols,1599,667,1137,283,72
102,289,1008,Rafed0001121,241,367,1179,437,61
102,14,1011,Zaydiyya0000037Vols,292,231,1437,587,56
102,1343,1545,Shia002265Vols,193,426,623,149,93
102,1343,1545,JK009390,4781,467,665,149,92
102,1338,1545,Shia002185Vols,3837,850,1058,144,87
102,1338,1545,Rafed0003630Vols,1823,676,878,143,87
102,1338,1545,Masaha004559,50,60,260,143,87
102,1343,1545,JK000916,20116,623,821,149,92
102,1008,1316,Sham19Y0029676,834,846,1156,159,57
102,1326,1545,Shia003729Vols,219,454,700,156,80
102,1378,1545,Shia002102,47,1,167,125,94
102,236,852,Masaha001954,118,818,1479,325,55
102,14,810,Shia004020,164,303,1327,521,61
102,1343,1545,Sham19Y0127677,4087,1244,1475,145,77
102,1343,1545,Shamela0001438,5538,72,270,149,92
102,1343,1545,Shamela0010283,1682,993,1193,138,85
102,55,810,Shia002958,43,202,1136,496,64
102,1338,1545,Shia001140Vols,136,149,351,152,92
102,14,1008,Shia001140Vols,179,406,1501,599,63
102,407,810,Zaydiyya0000288,47,693,1177,282,70
102,1331,1545,Shamela0001585,334,1217,1430,153,89
102,55,1008,Shia001337Vols,197,238,1434,598,58
102,1326,1545,Shia001432Vols,23670,1076,1297,163,90
102,1338,1545,Shia001432Vols,26167,883,1085,153,93
102,1338,1545,Shia001122Vols,3387,790,992,153,93
102,14,681,Shia20200618,8,673,1558,428,58
102,1326,1545,Shia20200618,215,779,1026,155,79
102,182,624,Shia003636Vols,1662,5,388,239,62
102,1326,1545,Shia001107Vols,431,603,850,155,79
102,1192,1311,Shamela0005433,30,980,1115,90,84
102,1343,1545,Shamela0003118,5820,709,907,148,92
102,55,810,Zaydiyya0000258,146,92,1030,500,65
102,14,1016,Shia001553,273,157,1448,606,56
102,1338,1545,Masaha004583,67,1071,1265,147,89
102,80,1016,Shia001368,319,10,1025,557,62
102,80,904,Shia001368,321,544,1520,511,60
102,55,1003,Shia001148,351,49,1015,567,68
102,628,793,Shia003996Vols,663,1409,1584,120,85
102,1338,1545,Shia004030Vols,2352,1192,1433,150,78
102,624,815,Shia001322Vols,9,976,1168,136,84
102,248,1003,Shia001421Vols,403,478,1367,414,52
102,1343,1545,Shamela0010508,2,1093,1291,152,94
102,1326,1545,Shia001156,58,585,803,168,96
102,1338,1545,Shia001174Vols,4206,167,369,153,93
102,1353,1545,JK010344,618,1,195,141,91
102,1338,1545,Shia001153,62,18,220,153,93
102,1343,1534,ShamAY0034073,2400,1249,1436,138,91
102,1343,1545,ShamAY0034073,4483,990,1187,146,90
102,1343,1545,Sham19Y0022797,219,972,1170,147,91
102,1326,1545,Shamela0010646,133,1258,1495,155,80
102,1331,1545,JK009288,547,189,401,161,95
102,1192,1316,Shamela0009100,42,321,445,98,100
102,84,1003,Shia001294Vols,165,1,1222,571,55
102,1311,1545,Shia001294Vols,170,1325,1566,166,82
102,1180,1311,JK009365,593,546,687,95,85
102,1349,1545,Rafed0003462,301,963,1181,145,84
102,14,993,Rafed0001617Vols,9,372,1598,582,57
102,1326,1545,Rafed0001617Vols,227,677,924,156,80
102,1326,1545,Sham19Y0120146,45,433,648,148,79
102,14,806,Masaha003294,65,539,1559,523,62
102,187,1016,Shia001349Vols,481,1,839,441,56
102,1303,1545,Shamela0023741,12,391,639,154,78
102,1338,1545,Shia001355,186,967,1168,144,88
102,139,1016,Shia001663Vols,112,5,1068,529,59
102,14,810,Shia001416,122,532,1560,529,62
102,1425,1545,Shia002165,18,1,120,89,94
103,740,951,Shamela0010768,42,558,765,150,88
103,1,251,Shamela0010768,325,596,825,157,75
103,740,1046,Shia001334,106,327,693,216,73
103,696,951,Zaydiyya0000013,303,1080,1336,162,77
103,740,929,JK010473,241,1317,1490,134,88
103,273,497,Shia002185Vols,3832,346,552,154,82
103,711,921,Shia002185Vols,3879,1325,1529,143,85
103,273,437,Masaha004559,231,638,791,119,88
103,273,502,Shia003444,51,1,228,183,97
103,1,1155,Sham19Y0029676,836,104,702,444,47
103,1,273,Shia003729Vols,219,700,950,175,77
103,711,929,Shia003729Vols,221,823,1122,150,62
103,573,726,Shia003729Vols,226,173,337,120,91
103,711,951,Shia000363,151,1189,1431,158,81
103,894,1121,Shia002102,27,1029,1316,68,25
103,740,964,Sham19Y0127677,4029,731,980,150,74
103,730,951,Shia004021,110,233,439,146,81
103,740,951,Shamela0006897,127,1156,1355,143,84
103,740,951,Shia003704,310,325,531,149,87
103,261,497,Shia001432Vols,19156,102,320,164,83
103,711,951,Shia001432Vols,24425,608,846,156,80
103,1,256,Shia001432Vols,26167,1085,1344,169,72
103,740,1046,Shia001432Vols,26246,72,505,208,59
103,256,502,Shia001432Vols,26280,474,747,188,83
103,740,1046,Shia001432Vols,26594,129,495,217,73
103,266,497,Shia001432Vols,34220,256,470,156,78
103,1,256,Shia001122Vols,3387,992,1295,166,62
103,256,497,Shia20200618,214,957,1180,166,80
103,1,273,Shia20200618,215,1026,1276,159,64
103,711,951,Shia20200618,220,747,986,156,80
103,711,951,Shia001107Vols,439,1302,1541,156,80
103,356,502,Shamela0026484,569,1,143,119,97
103,740,1046,Shia001299,196,523,891,215,72
103,740,951,Shia001400,27,910,1127,149,85
103,21,256,Shia004030Vols,2353,1,242,149,69
103,803,951,Shamela0000765,85,556,713,109,86
103,273,502,Shia001615Vols,3099,1225,1481,173,82
103,692,951,Shia001615Vols,3599,936,1195,153,69
103,261,457,Shamela0008505,150,1341,1538,159,99
103,256,502,Shia003702,141,1069,1342,187,83
103,256,502,Shia001156,57,440,664,173,85
103,740,951,Shia001156,65,758,972,144,84
103,1,256,Shia001174Vols,4206,369,672,169,63
103,1,256,Shia001153,62,220,479,170,72
103,740,1046,Shia001153,103,108,540,209,59
103,711,951,Shia000806Vols,285,1433,1671,156,80
103,711,951,Shamela0010646,38,1074,1330,168,82
103,261,497,Rafed0003537Vols,501,382,605,162,78
103,1,273,Shia001294Vols,171,1,288,191,83
103,256,497,Rafed0001617Vols,226,887,1110,166,80
103,1,273,Rafed0001617Vols,227,924,1174,159,64
103,711,951,Rafed0001617Vols,232,778,1016,156,80
103,278,502,JK006919,158,138,316,138,75
103,1,256,Shamela0023741,12,639,867,159,77
103,803,929,Shia001355,260,781,1097,80,32
103,740,951,Sham19Y0013665,15,530,733,146,86
104,1086,1271,Zaydiyya0000348,7,1175,1374,131,85
104,242,553,Shamela0010768,44,617,805,145,57
104,235,553,Shia001782Vols,3261,510,701,134,52
104,242,553,JK000911,1051,487,722,171,65
104,1086,1271,Shia002185Vols,3822,537,734,132,86
104,235,528,Shia002185Vols,4254,1240,1581,190,62
104,242,553,Shamela0021502,161,723,900,145,56
104,242,517,Shamela0009783BK1,2064,1199,1474,172,66
104,1086,1271,Shamela0010614,243,617,795,130,88
104,227,568,Shamela0010614,433,109,476,210,64
104,242,553,Shia003444,51,1109,1291,146,57
104,242,455,Shia003729Vols,233,1402,1542,114,65
104,242,553,Shia002964Vols,814,1210,1397,140,54
104,235,553,Shamela0021493,143,282,476,142,53
104,242,553,Shamela0023700,680,497,684,140,54
104,247,553,Rafed0000401,306,859,1190,193,62
104,1475,1580,Shia004092Vols,6560,791,896,81,99
104,242,553,Shamela0001585,41,510,688,143,56
104,247,553,Shia001432Vols,27486,207,539,197,64
104,1086,1271,Shia20200618,212,1159,1351,132,88
104,247,465,Shia003636Vols,9810,1302,1501,142,75
104,1086,1271,Shia001107Vols,427,480,672,132,88
104,242,553,Shamela0026484,569,1024,1206,146,57
104,282,553,Shia001237Vols,429,1,300,167,60
104,242,553,JK001336,905,705,892,145,56
104,247,553,Shia001615Vols,2754,797,1127,192,62
104,242,553,Shia003727Vols,117,833,1066,169,64
104,235,553,Shamela0001733,794,632,826,142,53
104,213,481,Shamela0010646,33,1254,1518,217,98
104,1457,1580,Shamela0010646,494,1410,1533,87,90
104,1,217,Shamela0010646,1358,487,671,145,83
104,1086,1271,Masaha002979Vols,506,178,370,132,88
104,1086,1271,Rafed0001617Vols,224,1042,1239,132,86
104,235,553,JK009408,690,725,919,142,53
104,1475,1580,Rafed0002654Vols,6552,143,248,81,99
104,242,553,Sham19Y0145435,2367,1032,1342,198,68
105,987,1261,Shamela0023789,548,1201,1516,165,64
105,1,97,ShamAY0001760,174,779,874,72,97
105,1049,1324,Kraken220413030940,7,414,700,131,46
105,1,97,JK000916,16460,1334,1429,72,97
105,1087,1332,Masaha002064Vols,114,644,922,140,56
105,1,97,Kraken220218125253,848,664,759,68,93
105,1004,1324,Shamela0021554,136,638,1003,199,66
105,1035,1420,Kraken220413030759,218,5,442,202,54
105,182,327,Shamela0010283,1675,1194,1349,111,89
105,1,97,Shia004092Vols,6560,896,993,72,96
105,1,97,Shia004092Vols,11701,840,935,72,97
105,1020,1342,Shia001432Vols,26269,305,669,222,77
105,1,97,JK007082,252,580,675,72,97
105,1,97,Shamela0003118,4800,888,983,72,97
105,1004,1324,ShamIbadiyya0000610,136,643,1008,199,66
105,1,97,Sham19Y0018611,105,389,482,61,83
105,1107,1332,Shia002525,173,553,791,123,57
105,1130,1332,Shamela0030769,33,1,217,131,79
105,1025,1342,Shia003702,148,465,800,186,62
105,1012,1216,Shamela0009096,12,1319,1558,138,70
105,1,97,Shamela0028453,146,66,163,72,96
105,1,97,Shamela0010646,495,1,97,74,100
105,339,460,JK009288,221,1222,1346,93,93
105,1049,1324,JK009288,982,1,287,184,79
105,1012,1332,Shamela0009100,48,596,947,243,88
105,1016,1332,Zaydiyya0000035,50,912,1278,197,62
105,1,97,Rafed0002654Vols,6552,248,345,72,96
105,1,97,Rafed0002654Vols,12006,393,488,72,97
105,1012,1337,JK006919,910,709,938,148,56
105,1119,1324,Shia001355,87,245,389,100,61
105,1020,1324,Shamela0012031,118,272,618,186,63
106,771,1014,Zaydiyya0000013,17,1098,1499,96,22
106,483,730,Shia002265Vols,1825,12,280,167,72
106,483,730,JK009390,4941,248,516,167,72
106,478,730,ShamIbadiyya0000109,6232,652,878,159,77
106,336,735,Shia001782Vols,2709,1052,1467,202,57
106,483,730,Shamela0000209,20,754,1014,167,73
106,789,1300,Shia001134,119,6,596,368,75
106,766,1317,Masaha001954,127,315,789,314,69
106,483,738,Sham19Y0018272,1919,1148,1417,169,71
106,473,730,Shamela0036446,1293,948,1211,170,72
106,336,730,Sham19Y0127677,3739,413,788,197,56
106,483,730,Shamela0001438,5438,1077,1349,167,71
106,483,730,Shia002034Vols,259,705,964,166,73
106,478,735,Shamela0001585,295,1303,1541,160,74
106,483,738,Shia001432Vols,20656,54,338,149,61
106,783,1317,Shia001432Vols,26221,502,1124,366,71
106,766,1047,Shia001432Vols,26312,1377,1586,139,61
106,1047,1402,Shia001432Vols,26313,1,337,182,52
106,483,730,JK007082,520,187,464,158,66
106,259,397,Shamela0022892,26,149,289,105,95
106,402,730,Shamela0003118,4817,112,418,173,57
106,483,735,Shamela0008210,34,800,1068,148,64
106,478,730,JK001336,387,491,722,156,74
106,783,952,Shia001615Vols,3599,686,853,120,84
106,483,783,Masaha004561Vols,139,1195,1516,166,56
106,783,1283,Shamela0010646,40,126,597,345,83
106,771,1317,JK009288,679,669,1160,354,78
106,487,730,ShamAY0034644,128,1,270,160,71
106,795,1300,Shia001171,545,814,1406,359,71
106,336,748,Shamela0012884,404,706,1123,192,43
107,573,978,JK001324,206,1027,1271,113,32
107,10,138,Shia002185Vols,4269,1006,1133,102,98
107,365,477,Sham19Y0029676,834,919,1029,85,90
107,689,981,JK003609,4368,1117,1419,67,17
107,573,978,Zaydiyya0000288,220,29,411,162,40
107,573,978,Shia003727Vols,130,460,826,166,41
107,10,143,JK009288,736,999,1138,105,92
107,573,978,Shamela0023741,11,440,759,128,28
109,1298,1411,Sham19Y0000259,251,226,327,79,89
109,13,484,Rafed0000040Vols,2083,290,945,251,45
109,13,484,Shia002185Vols,1974,904,1585,253,44
109,804,1517,Sham19Y0029676,835,439,795,257,45
109,16,503,Shia001134,558,530,981,212,45
109,237,503,Shia001140Vols,174,44,314,136,55
109,24,503,Shia001285,373,240,700,253,55
109,16,503,Shia001432Vols,11418,773,1198,211,47
109,144,484,Shia001432Vols,11419,1,389,186,55
109,24,480,Shia001432Vols,11452,1091,1507,221,53
109,118,484,Shia001432Vols,14697,74,518,199,53
109,118,484,Shia20200618,94,81,495,202,56
109,149,484,Shia001107Vols,216,396,779,183,54
109,24,508,Shia001303,49,795,1264,243,53
109,24,503,Shia001294Vols,168,360,797,239,55
109,13,484,Rafed0001617Vols,99,122,739,253,48
110,1,275,Shia002265Vols,2851,125,394,194,84
110,1,275,JK009390,5013,684,953,194,84
110,1,279,Shia002185Vols,4259,655,938,201,85
110,1,313,JK000916,16630,579,927,208,71
110,1,275,Sham19Y0029676,835,795,1077,202,88
110,1,275,Shamela0023790,568,307,583,202,87
110,1,275,Sham19Y0127677,3915,1106,1375,194,84
110,1,275,Shamela0001438,5809,770,1039,194,84
110,26,275,Shamela0025791,920,1261,1492,173,86
110,1,275,JK007082,276,210,479,194,84
110,1,275,Shamela0003118,4864,347,616,195,84
110,1148,1294,Shamela0010646,494,1298,1463,108,80
110,1,283,Shamela0010646,1008,878,1170,213,89
111,154,331,Shia002185Vols,1173,1,217,128,74
111,143,274,Masaha001978Vols,192,264,412,97,81
111,143,331,Shia003729Vols,112,1,229,137,76
111,143,331,Shia001432Vols,13293,251,471,138,79
111,143,359,Shia20200618,32,201,443,147,75
111,139,352,Shia003754Vols,694,194,412,123,67
111,143,274,Shia001107Vols,94,1464,1606,97,84
111,139,352,Shia001156,59,726,1021,124,52
111,143,359,Rafed0001617Vols,33,237,480,147,74
111,74,331,Shia001300,131,713,998,152,67
112,796,943,Zaydiyya0000013,326,38,195,99,76
112,621,796,Shamela0023789,575,722,861,104,72
112,638,796,Sham19Y0000760,574,1359,1483,94,72
112,796,943,Shia002265Vols,1006,406,547,102,89
112,621,791,Zaydiyya0000352,342,1395,1546,105,70
112,796,943,JK009390,4863,1084,1229,106,88
112,1039,1180,ShamAY0005375,424,637,756,89,78
112,605,820,Masaha002064Vols,114,1262,1514,145,70
112,820,1062,Masaha002064Vols,115,1,262,172,83
112,1180,1429,Shamela0036515,1451,819,1479,178,33
112,948,1067,Sham19Y0036072,123,1200,1315,90,95
112,605,796,Sham19Y0036072,170,591,783,138,87
112,1272,1472,Sham19Y0036072,198,297,519,148,81
112,796,943,Sham19Y0036072,208,879,1028,106,89
112,796,948,Shamela0023790,517,1277,1424,110,92
112,796,943,Sham19Y0127677,3915,30,167,99,87
112,796,943,Shamela0001438,5810,1034,1175,102,89
112,605,791,Shamela0000514,45,437,558,95,64
112,590,791,Shamela0026803,151,817,1025,133,72
112,796,948,Shamela0012828,39,1126,1283,89,70
112,799,1044,Shia001432Vols,16522,759,1227,120,28
112,671,791,Shia001432Vols,26292,98,222,94,95
112,799,1044,Shia003636Vols,1756,251,722,120,28
112,1219,1472,Shamela0026484,621,840,1204,183,62
112,638,791,ShamAY0036737,171,354,512,120,96
112,608,791,Shamela0005355,24,408,589,131,86
112,807,1044,Shia001154,96,277,721,110,27
112,645,791,Masaha003390Vols,119,796,942,109,92
112,612,791,Shamela0008505,74,1014,1202,137,93
112,796,943,Shamela0008505,77,1126,1275,106,89
112,621,791,ShamAY0035035,6603,1,335,104,35
112,671,791,Shia001153,130,1428,1552,94,95
112,799,1044,Shia000806Vols,184,556,1032,120,27
112,645,791,Shamela0010646,49,177,285,85,73
112,948,1062,JK009365,469,533,648,73,70
112,1062,1180,Sham19Y0120146,76,1062,1181,89,94
112,608,791,Sham19Y0120146,108,96,264,121,82
112,81,222,JK006919,707,1326,1471,97,83
112,629,796,JK006919,894,956,1121,116,81
112,799,955,Rafed0000609Vols,564,1099,1220,83,68
113,533,1211,Shia001782Vols,3137,249,999,360,48
113,327,787,Shia002185Vols,4271,782,1017,179,48
113,533,934,JK000916,5179,1048,1392,199,53
113,582,1140,JK001030,146,118,692,299,52
113,566,1211,Shia001278Vols,828,11,692,276,41
113,792,1211,Shamela0003118,1844,1,466,234,51
113,533,1017,Shia003699,69,875,1437,263,48
113,792,1124,Masaha004561Vols,267,404,829,216,54
113,533,1000,Shamela0001733,600,993,1530,257,50
113,530,787,Shamela0001733,601,348,559,109,50
113,1319,1576,JK009288,485,1261,1517,175,73
114,116,1187,Sham19Y0000259,774,166,1364,507,42
114,128,724,Shia000043Vols,280,1067,1578,252,49
114,733,1273,Shia000043Vols,281,15,576,280,51
114,116,1020,Shamela0023789,860,494,1550,490,50
114,215,431,Rafed0001121,219,1014,1213,129,63
114,116,1145,Zaydiyya0000352,182,304,1533,573,52
114,116,780,Shia002185Vols,297,205,1104,384,50
114,352,999,Shia002185Vols,300,258,1218,223,25
114,128,590,Kraken220413203004,109,1149,1556,293,75
114,598,1273,Kraken220413203004,110,1,905,337,40
114,116,772,Shamela0010614,231,622,1325,416,67
114,849,1273,Shamela0010614,232,15,582,229,46
114,116,1181,Shia003444,45,450,1512,825,95
114,733,1273,Masaha002064Vols,106,781,1397,259,43
114,116,960,Shia003729Vols,112,586,1550,550,63
114,960,1273,Shia003729Vols,113,1,371,180,54
114,128,1273,JK000927,3460,308,1504,612,55
114,128,716,Zaydiyya0000142,3864,309,805,316,63
114,226,1273,Sham19Y0036072,343,5,1184,821,86
114,716,1214,Shamela0023790,426,978,1534,211,38
114,849,1273,Shamela0009654,164,679,1275,212,44
114,116,780,Shamela0009773,726,753,1404,325,48
114,116,485,Sham19Y0147597,713,728,1237,227,50
114,215,431,Shia001337Vols,183,1019,1218,129,63
114,742,1208,Sham19Y0013223,2056,889,1574,208,32
114,116,780,Sham19Y0013223,2056,33,928,382,50
114,116,280,Shia001432Vols,13265,1293,1628,114,41
114,742,1276,Shia001432Vols,13266,532,1347,262,35
114,283,780,Shia001432Vols,13266,1,571,264,53
114,215,431,Shia001432Vols,13317,236,455,146,72
114,639,780,Shia001432Vols,13318,866,1003,88,77
114,780,926,Shia001432Vols,13319,1030,1199,103,78
114,116,1080,Shia001432Vols,13320,474,1547,753,86
114,1080,1305,Shia001432Vols,13321,1,207,152,82
114,116,280,Shia001122Vols,1988,1114,1504,121,38
114,283,780,Shia001122Vols,1989,1,560,260,52
114,799,1273,Shia001122Vols,1989,762,1335,240,46
114,116,582,Shia20200618,17,973,1589,273,48
114,849,1273,Shia20200618,18,440,1018,238,49
114,128,867,Shia001131Vols,329,780,1545,346,48
114,669,1276,Shia001278Vols,330,1,664,338,58
114,188,576,Shia001107Vols,56,620,994,206,57
114,914,1273,Shia001107Vols,58,41,526,203,49
114,116,1136,Shamela0026484,563,491,1511,800,96
114,1136,1305,Shamela0026484,564,1,153,112,82
114,716,1273,Sham19Y0018147,813,908,1387,331,68
114,849,1273,ShamAY0001783,107,21,572,238,51
114,116,991,Shia001148,308,583,1546,677,86
114,991,1305,Shia001148,309,1,296,225,87
114,116,834,Shamela0008505,10,661,1513,558,79
114,834,1305,Shamela0008505,11,1,448,350,92
114,128,1273,Kraken22021606121201,1299,309,1501,571,51
114,128,886,Masaha004561Vols,262,209,1334,405,40
114,892,1273,Masaha004561Vols,263,1,674,237,43
114,1026,1331,Shamela0009100,46,485,736,186,77
114,226,431,Shia001294Vols,161,548,731,124,65
114,639,780,Shia001294Vols,162,1164,1301,89,78
114,116,538,Rafed0001617Vols,18,1032,1585,234,47
114,617,1273,Rafed0001617Vols,19,135,1069,314,40
114,116,957,Zaydiyya0000229,150,457,1464,508,55
114,849,1273,ShamAY0035891,20,440,1028,237,47
114,116,352,Shamela0009851,236,67,194,93,50
114,748,1273,Shia003075,164,396,1219,305,45
114,215,724,Rafed0000609Vols,276,1008,1563,278,56
114,742,1020,Rafed0000609Vols,277,25,423,122,36
114,226,780,Rafed0000609Vols,643,1,622,308,56
114,742,1273,Rafed0000609Vols,643,583,1393,260,35
114,1030,1328,Sham19Y0017768,1756,382,597,150,63
114,381,716,Shia001626Vols,199,126,424,198,69
114,784,982,Tafsir07076,4237,1154,1358,129,71
115,1235,1553,Shia003764Vols,857,1162,1519,213,73
115,178,672,Rafed0000040Vols,1845,162,643,350,85
115,1290,1553,ShamAY0038405,386,1,237,165,74
115,449,672,Shia002185Vols,3959,1286,1501,112,61
115,178,672,Shia002185Vols,4271,1076,1555,330,78
115,1137,1230,Kraken2106220218081,436,1246,1337,68,95
115,178,672,Zaydiyya0000191,134,584,1061,329,79
115,467,677,Zaydiyya0000191,135,890,1622,159,26
115,178,597,Sham19Y0016494,245,240,570,175,43
115,449,672,Masaha003492Vols,209,988,1171,95,53
115,467,672,Shia001976Vols,124,493,680,86,51
115,182,672,Shia002759,510,526,966,319,78
115,1235,1553,Shia004092Vols,13187,24,375,209,71
115,230,672,Shamela0011816,694,1057,1431,184,47
115,218,689,Shia001432Vols,13439,785,1248,224,49
115,164,672,Shamela0022547,1516,590,1016,220,50
115,1275,1504,Shia001237Vols,3400,5,266,160,73
115,218,689,Shia001615Vols,3660,650,1091,214,47
115,182,672,Shamela0008505,231,13,484,345,85
115,1115,1553,Shamela0008505,449,490,1209,300,52
115,1235,1553,Shamela0023735,2270,446,803,215,73
115,230,672,Shia002009,69,152,586,206,51
115,218,545,Masaha004561Vols,270,1239,1518,130,42
115,178,693,Masaha004561Vols,271,906,1316,269,61
115,182,672,Masaha004561Vols,485,1048,1521,349,86
115,182,672,JK006801,1047,112,563,218,49
115,467,672,Shamela0021765,534,94,285,81,47
115,182,742,Shamela0021765,2519,843,1433,247,45
115,1235,1553,Rafed0002654Vols,11976,567,920,213,72
115,402,672,Rafed0001325,507,1,280,213,92
115,182,672,Sham19Y0037618,6170,975,1426,218,49
116,26,1049,Shia003764Vols,858,1,1041,780,90
116,1054,1259,Zaydiyya0000013,316,1144,1352,128,73
116,6,1127,ShamAY0038405,386,237,1365,808,85
116,6,918,Shia003444,54,577,1476,700,93
116,327,939,Shia004092Vols,3180,778,1555,412,59
116,327,557,Shia004092Vols,3196,252,460,160,86
116,19,720,Shia004092Vols,6545,953,1524,390,67
116,720,1049,Shia004092Vols,6546,1,302,233,84
116,6,267,Shia004092Vols,11694,1264,1515,191,91
116,281,1033,Shia004092Vols,11695,1,733,571,92
116,6,1049,Shia004092Vols,13187,375,1411,784,89
116,6,959,Shamela0009790,366,602,1514,704,90
116,6,1049,Shia003636Vols,1300,442,1485,794,91
116,6,1049,Shia003636Vols,3301,83,1155,807,92
116,6,1033,Rafed0002530Vols,360,119,1133,770,90
116,6,1049,Shamela0026484,572,348,1318,753,88
116,622,1121,Shamela0001043,225,700,1209,334,72
116,327,1049,Shia001237Vols,3400,277,1030,561,89
116,6,327,Shia001237Vols,4108,781,1125,249,91
116,1049,1259,JK001336,139,1248,1522,153,65
116,6,285,Shamela0008505,449,1209,1496,217,96
116,285,1049,Shamela0008505,450,1,786,592,90
116,1098,1259,Shamela0008505,469,372,517,118,88
116,6,724,Shamela0023735,2270,803,1500,539,92
116,724,1049,Shamela0023735,2271,1,341,246,85
116,327,982,Shamela0023695,1119,246,768,354,63
116,15,844,Masaha002979Vols,1079,841,1522,480,69
116,844,1049,Masaha002979Vols,1080,1,178,142,85
116,15,1033,Masaha003296Vols,224,102,1148,751,86
116,327,700,Rafed0002654Vols,3125,981,1530,235,47
116,700,1049,Rafed0002654Vols,3126,1,321,250,86
116,327,537,Rafed0002654Vols,3140,1248,1436,144,85
116,15,267,Rafed0002654Vols,6536,1308,1511,149,74
116,267,1049,Rafed0002654Vols,6537,1,677,478,72
116,6,547,Rafed0002654Vols,11975,1029,1540,393,90
116,6,660,Rafed0002654Vols,11976,920,1526,460,87
116,720,906,Rafed0002654Vols,13894,1,183,140,87
117,1,179,Shamela0096239,33,990,1269,135,58
117,1,179,Sham19Y0122255,31,1049,1328,135,58
117,1,179,Shamela0006590,114,568,850,142,61
117,1008,1534,Rafed0000862,137,918,1478,397,88
117,1,179,Shamela0008360,875,881,1168,141,60
117,1,171,Shamela0026554,14,206,480,131,58
117,1,179,Shamela0012403,1008,1170,1455,139,60
117,1,179,Shia003461Vols,337,435,711,139,61
117,369,550,Masaha001978Vols,297,1361,1520,107,72
117,27,179,Sham19Y0029560,67,761,1006,114,57
117,8,179,JK000916,847,807,1071,125,58
117,1,257,Masaha001864Vols,451,484,1325,173,23
117,1,154,Shamela0026430,4,1290,1547,118,55
117,1,179,Shamela0008176,7267,1152,1439,139,59
117,1,179,JK006838,117,1140,1436,138,57
117,1,206,JK006838,118,429,655,163,88
117,1,179,JK000786,3267,394,698,140,56
117,27,179,Sham19Y0122257,3273,1145,1340,120,75
117,1,179,Sham19Y0127677,3672,368,653,138,59
117,1,179,Zaydiyya0000059,1589,240,524,129,54
117,1,257,Masaha003492Vols,861,1036,1329,192,77
117,1008,1534,Shia004092Vols,11663,179,673,383,92
117,369,860,Shia003656Vols,897,100,543,231,50
117,55,179,Shamela0000782,1243,1,146,97,82
117,8,179,Shamela0012318,446,58,280,127,70
117,1,179,Shamela0009773,329,418,706,139,59
117,1,179,Shamela0004445,2648,801,1086,139,60
117,1,179,JK000918,221,684,968,137,59
117,1,171,Shia001432Vols,7054,1168,1436,134,61
117,369,664,Shia001432Vols,16167,1190,1494,169,61
117,1,179,Sham19Y0013614,791,1028,1313,137,59
117,55,179,Shamela0000700,2,15,160,92,79
117,1,179,Shamela0009091,16,108,384,134,59
117,369,700,Shia003636Vols,881,971,1299,185,59
117,1,179,Sham19Y0017791,1964,958,1243,138,59
117,1,179,Shamela0010803,172,729,1014,136,58
117,1,179,Sham19Y0017063,1505,245,530,138,59
117,27,179,Shamela0035100,645,53,258,120,72
117,1012,1401,Shia004030Vols,2290,1111,1494,271,85
117,1078,1534,Shia001421Vols,371,1,460,312,83
117,369,891,Shia003757,195,1,634,229,36
117,1,179,Sham19Y0016976,1777,834,1119,138,59
117,1,202,Shia003895Vols,231,1225,1452,161,86
117,1,179,Sham19Y0014119,621,1153,1438,138,59
117,1008,1534,Shamela0010646,36,282,776,383,92
117,340,908,Shamela0010646,1366,813,1398,429,86
117,1,230,Masaha002979Vols,310,497,802,155,58
117,1,179,Shamela0007891,2289,710,993,139,60
117,1,179,Shamela0030435,32,338,605,139,63
117,27,179,Masaha003104,45,907,1093,109,69
117,1,179,Shamela0010906,642,215,510,138,57
117,27,179,Masaha003032,18,272,465,115,74
117,1,179,Shamela0023647,6,829,1113,139,60
117,27,179,Shamela0000736,4380,6,196,119,77
117,1008,1534,Rafed0002654Vols,11941,456,950,383,92
117,369,891,Masaha003294,93,511,988,253,51
117,55,179,Sham19Y0127700,33,30,175,97,82
117,369,891,Shia001349Vols,944,487,963,250,51
117,1,179,Shia002119Vols,3512,201,492,139,58
117,578,913,Shia001423Vols,490,914,1180,143,48
117,1,179,Shamela0023833,244,230,503,139,62
117,1,179,ShamAY0038637,27,44,327,138,60
118,731,1003,Shia002265Vols,4942,153,411,183,77
118,575,725,Shia002265Vols,5416,569,722,112,90
118,590,725,Zaydiyya0000352,345,143,419,93,42
118,708,1003,JK009390,5273,450,748,194,75
118,587,725,JK009390,5326,25,170,107,93
118,580,725,Shia002185Vols,3954,980,1134,111,90
118,731,966,Shia002185Vols,3958,1322,1548,178,92
118,766,991,Shamela0012929,756,1321,1544,156,82
118,708,913,Shamela0001687,4934,1400,1606,97,49
118,708,930,Masaha002064Vols,102,1113,1349,115,53
118,731,1003,Masaha002064Vols,648,945,1222,181,68
118,731,1003,Shamela0021660,862,580,826,183,81
118,731,1003,Sham19Y0127677,4132,725,981,182,77
118,570,725,Sham19Y0127677,18110,993,1378,100,32
118,731,1003,Sham19Y0127677,18398,529,815,198,84
118,460,570,Masaha003492Vols,915,298,409,89,99
118,695,1003,Masaha003492Vols,944,1087,1366,210,83
118,587,725,Masaha003492Vols,994,353,497,110,95
118,575,717,Shamela0001438,5530,1427,1572,105,89
118,731,1003,Shamela0001438,5754,209,467,184,78
118,731,1003,Shia004092Vols,2892,81,347,199,87
118,731,940,Shia004092Vols,6441,1340,1529,142,83
118,708,1003,Shia004092Vols,11571,197,491,194,76
118,1318,1539,Shamela0007012,228,403,630,169,92
118,590,717,Shia001432Vols,3191,242,494,96,48
118,766,1003,Shia001432Vols,15375,301,544,171,84
118,590,717,Shia001432Vols,33097,1203,1440,99,52
118,731,1016,JK007040,287,183,489,159,58
118,587,725,Sham19Y0018197,37,966,1109,110,96
118,747,1003,Sham19Y0148486,6422,1,248,186,87
118,575,725,Shia003895Vols,366,907,1056,115,92
118,731,1003,Shia003895Vols,369,317,585,195,84
118,774,1003,Sham19Y0146127,3555,1,220,165,87
118,590,725,Zaydiyya0000229,308,84,360,91,41
118,731,1003,Rafed0002654Vols,2791,302,563,199,89
118,790,1003,Rafed0002654Vols,6435,1,200,155,88
118,731,1003,Rafed0002654Vols,11835,576,845,184,78
118,708,1003,Sham19Y0016782,422,50,363,161,61
119,472,592,Shia001334,219,1296,1400,76,81
119,606,1181,Shia001334,220,1,651,279,45
119,477,1087,Zaydiyya0000013,304,695,1460,428,68
119,1201,1483,Zaydiyya0000013,343,536,859,218,84
119,700,1052,Rafed0001121,330,1,554,190,39
119,477,980,JK010552,743,764,1440,292,51
119,975,1209,JK010552,744,8,278,143,58
119,477,1196,Shia002265Vols,5401,441,1148,529,92
119,588,842,Zaydiyya0000352,175,1097,1527,156,46
119,851,1193,Zaydiyya0000352,176,1,553,220,49
119,477,1147,JK009390,5318,792,1458,493,91
119,669,1196,Shia001900,158,332,899,321,62
119,592,1144,JK001493,380,12,681,274,42
119,532,696,Shamela0002864,747,483,648,88,65
119,472,1189,Shamela0000482,326,131,848,441,68
119,639,1189,Shia002185Vols,202,174,686,278,54
119,1243,1483,Shia002185Vols,3394,530,1126,177,37
119,123,262,Shia002185Vols,3960,407,540,91,72
119,33,354,Shia002185Vols,3964,515,1062,151,33
119,1272,1483,Shamela0012929,487,1,209,163,96
119,623,1193,Kraken220413203004,94,156,930,361,57
119,774,949,Kraken2106220218081,407,1,282,124,57
119,472,1052,JK000916,12779,733,1337,174,26
119,477,1209,JK000916,16619,418,1478,428,47
119,477,1196,Masaha002064Vols,128,59,833,531,82
119,1201,1431,Masaha002064Vols,264,1207,1469,158,76
119,1243,1375,Shamela0010529,173,1251,1405,86,64
119,592,1029,Zaydiyya0000364Vols,823,802,1256,245,62
119,472,1196,Shia002102,44,731,1444,541,92
119,623,1189,Shia002102,51,94,891,357,52
119,1247,1483,Masaha001954,141,699,998,162,65
119,810,1033,Shia001186,139,636,1062,132,37
119,1201,1483,Shamela0006896,353,773,1056,202,85
119,1201,1483,Sham19Y0023644,2372,169,502,177,62
119,619,1014,Masaha004698,160,771,1414,246,46
119,477,1196,JK007001,18,681,1387,540,94
119,1201,1483,Shia002992Vols,3330,275,819,170,37
119,1196,1483,Shamela0023790,72,436,723,224,98
119,477,794,Shamela0023790,74,1181,1489,233,94
119,794,1209,Shamela0023790,75,1,415,319,95
119,1306,1483,Shamela0023790,338,1264,1437,124,78
119,477,1196,Sham19Y0127677,3973,141,846,526,91
119,477,1196,Masaha003492Vols,307,576,1301,554,95
119,1201,1483,Masaha003492Vols,798,532,814,224,99
119,477,743,Shamela0001438,5675,1277,1538,198,92
119,743,1209,Shamela0001438,5676,1,459,338,91
119,619,1189,Shia002759,187,450,1304,353,49
119,482,1181,ShamAY0000443,6275,15,1184,405,40
119,491,736,eScr20110913,72,980,1477,133,30
119,628,1052,Shia001337Vols,272,735,1413,230,39
119,123,262,Shamela0007012,253,1218,1347,106,92
119,477,1196,Shamela0007012,265,627,1349,537,90
119,639,876,Shamela0007012,266,623,1052,94,26
119,1201,1483,Shamela0007012,271,1170,1452,224,99
119,537,1181,Shia001432Vols,296,1,1120,394,42
119,472,588,Shia001432Vols,493,1355,1456,74,81
119,592,1181,Shia001432Vols,494,69,742,294,46
119,628,935,Shia001432Vols,3660,1107,1417,197,73
119,1243,1483,Shia001432Vols,13107,701,1297,177,37
119,1247,1483,Shia001432Vols,15901,665,1186,162,37
119,1243,1483,Shia001432Vols,15923,691,1282,177,37
119,763,1189,Shia001122Vols,45,1,722,279,47
119,669,1189,Shia20200618,13,4,482,260,54
119,491,975,Shia001131Vols,98,533,1279,286,44
119,935,1189,Shia001131Vols,99,28,331,145,57
119,1247,1445,Shia003636Vols,1607,587,931,136,47
119,1247,1445,Shia003636Vols,11739,400,745,136,46
119,1201,1483,Shamela0003118,3459,1168,1449,224,99
119,472,615,Shamela0003118,3852,1165,1419,60,30
119,477,1196,Shamela0003118,4859,255,982,427,65
119,491,949,Shia001237Vols,4316,645,1380,276,44
119,639,1181,Masaha004583,69,275,982,324,53
119,1243,1483,Shamela0029677,1768,969,1555,177,37
119,1243,1483,ShamAY0001783,287,959,1547,180,38
119,619,1189,Masaha000001Vols,44,362,1207,356,50
119,623,1193,Zaydiyya0000331,15,185,959,359,57
119,592,970,Zaydiyya0000004,432,1015,1419,238,67
119,619,1144,Shia001174Vols,632,669,1444,330,50
119,477,1189,JK000001,144,151,815,407,65
119,532,1144,Kraken220413202218,56,284,728,277,53
119,615,1117,Shamela0010646,44,210,749,273,57
119,588,1144,Zaydiyya0000079,23,541,1456,351,48
119,615,1108,Masaha002979Vols,824,278,849,265,51
119,1247,1483,Shamela19Y0145334,1958,289,592,164,63
119,588,1196,Shamela0036040,8,393,895,359,75
119,623,1181,Shia001294Vols,137,47,854,347,51
119,472,1177,Shamela0008459,140,931,1450,273,46
119,639,880,Rafed0001617Vols,13,1249,1473,152,75
119,1243,1483,Rafed0001617Vols,191,573,1169,182,38
119,623,1193,Zaydiyya0000229,144,83,856,357,56
119,797,1189,Shia001187Vols,7062,1,703,254,44
119,556,1196,ShamIbadiyya0000942,110,1,612,387,70
119,1201,1415,ShamAY0034478,94,35,239,153,90
119,619,1189,Tafsir04042,183,576,1425,356,50
119,619,1189,Rafed0001325,186,14,869,357,49
119,619,1082,Tafsir04040,783,761,1474,292,49
120,977,1117,Shamela0012981,203,326,465,107,95
120,964,1117,Rafed0000040Vols,1453,729,886,122,96
120,161,511,JK000911,864,936,1244,198,65
120,194,511,Shia002185Vols,146,740,1053,211,73
120,296,584,Shia002185Vols,3966,1,293,220,95
120,194,511,Shamela0009783BK1,1718,226,510,190,68
120,964,1121,Shamela0025794,230,642,798,121,96
120,194,579,JK000916,16547,1035,1427,305,97
120,964,1093,JK006838,1531,665,791,101,96
120,366,579,Shamela0009789,199,892,1108,167,98
120,964,1083,Zaydiyya0000059,1282,1204,1551,91,32
120,194,511,Shamela0010283,4196,541,842,204,73
120,964,1112,Shia004092Vols,11843,425,572,117,97
120,146,579,Shamela0007012,273,14,449,310,83
120,194,511,Shia001432Vols,12104,673,1006,207,68
120,194,481,Shia003636Vols,1315,1215,1478,174,68
120,194,384,Shamela0003118,4827,1296,1491,153,97
120,384,579,Shamela0003118,4828,1,197,154,99
120,964,1112,Shamela0035100,625,1210,1359,119,99
120,122,511,Shia004030Vols,1896,269,610,227,67
120,964,1117,JK006833,264,553,706,122,98
120,964,1112,JK006833,265,732,880,118,98
120,194,511,Sham19Y0145435,2050,118,419,204,73
121,96,373,Sham19Y0000259,382,646,984,203,73
121,805,1022,Shamela0006617,966,696,918,159,86
121,805,1060,Sham19Y0013769,264,144,408,195,92
121,805,1011,Shia002265Vols,5406,1113,1313,153,91
121,103,557,JK009390,5237,9,687,285,49
121,767,1022,JK009390,5324,187,423,170,81
121,805,1060,Shia001900,139,549,806,201,97
121,96,390,Shia001900,145,538,904,183,59
121,1307,1594,Shia001900,148,990,1287,223,92
121,99,380,Shia002616Vols,219,361,648,191,74
121,767,1071,Shamela0000558,418,114,411,204,80
121,1307,1477,Shia002185Vols,2223,524,701,135,93
121,786,1060,Shia002185Vols,3828,1171,1448,201,89
121,103,557,Shia002185Vols,3834,775,1277,332,79
121,96,582,Shia001137,267,642,1395,278,45
121,786,1060,Shia001544Vols,901,158,426,201,88
121,99,333,Shia003729Vols,101,101,352,169,80
121,805,1060,Shia003729Vols,101,952,1217,192,90
121,1282,1558,Shia002102,35,928,1222,205,84
121,800,1060,Shia002102,50,595,869,202,91
121,805,1060,Masaha001954,123,1268,1462,142,68
121,805,1051,Shamela0021493,81,1180,1436,192,92
121,800,935,Shamela0021493,205,678,825,91,72
121,786,939,Shia003961Vols,528,258,399,107,84
121,805,1065,Shamela0012581,325,305,565,196,92
121,805,1060,Sham19Y0023644,2406,89,286,144,68
121,805,935,JK000786,3681,1242,1381,88,74
121,767,1060,Shamela0026884,237,899,1207,182,68
121,805,1022,Sham19Y0127677,4107,472,671,145,83
121,96,567,Sham19Y0127677,4115,743,1419,297,51
121,805,1060,Sham19Y0127677,18367,1081,1353,195,89
121,96,557,Shamela0001438,5681,115,797,304,52
121,805,1011,Shamela0001438,5973,371,561,144,86
121,786,935,Shia001432Vols,1478,1401,1546,112,91
121,96,362,Shia001432Vols,15484,1126,1517,180,55
121,96,574,Shia001432Vols,23515,353,1104,282,46
121,99,557,Shia001432Vols,23516,777,1307,347,80
121,786,1060,Shia001432Vols,23625,469,748,204,88
121,96,557,Shia001432Vols,23879,972,1505,349,80
121,1307,1477,Shia001432Vols,24653,1128,1305,135,93
121,786,935,Shia001432Vols,25352,611,764,112,86
121,380,557,Shia001432Vols,25948,82,275,129,83
121,96,574,Shia001432Vols,26238,145,904,272,43
121,805,1060,Shia001432Vols,26309,131,394,198,93
121,767,1011,Sham19Y0014592,3065,855,1100,168,83
121,1307,1477,Shia20200618,137,911,1088,135,93
121,876,1060,Shia20200618,214,1,203,141,86
121,157,809,Shia20200618,215,1,727,485,80
121,1307,1477,Shia001107Vols,293,1329,1506,135,93
121,786,1060,Shia001107Vols,429,81,368,205,86
121,99,712,Shia001107Vols,430,407,1498,453,51
121,152,326,Masaha000554Vols,818,468,658,134,85
121,828,1060,Sham19Y0014224,103,1,241,177,91
121,805,935,Shia001237Vols,2891,465,598,105,97
121,786,935,Shia001615Vols,801,284,437,112,86
121,1307,1477,Shia001615Vols,2258,944,1110,126,91
121,800,1022,Shia003732Vols,5106,58,283,161,86
121,99,333,Shia001156,57,1306,1593,180,76
121,340,809,Shia001156,58,10,533,355,83
121,1295,1594,Shia001156,58,1119,1425,233,93
121,805,1060,JK001288,141,181,400,136,63
121,805,1060,Masaha002880Vols,261,660,922,197,93
121,1282,1563,JK009288,129,563,847,206,85
121,767,1022,Masaha002979Vols,295,8,308,176,71
121,380,557,Masaha002979Vols,416,841,1013,107,73
121,882,1060,Masaha003104,114,1,189,137,90
121,152,369,Shia003706,214,827,1077,140,66
121,1307,1594,Shia001294Vols,138,554,811,187,80
121,96,511,JK009365,329,963,1452,298,74
121,1307,1477,Rafed0001617Vols,143,119,296,135,93
121,786,943,Rafed0001617Vols,225,1393,1549,118,90
121,258,809,Rafed0001617Vols,227,1,625,412,80
121,362,557,Shia001187Vols,1821,849,1066,145,82
121,562,712,Shia001187Vols,4349,813,972,120,93
121,805,1060,JK000022,77,1,263,196,92
121,96,483,JK000022,80,1000,1629,281,54
121,96,557,JK000022,2017,349,1086,330,54
121,805,1026,JK000022,3922,1266,1503,173,89
121,800,1022,Shia000220Vols,3885,1074,1300,166,90
121,805,1060,Shamela0012031,115,1206,1400,142,68
122,1310,1465,Shia002265Vols,3604,1217,1430,99,52
122,896,1284,Zaydiyya0000352,344,1043,1459,298,89
122,1310,1465,JK009390,5118,510,724,99,52
122,159,311,JK000911,1077,1420,1572,102,79
122,311,743,JK000911,1078,1,483,292,70
122,435,748,Shia002185Vols,456,411,682,166,65
122,211,743,Shia002185Vols,1148,1,592,362,70
122,923,1284,Shia002185Vols,1469,6,362,243,79
122,896,1284,Kraken220413203004,119,623,1038,296,88
122,159,743,Shamela0009783BK1,2107,355,1005,408,74
122,1300,1470,Shamela0010709BK3,21,1035,1238,107,62
122,1310,1465,JK000916,271,712,925,100,54
122,71,743,JK000916,13106,594,1353,477,77
122,901,1121,Shia003729Vols,103,1307,1536,158,83
122,901,1284,Shia002102,19,530,931,293,92
122,765,883,Zaydiyya0000191,115,758,876,97,100
122,159,298,Zaydiyya0000142,3916,873,1023,106,89
122,1310,1465,Sham19Y0127677,4137,830,1042,98,51
122,1310,1465,Shamela0001438,5524,578,791,99,52
122,159,743,Shamela0010283,4404,425,1051,396,73
122,338,743,Shamela0004445,3591,247,688,260,67
122,435,636,Shamela0036091,66,1372,1552,119,75
122,765,883,Shia001432Vols,12472,1117,1236,97,99
122,179,743,Shia001432Vols,13161,1,643,381,69
122,435,743,Shia001432Vols,13241,965,1226,159,64
122,1300,1526,Shia001432Vols,13261,1128,1387,158,76
122,765,883,Shia001432Vols,20678,1243,1361,97,100
122,901,1284,Shia001432Vols,24641,616,1010,294,94
122,901,1284,Shia001432Vols,26278,884,1151,190,61
122,435,748,Shia20200618,24,19,290,165,65
122,901,1136,Shia20200618,54,1372,1622,182,90
122,435,748,Shia001107Vols,74,172,443,165,65
122,901,1284,Shia001107Vols,153,264,656,266,79
122,172,743,Shamela0003118,3931,1,613,418,83
122,901,1284,Shia003702,139,1226,1493,190,61
122,901,1284,Shia003702,140,617,880,188,60
122,901,1136,Zaydiyya0000272,355,209,1149,174,23
122,901,1284,ShamAY0035035,6625,205,601,264,76
122,159,374,Masaha004561Vols,189,1252,1478,154,85
122,374,743,Masaha004561Vols,190,1,461,258,64
122,1300,1526,Masaha004561Vols,268,998,1361,151,51
122,435,640,Masaha004561Vols,792,1267,1453,116,71
122,435,743,Masaha004561Vols,886,1138,1404,163,65
122,129,334,Shamela0028453,147,1237,1455,151,84
122,334,743,Shamela0028453,148,1,433,310,87
122,44,743,Shamela0010646,1360,783,1482,551,97
122,71,743,Shamela19Y0145334,2076,630,1383,466,76
122,458,748,Rafed0001617Vols,25,1,255,157,66
122,901,1131,Rafed0001617Vols,55,1371,1616,178,90
122,1131,1284,Rafed0001617Vols,56,1,148,89,65
122,896,1284,Zaydiyya0000229,307,995,1411,298,89
122,435,743,ShamAY0035891,21,520,787,159,63
122,901,1256,Shia001355,45,1226,1600,270,90
122,159,743,Sham19Y0145435,2405,406,1056,409,74
123,1002,1342,Zaydiyya0000463,8,1168,1680,251,58
123,1342,1563,Zaydiyya0000463,9,1,483,170,42
123,1102,1342,Shia001334,202,1284,1547,163,73
123,715,972,Shia001900,148,1338,1608,207,94
123,996,1581,Shia001900,154,262,877,473,92
123,687,879,Shia001900,252,29,221,125,78
123,719,879,Shia002185Vols,1453,931,1089,117,86
123,996,1581,Shia003729Vols,117,179,833,440,78
123,17,445,Shia003729Vols,118,472,953,292,72
123,719,879,Shia002102,19,1124,1287,121,89
123,1102,1356,Shia001149Vols,96,1249,1530,185,80
123,1157,1351,Shia001140Vols,280,5,232,142,75
123,1002,1448,Shamela0004445,3578,1136,1621,330,79
123,1102,1342,Shia001432Vols,23606,48,311,163,73
123,719,879,Shia001432Vols,24637,251,409,130,98
123,1088,1563,Shia001432Vols,26172,34,815,366,56
123,1102,1345,Shia001432Vols,26237,1121,1391,168,74
123,673,879,Shia001107Vols,149,703,901,124,72
123,1102,1342,Shia001115Vols,262,184,452,171,76
123,1243,1563,Shia003702,150,1,309,217,71
123,1002,1563,Shia001153,99,707,1685,424,51
123,1102,1342,Shia001272,42,1049,1312,161,71
123,1116,1351,Shia001187Vols,3419,419,684,178,82
124,853,1526,Shia001334,182,152,918,418,61
124,1,178,Shia001900,154,877,1090,141,80
124,972,1391,Shia002185Vols,1669,1,347,200,54
124,151,315,ShamIbadiyya0000760,867,1271,1449,99,69
124,40,178,Shia003444,47,556,690,103,88
124,1098,1499,Shia001544Vols,848,1,623,256,47
124,775,986,JK001030,145,1469,1619,101,61
124,178,315,Shia001149Vols,742,817,959,101,87
124,540,663,Shia004021,225,291,413,92,95
124,684,1391,Shia004092Vols,13175,192,705,267,41
124,853,1391,Shia001432Vols,12318,998,1463,255,54
124,853,1395,Shia001432Vols,13365,925,1485,324,64
124,972,1526,Shia001432Vols,15562,6,668,368,65
124,677,1277,Shia001432Vols,15572,856,1498,384,70
124,1181,1499,Shia001432Vols,15573,127,454,104,26
124,853,1375,Shia001432Vols,25545,1162,1567,245,54
124,9,178,Shia001432Vols,26173,46,225,111,66
124,684,1526,Shia001432Vols,26334,336,1319,562,66
124,853,1299,Shia001432Vols,31788,994,1457,245,59
124,658,1499,Shia001122Vols,1538,115,1247,527,54
124,853,1030,Shia20200618,71,1396,1545,102,72
124,931,1405,Shia001107Vols,181,387,772,216,52
124,687,1323,Shia001299,111,755,1381,327,55
124,540,663,Shamela0010273,2799,109,209,74,77
124,1057,1526,Shia001237Vols,3039,764,1275,320,71
124,853,1041,Zaydiyya0000211,30,962,1117,104,68
124,853,1526,Shia001421Vols,399,57,826,422,63
124,687,1526,Shia001421Vols,443,310,1205,472,56
124,677,1499,Shia001421Vols,444,36,1131,517,55
124,44,178,Shia003702,138,249,382,102,90
124,687,1508,Masaha004561Vols,109,207,1050,459,60
124,540,663,Shia003732Vols,5106,823,923,74,77
124,9,178,Shia001153,100,919,1098,111,66
124,684,1391,Shia001153,121,629,1363,466,73
124,673,1526,Shamela0010646,54,1,845,655,94
124,535,663,Shamela0010646,137,230,359,92,90
124,178,315,Shia001340,158,1163,1305,101,87
124,420,528,JK009288,953,382,490,84,92
124,540,663,Tafsir03037,2531,1155,1255,74,77
124,853,1264,Rafed0001617Vols,76,1105,1472,217,60
124,663,1041,Zaydiyya0000035,60,415,779,263,82
124,684,1391,Rafed0002654Vols,11909,122,621,269,42
124,1181,1499,Shia001187Vols,4595,146,468,104,26
124,540,663,JK000022,78,856,956,74,77
124,870,1165,Rafed0000609Vols,191,338,567,148,61
124,535,663,Shia002165,31,1329,1458,92,90
125,543,800,Rafed0000040Vols,1228,83,381,177,64
125,813,1090,JK001493,365,705,925,121,44
125,140,800,JK000911,1062,139,776,396,63
125,145,781,Shamela0003055,2400,723,1363,379,60
125,98,400,Shia002185Vols,388,1134,1467,200,68
125,140,818,Shia002185Vols,428,1,393,226,39
125,140,800,Shamela0009783BK1,2078,228,870,405,64
125,145,689,Shamela0012094,30,1063,1558,316,63
125,114,800,Shia003729Vols,109,35,758,493,81
125,332,800,Shia003729Vols,536,13,499,280,58
125,318,800,Masaha001954,98,526,960,246,57
125,213,781,Zaydiyya0000142,532,17,722,355,54
125,543,752,Zaydiyya0000142,3563,559,799,142,64
125,543,752,Zaydiyya0000142,3798,782,1000,142,70
125,163,800,Shamela0010283,4355,1,623,388,63
125,293,781,Shia004092Vols,11836,1,515,294,58
125,140,804,Shamela0009773,684,483,1126,398,64
125,818,1156,Shamela0009773,728,1126,1467,176,58
125,140,490,Shamela0004445,3546,947,1275,202,64
125,98,659,Shia001432Vols,12959,1260,1520,116,24
125,98,490,Shia001432Vols,12974,1013,1513,256,59
125,826,1179,Shia001432Vols,13241,135,501,212,65
125,336,800,Shia003636Vols,1591,1,454,281,62
125,140,490,Shamela0037325,155,1208,1549,203,64
125,145,490,Sham19Y0021505,241,871,1342,247,63
125,98,440,Masaha002310,127,1191,1550,220,70
125,98,593,Shia003727Vols,124,1051,1497,267,60
125,98,360,Rafed0001617Vols,23,1280,1572,174,67
125,145,781,Rafed0002654Vols,12168,926,1564,380,61
125,140,800,Sham19Y0145435,2380,285,927,403,64
125,98,458,Rafed0000609Vols,635,1185,1594,238,64
125,145,781,Shamela0012091,30,426,1063,384,61
126,1,225,Shia002185Vols,3399,503,786,148,64
126,337,1399,Shia002185Vols,3415,92,1219,788,82
126,1,231,Shamela0009773,573,635,905,172,80
126,349,849,Shamela0009773,575,1061,1551,330,75
126,849,1416,Shamela0009773,576,1,596,361,67
126,1,225,Shia001432Vols,13121,215,505,153,64
126,1,225,Shia20200618,181,206,490,149,64
126,231,1399,Shia003636Vols,10913,154,1424,809,73
126,37,225,Shia001107Vols,370,19,262,135,67
126,1,225,Rafed0001617Vols,192,951,1236,152,65
127,925,1426,Sham19Y0000259,382,1,595,355,73
127,903,1160,Shamela0023789,859,1262,1515,197,95
127,1160,1426,Shamela0023789,860,5,283,207,93
127,898,1160,JK000030,33,247,542,170,69
127,903,1064,Shia002265Vols,5403,1522,1682,125,97
127,1123,1426,Shia002265Vols,5404,1,676,225,41
127,903,1426,JK009390,5321,315,1152,352,49
127,903,1426,Shia002185Vols,309,567,1190,378,74
127,903,1141,Shamela0010614,230,1337,1516,139,71
127,1078,1426,Shamela0010614,231,1,352,268,95
127,708,907,Shamela0010614,436,394,620,144,77
127,903,1315,JK000916,16612,1112,1460,267,81
127,915,1434,Masaha002064Vols,105,671,1201,350,74
127,911,1426,Shia003729Vols,103,1,531,315,63
127,915,1264,Shia003729Vols,117,881,1292,165,42
127,1007,1160,Shia003729Vols,127,1,154,115,97
127,898,1228,Shamela0023790,425,1223,1487,205,78
127,1228,1426,Shamela0023790,426,1,196,151,94
127,903,1426,Sham19Y0127677,3918,526,1359,349,48
127,903,1426,Shamela0001438,5537,545,1366,350,49
127,981,1290,Shia004092Vols,13133,1345,1582,177,73
127,1295,1426,Shia004092Vols,13134,5,180,75,53
127,915,1426,Shamela0026803,166,1002,1443,334,80
127,915,1141,Shia003704,309,1377,1508,98,52
127,1097,1434,Shia003704,310,5,318,231,85
127,215,542,Shamela0009773,572,48,450,240,72
127,1210,1426,Shamela0004445,3579,823,1267,157,44
127,898,1426,Shamela0004445,3672,297,1123,357,50
127,903,1426,Shia001432Vols,26193,101,718,380,75
127,903,1150,Shia001432Vols,26250,1221,1500,155,65
127,1210,1426,Shia001432Vols,26251,269,503,138,75
127,903,1302,Shia20200618,18,1042,1519,280,71
127,1302,1426,Shia20200618,19,1,136,97,89
127,903,1384,JK007082,258,685,1100,316,82
127,970,1228,Shia001107Vols,58,1139,1484,180,64
127,1168,1426,Shia001107Vols,59,1036,1322,172,75
127,903,1384,Shamela0003118,4857,989,1403,316,83
127,903,1193,Shia002525,172,1303,1568,194,83
127,1193,1426,Shia002525,173,1,235,179,94
127,915,1160,Shia003702,138,252,526,157,70
127,903,1426,Shia003702,157,633,1256,378,74
127,915,1264,Masaha004561Vols,318,193,1027,177,25
127,915,1426,JK010344,620,464,935,338,81
127,903,1434,Shamela0010646,33,593,1148,394,87
127,1007,1426,Shia001294Vols,139,29,663,237,45
127,898,1426,Shamela0001349,149,257,452,154,35
127,903,1276,Rafed0001617Vols,19,1093,1543,260,70
127,1276,1426,Rafed0001617Vols,20,1,163,117,90
127,1276,1426,Rafed0002654Vols,13888,1,194,89,57
127,893,1160,Shamela0007361,405,1107,1304,142,66
127,903,1384,Sham19Y0014283,29,953,1368,316,82
127,977,1380,Shia001355,56,717,1230,117,20
127,977,1426,Shamela0006947,12725,76,816,286,44
127,175,402,Shia002165,28,389,649,154,71
128,1102,1475,Shia001900,135,668,1012,211,63
128,436,892,Shia002185Vols,4273,564,1056,295,72
128,1089,1475,JK000916,16607,765,1351,254,52
128,220,927,Shia003729Vols,489,144,1001,549,79
128,1207,1475,Shamela0006025,557,1,304,190,73
128,1089,1475,Masaha001954,129,235,615,246,73
128,1089,1475,Sham19Y0023644,2405,994,1387,258,75
128,1092,1475,JK007063,368,738,1134,245,70
128,1092,1475,Shamela0004445,3670,902,1294,256,74
128,1089,1475,Shia001432Vols,26315,56,467,279,84
128,1089,1475,JK007082,294,94,554,256,68
128,1092,1455,Shamela0003118,4855,1022,1436,243,69
128,1106,1475,Shamela0009384,5,4,406,253,76
128,1230,1475,JK000001,2617,490,732,172,81
128,1092,1475,Kraken220413202218,941,521,895,205,54
128,1092,1475,Shamela0012751,2,499,919,252,70
128,1235,1475,Shamela0098087,265,503,761,172,78
128,1089,1475,JK001127,35,538,960,240,61
128,1092,1469,Shamela0012031,120,159,559,252,75
129,438,727,JK001324,207,118,258,106,44
129,130,395,Shia002185Vols,4146,1196,1516,178,68
129,351,876,Shia003729Vols,218,824,1530,173,23
129,1271,1537,Shia003711,18,312,607,185,73
129,163,395,Rafed0000212,146,1117,1358,132,63
129,273,395,Shia001432Vols,3477,7,138,79,76
129,130,395,Shia001432Vols,13063,959,1272,180,71
129,163,395,Shia001432Vols,15513,469,754,154,67
129,1287,1503,Shia001432Vols,26343,1275,1496,171,97
129,1214,1537,Shia001432Vols,26345,678,1054,201,58
129,130,409,Shia20200618,243,1067,1380,184,70
129,438,727,Shia003754Vols,416,419,560,106,44
129,130,356,Shia001107Vols,477,915,1188,163,73
129,1287,1444,Shia003707Vols,512,1313,1475,122,96
129,1290,1537,Shamela0009096,23,1174,1392,149,74
129,438,727,Shia003727Vols,131,483,629,104,42
129,130,409,Rafed0001617Vols,256,669,994,186,70
129,130,331,Shia001187Vols,5397,1202,1461,144,68
129,1311,1537,Kraken210630005153,7567,667,899,173,93
129,163,395,Shia001349Vols,402,195,460,151,69
129,438,727,Shia003697,278,1140,1349,111,46
129,1199,1537,Shia002165,32,885,1216,199,64
130,905,1042,Shia002185Vols,962,657,813,99,74
130,1047,1235,Shia003729Vols,256,1218,1410,133,86
130,1247,1547,Shia003729Vols,257,1,327,217,76
130,1047,1396,Zaydiyya0000142,3613,580,939,256,85
130,1047,1396,Shia004092Vols,9516,392,795,249,76
130,1,1140,Shia003711,18,607,1502,644,66
130,1140,1385,Shia003711,19,1,331,190,70
130,905,1042,Rafed0000212,32,799,955,100,75
130,1,285,Shia001432Vols,26344,35,780,204,33
130,1,665,Shia001432Vols,26345,1054,1519,328,60
130,109,285,Shia001432Vols,30292,563,745,130,85
130,1042,1369,Sham19Y0018147,840,885,1282,231,69
130,1082,1380,Shamela0035888,71,1,333,207,76
130,1042,1396,JK001336,235,722,1093,260,86
130,109,278,Shia001615Vols,2801,655,830,121,82
130,1,1224,Shia003707Vols,513,94,1539,696,48
130,1224,1547,Shia003707Vols,514,1,408,241,70
130,1047,1396,Shamela0010646,779,856,1209,271,93
130,1047,1396,Rafed0002654Vols,9603,638,1039,247,75
130,905,1042,Rafed0002654Vols,12703,578,729,102,78
130,1,600,Kraken210630005153,7567,899,1178,190,39
130,121,263,Rafed0000609Vols,175,588,732,112,94
130,1,376,Shia002165,32,1216,1597,296,94
130,381,1385,Shia002165,33,7,888,583,63
131,1238,1467,Zaydiyya0000474,180,432,700,156,74
131,1250,1467,Shamela0023789,819,880,1107,150,85
131,452,849,Rafed0000040Vols,1741,1044,1489,303,85
131,1238,1467,Shia002185Vols,3293,813,1116,157,67
131,452,903,Shia002185Vols,3890,322,773,326,85
131,1250,1467,Shamela0010614,251,455,684,168,94
131,903,1243,Shamela0010614,541,861,1176,196,65
131,1256,1467,JK000916,4306,998,1247,153,79
131,1250,1467,Rafed0002209Vols,1030,888,1208,128,50
131,1265,1467,Zaydiyya0000142,3515,638,899,116,56
131,1238,1403,Zaydiyya0000142,3619,1248,1464,97,55
131,1238,1467,Shamela0007370,2250,514,786,155,70
131,1238,1467,Shamela0007370,2415,125,397,155,70
131,1256,1467,Sham19Y0023644,2455,748,989,152,79
131,1265,1416,Shamela0036515,563,1326,1507,86,60
131,452,903,Sham19Y0036072,200,30,508,353,93
131,452,898,Shamela0010283,1236,416,862,318,86
131,452,898,Shia004092Vols,4317,618,1299,260,45
131,452,898,Shia004092Vols,4318,926,1378,318,85
131,1238,1403,Shia004092Vols,4388,1409,1574,117,87
131,452,636,Shia004092Vols,9532,451,659,143,87
131,455,898,Shia004092Vols,9992,90,516,254,62
131,650,898,Shia004092Vols,12313,1,365,160,54
131,1256,1467,Shia002702Vols,4004,646,894,152,79
131,1256,1467,Shamela0009773,759,721,965,146,78
131,898,1233,Shia001432Vols,16495,733,1068,235,77
131,510,898,Shamela0010664,265,1,417,253,70
131,1256,1467,Shia003636Vols,1736,760,1011,145,75
131,1238,1467,Shia002942,62,711,1028,135,54
131,1250,1467,Sham19Y0018285,44,1016,1239,150,85
131,1256,1467,Shamela0003118,1624,747,995,149,78
131,1265,1424,Rafed0002341Vols,88,960,1123,91,70
131,1233,1467,Shia002389Vols,1082,664,911,159,81
131,1233,1467,Shia002389Vols,3158,340,583,160,81
131,1265,1424,Shamela0035100,1021,1027,1191,91,70
131,1238,1467,JK000778,183,1105,1363,109,47
131,452,898,Shamela0008505,201,75,556,346,90
131,452,903,Shamela0008505,394,362,689,170,47
131,898,1467,Shia003707Vols,514,847,1404,397,81
131,30,313,Shia003707Vols,514,572,852,215,94
131,455,859,Shia003702,180,513,952,232,60
131,1279,1467,Shia003988,31,1,216,138,82
131,875,1228,Shamela0010646,228,47,345,148,46
131,495,910,Shamela0010646,336,1,424,326,97
131,452,772,Shamela0001000,357,1113,1483,245,83
131,1250,1467,Shamela0001000,358,1175,1401,154,87
131,472,898,Masaha002979Vols,326,818,1132,166,49
131,903,1238,Masaha002979Vols,1544,839,1119,191,67
131,642,898,Shamela0005797,393,1,373,166,55
131,452,898,Rafed0002654Vols,4260,1003,1375,204,57
131,452,636,Rafed0002654Vols,4261,1287,1477,135,87
131,636,898,Rafed0002654Vols,4262,1,255,183,86
131,1238,1467,Rafed0002654Vols,4332,305,539,160,85
131,452,636,Rafed0002654Vols,9619,655,861,143,88
131,472,898,Rafed0002654Vols,12662,775,1289,255,57
131,894,1238,Kraken210630005153,7568,928,1250,224,77
131,1250,1467,Shia001349Vols,1007,1148,1370,146,83
131,131,257,Shamela0008477,390,461,579,86,85
131,1265,1467,Rafed0000609Vols,451,814,1106,133,58
131,308,447,Masaha002855,106,1259,1379,96,86
131,1256,1437,Shamela0012884,2456,1302,1504,127,82
132,1272,1496,Rafed0000040Vols,1751,8,232,178,96
132,620,845,Shia002185Vols,1106,385,588,98,53
132,1046,1496,Masaha001978Vols,455,273,700,340,92
132,620,768,Zaydiyya0000098,1011,1038,1213,85,62
132,1060,1496,Shia003705,20,452,824,297,84
132,1060,1427,Shia001307,87,1116,1470,275,90
132,1060,1405,Shia001552,171,1131,1471,259,90
132,1094,1496,Masaha002853,22,444,814,292,89
132,1060,1496,Shia004092Vols,4591,577,999,333,93
132,51,532,Shia003711,19,372,851,325,79
132,620,863,Shia001432Vols,11028,1256,1508,130,56
132,1060,1496,Shia001432Vols,16713,119,542,331,92
132,1078,1496,Shia001278Vols,1073,336,718,291,86
132,1078,1496,Shia003636Vols,1809,6,211,134,37
132,1,133,Shia003707Vols,514,1404,1529,100,94
132,133,964,Shia003707Vols,515,1,668,449,61
132,1151,1496,Shia003707Vols,550,1,335,266,95
132,1046,1496,Rafed0001915,6,1016,1471,313,82
132,620,806,Shia001749,43,492,673,99,60
132,239,532,Rafed0002654Vols,4308,22,344,112,38
132,1060,1480,Rafed0002654Vols,4534,1147,1552,320,93
132,840,1031,Rafed0002654Vols,12684,739,1353,85,16
132,1105,1496,Rafed0001574,136,420,794,297,94
132,1078,1496,Masaha002855,38,9,439,294,78
132,1105,1442,Shia001663Vols,545,1216,1516,239,87
132,1186,1496,Shia001663Vols,717,379,680,239,93
132,51,576,Shia002165,33,929,1510,370,76
132,1056,1436,Shia002165,38,1172,1525,268,86
133,199,1084,Sham19Y0000259,213,1023,1302,213,30
133,1,177,Rafed0000040Vols,1751,232,423,132,84
133,1274,1565,Rafed0001121,371,1,314,184,66
133,301,836,Shamela0003722,1707,1,525,260,52
133,194,836,JK000916,5864,79,693,342,58
133,401,836,Sham19Y0023644,3995,20,505,254,60
133,425,878,Kraken220218125255,58,1,142,97,27
133,425,892,Kraken220413030759,378,581,924,254,65
133,172,836,Shamela0010283,1563,809,1458,364,59
133,1,177,Shia001552,172,92,276,131,87
133,425,1074,Shia004021,225,1131,1489,256,47
133,1220,1565,Shia002958,440,1075,1409,258,90
133,1,177,Masaha002853,22,814,975,123,86
133,182,995,Shia004092Vols,4588,906,1552,462,66
133,1,194,Shia004092Vols,4591,999,1198,146,90
133,182,1074,Shia004092Vols,7022,326,1200,688,94
133,417,1074,Shia004092Vols,9492,12,187,137,26
133,199,882,Shia004092Vols,9644,1147,1544,303,55
133,182,1291,Shia004092Vols,13293,166,1118,614,63
133,425,878,Kraken220208041040,108,671,823,102,27
133,1220,1565,Shia003704,420,241,616,222,68
133,199,836,Shamela0004445,4516,697,1305,335,57
133,1220,1565,Shia001337Vols,313,183,558,222,67
133,204,1074,Sham19Y0013223,1851,382,646,200,28
133,1220,1565,Shia001432Vols,16515,333,711,221,67
133,712,811,Shia001432Vols,25214,1160,1265,69,85
133,165,798,Shia001432Vols,26350,919,1551,477,91
133,798,1286,Shia001432Vols,26351,1,477,350,84
133,425,1031,Shia001432Vols,26354,1266,1580,223,43
133,1220,1525,Shia003636Vols,1771,1262,1554,211,84
133,1,177,Shia003636Vols,1809,211,378,122,82
133,194,1074,Shia003636Vols,1895,109,977,676,94
133,1220,1515,Shia003636Vols,7411,282,574,191,73
133,425,803,Shia003723,3,314,465,111,37
133,457,836,Shamela0003118,2020,1,386,221,63
133,1267,1515,Shia000277Vols,382,1174,1409,133,58
133,182,861,Shia001615Vols,726,1267,1558,222,41
133,712,803,Shia001615Vols,3568,408,501,66,93
133,1,1074,Shia003707Vols,550,335,1403,821,93
133,1074,1565,Shia003707Vols,551,149,670,385,91
133,425,878,Shia003732Vols,4854,1167,1507,244,64
133,61,177,Rafed0001915,7,1,148,87,71
133,768,1074,Shia000806Vols,189,1,311,242,97
133,182,1291,Shia003727Vols,193,65,1017,627,65
133,204,1074,Shamela0010646,55,1,858,675,95
133,319,836,Shamela0010646,1381,14,542,303,64
133,172,747,JK009288,378,23,589,341,68
133,165,836,Shamela0009429,167,930,1588,361,58
133,712,1215,Rafed0003537Vols,125,793,1016,170,41
133,425,679,Shamela0009100,46,733,968,182,86
133,194,1304,Zaydiyya0000035,70,417,1364,626,65
133,666,1215,Rafed0002654Vols,4531,292,914,215,37
133,319,1074,Rafed0002654Vols,4532,1,606,407,62
133,1,194,Rafed0002654Vols,4535,17,216,146,90
133,182,1074,Rafed0002654Vols,7023,360,1234,688,94
133,182,1074,Rafed0002654Vols,9579,436,722,218,30
133,199,1074,Rafed0002654Vols,9745,419,855,335,47
133,182,1291,Rafed0002654Vols,12762,551,1503,621,65
133,1304,1515,Shia001187Vols,633,571,777,126,65
133,1074,1215,Masaha002855,37,535,679,114,95
133,1,177,Masaha002855,38,439,597,126,89
133,1,177,Shia001663Vols,546,55,221,123,83
133,177,1279,Shia002165,36,585,1564,758,84
133,1279,1565,Shia002165,37,1,297,229,95
133,1,194,Shia002165,39,61,257,145,93
134,654,1419,Shia001552,43,940,1466,416,67
134,175,384,Shia001552,45,1351,1540,137,75
134,384,598,Shia001552,46,1,207,162,94
134,798,1052,Shia001552,49,680,941,183,87
134,1,128,Shia002958,440,1409,1538,103,98
134,1019,1314,Shia002958,542,250,532,213,87
134,811,1008,Shia004092Vols,4337,191,325,106,68
134,166,425,Shia004092Vols,7029,125,361,167,78
134,834,1014,Shia004092Vols,7030,1083,1270,142,96
134,166,425,Shia004092Vols,9627,434,662,157,74
134,175,461,Shia004092Vols,9669,171,470,201,80
134,850,1001,Shia004092Vols,10076,123,270,95,76
134,169,592,Shia004092Vols,13307,1084,1415,215,60
134,808,1014,Shamela0012828,116,74,269,137,76
134,808,1014,Shia001432Vols,16394,900,1057,121,74
134,169,698,Shia001432Vols,16568,1074,1572,347,78
134,698,1533,Shia001432Vols,16569,1,837,649,95
134,811,1040,Rafed0003228Vols,137,246,409,119,63
134,803,1040,Shia003636Vols,1766,716,946,167,87
134,1,175,Shia003636Vols,1772,44,219,138,97
134,803,1055,Shia002972Vols,916,1172,1440,175,81
134,687,1052,Shia002972Vols,1074,125,569,196,47
134,1,660,Shia003707Vols,551,670,1459,498,75
134,654,1533,Shia003707Vols,552,1,894,677,92
134,803,1014,Shia000806Vols,187,86,298,162,94
134,169,287,Shia003727Vols,191,1395,1514,92,96
134,292,993,Shia003727Vols,192,1,545,313,47
134,187,598,Shamela0010646,368,1164,1494,220,61
134,798,1052,Shamela0010646,369,41,299,180,84
134,175,425,JK009288,731,99,365,182,81
134,811,1008,Rafed0002654Vols,4280,577,711,106,68
134,166,425,Rafed0002654Vols,7030,145,380,167,80
134,834,1014,Rafed0002654Vols,7031,1102,1289,142,96
134,166,425,Rafed0002654Vols,9727,1189,1417,159,76
134,175,461,Rafed0002654Vols,9769,1110,1407,201,81
134,850,1001,Rafed0002654Vols,10198,1007,1154,95,76
134,361,993,Rafed0002654Vols,12785,17,395,231,42
134,803,1040,Masaha002855,37,53,302,171,86
134,1065,1314,JK000999,235,966,1239,169,76
134,1,654,Shia002165,37,297,911,445,79
134,654,798,Shia002165,38,1024,1167,99,77
134,1127,1341,Shia002165,39,301,543,155,79
135,125,513,Shamela0006617,1066,766,1109,247,81
135,125,501,Shamela0023789,1090,799,1169,259,82
135,125,501,Shia001782Vols,3138,907,1268,261,83
135,160,683,Masaha002872,372,1108,1524,241,54
135,193,501,Shamela0009783BK1,2352,1037,1359,233,89
135,154,513,Masaha001978Vols,481,596,947,255,86
135,1183,1426,Sham19Y0029560,324,568,773,94,46
135,125,496,JK000916,5215,275,638,263,86
135,125,501,Shia003729Vols,281,412,777,243,75
135,176,506,Shia003705,26,1030,1389,237,80
135,179,513,Zaydiyya0000342,275,1,372,243,78
135,193,501,Shia003665,57,1013,1333,233,90
135,221,506,Sham19Y0023644,2838,177,435,187,78
135,604,822,Sham19Y0036072,37,1,195,153,88
135,125,457,Shia001552,47,1211,1499,200,72
135,176,506,Shia001552,185,1099,1442,239,84
135,221,506,Masaha002853,24,435,737,212,86
135,225,513,Shia004092Vols,4589,1166,1460,212,86
135,193,513,Shia004092Vols,4594,855,1214,240,82
135,125,506,Shia004092Vols,4595,565,928,260,82
135,125,491,Shia004092Vols,4595,86,437,252,84
135,160,491,Shia004092Vols,4596,575,921,235,78
135,172,513,Shia004092Vols,7019,829,1181,247,84
135,125,506,Shia004092Vols,9634,103,409,215,68
135,217,447,Shia004092Vols,9667,1299,1528,169,89
135,543,816,Shia004092Vols,13293,1071,1372,181,70
135,154,496,Kraken220208041040,104,1042,1377,258,92
135,154,496,Shia001432Vols,16566,583,879,226,80
135,176,506,Shia001432Vols,16726,943,1267,232,83
135,1311,1479,Shia001432Vols,17168,514,683,121,92
135,253,506,Shia001432Vols,26347,894,1150,169,77
135,822,1183,Shia001432Vols,26375,1237,1520,191,66
135,154,501,EShia0086596,192,572,924,262,90
135,214,491,Shia003754Vols,480,1109,1301,126,54
135,125,536,Rafed0003228Vols,266,217,634,262,77
135,172,513,Shia001278Vols,708,857,1300,253,68
135,193,506,Shia003636Vols,1825,951,1278,229,85
135,822,1183,Shia003636Vols,1964,953,1216,185,62
135,160,678,Shamela0001001,146,564,1147,272,52
135,125,478,Shamela0003118,1858,1143,1487,248,85
135,125,683,Shamela0035100,1154,199,683,310,69
135,552,806,JK001336,210,1120,1371,178,81
135,172,501,Shamela0029677,1639,394,728,248,91
135,1,604,Shia003707Vols,552,894,1523,427,80
135,573,822,Shia003707Vols,553,1,220,166,83
135,822,1479,Shia003707Vols,615,612,1045,307,58
135,214,513,Shia003699,109,1,310,223,86
135,154,501,ShamAY0035035,9591,944,1288,258,90
135,149,491,Shia003732Vols,4853,886,1233,220,71
135,193,501,Rafed0001915,76,680,989,229,88
135,209,496,Shia000806Vols,194,899,1194,215,89
135,125,496,JK000001,3175,109,479,257,84
135,543,816,Shia003727Vols,193,970,1271,178,69
135,260,496,Shia003727Vols,1203,1,341,165,60
135,125,501,Shamela0001733,611,1,363,264,84
135,552,822,Shamela0010646,369,273,502,180,83
135,160,491,Shamela19Y0145334,1446,936,1263,240,87
135,160,501,Masaha003104,161,476,830,242,80
135,225,683,Shamela0010906,1639,129,512,246,66
135,125,678,JK009408,525,91,600,294,62
135,225,513,Rafed0002654Vols,4533,138,432,212,86
135,125,506,Rafed0002654Vols,4538,1111,1474,260,82
135,125,491,Rafed0002654Vols,4538,632,983,252,84
135,160,491,Rafed0002654Vols,4539,1114,1460,235,78
135,1320,1458,Rafed0002654Vols,4577,579,740,102,80
135,172,513,Rafed0002654Vols,7020,854,1206,247,84
135,125,506,Rafed0002654Vols,9734,795,1176,270,85
135,217,513,Rafed0002654Vols,9768,677,980,219,87
135,172,419,ShamAY0000028,245,1269,1513,175,82
135,125,513,Kraken210630005153,7573,431,815,278,85
135,154,496,Shia001349Vols,1047,818,1114,220,76
135,172,496,JK000022,436,1,314,243,93
135,496,822,JK006919,315,101,414,179,58
135,193,501,Sham19Y0145435,2639,641,963,234,89
135,172,531,Zaydiyya0000084,245,5,344,246,82
135,548,765,Masaha002855,36,1349,1524,131,76
135,193,506,Shia001663Vols,554,210,539,234,88
135,120,513,Shia002165,39,762,1179,308,92
135,228,496,Rafed0000160,27,547,820,192,83
136,894,1087,Shamela0023789,1601,430,624,151,96
136,894,1087,Shamela0006945,33,1164,1339,136,86
136,894,1087,Shamela0023790,689,900,1094,153,99
136,894,1087,Shia004092Vols,4684,981,1159,139,90
136,1,218,Shia004092Vols,7047,516,737,156,85
136,894,1087,Shia004092Vols,9951,1301,1495,151,96
136,545,1087,Shamela0006676,266,564,1084,388,86
136,218,357,Shia001432Vols,17096,17,167,104,87
136,1,223,Shia001432Vols,17168,683,905,165,90
136,392,538,Shia001432Vols,26376,1,147,115,99
136,1087,1407,Shia001432Vols,26376,151,518,244,80
136,357,538,Shia003636Vols,1964,1216,1387,135,94
136,1155,1411,Shia003636Vols,1965,7,185,138,65
136,218,337,Shamela0026484,546,1016,1132,91,95
136,894,1087,Shamela0005355,110,546,744,151,95
136,218,343,Shamela0008505,264,241,363,96,96
136,1,395,Shia003707Vols,615,1045,1449,288,89
136,395,538,Shia003707Vols,616,1,144,114,100
136,1087,1513,Shia003707Vols,616,148,617,332,88
136,565,1087,Shamela0010509,66,201,428,159,37
136,1,235,Shia000806Vols,203,409,626,157,80
136,1,231,Shamela0010646,62,72,301,160,83
136,545,1087,Shamela0010646,1577,303,865,415,89
136,894,1087,Rafed0002654Vols,4628,869,1064,153,98
136,1,218,Rafed0002654Vols,7048,802,1023,156,85
136,894,1072,Rafed0002654Vols,10064,1351,1530,139,96
136,357,480,Masaha002855,130,1168,1291,99,100
137,1264,1441,Shia004021,362,947,1126,122,84
137,1260,1437,Shia004092Vols,7041,1060,1222,122,86
137,282,826,Shamela0012828,51,34,656,334,61
137,854,1077,Shia001432Vols,17168,1264,1477,154,86
137,1077,1441,Shia001432Vols,17169,1,420,254,74
137,174,818,Shia001432Vols,17179,415,1026,407,72
137,174,644,Shia001432Vols,31452,967,1536,337,73
137,644,818,Shia001432Vols,31453,1,188,139,90
137,178,804,JK001336,541,878,1535,436,78
137,981,1183,Shamela0008505,393,1091,1272,129,77
137,854,1441,Shia003707Vols,616,725,1299,409,86
137,1260,1437,Shia001255Vols,150,663,822,105,74
137,879,1437,Shamela0010646,62,298,559,188,42
137,957,1199,Shamela0010646,335,704,903,136,70
137,198,867,Shamela0010646,1764,5,722,499,85
137,1260,1437,JK009365,552,775,948,114,80
137,1260,1437,Rafed0002654Vols,7042,1102,1264,120,85
137,1218,1441,Masaha002855,45,12,658,155,29
138,1099,1489,Rafed0001826,205,56,491,177,41
138,490,598,JK001493,276,900,1012,83,93
138,753,879,Shamela0012929,796,1347,1468,82,79
138,490,630,Shia004021,227,139,270,90,79
138,980,1449,Shia004021,228,468,937,361,94
138,1,358,Shia004021,362,1126,1486,271,92
138,762,980,Shia004092Vols,4729,601,818,167,96
138,1,307,Shia004092Vols,7041,1231,1511,206,80
138,495,598,Shia004092Vols,7055,361,475,78,86
138,766,980,Shia004092Vols,7061,615,835,166,95
138,840,980,Shia004092Vols,10022,1,142,107,93
138,1,358,Shia001432Vols,17169,420,781,261,85
138,1056,1449,Shia001432Vols,23084,267,523,162,47
138,1036,1449,Shia001432Vols,23708,1001,1486,266,63
138,495,598,Shia001432Vols,26378,52,159,79,93
138,742,1130,Shia001432Vols,26395,1148,1523,283,90
138,1130,1433,Shia001432Vols,26396,1,304,234,93
138,980,1433,Shia001432Vols,26397,543,995,346,93
138,1036,1449,Shia001122Vols,592,244,730,267,63
138,1041,1417,Shia001278Vols,893,1078,1315,159,51
138,742,980,Shia003636Vols,2012,1210,1431,170,89
138,1056,1449,Shia001383,49,1034,1297,168,49
138,1036,1417,Shia001383,54,910,1346,223,56
138,451,980,Shia003723,3,1125,1486,190,37
138,742,980,Shia002397Vols,305,258,503,172,86
138,1056,1449,Shia001237Vols,2744,480,738,164,48
138,1119,1449,Masaha000001Vols,587,18,386,199,61
138,1056,1449,Shia001615Vols,2442,557,823,160,46
138,177,451,Shia003707Vols,617,1,290,207,89
138,593,1519,Shia003707Vols,653,580,1477,670,89
138,1036,1449,Shia001174Vols,2749,307,780,263,63
138,773,980,Shia000806Vols,210,992,1184,148,89
138,742,980,Shia003727Vols,229,186,419,175,92
138,737,980,Shamela0010646,59,1059,1295,179,90
138,1,626,Shamela0010646,62,568,1080,336,62
138,742,980,JK009288,362,594,841,174,88
138,980,1433,Rafed0003537Vols,141,989,1438,332,88
138,812,980,Shamela0009100,44,1048,1156,86,64
138,1,358,JK009365,552,957,1287,243,82
138,742,980,Zaydiyya0000035,74,1120,1353,171,88
138,766,980,Rafed0002654Vols,4675,994,1209,166,97
138,1,273,Rafed0002654Vols,7042,1273,1518,179,78
138,495,598,Rafed0002654Vols,7056,650,764,78,86
138,766,980,Rafed0002654Vols,7062,846,1060,159,91
138,737,980,Rafed0002654Vols,10144,894,1145,188,91
138,1228,1449,Shia001187Vols,4334,295,488,144,77
138,1036,1449,Zaydiyya0000256,449,230,711,267,64
138,593,980,Shia002937,186,877,1226,257,81
138,1,367,Masaha002855,45,658,1021,248,76
138,737,980,Masaha002855,48,1056,1368,171,66
138,495,598,Shia002165,41,593,700,79,93
138,766,980,Shia002165,44,189,410,165,93
138,980,1433,Shia002165,45,718,1206,346,86
139,1383,1479,Sham19Y0014075,906,380,476,75,100
139,1205,1307,Shamela0010614,438,1,103,81,100
139,1370,1474,Shamela0010614,481,1069,1173,81,100
139,1370,1474,Shia004092Vols,4725,362,468,80,97
139,66,636,Shia001432Vols,17380,1,579,427,91
139,1370,1474,Shia001432Vols,26396,387,492,80,98
139,1191,1317,Shia003636Vols,1989,542,665,93,92
139,1,636,Shia003636Vols,1995,459,1049,445,87
139,722,1474,Shia003636Vols,2013,1,732,327,45
139,32,1474,Shia003707Vols,654,1,1464,1078,89
139,1370,1479,Shamela0028453,174,1388,1498,82,96
139,1370,1479,Shia003727Vols,227,710,820,81,94
139,1163,1307,Shamela0010646,60,660,800,101,88
139,722,949,Rafed0003537Vols,141,414,670,162,71
139,1370,1474,Rafed0002654Vols,4671,643,741,75,93
139,706,1370,Shia002165,44,400,970,301,45
140,1216,1433,Zaydiyya0000257,19,98,283,119,63
140,1216,1459,Zaydiyya0000227,26,884,1141,156,69
140,1216,1433,Zaydiyya0000104,27,385,622,133,60
140,1224,1433,ShamAY0001057,4,585,799,140,75
140,21,181,Shia003707Vols,655,1,165,124,93
140,727,880,Shamela0006782,8,685,842,105,86
140,718,880,JK006919,910,1007,1162,101,74
141,1026,1281,Zaydiyya0000013,27,272,426,116,56
141,1020,1475,Shamela0023788,390,13,491,238,50
141,645,969,Shia002185Vols,1564,1318,1613,228,84
141,969,1475,Shia002185Vols,1565,1,512,290,57
141,428,623,Shamela0010614,442,1077,1272,142,87
141,428,615,JK000916,16029,27,214,125,81
141,428,615,Shia004092Vols,9943,913,1101,126,81
141,428,615,Shia001285,257,930,1117,130,86
141,649,877,Shamela0026803,169,1264,1527,183,85
141,877,1516,Shamela0026803,170,1,692,367,56
141,1058,1511,Shia001432Vols,26305,33,368,222,59
141,645,844,Shia20200618,64,1433,1586,118,74
141,844,1475,Shia20200618,65,1,636,401,65
141,645,1475,Shia001107Vols,170,131,1464,519,42
141,317,615,Shamela0003118,4688,1043,1303,146,54
141,982,1237,Zaydiyya0000272,408,426,823,98,24
141,1020,1475,ShamAY0035035,6627,208,578,244,62
141,1023,1480,Shia001153,143,986,1431,223,47
141,428,595,Shamela0010646,60,861,1038,124,88
141,649,1516,Shamela0010646,1391,182,1059,685,96
141,645,856,Rafed0001617Vols,65,1408,1584,137,80
141,856,1475,Rafed0001617Vols,66,1,624,391,64
141,428,615,Rafed0002654Vols,10056,983,1171,126,81
141,1023,1516,Shia001355,80,825,1353,251,48
142,427,1229,Shamela0023788,390,515,1427,580,76
142,427,1229,Shia002185Vols,1565,536,1445,582,76
142,439,583,Shia002185Vols,1569,688,1266,79,18
142,982,1146,Masaha004559,115,822,981,116,90
142,21,731,Shamela0026803,170,772,1511,328,42
142,731,1229,Shamela0026803,171,1,510,359,85
142,427,1153,Shia20200618,65,660,1493,517,74
142,487,1241,Shia001107Vols,171,5,964,528,66
142,982,1095,Shia002389Vols,390,1400,1507,78,88
142,810,1206,Zaydiyya0000272,412,6,950,296,39
142,427,687,ShamAY0035035,6627,601,857,168,70
142,1,455,Shamela0010646,1391,1059,1534,358,93
142,455,1146,Shamela0010646,1392,1,691,528,96
142,548,647,Masaha002979Vols,222,1376,1507,77,75
142,508,647,Shamela0001349,397,1280,1389,80,74
142,427,1163,Rafed0001617Vols,66,648,1491,525,74
142,982,1146,Shia001355,164,868,1028,119,92
143,16,186,Shamela0023789,440,915,1075,122,90
143,16,186,Shamela0023789,559,635,804,129,90
143,545,833,JK000916,7332,301,591,199,82
143,545,833,Shamela0010798,3306,638,932,203,82
143,16,186,Shia004092Vols,9946,202,366,123,87
143,1255,1499,Shia001432Vols,17547,582,835,191,95
143,913,1209,Shia001432Vols,26411,1,291,202,80
143,23,186,Shia003636Vols,10638,1213,1356,94,71
143,23,186,Zaydiyya0000195,65,519,662,94,71
143,846,999,Shia001615Vols,1319,1371,1516,111,89
143,833,999,Shia001615Vols,2781,962,1114,114,85
143,833,1499,Shia003707Vols,705,747,1376,469,85
143,16,186,Shamela0010646,740,1001,1169,129,94
143,838,1176,JK009288,489,409,757,161,41
143,16,186,Rafed0002654Vols,10059,272,436,123,87
143,545,833,Kraken210630005153,7662,1074,1358,200,82
144,491,732,Shamela0010768,62,1283,1525,161,79
144,786,1098,Rafed0000040Vols,2005,1,317,205,72
144,1072,1267,Rafed0000040Vols,2006,888,1057,127,80
144,741,1107,Shia001544Vols,40,932,1235,214,73
144,1117,1272,Shia001544Vols,42,534,715,117,78
144,767,1091,JK000916,5518,252,595,182,60
144,767,1023,Zaydiyya0000142,594,219,450,155,73
144,745,871,Zaydiyya0000142,825,1057,1186,89,86
144,767,1023,Zaydiyya0000142,2531,917,1121,130,64
144,760,871,JK003609,3218,676,787,83,93
144,745,1017,Rafed0000685Vols,176,1331,1571,140,59
144,767,983,Shamela0010709BK4,12,288,464,111,64
144,737,1117,Shia004092Vols,4768,330,638,179,52
144,741,1107,Shia001432Vols,17238,814,1178,242,73
144,1072,1272,Shia001432Vols,17239,1032,1210,132,81
144,741,1117,Shia001432Vols,17503,345,731,246,72
144,327,745,Shia001432Vols,17547,840,1286,258,63
144,767,1091,Shia001432Vols,21963,373,748,182,55
144,1272,1505,Shia001432Vols,26411,274,532,182,88
144,327,737,Shia003636Vols,2032,873,1299,254,66
144,1117,1267,Shia003636Vols,10593,1257,1418,113,84
144,745,1107,Shia003636Vols,10628,353,783,242,68
144,760,1091,Shamela0003118,1928,106,458,180,58
144,767,1091,Masaha003034,116,536,922,178,50
144,1117,1267,Zaydiyya0000195,17,178,349,113,80
144,745,1107,Zaydiyya0000195,54,980,1415,239,66
144,760,983,Zaydiyya0000091,124,76,273,117,67
144,767,1091,Shamela0009788,867,236,575,184,61
144,741,1023,Shia001237Vols,1178,201,495,191,72
144,1352,1480,Shia001615Vols,1982,922,1049,96,96
144,106,1107,Shia003707Vols,706,1,990,675,77
144,847,1505,Shia003707Vols,707,40,918,340,39
144,741,1023,Shia003727Vols,238,1262,1479,133,52
144,741,1107,Masaha002880Vols,245,124,528,268,80
144,507,741,Shamela0010646,449,707,948,177,92
144,1112,1272,JK009288,608,1171,1332,125,93
144,507,737,JK009288,755,913,1147,175,92
144,741,1122,JK009288,805,874,1272,267,81
144,507,745,Masaha002979Vols,859,603,808,145,75
144,752,871,Shamela0001349,405,1073,1219,95,81
144,741,1117,Rafed0002654Vols,4717,948,1252,179,52
144,745,1117,Kraken210630005153,7648,833,1187,251,78
144,741,1112,Shia001349Vols,1198,952,1303,240,74
144,491,737,JK006919,516,362,609,139,62
144,767,1051,Shia001423Vols,1275,1201,1483,162,63
144,677,1107,Shia001423Vols,1276,6,465,261,66
145,882,1185,Kraken220413194118,527,682,1060,191,58
145,882,1198,Shamela0010768,57,912,1245,208,75
145,954,1157,Rafed0003424,176,442,615,119,73
145,928,1198,JK000916,21397,20,397,206,67
145,959,1193,Shia004092Vols,4712,284,534,188,92
145,882,1198,Shia004092Vols,7059,539,955,207,62
145,882,1193,Shia004092Vols,10046,470,849,207,62
145,396,876,Shia004092Vols,10135,1193,1517,160,34
145,917,1128,Shamela0012318,38,34,245,138,76
145,1,699,Shia001432Vols,26411,532,1366,551,81
145,678,1589,Shia001432Vols,26412,92,933,590,74
145,882,1193,JK007082,454,371,760,211,62
145,928,1193,Shia003636Vols,1990,1109,1395,212,90
145,928,1198,Shia003636Vols,2005,348,642,204,85
145,191,1528,Shia003636Vols,2058,1,972,581,45
145,516,827,Shia003636Vols,2067,395,512,87,36
145,882,1198,Shamela0010496,203,525,868,236,81
145,882,1125,Shamela0003118,6154,1186,1439,162,69
145,913,1193,Shamela0037325,1922,46,369,205,78
145,1066,1193,Masaha003390Vols,117,1,145,104,88
145,1,562,Shia003707Vols,707,918,1511,436,90
145,562,1589,Shia003707Vols,708,1,1225,734,68
145,401,876,Shia003727Vols,240,13,440,202,42
145,882,1193,Rafed0002654Vols,4657,1123,1458,199,72
145,972,1193,Rafed0002654Vols,4658,1,238,178,91
145,882,1198,Rafed0002654Vols,7060,760,1176,207,62
145,954,1193,Rafed0002654Vols,10169,57,357,184,76
145,396,876,Rafed0002654Vols,10264,1116,1440,160,34
145,928,1193,Zaydiyya0000270,75,895,1158,197,85
145,928,1193,Shamela0006947,20861,1190,1484,189,78
145,928,1206,Shia001171,43,761,1054,204,85
145,753,876,Shia002165,48,798,1315,86,21
146,772,1263,Shamela0003722,966,746,1142,285,66
146,562,694,Shia001544Vols,541,1111,1244,96,89
146,571,694,Rafed0000685Vols,201,326,454,93,92
146,694,1541,Rafed0000685Vols,237,601,990,288,41
146,772,1263,Shia004092Vols,4783,281,683,280,65
146,772,1247,Shia004092Vols,7079,1196,1530,250,64
146,285,534,Shia004092Vols,10136,1,228,173,83
146,949,1263,Shia003711,96,15,319,200,69
146,562,694,Shia001432Vols,24497,706,839,96,89
146,772,1338,Shia001432Vols,26306,821,1394,364,72
146,772,1263,Shia001432Vols,26409,893,1297,286,66
146,1,598,Shia001432Vols,26412,933,1609,471,85
146,598,1541,Shia001432Vols,26413,1,1059,723,84
146,772,1263,Shia001432Vols,26489,688,1352,271,46
146,562,694,Shia001122Vols,768,1213,1346,96,89
146,760,1263,Shia20200618,219,23,438,143,27
146,772,1263,Shia003636Vols,2045,511,913,277,64
146,210,1155,Shia003636Vols,2058,967,1546,453,58
146,1155,1541,Shia003636Vols,2059,1,312,242,77
146,1052,1263,Shia003636Vols,2085,925,1169,130,62
146,760,1263,Shia001107Vols,437,372,787,143,27
146,772,1263,Shamela0037325,502,279,657,270,63
146,764,1263,Shia003707Vols,686,1025,1444,294,66
146,1,378,Shia003707Vols,708,1225,1603,299,96
146,378,1541,Shia003707Vols,709,1,1344,905,83
146,772,1326,Shamela0013084,121,304,872,283,52
146,772,1338,Shia001153,145,484,1059,367,73
146,772,1263,Shia001153,268,217,887,277,47
146,571,694,Shia004042Vols,548,129,258,93,92
146,276,529,Shia003727Vols,240,473,717,175,82
146,772,1263,Shamela0010646,60,269,619,251,59
146,1164,1333,Shamela0009100,46,976,1147,133,97
146,772,1209,Shamela0010906,2543,1160,1485,252,70
146,779,1263,Rafed0001617Vols,231,1,408,137,30
146,772,1263,Rafed0002654Vols,4733,13,416,277,64
146,772,1263,JK000022,990,125,527,276,64
147,330,541,Shia001334,65,1126,1315,132,77
147,833,1433,Shia001334,392,743,1418,432,80
147,887,1439,Shia001399,178,139,738,400,82
147,833,1439,Shia001134,350,232,929,442,79
147,330,541,Rafed0000685Vols,235,177,357,127,76
147,833,1439,Shia004092Vols,4808,264,924,401,73
147,833,1439,Shia001432Vols,17930,268,952,438,79
147,728,826,Shia001432Vols,22858,160,263,73,92
147,728,833,Shia001432Vols,22899,354,454,76,94
147,325,546,Shia001432Vols,23739,396,615,136,69
147,330,519,Shia001432Vols,23763,1336,1509,119,78
147,1,546,Shia001432Vols,26413,1059,1456,288,64
147,552,833,Shia001432Vols,26414,1,313,208,85
147,1067,1439,Shia001432Vols,31197,1,386,283,91
147,833,1439,Shia001432Vols,31431,215,910,444,79
147,325,546,Shia001122Vols,577,283,502,136,69
147,728,841,Shia001122Vols,725,1042,1150,79,92
147,330,541,JK007082,586,845,1060,155,89
147,1,833,Shia003636Vols,2059,312,965,498,76
147,833,1371,Shia001142Vols,335,886,1485,371,74
147,330,546,Shia001383,60,21,235,133,68
147,330,546,Shia001299,170,594,800,136,75
147,325,546,Masaha000001Vols,572,688,907,136,69
147,325,546,Shia001615Vols,3751,906,1125,136,69
147,1,147,Shia003707Vols,709,1344,1490,113,94
147,325,833,Shia003707Vols,710,10,514,383,96
147,833,1439,Shia003707Vols,749,255,832,431,87
147,325,546,Shia001174Vols,2688,963,1183,136,69
147,330,541,Shia004042Vols,105,254,435,126,75
147,833,1439,Shia003727Vols,247,632,1368,407,67
147,833,1183,Rafed0002654Vols,4758,1163,1529,229,74
147,1183,1439,Rafed0002654Vols,4759,1,299,177,74
147,325,546,Shia001187Vols,4314,56,275,135,69
147,728,833,Shia001187Vols,4406,1185,1285,76,94
147,863,1304,Kraken210630005153,7649,1174,1604,312,85
147,325,546,Zaydiyya0000256,439,601,820,136,69
147,833,1439,Shia001423Vols,1443,744,1425,438,80
147,546,676,Shia002165,50,1136,1277,100,90
148,432,694,Shamela0006617,1278,1174,1418,168,73
148,46,280,Shia001334,393,1,229,175,89
148,806,1192,Rafed0000040Vols,1766,1122,1485,259,76
148,463,688,Rafed0001121,482,131,474,135,46
148,1,284,Shia001399,178,738,991,197,84
148,1,175,Shia001399,179,74,571,129,31
148,1,280,Shia001134,350,929,1207,220,95
148,802,1431,Kraken220218125255,115,763,1121,210,40
148,816,1163,Shamela0010283,1677,1215,1507,229,81
148,816,961,Shia004092Vols,3398,1621,1765,105,91
148,1022,1431,Shia004092Vols,3399,10,485,312,78
148,432,1254,Shia004092Vols,4800,978,1548,437,65
148,1,416,Shia004092Vols,4808,924,1343,261,70
148,432,706,Shia004092Vols,7088,1248,1490,168,77
148,819,1440,Shia004092Vols,8618,873,1365,279,53
148,907,1419,Shia004092Vols,9020,539,997,285,61
148,819,1431,Shia004092Vols,10243,231,856,431,77
148,819,1440,Shia004092Vols,12394,706,1179,274,53
148,806,1326,Shia004092Vols,12583,1002,1511,345,75
148,819,1440,Shia004092Vols,12920,132,624,279,53
148,477,688,Shia001432Vols,17855,705,967,137,65
148,1,370,Shia001432Vols,17930,952,1349,278,85
148,1,280,Shia001432Vols,31197,386,660,215,92
148,1,273,Shia001432Vols,31431,910,1178,216,97
148,467,862,Shia001432Vols,31848,689,1114,181,43
148,426,673,Shia003636Vols,171,1225,1479,132,58
148,432,688,Shia003636Vols,273,209,462,138,59
148,463,688,Shia003636Vols,2080,670,1007,131,46
148,1,370,Shia001142Vols,336,69,482,274,81
148,1,667,Shia003707Vols,749,832,1515,526,94
148,667,1547,Shia003707Vols,750,1,933,669,86
148,970,1423,Shia003757,23,765,1449,342,61
148,477,1263,Shia000317Vols,5577,54,836,347,44
148,477,862,Shia000234Vols,5005,1194,1518,178,51
148,477,688,Shia000234Vols,8755,1145,1398,137,67
148,86,416,Shia003727Vols,248,1,347,206,65
148,806,1440,Shia003727Vols,249,821,1526,420,67
148,432,981,Shamela0010646,1577,869,1413,402,88
148,981,1431,Shamela0010646,1578,1,500,370,89
148,907,1192,Rafed0003537Vols,154,449,718,184,78
148,816,1431,Rafed0002654Vols,3336,799,1433,427,75
148,432,1032,Rafed0002654Vols,4750,1163,1541,297,61
148,1032,1431,Rafed0002654Vols,4751,1,372,289,87
148,1,416,Rafed0002654Vols,4759,299,721,265,70
148,819,1186,Rafed0002654Vols,8634,1318,1544,139,47
148,907,1350,Rafed0002654Vols,9068,1229,1563,236,65
148,819,1440,Rafed0002654Vols,9384,393,883,279,54
148,819,1431,Rafed0002654Vols,10372,40,663,431,77
148,819,1440,Rafed0002654Vols,12755,538,1009,274,53
148,806,1109,Rafed0002654Vols,12962,1245,1523,194,72
148,1109,1431,Rafed0002654Vols,12963,1,354,233,81
148,1,280,Kraken210630005153,7650,135,399,210,91
148,71,370,Shia001423Vols,1444,1,335,223,81
148,426,1192,Masaha002855,57,769,1490,556,89
148,1211,1445,Masaha002855,58,1,228,172,89
149,205,350,ShamAY0033108,2007,279,455,97,65
149,200,350,Shia001134,598,426,590,112,86
149,1017,1318,Shamela0010283,603,269,622,154,45
149,1161,1318,Shia004092Vols,4852,1,159,121,94
149,205,343,Shamela0023177,417,618,749,98,88
149,483,637,Shamela0036091,101,72,241,116,86
149,464,633,Shia001432Vols,1192,771,967,116,71
149,452,1058,Shia001432Vols,18163,501,1077,426,87
149,200,350,Shia001432Vols,24082,333,496,111,85
149,31,456,Shia001432Vols,26490,217,657,315,89
149,1063,1442,Shia001432Vols,26503,886,1280,281,85
149,1161,1324,Shia001432Vols,26507,675,842,128,94
149,488,633,Shia003636Vols,276,359,492,96,80
149,205,350,Shia003636Vols,2085,719,865,114,98
149,452,637,Shia003636Vols,2102,1195,1357,117,78
149,205,343,Sham19Y0038171,2215,126,239,83,74
149,184,343,Sham19Y0038171,2496,692,840,92,67
149,200,350,Shamela0026542,95,1289,1431,86,73
149,441,637,Shia001368,246,738,929,118,71
149,190,340,Shamela0023644,804,1045,1208,95,76
149,1161,1324,Shia001615Vols,2923,753,918,128,94
149,21,190,Shia001615Vols,3252,1050,1209,119,87
149,200,350,Shia001615Vols,3768,724,887,111,85
149,1,452,Shia003707Vols,750,933,1377,339,93
149,428,1127,Shia003707Vols,796,873,1530,470,83
149,1133,1499,Shia003707Vols,797,8,379,277,87
149,205,340,ShamAY0035035,5738,1156,1265,81,74
149,205,343,ShamAY0035035,8809,274,388,83,74
149,200,350,Shia001174Vols,5341,422,609,112,75
149,452,633,Shia003727Vols,262,220,401,117,73
149,1148,1318,Shamela0010646,615,265,455,130,84
149,205,343,Shia002294Vols,680,619,751,98,88
149,31,350,Rafed0003537Vols,154,1209,1521,224,86
149,452,633,Rafed0003537Vols,163,951,1119,119,80
149,1161,1324,Shamela0009100,46,1153,1316,132,99
149,205,343,Shamela0006061,36,620,733,81,73
149,1161,1318,Rafed0002654Vols,4804,500,658,121,94
149,205,350,Shia001187Vols,4473,247,427,110,76
149,488,633,Kraken210630005153,7654,52,199,107,88
149,200,359,Masaha002855,57,455,620,124,95
149,488,633,Masaha002855,59,234,387,109,90
149,1145,1324,Shia002165,56,16,197,143,97
149,479,637,Shia002165,57,567,757,122,81
150,223,577,Shia001136,14,23,471,213,52
150,82,363,EShia0071807,25,711,1061,171,57
150,96,698,Shia001555Vols,1103,82,652,383,72
150,78,577,JK000916,19156,292,761,240,50
150,103,631,Zaydiyya0000098,448,236,734,329,70
150,92,693,Zaydiyya0000342,14,650,1407,375,57
150,92,693,Zaydiyya0000342,35,335,1194,431,61
150,333,577,Shia001542Vols,60,230,510,131,49
150,82,534,Shia004092Vols,4850,747,1235,334,83
150,82,363,Shia004092Vols,10274,40,334,147,50
150,241,773,Shia004092Vols,10277,520,909,250,55
150,96,350,Shia004456Vols,1827,1493,1667,121,60
150,314,698,Shia004456Vols,1828,6,397,263,75
150,74,782,Shia004456Vols,2062,447,1181,528,87
150,82,577,Shia001432Vols,521,86,687,280,51
150,1313,1430,Shia001432Vols,10276,1069,1229,80,65
150,223,577,Shia001432Vols,18118,32,463,203,51
150,778,1029,Shia001432Vols,18268,507,800,163,66
150,96,543,Shia001142Vols,122,1,540,243,49
150,82,627,Zaydiyya0000373Vols,264,472,1092,379,73
150,78,577,Shamela0003118,5547,825,1292,236,50
150,327,572,Shia001289,9,266,552,159,69
150,327,627,Shia002943,298,981,1315,234,87
150,1,773,Shia003707Vols,797,379,1214,589,88
150,778,1430,Shia003707Vols,799,153,551,290,54
150,82,373,Rafed0002654Vols,4802,1259,1549,204,79
150,367,534,Rafed0002654Vols,4803,1,169,130,97
150,82,363,Rafed0002654Vols,10407,828,1123,147,49
150,538,773,Rafed0002654Vols,10411,1,170,131,68
150,82,778,Kraken210630005153,7653,586,1104,343,59
150,82,693,Shia003488Vols,145,601,1300,371,59
150,144,698,Masaha002855,60,10,609,406,81
151,18,262,Rafed0001121,508,1,269,191,89
151,427,769,Masaha002872,103,112,517,261,81
151,1216,1489,Shia002185Vols,2242,4,236,180,78
151,1,267,Shia001418Vols,106,192,472,205,92
151,11,146,Shia000394Vols,921,1389,1531,105,92
151,407,1068,Shia004092Vols,1396,358,937,394,72
151,368,1068,Shia004092Vols,6279,621,1293,470,81
151,503,842,Shia004092Vols,7391,1204,1510,150,48
151,842,1068,Shia004092Vols,7392,20,245,165,89
151,1,285,Shia003711,195,1211,1494,153,57
151,7,253,Shia001337Vols,441,859,1459,192,40
151,7,279,Shia001432Vols,1149,221,964,205,34
151,1,168,Shia001432Vols,10276,1229,1431,132,79
151,373,1068,Shia001432Vols,15035,202,1031,506,78
151,368,515,Shia001432Vols,18163,1391,1535,112,96
151,515,1068,Shia001432Vols,18164,1,482,357,79
151,1073,1489,Shia001432Vols,18256,45,484,324,90
151,1078,1489,Shia001432Vols,23721,720,1110,270,76
151,1,285,Shia001432Vols,26508,338,621,153,57
151,384,1068,Shia003754Vols,125,367,1172,480,75
151,376,769,Shia003636Vols,2127,219,589,273,84
151,373,1068,Shia001142Vols,77,323,1071,451,70
151,1,279,Shia001142Vols,369,455,763,211,86
151,368,773,Shia004014Vols,84,422,760,253,79
151,11,262,Shia000004,272,850,1132,197,87
151,1,262,Shia001615Vols,336,50,372,205,79
151,1,285,Shia001615Vols,2722,22,295,153,59
151,376,754,Shia001615Vols,2855,489,838,242,78
151,1,927,Shia003707Vols,799,551,1467,647,80
151,927,1489,Shia003707Vols,800,1,563,428,92
151,373,965,Shia004664,339,753,1495,441,76
151,11,168,Shia000317Vols,14699,1198,1362,124,93
151,1,267,Shia001174Vols,1304,653,961,207,84
151,1111,1489,Shia003727Vols,265,1,447,271,72
151,1,279,Rafed0003537Vols,28,413,726,208,84
151,1086,1489,Rafed0003537Vols,162,262,692,282,77
151,1065,1489,Zaydiyya0000035,81,810,1196,241,60
151,407,861,Rafed0002654Vols,1285,1172,1537,256,68
151,368,1068,Rafed0002654Vols,6265,380,1057,476,82
151,503,1068,Rafed0002654Vols,7393,92,656,316,60
151,7,168,Shia001187Vols,7467,864,1032,127,93
151,1068,1489,Kraken210630005153,7653,1099,1367,177,48
151,11,267,Kraken210630005153,7654,276,403,96,47
151,1,279,Rafed0000705Vols,690,337,644,207,85
151,262,1068,Masaha002855,59,387,1366,512,62
151,1,267,Shia001171,50,47,338,205,88
151,1,262,Shia002165,57,263,571,204,83
152,1029,1190,Shia002185Vols,1505,427,608,124,85
152,1,182,Shia001432Vols,18256,484,671,125,80
152,211,429,Shia004014Vols,96,743,958,149,75
152,1,178,Shia003707Vols,800,563,751,127,84
152,158,691,Shia003707Vols,848,539,1067,403,92
152,1029,1466,Shamela0010646,286,528,886,257,69
152,799,1024,Shamela0010646,2152,22,222,155,86
152,196,572,JK009288,982,458,910,224,55
152,576,691,Shia000220Vols,2687,16,163,87,74
153,159,639,Shamela0000355,56,855,1241,269,68
153,520,740,Shamela0023789,334,49,257,151,83
153,184,674,Shamela0010614,291,777,1159,251,62
153,159,736,JK000916,10591,293,900,390,74
153,1067,1510,JK003609,2887,6,367,256,73
153,520,661,Shamela0006944,80,573,708,105,93
153,184,594,Shamela0009773,793,615,1044,276,72
153,97,736,MMS00013,1641,395,1096,440,73
153,335,771,Shamela0003118,3288,1,415,297,81
153,190,476,Shamela0010646,740,1197,1493,208,84
153,476,746,Shamela0010646,741,1,275,215,95
153,184,600,Kraken210630005153,7610,1113,1551,295,80
154,823,1313,Shamela0006617,1573,1342,1640,201,50
154,1313,1483,Shamela0006617,1574,1,173,130,94
154,742,1332,Shamela0023789,1248,256,882,316,54
154,742,1483,Shia001555Vols,1258,818,1471,492,83
154,792,1483,Shamela0009783BK1,3563,515,1251,412,63
154,731,1249,Rafed0002209Vols,1519,983,1432,305,70
154,836,1327,Shamela0012406,1950,1156,1499,194,45
154,819,1483,Shia004456Vols,1985,9,633,478,89
154,768,1483,Zaydiyya0000087,229,265,1002,378,54
154,823,1353,Shamela0012396,839,929,1516,339,67
154,819,1349,Kraken210528100217,470,888,1457,309,64
154,742,1483,Shamela0008505,618,26,724,519,86
154,725,1483,Shamela0009429,174,143,884,514,84
154,823,1483,Shamela0012320,2060,870,1485,457,85
154,792,1483,Sham19Y0145435,3306,478,1231,427,65
155,1,1568,Shamela0006617,1574,173,1533,989,74
155,125,475,Sham19Y0023618,1365,813,1165,263,91
155,1,427,Shamela0023789,1248,1098,1540,294,78
155,427,1535,Shamela0023789,1249,1,1124,528,48
155,125,338,Shamela0023614,869,1330,1542,153,89
155,87,427,Zaydiyya0000077Vols,89,1299,1637,230,78
155,13,1205,Shia001555Vols,1259,1,1239,909,87
155,125,470,Shia002616Vols,4724,143,496,258,90
155,133,403,Shia002341Vols,3016,316,584,202,91
155,1,842,JK000911,1943,941,1530,277,36
155,941,1505,JK000911,1944,10,586,277,49
155,949,1568,Kraken220413203004,247,81,716,299,49
155,87,1568,Shamela0009783BK1,3564,1,1470,815,58
155,78,475,Shamela0023623,3062,994,1408,279,83
155,154,470,JK009266,7068,987,1304,254,98
155,187,475,Shamela0023591,5420,1,293,232,96
155,154,470,Shamela0023591,5425,830,1147,254,98
155,181,470,Sham19Y0020642,289,659,948,234,98
155,133,470,JK007018,519,92,427,260,94
155,154,475,Rafed0002209Vols,1043,50,372,256,97
155,13,719,Rafed0002209Vols,1520,229,925,422,67
155,154,470,Shamela0021821,1374,994,1311,254,98
155,133,485,Shia002356Vols,901,12,360,264,91
155,1,859,Masaha001954,200,612,1477,495,61
155,133,470,JK000791,1740,835,1171,258,93
155,154,475,Rafed0003257Vols,4054,400,723,254,96
155,125,470,Shia002380Vols,584,824,1287,258,68
155,104,470,Shamela0037458,3118,1,365,264,89
155,1,667,Shamela0012406,1951,161,549,209,38
155,988,1400,Shamela0012406,1951,549,859,208,62
155,8,1451,Shamela0010283,5649,105,1560,769,55
155,154,367,Shamela0010283,6436,1379,1593,169,97
155,154,475,Shamela0010523,96,703,1027,255,96
155,1,887,Shia004456Vols,1985,633,1555,675,87
155,887,1205,Shia004456Vols,1986,1,372,256,84
155,129,470,Rafed0002905Vols,6095,731,1231,255,63
155,94,470,ShamAY0031578,7008,293,674,271,87
155,133,349,ShamAY0034052,1641,106,494,150,48
155,984,1518,Shamela0009773,796,376,780,207,47
155,133,470,Shamela0009773,796,11,338,261,94
155,154,355,Shamela0004445,341,1334,1536,159,97
155,59,799,Shamela0004445,4611,355,883,317,53
155,1278,1505,Shamela0004445,4611,962,1173,97,45
155,154,475,Masaha004387Vols,569,1188,1510,256,97
155,167,440,Shia001432Vols,5730,1259,1532,215,96
155,129,470,Shia003721Vols,263,1000,1339,258,92
155,1,680,Zaydiyya0000087,229,1002,1468,263,45
155,680,1568,Zaydiyya0000087,230,126,972,392,46
155,154,470,Masaha000554Vols,4104,788,1101,253,98
155,1,1400,Shamela0012396,840,174,1417,638,49
155,1400,1568,Shamela0012396,841,1,223,114,62
155,158,422,Kraken210904174302,266,907,1168,205,95
155,1458,1564,Shamela0035100,2170,986,1114,76,72
155,133,475,Tanzil001,167,733,1076,259,91
155,1,1378,Kraken210528100217,471,362,1543,525,40
155,1270,1400,Shamela0008505,266,83,213,104,100
155,1,794,Shamela0008505,618,724,1538,625,94
155,794,1568,Shamela0008505,619,1,785,612,95
155,154,470,Shamela0095590,3309,1053,1369,253,97
155,125,386,Shia002406Vols,5997,1323,1583,189,90
155,116,470,JK009396,1104,977,1342,261,85
155,154,475,Shamela0000041,1929,54,562,254,61
155,154,403,ShamAY0034073,3570,726,976,199,97
155,133,470,Shamela0008473,3584,151,476,258,93
155,59,978,Shamela0010646,789,564,1521,705,89
155,978,1564,Shamela0010646,790,1,571,448,93
155,133,403,Shamela0029743,782,1315,1583,202,91
155,1,656,Shamela0009429,174,884,1540,491,90
155,656,1568,Shamela0009429,175,1,913,689,90
155,125,470,Sham19Y0023608,2928,1250,1594,261,93
155,125,504,Sham19Y0023590,4355,870,1239,266,87
155,167,475,Shamela0023628,2714,527,836,242,94
155,181,475,Rafed0002654Vols,10872,774,1072,237,96
155,87,1568,Shamela0012320,2061,32,1377,1015,82
155,129,1568,Sham19Y0145435,3307,1,1471,822,60
155,129,470,Sham19Y0145435,5026,1164,1503,258,92
155,133,475,Rafed0001792Vols,3631,610,954,260,92
155,133,470,Shia002359Vols,3244,1108,1444,258,93
156,18,303,Shamela0006617,1575,1,327,206,80
156,36,274,Kraken220413203004,247,1067,1350,116,52
156,1,266,Shamela0012406,1951,950,1228,132,55
156,1,283,Shamela0008505,619,785,1084,206,85
156,1,283,Shamela0010646,790,594,890,204,84
156,370,1500,Shamela0010646,2088,190,1340,870,92
156,1,283,Shamela0009429,175,913,1219,210,86
156,1,180,Shamela0012320,2061,1377,1552,133,95
157,1225,1444,Zaydiyya0000037Vols,747,1204,1426,165,93
157,1143,1444,Kraken220413203004,262,50,346,180,68
157,1243,1431,JK000916,18809,438,676,120,61
157,1225,1444,Zaydiyya0000091,135,380,604,162,91
157,1064,1194,Zaydiyya0000211,65,173,304,98,91
157,1264,1444,Zaydiyya0000211,70,1,191,135,89
157,1,162,Shamela0010646,2088,1340,1503,124,97
157,162,847,Shamela0010646,2089,1,674,515,92
157,1225,1405,Zaydiyya0000035,102,1345,1513,125,87
157,1310,1444,Kraken210630005153,7755,1003,1137,82,63
157,1225,1444,Zaydiyya0000088,34,1089,1313,166,93
157,1055,1221,Shamela0012404,147,383,581,121,74
157,1194,1444,Shamela0012404,201,580,849,177,84
158,1138,1404,Shamela0010768,66,527,708,100,46
158,480,961,JK000916,23993,758,1310,294,65
158,239,826,Shamela0009773,816,948,1469,336,67
158,826,969,Shamela0009773,817,1,182,101,68
158,1183,1412,Shamela0003118,6863,629,819,106,55
159,1225,1558,JK003609,254,1028,1373,261,93
159,1321,1461,Zaydiyya0000087,282,536,676,108,96
159,413,687,Sham19Y0018285,462,5,284,114,39
159,1221,1424,Shamela0010646,752,1374,1596,161,89
159,1424,1558,Shamela0010646,753,1,144,105,90
159,20,638,Shamela0010646,1392,775,1432,459,87
159,645,1202,Shamela0010646,1393,1,639,441,81
159,86,698,JK009288,135,199,682,247,49
159,367,885,Zaydiyya0000074,122,4,601,343,68
160,1,158,JK003609,254,1373,1544,117,84
160,158,480,JK003609,255,1,333,252,92
160,1,480,Shamela0010646,753,144,629,384,96
161,56,403,Shamela0003118,2850,1012,1339,101,33
161,52,403,JK010605,153,893,1225,104,33
162,84,688,Shamela0010646,374,887,1482,461,94
163,836,962,Shia003445,389,1,131,96,93
164,1,308,Shamela0005446,554,763,1068,232,93
164,199,322,Shamela0021105,112,627,749,86,90
164,14,322,Zaydiyya0000142,813,47,550,205,51
164,199,322,Sham19Y0020762,2167,1201,1323,85,89
164,199,322,Shia001388,245,328,450,86,90
164,199,322,Shia003636Vols,12444,252,374,88,91
164,1,322,Sham19Y0018285,426,206,506,186,65
164,193,322,Shia003634Vols,1288,432,558,87,86
164,414,879,Shamela0005502,65,1376,1559,114,30
164,199,312,Masaha002979Vols,477,19,131,82,94
164,1,322,Sham19Y0120146,54,81,358,189,69
164,546,1333,Kraken210630005153,7601,702,1433,303,35
164,1,273,Rafed0002267,46,1246,1513,202,92
165,1027,1436,Shamela0010768,67,1094,1423,143,43
165,377,776,Shamela0005502,65,677,1428,213,32
165,1027,1529,Shamela0010646,375,405,919,392,93
165,1,187,Shamela0010646,872,251,445,137,88
165,200,377,Shamela0010646,955,1159,1347,137,88
165,217,368,Shamela0009100,46,1387,1534,112,92
165,1027,1436,Kraken210630005153,7600,867,1180,146,46
165,195,486,Kraken210630005153,7601,792,1062,186,76
166,752,1059,Masaha004521,324,315,591,189,71
166,747,1053,Masaha001954,57,493,752,140,54
166,752,995,Zaydiyya0000142,762,1040,1245,127,60
166,752,1078,Shamela0010283,1260,1154,1485,258,96
166,747,995,Shia003711,161,146,388,122,53
166,783,995,Shamela0010665,85,249,569,149,56
166,783,995,Shamela0005502,50,731,1000,148,68
166,715,1069,JK001336,166,519,894,250,79
166,1,357,Shamela0010646,375,919,1282,269,91
166,752,1069,Shamela0010646,1861,317,655,249,90
166,715,995,Shamela0000736,4931,1159,1403,142,56
167,1112,1478,ShamAY0038405,249,885,1327,212,55
167,1204,1478,JK003609,4437,346,627,175,75
167,343,554,Shamela0005880,94,901,1132,155,84
167,1117,1478,ShamAY0038419,186,888,1307,207,57
167,1204,1478,Shamela0023735,131,909,1229,181,69
168,38,351,Shamela0010768,65,457,785,235,89
168,54,351,Shamela0023789,1757,219,502,203,83
168,935,1523,Zaydiyya0000037Vols,44,528,1532,350,41
168,1009,1245,Shamela0009768,131,1334,1556,148,70
168,1134,1412,ShamAY0034434,7,1,313,169,61
168,1009,1412,Shamela0006590,125,721,1118,242,66
168,1009,1381,Shia001782Vols,621,37,463,221,57
168,1009,1381,Shia001782Vols,2805,701,1126,225,59
168,1009,1320,JK001493,215,567,857,192,68
168,43,351,Shia002185Vols,3185,625,968,240,88
168,1009,1412,JK009242,68,284,715,238,60
168,1009,1412,Shamela0008273,8,415,863,246,58
168,1009,1412,JK011633,265,488,885,252,71
168,1009,1400,JK007128,381,1144,1553,221,58
168,1009,1412,JK000916,22529,169,612,241,59
168,1082,1412,Shamela0023700,2880,36,407,207,63
168,1039,1412,JK006838,186,678,1065,260,75
168,1009,1412,JK006838,187,798,1208,228,58
168,43,351,Sham19Y0020762,492,406,741,232,84
168,1009,1412,Sham19Y0023644,941,166,612,247,60
168,43,351,Shamela0036515,643,295,634,235,86
168,199,351,Shamela0023790,686,1,153,122,100
168,129,351,JK010672,54,1,232,165,88
168,1009,1327,Sham19Y0009800,1253,1209,1502,188,64
168,1009,1412,Shamela0012406,426,1099,1532,229,59
168,1009,1412,Shia002032,38,534,986,244,59
168,1009,1412,Shamela0010283,3192,631,1082,242,59
168,1412,1540,Shia003656Vols,145,513,656,99,86
168,1087,1327,Shia003656Vols,165,201,442,175,83
168,1039,1390,Shia003458,80,439,816,256,78
168,1412,1540,Shia003711,86,1227,1365,104,92
168,1412,1540,Shia003704,17,845,982,104,93
168,1009,1412,Masaha004387Vols,63,508,979,239,58
168,1087,1327,Masaha002028Vols,479,26,240,170,83
168,1412,1540,Shia001432Vols,6662,815,958,98,85
168,1009,1381,Shia001432Vols,6891,888,1321,236,62
168,1009,1198,Shamela0012936,5,1335,1515,128,77
168,106,351,Shia003445,353,1,259,187,87
168,88,351,Shia003636Vols,7785,1,264,192,86
168,1109,1412,Shamela0012848,40,1,292,229,89
168,1009,1412,Shia002067,534,819,1264,241,60
168,1009,1412,Shamela0003118,6467,706,1147,239,60
168,43,351,ShamAY0000958,30,360,699,235,86
168,1009,1381,Shia002218Vols,836,410,837,220,58
168,1009,1327,ShamAY0032379,218,373,670,197,70
168,1009,1412,ShamAY0034447,259,118,557,246,61
168,49,351,Shamela0008505,120,61,350,211,83
168,1039,1412,Shia003732Vols,673,462,845,253,72
168,1009,1412,Shamela0001733,4897,139,582,245,60
168,1009,1381,Shamela0010646,1384,845,1197,274,88
168,1009,1381,Shamela0010646,2097,1123,1550,231,62
168,54,351,Shamela19Y0145334,1263,859,1143,208,83
168,1082,1412,ShamAY0032889,9,15,392,216,66
168,1418,1540,Shia001187Vols,5574,423,557,99,91
168,1009,1412,Kraken210630005153,2483,149,520,222,63
168,1009,1327,Sham19Y0020891,5662,888,1144,184,68
168,49,351,JK006919,579,180,462,216,87
168,1020,1360,Shamela0009873,211,1128,1533,214,61
169,283,475,ShamAY0007299,3694,233,406,118,78
169,283,493,ShamAY0007299,4430,1,193,134,81
169,242,498,Shia003656Vols,143,367,650,190,84
169,549,1315,Shia003458,41,289,1245,464,60
169,242,502,ShamAY0000443,2820,185,507,179,68
169,242,493,Shia001432Vols,6688,703,958,185,88
169,242,498,JK007082,129,164,477,182,71
169,283,465,MMS00013,1784,1344,1508,110,77
169,242,493,Shia001237Vols,3338,1085,1340,190,90
169,283,502,Shia003355,2,1088,1289,135,78
169,269,493,Shia001300,105,5,225,168,92
170,1108,1485,Sham19Y0000760,760,1,371,270,90
170,1075,1485,Shia002185Vols,2890,519,910,285,88
170,1173,1485,ShamIbadiyya0000760,983,1,325,238,90
170,1144,1480,JK009242,93,673,1007,164,48
170,1144,1480,Shamela0023685,94,771,1106,164,48
170,1099,1335,Shamela0023591,1987,529,868,154,55
170,1144,1480,JK001117,5,333,666,162,48
170,1118,1335,ShamAY0034059,917,297,586,134,54
170,1144,1447,Shamela0026568,69,464,789,160,51
170,1094,1480,Masaha001864Vols,1432,252,741,178,40
170,1099,1459,Shamela0021721,2805,148,484,145,40
170,1144,1480,Masaha001954,271,732,1090,161,45
170,1149,1359,Sham19Y0036540,3435,728,961,97,39
170,1144,1480,Zaydiyya0000142,2515,592,949,176,51
170,1075,1485,ShamIbadiyya0000185,3160,863,1312,308,86
170,1084,1480,Sham19Y0023644,957,461,919,185,43
170,244,1008,Shia000263Vols,1274,1,779,576,90
170,1144,1480,Shamela0005455,79,935,1271,164,49
170,1144,1480,Shamela0012406,453,1066,1402,165,49
170,1144,1480,Shamela0010283,3159,298,634,165,49
170,1094,1485,Shia002958,60,202,631,284,82
170,1144,1480,Shia003711,91,644,973,161,49
170,1058,1480,Shia002702Vols,7301,291,712,183,47
170,1099,1335,ShamAY0034052,374,189,527,153,54
170,1144,1480,Shia003704,67,660,993,163,49
170,1094,1414,Masaha004387Vols,84,748,1141,196,57
170,1075,1459,Masaha002028Vols,318,762,1048,158,45
170,1075,1485,Shia001432Vols,13650,798,1202,285,85
170,1144,1480,Shamela0006700,9,252,597,166,48
170,1094,1485,Shia003636Vols,11900,176,563,269,80
170,1144,1489,Zaydiyya0000087,77,78,552,184,47
170,1099,1451,Shia000841Vols,7215,1252,1579,143,41
170,1094,1480,ShamAY0034435,2,940,1395,178,42
170,1088,1480,Sham19Y0018147,576,267,763,174,38
170,1084,1485,Masaha002336,210,250,989,312,52
170,1075,1335,ShamAY0034068,434,1055,1389,155,53
170,1099,1459,Shamela0006172,423,676,1006,137,38
170,1149,1480,Shia001553,23,29,538,166,38
170,1306,1485,Shia002525,177,1,174,121,81
170,1159,1485,Shia001368,229,1,326,251,95
170,1108,1480,JK001336,791,1,407,219,61
170,1094,1414,ShamAY0034447,701,218,615,211,61
170,1075,1314,Shamela0008505,562,1251,1515,185,88
170,1314,1485,Shamela0008505,563,1,174,134,97
170,196,830,Shia000317Vols,2647,879,1524,481,92
170,830,1008,Shia000317Vols,2648,1,172,136,94
170,196,1118,Shamela0010646,793,514,1472,681,86
170,1094,1485,Shamela0010646,1365,469,859,289,91
170,1144,1406,ShamAY0034443,9,1030,1489,140,33
170,1094,1447,Masaha002979Vols,1028,6,465,226,59
170,1075,1485,ShamIbadiyya0000773,1597,895,1291,269,73
170,1075,1335,Sham19Y0023608,650,381,708,150,55
170,1199,1335,Sham19Y0020891,1238,1114,1252,83,68
170,1075,1250,ShamIbadiyya0000942,395,1291,1511,132,74
170,1250,1485,ShamIbadiyya0000942,396,1,231,178,97
170,1144,1414,Shamela0009873,264,507,862,159,48
170,1144,1447,Sham19Y0145166,99,980,1298,156,50
170,196,1008,Shia000220Vols,781,357,1181,623,93
171,596,707,Rafed0003896Vols,120,782,1262,77,20
171,308,707,Rafed0003896Vols,121,115,419,92,21
171,81,233,Rafed0003896Vols,123,375,518,95,76
171,81,233,JK000916,26083,273,396,85,69
171,340,436,Shia003704,155,964,1060,75,100
171,586,707,Shia003636Vols,922,1310,1434,83,84
171,62,237,Shamela0003118,7749,1023,1310,106,45
171,591,707,ShamAY0034447,2139,435,798,85,30
172,1217,1568,Zaydiyya0000037Vols,295,285,645,233,72
172,855,1327,Shia002185Vols,162,1,378,279,72
172,802,1142,Shia004021,221,124,472,253,89
172,802,1564,Shia002958,94,500,1133,441,70
172,802,1327,Shia001432Vols,11089,294,735,314,72
172,802,1327,Shia001432Vols,36006,757,1185,314,73
172,802,1032,Shia002165,23,1396,1624,171,91
172,1032,1568,Shia002165,24,1,576,383,80
173,10,165,Rafed0000040Vols,1595,777,933,112,84
173,280,917,Zaydiyya0000037Vols,257,795,1537,399,62
173,917,1529,Zaydiyya0000037Vols,258,1,582,413,79
173,1,157,Zaydiyya0000037Vols,295,645,805,104,80
173,10,165,Shia002185Vols,158,525,681,113,85
173,280,1357,Shia002185Vols,162,425,1550,690,68
173,1357,1529,Shia002185Vols,163,1,182,131,91
173,280,442,Shia002185Vols,280,1018,1163,111,86
173,1172,1494,Shia002185Vols,281,765,1084,180,61
173,10,165,Shia003729Vols,102,1404,1566,118,89
173,10,157,Masaha001954,121,601,781,106,70
173,280,1012,Zaydiyya0000098,903,363,1182,470,66
173,287,775,Shia004020,336,612,1210,294,57
173,10,165,Sham19Y0023644,1474,691,849,114,85
173,10,172,Shia002958,94,1133,1297,118,85
173,277,1364,Shia002958,95,412,1517,692,70
173,1364,1529,Shia002958,96,1,177,125,88
173,280,1172,Shia002958,466,169,1387,553,52
173,1172,1494,Shia002958,467,266,593,182,60
173,280,1027,Shia001265,74,363,1423,473,53
173,1172,1523,Shia001265,75,946,1498,250,55
173,1,165,Zaydiyya0000288,13,185,355,110,80
173,10,165,Shia001432Vols,11029,809,982,108,72
173,280,1027,Shia001432Vols,11064,448,1458,466,53
173,1172,1529,Shia001432Vols,11065,927,1459,251,58
173,277,496,Shia001432Vols,11067,306,556,139,69
173,280,1209,Shia001432Vols,35999,318,1548,562,51
173,1209,1369,Shia001432Vols,36000,1,154,111,79
173,10,165,Shia20200618,10,248,404,113,85
173,280,674,Shia003636Vols,5409,1007,1470,226,55
173,1194,1494,Shia003636Vols,5410,1205,1491,155,56
173,674,1172,Shia003636Vols,5410,1,759,316,47
173,280,1172,Shia004525,311,223,1162,549,65
173,10,165,Masaha004583,66,175,332,115,86
173,280,401,Shia003725,98,1100,1218,92,96
173,10,165,Shia003702,157,453,609,113,85
173,10,165,Shamela0010646,47,828,984,113,85
173,280,1172,Shia001749,26,384,1341,559,66
173,1172,1529,Shia001749,27,649,1046,246,74
173,345,1529,Shia001416,105,1,1241,769,69
173,1357,1529,Shia001416,220,167,348,124,86
173,277,1297,Zaydiyya0000039,639,434,1519,635,66
173,1,221,Shia002165,24,576,796,158,84
174,5,1013,Zaydiyya0000037Vols,258,582,1574,637,69
174,1013,1542,Zaydiyya0000037Vols,259,1,520,384,88
174,15,765,JK001493,302,838,1519,497,78
174,765,1468,JK001493,303,1,726,434,65
174,1,1339,Shia002185Vols,163,182,1560,951,80
174,1339,1542,Shia002185Vols,164,1,220,157,90
174,5,210,Zaydiyya0000142,1797,1265,1473,156,90
174,5,355,Zaydiyya0000142,1813,799,1139,240,80
174,441,1542,Zaydiyya0000142,1814,9,887,584,64
174,1087,1294,Zaydiyya0000142,3466,51,198,108,65
174,15,517,Shia001657Vols,49,1084,1574,369,87
174,517,1468,Shia001657Vols,50,1,934,573,66
174,5,724,JK001030,15,814,1496,474,77
174,729,1542,JK001030,16,8,667,440,63
174,1087,1290,Zaydiyya0000199,201,190,332,107,66
174,1,1369,Shia002958,96,177,1558,919,74
174,30,1542,Shia001265,76,7,1375,781,55
174,45,1542,Shia001432Vols,11066,10,1285,776,56
174,585,1390,Shia001432Vols,11067,493,1107,372,51
174,1304,1519,Shia001432Vols,36031,1097,1302,73,27
174,1087,1290,Zaydiyya0000161,30,585,723,104,64
174,1087,1542,Shia004525,310,578,842,192,53
174,1,546,Shia001749,27,1046,1565,406,90
174,541,1542,Shia001749,28,4,1080,702,77
174,15,1349,Shia001663Vols,65,193,1442,869,74
174,1,339,Shia001416,105,1241,1568,258,91
174,339,1542,Shia001416,106,1,1301,866,79
174,5,1542,Zaydiyya0000039,624,79,1455,908,68
175,197,982,Shamela0023789,856,327,855,387,59
175,1,183,Zaydiyya0000037Vols,259,544,703,116,77
175,15,982,Shamela0009768,91,451,1081,325,34
175,997,1263,Shamela0000558,131,1,262,148,67
175,183,1032,JK000911,805,330,1094,539,77
175,1,167,Shia002185Vols,164,239,400,125,93
175,352,982,Shia002185Vols,1581,15,656,479,88
175,587,787,JK000916,10178,867,1064,158,96
175,163,367,JK000916,10182,1336,1528,152,91
175,367,986,JK000916,10183,1,650,493,92
175,171,986,Zaydiyya0000098,1046,639,1267,394,57
175,587,982,Zaydiyya0000142,2543,343,664,215,63
175,568,783,Masaha002308Vols,670,468,684,167,94
175,183,1046,Sham19Y0023644,1801,141,752,358,47
175,171,982,Shamela0001719,4539,781,1452,451,66
175,1263,1418,Shamela0036446,869,411,806,106,32
175,239,982,Masaha003492Vols,755,1,788,592,91
175,197,1032,Shamela0010283,4174,566,1277,516,75
175,251,1039,Shia002958,105,1,845,583,82
175,197,982,Sham19Y0036571,89,541,1287,491,68
175,171,711,Shamela0009790,98,1096,1539,244,49
175,711,993,Shamela0009790,99,1,284,217,93
175,183,756,Shamela0007012,290,966,1570,457,92
175,756,1013,Shamela0007012,291,1,265,186,85
175,587,787,JK007082,141,956,1153,157,96
175,171,1025,Shamela0001001,200,194,872,420,58
175,171,982,Shamela0026484,364,156,1176,452,46
175,986,1293,Shamela0010496,30,802,1152,155,51
175,986,1263,Shamela0005433,16,1,321,111,37
175,587,787,Shamela0003118,3189,1102,1299,158,96
175,1,163,Shia004525,310,842,999,122,93
175,183,429,Shamela0007292,150,965,1280,189,73
175,986,1263,Shamela0012847,44,398,679,137,54
175,197,743,Shamela0006739,477,1042,1597,433,94
175,743,982,Shamela0006739,478,1,324,181,67
175,171,986,JK000778,499,192,902,457,64
175,163,419,ShamAY0032379,508,207,422,164,77
175,986,1270,Shamela0008505,131,655,941,186,76
175,587,783,Masaha001946Vols,465,275,468,157,97
175,587,787,JK000001,607,1012,1221,158,90
175,1004,1418,Shamela0010646,56,214,571,266,75
175,163,986,Shamela0010646,1386,432,1272,643,91
175,167,986,Masaha002979Vols,59,252,1043,588,85
175,577,1013,Sham19Y0013572,1166,77,830,326,53
175,587,787,Shamela0012845,8,920,1117,158,96
175,1270,1414,Shamela0000761,779,108,252,111,93
175,1,163,Shia001749,28,1099,1257,122,93
175,512,982,ShamAY0034249,1018,21,333,222,57
175,171,969,Shia002119Vols,838,168,831,445,65
175,1,163,Shia001416,106,1320,1477,122,93
176,391,562,Shamela0023789,809,312,473,100,66
176,689,900,ShamAY0034570,32,7,194,125,67
176,189,320,Shia002185Vols,2382,832,976,92,81
176,562,684,ShamAY0034301,7,1035,1163,89,86
176,185,562,Shamela0010614,358,59,691,261,51
176,731,900,Shamela0010614,439,300,479,125,86
176,180,320,Shamela0023700,1671,1226,1361,91,80
176,189,320,Shia002958,163,128,268,93,82
176,731,900,Shia004092Vols,4732,1142,1405,110,52
176,735,905,Shia003704,357,260,433,127,92
176,1137,1441,Shamela0012828,43,915,1235,228,90
176,189,320,Shia001432Vols,15869,1251,1391,93,82
176,189,320,Shia003636Vols,1581,915,1055,93,82
176,562,679,Shia002067,244,1128,1252,90,91
176,196,320,Shamela0026484,386,293,416,83,83
176,562,684,Shamela0001733,3248,1,127,92,87
176,1137,1441,Shamela0010646,982,21,349,228,88
176,201,375,Shamela0010646,1581,30,209,133,97
176,1137,1399,Masaha002979Vols,508,947,1216,185,84
176,731,1008,Rafed0002654Vols,4679,130,532,156,48
176,231,353,Rafed0002654Vols,11950,1,149,82,68
176,731,900,Shia002165,114,400,712,110,45
177,1142,1434,Shia002185Vols,419,249,518,192,82
177,86,305,Sham19Y0036072,171,183,394,168,96
177,86,240,Shamela0023787,27,1256,1410,120,96
177,1142,1475,Shia002958,124,1106,1379,188,71
177,86,240,Shia004092Vols,4723,548,702,119,95
177,840,1159,Shia003704,357,428,724,197,71
177,1142,1438,Shia001432Vols,12956,467,738,195,83
177,81,292,Shia001432Vols,26596,368,581,161,94
177,81,292,Shia001299,25,1016,1232,161,93
177,884,1189,JK001336,399,1042,1408,165,55
177,81,292,Shia001615Vols,3484,558,769,161,94
177,86,305,Shamela0008505,73,814,1026,168,95
177,840,1118,Shamela0010646,505,829,1146,200,78
177,81,240,Rafed0002654Vols,4669,723,877,119,92
178,619,922,Rafed0001121,367,1015,1350,224,81
178,1,124,ShamIbadiyya0000109,7243,696,811,65,52
178,608,918,Rafed0000175,200,901,1266,202,69
178,1,124,JK001324,279,316,438,72,69
178,1,119,Sham19Y0096918,269,757,869,67,66
178,15,131,Shamela0023790,229,1024,1144,88,91
178,619,918,Shia001265,185,710,1087,196,65
178,619,819,Shia001337Vols,309,1235,1456,143,78
178,619,918,Shia001432Vols,12864,314,678,202,69
178,619,922,Shia001432Vols,16510,694,1014,222,83
178,619,922,Shamela0012226,23,540,866,230,88
178,1,124,JK000001,93,484,599,72,65
178,1,616,Shamela0010646,56,773,1070,215,42
178,616,926,Shamela0010646,1581,209,519,236,96
178,1,119,JK009288,40,435,551,83,86
179,114,480,Shamela0023789,812,1107,1500,231,67
179,480,849,Shamela0023789,813,1,394,240,73
179,114,818,Shia002185Vols,419,545,1368,468,67
179,114,271,Shamela0010614,346,1328,1484,122,96
179,271,894,Shamela0010614,347,1,635,478,95
179,900,1025,Shamela0010614,475,1396,1528,98,94
179,1025,1300,Shamela0010614,476,1,284,210,91
179,114,889,Zaydiyya0000142,568,269,1157,593,83
179,114,818,Sham19Y0023644,3068,161,719,306,48
179,900,1300,Shamela0009773,568,461,795,186,56
179,114,813,Shia001432Vols,12899,214,1019,460,67
179,114,638,Shamela0012226,51,929,1493,314,62
179,119,889,Shamela0010646,1588,1,772,597,97
179,114,702,Shamela0001000,705,875,1497,380,72
180,76,541,Shamela0006617,933,711,1213,239,51
180,20,541,Masaha002301,152,383,982,371,76
180,756,935,Rafed0003902Vols,307,1416,1626,118,65
180,111,541,Masaha002872,151,57,498,200,46
180,111,541,Shia001382,129,417,846,218,53
180,26,458,Shia002962,293,9,528,244,55
180,76,392,Shia001134,108,1039,1384,193,66
180,6,541,Zaydiyya0000142,684,90,687,293,53
180,111,417,Zaydiyya0000342,231,1168,1496,168,55
180,702,985,Sham19Y0036072,247,390,756,176,52
180,95,541,Shia001348,45,189,644,219,54
180,111,541,Shia002958,135,155,603,223,57
180,111,541,Shia004092Vols,2321,463,950,246,59
180,26,431,Shia004092Vols,2324,67,641,275,59
180,263,541,Shia004092Vols,6204,1,332,183,67
180,186,541,Shia004092Vols,7800,813,1264,187,51
180,82,536,Shia004092Vols,7801,939,1418,243,54
180,149,431,Shia004092Vols,8198,1,320,179,66
180,111,541,Zaydiyya0000288,247,87,531,211,53
180,76,541,Shia001432Vols,15137,508,1010,246,54
180,1313,1440,Shamela0010512,56,634,769,100,91
180,91,541,Shamela0010664,319,25,448,267,66
180,243,541,Shamela0013035,596,1,317,211,81
180,76,541,Shia001278Vols,86,550,1098,257,57
180,20,541,Shia001278Vols,255,80,690,364,73
180,26,351,Shia003636Vols,1028,1056,1440,204,63
180,351,541,Shia003636Vols,1029,8,201,124,79
180,20,541,Masaha002336,242,92,940,361,53
180,20,384,Zaydiyya0000300,9,1017,1483,222,54
180,82,541,Shamela0012750,225,424,919,220,46
180,149,443,Masaha004583,83,7,278,166,62
180,95,436,Shamela0023644,1831,795,1187,209,63
180,26,541,Shia003707Vols,98,491,1116,348,69
180,82,541,Shamela0008657,487,451,976,238,49
180,20,541,Masaha002473,43,131,718,357,73
180,95,541,JK010344,619,358,770,208,51
180,756,935,Shamela0008473,290,924,1134,118,65
180,26,275,Shia003727Vols,143,1183,1504,170,64
180,281,541,Shia003727Vols,144,8,349,179,66
180,82,541,Masaha002880Vols,184,71,605,285,64
180,697,1023,Shamela0010646,56,1156,1507,258,89
180,520,697,Masaha002979Vols,543,940,1123,118,77
180,728,935,Tafsir09084,58,121,735,116,21
180,375,541,Masaha003296Vols,379,4,147,80,62
180,111,479,Masaha003296Vols,926,18,422,175,48
180,6,301,Masaha003104,75,1126,1454,166,55
180,138,324,Shia004007,218,1,258,126,61
180,26,431,Rafed0002654Vols,2222,657,1223,214,40
180,20,229,Rafed0002654Vols,6188,1182,1427,151,75
180,166,541,Rafed0002654Vols,6189,1,384,221,62
180,111,541,Rafed0002654Vols,7809,1008,1455,217,53
180,195,541,Rafed0002654Vols,7810,737,1174,183,51
180,82,536,Rafed0002654Vols,7811,852,1332,243,54
180,26,431,Rafed0002654Vols,8212,329,763,241,63
180,732,935,Shamela0009231,145,33,221,137,78
180,127,536,Shia001349Vols,832,215,510,179,56
180,82,541,Zaydiyya0000017,92,581,1023,217,54
180,770,985,JK006919,106,1,292,166,69
180,1,541,Shia003994,18,696,1276,336,68
180,201,536,Rafed0000609Vols,484,76,655,151,34
181,1143,1455,JK000481,282,862,1253,235,74
181,1065,1460,Shamela0012403,1012,390,875,243,58
181,1143,1469,JK000916,901,311,726,238,71
181,1200,1455,ShamAY0034447,951,1,275,200,89
181,734,911,Shia001615Vols,175,908,1358,138,36
181,1139,1460,Shamela0010646,30,418,760,249,89
181,185,311,Shamela0010646,57,109,242,100,94
181,1139,1455,JK009288,273,246,595,248,87
182,617,839,Shamela0000558,363,736,961,164,90
182,1,149,ShamAY0036061,5,819,975,114,89
182,40,154,Shamela0001687,1113,45,207,86,67
182,617,763,JK007054,442,1366,1506,104,89
182,1,149,Shamela0007798,1156,785,952,103,73
182,219,408,Masaha003492Vols,472,1149,1362,135,76
182,40,149,Masaha003492Vols,984,889,1018,82,80
182,1,149,Shamela0026324,1996,957,1111,114,90
182,6,154,Shia003965Vols,1670,644,825,99,69
182,1278,1412,Shamela0025791,377,387,525,85,74
182,9,154,ShamAY0034694,852,68,224,97,76
182,9,149,Shamela0011435,778,831,1040,96,58
182,6,154,JK007040,4102,1104,1291,97,66
182,408,539,Shamela0008505,33,967,1097,105,96
182,614,834,Shamela0008505,261,507,730,168,96
182,915,1083,Shamela0008505,272,87,239,91,61
182,1139,1461,Shamela0008505,459,586,821,169,61
182,1,149,Sham19Y0148486,2903,96,666,97,20
182,617,834,Shamela0010646,1945,213,476,164,79
182,206,369,JK009288,999,1256,1476,113,64
182,223,359,Masaha002979Vols,1038,77,204,100,91
182,544,1078,Shamela0009100,47,205,385,137,32
182,1,149,Sham19Y0146127,1529,794,921,97,80
182,1,149,Shamela0012884,537,1019,1161,111,92
183,164,341,Shamela0009250,159,1281,1495,129,77
183,345,781,Shamela0009250,160,1,469,331,86
183,175,813,Shamela0000722,111,825,1506,398,66
183,288,775,JK010552,885,465,965,229,47
183,214,808,Sham19Y0017724,111,771,1320,383,76
183,288,775,JK000916,17657,450,957,228,46
183,255,775,JK000927,43,5,579,247,46
183,255,858,JK006476,1206,750,1019,99,20
183,255,862,ShamAY0032088,13,92,704,371,70
183,258,813,Shia003636Vols,15265,266,843,353,72
183,330,676,JK010724,7,922,1362,154,37
183,255,775,Shamela0003118,5137,334,905,247,46
183,126,817,Sham19Y0150966,244,757,1480,501,85
183,255,791,Zaydiyya0000300,49,820,1463,247,44
183,255,842,Sham19Y0149697,2489,290,885,196,36
183,1,223,Shamela0008505,459,821,1034,147,81
183,164,377,Shamela0008505,460,1138,1375,158,85
183,371,858,Shamela0008505,461,525,1045,377,90
183,255,775,Kraken22021606121201,33,379,995,237,42
183,239,742,Shamela0010508,6,705,1180,234,48
183,164,377,JK010778,7,685,921,153,83
183,371,781,JK010778,8,130,533,313,93
183,999,1104,Shamela0000761,385,652,771,81,85
183,126,858,Shia004649Vols,1349,8,780,536,84
184,541,1342,Shia002185Vols,418,681,1487,543,76
184,1342,1491,Shia002185Vols,419,1,154,108,87
184,392,550,JK000916,23351,789,926,90,72
184,783,1401,Zaydiyya0000142,3794,145,716,415,81
184,901,1491,JK001030,125,533,1133,430,85
184,226,382,Shamela0001719,2521,288,792,104,25
184,541,1459,Shia002958,123,755,1491,488,61
184,217,392,Shamela0007012,351,237,405,125,90
184,541,1109,Shia001432Vols,12955,870,1469,384,73
184,1109,1491,Shia001432Vols,12956,1,371,270,84
184,541,1192,Shia003754Vols,228,806,1476,444,75
184,1192,1491,Shia003754Vols,229,1,309,206,80
184,546,1296,Shamela0012226,17,651,1465,456,63
184,247,382,JK009324,2722,95,251,92,75
184,500,1200,Shamela0010646,1588,772,1477,542,93
184,1200,1491,Shamela0010646,1589,1,294,219,93
184,217,360,Shamela0000761,493,1365,1502,106,95
184,26,207,JK001236,191,1031,1199,121,80
185,446,624,Shamela0008242,2,1,177,127,87
185,353,624,Shia001334,492,390,710,194,75
185,353,624,JK009390,7021,752,1040,182,75
185,407,629,Shia001782Vols,595,22,246,153,85
185,320,624,JK000916,12534,286,646,203,71
185,320,624,ShamAY0038174,89,884,1208,202,77
185,407,629,Sham19Y0023644,2020,15,236,156,86
185,353,624,Sham19Y0127677,5073,841,1129,181,74
185,320,624,Sham19Y0127677,19682,470,796,197,76
185,353,624,Shamela0001438,7062,612,900,179,74
185,353,624,Shia004021,136,1026,1351,192,73
185,353,624,Shia001432Vols,26020,111,431,191,74
185,342,589,Shia001122Vols,881,900,1133,128,61
185,353,624,Shia003636Vols,6456,330,629,193,80
185,348,624,JK000060,124,1014,1312,193,80
185,320,629,Shamela0003118,3779,569,887,190,70
185,353,624,Shamela0003617,22,87,380,190,80
185,348,624,Shamela0008494,165,171,471,189,78
185,348,624,JK000728,94,438,732,188,79
185,320,624,Shamela0010835,262,313,633,199,77
185,342,581,Shia001174Vols,3634,1178,1402,126,62
185,320,624,Shamela0001733,2004,946,1256,186,72
185,348,664,Shamela0010646,57,294,587,230,91
185,361,624,Shia001340,402,82,376,185,78
185,353,624,Shamela0010906,1150,251,542,193,82
185,348,624,Sham19Y0020882,265,963,1263,187,77
185,317,624,JK000022,136,994,1338,197,72
185,320,624,Shamela0008216,90,180,504,202,77
185,320,624,JK011358,39,594,909,197,77
185,320,624,Sham19Y0039268,420,485,799,196,77
185,353,527,Shamela0012031,149,1231,1436,128,80
186,598,756,Sham19Y0000259,28,1299,1460,116,90
186,910,1004,Sham19Y0000259,245,1254,1348,68,93
186,763,1064,Rafed0003896Vols,62,405,711,219,88
186,590,756,Shamela0023789,130,1078,1262,117,73
186,910,1004,Sham19Y0000760,418,881,975,68,93
186,443,627,Sham19Y0000760,608,323,575,124,58
186,590,756,Sham19Y0000760,958,89,257,121,90
186,1077,1337,ShamAY0033586,197,701,968,203,92
186,443,583,JK000916,10510,212,350,95,83
186,598,756,Masaha002064Vols,705,405,595,113,69
186,443,590,Sham19Y0020762,769,760,1005,110,56
186,443,598,Sham19Y0036072,52,585,738,110,85
186,627,756,Sham19Y0036072,53,1,124,97,95
186,443,590,Shia002958,178,767,915,111,89
186,198,437,Shia002958,179,306,530,161,81
186,756,875,Shia002958,189,1381,1507,90,91
186,881,1455,Shia002958,190,1,544,242,43
186,763,1064,Shia001432Vols,25028,109,440,222,85
186,443,621,ShamAY0032839,27,205,381,110,72
186,872,1064,JK010611,78,1063,1274,146,89
186,90,583,Shamela0003118,3269,1160,1423,163,40
186,598,756,Shamela0001500,37,925,1116,125,81
186,598,756,Shamela0001500,56,333,524,125,81
186,696,1337,JK001336,288,7,297,217,42
186,443,756,Shamela0008505,67,993,1374,231,74
186,756,945,Shamela0008505,286,1203,1408,144,88
186,945,1426,Shamela0008505,287,1,534,373,86
186,443,595,Shamela0010646,412,646,800,115,92
186,590,1354,Shamela0010646,415,765,1483,358,48
186,767,1064,Shamela0010646,1008,1,330,227,87
186,195,437,Masaha002979Vols,541,854,1086,172,89
186,910,1064,Shamela0009100,47,44,196,115,95
186,756,933,Sham19Y0120146,79,441,632,131,83
186,590,756,Sham19Y0120146,85,600,769,123,90
186,616,756,JK010766,259,284,418,90,77
187,40,306,Shamela0000355,49,1072,1438,170,58
187,599,898,Shamela0000355,50,395,758,171,57
187,43,316,JK000927,2597,289,560,184,82
187,289,571,JK000927,2598,611,1035,183,49
187,595,1310,JK000927,2599,123,995,521,73
187,43,226,Shia002958,176,1280,1471,127,81
187,289,571,Shia002958,189,834,1259,184,48
187,43,306,Shia001432Vols,7616,860,1232,182,61
187,40,282,Shia001237Vols,4139,583,841,170,82
187,43,306,Shia002984Vols,1546,425,720,184,77
187,35,282,Kraken22021606121201,1055,542,816,165,73
187,582,1454,Kraken22021606121201,1056,359,1226,483,59
187,40,306,Masaha004561Vols,355,651,959,171,66
187,1310,1454,Shamela0010646,415,940,1145,108,66
187,43,306,Shia001349Vols,74,712,989,184,81
188,1144,1515,Shamela0010614,247,590,953,260,80
188,665,894,JK000927,2606,781,1463,136,25
188,894,1489,JK000927,2607,1,560,336,58
188,1149,1489,JK003609,4446,1311,1534,134,47
188,1149,1515,Sham19Y0021505,38,1,340,246,78
188,802,1074,Kraken22021606121201,1061,1207,1484,197,86
188,1074,1481,Kraken22021606121201,1062,1,372,179,40
188,1181,1515,Shamela0028453,203,1,316,222,76
189,855,1208,Shamela0010768,63,197,557,246,80
189,860,1200,Shamela0023789,972,883,1144,181,66
189,1298,1581,JK010552,671,195,536,220,81
189,1,570,Shamela0010614,247,953,1541,447,93
189,570,855,Shamela0010614,248,1,281,219,91
189,1298,1581,JK000916,10481,226,565,220,81
189,855,1200,Shamela0023790,566,1113,1455,253,89
189,860,1200,Shamela0026803,181,137,434,196,66
189,1298,1581,Shamela0003118,3254,963,1280,213,83
189,1,673,Sham19Y0021505,38,340,1035,529,92
189,860,1216,JK009364,10,492,826,238,80
189,1001,1224,Shamela0028453,36,1,221,155,85
189,1,855,Shamela0028453,203,316,1107,614,85
189,884,1200,Shamela0010646,1042,1107,1408,210,83
189,860,1200,Shamela0009100,50,572,908,248,91
189,884,1208,Shamela0001349,471,244,502,176,66
189,855,1200,JK006919,633,727,961,167,59
189,884,1216,Masaha002349,344,1,300,218,81
190,971,1261,Shamela0023789,884,211,496,199,84
190,976,1261,Sham19Y0017387,152,513,805,216,91
190,1046,1266,Shia002185Vols,1504,1138,1349,149,82
190,338,733,Shamela0010614,57,887,1240,216,64
190,981,1261,Shamela0010614,171,349,637,215,92
190,976,1261,JK000916,6279,867,1120,157,63
190,971,1261,Rafed0002209Vols,1219,340,634,195,81
190,1286,1453,Shamela0023790,436,1,167,130,98
190,976,1209,Shamela0010798,2787,1282,1483,128,64
190,100,338,Shia002958,190,191,429,182,96
190,976,1214,Shamela0009773,1014,1178,1520,162,58
190,966,1261,Masaha004387Vols,453,145,442,195,80
190,976,1261,Shamela0003118,2161,607,865,156,62
190,976,1261,Shamela0035100,2076,793,1019,140,57
190,971,1253,Shamela0008505,616,442,683,156,70
190,976,1261,Shamela0028453,76,1111,1370,159,63
190,338,646,Shamela0010646,57,587,857,207,86
190,981,1127,Masaha002979Vols,1012,1281,1489,103,63
190,976,1261,Shamela19Y0145334,1727,209,714,188,45
190,383,574,Shamela0009100,47,385,576,142,96
190,976,1261,Shamela0009100,50,961,1260,216,87
190,966,1345,Kraken210630005153,5259,1023,1607,282,60
190,1345,1453,Kraken210630005153,5260,1,108,82,97
190,976,1261,Sham19Y0145435,5947,167,394,140,57
190,976,1261,Shamela0012579,995,191,448,156,63
191,1240,1550,Shamela0023789,882,315,574,173,67
191,350,743,Shia002185Vols,1504,753,1088,230,71
191,387,556,Shia002185Vols,2621,343,517,121,83
191,119,753,Shamela0023790,436,202,807,444,82
191,844,1232,Sham19Y0020949,154,392,842,227,58
191,398,723,Shia003725,100,330,658,162,49
191,556,723,Shia004030Vols,2044,599,765,122,86
191,1240,1545,JK001310,71,588,845,184,74
191,243,753,JK001310,71,1,520,329,69
191,188,816,Shamela0010646,1389,1,642,449,84
191,384,583,Kraken210630005153,5260,116,302,126,78
192,469,992,Shamela0023789,881,878,1433,337,70
192,1031,1335,Shamela0023789,883,1098,1606,198,47
192,1339,1544,Shamela0023789,884,7,194,123,66
192,96,458,Shia002185Vols,1505,1,385,266,81
192,1225,1473,Rafed0002209Vols,1219,98,327,142,66
192,1225,1522,Shamela0010646,1135,596,988,210,66
192,464,1058,Shamela0010646,1390,970,1591,462,91
192,464,992,Shamela0001349,150,232,672,236,49
192,1220,1522,Shamela0001349,153,512,801,178,67
193,438,601,Shia002185Vols,1497,419,598,118,83
193,420,589,Shamela0010614,442,518,694,122,84
193,979,1311,Shamela0010646,751,114,483,260,84
193,1376,1488,Shamela0010646,1390,520,642,88,90
193,13,324,Shamela0010646,1581,1091,1403,238,95
193,984,1315,Shamela0009100,51,113,448,248,89
194,1,342,Shamela0023789,883,187,578,245,74
194,317,1242,Shamela0023789,1268,370,1350,515,57
194,1,312,JK000911,2009,99,386,170,59
194,1,349,Shia002185Vols,1497,755,1136,268,87
194,894,1196,Shia002185Vols,1497,1160,1496,217,76
194,1,334,Shamela0009783BK1,3716,808,1123,186,63
194,464,1227,Sham19Y0029560,384,618,1489,451,57
194,438,1169,JK003609,5375,148,1043,362,42
194,379,1137,Shamela0012318,601,249,1037,385,51
194,464,1395,Shamela0009091,208,5,1237,570,54
194,532,1227,Shamela0026484,372,1,826,425,59
194,707,1191,Sham19Y0018147,1087,13,670,316,57
194,464,988,Shia003634Vols,318,95,750,321,55
194,1382,1529,Shamela0012226,78,908,1060,96,73
194,745,1437,Shamela0012226,81,8,1020,425,49
194,1291,1529,Shamela0006624,665,167,516,122,45
194,349,852,Shamela0008505,310,898,1452,316,61
194,870,1382,Shamela0008505,311,117,899,370,57
194,728,1137,Kraken220413202840,4,1,407,226,63
194,1,248,Masaha002310,32,1285,1559,185,80
194,1174,1382,Shamela0010646,57,1069,1290,165,93
194,1,342,Shamela0010646,1390,642,987,257,89
194,1382,1529,Shamela0001000,850,993,1160,96,67
194,495,1095,Shamela0001000,851,710,1480,394,60
194,1,312,Shamela0001349,153,123,507,210,62
194,60,334,Sham19Y0145435,3741,1,266,152,62
194,1404,1529,Shamela0009873,123,1132,1300,94,70
195,1,217,Zaydiyya0000013,322,1147,1377,161,84
195,1,341,Shamela0023789,1268,73,397,217,74
195,1,217,Zaydiyya0000198,260,265,481,167,95
195,11,324,Shia002185Vols,1499,1,334,203,72
195,1,324,Zaydiyya0000142,3743,916,1213,233,89
195,1,217,Shia004092Vols,2950,394,613,171,98
195,1,254,Shia001432Vols,15857,1198,1485,179,76
195,15,333,Shamela0009091,207,369,673,198,72
195,1,382,Shamela0026484,371,310,666,240,71
195,1,324,Sham19Y0018147,1086,69,379,224,81
195,15,333,Shia003634Vols,317,771,1053,197,76
195,1,341,Shamela0012226,78,1060,1373,229,81
195,888,1345,JK001336,340,8,394,233,56
195,1,217,Shamela0006624,665,533,749,166,95
195,1,324,Shamela0008505,310,592,889,233,89
195,324,782,Shamela0007822,128,89,600,294,68
195,1001,1412,Shamela0007822,132,1,461,300,77
195,837,979,Shamela0010646,341,1362,1526,115,84
195,985,1468,Shamela0010646,342,1,456,338,84
195,1,324,Shamela0001000,850,1177,1482,231,88
195,324,782,Shamela0010532,504,104,615,294,68
195,949,1412,Shamela0010532,508,1,516,340,79
195,1,160,Rafed0002654Vols,2847,1319,1481,125,97
195,1,128,Shamela0009873,123,1318,1478,100,78
195,128,324,Shamela0009873,124,1,227,129,72
196,8,198,Shamela0007822,133,1273,1494,142,79
196,198,399,Shamela0007822,134,1,202,147,90
196,375,1498,Shamela0007822,137,190,1534,781,67
196,1,375,Shamela0010646,283,652,1052,279,83
196,12,125,Shamela0010532,509,1330,1486,85,69
196,125,399,Shamela0010532,510,1,282,207,90
196,375,1456,Shamela0010532,513,272,1566,747,66
196,1150,1498,Shamela0009100,51,470,859,253,79
196,136,375,Shamela0012404,153,1,193,145,73
197,7,515,Shamela0007822,139,910,1434,397,93
197,7,471,Shamela0010532,515,1001,1480,364,92
198,623,841,Shamela0023764BK3,21,1278,1487,166,95
198,623,989,Shamela0010646,506,538,903,283,95
199,440,839,Shamela0006909,44,379,774,310,96
199,444,658,Shamela0010768,199,685,963,114,45
199,444,658,JK010465,16,740,961,118,61
199,435,859,Sham19Y0014075,797,498,905,259,70
199,1058,1496,Shamela0001003,450,906,1413,216,45
199,1058,1496,JK003609,4867,698,1190,213,45
199,435,690,Shamela0006896,359,1297,1560,187,86
199,209,435,Shamela0008173,24,377,609,164,88
199,440,699,Shamela0010798,48,234,522,155,67
199,496,839,Rafed0002341Vols,142,15,333,210,73
199,1058,1496,Rafed0002341Vols,148,385,636,202,56
199,460,826,Shamela0005390,2,1,339,198,59
199,440,844,Shamela0011788,344,341,836,251,60
199,1058,1201,Shamela0023764BK3,19,1066,1217,107,89
199,1356,1496,Shamela0023764BK3,22,1048,1197,112,92
199,440,863,Shamela0023764BK3,22,301,667,274,81
199,562,839,Shamela0005502,65,1,273,212,95
199,541,839,Shamela0023735,2985,1,284,184,71
199,440,826,Shamela0010646,1828,568,952,236,66
199,440,826,Masaha002979Vols,121,712,1110,238,64
199,96,346,Shamela0009100,53,1362,1612,198,98
199,99,311,Shamela0001349,443,597,756,125,72
199,435,863,ShamAY0034478,122,299,648,228,65
200,462,1099,Shamela0010614,271,366,1043,477,83
200,80,249,Shamela0001003,451,1,177,130,90
200,1,249,JK003609,4867,1190,1444,192,92
200,1,249,Rafed0002341Vols,148,636,889,186,88
200,1,222,Shamela0005390,395,572,783,149,81
200,1,249,Shamela0023764BK3,22,1197,1449,191,91
200,249,457,Shamela0005502,64,834,1044,154,90
200,1190,1529,Shamela0010646,286,989,1320,241,89
200,484,1072,Shamela0010646,1393,1035,1530,239,51
200,1,249,Shamela0010646,1946,494,740,172,80
201,254,415,Shamela0010646,286,1326,1493,117,83
201,415,724,Shamela0010646,287,1,328,239,90
201,724,1199,Shamela0010646,2152,984,1387,255,63
202,856,1384,Sham19Y0000259,461,129,579,329,76
202,856,1346,Shamela0023789,278,1180,1530,246,58
202,860,1321,Sham19Y0000760,1072,1160,1558,290,77
202,1157,1384,JK010552,289,9,366,172,55
202,856,1384,Shamela0023790,107,801,1241,329,74
202,670,856,Shamela0010798,1198,1202,1382,143,92
202,960,1384,JK001336,88,6,565,251,49
202,382,670,JK001336,441,167,463,212,86
202,868,1445,Sham19Y0013666,18,542,1063,353,73
202,57,320,Shamela0010646,373,1150,1421,174,79
202,382,670,Shamela0010646,579,1189,1442,200,87
204,53,611,Shamela0010646,1753,328,812,329,69
206,1221,1531,Shamela0023789,273,28,301,182,71
206,1248,1517,JK001493,570,1330,1535,142,66
206,618,959,Shamela0010614,79,564,899,247,87
206,5,343,JK000916,13761,294,718,206,53
206,1221,1531,JK000916,13979,771,1072,184,71
206,78,347,JK003609,4723,13,623,130,26
206,24,289,Sham19Y0023644,4550,1086,1493,127,37
206,1361,1531,Sham19Y0023644,4705,1192,1328,95,72
206,1248,1531,Sham19Y0036072,259,542,757,125,56
206,643,964,ShamAY0032088,70,1173,1522,212,75
206,179,343,Shamela0012406,2245,1149,1341,98,61
206,166,318,Shamela0004445,4746,1348,1506,90,68
206,964,1203,Shamela0010496,144,1038,1295,194,91
206,1361,1531,Shamela0003118,4131,1157,1327,118,83
206,635,959,Shamela0005355,53,829,1262,178,47
206,959,1208,Shamela0009788,13,316,579,184,80
206,1221,1531,Shamela0023764BK3,28,203,507,199,78
206,964,1208,Shamela0010521,221,824,1079,186,85
206,1208,1531,Shamela0010646,293,360,693,256,96
206,1,355,Shamela0010646,2090,604,856,186,66
206,5,343,Shamela0001000,797,459,1060,149,28
206,5,343,Shamela0000736,4387,874,1298,206,53
207,1,858,Shamela0023789,273,301,1139,554,74
207,1,879,JK001493,571,15,859,584,78
207,1,466,JK000916,13979,1072,1500,313,83
207,466,879,JK000916,13980,1,457,260,64
207,1,241,Shamela0003118,4131,1327,1531,155,80
207,241,879,Shamela0003118,4132,1,618,396,70
207,1,879,Shamela0023764BK3,28,507,1404,582,74
207,1,777,Shamela0010646,293,693,1479,609,97
210,1184,1509,Shamela0010768,37,1231,1427,134,48
210,1003,1631,Shamela0023789,852,416,1049,431,79
210,1184,1317,Shamela0000558,125,226,357,86,71
210,968,1631,Shamela0010614,226,746,1373,439,76
210,1065,1509,Sham19Y0029676,811,616,1057,337,91
210,1184,1604,Shamela0023787,160,620,975,189,49
210,972,1631,Shamela0023790,424,231,910,459,81
210,1084,1509,Masaha003492Vols,937,1099,1291,152,44
210,1003,1509,Shamela0026803,171,537,811,170,40
210,968,1631,ShamAY0000443,2092,947,1601,453,79
210,1184,1509,Shamela0001585,64,1003,1208,151,57
210,1084,1509,Shamela0007012,189,553,745,152,44
210,1080,1537,Shamela0012720,114,753,1150,290,77
210,1084,1509,ShamAY0034447,1553,1051,1232,135,39
210,968,1509,Shamela0009429,160,159,451,177,39
210,1065,1516,Shamela0009231,484,1029,1262,173,47
210,1197,1509,JK006919,149,1,227,181,71
211,690,998,Shamela0023789,851,1174,1617,232,59
211,1,297,Shamela0023789,852,1049,1345,227,92
211,562,1052,Shamela0023789,992,958,1488,256,48
211,1,188,Shamela0010614,226,1373,1624,151,72
211,480,900,Shamela0010614,489,1106,1528,342,98
211,900,1493,Shamela0010614,490,1,650,445,83
211,1,1094,Shamela0023790,424,910,1634,563,62
211,12,232,Masaha003492Vols,937,1298,1486,157,85
211,822,1134,ShamAY0032088,46,1,307,238,90
211,471,1065,Shamela0010283,1675,531,1139,471,91
211,24,297,ShamAY0000443,2093,1,295,212,86
211,562,1130,Shamela0009773,493,324,949,316,51
211,12,232,Shamela0007012,189,769,961,160,87
211,723,1192,Sham19Y0021505,237,729,1264,284,59
211,12,232,ShamAY0034447,1553,1232,1424,158,86
211,476,1431,Shamela0010646,1562,575,1550,710,85
211,12,232,Shamela0009429,160,451,639,153,83
211,959,1238,Rafed0000609Vols,65,4,382,150,42
212,1029,1247,Shamela0009059BK2,6757,1340,1551,166,94
212,1029,1394,ShamAY0038413,62,228,588,250,83
212,1101,1355,Shamela9007669,730,1,259,190,86
212,1029,1384,Kraken220413030940,2,489,776,207,72
212,1029,1350,Shamela0021598,6405,441,747,244,94
212,1029,1350,Sham19Y0029676,425,867,1165,221,82
212,341,642,Shia002669,712,689,986,178,65
212,1024,1369,JK006476,1207,69,317,151,54
212,1029,1350,Shamela0023790,41,877,1149,217,84
212,325,702,Shamela0023790,402,1,378,283,91
212,1036,1350,Sham19Y0013577,8143,995,1299,235,92
212,1029,1350,ShamIbadiyya0000193,2908,1063,1370,200,73
212,1029,1384,Shamela0010283,1427,138,424,207,73
212,1029,1350,Shamela0001535,4976,745,1058,245,93
212,1029,1350,Shia002702Vols,7924,591,907,201,71
212,196,642,Shamela0009773,2662,733,1287,234,44
212,1350,1489,Shamela0026484,463,823,996,109,80
212,1029,1350,JK001325,23,486,815,246,90
212,881,1073,Shamela0004473,7039,1274,1453,103,60
212,1029,1489,Shia002525,168,502,987,335,84
212,1029,1355,JK000196,6754,286,596,245,93
212,1355,1489,Shamela0008505,3,102,277,105,76
212,1015,1350,Shamela0008505,5,881,1232,256,89
212,1029,1350,JK000208,4078,374,1106,241,40
212,1029,1243,Shamela0011444BK2,3148,1391,1603,163,94
212,1029,1350,Shamela0003565,6646,421,725,242,94
212,1029,1350,Shamela0011468BK1,3136,914,1223,244,94
212,1350,1489,Shamela0010646,63,1174,1312,108,99
212,1029,1350,Shamela0010646,736,466,768,241,93
212,1029,1350,Shamela0001000,710,1118,1362,159,62
212,1029,1350,Shamela0009429,2973,979,1237,188,73
212,1015,1350,Masaha002979Vols,985,836,1107,216,80
212,1029,1350,Shamela0009100,48,21,318,233,90
212,325,642,Shamela0008658,2767,1022,1438,214,63
212,1029,1350,Tafsir09050,3002,770,1077,200,73
212,1029,1350,Shamela0012320,1219,234,567,247,90
212,1176,1362,JK006919,140,130,304,129,83
212,1024,1350,MMS00001,21,266,674,173,44
212,1029,1291,MMS00001,293,1361,1560,140,67
212,1044,1350,Sham19Y0013783,3049,1,294,234,94
212,196,642,Shamela0012884,4520,672,1242,244,48
213,1,430,Shamela0023789,1000,378,888,267,59
213,45,420,Shia001555Vols,508,162,597,197,49
213,1,282,Shia001555Vols,509,1115,1433,168,62
213,1,561,Shia001555Vols,511,193,784,423,90
213,1,354,ShamAY0034434,251,1042,1382,260,89
213,45,420,Shamela0009783BK1,1352,781,1216,198,49
213,101,600,Kraken220413030940,7,1,449,318,80
213,1,430,JK000916,11593,183,670,233,54
213,1,530,Sham19Y0029600,296,871,1371,382,89
213,1,530,Zaydiyya0000142,1797,63,478,228,45
213,45,420,Zaydiyya0000142,2409,308,743,197,49
213,6,430,JK001030,18,923,1327,243,67
213,1,121,Masaha003492Vols,65,1419,1535,92,96
213,121,430,Masaha003492Vols,66,1,310,222,83
213,45,420,Shia004456Vols,737,251,686,197,49
213,1,561,Shia004456Vols,740,300,879,414,88
213,678,1469,Shamela0026484,450,1,802,604,91
213,1,500,Shamela0026484,463,996,1467,367,92
213,1,333,Sham19Y0038171,2396,1058,1490,190,52
213,1,368,JK011302,109,979,1457,228,55
213,1,430,Shamela0003118,3570,429,933,246,55
213,75,223,Shamela0001043,53,900,1049,121,99
213,1,500,Shia002525,168,987,1502,393,96
213,85,354,ShamAY0032379,401,1,249,193,88
213,1,530,Shamela0008505,3,277,787,403,95
213,530,1341,Shamela0008505,197,678,1529,589,84
213,1,430,ShamAY0035035,9564,563,1062,234,53
213,6,430,ShamAY0035791,18,1,521,256,59
213,1,207,Shamela0010646,63,1312,1506,156,93
213,207,1485,Shamela0010646,64,1,1165,851,82
213,1140,1485,Shamela0009100,54,673,1028,241,80
213,49,530,JK010766,543,1,465,359,92
213,45,420,Sham19Y0145435,1776,1009,1444,198,49
214,684,988,Sham19Y0000259,772,1204,1374,100,37
214,737,1209,Sham19Y0000259,773,60,516,226,49
214,677,1350,Shia002265Vols,5371,631,1111,276,48
214,351,480,JK009390,3750,162,310,97,83
214,677,1350,JK009390,3923,971,1449,274,48
214,351,480,JK009390,3960,867,1016,96,81
214,684,988,Shia002185Vols,3601,972,1143,100,36
214,677,919,Shamela0026510,27,1199,1595,149,46
214,684,988,Shamela0009783BK1,1183,1334,1507,100,36
214,1354,1542,Kraken2106220218081,527,1087,1238,120,79
214,677,1350,Sham19Y0127677,2784,686,1177,284,49
214,351,464,Sham19Y0127677,2848,125,237,88,99
214,1345,1542,Masaha003492Vols,112,1212,1388,121,72
214,677,1350,Shamela0001438,4490,766,1252,284,50
214,351,464,Shamela0001438,4518,450,562,88,99
214,684,988,Shamela0010283,3989,1315,1480,97,35
214,731,1209,Shamela0010283,3990,140,621,233,49
214,737,1209,Shamela0004445,3068,440,915,229,48
214,1359,1542,Shamela0007012,193,820,988,116,75
214,4,293,Shamela0026484,450,802,1112,216,86
214,1,269,Shamela0008505,198,126,407,199,86
214,831,1350,ShamAY0035035,9430,58,394,209,50
214,4,269,Shamela0010646,64,1178,1454,207,92
214,597,1350,Shamela0010646,65,56,807,592,95
214,677,1146,JK000022,33,1276,1611,209,51
214,616,1209,ShamAY0034249,7372,138,676,178,25
214,677,1399,Sham19Y0014283,17,164,695,295,49
215,1144,1499,Shamela0013027,78,765,1150,233,73
215,1144,1379,JK000021,2907,1026,1261,138,70
215,1149,1503,JK000021,2908,375,711,238,81
215,1214,1499,Shamela0023789,854,1,319,194,74
215,841,1045,Shia002265Vols,1618,187,391,145,87
215,841,1040,Shia002265Vols,1632,125,324,134,76
215,1144,1499,Shia002265Vols,5372,555,948,235,71
215,841,1045,JK009390,3779,160,365,149,89
215,1144,1499,JK009390,3924,978,1378,230,68
215,848,1045,JK001324,13,1207,1406,153,92
215,848,1045,Shia002185Vols,284,377,569,138,86
215,848,1045,Shamela0026510,26,1214,1431,149,84
215,1144,1480,Shamela0026510,27,210,598,265,82
215,510,1139,Shamela0012929,790,1183,1439,194,38
215,1149,1503,JK000916,11510,517,850,238,81
215,890,1040,Shamela0031215,326,1350,1493,101,80
215,1144,1379,ShamAY0034809,495,783,1017,138,70
215,1261,1503,ShamAY0034809,496,32,280,196,96
215,890,1045,Shamela0012581,94,390,549,109,83
215,841,1045,Sham19Y0023644,1585,602,807,151,90
215,1188,1499,Sham19Y0023644,1692,1,347,212,72
215,1144,1499,JK000786,3659,755,1130,238,74
215,1144,1499,Shamela0023790,423,892,1227,210,70
215,841,1045,Shamela0023790,425,294,495,138,79
215,1149,1503,ShamAY0033945,1088,417,755,239,80
215,1261,1499,Sham19Y0127677,2787,127,830,193,33
215,841,1040,Sham19Y0127677,2848,519,718,136,80
215,577,706,Shamela0004289,1293,8,148,93,84
215,841,1045,Shamela0012406,860,72,276,150,90
215,1144,1499,Shamela0012406,861,1,380,238,73
215,1144,1499,Shamela0001438,4491,716,1098,239,73
215,841,1040,Shamela0001438,4564,1284,1483,136,80
215,841,1045,Shamela0001438,4585,825,1026,145,87
215,841,1045,Shamela0001686,874,876,1080,150,90
215,510,706,Shia002034Vols,604,969,1226,130,64
215,841,1040,Shamela0009773,500,1061,1257,143,86
215,1144,1499,Sham19Y0014592,1072,150,556,237,68
215,841,1040,JK007082,257,536,735,136,80
215,555,711,Sham19Y0038171,1229,737,935,113,71
215,848,1045,Shamela0003118,3550,1033,1229,142,89
215,1348,1503,Shamela0003118,3560,1,161,124,95
215,890,1045,Shia002218Vols,643,1339,1487,104,80
215,848,1040,Shia002525,168,244,436,142,91
215,862,1045,JK006800,2,785,979,141,89
215,848,1045,Shamela0008657,222,977,1197,148,83
215,555,711,ShamAY0035035,4840,512,709,111,70
215,828,1045,Shamela0010646,65,807,1027,175,98
215,848,1045,Shamela0001000,708,1219,1403,128,80
215,510,706,Sham19Y0146127,3537,856,1470,121,25
215,848,1040,Shia001749,29,1154,1342,135,86
215,555,706,ShamAY0033674,2,692,887,114,73
215,848,1045,Shamela0011997,63,1046,1245,151,92
215,1149,1503,Shamela0011997,90,661,1005,238,79
215,1156,1499,JK000022,33,1,376,230,72
215,1144,1499,Sham19Y0014283,18,116,513,235,70
215,1144,1499,Shamela0026333,15,420,817,238,70
215,550,706,Rafed0001792Vols,1700,766,912,100,81
215,577,711,JK000216,178,154,301,89,76
215,550,706,Sham19Y0013231,1469,1,186,105,71
215,848,1045,Shamela0026495,14,53,268,149,85
216,24,343,Shamela0013027,78,1162,1475,215,81
216,140,343,JK000021,2907,1241,1464,150,84
216,1,343,JK000021,2908,717,1054,230,77
216,24,343,Shia002265Vols,5372,960,1265,204,78
216,1011,1400,Shia002185Vols,3137,412,730,214,64
216,1,343,JK000916,11510,856,1189,223,75
216,140,343,ShamAY0034809,495,997,1221,150,84
216,1,343,ShamAY0034809,496,286,623,230,77
216,143,343,JK009174,40,304,507,132,71
216,38,343,Sham19Y0023644,1692,359,681,206,75
216,24,343,JK000786,3659,1142,1455,209,78
216,1004,1400,Shamela0023790,110,210,620,282,80
216,1,343,ShamAY0033945,1088,761,1097,233,78
216,24,343,Sham19Y0127677,2787,842,1148,206,77
216,368,518,Sham19Y0127677,2854,1370,1525,107,86
216,24,343,Shamela0012406,861,392,704,215,81
216,24,343,Shamela0001438,4491,1110,1415,205,78
216,368,518,Shamela0001438,4578,1376,1531,107,86
216,1,343,Sham19Y0014592,1072,535,881,216,71
216,1,343,Shamela0003118,3560,167,500,223,75
216,150,282,ShamAY0034447,1553,188,316,93,84
216,140,343,ShamAY0035035,9429,1031,1241,145,87
216,1,343,Shamela0011997,90,1011,1347,224,75
216,24,343,JK000022,33,388,701,209,78
216,24,343,Sham19Y0014283,18,525,830,203,77
216,8,343,Shamela0026333,15,830,1140,211,74
216,24,343,Shamela0012031,93,151,464,221,82
217,505,1303,Shamela0013027,79,325,1099,445,65
217,563,910,Shamela0012062,115,1217,1557,243,79
217,509,1303,Shamela0023789,554,98,850,538,81
217,538,1308,Shia002265Vols,4053,533,1359,528,74
217,538,863,JK009390,3743,1101,1452,231,73
217,867,1308,JK009390,3744,1,483,291,72
217,645,896,Shamela0000558,227,1231,1488,188,84
217,603,1308,Shamela0000558,228,1,474,270,45
217,525,888,JK000911,705,786,1190,257,76
217,532,1245,Sham19Y0150676,2168,132,857,438,65
217,538,1308,Shamela0026510,31,199,1001,526,79
217,773,1079,Shamela0009770,846,18,434,148,35
217,551,1303,Shia003461Vols,369,12,608,392,62
217,645,888,JK009266,3948,156,407,188,89
217,505,1319,Shamela0010614,227,156,982,620,91
217,671,1303,JK000055,210,1,534,351,66
217,538,1308,Shamela0000671,85,497,1214,514,78
217,753,1303,ShamAY0033598,18,5,408,198,37
217,744,1303,JK000916,11587,1,454,287,62
217,547,1028,JK000916,11588,582,1094,271,52
217,547,1308,JK000916,11589,68,781,290,35
217,645,888,JK007054,37,1253,1503,188,88
217,547,1308,JK007054,38,4,546,313,48
217,651,877,Shamela0021821,604,878,1121,178,87
217,784,1303,JK000830,5,520,912,181,34
217,547,748,Shamela0021493,6,1216,1427,137,69
217,748,1308,Shamela0021493,7,1,538,334,70
217,547,888,Sham19Y0133364,21,15,301,232,82
217,505,997,Shamela0021554,51,1071,1555,342,80
217,997,1245,Shamela0021554,52,1,227,163,79
217,645,877,Shamela0021660,2066,318,540,145,70
217,1351,1462,Sham19Y0023644,1658,773,924,82,67
217,505,1294,JK000786,3660,458,1259,349,46
217,505,949,JK000786,4084,1074,1519,287,70
217,986,1303,JK000786,4085,17,315,170,65
217,547,1028,ShamAY0038067,523,246,512,151,36
217,656,1308,Sham19Y0127677,2788,1,681,441,76
217,538,1308,Shamela0001438,4572,241,1059,519,74
217,505,1155,Shamela0001077,77,836,1491,373,63
217,525,1245,Shamela0010283,4056,255,1075,339,40
217,645,863,ShamAY0034052,2567,524,733,139,71
217,543,888,Shamela0009773,2824,868,1171,200,69
217,651,891,Shamela0004445,7055,456,713,182,86
217,532,1303,JK000099,50,672,1396,467,69
217,532,1303,Shamela0013035,473,461,971,316,49
217,505,891,ShamAY0034441,487,1129,1516,250,73
217,505,1339,Shamela0026484,464,88,873,542,76
217,468,1308,Sham19Y0038171,2399,491,1336,462,59
217,722,1155,Sham19Y0038171,2400,451,812,208,56
217,532,1344,Shamela0003118,3569,654,1379,428,60
217,651,877,Shamela0010273,3699,593,806,149,76
217,497,863,Shamela0005355,4,1100,1480,277,85
217,863,1326,Shamela0005355,5,1,482,354,92
217,645,877,ShamAY0034068,4211,324,544,143,70
217,497,1197,Shia002218Vols,1088,599,1308,366,53
217,505,992,ShamIbadiyya0000610,51,1075,1554,338,80
217,992,1245,ShamIbadiyya0000610,52,1,232,167,80
217,525,888,Shamela0007472,74,987,1387,269,80
217,538,1308,Shamela0008657,227,541,1329,392,49
217,538,1074,ShamAY0035035,8782,1066,1406,221,46
217,1057,1331,ShamAY0035035,8783,1,220,144,64
217,563,1171,ShamAY0035035,9567,17,616,350,63
217,538,1245,Shia003732Vols,5062,89,776,415,66
217,651,834,Shamela0000041,923,1431,1626,149,91
217,651,888,Shamela0011818,283,34,270,172,84
217,716,1308,JK000001,3169,1,555,308,54
217,492,941,Shamela0010646,65,1126,1605,360,91
217,941,1319,Shamela0010646,66,1,380,286,94
217,53,492,Shamela0010646,736,781,1290,332,80
217,651,877,Tafsir03037,3416,284,497,149,76
217,547,1308,JK009408,28,322,1068,479,70
217,651,888,Shamela0023628,1288,27,273,184,89
217,651,888,Shamela0023628,3726,748,998,184,88
217,645,882,Sham19Y0020891,6893,337,565,145,70
217,547,1303,Shamela0098087,338,1,634,370,51
217,777,1245,ShamIbadiyya0000942,638,1,478,172,31
217,538,1273,JK000022,34,711,1460,460,69
217,532,1303,Shamela0007361,394,456,950,316,49
217,547,1303,Shamela0026333,14,590,1086,230,31
217,532,791,JK011358,8,1289,1570,185,81
217,791,1303,JK011358,9,1,518,278,63
217,538,1197,Shamela0036558,512,864,1308,187,32
217,651,888,Shamela0021766,1547,1326,1575,184,90
217,651,877,Tafsir06049,6787,702,924,138,67
217,532,1197,Shamela0012884,4579,248,919,359,57
217,538,821,Shamela0012031,93,1231,1531,202,74
217,706,1308,Shamela0012031,94,8,471,240,41
218,780,1235,Sham19Y0013241,1695,845,1430,306,61
218,935,1247,Shia002526,278,1129,1333,137,53
218,1055,1453,Shamela0021600,21,1,393,256,73
218,840,1270,Shamela0012415,782,1010,1423,294,82
218,840,1235,Shamela0012062,239,595,1087,195,39
218,784,1456,Shamela0010526,142,178,849,409,70
218,780,1456,Shamela0023789,58,673,1343,417,71
218,780,1448,Sham19Y0019235,556,792,1445,421,69
218,780,1369,Shia002265Vols,1723,420,1317,372,48
218,126,290,Shia002265Vols,5206,1161,1320,115,86
218,780,1442,JK009390,4153,904,1262,257,47
218,932,1456,ShamIbadiyya0000109,5542,1,499,349,79
218,784,1456,Shamela9007669,756,47,772,465,78
218,830,1169,Shia002185Vols,2462,1209,1553,267,97
218,1169,1456,Shia002185Vols,2463,1,280,216,91
218,840,1235,Sham19Y0016555,316,29,472,203,45
218,888,1384,Sham19Y0016555,317,42,874,328,47
218,290,564,Shamela0012929,791,1,343,193,70
218,780,1456,JK009261,58,473,1138,453,76
218,780,1448,JK000477,931,467,1117,421,69
218,780,1442,JK000477,932,320,941,413,73
218,780,1448,Shia003461Vols,433,314,1107,472,73
218,780,1456,Shamela0010614,229,145,844,446,74
218,126,290,Shamela0010614,484,168,348,127,87
218,780,1377,Shamela0001031,5,28,472,295,62
218,126,290,JK000916,11516,180,338,117,89
218,840,1456,JK000916,12033,149,736,387,72
218,780,1235,JK000916,12034,34,608,306,60
218,840,1448,JK000916,12035,144,711,380,74
218,659,768,Sham19Y0029676,812,748,853,82,96
218,775,998,Shamela0013048,200,1,254,131,64
218,780,1456,ShamIbadiyya0000185,2117,224,902,481,83
218,784,1456,Zaydiyya0000342,914,524,1050,284,43
218,537,771,Kraken22031816264700,98,58,251,98,47
218,840,1016,JK007001,156,1203,1391,123,79
218,830,1448,Shamela0023790,79,313,929,433,83
218,126,290,Shamela0023790,556,278,436,116,86
218,780,1235,Sham19Y0018252,31,950,1335,225,61
218,126,290,Sham19Y0127677,2812,672,831,114,86
218,780,1235,Sham19Y0127677,3118,663,1247,315,62
218,1030,1456,Sham19Y0018608,680,1,455,289,74
218,126,290,Shamela0001438,4537,402,561,115,86
218,780,1377,Shamela0001438,5178,13,924,382,49
218,780,1448,Shamela0002863,2385,964,1317,255,47
218,780,1377,Shamela0021719,5,201,568,259,52
218,759,1456,Shamela0010283,1369,610,1293,458,77
218,840,1247,Sham19Y0014325,6441,1023,1477,299,82
218,1247,1456,Sham19Y0014325,6442,1,193,131,74
218,784,1456,ShamAY0000443,2693,330,987,440,75
218,780,1160,Shamela0009773,2856,1134,1482,216,64
218,1160,1456,Shamela0009773,2857,1,300,207,81
218,775,998,Sham19Y0032381,252,670,923,131,64
218,840,1442,Sham19Y0017798,292,173,506,234,47
218,588,775,Shamela0010512,41,1020,1167,100,69
218,584,768,Shamela0022892,24,916,1060,101,70
218,902,1453,Sham19Y0131336,1628,1,533,357,72
218,956,1448,Sham19Y0131336,1629,1,444,288,69
218,840,1442,Shia000841Vols,9135,133,462,232,47
218,840,1433,Shamela0026484,473,920,1539,453,90
218,780,1448,GVDB20200219,7,683,1406,447,74
218,935,1235,Shamela0004473,5516,358,516,125,52
218,840,1205,Shamela0004473,7050,983,1562,279,59
218,830,1456,JK001412,122,500,1158,479,90
218,126,290,Shamela0003118,3560,666,824,117,89
218,840,1456,Shamela0003118,3660,592,1180,387,71
218,840,1453,Shamela0006227,807,720,1355,410,73
218,780,1448,Shamela0011428,1658,548,1152,416,71
218,759,1456,Shamela0022881,77,722,1392,458,79
218,840,1442,Sham19Y0016934,6351,698,1227,321,62
218,830,1456,Shia002525,170,122,723,469,93
218,130,290,Shamela0011746,169,1,159,106,75
218,888,1241,Sham19Y0014579,2789,835,1126,128,34
218,537,775,Shamela0006624,167,1135,1348,111,52
218,932,1456,Shamela0010013,209,1,498,389,93
218,537,775,Shamela0008505,6,494,792,168,69
218,976,1456,Shamela0008505,7,1,477,375,96
218,780,1456,Shamela0008657,350,191,855,430,70
218,840,1448,Shamela0021595,29,35,659,395,70
218,780,1448,Shamela0008183,3982,398,1115,430,70
218,840,1023,Sham19Y0148486,6480,14,195,126,86
218,780,1369,Sham19Y0148486,6505,470,1374,371,48
218,830,1290,Sham19Y0014442,3251,1020,1519,360,90
218,1290,1456,Sham19Y0014442,3252,1,162,124,89
218,780,1456,Shamela0010646,189,144,831,481,84
218,126,290,Shamela0010646,955,1373,1537,131,100
218,942,1456,Shamela0009429,3153,1,520,402,96
218,840,1016,Sham19Y0146127,3590,262,442,121,83
218,640,1235,Sham19Y0146127,3606,164,852,323,49
218,780,1197,Shamela0000927,1369,939,1459,282,62
218,775,1456,ShamIbadiyya0000773,2485,676,1294,439,78
218,830,1326,Shamela0021735,761,979,1494,394,96
218,830,1145,Kraken210323052137,47,1264,1615,237,83
218,1145,1456,Kraken210323052137,48,1,602,236,49
218,784,1456,Shamela0012320,233,658,1340,453,76
218,830,1112,Shamela0001717,2877,1068,1391,222,86
218,1112,1456,Shamela0001717,2878,51,564,259,62
218,840,1456,MMS00001,387,220,863,480,93
218,780,1456,Shia002119Vols,2768,209,753,294,44
218,780,1437,Shamela0006947,2879,444,792,254,47
218,784,1448,ShamAY0034231,24,396,1023,395,66
218,840,1456,Sham19Y0013783,3536,182,770,452,91
218,780,1442,Sham19Y0039268,276,889,1486,393,71
218,823,1377,Shamela0021590,1424,86,880,411,63
219,86,472,Sham19Y0013241,1696,13,599,241,50
219,1,472,Shamela0021600,21,393,892,314,74
219,6,472,Shamela0012415,783,138,613,259,63
219,58,291,Shamela0012062,239,1087,1494,139,40
219,1,170,Shamela0023789,58,1343,1526,116,75
219,334,472,Shia002265Vols,1724,9,178,86,60
219,67,472,JK009390,4154,90,743,261,49
219,1,472,ShamIbadiyya0000109,5542,504,936,324,84
219,480,672,Shia002185Vols,2401,1309,1504,137,81
219,1,472,Shia002185Vols,2463,280,781,378,93
219,58,454,Sham19Y0016555,316,472,984,186,39
219,67,472,Sham19Y0016555,317,565,1193,262,50
219,1136,1340,Shamela0012929,792,29,256,157,85
219,1,376,JK009261,58,1138,1538,254,77
219,1,427,JK000477,932,941,1372,244,65
219,1207,1344,Shamela0010614,138,88,213,90,86
219,1,472,Shamela0010614,229,844,1374,293,67
219,6,472,JK000916,12033,736,1222,274,65
219,127,484,JK000916,12034,713,1297,221,46
219,1,472,ShamIbadiyya0000185,2117,907,1383,366,94
219,67,376,Zaydiyya0000342,914,1260,1514,165,66
219,58,454,JK007001,38,392,1038,228,43
219,58,454,JK007001,157,253,879,225,43
219,1,427,Shamela0023790,79,933,1305,227,62
219,201,472,Sham19Y0127677,3119,101,427,168,61
219,1,472,Sham19Y0018608,680,455,947,286,70
219,67,472,Shamela0001438,5178,609,1250,263,50
219,127,472,Shamela0002863,2386,170,753,217,45
219,1,237,Shamela0010283,1369,1293,1535,183,91
219,1,472,Sham19Y0014325,6442,193,716,264,59
219,1,315,ShamAY0000443,2693,987,1287,196,71
219,1,472,Shamela0009773,2857,300,873,315,67
219,67,472,Sham19Y0017798,292,749,1412,253,45
219,1,472,Sham19Y0131336,1628,533,1042,299,68
219,6,472,Sham19Y0131336,1629,444,922,261,64
219,1,472,Shamela0026484,474,23,486,347,90
219,58,484,Shamela0004473,5516,516,783,198,56
219,58,472,Shamela0004473,7051,197,706,294,70
219,309,472,Sham19Y0038171,2256,354,506,100,72
219,1,353,JK001412,122,1158,1524,270,89
219,353,472,JK001412,123,6,125,92,98
219,90,472,Shamela0006227,808,1,418,247,71
219,1,315,Sham19Y0016934,6351,1227,1535,181,65
219,1,472,Shia002525,170,723,1201,371,94
219,1,472,Shamela0010013,209,498,977,369,94
219,1,472,Shamela0008505,7,477,955,375,96
219,1,472,Shamela0008657,350,855,1345,286,67
219,1,472,Shamela0021595,29,663,1157,311,73
219,306,484,Sham19Y0148486,6506,1,233,103,55
219,1,472,Sham19Y0014442,3252,162,621,323,84
219,1,472,Shamela0010646,189,831,1309,376,97
219,1,472,Shamela0009429,3153,520,1002,373,95
219,6,472,ShamIbadiyya0000074,1680,798,1265,252,57
219,67,472,Shamela0000927,1370,49,677,250,46
219,1,207,ShamIbadiyya0000773,2485,1299,1483,131,77
219,214,472,ShamIbadiyya0000773,2486,1,252,189,90
219,1,472,Shamela0021735,762,120,593,377,98
219,1,472,Kraken210323052137,48,602,1101,313,75
219,1,221,Shamela0012320,233,1340,1557,141,72
219,6,472,Shamela0001717,2878,568,1059,360,91
219,1,472,MMS00001,387,863,1335,362,92
219,6,472,Shia002119Vols,2768,757,1237,283,66
219,334,472,Shamela0006947,2880,1,177,87,58
219,262,472,ShamAY0034282,1313,106,360,130,61
219,1,472,Sham19Y0013783,3536,770,1252,371,95
219,19,472,Sham19Y0039268,277,6,495,260,61
219,58,472,Shamela0021590,1424,886,1523,292,56
220,1038,1482,Shia002185Vols,2403,265,685,261,68
220,381,694,Sham19Y0029676,634,891,1220,237,85
220,839,978,Shamela0023790,217,515,666,97,81
220,381,632,Shamela0009773,2858,398,701,119,48
220,1043,1482,Shia001432Vols,11927,324,742,271,73
220,381,694,Shamela0010428BK1,168,909,1248,253,92
220,1043,1482,Masaha002880Vols,611,1040,1451,257,68
220,820,978,JK009288,446,400,559,118,94
220,381,584,Shamela0009100,46,14,223,147,82
220,461,632,Shamela0026333,126,223,385,93,62
220,415,694,Shamela0010709BK8,2,1,286,227,97
221,1180,1361,Shamela0000558,332,1071,1237,122,84
221,411,566,Shamela0000558,421,1112,1275,116,88
221,427,566,Shamela0012929,792,294,451,107,84
221,1185,1370,Sham19Y0029676,634,143,331,146,95
221,484,645,Sham19Y0029676,634,1,143,111,86
221,1167,1370,JK007054,881,323,521,135,79
221,12,571,Kraken220413030759,175,1203,1443,187,42
221,411,566,Shamela0026803,172,1197,1359,112,85
221,1167,1366,Shamela0025791,569,517,709,130,78
221,422,645,Sham19Y0021505,239,1325,1529,162,91
221,411,1370,Shamela0010646,66,420,841,328,42
221,776,1162,JK009288,544,246,640,303,94
221,1180,1307,JK009288,576,1385,1513,102,97
221,1361,1501,JK009288,616,43,257,108,63
221,422,566,JK009288,887,1112,1256,116,100
221,1167,1361,Sham19Y0013665,13,749,964,150,86
222,690,884,Sham19Y0000259,541,692,900,100,57
222,685,893,Shamela0010768,39,65,311,112,58
222,690,902,Shamela0023789,560,553,789,105,56
222,443,694,Shamela0023789,855,488,761,174,79
222,703,893,JK010473,241,896,1126,105,57
222,58,190,Shamela0022579,113,506,643,91,79
222,690,884,Shia002265Vols,5376,711,976,121,59
222,690,843,JK009390,4628,1277,1479,93,59
222,443,647,JK009390,4635,698,993,149,62
222,690,877,Shamela0000558,404,400,639,92,45
222,690,884,Shamela0026510,32,1080,1312,98,50
222,685,884,Shamela0012929,791,1109,1343,126,67
222,443,647,JK000916,17380,1043,1336,148,62
222,690,884,JK000916,17466,855,1062,122,75
222,443,647,Sham19Y0029676,633,766,1060,145,61
222,716,884,Sham19Y0029676,634,370,556,91,61
222,463,884,Sham19Y0029676,812,25,621,153,29
222,443,660,Shamela0023790,70,328,808,146,37
222,690,889,Shamela0023790,214,1167,1395,109,57
222,443,716,Shamela0023790,425,672,950,191,85
222,707,884,Sham19Y0127677,3040,22,236,105,61
222,443,647,Sham19Y0127677,3317,101,395,145,61
222,513,647,Sham19Y0127677,17082,106,240,100,91
222,690,884,Shamela0001438,4882,1189,1453,120,59
222,443,647,Shamela0001438,5276,1038,1331,148,62
222,463,647,Shamela0026803,172,19,218,142,87
222,685,884,Kraken220208041040,62,1109,1306,114,67
222,439,605,JK007082,257,1166,1469,117,48
222,443,712,Shamela0003118,5050,364,741,172,57
222,690,884,Shamela0003118,5091,388,597,122,75
222,690,893,Shamela0026542,179,495,720,132,76
222,737,884,Shamela0008657,350,1,164,96,78
222,443,652,Shamela0008657,356,224,529,146,60
222,452,884,Shamela0010646,66,837,1273,326,91
222,1,452,JK009288,616,257,991,332,56
222,421,694,JK009288,617,241,510,187,82
222,53,207,Sham19Y0149213,805,891,1024,99,81
222,443,652,Sham19Y0014283,25,12,311,149,62
222,690,884,JK000919,278,687,904,104,60
222,690,884,Shamela0012884,542,521,750,103,51
223,1092,1464,Shamela0012062,249,973,1373,276,83
223,117,310,Shia002265Vols,1702,223,479,102,43
223,1,107,JK009390,4040,651,757,84,100
223,1092,1464,ShamIbadiyya0000612,38,813,1148,258,85
223,1138,1464,Kraken220413030759,301,386,717,246,91
223,117,317,Shamela0023790,42,381,578,153,96
223,396,581,Shamela0023790,68,1125,1321,134,85
223,586,1077,Shamela0023790,70,314,808,384,97
223,1092,1300,Shamela0023790,70,1282,1493,161,96
223,1300,1464,Shamela0023790,71,9,186,125,88
223,595,1087,Shamela0023790,425,667,902,172,43
223,112,310,Sham19Y0127677,3354,869,1133,101,41
223,117,310,Sham19Y0127677,17149,171,431,100,41
223,112,310,Shamela0001438,4992,929,1189,101,42
223,421,581,Shamela0023177,455,80,238,113,86
223,1092,1446,Shamela0009790,256,464,833,274,93
223,474,581,Shamela0001585,204,372,485,71,75
223,117,317,Shamela0001585,228,315,513,152,95
223,1138,1464,Sham19Y0017798,728,128,449,237,89
223,1,107,Sham19Y0014592,2622,1165,1271,83,99
223,421,570,JK007082,72,794,963,116,85
223,1,107,JK007082,239,308,421,84,93
223,1,107,Shamela0004473,6979,999,1130,83,80
223,98,359,Shamela0004473,7048,250,548,160,62
223,1115,1381,Shamela0005355,20,1260,1522,128,47
223,626,952,Shamela0022881,193,1232,1540,234,89
223,1161,1464,Shamela0010013,169,208,446,168,67
223,595,1069,Shamela0008657,356,219,529,148,33
223,1131,1409,ShamAY0000351,112,1475,1747,193,83
223,1188,1464,Shamela0028453,80,1025,1256,103,42
223,1092,1464,Shamela0010646,68,390,805,287,86
223,117,317,Shamela0010646,224,1231,1411,137,86
223,417,565,Shia002294Vols,756,66,213,110,92
223,808,1064,ShamIbadiyya0000942,628,611,916,148,56
223,595,1064,Shamela0026333,126,525,827,165,39
223,1,112,Shamela0010262,254,41,152,87,99
223,808,984,Shamela0010262,261,313,487,113,78
223,412,581,Shamela0010262,282,773,950,125,84
223,117,310,Masaha002349,293,772,1014,139,71
223,1092,1211,Shamela0012031,202,1367,1492,94,93
223,1215,1464,Shamela0012031,203,4,255,186,90
224,6,219,Shia002185Vols,3554,884,1126,147,68
224,6,251,Shamela0023790,92,855,1118,186,88
224,457,591,Shamela0023790,262,670,805,101,89
224,6,251,JK007082,120,502,791,184,77
224,82,251,Shamela0010646,67,1,165,126,92
224,964,1112,JK009288,115,980,1128,116,97
224,6,251,Sham19Y0023608,2288,518,989,121,32
225,702,921,Shia002185Vols,135,1053,1326,142,63
225,677,916,Shia002185Vols,2407,958,1303,169,58
225,912,1238,Shia002185Vols,2409,365,681,181,58
225,702,916,Zaydiyya0000142,1961,571,852,137,58
225,702,921,Shia004092Vols,163,448,720,142,63
225,934,1224,Shia001432Vols,11877,1023,1284,171,65
225,934,1224,Zaydiyya0000161,297,1078,1462,181,54
225,912,1224,Shia004038,176,115,386,176,63
225,244,921,Shamela0010646,67,165,532,268,48
225,909,1242,Shamela0010646,1631,221,591,235,75
225,702,921,Rafed0002654Vols,13384,782,1054,142,63
225,968,1229,JK006919,59,1,218,161,74
225,680,916,JK006919,538,329,574,175,85
225,916,1224,JK006919,766,1068,1318,186,73
226,1,404,Shamela0022842,142,79,541,219,53
226,1326,1440,Shamela0023789,13,1402,1516,86,93
226,27,335,Shia002265Vols,1017,840,1180,176,58
226,27,335,JK009390,4245,564,903,170,57
226,1326,1465,Shia002185Vols,131,43,176,107,94
226,138,299,Shia002185Vols,136,11,187,118,85
226,1,383,Shia002185Vols,2409,717,1098,229,65
226,1,335,Rafed0000167,54,661,993,188,60
226,1,404,Shamela0010529,88,41,395,234,69
226,1,383,Zaydiyya0000142,1978,407,724,228,75
226,1326,1465,Sham19Y0036072,73,1026,1166,112,99
226,16,262,Sham19Y0036072,261,368,612,161,74
226,1,335,Sham19Y0127677,3249,44,403,190,60
226,27,335,Shamela0001438,4763,750,1084,176,59
226,1,278,Shia004092Vols,163,782,1046,186,80
226,1329,1465,ShamAY0000443,1888,1340,1476,110,100
226,96,383,Shia001432Vols,11879,1,220,161,71
226,1,335,Zaydiyya0000161,295,68,363,210,77
226,1326,1465,Shamela0004473,670,550,689,104,92
226,6,240,Shamela0004473,11184,1252,1521,165,74
226,1,278,Shia001553,192,110,368,190,86
226,1,278,Shia001615Vols,2203,239,500,191,86
226,1131,1313,Shamela0008505,50,718,874,123,84
226,1326,1465,Shamela0008505,75,866,1005,112,100
226,101,335,ShamAY0035035,5344,693,1501,164,26
226,1,404,ShamAY0000351,242,532,1047,228,52
226,1,404,JK000001,1113,575,1053,237,57
226,1,418,Shamela0010646,1568,316,758,290,76
226,1326,1465,Shamela0010646,1872,1243,1383,112,99
226,1,362,JK009288,615,1093,1538,250,68
226,362,738,JK009288,616,1,564,264,55
226,1,278,Rafed0002654Vols,13384,1116,1381,187,80
226,1,294,Sham19Y0073348,1135,162,425,176,72
226,35,404,ShamAY0033949,108,1,472,216,55
226,16,307,JK006919,205,790,1128,184,64
226,1,299,Shia001416,422,1053,1436,193,59
226,1,335,Shamela0012884,4706,903,1293,202,62
227,418,536,JK010473,206,775,893,91,97
227,971,1134,ShamAY0000443,2161,81,212,91,71
227,423,536,Shamela0008505,299,1131,1244,87,97
227,539,914,Shamela0008505,427,975,1338,246,73
227,971,1140,Shamela0008505,568,243,380,94,71
227,395,531,Masaha002979Vols,241,573,721,98,84
227,552,918,Sham19Y0073348,303,280,601,239,82
228,237,371,Sham19Y0017124,814,257,401,112,93
228,1046,1206,Shamela0010768,39,302,461,107,80
228,389,518,Shia002265Vols,3011,975,1107,101,96
228,376,536,JK009390,4273,679,880,119,75
228,376,605,JK009390,6456,473,714,120,53
228,51,182,Shia002616Vols,6783,831,980,102,86
228,51,182,Shia002185Vols,2494,321,461,99,89
228,389,518,Shia002185Vols,2498,1058,1188,102,98
228,896,1019,Shia002185Vols,2502,1395,1527,93,86
228,389,523,Sham19Y0016555,99,136,270,106,98
228,46,190,Sham19Y0016555,114,63,215,107,88
228,573,723,Sham19Y0016555,216,787,935,111,91
228,907,1022,Sham19Y0017667,90,1449,1548,73,80
228,1046,1317,Kraken220413030759,176,204,465,176,73
228,389,518,Sham19Y0127677,3334,688,819,101,96
228,560,714,Masaha003492Vols,786,1182,1343,119,91
228,54,177,Masaha003492Vols,922,422,561,95,84
228,389,518,Shamela0001438,4803,301,433,100,95
228,54,250,Shia003965Vols,7257,1166,1369,111,66
228,54,177,Shia002702Vols,11793,556,679,84,76
228,907,1046,Shia001432Vols,11861,67,202,105,94
228,573,714,JK007106,28,31,259,113,61
228,51,177,Shia003895Vols,308,122,258,99,92
228,376,527,Shia003895Vols,326,172,331,113,90
228,560,719,Shia003895Vols,333,645,803,124,96
228,907,1046,Shia003895Vols,344,72,211,111,100
228,237,371,Shamela0008459,294,40,184,112,93
229,11,408,JK000021,2368,754,1235,229,53
229,340,596,Shamela0012062,292,670,1090,117,31
229,1,456,Shia002265Vols,5435,80,707,278,53
229,1,308,JK009390,4637,975,1297,181,65
229,851,1074,ShamIbadiyya0000109,7108,883,1085,102,57
229,156,413,Shamela0000482,1101,589,857,119,46
229,1101,1387,Shia002185Vols,2504,527,1245,228,39
229,588,747,JK000916,17395,30,209,97,60
229,259,456,JK000916,17470,58,392,131,49
229,1,413,Sham19Y0029676,812,97,315,158,48
229,11,408,ShamAY0034809,403,368,849,228,55
229,1,382,ShamAY0034809,646,970,1425,209,54
229,901,1109,Sham19Y0096918,417,540,743,118,64
229,1,456,Shamela0026884,496,162,737,259,53
229,1,456,JK007062,102,714,1335,337,67
229,901,1097,ShamAY0033945,78,664,869,114,63
229,1,456,Sham19Y0127677,3008,318,940,274,52
229,1,456,Shamela0006944,58,107,690,268,55
229,1088,1337,Masaha003492Vols,278,799,1043,189,92
229,1,456,Shamela0001438,5321,223,844,278,54
229,1,448,Kraken220208041040,61,775,1274,230,53
229,1088,1346,Shia003965Vols,6380,103,360,188,86
229,11,408,Shia002702Vols,10326,559,1050,227,52
229,588,752,Shamela0001585,230,585,796,97,52
229,851,1097,Sham19Y0013223,1052,1189,1408,115,57
229,1101,1337,Shamela0007012,196,279,504,179,93
229,1,402,Shamela0009076,49,943,1500,229,49
229,11,408,Sham19Y0014592,635,198,670,232,54
229,1,456,Sham19Y0014592,3053,559,1183,277,53
229,471,583,Shia003636Vols,4292,715,826,82,95
229,156,413,JK001412,539,866,1123,111,43
229,1,456,Shia002218Vols,202,196,644,210,46
229,588,747,JK001039,21,856,1034,97,60
229,27,456,Shamela0023764BK3,354,1,617,330,67
229,1,456,Shamela0009107,640,568,1233,263,48
229,1,456,Shamela0007435,159,119,734,327,65
229,156,408,JK000001,1052,1216,1476,114,45
229,156,402,Kraken220413202218,334,1237,1482,108,45
229,583,752,Shamela0010646,67,618,798,123,84
229,1106,1237,Masaha003682Vols,695,620,751,104,99
229,1,456,Shia002294Vols,44,635,1273,278,52
229,851,1097,Shamela0021629,135,580,800,121,57
229,1088,1346,Shamela0000761,429,1302,1508,147,68
229,11,408,Sham19Y0023608,3714,291,771,227,53
229,156,413,Shamela0098087,78,384,643,118,47
229,1,456,Shamela0026842,59,74,706,334,65
229,1,434,JK009154,109,881,1476,318,66
229,588,755,Sham19Y0013665,32,1131,1312,113,74
229,71,456,Shamela0012884,4200,1,546,224,48
229,24,408,Shamela0012884,4704,32,703,223,38
230,1,348,Shia002185Vols,2486,578,1473,241,33
230,605,822,Shia002185Vols,2506,9,218,160,93
230,930,1118,Shia002185Vols,2507,544,858,149,59
230,1123,1228,Shia002185Vols,2512,1426,1523,75,92
230,605,822,Sham19Y0018254,24,324,567,163,83
230,206,502,Shamela0009783BK1,1707,1116,1424,186,66
230,1222,1333,Shamela0009252,49,652,879,71,38
230,206,502,Zaydiyya0000142,2074,725,1155,196,53
230,1123,1228,Masaha003492Vols,91,84,189,80,97
230,1,502,Masaha003492Vols,304,139,631,380,93
230,615,817,Masaha003492Vols,791,306,507,153,94
230,930,1098,Masaha003492Vols,947,416,592,133,94
230,966,1123,Shamela0002863,610,478,767,98,42
230,822,925,Shamela0007012,117,200,303,76,96
230,1,502,Shamela0007012,197,1064,1557,381,93
230,609,817,Shamela0007012,204,936,1136,151,89
230,930,1098,Shamela0007012,207,104,275,133,97
230,1123,1496,Shamela0007012,213,807,1334,283,67
230,1,502,Shia001432Vols,11859,197,1246,367,43
230,220,495,Shamela0012396,245,507,738,141,56
230,930,1098,Shia004038,189,1249,1423,132,95
230,206,485,Shia002406Vols,1570,1221,1511,178,66
230,615,817,Shamela0000761,60,1257,1458,155,95
231,1,137,JK009390,4465,540,682,104,88
231,1152,1478,Shia002185Vols,2483,1147,1307,120,45
231,1,137,Shia002185Vols,2513,1285,1421,109,99
231,234,474,Shia002185Vols,2515,1214,1464,188,94
231,1075,1302,Shamela0010614,339,1078,1515,129,34
231,1,161,JK000624,110,214,372,110,82
231,234,549,Masaha003492Vols,328,1029,1356,249,95
231,1,137,Masaha003492Vols,437,719,855,110,100
231,1,137,Shamela0001438,4925,965,1105,104,89
231,1,137,Shia003965Vols,6912,633,769,110,100
231,1,225,Shamela0007012,217,329,964,176,34
231,234,549,Shamela0007012,230,767,1093,249,96
231,899,1478,Shamela0010646,67,878,1044,130,28
231,258,554,JK000785,844,1080,1450,198,65
232,656,1228,Zaydiyya0000037Vols,403,843,1455,333,59
232,656,1407,Shia002185Vols,138,12,914,479,62
232,76,515,Shia002185Vols,2409,1131,1536,303,84
232,95,239,Shamela0010614,547,536,678,85,72
232,67,589,Sham19Y0029676,812,844,1359,387,92
232,661,823,Zaydiyya0000142,3466,1166,1288,89,66
232,905,1076,Zaydiyya0000142,3580,1320,1489,118,85
232,1169,1414,Zaydiyya0000142,3581,1046,1354,148,60
232,239,410,Shamela0021554,20,306,467,111,77
232,229,433,Sham19Y0036072,170,783,979,121,71
232,183,410,Kraken220413030759,707,193,534,121,40
232,656,949,Shia001432Vols,12093,1213,1465,192,80
232,949,1407,Shia001432Vols,12094,1,537,296,67
232,234,410,Shia20200618,80,555,720,103,68
232,234,410,Shia001107Vols,194,1039,1204,103,68
232,92,560,Kraken22021606120800,369,1046,1505,320,83
232,239,410,ShamIbadiyya0000610,20,312,473,111,77
232,95,259,Shamela0026863,2,679,865,102,68
232,234,440,Shamela0026863,41,1112,1418,142,57
232,166,410,JK010344,772,604,844,156,75
232,611,1458,Shamela0010646,2087,204,1017,613,88
232,656,1076,Shia004007,212,1076,1460,288,83
232,1080,1407,Shia004007,213,1,385,204,64
232,234,410,Rafed0001617Vols,85,361,526,103,68
232,234,433,JK000919,278,188,379,120,72
232,92,560,JK000919,314,1073,1528,332,86
232,643,1206,Rafed0000609Vols,95,823,1465,327,60
232,95,239,ShamAY0033560,10,774,914,89,78
232,656,1248,Shia001416,435,728,1449,372,59
232,63,464,JK000999,138,480,921,261,68
233,655,812,JK000021,1494,611,792,91,57
233,655,812,Sham19Y0000259,213,863,1013,105,83
233,817,973,Sham19Y0000259,723,1218,1378,119,88
233,655,812,Shamela0012062,291,703,863,86,58
233,817,1508,Shamela0023789,59,313,980,411,63
233,679,779,Shia002103Vols,93,218,357,72,69
233,368,650,Rafed0000040Vols,1171,499,762,202,87
233,1,544,Zaydiyya0000037Vols,404,584,1140,259,42
233,817,1129,Shia002265Vols,1666,202,444,179,68
233,679,779,Shia002265Vols,5435,1302,1447,72,66
233,817,1129,JK009390,4040,145,405,183,66
233,659,825,JK009390,4636,41,220,91,58
233,655,793,JK000049,19,682,847,69,47
233,51,650,Shia002185Vols,139,7,607,319,50
233,679,812,Shia002185Vols,2402,1276,1424,78,61
233,848,1520,Shia002185Vols,2405,1,697,487,83
233,679,812,Sham19Y0017531,77,809,957,78,61
233,650,817,Shamela0010614,297,1184,1338,116,90
233,817,1520,Shamela0010614,342,754,1499,551,90
233,659,812,Shamela0021635,226,803,981,86,57
233,659,817,Shamela0010488,146,320,505,90,55
233,655,812,JK000916,17471,368,539,86,58
233,360,544,Shia001269,380,957,1149,148,95
233,655,812,Shamela0021660,5051,748,915,87,56
233,679,1235,Sham19Y0023644,1902,832,1423,268,43
233,853,1520,Shamela0023790,39,1,289,220,39
233,650,825,JK009251,108,1041,1224,99,62
233,817,1129,Sham19Y0127677,3324,985,1233,181,68
233,679,812,Shamela0010798,903,289,432,71,58
233,817,1129,Shamela0001438,5183,75,317,179,68
233,679,812,Shamela0001438,5303,723,877,78,59
233,679,812,Shamela0006897,10,583,731,78,61
233,679,817,Shamela0023177,441,630,785,82,60
233,679,812,Shia002034Vols,547,564,712,78,61
233,51,663,Shia001432Vols,12095,85,517,323,65
233,817,1129,Sham19Y0014592,2622,651,913,184,66
233,817,1052,JK007082,238,1278,1510,162,77
233,1,490,Shia003636Vols,1312,932,1278,175,38
233,679,817,Sham19Y0038171,1562,912,1065,81,61
233,679,812,Shamela0003118,3019,564,707,71,58
233,655,812,Shamela0003118,4925,413,583,82,57
233,655,812,JK000532,1005,547,730,91,59
233,383,490,Zaydiyya0000272,1397,1251,1362,86,96
233,817,1520,Shamela0009096,193,545,907,264,44
233,679,812,Shamela0013041,672,508,656,78,61
233,679,812,Shia004042Vols,484,730,878,78,61
233,650,817,JK000001,1722,1104,1279,96,62
233,1,465,Shamela0010646,2087,1017,1456,339,90
233,465,668,Shamela0010646,2088,1,202,153,93
233,645,812,Shia002294Vols,721,377,570,89,52
233,655,812,JK010621,26,1,147,112,91
233,672,817,Zaydiyya0000259,72,1063,1223,84,61
233,1,577,Shia004007,213,854,1459,294,45
233,659,779,Sham19Y0013665,13,1108,1268,86,71
233,368,655,Rafed0000609Vols,97,1201,1491,209,87
233,1,650,Shia001416,436,632,1297,341,48
233,797,1508,ShamAY0034409,152,249,512,185,31
233,679,812,Shamela0012031,102,559,704,76,59
234,898,1084,Shamela0013027,142,1174,1338,115,75
234,7,327,Shamela0023789,59,984,1257,189,72
234,1,319,Shia002265Vols,1666,499,797,212,78
234,1,319,JK009390,4040,460,757,212,79
234,898,1084,Shia001782Vols,1688,1084,1266,114,72
234,1,327,Shia002185Vols,2405,697,1056,245,83
234,467,566,Shia002185Vols,2483,1307,1406,78,100
234,904,1084,Shamela0021315,1,650,808,113,78
234,13,327,Shamela0010614,343,1,336,243,89
234,699,1418,Shamela0010614,426,756,1540,546,85
234,59,327,Sham19Y0029676,634,596,885,210,90
234,7,313,Sham19Y0023644,1903,142,439,163,56
234,1,332,Shamela0023790,39,289,596,209,72
234,1,179,Sham19Y0127677,3324,1288,1453,128,89
234,1,319,Shamela0001438,5183,372,670,212,78
234,1,319,Sham19Y0014592,2622,968,1271,209,76
234,1,319,JK007082,239,107,421,213,75
234,1148,1468,Shamela0004473,5517,1,228,144,54
234,1,319,Shamela0004473,6979,747,1130,244,79
234,467,566,Shamela0010496,23,740,840,76,97
234,1310,1468,Shamela0000765,12,873,1051,118,83
234,699,888,Shamela0000765,96,825,985,119,71
234,1,353,Shamela0009096,193,907,1238,217,73
234,276,1094,Shamela0010646,67,1051,1539,353,50
234,1094,1463,Shamela0010646,68,1,386,267,83
234,893,1463,Shamela0009429,160,664,1279,429,85
234,888,1084,Shamela0009567,466,28,222,129,76
234,898,1084,ShamAY0034282,1574,46,220,111,71
234,164,319,Shamela0010262,254,1,147,96,69
235,903,1129,Shamela0012062,311,23,423,77,22
235,903,1083,Shamela0001025,173,515,639,63,38
235,624,830,Shia002265Vols,5265,1198,1428,138,75
235,624,830,JK009390,2150,1046,1276,138,75
235,261,384,Shamela0010614,301,804,929,92,93
235,1,142,Shamela0010614,433,1423,1573,108,90
235,220,384,Shamela0010614,437,647,809,103,80
235,624,898,Shamela0010614,486,110,396,181,77
235,916,1097,Shamela0010614,491,13,196,134,91
235,1083,1295,JK000916,8586,526,725,134,77
235,1129,1295,Sham19Y0023644,2221,47,194,104,79
235,624,830,Sham19Y0127677,2014,408,638,138,75
235,624,821,Shamela0001438,3512,347,563,129,75
235,1083,1295,JK011365,52,907,1104,138,81
235,1,243,JK007082,502,100,399,165,69
235,261,373,Sham19Y0018147,673,822,942,84,86
235,1083,1295,Shamela0003118,2865,1120,1330,147,80
235,903,1083,Shamela0010646,200,485,877,68,22
235,903,1083,Shamela0009100,48,326,518,138,89
235,903,1083,Shamela0001349,90,684,866,136,93
235,248,384,JK010766,496,244,414,102,76
235,627,826,JK006919,979,1057,1248,138,84
235,903,1129,Shamela0011406,966,535,725,104,51
236,1,147,Shia002185Vols,2407,1404,1549,121,99
236,147,1563,Shia002185Vols,2408,1,1424,986,80
236,1,554,Shamela0010614,227,1035,1604,447,95
236,554,1563,Shamela0010614,228,1,1044,756,88
236,1,348,Shamela0000671,86,566,873,231,81
236,1,348,Shamela0021554,52,443,794,270,94
236,1,348,ShamIbadiyya0000610,52,448,799,270,94
236,1,348,Shamela0000927,1414,261,725,226,60
237,489,1233,Shia002265Vols,1687,784,1430,245,35
237,140,484,Shia002185Vols,2409,1,339,266,93
237,602,1397,Shia003461Vols,500,1,941,456,56
237,1,484,Shamela0010614,228,1044,1507,373,93
237,557,1132,JK000916,17545,466,1364,196,23
237,557,1309,Sham19Y0127677,3484,678,1398,190,24
237,545,1132,Shamela0001438,4890,9,694,215,32
237,659,1233,Shia004038,118,973,1459,187,34
238,1258,1363,Shia002185Vols,2484,227,332,83,100
238,1245,1363,Shamela0010646,334,230,348,92,99
240,54,839,Shia002185Vols,1829,4,688,427,65
240,1210,1412,Shia002185Vols,1829,643,849,127,76
240,1224,1412,Shamela0012929,152,1238,1510,131,59
240,977,1095,Shia003461Vols,601,753,897,88,78
240,1,312,Shamela0010614,191,203,509,218,82
240,1229,1412,JK010637,159,361,562,123,79
240,1224,1412,Shamela0006897,105,144,304,122,79
240,54,216,Shamela0009773,1561,706,892,112,71
240,1,312,JK010583,4,37,338,217,83
240,1,347,Shia001432Vols,12140,695,1053,213,65
240,1229,1389,Sham19Y0150966,1199,376,536,102,81
240,1229,1412,Shamela0008505,9,371,553,126,85
240,54,216,Shia001626Vols,90,1093,1279,109,65
241,931,1376,Shamela0010768,41,901,1363,312,79
241,454,645,Shia002265Vols,4164,1210,1434,146,80
241,725,1381,Shamela0001336,74,804,1510,355,52
241,950,1376,Shamela0012929,750,149,695,315,66
241,440,645,Shamela0008206,888,1232,1474,131,64
241,202,366,JK000786,751,839,1021,109,76
241,406,669,JK000786,3312,1107,1375,158,65
241,725,919,Shamela0009789,170,63,247,144,93
241,454,669,Sham19Y0127677,3548,1191,1441,152,74
241,440,645,Masaha003492Vols,230,341,545,159,93
241,931,1381,Masaha003492Vols,344,906,1377,360,93
241,725,926,Masaha003492Vols,390,1,191,151,94
241,440,645,Shamela0007012,245,502,710,160,94
241,931,1433,Shamela0007012,248,262,817,344,71
241,725,1158,Shamela0012848,4,973,1624,325,61
241,1158,1433,Shamela0012848,5,1,389,178,54
241,454,636,Shamela0023644,1810,1268,1485,137,78
241,220,366,Sham19Y0148486,1729,813,959,115,98
241,406,645,JK006801,961,455,710,148,65
241,406,669,Shia001960,482,1165,1399,159,74
241,504,669,Shamela0012862,617,899,1092,105,67
241,211,366,Shia003895Vols,351,1134,1293,118,93
241,795,926,Masaha003682Vols,3133,994,1125,105,100
241,220,366,Sham19Y0146127,886,961,1107,114,97
241,436,636,Shamela0000761,19,1379,1577,153,92
241,926,1376,Shamela0000761,45,688,1168,357,91
241,489,841,Shamela0021765,2396,10,413,147,33
241,220,366,Shia002119Vols,666,14,393,104,34
241,406,645,Sham19Y0037618,5761,781,1036,149,65
242,129,603,JK000911,863,958,1426,333,83
242,146,603,Shamela0009783BK1,1717,31,473,317,82
242,632,901,Sham19Y0029676,813,1117,1387,198,85
242,146,603,Shamela0010283,4195,532,980,322,83
242,262,603,Sham19Y0145435,2049,1,363,262,88
243,580,853,Shamela0010614,199,667,921,179,80
243,117,265,Shamela0010614,446,1060,1223,103,78
243,1004,1181,Shamela0010646,1568,867,1092,132,75
243,1168,1297,Shamela0009100,95,1138,1273,100,93
244,1,476,Shamela0023789,906,91,630,349,77
244,139,495,JK009390,7022,799,1453,158,25
244,778,1234,Shamela0012929,794,1159,1306,118,32
244,47,476,Shamela0010614,233,28,516,340,86
244,139,329,Sham19Y0023644,2021,61,306,130,65
244,68,397,Shia001149Vols,1054,293,793,149,31
244,1,437,JK000060,125,505,1164,247,45
244,68,397,Shia002389Vols,2202,521,1020,149,31
244,139,499,Shamela0012750,289,861,1492,162,27
244,1,261,Shia002525,173,1198,1484,209,89
244,261,476,Shia002525,174,1,217,171,98
244,1387,1544,Shia003895Vols,391,131,986,123,17
244,1,334,JK000946,45,815,1351,153,30
244,1,495,Shamela0010646,71,535,1316,252,38
244,1,437,JK000022,141,748,1474,286,48
244,1,284,Shamela0012031,150,975,1514,202,46
245,621,812,Shia001269,70,111,299,146,95
245,1,128,Masaha003492Vols,309,219,409,99,64
245,1074,1230,Masaha003492Vols,951,227,383,125,99
245,1071,1230,Shamela0007012,305,604,759,124,96
245,1315,1454,Shamela0007012,316,147,286,115,100
245,500,721,Shia003895Vols,400,823,1477,173,33
246,278,451,JK000021,127,1120,1329,111,60
246,248,451,JK001297,57,709,950,125,57
246,251,451,Shia002265Vols,1014,748,984,123,57
246,237,451,JK000916,12533,352,613,125,53
246,278,456,Shamela0095735,68,1,221,116,60
246,136,451,ShamAY0034809,27,817,1304,168,39
246,1378,1493,Sham19Y0020762,2434,842,983,78,71
246,1328,1493,Shamela0036515,1166,1083,1262,98,66
246,248,473,Shia001432Vols,26013,210,467,126,55
246,243,451,Shamela0010443,407,249,512,124,53
246,251,451,Shamela0008220,7,563,819,122,53
246,1353,1493,Shamela0008505,569,77,256,87,63
246,248,473,Shia001153,11,1004,1257,127,55
246,1160,1387,Shamela0010646,76,1282,1486,153,84
246,1348,1498,JK006919,302,652,782,91,76
246,248,451,ShamAY0032842,17,248,482,118,55
247,129,359,Shamela0013027,92,594,933,148,55
247,150,377,JK000021,2852,534,881,151,52
247,150,335,Sham19Y0018567,1421,365,662,131,55
247,141,372,Shia003923Vols,745,548,755,146,74
247,150,372,Shamela0010488,179,923,1237,139,54
247,150,377,JK000916,8154,614,952,150,53
247,129,377,Sham19Y0023644,1999,111,472,157,54
247,150,372,ShamAY0033945,2440,812,1154,147,52
247,150,372,Sham19Y0127677,9788,19,365,147,52
247,141,377,Masaha003492Vols,444,969,1208,180,95
247,129,377,Shamela0012406,1115,23,382,152,52
247,129,377,Shamela0001686,1316,942,1315,159,55
247,129,372,JK007049,94,264,602,147,53
247,150,335,Sham19Y0013223,1159,1218,1498,126,57
247,141,372,Shia001432Vols,9252,106,641,161,38
247,141,366,Sham19Y0038171,2430,545,839,128,50
247,141,372,Shia001237Vols,2853,1131,1443,146,55
247,141,377,ShamAY0035035,9611,670,982,133,49
247,141,372,Shia003895Vols,417,1078,1317,182,95
247,920,1088,Shamela0010646,77,274,437,120,87
247,1,136,JK009288,393,498,632,110,97
247,141,372,Masaha003682Vols,1054,638,877,182,95
247,141,322,Shia001171,548,1253,1525,119,54
247,150,372,Shamela0012884,2367,814,1117,147,57
248,986,1205,Shamela0012317,1879,474,590,92,52
248,77,434,Shamela0010646,77,1,269,206,74
248,522,760,JK009288,228,1,213,176,87
249,265,1421,JK000481,223,409,1506,646,61
249,258,628,Shamela0012981,1076,1035,1428,193,57
249,631,1486,Shamela0012981,1077,1,958,481,56
249,809,1486,Shamela0022579,204,675,982,161,26
249,315,495,ShamAY0007299,4384,733,915,131,85
249,315,560,Shia002616Vols,76,733,983,150,66
249,250,969,Shamela0006590,180,1048,1459,234,39
249,265,772,ShamAY0001760,127,909,1484,269,50
249,772,1072,ShamAY0001760,128,1,421,184,50
249,235,560,Shamela0012055,341,386,733,240,83
249,265,1153,Sham19Y0020638,1161,552,1434,502,61
249,298,1486,Shamela0025794,4042,10,1448,755,60
249,111,230,Shamela0010614,484,740,1333,95,19
249,258,940,Sham19Y0017616,430,801,1474,370,57
249,940,1486,Sham19Y0017616,431,1,644,346,63
249,265,745,JK000916,25971,941,1494,291,60
249,745,1486,JK000916,25972,1,735,448,67
249,315,560,Masaha001864Vols,1016,73,326,134,53
249,265,988,Masaha001864Vols,1126,788,1492,408,61
249,265,595,Shamela0025800,2436,1088,1459,200,62
249,663,1486,Shamela0025800,2437,1,917,508,63
249,14,1090,Shamela0021809,3092,232,1480,557,48
249,265,788,Shamela0021493,123,1011,1522,283,57
249,788,1486,Shamela0021493,124,1,791,426,61
249,298,1486,JK006838,293,36,1465,756,62
249,265,776,Shamela0000170,941,844,1353,271,56
249,250,1019,JK000786,3939,755,1467,379,52
249,265,1482,Shamela0036446,1230,214,1480,699,59
249,265,965,Shamela0004289,1532,817,1502,379,58
249,965,1486,Shamela0004289,1533,1,621,326,61
249,235,1508,Masaha003492Vols,367,182,1434,942,89
249,265,1486,Shamela0001686,1423,126,1497,789,66
249,482,1486,Shamela0010283,3690,83,1337,669,63
249,265,1421,Shia002958,237,233,1405,663,61
249,250,992,Sham19Y0018144,2666,756,1468,414,61
249,992,1486,Sham19Y0018144,2667,1,620,331,64
249,235,560,Sham19Y0014080,7,952,1299,240,83
249,888,996,Shia002034Vols,732,946,1066,72,72
249,250,750,Shamela0004445,1061,925,1486,286,55
249,750,1486,Shamela0004445,1062,1,802,495,71
249,265,530,Sham19Y0132524,2611,925,1163,145,59
249,442,992,Sham19Y0132524,2612,435,976,313,63
249,1106,1446,Sham19Y0132524,2613,1210,1518,192,62
249,965,1168,Sham19Y0132524,2613,131,382,132,61
249,238,347,Shamela0007012,291,1417,1531,84,94
249,347,1508,Shamela0007012,292,5,1228,913,92
249,265,436,Sham19Y0122406,3710,1262,1461,120,72
249,491,1446,Sham19Y0122406,3711,467,1458,556,61
249,250,546,Shamela0001673,5818,844,1114,159,59
249,250,409,Shamela0004473,2732,1317,1477,108,80
249,409,560,Shamela0004473,2733,1,151,119,98
249,265,1486,Shamela0003118,7694,117,1404,740,64
249,446,730,ShamAY0033769,9,31,303,126,44
249,710,1072,ShamAY0033769,9,656,1133,225,53
249,250,1486,ShamAY0034005,1259,51,1479,792,64
249,888,996,ShamAY0034005,1260,180,315,76,72
249,258,1486,Shia002218Vols,869,251,1350,629,56
249,388,1486,Shamela0035100,485,7,1248,687,62
249,250,1072,ShamAY0032665,2666,684,1482,471,63
249,1072,1486,ShamAY0032665,2667,10,534,272,62
249,265,841,JK007065,133,912,1497,328,60
249,841,1486,JK007065,134,1,707,379,60
249,265,372,Shamela0023644,154,1380,1527,78,68
249,372,1486,Shamela0023644,155,1,1141,612,55
249,265,841,Sham19Y0001734,2684,919,1489,322,60
249,884,1486,Sham19Y0001734,2685,19,656,349,61
249,339,1446,Shia003732Vols,857,1,1339,669,56
249,265,1400,Shamela0001727,1379,383,1509,656,63
249,250,603,Sham19Y0148271,408,1085,1477,182,51
249,603,1486,Sham19Y0148271,409,1,986,602,71
249,265,1406,Sham19Y0013572,300,378,1511,657,63
249,265,530,Shamela0010906,78,1233,1476,135,54
249,451,1486,Shamela0010906,79,1,1157,661,67
249,265,1168,Shamela0010906,1211,646,1483,475,56
249,1196,1486,Shamela0010906,1212,9,298,169,62
249,853,992,Shamela0000761,698,1283,1422,111,100
249,500,648,Shamela0000761,729,1317,1454,108,91
249,265,1048,Shamela0010637,146,614,1465,498,66
249,1048,1486,Shamela0010637,147,1,519,293,67
249,500,1486,JK009408,455,28,1169,601,60
249,286,1508,Sham19Y0020891,5873,1,1271,912,86
249,325,992,Shamela0009873,528,887,1265,177,30
249,357,1486,Shamela0012031,225,15,1252,700,64
250,1227,1470,Shamela0023789,814,1,246,179,88
250,1126,1470,Shia002185Vols,1309,987,1334,259,94
250,1197,1470,Shamela0010614,345,400,670,204,93
250,628,807,Masaha003492Vols,644,588,780,139,91
250,813,940,Shamela0007012,379,1290,1418,96,93
250,1237,1470,Shia003636Vols,1529,613,1016,118,36
250,623,813,Shia003895Vols,272,593,784,131,80
250,193,388,JK009288,253,608,802,158,99
251,1015,1279,Shamela0000558,29,617,883,146,61
251,155,449,Shia002185Vols,1310,1,187,126,50
251,445,940,Shamela0023790,82,536,1051,394,94
251,1015,1305,Shamela0010283,4429,232,517,150,58
251,241,362,Shamela0010646,1860,717,853,97,88
252,906,1146,Shamela0023789,833,746,967,170,87
252,1189,1350,JK001493,389,381,502,89,68
252,770,1456,Shia002185Vols,1310,519,849,230,41
252,1120,1350,Shamela0012929,270,963,1152,114,62
252,19,206,ShamAY0005375,425,569,764,137,89
252,770,1146,Shamela0010614,338,522,876,206,63
252,1120,1350,JK000916,18154,353,558,124,66
252,1120,1350,Shamela0021660,831,636,791,98,54
252,335,683,Sham19Y0036072,206,689,1186,269,67
252,331,688,Kraken220413030759,1749,894,1420,236,55
252,1158,1350,Shamela0006897,71,215,364,98,64
252,1120,1350,Shamela0009236,23,437,627,106,58
252,24,206,Shamela0010664,264,1317,1503,141,96
252,331,679,Shamela0009091,100,650,1116,185,46
252,1153,1329,Sham19Y0018147,838,627,761,89,66
252,1120,1393,Shamela0003118,5258,227,514,140,55
252,1120,1329,Shamela0005683,16,473,664,98,63
252,843,1137,Shia001553,177,487,783,218,86
252,24,131,ShamAY0032379,629,674,780,82,98
252,24,206,Shamela0008505,131,989,1171,143,99
252,206,683,Shamela0008505,132,690,1422,370,63
252,19,323,Shamela0009096,32,580,917,240,88
252,843,1090,Shia003895Vols,426,156,416,195,93
252,331,688,Shamela0001000,2100,965,1457,204,49
252,1137,1350,JK009288,470,284,506,156,88
252,323,654,Sham19Y0120146,24,1039,1403,254,86
252,24,206,JK001330,53,1186,1361,113,75
253,753,1007,Shia003461Vols,628,1039,1279,111,44
253,35,242,JK000916,17487,856,1100,164,82
253,8,242,Masaha003492Vols,213,1238,1490,172,78
253,350,512,Masaha003492Vols,616,1088,1249,131,99
253,350,517,Sham19Y0013252,7039,1040,1195,112,78
253,1,242,Shamela0007012,359,279,864,193,40
253,350,512,Shamela0007012,360,1076,1238,130,98
253,590,748,Shamela0007012,473,425,583,129,100
253,35,242,Shamela0003118,5095,398,641,166,84
253,35,242,Masaha003682Vols,1827,641,893,166,81
254,1076,1264,Sham19Y0017124,759,771,969,129,81
254,1076,1224,Sham19Y0017124,798,980,1130,115,96
254,872,1041,Shia002185Vols,1310,968,1137,134,97
254,1076,1224,Masaha003492Vols,212,1182,1332,115,96
254,737,953,Shamela0010646,253,76,306,166,90
255,385,691,Shamela0023789,1063,1082,1407,185,65
255,569,1194,Shamela0023789,1064,204,539,182,36
255,334,696,JK000916,12056,796,1165,254,81
255,463,1194,Shia003729Vols,175,7,804,433,65
255,938,1194,JK001030,134,1,303,130,51
255,345,696,Shamela0003118,3667,19,347,240,83
255,334,1110,Shamela0010646,1407,675,1371,518,82
256,1004,1152,JK000916,11712,248,569,69,27
256,1004,1152,Masaha003492Vols,136,86,275,111,75
256,1004,1152,Shamela0001686,1383,1180,1342,89,68
256,755,952,Shamela0008505,615,236,431,140,83
256,1004,1152,Shia003895Vols,456,976,1124,116,100
256,186,422,Shamela0010646,2152,260,487,178,95
256,1020,1152,Sham19Y0039268,156,791,920,69,62
257,494,677,Shamela0023790,602,1216,1403,129,86
257,689,1008,Shamela0023790,603,20,345,207,72
257,1132,1485,Sham19Y0127677,5320,950,1426,87,15
257,529,663,Shia003636Vols,1764,56,181,98,93
257,144,494,Shamela0008494,194,867,1330,137,31
257,529,689,Shia001615Vols,1219,1130,1285,108,84
257,529,689,Shia003699,249,197,399,112,72
257,494,1004,Shamela0010646,419,898,1324,259,61
257,144,494,Sham19Y0020882,277,340,803,137,31
257,535,1008,Rafed0000609Vols,169,44,462,213,53
257,515,1013,Shia002165,35,219,680,253,57
258,899,1128,ShamAY0034570,40,984,1209,168,88
258,899,1128,JK000030,33,930,1241,128,51
258,134,269,Sham19Y0018254,869,465,599,111,99
258,675,820,Sham19Y0018254,984,70,231,110,82
258,875,1123,Shamela0010614,434,424,701,168,72
258,546,670,JK000055,374,5,178,91,67
258,675,820,JK000786,3683,328,484,102,80
258,16,129,JK000786,3684,1151,1264,89,95
258,675,820,Sham19Y0127677,20058,722,1084,105,36
258,16,129,Masaha003492Vols,268,1256,1369,92,100
258,546,670,Masaha003492Vols,414,1280,1409,96,95
258,675,820,Masaha003492Vols,700,28,188,111,83
258,675,820,Shamela0007012,322,294,459,114,86
258,675,820,Shamela0003118,5354,452,607,105,79
258,546,670,JK007040,1198,1213,1336,88,87
258,546,675,Shia003895Vols,422,1213,1346,99,94
258,675,820,Shia003895Vols,579,989,1149,111,83
258,899,1123,Shamela0010646,77,445,686,164,85
258,1097,1536,Shamela0010906,1349,280,519,72,19
258,134,269,Shamela0000761,274,565,699,111,99
258,675,820,JK000022,228,261,396,98,85
258,675,820,Sham19Y0037618,4455,962,1118,102,80
259,1168,1253,Shamela0001687,3787,563,648,61,96
259,1168,1253,Shia003923Vols,424,1151,1236,62,97
259,582,961,Shamela0005695,3,1,437,222,57
259,1168,1253,Masaha003492Vols,239,965,1050,58,83
259,504,967,Sham19Y0016759,30,9,377,211,50
259,334,851,Shamela0007326,16,202,966,162,23
259,1168,1253,Shia003895Vols,530,1118,1203,62,97
259,1168,1253,Sham19Y0013631,536,98,183,63,98
259,1168,1253,Masaha003682Vols,1422,1219,1304,62,97
260,171,656,Shamela0006617,311,1028,1506,319,73
260,164,656,Shia001782Vols,3244,65,577,338,76
260,1,182,Shamela0010614,46,393,588,99,56
260,1,155,Shamela0010548,550,1281,1457,109,80
260,1,331,Zaydiyya0000142,469,589,888,140,46
260,7,130,Masaha003492Vols,362,1296,1456,80,64
260,1387,1502,Masaha003492Vols,534,1251,1367,89,98
260,160,656,Shamela0012226,70,632,1172,380,85
260,7,607,Shia003732Vols,4915,883,1502,352,66
260,254,656,Shamela0001733,785,1,427,303,84
260,7,130,Masaha002979Vols,999,645,801,80,66
260,160,452,Shamela19Y0145334,1969,1205,1517,234,92
260,452,794,Shamela19Y0145334,1970,1,584,240,49
260,160,656,JK009408,649,927,1473,379,83
261,239,422,Masaha003492Vols,868,1226,1414,148,96
261,239,500,Shia003895Vols,438,636,1191,209,46
262,867,1341,Shamela0009654,178,700,1192,343,84
262,298,420,Shamela0007012,299,674,835,93,71
262,852,1285,JK010666,112,352,871,281,63
262,298,415,Shamela0000761,83,84,212,86,85
263,630,802,Sham19Y0017124,856,188,358,136,98
263,995,1195,Shamela0023789,1037,1350,1549,154,94
263,1255,1481,Shamela0023789,1038,8,200,129,71
263,543,802,JK000911,864,16,309,200,85
263,521,802,Shamela0009783BK1,1717,508,832,218,84
263,990,1382,JK006922,381,586,842,169,51
263,965,1463,Shamela0010614,462,940,1489,384,86
263,521,802,JK000916,6867,33,362,209,79
263,995,1481,Shia003729Vols,151,308,711,271,66
263,1003,1422,Shamela0023790,175,12,366,274,78
263,630,802,Masaha003492Vols,684,85,257,137,98
263,521,802,Shamela0010283,4195,1005,1330,217,83
263,995,1481,Shia004092Vols,11755,451,826,255,62
263,965,1422,Shia004092Vols,13224,939,1419,328,81
263,974,1366,Shamela0009236,155,1307,1543,146,43
263,447,823,Shamela0007012,281,308,567,175,57
263,1124,1422,Shamela0004473,12652,919,1157,177,68
263,970,1481,Sham19Y0018147,768,974,1419,283,63
263,827,965,Shamela0000761,823,299,450,108,91
263,965,1422,Rafed0002654Vols,12055,310,792,327,80
263,995,1481,Rafed0002654Vols,12072,1076,1451,255,62
263,521,802,Sham19Y0145435,2049,398,722,218,84
263,986,1374,Shia001626Vols,141,913,1433,167,38
264,801,1069,Shia002265Vols,3476,563,808,167,75
264,801,1069,JK009390,1113,1,263,182,81
264,854,1069,Shamela0001975,441,1,190,134,78
264,1232,1391,Shia002185Vols,2301,258,417,128,100
264,42,375,Shamela0009783BK1,1716,808,1154,209,68
264,775,1069,Shamela0025794,4421,607,893,168,64
264,801,1069,Shamela0025794,4455,939,1201,166,68
264,24,481,JK000916,16547,568,1020,342,92
264,801,1069,Shamela0021809,531,346,598,161,67
264,796,1069,Shamela0036446,1381,174,437,181,79
264,801,1069,Sham19Y0127677,1278,385,636,173,78
264,24,481,Masaha003492Vols,166,965,1444,346,85
264,1396,1522,Masaha003492Vols,299,412,556,98,84
264,801,1053,Masaha003492Vols,587,410,688,199,89
264,1232,1391,Masaha003492Vols,858,708,887,127,88
264,801,1069,Shamela0021659,597,985,1237,177,79
264,801,1069,Shamela0001438,1935,9,259,174,78
264,770,1069,JK000384,160,602,877,155,58
264,801,1026,Sham19Y0014299,152,736,952,129,61
264,801,1069,Sham19Y0018144,232,363,627,195,90
264,24,349,Shamela0007012,287,1138,1519,253,82
264,103,300,Shamela0007012,288,215,1312,128,14
264,1232,1391,Shamela0007012,314,1207,1380,127,91
264,801,1069,Shamela0007289,2055,493,748,177,79
264,796,1227,Shia003636Vols,7465,472,1223,248,38
264,24,481,Shamela0003118,4827,828,1281,343,92
264,225,381,Shia003675Vols,292,1113,1269,128,98
264,796,1069,ShamAY0034005,1489,443,716,186,80
264,1232,1375,Shia003990,61,772,916,112,97
264,796,1069,JK000977,159,284,557,182,79
264,801,1069,ShamAY0032665,232,372,636,195,90
264,801,1069,Sham19Y0148271,482,275,535,164,68
264,806,1058,Shia003895Vols,414,1,254,198,97
264,796,1069,ShamAY0034274,681,315,575,178,78
264,816,1069,Shamela0007891,2544,1,241,163,77
264,801,1069,Sham19Y0013572,371,334,674,176,61
264,801,1069,Shamela0021629,762,1122,1381,177,79
264,801,1069,JK000022,284,375,674,168,63
264,801,1069,JK000022,1551,825,1123,171,64
264,42,381,Sham19Y0145435,2048,657,1010,214,68
264,796,1069,Tafsir07076,4848,45,313,174,75
264,812,1053,Tafsir07076,7882,912,1155,156,75
264,796,1061,Tafsir07076,8657,788,1149,175,58
265,223,387,Shamela0012129,129,195,364,111,78
265,242,387,JK000975,282,944,1077,97,84
265,237,387,Shamela0023789,86,1285,1424,103,88
265,229,387,Masaha001961Vols,1544,250,408,100,74
265,1170,1476,Shia002185Vols,1090,1,299,209,81
265,229,387,Shia002185Vols,3857,672,812,93,75
265,237,387,Shamela0012929,633,219,359,105,88
265,242,392,ShamAY0001760,19,515,673,108,85
265,908,1476,Shamela0009770,676,225,860,383,68
265,1,115,Sham19Y0018254,82,973,1087,93,100
265,403,599,Shamela0001687,8871,601,788,147,93
265,251,387,Shamela0003722,1742,1,132,90,81
265,392,599,JK000916,15499,134,341,163,97
265,265,387,Rafed0002209Vols,1185,855,969,80,83
265,223,387,Shamela0023700,674,651,808,89,69
265,229,387,JK003609,3287,490,646,103,76
265,242,387,Rafed0003376Vols,1748,888,1041,97,76
265,229,387,Sham19Y0023644,1871,393,551,101,73
265,242,387,Sham19Y0016584,2717,1187,1314,88,80
265,242,392,Sham19Y0036072,196,195,333,95,75
265,223,387,Sham19Y0036072,319,225,382,105,74
265,242,387,Shamela0023790,153,455,585,93,77
265,242,387,Sham19Y0127677,17855,1,135,101,88
265,392,599,Masaha003492Vols,87,603,811,165,99
265,606,768,Masaha003492Vols,896,120,299,128,89
265,246,387,Shamela0010798,2525,910,1058,95,77
265,237,387,Shamela0005406,118,650,783,93,75
265,229,387,Shamela0012406,1058,606,763,100,72
265,246,387,Shamela0005858BK2,47,893,1037,99,86
265,246,387,Shamela0010283,671,41,189,97,76
265,223,387,Shamela0010283,4184,646,796,99,76
265,392,595,ShamIbadiyya0000603,85,552,725,124,76
265,392,599,Shia003965Vols,9011,1294,1515,165,93
265,242,392,Shamela0004445,3299,813,972,101,79
265,623,768,Shamela0007012,302,9,160,116,96
265,1,115,Shamela0007012,316,850,964,92,99
265,246,410,Shamela0010512,58,300,506,117,71
265,246,387,Shamela0010664,1003,1133,1278,99,81
265,229,387,JK007082,161,747,905,102,75
265,115,387,Shamela0003118,2061,357,659,114,37
265,237,387,Shamela0095860,58,493,637,93,71
265,403,565,JK007040,4290,1383,1537,122,93
265,223,663,Shamela0037325,61,783,1320,162,30
265,223,387,JK000778,249,1058,1216,97,75
265,242,387,Shamela0010013,188,1159,1287,88,79
265,908,1476,Shia003732Vols,5603,291,918,378,68
265,229,387,ShamIbadiyya0000095,1108,965,1123,102,75
265,398,599,ShamAY0032875,5,279,524,115,60
265,392,599,Shia003895Vols,383,1055,1263,165,99
265,989,1476,Shamela0028453,249,619,1241,340,66
265,246,410,Masaha002979Vols,732,1165,1371,116,71
265,246,387,Sham19Y0149213,468,159,295,93,81
265,197,387,Shamela0010906,1087,979,1167,108,67
265,223,387,JK010765,122,734,894,112,83
265,242,387,Shamela0012031,255,721,874,98,78
266,796,1335,JK000911,864,441,881,320,73
266,1342,1515,Shia002185Vols,1459,962,1139,126,84
266,591,1191,Shamela0009783BK1,1717,929,1487,418,85
266,1342,1515,Shamela0010614,100,151,327,136,96
266,627,1302,Masaha003492Vols,58,115,434,237,44
266,796,1335,Shamela0010283,4196,7,447,314,71
266,611,1286,Shamela0007012,286,367,713,227,39
266,591,1515,Shamela0010646,1356,90,1019,734,98
266,591,1318,Sham19Y0145435,2049,819,1504,505,86
267,814,1494,Shamela0023789,906,841,1539,500,84
267,459,570,Shamela0010614,480,1130,1241,89,100
267,877,1546,Shamela0021493,213,17,629,235,37
267,946,1562,Shamela0001686,2351,600,1318,330,50
268,569,1450,Sham19Y0000259,775,1,921,644,82
268,550,819,Shamela0023789,879,1245,1498,191,85
268,819,1450,Shamela0023789,880,1,669,484,89
268,545,1154,JK000030,49,945,1522,330,60
268,550,959,Shia002185Vols,998,1132,1544,309,89
268,561,1450,Shamela0012403,352,404,1414,487,53
268,545,1450,Shamela0009783BK1,3028,151,1184,598,68
268,561,1145,Shamela0009823,212,917,1473,341,64
268,550,1450,Shamela0010614,266,67,991,686,90
268,561,787,JK000916,13457,1276,1490,133,66
268,769,1450,JK000916,13458,1,782,374,54
268,550,1082,JK000916,17722,743,1307,330,67
268,545,1149,JK000916,17723,235,803,362,69
268,545,1406,Shamela0095735,340,571,1473,467,56
268,545,1041,Sham19Y0029676,944,992,1519,350,79
268,550,1450,JK000927,1985,326,1319,653,80
268,566,987,Shamela0021493,318,1020,1441,262,68
268,987,1450,Shamela0021493,319,1,523,244,53
268,585,1167,Zaydiyya0000342,511,1,579,304,54
268,550,1041,Shamela0000216,15,369,873,304,68
268,536,1086,JK009174,16,1016,1533,321,66
268,566,1154,Sham19Y0023644,3695,103,690,351,65
268,566,1167,Shamela0023790,432,115,755,374,66
268,566,1450,Shamela0006650,8,287,1232,512,60
268,561,1154,Kraken220208041040,265,989,1531,313,57
268,545,1167,Shamela0011363,160,375,970,370,65
268,566,1149,Shamela0004445,4394,79,795,367,59
268,566,1082,JK007082,191,11,570,324,67
268,561,1450,Shamela0003118,4022,251,1174,495,59
268,550,1162,Shamela0003118,5158,662,1331,381,65
268,550,1450,Rafed0002341Vols,103,142,1134,656,80
268,545,872,ShamAY0035035,9424,1108,1468,245,83
268,1279,1450,ShamAY0035035,9426,13,193,107,71
268,600,1041,Shamela0007612,6,696,1143,249,61
268,545,1149,JK000001,3126,499,1062,352,67
268,545,1450,Shamela0006656,16,209,1097,541,63
268,880,1041,Kraken220413202218,1157,915,1058,90,71
268,550,1082,Tafsir09084,1669,628,1212,321,65
268,566,1082,Shamela0008658,2094,11,552,317,69
268,886,1167,JK000022,1847,374,724,189,64
268,545,763,JK000022,1855,1236,1475,169,88
268,561,1450,JK000022,1864,376,1288,488,59
268,566,1440,JK009237,6034,559,1492,499,59
268,545,1450,Sham19Y0145435,702,414,1447,593,67
268,566,1450,ShamAY0034857,26,532,1381,486,60
268,566,845,Shamela0012031,374,1242,1460,146,60
268,845,1450,Shamela0012031,375,1,627,339,60
269,871,1078,Rafed0000230Vols,136,1072,1247,123,70
269,180,536,Shia002185Vols,3507,373,725,214,65
269,871,1078,Shia004092Vols,4694,181,405,107,51
269,871,1078,Shia001432Vols,17092,861,1050,117,62
269,888,1078,Shia003636Vols,1927,1,149,111,73
269,1249,1480,Shamela0003118,7312,292,516,159,80
269,216,541,Shamela0009096,84,869,1171,122,38
269,1174,1480,JK009288,289,88,351,195,78
269,871,1078,Rafed0002654Vols,4638,199,423,107,51
269,871,1078,Shia001349Vols,1134,320,497,124,70
269,866,1078,JK006919,298,925,1154,111,51
269,900,1078,JK006919,995,1,131,102,73
270,19,253,Sham19Y0029676,914,1304,1524,172,89
270,19,253,Shamela0003118,7312,621,848,171,89
270,1217,1455,JK009288,47,1262,1527,170,78
270,1,253,JK009288,289,351,601,195,94
270,835,1006,JK009288,821,586,783,114,66
270,19,198,Sham19Y0073348,1902,1149,1324,138,92
271,244,384,Shamela0023790,105,187,343,107,87
271,1257,1446,Shamela0023790,244,1158,1352,144,95
271,488,643,Shamela0023790,246,482,744,121,56
271,248,627,JK007063,31,918,1176,151,48
271,846,1027,Shamela0004445,4314,32,204,116,82
271,899,1027,JK007082,360,1,124,89,89
271,818,1027,JK007082,692,1,233,136,71
271,788,1012,Shamela0021588,317,938,1182,153,75
271,772,1027,Shamela0003118,1655,901,1174,173,77
271,772,934,Shamela0035100,1541,342,520,107,70
272,30,409,Shamela0023789,299,252,592,175,52
272,744,1054,ShamAY0005375,192,671,1065,179,59
272,778,912,JK010637,159,209,342,99,97
272,778,912,Sham19Y0029676,813,82,214,98,96
272,87,459,Shamela0023790,245,1,364,246,82
272,778,912,Shamela0004473,5517,752,887,96,92
272,1278,1431,Shia002525,175,148,307,123,96
272,1061,1431,JK010666,134,693,1076,246,76
272,773,930,Shamela0008505,33,805,967,110,89
272,1061,1431,Shamela0008505,77,387,787,286,87
272,414,631,JK009288,902,1132,1376,170,86
272,1,291,Masaha002979Vols,159,1202,1441,172,76
272,793,940,Shamela0023775,1096,6,146,75,57
272,409,631,Masaha002964Vols,1361,131,385,163,79
273,84,1041,Shamela0006617,1197,167,1127,685,87
273,80,1041,Shia002185Vols,3521,674,1497,574,71
273,1066,1198,Shamela0010614,101,1,137,93,84
273,1203,1411,Shamela0008505,117,273,481,156,95
274,1217,1512,Shamela0000558,421,1106,1405,221,93
274,1,211,Shia002185Vols,3178,995,1249,149,72
274,895,1188,Shamela0021554,20,1108,1348,176,72
274,403,546,Shamela0036515,580,209,364,113,88
274,261,403,Shamela0023790,254,1163,1297,106,93
274,1222,1475,Shamela0026803,172,1197,1448,188,93
274,895,1188,ShamIbadiyya0000610,20,1114,1354,176,72
274,1,211,Shamela0008505,117,481,713,150,80
274,261,403,Shamela0008505,185,472,609,107,94
274,403,561,Shamela0008505,257,1199,1392,124,79
274,708,871,Shamela0008505,479,1164,1322,124,94
274,887,1108,Shamela0008505,570,1301,1527,166,88
274,1319,1507,Shamela0008505,615,1,202,148,92
274,703,823,JK001310,52,260,380,95,98
274,1222,1386,Shamela0010646,66,420,575,120,90
274,887,1183,Shamela0010646,954,209,537,229,83
274,1244,1386,JK009288,887,1112,1256,112,97
274,71,211,Shamela0004363,168,22,179,89,66
275,723,1465,Sham19Y0029676,915,94,795,526,83
275,301,592,Shamela0001585,171,1139,1469,182,64
275,306,609,Shamela0023735,3145,828,1123,188,72
275,311,609,Shamela0010646,861,409,749,223,83
276,1,450,Shamela0023789,918,1,441,339,89
276,902,1101,Shia002185Vols,3523,192,463,146,67
276,1,358,Shamela0010614,266,1173,1527,271,90
276,455,608,Shamela0010614,429,222,367,112,92
276,665,822,Shamela0010614,443,907,1064,124,100
276,1,319,ShamIbadiyya0000066,33,1291,1606,226,84
276,450,608,Shamela0021554,29,42,191,108,84
276,665,822,Shamela0012739,22,932,1072,96,77
276,450,608,ShamIbadiyya0000610,29,45,194,108,84
276,665,822,Shamela0000765,172,792,935,109,87
276,455,822,Shamela0010646,117,249,567,221,73
276,460,608,Shamela0008259,4,63,209,97,77
277,102,984,Shamela0023789,1137,43,1067,431,47
277,989,1169,Shamela0010614,443,907,1069,120,82
277,92,984,Shamela0000671,97,255,1270,407,44
277,97,452,Sham19Y0023644,3697,31,335,154,55
277,1034,1164,Kraken220413030759,1028,1123,1373,99,50
277,1169,1414,Shamela0009773,2154,721,979,183,85
277,993,1164,Shamela0012739,22,900,1072,104,76
277,1169,1479,Kraken22021606120800,445,88,404,227,85
277,97,631,Shamela0006656,59,1004,1460,192,39
277,978,1164,Shamela0010646,117,389,567,126,83
277,1169,1479,JK000919,381,387,699,234,88
278,1288,1519,Shamela0002449,97,33,254,174,93
278,1272,1512,ShamAY0032899,16,853,1048,122,61
278,1267,1485,Shamela0003722,1365,875,1133,128,56
278,1267,1497,JK001117,25,265,479,129,68
278,1267,1497,Sham19Y0018272,1117,266,483,135,66
278,1281,1512,Shamela0000956,1530,932,1178,129,61
278,1272,1512,Shamela0021660,2644,755,957,132,64
278,1320,1485,Masaha001955,27,284,526,113,58
278,1267,1485,JK000671,26,1032,1245,140,75
278,1267,1500,JK000786,3335,695,940,134,61
278,1272,1512,Masaha003492Vols,494,284,529,191,97
278,1276,1500,JK007049,183,1,267,147,67
278,1267,1512,Shia004092Vols,4405,1045,1268,139,65
278,1267,1485,Shia004092Vols,12392,131,388,128,56
278,1298,1512,Sham19Y0122096,1900,1,158,114,66
278,1288,1512,Shia003704,421,172,397,164,88
278,1272,1463,Sham19Y0014592,2491,1307,1520,149,86
278,1267,1497,Sham19Y0018147,624,211,410,132,73
278,1272,1512,Masaha003390Vols,167,965,1226,163,75
278,1293,1512,Shamela0023644,1558,1223,1426,146,83
278,1267,1512,Sham19Y0001734,2610,535,806,133,55
278,1267,1512,Shia001731Vols,32,1102,1323,138,64
278,1267,1512,Shia003699,207,195,446,157,71
278,1267,1500,Shia003732Vols,4847,649,925,144,64
278,1267,1512,Shamela0009096,69,284,541,166,73
278,1267,1485,Shia003989,10,296,569,127,52
278,1267,1512,Shamela0001733,4340,406,653,155,70
278,1288,1512,Masaha002880Vols,324,435,677,162,79
278,1267,1485,Masaha002880Vols,687,356,629,127,52
278,1267,1485,Shamela19Y0145334,1433,195,449,126,55
278,1267,1512,Shamela0021765,2451,816,1130,163,63
278,1373,1512,JK009408,2051,1,140,105,89
278,1267,1512,Rafed0002654Vols,4349,73,296,141,65
278,1267,1500,Rafed0002654Vols,9702,201,764,119,23
278,1267,1485,Rafed0002654Vols,9703,795,1114,128,46
278,1267,1485,Rafed0002654Vols,12751,1123,1438,125,45
278,1267,1485,Rafed0002654Vols,12753,51,307,128,56
278,1342,1519,Rafed0002654Vols,13856,1329,1502,141,97
278,1267,1512,Shamela0008237,41,229,463,146,65
278,1272,1512,JK000216,282,1251,1434,133,70
278,1288,1512,ShamAY0033856,62,1080,1303,151,74
278,1293,1463,Shamela0011406,853,1346,1507,109,78
279,143,381,Shamela0030623Vols,503,452,683,184,92
279,390,537,Sham19Y0127677,7366,576,717,109,93
279,143,381,Masaha003492Vols,376,891,1134,193,97
279,402,537,JK006801,371,1018,1162,103,87
279,143,381,Shia003895Vols,481,408,653,194,97
279,402,537,Sham19Y0037618,2453,516,660,103,87
280,208,417,Shamela0004126,13,1123,1335,152,92
280,82,718,Shamela0010646,2257,885,1516,341,51
281,260,641,ShamAY0007299,3880,1132,1487,256,81
281,647,853,ShamAY0007299,3881,1,196,145,87
281,853,1262,Shamela0004126,12,126,533,287,84
281,260,748,JK011633,386,937,1430,356,85
281,260,886,Shamela0003722,3754,4,636,453,86
281,260,503,Shamela0025794,5084,1182,1441,182,83
281,503,1124,Shamela0025794,5085,1,616,312,50
281,260,446,JK000916,24545,1267,1501,145,74
281,446,928,JK000916,24546,1,635,311,57
281,304,1010,Shamela0008648,68,1,851,328,43
281,260,503,Shamela0023700,2303,1201,1448,174,84
281,503,1119,Shamela0023700,2304,1,661,298,46
281,260,709,JK003609,6100,1162,1568,288,76
281,277,886,ShamAY0033705,16,297,840,320,61
281,260,886,Sham19Y0127677,20621,498,1136,458,87
281,260,1238,Shamela0010283,698,164,1174,682,79
281,371,720,Shamela0011816,661,1217,1557,251,87
281,17,155,Shia002702Vols,8449,842,1022,106,74
281,260,829,Shamela0009773,2543,242,864,370,68
281,17,155,Masaha002028Vols,580,459,706,86,42
281,268,928,Shamela0022547,682,311,974,438,75
281,260,913,Shamela0003118,7066,196,833,450,82
281,493,1068,Shamela0021715,10135,4,647,333,59
281,6,155,Shia001553,181,776,960,116,78
281,17,145,JK000533,377,1166,1280,75,73
281,260,886,JK000533,1059,329,917,375,68
281,277,1010,Shamela0035100,672,573,1300,333,43
281,260,1068,JK000778,990,402,1217,463,60
281,277,1068,ShamAY0034447,1134,340,1051,338,42
281,1,160,Shamela0008505,225,101,268,122,89
281,260,886,Sham19Y0148271,2376,781,1405,444,84
281,1,155,Shamela0010646,2004,875,1076,117,73
281,296,1238,Shamela0010646,2259,40,973,687,88
281,6,155,Masaha002979Vols,519,462,689,116,63
281,892,1225,Shamela0009100,97,673,979,227,84
281,277,1005,Shamela0010906,669,762,1409,308,41
281,277,481,JK009408,1081,1179,1393,159,88
281,481,886,JK009408,1082,1,356,258,79
281,268,1010,Shamela0009873,2090,236,1280,371,41
281,892,1238,Masaha002349,468,220,655,248,70
282,336,527,Sham19Y0017124,316,1165,1390,109,57
282,120,234,Shamela0023764BK5,40,186,307,75,75
282,120,562,Shamela0023789,454,382,800,144,30
282,18,234,JK010473,213,658,885,126,66
282,143,239,JK010552,905,1381,1477,65,81
282,51,239,JK009225,455,531,744,132,80
282,6,302,ShamAY0007299,2046,308,611,171,64
282,106,562,ShamAY0007299,3567,1,326,182,45
282,143,239,ShamAY0007299,3855,603,699,65,81
282,11,239,Shamela0000558,35,227,406,118,66
282,143,243,JK000911,364,138,239,65,77
282,11,562,Shia002185Vols,914,248,831,247,44
282,11,288,Shamela0005446,615,949,1361,192,57
282,11,562,Shamela0012929,172,716,998,194,42
282,132,243,Shamela0012929,355,586,698,73,79
282,440,562,Shamela0012929,776,162,452,92,40
282,71,234,Shamela0001687,5657,329,461,87,66
282,143,234,Shamela0001687,7892,1424,1515,64,83
282,11,562,Shamela0001687,8290,215,686,149,28
282,71,234,Shamela0028100,970,241,373,88,66
282,136,239,Shamela0010614,107,1255,1357,68,80
282,51,562,JK010637,39,606,982,217,49
282,6,239,Shamela0010548,817,556,791,174,89
282,136,243,Sham19Y0020762,439,194,307,69,74
282,143,234,Sham19Y0023644,3667,606,697,64,83
282,1,311,JK010646,65,839,1187,210,68
282,11,311,Shamela0023790,404,1013,1234,170,69
282,11,562,Masaha003492Vols,52,1074,1446,193,41
282,18,500,ShamAY0032088,113,652,967,191,50
282,132,234,Shamela0001686,1843,664,767,65,77
282,132,243,Shamela0010283,463,156,268,72,78
282,71,234,Masaha000955Vols,1000,1412,1544,88,66
282,71,249,Shia003965Vols,7957,88,282,94,52
282,6,403,Shamela0007012,374,960,1472,278,64
282,412,562,Shamela0007012,375,110,297,117,78
282,40,305,Sham19Y0018147,839,1078,1506,159,45
282,143,239,Shamela0028174,148,541,637,70,95
282,55,403,Shamela0006952,8,6,337,252,87
282,51,239,JK010081,432,1374,1548,125,85
282,143,262,Shamela0025837,244,1296,1401,73,72
282,136,243,Shamela0008505,84,655,763,70,85
282,436,562,Shamela0023735,3084,140,436,90,38
282,143,243,Shamela0026552,267,553,654,64,77
282,11,507,JK006900,244,133,481,210,54
282,1063,1177,Shamela0005797,564,52,178,82,82
282,6,239,Masaha003682Vols,977,1168,1437,179,84
282,71,239,Shamela0000761,838,371,519,87,64
282,1165,1335,Shamela0021765,1031,311,473,124,86
282,143,239,JK006907,184,328,426,64,79
282,136,239,Shamela0023775,355,585,688,72,92
282,11,188,Shamela0026349,5,1377,1571,139,90
282,11,288,JK006919,295,209,424,151,68
282,6,311,Shia004649Vols,1730,1092,1437,199,62
283,192,698,Shia002265Vols,2166,77,526,201,44
283,673,1151,Shia002265Vols,2168,757,1384,229,38
283,1170,1489,Shia002265Vols,2169,45,403,232,78
283,186,457,JK009390,5574,387,734,175,63
283,1041,1489,JK009390,6493,1,606,270,50
283,152,435,JK009390,7270,1148,1435,166,69
283,708,1489,Shia001782Vols,3379,436,1480,490,55
283,186,609,Shamela0004126,16,966,1356,177,48
283,580,1409,JK009242,284,501,1439,441,50
283,828,1151,Shamela0001687,1988,1298,1542,182,70
283,1004,1489,Shamela0001687,1989,1,475,259,51
283,828,1489,Shamela0002911,183,124,815,417,66
283,828,1489,Shia003923Vols,775,135,849,424,65
283,585,1397,Shamela0003722,1812,367,1447,395,37
283,246,457,JK000916,8984,814,1109,149,62
283,590,1244,Masaha001864Vols,524,765,1382,281,43
283,1189,1489,Masaha001864Vols,525,1,299,200,77
283,828,1151,Shamela0021809,700,1085,1408,201,73
283,1214,1489,Shamela0021809,701,6,401,200,61
283,246,614,JK000927,1368,487,849,174,44
283,708,1263,Shamela0023100,192,773,1434,276,42
283,1263,1489,Shamela0023100,193,1,249,163,80
283,828,1378,Shamela0023700,714,854,1507,315,55
283,828,1489,Shamela0009918,425,514,1119,321,49
283,828,1278,Sham19Y0023644,2383,1014,1474,259,67
283,1278,1489,Sham19Y0023644,2384,1,215,161,91
283,1170,1489,Sham19Y0127677,4616,177,532,230,78
283,152,737,Sham19Y0127677,5523,696,1232,202,33
283,1170,1489,Sham19Y0127677,7378,156,505,229,78
283,836,1378,Sham19Y0009800,204,857,1523,358,63
283,828,1414,Shamela0012406,1235,831,1458,386,74
283,828,1489,Shamela0001438,6562,254,1125,445,60
283,246,614,Shamela0001438,7595,539,976,168,39
283,246,457,MMS00013,1953,1007,1184,126,73
283,673,1122,Shamela0003118,407,927,1442,202,39
283,1004,1489,Shamela0003118,408,34,565,276,52
283,246,737,Shamela0003118,2957,22,376,168,35
283,246,614,JK000533,1182,956,1291,172,51
283,580,1489,Shamela0006952,3,20,1113,539,55
283,828,1489,Shamela0030790,23,389,1293,443,58
283,250,609,Kraken22021606121201,608,105,354,167,56
283,683,1489,Shia003732Vols,2944,1,1061,512,57
283,904,1489,Shamela0038160,26,1,745,394,62
283,828,1489,Sham19Y0013631,1057,220,807,374,65
283,1170,1489,Shamela0001733,918,119,474,232,79
283,55,299,Shamela0010646,2257,609,885,132,58
283,400,640,Shamela0010646,2258,282,552,142,62
283,828,1489,JK009408,738,515,1425,442,57
283,772,1255,Sham19Y0023625,1296,147,582,262,61
284,1,296,Shia002265Vols,2169,403,719,200,74
284,1,286,JK009390,6493,606,879,175,71
284,993,1231,Shia001782Vols,1260,376,694,161,65
284,1,263,Shia001782Vols,3380,1,288,175,70
284,591,1168,Shamela0004126,12,473,934,201,34
284,1,296,JK009242,285,96,382,175,66
284,1,249,Shamela0002911,183,815,1051,147,67
284,1,236,Shia003923Vols,775,849,1063,161,85
284,1,263,Shamela0003722,1813,88,353,184,80
284,277,642,Shamela0025794,4363,225,527,161,56
284,277,642,JK000916,17217,843,1142,161,56
284,993,1231,Masaha001864Vols,483,495,813,162,64
284,581,945,Sham19Y0147065,15,1132,1475,199,63
284,54,638,Sham19Y0017729,463,247,737,213,38
284,277,642,Shamela0021809,259,282,582,164,56
284,1,263,Shamela0021809,701,401,666,185,81
284,1,296,Shamela0023100,193,249,576,174,63
284,277,638,Zaydiyya0000142,2716,886,1408,210,49
284,277,638,Shamela0008176,7677,692,1082,207,64
284,370,468,Shamela0008176,7678,5,545,77,18
284,993,1314,Shamela0023700,605,373,714,166,50
284,1,296,Shamela0023700,715,102,403,203,79
284,277,638,Sham19Y0095660,1633,987,1392,208,62
284,347,638,Shia004020,323,918,1205,157,63
284,1,236,Sham19Y0023644,2384,215,388,102,52
284,920,1231,Sham19Y0018103,3918,14,412,160,47
284,993,1314,Sham19Y0127677,2943,406,746,158,47
284,1,263,Sham19Y0127677,4616,532,796,179,79
284,1,263,Sham19Y0127677,7378,505,792,175,70
284,347,638,Shamela0004289,974,40,368,183,69
284,1,236,Shamela0012406,1236,79,327,167,82
284,1,263,Shamela0001438,6562,1125,1389,183,81
284,263,638,Shamela0009790,481,724,1166,216,60
284,1008,1231,JK006897,413,1,267,150,65
284,277,638,Sham19Y0017903,923,154,530,200,64
284,993,1193,Sham19Y0013605,4667,274,472,128,75
284,277,638,Sham19Y0017063,1601,920,1309,208,65
284,277,666,Shamela0035100,832,45,301,154,51
284,993,1193,Shamela0021570,134,764,996,145,79
284,277,610,Shamela0008657,261,1151,1510,188,63
284,985,1193,ShamAY0035035,6265,1258,1441,103,54
284,1,296,Shia003732Vols,2944,1061,1403,178,58
284,993,1193,Shia003732Vols,3729,680,915,149,80
284,277,642,Sham19Y0148271,249,758,1056,162,55
284,277,638,Sham19Y0016976,1898,946,1335,208,65
284,989,1193,Shamela0002569,459,1160,1356,103,52
284,993,1216,JK006801,326,375,632,150,74
284,993,1314,JK007097,476,556,897,163,49
284,1,236,Sham19Y0013631,1057,807,1024,159,83
284,54,638,Sham19Y0014119,669,58,655,238,38
284,993,1144,Shamela0005756,14551,1302,1448,91,71
284,1,263,Shamela0001733,918,474,730,178,80
284,591,879,Shamela0010646,2259,935,1179,170,74
284,277,638,Sham19Y0017442,90,932,1317,208,65
284,277,666,Shamela0010906,771,471,727,154,51
284,993,1193,Shamela0021765,961,634,862,145,79
284,19,263,JK009408,739,1,220,157,76
284,125,221,Sham19Y0023625,1296,552,675,63,66
284,993,1314,JK000022,1024,119,480,164,51
284,277,638,Shamela0009873,906,837,1133,170,58
284,993,1193,Sham19Y0037618,2229,712,944,150,81
284,410,642,Shamela0011036,1484,1,197,108,53
285,682,904,Shamela0030623Vols,456,1027,1307,151,67
285,203,653,Shamela0012129,160,461,858,196,54
285,472,904,Shamela0004126,11,507,1206,244,43
285,1302,1440,Shamela0004126,20,1171,1311,92,82
285,1069,1299,Shamela0000558,313,1023,1296,144,60
285,1069,1299,Shia002185Vols,96,895,1125,159,82
285,1302,1421,Sham19Y0147065,19,871,987,89,95
285,1069,1299,JK000927,207,1096,1326,159,77
285,1063,1299,JK000927,4120,1033,1269,158,77
285,203,496,Shamela0010283,698,1198,1502,220,89
285,496,677,Shamela0010283,699,1,201,137,87
285,215,653,Shia001432Vols,7141,1121,1472,171,49
285,1063,1299,Shamela0004473,2904,739,976,158,75
285,203,465,JK001336,812,1254,1501,160,70
285,465,665,JK001336,813,1,198,130,80
285,312,883,JK000778,992,255,1205,246,32
285,941,1299,Shamela0010646,1300,1,366,268,87
285,203,503,Shamela0010646,2259,1190,1489,232,98
285,503,682,Shamela0010646,2260,1,168,120,84
285,1302,1440,Shamela0010646,2261,1291,1433,95,84
285,887,1278,Shamela0009100,110,447,931,265,64
285,215,689,Shia001349Vols,134,609,991,184,49
285,203,682,Masaha002349,469,88,559,278,67
286,545,1201,Shamela0004126,20,322,839,305,48
286,533,736,Sham19Y0147065,19,120,346,152,85
286,750,1123,Shamela0010512,125,25,302,188,62
286,755,900,Shamela0006952,9,1149,1298,113,95
286,550,1123,Shamela0010646,2260,899,1463,380,81
286,550,1123,Masaha002979Vols,250,1045,1454,259,54
286,258,479,Shamela0023775,915,48,573,149,36
287,739,996,Sham19Y0016599,105,241,481,174,82
287,992,1234,Shamela0004126,21,945,1182,186,96
287,1238,1375,JK003609,3801,506,622,85,79
287,1257,1375,JK000443,33,962,1069,77,82
287,735,992,Shamela0012406,1994,203,444,176,83
287,1017,1293,JK001336,521,208,400,130,59
287,735,996,Sham19Y0014538,97,77,317,178,84
287,595,1002,Sham19Y0037370,2,828,1217,222,57
287,1234,1410,Shamela0010646,706,911,1076,116,81
287,992,1234,Shamela0010646,2261,11,245,185,95
287,714,992,Shamela0010646,2262,6,279,208,92
287,735,992,Shamela0001000,573,921,1161,167,79
287,1234,1410,JK009288,365,224,407,137,94
287,735,996,JK009288,909,516,777,201,93
287,1234,1414,Masaha002979Vols,510,645,807,118,78
287,735,899,Shamela0000736,3409,1343,1494,113,85
287,1238,1382,Zaydiyya0000101,575,232,366,88,72
288,525,684,Shamela0005406,118,1165,1330,93,64
288,684,955,Shamela0009096,102,558,841,203,87
288,384,521,Shamela0010646,998,692,810,86,77
288,684,955,Shamela0010646,2261,703,980,211,94
288,625,879,Masaha002979Vols,313,1279,1512,140,70
289,1031,1418,Shamela0004126,21,1187,1473,206,65
289,1031,1418,Sham19Y0147065,18,622,922,208,66
289,664,830,Shamela0010646,998,586,893,119,49
289,1027,1201,Shamela0010646,2261,245,399,114,83
289,1201,1425,Shamela0010646,2261,980,1208,168,87
290,395,716,Shamela0006909,203,296,605,208,75
290,395,716,Shamela0004126,20,867,1167,204,75
290,408,708,Shamela0010646,2261,399,693,218,89
291,1150,1434,Shamela0004126,19,1122,1414,221,93
291,1150,1543,Shamela0010646,2260,252,666,307,93
292,1,248,Shamela0004126,20,97,338,172,83
292,1289,1402,Shamela0005448,253,632,784,88,72
292,1285,1397,Shamela0010646,809,486,601,88,94
292,805,1053,Shamela0010646,1568,673,907,145,76
292,6,248,Shamela0010646,2260,683,910,172,88
292,463,627,JK009288,56,764,960,116,70
293,965,1214,Shamela0010614,358,1199,1467,193,89
293,965,1239,Shamela0023790,316,541,810,178,70
293,965,1128,Shamela0005355,147,1356,1522,122,94
293,56,222,Masaha003390Vols,206,338,504,109,74
293,943,1281,Shamela0009096,196,984,1337,243,82
293,56,214,Shamela0010646,1568,1227,1383,120,96
293,680,1281,Shamela0010646,1579,38,755,375,61
293,969,1235,Shamela0001349,197,562,806,165,72
294,1185,1321,JK000940,109,611,753,103,92
294,451,706,JK000927,4361,664,987,165,64
294,1185,1321,Shamela0006896,43,1272,1420,108,91
294,778,1179,Shamela0010283,1681,1,354,264,81
294,273,451,Shamela0009773,1831,220,405,139,93
294,273,492,Shamela0010521,342,664,861,133,75
294,1179,1321,Shamela0010646,1574,493,626,81,64
294,273,451,Shamela0010646,1595,830,980,117,82
294,455,604,Shamela0010646,1614,347,851,110,28
294,1189,1321,Masaha002979Vols,150,1111,1244,105,99
294,1185,1354,Shamela0023775,915,212,368,110,84
294,1185,1321,ShamAY0034478,83,1342,1455,88,82
295,246,566,Shamela0023789,344,466,802,223,77
295,242,566,JK010552,554,815,1238,197,54
295,694,1033,ShamIbadiyya0000612,32,1113,1479,184,57
295,246,566,Shia002185Vols,3536,504,832,202,69
295,242,452,Shamela0003722,632,1169,1441,142,63
295,261,566,Shamela0010614,66,832,1176,232,84
295,566,1146,Shamela0010614,168,301,939,404,74
295,571,839,Shamela0023787,11,1260,1494,164,75
295,839,1184,Shamela0023787,12,1,321,158,46
295,246,566,Shamela0023790,83,259,588,219,75
295,566,961,Shamela0005448,253,779,1163,188,49
295,242,452,Shamela0003118,1236,1154,1420,141,62
295,1296,1437,Shamela0008505,113,495,649,86,67
295,246,566,Sham19Y0013666,19,378,754,202,62
295,1,242,Shamela0010646,1618,4,256,183,89
295,261,571,Shamela0001000,266,791,1083,212,83
295,246,566,Masaha002979Vols,257,195,458,197,78
295,626,1136,Kraken210630005153,5251,742,1229,343,80
295,242,452,Shamela0009099,219,1175,1441,136,62
295,1,237,JK006919,298,42,333,128,51
295,246,560,eScr20120309,77,1063,1324,184,71
296,357,595,JK000927,1068,825,1159,182,67
296,70,180,JK007082,323,20,139,82,89
296,845,980,Masaha003390Vols,209,1045,1183,92,82
296,595,778,Shamela0005502,52,669,861,129,79
296,595,766,Shamela0006952,19,1203,1345,110,81
296,578,782,JK000910,118,261,457,137,82
296,595,1254,Shamela0010646,1582,282,734,330,61
296,351,599,Shamela0010646,1590,1137,1395,187,88
296,972,1126,Shamela0001000,213,101,240,98,77
296,66,180,JK009288,708,496,615,82,89
296,984,1126,Shamela0001349,196,437,654,92,53
296,595,778,Shamela0006651,52,620,814,135,85
297,768,983,JK000916,16576,919,1128,141,77
297,979,1077,JK007054,331,169,271,71,85
297,1305,1449,JK010672,127,910,1059,108,92
297,972,1083,JK001412,133,279,428,88,74
297,768,972,Shamela0003118,4840,260,447,133,78
297,1083,1305,JK000910,120,204,439,154,74
297,555,1403,Shamela0010646,1582,726,1463,514,68
297,49,200,Shamela0001000,1847,560,722,112,87
297,1083,1329,JK009288,233,606,843,172,85
297,1301,1443,JK009288,264,1179,1315,102,90
297,360,555,JK009288,498,742,924,109,67
297,555,772,JK009288,523,329,517,143,82
297,768,972,JK009288,530,899,1132,150,77
297,1301,1449,Masaha002979Vols,541,417,563,106,91
297,1305,1449,Kraken220413202438,71,379,527,106,91
297,45,200,JK006919,165,342,498,107,78
297,966,1083,JK006919,184,441,561,90,95
298,1052,1225,Shia002185Vols,3537,1149,1325,114,79
298,118,434,Shamela0008176,50,1,297,211,80
298,118,430,Kraken220413030759,957,1063,1391,211,77
298,99,320,ShamAY0035781,73,1298,1453,111,61
298,122,430,ShamAY0034662,88,381,706,199,71
298,118,415,Shamela0010461BK1,8,286,504,156,66
298,648,821,Shamela0010646,1583,59,237,141,97
298,1052,1194,JK009288,736,1208,1352,111,96
298,1202,1325,JK009288,845,1,124,94,100
298,118,434,JK009288,1010,364,653,219,88
298,1048,1206,Masaha002979Vols,821,1150,1300,111,86
298,118,430,Shamela0009702,570,40,392,224,77
298,122,430,Shamela0000736,5609,1,341,218,76
299,676,871,Sham19Y0000259,279,566,764,152,93
299,69,370,Shamela0010512,120,153,444,208,81
299,69,370,ShamAY0038630,317,987,1218,158,62
299,676,887,Shamela0010646,1583,237,445,165,97
299,26,374,JK009288,48,355,704,250,85
299,481,676,JK009288,80,391,593,151,91
299,883,1060,JK009288,321,428,615,134,92
299,672,883,JK009288,577,593,826,161,86
299,75,374,Masaha002979Vols,242,358,671,228,87
299,485,676,JK006919,540,212,343,90,58
300,1099,1260,Sham19Y0023644,2222,675,809,81,59
300,275,499,Shamela0006952,8,488,681,151,83
300,1276,1410,Shamela0010646,1583,441,568,99,94
300,623,958,Shamela0010646,1618,484,941,245,66
301,583,676,Masaha001978Vols,265,1136,1238,59,74
301,1147,1477,Shamela0010283,1679,202,544,244,86
301,1147,1477,Shamela0022892,26,458,721,177,64
301,1147,1477,JK001336,184,276,545,172,60
301,487,676,Shamela0010508,29,892,1056,108,68
301,783,1122,Shamela0010646,670,18,326,233,84
301,1147,1477,Shamela0010646,1583,573,910,259,94
301,676,1134,Masaha002979Vols,225,294,670,269,72
301,1147,1477,Masaha002979Vols,641,458,705,169,62
301,722,1162,JK006919,138,691,1071,227,60
301,483,676,Shamela0009873,1031,957,1127,114,72
302,682,900,Shamela0023789,1655,1248,1488,157,81
302,452,605,Shamela0023790,302,825,980,111,85
302,682,1029,Shamela0023790,603,381,735,263,94
302,452,605,Shamela0010512,218,1233,1371,105,83
302,269,460,Shamela0010646,1618,937,1138,147,91
302,452,601,Masaha002979Vols,1058,617,743,96,78
303,447,619,Shamela0010614,67,77,315,127,68
303,598,751,Shamela0010614,167,1259,1445,95,63
303,755,961,Shamela0010614,205,49,276,160,86
303,961,1070,Shamela0010614,460,1408,1518,85,99
303,1070,1228,Shamela0010614,461,1,158,123,98
303,961,1235,Shamela0036515,1420,1061,1359,164,61
303,594,751,Shamela0023790,205,929,1079,101,79
303,961,1096,Shamela0009773,1912,1351,1510,100,80
303,594,751,JK007082,421,1294,1447,104,82
303,755,917,JK009364,50,1314,1448,108,82
303,594,751,Shamela0010646,289,338,492,117,96
303,961,1122,Shamela0010646,1572,1322,1487,122,91
303,1122,1228,Shamela0010646,1573,1,106,78,93
303,755,1014,Shamela0010646,1583,1005,1265,175,83
304,60,275,Shamela0023789,902,941,1103,73,42
304,576,737,Sham19Y0073350,546,1208,1399,120,74
304,1230,1374,Shamela0001399,1,1423,1565,110,95
304,1230,1378,Shamela0010646,1584,7,155,115,97
304,1230,1388,JK006919,472,982,1141,115,88
304,561,737,JK006919,873,124,329,124,71
305,208,358,Shamela0026894,8,506,666,107,83
305,208,369,Shamela0013048,400,264,440,113,83
305,212,354,Sham19Y0096918,183,263,411,102,89
305,1,212,Sham19Y0036072,39,104,322,135,70
305,560,763,Shamela0010646,2283,779,1138,154,52
305,208,354,Masaha002979Vols,252,1193,1320,92,80
305,1,208,JK006919,282,491,693,132,73
306,1018,1182,Shia004039,28,1,179,132,91
306,1009,1182,Zaydiyya0000142,2073,1052,1310,131,62
306,1009,1182,Shia001432Vols,36483,593,838,130,65
306,1013,1182,Shia003636Vols,9409,1003,1254,128,62
306,1009,1190,Shia004014Vols,161,464,719,131,64
306,1013,1182,Rafed0001406,55,466,649,135,90
306,772,1026,JK006919,307,1060,1401,172,64
306,1013,1195,JK006919,769,1056,1329,132,60
306,1186,1349,JK006919,968,896,1046,99,68
307,415,608,Sham19Y0000259,309,97,308,119,70
307,623,790,ShamAY0034059,276,448,609,114,82
307,415,790,Shamela0010512,122,1100,1437,230,75
307,1048,1487,Shamela0010646,1584,525,900,290,81
307,415,528,Shamela0010646,1618,1300,1413,89,98
307,1,159,Shamela0010646,2283,1138,1315,121,82
307,1053,1487,JK009288,27,526,879,278,79
307,256,433,JK009288,490,721,891,126,84
307,415,617,JK009288,497,823,1029,156,95
307,623,790,JK009288,503,433,595,118,85
307,415,790,Masaha002979Vols,246,359,935,249,52
308,657,840,JK009283,81,1039,1153,77,55
308,649,882,Shamela0010646,1584,334,558,160,88
308,1,97,JK009288,27,879,983,73,92
309,976,1213,Shamela0023789,147,149,379,171,87
309,976,1218,Shamela0023789,445,166,415,165,78
309,359,871,JK000916,2865,520,1040,311,68
309,362,851,Shamela0023790,247,69,490,277,67
309,871,976,Shamela0023790,515,522,636,82,92
309,976,1150,Shamela0023790,592,1355,1523,131,93
309,976,1213,Shamela0005406,60,242,458,150,78
309,359,871,Shamela0012406,2080,32,557,305,66
309,359,871,Shamela0003118,1107,715,1235,311,68
309,362,866,Shamela0010646,881,1,524,387,91
309,338,866,Masaha002979Vols,328,583,1124,357,77
309,359,809,Shamela0000736,3900,1078,1516,273,70
309,976,1218,Masaha002349,214,1132,1374,164,79
310,1173,1389,Shamela0010646,861,773,995,166,93
310,15,164,Shamela0010646,1584,1284,1445,113,89
310,770,915,JK009288,751,946,1107,97,76
310,1156,1393,JK009288,754,813,1058,172,87
310,915,1028,Masaha002979Vols,431,1159,1270,88,96
311,1146,1436,JK010473,207,818,1143,211,80
311,447,718,Shamela0000558,181,894,1162,201,91
311,476,656,Shia002185Vols,2484,1342,1521,139,96
311,1,201,Shamela0010614,261,1125,1314,129,76
311,1,201,Shamela0010614,513,741,930,130,76
311,436,743,JK000916,18329,1162,1444,182,69
311,451,739,Shamela0023790,127,508,800,225,96
311,476,746,Shamela0009773,2840,512,797,169,66
311,447,739,JK009283,1,647,970,228,88
311,1146,1458,Shamela0008505,99,36,382,231,82
311,1,197,Shamela0010646,289,833,1029,152,98
311,197,447,Shamela0010646,1578,500,753,200,96
311,1,201,JK009288,805,311,495,143,91
311,97,443,Masaha002349,400,174,507,189,66
312,1,124,Shamela0023790,205,630,740,68,65
312,193,433,Shia003932Vols,754,1008,1256,166,77
312,143,433,Sham19Y0014579,2270,811,1102,197,80
312,9,124,Shamela0008505,99,403,532,91,89
312,193,433,Shamela0008505,130,959,1223,189,89
312,9,143,Shamela0010646,1563,177,341,98,75
312,579,1270,Shamela0010646,1578,749,1294,373,63
312,579,690,JK009288,490,211,339,80,75
312,129,427,JK010766,511,813,1329,222,54
312,9,124,JK001477,31,330,469,88,80
313,294,666,Shamela0023789,287,56,297,119,39
313,294,662,Shamela0023789,830,73,408,195,61
313,112,290,Shamela0023789,837,1,189,124,76
313,268,609,JK010552,635,57,358,197,68
313,275,662,Shamela0010614,200,1024,1427,290,87
313,82,298,Shamela0010614,295,96,349,153,73
313,82,294,JK000916,22256,980,1252,152,69
313,268,609,JK000916,25829,228,522,193,66
313,315,662,JK010583,7,127,839,242,41
313,82,329,Shamela0003118,6380,219,506,162,72
313,298,640,Shamela0008505,300,817,1239,198,52
313,294,640,Shamela0010646,1563,828,1244,203,55
313,662,975,Shamela0010646,1578,1286,1582,223,87
313,294,640,Masaha002979Vols,241,721,1134,186,50
313,298,582,Shamela0001349,198,1200,1481,197,79
314,1047,1271,Shamela0023789,1591,186,437,152,72
314,1047,1271,Shamela0006945,62,803,1059,155,72
314,1038,1243,Shamela0009229,245,36,280,154,79
314,992,1195,Shamela0021563,57,874,1132,123,53
314,992,1243,JK000927,1962,675,978,181,73
314,1271,1482,JK009288,708,1212,1408,141,82
315,425,684,Shamela0009773,1174,309,567,179,81
315,495,684,Shamela0010646,1569,1,190,148,100
315,425,684,Kraken210630005153,8036,599,845,171,78
316,230,507,Shamela0010646,260,1278,1521,146,63
316,507,717,Shamela0010646,261,1,215,160,89
317,54,802,Shamela0010646,1616,115,486,241,39
317,1056,1196,JK009288,839,1111,1250,110,97
318,426,588,Shia002185Vols,3791,32,189,98,70
318,426,588,Shamela0023790,311,844,1002,109,82
318,256,426,Shamela0010798,2325,708,897,103,66
318,426,588,Shia001553,287,1178,1335,98,70
318,841,1110,Shamela0010646,1611,153,425,211,93
318,861,1101,Shamela0001000,1919,264,500,164,80
319,1,362,Shamela0010646,2284,1092,1452,287,99
319,60,184,JK006919,777,165,278,73,67
320,380,523,Shamela0010646,1616,478,618,107,94
320,757,905,Shamela0000589,80,768,908,103,88
321,782,1014,Shamela0023790,224,650,859,142,71
321,1014,1388,Shamela0010646,1616,618,1017,291,91
321,188,384,JK009288,109,588,781,125,78
322,1280,1389,JK009288,498,654,764,85,99
323,529,635,Shamela0005406,42,133,251,73,77
323,639,879,Shamela0010512,30,743,930,128,65
323,154,354,JK009288,388,1293,1493,155,92
323,957,1258,JK006919,838,1055,1240,108,47
323,195,386,Shamela0021475,44,1,186,136,86
324,1230,1477,Shamela0010614,517,266,621,132,44
324,1,212,Shamela0010283,712,198,402,128,73
324,1,216,JK000910,134,599,793,143,83
324,1089,1226,Shamela0010646,1616,1105,1250,110,93
324,829,1013,Shamela0010646,1907,1333,1517,146,100
324,1,212,Shamela0010646,2295,717,911,149,88
325,508,1223,Shamela0010283,706,705,1469,475,71
325,1174,1424,Shamela0010283,707,1,199,121,60
325,145,1455,Shamela0010646,1617,81,982,620,57
326,294,712,Shamela0023789,1612,58,425,229,64
326,290,481,JK000916,20858,1277,1486,130,74
326,481,940,JK000916,20859,1,467,273,69
326,294,712,Shamela0005406,131,144,535,231,63
326,960,1487,Shamela0010283,707,325,876,375,82
326,305,940,Shamela0035100,2805,655,1213,358,69
326,294,985,JK010344,976,609,1276,376,61
327,1,1008,Shamela0010283,707,876,1480,367,43
327,1008,1303,Shamela0010283,708,1,310,196,75
327,65,300,JK001336,828,1,233,174,92
327,97,889,Shamela0010646,1617,933,1322,282,45
328,594,1290,Shamela0023789,1613,6,797,474,72
328,617,1290,Sham19Y0023644,4444,38,399,197,36
328,508,1290,Shamela0005406,133,606,1447,454,62
328,1302,1519,Shamela0010646,2312,95,293,131,75
329,1101,1219,Shamela0010614,256,796,918,83,81
329,485,659,Shamela0010646,2312,256,430,126,91
329,1093,1215,Shamela0010646,2315,437,559,91,95
330,1215,1356,Shamela0023775,742,827,966,91,83
331,627,750,Shamela0010512,30,444,566,97,98
331,1348,1502,Shamela0010646,2283,523,667,106,86
331,502,746,Shamela0010646,2298,518,763,197,99
331,623,746,JK009288,438,286,407,92,93
331,834,1065,JK009288,467,248,493,171,87
331,1348,1529,JK009288,708,215,479,135,65
331,9,288,Shamela0023775,854,1115,1404,219,90
332,1241,1486,Shamela0023790,212,599,721,55,24
332,879,1043,Shamela0010646,2316,1077,1221,101,73
332,879,1047,JK009288,328,131,309,126,85
332,670,790,JK009288,566,646,766,94,93
332,884,1047,JK009288,709,663,806,103,74
332,160,524,JK009288,892,718,1084,272,90
333,828,1074,Shamela0011068,86,282,535,165,80
333,174,430,Shamela0010646,479,824,1085,186,88
333,1349,1487,Shamela0010646,2283,641,779,95,86
334,1155,1556,JK000927,145,1,658,307,57
334,1091,1556,Shamela0010646,2038,670,1208,347,79
335,1,164,Shamela0010646,2038,1208,1361,114,88
336,672,943,Masaha001978Vols,335,319,618,186,78
336,630,943,Shia001432Vols,16384,1147,1437,209,82
336,618,926,Shia001237Vols,3513,1311,1601,206,81
336,721,943,Shia001349Vols,1002,1,201,146,81
336,630,943,JK006919,507,1049,1318,185,72
337,627,850,Shamela0000651,2,1,242,130,64
337,611,850,JK007001,144,693,968,143,57
337,1318,1505,Shamela0000678,112,650,828,139,91
337,1334,1505,Shamela0009091,444,252,444,135,86
337,1322,1505,Masaha003390Vols,357,548,734,145,95
337,1318,1505,Shamela0010646,2070,512,697,148,98
337,1318,1500,JK009288,549,878,1057,142,97
337,960,1195,Masaha002979Vols,565,515,647,100,54
338,1392,1523,Shamela0023790,645,1204,1389,99,68
338,1,160,Masaha003390Vols,357,734,893,120,94
338,1088,1392,Shamela0010646,1990,1015,1283,191,73
338,1,370,Shamela0010646,2070,697,1025,252,83
339,33,260,Shamela0023790,649,344,811,155,39
339,395,589,Shamela0023790,653,748,950,150,88
339,720,1578,Shamela0010646,2070,1073,1481,315,44
340,360,598,Shamela0005406,115,981,1213,151,75
340,357,598,Shamela0010646,1908,74,306,181,94
340,1330,1486,Shamela0010646,2062,1238,1395,118,91
340,1083,1243,Shamela0010646,2065,382,541,119,92
340,42,689,Shamela0010646,2071,1,262,183,35
341,703,1314,Shamela0010646,2062,957,1203,183,37
341,353,699,Shamela0010646,2065,531,673,108,39
341,1033,1226,Shamela0010646,2071,543,740,159,97
341,25,518,Shamela0010646,2081,807,995,141,35
341,1414,1519,Shamela0010646,2302,236,341,84,100
342,592,1073,Shamela0006896,266,121,604,259,58
342,1073,1353,Shamela0010646,2081,975,1242,198,89
342,203,428,JK009288,310,1,238,165,89
342,620,969,ShamAY0034478,55,70,357,193,66
343,1197,1431,Shamela0010283,669,351,521,113,56
343,667,1236,JK010583,32,14,469,257,53
343,15,320,Shamela0005880,106,64,521,144,37
343,779,1197,Shamela0005880,107,77,563,183,42
343,1197,1431,Shamela0010646,2063,1036,1206,114,57
344,842,1199,Shia002185Vols,3897,914,1289,235,75
344,171,359,Shamela0010283,667,1162,1327,127,84
344,1,188,Shamela0010283,669,521,710,138,90
344,1199,1425,Shamela0009773,1431,924,1141,154,83
344,1199,1425,Sham19Y0014538,86,241,471,129,67
344,359,785,Shamela0008505,353,783,1238,250,56
344,366,778,Shamela0010646,1348,116,551,303,83
344,1022,1199,Shamela0010646,2060,708,1162,136,38
344,215,359,Shamela0010646,2060,507,652,114,97
344,1,188,Shamela0010646,2063,1206,1394,141,93
345,970,1508,Shia002185Vols,3899,607,1052,272,56
345,10,275,Shamela0012848,148,1010,1302,150,61
345,605,959,Shamela0010646,2061,37,266,149,53
346,372,599,Shia002185Vols,3899,385,596,150,77
346,832,1443,Shia002185Vols,3900,18,565,342,68
346,372,605,Shamela0010283,668,81,281,149,78
346,372,571,Shamela0009773,3643,982,1237,154,72
346,372,605,Shamela0010646,2060,1175,1408,187,100
347,875,1030,Shia002185Vols,3900,1071,1239,95,68
347,1363,1516,Shamela0005428,48,527,698,110,78
347,1034,1358,Shamela0005428,57,560,838,164,60
347,1020,1185,Shamela0010283,653,1350,1502,112,86
347,1185,1363,Shamela0010283,654,1,178,140,98
347,875,1030,Shamela0010283,670,571,732,125,96
347,926,1030,Shamela0010646,2065,1,105,83,100
347,1363,1524,Shamela0010646,2071,740,908,124,92
347,1363,1516,Masaha002964Vols,1501,1293,1461,110,79
348,703,1167,JK007062,70,840,1479,210,38
348,25,394,Shamela0005428,48,702,1041,245,84
348,11,399,Shamela0010283,653,974,1370,303,97
348,11,394,Shamela0010646,2071,914,1211,232,75
348,696,1167,ShamAY0033677,4,89,702,210,39
348,204,373,Masaha002964Vols,1502,1,139,84,64
349,176,392,Shamela0005428,20,781,1014,132,64
349,464,954,Shamela0010283,2038,200,910,301,50
349,547,954,Shamela0006952,36,1,411,230,57
349,464,954,JK000910,80,320,975,297,51
349,1289,1504,Shamela0010646,1908,302,513,160,94
349,171,397,Shamela0010646,2068,392,648,132,58
349,464,936,Shamela0023775,329,712,1391,294,51
350,394,533,Shamela0010283,653,1,152,104,85
350,166,485,Shamela0010646,2067,1226,1555,201,71
350,628,971,Shamela0010646,2071,1211,1490,214,79
350,971,1180,Shamela0010646,2072,1,208,161,95
350,1194,1496,Shamela0010646,2082,994,1402,229,66
351,1,165,Shamela0010646,2082,1402,1610,134,75
351,165,1498,Shamela0010646,2083,6,1554,1021,77
352,1052,1244,Sham19Y0023618,691,1223,1432,157,90
352,1046,1244,Shamela0009883,43,79,294,158,88
352,1046,1244,Shamela0023614,326,1370,1586,157,88
352,1052,1244,Shamela0023623,1258,1100,1309,157,90
352,1052,1244,Shamela0023591,3091,803,1012,157,90
352,1046,1244,ShamIbadiyya0000100,21,401,637,157,80
352,1052,1244,JK007018,206,234,444,156,90
352,1052,1244,Shamela0021821,588,453,662,157,90
352,1046,1244,Rafed0003257Vols,2278,180,404,158,85
352,470,607,Rafed0002905Vols,1460,1117,1283,68,40
352,1052,1244,Noorlib0023925,163,530,739,157,90
352,1011,1244,Shia001432Vols,21979,371,604,172,83
352,1052,1244,Shamela0022371,168,216,485,157,70
352,419,607,Tanzil001,11,105,531,150,44
352,1046,1244,Tanzil001,63,844,1060,157,88
352,1052,1244,Shamela0095590,1565,739,948,157,90
352,1046,1244,Shia002406Vols,2868,906,1122,157,88
352,1052,1244,JK009396,451,225,434,157,90
352,1052,1244,Shamela0008473,1867,707,916,157,90
352,1046,1244,Shamela0029743,301,1252,1468,157,88
352,1052,1244,Shamela0023594,592,221,430,157,90
352,1052,1244,Sham19Y0023608,1272,140,349,157,90
352,1052,1244,Sham19Y0023590,2047,211,420,157,90
352,1052,1244,Shamela0023578,1169,1074,1283,156,89
352,1052,1244,Rafed0001792Vols,1893,234,443,157,90
353,652,796,JK000083,151,662,875,82,48
353,524,700,Tafsir07055,850,43,333,106,45
353,524,684,JK010001,790,1344,1618,93,41
353,524,700,Shamela0013035,101,1106,1288,102,69
353,524,727,Shia001171,486,947,1228,121,54
356,410,1052,Zaydiyya0000013,111,151,659,266,49
356,380,1052,Shamela0003118,6711,589,1372,279,38
356,1052,1361,Shamela0010646,287,1279,1500,159,63
356,1361,1545,Shamela0010646,288,1,181,142,96
356,399,633,JK009288,7,1233,1483,187,93
356,636,1052,JK009288,8,1,421,316,93
356,1052,1177,JK009288,910,635,760,102,100
356,456,935,Shamela0010906,1555,504,1057,201,38
356,373,1052,JK000022,3318,515,1254,252,36
357,159,421,Shia002185Vols,1806,1286,1514,162,77
357,421,886,Shia002185Vols,1807,1,459,286,69
357,114,686,Shamela0010646,1567,923,1503,429,91
357,686,882,Shamela0010646,1568,1,215,144,83
357,962,1084,JK009288,197,1387,1517,91,83
357,128,872,JK009288,308,543,1301,549,87
357,962,1084,JK009288,417,239,368,99,94
358,997,1430,Shamela0006617,1007,1030,1477,218,51
358,1015,1465,JK000911,1171,427,827,254,66
358,993,1389,Shamela0009783BK1,2257,614,1336,239,41
358,1268,1455,Shamela0009783BK1,2258,304,499,126,76
358,688,910,Sham19Y0036111,158,475,707,171,92
358,1011,1248,Shamela0012396,345,579,832,153,72
358,688,910,MMS00034,157,1097,1329,171,92
358,1002,1430,Shamela0010646,228,1021,1454,319,88
358,1109,1455,Shamela0012320,1377,1189,1522,217,72
358,993,1248,Sham19Y0145435,2552,220,499,192,85
359,314,561,Shamela0023789,870,1032,1310,152,61
359,745,1062,Shamela0006945,7,233,506,135,53
359,1128,1281,Shamela0012286,2260,853,983,101,79
359,1132,1302,Shamela0008505,191,663,841,128,87
359,132,286,Shamela0010646,348,677,805,86,69
359,309,573,Shamela0010646,1361,500,774,199,90
359,291,561,JK009288,92,592,879,205,89
359,132,286,JK009288,845,1039,1177,94,75
359,291,561,Shamela0009100,48,971,1255,199,88
360,283,471,Shamela0006617,909,177,367,121,77
360,485,1173,Shamela0023789,874,829,1536,539,94
360,1173,1541,Shamela0023789,875,1,377,291,93
360,485,1030,Shia002185Vols,368,980,1547,412,86
360,1030,1550,Shia002185Vols,369,1,530,402,92
360,283,471,Shia002185Vols,1459,1160,1278,93,62
360,283,471,Shamela0010614,100,352,534,145,96
360,485,1547,Shamela0010614,234,277,1382,828,91
360,476,1550,Shamela0023790,427,117,1220,841,93
360,310,471,Rafed0000212,17,543,700,111,86
360,485,1273,Shia001432Vols,13289,734,1569,601,87
360,1273,1550,Shia001432Vols,13290,1,281,218,93
360,485,844,Shia001432Vols,26266,1186,1565,268,83
360,844,1547,Shia001432Vols,26267,1,722,537,90
360,485,1042,Shia20200618,20,921,1498,426,89
360,1042,1550,Shia20200618,21,1,518,391,91
360,485,811,Shia001107Vols,63,1042,1380,243,85
360,811,1251,Shia001107Vols,64,634,1087,342,93
360,1246,1550,Shia001107Vols,65,476,784,232,89
360,283,471,Sham19Y0018147,806,330,509,105,63
360,318,471,Shamela0001043,451,992,1139,117,96
360,485,1459,Shia002525,174,548,1537,751,92
360,485,1550,Shia003702,87,186,1291,814,88
360,318,471,JK010344,597,10,157,115,94
360,485,996,Rafed0001617Vols,21,963,1488,389,89
360,996,1547,Rafed0001617Vols,22,1,562,428,92
360,1182,1429,Zaydiyya0000401,55,799,1049,192,92
361,142,994,Zaydiyya0000474,181,279,1179,537,68
361,1217,1449,Shamela0023789,680,1,212,151,74
361,430,986,Shamela0023789,1198,10,614,264,50
361,552,768,JK010552,599,348,658,126,50
361,338,994,Shia002185Vols,3294,46,674,424,75
361,552,768,Shia002185Vols,3413,881,1191,116,46
361,147,266,Shamela0010614,345,1298,1449,83,66
361,266,1007,Shamela0010614,346,1,795,530,82
361,552,768,JK000916,7073,196,506,126,50
361,142,636,Shia001269,252,727,1341,336,66
361,151,967,Sham19Y0023644,2653,706,1394,312,42
361,147,994,Shamela0009773,779,505,1138,403,56
361,83,503,Shia001432Vols,16483,1042,1504,244,61
361,503,847,Shia001432Vols,16484,1,381,247,80
361,161,402,Shia003636Vols,1744,687,938,137,66
361,552,768,Shia003636Vols,10961,682,992,116,46
361,552,768,Shamela0003118,2397,1115,1425,125,48
361,199,768,Shamela0001000,1866,58,809,406,66
361,600,715,Shamela0001000,1867,1246,1431,70,47
361,1120,1449,JK009288,227,369,690,216,73
362,207,512,JK010552,587,545,849,182,68
362,202,507,Sham19Y0023644,1992,1024,1305,172,64
362,207,512,Shamela0003118,3911,423,727,183,69
362,202,512,Shamela0010646,215,991,1304,246,94
362,202,512,JK010605,152,963,1282,207,78
362,212,507,JK009288,721,1119,1432,148,45
363,81,354,Shamela0023789,870,973,1310,177,63
363,104,354,Shamela0010646,1361,505,763,197,94
363,104,354,JK009288,92,615,879,189,88
363,104,354,Shamela0009100,48,997,1255,190,90
364,936,1514,Zaydiyya0000013,344,947,1475,410,86
364,7,269,Shamela0023789,870,1015,1310,168,68
364,994,1412,Shamela0023789,1051,1132,1562,255,61
364,931,1256,Shia002185Vols,546,1167,1485,227,85
364,1256,1528,Shia002185Vols,547,1,269,210,95
364,994,1279,Shia003729Vols,142,1249,1495,185,80
364,994,1431,Zaydiyya0000142,3775,961,1521,337,73
364,954,1473,JK001030,100,272,884,308,52
364,980,1514,Rafed0000401,374,915,1475,417,92
364,1028,1528,Shia001432Vols,12566,461,940,382,94
364,931,1514,Shia001432Vols,12786,861,1455,193,30
364,991,1178,Shia003636Vols,1421,1321,1508,151,100
364,1178,1524,Shia003636Vols,1422,1,329,257,92
364,472,765,Shamela0010496,127,962,1290,176,66
364,1279,1514,Shia003675Vols,464,300,557,129,53
364,980,1524,Shamela0008505,163,381,952,423,92
364,1117,1289,Shamela0037063,93,1224,1421,120,74
364,472,770,JK001310,41,326,584,163,67
364,19,269,Shamela0010646,1361,505,763,197,94
364,19,269,JK009288,92,615,879,189,88
364,19,269,Shamela0009100,48,997,1255,190,90
364,275,468,Shamela0009100,98,407,581,138,88
364,1008,1514,Rafed0000609Vols,237,759,1234,261,53
365,1229,1437,Shamela0006617,916,883,1077,125,72
365,128,784,Zaydiyya0000013,345,5,637,501,94
365,106,784,Shamela0023789,1052,162,1050,374,47
365,211,524,Rafed0000040Vols,1223,12,323,249,99
365,1,991,Shia002185Vols,547,269,1409,755,81
365,88,387,Shia003729Vols,143,228,540,210,80
365,115,337,Masaha001954,80,683,884,135,74
365,1284,1527,Zaydiyya0000142,504,1,337,170,62
365,211,387,Zaydiyya0000142,3208,761,927,128,89
365,88,784,Zaydiyya0000142,3602,789,1034,154,27
365,398,683,Zaydiyya0000142,3756,682,860,83,38
365,378,524,Zaydiyya0000142,3757,201,336,97,84
365,220,602,Zaydiyya0000142,3776,1,494,188,43
365,106,461,JK001030,100,956,1556,260,53
365,461,784,JK001030,101,1,366,169,50
365,115,418,Rafed0000401,31,949,1493,226,50
365,418,991,Rafed0000401,32,1,518,263,48
365,622,942,Rafed0000401,375,824,1135,189,66
365,88,333,Sham19Y0023644,2178,302,572,155,66
365,81,387,Shia001432Vols,12555,985,1302,222,83
365,383,784,Shia001432Vols,12556,45,518,241,58
365,88,642,Shia001432Vols,12787,5,630,295,57
365,88,791,Shia003636Vols,1422,735,1469,496,80
365,31,791,Shia003675Vols,464,702,1529,425,63
365,88,866,Shamela0008505,165,652,1542,613,84
365,1011,1229,Shamela0008505,258,185,399,161,91
365,1229,1530,Shamela0008505,262,69,381,230,90
365,191,387,Shamela0037063,93,1354,1535,142,89
365,1233,1523,JK010344,637,1135,1451,185,71
365,1224,1523,Zaydiyya0000017,30,82,366,174,69
365,88,333,Shia003697,145,1133,1387,161,71
366,1054,1308,Shamela0023789,1079,700,944,183,91
366,416,1054,ShamAY0033793,125,147,808,399,66
366,1,214,Shamela0010614,248,828,1004,95,51
366,1066,1326,Shamela0006896,307,1297,1591,161,66
366,1025,1230,Sham19Y0036072,235,1273,1493,135,66
366,267,624,ShamAY0000443,5617,1110,1471,253,83
366,624,1054,ShamAY0000443,5618,1,517,326,76
366,1,199,Shamela0009773,771,1332,1509,91,53
366,1,214,Shamela0008505,262,381,593,168,98
366,267,426,Shamela0008505,331,1294,1454,116,86
366,416,1054,Shamela0008505,332,12,743,481,79
366,1025,1326,Shamela0008505,357,967,1282,222,89
366,267,430,Shamela0037063,877,631,805,122,89
366,419,1054,Masaha002979Vols,520,369,882,332,59
367,529,1175,Shamela0010614,555,679,896,122,22
367,290,474,Shia003965Vols,6021,1202,1409,139,81
367,290,474,Shamela0007012,79,864,1048,142,97
367,479,728,Shamela0007012,376,1239,1491,191,94
367,728,1188,Shamela0007012,377,1,471,363,97
368,268,624,Shamela0023789,1077,422,812,250,76
368,771,1091,Shamela0023789,1097,1,335,204,71
368,1,268,Shamela0010614,283,909,1171,193,86
368,268,645,Shamela0010614,491,395,778,284,91
368,338,612,JK000916,23332,1067,1404,157,54
368,771,1137,Sham19Y0020762,420,44,592,146,27
368,268,624,Sham19Y0023644,2810,689,1024,202,61
368,272,442,Shamela0023790,40,1344,1509,135,96
368,442,612,Shamela0023790,41,1,171,134,99
368,771,1137,Shamela0023790,181,544,967,272,77
368,268,612,Shamela0009773,1248,774,1085,226,80
368,338,612,Shamela0004445,3858,393,729,157,54
368,268,612,Shamela0001585,187,1192,1529,261,92
368,338,624,EShia0086596,150,7,373,176,60
368,338,603,Shia001278Vols,353,584,879,170,73
368,279,603,Shamela0004473,12682,1157,1508,229,80
368,338,612,Shamela0003118,6688,1101,1436,161,56
368,338,612,Shamela0013041,730,337,643,144,51
368,1,272,Shamela0010646,228,752,1021,209,97
368,268,612,Shamela0010646,1572,976,1318,273,98
368,268,530,JK009288,902,1376,1593,160,72
368,796,991,Shamela0001349,339,1276,1468,142,91
368,771,1091,MMS00001,411,375,732,222,72
368,459,603,Shia001626Vols,207,1,151,101,84
369,624,1531,Shia002185Vols,233,11,899,581,70
369,574,1531,Shamela0012929,593,445,1377,664,82
369,902,1282,Sham19Y0029560,314,1179,1490,191,58
369,1282,1531,Sham19Y0029560,315,1,241,152,69
369,582,1457,JK000916,6016,386,1160,304,33
369,582,1418,JK000916,12708,631,1484,461,59
369,194,599,Sham19Y0029676,885,488,888,303,90
369,582,1477,JK000927,3742,499,1448,535,65
369,1001,1531,JK003609,3289,1,526,385,86
369,582,1356,Sham19Y0023644,3424,59,584,269,41
369,579,922,Shamela0023787,108,1232,1536,221,81
369,922,1531,Shamela0023787,109,1,602,453,90
369,934,1531,Shamela0004445,4224,795,1400,333,61
369,824,1531,Shamela0009091,148,453,1143,426,68
369,582,1477,Shamela0003118,3832,5,918,489,59
369,582,1378,Shamela0009788,894,453,1210,431,61
369,938,1440,Shamela0001043,671,354,803,227,52
369,579,1531,Shamela0008505,168,71,1207,595,56
369,791,1426,Kraken22021606121201,1408,27,722,373,62
369,205,591,Shamela0010646,1393,667,1064,293,87
369,814,1531,Shamela0001000,460,817,1537,518,85
369,194,574,JK009288,906,128,515,307,96
369,591,1351,Shamela0009429,123,211,693,322,53
369,915,1531,Masaha002979Vols,240,320,851,340,65
369,579,1531,Shamela19Y0145334,1578,280,1345,729,85
369,205,591,Sham19Y0005414,267,164,548,288,90
369,1164,1531,Tafsir07076,2511,97,844,193,32
370,494,1359,Shia002958,184,588,1442,583,79
370,1,241,Shamela0008505,168,1207,1439,143,71
370,120,469,Shamela0008505,169,61,738,219,41
370,489,808,Shamela0008505,175,1145,1495,245,85
370,808,1450,Shamela0008505,176,1,653,472,89
370,497,1305,Shamela0010646,1891,441,1272,602,89
370,1,489,Masaha002979Vols,240,851,1096,158,38
370,484,711,Shamela19Y0145334,1579,1291,1510,167,89
370,711,1450,Shamela19Y0145334,1580,1,779,557,89
371,872,1154,Shamela0010768,671,27,270,139,57
371,858,1112,Shamela0023789,12,546,812,194,91
371,433,538,Shamela0023789,342,1209,1349,80,73
371,429,564,ShamAY0034570,34,614,754,100,92
371,858,1159,Shia002185Vols,3137,730,1026,206,80
371,319,606,Shamela0003722,1748,478,865,178,56
371,863,1154,Shamela0010614,281,860,1166,222,92
371,425,538,Shamela0010614,436,1139,1278,86,79
371,425,538,JK000916,6017,267,432,83,65
371,863,1159,JK000916,8310,436,708,198,83
371,867,1112,Sham19Y0023644,2662,571,823,173,84
371,858,1154,Shamela0023790,111,244,545,227,94
371,554,902,Shamela0009773,1870,1039,1385,176,55
371,109,225,Shamela0012402,408,270,386,93,100
371,310,538,Shamela0003118,2068,879,1169,151,64
371,899,1159,Shamela0003118,2699,941,1177,139,55
371,356,546,Shamela0035100,1436,6,191,120,74
371,1,335,Shamela0008505,176,653,988,261,98
371,858,1154,JK001310,52,380,655,187,73
371,429,572,Shamela0010646,144,52,161,77,71
371,863,1138,Shamela0010646,238,1172,1456,214,96
371,319,572,Sham19Y0149213,470,256,521,149,66
371,1,335,Shamela19Y0145334,1580,779,1119,252,93
371,564,858,Shamela0009100,98,595,845,174,73
371,335,546,Shamela0010906,1963,1,208,129,72
371,877,1112,Shamela0001349,99,268,508,173,87
371,554,752,Kraken210630005153,8069,923,1133,132,74
371,1159,1394,Rafed0002267,99,1187,1478,181,77
372,860,1018,Shamela0009681,13,1318,1478,115,88
372,1290,1406,Shamela0008505,176,872,988,90,100
372,343,860,Shamela0010646,229,649,1179,402,96
372,1116,1290,Shamela0010646,1052,1159,1324,130,94
372,1290,1406,Shamela19Y0145334,1580,1001,1119,85,90
373,503,785,Shamela0010768,671,27,270,139,57
373,489,743,Shamela0023789,12,546,812,194,91
373,64,169,Shamela0023789,342,1209,1349,80,73
373,60,195,ShamAY0034570,34,614,754,100,92
373,489,790,Shia002185Vols,3137,730,1026,206,80
373,1,237,Shamela0003722,1748,563,865,149,59
373,494,785,Shamela0010614,281,860,1166,222,92
373,56,169,Shamela0010614,436,1139,1278,86,79
373,56,169,JK000916,6017,267,432,83,65
373,494,790,JK000916,8310,436,708,198,83
373,498,743,Sham19Y0023644,2662,571,823,173,84
373,489,785,Shamela0023790,111,244,545,227,94
373,185,533,Shamela0009773,1870,1039,1385,176,55
373,1,169,Shamela0003118,2068,933,1169,130,69
373,530,790,Shamela0003118,2699,941,1177,139,55
373,6,177,Shamela0035100,1436,28,191,108,77
373,489,785,JK001310,52,380,655,187,73
373,60,203,Shamela0010646,144,52,161,77,71
373,494,769,Shamela0010646,238,1172,1456,214,96
373,6,203,Sham19Y0149213,470,335,521,120,74
373,195,489,Shamela0009100,98,595,845,174,73
373,6,177,Shamela0010906,1963,46,208,108,77
373,508,743,Shamela0001349,99,268,508,173,87
373,185,383,Kraken210630005153,8069,923,1133,132,74
373,790,1025,Rafed0002267,99,1187,1478,181,77
374,491,649,Shamela0009681,13,1318,1478,115,88
374,1066,1335,Shia002185Vols,3326,852,1088,144,62
374,1,491,Shamela0010646,229,676,1179,380,96
374,1076,1347,Shamela0010646,229,1175,1455,202,86
374,747,999,Shamela0010646,1052,1159,1412,189,91
375,128,367,Shamela0010646,139,999,1205,148,69
375,589,857,Shamela0010646,336,404,684,204,91
376,325,1244,Shia001782Vols,3438,519,1473,603,73
376,1244,1517,Shia001782Vols,3439,1,284,193,83
376,325,1504,JK000916,3568,200,1406,801,77
376,80,269,Sham19Y0036072,264,1373,1550,129,83
376,325,1384,Shamela0003118,1344,389,1489,734,78
376,80,307,Shamela0010646,337,921,1150,184,98
376,371,1099,JK005004,834,442,772,150,21
376,76,320,JK006919,212,83,314,172,83
377,7,290,Shia001782Vols,3439,294,582,162,64
377,82,290,JK000916,3569,1,233,130,66
377,754,1230,Sham19Y0029676,913,412,895,291,64
377,7,290,Shamela0003118,1345,151,450,169,66
377,1241,1404,JK009288,418,96,284,114,74
377,754,930,JK009288,505,1323,1499,132,90
378,264,406,Shamela0003722,4205,954,1096,107,92
378,466,622,Shamela0010614,356,15,184,118,88
378,264,401,JK000916,13850,318,455,105,94
378,466,622,Shamela0009773,1885,24,191,111,83
378,270,401,JK010583,42,315,451,105,94
378,264,401,JK007082,454,843,980,105,94
378,6,247,Shamela0003118,3114,111,391,164,67
378,259,406,Shamela0003118,4105,891,1048,111,87
378,264,406,Shamela0010428BK1,173,289,431,105,86
378,264,406,Shamela0010646,163,1098,1240,114,97
378,461,622,Shamela0010646,279,703,863,126,99
378,466,617,Shamela0009100,96,776,917,110,91
378,1,240,Shamela0009100,98,884,1086,155,80
378,264,406,Shamela0010709BK8,6,621,763,105,86
379,332,442,Shamela0000558,129,715,838,85,85
379,1,104,Shamela0010614,83,468,574,81,97
379,579,878,Shamela0010529,151,1022,1512,173,40
379,569,805,JK000927,3606,988,1468,143,35
379,605,833,JK001099,359,29,477,163,43
379,579,872,Shamela0010646,450,258,550,191,77
379,332,442,Shamela0023775,861,475,585,87,100
380,853,1090,Shia002185Vols,2288,941,1205,167,76
380,846,1090,Sham19Y0029676,913,1064,1280,161,81
380,1387,1518,Masaha003492Vols,500,1219,1350,109,100
380,1391,1518,Shia003965Vols,9189,1,128,106,100
380,1387,1518,Shamela0007012,472,602,733,109,100
380,853,1095,ShamAY0036737,170,99,339,184,92
380,1154,1382,Shamela0008505,464,34,261,169,94
380,628,799,Shamela0010646,164,217,398,130,89
380,179,497,Shamela0010646,166,349,668,259,99
380,853,1090,Shamela0010646,579,344,518,131,68
380,1098,1382,Shamela0010646,2090,125,435,203,83
380,174,505,JK009288,657,603,953,261,91
380,1154,1391,Sham19Y0017681,6,765,1004,171,90
380,1154,1391,Sham19Y0148096,6,965,1203,171,92
381,1038,1239,Shia002185Vols,2402,867,1064,129,78
381,1057,1197,Kraken220602101901,11,101,226,86,72
381,1038,1197,Shamela0010614,139,1126,1299,116,85
381,1169,1431,Shamela0010614,196,1191,1505,200,79
381,1254,1532,JK000916,7080,407,685,207,91
381,1038,1197,Shamela0006896,50,200,370,103,73
381,1043,1205,Shamela0023790,37,600,765,106,77
381,1266,1532,Shamela0009773,1354,783,995,149,67
381,1266,1532,Shamela0003118,2400,333,609,202,90
381,502,771,JK010344,721,15,275,138,58
381,1193,1532,JK009288,188,1039,1373,227,79
381,1263,1509,ShamIbadiyya0000967,300,1252,1506,184,89
382,7,265,Shamela0010614,197,108,374,207,96
382,7,265,JK000916,7080,691,919,160,70
382,7,265,Shamela0003118,2400,615,843,159,70
382,270,427,Shamela0028453,240,921,1070,113,90
382,436,1462,Shamela0028453,241,92,1138,797,90
382,427,820,Shamela0010646,232,1155,1539,312,96
382,820,1369,Shamela0010646,233,1,575,452,94
382,7,135,JK009288,188,1379,1521,100,87
382,545,1320,Shamela0009429,163,866,1660,594,87
383,1344,1494,Shamela0010614,306,1113,1264,110,85
383,1002,1272,Shamela0010614,306,341,671,197,73
383,475,625,Masaha003492Vols,793,787,969,114,78
383,480,620,Shamela0007012,241,140,307,106,78
383,480,620,Shamela0007012,426,133,285,108,87
383,247,471,Shamela0010646,2306,1,216,165,94
384,673,818,Shamela0022623,37,945,1128,111,75
384,425,663,Shamela0010614,206,1089,1334,174,83
384,114,425,Shamela0010614,307,339,672,237,89
384,1075,1371,Shamela0003118,5499,1174,1498,181,69
384,448,685,JK010344,754,851,1127,142,64
384,823,1461,Shamela0010646,896,603,1242,497,94
384,658,818,Shamela0010646,2306,536,697,125,97
385,862,1309,Shamela0012398,168,447,876,262,65
385,957,1341,Shamela0023789,877,248,597,256,81
385,462,613,Shamela0001687,8770,1107,1287,110,77
385,462,613,Shia003923Vols,30,67,247,108,73
385,668,802,Sham19Y0029676,914,1001,1131,98,93
385,882,1351,ShamAY0038174,30,381,825,342,90
385,998,1309,Shamela0023790,433,1,307,229,89
385,882,1314,Shamela0004445,4366,34,458,330,94
385,502,624,Shamela0008505,455,1,137,90,82
385,882,1351,JK001288,104,419,885,328,84
385,877,1341,Shamela0001349,149,658,1282,186,28
385,462,624,Shia004649Vols,941,1123,1322,119,72
385,882,1051,Shamela0009873,346,42,182,109,82
385,882,1351,Shamela0008216,30,142,584,342,90
386,1026,1204,Shia002185Vols,3249,852,992,90,62
386,81,215,Shamela0010614,249,430,575,101,82
386,357,1002,Sham19Y0029676,971,82,409,252,48
386,1026,1204,Shamela0010709BK4,21,78,218,90,62
386,1026,1204,EShia0086596,240,1075,1288,120,68
386,1029,1204,Shamela0010710,8,988,1149,104,70
386,1029,1204,Shia003725,11,93,239,89,59
386,81,210,Shamela0010521,15,1218,1346,104,99
386,674,862,Shamela0010646,476,988,1195,115,65
386,862,992,Shamela0010646,1010,1135,1278,104,90
386,353,638,Shamela0010646,1033,758,1060,204,77
386,1011,1512,Shamela0010646,1633,1265,1514,175,42
387,1206,1418,JK000021,1516,118,320,134,69
387,1294,1476,JK000911,1772,1188,1364,134,92
387,986,1247,JK000911,1773,343,624,190,85
387,1258,1448,Shamela0003055,4244,997,1185,136,85
387,869,1213,Shia002185Vols,1455,747,1167,193,52
387,1258,1425,Sham19Y0018612,248,609,784,132,91
387,1258,1476,Shamela0001598,21,867,1090,172,95
387,950,1089,JK000916,7008,1220,1420,97,63
387,959,1253,JK000916,22813,377,713,188,68
387,901,1242,JK000916,23913,179,797,187,37
387,964,1476,Sham19Y0029676,971,1010,1453,315,71
387,950,1098,JK000927,1384,1301,1500,113,72
387,1102,1253,JK000927,1385,4,155,113,92
387,1258,1476,JK000927,1421,1039,1257,171,97
387,1247,1418,Zaydiyya0000142,2724,1452,1625,130,90
387,1206,1418,ShamAY0034809,259,1090,1292,136,77
387,1192,1418,Zaydiyya0000059,1470,762,980,135,63
387,950,1184,Shamela0010798,3175,544,738,124,68
387,1258,1476,Shamela0010283,789,144,367,172,95
387,1284,1476,Shamela0010283,4846,886,1076,127,81
387,964,1247,Shamela0010283,4848,157,454,199,84
387,1206,1418,Shia002702Vols,8444,526,729,135,69
387,1206,1418,Shamela0004445,4514,830,1034,137,77
387,959,1253,Shamela0003118,6554,764,1097,188,69
387,1247,1418,Shamela0035100,2024,1127,1301,130,89
387,1253,1436,JK000001,1275,1143,1331,132,83
387,950,1253,Shamela0038160,49,405,761,218,78
387,261,891,Shamela0010646,1594,1128,1476,263,51
387,1247,1418,Shamela0010906,2320,844,996,117,83
387,1247,1418,Shamela0011997,220,549,722,130,89
387,1078,1228,Shamela0012320,1500,1262,1407,112,95
387,725,869,JK006919,612,1,159,104,80
387,1206,1425,Shamela0012884,3967,1160,1368,142,70
387,1247,1418,Shamela0011406,735,836,1013,117,75
387,1206,1418,Shamela0008230,11,619,821,131,67
388,1323,1509,Shamela0010614,254,200,453,145,71
388,1040,1318,Shamela0010614,380,434,716,188,78
388,491,1165,JK000927,1414,650,1184,320,56
388,1044,1323,Shamela0009096,204,1,262,180,76
389,843,1279,Shamela0012398,217,1,316,242,68
389,719,1293,Kraken220410202739BK1,123,951,1556,388,77
389,1293,1480,Kraken220410202739BK1,124,1,168,121,79
389,659,1169,Shamela0023789,880,886,1464,308,58
389,1216,1474,Shamela0023789,881,21,308,123,43
389,636,986,Shamela0023789,1152,1034,1487,244,63
389,986,1480,Shamela0023789,1153,1,609,234,39
389,145,613,JK010552,269,447,976,248,53
389,659,1480,JK010552,390,514,1404,531,68
389,764,1429,Masaha001961Vols,1696,708,1300,308,45
389,659,1480,Shamela0009783BK1,3291,472,1322,586,83
389,636,1034,Shamela0010614,276,1078,1527,262,66
389,1034,1480,Shamela0010614,277,1,479,348,92
389,1253,1480,Shamela0012400,98,1019,1214,131,72
389,659,1480,Sham19Y0029676,972,88,876,586,86
389,848,1474,Shamela0006669,42,1,587,270,41
389,625,1396,Sham19Y0023644,3984,653,1164,275,43
389,659,1480,Shamela0023790,433,312,1061,573,87
389,948,1466,Shamela0012406,1816,26,356,218,51
389,1279,1480,Shamela0010283,4849,29,210,135,86
389,667,1088,Shamela0009773,2416,1025,1503,278,68
389,1088,1480,Shamela0009773,2417,1,416,267,77
389,659,1480,Shamela0004445,4510,19,880,588,81
389,141,646,Shamela0003118,7203,587,1111,257,53
389,659,1363,Shamela0012396,723,802,1511,511,86
389,1363,1480,Shamela0012396,724,1,114,83,87
389,674,1480,JK010635,107,694,1498,521,73
389,667,1474,Shamela0035100,2024,1,706,342,43
389,710,1474,Kraken210528100217,275,691,1524,380,45
389,1253,1480,Shamela0037063,115,127,320,128,71
389,639,1443,JK001310,69,105,902,519,74
389,1253,1480,Shamela0010646,240,242,477,154,81
389,681,1000,JK009288,558,1146,1483,196,70
389,1012,1480,JK009288,559,4,363,233,61
389,659,1216,Shamela0009100,55,1094,1561,328,68
389,787,1429,Shamela0010906,2320,1,452,264,51
389,691,1258,Shamela0011997,219,1008,1550,265,44
389,753,948,Kraken210630005153,8113,1379,1575,135,81
389,948,1480,Kraken210630005153,8114,1,885,322,41
389,636,1160,Sham19Y0145435,752,925,1511,360,71
389,1160,1480,Sham19Y0145435,753,1,329,236,89
389,702,1474,Sham19Y0145435,5899,36,942,431,51
389,702,1474,JK000412,219,325,1228,431,51
390,1,611,Kraken220410202739BK1,124,168,778,438,85
390,104,714,JK010552,391,1,589,361,65
390,1,576,JK000911,1774,464,851,287,61
390,1,201,Shamela0009783BK1,3291,1322,1513,144,89
390,187,692,Shamela0009783BK1,3292,1,457,313,73
390,1,611,Shamela0010614,277,479,1093,483,96
390,1,621,Sham19Y0029676,972,876,1462,439,86
390,1397,1543,Shamela0023790,160,360,502,101,85
390,1,491,Shamela0023790,433,1061,1527,329,80
390,192,576,Shamela0012406,1816,384,655,197,60
390,1,576,Shamela0010283,4849,210,594,284,60
390,1,631,Shamela0009773,2417,416,1030,430,78
390,1,677,Shamela0004445,4510,880,1501,452,79
390,1,714,Shamela0012396,724,114,784,453,74
390,25,611,JK010635,108,1,547,392,80
390,1397,1552,Sham19Y0014579,272,750,901,103,83
390,1397,1543,Sham19Y0014579,1364,435,598,99,73
390,1402,1535,Sham19Y0014579,1558,1415,1549,89,81
390,1402,1543,Sham19Y0014579,2977,469,614,96,80
390,1,611,JK001310,69,867,1440,380,72
390,1,714,Shamela0010646,240,477,1123,437,71
390,1208,1392,Shamela0010646,371,133,333,145,88
390,1397,1543,Shamela0010646,505,1199,1342,108,95
390,1,705,JK009288,559,363,1015,404,62
390,1,379,Kraken210630005153,8114,885,1206,228,72
390,1,692,Sham19Y0145435,753,329,976,453,77
391,663,826,Shamela0010614,254,1240,1422,128,87
391,277,474,Shamela0010614,450,1310,1508,143,83
391,485,663,Shamela0001003,851,134,320,101,60
391,530,663,JK000927,2919,672,831,79,64
391,1,269,Shamela0004473,9387,188,765,131,28
391,411,672,JK010732,98,48,309,76,23
391,411,672,JK007502,16,382,643,78,23
391,1,269,Shamela0008505,117,905,1175,202,94
391,411,672,Shamela0010646,780,905,1164,79,24
391,269,682,Shamela0010646,1579,773,1221,298,81
391,113,269,Sham19Y0120146,112,5,173,122,92
392,1012,1139,Shamela0010646,138,8,144,100,92
392,195,408,Shamela0010646,242,182,407,166,94
392,183,396,JK009288,454,1025,1249,163,91
392,404,588,JK009288,680,1082,1290,146,87
393,782,1014,Shamela0010768,143,1420,1597,128,69
393,1031,1271,Shamela0012398,237,1158,1375,140,73
393,902,1021,Shamela0009773,1030,723,842,97,100
393,902,1021,Kraken220413202840,16,1133,1252,90,89
393,1027,1341,Shamela0010646,242,917,1257,240,88
393,648,772,Shamela0010646,633,1221,1368,95,82
393,1155,1336,Masaha002979Vols,339,1,185,141,96
393,782,1021,Shamela19Y0145334,1733,109,289,142,73
393,782,1021,Shamela0011997,224,626,810,141,72
394,578,1290,Shia002185Vols,1505,879,1585,526,87
394,662,1131,Shamela0009773,1015,1144,1463,182,44
394,59,408,Shamela0009773,1029,275,867,132,23
394,612,785,Shamela0009100,44,559,739,134,89
395,1,399,JK010552,94,277,709,277,72
395,471,580,Shia002185Vols,1510,1,111,88,99
395,411,580,Shia002185Vols,3249,277,426,109,81
395,1154,1371,Shamela0012929,422,449,703,140,66
395,1154,1376,Shamela0009783BK1,3719,232,438,135,76
395,1,399,JK000916,12219,767,1177,279,77
395,1,399,Shamela0006669,46,569,943,253,71
395,1,374,Sham19Y0023644,4174,167,550,210,59
395,411,580,Shamela0010709BK4,20,1084,1233,109,81
395,1,399,Shamela0012406,1851,295,701,277,77
395,580,983,Shamela0009773,1121,1146,1551,277,81
395,1,197,Shamela0004445,4574,1375,1550,111,70
395,1,428,JK001412,272,996,1358,228,62
395,1,399,Shamela0003118,3703,703,1111,273,75
395,1154,1371,Shamela0012396,879,1298,1493,135,80
395,1,399,Shamela0035100,2103,72,446,254,71
395,411,560,Shia003725,10,1144,1283,104,84
395,1,399,JK000910,31,944,1336,269,77
395,1217,1371,Shamela0095590,15,705,872,107,82
395,1,207,Kraken220413202840,15,1322,1504,119,64
395,207,399,Kraken220413202840,16,1,202,138,79
395,1149,1371,Shamela0010508,35,115,319,143,80
395,1154,1371,JK010344,860,43,260,141,77
395,1154,1376,Shamela0012289,23,204,413,147,81
395,193,399,Shamela19Y0145334,1744,1,196,154,91
395,584,825,Shamela19Y0145334,1793,1300,1532,154,77
395,825,1082,Shamela19Y0145334,1794,1,300,174,70
395,1082,1371,Shamela0009100,49,549,789,187,82
395,1154,1371,Shamela0001349,76,403,601,135,77
395,1,399,Shamela0000736,3934,369,783,280,77
395,1,411,Shamela0011997,224,1220,1473,174,51
395,1,411,Kraken210630005153,7882,64,914,272,38
395,584,862,Kraken210630005153,7891,1350,1637,185,78
395,862,1077,Kraken210630005153,7892,1,262,140,66
395,1154,1376,Sham19Y0145435,3743,897,1103,136,77
396,1167,1360,Shamela0022623,12,399,601,139,88
396,1157,1360,Zaydiyya0000013,336,935,1139,141,85
396,1,170,JK010552,895,729,900,136,98
396,1175,1360,Shamela0009783BK1,3714,426,623,134,86
396,1157,1360,Shia001137,205,733,929,135,82
396,1,160,JK000916,13500,1333,1493,127,98
396,1175,1360,Shamela0012406,1890,1155,1304,103,69
396,1,170,Shamela0012406,1910,447,617,136,98
396,935,1175,Shamela0009773,1058,410,664,144,57
396,1,170,Shamela0004445,4592,853,1023,136,98
396,1157,1319,Shia001432Vols,23987,358,535,108,76
396,1157,1319,Shia001432Vols,25113,858,1035,109,77
396,1157,1360,Shia001432Vols,25269,297,497,137,83
396,1157,1360,Shia001432Vols,26389,1287,1488,142,85
396,1157,1319,Shia001432Vols,31794,719,895,110,77
396,1126,1360,Shia001122Vols,1535,1108,1342,146,75
396,1175,1360,Shia003636Vols,2011,1097,1288,141,93
396,1,170,Shamela0003118,4034,1016,1187,136,98
396,1157,1319,Shia001148,176,971,1145,109,78
396,284,915,JK000910,34,5,519,385,77
396,1157,1360,Shia001153,198,1101,1301,142,86
396,261,743,Shamela0028453,52,953,1436,359,92
396,743,911,Shamela0028453,53,1,166,124,93
396,911,1175,Shamela0028453,81,595,925,196,71
396,927,1180,Shamela0010646,224,367,644,178,71
396,265,390,Shamela0010646,231,1397,1535,94,85
396,390,940,Shamela0010646,232,1,529,397,90
396,1,257,Shamela0010646,235,643,912,203,94
396,935,1175,Shamela19Y0145334,1760,66,312,145,60
396,1,170,Shamela0000736,4094,39,209,136,98
396,1126,1360,Shia001187Vols,4597,1049,1280,147,75
396,1175,1360,Sham19Y0145435,3739,818,1015,134,86
397,1,735,JK007001,269,185,889,510,82
397,735,1130,Shamela0010646,234,1063,1525,181,36
397,1191,1338,JK009288,737,278,412,105,91
397,784,1034,JK009288,958,349,800,182,49
397,784,924,Shamela0009100,97,70,209,98,86
398,1366,1538,Shamela0000678,176,34,200,133,93
398,132,329,Shamela0010646,450,77,267,154,93
398,1366,1538,Shamela0010646,1575,214,385,135,96
399,370,951,JK000911,2008,836,1443,316,58
399,1,312,Shamela0009783BK1,3714,1159,1539,233,75
399,382,951,Shamela0009783BK1,3715,43,658,312,59
399,455,951,JK000916,12239,1039,1534,261,58
399,382,970,JK000916,12240,236,756,250,47
399,1,303,Shamela0023790,435,1204,1532,211,75
399,455,951,Shamela0023790,492,45,511,277,63
399,398,970,Shamela0012406,1885,1,467,231,46
399,449,879,Shamela0009773,1059,321,721,214,55
399,1,363,Shamela0004445,4663,958,1412,253,67
399,1,378,Shamela0000678,176,200,568,289,90
399,455,951,JK007082,383,744,1245,268,58
399,1,789,Shamela0003118,3711,149,968,425,58
399,398,956,Shamela0012396,879,433,1028,306,59
399,370,951,Kraken210528100217,558,101,712,303,56
399,382,966,JK001310,72,122,615,269,51
399,970,1289,Shamela0010646,224,375,752,247,77
399,370,951,Shamela0010646,339,604,1197,305,59
399,1,378,Shamela0010646,1575,385,772,303,94
399,1300,1447,JK009288,737,278,412,105,91
399,382,970,Shamela0000736,3941,295,815,251,47
399,1,970,Shamela0011997,229,11,1033,501,53
399,1,913,Sham19Y0145435,848,587,1533,525,64
399,382,970,Sham19Y0145435,5995,337,857,250,47
400,219,416,Shamela0010646,450,77,267,154,93
400,54,165,Shamela0009100,42,1234,1350,85,90
401,473,1054,JK000911,2008,836,1443,316,58
401,1,415,Shamela0009783BK1,3714,1051,1539,307,75
401,485,1054,Shamela0009783BK1,3715,43,658,312,59
401,558,1054,JK000916,12239,1039,1534,261,58
401,485,1073,JK000916,12240,236,756,250,47
401,1447,1601,JK000916,12242,1216,1401,111,74
401,1,406,Shamela0023790,435,1085,1532,285,73
401,558,1054,Shamela0023790,492,45,511,277,63
401,501,1073,Shamela0012406,1885,1,467,231,46
401,1284,1442,Shamela0009773,1058,944,1111,121,88
401,552,982,Shamela0009773,1059,321,721,214,55
401,1,411,Shamela0009773,1122,246,624,250,67
401,1,466,Shamela0004445,4663,869,1412,308,65
401,1,481,Shamela0000678,176,105,568,367,90
401,558,1054,JK007082,383,744,1245,268,58
401,1447,1601,JK007082,453,107,390,103,44
401,1,892,Shamela0003118,3711,46,968,489,59
401,501,1059,Shamela0012396,879,433,1028,306,59
401,473,1054,Kraken210528100217,558,101,712,303,56
401,485,1069,JK001310,72,122,615,269,51
401,1073,1475,Shamela0010646,224,375,840,294,75
401,473,1054,Shamela0010646,339,604,1197,305,59
401,1,481,Shamela0010646,1575,283,772,383,94
401,1447,1601,JK010605,76,577,832,111,54
401,1284,1447,Shamela19Y0145334,1760,566,741,127,86
401,1,411,Shamela19Y0145334,1794,353,734,250,67
401,485,1073,Shamela0000736,3941,295,815,251,47
401,99,1073,Shamela0011997,229,1,1033,505,53
401,1,1016,Sham19Y0145435,848,479,1533,599,65
401,485,1073,Sham19Y0145435,5995,337,857,250,47
402,1,153,Shamela0023789,30,476,620,97,79
402,663,1082,Shamela0023789,883,52,601,285,62
402,1,129,Sham19Y0000760,769,394,515,94,91
402,1,129,JK010552,511,1353,1474,94,91
402,668,1058,JK000911,2009,1,400,288,85
402,663,1071,Shia002185Vols,1497,661,1104,263,65
402,641,1066,Shamela0009783BK1,3716,683,1112,310,86
402,1,134,ShamAY0035000,184,1313,1439,98,91
402,1,129,Shamela0012406,1889,1254,1375,94,91
402,1,134,Shamela0010283,1229,213,339,98,91
402,1,134,Shamela0004445,4664,658,784,98,91
402,1,129,JK007082,453,390,511,92,89
402,1,137,Shamela0009091,284,671,800,95,88
402,1,137,Shamela0003118,3713,219,348,100,91
402,1,134,Shia003675Vols,1393,275,401,89,83
402,1,129,Shamela0009640,27,596,724,100,96
402,1,129,Shamela0037325,535,307,428,94,91
402,1,129,Shamela0009107,492,30,151,94,91
402,641,1058,Kraken210528100217,558,766,1182,280,79
402,1233,1522,JK000991,210,453,751,224,93
402,663,966,Masaha002310,32,1187,1546,210,72
402,1,129,Shamela0010508,50,748,869,94,91
402,129,508,Shamela0010646,235,77,453,297,97
402,663,1066,Shamela0010646,1390,539,987,251,64
402,1,129,JK010605,76,832,953,94,91
402,1,134,Shamela0010906,2683,952,1078,97,90
402,677,1053,Shamela0001349,153,1,512,254,59
402,1,129,Shamela0000736,3941,1071,1192,94,91
402,1,137,Shamela0011997,229,1143,1272,99,91
402,641,806,Sham19Y0145435,3740,1288,1462,134,94
402,806,1066,Sham19Y0145435,3741,1,255,176,81
403,1002,1522,Rafed0000862,147,891,1454,347,73
403,950,1517,Shamela0003722,7004,10,608,401,79
403,1002,1456,Sham19Y0127698,581,713,1027,187,50
403,946,1517,Sham19Y0029560,519,301,896,413,82
403,965,1517,Sham19Y0029560,537,185,745,340,70
403,936,1522,Masaha001954,314,861,1473,355,66
403,1002,1517,Kraken220218125255,113,751,1288,361,81
403,950,1522,Kraken220413030759,630,897,1460,381,78
403,553,701,Shamela0012406,2065,9,159,108,89
403,950,1402,Shamela0012406,2234,988,1463,311,76
403,950,1412,Shia004092Vols,4806,993,1469,310,76
403,972,1517,Shia004092Vols,7091,841,1424,366,73
403,950,1517,Shia004092Vols,10236,510,1105,399,79
403,998,1517,Shia004092Vols,10264,26,590,352,74
403,950,1522,Shia004092Vols,12581,470,1071,399,78
403,1002,1517,Kraken22021606123201,556,710,1222,338,76
403,950,1517,Shia001432Vols,17873,288,912,374,73
403,989,1438,Shia003754Vols,538,1108,1568,246,59
403,1002,1517,Shamela0009091,332,866,1434,361,76
403,950,1505,JK001336,542,73,623,376,80
403,950,1380,Shia003707Vols,713,1119,1574,270,70
403,950,1505,Shia003702,222,745,1344,357,71
403,961,1505,Kraken220413202840,32,136,925,374,60
403,950,1271,Shia003727Vols,243,1185,1546,212,70
403,1271,1517,Shia003727Vols,244,1,345,155,57
403,93,238,Shamela0010646,164,398,537,108,93
403,719,950,Shamela0010646,190,692,924,178,95
403,1,459,Shamela0010646,1580,327,627,225,60
403,946,1141,Shamela0010646,1764,1301,1492,136,82
403,1146,1517,Shamela0010646,1765,1,361,277,92
403,1002,1517,Shamela0001000,1525,260,811,364,78
403,568,701,Shamela0012289,25,1,140,97,86
403,950,1452,Sham19Y0149213,1946,99,536,293,68
403,234,448,Shamela0009100,98,1289,1495,127,69
403,950,1522,Shamela0010906,2550,644,1179,374,76
403,950,1517,Shamela0000736,5319,43,628,388,78
403,950,1517,Rafed0002654Vols,4757,349,935,392,78
403,972,1517,Rafed0002654Vols,7092,943,1523,358,71
403,950,1517,Rafed0002654Vols,10365,348,943,393,78
403,1096,1517,Rafed0002654Vols,10393,1,469,288,73
403,950,1522,Rafed0002654Vols,12960,732,1331,392,77
403,936,1517,ShamAY0034857,51,671,1291,393,75
403,701,946,Masaha002349,138,10,272,135,55
403,936,1380,Shamela0012031,407,991,1446,294,75
404,587,940,JK000916,21119,69,358,191,63
404,133,419,JK000916,21121,744,1032,219,90
404,621,899,Shamela0025800,59,560,848,140,55
404,621,899,Sham19Y0131521,7821,310,598,140,55
404,419,587,Shamela0006669,49,1272,1495,102,53
404,141,449,Sham19Y0023644,4439,997,1269,148,54
404,616,940,Shamela0003125,9,802,1018,132,50
404,133,419,Shamela0012406,2072,753,1035,218,90
404,141,449,ShamAY0032247,26,1009,1290,173,64
404,419,587,JK007082,217,477,755,119,53
404,587,940,Shamela0035100,2633,473,746,185,62
404,419,663,Shamela0035100,2650,756,1091,133,47
404,621,899,ShamAY0037574,966,528,743,123,54
404,587,783,JK000732,125,1330,1470,95,59
404,783,940,JK000732,126,1,148,108,80
404,621,894,Shia002943,49,746,1019,132,55
404,133,419,JK009391,47,664,962,214,83
404,741,899,Shia004514,28,16,170,100,74
404,592,788,Shamela0010646,242,1257,1479,148,81
404,788,1204,Shamela0010646,243,1,444,317,88
404,133,419,Shamela0010646,374,49,340,229,96
404,220,412,Masaha002979Vols,376,1103,1277,129,79
404,419,663,Shamela0010906,2862,532,847,116,42
404,133,419,Shamela0000736,837,411,698,218,90
404,587,940,Shamela0000736,5125,1022,1311,192,63
404,587,940,Shamela0011997,238,886,1131,163,55
404,183,419,Shamela0011997,240,1,190,140,72
404,587,940,Shia001187Vols,33,72,365,178,56
404,587,940,JK005004,770,988,1255,181,60
404,133,434,Sham19Y0145435,6016,406,705,223,88
405,39,280,Shamela0010529,114,1279,1520,183,91
405,494,904,Sham19Y0023644,4460,471,879,282,84
405,494,947,Shamela0012406,2144,493,1029,314,75
405,494,904,Shamela0004445,4712,498,946,289,79
405,863,1184,Shamela0004445,4786,1092,1341,131,50
405,1038,1184,Masaha004387Vols,479,1224,1378,90,70
405,1021,1184,Sham19Y0014592,2829,845,1035,118,80
405,1021,1184,JK007082,197,613,805,117,78
405,1033,1184,Shamela0009091,447,902,1058,89,69
405,863,1240,Shamela0003118,7245,496,814,162,50
405,494,855,Shamela0007435,1117,1105,1532,254,74
405,57,293,Shamela0010646,243,551,794,188,95
405,1006,1184,Shamela0010646,1580,627,815,134,90
405,1216,1468,JK009288,866,519,787,184,85
405,1059,1184,Shamela0009100,93,575,695,89,92
405,494,904,Shamela0000736,5311,633,1092,297,81
405,494,904,Shamela0011997,244,260,640,251,75
405,1013,1189,JK006919,160,792,955,90,63
405,1231,1459,JK006919,718,1405,1593,129,68
405,1325,1468,Masaha002349,400,1159,1302,110,94
406,6,528,Shamela0010768,441,100,689,257,51
406,6,464,Shamela0000651,25,363,826,220,52
406,91,472,JK000911,2094,5,613,205,40
406,6,464,Shamela0009783BK1,3890,13,697,247,41
406,99,464,Sham19Y0023644,4565,1,419,160,40
406,85,476,Shamela0012396,927,21,643,207,39
406,6,275,Rafed0002341Vols,145,1102,1362,129,48
406,6,275,Shamela0023764BK3,25,522,839,165,57
406,853,1361,Shamela0010646,407,811,1491,309,54
406,1361,1505,Shamela0010646,408,1,150,112,93
406,359,464,Shamela0010646,1597,218,341,76,74
406,6,464,Shamela0001000,1967,781,1236,227,54
406,557,720,JK009288,255,234,398,130,99
406,1,557,JK009288,866,787,1352,405,86
406,557,687,Masaha002979Vols,897,1423,1550,93,84
406,6,464,JK006919,719,16,421,210,51
406,6,275,Sham19Y0145435,3899,1162,1418,125,46
406,6,218,Masaha002349,400,1308,1515,115,60
406,192,546,Masaha002349,401,1,501,196,46
407,388,809,Sham19Y0000259,278,55,443,255,72
407,851,1187,Shamela0010768,443,787,1101,205,68
407,446,826,Shamela0005406,37,460,820,247,79
407,388,851,Shamela0012406,2373,639,1079,292,71
407,517,851,Shamela0007326,20,4,260,188,70
407,1,380,Shamela0010646,408,150,530,280,89
407,388,851,Shamela0010646,1889,295,762,355,91
407,374,851,JK009288,319,358,848,371,91
407,388,851,Masaha002979Vols,261,624,965,228,59
408,700,929,JK010552,112,63,347,160,67
408,539,700,Sham19Y0017724,293,617,806,129,85
408,158,528,Shamela0010529,161,580,963,291,90
408,535,679,Shamela0012406,2156,967,1119,109,89
408,1170,1545,Shia004092Vols,3821,916,1279,268,86
408,539,695,Sham19Y0150966,911,1328,1474,94,67
408,179,539,Shamela0010646,243,794,1128,218,71
408,158,523,Shamela0009100,49,779,1079,211,65
408,1170,1545,Rafed0002654Vols,3754,261,623,267,86
408,1170,1349,Shamela0011997,251,1291,1474,126,85
408,539,695,Shamela0011997,251,477,637,123,95
408,1349,1545,Shamela0011997,252,1,180,143,88
408,539,708,Shia004649Vols,2837,681,846,97,63
409,479,913,Shamela0010512,36,1390,1616,166,47
409,475,906,JK001412,366,1116,1530,324,92
409,494,1051,Shamela0010646,193,964,1533,434,93
409,235,479,Shamela0010646,238,438,681,186,97
409,1184,1470,Shamela0010646,929,1,295,231,96
409,1046,1462,JK009288,893,973,1394,317,90
409,1067,1303,Masaha002979Vols,998,1329,1562,180,94
409,479,944,Shamela0009100,112,1092,1542,356,94
409,479,1051,Sham19Y0073348,1902,183,809,432,85
410,994,1143,Shamela0010646,253,306,456,117,98
410,201,385,Shamela0010646,2304,1,190,147,96
410,171,389,JK009288,570,830,1047,155,85
410,1153,1359,JK009288,654,1290,1478,144,88
410,1359,1513,JK009288,655,1,163,120,92
410,1212,1371,Masaha002979Vols,219,1334,1487,113,89
410,1226,1513,Shamela0009100,49,1044,1316,190,82
410,775,998,Shamela0009100,99,287,434,106,61
410,1171,1513,Shamela0011997,261,377,676,239,87
411,11,412,Sham19Y0023644,4733,1036,1368,202,59
411,1,404,JK009288,655,163,566,258,74
411,1,264,Masaha002979Vols,220,140,350,158,74
412,1385,1554,JK009288,47,842,1021,132,90
412,598,848,JK009288,636,391,648,173,75
412,997,1246,JK006919,752,799,1031,162,77
413,450,1031,Shamela0030623Vols,461,268,927,409,76
413,450,1039,Shamela0012528,37,542,1155,307,52
413,854,953,JK001297,561,263,370,78,92
413,703,1039,Shamela0030024,12,1,296,206,75
413,476,987,JK010552,227,6,521,252,59
413,466,1021,Shamela0009681,23,1,443,209,42
413,450,1021,Shamela0000558,58,644,1212,351,70
413,450,1026,Shia002185Vols,3359,5,618,423,85
413,799,953,ShamIbadiyya0000760,217,928,1060,83,67
413,498,1026,Shamela0006021,7,1,516,304,64
413,450,884,Masaha004118,48,1138,1582,206,45
413,525,938,Sham19Y0029560,609,1118,1524,183,44
413,450,1021,JK000916,21564,787,1322,325,65
413,454,1039,JK000916,21565,151,739,336,65
413,450,1039,Shamela0031215,290,534,1122,362,69
413,454,1026,Sham19Y0023644,4850,659,1224,322,63
413,542,1006,Kraken220218125255,383,1120,1594,224,49
413,550,1039,Shamela0012406,2462,6,456,256,62
413,741,1026,Shamela0009091,419,13,268,174,71
413,481,965,JK010768,89,90,597,272,64
413,444,1021,Shamela0010496,70,703,1261,322,62
413,450,1031,Shamela0026542,52,668,1483,398,59
413,454,613,JK010478,18,1446,1621,113,78
413,613,1026,JK010478,19,1,363,267,79
413,503,953,Masaha004092,230,972,1425,189,46
413,769,957,ShamAY0032826,1123,338,520,130,85
413,454,965,JK001310,97,348,907,292,62
413,481,953,JK000001,1953,877,1381,291,69
413,450,1026,Shamela0010646,420,712,1297,438,92
413,525,1026,Shamela0001000,1222,727,1217,237,50
413,6,155,JK009288,96,506,655,111,89
413,161,450,JK009288,661,193,459,193,86
413,450,900,JK009288,669,991,1457,328,87
413,454,1026,Masaha002979Vols,840,220,743,367,78
413,441,1026,Shamela0009100,113,102,656,396,80
413,454,762,Shamela0000736,1037,1188,1483,158,59
413,762,1039,Shamela0000736,1038,1,288,180,73
413,454,1039,Shamela0012724,385,339,872,284,58
413,525,1026,Sham19Y0014483,56,615,1057,255,59
414,828,1058,Shamela0010646,374,340,570,177,96
414,542,701,Shamela0010646,1978,275,435,114,87
414,542,691,JK009288,392,276,428,115,95
415,1332,1491,Shamela0010646,1978,275,435,114,87
415,1332,1481,JK009288,392,276,428,115,95
416,105,335,Shamela0010646,374,340,570,177,96
417,1227,1552,JK010552,729,979,1311,248,88
417,1233,1552,Shia002185Vols,3572,186,655,213,51
417,1227,1552,JK000916,12643,215,549,245,87
417,1227,1552,Shamela0012406,2377,187,522,244,89
417,1227,1552,Shamela0003118,3812,646,967,236,86
417,1227,1552,Shamela0010646,237,759,1088,257,95
417,18,151,Shamela0010646,341,149,288,101,92
417,220,772,Shamela0010646,929,282,821,426,93
417,1227,1552,Shamela19Y0145334,1847,387,722,244,87
417,1233,1487,Sham19Y0073348,1902,1334,1590,175,80
418,43,302,Shamela0012828,115,1302,1581,180,79
418,418,853,Kraken210528100217,832,82,454,171,43
418,1239,1534,Shamela0028453,115,955,1285,229,84
418,1061,1239,Shamela0010646,304,18,196,145,99
418,43,316,Shamela0010646,346,899,1204,179,70
418,866,983,Shamela0010646,374,570,683,86,94
419,1,381,Shamela0010768,281,431,827,228,69
419,1,376,Sham19Y0000760,760,421,840,238,70
419,484,1226,Shamela0010614,516,310,1123,569,86
419,73,352,Masaha002064Vols,85,942,1363,167,48
419,1,190,JK003609,3592,1334,1532,139,87
419,6,381,Sham19Y0023644,4782,518,1129,206,42
419,1,352,Shamela0012406,2419,1158,1506,223,76
419,1,363,Shia004092Vols,4845,323,698,233,74
419,34,381,Shia004092Vols,12619,10,350,227,78
419,1,381,Sham19Y0018147,1197,372,819,235,63
419,1,363,Shamela0007435,983,1006,1385,237,75
419,484,1091,Shamela0028453,48,783,1424,467,89
419,1231,1444,Shamela0010646,191,494,710,168,93
419,484,819,Shamela0010646,237,1185,1581,261,79
419,819,1091,Shamela0010646,238,1,278,211,92
419,1091,1244,Shamela0010646,238,677,908,113,61
419,1091,1226,Shamela0009100,93,703,828,91,86
419,1226,1444,Shamela0009100,99,442,654,166,91
419,516,1091,Shamela0001349,412,57,610,386,79
419,1,381,Shamela0000736,2150,464,846,243,75
419,1,363,Rafed0002654Vols,4797,817,1192,233,74
419,1,381,Rafed0002654Vols,12998,128,504,245,76
420,1020,1388,Shamela0023735,1647,871,1301,236,66
420,987,1406,Shamela0010646,243,1128,1565,331,92
420,242,718,Shamela0010646,244,33,513,383,97
420,234,709,JK009288,361,403,859,309,74
421,1,194,Shamela0003118,6333,1047,1223,143,91
421,1019,1455,Shamela0010646,244,518,991,324,85
421,8,194,Masaha002979Vols,723,820,987,121,80
421,80,194,Shamela0000736,1351,5,122,92,95
421,1,194,Sham19Y0122236,387,1114,1309,154,96
422,1130,1387,Sham19Y0000259,61,644,911,193,89
422,576,761,Shamela0006617,1312,1316,1526,132,75
422,1138,1319,Shamela0006617,1316,431,602,106,68
422,1,324,Shamela0009200,363,1092,1379,216,81
422,1,324,JK000916,19157,936,1250,234,89
422,1,196,Sham19Y0023644,5331,1270,1531,106,47
422,1,324,Sham19Y0023644,8968,398,706,233,89
422,1,329,Shamela0036515,2317,1088,1408,222,79
422,1130,1319,Shamela0012406,2548,798,1017,140,81
422,1,329,Shamela0003118,5548,228,687,199,51
422,576,761,Shamela0003118,6334,46,256,142,81
422,1130,1319,Shamela0003118,6335,802,1007,135,81
422,576,761,Shamela0035100,3665,445,655,132,75
422,1138,1319,Shamela0035100,3666,727,900,111,70
422,1,324,Shamela0037325,489,67,355,218,82
422,1,329,Shamela0037325,798,291,608,238,89
422,576,761,ShamAY0034662,222,710,921,132,74
422,571,761,Shamela0006739,282,1,195,130,77
422,1130,1387,JK001336,400,756,1024,197,91
422,576,761,Kraken220413202840,65,781,983,139,82
422,750,922,Shamela0010646,244,980,1165,132,88
422,488,1387,Shamela0010646,506,6,531,414,57
422,766,922,Shamela0001000,319,883,1047,117,82
422,576,766,Shamela19Y0145334,3141,144,381,143,71
422,1174,1319,Shamela19Y0145334,3142,1,154,112,91
422,576,761,Shamela0000736,1352,345,558,141,79
422,1130,1269,Shamela0000736,1353,1361,1521,104,82
422,1134,1325,Shamela0011997,286,1,167,105,65
422,576,761,Shamela0011997,288,1169,1350,126,75
422,1,350,Shia002158,127,950,1293,239,83
422,571,761,JK010766,322,783,977,119,66
423,672,1422,Shia002185Vols,3758,658,1464,335,43
423,658,1216,Sham19Y0017724,491,1103,1594,320,66
423,1225,1465,Sham19Y0017724,492,6,256,184,93
423,420,654,Sham19Y0029560,745,823,1067,154,70
423,658,1465,JK000927,1963,320,1368,499,55
423,416,654,JK000927,4329,430,670,146,73
423,672,1244,Sham19Y0023644,5140,389,812,217,46
423,427,654,JK010583,48,960,1196,178,92
423,658,1465,Shamela0000678,145,166,965,528,74
423,684,1244,Shia003636Vols,5546,385,1120,313,49
423,664,1244,Shamela0009788,562,836,1438,324,60
423,1259,1465,Shamela0009788,563,12,451,151,43
423,649,1465,Sham19Y0150966,1675,1,1125,531,56
423,658,1393,Sham19Y0013235,49,758,1516,476,69
423,466,654,JK006900,1023,337,906,124,26
423,420,654,Shamela0001000,586,801,1033,156,75
424,4,155,Shamela0006617,1322,392,611,112,65
424,4,155,Shamela0012398,482,103,309,113,70
424,4,155,Sham19Y0000760,641,230,447,111,65
424,549,886,Shamela0005363,7,7,466,192,51
424,10,106,JK000911,2318,1,156,70,56
424,1,161,Shia002185Vols,3759,44,270,122,69
424,1,134,Sham19Y0017724,492,256,437,100,68
424,10,111,JK000916,16079,623,779,77,63
424,1,111,JK000916,24318,1174,1400,85,48
424,369,856,JK000927,4340,717,1256,355,80
424,4,155,JK003609,2471,857,1059,111,70
424,922,1176,Sham19Y0023644,5139,1,268,160,72
424,1,106,Shamela0023790,539,430,602,81,60
424,886,1152,Shamela0012406,2608,801,1297,166,41
424,10,111,Shamela0012406,2769,101,258,78,63
424,1,134,Shamela0000678,145,965,1161,101,64
424,10,155,Shamela0009091,476,1,199,110,71
424,1,134,Shia003636Vols,5547,104,462,95,33
424,10,111,Shamela0003118,4712,81,248,77,58
424,1,111,Shamela0003118,6990,121,361,85,45
424,886,1176,Shamela0003118,7260,616,947,181,66
424,1,134,JK010635,22,1090,1225,96,86
424,1,134,Shamela0009788,563,451,809,95,33
424,1,134,Sham19Y0150966,1675,1125,1313,103,70
424,1,111,Shamela0026338,23,866,1053,85,58
424,4,155,ShamAY0038393,356,723,921,110,71
424,1,111,Shamela0006744,288,984,1171,85,58
424,4,134,Sham19Y0013235,47,398,788,97,32
424,1,134,Sham19Y0013235,50,73,255,101,69
424,386,850,Kraken22021606121201,1571,424,911,290,66
424,369,886,Shamela0010646,341,284,854,405,88
424,886,1051,Shamela0010646,560,814,1001,124,85
424,4,122,Shamela0001000,175,1316,1497,88,61
424,1,149,Shamela0003583,69,236,467,92,50
424,373,886,Shamela0001349,379,556,1120,208,39
424,10,155,Shamela0000736,2570,66,249,83,53
424,886,1045,Shamela0000736,5789,950,1121,113,81
424,1,155,Sham19Y0120146,88,900,1145,90,43
424,4,155,JK001016,44,1119,1318,109,70
424,10,111,Shamela0010525,142,707,864,77,62
424,4,111,JK006919,464,292,444,74,59
424,886,1045,Shamela0023741,28,53,217,85,59
424,526,886,Rafed0002267,39,783,1160,270,86
426,665,844,Shamela0010646,244,1165,1348,136,92
426,707,1284,Shamela0009100,43,1,219,171,36
427,1265,1465,Shamela0010798,3059,217,422,155,95
427,1265,1465,Shamela0001023,245,799,1003,155,94
427,1261,1541,Shamela0010646,253,565,820,182,74
427,973,1151,Shamela0010646,635,1290,1470,138,95
427,1151,1261,Shamela0010646,636,8,118,86,98
427,1261,1465,Shamela0010646,645,545,713,119,68
427,1265,1469,Masaha002979Vols,820,791,1121,134,51
428,1190,1503,Shamela0012398,499,444,745,217,80
428,1122,1310,Shamela0001003,744,1391,1569,119,78
428,623,1088,Shamela0010529,180,1,493,295,70
428,1122,1503,JK003609,1150,125,429,205,67
428,1225,1503,Sham19Y0020762,1101,125,636,190,43
428,1080,1503,Sham19Y0023644,5405,681,1025,217,62
428,594,818,Shamela0022881,87,1077,1267,134,72
428,529,1106,Shamela0010646,234,454,1042,447,94
428,1217,1503,Shamela0012289,82,7,281,195,79
428,534,818,ShamAY0034556,75,296,599,162,61
429,73,255,Sham19Y0000259,262,18,184,126,86
429,1256,1516,Shia002185Vols,1748,926,1240,191,78
429,326,1244,Shamela0012406,2820,211,1098,644,82
429,326,1239,Shamela0012828,228,1,946,691,88
429,73,260,Shamela0010646,247,544,714,116,80
429,311,885,Shamela0010646,1771,916,1510,456,94
429,885,1244,Shamela0010646,1772,5,360,276,92
429,73,255,JK009288,880,432,611,138,95
429,77,260,Masaha002979Vols,428,882,1050,119,85
429,73,255,Shamela0009100,97,458,623,125,86
429,73,270,Shamela0000589,40,164,366,139,86
430,1,306,Shia002185Vols,1748,1240,1547,205,79
430,306,474,Shia002185Vols,1749,1,205,124,75
430,474,633,Shamela0001023,254,1037,1282,104,50
430,497,633,Shamela0010646,256,351,542,97,59
431,272,448,Shamela0010646,140,602,789,141,94
431,1220,1457,Shamela0009100,99,663,838,121,63
431,1201,1457,Sham19Y0073348,1903,332,607,192,89
432,887,991,Shamela0010768,243,763,867,80,98
432,831,995,Shamela0023789,978,158,380,117,67
432,747,1033,JK010552,375,1187,1483,173,63
432,887,991,Shamela0010614,70,1139,1243,80,98
432,887,991,Shamela0021525,329,1314,1418,80,98
432,887,991,Shamela0005449,90,1091,1195,80,98
432,887,991,Shamela0023785,36,1187,1291,80,98
432,909,1074,JK010611,104,1,195,113,72
432,882,1006,Shamela0021510,140,937,1061,85,89
432,887,995,Sham19Y0150966,1810,768,876,83,98
432,878,991,Sham19Y0026183,408,583,696,87,98
432,828,1499,Shamela0007822,19,1,682,512,91
432,887,991,ShamAY0037933,8,1409,1513,63,77
432,1180,1463,Shamela0010646,956,1,291,228,97
432,249,635,Shamela0010532,270,1,408,295,89
432,828,1499,Shamela0010532,394,283,964,512,92
432,882,991,Shamela0000738,322,807,915,81,95
432,878,991,Shamela0005372,80,68,186,87,94
433,740,956,Shamela0010768,370,1262,1510,103,51
433,750,981,JK001493,591,1053,1293,112,54
433,740,992,JK000911,2219,265,550,151,68
433,968,1282,Shia002185Vols,3766,340,645,183,67
433,750,992,Kraken220308195640,296,31,337,139,59
433,740,992,Shamela0009783BK1,4137,1140,1426,152,68
433,750,981,ShamAY0033734,57,635,887,116,51
433,1134,1352,Shamela0010529,162,405,613,148,83
433,740,973,Sham19Y0023644,4877,909,1184,140,66
433,754,1287,Kraken22032302241501,108,300,1233,235,27
433,789,961,Shamela0006944,200,657,805,98,68
433,740,992,Shamela0010283,5030,670,956,152,68
433,754,981,Shamela0004445,4886,929,1110,100,51
433,968,1216,Shamela0001585,141,1285,1523,154,68
433,750,973,Shamela0012828,429,102,465,122,40
433,779,1365,Shamela0005880,87,590,1090,191,37
433,750,973,Kraken22021606120800,197,1000,1222,120,63
433,754,968,JK001412,240,1288,1541,118,57
433,797,981,Shamela0003118,946,1089,1318,105,56
433,810,984,Shia003675Vols,1441,1,311,103,43
433,740,992,Shamela0012396,1028,911,1193,150,67
433,973,1278,Shamela0005355,67,532,804,196,77
433,797,981,Shamela0005748,53,954,1175,105,57
433,779,968,Shamela0005390,183,1160,1391,108,60
433,789,968,JK001336,351,596,804,111,68
433,750,1365,Kraken210528100217,788,228,695,199,35
433,968,1278,Shamela0000765,209,1046,1324,204,78
433,740,992,Sham19Y0013666,221,192,558,158,55
433,750,924,JK010344,980,1380,1608,96,54
433,114,422,Shamela0007822,18,925,1265,238,87
433,1,682,Shamela0007822,19,682,1046,269,48
433,750,1482,Shamela0010646,872,471,1204,577,98
433,114,403,Shamela0010532,393,1194,1515,227,88
433,1,682,Shamela0010532,394,964,1327,268,48
433,682,992,Kraken210630005153,7926,752,1049,147,44
433,784,992,Sham19Y0145435,4145,23,265,134,71
433,750,973,JK000919,165,1040,1262,120,63
433,789,968,MMS00026,61,221,394,106,75
433,968,1479,Masaha002349,339,521,970,268,60
434,1,266,Shamela0023789,269,894,1123,137,63
434,22,293,ShamAY0033734,57,1217,1460,153,66
434,1272,1513,JK003609,4368,309,572,145,57
434,22,218,Shamela0010283,1241,1274,1426,94,60
434,1,269,Sham19Y0018147,1204,990,1434,160,41
434,1,290,Shamela0010646,872,1204,1483,220,95
434,290,407,Shamela0010646,873,1,119,93,99
434,701,1069,JK009288,758,455,829,285,94
434,506,692,JK009288,970,1,187,146,96
435,570,1086,Shamela0010768,514,1342,1629,85,17
435,203,624,Shia002185Vols,223,667,785,80,24
435,13,203,Shia002185Vols,4303,1374,1515,109,70
435,203,545,Shia002185Vols,4304,464,753,216,79
435,621,918,Shia002185Vols,4304,1286,1524,192,79
435,1051,1424,Shia002185Vols,4305,30,314,225,74
435,1294,1424,Masaha004559,300,1138,1260,89,84
435,30,520,JK003609,4368,688,1517,256,38
435,520,1275,JK003609,4369,1,695,349,48
435,1294,1430,Shamela0010512,35,475,617,99,87
435,506,854,Shamela0007822,126,1009,1279,110,30
435,506,854,Shamela0010532,502,1018,1289,111,30
435,1294,1424,Shia001355,247,1322,1448,98,93
435,450,1257,Masaha002349,312,757,987,144,23
436,459,1537,Shia002185Vols,4296,194,1022,619,68
436,1,296,Shia002185Vols,4305,327,470,113,47
436,263,417,Shamela0010529,237,177,414,53,25
436,76,1049,JK003609,4369,753,1456,424,53
436,1100,1238,Kraken21040818,59,1024,1155,100,89
436,1090,1238,Shamela0010646,1010,262,428,117,87
437,1058,1273,Shamela0010768,451,573,786,172,98
437,802,1373,Shamela0010768,515,486,887,268,58
437,1058,1182,Shamela0006040,21,166,349,102,67
437,1011,1233,Shia002185Vols,3785,648,929,162,70
437,135,559,Shia002185Vols,4296,1043,1289,187,52
437,152,397,JK003609,4370,93,367,121,52
437,839,1277,Sham19Y0023644,5699,964,1211,184,51
437,1316,1429,Sham19Y0036072,314,1215,1328,92,100
437,839,1277,Shamela0012406,3053,122,427,230,63
437,1316,1429,Shamela0010283,1321,420,533,92,100
437,839,1273,Shamela0004445,5121,127,440,211,59
437,844,1052,Shia001432Vols,24679,562,725,103,58
437,320,739,Shia20200618,211,784,1104,80,21
437,844,1052,Shia20200618,231,1281,1444,104,59
437,320,739,Shia001107Vols,425,617,937,80,21
437,844,1052,Shia001107Vols,457,1240,1403,104,59
437,1058,1273,Shamela0005683,50,416,627,168,96
437,973,1273,Shamela0035100,4808,34,225,129,49
437,871,1052,Zaydiyya0000272,1743,12,128,70,49
437,1058,1273,Shamela0010509,11,1357,1478,90,51
437,1091,1273,JK001310,19,1,727,110,18
437,839,1391,Shamela0007822,122,772,1588,291,36
437,157,460,Shamela0007822,127,21,333,137,48
437,839,1124,Shamela0010646,622,404,777,228,75
437,1316,1429,Shamela0010646,1866,938,1051,92,100
437,839,1391,Shamela0010532,498,763,1579,291,36
437,157,460,Shamela0010532,503,36,347,137,48
437,320,739,Rafed0001617Vols,223,569,907,81,21
437,859,1052,Rafed0001617Vols,244,1,144,96,60
437,844,1052,Shia001355,90,1144,1305,103,58
439,1042,1197,Shia002185Vols,223,876,1030,122,96
439,536,694,Shamela0010646,1866,1059,1227,123,89
440,26,437,Shamela0013042,64,349,766,330,93
440,26,437,JK010611,75,1011,1394,306,87
440,26,294,JK010611,111,965,1173,166,74
440,32,172,Shamela0010646,1008,1363,1503,118,100
440,172,437,Shamela0010646,1009,1,271,216,96
441,1257,1398,Shamela0023789,298,541,656,81,73
441,1260,1393,Shia002185Vols,3256,105,238,82,71
441,265,487,Shia002185Vols,3935,1341,1562,159,86
441,1257,1393,ShamAY0001760,62,587,705,77,73
441,1276,1435,Shamela0010614,162,1185,1342,106,85
441,1265,1457,Shamela0010614,262,14,232,132,76
441,1260,1393,Shamela0010709BK4,27,789,923,82,71
441,1252,1435,Shamela0009773,1255,964,1167,117,69
441,1260,1393,Shamela0010428BK1,128,1,150,88,75
441,1252,1435,Masaha002979Vols,456,22,219,113,66
441,1252,1393,Shamela0010428BK8,9,277,434,94,76
441,1439,1595,JK006919,39,220,376,124,97
442,495,1207,JK000911,1170,531,1255,357,50
442,691,1479,Shamela0009783BK1,2256,568,1472,605,82
442,1191,1512,Sham19Y0023644,2666,573,880,207,76
442,495,846,Shamela0012406,1307,1145,1469,184,57
442,495,1200,Shamela0010283,4456,714,1429,341,48
442,620,1177,Shamela0009773,1182,19,434,222,46
442,671,1196,Shamela0012396,344,906,1451,362,78
442,1186,1512,Shamela0012396,345,9,338,245,91
442,29,234,Shamela0005355,30,294,557,130,62
442,1,234,Shamela0010646,194,131,334,163,86
442,495,1512,Shamela0010646,288,207,1272,769,89
442,234,410,JK009288,982,1203,1380,129,83
442,1,234,Shamela0009100,56,230,452,176,92
442,1,234,JK006919,39,376,580,163,86
442,591,1207,Sham19Y0145435,2550,496,1270,456,73
442,1191,1512,Sham19Y0145435,2551,815,1146,252,94
442,608,1207,Shia001626Vols,215,379,958,268,44
443,164,586,Shamela0023789,911,110,463,274,79
443,573,853,Shamela0023789,1579,59,324,173,73
443,590,853,Shamela0006945,24,628,879,169,75
443,1,155,Shamela0009783BK1,2257,34,187,120,97
443,1300,1509,Sham19Y0036072,235,905,1125,157,90
443,853,995,Shamela0023790,281,751,880,97,85
443,586,853,Shamela0023790,693,1008,1288,203,87
443,857,995,ShamAY0032088,17,1235,1381,106,90
443,1293,1509,Shamela0001585,167,686,858,123,69
443,999,1248,JK007082,205,455,693,127,55
443,182,586,Kraken22021606120800,236,526,980,305,81
443,1264,1509,JK001412,266,360,586,131,62
443,853,995,Shamela0005390,10,406,546,109,97
443,857,995,JK001336,243,199,339,101,87
443,857,995,Shamela0008505,24,1366,1508,108,97
443,999,1289,Shamela0008505,49,211,487,217,91
443,1293,1509,Shamela0008505,357,601,818,164,95
443,284,586,Shamela0008505,616,1,314,203,75
443,1,177,Shamela0010646,288,1272,1441,125,89
443,1293,1474,Shamela0010646,629,1355,1524,128,88
443,155,586,Shamela0010646,1131,277,705,340,97
443,1063,1289,Shamela0010646,1361,797,999,163,88
443,853,995,JK009288,722,622,761,105,92
443,155,595,Shamela0009429,162,78,611,296,65
443,853,995,Masaha002979Vols,164,540,686,111,97
443,1303,1509,Sham19Y0073348,2248,1279,1481,141,87
443,853,1003,JK006919,234,153,305,113,93
443,1,155,Sham19Y0145435,2551,1146,1299,120,97
443,182,586,JK000919,200,315,720,311,93
443,155,530,Rafed0000609Vols,671,334,700,247,75
444,356,972,Shamela0010768,324,10,584,390,73
444,1013,1179,Shamela0010768,592,751,958,126,76
444,571,972,Shamela0023789,757,910,1207,177,49
444,171,972,Shamela0023789,912,107,952,535,74
444,1245,1401,Shamela0023789,919,1287,1444,117,96
444,176,988,Shamela0022579,455,450,1163,392,56
444,206,426,JK010552,540,1300,1547,153,71
444,433,972,JK010552,541,9,565,362,75
444,972,1179,Shamela0003722,518,1239,1455,160,91
444,171,1016,JK000015,100,270,1086,513,71
444,972,1179,JK000916,2931,883,1100,159,90
444,206,696,JK000916,14598,975,1485,318,71
444,1,167,Sham19Y0036072,235,1125,1302,126,90
444,206,790,Kraken22021606120800,231,949,1556,382,73
444,988,1183,Kraken22021606120800,262,6,188,125,74
444,1,167,JK001412,266,586,740,109,81
444,206,883,Shamela0003118,4292,782,1528,443,69
444,6,179,Shamela0003118,7179,150,365,100,62
444,1,167,Shamela0008505,357,818,996,130,92
444,189,972,Shamela0008505,615,578,1357,617,96
444,1,167,Shamela0010508,58,185,347,110,81
444,171,1022,Shamela0028453,137,297,1204,547,69
444,1,167,Shamela0010646,630,36,201,128,98
444,1013,1179,Shamela0010646,2165,846,1059,124,72
444,976,1183,Sham19Y0149213,180,639,841,146,84
444,30,167,Sham19Y0073348,2249,1,150,107,91
444,1249,1401,JK006919,766,1349,1524,95,68
444,255,972,JK000919,196,30,775,483,75
444,1013,1179,JK000919,222,383,596,124,72
445,1108,1346,Shamela0023789,393,403,649,149,71
445,739,1073,Shamela0023789,907,737,1236,166,38
445,1163,1350,Shia002185Vols,3518,47,242,134,85
445,1103,1346,Shamela0010614,347,635,890,190,92
445,1113,1342,Shamela0023790,292,506,758,141,71
445,312,562,Masaha003492Vols,719,1073,1345,200,90
445,1180,1342,Shamela0010283,630,736,895,122,93
445,1108,1342,Shamela0009096,67,576,818,145,74
445,1088,1342,Shamela0001349,46,997,1266,154,68
446,398,722,Shamela0023789,1029,1240,1524,180,64
446,398,639,Shamela0010614,155,1257,1513,170,76
446,639,864,Shamela0010614,156,1,262,160,75
446,385,603,Shia003729Vols,578,660,895,151,78
446,398,603,Shamela0009773,1990,366,575,159,92
446,603,864,Sham19Y0018147,754,322,563,133,62
446,870,1471,Shamela0010646,1046,575,1216,465,89
447,48,305,Shamela0010614,553,895,1155,178,82
447,734,1136,Shamela0012400,48,18,504,269,69
447,636,1361,JK000916,13866,195,948,542,91
447,328,471,Shamela0021554,58,180,374,101,64
447,38,210,Sham19Y0023644,3099,101,261,103,61
447,700,1357,Sham19Y0023644,3571,654,1199,359,68
447,310,636,Shamela0010283,584,431,850,220,66
447,636,1357,Shamela0010283,629,579,1270,536,93
447,305,427,Shamela0004445,3790,784,939,93,76
447,328,427,Shia001432Vols,25226,700,810,67,74
447,21,305,Sham19Y0018285,402,728,996,188,83
447,646,1357,Shamela0003118,4108,228,958,538,91
447,328,471,ShamIbadiyya0000610,58,185,379,101,64
447,48,248,JK010344,705,591,790,149,93
447,636,1357,Shamela0028453,150,217,937,542,92
447,310,636,Shamela0010646,412,953,1300,249,91
447,674,1361,Shamela0010646,634,1,691,529,96
447,21,176,Shamela0010646,1046,1336,1509,123,87
447,176,310,Shamela0010646,1047,1,134,103,97
447,21,301,Shamela0009100,51,1245,1550,216,88
447,328,427,Shia001300,96,686,796,67,74
448,500,956,Shamela0023789,270,1127,1563,293,73
448,14,437,Shamela0023789,679,512,936,262,68
448,437,956,JK000916,18233,521,1068,260,51
448,446,943,Shamela0023790,596,1054,1511,325,75
448,1,441,Shamela0023790,626,1041,1485,339,92
448,1,577,Shamela0010496,202,254,751,318,59
448,1011,1269,Shamela0003118,2586,516,843,121,45
448,437,773,Shamela0003118,5270,1147,1454,152,49
448,1011,1269,Shamela0035100,1096,692,996,122,45
448,1011,1269,Shia003989,20,20,338,121,45
448,1,965,Shamela0028453,202,396,1439,741,85
448,1011,1333,Shamela0010646,287,954,1283,242,90
448,446,956,Shamela0010646,296,166,746,383,79
448,1,376,JK009288,753,1155,1531,284,90
448,1011,1269,Shamela0010906,1706,479,731,120,52
448,23,441,JK000919,423,391,728,212,54
449,514,747,Shamela0010768,311,18,238,141,67
449,788,1494,Shamela0023789,818,92,651,328,52
449,332,747,JK010552,453,454,1074,185,31
449,410,747,Shamela0000651,7,174,551,165,43
449,624,1494,Shia002185Vols,4190,1,727,458,61
449,347,747,Shia002185Vols,4195,603,1143,177,35
449,1013,1168,Sham19Y0014075,156,1430,1577,118,93
449,783,1016,Shamela0010614,249,1235,1505,153,68
449,1013,1241,Shamela0010614,250,1290,1511,175,94
449,1241,1494,Shamela0010614,251,1,302,200,82
449,783,1001,JK000916,10792,624,812,126,68
449,410,747,JK000916,10843,871,1238,163,43
449,347,747,JK000927,7,475,1079,171,30
449,531,747,JK003609,4347,138,561,140,41
449,1086,1494,Masaha003492Vols,154,1,385,260,72
449,788,1494,Shamela0009773,1208,294,955,416,65
449,783,1001,Shamela0009773,1214,37,264,138,67
449,347,761,Shamela0009773,1679,869,1320,153,35
449,994,1494,Shamela0007012,372,594,1055,309,72
449,783,1001,Shamela0003118,3346,780,968,127,68
449,410,747,Shamela0003118,3366,712,1077,163,43
449,347,747,Shamela0003118,5530,812,1401,187,32
449,25,238,JK001336,241,488,675,128,77
449,106,242,Shamela0010646,272,1063,1199,103,97
449,1013,1197,Shamela0010646,1133,1335,1527,138,85
449,1197,1494,Shamela0010646,1134,1,341,232,85
449,410,747,Shamela0011997,186,935,1293,161,43
449,410,747,Shia004649Vols,918,309,666,170,53
450,1,118,Shamela0023789,818,651,773,93,93
450,1,141,Shia002185Vols,4190,727,892,105,78
450,1026,1515,Shamela0012929,410,1170,1332,108,27
450,614,780,JK000916,27046,670,850,116,80
450,1026,1232,Sham19Y0036072,206,1295,1525,162,87
450,1232,1364,Sham19Y0036072,207,1,144,105,91
450,1,137,Shamela0009773,1208,955,1093,96,84
450,1,118,Shamela0007012,372,1055,1175,89,91
450,1011,1257,Shamela0026484,614,832,1074,174,83
450,614,792,Shamela0003118,7016,532,731,116,71
450,324,447,Shamela0012396,466,23,158,58,41
450,1154,1364,Shamela0008505,149,1,216,163,94
450,1352,1515,Shamela0008505,361,568,747,118,77
450,1,118,Shamela0010646,1134,341,458,96,100
450,1030,1364,Shamela0010646,1379,1039,1382,261,94
450,606,792,JK010605,130,904,1097,131,84
450,780,907,JK009288,52,836,963,102,100
450,621,792,Masaha002979Vols,541,594,762,116,84
450,1100,1364,Shamela19Y0145334,3675,402,673,203,90
451,196,847,JK000927,936,138,933,314,45
451,351,890,JK000917,1207,16,532,225,46
451,241,714,Sham19Y0023644,3274,159,889,220,37
451,1284,1444,Masaha003492Vols,891,601,757,124,96
451,955,1170,Shamela0023177,282,1171,1398,163,90
451,196,847,Shamela0004445,4134,49,902,323,44
451,1284,1479,Shamela0007012,383,127,795,150,27
451,202,847,Shamela0003118,3343,686,1488,304,43
451,87,196,Shamela0008505,372,6,120,85,95
451,196,871,Shamela0008505,563,315,1151,517,75
451,875,1170,Shamela0013075,98,404,622,150,64
451,196,847,JK010605,13,370,1191,316,44
451,950,1170,Shia002294Vols,476,399,639,167,87
451,196,697,Sham19Y0014275,127,792,1491,228,39
451,955,1170,Shamela0008477,238,539,749,163,95
451,955,1170,ShamAY0033956,135,494,723,166,92
452,149,396,ShamAY0007299,4454,725,965,155,73
452,396,853,Shia002185Vols,4178,1006,1498,347,86
452,867,1546,Shia002185Vols,4179,1,737,508,81
452,50,434,JK000916,15468,573,976,217,60
452,50,396,Masaha003492Vols,872,305,626,207,71
452,396,891,Shia002958,147,587,1107,367,84
452,959,1493,Shamela0009773,944,51,536,269,52
452,50,396,Shamela0007012,423,600,993,209,61
452,50,396,Shamela0003118,4536,349,738,211,62
452,396,1238,Zaydiyya0000300,46,647,1572,635,81
452,1238,1546,Zaydiyya0000300,47,1,309,224,86
452,50,396,Shamela0005815,127,1084,1472,201,58
453,776,1181,ShamIbadiyya0000109,7836,247,658,254,73
453,1,772,Shia002185Vols,4179,737,1447,505,78
453,188,651,Shamela0009773,944,522,940,221,49
453,781,1181,Shamela0011056,386,1,449,258,68
453,1,795,Zaydiyya0000300,47,309,1040,508,76
453,776,1181,JK001336,538,1001,1459,267,69
453,764,1495,Shamela0010646,982,429,982,367,57
453,188,651,Shamela19Y0145334,1975,15,433,221,49
454,469,665,Shamela0023789,1081,110,321,129,72
454,1086,1353,Shamela0025782,17,387,765,90,25
454,453,680,Shia002185Vols,4177,773,1032,175,82
454,1086,1353,Shamela0003722,1287,491,851,83,23
454,453,665,Shamela0010614,155,304,518,168,97
454,181,453,Shamela0010614,291,457,741,203,86
454,181,453,Shia003729Vols,614,659,951,206,86
454,1086,1353,Shia004092Vols,9562,215,591,87,28
454,1086,1375,Shamela0003118,1768,474,846,87,28
454,481,665,Shamela0010646,230,1,185,148,100
454,1086,1353,Rafed0002654Vols,9657,811,1189,85,23
455,471,1462,Shia002185Vols,4181,405,1449,474,47
455,465,1153,Shia001561,117,756,1462,304,41
455,1153,1458,Shia001561,118,1,350,181,60
455,727,1462,Zaydiyya0000300,42,7,719,358,53
456,13,751,Shia002185Vols,4182,41,874,420,57
456,883,1224,JK000916,23359,1063,1458,238,73
456,883,1228,Shamela0023790,39,604,989,241,76
456,1096,1196,Shamela0004445,3863,1,101,77,98
456,893,1232,Shamela0001585,230,238,545,187,66
456,13,902,Shia001561,118,428,1339,446,52
456,13,645,Zaydiyya0000300,42,792,1471,381,62
456,893,1228,Shamela0028453,223,795,1168,254,86
457,498,941,Shia002185Vols,365,1081,1490,282,77
457,628,1477,Shia002185Vols,366,1,587,308,39
457,54,210,Shamela0009427,247,347,525,115,78
458,1,331,Shamela0010646,122,960,1270,232,87
459,979,1463,Shamela0023787,14,908,1426,306,64
459,71,926,Shamela0009788,1901,38,514,357,51
459,1070,1479,Shamela0009788,1903,1,449,282,77
459,71,931,Shamela0028182,203,92,582,359,51
459,722,921,Shamela0010646,1585,214,421,148,87
459,435,713,Shamela0010646,1615,121,394,216,95
459,1011,1463,Shamela0001000,1220,117,606,309,77
459,199,435,JK006919,329,798,1048,147,73
460,1,455,Shamela0009788,1901,559,995,329,87
460,559,1043,Shamela0009788,1902,319,681,262,66
460,1,1067,Shamela0028182,203,609,1444,604,68
460,1264,1433,Shamela0010646,1585,432,568,104,77
460,129,450,Shamela0010646,2285,1011,1328,236,91
461,413,554,Shamela0023787,15,264,412,106,84
461,920,1092,Shamela0023787,208,230,402,136,100
461,88,421,Shamela0010283,749,147,481,255,96
461,554,1190,Shamela0009788,1901,1196,1493,185,35
461,609,1459,Shamela0028182,204,1,269,196,29
461,82,418,Shamela0010646,1062,667,1001,249,92
461,1200,1323,Shamela0010646,2297,1,123,97,99
462,434,1047,ShamAY0035866,106,986,1360,120,21
462,1010,1448,Shamela0009788,1903,591,881,138,32
462,235,1448,Shamela0028182,204,258,980,541,55
462,73,255,Shamela0010646,1107,171,374,132,81
462,1283,1443,Shamela0010646,2277,1352,1518,127,95
462,1,343,Shamela0010646,2286,51,226,131,48
462,1273,1448,Shamela0001000,222,891,1104,86,49
462,1283,1448,Shamela0009099,121,212,379,114,83
463,381,1105,Shamela0010283,749,473,1188,541,91
463,381,531,Shamela0009788,1904,33,196,113,89
463,193,315,Shamela0010521,283,1153,1273,96,98
463,15,536,Shamela0028182,204,980,1358,270,62
463,536,1119,Shamela0010646,1851,443,1031,437,93
463,1096,1482,Shamela0010646,2286,221,767,229,44
464,945,1121,Shamela0009788,1904,1038,1228,134,87
464,945,1423,Shamela0028182,205,85,372,217,54
464,1075,1423,Shamela0028182,206,1140,1291,111,38
464,175,485,Shamela0010646,2286,333,522,137,54
465,464,767,Shamela0010283,749,1184,1480,227,90
465,767,942,Shamela0010283,750,1,162,124,88
465,464,887,Shamela0009788,1903,1111,1515,314,90
465,382,1361,Shamela0028182,205,372,1142,568,71
465,382,551,Shamela0028182,206,1291,1454,122,90
465,551,1361,Shamela0028182,207,1,608,446,67
465,1352,1526,Shamela0010646,1615,531,711,127,90
465,378,934,Shamela0010646,2297,123,668,433,96
466,555,855,Shamela0010646,2286,959,1239,167,65
467,1197,1343,Shamela0028182,205,1227,1370,102,83
467,1197,1343,Shamela0028182,207,693,836,102,83
467,505,722,Shamela0010646,261,1227,1447,155,86
467,722,861,Shamela0010646,262,1,144,103,89
467,853,1343,Shamela0010646,1850,432,672,189,47
467,303,468,Shamela0010646,2297,664,830,132,99
467,930,1343,JK009288,31,54,482,298,83
468,164,369,Shamela0010646,1585,568,770,131,80
468,989,1347,Shamela0010646,2276,1145,1526,281,93
468,1351,1453,Shamela0010646,2277,7,109,81,100
468,164,273,JK009288,641,1556,1670,87,95
468,989,1383,JK010621,209,675,1141,255,62
468,412,650,JK006919,485,1102,1339,141,70
468,989,1395,Shamela0000589,32,303,837,277,62
469,996,1175,Shamela0010768,530,831,1035,132,78
469,146,324,Shamela0009788,1905,1,164,124,88
469,848,1236,Shamela0009788,1905,491,1044,266,59
469,848,1366,Shamela0028182,206,206,647,308,69
469,115,340,Shamela0028182,206,4,225,159,84
469,74,340,Shamela0028182,207,959,1224,191,85
469,848,1125,Shamela0028182,207,1205,1499,211,87
469,74,329,Shamela0010646,1107,575,837,198,96
469,324,1236,Shamela0010646,1585,733,1182,313,41
469,991,1175,JK009288,652,1208,1419,146,86
469,996,1175,JK010621,169,1267,1444,133,87
469,334,582,Shamela0023741,37,898,1177,121,51
470,835,992,Shamela0009788,1902,80,242,124,95
470,605,992,Shamela0028182,206,647,914,195,61
470,605,992,Shamela0028182,208,148,415,195,61
470,289,439,JK010621,60,985,1143,109,80
471,965,1061,Shamela0009788,1904,1319,1411,70,95
471,590,1061,Shamela0028182,206,909,1140,150,39
471,590,1061,Shamela0028182,208,410,641,150,39
471,913,1137,Shamela0010646,1107,832,963,97,53
471,716,1000,JK009288,489,773,1402,181,35
472,435,1030,Shamela0010768,184,588,1249,426,75
472,151,435,Shamela0005502,54,700,953,196,86
472,1065,1250,Shamela0010646,1326,264,439,136,83
472,1065,1254,JK009288,10,803,1004,150,85
472,435,1069,JK009288,887,438,1098,460,83
472,528,888,Masaha002979Vols,208,1062,1288,167,57
472,151,524,Shamela0001349,146,301,592,186,57
472,151,443,JK006919,479,577,770,134,57
473,56,1415,Shamela0010768,439,1,1306,869,76
473,915,1253,Shia003636Vols,7044,451,1016,185,42
474,546,1344,Shamela0010768,528,1,471,261,38
474,675,999,JK010621,143,479,770,184,69
475,177,1437,Shamela0010768,528,447,1134,373,34
476,1108,1506,JK003609,1285,112,467,241,68
476,1108,1415,Shamela0009788,43,1346,1586,179,70
476,562,1015,Shamela0009788,1899,870,1145,174,45
476,562,1034,JK010344,1140,193,555,237,59
476,1015,1337,Shamela0010646,1585,1170,1492,255,96
476,1337,1490,Shamela0010646,1586,1,152,118,95
476,676,1015,Shamela0010646,1977,1,340,257,93
476,562,1015,Shamela0001000,1220,795,1071,175,45
476,149,536,JK010621,143,1175,1472,209,67
476,562,1004,Sham19Y0073348,2049,1279,1540,169,45
476,1108,1506,Shamela0000589,35,580,931,242,69
477,111,284,Sham19Y0000259,720,527,712,127,88
477,106,284,Shamela0010768,184,1334,1542,133,81
477,737,1075,Sham19Y0020762,176,478,1207,227,36
477,115,279,Shamela0023790,633,689,875,126,84
477,152,265,Shamela0005355,163,33,162,77,77
477,106,302,Sham19Y0021505,44,1215,1485,142,67
477,793,1075,ShamAY0035859,180,554,843,217,92
477,552,1075,Shamela0010646,767,202,846,418,80
477,369,556,Shamela0010646,1100,1296,1492,151,93
477,111,302,Shamela0010646,1835,206,388,140,92
477,552,1075,Shamela0000736,1191,844,1094,163,39
477,712,966,Shamela0000736,1194,157,417,199,93
477,106,284,Sham19Y0073348,2050,649,839,133,89
477,552,1075,JK006919,146,983,1499,349,78
478,250,636,JK010552,62,1224,1560,210,64
478,629,811,JK010552,63,1,216,120,68
478,242,811,Shamela0029922,11,741,1366,371,67
478,228,451,Shamela0003722,3348,1327,1516,127,68
478,451,811,Shamela0003722,3349,1,433,250,68
478,235,833,JK000916,10654,411,1058,369,68
478,423,811,JK000916,10655,1,445,268,70
478,300,864,Sham19Y0023644,5576,460,1113,367,67
478,250,811,Kraken220413030759,1608,918,1441,318,63
478,328,811,Shamela0012406,2969,1,551,340,73
478,553,811,Kraken220208041040,469,650,916,164,74
478,358,805,Kraken220208041040,1475,1,365,212,56
478,927,1104,Shamela0010512,233,1327,1490,116,77
478,841,1104,Shamela0009788,1904,492,785,167,69
478,250,811,Shamela0035100,3419,621,1124,336,70
478,927,1104,Shamela0010646,1839,280,457,145,100
478,841,1104,Shamela0001000,1221,310,594,170,72
478,198,811,Shamela0010906,3353,462,1126,356,59
478,228,811,Shamela0000736,1188,168,787,371,67
478,316,811,ShamAY0032109,6,449,970,321,70
478,312,853,Shamela0000589,34,51,569,243,53
479,342,725,JK010552,854,768,1138,255,78
479,379,744,Shamela0001003,788,1077,1431,245,77
479,913,1297,Sham19Y0018147,219,374,783,202,54
479,425,744,Masaha003390Vols,62,1,299,189,69
479,906,1297,Shamela0010646,479,1085,1477,313,98
479,1,336,Shamela0010646,2287,98,304,155,58
479,236,336,Shamela0023775,742,946,1049,72,92
480,9,354,Shamela0001003,789,8,316,224,80
480,152,306,Shamela0005369,44,753,904,92,73
480,80,358,Shamela0010646,477,1111,1394,213,92
480,1155,1374,Shamela0010646,1908,636,845,139,78
480,615,786,Shamela0010646,2302,559,731,124,89
480,1155,1341,JK009288,570,346,506,112,75
480,80,358,JK009288,928,635,931,203,83
480,354,490,JK009288,947,419,548,94,86
480,1155,1341,Masaha002979Vols,688,1133,1307,118,81
481,166,1120,Shamela0001003,789,502,814,201,26
481,439,1120,Shamela0010283,713,391,696,210,38
481,803,927,Shamela0010646,1616,1329,1458,97,96
481,931,1172,Shamela0010646,2287,308,444,107,56
482,348,1147,Shamela0001003,789,820,1154,215,32
483,817,1490,ShamAY0033794,365,1,645,384,60
483,539,1360,Shamela0009229,129,681,1515,464,60
483,61,1271,JK000927,3086,273,1425,677,60
483,1271,1490,JK000927,3087,15,169,120,68
483,122,918,JK010672,37,902,1534,409,61
483,918,1490,JK010672,38,1,743,373,60
483,1,1466,Shamela0010283,639,84,1276,814,68
483,1,542,Shamela0010646,480,965,1502,413,95
483,542,1490,Shamela0010646,481,1,942,728,94
484,1,448,ShamAY0033794,365,645,1026,270,71
484,1,448,Shamela0009229,130,62,440,269,72
484,1,448,JK000927,3087,169,580,270,66
484,1,448,JK010672,38,743,1175,308,80
484,6,200,Shamela0010283,639,1282,1492,149,85
484,1,448,Shamela0010646,481,942,1379,339,91
484,1200,1467,Shamela0010646,1852,387,647,197,91
485,453,1090,Shamela0001003,789,1201,1487,187,35
485,1306,1521,Shamela0010646,598,999,1227,172,92
485,576,757,Shamela0010646,2287,554,733,143,96
485,110,807,Shamela0010646,2302,942,1466,407,71
485,807,1306,Shamela0010646,2303,1,434,335,83
486,645,1250,Shamela0010646,2287,853,1136,183,36
486,546,641,Shamela0010646,2303,434,530,73,97
486,1238,1465,Shamela0010646,2303,535,751,146,71
487,13,128,Shamela0010646,1615,1003,1130,89,88
488,842,1349,Shamela0023790,671,1121,1561,262,60
488,909,1356,Noorlib0006300,167,12,370,195,49
488,1225,1363,Shamela0009788,938,907,1049,81,61
488,878,1356,JK000001,1970,53,438,216,50
488,944,1481,Shamela0010646,482,1,467,364,85
488,878,1356,Shamela0001349,288,231,603,197,47
488,878,1356,Shamela0006947,2251,927,1314,211,49
488,878,1356,Shamela0021475,32,158,576,222,52
489,1,560,Shamela0005390,319,940,1510,406,84
489,560,743,Shamela0005390,320,1,185,124,82
489,1,765,Shamela0010646,482,467,1206,582,95
489,994,1122,Shamela0010646,1062,1254,1394,96,83
489,1138,1460,Shamela0010646,2288,46,381,249,93
489,863,994,Shamela0021475,40,22,148,101,94
490,356,580,Shamela0023789,1550,923,1146,145,77
490,859,1356,JK003609,985,303,617,225,55
490,356,580,Shamela0005406,45,1248,1469,149,81
490,447,580,Shamela0011056,340,1318,1432,76,73
490,447,580,JK001336,323,1075,1189,81,78
490,312,580,Shamela0008505,354,298,585,186,81
490,239,334,Shamela0010646,1063,1,96,74,100
490,1008,1138,Shamela0010646,1107,975,1105,105,100
490,346,580,Shamela0010646,1348,585,804,166,87
490,730,1002,Shamela0010646,2288,457,663,142,63
491,373,996,JK003609,985,628,1143,268,47
491,765,991,Shamela0010283,783,1141,1373,168,89
491,765,908,Shamela0005390,126,1405,1555,113,94
491,770,1018,Shamela0010646,1991,170,421,170,84
491,80,302,Shamela0010646,2288,667,908,168,84
491,770,996,JK009288,96,1039,1265,163,87
491,1194,1375,JK009288,317,41,221,127,80
491,1089,1221,JK009288,569,621,755,107,98
492,170,866,JK003609,985,1132,1541,281,48
492,866,1220,JK003609,986,1,339,255,89
492,1,159,Shia002173,80,1290,1383,66,53
492,1036,1469,Shamela0010646,2288,1053,1407,268,77
492,1,159,Shamela0005963,594,120,248,70,51
492,1,159,JK000761,277,1148,1293,96,71
493,727,1106,JK003609,986,275,674,262,80
493,651,1111,Sham19Y0023644,5302,1073,1367,197,50
493,615,1106,Shamela0012406,2846,404,755,247,59
493,693,1111,Shamela0006952,21,901,1183,202,56
493,770,1111,JK000910,120,5,197,149,53
493,374,581,Shamela0010646,1233,1327,1531,162,97
493,204,374,Shamela0010646,2304,547,736,136,89
493,374,615,JK009288,845,729,959,178,92
493,638,1106,Shamela0000736,1143,669,1008,245,61
494,1,295,Shamela0010614,315,452,1161,233,40
494,1,230,Shamela0009096,187,1097,1540,167,45
494,1150,1491,Shamela0010646,1908,824,1155,259,92
494,1,1161,Shamela0010646,2313,562,918,274,29
495,294,437,Shamela0010646,968,402,546,112,93
495,85,294,Shamela0010646,1586,156,382,154,85
495,571,1063,Shamela0010646,2314,110,618,380,90
495,1136,1294,JK009288,320,389,631,114,55
495,1374,1535,JK009288,321,45,206,124,92
496,1075,1433,Shamela0010646,2313,901,1264,276,95
496,64,306,JK009288,404,552,840,172,72
497,1424,1537,Shamela0010646,1911,761,877,90,97
497,577,720,Shamela0010646,2313,1264,1415,112,88
498,1,618,Shamela0010646,1911,877,1517,479,92
498,618,1442,Shamela0010646,1912,1,689,533,80
500,1023,1230,Shamela0011755,733,1351,1563,133,72
500,271,517,Shamela0010646,1403,1324,1575,201,97
500,1023,1366,Shamela0023775,347,475,900,237,69
500,145,266,JK006919,433,769,887,94,94
501,1173,1321,Shamela0009773,3655,965,1111,87,70
501,480,585,Shamela0010512,126,1417,1522,83,99
501,1180,1317,Shamela0006952,46,1195,1351,84,66
501,480,585,Shamela0010646,1615,1130,1234,82,97
501,15,334,Shamela0010646,1912,694,1016,247,94
501,334,585,JK006919,1183,909,1167,141,62
502,930,1373,Shamela0010646,546,318,778,345,90
502,35,276,Shamela0010646,618,838,1091,187,94
502,930,1373,JK009365,347,802,1163,269,73
503,591,746,Shamela0010646,482,1206,1353,115,93
503,336,442,Shamela0010646,1615,1234,1342,75,82
504,498,906,Shamela0010614,388,138,559,282,82
504,964,1149,Shamela0009788,153,920,1183,150,70
505,1042,1481,Shamela0005406,86,286,658,183,47
505,384,777,Shamela0010646,453,381,697,219,67
505,82,206,Shamela0010646,483,102,226,70,67
506,320,665,Shamela0010283,640,231,502,201,71
508,405,729,Shamela0010646,453,689,922,174,68
508,405,520,JK009288,297,810,925,88,97
508,405,516,Masaha002979Vols,859,152,261,83,92
509,619,952,Kraken22021606121201,856,488,837,186,59
509,813,947,Shamela0010646,452,486,622,107,97
509,264,444,Shamela0010646,453,1002,1181,142,96
509,958,1063,Shamela0010646,483,519,627,79,93
509,470,614,Shamela0000736,5764,847,1017,103,76
509,1,264,Shamela0010501,25,882,1206,122,40
509,264,444,Shamela0010501,109,451,591,103,65
510,1112,1342,Shia001544Vols,889,1061,1317,163,77
510,1346,1490,Shamela0023790,601,1280,1436,112,91
510,1108,1337,Shamela0010283,638,1221,1430,144,77
510,544,789,Shamela0011056,339,695,892,122,60
510,544,789,JK001336,310,410,602,121,60
510,48,494,Shamela0010646,453,1177,1465,231,64
510,528,1112,Shamela0010646,454,881,1433,402,81
510,253,411,Shamela0010646,483,627,779,113,90
510,48,236,JK009288,144,1305,1492,146,96
510,1112,1346,Shamela0001349,298,128,368,155,79
510,52,253,Shamela0001349,303,750,957,144,81
510,1112,1364,Rafed0002267,33,554,843,181,79
511,1055,1253,Shamela0010646,455,68,270,153,87
511,543,691,Shamela0010646,483,774,925,115,92
511,944,1059,JK009288,748,1010,1125,91,98
512,427,614,Sham19Y0018275,66,1284,1487,138,85
512,267,423,JK000927,2659,784,958,112,80
512,427,575,Shamela0008505,385,1431,1595,111,84
512,433,614,Shamela0010646,448,262,452,139,91
512,286,1199,Shamela0010646,455,280,923,370,44
513,982,1429,Sham19Y0147065,26,806,1225,287,74
513,32,390,Shamela0010283,636,1175,1517,254,88
513,390,513,Shamela0010283,637,1,125,89,94
513,1015,1429,Shamela0010283,642,995,1416,276,77
513,986,1392,Shamela0011056,339,1087,1477,260,72
513,986,1392,JK001336,309,1022,1419,265,73
513,32,469,JK001336,315,505,910,283,78
513,978,1429,Shamela0010646,449,967,1434,336,87
513,28,517,Shamela0010646,455,897,1379,358,92
513,982,1429,Shamela0001349,297,298,764,297,72
513,166,487,Shamela0021475,63,1,297,189,72
514,319,900,Shamela0010283,638,165,740,430,91
514,1162,1505,Shamela0010283,640,502,836,238,82
514,319,900,Shamela0010646,454,283,881,457,95
514,1,347,Shamela0010646,483,943,1308,263,88
514,900,1105,Shamela0010646,483,1286,1489,152,93
514,319,900,Rafed0002267,33,835,1412,430,89
515,1,301,Shamela0010283,640,836,1099,194,78
516,647,830,Shamela0010646,970,1187,1364,117,76
516,637,830,Masaha002979Vols,748,585,758,117,74
517,1031,1177,Shamela0011068,105,663,799,102,90
517,1071,1177,Shamela0009096,195,552,658,80,100
517,737,1009,JK009288,319,994,1275,182,74
517,1177,1480,JK009288,354,28,323,233,94
518,106,418,JK009288,369,369,669,230,92
518,423,1521,JK009288,375,100,1202,811,90
519,1,394,JK009288,375,1205,1596,284,85
519,394,1588,JK009288,376,1,1224,872,85
520,1,344,JK009288,376,1224,1560,257,93
520,344,526,JK009288,377,1,183,143,98
521,1059,1428,Shamela0010646,289,1072,1442,290,97
522,333,463,Shamela0010614,520,315,439,86,80
522,463,1235,Shamela0010646,2309,36,344,242,39
523,223,430,JK009288,548,1288,1497,155,89
523,443,910,JK009288,549,347,824,332,83
523,889,1100,JK009288,554,1261,1480,148,76
523,1100,1506,JK009288,555,8,409,279,81
524,227,523,Shamela0011068,58,851,1125,143,55
524,916,1230,JK009288,333,1155,1453,205,80
524,1,259,JK009288,555,409,664,197,95
524,264,458,JK009288,565,1287,1488,149,91
524,458,656,JK009288,566,1,219,138,78
524,652,808,JK009288,643,135,298,122,93
524,1230,1453,Masaha002349,337,1144,1360,129,70
525,11,270,Shamela0023789,1626,1214,1413,112,56
525,1265,1451,Shamela0010614,316,533,712,132,86
525,11,288,Shamela0023790,320,436,675,173,79
525,461,831,Shamela0010646,2308,686,1060,284,96
525,878,1049,JK009288,330,1109,1301,126,82
525,430,878,JK009288,598,315,744,307,87
525,1,273,Shamela0023775,345,1011,1293,214,95
526,1085,1354,Shamela0010614,95,260,579,215,79
526,1,258,Shamela0010614,316,712,965,188,91
526,555,915,Shamela0010646,2308,1068,1448,281,92
528,979,1385,Rafed0001121,123,543,951,306,86
528,965,1530,Zaydiyya0000037Vols,275,655,1541,337,43
528,1069,1713,Zaydiyya0000037Vols,276,156,853,501,86
528,965,1207,Zaydiyya0000194,80,739,905,122,60
528,965,1207,Shia002185Vols,3425,1112,1346,167,78
528,1069,1713,Shia002185Vols,3460,140,818,503,89
528,922,1337,Shia001286,66,481,828,232,63
528,1004,1713,Shia003729Vols,45,549,1193,437,68
528,965,1713,Shia003729Vols,46,278,1024,607,99
528,1023,1407,Zaydiyya0000142,2431,898,1284,297,91
528,1023,1279,Zaydiyya0000142,3444,176,418,197,94
528,922,1354,Shia004092Vols,3971,646,947,191,53
528,901,1713,Shia004092Vols,3973,454,1172,464,64
528,965,1109,Shia004092Vols,3976,1379,1508,94,73
528,965,1432,Shia004092Vols,3977,711,1425,362,61
528,965,1298,Shia004092Vols,3978,529,886,211,67
528,901,1399,Shia004092Vols,6901,334,728,265,62
528,1004,1713,Shia004092Vols,9182,500,1115,402,62
528,901,1713,Shia004092Vols,12230,487,1170,441,61
528,1045,1337,Zaydiyya0000454,236,72,354,217,87
528,985,1330,Shia003704,380,202,564,210,62
528,922,1330,Zaydiyya0000288,547,498,816,209,60
528,922,1148,Shia001337Vols,119,1313,1520,138,76
528,1143,1385,Shia001337Vols,120,1,249,184,86
528,965,1207,Shia001432Vols,11270,1176,1408,168,79
528,922,1432,Shia001432Vols,11271,962,1332,189,40
528,922,1302,Shia001432Vols,11272,1140,1511,253,79
528,1139,1713,Shia001432Vols,11281,1,565,360,67
528,922,1354,Shia001432Vols,11282,945,1251,189,52
528,1028,1188,Zaydiyya0000161,60,1319,1474,120,90
528,965,1615,Rafed0003228Vols,82,961,1528,427,79
528,979,1399,Shia001278Vols,652,862,1331,278,69
528,998,1389,Shia003636Vols,895,1015,1405,276,80
528,901,1556,Shamela0012848,9,954,1563,395,66
528,922,1354,Shamela0012848,11,472,778,190,52
528,901,1713,Shia001553,244,71,731,422,58
528,922,1354,Shia001553,245,855,1161,189,52
528,965,1602,Shia001368,195,990,1586,423,75
528,922,1713,Shia003996Vols,711,691,1539,593,83
528,1399,1550,Shia003707Vols,439,1637,1787,118,97
528,922,1542,Shia004038,130,906,1553,455,84
528,1542,1713,Shia004038,131,1,156,127,88
528,922,1157,Shia003757,252,1396,1611,144,75
528,952,1615,Masaha002310,158,858,1477,384,65
528,979,1385,Shia000806Vols,158,1083,1494,302,83
528,1079,1713,Shamela0010646,1367,1,676,516,93
528,965,1207,Shia001749,66,1150,1385,168,78
528,1232,1537,Shia001749,67,7,672,167,30
528,901,1354,Rafed0002654Vols,3909,1246,1625,244,64
528,965,1367,Rafed0002654Vols,3914,877,1528,310,57
528,965,1298,Rafed0002654Vols,3915,783,1145,211,66
528,901,1399,Rafed0002654Vols,6901,572,966,265,62
528,1004,1713,Rafed0002654Vols,9247,684,1295,398,61
528,901,1713,Rafed0002654Vols,12573,670,1353,442,61
528,1129,1657,Masaha003294,96,1,483,356,78
528,971,1537,Shia001663Vols,330,328,906,419,84
528,917,1258,Zaydiyya0000039,681,1165,1522,200,60
529,1,378,Rafed0001121,125,1283,1753,283,71
529,378,1515,Rafed0001121,126,1,1611,790,57
529,1515,1663,Rafed0001121,127,466,622,112,78
529,1,821,Zaydiyya0000037Vols,276,853,1649,602,87
529,821,1636,Zaydiyya0000037Vols,277,1,754,533,74
529,115,629,Zaydiyya0000194,84,7,508,324,68
529,868,1018,Zaydiyya0000194,90,1333,1499,118,86
529,1321,1663,Shia002185Vols,3426,752,1099,240,77
529,1,721,Shia002185Vols,3460,818,1606,554,83
529,721,1636,Shia002185Vols,3461,1,877,666,84
529,1,721,Shia001286,68,736,1665,464,58
529,730,1515,Shia001286,69,1,717,396,50
529,1,434,Shia003729Vols,45,1193,1603,305,79
529,1,619,Shia003729Vols,46,1024,1667,500,94
529,619,1666,Shia003729Vols,47,1,1055,855,98
529,590,746,Shia003729Vols,398,938,1079,113,88
529,1321,1580,Zaydiyya0000142,2431,1308,1511,157,73
529,102,495,Rafed0000185Vols,65,7,431,285,77
529,1315,1636,Shia004020,186,1044,1294,155,54
529,1321,1636,Shia004020,481,6,292,207,75
529,1315,1636,Shia001403,37,936,1207,179,63
529,1,389,Shia004092Vols,3973,1172,1552,269,78
529,389,1663,Shia004092Vols,3974,1,1254,898,80
529,1,305,Shia004092Vols,6899,1361,1763,224,65
529,1057,1515,Shia004092Vols,6900,110,592,243,49
529,1,562,Shia004092Vols,9182,1115,1617,380,80
529,1,443,Shia004092Vols,12230,1170,1595,303,78
529,443,1666,Shia004092Vols,12231,1,831,592,56
529,1,1250,Shia003704,382,357,1678,849,72
529,1344,1666,Shia003704,383,1111,1428,225,79
529,329,1666,Zaydiyya0000288,549,10,1278,708,56
529,1,1265,Shia001337Vols,122,87,1674,905,66
529,1515,1663,Shia001337Vols,123,973,1129,112,78
529,56,1265,Shia001432Vols,11275,1,1521,882,67
529,1309,1515,Shia001432Vols,11276,25,263,117,53
529,1,1130,Shia001432Vols,11281,565,1683,779,77
529,1130,1666,Shia001432Vols,11282,1,506,390,88
529,806,1073,Shia001432Vols,11300,483,1653,209,21
529,19,1636,Rafed0003228Vols,83,38,1128,831,61
529,1,1232,Shia001278Vols,653,282,1648,862,72
529,1515,1663,Shia001278Vols,654,673,812,112,87
529,1,235,Shia003636Vols,897,1466,1769,178,68
529,235,1399,Shia003636Vols,898,4,1585,828,62
529,320,590,Shia003636Vols,1126,1,239,166,75
529,1,1622,Shamela0012848,10,93,1678,1118,78
529,1,1190,Shia001553,244,731,1666,681,66
529,1190,1666,Shia001553,245,1,445,338,86
529,590,992,Shia003725,89,610,1016,330,97
529,19,1636,Shia001368,196,83,1291,933,68
529,53,1641,Shia003996Vols,712,1,1644,1183,83
529,663,992,Shia004030Vols,2035,1,329,271,98
529,1,1265,Shia003707Vols,440,158,1642,827,63
529,1344,1663,Shia003707Vols,441,556,843,213,76
529,1,1399,Shia004038,131,156,1647,1105,88
529,1479,1666,Shia004038,132,6,179,140,90
529,102,519,Shia003757,465,1042,1490,309,79
529,903,1315,Shia003757,487,493,1137,307,57
529,1515,1663,Shia003757,496,141,316,123,84
529,121,1610,Masaha002310,159,1,1389,969,72
529,1,965,Shamela0010646,1367,676,1681,783,94
529,965,1666,Shamela0010646,1368,1,751,550,89
529,1321,1663,Shia001749,67,745,1062,236,82
529,1,1340,Shia001749,97,11,1652,868,59
529,1344,1663,Shia001749,98,376,667,214,75
529,1,1309,Rafed0002654Vols,3910,354,1676,923,79
529,1309,1663,Rafed0002654Vols,3911,1,316,251,85
529,107,401,Rafed0002654Vols,6900,10,330,217,78
529,1057,1515,Rafed0002654Vols,6900,345,829,241,49
529,1,349,Rafed0002654Vols,9247,1295,1600,237,80
529,349,730,Rafed0002654Vols,9248,1,357,250,74
529,1,235,Rafed0002654Vols,12573,1353,1567,159,78
529,235,1666,Rafed0002654Vols,12574,4,1035,737,60
529,19,1636,Masaha003294,96,483,1547,835,62
529,1321,1636,Shia001663Vols,330,945,1191,190,73
530,210,940,Rafed0001121,127,680,1600,517,68
530,1043,1617,Rafed0001121,128,146,886,397,65
530,1,317,Shia002185Vols,3426,1142,1553,152,43
530,317,1600,Shia002185Vols,3427,1,1138,646,56
530,210,1543,Shia001286,71,355,1612,803,67
530,1,588,Shia003729Vols,47,1055,1642,473,99
530,588,1627,Shia003729Vols,48,1,1055,844,98
530,1,150,Zaydiyya0000142,2432,45,199,112,91
530,150,1395,Shia004092Vols,3975,461,1628,883,85
530,1395,1627,Shia004092Vols,3976,1,236,182,96
530,201,612,Shia003704,384,1115,1574,267,69
530,8,142,Shia003704,384,421,613,100,65
530,612,1617,Shia003704,385,1,846,552,64
530,886,1600,Zaydiyya0000288,550,240,847,351,54
530,525,1617,Shia001337Vols,124,1,1413,727,60
530,210,641,Shia001432Vols,11276,1002,1557,293,63
530,657,1617,Shia001432Vols,11277,23,1192,626,62
530,400,1627,Shia001432Vols,11285,15,1232,946,92
530,414,569,Shia001432Vols,11305,430,1167,115,18
530,201,940,Shia001278Vols,654,877,1571,480,75
530,940,1622,Shia001278Vols,655,1,745,392,54
530,210,768,Shia003636Vols,899,837,1551,371,63
530,768,1617,Shia003636Vols,900,1,1068,573,62
530,150,970,Shamela0012848,13,716,1582,617,85
530,970,1627,Shamela0012848,14,1,640,508,94
530,150,594,Shia001553,247,1079,1554,323,84
530,588,1627,Shia001553,248,1,982,772,90
530,383,892,Shia002389Vols,417,282,869,340,68
530,1,352,Shia003707Vols,441,890,1528,205,37
530,357,1600,Shia003707Vols,442,7,1288,800,67
530,210,808,Shia003757,502,697,1467,402,63
530,1043,1617,Shia003757,513,125,868,388,62
530,1,784,Shamela0010646,1368,751,1591,618,91
530,784,1627,Shamela0010646,1369,1,869,683,96
530,1,336,Shia001749,67,1104,1529,167,46
530,339,1600,Shia001749,68,1,1104,631,56
530,1,607,Shia001749,98,710,1556,362,47
530,607,1600,Shia001749,99,1,1042,627,65
530,150,1202,Rafed0002654Vols,3912,560,1616,784,87
530,1202,1627,Rafed0002654Vols,3913,1,430,337,96
530,8,134,Masaha002865,338,962,1165,92,57
530,419,1600,Shia001663Vols,331,19,1007,582,56
531,900,1657,Shia001334,350,1,997,533,63
531,1,303,Rafed0001121,128,893,1218,242,89
531,1019,1470,Rafed0001121,132,943,1658,293,51
531,328,1119,Rafed0001121,132,14,1084,517,58
531,675,986,Zaydiyya0000194,39,1362,1692,238,88
531,1030,1509,Zaydiyya0000194,40,640,1140,367,87
531,367,1183,Zaydiyya0000047,71,880,1627,469,64
531,367,1657,Shia002185Vols,3446,209,1570,985,86
531,1,303,Shia001286,72,255,583,244,88
531,322,1088,Shia001286,74,670,1564,538,69
531,1088,1657,Shia001286,75,1,607,411,80
531,1,604,Shia003729Vols,48,1055,1640,476,96
531,604,1657,Shia003729Vols,49,1,1065,855,97
531,669,1657,ShamAY0033603,33,1,985,707,83
531,424,1657,Masaha002871,24,1,1351,893,77
531,669,1381,Zaydiyya0000199,239,829,1608,542,83
531,1,303,Shia004092Vols,3976,236,538,245,98
531,322,561,Shia004092Vols,3978,1210,1478,189,85
531,561,1657,Shia004092Vols,3979,1,1078,817,89
531,418,953,Shia004092Vols,6901,890,1626,417,69
531,86,303,Shia004092Vols,6901,6,233,175,93
531,1012,1509,Shia004092Vols,6902,89,874,343,54
531,1,303,Shia003704,385,853,1133,207,78
531,373,1657,Shia003704,387,32,936,669,62
531,378,1429,Zaydiyya0000288,49,1,1130,642,60
531,1,303,Zaydiyya0000288,550,854,1154,237,95
531,1,275,Shia001337Vols,124,1420,1715,217,88
531,328,1045,Shia001337Vols,127,592,1571,502,61
531,1126,1657,Shia001337Vols,128,143,819,393,71
531,418,880,Shia001392Vols,141,1295,1507,137,35
531,1,303,Shia001432Vols,11277,1199,1522,240,89
531,1,303,Shia001432Vols,11285,1232,1540,246,96
531,378,1213,Shia001432Vols,16211,728,1590,621,85
531,1218,1657,Shia001432Vols,16212,7,414,309,84
531,373,1538,Shia001432Vols,16213,17,1645,813,60
531,367,962,Shia001432Vols,16214,922,1456,324,57
531,980,1657,Shia001432Vols,16215,1,668,467,79
531,6,303,Shia001278Vols,655,763,1111,218,70
531,1,303,Shia003636Vols,900,1075,1385,232,86
531,328,1232,Shia003636Vols,909,162,1606,638,54
531,1238,1589,Shia003636Vols,910,6,435,274,77
531,343,1291,Zaydiyya0000087,144,707,1596,538,61
531,1,303,Shamela0012848,14,640,946,248,97
531,322,1187,Shamela0012848,15,629,1550,659,85
531,337,1291,Shamela0012848,16,647,1643,711,84
531,1291,1657,Shamela0012848,17,1,366,296,98
531,1,303,Shia001553,248,982,1285,244,97
531,322,880,Shia001553,249,947,1548,432,87
531,880,1657,Shia001553,250,1,746,567,88
531,337,1429,Zaydiyya0000042,237,889,1562,408,43
531,367,1429,Zaydiyya0000042,262,373,1409,668,68
531,774,1509,Shia003725,90,1,549,417,68
531,378,1388,Shia001148,345,596,1590,721,82
531,1388,1657,Shia001148,346,1,263,206,94
531,669,1509,Shia004030Vols,2035,658,1315,505,71
531,1,303,Shia003707Vols,442,1318,1636,244,92
531,322,1657,Shia003707Vols,443,126,1558,1004,84
531,1,303,Shia003757,513,875,1224,242,83
531,322,1232,Shia003757,661,309,1638,615,57
531,1262,1657,Shia003757,662,35,473,310,85
531,408,1132,Shia003710,341,949,1605,404,60
531,1,303,Shamela0010646,1369,869,1183,248,95
531,367,1454,Shia001749,82,451,1617,828,84
531,1454,1657,Shia001749,83,1,204,155,95
531,1,367,Shia001749,99,1072,1445,258,80
531,1,303,Rafed0002654Vols,3913,430,732,247,98
531,322,1657,Rafed0002654Vols,3916,8,1362,1013,89
531,1,303,Rafed0002654Vols,6901,164,473,228,85
531,418,843,Rafed0002654Vols,6901,1128,1644,334,79
531,838,1509,Rafed0002654Vols,6902,15,1093,465,53
531,669,1616,Rafed0000609Vols,71,660,1679,730,86
531,343,1633,Zaydiyya0000039,683,289,1647,981,86
532,172,1040,Shamela0023789,905,490,1544,527,58
532,220,1099,Shamela0023789,1038,423,1438,508,57
532,1,172,Rafed0001121,133,182,380,136,83
532,208,820,Shia002265Vols,4033,406,1086,463,83
532,220,780,Shamela0009229,417,723,1412,367,64
532,886,1103,Shamela0009229,418,1,191,139,78
532,208,820,JK009390,3729,418,1060,434,78
532,208,820,JK009390,5827,193,849,434,76
532,208,820,JK009390,7292,268,962,464,82
532,17,172,Shia001286,75,620,784,124,90
532,208,424,Shamela0009200,653,1336,1552,162,93
532,432,850,Shamela0009200,654,1,490,314,78
532,208,820,JK000916,11566,858,1539,477,86
532,235,1035,Shamela0010529,75,725,1536,395,51
532,300,1099,Shia003729Vols,149,1,966,439,51
532,208,664,Sham19Y0127677,5616,1025,1547,345,81
532,172,820,Masaha003492Vols,410,612,1376,418,61
532,1131,1336,Masaha003492Vols,411,15,315,137,54
532,17,172,Masaha002871,24,1364,1528,124,90
532,208,820,Shamela0001438,7718,442,1122,463,83
532,1,172,Shia004092Vols,3979,1078,1256,138,92
532,235,1228,Shamela0026463,14,311,1493,661,68
532,1,172,Shia001337Vols,128,819,1016,137,84
532,248,706,Shamela0007012,388,931,1565,299,54
532,1,172,Shia001432Vols,16214,117,314,137,84
532,17,172,Shia003636Vols,910,435,621,126,81
532,235,786,Shamela0012848,3,677,1530,399,57
532,786,1099,Shamela0012848,4,1,338,232,83
532,1,358,Shamela0012848,16,447,764,176,55
532,1,172,Shamela0012848,17,366,544,138,92
532,248,1099,Sham19Y0018147,769,1,951,450,50
532,208,820,Shamela0003118,3564,388,1069,474,85
532,1,172,Shia001553,250,746,926,137,91
532,208,767,Shamela0037325,204,956,1572,422,83
532,1,172,Shia001148,346,263,445,136,90
532,1,172,Shia003757,662,473,670,135,83
532,1,172,Shia001749,83,204,384,135,89
532,1383,1591,Shamela0000736,5064,1059,1333,156,66
532,1,172,Rafed0002654Vols,3916,1362,1540,138,92
532,1,172,Zaydiyya0000039,684,25,206,134,89
533,190,1551,Shamela0023789,996,315,1121,560,50
533,620,956,Shamela0001397,92,1,339,252,91
533,190,1351,ShamAY0035243,5,555,1530,691,71
533,190,983,JK000213,539,806,1572,563,85
533,983,1623,JK000213,540,1,567,399,76
533,200,1623,Shia001782Vols,2971,274,1542,881,71
533,232,1623,ShamAY0032772,9,7,1081,775,66
533,200,657,Shamela0009200,652,969,1392,308,80
533,657,1623,Shamela0009200,653,1,881,621,76
533,190,1485,JK000916,11564,490,1528,731,68
533,181,1074,JK000916,11565,700,1557,631,85
533,1099,1623,JK000916,11566,1,454,306,70
533,190,1141,Sham19Y0023644,2726,653,1566,632,76
533,1141,1623,Sham19Y0023644,2727,5,407,277,70
533,190,1623,Masaha003492Vols,377,118,1193,766,64
533,369,1623,Shamela0010283,1548,21,1230,892,83
533,262,1623,JK007063,339,1,1256,872,75
533,190,1533,Shamela0007012,397,504,1546,696,59
533,232,795,Shamela0026561,13,1021,1486,339,71
533,795,1623,Shamela0026561,14,1,634,457,66
533,351,1339,Shamela0012848,1,586,1590,673,74
533,1339,1623,Shamela0012848,2,1,287,207,84
533,12,669,Sham19Y0018285,448,968,1557,310,53
533,669,1623,Sham19Y0018285,449,1,677,462,57
533,369,653,JK001173,240,1206,1468,190,78
533,657,1623,JK001173,241,1,849,623,79
533,377,1229,Sham19Y0018147,662,827,1456,404,54
533,190,1623,Shamela0003118,3563,350,1492,802,68
533,12,901,Shamela0037325,203,703,1587,586,75
533,901,1623,Shamela0037325,204,1,629,431,71
533,194,1592,Shamela0008657,181,61,1585,869,62
533,485,1623,Shamela0001733,4587,1,1105,777,77
533,190,620,Shamela0010646,1369,1201,1653,323,84
533,620,1623,Shamela0010646,1370,1,1027,787,93
533,149,1403,Shamela0009429,188,387,1572,826,74
533,1451,1623,Shamela0009429,189,11,167,118,84
533,386,1623,Shamela0000927,1406,1,1127,804,77
533,190,1019,ShamAY0033733,102,877,1604,511,73
533,1019,1623,ShamAY0033733,103,1,472,331,66
533,190,1327,Shamela0012031,325,461,1512,700,71
534,647,1107,Shamela0010768,38,802,1264,320,82
534,647,1107,Shamela0023789,626,508,895,254,64
534,662,1107,Shamela0006945,77,1,329,225,61
534,1,316,ShamAY0035243,6,242,549,209,81
534,1,316,JK000213,540,567,871,225,86
534,37,608,Shia001782Vols,2972,1,579,303,61
534,1,316,ShamAY0032772,9,1081,1363,192,73
534,1185,1550,Shia002185Vols,1247,715,1089,283,94
534,369,608,Shamela0009770,707,483,851,156,53
534,1130,1550,Shia001382,117,135,588,313,85
534,608,949,Shamela0010614,347,1109,1453,233,81
534,1,316,Shamela0009200,653,881,1182,215,82
534,1,316,JK000916,11565,105,442,212,75
534,1,316,JK000916,11566,454,759,217,83
534,666,1107,JK000916,11615,607,824,145,40
534,303,608,Shia001949,252,596,877,134,45
534,854,1107,Shamela0012703,18,1,239,168,79
534,617,1107,Zaydiyya0000142,1622,571,964,216,51
534,5,316,Sham19Y0023644,2727,414,706,213,83
534,489,1038,Shamela0023790,477,9,244,129,28
534,1,316,Masaha003492Vols,377,1193,1512,219,80
534,637,1107,Shamela0010283,1068,158,649,327,80
534,1,316,Shamela0010283,1548,1230,1553,236,90
534,1,316,JK007063,339,1256,1548,213,83
534,27,316,Shamela0007012,398,1,296,202,79
534,1,316,Shamela0026561,14,634,924,202,75
534,1,1152,Shamela0012848,2,287,1355,544,48
534,303,613,Shamela0012848,4,616,886,152,56
534,1,316,JK001173,241,849,1153,224,88
534,322,613,Shamela0023798,381,745,976,132,50
534,47,316,Shamela0003118,3564,4,286,182,76
534,666,1121,Shamela0003118,3575,756,988,152,40
534,662,917,Shamela0007472,75,1269,1538,180,80
534,1,393,Shamela0037325,204,629,1100,241,62
534,617,1107,JK001336,881,1102,1514,223,53
534,303,608,ShamAY0033926,252,1054,1332,152,50
534,303,608,Shamela0000772,174,666,940,152,52
534,647,1107,Shamela0008657,232,1038,1422,240,64
534,303,608,Shia002009,52,313,563,144,54
534,303,608,Shia003895Vols,292,579,839,146,51
534,1,316,Shamela0001733,4587,1105,1418,222,87
534,617,1168,Shamela0010646,925,997,1427,243,50
534,5,316,Shamela0010646,1370,1034,1436,222,65
534,1137,1335,Shamela0010646,1595,1314,1510,143,80
534,1335,1550,Shamela0010646,1596,1,233,172,92
534,1,316,Shamela0009429,189,167,489,242,92
534,1,316,Shamela0000927,1406,1127,1436,232,90
534,647,1103,JK000691,18,240,651,243,62
534,1,316,ShamAY0033733,103,472,757,201,76
534,5,316,Shamela0012031,326,290,583,210,81
535,10,541,Masaha005108Vols,233,921,1495,254,52
535,1085,1352,Shamela0023789,1039,80,545,153,41
535,1089,1506,Shia001415,12,686,1411,179,25
535,1,436,Shia002185Vols,1247,1089,1516,315,89
535,436,744,Shia002185Vols,1248,7,325,192,68
535,6,744,Shia001382,117,624,1265,457,76
535,1035,1355,JK001030,57,998,1426,151,41
535,1089,1506,Shia004092Vols,11774,168,887,201,31
535,51,744,Shia003636Vols,1397,4,745,398,62
535,1,657,Shamela0010646,1596,233,887,469,87
535,1089,1316,Rafed0002654Vols,12097,1091,1514,144,42
535,1093,1352,Shia001626Vols,266,253,717,147,40
536,680,1504,Shamela0023789,1041,18,773,543,79
536,488,669,Shia004484,39,56,216,127,87
536,1,164,Shia002185Vols,1240,852,1002,110,84
536,1104,1230,Shia002185Vols,1245,409,548,81,75
536,699,886,Shia003461Vols,1093,1053,1253,126,74
536,730,1504,Shamela0010614,344,1,820,588,86
536,699,1195,Shia003729Vols,151,1061,1519,304,69
536,1209,1504,Shia003729Vols,152,1,281,198,84
536,765,1295,Shia003729Vols,510,309,745,124,22
536,1104,1230,Zaydiyya0000142,3158,856,1000,81,72
536,724,1023,Shamela0009789,426,948,1597,217,41
536,1104,1230,Shia001432Vols,12387,821,941,70,67
536,1104,1230,Zaydiyya0000161,364,1179,1318,81,75
536,5,174,Shamela0012848,5,1113,1354,109,54
536,179,1504,Shamela0012848,6,1,1467,930,74
536,797,1504,Shamela0009096,194,1,753,555,91
536,1104,1230,Rafed0000609Vols,208,522,666,71,59
536,1104,1230,Rafed0000609Vols,603,369,527,81,66
536,1104,1230,Shia001626Vols,121,865,1005,81,75
536,694,1335,Shia001626Vols,122,35,685,490,91
536,488,669,Shia001626Vols,224,377,512,107,73
537,135,440,Shamela0023790,477,159,466,196,71
537,483,1307,Shia004092Vols,11767,425,1441,634,75
537,141,359,Shamela0012848,7,1290,1515,174,93
537,359,1307,Shamela0012848,8,1,1283,715,67
537,440,1198,Shamela0010521,364,873,1545,362,47
537,598,1307,Shamela0010646,1371,1,653,482,81
537,483,755,Rafed0002654Vols,12090,1276,1548,217,98
537,755,1307,Rafed0002654Vols,12091,1,745,421,67
538,950,1526,Rafed0001121,383,115,816,357,61
538,967,1526,Rafed0000230Vols,130,86,798,368,62
538,381,747,Shia003729Vols,550,368,819,268,76
538,926,1526,Shia003705,60,242,948,402,69
538,950,1526,Shia001552,331,33,752,366,61
538,935,1526,Shia001552,357,837,1523,398,69
538,941,1419,Shia004092Vols,12460,674,1153,357,90
538,950,1526,Shia001337Vols,325,353,1053,355,60
538,935,1287,Shia003636Vols,1881,1111,1523,236,70
538,830,1368,Shia003636Vols,10684,794,1491,317,56
538,714,1291,Shamela0012848,17,571,1563,420,52
538,1296,1534,Shamela0012848,18,7,265,184,87
538,15,206,Shia003895Vols,480,1017,1512,131,33
538,381,727,Shamela0028453,48,28,454,259,76
538,732,1534,Shamela0010646,1371,645,1490,586,80
538,941,1175,Rafed0002654Vols,12837,1298,1523,165,87
538,1179,1419,Rafed0002654Vols,12838,13,254,190,97
538,986,1526,Rafed0001574,274,342,893,364,78
538,918,1526,Shia001663Vols,628,755,1442,390,68
539,467,1256,Rafed0001121,384,483,1585,353,36
539,24,509,Rafed0000230Vols,130,817,1603,293,43
539,509,1589,Rafed0000230Vols,131,35,1109,446,39
539,835,1589,Kraken220413203004,192,234,910,274,35
539,36,1256,Masaha001978Vols,541,176,1589,602,45
539,24,428,Shia003705,60,954,1586,256,46
539,529,1589,Shia003705,61,138,1170,429,39
539,583,1256,Shia001552,332,731,1596,284,35
539,529,1489,Shia001552,358,738,1586,385,41
539,36,570,Shia001552,358,1,777,319,48
539,183,798,Shia004092Vols,12460,1166,1526,257,49
539,793,1374,Shia004092Vols,12461,10,587,449,94
539,24,1251,Shia001432Vols,16851,151,1583,630,47
539,467,1256,Shia001432Vols,16874,541,1631,355,36
539,741,1589,Rafed0003228Vols,318,16,827,319,36
539,24,625,Shia003636Vols,1882,242,1101,346,46
539,503,1214,Shia003636Vols,1882,954,1631,324,47
539,1214,1589,Shia003636Vols,1883,1,385,129,30
539,503,1256,Shia003636Vols,10685,869,1592,356,49
539,24,625,Shia003636Vols,10685,159,1015,346,46
539,1,1263,Shamela0012848,18,265,1592,1003,92
539,1263,1602,Shamela0012848,19,1,340,272,98
539,98,1602,Shamela0010646,1372,1,1560,1166,90
539,183,1374,Rafed0002654Vols,12838,267,1220,714,70
539,24,509,Rafed0001574,274,898,1591,294,48
539,524,1589,Rafed0001574,275,39,1105,438,39
539,503,1589,Shia001663Vols,629,566,1617,453,41
539,117,625,Shia001663Vols,629,70,712,298,53
540,381,1487,Shia001334,91,1,1047,612,58
540,107,1308,Rafed0001121,379,169,1582,745,58
540,298,1487,Rafed0000230Vols,128,1,1277,722,62
540,560,1487,Shamela0009229,341,94,698,322,39
540,142,1487,Shia003633,212,1,1401,1019,86
540,350,1492,Masaha001978Vols,523,1,1383,676,54
540,170,1367,Shamela0011685,161,97,1123,670,61
540,278,1487,Shia003705,49,1,1297,743,62
540,408,1305,Shia001552,302,7,1135,585,57
540,319,1487,Shia001552,304,1,1109,650,59
540,87,1378,Shia001552,309,272,1600,776,62
540,87,1552,Masaha002853,51,263,1400,571,42
540,87,1305,Shia003704,450,181,1227,561,49
540,107,1114,Shia001337Vols,321,414,1524,607,58
540,1124,1305,Shia001337Vols,322,31,224,130,83
540,323,765,Shamela0036091,6,124,561,348,96
540,87,952,Shia001432Vols,16829,720,1604,535,66
540,1032,1487,Shia001432Vols,16830,15,551,272,56
540,103,822,Shia001432Vols,16877,879,1578,467,73
540,567,1487,Shia001432Vols,16878,121,1237,401,34
540,69,867,Shia001432Vols,16879,850,1524,419,62
540,867,1487,Shia001432Vols,16880,7,573,351,60
540,87,781,Rafed0003228Vols,295,872,1576,430,66
540,781,1415,Rafed0003228Vols,296,1,887,330,41
540,344,1492,Shia003636Vols,1873,1,1260,691,59
540,69,1275,Shia003636Vols,5205,401,1550,892,89
540,1275,1487,Shia003636Vols,5206,1,214,167,98
540,87,1236,Shia003636Vols,10681,464,1593,695,65
540,78,481,Shamela0012848,19,1164,1538,261,79
540,481,1487,Shamela0012848,20,1,1016,804,96
540,69,1305,Shia001299,192,451,1616,668,58
540,337,765,Shamela0004473,1755,581,1000,330,94
540,48,712,Shia003675Vols,851,952,1499,296,49
540,786,1453,Shia003675Vols,852,5,762,335,45
540,25,1565,Shamela0010646,1373,1,1552,1145,85
540,283,1305,Rafed0001574,239,5,1099,632,61
540,323,1308,Shia001349Vols,1087,605,1470,486,50
540,408,1435,Shia001663Vols,616,1,1206,598,54
540,323,834,Rafed0000160,43,943,1306,256,60
541,1,899,Shamela0012848,21,624,1532,698,94
541,899,1569,Shamela0012848,22,1,672,537,98
541,27,1564,Shamela0010646,1374,1,1576,1209,94
542,1,496,Shamela0012848,22,672,1169,396,95
542,486,1634,Shamela0012848,57,347,1471,871,91
542,741,1634,Shamela0000552,161,103,1003,711,96
542,11,1634,Shamela0010646,1375,1,1384,1082,81
543,109,1596,Shamela0012848,58,1,1503,1180,96
543,1,582,Shamela0000552,161,1003,1577,448,95
543,582,1596,Shamela0000552,162,1,933,720,84
543,1,246,Shamela0010646,1375,1384,1630,182,93
543,246,1596,Shamela0010646,1376,1,1303,1015,90
544,398,1532,Shamela0023789,253,451,1452,492,46
544,398,1269,Shamela0006945,96,837,1490,334,41
544,1269,1532,Shamela0006945,97,1,291,136,56
544,428,1532,Shia003729Vols,271,16,945,436,40
544,398,1547,Zaydiyya0000142,522,128,1420,839,77
544,393,816,Zaydiyya0000142,3621,331,787,263,65
544,398,602,Shamela0006669,23,243,410,106,59
544,393,602,Kraken22031816264700,114,571,737,98,55
544,398,1049,Shia004020,153,759,1501,443,70
544,1049,1541,Shia004020,154,1,479,328,79
544,398,1377,Shamela0012715,255,793,1336,267,32
544,514,1297,Shia001348,40,1,580,323,45
544,398,816,Shia004456Vols,3963,903,1361,263,65
544,398,1377,Shia004456Vols,3965,775,1322,268,32
544,393,1128,Shia004456Vols,3966,939,1392,196,31
544,389,923,JK001280,10,846,1380,289,59
544,398,1541,Shia001432Vols,12916,207,1372,738,72
544,398,607,Shia001432Vols,12922,1365,1536,101,55
544,398,1297,Shia001432Vols,15872,196,890,395,50
544,389,627,Shamela0011056,82,1159,1461,140,58
544,398,765,Shia003636Vols,4506,1160,1533,217,63
544,389,720,Shamela0012848,22,1266,1592,251,93
544,708,1547,Shamela0012848,23,1,871,664,95
544,115,365,Shamela0012848,59,1,257,197,95
544,1,365,Shamela0000552,162,933,1311,293,94
544,398,839,Zaydiyya0000258,135,1044,1473,283,74
544,839,1541,Zaydiyya0000258,136,1,731,455,70
544,528,1377,Shia001561,139,1,435,216,30
544,398,1377,Shamela0006624,200,168,685,261,32
544,398,602,Shia002984Vols,2976,428,639,130,68
544,398,1049,Shia001615Vols,1119,994,1526,292,52
544,1049,1541,Shia001615Vols,1120,1,459,325,81
544,398,633,Shia003710,212,1324,1513,114,58
544,1,320,Shamela0010646,1376,1303,1622,260,99
544,398,813,Rafed0003537Vols,571,1077,1476,252,72
544,813,1541,Rafed0003537Vols,572,1,760,453,67
544,514,1547,Rafed0000609Vols,524,115,1163,760,86
545,1318,1543,Zaydiyya0000037Vols,44,751,974,129,60
545,417,1543,Shamela0009768,131,530,1539,663,69
545,413,1446,ShamAY0034434,6,534,1481,619,69
545,537,1543,Shamela0006590,125,1,953,586,63
545,442,1278,Shia001782Vols,620,746,1499,478,67
545,543,1543,Shia001782Vols,2805,13,916,571,67
545,798,1543,JK001493,215,361,787,208,33
545,442,1213,Masaha001961Vols,482,686,1394,360,52
545,616,1490,Shia002185Vols,1579,4,915,486,59
545,472,963,JK009242,67,1029,1496,300,70
545,973,1543,JK009242,68,1,494,339,70
545,861,1543,Shamela0008273,8,6,630,434,74
545,871,1543,JK011633,265,1,712,364,58
545,417,1543,JK007128,381,329,1349,666,69
545,413,1543,JK000916,22527,244,1450,626,56
545,413,1119,JK000916,22528,791,1482,421,67
545,1119,1543,JK000916,22529,1,391,277,77
545,442,1354,Shamela0023700,2879,343,1525,567,54
545,1354,1543,Shamela0023700,2880,6,181,120,71
545,650,1543,JK006838,186,7,894,498,62
545,438,1543,JK006838,187,4,984,662,70
545,413,1127,Sham19Y0023644,940,882,1538,425,70
545,1132,1543,Sham19Y0023644,941,7,371,259,74
545,442,1543,Masaha003492Vols,716,458,1531,567,55
545,417,1543,Shamela0012406,426,292,1309,653,68
545,741,1543,Shia002032,38,1,749,511,74
545,717,1543,Shamela0010283,3192,1,861,518,67
545,442,758,Rafed0002905Vols,7552,1302,1501,150,56
545,417,1177,Shia003656Vols,164,885,1525,355,53
545,1182,1543,Shia003656Vols,165,1,346,198,63
545,442,1543,Shamela0001535,5821,501,1308,392,39
545,413,1201,Shia003458,79,1029,1445,242,37
545,883,1547,Shia003458,80,8,679,396,67
545,892,1543,Masaha004387Vols,63,1,753,388,59
545,442,1359,Masaha002028Vols,478,679,1514,446,55
545,442,1543,Shia001432Vols,6891,42,1120,566,55
545,49,384,Shia001432Vols,15872,855,1420,165,32
545,417,1507,Shamela0012936,5,532,1515,635,68
545,1,402,Shamela0012848,23,871,1284,312,93
545,767,1428,Shamela0012848,39,891,1502,309,53
545,438,1537,Shia002067,534,4,1040,679,71
545,567,1543,Shamela0003118,6467,1,927,603,70
545,867,1543,Shia002218Vols,836,1,630,395,63
545,935,1543,ShamAY0032379,218,26,580,301,54
545,417,1187,ShamAY0034447,258,221,1489,478,43
545,1187,1543,ShamAY0034447,259,1,339,243,79
545,442,864,Shia003732Vols,672,1095,1505,254,67
545,864,1537,Shia003732Vols,673,1,691,376,60
545,442,1172,Shamela0001733,4896,600,1468,437,55
545,1172,1543,Shamela0001733,4897,1,353,245,76
545,442,1543,Shamela0010646,2097,226,1355,643,63
545,442,1496,Masaha002979Vols,57,486,1571,609,63
545,413,1370,ShamAY0032889,8,550,1475,592,71
545,486,886,Kraken210630005153,2482,1344,1609,133,41
545,442,1543,Sham19Y0020891,5662,355,1073,476,51
545,875,1543,Shamela0009873,211,579,1420,369,51
545,486,892,Shamela0009873,211,1,596,230,45
545,950,1543,Zaydiyya0000131,71,25,811,358,53
545,1,303,Rafed0000609Vols,524,1163,1499,228,82
546,247,550,JK009225,284,1182,1471,214,86
546,550,1394,JK009225,285,1,826,649,95
546,1,197,JK000916,22529,391,590,152,89
546,253,1405,JK000916,27076,238,1403,836,87
546,13,197,Sham19Y0023644,941,394,590,141,85
546,253,424,Sham19Y0023644,1745,803,968,113,77
546,1,197,Shamela0012406,426,1309,1510,149,87
546,253,1290,Shamela0001686,2873,433,1472,771,90
546,253,1013,Sham19Y0007233,72,633,1455,566,83
546,378,1394,Shamela0013035,753,1,1059,755,86
546,356,1394,Kraken22021606120800,373,1,1069,785,90
546,253,1435,Shamela0003118,7360,194,1393,847,86
546,1,197,ShamAY0034447,259,339,538,153,90
546,534,1032,Kraken210630005153,8028,49,490,209,45
546,253,904,JK000919,317,839,1494,501,93
546,904,1394,JK000919,318,1,478,377,95
547,863,1534,Shia001782Vols,1908,139,773,433,73
547,868,1537,JK006838,569,231,906,493,85
547,863,1534,Shamela0036446,800,892,1116,152,28
547,863,1537,Shamela0001733,4948,24,655,435,74
547,102,776,Shamela0010646,2089,679,1374,499,88
547,868,1537,Shamela0012884,2186,465,1143,492,84
548,16,714,Shia001782Vols,1908,691,1492,451,65
548,658,1476,Shia001782Vols,1909,21,813,500,67
548,1,571,JK006838,569,906,1498,429,87
548,571,1468,JK006838,570,1,958,689,88
548,441,1465,Shamela0036446,801,1,906,587,65
548,796,1436,Shia003732Vols,1485,72,792,316,45
548,51,809,Shamela0001733,4948,624,1468,498,67
548,809,1476,Shamela0001733,4949,1,728,482,77
548,11,688,Shamela0021766,1716,458,1057,186,32
548,607,989,Shamela0021766,1716,981,1467,218,55
548,1,362,Shamela0012884,2186,1143,1505,260,87
548,369,1457,Shamela0012884,2187,4,1173,830,87
549,1,286,Shia001782Vols,1909,813,1039,157,68
549,1295,1501,Shia001415,12,616,815,111,64
549,312,1107,JK000916,17744,642,1489,426,55
549,1,286,JK006838,570,965,1244,204,83
549,1315,1501,Masaha003492Vols,415,705,905,149,92
549,1295,1501,Shia004092Vols,11774,94,297,111,64
549,1307,1501,Shamela0007012,402,896,1100,145,82
549,312,1183,Shamela0012739,18,500,1435,462,53
549,355,1290,Shamela0012848,59,366,1299,727,96
549,312,1269,Shamela0003118,5162,447,1458,502,53
549,1315,1501,Shia001148,361,370,879,134,32
549,322,639,Shamela0006656,97,1169,1506,184,62
549,639,1281,Shamela0006656,98,1,659,478,86
549,1,386,Shamela0001733,4949,728,1050,179,52
549,819,1269,Zaydiyya0000035,210,286,670,222,56
549,1295,1501,Rafed0002654Vols,12097,1017,1220,111,64
549,421,1198,Shamela0026333,20,561,1236,300,43
549,1,286,Shamela0012884,2187,1173,1452,204,83
550,88,430,Sham19Y0017124,869,1159,1356,142,52
550,1,829,Rafed0001121,209,557,1489,431,52
550,1,665,Shia001415,12,815,1563,430,65
550,1,355,Shia001415,46,1112,1476,222,67
550,267,626,Shia001415,47,6,335,201,61
550,1,196,Shia002185Vols,1240,1320,1491,129,83
550,829,1040,Shia002185Vols,1241,1208,1520,161,64
550,196,833,Shia002185Vols,1241,1,675,493,90
550,1314,1489,ShamAY0001760,56,607,838,115,61
550,1344,1489,ShamAY0001760,222,7,156,104,83
550,248,413,Sham19Y0018254,476,1,171,130,95
550,1,665,Shia003752Vols,481,746,1358,453,83
550,1,665,Shia003752Vols,482,476,1023,235,38
550,1,761,Shia001657Vols,109,677,1245,274,42
550,1,608,Masaha003492Vols,415,905,1522,478,96
550,608,833,Masaha003492Vols,416,1,226,176,93
550,309,833,Shia003687,92,1,478,236,50
550,1,665,Shia004092Vols,11774,297,1037,434,66
550,1,829,Shia001337Vols,174,112,1042,431,52
550,1,489,Shamela0007012,402,1100,1547,349,88
550,489,833,Shamela0007012,403,1,355,261,87
550,829,1040,Shamela0007012,403,880,1167,159,70
550,1,498,Shia001432Vols,12396,914,1438,263,54
550,1,570,Shia001432Vols,12398,858,1532,370,62
550,570,833,Shia001432Vols,12399,1,269,185,80
550,1,542,Shia001432Vols,12404,271,896,198,29
550,1,626,Shia001432Vols,12405,610,1280,427,73
550,211,504,Zaydiyya0000161,361,1,201,148,61
550,27,617,Shia001278Vols,216,852,1462,267,48
550,1,366,Shia003636Vols,1351,1089,1455,234,71
550,366,665,Shia003636Vols,1352,1,328,215,79
550,1314,1489,Shamela0012848,117,1156,1337,120,81
550,69,433,Shia001148,361,1132,1465,249,84
550,433,964,Shia001148,362,1,946,377,49
550,1,355,Shia004030Vols,2219,1107,1475,221,68
550,267,665,Shia004030Vols,2220,6,407,229,58
550,1,833,Shia001615Vols,2409,96,1072,565,66
550,1,542,Shia003727Vols,811,457,831,202,43
550,1319,1489,Shamela0010646,926,363,515,111,82
550,1319,1457,Masaha002979Vols,797,1329,1447,87,80
550,1,314,Rafed0002654Vols,12097,1220,1546,204,69
550,314,665,Rafed0002654Vols,12098,1,415,230,63
550,1344,1489,Kraken210630005153,5240,453,603,95,73
550,27,761,Shia001626Vols,119,5,604,278,42
550,1,413,Shia001300,100,1048,1483,258,65
550,413,560,Shia001300,101,12,179,115,85
550,858,1040,Shia001300,362,921,1189,130,61
551,1105,1249,Sham19Y0017124,454,468,619,110,89
551,1105,1249,Shia003923Vols,288,423,580,105,79
551,862,1020,Shia003636Vols,10687,119,266,117,93
551,862,1020,Shamela0012848,35,88,235,117,93
551,1296,1473,Shamela0012848,124,467,633,110,77
551,26,271,Shamela0012848,126,1215,1462,190,95
551,271,886,Shamela0012848,133,459,1200,440,74
551,1334,1473,Shamela0010646,291,275,413,105,97
551,26,271,Shamela0010646,340,41,290,190,96
552,125,532,JK000911,2245,1020,1441,155,32
552,990,1193,Shamela0003722,6173,737,950,155,87
552,990,1193,JK000916,21083,151,397,152,73
552,1193,1453,JK000916,26952,613,893,145,53
552,553,793,JK003609,3514,881,1119,156,75
552,549,793,Sham19Y0023644,4801,149,394,165,80
552,990,1207,Shamela0012406,1766,802,1028,152,79
552,549,797,Shamela0012406,2432,781,1029,163,79
552,532,793,Shamela0004445,4858,387,604,148,69
552,1045,1453,Shamela0003118,5597,881,1280,195,53
552,990,1193,Shamela0009640,9,199,397,145,84
552,1198,1453,Shamela0010646,259,50,342,193,84
552,1,117,Shamela0010646,291,413,529,93,100
552,549,797,Shamela0010646,956,971,1226,195,96
552,612,793,Shamela0001000,517,1048,1237,132,86
552,549,797,Masaha002979Vols,792,1074,1327,158,74
552,612,793,Shamela0000736,6200,370,563,137,88
553,137,659,JK000916,26952,1,556,410,91
553,35,659,Sham19Y0023644,3871,441,1157,334,48
553,26,659,Shamela0009773,1616,438,1160,451,74
553,45,659,Shamela0003118,5597,331,999,480,89
553,26,133,Shamela0010646,827,1391,1500,81,95
553,1172,1364,Shamela0010646,828,522,738,137,74
553,133,754,Shamela0010646,828,1,545,393,75
553,26,446,Sham19Y0149213,2374,438,812,274,80
554,864,987,Shamela0010614,206,405,534,98,95
554,182,445,Shamela0010529,143,277,755,175,45
554,178,440,Shamela0010646,284,1,263,203,95
554,1308,1454,Shamela0010646,956,1226,1372,113,99
554,1070,1313,Shamela0010646,957,1,250,183,93
555,1292,1512,Shamela0021563,35,851,1084,134,69
555,775,1023,Shamela0021554,65,1071,1354,167,67
555,112,353,JK010672,83,495,727,189,96
555,1282,1538,Shamela0012848,90,923,1234,141,55
555,115,353,JK010724,110,362,551,156,79
555,775,1023,ShamIbadiyya0000610,65,1075,1358,167,67
555,112,353,JK001336,818,456,670,168,85
555,1282,1538,Shamela0010646,291,529,762,168,81
555,534,775,Shamela0010646,1952,139,309,136,70
555,115,353,Shamela0010646,1991,554,706,121,62
555,84,353,Shamela0023775,429,250,512,195,88
556,263,763,Shamela0010283,246,363,868,385,94
556,116,240,Shamela0010646,422,1346,1470,99,100
556,259,763,Shamela0010646,1248,508,1025,382,91
556,328,682,Kraken21050704,76,126,457,190,62
557,656,811,Shamela0010646,283,1289,1468,115,78
557,996,1253,Shamela0010646,1586,691,962,198,88
557,100,325,Shamela0010646,2306,252,476,166,89
557,973,1240,JK009288,371,1,279,197,85
557,1240,1375,JK009288,394,592,727,101,91
557,656,852,JK009288,654,72,274,142,87
557,100,325,JK009288,701,824,1038,162,89
557,100,325,Masaha002979Vols,822,1006,1209,147,81
558,52,334,Shamela0010646,1586,943,1225,220,98
558,340,494,Shamela0010646,1839,618,772,116,94
558,874,1177,Shamela0010646,2135,1157,1466,240,97
558,1177,1515,Shamela0010646,2136,1,360,271,93
559,1317,1495,JK001336,367,56,232,128,87
559,966,1475,Shamela0010646,567,97,613,376,86
559,1,671,Shamela0010646,2136,360,1047,513,91
559,759,910,Shamela0023775,92,1331,1483,113,94
560,758,888,JK003609,3924,504,812,82,34
560,896,1113,Shamela0004445,3836,1108,1303,151,88
560,762,888,Shamela0005880,87,256,483,91,50
560,896,1113,Shamela0003118,7362,23,219,152,88
560,896,1113,Shamela0010646,283,1065,1284,161,87
560,896,1080,JK009288,602,1346,1519,135,90
560,900,1117,Masaha002979Vols,973,495,699,154,89
560,1224,1507,Shamela0001349,72,133,417,182,77
560,55,197,JK006919,155,1313,1451,108,95
560,524,682,JK006919,780,379,566,118,80
560,1248,1507,Kraken22020817055002,117,520,805,184,81
561,1082,1345,Shamela0010646,780,479,751,209,94
561,346,920,Shamela0010646,2290,201,772,452,97
561,169,307,Shamela0008189,9,317,493,111,77
562,289,503,Shamela0003722,6173,727,950,164,88
562,293,503,JK000916,21083,151,397,159,76
562,130,310,Shamela0023100,684,999,1180,127,83
562,130,289,Shamela0036515,2604,538,697,115,87
562,873,1174,ShamAY0032088,71,136,377,143,52
562,289,503,Shamela0012406,1766,792,1013,162,86
562,883,1232,Shamela0012226,79,327,825,142,31
562,289,503,Shamela0009640,9,189,397,155,86
562,973,1119,Shamela0006624,666,60,234,113,79
562,873,1044,Shamela0008505,46,1348,1504,123,91
562,1317,1488,Shamela0008505,123,1,176,134,96
562,890,1313,Shamela0001515,256,11,456,201,51
562,879,1313,Masaha002979Vols,313,314,634,215,60
562,130,293,Shamela0010906,1536,849,1007,112,81
563,1259,1501,JK000975,72,234,445,152,72
563,699,1077,JK000975,283,63,384,219,72
563,431,671,JK010473,209,385,615,139,70
563,663,1067,Shamela0001025,112,311,711,282,85
563,1222,1520,Shamela0012929,289,325,607,207,81
563,676,1077,Shamela0012929,643,177,579,276,83
563,699,1086,Sham19Y0029676,41,986,1285,192,59
563,1222,1399,JK000927,510,700,1243,104,24
563,952,1086,JK000927,4736,806,1057,74,36
563,699,1086,Kraken22031816264701,188,417,742,196,62
563,1226,1399,Shia001432Vols,18816,1,778,107,18
563,1222,1399,Shamela0005448,305,271,974,114,21
563,1222,1399,Shamela0012848,93,501,1029,99,23
563,1092,1520,Shamela0028174,202,1063,1467,308,89
563,1222,1520,Masaha003390Vols,185,812,1311,165,39
563,22,205,Shamela0008505,150,266,497,146,77
563,264,426,Shamela0008505,152,894,1052,127,96
563,431,671,Shamela0008505,175,426,725,154,62
563,676,1061,Shamela0008505,277,721,1137,233,62
563,1222,1520,Shamela0008505,278,686,983,208,79
563,676,1031,Shamela0010646,1542,1162,1520,254,86
563,264,472,Shamela0008189,9,20,233,134,79
564,532,737,Sham19Y0000259,586,1350,1550,135,78
564,748,870,Sham19Y0000259,587,6,127,98,97
564,544,870,Shamela0010768,432,325,631,238,91
564,6,518,JK000975,72,467,908,287,69
564,1,505,Shamela0012929,289,607,1114,396,98
564,579,889,JK000916,9308,344,1114,170,25
564,573,870,JK000916,9309,17,541,159,34
564,1247,1504,JK003609,5375,213,765,148,33
564,885,1242,Sham19Y0023644,4801,145,470,202,65
564,885,1247,Shamela0012406,2432,777,1107,240,83
564,889,1251,Shamela0010283,1041,637,1029,272,85
564,6,518,Shamela0006897,223,474,1116,330,59
564,1257,1504,Zaydiyya0000358,305,317,748,150,41
564,980,1160,Shamela0004445,4858,395,604,130,76
564,6,518,Shia001432Vols,18816,111,882,345,54
564,1,518,Shamela0005448,305,371,1078,331,53
564,1,488,Shamela0012848,93,733,1281,233,44
564,66,518,Shamela0028174,203,1,455,350,96
564,1,279,Masaha003390Vols,185,912,1480,184,39
564,282,518,Masaha003390Vols,186,1,258,160,75
564,1,483,Shamela0008505,278,983,1485,374,92
564,518,870,Shamela0008505,605,595,922,241,84
564,895,1177,Shamela0010646,956,971,1260,169,65
564,1290,1504,Shamela0010646,1123,1,213,168,98
564,974,1169,Shamela0001000,517,1048,1246,133,81
564,895,1199,Masaha002979Vols,792,1074,1362,191,74
564,974,1160,Shamela0000736,6200,370,563,135,85
564,558,870,JK000919,520,454,1089,178,32
565,43,354,Shamela0096239,243,1224,1538,235,89
565,354,1503,Shamela0096239,244,1,1194,839,82
565,255,579,Sham19Y0122255,257,1043,1214,135,52
565,450,694,Sham19Y0122255,260,427,623,137,64
565,644,822,Sham19Y0122255,261,555,751,98,58
565,822,1026,Sham19Y0122255,262,1059,1263,151,87
565,1026,1205,Sham19Y0122255,263,1271,1456,136,94
565,1240,1428,Sham19Y0122255,265,1,194,155,97
565,43,1193,Shamela0026878,379,347,1455,695,66
565,1193,1503,Shamela0026878,380,1,459,224,58
565,24,1092,Shia002265Vols,5474,339,1445,762,79
565,1092,1503,Shia002265Vols,5475,1,476,323,84
565,36,221,JK009390,56,1233,1438,132,74
565,225,1503,JK009390,57,7,1362,946,82
565,36,1071,JK009390,5848,418,1497,750,80
565,1071,1503,JK009390,5849,1,487,332,85
565,71,1503,Shia002175,59,1,1415,977,76
565,313,410,Shia002175,60,1011,1318,68,28
565,102,255,Shia002175,60,132,420,81,35
565,706,969,Shia002175,62,53,870,202,31
565,369,1503,Shia001782Vols,1439,322,1203,420,42
565,32,661,Shia001782Vols,1440,840,1497,431,73
565,661,1503,Shia001782Vols,1441,1,863,634,88
565,36,562,Shamela0001975,29,876,1443,353,68
565,562,1503,Shamela0001975,30,1,1015,730,88
565,230,1503,Shamela0001975,31,1,1346,941,82
565,48,597,Shamela0004126,23,1041,1443,297,65
565,468,1503,Shamela0004126,24,16,1004,707,79
565,36,887,Sham19Y0150676,2595,626,1521,614,78
565,887,1503,Sham19Y0150676,2596,1,671,472,86
565,268,1315,Shamela0005446,398,1,1423,732,61
565,1303,1503,Shamela0005446,399,114,396,156,66
565,225,1503,Sham19Y0018106,3318,1,1329,941,83
565,43,835,Sham19Y0020638,1148,670,1473,546,75
565,835,1503,Sham19Y0020638,1149,1,704,515,90
565,43,475,Shamela0003722,3528,1019,1450,279,69
565,468,1503,Shamela0003722,3529,1,1129,751,77
565,786,944,JK001211,240,350,880,115,27
565,43,749,Sham19Y0017616,419,730,1468,485,73
565,749,1503,Sham19Y0017616,420,1,794,574,87
565,29,1121,JK000916,11637,343,1458,820,88
565,1121,1503,JK000916,11638,1,412,308,92
565,43,1157,JK000916,18904,376,1494,770,77
565,1157,1503,JK000916,18905,1,376,278,91
565,225,1503,Shamela0005772,132,1,1299,914,81
565,43,1407,Shamela0025800,1729,20,1505,983,76
565,43,382,JK000110,1396,1156,1493,254,88
565,369,1503,JK000110,1397,46,1171,821,84
565,59,283,Sham19Y0016584,3572,643,868,161,82
565,151,475,Sham19Y0016584,3573,151,1343,241,25
565,475,668,Sham19Y0016584,3575,5,140,107,69
565,668,944,Sham19Y0016584,3576,1,277,206,88
565,1149,1467,Sham19Y0016584,3578,359,682,257,98
565,151,1503,Sham19Y0018103,3199,1,1390,987,82
565,43,337,Sham19Y0127656,644,1231,1523,218,86
565,337,1503,Sham19Y0127656,645,1,1214,849,81
565,43,597,Sham19Y0016684,1759,1054,1454,300,65
565,405,1503,Sham19Y0016684,1760,1,1092,798,84
565,701,822,Sham19Y0122257,2569,399,520,85,77
565,43,1479,Shamela0036446,501,10,1489,1040,81
565,455,1442,Shamela0010842,105,223,1507,428,33
565,36,539,Sham19Y0127677,89,957,1421,331,76
565,347,1503,Sham19Y0127677,90,1,1057,766,77
565,36,492,Sham19Y0127677,5629,1092,1503,296,74
565,492,1503,Sham19Y0127677,5630,1,1159,788,84
565,91,1503,Sham19Y0016946,614,1,1449,1032,82
565,786,944,Sham19Y0016946,618,82,692,120,25
565,1080,1437,Sham19Y0016946,619,1,1043,216,25
565,43,558,Shamela0026668,22,1094,1455,271,63
565,369,1503,Shamela0026668,23,22,1119,811,84
565,36,1251,Masaha003492Vols,639,224,1497,941,90
565,1237,1503,Masaha003492Vols,640,13,313,215,88
565,19,1141,Shamela0021659,37,319,1506,810,79
565,1141,1503,Shamela0021659,38,1,411,283,85
565,36,239,Shamela0001438,136,1333,1558,149,77
565,239,1503,Shamela0001438,137,1,1342,937,82
565,36,728,Shamela0001438,7669,784,1516,484,74
565,733,1503,Shamela0001438,7670,1,825,591,87
565,36,1126,Shia001976Vols,923,349,1453,811,88
565,1126,1503,Shia001976Vols,924,1,384,297,96
565,102,1503,Sham19Y0018144,2645,6,1428,1038,85
565,43,958,Sham19Y0013252,7712,528,1451,650,80
565,958,1503,Sham19Y0013252,7713,1,587,420,87
565,347,1503,Sham19Y0013252,7714,1,1203,844,82
565,43,445,Shamela0037837,530,1002,1460,303,79
565,445,1503,Shamela0037837,531,1,1049,767,84
565,43,786,Sham19Y0147597,1787,745,1518,514,74
565,790,1503,Sham19Y0147597,1788,6,759,550,89
565,102,255,Sham19Y0132524,2564,1034,1231,115,70
565,706,899,Sham19Y0132524,2570,431,765,139,50
565,1303,1467,Sham19Y0132524,2574,1427,1591,134,100
565,845,1503,Shamela0006700,518,907,1494,284,49
565,24,1186,Shamela0000700,32,279,1477,828,80
565,1186,1503,Shamela0000700,33,1,348,256,91
565,260,450,Sham19Y0122406,3671,67,371,128,53
565,685,822,Sham19Y0122406,3675,179,314,90,74
565,799,944,Sham19Y0122406,3676,20,181,103,81
565,1059,1274,Sham19Y0122406,3678,1111,1343,161,88
565,1274,1494,Sham19Y0122406,3679,1138,1387,178,87
565,43,521,Shamela0012848,64,898,1430,120,18
565,1303,1503,Shamela0012848,70,192,427,137,68
565,845,1503,Shamela0012848,72,36,440,162,26
565,43,239,Sham19Y0014102,2,1305,1513,148,86
565,239,1503,Sham19Y0014102,3,1,1259,879,77
565,43,845,ShamAY0035249,72,630,1447,562,77
565,845,1503,ShamAY0035249,73,1,703,506,88
565,496,1503,ShamAY0035249,74,1,1000,672,73
565,602,822,ShamAY0035249,75,778,1017,107,49
565,845,1503,ShamAY0035249,76,86,717,293,48
565,455,912,JK000504,21,714,1433,202,29
565,1104,1503,JK000504,22,1,571,229,45
565,701,822,Shamela0001673,7716,598,720,85,77
565,14,790,Shamela0003485,239,674,1523,529,70
565,790,1503,Shamela0003485,240,1,781,556,87
565,36,211,Shamela0003118,3578,1350,1522,127,82
565,216,1503,Shamela0003118,3579,5,1324,993,92
565,43,321,Shamela0003118,5457,1174,1450,205,85
565,321,1503,Shamela0003118,5458,1,1230,850,80
565,43,756,ShamAY0034005,1231,717,1437,503,78
565,763,1503,ShamAY0034005,1232,8,784,571,90
565,59,369,Shamela0005355,171,415,713,220,86
565,43,268,Sham19Y0013605,3820,396,620,164,83
565,268,463,Sham19Y0013605,3821,503,755,152,75
565,463,649,Sham19Y0013605,3822,835,973,101,65
565,649,865,Sham19Y0013605,3823,1348,1564,161,86
565,921,1171,Sham19Y0013605,3825,105,361,181,85
565,1171,1467,Sham19Y0013605,3826,285,586,240,98
565,225,1503,Shamela0021715,8080,1,1329,940,83
565,43,980,ShamAY0032834,24,467,1424,682,82
565,980,1503,ShamAY0032834,25,9,603,391,79
565,584,822,Shamela0009107,165,1081,1352,119,44
565,114,521,Shamela0009107,166,73,395,107,26
565,845,1467,Shamela0009107,166,426,1029,290,52
565,649,822,Shamela0009107,626,972,1143,101,59
565,845,1467,Shamela0009107,627,201,799,292,53
565,199,1503,ShamAY0032665,2645,1,1340,975,86
565,43,1052,JK007065,1345,455,1526,699,74
565,1052,1503,JK007065,1346,1,489,360,91
565,455,763,Shamela0026566,17,892,1450,134,26
565,626,1457,Shamela0026566,18,49,747,339,40
565,43,691,Sham19Y0001734,2669,823,1487,453,76
565,691,1503,Sham19Y0001734,2670,1,854,612,87
565,216,1503,JK009324,2412,1,1340,948,83
565,706,822,JK009324,2415,988,1251,94,44
565,786,944,JK009324,2416,268,782,100,24
565,43,1176,JK000475,1935,283,1440,795,79
565,36,894,JK000475,1936,597,1497,537,63
565,894,1503,JK000475,1937,1,630,445,83
565,225,521,JK000475,1938,676,1123,105,24
565,1165,1503,JK000475,1939,29,356,135,42
565,43,1303,Shamela0013129,14,189,1467,909,82
565,1303,1503,Shamela0013129,15,1,231,162,86
565,173,1503,Shamela0001727,1365,1,1384,967,81
565,96,308,ShamAY0033707,27,125,762,108,20
565,845,1503,ShamAY0033707,27,806,1278,216,35
565,180,1503,Shamela0007435,250,7,1359,943,80
565,36,873,Shamela0026735,1,642,1499,633,88
565,873,1503,Shamela0026735,2,1,656,488,91
565,77,1498,Sham19Y0148271,2232,1,1502,1034,80
565,43,873,JK001460,636,504,1522,589,67
565,873,1503,JK001460,637,1,1107,472,52
565,36,550,Shia003895Vols,216,957,1501,395,88
565,550,1503,Shia003895Vols,217,1,971,753,95
565,186,414,Shia003895Vols,218,220,1032,170,26
565,706,877,Shia003895Vols,220,1018,1608,132,28
565,1205,1437,Shia003895Vols,223,1,638,167,32
565,43,1000,Sham19Y0018176,1929,521,1486,684,80
565,1000,1503,Sham19Y0018176,1930,1,545,387,86
565,845,1503,Shamela0028453,201,339,814,222,37
565,43,1483,Shamela0005756,12534,10,1496,1053,82
565,401,1462,Shamela0001733,4576,5,1142,528,46
565,32,742,Shamela0001733,4577,670,1420,495,74
565,742,1503,Shamela0001733,4578,1,784,574,89
565,420,1467,Shamela0001733,4579,1,988,480,50
565,390,1503,Shamela0001733,4581,14,872,408,41
565,43,1296,Shamela0009429,535,192,1500,906,80
565,1296,1503,Shamela0009429,536,1,273,168,76
565,43,1418,Shamela0007891,1466,89,1482,1001,83
565,280,1345,Shia001913Vols,204,412,1450,433,38
565,43,298,Shamela0023647,48,1193,1452,189,85
565,298,1503,Shamela0023647,49,1,1251,883,82
565,129,1503,Shamela0096283,378,5,1414,1002,82
565,24,255,Sham19Y0014309,1996,1203,1483,160,67
565,255,1503,Sham19Y0014309,1997,1,1300,917,82
565,845,1503,Shamela0030037,7,631,1178,277,48
565,822,1141,Sham19Y0020891,6668,1349,1532,131,52
565,36,1334,Shamela0026740,19,150,1485,820,65
565,1334,1503,Shamela0026740,20,1,173,121,78
565,43,1476,Shamela0005815,271,164,1482,814,63
565,845,1133,Shamela0005815,273,622,916,161,66
565,845,1161,Shamela0029933,15,1254,1466,86,27
565,96,308,Shamela0029933,15,575,1210,114,22
565,24,374,Shamela0000963,2804,1104,1472,258,84
565,313,1503,Shamela0000963,2805,1,1174,823,77
565,786,980,Shamela0000963,2808,175,806,153,30
565,43,1026,ShamAY0033733,149,559,1539,690,79
565,1000,1503,ShamAY0033733,150,1,532,387,88
566,1100,1422,Shamela0006610,689,796,1280,225,55
566,1100,1422,Shamela0001875,1067,484,958,223,55
566,1,175,Shamela0096239,244,1194,1411,105,60
566,1,112,Sham19Y0122255,266,48,179,86,84
566,413,890,Shamela0023789,211,537,1252,340,58
566,890,1422,Shamela0023789,212,25,1028,377,45
566,69,1422,Shamela0001025,236,205,1383,814,70
566,520,890,Shia002265Vols,4505,589,878,133,42
566,413,894,Shia001782Vols,1840,418,1191,315,50
566,1104,1422,Shia001782Vols,1841,599,1065,222,57
566,1100,1422,Shamela0117359,751,135,620,229,55
566,1,112,Shamela0005446,399,396,511,85,94
566,1,112,Sham19Y0018106,3318,1329,1436,83,96
566,1,112,Shamela0003722,3529,1129,1239,85,99
566,413,809,Shamela0003722,8521,850,1407,279,61
566,1104,1422,Shamela0003722,8522,992,1461,229,57
566,825,1155,Shamela0003722,8522,1,739,193,31
566,1,175,Sham19Y0017616,420,794,977,110,77
566,1,112,JK000916,18905,376,486,85,99
566,1123,1519,Masaha001864Vols,5702,809,1339,249,53
566,1100,1422,Sham19Y0020591,1136,375,1251,229,31
566,1,112,Shamela0025800,1730,127,237,85,99
566,1100,1446,Shamela0025800,3002,750,1286,237,52
566,1100,1422,Sham19Y0131521,4343,619,1110,233,55
566,1,112,JK000110,1397,1171,1278,83,96
566,1,100,Sham19Y0018103,3199,1390,1485,74,95
566,1,112,Sham19Y0127656,645,1214,1316,79,91
566,1,112,Sham19Y0016684,1760,1092,1199,83,96
566,520,890,Sham19Y0127677,5649,1010,1295,137,43
566,1,112,Shamela0026668,23,1119,1230,86,100
566,1,112,Masaha003492Vols,640,313,442,85,85
566,179,1422,Masaha003492Vols,676,6,1409,925,78
566,520,898,Shamela0001438,7743,242,529,125,40
566,1100,1422,Sham19Y0020944,705,251,726,225,55
566,413,1155,Shamela0001686,255,130,1441,413,38
566,1104,1422,Shamela0001686,256,186,641,231,60
566,839,1422,Shamela0010283,3733,34,662,222,32
566,1,112,Sham19Y0013252,7713,587,694,83,96
566,1,112,Sham19Y0013252,7714,1203,1310,83,96
566,1100,1427,Shamela0001442,569,254,739,232,56
566,839,1422,Shamela0011469,377,472,1039,421,85
566,440,1084,Shamela0026463,44,27,1482,428,36
566,1104,1422,Shamela0026463,45,291,786,219,54
566,1,112,Shamela0037837,531,1049,1156,83,96
566,1,112,Sham19Y0147597,1788,759,866,83,96
566,1,179,Shamela0000700,33,348,575,110,62
566,1207,1422,Shia000841Vols,6789,1,311,155,58
566,433,1104,Shamela0012848,101,67,1471,397,34
566,1,112,Sham19Y0014102,3,1259,1375,86,95
566,1,112,ShamAY0035249,73,703,814,86,100
566,1100,1422,JK006897,400,684,1166,224,54
566,1,112,Shamela0003485,240,781,891,85,99
566,1100,1446,Sham19Y0017903,722,226,718,235,55
566,1,112,Shamela0003118,5458,1230,1340,85,99
566,1100,1422,Shamela0009242,2494,685,1174,232,55
566,1,112,ShamAY0034005,1232,784,894,85,99
566,1,112,Sham19Y0013605,3827,511,618,83,96
566,1,112,Shamela0021715,8080,1329,1436,83,96
566,413,890,JK000533,3405,780,1530,317,53
566,878,1422,JK000533,3406,290,1243,364,45
566,1,112,Sham19Y0001734,2670,854,965,86,100
566,156,872,ShamAY0034447,1095,1110,1505,265,46
566,809,1100,ShamAY0034447,1096,15,768,194,31
566,1,112,JK009324,2412,1340,1450,85,99
566,1104,1422,Shia003732Vols,2728,187,644,229,59
566,1,112,JK000475,1936,364,475,86,100
566,1,112,Shamela0013129,15,231,338,83,96
566,1116,1439,Sham19Y0148486,3692,821,1270,226,59
566,1,112,Shamela0007435,250,1359,1475,86,95
566,1,112,Shamela0026735,2,656,780,85,88
566,1,112,Sham19Y0148271,2233,6,121,86,96
566,1,112,JK001460,637,1107,1218,86,100
566,1,112,Shia003895Vols,217,971,1096,86,88
566,132,720,Shia003895Vols,239,912,1487,436,89
566,720,1446,Shia003895Vols,240,1,729,530,85
566,470,787,Shia003895Vols,241,42,420,86,23
566,919,1074,Shia003895Vols,241,1209,1370,91,66
566,1,112,Sham19Y0018176,1930,545,652,83,96
566,1,112,Shamela0005756,12535,26,147,81,86
566,413,725,Shamela0001733,5017,1205,1566,202,64
566,692,1100,Shamela0001733,5018,1,1051,274,32
566,1201,1422,Shamela0001733,5019,1,332,159,58
566,413,714,Sham19Y0013667,1107,1172,1565,208,64
566,714,1100,Sham19Y0013667,1108,43,988,248,33
566,1116,1422,Sham19Y0013667,1110,202,632,219,59
566,1,112,Shamela0007891,1467,116,223,83,96
566,1116,1422,Sham19Y0146127,1947,812,1258,217,56
566,1,175,Shamela0023647,49,1251,1428,108,75
566,1,112,Sham19Y0014309,1997,1300,1407,83,96
566,413,862,Shamela0021646,2,1083,1552,229,49
566,714,1100,Shamela0021646,3,25,1044,247,30
566,1221,1422,Shamela0021646,4,30,317,141,58
566,839,1422,JK010766,343,745,1177,328,68
566,1,112,Shamela0000963,2805,1174,1299,86,88
566,1,112,ShamAY0033733,150,532,657,81,84
567,121,578,Shamela0023789,212,1028,1445,267,69
567,121,543,Shia001782Vols,1841,1065,1483,273,76
567,170,578,Shamela0003722,8523,1,407,262,73
567,723,1229,ShamAY0032088,48,950,1477,386,91
567,126,578,Shamela0001686,256,646,1064,282,77
567,750,1241,Sham19Y0013609,202,287,803,370,87
567,109,578,Shamela0026463,45,812,1286,282,69
567,1371,1491,Shamela0007012,450,1045,1169,95,93
567,116,578,Shamela0012848,102,660,1157,352,87
567,116,508,Shamela0012848,103,1064,1469,299,91
567,126,578,Shia003732Vols,2728,649,1085,292,79
567,484,723,JK009364,13,658,964,132,54
567,121,578,Shamela0001733,5019,332,795,294,74
567,121,578,Sham19Y0013667,1109,222,674,284,73
567,121,578,Shamela0021646,4,317,782,291,74
567,347,723,Masaha002349,358,245,563,133,38
568,995,1102,Shamela0021508,90,282,389,86,100
568,502,1080,Shamela0023789,243,1076,1581,346,70
568,1080,1550,Shamela0023789,244,1,383,227,57
568,502,1550,Shamela0006945,87,77,955,566,64
568,502,1550,Shamela0009229,371,548,1396,545,62
568,976,1102,JK000916,16697,230,353,89,88
568,502,1130,JK000916,26881,887,1540,435,78
568,1130,1550,JK000916,26882,1,343,230,69
568,502,890,Shia003729Vols,272,1225,1543,247,77
568,890,1550,Shia003729Vols,273,5,604,341,61
568,1235,1534,Shia003729Vols,622,302,556,193,80
568,483,1550,JK009306,22,69,1024,613,67
568,490,1410,Sham19Y0023644,2820,790,1505,428,55
568,969,1134,Shia004092Vols,3163,1338,1502,129,98
568,1134,1550,Shia004092Vols,3164,1,423,313,91
568,976,1102,Shia004092Vols,11445,284,407,89,88
568,976,1102,Shia004092Vols,11950,1170,1293,89,88
568,502,1257,JK001280,19,801,1536,496,77
568,1257,1550,JK001280,20,1,251,197,83
568,995,1151,Shia003704,346,1311,1447,98,79
568,1,426,Shamela0009790,434,970,1399,341,97
568,1,408,Shamela0007012,450,1169,1579,326,97
568,454,1507,Shia001432Vols,15570,563,1531,542,56
568,8,331,JK007082,139,323,639,257,97
568,995,1102,JK007082,217,292,399,83,97
568,502,1550,Shia003636Vols,11213,348,1359,769,89
568,502,897,Shamela0012848,25,1130,1524,314,97
568,897,1550,Shamela0012848,26,1,659,499,93
568,502,1550,Rafed0002489Vols,577,243,1133,568,64
568,976,1139,Shamela0003118,4882,187,377,106,71
568,483,1388,Shia003675Vols,537,618,1477,478,58
568,1388,1550,Shia003675Vols,538,5,163,120,93
568,454,1067,Shia003707Vols,156,928,1538,354,62
568,1067,1550,Shia003707Vols,157,1,407,227,51
568,627,1550,Shia003702,90,13,814,485,61
568,490,1075,JK001310,46,992,1517,362,72
568,1075,1550,JK001310,47,1,391,244,61
568,454,1550,Shia003727Vols,146,202,1330,578,54
568,454,660,Shamela0010646,273,1337,1548,168,97
568,660,1550,Shamela0010646,274,1,894,670,89
568,1,426,Masaha002979Vols,779,330,810,329,82
568,454,1357,JK009365,542,735,1563,439,53
568,1367,1550,JK009365,543,24,189,118,75
568,495,1550,Zaydiyya0000035,53,5,903,455,48
568,969,1217,Rafed0002654Vols,3109,1226,1484,187,91
568,1217,1550,Rafed0002654Vols,3110,4,329,254,94
568,976,1102,Rafed0002654Vols,11677,287,410,89,88
568,976,1102,Rafed0002654Vols,12287,1033,1156,89,88
568,502,1550,Shamela0006947,7408,254,1138,565,64
568,995,1550,Shamela0006947,17700,9,471,283,61
568,502,1550,Rafed0000609Vols,521,337,1329,725,82
569,613,1538,Sham19Y0000259,489,473,1274,496,61
569,1,362,Shamela0023789,244,383,897,239,53
569,613,1552,Shamela0023789,246,1,984,602,68
569,1,362,Shamela0006945,87,955,1464,236,53
569,613,1552,Shamela0006945,89,549,1538,600,67
569,613,857,Shamela0009229,319,1296,1545,152,69
569,857,1552,Shamela0009229,320,18,696,421,68
569,145,524,Shamela0009229,372,1,259,169,54
569,613,1463,ShamIbadiyya0000612,60,346,948,350,46
569,609,808,JK000916,26831,1273,1477,152,91
569,808,1552,JK000916,26832,1,706,525,84
569,1,380,JK000916,26882,343,899,283,62
569,604,1552,Shia003729Vols,263,33,1001,542,60
569,235,403,Shia003729Vols,622,797,1027,120,65
569,1,550,JK009306,22,1024,1495,307,66
569,732,1103,Sham19Y0023644,2819,1084,1441,190,58
569,1,227,Shamela0010283,4384,1124,1361,162,86
569,1,550,Shia004092Vols,3164,423,972,419,93
569,604,1552,JK001280,18,29,1023,691,84
569,1,524,JK001280,20,251,700,311,73
569,1,269,Shia001432Vols,15571,22,284,174,78
569,8,227,ShamAY0034441,508,841,1074,158,85
569,613,753,Shia003636Vols,10439,1338,1480,110,96
569,747,1552,Shia003636Vols,10440,1,814,633,95
569,137,543,Shia003636Vols,11214,1,387,305,93
569,1,567,Shamela0012848,26,659,1229,442,95
569,613,935,Shamela0012848,27,1183,1507,256,98
569,935,1552,Shamela0012848,28,1,628,492,96
569,613,879,Rafed0002489Vols,575,1262,1523,162,67
569,857,1552,Rafed0002489Vols,576,1,674,422,68
569,1,488,Rafed0002489Vols,577,1133,1534,270,66
569,609,1552,Shamela0003118,2473,370,1269,669,85
569,1,550,Shia003675Vols,538,163,785,309,57
569,898,1389,Shia003675Vols,560,677,1179,304,65
569,613,1337,JK001336,341,900,1493,400,64
569,1,269,Shia003707Vols,157,407,669,174,78
569,604,1552,JK001310,45,407,1328,643,78
569,1,524,JK001310,47,391,842,331,75
569,191,524,Shia003727Vols,147,1,289,144,51
569,38,543,Shamela0010646,274,907,1428,398,94
569,573,1117,Shamela0010646,1112,1055,1601,434,99
569,1141,1552,Shamela0010646,1113,1,425,328,94
569,609,1181,Shamela0009429,192,965,1520,327,61
569,1190,1552,Shamela0009429,193,1,403,243,70
569,1,235,Zaydiyya0000035,53,903,1128,155,82
569,1,227,Rafed0002654Vols,3098,110,349,161,85
569,1,550,Rafed0002654Vols,3110,329,879,431,97
569,609,879,Shamela0006947,7409,528,802,172,69
569,1,543,Shamela0006947,17700,471,895,287,64
569,559,1396,Rafed0000609Vols,517,352,1589,609,59
569,1396,1552,Rafed0000609Vols,518,1,217,110,61
569,1,183,Rafed0000609Vols,521,1329,1518,146,95
569,183,520,Rafed0000609Vols,522,1,300,181,65
570,1,200,Sham19Y0000259,489,1332,1537,145,85
570,300,1547,Shamela0023789,251,378,1551,858,82
570,300,1027,Shamela0006945,94,910,1505,421,70
570,1034,1547,Shamela0006945,95,10,530,405,93
570,428,1547,Shamela0009229,70,7,944,688,73
570,1,228,JK000916,26832,706,943,161,83
570,300,695,JK000916,27129,1102,1506,297,89
570,695,1547,JK000916,27130,1,806,622,87
570,300,1547,Shia003729Vols,269,200,1369,826,78
570,757,1202,Kraken211005012007,76,1120,1535,294,78
570,1202,1544,Kraken211005012007,77,1,315,247,86
570,262,1295,Shamela0010283,1554,499,1554,798,91
570,1295,1547,Shamela0010283,1555,1,252,205,99
570,300,1253,JK001280,3,631,1539,647,79
570,1253,1547,JK001280,4,1,304,219,84
570,1,228,JK001280,18,1023,1223,152,84
570,300,1547,Shia003636Vols,5181,163,1405,972,94
570,1,228,Shia003636Vols,10440,814,1045,179,97
570,1,228,Shamela0012848,28,640,867,180,100
570,300,474,Shamela0012848,30,1333,1504,132,97
570,474,1547,Shamela0012848,31,1,1066,840,94
570,1,228,Rafed0002489Vols,576,674,886,143,77
570,1,228,Shamela0003118,2473,1269,1505,160,82
570,300,557,Shamela0003118,7689,1270,1519,188,90
570,557,1547,Shamela0003118,7690,1,860,664,80
570,1253,1426,Shia001368,19,271,431,122,85
570,1,228,JK001336,342,188,425,169,88
570,1,200,JK001310,45,1340,1520,132,82
570,1,1138,Shamela0010646,1113,425,1547,827,85
570,1138,1547,Shamela0010646,1114,1,427,334,95
570,300,1547,Shamela0009429,190,130,1348,971,96
570,1,291,Rafed0000609Vols,518,217,754,153,30
570,308,1538,Rafed0000609Vols,519,1,1195,927,91
571,1,1575,Shamela0023789,252,1,1438,989,72
571,1,1210,Shamela0006945,95,530,1621,755,70
571,1210,1575,Shamela0006945,96,1,339,233,76
571,1,865,Shamela0009229,70,944,1609,466,64
571,861,1570,Shamela0009229,71,31,683,432,70
571,1,827,JK000916,27130,806,1638,613,85
571,827,1575,JK000916,27131,1,766,547,85
571,1,223,Shia003729Vols,269,1369,1577,160,84
571,223,1533,Shia003729Vols,270,10,1157,720,61
571,283,577,Shia003729Vols,618,1032,1330,239,97
571,1,1344,Shamela0010283,1555,252,1596,1053,94
571,1350,1575,Shamela0010283,1556,6,189,143,79
571,7,1184,JK001280,4,331,1618,869,79
571,1188,1567,JK001280,5,6,337,237,75
571,1,145,Shia003636Vols,5181,1405,1550,114,97
571,145,1575,Shia003636Vols,5182,1,1472,1104,89
571,1,550,Shamela0012848,31,1066,1610,431,94
571,545,1575,Shamela0012848,32,14,1051,822,98
571,823,1575,Shamela0012848,33,92,851,597,98
571,1,744,Shamela0003118,7690,860,1613,554,86
571,756,1210,Shamela0003118,7691,5,471,331,82
571,1,1188,Shamela0010646,1114,427,1617,916,91
571,1188,1575,Shamela0010646,1115,1,391,308,97
571,1,227,Shamela0009429,190,1348,1578,183,96
571,227,1575,Shamela0009429,191,1,1307,1013,90
571,21,409,Rafed0000609Vols,519,1195,1588,310,95
571,409,1305,Rafed0000609Vols,520,1,930,666,84
572,1,110,Shamela0023789,252,1438,1547,86,100
572,204,516,Shamela0023789,253,1,335,218,77
572,1,516,Shamela0006945,96,339,721,265,60
572,153,520,Shamela0009229,71,641,955,191,59
572,1,516,JK000916,27131,766,1291,378,88
572,1,526,Shamela0010283,1556,189,714,403,94
572,1,623,JK001280,5,341,938,343,64
572,98,504,Shia003636Vols,5183,1,369,283,86
572,1,435,Shamela0012848,32,1051,1503,328,91
572,1,526,Shamela0012848,33,851,1394,401,92
572,526,1270,Shamela0012848,34,673,1504,582,87
572,1278,1505,Shamela0012848,35,1,425,179,52
572,1,526,Shamela0010646,1115,391,846,350,81
572,1,223,Shamela0009429,191,1307,1533,174,97
572,223,526,Shamela0009429,192,1,311,230,89
573,853,1494,Shamela0022882,333,312,991,457,80
573,1121,1494,Shamela0005539,197,1,471,252,65
573,822,1494,Shia003764Vols,894,867,1487,381,62
573,978,1489,Shamela0006617,283,287,833,298,56
573,840,1494,Sham19Y0013995,19,19,607,403,74
573,904,1494,Shamela0026722,37,6,582,424,85
573,814,1225,Shia002265Vols,5604,1060,1466,263,74
573,1225,1494,Shia002265Vols,5605,1,263,186,79
573,814,1494,JK009390,3716,125,793,442,74
573,814,1494,JK009390,6385,206,902,442,71
573,840,1494,Shamela0006590,298,58,677,433,78
573,840,1494,Shia001782Vols,1893,158,831,475,85
573,888,1494,Shamela0008360,919,1,546,388,75
573,1006,1494,Masaha001961Vols,676,799,1348,361,79
573,840,1494,Shamela0026554,16,731,1392,458,82
573,900,1494,Shamela0009222,62,16,595,414,83
573,1208,1494,Sham19Y0018567,588,1,303,198,79
573,822,1350,Sham19Y0122397,129,904,1459,346,72
573,822,1434,Shamela0009770,271,849,1467,439,84
573,814,1494,JK009242,161,15,748,463,73
573,843,1494,Shamela0005816,55,212,911,392,61
573,853,1494,Shamela0003722,44,480,1147,455,81
573,1082,1494,Shamela0023685,19,66,564,257,63
573,924,1489,Shamela0023685,139,671,1187,290,54
573,968,1494,JK001117,9,129,630,364,83
573,843,1382,Shamela0009200,383,886,1387,322,68
573,983,1494,Sham19Y0029560,99,39,349,150,32
573,924,1489,Shamela0026568,115,611,1108,275,51
573,822,1494,JK000916,887,424,1159,449,71
573,867,1489,JK000916,889,769,1424,360,60
573,1055,1494,JK000916,893,1,575,329,69
573,840,1494,JK000916,895,695,1370,458,81
573,853,1455,JK000916,897,836,1445,414,81
573,819,1178,JK000916,4558,1133,1493,238,77
573,1178,1494,JK000916,4559,1,317,238,91
573,1116,1467,Masaha001864Vols,1303,17,386,229,74
573,840,1494,Masaha001864Vols,1308,213,901,480,84
573,1017,1494,Masaha001864Vols,3883,1,484,362,91
573,881,1494,Shamela0021809,517,6,605,426,82
573,1044,1494,Shamela0023100,153,1,461,344,90
573,848,1494,Zaydiyya0000142,426,231,834,356,61
573,840,1494,Shamela0026430,7,190,799,418,75
573,819,1494,Shamela0008176,7530,674,1299,421,73
573,1196,1320,Shamela0008176,7532,149,371,91,52
573,853,1494,Shamela0023700,516,34,648,439,82
573,822,1494,Shamela0023700,2665,750,1371,417,72
573,1145,1269,Shamela0023700,2936,1323,1446,92,96
573,1269,1494,Shamela0023700,2937,1,147,104,55
573,843,1494,JK003609,4105,1,661,463,82
573,840,1494,JK006838,121,734,1414,432,71
573,1140,1443,Rafed0000185Vols,451,133,474,216,77
573,986,1494,Sham19Y0023644,1033,1,577,356,73
573,843,1494,Shamela0009898,62,763,1470,394,61
573,819,1208,Sham19Y0122257,3383,1134,1455,210,63
573,1196,1494,Sham19Y0122257,3384,862,1174,215,83
573,974,1467,Shamela0036446,795,75,454,286,71
573,840,1494,ShamAY0033945,1351,635,1315,483,86
573,814,1266,Sham19Y0127677,4532,964,1442,315,79
573,1266,1494,Sham19Y0127677,4533,1,242,170,84
573,1121,1494,Masaha003492Vols,62,1,649,278,53
573,822,1489,Sham19Y0009800,520,174,919,405,61
573,862,1494,Shamela0012406,549,1,694,427,71
573,814,1494,Shamela0001438,6467,12,723,487,82
573,962,1494,Shia002032,47,1,539,401,89
573,822,1494,Shamela0001686,182,65,796,449,72
573,328,814,Shamela0010283,1685,437,923,373,95
573,968,1378,Shamela0010283,3333,986,1466,293,72
573,853,1494,Shia001341,40,138,805,436,76
573,974,1494,Shia003656Vols,439,293,785,289,61
573,822,1489,Shamela0004445,1290,720,1421,410,65
573,1000,1409,Masaha004387Vols,231,1002,1434,265,68
573,924,1494,Masaha002028Vols,2250,6,557,403,83
573,1055,1494,Shamela0007012,146,1,449,332,90
573,1182,1494,Shia001432Vols,7638,6,336,192,68
573,843,1155,Shia001432Vols,8004,1060,1433,186,58
573,1155,1494,Shia001432Vols,8005,1,350,248,86
573,881,1494,Shia001432Vols,8050,92,973,439,60
573,843,1494,Shamela0009783BK4,80,509,1206,437,74
573,822,1494,Shamela0009783BK4,82,737,1391,404,67
573,822,1289,Sham19Y0014592,1243,907,1465,299,64
573,968,1494,ShamAY0038409,15,523,1162,356,66
573,1140,1494,Shamela0013035,374,1,365,261,87
573,819,1494,ShamAY0034441,174,144,767,356,59
573,968,1494,Shia003636Vols,640,847,1346,279,57
573,819,1363,Zaydiyya0000087,95,1021,1539,363,78
573,1,706,Shamela0012848,35,425,1487,541,63
573,876,1494,Shamela0012848,37,1,950,477,62
573,853,1494,Shamela0030327,43,266,945,459,80
573,983,1494,Shamela0004473,6314,714,1253,315,70
573,822,1467,Sham19Y0038171,1465,483,1221,405,63
573,822,1494,Shamela0003118,280,728,1458,457,74
573,819,1278,Shamela0003118,1697,983,1438,313,81
573,1278,1494,Shamela0003118,1698,1,219,162,88
573,933,1494,Shia002218Vols,354,1,550,413,88
573,924,1494,Shamela0010803,167,1,561,413,86
573,892,1483,Kraken220413194132,263,411,931,246,43
573,819,1494,Shamela0021713,601,23,612,320,52
573,840,1478,JK000533,3565,786,1292,316,56
573,853,1330,Shamela0035100,646,1024,1479,320,79
573,1341,1494,Shamela0035100,647,1,127,94,74
573,1116,1455,Sham19Y0145212,3673,20,363,256,90
573,840,1494,JK000778,1312,776,1448,479,86
573,822,1134,Shamela0023644,556,853,1181,191,64
573,1140,1494,Shamela0023644,557,550,934,251,78
573,853,1289,JK010666,119,1082,1504,280,78
573,1289,1489,JK010666,120,1,212,143,79
573,1063,1494,ShamAY0034447,928,1,443,328,90
573,867,1494,ShamAY0034447,932,204,1131,452,60
573,1234,1494,Shamela0000772,236,1,263,194,88
573,959,1494,Shamela0006624,129,81,428,234,53
573,1196,1368,Shia003707Vols,25,1365,1538,124,85
573,983,1494,Masaha001946Vols,232,1017,1356,200,48
573,1055,1494,Shamela0008657,95,1,435,318,84
573,1091,1494,ShamAY0035035,5589,1,479,296,75
573,871,1467,ShamAY0035035,5648,1,683,367,62
573,991,1494,Shia003732Vols,1285,1,605,362,70
573,933,1494,Sham19Y0013637,84,5,571,419,89
573,1140,1467,JK000657,36,15,345,235,85
573,974,1494,Shamela0001733,789,6,533,392,89
573,328,814,Shamela0010646,743,518,1002,369,92
573,959,1494,Shamela0010646,2086,1,553,413,92
573,1000,1494,Shamela0007891,2278,1,495,368,88
573,1169,1494,Shia003695Vols,36,1,364,216,71
573,1044,1494,Masaha003104,46,1,450,342,92
573,1082,1494,Shamela0010906,644,9,378,280,83
573,840,1494,Shamela0010637,201,314,983,464,84
573,840,1494,JK009408,666,506,1170,459,83
573,822,1246,JK009408,2170,54,519,277,70
573,1145,1494,JK009408,2422,111,373,184,64
573,1140,1494,Masaha002867,45,81,425,228,72
573,840,1494,Shamela0021766,1925,699,1389,434,70
573,924,1494,Tafsir06049,3048,902,1390,256,48
573,827,1494,Shamela0012031,50,1,723,444,72
574,5,551,Shamela0022882,333,991,1432,320,74
574,551,1149,Shamela0022882,334,1,553,409,86
574,1,1006,Shamela0005539,197,471,1462,648,73
574,1025,1149,Shamela0005539,198,1,115,71,73
574,1,707,Shamela0006617,283,865,1482,363,57
574,707,1149,Shamela0006617,284,1,408,275,76
574,1025,1154,Sham19Y0013995,19,1034,1153,72,72
574,1,488,Sham19Y0013995,19,607,1006,269,67
574,5,997,Shamela0026722,37,582,1461,654,82
574,997,1149,Shamela0026722,38,1,126,76,64
574,1,1149,Shia002265Vols,5605,263,1302,757,82
574,1,747,JK009390,3716,793,1463,491,81
574,747,1149,JK009390,3717,1,374,265,81
574,1,620,JK009390,6385,902,1457,398,79
574,620,1149,JK009390,6386,1,492,358,83
574,1,887,Shamela0006590,298,677,1441,541,77
574,887,1090,Shamela0006590,299,1,178,136,85
574,1,701,Shia001782Vols,1893,831,1454,438,79
574,701,1149,Shia001782Vols,1894,1,407,285,80
574,355,567,Shia001782Vols,2870,300,533,84,36
574,1,220,Shamela0008360,919,546,699,115,66
574,82,1149,Masaha001961Vols,677,227,1282,647,65
574,128,1149,Shamela0026554,17,1,948,651,78
574,1,901,Shamela0009222,62,595,1452,567,74
574,901,1149,Shamela0009222,63,1,219,148,76
574,43,488,JK000940,144,219,487,137,38
574,34,1143,Sham19Y0018567,588,320,1321,562,57
574,1,1149,Sham19Y0122397,130,166,1210,659,66
574,1,1149,Shamela0009770,272,61,1092,730,78
574,1,714,JK009242,161,748,1462,443,70
574,762,1149,JK009242,162,25,404,232,71
574,494,864,Shia003752Vols,517,556,918,261,85
574,1,596,Shamela0005816,55,911,1499,388,75
574,596,1149,Shamela0005816,56,1,540,319,61
574,546,1149,Shamela0009823,75,1,555,330,59
574,5,403,Shamela0003722,44,1147,1461,233,73
574,409,1149,Shamela0003722,45,6,692,494,84
574,1,792,Shamela0023685,19,564,1367,410,54
574,824,1149,Shamela0023685,20,14,397,214,70
574,43,366,Shamela0023685,139,1227,1513,141,45
574,366,1057,Shamela0023685,140,8,674,411,66
574,504,819,Sham19Y0127698,114,771,1106,190,61
574,592,819,JK001117,15,30,247,161,85
574,1,1149,Shamela0009200,384,111,1204,743,79
574,43,433,Shamela0026568,115,1148,1509,169,45
574,433,1057,Shamela0026568,116,1,609,369,65
574,409,1149,JK000916,888,1,771,461,66
574,55,1149,JK000916,890,1,1278,602,51
574,1,792,JK000916,893,587,1492,517,66
574,792,1149,JK000916,894,17,362,229,77
574,145,1149,JK000916,896,1,938,679,85
574,1,1149,JK000916,898,41,1053,735,80
574,1,1149,JK000916,4559,317,1323,724,79
574,480,1025,Masaha001864Vols,453,521,1078,398,86
574,1,1149,Masaha001864Vols,1303,391,1452,623,60
574,1,643,Masaha001864Vols,1308,901,1467,407,79
574,659,1149,Masaha001864Vols,1309,7,463,334,84
574,1,1078,Masaha001864Vols,3883,484,1447,696,81
574,494,819,Kraken220413202213,203,1217,1482,192,74
574,1,1041,Shamela0021809,517,605,1480,627,75
574,1,1127,Shamela0023100,153,461,1466,711,78
574,9,220,Zaydiyya0000142,426,1090,1297,134,69
574,1,707,Shamela0026430,7,799,1442,425,74
574,707,1149,Shamela0026430,8,1,393,284,79
574,1,220,Shamela0008176,7530,1299,1453,115,66
574,1006,1149,Shamela0008176,7533,404,558,85,67
574,1,923,Shamela0023700,516,648,1451,586,79
574,923,1149,Shamela0023700,517,1,191,129,73
574,1,882,JK003609,4105,661,1456,568,79
574,882,1149,JK003609,4106,1,236,164,78
574,18,1149,JK006838,122,1,1084,744,80
574,1038,1149,Sham19Y0023644,1033,1064,1173,79,88
574,1,488,Sham19Y0023644,1033,577,1052,289,63
574,55,1149,Shamela0009898,63,8,1081,674,68
574,483,1006,Sham19Y0122401,1391,1055,1243,135,32
574,186,422,Sham19Y0122257,3383,468,717,139,65
574,422,1149,Sham19Y0122257,3384,1,661,476,83
574,25,1149,Shamela0036446,795,459,1339,647,72
574,1,198,ShamAY0033945,1351,1315,1457,99,64
574,206,1149,ShamAY0033945,1352,11,890,639,84
574,1,1149,Sham19Y0127677,4533,242,1297,749,81
574,499,1001,Shamela0000894,4785,1,488,369,91
574,1,469,Shamela0000894,8274,1135,1498,195,50
574,469,1149,Shamela0000894,8275,10,987,464,59
574,5,757,Masaha003492Vols,62,652,1432,489,71
574,757,1149,Masaha003492Vols,63,1,361,258,83
574,311,1006,Sham19Y0009800,262,655,1471,420,57
574,5,582,Sham19Y0009800,520,943,1486,284,53
574,582,1149,Sham19Y0009800,521,1,521,319,63
574,1,819,Shamela0012406,549,694,1471,482,64
574,714,1149,Shamela0012406,550,34,401,249,68
574,1,796,Shamela0001438,6467,723,1460,524,81
574,796,1149,Shamela0001438,6468,1,322,233,84
574,1,989,Shia002032,47,539,1463,667,84
574,989,1149,Shia002032,48,1,132,83,68
574,1,668,Shamela0001686,182,796,1437,423,72
574,633,1149,Shamela0001686,183,1,484,299,64
574,592,819,Shamela0010283,3844,27,245,161,86
574,9,220,Shia001341,40,815,1041,153,79
574,499,1006,Sham19Y0017816,158,491,928,313,76
574,1,465,Shia003656Vols,439,785,1188,268,69
574,488,1025,Shamela0009773,328,892,1406,371,84
574,55,1149,Shamela0004445,1291,5,1003,597,61
574,311,819,Shamela0004445,2649,1014,1497,285,62
574,735,1149,Shamela0004445,2650,1,316,216,65
574,1,1149,Masaha004387Vols,232,105,1335,704,63
574,34,488,Masaha002028Vols,797,839,1104,155,44
574,9,824,Masaha002028Vols,2250,609,1450,534,74
574,808,1149,Masaha002028Vols,2251,1,302,209,78
574,1,1052,Shamela0007012,146,449,1438,691,80
574,1,465,Shia001432Vols,7638,336,737,280,72
574,1,1149,Shia001432Vols,8005,350,1431,736,78
574,1,532,Shia001432Vols,8050,973,1473,332,74
574,532,1154,Shia001432Vols,8051,1,645,419,76
574,1,289,Shamela0009783BK4,80,1206,1435,171,74
574,311,1149,Shamela0009783BK4,81,6,958,566,72
574,116,1149,Shamela0009783BK4,83,1,1007,607,65
574,1,1149,Sham19Y0014592,1244,173,1230,646,63
574,1,351,ShamAY0038409,15,1162,1521,210,62
574,358,1149,ShamAY0038409,16,8,799,534,80
574,1,1149,Shamela0013035,374,365,1407,731,80
574,465,1006,Shamela0013035,377,364,873,375,86
574,1,714,ShamAY0034441,174,767,1472,412,61
574,714,1149,ShamAY0034441,175,54,413,250,70
574,469,1006,Shia003636Vols,586,902,1442,361,76
574,266,469,Shia003636Vols,641,1,135,101,62
574,1,1149,Zaydiyya0000087,96,97,1167,763,82
574,1,522,Shamela0012848,37,950,1459,394,94
574,522,1149,Shamela0012848,38,1,625,484,96
574,1172,1497,Shamela0012848,44,734,1064,263,97
574,5,603,Shamela0030327,43,945,1444,368,78
574,603,1149,Shamela0030327,44,1,507,366,84
574,504,812,Sham19Y0018147,614,663,1018,225,75
574,18,1149,Shamela0003118,281,1,1079,665,66
574,1,1149,Shamela0003118,1698,219,1180,688,75
574,1,1006,Shia002218Vols,354,550,1463,661,82
574,1029,1149,Shia002218Vols,355,1,105,71,75
574,1,1006,Shamela0010803,167,561,1463,664,82
574,1,939,Shamela0021713,601,612,1452,542,65
574,946,1149,Shamela0021713,602,9,180,114,69
574,5,1149,Shamela0035100,647,127,1110,717,79
574,1,220,Sham19Y0145212,3673,1051,1204,115,66
574,28,1149,JK000778,1313,1,1004,716,79
574,573,792,Shamela0023644,558,984,1197,113,57
574,220,573,Shamela0023644,558,84,441,227,73
574,773,1149,Shamela0023644,559,257,613,236,78
574,1,1149,JK010666,120,218,1244,673,71
574,1,1070,ShamAY0034447,928,443,1436,706,81
574,236,1113,ShamAY0034447,933,4,1477,590,48
574,355,864,Shamela0000772,234,426,631,115,28
574,5,1149,Shamela0000772,236,263,1265,722,79
574,611,808,Masaha001946Vols,984,466,782,129,51
574,5,1149,Shamela0008657,95,435,1439,719,79
574,1,1062,ShamAY0035035,5589,479,1457,702,83
574,1,559,Shia003732Vols,1285,605,1453,356,49
574,559,1149,Shia003732Vols,1286,1,565,404,83
574,668,1025,Shia003732Vols,2938,628,833,121,37
574,1,960,Sham19Y0013637,84,571,1462,637,82
574,1,992,Shamela0001733,789,533,1456,663,83
574,992,1149,Shamela0001733,790,1,126,80,66
574,355,977,Shamela0001733,1511,102,499,147,26
574,1,932,Shamela0010646,2086,553,1462,701,95
574,932,1149,Shamela0010646,2087,1,200,156,90
574,480,878,Masaha002979Vols,310,808,1165,251,74
574,1,1078,Shamela0007891,2278,495,1448,702,81
574,1,465,Shia003695Vols,36,364,776,271,69
574,9,1098,Masaha003104,46,454,1453,707,78
574,5,1149,Shamela0010906,644,378,1356,715,78
574,1,532,Shamela0010637,201,983,1444,316,75
574,532,1149,Shamela0010637,202,1,576,418,86
574,1,361,JK009408,666,1170,1449,206,71
574,361,1149,JK009408,667,1,731,525,84
574,465,1057,Shamela0009873,883,6,819,403,60
574,1196,1383,ShamAY0034857,528,663,855,143,89
574,1,714,Sham19Y0145166,170,191,1495,395,36
574,762,1057,Sham19Y0145166,171,12,309,184,73
574,227,725,Shamela0021766,1926,1038,1484,311,76
574,725,1149,Shamela0021766,1927,1,376,266,79
574,488,1057,Sham19Y0122236,38,202,763,343,64
574,339,538,Tafsir06049,3049,17,188,117,76
574,1,714,Shamela0012031,50,723,1476,470,71
574,762,1149,Shamela0012031,51,29,411,239,74
574,1196,1383,Shamela0012031,1051,90,282,143,89
574,311,1057,Sham19Y0014328,61,690,1433,427,62
575,1,223,Shamela0012848,44,1064,1286,177,98
575,241,597,Shamela0012848,74,894,1248,279,96
575,671,1542,Shamela0012848,77,1,872,697,99
576,807,946,JK000927,1960,737,877,110,97
576,1,645,Shamela0012848,77,872,1533,493,92
576,765,946,Shamela0012848,80,920,1103,144,98
576,941,1551,Shamela0012848,106,859,1468,484,98
576,770,946,Shamela0009788,886,957,1548,135,28
576,1337,1505,Shamela0028174,181,470,637,134,96
577,8,871,Shamela0012848,109,288,1346,631,73
577,835,1461,Shamela0012848,111,256,1258,470,58
577,1225,1450,Shamela0028453,130,940,1172,132,65
577,1225,1461,Shamela0010646,983,359,571,161,85
577,22,335,Shamela0010646,1590,373,692,236,90
577,835,1059,Shamela0010646,1590,692,916,176,99
577,1229,1450,Shamela19Y0145334,1886,530,747,119,60
578,1,796,Shamela0006617,1134,41,890,325,45
578,1,374,Shamela0009229,31,998,1506,182,45
578,396,1043,Shamela0009229,32,14,575,259,43
578,4,745,JK000911,1427,522,1469,377,48
578,762,1043,JK000911,1428,17,136,76,35
578,4,1043,Shia002185Vols,675,381,1355,444,46
578,4,939,Shia002185Vols,4174,211,1416,548,52
578,1,287,ShamAY0001760,206,570,889,201,75
578,4,925,Shamela0009783BK1,2714,250,1433,541,52
578,4,1048,JK000916,10815,430,1350,433,44
578,4,1043,Sham19Y0023644,3150,47,926,424,42
578,1206,1352,ShamAY0033945,1981,435,571,98,83
578,89,731,Sham19Y0127677,20405,95,812,362,56
578,4,513,Shamela0012406,1469,908,1490,255,50
578,530,1043,Shamela0012406,1470,34,397,217,49
578,4,1043,Shamela0010283,4651,247,1340,459,45
578,1,637,Shamela0004445,4123,807,1515,291,44
578,637,939,Shamela0004445,4124,32,491,197,51
578,37,1043,Masaha004387Vols,417,1,1177,431,40
578,1,203,Shamela0012848,111,1258,1458,158,99
578,203,1206,Shamela0012848,112,1,1434,770,68
578,1194,1421,Shamela0012848,113,20,244,175,97
578,4,648,Shamela0003118,3355,792,1454,296,46
578,648,939,Shamela0003118,3356,1,449,190,52
578,396,939,Shamela0012396,469,784,1350,253,46
578,14,513,Shamela0012396,469,500,947,195,40
578,4,374,Shamela0035100,1308,130,360,106,35
578,1206,1352,Shamela0023644,538,678,818,96,79
578,89,939,Kraken210528100217,133,75,1140,457,49
578,112,939,Shamela0028453,131,1,1087,492,52
578,1194,1352,Shamela0001733,3050,327,469,99,77
578,4,874,Shamela0010646,983,576,1453,660,94
578,874,1043,Shamela0010646,984,1,388,88,29
578,396,939,Shamela0001000,715,242,756,248,48
578,486,1043,Shamela19Y0145334,1887,1,426,240,50
578,1206,1352,JK009408,1243,1164,1299,95,81
578,1206,1348,JK000022,350,901,1038,92,77
578,1,440,Shamela0012320,1409,327,847,187,46
578,4,1043,Sham19Y0145435,3578,402,1418,506,50
579,1,146,Shamela0012848,113,244,392,109,92
579,150,539,Shamela0012848,114,924,1458,281,66
579,539,1480,Shamela0012848,115,1,929,726,95
580,746,929,JK011273,18,596,771,126,85
580,1,409,Shamela0012848,115,929,1366,304,86
580,521,929,Shamela0012848,117,1,415,290,85
580,933,1314,Shamela0012848,118,295,672,275,88
580,1280,1513,Shamela0012848,121,12,265,183,90
580,746,929,ShamAY0038393,307,432,607,126,86
580,746,933,Shamela0009096,79,1019,1192,126,82
580,746,929,Shamela0006870,197,999,1177,131,87
580,249,413,Shamela0010646,985,1,160,123,94
581,180,435,ShamAY0033734,100,1259,1512,183,86
581,49,672,JK000927,3674,463,1119,413,75
581,49,159,Shamela0012848,121,1355,1473,88,93
581,159,676,Shamela0012848,122,1,524,390,90
581,98,672,JK001099,500,299,914,385,75
581,672,811,Shamela0010646,985,156,298,110,96
582,10,248,Shamela0010768,532,1337,1569,176,87
582,10,350,Sham19Y0016714,499,188,512,244,84
582,1116,1304,Shamela0009229,153,395,582,112,72
582,10,350,Sham19Y0017904,238,1061,1420,257,83
582,10,350,Sham19Y0017724,71,350,675,246,86
582,1138,1304,Shamela0021554,33,713,900,119,78
582,63,350,ShamIbadiyya0000882,64,370,661,208,83
582,1,350,Shamela0012848,154,1100,1458,274,92
582,10,350,Shamela0028174,144,1121,1381,189,66
582,1138,1304,ShamIbadiyya0000610,33,717,904,119,78
582,121,275,Masaha003390Vols,609,1410,1573,127,93
582,1121,1304,Shamela0010508,36,1352,1544,122,81
582,10,350,Shia004649Vols,2922,1267,1554,222,79
583,1,163,JK000916,15806,445,595,114,82
583,1295,1434,Shamela0006952,55,430,572,105,92
583,779,931,JK009364,122,994,1185,117,76
583,187,449,Shamela0010646,618,1087,1364,201,90
583,762,1003,Shamela0010646,828,708,949,194,99
583,1150,1295,Shamela0010646,1590,916,1081,117,87
583,1295,1434,Shamela0001000,515,820,954,98,89
583,1003,1150,JK006919,763,842,973,101,87
584,397,612,Shamela0012848,131,1264,1476,156,87
584,612,1089,Shamela0012848,132,1,485,362,93
584,1077,1237,Shamela0012848,132,1282,1456,128,91
584,1242,1491,Shamela0012848,145,513,758,195,96
585,1174,1371,Shamela0010614,68,417,616,152,96
585,1174,1371,Shamela0023790,392,545,728,133,85
585,1174,1371,ShamAY0000443,6125,262,467,151,92
585,405,755,Shamela0012848,79,253,609,275,96
585,1,269,Shamela0012848,145,758,1061,205,81
585,1178,1371,JK000761,231,322,522,140,86
586,413,590,Shamela0010614,174,576,741,123,87
586,586,932,Shamela0009773,1176,600,924,231,79
586,942,1200,JK001336,581,1271,1512,151,64
586,938,1528,Shamela0010646,1875,759,1241,358,72
586,703,938,Shamela0023775,478,1,258,184,89
587,534,777,Shamela0023789,1581,359,682,141,54
587,538,777,Shamela0006945,27,6,319,134,55
587,87,385,Shamela0012929,293,692,999,225,92
587,534,768,JK000916,23639,148,401,120,54
587,534,768,ShamAY0035000,264,1162,1442,157,69
587,534,772,Shamela0023790,403,214,465,147,69
587,45,353,Shamela0010512,117,149,416,195,79
587,534,768,JK007082,491,142,367,130,66
587,534,755,Shamela0010646,1875,1284,1508,176,98
587,755,1037,Shamela0010646,1876,1,292,215,94
587,45,381,JK009288,428,862,1205,262,96
587,534,867,JK009288,440,1030,1580,190,37
587,867,1020,JK009288,441,1,159,117,94
587,1114,1353,JK009288,477,1,227,167,84
587,45,270,Masaha002979Vols,292,1322,1508,134,74
588,1,206,Shamela0026878,399,866,1084,100,54
588,1,226,Shamela0010646,1876,289,509,165,90
588,911,1195,Shamela0010646,1876,509,792,213,91
588,1191,1363,JK009288,553,731,910,132,93
588,1363,1512,JK009288,558,192,341,114,96
588,1,243,JK009288,684,211,450,181,90
588,911,1191,JK009288,889,518,769,164,69
589,264,404,Shamela0023790,381,167,330,113,85
589,423,1155,Shamela0010646,1876,788,1507,557,93
589,1155,1465,Shamela0010646,1877,1,308,242,95
589,1,278,JK009288,558,341,632,211,91
589,264,427,JK009288,574,188,385,122,75
589,484,1469,JK009288,589,9,972,658,76
590,565,917,Shamela0010646,457,113,483,276,90
590,1,397,Shamela0010646,1877,1090,1502,317,95
590,397,1494,Shamela0010646,1878,1,858,512,51
590,1020,1494,Shamela0001000,1706,318,787,245,52
590,1,594,JK009288,604,257,885,429,82
590,565,913,JK009288,629,747,1147,273,82
590,1016,1494,JK009288,665,676,1220,367,83
591,773,1014,JK007001,198,75,275,130,65
591,1018,1339,Shamela0010646,1878,1068,1436,229,77
591,1,222,Shamela0010646,1878,858,1077,156,88
591,1,217,JK009288,665,1220,1432,145,83
592,1225,1491,Shamela0023789,1127,1,309,143,54
592,445,1005,Shamela0010283,1680,1,558,405,89
592,1016,1424,Shamela0010646,1131,1157,1562,309,89
592,397,942,Shamela0010646,1630,932,1474,415,92
592,1,381,Shamela0010646,1879,100,474,271,86
592,393,965,Masaha002979Vols,1065,934,1439,363,77
593,1014,1463,Shamela0023789,76,535,930,241,62
593,1014,1463,Shamela0010614,287,864,1250,257,67
593,631,1014,Sham19Y0023644,2816,319,712,191,51
593,631,1014,Shamela0010283,1322,243,669,279,79
593,616,1010,Shamela0009773,1189,805,1216,223,62
593,1,177,Shamela0010646,1132,75,241,121,88
593,149,1014,Shamela0010646,1879,474,1391,664,89
593,616,1010,JK006919,147,26,422,239,66
594,91,498,Shamela0010646,1880,786,1187,301,92
595,1330,1448,Shamela0026874,10,265,383,88,92
595,603,900,JK000916,10792,197,501,228,91
595,603,934,Shamela0009773,1206,100,413,174,60
595,1330,1448,Shamela0009773,1223,368,491,83,84
595,603,900,Shamela0004445,4135,872,1192,228,88
595,603,900,Shamela0003118,3346,418,727,229,92
595,930,1130,Shamela0010646,1850,155,356,158,98
595,603,879,Shamela0010646,1880,1174,1456,217,97
595,879,1346,Shamela0010646,1881,1,232,175,47
595,930,1119,JK006919,480,476,678,129,75
596,9,556,Shamela0006617,1014,776,1309,263,51
596,1,544,Shamela0026874,10,383,856,316,65
596,1,544,Shamela0009773,1223,491,1084,340,68
596,101,544,Shamela0009773,2563,1,358,180,50
596,1232,1396,Shamela0010646,380,393,554,127,94
596,698,1034,Shamela0010646,615,562,901,260,95
596,1034,1479,Shamela0010646,1881,220,473,200,56
596,9,548,Masaha002349,406,289,783,269,57
597,250,768,Shamela0023789,77,1,502,347,80
597,1,768,Sham19Y0018159,62,530,1251,477,73
597,6,368,Shamela0010529,167,1142,1469,184,62
597,372,768,Shamela0010529,168,1,357,219,68
597,118,773,Sham19Y0023644,1750,1,588,355,62
597,1,749,Shamela0005406,23,655,1402,461,71
597,1,776,JK000910,25,401,1164,499,75
597,1,976,Shamela0010646,1881,473,1451,742,94
597,976,1494,Shamela0010646,1882,1,516,395,91
597,789,1494,JK009288,384,423,1075,349,55
598,454,869,Shamela0023789,56,976,1385,287,84
598,934,1459,Shamela0023789,57,1,531,313,67
598,470,774,Shamela0010529,138,1296,1493,149,62
598,774,1463,Shamela0010529,139,1,700,478,78
598,465,1355,Shamela0010283,1322,664,1503,566,73
598,549,1399,Shamela0010646,1880,1,786,601,87
598,1,470,Shamela0010646,1882,516,978,365,97
598,1,450,JK009288,384,1075,1465,276,77
598,461,611,Shamela0009429,2071,1097,1254,98,74
598,470,777,Masaha002349,119,1251,1517,177,67
598,777,1441,Masaha002349,120,1,596,349,59
599,578,1145,Shamela0010529,37,53,519,356,76
599,578,1145,Shamela0006897,207,211,682,359,77
599,1245,1396,Shamela0010646,1119,1,152,121,100
599,270,984,Shamela0010646,1882,978,1519,419,71
599,404,574,Shamela0010646,1906,122,284,125,92
599,1190,1396,Masaha002349,375,966,1163,157,95
600,883,1145,Shia002185Vols,2572,184,439,150,61
600,1178,1412,JK000916,16919,498,789,150,64
600,916,1145,Masaha002064Vols,649,1,241,177,90
600,193,754,Shamela0012848,110,869,1479,313,58
600,193,434,Shamela0010646,294,1290,1531,188,96
600,434,883,Shamela0010646,295,1,457,352,96
600,1174,1525,Shamela0010646,1883,153,493,276,96
600,879,1145,JK009288,368,490,787,196,81
600,1174,1525,JK009288,385,418,766,280,98
601,6,544,JK000916,16919,1066,1539,284,59
601,6,646,Shamela0003118,4951,446,1017,352,63
601,1,510,JK009364,71,950,1523,307,65
601,1,646,Shamela0010646,1883,493,1142,499,93
601,646,1002,Shamela0010646,1906,276,649,267,89
601,6,646,JK009288,385,780,1316,415,79
601,646,1006,JK009288,402,975,1350,276,92
601,1002,1119,JK009288,415,1386,1502,91,98
601,1122,1399,JK009288,416,1,280,220,97
601,1,646,Masaha002349,111,13,721,399,68
602,832,1244,JK000927,3102,799,1249,253,63
602,734,999,JK010672,38,1188,1522,122,43
602,832,1179,Shamela0010283,1000,1142,1494,229,73
602,110,322,Shamela0010646,1906,649,878,168,90
603,863,1465,JK000911,1172,712,1254,289,56
603,863,1455,Shamela0009783BK1,2260,284,1030,426,67
603,863,1441,Sham19Y0023644,2678,325,862,203,37
603,409,556,Shamela0023790,175,384,523,104,89
603,564,859,Shamela0023790,182,561,855,219,88
603,863,1387,Shamela0012406,1317,958,1459,269,56
603,1071,1465,Shamela0010283,4458,1,345,182,55
603,863,1221,Shamela0012396,345,1222,1496,181,63
603,1226,1455,Shamela0012396,346,1,259,156,71
603,889,1465,Shamela0012320,1378,628,1045,178,36
603,872,1455,Sham19Y0145435,2554,1,738,418,66
604,1065,1462,Shamela0010646,1883,1142,1541,294,88
605,1324,1493,Shamela0005446,278,339,556,132,76
605,688,928,Shamela0010646,1884,165,398,178,89
605,928,1324,Shamela0009100,103,486,885,195,50
605,94,369,JK006919,163,204,471,196,87
605,692,928,JK006919,208,181,436,162,72
605,955,1327,JK006919,753,788,1201,242,70
606,980,1242,Shamela0023790,175,861,1087,159,78
606,108,296,Shamela0005406,112,1306,1492,125,72
606,301,965,Shamela0005406,113,6,567,334,56
606,490,965,JK001040,72,489,909,230,51
606,504,965,JK000910,123,781,1200,268,67
606,104,468,JK000910,148,249,582,209,69
606,173,474,Shamela0010646,1867,1,296,222,90
606,504,1458,Shamela0010646,1884,409,1148,571,74
606,980,1411,JK006919,166,1164,1500,191,50
607,764,1180,Shamela0010614,518,451,886,320,89
607,1,206,Shamela0005406,114,849,1009,111,66
607,764,1180,Shamela0010646,693,240,656,332,99
607,436,764,Shamela0010646,1760,194,530,244,86
607,1,206,Shamela0010646,1884,1148,1351,160,96
607,1233,1350,Shamela0010646,1884,1351,1474,81,82
607,1350,1495,Shamela0010646,1885,1,146,113,95
607,429,764,JK009288,738,608,971,230,77
607,212,436,JK009288,955,265,492,155,77
608,1,1342,Shamela0010646,1885,146,1481,1001,90
609,109,1106,Shia003461Vols,598,113,1215,674,74
610,180,549,Sham19Y0020762,1893,6,594,227,45
610,576,761,Shamela0023790,422,1087,1266,125,83
610,98,471,Shia003636Vols,1741,535,954,130,35
610,761,988,Shamela0010646,615,562,845,116,46
610,1137,1504,Shamela0010646,1605,574,936,291,97
610,85,576,Shamela0010646,1886,240,737,374,91
610,85,576,JK009288,505,606,1117,347,81
610,761,988,JK009288,942,350,576,166,89
610,77,576,Masaha002979Vols,1039,1,362,228,55
610,114,576,JK006919,357,647,1080,155,36
611,136,461,Shamela0023789,285,1132,1461,215,77
611,155,625,Shamela0009681,7,847,1352,328,75
611,155,593,Shamela0001003,795,7,499,253,58
611,159,593,JK010637,35,526,1007,267,63
611,116,616,JK011273,84,42,590,342,74
611,269,616,ShamAY0033734,48,1,324,238,84
611,159,625,Sham19Y0020762,805,290,713,269,70
611,155,543,Sham19Y0036072,261,1184,1543,267,84
611,155,523,Shamela0023790,105,1095,1433,251,84
611,1054,1464,Shamela0010283,545,4,379,247,70
611,159,578,Shamela0012828,467,375,835,282,72
611,145,365,JK007082,160,1288,1519,162,86
611,145,588,JK007082,651,1114,1498,262,71
611,625,1054,Shamela0026484,129,132,555,311,88
611,159,616,Shamela0005355,123,690,1196,284,62
611,159,616,ShamAY0038393,187,191,663,313,79
611,159,446,JK001336,345,1121,1384,173,72
611,662,1054,Shamela0008505,222,1,336,254,80
611,1074,1464,Shamela0008505,371,466,886,270,76
611,155,616,JK009364,28,110,591,310,73
611,155,610,JK001310,52,829,1378,298,65
611,1,129,Shamela0010646,1605,936,1081,98,86
611,1054,1464,Shamela0010646,1922,450,826,249,71
611,155,625,JK009288,899,350,820,353,90
611,155,578,Masaha002979Vols,273,561,939,257,75
611,148,616,Shamela0001349,418,261,805,312,67
611,145,578,Shamela0000736,5391,843,1299,250,63
611,155,578,Sham19Y0120146,103,925,1377,292,77
611,155,616,Masaha002349,394,921,1351,289,73
612,92,334,Shamela0007822,133,599,825,149,71
612,26,856,Shamela0010646,1886,737,1510,567,82
612,856,1002,Shamela0010646,1887,1,147,108,95
612,92,334,Shamela0010532,509,664,890,149,71
613,652,948,Shamela0026874,4,1144,1480,189,69
613,1285,1480,Shamela0010646,728,889,1088,151,95
614,234,740,Sham19Y0023644,2625,1186,1520,195,49
614,239,943,Shamela0009773,419,685,1215,317,54
614,239,943,Shamela0009773,1300,749,1184,261,45
614,1,376,Shamela0010646,728,1088,1462,292,97
614,376,943,Shamela0010646,729,1,570,428,91
614,1303,1474,Shamela0010646,1866,1335,1505,136,98
614,974,1303,Shamela0009100,100,20,329,181,65
615,1259,1375,Shia001544Vols,548,5,122,83,93
615,92,619,Masaha004546Vols,1077,222,563,178,38
615,72,580,Shamela0023735,3047,981,1510,329,71
615,602,1158,Shamela0023735,3048,1,551,369,73
615,68,1165,Shamela0010646,1887,135,1246,837,92
616,1207,1347,Shamela0010768,726,556,691,98,88
616,319,1037,Shia002185Vols,4273,1056,1376,259,44
616,1037,1204,Shamela0010614,439,719,892,122,86
616,1037,1204,Shamela0010646,116,1075,1243,126,94
617,666,951,Shia002185Vols,4273,1396,1571,121,52
617,1087,1569,Shia002185Vols,4274,17,345,259,65
617,303,471,Masaha002979Vols,1072,282,453,126,90
617,51,228,Shamela0023775,741,1144,1463,132,51
618,1106,1369,Shia002185Vols,3788,1198,1460,200,92
618,1,450,Shia002185Vols,4274,345,597,188,51
618,1110,1433,Shamela0010646,687,740,1237,225,51
618,106,450,Shamela0010646,1795,1,230,173,60
618,1110,1237,JK006919,6,313,454,90,80
618,1379,1496,JK006919,10,558,1117,83,18
618,888,1032,JK006919,53,457,592,89,75
619,586,729,Shia002185Vols,3892,78,202,92,83
619,295,1233,Shia002185Vols,4274,956,1496,381,49
619,10,132,JK006919,12,1322,1447,89,86
620,1,1284,Shia002185Vols,4275,268,1136,651,61
620,1023,1120,Sham19Y0096918,8,408,527,63,68
620,1023,1120,Shamela0001719,3226,577,696,63,68
620,1023,1120,ShamAY0034857,63,291,410,63,68
620,1023,1120,Shamela0012031,426,416,535,63,68
621,53,740,Shia002185Vols,4275,1136,1478,219,40
621,816,1064,Shamela0005406,161,817,1040,163,81
621,322,471,Shamela0010283,1685,928,1077,121,100
621,318,471,Shamela0001399,19,213,369,123,97
621,330,471,Shia003636Vols,4285,720,860,114,99
621,816,1064,ShamAY0036508,5,747,972,149,73
621,1252,1415,Shamela0028453,66,1078,1247,118,86
621,812,1064,JK010766,169,9,225,149,72
621,318,471,JK006919,1163,142,298,123,96
622,57,275,Sham19Y0000259,214,1341,1560,165,93
622,72,1302,Shia002185Vols,4276,253,1112,618,63
622,72,449,Sham19Y0029676,836,783,1139,259,84
622,106,449,Shamela0010670BK1,13,269,589,161,59
622,106,449,Shamela0010428BK1,70,532,852,160,59
622,989,1098,Shamela0010646,366,1241,1350,87,100
622,52,208,JK009288,225,1382,1538,121,98
622,208,449,JK009288,226,1,235,186,94
623,263,426,Sham19Y0000259,400,1137,1644,117,28
623,10,523,Shia002185Vols,4276,1108,1487,277,67
623,1056,1388,Shia002185Vols,4277,69,293,147,57
623,263,476,Shamela0001585,325,640,1271,142,27
623,247,498,JK001336,494,55,307,181,90
623,247,498,Shamela0010646,1799,1182,1433,198,100
623,1204,1348,JK009288,803,212,805,110,23
623,10,143,JK006919,1161,1317,1453,104,93
624,14,514,Shia002185Vols,4277,261,536,180,43
624,514,725,Shamela0007326,4,139,284,110,65
624,925,1437,Shamela0010646,1012,197,351,121,29
624,1170,1308,JK009288,14,1,170,105,78
624,1,128,JK009288,809,23,174,94,79
624,124,325,JK009288,810,211,420,155,91
624,699,829,JK009288,888,285,416,80,80
624,514,725,Masaha002979Vols,797,372,580,145,82
625,125,696,Shia002185Vols,4277,646,873,138,28
625,213,347,JK009288,94,290,425,98,90
625,1168,1429,JK009288,337,252,560,195,82
626,1090,1443,Shia002185Vols,4277,962,1285,240,81
626,288,441,Kraken220218125255,336,39,188,112,89
626,1134,1317,Shamela0023790,631,1006,1206,143,88
626,249,441,Shamela0010283,609,1217,1438,142,81
626,724,844,JK010611,18,1315,1435,97,99
626,288,441,ShamAY0032275,88,853,1008,113,89
626,1321,1439,Shamela0010646,687,1242,1360,95,100
626,249,441,Shamela0010646,1840,94,317,142,81
626,288,441,Shamela0001000,1188,1278,1433,113,89
626,249,498,JK009288,360,1316,1595,173,78
626,319,728,JK009288,361,1,416,313,94
626,724,844,JK009288,377,588,712,96,95
626,1313,1443,JK009288,416,431,559,99,93
626,1321,1443,Masaha002979Vols,237,205,322,82,83
626,253,441,Masaha002979Vols,542,334,500,132,88
627,76,407,Shia002185Vols,4277,1281,1534,201,75
627,533,1405,Shia002185Vols,4278,835,1313,320,44
627,76,242,ShamAY0000443,1349,1420,1587,124,94
627,76,242,Shamela0037540,14,357,524,125,94
627,61,236,Shamela0010521,146,444,619,136,97
627,76,242,Shamela0007528,16,755,922,125,94
628,693,824,Shamela0001336,77,411,545,88,75
628,252,662,Shia002185Vols,4278,1308,1583,191,57
629,1,402,Shia002185Vols,4279,143,278,108,33
629,1244,1515,Shamela0010646,126,1212,1490,216,95
630,298,712,Shia002185Vols,4280,822,1029,124,38
630,20,331,Shamela0021635,140,16,379,183,54
630,25,314,ShamAY0034059,2918,178,523,154,47
630,641,785,Shamela0010283,627,1,145,109,95
630,1167,1310,Shamela0010283,1683,1415,1562,117,95
630,25,314,ShamAY0031578,615,550,906,161,48
630,90,335,Shamela0010646,127,1,246,202,100
631,525,664,Shamela0000558,257,389,528,96,80
631,106,364,Shamela0010614,143,745,1033,190,75
631,102,364,Shamela0010548,190,1313,1617,201,78
631,545,660,Shamela0023790,565,405,506,74,82
631,525,660,Shamela0023775,862,820,955,106,100
632,1368,1514,Shia002185Vols,3803,1251,1398,118,99
632,190,504,Shia002185Vols,4280,1340,1513,129,50
632,1368,1514,Shamela0008505,38,165,709,118,26
633,1359,1455,JK010611,79,69,164,74,98
633,564,702,Shamela0008505,219,1334,1459,97,87
633,773,957,Shamela0008505,281,214,396,145,97
633,953,1287,Shamela0008505,287,673,1080,257,79
633,953,1161,Shamela0010646,1801,473,680,154,92
633,564,698,Sham19Y0120146,50,984,1127,105,90
633,961,1156,JK006919,433,1202,1425,139,79
634,250,866,Shia002185Vols,4281,147,351,153,31
634,1122,1268,Sham19Y0096918,80,1190,1336,101,86
634,1109,1268,JK001171,12,209,370,101,75
634,1122,1276,Shamela0010646,1799,366,521,112,88
634,1122,1268,Shamela0001000,568,646,795,103,88
634,1109,1268,ShamAY0033949,26,874,1032,99,73
635,326,861,Shia002185Vols,4281,387,794,301,67
635,778,974,Shamela0010614,341,570,750,135,87
635,1078,1298,Shamela0010614,469,1067,1297,174,91
635,1,194,JK011405,4,24,226,137,86
635,1078,1302,Shamela0010283,1686,80,301,175,94
635,1090,1302,Shamela0001399,19,570,775,147,83
635,1,194,Shamela0010664,707,1059,1225,105,71
635,1078,1315,Shamela0010646,197,414,661,187,92
635,466,691,Shamela0010646,689,317,517,147,81
635,1,204,JK009288,813,579,777,130,81
635,1078,1298,JK006919,1167,1370,1577,154,84
636,435,674,Shamela0000558,378,251,461,137,63
636,435,680,Shia002185Vols,4281,875,1098,182,91
636,1252,1571,Shia002185Vols,4281,1118,1379,191,75
636,435,674,JK000916,25257,502,718,143,66
636,442,674,JK007054,462,1331,1534,131,62
636,435,680,Shamela0010283,1686,308,556,199,98
636,429,680,Shamela0001399,1,557,810,161,68
636,429,674,JK007082,366,1336,1549,128,59
636,435,680,Shamela0005433,33,397,615,153,70
636,435,680,Shamela0005355,140,319,585,173,79
636,435,680,Shamela0035888,162,105,319,153,71
636,435,691,JK000520,42,901,1080,120,53
636,759,997,JK009288,302,226,465,195,97
636,435,674,JK006919,1167,513,752,156,71
637,106,380,Shia002185Vols,4281,1379,1524,100,42
637,460,1361,Shia002185Vols,4282,16,828,581,78
637,267,395,Shamela0010283,676,1229,1357,97,96
638,68,1415,Shia002185Vols,4282,845,1595,575,52
638,1415,1582,Shia002185Vols,4283,1,169,133,98
639,1125,1531,Shia002185Vols,4272,188,524,210,61
639,8,778,Shia002185Vols,4283,129,681,386,61
640,18,1184,Shia002185Vols,4272,524,1346,519,52
640,1193,1460,Shia002185Vols,4283,727,996,200,94
640,185,505,Shamela0010614,303,622,1388,254,41
640,185,380,Shamela0010646,1833,23,220,143,88
641,965,1111,Sham19Y0000259,397,938,1090,116,95
641,1,597,Shia002185Vols,4283,1002,1506,373,76
641,652,799,Shia002185Vols,4284,1,156,116,93
641,965,1523,Shia002185Vols,4285,983,1385,306,67
641,716,872,Sham19Y0036072,91,398,568,117,87
641,965,1111,Shamela0010283,1316,626,772,116,99
641,340,568,Shamela0010283,1685,1231,1472,183,92
641,1111,1215,Shamela0010512,104,1169,1282,78,85
641,356,597,Shamela0010428BK1,47,1012,1315,182,72
641,872,1111,JK006919,217,305,611,186,75
641,340,597,JK006919,425,620,865,185,85
641,716,872,JK006919,473,875,1045,118,88
641,356,597,Shamela0010709BK1,11,394,697,182,72
642,1132,1298,Sham19Y0000259,399,1167,1322,114,82
642,1132,1298,Shamela0010768,581,789,944,114,82
642,1302,1452,Shia001352,78,945,1105,123,93
642,64,1452,Shia002185Vols,4286,1,925,678,60
642,1080,1294,Sham19Y0023644,3948,1033,1267,142,70
642,1119,1294,Shamela0006944,197,893,1170,130,58
642,1132,1298,Shamela0010283,1206,41,197,113,82
642,1302,1452,Masaha004544,25,153,313,123,93
642,1132,1294,Sham19Y0014579,1506,688,839,111,82
642,660,833,Shamela0010646,368,490,660,129,93
642,1087,1302,JK009288,368,859,1075,166,96
642,660,776,JK009288,894,1547,1669,87,93
642,1113,1294,Masaha002979Vols,1037,69,242,136,92
642,660,833,Shamela0001349,17,238,414,123,86
642,660,833,Shamela0001349,19,166,342,123,86
642,429,526,Sham19Y0120146,23,66,160,63,82
642,1305,1452,Shia003692,263,142,299,120,92
642,1294,1452,Shamela0000594,13,294,468,122,86
643,149,1482,Shia002185Vols,4287,1,973,722,65
643,663,806,Sham19Y0036072,239,1081,1213,98,81
643,663,806,Shamela0010283,1252,876,1008,99,82
643,663,806,JK006919,17,920,1050,103,88
644,1299,1502,Zaydiyya0000013,302,791,1007,158,90
644,1304,1570,Shia001377,137,878,1166,208,89
644,1279,1498,Shia002265Vols,5392,433,688,164,80
644,1279,1570,Masaha002872,280,382,686,218,89
644,221,1439,Shia002185Vols,4287,973,1555,430,43
644,1279,1537,Shamela0023790,721,1308,1574,203,94
644,1304,1541,Shia004021,218,156,389,162,84
644,1292,1541,Shia001432Vols,3339,886,1132,168,83
644,1304,1570,Shia001432Vols,26122,643,931,208,89
644,1279,1570,Shia001432Vols,26135,915,1207,201,84
644,1292,1493,Shia001122Vols,2268,378,589,158,93
644,1292,1493,Shia001237Vols,3464,847,1059,157,92
644,1299,1498,JK001336,803,1357,1546,142,85
644,1312,1570,Shia001615Vols,113,1,281,201,89
644,1403,1570,ShamAY0035859,99,1,170,132,98
644,1382,1570,Shia001153,57,1,187,126,83
644,160,284,Shamela0010646,687,868,993,101,99
644,1292,1541,Masaha002979Vols,1018,918,1157,170,83
644,1279,1570,Masaha003104,123,211,501,202,85
644,1304,1541,Rafed0001617Vols,188,56,290,163,85
644,1292,1498,Shia001187Vols,5373,437,665,159,87
644,1299,1498,Shia001355,52,97,284,132,80
644,1299,1557,Shia002165,26,848,1070,153,74
645,7,277,Shia001377,137,1184,1491,210,84
645,678,882,JK010552,851,1249,1479,134,71
645,754,903,JK009203,4,1043,1317,114,52
645,1,277,Masaha002872,280,700,1007,216,86
645,1193,1338,Shia002185Vols,3185,1,146,114,96
645,1,1499,Shia002185Vols,4288,136,1085,598,45
645,694,869,Zaydiyya0000142,762,1327,1492,124,89
645,694,903,SAWS20200409,78,1268,1465,113,56
645,1,285,Shamela0023790,722,48,334,224,95
645,694,841,Shamela0012406,1940,1311,1446,99,85
645,706,903,Shamela0010283,1211,409,617,137,82
645,759,876,Sham19Y0018607,4683,1,118,88,94
645,1,281,Shia001432Vols,3340,358,540,140,61
645,7,277,Shia001432Vols,26122,949,1256,211,84
645,7,267,Shia001432Vols,26135,1225,1514,195,83
645,694,876,Shia003636Vols,4286,1328,1502,128,86
645,674,903,Shia003636Vols,11451,301,576,163,72
645,1,281,Shia001615Vols,3364,1144,1326,140,61
645,754,903,Shamela0007528,26,1101,1375,114,52
645,701,869,ShamAY0035859,95,557,720,118,87
645,1,277,ShamAY0035859,99,184,467,222,96
645,7,277,Shia001153,57,205,514,205,81
645,706,903,Shamela0010646,161,426,634,137,82
645,454,574,Shamela0010646,687,868,988,98,100
645,674,903,JK009288,394,362,592,179,96
645,7,277,Masaha003104,123,519,816,201,83
645,674,903,Shamela0000736,4930,1152,1425,163,72
645,706,903,Zaydiyya0000035,219,928,1081,103,65
646,908,1229,Shia002185Vols,315,926,1227,225,88
646,1067,1325,Shia002185Vols,4288,1218,1542,181,67
646,908,1185,Shamela0010614,262,1235,1513,214,96
646,1226,1440,Shamela0010614,263,984,1201,159,90
646,908,1102,Shamela0010614,330,900,1121,147,85
646,908,1106,Shamela0010496,35,434,1088,146,28
646,972,1106,Kraken22021606120800,462,374,557,102,70
646,1102,1217,Kraken22021606120800,462,1188,1323,81,72
646,972,1217,Sham19Y0021505,97,73,721,181,35
646,908,1106,Shamela0009096,190,1152,1369,148,85
646,917,1054,JK000919,396,1010,1507,101,25
646,1102,1217,JK000919,397,647,782,81,72
647,696,846,Shia001377,137,1088,1290,99,60
647,708,846,Masaha002872,280,618,810,91,58
647,69,405,Shia002185Vols,4289,113,325,149,55
647,1198,1309,Shia002185Vols,4290,228,339,90,100
647,708,846,Shia001237Vols,3507,539,731,95,61
648,253,457,Shia001352,78,945,1161,154,84
648,253,398,Shia002185Vols,4286,765,925,118,90
648,685,1542,Shia002185Vols,4292,958,1174,161,24
648,253,457,Shia004092Vols,12334,981,1191,142,76
648,253,457,Masaha004544,25,153,369,154,84
648,253,457,Shia001130,33,56,259,135,74
648,253,457,Shia001432Vols,3188,125,328,135,74
648,253,457,Shia001432Vols,26340,710,915,142,78
648,253,457,Shia001153,153,694,899,142,78
648,247,457,JK009288,538,756,974,152,81
648,253,457,Rafed0002654Vols,12685,455,665,140,75
648,247,460,Shia003692,263,133,350,147,77
648,253,457,Rafed0000609Vols,179,707,912,142,78
648,247,457,Shamela0000594,13,304,513,150,79
649,1371,1491,Shia002265Vols,153,776,899,85,86
649,1371,1491,Shia002265Vols,5396,62,188,76,76
649,1371,1491,JK009390,5312,1260,1387,76,75
649,1371,1491,Shia001900,144,913,1036,86,86
649,1371,1497,Shia002185Vols,3779,940,1073,89,82
649,924,1336,Shia002185Vols,4285,80,215,88,27
649,1,393,Shia002185Vols,4292,1174,1508,263,82
649,1371,1491,Shia001137,185,624,747,86,86
649,1371,1507,Shamela0006025,281,260,403,83,75
649,1371,1491,Shamela0021660,4793,1171,1294,86,86
649,1371,1491,Sham19Y0127677,3967,1129,1255,76,76
649,1371,1491,Shamela0001438,5882,1431,1557,76,76
649,1368,1497,Shia004021,115,13,149,91,83
649,1371,1491,Shia001265,96,896,1020,75,76
649,1368,1491,Sham19Y0016759,119,1289,1415,86,85
649,1371,1491,Shia001432Vols,23235,55,178,84,84
649,1371,1491,Shia001432Vols,24337,1392,1515,86,86
649,1368,1497,Shia001432Vols,26089,404,541,83,75
649,120,283,JK010611,110,115,268,118,89
649,1371,1491,Sham19Y0038171,2149,334,457,86,86
649,1371,1491,ShamAY0034068,3127,338,461,88,88
649,1371,1491,Masaha004561Vols,125,699,822,86,86
649,1371,1491,Masaha002310,58,1393,1516,86,86
649,120,283,Shamela0010646,1012,543,700,126,95
649,1371,1491,JK000022,75,1312,1434,85,88
650,20,194,Sham19Y0000259,225,318,440,96,70
650,422,1107,Shia002185Vols,4285,255,676,317,58
650,1123,1404,Shia002185Vols,4286,940,1090,104,47
650,20,349,JK001336,44,835,1034,157,60
651,688,820,JK000021,2365,525,652,82,80
651,688,820,Shamela0023789,350,1109,1248,86,79
651,311,688,Shia002185Vols,4286,1095,1340,189,64
651,688,830,Shia001137,91,845,1049,70,36
651,688,823,ShamAY0034809,402,419,549,83,80
651,688,820,Kraken220413030759,1528,353,489,91,87
651,688,810,Shamela0001399,1,355,476,84,89
651,688,830,Shia001432Vols,17353,717,919,70,37
651,688,820,Shia001432Vols,24212,1086,1221,70,52
651,688,830,Shia001432Vols,26391,691,893,70,37
651,688,820,Shamela0003118,2515,724,851,82,80
651,688,820,JK001189,114,958,1083,70,55
651,688,830,Shia001615Vols,3604,199,401,70,37
651,688,820,JK000074,68,809,935,81,79
651,349,467,Shia003727Vols,134,269,581,62,26
651,688,820,Sham19Y0036110,290,569,893,67,24
651,688,830,Shia001349Vols,1173,70,211,71,50
651,688,820,JK006919,1164,1257,1389,87,85
651,688,820,Shamela0012031,512,782,908,81,79
652,303,459,Sham19Y0000259,7,235,374,107,82
652,767,864,Shamela0006896,19,1238,1335,75,100
652,537,704,Shamela0023790,242,1193,1379,128,87
652,307,463,Shamela0010283,1685,928,1082,124,97
652,295,463,Shamela0001399,19,205,373,130,96
652,312,463,Shia003636Vols,4285,714,865,121,98
652,303,463,JK006919,1163,142,302,125,94
652,541,700,Sham19Y0148096,167,117,279,115,83
653,74,898,Shamela0035888,174,1241,1512,149,22
657,1070,1159,Shamela0012406,497,1061,1448,51,18
657,617,1403,Shamela0010646,151,1252,1422,134,21
658,1004,1484,Shia002185Vols,3974,1247,1438,138,35
658,557,665,Shamela0000765,142,919,1027,87,100
659,716,932,Shia002185Vols,2282,224,457,155,83
659,1,150,Shia002185Vols,3974,1438,1588,109,89
659,150,707,Shia002185Vols,3975,1,496,306,61
659,716,932,Shia003986,230,337,570,155,83
659,928,1134,Shamela0010283,783,460,641,144,86
659,928,1196,JK009288,366,1167,1436,215,98
659,707,923,JK009288,591,522,705,136,78
659,461,707,JK009288,903,267,500,179,88
659,76,205,JK006919,164,403,539,100,92
660,1303,1466,Shamela0010768,372,1201,1388,120,80
660,1321,1471,Shamela0023789,274,310,456,114,97
660,998,1303,Shamela0009681,5,1145,1454,199,74
660,1068,1303,Shamela0000558,128,757,989,174,85
660,168,839,Shia002185Vols,3975,638,945,208,38
660,1303,1446,Shamela0010614,483,267,406,107,94
660,745,921,Shamela0023790,44,1159,1450,136,59
660,1299,1471,Shamela0023790,104,999,1166,126,94
660,1060,1299,Shamela0010283,1201,159,395,188,94
660,221,382,Shamela0010283,1208,1377,1538,126,99
660,1064,1299,Shia003636Vols,4267,345,577,183,91
660,1055,1303,Shamela0010496,53,1244,1497,199,95
660,1064,1299,JK001189,33,903,1149,182,87
661,1286,1512,Shia002185Vols,3975,1043,1261,172,94
661,1240,1512,Shamela0010614,327,689,959,182,79
661,1,108,JK000916,22970,1367,1477,83,96
661,902,1192,JK010646,87,412,669,180,70
661,1236,1512,Shamela0023790,46,1238,1505,182,80
661,1,112,Shamela0023790,246,222,336,85,95
661,1240,1512,Noorlib0006300,202,894,1159,186,83
661,1,108,JK007082,424,1317,1427,82,95
661,1,108,JK007082,558,930,1040,83,96
661,1,108,JK007082,663,125,235,83,96
661,1229,1512,Shia003725,51,974,1264,148,55
661,876,1192,Shamela0008505,121,800,1180,240,76
662,849,950,Shamela0012400,43,788,890,79,99
662,842,950,JK000919,376,412,517,76,89
663,1241,1448,Sham19Y0014075,787,343,560,151,81
663,1245,1448,Shamela0010614,389,786,993,159,89
663,499,606,JK001269,43,1009,1122,74,85
663,1241,1448,Shamela0010646,253,864,1075,171,98
664,1019,1296,JK010552,621,674,926,171,73
664,1160,1303,Shamela0009681,5,1,144,110,95
664,84,415,JK000916,14547,314,676,229,76
664,1019,1303,Shamela0010283,1230,467,757,220,93
664,110,409,Shamela0009773,1224,27,327,220,84
664,1019,1303,Shamela0010496,52,1168,1435,206,88
664,84,409,Shamela0003118,4274,702,1062,229,76
664,1023,1303,JK001189,15,300,551,161,63
665,1,821,Shia002185Vols,3976,81,689,450,65
665,1061,1616,Shamela0010283,1262,411,886,361,76
665,1,118,Shia001237Vols,2933,12,128,84,86
665,1,233,Shamela0010646,195,301,534,166,85
665,1,233,Shia002165,50,230,456,157,80
666,1,335,Shia002185Vols,3547,1322,1617,205,70
666,335,540,Shia002185Vols,3548,8,212,147,83
666,526,827,Shamela0010283,1201,499,678,127,50
666,1,393,Shamela0010283,1262,886,1285,317,96
666,393,540,Shia003636Vols,4844,614,766,111,84
666,393,540,Shamela0005683,55,313,468,115,87
667,757,994,JK009203,5,1081,1469,158,47
667,164,294,Sham19Y0018607,4682,118,265,98,82
667,297,757,ShamAY0000443,1467,588,1427,317,47
667,994,1409,ShamAY0000443,1468,12,802,282,44
667,1409,1526,ShamAY0000443,1469,916,1084,84,63
667,153,294,Shamela0001585,195,978,1115,99,88
667,757,988,Shamela0007528,27,1115,1496,156,47
667,297,730,Shamela0007528,31,257,1009,291,48
667,1135,1409,Shamela0007528,32,176,621,194,53
667,754,994,Shamela0010646,161,800,1191,156,48
668,1148,1392,Shamela0010283,709,758,1265,184,44
668,1392,1563,Shamela0010283,710,37,208,126,85
668,1392,1518,Shamela0010646,2289,1388,1512,101,97
669,1,719,Shamela0010283,710,208,749,351,58
670,1298,1523,Shamela0010283,710,754,979,178,97
670,1378,1519,Shamela0010646,1620,1225,1365,109,94
670,1097,1294,JK009288,914,1033,1218,135,84
671,63,173,Shamela0010283,710,1079,1191,88,98
671,974,1392,JK009288,97,662,1528,300,42
671,490,612,JK009288,737,783,911,86,89
672,185,357,Shamela0010283,710,1320,1560,129,67
672,185,389,Shamela0005390,291,773,974,143,83
673,846,1060,Shamela0010646,2290,1064,1331,138,59
673,6,201,Kraken21050704,102,513,700,118,63
674,705,1493,Shamela0010283,711,228,1157,324,32
674,791,1493,Shamela0010646,1621,1,349,267,46
674,653,852,JK006919,762,1,306,150,61
675,49,504,Shamela0005406,108,1032,1486,213,49
675,739,1098,Shamela0010646,1350,1092,1472,270,89
675,520,694,JK009288,78,1339,1513,138,98
676,1307,1526,Shamela0010283,711,774,983,158,87
676,305,550,Shamela0010283,711,379,626,194,96
676,985,1146,Shamela0011056,38,418,585,99,74
676,148,301,Shamela0012848,85,934,1103,123,89
676,344,550,Shamela0012848,125,1,322,167,64
676,554,777,Shamela0012848,144,1203,1474,168,77
676,785,1289,Shamela0012848,146,430,1370,366,48
676,1289,1436,Shamela0012848,148,1320,1482,109,83
676,985,1146,JK009204,31,586,753,99,74
676,301,554,Shamela0010646,545,706,963,193,93
676,652,777,JK009288,97,537,662,99,100
677,71,300,Shamela0010283,711,1183,1420,136,62
678,88,264,Shamela0010521,166,787,954,131,93
682,1356,1467,Shamela0010614,526,602,708,82,92
683,960,1084,Shamela0023789,1623,491,589,77,79
683,1,398,Shamela0010614,526,708,1108,299,90
683,960,1084,Shamela0023790,313,1255,1359,78,76
683,946,1084,JK007082,653,177,317,86,68
683,402,954,Shamela0011068,72,227,811,194,37
683,415,926,Shamela0003617,63,246,654,133,23
683,946,1084,Shamela0003617,63,1140,1278,84,67
683,1260,1519,Shamela0010646,708,66,340,201,91
683,580,828,Shamela0023775,56,455,745,195,79
683,941,1084,Shamela0023775,1014,759,954,103,67
684,522,653,Sham19Y0147065,27,1051,1182,99,96
684,1268,1503,Shamela0010646,708,397,531,99,51
684,542,663,JK006919,109,1,119,87,93
684,968,1072,JK006919,109,839,943,81,98
684,1093,1268,JK006919,539,1025,1196,113,73
685,1202,1401,Shamela0010512,121,665,818,117,74
685,546,862,Shamela0010646,708,598,897,211,79
685,1198,1401,Shamela0010646,1621,494,692,154,97
685,1198,1401,JK009288,706,206,406,146,86
685,1202,1401,Masaha002979Vols,245,192,350,122,77
686,124,699,Shamela0012398,765,135,699,429,91
686,124,699,Shamela0010646,1621,692,1263,442,93
686,1012,1233,JK009288,336,1,221,162,86
686,1233,1351,JK009288,404,1391,1509,93,100
686,188,699,JK009288,606,1,513,389,91
686,124,699,Masaha002979Vols,132,372,1040,385,63
687,1025,1535,Sham19Y0147065,30,509,954,341,83
687,1061,1535,Shamela0005406,139,201,617,253,63
687,1005,1535,Shamela0011056,27,284,642,199,44
687,999,1535,Shamela0005390,119,809,1140,213,47
687,1061,1535,JK001336,810,605,954,219,54
687,1054,1535,JK009204,22,1122,1457,189,46
687,1054,1535,Shamela0010646,1995,33,378,248,64
687,1,200,JK009288,414,385,726,137,50
687,1054,1535,Masaha002979Vols,888,399,744,233,57
688,1,125,Sham19Y0147065,30,954,1077,91,92
688,10,649,Shamela0010646,707,549,989,313,59
688,1146,1395,Shamela0010646,1908,1231,1480,192,96
688,804,1150,Shamela0010646,2312,425,779,242,81
689,1,153,Shamela0010646,1909,89,250,123,94
690,1292,1389,Shamela0010646,707,996,1093,76,100
691,250,413,Shamela0011068,73,570,776,114,69
691,1080,1305,Shamela0011068,113,800,1024,134,62
691,1330,1497,Shamela0010646,707,1098,1274,134,94
692,249,531,ShamAY0033794,366,66,300,154,68
692,817,1178,Shamela0010614,366,1111,1495,269,86
692,531,708,Sham19Y0147065,30,1193,1375,138,96
692,1,184,Shamela0010646,707,1274,1451,138,93
692,531,704,Shamela0010646,968,546,729,135,93
692,310,531,Shamela0010646,2310,1,220,158,82
692,1,184,Sham19Y0018257,43,490,673,141,95
693,573,1018,Shamela0010646,1909,254,695,352,96
694,1236,1506,JK003502,822,510,782,196,84
694,388,556,Shamela0010646,672,762,938,134,94
694,572,855,Shamela0010646,694,399,683,218,98
694,572,938,JK006919,180,802,1149,227,78
694,860,1160,JK006919,422,70,329,174,70
695,16,194,JK003502,822,782,960,142,98
695,234,520,JK009288,626,534,836,208,84
696,830,1040,Shamela0010646,2310,211,421,161,97
697,270,868,JK009288,334,573,1163,424,84
698,51,213,Shamela0023789,748,1294,1466,121,90
698,219,479,Shamela0023789,749,8,234,161,73
698,51,479,Shamela0036515,1264,7,416,278,78
698,62,479,Shamela0023790,325,332,738,250,67
698,62,479,ShamAY0032088,125,451,787,235,68
698,51,479,Shamela0008505,224,157,594,309,85
698,62,479,Shamela0010646,2271,215,535,245,72
699,495,705,Shamela0010646,2285,452,655,148,82
699,705,873,Shamela0010646,2301,266,434,134,99
699,705,873,JK009288,322,425,623,114,72
700,572,870,Shamela0010646,1351,1,313,230,91
700,1252,1401,Shamela0010646,2301,434,580,118,96
701,891,1133,Shamela0010646,1621,1263,1508,182,92
701,1172,1346,Shamela0010646,2301,881,1029,113,82
701,32,337,Shamela0010646,2301,580,885,228,94
701,708,1176,JK009288,634,1013,1504,320,76
701,344,594,Shamela0023775,825,330,654,191,71
702,400,594,Shamela0010646,2301,1025,1203,138,85
704,161,349,Shamela0010646,1352,38,215,132,88
704,318,541,Shamela0010646,2285,655,879,145,79
705,1490,1630,Shamela0010614,245,578,715,102,92
705,1486,1636,Shamela0009773,1305,877,1051,96,71
705,1327,1490,Shamela0010646,277,930,1095,111,81
705,1327,1490,Masaha002979Vols,208,1273,1438,112,82
705,1165,1327,Shamela0009100,45,698,848,122,92
706,728,1069,Shamela0023789,893,1164,1551,270,84
706,1069,1600,Shamela0023789,894,1,534,412,94
706,764,1298,JK000911,1139,1028,1626,397,78
706,1298,1600,JK000911,1140,1,294,214,87
706,396,728,Shia002185Vols,3416,17,369,239,85
706,920,1600,Shia002185Vols,3418,466,1140,534,95
706,764,1600,Shamela0009783BK1,2199,519,1411,629,84
706,728,1600,Shamela0010614,235,374,1346,692,86
706,1030,1367,Sham19Y0023644,2496,1,360,267,90
706,449,655,Shamela0023790,82,184,393,140,83
706,1118,1298,Shamela0012406,1267,754,889,109,73
706,738,1600,Shamela0010283,4436,178,1219,654,76
706,743,1600,ShamAY0000443,2287,452,1355,634,83
706,841,1600,Shamela0009773,1304,236,945,418,59
706,920,1367,Shia003675Vols,722,1093,1545,293,71
706,920,1600,Shamela0012396,338,482,1192,517,87
706,920,1600,Sham19Y0021505,243,815,1494,508,88
706,1118,1298,Kraken210528100217,81,748,883,109,73
706,462,651,JK001310,51,749,956,117,70
706,728,1600,Shamela0028453,125,744,1373,476,65
706,449,646,Shamela0010646,230,185,379,131,77
706,738,1256,Shamela0010646,1361,1189,1647,351,79
706,1256,1600,Shamela0010646,1362,1,343,273,97
706,920,1600,Shamela0009429,162,638,1328,516,89
706,449,651,Sham19Y0120146,101,745,956,116,66
706,779,1600,Sham19Y0145435,2496,1,878,616,84
707,970,1213,Shamela0023789,9,654,876,161,83
707,1,1072,Shamela0023789,894,534,1580,801,90
707,1072,1550,Shamela0023789,895,1,483,377,94
707,1324,1546,Shamela0000558,128,190,392,144,75
707,1,1268,JK000911,1140,294,1552,962,92
707,1268,1546,JK000911,1141,1,274,225,97
707,313,466,Shia002185Vols,3284,1061,1200,115,90
707,1,459,Shia002185Vols,3418,1140,1593,355,96
707,459,1550,Shia002185Vols,3419,1,1092,827,92
707,995,1232,Shia002185Vols,3518,1162,1408,183,94
707,1,225,Shamela0009783BK1,2199,1411,1635,179,98
707,225,1546,Shamela0009783BK1,2200,1,1344,994,89
707,1,287,Shamela0010614,235,1346,1633,229,99
707,287,1550,Shamela0010614,236,1,1353,960,86
707,995,1268,ShamAY0033734,17,552,790,170,78
707,229,1546,Sham19Y0023644,2496,410,1505,797,71
707,156,1268,Shamela0023790,430,431,1007,421,46
707,1,425,Shamela0010283,4436,1219,1647,334,95
707,425,1542,Shamela0010283,4437,1,1094,851,94
707,1,307,ShamAY0000443,2287,1355,1660,229,91
707,307,1546,ShamAY0000443,2288,1,1195,933,93
707,1,743,Shamela0009773,1304,945,1627,440,66
707,743,1418,Shamela0009773,1305,1,612,441,79
707,999,1213,JK001412,317,569,774,151,89
707,1,1499,Shia003675Vols,723,104,1440,776,56
707,64,216,Shia003675Vols,1649,173,326,123,98
707,1053,1550,Shia003675Vols,1649,637,991,246,59
707,1,474,Shamela0012396,338,1192,1628,338,86
707,474,1546,Shamela0012396,339,1,1022,775,89
707,1004,1520,Sham19Y0021505,244,316,769,350,82
707,124,459,Sham19Y0021505,244,1,316,230,82
707,995,1268,JK001310,12,1166,1414,166,75
707,1,216,Shamela0028453,125,1373,1575,136,70
707,216,1268,Shamela0028453,126,1,1119,715,73
707,1313,1550,Shamela0028453,127,1082,1308,180,92
707,1,1199,Shamela0010646,1362,343,1535,934,96
707,1199,1550,Shamela0010646,1363,1,354,287,98
707,1328,1542,JK009288,208,466,676,142,77
707,1,271,Shamela0009429,162,1328,1572,179,80
707,995,1520,Shamela0009429,163,233,695,360,83
707,271,534,Shamela0009429,163,1,233,175,82
707,590,1268,Kraken210630005153,5246,950,1434,347,63
707,1,708,Sham19Y0145435,2496,878,1626,531,86
707,708,1546,Sham19Y0145435,2497,1,820,642,94
707,302,895,Rafed0000609Vols,401,935,1193,196,41
708,1,1366,Shamela0023789,895,483,1560,773,68
708,1,1036,JK000911,1141,282,1228,624,70
708,1048,1518,Shia002185Vols,3416,679,1155,305,76
708,1,517,Shia002185Vols,3419,1092,1570,365,86
708,517,1048,Shia002185Vols,3420,1,361,259,57
708,1,194,Shamela0009783BK1,2200,1352,1549,148,87
708,200,1036,Shamela0009783BK1,2201,8,744,485,68
708,1,242,Shamela0010614,236,1353,1595,191,96
708,242,1084,Shamela0010614,237,1,873,569,72
708,1183,1391,Shamela0010614,278,1049,1269,152,83
708,64,1053,Sham19Y0023644,2497,1,651,386,46
708,350,627,Shamela0023790,429,1094,1482,174,53
708,1,441,Shamela0010283,4437,1107,1548,338,92
708,441,1053,Shamela0010283,4438,1,595,365,67
708,1,355,ShamAY0000443,2288,1203,1553,260,86
708,321,577,Shia003675Vols,724,1,242,113,43
708,1,491,Shia003675Vols,1649,991,1390,252,63
708,1,463,Shamela0012396,339,1030,1477,340,88
708,1183,1369,JK001310,51,490,676,136,85
708,1,269,Shamela0028453,127,1308,1579,190,79
708,269,844,Shamela0028453,128,1,599,365,65
708,1,1048,Shamela0010646,1363,354,1320,719,83
708,1,350,JK009288,208,687,972,176,57
708,1,736,Sham19Y0145435,2497,828,1541,510,80
709,1147,1462,Shamela0023789,50,189,500,160,59
709,1147,1467,Shamela0000558,98,214,429,103,33
709,1,330,Shia002185Vols,3416,1155,1487,214,74
709,330,1467,Shia002185Vols,3417,1,899,622,66
709,114,564,Shamela0010283,4438,638,1073,337,94
709,1147,1504,Shamela0008505,149,461,782,228,81
709,1152,1431,Shamela0010646,190,1073,1326,194,87
709,1147,1462,JK006919,181,1152,1390,157,61
710,149,1019,Shamela0010768,619,212,1297,457,46
710,128,954,Shamela0023789,1757,738,1419,461,66
710,123,489,Shia002185Vols,3417,894,1194,201,66
710,128,796,Sham19Y0020762,175,869,1496,350,61
710,1,123,Sham19Y0020762,2208,1010,1132,92,97
710,156,1024,Sham19Y0023644,3553,350,1252,405,46
710,591,1024,Kraken220218125255,357,7,463,260,63
710,128,704,JK010672,74,877,1444,394,81
710,704,1019,JK010672,75,1,346,229,82
710,128,944,Shamela0026484,129,561,1399,595,86
710,134,954,JK001412,179,45,877,393,53
710,128,259,Masaha003390Vols,278,1393,1546,102,83
710,259,1019,Masaha003390Vols,279,1,787,541,82
710,128,1019,Shamela0008505,157,231,1158,639,83
710,1019,1118,Shamela0008505,424,946,1045,74,97
710,484,1019,Shamela0023735,1702,185,719,273,55
710,489,1019,Shamela0001000,643,171,764,318,63
710,128,489,Masaha002979Vols,430,56,340,187,65
710,238,859,Shamela0009100,100,408,936,355,68
710,796,1019,ShamAY0037021,292,755,1005,127,54
710,134,494,Sham19Y0017681,75,285,624,186,60
710,123,869,JK006919,579,912,1484,313,51
711,510,632,Shia002185Vols,3417,1362,1484,87,87
711,54,500,Shamela0010614,271,1148,1604,336,88
711,907,1034,Shamela0010614,523,1,129,97,96
711,601,764,JK003609,3457,722,880,116,88
711,601,764,JK000778,285,834,992,115,88
712,1171,1515,Shia003764Vols,254,679,1054,245,74
712,45,1204,JK000911,1137,10,895,450,45
712,191,1158,Shia002185Vols,3403,23,1249,626,59
712,1171,1515,Shia002185Vols,3407,887,1295,245,69
712,1308,1515,Shia001137,578,1,218,160,89
712,329,1158,JK000916,7051,250,1223,442,49
712,874,1167,Shia001269,250,924,1178,117,43
712,311,656,Zaydiyya0000142,3672,902,1486,203,41
712,656,1204,Zaydiyya0000142,3673,6,481,234,48
712,1266,1500,Sham19Y0023644,2484,115,269,116,59
712,45,248,Shamela0010283,4432,372,640,123,60
712,1188,1515,Shamela0009773,1294,395,744,233,78
712,79,267,Shia001432Vols,13122,914,1396,125,31
712,272,1158,Shia001432Vols,13123,84,1170,590,64
712,1171,1515,Shia001432Vols,13124,200,576,248,76
712,79,1150,Shia003636Vols,1737,396,1486,522,49
712,1178,1515,Shia003636Vols,1740,546,914,216,68
712,329,1009,Shamela0003118,2389,469,1323,358,46
712,360,1183,Shia004030Vols,426,1,925,533,68
712,55,668,Masaha004561Vols,571,370,1457,366,40
712,668,1158,Masaha004561Vols,572,1,591,335,68
712,1171,1515,Masaha004561Vols,576,218,625,251,75
713,1,445,Shia003764Vols,254,1054,1496,330,91
713,448,638,Shia003764Vols,255,28,202,135,90
713,1,222,Shia002185Vols,3407,1295,1516,159,87
713,222,638,Shia002185Vols,3408,1,443,318,89
713,638,800,Shia002185Vols,3420,361,550,124,82
713,816,1013,Shamela0009783BK1,2209,250,470,137,79
713,1,638,Shia001137,578,218,891,480,88
713,1,448,Shamela0009773,1294,744,1143,272,74
713,816,1184,Shamela0009773,1298,744,1472,192,30
713,1,638,Shia001432Vols,13124,576,1226,464,87
713,1,445,Shia003636Vols,1740,914,1255,252,70
713,1,638,Masaha004561Vols,576,625,1289,478,88
713,643,1414,Shamela0028453,128,699,1480,591,92
713,816,1013,Sham19Y0145435,2505,647,867,137,79
714,921,1495,Shia002185Vols,199,563,1133,434,94
714,520,758,Shia002185Vols,3347,143,399,182,89
714,762,876,Shia002185Vols,3418,115,229,86,97
714,894,1440,Shamela0010283,1556,939,1491,430,97
714,1,329,Shamela0028453,129,39,379,261,94
714,500,762,Shamela0010646,743,259,522,185,86
714,894,1495,JK009288,426,910,1446,390,80
714,910,1495,Shamela0009429,165,228,812,455,97
715,1018,1236,Shamela0006617,1171,1282,1480,151,84
715,1279,1388,Sham19Y0016714,828,847,956,88,100
715,877,1498,Shamela0023789,897,466,1101,291,43
715,1,243,Shamela0023789,899,1292,1565,164,73
715,11,312,Shamela0023789,1224,714,1100,206,65
715,11,312,JK010552,63,1058,1471,211,63
715,1018,1229,JK000911,1444,218,417,152,85
715,312,680,JK000911,1450,49,563,197,45
715,946,1437,Shia002185Vols,240,835,1235,321,79
715,1,312,Shia002185Vols,241,1213,1531,222,83
715,1256,1388,Shia002185Vols,656,1306,1437,101,94
715,484,784,Shamela0012929,561,789,1173,219,67
715,1018,1229,Shamela0009783BK1,2727,1120,1326,159,89
715,304,722,Shamela0010614,195,1133,1602,308,82
715,722,925,Shamela0010614,196,1,480,162,42
715,925,1542,Shamela0010614,199,893,1373,335,61
715,883,1498,Shamela0010614,275,1,667,285,42
715,484,779,JK000916,3242,1018,1321,212,81
715,1256,1388,JK000916,4382,701,831,90,86
715,164,312,JK000916,4389,1,215,106,61
715,1279,1388,Sham19Y0023644,3931,1011,1120,88,100
715,1,324,Shamela0023790,431,694,1105,231,67
715,484,779,Masaha003492Vols,140,724,1003,205,80
715,11,312,Shamela0010798,1541,715,1127,211,63
715,11,312,Shamela0012406,1633,885,1233,209,73
715,981,1148,Sham19Y0021514,81,1348,1542,137,85
715,1148,1449,Sham19Y0021514,82,1,260,192,78
715,1018,1229,Shamela0010283,4692,1289,1486,154,87
715,324,542,JK010670,220,1181,1420,165,87
715,1279,1388,Shamela0002512,3,188,297,87,98
715,1018,1229,Shamela0009773,1920,1359,1562,159,90
715,395,652,Shamela0009773,1933,658,995,149,56
715,1,312,Shamela0009773,3630,591,939,209,69
715,484,779,Shamela0007012,482,914,1207,215,84
715,574,779,Shamela0003118,1220,1,207,148,84
715,11,337,Shamela0003118,1647,542,987,225,62
715,1018,1236,Shamela0035100,1537,345,540,146,81
715,1018,1236,JK001039,14,1069,1272,153,83
715,1018,1430,Shia002525,175,386,743,222,56
715,1198,1388,Shamela0008505,134,564,804,142,72
715,1,312,JK010344,742,561,982,182,52
715,1,139,Shamela0010646,766,1323,1465,111,97
715,139,312,Shamela0010646,767,1,186,140,93
715,11,259,Shamela0001000,327,1233,1561,174,66
715,251,680,Shamela19Y0145334,1174,589,1145,201,38
715,6,377,Shamela19Y0145334,1196,208,713,236,51
715,1023,1392,Shamela19Y0145334,1207,1228,1552,189,51
715,1279,1388,Masaha003682Vols,1199,128,237,87,98
715,1,312,Kraken210630005153,5254,447,792,206,68
715,6,317,JK006919,141,128,431,193,67
715,1018,1229,Sham19Y0145435,3590,1033,1239,159,89
715,1279,1388,Rafed0002485,71,837,946,88,100
716,219,799,Shamela0023789,897,1070,1656,456,89
716,23,214,Shamela0023789,897,367,557,150,96
716,799,1679,Shamela0023789,898,1,908,690,91
716,219,782,JK010552,689,1103,1599,378,76
716,782,1679,JK010552,690,1,983,656,80
716,223,558,Shia002185Vols,240,1346,1702,258,85
716,558,1679,Shia002185Vols,241,1,1179,861,85
716,34,214,Shia002185Vols,317,478,658,142,98
716,219,1233,Shamela0010614,275,667,1658,808,95
716,1233,1679,Shamela0010614,276,1,434,344,94
716,219,1463,JK000916,4355,395,1579,862,80
716,1480,1679,JK000916,4356,1,202,159,97
716,1486,1679,Shamela0023790,38,489,680,153,96
716,219,937,Shamela0010798,1556,893,1595,524,84
716,960,1679,Shamela0010798,1557,8,699,527,86
716,915,1679,Shamela0010798,1558,1,850,554,77
716,214,1679,Shamela0010283,1557,181,1652,1166,94
716,219,1679,Shamela0004445,4298,23,1541,1050,79
716,1491,1679,Shamela0001585,192,791,980,146,95
716,201,804,Sham19Y0147597,1644,751,1273,419,83
716,1040,1557,JK010344,731,1054,1659,265,46
716,240,1115,JK010344,731,257,1161,474,52
716,219,1054,Shamela0010646,1125,811,1642,651,91
716,1054,1463,Shamela0010646,1126,1,431,302,85
716,1498,1679,Masaha002979Vols,500,440,621,139,94
716,18,214,Shamela19Y0145334,1196,9,202,148,93
716,223,1679,Shamela19Y0145334,1208,76,1526,1157,96
716,1498,1679,Shamela0023775,973,1203,1384,147,98
717,6,379,Shamela0023789,898,914,1291,245,72
717,15,589,Shia002185Vols,317,663,1233,403,83
717,389,525,Shia002185Vols,3821,288,438,107,87
717,965,1128,Shamela0001687,2722,728,891,82,57
717,60,299,Shamela0010614,291,1,250,179,89
717,11,299,JK000916,4362,445,721,170,67
717,1,299,Shamela0023790,435,754,1011,181,75
717,930,1128,Masaha003492Vols,279,44,180,105,63
717,11,299,Shamela0010798,1563,228,498,170,68
717,86,295,Shamela0004445,4299,658,847,129,77
717,11,295,JK007082,191,1032,1305,170,67
717,111,299,Shamela0010646,1401,1,187,140,91
717,911,1323,JK009288,230,335,779,296,79
717,15,304,Shamela19Y0145334,1209,453,757,218,89
717,384,525,JK009365,182,221,381,106,80
718,858,1194,Shamela0023789,18,1010,1357,264,90
718,858,1154,Shamela0023789,1215,1266,1483,159,65
718,1338,1581,Shia002185Vols,242,1,268,181,82
718,853,1199,Sham19Y0023644,3512,280,561,192,65
718,853,1206,Shamela0023790,38,153,499,267,91
718,883,1199,Shamela0010283,1230,16,330,250,94
718,846,1199,Shamela0001585,95,534,848,234,81
718,1003,1206,Shamela0004473,536,1,198,154,89
718,858,1223,JK001412,209,114,450,226,73
718,858,1199,Shamela0010646,164,1047,1366,246,87
718,1260,1581,Shamela0010646,1380,720,1037,249,93
718,858,1194,JK009288,532,131,414,212,78
718,109,319,JK009288,578,712,916,150,86
719,1334,1541,Shia002185Vols,317,1240,1451,159,92
719,1330,1547,Shamela0037025,9,1122,1354,168,88
719,780,1082,Sham19Y0020762,1062,1097,1455,214,74
719,1330,1547,Sham19Y0036072,158,427,659,163,84
719,791,1082,Sham19Y0036072,269,8,316,231,93
719,1334,1547,Shamela0026803,173,504,767,163,76
719,855,1065,Shamela0004445,4300,332,671,144,53
719,1325,1547,Shamela0008505,78,688,925,172,89
719,1,287,Shamela0010646,1380,1037,1338,227,94
719,780,1097,Shamela0010646,1591,219,569,243,86
719,1334,1541,Masaha002979Vols,597,715,925,155,91
719,1348,1547,Shamela19Y0145334,1212,253,446,149,90
719,1334,1547,JK010766,516,794,1003,159,90
719,784,1102,JK006919,214,1125,1490,240,81
720,11,145,Shamela0001390,164,1214,1358,88,79
720,121,648,JK000916,4345,130,682,407,89
720,125,680,Sham19Y0023644,3156,283,773,309,63
720,11,136,Sham19Y0036072,158,224,350,90,89
720,229,601,Shamela0004445,4126,752,1126,214,65
720,121,653,Shamela0004445,4294,722,1229,367,81
720,121,594,Shamela0003118,1633,1023,1501,353,88
720,1,121,Shamela0008505,79,124,254,91,89
720,125,353,Shamela0010646,1379,1390,1614,175,93
720,353,1097,Shamela0010646,1380,1,730,553,89
720,125,648,Shamela0001000,335,342,887,394,88
720,1,136,Shamela19Y0145334,1212,446,580,97,87
720,125,628,Shamela0001349,202,981,1465,342,78
720,113,680,Shamela0009873,340,1046,1428,216,45
721,324,1412,Shamela0023789,1210,455,1538,718,75
721,68,258,JK009228,117,822,1011,84,43
721,324,1301,Shamela0010529,206,577,1465,626,78
721,63,316,Sham19Y0020762,1508,54,188,106,52
721,321,1480,Shamela0008505,151,64,1217,895,94
721,1,324,Shamela0008505,152,168,490,248,96
721,316,680,Shamela0001000,337,1149,1513,272,90
721,680,1480,Shamela0001000,338,1,766,581,89
721,321,755,Shamela19Y0145334,1212,1046,1506,324,85
721,761,1480,Shamela19Y0145334,1213,1,702,545,93
722,786,1535,Shamela0006617,1140,620,1322,340,43
722,869,1478,Shamela0023789,900,740,1512,412,62
722,1,335,Shamela0023789,1211,75,383,239,90
722,856,1094,Shamela0001025,209,286,1230,177,23
722,762,1399,JK000911,1442,693,1586,363,47
722,753,1445,Shamela0009783BK1,2725,802,1534,380,59
722,786,1535,Shamela0010614,350,367,1181,453,58
722,781,1036,JK000916,4351,576,835,174,73
722,335,1399,JK000916,4353,314,1505,790,79
722,856,1478,JK000916,4356,624,1119,215,36
722,976,1535,Shamela0010529,198,1,864,366,50
722,55,335,Shamela0010529,207,42,283,179,78
722,786,1478,Sham19Y0023644,3197,559,1304,303,37
722,856,1478,Masaha003492Vols,995,826,1332,237,39
722,335,439,Shamela0010798,1558,1436,1606,70,50
722,439,1535,Shamela0010798,1559,1,1076,850,95
722,836,1250,Shamela0012406,1489,1061,1487,268,72
722,856,1535,Shamela0012406,1495,1,1046,419,44
722,733,1462,Shamela0010283,4691,398,1532,544,59
722,381,1367,Shamela0012318,587,734,1555,566,70
722,786,1399,Shamela0009773,1919,159,1190,305,32
722,747,1094,Shamela0004445,4158,1103,1517,232,64
722,856,1478,Shamela0007012,475,812,1284,213,36
722,332,603,Shamela0010664,321,1221,1549,184,67
722,603,1535,Shamela0010664,322,1,1049,710,82
722,781,1367,Shamela0003118,1637,416,1037,301,46
722,856,1367,Shia003675Vols,1066,146,943,263,34
722,753,1478,Shamela0012396,476,56,754,406,58
722,781,1367,Shamela0035100,1311,702,1369,331,50
722,335,1067,Shamela0026813,14,672,1489,563,84
722,1067,1535,Shamela0026813,15,1,499,359,83
722,1287,1535,JK001336,92,314,692,166,51
722,435,769,Sham19Y0021505,244,1325,1587,207,77
722,769,1535,Sham19Y0021505,245,1,807,589,87
722,1,292,Shamela0008505,151,1217,1508,228,96
722,335,1535,Shamela0008505,192,111,1419,913,83
722,786,1506,JK010344,727,335,1184,388,47
722,624,1478,JK001310,55,220,1140,375,39
722,786,1478,Shamela0028453,31,105,1139,448,51
722,335,936,Shamela0010646,250,819,1498,451,81
722,936,1535,Shamela0010646,251,1,591,463,94
722,335,1535,Shamela0001000,328,98,1027,649,61
722,1,339,Shamela0001000,338,766,1100,239,86
722,786,1535,Shamela0009429,164,172,950,360,42
722,733,1145,Shamela19Y0145334,1164,939,1521,309,64
722,1,328,Shamela19Y0145334,1213,702,1042,246,90
722,335,678,JK010766,656,1165,1543,233,69
722,678,1535,JK010766,657,1,862,654,90
722,753,1478,Sham19Y0145435,3588,731,1516,411,60
722,335,1418,JK001477,192,333,1536,794,79
723,296,743,Shamela0006617,1141,415,802,272,72
723,413,1257,Shamela0023789,1203,1,571,308,44
723,750,1196,Shia002185Vols,4405,757,1406,338,64
723,923,1257,Shia003461Vols,587,942,1144,121,45
723,943,1266,JK000916,4352,749,1013,117,38
723,1,1236,JK000916,4354,125,1541,931,79
723,975,1266,JK000916,10844,1264,1496,110,39
723,743,1137,Sham19Y0036540,3636,246,696,298,82
723,1,498,Shamela0010798,1559,1076,1553,366,88
723,498,1257,Shamela0010798,1560,1,949,584,76
723,296,750,Shamela0005406,192,1098,1453,273,74
723,375,761,Shamela0012406,1497,1,439,177,44
723,93,750,Shamela0010283,4692,70,1079,307,34
723,807,1028,Shamela0010283,4693,50,447,111,35
723,1,1257,Shamela0012318,588,158,1214,674,61
723,1,502,Shamela0010664,322,1049,1561,384,90
723,502,1137,Shamela0010664,323,1,718,482,82
723,793,1257,Shamela0026484,132,737,1391,343,65
723,93,1001,Shamela0003118,1638,572,1517,692,88
723,1001,1164,Shamela0003118,1639,1,283,127,56
723,304,743,Shia003675Vols,1068,7,418,252,66
723,296,743,Shamela0035100,1312,105,477,267,72
723,1,984,Shamela0026813,15,499,1538,747,86
723,984,1257,Shamela0026813,16,1,406,209,63
723,156,727,JK001336,92,1051,1585,361,73
723,727,1143,JK001336,93,1,529,286,64
723,1,296,Sham19Y0021505,245,807,1125,234,91
723,120,1257,Shamela0008505,193,1,1315,851,78
723,1262,1426,Shamela0008505,257,1403,1575,124,88
723,143,770,JK010344,728,398,1217,332,46
723,1,943,Shamela0010646,251,591,1521,676,85
723,939,1257,Shamela0010646,252,1,467,240,64
723,1262,1521,Shamela0010646,692,647,912,191,86
723,1,622,Shamela0001000,328,1027,1587,420,81
723,622,1257,Shamela0001000,329,1,852,483,69
723,152,416,Shamela19Y0145334,1165,1174,1617,189,52
723,389,750,Shamela19Y0145334,1166,1,340,182,55
723,927,1257,Shamela19Y0145334,1166,1067,1410,129,39
723,1257,1521,Shamela19Y0145334,1221,1,285,204,88
723,975,1257,JK006907,34,874,1132,100,31
723,1,705,JK010766,657,862,1551,507,84
723,709,1257,JK010766,658,1,714,410,71
723,797,1143,Shia004649Vols,2554,970,1257,150,46
723,429,743,Sham19Y0145435,3591,1223,1501,150,57
723,1,1137,JK001477,193,94,1352,856,82
724,780,1504,Shia002185Vols,846,141,1095,501,61
724,383,720,Shamela0023790,102,575,912,226,83
724,215,376,Shamela0010283,759,1076,1245,122,87
724,47,193,Shamela0009773,3661,39,202,97,73
724,215,383,Shamela0008505,283,664,831,131,97
724,387,725,Shamela0008505,299,746,1104,245,84
724,780,1268,Shamela0008505,535,789,1518,338,54
724,1268,1504,Shamela0008505,536,1,235,185,98
724,387,720,Shamela0010646,579,525,870,248,89
724,1,376,Shamela0010646,692,912,1277,278,89
724,215,376,Shamela0010646,1960,120,301,127,87
724,387,720,Shamela0001000,333,640,994,215,75
724,387,566,Shamela19Y0145334,1209,1344,1545,133,82
724,915,1123,Shamela19Y0145334,1210,1262,1481,150,87
724,566,787,Shamela19Y0145334,1210,1,591,166,35
724,1123,1454,Shamela19Y0145334,1211,1,332,249,89
724,193,383,Shamela19Y0145334,1221,1235,1439,129,79
725,1,431,Shia002185Vols,846,1095,1510,332,95
725,868,1232,Shamela0010614,202,26,458,259,71
725,199,436,Shia003675Vols,1744,1249,1485,184,93
725,1,436,Shamela0008505,536,235,663,328,90
725,1,456,Shamela19Y0145334,1168,273,689,312,85
725,868,1237,Shamela19Y0145334,1206,923,1301,256,80
726,378,557,Shamela0010768,99,1382,1572,131,80
726,390,593,JK000030,51,762,974,138,78
726,414,610,Shia002185Vols,318,51,237,114,62
726,374,593,JK000916,4363,206,452,168,84
726,378,598,Sham19Y0023644,3519,808,1056,165,80
726,378,598,Shamela0010798,1563,917,1144,169,88
726,378,593,Shamela0026803,173,772,1010,156,78
726,374,610,Shamela0004445,4299,1022,1284,176,83
726,1169,1394,Shamela0009091,162,902,1165,138,64
726,374,598,JK010344,747,389,650,159,74
726,167,343,Shamela0028453,34,1301,1483,126,89
726,374,593,Shamela0028453,36,588,834,165,80
726,622,1055,Shamela0010646,292,1112,1497,269,76
726,1055,1164,Shamela0010646,293,1,106,84,96
726,1164,1394,Shamela0001000,326,909,1183,150,67
726,378,598,Shamela0001000,334,297,536,162,81
726,1169,1402,Shamela0009099,121,643,905,147,69
728,156,861,Zaydiyya0000474,810,305,767,281,48
728,1284,1409,Shamela0023789,351,609,737,88,86
728,1,934,Shamela0023789,826,414,1473,636,71
728,1292,1409,JK000916,9286,981,1099,70,77
728,1,831,Shia003729Vols,261,633,1506,532,69
728,1,783,Zaydiyya0000142,3717,653,1506,510,66
728,1,923,Shamela0012715,265,547,1350,492,62
728,1,934,Shamela0010283,1552,415,1348,718,94
728,536,939,Shamela0011056,87,1,379,218,59
728,151,939,Shia003636Vols,11378,10,854,428,55
728,1284,1414,Shamela0005433,24,286,426,86,80
728,1251,1409,Shamela0003118,3023,788,947,81,66
728,1,783,JK001336,74,729,1554,486,66
728,783,939,JK001336,75,1,214,92,52
728,23,402,Shamela0006624,207,1277,1578,201,64
728,402,913,Shamela0006624,208,1,429,252,59
728,1,939,Shamela0010646,651,387,1338,749,97
728,1,813,Shamela0001000,645,651,1508,561,76
728,1082,1289,JK009288,947,559,867,135,49
728,6,923,Kraken210630005153,8410,460,1254,466,58
728,1,632,Shia003994,28,830,1529,334,53
728,632,1199,Shia003994,29,1,517,246,44
728,87,576,Rafed0000609Vols,485,900,1523,299,56
728,588,934,Rafed0000609Vols,486,12,434,225,63
729,108,212,ShamAY0007299,2185,727,831,82,99
729,217,344,Shia002185Vols,3811,353,478,95,90
729,217,406,ShamAY0033734,120,207,371,112,75
729,217,351,Shamela0023790,104,1260,1394,107,99
729,436,572,Shamela0023790,226,398,530,99,91
729,903,1053,Shamela0023790,258,462,1140,116,21
729,108,212,Shamela0010283,1252,728,832,82,99
729,212,351,Shamela0010283,1552,1348,1494,111,94
729,108,212,Shamela0010509,46,923,1027,77,94
729,431,898,Shamela0010646,338,260,459,151,41
729,103,212,Shamela0010646,724,1285,1401,87,93
729,217,351,Masaha002979Vols,496,1411,1539,103,95
729,103,212,Shamela0001349,92,58,169,86,97
730,1180,1352,Shia003764Vols,384,930,1106,119,83
730,667,1053,Shamela0012398,133,1076,1390,207,64
730,489,1035,Shia002185Vols,1922,1,608,383,77
730,449,778,JK003609,4010,327,665,257,94
730,445,1041,Sham19Y0095660,860,770,1433,409,73
730,517,1349,Kraken220218125255,355,1,786,555,80
730,191,311,Shamela0023790,702,1366,1489,88,88
730,445,1053,Shamela0009091,121,667,1274,408,76
730,449,1053,Shia003636Vols,11377,407,989,370,70
730,531,1053,Sham19Y0018147,849,1,529,378,85
730,1180,1344,ShamAY0036737,170,1173,1335,127,98
730,449,778,JK001233,65,1159,1487,244,89
730,449,1046,JK001336,443,208,827,429,83
730,445,1046,Shamela0008505,25,73,662,454,93
730,1046,1233,Shamela0008505,62,1409,1597,140,85
730,1233,1344,Shamela0008505,63,1,107,84,95
730,445,1012,Rafed0002163Vols,29,942,1500,422,90
730,1180,1349,Rafed0002163Vols,30,37,205,121,88
730,445,724,Shamela0010646,578,1165,1443,216,96
730,724,1046,Shamela0010646,579,1,320,248,94
730,199,311,Shamela0010646,1591,723,838,81,90
730,445,1349,Shamela0001000,641,447,1200,514,67
730,609,932,Masaha002979Vols,834,1075,1553,213,51
730,445,1046,JK010766,517,547,1204,459,85
730,609,969,Rafed0000609Vols,538,1,414,223,63
731,625,882,Masaha003492Vols,174,1184,1537,181,60
731,297,527,ShamAY0032088,149,491,737,162,80
731,274,527,Shamela0010283,1680,578,823,183,90
731,1289,1498,Shamela0007012,420,1049,1494,148,41
731,285,527,JK001336,115,484,723,148,75
731,261,527,Shamela0008505,393,6,293,199,88
731,625,882,Shia003895Vols,497,1238,1501,185,81
731,937,1185,Shamela0010646,651,1338,1547,168,83
731,274,532,Shamela0010646,1630,668,932,181,86
731,625,933,Shamela0010646,1834,293,620,232,83
731,51,167,Masaha002979Vols,849,1375,1491,86,90
732,340,623,Shamela0010768,430,1046,1334,205,81
732,745,926,Shamela0023789,825,1167,1343,131,90
732,61,247,Shia002185Vols,4272,659,832,121,81
732,329,623,Shamela0010614,248,1055,1351,231,93
732,1,247,Shamela0010614,303,565,827,186,88
732,745,926,Shamela0023790,422,892,1087,140,88
732,745,926,Shamela0010283,1552,157,335,131,89
732,388,1116,Shamela0010283,1553,1,440,330,53
732,329,665,Shamela0009773,3379,349,646,187,67
732,329,636,JK001336,241,742,1060,193,70
732,952,1121,Shamela0028453,128,314,490,135,93
732,329,628,Shamela0010646,273,993,1288,216,88
732,745,926,Shamela0010646,1567,743,928,133,88
732,51,242,Shamela0010646,1833,23,220,149,91
733,490,695,Shamela0010614,251,1027,1406,157,50
733,712,1548,Shamela0010614,278,127,993,642,90
733,84,211,Zaydiyya0000142,3794,770,882,89,88
733,1,1074,Shamela0010283,1553,484,1558,766,81
733,1074,1548,Shamela0010283,1554,1,476,382,98
733,712,1548,Shamela0009773,3366,172,950,532,74
733,56,495,Shamela0010646,725,1,383,304,86
734,213,637,Shamela0023789,904,873,1285,293,77
734,187,637,Shia002185Vols,176,1038,1493,338,84
734,641,972,Shia002185Vols,3753,821,1179,258,89
734,183,500,Shamela0010614,151,1210,1553,255,91
734,641,801,Shamela0010614,297,1338,1503,127,94
734,801,1073,Shamela0010614,298,1,267,147,68
734,983,1200,Shamela0010614,353,1139,1375,159,83
734,1349,1590,Shamela0023790,127,153,388,169,80
734,641,897,Shamela0010283,1559,598,859,205,96
734,1349,1590,JK009283,1,438,661,149,73
734,641,983,Shamela0009096,182,945,1294,261,92
734,641,927,Shamela0010646,500,1230,1512,224,96
734,920,1583,Shamela0010646,501,1,723,387,55
735,221,397,Shamela0010768,721,342,563,126,71
735,443,953,Shia002185Vols,868,1,452,303,67
735,213,401,Sham19Y0036072,310,859,1088,142,77
735,213,397,Sham19Y0036072,350,828,1045,140,78
735,397,948,Shamela0023787,111,200,605,279,60
735,213,397,Shamela0010283,587,945,1162,140,78
735,948,1556,Shamela0010283,1559,593,1040,179,28
735,397,619,Shamela0037475,104,1370,1588,164,90
735,619,948,Shamela0037475,105,1,185,116,41
735,408,855,Shia003675Vols,1100,865,1393,160,31
735,397,753,Shamela0008505,556,1219,1563,183,53
735,753,953,Shamela0008505,557,1,191,151,93
735,218,397,Shamela0010646,500,966,1161,138,87
735,30,150,Shamela0010646,650,1137,1259,84,89
735,221,378,JK009288,76,1379,1542,124,95
735,437,973,JK009288,362,236,626,287,63
735,437,953,Shamela0009429,606,351,717,240,56
735,437,953,Shamela0009429,1954,960,1330,249,58
735,408,953,Shamela19Y0145334,1211,380,879,322,65
736,98,505,Shia002185Vols,847,1189,1595,292,86
736,505,855,Shia002185Vols,848,1,363,274,91
736,855,1580,Shia002185Vols,851,655,1387,562,90
736,98,1580,Shamela0010283,1558,27,1300,991,81
736,109,855,Shamela0008505,537,300,1028,537,86
736,855,1580,Shamela0008505,541,254,985,558,89
737,18,497,Shia002185Vols,860,697,1575,361,51
737,500,965,Shia002185Vols,861,8,463,361,94
737,970,1175,Shamela0010614,207,156,360,157,91
737,1,272,Shamela0010283,1558,1300,1572,210,95
737,272,985,Shamela0010283,1559,1,605,468,80
737,11,445,Shamela0008505,551,746,1555,338,51
737,445,965,Shamela0008505,552,1,583,404,84
737,1301,1402,Shamela0010646,1833,636,737,77,99
737,18,895,Shamela0009429,2132,746,1621,657,89
737,996,1186,ShamIbadiyya0000248,402,443,628,137,89
738,131,280,Shamela0006617,1246,1189,1342,106,80
738,445,986,Shia002185Vols,681,8,372,205,45
738,113,982,Shamela0010283,1562,376,1263,679,94
738,122,280,Shamela0010664,18,868,1020,110,79
738,290,953,Shamela0010646,280,795,1500,517,91
738,982,1161,Shamela0010646,379,660,839,133,95
738,122,285,JK009288,488,1152,1304,117,84
739,854,1264,Rafed0002197,167,1117,1419,133,34
739,769,1297,Sham19Y0020762,1825,467,950,259,53
739,773,1203,Shamela0010283,1562,1273,1559,199,55
739,879,1208,ShamAY0000443,1665,1296,1540,115,41
739,769,1264,Shamela0022892,22,942,1223,168,41
739,1083,1264,ShamAY0035859,33,1,189,116,68
739,1,1297,Shamela0010646,281,144,1281,870,82
739,761,1219,JK009288,52,1034,1536,342,83
739,769,1264,Masaha002979Vols,637,408,676,169,42
740,752,981,Zaydiyya0000013,60,1075,1287,161,85
740,752,993,Zaydiyya0000013,206,806,1027,163,82
740,825,977,Shamela0023789,909,1,159,121,94
740,977,1192,Shamela0000558,19,699,939,123,64
740,23,413,Shia002185Vols,3765,479,931,279,74
740,731,977,Shamela0010614,277,1250,1504,194,95
740,981,1121,Shamela0010614,324,87,231,97,76
740,1277,1519,JK000916,5864,87,318,177,86
740,752,977,Shamela0010529,154,107,293,145,79
740,731,977,Shamela0023790,435,503,750,191,93
740,110,351,ShamAY0032088,182,356,569,128,63
740,23,1515,Shamela0010283,1563,102,1067,737,60
740,1277,1519,Shamela0004445,4516,697,929,183,89
740,773,977,Shia001432Vols,17269,766,922,124,74
740,1277,1509,Shamela0003118,2019,1275,1496,172,87
740,735,955,Shamela0003118,7566,429,649,161,90
740,773,977,Shia001154,101,309,472,128,77
740,773,977,Shia001615Vols,3602,356,512,124,74
740,822,977,Shia003702,140,1,158,113,89
740,735,977,Shamela0028453,29,486,738,182,88
740,1171,1391,Shamela0010646,1380,1346,1572,177,95
740,1391,1519,Shamela0010646,1381,1,127,101,98
740,1180,1515,JK009288,378,1,277,219,79
740,810,988,JK009288,507,1,170,118,83
740,1255,1515,Shamela0009429,167,937,1193,199,92
740,752,977,Kraken210630005153,5255,627,855,178,96
741,1,481,Shamela0003722,1707,143,619,235,53
741,9,403,JK000916,5864,308,693,253,74
741,1,403,Sham19Y0023644,3995,61,505,273,71
741,1,679,Shamela0010283,1563,1072,1538,370,68
741,679,1577,Shamela0010283,1564,1,907,717,96
741,4,403,Shia004092Vols,7022,582,966,246,69
741,43,341,Shia004092Vols,9644,1217,1506,182,68
741,43,341,Shia004092Vols,13293,413,705,180,68
741,9,408,Shamela0004445,4516,919,1310,259,75
741,204,337,Shia001432Vols,25214,1124,1253,69,64
741,4,332,Shia001432Vols,26350,1225,1551,202,68
741,4,233,Shia001432Vols,26354,1294,1524,147,73
741,4,403,Shia003636Vols,1895,374,738,228,64
741,4,337,Shia003723,3,342,465,84,31
741,9,403,Shamela0003118,2020,1,386,254,75
741,221,337,Shia001615Vols,3568,369,501,69,67
741,4,398,Shia003707Vols,550,797,1155,221,63
741,43,341,Shia003727Vols,193,312,604,180,68
741,4,403,Shamela0010646,55,240,624,245,69
741,438,666,Shamela0010646,418,721,944,147,77
741,1,1577,Shamela0010646,1381,127,1552,1092,82
741,1,403,JK009288,378,282,653,246,69
741,451,650,JK009288,955,652,836,121,72
741,638,1176,Shamela0009429,165,1078,1577,321,66
741,1176,1577,Shamela0009429,166,1,404,322,97
741,1,413,Shamela0009429,167,1198,1598,318,94
741,451,624,Masaha002979Vols,923,28,185,109,75
741,4,238,Shamela0009100,46,761,968,136,67
741,4,403,Rafed0002654Vols,7023,616,1000,246,69
741,43,341,Rafed0002654Vols,9745,489,778,183,69
741,43,341,Rafed0002654Vols,12762,798,1090,180,68
741,4,403,Shia002165,36,865,1255,243,68
742,1,1252,Shamela0010283,1564,907,1633,578,56
742,1252,1638,Shamela0010283,1565,1,378,299,95
742,51,1638,Shamela0010646,1382,1,1611,1240,92
742,1,1638,Shamela0009429,166,404,1450,818,61
743,1129,1283,Shamela0023789,342,176,335,108,81
743,1129,1288,Shamela0011235,93,616,779,112,82
743,1113,1293,Shamela0010614,259,714,885,118,81
743,1129,1283,Shamela0010283,1417,73,231,107,81
743,1,1120,Shamela0010283,1565,378,1491,882,96
743,1344,1542,Shamela0005880,71,1242,1474,110,54
743,1344,1542,JK001336,242,853,1056,152,95
743,1406,1560,Shamela0010646,292,1,166,117,89
743,18,1120,Shamela0010646,1383,1,1052,827,91
743,1,201,Shamela0009429,166,1450,1650,166,100
743,201,1120,Shamela0009429,167,1,917,715,94
743,1344,1542,JK006919,357,388,585,130,82
743,1126,1288,JK001477,397,1053,1230,118,83
744,716,843,Shamela0003722,2512,439,567,82,80
744,716,839,Shamela0026921,33,532,656,78,78
744,716,843,Shamela0003118,2702,628,755,80,78
744,1038,1350,Shamela0010646,292,148,447,222,88
744,558,716,Shamela0010646,418,922,1084,122,91
744,839,1038,Shamela0010646,501,699,896,152,94
744,1350,1492,Shamela0010646,690,1238,1390,112,92
744,839,1046,JK009288,383,1069,1268,150,89
744,558,716,JK009288,649,947,1101,116,91
744,8,119,JK009288,1016,169,281,82,94
745,1141,1352,Shamela0010768,351,515,790,127,53
745,328,526,Shamela0009773,2335,986,1184,136,79
745,1145,1510,Shamela0005880,13,910,1272,268,87
745,52,319,Shamela0010646,691,692,983,173,73
745,1141,1435,JK009288,392,1100,1351,173,69
746,663,1043,Shamela0023789,354,1171,1537,236,72
746,1196,1457,JK009225,393,1034,1258,161,79
746,1201,1468,JK000916,12697,963,1216,191,91
746,126,356,Sham19Y0036540,1616,11,231,168,91
746,99,356,JK003609,4980,96,340,176,85
746,1227,1468,Shamela0003118,3830,1027,1254,167,88
746,663,882,Shamela0008505,101,1269,1500,169,89
746,882,1441,Shamela0008505,102,1,589,427,90
746,1201,1441,Sham19Y0015555,1791,270,474,106,46
746,655,945,Shamela0010646,272,1191,1485,210,89
746,945,1205,Shamela0010646,273,1,262,193,90
746,1201,1441,Shamela0010646,690,258,500,179,92
746,361,595,Shamela0010646,830,1135,1376,178,91
746,99,356,Shamela0001000,748,521,764,176,86
746,663,1192,ShamIbadiyya0000248,394,518,1163,333,62
746,126,356,Shamela0009607,204,50,271,166,89
747,698,850,Shamela0023789,258,59,235,117,83
747,17,229,Shamela0010614,283,506,696,138,78
747,1318,1440,Shamela0010614,287,116,248,92,85
747,685,850,Shamela0026484,253,53,223,132,97
747,1,249,Shamela0008505,135,632,875,182,92
747,236,394,Shamela0008505,150,888,1077,104,70
747,369,513,Shamela0008505,286,969,1111,105,94
747,685,850,Shamela0008505,363,298,468,132,97
747,681,881,Shamela0010646,690,500,687,138,87
747,363,505,JK009288,558,702,840,105,95
747,1314,1436,JK009288,740,121,233,84,84
747,674,881,Masaha002979Vols,241,1263,1434,126,76
747,17,236,Shamela19Y0145334,1670,758,978,167,95
747,681,854,Shamela0009100,101,772,930,112,75
748,1,194,Shamela0023789,45,794,971,128,78
748,1076,1547,Shamela0023789,903,972,1479,321,72
748,282,621,Shamela0010614,178,1,612,260,52
748,810,1076,Shamela0010614,263,238,518,199,85
748,1205,1547,Shamela0010614,273,5,340,267,94
748,1,194,Shamela0010614,297,937,1133,144,87
748,1,198,Shia001432Vols,25321,668,873,151,88
748,1,194,Shia003723,4,1256,1456,148,88
748,1,194,Shamela0004473,8351,318,495,133,82
748,1,208,Shamela0009096,182,747,955,145,84
748,621,796,JK009364,92,1378,1544,123,80
748,1,194,Shamela0010646,721,977,1173,147,89
748,277,490,Shamela0010646,1591,838,1033,147,88
748,955,1080,Shamela19Y0145334,1670,617,744,93,93
748,965,1076,Shamela0023775,743,1,108,76,87
748,70,194,JK006919,18,692,826,86,70
748,1,194,Shia002165,49,775,976,142,84
749,1,193,Shamela0023789,903,1479,1671,152,100
749,193,813,Shamela0023789,904,1,707,432,72
749,1,834,Shamela0010614,273,340,1280,641,85
749,813,1008,Kraken22021606120800,114,1014,1223,147,87
749,813,1008,JK000919,90,487,696,155,91
750,1286,1422,Shia002185Vols,3540,391,527,108,100
750,1282,1422,Shamela0010646,376,500,640,111,100
750,1422,1543,Shamela0010646,1017,1226,1405,94,63
750,858,1150,Shamela0010646,1411,1122,1450,224,83
751,752,997,Sham19Y0000259,435,868,1122,176,82
751,300,437,Shamela0001399,16,969,1106,100,91
751,770,997,Shamela0010646,580,1,228,178,100
751,617,827,Shamela0010646,642,1114,1304,113,57
751,300,437,Shamela0010646,1840,345,476,102,93
751,304,437,JK006919,44,1329,1460,99,93
751,441,542,JK006919,83,1085,1186,80,100
751,634,752,JK006919,152,906,1118,81,48
751,752,989,JK006919,179,214,458,172,83
751,1151,1443,JK006919,384,1,292,216,88
751,880,997,JK006919,622,1,121,87,89
752,1079,1243,Shamela0010283,617,460,643,117,77
752,704,846,Shamela0005880,96,922,1141,71,43
752,197,374,Shia003636Vols,2589,1236,1488,118,59
752,197,445,Shamela0009788,54,51,377,179,70
752,1056,1303,Shamela0006743,1055,583,830,174,89
752,197,445,ShamAY0035859,186,603,918,167,68
752,704,805,JK009364,210,794,924,60,59
752,704,805,Shamela0010646,1025,485,599,63,71
752,1064,1303,Shamela0010646,1101,1,255,182,92
752,193,583,Shamela0010646,1132,219,624,293,89
752,8,193,JK009288,158,1222,1412,146,94
752,928,1303,JK009288,427,521,1045,268,62
752,1079,1243,Shamela0001349,52,966,1148,119,79
752,1,193,Shamela0001349,387,244,455,137,77
752,1049,1303,JK006919,273,481,717,172,87
752,1,193,JK006919,718,690,888,156,96
752,193,457,JK006919,719,746,1016,197,91
753,516,638,Shamela0006743,450,38,161,91,91
753,1026,1306,Shamela0010646,994,997,1269,192,78
753,520,634,Shamela0010646,1839,498,613,86,91
753,1,207,JK009288,444,191,397,167,98
753,1019,1265,JK009288,806,94,345,194,92
753,324,516,JK009288,946,652,852,132,83
753,520,634,JK009288,976,803,914,86,94
754,946,1171,Shamela0006909,320,1074,1276,122,67
754,902,1171,Shamela0023789,977,6,263,189,86
754,946,1171,ShamIbadiyya0000612,37,1187,1413,180,97
754,940,1175,Masaha002027,89,978,1243,181,85
754,940,1175,Masaha001832,2,1127,1390,181,85
754,940,1175,Shia002185Vols,22,1067,1330,181,85
754,946,1192,Sham19Y0014075,35,753,999,187,93
754,654,928,Sham19Y0020762,1371,74,413,192,67
754,845,1175,Shamela0023790,100,1,357,247,86
754,953,1171,Shamela0010283,559,1129,1344,167,94
754,940,1175,Shia001432Vols,15586,1141,1404,181,85
754,940,1175,Shia003636Vols,950,461,724,181,85
754,946,1184,Shia003636Vols,9402,1296,1536,183,94
754,104,441,Shamela0000176,172,395,728,249,87
754,946,1171,Kraken22021606120800,343,1111,1338,176,96
754,946,1168,JK001412,182,1178,1402,169,90
754,141,441,Shamela0011566,862,1041,1339,235,92
754,204,441,Shamela0011566,1586,1,222,184,92
754,940,1184,JK001336,412,817,1102,174,70
754,936,1175,Shia004030Vols,1660,197,464,184,86
754,940,1171,Zaydiyya0000272,5,30,289,181,86
754,946,1175,Shamela0010646,838,575,802,173,94
754,1271,1477,Shamela0010646,1018,1,215,162,92
754,104,441,JK009288,77,915,1237,247,86
754,526,654,JK009288,94,1,130,100,97
754,668,1175,JK009288,95,670,1200,392,91
754,1171,1472,JK009288,98,423,730,247,97
754,654,928,Masaha002979Vols,791,960,1241,191,81
754,940,1171,Masaha002979Vols,934,1015,1220,163,86
754,932,1122,Zaydiyya0000090,55,1450,1647,145,91
754,946,1171,JK000919,291,1168,1394,178,97
754,946,1192,Masaha002349,350,574,828,186,89
754,104,441,Kraken22030819564101,121,1287,1615,248,88
755,61,323,Sham19Y0020762,1290,1252,1528,157,65
755,323,1049,Sham19Y0020762,1291,1,681,442,68
755,41,1049,Shamela0010283,611,167,1195,787,93
755,61,983,Shamela0009788,585,463,1331,625,82
755,1210,1368,JK009288,381,1306,1465,116,90
755,51,510,JK009288,614,1072,1561,359,88
755,510,1049,JK009288,615,1,548,427,96
755,129,983,Masaha002964Vols,1043,169,1002,603,84
756,382,621,Shia002185Vols,2208,403,688,158,67
756,574,778,Shamela0006743,143,1,331,158,59
756,527,740,Sham19Y0013666,161,390,593,147,88
756,527,740,JK006900,958,1326,1533,149,90
756,1370,1526,Shamela0010646,1416,1400,1556,119,93
756,535,778,Shamela0010646,1422,298,671,188,63
756,178,447,Kraken210630005153,4634,613,1190,131,23
756,464,778,JK006919,767,142,449,218,87
757,499,1022,Sham19Y0020762,986,93,474,275,64
757,160,307,Shamela0023790,593,380,542,114,88
757,506,1004,Shamela0012828,94,774,1289,398,93
757,513,1022,Shamela0035100,5252,906,1265,268,65
757,1090,1213,Shamela0011661,52,811,928,91,90
757,451,1034,Shamela0010646,873,232,809,435,89
757,477,1004,Kraken210630005153,4385,1,535,391,87
757,513,997,JK001330,702,854,1181,244,61
758,60,292,Shamela0006909,388,1131,1370,163,81
758,1391,1528,Shamela0012406,2155,1,142,86,68
758,60,297,Shamela0010283,607,1051,1300,187,92
758,470,619,Noorlib0006300,136,331,477,107,93
758,465,608,JK007082,429,1,147,95,80
758,17,285,Shamela0010509,111,1225,1507,175,76
758,1275,1528,Shamela0010646,291,1072,1327,196,96
758,453,608,Shamela0010646,606,798,951,118,98
758,1017,1340,Shamela0010646,690,669,1047,212,69
758,56,292,Shamela0010646,1839,768,1004,189,98
758,1017,1275,JK009288,961,562,782,133,57
758,1017,1275,Masaha002979Vols,701,483,690,124,56
758,1017,1275,JK006919,408,582,770,106,50
759,473,657,ShamAY0000443,1666,998,1461,72,18
759,624,833,JK009364,7,790,1057,143,66
759,1,106,Shamela0010646,291,1327,1432,81,99
759,860,1137,JK009288,726,1039,1359,189,70
759,1123,1432,JK009288,790,301,613,239,96
759,624,833,Masaha002349,340,1165,1449,151,65
760,1364,1489,Shamela0010768,591,1064,1190,94,90
760,438,1219,Shamela0003722,2707,495,1458,253,29
760,109,1219,Sham19Y0023644,4599,258,1332,797,86
760,14,587,Shamela0012406,2291,1039,1599,415,86
760,587,1215,Shamela0012406,2292,1,612,451,89
760,109,1215,ShamAY0000443,1361,503,1374,613,66
760,615,1063,Sham19Y0009937,40,1217,1575,147,38
760,615,1209,Shamela0005502,33,1013,1502,208,42
760,118,1215,JK000910,51,114,1200,817,91
760,77,1219,Shamela0001000,598,315,1386,797,86
760,1346,1489,JK009288,905,1102,1244,110,97
760,31,179,Shamela0000736,4747,1366,1513,114,97
760,179,1215,Shamela0000736,4748,1,1036,797,94
760,109,1219,Shamela0010525,317,191,1299,840,92
761,1,406,Shamela0010768,591,1190,1600,303,89
761,550,832,Shamela0006040,15,1,273,191,82
761,482,807,Shamela0000727,214,237,538,193,70
761,859,990,Shamela0023790,609,223,355,98,93
761,527,794,Shamela0012828,43,631,874,171,76
761,477,832,Shamela0011056,264,385,743,271,88
761,477,832,JK009204,228,60,418,271,88
761,503,832,Shamela0010646,994,452,789,266,96
761,832,994,Shamela0010646,1417,34,193,121,96
761,477,820,JK009288,79,1233,1607,275,89
761,832,994,JK009288,605,193,358,122,95
761,994,1459,JK009288,613,349,829,352,91
761,1,307,JK009288,905,1244,1549,243,97
761,482,807,Shamela0000736,5143,425,723,193,69
761,482,832,Sham19Y0120146,23,534,891,283,96
761,850,990,Kraken210630005153,4356,451,589,101,89
762,789,1102,Shamela0010768,289,52,366,225,89
762,1276,1418,Shia002185Vols,1322,267,410,99,83
762,1241,1414,JK001336,209,1186,1352,117,74
762,802,1089,ShamAY0035859,167,226,508,203,87
762,605,797,Shamela0007830,58,608,813,69,36
762,1,270,Shamela0010646,254,1208,1479,214,94
762,270,592,Shamela0010646,255,1,328,256,96
762,1272,1508,Shamela0010646,379,835,1072,189,99
762,784,1085,Shamela0010646,690,935,1234,227,93
762,1074,1341,Shamela0010646,1597,821,1153,177,66
762,1,600,JK009288,614,406,1061,465,87
762,592,784,JK009288,628,279,493,128,75
762,1272,1427,JK009288,649,1441,1597,126,99
762,894,1287,JK009288,649,1,665,293,55
762,1276,1414,Masaha002979Vols,323,303,442,113,99
762,1085,1236,Masaha002979Vols,433,204,360,122,96
762,784,1089,Shamela0010532,160,557,847,205,81
763,1249,1410,Shamela0010768,351,1372,1533,120,95
763,1410,1565,Shamela0010768,352,1,157,119,93
763,1249,1553,JK000911,2136,870,1251,205,68
763,1254,1533,Shia002185Vols,124,545,820,208,93
763,1192,1565,Shia002185Vols,3365,19,471,250,67
763,1249,1553,Shamela0009783BK1,3988,645,1038,221,70
763,1312,1533,Kraken210903002705,266,1228,1505,141,62
763,574,1030,Sham19Y0020762,414,487,1055,353,76
763,1249,1553,Sham19Y0023644,4692,1012,1407,223,71
763,1221,1461,Shia003986,244,1254,1545,174,76
763,890,1030,Sham19Y0013257,661,1429,1569,101,91
763,890,1030,Sham19Y0017116,2151,1151,1291,102,92
763,933,1131,JK010583,53,1,200,98,60
763,596,1060,Shamela0005880,60,326,908,288,62
763,434,574,JK010611,10,800,940,108,91
763,574,1162,JK010611,33,161,795,469,91
763,1249,1368,Shamela0012396,972,713,854,85,76
763,1217,1565,Shamela0010646,700,190,543,245,82
763,439,574,Shamela0010646,994,1236,1378,104,87
763,578,728,Shamela0010646,1049,1332,1489,109,84
763,728,1030,Shamela0010646,1050,1,287,214,83
763,632,1030,Shamela0010646,1128,692,1234,269,62
763,894,1162,JK009288,357,497,811,203,79
763,6,253,JK009288,650,125,370,187,92
763,434,586,JK009288,664,1279,1431,111,88
763,245,434,JK009288,664,271,456,145,94
763,901,1030,Shamela0001349,282,1072,1200,91,90
763,1249,1553,Sham19Y0145435,3995,695,1088,221,70
764,1,490,Shamela0010768,352,157,647,365,89
764,468,799,Shamela0010768,418,642,915,199,75
764,1,490,JK000911,2137,46,596,356,78
764,249,490,Shia002185Vols,124,312,545,185,95
764,799,1175,Shia002185Vols,466,481,674,109,35
764,1,490,Shia002185Vols,3365,471,979,368,85
764,116,490,Shamela0009783BK1,3989,1,381,266,83
764,38,490,Sham19Y0023644,4693,4,507,309,72
764,1,154,Shia003986,245,127,323,118,75
764,249,490,Noorlib0006300,202,409,623,138,66
764,799,1167,ShamAY0032845,9,996,1494,148,37
764,164,490,Shamela0012396,972,974,1300,235,83
764,161,490,Shamela0035100,3019,353,673,220,75
764,803,1163,Shamela0011661,51,1313,1477,93,32
764,1,490,Shamela0010646,700,543,1004,369,93
764,97,490,Sham19Y0145435,3996,26,425,281,83
764,249,490,Sham19Y0145435,6247,1317,1531,138,66
765,292,489,Shamela0023789,975,886,1139,120,54
765,489,738,Shia002185Vols,466,451,810,178,62
765,844,1103,Sham19Y0014075,1088,33,295,200,91
765,1164,1389,JK003609,1512,739,966,175,95
765,960,1108,JK010768,130,1,150,115,94
765,136,292,Shamela0010646,255,907,1059,117,94
765,844,1157,Shamela0010646,1597,1022,1352,238,88
765,489,694,Masaha002979Vols,745,1294,1522,149,78
765,296,489,Sham19Y0120146,18,527,714,140,89
765,292,412,Shia002008,34,1224,1400,92,67
766,1138,1346,Shamela0010646,372,191,409,147,84
766,660,989,Shamela0010646,642,795,1131,257,95
767,1278,1519,Shamela0008505,149,924,1165,194,99
767,184,657,Shamela0010646,253,1075,1537,354,91
767,657,1278,Shamela0010646,254,1,629,494,98
768,825,1032,Shamela0010768,79,637,819,130,78
768,195,382,Shamela0010768,201,879,1142,137,62
768,204,365,ShamIbadiyya0000109,7442,475,678,110,60
768,169,365,Shia002185Vols,1474,251,529,126,58
768,369,509,Shia002185Vols,3540,273,404,98,90
768,520,1123,Shamela0010614,69,1,599,415,79
768,825,1106,JK010637,154,827,1094,202,89
768,820,1032,Shamela0007380,71,781,979,148,87
768,477,833,Shamela0006896,122,69,405,237,78
768,204,365,Shamela0000432,5981,212,411,112,63
768,477,677,Noorlib0006300,138,898,1106,160,94
768,482,1036,ShamAY0000443,6125,733,1339,425,86
768,369,482,Shamela0005502,30,909,1014,82,92
768,182,365,JK001336,154,734,959,142,76
768,204,365,ShamAY0035035,6396,282,493,117,67
768,204,353,JK009364,41,1153,1390,99,51
768,204,365,JK000001,1780,1128,1327,112,63
768,169,365,Shamela0010646,633,846,1085,153,78
768,514,1106,Shamela0010646,1215,1,410,322,66
768,382,482,Shamela0001000,305,732,831,76,98
768,482,644,Kraken210630005153,4313,1317,1479,119,85
768,644,833,Kraken210630005153,4314,1,197,135,83
768,204,365,Shamela0006947,197,1042,1238,117,70
769,746,911,Shamela0023790,81,152,319,119,85
769,543,667,Shamela0010646,254,605,730,89,89
769,253,393,Sham19Y0120146,18,719,859,113,99
770,755,880,Shia001544Vols,891,990,1115,97,98
770,755,875,Sham19Y0020762,1267,44,164,79,84
770,741,875,Sham19Y0036072,92,21,145,91,87
770,741,884,Shamela0023790,602,742,881,99,88
770,1271,1422,Shamela0010283,1249,1374,1528,114,94
770,980,1280,Shamela0010646,643,797,1109,231,92
770,741,884,Shamela0010646,1836,745,883,98,88
770,615,727,JK009288,389,34,151,86,94
770,70,510,JK009288,554,506,977,324,84
770,741,892,JK006919,476,557,701,98,82
771,777,1083,Shamela0010614,431,975,1315,231,85
771,1079,1305,Shamela0010614,473,158,394,165,84
771,333,678,JK007001,653,171,555,207,65
771,781,1007,Shamela0023790,71,1262,1518,158,72
771,781,1079,JK010670,232,481,815,214,80
771,254,683,Shamela0012828,498,1,549,285,62
771,165,608,Shia003636Vols,11279,562,1123,275,58
771,781,1064,Shamela0000765,16,1226,1546,201,75
771,781,1079,Sham19Y0014538,146,132,461,223,83
771,1094,1301,Shamela0010646,337,108,285,135,79
771,161,691,Shamela0010646,1600,495,1027,391,89
771,781,969,JK009288,354,1299,1506,127,70
771,969,1083,JK009288,355,1,115,87,98
771,824,1079,Masaha002979Vols,972,742,931,109,52
772,982,1112,Sham19Y0018159,50,1443,1564,94,90
772,979,1148,Shamela0003722,2807,693,836,107,79
772,979,1148,JK000916,8641,964,1118,119,88
772,979,1157,JK007001,401,554,730,133,91
772,1008,1148,Shamela0023790,79,5,135,103,91
772,979,1148,Shamela0012406,1516,1,162,127,93
772,557,830,Shamela0010283,545,312,593,166,72
772,340,510,Shamela0026484,139,1320,1505,124,84
772,965,1157,Shamela0003118,2876,704,883,123,77
772,821,975,Shamela0026863,21,1006,1206,88,55
772,137,331,Shamela0008505,222,341,531,145,91
772,340,510,Shamela0008505,223,188,374,124,83
772,979,1194,JK000910,56,426,677,140,66
772,979,1148,Sham19Y0037370,65,448,601,116,86
772,652,1383,Shamela0010646,1924,1,327,244,41
772,982,1148,Shamela0001000,619,1348,1513,118,82
772,979,1148,JK000022,1493,123,274,117,86
772,979,1157,ShamAY0034857,179,487,649,123,87
772,979,1148,Shamela0012031,606,228,382,118,87
773,1147,1421,Shamela0006909,294,1017,1273,138,55
773,1153,1421,JK010552,747,290,557,135,58
773,268,433,Shamela0010614,558,1318,1486,117,85
773,225,543,JK007001,453,1042,1233,130,50
773,153,547,Shamela0023790,265,1004,1302,175,52
773,238,547,Masaha003492Vols,347,984,1230,158,64
773,149,617,Shamela0010283,702,310,782,336,88
773,225,547,Shamela0003118,2874,403,595,134,52
773,145,425,JK010081,136,1217,1484,205,92
773,425,587,JK010081,137,1,156,114,90
773,238,547,ShamAY0032379,685,1032,1278,157,62
773,582,1110,Shamela0010646,642,468,795,236,53
773,149,576,Shamela0010646,694,40,399,280,83
773,1082,1421,Shamela0010646,1924,283,568,196,72
773,1187,1421,Masaha002979Vols,191,302,518,142,74
773,153,576,Shamela0009100,107,753,1165,305,89
773,238,547,Shamela0000761,31,328,577,158,63
773,238,547,Shamela0009099,98,143,389,158,64
773,145,576,JK010766,664,865,1289,307,87
774,886,1177,Shamela0000558,130,917,1196,173,63
774,155,642,Shamela0010283,1323,218,698,364,91
774,278,612,Shamela0009788,1040,1,349,212,71
774,886,1192,Shamela0005390,159,723,1056,200,67
774,886,1199,Shamela0010646,1633,402,701,201,72
774,155,446,Shamela0010646,1887,1235,1507,205,86
774,446,638,Shamela0010646,1888,1,197,147,94
774,771,1113,Masaha002979Vols,440,1254,1542,224,82
774,479,638,Shamela0009100,108,1,165,110,81
775,370,544,Shamela0010283,545,593,767,136,95
775,370,544,Shamela0010646,1924,568,742,136,95
775,854,1287,JK009288,506,1122,1545,293,80
776,351,545,Shamela0006944,119,781,974,157,97
776,991,1495,Shamela0010283,703,110,449,250,60
776,351,536,Shamela0009788,1040,725,916,146,91
776,629,851,Shamela0010646,1924,742,959,171,96
776,351,541,Masaha002979Vols,178,389,568,140,85
777,1290,1455,Shamela0036515,381,599,717,91,67
777,1,107,Shamela0010283,703,449,555,83,100
777,1295,1455,Sham19Y0150966,156,379,489,84,66
777,1295,1455,Sham19Y0150966,1156,190,300,84,66
777,1295,1455,Sham19Y0014538,556,505,615,84,66
777,1295,1455,JK000134,370,51,161,84,66
777,1295,1455,Shamela0010646,643,1109,1275,122,91
777,1295,1455,Shia004649Vols,608,469,579,84,66
778,1252,1485,Shamela0003722,640,178,429,169,83
778,1252,1485,JK000916,3349,861,1134,169,75
778,1263,1485,ShamAY0035000,193,684,891,134,74
778,376,551,JK007001,291,314,457,98,68
778,535,828,Shamela0023790,89,356,685,209,79
778,558,837,Shamela0009773,3356,176,490,182,68
778,1263,1485,Shamela0011056,91,500,712,135,73
778,1252,1485,Shamela0003118,1242,220,474,159,73
778,1252,1485,JK000910,57,300,554,170,82
778,620,824,Shamela0028182,103,6,228,114,63
778,1263,1485,JK009204,72,852,1064,135,73
778,563,824,Shamela0010646,643,1281,1536,190,91
778,1259,1485,Shamela0001000,298,821,1050,162,85
778,376,551,JK009288,428,1205,1349,98,68
778,543,984,Shamela0009100,108,238,643,249,65
778,567,824,Shamela0001349,109,1007,1293,144,62
778,970,1252,Shamela0011026,2,389,729,203,73
779,569,818,Shia003764Vols,145,1384,1609,150,71
779,1,367,Sham19Y0018159,51,571,969,247,75
779,1,367,Shamela0003722,640,429,832,267,82
779,1,305,JK000916,3349,1134,1450,237,93
779,1,380,ShamAY0035000,193,891,1340,226,60
779,839,1215,Shamela0010283,703,876,1251,270,89
779,1,363,Shamela0009773,3139,278,649,197,58
779,495,826,Shamela0009773,3143,117,418,203,74
779,1,363,Shamela0011056,91,712,1118,211,59
779,1,363,Shamela0003118,1242,474,870,270,85
779,1,372,JK000910,57,554,973,263,79
779,1,363,JK009204,72,1064,1470,211,59
779,1,363,Shamela0001000,298,1050,1403,215,65
779,1,363,Shamela0009099,219,62,434,241,77
779,1,367,Masaha002349,115,10,377,181,54
780,997,1462,JK007001,641,870,1285,280,72
780,147,410,Shamela0023790,180,1137,1398,165,74
780,881,1419,Shamela0010646,1888,964,1481,393,91
780,147,394,Shamela0010646,1888,197,447,194,98
780,140,414,JK009288,251,463,721,158,66
781,1,229,Shamela0010646,1889,47,276,179,98
781,1227,1413,Shamela0009100,108,1263,1430,120,80
781,256,519,Shamela0009100,108,960,1240,155,65
781,19,281,Shamela0009100,109,124,452,176,67
782,221,461,JK007001,666,764,1012,176,86
783,670,867,Shamela0010283,703,1247,1439,155,97
783,867,1068,Shamela0010283,704,1,214,143,84
783,670,919,JK009391,325,931,1165,156,72
783,670,919,Shamela0010646,1600,1190,1430,191,95
783,1,429,Shamela0009100,109,514,892,282,78
783,670,914,Shamela0011997,250,1219,1446,155,73
784,1,637,JK010552,266,992,1461,312,57
784,436,1206,JK010552,267,1,1018,501,60
784,1,1032,JK007001,757,501,1488,648,73
784,1,433,Shamela0012406,2296,1015,1486,310,80
784,433,1206,Shamela0012406,2297,1,965,500,62
784,228,1206,Shamela0003118,7242,1,1094,625,66
785,62,239,Shamela0005390,225,917,1109,115,69
785,62,239,Shamela0010509,71,448,660,118,64
785,1,422,Shamela0009100,109,922,1352,327,93
786,7,1472,Shamela0010646,644,112,1293,908,76
786,143,578,Masaha002349,390,605,1080,269,65
787,1,220,Shamela0010283,704,593,796,144,82
788,334,470,Shamela0000558,315,814,1038,94,53
788,334,482,Shamela0010614,551,168,372,99,59
788,269,477,Shamela0010283,704,792,999,165,98
788,1082,1389,Shamela0010646,276,1113,1411,199,82
789,802,1383,JK000916,19354,1,793,392,61
789,18,699,JK003609,1732,134,778,371,62
789,281,675,Sham19Y0036072,63,1,416,258,69
789,147,675,Shamela0009091,486,594,1173,337,64
789,699,1366,Shamela0003118,5629,305,1148,428,61
789,91,587,JK000910,61,1109,1550,294,71
789,91,675,Shamela0001000,40,928,1569,383,67
789,699,1035,Shamela0000736,5220,990,1366,219,66
789,1076,1383,Shamela0000736,5221,12,338,209,79
790,831,998,Rafed0000230Vols,163,743,961,118,68
790,831,998,JK000916,6360,917,1191,118,54
790,831,998,JK000927,4257,844,1062,118,68
790,831,943,Zaydiyya0000142,753,1333,1444,85,96
790,823,998,JK003609,3424,36,213,124,88
790,831,992,Shamela0010798,2842,731,998,110,52
790,823,998,JK007615,8,398,677,123,55
790,823,998,Shamela0003118,2185,649,930,117,53
790,820,998,Shamela0035100,4011,217,447,125,68
790,823,998,Rafed0001915,99,744,967,119,66
790,831,998,Shamela0010646,1091,744,1057,119,48
790,807,1529,Shamela0010646,1842,442,1167,537,87
790,831,998,Shamela0011997,286,458,678,117,67
790,815,943,Shamela0000752,48,642,778,97,89
790,831,998,JK001477,325,1058,1275,113,65
791,584,836,Sham19Y0023644,4444,1295,1526,135,61
791,584,836,Shamela0004445,4702,1351,1572,140,67
791,848,1054,Shamela0010646,421,893,1094,144,82
791,1,293,Shamela0010646,1842,1167,1475,222,92
791,1096,1484,Shamela0010646,1843,1,387,298,96
791,1078,1404,JK006919,417,517,795,150,51
792,1,119,Shamela0003722,7511,1063,1177,88,94
792,12,119,Sham19Y0029560,696,242,365,78,80
792,1,114,JK000916,25243,939,1047,85,94
792,1,114,Shamela0003118,7381,306,415,87,96
792,1322,1465,Shamela0010646,642,126,270,108,95
792,12,119,Shamela0001000,1703,452,609,83,66
792,1,119,Sham19Y0149213,2092,197,310,87,93
792,1,119,Shamela0000736,5971,31,149,90,92
793,1149,1413,Zaydiyya0000013,322,732,1012,184,80
793,1083,1420,Shamela0010614,259,953,1285,242,85
793,1149,1420,Zaydiyya0000336,368,1078,1354,152,65
793,1089,1420,Shia004092Vols,3184,398,787,187,53
793,1096,1340,Shia004092Vols,3207,1261,1514,185,89
793,1149,1420,Shia004092Vols,5748,715,1089,172,53
793,1100,1420,Shia003636Vols,933,1077,1471,193,56
793,1149,1420,Masaha002336,70,281,658,173,53
793,1089,1420,Masaha002880Vols,237,721,1098,180,55
793,1,197,Shamela0010646,642,270,461,139,86
793,330,564,JK009288,114,296,528,150,72
793,1096,1413,JK009288,847,564,897,244,90
793,330,564,Masaha002979Vols,971,998,1199,145,76
793,1089,1420,Rafed0002654Vols,3129,580,974,192,55
793,1096,1431,Rafed0002654Vols,3152,324,683,252,86
793,1160,1420,Rafed0002654Vols,5731,1,372,164,51
793,1089,1371,JK000022,85,1085,1423,175,58
794,840,1246,Shamela0012929,795,216,672,69,12
794,59,161,Shamela0010614,420,1209,1310,79,99
794,264,383,Shamela0010614,431,1321,1446,84,85
794,392,515,Shamela0010614,435,293,418,97,93
794,845,1006,Shamela0006848,92,758,902,100,78
794,392,515,Shamela0010646,606,464,584,96,95
794,1002,1203,Shamela0001000,360,595,1038,143,41
795,1073,1292,Masaha001978Vols,444,1118,1331,160,88
795,883,1010,Sham19Y0020762,858,786,912,97,96
795,233,353,ShamIbadiyya0000641,6,558,678,95,99
795,1045,1297,Masaha003390Vols,120,638,890,201,96
795,233,353,JK001040,65,870,993,95,96
795,883,1010,Shia001174Vols,3336,925,1053,92,87
795,648,806,JK009288,80,628,796,118,92
795,233,353,JK009288,828,240,355,90,94
795,648,806,Masaha002979Vols,922,512,673,116,92
796,966,1082,Zaydiyya0000341,9,255,378,89,91
796,966,1082,Shamela0012882,8,421,543,89,91
797,718,1249,JK009288,736,408,961,407,90
797,142,394,JK006919,1008,212,461,178,84
798,1128,1282,JK000021,1416,948,1082,103,85
798,177,379,Sham19Y0000760,1022,1210,1411,153,94
798,706,835,ShamAY0034570,63,785,915,94,90
798,554,661,ShamAY0034570,64,108,237,79,79
798,1123,1287,Shamela0005363,147,1229,1390,105,74
798,539,651,ShamAY0005375,192,1065,1184,78,85
798,1128,1282,ShamAY0034809,239,514,649,103,85
798,835,1009,Sham19Y0020762,552,832,1006,136,98
798,432,554,Sham19Y0036072,214,514,639,99,95
798,1133,1282,Sham19Y0036072,232,238,391,114,96
798,554,656,Shamela0023790,517,346,454,74,89
798,895,1030,Shamela0011363,7,617,735,90,85
798,182,384,ShamAY0036737,170,445,647,156,92
798,79,432,Shamela0008505,49,979,1512,276,62
798,427,554,Shamela0008505,50,469,601,104,94
798,554,656,Shamela0008505,57,470,578,73,88
798,830,1030,Shamela0008505,120,602,816,155,92
798,1123,1298,Shamela0008505,221,737,924,124,85
798,1293,1499,Shamela0008505,454,1047,1288,152,74
798,1128,1279,Shamela0010646,197,1188,1319,93,79
798,835,1025,Masaha002979Vols,370,968,1142,137,90
798,554,647,Sham19Y0120146,12,1517,1618,69,88
798,1128,1298,JK010766,591,59,228,122,92
798,871,1025,Tafsir06049,6350,778,924,106,81
799,1314,1533,Shamela0012129,218,662,923,151,69
799,1381,1533,Shamela0003722,1218,1148,1294,110,87
799,1381,1538,Sham19Y0023644,3801,390,568,106,71
799,930,1216,Shamela0023790,646,108,391,221,92
799,1381,1533,Shamela0001686,2463,609,762,112,88
799,1314,1538,Shamela0026484,412,66,273,136,75
799,1343,1510,Shamela0001043,976,319,509,111,68
799,1314,1533,Shamela0029982,97,836,1101,136,60
799,1305,1510,JK000499,98,510,756,135,66
799,1334,1510,Shamela0035100,1655,410,613,107,64
799,231,519,Shamela0010646,1238,1149,1431,141,54
799,231,478,Masaha002979Vols,534,1033,1290,163,80
799,1381,1533,Shamela0010452,169,419,565,110,87
799,218,473,ShamAY0032781,37,12,301,167,69
800,759,1075,ShamAY0034570,9,315,639,215,80
800,890,1070,Shia002185Vols,4022,652,848,125,75
800,767,1075,Shamela0010614,440,7,326,222,86
800,458,573,Sham19Y0096918,70,166,286,89,94
800,759,974,Shamela0023790,575,1228,1458,158,87
800,827,1078,Shamela0007326,4,636,881,160,77
800,458,578,Shia002397Vols,66,1189,1312,92,94
800,631,1075,ShamAY0036737,178,1000,1446,242,66
800,747,1075,Masaha003390Vols,123,387,674,165,58
800,767,1070,Shamela0013075,33,568,928,206,70
800,458,593,JK000001,2580,49,192,98,86
800,767,909,Shamela0010646,901,1383,1541,110,88
800,909,1070,Shamela0010646,902,1,171,112,80
800,471,593,Masaha002979Vols,596,5,126,86,87
800,852,1070,Masaha002979Vols,812,1,216,142,78
801,1000,1173,Shia001352,78,938,1109,132,94
801,1205,1332,Shamela0009681,15,1399,1525,95,92
801,1010,1169,Shia002185Vols,4286,765,925,127,97
801,1200,1332,JK007054,913,779,907,96,89
801,755,995,ShamIbadiyya0000441,188,380,724,169,59
801,1000,1173,Shia004021,316,481,653,121,86
801,627,860,Shia004092Vols,9490,1218,1494,106,50
801,995,1195,Shia004092Vols,12334,963,1191,145,78
801,1000,1173,Masaha004544,25,146,317,132,94
801,265,519,Shia002702Vols,8456,600,824,142,67
801,1000,1195,Shia001130,33,49,259,136,79
801,1000,1195,Shia001432Vols,3188,118,328,136,79
801,995,1200,Shia001432Vols,26340,693,920,150,81
801,755,1013,Shia003636Vols,1758,1,252,130,50
801,735,1010,Shamela0012872,20,950,1288,164,54
801,1000,1173,Shia001237Vols,3111,684,854,120,86
801,1010,1195,Shia001615Vols,1031,949,1152,139,83
801,740,1010,Shia003707Vols,513,213,482,137,51
801,735,1010,JK011593,19,332,670,164,54
801,1200,1340,JK009364,21,1210,1349,102,89
801,995,1200,Shia001153,153,677,904,150,81
801,1010,1176,Shamela0010646,626,497,671,126,90
801,1050,1176,JK009288,393,1,128,96,92
801,1000,1205,JK009288,538,750,983,140,74
801,288,508,Masaha002979Vols,517,499,711,130,70
801,1169,1321,Sham19Y0120146,17,1127,1283,96,72
801,627,860,Rafed0002654Vols,9578,172,446,106,50
801,995,1195,Rafed0002654Vols,12685,439,665,145,79
801,1013,1173,Shia003692,263,142,303,127,96
801,740,1010,Rafed0000609Vols,178,428,689,135,51
801,1000,1195,Rafed0000609Vols,179,695,912,143,82
801,1000,1195,Shamela0000594,13,298,513,141,79
801,1200,1340,Masaha002349,103,828,972,103,87
802,130,785,Shamela0023789,554,896,1501,306,51
802,130,1046,Shamela0023789,604,637,1453,398,49
802,1077,1505,Shia002185Vols,996,1206,1620,293,79
802,130,239,Shia002185Vols,3908,1469,1584,82,90
802,239,1077,Shia002185Vols,3909,1,790,547,82
802,1072,1374,Shamela0010614,422,1161,1471,226,85
802,1385,1505,Shamela0010614,423,9,141,91,86
802,136,900,JK000916,10350,730,1471,306,45
802,212,1041,Shamela0021493,276,412,1168,317,39
802,1270,1505,Shamela0023790,497,557,803,178,90
802,692,1046,Shamela0010283,634,1,256,129,41
802,1270,1505,Shia004092Vols,12332,1093,1323,161,82
802,1280,1505,JK007082,119,1108,1374,156,70
802,365,1046,Shamela0028453,35,746,1366,240,37
802,1077,1252,Shamela0010646,101,1372,1541,130,89
802,1252,1505,Shamela0010646,102,1,264,192,89
802,130,919,Shamela0010646,475,725,1481,355,48
802,130,773,Masaha002979Vols,921,1040,1477,241,43
802,176,948,Shamela0009100,110,1,424,284,45
802,1270,1505,Rafed0002654Vols,12683,678,909,161,81
803,983,1336,ShamAY0034570,27,1327,1548,135,48
803,78,251,JK000030,53,901,1077,112,74
803,1,1539,Shia002185Vols,997,1,1442,1012,76
803,78,251,Shamela0021550,617,895,1071,120,80
803,1,1351,Shamela0010614,423,141,1522,1017,88
803,1351,1539,Shamela0010614,424,1,182,142,90
803,1142,1472,Shamela0023790,497,1065,1384,238,86
803,1,271,Shamela0023790,497,803,1065,196,86
803,1,208,Shia004092Vols,12332,1323,1534,163,95
803,1142,1472,Shia004092Vols,12333,53,369,235,85
803,78,251,Sham19Y0014592,1586,228,408,120,79
803,78,271,Sham19Y0014592,2763,588,796,128,73
803,1,141,JK007082,119,1374,1519,111,94
803,1142,1472,JK007082,120,137,529,241,71
803,141,271,JK007082,120,1,137,88,74
803,682,818,Shia003636Vols,4291,7,147,99,87
803,78,251,Shamela0008494,287,43,223,119,78
803,78,251,JK000001,3136,301,478,120,79
803,1,1331,Shamela0010646,102,264,1350,807,73
803,1142,1472,Rafed0002654Vols,12683,1172,1490,236,85
803,1,271,Rafed0002654Vols,12683,909,1172,199,87
803,78,251,Sham19Y0020882,156,886,1065,119,79
803,78,271,JK000022,553,942,1160,114,62
804,1,801,Shamela0010614,424,182,1374,619,63
804,791,1249,Shamela0010614,425,172,867,355,63
804,1,791,ShamAY0033598,140,318,968,277,32
804,801,1028,JK000786,3821,554,775,140,72
804,1,353,JK007082,363,867,1153,206,71
804,801,1099,Shia003636Vols,4290,1279,1461,139,58
804,805,1017,ShamAY0034627,3,1098,1318,137,71
805,249,1300,Shamela0003722,1229,197,1050,339,33
805,461,1337,JK011496,135,390,1046,312,37
805,25,470,Shamela0009773,2207,536,886,216,56
805,249,867,ShamAY0034438,163,967,1426,179,31
805,249,890,Shamela0026566,187,869,1394,192,29
805,249,834,Kraken220413202218,441,987,1408,158,28
805,249,963,Shamela0010646,91,759,1392,243,34
805,249,1102,Shamela0098087,114,303,1038,266,31
805,249,972,JK000022,548,710,1354,240,33
805,249,1300,JK009237,6037,585,1424,334,31
805,461,1300,JK009237,6038,257,842,304,39
805,25,453,Sham19Y0145435,5855,388,705,212,58
805,25,453,Sham19Y0145435,5883,63,380,212,58
805,8,1050,Masaha002349,275,336,1468,727,76
805,1073,1493,Masaha002349,276,6,600,290,57
806,634,817,Shia002185Vols,3833,267,474,135,78
806,1,503,Masaha002349,276,600,1110,379,91
807,1,254,Shia002616Vols,5818,406,659,199,98
807,8,254,ShamAY0033108,530,349,615,187,86
807,1,247,Shamela0023582,492,1254,1516,186,89
807,1,259,Shamela0007370,1932,550,820,200,92
807,1,259,Shamela0007370,1970,898,1168,200,92
807,1,212,Shamela0007370,2733,1284,1495,167,99
807,60,247,Shamela0021660,232,863,1015,115,77
807,1,254,Sham19Y0095660,604,402,659,197,95
807,60,254,Zaydiyya0000274,609,81,271,136,85
807,60,254,ShamAY0034052,2205,156,344,136,86
807,8,254,Tafsir02091,690,1163,1429,187,86
807,8,254,Tafsir02091,1963,265,522,192,93
807,1,254,Shamela0028453,34,1013,1272,199,96
807,60,264,Shamela0001349,73,832,1023,143,86
807,63,254,Sham19Y0020891,6006,1,186,134,86
807,60,254,Tafsir06049,6096,1175,1347,136,86
808,440,1500,Shia001334,103,230,1352,505,46
808,560,1496,Shamela0010437,174,240,883,409,49
808,494,1500,Zaydiyya0000342,149,5,1063,655,67
808,609,1136,Sham19Y0023644,3380,1188,1592,254,53
808,571,993,Shamela0010283,1559,1138,1577,327,90
808,993,1528,Shamela0010283,1560,1,517,412,94
808,557,1306,Shia001432Vols,17362,781,1463,361,50
808,546,1208,Shia001299,167,898,1473,324,52
808,892,1500,Sham19Y0018285,447,1,645,364,59
808,640,1352,Shamela0035888,1,354,881,300,46
808,567,1496,JK009288,727,380,1298,617,74
808,546,1500,Shia002333,144,483,1412,473,49
809,723,1009,Shamela0023790,200,1203,1440,128,50
809,1239,1500,Shia001432Vols,11417,125,313,126,56
809,1226,1500,Shamela0000678,38,737,1041,202,80
809,1219,1500,JK009288,267,671,941,198,88
810,1142,1524,Shamela0010646,1601,272,644,292,93
810,455,785,JK009288,561,144,479,251,87
810,1146,1513,JK006919,419,1131,1517,237,71
811,36,462,Shamela0012398,258,516,833,201,58
811,14,462,Shia001555Vols,124,818,1289,304,74
811,10,466,Sham19Y0029560,474,315,736,291,76
811,1333,1473,JK000916,16535,749,887,85,73
811,885,1103,Sham19Y0020762,185,266,542,129,52
811,84,466,Zaydiyya0000199,63,1,301,200,61
811,14,462,Shia004456Vols,127,350,821,304,74
811,36,458,Shamela0010664,776,322,717,263,73
811,14,466,Shamela0009091,257,604,1028,300,79
811,231,458,Shia003636Vols,11194,1,212,163,88
811,885,1066,Shamela0007328,15,878,1031,110,73
811,902,1070,Shamela0008505,448,1237,1426,122,75
811,14,458,ShamAY0032275,30,944,1403,299,75
811,458,634,Shamela0010646,282,333,507,137,96
811,795,1070,Shamela0010646,1601,1,276,213,95
811,14,458,Shamela0001000,575,253,724,306,75
811,458,743,JK009288,316,585,904,207,76
811,10,462,JK009288,909,773,1201,327,88
811,14,450,Kraken210630005153,2839,69,489,289,77
811,14,458,Zaydiyya0000101,575,753,1188,298,80
811,36,462,Rafed0003882,186,1152,1530,219,60
812,154,549,Shamela0023789,827,531,899,228,70
812,756,1229,Shia002185Vols,3821,519,999,362,91
812,150,709,JK000916,9954,279,870,371,73
812,187,686,Sham19Y0023644,3723,184,659,298,68
812,150,657,Shamela0009773,1225,1014,1443,241,55
812,339,709,Shamela0009773,2986,1,341,216,70
812,72,589,Shamela0003118,3143,919,1461,294,63
812,187,534,Shia002984Vols,1424,510,876,238,76
812,150,709,Shamela0028453,61,257,833,373,75
812,1314,1535,Shamela0010646,1601,1211,1453,156,77
812,150,739,Shamela0010646,1601,650,1240,433,88
812,154,539,Shamela0011997,174,1006,1418,260,74
812,210,709,JK001281,17,1,506,330,76
812,213,534,Zaydiyya0000017,34,1,335,219,76
813,9,150,Shamela0023789,134,1273,1416,111,93
813,787,1222,Shamela0022579,457,970,1447,239,54
813,150,346,JK010552,732,387,559,125,77
813,738,1502,Shamela0010614,267,171,937,559,86
813,150,346,JK000916,5892,1042,1214,125,77
813,9,162,Shamela0023790,279,449,589,107,83
813,341,725,Shamela0010283,1323,698,1085,259,81
813,725,1502,Shamela0009773,2470,684,1428,401,55
813,154,346,Shamela0003118,2033,1127,1305,123,73
813,839,1490,Kraken210528100217,336,292,815,308,59
813,346,725,Shamela0028182,44,88,480,288,93
814,1086,1573,Sham19Y0000259,778,1,425,321,78
814,1086,1573,Shamela0023789,913,594,1086,370,90
814,1086,1463,Sham19Y0000760,150,329,684,279,89
814,1,774,Shamela0022579,458,387,1464,471,50
814,1086,1306,Shia001900,145,1402,1602,154,83
814,1306,1573,Shia001900,146,1,266,204,94
814,456,1065,Shia002185Vols,976,147,1160,274,29
814,1065,1573,Shia002185Vols,1550,86,618,371,81
814,1,525,Shamela0010614,267,937,1519,402,84
814,525,1065,Shamela0010614,268,1,653,416,78
814,1086,1578,Shamela0010614,269,511,1020,384,91
814,1287,1573,Shia003444,47,5,288,214,94
814,1086,1573,Shia002102,20,777,1269,357,89
814,1,231,JK000927,4953,833,1193,149,48
814,299,754,JK000927,4954,357,1182,239,34
814,1466,1573,Shamela0023787,160,395,502,77,93
814,1,754,Shamela0023790,434,509,1071,425,69
814,1086,1578,Shamela0010283,1560,603,1104,387,95
814,1086,1573,Shamela0009773,2024,270,765,378,94
814,299,946,Shamela0009773,2471,560,1519,329,37
814,5,262,Shamela0009773,2471,1,263,121,50
814,299,544,Rafed0000212,98,1178,1538,117,38
814,1099,1559,Shia001432Vols,24623,1143,1570,331,88
814,1284,1573,Shia001432Vols,24638,1,287,205,88
814,1060,1573,Shia20200618,62,281,799,373,83
814,1060,1511,Shia001107Vols,165,1117,1673,326,68
814,1193,1573,Shamela0026484,565,1,325,241,80
814,623,1065,ShamIbadiyya0000279,92,20,679,182,28
814,1078,1463,Shia002389Vols,1635,1063,1290,164,52
814,1,670,Kraken210528100217,336,827,1430,215,31
814,1099,1573,Shia003702,136,85,512,304,74
814,1060,1573,ShamAY0035035,6625,654,1149,367,84
814,1106,1573,Shia001153,118,1,436,337,88
814,1065,1578,Shamela0009429,168,30,586,403,88
814,1060,1573,Rafed0001617Vols,63,275,789,369,82
814,1266,1578,Kraken210630005153,5248,824,1156,244,92
815,1,1096,Sham19Y0000259,778,435,1570,799,83
815,1096,1553,Sham19Y0000259,779,1,432,256,60
815,1,421,Shamela0023789,913,1096,1535,294,83
815,421,1578,Shamela0023789,914,1,1343,863,77
815,403,877,Sham19Y0000760,150,690,1079,305,78
815,871,1201,Sham19Y0000760,1064,967,1275,209,72
815,245,1124,Zaydiyya0000352,178,156,873,386,47
815,1,1238,Shia001900,146,276,1550,874,81
815,1238,1578,Shia001900,147,1,437,246,67
815,6,1012,Shia001900,249,522,1413,291,29
815,1,1150,Shia002185Vols,1550,628,1564,622,64
815,1159,1534,Shia002185Vols,1551,18,313,197,59
815,1,499,Shamela0010614,269,1020,1527,380,92
815,499,1582,Shamela0010614,270,1,1157,851,88
815,286,1495,Shia002102,21,1,1282,847,77
815,1,473,Shamela0010283,1560,1104,1574,355,94
815,473,1582,Shamela0010283,1561,1,1126,882,95
815,1,821,Shamela0009773,2024,770,1560,611,91
815,821,1582,Shamela0009773,2025,1,746,570,89
815,1,1578,Shia001432Vols,24624,25,1292,793,56
815,1,1242,Shia001432Vols,24638,297,1535,792,70
815,1249,1578,Shia001432Vols,24639,1,692,235,41
815,1,1486,Shia001432Vols,26275,110,1526,929,72
815,1,1012,Shia20200618,62,809,1581,557,67
815,1027,1534,Shia20200618,63,19,500,266,55
815,164,1000,Shia001107Vols,166,812,1421,430,61
815,1007,1534,Shia001107Vols,167,294,807,271,53
815,1,1150,Shia003702,136,522,1558,704,72
815,1,439,ShamAY0035035,6625,1159,1565,280,78
815,464,1534,ShamAY0035035,6626,1,858,518,53
815,1,1495,Shia001153,118,446,1526,737,59
815,1,978,Shamela0009429,168,586,1567,765,96
815,978,1582,Shamela0009429,169,1,611,473,94
815,1,1012,Rafed0001617Vols,63,799,1565,552,66
815,1027,1534,Rafed0001617Vols,64,6,486,266,55
815,245,1124,Zaydiyya0000229,146,403,1120,384,47
815,1,1027,Kraken210630005153,5248,1156,1579,295,34
815,473,1249,Kraken210630005153,5249,497,1212,409,59
816,23,879,Sham19Y0000259,779,509,1209,512,69
816,266,879,Shamela0023789,915,1,611,474,91
816,23,778,Shia001900,147,523,1239,469,70
816,103,778,Shia001900,250,564,1261,336,45
816,103,778,Shia002185Vols,1551,346,1019,413,64
816,1,505,Shamela0010614,270,1157,1627,354,84
816,505,879,Shamela0010614,271,1,366,286,88
816,23,547,Shia002102,22,239,816,348,68
816,93,832,Shamela0023790,435,156,499,266,43
816,1,502,Shamela0010283,1561,1126,1630,383,90
816,502,879,Shamela0010283,1562,1,372,298,95
816,16,879,Shamela0009773,2025,750,1586,647,90
816,214,778,Shia001432Vols,24625,1,495,359,74
816,23,547,Shia001432Vols,24639,770,1361,355,69
816,5,778,Shia001432Vols,26276,177,741,351,53
816,103,778,Shia20200618,63,533,1137,407,68
816,356,778,Shia001107Vols,168,1,341,225,61
816,1280,1517,Shamela0012848,129,829,956,85,44
816,5,778,Shia003702,137,510,1066,352,53
816,103,778,ShamAY0035035,6626,891,1485,400,68
816,23,778,Shia001153,119,234,912,474,71
816,131,879,Shamela0010646,1400,529,1412,435,54
816,879,1014,JK009288,243,920,1069,106,88
816,1124,1309,Masaha002979Vols,955,711,886,116,79
816,103,778,Rafed0001617Vols,64,519,1123,407,68
816,225,850,Kraken210630005153,5249,1304,1679,248,47
816,1078,1284,Shamela0023775,860,1179,1374,151,90
816,1280,1427,JK006919,114,784,950,113,84
817,640,889,Shamela0022892,34,1271,1471,135,69
817,1075,1296,Shamela0010646,2237,1,219,159,87
817,352,614,JK009288,63,823,1083,209,99
817,621,921,JK009288,584,48,353,218,87
817,640,921,Masaha002979Vols,650,197,425,145,63
818,1013,1172,Shamela0023789,323,1158,1343,114,70
818,987,1109,Shia002185Vols,948,1312,1465,90,70
818,639,758,Shia002185Vols,950,809,930,88,92
818,1229,1499,Shia002185Vols,951,883,1154,173,74
818,1201,1455,Shamela0010614,136,1201,1437,103,42
818,531,763,Shamela0001013,101,768,1002,82,36
818,1196,1509,Shamela0023790,359,1,326,245,94
818,639,758,Shamela0026484,134,181,297,89,96
818,621,758,Shamela0008505,435,1060,1197,96,91
818,859,1172,Shamela0008505,454,621,1074,227,60
818,1181,1509,Shamela0008505,463,26,345,191,69
818,1,163,Shamela0010646,560,662,827,120,91
818,246,495,Shamela0010646,1602,129,383,201,96
818,514,783,Shamela0010646,2091,222,481,141,61
818,1201,1499,JK006919,674,60,281,104,41
819,740,1043,Shia002185Vols,962,152,398,173,69
819,1268,1484,Shia002185Vols,965,83,310,159,85
819,740,918,Shia002185Vols,4400,7,168,117,82
819,1268,1484,Rafed0000212,34,40,267,159,85
819,1268,1387,ShamIbadiyya0000107,96,1337,1446,82,89
819,64,671,Shamela0008505,465,526,1069,404,80
819,671,1160,Shamela0008505,466,1038,1538,377,93
819,1268,1484,Shamela0008505,478,888,1094,160,94
820,176,542,Rafed0000040Vols,1275,1246,1616,289,93
820,176,547,Shia002185Vols,816,532,909,291,93
820,605,1248,Shia002185Vols,828,16,749,489,81
820,1275,1589,Shia002185Vols,830,675,1011,250,92
820,1,117,Shia002185Vols,965,310,428,91,96
820,1,117,Rafed0000212,34,267,382,90,98
820,1275,1418,Rafed0000212,44,509,642,103,90
820,1,117,ShamIbadiyya0000107,97,101,215,88,93
820,1,117,Shamela0008505,478,1094,1215,91,95
820,164,366,Shamela0008505,495,1397,1604,159,94
820,366,542,Shamela0008505,496,1,178,142,98
820,605,1195,Shamela0008505,514,976,1604,464,90
820,1257,1589,Shamela0008505,517,46,482,256,72
821,1,362,Shia002185Vols,830,1016,1365,271,93
821,357,822,Shia002185Vols,836,564,1067,367,89
821,1226,1481,Shamela0010614,280,675,947,197,89
821,822,976,JK000916,4398,62,218,105,75
821,822,976,Sham19Y0023644,3530,104,266,111,83
821,490,806,Shamela0009773,2010,1,385,190,57
821,701,976,Shamela0004445,4313,54,363,135,43
821,372,822,Rafed0000212,48,11,463,354,95
821,976,1243,Shamela0012848,125,719,1025,196,79
821,1,348,Shamela0008505,517,482,829,274,97
821,362,822,Shamela0008505,525,91,560,359,92
821,1231,1481,Shamela0010646,1573,504,761,192,91
821,1226,1494,Shamela19Y0145334,1209,192,461,195,87
821,1226,1513,Shamela0001349,200,1084,1326,161,66
821,154,348,ShamIbadiyya0000248,389,1145,1338,143,89
822,969,1158,Kraken220410202739BK1,66,1054,1514,134,36
822,186,393,Shia002185Vols,438,392,621,142,80
822,186,389,Kraken2106220218081,437,708,929,140,80
822,186,393,Shia001432Vols,12996,387,620,141,78
822,1033,1228,Shamela0004137,67,134,397,134,61
822,186,393,Shamela0026484,134,78,301,142,81
822,186,389,Shamela0008505,435,973,1197,141,80
823,735,1234,Zaydiyya0000063,17,706,1145,168,34
823,735,983,Rafed0003376Vols,1348,1111,1631,123,28
823,369,983,Shamela0004137,50,547,1495,191,19
824,821,1439,Shamela0004137,62,1023,1306,103,21
825,11,891,Shamela0010646,2196,490,1462,673,87
825,1278,1465,JK006919,87,858,1446,127,27
825,1063,1273,JK006919,87,1,215,136,77
826,326,520,Shamela0005446,60,123,408,104,44
826,843,1515,Shamela0010646,1661,307,735,307,55
826,56,293,Shamela0010646,2307,308,525,157,78
826,897,1163,JK009288,570,1,267,190,86
826,839,985,Masaha002979Vols,228,298,439,100,88
826,664,829,JK010621,248,338,528,105,69
826,321,520,JK006919,90,305,541,147,77
827,694,941,Shamela0010614,50,1147,1428,179,75
827,683,949,Noorlib0006300,112,994,1244,143,68
827,1,941,Shamela0010646,2305,149,911,410,44
827,1254,1500,Shamela0010646,2306,697,957,174,82
828,17,947,Shamela0010646,2306,964,1254,225,30
828,1,428,Sham19Y0018257,1,883,1386,286,67
828,448,1284,Sham19Y0018257,2,143,1183,344,31
829,839,1258,JK000916,5533,779,1155,214,54
829,839,1258,Shamela0003118,1932,201,564,213,56
829,794,1262,Shamela0010646,1637,391,855,359,94
829,1262,1484,Shamela0010646,1661,84,300,154,80
829,368,519,Shamela0010646,2306,1250,1463,117,67
829,794,1296,Sham19Y0018257,3,692,1487,366,56
829,1296,1484,Sham19Y0018257,4,1,188,130,78
829,1,740,Sham19Y0018257,6,265,1059,511,75
830,70,207,JK003609,501,1,134,97,83
830,465,693,Sham19Y0016826,4841,736,994,81,26
830,698,880,Shamela0031370,61,833,1010,140,95
830,432,693,Shamela0031370,97,1175,1383,148,69
830,251,1496,Shamela0010646,1636,714,1549,545,50
830,1,207,Shamela0010646,1875,48,242,152,92
830,281,710,Sham19Y0018257,26,30,796,305,50
830,686,934,Sham19Y0018257,27,1031,1551,182,43
830,934,1500,Sham19Y0018257,28,1,783,361,53
831,453,629,Shamela0026676,5,972,1489,103,23
831,453,698,Shia003965Vols,6686,754,1302,108,21
831,453,698,Sham19Y0017879,520,750,889,102,50
831,453,698,JK007040,6,672,982,125,46
831,1,207,Shamela0031370,143,462,670,158,94
831,312,645,Shamela0003583,19,1144,1557,158,43
831,453,698,Shamela0010525,542,794,1104,124,45
831,1,212,Sham19Y0018257,28,984,1205,163,92
831,439,888,Sham19Y0018257,29,848,1339,336,83
831,921,1255,Sham19Y0018257,30,586,1128,229,51
831,1275,1453,Sham19Y0018257,31,1,191,127,83
832,1143,1515,Sham19Y0023644,5245,1146,1519,205,58
832,1143,1545,Shamela0012406,2727,574,1002,250,68
832,1143,1532,Shamela0006897,352,613,949,163,43
832,1143,1553,Shamela0003118,7534,312,770,272,71
832,1147,1444,Shamela0005502,55,1204,1520,200,74
832,343,761,Shamela0031370,116,791,1443,171,25
832,1127,1545,Shamela0010646,1638,760,1207,260,69
832,1143,1550,Shamela0001000,1896,808,1272,263,68
832,1160,1545,Shamela0003583,66,1021,1472,276,75
832,1143,1545,Shamela0000736,6046,97,562,281,74
832,1153,1550,Shamela0010525,618,270,716,264,70
832,1,364,Sham19Y0018257,32,583,1019,234,63
832,343,1171,Sham19Y0018257,33,79,1602,528,40
832,1171,1558,Sham19Y0018257,34,1,404,304,93
833,785,984,Shamela0010283,1680,831,1029,140,88
833,631,763,Shamela0031370,119,964,1097,101,93
833,763,988,Shamela0010646,1631,724,944,150,81
833,325,631,Shamela0010646,1635,890,1159,162,65
833,179,446,Shamela0010646,1635,7,277,199,90
833,192,446,Shamela0010525,357,770,1081,186,74
833,248,631,Sham19Y0018257,35,1,826,278,42
834,97,452,Shamela0005446,59,614,940,178,58
834,26,498,Sham19Y0018257,58,933,1448,313,72
834,547,1477,Sham19Y0018257,59,179,1459,623,59
835,434,887,Shamela0010614,368,166,637,337,88
835,449,883,Shamela0001043,391,1,453,318,87
835,238,414,Shamela0031370,23,709,879,116,86
836,1,132,Shia002185Vols,4065,118,267,94,79
836,319,601,Shamela0010646,2278,83,360,209,90
836,610,804,JK006919,51,398,873,153,40
837,264,438,Shamela0010283,705,625,796,135,94
837,1135,1468,Shamela0010283,705,800,1044,174,65
837,649,797,Shamela0011068,110,65,200,95,83
838,142,299,Shamela0026676,80,540,691,121,96
838,392,597,JK000916,5834,957,1157,138,84
838,601,722,Sham19Y0147065,30,1375,1495,94,99
838,142,299,Shamela0013048,262,683,839,121,96
838,396,597,Sham19Y0023644,3916,1311,1508,124,74
838,392,605,Shamela0010798,2422,847,1061,142,82
838,392,597,Shamela0010512,112,138,309,111,67
838,392,597,Shamela0011056,109,1254,1483,140,76
838,392,597,Shamela0011068,65,503,704,130,78
838,392,605,Shamela0000295,4,291,504,143,82
838,392,597,JK009204,90,836,1065,140,76
838,146,299,Shamela0010646,1631,965,1118,115,94
838,597,846,JK009288,333,617,869,188,88
838,846,1020,JK009288,413,404,593,132,86
838,129,307,JK009288,654,660,832,135,95
838,392,605,JK009288,660,296,510,164,98
838,26,605,Masaha002979Vols,228,676,1447,195,27
838,142,303,JK000761,245,484,645,121,94
839,660,917,Shamela0023789,465,344,697,142,51
839,649,835,JK009225,519,1103,1353,125,62
839,660,840,Shamela0010614,308,734,903,134,92
839,844,1008,Shamela0010614,310,755,929,122,87
839,1013,1215,Shamela0010614,311,9,195,144,86
839,656,802,Shamela0023790,382,87,247,103,79
839,660,831,Shamela0026803,161,317,513,115,70
839,660,840,Shamela0007292,43,789,1055,115,51
839,660,840,Shamela0009096,185,1208,1389,133,88
839,649,827,Shamela0010646,1632,175,398,117,65
839,656,840,Masaha002979Vols,229,543,877,119,43
839,660,807,Shamela0036558,212,756,936,105,72
840,497,670,Shamela0005363,147,590,788,128,81
840,501,666,Shamela0010548,154,1266,1464,130,81
840,1,271,Shamela0010283,705,1205,1556,194,66
840,981,1118,ShamAY0032379,652,211,384,107,77
840,271,493,Shamela0008505,139,739,940,156,87
840,501,670,Shamela0008505,220,770,973,132,81
840,274,493,Shamela0010646,1634,506,728,164,90
840,1,282,Shamela0010646,2278,610,940,201,72
840,666,831,Sham19Y0018257,2,802,981,123,84
841,333,646,Shamela0010283,706,1,418,236,69
841,333,630,Shamela0010646,1634,201,495,225,92
841,989,1156,Shamela0010646,2039,68,227,127,95
842,555,1222,Shamela0010646,2292,77,388,230,43
842,1028,1222,JK009288,946,1084,1258,132,87
843,256,465,Shamela0010646,2292,384,547,110,66
843,1252,1442,Shamela0010646,2292,1333,1466,104,69
843,260,538,JK009288,320,119,393,199,91
843,631,828,JK009288,324,317,702,137,44
844,788,1289,ShamAY0035000,197,231,596,187,44
844,788,1289,Shamela0005406,68,389,864,283,62
844,784,1293,Shamela0010512,123,439,930,300,65
844,788,1289,Shamela0011056,98,31,400,195,45
844,709,1293,Shamela0006952,48,456,910,228,46
844,784,1293,JK000910,124,218,576,223,54
844,788,1289,JK009204,78,1095,1464,195,45
844,784,1035,Shamela0010646,2253,1288,1495,132,63
844,1104,1293,Shamela0010646,2254,55,249,135,87
844,840,1293,Masaha002979Vols,249,1,452,264,63
845,1312,1484,Shamela0009788,1150,1166,1330,121,87
846,1,186,Shamela0010646,2293,105,286,133,88
846,919,1090,Shamela0010646,2293,278,454,123,88
847,830,1435,Shamela0010646,2293,445,766,245,50
848,1265,1394,Shamela0010646,636,1356,1494,103,90
848,300,1277,Shamela0010646,2293,756,1146,291,37
849,868,1162,JK000927,2787,101,430,209,76
849,515,740,Shamela0006952,48,403,563,94,53
849,520,755,JK000910,130,355,558,104,53
849,520,672,Shamela0010646,2291,1340,1491,121,99
850,162,517,JK006919,797,112,1082,257,32
851,273,539,Shamela0095860,32,833,1120,195,86
851,59,158,Shamela0010646,1352,194,292,60,75
851,328,539,Kraken21042915,22,1,244,140,72
851,1212,1400,Kraken21042915,68,118,316,130,82
851,273,539,JK009365,267,407,703,200,85
852,438,714,Shamela0010646,1622,352,639,211,91
852,919,1319,Shamela0010646,2298,767,1166,310,95
852,442,722,Kraken21042915,56,641,906,167,73
853,1118,1283,Shamela0010646,637,70,235,128,97
853,896,1107,Shamela0010646,2300,944,1150,152,93
853,235,395,Kraken21042915,90,1232,1400,117,87
854,490,628,JK009288,392,107,272,108,79
856,1232,1500,Shamela0010646,406,1312,1573,202,94
857,1001,1500,Sham19Y0147065,31,275,403,91,23
857,377,729,JK003609,6128,1177,1538,254,86
857,729,1101,JK003609,6129,1,369,286,93
857,1,188,Shamela0010646,407,58,242,141,94
858,5,167,Sham19Y0147065,31,414,590,123,86
858,716,1480,JK003609,6129,665,1355,484,77
858,30,494,JK003609,6129,343,665,203,54
858,420,601,Shamela0011068,19,285,459,127,84
859,192,1467,JK003609,6130,1,940,654,62
859,593,879,Shamela0010646,707,88,382,220,96
859,879,1035,Shamela0010646,2313,358,524,122,91
859,593,1035,JK009288,346,26,480,338,93
860,1283,1468,Sham19Y0147065,27,805,973,123,80
860,1,465,JK003609,6130,940,1297,237,63
860,1079,1308,Shamela0010283,691,1199,1433,137,73
860,1010,1468,Shamela0010283,715,99,359,189,49
860,1102,1288,Shamela0010646,626,695,870,121,85
860,192,357,Shamela0010646,707,384,549,128,100
861,74,379,Shamela0010768,112,1216,1506,155,59
861,825,1479,Shamela0001003,111,330,963,475,88
861,385,671,Shamela0001003,112,1039,1347,204,81
861,829,1334,JK003609,2226,1051,1537,378,92
861,1334,1479,JK003609,2227,1,149,118,97
861,385,825,JK003609,2228,388,836,319,85
861,829,1195,Shamela0005406,115,216,544,232,77
861,1,671,Shamela0010283,715,359,851,260,45
861,1195,1479,Shamela0010283,715,842,1145,199,73
861,825,1199,Shamela0010646,480,347,724,293,98
861,1195,1479,Shamela0010646,1907,660,947,231,98
861,1195,1479,JK009288,521,37,311,218,93
862,1,944,Shamela0001003,111,963,1483,319,40
862,944,1444,Shamela0001003,112,1,486,373,93
862,1100,1436,JK000927,4082,437,712,161,56
862,1,1444,JK003609,2227,149,1159,748,64
862,115,499,Shamela0010283,692,102,416,225,72
862,403,652,Shamela0005448,294,1259,1507,184,90
862,115,660,Shamela0010646,626,870,1335,326,74
862,677,957,Shamela0010646,2285,1,215,153,67
862,1094,1436,Shamela0010646,2298,183,518,255,93
863,1,663,Shamela0001003,112,486,1034,366,68
863,20,159,JK000927,956,1045,1298,98,48
863,1,355,JK003609,2227,1159,1484,251,88
863,223,673,JK003609,2228,123,326,150,41
863,20,137,JK003609,3705,1352,1553,82,50
863,507,663,Shamela0010646,627,1,160,120,92
864,681,1530,Shamela0010283,712,856,1295,326,47
864,464,685,Shamela0028182,43,8,223,161,87
864,681,1004,Shamela0010646,1851,1003,1321,242,91
864,816,1349,JK009288,314,935,1427,226,39
864,1136,1472,JK009288,322,1101,1379,205,72
864,468,652,JK006919,997,603,786,128,82
865,1,140,Shamela0010646,1851,1357,1496,110,100
865,738,1275,Shamela0010646,1852,59,391,248,57
866,1405,1540,Shamela0010646,712,1022,1160,101,93
866,537,780,JK009288,391,1241,1480,192,97
867,788,1166,Shamela0010646,712,1185,1467,200,65
868,457,1216,Shamela0011068,79,94,1007,362,43
868,635,1168,Shamela0010646,713,45,559,330,74
869,645,1455,Shamela0010646,713,559,939,284,42
870,1,515,Shamela0010646,713,939,1342,285,68
870,896,1196,JK009288,335,719,1009,208,88
871,1197,1461,Sham19Y0000259,466,773,1039,205,95
871,1197,1461,Shamela0007326,13,1193,1438,193,91
871,273,884,Shamela0007326,14,519,823,151,32
871,1197,1461,Shamela0022892,53,379,636,197,91
871,449,555,Shamela0000765,278,134,225,67,83
871,1101,1292,JK000910,180,930,1418,96,24
871,973,1468,JK009288,344,180,685,373,92
871,273,427,JK009288,445,656,812,120,98
871,1197,1331,Masaha002979Vols,668,1404,1539,105,99
871,1331,1461,Masaha002979Vols,669,1,133,105,97
872,499,752,Shamela0005406,36,1010,1260,147,71
872,983,1091,Shamela0011056,382,738,847,81,96
872,27,257,Sham19Y0013666,19,171,452,136,61
872,21,220,Shamela0010646,1602,582,780,152,97
872,495,605,Shamela0010646,2081,415,524,83,97
872,850,1091,Shamela0010646,2307,72,308,180,93
872,21,850,JK009288,332,42,599,403,60
872,923,1367,JK009288,335,5,569,289,62
872,979,1091,Masaha002979Vols,796,526,648,83,86
873,748,1059,JK009288,30,203,526,233,89
873,1073,1349,JK009288,331,1032,1306,197,85
873,1073,1333,Masaha002979Vols,245,853,1068,148,66
874,676,1328,Shamela0036357,1971,153,669,243,42
874,74,442,Shamela0012406,2970,1115,1531,222,62
874,840,1328,Shamela0012406,2971,605,1263,296,54
874,676,1328,JK001293BK1,1489,860,1376,239,40
874,37,555,Shamela0006952,25,672,1302,275,52
874,795,1333,Shamela0006952,26,85,773,314,53
874,1415,1525,Masaha002979Vols,622,934,1047,73,70
874,74,473,Shamela0000736,1192,851,1333,236,58
875,52,376,JK009288,26,592,955,240,82
877,131,465,Zaydiyya0000352,331,63,535,155,40
877,25,465,JK001493,186,859,1504,156,27
877,867,1045,Shamela0010614,63,1336,1562,143,78
877,1045,1279,Shamela0010614,64,1,266,181,83
877,761,867,Shamela0010614,109,139,276,76,67
877,57,513,JK000916,7750,1003,1307,165,45
877,5,489,JK000916,7751,410,1211,281,44
877,1373,1510,JK000916,9081,608,735,99,89
877,867,1262,Shamela0023790,388,1180,1523,262,81
877,57,518,Shia003656Vols,139,327,589,98,25
877,860,1135,ShamAY0000443,6120,508,828,201,76
877,5,513,Shamela0004445,958,369,1172,256,40
877,146,513,Shamela0003118,2561,1,670,210,40
877,1160,1284,Sham19Y0017879,64,27,151,93,93
877,5,120,ShamAY0034447,267,1302,1499,93,58
877,127,489,ShamAY0034447,268,16,564,194,43
877,1362,1506,Shamela0010646,1186,649,791,105,89
877,867,1204,Shamela0010646,1198,471,810,272,98
877,655,867,Shamela0010646,1549,1275,1448,117,69
877,5,530,JK009288,513,328,1059,303,48
877,131,465,Zaydiyya0000229,294,781,1251,156,41
877,1160,1279,Shamela0023775,47,279,396,89,94
878,1,408,Sham19Y0020986,62,1037,1380,219,62
878,1230,1524,Shamela0023789,50,1117,1398,202,78
878,408,795,Shamela0001025,19,520,1075,214,46
878,858,979,ShamAY0007299,3860,1271,1396,93,93
878,47,412,ShamAY0007299,4217,483,994,267,64
878,416,808,Shia002185Vols,2620,576,983,251,71
878,445,795,Shamela0010614,41,9,480,208,52
878,1,412,Shamela0010614,159,469,1032,300,65
878,430,795,Shamela0010614,180,1,411,259,77
878,795,983,Shamela0010614,203,1004,1197,149,96
878,983,1153,Shamela0010614,284,311,487,127,88
878,1230,1524,Shamela0010614,304,389,682,225,90
878,416,745,Masaha002308Vols,574,995,1427,173,45
878,1230,1524,Sham19Y0020762,177,366,606,153,64
878,416,800,ShamAY0032088,10,607,1138,231,55
878,1226,1439,ShamAY0032088,106,1279,1482,147,82
878,1,355,ShamAY0000443,4467,258,705,245,65
878,426,795,Masaha002028Vols,1755,404,793,197,55
878,421,800,Shamela0004473,9721,640,1107,223,58
878,828,937,Shamela0028174,201,1425,1540,86,93
878,13,412,Shamela0028174,223,515,1050,216,46
878,1226,1524,Shamela0010428BK1,174,71,370,195,72
878,1226,1524,Shamela0009096,184,428,719,215,85
878,426,795,Shamela0010646,586,35,486,209,50
878,1339,1524,Shamela0010646,618,1,184,145,94
878,445,795,ShamAY0034443,178,816,1188,170,50
878,1242,1524,Shamela0001000,1053,1116,1395,200,84
878,426,699,Shia001343,194,950,1329,154,47
878,1226,1524,Shamela0010709BK8,7,398,697,195,72
878,1230,1524,Shamela0000618,26,243,484,157,65
878,800,983,JK000919,359,311,463,115,77
878,535,795,Tafsir07076,9142,16,275,131,52
879,438,632,Sham19Y0020986,118,1052,1256,142,79
879,1006,1197,Zaydiyya0000013,27,779,1113,132,47
879,6,120,Shamela0023789,50,1402,1512,86,96
879,120,385,Shamela0023789,51,1,285,195,84
879,134,377,Shamela0023789,366,735,1000,187,88
879,989,1353,Shamela0023789,921,272,618,257,84
879,1061,1197,ShamIbadiyya0000109,651,1,138,106,94
879,1001,1177,Shia002185Vols,1249,1397,1568,134,91
879,1006,1353,Shia002185Vols,2222,433,732,215,74
879,1234,1353,Masaha004559,118,647,766,88,93
879,1,381,Shamela0010614,304,682,1070,287,92
879,1006,1353,Shia001134,120,536,862,188,66
879,1006,1183,Shia001134,214,279,442,120,84
879,1006,1197,Shia003729Vols,106,1049,1226,130,82
879,6,377,Sham19Y0020762,177,610,948,220,73
879,381,617,Shamela0023787,29,666,889,171,86
879,1,392,ShamAY0032088,107,86,421,223,72
879,134,349,Shamela0001585,54,409,634,160,87
879,1006,1353,Shia001432Vols,24617,320,647,186,66
879,1006,1353,Shia001432Vols,24653,776,1075,221,77
879,1006,1353,Shia001432Vols,26223,747,1073,187,66
879,1058,1353,Shia001432Vols,26251,817,1074,163,65
879,1006,1183,Shia001432Vols,26368,182,345,120,84
879,1006,1183,Shia001432Vols,30982,537,700,120,84
879,1006,1353,Sham19Y0014592,299,1126,1351,139,47
879,1006,1353,Shia20200618,137,559,858,221,77
879,1006,1353,Shia001107Vols,293,977,1276,221,77
879,1006,1353,Shia001142Vols,503,560,889,190,65
879,1009,1353,Kraken22021606120800,248,41,395,226,67
879,1230,1353,Sham19Y0038171,1796,1068,1191,92,94
879,636,984,Sham19Y0017879,15,530,965,216,60
879,1058,1353,Masaha004583,65,1097,1354,164,65
879,1006,1357,Sham19Y0021505,242,860,1169,228,78
879,1006,1197,Shia001615Vols,880,1354,1543,133,83
879,1,377,Shamela0010428BK1,174,370,717,256,86
879,1230,1353,ShamAY0035035,6702,1321,1444,92,94
879,1006,1353,Shamela0007435,479,397,654,180,65
879,1,452,Shamela0009096,184,719,1123,288,80
879,1006,1357,Shamela0010646,35,861,1163,217,74
879,1,452,Shamela0010646,618,184,608,283,74
879,1,130,Shamela0001000,1053,1395,1524,101,100
879,130,385,Shamela0001000,1054,1,233,172,85
879,377,617,JK009288,731,1208,1466,186,86
879,1058,1353,Shia001294Vols,168,863,1121,165,65
879,1009,1353,JK009365,121,497,801,180,60
879,1006,1283,Rafed0001617Vols,142,1341,1570,166,72
879,1006,1197,Kraken210630005153,5269,118,267,102,61
879,1006,1290,Shia004649Vols,2915,246,502,199,83
879,1,377,Shamela0010709BK8,7,697,1044,256,86
879,1,377,Shamela0000618,26,484,820,247,82
879,1009,1353,JK000919,210,1137,1435,228,79
879,989,1353,Shia001171,499,528,878,188,62
880,776,1408,Shia001918,6,642,1482,370,51
880,764,1556,Shamela0023789,878,569,1365,589,88
880,760,1466,Shamela0010614,264,806,1528,536,89
880,398,622,JK011273,27,125,348,137,72
880,776,1556,JK000916,10348,552,1399,563,78
880,398,622,Sham19Y0023644,4894,904,1104,122,64
880,897,1017,Shamela0026324,6174,1003,1121,96,97
880,776,1360,Shamela0003118,3225,877,1479,404,79
880,398,622,Shamela0006870,168,774,973,120,63
880,773,1433,Shamela0006656,55,542,1312,344,48
880,33,259,Shamela0010646,272,683,927,171,88
880,776,1241,Shamela0010646,1387,1113,1586,365,95
880,1241,1556,Shamela0010646,1388,1,324,245,91
880,398,622,Shamela0000736,2363,400,624,140,74
880,776,1556,Sham19Y0036114,53,510,1358,560,78
881,180,1142,Shamela0023789,879,1,1107,728,81
881,1292,1470,Shamela0010614,242,863,1077,142,81
881,1,1142,Shamela0010614,265,133,1364,851,84
881,97,1053,JK000916,10349,1,1070,672,72
881,5,1053,Shamela0003118,3226,213,1368,735,73
881,5,1033,Shamela0006656,56,26,1340,497,42
881,1,1146,Shamela0010646,1388,324,1449,876,94
881,103,1053,Sham19Y0036114,54,1,1126,666,69
882,220,371,Shamela0023789,764,470,601,93,80
882,262,419,Shamela0000558,435,440,600,121,98
882,256,422,JK000916,2067,298,482,110,78
882,265,419,ShamAY0038174,70,1,158,117,96
882,256,383,Shamela0022551,4,1306,1452,83,74
882,538,822,Shamela0023790,626,709,955,178,69
882,247,419,Shia003636Vols,4292,534,703,120,87
882,269,422,Shamela0003118,878,1113,1273,106,86
882,51,538,Shamela0028174,225,1,210,158,41
882,247,419,Shamela0001453,208,809,992,116,78
882,977,1455,Shamela0010428BK1,173,1095,1562,353,87
882,262,422,ShamAY0035035,4150,405,963,104,24
882,256,422,JK001288,19,643,823,109,77
882,247,419,JK000001,1937,774,952,117,80
882,225,419,Shamela0010646,614,240,419,113,73
882,985,1489,Shamela0010646,1864,331,846,388,90
882,225,429,JK009288,432,806,1015,144,89
882,256,422,Shamela19Y0145334,46,583,770,111,77
882,256,422,JK000022,2779,233,423,112,76
882,242,419,Shamela0008216,70,477,664,127,85
882,977,1102,Shamela0010709BK8,6,1438,1575,101,91
882,1123,1513,Shamela0010709BK8,7,9,386,291,90
883,1,225,Shia002185Vols,4007,1387,1572,147,81
883,225,434,Shia002185Vols,4008,1,198,148,88
883,1,423,Shia001544Vols,888,600,1003,290,83
883,194,434,Shia001544Vols,1392,726,967,175,88
883,1240,1471,Shamela0010646,828,949,1180,164,90
883,1,441,Shamela0010646,1799,609,1036,323,86
883,827,929,JK009288,52,635,737,76,99
883,1,441,JK009288,249,147,583,342,96
883,929,1260,JK009288,545,592,917,251,92
883,1256,1471,JK009288,550,853,1066,165,98
883,423,559,JK009288,872,285,416,101,92
883,559,827,JK009288,904,323,587,180,80
884,1005,1188,Shamela0023789,109,972,1212,124,63
884,1011,1188,Shamela0023790,128,1353,1591,124,64
884,987,1188,JK009283,1,1243,1503,138,65
884,954,1230,Shamela0028174,225,443,733,201,85
884,950,1199,Shamela0010646,508,475,718,190,95
884,1,317,Shamela0010646,828,1180,1514,236,89
884,317,950,Shamela0010646,829,1,627,489,95
884,1,453,JK009288,550,1066,1521,346,94
884,453,954,JK009288,551,1,504,381,93
884,954,1203,JK009288,580,367,645,187,83
884,1199,1373,JK009288,608,564,738,141,98
885,1363,1507,Sham19Y0000259,480,386,523,82,64
885,1,394,Shamela0023789,682,783,1201,245,64
885,1363,1507,Sham19Y0000760,527,1141,1286,92,72
885,453,569,Shamela0000558,197,204,320,87,96
885,1,405,Shamela0010614,240,756,1258,305,75
885,1,272,Shamela0010548,162,502,817,170,60
885,1,394,ShamAY0032088,141,936,1405,293,76
885,448,617,Shamela0011469,426,1272,1430,114,85
885,461,617,Shamela0007012,481,225,381,122,100
885,1,218,Shamela0010428BK19,8,1234,1528,155,65
885,218,394,Shamela0010428BK19,9,1,217,134,77
885,444,617,Shamela0012286,1327,676,850,125,87
885,437,792,Shamela0028174,225,677,929,169,59
885,1330,1507,Shamela0028174,225,918,1090,125,87
885,902,1126,JK000910,127,1266,1469,154,85
885,1,272,ShamAY0035859,294,882,1226,195,70
885,1,334,Shamela0010428BK1,298,1105,1518,245,73
885,448,617,Shamela0028453,64,1333,1502,121,89
885,437,626,Shamela0010646,929,1225,1415,141,95
885,617,792,Shamela0010646,1242,1277,1453,133,92
885,444,617,Shamela0023775,492,756,928,123,88
886,149,752,Shamela0006909,106,765,1385,476,93
886,149,732,Shamela0010768,547,994,1550,428,89
886,931,1114,Shamela0023789,685,948,1234,132,58
886,179,740,Sham19Y0000760,1129,764,1325,368,74
886,149,537,Shamela0009773,1035,1064,1452,250,73
886,206,505,Shamela0009773,3352,784,1051,176,70
886,153,747,Shamela0005448,32,430,1031,421,82
886,928,1100,MMS00013,2021,178,369,124,82
886,781,928,Shamela0012286,1253,128,285,116,91
886,931,1100,Shamela0000490,3,1269,1479,99,58
886,764,923,Shamela0008505,49,1,165,128,95
886,928,1110,Shamela0008505,82,865,1081,131,75
886,1114,1452,Shamela0008505,390,636,982,269,96
886,752,923,Masaha004561Vols,845,901,1070,129,90
886,1110,1452,Shamela0010646,786,419,756,265,94
886,192,505,Shamela19Y0145334,1737,544,835,225,88
887,125,527,Shamela0010768,525,1037,1361,123,28
887,159,1018,JK010473,211,1,848,643,90
887,125,523,Sham19Y0000760,1088,1,320,238,69
887,125,305,JK000911,1488,1402,1591,145,94
887,378,513,Sham19Y0150676,2609,1393,1528,108,98
887,112,670,Shia002185Vols,864,1000,1573,419,86
887,670,1018,Shia002185Vols,865,1,366,243,80
887,1227,1567,Shamela0001687,5908,468,712,159,57
887,67,497,Shamela0010283,585,1125,1576,343,94
887,497,654,Shamela0010283,586,1,134,108,84
887,125,523,Shamela0010283,4663,207,452,186,56
887,1227,1567,JK007040,2600,1112,1360,156,56
887,112,1023,Shamela0008505,556,192,1219,641,71
887,1018,1222,Shamela0008505,601,1027,1251,142,75
887,1227,1567,Shamela0008505,617,676,1028,269,94
887,1042,1215,Shamela0001000,1616,637,815,117,78
887,219,523,ShamIbadiyya0000248,391,1,341,154,50
888,562,677,Shamela0028181,20,212,327,84,86
888,419,677,Shamela0010768,470,111,437,144,55
888,1225,1446,JK009208,52,202,438,143,68
888,763,1157,Shamela0001025,126,71,524,264,67
888,528,677,JK010552,292,769,984,109,64
888,528,677,ShamIbadiyya0000612,54,355,493,106,89
888,1218,1450,Shia002185Vols,2508,1038,1237,145,73
888,573,677,Shamela0005446,854,378,482,82,100
888,763,1157,Shamela0012929,464,38,459,246,64
888,870,1157,Sham19Y0018254,765,411,643,170,74
888,870,1157,Shamela0001687,3561,920,1151,169,74
888,419,677,Shamela0010614,181,371,710,156,54
888,528,677,Sham19Y0029560,504,967,1127,117,91
888,562,677,Shamela0021525,316,711,826,84,86
888,562,677,Shamela0005449,91,1174,1289,84,86
888,528,677,JK003609,3965,822,1036,111,65
888,573,677,Shamela0095696,132,1387,1491,82,100
888,562,677,Shamela0026520,124,609,722,85,94
888,1230,1446,Masaha003492Vols,166,14,187,136,77
888,573,677,Shamela0010283,1499,1116,1220,82,100
888,714,1031,Shamela0007012,161,1241,1553,240,94
888,1218,1446,Shamela0007012,210,496,690,144,74
888,378,677,Shamela0007326,6,38,365,171,55
888,576,677,Shamela0005448,205,1040,1141,80,100
888,562,677,Shamela0012396,1883,717,1085,86,29
888,562,677,JK006908,12,140,255,84,86
888,573,677,Shamela0000740,29,16,120,82,100
888,870,1157,JK007040,3703,1005,1241,173,75
888,573,677,Masaha003390Vols,86,289,393,82,100
888,1203,1446,Shamela0025837,274,560,912,155,48
888,870,1157,JK011034,96,1,328,196,69
888,1,308,Shamela0008505,617,1028,1360,238,89
888,296,677,Shamela0010646,829,639,1031,291,93
888,378,677,Shamela0001000,506,453,771,148,50
888,378,677,Shamela0009429,201,682,1055,143,43
888,1203,1446,Masaha002979Vols,100,276,504,159,71
888,519,677,JK010621,77,1,161,115,89
888,1240,1446,Shamela0023775,906,1,164,127,75
888,378,705,JK006919,288,271,526,142,54
888,562,677,JK010638,148,1021,1136,84,86
889,717,1017,Shamela0010768,20,6,304,199,76
889,629,1017,Shamela0001025,19,591,986,266,82
889,1181,1444,Shamela0009681,20,1,279,152,59
889,1439,1534,Shamela0012929,547,191,298,72,86
889,659,1017,Shamela0010614,41,9,380,268,89
889,1115,1439,Shamela0010614,238,114,460,229,80
889,188,490,Shamela0010614,334,1077,1376,215,83
889,478,616,Shamela0010614,380,1034,1171,111,97
889,659,1017,JK003609,3512,1122,1517,204,58
889,1115,1338,Shamela0023790,593,693,888,143,80
889,629,1017,ShamAY0032088,10,607,1045,262,70
889,640,1017,Shamela0004473,9721,640,1015,241,71
889,1119,1433,Shamela0010496,71,348,673,172,57
889,1133,1439,Shamela0012286,3488,374,745,191,64
889,1115,1338,Shamela0005355,24,776,974,134,73
889,634,992,Shamela0010646,586,29,396,238,74
889,1,188,Shamela0010646,1190,960,1130,119,79
889,634,998,Shia001343,194,944,1329,271,87
889,667,963,Kraken210630005153,5234,882,1220,184,63
890,1148,1527,Shamela0023789,1585,182,801,226,40
890,1148,1436,Shamela0006945,16,1049,1350,197,75
890,683,910,ShamIbadiyya0000281,11,211,426,156,85
890,186,398,Shamela0010614,263,1275,1483,156,93
890,398,667,Shamela0010614,264,1,293,204,87
890,671,900,Shamela0010614,279,408,655,169,86
890,977,1148,Shamela0011682,1025,318,523,101,61
890,1153,1527,Shamela0009773,3341,1142,1503,249,76
890,411,671,GVDB20210524,14,190,591,156,46
890,1153,1527,Shamela0010646,1174,1227,1614,295,93
890,712,900,Shamela19Y0145334,1209,1,192,140,91
890,195,415,Sham19Y0120146,36,26,196,130,74
890,936,1157,JK000919,281,165,448,161,69
890,411,522,JK000919,436,1476,1587,88,98
891,973,1176,Shamela0010283,556,951,1152,163,98
891,990,1176,Shamela0028453,66,882,1062,141,92
891,89,334,Shamela0010646,777,934,1165,170,87
891,334,700,Shamela0010646,1248,1025,1390,296,97
892,152,292,ShamAY0007299,4897,1257,1394,95,81
892,158,715,Shia004053Vols,260,16,545,385,85
892,115,715,Shia001432Vols,18783,544,1148,406,77
892,80,292,Shia004000,305,518,883,131,44
892,152,719,Masaha003390Vols,190,648,1192,399,87
892,198,719,Shia001146,501,6,526,364,84
892,80,715,Shamela0010646,1249,546,1193,470,90
892,152,641,Shia004649Vols,1957,186,673,352,88
893,735,973,Shamela0010614,394,1315,1560,183,90
893,735,1071,Shamela0028174,225,1150,1465,247,91
893,1313,1522,Shamela0010646,689,530,749,145,82
893,190,487,Shamela0010646,1101,490,770,216,91
893,729,1086,Shamela0010646,2157,939,1286,261,88
894,1288,1437,Shamela0010768,372,1196,1368,102,75
894,1311,1437,Shamela0023789,274,310,431,91,93
894,185,625,Shamela0023789,759,409,901,213,44
894,185,413,JK000015,96,565,890,151,56
894,185,479,Shamela0010614,240,60,378,212,78
894,557,774,Shamela0010614,361,353,573,166,91
894,778,902,Shamela0010614,415,171,284,86,86
894,1031,1192,Shamela0010614,436,801,971,119,86
894,1279,1441,Shamela0010614,483,252,406,112,88
894,1293,1437,Shamela0023790,104,1003,1141,98,87
894,1031,1204,Shamela0010646,104,814,989,128,93
894,1,124,Shamela0010646,689,749,872,92,94
894,1288,1437,Shamela0001349,417,1018,1177,99,80
894,1031,1192,JK006919,210,319,483,90,55
896,358,495,Sham19Y0014075,1089,260,400,102,92
896,358,504,JK010768,128,1068,1217,108,92
896,109,1441,Shamela0028174,226,81,1064,723,66
896,590,733,JK009288,429,223,473,108,52
896,1097,1294,JK009288,472,387,583,139,87
897,375,1026,Shamela0028174,226,1077,1512,316,59
897,1026,1544,Shamela0028174,227,1,270,212,50
897,129,382,Shamela0010646,1190,1126,1383,181,82
897,1074,1244,Shamela0010646,1602,776,945,126,90
897,1300,1452,JK009288,805,1256,1407,103,75
897,133,371,JK009288,931,985,1215,167,83
898,875,1237,Shamela0010768,572,677,1185,242,58
898,892,1237,Sham19Y0014075,791,294,613,229,82
898,871,1237,Sham19Y0036072,293,18,408,246,78
898,863,1031,Shamela0010018,345,256,441,119,78
898,17,533,Shamela0010283,556,1152,1296,100,24
898,152,446,JK010611,119,662,952,224,90
898,1,1378,Shamela0028174,227,270,1471,849,73
898,166,451,JK001336,414,347,631,219,91
898,166,451,Shamela0010646,829,1055,1349,220,91
898,871,1237,Shamela0010646,1131,705,1046,272,92
898,17,157,JK009288,851,287,531,108,55
898,157,490,JK009288,851,1232,1573,257,90
898,871,1036,JK009288,908,959,1117,121,92
898,871,1031,Masaha002979Vols,839,209,362,119,93
899,1109,1268,Sham19Y0000259,214,701,855,117,90
899,1109,1268,JK009203,7,1012,1178,123,92
899,1109,1268,Sham19Y0018607,4684,302,463,116,90
899,1109,1268,ShamAY0000443,1465,892,1058,123,92
899,1109,1268,Shamela0005433,14,718,877,124,95
899,854,1552,Shamela0028174,228,1,358,268,47
899,1109,1268,Shamela0007528,29,1073,1239,123,92
899,1109,1268,Shamela0010646,159,1248,1367,84,66
899,596,707,Shamela0010646,688,1,112,88,98
899,134,290,Shamela0010646,829,1353,1510,126,98
899,1,134,JK009288,46,534,721,81,53
899,113,290,JK009288,47,384,561,144,100
899,961,1309,JK009288,550,526,857,252,88
900,1,1574,Shamela0028174,228,365,1237,646,49
900,548,676,JK009288,405,259,385,93,92
900,777,929,JK009288,419,907,1087,112,77
900,1,139,Masaha002979Vols,542,507,642,84,74
901,11,203,Shamela0010768,266,1200,1381,136,88
901,11,192,Zaydiyya0000013,209,642,822,137,92
901,1378,1494,Shamela0023789,792,958,1073,84,89
901,11,192,Zaydiyya0000342,1021,42,225,138,91
901,344,546,Shamela0023790,197,421,1100,152,27
901,11,192,ShamAY0033584,15,232,410,135,90
901,796,1378,Shamela0028174,228,1237,1568,240,51
901,1007,1210,JK009288,166,514,894,157,52
901,1093,1207,Masaha002979Vols,1015,373,485,85,93
902,757,1117,Shamela0028174,229,34,234,159,53
902,431,562,Shamela0010646,615,7,138,98,94
902,1342,1516,Shamela0010646,1602,1282,1466,133,89
902,1,460,Shamela0010646,1602,1037,1294,197,51
902,438,566,Masaha002979Vols,286,580,818,67,32
902,288,460,JK006919,423,379,550,119,84
903,818,1031,Shamela0023789,764,636,868,148,78
903,580,771,Shamela0001399,21,891,1082,135,87
903,607,767,Shamela0010512,187,501,646,97,79
903,580,818,Shamela0028174,229,442,678,174,90
903,1153,1367,JK009288,855,1218,1436,157,84
903,369,523,JK006919,783,571,735,113,81
903,580,762,JK006919,1174,1284,1447,124,87
904,1352,1506,Shamela0010614,252,1230,1386,121,95
904,1138,1344,Shamela0010614,465,586,797,137,70
904,900,1068,Shamela0007012,255,676,890,133,76
904,1068,1273,Shamela0028174,229,856,971,90,54
905,293,479,Shamela0023789,328,1249,1435,134,89
905,1244,1405,Shamela0028174,229,971,1127,127,92
905,831,1017,JK001336,479,174,414,144,73
905,281,522,Shamela0008505,211,587,846,188,90
905,277,522,Shamela0010646,689,860,1107,191,94
905,783,1013,Shamela0010646,1249,1193,1494,184,76
905,281,403,Rafed0002485,464,57,178,88,86
906,1,152,Shamela0007012,351,613,782,114,85
906,920,1182,Shamela0028174,229,1120,1384,204,96
906,920,1105,Shamela0009096,79,450,657,131,77
906,916,1110,Shamela0010646,1047,130,323,149,94
906,1,152,Shamela0023775,715,771,958,113,77
907,592,752,Shamela0023789,753,732,893,112,79
907,623,748,Shia001399,535,156,274,91,86
907,623,748,Shia000042,377,901,1019,91,86
907,574,752,Shamela0000558,414,307,469,117,80
907,596,748,Shamela0010614,253,753,905,118,93
907,873,1145,Shamela0010614,477,572,1105,194,46
907,1149,1448,Shamela0010614,478,190,907,188,33
907,623,752,Shamela0010614,549,1020,1150,83,80
907,1149,1262,JK000916,17896,27,140,87,98
907,623,748,Zaydiyya0000236,192,1289,1407,91,86
907,623,748,Shia001432Vols,32399,643,761,91,86
907,623,748,Shia001432Vols,32564,419,543,91,83
907,1149,1262,JK007082,382,414,527,87,98
907,1149,1271,Shamela0003118,5193,1306,1427,90,95
907,148,458,Shamela0028174,229,1376,1514,106,44
907,458,944,Shamela0028174,230,1,303,228,59
907,623,748,Shia001362Vols,125,307,425,91,86
907,623,748,Shia001362Vols,447,221,345,91,83
908,831,986,Shamela0000558,413,36,193,120,94
908,5,148,Masaha002872,75,835,1024,111,74
908,5,159,Shia002185Vols,1221,484,646,118,92
908,148,383,Shamela0010614,481,163,354,137,72
908,383,767,Shamela0010614,485,587,972,261,76
908,1313,1514,JK001316,14,1371,1546,137,83
908,184,387,JK007082,359,342,552,126,75
908,5,148,Shamela0028174,230,324,447,91,81
908,5,192,Shia001369,32,482,653,105,68
908,5,189,JK001336,840,495,898,140,44
908,986,1111,ShamAY0032379,376,345,462,73,69
908,991,1115,JK009391,302,1071,1204,87,83
908,5,148,Shamela0009307,18,1076,1208,97,84
908,5,148,Masaha002979Vols,402,91,237,110,95
908,5,148,Shamela0012845,62,918,1050,97,84
908,1,148,Sham19Y0013665,39,57,212,104,85
909,399,516,Shamela0010768,572,545,664,89,97
909,834,1200,Shamela0023789,757,1212,1535,221,75
909,834,1084,Shamela0010614,543,248,485,167,80
909,411,509,Sham19Y0132974,104,1193,1291,75,100
909,834,1077,Shamela0023787,10,370,607,164,79
909,411,509,Shia001625,212,970,1068,75,100
909,830,1189,Shamela0010646,1848,212,511,230,78
909,395,512,JK009288,491,418,535,90,100
909,1189,1408,JK009288,814,109,221,89,51
909,846,1072,Shamela0009429,505,1028,1235,157,86
910,422,680,Shamela0008463,1595,1121,1366,158,67
910,422,680,JK001140,82,370,629,156,65
910,1253,1412,Shamela0010614,558,765,927,100,70
910,422,680,Shamela0009200,311,814,1475,155,27
910,464,680,Shamela0008253,17,503,722,149,77
910,422,680,Shamela0037325,551,858,1109,152,66
910,422,680,Sham19Y0019188,1543,1071,1316,166,75
910,829,979,JK009288,141,842,981,89,70
910,317,410,JK009288,358,1380,1473,72,100
910,410,686,JK009288,419,148,424,217,93
910,41,177,Masaha002979Vols,396,969,1091,97,89
910,422,680,ShamAY0034857,537,864,1116,170,76
910,422,680,Shamela0012031,1061,174,426,170,76
911,19,180,Shamela0010614,478,26,321,125,52
911,495,705,Shamela0023790,591,586,788,159,91
911,1,282,Shamela0000678,126,309,579,211,92
911,502,689,Sham19Y0014592,511,345,550,150,89
911,502,689,JK007082,213,815,1027,152,87
911,1134,1342,JK006919,981,807,1000,151,90
912,842,1356,Shamela0023789,759,1143,1465,182,42
912,834,1205,Shia002185Vols,2110,1222,1616,286,89
912,1205,1454,Shia002185Vols,2111,1,283,173,72
912,703,1454,Shamela0008505,177,452,1298,574,85
912,199,377,Shamela0010646,1603,101,285,135,89
912,1114,1237,Masaha002979Vols,539,1232,1418,85,55
913,261,770,Shamela0010768,655,986,1548,255,46
913,1137,1448,Shamela0010614,477,787,1525,227,37
913,306,770,Shamela0009773,422,23,391,208,51
913,252,1090,Shamela0012848,36,244,1227,586,71
913,100,246,JK009288,242,293,444,114,90
914,771,956,Shamela0010614,483,412,623,140,80
914,956,1215,Shamela0010614,484,787,1255,198,52
914,771,881,JK006919,983,740,850,86,97
915,344,450,Shamela0022579,455,1201,1307,82,98
915,349,450,Zaydiyya0000236,264,1062,1165,69,84
915,323,450,Shia001432Vols,32589,651,771,76,75
915,323,450,Shia001362Vols,471,844,964,76,75
916,832,970,Shamela0012929,205,442,800,77,26
917,60,181,Shamela0012929,285,1,131,94,92
917,198,531,Shamela0012929,312,231,843,201,41
917,198,488,Sham19Y0036540,4146,900,1434,177,42
917,715,891,Shamela0010283,290,596,772,130,91
917,242,389,Shamela0010283,290,1,146,110,93
917,193,531,Shamela0006897,235,880,1308,154,35
917,883,1115,Shamela0006897,261,854,1073,166,90
917,227,389,Shamela0006897,273,232,386,83,56
917,1107,1394,Shamela0006897,288,974,1284,98,33
917,193,318,JK001460,278,1336,1444,80,76
917,210,389,Shamela0010646,1506,1043,1211,131,92
917,715,883,Shamela0010646,1508,504,695,125,82
917,198,354,Shamela0000761,249,649,829,122,86
918,483,739,Shamela0012929,619,845,1298,138,37
918,899,1186,Kraken210903002705,260,272,635,90,27
918,234,415,Shamela0006897,310,1,374,129,43
918,189,327,Shamela0010646,1502,786,926,109,97
919,26,166,Shamela0006897,399,576,737,94,72
919,1,195,Shamela0010646,1508,113,298,138,86
920,811,1084,Shamela0012929,706,361,1262,206,28
920,662,1084,Shamela0010283,291,1106,1387,205,59
920,708,1084,Shamela0006897,382,932,1522,292,59
920,625,1076,Shamela0010646,1503,43,417,276,73
922,195,576,Shamela0012929,742,1066,1300,63,15
922,1158,1417,Shamela0005683,81,1,569,96,20
924,305,1107,Shamela0010283,284,1096,1543,164,23
925,728,882,Shamela0010283,285,765,1072,89,33
926,418,1257,Shamela0005683,112,285,1031,292,36
940,735,1299,Kraken210903002705,147,34,549,73,10
945,1168,1382,Shamela0012929,645,1068,1194,59,36
949,645,791,Shamela0012929,128,892,1198,80,33
952,240,978,Shamela0012929,48,411,1403,97,8
953,146,387,Sham19Y0013241,592,1380,1620,189,89
953,146,434,Shamela0010526,122,395,676,226,90
953,146,434,Shamela0008463,381,883,1165,221,88
953,133,434,Sham19Y0020699,189,1160,1451,222,85
953,169,445,Shamela0001687,207,659,938,222,90
953,150,353,Shamela0023623,3434,1372,1582,161,84
953,138,434,Shamela0023591,3769,1,281,213,82
953,146,434,Sham19Y0014404,623,1144,1441,235,92
953,146,434,Kraken220413030905,138,661,946,224,88
953,169,434,JK000386,1119,555,810,194,81
953,169,439,JK000791,973,105,379,223,94
953,133,434,JK006476,1435,168,541,243,75
953,169,434,Sham19Y0023644,144,1356,1625,196,75
953,746,1494,Sham19Y0023644,150,1095,1550,216,32
953,138,434,Shamela0011809,44,1206,1601,234,67
953,146,434,Shamela0022769,651,1132,1428,237,92
953,193,434,Shamela0037458,3532,1,239,184,82
953,146,434,ShamIbadiyya0000193,1592,1054,1333,231,90
953,169,410,JK000849,1128,917,1181,191,82
953,169,434,Shamela0012318,117,243,492,207,91
953,742,1262,Shamela0011469,402,690,1466,168,20
953,138,434,Shia002702Vols,4105,1045,1338,237,89
953,105,434,Tafsir08090,855,1227,1550,228,80
953,150,434,ShamAY0034054,3310,696,971,208,80
953,746,1390,MMS00013,1907,650,1333,207,29
953,157,434,Shamela0011566,17,593,863,215,87
953,146,353,JK010635,14,1413,1681,162,68
953,122,439,ShamAY0034068,1112,901,1226,242,86
953,150,434,Shamela0021491,2,892,1168,209,80
953,472,807,Shamela0021491,3,1328,1574,123,41
953,169,445,JK007040,4378,660,939,222,90
953,169,434,ShamAY0001529,24,1147,1415,210,84
953,146,434,Sham19Y0019188,423,138,416,226,91
953,713,1654,JK001460,634,1,904,293,27
953,169,445,Shamela0007266,28,1138,1416,219,89
953,742,1321,Shamela0010646,1685,312,840,138,20
953,146,448,Shamela0009429,616,1167,1469,226,83
953,169,434,Shamela0009429,633,653,1064,210,57
953,169,434,Masaha002979Vols,19,112,372,211,92
953,742,1512,Masaha002979Vols,55,323,889,193,23
953,150,445,Masaha004500,96,444,736,235,92
953,169,423,Sham19Y0145411,749,1053,1437,202,59
953,133,423,JK006914,1009,182,536,227,72
953,146,434,Shamela0023628,1768,275,565,234,93
953,138,434,Shamela0023578,2597,936,1268,247,86
953,146,434,Tafsir09050,1645,44,324,232,90
953,150,434,Shamela0001601,91,650,956,225,81
953,169,448,Tafsir09068,1244,1114,1380,207,83
953,138,434,Sham19Y0013783,624,463,761,220,77
953,150,434,Shamela0012884,4231,1188,1466,202,77
953,146,434,Shamela0021584,52,671,952,223,88
953,122,423,Shia004027,38,413,724,223,75
953,169,448,Shamela0023596,114,646,932,227,92
954,5,650,JK000849,1134,734,1628,248,29
954,1,817,JK001460,634,895,1632,226,30
964,767,1381,JK010646,124,278,1286,255,26
966,8,1376,Masaha004844,26,242,1587,710,52
969,113,825,Masaha004844,29,35,441,253,41
969,524,825,Shia004092Vols,209,715,991,172,67
969,595,818,MMS00013,42,69,269,124,58
969,524,825,Rafed0002654Vols,52,444,720,172,67
970,971,1620,Masaha004844,29,1015,1567,282,46
971,64,758,Masaha004844,30,1,606,271,37
971,1400,1552,MMS00013,42,1021,1247,119,63
976,114,641,Masaha004844,32,742,1097,193,40
976,249,1090,JK010646,121,18,689,202,25
980,159,1528,Masaha004844,34,5,780,428,35
980,1,221,MMS00013,66,434,599,128,71
982,22,772,Masaha004844,35,588,1158,337,49
983,480,958,Masaha004844,36,1150,1588,239,57
984,600,751,ShamAY0007299,3113,667,822,98,80
984,277,473,Masaha004844,37,493,705,132,75
984,1089,1292,Shamela0012929,47,978,1510,146,34
984,1292,1493,Shamela0012929,48,1,185,146,90
984,587,925,Shamela0012929,710,58,376,237,87
984,587,925,Kraken210903002705,264,255,575,228,82
984,1063,1619,Shia003458,51,302,1319,370,43
984,1173,1619,Shia003704,25,961,1420,249,54
984,1089,1619,Shamela0009773,53,158,547,246,52
984,955,1619,MMS00013,2011,518,1025,242,41
984,1063,1566,Shamela0023735,3255,1088,1414,175,39
984,1222,1619,Shia003732Vols,284,715,1032,206,59
984,600,840,Shamela0010646,1671,842,1071,173,90
984,581,925,JK006919,1045,1048,1349,224,79
984,1063,1449,Shia004649Vols,1662,1039,1398,226,66
985,908,1174,Rafed0000040Vols,2025,933,1232,203,83
985,304,1174,JK000911,457,62,603,274,36
985,1322,1518,JK000916,14773,375,778,133,40
985,300,970,Sham19Y0023644,905,1187,1605,163,25
985,970,1174,Sham19Y0023644,906,1,239,124,61
985,1409,1518,Sham19Y0023644,1930,5,173,85,62
985,288,1308,Kraken22031816264701,172,764,1553,451,52
985,1322,1518,Shamela0001438,5396,142,447,133,53
985,1179,1518,Shamela0010283,523,1076,1417,263,95
985,288,1159,Shamela0010283,525,640,1510,674,94
985,93,325,Shia003458,52,37,373,160,61
985,491,1136,Shia003458,53,148,776,405,70
985,14,288,Shia003704,26,52,300,155,71
985,321,950,Shia003704,28,982,1550,311,51
985,950,1174,Shia003704,29,1,346,149,54
985,908,1174,Shamela0009773,43,219,508,196,79
985,908,1174,Shamela0010710,10,1193,1490,199,82
985,852,1174,MMS00013,1726,875,1221,207,70
985,1,284,MMS00013,2011,1025,1425,169,50
985,1358,1518,JK000533,3308,816,1099,109,45
985,908,1174,Shia003725,13,328,627,201,83
985,278,860,JK001336,563,1089,1454,200,41
985,860,1202,JK001336,564,1,314,223,80
985,1,284,Shia003732Vols,284,1032,1434,167,51
985,908,1069,Shia003732Vols,291,1297,1486,128,83
985,334,1174,Shamela0009873,6,719,1186,268,35
986,10,607,Shamela0006617,846,952,1524,396,78
986,1,607,Shia002265Vols,4194,82,668,426,84
986,1,607,JK009390,4680,89,681,428,84
986,1,329,Shamela0006590,204,1184,1480,221,80
986,329,672,Shamela0006590,205,1,700,222,37
986,1,607,JK000916,14773,778,1363,421,82
986,239,552,Zaydiyya0000142,429,1,247,181,71
986,1,428,Sham19Y0023644,1930,173,592,285,78
986,1,607,Sham19Y0127677,3607,784,1364,424,83
986,1,607,Shamela0001438,5396,447,1032,426,84
986,1,104,Shamela0010283,523,1417,1520,82,100
986,104,656,Shamela0010283,524,1,559,442,98
986,1326,1563,Shamela0010283,526,26,252,182,94
986,1,556,Shamela0004445,3418,825,1379,369,75
986,1,719,Shamela0022341,8,4,636,326,46
986,1,556,Shia002942,169,359,937,363,70
986,1,607,Shamela0003118,4332,142,759,426,82
986,1329,1566,Shamela0028174,147,65,276,151,76
986,1,521,JK000533,3308,1099,1501,297,70
986,10,607,Shamela0008657,386,756,1315,404,81
987,1,850,Shamela0010283,526,263,1108,670,97
987,990,1557,Shia003458,57,586,1244,412,75
987,1,850,Shamela0028174,147,276,761,367,53
988,241,1122,Shamela0006617,995,599,1461,457,56
988,580,1495,JK009225,284,15,744,324,42
988,241,1134,Shia001782Vols,3221,590,1484,468,54
988,228,653,Shia002185Vols,234,1186,1529,218,63
988,653,1501,Shia002185Vols,235,1,851,560,77
988,252,1501,JK000916,27074,1,1273,709,61
988,228,901,Masaha001954,183,668,1239,234,37
988,241,623,JK000927,1844,1159,1500,192,57
988,659,1501,JK000927,1845,1,758,370,50
988,228,1196,Shamela0010283,524,585,1503,486,55
988,1,207,Shia003458,57,1244,1444,146,85
988,241,1339,Shamela0004445,3834,40,1293,649,58
988,241,1459,Sham19Y0007233,71,207,1461,687,61
988,241,866,Shamela0013035,751,777,1457,365,59
988,866,1501,Shamela0013035,752,1,626,358,65
988,360,1268,Shamela0026484,62,481,1279,366,44
988,241,1501,Shamela0003118,7359,32,1253,709,62
988,241,852,Shamela0005355,167,941,1547,330,57
988,855,1501,Shamela0005355,168,1,614,307,53
988,228,1501,JK001336,564,289,1398,514,46
988,228,876,Kraken22021606121201,770,738,1485,294,42
988,241,1296,JK009364,160,434,1426,515,52
988,241,1196,Shamela0001733,5056,492,1465,516,56
988,337,1501,Shamela0010646,1744,1,980,508,51
988,401,1501,Shamela0009429,306,19,624,314,34
988,241,1122,Shamela0011997,172,671,1506,474,60
988,241,600,Shamela0009873,1617,1162,1547,211,62
988,600,1501,Shamela0009873,1618,1,909,513,62
988,241,1040,JK009207,28,680,1495,468,62
989,8,438,Shamela0006617,996,351,760,299,84
989,1,438,Shamela0023789,1567,463,863,224,61
989,1,438,Shamela0006945,5,590,992,224,61
989,12,438,JK009225,284,744,1096,201,55
989,120,438,ShamAY0007299,3077,570,867,170,63
989,438,909,ShamAY0007299,3078,365,726,245,65
989,1,438,Shia001782Vols,3222,350,718,264,74
989,8,424,Shia002185Vols,235,856,1263,276,80
989,1,210,JK000916,27074,1273,1475,148,88
989,210,438,JK000916,27075,1,201,152,79
989,1,424,JK000927,1845,758,1147,273,80
989,1,438,Shamela0010283,525,245,645,264,75
989,12,438,Shia003458,58,343,729,286,81
989,438,1122,Shamela0011469,407,733,1462,531,89
989,1122,1543,Shamela0011469,408,1,444,329,91
989,12,438,Shamela0004445,3835,177,676,291,67
989,1,438,Sham19Y0007233,72,46,452,303,84
989,1,438,Shamela0013035,752,626,1043,300,82
989,1,438,Shamela0026484,63,1,414,241,65
989,438,903,MMS00013,1799,1048,1539,343,85
989,903,1543,MMS00013,1800,1,625,481,90
989,438,1543,Kraken22021606120800,543,1,1116,826,90
989,1,219,Shamela0003118,7359,1253,1465,156,89
989,223,438,Shamela0003118,7360,1,194,146,80
989,1,438,Shamela0005355,168,614,1055,294,77
989,390,863,JK000533,1057,1079,1450,236,64
989,84,430,JK001336,565,1,324,203,69
989,4,406,Kraken22021606121201,771,513,865,243,74
989,53,465,JK009364,161,125,502,223,68
989,1,438,Shamela0001733,5057,284,688,287,80
989,1,424,Shamela0010646,1744,980,1371,258,74
989,1,438,Shamela0009429,306,624,1032,273,75
989,1,438,Shamela0011997,173,342,745,300,84
989,1,438,Kraken210630005153,8027,167,546,229,65
989,1,438,JK006919,124,374,774,225,61
989,1,438,Shamela0009873,1618,909,1314,299,84
989,438,1543,JK000919,467,114,1220,863,94
989,1,438,JK009207,29,457,863,294,82
990,1326,1489,Shamela0010283,517,1138,1295,119,89
990,1,1051,Shamela0011469,408,444,1545,802,89
990,1051,1301,Shamela0011469,409,1,261,188,89
990,1,915,MMS00013,1800,625,1567,704,93
990,918,1297,MMS00013,1801,1,391,291,93
990,1,203,Kraken22021606120800,543,1116,1318,150,94
990,198,1301,Kraken22021606120800,544,55,1199,835,90
990,1,317,JK000919,467,1220,1534,246,97
990,317,1301,JK000919,468,1,1009,760,93
991,362,564,Shamela0028100,359,176,356,111,68
991,1369,1530,JK007503,1,1233,1392,127,98
991,366,564,Shamela0009252,266,1210,1439,120,63
991,614,1041,Shamela0010283,517,136,623,329,81
991,1041,1589,Shamela0010283,518,950,1450,387,85
991,352,614,Shamela0010283,520,219,485,185,85
991,356,564,Shamela0006897,372,1213,1428,132,69
991,94,356,Sham19Y0013252,6067,739,866,75,36
991,366,564,Masaha000955Vols,1319,824,999,108,68
991,1272,1530,MMS00013,2049,45,329,162,67
991,80,684,Shamela0028174,244,844,1461,322,50
991,684,1473,Shamela0028174,245,1,365,283,44
991,1310,1589,Sham19Y0017879,171,692,1134,199,56
991,366,564,Shamela0023735,1453,323,502,107,66
991,366,564,Shamela0012017,207,919,1186,107,52
991,84,352,Shamela0006911,17,1193,1479,126,47
991,1268,1589,Shamela0006911,18,192,544,229,77
991,362,564,Shamela0023193,190,1094,1273,115,70
991,63,1362,Shamela0010646,1669,49,771,389,35
991,63,220,Shamela0009429,310,276,485,97,54
991,1240,1589,Shamela0009429,312,156,319,103,34
991,352,614,Shamela0009429,313,1074,1277,135,61
991,1418,1535,Masaha003682Vols,305,1329,1445,89,95
991,1310,1589,Shamela0023775,11,425,977,200,45
991,1134,1501,Masaha002349,392,683,1050,120,32
992,314,715,ShamAY0007299,3110,52,362,178,51
992,181,314,Sham19Y0018254,1499,823,958,105,97
992,181,314,Shamela0001687,6926,771,904,105,96
992,372,715,Kraken210903002705,359,1232,1526,201,69
992,907,1253,Kraken210903002705,360,1006,1535,214,49
992,37,314,Sham19Y0021514,168,112,568,167,45
992,156,318,Shamela0010283,54,144,309,120,92
992,296,460,Shamela0010283,518,1428,1602,120,87
992,460,1592,Shamela0010283,519,1,827,470,46
992,715,922,Shamela0010283,520,491,713,155,84
992,5,314,Masaha000955Vols,1224,348,782,222,60
992,152,314,Sham19Y0017823,139,386,597,124,74
992,1,460,Shamela0028174,245,365,646,208,55
992,440,715,Shamela0006911,20,186,470,200,86
992,1,152,Shamela0010646,1669,815,978,125,92
992,715,887,Shamela0010646,1669,978,1166,140,89
992,358,1132,Shamela0010646,1670,496,972,338,53
992,1288,1463,Shamela0009429,311,864,1068,127,76
992,314,521,Shamela0009429,312,555,732,119,72
992,1095,1288,Shamela0009429,312,1135,1336,153,94
993,1038,1169,Sham19Y0148534,32,712,844,98,94
993,212,344,ShamAY0007299,3106,1283,1412,102,96
993,28,212,ShamAY0007299,3906,994,1203,128,71
993,1027,1169,ShamAY0007299,4636,1148,1301,104,86
993,348,451,Sham19Y0018254,1448,226,356,76,76
993,980,1169,Shamela0001687,5620,1329,1523,135,84
993,451,664,Shamela0010283,518,89,280,151,87
993,658,954,Shamela0010283,519,994,1275,180,76
993,1,263,Shamela0010283,519,827,1120,167,69
993,1169,1368,Shamela0010283,520,13,213,160,99
993,348,809,ShamAY0000443,4181,567,1000,82,14
993,1,954,Shamela0028174,245,797,1492,512,66
993,344,451,ShamAY0038393,81,497,613,80,89
993,762,954,Shamela0006911,18,821,1034,146,87
993,974,1316,Shamela0006911,19,701,1394,248,44
993,1302,1459,Shamela0006911,20,25,562,70,17
993,215,1388,Shamela0010646,1670,943,1411,337,35
993,1385,1498,Shamela0009429,312,376,478,64,70
993,212,664,Shamela0009429,313,421,867,316,80
993,1169,1398,Shamela0009429,313,873,1112,167,86
994,195,458,ShamAY0007299,2131,341,744,202,60
994,163,656,Shamela0010283,517,629,1126,390,95
994,230,989,Shamela0028174,246,1,694,518,81
994,463,869,Shamela0010646,1669,1349,1597,175,51
994,869,1088,Shamela0010646,1670,7,268,147,70
994,163,656,Shamela0009429,311,385,845,319,78
995,573,723,Shamela0010283,518,286,445,114,88
995,422,895,Shamela0028174,246,678,1189,341,77
996,654,903,ShamAY0007299,3105,989,1238,190,90
996,654,1352,Shamela0010283,518,437,978,394,66
996,654,1203,Shamela0028174,246,1189,1604,284,62
996,1334,1607,Shamela0028174,247,691,973,192,78
996,1466,1607,Shamela0012205,171,179,348,110,80
996,662,965,Shamela0009429,311,1074,1443,201,67
997,96,583,Shamela0023614,310,1,835,244,35
997,1228,1547,ShamAY0007299,3085,1273,1609,246,91
997,1,1338,Shamela0010283,514,182,1563,948,77
997,1329,1557,Shamela0010283,515,1,232,175,93
997,21,652,Shia003458,177,455,974,265,44
997,1,680,Shamela0028174,247,973,1565,454,80
997,680,1557,Shamela0028174,248,1,724,526,73
997,1,1089,Shamela0012205,171,348,1583,726,65
997,1089,1557,Shamela0012205,172,1,497,369,92
997,1,572,Shamela0009429,309,1018,1557,350,69
997,69,762,ShamIbadiyya0000248,72,815,1541,413,58
997,73,762,ShamIbadiyya0000248,356,1,724,423,60
998,169,778,ShamAY0007299,2093,756,1405,459,87
998,786,1533,ShamAY0007299,2094,34,751,564,93
998,5,158,ShamAY0007299,3086,16,156,112,90
998,5,916,Shamela0010283,515,237,1541,677,63
998,916,1533,Shamela0010283,516,1,620,463,88
998,1,813,Shamela0028174,248,724,1504,605,92
998,813,1110,Shamela0028174,249,1,269,204,84
998,176,532,Shamela0012205,172,1227,1557,224,78
998,1,246,Shamela0012205,172,497,746,191,90
998,532,1533,Shamela0012205,173,1,1142,772,83
998,317,423,Shamela0009429,307,1369,1476,80,91
998,423,1533,Shamela0009429,308,1,1345,523,43
999,38,361,ShamAY0007299,2094,751,1067,249,95
999,1439,1572,ShamAY0007299,2667,615,759,108,91
999,1272,1572,Shamela0006896,326,243,468,164,67
999,38,615,Shamela0010283,516,620,1197,450,95
999,1339,1572,Shamela0011469,520,919,1122,165,86
999,1266,1572,MMS00013,1881,940,1222,209,79
999,615,1260,Shamela0028174,247,52,691,514,99
999,361,630,Shamela0028174,249,269,551,203,88
999,1260,1572,Shamela0028174,249,520,785,219,84
999,1,361,Shamela0012205,173,1142,1501,287,98
999,366,534,Shamela0010646,1671,654,834,133,92
999,38,261,Shamela0009429,308,1345,1581,167,85
999,361,603,Shamela0009429,310,491,747,171,75
999,1319,1572,Masaha002979Vols,63,1128,1350,181,86
999,1272,1572,Shamela0023775,669,711,1001,219,85
1000,612,743,ShamAY0007299,3032,387,546,97,77
1000,1070,1322,ShamAY0007299,4721,661,870,162,81
1000,41,743,Sham19Y0017724,182,447,946,226,36
1000,1,678,Shamela0011685,382,812,1248,278,46
1000,70,188,Sham19Y0021514,168,690,808,94,98
1000,215,743,Shamela0010283,54,718,967,165,36
1000,666,979,Shamela0011469,522,81,300,142,54
1000,431,1051,MMS00013,1882,572,1565,404,48
1000,1051,1326,MMS00013,1883,15,292,196,84
1000,41,743,Shia002378,211,795,1257,212,34
1000,207,743,Masaha002979Vols,77,645,1134,182,31
1000,107,1240,Shamela0023775,670,1,1632,784,56
1000,1240,1604,Shamela0023775,671,1,521,266,60
1000,608,743,Shia004649Vols,1827,1126,1392,102,48
1001,176,459,Sham19Y0017724,182,1081,1360,170,60
1001,1181,1612,Sham19Y0017724,183,112,542,229,53
1001,55,459,Shamela0010529,18,538,920,229,59
1001,1215,1612,Shamela0010529,20,718,1113,205,52
1001,1273,1612,Shamela0010283,55,154,460,192,65
1001,40,347,Shamela0011469,522,362,551,113,46
1001,1181,1612,Shia002378,212,356,783,221,51
1001,10,459,Shamela0025837,185,650,1023,187,41
1001,47,459,Masaha002979Vols,77,1226,1496,172,48
1001,66,459,Shamela0023775,671,282,960,284,50
1001,182,465,JK006919,1103,1313,1525,143,57
1002,5,372,Sham19Y0017724,183,542,838,171,52
1002,5,368,Shamela0010529,20,1113,1401,167,51
1002,362,684,Shamela0006896,326,978,1443,228,59
1002,1126,1346,Shamela0010283,54,951,1159,150,82
1002,1,963,Shamela0010283,55,456,1042,362,43
1002,412,675,Shamela0010283,57,8,256,144,56
1002,339,755,MMS00013,1890,610,1056,260,65
1002,955,1351,Shamela0028174,249,1282,1601,202,62
1002,1,372,Shamela0023775,676,206,604,261,76
1002,339,670,Shamela0023775,715,185,497,220,78
1002,755,911,Shamela0023775,724,276,425,119,93
1003,508,1176,Shia002185Vols,3575,816,1491,496,89
1003,1176,1345,Shia002185Vols,3576,1,568,119,25
1003,1362,1533,Shia002185Vols,3870,888,1083,134,86
1003,527,1210,Shamela0000671,69,627,1314,410,64
1003,508,785,Sham19Y0036540,4639,807,1133,167,59
1003,508,1345,Shia001432Vols,18808,234,1410,462,42
1003,508,1210,Masaha003390Vols,177,417,1146,426,63
1003,1,308,Sham19Y0123665,214,819,1523,149,25
1003,503,1210,Shamela0010646,746,118,889,460,67
1003,503,899,Sham19Y0005414,101,1230,1589,274,84
1003,35,308,Shamela0013043,177,215,468,68,21
1003,508,931,Shia001335,88,1097,1561,274,66
1003,931,1345,Shia001335,89,1,703,187,28
1004,88,335,Shamela0001336,12,876,1134,176,84
1004,92,335,JK001021,43,93,353,187,87
1004,668,898,JK010748,70,234,468,181,97
1004,92,335,Shamela0005816,979,43,276,178,86
1004,92,335,Shia003461Vols,921,27,262,187,92
1004,92,345,Shamela0003722,5715,542,787,179,84
1004,92,354,Shamela0003722,5716,998,1254,168,72
1004,88,341,Shamela0010614,244,921,1172,202,98
1004,345,472,Shamela0010614,339,866,1001,99,91
1004,903,1177,Shamela0000671,68,250,663,206,60
1004,92,350,Shia001949,128,287,523,166,76
1004,92,341,Shamela0009855,8,760,1001,179,85
1004,97,364,JK000830,15,868,1213,190,65
1004,92,335,Shamela0023100,578,503,736,177,86
1004,88,350,Shamela0023700,1974,28,288,204,94
1004,109,341,JK003609,5926,23,252,178,92
1004,88,280,ShamAY0034809,653,1256,1447,153,97
1004,88,335,Sham19Y0036072,86,454,716,171,76
1004,1291,1495,Sham19Y0036072,310,434,654,121,62
1004,88,341,Shamela0009790,354,125,377,204,98
1004,88,327,Sham19Y0016759,52,684,923,189,96
1004,88,350,Shia001432Vols,36972,435,635,156,73
1004,130,335,Shamela0012286,2257,1137,1345,153,86
1004,92,341,Shamela0009107,400,567,808,180,85
1004,92,341,Shamela0009107,631,469,705,177,85
1004,88,335,JK000778,823,719,964,197,97
1004,88,354,JK010666,31,516,785,174,79
1004,92,335,Shamela0008505,103,1254,1489,167,80
1004,77,301,JK006801,546,1154,1374,158,83
1004,92,341,Shia001975,37,1182,1420,181,86
1004,635,883,Shamela0028453,146,141,405,180,85
1004,81,335,Shamela0010646,218,552,797,170,80
1004,1287,1495,Shamela0010646,492,1223,1454,157,83
1004,472,658,Shamela0010646,747,103,297,146,95
1004,1287,1495,JK009288,753,315,542,150,78
1004,472,575,Masaha002979Vols,436,41,144,79,98
1004,92,341,Shamela0021765,616,1145,1384,184,87
1004,658,829,JK009365,158,258,430,129,89
1004,658,829,JK009365,160,326,499,130,90
1004,92,335,Shamela0009873,1856,433,668,187,92
1004,77,301,Sham19Y0037618,3331,655,875,158,83
1005,1161,1461,JK010552,386,1,342,189,68
1005,854,1026,Shia002185Vols,3144,45,174,97,68
1005,1,847,Shia002185Vols,3576,752,1574,609,89
1005,1129,1461,Shia002185Vols,3767,901,1237,209,75
1005,858,1095,Shamela0021525,43,1189,1439,166,80
1005,858,1095,JK000927,3498,1185,1437,169,81
1005,854,1075,Sham19Y0036072,310,291,429,112,61
1005,847,1100,Shamela0023790,109,329,598,202,91
1005,1100,1461,Shamela0023790,522,1010,1357,207,66
1005,1,847,Shamela0006897,360,70,859,622,90
1005,858,1095,Sham19Y0013609,96,709,946,166,78
1005,1,847,ShamAY0000443,6221,6,682,491,72
1005,1140,1342,Shia001432Vols,16522,1239,1428,128,78
1005,847,1123,JK007082,307,721,1017,199,82
1005,1140,1461,Shia003636Vols,1756,734,1063,206,73
1005,1100,1466,Shamela0095860,53,1141,1498,210,62
1005,1140,1461,Shia001154,96,733,1064,205,73
1005,1177,1461,Shia001237Vols,1977,1,297,176,66
1005,1095,1355,Shamela0005390,152,828,1031,151,74
1005,858,1095,Kraken22021606121201,1316,936,1466,166,38
1005,1140,1461,Shia000806Vols,184,1044,1394,209,70
1005,863,1075,Shamela0010646,493,433,623,117,61
1005,1,847,Shamela0010646,747,344,1171,658,95
1005,1,736,JK009288,62,845,1577,582,97
1005,1100,1355,Masaha002979Vols,171,29,230,156,77
1005,858,1075,Shia004649Vols,273,289,470,131,73
1005,1140,1461,Rafed0000609Vols,565,83,420,203,70
1005,1095,1466,Masaha002349,156,887,1228,204,62
1006,67,467,Shamela0023789,559,148,581,240,61
1006,678,1503,Shamela0023789,1566,1,815,499,66
1006,594,1503,Shamela0006945,4,30,951,541,64
1006,464,740,Shia002185Vols,3568,1146,1489,193,70
1006,740,1532,Shia002185Vols,3569,1,822,615,90
1006,59,460,JK010748,64,692,1094,298,89
1006,806,1510,Shamela0000671,83,32,673,415,67
1006,513,1348,Shamela0021525,505,718,1445,534,78
1006,486,1187,ShamAY0032088,179,995,1494,300,50
1006,1046,1503,ShamAY0032088,180,15,293,203,55
1006,55,467,Shia004021,109,511,954,270,74
1006,478,1238,Shamela0028174,180,804,1542,580,93
1006,1238,1532,Shamela0028174,181,1,296,239,99
1006,59,460,Shamela0008494,394,961,1375,251,66
1006,467,1356,Masaha003390Vols,159,811,1527,411,54
1006,163,369,JK001288,20,417,897,88,21
1006,482,1070,Shamela0010646,216,925,1531,441,87
1006,1070,1526,Shamela0010646,217,1,453,360,95
1006,1,460,Shamela0010646,741,348,820,351,91
1006,59,460,Shamela0013058,69,59,444,229,65
1006,59,460,Sham19Y0020878,1397,920,1330,251,66
1007,119,300,Shamela0006909,282,1333,1506,117,77
1007,83,370,Shamela0023789,105,144,441,222,92
1007,991,1608,Shamela0023789,1564,363,897,267,44
1007,991,1608,Shamela0006945,2,450,983,267,44
1007,79,370,Shamela0000558,182,228,508,213,89
1007,370,569,Shia002185Vols,3756,453,655,153,95
1007,867,1608,Shia002185Vols,3869,701,1430,545,86
1007,688,867,Shia002185Vols,3870,1185,1358,135,90
1007,896,1608,Shamela0000671,66,486,1454,386,44
1007,145,370,Sham19Y0073350,603,893,1110,161,88
1007,150,382,Shamela0006896,382,840,1064,155,81
1007,145,370,Sham19Y0036072,353,352,569,166,91
1007,79,375,Shamela0023790,128,139,439,232,96
1007,145,370,Shamela0010283,1338,714,931,166,91
1007,878,1608,Shia004021,134,103,1064,423,48
1007,157,370,JK009283,2,1,212,168,97
1007,988,1608,Shamela0004473,2285,796,1501,334,52
1007,991,1503,JK001336,791,631,1094,228,45
1007,867,1267,Shamela0010646,747,1192,1590,315,96
1007,1267,1608,Shamela0010646,748,1,337,270,95
1007,79,867,Shamela0010646,767,1007,1478,369,57
1007,150,370,Masaha002979Vols,728,1179,1371,142,78
1007,157,370,ShamAY0034478,93,100,313,149,81
1007,145,375,JK006919,729,1143,1366,168,91
1007,896,1608,JK006919,767,792,1490,546,92
1007,725,867,JK006919,768,288,449,107,80
1007,967,1608,Kraken21050704,89,570,1324,370,53
1007,954,1503,Tafsir07076,1727,994,1537,224,37
1007,910,1383,Tafsir07076,9122,1073,1559,222,44
1008,863,1337,JK000975,138,364,832,263,62
1008,1,184,Shia002185Vols,3869,1430,1621,147,93
1008,583,1337,Shia002185Vols,3870,1,642,487,80
1008,188,388,Shamela0023790,325,114,323,152,90
1008,863,1341,Shamela0023790,720,681,1146,353,90
1008,9,184,Shia003986,333,919,1234,135,53
1008,9,184,Shamela0006897,251,50,337,139,58
1008,9,184,Shamela0009236,95,72,352,126,55
1008,9,184,Shamela0004473,2285,1277,1587,137,53
1008,877,1337,Shamela0028174,201,923,1360,320,85
1008,559,858,Shamela0000699,14,214,468,177,73
1008,1,227,Shamela0010646,748,337,587,156,78
1008,184,559,JK006919,1010,854,1222,283,93
1009,888,1105,Shamela0000671,15,1003,1342,149,54
1009,974,1265,JK000916,6339,83,754,210,38
1009,888,1265,Shamela0003118,2174,468,1315,267,38
1009,1,571,Shamela0028453,225,705,1307,311,59
1009,1,1204,Shamela0010646,748,561,1569,729,72
1010,1242,1620,Shamela0023789,560,26,450,224,56
1010,767,1079,Shia003752Vols,572,99,418,202,73
1010,299,1236,Shamela0000671,68,250,1198,651,82
1010,89,294,Shamela0000671,70,469,679,131,72
1010,767,1236,Shamela0006944,160,1005,1452,277,69
1010,761,1242,Shamela0010646,1797,723,1124,297,77
1010,761,1079,Shamela0001349,239,461,778,204,73
1011,1272,1569,Shia002185Vols,3575,58,345,206,84
1011,1269,1526,Shamela0001687,8000,1323,1586,141,56
1011,248,843,Shamela0037473BK1,200,1,901,277,34
1011,1256,1569,Masaha001864Vols,2046,533,804,159,58
1011,1276,1569,ShamAY0033595,22,40,353,175,62
1011,1322,1569,Shamela0006897,351,6,277,158,68
1011,1322,1569,MMS00013,716,1011,1252,138,61
1011,1269,1569,Kraken22021606120800,106,359,672,182,64
1011,1269,1569,Shamela0001522,152,358,605,160,62
1011,204,1264,Shamela0010646,749,124,1221,795,85
1011,204,367,Sham19Y0120146,107,91,247,106,81
1011,1272,1569,JK010766,425,999,1342,171,58
1011,1269,1569,JK000919,83,232,544,183,65
1012,1,521,Shia002185Vols,3575,345,810,359,84
1012,642,1550,Shamela0000671,67,363,1256,548,64
1012,1,446,Masaha001864Vols,817,873,1137,175,45
1012,7,511,ShamAY0033595,22,356,893,307,60
1012,1,505,Sham19Y0020762,1525,997,1509,200,35
1012,1,521,Shamela0006897,351,277,737,317,71
1012,132,439,Shia001122Vols,3387,409,749,98,24
1012,1,511,MMS00013,1156,288,721,235,48
1012,1,511,Kraken22021606120800,106,672,1225,309,60
1012,1,511,Shamela0001522,152,605,1090,287,58
1012,110,446,JK001040,68,1126,1328,146,54
1012,132,391,Shia001153,61,1126,1403,71,23
1012,1,240,JK010766,425,1342,1524,145,74
1012,240,511,JK010766,426,1,370,178,55
1012,1,511,JK000919,83,544,1096,326,63
1013,584,1412,ShamIbadiyya0000612,61,875,1446,252,32
1013,790,1526,Shamela0011077,6,1,703,377,51
1013,649,1565,Shia002185Vols,3577,1,934,671,84
1013,1,246,Shamela0000671,67,1268,1493,121,61
1013,584,908,Shamela0010646,749,1247,1584,258,94
1013,908,1565,Shamela0010646,750,1,687,499,86
1014,1292,1598,Sham19Y0000259,1153,782,982,131,55
1014,1278,1598,Shamela0011253,152,136,373,143,56
1014,1264,1612,Shia002185Vols,3578,335,662,221,73
1014,175,949,Shamela0000671,70,966,1645,380,55
1014,1050,1264,Shamela0000671,71,298,621,134,51
1014,1292,1598,Shamela0021525,132,23,234,140,59
1015,457,848,Sham19Y0000259,1153,1032,1280,179,56
1015,416,907,Shamela0011253,152,415,749,226,58
1015,1,859,Shia002185Vols,3578,662,1518,631,89
1015,859,1104,Shia002185Vols,3579,1,208,158,78
1015,416,907,Shamela0021525,132,275,610,231,59
1015,416,907,JK000927,2292,874,1209,232,59
1015,45,685,Shamela0005449,162,558,1019,350,66
1015,1148,1530,Shamela0010646,768,1,385,300,93
1016,102,705,JK000021,2999,218,590,224,45
1016,119,641,Shia001782Vols,876,1045,1369,190,44
1016,96,712,Shia002185Vols,3577,1000,1576,434,84
1016,686,1073,Shia002185Vols,3578,9,380,227,69
1016,102,698,ShamAY0032777,23,692,1069,216,44
1016,114,762,Shamela0005816,979,65,571,275,46
1016,119,610,Shia003461Vols,306,1117,1433,164,41
1016,114,762,Shamela0003722,5715,564,1073,265,44
1016,119,756,Shamela0003722,5716,1015,1535,265,45
1016,102,705,ShamAY0033598,67,573,974,226,42
1016,114,762,Shia001949,128,309,779,260,44
1016,196,588,Shamela0009855,7,958,1205,153,47
1016,114,762,Shamela0009855,8,782,1290,268,46
1016,102,641,JK000830,15,868,1300,188,36
1016,96,588,Shamela0021493,236,613,1008,119,21
1016,102,698,ShamAY0034809,530,852,1220,229,46
1016,102,503,Sham19Y0036072,86,464,722,131,38
1016,126,728,Shia002032,29,1,465,239,44
1016,119,503,Shamela0012286,2257,1137,1351,122,39
1016,114,762,Shamela0009107,400,589,1097,266,44
1016,114,762,Shamela0009107,631,491,992,269,45
1016,114,762,ShamAY0033926,128,461,937,259,43
1016,102,507,Shamela0008505,103,1260,1499,135,40
1016,114,641,Shia003732Vols,2780,1142,1520,191,42
1016,114,635,Shia001975,37,1204,1497,176,42
1016,119,728,Shamela0001733,3578,33,497,245,45
1016,102,507,Shamela0010646,218,569,807,135,41
1016,102,922,Shamela0010646,750,781,1611,657,96
1016,1037,1494,Shamela0010646,768,479,943,350,95
1016,114,641,Shamela0021765,616,1166,1467,182,43
1016,114,762,Shamela0021765,975,766,1240,263,44
1016,114,762,Sham19Y0037618,1581,65,523,245,40
1017,1032,1410,Shamela0009249,4,186,734,248,54
1017,621,976,Shamela0028174,250,1,331,250,83
1018,1,683,Shamela0000788,60,79,743,187,22
1018,748,1548,Shamela0000788,60,1045,1374,176,25
1018,75,306,Shia003965Vols,10649,1324,1515,115,56
1018,716,903,Shia003965Vols,10702,1291,1559,116,51
1018,47,935,Shamela0009249,6,328,1509,637,63
1018,940,1548,Shamela0009249,7,1,1275,394,37
1018,97,773,Shamela0028174,250,388,617,140,25
1019,100,502,Shamela0009249,8,348,853,284,66
1019,571,995,Shamela0009249,9,820,1526,309,53
1019,1038,1549,Shamela0009249,10,457,1286,369,54
1019,571,902,Shamela0000770,7,464,699,129,48
1020,293,770,Shamela0000788,61,1030,1427,172,37
1020,15,864,Shamela0009249,11,62,1495,559,45
1020,988,1224,Shamela0009249,13,682,1082,164,51
1020,1257,1602,Shamela0009249,14,80,462,214,59
1020,926,1224,Shamela0028174,250,730,944,164,68
1021,682,867,Shamela0000788,63,407,601,105,61
1021,669,878,Sham19Y0120141,49,589,831,131,66
1021,1,928,Shamela0009249,14,462,1479,559,58
1021,928,1563,Shamela0009249,15,42,906,480,68
1021,6,742,Shamela0028174,250,944,1113,135,22
1021,462,606,JK006919,1114,461,598,100,85
1022,9,632,Shamela0009249,15,913,1505,269,38
1022,290,1349,Shamela0009249,16,1,1545,593,41
1022,1443,1612,Shamela0009249,17,491,768,131,58
1023,1,414,Shamela0000788,64,1347,1472,61,16
1023,913,1310,Shamela0000788,65,137,513,236,62
1023,913,1141,Sham19Y0120141,48,768,1066,178,73
1023,1274,1425,Sham19Y0120141,103,1153,1327,118,84
1023,49,382,Shia003965Vols,9482,1,569,182,39
1023,1296,1620,Shia003965Vols,10996,810,1092,185,65
1023,1,478,Shamela0009249,17,768,962,111,25
1023,656,1623,Shamela0009249,18,7,1178,710,72
1023,913,1310,Shamela0028174,250,1378,1587,166,51
1023,43,382,Shamela0028174,250,1113,1378,196,70
1023,43,354,JK006957,3,374,690,170,57
1024,199,513,Shia003965Vols,4270,518,770,95,33
1024,1,320,Shia003965Vols,10996,1092,1475,223,71
1024,1,320,Shamela0009249,18,1178,1567,244,79
1024,324,659,Shamela0009249,19,151,820,267,49
1024,991,1513,Shamela0009249,20,1013,1371,231,52
1024,991,1285,JK006957,8,724,980,177,73
1025,318,572,Shamela0000788,61,7,161,102,48
1025,1096,1387,Sham19Y0120141,34,771,984,140,59
1025,772,896,Shia003965Vols,6381,737,886,96,81
1025,324,572,Shamela0009249,8,10,279,195,89
1025,715,990,Shamela0009249,9,1,282,205,91
1025,1020,1581,Shamela0009249,10,1,911,358,48
1025,1387,1581,Shamela0028174,251,145,269,96,60
1025,1096,1397,JK006957,15,466,969,153,37
1026,128,246,Sham19Y0120141,82,1356,1474,94,99
1026,100,246,Shia003965Vols,3086,705,886,105,73
1026,376,1425,Shamela0009249,12,1,1543,722,56
1027,1,162,Shamela0009249,13,1312,1513,129,78
1028,1024,1508,Shia003458,222,1,838,334,50
1028,26,188,Shamela0028174,251,384,569,111,76
1029,88,661,Shia003458,223,1,1239,370,37
1031,570,691,Shia003965Vols,8678,127,254,89,88
1032,1044,1378,Shamela0010614,318,189,503,203,70
1032,172,313,Shia003965Vols,8334,1122,1256,107,95
1032,172,720,Shia003458,224,79,905,381,57
1032,751,911,Shamela0010646,545,959,1131,119,85
1032,1036,1210,Shamela0010646,2271,535,726,129,84
1032,619,720,Shamela0000761,822,1116,1266,66,58
1033,557,773,Shamela0023789,1626,319,572,146,72
1033,162,371,Shamela0010614,155,612,833,168,94
1033,541,730,Shamela0010614,317,1302,1491,133,85
1033,557,936,Shamela0010614,321,1146,1470,142,38
1033,166,371,Shamela0023790,176,1024,1223,144,82
1033,553,695,Shamela0023790,316,292,457,101,76
1033,958,1147,Shamela0009096,195,1057,1240,139,86
1033,162,302,Shamela0010646,263,1380,1530,110,90
1033,668,958,Shamela0010646,1403,166,460,196,79
1033,575,954,Shamela0001349,232,33,599,191,43
1034,429,637,ShamAY0035000,140,440,611,106,62
1034,429,637,Shamela0023790,87,337,511,112,65
1034,440,637,JK000910,81,446,591,105,68
1034,429,652,Shamela0010646,264,193,414,171,93
1034,652,771,Shamela0010646,2271,1111,1233,94,96
1034,1019,1208,Shamela0010646,2291,1,178,135,90
1035,781,1428,Sham19Y0000259,56,803,1476,428,74
1035,871,1483,Shamela0012398,299,18,969,350,44
1035,781,1491,JK009306,78,662,1394,473,76
1035,796,1449,Shamela0010283,701,818,1475,475,86
1035,786,1491,JK001336,815,451,1161,453,74
1035,830,1375,JK010344,875,553,1331,295,46
1035,13,223,Shamela0010646,2079,200,410,143,82
1035,792,1080,Shamela0010646,2266,1311,1574,202,89
1035,1080,1491,Shamela0010646,2267,1,391,303,91
1035,340,471,Shamela0010646,2272,86,227,99,87
1035,594,730,JK009288,519,1210,1346,98,88
1035,786,1491,JK009288,925,83,768,509,88
1036,595,741,Shamela0010283,702,128,283,111,90
1036,274,595,JK001336,818,1000,1329,214,74
1036,270,602,Shamela0010646,2079,406,764,260,90
1036,927,1038,JK009288,545,979,1090,86,100
1037,1113,1432,Shamela0010512,14,963,1231,160,59
1037,875,1072,Shamela0010646,2272,1016,1219,132,84
1037,1113,1416,Masaha002979Vols,357,1098,1363,169,67
1038,252,902,Shamela0010646,2272,203,860,485,90
1038,264,784,JK010621,192,886,1555,236,38
1039,622,946,Shamela0023790,565,1,333,227,76
1039,596,1438,Shamela0010646,264,463,1173,501,73
1039,596,1083,Shamela0010646,2266,835,1311,379,95
1039,1160,1550,Shamela0010646,2269,1,338,251,80
1040,145,617,Shamela0011068,49,666,1139,318,77
1040,1335,1461,Shamela0010646,356,1344,1470,103,100
1040,141,617,Shamela0010646,1403,581,1074,361,87
1040,648,1323,Shamela0010646,2079,743,1232,290,45
1041,386,663,Shamela0010646,2079,1237,1517,207,91
1041,731,1498,Shamela0010646,2269,344,1200,533,71
1042,1,199,Shamela0010646,2269,1070,1269,142,90
1043,247,455,Shamela0010646,2267,464,670,155,95
1044,12,653,Shamela0023790,322,139,736,255,43
1044,521,1258,Shamela0005406,128,14,880,355,42
1044,882,1102,Shamela0010646,357,412,637,174,96
1044,1331,1457,Shamela0010646,2267,670,796,100,100
1045,1041,1165,Sham19Y0013237,80,804,916,66,61
1045,1041,1165,Sham19Y0017879,141,383,522,92,85
1045,1273,1532,Shamela0010646,357,28,345,111,36
1045,45,617,Shamela0010646,2267,801,1236,334,70
1045,887,1165,JK006919,114,519,1165,174,32
1045,1273,1434,JK006919,193,727,911,113,77
1046,969,1183,Sham19Y0000760,1075,1199,1430,151,77
1046,1183,1448,Sham19Y0000760,1076,58,324,174,76
1046,1188,1360,Sham19Y0036072,19,1352,1527,121,81
1046,1146,1448,Shamela0023790,645,443,760,206,80
1046,1188,1448,Shamela0007326,9,833,1094,185,82
1046,981,1188,Shamela0007326,10,424,633,140,79
1046,1255,1448,JK001336,325,1,182,128,76
1046,1188,1448,Shamela0010521,260,683,951,187,83
1046,1183,1448,Shamela0008505,118,134,402,194,85
1046,538,672,Shamela0010646,2299,1168,1299,94,89
1046,1188,1448,Shamela0001000,846,804,1083,184,79
1046,1238,1448,Masaha002979Vols,580,1,208,152,85
1046,1206,1448,Kraken21050704,167,1,241,148,67
1046,992,1192,JK000919,366,24,237,104,50
1047,71,278,Sham19Y0020762,2079,1111,1327,148,85
1047,75,278,Shamela0026484,255,48,241,142,89
1047,75,278,Shamela0008505,364,1141,1344,152,95
1047,75,278,Shamela0010646,479,557,761,155,97
1047,75,287,Shamela0010646,1106,320,530,147,88
1047,5,346,Masaha002979Vols,795,581,913,145,48
1048,807,1055,Shamela0010497,40,701,1463,141,23
1048,1161,1411,Shamela0010497,43,234,995,186,30
1049,199,496,Shamela0010497,45,584,1325,229,38
1049,713,959,Shamela0010497,46,925,1395,146,39
1049,954,1215,Shamela0010497,47,36,493,165,45
1050,153,247,Shamela0010497,49,1243,1386,58,53
1051,1021,1172,Shamela0010497,85,394,955,116,26
1052,55,536,Shamela0012929,687,598,766,108,28
1052,1,375,JK006919,1172,1147,1463,129,32
1052,1084,1455,JK006919,1173,796,960,64,22
1052,397,717,JK006919,1173,1,380,171,50
1053,570,872,Shamela0010646,1991,1168,1471,212,85
1053,1014,1318,JK006919,580,509,985,177,43
1054,59,195,Shamela0010283,709,161,298,108,97
1054,243,434,JK009288,315,342,518,132,84
1054,467,834,JK009288,366,1,383,289,93
1054,838,1200,JK009288,373,252,623,267,88
1054,424,834,Masaha002979Vols,887,71,448,255,70
1055,1,129,Shamela0010283,709,400,537,98,89
1055,489,631,Shamela0010283,783,1002,1146,114,97
1055,627,852,Shamela0010283,785,121,360,166,82
1055,1327,1513,Shamela0010646,1992,208,402,129,82
1056,684,1471,Shamela0010646,1992,466,1028,399,62
1057,1041,1485,Shamela0023789,1149,603,1046,212,49
1057,1028,1485,Shamela0023789,1754,668,1279,215,38
1057,1045,1485,Sham19Y0000760,320,625,989,188,53
1057,701,1024,JK010552,473,1006,1412,233,71
1057,265,612,JK003609,2489,355,698,185,57
1057,701,918,Sham19Y0023644,4922,1309,1523,148,82
1057,1041,1485,Shamela0005406,183,1103,1477,178,46
1057,701,988,Shamela0012406,2514,451,773,206,76
1057,261,612,Shia003636Vols,2946,610,923,194,67
1057,202,616,JK010724,115,641,1004,239,66
1057,261,612,Shamela0009788,558,376,689,194,67
1057,261,436,Shamela0001043,389,1338,1510,116,81
1057,250,523,Shamela0005390,140,1345,1601,196,87
1057,1045,1485,Shamela0010646,1977,870,1261,217,57
1057,1,701,Shamela0010646,1992,1028,1371,218,35
1057,254,612,JK000761,397,270,587,199,66
1057,729,951,JK001330,423,1086,1346,127,55
1058,959,1446,Shamela0005363,79,28,545,353,81
1058,10,369,JK010724,108,1253,1546,167,53
1058,884,1174,Shamela0010646,597,1245,1495,195,82
1058,1174,1451,Shamela0010646,598,1,271,213,96
1058,544,715,Shamela0010646,1976,588,751,120,84
1058,10,239,Shamela0010646,1977,1264,1497,128,64
1058,286,553,Shamela0010646,1978,1,284,122,47
1058,942,1451,JK009288,390,1,499,390,94
1058,41,544,ShamAY0034478,92,49,435,123,25
1059,1,1380,Rafed0002267,108,51,1482,1044,89
1060,1097,1317,Shia002185Vols,3809,1294,1513,163,89
1060,1317,1493,Shia002185Vols,3810,1,176,136,96
1060,483,724,Shamela0010646,599,1378,1618,182,90
1060,724,1097,Shamela0010646,600,1,370,278,93
1060,483,1073,JK009288,520,447,1060,423,82
1060,1129,1498,JK009288,991,1,382,283,92
1060,1,483,Rafed0002267,109,182,654,360,93
1061,6,303,Shia002185Vols,3810,176,491,224,86
1061,1107,1383,Shia003636Vols,9410,549,774,161,73
1061,1107,1527,Shamela0008505,301,1020,1485,307,78
1061,1107,1393,JK001460,623,514,828,224,88
1061,1096,1389,Shamela0010646,581,1164,1459,223,92
1061,1096,1383,Shamela0010646,1673,463,777,220,86
1061,1,303,JK009288,991,382,680,226,92
1062,632,878,Shamela0006909,76,460,735,173,78
1062,546,902,Shia002185Vols,1337,233,651,273,79
1062,45,179,Shamela0035073,126,1156,1295,103,90
1062,179,405,Shamela0008505,305,732,958,177,100
1062,399,1330,Shamela0008505,306,127,1409,601,56
1062,45,179,JK001460,623,851,990,103,90
1062,1,1022,Shamela0010646,581,212,1020,544,65
1062,1010,1330,Shamela0010646,598,258,577,232,88
1062,1,179,Shamela0010646,1673,88,463,111,35
1062,503,902,Shamela0010646,1673,798,1241,278,74
1062,196,377,Shamela0010646,1674,74,224,116,81
1062,1007,1289,Shamela0001000,348,1251,1517,160,69
1063,315,525,Shamela0023789,838,504,689,118,71
1063,315,525,Shamela0010614,523,958,1156,121,74
1063,1118,1349,Shamela0010664,889,241,489,172,88
1063,1126,1349,Shamela0022892,62,84,312,162,86
1063,592,998,ShamAY0036737,168,169,556,244,71
1063,589,970,Masaha003390Vols,818,856,1254,246,70
1063,589,1111,Shamela0008505,307,728,1286,362,76
1063,361,646,Shamela0008505,307,1,404,197,62
1063,1118,1357,Shamela0008505,405,202,445,180,94
1063,589,998,Shamela0010646,578,171,592,281,77
1063,1195,1353,Shamela0010646,582,1,168,120,91
1063,311,525,Shamela0010646,1614,123,347,159,89
1063,1118,1283,Shamela0010646,1673,1381,1541,126,96
1063,311,520,Shamela0001000,349,76,301,147,83
1063,1126,1349,Masaha002979Vols,677,1211,1427,155,85
1063,592,998,Masaha002979Vols,833,588,885,215,64
1063,589,938,Sham19Y0073348,2144,787,1156,242,80
1064,6,264,Shamela0010646,598,688,942,198,96
1064,1032,1522,Rafed0002267,109,659,1119,342,84
1065,439,639,Shamela0010614,364,489,694,154,95
1065,631,908,Shamela0010614,396,309,592,210,93
1065,423,583,Shamela0010548,248,338,521,114,79
1065,652,902,JK000927,5091,490,723,174,82
1065,652,902,Shamela0023785,50,18,243,174,85
1065,439,635,Shamela0009096,198,230,429,153,96
1065,428,631,Shamela0010646,582,234,439,156,95
1065,1,310,Rafed0002267,109,1119,1418,230,93
1066,37,203,Shamela0010646,1991,1044,1205,123,94
1066,783,1121,Shamela0010646,2284,217,537,223,80
1066,375,754,Shamela0010646,2300,1,361,244,75
1067,844,1211,Shamela0010646,2289,9,387,269,87
1068,283,576,Shamela0010646,2284,537,828,216,91
1068,1,216,Shamela0010646,2300,579,794,161,93
1069,590,777,Shamela0010646,2297,987,1169,129,84
1070,370,521,Shamela0010646,2284,920,1060,112,92
1070,994,1318,Shamela0010646,2297,1160,1465,210,78
1070,665,944,JK006919,960,1420,1619,110,49
1071,891,1177,Shamela0010646,636,847,1168,213,82
1071,684,895,Shamela0010646,2299,1,199,138,79
1071,512,887,JK006919,827,5,470,171,39
1072,1243,1435,Shamela0010646,809,605,808,150,91
1072,1,207,Shamela0010646,2298,1343,1473,99,60
1072,384,521,Shamela0010646,2299,195,333,109,99
1073,223,453,Shamela0010646,547,8,230,166,89
1073,726,1251,Shamela0010646,2299,441,717,204,48
1075,725,908,Shamela0006952,33,780,1020,110,56
1075,204,391,Shamela0010646,853,522,711,145,92
1075,62,204,Shamela0010646,2299,717,850,103,88
1075,204,383,JK009288,378,653,819,130,89
1076,502,804,JK000927,4070,1151,1468,229,86
1076,506,823,Shamela0010283,716,312,587,195,71
1076,506,804,Kraken22021606121201,1496,1128,1465,205,71
1076,224,425,Shamela0010646,1622,913,1130,150,85
1076,502,804,Shamela0010646,2299,850,1168,237,91
1076,506,798,Shamela19Y0145334,751,623,910,203,82
1076,506,804,Sham19Y0073348,1815,854,1154,191,75
1077,1530,1674,Shamela0000558,21,191,344,111,92
1077,1512,1680,Shamela0010614,153,598,776,117,84
1077,1535,1685,JK000035,10,312,478,109,84
1077,1530,1674,Shamela0010670BK1,16,355,511,110,90
1077,1535,1674,Shamela0000765,75,1049,1188,107,98
1077,1530,1674,Shamela0010428BK1,73,569,724,110,89
1077,1523,1692,Shamela0010646,31,1058,1237,128,91
1077,1523,1674,Shamela0009100,43,1380,1550,110,80
1078,152,407,Shia002185Vols,4294,334,502,98,50
1078,188,361,Shamela0010614,451,1030,1220,133,90
1078,205,319,Shamela0023790,212,1331,1436,68,67
1078,1127,1436,Shia001432Vols,6401,80,387,171,54
1078,244,361,Shamela0000765,88,1,114,81,87
1078,899,1030,JK009288,658,1015,1145,102,97
1078,489,626,JK009288,727,221,380,92,73
1078,152,407,Shamela0009100,39,508,634,47,19
1079,991,1211,JK000975,235,261,454,140,73
1079,965,1211,JK006922,124,877,1183,187,72
1079,203,330,Shamela0023790,366,284,411,100,95
1079,1,134,Shamela0023790,521,434,530,73,69
1079,1376,1533,Shia001417,66,69,468,63,17
1079,1002,1211,Shamela0007012,165,289,494,166,96
1079,1218,1467,Shamela0007012,470,352,736,180,58
1079,965,1211,ShamAY0034447,1132,107,409,191,74
1079,1,156,Shamela0009100,41,1249,1364,80,65
1079,722,873,Shamela0009100,41,1345,1475,104,86
1079,965,1211,JK000761,77,1026,1317,171,69
1080,1409,1583,Shamela0023789,549,1000,1183,134,85
1080,1162,1404,Shamela0023789,550,975,1204,154,74
1080,228,529,Zaydiyya0000352,206,321,652,212,75
1080,302,536,JK009390,805,26,276,189,92
1080,1427,1583,Shia002185Vols,4294,774,930,128,99
1080,228,529,Shamela0026510,29,68,359,193,75
1080,332,540,ShamAY0033760,421,9,247,168,85
1080,228,410,Shamela0010614,222,1234,1432,133,82
1080,760,865,Shamela0010614,422,198,304,83,99
1080,1328,1583,Shamela0010614,428,1,526,195,45
1080,224,544,Shamela0010488,152,210,554,236,80
1080,1174,1409,JK000916,18833,139,381,159,77
1080,228,490,JK000916,21690,1195,1468,171,73
1080,228,540,JK000916,21692,77,381,199,75
1080,228,529,Shia001949,280,701,997,196,76
1080,238,529,Shamela0021660,2196,1012,1261,194,81
1080,228,540,Shamela0026884,197,632,966,219,78
1080,228,529,Shamela0026884,640,509,832,209,76
1080,1181,1409,Shamela0023790,503,589,804,148,74
1080,242,536,ShamAY0033945,2391,50,313,194,77
1080,257,536,Sham19Y0127677,715,748,1027,200,83
1080,257,529,Shamela0001438,1482,600,1116,141,29
1080,257,529,Shamela0001438,1515,292,564,194,82
1080,1181,1404,Shia004021,253,880,1097,153,81
1080,1193,1409,JK007063,458,48,287,157,78
1080,1193,1404,JK000042,4,1186,1407,160,85
1080,1181,1404,Shia001432Vols,23552,210,975,144,23
1080,228,529,Shia001432Vols,26060,1101,1410,231,91
1080,1193,1404,Shia001432Vols,26097,1036,1243,148,83
1080,340,536,ShamAY0033551,22,12,211,134,73
1080,1162,1404,Shia20200618,244,1191,1388,128,66
1080,1169,1404,Shia001107Vols,479,360,552,125,66
1080,1193,1409,MMS00013,2923,575,796,156,84
1080,228,536,Shamela0008233,16,140,508,222,73
1080,1094,1409,Shamela0003118,5432,700,1046,182,63
1080,228,544,Shamela0003118,6234,382,709,212,76
1080,257,529,Shamela0003118,7294,214,495,201,84
1080,1181,1404,Shamela0010273,1193,1147,1378,164,85
1080,228,536,ShamAY0033584,14,529,821,187,71
1080,257,529,Shamela0011428,1097,730,1013,200,82
1080,1241,1409,Shamela0008494,62,15,185,123,84
1080,228,540,Shamela0026542,54,135,475,225,80
1080,228,529,ShamAY0032834,13,170,512,213,74
1080,228,486,Shamela0009107,668,1163,1466,174,68
1080,228,529,ShamAY0033926,281,72,383,212,81
1080,1169,1409,Shamela0000765,96,545,798,190,93
1080,228,529,Shamela0000765,110,1034,1353,218,81
1080,1193,1404,Shia001615Vols,3655,341,548,148,83
1080,238,529,Shamela0013041,957,508,786,199,78
1080,228,529,JK006801,733,1027,1368,222,77
1080,1217,1409,Shamela0009384,3,1,216,142,78
1080,228,529,Shia001153,23,72,370,222,88
1080,257,536,ShamAY0033606,67,418,681,193,82
1080,1193,1409,Sham19Y0017530,20,523,758,153,78
1080,277,529,Shamela0010646,22,14,265,185,80
1080,1181,1530,Shamela0010646,30,782,1242,216,57
1080,307,536,Shamela0009100,45,1349,1537,154,82
1080,228,529,Shamela0021765,2575,94,407,198,74
1080,1181,1404,Shamela0030518,79,501,724,160,85
1080,1181,1404,Tafsir03037,1042,1180,1412,162,83
1080,1162,1404,Rafed0001617Vols,257,737,934,128,66
1080,344,529,Zaydiyya0000229,174,1,199,152,92
1080,1193,1409,Sham19Y0020882,134,723,966,154,76
1080,1193,1409,JK000022,7,1218,1457,154,77
1080,228,529,JK000022,1014,707,1053,208,70
1080,228,536,JK009154,118,532,887,214,72
1080,1193,1404,JK009237,6062,567,779,154,86
1080,224,402,JK000968,78,1074,1263,124,78
1080,1273,1409,Kraken22021817402400,181,1344,1471,93,85
1080,228,529,Sham19Y0037618,4420,14,355,222,77
1081,21,347,Shamela0023789,549,1190,1491,222,82
1081,21,478,Shia002185Vols,4294,937,1445,295,63
1081,16,483,Shamela0010614,428,529,969,344,91
1081,743,1158,Shamela0010646,31,1319,1505,142,43
1082,1195,1321,Shamela0023789,557,1306,1438,94,88
1082,1201,1321,Shia002185Vols,4295,230,362,96,90
1082,1375,1494,Sham19Y0036072,123,1,120,95,100
1082,1195,1346,Shamela0008505,86,178,348,117,85
1082,1367,1494,Shamela0008505,204,496,622,98,97
1083,100,383,Shamela0009681,15,1020,1307,185,77
1083,45,1039,Shia002185Vols,4295,362,837,363,44
1083,1265,1430,Shamela0010283,592,963,1133,127,93
1083,111,383,Shamela0010496,31,118,410,203,88
1083,1270,1430,Shamela0010646,678,186,346,128,100
1084,1211,1401,Sham19Y0000259,440,718,908,150,97
1084,1211,1401,Shamela0023789,47,1262,1453,151,97
1084,1,162,Shia002185Vols,1923,268,440,111,74
1084,1194,1406,Shia002185Vols,3759,763,986,169,93
1084,1,162,Shia002185Vols,3807,1056,1214,119,94
1084,1198,1401,Shamela0023790,51,117,311,156,94
1084,1211,1406,Shamela0010283,1256,440,633,150,93
1084,1198,1406,Noorlib0006300,9,578,772,148,85
1084,1198,1406,Shamela0010646,165,685,884,150,84
1084,772,948,JK009288,277,343,524,134,91
1084,1211,1401,Shamela0009429,75,966,1147,141,91
1085,814,989,Shia002185Vols,3807,1209,1412,124,77
1085,1,144,Shamela0010646,688,202,345,115,97
1085,646,819,JK009288,819,328,639,124,50
1085,823,1072,JK009288,822,510,961,142,37
1085,1138,1425,JK009288,852,1074,1365,196,85
1086,1204,1505,Shamela0010646,152,56,348,222,89
1086,195,371,JK009288,29,1339,1516,140,97
1086,444,706,JK009288,32,1014,1245,177,85
1086,706,936,JK009288,37,558,800,176,88
1086,940,1110,JK009288,38,856,1180,134,51
1086,1204,1476,JK009288,51,894,1163,195,90
1087,157,505,Shia002185Vols,4298,1282,1519,171,62
1087,505,694,Shia002185Vols,4299,1,137,83,53
1087,881,1053,Shamela0023790,701,250,422,144,100
1087,871,1053,Shamela0010283,1683,528,711,152,99
1087,881,1049,Sham19Y0018285,382,107,276,137,97
1087,871,1053,Shamela0010646,152,328,510,150,98
1087,867,1049,JK009288,173,663,847,144,94
1087,1,161,JK009288,336,531,690,126,96
1087,157,540,JK009288,343,1020,1505,291,73
1087,675,796,JK009288,382,384,635,91,46
1087,867,1049,JK009288,393,1245,1430,149,96
1088,673,871,Shamela0005433,11,652,785,90,54
1088,673,871,Shamela0035888,156,630,761,89,54
1089,763,890,Shamela0023790,60,639,806,91,70
1089,630,1181,JK009365,368,767,1009,112,24
1090,1256,1404,Shia002185Vols,4299,896,1021,99,84
1090,582,757,Shamela0010646,1603,285,463,136,94
1091,406,1323,Shia002185Vols,4299,1070,1289,158,21
1091,540,688,Shamela0010646,1795,464,616,115,94
1091,1110,1216,Shamela0010646,2284,100,205,80,96
1092,932,1035,Sham19Y0000259,273,1,105,74,90
1092,1292,1592,Shia002185Vols,3529,1161,1470,216,82
1092,270,546,Shia002185Vols,4299,1314,1461,117,52
1092,1292,1592,Shia003986,240,98,405,209,80
1092,926,1031,Shamela0005683,66,666,779,79,89
1092,1292,1592,Sham19Y0021505,51,518,752,166,66
1092,926,1031,Shamela0023741,18,806,919,78,88
1093,145,1664,Shia002185Vols,3530,1,1561,1146,87
1093,1,1232,Shia003986,240,405,1678,935,86
1093,1232,1664,Shia003986,241,1,456,331,90
1093,8,1108,Sham19Y0021505,51,760,1631,655,71
1094,319,1544,Zaydiyya0000037Vols,60,521,1315,582,59
1094,58,1544,Shia002185Vols,3531,1,1537,1152,92
1094,1130,1544,Zaydiyya0000094,690,751,977,139,39
1094,1,1054,Shia003986,241,456,1545,811,92
1094,1054,1544,Shia003986,242,1,509,379,90
1094,620,1544,Sham19Y0021505,52,135,980,625,81
1095,1071,1198,Shamela0000558,443,427,570,94,86
1095,9,510,Shia002185Vols,3532,1,523,377,88
1095,1,510,Shia003986,242,509,1038,380,87
1095,587,821,JK001269,31,277,513,144,73
1095,1,510,Sham19Y0021505,52,980,1227,164,38
1096,823,1006,Shia002185Vols,4137,1168,1363,142,90
1096,831,1000,Shia002185Vols,4300,927,1096,134,98
1096,1353,1484,Sham19Y0020762,649,1384,1536,88,73
1096,823,1000,Shamela0010512,67,963,1144,140,96
1096,823,1006,Shamela0022892,53,698,887,141,91
1096,831,1006,Shia003636Vols,4267,577,756,114,76
1096,629,750,Shamela0010646,307,598,720,99,99
1096,1353,1531,Masaha002979Vols,154,922,1059,91,63
1096,823,1006,Masaha002979Vols,669,203,391,144,95
1097,1,202,Zaydiyya0000037Vols,56,419,595,119,73
1097,1,231,Sham19Y0020762,650,48,276,166,91
1097,886,1055,Sham19Y0023644,774,77,250,112,76
1097,882,1055,Shamela0023790,38,1216,1391,133,88
1097,886,1009,Shamela0010283,1209,1434,1572,87,75
1097,886,1055,Shamela0001585,198,876,1035,129,92
1097,886,1055,JK001269,52,1287,1463,127,82
1097,886,1055,Shamela0010646,157,117,291,129,85
1097,329,447,Shamela0010646,449,390,502,87,93
1097,882,1059,JK009288,356,1364,1539,141,98
1097,1045,1180,JK009288,372,1281,1434,104,84
1097,1230,1378,JK009288,381,599,745,118,98
1097,1,243,JK009288,722,937,1167,155,79
1097,329,442,JK009288,755,78,190,89,99
1097,886,1055,Zaydiyya0000035,220,258,409,117,84
1097,886,1055,JK006919,140,1053,1201,115,81
1098,74,304,ShamIbadiyya0000109,7836,1262,1460,144,75
1098,148,317,Rafed0002197,137,861,1028,128,92
1098,61,448,Shia002185Vols,3804,496,873,249,75
1098,811,995,JK001269,91,1091,1299,134,80
1098,74,304,JK001336,540,550,759,152,79
1098,70,321,Shamela0010646,986,99,346,194,98
1098,70,321,JK009288,404,76,461,160,48
1098,811,995,Shamela0010262,251,279,489,131,77
1099,1188,1433,Shamela0010768,328,654,919,153,68
1099,1188,1433,Zaydiyya0000037Vols,52,1196,1474,177,74
1099,1183,1428,Shamela0023790,36,871,1069,123,56
1099,1183,1428,JK007082,390,457,656,124,57
1099,1188,1433,JK010344,191,292,582,182,75
1099,758,884,JK009288,54,660,784,93,92
1099,618,1009,JK000919,376,606,958,205,59
1100,102,255,Shamela0023789,331,1264,1419,97,77
1100,242,511,Sham19Y0000760,420,703,985,200,87
1100,511,625,Sham19Y0000760,964,1451,1564,88,97
1100,511,648,Shia002185Vols,3803,1398,1533,104,96
1100,545,801,Sham19Y0011326,97,532,769,124,54
1100,644,795,Sham19Y0036072,200,1203,1359,88,59
1100,639,801,Shamela0005433,22,26,177,92,59
1100,545,801,Shamela0035888,158,584,815,120,50
1100,639,801,JK001336,106,1254,1395,86,58
1100,242,882,Shamela0008505,38,217,1306,467,52
1100,958,1142,Shamela0008505,286,633,821,135,90
1100,1137,1310,Shamela0008505,346,1080,1257,139,92
1100,644,801,Shamela0010646,263,1201,1355,98,67
1100,247,421,Shamela0010646,275,1302,1474,132,95
1100,421,644,Shamela0010646,276,1,223,171,96
1100,1340,1497,Shamela0010646,688,341,503,130,96
1100,655,801,Masaha002979Vols,244,337,469,80,57
1100,958,1137,Sham19Y0120146,25,593,775,133,91
1101,910,1126,Shamela0010768,391,727,952,170,87
1101,906,1126,JK001269,38,627,833,155,85
1101,955,1126,Shamela0010496,54,1,170,133,90
1101,659,841,Shamela0010646,2295,911,1067,115,78
1101,659,836,JK009365,550,960,1134,103,71
1101,663,841,JK006919,835,250,415,111,76
1102,542,1081,Shamela0023789,21,351,717,258,58
1102,113,243,Shamela0000558,418,765,893,96,91
1102,109,247,Shamela0095735,68,231,369,108,97
1102,127,243,ShamAY0038174,80,1,117,93,99
1102,542,1081,Shamela0023790,245,680,1246,409,89
1102,101,247,Shamela0023790,631,611,778,117,86
1102,531,1091,Shamela0010283,1210,37,410,258,59
1102,1252,1543,Shamela0010283,1210,980,1253,198,83
1102,1265,1543,Noorlib0006300,5,930,1235,210,85
1102,109,243,JK007082,226,125,258,106,98
1102,538,1081,JK007082,428,954,1403,319,71
1102,542,811,Shamela0000765,208,1167,1351,138,63
1102,109,243,ShamAY0034147,12,569,702,106,98
1102,1252,1543,Shamela0010646,156,408,682,196,81
1102,538,811,Shamela0009429,178,943,1212,194,86
1102,109,243,Shamela0008216,80,559,693,107,99
1103,536,1581,Shia002185Vols,3543,1,1067,799,91
1103,1,236,Shamela0010283,1210,1253,1484,165,85
1103,1,314,Noorlib0006300,5,1235,1539,225,89
1103,314,1537,Noorlib0006300,6,1,1614,918,68
1103,1,453,Shamela0010646,156,682,1115,310,83
1104,1152,1573,Sham19Y0000259,440,432,908,279,67
1104,1152,1573,Shamela0023789,47,894,1453,293,61
1104,697,905,Shia002185Vols,3549,121,343,148,81
1104,1382,1578,Shia002185Vols,3759,767,986,150,82
1104,685,905,Shamela0009783BK1,2707,1110,1328,171,96
1104,680,905,JK010646,78,241,483,172,85
1104,1152,1336,Shamela0023790,50,1250,1508,127,58
1104,1340,1573,Shamela0023790,51,77,311,176,90
1104,697,905,Shamela0023790,64,909,1124,143,80
1104,1152,1578,Shamela0010283,1256,71,633,297,61
1104,546,680,Noorlib0006300,7,1076,1207,105,96
1104,1146,1578,Noorlib0006300,9,322,772,334,91
1104,1152,1307,Shamela0001585,126,1265,1401,98,79
1104,680,905,Shamela0010646,138,323,524,149,83
1104,1152,1578,Shamela0010646,165,323,884,293,60
1104,1152,1573,Shamela0009429,75,603,1147,277,58
1104,680,905,Shamela0026349,7,1070,1312,172,85
1104,685,905,Sham19Y0145435,632,446,664,171,96
1105,130,670,Shia002185Vols,3580,706,1267,364,74
1105,5,601,Shamela0012406,288,942,1425,355,72
1105,41,344,MMS00013,2279,1290,1580,228,93
1105,344,1589,MMS00013,2280,1,1167,875,86
1105,1,1048,Shamela0012396,77,599,1598,765,88
1105,1048,1589,Shamela0012396,78,1,539,424,95
1106,829,1294,Shia002185Vols,3579,249,702,349,90
1106,102,738,Shia002185Vols,3580,1267,1611,253,46
1106,813,971,Shamela0012406,288,1425,1583,122,91
1106,878,1069,JK001269,43,1159,1317,100,69
1106,1,478,MMS00013,2280,1167,1644,373,94
1106,478,1629,MMS00013,2281,1,1099,840,89
1106,1091,1428,Shamela0010496,47,1037,1280,149,54
1106,1,1073,Shamela0012396,78,539,1617,859,97
1106,1073,1629,Shamela0012396,79,1,555,441,95
1106,878,1069,JK001238,13,1307,1466,103,70
1107,851,1633,Sham19Y0020986,188,136,731,402,61
1107,707,1665,Shia002185Vols,3579,772,1501,488,59
1107,1,757,Shia002185Vols,3580,80,750,442,71
1107,1,511,MMS00013,2281,1099,1592,377,91
1107,516,1665,MMS00013,2282,1,1098,861,91
1107,1,1101,Shamela0012396,79,555,1639,866,96
1107,1101,1665,Shamela0012396,80,1,572,452,95
1108,1,568,MMS00013,2282,1098,1659,440,93
1108,568,1631,MMS00013,2283,1,950,709,81
1108,1,1109,Shamela0012396,80,572,1695,868,92
1108,1109,1631,Shamela0012396,81,1,501,396,92
1109,134,1047,Shia002185Vols,3581,324,1075,505,63
1109,1,650,MMS00013,2283,950,1594,500,93
1109,650,1637,MMS00013,2284,1,962,754,93
1109,1,1102,Shamela0012396,81,501,1596,858,94
1109,1113,1637,Shamela0012396,82,8,541,418,94
1110,166,415,Shia002185Vols,3581,1232,1609,150,50
1110,158,328,JK001269,77,610,795,102,71
1110,1,643,MMS00013,2284,962,1593,473,91
1110,643,1499,MMS00013,2285,1,853,663,96
1110,1,1052,Shamela0012396,82,541,1576,804,94
1110,1052,1499,Shamela0012396,83,1,450,348,98
1111,1000,1473,Shia002185Vols,3582,455,973,295,67
1111,1,643,MMS00013,2285,853,1484,476,91
1111,689,1479,MMS00013,2286,1,770,586,92
1111,1,1005,Shamela0012396,83,450,1461,779,95
1111,1005,1479,Shamela0012396,84,1,463,359,93
1112,11,496,Shia002185Vols,3582,980,1510,219,44
1112,534,1532,Shia002185Vols,3583,6,567,342,38
1112,1251,1532,Kraken211130003107,215,282,534,170,70
1112,331,556,Shamela0012406,289,220,413,106,48
1112,388,776,ShamAY0000443,1990,94,494,114,27
1112,1130,1532,Shamela0001585,113,1,311,226,69
1112,1,708,MMS00013,2286,770,1494,504,83
1112,708,1532,MMS00013,2287,1,815,646,96
1112,1,998,Shamela0012396,84,463,1517,759,86
1112,998,1532,Shamela0012396,85,1,534,429,99
1112,882,1104,Shamela0010646,155,631,837,164,90
1113,1,531,Shia002185Vols,3583,567,854,200,45
1113,1,702,Kraken211130003107,215,534,1015,257,42
1113,1,262,Shamela0012406,289,543,749,166,78
1113,1,804,MMS00013,2287,815,1596,590,88
1113,804,1596,MMS00013,2288,1,775,614,96
1113,1,1054,Shamela0012396,85,534,1593,839,96
1113,1054,1596,Shamela0012396,86,1,532,417,95
1114,1,789,MMS00013,2288,775,1541,593,93
1114,789,1575,MMS00013,2289,1,724,548,85
1114,1,1024,Shamela0012396,86,532,1548,804,97
1114,1024,1575,Shamela0012396,87,1,501,388,86
1115,1254,1416,Shia002185Vols,3583,1401,1550,114,87
1115,77,647,Shia002185Vols,3583,875,1422,396,84
1115,1,907,MMS00013,2289,724,1622,658,83
1115,907,1591,MMS00013,2290,1,669,513,91
1115,1,1139,Shamela0012396,87,501,1620,885,94
1115,1139,1591,Shamela0012396,88,1,449,344,92
1116,92,512,Shia002185Vols,3584,1,382,297,88
1116,1073,1535,Kraken211130003107,217,128,841,268,43
1116,1024,1146,Shamela0012406,289,792,916,100,98
1116,1,867,MMS00013,2290,669,1494,620,88
1116,859,1535,MMS00013,2291,94,646,430,78
1116,1,1158,Shamela0012396,88,449,1415,746,79
1116,972,1535,Shamela0012396,89,1,441,350,76
1117,1185,1521,Shia002185Vols,312,27,370,217,74
1117,1019,1423,Shamela0010614,420,447,989,292,68
1117,1,990,MMS00013,2291,646,1544,693,85
1117,1,984,Shamela0012396,89,441,1398,738,89
1117,158,380,Shamela0023718,69,386,603,139,73
1117,1289,1483,Shamela0010646,112,557,956,137,43
1118,1261,1371,Shamela0023789,568,1278,1387,80,91
1118,104,243,ShamAY0034570,29,619,758,108,97
1118,372,534,Shamela0000558,391,1264,1439,105,75
1118,88,1392,Shia002185Vols,312,339,1439,699,61
1118,10,171,Shamela0010614,429,1279,1460,127,86
1118,243,388,Shamela0010614,431,683,835,108,85
1118,388,701,Shamela0010614,434,717,1149,240,69
1118,88,251,ShamAY0038174,88,125,302,121,86
1118,243,388,Shamela0023790,277,1119,1262,101,80
1118,388,549,Shamela0023790,483,1040,1205,116,88
1118,493,645,Shamela0009773,3415,1,387,88,29
1118,400,645,Sham19Y0016759,53,1,238,168,85
1118,1261,1413,Masaha003390Vols,134,879,1085,86,55
1118,1240,1392,Kraken210528100217,512,1,162,102,81
1118,1240,1392,JK010344,869,58,214,96,76
1118,182,388,Shamela0010646,104,1,469,154,41
1118,1236,1445,Shamela0010646,127,242,483,158,82
1118,388,629,Shamela0010646,1240,654,891,181,92
1118,1131,1240,JK009288,268,1000,1109,88,100
1118,388,629,JK009288,452,1199,1438,180,92
1118,243,388,JK009288,517,77,228,105,83
1118,392,625,Masaha002979Vols,480,73,315,177,89
1118,490,649,Shamela0000492,54,887,1112,88,52
1118,88,251,Shamela0008216,88,789,966,121,86
1118,388,656,Shamela0010262,231,768,1050,184,79
1119,1255,1385,Shamela0010768,117,1139,1250,81,78
1119,1255,1424,Shia002185Vols,311,675,896,122,71
1119,21,1462,Shia002185Vols,313,82,1156,661,53
1119,1255,1385,JK007054,1105,1067,1182,76,72
1119,1246,1385,Shamela0000765,90,636,762,83,72
1119,1242,1385,Kraken220413202218,321,380,537,86,62
1119,1,284,Shamela0010646,127,483,627,114,50
1119,1255,1385,Shamela0098087,75,131,246,76,72
1119,1206,1385,JK006919,892,1250,1525,130,59
1120,1025,1143,JK000021,462,1,122,92,95
1120,937,1143,ShamAY0035866,118,306,535,135,70
1120,1,264,Shia002185Vols,313,1156,1449,195,83
1120,937,1151,Shia002185Vols,314,1,221,165,95
1120,937,1143,Shamela0010482,18,595,829,152,82
1120,547,697,Shamela0095735,86,986,1124,85,69
1120,1280,1432,JK000130,636,1150,1302,105,78
1120,947,1147,Shamela0001347,57,1224,1461,133,71
1120,1296,1432,Shamela0012865,82,387,518,97,90
1120,937,1143,ShamAY0034809,98,357,589,156,85
1120,947,1100,Sham19Y0023644,5186,1281,1449,116,86
1120,980,1120,Kraken220413030759,1417,955,1109,103,82
1120,709,937,Shamela0023790,275,184,413,178,91
1120,937,1143,JK007082,608,235,500,141,68
1120,1296,1432,Shamela0000767,1691,876,1022,100,83
1120,941,1143,Tafsir02091,442,704,934,150,82
1120,941,1042,Shamela0035888,159,1439,1552,73,82
1120,947,1147,Shamela0035100,3747,1162,1367,128,74
1120,1296,1432,Shamela0027085,10,817,953,95,86
1120,947,1143,JK001336,254,88,331,138,71
1120,709,937,Shamela0000765,173,33,277,179,86
1120,952,1143,Shamela0010646,105,571,803,125,66
1120,427,538,Shamela0010646,127,819,930,87,100
1120,705,937,Shamela0010646,1793,1056,1294,180,88
1120,937,1151,JK009288,283,501,725,162,92
1120,538,713,JK009288,425,902,1078,134,96
1120,690,937,JK009288,443,971,1212,166,76
1120,1342,1506,JK009288,999,1,178,128,92
1120,1239,1463,Masaha002979Vols,973,307,495,139,75
1120,937,1143,Shamela0010906,4059,775,994,130,70
1120,1280,1432,ShamAY0033910,635,908,1060,105,78
1120,893,1143,Kraken210630005153,3637,542,806,142,64
1120,937,1143,Shamela0023578,709,864,1092,149,81
1120,927,1143,ShamAY0032109,39,101,330,132,69
1120,1,111,JK006919,190,881,997,89,94
1120,427,547,JK006919,1000,1083,1219,85,80
1120,1,111,ShamAY0034556,23,1114,1230,89,94
1120,952,1143,ShamAY0034857,422,828,1056,128,69
1120,970,1143,eScr20120309,189,965,1156,114,75
1120,952,1143,Shamela0012031,901,52,280,128,69
1121,483,605,Shia002185Vols,311,816,939,96,99
1121,605,1353,Shamela0010646,127,930,1204,189,30
1121,6,205,JK009288,999,184,381,152,96
1122,684,932,Shamela0010768,337,163,429,165,75
1122,693,922,JK009187,8,420,675,162,76
1122,76,1441,Shia002185Vols,314,385,1472,762,68
1122,668,940,Shia002185Vols,3805,135,425,178,72
1122,684,940,Shamela0023790,214,560,831,182,79
1122,1235,1368,Shamela0010646,994,304,439,100,94
1122,664,944,Shamela0010646,1793,380,661,218,95
1122,1239,1364,JK009288,326,1209,1336,99,98
1122,87,327,JK009288,865,1138,1360,152,82
1122,490,664,JK009288,895,297,468,130,91
1122,1235,1368,Masaha002979Vols,898,486,618,101,96
1123,1,571,Shia002185Vols,315,6,206,129,28
1123,178,1293,Shamela0010646,128,5,417,272,31
1124,325,739,JK000021,2041,959,1384,238,58
1124,832,1287,Shia002185Vols,315,774,1223,315,85
1124,10,325,Shia002185Vols,315,473,778,221,86
1124,1034,1275,Shia002185Vols,4288,1253,1448,132,68
1124,973,1243,Shamela0010614,262,1235,1513,207,94
1124,1279,1440,Shamela0010614,303,1,360,112,38
1124,10,321,JK000916,6435,660,994,176,61
1124,321,589,JK000916,23034,1231,1476,190,86
1124,10,325,Shamela0021554,118,497,839,179,61
1124,325,739,ShamAY0034809,337,135,560,246,62
1124,47,325,Sham19Y0036072,183,596,856,170,71
1124,330,743,Kraken220413030759,581,666,1079,237,60
1124,10,325,Shamela0001585,24,989,1331,178,61
1124,325,713,Sham19Y0014592,11,174,586,241,65
1124,1,325,Shamela0010496,254,945,1292,198,68
1124,1163,1279,Kraken22021606120800,462,1188,1327,82,73
1124,18,321,Shamela0003118,2219,382,711,172,61
1124,321,743,Shamela0003118,6609,953,1494,294,62
1124,10,325,ShamIbadiyya0000610,118,500,842,179,61
1124,1034,1279,Sham19Y0021505,97,70,725,177,34
1124,10,302,JK010666,39,609,914,142,52
1124,325,713,JK003502,1742,449,865,242,64
1124,739,832,Shamela0010646,128,417,510,72,100
1124,321,739,JK000022,599,5,378,246,68
1124,35,325,JK006919,1006,1188,1481,180,68
1124,982,1116,JK000919,396,1010,1507,93,23
1124,1163,1279,JK000919,397,647,786,82,73
1124,325,739,Shamela0012884,2453,1064,1558,263,61
1125,745,994,Shia002185Vols,1773,1137,1350,112,46
1125,1202,1388,ShamAY0034662,760,962,1170,142,85
1125,753,965,Shamela0010646,128,510,720,165,98
1125,1202,1392,Shamela0010646,2059,169,330,111,71
1125,1025,1206,JK009288,6,817,1006,136,88
1125,1178,1388,JK009288,28,1140,1364,145,81
1125,1202,1392,Masaha002979Vols,558,892,1154,113,54
1126,353,520,JK000021,2796,663,841,90,58
1126,219,583,Zaydiyya0000013,195,93,445,266,94
1126,357,781,ShamAY0035866,99,9,498,123,25
1126,583,1464,Shia002185Vols,316,117,629,332,46
1126,596,764,Shia002185Vols,3184,123,296,128,93
1126,272,524,Shia001401,41,959,1204,114,52
1126,219,579,Shia001401,42,303,646,221,78
1126,327,579,Zaydiyya0000140,21,1,238,175,89
1126,219,579,Shamela0021554,30,858,1205,231,80
1126,229,454,JK003609,5751,1446,1680,153,82
1126,454,579,JK003609,5752,1,101,78,80
1126,353,524,ShamAY0034809,486,728,1253,98,23
1126,331,524,Sham19Y0023644,4333,673,984,80,29
1126,579,759,Shamela0023790,518,568,748,134,89
1126,272,524,Shia001149Vols,85,499,747,115,53
1126,272,524,Shia001432Vols,27453,1182,1420,111,51
1126,371,524,Shamela0008494,369,86,222,76,63
1126,219,579,ShamIbadiyya0000610,30,863,1210,231,80
1126,219,579,Shamela0026863,30,165,486,202,72
1126,143,579,Shamela0008505,57,540,989,287,75
1126,583,776,Shamela0008505,117,64,260,140,85
1126,759,924,Shamela0008505,120,811,1024,130,75
1126,945,1123,Shamela0008505,121,599,781,136,91
1126,215,579,Shamela0001000,957,490,885,249,79
1126,357,524,Shamela0010906,2621,570,741,92,64
1126,215,583,Sham19Y0120146,37,880,1235,255,88
1126,357,520,JK006919,1022,6,181,97,65
1127,164,582,Shamela0006617,1254,563,1009,281,76
1127,1,594,Shia002185Vols,316,629,1163,350,70
1127,164,598,Shamela0009823,211,21,494,232,57
1127,230,604,Sham19Y0036072,203,522,942,261,77
1127,186,594,Kraken220413030759,561,684,1089,273,79
1127,225,594,Shamela0010664,500,629,1014,251,79
1127,1238,1405,Shamela0003118,6133,1224,1378,116,86
1127,846,1044,JK001288,73,344,553,137,73
1127,1182,1428,JK001288,98,953,1170,153,73
1127,658,1497,Shamela0010646,128,823,1077,191,28
1127,160,598,Shamela0010646,2152,483,927,323,90
1128,337,593,Sham19Y0014075,829,1322,1544,170,79
1128,341,461,Shamela0023790,69,1297,1437,94,85
1128,341,601,Shamela0001585,75,640,872,159,70
1128,341,597,Sham19Y0035453,34,271,487,154,72
1128,593,1371,Shamela0010646,1603,455,1237,607,95
1129,91,668,Shia002185Vols,316,1163,1424,183,40
1129,1024,1163,Shia002185Vols,317,1,145,109,95
1129,39,182,Shamela0010614,419,1342,1484,109,99
1129,182,359,Shamela0010614,420,1,184,134,90
1129,359,488,Shamela0010614,420,1319,1449,100,93
1129,1011,1163,Shamela0010614,442,922,1071,115,95
1129,354,554,Shamela0000765,96,1238,1439,148,84
1129,1346,1442,Shamela0010646,123,148,244,75,100
1129,284,554,JK009288,826,489,694,167,75
1130,1,104,Shia003764Vols,62,69,172,81,100
1130,1278,1523,JK000911,102,935,1192,167,76
1130,1,104,Shia002185Vols,311,1340,1443,81,100
1130,190,456,Shia002185Vols,317,150,419,210,97
1130,1278,1523,Shamela0009783BK1,290,629,885,174,81
1130,1284,1523,Shamela0037473BK1,198,133,361,142,69
1130,104,456,Shamela0010614,437,1019,1363,216,76
1130,1,100,Shamela0010614,451,1398,1497,78,100
1130,1284,1523,Sham19Y0023644,431,1416,1557,106,51
1130,1278,1523,Shamela0012406,156,731,987,174,81
1130,371,456,Shia001432Vols,26534,626,711,64,100
1130,1332,1523,MMS00013,2191,1,206,130,76
1130,1278,1523,Shamela0012396,44,108,368,174,81
1130,371,456,Shia001146,524,912,997,64,100
1130,578,1538,Shamela0026863,38,498,1194,407,51
1130,1,104,Shamela0010646,123,249,353,81,99
1131,1058,1178,Shamela0023789,668,625,982,73,25
1131,733,1178,Shamela0012406,1736,678,1004,197,55
1131,506,1178,Shamela0003617,34,413,944,332,61
1131,226,1456,Shamela0026863,39,1,1211,729,64
1131,511,1178,ShamAY0034857,90,380,897,337,63
1131,511,870,Shamela0012031,462,1105,1396,206,71
1131,870,1178,Shamela0012031,463,1,227,131,53
1132,254,1450,Shamela0026863,40,4,1180,804,80
1133,1104,1596,Shamela0023789,555,203,573,243,59
1133,1375,1610,Zaydiyya0000352,177,992,1237,152,77
1133,1368,1610,Shia002185Vols,1875,200,407,149,77
1133,763,1596,Kraken220413030759,707,250,546,181,26
1133,763,1596,Shamela0012406,1736,1004,1353,223,33
1133,1368,1610,Shia20200618,80,537,746,151,78
1133,1368,1610,Shia001107Vols,194,1021,1230,151,78
1133,752,1610,Shamela0003617,34,1000,1404,261,37
1133,53,297,Shamela0026863,40,1199,1520,174,64
1133,297,1610,Shamela0026863,41,1,1330,891,77
1133,1375,1610,ShamAY0035035,6622,238,437,145,77
1133,1368,1610,Rafed0001617Vols,85,343,552,151,78
1133,1375,1610,Zaydiyya0000229,145,1256,1499,153,77
1133,297,1610,JK000022,1204,963,1403,295,27
1133,1375,1610,ShamAY0034857,90,1143,1355,127,61
1133,1375,1610,Shamela0012031,463,473,685,127,61
1134,1,350,Shamela0023789,555,537,856,173,55
1134,541,818,Zaydiyya0000037Vols,32,315,708,145,42
1134,970,1169,ShamAY0034570,65,549,736,125,71
1134,525,852,ShamAY0007299,4217,622,934,110,29
1134,525,915,JK006922,553,821,1158,262,83
1134,668,857,Shamela0037473BK1,88,951,1180,119,64
1134,949,1169,Shamela0010614,138,505,725,170,94
1134,525,852,Shamela0010614,159,659,972,111,29
1134,949,1186,Shamela0010614,438,113,327,156,81
1134,1,320,Shamela0010614,547,1361,1520,106,42
1134,677,912,Shamela0000671,51,8,262,181,90
1134,1,476,Shamela0021554,20,493,771,177,47
1134,255,476,Sham19Y0036072,170,987,1180,132,74
1134,59,445,JK010494,49,1399,1646,175,55
1134,525,754,Shia001373,232,1284,1495,167,90
1134,754,907,Shia001373,233,1,155,118,96
1134,525,852,ShamAY0000443,4467,446,700,99,29
1134,529,818,Shamela0004445,838,463,836,172,53
1134,525,912,Shia001432Vols,6708,512,898,304,97
1134,1,476,ShamIbadiyya0000610,20,499,777,177,47
1134,525,907,Shia002525,176,808,1188,295,94
1134,525,907,Shia001146,171,723,1101,292,95
1134,1,476,Shamela0026863,3,39,321,180,48
1134,1,262,Shamela0026863,41,1330,1590,192,90
1134,1250,1502,Shamela0010521,249,402,602,138,68
1134,525,715,Kraken210630005153,5233,1376,1567,141,90
1134,715,852,Kraken210630005153,5234,1,177,107,76
1134,65,476,Shamela0000741,50,1254,1542,197,59
1135,711,883,Masaha003390Vols,133,648,850,126,79
1135,1,707,Shamela0010521,249,602,1310,454,71
1135,966,1348,Shamela0010646,129,1,370,280,87
1136,1262,1434,Zaydiyya0000013,74,790,954,103,69
1136,1273,1453,Shamela0000678,41,280,476,138,87
1136,1266,1453,Shamela0009788,910,1250,1441,135,87
1136,479,691,Shamela0026338,21,631,856,141,73
1136,479,706,Shia003355,60,963,1257,148,64
1136,1130,1262,Shamela0010646,570,461,597,104,92
1136,479,658,Shamela0010646,812,643,817,125,88
1136,1130,1266,JK009288,960,886,1030,104,90
1136,249,427,Shamela0023775,725,1,184,129,86
1136,479,654,JK006919,272,1244,1410,126,91
1137,62,305,Sham19Y0020762,552,392,661,190,87
1137,1305,1498,Shamela0010512,48,66,248,132,84
1137,1305,1498,Shamela0010646,1417,189,376,146,94
1137,1027,1130,Shamela0010646,1637,167,300,78,72
1137,1130,1300,JK009288,76,1101,1270,119,82
1137,1305,1525,JK009288,566,766,1002,173,90
1137,869,1031,JK009288,824,293,460,109,76
1137,1027,1130,JK009288,857,963,1099,82,75
1137,1305,1493,Masaha002979Vols,432,1118,1288,123,79
1138,694,1161,Shamela0010646,862,22,522,354,87
1138,52,501,JK009288,621,659,1135,334,86
1138,606,1165,JK009288,643,294,973,408,73
1138,698,1145,Masaha002979Vols,266,351,900,324,73
1139,1183,1315,Zaydiyya0000474,552,699,828,95,90
1139,68,492,ShamAY0037226,1,555,1004,302,82
1139,1183,1315,Shia002185Vols,4251,978,1111,101,96
1139,95,488,Kraken22021701013200,6,1107,1532,285,82
1139,473,757,Kraken22021701013200,18,1283,1557,208,90
1139,75,488,Sham19Y0023644,5606,1026,1210,131,39
1139,191,321,Sham19Y0023644,9027,402,533,99,95
1139,57,460,Shamela0012406,2990,1053,1491,271,75
1139,57,500,Sham19Y0147597,1694,76,562,298,73
1139,1183,1319,Shamela0010512,19,1172,1306,94,87
1139,215,488,Shamela0009870,234,1,288,198,85
1139,492,776,Sham19Y0013235,56,281,569,221,95
1139,1167,1335,Shamela0010646,606,650,820,122,91
1139,492,776,Shamela0010646,651,1,288,225,97
1139,1315,1427,Shamela0010646,2305,437,544,78,90
1139,68,492,Shamela0001000,1202,1,450,302,82
1139,1167,1315,JK009288,995,709,857,113,94
1139,1183,1315,Masaha002979Vols,688,1000,1129,94,90
1139,529,776,Shamela19Y0145334,3190,1,247,191,95
1139,91,326,Shamela19Y0145334,3197,1464,1683,165,87
1139,492,776,Shamela0010525,509,298,577,219,96
1139,75,488,Shamela0010525,511,497,938,304,83
1140,300,562,Sham19Y0020762,654,457,690,181,85
1140,833,1360,Shamela0036515,2630,545,1007,183,38
1140,296,566,Shamela0023790,250,1257,1507,164,72
1140,833,1278,Shamela0012406,2484,1095,1485,146,33
1140,296,562,JK007082,664,1084,1334,148,65
1140,837,1333,Shamela0009788,1970,673,1101,183,41
1140,317,562,Shamela0009640,11,558,803,144,67
1140,183,296,Shamela0008505,150,759,888,84,85
1140,300,562,Shamela0008505,210,926,1130,160,75
1140,183,300,Shamela0010646,148,1356,1487,87,87
1140,833,1326,Shamela0000736,5537,1042,1475,189,42
1140,833,1333,Shamela0010525,530,320,749,187,42
1141,735,1032,Shamela0023790,245,268,585,203,81
1141,485,749,Shamela0005406,199,216,525,184,75
1141,485,699,Shamela0010283,688,1206,1529,139,54
1141,481,790,JK010768,100,519,862,232,85
1141,485,817,Masaha003390Vols,210,78,437,222,72
1141,485,1350,JK001336,242,125,832,384,49
1141,485,702,JK000910,68,1144,1407,145,69
1141,481,1358,Shamela0010646,290,459,1166,489,63
1141,1032,1289,JK009288,592,1261,1552,193,80
1141,481,749,JK009288,963,393,697,185,74
1141,485,749,Shamela0001349,66,1,368,175,58
1141,485,790,Sham19Y0073348,406,472,803,218,78
1142,678,1300,Shia002185Vols,4069,22,701,428,75
1142,67,494,Shamela0012929,750,923,1307,186,48
1142,624,1300,Sham19Y0020762,946,563,1063,337,61
1142,54,494,Sham19Y0120922,235,589,761,92,27
1142,865,1300,Shamela0009788,1519,14,394,244,72
1142,1,511,Shamela0008505,113,195,748,381,86
1142,624,1419,Shamela0008505,304,425,1354,586,77
1142,617,1429,Shamela0010646,808,646,1423,560,83
1142,617,1300,Masaha002979Vols,767,599,1408,448,64
1143,1244,1483,ShamAY0005375,427,263,499,149,73
1143,571,710,Sham19Y0036072,306,1066,1212,102,84
1143,1248,1483,Shamela0010283,575,1093,1334,180,92
1143,765,920,Shamela0010283,578,427,589,106,78
1143,343,710,Shamela0010283,688,26,404,214,60
1143,1248,1483,Shamela0000765,143,605,835,156,78
1143,924,1248,Shamela0010646,425,240,576,254,93
1143,1,177,Shamela0010646,809,325,498,129,93
1143,557,710,JK006919,231,628,833,112,69
1144,1208,1431,Shamela0023790,278,686,923,164,86
1144,671,804,Shamela0010283,575,1339,1479,104,95
1144,1212,1431,Shamela0010283,578,600,820,170,98
1144,509,613,Noorlib0006300,146,271,375,76,95
1144,679,868,Shamela0010646,375,1289,1478,147,99
1144,868,1050,Shamela0010646,376,1,179,141,96
1144,1050,1230,Shamela0010646,416,854,1032,128,86
1144,1,126,Shamela0010646,420,1323,1448,99,100
1144,284,661,Shamela0010646,1065,856,1161,165,53
1144,881,1039,JK009288,955,492,649,117,89
1144,1208,1405,Masaha002979Vols,198,1163,1348,103,60
1144,1212,1400,Shamela19Y0145334,1951,74,287,130,76
1144,280,667,JK009365,521,125,476,184,58
1144,509,613,JK007604,23,1162,1267,77,95
1144,1234,1431,JK009296,918,1118,1331,109,60
1145,267,389,JK000916,11096,730,853,86,87
1145,272,407,Shamela0023790,439,1227,1366,91,83
1145,267,389,JK007082,495,1187,1311,89,89
1145,267,389,Shamela0003118,3428,1225,1349,89,89
1145,1139,1403,Shamela0010646,417,430,684,190,89
1145,124,389,Shamela0010646,417,15,426,203,62
1145,389,558,JK009288,455,943,1114,119,83
1145,563,866,JK009288,456,58,370,217,83
1145,42,257,JK009288,527,241,497,141,69
1146,540,858,Shamela0003722,1708,381,701,245,90
1146,540,863,JK000916,5868,172,488,245,91
1146,1252,1489,Sham19Y0036072,12,497,774,178,81
1146,544,858,Shamela0010283,578,883,1217,247,89
1146,1248,1489,JK010611,13,259,528,181,84
1146,540,858,Shamela0003118,2021,1101,1413,246,92
1146,540,858,Shamela0035100,1912,164,310,115,43
1146,9,452,JK001336,298,940,1409,317,84
1146,1237,1481,Shamela0010646,376,254,428,124,63
1146,49,480,Shamela0010646,421,1,432,318,92
1146,1100,1248,Shamela0010646,421,750,889,109,92
1146,540,953,JK009288,359,687,1148,309,78
1146,4,452,JK009288,683,182,605,283,75
1146,1248,1489,JK009288,839,302,534,159,77
1146,540,858,Masaha002979Vols,849,549,833,208,75
1146,54,438,Masaha002349,171,530,865,220,67
1147,731,1144,Shia002185Vols,3165,1,439,322,92
1147,265,624,Masaha002064Vols,192,678,1023,261,91
1147,268,620,Sham19Y0036072,53,128,482,277,96
1147,268,582,Shamela0010283,578,1221,1541,245,95
1147,582,1144,Shamela0010283,579,1,579,442,95
1147,1304,1452,Shamela0010283,580,540,678,100,80
1147,304,624,ShamAY0036737,171,1,321,251,96
1147,268,607,JK001336,292,1162,1439,178,61
1147,331,620,Shamela0008505,68,1,288,222,93
1147,620,1144,Shamela0008505,70,459,1009,382,81
1147,1144,1304,Shamela0008505,126,271,471,114,70
1147,1304,1482,Shamela0008505,276,100,482,121,40
1147,620,1167,Shamela0010646,321,591,1165,389,80
1147,265,636,Shamela0010646,419,79,401,249,83
1147,265,607,Masaha002979Vols,843,227,488,187,69
1147,1310,1482,Sham19Y0120146,85,34,385,112,39
1147,265,624,Sham19Y0120146,87,286,628,259,88
1148,1,216,Shia003764Vols,11,718,951,164,84
1148,595,738,Shamela0012129,150,1252,1389,111,95
1148,1015,1318,Shamela0009681,20,892,1503,125,26
1148,33,216,Sham19Y0020762,2127,333,496,111,72
1148,1,120,Shamela0010283,580,682,798,94,97
1148,582,738,Shamela0026484,36,342,492,115,91
1148,1,220,Shamela0008505,276,486,722,163,83
1148,578,742,Shamela0010646,318,1209,1373,127,92
1148,1015,1287,Shamela0010646,322,992,1275,150,56
1149,5,696,Shamela0009681,21,157,1017,273,36
1149,1242,1465,JK000916,8312,76,292,160,92
1149,1261,1470,Shamela0003118,2700,836,1039,156,97
1149,696,1212,JK001336,212,826,1427,352,72
1149,1261,1465,Shamela0028453,2,237,433,145,92
1149,133,597,Shamela0010646,323,1,432,315,83
1149,692,1261,Shamela0010646,376,833,1401,443,96
1149,1261,1470,Shamela0010646,421,402,611,161,99
1149,696,875,Masaha002979Vols,323,1407,1611,139,85
1149,875,1212,Masaha002979Vols,324,1,347,248,87
1150,882,1114,Shamela0021550,458,907,1198,168,72
1150,1119,1274,Shamela0010496,71,29,210,96,61
1150,940,1148,Sham19Y0038171,1824,579,859,137,61
1150,874,1128,Shamela0005355,16,380,633,169,73
1150,952,1123,Shamela0010509,52,1,237,119,62
1150,989,1138,JK000001,1948,1,750,118,19
1150,1,130,Shamela0028453,2,433,561,100,99
1150,1,130,Shamela0010646,421,611,740,101,100
1150,874,1138,Shamela0001349,237,1107,1419,198,78
1151,49,461,Shamela0010646,321,1146,1569,323,93
1151,461,1124,Shamela0010646,322,1,690,516,91
1151,1194,1345,Shamela0010646,498,1329,1477,116,96
1152,206,370,Shamela0005406,70,269,437,121,88
1152,510,833,Shamela0010283,580,803,1116,221,83
1152,202,365,Shamela0022892,31,712,887,126,89
1152,897,1523,Shamela0035888,26,318,848,292,52
1152,868,1523,JK001336,407,863,1433,308,52
1152,864,1523,Shamela0010646,508,718,1364,507,95
1152,189,375,Shamela0010646,546,1103,1292,140,92
1152,14,189,Shamela0010646,548,1360,1523,127,91
1152,506,833,Shamela0010646,552,916,1257,257,94
1152,506,685,JK009288,647,1345,1527,140,96
1152,833,1523,JK009288,662,678,1398,542,93
1152,510,800,Masaha002979Vols,95,516,756,179,74
1152,202,375,Masaha002979Vols,646,1079,1264,134,90
1153,955,1410,Shia003764Vols,51,169,580,242,58
1153,811,909,Shamela0000558,181,898,1241,74,27
1153,922,1287,Shia002185Vols,1160,1164,1559,263,79
1153,909,1410,Shamela0005446,164,895,1343,267,62
1153,955,1414,Shamela0001003,845,693,1168,250,56
1153,934,1410,JK000927,3485,895,1445,303,63
1153,955,1414,JK003609,6249,196,683,281,66
1153,938,1410,Shamela0023785,252,331,789,338,84
1153,913,1410,Shamela0006896,385,265,733,299,70
1153,917,1410,Shamela0023790,155,88,530,321,78
1153,938,1414,Shamela0005406,137,666,1089,238,54
1153,979,1410,Shamela0012406,1758,847,1157,176,43
1153,955,1410,Shamela0010283,672,524,1020,289,66
1153,909,1410,Shamela0011068,117,92,581,377,91
1153,955,1414,Sham19Y0150966,1284,405,761,186,48
1153,1076,1410,Shamela0035888,8,72,315,158,53
1153,1,705,Shamela0035888,26,848,1500,406,69
1153,1072,1418,JK000533,2886,122,362,142,46
1153,107,1410,JK001336,408,20,991,647,59
1153,913,1410,Kraken22021606121201,1311,169,678,292,63
1153,1,170,Shamela0010646,508,1364,1533,135,100
1153,170,1414,Shamela0010646,509,1,1050,799,79
1153,1,130,JK009288,662,1398,1531,104,96
1153,130,712,JK009288,663,1,572,431,92
1153,913,1410,Masaha002979Vols,726,657,1122,318,74
1153,913,1227,ShamAY0034478,118,1216,1495,164,61
1153,811,917,JK006919,736,1208,1320,74,87
1153,942,1410,Shia004649Vols,2826,779,1311,301,66
1154,1,124,ShamAY0033734,149,88,222,92,79
1154,1218,1477,Shamela0023790,160,15,270,190,92
1154,1222,1477,ShamAY0032088,136,419,665,185,92
1154,602,1218,ShamAY0032088,137,1,576,396,75
1154,1218,1477,Shamela0007012,160,443,705,199,96
1154,521,1218,Shamela0008505,483,575,1315,484,78
1154,517,1252,Shamela0010646,498,659,1363,470,75
1154,1218,1477,Shamela0010646,499,843,1086,179,88
1154,521,1218,Zaydiyya0000090,159,609,1343,416,62
1155,990,1085,Shamela0023789,361,462,568,71,85
1155,90,299,Shamela0010614,288,1226,1444,154,85
1155,884,1169,Shamela0023785,6,36,381,209,77
1155,461,728,JK001336,402,496,726,149,69
1155,457,811,Shamela0028453,240,1070,1470,264,78
1155,457,848,Shamela0010646,500,233,649,291,84
1155,86,303,Shamela0010646,506,988,1198,168,95
1156,1,243,Shamela0023790,141,784,960,119,63
1156,1,231,Shamela0010283,534,888,1118,179,99
1156,5,221,Shia003965Vols,3504,381,574,107,63
1156,221,355,Shamela0011068,107,701,858,87,73
1156,1,221,Shamela0004092,211,889,1087,95,49
1156,1077,1256,JK000910,82,333,503,115,72
1156,1,199,Shamela0005793,630,743,914,100,63
1156,1,225,JK007097,639,776,1035,110,53
1156,1,231,Shamela0010646,1747,698,928,180,100
1156,288,461,JK009288,230,7,180,125,92
1156,231,457,Masaha002979Vols,446,617,835,151,84
1156,1,203,Sham19Y0145411,808,289,442,85,48
1157,681,824,Shamela0023790,87,187,333,102,87
1157,133,331,Shamela0010646,1622,1135,1328,142,90
1157,830,1505,JK009288,607,827,1488,518,95
1158,1040,1293,Shia001782Vols,2628,749,1056,122,50
1158,1187,1405,Shamela0007012,83,770,1100,154,59
1158,1192,1288,Shamela0001733,3883,462,558,75,100
1158,38,214,JK009288,608,1,171,127,89
1158,1192,1288,JK009408,1845,487,583,72,92
1158,1192,1288,ShamAY0038637,174,30,128,74,95
1159,714,837,Shamela0010614,525,1247,1376,90,89
1159,708,833,Shamela0023790,321,366,498,91,87
1159,1088,1296,Shamela0009773,1853,129,559,69,17
1159,1088,1504,Shamela0010646,1051,832,1098,198,57
1159,822,961,Shamela0010646,2305,533,667,97,89
1159,714,833,JK010621,250,713,839,90,90
1160,1,238,JK009208,69,1065,1332,163,77
1160,39,265,Shamela0023789,458,17,274,137,65
1160,230,731,Shamela0023789,830,896,1422,260,56
1160,39,238,Shamela0001025,14,464,686,132,74
1160,1,230,JK009225,455,259,511,164,81
1160,43,238,Shia002185Vols,918,249,443,127,81
1160,43,230,Shamela0005446,617,1088,1288,122,75
1160,230,640,JK000916,3906,372,865,301,73
1160,6,230,ShamAY0032088,114,730,990,123,54
1160,668,879,Shamela0010283,546,478,675,146,86
1160,1,234,Shamela0010283,547,364,597,185,99
1160,43,234,Sham19Y0011151,877,103,296,126,80
1160,234,620,Shamela0009773,1989,15,364,239,70
1160,253,389,Shia003636Vols,5792,1277,1428,97,79
1160,389,640,Shia003636Vols,5793,1,283,153,59
1160,6,230,Masaha003390Vols,213,837,1113,138,63
1160,234,620,Shamela0010521,342,821,1227,252,70
1160,272,640,Shamela0023735,1699,14,510,268,65
1160,43,230,JK001001,240,387,579,125,79
1160,218,566,Shamela0028453,59,1104,1483,252,80
1160,1,230,Shamela0010646,1051,1098,1347,181,90
1160,668,874,Shamela0010646,1937,982,1173,142,86
1160,1338,1488,Shamela0010646,1952,376,543,121,89
1160,43,230,Shamela0010551,461,1119,1315,128,81
1161,283,771,Shamela0000623BK2,50,666,1150,292,68
1161,1036,1322,Shamela0023775,436,1049,1406,210,75
1162,27,424,Shamela0023789,458,245,708,233,59
1162,23,367,Sham19Y0000760,830,1115,1493,201,60
1162,40,428,Shia002185Vols,918,466,867,228,67
1162,424,828,Shia002185Vols,922,668,1133,268,68
1162,40,420,Shamela0005446,616,81,490,235,69
1162,27,424,Shamela0010614,295,354,806,244,64
1162,27,424,Rafed0002679Vols,1912,1181,1557,214,57
1162,692,832,JK000916,17898,581,748,92,70
1162,23,367,Shamela0010548,817,1086,1480,204,61
1162,27,414,Shamela0005406,15,84,480,217,61
1162,23,414,ShamAY0032088,114,196,708,232,53
1162,922,1185,Shamela0010283,544,1277,1533,203,95
1162,1185,1361,Shamela0010283,547,593,801,140,83
1162,658,832,Shamela0009773,2206,1086,1290,100,61
1162,27,420,Shamela0005448,216,88,463,257,76
1162,692,828,Shamela0003118,5195,832,1015,90,63
1162,927,1150,JK001336,73,1072,1310,176,91
1162,27,424,JK010081,433,139,482,211,58
1162,27,404,Shamela0000623BK2,49,1208,1558,210,61
1162,27,420,JK006900,243,1032,1375,182,50
1162,1185,1539,Shamela0010646,1052,161,581,278,81
1162,922,1185,Shamela0010646,1922,915,1180,210,99
1162,23,194,Shamela0010646,1934,1376,1542,131,95
1162,194,922,Shamela0010646,1935,1,341,257,42
1162,60,409,Masaha002979Vols,258,1,312,161,49
1162,274,414,JK010766,91,4,151,106,90
1162,927,1185,JK006919,117,838,1107,181,82
1162,114,756,JK006919,295,1057,1506,230,43
1163,1,185,JK010473,214,238,370,74,49
1163,1,185,JK009225,453,210,328,83,56
1163,1,185,Shia002185Vols,919,446,621,90,46
1163,1,557,Shamela0010646,1052,591,1155,422,91
1163,1262,1486,JK009288,743,397,634,175,92
1163,642,851,JK006919,306,421,604,126,71
1163,1,185,JK000919,424,1111,1262,82,53
1164,980,1417,Shamela0023789,833,1050,1536,329,83
1164,959,1489,JK010473,208,177,656,346,79
1164,980,1465,Shia002185Vols,923,972,1507,381,88
1164,967,1389,Shia002185Vols,3785,1075,1543,319,84
1164,1389,1489,Shia002185Vols,3786,1,101,79,100
1164,980,1313,Shamela0005446,851,1162,1515,233,76
1164,1313,1489,Shamela0005446,852,1,180,137,97
1164,450,810,JK010672,22,692,1100,207,58
1164,967,1132,Shia003636Vols,9511,1291,1499,123,73
1164,1120,1489,Shia003636Vols,9512,45,556,247,57
1164,980,1155,Shamela0005448,246,1331,1550,137,76
1164,1155,1489,Shamela0005448,247,1,332,249,89
1164,980,1489,Masaha003390Vols,212,927,1487,385,86
1164,980,1489,Shamela0008505,365,4,562,393,86
1164,976,1489,Shamela0010646,1587,35,570,373,84
1164,1,967,Shamela0010646,1935,564,1491,681,83
1164,976,1489,JK009288,900,691,1106,269,64
1165,9,856,Shamela0023789,834,73,905,641,95
1165,9,726,JK010473,208,656,1445,542,85
1165,9,856,Shia002185Vols,924,25,893,619,86
1165,9,856,Shia002185Vols,3786,101,1035,658,88
1165,9,856,Shamela0005446,852,180,1043,619,86
1165,9,833,Shamela0003722,1438,256,1038,373,49
1165,860,1116,Shamela0010614,458,1146,1397,196,93
1165,9,308,JK000916,5361,1133,1413,177,68
1165,9,573,Shamela0010798,2228,895,1491,271,49
1165,856,1116,Shamela0010283,544,1032,1272,192,90
1165,1218,1372,Shamela0010283,546,287,439,120,98
1165,9,477,Shia003636Vols,9512,599,1334,337,58
1165,477,856,Shia003636Vols,9513,261,640,294,96
1165,9,856,Shamela0005448,247,332,1205,624,86
1165,9,833,Shamela0003118,1894,522,1345,392,51
1165,19,856,Masaha003390Vols,213,6,819,603,90
1165,9,856,Shamela0008505,365,562,1414,656,97
1165,9,856,Shamela0010646,1587,570,1448,646,90
1165,856,1116,Shamela0010646,1922,153,400,197,93
1165,1238,1372,Shamela0010646,1936,1,135,105,98
1165,9,419,JK009288,900,1106,1506,274,80
1165,1222,1361,JK006919,583,638,774,94,85
1166,603,715,Shamela0021660,5370,1177,1291,91,98
1166,1390,1541,Shamela0023790,112,1055,1202,115,95
1166,603,715,JK010611,13,1263,1375,89,98
1166,603,715,Shamela0021654,1647,181,293,91,100
1166,1272,1390,JK009361,48,1,257,97,46
1166,1390,1509,JK009361,59,1007,1126,93,97
1166,526,802,JK009288,435,1,705,220,39
1166,802,1020,JK009288,436,146,360,160,86
1166,603,715,JK006919,619,1057,1169,91,100
1166,802,1020,JK010734,113,12,252,161,81
1166,603,715,Masaha002349,443,544,656,91,100
1167,617,890,Shamela0010768,75,1297,1542,174,77
1167,890,1085,Shamela0010768,76,1,196,160,100
1167,617,1085,Shamela0010614,61,1034,1473,334,86
1167,621,1085,Kraken21052100,19,1050,1483,324,83
1167,694,1085,Shamela0023787,15,472,831,286,89
1167,357,493,Shamela0023790,208,616,756,99,85
1167,694,1085,Shamela0023790,389,901,1290,310,96
1167,41,168,ShamAY0032088,170,129,252,89,87
1167,649,1077,ShamAY0000443,2665,698,1090,285,81
1167,357,490,JK007082,319,908,1039,97,89
1167,792,988,Shia002525,162,1239,1410,131,81
1167,694,864,Shia002525,296,258,423,131,94
1167,1231,1537,JK009288,406,336,634,209,86
1167,357,490,Shamela0009099,119,232,363,97,89
1168,133,511,Shamela0010283,532,842,1221,267,83
1168,123,511,ShamAY0034423,64,1034,1424,243,71
1168,1131,1379,JK001336,566,155,354,127,61
1168,806,1054,JK000657,53,26,324,141,59
1168,129,1006,Shamela0010646,1749,944,1516,422,59
1168,1006,1510,Shamela0010646,1750,1,481,284,57
1169,1336,1495,ShamAY0034423,65,1,165,118,90
1169,26,291,JK001336,567,996,1237,163,75
1169,1,315,Shamela0010646,1750,481,798,240,93
1169,1310,1491,Sham19Y0145411,809,1205,1395,134,90
1169,1,231,Sham19Y0145411,809,714,930,160,86
1169,1029,1304,Sham19Y0145411,813,134,506,176,58
1170,610,1317,JK010552,571,23,717,422,65
1170,553,1301,Shamela0010283,531,135,792,476,77
1170,553,1317,Shamela0010646,1750,820,1433,460,74
1170,553,1305,Shamela0009429,307,343,942,342,50
1170,547,763,Sham19Y0145411,811,1276,1498,122,56
1170,763,1288,Sham19Y0145411,812,1,488,352,82
1171,1035,1296,Shia002185Vols,416,840,1285,140,40
1171,1049,1308,ShamAY0034204BK1,3764,743,1462,152,27
1171,1028,1296,Shamela0036515,501,716,951,182,83
1172,304,690,Shamela0001003,787,956,1284,234,74
1172,304,690,JK010637,33,408,745,232,72
1172,827,1246,JK009306,77,82,766,202,36
1172,304,690,Shamela0010283,537,639,1024,302,95
1172,300,694,Shamela0010646,1754,317,715,306,94
1172,308,690,Shamela0001349,194,1,412,213,56
1172,319,690,Shamela0005432,73,666,1057,227,66
1172,430,599,JK006919,122,408,549,109,78
1172,420,559,Shamela0006630,189,6,175,107,76
1173,1298,1460,Shamela0010646,1754,711,885,120,89
1173,799,1292,JK009288,398,209,711,375,92
1173,219,398,JK009288,749,1259,1445,137,91
1173,515,687,JK009288,880,1378,1544,132,95
1173,219,515,Masaha002979Vols,1048,64,316,173,71
1174,617,1485,Shamela0006617,1294,109,1142,495,55
1174,964,1250,Masaha004844,260,943,1520,191,40
1174,548,910,Shamela0005363,3,1041,1504,238,63
1174,910,1517,Shamela0005363,4,1,651,409,75
1174,690,1390,JK000911,2153,6,855,442,63
1174,548,1485,Shamela0005446,25,239,1169,489,56
1174,617,916,Shamela0009783BK1,4032,945,1456,194,48
1174,920,1353,Shamela0009783BK1,4033,1,548,311,70
1174,762,1517,ShamAY0033734,72,1,1231,497,50
1174,617,1411,Shamela0006669,56,580,1492,453,56
1174,817,1485,Sham19Y0023644,4740,313,1082,385,58
1174,617,1003,Kraken22032302241501,103,1024,1489,202,50
1174,1071,1517,Kraken22032302241501,104,14,667,284,52
1174,548,1517,Shamela0010283,5008,257,1215,435,45
1174,1107,1490,Shamela0004445,4815,277,660,170,45
1174,625,1158,Shia003675Vols,1428,810,1556,342,56
1174,720,1353,Shamela0012396,991,1,841,425,62
1174,548,1297,Shamela0001043,636,547,1489,453,58
1174,617,1485,Shamela0035100,3029,272,1254,496,57
1174,855,1517,JK001336,570,564,1189,193,28
1174,1044,1379,Kraken210528100217,730,639,1136,230,58
1174,767,1499,Masaha004217,107,221,910,361,55
1174,1,544,Shamela0010646,1754,885,1444,410,88
1174,941,1297,Shamela0012289,44,754,1097,202,69
1174,548,1485,Shamela0011997,257,220,1150,489,56
1174,720,1353,Sham19Y0145435,4040,27,863,443,66
1175,45,362,ShamIbadiyya0000760,320,737,1045,209,78
1175,78,374,Shamela0012399,3872,1,392,197,62
1175,129,370,Shamela0023790,140,1,306,171,69
1175,49,362,Sham19Y0016946,422,240,552,185,63
1175,49,226,Shamela0007292,57,1223,1468,112,55
1175,49,362,Masaha003390Vols,580,495,867,224,75
1175,49,362,Sham19Y0014538,65,1096,1490,202,61
1175,49,362,Zaydiyya0000153,191,268,651,217,71
1175,49,374,Sham19Y0145411,833,956,1360,217,66
1175,49,333,Shia001626Vols,466,1243,1582,185,67
1175,49,374,Shamela0012884,4904,84,454,204,66
1176,897,1075,Shia003764Vols,218,1166,1398,126,66
1176,913,1075,Shamela0012398,160,27,188,84,54
1176,411,699,Shamela0001025,55,5,268,173,71
1176,1,186,Shamela0005363,167,1299,1486,129,79
1176,203,363,Shamela0005363,168,97,269,124,89
1176,11,363,Shia002185Vols,4080,609,906,168,51
1176,893,1100,Sham19Y0017724,434,43,255,148,87
1176,913,1075,Sham19Y0029560,327,827,1038,112,65
1176,1228,1470,JK000916,14092,1057,1319,169,77
1176,1220,1470,Sham19Y0016494,378,845,1089,172,84
1176,1,363,Shamela0006896,72,267,686,263,73
1176,1243,1475,Masaha003492Vols,331,961,1179,161,87
1176,1,368,Shamela0010283,534,567,816,168,54
1176,1243,1475,Shia003965Vols,9275,823,1017,136,72
1176,1228,1470,Shamela0007012,426,638,890,164,76
1176,893,1075,Shamela0009091,163,1091,1315,126,67
1176,1228,1470,Shamela0003118,4158,1036,1295,167,76
1176,879,1100,Sham19Y0150966,1403,1018,1232,153,87
1176,897,1100,Sham19Y0016826,3718,307,485,112,69
1176,1335,1470,ShamAY0032379,212,5,133,89,82
1176,1,363,Shamela0008505,71,534,1030,284,72
1176,357,699,Shamela0008505,111,976,1415,252,69
1176,975,1080,Shamela0008505,256,1,108,82,97
1176,893,1100,Shamela0010646,954,802,1003,148,90
1176,1,363,Shamela0010646,1745,281,665,269,83
1176,916,1075,Shamela0001000,348,1,256,112,54
1176,1,368,Shamela0001000,1674,380,937,261,57
1176,1,315,Masaha002979Vols,772,161,488,159,53
1176,897,1100,Shamela19Y0145334,1220,630,832,149,92
1176,1080,1224,Shia004693Vols,291,183,323,92,74
1176,1236,1475,Sham19Y0018194,330,1165,1388,154,77
1177,150,326,Shamela0000558,360,496,664,123,88
1177,420,568,Shamela0010283,534,1,159,96,69
1177,159,326,Shia004092Vols,10138,1,160,116,88
1177,150,326,Shamela0028453,66,1296,1465,133,95
1177,326,548,Shamela0028453,156,1260,1489,159,80
1177,548,1489,Shamela0028453,157,1,1369,689,61
1177,335,1060,Shamela0010646,1757,223,872,443,73
1177,150,263,Rafed0002654Vols,10266,1233,1346,89,100
1178,680,951,JK001336,576,1136,1382,157,69
1178,22,326,Shamela0028453,158,1103,1426,225,85
1178,326,529,Shamela0028453,159,1,208,153,93
1179,829,957,JK000927,148,932,1062,82,79
1179,829,957,JK000927,1565,874,992,80,81
1179,477,614,JK000927,1748,1116,1412,99,42
1179,398,602,Sham19Y0005361,33,1,415,144,43
1179,405,602,Shamela0000634,97,151,344,112,64
1179,394,734,Shamela0010646,1599,449,810,264,90
1179,1216,1363,Shamela0010646,1599,805,962,110,89
1179,829,957,Shamela0001000,276,1008,1126,80,81
1179,1363,1478,JK006919,810,452,567,90,99
1179,829,957,JK001477,368,733,858,80,80
1180,156,621,Shamela0010646,1599,962,1280,229,59
1180,742,889,Shamela0010646,1622,1324,1482,114,90
1180,274,737,Shamela0010646,1622,66,352,209,55
1180,1,156,JK006919,823,1373,1527,108,83
1180,161,285,JK006919,881,819,960,97,86
1181,218,430,Shamela0010646,1352,424,661,160,83
1181,430,748,Shamela0010646,1599,1280,1494,159,60
1181,1398,1494,Shamela0010646,1600,90,183,69,93
1181,828,995,Shamela0010646,1622,66,200,84,60
1182,353,527,Sham19Y0148534,40,707,888,111,78
1182,315,527,Shamela0023789,1556,329,542,129,78
1182,353,527,Shamela0005406,77,11,186,104,77
1182,707,815,JK007082,100,523,631,83,100
1182,315,463,Shamela0010646,1352,661,821,105,82
1182,1,132,Shamela0010646,1600,183,325,105,92
1182,527,907,Shamela0010646,1623,123,520,297,92
1182,315,527,JK009288,78,137,360,164,94
1182,1,141,JK009288,235,289,432,108,91
1182,4,132,Masaha002979Vols,243,664,791,96,89
1183,174,298,JK000975,89,142,288,92,76
1183,891,1351,Shamela0010646,1603,1246,1541,224,59
1183,1351,1465,Shamela0010646,1604,1,114,92,99
1183,422,685,JK006919,69,1226,1505,185,79
1184,1287,1500,Sham19Y0000259,229,377,593,118,59
1184,1244,1500,Shia002185Vols,3982,499,735,139,65
1184,1244,1500,Shamela0012581,568,418,634,132,66
1184,1244,1500,Sham19Y0023644,3754,270,488,133,66
1184,1251,1500,Shamela0010664,1135,9,241,130,58
1184,1251,1500,Sham19Y0014592,3000,238,451,132,67
1184,1244,1492,Shamela0009788,1040,947,1196,192,96
1184,1251,1492,JK000910,212,1064,1260,136,73
1184,1255,1500,Shamela0021670,34,688,917,133,68
1184,1287,1500,ShamAY0035035,6737,1027,1250,125,67
1184,1251,1500,JK000001,1937,1083,1299,140,71
1184,213,535,Shamela0010646,1623,551,878,245,93
1184,1251,1492,Shamela0010646,1889,822,1067,188,97
1184,303,440,JK009288,958,1201,1336,98,89
1184,1251,1492,JK000022,1496,664,859,133,71
1184,129,454,JK006919,1170,1230,1526,187,69
1184,1255,1500,Shamela0008244,42,1216,1450,139,71
1185,75,365,Shamela0023789,509,17,387,183,61
1185,387,1064,Shamela0000580,55,685,1505,351,48
1185,1,387,Shamela0012581,568,634,1105,200,50
1185,1,293,Sham19Y0036072,207,1090,1436,181,65
1185,1,377,Shamela0005406,162,551,969,209,59
1185,383,803,Shamela0012406,2043,1039,1539,234,52
1185,803,1060,Shamela0012406,2044,1,256,112,44
1185,514,1025,Shamela0010664,212,938,1493,250,49
1185,1,284,Shamela0009788,1040,1208,1492,199,84
1185,486,1069,JK000910,214,24,619,300,56
1185,1,383,Shamela0021670,34,917,1347,188,47
1185,109,391,ShamAY0035035,6738,31,435,165,52
1185,109,383,JK000001,1938,7,320,168,66
1185,383,1064,Shamela0010646,1604,210,908,536,95
1185,1,391,Shamela0010646,1889,1079,1471,294,94
1185,387,821,JK009365,251,949,1523,254,51
1185,1,335,JK000022,1496,859,1232,170,48
1185,75,391,Shamela0008244,43,47,409,173,55
1187,665,996,Zaydiyya0000040,38,244,546,142,49
1187,1318,1468,JK009288,49,1088,1249,120,92
1187,684,1038,Masaha002979Vols,244,843,1145,178,60
1188,832,1009,Shamela0010548,618,1320,1514,137,86
1188,1302,1476,Shamela0010646,636,268,447,132,91
1188,1,259,JK009288,626,44,318,196,92
1188,1167,1288,Masaha002979Vols,255,44,157,84,84
1188,1306,1476,Shamela0023775,740,1243,1434,134,89
1189,405,717,Shamela0010768,277,621,1237,203,39
1189,411,727,Rafed0000040Vols,682,1,333,217,75
1189,772,922,Shamela0010614,316,399,541,109,92
1189,411,668,JK003609,6260,615,964,175,59
1189,516,745,Shamela0000514,108,1,327,156,58
1189,323,717,Shamela0009788,2026,897,1514,195,37
1189,313,550,Shamela0008505,442,951,1533,173,36
1189,550,768,Shamela0008505,443,1,271,153,65
1189,445,768,Shia003355,195,1,395,219,65
1189,1,226,Shamela0010646,636,447,671,169,93
1189,1076,1386,Shamela0010646,1890,1,321,239,93
1189,384,755,Shamela0001000,1610,133,551,256,73
1189,393,727,Shamela0005432,63,419,793,223,67
1189,384,727,Sham19Y0017681,53,73,568,224,52
1189,333,768,JK009296,578,648,1385,308,50
1190,409,629,Shamela0001349,147,1,228,143,68
1190,86,539,JK006919,1185,281,589,224,60
1190,11,629,Masaha002964Vols,1505,416,941,300,50
1192,1163,1323,Shamela0010646,2243,876,1004,88,70
1192,436,885,JK010621,59,996,1389,275,76
1194,942,1196,Shamela0011068,98,770,983,144,70
1196,341,454,Sham19Y0000760,785,240,350,85,93
1196,341,782,Shamela0000558,19,840,1180,239,62
1196,255,854,Shia002185Vols,2619,470,1527,403,46
1196,266,454,Shamela0010614,324,1,657,150,28
1196,496,995,Shamela0010614,325,1,513,396,96
1196,341,782,JK000035,9,575,885,216,57
1196,578,991,Shamela0009096,189,509,944,327,93
1196,459,782,Shamela0010646,1404,1072,1361,65,16
1196,259,920,Shamela0001349,169,921,1467,244,34
1196,345,782,ShamAY0034231,671,175,650,300,75
1197,1166,1482,JK000927,3853,510,985,135,34
1197,520,665,Shamela0023790,440,943,1091,110,89
1198,828,981,Shamela0010614,321,1146,1305,117,93
1198,1144,1450,Shamela0005406,145,137,378,110,42
1198,828,981,Shamela0009096,188,1295,1442,114,96
1199,492,631,Shamela0010646,713,1342,1481,111,99
1199,631,1503,Shamela0010646,714,1,864,675,96
1199,310,446,Shamela0010646,2315,1350,1491,106,92
1200,1405,1513,Shamela0010646,706,1135,1243,87,100
1200,775,941,Shamela0010646,706,911,1076,130,99
1200,1,669,Shamela0010646,714,864,1522,504,91
1200,784,1139,JK009288,365,247,624,246,80
1201,24,263,Shia001615Vols,625,580,847,150,60
1201,263,794,Shamela0010646,2315,650,957,214,50
1202,1172,1323,Shamela0010646,807,776,940,120,90
1202,472,766,Shamela0010646,2081,524,803,219,89
1202,163,332,Shamela0010646,2315,1017,1191,132,91
1202,907,1056,Shamela0010646,2315,1198,1350,119,97
1202,482,766,JK009288,45,557,806,164,65
1202,362,476,JK009288,319,879,998,78,82
1202,948,1056,JK006919,397,391,510,75,80
1203,971,1167,Shamela0023789,469,65,250,139,80
1203,952,1167,Shamela0010614,192,789,986,150,86
1203,418,962,Shamela0010614,330,372,900,398,90
1203,1008,1167,Shamela0023790,384,1272,1431,129,99
1203,1008,1167,Shamela0026803,158,854,1013,130,100
1203,962,1224,Shamela0010646,1623,966,1210,197,92
1203,418,774,JK010621,6,1205,1520,192,62
1203,971,1172,eScr20120309,88,926,1104,124,76
1204,1411,1528,JK000916,12178,498,864,79,26
1204,949,1238,Shamela0010646,1623,1182,1478,209,83
1204,1244,1391,Shamela0010646,1624,5,159,111,91
1204,975,1391,JK006919,409,646,1098,315,88
1205,1274,1479,Shamela0003722,3661,1053,1261,156,96
1205,1274,1479,JK000916,12182,266,471,151,93
1205,1287,1470,Shamela0010283,699,358,578,126,75
1205,593,836,Shamela0010283,700,1,240,188,93
1205,1274,1463,Shamela0035100,1693,1185,1351,123,82
1205,961,1150,Shamela0010428BK1,243,163,383,150,85
1205,1274,1479,Shamela0010646,2262,1194,1417,159,91
1205,394,867,Shamela0010646,2262,769,1224,348,90
1205,904,1150,Shamela0010646,2263,206,508,165,68
1205,950,1150,Shamela0001000,675,490,713,155,86
1206,1,347,Shamela0004126,15,307,698,228,70
1206,1,135,Shamela0003722,3661,1261,1406,95,84
1206,135,408,Shamela0003722,3662,1,260,183,84
1206,1,408,JK000916,12182,471,872,275,83
1206,5,408,Shamela0010283,699,606,966,249,76
1206,431,706,Shamela0010283,700,1213,1499,209,90
1206,706,935,Shamela0010283,701,22,270,176,88
1206,940,1433,Shia004092Vols,4335,670,1132,328,81
1206,940,1433,Shia004092Vols,9462,22,456,315,78
1206,940,1433,Shia004092Vols,12311,204,643,324,80
1206,940,1433,Shia001432Vols,16386,22,457,311,77
1206,960,1269,Rafed0003228Vols,137,1266,1530,178,71
1206,1269,1433,Rafed0003228Vols,138,1,172,110,74
1206,702,1433,Shamela0026484,453,431,1227,432,59
1206,940,1433,Shamela0008505,321,78,535,324,81
1206,940,1433,Shamela0010646,1875,246,704,345,85
1206,90,697,Shamela0010646,2263,1,786,450,69
1206,940,1433,Shamela0001000,357,628,1061,325,81
1206,935,1280,JK010621,39,1180,1491,234,84
1206,1280,1433,JK010621,40,1,151,108,81
1206,940,1374,Rafed0002654Vols,4278,1086,1501,288,81
1206,940,1424,Rafed0002654Vols,9548,1090,1515,308,78
1206,940,1305,Rafed0002654Vols,12660,1176,1502,236,79
1206,940,1433,Shia001349Vols,1003,330,737,297,76
1206,940,1406,Rafed0000609Vols,168,829,1377,257,60
1207,50,936,Shamela0023789,1539,622,1490,582,75
1207,974,1485,Shamela0023789,1540,7,534,309,68
1207,694,1275,JK000927,1767,122,805,270,44
1207,1275,1485,Shamela0005406,78,447,652,150,87
1207,46,831,ShamAY0000443,6420,749,1504,519,77
1207,831,1275,ShamAY0000443,6421,1,418,276,73
1207,1,878,Shamela0008505,321,535,1482,648,83
1207,878,1285,Shamela0008505,322,1,470,307,81
1207,1285,1485,Shamela0008505,335,85,321,139,74
1207,694,1162,Shamela0010646,2021,886,1484,219,43
1207,6,1294,JK010621,40,159,1498,927,82
1208,106,392,Shamela0004126,18,563,852,171,62
1208,106,392,JK000916,12181,149,441,173,65
1208,213,392,Shamela0003118,3696,1,198,123,76
1209,98,264,Shamela0010646,2316,37,198,125,95
1209,746,947,Shamela0010646,2316,203,405,162,99
1210,718,1006,Shamela0010646,2316,405,691,225,95
1212,439,1156,JK003609,6322,314,995,315,47
1212,1150,1287,Shamela0011068,64,1458,1593,106,92
1212,428,978,Kraken22021606121201,893,151,787,267,44
1213,1293,1469,Shamela0010614,318,1088,1438,140,50
1213,1350,1469,Shamela0010798,716,321,433,69,73
1213,1350,1469,JK007082,653,647,760,69,73
1213,242,431,Shamela0011068,80,717,997,144,64
1213,242,662,Shamela0010646,715,177,446,205,60
1213,1332,1469,Shamela0001349,225,432,577,91,79
1214,1291,1487,Shamela0023789,1625,739,920,142,90
1214,1291,1458,Shamela0000558,213,802,957,112,80
1214,36,246,Shia002185Vols,3791,562,755,127,70
1214,25,237,Shamela0010614,319,1228,1440,166,98
1214,242,515,Shamela0010614,320,483,1068,208,45
1214,515,995,Shamela0010614,321,132,771,355,66
1214,995,1163,Shamela0010614,322,637,1122,129,33
1214,1291,1487,Shamela0010614,329,511,707,157,99
1214,36,246,Shamela0023790,312,795,983,142,84
1214,1291,1487,Shamela0023790,313,329,495,120,74
1214,36,155,Shia001392Vols,537,412,526,87,88
1214,242,515,Shamela0011068,89,732,1109,188,60
1214,1283,1487,Shamela0000765,11,1347,1531,136,80
1214,1291,1481,Shamela0010646,715,453,638,149,97
1215,115,271,Shia002185Vols,3791,1055,1275,109,58
1215,115,395,Shamela0010614,482,596,931,209,76
1215,971,1236,Shamela0011068,49,370,632,189,84
1215,120,589,Shamela0010646,715,642,1015,246,59
1215,702,932,Shamela0010646,991,1294,1530,131,63
1215,120,391,Shamela0010646,2305,915,1131,152,67
1215,928,1236,JK009288,318,618,919,226,92
1215,689,928,Shamela0023775,346,598,818,148,75
1215,672,932,Shamela0023775,734,839,1167,164,61
1215,115,391,Masaha002964Vols,1346,1098,1388,196,79
1216,313,619,Shamela0010646,1061,955,1251,220,86
1216,132,313,JK009288,324,908,1106,131,84
1216,266,619,JK009288,331,324,691,236,80
1216,752,931,JK009288,333,1,255,117,54
1217,683,806,Shia002185Vols,3793,636,776,83,71
1217,1,153,Shamela0011068,106,734,868,95,80
1217,921,1203,Shamela0010646,716,272,560,214,91
1217,1,153,Shamela0010646,716,122,272,114,95
1217,153,295,Shamela0010646,968,1034,1176,113,100
1217,1,153,JK009288,335,557,708,114,94
1217,153,373,JK009288,349,334,676,161,59
1218,501,630,Shamela0005406,30,213,336,86,82
1218,506,616,Shamela0010646,264,1268,1378,85,98
1218,347,501,Shamela0010646,674,1296,1462,110,84
1218,360,501,Masaha002979Vols,606,1,154,99,82
1219,268,574,Shamela0010283,708,496,802,233,95
1219,1179,1456,Shamela0010283,708,810,1041,149,63
1219,460,819,Shamela0010646,716,582,789,153,55
1219,1323,1451,JK009288,721,879,1007,101,99
1220,1223,1430,Shamela0011068,52,478,727,129,62
1220,1217,1435,Shamela0010646,716,874,1095,170,93
1221,471,1071,Shamela0011068,20,718,1450,282,40
1221,95,471,Shamela0011068,53,682,978,203,68
1222,195,820,Shamela0005406,148,1,331,207,41
1222,1,322,Shamela0010283,708,1133,1458,247,92
1222,584,854,Shamela0011068,82,649,893,154,71
1222,901,1528,Shamela0011068,101,588,996,146,24
1222,1,292,Shamela0010646,716,1187,1499,233,92
1223,297,869,Shamela0011068,101,705,1308,305,60
1224,708,1006,Shamela0011068,102,34,319,177,62
1224,469,631,Shamela0010646,672,938,1107,124,90
1224,1,162,Shamela0010646,2304,877,1083,125,73
1225,877,1308,Shamela0005363,58,388,850,277,71
1225,268,541,Shamela0010614,319,218,493,199,90
1225,553,811,Shamela0010614,322,747,1004,187,91
1225,877,1048,JK000927,296,1362,1552,116,71
1225,1048,1411,JK000927,297,1,513,261,63
1225,877,1197,Shamela0023790,316,1199,1514,212,76
1225,12,262,Shamela0011068,38,931,1200,175,79
1225,12,268,Shamela0007435,296,1042,1300,175,79
1225,867,1308,JK010621,61,799,1291,288,70
1226,1061,1293,Shamela0001003,205,1097,1342,163,80
1226,1061,1490,JK003609,3108,623,1084,246,64
1226,132,421,Shamela0011068,99,919,1201,175,71
1226,887,1490,Shamela0010646,705,575,1059,288,50
1226,136,421,Shamela0010646,717,1,280,219,96
1226,1051,1490,Shamela19Y0145334,1408,198,634,244,65
1227,1,573,Shamela0001003,206,59,341,175,39
1227,951,1415,Shamela0001003,206,350,637,174,46
1227,1,573,JK003609,3108,1084,1382,196,42
1227,1076,1415,JK003609,3109,5,198,129,47
1227,409,701,Shamela0011068,21,873,1146,195,81
1227,943,1211,Shamela0011068,22,207,479,172,70
1227,10,359,Shamela0010646,705,1067,1306,171,61
1227,947,1211,Shamela0010646,968,133,402,192,84
1227,508,701,JK009288,331,787,981,137,85
1227,951,1415,Shamela19Y0145334,1408,935,1227,186,49
1227,1,573,Shamela19Y0145334,1408,634,926,191,42
1228,465,1358,Shamela0010646,705,34,573,422,59
1229,47,651,JK003609,3109,917,1186,215,44
1229,1149,1315,JK009288,638,783,946,121,87
1229,1027,1145,Masaha002979Vols,255,44,157,82,81
1229,47,651,Shamela19Y0145334,1409,469,735,206,42
1230,1,215,Rafed0000040Vols,721,1097,1348,141,68
1230,1,215,JK000916,17942,146,396,138,67
1230,16,215,Sham19Y0023644,5386,1028,1257,126,66
1230,1,211,Shamela0010512,113,518,740,119,61
1230,27,211,Shamela0011068,85,13,238,123,68
1230,1,215,Shamela0003118,5208,644,893,140,68
1230,391,947,Shamela0010646,706,269,725,357,78
1230,1,211,Shamela0010646,2315,184,403,124,64
1230,1,211,Shamela0000736,2620,455,701,138,68
1231,1111,1307,Shamela0010646,2307,663,863,153,96
1232,24,145,Shamela0023790,728,135,289,81,62
1232,28,145,Shamela0010646,1977,340,471,85,74
1232,1013,1482,Shamela0010646,2307,848,1308,348,91
1232,1169,1482,JK009288,350,950,1266,234,93
1232,388,861,JK009288,587,1014,1532,348,83
1232,827,1017,JK009288,597,1206,1401,140,90
1232,1021,1173,JK009288,664,1,166,114,85
1233,319,537,Shamela0011068,82,925,1117,127,71
1233,319,537,Shamela0023764BK3,725,266,469,132,73
1233,319,537,Shamela0006952,49,387,579,130,71
1233,1,382,Shamela0010646,2307,1308,1471,129,42
1233,1023,1218,Shamela0010646,2308,142,351,149,89
1233,385,583,Shamela0010646,2308,1,197,122,70
1233,105,235,JK009288,348,35,164,101,97
1234,756,1032,Shamela0010646,2243,588,861,209,97
1235,1266,1440,Shamela0003722,1386,686,844,119,86
1235,1266,1440,JK000916,5229,172,329,123,88
1235,219,611,Sham19Y0020762,1604,1148,1502,172,49
1235,1266,1440,Shia004092Vols,9774,435,593,119,86
1235,1279,1440,Shia003704,458,1162,1324,116,90
1235,1266,1437,Rafed0003228Vols,344,1310,1474,120,85
1235,1266,1440,Shia001278Vols,919,907,1073,122,86
1235,1266,1440,Shia004014Vols,274,1205,1362,119,84
1235,1266,1440,ShamAY0033629,16,632,804,131,93
1235,1266,1440,JK000532,640,440,597,122,88
1235,1266,1440,Shia003699,124,1043,1200,119,84
1235,1323,1440,Masaha002473,259,1,105,82,88
1235,1266,1440,JK000134,643,913,1073,120,85
1235,1275,1440,Shamela0010646,2136,1047,1210,118,90
1235,847,1069,Shamela0010646,2138,577,790,167,92
1235,219,830,Shamela0010646,2145,326,954,474,95
1235,1266,1440,JK010605,127,972,1129,124,89
1235,1069,1266,JK009288,282,637,830,144,89
1235,1266,1440,JK009288,1013,444,629,133,88
1235,1069,1270,Masaha002979Vols,941,1113,1311,138,81
1235,378,811,Shamela0009631,191,10,390,208,56
1235,204,817,Sham19Y0120146,114,447,1201,434,71
1235,1266,1440,Rafed0002654Vols,9884,714,872,120,86
1235,864,1069,Masaha002964Vols,746,1,199,147,85
1236,1,198,Masaha002872,375,1328,1523,150,95
1236,1,198,Shamela0003722,1386,844,1041,151,95
1236,1,198,JK000916,5229,329,526,153,96
1236,1,198,Shia004092Vols,4558,1002,1205,145,88
1236,1,198,Shia004092Vols,9774,593,789,151,95
1236,1,198,Kraken22021606123201,549,680,872,148,93
1236,1,198,Rafed0003228Vols,345,4,207,145,88
1236,1,135,Shia004014Vols,274,1362,1496,103,96
1236,1,198,Shamela0001001,141,679,875,149,94
1236,1,198,ShamAY0033629,16,804,998,153,96
1236,1,208,JK000532,640,597,802,150,87
1236,1,198,Shia003699,124,1200,1398,154,96
1236,1,198,Masaha002473,259,105,302,155,97
1236,1,198,JK000134,643,1073,1274,151,93
1236,1,198,Shamela0010646,2136,1210,1406,149,94
1236,1174,1539,Shamela0010646,2145,941,1296,278,96
1236,1,198,JK010605,127,1129,1326,155,97
1236,277,1203,JK009288,844,1,1015,582,64
1236,1174,1539,JK009288,859,415,774,275,95
1236,17,198,Sham19Y0149213,382,1073,1253,139,96
1236,17,198,Shamela19Y0145334,1463,368,552,131,89
1236,17,198,Shamela0010906,1641,424,603,133,92
1236,1,198,Rafed0002654Vols,4502,103,306,145,88
1236,1,198,Rafed0002654Vols,9884,872,1068,151,95
1237,451,1408,Sham19Y0036540,4886,423,1236,389,45
1237,1,125,Shamela0010646,2145,1296,1424,94,93
1237,125,1422,Shamela0010646,2146,1,1265,966,91
1237,1,758,JK009288,859,774,1512,534,84
1237,758,1418,JK009288,860,1,662,492,91
1238,88,390,ShamAY0033760,387,1100,1317,159,65
1238,1351,1518,JK000916,13761,193,353,95,63
1238,96,386,Shamela0095735,995,65,339,195,80
1238,165,386,Shamela0010463,41,348,560,148,81
1238,84,395,Sham19Y0132973,489,562,793,162,63
1238,84,356,Shamela0021715,9848,745,971,127,53
1238,466,1351,Shamela0010646,2137,1,878,679,93
1238,84,390,Shamela0010646,2222,193,419,159,64
1238,84,395,JK009288,304,1195,1503,239,93
1238,88,390,Masaha002979Vols,1047,950,1171,160,66
1238,96,386,Shia002228,149,17,293,193,79
1238,96,415,JK000038,69,989,1327,202,71
1239,1,354,JK000916,13761,285,711,187,49
1239,193,354,JK003609,4723,437,612,96,65
1239,179,327,Sham19Y0023644,4550,1342,1493,94,73
1239,202,354,Shamela0012406,2245,1149,1334,104,70
1239,189,332,Shamela0004445,4746,1348,1489,95,78
1239,193,380,Shamela0028182,141,456,638,102,65
1239,43,351,Shamela0010646,2090,585,838,154,57
1239,636,887,Shamela0010646,2146,1272,1523,199,96
1239,887,1501,Shamela0010646,2147,1,506,392,79
1239,193,354,Shamela0001000,797,878,1053,96,65
1239,1,354,Shamela0000736,4387,865,1291,187,49
1239,209,351,JK001330,359,1142,1320,100,71
1240,140,709,Shamela0009096,149,194,704,245,51
1240,940,1081,Shamela0010646,1769,1375,1508,107,92
1240,1081,1319,Shamela0010646,1770,1,237,168,81
1240,136,719,Shamela0010646,2138,29,567,414,89
1240,1288,1535,Shamela0010646,2147,654,900,190,97
1240,1,150,Shamela0010646,2147,506,670,108,82
1240,120,434,Shamela0012289,65,153,438,194,76
1240,140,726,MMS00001,470,495,1014,238,50
1241,969,1469,Shamela0021477,330,360,862,272,61
1241,985,1264,JK010552,94,1179,1436,159,72
1241,998,1469,Shia002265Vols,4566,1046,1408,205,50
1241,1297,1408,ShamAY0007299,4641,926,1035,88,98
1241,969,1541,JK009242,425,915,1466,408,89
1241,1065,1479,Shamela0001687,1299,8,336,173,48
1241,998,1479,JK000916,3104,449,837,207,48
1241,969,1541,JK000916,3109,55,624,418,89
1241,985,1503,JK000916,3110,291,653,249,59
1241,1297,1479,Shamela0023785,22,110,288,127,81
1241,1297,1479,Shamela0023790,138,12,189,127,81
1241,998,1479,Sham19Y0127677,5111,795,1179,212,50
1241,969,1541,Sham19Y0127677,7523,597,1157,421,91
1241,969,1152,Shamela0010798,1494,1281,1459,120,81
1241,1152,1503,Shamela0010798,1495,1,304,197,68
1241,1130,1521,Shamela0010798,1496,739,1110,164,45
1241,998,1479,Shamela0010798,1497,952,1338,214,50
1241,969,1541,Shamela0012406,784,861,1431,411,88
1241,998,1479,Shamela0001438,7130,259,642,211,50
1241,985,1479,Shia003965Vols,1915,599,1037,226,49
1241,969,1503,Shamela0004445,818,945,1426,310,70
1241,989,1479,MMS00013,2078,76,481,210,49
1241,989,1479,Shamela0003118,1186,148,673,272,57
1241,981,1533,Shamela0028174,90,808,1346,418,93
1241,1301,1521,Kraken22021606121201,728,631,1222,128,25
1241,989,1479,Rafed0002163Vols,1562,828,1230,220,51
1241,985,1541,JK000050,37,461,1022,311,60
1241,394,969,Shamela0010646,462,571,1145,453,95
1241,230,359,Shamela0010646,2137,878,996,94,91
1241,1,234,Shamela0010646,2147,900,1130,180,96
1241,1286,1469,Shamela0009631,65,566,739,129,88
1241,969,1541,Shamela0000736,988,314,879,426,92
1241,1301,1479,Shia004649Vols,222,599,773,124,80
1242,44,236,Shia002265Vols,4567,89,270,105,61
1242,21,209,JK009242,426,1,187,139,86
1242,215,468,Shamela0010614,432,1289,1537,188,87
1242,1,229,JK000916,3109,624,871,166,83
1242,533,830,Zaydiyya0000342,790,1153,1444,214,87
1242,55,209,Sham19Y0023644,806,254,388,99,74
1242,55,209,Shamela0027105,13,713,866,99,66
1242,44,209,JK010646,92,1343,1497,107,76
1242,44,243,Sham19Y0127677,5111,1261,1455,106,58
1242,1,209,Sham19Y0127677,7523,1157,1374,163,91
1242,1,220,Shamela0010798,1495,406,642,131,61
1242,44,215,Shamela0012406,785,1,172,134,97
1242,44,209,Shamela0001438,7130,725,891,98,65
1242,1,209,Shamela0004445,819,69,294,123,60
1242,533,796,ShamAY0032845,1,1244,1505,180,82
1242,1,209,Shamela0028174,90,1350,1526,130,77
1242,1,209,JK000050,37,1022,1249,129,62
1242,29,209,Shamela0001733,3421,1260,1425,106,62
1242,55,229,Shamela0001733,3422,267,434,100,61
1242,199,537,Shamela0010646,2137,976,1336,263,88
1242,1,209,Shamela0000736,988,879,1069,139,78