ms1,b1,e1,id2,ms2,b2,e2,ch_match,matches_percent
1,1,867,Sham19Y0018169,1,1,799,503,68
1,1,292,Sham19Y0018169,21,420,648,145,63
1,72,609,ShamAY0038476BK1,1,167,744,326,61
1,1,609,ShamAY0038472,1,1,641,375,65
1,1,609,Sham19Y0147673,1,1,543,312,57
1,98,599,ShamAY0038465,1,577,1022,313,73
1,1,292,Sham19Y0145410,1,1,316,201,78
1,1,292,Sham19Y0145410,36,487,842,201,69
1,1,269,Sham19Y0145410,794,149,426,182,80
1,1,632,Sham19Y0032384,1,1,635,389,68
1,1,609,ShamAY0038390,1,1,626,441,81
1,1,609,ShamAY0038516,1,1,650,393,65
1,1,609,Sham19Y0014211,1,1,565,363,64
1,1,802,ShamAY0038386,1,1,854,494,67
1,1,269,ShamAY0038386,13,1226,1499,184,81
1,106,292,ShamAY0038386,14,1,197,137,81
1,1,557,ShamAY0038329,835,876,1540,369,67
1,1,292,ShamAY0038346,1,1,313,213,84
1,1,609,ShamAY0038393,1,1,625,428,78
1,1,821,ShamAY0038324,1,1,914,495,60
1,59,609,ShamAY0038464,1,485,1044,339,70
1,1,609,ShamAY0038468,1,7,585,374,70
1,1,585,Sham19Y0145411,1,1,566,365,68
1,1,292,Sham19Y0145411,38,281,601,153,57
1,1,802,Sham19Y0018632,1,1,854,505,67
1,1,292,Sham19Y0018632,23,921,1226,149,56
1,1,585,Sham19Y0018318,1,1,532,363,72
1,1,292,Sham19Y0018318,23,1248,1508,149,62
1,1,802,Sham19Y0018159,1,1,805,484,68
1,1,203,Sham19Y0018159,29,41,246,131,80
1,1,203,Sham19Y0018159,202,543,748,131,80
1,1,802,ShamAY0038389,1,1,841,496,67
1,1,585,ShamAY0038394,1,1,580,349,66
1,1,292,ShamAY0038350,1,1,325,208,79
1,1,609,Sham19Y0018612,1,1,689,381,60
1,1,614,Sham19Y0018612,27,429,843,211,37
1,1,273,Sham19Y0018612,375,257,615,182,64
1,1,609,ShamAY0038387,1,1,703,427,74
1,1,609,ShamAY0038455,1,1,680,361,55
4,1054,1301,Shia003732Vols,1036,1308,1540,178,89
4,1054,1336,Sham19Y0150960,967,1007,1277,199,82
4,1140,1344,Shamela0001417,256,368,575,145,86
4,1054,1344,Shamela0011728,656,679,931,193,82
4,1054,1244,Shia002662Vols,594,489,646,127,82
4,1054,1331,Shamela0002573,1681,787,1010,169,76
6,1400,1573,ShamAY0033108,1700,163,402,136,68
6,1400,1573,Tafsir02091,1967,779,1018,136,68
6,1400,1573,Shamela0000041,2427,427,611,139,92
6,349,613,Tafsir09084,2381,1199,1360,116,54
6,335,613,Shamela0008473,4633,888,1054,126,57
7,1,169,ShamAY0033108,1700,402,583,130,88
7,1,169,Tafsir02091,1967,1018,1199,130,88
7,1,171,Shamela0023578,2951,249,398,114,84
8,209,411,Shamela0023685,913,696,970,160,71
8,209,379,Shamela0026568,794,1322,1556,138,72
11,387,705,ShamAY0038516,4,1,315,183,67
11,333,561,ShamAY0038516,61,699,954,186,89
12,1092,1209,Sham19Y0145410,180,1187,1304,95,100
15,37,222,Sham19Y0150960,970,243,438,120,68
15,37,222,Shamela0001417,258,797,980,119,69
15,37,222,Shamela0011728,658,1068,1263,120,68
25,641,879,Sham19Y0018169,1,1,282,145,63
25,465,892,Sham19Y0018169,21,216,665,156,31
25,641,892,Sham19Y0145410,1,1,344,154,56
25,426,843,Sham19Y0145410,36,180,685,127,22
25,641,843,Sham19Y0145410,794,149,347,127,79
25,641,879,ShamAY0038390,1,1,310,148,59
25,641,879,ShamAY0038516,1,1,316,135,52
25,641,843,Sham19Y0014211,1,1,214,123,64
25,729,879,Sham19Y0014211,5,1,137,97,82
25,641,879,ShamAY0038386,1,1,325,151,57
25,641,843,ShamAY0038329,835,876,1199,129,50
25,641,889,ShamAY0038346,1,1,337,164,61
25,641,879,ShamAY0038393,1,1,312,140,55
25,641,879,ShamAY0038324,1,1,359,143,50
25,641,843,Sham19Y0145411,1,1,256,122,61
25,426,918,Sham19Y0145411,38,19,635,167,25
25,641,879,Sham19Y0018632,1,1,359,148,53
25,426,910,Sham19Y0018632,23,557,1261,164,22
25,641,843,Sham19Y0018318,1,1,222,120,70
25,589,879,Sham19Y0018318,23,1184,1508,173,69
25,641,879,Sham19Y0018159,1,1,295,150,64
25,602,860,Sham19Y0018159,29,1,265,154,72
25,641,860,Sham19Y0018159,202,543,765,134,76
25,641,879,ShamAY0038389,1,1,320,141,55
25,641,843,ShamAY0038394,1,1,251,109,56
25,641,918,ShamAY0038350,1,1,394,180,57
25,641,843,Sham19Y0018612,1,1,259,122,62
25,426,889,Sham19Y0018612,27,101,838,162,21
25,641,843,Sham19Y0018612,375,257,515,122,62
25,641,879,ShamAY0038387,1,1,362,141,50
26,281,972,Shia003732Vols,1038,1,684,539,93
26,251,1047,Sham19Y0150960,969,858,1633,590,87
26,368,1082,Shamela0001417,258,1,623,497,84
26,268,1082,Shamela0011728,658,125,885,599,87
26,268,972,Shamela0002573,1682,575,1191,492,85
26,281,1424,JK000381,4255,176,1215,802,84
27,630,1292,Sham19Y0150960,970,45,629,418,73
27,641,1292,Shamela0001417,258,634,1157,369,66
27,630,1292,Shamela0011728,658,894,1426,380,67
27,983,1256,Shamela0023685,904,559,730,134,60
27,983,1292,Shamela0026568,785,1116,1372,155,53
30,506,677,Shamela0023685,904,885,1064,117,77
30,506,627,Shamela0026568,785,1471,1606,86,76
31,647,1060,Sham19Y0150960,970,1092,1523,241,63
31,635,1021,Shamela0001417,259,128,519,240,68
31,635,1021,Shamela0011728,659,220,611,240,67
31,696,1057,Shamela0005446,417,1054,1347,215,73
31,1344,1494,Shamela0007798,7823,1076,1189,46,41
32,951,1152,Sham19Y0020966,302,80,260,136,82
32,105,712,Shia002662Vols,681,137,447,207,43
32,335,1435,Sham19Y0013231,3797,1,1430,711,58
33,1088,1349,Shamela0011818,162,718,1201,182,47
33,1121,1302,Sham19Y0145212,120,719,899,131,86
33,31,687,Shamela0000041,2185,720,958,137,26
33,1125,1395,Shamela0021713,77,260,789,202,47
33,25,622,Sham19Y0013231,3798,1,614,409,76
33,1069,1365,Shamela0021735,482,803,1134,200,75
33,1084,1336,Rafed0003902Vols,1768,1275,1574,181,76
33,1121,1407,Shamela0004473,12797,823,1526,194,33
34,323,449,Sham19Y0023608,4120,905,1027,96,96
34,323,752,ShamAY0034054,4204,768,1139,158,35
34,323,548,Shamela0021821,1937,1179,1390,141,77
34,430,752,Shamela0000041,2698,1,242,140,51
34,323,752,Shamela0023623,4359,125,495,159,35
34,323,752,Shamela0037458,4663,109,494,152,32
34,180,752,Sham19Y0013231,4344,716,1242,379,80
34,323,780,Shamela0021766,4725,755,1132,210,53
34,323,752,Shamela0023578,3312,894,1240,216,60
34,338,449,Shia002359Vols,4366,434,560,87,88
34,290,666,Sham19Y0018612,99,1,193,133,45
34,334,449,Shamela0023634,670,540,666,90,91
37,869,1132,Shia002616Vols,6712,908,1181,196,80
37,588,1228,Shamela0023596,126,126,1007,475,60
37,491,1496,Sham19Y0013231,4490,1,1150,655,59
37,532,1496,Sham19Y0018612,74,1,826,588,70
38,30,752,Shamela0021821,2026,336,1378,370,40
38,86,846,Sham19Y0013231,4489,29,1001,311,30
39,1057,1581,JK000381,4958,259,816,418,92
40,1,757,JK000381,4958,816,1575,608,98
40,757,1028,JK000381,4959,1,273,222,99
41,1158,1402,Shamela0000432,5319,1245,1506,187,91
41,1166,1402,JK000916,24465,675,898,142,73
41,1196,1402,Shamela0008381,2439,193,400,158,95
41,1158,1410,Shamela0004482,519,705,984,192,88
41,1166,1402,Sham19Y0001734,150,1048,1276,162,88
41,1166,1402,Shamela0009107,555,977,1183,156,85
41,1202,1402,Shamela0006886,82,287,519,153,84
41,379,508,Sham19Y0017817,338,414,753,89,33
41,1153,1490,Shamela0021713,16,4,321,197,70
41,1158,1402,Shamela0000894,2432,853,1115,188,91
41,1169,1402,Shamela0003118,7045,555,775,140,73
41,1158,1402,Kraken220413202218,149,1050,1289,161,77
41,1202,1402,Shamela0021537,3821,617,815,152,96
43,253,918,ShamAY0033589,3,514,1083,265,40
43,542,785,Shamela0021821,2011,289,493,125,62
43,494,843,Shamela0000041,2768,815,1336,120,22
43,798,918,JK000791,2476,124,636,94,22
43,442,918,Shia002406Vols,7735,760,1327,125,19
43,373,992,Sham19Y0013231,4465,1,821,381,51
43,755,924,Shamela0023578,3427,851,1489,110,20
45,364,1114,Shamela0021821,2019,844,1174,179,29
45,546,1580,Sham19Y0013231,4477,111,1477,618,50
45,1116,1577,Shia002359Vols,4522,24,180,107,29
45,1116,1351,Shia002341Vols,4027,148,350,132,66
46,41,296,Sham19Y0013231,4375,969,1554,173,36
46,296,514,Sham19Y0013231,4376,1,271,129,49
46,613,777,Shamela0023685,919,15,486,126,33
46,460,777,Shamela0026568,800,424,1105,174,29
47,55,234,Shamela0023685,919,686,815,101,68
47,55,234,Shamela0026568,800,1330,1460,102,68
50,636,958,Sham19Y0020891,6818,726,1079,94,24
50,1186,1422,Sham19Y0013231,4479,919,1159,122,61
50,770,1144,Sham19Y0013231,4480,536,898,264,84
50,571,958,ShamAY0034052,2541,69,403,104,27
50,1190,1344,ShamAY0031578,9576,1119,1272,89,72
51,1429,1641,ShamAY0034447,68,590,840,124,61
55,93,710,ShamAY0034403,107,1,386,246,47
55,77,483,Sham19Y0145411,549,1325,1502,142,43
55,195,364,Meshkat00057178,3099,1211,1487,81,35
58,599,884,Sham19Y0013231,4510,598,1058,97,21
59,1340,1596,Shamela0000894,685,1334,1578,201,95
60,1,1039,Shamela0000894,686,120,1147,833,97
63,1270,1551,ShamAY0034054,4401,1214,1422,113,46
63,1134,1493,Shamela0021821,2031,902,1121,128,44
63,1270,1551,Shamela0023623,4555,736,944,112,46
63,1270,1551,Shamela0037458,4880,848,1056,112,46
63,1134,1604,Sham19Y0013231,4494,303,799,302,71
64,1243,1411,JK009179,16,311,480,110,74
64,1039,1372,Shamela0096271,32,152,428,161,53
64,1039,1372,JK001242,6,706,993,162,53
64,1216,1372,JK000098,92,497,916,121,36
64,1194,1398,Shamela0007798,9548,821,1044,127,68
66,935,1296,Shia003990,35,797,1314,246,60
66,1034,1296,ShamAY0034403,26,1,211,133,64
66,929,1181,Shamela0008370,570,81,449,186,63
66,935,1296,Rafed0003902Vols,2048,41,464,267,74
66,941,1296,JK000381,2617,854,1286,210,54
67,1034,1608,Shamela0008658,2881,1188,1300,53,10
68,334,522,Sham19Y0013231,4494,1324,1475,105,66
70,257,758,Sham19Y0150960,971,204,539,252,59
70,257,758,Shamela0001417,259,793,1215,327,79
70,257,758,Shamela0011728,659,891,1272,293,70
70,257,988,Shamela0023685,906,958,1668,446,62
70,988,1578,Shamela0023685,907,1,613,415,81
70,325,1578,Shamela0026568,788,1,1236,797,68
71,984,1330,Sham19Y0023625,2569,540,1057,168,39
71,930,1112,Shamela0021821,2037,986,1186,129,74
71,930,1112,Shamela0000041,2791,1282,1498,131,70
71,1194,1330,Shamela0000041,2792,504,647,86,72
71,959,1383,Kraken220727035853,5249,306,925,182,32
71,930,1422,Sham19Y0013231,4500,723,1573,345,49
71,1,465,Shamela0023685,907,613,1547,329,42
71,465,916,Shamela0023685,908,1,458,256,59
71,208,610,JK000076,156,1,377,262,76
71,124,379,Rafed0003902Vols,4684,503,774,188,86
71,92,916,Shamela0026568,789,158,1040,487,61
72,31,377,ShamAY0034054,4413,217,633,173,43
72,124,377,Shamela0021821,2039,4,280,127,45
72,7,292,Shamela0000041,2792,915,1156,101,37
72,31,377,Shamela0037458,4894,893,1312,152,34
72,7,292,Sham19Y0013231,4501,69,489,198,58
73,5,182,Sham19Y0013231,4524,1315,1488,124,86
74,1275,1604,Shamela0008476,733,1220,1538,254,95
74,552,1149,Sham19Y0013231,4525,522,989,225,37
75,1098,1261,JK000013,12,86,265,120,84
75,972,1261,JK000021,1403,53,541,160,39
75,972,1261,ShamAY0034809,234,863,1238,157,52
75,767,1461,Sham19Y0013231,4527,52,871,223,26
75,767,1040,Meshkat00057178,3870,1021,1529,93,18
75,1098,1261,Shia001937,12,1097,1281,120,82
85,855,1402,Shamela0010549,103,929,1500,424,93
86,577,1383,Shamela0010549,104,244,890,487,74
89,1,680,Sham19Y0013231,4448,485,1185,284,42
90,927,1115,Shamela0023628,3653,113,317,91,48
90,608,1115,ShamAY0033108,1965,1,228,121,29
90,413,1115,Tafsir02091,2243,384,900,185,25
90,913,1115,Shamela0000041,2760,268,497,119,58
90,987,1115,Kraken220727035853,5175,1016,1177,82,65
90,1009,1428,Sham19Y0013231,4450,9,520,133,23
90,917,1115,Meshkat00057178,3804,482,800,89,30
90,413,1137,Shia002359Vols,4487,129,806,190,21
92,287,556,Sham19Y0013231,4450,746,1053,140,48
92,941,1052,Shamela0023789,607,211,447,63,33
93,267,544,Sham19Y0013231,4451,1,349,147,47
93,138,609,Shia002341Vols,4009,1063,1476,119,25
94,1175,1451,Shamela0023623,4479,343,789,84,19
94,1053,1451,Shamela0037458,4798,277,1119,141,19
94,1156,1559,Sham19Y0013231,4439,769,1331,211,45
94,566,987,Sham19Y0013231,4452,683,1223,180,37
97,1168,1336,Shamela0023606,377,803,971,135,100
97,475,1020,ShamAY0034054,4326,815,1134,117,22
97,475,1033,Shamela0037458,4800,376,714,120,22
97,488,1400,Shia002616Vols,6629,8,469,183,22
97,493,1400,JK009266,9401,488,851,192,26
97,493,1400,Sham19Y0013231,4441,65,825,368,40
97,1168,1336,ShamAY0034423,156,1314,1482,135,100
98,1008,1508,Sham19Y0013231,4420,534,1064,206,39
101,327,1571,Shamela0023685,911,341,931,415,41
101,327,1571,Shamela0026568,792,916,1501,411,41
102,786,1362,Shia003732Vols,1051,308,858,421,88
102,903,1347,ShamAY0034447,2184,1,431,266,65
102,1,196,Shamela0023685,911,931,1590,123,24
102,25,269,Shamela0026568,793,7,710,159,28
103,889,1579,Shamela0023685,912,58,709,477,79
103,889,1579,Shamela0026568,793,690,1344,467,77
104,38,224,Shamela0010549,162,1338,1481,114,75
104,650,1265,Sham19Y0013231,4423,323,730,247,49
104,1,1055,Shamela0023685,912,709,1598,677,76
104,1081,1265,Shamela0023685,913,1,200,146,88
104,1,340,Shamela0026568,793,1344,1618,183,59
104,340,1265,Shamela0026568,794,1,824,640,83
105,547,755,Sham19Y0013231,4423,730,940,153,89
105,104,547,Shamela0023685,913,200,584,296,80
105,547,755,Rafed0003902Vols,4615,1211,1421,157,91
105,142,755,ShamAY0031578,9435,813,1419,248,37
105,104,547,Shamela0026568,794,824,1210,296,80
110,538,730,Sham19Y0013231,4398,261,796,119,28
111,1117,1457,Sham19Y0013231,4399,168,421,182,65
111,110,403,Shamela0023591,6779,381,792,109,28
112,714,979,Sham19Y0013231,4400,126,387,201,85
113,1105,1501,ShamAY0034054,4266,553,850,158,44
113,1105,1501,Shamela0037458,4732,84,364,165,48
113,10,445,Sham19Y0013231,4400,830,1306,325,78
113,1216,1495,ShamAY0031578,9384,47,309,158,62
117,574,1287,Sham19Y0013231,4377,888,1350,257,41
120,225,457,Rafed0001713Vols,2808,947,1181,182,92
120,225,446,Shia002356Vols,1350,203,404,145,75
120,221,429,Shia003961Vols,181,414,596,140,79
120,225,429,Shia002379,230,835,1013,135,78
120,214,540,Shia002702Vols,11296,437,780,213,75
120,225,462,ShamAY0034052,2456,229,468,188,96
122,780,943,Shamela0023628,3583,578,924,96,32
125,1314,1512,Shamela0023629,558,771,913,114,71
125,1314,1512,Tanzil001,103,450,592,114,71
125,1314,1434,Tafsir07076,5040,1402,1516,91,95
125,1314,1517,Tafsir07076,6408,38,185,118,72
125,1314,1517,Tafsir07076,8778,473,620,118,72
125,1314,1512,Sham19Y0023608,1975,997,1139,114,71
125,1314,1512,Rafed0001713Vols,1188,1160,1302,114,71
125,1314,1512,Shamela0004445,292,1067,1209,114,71
125,1314,1512,Sham19Y0020891,2952,1108,1250,114,71
125,1314,1512,Shamela0003485,69,856,998,114,71
125,1314,1512,Shamela0021821,871,1160,1302,114,71
125,1314,1512,Masaha000554Vols,2488,636,776,112,70
125,1314,1512,Zaydiyya0000062,847,1098,1240,114,71
125,1314,1512,Meshkat00042488,781,246,388,114,71
125,1314,1512,Sham19Y0023618,965,702,844,114,71
125,1314,1512,Shamela0023623,1941,122,264,114,71
125,1314,1512,JK000791,1110,800,942,114,71
125,1314,1512,Shamela0006947,20903,786,928,114,71
125,1314,1512,Shia002406Vols,4189,1194,1336,114,71
125,1013,1407,JK000101,526,857,1685,206,28
125,1314,1512,Shamela0008473,2511,1055,1197,114,71
125,1325,1512,JK009266,5124,1,138,110,73
125,1314,1512,JK009396,683,1058,1200,114,71
125,1314,1512,Rafed0002905Vols,4214,1228,1370,114,71
125,1314,1512,JK007018,320,655,797,114,71
125,1314,1512,Shamela0023614,532,656,798,114,71
125,1314,1512,Shamela0023594,935,1146,1288,114,71
125,1314,1512,Shamela0010273,1313,513,655,114,71
125,1314,1512,ShamAY0034073,2352,358,500,114,71
125,1314,1512,Shia003721Vols,214,531,673,114,71
125,1314,1512,Shamela0023578,1605,517,659,114,71
125,1314,1512,Shamela0023591,4056,1330,1472,114,71
125,1314,1512,ShamAY0036821,1215,27,169,114,71
125,1314,1512,Rafed0001792Vols,2558,1266,1408,114,71
125,1314,1512,Sham19Y0014114,72,215,357,114,71
125,1314,1512,Shamela0029743,479,1266,1408,114,71
125,1314,1512,Shamela0095590,2255,332,474,114,71
125,1314,1512,Shia002359Vols,2309,673,815,114,71
125,1314,1512,Sham19Y0023590,2994,1021,1163,114,71
125,1314,1512,Sham19Y0023590,3039,1050,1192,114,71
125,1314,1512,Sham19Y0145435,5005,910,1052,114,71
125,1314,1512,Rafed0003257Vols,2950,904,1046,114,71
127,1138,1296,Shamela0023629,756,347,624,127,57
127,1138,1296,Tanzil001,139,141,299,127,100
127,1138,1296,Sham19Y0023608,2532,86,248,127,97
127,1138,1296,Shamela0001394,978,466,831,127,43
127,1138,1296,Zaydiyya0000476,166,703,861,127,100
127,1138,1296,Shamela0023628,2439,127,285,127,100
127,1138,1296,Shamela0000041,1649,1057,1215,127,100
127,1144,1296,Zaydiyya0000062,1162,838,1322,122,31
127,1127,1318,Shamela0022928,585,385,694,143,55
127,1127,1296,Meshkat0014420,3116,428,597,136,100
127,1138,1296,Shamela0023623,2593,1119,1281,127,97
127,1138,1318,JK000791,1512,290,481,139,91
127,1109,1312,Shamela0037475,192,387,585,145,88
127,1138,1296,Shia002406Vols,5417,796,954,127,100
127,1138,1296,Shia001432Vols,2468,8,166,127,100
127,1138,1296,Shamela0008473,3126,306,464,127,100
127,1127,1318,Shia002616Vols,4095,169,349,145,94
127,1138,1318,JK009266,6323,1276,1445,132,91
127,1132,1318,JK009396,928,906,1081,137,91
127,1138,1312,Sham19Y0014404,916,254,627,126,42
127,1138,1296,Rafed0002905Vols,5200,1267,1425,127,100
127,1138,1318,Shamela0023632,2422,133,302,136,93
127,1138,1296,Shamela0023614,712,963,1121,127,100
127,1138,1299,Shamela0023594,1220,506,671,127,96
127,1138,1296,Shamela0010273,1844,1357,1519,127,97
127,1132,1296,ShamAY0034073,3068,553,717,128,97
127,1138,1257,Shamela0023578,2031,1435,1554,97,100
127,1138,1279,Shamela0023578,2033,1225,1409,114,76
127,1138,1296,Shamela0023591,4871,652,810,127,100
127,1138,1296,Shamela0023591,4882,947,1105,127,100
127,1138,1296,Rafed0001792Vols,3183,324,482,127,100
127,1138,1296,Sham19Y0147312,1366,264,422,127,100
127,1138,1261,JK006476,1003,668,787,97,96
127,1132,1318,Meshkat00057178,2523,192,562,141,46
127,1138,1296,Shamela0029743,650,981,1139,127,100
127,1127,1296,Rafed0003902Vols,3271,702,1093,136,43
127,1127,1296,Shamela0095590,2881,1227,1396,136,100
127,1138,1296,Shia002359Vols,2893,1281,1439,127,100
127,1138,1296,Sham19Y0023590,3873,22,184,127,97
127,1138,1296,Shia002341Vols,2718,1129,1287,127,100
127,1138,1296,Rafed0003257Vols,3574,393,551,127,100
127,1138,1318,Shamela0007798,6401,336,795,135,36
130,296,405,Shamela0021821,1933,445,554,88,100
130,296,405,Shamela0095735,856,447,556,88,100
130,296,405,Shamela0006947,8163,1492,1601,88,100
130,296,405,Shamela0006947,12343,81,190,88,100
130,296,405,Shamela0006947,13581,697,806,88,100
130,296,405,Sham19Y0132973,680,426,535,88,100
130,296,405,Shia002228,9,1032,1141,88,100
130,285,405,Shamela0007798,9206,998,1118,97,100
133,1072,1434,Rafed0000685Vols,111,73,469,204,63
133,1118,1434,Shia004484,31,202,525,182,67
133,1072,1434,Shia001432Vols,623,295,691,197,60
133,1072,1434,Shia001432Vols,19960,1117,1514,198,60
133,1072,1666,Sham19Y0145411,340,934,1411,202,35
133,1072,1434,Masaha004555,59,1197,1595,196,59
134,90,738,Shia001432Vols,623,1141,1710,297,48
134,90,738,Shia001432Vols,19961,368,937,295,48
134,415,732,Shia001432Vols,20531,16,412,172,48
134,90,705,Shia004695Vols,644,830,1519,217,29
134,90,738,Masaha004555,60,386,998,289,44
134,90,732,Rafed0001792Vols,213,556,1279,250,33
134,90,718,ShamAY0031578,504,906,1467,246,37
135,259,872,Shamela0008206,723,347,537,98,19
135,265,375,JK010001,3924,436,546,89,100
135,279,790,Tafsir09084,851,35,268,151,35
135,265,375,Tafsir07055,4087,1352,1462,89,100
135,193,927,JK000101,628,220,673,317,52
135,279,779,Shamela0008473,1819,658,880,144,34
135,279,779,Rafed0003902Vols,1963,519,741,144,34
137,429,602,Shamela0021821,1904,858,1165,88,31
137,423,1509,Shamela0023685,913,696,1348,475,52
137,423,773,Shamela0026568,794,1322,1556,184,64
137,773,1509,Shamela0026568,795,1,433,291,46
138,1,236,Shamela0023685,913,1348,1502,124,65
138,1,524,Shamela0026568,795,433,778,244,54
140,362,1352,Shamela0023685,914,117,861,585,71
140,370,988,Shamela0010895,24,1019,1627,488,93
140,988,1611,Shamela0010895,25,1,581,449,88
140,362,1352,Shamela0026568,795,715,1470,601,73
141,1,876,Shamela0010895,25,581,1503,654,87
141,876,1494,Shamela0010895,26,1,608,486,97
142,1,1089,Shamela0010895,26,608,1571,754,84
142,1089,1527,Shamela0010895,27,1,440,343,97
143,378,1428,JK000791,2360,725,1262,187,19
143,315,1522,Shamela0023596,63,192,1268,445,33
143,435,863,Sham19Y0013231,4280,1000,1532,232,46
143,863,1526,Sham19Y0013231,4281,1,822,335,40
143,1,258,Shamela0010895,27,440,666,181,87
144,331,609,Shamela0023587,964,598,955,146,46
144,349,563,Shamela0001394,1495,802,1152,130,44
144,338,579,ShamAY0033108,1605,189,394,92,35
144,338,579,Tafsir02091,1861,936,1141,92,35
144,343,462,Shamela0022928,731,227,346,96,100
144,7,296,ShamAY0034068,3876,554,806,154,56
144,338,604,Shia002616Vols,5536,173,847,171,31
144,7,283,JK009266,9015,618,826,151,66
144,1,256,Shamela0023596,63,1268,1462,139,65
144,11,455,Shia003692,232,1296,1492,96,24
144,1,310,Sham19Y0013231,4281,822,1115,166,57
144,343,469,ShamAY0034392,354,6,139,102,94
144,320,469,ShamAY0034392,365,1263,1412,109,91
144,338,546,Rafed0003902Vols,4042,777,981,127,75
144,338,462,Shamela0095590,4010,869,993,100,100
144,349,563,Shamela0000922,1107,317,541,122,55
144,338,462,Shamela0007798,8121,58,182,100,100
145,394,575,Shamela0005756,11701,553,928,109,36
146,1228,1410,Shamela0010549,369,159,293,99,68
146,1228,1410,Shamela0000894,5739,652,786,99,68
146,1,181,Shamela0010895,135,1301,1515,137,82
146,181,779,Shamela0010895,136,1,537,413,85
150,882,1285,JK010001,3742,1052,1390,115,25
150,882,1285,Sham19Y0023590,5785,319,560,136,39
152,577,765,Shamela0011818,165,323,541,138,73
152,855,1135,JK009266,9256,240,740,124,25
152,697,944,Zaydiyya0000408,112,818,1222,123,33
152,585,753,Shia004695Vols,1202,1251,1401,114,82
152,697,944,Zaydiyya0000295Vols,3352,45,434,123,34
152,585,860,Shamela0000922,1202,412,562,116,52
153,1197,1398,Tafsir07076,2870,1,131,106,64
153,1189,1398,Tafsir07076,7659,786,924,113,66
153,1189,1398,Shamela0004473,6226,137,275,113,66
153,674,1429,Shamela0004473,12802,775,1129,182,27
155,870,1352,JK000101,526,562,1313,244,36
155,870,1352,Shamela0008370,1060,533,961,200,44
156,804,953,Sham19Y0150960,907,386,528,114,95
156,520,1480,ShamAY0038329,177,748,1476,440,48
156,804,953,Rafed0001792Vols,3687,690,849,93,68
156,804,932,Meshkat00042485,5055,560,682,98,95
156,804,932,ShamAY0031578,7091,1280,1402,98,95
157,643,1484,ShamAY0033559,27,594,1317,443,56
158,1477,1662,ShamAY0034371,443,864,1204,130,48
158,217,479,ShamAY0038329,178,101,354,189,90
158,1418,1662,Shamela0023685,839,498,744,190,96
158,538,884,Shamela0023685,905,438,742,247,87
158,1477,1662,JK000381,353,68,390,115,42
158,538,884,Shamela0026568,786,976,1282,243,85
159,439,916,ShamAY0035754,12,829,1258,333,88
159,77,478,Shamela0000432,4150,529,901,253,78
159,238,864,Shamela0012444,26,766,1311,331,60
159,70,478,Shia002294Vols,260,359,743,257,77
159,1,1475,Shamela0010549,226,42,1307,974,80
159,70,478,Kraken22041319410300,93,1019,1403,255,77
159,238,864,Shamela0007350,117,673,1219,331,60
159,213,569,ShamAY0034447,325,1126,1516,251,75
159,569,911,ShamAY0034447,326,1,334,262,97
159,77,657,Shamela0000894,649,570,1315,252,35
159,77,657,Shamela0023685,44,391,780,267,57
159,884,1528,Shamela0023685,839,676,920,114,20
159,77,657,Shamela0026568,19,42,431,267,57
160,447,1102,Shamela0023685,839,819,1147,188,31
162,292,873,JK007583,40,408,954,372,78
162,292,873,JK010766,439,997,1542,364,76
162,251,873,Shamela0006909,299,873,1405,361,70
162,292,877,Sham19Y0000259,660,61,610,362,76
162,399,873,Shia004649Vols,294,263,1042,352,52
162,292,518,Shamela0010768,284,21,247,168,88
162,292,873,Shamela0009429,691,89,578,360,76
162,279,873,Sham19Y0020762,1452,971,1470,364,75
162,292,873,JK010778,161,637,1183,370,77
162,513,873,JK006900,1196,522,847,262,88
162,267,637,Shamela0010646,1217,1270,1584,204,68
162,650,873,Shamela0010646,1218,7,195,148,80
162,292,873,Shamela0023790,66,155,479,222,47
162,267,663,ShamAY0035859,212,1262,1599,231,72
162,663,873,ShamAY0035859,213,1,176,141,81
162,292,873,JK006908,187,159,707,353,62
162,292,540,Shamela0023775,35,1328,1577,124,62
162,540,873,Shamela0023775,36,1,299,241,87
162,251,873,Sham19Y0013666,53,198,764,378,74
162,251,873,Shamela0010283,1425,127,651,372,73
162,251,848,ShamAY0034503,110,139,429,189,38
162,267,897,Sham19Y0026183,403,172,726,341,64
162,292,736,Sham19Y0021505,356,1121,1507,279,77
162,427,873,Shamela0001601,31,1,398,283,78
162,320,848,Shamela0004473,4383,596,1142,200,41
162,292,560,Sham19Y0000760,159,1300,1567,136,64
162,560,873,Sham19Y0000760,160,1,279,227,87
162,284,877,Shia003636Vols,7262,577,1079,366,75
162,284,873,Shamela0023789,948,801,1294,364,75
162,284,873,Masaha003390Vols,381,877,1486,372,70
163,395,761,Shamela0023685,905,873,1169,234,77
163,500,761,Shamela0026568,787,1,191,153,71
164,170,314,Sham19Y0020891,6464,1404,1554,113,94
164,71,428,JK009266,8951,1108,1557,257,70
164,1070,1532,Shamela0023685,905,1169,1403,141,38
164,57,374,Shamela0023591,6611,488,810,249,93
164,57,368,ShamAY0036821,1791,1248,1564,244,92
164,101,374,ShamAY0034052,2390,1,289,219,94
164,71,374,Tafsir02079,3637,1153,1459,231,92
165,207,1546,Shamela0023644,1183,5,1409,886,66
165,225,1015,Shamela0023685,906,1,685,561,85
165,1365,1546,Shamela0023685,931,675,853,136,91
165,98,1010,Shamela0010895,77,685,1611,593,66
165,1,1015,Shamela0026568,787,401,1245,652,76
165,1365,1546,Shamela0026568,812,361,539,137,91
166,858,988,Meshkat0014420,4441,981,1111,105,100
166,858,996,Shia002406Vols,443,349,487,112,100
166,1248,1581,JK007099,346,1178,1529,112,28
167,606,871,Tafsir09085,702,1345,1577,143,63
167,644,1244,JK007099,347,1,518,422,84
167,606,756,Tafsir09083,1552,1515,1722,99,59
167,591,1084,Shamela0002386,242,1179,1558,294,70
167,1084,1244,Shamela0002386,243,1,161,130,92
168,1101,1524,JK001477,207,610,760,95,27
168,313,765,Sham19Y0013231,6210,914,1343,339,93
169,454,717,JK001179,14,1107,1308,109,51
169,359,458,Sham19Y0020762,1639,994,1097,75,94
169,359,464,Sham19Y0020762,1795,127,236,80,95
169,359,464,JK010605,187,1002,1105,77,94
169,359,458,Shamela0001000,679,369,468,76,100
169,359,458,Shamela0031373,67,758,857,76,100
170,683,906,Shamela0021821,1809,134,409,125,47
170,762,1368,Shamela0023623,4063,1261,1594,127,23
170,375,1589,JK007099,347,851,1577,513,51
170,730,1373,Sham19Y0013231,4119,1,307,153,25
170,1079,1451,Shamela0023685,914,1131,1384,152,43
170,383,1589,Shamela0002386,243,514,1228,464,43
170,1079,1451,Shamela0026568,796,184,436,161,47
171,23,330,Shamela0023685,914,1377,1590,161,65
171,23,338,Shamela0026568,796,429,651,169,67
172,43,286,Shamela0023685,915,1,232,183,93
172,43,286,Shamela0026568,796,661,891,183,94
173,362,666,Shamela0008544,677,368,614,154,56
173,192,371,ShamAY0033975,479,837,1388,137,31
173,362,655,ShamAY0033975,480,608,890,179,65
173,840,1222,Shamela0008476,734,1,370,292,95
173,518,655,Shamela0001719,3168,1,365,102,33
173,192,362,Shamela0001719,3200,1042,1216,128,94
173,192,589,Sham19Y0016599,704,516,1016,177,34
173,420,598,Sham19Y0037618,336,286,517,135,72
173,460,605,Shamela0005922,2546,12,159,115,92
173,192,366,Sham19Y0123665,699,541,717,130,93
173,460,589,Sham19Y0123665,2703,44,174,101,90
173,420,598,Sham19Y0127660,1752,125,345,134,75
173,460,662,Sham19Y0127660,1916,1,220,152,83
173,407,605,Sham19Y0017747,1864,1048,1246,145,85
173,444,576,Sham19Y0150676,2908,1386,1542,102,81
173,449,598,Sham19Y0036114,793,538,697,118,90
173,407,605,Sham19Y0020868,377,395,594,144,84
173,407,605,Sham19Y0123608,977,1122,1320,145,85
173,407,605,Sham19Y0013577,8079,481,679,145,85
173,192,589,Shamela0000551,827,336,962,225,43
173,971,1222,JK007099,348,499,760,189,89
173,444,589,Shamela0007264,328,18,168,105,82
173,407,605,Shia000841Vols,8368,1107,1299,138,81
173,407,605,Shamela0021766,1048,45,244,144,84
173,460,605,Sham19Y0017757,209,342,490,115,92
173,199,362,Shamela0023163,46,1,168,122,94
173,187,589,Sham19Y0122401,952,138,475,182,48
173,271,605,Sham19Y0014462,321,310,681,142,34
173,192,598,Sham19Y0016555,778,868,1210,154,39
173,971,1222,Shamela0002386,244,240,525,188,83
174,1416,1604,JK007099,349,5,260,110,51
174,1257,1604,Shamela0002386,244,1013,1397,177,52
175,1,474,JK007099,349,260,710,364,93
175,83,474,Shamela0002386,245,1,371,301,94
176,477,1201,JK007099,349,814,1526,567,96
176,981,1111,Shamela0003055,2269,356,486,104,100
176,477,1208,Shamela0002386,245,648,1354,553,93
179,605,872,Shamela0021821,1811,196,421,157,74
179,310,872,Shamela0000041,2516,588,895,203,44
179,580,738,Shia001432Vols,1576,230,426,90,55
179,310,872,JK009266,8606,735,1123,227,46
179,292,1273,Sham19Y0013231,4122,601,1508,616,72
179,292,872,Tafsir09083,1551,34,314,162,33
179,580,738,Shia002359Vols,4095,991,1208,90,50
179,1013,1273,Shamela0000922,1204,224,610,171,54
181,870,1398,Shia003732Vols,1040,1041,1606,395,80
181,842,1376,Sham19Y0013231,4016,985,1567,328,62
181,1383,1547,Sham19Y0013231,4017,5,209,120,74
181,1157,1547,Sham19Y0013231,8801,520,761,160,50
182,948,1115,Shia003732Vols,1041,171,353,121,82
182,1172,1485,ShamAY0034447,2182,865,1128,157,56
182,1,321,Sham19Y0013231,4017,380,730,204,65
182,953,1343,Shamela0023685,908,959,1150,145,46
182,953,1491,Shamela0026568,790,50,767,240,32
183,42,607,Shia003732Vols,1043,1,755,443,71
183,936,1610,Shia003732Vols,1046,27,667,497,88
183,1,758,Shamela0023685,909,180,842,512,81
183,1,758,Shamela0026568,790,767,1428,503,80
184,1,663,Shia003732Vols,1046,667,1323,466,85
184,739,1103,Shia003732Vols,1047,205,566,238,76
184,1080,1445,Shia003732Vols,1049,1,348,185,57
184,336,682,ShamAY0034447,2183,293,749,159,39
184,326,491,Shamela0023685,909,1421,1585,125,94
184,491,1445,Shamela0023685,910,1,750,487,59
184,326,1445,Shamela0026568,791,460,1378,617,64
185,102,641,JK000110,1117,98,788,252,41
185,102,519,JK000110,1346,669,1246,242,48
185,224,756,Shamela0001875,848,55,598,258,50
185,105,524,Shamela0010463,3,70,633,245,51
185,102,519,Sham19Y0018176,1587,452,1003,225,46
185,102,547,Sham19Y0018176,1864,836,1434,251,49
185,102,405,Shamela0004289,101,890,1367,217,55
185,147,519,Shamela0023422,6,5,616,252,51
185,102,316,Shamela0023422,20,553,946,151,47
185,102,524,Shia002119Vols,1334,266,831,218,42
185,102,556,Shamela0011428,1047,289,574,105,24
185,102,524,Shamela0001719,436,520,1058,208,43
185,102,524,Shamela0001719,3614,751,1346,238,45
185,102,414,Sham19Y0016584,3050,78,459,170,48
185,102,559,Sham19Y0016584,3461,674,1297,249,48
185,102,641,Shia001989,110,513,1407,312,44
185,105,425,Shia003732Vols,799,931,1359,191,52
185,89,756,Shia003732Vols,1049,381,879,234,38
185,1086,1461,Shia003732Vols,1051,134,317,134,44
185,105,489,Shamela0022800,22,628,974,172,50
185,102,296,Shamela0001727,618,1071,1433,135,46
185,296,519,Shamela0001727,619,1,330,152,59
185,102,556,Shamela0004445,2045,345,938,228,43
185,93,519,ShamAY0035035,2630,341,602,87,21
185,82,483,JK007065,225,601,1468,224,31
185,152,519,Shia000089Vols,1373,1163,1430,141,49
185,147,489,Sham19Y0132524,1015,85,621,228,53
185,175,519,Kraken230110004547,619,1,523,177,37
185,224,641,Shamela0005583,287,19,456,190,47
185,102,375,JK009242,107,1059,1431,168,51
185,802,1001,JK000366,2,319,554,141,75
185,679,917,ShamAY0033885,2,460,744,114,41
185,102,641,Shamela0012062,168,620,1255,240,41
185,102,524,Shamela0021715,7792,115,701,251,51
185,224,519,Sham19Y0122406,1664,87,487,201,62
185,102,519,JK000299,992,1177,1433,95,27
185,147,519,Shamela0005756,11032,1,500,195,44
185,102,519,Shamela0005756,12229,531,1109,244,50
185,524,756,Sham19Y0013241,1753,988,1189,146,77
185,89,425,Shamela0006947,20432,118,400,157,50
185,105,519,Shamela0025800,3227,401,1003,249,49
185,35,741,Shamela0004864,8,766,1466,324,50
185,741,1001,Shamela0004864,9,1,291,163,64
185,105,489,Shamela0008473,21,799,1162,184,52
185,224,519,Sham19Y0018106,2824,76,395,150,49
185,102,559,Sham19Y0018106,3232,407,1018,251,47
185,93,785,ShamAY0033181,580,213,718,172,29
185,802,1380,ShamAY0034447,2183,933,1303,216,41
185,105,524,JK009324,3545,607,1173,238,48
185,102,519,Shia000107Vols,2143,112,400,142,43
185,802,1001,Shamela0021809,1334,988,1195,141,84
185,152,524,Shamela0021809,2770,7,611,238,48
185,102,458,Sham19Y0013605,3305,827,1291,191,45
185,802,1001,ShamAY0033545,3,7,242,141,75
185,102,519,Sham19Y0148271,2053,447,1113,265,49
185,679,797,Shia002158,18,272,392,95,98
185,102,515,ShamAY0034005,486,247,799,213,43
185,127,756,JK007083,129,1,837,301,38
185,105,405,Sham19Y0020699,575,904,1118,132,56
185,102,556,Shamela0025794,3317,292,952,264,47
185,102,430,JK000386,532,976,1477,227,55
185,617,797,Shamela0023685,910,607,791,114,76
185,1165,1428,Shamela0023685,910,588,1110,183,42
185,524,756,Sham19Y0123510,772,880,1086,139,72
185,102,519,Shamela0021744,1148,1252,1507,95,27
185,102,641,Sham19Y0013252,6689,602,1309,259,41
185,102,434,Sham19Y0013252,7410,1082,1492,206,57
185,118,519,Sham19Y0020638,509,159,800,269,51
185,105,563,JK000977,1054,1,577,213,41
185,102,519,JK001284,91,529,1103,255,52
185,102,547,Sham19Y0039268,93,703,1445,299,51
185,524,1001,Sham19Y0039268,94,207,1190,353,45
185,102,434,Sham19Y0018103,2724,1040,1451,182,48
185,524,756,Shamela0013048,89,1103,1308,139,72
185,102,359,Sham19Y0146127,2250,1070,1400,175,61
185,105,519,Shamela0008463,1482,387,672,151,45
185,102,539,Shamela0010803,10,130,694,227,44
185,105,434,Shamela0005772,184,716,1092,195,57
185,102,405,JK006897,266,313,526,123,49
185,617,1380,Shamela0026568,791,1228,1539,214,34
186,971,1192,Shamela0008353,736,1273,1503,156,84
186,1194,1468,Shamela0008353,737,1,281,215,96
186,1,342,Shia003732Vols,1053,228,567,270,94
186,1003,1468,Shia003732Vols,1058,124,596,362,95
186,498,1074,ShamAY0034447,2184,595,849,177,38
187,1,426,Shia003732Vols,1060,896,1284,285,81
187,433,1394,Shia003732Vols,1061,648,1497,628,78
187,687,842,Sham19Y0013231,4023,1251,1447,113,71
187,1,156,Shamela0023685,910,1151,1314,122,95
187,1,156,Shamela0026568,792,241,404,122,95
188,1095,1294,Shia003732Vols,1063,909,1106,154,92
188,145,398,Shia003732Vols,1063,45,434,138,40
188,830,995,Shamela0035101,1196,1,294,127,52
188,1325,1611,ShamAY0034447,2184,1249,1512,114,34
188,85,810,Sham19Y0013231,4024,740,1586,253,25
189,1050,1371,ShamIbadiyya0000438,1118,147,661,150,33
189,331,1030,Shamela0004289,157,729,1430,518,89
189,1030,1433,Shamela0004289,158,1,492,286,71
189,7,207,Shamela0004289,1376,1118,1395,118,52
189,629,814,Shamela0007318,36,387,575,146,97
189,331,607,Shamela0008353,701,1276,1499,156,63
189,607,868,Shamela0008353,702,1,265,198,93
189,7,996,Sham19Y0018144,304,341,1464,429,39
189,515,814,Tafsir06051,487,532,818,194,81
189,12,1433,Sham19Y0017616,35,80,1396,874,73
189,331,1050,Zaydiyya0000359,106,830,1473,451,77
189,316,944,Shamela0008381,470,1018,1472,342,67
189,7,316,Sham19Y0150960,1396,501,696,111,45
189,7,316,Shamela0007891,2323,172,841,145,27
189,7,304,Shamela0001727,115,55,695,165,33
189,331,576,Shamela0001727,115,1142,1417,192,87
189,576,1433,Shamela0001727,116,1,939,639,82
189,555,814,Shamela0004445,57,21,276,181,83
189,331,1433,Shia001831Vols,137,44,1212,789,80
189,331,1371,JK007065,1406,312,1355,772,91
189,358,1365,ShamAY0038067,678,1,909,649,77
189,756,1320,ShamIbadiyya0000155,145,864,1449,253,51
189,358,796,Sham19Y0132524,249,987,1403,328,94
189,944,1365,Sham19Y0132524,251,240,604,268,80
189,290,1184,Kraken230110004547,565,927,1381,251,32
189,1194,1424,Kraken230110004547,566,5,227,144,76
189,1059,1242,Shamela0021821,495,596,762,113,77
189,7,316,Sham19Y0122406,369,460,682,124,45
189,331,1433,Sham19Y0122406,372,214,1381,788,80
189,294,814,Tafsir09084,2333,944,1270,198,46
189,1055,1317,Tafsir02100,51,551,742,133,65
189,331,839,Tafsir02100,140,764,1164,243,55
189,7,1317,Tafsir02100,174,201,1362,662,54
189,304,1095,ShamIbadiyya0000730,141,912,1500,449,71
189,1095,1375,ShamIbadiyya0000730,142,1,283,201,87
189,555,756,JK006838,394,84,258,130,79
189,1059,1379,Shamela0006947,4684,1,193,113,40
189,7,316,Shamela0025800,412,703,970,99,29
189,309,1433,Shamela0025800,2995,132,1255,816,87
189,429,1379,Shia002406Vols,5982,1,840,594,76
189,331,820,ShamAY0038638,134,53,443,260,63
189,1242,1433,ShamAY0038638,134,516,936,129,38
189,122,316,Shia001432Vols,879,418,570,97,63
189,7,172,Shamela0008473,4530,817,1084,81,39
189,304,1365,Shia002616Vols,2457,54,1070,749,87
189,331,814,Shamela0000782,1029,408,984,301,60
189,547,748,Shamela0009873,774,320,659,119,40
189,507,1365,Shamela0026668,244,330,1135,435,55
189,7,202,Masaha001864Vols,1892,743,1266,117,28
189,331,924,Masaha001864Vols,1893,853,1450,437,88
189,924,1433,Masaha001864Vols,1894,1,700,374,66
189,271,1365,Masaha001864Vols,4128,257,1379,754,80
189,320,996,Zaydiyya0000270,63,255,916,471,83
189,331,612,Zaydiyya0000270,74,1277,1583,215,84
189,612,1365,Zaydiyya0000270,75,1,703,525,86
189,331,903,ShamIbadiyya0000433,87,858,1395,333,65
189,340,1371,Shamela0001515,187,30,1002,703,84
189,309,486,Shia002218Vols,705,700,902,130,80
189,309,814,Shia002218Vols,927,72,393,206,47
189,331,1365,ShamAY0033974,170,235,1248,696,79
189,354,1433,ShamAY0033974,171,5,917,485,47
189,555,814,Sham19Y0148271,2225,53,317,187,84
189,1063,1433,Shamela0011385,3922,649,1052,112,26
189,331,1317,ShamAY0034005,942,663,1394,551,69
189,814,1365,ShamAY0032921,141,475,1316,234,30
189,331,1365,ShamAY0032921,142,172,1181,522,53
189,432,706,Sham19Y0014088,159,24,243,161,74
189,555,814,Sham19Y0013231,8346,978,1182,138,62
189,331,814,Shamela0025794,4954,481,696,146,38
189,555,814,Shamela0025794,4961,836,1091,180,82
189,331,1365,JK000384,324,205,1095,570,65
189,331,1365,JK000384,325,376,1201,606,72
189,437,1229,JK000384,326,46,713,433,63
189,437,1043,Shamela0012703,41,454,941,376,78
189,331,1010,Shamela0000894,5583,829,1504,493,87
189,547,814,ShamAY0034073,5012,189,454,189,85
189,567,839,Shamela0007808,14,388,711,158,56
189,316,814,Shamela0002864,1436,689,1171,351,84
189,397,1365,Shamela0009270,431,1,1050,644,74
189,7,410,Sham19Y0020638,104,635,1459,287,43
189,410,1433,Sham19Y0020638,105,1,1001,718,85
189,122,364,Shamela0035100,537,188,485,100,34
189,470,1433,JK000977,195,1,703,479,61
189,668,814,JK000698,153,1,142,110,91
189,331,814,Shia002702Vols,10485,88,593,376,93
189,331,1317,Shamela0004473,1957,629,1414,567,69
189,45,814,Shamela0004473,6707,401,994,424,64
189,45,692,Shamela0004473,12766,1118,1484,172,32
189,51,748,Shamela0004473,15699,679,1393,321,43
189,748,1131,Shamela0004473,15700,1,353,221,71
189,331,814,Sham19Y0023590,5360,519,981,282,62
189,331,1365,Shamela0012884,3844,312,1274,670,79
189,316,709,JK000371,383,1033,1558,291,68
189,7,304,JK000371,384,373,805,204,58
189,331,629,JK000475,2447,1223,1438,152,61
189,1242,1433,JK000475,2448,168,612,134,38
189,122,527,JK000475,2480,1079,1456,191,46
189,555,1365,JK000475,2481,1,690,470,71
189,122,316,Shia001174Vols,904,582,796,103,60
189,547,814,Shamela0009702,141,11,278,208,97
189,331,687,Rafed0003477Vols,346,1127,1479,265,90
189,687,903,Rafed0003477Vols,347,1,212,167,94
189,290,839,Shamela0007798,8588,601,1095,236,45
189,479,814,Shamela0007798,8589,69,365,200,68
190,471,816,ShamAY0035754,11,271,698,252,73
190,298,627,JK000110,816,503,946,171,42
190,617,816,Shamela0010463,640,1,200,159,100
190,298,481,Shamela0004289,105,609,823,130,73
190,568,816,Shamela0004289,128,940,1215,189,84
190,568,854,Shamela0008176,309,205,500,202,82
190,298,467,Shamela0008176,7081,620,791,121,81
190,298,467,Sham19Y0122257,3188,1200,1365,121,84
190,549,808,Shamela0007318,7,891,1134,168,77
190,568,816,Sham19Y0011326,269,323,560,187,94
190,545,821,Shamela0008353,176,122,418,207,88
190,563,816,Sham19Y0014309,2124,1028,1313,190,84
190,298,467,Sham19Y0016584,2422,432,599,121,83
190,568,808,Sham19Y0023608,2883,824,1058,173,88
190,568,816,Sham19Y0018144,298,1157,1405,186,91
190,298,448,Sham19Y0018144,305,1299,1432,95,77
190,545,854,Shamela0023606,282,86,408,212,80
190,568,816,Shamela0008206,874,397,661,193,89
190,1,404,Shamela0001727,116,939,1468,239,54
190,545,816,Shamela0008585,7,1192,1448,197,91
190,568,838,Shamela0023628,377,903,1231,210,80
190,298,467,Shamela0023628,3282,410,566,121,91
190,496,851,JK006874,12,1168,1564,216,66
190,298,481,Shamela0037837,1036,1230,1399,122,84
190,138,467,Shia001831Vols,138,764,1311,183,36
190,298,484,JK007065,1406,11,193,127,85
190,568,808,JK000520,183,261,495,162,86
190,298,467,Sham19Y0145212,3425,39,210,121,81
190,568,808,Shamela0037325,1932,1188,1414,165,87
190,568,816,Sham19Y0014119,72,1206,1475,193,90
190,568,821,Shamela0000041,329,704,958,183,86
190,298,467,Shamela0000041,2458,17,170,119,89
190,545,816,Shamela0007664,83,697,965,194,89
190,568,789,Shamela0009200,189,201,419,166,92
190,568,808,Shamela0007546,30,759,986,165,87
190,568,816,Shamela0009810,108,240,488,186,91
190,141,627,Shamela0008360,852,21,890,204,28
190,568,808,JK001435,28,310,548,167,86
190,568,808,Shamela0023623,3011,1216,1442,169,89
190,298,443,JK006838,382,776,906,88,71
190,568,808,Shamela0037458,3060,1172,1392,164,86
190,471,816,Shamela0010549,162,696,1122,251,73
190,568,816,Shia001731Vols,44,404,652,186,91
190,298,488,JK000201,3978,856,1042,126,80
190,568,816,JK009266,1542,933,1189,186,89
190,568,808,JK007025,128,665,892,162,85
190,298,467,Masaha001864Vols,1893,574,742,120,82
190,568,808,ShamAY0032781,7,510,744,162,86
190,298,467,Sham19Y0013605,2738,486,653,121,83
190,568,808,ShamAY0033974,16,134,676,168,37
190,608,808,ShamAY0033974,17,1,196,141,88
190,532,854,Sham19Y0018632,30,447,767,223,82
190,545,851,Sham19Y0018632,65,1099,1426,215,81
190,577,854,JK001259,64,642,918,188,82
190,568,808,ShamAY0033629,15,909,1143,163,86
190,568,808,ShamAY0032921,89,296,522,166,87
190,545,816,Shamela0003055,622,1214,1478,192,87
190,568,808,Shamela0006446,56,35,283,157,79
190,568,816,Shamela0025794,3660,457,717,186,87
190,568,808,Shamela0011279,13,1244,1470,165,87
190,568,789,JK000384,329,1168,1384,163,92
190,545,828,Shamela0001463,75,425,734,200,77
190,545,816,Shamela0011363,134,1252,1517,204,94
190,298,545,Shamela0000894,5584,69,384,174,69
190,568,808,JK001487,356,9,229,165,86
190,568,816,Sham19Y0017791,86,810,1085,193,88
190,549,751,Shamela0023685,1354,989,1191,150,90
190,568,816,Shamela0023578,440,822,1073,183,89
190,568,808,Shamela0009270,193,256,496,167,86
190,568,808,Shamela0013176,50,827,1066,173,88
190,496,808,ShamAY0034173,39,1002,1360,192,62
190,545,854,Sham19Y0013252,13318,610,931,213,80
190,1,399,Sham19Y0020638,105,1001,1438,232,58
190,568,816,Sham19Y0020638,106,651,914,193,92
190,298,467,Shamela0035100,537,470,609,105,79
190,549,808,Shamela0006463,9,866,1104,170,81
190,545,854,Rafed0003902Vols,3519,690,1012,213,80
190,298,457,Sham19Y0018103,2183,1354,1511,113,82
190,568,808,Shamela0012884,3813,1163,1397,168,85
190,568,816,Sham19Y0016976,159,596,871,193,88
190,568,838,Shamela0001395,15,1205,1492,191,84
190,568,789,Shamela0011077BK1,57,77,293,168,94
190,496,816,ShamAY0037747,433,253,605,206,69
190,568,816,Shamela0000216,49,1052,1267,171,86
190,298,467,Shamela0010906,131,463,602,105,79
190,568,808,Shamela0026871,15,1209,1448,166,86
190,549,751,Shamela0026568,1182,327,529,150,90
191,1271,1401,Shamela0008680,201,1294,1425,100,99
191,1401,1525,Shamela0008680,202,1,125,98,100
191,353,575,Sham19Y0122402,1255,1071,1273,165,90
191,184,378,Shamela0002864,1229,652,891,143,74
191,1271,1525,Shamela0002864,1428,407,661,198,100
191,1271,1525,Shamela0004473,15713,846,1100,198,100
191,850,1042,Shamela0004473,15718,782,974,154,100
192,473,759,Shamela0008353,700,17,354,170,62
192,1,492,Shamela0008680,202,125,585,254,58
192,579,768,Sham19Y0145212,3604,29,227,131,80
192,463,1087,Shamela0022921,33,178,950,363,55
192,1080,1414,Shamela0022921,46,440,1066,230,46
192,473,759,ShamAY0034441,146,565,805,139,62
192,712,1030,Shamela0002864,1406,1,419,156,41
192,993,1414,Shamela0002864,1411,495,987,129,25
192,1080,1414,Shamela0002864,1417,109,648,238,57
192,1,492,Shamela0002864,1428,661,1164,260,59
192,473,768,Shamela0001673,7111,872,1139,165,72
192,459,910,Sham19Y0020879,212,1036,1415,242,68
192,971,1414,Sham19Y0020879,216,311,973,248,45
192,1,150,Shamela0004473,15713,1100,1238,111,92
192,553,759,ShamAY0035955,352,1265,1451,140,86
193,738,1156,Shamela0004289,1408,56,230,95,25
193,913,1156,ShamAY0033975,282,458,813,105,29
193,908,1238,ShamAY0033632,203,89,337,75,21
193,738,958,Shamela0007891,540,1017,1141,65,34
193,917,1238,Shia003724,15,542,825,115,33
193,738,958,Shamela0029976,62,137,350,69,32
193,738,958,Shamela0000041,2215,1284,1402,65,35
193,738,958,Shamela0012872,31,492,614,64,36
193,913,1156,Shamela0000782,1100,220,625,105,26
193,913,1156,Masaha001864Vols,1805,85,379,110,35
193,738,958,ShamAY0033974,165,19,139,64,36
193,1,161,Shamela0022921,46,1066,1233,118,91
193,1,145,Shamela0011385,1245,745,1016,107,50
193,738,970,Shia002067,365,796,1007,65,22
193,913,1238,ShamAY0034441,70,1251,1420,65,21
193,738,958,Shamela0003118,3935,464,742,69,31
193,244,510,Shamela0002864,1399,1000,1334,152,56
193,738,958,Shamela0002864,1411,973,1096,63,35
193,738,958,Shamela0002864,1412,407,523,63,36
193,1,161,Shamela0002864,1417,746,913,122,94
193,913,1156,Shamela0002864,1458,818,1162,109,31
193,738,958,Shamela0009270,307,461,650,65,31
193,913,1156,JK000679,142,901,1259,105,28
193,22,506,Sham19Y0020879,213,616,1183,294,61
193,1,161,Sham19Y0020879,216,1071,1219,107,82
193,607,1143,Shamela0004473,15705,978,1466,376,87
193,1143,1441,Shamela0004473,15706,1,295,219,92
193,840,1085,Shamela0004473,15726,1338,1551,160,81
193,1085,1286,Shamela0004473,15727,1,198,156,96
193,738,958,Shamela0012884,1846,1400,1558,62,26
193,913,1238,Masaha002028Vols,402,1110,1264,64,20
194,905,1459,Shia003732Vols,1069,24,534,314,59
194,972,1454,ShamAY0034447,2193,518,1116,240,45
194,905,1373,Sham19Y0013231,4027,149,668,187,40
194,972,1459,Shamela0023685,845,213,576,288,74
194,8,895,Shamela0004473,15706,269,1154,689,96
195,994,1291,Shamela0008549,18,335,585,189,80
195,1178,1368,Shamela0023629,745,26,552,154,36
195,629,905,Shamela0023629,1105,586,1237,194,35
195,1077,1368,Shamela0011817,257,1,244,195,83
195,1000,1368,Tanzil001,136,1066,1387,253,86
195,613,877,Tanzil001,212,1282,1511,176,80
195,727,845,Shamela0023587,976,980,1204,95,52
195,989,1319,Shamela0012034,21,246,529,221,84
195,1000,1291,Shamela0012034,396,840,1084,190,82
195,994,1291,ShamAY0033889,22,519,769,189,80
195,1000,1368,Sham19Y0023608,2501,1102,1427,253,85
195,629,923,Sham19Y0023608,3535,734,996,211,86
195,732,851,Sham19Y0023608,3536,888,1285,93,29
195,629,851,Shamela0001394,1506,324,697,148,44
195,1000,1382,Zaydiyya0000476,679,262,659,268,85
195,1000,1382,Zaydiyya0000476,685,315,712,268,85
195,677,845,Zaydiyya0000476,696,1392,1551,107,79
195,677,923,Zaydiyya0000476,698,912,1179,169,75
195,629,923,Shia002382Vols,2195,151,402,205,85
195,1,384,Shia003732Vols,1069,534,857,257,83
195,1178,1382,Rafed0001713Vols,1552,815,1015,158,96
195,613,923,Rafed0001713Vols,2373,1004,1279,214,83
195,1008,1368,Shia002356Vols,747,1,312,245,85
195,609,868,ShamAY0034430,239,707,951,175,75
195,1178,1319,Shia001171,26,556,697,113,100
195,1000,1267,Shamela0004445,366,1277,1497,170,80
195,1000,1368,Shamela0023628,2425,912,1237,253,85
195,613,905,Shamela0023628,3098,767,1024,199,82
195,1088,1319,Sham19Y0020891,3778,1,184,145,79
195,727,923,ShamAY0034059,6067,1181,1378,158,98
195,1004,1319,Zaydiyya0000076,115,970,1293,204,70
195,727,868,Sham19Y0145410,229,356,497,114,100
195,1178,1319,JK010001,851,101,242,113,100
195,1169,1319,JK010001,2825,136,293,118,94
195,618,930,Shamela0000170,270,812,1070,207,81
195,1110,1371,Shamela0021821,1144,1036,1316,174,79
195,629,923,Shamela0021821,1658,563,820,210,87
195,1000,1301,Masaha000554Vols,3383,1272,1521,193,82
195,629,923,Masaha000554Vols,5410,750,1003,205,85
195,613,845,Zaydiyya0000062,1797,355,552,150,78
195,1110,1319,Shamela0022928,577,1101,1286,125,73
195,629,845,Meshkat00042488,1560,974,1158,147,81
195,1058,1368,Meshkat0014420,3078,189,451,210,84
195,1178,1368,Rafed0003537Vols,278,1112,1302,154,100
195,1000,1319,Sham19Y0023618,1193,800,1072,212,84
195,1187,1368,Shamela0023623,2557,1,182,147,100
195,613,923,Shamela0023623,3739,236,511,214,83
195,1000,1371,JK000791,1492,400,724,255,86
195,1178,1368,Shamela0037458,2589,1149,1339,154,100
195,727,923,Shamela0037458,3908,734,930,159,100
195,623,930,Shamela0006947,12775,437,728,176,66
195,1187,1319,Tafsir07055,913,1,133,106,100
195,1169,1319,Tafsir07055,2946,129,285,119,95
195,1000,1368,Shia002406Vols,5371,582,903,253,86
195,613,923,Shia002406Vols,6797,464,739,214,83
195,1178,1368,Shia001432Vols,534,101,291,154,100
195,629,923,Shia001432Vols,539,689,947,211,87
195,1110,1368,Shia001432Vols,5785,1,211,169,81
195,1207,1368,Shia001432Vols,20526,1,162,131,100
195,751,923,JK000101,440,1,173,140,100
195,1178,1368,Shamela0008473,3103,1055,1245,154,100
195,629,923,Shamela0008473,4268,57,314,210,87
195,1110,1389,Shia002616Vols,4056,819,1081,181,76
195,618,851,Shia002616Vols,5572,824,1566,160,25
195,1058,1368,JK009266,6245,1157,1419,210,84
195,613,923,JK009266,7998,397,672,214,83
195,1070,1363,JK009396,915,1187,1463,171,69
195,629,923,JK009396,1402,1218,1476,211,87
195,722,851,Sham19Y0014404,1353,135,485,100,35
195,629,855,Shamela0023588,1589,762,965,149,76
195,1000,1368,Shamela0009883,51,370,690,254,86
195,618,923,Shamela0009883,65,780,1049,220,88
195,1110,1319,Rafed0002905Vols,5145,85,331,128,66
195,1000,1368,Rafed0002905Vols,5230,1009,1302,227,77
195,629,923,JK007018,674,751,1008,208,86
195,727,905,Shamela0007853,11,921,1098,143,99
195,1178,1368,Shamela0023632,2395,1094,1284,154,100
195,691,923,Shamela0023632,3195,62,276,169,90
195,1000,1368,Shamela0023614,710,429,750,253,86
195,613,923,Shamela0023614,1089,15,290,214,83
195,1178,1319,Shamela0023594,1206,416,557,113,100
195,613,923,Shamela0023594,1789,908,1183,214,83
195,1000,1368,Shamela0010273,1806,806,1131,253,85
195,629,923,Shamela0010273,2942,376,638,211,86
195,1000,1324,ShamAY0034073,3032,1175,1450,212,83
195,1008,1368,Shia003721Vols,288,1,314,247,85
195,994,1319,ShamAY0034392,352,1245,1524,213,82
195,1062,1319,Shamela0023578,2018,882,1287,168,52
195,613,923,Shamela0023578,2806,134,409,214,83
195,1021,1319,Rafed0003943Vols,1062,701,951,196,83
195,613,905,Rafed0003943Vols,1415,532,789,199,82
195,1000,1368,Shamela0023591,4829,645,966,253,86
195,1178,1368,Shamela0023591,4838,554,744,154,100
195,613,923,Shamela0023591,6125,682,957,214,83
195,746,923,Shamela0023591,6129,1,178,144,100
195,1178,1319,Shia002380Vols,494,8,157,113,94
195,1000,1368,ShamAY0036821,1400,635,949,247,84
195,613,923,ShamAY0036821,1705,1201,1472,209,82
195,1000,1368,Rafed0001792Vols,3157,511,832,253,86
195,613,923,Rafed0001792Vols,4121,1263,1538,214,83
195,613,923,Sham19Y0147312,1802,1099,1374,214,83
195,629,905,Meshkat00057178,3273,662,1356,193,32
195,1000,1319,Shamela0029743,637,566,838,212,84
195,613,923,Shamela0029743,986,135,410,214,83
195,618,845,Rafed0003902Vols,4054,253,710,156,38
195,1000,1368,Shamela0095590,2850,1155,1476,253,86
195,618,923,Shamela0095590,4038,1129,1398,220,88
195,677,851,Shia002702Vols,9880,1001,1424,109,29
195,1000,1252,Shia002359Vols,2861,1279,1484,158,79
195,1178,1389,Shamela0004473,5958,884,1091,155,90
195,1178,1319,Shamela0004473,8858,76,217,113,100
195,1000,1368,Sham19Y0023590,3832,778,1103,253,85
195,623,905,Sham19Y0023590,5069,1160,1406,201,87
195,629,923,Sham19Y0023590,5074,1252,1514,211,86
195,1000,1382,Sham19Y0145435,5044,1026,1360,259,85
195,677,923,Shia002341Vols,3468,831,1184,161,55
195,1000,1368,Rafed0003257Vols,3549,476,797,253,86
195,629,923,Rafed0003257Vols,4685,631,889,211,87
195,623,923,JK000381,1913,187,451,216,88
195,1000,1368,ShamAY0031578,6175,1002,1327,253,85
195,629,923,ShamAY0031578,8041,1030,1292,211,86
195,971,1368,Shamela0021537,380,519,873,261,81
196,29,272,Sham19Y0014592,588,158,379,174,87
196,35,249,Tanzil001,75,1365,1579,174,100
196,1047,1205,Shamela0008494,68,1,155,117,91
196,35,226,Shamela0000432,4423,1379,1570,155,100
196,72,256,Shia003689,18,1,185,151,100
196,35,256,Sham19Y0023608,1518,1098,1323,180,98
196,18,256,JK000360,44,990,1227,189,97
196,35,256,Rafed0001713Vols,920,241,462,180,100
196,18,279,ShamAY0034430,239,448,701,206,96
196,29,279,Shamela0004445,135,934,1184,200,98
196,35,256,Sham19Y0020891,2304,1262,1483,180,100
196,972,1205,Shamela0013043,374,81,312,158,80
196,29,240,Shamela0003485,64,1283,1497,171,98
196,35,256,Shamela0021821,673,83,304,180,100
196,29,272,Rafed0003793Vols,61,375,610,186,94
196,35,264,Rafed0003793Vols,797,386,615,187,100
196,1009,1205,JK000435,371,1138,1347,127,72
196,35,256,Shamela0000041,1019,658,879,180,100
196,24,256,Meshkat0014420,1896,26,258,189,100
196,1062,1210,Shamela0022593,2510,1317,1450,95,76
196,29,272,Zaydiyya0000077Vols,343,726,996,191,84
196,62,256,Sham19Y0023618,782,1,195,159,100
196,35,256,Shamela0023623,1441,859,1080,180,100
196,398,767,Shamela0023623,3952,316,973,147,24
196,24,256,JK000201,3766,434,666,189,100
196,35,256,Shia002406Vols,3277,107,328,180,100
196,35,256,Shamela0008473,2071,976,1197,180,100
196,35,256,JK009266,4303,819,1040,180,100
196,35,256,JK009396,521,1067,1288,180,100
196,35,310,ShamAY0034403,475,1313,1578,211,93
196,35,256,Shamela0005548,42,1087,1308,180,100
196,35,264,JK007018,239,246,478,187,98
196,35,256,Shamela0023614,376,1308,1529,180,100
196,35,256,Shamela0023594,695,850,1075,180,98
196,35,256,Shamela0010273,988,524,749,180,98
196,478,730,Shamela0010273,3191,834,1001,119,58
196,35,256,ShamAY0034073,1784,140,361,180,100
196,49,256,Shia003721Vols,53,1,208,169,100
196,35,256,Rafed0003943Vols,503,870,1091,180,100
196,35,256,Shamela0023591,3422,438,663,180,98
196,35,256,Rafed0001792Vols,2127,220,441,180,100
196,35,256,Shamela0029743,353,297,518,180,100
196,35,264,ShamAY0034052,754,1003,1235,187,98
196,35,256,Shia002359Vols,1828,905,1126,180,100
196,35,256,Sham19Y0023590,2300,1170,1395,180,98
196,13,256,Rafed0003376Vols,1125,634,866,189,95
196,1034,1205,Shamela0012884,2074,580,740,117,86
196,24,256,JK000917,702,1284,1516,189,100
196,478,713,Shia002341Vols,3628,644,1008,127,43
196,35,256,Rafed0003257Vols,2525,312,533,180,100
196,35,233,Rafed0001140,197,526,724,161,100
196,35,272,Shamela0000922,548,392,1056,146,25
196,35,256,ShamAY0031578,4211,1149,1374,180,98
196,5,306,ShamAY0031578,5382,571,864,208,80
196,467,592,Shamela0007798,8548,1338,1463,102,100
198,154,445,Shamela0004289,154,1119,1446,229,87
198,445,755,Shamela0004289,155,1,310,239,96
198,154,755,Shamela0008273,1,678,1276,445,90
198,154,586,JK001050,13,906,1482,270,54
198,237,755,Shamela0008176,7183,12,561,355,74
198,365,755,Sham19Y0122257,3228,651,1040,278,86
198,149,760,Shamela0012034,510,472,971,338,67
198,154,373,Shamela0001719,1337,1266,1450,135,77
198,373,755,Shamela0001719,1338,1,311,204,64
198,379,755,Zaydiyya0000220,14,507,944,237,65
198,154,755,Shamela0012444,110,481,1037,377,76
198,393,755,Sham19Y0014309,928,1,392,248,79
198,154,751,JK000532,558,953,1496,323,64
198,154,755,Shamela0008206,839,823,1430,435,85
198,197,387,Masaha003492Vols,645,1104,1293,139,86
198,154,755,Shamela0013035,239,768,1399,348,59
198,200,755,Shamela0008585,10,133,690,423,92
198,95,823,Shamela0023628,3522,101,1029,394,48
198,154,755,Shamela0008680,132,567,977,266,53
198,200,755,Shamela0005899,174,272,957,352,60
198,154,497,Shamela0013043,159,1278,1527,162,58
198,546,755,ShamAY0035035,9369,916,1111,151,89
198,154,755,ShamAY0035253,13,383,1119,378,60
198,200,441,Sham19Y0145212,3464,205,493,162,61
198,197,719,Sham19Y0145212,3464,973,1513,261,54
198,183,755,Sham19Y0014119,613,72,713,393,72
198,237,755,Sham19Y0017063,1484,161,716,363,76
198,154,755,JK001045,5,630,1239,462,94
198,154,501,Shamela0009642,32,1137,1454,188,63
198,154,755,Sham19Y0131521,6243,522,1164,472,92
198,389,539,Sham19Y0131521,6248,431,679,114,58
198,539,755,Sham19Y0131521,6249,36,890,167,24
198,197,365,ShamAY0032379,275,1068,1214,118,85
198,402,755,Shamela0009200,178,1,411,244,71
198,522,755,JK009390,1101,1,158,121,65
198,200,755,ShamAY0038329,373,483,1025,407,88
198,154,755,Shamela0009810,106,814,1406,417,84
198,246,755,Shamela0008360,864,30,507,343,82
198,546,755,Sham19Y0038171,2302,468,664,151,89
198,154,517,JK001435,17,1116,1487,264,86
198,154,643,Shamela0117359,1094,923,1449,385,91
198,193,760,Shamela0012981,417,170,868,364,63
198,154,628,Sham19Y0020591,1723,844,1356,374,91
198,628,755,Sham19Y0020591,1724,517,651,100,94
198,154,755,Shia001731Vols,43,681,1273,417,84
198,200,755,Shamela0025800,812,108,832,360,59
198,154,668,Shamela0013041,442,771,1298,360,81
198,154,591,Shamela0010480,1258,1088,1495,253,65
198,197,733,Shamela0010664,1433,524,1142,340,65
198,120,755,Shamela0008473,4164,159,876,484,84
198,200,755,Shamela0007350,162,951,1303,259,58
198,154,755,Shamela0000782,1134,490,1290,390,58
198,210,522,Sham19Y0014601,5867,851,1303,239,65
198,393,755,Sham19Y0014601,5868,169,831,276,52
198,95,755,Kraken230106005528,345,115,791,387,63
198,154,755,Shamela0021809,1436,737,1337,261,48
198,154,466,ShamAY0033974,79,1050,1467,195,55
198,200,755,Sham19Y0018632,69,476,1053,430,92
198,149,760,Sham19Y0018632,115,887,1467,389,75
198,197,436,JK007099,561,1310,1579,187,84
198,436,755,JK007099,562,1,319,246,96
198,154,755,Shamela0022418,1,301,837,332,65
198,251,719,Shamela0010283,13,931,1496,287,59
198,200,755,Shamela0003055,625,128,685,426,93
198,154,539,JK000653,294,909,1444,245,55
198,200,755,JK000098,359,628,1189,439,97
198,154,755,Shamela0024831,4,479,1053,337,64
198,1206,1546,Sham19Y0013231,4001,1,699,252,43
198,539,688,Sham19Y0013231,8510,9,160,118,98
198,154,755,Shia002210,5,490,1097,457,93
198,200,788,Sham19Y0020944,1111,717,1375,447,84
198,154,755,Shamela0000772,63,160,802,394,72
198,402,760,Shamela0021766,52,1139,1468,220,73
198,197,819,Shamela0021766,4620,131,837,400,66
198,154,755,JK001487,335,636,1276,450,87
198,183,755,Sham19Y0017791,1935,517,1153,386,70
198,330,755,Sham19Y0017791,1936,93,879,279,43
198,154,755,Shamela0009270,400,777,1407,465,91
198,154,728,Shamela0009270,414,710,1275,314,63
198,197,755,Shamela0011334,226,270,870,438,91
198,396,755,Sham19Y0127677,1263,357,642,213,72
198,197,501,Sham19Y0127677,7078,344,706,227,77
198,200,755,Shamela0036446,1291,512,1094,367,75
198,396,755,Shamela0001438,1914,1220,1486,204,71
198,174,668,Shamela0022579,428,1,672,337,62
198,154,760,Shamela0006463,35,513,1112,290,45
198,154,436,Shia001960,204,959,1437,135,30
198,393,755,Shia002265Vols,1812,1048,1404,271,94
198,154,755,Shamela0007268,10,669,1273,462,94
198,166,755,Zaydiyya0000454,87,797,1351,403,81
198,197,763,Sham19Y0016976,1742,511,1135,384,71
198,413,668,Sham19Y0016976,1743,4,443,150,42
198,251,755,ShamAY0037747,456,579,942,234,55
198,154,501,Shamela0010906,4796,773,1051,166,60
198,197,409,Shamela0002386,398,1312,1562,168,83
198,409,755,Shamela0002386,399,1,347,268,96
198,154,755,Shamela0007351,4,69,656,350,63
198,154,755,Shamela0003722,3571,75,740,411,75
199,89,434,Shamela0023591,6356,467,792,127,38
200,863,1127,Masaha000955Vols,599,422,654,168,77
200,986,1127,Shamela0013133,30,680,1080,87,28
200,976,1127,Shia003965Vols,4630,41,198,114,91
200,981,1127,Tafsir09084,2321,514,783,91,40
200,981,1127,Shamela0008473,4511,706,1010,86,35
200,863,1127,Shamela0028100,1034,5,238,169,78
200,855,1127,Shamela0006982,47,476,698,158,69
200,976,1127,Shamela0001687,3403,951,1128,115,81
200,981,1127,Shamela0007798,8554,990,1253,79,37
202,1336,1607,Shamela0023606,327,396,710,181,66
202,1361,1584,ShamAY0031578,8113,848,1192,156,53
202,1361,1538,Shamela0009702,859,512,693,130,84
203,399,667,Sham19Y0013231,3858,1365,1595,162,68
203,422,537,Shamela0012884,4559,1293,1412,93,96
206,1,173,Shamela0008176,7193,1224,1383,126,91
206,1,173,Sham19Y0122257,3232,533,692,126,91
206,1,173,Shamela0012318,134,1365,1501,97,68
206,1,173,Sham19Y0145212,3468,320,479,126,91
206,21,173,Masaha004380,19,100,277,110,72
206,1,173,ShamAY0033523,548,708,870,128,91
206,17,173,Shia002294Vols,112,195,382,113,71
206,1,173,Tafsir09084,2387,1179,1332,121,88
206,1,173,Shamela0008360,865,932,1091,126,91
206,1,173,Shamela0025800,813,235,394,123,88
206,1,173,Shamela0008473,4645,598,751,121,88
206,1,170,Shia002616Vols,245,368,524,124,91
206,1,170,Shamela0000782,1121,416,585,134,97
206,1,173,Shamela0010283,13,72,234,128,91
206,1,173,Shamela0021766,51,833,992,126,91
206,1,173,Shamela0021766,4540,1018,1174,122,87
206,17,197,Shamela0023578,3089,105,325,116,65
206,1,170,Sham19Y0127677,12883,849,1018,133,97
206,26,173,Shamela0036446,1291,1134,1304,107,73
206,45,173,Shia002265Vols,1811,1336,1450,91,89
206,1,170,Rafed0003902Vols,4934,1330,1496,134,95
206,1,173,Shamela0012884,4889,850,1009,127,92
206,1,173,ShamAY0037747,509,101,260,127,92
207,505,911,Shamela0010463,104,726,861,70,19
207,473,924,JK007063,504,1001,1437,315,90
207,431,917,Shamela0008176,2570,969,1442,305,74
207,539,819,Shamela0008176,2571,1121,1461,163,54
207,482,917,Sham19Y0122257,1149,867,1287,292,77
207,584,875,Shamela0012851,384,34,357,185,76
207,456,867,Sham19Y0014309,1972,1176,1571,241,68
207,444,777,JK009318,52,1160,1494,211,77
207,781,911,JK009318,53,4,126,87,87
207,524,929,Shamela0004445,25,1,392,278,88
207,632,911,Shamela0013043,234,1,304,161,59
207,505,911,Shamela0013043,242,1,404,222,58
207,591,875,Shamela0013043,290,202,572,134,42
207,575,917,ShamAY0035035,2094,1052,1299,164,61
207,431,895,ShamAY0035035,6928,1046,1473,284,79
207,639,917,Sham19Y0145212,1454,756,1027,172,70
207,461,911,Sham19Y0014119,228,474,929,302,77
207,461,911,Shamela0008658,1863,4,424,275,73
207,461,911,Shamela0008658,2447,930,1350,306,86
207,473,953,Sham19Y0017063,427,805,1264,316,76
207,461,917,JK000021,1047,592,1034,327,91
207,505,911,Shamela0095735,295,861,1002,75,20
207,473,902,JK009390,1769,968,1390,278,78
207,482,911,Sham19Y0018272,1919,708,1099,254,70
207,505,911,Shia002264,144,912,1257,229,69
207,505,911,Shamela0001975,752,733,1120,278,87
207,461,911,Shamela0012406,17,474,905,317,90
207,575,911,Shamela0005756,3151,11,251,159,60
207,461,911,Shamela0005756,5376,139,577,323,92
207,431,755,Shamela0008360,296,1181,1503,207,72
207,755,917,Shamela0008360,297,1,160,121,96
207,431,929,Sham19Y0038171,1875,267,734,302,79
207,461,911,Shamela0008210,35,135,584,309,82
207,482,911,Sham19Y0149697,2219,1116,1523,256,71
207,461,917,Shamela0025800,1702,601,1066,285,74
207,461,911,Shamela0010480,886,914,1363,322,89
207,461,911,Shamela0010480,887,234,673,310,88
207,461,911,Shia001976Vols,855,95,536,311,88
207,555,911,Shamela0008473,827,1,346,254,92
207,461,911,Shamela0008473,4997,347,784,324,92
207,461,911,Shia002616Vols,3553,522,968,311,81
207,461,911,Shamela0000782,1152,452,898,312,81
207,501,875,JK009396,1167,7,288,98,26
207,501,875,Tafsir06049,6114,461,869,199,56
207,505,917,Kraken230106005528,633,6,395,238,70
207,436,911,Sham19Y0145411,355,611,1071,345,93
207,456,917,Sham19Y0018569,355,462,970,147,25
207,575,911,Shamela0000551,2972,196,433,159,60
207,461,911,Sham19Y0148271,115,248,682,312,90
207,444,643,Shamela0000137,1153,1349,1531,136,86
207,643,911,Shamela0000137,1154,1,257,196,92
207,461,911,ShamAY0034123,998,763,1207,275,72
207,473,911,Shamela0026884,508,19,442,311,91
207,461,911,Shamela0006446,413,225,629,294,82
207,461,911,Shamela0025794,2184,140,581,322,91
207,401,911,JK001297,343,162,642,331,80
207,501,867,Shamela0021766,2401,19,650,228,45
207,473,911,Shamela0009076,258,389,803,298,84
207,453,911,Sham19Y0017791,630,685,1145,303,75
207,681,911,Sham19Y0017791,631,17,311,122,47
207,584,911,ShamAY0033973,268,1,314,225,90
207,505,911,Shamela0021659,1081,929,1321,278,89
207,501,875,Tafsir06048,13,1036,1468,204,55
207,501,875,Tafsir06048,882,91,555,212,55
207,501,715,Tafsir06048,1099,1173,1465,107,42
207,505,831,Sham19Y0127677,1736,1102,1420,224,90
207,505,911,Shamela0036446,321,505,848,231,71
207,491,789,Shamela0001438,3131,1137,1440,202,85
207,789,950,Shamela0001438,3132,1,142,95,76
207,598,867,JK006476,1321,699,947,166,77
207,482,781,Sham19Y0013223,365,1218,1478,172,71
207,534,911,Shia002265Vols,1927,1,361,255,88
207,575,917,Shamela0001673,1953,100,345,159,60
207,509,905,Shia002702Vols,11383,144,502,181,51
207,575,911,Shamela0021660,3260,921,1172,182,69
207,436,924,Sham19Y0023590,3337,441,920,350,90
207,401,799,Kraken220218125253,835,1005,1387,200,59
207,444,917,Shamela0012884,870,743,1166,305,82
207,461,911,Sham19Y0016976,662,882,1333,304,78
207,555,911,JK009237,2805,1,351,265,95
207,482,911,JK009237,3409,729,1154,210,56
207,465,953,Sham19Y0023644,47,66,469,281,74
207,461,929,Shamela0003722,2612,158,603,330,91
210,1400,1614,Sham19Y0013231,3981,1177,1461,162,70
211,1151,1456,JK010001,3388,620,890,100,37
211,83,537,Sham19Y0013231,3982,105,838,299,48
211,627,855,ShamAY0037747,509,6,343,94,26
214,1,174,Sham19Y0014309,134,1282,1481,138,86
214,1,220,Shamela0003485,168,312,563,146,73
214,39,174,Sham19Y0131521,1995,1,136,108,100
214,39,174,Shamela0001975,1057,1176,1311,108,100
214,1,174,Shamela0009567,423,311,485,138,99
214,1,174,Shamela0117359,364,22,195,138,100
214,20,179,Shamela0012981,2353,1037,1196,122,96
214,1,170,Sham19Y0020591,499,523,692,135,100
214,1,174,Shamela0025800,132,1168,1322,123,89
214,1,174,Sham19Y0014601,2352,749,922,138,100
214,1,174,Kraken230106005528,28,409,600,137,88
214,1,174,Shamela0008540,1691,350,523,138,100
214,20,174,Shamela0025794,5006,1,155,123,100
214,1,174,Sham19Y0020944,292,1299,1472,138,100
214,20,174,Shamela0011363,130,161,315,120,98
214,1,174,Shamela0000894,4458,1307,1480,138,100
214,39,174,Shamela0021659,1444,996,1131,108,100
214,1,137,Shamela0010895,84,1471,1633,109,83
214,1,174,Shia001782Vols,1421,556,730,137,98
214,39,174,Sham19Y0127677,2589,1172,1307,108,100
214,1,220,Shamela0036446,39,267,492,146,82
214,39,174,Shamela0001438,4201,131,266,108,100
214,20,192,Shamela0013075,79,57,228,102,64
214,1,174,Shamela0001442,225,231,404,137,98
219,1305,1657,Shamela0011817,197,1,206,146,49
219,1357,1611,Tanzil001,115,193,394,164,77
219,1357,1611,Sham19Y0023608,2155,724,925,164,77
219,1357,1611,Shamela0001394,811,731,1489,165,26
219,1357,1611,Rafed0001713Vols,1309,416,617,164,77
219,1357,1549,Shamela0004445,252,318,480,126,77
219,1357,1611,Shamela0023628,2135,1337,1538,164,77
219,1281,1478,JK010001,1061,610,742,97,59
219,1357,1538,Shamela0021821,960,1007,1152,117,78
219,1357,1578,Shamela0000041,1401,1279,1447,136,74
219,1338,1611,Kraken220413194022,3064,1157,1394,165,68
219,1357,1538,JK000791,1233,355,500,117,78
219,1357,1578,Shamela0037458,2164,176,344,136,74
219,1281,1478,Tafsir07055,1128,674,806,97,59
219,1357,1611,Shia002406Vols,4634,61,262,164,77
219,1305,1611,Shamela0008473,2684,1,448,136,31
219,1357,1538,JK007018,358,1459,1604,117,78
219,1357,1611,Shamela0023614,593,520,721,164,77
219,1357,1611,Shamela0023594,1024,473,674,164,77
219,1428,1616,Shamela0008370,1223,161,297,111,71
219,1357,1611,ShamAY0034073,2596,825,1026,164,77
219,1338,1616,ShamAY0034392,287,542,786,180,73
219,1357,1611,Shamela0023578,1738,318,519,164,77
219,1357,1578,Shamela0023578,1740,428,1003,148,30
219,1357,1611,Rafed0003943Vols,853,599,800,164,77
219,1400,1654,Shamela0002864,1669,1181,1394,142,65
219,1357,1611,Shamela0023591,4306,387,588,164,77
219,1357,1611,Rafed0001792Vols,2752,1210,1411,164,77
219,1357,1611,Shamela0029743,533,493,694,164,77
219,1357,1543,ShamAY0034052,1126,333,483,119,77
219,1357,1611,Shia002359Vols,2508,128,329,164,77
219,1428,1611,Sham19Y0023590,3296,1443,1573,107,71
219,1357,1549,Sham19Y0145435,4938,862,1018,126,79
219,1357,1578,Shia002341Vols,2434,601,769,136,74
219,1357,1611,Rafed0003257Vols,3113,1368,1569,164,77
220,695,800,Shamela0012034,838,1171,1281,83,95
220,695,800,Shamela0012094,83,1033,1138,83,100
220,695,800,Shamela0003055,2234,89,194,83,100
220,695,800,Shamela0030868,133,1198,1303,83,100
226,184,650,Shamela0009823,267,464,895,193,40
237,925,1141,JK007008,177,983,1222,148,72
238,829,1056,Shamela0012750,60,787,1015,150,81
238,835,1046,Shamela0000432,1117,646,860,124,71
238,835,1046,Shia001989,206,449,687,139,71
238,819,1046,Shamela0005922,2448,57,276,140,77
238,819,1046,JK000196,6180,209,424,144,76
238,839,1046,Sham19Y0017747,1718,561,757,121,73
238,829,1046,Shamela0009810,790,785,1061,140,63
238,819,1063,Shamela0011468BK1,2779,573,798,147,72
238,829,1046,Shia001731Vols,428,423,699,140,63
238,829,1046,Sham19Y0013577,4627,815,1006,131,77
238,829,1046,Shamela0026542,46,378,575,140,81
238,819,1046,Shamela0009059BK2,6182,620,835,146,77
238,819,1046,Shamela0011444BK2,2721,1114,1329,143,75
238,829,1063,Shamela0025794,1364,69,296,151,80
238,829,1046,JK007116,74,196,405,148,84
238,839,1046,Sham19Y0017757,143,135,330,121,74
238,872,1046,ShamAY0034128,262,14,248,116,64
240,92,669,Rafed0003489,161,9,456,278,55
240,40,646,JK000110,835,873,1486,409,80
240,261,703,Sham19Y0018176,1221,1,465,334,86
240,243,808,Sham19Y0018176,1454,1,524,254,51
240,130,703,Shamela0004289,1107,730,1249,299,60
240,92,808,JK001036,35,557,1193,333,50
240,92,669,JK005014,131,1003,1500,293,58
240,97,463,Shamela0002247,8,795,1110,192,62
240,138,703,Tafsir07076,1818,896,1356,240,45
240,126,703,JK000916,6126,232,812,300,56
240,113,808,JK000916,13196,136,865,335,48
240,121,590,Sham19Y0016584,2465,1017,1491,342,84
240,97,703,Sham19Y0016684,1303,844,1462,442,85
240,138,808,Sham19Y0016684,1459,828,1455,316,53
240,92,669,Shamela0004445,2866,839,1291,280,56
240,40,703,Shamela0023628,3138,717,1457,456,75
240,165,703,Shamela0037837,922,219,917,324,52
240,121,703,ShamAY0034059,6267,416,894,242,43
240,105,235,JK007065,839,1332,1481,89,70
240,235,703,JK007065,840,1,586,353,73
240,92,703,Shamela0000170,954,178,713,287,51
240,40,340,Masaha002066,33,1101,1404,185,72
240,340,703,Masaha002066,34,1,386,272,83
240,130,304,Kraken230110004547,640,1258,1425,121,82
240,304,703,Kraken230110004547,641,1,453,282,72
240,97,660,Shamela0021715,5244,937,1508,411,85
240,113,585,Shamela0021715,5245,641,1377,338,56
240,585,883,Shamela0021715,5246,1,394,133,33
240,138,703,Shamela0021715,6115,1000,1515,295,58
240,97,703,Shamela0005756,9607,352,977,442,84
240,138,703,Shamela0005756,10559,911,1426,295,58
240,184,703,Tafsir09084,104,1,520,272,54
240,97,660,Shamela0006590,302,1118,1506,254,56
240,105,703,Tafsir02100,4,344,858,280,50
240,126,669,JK006838,1436,392,826,244,53
240,92,619,Shamela0025800,3282,854,1485,388,74
240,97,689,Shia001432Vols,2718,792,1416,304,53
240,40,808,ShamAY0034068,3255,541,1364,348,41
240,113,808,Shamela0008473,389,316,1030,345,53
240,170,463,Shamela0009873,1005,832,1092,156,64
240,381,883,Shamela0009873,1006,403,1032,185,32
240,40,808,JK009266,8117,97,953,358,42
240,97,703,Sham19Y0018106,2329,709,1327,443,85
240,97,679,Masaha001864Vols,3233,991,1396,280,58
240,34,808,ShamAY0034447,1168,618,1375,339,46
240,238,703,Sham19Y0145411,411,1,485,355,88
240,40,609,Sham19Y0013605,2779,687,1267,379,78
240,34,703,Sham19Y0013605,3112,197,814,317,53
240,97,703,JK000030,250,137,694,314,58
240,117,808,Shamela0022769,1457,426,1061,299,42
240,88,808,Shamela0036543,235,679,1318,335,50
240,138,808,Sham19Y0020699,2241,690,1240,306,54
240,160,703,Shamela0010273,3034,661,1077,259,57
240,117,703,Shamela0007435,634,910,1418,268,48
240,138,703,Shamela0096283,259,1,575,416,85
240,97,463,Shamela0021766,119,259,563,180,58
240,225,669,Shamela0021766,4048,298,722,233,61
240,121,703,ShamAY0034441,178,388,875,266,53
240,88,703,Shamela0012935,155,347,968,447,85
240,229,873,ShamAY0034073,207,1,662,371,58
240,126,669,Shamela0003118,2100,954,1461,272,56
240,126,808,Shamela0003118,3950,629,1347,331,49
240,126,615,Shamela0023578,2853,1079,1475,242,57
240,34,703,Masaha002308Vols,228,669,1326,326,49
240,40,703,Sham19Y0013252,5804,67,760,452,78
240,97,630,Sham19Y0020638,1171,935,1455,296,60
240,134,703,Shamela0036446,1179,331,873,408,86
240,126,669,Shamela0035100,611,830,1253,265,56
240,160,703,Tafsir03037,2749,1048,1464,259,57
240,40,703,Sham19Y0013572,824,432,1239,460,69
240,97,808,Shia002066,53,240,899,459,76
240,130,703,Sham19Y0127656,398,644,1247,414,81
240,34,703,Sham19Y0127656,485,278,947,318,52
240,97,517,Sham19Y0018103,2221,1117,1540,297,81
240,138,808,Sham19Y0018103,2540,86,714,316,53
240,113,669,Shamela0030790,33,502,911,221,46
240,126,422,Shamela0021660,1343,112,381,196,82
240,174,703,Shamela0012865,14,1,530,248,48
240,113,703,Shia001140Vols,121,332,938,315,55
240,126,669,Shamela0010906,608,1002,1425,265,56
241,1209,1542,ShamAY0033975,555,855,1384,190,40
241,1306,1439,Sham19Y0014556,90,747,880,100,97
241,1199,1501,Shamela0005922,496,520,1112,167,35
242,6,299,Shamela0008544,691,920,1207,129,50
242,1119,1261,Shamela0008544,696,850,988,98,82
242,11,295,Shamela0001875,167,905,1169,157,65
242,11,295,Shamela0004289,323,383,652,157,64
242,1116,1261,Shamela0004289,1074,1277,1421,116,99
242,1116,1261,JK001036,36,409,557,114,95
242,1032,1261,Shamela0000432,5441,45,259,134,72
242,1116,1261,Shia002119Vols,260,790,945,117,93
242,963,1240,Shamela0022547,1117,1213,1437,124,47
242,1116,1251,Shamela0001719,1605,1325,1489,108,81
242,1,190,Sham19Y0014309,2284,1270,1468,132,80
242,1,288,Sham19Y0018144,403,632,921,145,58
242,1116,1261,Sham19Y0018144,404,608,750,114,97
242,1116,1261,Sham19Y0017616,498,1123,1267,116,99
242,1116,1261,Shia003732Vols,1449,794,938,113,96
242,1116,1271,Shia003961Vols,1800,751,921,117,86
242,16,295,Shamela0001727,182,690,1260,162,33
242,1116,1261,Shamela0001727,183,964,1108,116,99
242,1116,1261,Shamela0004445,2867,1318,1462,116,99
242,1116,1256,Shamela0021493,115,700,839,108,96
242,11,304,Shamela0003485,257,543,857,211,82
242,1116,1261,Shamela0003485,332,259,405,113,92
242,1116,1261,JK007065,1263,1218,1362,114,97
242,11,295,JK007065,1439,931,1459,216,51
242,1130,1261,ShamAY0035249,194,703,834,106,100
242,1116,1261,Shamela0000170,955,496,640,116,99
242,1116,1261,Sham19Y0132524,371,765,908,114,97
242,1116,1261,Sham19Y0001734,2801,1100,1245,115,98
242,1116,1261,Kraken230110004547,640,939,1083,115,98
242,1116,1261,JK009242,223,534,677,115,98
242,963,1376,Sham19Y0122096,3521,34,415,136,30
242,175,295,JK009390,1275,1221,1357,89,83
242,1130,1267,JK009390,1858,1291,1426,106,96
242,1116,1261,Sham19Y0122406,561,1284,1428,116,99
242,1116,1314,Shamela0001975,786,741,938,120,75
242,190,295,Shamela0005756,1198,53,162,84,96
242,16,299,Shamela0005756,1914,399,708,170,64
242,1116,1261,Tafsir09084,1305,21,179,114,89
242,1116,1261,ShamAY0031687,100,571,715,116,99
242,1130,1261,Masaha003955Vols,385,554,698,104,89
242,1116,1261,Shamela0006590,306,1126,1270,116,99
242,125,295,Sham19Y0017437,233,59,394,93,34
242,1116,1261,Sham19Y0148486,305,1308,1476,110,77
242,145,304,Sham19Y0148486,6716,347,518,121,89
242,1116,1261,JK006838,1438,625,767,113,97
242,1116,1261,ShamAY0033945,1897,1078,1220,114,97
242,1,194,Shamela0025800,1925,1111,1418,149,61
242,114,304,Shamela0025800,1926,32,238,129,77
242,1116,1261,Shamela0025800,3281,1082,1226,116,99
242,1116,1261,Shamela0010664,215,974,1150,114,80
242,1119,1261,Shamela0008473,2659,1,148,114,95
242,1125,1261,Shamela0000767,3112,6,142,108,98
242,1116,1261,Shia002616Vols,1279,428,604,117,82
242,1044,1261,Shia002616Vols,5559,1229,1426,126,68
242,6,295,Shia002616Vols,5559,885,1163,160,65
242,1116,1271,ShamAY0033561,15,783,933,114,92
242,1,304,ShamAY0033561,15,411,698,168,65
242,1116,1261,Masaha001864Vols,3236,691,835,116,99
242,1116,1261,Shia002069Vols,681,382,533,115,94
242,1116,1261,Shamela0010284,83,140,285,117,100
242,1,288,Kraken230106005528,716,601,891,179,72
242,1116,1261,Kraken230106005528,1136,391,538,115,96
242,1116,1261,Sham19Y0145411,410,868,1011,114,97
242,190,304,Shamela0000551,209,826,944,89,94
242,1108,1271,Shamela0000551,209,986,1146,114,88
242,1116,1271,JK000083,126,856,1014,115,89
242,1130,1288,Shamela0008540,363,1035,1204,106,77
242,1116,1271,Sham19Y0148271,276,1107,1267,117,91
242,16,295,Rafed0002905Vols,9462,488,708,143,60
242,1116,1261,ShamAY0034005,1288,170,312,114,97
242,1116,1261,JK009408,409,545,690,117,100
242,1130,1267,ShamAY0033177,217,25,166,102,87
242,156,295,ShamAY0033177,222,6,165,111,87
242,1116,1261,Shamela0036543,236,551,695,116,99
242,963,1261,Sham19Y0018159,227,277,706,167,49
242,1116,1261,ShamAY0034423,148,1058,1201,115,98
242,1116,1261,Shia002034Vols,168,1141,1286,116,99
242,1116,1261,Sham19Y0132973,584,571,735,116,87
242,1116,1261,ShamAY0032946,10,880,1024,116,99
242,1119,1261,Shia002261Vols,358,1105,1242,111,96
242,1130,1267,Shamela0021659,1100,266,401,106,96
242,16,295,Sham19Y0127677,1416,680,1019,125,37
242,1130,1261,Sham19Y0127677,1812,1138,1269,106,100
242,11,295,Sham19Y0127677,7505,103,372,157,64
242,963,1261,Sham19Y0127677,9816,1160,1449,146,52
242,21,295,Sham19Y0020638,162,244,714,154,39
242,120,304,Shamela0036446,96,917,1215,132,53
242,1116,1261,Shamela0036446,1178,960,1103,115,98
242,190,304,Shamela0001438,2189,73,187,88,93
242,1130,1261,Shamela0001438,3448,109,240,106,100
242,1116,1261,Shamela0035100,612,738,882,116,99
242,1116,1261,Shamela0001733,312,294,437,114,97
242,1116,1261,Shia002265Vols,5517,994,1137,109,93
242,190,295,Shia002265Vols,5518,862,971,84,96
242,1130,1267,Shamela0001673,5965,328,468,106,94
242,1116,1261,Shamela0011816,21,476,618,113,97
242,16,295,Sham19Y0023590,5994,381,601,143,60
242,1116,1261,Sham19Y0146127,141,101,263,110,80
242,1116,1261,ShamAY0035955,76,927,1072,108,93
242,1116,1261,Shamela0010803,31,667,809,114,97
242,1108,1261,Shia001174Vols,2425,799,966,120,87
242,1116,1261,Shamela0010906,609,920,1064,116,99
243,1,121,ShamAY0034447,461,1382,1501,98,99
243,121,1558,ShamAY0034447,462,1,1438,1141,97
243,41,1354,Shamela0001673,10025,307,1107,535,49
244,598,728,Tafsir09084,283,839,974,102,96
244,417,781,ShamAY0034447,452,483,783,220,72
244,110,278,ShamAY0034447,463,1,169,135,100
245,1422,1585,Shamela0030294,31,331,498,127,92
245,1422,1585,Rafed0003489,162,558,719,130,98
245,1412,1572,Shamela0008544,696,845,993,100,75
245,1422,1585,Shamela0004289,1074,1277,1442,130,96
245,1422,1585,JK001036,36,409,575,129,95
245,1369,1585,Shamela0000432,5441,53,277,166,92
245,1407,1580,Shia002119Vols,260,779,958,132,89
245,1359,1546,Shamela0022547,1117,1222,1437,126,73
245,1386,1557,Shamela0001719,1605,1280,1489,131,77
245,1422,1585,Sham19Y0018144,404,608,771,128,95
245,1422,1585,Sham19Y0017616,498,1123,1288,130,96
245,1417,1585,Shia003732Vols,1449,789,962,128,91
245,1422,1567,Shia003961Vols,1800,751,911,115,89
245,1422,1585,Shamela0001727,183,964,1129,130,96
245,1422,1580,Shamela0004445,2867,1318,1475,127,99
245,1422,1585,Shamela0021493,115,700,852,122,92
245,1353,1585,Shamela0003485,332,181,420,148,73
245,1422,1585,JK007065,1263,1218,1383,128,95
245,1436,1572,ShamAY0035249,194,703,839,106,97
245,1422,1585,Shamela0000170,955,496,658,131,99
245,1422,1585,Sham19Y0132524,371,765,929,128,95
245,1422,1585,Sham19Y0001734,2801,1100,1267,130,96
245,1422,1585,Kraken230110004547,640,939,1104,129,95
245,1422,1585,JK009242,223,534,699,130,96
245,1397,1567,Sham19Y0122096,3521,34,296,126,57
245,1393,1567,JK009390,1858,1227,1422,117,72
245,1422,1585,Sham19Y0122406,561,1284,1449,130,96
245,1422,1567,Shamela0001975,786,741,884,109,93
245,1422,1585,Tafsir09084,1305,21,200,128,87
245,1422,1585,ShamAY0031687,100,571,732,130,98
245,1403,1567,Masaha003955Vols,385,531,698,122,85
245,1422,1585,Shamela0006590,306,1126,1287,130,98
245,1397,1585,Sham19Y0148486,305,1322,1486,127,81
245,1422,1585,JK006838,1438,625,785,128,97
245,1422,1585,ShamAY0033945,1897,1078,1237,128,97
245,1422,1585,Shamela0025800,3281,1082,1247,130,96
245,1403,1585,Shamela0010664,215,987,1165,125,80
245,1425,1585,Shamela0008473,2659,1,169,128,92
245,1431,1572,Shamela0000767,3112,6,147,108,95
245,1397,1567,Shia002616Vols,1279,442,604,126,88
245,1353,1567,Shia002616Vols,5559,1234,1426,138,80
245,1353,1585,ShamAY0033561,15,701,946,150,74
245,1422,1585,Masaha001864Vols,3236,691,857,131,97
245,1422,1585,Shia002069Vols,681,382,562,129,88
245,1359,1567,Shamela0010284,83,49,285,129,56
245,1422,1585,Kraken230106005528,1136,391,547,122,91
245,1422,1585,Sham19Y0145411,410,868,1032,128,95
245,1403,1567,Shamela0000551,209,962,1136,119,84
245,1422,1585,JK000083,126,856,1031,128,88
245,1386,1572,Shamela0008540,363,984,1177,114,62
245,1422,1585,Sham19Y0148271,276,1107,1284,130,90
245,1422,1585,ShamAY0034005,1288,170,334,129,95
245,1422,1585,JK009408,409,545,712,132,97
245,1407,1580,ShamAY0033177,217,1,174,121,79
245,1422,1585,Shamela0036543,236,551,713,131,99
245,1397,1567,Sham19Y0018159,227,539,706,121,86
245,1422,1585,ShamAY0034423,148,1058,1229,129,92
245,1422,1585,Shia002034Vols,168,1141,1308,131,97
245,1422,1585,Sham19Y0132973,584,571,777,130,77
245,1422,1585,ShamAY0032946,10,880,1042,131,99
245,1425,1567,Shia002261Vols,358,1105,1242,111,96
245,1436,1567,Shamela0021659,1100,266,397,106,100
245,518,788,Shamela0023591,6219,974,1326,177,60
245,1436,1567,Sham19Y0127677,1812,1138,1269,106,100
245,1422,1585,Sham19Y0127677,9816,1305,1470,130,96
245,1422,1585,Sham19Y0020638,163,178,344,129,95
245,1422,1585,Shamela0036446,1178,960,1120,129,98
245,1436,1567,Shamela0001438,3448,109,240,106,100
245,1422,1585,Shamela0035100,612,738,900,131,99
245,1422,1585,Shamela0001733,312,294,459,129,95
245,1422,1567,Shia002265Vols,5517,994,1137,109,93
245,1436,1567,Shamela0001673,5965,328,459,106,100
245,1397,1585,Shamela0011816,21,446,636,145,93
245,511,788,Shia002702Vols,10073,47,396,184,63
245,1397,1585,Sham19Y0146127,141,115,273,127,84
245,1397,1567,ShamAY0035955,76,908,1072,114,85
245,1422,1585,Shamela0010803,31,667,830,128,95
245,1393,1567,Shia001174Vols,2425,757,966,135,79
245,1422,1585,Shamela0010906,609,920,1082,131,99
246,578,918,Shamela0030294,30,1125,1481,250,85
246,918,1507,Shamela0030294,31,1,407,309,65
246,547,856,Rafed0003489,161,1188,1493,202,74
246,856,1507,Rafed0003489,162,1,634,481,90
246,929,1325,Shamela0008234,31,766,1050,179,57
246,578,1507,Shamela0004289,1074,382,1353,731,94
246,454,1028,JK001036,35,1057,1474,254,52
246,1028,1507,JK001036,36,1,485,366,92
246,782,1316,Sham19Y0017798,1596,245,980,216,31
246,385,568,Sham19Y0017798,2992,651,832,144,97
246,578,838,Sham19Y0018144,403,1149,1431,189,82
246,838,1507,Sham19Y0018144,404,1,684,513,91
246,578,1507,Sham19Y0017616,498,229,1199,733,94
246,939,1507,Shia003732Vols,1449,360,870,369,80
246,1074,1503,Shamela0007891,2649,17,362,191,54
246,578,1507,Shamela0001727,183,70,1040,733,94
246,572,1507,Shamela0004445,2867,453,1394,684,86
246,772,1102,Shamela0004445,6994,664,1007,156,51
246,929,1325,Shamela0004445,7244,777,1143,188,47
246,929,1325,Shamela0011818,474,944,1305,184,46
246,1118,1325,Shamela0009292,110,12,225,164,95
246,701,1507,Shamela0021493,115,6,776,594,91
246,572,833,Sham19Y0017816,125,1171,1457,201,87
246,929,1329,ShamAY0035035,10061,830,1197,221,62
246,1192,1325,JK000001,3290,1,139,102,93
246,572,1507,JK007065,1263,338,1294,732,94
246,578,1503,Shamela0011417,31,656,1493,554,66
246,572,1188,ShamAY0035249,59,983,1544,290,52
246,1188,1503,ShamAY0035249,60,1,371,193,64
246,924,1094,ShamAY0035249,196,764,1021,74,38
246,572,913,Shamela0000170,954,1130,1488,246,82
246,913,1507,Shamela0000170,955,1,572,434,88
246,578,709,Sham19Y0132524,369,1376,1527,97,79
246,1042,1298,Sham19Y0132524,370,987,1247,205,98
246,709,1042,Sham19Y0132524,370,1,338,267,98
246,1298,1507,Sham19Y0132524,371,619,840,163,93
246,578,1507,Sham19Y0001734,2801,280,1177,647,83
246,572,1507,Kraken230110004547,640,115,1015,677,86
246,578,903,JK009242,222,1145,1492,250,90
246,903,1507,JK009242,223,1,610,473,96
246,924,1118,Shia001764Vols,600,387,727,90,35
246,767,1503,Shamela0005610,259,60,670,235,32
246,603,1507,Sham19Y0122406,561,1,1360,715,65
246,588,1088,Kraken220727035853,2373,1151,1322,117,29
246,578,1411,Tafsir09084,1304,605,1479,647,92
246,861,1329,Sham19Y0038171,2594,979,1345,228,59
246,578,856,ShamAY0031687,99,1129,1424,209,87
246,861,1507,ShamAY0031687,100,8,647,495,94
246,939,1507,Shamela0006590,306,691,1202,372,80
246,578,1071,Shamela0008210,45,489,916,217,53
246,929,1325,Shamela0012740,21,303,630,181,54
246,578,1507,Sham19Y0148486,305,397,1402,717,88
246,732,1507,JK006838,1438,5,701,528,83
246,578,1325,Shamela0012981,1149,39,758,525,83
246,1334,1507,Shamela0012981,1152,525,689,115,76
246,598,1507,ShamAY0033945,1897,255,1154,683,91
246,547,1507,Shamela0025800,3281,192,1158,727,92
246,542,1507,Shamela0010664,215,39,1069,720,85
246,578,1434,Shamela0008473,2658,587,1487,670,93
246,1172,1316,Shamela0008473,4856,1,149,112,95
246,578,1071,Shamela0000767,1861,814,1374,232,47
246,929,1325,Shamela0021602,88,59,396,218,68
246,1329,1507,Shia002616Vols,1279,312,530,140,81
246,861,1329,Shia002616Vols,1573,639,1065,292,69
246,578,719,Shamela0026324,634,873,1031,99,76
246,578,759,Masaha001864Vols,3235,1259,1460,138,84
246,759,1507,Masaha001864Vols,3236,1,767,587,96
246,578,1066,Shia002069Vols,680,963,1469,335,75
246,1066,1507,Shia002069Vols,681,6,459,340,93
246,1003,1507,Kraken230106005528,1136,1,467,355,87
246,578,1102,Shamela0021809,349,913,1459,409,93
246,1102,1507,Shamela0021809,350,1,423,320,95
246,572,1507,Sham19Y0145411,410,1,944,733,95
246,598,1507,JK000083,126,6,932,701,93
246,578,1071,JK000657,62,651,1097,220,51
246,578,1071,JK000657,209,502,949,214,50
246,578,1507,Sham19Y0148271,276,239,1183,713,92
246,578,719,Shamela0011385,410,969,1133,110,82
246,578,1275,ShamAY0034005,1287,794,1411,456,78
246,1275,1507,ShamAY0034005,1288,1,246,183,94
246,578,866,JK009408,408,1116,1432,221,87
246,866,1507,JK009408,409,1,622,471,89
246,454,767,Shamela0036543,235,1182,1478,161,58
246,856,1507,Shamela0036543,236,1,627,474,88
246,861,1329,Shamela0005744,20,745,1174,299,80
246,578,1071,Shamela0006446,149,226,672,217,51
246,572,1507,ShamAY0034423,148,123,1134,721,89
246,578,1507,Shia002034Vols,168,373,1218,635,83
246,578,1098,Sham19Y0132973,405,169,382,129,30
246,547,875,Sham19Y0132973,583,1166,1489,223,80
246,875,1507,Sham19Y0132973,584,1,647,490,93
246,578,1507,ShamAY0032946,10,191,956,573,74
246,972,1138,Sham19Y0013252,5809,437,576,101,76
246,1154,1316,Sham19Y0013252,9544,565,731,120,87
246,572,1267,Sham19Y0020638,162,759,1496,544,91
246,1267,1507,Sham19Y0020638,163,1,254,188,94
246,572,1507,Shamela0036446,1178,124,1036,705,92
246,542,861,Sham19Y0122401,1421,1179,1478,227,88
246,1094,1267,Sham19Y0122401,1422,4,180,137,96
246,547,1507,Shamela0035100,612,52,814,542,67
246,1042,1271,JK007128,718,402,556,114,62
246,578,1142,Shamela0001733,311,903,1457,411,86
246,1142,1507,Shamela0001733,312,1,370,279,93
246,598,1507,JK000977,309,11,908,660,85
246,1122,1325,Shamela0021550,665,13,221,159,95
246,578,1346,Sham19Y0146127,140,703,1447,549,85
246,1346,1507,Sham19Y0146127,141,1,195,119,75
246,578,1507,Shamela0010803,31,39,743,516,66
246,572,1142,JK000475,1922,994,1520,278,53
246,1172,1503,JK000475,1923,5,390,203,64
246,578,1094,ShamAY0033760,202,1051,1289,149,33
246,578,1325,ShamAY0033760,583,282,1054,578,92
246,934,1138,Shia002228,144,37,188,112,68
246,547,1507,Shamela0010906,609,237,996,540,67
246,578,1138,JK000022,369,1223,1472,175,37
246,782,1503,JK000785,2758,178,856,293,42
247,256,796,Rafed0003489,161,9,456,269,56
247,261,829,Sham19Y0014592,1979,374,869,283,58
247,114,773,JK000110,835,858,1486,436,78
247,297,568,JK000110,1008,1209,1448,145,62
247,114,403,Sham19Y0018176,1220,1261,1486,141,61
247,403,829,Sham19Y0018176,1221,1,465,338,91
247,1,119,Shamela0004289,1074,1353,1471,95,100
247,269,757,Shamela0004289,1107,720,1150,276,68
247,248,829,JK001036,35,550,1118,292,52
247,222,757,JK005014,131,954,1477,300,63
247,261,613,Shamela0002247,8,795,1119,179,59
247,222,829,JK000916,6126,205,812,309,54
247,222,829,JK000916,13196,88,737,313,52
247,280,717,Sham19Y0016584,2465,1017,1491,347,92
247,717,829,Sham19Y0016584,2466,1,118,88,94
247,1,348,Sham19Y0018144,404,684,1022,184,51
247,222,829,Shamela0001394,1543,806,1331,277,53
247,1,348,Sham19Y0017616,498,1199,1481,186,66
247,348,829,Rafed0001713Vols,2428,695,1045,223,55
247,261,829,JK000458,3063,390,896,253,47
247,114,829,Sham19Y0016684,1303,677,1462,482,73
247,297,757,Sham19Y0016684,1459,828,1249,270,68
247,269,829,ShamAY0034054,189,850,1491,285,49
247,297,829,Shia003961Vols,912,533,997,247,50
247,1,348,Shamela0001727,183,1040,1412,210,69
247,256,796,Shamela0004445,2866,839,1291,271,57
247,222,829,Shamela0023628,3138,689,1457,448,72
247,367,829,Sham19Y0020891,5846,627,1053,193,42
247,1,348,Shamela0021493,115,776,1111,188,62
247,1,348,Shamela0003485,332,331,670,160,50
247,114,829,Shamela0037837,922,61,917,325,36
247,377,829,JK007065,840,1,586,357,76
247,1,165,JK007065,1263,1294,1458,129,98
247,1,829,ShamAY0035249,60,375,1122,411,57
247,256,829,Shamela0000170,954,178,713,288,54
247,1,212,Sham19Y0132524,371,840,1056,167,97
247,114,482,Masaha002066,33,1086,1404,199,67
247,482,829,Masaha002066,34,1,386,276,89
247,1,222,Sham19Y0001734,2801,1177,1380,148,81
247,1,446,Kraken230110004547,640,1015,1425,269,70
247,446,829,Kraken230110004547,641,1,453,282,75
247,1,348,JK009242,223,610,947,186,63
247,276,829,Zaydiyya0000062,1843,99,600,248,47
247,231,787,Shamela0021715,5244,922,1508,419,88
247,269,712,Shamela0021715,5245,638,1377,345,58
247,297,757,Shamela0021715,6115,1000,1421,270,68
247,272,691,Shamela0021715,6116,597,1175,235,50
247,261,482,Sham19Y0018272,486,908,1125,140,73
247,1,162,Sham19Y0122406,561,1360,1521,129,100
247,231,829,Shamela0005756,9607,337,977,451,87
247,297,757,Shamela0005756,10559,911,1332,270,68
247,329,829,Tafsir09084,104,34,520,267,57
247,1,212,Tafsir09084,1305,98,322,161,89
247,1,212,ShamAY0031687,100,647,850,155,90
247,269,829,Shamela0023623,199,296,944,296,51
247,269,617,JK000216,128,72,400,185,60
247,1,348,Shamela0012981,1152,689,969,161,55
247,1,252,ShamAY0033945,1897,1154,1438,168,72
247,1,348,Shamela0025800,3281,1158,1451,199,71
247,256,746,Shamela0025800,3282,854,1485,378,75
247,222,757,Shia001432Vols,2718,776,1391,287,53
247,222,829,ShamAY0034068,3255,506,1227,344,53
247,1,252,Shamela0010664,215,1069,1383,175,69
247,204,829,Shamela0008473,389,254,910,322,54
247,1,367,Shamela0008473,2659,74,473,200,60
247,272,829,JK009266,8117,158,816,325,54
247,114,829,Sham19Y0018106,2329,528,1327,488,76
247,297,482,Sham19Y0018106,2654,1241,1440,128,78
247,124,806,Masaha001864Vols,3233,812,1396,301,46
247,1,348,Masaha001864Vols,3236,767,1118,207,68
247,1,348,Shia002069Vols,681,459,856,197,54
247,129,757,ShamAY0034447,1168,624,1175,310,57
247,1,329,Kraken230106005528,1136,467,756,145,53
247,1,348,Shamela0021809,350,423,797,210,69
247,1,380,Sham19Y0145411,410,944,1481,241,53
247,380,841,Sham19Y0145411,411,1,497,366,92
247,114,736,Sham19Y0013605,2779,672,1267,406,77
247,114,757,Sham19Y0013605,3112,192,720,293,55
247,1,595,JK000083,126,932,1469,331,64
247,261,757,JK000030,250,137,590,283,66
247,1,212,Sham19Y0148271,276,1183,1405,161,89
247,276,829,Shamela0022769,1457,426,924,286,57
247,222,829,ShamAY0034005,1274,30,556,289,52
247,1,348,ShamAY0034005,1288,246,629,172,53
247,1,348,JK009408,409,622,1074,188,46
247,248,829,Shamela0036543,235,675,1243,292,52
247,297,757,Sham19Y0020699,2241,690,1110,269,68
247,297,829,Tafsir09083,1428,318,670,150,30
247,1,542,Sham19Y0018159,227,638,1146,144,26
247,1,338,ShamAY0034423,148,1134,1474,199,64
247,319,829,Shamela0010273,3034,661,1077,251,57
247,297,829,Shamela0096283,259,1,575,422,92
247,1,222,Shia002034Vols,168,1218,1426,144,77
247,1,473,Sham19Y0132973,584,647,1248,303,57
247,261,660,Shamela0021766,119,259,621,180,52
247,380,829,Shamela0007531,6,1,386,236,59
247,1,348,ShamAY0032946,10,956,1410,200,52
247,252,841,Shamela0012935,155,347,975,457,90
247,371,829,ShamAY0034073,207,1,690,356,64
247,269,796,Shamela0003118,2100,951,1461,273,57
247,285,829,Shamela0003118,3950,629,1219,293,53
247,222,742,Shamela0023578,2853,1040,1475,255,57
247,129,757,Masaha002308Vols,228,675,1232,311,55
247,114,829,Sham19Y0013252,5804,52,760,481,79
247,1,314,Sham19Y0020638,163,254,612,193,61
247,252,757,Sham19Y0020638,1171,926,1455,284,58
247,1,212,Shamela0036446,1178,1036,1231,151,87
247,293,829,Shamela0036446,1179,331,873,410,92
247,119,796,Shamela0035100,6,728,1305,298,48
247,119,847,Shamela0035100,611,683,1306,299,41
247,319,829,Tafsir03037,2749,1048,1464,251,57
247,1,212,Shamela0001733,312,370,586,155,89
247,124,829,Sham19Y0013572,824,432,1239,450,66
247,261,841,Shia002066,53,240,845,443,89
247,289,829,Sham19Y0127656,398,644,1247,420,87
247,119,829,Shamela0001673,5939,326,728,167,29
247,1,362,Shamela0011816,21,552,908,154,37
247,231,646,Sham19Y0018103,2221,1102,1540,305,84
247,646,829,Sham19Y0018103,2222,1,189,145,96
247,297,757,Sham19Y0018103,2540,86,508,270,68
247,297,829,ShamAY0034052,2142,819,1300,250,51
247,269,563,Shamela0021660,1343,109,381,201,84
247,261,829,Shamela0004473,1881,454,1025,315,60
247,272,609,Shamela0004473,15172,505,837,199,68
247,1,212,Sham19Y0146127,141,195,387,140,80
247,1,348,Shamela0010803,31,743,1146,208,55
247,1,829,JK000475,1923,394,1135,412,57
247,222,829,Shia001140Vols,121,284,938,312,53
247,119,796,Shamela0010906,192,94,678,297,47
247,119,796,Shamela0010906,608,855,1425,290,43
247,269,829,Shamela0010906,1379,367,828,255,52
248,349,737,Sham19Y0014592,1107,299,631,188,53
248,349,723,Shamela0023645,326,828,1098,170,55
248,1300,1513,Shamela0004289,1391,96,347,155,79
248,408,737,Shamela0008353,421,1066,1339,178,66
248,349,723,Shia003732Vols,5285,286,557,170,54
248,408,702,Shamela0004445,676,294,537,161,67
248,1294,1513,Shamela0013043,348,422,660,164,88
248,349,737,ShamAY0035035,528,974,1268,194,60
248,1294,1513,ShamAY0035249,61,181,445,163,79
248,1396,1513,ShamAY0035249,192,307,427,90,95
248,408,737,Sham19Y0022884,275,714,986,176,64
248,1380,1513,JK009242,222,719,850,101,96
248,349,585,ShamAY0033728,51,1238,1407,93,48
248,349,737,Kraken220413194022,2999,664,927,187,61
248,349,723,Sham19Y0122406,4484,1006,1277,170,54
248,1294,1513,Shamela0009567,701,16,238,170,97
248,1294,1513,Sham19Y0020868,473,827,1047,170,98
248,349,737,Sham19Y0148486,6311,648,958,187,55
248,1294,1513,Shamela0012220,833,355,534,110,65
248,427,737,Tafsir07055,1310,42,400,181,63
248,1300,1513,ShamAY0038134,241,645,869,158,89
248,1294,1513,Shamela0008473,3287,658,877,171,99
248,1396,1513,Shamela0026324,3216,152,271,91,97
248,1204,1513,ShamAY0034447,458,717,952,171,68
248,349,723,Sham19Y0014404,1277,722,998,175,56
248,1294,1513,Sham19Y0148271,1292,1211,1434,171,97
248,1294,1513,Shamela0025794,896,851,1074,171,97
248,349,737,ShamAY0034392,116,647,922,198,63
248,1204,1513,Sham19Y0127677,15153,775,1068,195,77
248,349,702,Shamela0012884,3182,898,1172,175,61
248,349,702,Sham19Y0150600,733,490,753,169,58
248,1300,1513,JK000475,1924,199,454,155,78
248,408,737,JK000381,2182,671,921,170,63
249,468,786,Shamela0004289,1129,410,664,188,74
249,1,197,Shamela0004289,1391,347,551,147,89
249,509,786,Sham19Y0018144,2821,121,323,142,64
249,468,786,Sham19Y0017616,466,461,717,190,75
249,31,237,Shia003732Vols,1448,924,1136,154,87
249,468,786,ShamAY0034054,3265,497,765,161,59
249,468,786,Shamela0001727,1461,375,631,190,75
249,1,237,Shamela0013043,348,660,907,177,87
249,468,786,JK006874,20,822,1077,191,75
249,468,786,Shamela0026892,29,794,1038,154,58
249,468,786,JK007016,111,432,734,190,68
249,524,786,ShamAY0034059,726,987,1204,163,77
249,468,786,Shia001831Vols,501,446,702,190,75
249,468,781,Rafed0000040Vols,163,1282,1533,186,75
249,1,210,ShamAY0035249,61,445,662,162,91
249,1,105,ShamAY0035249,192,427,537,75,85
249,468,786,Shamela0008658,2677,368,637,161,59
249,468,786,Shamela0000041,1360,1023,1268,192,75
249,1,237,JK009242,222,850,1098,183,89
249,468,786,JK009179,74,289,536,153,57
249,492,786,ShamAY0033523,537,144,389,175,71
249,64,197,JK009390,3487,835,971,108,97
249,664,786,Sham19Y0122406,3880,1,121,94,96
249,538,786,Shamela0001975,1078,448,668,125,51
249,1,237,Shamela0009567,701,238,486,188,94
249,468,786,Tafsir09084,1604,777,1056,177,63
249,538,786,Tafsir09084,1646,113,307,128,59
249,1,237,Shamela0006590,305,583,805,169,85
249,468,786,Shamela0023623,3388,244,512,161,59
249,1,237,Sham19Y0020868,473,1047,1295,188,94
249,468,786,Sham19Y0148486,4843,973,1273,174,60
249,468,786,Shamela0037458,3481,1096,1363,164,60
249,506,786,Shamela0037466,1,1168,1404,183,81
249,1,241,ShamAY0038134,241,869,1104,167,83
249,468,786,Shia001432Vols,20821,750,1003,148,54
249,515,786,ShamAY0034068,322,574,792,166,77
249,468,786,Shamela0008473,3213,1011,1285,178,63
249,1,237,Shamela0008473,3287,877,1125,184,92
249,43,237,Shamela0009873,1010,1294,1486,127,75
249,509,786,JK009266,1778,924,1158,175,79
249,31,237,ShamAY0033561,17,563,772,160,92
249,468,786,ShamAY0034403,34,802,1065,196,76
249,814,1224,ShamAY0034447,456,114,459,213,60
249,1,237,ShamAY0034447,458,952,1204,188,92
249,515,786,Sham19Y0014404,212,493,703,164,75
249,468,786,Sham19Y0148271,476,1102,1414,170,57
249,20,237,Sham19Y0148271,1293,1,226,173,95
249,468,786,JK000481,230,187,478,167,60
249,1,237,Shamela0025794,896,1074,1322,188,94
249,492,786,Shamela0025794,2912,6,342,166,58
249,468,777,ShamAY0034423,136,908,1508,188,35
249,1,237,ShamAY0034423,149,95,352,188,91
249,468,786,Shamela0021766,579,615,871,193,76
249,468,786,Shamela0021766,2314,57,312,191,74
249,1,237,Shia001782Vols,2830,646,894,188,94
249,1,237,Sham19Y0127677,15153,1068,1316,188,94
249,468,786,Sham19Y0020638,1224,511,768,192,75
249,538,786,Shamela0012884,3486,808,1011,158,79
249,468,786,Shamela0010443,77,415,671,190,75
249,468,786,Shamela0001395,43,244,511,190,75
249,1,210,JK000475,1924,454,671,162,91
249,468,786,ShamAY0038387,142,914,1147,172,68
249,492,786,ShamAY0035960,537,520,784,190,77
250,194,544,JK009379,79,1024,1414,234,71
250,194,686,JK009379,93,352,886,269,58
250,1,443,Shamela0004289,1129,793,1350,349,78
250,470,901,Shamela0004289,1130,83,679,273,54
250,204,443,JK007063,485,28,318,188,81
250,228,378,Shamela0008176,284,1073,1213,107,87
250,79,443,Shamela0022547,1120,457,840,211,55
250,470,747,Shamela0001719,3276,146,443,196,79
250,1,451,Sham19Y0018144,2821,647,1222,348,75
250,1,672,Sham19Y0017616,466,785,1404,382,61
250,1,443,Shamela0008206,455,666,1201,327,73
250,228,577,Sham19Y0023625,2817,968,1125,118,41
250,228,384,Sham19Y0023625,2818,1295,1442,114,89
250,1,443,Shamela0001727,1461,778,1339,346,77
250,470,901,Shamela0001727,1462,240,829,274,54
250,189,504,Shamela0023628,2062,1060,1487,213,59
250,1,378,Shia001831Vols,501,1093,1493,295,93
250,470,901,Shia001831Vols,502,795,1384,274,54
250,1,906,JK007065,1243,194,1416,622,61
250,228,378,Sham19Y0145212,4124,35,175,107,87
250,204,387,Shamela0000170,444,1325,1507,143,97
250,71,443,Sham19Y0132524,2803,852,1325,296,78
250,228,901,Sham19Y0132524,2804,305,891,206,28
250,1,504,Sham19Y0001734,2279,920,1447,297,62
250,1,465,Sham19Y0020561,1677,219,821,348,73
250,1,769,Kraken230110004547,500,417,1215,436,58
250,228,901,Sham19Y0008889,123,265,521,181,33
250,228,443,Sham19Y0008889,124,1063,1353,152,60
250,228,901,Shia001764Vols,2339,438,695,182,33
250,204,521,JK000362,316,312,699,216,66
250,470,769,JK009179,31,58,369,190,69
250,1,455,ShamAY0033523,537,920,1442,333,76
250,475,910,ShamAY0033523,538,1,396,262,68
250,208,443,JK009390,181,333,661,175,65
250,489,747,JK009390,577,668,932,175,80
250,1,443,Sham19Y0122406,3880,268,1318,344,41
250,470,747,Sham19Y0122406,3881,178,487,204,81
250,228,387,Sham19Y0122406,3883,1071,1217,104,78
250,228,443,Shamela0001975,124,1033,1342,170,67
250,521,747,Shamela0001975,302,455,697,168,86
250,228,894,Shamela0005756,2041,1284,1531,174,32
250,521,901,Shamela0005756,9459,583,728,109,36
250,1,465,Sham19Y0148486,4844,89,670,346,74
250,228,866,ShamAY0033598,200,1001,1461,272,53
250,1,387,Shamela0025800,2774,959,1371,302,92
250,355,906,Shamela0025800,2775,9,595,340,64
250,189,398,ShamAY0034068,1378,270,473,159,94
250,79,355,Shamela0000767,3943,480,673,152,68
250,14,559,Shia002616Vols,4198,374,744,203,44
250,189,387,Shia002616Vols,6750,1274,1471,155,97
250,218,582,Sham19Y0013631,2551,1095,1264,120,41
250,204,392,Sham19Y0019230,340,1164,1420,142,68
250,1,372,ShamAY0034403,34,1124,1524,289,91
250,329,906,ShamAY0034403,35,13,599,371,70
250,10,747,ShamAY0034447,454,384,1302,269,30
250,139,443,Kraken230106005528,960,5,409,208,60
250,1,443,Shamela0021809,3180,878,1427,329,73
250,228,378,Shamela0000140,802,586,720,102,83
250,470,747,ShamAY0034005,1206,622,884,184,79
250,257,443,ShamAY0034005,1207,1,273,139,63
250,470,747,JK009408,543,659,945,206,88
250,294,443,Zaydiyya0000142,1517,1,248,113,57
250,266,521,Shamela0003055,712,1,340,161,56
250,228,747,Shamela0021629,182,546,1091,324,64
250,194,372,Sham19Y0014580,2422,317,494,139,97
250,1,901,ShamAY0034423,137,72,1061,638,75
250,71,443,JK001487,120,20,464,272,73
250,189,384,ShamAY0034073,1594,109,305,156,98
250,208,443,ShamAY0035990,138,665,1145,178,46
250,228,443,Shamela0021659,109,620,929,170,67
250,521,747,Shamela0021659,420,702,944,168,86
250,1,465,Shamela0009270,148,517,1108,347,73
250,262,443,Sham19Y0127677,291,1,275,142,64
250,521,747,Sham19Y0127677,621,907,1146,167,84
250,475,747,Sham19Y0127677,1292,305,596,164,66
250,228,894,Sham19Y0013252,1165,309,556,174,32
250,1,485,Sham19Y0020638,1224,866,1454,364,76
250,485,906,Sham19Y0020638,1225,1,412,275,73
250,228,443,Shamela0001438,567,854,1162,170,68
250,559,747,Shamela0001438,1405,1,200,133,81
250,189,387,Shamela0001733,660,1199,1394,156,97
250,79,443,Shia001960,62,572,948,198,53
250,228,418,Shia002265Vols,58,1086,1371,151,65
250,418,747,Shia002265Vols,59,1,287,184,67
250,249,747,Shia002265Vols,65,607,957,186,45
250,521,894,Shamela0001673,10023,356,809,90,16
250,228,387,Shamela0001673,10029,1324,1505,125,85
250,223,443,Shamela0011816,22,1,314,161,61
250,10,443,Sham19Y0146127,2611,1,409,296,81
250,14,614,Shamela0012884,3486,310,937,274,41
250,218,443,Shamela0010443,72,1,321,177,69
250,228,582,ShamAY0038387,145,665,1099,186,53
250,223,443,JK000381,959,972,1290,175,68
250,465,747,JK000381,960,175,441,172,68
250,1,153,ShamAY0035960,537,1315,1481,116,85
250,153,910,ShamAY0035960,538,1,820,518,72
250,1,443,JK000316,10,15,596,326,70
254,615,1488,Shamela0023606,331,543,1405,698,97
255,261,1497,Sham19Y0150961,484,166,1215,820,82
256,436,614,Shamela0001875,1177,72,290,127,74
256,436,622,Sham19Y0017798,2186,86,321,133,72
256,436,616,Sham19Y0018144,1312,312,860,117,27
256,436,616,Sham19Y0017616,204,1156,1377,128,74
256,445,629,Shia003732Vols,4006,1232,1481,126,63
256,436,614,Sham19Y0037618,2507,533,723,128,85
256,436,636,Shamela0007891,1546,964,1249,106,48
256,436,614,Shamela0001727,780,554,773,128,74
256,436,614,JK007065,274,48,270,127,72
256,439,614,Sham19Y0014591,2297,1097,1303,118,70
256,436,629,Sham19Y0017729,347,807,1039,139,75
256,380,722,Sham19Y0019188,3759,1025,1414,149,37
256,380,722,Sham19Y0019188,4648,998,1387,163,51
256,436,616,Sham19Y0017747,1773,385,604,127,72
256,471,614,Shia001764Vols,1447,819,1198,103,34
256,436,614,JK000362,1459,726,907,121,82
256,436,614,Shamela0012981,1139,453,666,125,73
256,436,622,Shamela0012981,1422,1114,1338,131,73
256,459,614,JK006950,3585,235,400,108,80
256,436,629,Shamela0010664,1259,361,613,123,62
256,436,614,Shamela0000767,3667,282,495,123,72
256,436,614,Shia002616Vols,3699,597,814,125,72
256,436,614,Sham19Y0019230,896,845,1065,128,74
256,436,614,Sham19Y0017903,633,330,549,128,74
256,436,614,Shamela0021713,1373,1116,1331,125,73
256,331,527,Shamela0021713,1374,508,827,106,40
256,436,616,Shamela0021713,1783,445,663,127,72
256,496,629,Shamela0021713,1796,1,171,78,58
256,436,629,Sham19Y0013253,459,471,710,121,64
256,436,614,Shamela0025794,5268,725,968,127,68
256,436,636,JK007040,893,1050,1287,105,51
256,436,614,Sham19Y0020638,639,41,260,128,74
256,436,614,JK000977,1312,471,714,125,67
256,380,722,Shamela0008463,4325,958,1345,163,51
256,380,722,Shamela0008463,6029,810,1199,148,37
256,445,592,ShamIbadiyya0000135,216,1285,1481,95,63
256,436,616,Sham19Y0011194,153,46,265,130,75
256,459,614,JK000381,9280,319,484,108,80
257,1,403,Rafed0003037Vols,893,279,773,269,65
257,1,238,Sham19Y0145210,1847,215,485,172,76
259,966,1441,Shamela0004289,1475,57,712,195,31
259,1111,1441,Shamela0000432,4550,527,855,146,40
259,1111,1335,Shamela0008176,7176,271,691,107,31
259,1055,1335,JK000916,18731,874,1405,131,27
259,1079,1335,JK000916,26997,673,1062,146,41
259,1079,1335,Sham19Y0018144,2576,312,721,118,31
259,1101,1335,Shamela0001727,1321,333,956,170,34
259,1130,1335,JK007065,867,222,653,112,32
259,1223,1456,Shamela0021715,5450,1,625,117,24
259,1101,1441,Sham19Y0017437,1304,955,1253,172,56
259,1034,1441,JK000940,186,1003,1408,187,42
259,1097,1378,Shamela0025800,2346,1,542,171,39
259,1093,1441,MMS00013,2896,877,1279,132,31
259,1281,1456,JK007006,1271,514,967,119,33
259,1305,1448,Shia002261Vols,299,1,129,93,81
259,1111,1417,Shamela0023578,566,1256,1513,123,40
259,477,1066,Shamela0009823,598,158,676,375,73
259,1281,1441,Sham19Y0127677,1654,625,786,107,83
259,1101,1335,Sham19Y0127677,10281,920,1334,148,44
259,1101,1335,Sham19Y0127677,10471,393,754,137,41
259,1177,1441,Sham19Y0020638,1091,32,284,187,87
259,966,1378,Sham19Y0013572,889,191,707,166,32
260,4,619,Shamela0009823,598,690,1350,389,69
272,511,756,Sham19Y0013231,2504,422,631,150,71
274,961,1109,Shamela0023685,1336,925,1464,76,16
274,961,1109,Shamela0026568,1164,1,539,78,16
276,560,734,Shamela0023623,4276,351,570,76,35
276,560,739,JK000791,2360,1170,1344,117,76
276,876,1023,Shamela0028100,85,1071,1228,121,93
276,560,880,Sham19Y0013231,4281,415,911,203,49
276,856,1023,Shamela0001687,2462,190,534,132,46
281,1048,1623,Shamela0004473,9644,105,638,434,92
282,1,1173,Shamela0004473,9644,638,1605,772,80
282,1173,1599,Shamela0004473,9645,1,366,296,85
283,1,1198,Shamela0004473,9645,366,1469,861,86
285,1092,1319,ShamAY0035035,9310,6,371,153,49
285,1033,1571,JK000001,3090,987,1528,266,51
293,1384,1553,JK000362,628,247,386,71,54
293,743,1206,Kraken220413202218,450,1,363,150,31
293,458,1653,Shamela0004473,8144,1,1155,927,94
294,253,510,ShamAY0035035,5699,992,1533,155,32
294,259,404,Kraken220413202218,451,1573,1725,119,94
294,1,241,Shamela0004473,8144,1148,1388,194,97
296,367,630,Shamela0004473,8144,1396,1665,216,97
296,630,1481,Shamela0004473,8145,1,756,587,84
297,7,224,Shamela0004473,8145,777,998,174,94
298,1526,1645,Sham19Y0145411,943,1470,1590,98,99
299,58,585,Sham19Y0013231,3987,779,1011,142,31
300,772,1581,JK000083,3,95,705,279,37
301,713,991,Kraken220413030759,801,146,427,182,77
301,682,991,JK000916,13299,1085,1410,228,87
301,726,991,ShamAY0035000,27,735,1027,187,78
301,710,991,ShamAY0034857,470,471,767,207,87
301,33,307,JK000083,3,782,1058,121,45
301,713,991,Shamela0003118,3973,445,738,204,85
301,697,991,Shamela0012031,963,974,1283,217,87
301,682,991,JK011496,117,239,564,230,88
302,66,242,Shia002356Vols,513,1070,1221,118,84
302,66,242,Rafed0002905Vols,4159,1072,1196,94,68
302,66,242,Shia002359Vols,2066,1091,1242,118,84
304,57,1218,Rafed0003902Vols,2930,594,1572,737,77
304,57,698,Shamela0004473,3055,955,1511,367,65
304,710,1058,Shamela0004473,3056,1,260,190,66
311,1295,1453,Sham19Y0023618,2036,1326,1514,83,53
314,93,276,Shamela0001875,343,873,1052,141,97
314,80,276,Shamela0004289,560,197,393,147,95
314,40,276,JK000130,232,1068,1277,143,75
314,40,276,JK000130,842,1198,1400,129,66
314,40,276,JK000130,843,34,241,147,79
314,36,272,Sham19Y0023625,688,59,251,144,77
314,93,232,Sham19Y0016599,1153,850,989,110,100
314,36,375,Sham19Y0037618,1071,693,973,193,72
314,36,276,ShamAY0033910,231,976,1189,146,75
314,36,290,Shamela0007891,395,1072,1319,162,74
314,93,232,JK007107,109,796,907,88,79
314,36,276,Shamela0001727,260,864,1075,162,86
314,36,276,Shamela0005922,455,75,282,159,84
314,53,287,ShamAY0035035,3287,262,459,147,80
314,36,290,JK007065,1438,194,437,168,77
314,93,198,Sham19Y0132524,453,1140,1245,83,100
314,53,494,Sham19Y0020561,1372,860,1260,210,54
314,169,276,JK009390,5856,1,114,83,94
314,36,276,Sham19Y0122406,768,829,1040,162,86
314,30,232,Shamela0009082,1860,447,648,113,69
314,144,276,Shamela0012220,1828,1,133,84,70
314,53,287,JK001236,168,767,985,165,90
314,93,287,Shamela0025800,883,1047,1247,153,97
314,93,276,Shamela0026324,5551,988,1175,123,75
314,40,276,ShamAY0034005,288,323,526,148,78
314,36,276,Shia002067,156,592,799,159,84
314,36,276,Shamela0025794,4814,395,621,160,80
314,93,232,Shia000841Vols,557,1304,1443,110,100
314,36,287,ShamAY0034134,363,1124,1359,168,80
314,36,276,ShamAY0032798,16,816,1040,160,80
314,93,276,Sham19Y0127677,5575,661,852,142,94
314,93,255,Sham19Y0020638,221,1337,1499,128,100
314,93,276,Shamela0036446,1307,671,856,140,94
314,80,282,Shamela0001438,7672,1031,1255,153,86
314,40,276,JK000977,433,839,1042,139,69
314,40,276,JK000475,144,1024,1221,139,75
314,40,276,JK000475,1886,853,1056,153,83
314,93,272,JK000381,4890,881,1041,126,89
314,40,276,JK000785,348,956,1164,154,82
315,1139,1315,Shamela0001875,951,538,704,107,71
315,65,202,Sham19Y0006684,1445,1066,1203,106,100
315,65,202,Shia002119Vols,1673,502,639,106,100
315,65,202,Shamela0021479,72,1295,1432,105,99
315,65,202,Sham19Y0122257,1605,545,682,106,100
315,65,202,JK000916,17118,1,134,101,94
315,1117,1281,ShamAY0032817,6,348,598,114,55
315,65,202,Shamela0001719,67,882,1019,99,87
315,1117,1281,Sham19Y0018144,4842,120,287,103,72
315,1117,1281,Shamela0009323,38,196,434,103,54
315,1142,1315,Shamela0021743,538,379,531,105,71
315,1139,1281,Shamela0007891,1093,1035,1176,98,80
315,65,202,Shamela0007891,1108,24,158,104,97
315,65,202,Sham19Y0020891,2415,113,252,95,83
315,1117,1241,JK007065,500,1301,1423,76,69
315,65,599,JK000024,63,1190,1450,146,32
315,1117,1281,JK000024,77,1123,1357,103,55
315,249,627,Sham19Y0127660,1714,364,659,159,44
315,65,202,Sham19Y0145212,1837,889,1026,106,100
315,1117,1281,Sham19Y0013667,6000,717,985,114,51
315,1134,1281,Sham19Y0013571,123,405,553,103,80
315,65,190,Shamela0000041,1069,1367,1492,97,100
315,65,617,JK000021,1237,94,783,200,30
315,65,202,Shamela0028107,420,973,1112,105,97
315,1117,1281,JK011497,40,439,656,99,54
315,1117,1281,Shamela0009810,1150,185,471,113,48
315,83,202,Shamela0008360,406,1,120,92,100
315,958,1334,Shamela0023623,1553,1054,1330,144,41
315,1117,1281,Sham19Y0148486,3037,323,555,103,55
315,1142,1315,Shamela0037458,1535,421,574,109,73
315,1117,1281,Sham19Y0020591,703,1170,1343,114,78
315,60,202,JK000940,195,628,771,104,93
315,1117,1281,ShamAY0033945,1034,904,1171,126,60
315,1142,1315,Shamela0006610,520,1108,1257,100,67
315,1117,1281,Shia001731Vols,653,1062,1348,113,48
315,1117,1265,Shamela0025800,738,1305,1457,85,65
315,952,1281,Shia002406Vols,3473,566,832,133,42
315,1139,1281,Sham19Y0127700,224,1157,1420,110,53
315,65,202,Shamela0008473,2172,1021,1158,90,80
315,73,202,Shia002616Vols,831,1082,1211,93,86
315,65,202,Shia002616Vols,2794,530,672,98,84
315,65,202,JK009266,4415,1114,1251,106,100
315,65,202,Masaha001864Vols,2727,361,498,99,87
315,65,300,Shia002218Vols,380,662,1005,147,53
315,65,202,Shamela0011363,316,894,1024,96,91
315,65,202,JK000386,747,1264,1397,102,96
315,65,202,MMS00013,161,1028,1140,81,73
315,1131,1281,Shamela0003118,7310,685,919,103,52
315,65,202,Shamela0023578,1350,1174,1311,105,99
315,65,202,Sham19Y0127677,10078,657,794,106,100
315,1117,1281,Sham19Y0127677,14681,190,476,113,48
315,1117,1281,Shamela0022579,718,1114,1360,114,59
315,65,202,ShamAY0034311,9,488,621,103,97
315,1139,1281,Shia002702Vols,3781,74,237,111,87
315,1117,1281,Sham19Y0146127,1598,953,1166,99,55
315,939,1281,Sham19Y0013785,1236,713,911,115,41
315,945,1334,Shamela0012884,2300,736,1042,167,45
315,65,202,ShamAY0033522,397,1103,1240,106,100
315,1117,1281,ShamAY0034282,2427,73,322,113,58
315,1117,1281,ShamAY0034282,3023,195,427,103,55
315,65,202,Sham19Y0014462,10,759,896,99,87
316,510,1073,Sham19Y0150960,1454,800,1139,179,35
316,542,1059,Sham19Y0020891,6796,1,165,105,25
316,510,1073,Shamela0011728,801,693,1028,180,35
316,542,1028,Shamela0037458,4844,87,308,132,33
316,510,933,Shamela0008473,5075,1205,1478,127,34
316,492,933,Rafed0002905Vols,9500,1406,1559,82,21
316,542,849,Shamela0001438,1230,810,1013,121,42
317,65,286,Shamela0009242,1673,25,199,83,39
317,74,286,JK000134,306,810,1399,130,28
318,623,811,Shamela0012286,3258,21,286,67,26
318,417,560,Shamela0010525,428,256,448,94,54
318,623,798,Shamela0010525,544,419,834,96,29
319,1262,1411,Shamela0008505,387,832,980,117,97
319,934,1251,Sham19Y0014827,691,50,381,119,30
320,678,787,JK009396,1767,953,1062,87,100
320,1023,1563,Rafed0002905Vols,9531,790,1337,434,98
320,1054,1399,Sham19Y0023590,6028,1,268,194,71
321,772,1072,JK000110,444,590,881,231,96
321,768,1072,Sham19Y0018176,741,136,429,232,95
321,768,1072,Sham19Y0016584,1517,714,1007,232,95
321,768,948,Sham19Y0020561,1552,1346,1518,134,91
321,768,1072,Shamela0021715,3031,996,1289,232,95
321,768,1072,Shamela0005756,6486,350,650,232,93
321,768,1072,Sham19Y0018106,1387,512,805,232,95
321,820,1093,JK009324,1458,1,273,197,86
321,1,137,Rafed0002905Vols,9531,1337,1477,108,97
321,742,1072,Sham19Y0013231,7974,1040,1369,236,84
321,768,994,Sham19Y0127656,248,1267,1473,156,84
321,768,1072,Rafed0003902Vols,4802,697,988,234,95
321,768,1072,Sham19Y0018103,1419,454,745,230,94
322,186,380,Shia003923Vols,898,712,887,126,78
322,186,380,Shia003961Vols,1003,1247,1503,106,48
322,206,380,Sham19Y0131336,2141,862,1003,87,62
322,214,380,Shamela0005756,2431,1040,1185,97,71
322,221,386,Shia002616Vols,7115,907,1057,102,72
322,221,380,Shia001782Vols,3952,1156,1296,97,73
322,221,380,Sham19Y0127677,8414,826,966,98,74
322,186,380,Sham19Y0013223,1913,780,955,126,78
322,221,380,Sham19Y0150639,220,1133,1269,97,75
322,242,380,Sham19Y0011194,423,1,117,83,74
323,407,573,Shamela0021821,2045,1173,1339,129,98
323,430,573,Shia004672,179,849,1018,103,78
323,468,573,Shia002616Vols,6742,1,107,83,98
323,407,573,JK009266,9532,391,600,119,72
323,468,573,Shamela0021713,1212,32,141,83,95
323,430,573,Sham19Y0013231,4507,1,144,113,99
323,820,1273,Rafed0003902Vols,4691,429,891,356,95
323,427,573,Shia002359Vols,4553,1379,1534,114,92
323,836,1195,Sham19Y0023590,6063,656,978,256,89
323,407,577,Sham19Y0017829,152,1112,1310,110,69
323,427,573,Shia002389Vols,3231,976,1126,113,95
323,836,1273,Shamela0007798,9566,533,966,347,99
325,1,333,JK000110,712,681,1006,254,97
325,1,333,Sham19Y0018176,1083,311,636,254,97
325,1,333,Shamela0004289,199,552,795,176,66
325,98,292,Shamela0000107,376,603,795,134,87
325,114,274,Shamela0007629,23,1,158,120,95
325,67,333,Shamela0013125,50,1,344,187,64
325,118,333,Shamela0008176,182,1,216,169,100
325,26,333,Sham19Y0122257,70,187,516,223,86
325,1,333,JK000916,18346,880,1132,182,69
325,90,269,JK000916,19836,816,1000,130,89
325,205,350,Sham19Y0011326,15,1,136,102,88
325,1,269,Sham19Y0016584,2185,1188,1449,203,97
325,1,333,Sham19Y0016584,2186,461,888,141,36
325,1,333,Shia003732Vols,3915,378,710,234,85
325,13,350,Shamela0012001,23,452,814,219,75
325,44,333,Sham19Y0016684,1157,1,290,226,100
325,90,266,Shamela0021765,2598,898,1077,127,88
325,1,333,Shamela0001727,43,296,640,238,84
325,1,333,Shamela0023628,765,38,376,241,87
325,142,333,Sham19Y0020891,2130,496,677,132,89
325,1,333,Sham19Y0020891,5512,1208,1527,247,94
325,26,333,JK007065,226,800,1108,239,98
325,1,333,Shamela0009993,76,513,846,243,87
325,195,333,Sham19Y0145212,137,1,138,107,99
325,1,333,Shamela0026877,4,704,1021,224,82
325,1,333,Sham19Y0014119,65,867,1204,237,86
325,17,369,Sham19Y0017063,46,33,387,247,85
325,1,350,JK006870,1,1198,1525,244,86
325,90,269,Shamela0012862,769,688,871,131,89
325,1,333,Shamela0021715,4626,731,1056,254,97
325,6,274,JK009390,2720,379,581,142,65
325,1,333,JK009390,7203,281,562,204,78
325,90,258,Shamela0001975,1060,1195,1348,111,80
325,1,350,Shamela0005756,8886,756,1106,257,91
325,1,333,ShamAY0035250,40,390,715,254,97
325,1,333,Shamela0008360,7,710,1035,254,97
325,26,333,JK001277,18,1022,1407,214,66
325,90,269,Shamela0012981,2257,1012,1193,129,88
325,26,255,Shamela0025800,2584,1167,1404,173,93
325,1,333,Sham19Y0018106,2045,27,352,254,97
325,26,274,JK000348,21,1003,1239,171,86
325,1,333,Tafsir06049,1754,1216,1558,244,88
325,1,333,Sham19Y0013605,2533,553,878,254,97
325,26,274,Shamela0012027,202,698,966,184,88
325,1,350,JK007099,40,400,716,235,83
325,26,274,Shamela0003055,32,552,789,175,87
325,1,333,JK000384,58,103,421,242,91
325,1,124,Shamela0096283,231,183,299,90,94
325,142,333,Shamela0021766,596,773,945,120,81
325,26,274,Shamela0021766,3678,284,500,156,80
325,26,333,Shamela0021766,4642,682,1014,225,87
325,128,333,Sham19Y0017791,49,1,199,155,96
325,1,333,ShamAY0035990,208,21,503,99,18
325,1,333,Shamela0003118,5298,1130,1383,179,68
325,90,274,Shamela0021659,1447,1212,1381,123,81
325,98,269,Shia001782Vols,3519,11,185,132,97
325,1,350,Shamela0021709,7,954,1281,244,86
325,1,333,Sham19Y0127677,5223,523,769,181,69
325,1,333,Sham19Y0013252,5153,717,1042,254,97
325,30,333,Sham19Y0013252,5154,115,415,234,98
325,26,333,Sham19Y0020638,43,573,889,225,88
325,1,333,Shamela0036446,13,398,711,243,92
325,90,274,Shamela0001438,4234,1172,1341,123,81
325,1,333,Shamela0001438,7256,241,489,182,70
325,1,333,JK000977,75,731,985,189,71
325,26,366,JK007054,105,543,901,255,86
325,90,274,Shia002265Vols,39,165,334,123,81
325,1,333,Shia002265Vols,165,65,369,213,81
325,1,274,Rafed0003902Vols,1108,1011,1244,170,78
325,1,350,Rafed0003902Vols,4858,994,1356,273,94
325,1,333,Sham19Y0018103,1984,426,751,254,97
325,1,333,Sham19Y0023590,1223,820,1143,249,94
325,1,333,Shamela0010803,292,544,884,251,92
325,1,333,Sham19Y0016976,96,795,1134,238,86
325,131,333,Sham19Y0016976,98,822,1138,128,50
325,1,315,JK000475,1197,626,886,183,73
325,1,333,Shamela0002386,19,1174,1478,230,86
325,1,333,Shamela0012014,122,355,674,247,94
326,899,1010,ShamAY0034054,4296,54,546,90,22
326,899,1010,Shamela0037458,4768,893,1370,90,23
326,763,892,Shamela0008473,5019,1399,1527,103,99
326,899,1010,Shamela0000922,1303,42,153,90,100
328,599,945,Shia002642Vols,284,1103,1449,278,99
328,565,945,Sham19Y0013231,8873,680,1028,252,80
328,599,945,JK000381,4694,221,548,263,94
329,557,805,JK000110,1336,372,613,190,97
329,501,805,Sham19Y0018176,1852,552,890,209,76
329,557,813,Shamela0004289,1396,374,606,172,83
329,557,805,Sham19Y0122236,151,4,245,190,97
329,516,805,Sham19Y0016584,3440,950,1270,207,80
329,630,745,Sham19Y0016584,3441,5,156,85,67
329,383,770,Sham19Y0018144,1926,349,821,201,44
329,421,805,Sham19Y0017616,559,72,484,230,69
329,557,770,Shia003732Vols,816,761,974,152,85
329,501,805,Sham19Y0016684,1729,191,522,209,75
329,364,805,Shamela0001727,1025,19,570,315,69
329,494,805,Shamela0023628,3686,1009,1345,205,73
329,540,805,ShamAY0001202,249,557,818,170,71
329,494,823,Sham19Y0132524,3158,464,769,220,79
329,638,797,Kraken230110004547,76,1,173,113,79
329,494,805,Shamela0000041,2788,633,1061,212,60
329,549,713,Shamela0023644,287,84,390,120,47
329,595,739,Shamela0009918,126,402,802,101,30
329,557,805,Shamela0021715,7739,1055,1296,190,97
329,562,720,Shamela0021715,7740,22,322,125,52
329,557,805,Sham19Y0122406,2852,50,283,177,89
329,615,805,Shamela0005756,4445,1,191,150,100
329,557,805,Shamela0005756,12177,628,869,190,97
329,595,813,Sham19Y0148486,1527,284,506,167,94
329,557,805,Shamela0025800,438,5,282,194,88
329,411,793,Shia002616Vols,6725,988,1537,228,46
329,417,770,Shia002616Vols,6726,146,661,161,35
329,557,805,JK009266,9514,955,1209,168,76
329,557,805,Sham19Y0018106,3213,54,295,189,96
329,406,777,Shia002218Vols,1075,21,342,170,54
329,591,770,Sham19Y0013605,1453,65,242,136,96
329,557,805,Sham19Y0013605,3693,1028,1269,189,96
329,582,805,Sham19Y0013231,8880,1,224,176,100
329,595,739,Tafsir09083,1791,1412,1578,111,82
329,364,785,Shamela0023578,3458,667,1046,141,31
329,519,823,Sham19Y0013252,7378,1,340,213,76
329,591,813,Sham19Y0020638,847,12,244,173,94
329,557,805,Sham19Y0127656,617,896,1124,180,91
329,411,756,Meshkat00057178,3840,847,1251,161,48
329,557,805,Sham19Y0018103,3089,373,614,190,97
329,370,805,Sham19Y0146127,778,639,1035,235,59
330,29,943,Sham19Y0014592,609,123,399,147,19
331,301,448,Sham19Y0014601,1752,1105,1294,76,51
333,869,1408,Shamela0008473,5157,1129,1541,252,58
333,235,533,Rafed0003726Vols,1604,1323,1561,90,28
333,182,529,Rafed0003726Vols,2020,816,1076,105,29
333,170,500,Shamela0007798,2870,467,868,77,18
333,235,536,Shamela0007798,9282,999,1247,93,28
333,235,590,Shamela0007798,9607,1042,1396,289,99
334,231,526,Sham19Y0014309,2555,459,819,98,26
334,184,502,Sham19Y0014309,2592,404,846,77,17
334,1263,1413,Shia002702Vols,11798,37,185,118,98
335,209,421,Shamela0038091,615,207,412,159,94
335,209,415,ShamAY0034054,4454,398,596,157,96
335,19,345,Sham19Y0023618,1969,747,1035,137,52
335,209,415,Shamela0023623,4607,581,779,157,96
335,209,415,Shamela0037458,4939,192,390,157,96
335,820,1056,Shamela0011036,356,445,576,99,52
335,209,421,Shia002616Vols,6786,463,734,158,72
335,213,415,JK009266,9581,497,756,160,77
335,19,345,ShamAY0034066,1548,83,374,140,53
335,213,415,Shamela0023591,6912,12,210,149,89
335,1313,1461,Shamela0007798,9624,1190,1338,118,100
335,213,415,Tafsir02079,3857,979,1181,161,100
336,208,446,JK000110,316,1131,1356,168,88
336,230,431,Shamela0001875,630,240,414,125,74
336,208,446,Sham19Y0018176,565,35,262,171,86
336,208,431,Shamela0022547,521,109,379,147,68
336,208,412,Sham19Y0016584,1186,67,257,116,73
336,241,431,JK007065,1409,628,791,126,84
336,208,334,Shamela0021715,2184,691,818,99,99
336,208,446,Shamela0005756,5036,64,303,171,82
336,966,1162,Sham19Y0013241,1855,496,692,156,100
336,208,334,Sham19Y0018106,1058,858,984,99,100
336,208,334,Sham19Y0013605,1573,591,717,99,100
336,208,431,Sham19Y0148271,2264,11,212,156,88
336,253,446,Shamela0096283,122,620,795,133,83
336,208,446,Sham19Y0013252,2599,427,668,169,84
336,221,431,Sham19Y0020638,405,305,486,125,73
336,230,446,Sham19Y0127656,175,781,969,136,75
336,208,440,Sham19Y0018103,1127,595,815,164,85
336,966,1122,Shamela0007798,9441,1344,1500,124,100
337,946,1254,Shia001353,57,462,770,208,76
337,946,1339,Shia001353,269,853,1271,289,84
337,946,1339,JK000110,852,528,945,293,85
337,943,1279,Shamela0008176,1359,922,1282,236,80
337,943,1216,Sham19Y0122257,661,1264,1557,197,81
337,946,1224,Sham19Y0016584,2499,393,787,197,60
337,943,1345,Shamela0001001,14,329,722,293,91
337,943,1339,Sham19Y0023625,787,983,1414,293,83
337,946,1190,Shamela0005922,966,1216,1477,173,78
337,946,1339,Masaha002880Vols,511,804,1204,279,81
337,918,1339,Sham19Y0014324,123,633,1453,298,45
337,943,1203,Sham19Y0145212,833,1274,1557,186,79
337,946,1339,Shia004030Vols,1050,640,1042,285,86
337,946,1067,Shamela0021715,5338,1424,1545,95,100
337,946,1381,ShamAY0033586,196,978,1403,298,84
337,946,1345,Shamela0008360,141,667,1091,298,86
337,943,1339,JK001236,174,149,576,294,83
337,946,1078,JK009266,7369,1403,1538,94,88
337,946,1350,Sham19Y0018106,2363,676,1098,297,84
337,946,1339,JK009396,1226,1051,1439,297,93
337,946,1078,Sham19Y0013605,2810,469,601,104,100
337,946,1254,Shia002371,119,921,1249,221,81
337,946,1339,Shamela0036543,2322,163,590,293,84
337,943,1339,Shamela0021766,3623,912,1331,295,86
337,946,1181,Sham19Y0013252,5874,1181,1434,167,78
337,946,1350,Sham19Y0018103,2253,228,660,298,84
337,892,1339,Shamela0004473,2940,623,1071,305,78
337,946,1345,Shia003754Vols,272,908,1300,285,87
338,901,1117,Shamela0010784,8,648,839,141,82
338,906,1117,Shia004047,36,129,319,145,87
338,922,1117,JK000916,8828,704,891,136,87
338,951,1117,JK000916,8831,432,594,128,96
338,901,1117,Shamela0012444,10,1170,1362,140,82
338,906,1117,Shamela0012444,32,1407,1571,120,72
338,906,1150,Masaha003644,808,716,960,163,74
338,951,1117,JK010552,739,1108,1271,129,97
338,938,1117,Shamela0008206,845,1275,1428,115,79
338,898,1117,Zaydiyya0000373Vols,12,694,901,138,77
338,926,1117,ShamAY0033596,5,235,437,104,57
338,906,1127,Shamela0005899,176,1242,1441,152,86
338,906,1117,Shamela0013043,56,741,948,163,98
338,901,1117,ShamAY0034371,752,280,471,141,82
338,922,1068,Shia002394Vols,438,988,1124,100,88
338,906,1079,Zaydiyya0000076,171,667,854,108,71
338,906,1117,Kraken220804162009,92,96,279,133,79
338,934,1117,Zaydiyya0000067,57,151,337,136,88
338,946,1117,Shia001432Vols,26015,460,636,136,97
338,965,1117,Shamela0008473,1437,4,155,110,87
338,901,1117,Shamela0007350,106,373,564,141,82
338,906,1117,Shamela0007350,123,1308,1472,120,72
338,954,1117,Shia001137,432,830,993,130,100
338,906,1123,Shia002616Vols,1120,920,1108,143,84
338,934,1117,Shia002218Vols,632,502,674,130,89
338,906,1235,Zaydiyya0000457,45,656,1061,160,42
338,1005,1117,Shia001148,327,1,113,90,100
338,934,1117,Shamela0008204,38,196,374,133,89
338,975,1117,Shia001395Vols,52,1142,1269,99,86
338,1005,1117,Shia001615Vols,3009,1,113,90,100
338,934,1117,Shia002231Vols,73,1311,1481,129,89
338,951,1117,Shia002958,232,478,642,130,98
338,954,1117,Zaydiyya0000342,350,458,617,124,95
338,938,1117,JK001487,342,206,359,115,79
338,906,1079,Zaydiyya0000073,172,1,188,108,71
338,934,1117,Shamela0003118,2920,928,1102,131,90
338,906,1117,Shamela0023578,442,379,571,139,79
338,906,1117,Shamela0009270,406,95,381,156,68
338,954,1117,Sham19Y0127677,5338,1134,1298,118,86
338,954,1117,Shamela0001438,7374,888,1046,120,90
338,975,1117,ShamAY0033535,18,1,137,106,93
338,934,1117,Shamela0006463,75,1134,1282,118,80
338,954,1117,Shia002265Vols,5363,91,249,118,89
338,901,1456,Shamela0001673,11581,80,291,136,31
338,906,1127,ShamAY0001529,11,821,1016,114,61
338,930,1117,JK000381,1836,9,181,133,89
338,934,1117,JK000022,172,373,559,135,87
340,451,694,Shamela0026140,249,582,744,68,31
340,910,1049,Shamela0026099,201,905,1055,106,86
340,451,694,Sham19Y0120922,720,184,386,103,50
341,238,829,Sham19Y0017798,347,400,1157,474,77
341,988,1550,ShamAY0034068,4106,988,1438,95,14
341,988,1126,Shia002616Vols,6652,1064,1208,106,91
341,1025,1571,JK009266,9421,1,596,152,21
343,1136,1342,Shamela0008176,3376,925,1132,157,91
343,1136,1342,Sham19Y0122257,1543,621,828,157,91
343,1122,1356,Shia003732Vols,4471,343,576,176,93
343,1136,1342,Sham19Y0145212,1778,1183,1390,157,91
343,1192,1330,Sham19Y0122096,2918,697,835,112,100
343,1114,1330,JK009390,1580,886,1065,129,72
343,1192,1330,Shamela0001975,654,1303,1441,112,100
343,1136,1342,Shamela0008360,390,961,1168,157,91
343,1122,1342,Shamela0025800,943,818,1042,167,90
343,1122,1401,Shamela0000782,1226,67,334,209,93
343,1153,1401,Shamela0011385,2395,824,1051,99,35
343,1122,1334,ShamAY0034123,410,252,458,144,78
343,1122,1330,JK007006,1246,1297,1464,124,74
343,1192,1334,Shia002261Vols,292,1205,1346,113,97
343,1192,1330,Shamela0021659,919,814,952,112,100
343,1192,1330,Sham19Y0127677,1619,840,978,112,100
343,1122,1420,Sham19Y0127677,8654,780,968,141,59
343,1153,1342,Shamela0036446,1335,896,1081,141,93
343,1192,1342,Shamela0001438,2628,1097,1243,119,97
343,1192,1334,Shia002265Vols,428,323,474,115,94
343,1122,1330,Shamela0021660,3781,1227,1411,123,73
343,1140,1401,Shamela0003722,900,754,908,104,47
345,281,392,Shamela0004289,1176,812,909,76,87
345,281,392,Sham19Y0148486,653,1046,1143,76,87
345,281,392,ShamAY0033945,248,1170,1281,87,100
345,281,392,ShamAY0034644,49,655,755,79,90
345,1357,1489,Sham19Y0013231,8723,603,856,70,31
345,281,447,Sham19Y0020944,122,956,1146,100,62
345,281,392,Shamela0013132,165,352,463,87,100
345,281,392,JK009391,6,213,310,76,87
345,281,392,Sham19Y0127677,8691,1060,1157,76,87
345,281,447,Sham19Y0127677,8692,49,241,103,69
345,281,392,Sham19Y0146127,328,113,210,76,87
346,1339,1476,Sham19Y0150962,1439,519,656,111,100
346,21,172,Tafsir09084,2585,1092,1243,119,100
346,1339,1476,JK000201,3628,403,536,108,97
346,21,172,Shamela0008473,5018,766,917,118,99
346,1346,1476,Masaha001864Vols,5142,588,718,103,97
346,1262,1476,Shamela0000894,199,453,636,130,71
346,1339,1476,Shamela0001673,7242,40,176,110,99
346,21,172,Sham19Y0023590,5952,543,695,119,99
347,681,944,Sham19Y0017581,507,683,1112,93,25
348,113,244,Shamela0001673,7224,355,484,101,95
351,783,1019,JK009266,9260,681,809,100,52
351,783,1019,Tafsir02079,3750,1247,1482,192,98
354,27,389,Shamela0007038,89,148,503,283,94
354,27,389,Shamela0004289,1651,776,1112,269,90
354,27,389,Shamela0008176,6772,872,1220,282,95
354,27,460,Sham19Y0122257,3047,984,1478,302,71
354,19,389,Shamela0008353,552,950,1351,279,81
354,22,389,Shamela0008353,590,341,641,224,72
354,152,441,Kraken22031816264700,284,251,533,206,84
354,27,460,Sham19Y0017616,514,417,857,311,80
354,27,460,ShamAY0034129,14,528,1089,308,63
354,19,389,Sham19Y0037618,6701,1144,1514,287,93
354,27,334,Shamela0007891,2562,1296,1577,228,90
354,27,460,Shamela0001727,1593,937,1435,304,71
354,136,417,Shamela0004445,6817,1,262,191,78
354,71,389,Shamela0011818,51,1,307,228,84
354,27,460,Shamela0023628,1272,885,1237,260,72
354,27,232,Shamela0023628,2498,1439,1630,154,92
354,232,389,Shamela0023628,2499,1,145,118,91
354,27,389,ShamAY0034059,6163,1059,1438,266,80
354,27,460,JK007065,1242,892,1350,296,73
354,27,271,Sham19Y0145212,3284,78,264,141,72
354,77,389,Sham19Y0145212,3285,703,986,153,55
354,27,334,Sham19Y0014119,565,1241,1529,225,89
354,1,389,Kraken230110004547,540,993,1331,257,80
354,27,389,Shamela0021654,300,860,1167,226,73
354,62,389,Sham19Y0017063,1375,282,599,247,92
354,27,349,Shamela0000041,1700,1275,1571,229,83
354,9,389,Shamela0095735,695,454,746,225,73
354,9,389,Masaha004845,118,198,492,225,72
354,157,468,Shamela0009918,1087,264,561,195,72
354,27,460,Masaha004380,229,460,899,215,48
354,27,460,Sham19Y0122406,4152,111,609,304,71
354,27,460,JK009214,17,73,520,308,78
354,27,460,JK009214,141,494,941,308,78
354,19,460,Tafsir09084,2205,1103,1545,199,46
354,27,455,Shamela0008360,807,1027,1521,298,70
354,27,460,Shamela0010549,436,735,1179,302,78
354,27,460,Shamela0025800,2918,544,927,285,78
354,27,389,ShamAY0034068,1994,1107,1490,272,82
354,27,340,Shamela0006025,574,466,718,165,58
354,9,389,Shia002616Vols,5633,132,499,277,87
354,27,389,JK009266,6466,798,1125,264,89
354,27,389,Masaha001864Vols,2891,1151,1506,281,93
354,27,361,Sham19Y0017903,1028,1198,1503,232,82
354,9,389,Shamela0000483,22,1034,1387,276,88
354,141,382,Tafsir06049,4575,1273,1454,143,72
354,136,389,Shamela0021809,3177,1,235,174,82
354,71,473,Shamela0012293,839,1028,1365,225,65
354,27,460,Shia004501Vols,982,701,1176,306,73
354,194,460,ShamAY0033531,3107,1060,1282,158,73
354,27,259,ShamAY0033531,3109,973,1191,175,93
354,194,460,ShamAY0033531,4290,731,953,158,73
354,27,259,ShamAY0033531,4292,639,857,175,93
354,15,460,Sham19Y0014088,304,567,1053,324,78
354,71,314,Sham19Y0013231,7964,1266,1527,185,87
354,27,450,Shamela0025794,2911,1070,1503,268,67
354,141,468,Shamela0021766,1524,4,408,224,64
354,27,389,Shamela0021766,2863,195,522,262,88
354,27,460,Shamela0021766,3350,663,1135,282,68
354,27,460,Shamela0021766,4008,639,1083,294,76
354,6,389,Shamela0000894,962,490,849,280,88
354,27,460,Sham19Y0017791,1786,266,819,315,69
354,217,372,Sham19Y0017791,1787,75,343,117,50
354,19,403,Sham19Y0013252,12691,596,784,116,36
354,27,460,Sham19Y0020638,1336,834,1230,290,81
354,27,209,Sham19Y0132618,260,144,330,125,76
354,152,389,Shamela0036446,1395,44,253,165,82
354,66,389,Shamela0001673,11077,949,1254,247,93
354,27,460,Shamela0010803,54,705,1116,299,84
354,66,382,Sham19Y0127668,50,643,941,240,92
354,22,460,Sham19Y0127668,130,340,752,283,73
354,157,389,Tafsir02096,1284,8,230,174,89
354,194,460,ShamAY0033760,714,1303,1525,162,74
358,999,1150,JK006950,444,205,372,105,70
358,999,1150,JK000381,6137,639,806,105,70
362,787,1105,Sham19Y0011151,34,266,513,175,67
362,1021,1282,Shia003952Vols,320,261,505,144,68
362,778,1105,Sham19Y0124755,133,351,684,261,98
363,862,956,JK009266,8956,220,329,73,86
363,862,956,Tafsir02079,3638,1219,1328,73,86
366,377,749,Sham19Y0017798,2105,1,248,126,35
366,445,685,Sham19Y0023625,401,1085,1427,112,33
366,311,487,Sham19Y0131521,416,538,667,69,50
366,542,749,ShamAY0034134,143,227,712,157,40
366,515,701,Sham19Y0016555,494,853,1072,146,81
367,1161,1339,Sham19Y0017798,1488,1344,1522,140,99
367,1339,1510,Sham19Y0017798,1489,1,171,135,99
368,1,278,Sham19Y0017798,1489,171,761,226,46
368,1202,1348,JK000916,8462,1243,1372,97,80
368,1202,1370,Sham19Y0037618,336,170,349,118,76
368,1202,1348,Sham19Y0127660,1752,33,180,110,87
368,1217,1356,Sham19Y0036114,793,718,856,104,93
368,1202,1348,Shamela0029677,174,1345,1488,107,89
368,1224,1348,Shamela0012403,536,1256,1385,100,96
368,1202,1348,Shamela0010657,228,345,480,109,92
368,1202,1348,Shamela0003722,2601,451,589,111,94
370,959,1237,Sham19Y0014592,2192,543,830,203,84
370,977,1237,Shamela0008549,47,953,1194,168,77
370,951,1549,Shamela0010463,663,421,936,301,55
370,977,1237,Shamela0004289,1379,114,363,193,91
370,951,1118,Shamela0002247,173,1330,1472,98,71
370,1118,1243,Shamela0002247,174,1,124,93,87
370,977,1237,Tafsir09050,4257,396,591,142,66
370,977,1237,ShamAY0033889,59,1125,1366,168,77
370,977,1180,Shamela0001719,2956,1358,1550,141,83
370,946,1531,Sham19Y0014309,509,543,963,291,62
370,977,1251,Sham19Y0018144,214,144,423,195,83
370,977,1519,ShamAY0034054,3924,240,859,301,51
370,951,1519,Sham19Y0150960,1398,133,538,289,62
370,977,1441,Shamela0001727,61,1,490,243,49
370,1164,1549,Shamela0023628,3352,419,895,188,40
370,522,747,Sham19Y0018567,319,1005,1226,166,90
370,977,1237,Shia001831Vols,54,1046,1291,195,93
370,1059,1237,JK007065,454,1,179,143,100
370,977,1237,Shamela0000347,236,85,336,188,86
370,977,1128,Sham19Y0132524,148,1210,1346,108,90
370,1068,1237,Sham19Y0132524,149,502,810,116,47
370,951,1243,Shia002669,763,24,289,190,77
370,977,1237,Shia001764Vols,290,845,1101,199,93
370,1009,1203,Sham19Y0122406,224,1352,1546,154,99
370,959,1237,Shamela0005756,4204,92,333,172,72
370,1001,1490,Shamela0023623,4069,907,1484,272,50
370,951,1441,JK000791,2248,1135,1501,240,59
370,977,1237,Sham19Y0148486,2063,367,614,192,90
370,977,1531,Shamela0037458,4296,532,972,232,48
370,977,1531,Shamela0025800,414,647,1272,286,44
370,1073,1237,Shia002406Vols,7212,1,162,125,91
370,977,1174,Shia001432Vols,20097,1448,1631,129,79
370,951,1237,ShamAY0034068,3573,600,877,198,82
370,522,732,Shia002616Vols,6027,1008,1218,167,99
370,951,1237,Shia002616Vols,6028,165,432,207,90
370,510,732,JK009266,8603,247,528,123,44
370,977,1510,Kraken230106005528,172,1123,1479,228,53
370,977,1237,Sham19Y0148271,964,220,469,193,91
370,977,1237,JK007099,346,413,658,196,94
370,951,1237,Shamela0000137,1910,1117,1430,197,74
370,1092,1237,Rafed0002905Vols,8431,1,144,109,88
370,977,1203,ShamAY0034005,944,669,882,158,83
370,951,1243,Shamela0021766,4336,1062,1303,171,69
370,946,1549,MMS00013,1895,779,1269,283,51
370,977,1237,Shamela0023578,3082,48,299,189,87
370,977,1441,Sham19Y0020638,56,893,1271,239,56
370,977,1237,Shamela0001733,2840,601,856,185,83
370,977,1203,JK000977,106,410,623,158,83
370,977,1237,Sham19Y0013572,503,976,1228,192,89
370,977,1237,ShamAY0036736,308,1214,1482,189,82
370,977,1243,Shia002702Vols,10667,813,1074,180,79
370,946,1237,Sham19Y0023590,5458,956,1218,195,81
370,977,1237,Sham19Y0146127,1070,1077,1272,144,66
370,977,1251,Shamela0012884,4870,1112,1391,206,89
370,1023,1519,Shamela0012884,4871,1064,1458,172,36
370,986,1504,Shamela0012884,4872,151,640,267,57
370,972,1237,JK000381,2350,21,276,192,89
370,977,1237,JK000381,4909,519,764,196,94
370,946,1237,Sham19Y0023644,8141,707,913,159,68
370,977,1203,Shamela0002386,242,434,646,168,92
371,1033,1260,Tafsir09084,2385,969,1188,175,95
371,1033,1260,Shamela0008473,4641,539,766,182,100
371,412,557,Shamela0023632,3457,8,147,105,86
371,403,557,Shamela0023591,6462,498,619,97,77
371,1020,1260,Rafed0003902Vols,4340,1078,1318,192,100
373,419,637,JK000916,1314,665,845,144,81
373,419,637,JK000916,13269,709,912,146,76
373,414,642,JK000916,18051,521,750,164,81
373,419,637,JK000916,23532,366,549,145,81
373,241,502,ShamAY0035220,1005,1207,1554,122,44
373,419,642,Shamela0007891,412,717,914,144,77
373,419,642,Shamela0004445,2570,81,346,152,68
373,162,414,Sham19Y0127660,1605,423,642,113,48
373,188,502,Sham19Y0127660,1690,541,826,135,47
373,419,637,Sham19Y0001734,1057,824,1025,163,92
373,419,810,JK009390,6506,4,397,182,42
373,419,637,Sham19Y0148486,1477,830,1023,154,86
373,419,649,Zaydiyya0000067,148,862,1102,170,83
373,419,631,JK000735,189,147,355,139,74
373,419,642,ShamAY0034005,285,442,665,162,82
373,419,637,Shia002067,202,1184,1370,148,83
373,414,649,Shamela0013132,190,591,835,177,88
373,419,637,Shamela0003118,3966,1252,1454,146,79
373,419,642,Shamela0003118,5234,393,616,162,82
373,461,642,Sham19Y0127677,4629,164,322,123,83
373,461,642,Shamela0001438,6577,607,799,137,84
373,419,642,Shamela0001733,1023,149,339,149,82
373,47,162,Sham19Y0017124,711,526,656,91,88
373,419,642,Shia002265Vols,2443,122,335,154,78
373,414,637,Shamela0008970,124,561,778,158,80
373,419,637,ShamAY0032856,5,1008,1193,146,82
373,419,637,Sham19Y0146127,751,834,1026,154,86
373,419,631,JK000475,2248,644,850,140,75
373,419,637,Shamela0029712,3,784,987,148,77
373,419,642,Shamela0003722,1950,457,630,135,75
374,1235,1378,Shia003732Vols,5975,378,521,120,100
374,1235,1575,Shamela0011484,176,791,1112,251,88
374,1244,1498,Masaha002028Vols,2339,218,482,145,58
378,748,860,JK007065,1259,1171,1474,65,27
379,223,558,ShamAY0035253,26,57,396,141,48
381,435,973,Shamela0001719,4732,113,384,129,31
381,435,967,Masaha001941,69,770,1059,119,28
381,440,939,Masaha001941,76,907,1033,69,17
381,898,1118,Sham19Y0127660,1974,216,570,110,38
381,428,967,Shamela0022921,46,571,760,140,32
381,428,967,Shamela0002864,1417,248,439,132,31
381,443,939,Shamela0009270,308,258,379,67,17
381,435,939,Shia001960,134,1073,1301,102,26
381,428,967,Sham19Y0020879,216,573,764,134,31
381,889,1302,Shamela0003722,3977,461,599,67,20
382,359,830,Shia003732Vols,1082,634,827,103,27
382,334,573,Shamela0022921,49,879,1139,186,91
382,334,573,Shamela0002864,1420,787,1048,180,88
382,330,594,Sham19Y0020879,213,519,852,205,78
382,1317,1561,Shamela0004473,15726,575,731,89,40
383,304,771,JK000778,513,885,1128,100,26
383,672,874,Sham19Y0014119,809,1,203,160,100
383,298,617,Shamela0021477,208,919,1067,105,42
383,304,620,Shamela0010627,39,1081,1410,92,25
383,309,768,Shamela0002170,1538,85,293,105,27
383,631,874,JK000533,1544,239,482,192,100
386,318,538,Sham19Y0014592,149,798,1020,161,87
386,366,538,Rafed0002654Vols,6417,1333,1502,135,97
386,366,538,Rafed0002654Vols,11778,1111,1280,135,97
386,287,538,Shamela0004445,52,29,279,164,79
386,318,456,Shamela0008658,2791,1364,1497,94,83
386,366,538,JK000021,1215,650,818,135,97
386,366,538,JK009390,5246,531,700,135,97
386,350,555,Shamela0022593,2511,926,1119,138,83
386,366,538,Shia004092Vols,11530,825,993,134,97
386,366,538,Shia004092Vols,12794,271,440,135,97
386,404,538,Shamela0008473,4509,1,418,107,32
386,345,538,JK009266,751,1023,1213,143,90
386,366,538,ShamIbadiyya0000229,1133,573,738,132,94
386,366,538,Sham19Y0127677,3754,199,367,133,96
386,366,538,Shamela0001438,5813,491,660,135,97
386,366,538,Shia002265Vols,4604,846,1015,135,97
386,318,548,Shamela0012884,4762,768,1390,163,32
386,345,538,ShamAY0031578,1122,621,806,146,94
386,287,548,Shamela0007798,8550,284,535,178,85
387,1215,1484,JK000201,4019,1175,1486,179,69
387,597,1089,Sham19Y0018632,309,747,1190,147,25
387,1215,1484,ShamAY0033531,3432,166,478,178,69
387,1215,1484,ShamAY0033531,4614,1137,1449,178,69
388,1049,1212,JK000916,18989,384,621,113,58
388,1049,1212,Shamela0008473,4510,499,641,113,86
388,1049,1234,Shamela0023578,2983,695,844,113,75
388,1004,1201,Shamela0012884,4764,1305,1497,125,70
389,100,223,Shamela0012220,1037,385,518,87,82
389,67,201,Shamela0025794,83,256,411,97,80
389,67,216,ShamAY0038389,367,682,833,103,85
389,67,241,Shamela0007351,20,1056,1252,120,76
390,707,1000,Shamela0007798,8249,1140,1471,233,87
392,194,449,Shamela0021715,5275,19,396,148,48
393,1180,1299,Shamela0023632,3356,355,474,98,100
393,312,459,Shamela0007798,8510,763,898,106,91
394,1106,1346,Shia002616Vols,5859,1307,1518,161,85
394,1106,1346,Sham19Y0014255,261,300,506,161,85
397,408,961,Sham19Y0037618,6901,267,857,210,33
399,670,846,Shamela0006700,1,1247,1427,131,87
399,619,846,Sham19Y0148271,1227,595,796,143,75
399,619,846,Shamela0025794,3650,786,987,150,81
400,1,188,Shamela0004289,864,973,1191,107,61
400,1,188,Sham19Y0017616,455,46,235,111,76
400,159,455,ShamAY0035220,768,637,1099,113,25
400,1,192,Shamela0001727,1447,439,757,113,45
400,128,288,Shamela0004445,122,246,393,115,91
400,1,192,Sham19Y0132524,2763,904,1079,107,73
400,128,288,Sham19Y0001734,2275,1091,1238,115,91
400,1,169,Kraken230110004547,143,468,597,83,63
400,1,188,Sham19Y0017063,1471,233,494,105,48
400,1,98,Sham19Y0122406,3849,1302,1399,75,100
400,43,288,Shamela0025800,817,1,611,143,27
400,1,98,Shia002616Vols,3494,106,204,75,98
400,1,98,Shia002616Vols,3675,150,247,75,100
400,188,295,Shamela0026324,4758,673,780,84,100
400,1,91,ShamAY0034005,1203,1273,1368,69,94
400,1,98,Sham19Y0013231,6927,716,813,75,100
400,1,98,Sham19Y0013231,7110,519,616,75,100
400,128,288,Shia002231Vols,522,1019,1166,115,91
400,128,288,Shia003721Vols,40,1181,1328,115,91
400,1,192,Sham19Y0020638,1216,400,611,117,66
400,128,288,Sham19Y0145435,4897,1212,1359,115,91
400,123,288,ShamAY0037747,42,460,603,105,81
402,67,379,ShamAY0034447,454,892,1177,114,40
402,215,452,Shamela0012884,3486,369,590,108,42
402,215,444,JK000316,10,116,378,84,27
403,1,261,Shamela0005756,1913,275,728,144,39
403,62,289,Shamela0000551,210,1239,1483,140,66
403,1,311,ShamAY0033531,236,635,1231,178,35
403,5,261,ShamAY0033177,222,1019,1266,195,96
403,1,311,Shamela0001673,1448,1124,1420,236,95
405,212,476,Shamela0008476,158,241,464,119,48
405,678,801,Sham19Y0122236,149,1029,1172,96,86
405,686,807,Shamela0009728,18,1338,1458,93,98
405,678,801,Masaha001864Vols,1383,627,766,96,88
405,165,476,Shamela0021713,45,442,1067,185,37
406,1283,1444,ShamAY0034403,17,579,827,119,62
406,1283,1444,Shamela0022921,65,541,765,119,68
406,1283,1444,ShamAY0034409,372,858,1098,119,64
406,1283,1444,ShamAY0034409,380,4,247,119,63
409,244,1027,Sham19Y0016934,8506,63,1300,615,61
409,324,1027,ShamAY0034249,8940,1,1150,555,59
412,1152,1328,Sham19Y0073348,2071,517,687,136,96
412,1152,1328,Kraken220413030940,74,483,694,127,74
412,1169,1328,Kraken210630005153,5894,407,564,120,95
412,1169,1328,JK009225,170,211,370,125,98
412,1156,1328,JK009225,487,553,833,127,55
412,1169,1328,ShamAY0034797,111,435,594,121,96
412,1152,1278,Shamela0001390,139,1164,1290,94,92
412,1152,1278,Masaha002979Vols,32,1421,1542,94,92
412,1152,1328,Sham19Y0020891,1047,812,1280,134,35
412,1169,1274,Shamela0026552,85,63,167,83,99
412,1169,1328,Shamela0010768,520,817,976,125,98
412,1169,1328,Shia002378,77,131,576,126,35
412,1169,1328,Shamela0023741,81,678,837,125,98
412,1169,1328,JK009320,90,91,252,127,98
412,1152,1290,Sham19Y0120146,108,653,791,100,87
412,1152,1328,Shamela0023788,96,594,761,127,90
412,1169,1328,Shamela0023788,415,370,528,123,97
412,1169,1328,JK007589,13,544,700,111,88
412,1169,1328,JK007589,278,1213,1372,127,100
412,1169,1328,JK007589,281,265,424,127,100
412,1169,1328,JK007589,284,736,895,127,100
412,1169,1328,JK007589,290,1290,1449,127,100
412,1169,1328,JK007589,298,991,1150,127,100
412,1169,1323,JK007589,652,806,960,113,91
412,1152,1328,Shamela0010283,1479,127,341,130,75
412,1178,1328,Shamela0007435,429,485,635,105,87
412,1152,1328,Shia002185Vols,1987,1153,1356,135,83
412,1169,1328,Shamela0028175,31,818,977,123,97
412,1152,1328,Shamela0010509,5,384,551,132,93
412,1152,1328,Shamela0005446,212,953,1134,133,88
412,1156,1328,Shamela0004473,3750,648,829,129,90
412,1169,1274,Shia003636Vols,12288,1291,1396,84,100
412,1169,1296,Shia003636Vols,12293,940,1062,84,82
412,1173,1323,Kraken21050420,18,467,621,109,89
412,1169,1328,Shamela0007830,78,453,612,127,100
413,279,380,JK003609,2166,613,714,77,97
413,279,388,ShamAY0032275,175,872,983,83,95
413,279,380,Shamela0031366,407,771,872,80,100
413,72,184,Shamela0001522,71,701,813,88,99
413,72,380,Shamela0037345,111,47,272,159,65
413,279,380,Sham19Y0020990,248,604,705,80,100
413,72,184,JK009365,560,163,275,85,96
413,10,184,Shia001542Vols,563,358,523,101,72
416,170,501,JK000221,79,827,1192,137,40
416,170,344,Shamela0004289,280,936,1098,126,92
416,145,344,Sham19Y0017798,2130,845,1022,136,87
416,213,460,Shamela0000432,4782,5,204,122,60
416,170,344,ShamAY0033975,458,867,1042,136,99
416,65,460,Sham19Y0014309,2247,411,937,195,41
416,170,344,Sham19Y0017616,54,322,496,136,100
416,170,344,JK007107,23,156,334,136,97
416,170,344,Shamela0001727,200,320,481,126,92
416,162,344,Shamela0005922,434,627,859,138,76
416,87,344,Sham19Y0017729,59,1169,1379,140,70
416,65,450,Sham19Y0014119,91,1081,1430,154,40
416,87,344,Sham19Y0132524,391,726,989,147,60
416,170,344,Sham19Y0013667,421,74,230,116,83
416,165,344,Kraken220311165336,185,98,244,107,76
416,78,460,Shamela0021715,618,217,594,171,52
416,65,344,Shamela0025800,1901,102,399,164,71
416,145,460,Tafsir07055,878,75,456,195,64
416,165,351,JK000201,235,1190,1395,139,86
416,170,344,Shamela0000767,209,307,469,120,86
416,87,460,Sham19Y0017903,86,1030,1366,176,58
416,87,344,Kraken22041020273101,126,814,1026,144,71
416,170,344,Kraken230106005528,707,29,184,115,84
416,227,467,JK007083,18,1,254,127,61
416,145,391,Sham19Y0032476,1477,483,667,140,73
416,158,344,Sham19Y0127677,18784,1223,1377,114,79
416,153,344,Sham19Y0020638,175,1219,1389,130,86
416,78,344,Shamela0036446,87,482,702,142,68
416,170,324,Sham19Y0016976,271,689,840,115,95
419,645,818,Sham19Y0017063,139,409,818,96,28
419,633,928,Shamela0006610,770,696,1053,141,48
419,633,928,Shia001976Vols,655,1056,1452,114,32
419,633,940,Shamela0009241,124,1091,1370,123,50
419,655,824,Shamela0026324,393,35,325,75,29
419,617,818,Masaha001864Vols,2289,131,536,120,37
421,1153,1356,ShamAY0033562BK1,114,75,272,137,79
421,1197,1356,Shamela0001875,729,1,195,125,81
421,1127,1356,JK007063,487,501,720,155,83
421,1122,1356,JK001429,18,520,752,147,71
421,1178,1356,Shamela0008176,2549,662,839,140,99
421,1178,1303,Sham19Y0122257,1134,42,165,96,97
421,1187,1353,Sham19Y0018144,971,238,415,130,92
421,1153,1356,Sham19Y0017616,144,540,736,144,85
421,1132,1356,Sham19Y0037618,1772,1070,1282,149,81
421,1187,1356,Shamela0001727,518,871,1047,133,94
421,1153,1353,Shamela0013043,344,452,665,147,85
421,1127,1353,ShamAY0035035,3438,879,1061,132,72
421,1163,1356,JK007065,1451,981,1184,145,90
421,1178,1356,Sham19Y0145212,1443,37,214,138,98
421,1211,1356,Sham19Y0014119,225,414,565,111,92
421,1178,1356,Kraken230110004547,479,881,1047,121,84
421,1197,1356,Sham19Y0017063,419,827,985,125,99
421,1153,1356,ShamAY0033562BK2,114,75,272,137,79
421,1153,1356,JK009390,647,747,922,129,81
421,1159,1353,JK009390,1236,81,240,116,76
421,1216,1356,Shamela0001975,360,931,1070,110,99
421,1153,1356,Shamela0008360,292,1230,1427,156,97
421,1127,1356,Sham19Y0038171,878,377,565,140,75
421,1187,1353,Shamela0008210,48,154,326,123,86
421,1153,1356,Sham19Y0036110,65,231,432,152,93
421,1192,1353,Sham19Y0148486,2495,189,358,125,92
421,1153,1356,Sham19Y0035453,4,771,969,148,89
421,1153,1356,JK001236,23,820,1018,150,90
421,1153,1356,Shamela0025800,2680,1137,1338,152,93
421,1132,1356,Shamela0011036,504,476,668,135,74
421,1132,1356,Shamela0011036,691,119,335,151,82
421,1159,1356,Shia002616Vols,5314,1,194,146,90
421,1187,1356,Sham19Y0148271,2261,237,448,131,78
421,1153,1353,Shamela0006446,151,201,392,139,85
421,1153,1356,Shia000841Vols,2954,726,927,156,95
421,1211,1356,Sham19Y0017791,620,1154,1298,111,97
421,1216,1356,Shamela0021659,469,629,768,110,99
421,1183,1356,Shamela0009823,255,406,578,135,98
421,1216,1356,Sham19Y0127677,818,830,968,108,97
421,1216,1356,Shamela0001438,1654,226,365,109,98
421,1216,1353,Shamela0001438,2122,380,514,102,94
421,1153,1353,Sham19Y0013223,615,625,820,146,89
421,1153,1356,Sham19Y0013223,1079,698,896,148,89
421,1216,1356,Shia002265Vols,1932,727,862,106,95
421,1216,1353,Shia002265Vols,1942,321,454,99,89
421,1187,1356,Shamela0004473,13720,192,368,133,94
421,1211,1356,Sham19Y0016976,656,1220,1364,111,97
421,1216,1356,JK006897,218,1361,1500,110,99
421,1127,1356,Shamela0012014,44,600,820,161,87
422,1,121,Shamela0001875,729,195,315,97,100
422,1,121,Sham19Y0017616,144,736,856,97,100
422,1,121,JK009318,57,41,160,97,99
422,1,121,Sham19Y0037618,1772,1282,1402,97,100
422,1,121,Shamela0001727,518,1047,1167,97,100
422,1,124,JK007065,1451,1184,1308,98,98
422,1,121,Sham19Y0132524,871,683,803,96,99
422,1,121,JK009390,647,922,1042,96,99
422,1,121,Shamela0001975,360,1070,1190,96,99
422,1,121,Sham19Y0038171,878,565,685,95,98
422,1,121,Sham19Y0036110,65,432,547,89,93
422,1,121,JK001236,23,1018,1137,96,99
422,1,192,Shamela0011036,504,668,843,113,66
422,1,121,Shia002616Vols,5314,194,312,95,98
422,1,121,Sham19Y0148271,2261,448,566,95,97
422,1,121,Shia000841Vols,2954,927,1034,86,89
422,1,121,Shamela0021659,469,768,888,96,99
422,1,121,Sham19Y0127677,818,968,1088,97,100
422,1,121,Sham19Y0020638,433,49,169,97,100
422,1,121,Shamela0001438,1654,365,485,97,100
422,1,121,Shia002265Vols,1932,862,983,97,99
422,1,121,Shamela0004473,13720,368,488,97,100
422,1,121,JK006897,219,1,121,97,100
425,933,1056,Sham19Y0013614,53,1,124,97,98
425,825,1056,Shamela0004289,1004,16,237,171,93
425,825,1056,Shamela0008176,302,1108,1325,164,90
425,825,1056,Sham19Y0122257,149,1088,1290,148,82
425,825,1056,JK000916,11829,776,998,163,85
425,794,1056,Sham19Y0017581,832,391,634,189,91
425,825,1056,Sham19Y0018144,2837,990,1206,168,92
425,825,1056,Shamela0009323,38,929,1133,157,85
425,825,1056,Sham19Y0017616,467,295,531,183,97
425,799,1056,Shamela0023606,179,833,1062,179,88
425,825,1056,Shamela0013035,259,1161,1374,152,80
425,825,1056,Shamela0001727,1467,864,1085,171,93
425,825,1056,Shamela0006870,52,274,496,160,82
425,825,1056,Shamela0023628,354,1182,1393,162,88
425,825,1059,Shamela0023628,1522,306,520,160,87
425,825,1059,Shia001831Vols,509,260,484,172,93
425,825,1056,JK007065,1209,1185,1387,158,86
425,825,1056,Sham19Y0017729,484,813,1026,168,91
425,874,1056,Sham19Y0014119,72,752,929,139,96
425,874,1056,Sham19Y0150962,1408,281,458,139,96
425,813,1056,JK001012,414,680,925,182,92
425,825,1056,Shamela0009200,192,965,1172,157,86
425,825,1056,JK001202,19,500,704,147,80
425,845,1065,ShamAY0033523,539,1124,1305,129,73
425,825,1056,Shamela0008360,20,217,432,165,90
425,870,1056,Shamela0037458,421,5,186,140,94
425,817,1065,Shamela0037458,1478,714,919,147,73
425,825,1046,ShamAY0033598,286,640,1291,165,31
425,825,1056,JK001236,268,579,810,181,99
425,825,1056,Shamela0025800,1826,466,692,172,94
425,825,1056,Shamela0008473,2127,561,761,154,83
425,825,1056,Sham19Y0017903,968,1167,1388,170,91
425,799,1056,Rafed0003462,336,846,1082,185,88
425,825,1056,Shamela0026733,9,402,615,163,89
425,825,1056,Shamela0022921,123,1153,1375,166,87
425,825,1056,Sham19Y0148271,1171,236,450,159,84
425,799,1056,Shamela0012293,600,694,944,171,81
425,908,1056,Shamela0012293,2046,216,368,110,85
425,825,1056,JK000098,175,40,252,162,88
425,799,1056,Sham19Y0013231,6076,1137,1327,141,70
425,825,1056,Shamela0025794,1223,363,577,159,84
425,874,1056,Shamela0021766,1615,149,336,136,92
425,908,1056,Shamela0021766,1756,548,696,116,98
425,825,1056,Shamela0021766,2316,470,672,148,82
425,825,1056,Shamela0021766,4884,739,941,149,82
425,825,1056,Shamela0000894,7943,962,1201,183,96
425,884,1056,Sham19Y0017791,84,907,1074,131,95
425,866,1056,Shamela0003118,3622,1007,1205,150,95
425,825,1056,Shamela0009270,347,833,1056,170,92
425,825,1056,Sham19Y0132415,1039,240,461,171,93
425,825,1056,Sham19Y0127677,4993,1098,1306,163,88
425,825,1056,Sham19Y0127677,19555,655,877,155,80
425,817,1056,Sham19Y0013252,107,1339,1545,159,84
425,817,1056,Sham19Y0013252,9540,274,473,147,78
425,825,1056,Sham19Y0020638,1228,1016,1228,165,90
425,817,1056,Sham19Y0122401,1465,1266,1490,176,93
425,825,1056,Shamela0001438,7016,848,1056,163,88
425,825,1056,Shamela0001733,3012,318,528,159,87
425,825,1056,Shia002265Vols,222,745,953,161,87
425,825,1056,Shamela0012884,951,693,903,161,87
425,794,1056,Shamela0010443,85,412,644,173,80
425,884,1056,Sham19Y0016976,156,435,602,131,95
425,799,1056,Kraken22021606122001,56,17,280,161,68
425,825,1056,JK000475,1590,70,274,147,80
425,879,1056,Sham19Y0127668,76,912,1085,135,95
425,845,1065,ShamAY0035960,540,65,284,159,90
425,825,1056,ShamAY0033760,185,552,758,162,88
425,825,1056,Shamela0026742,16,624,843,162,86
425,825,1056,Shamela0007798,1913,382,600,163,88
426,6,394,ShamAY0034129,27,736,940,118,38
427,838,1097,Sham19Y0014592,1312,523,768,177,80
427,889,1148,Sham19Y0013614,45,726,978,203,95
427,823,1435,Shamela0004289,1005,804,1184,290,58
427,838,1148,Tafsir09050,348,786,1066,217,84
427,838,1169,Shamela0008176,268,367,696,266,98
427,838,994,Sham19Y0122257,128,1320,1463,116,91
427,994,1169,Sham19Y0122257,129,1017,1184,135,93
427,838,1169,Sham19Y0014309,341,1149,1492,262,91
427,894,1155,Sham19Y0023608,64,868,1129,203,92
427,875,1148,Sham19Y0023608,1530,1200,1478,212,89
427,894,1097,Sham19Y0023608,1835,359,562,160,93
427,894,1148,Sham19Y0023608,2396,860,1115,199,92
427,894,1155,Tafsir06051,478,983,1244,208,94
427,838,1169,Masaha003644,845,637,952,255,92
427,875,1148,Shamela0001390,24,772,959,115,47
427,838,1161,Sham19Y0150960,1292,760,1089,262,96
427,838,1148,Shamela0004445,88,326,610,231,91
427,838,1169,Shamela0023628,409,696,1006,249,90
427,838,1148,ShamAY0035035,5806,573,936,236,75
427,823,1148,Kraken220204081839,238,976,1270,237,89
427,838,1014,Sham19Y0145212,186,222,385,133,92
427,1014,1155,Sham19Y0145212,187,499,646,116,95
427,823,1148,Sham19Y0017729,472,454,759,246,93
427,857,1148,Sham19Y0014119,70,87,378,213,85
427,823,1148,Shamela0008658,430,222,535,245,90
427,823,1155,Sham19Y0001734,438,1022,1280,205,76
427,870,1097,Shamela0021654,684,969,1284,178,69
427,861,1435,Sham19Y0017063,56,807,1225,297,62
427,826,1148,Shamela0001397,434,42,369,232,81
427,894,1097,Sham19Y0122096,1288,178,387,166,97
427,953,1097,JK009390,616,1,152,118,95
427,894,1097,Shamela0001975,334,1196,1405,165,96
427,838,1169,Kraken220727035853,485,1016,1305,218,77
427,823,1148,Tafsir09084,321,212,511,241,91
427,925,1169,Shamela0008360,17,1,244,199,98
427,838,1148,Sham19Y0038171,1490,1150,1512,237,75
427,823,1148,Tafsir02100,22,904,1190,227,84
427,894,1097,Shamela0006947,4912,692,896,164,98
427,897,1435,Shamela0006947,7643,513,833,249,55
427,894,1435,Shamela0006947,20324,94,416,255,56
427,835,1148,JK000940,187,629,927,228,86
427,838,1169,Shamela0025800,287,379,715,270,97
427,823,1131,Shia001976Vols,988,1153,1407,205,82
427,817,1148,Shia002406Vols,840,307,615,243,88
427,823,1469,Shamela0008473,824,237,812,343,61
427,823,1148,Shia002616Vols,1168,1296,1589,238,90
427,823,1435,Shamela0000782,999,544,952,320,64
427,875,1097,JK009396,204,1206,1433,170,92
427,894,1148,Shamela0008061,11,1140,1389,197,91
427,823,1148,Sham19Y0017903,948,789,1079,232,86
427,838,1148,Zaydiyya0000413Vols,843,854,1163,239,91
427,838,1148,Tafsir06049,1228,1334,1632,237,92
427,848,1148,Tafsir04040,1457,133,419,229,93
427,838,1097,Rafed0002905Vols,7496,561,811,185,88
427,894,1419,Shamela0011385,2113,1134,1300,76,16
427,861,1435,ShamAY0038394,493,558,1214,329,55
427,838,1172,Shamela0021766,197,107,414,247,90
427,838,1169,Shamela0021766,1108,688,984,235,87
427,823,1155,Shia002231Vols,62,1154,1405,203,75
427,894,1169,Shamela0000894,774,621,895,224,98
427,894,1169,Shamela0000894,3831,1,268,217,96
427,889,1148,Sham19Y0017791,72,910,1162,204,96
427,838,1148,ShamAY0034066,199,655,966,215,75
427,894,1014,JK007081,1006,1062,1182,99,100
427,894,1148,JK007006,569,573,1143,203,43
427,894,1097,Shia002261Vols,117,361,570,166,97
427,894,1097,Shamela0021659,539,1257,1466,166,97
427,823,1435,Sham19Y0132415,978,479,876,321,64
427,879,1097,Sham19Y0127677,733,295,508,170,95
427,870,1155,Rafed0001792Vols,19,865,1169,228,91
427,823,1148,JK000679,141,353,658,248,93
427,838,1148,ShamIbadiyya0000193,340,782,1043,202,78
427,894,1033,Shamela0036446,904,1382,1521,113,99
427,894,1305,Shamela0001438,1521,753,1225,233,58
427,894,1169,Sham19Y0013223,1794,566,819,202,88
427,894,1097,Shia002265Vols,131,421,624,163,98
427,838,1148,Shamela0011438,33,1053,1331,215,81
427,897,1155,Shamela0021660,1894,52,547,183,43
427,870,1148,Shamela0004473,6246,535,809,218,93
427,813,1148,Shamela0004473,10174,894,1228,245,86
427,823,1148,Sham19Y0023590,636,1137,1456,238,83
427,894,1131,Sham19Y0145435,4889,1317,1541,179,92
427,865,1148,Shia004704,173,584,865,218,89
427,817,1125,Shamela0012884,855,1154,1434,224,89
427,826,1065,Kraken2107192213391,73,1299,1500,152,79
427,889,1148,Sham19Y0016976,137,48,300,204,96
427,817,1148,Rafed0003257Vols,833,223,531,244,89
427,823,1148,JK000475,2331,708,994,227,84
427,875,1040,Rafed0003591Vols,387,1484,1649,132,98
427,894,1169,Tafsir02096,218,1280,1538,209,91
427,894,1104,Shia001174Vols,1342,753,942,154,89
427,894,1119,Shia001174Vols,3077,74,276,155,83
427,823,1155,Shamela0007798,1776,916,1221,245,90
427,823,1057,Shamela0007798,1777,1395,1574,130,65
428,91,258,Shamela0007562,237,397,564,123,92
428,116,258,Shia002382Vols,2616,966,1108,113,100
428,110,258,Shia003923Vols,1376,254,402,118,100
428,110,258,Sham19Y0017729,654,1294,1442,118,100
428,85,258,Sham19Y0018272,773,865,1036,121,87
428,110,258,Shia001432Vols,20764,878,1027,118,99
428,110,258,Shia001432Vols,23669,240,388,118,100
428,110,258,Shia001432Vols,24864,484,632,118,100
428,110,266,Shia002616Vols,6951,1253,1410,120,96
428,110,258,Shia001615Vols,3125,1486,1592,84,71
428,110,225,Sham19Y0127677,16394,1354,1469,92,100
428,110,258,Shamela0001687,7899,1208,1375,118,88
428,110,258,Shia003932Vols,606,1441,1590,118,99
429,1117,1326,Shamela0007798,7727,35,257,152,83
430,346,856,Sham19Y0020594,338,560,1177,400,81
430,334,677,ShamAY0034054,2070,1158,1527,162,47
430,677,957,ShamAY0034054,2071,1,244,167,67
430,359,877,Sham19Y0023618,1038,1,424,264,58
430,334,957,Shamela0023623,2151,303,915,331,56
430,372,745,Shamela0037458,2164,1188,1545,177,51
430,346,957,Shia002616Vols,3507,567,1473,397,51
430,306,787,JK009266,5495,971,1549,281,53
430,787,957,JK009266,5496,11,171,125,93
430,346,480,Masaha001864Vols,725,962,1096,104,94
430,346,852,Masaha001864Vols,4233,8,708,395,70
430,300,714,ShamAY0034447,208,799,1444,304,57
430,392,873,Sham19Y0013231,6944,399,947,265,51
430,306,877,ShamAY0034066,808,528,989,289,57
430,1194,1394,ShamAY0036736,464,538,1062,93,19
430,424,852,JK000917,952,1,536,336,79