ms1,b1,e1,id2,ms2,b2,e2,ch_match,matches_percent
1,1140,1631,JK003608,2402,1170,1611,363,88
1,1129,1347,Shamela0012286,2436,956,1109,115,65
1,1137,1699,Masaha004845,155,569,1125,431,87
1,1,207,Sham19Y0133377,95,797,1043,172,83
2,1,954,JK003608,2403,69,973,715,90
2,1,1001,Masaha004845,155,1125,1647,422,50
8,210,940,Shamela0004473,14820,567,1216,359,54
12,555,761,Shamela0004473,14819,1523,1711,149,90
16,1249,1527,Shamela0001717,2776,361,671,192,74
16,427,603,Shamela0004473,14821,443,626,118,76
16,1231,1610,Shamela0021721,4578,10,337,208,58
16,1256,1516,Shia000089Vols,3199,220,411,147,66
17,1040,1555,Sham19Y0032197,433,481,1300,262,38
17,1079,1254,Sham19Y0013577,2379,97,615,110,27
17,1141,1265,Shamela0011444BK2,1594,41,280,93,49
17,799,1555,JK001244,258,122,1369,415,39
17,1040,1254,Sham19Y0013783,1467,320,714,130,38
17,1425,1543,Sham19Y0013783,1471,325,733,81,25
17,1040,1229,Shamela0021843,1912,1129,1537,123,38
17,1040,1254,Shamela0006136,401,1027,1453,140,42
17,220,758,Shamela0008534,63,916,1417,310,64
17,1029,1192,Sham19Y0020561,498,1181,1566,94,29
17,795,1215,Kraken220314171616,703,906,1239,210,62
17,1040,1555,Kraken220314171616,704,701,1424,266,42
17,220,523,Shamela0021719,434,982,1248,179,66
17,787,1555,Shamela0011444BK1,97,379,1045,389,57
17,1,234,Shamela0021721,4578,337,590,188,90
17,1079,1212,Shia000089Vols,3213,1098,1488,85,26
18,312,506,Shamela0006228,174,441,639,143,86
18,832,1515,Shamela0006228,176,25,698,323,52
18,496,730,Sham19Y0014467,285,1228,1501,122,49
18,1,145,Shamela0011444BK1,97,1049,1244,90,55
19,799,1166,Sham19Y0014467,287,1022,1439,73,15
19,218,1010,Sham19Y0014467,287,23,790,345,47
19,1146,1431,Sham19Y0014467,288,10,312,171,60
20,158,488,Shamela0006228,175,518,894,224,70
20,188,647,Sham19Y0014467,288,1001,1439,144,38
20,711,1522,Sham19Y0014467,289,492,1425,477,60
21,85,1069,Shamela0006228,176,743,1387,467,58
21,1013,1422,Shamela0006228,177,10,405,296,89
21,256,474,Sham19Y0014467,290,964,1447,132,34
21,606,783,Sham19Y0014245,302,614,739,88,62
39,1231,1637,Shamela0010283,1795,319,722,161,38
39,1279,1596,Shamela0010283,1796,1010,1470,119,25
39,1242,1637,Shamela0001717,3125,1182,1568,153,37
47,638,1012,Shamela0021623,295,499,775,126,38
50,619,811,ShamAY0033182,2393,532,1135,130,26
50,11,593,Sham19Y0019188,1887,186,742,226,37
50,1316,1542,Shamela0008534,51,396,662,169,78
50,41,542,Shamela0021721,522,628,889,124,31
50,30,435,Shamela0021721,1304,1047,1542,290,66
50,435,1244,Shamela0021721,1305,1,872,624,89
51,920,1112,Shamela0006228,132,1380,1585,136,80
51,1,842,Shamela0008534,51,674,1553,524,65
52,845,1145,Shamela0021721,1320,82,431,172,52
53,888,1429,Masaha001086Vols,363,795,1162,108,19
53,458,946,JK011225,273,552,1050,303,73
54,633,830,JK000272,492,740,950,97,44
55,337,611,Shia000026Vols,618,1182,1515,118,44
55,337,450,Shamela0008463,1895,621,768,80,66
55,445,701,JK000272,496,936,1283,72,22
55,437,1157,Shamela0095560,338,39,565,163,26
55,337,538,Shamela0021721,1355,276,674,130,40
55,538,669,Shia000089Vols,2088,459,718,82,40
55,445,701,Shia000841Vols,4443,849,1196,72,22
56,698,835,Shamela0021766,495,1268,1410,106,89
57,440,633,Shamela0006228,133,955,1148,129,76
57,836,1607,Sham19Y0127713,1469,523,1168,436,68
57,99,949,Shamela0095560,345,251,1025,262,32
57,110,413,Shia000089Vols,2391,864,1237,167,51
58,1,359,Shamela0006228,137,71,701,258,48
58,1,315,Sham19Y0127713,1387,153,544,235,68
58,1,180,JK011225,117,1094,1290,126,76
59,275,550,Sham19Y0013241,1050,169,436,171,75
59,1126,1261,Shamela0095560,349,1308,1433,88,80
59,423,570,Shia000089Vols,2152,1155,1300,97,81
61,312,487,JK000303,66,344,694,125,44
61,292,951,Sham19Y0151100,51,772,1514,240,31
62,645,869,Shamela0021721,1490,578,816,126,64
63,1062,1449,Sham19Y0014467,214,77,443,230,68
63,366,537,Shia000089Vols,2109,951,1254,120,48
64,553,886,Sham19Y0019230,770,1026,1275,109,37
64,69,334,JK000272,543,636,1036,115,35
64,267,886,JK000272,544,125,898,167,22
64,106,226,Shamela0021721,1507,538,1041,64,16
64,69,324,Shia000841Vols,5677,1014,1401,114,36
64,553,886,Shia000841Vols,5699,866,1115,109,37
64,589,825,Shia000841Vols,5700,1329,1589,188,90
65,285,589,MMS00034,80,446,851,215,64
65,752,1552,Sham19Y0127713,1413,379,1164,549,82
65,243,501,Sham19Y0127713,1420,794,1048,165,68
65,376,506,Shamela0095560,369,460,599,90,82
66,129,314,Masaha001086Vols,351,866,1050,111,69
66,168,386,JK001244,197,1130,1367,114,51
66,168,386,Sham19Y0013783,1178,104,247,107,61
66,129,420,Shia000026Vols,613,5,408,157,47
66,156,420,Shamela0008463,1963,653,1053,139,43
66,168,386,Sham19Y0132962,550,1162,1304,105,60
66,168,386,Sham19Y0132962,551,43,338,97,37
66,168,386,Sham19Y0020561,398,227,415,105,58
66,1,190,Sham19Y0127713,1413,1164,1354,114,70
66,129,314,Shia000049Vols,756,461,674,113,66
66,1164,1620,Kraken220413202953,359,952,1399,354,94
66,144,314,Shia000094Vols,1358,203,416,100,54
66,168,386,Shamela0011444BK1,71,1331,1473,105,60
66,134,441,Shia000841Vols,5780,878,1354,128,29
67,1,289,Kraken220413202953,359,1399,1681,228,95
117,897,1348,Shamela0010283,1788,854,1240,248,64
127,927,1606,Rafed0002905Vols,1417,533,1212,549,99
127,927,1606,Shamela0009231,453,790,1469,550,100
127,921,1606,Shamela0022928,154,529,1214,555,100
127,1120,1606,ShamAY0031578,2031,1,487,394,99
127,927,1606,ShamAY0007299,2394,840,1519,550,100
127,1130,1611,Sham19Y0013605,2376,937,1422,390,98
127,1074,1615,ShamAY0034073,623,1,542,433,99
127,915,1606,Shia002758,16,658,1351,550,98
127,927,1606,Shamela0023632,489,544,1223,549,99
127,927,1606,Shia002406Vols,872,442,1123,548,99
127,1180,1563,Tafsir03097,270,340,1126,311,48
127,921,1606,JK000917,215,538,1223,555,100
127,927,1606,Rafed0003257Vols,877,136,815,549,99
127,921,1353,Rafed0003257Vols,1370,1157,1589,348,99
127,1353,1606,Rafed0003257Vols,1371,1,254,206,100
127,927,1396,Tanzil001,20,1082,1551,378,100
127,1396,1606,Tanzil001,21,1,211,172,100
127,1059,1606,Shia001269,353,781,1332,435,97
127,927,1606,Sham19Y0023618,327,452,1131,549,99
127,927,1391,Shamela0010517,231,1090,1554,374,99
127,1391,1606,Shamela0010517,232,1,216,176,100
127,927,1529,Shamela0010517,1561,1002,1604,488,99
127,1010,1606,Shamela0010517,1805,1,595,481,99
127,1040,1606,Shamela0010517,1811,1,567,459,100
127,927,1611,Shamela0010273,326,298,982,551,99
127,921,1606,Shia002341Vols,724,472,1159,555,99
127,927,1606,Shamela0009759,92,237,916,549,99
127,904,1606,JK000110,640,711,1413,561,98
127,1227,1606,Shamela0029743,104,1,380,309,100
127,935,1606,Tafsir07076,914,709,1380,544,100
127,935,1606,Tafsir07076,5272,33,704,544,100
127,927,1606,Shamela0023594,217,727,1410,549,99
127,1187,1606,Sham19Y0013550,280,1,420,341,99
127,904,1503,Zaydiyya0000062,179,921,1522,472,97
127,1035,1606,Shia001432Vols,3270,1,574,461,99
127,889,1606,Shia001432Vols,3689,545,1252,554,95
127,927,1549,Sham19Y0023590,663,999,1621,503,99
127,921,1606,Shia002616Vols,1215,777,1463,555,99
127,927,1611,Zaydiyya0000064,354,118,800,550,98
127,927,1606,Shamela0023628,429,779,1458,549,99
127,927,1487,Rafed0001792Vols,934,984,1544,452,99
127,1247,1452,Sham19Y0037618,3092,1280,1485,166,100
127,935,1606,JK009266,1689,443,1114,544,100
127,927,1606,Rafed0003943Vols,111,572,1251,549,99
127,915,1606,Sham19Y0150960,634,170,856,553,98
127,927,1606,Shamela0037458,478,459,1138,550,100
127,1085,1611,Shamela0021715,4245,1,538,422,97
127,1040,1606,JK000791,250,1,567,459,100
127,927,1606,Shia002356Vols,156,8,687,549,99
127,908,1606,Shamela0000767,2596,439,1150,563,97
127,927,1606,Sham19Y0018103,1834,337,1015,550,99
127,904,1611,Sham19Y0018106,1870,295,1006,564,98
127,968,1611,Sham19Y0018176,997,1,648,520,99
127,992,1606,Shamela0000922,205,1,615,497,100
127,972,1615,Shamela0023606,130,1,644,516,99
127,935,1606,Masaha000554Vols,524,686,1356,543,99
127,927,1606,Sham19Y0020561,1761,617,1295,550,99
127,927,1563,Zaydiyya0000063,194,303,939,515,100
127,927,1606,Shamela0023591,1507,102,785,549,99
127,1187,1495,Shamela0021537,6198,943,1251,252,100
127,1221,1606,Shamela0007798,1812,1,386,314,100
127,1187,1606,Tafsir03037,255,588,1239,341,64
127,1214,1620,Shamela0023578,499,1,438,328,92
127,927,1611,Shia000812Vols,359,767,1449,550,98
127,927,1606,Shamela0000041,371,115,794,550,100
127,927,1542,Shamela0023623,522,891,1510,497,99
127,927,1606,JK009396,211,677,1356,550,100
127,927,1606,Sham19Y0147312,318,186,864,550,99
127,921,1606,Sham19Y0016546,557,167,831,531,95
127,959,1606,Shamela0023587,125,1,648,523,99
127,935,1606,Shamela0095590,681,408,1079,544,100
127,1227,1606,Shamela0095590,682,1,380,309,100
127,927,1606,Rafed0001713Vols,319,76,755,549,99
127,1085,1606,ShamAY0036821,430,1,520,419,99
127,1289,1611,Shamela0022371,108,1,322,261,99
127,927,1428,Shamela0023629,156,1022,1523,404,99
127,1297,1606,Shamela0001394,187,1,310,251,100
127,927,1606,Shia002394Vols,489,505,1184,548,99
127,1260,1606,Shamela0008473,852,1,347,282,100
127,1175,1606,JK007018,85,1,433,351,99
127,921,1606,Rafed0003902Vols,736,491,1176,554,99
127,927,1519,Shia002702Vols,1092,925,1521,480,98
127,947,1606,Shamela0021729,95,1,660,534,100
127,1168,1606,Sham19Y0014827,240,1,439,358,100
127,927,1606,Shia002359Vols,710,796,1475,550,100
127,1080,1606,Shamela0005756,8357,1,534,426,98
127,927,1606,Shamela0023588,254,553,1232,549,99
127,927,1606,ShamAY0034052,275,32,712,550,99
127,927,1606,Sham19Y0016584,2013,352,1035,550,99
127,1031,1606,Shamela0021821,240,1,576,466,100
127,927,1382,Sham19Y0020891,953,827,1282,366,99
127,1382,1606,Sham19Y0020891,954,103,327,183,100
127,1218,1606,Sham19Y0014404,204,1,389,316,100
127,927,1606,Zaydiyya0000207,55,500,1193,550,97
127,927,1606,Shamela0023614,25,789,1468,549,99
127,1069,1606,Sham19Y0023608,427,1,538,434,99
128,757,908,JK000168,71,1003,1304,119,49
128,1218,1516,Shamela0021766,509,515,1043,163,35
128,932,1327,Shamela0006228,155,1036,1475,243,62
128,1,360,Shamela0009851,2056,131,411,172,54
128,1,553,Sham19Y0014325,3081,156,840,220,33
128,932,1222,Sham19Y0017437,1095,589,846,164,64
128,1,511,Shamela0021721,1550,1025,1563,381,85
128,511,757,Shamela0021721,1551,1,242,194,97
129,433,958,Shamela0006228,156,153,710,190,35
130,40,344,Shamela0006228,155,707,1032,203,77
130,58,344,Sham19Y0014590,200,695,950,130,50
134,907,1104,Sham19Y0016934,2869,731,1000,128,59
134,894,1558,Shamela0021721,1600,415,1120,442,73
135,540,782,Sham19Y0014467,272,1171,1383,126,60
135,30,455,Sham19Y0014467,272,76,693,191,34
136,1218,1523,Sham19Y0014467,274,1146,1379,145,54
136,10,757,Sham19Y0014467,274,396,1136,359,51
137,234,548,Sham19Y0133357,267,157,442,163,55
137,150,1094,Sham19Y0014467,275,1,1076,609,64
137,1226,1489,Sham19Y0014467,276,28,674,145,27
138,12,720,Sham19Y0014467,276,443,1507,442,48
143,1022,1269,Shamela0000551,2466,989,1173,115,53
143,1001,1522,Masaha000955Vols,1449,826,1028,137,32
143,1029,1487,Shia002185Vols,2493,1217,1550,187,48
143,1022,1212,Shamela0012415,372,471,656,110,64
143,1001,1281,Shamela0000427BK2,6083,1241,1448,142,63
143,998,1537,Sham19Y0013577,2112,603,1010,213,45
143,1005,1276,Shia003965Vols,6074,500,719,136,55
143,1001,1281,Shia003965Vols,6900,616,808,146,65
143,786,1212,Shamela0036446,557,1004,1437,145,33
143,994,1212,Shamela0021848BK1,915,926,1165,141,70
143,1029,1212,JK000533,162,284,463,110,66
143,693,866,Shamela0022644,2042,237,381,88,59
143,693,1508,Shamela0007891,1282,579,1108,258,38
143,1022,1269,Shamela0028107,598,488,674,114,52
143,1005,1269,Shamela0012399,3196,499,715,121,47
143,812,1522,Sham19Y0016934,3081,290,743,245,43
143,617,1228,JK000272,612,583,917,183,34
143,1005,1212,Shamela0001875,1029,750,937,116,62
143,994,1212,Shamela0011468BK1,1494,474,713,140,70
143,766,1212,Shamela0030522,22,374,827,150,28
143,1038,1193,Shamela0121376,2237,756,895,97,77
143,1034,1528,Shamela0022547,1865,906,1301,169,33
143,1001,1458,Sham19Y0150967,197,862,1094,144,39
143,1022,1212,Shamela0023789,392,357,532,111,67
143,940,1212,Sham19Y0014325,3202,904,1207,152,58
143,1049,1508,ShamAY0033181,1691,355,774,168,39
143,967,1512,Shamela0001687,8271,1323,1530,130,30
143,1022,1212,Sham19Y0148486,3516,661,849,112,64
143,1005,1212,Sham19Y0148486,6490,238,432,120,64
143,1034,1276,Shia003957Vols,1033,62,216,121,62
143,1022,1276,Shamela0002863,1417,83,382,124,47
143,1001,1386,Shia003895Vols,306,875,1187,181,53
143,1022,1212,Sham19Y0127677,3089,403,592,113,64
143,1022,1212,Sham19Y0127677,16596,267,456,113,64
143,1029,1212,Sham19Y0146127,3596,1114,1296,110,65
143,1022,1269,Sham19Y0122401,1322,175,359,115,53
143,998,1212,Sham19Y0123608,730,135,504,121,37
143,1005,1276,Masaha003492Vols,427,701,897,140,61
143,1022,1212,Shamela0025800,487,99,288,112,64
143,994,1287,ShamAY0034249,8516,1222,1414,126,55
143,612,981,Shamela0021721,1694,235,619,186,46
143,975,1543,Shamela0021721,1695,108,742,430,84
143,1034,1172,Shamela0011816,398,632,749,87,80
143,1034,1181,Shamela0009099,105,1066,1196,86,67
143,617,1228,Shia000841Vols,5968,431,766,184,34
143,612,890,Shia000841Vols,5970,945,1280,213,80
143,807,985,Shia000841Vols,5971,309,834,124,29
143,887,1543,Shia000841Vols,5972,245,946,461,75
143,998,1528,Sham19Y0016555,186,305,730,192,36
144,120,1169,Shamela0008534,71,893,1632,462,52
145,1,843,Shamela0006228,160,478,1524,612,70
145,847,1553,Shamela0006228,161,49,728,361,53
146,938,1108,JK000201,2047,348,519,112,72
146,938,1267,Shamela0021744,5769,312,620,144,51
146,910,1108,Shamela0006170,194,356,558,126,71
146,1,683,Shamela0006228,161,737,1575,390,51
146,806,1534,Shamela0006228,162,177,1129,406,47
146,943,1103,Shamela0021496,222,1074,1255,110,74
146,943,1103,Sham19Y0124336,45,1151,1330,109,73
146,938,1108,Shamela0008176,4303,1391,1566,115,74
146,910,1267,Shamela0000427BK1,833,269,601,154,50
147,1,318,Shamela0006228,162,1129,1528,212,62
149,1427,1558,Sham19Y0019230,779,195,308,86,81
149,1398,1558,Shamela0008534,59,1146,1287,104,81
149,861,1469,Shamela0021721,1773,1,691,467,83
149,839,1469,Shia000841Vols,6084,337,1316,425,52
150,864,1012,Shamela0001717,2127,1072,1184,70,55
150,1292,1510,Shamela0011444BK2,1496,987,1229,133,66
150,11,177,Shamela0008534,59,1287,1468,125,85
150,1178,1464,Sham19Y0132962,652,781,1069,146,54
150,430,699,Sham19Y0014467,279,1172,1368,117,49
151,424,595,Shamela0006228,164,1370,1562,131,84
151,8,418,Shamela0006228,166,543,970,230,56
153,25,129,Shamela0021623,295,566,745,52,37
156,1386,1597,Sham19Y0013577,5310,632,856,153,84
156,1382,1597,ShamAY0034251BK3,2815,656,885,167,91
157,1137,1322,Shamela0006140,282,1358,1539,125,83
157,219,433,Shamela0006140,520,1109,1474,136,45
157,243,619,Sham19Y0013577,5311,1027,1560,271,63
157,623,921,Sham19Y0013577,5312,1,584,201,42
157,1137,1310,Shamela0011370,13,254,421,127,90
157,144,976,Sham19Y0013783,2962,398,797,203,30
157,1,208,ShamAY0034251BK3,2815,946,1269,137,52
157,240,921,ShamAY0034251BK3,2816,521,1493,500,64
157,704,838,Sham19Y0017885,2124,936,1070,84,78
157,713,921,Sham19Y0016934,3814,1054,1238,104,54
157,224,493,Shamela0021715,3994,192,460,133,47
158,94,730,Sham19Y0016934,3169,121,899,242,31
158,718,1115,Sham19Y0014467,280,1136,1523,186,50
158,84,397,Shamela0021721,1799,400,700,219,84
159,913,1121,JK001438,13,714,1228,144,35
159,897,1186,ShamAY0034249,2977,1033,1462,177,49
159,700,1499,Shamela0021721,1816,76,923,584,81
159,700,897,Shia000841Vols,6145,1112,1299,128,73
159,923,1264,Shia000841Vols,6148,1099,1511,264,80
160,967,1156,Shamela0006222,919,1092,1293,128,75
160,1172,1492,Sham19Y0013577,2260,635,1215,150,28
160,960,1156,Shamela0006228,167,1313,1570,144,70
161,19,238,Shamela0006228,168,1264,1530,157,72
163,186,888,Shia000033Vols,726,86,783,317,42
163,660,1020,Sham19Y0020699,945,735,1184,225,63
163,1058,1194,Shia002218Vols,711,67,266,76,43
163,666,1077,Shamela0008463,2327,780,1238,224,54
163,660,1077,Sham19Y0019188,2521,146,616,227,53
163,258,1320,Sham19Y0016934,3244,248,1277,359,32
163,178,896,ShamAY0034249,3024,103,918,321,38
163,130,1020,Shamela0021721,1855,707,1557,567,73
163,1020,1638,Shamela0021721,1856,20,730,490,84
163,193,1128,Shia000089Vols,3506,641,1378,390,44
163,164,1320,Shia000841Vols,6203,624,1550,472,42
164,1,630,Shamela0021721,1856,730,1398,408,66
164,648,796,Shamela0021721,1857,45,206,118,91
164,1,796,Shia000841Vols,6204,343,1340,512,59
165,61,814,Sham19Y0014467,282,582,1499,398,47
165,832,1511,Sham19Y0014467,283,523,975,236,39
166,793,1094,Shamela0010283,1760,805,1134,121,36
166,793,1094,Shamela0001717,3120,578,932,129,36
166,9,406,JK001244,250,489,1174,199,35
166,9,363,Sham19Y0020561,481,130,775,206,38
166,9,363,Shamela0011444BK1,93,453,853,193,53
168,1444,1597,Sham19Y0014579,3627,875,1005,96,78
168,1444,1597,JK000271,218,1021,1163,96,73
168,1357,1597,JK000917,1033,127,403,125,50
168,1444,1597,Shamela0021590,869,7,111,81,66
168,1444,1597,Shamela0021590,870,697,801,81,66
168,1444,1597,Shia001395Vols,345,776,919,94,71
168,1448,1597,Sham19Y0017063,666,1037,1142,75,63
168,1444,1597,Shamela0012415,380,1246,1385,98,75
168,1439,1597,Sham19Y0122257,1795,1351,1495,102,76
168,1448,1597,Shamela0026324,939,961,1154,98,63
168,1444,1597,Shamela0009790,418,1281,1427,95,70
168,1269,1597,Sham19Y0013783,1425,452,789,143,39
168,1439,1597,Sham19Y0145212,1994,1364,1508,102,76
168,1444,1597,Sham19Y0017757,116,1292,1396,81,66
168,1444,1597,Sham19Y0014119,325,518,627,78,64
168,1444,1597,Sham19Y0016934,3279,1021,1176,101,71
168,1439,1597,Sham19Y0022884,178,755,875,87,69
168,1439,1597,Sham19Y0020561,1588,1175,1308,102,81
168,1439,1597,Shia003732Vols,3721,1079,1230,99,71
168,1444,1608,Sham19Y0016976,972,1027,1282,85,37
168,1283,1597,Shia000126Vols,516,869,1397,184,42
168,1444,1597,Sham19Y0148486,3569,293,432,98,75
168,1439,1597,Sham19Y0146127,1877,693,847,104,73
168,1256,1597,Sham19Y0133369,176,437,809,185,51
168,1439,1597,Shamela0008360,450,82,226,102,76
168,1448,1597,JK007083,169,322,540,101,53
168,1428,1597,Shia001237Vols,3389,82,260,103,64
168,1444,1597,Sham19Y0131521,5015,414,636,99,53
168,1439,1597,ShamAY0034249,3054,847,980,103,82
168,1149,1608,Shamela0021721,1878,145,571,291,75
168,1236,1597,Shia000089Vols,3071,969,1444,266,65
168,1263,1597,Masaha001171Vols,5290,871,1229,242,78
168,1439,1597,Sham19Y0020590,202,792,904,85,68
168,1357,1597,Shia000841Vols,6233,1105,1402,139,53
168,1444,1597,Sham19Y0017747,1258,916,1020,81,66
168,1444,1597,Shamela0008176,3831,1398,1537,98,75
169,1,265,Shia000033Vols,743,1091,1401,163,62
169,1,356,Sham19Y0014325,3411,301,613,194,65
169,77,198,JK000734,204,1066,1297,88,48
169,1054,1303,Shamela0011444BK1,94,6,366,155,48
169,1,445,Shamela0021721,1878,571,1001,305,82
169,68,200,Shamela0021721,2855,1172,1320,80,69
170,305,1107,Sham19Y0014467,284,9,1214,474,45
170,1137,1518,Sham19Y0014467,285,311,705,189,50
171,805,1122,Shamela0006228,173,679,1306,232,46
171,146,558,Sham19Y0014467,285,718,1200,218,53
175,1245,1718,Shamela0010283,1823,190,547,164,32
183,768,1007,Sham19Y0017829,854,230,372,76,35
183,697,1007,JK010552,798,262,656,150,47
183,513,922,Sham19Y0016934,3722,37,1034,239,28
183,568,1185,Shia000126Vols,510,630,938,146,28
183,697,910,Shamela0005737,83,1028,1260,114,62
183,73,1234,Shamela0021721,1958,200,1394,835,80
184,980,1209,Shamela0006228,177,1237,1473,140,73
185,1,272,Sham19Y0014467,292,60,739,138,25
186,643,1233,Shamela0010283,1761,1093,1597,336,65
189,1490,1630,Shamela0005922,2004,972,1212,69,33
189,1236,1630,Sham19Y0016934,3743,337,639,212,62
189,1098,1640,Shamela0021721,1982,1,548,340,66
190,82,387,Shia000033Vols,848,1102,1384,180,69
190,1,387,Shia001395Vols,429,886,1297,220,64
190,12,285,Shamela0021723,190,22,444,96,27
190,138,272,Shia002265Vols,3417,1256,1365,66,62
190,9,233,Sham19Y0017768,1563,1204,1429,130,69
190,724,942,Sham19Y0132962,733,1355,1533,127,73
190,1,436,Shia000126Vols,867,6,611,207,39
190,87,285,Shia001237Vols,4234,402,603,131,76
190,525,996,Shamela0011444BK1,102,1109,1498,241,63
190,9,518,Shamela0021721,1982,548,1046,384,93
191,1,106,Sham19Y0014591,2945,1055,1211,68,56
191,37,201,Sham19Y0014467,293,1044,1465,102,29
191,688,1001,Sham19Y0014467,294,1038,1194,106,42
191,931,1435,Sham19Y0014467,295,1,588,320,62
192,170,587,Shamela0006228,182,179,730,224,47
192,776,1086,Sham19Y0014467,295,743,1072,171,62
192,1094,1385,Sham19Y0014467,296,422,711,166,66
193,784,1471,Sham19Y0014467,297,498,1236,301,47
194,401,856,Shamela0006228,182,744,1347,337,70
194,1001,1562,Shamela0008534,64,291,778,309,63
195,1,629,Kraken21033110,536,353,984,316,52
195,1,427,Shamela0008534,64,778,1429,261,44
200,879,1059,Sham19Y0018144,1563,814,984,124,90
200,819,1059,Shamela0005922,2037,663,937,129,61
200,879,1059,ShamAY0034005,582,735,912,130,94
200,889,1059,Shamela0021743,857,1028,1205,112,83
200,635,1059,ShamAY0033910,984,559,902,163,40
200,886,1059,Shia001395Vols,1127,1234,1409,127,92
200,734,1059,Shamela0010517,1449,590,907,202,74
200,734,1059,Shamela0010517,1454,431,826,188,56
200,734,1059,Shamela0010517,1830,331,648,202,74
200,734,1059,Shamela0012415,385,631,1202,230,51
200,758,1059,JK000477,944,919,1312,169,56
200,879,1059,JK000130,985,869,1046,127,92
200,667,966,Sham19Y0013785,415,1173,1480,171,69
200,568,1059,Shamela0021677,1813,1171,1498,220,56
200,879,1059,JK000475,1285,1130,1306,130,93
200,734,1059,Shamela0010657,993,899,1312,228,70
200,616,1070,Shamela0012844,63,473,850,189,49
200,568,1162,Sham19Y0019188,2865,868,1361,203,35
200,644,1059,Sham19Y0017768,1596,818,1330,274,65
200,718,1059,Shamela0006136,414,461,752,175,58
200,635,1059,Sham19Y0017885,1105,13,676,209,33
200,635,862,Sham19Y0016934,3838,91,290,156,87
200,894,1059,JK000272,735,774,919,109,86
200,718,1059,Shamela0011468BK1,1810,190,493,190,63
200,718,1059,Sham19Y0014032,141,1067,1400,187,64
200,644,1029,ShamAY0037374,37,943,1341,222,68
200,718,1059,Sham19Y0123665,1536,497,838,201,68
200,734,1059,Sham19Y0014325,3628,901,1291,171,55
200,886,1059,Sham19Y0014325,3637,221,397,127,93
200,644,1059,Sham19Y0017798,698,11,409,250,73
200,879,1059,Sham19Y0148486,3611,1198,1408,129,79
200,644,1029,Shamela0004473,12100,881,1279,222,68
200,762,1059,JK000734,207,556,836,177,72
200,568,1183,Shamela0021731,670,1126,1396,190,39
200,616,862,Shamela0002863,1433,297,848,161,35
200,734,1059,Shamela0022848,298,300,578,182,69
200,762,1059,Sham19Y0123608,746,802,1349,177,38
200,734,1059,Zaydiyya0000049,399,724,1111,167,52
200,879,1059,JK000786,2884,47,227,127,91
200,441,1526,Shamela0021721,2045,54,1107,783,89
200,912,1059,Shia000089Vols,2496,32,187,110,92
200,912,1059,JK007064,584,691,841,107,92
200,758,1059,Shia000841Vols,6440,557,808,142,58
200,912,1059,Shia000841Vols,6443,1090,1240,107,92
200,648,1059,Shamela0009242,2519,464,819,142,33
200,879,1059,ShamAY0032665,1563,733,903,124,90
201,1158,1393,JK011225,155,59,256,155,79
201,1,403,Shamela0021721,2045,1107,1504,311,95
201,403,1128,Shamela0021721,2046,1,735,553,91
203,310,579,Shamela0006228,185,468,727,177,79
203,151,1339,Sham19Y0014467,301,159,1358,406,30
203,390,575,Shamela0021599,2899,720,878,121,80
204,5,129,Shamela0029878BK1,231,1352,1475,96,97
204,11,129,ShamAY0034289,10,236,354,94,100
204,5,129,Shamela0007349,271,851,974,96,97
207,939,1557,Shia000033Vols,956,688,1489,342,50
207,931,1162,Sham19Y0017104,265,1002,1152,95,53
207,287,609,Sham19Y0013577,7447,729,1049,254,97
207,287,552,ShamAY0034251BK3,1428,1227,1491,210,98
207,1,281,ShamAY0034251BK3,1428,90,537,79,16
207,820,1467,Sham19Y0016934,3925,823,1563,261,35
207,931,1141,Sham19Y0014325,3694,1170,1422,119,54
207,936,1573,Shia000234Vols,8150,629,1374,291,41
207,875,1348,Shia000317Vols,9350,662,1043,176,40
207,692,1207,Shamela0021721,2105,1072,1567,380,90
207,1207,1608,Shamela0021721,2106,1,421,322,92
207,290,609,Shia000089Vols,2581,558,854,224,88
207,936,1476,Shia000089Vols,3545,7,696,285,44
207,931,1162,Shia000841Vols,6499,354,499,91,51
208,359,512,Shamela0026566,26,1,211,101,60
208,80,536,Shamela0021743,831,968,1320,217,56
208,53,536,Sham19Y0020699,954,295,661,215,54
208,237,518,Shamela0021614,3403,742,1095,161,51
208,89,518,Shamela0000432,5414,68,726,186,33
208,63,518,JK006897,377,1124,1474,209,55
208,283,512,JK000533,1884,848,1141,123,42
208,283,512,JK000916,14416,404,738,122,38
208,53,536,Shamela0008463,2348,242,625,223,55
208,41,518,Sham19Y0019188,2538,1103,1516,224,52
208,309,512,Shamela0007891,1319,10,279,101,38
208,92,518,Sham19Y0018259,652,205,532,181,51
208,89,526,Sham19Y0123608,748,551,884,170,44
208,6,1153,Shamela0021721,2106,425,1561,865,90
208,1153,1517,Shamela0021721,2107,1,362,267,85
208,80,518,Shia000841Vols,6501,11,318,190,52
208,92,518,Shamela0009242,2428,181,508,164,43
209,1000,1415,JK001244,282,1031,1546,155,35
209,768,1016,Sham19Y0132962,768,359,931,148,29
209,752,1004,Sham19Y0020561,548,633,1207,161,33
209,649,1492,Shamela0011444BK1,108,577,1275,349,46
209,1,388,Shamela0021721,2107,362,685,234,72
210,350,593,Sham19Y0132962,773,668,895,132,66
210,764,1556,Sham19Y0014467,303,1,845,370,45
210,175,593,Shamela0011444BK1,109,149,620,212,50
211,639,1105,Shamela0006228,171,253,801,324,73
211,83,515,Sham19Y0014467,303,855,1471,203,40
212,83,385,Shamela0010283,1761,1,299,139,45
214,1111,1271,Zaydiyya0000570BK3,767,1378,1542,104,81
214,1271,1451,Zaydiyya0000570BK3,768,1,185,137,89
214,949,1350,Shamela0117359,821,488,901,173,47
214,949,1410,Shia000026Vols,740,899,1442,186,40
214,949,1350,Sham19Y0020591,1251,438,850,174,47
214,949,1350,Sham19Y0131521,4743,851,1263,174,47
214,933,1488,Shamela0021721,2155,591,1145,433,94
214,952,1253,Shia000089Vols,4045,1158,1443,149,54
215,7,288,Sham19Y0013577,2696,32,324,156,56
215,908,1055,Shamela0011444BK2,1765,327,919,104,21
215,911,1288,Shamela0021848BK1,1119,828,1301,211,51
215,575,1511,JK001244,286,1,1417,520,42
215,908,1276,Shamela0021843,2070,696,1184,241,57
215,903,1346,Sham19Y0132962,779,869,1417,251,50
215,990,1614,Sham19Y0132962,780,73,849,327,46
215,908,1524,Kraken220314171616,758,952,1668,337,51
215,405,1614,Shamela0011444BK1,110,325,1350,657,63
216,17,753,JK001244,287,219,1528,432,37
216,154,335,Shamela0021843,2076,83,430,126,43
216,63,502,Sham19Y0132962,782,190,590,281,72
216,629,915,Sham19Y0132962,783,1087,1338,166,67
216,75,502,Sham19Y0020561,559,39,702,271,46
216,675,877,Sham19Y0020561,560,8,706,131,23
216,236,433,Kraken220314171616,761,5,578,136,27
216,161,1093,Shamela0011444BK1,111,1,764,492,61
217,292,677,Shamela0012036,550,788,1167,113,26
217,245,677,Shamela0011444BK1,110,403,999,171,30
222,1049,1285,JK000168,84,706,932,184,95
222,1019,1414,Sham19Y0013577,2699,1122,1380,168,45
222,978,1414,ShamAY0034251BK3,1466,531,874,214,52
222,1019,1397,Sham19Y0014325,3781,900,1079,124,40
222,1019,1509,Shamela0009702,807,70,418,186,42
222,1049,1165,Shamela0009702,854,452,569,91,92
224,825,1395,Shia000033Vols,2680,1196,1546,165,31
224,64,311,Sham19Y0013577,2701,422,777,172,58
224,64,311,ShamAY0034251BK3,1467,1265,1503,169,80
224,464,1530,Shia000026Vols,744,634,1305,326,33
224,459,984,Sham19Y0019188,2629,409,625,158,36
224,471,974,Shamela0001685,430,31,208,136,33
224,875,1475,ShamIbadiyya0000109,3867,472,940,198,33
224,1263,1549,ShamAY0034249,3585,38,399,186,58
224,311,532,Shamela0021721,2176,1195,1591,148,43
224,532,1549,Shamela0021721,2177,1,995,685,76
224,452,1530,Shia000841Vols,6566,686,1496,237,19
225,1009,1483,Shamela0021843,2086,182,849,255,43
225,1199,1510,Sham19Y0132962,786,387,894,175,40
225,1199,1510,Sham19Y0020561,562,177,717,179,39
225,940,1510,Shamela0011444BK1,111,903,1301,259,55
225,1,494,Shamela0021721,2177,995,1506,379,92
225,494,723,Shamela0021721,2178,1,231,182,99
225,1,469,Shia000089Vols,3794,641,822,140,37
226,1,334,Shamela0006140,322,731,1061,243,82
227,10,1016,Shamela0011444BK1,112,672,1566,480,51
228,1226,1355,Shamela0006140,325,290,411,80,75
228,46,355,Kraken21033110,147,686,1283,121,22
228,1008,1392,JK001244,294,1049,1579,183,39
228,208,526,Sham19Y0132962,798,1055,1360,191,66
228,266,700,Sham19Y0132962,799,30,787,239,35
228,1234,1514,Sham19Y0020561,572,108,627,157,37
228,208,593,Kraken220314171616,771,1249,1629,241,69
228,167,824,Kraken220314171616,772,253,1319,314,32
228,780,1355,Shamela0011444BK1,113,1235,1646,252,52
228,1,890,Shamela0011444BK1,113,608,1318,418,53
228,1234,1355,Shamela0006146,382,1215,1326,77,77
229,1073,1582,JK001244,296,620,1534,251,33
229,984,1438,Kraken220314171616,776,1017,1376,213,54
229,9,1604,Shamela0011444BK1,114,243,1512,670,47
230,297,450,Shamela0009059BK3,1372,755,900,93,74
230,17,374,Shamela0011444BK2,1831,239,543,118,33
230,1,979,JK001244,297,49,1457,531,44
230,1092,1620,Shamela0006228,186,760,1308,403,87
230,401,570,Shamela0021843,2132,1236,1469,98,51
230,502,738,Shamela0003565,4618,350,905,149,33
230,297,620,Sham19Y0020561,577,723,1565,203,28
230,17,905,Kraken220314171616,779,249,1216,404,43
230,59,905,Shamela0011444BK1,115,1,748,480,66
230,349,599,Shamela0009059BK1,1636,804,1537,135,22
231,1,273,Shamela0006228,186,1308,1608,216,86
231,273,1566,Shamela0006228,187,1,1456,990,82
231,350,510,Shamela0003055,1563,194,355,125,98
232,207,1632,Shamela0006228,188,1,1316,1027,86
233,4,307,Shamela0006228,188,1324,1621,230,89
233,307,1589,Shamela0006228,189,1,979,737,68
233,284,731,Sham19Y0014467,306,519,922,188,46
234,1,638,Shamela0006228,189,979,1601,476,89
234,638,1396,Shamela0006228,190,1,762,533,79
235,154,1077,Sham19Y0014467,308,50,810,446,55
240,208,607,Shamela0010283,1800,1205,1536,164,46
240,640,1471,Shamela0010283,1801,1,719,430,56
240,208,836,Shamela0001717,3109,1001,1545,299,52
240,845,1453,Shamela0001717,3110,1,537,288,50
251,1,571,Shamela0010283,1801,943,1433,254,47
251,813,1266,Shamela0010283,1802,1398,1605,140,36
251,141,828,Shamela0001717,3104,109,390,116,21
251,1,764,Shamela0001717,3110,723,1550,328,38
251,813,1277,Shamela0001717,3111,1163,1398,150,37
252,1501,1680,Sham19Y0013577,2731,12,310,128,53
252,1507,1680,ShamAY0034251BK3,1471,1196,1364,133,96
258,1115,1329,ShamAY0034198,297,306,546,155,75
258,597,1540,Shamela0021721,2298,1,1047,408,36
259,1,306,Shamela0021721,2298,1147,1464,241,96
259,306,1009,Shamela0021721,2299,1,703,541,95
259,1100,1515,Shamela0021721,2301,18,453,328,91
260,1151,1594,Shamela0011444BK1,115,1073,1393,221,60
260,1,950,Shamela0021721,2301,453,1504,741,87
261,352,1232,JK001244,299,304,1445,418,41
261,1,251,Shamela0011444BK1,115,1393,1613,151,70
261,297,1559,Shamela0011444BK1,116,67,1002,551,52
262,1324,1585,Masaha003955Vols,46,885,1198,191,67
262,632,1207,JK001244,301,214,982,273,39
262,1366,1611,Sham19Y0023644,53,1117,1300,122,54
262,1289,1592,JK001210,32,1464,1770,204,71
262,1355,1646,JK001336,672,977,1269,220,84
262,662,1309,Shamela0011444BK1,117,1,519,322,61
263,121,504,Masaha003955Vols,145,1105,1568,237,54
263,1061,1595,Shamela0006228,191,568,1128,380,82
263,1,664,JK001210,33,56,648,466,86
263,124,522,Shamela0005539,166,831,1304,238,52
264,202,349,Shamela0021723,181,166,423,97,45
264,202,344,Shamela0021723,182,772,904,88,70
264,202,344,Shamela0021723,183,5,154,85,63
264,1,412,Shamela0006228,191,1128,1591,307,78
264,412,1351,Shamela0006228,192,1,1133,688,73
264,202,344,Sham19Y0124336,73,1,138,93,74
267,87,1219,ShamAY0033632,255,1,1465,789,65
267,1243,1454,ShamAY0033632,256,6,213,153,84
267,18,303,Masaha001961Vols,255,1131,1392,180,75
267,274,1030,Shamela0003118,1424,851,1480,452,72
267,1035,1454,Shamela0003118,1425,5,404,277,75
267,321,1073,Shamela0010830,10,824,1409,433,70
267,1092,1454,Shamela0010830,11,11,354,261,87
267,196,640,JK000533,1269,895,1313,225,57
267,321,949,JK000916,3846,969,1455,373,74
267,949,1454,JK000916,3847,1,476,332,76
267,515,1454,Shamela0009873,1845,895,1494,324,41
267,196,674,Shia002265Vols,1066,1,559,255,51
267,324,674,JK009408,171,79,472,216,60
267,324,674,JK009408,1187,466,827,268,92
267,387,674,Shamela0023700,1180,1,385,207,66
267,159,1305,Sham19Y0014045,227,280,1465,745,70
267,1305,1454,Sham19Y0014045,228,1,152,107,86
267,321,781,Shamela0001875,1068,76,484,281,73
267,363,674,Shamela0001438,7578,1,359,186,57
267,186,640,JK009390,6288,330,691,192,53
267,317,1145,Shamela0023685,423,601,1462,582,79
267,1145,1454,Shamela0023685,424,1,313,213,80
267,321,962,MMS00019,5,702,964,175,34
267,324,857,Shia001782Vols,1838,199,629,246,52
267,181,1454,MMS00028,199,1,994,751,74
267,321,1394,Shamela0009429,4124,459,1480,691,74
267,612,1454,Sham19Y0127677,20346,87,683,413,60
267,321,962,ShamAY0034291,5,1088,1350,175,34
267,349,857,Shamela0001733,4367,1,497,315,70
267,317,583,Shamela0026568,401,1226,1491,203,93
267,583,1454,Shamela0026568,402,1,899,584,75
267,18,1425,Shamela0010927,20,138,1287,761,65
267,321,1291,JK000481,598,296,1339,544,56
268,1,987,ShamAY0033632,256,213,1445,745,73
268,1,866,Shamela0003118,1425,404,1506,647,71
268,866,987,Shamela0003118,1426,1,124,94,87
268,1,917,Shamela0010830,11,354,1510,689,72
268,1363,1513,Shamela0012415,400,394,549,102,86
268,510,965,Sham19Y0023644,1386,10,480,231,52
268,97,578,JK000916,3846,350,674,245,62
268,1,797,JK000916,3847,476,1507,592,69
268,797,987,JK000916,3848,1,182,138,86
268,249,557,Masaha001864Vols,5598,487,751,170,62
268,21,621,Shamela0009873,1846,1,728,422,71
268,97,630,Shia002265Vols,1066,473,903,281,60
268,97,583,JK009408,171,386,742,265,67
268,1,1015,Sham19Y0014045,228,152,1443,746,70
268,1,565,Shamela0001875,1068,714,1137,293,61
268,97,583,Shamela0001438,7578,273,630,264,67
268,156,583,MMS00034,3,751,1121,227,63
268,97,647,JK009390,5732,234,612,230,48
268,97,668,JK009390,6288,735,1146,245,51
268,1,974,Shamela0023685,424,313,1533,713,70
268,1,485,MMS00019,5,1057,1331,200,51
268,1,525,MMS00028,199,994,1472,349,80
268,525,987,MMS00028,200,1,448,342,90
268,1,987,Shamela0009429,4125,39,1288,749,72
268,97,724,Sham19Y0127677,5504,229,752,265,43
268,156,557,Sham19Y0127677,17227,134,513,257,78
268,97,339,Sham19Y0127677,20345,1294,1521,170,84
268,25,485,ShamAY0034291,6,1,255,185,49
268,136,355,Shamela0026568,402,1307,1497,146,83
268,361,1139,Shamela0026568,403,8,779,506,74
268,1155,1513,Shamela0021721,2388,438,1037,220,42
268,224,987,Shamela0010927,21,1,724,501,76
268,156,583,Sham19Y0036111,3,1088,1458,227,63
268,1,621,MMS00001,400,627,1206,403,75
268,1,583,JK000481,599,193,660,293,58
269,1,403,Shamela0021721,2388,1037,1456,308,91
269,403,1430,Shamela0021721,2389,1,1047,766,90
271,692,949,JK000291,476,970,1351,126,36
271,949,1113,JK000291,477,169,488,103,39
271,25,751,JK001244,304,449,1482,354,40
271,763,1602,JK001244,305,40,1522,522,40
271,698,879,Sham19Y0013783,1746,49,499,127,35
271,698,867,ShamAY0034251BK3,1580,391,674,116,51
271,9,141,Shamela0021843,2174,876,1198,90,34
271,777,1175,Shamela0021843,2180,51,714,263,45
271,476,904,Sham19Y0132962,836,20,1077,212,23
271,1008,1423,Sham19Y0132962,838,429,1261,261,35
271,476,643,Sham19Y0020561,596,617,1167,94,21
271,790,975,Sham19Y0020561,597,1324,1474,94,61
271,933,1175,Sham19Y0020561,598,106,1195,163,18
271,565,1000,Kraken220314171616,794,536,1070,246,51
271,1008,1343,Kraken220314171616,795,884,1477,227,44
271,790,993,Kraken220314171616,795,1,246,127,53
271,911,1076,Shamela0021599,2427,262,840,125,26
271,9,1490,Shamela0011444BK1,118,363,1569,808,64
272,289,706,JK001244,306,574,1277,191,33
272,963,1272,JK001244,307,20,480,189,47
272,761,1192,Sham19Y0132962,844,622,1096,208,46
272,283,650,Sham19Y0020561,602,180,597,114,25
272,1395,1566,Sham19Y0014467,309,699,849,88,63
272,650,1192,Kraken220314171616,798,109,554,186,33
272,20,1272,Shamela0011444BK1,119,98,919,486,47
273,41,773,Shamela0006170,122,1103,1475,181,30
273,1145,1411,Shamela0006228,193,1256,1522,201,92
273,824,1165,JK009324,2715,448,814,159,46
273,620,1098,Sham19Y0014467,310,612,1056,191,43
273,824,1101,Sham19Y0013252,5001,508,821,151,56
273,1153,1486,Sham19Y0017437,1144,284,582,162,51
273,87,665,Sham19Y0124336,66,1170,1488,158,31
274,1,565,Shamela0006228,193,677,1276,424,85
274,547,1486,Shamela0006228,194,54,1001,712,92
275,594,745,Sham19Y0013783,1764,435,612,115,81
275,594,745,ShamAY0034251BK3,1595,1334,1511,115,81
275,1,502,Shamela0006228,194,1001,1492,380,93
275,594,745,Sham19Y0014580,1900,1110,1288,115,81
275,604,736,Sham19Y0020561,603,1,144,107,92
284,143,522,Kraken220413194022,1743,679,1161,199,48
284,143,339,Shamela0000497,50,486,603,79,52
284,270,650,Shamela0021723,218,680,1186,138,31
284,154,650,Shamela0021723,225,272,876,166,29
284,122,498,Rafed0002341Vols,2777,68,304,77,22
284,122,596,Shamela0000432,2896,719,1156,66,12
284,154,650,Shamela0000432,2997,385,870,103,17
284,105,650,Shamela0000432,3016,32,518,109,18
284,421,633,Shamela0000432,3143,82,603,101,25
284,126,591,Shamela0000432,3273,602,1338,92,13
284,132,591,Shamela0000432,3281,719,996,44,9
284,126,591,Shamela0000432,3308,962,1323,43,7
284,143,457,Shamela0007289,9033,1100,1508,177,51
284,143,599,Shamela0007289,9044,904,1168,146,41
284,248,449,Shamela0007289,9094,1294,1539,119,57
284,248,479,Shamela0009690,1630,428,696,135,58
284,113,591,JK007074,1756,1134,1394,78,16
284,132,591,ShamAY0032249,571,27,474,79,12
284,143,650,Kraken22041319410301,176,794,1244,183,41
284,143,650,Shamela0001666,114,417,938,147,27
284,93,650,Shamela0036573,1,414,833,183,36
284,414,712,Shamela0011498,590,636,905,115,41
284,122,698,Shamela0011498,593,864,1254,121,22
284,270,522,Shamela0011498,630,206,496,116,44
284,143,482,Shamela0011498,719,41,512,117,27
284,270,479,Shamela0011498,741,477,684,122,70
284,300,567,Shamela0011498,747,1,275,111,49
284,154,650,Shamela0011498,862,180,784,166,29
284,154,522,Shamela0011498,872,13,533,207,47
284,248,522,Shamela0011498,878,64,286,83,30
284,224,522,JK006950,3199,24,393,143,44
284,143,599,JK006950,3209,1141,1405,146,41
284,248,394,JK006950,3259,1343,1492,86,65
284,132,522,Shamela0008648,360,892,1214,123,33
284,297,633,JK011743,234,123,531,194,61
284,113,509,JK011743,243,484,708,149,49
284,105,270,JK011743,247,1312,1462,69,53
284,270,522,JK011743,248,18,266,135,70
284,132,522,JK011743,256,912,1356,154,36
284,113,622,JK011743,258,597,1114,221,40
284,81,522,JK011743,262,448,1054,187,32
284,105,509,JK011743,268,1,677,189,32
284,113,522,JK011743,270,343,573,119,39
284,398,522,JK011743,271,395,525,79,81
284,270,522,JK011743,279,1211,1401,117,62
284,132,522,JK011743,281,32,435,127,32
284,398,522,JK011743,299,1235,1351,82,87
284,105,522,JK011743,311,836,1311,145,27
284,105,509,JK011743,313,883,1101,146,46
284,105,734,Shamela0021623,337,692,1535,158,19
284,414,522,Shamela0021623,338,430,654,65,37
284,105,650,Shamela0021623,344,165,985,181,24
284,254,650,Shamela0021623,346,908,1308,175,46
284,105,453,Shamela0021623,382,1341,1541,77,26
284,143,650,Shamela0021588,344,1012,1458,182,41
284,143,388,Shamela0021719,140,1251,1437,112,55
304,97,239,Shamela0001717,3141,72,599,71,16
324,1100,1228,Shamela0000432,2818,255,406,86,68
324,1405,1595,Shamela0021623,344,380,659,87,34
325,8,208,Shamela0036573,1,628,833,96,53
325,20,191,JK011743,234,314,531,98,57
325,39,208,Shamela0021623,346,1139,1308,79,45
335,1322,1629,Shamela0021721,2419,441,780,253,90
336,1186,1435,Sham19Y0151100,93,599,856,97,43
336,1135,1558,Sham19Y0017063,688,717,896,82,21
336,1141,1558,Sham19Y0122257,1839,566,991,102,20
336,1077,1213,Sham19Y0013577,2930,571,730,75,50
336,1135,1558,Shia001764Vols,1617,304,601,87,19
336,985,1435,Shamela0008463,2948,956,1329,135,34
336,985,1435,Sham19Y0019188,3143,73,440,135,33
336,883,1058,Shamela0021843,2197,395,714,85,29
336,1141,1386,Shamela0001685,468,19,246,79,32
336,1135,1558,ShamAY0033531,2523,1004,1242,83,19
336,830,1386,Shamela0011444BK1,119,936,1336,168,30
336,1,745,Shamela0021721,2419,780,1427,419,60
336,1141,1558,Shamela0008176,3904,632,946,87,19
337,1106,1316,ShamAY0034251BK3,1599,139,370,158,81
337,1340,1640,Shamela0006228,195,87,592,153,33
338,363,1249,Sham19Y0014467,311,55,893,397,48
338,1119,1436,Sham19Y0127713,1449,209,461,202,77
338,564,954,Sham19Y0127713,1457,1064,1463,286,85
339,1135,1381,Shia002616Vols,4868,198,458,163,74
339,1135,1381,ShamAY0034054,3069,49,283,139,65
339,93,624,Shamela0006228,196,783,1378,277,53
339,1135,1381,JK009324,2278,199,461,168,76
339,599,1031,Sham19Y0014467,311,1120,1480,163,42
339,1031,1366,Sham19Y0014467,312,1,324,204,72
339,1135,1381,Sham19Y0013252,4660,1116,1371,164,76
339,263,500,Shamela0021599,2453,1,251,179,88
339,1135,1381,Shamela0005756,8254,803,1052,156,72
340,107,338,JK000201,2702,979,1278,127,50
340,150,451,Shamela0010639,316,247,657,200,59
340,150,451,Shamela0000894,2690,215,613,200,59
340,107,338,ShamAY0033531,3582,994,1293,127,50
340,107,338,ShamAY0033531,4765,454,753,127,50
340,150,290,Shamela0005675,9,419,573,90,67
344,475,1052,Shamela0010283,1763,296,749,229,43
345,1001,1134,Shamela0021743,912,164,316,96,80
345,902,1113,Shamela0000894,3324,1099,1321,108,63
345,1001,1113,Sham19Y0018259,518,1344,1457,89,98
345,896,1113,Sham19Y0022884,189,621,810,147,84
345,195,1236,Shamela0021721,2321,485,1514,747,85
345,1236,1505,Shamela0021721,2322,1,260,205,94
346,1360,1517,Sham19Y0013667,6825,885,1068,103,62
346,415,646,Shia003895Vols,191,1020,1374,158,54
346,14,603,Shamela0007853,72,499,738,166,35
346,1,733,Shamela0021721,2322,260,1167,543,71
347,743,1045,Sham19Y0014591,1651,99,378,166,65
347,465,1521,Sham19Y0014467,312,356,1461,551,51
348,1325,1630,Shamela0021721,2353,630,951,218,76
349,1198,1315,Shamela0006228,201,457,565,75,81
349,239,648,JK000272,854,974,1441,184,41
349,393,573,ShamAY0034282,2735,1248,1436,71,36
349,393,648,Shia000820Vols,1649,1083,1322,108,43
349,1,546,Shamela0021721,2353,951,1569,395,74
349,546,990,Shamela0021721,2354,1,466,348,94
350,50,369,Shamela0006228,201,457,1121,212,38
350,1264,1498,Shamela0021721,2261,1161,1393,157,76
351,364,1373,Shamela0011444BK1,124,268,1185,422,45
351,88,299,Shamela0021721,2262,143,371,170,90
352,52,836,Shamela0006228,202,1,863,534,75
359,184,594,Shamela0009790,186,599,1089,260,58
359,389,680,ShamAY0033945,2457,355,1242,181,23
359,399,594,Shamela0003722,2581,899,1130,147,75
359,385,627,Tafsir06048,152,818,1044,123,57
359,135,729,Shamela0021721,2742,979,1538,430,85
359,733,1591,Shamela0021721,2743,5,960,677,86
359,680,1235,Shia000841Vols,7136,985,1536,404,85
359,1235,1591,Shia000841Vols,7137,1,362,275,90
360,778,1012,Shamela0021596,1264,923,1369,140,36
360,790,1012,ShamAY0031994,332,1214,1480,138,63
360,805,1175,Shamela0035120,78,257,724,182,39
360,790,1086,JK000303,127,1027,1405,151,41
360,842,1504,Shamela0021553,15,8,511,138,18
360,790,1253,Shamela0006140,356,408,1596,291,28
360,793,1004,Sham19Y0013577,3049,1278,1573,137,53
360,856,1253,Sham19Y0013577,3050,787,1495,256,41
360,755,1116,ShamAY0031806,883,1152,1516,187,53
360,790,1026,Sham19Y0023590,1157,159,398,139,62
360,790,1167,Shia002616Vols,1636,673,1094,159,35
360,793,1086,Shamela0007891,1354,1102,1477,143,44
360,790,1021,Shamela0023628,709,638,938,155,62
360,498,1021,Sham19Y0017885,1296,892,1592,212,30
360,790,1091,Sham19Y0016934,4312,742,1051,145,41
360,735,1086,Zaydiyya0000364Vols,717,777,1328,131,25
360,790,1026,Sham19Y0006684,3571,1236,1444,143,70
360,790,1026,Sham19Y0123665,1730,858,1059,142,72
360,793,1004,Shamela0000041,568,380,654,117,51
360,884,1253,Sham19Y0014325,4403,20,703,178,28
360,790,1091,ShamAY0034249,3889,1198,1543,146,38
360,679,1626,Shamela0011444BK1,125,9,1024,440,42
360,1,266,Shamela0021721,2743,960,1255,217,89
360,856,1253,Shamela0021619BK2,1737,771,1527,252,38
360,1,266,Shia000841Vols,7137,362,581,178,82
361,1271,1486,JK000291,512,1032,1466,145,42
361,1256,1453,Sham19Y0032197,500,1223,1481,130,61
361,920,1486,Sham19Y0019230,223,170,663,162,25
361,15,297,Shamela0035120,79,873,1014,58,25
361,1130,1504,Sham19Y0013577,3089,77,407,170,48
361,1274,1498,Sham19Y0013577,3090,122,873,137,23
361,636,1324,Sham19Y0013577,3092,617,1284,358,53
361,15,325,Shamela0011370,16,1202,1580,172,48
361,1281,1494,Shamela0011444BK2,2007,158,688,70,15
361,15,645,ShamAY0031806,884,640,1311,254,37
361,668,1086,JK001244,321,75,600,261,55
361,1074,1494,JK001244,321,677,1231,263,55
361,668,832,Sham19Y0013783,1895,931,1087,115,86
361,1113,1324,Sham19Y0013783,1898,138,366,136,67
361,1330,1482,Sham19Y0013783,1899,143,697,101,23
361,1373,1515,ShamAY0034251BK3,1680,267,438,107,79
361,936,1365,Shamela0021843,2276,166,716,203,38
361,1285,1494,Shamela0003565,4951,4,595,81,15
361,1313,1504,Shamela0011468BK1,2087,971,1208,0,0
361,1313,1504,Shamela0021598,4668,643,865,0,0
361,1130,1482,Sham19Y0132962,898,89,569,190,43
361,668,858,Sham19Y0020561,642,907,1352,137,38
361,1330,1494,Sham19Y0020561,644,58,677,117,24
361,786,1457,Shamela0009851,3344,26,1091,197,17
361,936,1494,Shamela0000963,2047,49,1092,276,29
361,15,562,Sham19Y0147656,49,446,1095,204,29
361,1145,1477,Kraken220314171616,829,1017,1493,228,57
361,271,569,Shamela0037344,103,512,948,77,16
361,15,754,Shamela0011444BK1,125,1039,1578,307,48
361,754,1482,Shamela0011444BK1,126,1,674,348,46
362,45,808,JK000291,515,808,1572,321,41
362,849,976,ShamAY0034227,5059,1295,1449,45,40
362,45,930,JK001244,322,220,1373,399,36
362,980,1574,JK001244,323,9,1026,305,34
362,618,976,Sham19Y0013783,1902,378,1041,153,25
362,1174,1367,Sham19Y0013783,1904,1371,1541,120,72
362,1168,1381,Sham19Y0013783,1905,37,315,118,50
362,825,1390,Shamela0021843,2281,218,1010,270,39
362,45,548,Sham19Y0017885,1301,155,624,181,38
362,849,1152,Shamela0003565,4954,851,1257,139,40
362,442,808,Sham19Y0132962,900,978,1440,212,55
362,903,1174,Sham19Y0132962,901,1159,1421,151,66
362,1133,1574,Sham19Y0132962,903,421,834,206,48
362,1174,1390,Sham19Y0020561,647,1142,1386,122,56
362,577,1059,Kraken220314171616,831,4,441,243,59
362,1059,1390,Kraken220314171616,832,423,955,177,38
362,45,700,Shamela0021599,2586,455,1062,277,43
362,1,986,Shamela0011444BK1,126,768,1562,419,46
362,995,1601,Shamela0011444BK1,127,6,506,319,60
362,849,1007,Shamela0009059BK1,1794,1081,1256,67,46
363,405,626,Sham19Y0013577,3068,659,1554,160,22
363,797,964,Sham19Y0013577,3069,922,1261,125,45
363,356,1263,JK001244,324,131,1436,438,37
363,762,1286,Shamela0021843,2286,219,894,218,32
363,467,797,Sham19Y0020561,649,910,1481,178,33
363,467,564,Sham19Y0147313,2043,1418,1518,74,95
363,1,1427,Shamela0011444BK1,127,506,1487,627,53
364,488,1036,Sham19Y0032197,503,730,1118,272,60
364,1212,1370,Shamela0005922,2146,1103,1283,120,82
364,826,1396,Shamela0006140,369,1,524,193,33
364,569,915,JK001244,326,119,575,187,45
364,488,772,Sham19Y0013783,1917,1314,1536,167,73
364,488,704,Sham19Y0013783,1918,12,536,140,31
364,203,1036,ShamAY0034251BK3,1678,92,1112,320,31
364,488,1036,Shamela0006136,456,644,1114,327,72
364,474,1396,Shamela0021715,10091,162,694,233,26
364,483,886,Shamela0003565,4965,231,949,225,35
364,176,704,Sham19Y0132962,910,1035,1389,183,39
364,488,976,Sham19Y0132962,911,534,1218,294,48
364,964,1383,Sham19Y0132962,912,835,1099,163,46
364,474,667,Sham19Y0020561,653,295,539,118,56
364,904,1154,Sham19Y0020561,654,7,263,174,77
364,718,1396,Kraken220314171616,837,591,1547,370,42
364,104,460,Shamela0037344,104,243,688,80,18
364,1212,1370,Sham19Y0123608,783,89,269,120,82
364,36,1383,Shamela0011444BK1,128,122,949,563,51
364,1212,1333,Zaydiyya0000059,430,1307,1427,98,99
365,1410,1572,Sham19Y0032197,505,855,1016,135,99
365,1414,1563,Sham19Y0013577,3052,348,502,125,96
365,1364,1576,Sham19Y0013783,1888,261,478,150,82
365,181,549,Sham19Y0013783,1940,755,1051,191,61
365,298,549,Sham19Y0013783,1941,167,586,160,46
365,1410,1563,ShamAY0034251BK3,1665,475,628,127,99
365,1355,1563,Rafed0001792Vols,2216,1373,1632,149,69
365,1410,1572,Shamela0006136,457,1185,1347,135,99
365,96,549,Shamela0003565,4983,64,857,266,37
365,1410,1563,Shamela0011468BK1,2072,136,289,128,100
365,1410,1576,Sham19Y0132962,892,761,927,139,100
365,118,549,Sham19Y0020561,661,489,1328,222,29
365,102,722,Shamela0096876,310,23,565,181,24
365,36,555,Shamela0012036,625,770,1240,210,39
365,181,920,Kraken220314171616,843,35,768,348,47
365,1327,1512,Sham19Y0013252,9850,1434,1647,131,70
365,1364,1576,Shamela0011444BK1,125,685,895,154,87
365,118,549,Shamela0009059BK1,1819,8,770,252,37
366,291,565,Shamela0021766,866,519,759,135,62
366,1210,1346,Shamela0006228,215,1,146,105,90
366,168,678,Sham19Y0014467,321,196,1087,284,37
366,748,1195,Sham19Y0014467,322,275,807,266,57
367,680,1146,Shamela0006228,212,142,628,330,80
367,1220,1499,Shamela0006228,215,67,438,173,56
367,79,657,Sham19Y0014467,324,342,1094,243,37
368,136,1110,Shamela0006228,216,357,1393,664,75
368,1259,1519,Shamela0006228,217,420,714,199,82
369,137,454,ShamAY0034263,350,270,534,155,57
369,87,462,Shamela0001717,3861,500,1164,186,32
369,117,428,JK000787BK1,465,338,1007,119,21
369,122,448,ShamAY0037375,36,887,1157,144,51
369,122,428,Shamela0008463,3232,602,1238,159,28
369,117,401,Shamela0007460,128,1270,1532,146,54
369,128,437,Sham19Y0026094,514,928,1522,158,30
369,122,454,Sham19Y0016952,124,337,622,150,48
369,60,454,JK000287,50,181,588,177,45
369,60,388,Shamela0021731,749,1157,1580,261,75
369,388,592,Shamela0021731,750,1,215,154,89
369,60,454,Sham19Y0014207,219,690,1075,236,67
369,128,458,Shamela0007360,678,182,856,135,23
370,561,1521,Shamela0009631,173,24,905,402,49
371,183,1116,Shamela0008634,658,45,764,365,43
372,11,998,Shamela0009631,174,484,1541,503,53
373,1273,1476,Shamela0022547,2363,1283,1474,133,78
373,92,710,Shamela0021721,2441,819,1499,453,81
373,710,1206,Shamela0021721,2442,1,624,301,53
373,1120,1476,Shamela0021721,2444,1,358,267,92
374,815,1108,Sham19Y0013577,3183,148,665,150,34
374,95,574,JK000272,885,323,1028,202,29
374,1,574,Shamela0021721,2444,358,962,442,88
374,95,574,Shia000841Vols,6965,473,1182,206,29
375,1000,1511,Sham19Y0019230,236,521,1349,139,17
375,1091,1269,Sham19Y0013783,1976,1163,1339,108,66
375,1177,1367,Sham19Y0013783,1977,455,895,113,33
375,865,1287,Shamela0021843,2332,493,1123,221,42
375,1060,1269,Sham19Y0132962,942,919,1097,116,66
375,1177,1367,Sham19Y0020561,675,689,1128,113,33
375,939,1425,Kraken220314171616,854,503,1264,234,37
375,820,1541,Shamela0011444BK1,132,386,999,351,55
376,543,672,Shamela0011444BK2,2082,491,912,88,26
376,206,672,JK001244,337,892,1486,242,47
376,609,707,Sham19Y0013783,1987,1174,1285,59,68
376,945,1185,ShamAY0034251BK3,1764,931,1245,151,58
376,530,672,Sham19Y0127671,1084,613,1188,84,17
376,580,757,Shamela0021843,2340,547,715,108,69
376,343,574,Sham19Y0020561,676,1312,1489,125,67
376,580,757,Sham19Y0020561,677,980,1164,127,84
376,142,686,Shamela0011444BK1,132,1058,1483,282,61
376,580,1029,Shamela0007360,643,1009,1455,109,20
377,1247,1473,Shamela0006228,206,219,442,142,72
377,295,707,Sham19Y0014467,331,820,1410,223,43
378,588,851,Shamela0006228,208,785,1026,126,59
378,131,702,Sham19Y0133357,335,8,597,132,20
378,163,527,Sham19Y0014467,333,541,880,136,35
378,1196,1472,Sham19Y0014467,334,170,702,142,34
379,847,1136,Shamela0006228,205,1033,1290,121,39
380,459,986,Shamela0006228,203,574,1244,304,54
380,841,1330,Shamela0006228,205,61,480,231,53
380,1274,1517,Shamela0006228,205,1332,1512,143,71
380,37,468,Shamela0006228,208,242,794,290,63
381,80,481,Shamela0006228,208,816,1489,225,42
382,1091,1496,Shamela0012862,311,14,174,120,38
382,312,558,Shamela0001000,1170,724,981,192,93
382,391,508,Rafed0000040Vols,294,656,785,86,86
382,312,558,Kraken220218125255,392,1146,1403,181,89
382,312,500,Shia003764Vols,43,832,1026,144,94
382,1091,1496,Shamela0012981,1652,1116,1279,120,38
382,312,544,ShamAY0000443,2886,248,483,176,92
382,1017,1551,Shamela0021640,5528,604,1078,303,69
383,1,441,Shamela0021640,5528,1078,1500,335,95
383,146,398,Shamela0021640,5530,735,947,160,78
391,122,408,Sham19Y0013577,3259,1291,1603,204,72
391,122,708,ShamAY0034251BK3,1784,236,1104,326,41
391,122,332,Shia000089Vols,4557,1305,1536,138,69
393,1390,1611,Shamela0021721,1935,615,835,147,73
394,1,438,Sham19Y0014325,3494,384,874,243,54
394,1,433,Shia000126Vols,507,687,1071,172,38
394,1,494,Shamela0021721,1935,835,1500,366,67
394,502,1363,Shamela0021721,1936,1,828,605,86
395,40,792,Sham19Y0019230,244,340,1152,231,27
395,301,1496,JK001244,345,119,1546,592,47
395,746,981,Sham19Y0013783,2051,1011,1209,130,67
395,817,1032,Sham19Y0013783,2052,78,738,113,20
395,729,1032,Sham19Y0127671,1116,488,992,118,24
395,729,981,Sham19Y0132962,974,735,950,143,69
395,746,1012,Sham19Y0020561,696,816,1225,134,37
395,997,1230,Sham19Y0020561,697,524,1125,111,22
395,34,567,Kraken220314171616,869,1060,1579,224,45
395,540,1270,Kraken220314171616,870,796,1524,344,49
395,729,981,Kraken220314171616,871,1,388,142,43
395,182,1506,Shamela0011444BK1,136,31,1038,623,58
396,313,932,Sham19Y0019230,246,1,747,176,21
396,437,626,Shamela0006140,353,797,1024,121,65
396,1,894,JK001244,346,45,1143,457,45
396,355,538,Sham19Y0013783,2058,1329,1478,103,69
396,355,729,Sham19Y0013783,2059,319,1076,189,30
396,467,626,ShamAY0034251BK3,1913,1220,1444,110,60
396,123,403,Sham19Y0127671,1121,51,795,118,20
396,1,332,Shamela0021843,2390,16,544,183,40
396,355,932,Shamela0021843,2392,282,1020,269,40
396,91,595,Sham19Y0132962,978,108,1271,262,27
396,355,918,Sham19Y0132962,979,566,1160,258,46
396,1,235,Sham19Y0020561,698,956,1458,115,27
396,437,821,Sham19Y0020561,700,333,920,191,40
396,1,490,Kraken220314171616,872,897,1519,279,52
396,241,938,Kraken220314171616,873,387,1487,329,34
396,1,558,Shamela0011444BK1,136,1045,1510,302,66
396,581,1394,Shamela0011444BK1,137,1,595,336,51
397,216,386,Shamela0006128,659,72,252,96,55
397,1311,1509,Shamela0006228,178,1,270,136,60
397,1225,1425,Shia000841Vols,6315,219,476,142,69
398,1047,1431,Shamela0006228,178,339,790,265,71
398,18,374,Sham19Y0014467,292,904,1215,184,61
398,487,1047,Sham19Y0014467,293,126,743,369,71
400,501,1098,Sham19Y0032197,679,379,856,219,37
400,1,1051,Sham19Y0019230,547,625,1614,533,54
400,1026,1398,Sham19Y0019230,548,1,360,230,66
400,317,878,JK001244,348,818,1621,295,39
400,461,1329,Shamela0021766,4426,202,732,339,47
400,651,878,Sham19Y0127671,1131,716,932,167,90
400,545,844,Shamela0021843,2405,295,1034,193,32
400,501,1090,Shamela0006136,582,1028,1517,186,31
400,281,695,Sham19Y0132962,985,1055,1637,248,49
400,545,936,Sham19Y0132962,986,482,1338,256,35
400,545,710,Sham19Y0020561,705,535,987,97,24
400,206,781,Kraken220314171616,876,523,994,240,47
400,576,1570,Shamela0011444BK1,138,1,824,535,62
401,1,542,Sham19Y0019230,548,1101,1625,237,45
401,542,1447,Sham19Y0019230,549,1,1570,423,29
401,344,1083,JK001244,350,64,1123,322,34
402,364,958,Shamela0021596,1204,137,518,172,30
402,231,536,Shamela0006170,111,1092,1397,162,52
402,308,1600,Shamela0006228,301,1,1284,931,80
402,203,523,Shamela0021496,671,890,1244,175,53
402,231,536,Sham19Y0124336,132,384,711,179,56
402,214,850,Sham19Y0014404,548,598,1316,464,75
403,110,504,Shamela0021766,1798,703,1039,229,70
403,57,435,Shia000026Vols,872,436,675,144,43
403,549,912,Shamela0006228,302,66,346,170,52
403,57,500,Sham19Y0014467,109,1189,1504,219,61
403,103,689,Sham19Y0014467,110,19,543,120,16
404,1,404,Shamela0006228,302,389,893,256,60
404,604,1465,Shamela0006228,303,1,991,577,70
405,1,309,Shamela0006228,303,1192,1535,224,76
405,512,1580,Shamela0006228,304,45,1648,724,53
405,336,508,Sham19Y0014467,117,185,339,104,74
406,6,1067,Shamela0006228,305,97,1575,689,54
406,1067,1533,Shamela0006228,306,1,700,316,56
407,192,686,Shamela0000432,4033,257,730,286,65
407,694,1364,Shamela0006228,300,43,680,281,46
407,1,686,Shamela0006228,306,692,1409,392,61
407,1368,1509,Shamela0006228,307,105,247,108,90
407,283,686,Shamela0021537,1740,45,501,301,79
407,283,686,Shamela0021537,4339,676,1132,301,79
407,699,1037,Sham19Y0014467,108,681,968,143,46
408,1,944,Shamela0006228,307,247,1061,463,54
408,1148,1505,Shamela0006228,308,105,566,243,65
409,322,806,Shamela0006222,768,1,506,317,74
409,1,835,Shamela0006228,308,566,1504,575,75
409,835,1463,Shamela0006228,309,1,1136,435,46
410,1,357,Shamela0006228,309,1136,1476,223,72
412,32,421,Sham19Y0019230,547,1106,1529,217,58
412,32,313,JK001244,348,1146,1621,181,46
412,104,313,Sham19Y0127671,1131,716,932,150,81
412,22,279,Shamela0021843,2405,374,1034,155,29
412,32,408,Sham19Y0132962,986,576,1338,219,33
412,32,216,Kraken220314171616,876,822,994,103,64
412,32,658,Shamela0011444BK1,138,1,657,304,48
414,1302,1705,Shamela0006228,73,723,1366,313,57
415,549,760,JK001244,353,1176,1567,151,44
415,549,760,Shamela0021766,1960,897,1237,141,45
415,1,269,Shamela0006228,73,1366,1640,216,96
415,431,1161,Shamela0006228,84,643,1458,319,36
415,549,819,Shamela0011444BK1,140,724,1163,184,47
415,75,297,ShamAY0036516,25,648,876,155,82
416,757,1067,ShamIbadiyya0000229,2572,61,318,183,74
416,393,704,Shamela0006228,86,1146,1512,203,59
416,704,1421,Shamela0006228,87,22,889,417,56
416,441,1421,Shamela0011577,45,602,1511,474,49
416,783,1067,ShamAY0035035,2063,823,1096,179,73
417,326,478,Sham19Y0013577,3551,25,187,95,64
417,36,816,Shamela0006228,87,936,1468,238,32
417,816,1506,Shamela0006228,88,17,518,265,43
417,318,478,Sham19Y0014325,1864,1147,1301,86,63
417,746,1466,Shamela0011577,46,98,760,318,49
418,410,599,Shia004039,196,112,269,119,78
418,373,599,JK000990,73,862,1072,166,92
418,376,607,JK005004,671,204,396,145,79
418,393,599,Shamela0023361,342,476,660,129,76
418,402,551,Shamela0023361,349,640,789,90,64
418,410,572,Shamela0005963,672,13,147,99,72
418,373,607,Shia001414,112,492,708,148,74
418,402,599,JK006970,44,510,680,125,78
418,402,599,Sham19Y0032181,248,1,201,157,98
418,367,599,Shamela0029878BK1,229,393,621,181,98
418,356,599,Shamela0008540,2134,781,1003,170,87
418,376,599,Shamela0010657,707,1032,1241,164,92
418,783,1562,Shamela0006228,79,1,800,579,87
418,367,619,Shamela0006061,8,545,761,159,79
418,376,599,ShamAY0034138,597,117,320,158,89
418,352,599,JK000995,579,86,495,170,52
418,367,633,JK000985,110,1219,1476,192,92
418,410,599,Shia002943,32,1270,1436,123,77
418,367,599,Shamela0007349,258,1271,1477,164,88
419,1,279,Shamela0006228,79,805,1058,171,71
419,271,475,Shamela0006228,80,488,813,146,56
420,345,679,Shia000033Vols,198,911,1487,128,23
420,396,786,JK000291,287,295,1280,230,29
420,400,790,Sham19Y0019230,87,148,530,205,58
420,304,679,Shamela0035120,42,10,299,178,55
420,273,1047,JK000303,35,450,1478,448,49
420,1092,1498,JK000303,36,141,680,179,32
420,273,786,Sham19Y0013223,1802,1004,1450,265,62
420,327,664,Shamela0001066,116,889,1203,201,69
420,411,597,ShamIbadiyya0000229,2335,713,1327,96,19
420,327,794,Sham19Y0020699,405,464,909,236,55
420,273,786,Shamela0006140,184,1182,1485,205,51
420,411,786,Shamela0009973,243,7,483,161,40
420,278,798,Shamela0021516,20,22,359,182,43
420,454,679,Shamela0021693,426,814,1074,107,45
420,273,786,Shamela0011370,9,44,338,206,51
420,454,679,Sham19Y0013785,191,695,1019,148,54
420,327,786,JK000787BK1,45,284,716,225,53
420,454,786,Shamela0021642,795,304,1120,157,23
420,327,786,Shamela0010664,35,800,1071,197,54
420,153,679,Shamela0007460,33,1029,1528,225,49
420,411,601,Shia000057Vols,64,744,1002,101,44
420,454,651,Sham19Y0019228,929,1305,1477,124,76
420,415,601,Shia000109Vols,544,362,621,90,39
420,368,786,Shamela0012293,4167,1,336,194,55
420,209,786,Sham19Y0147661,21,123,546,267,57
420,327,537,ShamAY0034269,122,957,1453,151,38
420,537,786,ShamAY0034269,123,7,312,140,54
420,327,906,Shamela0008381,2087,824,1400,262,47
420,269,786,JK000272,264,525,973,304,69
420,327,807,Shia000048,80,906,1379,264,59
420,327,943,Sham19Y0026094,76,580,1452,298,39
420,327,580,Shamela0001685,175,879,1503,158,31
420,396,786,Shamela0096876,130,630,1185,207,44
420,327,786,Sham19Y0147311,86,501,754,183,50
420,327,664,ShamAY0033176,275,594,947,197,65
420,327,786,Sham19Y0147656,29,567,898,224,59
420,327,906,Shia000049Vols,336,614,1417,252,33
420,415,601,JK000244,184,748,933,107,57
420,415,597,Shia000043Vols,152,381,745,110,37
420,251,782,Shamela0037344,51,590,1455,332,46
420,454,909,Kraken220311165336,274,105,848,169,23
420,327,807,Shia004622,74,34,503,258,57
420,327,664,Shia000065,111,966,1522,218,48
420,411,537,Shia000089Vols,890,1171,1437,78,37
420,327,642,Kraken220413202218,123,1043,1550,217,54
420,1092,1283,Kraken220413202218,124,210,528,111,45
420,327,786,JK006883,27,810,1214,232,58
420,269,786,Shia000841Vols,2542,1019,1467,304,69
420,266,786,Sham19Y0127703,291,5,344,209,50
421,528,935,JK000303,37,16,503,291,71
421,810,935,Sham19Y0026094,81,1327,1530,87,50
422,1492,1720,Shamela0021721,2804,673,916,152,72
423,193,654,Sham19Y0095660,1120,500,1196,284,45
423,676,1006,Shia002185Vols,2890,542,884,132,38
423,213,685,Sham19Y0016934,4980,1,794,222,34
423,807,1006,ShamIbadiyya0000760,983,54,299,99,47
423,676,1006,Shamela0007853,170,1099,1459,137,38
423,385,685,ShamAY0034249,4475,9,336,124,45
423,1,535,Shamela0021721,2804,933,1593,424,78
423,535,1026,Shamela0021721,2805,1,500,388,96
423,193,998,Shia000841Vols,7215,776,1579,622,92
424,279,817,ShamAY0034251BK3,1960,339,1271,200,22
425,1204,1392,Sham19Y0132962,1039,688,1091,116,33
425,470,1469,Shamela0011444BK1,142,843,1584,482,57
426,226,431,Sham19Y0032197,527,86,405,101,37
426,45,210,Sham19Y0013577,3652,327,784,115,31
426,45,431,JK001244,361,659,1115,183,46
426,610,1080,JK001244,362,15,710,235,37
426,226,431,Shamela0006136,472,850,1157,86,34
426,45,1589,Shamela0011444BK1,143,250,1445,621,45
427,1112,1555,JK001244,364,695,1542,240,33
427,1157,1292,Sham19Y0013783,2220,1,128,66,56
427,1092,1334,Sham19Y0132962,1055,78,319,140,63
427,1238,1469,Sham19Y0132962,1056,25,263,130,60
427,116,1559,Shamela0011444BK1,144,1,1242,720,56
429,1083,1334,Shamela0023632,109,454,719,146,59
429,516,649,Sham19Y0013577,3703,145,588,81,22
429,25,355,JK001244,367,99,611,133,29
429,1153,1342,Sham19Y0013783,1883,1290,1506,138,74
429,25,297,Sham19Y0013783,2237,220,491,106,38
429,1083,1342,Shia002616Vols,227,1241,1549,170,66
429,15,167,Sham19Y0127671,1211,436,892,74,21
429,1083,1342,JK009266,259,1084,1390,200,78
429,15,167,Shamela0021843,2532,293,736,94,26
429,19,394,Shamela0011444BK1,145,878,1188,143,47
430,901,1121,Shamela0021766,3125,951,1188,168,87
430,208,400,Shamela0006228,224,1314,1517,105,55
430,982,1121,Sham19Y0021525,1138,983,1118,107,97
430,993,1121,Shamela0021719,268,983,1390,96,29
431,158,279,Shamela0000427BK2,2798,626,759,93,88
431,146,292,Shamela0021766,390,1224,1367,101,83
431,637,875,Sham19Y0014324,441,33,315,146,56
431,5,316,Sham19Y0016934,5012,1139,1509,131,38
431,66,393,ShamAY0034249,4510,142,448,138,46
432,633,835,Sham19Y0127713,986,28,227,146,87
434,341,597,Sham19Y0127713,974,11,231,149,73
434,962,1091,Shamela0021599,2722,730,875,97,84
435,971,1440,Sham19Y0032197,531,702,978,120,30
435,1011,1304,Sham19Y0013577,3712,1126,1577,84,20
435,971,1440,Shamela0021848BK1,1439,627,913,116,28
435,605,792,Sham20Y0021786,384,525,683,106,68
435,1007,1304,ShamAY0034251BK3,2014,878,1326,87,20
435,1,587,Shamela0006228,228,876,1498,251,43
435,630,961,Shamela0006228,229,1,438,241,68
435,1011,1409,Shamela0006136,475,1397,1587,87,26
435,623,860,Sham19Y0014245,352,370,590,116,51
435,967,1457,Shamela0011444BK1,146,137,537,239,56
436,665,1027,Sham19Y0019230,261,435,760,93,22
436,1382,1523,Sham19Y0013577,3728,1115,1409,72,32
436,883,1027,Shia001764Vols,1414,748,1272,60,12
436,888,1457,JK009266,2596,987,1178,79,16
436,883,1027,ShamAY0033531,1600,316,841,60,12
437,459,722,Shamela0001673,419,560,858,136,55
437,574,712,ShamAY0034068,2642,1198,1385,77,44
437,5,218,Sham19Y0016946,625,1119,1319,129,70
437,574,734,Sham19Y0023590,4614,494,650,81,58
437,459,851,Sham19Y0020881,50,495,733,130,38
437,574,712,Shamela0023628,2841,916,1104,77,44
437,5,218,Sham19Y0016934,4981,838,1041,146,84
437,29,254,Sham19Y0016934,4983,145,802,159,30
437,459,734,Shamela0021715,7436,990,1286,109,45
437,567,712,Shamela0023591,5631,122,347,96,48
437,5,218,Shia000828,291,471,671,150,87
437,459,851,Shamela0002331,555,626,864,130,38
437,580,734,Zaydiyya0000131,174,624,819,87,48
437,574,847,ShamAY0033108,1426,465,740,98,39
437,465,712,Shamela0030741,137,158,765,108,21
437,567,712,Tafsir10066,1395,614,809,97,55
437,574,847,Tafsir02091,1668,75,350,98,39
437,598,847,ShamAY0033731,135,870,1145,109,52
437,574,734,Shamela0005756,11846,150,324,83,54
437,5,218,ShamAY0034249,4476,524,724,150,87
437,5,305,Shamela0021721,2816,297,600,214,85
437,336,930,Shamela0021721,2819,1,968,455,59
437,465,712,ShamAY0034434,235,6,295,102,41
437,574,712,ShamAY0034059,4944,124,348,74,36
437,451,712,Sham19Y0014404,1188,1099,1453,103,34
437,5,305,Shia000841Vols,7228,715,1016,209,84
437,309,451,Shia000841Vols,7230,1339,1473,104,94
437,459,823,Shia000841Vols,7231,199,574,266,84
438,83,422,ShamAY0034251BK3,2029,14,533,84,15
439,565,1090,JK000168,99,353,881,424,98
439,186,582,JK000168,100,1139,1517,289,89
439,565,796,Sham19Y0014325,5187,1294,1504,172,90
439,796,1090,Sham19Y0014325,5188,1,358,216,71
440,1164,1290,Zaydiyya0000379,507,562,684,81,78
441,1246,1443,Shamela0021766,387,425,998,113,24
441,672,1115,Shamela0006228,235,756,1425,235,40
443,109,630,Sham19Y0013577,3759,491,1224,261,38
443,1420,1567,Sham19Y0013577,3771,590,1061,106,28
443,294,630,ShamAY0034251BK3,2039,811,1160,208,67
444,482,671,Sham19Y0013577,3779,611,803,126,73
445,1208,1477,Masaha001961Vols,1052,394,879,181,44
445,407,644,Sham19Y0013577,3798,671,1089,113,32
445,1319,1477,Shamela0006617,402,1174,1343,123,90
445,1275,1477,Sham19Y0122236,24,637,850,152,87
445,1208,1477,Shamela0023685,238,1038,1395,165,52
445,1213,1477,Shamela0023685,367,799,1073,163,69
445,1208,1477,Shamela0026568,214,452,809,165,52
445,1213,1477,Shamela0026568,345,639,914,160,68
446,1,130,Sham19Y0013783,2285,1460,1589,103,98
446,130,263,Sham19Y0013783,2286,1,152,106,87
446,301,899,Shamela0006228,234,729,1484,427,66
446,306,515,Sham19Y0127713,967,521,721,159,94
446,18,223,Sham19Y0148486,4432,319,645,153,57
446,1,252,Shamela0021623,739,691,993,193,76
446,301,501,Shia002702Vols,1744,1082,1213,98,62
446,18,228,Sham19Y0146127,2383,1017,1347,154,57
446,18,223,Shamela0009059BK1,2129,418,659,132,62
447,269,451,ShamAY0034251BK3,2079,634,1167,121,28
448,693,888,Sham19Y0013577,3857,1347,1545,126,75
448,940,1151,Sham19Y0013577,3858,105,735,148,29
448,733,1127,ShamAY0034251BK3,2091,1039,1518,210,50
448,725,1081,Sham19Y0014325,5416,675,1136,194,50
449,1243,1418,JK000168,101,670,856,136,88
449,1422,1602,Sham19Y0013783,2320,592,760,129,91
449,505,678,Sham19Y0014325,4615,915,1078,102,72
450,1,331,Sham19Y0013783,2320,760,1158,253,77
450,401,973,Shamela0006228,236,912,1522,317,56
450,1087,1472,Shamela0006228,237,1,713,211,37
450,1288,1481,Sham19Y0127713,1041,801,994,156,100
451,622,1004,Shia000070Vols,1809,974,1360,302,94
451,307,585,Shia000043Vols,556,568,781,154,65
451,1,1062,Shamela0021721,2978,535,1645,805,85
451,1069,1572,Shamela0021721,2979,7,505,297,68
451,1,895,Shia000841Vols,7415,880,1630,555,72
451,895,1572,Shia000841Vols,7416,1,612,403,67
452,27,350,Sham19Y0013246,305,805,970,102,38
452,90,322,Shamela0008476,1688,1205,1459,145,69
452,787,1016,ShamAY0034643,11,94,330,163,86
452,787,1005,Sham19Y0013577,3979,1325,1551,154,84
452,787,1081,ShamAY0034637,190,73,508,207,59
452,843,1016,Sham19Y0013783,2385,571,763,121,78
452,38,350,Shamela0008183,1373,1011,1256,115,48
452,787,1081,Sham19Y0014580,127,196,639,210,59
452,38,441,Sham19Y0016546,913,937,1254,133,35
452,787,1060,JK000195,13,596,918,190,73
452,38,350,Shia000017,154,380,544,81,31
452,1,712,Shamela0021721,2979,505,1484,547,69
452,1,769,Shia000841Vols,7416,612,1479,457,54
453,1211,1343,Shamela0001066,564,908,1407,107,26
453,460,763,Shamela0006228,237,925,1316,192,57
454,4,980,Shamela0006228,238,719,1475,496,57
454,188,606,Shamela0006136,484,1160,1303,78,23
454,306,611,ShamIbadiyya0000109,2750,693,945,122,44
454,980,1202,Kraken220314171616,962,639,889,167,83
454,980,1202,Shamela0011444BK1,154,140,391,167,83
455,1314,1502,Sham19Y0019230,867,360,548,155,100
455,1060,1197,Shamela0021766,882,1165,1554,100,31
455,31,1091,Shamela0006228,239,255,1516,607,53
455,1095,1561,Shamela0006228,240,1,540,211,45
455,106,357,Sham19Y0014404,294,864,1323,127,35
456,180,596,Sham19Y0017350,297,736,1127,326,93
456,156,590,JK000201,1748,516,961,319,81
456,180,590,JK000168,103,131,525,329,94
456,199,606,Sham19Y0013605,3810,426,784,203,52
456,180,590,Shia001764Vols,1431,1190,1622,323,85
456,180,590,Shamela0005390,298,883,1268,273,72
456,221,562,Sham19Y0014325,4675,736,1137,194,54
456,180,590,Sham19Y0014224,901,369,791,323,87
456,569,1089,Shamela0021721,3070,302,899,387,79
456,1089,1375,Shamela0021721,3078,1161,1455,223,95
456,1371,1616,Shamela0021721,3079,41,328,187,82
456,618,952,Shia000841Vols,7501,1224,1579,250,85
456,1094,1616,Shia000841Vols,7521,668,1142,318,76
456,199,442,Sham19Y0013769,1485,919,1503,172,34
456,442,590,Sham19Y0013769,1486,1,162,116,80
457,1,766,Shamela0021721,3079,328,1318,594,74
457,766,1317,Shamela0021721,3080,40,1057,411,50
457,1321,1510,Shamela0021721,3081,523,859,137,49
457,1,374,Shia000841Vols,7521,1142,1521,291,93
457,283,945,Shia000841Vols,7522,7,970,483,61
457,949,1251,Shia000841Vols,7525,1253,1483,166,64
458,731,1011,Shamela0001673,5771,934,1175,143,59
458,720,1011,Shia001764Vols,2238,1064,1273,145,63
458,796,1011,JK007054,210,1,159,101,59
458,6,172,Shamela0021721,3081,1154,1330,131,91
458,490,714,Shamela0021721,3095,1,253,180,88
458,439,657,Shia000841Vols,7548,1,373,161,53
472,779,1158,MMS00006,190,1,557,156,30
494,717,1407,Shamela0010283,1815,171,653,260,43
494,470,977,Shamela0001717,3081,227,749,225,44
495,52,612,Shamela0010283,1815,778,1324,210,36
496,656,1197,Shamela0010283,1816,419,790,208,45
503,1218,1442,JK001244,386,1091,1473,153,48
503,1331,1476,Sham19Y0132962,1126,199,345,117,98
503,1218,1476,Sham19Y0020561,834,139,885,183,30
503,1218,1476,Kraken220314171616,960,691,934,170,80
503,1316,1566,Kraken220314171616,961,1,547,188,42
503,1218,1566,Shamela0011444BK1,153,980,1347,238,76
507,1,755,Shamela0001717,3082,525,670,103,16
510,736,1062,Sham19Y0017903,655,960,1385,192,53
510,692,1111,Shia000033Vols,1452,406,888,265,65
510,689,1111,Shamela0000551,1949,807,1375,272,58
510,762,1005,Shamela0000551,1950,1001,1414,143,43
510,626,1281,Shamela0012884,688,167,854,312,48
510,692,1166,Shamela0021495,382,604,1248,276,50
510,739,1141,Sham19Y0014176,557,1,331,215,62
510,762,1111,ShamAY0033910,729,160,573,224,65
510,736,1281,Sham19Y0017729,358,404,961,273,51
510,611,934,Zaydiyya0000054,263,1213,1521,159,50
510,681,1111,Shamela0117359,551,462,1028,277,59
510,692,1281,ShamAY0035950,346,272,1122,293,39
510,617,1111,Sham19Y0020699,1509,1103,1502,241,57
510,729,1281,Tafsir07053,23,407,1098,274,45
510,739,1111,Shamela0010517,2183,286,763,239,60
510,739,1281,Sham19Y0020944,482,525,1125,269,50
510,700,1111,Shia002218Vols,99,1,470,228,55
510,681,1166,Sham19Y0013241,1144,584,1219,301,58
510,681,1281,Sham19Y0013241,1341,654,1387,313,47
510,835,1111,Shamela0007289,9416,1,284,181,73
510,762,1111,JK000130,730,404,817,224,65
510,762,1111,Shamela0005803,263,23,431,225,65
510,762,1111,Shamela0007370,654,1015,1385,201,60
510,689,1062,ShamAY0033522,469,919,1418,228,55
510,762,1111,JK000475,1140,833,1247,224,64
510,766,1111,Shamela0012844,110,59,473,207,59
510,646,1281,ShamAY0034054,399,404,1033,290,50
510,681,1111,Shamela0001442,737,480,1011,274,62
510,617,1111,Shamela0008463,3845,996,1437,252,59
510,617,1111,Sham19Y0019188,4135,886,1319,250,59
510,662,1141,ShamAY0034050,109,185,753,291,59
510,762,1111,Shamela0005815,206,66,460,224,67
510,611,1111,Zaydiyya0000361,701,408,902,282,60
510,692,1166,Shamela0028107,483,568,1174,286,57
510,713,1111,Shamela0021479,223,133,668,250,56
510,689,1166,Shamela0012399,2318,734,1374,287,55
510,818,1042,Shamela0012399,2320,1063,1445,135,44
510,736,1281,Shamela0001875,1223,609,1222,266,50
510,692,1111,Sham19Y0006684,2099,262,825,273,58
510,920,1111,Sham19Y0001734,1639,8,223,140,81
510,854,1111,JK006950,3576,10,243,152,70
510,762,1141,Shia000828,332,1061,1379,206,66
510,692,1281,Shamela0007798,1424,478,1110,265,48
510,854,1111,Sham19Y0014462,192,10,278,169,73
510,762,1121,Shia003732Vols,3878,1007,1415,226,65
510,646,1281,Shamela0023623,415,101,732,293,50
510,641,1111,Sham19Y0014325,4704,505,939,233,52
510,697,1111,Shia000126Vols,737,1018,1566,264,58
510,739,1141,Sham19Y0149697,4582,315,988,193,34
510,681,1011,Sham19Y0148486,4657,1084,1530,207,55
510,762,1111,Shamela0001719,4500,35,448,224,64
510,908,1281,Sham19Y0123510,769,1,460,185,44
510,692,1166,Shia000820Vols,1431,336,950,296,57
510,646,1145,Shia000820Vols,2309,200,837,307,58
510,868,1281,Shia000820Vols,2477,5,445,213,55
510,681,1111,Sham19Y0020591,803,595,1162,277,59
510,681,1166,Shamela0002863,1420,789,1295,222,44
510,617,1111,Shamela0002863,1743,186,896,313,53
510,689,1081,Shia001989,178,895,1375,235,59
510,692,1115,Shamela0008473,718,668,1232,269,57
510,617,1132,Sham19Y0146127,2504,300,774,296,65
510,762,1121,Shia001237Vols,3867,1,267,190,65
510,762,1281,Shamela0025800,861,845,1362,259,56
510,681,1111,Sham19Y0131521,3147,642,1209,277,59
510,762,1111,ShamAY0034249,5158,1272,1569,195,67
510,794,1111,ShamAY0034249,5160,7,320,200,73
510,689,1281,Shia002231Vols,341,494,1145,280,48
510,692,1062,Shamela0025794,5251,933,1438,231,57
510,729,1166,Shia002119Vols,2238,1,591,256,53
510,239,785,Shamela0021721,3096,970,1518,396,84
510,785,1464,Shamela0021721,3097,1,811,521,79
510,736,1086,Masaha001838,74,990,1432,219,59
510,689,1111,Shamela0026440,18,382,949,266,56
510,431,588,Shia000841Vols,7553,1425,1572,117,92
510,1166,1494,Shia000841Vols,7554,179,542,208,67
510,692,1072,Sham19Y0148271,2154,990,1477,239,58
511,629,1134,JK000272,1066,703,1124,233,51
511,1,554,Shamela0021721,3097,936,1499,431,93
511,554,1134,Shamela0021721,3098,1,506,380,78
511,629,1134,Shia000841Vols,7551,460,881,232,52
511,1,1012,Shia000841Vols,7554,542,1529,776,94
512,1421,1538,Shia000841Vols,7550,1095,1507,76,24
513,437,1403,Shamela0006228,242,1,1538,664,53
521,1235,1485,JK000787BK1,599,913,1299,129,34
521,1114,1242,Shamela0008463,3893,613,736,83,79
521,1107,1323,Shamela0021731,894,1244,1487,153,77
521,1291,1598,Shamela0021731,895,22,322,213,83
521,473,993,Shamela0021721,3137,1205,1541,211,47
521,993,1168,Shamela0021721,3138,1,175,107,74
521,1235,1485,Shamela0021619BK2,2123,449,834,129,35
521,501,1168,Shia000841Vols,7610,133,588,314,56
522,182,357,JK006897,437,1,166,124,89
522,151,357,JK000787BK1,599,141,303,122,75
522,135,357,Shamela0008463,3893,49,309,164,79
522,1,367,Shamela0021731,895,322,1003,273,50
522,135,357,JK007083,193,234,540,164,68
522,135,357,Shamela0005756,2038,656,869,157,88
522,61,347,Shamela0021721,3144,182,606,175,52
522,151,357,Shamela0021619BK2,2122,1235,1397,122,75
522,61,347,Shia000841Vols,7626,329,725,173,55
523,216,349,Shamela0021848BK1,1578,34,163,91,85
523,349,620,ShamAY0034251BK3,2288,432,732,191,82
523,216,349,Sham19Y0132962,1183,200,341,74,61
523,210,349,Sham19Y0020561,875,294,417,81,74
523,970,1170,Shamela0006349,50,74,260,104,62
524,460,798,Shamela0006228,243,1222,1558,196,63
524,1,482,Shamela0006228,243,154,544,197,43
524,807,1576,Shamela0006228,244,7,941,417,50
525,1,370,Shamela0006228,244,995,1521,254,57
525,348,1454,Shamela0006228,245,6,1273,705,65
526,20,1573,Shamela0006228,246,21,1482,793,50
526,679,1179,Shamela0006228,247,961,1592,184,27
527,79,1190,Shamela0006228,247,22,1592,514,34
527,1099,1304,Shamela0006228,248,92,305,154,88
527,1113,1304,Sham19Y0014325,4920,488,643,108,70
527,1113,1291,Sham19Y0147104,249,481,620,101,72
528,1,970,Shamela0006228,248,315,1392,595,59
528,1146,1303,Sham19Y0006534,186,575,846,80,35
529,1129,1301,Shamela0006289,113,646,836,105,65
529,1121,1438,Shamela0008634,667,555,932,199,63
530,919,1031,Sham19Y0013577,4418,799,928,82,82
530,919,1037,ShamAY0034251BK3,2383,382,513,89,87
530,312,533,ShamAY0034251BK3,2389,622,866,169,86
530,1045,1233,Shamela0008634,666,14,225,131,76
530,559,1063,Shamela0008634,667,7,601,345,73
531,154,470,Sham19Y0013577,4356,1120,1461,167,51
531,866,1334,Shamela0006739,387,60,635,155,30
531,286,508,Rafed001344,253,904,1266,133,45
531,154,544,ShamAY0034251BK3,2345,625,1032,157,38
531,453,626,ShamAY0034251BK3,2390,45,254,116,66
531,154,665,Shamela0006289,163,373,908,283,55
531,270,457,Shamela0008634,593,124,314,134,88
531,286,686,Shamela0006280,90,876,1299,305,91
540,766,941,Shamela0021721,3181,30,208,136,94
541,1236,1542,Sham19Y0013577,4385,569,1012,142,32
541,93,402,Shamela0011444BK2,2623,1010,1310,71,17
541,1236,1386,Sham19Y0013783,2547,595,841,109,55
541,1,715,ShamAY0034251BK3,2364,32,289,143,23
541,15,311,Sham19Y0014580,2321,1,290,220,89
541,357,582,Sham19Y0014580,2322,649,1032,161,51
541,1236,1416,Sham19Y0132962,1218,1224,1461,119,58
541,1236,1416,Sham19Y0020561,900,1183,1439,122,58
541,1236,1457,Sham19Y0014325,4858,1075,1508,164,47
541,1457,1600,Sham19Y0014325,4859,1,229,110,61
541,1,707,Shamela0021719,368,1366,1605,133,21
542,746,1088,Sham19Y0013577,4385,960,1481,168,35
542,947,1088,Shamela0011444BK2,2623,359,671,100,36
542,872,1088,Sham19Y0014580,2321,689,941,167,77
542,5,239,Sham19Y0014325,4859,243,475,152,77
542,233,814,Sham19Y0014325,4859,703,1519,319,47
543,1082,1364,Shamela0008476,1811,221,440,125,47
543,1090,1364,JK009408,2396,54,299,163,68
543,1153,1355,JK000272,1092,1318,1536,154,88
543,1153,1364,Sham19Y0123510,779,267,569,156,64
543,1118,1345,Sham19Y0146127,2534,835,1042,142,73
543,416,963,Shamela0021721,3264,980,1629,411,75
543,963,1409,Shamela0021721,3265,8,479,355,93
543,1153,1355,Shamela0021721,3405,1138,1438,154,64
543,1153,1355,Shamela0021721,4463,443,682,151,77
543,1035,1355,Shia000841Vols,7636,1076,1445,117,27
543,462,599,Shia000841Vols,7817,1377,1507,105,94
543,594,1409,Shia000841Vols,7818,47,848,622,91
544,355,843,Shamela0006228,249,10,577,280,54
547,361,887,Shamela0021721,3281,9,632,398,79
548,1276,1529,Shamela0021766,362,1229,1500,165,71
548,903,1529,Shamela0006228,250,9,697,335,52
549,79,368,Shamela0021766,363,1,200,125,51
549,1,474,Shamela0006228,250,697,1544,278,39
553,1225,1563,Rafed0002905Vols,8524,739,915,135,50
553,1316,1600,Sham19Y0017903,661,1,162,125,54
553,949,1607,Shia000033Vols,1617,423,1063,211,30
553,1228,1600,Shamela0005922,2429,1186,1423,181,60
553,1228,1612,Shamela0021743,477,775,1017,176,55
553,1228,1612,Shamela0021743,1277,149,414,184,58
553,1228,1612,Shamela0006610,815,771,1009,162,49
553,1268,1579,ShamAY0034073,5210,11,212,142,55
553,1262,1539,Sham19Y0014601,3506,972,1215,120,40
553,1225,1612,Sham19Y0014601,3507,233,974,178,26
553,1225,1612,Shamela0117359,549,542,802,189,59
553,1228,1612,Shia001395Vols,402,1177,1436,149,42
553,1228,1612,Shamela0010517,2199,1108,1346,181,58
553,1225,1600,Shamela0000427BK2,3331,723,926,149,50
553,1301,1612,Sham19Y0020944,481,1,201,144,55
553,1228,1600,JK000299,1962,336,569,179,60
553,1225,1563,Shamela0021744,2280,385,587,154,56
553,1228,1600,Shamela0036446,515,908,1112,158,53
553,1220,1612,Shamela0021766,4379,1124,1366,181,56
553,1316,1600,ShamAY0036736,312,989,1124,73,30
553,938,1612,Shamela0008463,4143,15,388,236,42
553,669,1612,Sham19Y0019188,4450,172,932,355,38
553,1294,1600,Shamela0023628,3383,1,184,143,58
553,1225,1612,Shamela0005815,5,772,1023,189,60
553,1225,1600,Sham19Y0014313,1529,44,279,183,61
553,1294,1612,Sham19Y0018259,360,1,198,149,57
553,1228,1600,Shamela0009978,56,80,312,181,60
553,965,1584,Sham19Y0016934,5929,1190,1549,236,46
553,1109,1600,JK000272,1162,296,711,271,61
553,1225,1612,Shamela0001875,1228,1128,1375,186,59
553,723,1000,Sham19Y0006538,282,883,1161,120,44
553,1225,1600,Sham19Y0020561,1679,827,1078,183,61
553,1225,1617,Shia001913Vols,503,67,320,186,58
553,1225,1617,Shia003732Vols,3879,846,1148,134,36
553,1228,1612,Sham19Y0013667,6043,4,227,166,54
553,1228,1612,ShamAY0033181,836,927,1137,148,47
553,1228,1612,Shia000126Vols,743,91,387,138,35
553,1273,1600,Sham19Y0149697,5047,716,1054,153,51
553,1225,1600,Sham19Y0148486,4790,550,791,182,60
553,1287,1612,Sham19Y0020591,800,1192,1406,155,57
553,1225,1612,Shamela0002215BK1,27,367,605,154,48
553,1103,1617,Shamela0021731,958,917,1232,226,53
553,1228,1600,Shia002901Vols,942,423,677,180,57
553,1316,1600,Shia001989,177,1097,1271,99,40
553,1225,1563,Sham19Y0146127,2580,383,533,116,43
553,1225,1600,Sham19Y0131336,1325,636,876,182,60
553,1228,1600,Tafsir09085,713,50,255,157,53
553,960,1600,Sham19Y0014827,611,742,1152,270,53
553,1495,1612,Shia001237Vols,3868,1,164,89,68
553,977,1600,Sham19Y0018607,1894,498,1069,285,45
553,1220,1612,Shamela0025800,2093,1043,1320,190,59
553,1445,1612,Sham19Y0131521,3129,11,168,116,84
553,675,1127,Shamela0021721,3322,1194,1578,273,73
553,1220,1617,Shamela0021721,3323,36,454,310,93
553,1225,1612,Sham19Y0014309,512,526,776,190,61
553,1225,1612,Sham19Y0011194,151,201,457,190,60
553,1306,1600,Shamela0005744,15,359,519,97,41
553,1109,1612,Shia000841Vols,7922,343,761,252,56
553,1225,1600,Shamela0008176,4200,955,1191,182,60
553,1228,1612,Shamela0009242,2933,331,581,183,58
553,1228,1612,Shamela0009242,2934,247,497,183,58
554,25,278,Rafed0002905Vols,8524,920,1178,184,86
554,363,499,Rafed0002905Vols,8525,674,990,101,40
554,6,1028,Zaydiyya0000010,322,22,900,557,62
554,679,1122,Zaydiyya0000010,476,632,986,152,43
554,25,292,Sham19Y0017903,661,212,495,197,86
554,854,1122,Sham19Y0017903,661,868,1138,166,73
554,689,983,Shamela0001673,3759,180,410,179,76
554,6,489,Shia000033Vols,1617,1096,1488,234,60
554,493,1290,Shia000033Vols,1618,1,748,472,67
554,1177,1410,JK000291,594,880,1318,72,18
554,679,1158,Shamela0012884,4921,778,1393,283,52
554,727,914,Zaydiyya0000570BK3,1594,1036,1280,123,57
554,20,155,Zaydiyya0000570BK3,1594,783,927,102,90
554,56,292,Shamela0005922,2430,1,252,177,87
554,108,794,Shamela0005922,2432,692,1464,366,57
554,794,1158,Shamela0005922,2433,1,385,274,87
554,345,623,Shamela0006206,44,902,1442,189,44
554,727,1158,Shamela0006206,45,346,773,272,69
554,6,274,Shamela0021743,477,1002,1286,196,87
554,6,274,Shamela0021743,1277,399,694,195,83
554,858,1158,Shamela0021743,1280,131,327,120,47
554,736,1158,Shamela0006610,814,767,1198,242,62
554,1,274,Shamela0006610,815,989,1283,196,83
554,340,872,ShamAY0034073,5208,808,1497,388,68
554,872,1158,ShamAY0034073,5209,1,315,214,82
554,1,292,ShamAY0034073,5210,203,507,208,84
554,731,1158,Sham19Y0018611,295,573,969,259,69
554,864,1158,Shamela0021809,1073,173,352,115,49
554,388,564,Sham19Y0014601,3504,7,201,131,83
554,467,872,Sham19Y0014601,3504,720,1304,303,63
554,589,1158,Sham19Y0014601,3505,30,739,339,50
554,25,193,Sham19Y0014601,3507,974,1163,131,88
554,1,292,Sham19Y0014601,3508,219,776,208,47
554,6,1122,Zaydiyya0000054,280,161,1119,588,60
554,345,808,Shamela0117359,548,845,1440,346,71
554,808,1158,Shamela0117359,549,1,361,267,90
554,62,1158,Shia001395Vols,403,1,1001,605,64
554,741,1158,JK000221,597,318,740,227,59
554,164,1158,Shamela0010517,2200,1,859,459,49
554,15,292,Shamela0000427BK2,3331,955,1229,178,76
554,345,1158,Sham19Y0020944,480,246,1187,615,79
554,6,292,Sham19Y0020944,481,186,487,205,83
554,345,569,Sham19Y0013577,7961,710,931,153,87
554,6,292,JK000299,1962,576,886,206,82
554,1,292,Shamela0021744,2280,963,1276,207,81
554,847,1035,Shamela0021744,2308,761,962,139,84
554,679,1158,Shamela0003485,148,394,1009,285,53
554,360,727,Shamela0003485,281,1103,1492,275,87
554,679,1158,Shamela0003485,282,13,510,349,85
554,462,1158,Tafsir06049,6293,5,767,467,70
554,345,604,JK010001,2849,610,910,194,80
554,119,274,JK010001,2869,625,800,94,68
554,363,1158,Shamela0036446,515,21,890,538,71
554,736,1158,Shamela0005803,75,86,563,256,61
554,345,1158,Shamela0023594,1969,210,874,441,66
554,360,652,Zaydiyya0000267,606,287,485,124,56
554,6,950,Zaydiyya0000267,1113,661,1509,546,66
554,675,1122,Zaydiyya0000267,1625,322,675,160,45
554,15,255,JK005200,940,1243,1505,161,72
554,345,1035,Shamela0007370,2769,361,815,300,50
554,847,1035,Shamela0021766,1357,678,879,139,84
554,124,278,Shamela0021766,4380,1,208,117,72
554,741,1158,Shia000204Vols,434,426,858,231,59
554,25,155,Zaydiyya0000149,161,1308,1444,98,91
554,741,1128,Shamela0010657,1112,1064,1459,214,59
554,679,1158,ShamAY0034054,3959,37,652,286,53
554,345,708,Sham19Y0036114,465,591,957,216,67
554,761,1158,Sham19Y0036114,466,10,401,279,83
554,345,1158,Shamela0001442,734,121,1118,610,75
554,1,292,Shamela0001442,735,919,1267,221,78
554,25,978,Shamela0008463,4143,388,1488,727,81
554,978,1158,Shamela0008463,4144,1,185,145,97
554,164,274,Shamela0008463,4177,664,779,85,93
554,6,278,Shamela0021713,1495,349,634,201,87
554,633,1158,Shamela0021713,1495,733,1295,357,74
554,25,553,Sham19Y0019188,4450,932,1518,395,84
554,553,1166,Sham19Y0019188,4451,1,909,471,63
554,164,274,Sham19Y0019188,4507,1046,1158,83,91
554,345,652,Shamela0007891,1502,74,345,180,71
554,360,1158,Shamela0023628,3382,299,1233,602,79
554,25,274,Shamela0023628,3383,198,465,190,90
554,25,274,Shamela0005815,5,1023,1297,191,89
554,345,1028,JK009408,1011,585,1332,378,54
554,6,1028,Zaydiyya0000361,733,495,1393,557,60
554,363,736,Zaydiyya0000361,734,92,386,196,60
554,741,1158,Sham19Y0037618,2523,1007,1443,226,60
554,345,708,Shamela0023100,313,885,1303,245,69
554,722,1158,Shamela0023100,314,67,544,309,76
554,854,1035,Sham19Y0018259,359,1205,1397,138,87
554,25,274,Sham19Y0018259,360,198,472,191,89
554,689,1028,Sham19Y0017768,2307,982,1283,194,70
554,25,479,Zaydiyya0000274,640,964,1443,286,73
554,479,1041,Zaydiyya0000274,641,1,525,354,77
554,345,817,Sham19Y0016934,5930,887,1487,353,72
554,25,340,Sham19Y0016934,5930,38,442,236,73
554,821,1158,Sham19Y0016934,5931,6,359,254,87
554,679,1158,Shamela0037458,4341,99,714,286,53
554,6,274,Masaha001946Vols,474,947,1242,207,88
554,363,736,JK000272,1158,1000,1282,199,63
554,1,278,JK000272,1162,722,1018,200,86
554,360,1158,Shamela0001875,1227,532,1458,599,79
554,108,310,Shamela0001875,1229,1,208,138,81
554,363,888,Sham19Y0022884,228,847,1231,278,65
554,6,292,Sham19Y0022884,229,99,399,204,83
554,623,1158,ShamAY0031687,851,145,887,299,45
554,30,274,Sham19Y0020561,1679,1095,1293,138,68
554,1,292,Shia001913Vols,503,377,754,207,68
554,1,274,Shia003732Vols,3879,1148,1435,206,88
554,360,1158,Shia003732Vols,3880,350,1303,595,76
554,30,310,Sham19Y0013667,6043,233,599,213,72
554,731,1158,ShamAY0034282,2148,6,445,250,63
554,340,930,Shamela0000041,2538,865,1443,317,55
554,794,1158,Shamela0023623,4106,1,368,219,67
554,352,1158,Shamela0003722,2539,1,1081,559,62
554,1,226,Shamela0003722,6857,552,854,142,60
554,15,278,ShamAY0033181,836,1137,1419,182,79
554,6,1077,Shia000126Vols,743,393,1486,698,72
554,474,1158,Sham19Y0017798,1668,412,1046,412,64
554,146,274,Sham19Y0017798,1669,1,134,93,86
554,15,292,Shamela0011428,1297,134,416,187,79
554,6,226,Sham19Y0148486,4786,1166,1464,141,59
554,25,292,Sham19Y0148486,4790,791,1070,199,87
554,345,1035,Sham19Y0016546,1035,360,866,374,67
554,679,1158,Shia003461Vols,236,603,1123,255,52
554,75,274,Shia003461Vols,873,402,623,151,86
554,345,1117,Shamela0029703,6,440,1457,514,60
554,345,647,Sham19Y0020591,799,824,1167,228,83
554,647,1158,Sham19Y0020591,800,131,736,387,77
554,83,292,Sham19Y0020591,801,1,226,155,85
554,30,274,Shamela0002215BK1,27,611,876,186,89
554,474,736,Shamela0021731,955,1318,1482,120,54
554,1,135,Shamela0021731,958,1232,1373,103,92
554,1,292,Shia002901Vols,942,697,981,191,78
554,741,1158,Shamela0008473,4680,998,1417,230,60
554,345,652,Tafsir07055,2971,659,1005,210,75
554,164,274,Tafsir07055,2991,1170,1286,85,93
554,580,1122,Sham19Y0146127,2574,155,648,209,40
554,30,226,Sham19Y0146127,2578,9,256,123,62
554,569,1072,Sham19Y0146127,2579,720,1399,259,42
554,25,292,Sham19Y0146127,2580,537,786,174,78
554,30,292,Sham19Y0133369,310,1072,1346,190,85
554,25,292,Sham19Y0131336,1325,876,1161,200,87
554,25,292,Tafsir09085,713,269,548,201,89
554,467,1158,Tafsir09085,717,6,749,471,72
554,741,1158,Shamela0022848,347,93,498,229,60
554,433,1218,Shia001237Vols,3869,1,902,476,61
554,345,569,Sham19Y0123608,936,1226,1447,153,87
554,363,950,Shamela0025800,2091,726,1454,427,72
554,950,1158,Shamela0025800,2092,1,214,160,91
554,6,164,Shamela0025800,2093,1305,1469,112,85
554,164,292,Shamela0025800,2094,8,133,94,90
554,684,983,Shamela0005756,6780,143,379,180,75
554,345,1158,Sham19Y0131521,3128,241,1190,615,79
554,25,292,Sham19Y0131521,3129,168,453,201,87
554,333,1021,ShamAY0034249,5619,259,839,298,52
554,741,1158,Shamela0025794,2970,643,1070,227,60
554,345,888,Shamela0025794,4509,801,1201,257,57
554,1,226,Shamela0001733,4889,430,737,141,59
554,858,1158,Shia000317Vols,11799,27,217,118,49
554,30,255,Shamela0021739,622,298,528,161,83
554,1,1009,Shamela0021721,3323,454,1495,790,95
554,1013,1325,Shamela0021721,3324,7,381,243,81
554,25,292,Sham19Y0014309,512,776,1059,203,88
554,360,1158,Sham19Y0011194,150,419,1354,588,76
554,25,292,Sham19Y0011194,151,457,737,202,89
554,10,213,Shamela0021821,1829,947,1205,109,53
554,429,1035,Sham19Y0020891,6248,940,1401,329,66
554,363,736,Shia000841Vols,7906,1156,1432,192,61
554,741,1158,Shia000841Vols,7908,341,776,231,59
554,6,278,Shia000841Vols,7922,741,1034,201,88
554,379,564,Sham19Y0017747,1690,999,1181,128,87
554,679,1158,Shamela0021481,200,784,1407,275,50
554,1,248,Shamela0008176,4200,1202,1499,176,75
554,741,1158,Shamela0009242,2928,570,1001,235,61
554,6,274,Shamela0009242,2933,566,858,197,85
554,6,274,Shamela0009242,2934,482,774,197,85
554,363,623,Shamela0021605,441,1194,1482,142,60
554,741,1158,Sham19Y0148271,734,232,648,229,60
555,1026,1566,Shamela0006228,251,415,1020,377,74
556,1,863,Shamela0006228,251,1020,1500,310,42
556,448,1573,Shamela0006228,252,1,1331,696,58
556,1,530,Zaydiyya0000379,205,82,568,323,72
557,179,407,Shamela0006228,253,1,366,153,50
558,1161,1562,Shamela0021848BK1,1672,651,1176,131,25
558,1059,1353,Shamela0021721,3371,1,223,167,68
558,1361,1589,Shamela0021721,3373,40,355,174,68
559,162,486,Zaydiyya0000054,283,1,452,214,59
559,76,459,Sham19Y0017104,656,1042,1418,192,55
559,141,376,JK000221,600,501,904,156,49
559,162,452,ShamIbadiyya0000438,756,472,760,158,66
559,122,486,Shamela0023594,1323,60,470,141,36
559,51,413,Sham19Y0023644,1395,77,655,222,47
559,141,376,Shamela0010657,1117,434,830,156,48
559,122,495,ShamAY0036736,249,865,1410,137,27
559,945,1233,Shamela0008463,4228,56,289,149,62
559,162,413,Shamela0023628,2570,1005,1455,172,47
559,116,486,Zaydiyya0000361,740,121,656,235,55
559,213,486,Sham19Y0017885,1819,99,423,181,67
559,126,376,Shamela0026047,88,338,827,164,41
559,945,1193,JK000272,1170,1229,1531,174,69
559,154,486,JK000272,1171,866,1450,233,49
559,158,486,JK000272,1188,699,1036,210,75
559,116,376,Sham19Y0022884,230,542,869,172,64
559,171,408,Shia002382Vols,1269,750,1099,151,53
559,162,413,Shamela0000041,1775,656,1094,173,48
559,1000,1150,JK007128,177,1238,1387,84,58
559,136,376,Sham19Y0016546,1042,75,343,156,71
559,162,338,Shamela0002863,1821,1137,1477,133,49
559,162,413,Shamela0013048,206,516,973,174,46
559,162,444,Tafsir09084,1679,564,1037,183,48
559,162,418,Shia002901Vols,993,923,1359,172,48
559,1,376,Sham19Y0146127,2582,1019,1444,197,49
559,162,382,Sham19Y0017437,1391,438,833,153,47
559,162,413,Sham19Y0131521,3170,260,712,173,47
559,349,1454,Shamela0021721,3371,119,1142,719,78
559,162,452,Shamela0021721,3372,1251,1572,225,88
559,158,486,Shamela0021721,3413,1062,1414,235,82
559,802,1018,Shia000841Vols,7626,77,310,96,40
559,945,1221,Shia000841Vols,7940,1090,1420,192,70
559,491,1319,Shia000841Vols,7943,270,943,450,62
559,154,486,Shia000841Vols,7944,342,926,233,49
559,198,486,Shia000841Vols,7947,8,297,227,98
559,162,376,Shamela0023614,1498,372,710,153,56
559,162,413,Sham19Y0148271,999,4,445,170,47
560,581,1304,Shamela0006228,253,392,1454,380,39
560,701,913,Noorlib38975Vols,52,960,1168,88,46
560,1,274,Shamela0021721,3371,1142,1423,215,96
560,5,274,Shia000841Vols,7943,1006,1282,208,94
561,100,1563,Shamela0006228,254,250,1454,634,45
561,894,1290,Sham19Y0014467,183,712,1285,198,37
562,766,1373,Sham19Y0014467,187,876,1464,347,65
563,124,547,ShamAY0034198,283,149,625,318,80
563,128,547,Sham19Y0018192,476,400,837,285,75
563,142,324,Sham19Y0017811,203,1,193,130,81
563,238,547,Sham19Y0013577,7989,109,381,190,73
563,128,420,Kraken21033110,582,1216,1494,166,66
563,128,547,Kraken210415084119,246,39,466,295,82
564,812,1007,Sham19Y0013785,725,617,834,102,49
564,794,1035,JK000115,93,247,501,122,50
564,807,1007,Sham19Y0147064,139,836,1004,94,55
564,812,1007,ShamAY0034269,384,530,749,104,50
564,812,1007,Shamela0096876,411,185,591,100,28
564,807,1007,Shamela0011230,77,103,273,95,55
564,807,1007,Sham19Y0017500,77,1210,1380,95,55
564,807,1007,Sham19Y0017437,1402,829,1098,90,38
564,807,1007,Shamela0007360,871,1100,1372,91,38
564,807,1007,Shamela0021619BK2,2298,140,449,96,36
564,812,1035,Sham19Y0147658,425,893,1081,105,55
564,812,1007,Sham19Y0014386,79,489,656,94,56
565,31,524,Shamela0010283,1822,825,1429,309,61
565,818,1238,JK000272,1218,901,1283,222,63
565,609,1357,Shamela0021721,3499,68,885,554,82
566,1,188,Shamela0021721,3500,553,752,150,92
567,198,388,Sham19Y0013577,4714,432,811,129,42
567,843,1224,Sham19Y0013577,4719,95,1019,242,32
568,5,223,Sham19Y0013577,4725,599,1519,149,19
568,382,618,Sham19Y0013577,4729,1,256,152,70
568,943,1128,Sham19Y0013577,4731,1026,1252,120,65
568,1140,1428,Sham19Y0013577,4732,91,803,155,26
568,5,223,ShamAY0034251BK3,2532,727,1477,143,23
569,999,1392,Sham19Y0013577,4753,303,1244,244,32
569,970,1392,ShamAY0034251BK3,2547,1030,1583,228,49
569,209,371,Sham19Y0014580,2428,708,837,97,75
570,650,880,Sham19Y0013577,4758,246,629,156,51
570,643,880,ShamAY0034251BK3,2549,593,806,114,58
570,1211,1597,Shamela0006228,257,105,773,264,47
570,576,867,Sham19Y0020561,945,118,594,145,34
571,117,512,Shamela0006228,257,765,1075,175,44
571,651,1580,Shamela0006228,258,7,1065,590,62
572,1,206,Shamela0021766,4053,266,574,164,64
572,1113,1287,Shamela0006228,256,1377,1546,136,95
572,1,398,Shamela0006228,258,1065,1498,253,64
575,687,903,Sham19Y0019230,400,77,441,126,41
576,372,596,Zaydiyya0000379,497,38,241,154,80
577,13,260,ShamAY0034198,282,140,689,189,43
577,1,230,Sham19Y0018192,475,1260,1486,160,86
577,1,105,Sham19Y0017811,202,621,727,81,97
577,333,584,Sham19Y0013577,4806,1155,1439,168,73
577,88,243,Sham19Y0013577,8025,1339,1482,108,84
577,6,207,Kraken21033110,582,400,642,135,69
577,333,584,ShamAY0034251BK3,2572,379,655,178,79
577,1,230,Kraken210415084119,245,879,1106,163,88
578,1244,1463,Shia000033Vols,1755,1,237,155,85
578,1291,1539,Shamela0021495,360,5,264,139,69
578,1124,1539,ShamAY0035950,397,263,737,191,46
578,1278,1463,Shia001395Vols,376,135,336,129,83
578,1144,1463,Sham19Y0017063,725,70,427,161,49
578,1221,1539,Sham19Y0122257,1917,968,1268,154,64
578,1212,1463,Zaydiyya0000353,58,340,650,150,61
578,1291,1463,Sham19Y0013241,1437,1243,1435,116,75
578,1026,1539,Shamela0021766,888,548,1058,232,48
578,1298,1463,Shia000026Vols,1062,1038,1219,114,81
578,1212,1463,Zaydiyya0000064,336,389,698,139,57
578,1283,1463,Shamela0007891,1418,1116,1302,122,83
578,1291,1463,ShamAY0034050,232,24,236,128,76
578,1283,1463,Shamela0023100,115,293,492,116,75
578,1212,1463,Shia000812Vols,341,761,1071,142,59
578,1309,1463,Sham19Y0014325,5316,1,153,106,88
578,1283,1463,Shamela0005737,60,383,581,97,62
578,1192,1539,Sham19Y0123510,878,439,902,209,55
578,1124,1539,Shia000820Vols,2128,516,984,196,47
578,1291,1539,Shamela0002863,1862,644,923,152,70
578,1221,1539,Shamela0008360,479,1116,1415,152,62
578,1322,1494,Shia000065,359,1,169,113,78
578,1192,1463,ShamAY0034249,6138,406,732,187,73
578,1221,1539,Shamela0001733,628,633,1222,141,28
578,830,1221,Shamela0021721,3586,1208,1553,238,71
578,1221,1611,Shamela0021721,3587,1,401,296,95
578,1283,1539,ShamAY0034447,592,431,758,114,38
578,1283,1463,Shamela0021821,359,597,713,69,49
578,1301,1463,Shamela0008176,4046,394,545,110,87
579,1,184,Sham19Y0017879,803,571,677,74,53
579,1,561,Shamela0021721,3587,401,938,420,92
580,427,1551,Shamela0006228,259,28,1520,555,41
581,1032,1514,Sham19Y0032197,603,821,1319,193,36
581,1336,1514,Shamela0011444BK1,182,83,228,111,75
585,1311,1619,Shamela0021721,3618,979,1278,213,80
585,1341,1619,Shia000841Vols,8252,717,984,211,89
586,119,403,ShamAY0034073,913,985,1252,207,91
586,1022,1221,Sham19Y0018567,865,303,515,151,88
586,994,1221,Shia000026Vols,1076,217,452,159,82
586,1007,1407,Sham19Y0017768,2432,9,299,200,60
586,836,1224,Sham19Y0017768,2443,1067,1453,164,39
586,1081,1224,Sham19Y0016934,1541,1,144,112,99
586,994,1407,Sham19Y0016934,6809,240,752,259,61
586,994,1224,JK000272,1268,1294,1535,172,89
586,1004,1212,Shia000220Vols,2184,397,666,126,56
586,696,826,Sham19Y0017817,76,11,159,98,81
586,966,1212,Shamela0009851,5896,1306,1549,165,80
586,696,826,Shamela0000041,277,801,920,87,86
586,980,1407,ShamAY0034249,6201,112,478,249,72
586,1004,1193,Shia000317Vols,11367,1314,1490,124,82
586,1,294,Shamela0021721,3618,1278,1600,219,81
586,294,1489,Shamela0021721,3619,1,1189,896,92
586,1,549,Shia000841Vols,8252,984,1535,423,94
586,549,1143,Shia000841Vols,8253,1,549,250,42
586,994,1224,Shia000841Vols,8307,285,526,172,89
587,7,163,Shia000163VolsBK2,4094,1280,1448,118,89
587,7,163,Sham19Y0013577,6503,229,403,120,88
587,7,167,Shia000277Vols,3819,17,189,119,89
587,1,163,Shamela0007891,1289,1124,1304,125,88
587,1,210,Sham19Y0017885,1922,819,1016,137,78
587,10,400,Sham19Y0016934,6809,1136,1460,168,45
587,651,1137,Sham19Y0016934,6810,150,662,148,29
587,20,163,Shia000220Vols,3432,1260,1402,105,92
587,1,175,ShamAY0034282,2001,1263,1458,130,85
587,1,167,ShamAY0034282,2691,1075,1258,124,86
587,10,167,Shamela0002863,2453,263,460,119,77
587,10,210,ShamAY0034249,6271,538,757,130,69
587,1,319,Shamela0021721,3619,1189,1499,244,95
587,319,1457,Shamela0021721,3620,1,1151,878,93
587,7,163,Shamela0021721,3661,1231,1396,121,93
588,875,1085,JK000303,180,702,911,131,72
589,344,651,JK000303,182,837,1140,201,72
589,1280,1574,Shamela0021766,4538,909,1359,203,52
589,952,1644,Shamela0006228,260,332,1190,476,64
589,344,559,Sham19Y0127671,1512,875,1040,112,63
590,1,540,Shamela0006228,260,1190,1667,237,45
590,540,1541,Shamela0006228,261,1,953,444,44
590,856,1075,Sham19Y0017437,1467,525,740,121,67
591,1,521,Shamela0006228,261,953,1486,401,90
591,538,1553,Shamela0006228,262,23,1112,600,60
592,607,977,ShamAY0034198,233,1278,1674,297,90
592,977,1160,ShamAY0034198,234,1,184,148,98
592,607,818,Sham19Y0017811,24,904,1150,167,81
592,813,1052,Sham19Y0017811,182,264,669,178,52
592,8,310,Shamela0006228,262,849,1351,233,56
592,341,569,Shamela0006228,264,323,543,144,76
593,113,374,ShamAY0034251BK3,2610,574,1030,180,48
603,920,1377,Shamela0006228,262,877,1351,206,42
605,1029,1420,Sham19Y0019230,429,786,1206,223,58
605,89,831,Shamela0021721,3681,500,1255,571,94
605,84,280,Shia000841Vols,8338,1392,1586,151,94
605,280,831,Shia000841Vols,8339,1,563,412,91
606,1370,1626,Sham19Y0151100,87,992,1265,192,84
606,1329,1626,Shamela0006228,263,1,422,220,64
607,4,149,Sham19Y0151100,87,1316,1465,88,66
607,4,1071,Shamela0006228,263,437,1316,406,39
617,916,1495,Zaydiyya0000570BK3,3355,572,1085,327,66
617,903,1165,Shamela0003118,7480,1128,1397,164,74
617,667,1019,Shamela0006140,501,199,621,140,33
617,778,1019,Sham19Y0013577,4983,980,1260,143,67
617,916,1118,JK000916,25658,1,201,134,79
617,846,1019,JK000734,281,1,435,93,25
617,286,1304,Shamela0021721,3693,412,1490,748,84
617,374,707,Shia000841Vols,8362,1,337,248,87
618,425,595,Sham19Y0020561,983,329,811,120,31
618,425,581,Kraken220314171616,1139,1027,1198,117,85
618,425,1263,Shamela0011444BK1,187,356,964,361,51
618,1,127,Shamela0021721,3694,186,311,90,89
618,1,127,Shia000841Vols,8362,408,533,90,89
619,942,1181,Sham19Y0013577,5081,834,1288,145,38
619,942,1146,ShamAY0034251BK3,2708,1188,1588,140,41
620,251,401,Sham19Y0019230,452,533,686,120,94
620,623,1004,Sham19Y0019230,453,897,1545,254,48
620,396,623,Sham19Y0019230,453,242,475,129,55
620,1,208,Sham19Y0013577,5088,928,1220,135,55
620,1,159,ShamAY0034251BK3,2710,1305,1598,114,47
621,1,302,Sham19Y0019230,457,1011,1383,219,70
621,917,1527,Shamela0006228,264,575,1210,330,55
621,1133,1350,JK011225,159,556,760,144,81
622,1,291,Shamela0006228,264,1210,1524,217,85
622,245,1025,Shamela0006228,265,11,772,469,61
622,1464,1585,Shamela0006228,265,850,959,83,85
622,23,178,Shamela0008176,4430,828,992,118,88
623,1,679,Shamela0006228,265,959,1608,401,69
623,612,1588,Shamela0006228,266,265,1232,458,44
624,1425,1581,Shamela0021766,219,1,157,127,100
624,204,1400,Shamela0006228,267,1,1506,739,56
624,998,1581,Shamela0006228,268,5,243,144,27
624,940,1131,ShamAY0036516,36,81,270,136,86
625,1,236,Shamela0021766,219,157,384,169,85
625,39,1122,Shamela0006228,268,425,1565,682,66
625,1122,1536,Shamela0006228,269,4,551,300,65
626,557,885,Shamela0006227,702,138,519,201,56
626,557,885,ShamAY0034005,673,209,568,198,59
626,398,890,Shamela0021677,3013,15,586,295,54
626,1,287,Shamela0006228,269,551,842,207,84
626,438,890,Zaydiyya0000361,1066,674,1108,268,63
626,554,885,Shamela0030324,3,230,575,206,64
626,557,900,Sham19Y0016934,6923,1114,1458,190,63
626,394,1031,JK000272,1293,187,868,361,51
626,554,885,ShamAY0032855,16,835,1172,209,69
626,578,900,Sham19Y0148486,4985,1,383,218,69
626,557,900,Sham19Y0148486,5053,154,524,205,59
626,557,885,Sham19Y0131336,1416,88,442,201,60
626,643,885,Shamela0030327,210,1,269,164,70
626,557,900,ShamAY0034249,6337,81,428,198,66
626,1295,1541,Shamela0011444BK1,195,777,991,113,55
626,347,870,Shamela0021721,3730,970,1493,375,83
626,870,1196,Shamela0021721,3731,1,330,259,97
626,394,1031,Shia000841Vols,8416,647,1324,361,51
626,347,1112,Shia000841Vols,8417,810,1533,532,83
626,554,890,Shamela0026813,35,952,1279,202,67
627,1038,1248,Sham19Y0013783,2929,940,1307,147,48
627,999,1248,ShamAY0034251BK3,2788,617,957,179,63
628,1386,1553,Sham19Y0032197,641,571,1158,100,20
628,1390,1553,JK001244,494,614,997,113,37
628,410,570,ShamAY0034251BK3,2790,1327,1519,109,72
628,1386,1553,Sham19Y0132962,1430,783,955,121,81
628,1386,1553,Kraken220314171616,1185,283,627,114,41
628,1373,1553,Shamela0011444BK1,197,625,827,127,74
629,324,585,Shamela0021721,3888,867,1117,194,89
629,923,1527,Shamela0021721,3914,65,710,466,88
629,1038,1381,Shia000841Vols,8696,1,463,252,66
630,62,666,Shamela0006228,279,511,904,235,48
630,820,1086,Sham19Y0017768,2590,1200,1520,162,56
631,391,1269,Shamela0006228,277,384,1595,590,56
631,1269,1526,Shamela0006228,278,1,363,195,66
631,1245,1441,Sham19Y0014245,447,999,1152,91,52
631,556,780,Sham19Y0017437,1532,1,212,134,65
631,401,892,Shamela0008176,4448,1018,1556,358,76
631,892,1526,Shamela0008176,4449,1,634,468,88
632,1,1026,Shamela0006228,278,363,1555,736,72
632,1026,1382,Shamela0006228,279,1,516,241,57
632,1,904,Shamela0008176,4449,634,1447,641,86
633,948,1354,Shamela0021721,3791,285,782,205,43
633,1246,1457,Shamela0021721,3814,454,671,145,79
633,1004,1357,Shia000841Vols,8510,50,277,149,55
633,1234,1457,Shia000841Vols,8549,944,1117,123,68
634,1073,1484,Shia000026Vols,1117,77,478,188,48
634,1073,1435,Sham19Y0017768,2548,400,762,180,53
634,508,1352,JK000272,1332,668,1520,448,57
634,5,161,JK000272,1332,58,246,113,71
634,1069,1422,Sham19Y0006538,305,320,512,128,43
634,847,1422,Sham19Y0014325,5666,257,830,296,53
634,1073,1422,Sham19Y0014325,5673,62,574,176,39
634,1259,1440,Sham19Y0014827,502,230,413,122,72
634,1,382,Shamela0021721,3814,1125,1513,306,98
634,473,738,Shamela0021721,3815,819,1083,183,82
634,694,1508,Shamela0021721,3816,39,1439,632,56
634,5,161,Shia000841Vols,8546,449,638,113,70
634,916,1492,Shia000841Vols,8547,1,476,265,54
634,1,466,Shia000841Vols,8550,33,423,308,82
634,477,723,Shia000841Vols,8550,931,1173,175,87
634,633,1397,Shia000841Vols,8551,7,1081,299,30
635,278,747,Shamela0006228,269,865,1384,283,60
635,575,1510,Shamela0006228,270,1,1039,486,45
635,278,651,Sham19Y0127713,1183,1068,1510,294,82
635,278,433,JK011225,149,241,478,111,58
635,1,213,Shia000841Vols,8552,94,284,142,79
635,249,427,Shamela0008176,4451,1302,1527,126,65
635,427,920,Shamela0008176,4452,1,581,387,81
635,933,1106,Shamela0008176,4453,1327,1493,130,92
635,1113,1438,Shamela0008176,4454,1,332,262,97
636,1119,1297,Sham19Y0014594,919,639,887,121,59
636,1,237,Shamela0006228,270,1200,1531,176,68
636,250,1505,Shamela0006228,271,14,1595,807,58
637,688,1098,Sham19Y0017363,156,788,1072,140,39
637,680,1092,Sham19Y0013577,5081,855,1243,140,31
637,680,1084,ShamAY0034251BK3,2708,1222,1563,134,32
637,688,1084,Shia000070Vols,1642,809,1100,137,37
637,21,795,Shamela0006228,272,117,1351,541,52
637,688,1059,Shia000062,94,817,1092,128,38
637,208,1098,Sham19Y0123685,2140,517,900,132,16
638,1,925,Shamela0006228,273,527,1583,563,57
638,960,1598,Shamela0006228,274,16,788,382,56
639,312,488,Shamela0006228,257,606,828,67,36
639,5,703,Shamela0006228,274,803,1533,464,70
639,1044,1587,Shamela0006228,275,770,1360,307,52
639,693,1202,Shamela0006228,275,9,629,236,36
639,846,1181,JK011225,149,421,758,224,76
640,1,257,Shamela0006228,275,1360,1615,207,99
640,964,1227,Shamela0006228,276,1271,1559,193,81
640,257,958,Shamela0006228,276,1,800,516,78
640,1236,1578,Shamela0006228,277,9,335,216,68
641,1385,1549,ShamAY0034206,6964,1291,1422,104,79
641,591,766,Shia000163VolsBK2,4466,1084,1457,125,42
641,572,766,ShamAY0034251BK3,2868,1035,1514,128,34
642,187,673,Sham19Y0018144,1676,887,1400,186,40
642,95,1110,ShamAY0034206,6965,5,1304,747,69
642,187,397,ShamAY0034005,678,1156,1419,106,40
642,722,1110,Shamela0021644,1834,58,448,294,92
642,999,1469,Shamela0000427BK2,7520,174,297,64,17
642,680,1110,Shamela0021744,6640,1,492,304,74
642,786,1053,Sham19Y0145212,2265,1,526,200,46
642,187,365,Sham19Y0148486,5144,1294,1492,95,50
642,83,673,JK011690BK2,2691,215,823,427,83
642,722,1110,Shamela0011446,1361,1029,1438,285,82
642,187,673,Sham19Y0146127,2781,821,1241,132,26
642,1261,1543,Sham19Y0017437,1501,219,426,143,60
642,187,673,ShamAY0032665,1676,793,1306,186,40
643,29,258,Sham19Y0017437,1500,405,631,159,79
644,1400,1586,ShamAY0034198,72,903,1215,99,35
644,1400,1586,Sham19Y0017811,102,270,670,105,30
644,720,1093,Sham19Y0013252,10148,225,754,190,39
645,544,716,JK000168,117,899,1081,143,93
645,722,911,JK000168,118,472,650,146,94
645,920,1394,JK000168,121,539,1011,370,94
645,544,716,Sham19Y0014325,5475,1190,1376,141,90
645,729,911,Sham19Y0014325,5518,1146,1316,136,91
648,1187,1571,Shamela0006228,270,679,960,148,44
648,1187,1300,Shamela0008176,4454,84,263,75,52
649,34,390,Shamela0006228,270,972,1325,273,94
661,1199,1564,Shia001131Vols,589,920,1232,69,15
665,799,1074,Sham19Y0026094,406,854,1485,183,34
666,680,969,Shamela0026349,55,1250,1518,201,84
666,969,1426,Shamela0026349,56,1,406,298,80
666,958,1248,Sham19Y0016494,310,1,361,199,65
666,936,1437,Shamela0009228,141,661,1193,243,45
667,30,188,Shamela0026349,55,802,953,119,91
669,339,806,JK009239,1316,748,1411,163,25
669,1024,1244,Shamela0005455,159,882,1094,154,78
669,1024,1270,Sham19Y0014404,94,1174,1335,96,45
671,735,886,Shamela0009059BK3,230,1239,1422,101,70
671,754,892,Sham19Y0013644,118,1119,1299,104,72
671,1182,1623,Sham19Y0013783,3060,12,465,326,81
671,761,892,Shamela0011327,302,209,385,102,74
671,761,886,Shamela0011468BK2,1659,950,1098,97,84
671,735,886,Shamela0003565,814,1170,1354,101,70
671,988,1623,Shamela0011498,1035,333,1023,374,58
671,782,886,Shamela0000963,2719,1,133,80,78
671,761,886,JK007114,1611,644,792,97,84
671,761,892,Shamela0009059BK1,2775,976,1151,102,74
672,481,828,Sham19Y0013577,6053,477,774,148,50
672,113,1307,Shamela0021721,3426,310,1414,695,64
673,737,1208,Shamela0006227,794,788,1292,210,43
673,755,978,Shamela0005922,2975,666,895,158,80
673,737,978,ShamAY0034005,754,866,1117,167,79
673,770,978,Sham19Y0013605,4744,1136,1335,155,91
673,751,1025,Shamela0006610,1095,526,786,174,73
673,737,1021,Sham19Y0017729,407,785,1087,202,81
673,751,978,Shamela0003118,777,372,603,159,81
673,766,1028,Sham19Y0017104,657,228,600,179,58
673,737,993,Shamela0000736,2453,4,248,164,75
673,751,1028,Shamela0012415,759,651,918,146,54
673,737,978,JK000916,1704,902,1155,169,79
673,751,1227,Sham19Y0023590,1770,9,439,239,58
673,758,978,Shamela0021715,10346,1,211,162,90
673,662,1084,JK000272,1192,172,757,258,51
673,737,978,Sham19Y0018103,3984,512,772,175,80
673,737,978,Sham19Y0018106,4021,33,293,175,80
673,737,978,Sham19Y0018176,2418,350,610,175,80
673,737,978,Sham19Y0001734,2080,959,1223,175,80
673,729,1080,Sham19Y0014325,5126,605,1059,193,47
673,733,987,Sham19Y0148486,6295,1301,1558,156,71
673,737,1025,Shamela0001719,886,866,1194,188,66
673,737,968,Sham19Y0013252,10176,1332,1582,167,79
673,751,1025,Sham19Y0013252,10177,813,1119,186,72
673,803,1021,Sham19Y0011326,153,1,213,144,77
673,737,978,Sham19Y0131336,1599,990,1302,174,68
673,737,978,JK000021,1458,777,1063,170,71
673,766,978,Shamela0005756,14738,1,185,142,82
673,698,1573,Shamela0021721,3428,230,1516,646,60
673,737,978,Sham19Y0016584,4493,660,920,175,80
673,737,1006,Shamela0026884,139,658,955,169,68
673,705,1021,Sham19Y0020638,748,523,872,204,71
673,737,1021,Sham19Y0020638,1197,688,1036,194,66
673,662,1104,Shia000841Vols,8024,447,937,278,64
674,27,444,Shamela0095560,648,219,597,280,81
674,1214,1538,Shamela0095560,648,559,759,109,34
674,16,1543,Shamela0021721,3429,1,1545,1127,86
675,416,581,Shamela0001673,10098,1330,1462,83,62
675,384,622,Shia000033Vols,1959,1332,1542,152,80
675,416,974,Sham19Y0023625,2616,810,1100,115,24
675,412,966,Shamela0005922,2979,1,681,253,39
675,361,691,Sham19Y0014601,4719,365,955,207,40
675,434,691,Shamela0117359,788,1,348,162,52
675,361,682,Shamela0021590,1393,984,1387,195,54
675,361,691,Sham19Y0020944,751,1085,1406,201,68
675,393,983,Sham19Y0013577,6060,740,1562,308,41
675,393,988,Sham19Y0013783,3417,712,1370,268,43
675,520,988,Shamela0008463,5343,599,876,192,51
675,375,885,Sham19Y0014325,5130,103,660,220,36
675,361,691,Sham19Y0020591,1198,1066,1436,201,60
675,416,581,Sham19Y0123608,1146,1284,1486,98,52
675,573,974,Sham19Y0123608,1147,1,361,176,49
675,471,691,Sham19Y0131521,4550,1,269,131,53
675,166,1196,Shamela0021721,3431,1,1346,790,72
676,896,1069,Shamela0021766,1363,1,205,132,80
676,849,1416,Shamela0006228,325,684,1527,410,59
676,503,853,Shamela0008534,105,1,505,174,40
676,825,1171,Sham19Y0017437,1634,1007,1399,238,71
677,756,1374,Shamela0021766,1352,734,1235,263,47
677,189,604,Shia002616Vols,6216,463,889,109,25
677,104,838,Shamela0006228,326,64,966,472,63
677,1093,1530,Shamela0006228,327,562,1206,260,45
678,253,1270,Shamela0006228,328,1,1490,691,56
678,1270,1488,Shamela0006228,329,39,269,148,78
678,1145,1310,Sham19Y0014245,483,1270,1404,99,78
679,14,232,Sham19Y0013577,6131,68,205,53,31
679,8,872,Shamela0006228,329,277,1442,547,57
679,740,1411,Shamela0006228,330,1,845,272,33
680,964,1225,Sham19Y0013577,6141,228,412,71,30
680,964,1225,Shamela0021848BK1,2107,738,843,24,9
680,5,718,Shamela0006228,330,676,1519,429,57
680,718,1287,Shamela0006228,331,1,546,270,54
680,948,1233,Shamela0095560,616,949,1185,83,28
680,978,1244,Shamela0021721,3236,937,1154,75,31
680,967,1244,Shia000841Vols,7776,171,396,79,32
681,612,1153,Sham19Y0017363,185,452,1028,103,15
681,1,316,Shamela0006228,331,889,1434,232,51
681,312,1454,Shamela0006228,332,16,1115,555,49
682,1,196,Shamela0006228,332,1115,1483,127,42
682,196,1073,Shamela0006228,333,7,1481,569,47
682,1065,1502,Shamela0006228,334,703,1441,296,48
683,77,607,Shamela0006228,335,7,600,269,45
683,543,921,Shamela0006228,335,855,1550,277,48
683,921,1403,Shamela0006228,336,1,608,351,70
683,626,1403,Sham19Y0017437,1638,221,1204,367,37
684,516,1069,Shamela0021496,584,244,888,130,19
686,1,1117,Shamela0037051,106,23,1015,586,55
686,1,1117,Shamela0009429,4192,70,1063,592,55
686,19,888,Shamela0009429,4194,1,845,305,32
686,1,242,Shamela0009429,4195,718,974,153,65
686,111,892,Shamela0009429,4257,207,979,232,25
687,153,594,Shamela0037051,106,1170,1545,253,65
687,594,1447,Shamela0037051,107,1,693,329,40
687,1352,1580,Shamela0037051,108,81,306,172,89
687,153,594,Shamela0009429,4192,1218,1561,218,57
687,594,1157,Shamela0009429,4193,1,445,237,50
687,60,664,Shamela0009429,4194,980,1521,261,45
687,990,1127,Shamela0009429,4195,1,184,110,74
687,1357,1580,Shamela0009429,4258,865,1085,171,90
688,1,1432,Shamela0037051,108,306,1592,881,70
688,1432,1638,Shamela0037051,109,1,181,144,84
688,1,570,Shamela0009429,4258,1085,1599,349,69
688,570,1638,Shamela0009429,4259,1,980,677,72
689,361,852,Shamela0037051,107,569,1130,389,83
689,1,361,Shamela0037051,109,181,538,253,82
689,877,1401,Shamela0037051,111,6,539,363,75
689,877,1016,Shamela0009429,4244,1582,1752,105,75
689,1016,1401,Shamela0009429,4245,1,372,258,75
689,361,642,Shamela0009429,4257,1339,1602,206,84
689,642,852,Shamela0009429,4258,1,263,159,72
689,1,361,Shamela0009429,4259,980,1339,254,82
689,877,1181,Shamela0009429,4265,17,322,203,72
690,1,949,Shamela0037051,111,820,1713,677,83
690,949,1689,Shamela0037051,112,1,736,587,96
690,194,781,Shamela0009429,4231,812,1369,454,94
690,799,1689,Shamela0009429,4250,408,1296,705,96
691,909,1142,Shamela0037063,1277,1060,1386,164,57
691,1138,1634,Shamela0037051,107,1110,1625,390,93
691,1,917,Shamela0037051,112,736,1667,691,86
691,917,1142,Shamela0037051,113,1,230,183,98
691,351,897,Shamela0009429,4199,49,566,354,77
691,909,1142,Shamela0009429,4216,598,948,158,52
691,1,300,Shamela0009429,4250,1296,1607,233,90
691,1138,1638,Shamela0009429,4258,243,758,394,93
692,395,1527,Shamela0037051,109,540,1640,831,85
692,1527,1658,Shamela0037051,110,1,132,107,99
692,428,1011,Shamela0009429,4227,1089,1636,411,81
692,1026,1658,Shamela0009429,4228,1,652,496,91
693,1,1585,Shamela0037051,110,160,1741,1153,82
693,1,210,Shamela0009429,4228,680,870,150,88
693,270,1590,Shamela0009429,4244,202,1582,998,84
693,390,1577,Shamela0009429,4264,6,1731,812,53
694,1,1206,Shamela0037051,113,423,1653,921,88
694,1206,1648,Shamela0037051,114,1,446,356,96
694,769,916,Shamela0009429,4208,226,380,116,91
694,1071,1648,Shamela0009429,4213,1105,1696,465,95
694,62,617,Shamela0009429,4217,111,676,423,91
695,1,1213,Shamela0037051,114,446,1653,884,85
695,1213,1630,Shamela0037051,115,1,397,311,93
695,1185,1630,Shamela0009429,4205,200,639,337,93
695,1,945,Shamela0009429,4214,1,928,693,87
695,273,945,Shamela0009429,4215,21,416,235,39
696,1,1115,Shamela0037051,115,397,1534,878,95
696,1115,1557,Shamela0037051,116,1,573,288,59
696,1382,1557,Shamela0009429,4200,719,914,137,85
696,1,877,Shamela0009429,4205,639,1533,689,95
696,906,1330,ShamAY0000443,4639,458,1025,317,68
697,1,1083,Shamela0037051,116,573,1634,814,87
697,1107,1652,Shamela0037051,117,1,556,406,84
697,676,818,Sham19Y0036540,1282,326,468,118,100
697,1,140,Shamela0009429,4200,914,1034,95,83
697,399,1347,Shamela0009429,4215,468,1632,709,72
697,1347,1627,Shamela0009429,4216,1,260,199,84
698,1,720,Shamela0037051,117,556,1251,487,79
698,656,1660,Shamela0037051,118,155,1131,777,93
698,157,645,Shamela0009429,4198,768,1257,381,96
698,664,1660,Shamela0009429,4256,95,1065,778,94
699,231,625,Shamela0037051,117,1190,1599,305,93
699,1,220,Shamela0037051,118,1131,1345,173,94
699,239,754,Shamela0009429,4218,715,1257,384,88
699,1,220,Shamela0009429,4256,1065,1278,173,94
700,1250,1370,Sham19Y0013605,4871,830,950,95,100
700,1241,1370,ShamAY0034385,18,907,1036,101,99
700,1250,1370,JK000110,1860,852,972,95,100
700,1250,1370,Sham19Y0016946,729,1397,1514,91,95
700,1250,1386,Shamela0023645,219,1337,1473,99,93
700,1250,1370,Shamela0000894,1676,312,432,95,100
700,1250,1527,Shamela0021735,750,1125,1383,195,89
700,704,1259,JK000272,1523,456,773,218,46
700,1250,1370,JK007065,911,53,173,95,100
700,1250,1370,Sham19Y0018103,4093,740,860,95,100
700,1250,1370,Sham19Y0018106,4119,883,1003,95,100
700,1250,1370,Sham19Y0018176,2485,617,737,95,100
700,1241,1370,Shamela0009107,296,247,389,99,88
700,1241,1439,Shamela0004473,13222,824,1079,115,55
700,1259,1527,Sham19Y0123685,1595,1171,1421,185,86
700,1160,1370,Shamela0012981,1882,1140,1446,127,47
700,1250,1370,Shamela0005756,15003,142,262,95,100
700,595,1005,Shamela0021721,4265,1106,1495,262,71
700,1241,1370,Shamela0009200,596,1159,1288,101,99
700,1160,1370,Sham19Y0020638,882,990,1325,125,47
700,704,1259,Shia000841Vols,9091,504,821,218,46
701,1263,1462,Shamela0021654,1371,785,1077,138,60
701,592,929,Shia001395Vols,442,226,577,172,55
701,1,257,Shamela0021735,750,1383,1575,127,61
701,224,655,JK000272,1523,747,1300,173,33
701,588,929,Shia000126Vols,950,649,966,145,48
701,91,207,Sham19Y0123685,1596,1,118,86,86
701,592,929,Shia001237Vols,4375,427,756,140,41
701,207,1476,Shamela0021721,4266,326,1433,776,70
701,224,655,Shia000841Vols,9091,795,1348,173,33
702,944,1283,Sham19Y0017903,750,729,1416,221,41
702,235,723,Shia000033Vols,2435,85,391,184,45
702,1118,1376,Sham19Y0014579,1035,952,1214,175,83
702,235,440,JK000271,300,733,926,146,90
702,1129,1410,Shamela0006227,802,230,562,190,72
702,740,913,Zaydiyya0000570BK3,3248,351,501,88,64
702,228,427,Zaydiyya0000570BK3,3249,713,909,123,72
702,1129,1418,Masaha001961Vols,1329,560,807,173,75
702,1139,1418,ShamAY0033956,380,7,292,197,85
702,263,449,Sham19Y0013223,823,1,175,128,87
702,244,633,Shamela0021743,1795,420,838,190,45
702,1129,1418,Shamela0021743,1795,805,1107,199,84
702,723,913,Shamela0006610,1106,168,363,119,75
702,235,440,Shamela0006610,1107,1334,1526,143,88
702,1139,1385,Sham19Y0018611,62,1172,1379,144,72
702,235,449,Sham19Y0011402,801,401,604,151,89
702,235,500,Sham19Y0095660,1337,856,1148,172,73
702,235,440,Sham19Y0014601,4984,919,1112,146,90
702,274,440,Sham19Y0014601,4985,8,179,117,81
702,1129,1372,Sham19Y0014601,4995,1137,1402,165,81
702,1129,1418,Sham19Y0014601,6250,1128,1414,202,86
702,1139,1410,Shamela0003118,6628,480,778,76,21
702,235,449,Shamela0117359,850,189,390,149,88
702,1129,1329,Shamela0117359,853,1229,1434,135,86
702,244,445,ShamAY0034274,605,894,1079,139,87
702,267,440,ShamAY0032379,1188,182,343,122,89
702,1139,1363,Sham19Y0014280,1746,408,645,110,50
702,235,440,JK000221,686,1252,1445,145,89
702,1129,1400,Sham19Y0017063,894,1246,1465,155,73
702,244,595,Sham19Y0017063,894,773,1200,216,60
702,235,449,Shamela0010517,2008,1011,1213,149,88
702,1115,1418,Sham19Y0039268,381,686,1013,209,83
702,1129,1418,Shamela0012415,780,720,1022,199,83
702,235,496,Sham19Y0020944,812,1028,1367,163,59
702,1115,1353,Sham19Y0020944,815,1201,1449,159,84
702,1129,1418,Sham19Y0122257,2223,973,1238,187,81
702,714,913,Sham19Y0122257,2225,1291,1472,99,61
702,1139,1410,Sham19Y0013577,6228,1014,1280,138,56
702,235,449,JK001103,4,417,619,149,88
702,710,913,JK001103,48,200,400,116,67
702,714,913,JK000477,930,376,569,147,91
702,1139,1418,JK000216,287,531,795,185,80
702,267,652,Shamela0010526,141,43,499,181,45
702,763,913,Shamela0021693,2041,507,654,89,74
702,1129,1418,Shamela0009790,172,835,1121,184,75
702,1129,1418,Tafsir07076,4744,886,1175,204,86
702,1129,1418,Tafsir07076,4899,1177,1480,199,84
702,714,913,Sham19Y0013785,1590,996,1177,99,61
702,1129,1376,Sham19Y0013785,1602,355,624,171,83
702,235,633,JK006897,476,111,548,221,57
702,1115,1400,JK010001,1699,765,981,135,59
702,267,431,Shamela0036446,569,1385,1537,116,89
702,244,514,Sham19Y0023644,1550,197,445,160,74
702,1190,1363,Sham19Y0023644,2300,466,620,114,84
702,235,440,Shamela0007370,2696,705,898,146,90
702,244,769,Zaydiyya0000035,37,422,957,263,56
702,601,913,Shamela0002864,866,795,1146,147,51
702,244,449,Shamela0021766,1520,42,230,139,86
702,763,913,Shamela0021677,3335,1074,1230,90,70
702,235,440,Shamela0001467,103,226,416,129,81
702,1203,1395,Shamela0006733,93,1,154,115,76
702,235,440,Shamela0010657,1252,738,931,146,90
702,1139,1385,Sham19Y0036114,69,426,648,153,78
702,235,440,Shamela0001442,932,1056,1235,133,83
702,1129,1418,Shamela0001442,936,998,1307,196,80
702,1129,1410,Sham19Y0127717,448,438,707,178,74
702,231,445,Shamela0021735,755,231,432,130,75
702,244,440,Shamela0006947,2720,205,396,136,83
702,1129,1418,Shamela0006947,2874,13,283,172,72
702,1129,1410,Sham19Y0032381,80,42,311,182,77
702,235,440,Shamela0007891,1620,1012,1205,146,90
702,1139,1418,Shamela0007891,1632,1163,1423,171,77
702,235,440,Shamela0007891,1633,512,705,146,90
702,1180,1418,Masaha003619,144,797,992,129,68
702,1115,1385,Shamela0009642,44,683,944,163,74
702,235,471,Sham19Y0016787,326,634,880,161,80
702,1115,1418,Shamela0002386,296,472,807,204,79
702,244,595,Sham19Y0145212,2358,517,874,217,72
702,1129,1418,Sham19Y0145212,2359,39,305,188,81
702,235,440,Sham19Y0037618,1464,1075,1259,142,88
702,1134,1418,eScr20110913,118,884,1156,176,78
702,1139,1418,Shamela0009978,36,448,739,196,83
702,1129,1418,Sham19Y0132415,606,1187,1478,197,85
702,1129,1418,Sham19Y0019235,399,1241,1494,164,70
702,1139,1418,Shamela0011437,381,569,810,163,71
702,235,503,Shamela0012293,4912,320,675,181,63
702,1129,1418,Sham19Y0014119,403,181,428,173,75
702,231,440,Sham19Y0017885,2455,306,528,147,86
702,1139,1418,ShamAY0038640,515,1104,1401,159,61
702,235,503,Sham19Y0014592,1997,949,1266,185,71
702,1129,1418,Shamela0037458,996,11,374,201,69
702,1164,1418,Shamela0013041,146,171,420,159,70
702,1129,1418,Sham19Y0017791,1238,685,932,173,75
702,231,440,JK000272,1525,535,765,142,75
702,235,514,Shamela0096257,2600,1109,1534,185,54
702,235,449,Shamela0007264,292,326,529,148,88
702,610,917,Shamela0007264,294,29,328,146,59
702,1129,1372,Shamela0006446,403,235,467,152,76
702,267,440,Zaydiyya0000015,2367,614,774,123,90
702,1115,1418,ShamAY0034182,904,467,782,191,75
702,1115,1418,ShamAY0034182,1158,738,1065,194,76
702,1164,1418,Shamela0096178,16,992,1254,167,76
702,178,496,Shamela0021537,5262,73,352,173,68
702,178,496,Shamela0021537,5679,536,815,173,68
702,1148,1410,Shamela0000782,473,1,262,167,73
702,216,440,Shamela0022547,1535,743,1004,146,68
702,1139,1385,Shamela0022547,1537,509,748,160,76
702,1129,1400,Masaha004768Vols,1854,511,740,154,71
702,1175,1385,Shia001663Vols,444,764,931,118,70
702,235,440,Sham19Y0014325,6414,127,320,146,90
702,1139,1385,ShamAY0032376,421,138,342,143,72
702,267,586,Sham19Y0016976,1225,1025,1459,178,44
702,1129,1418,Sham19Y0016976,1226,570,817,173,75
702,235,431,ShamAY0034041,140,1224,1407,137,88
702,1129,1418,Sham19Y0017798,65,221,485,185,79
702,1129,1418,Sham19Y0017798,398,31,316,202,86
702,235,637,Shamela0010922,63,443,857,213,58
702,1129,1410,ShamAY0032929,11,1,321,189,72
702,1129,1418,Shamela0011428,1638,12,271,174,73
702,1139,1334,ShamAY0001202,181,1534,1730,134,83
702,1139,1385,ShamAY0037574,574,911,1168,156,70
702,244,449,Shia001553,193,1069,1263,142,87
702,1129,1418,ShamAY0035754,6,1052,1355,199,81
702,714,917,Shia001731Vols,492,516,691,97,63
702,1129,1385,ShamIbadiyya0000942,643,498,740,180,88
702,235,404,Sham19Y0020591,1303,1153,1310,118,88
702,1129,1363,Sham19Y0020591,1311,40,292,159,82
702,1129,1418,Kraken211201162527,21,395,680,198,83
702,1129,1418,Shamela0004445,2203,565,851,203,86
702,231,449,Shamela0021731,1301,390,614,163,93
702,235,464,Shamela0002863,2378,1133,1346,154,85
702,1139,1410,Shamela0013048,156,728,1041,181,68
702,1129,1385,Shamela0013048,189,782,1002,144,70
702,1129,1418,Zaydiyya0000198,49,1149,1415,181,79
702,1190,1418,JK009151,1026,56,211,97,54
702,1139,1418,ShamAY0033973,32,205,464,183,79
702,235,440,Sham19Y0127677,6927,1226,1426,143,85
702,1115,1418,Tafsir07055,1782,1022,1319,203,82
702,1153,1418,JK000728,57,1,292,187,83
702,1129,1418,Rafed0003902Vols,4786,1056,1352,195,76
702,1139,1418,Sham19Y0147104,841,1038,1332,197,83
702,952,1124,Sham19Y0146127,3605,693,939,126,64
702,267,449,ShamAY0033531,197,462,633,126,87
702,1115,1418,ShamAY0033531,2545,335,652,205,80
702,1129,1410,Sham19Y0131336,1618,33,364,189,72
702,235,449,Sham19Y0131336,1619,453,651,136,78
702,267,440,Shamela0021629,799,1,162,122,89
702,1129,1418,Shamela0008360,563,942,1209,187,81
702,244,657,Shamela0008360,563,558,984,236,64
702,714,913,Shamela0008360,564,313,494,99,61
702,235,440,Shamela0007342,1050,770,958,132,75
702,1139,1372,Masaha002999Vols,1281,1113,1334,130,66
702,267,440,Sham19Y0122401,1274,709,870,122,89
702,235,496,Shamela0022848,402,752,1044,156,60
702,294,440,Shia002264,758,1,135,100,87
702,1129,1400,Shamela0009569,35,1216,1440,156,72
702,235,445,Sham19Y0018607,2981,695,917,153,88
702,244,449,Shamela0025800,2797,1171,1367,144,88
702,1139,1418,Shamela0025800,2802,19,273,160,71
702,235,449,Sham19Y0131521,4934,836,1037,149,88
702,1129,1418,Sham19Y0131521,4959,547,855,196,81
702,267,449,Zaydiyya0000331,171,485,639,111,78
702,1153,1410,ShamAY0034249,8228,1,296,161,60
702,1129,1418,Shamela0025794,4141,1027,1313,203,86
702,1115,1410,Shamela0025794,4153,17,283,179,73
702,1139,1410,Shamela0025794,4164,252,531,171,69
702,714,913,ShamAY0034128,297,705,857,80,53
702,1139,1418,Shamela0001733,3999,176,449,199,88
702,235,500,Shia002119Vols,2953,1149,1397,176,83
702,37,710,Shamela0021721,4267,1,653,505,93
702,231,440,Shamela0021721,4272,851,1069,158,93
702,235,449,JK007064,762,564,767,148,88
702,723,917,JK007064,769,400,597,116,72
702,1115,1418,Sham19Y0009800,1158,805,1131,194,69
702,1115,1385,Shamela0007351,470,639,874,147,68
702,267,440,ShamAY0034059,2526,1083,1257,122,89
702,727,913,Shamela0012704,49,1067,1244,96,65
702,231,440,Shia000841Vols,9093,592,822,142,75
702,714,913,Shamela0008176,4765,771,965,97,56
702,235,449,Shamela0009242,3869,1308,1510,147,87
702,1139,1385,Shamela0021605,533,1130,1334,144,73
702,1129,1418,Sham19Y0148271,1930,872,1163,202,84
702,1175,1418,ShamAY0034441,442,170,380,148,77
703,293,548,Sham19Y0019230,597,435,765,155,51
703,322,913,JK001244,572,439,1363,307,39
703,347,809,Shamela0021843,3644,511,1157,211,34
703,719,913,Sham19Y0132962,1672,1127,1331,110,59
703,297,819,Sham19Y0020561,1198,252,1515,311,29
703,669,913,Shamela0012036,1091,747,965,121,57
703,293,760,Kraken220314171616,1330,856,1667,241,35
703,207,548,JK000295,34,222,513,167,57
703,655,913,JK000304,139,867,1093,124,56
703,293,913,Shamela0011444BK1,233,54,569,310,55
703,913,1318,Shamela0021721,4270,1097,1439,254,78
703,989,1595,Shamela0021721,4271,394,1000,304,45
703,297,548,Shamela0021595,67,526,760,151,69
704,52,199,Shamela0011444BK1,233,1047,1186,100,85
705,815,1493,ShamAY0034251BK3,3352,345,1485,377,36
706,97,580,Shia000163VolsBK2,4201,1,938,302,36
706,1,566,ShamAY0034251BK3,3353,184,865,361,56
707,6,639,Shamela0021721,4335,867,1485,463,88
707,585,1312,Shamela0021721,4336,804,1402,298,50
707,1312,1460,Shamela0021721,4337,1390,1547,99,73
708,672,1015,Shamela0011814,408,1162,1546,210,62
708,1015,1568,Shamela0011814,409,1,541,412,90
708,668,1102,Sham19Y0150961,515,1035,1456,251,63
708,1106,1568,Sham19Y0150961,516,10,438,334,88
708,451,1568,Shamela0006228,338,141,1218,682,69
708,451,1568,Shamela0003055,851,459,1459,705,74
708,451,1475,Shamela0011210,13,620,1522,630,72
708,451,1568,Shamela0011380,54,35,1027,700,73
708,672,1568,Shamela0010284,338,12,934,624,78
708,451,892,Sham19Y0017437,1696,1134,1514,195,48
708,10,421,Shamela0021721,4338,1,436,308,83
708,454,1568,ShamAY0000443,2697,74,797,415,43
708,1387,1568,ShamAY0000443,3858,1186,1379,142,88
709,8,1070,Shamela0011814,409,565,1495,509,53
709,1088,1509,Shamela0011814,410,33,504,284,72
709,1,642,Sham19Y0150961,516,438,1050,383,67
709,8,236,Shamela0006228,338,1241,1483,153,78
709,236,1509,Shamela0006228,339,1,1487,820,66
709,41,1384,Shamela0003055,852,1,1522,1002,81
709,1,1349,Shamela0011210,14,93,1540,1018,85
709,1,417,Shamela0011380,54,1027,1486,306,82
709,417,1509,Shamela0011380,55,1,1164,820,85
709,1,470,Shamela0010284,338,934,1445,338,80
709,482,819,Shamela0010284,339,21,305,138,44
709,930,1509,Shamela0010284,339,317,912,342,64
709,1,642,ShamAY0000443,2697,797,1120,215,42
709,1,346,ShamAY0000443,3858,1379,1612,151,55
709,346,1182,ShamAY0000443,3859,1,824,622,90
710,693,1076,Shamela0006228,340,175,587,245,70
710,1151,1368,Sham19Y0014467,260,936,1222,131,52
711,129,513,Shamela0006228,340,632,1037,245,68
711,713,963,Sham19Y0016934,8051,26,347,156,60
711,725,888,Sham19Y0014325,6605,5,259,120,56
711,725,970,ShamAY0034249,8551,890,1283,188,58
712,1,492,Shamela0006228,340,1116,1594,294,67
712,492,1565,Shamela0006228,341,1,1288,718,66
712,1,425,ShamAY0035035,4328,109,513,269,74
713,1045,1368,Shamela0006228,344,847,1172,216,76
713,211,638,Shamela0006228,345,1,445,264,65
714,181,494,Shamela0006228,345,599,997,159,44
715,880,1011,Shamela0021642,3519,807,986,75,53
723,968,1142,Shamela0009059BK2,7586,940,1173,137,68
723,1148,1372,JK007074,889,434,658,184,99
723,1148,1372,JK007074,939,489,718,184,96
723,279,931,JK007074,996,899,1517,341,57
723,937,1142,JK007074,997,1,185,146,83
723,165,649,JK007074,2576,882,1268,210,51
723,214,1148,Shamela0011498,1163,372,1281,660,86
729,1460,1659,Shamela0009429,4021,1,336,96,35
730,1113,1584,MMS00006,36,27,675,134,23
730,1106,1449,MMS00006,50,751,1162,105,25
730,1106,1449,MMS00001,394,690,1101,105,25
734,162,1107,Shamela0000131,1954,631,1496,509,56
734,181,1107,JK003609,6383,1,864,502,56
740,947,1259,Shamela0010283,1828,1434,1677,168,62
740,970,1128,Shamela0001717,3133,1583,1717,66,39
740,953,1277,Shamela0009429,4575,404,773,222,72
742,147,305,Shamela0001717,3133,1583,1717,66,39
742,130,762,Shamela0009429,4575,404,1216,346,48
744,1273,1621,Shamela0010283,1832,1012,1307,186,61
744,1388,1671,Shamela0001717,3136,19,389,191,61
745,71,375,Shamela0010283,1831,1,344,156,47
745,21,282,Shamela0010283,1832,1378,1593,170,80
745,53,1414,Shamela0010283,1833,81,1193,638,51
745,140,845,Shamela0001717,3098,860,1555,231,29
745,322,991,Shamela0001717,3134,726,1431,197,25
745,140,1046,Shamela0001717,3135,294,1579,314,24
745,46,1192,Shamela0001717,3136,410,1662,679,60
751,1445,1634,JK000303,228,1115,1384,154,69
751,1469,1623,Sham19Y0014325,6636,437,756,120,46
752,78,1495,JK000303,229,1,1595,1074,81
752,896,1221,Sham19Y0127671,2130,22,1027,236,29
752,1330,1563,Sham19Y0127671,2138,1239,1426,104,48
752,827,1519,JK000272,1558,8,1121,322,31
752,1226,1563,Sham19Y0026094,450,1073,1378,172,62
752,1326,1532,Sham19Y0014325,6661,995,1296,148,61
752,1313,1519,Shamela0021731,1330,143,437,116,49
752,70,196,Shia000841Vols,9139,133,242,33,35
752,1226,1519,Shia000841Vols,9141,101,586,173,41
753,1,1217,JK000303,230,254,1479,960,95
753,1187,1575,JK000303,231,1,387,306,98
753,548,922,Sham19Y0013783,3611,481,988,266,62
753,1399,1575,Sham19Y0127671,711,1183,1355,129,92
753,431,634,Sham19Y0127671,2128,960,1162,164,98
753,87,214,Sham19Y0127671,2129,308,437,101,97
753,431,810,Sham19Y0026094,452,193,584,211,56
753,179,392,Sham19Y0014325,6669,210,1191,158,20
753,431,760,Sham19Y0014325,6670,650,1551,256,34
753,651,898,Sham19Y0014325,6671,518,948,103,26
753,1037,1359,Sham19Y0014325,6678,291,1209,139,17
753,1364,1575,Sham19Y0014325,6679,289,943,158,29
754,1,978,JK000303,231,387,1346,741,95
754,30,527,Sham19Y0020699,1907,689,969,130,32
754,30,527,JK000787BK1,1048,196,476,130,32
754,1164,1532,Shamela0006228,342,1,459,237,60
754,707,876,Sham19Y0127671,985,188,347,129,94
754,38,952,Sham19Y0026094,451,1,773,351,43
754,217,534,Sham19Y0014325,6686,411,1520,230,26
754,707,978,Sham19Y0014325,6689,476,855,196,65
754,461,650,Sham19Y0014207,202,838,1089,96,44
754,24,527,Shamela0021609,3487,1189,1543,138,29
754,349,527,Shamela0021721,2320,476,937,88,24
754,30,527,Shamela0021619BK2,2892,550,1162,123,18
754,87,537,Shia000841Vols,6807,69,628,195,38
755,31,183,Sham19Y0019230,623,129,673,112,25
755,307,433,Sham19Y0150961,697,786,918,94,86
755,313,1232,Shamela0006228,342,440,1610,598,58
755,31,183,Shamela0011444BK1,238,991,1468,118,29
762,700,1272,Shamela0001717,3092,189,576,104,16
762,685,1281,Shia003636Vols,9485,817,1025,108,21
771,1296,1697,Shamela0021721,4467,971,1456,279,68
772,84,1321,Shamela0021721,4468,1,1590,973,75
772,1321,1549,Shamela0021721,4469,1,236,178,95
773,1001,1193,Shamela0006140,625,1336,1605,123,52
773,397,989,Shamela0006140,625,125,596,195,30
773,1382,1585,Shamela0006140,628,6,214,162,92
773,1,282,Shamela0021721,4469,236,515,212,94
773,265,827,Shamela0021721,4471,810,1420,425,83
774,1,730,Shamela0006140,628,214,1261,478,52
775,452,1259,Shamela0006228,346,1,1006,450,50
775,69,616,Sham19Y0017437,1461,437,707,162,33
776,262,388,Shamela0006228,347,6,138,93,90
776,906,1302,Shamela0006228,347,132,585,287,75
777,648,1201,Sham19Y0150961,672,743,983,168,37
777,76,567,Shamela0006228,347,699,1585,304,39
777,924,1588,Shamela0006228,348,57,889,430,61
778,1,580,Shamela0006228,348,889,1605,369,59
778,584,1592,Shamela0006228,349,1,1293,653,57
779,417,1518,Shamela0006228,350,46,837,436,44
780,1,465,Shamela0006228,350,837,1274,263,60
780,255,465,ShamAY0034059,4301,1043,1246,134,76
780,255,465,Sham19Y0014404,960,987,1180,137,79
784,1023,1187,Shamela0010283,1828,1449,1610,96,65
784,1023,1192,Shamela0001717,3133,1583,1717,66,37
784,877,1256,Shamela0009429,4575,208,653,200,51
798,311,986,Shamela0010283,1826,615,1041,270,48
800,511,762,Shamela0010283,1781,917,1439,135,29
803,544,1267,Shamela0001717,3133,181,693,230,35
806,569,953,Shamela0010283,1820,1139,1533,219,61
815,972,1174,Shamela0010283,1827,1308,1534,142,73
816,825,1050,Shamela0001717,3082,371,649,149,60
822,1148,1575,Shia000163VolsBK2,3995,755,1123,191,49
822,1148,1575,Sham19Y0013577,6346,957,1493,255,56
822,1148,1373,ShamAY0034251BK3,3310,1281,1555,158,71
822,1373,1575,ShamAY0034251BK3,3311,1,221,127,65
823,417,636,Sham19Y0013577,6348,1,352,143,50
823,779,960,Sham19Y0013241,1708,9,128,88,64
823,893,1152,Sham19Y0017885,2567,841,1083,122,51
823,1135,1466,Shamela0008534,107,704,921,145,55
823,893,1126,Sham19Y0014325,6694,729,974,133,61
823,715,1126,Shamela0021721,4370,624,1084,294,79
824,1,828,Shamela0008534,107,921,1628,415,56
824,828,1530,Shamela0008534,108,1,615,383,62
825,210,430,Shamela0021721,4370,1287,1507,166,87
825,430,1456,Shamela0021721,4371,1,1023,759,89
826,619,804,Sham19Y0150961,590,1,167,118,76
826,921,1070,Shamela0001717,2911,664,828,90,61
826,478,1475,Shamela0006228,343,318,1201,526,59
826,852,1116,Sham19Y0014467,259,969,1307,157,51
826,842,1230,Sham19Y0014245,527,1289,1503,149,48
826,828,1475,Sham19Y0017437,1685,370,973,369,61
826,1,406,Shamela0021721,4371,1023,1429,308,95
826,1116,1298,Shamela0021619BK2,2868,632,798,116,79
827,6,273,Shamela0006228,343,1296,1560,195,85
827,373,616,JK000272,1575,1135,1508,171,56
827,710,875,JK000272,1576,327,621,109,47
827,373,721,Shia000841Vols,9164,746,1345,209,42
827,710,875,Shia000841Vols,9165,19,312,108,46
828,66,1363,Shamela0006228,351,69,1593,805,59
828,1374,1565,Shamela0006228,352,62,252,140,88
829,5,1310,Shamela0006228,352,262,1611,774,62
829,209,436,Sham20Y0014596,1157,825,1205,150,44
830,153,559,Shamela0006228,353,210,718,224,50
830,36,539,Shamela0095560,809,797,1336,154,29
850,1131,1260,Shamela0010283,1829,1519,1697,73,51
851,1476,1636,Shamela0021721,2567,1049,1228,108,65
852,507,1257,Sham19Y0032197,740,490,1225,251,32
852,488,756,Sham19Y0019230,659,1263,1524,88,32
852,61,211,Sham19Y0020699,1655,560,698,105,86
852,465,677,Sham19Y0013577,6644,392,739,112,36
852,61,230,Shamela0001717,3776,147,342,118,72
852,764,1077,JK001244,606,937,1463,181,41
852,61,211,JK000787BK1,772,282,422,105,86
852,412,740,ShamAY0034251BK3,3475,500,874,137,41
852,899,1040,Sham19Y0127671,2280,788,956,94,68
852,830,1077,Shamela0021843,3788,1,302,167,65
852,839,1257,Shamela0006136,625,323,619,168,43
852,412,671,Sham19Y0017885,2601,1046,1444,144,46
852,839,1106,Sham19Y0017885,2602,578,899,140,45
852,1328,1480,Sham19Y0017885,2605,1069,1257,98,55
852,928,1032,Shamela0003565,7502,883,1018,80,75
852,608,1202,Sham19Y0132962,1764,701,1314,274,44
852,819,1106,Sham19Y0020561,1252,7,312,193,75
852,819,1301,Kraken220314171616,1391,11,473,250,56
852,618,1379,Shamela0011444BK1,249,127,703,329,52
852,1,246,Shamela0021721,2567,1228,1482,191,91
852,61,211,Shamela0021619BK2,2563,346,486,105,86
852,877,1032,Shamela0009059BK1,3368,384,981,117,24
853,645,1319,Shamela0006228,353,866,1485,372,63
854,1,626,Shamela0006228,354,175,629,297,56
855,61,674,Shamela0003118,7248,424,1048,466,91
855,61,674,Shia002185Vols,1252,524,1100,380,73
855,252,679,Shamela0023790,515,1,410,279,75
855,44,674,JK007082,54,527,1179,482,91
867,112,887,Sham19Y0032197,743,236,838,318,49
867,476,798,Sham19Y0019230,672,840,1196,112,33
867,112,701,Sham19Y0013577,6752,75,1217,128,12
867,422,974,Sham19Y0013577,6753,174,979,201,29
867,136,529,Shamela0021848BK1,2259,505,951,118,27
867,112,810,JK001244,612,633,1392,357,52
867,345,784,ShamAY0034251BK3,3535,35,514,97,19
867,44,959,Shamela0021843,3809,487,1423,432,49
867,580,887,Shamela0006136,627,1,223,155,61
867,224,669,Sham19Y0017885,2646,7,881,273,38
867,669,806,Shamela0003565,7536,22,367,88,33
867,422,599,Shamela0011468BK1,3737,1060,1390,101,39
867,116,544,Shamela0021598,7326,400,763,145,36
867,339,887,Sham19Y0132962,1780,827,1219,237,53
867,566,1026,Sham19Y0132962,1781,19,806,244,36
867,669,1003,Sham19Y0020561,1262,7,649,175,34
867,116,623,Shamela0012036,1170,740,1260,191,36
867,112,1003,Kraken220314171616,1401,460,1308,436,52
867,272,740,JK000208,4663,153,776,199,36
867,155,1003,JK000304,151,920,1381,240,36
867,112,1026,Shamela0011444BK1,252,39,694,394,53
867,112,529,Shamela0021721,2616,1251,1495,120,33
867,669,806,Shamela0009059BK1,3391,905,1292,90,30
868,1,619,Shamela0006228,354,761,1416,443,81
868,1,276,Sham19Y0017437,1897,191,452,202,91
869,922,1550,Shia000033Vols,1847,637,1279,240,35
869,24,511,Shamela0010283,1809,381,695,196,45
869,1411,1550,Shia001395Vols,416,1080,1246,92,66
869,1264,1526,Sham19Y0013785,1371,826,1096,193,83
869,1176,1595,Shamela0021677,2360,92,564,120,20
869,990,1526,Shamela0008463,5900,519,1184,330,53
869,990,1526,Sham19Y0019188,3642,667,1481,325,43
869,968,1373,Sham19Y0016934,4780,1134,1489,159,39
869,1086,1347,Sham19Y0006538,246,715,937,122,46
869,922,1616,Shia000126Vols,800,866,1520,298,42
869,1407,1526,Shia001237Vols,3932,1319,1437,82,83
869,1411,1526,ShamAY0034249,9125,1,120,79,79
869,801,1608,Shamela0021721,2633,621,1387,562,81
869,927,1531,Shamela0021619BK2,1899,656,1388,244,32
870,771,1533,Shamela0006228,355,1,780,470,69
870,22,552,Shamela0011444BK1,253,566,1204,184,27
871,1,759,Shamela0006228,355,780,1553,379,49
872,8,739,Shamela0010283,1809,842,1419,288,41
872,436,753,Shamela0001717,3130,658,979,160,54
875,992,1503,Shamela0000427BK1,808,5,699,190,31
877,1268,1620,Shamela0001717,3130,754,1130,145,36
878,1,1113,Shamela0010283,1810,286,1450,590,54
878,10,371,Shamela0001717,3130,1124,1466,215,65
879,17,253,Sham19Y0013783,3848,85,346,140,63
879,17,253,Shia000026Vols,1395,699,961,133,58
879,354,708,Sham19Y0017885,2724,531,1436,168,22
879,17,253,Zaydiyya0000161,236,590,868,135,56
879,17,253,Shia000065,200,1054,1337,141,58
879,1,253,Shamela0021721,2714,1185,1390,152,78
880,5,565,Shamela0006228,356,903,1579,274,41
891,367,1036,Shamela0001717,3143,925,1626,299,42
892,895,1647,Shamela0001717,3145,1,596,356,53
897,173,734,Shamela0000791,639,271,535,149,32
897,324,1320,JK000201,3544,20,1153,748,78
897,782,1063,Sham19Y0023625,2239,187,652,161,39
897,528,1128,Sham19Y0013605,431,27,553,306,57
897,1133,1351,Sham19Y0122406,3286,5,535,140,31
897,147,710,Sham19Y0122257,2698,655,1419,240,30
897,782,1276,Sham19Y0122257,2699,533,890,261,63
897,331,1320,Shia001764Vols,2058,30,1156,742,78
897,452,1276,Shamela0021715,9325,215,772,233,29
897,98,1128,Masaha001946Vols,978,664,1371,308,30
897,1133,1320,Zaydiyya0000142,2174,28,206,118,77
897,826,1096,Shia001831Vols,434,675,960,148,65
897,152,857,Sham19Y0013252,3981,525,988,240,40
897,826,992,Sham19Y0013252,5505,623,802,127,85
897,1000,1313,Sham19Y0013252,5506,90,388,170,59
897,1133,1313,Shamela0005756,9278,885,1056,117,78
897,129,516,Sham19Y0131521,6511,710,1023,213,64
897,601,775,Sham19Y0131521,6512,704,939,113,61
897,457,710,Shamela0008176,5901,577,983,127,31
897,877,1276,Shamela0008176,5902,569,1205,167,26
897,782,987,Shamela0008176,5902,88,271,122,67
898,203,938,ShamAY0034575,3,195,907,317,41
901,1036,1399,Shamela0009429,2243,1028,1407,254,69
901,1036,1399,Shamela0009429,2275,1283,1652,240,67
901,1027,1888,Shamela0009429,3412,1018,1656,353,41
909,213,663,Shamela0001673,5959,264,983,125,18
909,216,395,Rafed0002341Vols,74,1,339,93,33
909,1196,1373,Sham19Y0023644,28,152,394,141,71
909,246,1084,Sham19Y0023644,30,1,773,552,79
909,213,444,Masaha002028Vols,2255,789,1187,76,19
909,689,1136,Rafed0002654Vols,11456,643,1075,185,39
909,156,1042,Shamela0005756,10553,375,1265,577,75
909,213,1038,Shamela0005756,10555,70,873,553,79
909,689,1136,Shia004092Vols,11243,778,1216,183,39
910,803,955,Shamela0007350,227,1361,1522,90,66
910,803,991,Sham19Y0014045,280,840,1107,135,62