ms1,b1,e1,id2,ms2,b2,e2,ch_match,matches_percent
1,21,1202,JK000381,4440,405,1590,930,95
1,1202,1643,JK000381,4441,1,442,363,100
2,1,358,Sham19Y0023608,3942,1089,1446,292,100
2,1,358,Shamela0023578,3168,603,960,292,100
2,1,1174,JK000381,4441,442,1612,948,99
2,1174,1566,JK000381,4442,1,393,317,100
2,1,358,JK000381,8190,640,997,292,100
2,129,358,Shamela0023632,3500,1,230,188,100
2,1,358,Shia001432Vols,6213,780,1136,291,99
2,87,358,JK000379,80,1,272,222,100
2,1,358,JK009268,4357,695,1052,292,100
2,122,358,Shamela0008473,4771,148,388,183,92
2,1,358,Shamela0023591,6510,879,1236,292,100
2,1,358,Shamela0023591,6511,734,1091,292,100
2,1,358,Shamela0022653,322,264,621,292,100
2,1,358,Shia002380Vols,799,453,1042,292,60
2,1,358,JK010729,87,1304,1662,290,99
2,1,358,Shamela0023628,3415,383,740,292,100
2,1,372,Shia000275Vols,1148,581,941,287,95
2,1,372,Sham19Y0016953Vols,908,930,1295,292,96
2,108,358,JK000066,104,1176,1425,204,99
2,108,358,Sham19Y0023618,1730,967,1217,205,100
2,122,358,Shia002382Vols,1798,25,439,192,56
2,1,372,JK010414,1,229,555,260,85
2,1,358,JK009396,1604,810,1167,292,100
2,1,372,Shamela0029743,1109,414,779,292,96
2,1212,1480,JK000368,385,349,617,213,98
2,1,372,JK000791,2304,931,1301,293,96
2,32,358,Shamela0007798,8923,583,1080,263,64
2,101,358,MMS00020,1,164,421,208,98
2,1,358,Shamela0000041,2570,1213,1570,292,100
3,309,488,Rafed0003257Vols,1610,1454,1633,143,100
3,1025,1365,JK000381,2402,1046,1407,203,62
3,1,1250,JK000381,4442,393,1574,945,92
3,1250,1601,JK000381,4443,1,347,282,98
3,28,161,JK000381,8151,503,636,108,100
3,305,551,JK006478,2954,257,543,153,67
3,1047,1570,JK000100,282,71,424,245,56
3,309,488,JK009268,1420,246,425,143,100
3,28,161,JK006950,2456,1334,1467,108,100
3,24,161,JK010001,3505,456,594,110,98
3,24,161,JK000008,64,498,635,111,100
3,305,488,JK001420,250,337,526,146,96
3,309,488,JK009270,993,53,232,143,100
3,24,161,Tafsir07055,3642,65,203,110,98
3,309,488,Shamela0011730,671,1075,1254,143,100
3,1025,1365,Shamela0011730,672,501,862,203,62
3,1126,1263,JK009266,2223,547,1042,110,27
3,309,551,JK009266,2767,831,1040,156,80
3,309,488,JK000365,1128,319,498,143,100
3,309,488,Zaydiyya0000075BK25,2,1320,1499,143,100
3,309,488,Meshkat00042488,311,117,296,143,100
3,309,488,JK009396,311,84,263,143,100
3,309,488,Rafed0001713Vols,539,358,537,143,100
3,309,488,ShamAY0036821,660,1389,1568,143,100
3,309,488,JK000791,451,738,917,143,100
3,309,488,Shia004549Vols,316,907,1086,142,99
3,309,488,JK009362,1987,1249,1432,143,97
3,309,488,Rafed0003943Vols,251,1243,1422,143,100
4,1033,1536,JK006474,826,718,1486,207,26
4,1,1322,JK000381,4443,347,1609,1023,95
4,1322,1609,JK000381,4444,1,287,228,97
4,1131,1584,JK000100,283,1,372,253,67
4,1138,1428,Shamela0008473,1298,1215,1531,226,84
4,1138,1428,Tafsir09084,570,502,810,211,77
5,489,802,JK006474,826,635,944,189,73
5,1,445,JK006474,827,422,1335,145,16
5,1,1216,JK000381,4444,287,1475,939,96
5,1216,1469,JK000381,4445,1,243,192,93
5,220,717,Shamela0008473,1300,513,936,239,52
5,122,598,Shamela0012884,1382,6,332,170,43
5,1,305,JK009179,171,90,376,119,41
5,122,284,Shamela0022549,349,1085,1444,89,31
5,810,1253,JK000791,452,886,1246,227,61
5,1,445,JK000465,834,814,1230,131,33
6,253,1225,JK000146,264,181,445,186,23
6,866,1078,Shamela0021537,6337,210,422,165,94
6,1268,1410,JK000381,2873,108,256,113,92
6,1268,1396,JK000381,3507,682,810,105,100
6,1,1328,JK000381,4445,243,1539,1041,97
6,1328,1582,JK000381,4446,1,255,211,100
6,828,1126,JK000381,4711,242,540,221,88
6,854,1126,JK000381,5907,434,720,212,91
6,786,1126,JK000330,17,845,1197,235,75
6,891,1126,JK000330,880,6,224,169,87
6,840,1126,JK009315,68,39,349,215,86
6,850,1126,JK006982,4,1336,1626,213,91
6,854,1126,JK001197,325,767,980,158,71
6,897,1132,JK000728,159,850,1055,102,43
6,786,1126,Shamela0021512,230,416,819,252,78
6,253,1225,Shamela0001426,14,707,971,186,23
6,312,586,JK000100,283,1081,1509,161,44
6,507,1503,JK000100,284,1,1223,584,51
6,782,1126,Shamela0002300,294,273,616,210,61
6,866,1126,Shamela0002300,4998,950,1217,198,88
6,866,1126,Shamela0002300,5155,75,402,208,78
6,844,1120,Shamela0012750,115,289,493,142,63
6,891,1126,JK005007,22,534,732,129,58
6,854,1126,JK006950,214,144,430,212,91
6,850,1126,JK006950,2290,817,1107,213,91
6,837,1126,Shamela0010798,1119,929,1185,184,78
6,828,1126,JK000375,98,101,400,222,87
6,854,1126,JK000375,160,1213,1499,212,91
6,811,1126,JK000028,221,415,717,222,85
6,897,1132,ShamAY0034005,769,23,226,101,43
6,837,1126,Shamela0021766,672,317,602,214,92
6,854,1126,JK000576,120,253,492,177,80
6,866,1126,Sham19Y0016953Vols,872,1194,1460,208,96
6,828,1132,JK000075,4,773,1091,233,90
6,891,1126,JK000474,1997,476,701,118,47
6,786,1132,ShamAY0035288,124,909,1348,247,65
6,782,1126,ShamAY0035288,146,767,1054,221,78
6,1268,1396,Shamela0011730,557,531,659,105,100
6,828,1126,Kraken220413194022,3051,1158,1464,222,85
6,854,1126,Kraken220413194022,3114,219,511,211,89
6,828,1126,JK000365,895,42,335,224,89
6,786,1126,JK000365,1073,561,964,253,78
6,786,1132,JK000365,1689,837,1278,247,65
6,782,1126,JK000365,1711,988,1274,220,78
6,844,1126,Shamela0008381,6273,1168,1465,218,91
6,840,1126,JK000080,1005,1069,1364,218,92
6,872,1126,Shamela0000894,3464,1028,1288,202,96
6,786,1126,Sham19Y0122257,2731,661,1038,238,77
6,866,1126,JK000385,47,396,659,208,97
6,782,1232,JK000368,50,1076,1425,238,62
6,854,1126,Kraken220413030759,1453,193,402,155,71
6,792,1132,Sham19Y0039268,439,235,548,107,26
6,828,1132,JK000079,39,1245,1563,233,90
6,866,1126,Shamela0012579,19,102,325,149,61
6,840,1126,Shamela0004473,6284,1135,1435,222,92
6,253,1225,Shamela0004473,17197,253,517,186,23
6,872,1126,Shamela0005848,8,970,1193,178,87
7,623,869,Rafed0003257Vols,4786,1083,1321,184,92
7,1080,1213,Sham19Y0018318,90,1102,1223,96,89
7,584,943,ShamAY0034385,15,650,1013,213,66
7,623,838,Sham19Y0023608,3629,1136,1351,176,100
7,623,869,Shamela0023578,2875,324,562,184,92
7,584,838,JK000381,512,743,995,186,89
7,262,526,JK000381,2474,362,681,147,57
7,1097,1232,JK000381,3436,224,365,98,86
7,1097,1213,JK000381,3652,646,762,94,100
7,1,1303,JK000381,4446,255,1635,1038,90
7,1303,1606,JK000381,4447,1,305,245,99
7,262,521,JK000381,4493,795,1169,153,47
7,623,809,JK000381,4609,864,1050,152,100
7,188,457,JK000381,5737,658,868,132,51
7,623,869,Meshkat0014420,4217,725,963,184,92
7,1080,1209,Tafsir02102,2274,582,699,95,90
7,623,869,Shamela0023632,3244,827,1065,188,93
7,1097,1232,Sham19Y0026523,3589,204,345,98,86
7,623,869,Shia001432Vols,20695,1206,1462,193,92
7,623,869,Sham19Y0147312,1825,578,817,186,92
7,623,869,JK000379,86,495,728,187,93
7,1303,1606,JK000100,51,1161,1381,160,66
7,640,875,Shamela0000922,1137,675,1054,172,55
7,647,869,JK009268,4148,1,215,164,91
7,498,824,JK000371,338,325,643,156,43
7,623,869,Shamela0023591,6208,985,1223,184,92
7,623,869,Shamela0023591,6212,574,812,184,92
7,623,869,QuranAnalysis001,220,89,327,184,92
7,188,457,JK006950,44,642,852,132,51
7,623,869,Shamela0022653,328,918,1151,187,93
7,640,843,Shia002380Vols,727,935,1259,165,62
7,623,852,ShamIbadiyya0000075,841,1222,1566,176,62
7,623,869,Shamela0022712,65,272,509,163,74
7,623,880,Shamela0023628,3137,568,826,192,89
7,1097,1232,Shamela0021499,35,714,855,98,86
7,623,838,JK009270,4772,429,644,176,100
7,584,869,ShamAY0036178,1,1341,1616,194,84
7,628,875,Meshkat00057178,3338,784,1415,174,33
7,623,880,Sham19Y0023618,1576,1092,1350,192,89
7,676,875,Sham19Y0014404,1378,1,480,140,36
7,623,875,JK009266,8146,29,273,192,93
7,640,824,Shia002382Vols,1669,965,1534,141,30
7,640,869,Shia002382Vols,2233,1328,1547,168,90
7,640,838,Shia002382Vols,2234,246,808,147,32
7,623,852,JK000365,908,27,260,177,92
7,1097,1213,JK000365,1228,316,432,94,100
7,623,869,Zaydiyya0000295Vols,547,827,1065,184,92
7,684,869,JK009396,1451,1,179,135,90
7,623,838,Rafed0001713Vols,2445,325,540,176,100
7,623,869,Shamela0000894,159,1075,1313,184,92
7,623,880,Shamela0021821,1705,208,452,188,89
7,262,468,Shamela0002908,9,927,1098,117,65
7,623,869,JK000791,2116,667,905,184,92
7,623,875,JK007018,699,803,1043,182,88
7,623,838,Shamela0010273,3018,612,827,176,100
7,194,468,JK000083,309,27,277,108,34
7,623,869,JK009362,7619,586,827,178,88
7,623,880,Shamela0000041,2345,805,1051,186,86
7,575,838,JK000362,624,109,370,191,88
7,623,869,Rafed0003943Vols,1440,537,1003,184,47
8,613,1135,Shamela0010781,939,518,658,94,21
8,1181,1427,Rafed0003257Vols,1181,364,608,198,99
8,807,1170,Rafed0003257Vols,5016,312,676,296,99
8,1107,1432,Zaydiyya0000577,244,817,1320,124,27
8,1181,1427,Sham19Y0023608,556,466,710,198,99
8,807,1170,Sham19Y0023608,3900,798,1161,296,100
8,1181,1427,Shamela0023578,634,598,842,198,99
8,856,1170,Shamela0023578,3127,1,315,257,100
8,1432,1620,Shamela0036569,144,459,647,153,100
8,1427,1620,JK000381,2561,39,232,157,100
8,1240,1438,JK000381,3175,1363,1560,161,99
8,1,1308,JK000381,4447,305,1611,1064,99
8,1308,1620,JK000381,4448,1,313,255,100
8,1181,1427,JK000381,5820,669,914,200,99
8,870,1170,JK000381,8183,1,301,246,100
8,1427,1620,JK000381,8225,614,807,157,100
8,1240,1427,JK000381,9713,827,1014,152,100
8,1175,1427,Meshkat0014420,775,1061,1313,205,100
8,807,1170,Meshkat0014420,4493,465,827,296,99
8,1181,1432,JK000330,203,1141,1394,203,98
8,1181,1427,JK000330,208,962,1208,200,100
8,1240,1472,JK000330,337,1087,1301,172,91
8,1153,1472,JK000330,953,1063,1361,220,85
8,1240,1427,Shamela0009231,552,908,1095,152,100
8,807,1170,JK000363,94,372,735,296,100
8,670,832,Tafsir03097,340,417,781,109,37
8,1427,1620,Shamela0021688,516,216,409,157,100
8,1170,1438,Shamela0023632,624,666,932,208,95
8,1301,1427,Masaha000554Vols,704,248,744,103,25
8,1181,1427,JK006476,227,269,515,199,99
8,1287,1427,Shia001432Vols,2441,1,141,115,100
8,807,1170,Shia001432Vols,6505,368,733,296,99
8,1181,1427,Shia001432Vols,7038,237,482,198,99
8,682,826,Shia001432Vols,22388,502,643,107,91
8,1432,1620,Shamela0021512,97,260,448,153,100
8,1219,1427,Sham19Y0147312,365,955,1150,159,93
8,1432,1597,Shamela0007664,313,1310,1475,134,100
8,682,796,JK000379,56,219,333,93,100
8,807,1170,Shamela0004445,1614,803,1165,296,99
8,1240,1427,Shamela0036543,187,383,569,152,99
8,1163,1427,Shamela0000922,267,52,345,177,73
8,1295,1427,JK009268,1147,1,133,109,100
8,807,1170,JK009268,4337,967,1330,296,100
8,1181,1438,Shamela0008473,978,786,1043,205,98
8,807,1170,Shamela0008473,4703,627,990,296,100
8,1181,1427,Shamela0023591,1814,697,941,198,99
8,807,1170,Shamela0023591,6477,1148,1511,296,100
8,807,1170,Shamela0023591,6479,1028,1391,296,100
8,693,1033,Sham19Y0018567,989,647,872,180,64
8,1181,1427,QuranAnalysis001,27,1369,1615,200,100
8,807,1170,QuranAnalysis001,236,1153,1516,296,100
8,1181,1427,Shia002356Vols,169,1224,1468,198,99
8,1181,1427,JK006950,127,562,807,200,99
8,807,1170,JK006950,2488,768,1131,296,100
8,1427,1620,JK006950,2530,1413,1606,157,100
8,1240,1427,JK006950,4018,459,646,152,100
8,1181,1427,Shia002394Vols,634,133,377,197,98
8,1181,1351,JK000998,370,1540,1689,120,87
8,1240,1438,Shamela0022653,221,546,743,161,99
8,682,796,Shamela0022653,298,925,1039,93,100
8,1181,1427,Zaydiyya0000062,235,867,1113,200,100
8,807,1111,Sham19Y0009800,738,1285,1589,248,100
8,1261,1427,JK000376,117,1,167,135,100
8,1427,1620,Shamela0003055,1980,171,365,156,98
8,1432,1608,Shamela0003055,2148,1412,1588,143,100
8,1427,1597,Shamela0003055,2227,890,1060,138,100
8,1427,1620,Shamela0003055,3030,1266,1459,157,100
8,1427,1620,Shamela0003055,4046,780,973,156,99
8,1279,1427,JK000103,160,1,149,121,100
8,1420,1620,JK000103,166,75,275,161,99
8,1427,1620,JK000028,238,937,1130,157,100
8,1117,1427,Shamela0023628,560,814,1102,210,83
8,1170,1400,ShamAY0034106,61,732,1180,143,38
8,1432,1620,JK010001,396,1447,1635,153,100
8,801,1181,JK010001,996,164,550,306,96
8,801,1170,JK010001,3512,406,774,301,99
8,1181,1432,JK000378,8,441,694,203,98
8,1181,1427,JK000378,12,770,1016,200,100
8,801,1175,JK000122,1313,633,963,252,83
8,801,1181,Shia003636Vols,712,114,509,304,94
8,1240,1427,JK001173,309,450,632,149,97
8,1181,1427,JK009270,809,1003,1249,200,100
8,807,1135,Hindawi061585791,176,1220,1548,268,100
8,807,1181,Hindawi030353837,907,633,1007,299,98
8,1240,1420,ShamAY0035288,116,1404,1584,146,100
8,1432,1620,Tafsir07055,430,189,377,153,100
8,801,1181,Tafsir07055,1061,704,1089,305,96
8,801,1170,Tafsir07055,3649,262,629,300,99
8,1181,1438,Sham19Y0023618,313,1198,1454,206,98
8,807,1123,Sham19Y0023618,1711,1279,1595,258,100
8,1240,1427,Sham19Y0014404,234,1,188,152,100
8,1163,1427,JK009266,2197,878,1138,204,95
8,807,1181,JK009266,8696,137,509,300,98
8,1181,1427,Shamela0005756,15308,1344,1594,200,98
8,1181,1400,JK000365,1117,1296,1515,178,100
8,1240,1438,JK000365,1681,663,861,161,100
8,1240,1438,Shamela0008381,801,257,448,155,96
8,1181,1427,JK009396,250,1166,1412,200,100
8,807,1170,JK009396,1581,66,429,296,100
8,1240,1427,JK001036,40,68,255,152,100
8,1432,1620,Shamela0010517,26,1082,1269,153,99
8,1181,1427,Rafed0001713Vols,397,804,1048,198,99
8,807,1170,Rafed0001713Vols,2640,1208,1572,296,99
8,867,1170,JK009313,1746,447,1030,243,50
8,693,1033,Shamela0010283,1319,252,477,180,64
8,1175,1341,Shamela0022721,366,292,702,134,40
8,1181,1438,Shamela0021821,295,10,276,205,95
8,807,1170,Shamela0021821,1836,19,382,296,100
8,1181,1427,ShamAY0036821,525,438,683,196,98
8,1181,1427,Shamela0029743,134,175,421,200,100
8,807,1170,Shamela0029743,1095,1010,1373,296,100
8,839,1170,ShamAY0037152,807,364,695,271,100
8,1427,1620,JK001192,5,510,703,157,100
8,1432,1597,Sham19Y0020587,58,630,795,134,100
8,796,1111,Shamela0023833,596,210,607,256,79
8,1199,1432,JK000791,327,616,834,178,93
8,807,1170,JK000791,2276,768,1131,296,100
8,613,1149,JK000370,20,173,508,161,33
8,1219,1432,Shamela0022371,123,160,368,158,91
8,1181,1432,JK007018,103,18,267,202,99
8,807,1170,JK007018,763,393,754,295,99
8,1427,1620,Shamela0008571,4,813,1006,157,100
8,1181,1427,Shamela0010273,380,1058,1302,198,99
8,807,1170,ShamAY0035828,47,6,369,296,100
8,1240,1438,Shamela0004473,7694,1070,1282,157,91
8,1240,1427,Shamela0004473,14109,205,392,152,100
8,1240,1427,Shamela0004473,15179,1202,1389,152,100
8,807,1170,JK009362,8269,936,1299,296,99
8,1240,1427,Shamela0007798,2185,968,1154,152,99
8,1181,1427,Shamela0000041,469,30,276,200,100
8,1181,1427,Shamela0037458,603,598,844,200,100
8,1181,1427,Rafed0003943Vols,183,1400,1644,198,99
8,807,1170,Rafed0003943Vols,1546,1176,1540,296,99
9,261,420,Rafed0003257Vols,4803,632,791,128,100
9,792,1025,Rafed0003257Vols,4831,150,439,183,78
9,261,420,JK000101,534,198,357,128,100
9,93,340,Shia001278Vols,385,643,885,181,85
9,221,420,Sham19Y0023608,3647,1393,1592,161,100
9,169,362,Shamela0023578,2883,1383,1597,151,83
9,1,1304,JK000381,4448,313,1605,1048,99
9,1304,1581,JK000381,4449,1,282,222,98
9,261,420,JK000381,8061,551,710,128,100
9,122,340,Meshkat0014420,4231,278,496,178,100
9,177,420,Shamela0023632,3256,1199,1568,198,65
9,241,420,Masaha000554Vols,5632,1218,1556,142,52
9,264,420,JK006476,1652,16,172,123,98
9,857,1025,JK006476,1667,855,1079,130,71
9,261,420,ShamAY0002038,408,261,420,128,100
9,792,1025,Shia001432Vols,6212,1306,1596,182,77
9,792,1025,Shia001432Vols,6622,45,284,189,97
9,221,420,Shia001432Vols,7047,1,200,161,100
9,261,420,Shia001432Vols,22463,405,564,128,100
9,792,1025,Shamela0000922,1150,715,1324,189,38
9,122,420,JK009268,4155,1290,1588,243,100
9,792,1025,JK009268,4165,162,451,183,78
9,189,420,Shamela0008473,4383,1211,1442,188,100
9,792,1025,Shamela0008473,4407,595,884,183,78
9,122,420,Shamela0023591,6209,1147,1445,243,100
9,122,340,Shamela0023591,6225,1448,1666,178,100
9,792,1025,Shamela0023591,6237,134,423,183,78
9,792,1025,Shamela0023591,6249,939,1228,183,78
9,122,420,QuranAnalysis001,221,232,530,243,100
9,122,420,Shia002356Vols,1141,1002,1300,240,98
9,792,1025,Shia002356Vols,1151,1010,1301,181,76
9,623,824,Shia002185Vols,2658,1266,1471,143,83
9,628,771,Tafsir09084,2260,531,674,117,100
9,261,420,Zaydiyya0000080,271,824,983,128,100
9,253,420,Sham19Y0020891,5903,1012,1190,135,93
9,122,350,Zaydiyya0000062,1862,154,382,179,96
9,792,1025,Sham19Y0009800,838,449,738,183,78
9,792,1025,ShamIbadiyya0000075,849,796,1215,182,53
9,261,420,Shamela0003055,2053,1112,1271,128,100
9,261,420,Shamela0003055,4046,1115,1274,128,100
9,142,420,Shamela0023628,3154,125,460,227,82
9,221,420,JK010001,3073,528,727,161,100
9,261,420,Shamela0012827,9,975,1134,128,100
9,261,420,Sham19Y0095660,2068,340,499,128,100
9,296,454,JK009270,4799,1,172,106,78
9,628,771,ShamAY0035000,263,328,471,116,99
9,792,976,JK000447,790,765,1341,98,18
9,628,771,JK000064,652,665,808,117,100
9,221,420,Tafsir07055,3198,111,310,161,100
9,169,420,JK009266,8171,1235,1492,205,97
9,792,1025,JK009266,8204,45,334,183,78
9,221,420,JK001110,94,854,1053,161,100
9,177,450,Shia002382Vols,2242,30,294,203,91
9,261,420,JK000365,1204,1204,1363,128,100
9,122,420,Zaydiyya0000295Vols,548,964,1262,243,100
9,221,420,JK009396,1458,1001,1200,161,100
9,792,1025,JK009396,1467,1187,1476,183,78
9,628,771,Shamela0001390,49,6,149,117,100
9,261,420,Rafed0001713Vols,2455,899,1058,128,100
9,221,420,Shamela0021821,1714,111,447,161,59
9,792,1025,ShamAY0036821,1739,507,794,180,76
9,122,420,Shamela0029743,1020,648,946,243,100
9,792,1025,Shamela0029743,1028,142,431,183,78
9,261,420,Shamela0012293,1157,173,332,128,100
9,623,771,Sham19Y0150960,648,1056,1203,117,96
9,122,420,JK000791,2122,1278,1576,243,100
9,792,1025,JK000791,2136,675,964,183,78
9,261,420,Shamela0001524,970,383,542,128,100
9,221,420,JK007018,703,38,237,161,100
9,261,420,Shamela0010273,3039,959,1118,128,100
9,122,420,Shamela0019542,36,225,523,243,100
9,261,420,JK000343,654,411,570,128,100
9,122,420,JK009362,7620,734,1035,243,99
9,792,1025,JK009362,7681,872,1163,183,77
9,122,340,Shamela0000041,2354,1035,1253,178,100
9,221,420,Rafed0003943Vols,1447,1268,1467,161,100
9,792,1008,Rafed0003943Vols,1457,1328,1600,169,76
10,893,1146,JK000146,264,607,884,165,71
10,1,1228,JK000381,4449,282,1479,942,95
10,1228,1483,JK000381,4450,1,257,204,99
10,1,153,JK000069,96,173,327,109,85
10,1,157,JK000087,82,244,400,122,100
10,1,600,JK000100,286,703,1471,350,56
10,16,153,Shamela0000327,5,1,148,107,93
10,1,153,Sham19Y0016953Vols,456,1047,1199,119,100
10,1,153,JK009245,807,825,977,119,100
10,4,153,Tafsir07053,334,832,986,113,94
10,1,153,JK000060,184,238,389,117,98
11,400,523,JK000381,2486,118,241,98,100
11,1,1276,JK000381,4450,257,1527,1010,97
11,1276,1533,JK000381,4451,1,258,207,100
11,395,728,JK000381,4542,289,996,166,25
11,400,548,JK000381,4599,1000,1134,107,90
11,395,523,JK000379,93,649,911,101,48
11,381,523,Shamela0011730,671,847,1039,104,68
12,1,1291,JK000381,4451,258,1532,1022,98
12,1291,1522,JK000381,4452,1,232,184,100
12,115,1212,JK000100,291,1,1045,418,36
13,1014,1325,JK000381,2404,78,392,153,46
13,1,1286,JK000381,4452,232,1494,1004,97
13,1286,1502,JK000381,4453,1,217,172,99
13,1157,1302,Shia003961Vols,1035,1213,1344,91,76
13,1036,1225,Shamela0009231,689,916,1072,117,77
13,1157,1302,Shia001432Vols,3219,172,304,86,72
13,1180,1372,Shia001432Vols,18155,192,373,143,92
13,1157,1302,Shia001432Vols,22805,1090,1222,86,72
13,1036,1502,Shamela0008473,1994,131,768,123,17
13,1069,1225,Tafsir09084,2022,1427,1549,93,75
13,1121,1376,Shamela0003055,2836,1,175,120,58
13,1376,1502,Shamela0012884,2050,157,294,92,86
13,1018,1376,JK010001,2762,550,1185,195,34
13,1180,1372,JK007040,3767,531,718,96,59
13,994,1130,JK006892,95,528,684,104,83
13,1157,1302,Shia001137,70,513,658,86,67
13,1171,1343,Shamela0000432,4089,822,1128,115,47
13,1157,1302,Shia003749,23,1077,1209,84,70
14,5,1365,JK000381,4453,220,1545,1069,97
14,1365,1575,JK000381,4454,1,203,164,95
14,1082,1568,JK000100,292,786,1189,241,59
15,1,1406,JK000381,4454,203,1541,1070,94
15,1406,1534,JK000381,4455,1,129,104,100
15,78,205,Shia001432Vols,22634,1452,1579,105,100
15,78,211,Tafsir04056,1267,1537,1670,110,100
16,1,1401,JK000381,4455,129,1503,1097,97
16,1401,1507,JK000381,4456,1,107,85,100
16,22,894,JK000100,293,180,1411,391,36
17,211,797,JK000146,264,728,921,104,22
17,1,1483,JK000381,4456,107,1555,1165,97
17,641,797,JK000100,296,1412,1571,118,88
17,797,1556,JK000100,297,6,601,361,53
18,1,1464,JK000381,4457,80,1524,1159,98
18,107,232,JK000162,324,594,719,103,100
18,7,1093,JK000100,297,601,1575,604,65
18,107,232,JK000100,374,1215,1340,103,100
18,107,232,JK000081,324,1103,1228,103,100
18,111,232,JK010001,3487,1228,1349,100,100
18,107,232,Shamela0008353,314,474,599,103,100
18,107,232,Shamela0008353,910,109,234,103,100
18,111,232,Tafsir07055,3623,1359,1480,100,100
18,111,232,Shamela0000894,770,886,1007,100,100
18,103,232,Zaydiyya0000059,1224,825,954,106,100
18,107,232,Shamela0029677,1110,1318,1444,102,98
18,111,232,Shamela0029677,1508,605,726,100,100
19,154,318,JK000381,629,665,829,131,100
19,159,305,JK000381,2925,802,948,117,100
19,159,338,JK000381,3701,381,560,142,100
19,1,1444,JK000381,4458,141,1569,1148,98
19,159,338,JK000381,4599,299,478,142,100
19,159,338,JK000381,9625,75,254,142,100
19,159,338,Meshkat0014420,2318,840,1019,142,100
19,159,287,ShamAY0036031,111,469,597,102,100
19,159,338,JK001414,1942,678,859,142,98
19,75,338,JK006983,48,288,661,204,68
19,159,338,Shamela0023591,3862,671,850,142,100
19,75,338,JK006950,3929,1058,1431,204,68
19,159,338,Shamela0022653,111,902,1081,142,100
19,154,318,Shamela0022666,83,399,563,131,100
19,159,338,JK001110,79,174,353,142,100
19,75,338,Kraken220413194022,1959,587,980,200,63
19,703,904,JK000080,199,829,1037,120,58
19,159,338,Sham19Y0014592,2997,845,1024,142,100
19,159,338,JK000903,1,417,596,142,100
20,525,1136,JK000146,264,925,1485,403,80
20,1,1427,JK000381,4459,139,1518,1090,95
20,509,876,JK000100,299,1211,1610,200,56
20,525,1275,Shamela0008206,352,86,829,572,95
20,525,981,Kraken220216061221,95,1152,1516,234,62
20,1064,1275,Kraken220216061221,96,86,402,150,61
21,757,1504,JK000146,265,160,887,543,88
21,350,607,JK000381,2885,125,382,214,100
21,350,528,JK000381,4073,1302,1570,148,66
21,1,1499,JK000381,4460,80,1561,1183,97
21,1218,1504,Shamela0000894,546,630,920,220,94
22,313,545,JK000146,265,853,1094,190,96
22,1,1533,JK000381,4461,54,1566,1217,98
22,467,613,JK000330,513,739,901,110,84
22,174,319,Shamela0000894,546,895,1040,118,100
22,467,613,JK000385,56,915,1240,113,43
23,1,1622,JK000381,4462,18,1609,1290,97
23,1211,1371,Shamela0000894,4978,151,301,108,80
24,34,1470,JK000381,4463,1,1429,1135,99
24,501,1383,JK000100,296,271,1266,441,50
24,645,1367,JK007060,894,611,1222,258,37
25,42,1524,JK000381,4464,1,1475,1167,96
26,59,1583,JK000381,4465,1,1503,1216,98
26,758,1583,JK000100,300,93,774,473,67
27,72,312,JK000146,281,899,1125,174,92
27,72,325,JK000381,1785,700,905,150,74
27,53,312,JK000381,2253,779,1028,181,89
27,76,393,JK000381,2423,1290,1544,186,75
27,72,312,JK000381,2898,718,937,164,86
27,128,316,JK000381,2973,29,223,143,94
27,105,312,JK000381,2985,1077,1281,148,92
27,76,335,JK000381,2994,842,1098,186,91
27,72,398,JK000381,3070,1173,1442,189,72
27,128,312,JK000381,3247,1164,1349,142,98
27,72,316,JK000381,3278,357,573,168,88
27,72,277,JK000381,3621,1381,1583,155,94
27,128,312,JK000381,3988,26,210,143,100
27,846,1091,JK000381,4188,227,472,193,98
27,76,1506,JK000381,4466,1,1429,1141,99
27,53,481,Shamela0037325,2132,168,594,188,41
27,846,1091,JK006478,8945,1222,1468,191,96
27,76,325,JK000379,29,489,724,175,90
27,85,286,JK000021,573,989,1216,138,76
27,11,519,JK000100,300,765,1276,306,64
27,20,312,JK001414,256,104,425,195,75
27,72,398,JK001414,877,25,310,203,77
27,95,385,JK001414,895,704,993,184,73
27,72,312,JK001414,908,725,943,169,90
27,76,368,JK001414,917,955,1174,168,73
27,72,286,Shamela0008473,2134,30,268,150,79
27,95,398,JK000077,43,757,1037,187,76
27,72,312,JK000077,75,81,313,180,96
27,133,460,Tafsir09084,1036,1,289,157,58
27,72,316,Shamela0011353,161,1059,1303,184,95
27,128,368,Shamela0012094,171,243,503,159,79
27,76,325,Shamela0022653,272,52,268,160,83
27,846,1091,Shamela0003055,2111,943,1188,193,98
27,95,316,Shamela0006947,16423,479,709,164,92
27,846,1091,Shamela0008555,94,1088,1333,193,98
27,558,842,Shamela0008353,887,561,1096,200,47
27,72,312,Sham19Y0016953Vols,49,1177,1405,177,94
27,72,312,JK000075,28,1114,1349,178,94
27,72,316,JK000350,66,1042,1299,182,89
27,72,577,JK000350,161,242,770,220,39
27,85,286,JK009179,120,582,798,128,73
27,95,316,Shamela0011730,98,755,985,164,92
27,76,581,Shamela0011730,693,485,943,286,67
27,92,286,Shia001237Vols,2928,943,1157,139,84
27,72,306,Kraken220413194022,269,176,403,176,96
27,72,312,Kraken220413194022,932,963,1181,168,90
27,76,368,Kraken220413194022,941,820,1077,194,85
27,846,1091,JK000365,1235,482,727,193,98
27,72,312,JK000365,1261,114,346,176,92
27,413,842,ShamAY0035960,529,28,699,272,50
27,72,358,Shamela0012034,218,1228,1500,200,90
27,128,368,Shamela0012034,450,328,591,159,78
27,95,398,Shamela0022647,14,1019,1304,188,75
27,72,312,Shamela0022647,28,625,845,168,89
27,76,368,Shamela0022647,37,1311,1570,200,87
27,76,312,JK000385,134,501,741,184,98
27,413,842,JK000097,487,573,1257,268,49
27,846,1060,Shamela0001524,651,1265,1480,174,99
27,139,460,JK001226,71,1,415,198,61
27,72,312,JK000079,64,38,273,178,94
27,76,312,JK000362,531,464,694,179,96
27,72,368,JK000362,1100,20,261,183,78
27,101,577,JK000362,2028,879,1328,275,62
28,74,1543,JK000381,4467,1,1411,1126,94
28,1,681,JK000100,301,71,626,264,42
28,769,1111,JK000100,302,1,321,212,72
29,149,1619,JK000381,4468,1,1495,1187,97
30,495,616,JK009265,209,679,800,98,100
30,1078,1283,JK009265,315,927,1176,132,62
30,391,556,JK000381,3118,63,228,133,100
30,391,619,JK000381,3452,267,494,184,99
30,1,120,JK000381,4468,1495,1615,96,99
30,120,1579,JK000381,4469,1,1547,1182,94
30,1125,1283,ShamAY0036031,50,1054,1265,120,69
30,395,616,Shia001432Vols,22727,1023,1244,179,100
30,383,556,Tafsir04056,6249,155,302,98,71
30,391,525,Tafsir04056,6786,1488,1622,107,100
30,1078,1308,Zaydiyya0000328,628,492,761,142,62
30,391,616,JK000028,114,45,285,178,91
30,391,556,JK010001,3041,201,365,133,99
30,391,619,Shamela0021499,52,528,756,184,100
30,391,556,Shia001340,392,738,903,133,100
30,366,625,Sham19Y0016953Vols,28,1,241,187,89
30,391,556,Tafsir07055,3165,1147,1310,132,98
30,1125,1322,Meshkat00057178,1881,581,1146,108,23
30,391,610,ShamAY0034815,171,1299,1522,175,96
30,934,1289,Shamela0010517,1026,616,919,156,42
30,934,1388,ShamIbadiyya0000129,46,894,1087,136,36
31,50,1566,JK000381,4470,1,1508,1208,97
31,556,1525,JK000100,302,355,1247,396,45
31,1224,1566,Shamela0095735,501,1,319,197,64
32,63,1506,JK000381,4471,1,1416,1125,97
32,63,478,JK000100,302,1315,1533,105,32
32,478,1152,JK000100,303,1,682,350,56
32,1123,1506,Shamela0095735,501,744,1120,268,85
32,645,845,Shamela0010463,522,1,173,131,80
32,1123,1506,Shamela0010463,524,843,1215,264,85
32,422,578,Shamela0010463,525,1,170,78,59
33,1219,1445,JK006474,730,232,824,121,24
33,828,1023,JK000381,833,1314,1493,131,83
33,100,1502,JK000381,4472,1,1414,1117,98
33,1,612,JK000100,303,1033,1632,285,46
33,612,1502,JK000100,304,1,750,531,75
33,544,1387,Shamela0095735,496,678,1437,477,66
33,1,381,Shamela0095735,501,1120,1421,222,66
33,828,1023,ShamAY0038316,22,826,1024,146,92
33,828,1023,Shamela0012094,162,1139,1335,133,85
33,544,1336,Shamela0010463,519,758,1437,435,67
33,1336,1502,Shamela0010463,520,1,186,101,64
33,1,381,Shamela0010463,524,1215,1516,222,66
33,6,197,JK000122,3,141,312,121,80
33,832,1023,JK000355,18,1333,1538,145,89
33,549,1023,Kraken220413194022,463,828,1182,156,34
33,882,1226,Shamela0022549,264,739,1156,128,38
33,828,1033,JK000235,148,1346,1538,134,81
33,892,1189,Shamela0000041,565,108,483,156,50
34,1,203,JK006474,1075,164,665,112,26
34,441,702,JK000381,757,779,906,90,41
34,94,1535,JK000381,4473,1,1421,1143,98
34,324,558,JK000381,4923,192,553,160,51
34,1,621,JK000100,304,750,1318,329,54
34,711,985,Shamela0095735,493,508,917,183,54
34,1,233,Shamela0095735,497,98,307,165,89
34,328,446,JK000001,655,121,239,95,100
34,511,835,Shamela0010463,516,1005,1209,122,48
34,1,233,Shamela0010463,520,186,395,167,90
35,1,268,JK000381,2461,1311,1572,197,86
35,268,1193,JK000381,2462,1,666,490,63
35,1177,1492,JK000381,2914,1279,1522,183,68
35,1,109,JK000381,4473,1421,1539,84,88
35,109,1537,JK000381,4474,1,1419,1137,98
35,1184,1537,JK000381,5007,499,924,213,53
35,1177,1504,JK000075,44,1131,1412,206,73
35,1202,1508,Sham19Y0020638,1208,758,1113,213,72
35,1177,1504,JK000079,80,62,343,206,73
35,1225,1534,JK000362,496,1,300,169,58
35,1184,1537,JK000362,1103,217,499,216,76
35,1177,1406,JK000362,1719,345,584,177,90
35,1193,1537,JK000362,2028,7,185,141,51
36,148,1408,JK000381,2462,724,1510,592,58
36,127,1560,JK000381,4475,1,1406,1134,97
36,572,1267,JK000100,307,1010,1510,261,42
37,40,1392,JK000381,2463,113,761,488,44
37,1,158,JK000381,4475,1406,1562,125,98
37,158,1519,JK000381,4476,1,1383,1058,93
37,1,495,JK000100,308,647,1117,316,76
38,12,827,JK000381,2463,828,1537,528,78
38,827,1486,JK000381,2464,1,244,156,28
38,137,1491,JK000381,4477,1,1395,1077,96
39,324,509,Sham19Y0013231,3878,509,750,129,65
39,19,1295,JK000381,2464,212,1513,819,70
39,19,167,JK000381,4477,1339,1487,113,96
39,167,1566,JK000381,4478,1,1396,1128,99
39,324,533,Shamela0000922,1193,651,934,138,61
39,324,458,JK000791,2222,536,692,108,85
40,148,1532,JK000381,2465,66,774,543,48
40,1,185,JK000381,4478,1396,1579,147,98
40,185,1565,JK000381,4479,1,1318,1062,95
40,1338,1565,JK006892,21,1258,1404,118,63
41,262,447,Rafed0003257Vols,2842,576,760,150,99
41,262,447,Sham19Y0023608,1859,870,1058,150,97
41,262,447,Shamela0023578,1539,1340,1524,150,99
41,75,1369,JK000381,2465,774,1547,577,55
41,262,421,JK000381,3314,864,1023,130,100
41,1,242,JK000381,4479,1318,1558,195,99
41,242,1543,JK000381,4480,1,1280,1026,97
41,225,447,JK000381,4633,1038,1246,169,92
41,225,447,JK000381,7976,14,243,180,96
41,256,452,JK000381,8041,911,1107,158,98
41,252,452,JK000381,8158,1237,1437,161,99
41,242,447,Meshkat0014420,2327,723,930,160,95
41,225,447,JK000363,125,284,513,180,96
41,256,447,Tafsir02102,2677,21,212,156,100
41,262,447,Shamela0023632,1762,624,812,150,97
41,262,447,Masaha000554Vols,2284,116,298,148,98
41,242,452,JK006478,4872,681,895,158,90
41,252,447,JK006476,685,679,929,158,77
41,252,421,JK000898,2,1102,1271,138,100
41,252,447,ShamAY0036031,141,1342,1537,159,100
41,262,447,Shia001432Vols,22594,267,451,150,99
41,273,447,Shia001432Vols,22596,1,174,141,99
41,228,464,JK000379,95,130,407,173,73
41,262,447,Shamela0000922,621,890,1076,99,66
41,262,447,JK009268,2447,1361,1546,151,100
41,256,447,Shamela0008473,2432,72,263,151,97
41,262,421,JK000077,112,112,271,130,100
41,262,447,Shamela0023591,3860,180,364,150,99
41,262,447,Shamela0023591,3873,239,423,150,99
41,262,447,QuranAnalysis001,95,1015,1200,151,100
41,262,447,Shia002356Vols,518,480,665,151,100
41,225,447,JK006950,2281,923,1152,180,96
41,256,452,JK006950,2347,249,445,158,98
41,252,452,JK006950,2464,496,696,161,99
41,252,421,Shamela0022653,44,1219,1388,138,100
41,228,464,Shamela0022653,337,448,725,172,73
41,262,447,Tafsir07076,4782,961,1129,99,65
41,219,447,Sham19Y0009800,241,30,252,161,88
41,256,447,JK000028,329,1183,1374,156,100
41,262,447,Shamela0023628,1829,1268,1452,150,99
41,252,421,JK000378,2,1071,1240,138,100
41,225,399,JK000378,204,1397,1557,129,90
41,252,452,JK000008,72,102,301,160,98
41,256,452,JK000372,27,1037,1233,158,98
41,262,437,JK009270,2191,1396,1571,143,100
41,262,447,Sham19Y0023618,833,321,509,150,97
41,262,447,Sham19Y0014404,634,24,602,148,31
41,262,447,JK009266,4896,654,839,151,100
41,262,447,JK001110,79,399,584,151,100
41,1,172,JK006892,21,1404,1571,129,90
41,172,957,JK006892,22,1,541,373,57
41,262,447,JK009396,634,1319,1504,151,100
41,262,447,Rafed0001713Vols,1112,148,332,150,99
41,262,447,Shamela0021821,817,1206,1391,151,100
41,262,447,ShamAY0036821,1166,245,428,149,98
41,262,447,Shamela0029743,443,1259,1444,151,100
41,215,447,Sham19Y0014592,2172,438,670,166,87
41,262,452,JK001496,928,507,702,154,96
41,225,447,Tafsir07057,3260,1273,1486,174,95
41,262,447,JK007018,297,280,465,151,100
41,262,447,Shamela0010273,1185,1246,1434,150,97
41,262,447,Shamela0007798,4962,234,619,151,48
41,281,447,Shamela0000041,1219,1,608,135,27
41,262,447,Rafed0003943Vols,646,706,890,150,99
42,232,475,JK000916,1679,51,285,173,88
42,268,475,JK000916,1817,310,499,133,76
42,268,475,JK000916,7001,877,1078,150,88
42,311,475,Kraken220727035853,4606,552,722,124,91
42,235,475,ShamAY0033108,1752,564,794,167,85
42,272,475,JK001293BK1,546,9,216,145,81
42,232,465,Shamela0023578,3041,1133,1349,161,85
42,503,1482,JK000381,2466,165,896,573,72
42,9,263,JK000381,4480,1289,1541,201,98
42,263,1528,JK000381,4481,1,1213,966,94
42,240,475,Meshkat0014420,4402,763,1049,158,66
42,335,475,Sham19Y0127677,1846,28,171,106,90
42,301,475,Sham19Y0127677,4436,1,176,131,90
42,199,475,Tafsir02102,3574,180,421,173,75
42,232,475,JK000021,785,45,281,174,88
42,268,486,JK000021,1352,10,226,146,78
42,232,475,Shamela0003118,686,397,631,168,83
42,232,475,Shamela0003118,771,93,327,174,88
42,232,475,Shamela0003118,880,820,1053,147,70
42,268,475,Shamela0003118,2377,602,804,152,89
42,268,475,Shamela0021315,200,1047,1265,161,92
42,268,475,Shamela0035100,506,883,1082,146,84
42,203,475,Shamela0023842,476,356,923,176,36
42,232,482,JK009268,4276,640,856,151,75
42,232,475,Shamela0008473,4364,84,322,169,83
42,203,475,ShamAY0035955,319,1081,1290,158,72
42,249,475,ShamAY0037387,114,560,777,155,81
42,232,475,Shamela0012750,40,192,403,149,76
42,253,475,Tafsir09084,2238,5,234,163,86
42,232,515,Meshkat00042485,6420,564,814,172,75
42,203,393,Shamela0021715,7610,1397,1549,113,72
42,232,475,ShamAY0034059,6838,623,856,168,85
42,232,475,JK000520,181,509,732,160,80
42,235,475,Tafsir02091,2020,169,399,167,85
42,268,465,ShamAY0034066,1374,1117,1300,127,79
42,203,475,Shamela0021766,4290,196,464,183,82
42,232,475,JK000742,354,1137,1364,164,82
42,268,486,Sham19Y0023618,1668,162,384,148,82
42,235,475,JK009266,8513,120,351,168,85
42,548,832,JK006892,21,1,237,183,78
42,268,475,ShamAY0032826,832,529,743,160,93
42,232,475,JK006838,307,109,319,154,80
42,232,475,JK001332,368,91,326,167,83
42,240,475,JK009390,1950,658,854,127,60
42,268,475,JK009396,1537,887,1088,150,85
42,232,475,Shamela0010283,3774,1087,1382,124,48
42,232,475,Shamela0021821,1792,501,743,172,85
42,235,503,Shamela0001466,3461,178,438,175,81
42,232,475,JK001295,20,1286,1510,147,69
42,268,475,Shamela0010906,100,790,996,146,81
42,335,475,JK008001,339,605,748,106,90
42,243,475,JK008001,519,1085,1353,172,77
42,44,340,JK000791,2223,1209,1583,195,60
42,340,482,JK000791,2224,1,145,109,95
42,282,475,Shamela0001524,1955,605,1022,151,45
42,232,475,JK000940,55,1012,1242,167,84
42,207,530,Shamela0000432,4204,732,970,168,65
42,268,475,Shamela0012579,1127,995,1210,161,93
42,199,486,Shamela0004473,4922,32,281,163,70
42,232,475,ShamAY0034447,2169,125,356,153,72
42,203,486,JK000818,613,877,1121,180,78
42,335,475,Shamela0001438,3348,989,1139,106,86
42,268,475,Shamela0001438,6410,951,1153,152,89
42,232,475,Shamela0000041,2472,568,800,165,82
43,6,920,JK000381,2466,883,1554,489,66
43,920,1504,JK000381,2467,1,572,454,93
43,1,326,JK000381,4481,1213,1535,258,99
43,326,1543,JK000381,4482,1,1203,968,98
43,886,1221,JK006892,21,652,972,255,94
44,141,649,JK000381,1649,1315,1571,180,45
44,12,1450,JK000381,2467,562,1290,546,47
44,1,329,JK000381,4482,1203,1531,258,99
44,329,1453,JK000381,4483,1,1125,894,99
44,141,668,Shamela0022653,183,1009,1304,189,44
45,20,255,JK000381,2467,1294,1484,148,80
45,788,1496,JK000381,2468,37,651,421,68
45,1,364,JK000381,4483,1125,1487,291,99
45,364,1520,JK000381,4484,1,1143,913,98
46,27,1259,JK000381,2468,651,1500,620,62
46,1,372,JK000381,4484,1143,1514,295,99
46,372,1534,JK000381,4485,1,1162,931,98
47,193,1217,JK000381,2469,4,734,531,64
47,1,403,JK000381,4485,1162,1550,312,96
47,403,1507,JK000381,4486,1,1103,880,99
48,298,742,JK000146,265,1083,1521,335,91
48,742,1364,JK000146,266,1,592,448,89
48,309,966,JK000381,2469,734,1280,423,79
48,19,301,JK000381,2923,907,1164,187,81
48,278,693,JK000381,4439,980,1140,123,36
48,1,466,JK000381,4486,1103,1531,345,91
48,466,1571,JK000381,4487,1,1103,893,99
48,32,278,JK000363,158,611,826,151,71
48,693,1364,Shamela0001426,1,497,1113,469,86
48,309,846,Shamela0001426,14,985,1515,414,93
48,48,272,JK000069,65,1223,1433,159,86
48,48,272,JK000081,340,382,564,134,72
48,19,272,JK000081,602,543,747,145,70
48,19,272,Shamela0095735,555,376,554,135,65
48,32,272,ShamAY0037807,32,766,996,178,90
48,48,272,Shamela0022653,63,462,640,137,75
48,301,693,Shamela0003055,3640,242,416,129,40
48,19,272,JK000340,13,105,289,141,68
48,48,272,Shamela0006947,11790,164,346,134,72
48,19,272,ShamAY0035260,14,1220,1398,136,66
48,48,272,Shamela0008353,360,142,371,160,80
48,19,301,JK000075,53,532,782,184,80
48,79,272,JK000365,1425,1,185,141,89
48,48,272,JK000900,8,534,712,137,75
48,19,272,Shamela0009856,605,788,985,147,71
48,313,666,Kraken220216061221,96,938,1286,256,87
48,19,301,JK000079,88,947,1197,184,80
48,19,272,ShamAY0035828,110,225,428,133,60
48,693,1067,Shamela0004473,17183,1291,1609,243,80
48,1067,1364,Shamela0004473,17184,1,299,226,93
48,309,860,Shamela0004473,17197,531,1076,426,93
49,1206,1468,JK006875,5,90,263,128,60
49,1,344,JK000146,266,936,1123,145,51
49,1076,1468,JK009141,50,155,603,203,51
49,20,275,JK000381,2469,1333,1539,153,71
49,275,1527,JK000381,2470,1,1128,843,80
49,377,1503,JK000381,4439,1217,1578,241,26
49,1,514,JK000381,4487,1103,1593,398,95
49,514,1535,JK000381,4488,1,1010,808,98
49,1206,1468,JK000381,7727,782,1006,166,79
49,748,918,JK000330,1084,577,837,132,62
49,1206,1468,JK000367,258,433,661,171,81
49,1206,1472,JK001414,2086,78,307,166,79
49,1206,1468,Shamela0009859,76,977,1199,166,79
49,1206,1468,JK006950,2033,377,601,166,79
49,1206,1468,Shamela0012094,115,265,495,168,78
49,1299,1468,Shamela0003055,2511,1,116,90,67
49,1206,1468,Shamela0003055,2634,733,907,128,60
49,945,1158,Shamela0003055,3275,168,402,160,85
49,377,1535,Shamela0003055,3640,494,918,269,29
49,715,1468,JK000373,295,53,807,381,50
49,377,1535,JK006892,20,683,1066,273,29
49,939,1158,Shamela0011181,5,67,304,164,86
49,1224,1468,Shamela0010283,3647,794,1171,156,51
49,1064,1196,Shamela0012769,85,1,272,101,46
49,1,344,Shamela0004473,17184,643,830,145,51
50,1,577,JK000381,2470,1136,1504,260,56
50,590,1509,JK000381,2471,5,813,602,80
50,1,498,JK000381,4488,1010,1505,391,99
50,498,1509,JK000381,4489,1,993,799,97
51,1,1133,JK000381,2471,813,1530,527,57
51,1133,1545,JK000381,2472,1,369,295,88
51,359,787,JK000381,4440,170,298,97,28
51,1,550,JK000381,4489,993,1542,440,100
51,550,1545,JK000381,4490,1,973,777,96
51,359,787,Shamela0003055,3640,1069,1197,97,28
52,7,1512,JK000381,2472,369,1484,812,66
52,1,580,JK000381,4490,973,1536,450,97
52,580,1512,JK000381,4491,1,913,727,97
52,71,288,JK010001,3071,745,943,92,45
52,71,288,Tafsir07055,3196,221,419,92,45
52,1022,1512,JK006892,22,579,886,231,60
52,1,558,Shamela0012769,3,603,967,222,46
53,34,1442,JK000381,2473,1,892,654,57
53,1,574,JK000381,4491,913,1490,457,98
53,574,1442,JK000381,4492,1,843,664,97
53,814,1442,JK006892,21,979,1232,166,33
54,42,404,Rafed0003257Vols,814,236,598,296,100
54,254,404,Rafed0003257Vols,824,345,495,123,100
54,871,1373,JK000146,330,921,1497,258,45
54,254,404,Hindawi092480704,43,556,706,123,100
54,42,254,Sham19Y0023608,379,330,542,173,100
54,42,245,Shamela0023578,465,1347,1550,165,100
54,254,404,Shamela0023578,471,259,409,123,100
54,254,404,JK000381,1281,435,585,123,100
54,1,649,JK000381,2473,892,1522,509,95
54,683,1529,JK000381,2474,1,416,323,48
54,32,364,JK000381,4345,357,615,201,72
54,1,668,JK000381,4492,843,1511,545,99
54,672,1529,JK000381,4493,6,849,668,98
54,36,254,Meshkat0014420,586,1335,1552,178,99
54,254,404,Meshkat0014420,588,1132,1282,123,100
54,42,254,Shamela0009231,430,1147,1359,173,100
54,254,404,Shamela0009231,432,1127,1277,123,100
54,254,404,JK000065,395,463,613,123,100
54,42,254,Shamela0023632,426,1175,1387,173,100
54,56,254,Shia000181,173,1,199,162,100
54,50,404,Masaha000554Vols,494,1124,1478,290,99
54,114,404,JK006478,1961,1,292,237,99
54,120,325,JK006476,167,44,312,136,62
54,1,259,Shia002389Vols,292,374,777,183,54
54,254,404,Sham19Y0147312,287,426,576,123,100
54,42,254,Shamela0009759,89,1230,1442,173,100
54,254,408,JK000081,185,721,875,123,98
54,254,404,Shia002550Vols,47,91,241,122,99
54,42,254,Shamela0000922,196,912,1124,173,100
54,254,431,Shamela0000922,197,259,447,138,89
54,42,404,JK009268,883,99,461,296,100
54,99,280,Shamela0008473,816,1,188,145,95
54,198,431,Shamela0008473,818,273,562,177,74
54,24,245,Shamela0008473,2621,1340,1563,178,97
54,42,404,Shamela0023591,1410,994,1356,296,100
54,42,404,QuranAnalysis001,19,491,853,296,100
54,42,265,Shia002356Vols,123,1178,1395,176,96
54,231,454,Shia002356Vols,124,409,618,152,81
54,42,254,Shia002394Vols,457,787,998,172,99
54,148,404,Shia002394Vols,458,707,1090,187,60
54,42,254,Sham19Y0020891,928,454,666,173,100
54,254,404,Sham19Y0020891,929,802,952,123,100
54,93,254,Tafsir07076,2205,1278,1439,131,100
54,93,254,Tafsir07076,6619,801,962,131,100
54,80,254,Tafsir07076,6920,301,483,138,92
54,254,404,Tafsir07076,7628,49,199,123,100
54,93,408,Tafsir04038,56,809,1498,255,45
54,42,254,Zaydiyya0000062,169,790,1001,173,99
54,198,404,Zaydiyya0000062,170,393,774,165,53
54,50,404,Sham19Y0021505,166,497,851,290,100
54,871,1373,Shamela0008363,237,151,943,291,42
54,50,280,JK010729,157,1128,1400,184,82
54,42,254,Shamela0023628,379,1213,1425,173,100
54,254,404,Shamela0023628,381,457,607,123,100
54,42,254,JK010001,757,1375,1586,173,99
54,42,254,Sham19Y0013550,92,1296,1508,173,100
54,50,404,JK009270,587,414,768,290,100
54,50,254,Tafsir07055,816,524,728,167,100
54,42,265,Meshkat00057178,672,933,1169,180,92
54,254,485,Meshkat00057178,674,879,1149,147,59
54,42,280,Sham19Y0023618,218,1094,1342,194,95
54,254,404,Sham19Y0023618,222,1222,1372,123,100
54,42,265,Sham19Y0014404,179,672,896,178,96
54,254,649,Sham19Y0014404,180,132,516,227,68
54,50,404,JK009266,1607,782,1136,290,100
54,42,254,Shamela0023606,116,1326,1538,173,100
54,254,404,Shamela0023606,118,335,485,123,100
54,42,254,Meshkat00042488,170,828,1040,173,100
54,254,404,Meshkat00042488,171,803,953,123,100
54,42,280,JK009396,200,1105,1348,188,94
54,254,404,JK009396,202,96,246,123,100
54,42,404,Rafed0001713Vols,306,601,963,296,100
54,50,254,Shamela0021821,224,1030,1234,167,100
54,198,404,Shamela0021821,225,860,1192,158,58
54,50,404,ShamAY0036821,413,157,509,287,98
54,42,404,Shamela0029743,92,1021,1383,296,100
54,42,254,JK001496,263,414,626,173,99
54,254,431,JK001496,264,64,257,141,87
54,254,404,Tafsir02094,369,1290,1440,123,100
54,32,254,Shamela0012293,4310,170,396,181,96
54,254,431,Shamela0012293,4375,1030,1210,134,91
54,254,404,Shamela0012293,4401,462,612,123,100
54,225,404,Shamela0012293,4475,403,589,129,84
54,225,404,Sham19Y0038093,218,55,220,129,88
54,142,404,Sham19Y0038093,247,1,263,214,100
54,93,360,ShamIbadiyya0000129,422,25,268,197,90
54,42,404,JK000791,238,15,795,296,46
54,208,373,Rafed0003150Vols,272,1426,1601,135,94
54,42,408,Shamela0022371,105,409,941,299,68
54,259,408,Shia004092Vols,430,1032,1181,117,96
54,42,280,JK007018,81,639,880,189,95
54,254,404,JK007018,81,1405,1556,123,99
54,42,259,Shamela0010273,268,1391,1607,173,97
54,254,404,Shamela0010273,270,31,181,123,100
54,42,254,JK009362,1356,904,1116,173,99
54,254,404,JK009362,1363,540,690,123,100
54,36,254,Shamela0007798,1746,238,456,178,100
54,165,404,Shamela0007798,1751,301,523,142,70
54,42,280,Shamela0000041,331,526,770,189,95
54,254,608,Shamela0000041,334,775,1181,238,64
54,42,265,Shamela0037458,453,641,867,178,96
54,272,404,Shamela0037458,455,1,133,107,99
54,114,254,Shamela0021735,897,1,141,114,100
54,42,404,Rafed0003943Vols,97,699,1061,296,100
55,1,650,JK000381,2474,416,759,270,50
55,59,334,JK000381,4446,601,776,138,61
55,1,640,JK000381,4493,849,1475,502,97
55,640,1502,JK000381,4494,1,862,687,99
55,874,1502,Shamela0008363,240,878,1567,327,51
55,1,170,Shamela0002908,9,869,1087,138,77
55,1,170,JK000083,309,97,266,138,100
56,414,1578,JK000381,2474,695,1451,535,55
56,1,684,JK000381,4494,862,1531,538,96
56,684,1578,JK000381,4495,1,893,724,99
57,501,1515,JK000381,2475,92,812,502,60
57,1,675,JK000381,4495,893,1548,523,97
57,675,1515,JK000381,4496,1,823,660,97
58,1,1025,JK000381,2475,812,1467,447,51
58,1118,1495,JK000381,2476,1,263,178,60
58,1,733,JK000381,4496,823,1535,573,97
58,733,1495,JK000381,4497,1,756,601,98
59,398,654,ShamAY0034385,18,477,1164,187,33
59,1,1448,JK000381,2476,263,880,458,39
59,1,783,JK000381,4497,756,1505,598,95
59,783,1448,JK000381,4498,1,663,519,98
60,284,1156,JK000381,2476,920,1540,444,58
60,1156,1356,JK000381,2477,1,181,143,88
60,457,1282,JK000381,4438,615,1071,331,49
60,1,808,JK000381,4498,663,1453,629,97
60,808,1561,JK000381,4499,1,752,616,99
60,457,811,Shamela0003055,3638,1305,1470,121,43
60,457,1282,JK006892,19,140,592,323,48
61,471,674,Kraken220413202218,1214,246,442,147,85
61,471,748,JK009141,89,1035,1293,204,91
61,389,748,Kraken220727035853,4049,1,420,228,65
61,1346,1514,Sham19Y0016618,95,29,216,118,78
61,527,748,Sham19Y0016618,227,1103,1319,175,97
61,463,748,ShamAY0035035,9938,539,770,177,75
61,1346,1514,Shamela0021537,707,538,699,124,88
61,1346,1514,Shamela0021537,5516,683,844,124,88
61,1290,1503,JK000381,2390,1345,1556,163,94
61,1032,1378,JK000381,2477,347,623,182,60
61,43,346,JK000381,2477,197,340,114,47
61,1,842,JK000381,4499,752,1593,674,99
61,842,1529,JK000381,4500,1,724,550,94
61,1303,1514,JK000381,5203,694,906,152,82
61,199,454,JK000381,5258,594,849,160,67
61,474,748,Shamela0001585,265,739,1017,203,90
61,463,748,Sham19Y0017729,438,101,386,229,99
61,1328,1514,JK000098,174,1134,1318,127,81
61,227,748,JK000486,200,860,1320,258,52
61,463,748,Shamela0000347,507,200,496,212,88
61,471,748,Sham19Y0013252,9345,298,587,220,94
61,471,748,JK007065,707,223,488,206,91
61,512,748,Tafsir02096,1872,1186,1388,145,71
61,1373,1514,Shamela0007664,80,336,493,109,85
61,471,674,JK007063,520,65,311,162,82
61,219,532,Shamela0036543,2142,781,1010,156,59
61,471,748,ShamAY0038083,109,214,882,207,37
61,471,748,Sham19Y0018106,3837,463,752,220,94
61,1346,1514,Shamela0008473,1631,394,573,121,81
61,471,674,Shamela0008473,2677,703,913,155,92
61,463,748,Shamela0026568,1363,586,876,229,97
61,474,748,Sham19Y0127656,750,666,1006,221,80
61,471,748,Kraken230110004547,564,457,721,199,85
61,498,674,Tafsir09084,1313,930,1110,142,97
61,463,748,Shamela0021536,362,555,839,221,95
61,463,748,Sham19Y0149697,1838,796,1090,208,81
61,471,748,Shamela0000767,4264,672,952,218,97
61,471,748,Shamela0037837,585,550,826,213,93
61,1346,1514,Shamela0007635,14,347,507,124,88
61,474,748,JK009336,2957,86,373,220,95
61,471,748,Shamela0021715,9803,592,881,220,94
61,463,748,JK010127,36,107,390,208,84
61,463,748,JK000030,217,245,540,226,95
61,243,748,Sham19Y0017791,1864,72,543,216,38
61,544,748,Shamela0025794,1971,1,201,160,97
61,471,748,Shamela0025794,2066,1139,1425,218,93
61,471,748,Shamela0025794,2088,351,634,215,93
61,1032,1388,Shamela0003055,3639,457,728,180,63
61,1346,1514,Shamela0003055,4119,130,290,127,93
61,1346,1514,Shamela0012884,1658,986,1165,120,80
61,471,748,Shamela0012884,2897,991,1266,210,91
61,616,748,Sham19Y0013605,4545,749,881,106,100
61,498,851,Shamela0022712,62,672,1083,235,68
61,463,748,Shamela0023628,1300,716,1016,222,90
61,463,748,JK000384,366,355,646,215,91
61,471,748,Sham19Y0018103,3798,1132,1421,220,94
61,605,748,Shamela0036446,1418,1,144,115,100
61,471,748,Sham19Y0148271,661,1177,1463,217,93
61,1346,1514,Sham19Y0148271,1367,863,1040,121,82
61,471,748,JK009152,2518,573,829,204,91
61,1373,1514,Shamela0021659,457,767,918,104,85
61,1346,1514,JK001429,41,769,946,122,82
61,498,748,Sham19Y0016976,1671,1155,1405,200,99
61,243,757,Sham19Y0014119,533,938,1393,212,38
61,498,748,Tafsir06048,579,1262,1520,182,87
61,527,748,Shamela0008353,633,670,886,175,97
61,463,748,Shamela0023685,1506,230,519,221,92
61,463,668,Sham19Y0017903,925,1294,1499,165,100
61,1290,1514,Shamela0011730,660,1115,1342,177,97
61,471,748,Sham19Y0016584,4276,622,911,220,94
61,471,748,Shamela0005756,14249,1143,1432,220,94
61,1324,1508,JK000365,58,463,647,146,98
61,1290,1514,JK000365,1264,951,1176,176,97
61,458,674,Shia004509,200,1008,1230,174,97
61,458,748,JK007045,764,188,466,204,84
61,265,748,Sham19Y0145212,3353,543,1004,258,65
61,463,741,Shamela0000894,1132,1294,1584,223,95
61,463,748,Shamela0021821,617,205,484,217,95
61,471,748,Sham19Y0018176,2312,875,1164,220,94
61,458,748,Sham19Y0122257,3145,611,909,221,91
61,527,748,Sham19Y0014592,2982,102,320,175,97
61,463,748,Sham19Y0132973,467,1004,1324,223,84
61,1346,1514,JK000213,500,27,210,122,80
61,508,748,Shamela0001466,790,1331,1574,192,97
61,1346,1514,Shamela0008476,442,1080,1240,128,94
61,1373,1514,JK009274,349,696,847,104,85
61,463,748,Sham19Y0020638,106,870,1154,229,99
61,443,748,JK000791,758,616,865,167,65
61,471,748,Shamela0007798,5594,864,1155,215,92
61,578,748,Sham19Y0017063,1412,1,171,137,100
61,471,748,Shamela0008243,114,107,377,198,84
61,471,748,Shamela0000041,922,1037,1314,223,100
61,1388,1514,JK000362,1270,1,128,102,99
61,336,748,Tafsir01005,5059,146,630,298,76
61,471,748,Tafsir01005,5325,488,760,219,98
61,471,748,JK000110,1710,168,458,221,94
62,955,1569,JK000381,2477,735,950,166,32
62,12,879,JK000381,4500,674,1538,697,99
62,879,1569,JK000381,4501,1,673,546,96
63,13,866,JK000381,2477,934,1635,543,75
63,914,1691,JK000381,2478,12,537,410,64
63,1,1004,JK000381,4501,673,1675,822,99
63,1004,1691,JK000381,4502,1,659,536,95
64,474,671,JK000101,372,1013,1288,138,58
64,474,671,JK000101,536,47,269,133,67
64,492,680,JK000146,404,45,229,145,96
64,1004,1342,JK000146,404,1222,1559,249,89
64,1342,1557,JK000146,405,1,213,165,95
64,417,661,Sham19Y0016618,50,1226,1518,177,75
64,442,671,JK000381,477,789,1024,174,88
64,442,671,JK000381,1785,1000,1235,169,85
64,442,676,JK000381,2424,520,768,181,91
64,1,1253,JK000381,2478,537,1635,867,84
64,1253,1557,JK000381,2479,1,255,194,76
64,417,676,JK000381,2558,446,732,173,68
64,417,671,JK000381,3277,1148,1351,150,74
64,466,708,JK000381,3726,555,806,173,83
64,417,671,JK000381,3782,952,1262,189,77
64,442,671,JK000381,3809,1310,1549,166,84
64,499,671,JK000381,3922,1116,1288,137,99
64,442,671,JK000381,4173,323,540,173,94
64,1,967,JK000381,4502,659,1604,761,97
64,967,1557,JK000381,4503,1,567,455,95
64,474,671,JK000381,5340,1,206,157,95
64,442,671,JK000381,6034,905,1141,173,90
64,448,680,JK000065,147,613,831,125,62
64,474,671,JK000098,43,52,277,155,85
64,492,671,Shamela0037325,445,845,1018,123,86
64,417,671,Shamela0037325,2721,923,1218,182,78
64,466,708,Tafsir02102,1186,1253,1503,173,84
64,474,671,Shamela0004445,4488,992,1248,153,74
64,474,671,Shamela0004445,4518,151,377,156,85
64,474,671,Shamela0000956,33,1024,1229,139,83
64,448,671,JK000081,823,1003,1218,150,82
64,401,671,JK006886,202,414,792,176,54
64,417,671,JK001414,255,958,1161,150,74
64,448,680,JK001414,301,946,1196,162,75
64,417,671,JK000077,74,817,1020,150,74
64,442,671,JK006950,341,431,667,173,90
64,554,676,JK000382,366,138,259,94,97
64,442,671,JK000375,6,930,1161,169,85
64,474,671,JK000375,66,141,360,157,89
64,474,671,Shamela0003055,3441,962,1217,157,76
64,442,671,Shamela0006947,16423,858,1093,174,88
64,474,671,JK009158,238,380,626,128,58
64,474,671,JK009158,741,30,273,117,54
64,417,671,Tess21012422,5,298,559,173,80
64,417,671,JK000028,264,980,1182,150,75
64,474,671,JK001435,4,287,519,152,81
64,543,671,JK001435,94,1,153,98,78
64,442,708,JK000075,40,1113,1409,154,59
64,442,671,Shamela0011730,98,1134,1368,172,88
64,417,671,Shamela0011730,353,865,1159,183,78
64,442,680,Shamela0011730,392,805,1061,170,77
64,442,661,Shamela0011730,693,1294,1530,169,89
64,474,676,Sham19Y0017581,46,17,226,142,79
64,417,671,Kraken220413194022,268,956,1158,147,72
64,520,671,Kraken220413194022,2962,1,153,121,99
64,474,671,Kraken220413194022,3020,369,586,154,86
64,405,708,JK000365,149,511,830,195,69
64,438,627,JK000365,629,1360,1565,123,67
64,442,671,JK000365,1223,184,406,144,67
64,442,671,Shamela0012034,247,537,769,166,85
64,474,671,Shamela0011379,59,814,1069,157,76
64,474,708,JK000368,286,631,874,161,75
64,442,680,JK000368,348,114,346,177,89
64,417,632,Shamela0008476,122,1264,1520,151,74
64,492,671,Shamela0010906,2357,204,377,123,86
64,504,708,ShamAY0033885,42,18,235,139,76
64,474,671,Shamela0004473,10951,1206,1445,155,80
64,442,671,JK000362,987,54,288,172,87
64,474,671,Shamela0006463,84,976,1189,145,82
65,7,1618,JK000381,2479,255,1235,733,55
65,1,1078,JK000381,4503,567,1609,848,96
65,1078,1625,JK000381,4504,1,545,435,96
66,1,388,JK000381,2479,1242,1618,294,92
66,1327,1498,JK000381,2480,233,357,85,62
66,388,709,JK000381,2480,1,233,184,70
66,1,1028,JK000381,4504,545,1557,811,97
66,1028,1498,JK000381,4505,1,470,380,99
67,577,1434,JK000381,2480,471,901,307,43
67,1,1182,JK000381,4505,474,1619,922,95
67,1182,1576,JK000381,4506,1,394,311,99
68,77,1044,JK000381,2480,901,1626,546,68
68,1044,1607,JK000381,2481,1,800,396,55
68,506,1399,JK000381,4439,8,686,422,51
68,1,1228,JK000381,4506,394,1571,956,95
68,1228,1607,JK000381,4507,1,380,306,99
68,506,1399,Shamela0003055,3639,834,1540,423,50
68,1243,1403,Tafsir10066,1440,11,168,125,97
68,506,1286,JK006892,19,1048,1567,380,58
68,1243,1445,Shamela0012034,12,1088,1285,160,97
68,1243,1410,Tafsir07057,201,64,234,133,97
69,1,994,JK000381,2481,807,1588,610,74
69,994,1608,JK000381,2482,1,550,440,87
69,44,558,JK000381,4439,600,968,282,67
69,1,1265,JK000381,4507,380,1632,1019,98
69,1265,1615,JK000381,4508,1,350,282,99
69,44,204,Shamela0003055,3639,1455,1586,100,77
69,204,558,Shamela0003055,3640,1,237,182,62
69,476,664,Masaha002028Vols,1259,1277,1466,152,98
69,44,558,JK006892,20,80,446,281,67
69,476,664,Shamela0010283,3530,571,760,152,98
69,480,633,Sham19Y0127698,70,1159,1312,126,100
69,476,664,Shamela0023833,608,951,1140,152,98
69,464,664,JK000362,1345,165,366,157,94
70,1,244,JK000381,2482,550,766,173,86
70,1,1273,JK000381,4508,350,1602,1015,97
70,1273,1590,JK000381,4509,1,318,249,96
71,1,1221,JK000381,4509,318,1513,950,96
71,1221,1479,JK000381,4510,1,259,202,100
72,1,1182,JK000381,4510,259,1411,899,96
72,1182,1396,JK000381,4511,1,220,166,97
73,720,1014,JK000146,350,811,1229,174,51
73,844,1014,Sham19Y0017747,2394,318,477,108,82
73,817,1008,Shamela0021537,971,297,488,128,84
73,817,1008,Shamela0021537,1511,218,409,128,84
73,883,1014,Shamela0021537,1681,5,136,87,80
73,808,1014,Shamela0021537,2689,1040,1250,139,83
73,821,1008,Shamela0021537,2693,1,188,125,83
73,826,1008,Shamela0021537,3371,910,1103,118,77
73,817,1014,Shamela0021537,4325,686,884,133,84
73,817,1008,Shamela0021537,5779,46,237,128,84
73,859,1014,Shamela0021537,5780,1,159,103,80
73,817,1008,Shamela0021537,5782,43,231,126,82
73,660,1008,Shamela0021537,5857,773,1437,194,37
73,795,1014,JK000381,156,224,422,152,89
73,720,1014,JK000381,2455,1011,1253,184,80
73,836,1014,JK000381,3066,1,163,111,81
73,907,1014,JK000381,3540,1028,1137,80,95
73,811,1014,JK000381,4397,371,572,145,92
73,1,1282,JK000381,4511,220,1472,999,97
73,1282,1473,JK000381,4512,1,201,152,95
73,817,1014,Shamela0006886,88,1099,1287,123,80
73,808,1014,Shamela0006886,110,371,572,132,81
73,808,1014,Shamela0006886,147,532,733,132,81
73,844,1014,Sham19Y0127677,1891,1105,1276,112,81
73,100,402,Shamela0011354,151,1013,1482,127,34
73,799,1014,Shamela0001463,27,4,218,159,95
73,811,1014,JK000367,285,114,304,135,84
73,121,457,JK000367,367,480,1060,159,34
73,690,1014,Sham19Y0020643,450,528,847,165,53
73,808,1014,Shamela0036543,126,758,949,131,82
73,844,1014,JK000081,881,1179,1308,90,69
73,907,1014,JK001414,355,714,823,80,95
73,799,1014,JK001414,872,279,474,137,82
73,808,1014,Shamela0008473,589,1177,1385,136,80
73,158,437,Shamela0008473,3125,109,522,121,34
73,844,1014,JK000166,8554,391,550,108,82
73,795,1014,Tafsir09084,210,1088,1309,139,78
73,854,1014,Shia002264,271,6,154,104,83
73,811,1014,Shamela0012094,123,199,389,135,84
73,808,1014,Sham19Y0036571,7,1090,1291,136,83
73,795,1014,JK000376,60,744,961,163,93
73,808,1014,Shamela0025794,1980,601,792,131,82
73,808,1014,Shamela0012884,477,1206,1407,136,83
73,720,1014,JK000378,265,505,747,184,80
73,808,1014,Sham19Y0148271,665,630,833,136,82
73,844,1036,JK000201,4077,838,1013,113,76
73,844,1014,JK000201,4224,1002,1161,108,82
73,844,1014,Sham19Y0014299,468,287,451,111,84
73,808,1014,Sham19Y0014579,214,744,954,135,79
73,808,1014,Shamela0021766,3920,965,1161,132,80
73,811,1008,Shamela0000107,1428,537,727,121,77
73,811,1008,Shamela0000107,1923,1052,1258,127,77
73,817,1008,Shamela0000107,3826,1,189,124,81
73,808,1014,JK000637,3560,564,752,130,82
73,799,1014,JK009270,3362,445,639,126,76
73,870,1003,JK000675,9,1,506,98,25
73,799,1014,Kraken220413194022,897,226,422,139,82
73,808,1008,Shamela0008381,5879,55,255,124,71
73,808,1014,JK009390,1981,732,935,125,72
73,840,1014,JK009390,3331,213,379,104,75
73,799,1014,JK000080,597,308,508,134,80
73,808,1014,Sham19Y0145212,1580,259,450,132,82
73,808,1014,Sham19Y0122257,1323,489,680,131,82
73,817,1014,Shamela0001466,2175,229,406,122,79
73,808,1014,Shamela0009567,969,1094,1285,131,82
73,808,1014,Tafsir07057,370,99,309,135,79
73,844,1014,JK008001,379,96,266,110,80
73,817,1014,JK000219,15,882,1060,123,80
73,808,1014,Shamela0000432,5894,105,296,132,82
73,799,1014,Shamela0004473,7226,872,1095,142,78
73,730,1014,JK000465,302,1196,1485,158,66
73,844,1014,Shamela0001438,3415,818,982,112,85
73,799,1014,Shamela0037458,307,489,714,144,78
73,799,1014,JK001012,32,91,296,138,83
73,795,1014,JK001012,52,634,838,135,80
73,799,1014,JK001012,66,257,453,131,78
74,1103,1239,Rafed0003257Vols,2121,347,483,109,100
74,1244,1406,Shamela0007603,7,1300,1462,127,100
74,1103,1239,Sham19Y0023608,1161,709,849,109,97
74,1103,1239,Shamela0023578,1123,1381,1518,109,99
74,1,1309,JK000381,4512,201,1481,1016,97
74,1309,1459,JK000381,4513,1,151,117,100
74,1092,1433,JK000381,6744,1158,1506,269,97
74,1097,1239,Meshkat0014420,1515,90,232,114,100
74,1103,1239,Shamela0023632,1177,369,509,109,97
74,1103,1239,Shamela0002386,120,62,198,109,100
74,1103,1244,JK006478,3583,501,638,109,95
74,1097,1239,JK006476,443,579,866,114,49
74,1244,1412,Shamela0037475,143,6,174,131,99
74,1103,1239,ShamAY0036031,143,1376,1512,109,100
74,1103,1239,ShamAY0036031,182,283,419,109,100
74,1232,1406,Shia001432Vols,713,1121,1296,134,97
74,1097,1239,Shia001432Vols,2448,396,538,112,98
74,1092,1239,Shia001432Vols,22021,412,559,118,100
74,697,1103,Shia001432Vols,22596,363,492,105,31
74,963,1103,Shia001432Vols,22597,644,784,114,100
74,1103,1239,Sham19Y0147312,647,1278,1414,109,100
74,1085,1239,Sham19Y0036072,167,1135,1290,116,94
74,953,1072,JK000081,341,699,953,94,46
74,1103,1239,JK009268,1774,326,462,109,100
74,1092,1266,Tafsir04056,439,716,900,122,74
74,1097,1250,Zaydiyya0000329,68,460,622,118,89
74,1103,1239,Shamela0008473,1774,641,777,109,100
74,1244,1406,Zaydiyya0000044,150,255,417,127,100
74,1103,1239,Shamela0023591,2919,398,534,109,100
74,1103,1239,QuranAnalysis001,58,1019,1155,109,100
74,1103,1239,Shia002356Vols,331,350,485,107,98
74,1092,1454,JK006950,1051,93,462,274,92
74,1103,1239,Sham19Y0020891,1932,1341,1477,109,100
74,1250,1459,Zaydiyya0000062,1688,244,700,147,41
74,1244,1406,Shamela0003055,67,789,951,127,100
74,1239,1406,Shamela0003055,377,663,830,131,100
74,1239,1406,Shamela0003055,2690,837,1004,131,100
74,1239,1406,Shamela0003055,2851,1333,1500,131,100
74,1244,1406,Shamela0003055,3138,31,193,127,100
74,1250,1459,Shamela0023628,2982,408,985,146,32
74,1085,1255,JK010001,1155,1131,1304,122,88
74,963,1367,JK010001,1166,190,649,154,29
74,1092,1239,JK010001,3362,867,1015,117,98
74,1092,1250,Shamela0012828,2,1084,1262,127,88
74,1103,1239,Sham19Y0016953Vols,235,1104,1240,109,100
74,697,1002,Sham19Y0016953Vols,469,932,1177,107,39
74,1103,1239,JK009270,1440,694,830,109,100
74,1103,1239,Tafsir07055,1226,1403,1539,109,100
74,963,1367,Tafsir07055,1237,811,1269,155,30
74,1244,1406,Tafsir07055,3107,882,1182,127,54
74,1092,1239,Tafsir07055,3495,637,785,117,98
74,1250,1412,Meshkat00057178,3149,464,626,127,100
74,1103,1239,Sham19Y0023618,563,429,565,109,100
74,1250,1459,Sham19Y0014404,1271,682,984,161,68
74,1103,1239,JK009266,3610,661,797,109,100
74,697,1097,Shamela0001340,184,1260,1531,171,46
74,1244,1406,Shamela0001340,185,613,775,127,100
74,1103,1239,Shamela0001340,227,1191,1327,109,100
74,1239,1433,Shamela0011380,166,727,937,141,86
74,1109,1244,Shamela0008381,2866,1,136,109,100
74,1103,1239,Meshkat00042488,456,114,612,109,27
74,949,1406,Shamela0012034,175,893,1308,182,40
74,1103,1239,JK009396,419,1172,1308,109,100
74,1103,1239,Rafed0001713Vols,758,189,325,109,100
74,1103,1239,Shamela0021821,552,537,673,109,100
74,1103,1239,Shamela0029743,274,730,866,109,100
74,943,1353,Sham19Y0122257,1316,28,153,92,28
74,1244,1406,Shamela0007597,40,782,944,127,100
74,1103,1244,JK001496,611,869,1006,109,95
74,953,1092,Sham19Y0011326,19,17,156,113,100
74,957,1092,Sham19Y0011326,47,442,577,110,100
74,963,1258,Rafed0003799Vols,597,845,1340,175,38
74,997,1367,Shamela0012293,1205,239,1000,127,19
74,1103,1239,JK000791,666,1484,1620,109,100
74,1250,1459,JK000791,1989,421,1005,150,33
74,949,1406,JK001226,117,127,541,182,40
74,1103,1239,JK007018,191,1108,1244,109,100
74,1103,1244,Shamela0010273,764,1026,1171,111,95
74,1239,1423,JK000116,144,800,985,134,91
74,1232,1406,JK000116,162,707,881,136,99
74,1103,1239,Shamela0004473,5977,656,792,109,100
74,1103,1239,Shamela0004473,6220,1319,1455,109,100
74,957,1092,Shamela0004473,6244,1445,1580,110,100
74,1097,1244,Shamela0004473,9611,306,448,111,93
74,1103,1239,Shamela0004473,10242,95,231,109,100
74,697,1002,Shamela0022650,11,99,358,106,37
74,1103,1239,JK009362,2610,629,766,109,99
74,1097,1213,JK009362,7114,364,481,93,98
74,949,1367,JK009362,7490,693,824,102,31
74,1103,1244,Shamela0007798,3726,1147,1283,109,96
74,1244,1406,Shamela0007798,7917,636,798,127,100
75,33,637,Rafed0003257Vols,2097,1195,1483,231,46
75,28,637,Sham19Y0023608,1135,785,1089,239,47
75,492,642,Shamela0021537,755,744,894,124,100
75,492,642,Shamela0021537,3385,478,628,124,100
75,933,1070,JK000381,4334,107,244,109,100
75,1,1473,JK000381,4513,151,1572,1152,96
75,41,575,JK000381,7704,1355,1578,180,41
75,933,1105,Masaha000554Vols,5308,1230,1378,113,82
75,41,613,JK006476,435,832,1079,186,40
75,929,1070,ShamAY0002038,621,472,613,112,100
75,933,1070,Shamela0011285,30,961,1098,109,100
75,41,637,JK009268,1749,221,501,228,46
75,925,1150,Tafsir04056,2123,861,1125,150,63
75,41,637,Shamela0008473,1759,163,443,228,46
75,41,637,Shamela0023591,2878,703,983,228,46
75,41,637,QuranAnalysis001,57,533,813,228,46
75,41,637,JK006950,2010,950,1235,231,47
75,929,1070,Tafsir07076,7235,1250,1533,111,49
75,929,1070,Tafsir07076,9181,679,820,112,100
75,41,637,Shamela0023628,1129,276,556,228,46
75,933,1075,Shamela0012828,2,674,821,113,96
75,929,1081,JK001420,430,427,579,117,97
75,41,637,JK000355,24,17,301,230,47
75,925,1257,Shamela0012034,175,893,1146,201,75
75,33,637,JK009396,412,836,1138,235,46
75,933,1070,Sham19Y0145212,1575,1173,1310,109,100
75,933,1081,ShamAY0035562,3,1272,1425,118,96
75,933,1081,JK006919,902,1,154,118,96
75,925,1257,JK001226,117,127,379,201,75
75,61,637,JK007018,189,1,261,212,45
75,933,1070,JK001032,18,220,357,109,100
75,933,1105,Shamela0007798,4838,935,1111,126,87
75,41,637,Shamela0000041,837,1161,1441,228,46
75,41,648,Rafed0003943Vols,348,1347,1639,233,47
76,1076,1351,Rafed0003257Vols,1234,1066,1341,225,100
76,726,955,Rafed0003257Vols,2357,1267,1495,187,99
76,265,702,Rafed0003257Vols,4472,919,1356,351,100
76,1076,1351,Sham19Y0023608,602,1275,1550,225,100
76,726,955,Sham19Y0023608,1314,806,1034,187,99
76,265,644,Sham19Y0023608,3318,1193,1576,305,98
76,1051,1351,Shamela0023578,695,498,793,233,95
76,726,955,Shamela0023578,1196,1359,1588,187,99
76,302,702,Shamela0023578,2660,400,800,321,100
76,1076,1351,JK000381,681,1304,1579,225,100
76,1,1458,JK000381,4514,129,1558,1148,97
76,259,702,Meshkat0014420,3921,252,697,356,99
76,1048,1364,JK000330,1070,454,787,240,89
76,726,950,Shamela0023632,1297,697,921,184,100
76,265,616,Shamela0023632,3013,1203,1558,282,98
76,1037,1351,Masaha000554Vols,749,875,1195,233,87
76,265,648,Masaha000554Vols,4979,1254,1633,300,97
76,265,537,JK006478,7640,1310,1584,218,99
76,265,702,Shia001432Vols,4277,496,933,350,99
76,1060,1351,Shia001432Vols,4644,556,847,229,96
76,726,955,Shia003752Vols,351,645,875,185,98
76,726,950,Sham19Y0147312,731,182,406,184,100
76,726,955,Shamela0004445,94,1153,1381,187,99
76,259,702,Shamela0004445,518,381,824,356,100
76,1076,1351,Shamela0004445,1550,338,613,225,100
76,1076,1351,Rafed0003726Vols,193,859,1134,225,100
76,1076,1351,JK009268,1187,750,1025,225,100
76,745,955,JK009268,1921,1,210,171,99
76,265,702,JK009268,3928,266,703,351,100
76,726,955,Tafsir04056,108,1128,1356,187,99
76,1076,1351,Shamela0008473,1019,1028,1303,225,100
76,726,955,Shamela0008473,1922,901,1129,187,99
76,247,702,Shamela0008473,4080,177,629,356,97
76,265,660,Zaydiyya0000044,222,1155,1552,318,99
76,259,660,Zaydiyya0000044,263,1034,1361,254,78
76,265,578,Shamela0002300,707,1230,1543,251,100
76,1076,1351,Shamela0023591,1893,1238,1513,225,100
76,726,955,Shamela0023591,3116,99,327,187,99
76,265,702,Shamela0023591,5866,1011,1448,351,100
76,265,687,Shamela0023591,5868,1148,1570,339,100
76,265,670,Sham19Y0018567,1051,1149,1554,326,100
76,1076,1351,QuranAnalysis001,29,1055,1330,225,100
76,726,955,QuranAnalysis001,66,337,565,187,99
76,447,702,QuranAnalysis001,197,1,257,206,99
76,247,702,Shia002356Vols,1026,903,1363,350,94
76,385,702,ShamAY0037387,120,1,322,255,98
76,774,955,Shia002185Vols,1383,1402,1582,147,99
76,265,660,Zaydiyya0000288,632,446,843,318,99
76,740,955,Tafsir08060,173,903,1205,160,64
76,1076,1406,Sham19Y0020891,1206,264,583,241,90
76,265,702,Hindawi084602738,140,1069,1508,351,99
76,1076,1351,Tafsir07076,2422,1022,1297,225,100
76,265,660,Tafsir07076,5055,1073,1470,318,99
76,417,660,Zaydiyya0000062,1663,218,462,196,99
76,740,955,Shia002380Vols,237,709,1030,175,66
76,1143,1351,Shamela0003055,1995,1,209,172,100
76,726,955,Sham19Y0145435,4904,348,576,187,99
76,761,950,Sham19Y0145435,4912,77,266,155,100
76,247,702,Sham19Y0145435,5072,63,538,362,94
76,343,702,Zaydiyya0000274,535,1,361,289,99
76,726,955,Hindawi018502737,91,53,281,187,99
76,305,660,Masaha004743,85,1,356,286,100
76,265,537,Sham19Y0014579,253,1292,1565,218,99
76,265,702,Hindawi081316951,73,38,477,351,99
76,774,955,Shia001387,167,727,907,147,99
76,343,667,Shia001303,67,953,1505,197,39
76,259,660,JK000122,466,1173,1528,265,82
76,726,955,JK000122,1336,425,653,187,99
76,259,674,JK001420,690,643,1241,299,62
76,726,955,JK009270,1592,273,502,187,99
76,417,702,JK009270,4239,524,810,229,99
76,265,702,Kraken210622021811,145,209,733,345,80
76,726,889,Hindawi020604026,535,1405,1568,134,100
76,726,955,Sham19Y0023618,622,849,1077,187,99
76,385,702,Sham19Y0023618,1431,877,1236,246,85
76,302,660,Shia002382Vols,2094,9,366,287,99
76,265,492,Meshkat00042488,1468,1206,1437,182,98
76,1076,1351,JK009396,258,364,639,225,100
76,726,950,JK009396,473,389,613,184,100
76,265,702,JK009396,1318,526,963,351,100
76,231,702,Rafed0001713Vols,2219,716,1189,359,95
76,1066,1351,JK009313,5277,1151,1435,226,97
76,726,955,Shamela0021821,605,346,575,187,99
76,259,702,Shamela0021821,1573,91,534,356,100
76,265,660,Shia004552Vols,84,190,449,204,64
76,726,955,ShamAY0036821,881,176,401,183,97
76,247,702,ShamAY0036821,1657,487,943,348,94
76,1076,1351,Shamela0029743,142,1090,1365,225,100
76,726,955,Shamela0029743,307,887,1116,187,99
76,476,702,Shamela0029743,912,1,228,182,99
76,1042,1351,Shamela0009637,45,783,1073,230,91
76,726,955,Hindawi036246035,281,1185,1413,187,99
76,734,955,Shia004030Vols,1327,1390,1640,163,80
76,265,660,Rafed0003793Vols,1018,1106,1501,318,100
76,265,702,Rafed0003799Vols,1904,174,609,350,99
76,265,702,Sham19Y0150960,1047,449,886,350,99
76,726,955,JK000791,745,132,360,187,99
76,265,702,JK000791,1961,343,780,351,100
76,1076,1351,Shamela0009770,905,1206,1481,225,100
76,1109,1351,Rafed0003150Vols,408,800,1062,199,92
76,254,674,Shamela0001524,635,445,873,338,98
76,726,955,Shamela0022371,172,806,1309,188,45
76,1076,1351,JK007018,107,894,1169,225,100
76,726,950,JK007018,214,10,234,183,99
76,265,702,JK007018,627,113,554,349,98
76,259,447,Shamela0000432,4418,1374,1562,150,100
76,447,702,Shamela0000432,4419,1,256,206,100
76,1051,1351,Shamela0010273,407,935,1230,233,95
76,247,616,Shamela0010273,2681,1187,1568,291,95
76,294,612,JK000724,8,368,668,235,92
76,726,955,Hindawi085315384,69,492,720,187,99
76,259,531,Shamela0004473,2044,1300,1572,218,100
76,1076,1351,Shamela0004473,3040,164,439,225,100
76,259,660,Shamela0004473,6442,612,1013,323,100
76,726,955,Shamela0004473,9153,937,1165,187,99
76,726,955,Shia003721Vols,2,532,760,187,99
76,373,702,Shia003721Vols,429,1,330,265,100
76,1076,1357,JK009362,1702,20,309,229,96
76,780,950,JK009362,2965,982,1150,134,97
76,265,702,JK009362,6793,287,730,351,98
76,1042,1364,JK000805,43,615,923,235,87
76,1048,1351,Shamela0010895,203,14,325,234,92
76,1166,1357,Shamela0000041,495,896,1086,157,99
76,294,492,Shamela0000041,2179,806,1004,156,98
76,726,950,Shamela0037458,1253,441,665,184,100
76,254,600,Shamela0037458,3655,1234,1575,274,97
76,294,660,Shamela0008266,51,740,1272,276,62
76,1076,1351,Rafed0003943Vols,191,784,1059,225,100
76,726,955,Rafed0003943Vols,419,14,242,187,99
76,265,492,Rafed0003943Vols,1320,1241,1468,182,100
77,1,1488,JK000381,4515,79,1542,1173,97
78,206,650,JK000146,266,1181,1526,250,68
78,650,1341,JK000146,267,28,669,501,90
78,1,1508,JK000381,4516,57,1520,1172,96
79,938,1085,Rafed0003257Vols,4778,611,759,120,99
79,938,1085,Sham19Y0023608,3617,763,910,120,100
79,938,1090,Shamela0023578,2864,753,910,122,94
79,890,1085,JK000381,79,1159,1291,107,67
79,766,1085,JK000381,89,999,1262,153,50
79,15,1562,JK000381,4517,1,1504,1217,97
79,938,1090,Meshkat0014420,4210,395,552,122,94
79,938,1090,Shamela0023632,3237,1378,1539,122,92
79,938,1085,Masaha000554Vols,5575,905,1051,119,99
79,938,1085,JK006478,8155,27,176,120,98
79,748,927,Sham19Y0147669,14,189,339,122,83
79,762,927,JK006876,1,755,919,133,99
79,938,1090,JK009268,4143,360,517,122,94
79,766,938,JK000371,75,1326,1498,140,100
79,938,1085,Shamela0008473,4346,561,708,120,100
79,770,1085,Shamela0007568,20,525,812,199,73
79,796,1085,Shamela0007568,51,1,259,187,77
79,938,1090,Shamela0023591,6182,221,378,122,94
79,938,1090,Shamela0023591,6202,594,751,122,94
79,938,1090,QuranAnalysis001,219,777,934,122,94
79,913,1085,Shamela0011353,9,1,116,93,66
79,917,1085,Tafsir04038,608,1195,1421,113,61
79,913,1085,JK000375,110,1387,1558,133,95
79,766,1085,Shamela0030868,123,158,732,211,41
79,770,1090,Shamela0003055,3546,1017,1315,206,71
79,766,1085,Shamela0008983,7,892,1160,150,49
79,938,1085,Shamela0023628,3127,816,963,120,100
79,770,1085,Shamela0007663,58,1,278,210,77
79,766,1085,Shamela0007663,71,829,1286,154,34
79,938,1090,JK009270,4760,854,1011,122,94
79,776,1085,Shamela0007520,9,902,1142,195,77
79,766,968,JK000350,79,15,360,161,57
79,932,1085,Meshkat00057178,3333,1408,1561,122,98
79,938,1085,Sham19Y0023618,1573,192,343,120,97
79,938,1085,Sham19Y0014404,1373,1231,1546,120,46
79,938,1085,JK009266,8131,304,451,120,100
79,938,1090,Shia002382Vols,2229,1265,1422,122,94
79,938,1085,Meshkat00042488,1602,388,776,117,37
79,770,1085,Shamela0012034,90,458,716,210,81
79,766,1090,Shamela0012034,281,886,1153,215,81
79,938,1085,JK009396,1446,1338,1485,120,100
79,938,1085,Rafed0001713Vols,2436,71,219,120,99
79,938,1085,Shamela0021821,1701,703,850,120,100
79,938,1090,Shamela0029743,1013,1168,1325,122,94
79,702,1085,Shamela0012769,75,121,478,276,85
79,776,1085,Shamela0011379,333,935,1175,195,77
79,938,1085,JK001496,2136,1157,1434,120,53
79,938,1085,JK000791,2111,150,297,120,100
79,938,1085,JK007018,697,1052,1200,120,99
79,938,1085,Shamela0010273,3009,947,1094,120,100
79,762,927,JK000116,188,9,174,134,100
79,938,1090,JK009362,7564,752,910,122,94
79,932,1085,Shamela0007798,8310,1400,1553,125,100
79,938,1085,Shamela0000041,2336,494,641,120,100
79,938,1085,Rafed0003943Vols,1436,463,611,120,99
80,6,155,JK000381,49,320,447,86,76
80,1,151,JK000381,2253,1282,1408,87,76
80,6,151,JK000381,2909,1223,1350,89,80
80,1,480,JK000381,3310,794,1353,309,62
80,70,1541,JK000381,4518,1,1441,1160,97
80,1,151,JK000381,7708,855,982,88,77
80,1,196,JK000381,7902,11,445,122,36
80,1,151,Shamela0037325,2132,690,816,87,76
80,1,207,JK000367,371,563,771,109,62
80,1,151,JK000379,4,1007,1157,107,93
80,1,381,JK000379,29,916,1271,252,82
80,1,151,JK000379,57,93,219,90,79
80,1,201,Shamela0008473,3769,168,393,130,72
80,1,201,Tafsir09084,1916,1049,1318,126,61
80,1,151,JK006950,2014,472,599,88,77
80,1,196,JK006950,2207,959,1393,122,36
80,1,151,Shamela0012094,171,106,238,95,84
80,1,151,Shamela0022653,247,851,1001,107,93
80,1,381,Shamela0022653,272,460,815,252,82
80,1,151,Shamela0022653,299,822,948,90,79
80,6,151,JK009231,21,664,809,91,80
80,1,480,Sham19Y0016953Vols,883,44,526,290,66
80,1,381,Sham19Y0016953Vols,1082,4,366,243,79
80,1,260,JK000350,161,696,1001,158,65
80,1,151,JK000355,27,1070,1197,88,77
80,1,151,Shamela0012034,450,190,323,95,83
80,17,151,Shamela0012769,36,1285,1412,87,82
80,1,151,Sham19Y0020587,73,486,612,87,76
80,1,151,JK000088,201,749,889,91,82
81,817,1526,JK000146,154,292,890,393,62
81,1,132,JK000381,4518,1441,1571,105,97
81,132,1526,JK000381,4519,1,1376,1102,98
81,1115,1305,JK000367,367,567,1040,97,25
81,1115,1305,Shamela0012027,343,597,1063,97,25
82,123,486,JK000146,155,1,291,220,73
82,233,414,JK000146,349,1301,1465,125,87
82,1,161,JK000381,4519,1376,1536,130,100
82,161,1571,JK000381,4520,1,1395,1125,98
83,1,197,JK000381,4520,1395,1591,161,100
83,197,1546,JK000381,4521,1,1335,1068,98
84,1,196,JK000381,4521,1335,1529,157,99
84,196,1557,JK000381,4522,1,1344,1079,98
85,1,199,JK000381,4522,1344,1542,157,100
85,199,1434,JK000381,4523,1,1293,969,94
85,420,593,Shia002380Vols,491,1381,1513,100,74
86,1,137,JK000381,4523,1293,1429,106,100
86,137,1482,JK000381,4524,1,1343,1071,99
86,432,588,JK009266,6321,388,544,105,81
86,432,588,Shamela0001466,1900,728,867,91,73
87,1,160,JK000381,4524,1343,1501,129,99
87,160,1547,JK000381,4525,1,1387,1116,99
88,745,1462,JK000146,154,867,1321,309,53
88,1,151,JK000381,4525,1387,1537,118,100
88,151,1462,JK000381,4526,1,1309,1043,99
88,1243,1456,JK006950,2214,863,1159,102,40
88,1177,1456,Shamela0012034,150,975,1238,118,45
88,882,1297,Shamela0010517,72,491,836,178,55
89,229,728,Sham19Y0013231,4199,396,891,91,13
89,1,153,JK000381,4526,1309,1472,119,92
89,153,1503,JK000381,4527,1,1330,1067,98
89,846,950,JK000381,5405,811,1254,80,22
89,229,728,Shamela0021819,92,342,693,89,15
89,240,728,Tafsir04003,4061,906,1370,105,17
89,240,763,Sham19Y0014404,1594,293,843,111,14
89,240,728,Shamela0021821,1957,839,1447,165,25
89,240,763,Shamela0000041,2705,363,820,92,13
90,663,913,JK009265,212,494,732,190,93
90,714,913,Shamela0023578,3350,1,193,152,94
90,1,203,JK000381,4527,1330,1532,163,100
90,203,1495,JK000381,4528,1,1297,1029,99
90,663,913,Meshkat0014420,4786,280,523,195,96
90,663,837,Shamela0023632,3660,1133,1304,140,98
90,663,830,Masaha000554Vols,6614,225,390,134,98
90,663,913,JK009268,4520,199,442,195,96
90,663,913,Shamela0023591,6740,321,564,195,96
90,663,913,Shamela0023591,6745,50,293,195,96
90,663,913,QuranAnalysis001,253,377,620,195,96
90,663,909,Shia002356Vols,1338,613,850,191,95
90,750,998,Sham19Y0014255,38,97,415,86,28
90,663,830,Shamela0023628,3590,1011,1178,137,100
90,663,813,Sham19Y0023618,1822,1509,1659,123,100
90,663,830,JK009266,9303,932,1099,137,100
90,663,913,Rafed0001713Vols,2845,704,947,195,96
90,663,913,Shamela0029743,1174,1117,1360,195,96
90,663,830,JK000791,2419,1468,1635,137,100
90,663,913,JK009362,8930,247,492,195,95
90,663,830,Shamela0000041,2704,1108,1275,137,100
90,663,913,Rafed0003943Vols,1616,563,806,195,96
91,1,196,JK000381,4528,1297,1492,154,99
91,196,1562,JK000381,4529,1,1370,1101,98
91,953,1529,Shamela0023628,3094,641,1259,186,27
91,948,1529,JK000791,2082,572,1206,374,66
92,1,208,JK000381,4529,1370,1580,167,98
92,208,1478,JK000381,4530,1,1257,998,98
92,418,888,Shamela0007798,8211,1,436,159,33
92,1,241,Shamela0000041,2305,395,637,185,93
93,1,276,JK000381,4530,1257,1490,188,84
93,276,1529,JK000381,4531,1,1250,1006,99
94,661,790,JK000381,4530,856,1215,64,20
94,1,276,JK000381,4531,1250,1526,214,96
94,276,1445,JK000381,4532,1,1136,902,96
95,1,349,JK000381,4532,1136,1484,279,100
95,349,1478,JK000381,4533,1,1110,878,97
95,291,591,JK000371,230,303,705,176,53
95,291,477,Shamela0012094,131,24,244,126,74
95,291,469,Shamela0003055,2856,495,713,123,73
95,291,469,Shamela0011380,170,833,1017,125,83
95,278,624,Shamela0012769,6,1014,1441,180,51
95,291,453,Shamela0029677,1855,6,329,113,44
96,1,379,JK000381,4533,1110,1487,305,99
96,379,1588,JK000381,4534,1,1278,955,92
97,1010,1200,JK000977,205,1354,1546,135,79
97,196,508,Shamela0096283,22,7,378,190,62
97,196,610,Sham19Y0013572,1286,867,1272,202,53
97,1010,1248,JK009141,81,414,652,190,95
97,1010,1248,JK007070,894,541,900,185,61
97,1010,1248,Sham19Y0038171,2634,785,1014,183,92
97,188,442,JK000916,26421,317,559,168,78
97,911,1248,Sham19Y0016618,237,440,756,232,78
97,1010,1248,ShamAY0035035,10121,821,1052,181,90
97,209,433,ShamAY0034002,2,9,207,145,78
97,1010,1248,JK000374,139,130,370,187,93
97,196,442,JK009265,418,854,1103,170,83
97,1010,1156,JK000381,1797,1121,1262,112,95
97,1,288,JK000381,4534,1278,1564,227,99
97,288,1531,JK000381,4535,1,1244,1000,99
97,243,433,JK000381,7911,1,193,144,94
97,196,493,Sham19Y0014309,29,299,571,147,59
97,156,433,Shamela0006886,90,314,614,151,54
97,1010,1217,Sham19Y0127677,2291,1349,1556,165,95
97,1010,1248,Sham19Y0017729,440,331,569,188,95
97,199,464,JK009324,97,121,402,153,59
97,199,442,Shamela0007546,14,272,508,162,76
97,183,508,ShamAY0032809,12,41,400,188,56
97,188,442,ShamAY0035990,275,923,1369,159,43
97,219,442,Sham19Y0013252,9366,9,214,154,83
97,243,442,Sham19Y0013252,9375,6,206,150,90
97,1010,1248,JK007065,689,787,1156,188,61
97,196,511,JK007065,1050,1084,1402,186,67
97,1010,1248,Tafsir02096,2119,475,718,187,92
97,209,508,JK000041,34,1,319,185,69
97,188,508,Shamela0004445,3818,176,553,184,57
97,183,442,ShamAY0033606,68,435,685,168,76
97,199,511,Shamela0003118,7876,435,744,186,70
97,183,442,Sham19Y0018106,169,438,721,153,58
97,183,442,Sham19Y0018106,3849,306,570,168,72
97,911,1248,Shamela0095735,958,286,614,219,68
97,188,442,Shamela0010758,37,479,775,144,53
97,131,411,JK000383BK1,98,1131,1388,141,54
97,199,508,Sham19Y0127656,752,350,625,175,65
97,968,1248,Sham19Y0122406,353,143,443,204,84
97,196,430,Kraken230110004547,462,270,479,157,82
97,1010,1248,Kraken230110004547,549,127,438,194,76
97,46,511,Zaydiyya0000171,46,125,611,207,42
97,1010,1248,Sham19Y0013614,763,172,421,177,81
97,209,508,Shamela0021536,267,9,288,181,68
97,903,1248,Shamela0021536,369,608,1150,216,45
97,219,447,Shamela0009823,246,81,403,168,64
97,903,1248,Shamela0006879,151,495,785,211,74
97,131,433,JK006950,2216,888,1168,182,73
97,183,473,Shamela0037837,46,587,933,154,46
97,199,508,JK001236,20,1057,1401,178,57
97,199,508,JK009336,2560,344,659,176,63
97,1010,1248,JK009336,2908,317,662,187,64
97,183,442,Shamela0021715,416,742,1025,153,58
97,183,442,Shamela0021715,9842,866,1130,168,72
97,1010,1248,JK010127,41,317,560,191,96
97,1010,1238,JK000030,243,1318,1543,179,93
97,1010,1248,Sham19Y0017791,1852,293,542,177,81
97,196,415,Shamela0025794,1618,1262,1504,153,80
97,199,442,Sham19Y0013605,401,418,685,147,59
97,183,442,Sham19Y0013605,4559,208,472,168,72
97,1010,1248,Shamela0023628,751,660,1009,188,65
97,1333,1463,Shamela0023628,3094,682,832,104,86
97,1010,1248,Shamela0023628,3490,142,382,187,93
97,1010,1248,JK000384,357,139,377,171,83
97,183,442,Sham19Y0018103,247,917,1203,153,59
97,183,473,Sham19Y0018103,3810,714,1006,179,70
97,199,430,Shamela0036446,7,1003,1195,145,78
97,1010,1248,Shamela0036446,1407,297,536,188,94
97,183,442,ShamAY0034005,66,472,731,155,64
97,1010,1248,ShamAY0034066,346,640,879,190,95
97,1010,1248,Shamela0021659,1345,698,936,190,95
97,196,442,ShamAY0035884,718,1124,1353,161,77
97,1047,1186,Shamela0021766,4633,695,841,101,79
97,1010,1248,Sham19Y0016976,1661,20,269,177,81
97,1010,1248,Sham19Y0014119,529,1012,1261,177,81
97,39,442,Shamela0008353,660,511,938,195,50
97,199,370,Sham19Y0016953Vols,1709,1380,1522,106,79
97,183,442,Shamela0012981,1998,797,1034,155,73
97,1010,1248,Tafsir04040,834,802,1036,189,97
97,1010,1168,Sham19Y0017903,927,1377,1535,128,100
97,1084,1248,JK000127,152,1,170,135,97
97,1010,1248,Sham19Y0023618,395,226,465,190,95
97,188,442,Sham19Y0016584,188,87,361,151,59
97,183,442,Sham19Y0016584,4291,824,1088,168,72
97,1014,1150,Kraken220413194022,2914,1417,1553,103,89
97,183,433,Shamela0005756,1001,1250,1520,148,59
97,196,442,Shamela0005756,14281,1,253,163,73
97,183,508,ShamAY0035960,582,684,983,192,71
97,1010,1248,JK009390,2441,980,1218,190,95
97,1010,1248,Shia004509,198,566,805,190,95
97,199,508,Shia004509,200,761,1078,186,67
97,1010,1248,JK007045,760,208,446,177,85
97,149,610,JK000080,549,18,441,214,51
97,1010,1248,JK000080,1234,1007,1355,190,66
97,152,508,JK009313,3998,208,583,187,54
97,1010,1210,Sham19Y0145212,3343,789,1242,144,37
97,152,370,Shamela0000894,909,449,686,128,63
97,1010,1248,Shamela0001727,122,723,961,192,99
97,183,442,Sham19Y0018176,106,297,580,153,58
97,183,442,Sham19Y0018176,2322,149,413,168,72
97,906,1220,Sham19Y0122257,3134,1275,1585,176,66
97,183,508,Sham19Y0132963,328,396,770,192,63
97,183,511,Shamela0012769,70,540,864,207,72
97,1010,1265,Sham19Y0132973,469,641,993,192,63
97,911,1248,Sham19Y0132973,766,166,503,234,78
97,1010,1248,Sham19Y0035312BK2,30,702,942,191,97
97,196,442,Shamela0021544,63,669,926,148,61
97,1344,1526,Shamela0022769,1435,604,775,108,72
97,172,424,Shamela0007597,374,36,265,166,82
97,199,447,Shamela0096178,247,679,945,144,58
97,196,511,JK000368,366,57,307,180,73
97,1010,1248,Kraken22041319410300,190,97,336,189,97
97,188,511,JK001333,118,907,1277,183,60
97,196,508,ShamAY0035250,5,811,1167,188,65
97,1010,1248,JK009274,966,889,1127,190,95
97,1010,1248,Sham19Y0020638,90,583,821,190,95
97,180,508,Sham19Y0020638,107,1010,1379,187,54
97,196,442,Sham19Y0018100,1159,1109,1392,140,54
97,188,430,Sham19Y0013783,6,796,1005,158,80
97,183,508,JK000097,540,121,420,192,71
97,1010,1248,JK008001,5398,888,1126,190,95
97,1333,1474,JK000791,2082,614,756,113,99
97,107,508,ShamAY0033885,24,332,730,207,55
97,183,442,Shamela0001524,734,521,813,153,57
97,196,442,Sham19Y0039268,112,185,445,145,59
97,251,389,Sham19Y0122096,560,1,115,91,82
97,1010,1248,JK000083,254,732,975,186,90
97,303,481,JK000116,202,1,188,127,85
97,199,442,Shamela0004473,15524,1,281,139,54
97,188,363,Sham19Y0018272,309,1318,1513,111,66
97,1010,1248,Shamela0021794,2,817,1079,184,82
97,1010,1248,Shamela0001438,4024,374,612,190,95
97,1010,1248,Sham19Y0017063,1404,136,374,177,85
97,183,433,Zaydiyya0000024,78,16,223,149,73
97,1010,1248,Shamela0000041,2634,1134,1365,184,93
97,1010,1248,Sham19Y0132524,261,1348,1586,192,99
97,1010,1248,Shamela0029677,918,724,958,187,94
97,199,389,JK001012,318,6,222,120,63
97,1018,1248,Tafsir01005,964,1,231,184,95
97,940,1226,Tafsir01005,1241,172,446,173,71
97,894,1248,Tafsir01005,1595,291,588,232,78
97,196,493,Shamela0006739,22,1014,1338,167,57
97,1040,1248,Zaydiyya0000039,911,418,626,164,94
97,183,508,JK000110,33,272,665,186,58
97,183,442,JK000110,1717,307,571,168,72
97,188,442,Shamela0026668,443,231,471,167,78
98,1075,1323,Shamela0021537,2550,408,654,194,95
98,1,326,JK000381,4535,1244,1551,244,93
98,326,1593,JK000381,4536,1,1267,1032,99
98,1075,1271,JK000381,7904,1093,1289,159,100
98,1079,1363,Sham19Y0016953Vols,517,1069,1486,209,60
98,1075,1541,Shamela0012034,576,933,1553,258,43
98,1060,1394,Shamela0007597,373,286,715,223,61
99,1,392,JK000381,4536,1267,1636,302,94
99,392,1620,JK000381,4537,1,1200,973,97
100,714,1013,JK000977,426,117,359,157,66
100,881,997,JK009141,514,295,411,95,100
100,1,395,JK000381,4537,1200,1594,316,99
100,395,1481,JK000381,4538,1,1098,864,98
100,701,1071,JK000100,207,1088,1443,231,72
100,766,997,Sham19Y0122406,723,805,998,146,79
100,714,1074,JK001236,56,736,1120,207,59
100,714,1010,JK001236,170,1084,1334,179,76
100,718,1104,Shamela0025794,3562,1,456,197,47
100,714,997,Sham19Y0148271,1065,787,1013,158,70
100,714,1010,Shamela0021809,1486,144,380,161,69
100,579,997,ShamAY0035960,100,512,815,213,63
100,701,997,JK000105,124,263,542,216,90
100,714,997,Shamela0001727,256,718,946,163,72
100,714,1104,JK007107,111,346,779,267,73
100,881,997,Sham19Y0020638,198,1228,1344,95,100
100,873,997,JK000097,97,6,130,101,100
100,714,997,Shamela0003722,6597,1249,1474,156,69
100,714,1010,ShamAY0033975,2,816,1053,165,70
100,798,997,Sham19Y0132416,16,757,955,155,94
100,586,1052,JK011153,436,1,285,204,54
100,579,1052,Sham19Y0016599,1156,995,1428,301,76
100,630,997,Sham19Y0132524,428,1005,1343,214,69
101,890,1337,JK000381,3011,204,653,237,55
101,1,370,JK000381,4538,1098,1468,290,98
101,370,1508,JK000381,4539,1,1097,879,96
101,890,1337,JK001414,934,625,1074,238,55
101,803,1197,Sham19Y0016953Vols,382,649,1160,243,58
101,890,1337,Kraken220413194022,958,206,652,238,55
102,620,852,Rafed0000110,19,45,206,121,65
102,551,857,JK006474,58,479,680,143,59
102,203,404,Sham19Y0017747,127,705,892,146,93
102,252,430,Shamela0021537,2991,926,1142,139,81
102,279,430,Shamela0021537,6362,736,887,119,100
102,1053,1532,JK000381,629,505,1022,286,60
102,1185,1532,JK000381,2437,385,761,183,52
102,1075,1441,JK000381,2925,769,1175,153,37
102,1342,1515,JK000381,3029,1343,1538,131,76
102,1057,1342,JK000381,3030,247,585,184,64
102,1181,1342,JK000381,3701,433,688,127,61
102,1,413,JK000381,4539,1097,1508,327,99
102,413,1554,JK000381,4540,1,1136,919,99
102,1083,1342,JK000381,7235,176,370,131,56
102,200,430,JK000165,256,504,730,177,98
102,582,857,Masaha000554Vols,102,53,314,194,87
102,620,852,Shia001432Vols,3295,1280,1440,127,68
102,252,514,Shamela0000412,28,653,1003,191,68
102,1112,1532,JK000379,54,1156,1516,227,56
102,594,857,Shamela0004445,112,472,745,190,87
102,203,430,Shamela0022644,141,859,1072,167,93
102,1075,1554,JK000100,484,372,694,199,46
102,620,852,Tafsir04003,124,938,1187,183,92
102,543,852,Shamela0008473,278,1080,1363,207,80
102,637,865,Shamela0022593,63,672,942,122,54
102,480,852,Shamela0022593,65,869,1236,221,62
102,1375,1532,JK000082,155,1290,1445,116,89
102,543,852,Tafsir09084,51,184,474,203,78
102,1083,1342,JK006950,1541,159,353,131,56
102,606,852,Shamela0011353,236,795,1024,164,79
102,626,852,Meshkat00042485,739,132,363,158,82
102,1112,1532,Shamela0022653,297,380,739,227,56
102,1071,1554,Shamela0022666,83,255,770,284,59
102,271,443,ShamAY0034066,416,220,406,131,90
102,247,430,Shamela0000107,1473,1090,1269,138,95
102,200,430,Shamela0006610,54,78,292,167,92
102,1071,1554,Sham19Y0016953Vols,1127,244,695,229,47
102,626,852,Tafsir04040,686,76,307,178,96
102,1075,1446,JK000075,55,413,802,161,42
102,271,443,Sham19Y0023618,476,966,1152,131,90
102,1375,1532,JK006892,76,458,614,119,85
102,1342,1527,Kraken220413194022,861,106,332,139,71
102,598,852,Tafsir04039,113,464,738,195,89
102,606,857,Shamela0012034,304,976,1235,185,87
102,266,404,Shamela0009111,7,1,139,108,100
102,616,857,JK009396,49,75,245,127,65
102,1342,1532,Shamela0007597,211,205,436,145,72
102,252,430,Sham19Y0022884,16,107,289,140,97
102,1083,1342,Shamela0012293,771,820,1074,186,87
102,252,430,Shamela0012293,4898,10,192,140,97
102,612,857,JK000791,45,642,893,192,96
102,626,852,JK007018,19,226,460,178,95
102,1075,1446,JK000079,90,882,1271,161,42
102,203,514,JK000386,71,836,1270,224,64
102,594,852,Shia003721Vols,20,260,450,134,62
102,551,852,Shamela0007798,344,1074,1355,198,80
103,1,453,JK000381,4540,1119,1576,358,96
103,453,1538,JK000381,4541,1,1068,858,97
104,900,1388,Shamela0021537,754,236,455,143,36
104,914,1388,Shamela0021537,3384,1,206,132,34
104,1171,1295,JK000381,2606,1150,1274,100,100
104,794,1501,JK000381,4450,664,997,166,25
104,1,469,JK000381,4541,1068,1539,378,98
104,469,1552,JK000381,4542,1,1047,842,96
104,894,1041,JK000381,8028,704,1105,90,25
104,1164,1330,JK000330,242,622,784,108,81
104,1176,1330,JK000330,248,145,295,101,82
104,1117,1284,Shia001432Vols,1409,703,982,134,59
104,799,1477,JK000379,81,260,654,165,25
104,772,1030,JK000379,93,627,928,179,72
104,799,1495,JK000087,486,599,1143,203,26
104,1171,1330,ShamAY0038640,452,1269,1425,105,82
104,1117,1284,Shamela0008473,3519,782,1001,134,76
104,1030,1295,Shamela0002300,305,999,1294,131,44
104,1111,1295,Tafsir09084,1784,732,965,127,65
104,894,1041,JK006950,2334,22,423,90,25
104,799,1041,Shamela0022653,323,565,940,150,48
104,772,1030,Shamela0022653,335,942,1242,177,71
104,772,956,Shamela0010284,114,1359,1540,134,89
104,772,1041,JK000372,14,1,314,152,53
104,819,1041,Shamela0011730,671,878,1075,146,79
104,1117,1284,Tafsir07057,3876,131,669,133,30
105,1,513,JK000381,4542,1047,1556,412,99
105,513,797,JK000381,4543,1,289,231,98
105,60,187,Shamela0009231,556,719,846,103,100
105,55,198,Tafsir02102,2499,1329,1483,111,89
105,60,198,JK000122,1128,1401,1541,109,96
105,60,198,JK001420,193,243,381,108,97
105,60,192,Shia002374Vols,84,686,817,106,99
105,60,168,JK000947,6,1316,1558,87,44
105,60,192,Shamela0007798,2199,211,341,105,98