ms1,b1,e1,id2,ms2,b2,e2,ch_match,matches_percent
2,716,1215,Tafsir07057,1,831,1620,379,58
2,1353,1491,JK000116,5,459,630,96,70
2,1316,1491,Tafsir09085,11,1198,1443,107,54
2,1027,1302,Tafsir09083,2,419,728,208,83
2,1360,1491,JK000906,108,100,261,96,74
2,1357,1491,JK000064,21,1391,1552,89,69
2,1129,1311,Shamela0001403,1,1090,1255,110,67
2,1335,1491,Shamela0008353,29,1387,1616,100,55
2,1357,1491,JK000098,9,1015,1201,85,58
3,815,1094,Tafsir07057,6,278,1022,193,32
3,1236,1576,Tafsir07057,8,16,336,237,79
4,1059,1377,Tafsir07057,9,1103,1408,191,59
4,228,414,Tafsir07057,9,123,371,140,68
4,1047,1650,Tafsir07057,11,955,1277,259,52
4,749,1063,Tafsir07057,11,51,389,245,86
4,1063,1377,JK000465,25,623,1193,72,11
5,1004,1171,Zaydiyya0000037Vols,2376,1187,1354,138,100
5,943,1164,Kraken22021606122303,4,721,971,179,87
5,1,399,Tafsir07057,11,1277,1552,183,56
5,795,917,Tafsir07057,12,196,375,101,68
5,1446,1626,Tafsir07057,14,1349,1540,138,88
5,1164,1626,Tafsir07057,2938,93,691,204,40
5,1446,1626,Tafsir07057,4643,1284,1481,136,85
5,1446,1618,Tafsir07057,5141,290,473,131,88
5,996,1171,Zaydiyya0000075BK32,75,135,311,143,98
5,1004,1171,Tafsir09068,4,179,346,138,100
5,800,1171,Zaydiyya0000062,16,607,954,215,64
5,936,1171,Shamela0021821,13,701,941,175,89
5,931,1171,Shamela0023788,365,92,298,158,79
5,966,1175,Zaydiyya0000476,108,214,424,168,97
5,966,1175,Zaydiyya0000476,135,721,931,168,97
5,800,1293,Shamela0000041,25,889,1353,209,38
5,917,1123,Rafed0003150Vols,73,1322,1547,158,80
5,952,1171,JK010001,3523,699,980,175,76
5,966,1171,Shamela0004473,7691,1196,1401,168,100
5,917,1164,Zaydiyya0000015,828,413,704,200,82
5,966,1171,JK000101,266,900,1105,168,100
5,928,1129,JK001110,66,1324,1551,165,88
5,952,1171,Tafsir07055,3671,694,975,175,76
5,966,1171,Zaydiyya0000355,4,1333,1538,168,100
5,689,1164,Shamela0029743,5,442,943,214,38
5,970,1196,JK007018,6,1013,1239,171,93
5,936,1164,Shamela0023591,33,1,240,187,95
5,931,1164,Rafed0003943Vols,14,1320,1553,191,100
5,923,1164,Shamela0023578,62,922,1166,191,92
5,923,1164,Shia001362Vols,440,1009,1250,194,98
5,959,1171,Hindawi040635716,81,7,219,170,98
5,1004,1171,Tafsir07076,77,877,1044,138,100
5,966,1171,Sham19Y0014592,73,60,265,168,100
6,45,278,Tafsir07057,15,15,271,181,85
6,663,889,Tafsir07057,16,1103,1338,178,94
6,1279,1623,Tafsir07057,17,231,571,255,90
6,1,278,Tafsir07057,2493,46,393,204,71
6,663,889,Tafsir07057,2542,352,595,165,83
6,1,264,Tafsir07057,2938,691,999,199,78
6,1,278,Tafsir07057,5141,482,810,214,78
7,12,533,Tafsir07057,18,526,1476,317,40
7,867,1055,Tafsir07057,20,8,198,138,88
8,304,879,Tafsir07057,21,489,1099,230,34
8,879,1390,Tafsir07057,22,105,946,297,41
8,1119,1330,Tafsir07057,4070,278,700,156,44
9,978,1295,Shia001432Vols,2435,498,823,254,96
9,992,1295,Shia001432Vols,21248,92,600,247,59
9,12,862,Tafsir07057,23,312,827,333,46
9,1115,1302,Zaydiyya0000076BK16,59,1390,1577,153,100
9,992,1235,Zaydiyya0000062,20,346,589,196,99
9,1115,1302,Shamela0021821,20,408,595,153,100
9,992,1295,Shamela0000041,32,436,739,247,100
9,1115,1295,Shamela0004473,7693,1076,1256,147,100
9,1115,1302,Sham19Y0011326,132,1034,1221,153,100
9,992,1295,Rafed0003591Vols,512,604,965,247,83
9,1115,1302,JK001496,40,1260,1449,153,98
9,1018,1295,JK009270,23,1,278,226,100
9,992,1186,Tafsir04040,1105,1559,1785,158,85
9,992,1295,QuranAnalysis001,1,386,689,247,100
9,1115,1302,Sham19Y0020587,58,1080,1267,153,100
9,992,1235,Shamela0037458,67,1025,1268,196,99
9,992,1258,Shia001362Vols,440,1250,1516,217,100
9,992,1214,JK001019,128,404,858,167,44
9,1115,1302,Tafsir07076,8076,728,915,153,100
10,35,327,Tafsir07057,24,848,1104,180,70
10,650,1482,Tafsir07057,26,46,698,335,44
11,1,751,Tafsir07057,26,1107,1542,334,54
11,775,933,Tafsir07057,28,1131,1594,108,28
11,1354,1587,Tafsir07057,30,1296,1594,182,73
12,1,312,Tafsir07057,31,100,430,163,55
12,788,1032,Tafsir07057,32,16,524,170,38
12,81,390,JK009268,183,618,1043,155,37
13,1203,1587,Shia001432Vols,2435,823,1207,313,100
13,1203,1587,Shia001432Vols,22461,437,820,312,99
13,237,626,Tafsir07057,33,137,503,213,56
13,1316,1603,Shamela0000894,5137,1,479,232,59
13,1203,1525,Rafed0003257Vols,90,103,424,255,98
13,1266,1519,ShamAY0033872,18,1,254,206,100
13,1203,1519,Shamela0012293,4907,1095,1411,256,100
13,1203,1594,Shamela0021821,22,49,440,319,100
13,1130,1399,Shamela0000041,35,337,591,165,76
13,1203,1469,Rafed0003150Vols,82,663,929,214,100
13,1203,1587,Shamela0004473,3448,201,585,313,100
13,1261,1587,Sham19Y0023618,29,965,1333,258,84
13,1203,1587,Rafed0001713Vols,38,86,469,312,99
13,1203,1587,JK009268,178,772,1156,313,100
13,1269,1519,ShamAY0036821,36,232,486,183,88
13,1203,1594,JK001496,47,613,1011,313,96
13,1203,1519,Hindawi017506357,53,1175,1572,255,79
13,1196,1525,JK000101,408,770,1107,261,95
13,1312,1620,Masaha000554Vols,52,8,318,229,89
13,1203,1587,Shamela0029743,6,1054,1438,313,100
13,1203,1587,JK009270,23,278,662,313,100
13,1298,1519,JK007018,9,1,227,172,94
13,1203,1587,QuranAnalysis001,1,689,1073,313,100
13,1203,1519,Shamela0023833,339,608,1135,245,57
13,1203,1469,Shamela0023628,25,939,1205,214,100
13,1203,1587,JK000081,898,1099,1482,312,99
13,1189,1587,Shamela0023591,82,673,1067,316,97
13,1203,1587,Rafed0003943Vols,17,38,421,312,99
13,1278,1494,Shia002380Vols,8,835,1501,168,31
13,1203,1587,Shamela0023578,76,983,1366,312,99
13,1203,1478,JK000374,78,319,594,222,100
13,1382,1587,Sham19Y0020891,229,1,205,169,99
13,1261,1587,Shia001269,23,1,326,266,99
13,1203,1525,ShamAY0037152,555,1087,1562,249,65
13,1203,1519,Masaha002028Vols,809,312,838,243,57
13,1389,1594,ShamAY0035562,62,429,634,170,100
13,1363,1587,JK000362,556,1,225,185,100
14,48,454,Tafsir07057,33,813,1275,219,53
14,952,1253,Tafsir07057,34,1061,1603,121,26
14,1253,1407,Tafsir07057,35,1,155,124,99
15,211,655,Tafsir07057,35,794,1550,320,49
15,1243,1593,Tafsir07057,36,1305,1682,283,92
15,659,1243,Tafsir07057,36,10,827,418,61
16,1,1007,Tafsir07057,37,49,1271,616,57
16,1257,1682,Tafsir07057,38,99,818,320,52
17,1360,1634,Shia001432Vols,10293,680,957,197,79
17,1246,1614,Shia001432Vols,22461,820,1183,280,94
17,1,832,Tafsir07057,38,818,1708,441,46
17,832,1666,Tafsir07057,39,1,439,171,22
17,1246,1591,Rafed0003257Vols,102,867,1212,278,100
17,1360,1591,Rafed0003257Vols,108,506,737,187,100
17,1360,1591,Sham19Y0023608,30,680,911,187,100
17,1239,1598,Shamela0023596,128,446,805,286,98
17,1470,1602,Shamela0007798,205,1,133,103,97
17,1378,1534,Shamela0007798,207,1072,1228,128,100
17,1465,1591,Sham19Y0014404,31,179,305,101,100
17,1246,1534,JK000065,109,1237,1525,233,100
17,1465,1624,Meshkat00057178,170,529,672,108,84
17,1434,1591,Sham19Y0147312,69,251,650,127,39
17,1325,1591,Shia003986,105,1005,1196,123,58
17,1246,1465,Zaydiyya0000062,25,506,725,177,100
17,1444,1591,Zaydiyya0000062,26,787,961,119,84
17,1309,1598,Shamela0021821,26,810,1133,216,81
17,1246,1503,Shamela0023788,134,1254,1485,169,81
17,1346,1634,Shamela0000041,38,1106,1432,212,80
17,1342,1455,Rafed0003150Vols,85,1047,1160,91,100
17,1398,1591,Rafed0003150Vols,86,1155,1443,157,67
17,1252,1634,Shamela0004473,6545,207,672,237,60
17,1232,1620,Sham19Y0023618,31,157,524,289,92
17,1360,1591,Shamela0010273,37,1318,1549,187,100
17,1360,1591,Rafed0001713Vols,50,432,663,187,100
17,1360,1598,JK006478,454,775,1012,192,99
17,1246,1591,JK009268,194,776,1121,278,100
17,1465,1620,Zaydiyya0000328,380,1374,1519,109,87
17,1293,1465,Zaydiyya0000328,380,217,486,139,63
17,1360,1591,Shamela0023632,76,521,752,187,100
17,1465,1598,Zaydiyya0000474,57,612,745,107,100
17,1325,1591,Shamela0009231,92,723,994,195,81
17,1465,1598,Sham19Y0013550,29,625,758,107,100
17,1279,1568,Sham19Y0013550,31,897,1538,198,37
17,1269,1444,JK000087,17,1,201,140,87
17,1246,1444,JK000094,131,588,786,159,100
17,1316,1591,JK000381,2053,390,624,170,77
17,1246,1591,JK000381,2932,866,1211,278,100
17,1360,1598,JK001496,60,1075,1312,192,99
17,1246,1591,Hindawi017506357,54,386,1093,278,48
17,1246,1620,Sham19Y0021505,166,67,431,291,96
17,1239,1552,JK000079,7,1274,1586,246,97
17,1360,1634,JK009266,206,3,264,197,88
17,1239,1634,Masaha000554Vols,59,244,665,293,85
17,1360,1534,Masaha000554Vols,61,758,932,142,100
17,1465,1591,Masaha000554Vols,2607,1246,1372,101,100
17,1360,1634,Shia002334,82,20,312,198,76
17,1426,1591,Shamela0012034,418,1,166,134,100
17,1246,1591,Sham19Y0016953Vols,1005,923,1268,278,100
17,1246,1426,Shamela0029743,6,1438,1618,144,100
17,1426,1591,Shamela0029743,7,1,166,134,100
17,1465,1620,JK001420,24,578,715,108,87
17,1368,1591,JK009270,37,1,224,181,100
17,1360,1598,Shamela0030842,4,888,1308,178,52
17,1328,1598,JK007018,11,577,849,209,91
17,1309,1591,Shamela0022371,28,174,714,145,29
17,1246,1591,QuranAnalysis001,1,1073,1418,278,100
17,1246,1465,Shamela0023628,27,1012,1231,177,100
17,1398,1591,Shamela0023628,31,349,665,145,54
17,1360,1576,JK000081,273,1317,1716,161,49
17,1444,1591,Shamela0037458,77,1,148,119,100
17,1465,1591,Meshkat00042488,18,576,702,101,100
17,1246,1423,JK000869,1,395,572,142,100
17,1246,1426,JK009362,118,1467,1647,144,100
17,1426,1591,JK009362,119,1,166,134,100
17,1398,1591,JK009362,337,503,697,157,99
17,1405,1591,Shamela0023591,132,366,586,127,71
17,1328,1591,Shamela0001466,43,335,602,210,96
17,1338,1591,Rafed0003943Vols,23,1,254,204,100
17,1232,1591,Shamela0023578,83,712,1068,282,97
17,1360,1591,Sham19Y0020891,281,1003,1234,187,100
17,1360,1591,Shamela0000922,28,595,1240,187,35
17,1360,1591,JK009396,32,36,267,187,100
17,1360,1534,Sham19Y0150960,781,292,466,142,100
17,1465,1591,JK006476,16,445,570,100,99
17,1360,1591,Sham19Y0020643,54,1042,1273,187,100
17,1246,1591,Sham19Y0007849,70,733,1077,278,99
17,1360,1591,Sham19Y0007849,87,702,933,187,100
17,1335,1634,Shamela0008473,217,745,1116,224,75
17,1246,1542,Shamela0012884,71,1297,1592,239,99
17,1246,1470,JK000362,556,225,448,177,97
18,28,663,Tafsir07057,39,484,1582,413,46
18,663,1547,Tafsir07057,40,1,952,525,60
18,85,284,Tafsir07057,584,369,570,122,67
18,179,438,Tafsir07057,2528,86,373,187,76
18,97,438,Tafsir07057,2633,53,435,213,60
18,124,438,Tafsir07057,3085,20,291,139,48
18,260,438,Tafsir07057,3656,66,254,134,85
18,28,438,Tafsir07057,4021,1017,1472,244,58
19,25,658,Tafsir07057,40,833,1599,461,71
19,690,1555,Tafsir07057,41,326,1393,548,57
20,79,1270,Tafsir07057,42,316,1591,741,66
20,1270,1577,Tafsir07057,43,1,664,229,42
20,143,878,Tafsir01006,45,286,914,134,16
21,1,824,Tafsir07057,43,664,1552,465,59
21,833,1389,Tafsir07057,44,46,632,442,90
21,1215,1650,JK000094,132,145,758,250,45
21,1413,1650,JK000869,2,147,545,173,53
21,1381,1572,Shamela0037325,2242,682,942,127,60
22,458,637,Shia001432Vols,2142,1337,1517,145,99
22,826,1339,Tafsir07057,46,413,1608,343,35
22,1339,1614,Tafsir07057,47,1,574,220,46
22,281,637,Rafed0003726Vols,27,595,1023,203,48
22,458,637,Rafed0003257Vols,128,751,930,145,100
22,422,637,Sham19Y0023608,36,215,453,165,83
22,458,663,Shamela0007798,236,811,1024,158,92
22,458,637,Sham19Y0014404,33,465,644,145,100
22,458,625,Meshkat00057178,197,1513,1680,135,100
22,417,637,Sham19Y0147312,78,1154,1374,153,85
22,458,637,Hindawi092024806,69,1016,1195,145,100
22,458,637,Zaydiyya0000062,29,1243,1422,145,100
22,458,644,Shamela0012293,4890,884,1070,151,100
22,281,644,Shamela0021821,30,960,1323,295,100
22,458,637,Meshkat0014420,66,420,599,145,100
22,153,458,Shamela0000041,41,1,306,248,100
22,449,637,Shamela0000041,43,1,189,153,100
22,458,637,Sham19Y0023618,35,1382,1561,145,100
22,281,637,Shamela0010273,41,399,755,289,100
22,429,637,Rafed0001713Vols,64,1280,1486,155,92
22,458,609,JK006478,521,1474,1627,122,98
22,429,644,JK009268,226,1280,1515,164,84
22,458,637,Shamela0023632,84,556,735,145,100
22,458,644,Zaydiyya0000015,1434,244,430,151,100
22,458,621,JK000083,137,383,546,132,100
22,458,644,Sham19Y0013550,27,1004,1190,151,100
22,379,644,Sham19Y0013550,33,320,809,217,54
22,458,637,Shamela0023606,93,31,210,145,100
22,458,637,Shamela0036076,2,41,220,145,100
22,449,637,JK000082,53,1,189,153,100
22,458,644,JK001496,81,1359,1547,151,98
22,458,637,JK009266,251,554,733,145,100
22,458,637,Rafed0000705Vols,1292,1411,1590,145,100
22,281,637,Shia002334,92,1164,1520,289,100
22,95,637,Shamela0029743,9,891,1434,441,99
22,429,637,JK001420,27,1296,1491,152,90
22,281,637,JK009270,53,624,980,289,100
22,95,463,JK007018,12,283,653,295,97
22,411,644,JK007018,12,1193,1516,181,66
22,379,637,Shamela0022371,29,502,979,211,53
22,458,644,JK009265,466,171,357,151,100
22,297,637,QuranAnalysis001,2,1,341,277,100
22,458,656,Shia004549Vols,386,477,665,145,90
22,379,637,Shamela0023628,34,5,263,211,100
22,458,637,JK000030,250,1185,1364,145,100
22,379,637,Shamela0037458,82,1281,1539,211,100
22,379,637,Meshkat00042488,22,133,391,211,100
22,458,637,Noorlib0017761Vols,301,535,714,145,100
22,458,637,JK009362,372,50,231,145,98
22,422,644,Shamela0023591,171,871,1128,178,84
22,76,637,Rafed0003943Vols,23,234,797,444,97
22,81,637,Shamela0023578,88,900,1454,444,98
22,458,637,Sham19Y0020891,349,650,829,145,100
22,458,637,Shamela0000922,32,1151,1330,145,100
22,458,637,JK009396,34,826,1005,145,100
22,458,637,Shamela0037325,1359,1364,1543,145,100
22,458,637,Sham19Y0020643,86,288,467,145,100
22,458,637,Sham19Y0007849,137,779,958,145,100
22,458,644,Tafsir07076,3988,1284,1469,150,99
22,458,637,Shamela0008473,234,1370,1549,145,100
22,458,656,Shia004012,191,1137,1324,148,92
22,458,656,Shia001171,551,227,425,149,93
22,458,637,Shia001615Vols,399,935,1114,145,100
23,1076,1411,Shia001432Vols,18599,907,1263,268,90
23,1,966,Tafsir07057,47,574,1662,720,79
23,992,1702,Tafsir07057,48,5,732,568,94
23,1072,1451,JK006478,502,1052,1471,306,88
23,1072,1411,JK009268,211,853,1204,270,92
23,1072,1245,Shia004695Vols,644,1569,1764,141,86
23,1072,1365,Tafsir04040,389,1199,1507,229,89
23,1072,1328,Sham19Y0020643,68,55,318,211,96
24,1,195,Tafsir07057,48,732,966,151,82
24,240,449,Tafsir07057,48,1521,1658,107,62
24,449,896,Tafsir07057,49,1,325,159,34
24,1310,1586,Tafsir07057,51,551,821,207,89
24,1310,1552,Shamela0004473,10820,1321,1554,184,92
25,1,212,Tafsir07057,51,821,1030,164,96
25,507,1677,Tafsir07057,53,67,1291,764,69
25,1,212,Shamela0004473,10821,35,244,164,96
25,507,1192,Shamela0004473,10822,809,1427,371,62
25,1206,1677,Shamela0004473,10823,1,481,390,98
26,97,556,Tafsir07057,54,364,1132,268,41
26,572,836,Tafsir07057,55,1286,1509,180,83
26,836,1585,Tafsir07057,56,194,1350,551,58
26,97,255,Shamela0004473,10823,1181,1314,102,79
26,365,556,Shamela0004473,10824,139,326,145,93
27,646,942,Shia001432Vols,8142,68,365,237,99
27,82,191,Tafsir07057,56,1474,1583,86,100
27,257,623,Tafsir07057,57,694,1084,146,35
27,646,1313,Rafed0003257Vols,128,930,1520,407,74
27,606,840,Rafed0003257Vols,132,747,970,162,87
27,616,942,Sham19Y0023608,38,620,950,246,93
27,1110,1395,Tafsir09084,34,908,1140,144,58
27,646,840,Shamela0007798,246,1273,1467,155,100
27,1110,1395,Shamela0007798,247,234,497,170,67
27,646,816,Shia002389Vols,41,649,819,136,100
27,646,824,Sham19Y0014404,33,1421,1599,142,100
27,646,840,Meshkat00057178,207,409,603,155,100
27,646,801,Zaydiyya0000075BK9,6,1370,1525,124,100
27,646,942,Zaydiyya0000062,31,811,1107,237,100
27,646,1352,Shamela0021821,35,92,955,422,54
27,646,840,Meshkat0014420,69,496,690,155,100
27,646,840,Noorlib0010584,55,6,201,155,99
27,646,942,Rafed0003793Vols,192,182,479,237,99
27,646,924,JK007004,80,471,748,221,99
27,646,840,Shamela0000041,46,906,1100,155,100
27,840,1103,Shamela0000041,47,775,1038,211,100
27,686,942,Rafed0003150Vols,91,501,857,201,70
27,646,840,Noorlib0035479,44,646,841,155,99
27,646,840,JK010001,1286,250,443,154,99
27,646,840,JK010001,2708,437,630,154,99
27,632,846,Sham19Y0023618,37,1320,1531,164,96
27,846,1368,Sham19Y0023618,38,1,448,255,55
27,632,915,Shamela0010273,43,1342,1622,219,97
27,646,1368,Rafed0001713Vols,69,1130,1563,246,39
27,646,1103,JK006478,599,659,1118,365,99
27,646,942,JK009268,232,827,1123,237,100
27,639,840,Sham19Y0151010,55,480,681,157,98
27,959,1110,Tafsir06051,93,1,152,121,100
27,646,1153,Shamela0023632,86,901,1156,187,46
27,827,1103,Shamela0023632,89,1004,1278,216,97
27,646,942,Zaydiyya0000015,1473,1217,1513,237,100
27,646,810,Shamela0009231,109,1391,1555,131,100
27,646,1103,ShamAY0036821,72,1036,1487,359,98
27,646,840,Sham19Y0013550,28,194,388,155,100
27,639,942,Sham19Y0013550,33,912,1298,240,77
27,820,1345,Tafsir10066,12,991,1482,168,31
27,646,807,Shia002356Vols,23,1419,1581,129,99
27,942,1129,JK001496,96,988,1178,135,88
27,646,862,Noorlib0031306,49,158,369,160,93
27,646,1323,Hindawi092480704,47,180,715,352,61
27,632,840,Shia002394Vols,136,339,546,155,93
27,654,942,JK009266,261,1,288,230,99
27,646,840,Masaha000554Vols,76,853,1045,153,97
27,646,840,Tafsir07055,2827,196,389,154,99
27,646,942,Shia002334,129,42,337,236,99
27,646,840,Shamela0012034,564,1023,1217,155,100
27,646,824,Shamela0029743,9,1434,1612,142,100
27,824,1103,Shamela0029743,10,1,280,224,100
27,646,840,JK001420,28,1272,1466,155,100
27,646,840,Noorlib0038508,5,623,818,155,99
27,646,876,Noorlib0038508,24,844,1060,172,93
27,646,1103,JK009270,67,754,1210,365,99
27,646,942,JK007018,13,723,1019,236,99
27,942,1110,JK007018,14,1072,1240,135,100
27,1110,1308,Tafsir04040,462,535,705,114,71
27,646,1103,QuranAnalysis001,2,341,798,366,100
27,632,942,Shamela0023628,37,129,436,241,97
27,646,840,Shamela0029677,1042,140,334,155,100
27,646,840,Shamela0037458,88,25,219,155,100
27,627,840,Meshkat00042488,24,261,472,157,89
27,646,840,ShamIbadiyya0000231,64,1269,1464,155,99
27,632,1103,Shamela0023591,187,462,930,370,98
27,646,1018,Shamela0001466,61,511,879,294,98
27,768,1015,Rafed0003943Vols,26,1,248,199,100
27,632,1123,Shamela0023578,93,92,568,375,95
27,646,942,Sham19Y0020891,369,1199,1495,237,100
27,646,840,Shamela0000922,33,1222,1416,155,100
27,646,942,JK009396,35,1007,1303,237,100
27,646,846,ShamAY0037152,557,199,391,143,90
27,646,942,Sham19Y0020643,93,1062,1358,237,100
27,1110,1319,Sham19Y0020643,95,667,857,124,68
27,646,942,Sham19Y0007849,146,758,1054,237,100
27,646,942,JK000122,696,129,425,237,100
27,627,840,JK000122,1128,821,1034,160,94
27,646,840,JK000122,1337,1193,1387,155,100
27,942,1110,Tafsir07076,72,183,351,135,100
27,680,1395,Shamela0008473,238,1,580,351,52
27,646,1395,Shamela0012884,95,254,823,383,58
28,377,804,Tafsir07057,58,860,1588,284,47
28,804,1263,Tafsir07057,59,18,530,344,80
28,742,1048,Tafsir07057,3333,1,134,103,40
28,1053,1159,Hindawi092480704,48,216,343,67,67
29,1,571,Tafsir07057,60,46,1113,428,49
29,541,1600,Tafsir07057,61,43,1553,630,48
30,365,942,Tafsir02102,55,505,833,171,36
30,96,407,Tafsir07057,62,1,390,254,79
30,611,1081,Tafsir07057,62,969,1590,235,38
30,1370,1594,Tafsir07057,63,198,431,180,95
31,5,821,Tafsir07057,63,652,1655,516,54
31,821,1598,Tafsir07057,64,1,942,489,58
32,221,450,Tafsir07057,64,1406,1653,176,87
32,985,1256,Tafsir07057,65,960,1222,211,95
32,450,849,Tafsir07057,65,1,451,281,71
32,1275,1613,Rafed0003799Vols,1889,928,1263,271,97
33,333,549,Tafsir07057,66,310,539,164,86
33,1395,1553,Tafsir07057,67,1420,1585,127,94
34,1,367,Tafsir07057,67,1149,1513,241,72
34,776,1308,Tafsir07057,68,984,1532,412,93
35,127,1102,Tafsir07057,69,677,1599,666,77
35,1279,1553,Tafsir07057,70,688,1073,219,70
36,29,614,Tafsir07057,70,1073,1576,320,56
36,614,1643,Tafsir07057,71,1,1041,739,80
37,699,956,Shia001432Vols,3293,806,1064,209,99
37,699,956,Shia001432Vols,3326,991,1249,209,99
37,797,986,Hindawi036246035,282,30,225,146,92
37,1,514,Tafsir07057,71,1041,1568,363,80
37,514,1501,Tafsir07057,72,1,1021,375,32
37,1231,1501,Tafsir07057,1933,1112,1522,181,53
37,699,956,Rafed0003257Vols,170,1285,1543,209,99
37,757,935,Shia002185Vols,1384,257,435,145,100
37,699,956,Sham19Y0023608,53,897,1155,209,99
37,699,956,Hindawi020938505Vols,336,8,266,209,99
37,682,956,Zaydiyya0000062,37,1005,1309,221,89
37,623,908,Shamela0021821,43,1356,1642,234,99
37,623,956,Shia003721Vols,1,456,789,271,99
37,616,956,Shamela0000041,52,134,476,274,98
37,623,956,Shamela0004473,7545,990,1324,272,99
37,699,956,Shamela0010273,50,1149,1407,209,99
37,699,1019,Rafed0001713Vols,89,418,721,226,84
37,623,956,JK009268,280,1065,1399,272,99
37,699,974,Shamela0022653,112,479,763,215,93
37,623,956,JK000083,25,346,681,272,99
37,699,956,Shia003752Vols,351,85,343,209,99
37,623,956,JK000082,19,958,1286,267,97
37,674,902,JK000082,40,1,230,187,99
37,623,902,JK001496,102,383,664,229,99
37,711,974,JK000903,2,1,272,205,93
37,623,956,Rafed0000110,9,56,390,272,99
37,699,956,Shia002334,139,760,1018,209,99
37,623,956,Shamela0029743,12,1009,1343,272,99
37,623,949,Rafed0003799Vols,1889,1338,1663,266,99
37,699,956,Hindawi030536269,248,819,1077,209,99
37,623,956,QuranAnalysis001,2,1206,1540,272,99
37,699,956,Shamela0037458,107,63,321,209,99
37,623,956,Shamela0001466,75,338,664,266,97
37,623,956,Rafed0003943Vols,29,906,1240,272,99
37,660,956,Shamela0023578,95,1,298,241,99
37,623,956,Shamela0004445,93,1110,1444,272,99
37,623,902,Sham19Y0020891,417,775,1055,229,99
37,623,956,Sham19Y0145435,4903,269,602,272,100
37,623,956,Hindawi020618509,35,533,867,272,99
37,623,956,Hindawi018502737,89,524,858,272,99
37,797,1019,Sham19Y0014592,3007,1133,1393,154,69
38,760,1138,Tafsir07057,74,151,783,284,53
38,1463,1583,Tafsir07057,74,1489,1616,90,84
38,36,637,Tafsir07057,1934,333,1191,306,42
38,1017,1145,JK000906,423,759,1023,63,26
39,205,979,Tafsir07057,75,96,905,408,54
39,1041,1537,Tafsir07057,76,375,726,253,59
39,205,979,Tafsir07057,1939,656,1147,287,44
39,1362,1537,Tafsir09083,29,93,247,118,84
40,1,604,Tafsir07057,76,726,1494,384,56
40,700,1626,Tafsir07057,77,88,1215,600,57
40,823,1626,Tafsir09083,27,682,928,162,23
41,1,393,Tafsir07057,77,1215,1604,280,85
41,393,1052,Tafsir07057,78,1,517,298,47
41,1231,1560,Tafsir07057,80,216,549,239,87
42,568,1419,Tafsir07057,78,524,1221,477,63
42,63,497,Tafsir07057,80,626,1067,338,95
43,276,979,Tafsir07057,78,1215,1592,292,50
43,979,1611,Tafsir07057,79,1,616,408,69
44,1274,1608,Tafsir07057,79,1138,1475,236,80
44,1,657,Tafsir07057,79,616,1088,359,65
45,289,518,Shia001432Vols,2436,97,327,190,99
45,289,566,Shia001432Vols,21625,1260,1538,231,99
45,638,1087,Tafsir07057,80,1203,1589,210,48
45,1113,1666,Tafsir07057,81,269,839,245,45
45,266,566,Rafed0003257Vols,193,700,1008,248,96
45,275,566,Sham19Y0023608,61,766,1055,234,96
45,310,479,Zaydiyya0000062,39,1,172,135,96
45,289,566,Shamela0021821,49,43,321,231,99
45,282,472,Shia003721Vols,322,200,391,151,96
45,289,468,Zaydiyya0000476,192,1039,1218,148,100
45,289,468,Zaydiyya0000476,247,321,500,148,100
45,295,566,Shamela0000041,57,5,276,226,100
45,289,573,JK010001,3999,681,965,237,100
45,289,468,Sham19Y0023618,51,895,1075,148,99
45,275,546,Shamela0010273,53,1354,1623,217,96
45,289,518,Rafed0001713Vols,96,32,268,190,97
45,289,566,JK009268,316,993,1271,231,99
45,275,468,Shamela0023632,113,234,425,151,95
45,295,566,ShamAY0036821,102,1256,1523,219,97
45,289,468,Sham19Y0013550,38,87,376,148,61
45,289,468,JK001496,105,722,902,148,99
45,310,953,Zaydiyya0000329,67,1269,1512,151,26
45,289,518,Hindawi070427368,51,26,256,190,99
45,295,566,Shia002394Vols,169,663,1383,225,37
45,289,518,JK000373,150,859,1089,190,99
45,378,668,Masaha000554Vols,106,282,552,167,64
45,289,566,JK001110,67,113,391,231,99
45,289,573,Tafsir07055,4165,405,689,237,100
45,289,566,Shamela0029743,15,136,414,231,99
45,289,518,JK009270,111,1021,1250,190,100
45,289,566,Kraken2108160843551,132,1076,1352,225,96
45,270,566,Kraken2108160843551,167,1106,1398,227,91
45,303,566,JK009237,6017,502,727,187,85
45,289,518,JK007018,19,994,1226,190,98
45,289,566,QuranAnalysis001,3,111,389,231,99
45,289,566,Shamela0023628,51,976,1254,231,99
45,275,566,Shamela0023591,285,1178,1467,234,96
45,289,566,Rafed0003943Vols,32,692,970,231,99
45,275,566,Shamela0023578,106,143,432,234,96
45,282,479,Shamela0004445,411,340,541,151,91
45,289,468,Sham19Y0020891,428,455,635,148,99
45,289,518,Shamela0010283,3356,1235,1465,190,99
45,289,566,Tafsir07076,199,1059,1336,231,100
45,289,468,Shamela0008473,280,886,1066,148,99
45,289,566,Shamela0012884,149,612,887,227,97
45,270,518,JK000362,119,254,499,193,93
46,157,583,Tafsir07057,81,897,1391,236,49
46,1333,1624,Tafsir07057,82,655,989,156,50
47,850,1330,Tafsir07057,83,1091,1653,159,31
48,50,661,Tafsir07057,84,677,1465,254,33
48,699,1236,Tafsir07057,85,247,1120,226,28
48,160,794,Tafsir07057,770,564,1341,248,32
49,418,748,Zaydiyya0000062,40,1133,1465,270,98
49,579,826,Shamela0021821,53,459,686,166,81
49,591,755,Zaydiyya0000476,340,1196,1361,133,99
49,591,755,Zaydiyya0000476,411,199,364,133,99
49,258,748,Shamela0000041,59,619,1202,310,62
49,418,660,JK006478,759,866,1111,201,96
49,591,794,JK001496,109,1063,1242,143,87
49,418,748,Shia002334,145,503,837,270,97
49,301,748,JK009270,119,1083,1467,294,79
49,591,755,JK007018,21,536,701,133,99
49,418,748,QuranAnalysis001,3,380,713,270,98
49,490,748,Shamela0023628,56,1044,1304,212,99
49,490,748,Shamela0037458,128,462,721,212,99
49,418,748,Rafed0003943Vols,32,961,1295,270,97
49,418,794,Shamela0023578,106,423,772,277,88
50,972,1621,Tafsir07057,88,1,628,283,43
51,1,171,Tafsir07057,88,628,780,117,87
51,748,1574,Tafsir07057,88,997,1551,297,38
53,594,1009,Tafsir07057,94,1220,1541,139,33
53,1017,1382,Tafsir07057,95,17,422,232,69
54,1261,1437,Shia001432Vols,3919,183,359,138,95
54,115,986,Tafsir07057,96,186,815,213,26
54,1268,1484,Rafed0003257Vols,211,1335,1551,174,98
54,1162,1484,Zaydiyya0000062,43,47,349,202,72
54,1256,1484,Shamela0021821,54,646,874,176,94
54,1275,1484,Shia003721Vols,322,398,607,172,100
54,1275,1415,Meshkat0014420,126,513,803,113,47
54,1162,1441,Shamela0000041,61,1378,1641,168,72
54,1279,1481,Rafed0003150Vols,106,163,475,167,64
54,1275,1484,Rafed0001713Vols,104,735,944,172,100
54,1275,1484,JK009268,332,52,261,172,100
54,1275,1437,Sham19Y0013550,40,91,347,134,63
54,1275,1437,Shia002394Vols,171,770,932,134,100
54,1162,1484,Shamela0029743,16,1008,1249,197,74
54,1256,1437,Shamela0000432,5195,395,573,139,92
54,1162,1437,JK009270,119,1435,1629,159,70
54,1162,1484,QuranAnalysis001,3,681,922,197,74
54,1275,1484,Shamela0037458,133,644,853,172,100
54,1162,1484,Rafed0003943Vols,32,1263,1504,197,74
54,1275,1484,Tafsir06048,21,268,667,172,52
54,1261,1484,Shamela0023578,110,1325,1545,176,95
54,1275,1484,Shamela0004445,411,552,761,172,100
54,1275,1437,JK009396,54,418,580,134,100
54,1232,1437,Shamela0008473,298,1211,1446,151,77
55,660,1029,Tafsir07057,97,232,970,208,34
56,186,385,Meshkat00057178,293,751,1067,122,44
57,126,382,JK000906,464,162,383,117,51
58,366,1664,Shia001432Vols,4037,181,587,296,27
58,1334,1592,Tafsir07057,1363,965,1223,211,100
58,863,1675,Sham19Y0023608,77,126,862,367,43
58,181,1399,Sham19Y0014404,49,857,1574,263,22
58,1327,1497,Meshkat00057178,299,1442,1621,126,86
58,1334,1481,Sham19Y0147312,112,671,818,121,100
58,881,1555,Zaydiyya0000062,44,1274,1539,217,39
58,881,1675,Shamela0021821,57,370,757,314,47
58,366,1675,Shia003721Vols,322,625,1050,344,32
58,1334,1481,Meshkat0014420,136,163,310,121,100
58,366,1485,Shamela0000041,65,1256,1490,191,20
58,1334,1481,JK010001,571,1132,1279,121,100
58,366,1481,Sham19Y0023618,58,840,1070,188,20
58,881,1675,Rafed0001713Vols,107,1163,1550,314,47
58,1320,1497,JK006478,811,631,804,130,85
58,1449,1592,JK006478,817,663,805,114,98
58,1347,1675,JK009268,341,1,331,270,99
58,366,1481,Shia003749,297,134,364,188,20
58,1334,1675,ShamAY0036821,119,1,336,272,97
58,881,1497,JK001496,112,764,979,165,32
58,1481,1675,JK001496,113,1384,1578,159,100
58,1334,1481,JK009266,424,88,235,121,100
58,1334,1481,Zaydiyya0000219,246,1284,1431,121,100
58,1334,1481,Tafsir07055,611,21,168,121,100
58,1442,1612,Shia002334,158,1,163,128,92
58,366,1675,Shamela0029743,16,1267,1692,344,32
58,366,1592,JK009270,129,1073,1413,277,27
58,366,1675,QuranAnalysis001,3,940,1365,344,32
58,366,1485,Shamela0023628,62,482,716,191,20
58,366,1481,Shamela0037458,137,226,456,188,20
58,181,414,Meshkat00042488,39,1318,1492,74,35
58,881,1497,Meshkat00042488,40,228,837,215,29
58,1320,1481,JK009362,528,518,682,125,93
58,1320,1675,Shamela0023591,342,1100,1454,281,96
58,1481,1675,Shamela0001466,98,3,197,159,100
58,1334,1675,Rafed0003943Vols,35,1239,1582,278,98
58,881,1485,Shamela0023578,111,8,204,161,32
58,366,1675,Shamela0004445,411,779,1204,344,32
58,1460,1579,JK006476,35,1,121,96,99
58,881,1481,Sham19Y0020643,167,898,1433,218,40
58,366,1024,Shamela0008473,302,199,682,132,18
58,1460,1626,Shamela0008473,305,602,766,111,74
58,366,1481,Shamela0012884,164,597,1150,253,26
58,1334,1626,Tafsir02067,21,30,334,240,96
59,348,726,Sham19Y0014404,49,1044,1567,129,25
59,342,537,Zaydiyya0000295Vols,3006,1022,1285,80,27
59,188,711,JK009258,91,499,1065,95,12
59,201,726,JK009270,129,1036,1213,145,33
59,479,848,Sham19Y0020643,167,893,1514,129,21
59,342,726,Shamela0012884,164,591,1062,144,35
60,97,766,Tafsir07057,108,91,788,175,21
62,458,1160,Tafsir07057,110,692,1393,248,29
63,244,468,Tafsir07057,114,342,788,113,28
64,339,695,Shia001432Vols,4010,1123,1479,290,100
64,549,695,JK000791,58,730,876,118,100
64,339,553,Tafsir02102,85,982,1194,169,97
64,1,320,Tafsir07057,115,149,568,178,52
64,332,577,Tafsir07057,1364,505,734,178,89
64,1,320,Tafsir07057,2073,978,1328,172,59
64,339,549,Tafsir07057,2076,1085,1295,172,100
64,339,695,Rafed0003257Vols,224,756,1112,290,100
64,332,549,Rafed0003257Vols,5626,898,1116,176,98
64,493,695,Sham19Y0023608,82,288,779,164,41
64,549,660,Shamela0007798,429,1375,1486,90,100
64,438,695,Sham19Y0014404,53,182,910,208,35
64,549,695,Masaha003034,55,82,228,118,100
64,532,695,Sham19Y0147312,117,733,913,126,87
64,454,695,Zaydiyya0000062,47,589,830,195,100
64,339,549,Shamela0021821,60,975,1185,172,100
64,536,695,Shamela0021821,62,228,383,120,94
64,493,695,Shia003721Vols,322,987,1232,138,66
64,339,549,Shia003721Vols,389,1011,1221,172,100
64,549,669,Meshkat0014420,146,1495,1615,97,100
64,339,553,Shamela0000041,71,220,434,175,100
64,399,695,Shamela0000041,72,218,587,190,57
64,421,695,Rafed0003150Vols,110,608,1168,223,48
64,549,695,Shamela0004473,14086,380,526,118,100
64,339,553,Shamela0004473,14088,1301,1515,172,98
64,348,695,Sham19Y0023618,65,1,348,283,100
64,325,549,Shamela0010273,66,736,957,176,96
64,549,695,Shamela0010273,67,1470,1616,118,100
64,381,549,Rafed0001713Vols,108,1,169,138,100
64,549,695,Rafed0001713Vols,112,745,891,118,100
64,339,549,JK006478,824,99,310,172,99
64,339,549,JK009268,347,295,505,172,100
64,549,695,JK009268,351,1401,1547,118,100
64,454,767,Shia003744Vols,34,354,679,208,73
64,454,695,Shamela0023632,134,1031,1272,195,100
64,339,549,Shamela0001419,33,1146,1356,172,100
64,549,695,Shamela0009231,168,62,208,118,100
64,332,695,ShamAY0036821,124,710,1071,289,98
64,339,549,Sham19Y0013550,41,448,876,172,49
64,339,571,ShamAY0034066,61,144,376,189,99
64,454,702,Shia002356Vols,37,153,762,201,40
64,549,706,JK001496,116,61,218,124,98
64,339,549,Shia002394Vols,180,1190,1400,172,100
64,549,695,Shia002394Vols,182,1132,1278,118,100
64,339,549,JK009266,434,1325,1535,172,100
64,549,695,JK009266,445,1201,1347,118,100
64,549,695,Masaha000554Vols,139,1434,1580,118,100
64,339,695,Shia002334,161,837,1193,290,100
64,339,549,Shamela0029743,17,26,236,172,100
64,438,695,Shamela0029743,19,206,708,209,51
64,549,695,Masaha002865,294,535,681,118,100
64,454,695,JK001420,45,1181,1547,157,52
64,549,695,Noorlib0038508,113,478,624,118,100
64,339,549,JK009270,138,823,1033,172,100
64,549,695,JK009270,144,613,759,118,100
64,332,549,JK007018,23,999,1216,174,98
64,549,706,JK007018,24,125,282,124,98
64,454,695,Shamela0022371,53,365,790,195,56
64,339,629,QuranAnalysis001,3,1390,1680,237,100
64,325,706,Shamela0023628,68,91,478,294,92
64,454,695,Shamela0037458,144,830,1071,195,100
64,454,695,Meshkat00042488,43,419,1052,195,38
64,339,549,JK009362,539,327,538,172,99
64,549,695,JK009362,544,905,1051,118,100
64,325,695,Shamela0023591,366,227,594,294,97
64,421,695,Rafed0003943Vols,36,1,275,223,100
64,421,695,Tafsir06048,26,594,1100,149,34
64,339,565,Shamela0023578,118,1264,1491,181,97
64,549,695,Shamela0004445,411,1254,1400,118,100
64,339,549,Shamela0004445,479,37,247,172,100
64,372,549,Sham19Y0020891,460,1,178,145,100
64,549,695,Sham19Y0020891,463,793,939,118,100
64,549,695,Shamela0000922,56,1234,1380,118,100
64,339,549,Shamela0008381,976,1339,1549,172,100
64,549,695,Shamela0008381,977,706,852,118,100
64,339,549,JK009396,59,1263,1473,172,100
64,549,695,JK009396,61,48,194,118,100
64,339,549,Sham19Y0020643,171,934,1144,172,100
64,549,695,Sham19Y0020643,172,1365,1511,118,100
64,549,695,Shamela0008473,321,28,174,118,100
64,391,695,Shamela0012884,170,224,1056,235,34
66,14,341,Tafsir07057,118,833,1083,144,53
67,991,1273,Tafsir09083,41,1059,1324,134,47
68,1,378,Tafsir07057,121,353,975,145,25
68,627,1339,Tafsir09083,41,221,557,205,33
69,254,486,Shia001432Vols,4011,1,234,191,99
69,179,352,Shia001432Vols,4019,406,607,137,85
69,170,501,JK000791,59,209,551,263,95
69,625,906,Tafsir07057,122,395,668,141,59
69,906,1493,Tafsir07057,124,665,1297,285,47
69,170,486,Rafed0003257Vols,224,1112,1427,255,99
69,170,486,Sham19Y0023608,86,108,423,255,99
69,283,486,Tafsir09084,72,889,1183,165,68
69,170,489,Shamela0007798,433,842,1162,257,99
69,47,663,Sham19Y0014404,54,272,670,307,61
69,179,352,Zaydiyya0000076BK16,14,1018,1192,139,99
69,170,663,Meshkat00057178,314,1099,1465,287,72
69,170,990,Sham19Y0147312,118,886,1384,333,48
69,47,486,Zaydiyya0000062,48,1045,1477,289,79
69,170,486,Shamela0021821,62,383,700,257,99
69,170,486,Shia003721Vols,322,1232,1549,257,99
69,91,486,Meshkat0014420,148,989,1332,273,85
69,47,663,Shamela0000041,73,702,1162,327,65
69,269,514,Rafed0003150Vols,111,1016,1259,199,99
69,352,486,Shamela0004473,4956,837,971,111,100
69,352,486,Shamela0004473,5593,564,698,111,100
69,156,486,Shamela0004473,14087,1116,1459,264,94
69,156,618,Sham19Y0023618,67,718,1176,367,97
69,170,486,Shamela0010273,69,523,838,255,99
69,170,1122,Rafed0001713Vols,114,45,739,370,45
69,36,486,JK006478,838,147,759,307,59
69,248,486,JK009268,352,1,239,196,100
69,179,352,Shia003749,291,587,788,137,85
69,170,489,Shamela0023632,136,1061,1380,257,98
69,170,352,MMS00013,2746,45,229,145,98
69,170,486,Kraken220413202144,98,977,1302,246,93
69,323,495,Shamela0011288,15,852,1031,139,94
69,245,486,Shamela0009231,171,1,242,198,100
69,170,486,ShamAY0036821,124,1071,1384,254,99
69,352,486,Sham19Y0018567,342,1142,1276,111,100
69,170,486,Masaha003709,3,673,988,255,99
69,186,335,Tafsir04038,469,1345,1504,120,93
69,186,486,Shia002356Vols,38,1,301,243,99
69,323,489,Noorlib18399BK2,30,911,1077,132,95
69,352,486,JK000381,772,1375,1509,111,100
69,170,1151,JK001496,117,206,885,363,45
69,163,422,JK000330,208,1386,1646,206,98
69,287,486,Shia002394Vols,184,1,200,163,100
69,170,489,JK009266,452,33,352,258,99
69,352,486,JK000805,42,759,892,110,99
69,352,486,JK000376,117,792,926,111,100
69,179,352,Shamela0009783BK1,330,911,1107,139,88
69,186,364,Shia003961Vols,469,264,455,139,91
69,170,486,Masaha000554Vols,142,220,534,253,98
69,208,433,EScr20112411,28,891,1116,161,88
69,170,585,Shia002334,161,1193,1609,339,99
69,170,486,Shamela0029743,19,708,1025,257,99
69,170,486,JK001420,46,192,509,257,99
69,352,486,Shamela0009637,44,904,1038,111,100
69,170,352,Noorlib0038508,114,402,639,146,76
69,170,618,JK009270,144,759,1207,365,100
69,163,486,JK007018,24,543,867,258,97
69,47,486,Shamela0022371,53,888,1296,279,79
69,170,618,QuranAnalysis001,4,67,516,365,99
69,186,352,Shamela0023833,343,53,429,133,44
69,170,486,Shamela0023628,70,569,884,255,99
69,358,486,Zaydiyya0000385,10,1120,1248,106,100
69,254,663,Shamela0037458,147,1,423,219,47
69,170,486,Shamela0023591,366,594,909,255,99
69,170,618,Rafed0003943Vols,37,806,1253,363,99
69,47,323,Tafsir06048,26,1074,1340,148,51
69,170,641,Shamela0023578,122,90,553,371,96
69,170,370,Shamela0004445,411,1400,1601,161,99
69,170,495,Sham19Y0020891,467,1,327,258,97
69,47,486,Shamela0000922,57,928,1327,286,76
69,352,495,Shamela0008381,801,1,155,118,92
69,51,486,JK009396,61,1016,1484,299,77
69,179,352,Sham19Y0145435,1143,218,413,139,88
69,179,486,Kraken210622021806,395,8,304,243,94
69,170,352,JK000911,122,1268,1451,146,99
69,198,335,JK006476,38,489,626,111,100
69,335,523,JK006476,39,156,344,155,100
69,170,352,Hindawi013538483,390,809,992,146,99
69,170,323,Zaydiyya0000044,116,35,188,123,100
69,283,906,Sham19Y0020643,174,1,683,234,29
69,170,352,Tafsir07076,227,322,504,146,100
69,170,486,Tafsir07076,1166,89,404,256,99
69,186,323,Tafsir07076,6342,893,1030,110,100
69,163,323,Tafsir07076,9151,601,764,119,90
69,186,323,Tafsir07076,9195,537,674,110,100
69,170,352,Shamela0008473,322,1344,1527,146,99
69,283,486,Shamela0008473,325,110,405,166,68
69,163,570,JK000378,12,1203,1626,329,95
69,36,663,Shamela0012884,171,666,1245,304,49
69,170,352,Rafed0000040Vols,420,748,931,146,99
69,352,486,Sham19Y0014592,1718,703,837,111,100
69,170,379,Sham19Y0014592,1981,1294,1503,169,100
69,352,486,Sham19Y0014592,1991,1061,1195,111,100
69,352,486,Sham19Y0014592,2235,102,236,111,100
70,1214,1387,Tafsir09083,41,791,938,108,74
71,841,1171,Tafsir07057,131,844,1313,162,40
72,230,1404,Tafsir07057,133,304,1272,400,36
73,1141,1436,Shia001432Vols,4092,1041,1336,234,100
73,1141,1347,JK000791,65,367,573,163,100
73,389,900,Tafsir07057,134,404,1066,304,51
73,862,1141,Rafed0003257Vols,238,162,442,225,98
73,1141,1436,Rafed0003257Vols,243,231,526,234,100
73,975,1141,Sham19Y0023608,92,93,498,137,40
73,1141,1436,Sham19Y0023608,94,400,695,234,100
73,1141,1347,Shamela0007798,471,18,224,163,100
73,1149,1447,Shamela0007798,474,636,1204,213,47
73,1244,1406,Sham19Y0014404,61,90,295,123,77
73,938,1141,Zaydiyya0000062,51,240,467,164,88
73,1218,1436,Zaydiyya0000062,52,1,219,172,100
73,1141,1436,Shamela0021821,68,78,373,234,100
73,954,1436,Shia003721Vols,340,331,848,291,60
73,1141,1436,Rafed0003793Vols,257,288,583,234,100
73,1021,1436,Rafed0003793Vols,378,953,1318,285,86
73,954,1244,Shamela0000041,77,828,1286,233,62
73,1244,1436,Shamela0000041,81,857,1049,151,100
73,869,1141,Rafed0003150Vols,114,16,289,223,99
73,1141,1436,Rafed0003150Vols,115,327,622,234,100
73,1141,1436,Sham19Y0023618,73,41,336,234,100
73,855,1141,Shamela0010273,73,104,387,227,97
73,1141,1436,Shamela0010273,74,1091,1386,234,100
73,862,1141,Rafed0001713Vols,117,590,870,225,98
73,1116,1436,Rafed0001713Vols,119,199,549,252,90
73,1133,1436,JK006478,859,732,1047,240,95
73,869,1141,JK009268,358,457,729,223,100
73,1141,1436,JK009268,364,1033,1328,234,100
73,1021,1244,Shamela0023632,145,746,969,182,100
73,1190,1436,Shamela0023632,149,270,541,169,76
73,1258,1436,Shia002748Vols,244,1,179,140,100
73,1160,1436,Zaydiyya0000015,2298,761,1037,219,100
73,1160,1436,Masaha003448Vols,156,835,1111,219,100
73,1141,1436,ShamAY0036821,136,653,946,232,99
73,1102,1347,Shia002356Vols,40,828,1132,187,77
73,869,1145,JK001496,119,794,1072,226,99
73,1096,1436,JK001496,120,806,1244,267,76
73,1209,1383,Shia002394Vols,190,1357,1562,129,79
73,1141,1436,JK009266,484,120,415,234,100
73,1087,1436,Masaha000554Vols,153,209,633,270,79
73,967,1168,Shia002334,166,1,208,154,90
73,1141,1436,Shia002334,170,702,997,234,100
73,1141,1436,Shia002333,4,527,821,232,98
73,957,1436,Shamela0029743,21,1,480,385,100
73,767,1209,Sham19Y0020966,38,141,890,296,46
73,954,1436,JK009270,173,263,745,387,100
73,1160,1436,JK000908,23,254,530,219,100
73,869,1141,JK007018,25,1101,1374,223,99
73,1102,1436,JK007018,26,758,1119,254,89
73,1080,1347,Shamela0022371,56,168,870,210,37
73,869,1436,QuranAnalysis001,4,516,1083,457,100
73,954,1244,Shamela0023628,74,118,408,236,100
73,1244,1436,Shamela0023628,77,1100,1292,151,100
73,948,1141,Shamela0037458,154,735,928,156,98
73,1141,1347,Shamela0037458,156,808,1014,163,100
73,1209,1436,Meshkat00042488,48,1152,1447,178,76
73,869,1116,Shamela0023591,405,1346,1593,202,100
73,1141,1436,Shamela0023591,422,258,553,234,100
73,869,1244,Shamela0001466,107,281,654,302,98
73,1244,1365,Shamela0001466,111,1424,1540,90,94
73,869,1204,Rafed0003943Vols,37,1253,1589,274,99
73,1204,1436,Rafed0003943Vols,38,1,233,183,100
73,1190,1396,Shia002380Vols,25,1136,1543,154,48
73,855,1436,Shamela0023578,129,302,880,461,98
73,975,1436,Shamela0004445,429,1135,1573,276,67
73,957,1145,Sham19Y0020891,473,1,189,154,100
73,1116,1436,Sham19Y0020891,475,277,657,252,83
73,1160,1347,ShamAY0037574,817,481,668,148,100
73,1185,1436,JK009396,67,1099,1305,155,77
73,1141,1443,Zaydiyya0000044,43,240,542,240,100
73,1244,1436,Sham19Y0020643,183,1,243,141,74
73,911,1141,Shamela0008473,331,918,1318,162,49
73,1149,1436,Shamela0008473,341,909,1466,208,47
73,1244,1436,Shamela0008473,343,1100,1292,151,100
73,1160,1436,Masaha003390Vols,455,889,1165,219,100
74,353,1171,Tafsir07057,135,536,915,160,24
74,599,1032,Tafsir07057,136,204,841,249,47
74,599,814,Tafsir07057,2102,964,1229,130,58
74,652,1217,Sham19Y0014404,56,884,1488,153,20
74,462,1032,Tafsir09083,42,1309,1617,171,33
74,814,1217,Tafsir08090,70,35,456,122,24
74,506,1032,Shamela0037458,154,563,808,119,28
76,127,322,Sham19Y0014328,412,616,830,122,63
76,622,1034,Tafsir07057,140,312,1033,279,46
76,127,322,ShamAY0034447,1049,446,679,120,57
76,152,322,JK009247,208,99,251,100,69
76,589,865,Tafsir09083,47,1080,1266,145,63
76,127,322,Shamela0023645,47,1023,1237,122,63
76,133,322,JK011730,41,665,848,115,67
76,159,322,Shamela0009918,368,622,1116,94,23
76,127,322,Shamela0010283,3852,835,1049,122,63
77,889,1067,Shia001432Vols,2724,607,785,141,100
77,697,889,Shia001432Vols,4093,1,193,158,98
77,548,750,Shia001432Vols,4096,1026,1219,148,92
77,882,1067,Shia001432Vols,21713,1125,1310,146,99
77,889,1067,Shia001432Vols,21818,41,219,141,100
77,548,750,Shia001432Vols,22990,121,313,148,92
77,889,1067,JK000791,70,544,729,141,96
77,567,767,Tafsir07057,142,42,242,159,100
77,882,1067,Tafsir07057,149,470,654,144,98
77,767,1107,Rafed0003726Vols,21,862,1385,98,19
77,518,889,Rafed0003257Vols,243,486,848,267,84
77,889,1067,Rafed0003257Vols,248,182,360,141,100
77,518,889,Sham19Y0023608,94,655,1017,267,84
77,889,1067,Sham19Y0023608,98,517,695,141,100
77,523,767,Tafsir09084,81,1098,1487,166,53
77,567,742,Tafsir09084,83,19,227,138,84
77,523,767,Shamela0007798,473,148,529,166,54
77,523,742,Shamela0007798,474,1180,1426,140,71
77,567,727,Shamela0007798,487,499,692,124,81
77,882,1074,Shamela0007798,505,187,378,150,98
77,548,750,Shia002389Vols,85,647,840,148,92
77,548,750,Masaha004648Vols,33,559,753,148,93
77,523,771,Sham19Y0014404,61,888,1446,176,39
77,889,1074,Sham19Y0014404,63,1318,1503,142,97
77,822,989,Meshkat00057178,340,1173,1482,114,46
77,807,1067,Sham19Y0147312,130,42,699,209,39
77,560,828,Zaydiyya0000062,53,61,329,208,97
77,796,1135,Zaydiyya0000062,54,494,860,229,74
77,518,1074,Shamela0021821,68,333,881,414,89
77,518,889,Shia003721Vols,340,808,1170,267,83
77,567,767,Shia003721Vols,341,1035,1350,159,62
77,842,1067,Meshkat0014420,173,410,683,159,73
77,523,889,Shamela0000041,82,290,657,269,90
77,889,1067,Shamela0000041,85,176,354,141,100
77,544,903,Rafed0003150Vols,116,254,729,271,69
77,842,1067,Rafed0003150Vols,117,451,971,180,43
77,889,1067,Shamela0004473,5368,395,573,141,100
77,518,889,Sham19Y0023618,73,296,658,267,84
77,889,1067,Sham19Y0023618,76,566,744,141,100
77,518,754,Shamela0010273,74,1346,1573,155,75
77,889,1074,Shamela0010273,77,1152,1341,142,94
77,518,767,Rafed0001713Vols,119,509,749,166,77
77,889,1067,Rafed0001713Vols,124,126,304,141,100
77,518,889,JK006478,859,1007,1371,266,83
77,518,842,JK009268,364,1288,1603,228,82
77,842,1067,JK009268,365,1,227,180,99
77,664,863,ShamAY0034106,17,326,573,128,64
77,889,1067,Shia003744Vols,39,357,535,140,99
77,646,889,Shamela0023632,151,239,482,198,100
77,518,767,Shia002748Vols,244,139,379,166,77
77,518,767,Zaydiyya0000015,2298,997,1237,166,77
77,518,767,Masaha003448Vols,156,1071,1311,166,77
77,882,1074,Shamela0006947,8503,1336,1527,150,98
77,889,1074,Shamela0009231,188,512,708,147,94
77,567,1067,ShamAY0036821,136,946,1441,395,98
77,822,1074,Sham19Y0013550,43,893,1203,203,81
77,889,1074,Sham19Y0013550,571,397,586,147,97
77,1074,1328,Tafsir09083,45,1237,1508,183,79
77,609,767,Tafsir04038,18,1,212,127,74
77,567,1382,Shia002356Vols,41,589,1372,305,35
77,889,1074,Shia002356Vols,43,444,627,140,96
77,882,1067,JK000381,3324,674,858,144,98
77,518,822,JK001496,120,1204,1499,210,80
77,889,1074,JK001496,126,629,815,147,99
77,822,1067,JK000367,72,840,1086,197,99
77,548,750,Tafsir04056,185,205,399,148,93
77,567,822,Shia002394Vols,192,244,498,202,99
77,822,1067,Shia002394Vols,195,872,1116,195,98
77,889,1067,Shia001174Vols,846,91,269,139,98
77,518,889,JK009266,484,375,738,267,84
77,889,1067,JK009266,507,1123,1301,141,100
77,567,1074,Masaha000554Vols,153,633,1148,398,95
77,567,767,Masaha000554Vols,154,1153,1496,159,58
77,889,1067,JK001110,67,517,695,141,100
77,518,889,Shia002334,170,957,1317,264,82
77,889,1067,Shia002334,177,710,888,141,100
77,918,1067,Shamela0012034,6,1,150,119,100
77,889,1067,Shamela0012034,125,1174,1352,141,100
77,567,889,Shia002333,4,821,1141,256,98
77,518,767,Shamela0029743,21,440,680,166,77
77,767,1067,Shamela0029743,23,811,1111,242,100
77,822,1067,JK001420,53,730,1121,197,62
77,567,889,Noorlib0038508,128,328,1146,260,39
77,518,889,JK009270,173,705,1068,267,84
77,889,1067,JK009270,180,389,574,141,96
77,518,771,JK000908,23,490,734,167,76
77,518,771,JK007018,26,1079,1335,169,74
77,721,1074,JK007018,27,685,1407,275,47
77,688,822,Shamela0022371,58,1,463,109,29
77,889,1067,Shamela0022371,58,1088,1266,141,100
77,518,1036,QuranAnalysis001,4,1043,1553,383,88
77,518,767,Shamela0023628,77,1252,1492,166,77
77,767,1056,Shamela0023628,78,1217,1506,233,100
77,567,1206,Shamela0037458,158,1201,1549,200,39
77,889,1067,Shamela0037458,163,310,488,141,100
77,889,1067,Meshkat00042488,52,20,198,141,100
77,548,750,Shia001142Vols,12,119,308,146,90
77,538,750,Shia001237Vols,3732,564,780,150,86
77,889,1067,JK009362,593,1181,1360,141,99
77,518,1074,Shamela0023591,422,513,1060,414,89
77,889,1067,JK009257,40,643,821,141,100
77,518,767,Shamela0001466,112,32,263,158,72
77,518,1067,Rafed0003943Vols,38,193,733,408,89
77,567,822,Shia002380Vols,26,145,762,200,40
77,518,889,Shamela0023578,129,840,1202,267,84
77,889,1067,Shamela0023578,138,1394,1572,141,100
77,567,889,Shamela0004445,430,1,324,259,99
77,573,767,Shamela0004445,431,226,543,154,61
77,518,889,Sham19Y0020891,475,617,979,267,84
77,889,1067,Shamela0000922,65,1212,1390,141,100
77,889,1067,Zaydiyya0000373Vols,282,290,468,141,100
77,518,760,JK009396,67,1265,1498,160,76
77,889,1067,JK009396,71,764,949,141,96
77,518,760,JK000911,121,615,883,151,64
77,688,815,JK006476,43,1120,1247,103,100
77,518,889,Sham19Y0020643,183,203,565,267,84
77,889,1067,Sham19Y0020643,187,1219,1397,141,100
77,882,1056,JK000122,496,1351,1524,135,98
77,927,1067,JK000001,2610,1042,1182,111,100
77,523,771,Shamela0008473,339,802,1145,163,58
77,594,750,Shamela0008473,342,1,183,121,84
77,889,1067,Shamela0008473,350,62,240,141,100
77,518,767,Shamela0012884,184,1003,1236,158,73
77,842,1067,Shamela0012884,192,1076,1313,179,94
77,518,767,Masaha003390Vols,455,1125,1365,166,77
78,600,759,Tafsir09083,47,73,249,131,88
78,1297,1673,Tafsir09083,47,1337,1611,152,50
79,1432,1610,Tafsir07057,147,1239,1447,115,67
79,1432,1610,Tafsir06051,725,734,942,115,67
79,1432,1610,Shamela0006947,3912,487,702,112,63
79,160,478,Tafsir09083,47,289,520,167,61
80,1,144,Tafsir07057,147,1447,1585,108,94
80,144,285,Tafsir07057,148,1,133,104,85
80,1270,1562,Tafsir07057,150,253,574,197,67
80,1,285,Tafsir06051,725,942,1221,225,97
81,1279,1600,Shia001432Vols,2436,495,817,259,99
81,1279,1544,Shia001432Vols,5668,336,601,214,100
81,1375,1544,Tafsir07057,156,334,503,137,100
81,1375,1544,Shamela0001524,969,1333,1552,128,72
81,1260,1600,Rafed0003257Vols,248,338,681,264,95
81,1010,1600,Sham19Y0023608,99,771,1305,312,59
81,400,1544,Zaydiyya0000062,56,47,899,416,39
81,1375,1600,Shamela0021821,73,1,226,182,100
81,1302,1566,Tafsir02104,14,848,1324,180,44
81,1375,1600,Zaydiyya0000476,584,1075,1367,182,77
81,1375,1600,Zaydiyya0000476,606,379,671,182,77
81,1279,1504,Shamela0000041,87,1133,1358,180,99
81,1288,1600,Rafed0003150Vols,118,793,1161,192,57
81,1375,1544,Shamela0004473,10787,1366,1535,137,100
81,1375,1600,Sham19Y0023618,77,960,1185,182,100
81,1249,1544,Shamela0010273,79,83,366,221,92
81,1279,1600,Rafed0001713Vols,125,416,737,259,100
81,1249,1600,JK009268,376,231,579,267,94
81,1375,1600,Shamela0023632,157,1257,1482,182,100
81,1380,1600,ShamAY0036821,149,1,222,177,98
81,1375,1544,Sham19Y0020594,64,1313,1566,128,62
81,1298,1544,Shia002356Vols,44,38,462,194,56
81,1279,1600,JK000381,4353,276,597,259,100
81,924,1544,JK001496,127,597,972,266,53
81,1279,1600,Hindawi070427368,52,89,410,259,100
81,1375,1544,Tafsir04056,982,770,939,137,100
81,1375,1544,JK009266,519,1233,1402,137,100
81,1218,1600,JK000805,62,67,407,273,88
81,1260,1600,JK000101,363,189,540,266,94
81,1272,1544,Masaha000554Vols,158,811,1084,215,97
81,1279,1544,Shia002334,183,44,309,214,100
81,1260,1600,Shamela0029743,23,1089,1432,264,95
81,1218,1600,Shamela0009637,64,1188,1526,273,88
81,1260,1600,JK009270,180,552,895,264,95
81,1279,1514,JK007018,28,631,872,184,94
81,1260,1600,QuranAnalysis001,5,10,353,264,95
81,1375,1583,Shamela0023833,344,415,779,169,57
81,1249,1499,Shamela0023628,83,139,377,185,91
81,1375,1600,Shamela0037458,166,633,858,182,100
81,1249,1600,Shamela0023591,461,852,1191,266,94
81,1260,1600,Rafed0003943Vols,38,711,1054,264,95
81,1288,1566,Shia002380Vols,27,507,1183,218,40
81,1320,1600,Shamela0023578,139,1,281,226,100
81,1279,1544,Sham19Y0020891,497,1040,1306,214,99
81,1279,1600,Shamela0008381,833,464,785,259,100
81,1249,1544,JK009396,73,472,764,222,93
81,1408,1600,Shamela0010283,3358,1,303,155,63
81,1375,1544,ShamAY0037152,557,1076,1245,137,100
81,1375,1544,Sham19Y0020643,195,768,937,137,100
81,1375,1583,Masaha002028Vols,814,143,507,169,57
81,1358,1544,Shamela0008473,354,1,187,151,100
81,1391,1600,JK000362,40,1,211,169,99
81,1279,1559,JK000362,976,1177,1458,226,99
82,748,1457,Tafsir09083,52,204,995,295,36
82,179,398,JK000906,538,267,425,64,28
83,1103,1540,Shamela0023628,84,540,1027,120,21
84,1480,1609,Tafsir07057,159,111,278,91,68
85,1354,1597,Rafed0003257Vols,248,807,1050,197,100
85,1340,1597,Sham19Y0023608,103,1285,1539,201,96
85,1354,1597,Shamela0021821,73,352,595,197,100
85,1347,1570,Shamela0000041,90,1312,1536,177,97
85,1340,1601,Shamela0004473,15172,1142,1415,205,93
85,1361,1597,Sham19Y0023618,79,1,237,191,100
85,1354,1597,Rafed0001713Vols,127,1291,1534,197,100
85,1354,1597,JK009268,376,705,948,197,100
85,1354,1597,Shamela0023632,160,963,1206,197,100
85,776,1154,Tafsir09083,50,1173,1474,161,48
85,1361,1601,Shamela0029743,24,1,241,194,100
85,1354,1597,JK009270,180,1021,1264,197,100
85,1347,1607,JK007018,29,542,803,207,98
85,1354,1607,QuranAnalysis001,5,479,732,205,100
85,1354,1597,Shamela0023591,461,1317,1560,197,100
85,1354,1607,Rafed0003943Vols,38,1180,1433,205,100
85,1340,1607,Shamela0023578,143,423,687,209,97
85,1354,1607,Sham19Y0020891,502,327,580,199,97
86,177,538,Tafsir07057,161,1126,1574,137,31
86,1,642,Shamela0000041,91,38,267,181,33
86,7,216,JK007018,29,808,1002,162,91
90,757,1012,Shia001432Vols,2436,1029,1285,213,99
90,757,1123,Shia001432Vols,7427,644,1010,302,100
90,846,1501,Shia001432Vols,23559,1,569,361,62
90,757,1123,Shia001432Vols,23968,1028,1393,301,99
90,757,1241,JK000791,76,1209,1621,334,83
90,750,1123,ShamAY0007299,2914,997,1369,306,99
90,843,1199,ShamAY0033108,58,1103,1394,157,44
90,757,1012,Shamela0011353,264,941,1196,213,100
90,843,1199,Rafed0003257Vols,261,1,357,294,100
90,743,1189,Sham19Y0023608,109,1201,1644,361,98
90,750,1097,Shamela0023596,131,204,551,283,98
90,757,1376,Shamela0007798,549,1249,1478,128,23
90,757,1123,Shia002389Vols,93,980,1457,302,76
90,813,1123,Shia002389Vols,97,1,311,254,99
90,761,1123,Sham19Y0014404,68,1,624,299,58
90,750,1241,Zaydiyya0000062,59,865,1276,330,81
90,757,1376,Shamela0021821,77,619,1126,413,80
90,750,1012,JK009231,103,47,308,214,98
90,757,1123,Shia002759BK1,116,494,968,302,77
90,757,1241,Shamela0000041,92,821,1310,394,97
90,775,1038,Rafed0003150Vols,120,1381,1694,218,84
90,757,1123,Sham19Y0023618,80,1226,1592,302,100
90,743,1123,Shamela0010273,85,285,662,306,97
90,757,1123,Masaha000001Vols,850,268,748,302,75
90,757,1199,Rafed0001713Vols,131,1208,1650,365,100
90,757,1199,JK009268,383,1040,1482,365,100
90,757,1106,Shamela0006947,15751,1220,1569,288,100
90,757,1206,Zaydiyya0000474,76,837,1286,371,100
90,941,1199,ShamAY0036821,154,1,254,205,97
90,757,1123,Shia001122Vols,835,1039,1520,302,76
90,750,1012,Shamela0010463,119,1198,1460,215,98
90,757,1038,Tafsir04038,21,1198,1479,233,100
90,750,1245,JK001496,130,778,1253,378,92
90,757,1123,Tafsir04056,38,207,670,302,79
90,757,1123,Shia001174Vols,3472,470,951,302,76
90,823,1123,JK009266,560,1,301,248,100
90,757,1199,Masaha000554Vols,164,326,762,353,96
90,820,1501,Masaha000554Vols,165,133,1327,377,34
90,757,999,Tafsir07055,3646,354,596,202,100
90,757,987,Shia002334,230,1353,1583,191,99
90,900,1216,Shamela0029743,27,1,310,255,97
90,757,1216,JK009270,188,275,728,366,96
90,830,1199,JK009237,6021,749,1324,292,61
90,757,1024,JK000064,873,49,316,216,97
90,820,1241,JK007018,30,1,422,348,100
90,757,1216,QuranAnalysis001,5,901,1354,366,96
90,792,1199,Shamela0023833,346,131,716,336,69
90,757,930,ShamIbadiyya0000198Vols,1282,654,827,144,100
90,757,1245,JK009362,617,1116,1603,395,96
90,930,1199,JK009362,622,844,1117,221,98
90,803,1123,JK000099,31,1,321,264,100
90,757,1199,Shamela0023591,483,601,1043,365,100
90,792,1199,Shamela0023578,146,904,1463,336,72
90,757,1245,Sham19Y0020891,508,92,555,376,93
90,757,1245,JK009396,77,943,1435,395,97
90,796,921,JK006476,50,1007,1132,104,100
90,757,1210,Zaydiyya0000074,40,535,988,372,98
90,757,1012,Shamela0010283,3358,1168,1566,213,64
90,738,1199,ShamAY0037152,559,594,1063,371,95
90,761,1216,ShamIbadiyya0000075,38,574,1650,361,40
90,843,1199,Masaha002028Vols,816,7,509,294,70
90,743,1199,Shamela0008473,366,948,1395,367,97
90,757,1123,Shamela0008473,1565,721,1087,302,100
90,757,1241,Shamela0012884,205,815,1305,382,93
92,189,512,Tafsir07057,168,1088,1369,140,50
93,57,1065,Tafsir07057,169,412,1588,606,55
93,1086,1477,Tafsir07057,170,1,447,199,51
94,1190,1546,JK006950,107,750,1112,291,97
94,1356,1593,Shia001432Vols,2436,1294,1531,192,100
94,436,636,Tafsir07057,170,613,1005,140,43
94,1190,1593,Rafed0003257Vols,269,565,968,330,100
94,1290,1593,Zaydiyya0000062,61,118,550,247,70
94,1020,1593,Shamela0021821,81,19,557,370,74
94,1020,1593,Shamela0000041,94,88,580,364,77
94,1277,1493,Rafed0003150Vols,122,1,217,177,100
94,973,1412,Sham19Y0023618,84,65,374,232,64
94,1190,1546,Hindawi025308516Vols,345,605,961,292,100
94,1009,1356,Rafed0001713Vols,134,434,773,209,62
94,1190,1498,JK009268,392,1315,1623,253,100
94,973,1412,Shamela0023632,169,1225,1534,232,64
94,542,1085,Shia002356Vols,47,1448,1587,98,21
94,1190,1417,JK000381,4836,255,480,183,97
94,1190,1546,JK000381,5800,825,1187,291,97
94,1190,1546,JK001496,131,990,1348,290,98
94,1020,1412,Shia002394Vols,205,281,624,219,59
94,1190,1593,JK000373,181,936,1301,284,86
94,1190,1412,JK000805,13,685,907,184,100
94,1190,1513,JK000805,38,1288,1610,264,99
94,1174,1412,Masaha000554Vols,167,1275,1511,184,93
94,1020,1593,Shamela0029743,28,349,864,369,76
94,1020,1493,Tafsir05047,18,662,1399,252,37
94,1190,1412,Shamela0009637,14,927,1149,184,100
94,1190,1593,Shamela0009637,40,1073,1476,330,100
94,1356,1593,JK009270,201,1298,1535,192,100
94,1190,1454,Hindawi020604026,229,1353,1617,217,100
94,1190,1412,JK007018,30,888,1112,182,98
94,1020,1504,QuranAnalysis001,5,1286,1657,293,73
94,1190,1593,Shamela0023833,347,125,1158,278,31
94,973,1412,Shamela0023628,90,432,741,232,64
94,1190,1593,Shamela0023591,510,778,1181,330,100
94,1020,1569,Rafed0003943Vols,41,1303,1739,346,77
94,1020,1593,Shamela0023578,149,133,647,365,76
94,1190,1528,Shamela0010283,3359,1168,1647,262,67
94,1283,1593,Masaha002028Vols,817,209,922,216,34
95,88,612,JK000791,78,715,1092,130,22
95,48,248,Tafsir07057,170,1268,1531,132,59
95,338,1153,Tafsir07057,171,315,1215,418,43
95,95,598,Zaydiyya0000062,60,958,1626,165,22
95,95,462,Rafed0001713Vols,134,607,1207,130,20
95,241,1020,Tafsir09083,55,1391,1639,167,26
96,1,1317,Tafsir07057,172,336,1590,599,44
96,481,759,Tafsir09083,58,1,155,128,55
97,1,318,Tafsir07057,173,115,442,256,96
97,310,953,Tafsir07057,174,479,1232,293,41
98,1,1034,Tafsir07057,175,445,1598,420,36
100,1,459,Shia001432Vols,2437,40,287,193,52
100,102,322,Shia001432Vols,4037,705,925,182,100
100,164,359,Shia001432Vols,4074,930,1120,143,88
100,102,322,JK000791,80,1300,1520,182,100
100,164,873,Tafsir07057,178,641,1606,338,42
100,1157,1590,Tafsir07057,179,126,657,212,43
100,1,459,Rafed0003257Vols,269,1101,1559,374,100
100,102,459,Sham19Y0023608,117,942,1299,293,100
100,68,322,Sham19Y0014404,72,405,974,191,39
100,102,406,Meshkat00057178,375,74,808,249,41
100,151,322,Sham19Y0147312,151,1133,1314,136,91
100,68,391,Zaydiyya0000062,62,1091,1541,252,66
100,1,164,Zaydiyya0000062,62,521,684,132,100
100,57,322,Shamela0021821,85,164,468,202,80
100,164,322,Meshkat0014420,212,1191,1349,131,100
100,20,406,Shamela0000041,97,487,1066,310,65
100,1,307,Rafed0003150Vols,124,491,788,237,94
100,127,459,Rafed0003150Vols,125,76,968,272,37
100,1,459,Sham19Y0023618,87,95,750,365,68
100,164,328,Shamela0010273,93,1452,1617,135,99
100,230,459,Shamela0010273,94,897,1227,167,61
100,102,322,Rafed0001713Vols,139,164,384,182,100
100,102,459,JK009268,400,1311,1668,293,100
100,102,459,Shamela0023632,175,697,1054,293,100
100,102,322,Shamela0009231,211,33,707,182,32
100,1,459,ShamAY0036821,168,331,784,368,98
100,164,322,Sham19Y0013550,46,236,394,131,100
100,174,322,Masaha003709,32,1,149,123,100
100,102,343,Shia002356Vols,50,62,547,187,46
100,20,322,JK001496,134,96,530,216,61
100,102,343,Shia002394Vols,209,82,327,184,91
100,164,322,JK009266,602,41,199,131,100
100,1,525,Masaha000554Vols,173,708,1171,307,62
100,102,328,Masaha000554Vols,174,486,1204,184,31
100,164,359,Shia002334,267,463,654,143,88
100,1,459,Shamela0029743,28,999,1457,374,100
100,1,164,JK009270,202,54,217,132,100
100,164,394,JK009270,210,1319,1549,188,100
100,1,322,JK007018,31,921,1425,263,63
100,1,459,QuranAnalysis001,6,225,683,374,100
100,1,525,Shamela0023628,93,218,633,310,67
100,102,322,Shamela0037458,181,1338,1558,182,100
100,102,322,Meshkat00042488,61,45,433,182,56
100,102,322,JK009362,643,416,637,182,99
100,1,273,Shamela0023591,510,1314,1586,223,100
100,273,459,Shamela0023591,511,1,187,151,100
100,102,406,Shamela0001466,126,7,310,247,99
100,1,459,Rafed0003943Vols,42,158,616,374,100
100,1,525,Shamela0023578,152,729,1121,308,70
100,257,459,Shamela0023578,153,598,981,163,52
100,102,322,Sham19Y0020891,522,40,260,182,100
100,1,164,JK009396,80,1184,1347,132,100
100,57,322,JK009396,81,237,462,164,74
100,39,217,JK006476,54,1403,1581,145,100
100,236,426,JK006476,55,965,1155,154,100
100,201,322,Sham19Y0020643,224,1,122,100,100
100,164,328,JK000122,336,1056,1222,133,97
100,164,322,JK000122,494,1090,1248,131,100
100,57,325,Tafsir10098,40,50,479,216,61
100,1,164,Shamela0008473,378,296,459,132,100
100,164,322,Shamela0008473,379,857,1015,131,100
100,1,459,Shamela0012884,213,471,1176,367,63
101,1,463,Tafsir07057,179,947,1398,231,52
101,557,1140,Tafsir07057,180,15,840,305,42
101,216,526,JK009268,399,1095,1371,104,30
103,557,1218,Tafsir07057,183,441,1139,246,32
104,284,1100,Tafsir07057,188,443,1417,344,36
104,1243,1490,Shamela0023591,538,244,557,169,65
105,716,860,Shia001432Vols,1553,1264,1409,105,88
105,716,863,JK000791,81,1420,1579,105,79
105,809,1068,JK000791,82,1116,1362,188,89
105,730,857,Tafsir07057,191,143,270,102,100
105,711,947,Rafed0003726Vols,31,329,612,179,79
105,730,857,Shamela0000894,5847,1075,1202,102,100
105,716,857,Sham19Y0023608,117,1284,1426,104,88
105,857,1122,Sham19Y0023608,121,449,714,215,100
105,730,857,Shamela0007798,595,580,707,102,100
105,622,857,Sham19Y0014404,73,776,989,125,59
105,730,857,Meshkat00057178,380,494,621,102,100
105,730,857,Sham19Y0147312,153,14,141,102,100
105,730,947,Zaydiyya0000062,64,1,218,174,100
105,927,1122,Zaydiyya0000062,65,1015,1234,160,89
105,716,857,Shamela0021821,86,223,365,104,88
105,786,1129,Shamela0021821,87,432,927,277,69
105,730,857,Meshkat0014420,218,875,1002,102,100
105,716,857,Shamela0000041,98,1036,1178,104,88
105,802,1068,Shamela0000041,99,385,748,215,73
105,794,947,Rafed0003150Vols,126,914,1067,122,100
105,947,1122,Rafed0003150Vols,127,1225,1400,143,100
105,730,857,Shamela0004473,7694,17,144,102,100
105,584,889,Sham19Y0023618,88,1296,1584,164,60
105,947,1122,Sham19Y0023618,90,300,475,143,100
105,730,857,Shamela0010273,96,737,864,102,100
105,716,857,Rafed0001713Vols,140,939,1081,104,88
105,754,857,JK009268,401,1,104,82,100
105,857,1122,JK009268,407,1182,1448,215,99
105,584,1068,Shamela0023632,178,204,678,308,74
105,730,857,Shamela0006947,8173,596,723,102,100
105,730,857,Shamela0009231,214,1062,1189,102,100
105,850,1122,ShamAY0036821,179,731,997,208,95
105,694,863,Shia002356Vols,51,537,707,111,82
105,716,857,Shia002394Vols,210,445,587,104,88
105,730,857,JK009266,611,222,349,102,100
105,857,1068,JK000805,39,328,539,171,100
105,730,857,Masaha000554Vols,6257,744,871,102,100
105,716,857,Shia002334,280,377,519,104,88
105,716,857,Shamela0029743,28,1442,1584,104,88
105,769,1122,Shamela0029743,31,943,1401,283,76
105,723,857,Sham19Y0095660,506,100,234,104,97
105,857,1068,Shamela0009637,41,124,335,171,100
105,860,1082,JK000637,2168,1328,1551,181,99
105,889,1129,JK009270,205,1,137,97,50
105,716,1122,JK009270,211,51,458,319,95
105,716,1014,JK007018,32,322,1005,232,41
105,730,985,Shamela0022371,75,862,1269,184,54
105,716,1122,QuranAnalysis001,6,668,1075,319,95
105,716,863,Shamela0023628,94,392,540,107,88
105,716,857,Shamela0037458,184,494,636,104,88
105,622,857,Meshkat00042488,62,638,846,120,64
105,730,857,Shamela0095735,723,1083,1210,102,100
105,730,1014,JK009362,652,147,432,229,99
105,716,857,Shamela0023591,511,172,314,104,88
105,857,1122,Shamela0023591,547,1255,1520,215,100
105,730,879,JK009257,44,967,1116,106,88
105,716,857,Rafed0003943Vols,42,601,743,104,88
105,857,1122,Rafed0003943Vols,42,1250,1515,215,100
105,716,1068,Shamela0023578,153,966,1319,275,95
105,716,857,Sham19Y0020891,524,361,503,104,88
105,730,857,Shamela0000922,80,709,836,102,100
105,857,1122,Shamela0000922,82,311,1285,211,26
105,716,863,JK009396,81,1330,1489,105,79
105,730,857,Kraken210622021806,482,1239,1364,97,94
105,716,884,JK006476,56,438,607,125,90
105,857,1122,Shamela0010283,3361,885,1150,215,100
105,857,1102,ShamIbadiyya0000075,41,1081,1570,199,50
105,716,857,Tafsir07076,8254,137,279,104,88
105,716,860,Shamela0008473,381,39,185,105,86
105,716,857,Shamela0008473,4776,1287,1429,104,88
105,860,1068,JK000876,78,399,1055,161,30
105,730,857,Shamela0012884,214,1173,1300,102,100
105,716,857,Sham19Y0014592,869,655,797,104,88
105,730,857,Sham19Y0014592,1978,1398,1525,102,100
106,289,794,Tafsir07057,192,114,911,255,35
108,5,286,Tafsir07057,194,187,306,77,33
108,814,1175,Tafsir07057,197,579,1255,257,44
109,256,1169,Tafsir09084,108,275,721,129,14
109,949,1258,JK001329,36,992,1278,143,55
109,256,1169,Shamela0008473,397,481,944,127,13
110,245,799,JK006950,107,1173,1479,239,53
110,1183,1418,Tafsir07057,201,510,860,143,47
110,381,1130,Shamela0008612,80,773,1437,388,57
110,501,1492,Shamela0021821,90,1,556,338,39
110,245,799,Sham19Y0023618,90,475,1030,446,99
110,245,799,JK000381,2481,149,703,446,100
110,245,799,JK000381,5800,1248,1554,239,53
110,245,799,JK000805,35,497,831,263,59
110,245,848,Shia002334,299,413,1092,479,87
110,282,799,Sham19Y0016953Vols,100,1,518,417,100
110,245,806,Shamela0009637,37,146,496,271,60
110,245,799,JK009270,219,430,985,446,99
110,245,806,JK007018,33,161,724,452,99
110,250,799,Shamela0023591,548,1,551,442,99
110,318,799,Rafed0003943Vols,43,1,483,388,99
110,250,799,Shamela0023578,158,1,551,442,99
110,323,799,JK009396,84,1,478,384,99
110,245,799,Shamela0008473,396,324,878,446,100
111,629,980,Tafsir07057,203,190,481,197,63
111,175,442,Tafsir09085,27,436,842,79,19
111,175,654,Tafsir08090,93,331,624,141,36
112,705,993,Tafsir07057,212,293,651,191,63
113,1402,1575,Tafsir07057,200,732,920,104,64
113,415,966,Tafsir07057,205,296,795,262,44
113,1167,1612,Tafsir07057,206,13,643,204,37
113,1,316,Tafsir07057,212,1258,1560,233,89
114,715,1194,Tafsir07057,207,135,563,168,34
114,1,226,Tafsir09083,64,401,628,182,97
115,1346,1501,Shia001432Vols,939,572,727,119,100
115,1346,1501,JK000791,89,429,584,119,100
115,50,725,Tafsir07057,208,799,1262,269,49
115,1223,1402,Rafed0003726Vols,31,1383,1601,141,82
115,1139,1532,Rafed0003257Vols,286,1064,1458,308,98
115,1132,1346,Sham19Y0023608,128,1327,1539,166,95
115,1346,1496,Sham19Y0023608,130,1415,1565,115,100
115,1146,1434,Zaydiyya0000062,68,966,1254,225,98
115,1115,1346,Shamela0021821,94,14,240,166,88
115,1346,1501,Shamela0021821,95,109,263,118,99
115,1393,1532,Tafsir02104,22,424,814,105,34
115,963,1346,Shamela0000041,108,64,365,196,59
115,1339,1532,Shamela0000041,109,381,574,147,98
115,1195,1370,Rafed0003150Vols,131,435,610,140,100
115,1346,1501,Shamela0004473,8086,890,1091,117,76
115,1218,1425,Sham19Y0023618,93,903,1109,161,99
115,1346,1501,Shamela0010273,107,477,632,119,100
115,1035,1349,Rafed0001713Vols,150,688,977,181,65
115,1146,1532,JK009268,424,848,1235,307,99
115,1218,1425,Shamela0023632,189,1336,1542,161,99
115,1346,1532,Shamela0006947,5868,20,205,143,99
115,1127,1437,Shamela0006947,7443,617,933,230,89
115,1146,1346,Shamela0006947,8174,1331,1532,163,99
115,1223,1425,Shamela0006947,19287,1362,1564,158,100
115,1153,1532,ShamAY0036821,190,232,608,294,97
115,559,766,Tafsir09083,64,111,295,147,88
115,1175,1501,Shia002356Vols,55,429,1197,236,38
115,1146,1346,JK000381,5263,725,926,163,99
115,1168,1346,JK001496,142,1,179,145,100
115,1269,1532,JK001496,143,777,1151,186,63
115,1181,1514,Shia002394Vols,218,8,493,181,41
115,1021,1532,Shamela0029743,34,769,1250,333,80
115,1146,1346,JK009270,219,985,1185,163,100
115,1330,1532,JK009270,228,365,621,153,77
115,1127,1346,JK007018,34,1152,1374,170,94
115,1346,1532,JK007018,35,112,299,143,98
115,1223,1425,Shamela0022371,77,1150,1444,158,68
115,1146,1532,QuranAnalysis001,7,62,449,307,99
115,1203,1425,Shamela0023628,107,188,453,175,83
115,1061,1346,Shamela0037458,198,1126,1426,180,74
115,1132,1532,Shamela0023591,582,784,1182,309,97
115,1146,1346,Shamela0001466,136,30,225,159,96
115,1146,1425,Rafed0003943Vols,43,483,763,223,99
115,1393,1532,Tafsir06048,44,234,610,108,36
115,1132,1425,Shamela0023578,168,1081,1372,226,96
115,1146,1346,Sham19Y0020891,544,937,1138,163,99
115,1269,1532,Sham19Y0020891,549,475,847,185,63
115,1346,1501,JK009396,87,1182,1337,119,100
115,1146,1346,JK009396,87,210,411,163,99
115,1346,1501,ShamAY0037152,563,75,392,118,48
115,1203,1324,ShamIbadiyya0000075,43,1249,1370,97,100
115,1393,1532,ShamIbadiyya0000075,44,387,618,108,60
115,1139,1346,Shamela0008473,430,413,621,166,98
115,1324,1501,Shamela0008473,432,985,1162,137,100
115,1223,1501,Shamela0012884,251,86,446,216,76
116,735,1443,Tafsir07057,215,94,789,315,43
116,68,593,Tafsir09083,65,361,492,92,21
116,882,1229,Tafsir09083,67,391,608,164,56
117,269,902,Tafsir07057,217,768,1542,317,46
117,1150,1570,Tafsir07057,218,901,1290,273,75
118,1,258,Tafsir07057,218,1293,1575,199,84
118,258,1407,Tafsir07057,219,1,1007,698,68
119,120,289,JK000871,85,1409,1549,104,75
119,197,467,Tafsir09085,50,1,556,213,47
120,39,436,Tafsir07057,220,29,783,157,22
120,1158,1438,Tafsir07057,220,1130,1471,132,44
121,560,818,JK000791,93,808,1098,206,88
121,1284,1569,Tafsir07057,221,1164,1473,159,57
121,459,653,Rafed0003257Vols,287,1,195,155,100
121,269,653,Sham19Y0023608,133,825,1359,243,55
121,398,747,Zaydiyya0000062,70,489,838,274,98
121,398,653,Shamela0021821,97,491,746,201,98
121,537,818,Shamela0021821,98,642,937,223,95
121,537,818,Shamela0000041,112,933,1447,223,54
121,398,660,Rafed0003150Vols,133,1264,1526,207,98
121,405,818,Rafed0003150Vols,134,307,1329,320,39
121,391,879,Sham19Y0023618,97,304,629,249,64
121,391,653,Shamela0010273,110,394,653,202,96
121,488,653,Rafed0001713Vols,154,1,166,133,100
121,405,818,JK009268,437,106,519,328,100
121,531,818,Shamela0023632,200,449,806,223,78
121,398,818,ShamAY0036821,190,660,1076,323,97
121,405,653,JK006889,11,266,514,198,100
121,592,847,Shia002356Vols,57,1,533,189,44
121,398,653,JK001496,143,1204,1462,201,97
121,517,847,JK001496,145,632,1110,212,54
121,405,653,Shamela0003055,3613,1388,1636,198,100
121,540,818,Shia002394Vols,220,1189,1465,212,92
121,405,879,Masaha000554Vols,194,345,820,253,63
121,398,637,Shamela0029743,34,1303,1542,188,98
121,637,818,Shamela0029743,35,1,182,143,100
121,405,818,Sham19Y0020966,46,21,522,253,59
121,560,818,JK009270,236,1231,1489,206,100
121,398,818,JK007018,35,984,1403,329,98
121,398,818,QuranAnalysis001,7,502,922,331,99
121,391,653,Shamela0023628,112,695,954,202,96
121,405,653,JK009362,709,845,1096,198,98
121,398,693,Shamela0023591,582,1235,1530,232,98
121,398,818,Rafed0003943Vols,44,58,478,331,99
121,398,699,Shia002380Vols,36,838,1382,229,52
121,537,818,Shamela0023578,175,613,917,223,92
121,405,653,Sham19Y0020891,550,117,365,198,100
121,517,847,Sham19Y0020891,560,940,1337,189,56
121,398,896,JK009396,89,698,1047,248,61
121,517,768,JK006476,67,126,450,198,76
121,391,653,Shamela0008473,441,328,590,201,93
121,648,818,Shamela0008473,443,1316,1486,134,100
121,398,653,Shamela0012884,257,714,969,200,98
122,1,112,Tafsir07057,221,1473,1585,90,99
122,112,990,Tafsir07057,222,1,894,419,48
123,723,1636,Tafsir07057,223,768,1507,316,35
124,152,1527,Tafsir07057,224,10,1271,699,55
124,926,1251,ShamIbadiyya0000050,604,925,1083,105,41
124,926,1245,Meshkat0014420,255,143,299,106,41
124,926,1251,Shamela0010273,111,1065,1409,152,42
125,220,501,Tafsir07057,225,436,748,154,54
125,482,1448,Tafsir07057,226,565,1559,443,44
125,1448,1597,Tafsir07057,227,1,170,122,87
125,177,445,JK000906,647,1017,1503,127,27
126,1,604,Tafsir07057,227,170,901,433,71
127,954,1546,Tafsir07057,229,151,944,410,60
127,505,712,Rafed0003257Vols,310,656,863,165,100
127,453,712,Sham19Y0023608,139,677,1094,208,62
127,1,505,Shamela0007798,690,752,1088,183,40
127,335,648,Sham19Y0014404,85,59,763,252,44
127,433,648,Sham19Y0147312,168,946,1208,142,67
127,505,712,Zaydiyya0000062,73,61,268,165,100
127,335,766,Shamela0021821,98,937,1383,284,69
127,335,631,Sham19Y0023618,98,1209,1505,238,100
127,453,712,Rafed0001713Vols,157,507,858,208,73
127,505,694,JK009268,446,1412,1601,151,100
127,505,712,Shamela0023632,202,1378,1585,165,100
127,505,675,ShamAY0036821,201,1359,1528,135,99
127,328,752,JK001496,146,1169,1521,280,81
127,335,712,Shamela0029743,37,350,727,304,100
127,411,712,JK009270,237,1,302,242,100
127,423,719,JK007018,36,1,534,238,55
127,335,712,QuranAnalysis001,7,922,1299,304,100
127,341,712,Shamela0023628,115,1079,1552,236,55
127,84,505,JK009362,716,850,1183,182,53
127,505,712,Shamela0023591,616,782,989,165,100
127,328,712,Rafed0003943Vols,44,724,1107,307,99
127,453,712,Shamela0023578,177,655,969,208,82
127,335,648,Sham19Y0020891,563,919,1232,252,100
127,487,623,JK006476,68,1406,1542,108,100
127,505,712,ShamAY0037152,564,723,1153,161,46
128,276,960,Tafsir07057,229,909,1571,378,57
128,960,1576,Tafsir07057,230,1,1043,345,36
129,1,405,Tafsir07057,230,1043,1567,318,74
129,405,719,Tafsir07057,231,1,561,223,47
130,1318,1613,Shia001432Vols,2437,956,1205,188,75
130,1446,1613,JK000791,97,940,1512,136,29
130,1,879,Tafsir07057,232,392,1431,588,65
130,1350,1573,Rafed0003726Vols,33,192,461,180,82
130,1446,1613,Rafed0003257Vols,316,1056,1224,135,98
130,1429,1613,Sham19Y0023608,142,618,827,147,87
130,1446,1608,Sham19Y0014404,87,1044,1557,132,31
130,1423,1573,Meshkat00057178,420,96,246,121,100
130,1446,1573,Sham19Y0147312,171,770,897,103,100
130,1318,1573,Zaydiyya0000062,74,219,474,206,100
130,1318,1573,Shamela0021821,100,1,254,204,99
130,1318,1451,Shia003721Vols,518,984,1119,105,97
130,1446,1573,Meshkat0014420,265,1404,1531,103,100
130,1388,1613,Shamela0000041,117,327,552,183,100
130,1318,1484,Rafed0003150Vols,138,439,606,134,99
130,1440,1613,Rafed0003150Vols,139,491,761,138,62
130,1446,1613,Sham19Y0023618,101,1354,1521,135,99
130,1446,1613,Shamela0010273,118,631,798,135,99
130,1446,1613,Rafed0001713Vols,160,1097,1265,135,98
130,1446,1573,JK006478,1085,859,988,103,98
130,1318,1573,JK009268,447,19,274,206,100
130,1350,1577,Shamela0023632,206,1,228,181,99
130,1446,1573,Shamela0009231,245,1070,1197,103,100
130,1429,1573,Zaydiyya0000075BK1,26,527,666,108,93
130,1446,1608,Shia002356Vols,60,255,875,131,25
130,1446,1613,JK001496,150,606,1212,136,27
130,1446,1573,Shia002394Vols,226,591,717,102,99
130,1446,1573,JK009266,724,452,579,103,100
130,1202,1613,Shamela0029743,37,663,1022,281,81
130,1446,1613,Sham19Y0020966,47,295,760,126,33
130,1446,1613,JK001420,74,948,1355,109,33
130,1375,1573,JK007018,37,1,200,160,99
130,1202,1513,QuranAnalysis001,7,1235,1494,199,75
130,1446,1573,Shamela0023833,354,675,802,103,100
130,1388,1516,Shamela0023628,119,1386,1514,103,100
130,1446,1573,Shamela0029677,658,1294,1421,103,100
130,1446,1573,Shamela0029677,674,224,351,103,100
130,1429,1573,Shamela0037458,216,691,1170,114,29
130,1388,1573,Meshkat00042488,75,1266,1452,150,99
130,1446,1573,JK009362,730,780,909,103,98
130,1202,1613,Shamela0023591,616,925,1284,280,81
130,1330,1608,Shia002380Vols,38,120,826,215,37
130,1423,1613,Shamela0023578,181,1004,1217,153,88
130,1446,1573,Sham19Y0020891,575,1094,1221,103,100
130,1446,1573,Shamela0000922,95,908,1035,103,100
130,1388,1532,Shamela0037325,911,1349,1493,116,100
130,1423,1566,JK006476,70,501,644,115,100
130,1388,1532,JK006833,194,418,562,116,100
130,1446,1573,Shamela0010283,3364,1284,1411,103,100
130,1446,1573,ShamAY0037152,566,278,405,103,100
130,1388,1573,Sham19Y0020879,354,619,804,150,100
130,1388,1532,Sham19Y0020879,364,956,1100,116,100
130,1446,1573,Sham19Y0020643,289,114,241,103,100
131,167,1566,Tafsir07057,233,148,1537,844,61
131,1034,1224,ShamAY0034059,5319,1345,1591,109,48
132,88,619,Tafsir07057,234,1,493,356,79
133,27,858,Tafsir07057,235,21,1195,314,28
134,1154,1460,Tafsir07057,238,833,1110,213,81
135,1,360,Tafsir07057,238,1116,1623,182,40
135,516,1590,Tafsir07057,239,1,1391,696,56
136,542,1063,JK000791,99,343,826,346,78
136,1,142,Tafsir07057,239,1391,1532,110,100
136,158,1589,Tafsir07057,240,8,1405,592,36
136,671,817,ShamAY0033108,80,1251,1408,118,92
136,523,741,Rafed0003257Vols,316,1362,1583,170,92
136,627,781,Rafed0003257Vols,324,859,1014,125,99
136,528,781,Sham19Y0023608,145,1274,1525,199,96
136,556,781,Shamela0021766,143,417,844,181,52
136,542,746,Sham19Y0147312,172,1286,1490,167,100
136,535,883,Zaydiyya0000062,76,702,1213,276,66
136,573,781,Shamela0021821,103,1,210,169,99
136,523,968,Shamela0000041,119,396,828,314,85
136,665,825,Shamela0000041,120,1,174,125,90
136,523,928,Rafed0003150Vols,140,911,1408,280,64
136,580,843,Rafed0003150Vols,141,377,787,202,60
136,528,918,Sham19Y0023618,104,284,677,308,94
136,627,781,Shamela0010273,121,791,946,125,99
136,580,781,Rafed0001713Vols,162,1264,1548,160,69
136,627,911,Rafed0001713Vols,163,132,482,215,75
136,627,890,JK006478,1091,116,438,214,80
136,523,781,JK009268,460,33,294,202,93
136,627,896,Shamela0023632,211,1221,1488,213,97
136,627,781,Zaydiyya0000474,67,473,628,125,99
136,627,781,Shamela0009231,249,82,237,125,99
136,627,781,JK000906,672,429,584,125,99
136,535,928,JK001496,151,1027,1364,237,65
136,542,781,JK009266,730,293,532,195,100
136,542,883,Shamela0029743,40,236,628,259,81
136,580,774,Shia002382Vols,160,810,1004,156,98
136,523,883,JK009270,250,203,565,285,95
136,523,911,JK007018,37,1158,1586,237,65
136,523,883,QuranAnalysis001,8,239,602,285,95
136,627,883,Shamela0023628,123,284,541,208,99
136,542,781,Shamela0037458,219,672,912,195,99
136,608,781,Shamela0037458,220,700,918,139,78
136,596,781,JK009362,740,314,782,150,39
136,659,781,Shamela0023591,617,1,123,98,100
136,627,781,Shamela0023591,645,1177,1332,125,99
136,523,883,Rafed0003943Vols,46,342,705,285,95
136,523,767,Shamela0023578,181,1355,1602,191,93
136,570,883,Shamela0023578,183,1168,1536,249,83
136,535,781,Sham19Y0020891,579,952,1200,199,98
136,627,883,JK009396,95,448,705,208,99
136,605,781,JK006476,72,822,1291,143,37
136,556,781,Meshkat00042485,1128,85,367,167,68
136,596,821,ShamIbadiyya0000075,48,763,1294,180,41
136,596,781,Shamela0008473,467,244,584,148,53
136,596,781,JK000876,88,808,1112,145,59
136,542,781,Shamela0012884,268,850,1089,194,99
137,21,305,Tafsir07057,240,1340,1630,161,55
137,312,1380,Tafsir07057,241,8,693,313,31
139,106,856,Tafsir07057,241,900,1689,317,36
139,1242,1598,Tafsir07057,242,650,1159,250,57
140,1057,1460,Tafsir07057,243,711,1112,310,89
141,1,458,Shia001432Vols,3592,157,614,375,100
141,1,458,Shamela0021715,2640,57,514,375,100
141,1,162,ShamAY0007299,2826,1437,1598,134,100
141,1,458,Shamela0007853,37,275,734,375,99
141,796,1269,Tafsir07057,244,157,689,292,59
141,1,426,Rafed0003257Vols,336,1259,1684,349,100
141,7,286,Sham19Y0023608,150,1,280,229,100
141,60,544,Tafsir09084,145,1068,1513,347,87
141,1,465,Sham19Y0018176,661,562,1026,381,100
141,1,399,Sham19Y0018106,1221,1143,1541,327,100
141,1,172,Zaydiyya0000062,77,1427,1598,142,100
141,1,458,Shamela0021821,104,896,1353,375,100
141,1,458,Shia003721Vols,144,130,587,375,100
141,1,194,Shamela0004473,10016,84,277,160,100
141,1,286,Shamela0004473,14276,153,438,234,100
141,1,286,Sham19Y0023618,106,126,411,234,100
141,1,314,JK009268,463,201,512,241,93
141,1,290,Shamela0023632,214,825,1119,237,98
141,1,458,Sham19Y0018103,1286,1070,1527,375,100
141,1,458,Shamela0029743,40,632,1089,375,100
141,1,458,Sham19Y0013605,1778,552,1414,375,53
141,1,365,Hindawi020604026,95,630,994,299,100
141,1,458,JK000110,384,538,995,375,100
141,1,487,JK007018,39,221,537,258,64
141,1,458,QuranAnalysis001,8,606,1063,375,100
141,1,458,Shamela0023591,648,107,564,375,100
141,1,458,Rafed0003943Vols,47,210,667,375,100
141,31,458,Shamela0023578,184,1,428,350,100
141,1,458,Hindawi091929150,58,695,1152,375,100
141,1,497,JK009396,97,630,1124,394,96
141,1,458,Sham19Y0016584,1372,623,1080,375,100
141,1,458,Sham19Y0145435,4971,318,775,375,100
141,25,365,ShamIbadiyya0000075,49,862,1608,276,45
141,60,544,Shamela0008473,483,155,594,342,86
141,1,465,Shamela0005756,5884,582,1047,381,99
142,162,1325,Tafsir07057,245,620,1638,708,69
142,1392,1639,Tafsir07057,246,140,479,148,48
143,37,174,Tafsir07057,246,1346,1544,107,68
143,174,1182,Tafsir07057,247,1,1440,708,57
143,1182,1575,Tafsir07057,248,408,799,304,90
144,129,261,Tafsir07057,247,1447,1578,106,99
144,261,572,Tafsir07057,248,1,408,232,67
144,580,1018,Tafsir07057,248,934,1614,292,50
145,163,1651,Tafsir07057,249,1,1660,837,52
146,635,1065,JK006950,59,290,721,345,99
146,501,882,Shia001432Vols,3592,586,962,273,87
146,727,996,Shia001432Vols,21188,571,841,217,99
146,828,1072,JK000791,107,997,1291,196,82
146,769,996,Sham19Y0147597,350,1384,1611,184,100
146,17,635,Tafsir07057,250,1,761,477,75
146,1216,1438,Tafsir07057,250,595,885,137,53
146,628,1065,Rafed0003257Vols,347,1196,1634,346,98
146,769,996,Rafed0003257Vols,2172,40,268,184,99
146,621,1065,Sham19Y0023608,156,663,1105,348,97
146,822,996,Sham19Y0014404,96,1360,1524,130,92
146,741,1065,Zaydiyya0000062,85,1018,1363,259,93
146,635,858,Shamela0012293,1024,509,732,178,99
146,855,1072,Shamela0021821,114,593,810,174,100
146,635,1065,Shia003721Vols,151,320,750,344,99
146,628,855,Zaydiyya0000476,586,1145,1372,179,98
146,628,855,Zaydiyya0000476,608,467,694,179,98
146,501,675,Rafed0003150Vols,147,1124,1290,125,87
146,675,1052,Rafed0003150Vols,148,1304,1682,302,99
146,635,828,JK010001,3107,963,1156,155,100
146,769,996,JK010001,4032,1247,1517,184,84
146,635,996,Shamela0004473,5236,1230,1592,291,99
146,501,1065,Shamela0004473,7702,209,765,439,96
146,501,996,Shamela0004473,10474,1083,1570,385,95
146,621,996,Sham19Y0023618,110,1022,1395,295,97
146,635,1065,Rafed0001713Vols,176,830,1167,260,75
146,501,1077,JK009268,479,338,907,441,94
146,635,855,Tafsir06051,89,47,267,177,100
146,746,1065,ShamAY0036821,221,11,312,240,94
146,635,996,JK000365,154,1024,1386,291,99
146,769,996,JK000103,158,675,903,184,99
146,628,996,Hindawi013082050,178,68,437,293,98
146,635,855,JK000381,5645,892,1112,177,100
146,635,1065,JK000381,5752,340,771,345,99
146,501,774,Hindawi017506357,113,1320,1584,205,92
146,774,1065,Hindawi017506357,114,1,293,234,99
146,635,996,JK000367,372,926,1288,291,99
146,635,828,Tafsir07055,3232,764,957,155,100
146,769,996,Tafsir07055,4199,537,807,184,84
146,501,1065,Shamela0029743,42,646,1360,438,76
146,501,996,JK009270,260,839,1326,385,95
146,519,1072,JK007018,40,633,1320,408,74
146,769,986,Shamela0022371,82,162,620,176,47
146,501,1058,QuranAnalysis001,8,1035,1584,433,96
146,501,786,Shamela0023591,648,536,804,208,89
146,791,1065,Shamela0023591,692,1,276,219,99
146,501,774,Rafed0003943Vols,47,639,904,202,90
146,769,1000,Rafed0003943Vols,48,859,1091,184,98
146,501,1065,Shia002380Vols,40,112,1226,421,46
146,774,1065,Shamela0023578,195,1,293,233,99
146,746,996,Shamela0012014,189,599,842,189,93
146,635,1065,Shamela0004445,239,25,455,345,100
146,501,855,Hindawi091929150,58,1124,1470,271,93
146,635,996,Shamela0008381,836,664,1026,291,99
146,635,1065,Sham19Y0145435,4977,284,714,345,100
146,855,1072,Sham19Y0020643,310,57,274,174,100
146,822,1065,ShamIbadiyya0000075,51,157,500,184,65
147,1262,1624,Tafsir07057,250,1109,1479,262,81
148,7,196,Tafsir07057,250,1515,1701,134,79
148,1038,1247,Tafsir07057,251,492,689,154,91
148,1287,1597,Tafsir07057,252,143,383,156,60
149,1044,1258,Tafsir09083,78,1,213,120,64
151,160,641,Tafsir07057,253,432,910,194,37
151,1158,1494,Tafsir07057,253,1020,1599,180,38
151,803,1501,Tafsir09083,77,912,1173,179,32
152,1,277,JK006950,2609,54,330,224,100
152,1,277,Shamela0009789,281,968,1244,224,100
152,697,1155,Tafsir07057,257,174,527,175,43
152,1,277,JK006984,7,974,1250,224,100
152,1,277,Rafed0003257Vols,353,1069,1345,224,100
152,1,277,Sham19Y0023608,160,503,779,224,100
152,1,310,Shamela0021821,115,515,877,251,85
152,1,277,Shia003721Vols,151,816,1091,222,99
152,1,277,Shamela0004473,7702,831,1107,224,100
152,1,277,Sham19Y0023618,112,136,412,224,100
152,1,277,JK009268,500,1340,1616,224,100
152,1,277,JK000381,8303,1296,1572,224,100
152,1,277,Hindawi017506357,114,359,635,224,100
152,1,277,Sham19Y0029676,931,196,472,223,99
152,4,277,Hindawi070427368,61,1,274,222,100
152,1,277,Sham19Y0016953Vols,984,581,857,224,100
152,1,277,JK009270,275,822,1098,224,100
152,1,277,QuranAnalysis001,9,74,350,224,100
152,1,277,Shamela0023591,692,342,618,224,100
152,1,277,Rafed0003943Vols,49,499,775,224,100
152,1,317,Shamela0023578,198,263,573,252,98
152,1,277,Shamela0004445,239,521,797,224,100
152,1,277,Sham19Y0145435,4977,780,1056,224,100
152,1,277,ShamAY0037152,566,1082,1358,224,100
152,1,254,JK000122,872,1267,1520,205,100
153,1131,1326,Tafsir07057,259,338,573,131,67
154,183,352,Tafsir07057,259,1413,1651,126,64
155,33,521,Tafsir07057,260,490,1087,146,23
155,587,839,Tafsir07057,261,518,980,126,27
156,555,719,Shia001432Vols,2438,1,166,133,99
156,431,661,JK000791,109,1015,1599,163,34
156,457,1567,Tafsir07057,262,1,1634,527,33
156,485,719,Tafsir07057,263,663,897,190,100
156,562,702,Tafsir07057,264,1513,1653,113,100
156,562,726,Zaydiyya0000220,351,984,1153,133,97
156,419,719,Rafed0003257Vols,353,1322,1626,233,95
156,485,719,Sham19Y0023608,163,876,1110,190,100
156,562,719,Shamela0007798,795,715,872,127,100
156,438,697,Sham19Y0014404,99,408,1553,209,22
156,547,712,Meshkat00057178,451,1434,1606,126,91
156,438,562,Sham19Y0147312,186,406,530,100,100
156,419,562,Zaydiyya0000062,87,685,832,106,89
156,562,719,Zaydiyya0000062,88,926,1083,127,100
156,485,719,Shamela0021821,118,590,824,190,100
156,615,726,Shamela0021821,119,177,720,88,20
156,419,719,Shia003721Vols,151,1068,1371,232,94
156,501,702,Tafsir02104,28,33,425,158,49
156,562,719,Meshkat0014420,298,718,875,127,100
156,438,719,Shamela0000041,133,1227,1508,227,100
156,419,719,Shamela0004473,7702,1084,1388,233,95
156,562,719,Shamela0004473,14114,749,906,127,100
156,485,719,Sham19Y0023618,113,469,703,190,100
156,485,719,Shamela0010273,133,663,897,190,100
156,485,719,Rafed0001713Vols,182,776,1010,190,100
156,562,763,JK006478,1170,284,494,137,81
156,485,719,JK009268,501,1,235,190,100
156,465,719,Shamela0023632,227,31,332,204,83
156,547,731,Shamela0009231,263,975,1175,141,86
156,419,719,ShamAY0036821,221,629,925,224,92
156,438,562,JK000381,5133,1227,1351,100,100
156,485,719,JK001496,164,671,905,189,99
156,438,562,Shamela0003055,1150,217,341,100,100
156,419,562,Sham19Y0029676,931,449,596,106,89
156,419,562,Hindawi070427368,61,251,398,106,89
156,562,719,JK009266,807,1337,1494,127,100
156,431,719,Masaha000554Vols,227,1203,1483,220,95
156,419,719,Shamela0029743,43,96,400,233,95
156,562,719,ShamAY0037500,2,860,1017,127,100
156,419,719,JK009270,275,1075,1379,233,95
156,562,736,JK006474,191,1196,1374,128,89
156,415,719,JK007018,41,1111,1422,201,73
156,485,719,Shamela0022371,83,29,725,190,33
156,419,719,QuranAnalysis001,9,327,631,233,95
156,424,1418,Shamela0023628,144,331,1072,324,36
156,562,719,Shamela0037458,241,1205,1362,127,100
156,562,719,Meshkat00042488,87,348,505,127,100
156,547,719,JK009362,791,889,1068,136,94
156,419,719,EScr20110913,42,149,461,225,89
156,419,719,Shamela0023591,692,595,899,233,95
156,485,719,Rafed0003943Vols,50,323,557,190,100
156,419,719,Tafsir06048,55,1024,1526,218,51
156,424,719,Shamela0023578,200,749,1041,230,96
156,419,736,Shamela0004445,239,774,1097,239,91
156,485,719,Sham19Y0020891,621,185,418,189,99
156,501,719,Shamela0000922,108,28,365,172,62
156,485,719,JK009396,103,1024,1258,190,100
156,419,719,Sham19Y0145435,4977,1033,1337,233,95
156,443,615,JK006476,81,446,628,137,92
156,419,666,ShamAY0037152,566,1335,1586,190,93
156,562,726,Sham19Y0020643,320,561,725,133,100
156,562,719,JK000122,1252,1040,1197,127,100
156,452,719,ShamIbadiyya0000075,52,299,892,205,43
156,419,719,Shamela0008473,521,692,1073,222,71
156,485,719,Shamela0012884,342,12,245,189,99
156,443,719,Tafsir02067,47,284,897,213,43
157,32,372,Tafsir07057,263,1,328,244,84
157,1414,1646,Tafsir07057,264,859,1078,176,92
158,1,865,Tafsir07057,264,1078,1608,302,36
158,283,1340,Tafsir07057,265,30,1376,395,29
159,491,1443,Tafsir07057,266,29,1119,699,78
159,912,1021,Hindawi039418519,60,849,972,77,79
159,408,1144,JK009362,5846,345,754,191,30
160,680,1175,Sham19Y0009800,601,163,664,381,94
160,699,1286,Shia001432Vols,6252,790,1517,434,73
160,718,1175,Shia001432Vols,25996,879,1335,368,99
160,828,1069,JK000791,111,493,734,196,100
160,718,1069,JK007021,125,291,756,285,75
160,367,695,Tafsir07057,267,664,977,253,94
160,711,1175,Rafed0003257Vols,362,126,589,372,98
160,680,1069,Sham19Y0023608,167,906,1315,305,91
160,828,1069,Sham19Y0014404,101,492,733,196,100
160,828,1069,Meshkat00057178,457,739,980,196,100
160,828,1069,Sham19Y0147312,188,615,856,196,100
160,828,1069,Zaydiyya0000062,89,1213,1454,196,100
160,718,1301,Shamela0021821,119,861,1464,332,58
160,828,1069,Meshkat0014420,304,451,692,196,100
160,718,1069,Shamela0000041,134,35,386,285,100
160,704,1501,Sham19Y0023618,114,505,935,326,48
160,828,1175,Shamela0010273,137,749,1095,281,99
160,799,1069,Rafed0001713Vols,184,548,901,218,75
160,695,1175,JK009268,507,250,790,386,88
160,704,1069,Shamela0023632,228,1215,1576,288,97
160,828,1069,Shamela0009231,265,901,1142,196,100
160,695,1175,ShamAY0036821,231,152,626,369,93
160,718,1069,Sham19Y0013550,53,1034,1471,284,79
160,828,1089,Sham19Y0013550,290,1112,1378,197,91
160,784,1069,Shia002356Vols,69,603,985,231,74
160,699,1069,JK001496,165,928,1299,291,97
160,828,1069,JK009266,819,331,572,196,100
160,828,1069,Masaha000554Vols,231,454,693,193,98
160,711,1175,Shamela0029743,45,1046,1511,371,98
160,718,1069,JK001420,83,146,631,252,64
160,718,1105,JK009270,284,1182,1569,314,100
160,750,1069,JK007018,42,864,1192,220,83
160,718,1175,QuranAnalysis001,9,700,1157,371,100
160,718,1069,Shamela0023628,145,1253,1603,284,99
160,828,1069,Shamela0037458,245,1,242,196,100
160,828,1069,Meshkat00042488,88,1049,1289,195,99
160,718,1175,Rafed0003943Vols,50,626,1082,370,99
160,704,1069,Shamela0023578,202,1201,1562,288,97
160,718,1069,Sham19Y0020891,624,363,714,285,100
160,812,1069,Shamela0000922,109,681,975,209,87
160,718,1519,JK009396,104,283,702,324,49
160,881,1029,JK006476,83,930,1078,119,100
160,718,1175,Shamela0010283,3383,651,1212,370,81
160,718,1069,ShamAY0037152,618,60,418,285,98
160,842,1175,JK000122,548,1,347,270,96
160,828,1069,Tafsir07076,2712,517,758,196,100
160,699,1069,Shamela0008473,523,106,469,291,97
160,828,1069,Shamela0012884,349,1106,1347,196,100
160,828,1069,Shamela0005756,15230,741,983,196,99
160,828,1069,Shamela0005756,15231,178,420,196,99
161,443,775,Tafsir07057,272,680,1046,185,59
161,1354,1507,Tafsir07057,272,1438,1623,102,64
163,20,353,Tafsir07057,273,672,1125,231,59
165,109,345,Sham19Y0009800,601,664,900,190,100
165,109,328,Shia001432Vols,25996,1335,1554,176,100
165,466,642,Shia001432Vols,25997,29,204,140,99
165,109,642,Rafed0003257Vols,362,589,1122,430,100
165,109,466,Sham19Y0023608,171,1180,1537,290,100
165,466,642,Sham19Y0023608,176,370,546,140,100
165,466,649,Sham19Y0018176,1647,271,661,146,46
165,393,642,Sham19Y0014404,106,84,801,195,34
165,109,495,Zaydiyya0000062,92,101,671,288,62
165,393,642,Zaydiyya0000062,93,497,904,195,60
165,109,345,Shamela0021821,122,1168,1404,190,100
165,281,559,Shamela0021821,124,668,1067,223,68
165,277,672,Shamela0000041,141,887,1353,304,80
165,272,599,Rafed0003150Vols,158,1,337,209,72
165,109,345,Sham19Y0023618,116,590,826,190,100
165,466,642,Sham19Y0023618,118,794,970,140,100
165,183,466,Shamela0010273,140,521,804,230,100
165,366,642,Shamela0010273,142,294,799,205,50
165,109,432,Rafed0001713Vols,187,668,991,263,100
165,425,642,Rafed0001713Vols,190,78,302,173,96
165,109,642,JK009268,507,790,1323,430,100
165,109,345,Shamela0023632,234,13,249,190,100
165,345,642,Shamela0023632,236,1024,1321,240,100
165,466,642,Sham19Y0018103,2787,889,1275,140,45
165,109,642,ShamAY0036821,231,626,1152,422,98
165,109,559,Sham19Y0013550,55,796,1335,214,36
165,109,599,JK000382,899,686,1129,281,66
165,408,642,Tafsir09083,85,495,1159,177,33
165,109,345,JK001496,168,1113,1350,190,99
165,235,559,JK001496,170,573,930,192,53
165,166,432,Hindawi017506357,46,1,313,213,83
165,183,642,JK000367,12,864,1323,370,100
165,345,563,Shia002394Vols,255,1249,1465,174,98
165,503,642,Shia002394Vols,259,817,988,108,79
165,172,466,Shamela0029743,46,1,295,239,100
165,466,642,Shamela0029743,48,7,183,140,100
165,183,642,JK009270,294,690,1149,370,100
165,466,642,Sham19Y0013605,3390,863,1225,140,48
165,466,642,JK000110,1167,166,529,140,48
165,109,345,JK007018,43,853,1090,190,99
165,119,738,JK007018,44,13,460,272,51
165,109,530,QuranAnalysis001,9,1157,1578,342,100
165,530,642,QuranAnalysis001,10,1,113,88,100
165,109,328,Shamela0023833,355,1332,1551,176,100
165,345,559,Shamela0023628,153,719,933,174,100
165,345,559,Shamela0037458,253,941,1155,174,100
165,109,642,Shamela0023591,729,204,737,430,100
165,183,642,Rafed0003943Vols,51,1054,1513,370,100
165,328,642,Shia002380Vols,44,1,814,253,38
165,109,466,Tafsir06048,58,198,931,193,28
165,109,466,Shamela0023578,205,1014,1371,290,100
165,466,642,Shamela0023578,208,1244,1420,140,100
165,109,303,Sham19Y0020891,633,1330,1524,157,100
165,235,559,Sham19Y0020891,639,464,821,192,53
165,220,536,Sham19Y0020891,646,101,646,100,18
165,205,440,JK006476,85,1304,1539,176,92
165,440,653,JK006476,86,922,1128,163,96
165,109,642,Meshkat00042485,1287,90,280,125,27
165,109,448,Shamela0010283,3383,1212,1551,275,100
165,109,642,ShamAY0037152,617,726,1258,430,99
165,109,466,Masaha002028Vols,826,252,556,214,75
167,8,239,Tafsir07057,277,1323,1558,188,95
168,1122,1560,Shia001432Vols,25997,66,204,109,31
168,479,681,Tafsir07057,279,154,396,128,66
168,1122,1560,Rafed0003257Vols,362,983,1122,109,31
168,1122,1560,Sham19Y0023608,176,407,546,109,31
168,1104,1560,Sham19Y0018176,1647,256,654,127,27
168,1122,1560,Sham19Y0014404,106,350,801,138,27
168,1122,1560,Zaydiyya0000062,93,765,904,109,31
168,1122,1560,Shamela0000041,141,1183,1321,109,31
168,1122,1560,Sham19Y0023618,118,831,970,109,31
168,1122,1584,Shamela0010273,142,660,824,111,30
168,1122,1560,Rafed0001713Vols,190,163,302,109,31
168,1122,1560,JK009268,507,1184,1323,109,31
168,1122,1560,Shamela0023632,236,1182,1321,109,31
168,1122,1564,Sham19Y0018103,2787,926,1280,123,30
168,1122,1560,ShamAY0036821,231,1014,1152,108,31
168,1122,1560,JK000367,12,1184,1323,109,31
168,681,1178,Tafsir04056,297,573,1041,121,23
168,1122,1560,Shia002394Vols,259,817,988,114,32
168,1122,1560,Shamela0029743,48,44,183,109,31
168,1122,1560,JK009270,294,1010,1149,109,31
168,1104,1564,Sham19Y0013605,3390,848,1230,128,28
168,1104,1564,JK000110,1167,151,534,131,29
168,1149,1560,QuranAnalysis001,10,1,113,88,27
168,1122,1560,Shamela0023591,729,598,737,109,31
168,1122,1560,Rafed0003943Vols,51,1374,1513,109,31
168,1122,1560,Shamela0023578,208,1281,1420,109,31
168,1122,1560,ShamAY0037152,617,1120,1258,109,31
169,884,1072,Shia001432Vols,25997,182,373,143,92
169,884,1072,JK000791,115,991,1182,143,92
169,5,472,Tafsir07057,282,784,1605,284,40
169,516,1117,Tafsir07057,283,32,653,163,24
169,884,1214,Rafed0003257Vols,362,1100,1434,262,95
169,884,1214,Sham19Y0023608,176,524,858,262,95
169,903,1065,Shamela0007798,839,833,995,132,100
169,903,1065,Sham19Y0014404,106,951,1113,132,100
169,903,1065,Meshkat00057178,470,1125,1287,132,100
169,903,1072,Sham19Y0147312,194,128,297,138,100
169,1000,1277,Sham19Y0147312,195,325,1054,219,35
169,884,1072,Zaydiyya0000062,93,882,1073,143,92
169,1072,1288,Zaydiyya0000062,95,31,248,175,96
169,884,1072,Shamela0021821,125,930,1121,143,92
169,903,1072,Meshkat0014420,319,250,419,138,100
169,903,1072,Zaydiyya0000476,114,1201,1370,138,100
169,903,1176,Zaydiyya0000476,142,53,612,225,48
169,903,1065,Shamela0000041,142,1067,1228,132,99
169,884,1176,Rafed0003150Vols,160,553,849,230,94
169,884,1176,Sham19Y0023618,118,948,1244,230,94
169,903,1076,Shamela0010273,143,808,981,138,98
169,884,1214,Rafed0001713Vols,190,280,614,262,95
169,884,1214,JK009268,507,1301,1635,258,94
169,889,1176,Shamela0023632,238,1240,1525,229,96
169,903,1072,Shamela0009231,275,1189,1358,138,100
169,884,1333,ShamAY0036821,231,1131,1580,354,95
169,884,1076,Shia002356Vols,73,414,609,144,90
169,1040,1214,JK000381,5,22,196,146,100
169,974,1214,JK000381,3696,333,573,200,100
169,903,1214,JK000381,4928,419,730,257,100
169,884,1065,Shia002394Vols,259,967,1150,137,92
169,884,1072,Masaha000554Vols,241,1313,1503,143,92
169,1040,1214,Masaha000554Vols,243,663,1253,142,28
169,884,1214,Shamela0029743,48,161,494,262,95
169,1040,1340,Shamela0029743,49,219,719,225,54
169,903,1072,JK001420,86,301,470,138,100
169,884,1176,JK009270,294,1127,1423,230,94
169,884,1214,JK007018,44,1138,1473,262,94
169,896,1072,Shamela0022371,84,476,652,140,97
169,884,1340,QuranAnalysis001,10,91,551,365,96
169,884,1076,Shamela0023628,155,381,576,144,90
169,903,1065,Shamela0037458,256,1,163,132,100
169,903,1065,Meshkat00042488,93,1018,1180,132,100
169,884,1072,JK009362,836,282,473,143,92
169,884,1340,Shamela0023591,729,715,1176,365,96
169,929,1340,Rafed0003943Vols,52,1,414,340,99
169,996,1214,Shamela0023578,209,1,220,182,99
169,884,1387,Sham19Y0020891,647,213,735,398,91
169,903,1072,Shamela0000922,114,1268,1437,138,100
169,884,1072,JK009396,110,1387,1578,143,92
169,1040,1277,Hindawi040635716,204,591,945,197,66
169,903,1200,JK006476,87,566,1269,238,41
169,1083,1277,JK006476,88,253,447,162,98
169,884,1214,ShamAY0037152,617,1236,1565,259,94
169,884,1076,Sham19Y0020643,344,818,1013,143,90
169,884,1076,Shamela0008473,536,295,489,144,90
169,896,1072,JK000100,358,393,568,139,97
171,196,599,Tafsir07057,283,675,1510,224,31
171,682,1384,Tafsir07057,284,762,1330,291,44
171,1310,1716,Tafsir07057,285,135,732,229,38
172,87,282,Tafsir07057,285,595,1263,145,25
172,1389,1598,Tafsir07057,287,243,833,158,32
173,944,1132,Tafsir07057,288,744,1070,137,51
173,1354,1567,Tafsir07057,290,775,1009,139,73
173,1354,1557,Tafsir07057,967,246,464,157,88
174,585,876,JK000791,118,997,1288,226,96
174,324,434,Tafsir07057,289,1164,1274,85,97
174,215,430,Tafsir07057,967,576,894,154,61
174,516,860,Zaydiyya0000062,96,541,982,278,77
174,453,928,Shamela0029743,49,719,1194,389,100
174,453,860,JK009270,305,1172,1579,332,100
174,453,928,QuranAnalysis001,10,551,1026,389,100
175,1,478,Tafsir07057,291,678,1030,163,34
175,906,1345,Tafsir07057,293,976,1589,248,47
175,523,676,Tafsir07057,294,458,623,111,81
176,25,277,Tafsir07057,294,1113,1381,154,61
176,605,959,Tafsir07057,296,1027,1521,205,46
176,1153,1372,Tafsir07057,297,1,248,159,71
177,530,737,Shamela0021715,2750,557,1263,165,29
177,7,348,Tafsir07057,297,799,1159,221,70
177,769,909,Tafsir07057,298,1188,1594,102,30
177,915,1360,Tafsir07057,299,862,1395,209,43
177,530,737,Sham19Y0018176,685,300,507,165,100
177,530,737,Sham19Y0018106,1263,47,254,165,100
177,530,737,Sham19Y0018103,1323,955,1162,165,100
177,530,737,Sham19Y0013252,3014,1099,1306,165,100
177,414,657,Sham19Y0020638,542,637,868,125,59
177,530,737,Sham19Y0013605,1820,322,529,165,100
177,530,737,JK000110,400,443,650,165,100
177,530,657,Sham19Y0016946,261,1414,1529,92,89
177,530,692,Sham19Y0016584,1410,474,636,130,100
177,394,737,JK000754,1234,780,1142,208,61
177,530,737,Sham19Y0016684,650,43,250,165,100
177,530,737,Shamela0005756,6062,930,1143,165,97
178,71,258,Tafsir07057,300,939,1165,134,72
178,250,489,Tafsir07057,301,81,354,177,78
179,908,1046,Tafsir07057,304,265,416,102,75
179,165,332,Rafed0003150Vols,163,1074,1241,132,97
179,102,518,Rafed0003150Vols,164,621,1245,296,57
179,165,598,Shamela0023632,247,1099,1533,341,95
179,165,576,ShamAY0036821,250,836,1239,322,96
179,179,346,Shia002394Vols,271,1295,1460,134,98
179,165,349,Shamela0029743,49,1180,1365,144,96
179,165,435,Sham19Y0020966,52,833,1216,150,44
179,165,313,JK009270,320,1442,1590,118,97
179,172,583,JK007018,47,466,919,272,69
179,165,576,QuranAnalysis001,10,1012,1423,331,99
179,165,349,Shamela0023628,167,990,1174,146,97
179,165,346,Shamela0037458,266,840,1021,144,97
179,165,576,Shamela0023591,793,72,483,331,99
179,165,352,Rafed0003943Vols,55,1300,1487,146,96
179,27,372,Shia002380Vols,46,350,768,205,54
180,122,976,Tafsir07057,304,643,1513,434,50
180,1009,1295,Tafsir07057,305,773,1136,172,53
180,652,806,Shamela0008353,675,439,827,106,32
180,652,806,Shamela0008473,3970,222,372,94,70
181,1,679,Tafsir07057,306,100,1243,347,35
181,900,1595,Tafsir07057,307,1,412,186,32
182,370,689,Tafsir07057,308,1192,1642,198,52
182,696,914,Tafsir07057,309,127,394,152,71
183,1,142,Tafsir07057,310,951,1153,103,62
183,457,848,Tafsir07057,311,94,656,192,39
183,669,941,Tafsir09083,91,1305,1482,141,62
184,319,582,Shia001432Vols,2289,194,457,213,100
184,240,582,Shia001432Vols,2438,394,736,276,100
184,319,582,Zaydiyya0000098,928,916,1179,212,99
184,233,546,Rafed0003257Vols,429,1316,1628,248,98
184,311,582,Sham19Y0023608,196,1,271,218,99
184,240,595,Zaydiyya0000062,99,743,1095,281,98
184,463,727,Zaydiyya0000062,100,386,853,213,56
184,240,852,Shamela0021821,136,767,1234,334,66
184,226,595,Sham19Y0023618,129,1145,1519,285,93
184,240,582,Masaha000001Vols,339,753,1162,258,78
184,168,444,Rafed0001713Vols,202,1191,1581,193,62
184,582,771,JK006478,1352,110,385,149,66
184,233,582,JK009268,563,61,412,278,98
184,240,582,Zaydiyya0000328,554,641,984,274,99
184,240,582,Zaydiyya0000328,629,389,733,276,99
184,226,582,Shamela0023632,251,53,405,279,97
184,377,582,Shamela0009231,292,708,1108,118,32
184,240,538,ShamAY0036821,250,1239,1538,240,99
184,240,582,Shia001122Vols,346,306,715,258,78
184,240,582,JK001414,832,1025,1359,270,97
184,240,582,JK000381,3027,666,1007,275,99
184,240,431,JK000381,3436,1386,1577,153,100
184,487,744,JK001496,178,233,686,188,49
184,240,582,Shamela0003055,1159,901,1350,275,75
184,240,727,Shia002394Vols,277,204,972,373,60
184,221,582,Masaha000554Vols,268,86,445,279,94
184,240,771,Shia002334,373,399,905,310,60
184,240,582,Shamela0029743,51,674,1016,276,100
184,233,727,JK009270,333,673,1168,395,98
184,240,582,Shamela0011573,34,636,1070,275,78
184,240,595,JK007018,48,255,615,281,96
184,240,431,QuranAnalysis001,10,1423,1614,153,100
184,431,727,QuranAnalysis001,11,1,298,241,99
184,226,463,Meshkat00042488,99,1184,1418,184,96
184,240,582,Shamela0021499,36,357,699,276,100
184,240,589,Shamela0023591,793,483,830,275,97
184,233,582,Rafed0003943Vols,57,1025,1373,277,98
184,240,607,Sham19Y0020891,664,26,385,279,94
184,315,771,JK009396,119,1,350,251,68
184,418,727,JK006476,95,154,590,224,60
184,240,595,Shia001269,23,903,1267,281,95
184,233,582,Shamela0008473,552,676,1027,280,98
184,250,787,Shamela0012884,405,1,431,299,69
184,387,582,JK000362,1284,1,196,159,100
184,319,582,Zaydiyya0000132,26,608,871,213,100
184,319,582,Zaydiyya0000132,83,621,884,213,100
185,1036,1260,Tafsir07057,315,728,955,170,87
186,1125,1369,Tafsir07057,317,589,1150,185,39
187,41,769,Tafsir07057,318,419,1577,250,21
187,789,1159,Tafsir07057,319,9,877,261,37
187,1192,1604,Tafsir07057,320,371,979,317,64
188,231,436,Tafsir07057,321,104,434,140,52
188,463,1055,Tafsir07057,321,765,1404,301,53
188,1319,1529,Tafsir07057,322,1073,1264,154,90
188,242,877,Tafsir09083,95,299,577,160,28
188,598,962,JK000906,789,618,984,177,55
189,733,1053,Zaydiyya0000037Vols,2703,1,312,230,85
189,701,924,Shia001432Vols,1874,870,1092,182,99
189,701,996,Shia001432Vols,7037,840,1135,241,100
189,762,996,Shia001432Vols,8645,1,235,192,100
189,701,924,Shia001432Vols,22854,617,839,182,99
189,1,284,Tafsir07057,322,1264,1547,226,100
189,1096,1455,Tafsir07057,323,658,1429,233,37
189,701,996,Rafed0003257Vols,455,827,1122,241,100
189,701,996,Sham19Y0023608,206,143,438,241,100
189,701,937,Zaydiyya0000258,1,805,1043,188,96
189,658,924,Sham19Y0147312,207,298,903,197,39
189,325,720,Zaydiyya0000062,101,51,612,308,69
189,701,1036,Zaydiyya0000062,102,912,1215,209,73
189,701,996,Shamela0021821,143,1027,1322,241,100
189,507,1003,Zaydiyya0000476,116,266,795,266,51
189,507,1003,Zaydiyya0000476,143,774,1303,266,51
189,269,605,Rafed0003150Vols,169,399,715,249,92
189,670,996,Rafed0003150Vols,171,975,1301,265,100
189,678,996,Rafed0003150Vols,172,416,1050,244,47
189,717,996,Shamela0010273,167,1,280,228,100
189,701,996,Rafed0001713Vols,208,933,1228,241,100
189,351,996,JK009268,571,684,1225,418,78
189,701,996,Zaydiyya0000328,629,83,378,241,100
189,507,852,Shamela0023632,257,278,624,277,99
189,762,924,Shamela0001419,63,152,643,133,32
189,701,941,Shia004020,1,791,1033,188,95
189,701,982,Zaydiyya0000015,2051,335,616,205,88
189,701,924,Zaydiyya0000474,69,734,957,183,100
189,269,996,ShamAY0036821,267,554,1256,557,95
189,701,924,Zaydiyya0000148,31,691,914,183,100
189,654,996,Shia002356Vols,80,1103,1482,262,81
189,696,1003,JK001496,181,106,416,250,98
189,701,996,Shia002334,380,1031,1326,241,100
189,390,996,Shamela0029743,53,1,608,489,99
189,312,802,JK009270,347,1038,1527,390,99
189,802,996,JK009270,348,1,195,160,100
189,701,982,JK007070,159,595,869,203,88
189,701,903,JK007018,49,1316,1518,166,100
189,701,996,JK009265,275,594,889,239,99
189,269,996,QuranAnalysis001,11,276,983,565,96
189,701,948,Shamela0023628,181,908,1170,196,91
189,733,1036,Shamela0037458,284,1,287,185,71
189,269,654,Shamela0023591,834,1207,1572,288,93
189,654,996,Shamela0023591,835,1,343,277,100
189,269,768,Rafed0003943Vols,58,1110,1589,378,95
189,768,996,Rafed0003943Vols,59,1,229,187,100
189,720,975,Shia002380Vols,49,365,913,201,44
189,507,996,Shamela0023578,231,239,729,396,99
189,696,996,Sham19Y0020891,677,1138,1438,244,99
189,701,1036,JK009396,122,994,1329,255,92
189,666,809,JK006476,97,883,1026,114,100
189,809,996,JK006476,98,173,360,154,100
189,701,941,Shia004092Vols,184,561,802,186,94
189,701,1036,Shamela0008473,560,1102,1458,258,89
189,674,1053,Zaydiyya0000388,34,703,1085,266,80
190,35,366,Tafsir07057,324,134,507,200,59
191,69,287,Tafsir07057,325,1078,1484,147,45
191,1444,1585,Tafsir07057,329,24,324,108,43
191,1057,1585,Tafsir07057,3128,15,745,250,39
192,955,1346,Tafsir07057,331,13,512,119,22
192,1,433,Tafsir09083,95,783,1067,156,43
193,742,1549,Tafsir07057,333,1,1251,473,46
194,733,1542,Tafsir07057,334,1065,1650,342,48
195,190,829,Tafsir07057,335,615,1489,312,37
195,881,1123,Tafsir07057,336,52,291,176,89
196,279,623,Tafsir07057,338,224,689,261,68
196,47,235,Tafsir09083,99,769,958,151,97
197,146,1096,Tafsir07057,339,127,1638,565,41
197,1370,1642,Tafsir07057,340,732,1152,161,43
198,165,1004,Tafsir07057,341,120,998,383,41
198,170,486,Tafsir07057,3186,1,336,150,43
199,609,1604,Tafsir07057,343,29,1271,462,37
200,8,475,Tafsir07057,343,1286,1603,169,37
200,135,407,Tafsir07057,344,153,628,207,51
201,134,1034,Tafsir07057,346,188,1283,439,40
202,557,1025,Tafsir07057,348,33,549,275,54
202,840,1539,Tafsir09083,101,8,578,319,46
203,553,1610,Tafsir07057,350,398,1263,481,49
203,631,1551,Tafsir09083,103,121,763,490,65
204,1136,1368,Shamela0021715,4455,56,288,186,100
204,55,1600,Tafsir07057,351,303,1635,626,39
204,1113,1368,Rafed0003257Vols,488,763,1025,205,97
204,1221,1368,Sham19Y0023608,218,1,148,116,100
204,1136,1368,Sham19Y0018176,1044,361,593,186,100
204,1136,1368,Sham19Y0018106,1940,525,757,186,100
204,1129,1405,Shamela0021821,149,622,916,218,92
204,1122,1405,Sham19Y0023618,138,1102,1387,216,93
204,1122,1453,Shamela0010273,173,1118,1475,222,72
204,1059,1417,Rafed0001713Vols,215,996,1487,252,64
204,1136,1368,JK009268,596,950,1182,186,100
204,1136,1368,Sham19Y0018103,1906,507,739,186,100
204,1051,1368,ShamAY0036821,273,766,1041,201,79
204,1136,1405,JK001496,186,678,950,216,98
204,1136,1375,Shamela0010517,2457,780,1024,192,97
204,1113,1443,Masaha000554Vols,290,566,1042,254,65
204,1136,1368,JK000917,60,1069,1301,186,100
204,1051,1368,Shamela0029743,55,986,1265,203,80
204,1043,1385,JK009270,373,457,772,211,74
204,1136,1368,Sham19Y0013605,2468,406,638,186,100
204,1136,1368,JK000110,680,1045,1277,186,100
204,1043,1389,JK007018,52,640,1064,236,70
204,1204,1385,QuranAnalysis001,12,1,194,138,89
204,1051,1368,Shamela0023591,871,428,708,203,80
204,1173,1405,Shamela0023578,250,1,239,181,91
204,1136,1368,Sham19Y0020891,692,623,855,186,100
204,1136,1412,JK009396,128,45,326,212,95
204,1150,1368,Sham19Y0016584,2097,1,219,175,100
204,1136,1385,Sham19Y0150960,629,828,1087,191,91
204,1136,1443,Shamela0008473,571,517,810,215,87
204,1136,1331,Shamela0005756,8641,1382,1577,157,100
205,29,391,Tafsir07057,352,173,483,194,60
205,918,1651,Tafsir07057,353,715,1330,251,33
206,701,894,Shamela0021715,4469,259,458,157,96
206,701,902,Shamela0021715,6925,373,587,157,91
206,701,902,Shamela0021715,10093,724,931,159,95
206,1,292,Tafsir07057,353,1330,1616,230,97
206,292,1564,Tafsir07057,354,1,1488,955,77
206,701,894,ShamAY0038083,224,1215,1406,145,89
206,701,867,JK009152,1297,1346,1510,122,87
206,679,902,Tafsir09084,490,310,515,153,81
206,701,894,Shamela0007798,2490,255,471,130,69
206,701,952,Sham19Y0018176,1047,378,591,168,80
206,701,894,Sham19Y0018176,2369,806,1005,157,96
206,701,898,Sham19Y0127656,323,1265,1454,147,91
206,769,894,Sham19Y0127656,547,1,133,100,93
206,701,898,Sham19Y0127656,770,1052,1240,149,93
206,701,894,Sham19Y0018106,1946,1282,1481,157,96
206,701,894,Sham19Y0018106,2926,1126,1332,155,92
206,701,894,Sham19Y0018106,3925,177,376,157,96
206,704,894,ShamAY0038638,46,591,779,142,87
206,736,902,Sham19Y0014827,87,1,167,132,97
206,701,952,Sham19Y0018103,1911,637,854,168,80
206,701,894,Sham19Y0018103,2828,413,619,155,92
206,701,902,Sham19Y0018103,3888,697,903,157,93
206,701,894,JK007065,417,1170,1361,145,89
206,656,894,Sham19Y0013572,445,1144,1372,155,77
206,642,849,JK000983,1333,1358,1580,143,72
206,701,894,JK000842,544,360,560,144,84
206,704,894,Shamela0022549,257,522,728,136,78
206,679,894,Shamela0010013,87,504,710,152,84
206,672,894,Shamela0001875,1013,600,796,153,82
206,672,952,JK009324,2699,58,291,159,69
206,704,898,JK009324,2846,295,480,145,92
206,672,952,ShamIbadiyya0000438,893,904,1171,158,68
206,701,894,Shamela0003055,1693,708,895,139,85
206,701,894,Sham19Y0018611,489,429,608,133,82
206,708,894,JK009336,2678,489,692,150,90
206,701,894,Sham19Y0020638,709,92,288,145,89
206,701,898,Sham19Y0013605,2473,244,447,157,95
206,701,894,Sham19Y0013605,3434,1034,1240,155,92
206,701,894,Sham19Y0013605,4650,6,205,157,96
206,701,894,JK000961,305,642,828,141,87
206,701,894,JK011442,102,208,437,131,72
206,708,894,JK000123,887,1092,1267,138,87
206,642,849,JK007098,1111,306,547,152,75
206,774,894,JK000201,2838,1,121,98,100
206,701,898,JK000110,683,197,399,156,95
206,701,894,JK000110,1193,296,498,152,90
206,701,894,JK000110,1759,1013,1211,156,96
206,704,952,JK006897,420,1100,1363,162,73
206,701,894,Shamela0023628,690,1238,1424,141,87
206,684,894,Sham19Y0017747,1385,456,669,164,90
206,684,894,Tafsir01005,532,172,359,150,87
206,684,894,ShamAY0037574,874,521,727,136,74
206,701,898,JK001329,291,1065,1266,136,81
206,704,849,JK009396,279,418,556,100,77
206,701,894,Sham19Y0016584,2103,531,730,157,96
206,701,894,Sham19Y0016584,3180,65,271,155,92
206,701,894,Sham19Y0016584,4387,823,1022,157,96
206,701,894,Kraken230110004547,484,953,1152,145,88
206,704,894,JK000754,2040,362,549,145,88
206,684,902,JK007117,1513,95,309,155,80
206,701,894,Sham19Y0016684,1072,1022,1221,157,96
206,684,894,Sham19Y0020643,425,665,866,161,94
206,684,894,Sham19Y0014207,204,788,992,153,90
206,701,902,Shamela0008473,1135,666,862,145,86
206,692,894,Shamela0012884,1234,1234,1445,144,81
206,701,952,Shamela0037837,921,1350,1576,157,75
206,726,894,Shamela0005756,8667,5,174,138,99
206,701,894,Shamela0005756,11362,639,845,155,92
207,1115,1611,Tafsir07057,355,349,1041,213,33
208,28,795,Tafsir07057,356,447,852,207,32
208,820,1298,SyriacStudies00001,7,854,1329,371,95
208,832,1298,Rafed0003257Vols,495,975,1442,371,98
208,839,1318,Shamela0012293,4471,237,711,375,97
208,839,1298,Shamela0012293,4747,1007,1466,369,99
208,839,1298,Shamela0012293,4769,407,866,369,99
208,839,1305,Shamela0012293,4806,1057,1523,375,100
208,846,1236,Shamela0021821,151,1116,1507,311,99
208,839,1161,Shamela0004473,12837,1216,1539,259,99
208,825,1298,Shamela0010273,175,983,1454,372,98
208,825,1298,JK009268,603,959,1447,373,95
208,858,1291,Zaydiyya0000063,190,972,1406,345,99
208,839,1298,Shamela0029743,57,1000,1460,369,99
208,820,1311,Shamela0000432,238,567,1051,378,95
208,810,1084,Shamela0000432,241,1381,1653,202,93
208,820,1298,QuranAnalysis001,12,141,624,377,96
208,825,1298,Shamela0023591,914,1028,1499,372,98
208,825,1298,Shamela0023578,254,403,874,372,98
208,820,1203,Shamela0004445,1377,93,469,294,96
208,858,1084,Shamela0009182,61,453,679,180,100
208,839,1169,Shamela0008381,2353,1146,1477,260,98
208,832,1298,JK006896,14,821,1288,374,99
213,933,1396,Shamela0021821,159,26,501,368,94
213,1034,1489,Sham19Y0023618,148,227,682,373,100
213,940,1489,ShamAY0036821,285,783,1325,443,98
213,990,1489,Shamela0029743,58,1,500,410,100
213,1034,1482,JK009270,392,1160,1608,367,100
213,940,1489,QuranAnalysis001,12,624,1173,450,100
213,970,1496,Shamela0023591,915,1,527,428,99
213,940,1489,Rafed0003943Vols,62,331,880,450,100
213,1266,1489,Shia002380Vols,55,349,910,179,38
213,940,1385,Shamela0023578,254,874,1319,363,100
214,737,954,Shamela0001463,27,4,218,142,80
214,728,954,Shamela0006886,88,1086,1287,146,81
214,728,954,Shamela0006886,110,355,572,160,86
214,728,954,Shamela0006886,147,516,733,160,86
214,190,440,Tafsir07057,369,590,844,199,96
214,683,1432,Tafsir07057,370,1,878,422,51
214,753,954,Shamela0000894,8136,1035,1207,125,79
214,747,948,Shamela0000107,1428,537,727,119,67
214,747,948,Shamela0000107,1923,1052,1258,130,75
214,753,948,Shamela0000107,3826,1,189,127,80
214,728,954,Tafsir09084,210,1092,1309,168,95
214,728,954,Shamela0021766,3920,949,1161,160,88
214,725,939,JK010200,3,1266,1456,138,82
214,728,954,JK009141,1087,899,1081,129,70
214,728,954,Shamela0021765,2185,752,965,141,77
214,725,954,JK000487,380,313,530,141,76
214,725,954,Shamela0008970,112,454,630,127,71
214,776,954,JK008001,379,96,266,129,93
214,728,954,Shamela0004473,7226,887,1095,160,91
214,728,954,JK000465,302,1271,1485,160,88
214,725,922,JK000883,996,187,398,117,64
214,772,968,ShamIbadiyya0000193,206,1008,1178,123,77
214,725,954,Sham19Y0148271,665,618,833,165,93
214,728,954,Shamela0036543,126,742,949,159,90
214,776,954,Shia000047,2,64,228,117,82
214,725,954,Shamela0025794,1980,589,792,155,87
214,725,942,Sham19Y0017817,373,1326,1553,133,69
214,1,440,Tafsir09083,107,1165,1462,235,66
214,725,954,Sham19Y0017729,450,74,288,149,80
214,713,954,JK000080,597,250,508,169,78
214,753,930,Zaydiyya0000067,24,1393,1568,132,92
214,728,954,Sham19Y0145212,1580,243,450,160,90
214,713,954,Sham19Y0036571,7,1057,1291,174,91
214,737,954,JK000381,156,228,422,124,72
214,744,954,JK000381,2455,1051,1253,137,79
214,772,954,JK000381,3066,5,163,99,70
214,744,954,JK000381,4511,1004,1209,135,79
214,776,954,Sham19Y0127677,1891,1105,1276,131,94
214,776,954,JK000166,8554,391,550,122,88
214,776,954,Sham19Y0014299,468,287,451,125,90
214,737,954,JK000376,60,748,961,143,83
214,747,954,Shamela0011354,40,125,317,127,76
214,725,954,JK009390,1981,732,935,138,75
214,772,954,JK009390,3331,213,379,119,81
214,725,954,Shamela0000432,5894,86,296,162,90
214,728,954,JK000637,3560,543,752,158,87
214,725,954,JK009270,3362,422,639,154,82
214,720,954,JK000201,4077,805,997,135,72
214,720,954,JK000201,4224,978,1161,135,74
214,776,954,Sham19Y0017747,2394,318,477,122,88
214,728,954,Shamela0037458,307,506,714,160,91
214,728,954,JK001012,32,71,296,164,87
214,728,954,JK001012,52,625,838,154,85
214,728,954,JK001012,66,237,453,157,84
214,753,954,Shamela0001466,2175,229,406,133,85
214,776,954,Shamela0001438,3415,818,982,126,91
214,753,948,Shamela0021537,971,297,488,128,79
214,753,948,Shamela0021537,1511,218,409,128,79
214,819,954,Shamela0021537,1681,1,136,91,82
214,744,954,Shamela0021537,2689,1040,1250,149,85
214,757,948,Shamela0021537,2693,1,188,125,79
214,772,948,Shamela0021537,3371,934,1103,117,81
214,753,954,Shamela0021537,4325,686,884,137,82
214,753,948,Shamela0021537,5779,46,237,128,79
214,792,954,Shamela0021537,5780,1,159,113,84
214,753,948,Shamela0021537,5782,43,231,127,78
214,747,948,Shamela0021537,5857,1248,1437,130,80
214,744,948,Shamela0008381,5879,55,255,131,78
214,86,589,JK006476,107,521,924,123,23
214,725,922,JK009245,938,1342,1531,130,81
214,782,954,Shia002264,271,1,154,118,87
214,725,954,Sham19Y0020643,450,639,847,160,89
214,725,954,Shamela0026542,49,887,1118,164,87
214,725,954,Sham19Y0017903,945,1180,1395,150,81
214,725,954,Shamela0008473,589,1165,1385,169,95
214,753,954,JK000219,15,882,1060,137,87
214,744,954,JK000378,265,545,747,137,79
214,725,954,Shamela0009567,969,1082,1285,155,87
214,753,968,Tafsir09050,212,350,535,135,77
214,725,954,Shamela0012884,477,1194,1407,164,92
214,744,954,JK000351,73,808,1014,135,79
214,728,954,Sham19Y0122257,1323,473,680,159,90
215,267,550,Tafsir07057,373,346,627,209,87
215,804,1064,Tafsir07057,374,986,1357,137,44
215,1136,1513,Tafsir07057,375,9,384,217,64
215,1326,1513,JK000906,836,198,434,116,53
216,47,530,Tafsir02102,296,288,844,278,62
216,51,482,Sham19Y0146127,1327,753,1154,221,53
216,47,300,Shamela0021715,3159,1017,1278,203,95
216,47,238,Shamela0021715,3160,141,439,153,63
216,68,300,Sham19Y0133357,123,1140,1383,179,88
216,1,565,Tafsir07057,375,736,1346,420,82
216,818,1068,Tafsir07057,376,1204,1488,184,79
216,47,555,ShamIbadiyya0000050,866,407,945,344,72
216,58,530,Shamela0010765,379,1,632,219,38
216,96,353,Tafsir09084,213,1266,1523,188,86
216,47,300,Shamela0021766,249,774,1054,202,88
216,47,300,Sham19Y0018176,769,1213,1495,202,88
216,62,300,Sham19Y0014404,124,730,975,189,92
216,47,353,JK009141,1178,732,1107,216,72
216,47,300,Sham19Y0127656,186,414,699,191,79
216,47,300,Shamela0010322,24,1061,1318,190,85
216,47,300,JK000475,2324,551,846,202,84
216,47,334,Meshkat00057178,526,763,1084,199,73
216,47,300,Sham19Y0018106,1406,4,286,202,88
216,47,300,ShamAY0038638,23,55,339,196,85
216,47,530,Shamela0000041,189,538,1243,350,60
216,27,300,Shamela0004473,9636,705,986,220,96
216,47,300,Shamela0004473,12378,925,1182,190,85
216,47,497,JK000465,306,1075,1503,279,69
216,47,300,JK000871,362,99,381,192,82
216,30,300,JK009268,630,1312,1537,161,69
216,696,1244,JK009268,632,133,568,166,28
216,47,482,Shamela0038162,6,444,820,221,57
216,47,281,Sham19Y0014827,94,905,1148,181,91
216,47,300,Sham19Y0018103,1444,852,1112,202,95
216,47,300,Sham19Y0018103,2792,1140,1403,202,95
216,308,530,JK007065,188,353,621,152,69
216,82,330,JK007065,333,1,264,185,86
216,47,343,Sham19Y0013252,3402,990,1297,223,90
216,47,300,JK000913,2927,578,855,199,88
216,47,530,Shamela0001875,674,198,1030,347,51
216,27,300,JK001492,76,107,399,213,89
216,58,300,JK009324,1123,919,1182,195,90
216,7,300,JK009266,1082,597,896,197,80
216,47,300,Shamela0010517,1121,790,1069,201,88
216,47,270,JK009336,263,1256,1502,179,89
216,47,300,JK000977,961,690,911,151,66
216,82,752,JK000917,79,801,1383,271,38
216,47,530,Shamela0036446,891,1068,1575,337,78
216,47,300,JK000484,2496,785,1093,196,78
216,47,560,Shamela0000432,120,790,1246,243,52
216,47,300,Tafsir02100,13,634,929,202,84
216,47,300,Sham19Y0013605,1957,913,1174,203,95
216,47,300,Sham19Y0013605,3397,1,264,202,95
216,47,305,JK011442,14,398,693,191,76
216,7,300,JK000201,3662,769,1060,210,87
216,47,300,JK000110,462,365,626,203,95
216,47,300,JK000110,1171,743,1006,202,95
216,134,300,Sham19Y0016946,282,1,179,132,91
216,47,308,JK006474,251,625,923,204,84
216,47,530,JK006897,237,45,365,239,60
216,47,530,Shamela0023628,208,1003,1518,348,80
216,148,530,Shamela0037458,310,81,449,204,58
216,47,560,Tafsir01005,586,695,1155,252,54
216,47,270,JK009362,985,1156,1381,176,96
216,47,300,Shamela0022868,145,173,470,197,82
216,39,467,JK009396,138,1059,1548,229,52
216,47,482,Sham19Y0016584,1562,1084,1455,203,45
216,68,300,Sham19Y0016584,1563,140,342,144,72
216,47,300,Sham19Y0016584,3140,1160,1423,202,95
216,47,530,Sham19Y0150960,1282,660,1212,353,78
216,47,530,Kraken230110004547,32,9,445,275,67
216,47,300,JK000436,20,1181,1447,203,94
216,47,270,JK000754,1021,44,264,169,92
216,47,300,Shamela0021809,1190,607,873,200,92
216,47,300,Shamela0011314,30,169,461,201,84
216,51,300,Sham19Y0016684,733,1,259,186,84
216,47,300,Sham19Y0020643,452,749,1019,202,92
216,47,482,Sham19Y0014309,297,780,1229,255,64
216,47,443,Shamela0008473,596,1014,1520,292,70
216,47,530,Shamela0012884,487,80,783,341,58
216,47,308,Shamela0037837,244,92,364,208,94
216,47,300,Shamela0005756,6707,313,581,202,92
216,47,300,Shamela0005756,11242,657,919,201,94
216,47,540,Kraken220727035853,323,403,919,330,75
217,152,679,Tafsir07057,378,186,881,329,51
217,1332,1669,Tafsir07057,380,36,603,213,45
218,1037,1374,Shia001432Vols,6620,1143,1480,278,100
218,883,1037,JK000791,144,822,976,122,97
218,1109,1264,JK000791,147,5,160,130,100
218,36,724,Tafsir07057,380,707,1646,357,40
218,890,1037,Shamela0000894,6348,417,564,120,100
218,890,1037,Noorlib0015842,7,186,333,119,99
218,890,1037,Rafed0003257Vols,524,446,593,119,99
218,1037,1374,Rafed0003257Vols,534,660,997,278,100
218,1037,1268,Shamela0003328,110,1363,1553,152,79
218,890,1037,Sham19Y0023608,234,44,191,119,99
218,970,1374,Sham19Y0023608,237,88,879,331,50
218,890,1058,Shamela0007798,1046,62,233,125,90
218,1109,1264,Shamela0007798,1054,291,446,130,100
218,933,1381,Sham19Y0018176,1652,871,1285,164,31
218,890,1037,Sham19Y0014404,125,1220,1367,120,100
218,1085,1264,Sham19Y0014404,126,1124,1347,149,80
218,1037,1268,JK006838,513,70,260,152,79
218,890,1037,Meshkat00057178,528,1284,1431,120,100
218,1045,1264,Meshkat00057178,532,21,204,138,73
218,890,1109,Sham19Y0147312,222,625,844,179,100
218,1109,1374,Sham19Y0147312,223,57,749,219,38
218,1064,1374,JK010729,84,1,311,256,100
218,890,1045,Zaydiyya0000062,115,985,1143,125,96
218,994,1294,Zaydiyya0000062,116,1111,1443,240,86
218,890,1037,Shamela0012293,6591,1326,1473,120,100
218,890,1037,Shamela0021821,163,265,412,120,100
218,1037,1374,Shamela0021821,164,914,1251,278,100
218,890,1037,Meshkat0014420,422,826,973,120,100
218,1109,1264,Meshkat0014420,425,804,959,130,100
218,890,1037,Zaydiyya0000476,71,842,989,120,100
218,890,1037,Zaydiyya0000476,88,68,215,120,100
218,883,1037,Rafed0003793Vols,318,542,696,121,96
218,876,1037,Rafed0003793Vols,380,960,1120,122,93
218,890,1037,Shamela0000041,193,140,287,120,100
218,1019,1374,Shamela0000041,195,1086,1489,280,83
218,890,1147,Rafed0003150Vols,190,789,1046,210,99
218,1147,1374,Rafed0003150Vols,191,1011,1238,187,100
218,890,1037,Shamela0004473,15132,375,522,120,100
218,876,1294,Sham19Y0023618,152,259,674,335,97
218,890,1037,Shamela0010273,185,239,386,119,99
218,1037,1374,Shamela0010273,187,867,1204,278,100
218,1037,1268,JK000439,110,447,637,152,79
218,890,1037,Rafed0001713Vols,228,332,479,119,99
218,876,1037,JK006478,1506,1190,1351,125,95
218,1109,1303,JK006478,1519,1202,1404,160,95
218,890,1037,JK009268,641,138,285,120,100
218,1037,1374,JK009268,647,504,841,278,100
218,1109,1294,Sham19Y0014827,110,1450,1635,154,100
218,890,1374,Zaydiyya0000063,191,190,649,376,94
218,890,1078,Shamela0023632,285,1418,1606,153,99
218,1109,1374,Shamela0023632,288,1003,1268,219,100
218,890,1037,Shamela0009231,318,302,449,120,100
218,1085,1264,Shamela0009231,320,1147,1387,149,74
218,890,1374,ShamAY0036821,300,170,644,384,97
218,890,1037,Sham19Y0013550,68,1393,1540,119,99
218,890,1037,Shamela0009759,29,401,548,119,99
218,1109,1294,Shamela0009759,30,967,1152,154,100
218,1109,1264,Shia000181,268,713,868,130,100
218,1109,1303,Shia002356Vols,89,784,979,152,92
218,1109,1264,Rafed0003882,48,228,383,130,100
218,1012,1374,Shia002394Vols,315,873,1386,258,61
218,890,1037,JK009266,1093,763,910,120,100
218,953,1374,JK009266,1102,522,917,292,84
218,890,1037,Masaha000989,149,321,468,119,99
218,871,1037,Masaha000554Vols,312,1323,1515,125,79
218,1037,1374,Masaha000554Vols,317,474,810,278,99
218,890,1037,JK000917,85,696,843,120,100
218,1109,1294,JK000917,92,36,221,154,100
218,890,1224,Shamela0029743,60,1279,1613,275,100
218,890,1037,JK001420,106,226,373,120,100
218,1019,1381,Shamela0000432,2520,1104,1459,287,96
218,970,1294,JK009270,402,1,325,268,100
218,890,1037,JK000123,1,696,843,120,100
218,1037,1294,Zaydiyya0000075BK23,8,362,619,213,100
218,1037,1381,JK007018,57,896,1240,284,100
218,914,1037,JK007018,57,1,124,101,100
218,890,1374,Shamela0022371,89,1082,1539,224,47
218,890,1326,QuranAnalysis001,12,1173,1609,359,100
218,890,1037,Shamela0023628,214,478,625,119,99
218,1037,1374,Shamela0023628,217,588,1068,277,70
218,890,1109,Shamela0037458,314,700,919,179,100
218,1074,1264,Shamela0037458,317,1045,1222,141,88
218,890,1037,Meshkat00042488,116,399,546,119,99
218,1109,1303,Meshkat00042488,117,943,1137,160,98
218,876,1045,Shamela0023591,973,1454,1620,129,93
218,1045,1374,Shamela0023591,974,1,330,271,100
218,883,1037,Rafed0003943Vols,64,812,967,120,94
218,1037,1374,Rafed0003943Vols,65,285,622,278,100
218,1109,1374,Tafsir06048,75,62,698,210,40
218,890,1045,Shamela0023578,277,432,590,124,96
218,933,1374,Shamela0023578,280,833,1330,336,82
218,890,1037,Shamela0009182,66,1223,1371,120,99
218,890,1037,Sham19Y0020891,721,1033,1180,119,99
218,890,1058,Shamela0000922,137,1,167,127,93
218,1109,1264,Shamela0000922,139,1362,1517,130,100
218,883,1037,JK009396,140,1146,1300,122,97
218,1109,1374,JK009396,142,1,266,219,100
218,890,1374,Sham19Y0150960,630,515,1000,383,94
218,898,1045,JK006476,110,1403,1562,115,88
218,890,1037,ShamAY0037152,625,989,1136,120,100
218,1037,1374,ShamAY0037152,626,103,669,278,59
218,890,1048,Sham19Y0020643,463,817,971,123,96
218,1109,1284,JK000122,327,784,967,136,89
218,890,1037,Shamela0008473,607,1071,1218,120,100
218,933,1374,Shamela0008473,609,646,1178,328,70
218,871,1037,Shamela0012884,496,1294,1457,126,93
218,1037,1294,Shamela0012884,501,161,488,213,78
219,228,1400,Tafsir07057,382,1,1551,672,46
219,815,985,JK009268,645,64,250,122,80
220,557,694,Tafsir09083,109,5,150,102,90
221,25,476,Tafsir07057,385,816,1543,276,43
221,460,790,Tafsir07057,386,737,1392,185,31
221,717,1469,Tafsir07057,387,516,1611,572,62
222,21,388,Tafsir07057,388,570,1399,206,30
222,401,894,Tafsir07057,389,386,1105,234,36
222,905,1466,Tafsir07057,390,493,1133,270,47
223,248,900,Tafsir07057,391,322,1347,355,38
232,931,1083,Shia001432Vols,4492,1365,1494,104,84
232,963,1345,JK000791,293,1171,1300,104,33
232,982,1322,Shamela0000894,1336,1,342,279,99
232,956,1089,Rafed0003257Vols,1047,1588,1721,104,96
232,1089,1356,Rafed0003257Vols,1048,1,315,212,82
232,926,1322,Sham19Y0023608,493,1225,1610,305,94
232,1147,1325,Sham19Y0014404,215,1333,1503,135,93
232,1160,1322,Meshkat00057178,785,251,413,132,100
232,963,1160,Sham19Y0147312,336,927,1124,162,100
232,1160,1322,Sham19Y0147312,337,598,760,132,100
232,988,1322,Zaydiyya0000062,209,323,937,271,53
232,931,1322,Shamela0021821,269,8,403,301,93
232,963,1160,Shia003721Vols,537,1212,1409,162,100
232,1124,1336,Shia003721Vols,549,676,891,167,95
232,963,1160,Meshkat0014420,699,571,768,162,100
232,1160,1322,Meshkat0014420,703,378,540,132,100
232,1136,1322,Zaydiyya0000476,700,343,530,138,91
232,1136,1322,Zaydiyya0000476,709,485,672,138,91
232,926,1160,Sham19Y0023618,282,867,1089,174,91
232,963,1322,Rafed0001713Vols,360,905,1265,293,99
232,963,1350,JK006478,2248,595,821,177,55
232,1136,1331,JK006478,2257,421,624,148,86
232,963,1322,JK009268,1041,1051,1411,293,99
232,926,1160,Shamela0023632,552,444,666,174,91
232,963,1322,ShamAY0036821,490,243,600,285,96
232,963,1172,Shia002356Vols,151,1165,1384,168,94
232,963,1356,JK001496,310,1004,1255,185,54
232,1151,1322,JK001496,311,574,744,135,97
232,963,1322,JK000330,181,508,867,292,99
232,963,1124,JK000330,260,1087,1248,132,100
232,918,1356,Tafsir04056,2268,323,665,138,28
232,1015,1322,JK009266,1986,1,307,252,99
232,923,1160,Masaha000554Vols,617,778,1009,166,80
232,963,1167,Shamela0029743,116,216,422,167,98
232,1015,1322,Shamela0029743,118,886,1418,246,56
232,926,1331,Shamela0000432,3941,1011,1394,311,93
232,931,1322,JK009270,761,905,1326,308,89
232,963,1151,JK007018,94,1428,1618,150,96
232,963,1322,QuranAnalysis001,24,908,1268,293,99
232,963,1235,ShamAY0034385,8,849,1111,148,57
232,1160,1322,JK009362,1557,1134,1298,132,98
232,1160,1322,JK009362,1558,21,185,132,98
232,926,1322,Shamela0023591,1696,620,1005,305,94
232,963,1167,Rafed0003943Vols,139,197,414,167,93
232,963,1160,Shamela0023578,578,204,401,162,100
232,1124,1331,Shamela0004445,639,524,732,169,99
232,963,1160,JK009396,237,193,390,162,100
232,963,1163,Sham19Y0145435,5109,908,1108,163,99
232,1124,1331,Sham19Y0145435,5112,709,916,169,100
232,995,1223,JK006476,206,335,564,184,97
232,963,1124,Shamela0010283,3767,1285,1446,132,100
232,963,1160,Shamela0008473,922,613,810,162,100
232,1124,1322,Shamela0008473,923,1214,1413,162,99
232,963,1322,Shamela0005756,15305,934,1295,294,98
232,1160,1322,Sham19Y0014592,1714,1433,1595,132,100
241,443,757,Rafed0003257Vols,2555,54,369,252,97
241,421,757,Sham19Y0023608,1547,60,385,258,92
241,450,772,JK000065,141,233,549,256,95
241,464,830,Shamela0021821,688,1227,1629,298,89
241,584,757,Shamela0000041,1035,1111,1296,143,93
241,421,826,Sham19Y0023618,711,386,810,309,86
241,457,805,JK009268,2155,408,752,277,95
241,450,757,Shamela0023632,1481,598,1070,211,54
241,457,765,Shamela0006947,5096,1387,1696,255,99
241,572,805,Shamela0006947,11666,1,229,177,88
241,464,805,ShamAY0036821,1021,585,921,269,94
241,464,805,JK009266,4371,1113,1455,272,95
241,457,654,JK001110,76,1439,1637,162,99
241,543,805,Shamela0029743,359,1,258,201,89
241,572,805,JK009270,1819,1191,1417,177,88
241,457,805,Masaha000147,16,1055,1399,277,95
241,457,849,JK007018,246,114,515,298,85
241,457,805,QuranAnalysis001,77,1041,1385,277,95
241,572,757,Shamela0037458,1473,224,409,153,100
241,457,654,Shamela0023591,3449,1389,1587,162,99
241,572,805,Rafed0003943Vols,521,635,863,177,88
241,464,757,Shamela0023578,1327,18,312,242,99
241,543,805,JK006476,563,63,321,195,86
242,375,709,JK007060,1301,422,717,148,48
242,375,673,JK000268,98,661,811,94,40
242,380,709,JK000279,742,814,1411,194,38
242,380,655,Shamela0010517,2893,1030,1426,151,46
242,380,709,JK000005,419,490,1039,183,39
242,380,709,JK000041,65,170,701,181,41
251,771,945,ShamAY0033108,1170,1090,1276,98,62
251,805,945,Tafsir02091,1386,12,169,94,72
251,805,945,JK000871,2072,253,398,95,79
253,1332,1565,Masaha004743,85,1,233,186,99
253,1285,1565,Shia001432Vols,4277,489,768,219,97
253,1292,1565,JK000791,1961,343,615,218,99
253,1292,1565,Shamela0001524,635,464,736,218,99
253,1285,1565,Rafed0003257Vols,4472,912,1191,220,98
253,1262,1565,Sham19Y0023608,3318,1179,1469,224,92
253,1292,1520,Sham19Y0147312,1704,1216,1444,183,100
253,1292,1565,Shamela0021821,1573,97,369,218,99
253,1401,1565,Shia003721Vols,429,1,165,132,100
253,1292,1565,Meshkat0014420,3921,258,531,219,100
253,1262,1565,Rafed0003793Vols,1018,1032,1378,242,87
253,1292,1559,Shamela0004473,2044,1306,1572,213,99
253,1292,1565,Shamela0004473,6442,618,890,218,99
253,1262,1565,Shamela0010273,2681,1199,1489,224,92
253,1285,1565,Rafed0001713Vols,2219,745,1024,220,98
253,1285,1565,JK006478,7640,1303,1584,222,98
253,1285,1565,JK009268,3928,259,538,220,98
253,1262,1565,Shamela0023632,3013,1189,1479,224,92
253,1292,1565,Zaydiyya0000288,632,446,719,219,100
253,1413,1565,ShamAY0037387,120,1,153,122,100
253,1285,1565,ShamAY0036821,1657,499,778,219,97
253,1278,1565,Hindawi081316951,73,24,311,223,97
253,1292,1565,Sham19Y0018567,1051,1149,1421,218,99
253,1285,1565,Shia002356Vols,1026,915,1199,221,97
253,1292,1565,JK000381,4514,393,665,218,99
253,1285,1524,JK009266,7671,1321,1560,188,98
253,1285,1504,Shamela0029743,911,1335,1554,172,98
253,1329,1565,Shia002382Vols,2094,9,243,187,99
253,1285,1565,Rafed0003799Vols,1904,167,444,219,97
253,1292,1565,Hindawi084602738,140,1069,1342,219,100
253,1273,1565,JK007018,627,92,386,222,94
253,1285,1475,QuranAnalysis001,196,1373,1563,148,97
253,1321,1565,JK000724,8,368,593,173,88
253,1292,1565,Shamela0037458,3655,1239,1512,219,100
253,1285,1565,JK009362,6793,280,561,221,98
253,1371,1565,Zaydiyya0000274,535,1,195,156,100
253,1285,1565,Shamela0023591,5866,1004,1283,220,98
253,1285,1565,Shamela0023591,5868,1141,1420,220,98
253,1329,1565,Shamela0023578,2660,400,635,188,99
253,1292,1565,Shamela0004445,518,387,659,218,99
253,1292,1565,JK009396,1318,526,798,218,99
253,1292,1565,Sham19Y0145435,5072,99,372,219,100
253,1292,1565,Sham19Y0150960,1047,449,721,218,99
253,1292,1565,Zaydiyya0000044,222,1155,1428,219,100
253,1292,1555,Zaydiyya0000044,263,1040,1303,211,100
253,1285,1565,Tafsir07076,5055,1066,1346,222,98
253,1292,1555,Tafsir07076,5507,102,394,211,90
253,1292,1565,Shamela0002300,707,1230,1502,218,99
253,1292,1565,Shamela0008473,4080,192,464,218,99
253,1292,1565,JK000351,76,265,537,218,99
254,1465,1590,Shamela0007853,390,1397,1526,87,83
254,1461,1590,Shamela0023790,138,825,954,99,100
254,1465,1590,JK009325,483,627,752,84,83
254,1,167,Shamela0004445,518,659,824,133,99
256,1145,1297,JK000917,1348,915,1058,108,89
256,1130,1297,Shamela0023591,5874,670,844,121,83
258,169,312,Tafsir01005,4967,1325,1481,105,83
258,165,312,Shamela0023578,2670,881,1036,99,77
259,616,835,Sham19Y0014827,163,1251,1493,131,64
259,837,1054,Sham19Y0014827,164,1,257,155,76
259,616,1016,Sham19Y0014827,343,690,1149,272,72
259,616,1054,Sham19Y0014827,519,663,1154,284,70
259,587,1016,Sham19Y0018103,235,9,587,285,62
259,703,1016,Sham19Y0018103,501,82,471,244,78
259,587,1039,Sham19Y0018103,1004,656,1270,304,62
259,703,1016,Sham19Y0018103,1266,102,491,244,78
259,587,1016,Sham19Y0018103,1518,807,1385,285,62
259,587,1039,Sham19Y0018103,1755,756,1368,304,62
259,729,1016,Sham19Y0018103,2014,1,364,222,77
259,587,1016,Sham19Y0018103,2270,717,1295,285,62
259,587,940,Sham19Y0018103,2528,1059,1529,226,61
259,605,1016,Sham19Y0018103,2796,1,564,277,62
259,587,1016,Sham19Y0018103,3053,217,799,285,62
259,587,1016,Sham19Y0018103,3295,451,1033,285,62
259,703,1016,Sham19Y0018103,3531,80,469,244,78
259,587,1016,Sham19Y0018103,3778,625,1207,285,62
259,587,1039,Sham19Y0018103,4042,760,1376,304,62
259,703,1016,Sham19Y0014592,224,79,428,248,88
259,587,1016,Sham19Y0014592,478,219,759,303,68
259,703,1016,Sham19Y0014592,752,1,350,248,88
259,745,1016,Sham19Y0014592,1026,1,308,214,87
259,625,1039,Sham19Y0014592,1310,5,538,284,65
259,587,835,Sham19Y0014592,1575,1272,1595,161,59
259,837,1020,Sham19Y0014592,1576,1,220,141,81
259,587,1016,Sham19Y0014592,1840,1022,1562,301,68
259,587,1016,Sham19Y0014592,2110,235,775,301,68
259,587,919,Sham19Y0014592,2359,1127,1534,226,67
259,587,1016,Sham19Y0014592,2607,334,878,301,67
259,587,1016,Sham19Y0014592,2856,482,1026,302,68
266,968,1202,Shamela0004473,16088,725,968,161,74
266,968,1207,JK000279,264,1215,1467,165,73
267,897,1152,JK007060,335,769,1028,143,62
267,727,947,Shamela0006947,16742,359,549,129,69
267,701,897,ShamAY0036002,55,938,1211,131,54
268,612,814,Kraken220413194022,2674,298,500,157,97
268,678,814,JK001414,2637,1,138,107,98
268,1,301,JK000917,1375,412,736,208,74
268,612,814,Sham19Y0017581,294,190,393,161,99
268,612,814,JK000990,8,576,779,161,99
269,546,1174,Shamela0004473,16088,1382,1606,161,31
270,986,1212,Shamela0006947,7413,1166,1521,82,25
270,1138,1343,Shamela0006947,7414,87,499,126,33
270,986,1212,Shamela0006947,16736,1107,1462,82,25
270,1138,1343,Shamela0006947,16737,35,444,122,32
270,1097,1343,Shamela0029677,564,1338,1578,173,84
270,1097,1343,ShamAY0034797,395,321,563,189,92
271,1391,1627,Shamela0004473,10435,688,936,165,82
271,1446,1627,JK000166,6450,12,193,145,100
272,450,722,Shamela0001417,427,868,1101,162,71
272,237,645,JK007060,334,1021,1353,211,62
272,47,168,Shamela0004473,10430,807,931,96,96
272,241,722,JK000162,260,873,1243,219,55
272,391,731,Sham19Y0032476,326,61,380,187,64
272,47,194,JK000166,10875,683,835,103,85
272,450,645,ShamAY0036002,54,358,556,145,88
272,450,722,JK001295,217,776,1015,163,72
272,519,722,Sham19Y0150960,227,1,163,111,67
274,414,716,JK000676,415,57,727,119,22
274,414,716,Shamela0012320,475,556,1227,124,23
274,401,716,Sham19Y0038093,77,84,596,116,24
277,58,246,Shamela0004445,2709,570,787,131,71
277,180,383,Shamela0010283,3892,443,589,91,55
278,341,777,Tafsir02102,31,982,1638,231,35
278,644,914,Rafed0002679Vols,1565,854,1244,154,44
278,341,524,Zaydiyya0000295Vols,2953,1172,1388,145,80
278,341,857,JK001496,56,122,726,273,43
278,611,857,JK009365,212,966,1267,144,49
278,402,524,Sham19Y0020891,259,861,983,100,100
278,341,600,Sham19Y0016684,1675,646,1217,201,43
278,341,857,JK000876,27,347,732,217,44
278,348,524,Shamela0005756,754,60,264,137,82
278,628,857,Shamela0002573,1825,600,891,149,56
279,1204,1340,Sham19Y0150960,1078,575,711,112,99
280,242,790,Shamela0001417,267,70,699,323,58
280,292,790,Hindawi092480704,44,1,593,284,54
280,840,994,Shamela0023790,64,1235,1402,117,89
280,242,790,JK001295,648,394,1044,328,57
280,565,712,Tafsir01005,2849,102,243,94,83
280,242,519,Sham19Y0150960,1080,1199,1506,197,74
280,531,790,Sham19Y0150960,1081,152,400,137,64
280,71,666,Shamela0002573,1825,705,1557,323,42
282,1355,1519,Rafed0002679Vols,60,89,254,133,97
282,777,1012,Shamela0004473,7694,774,1009,188,100
282,678,1012,Shamela0003055,2428,934,1275,260,95
282,1310,1486,Sham19Y0013680,561,1193,1427,110,53
282,750,1012,Sham19Y0021505,167,364,655,198,85
282,1374,1519,Shamela0002573,484,258,402,116,95
284,983,1202,JK006950,4104,741,960,179,100
284,989,1202,Shia001432Vols,301,1295,1508,173,99
284,989,1202,Shia001432Vols,4194,995,1208,174,100
284,989,1202,Shia001432Vols,7042,827,1040,174,100
284,989,1210,Shia001432Vols,20010,765,986,176,97
284,989,1202,Rafed0003257Vols,2513,715,928,174,100
284,989,1202,Sham19Y0023608,1478,1289,1506,174,98
284,1009,1202,Zaydiyya0000299,448,87,274,151,95
284,989,1202,Zaydiyya0000062,603,619,832,174,100
284,983,1202,Shamela0012293,3139,165,384,179,100
284,989,1202,Shamela0021821,665,1241,1454,174,100
284,983,1202,Shia003721Vols,385,559,782,179,98
284,1004,1202,Meshkat0014420,1877,1,199,162,100
284,1035,1202,Shamela0000041,997,581,763,136,91
284,989,1202,Shamela0004473,4120,1087,1300,174,100
284,989,1202,Sham19Y0023618,685,360,577,174,98
284,950,1202,Shamela0010273,935,331,585,188,85
284,989,1202,JK009268,2097,510,723,174,100
284,978,1202,Shamela0022653,221,889,1113,182,99
284,989,1202,Zaydiyya0000259,3,796,1008,173,99
284,978,1277,Zaydiyya0000076BK28,3,580,882,196,75
284,989,1202,ShamAY0036821,979,349,560,166,95
284,989,1202,Zaydiyya0000148,42,739,952,174,100
284,978,1202,Shamela0010463,39,130,354,183,100
284,989,1202,Shamela0023606,214,357,574,174,98
284,989,1202,Shia002356Vols,413,498,711,173,99
284,983,1202,JK000381,138,1225,1444,179,100
284,978,1202,JK000381,3176,115,327,168,92
284,983,1202,JK000381,9799,1210,1429,179,100
284,983,1202,JK009266,4274,1080,1305,179,97
284,989,1202,Masaha000554Vols,1795,1457,1667,167,95
284,1004,1202,Shamela0029743,344,1,199,162,100
284,983,1202,Sham19Y0095660,507,1034,1253,179,100
284,983,1202,Sham19Y0095660,1748,181,400,179,100
284,989,1202,JK009270,1752,949,1162,174,100
284,978,1194,ShamAY0001760,69,796,1018,175,96
284,1000,1202,Shamela0030868,120,1,203,165,100
284,989,1202,JK007018,236,1083,1297,174,99
284,983,1202,Shamela0001390,57,1264,1483,179,100
284,989,1202,QuranAnalysis001,75,59,272,174,100
284,978,1202,Shamela0095735,126,1254,1478,183,100
284,971,1202,JK000347,8,1183,1415,181,92
284,989,1202,Shamela0023591,3362,542,755,174,100
284,989,1202,Rafed0003943Vols,494,594,807,174,100
284,983,1202,Shamela0004445,474,1199,1422,179,98
284,989,1202,Sham19Y0020891,2280,787,1000,174,100
284,989,1202,JK009396,517,567,780,174,100
284,1030,1202,JK006476,542,1133,1301,137,97
284,1042,1202,EShia0071536,104,1,161,130,100
284,989,1202,EShia0071536,280,31,244,174,100
284,989,1202,Shamela0023775,180,1032,1245,174,100
284,989,1202,Shamela0023775,200,1117,1330,174,100
284,989,1202,Shamela0002300,4386,84,297,174,100
284,989,1202,Shamela0008473,2049,1280,1493,174,100
287,1065,1506,Sham19Y0147597,415,1267,1696,134,31
289,386,583,Meshkat00042485,602,675,888,93,47
290,31,344,Sham19Y0147597,424,530,893,188,56
290,750,1285,Meshkat00057178,718,1130,1278,90,20
290,149,344,JK009362,1472,1,188,150,94
290,718,873,Zaydiyya0000413Vols,3849,158,658,114,29
291,23,219,Sham19Y0147597,423,120,397,124,55
291,1057,1309,JK009347,2,840,1017,130,62
291,1057,1309,Shamela0001038,897,102,277,130,62
291,23,219,JK009362,1470,676,953,124,55
291,1022,1309,JK000122,46,1,259,202,86
292,1,202,Sham19Y0147597,416,1506,1720,152,80
292,1,207,JK009362,1463,875,1094,156,81
294,225,384,JK000162,40,71,388,99,37
297,229,618,Tafsir02102,377,772,1472,194,29
297,643,897,JK006478,1734,986,1464,117,27
297,629,886,Shamela0010517,1889,1300,1559,115,46
297,629,891,Shamela0010517,1936,1291,1555,119,47
300,786,1286,Shamela0000327,21,35,621,314,66
300,886,1205,Shamela0006146,155,580,1212,243,47
300,805,1215,Shamela0096232,10,855,1283,268,70
300,842,1178,Rafed0002202Vols,31,1099,1510,244,70
302,714,924,Tafsir02102,2748,1165,1430,151,70
302,1358,1560,Tafsir07057,2521,635,837,161,100
302,667,874,Shamela0001417,211,1,361,155,53
302,660,924,ShamIbadiyya0000050,3746,346,764,191,55
302,1358,1560,Rafed0003257Vols,1041,1179,1381,161,100
302,729,924,Shamela0006674,683,453,703,140,69
302,1355,1560,Masaha001023,103,30,235,163,100
302,660,919,ShamIbadiyya0000193,2378,458,872,185,55
302,1363,1560,Shamela0010895,172,1221,1418,157,100
302,1358,1560,Shia004695Vols,2981,850,1052,160,99
302,729,939,Shamela0000131,1003,165,430,145,68
302,729,932,JK003609,5297,1192,1451,141,67
302,729,924,JK003609,5314,184,436,139,68
302,636,924,JK000906,6211,757,1195,200,56
302,636,924,Sham19Y0011151,228,710,1147,202,56
302,672,924,JK001295,533,1,408,187,56
302,1358,1560,Hindawi020604026,60,1125,1326,159,99
302,660,874,JK007121,72,710,1077,161,53
302,1358,1560,JK009362,9352,1195,1397,161,100
302,1363,1560,Shamela0004445,1083,757,954,157,100
302,660,924,Sham19Y0150960,853,1087,1454,198,66
302,1355,1560,Tafsir07076,5918,336,541,163,100
302,1355,1560,Tafsir07076,6002,867,1072,163,100
302,1351,1560,Tafsir07076,6238,398,611,166,98
302,1345,1560,Tafsir07076,6416,508,719,162,95
302,1363,1560,Shamela0008473,461,256,453,157,100
302,660,919,Tafsir09050,2452,386,800,188,56
306,1,206,Shamela0004473,16088,756,968,140,72
306,1,211,JK000279,264,1246,1467,144,72
313,229,401,Sham19Y0013257,110,1309,1484,133,93
313,229,401,Sham19Y0017116,323,1038,1213,133,93
313,198,401,Sham19Y0016826,231,864,1048,140,84
313,229,401,Sham19Y0013247,9,141,316,133,93
315,404,576,Sham19Y0013257,107,27,196,132,98
315,404,545,Sham19Y0133358,44,886,1572,109,20
315,404,576,Sham19Y0017116,315,659,823,128,95
315,619,944,Sham19Y0013680,163,1077,1273,103,37
315,993,1166,Sham19Y0013680,283,1265,1437,123,85
315,374,576,Sham19Y0016826,224,1063,1245,140,89
315,404,573,Sham19Y0013247,8,1366,1529,128,96
316,471,633,JK007143,2172,159,496,79,25
316,71,372,Sham19Y0133358,45,350,695,114,28
316,64,445,Sham19Y0016826,227,255,766,179,33
317,396,635,Sham19Y0120922,49,1150,1341,115,61
317,457,635,Sham19Y0120922,234,668,811,105,73
318,972,1256,JK001302,433,643,1020,132,36
318,1307,1557,Shamela0001687,9026,394,684,131,48
324,1083,1185,Shamela0004445,360,949,1051,79,100
328,698,982,Shia001544Vols,1556,27,505,101,20
330,615,763,Rafed0002679Vols,1205,307,454,115,97
330,210,337,JK001496,121,899,1025,99,99
330,210,337,Sham19Y0020891,478,1324,1450,99,99
330,210,369,Sham19Y0150966,971,975,1162,114,77
335,1237,1431,Shamela0004473,16075,973,1174,135,81
335,1020,1261,Shamela0004473,16075,82,353,159,73
335,1084,1261,JK000279,687,525,700,131,91
335,1237,1431,JK000279,688,325,530,139,83
357,462,701,Shamela0006947,19724,294,607,172,63
358,799,975,Shamela0096180,116,620,796,146,100
361,108,231,Shia001432Vols,3923,1427,1550,99,100
361,108,264,JK000791,1502,1136,1292,125,100
361,86,267,Shamela0021715,7301,935,1166,139,75
361,108,264,Rafed0003257Vols,3555,733,889,125,100
361,108,264,Sham19Y0023608,2502,147,307,125,97
361,108,240,Sham19Y0023608,2503,585,1145,106,23
361,108,267,Sham19Y0018176,1749,811,970,127,100
361,83,240,Hindawi019640759,31,165,311,113,90
361,97,279,Sham19Y0018106,3040,196,372,134,92
361,108,264,Zaydiyya0000062,1150,9,165,125,100
361,97,267,Shamela0021821,1151,422,586,131,96
361,102,276,Shia003721Vols,305,1336,1507,130,93
361,97,264,Meshkat0014420,3092,1076,1243,134,100
361,108,240,JK010001,30,916,1357,89,25
361,108,240,Shamela0004473,13743,879,1309,89,25
361,108,234,Sham19Y0023618,1107,1411,1537,101,100
361,108,264,Shamela0010273,1783,1112,1272,125,97
361,108,264,Rafed0001713Vols,1561,504,660,125,100
361,108,260,JK006478,6205,1389,1541,122,100
361,108,264,JK009268,3156,217,373,125,100
361,108,264,Shamela0023632,2378,423,583,125,97
361,108,264,Sham19Y0018103,2930,1293,1449,125,100
361,108,264,ShamAY0036821,1406,392,548,125,100
361,108,264,ShamAY0036821,1409,1315,1471,125,100
361,108,240,Sham19Y0013550,386,1131,1522,106,33
361,97,264,Shamela0010551,375,1038,1205,134,100
361,108,264,Shia002356Vols,726,520,675,124,99
361,108,267,JK001496,1336,239,398,127,100
361,108,326,JK009266,6283,275,527,147,71
361,108,264,Masaha000554Vols,3404,577,732,124,99
361,108,231,Tafsir07055,31,1127,1559,82,24
361,108,264,Shamela0029743,640,1254,1410,125,100
361,108,264,JK009270,3032,334,490,125,100
361,108,279,Sham19Y0013605,3538,428,599,129,94
361,97,279,JK000110,1253,520,696,133,91
361,108,267,JK007018,427,914,1072,125,98
361,108,264,QuranAnalysis001,137,859,1015,125,100
361,108,264,Shamela0023628,2409,1227,1383,125,100
361,108,264,Sham19Y0020642,302,161,317,125,100
361,108,264,Shamela0037458,2598,700,856,125,100
361,108,264,Meshkat00042488,1071,43,387,125,45
361,102,264,Hindawi092028080,15,768,930,130,100
361,108,264,Shamela0023591,4824,123,279,125,100
361,108,264,Shamela0023591,4833,439,595,125,100
361,108,264,Rafed0003943Vols,1061,456,612,125,100
361,108,264,Shamela0023578,2025,728,888,125,97
361,102,326,Shamela0004445,394,1269,1533,161,76
361,108,292,Sham19Y0020891,3800,1193,1370,128,86
361,108,240,Shamela0000922,822,1009,1517,106,25
361,108,264,JK009396,920,724,880,125,100
361,102,260,Sham19Y0145435,5060,1460,1618,127,100
361,90,264,JK006476,993,575,808,135,71
361,108,326,Shamela0008473,3112,1183,1381,139,79
361,97,267,Shamela0005756,11745,869,1029,127,93
363,1,205,Shamela0006947,19718,994,1218,122,64
364,212,525,JK000343,1000,1,379,238,73
364,196,442,Sham19Y0026523,3020,641,953,190,71
366,1373,1505,Shamela0009988,213,1256,1387,101,93
366,1387,1505,Sham19Y0013247,51,532,649,96,99
369,1057,1306,Shamela0006947,19800,91,295,143,69
375,633,846,Shamela0021821,349,550,756,164,94
377,32,248,Sham19Y0146127,232,373,608,152,75
377,32,248,Shamela0012415,250,177,439,157,73
377,32,256,Shamela0000894,305,1072,1321,173,87
377,32,289,Shamela0000894,607,1137,1423,179,76
377,24,304,ShamAY0033975,671,672,1022,196,70
377,32,248,JK009152,16,1139,1386,166,85
377,32,248,Sham19Y0018176,184,1295,1529,167,90
377,32,248,JK009141,317,798,1032,167,90
377,32,299,Sham19Y0127656,49,1020,1278,182,81
377,24,248,Zaydiyya0000053,1190,976,1192,148,78
377,32,236,Sham19Y0018106,346,1255,1474,157,91
377,21,248,Shamela0012293,4826,985,1226,168,85
377,32,259,JK009231,213,1242,1498,171,82
377,32,248,JK009151,736,779,1000,155,84
377,32,259,Sham19Y0016976,70,235,481,169,86
377,32,248,ShamAY0034005,632,436,695,154,73
377,32,256,Sham19Y0148271,641,473,717,166,82
377,32,219,Sham19Y0018103,472,1304,1506,144,90
377,32,299,Sham19Y0014119,5,319,587,179,78
377,32,248,JK000384,269,134,389,154,73
377,32,248,Sham19Y0017063,18,139,373,167,90
377,109,248,ShamAY0033075,91,1268,1439,103,76
377,32,248,Sham19Y0013252,926,1204,1438,164,88
377,32,248,Sham19Y0013252,927,239,473,163,85
377,123,248,JK000983,990,8,139,95,92
377,32,304,Sham19Y0017729,35,792,1082,189,82
377,32,299,Shamela0001875,94,769,1076,190,79
377,32,299,JK009324,255,997,1286,182,76
377,32,231,Sham19Y0145212,97,670,887,151,88
377,123,256,JK000165,409,224,381,101,80
377,59,299,Sham19Y0017791,33,1,279,160,73
377,79,248,Sham19Y0017791,34,161,652,127,32
377,24,259,Sham19Y0018607,127,840,1096,166,75
377,32,266,JK000484,446,1076,1341,160,71
377,32,248,JK007041,535,643,877,167,90
377,32,299,JK000961,244,850,1182,186,71
377,24,248,Shamela0002863,237,165,437,162,73
377,109,248,JK007098,819,512,683,103,77
377,32,299,Sham19Y0013614,29,75,370,177,74
377,32,248,JK000110,79,309,543,167,90
377,32,248,Sham19Y0016946,78,913,1147,167,90
377,32,299,Shamela0096283,42,227,518,188,82
377,32,248,ShamIbadiyya0000229,732,128,362,140,70
377,114,299,ShamIbadiyya0000229,2645,587,758,115,74
377,32,248,Tafsir01005,776,497,744,163,81
377,54,248,JK000762,44,1,213,150,89
377,32,248,Sham19Y0014325,362,419,639,156,84
377,32,248,Shamela0008203,100,1146,1408,148,70
377,32,248,JK007107,46,402,636,167,90
377,32,248,ShamAY0037574,687,1283,1520,164,84
377,123,248,Shamela0006610,87,52,183,94,91
377,32,248,Sham19Y0016584,416,1093,1327,167,90
377,32,299,JK007045,8,1162,1460,180,77
377,32,248,Kraken230110004547,260,803,1034,149,74
377,32,248,Shamela0119492,479,363,646,157,68
377,32,248,Sham19Y0016684,177,1257,1491,167,90
377,79,304,Sham19Y0017903,97,1,228,147,78
377,32,259,Shamela0037837,80,1159,1402,163,82
377,32,256,Shamela0005756,1993,59,307,173,88
377,79,248,Shamela0005756,5498,582,757,130,94
378,781,1274,Meshkat0014420,3729,235,552,111,23
379,683,804,ShamAY0035131,38,1360,1486,97,93
380,698,857,Masaha004743,58,167,326,129,100
380,712,1023,Shia001432Vols,3815,1235,1514,225,89
380,698,857,Shia001432Vols,3829,1323,1482,129,100
380,892,1107,JK000791,1969,771,986,173,100
380,707,871,Sham19Y0014328,355,1279,1451,132,93
380,721,866,Shamela0000894,5029,60,205,118,100
380,975,1105,Rafed0003257Vols,4489,1,131,105,100
380,871,1105,Sham19Y0023608,3331,739,982,179,89
380,981,1105,Shamela0007798,7880,1200,1324,100,100
380,892,1105,Sham19Y0147312,1712,137,350,172,100
380,885,1105,JK010729,155,379,599,177,100
380,721,930,Shamela0021821,1192,407,596,135,73
380,890,1112,Shamela0021821,1579,615,837,175,98
380,689,1105,Shia003721Vols,229,1108,1493,309,92
380,866,1105,Meshkat0014420,3938,251,495,183,93
380,721,866,Rafed0003793Vols,903,448,593,118,100
380,892,1105,Shamela0000041,2196,595,808,172,100
380,876,1105,Shamela0004473,2395,638,857,177,95
380,892,1105,Sham19Y0023618,1437,973,1186,172,100
380,885,1105,Shamela0010273,2699,1101,1332,177,95
380,892,1064,Rafed0001713Vols,2231,1405,1577,139,100
380,674,917,JK006478,6355,483,686,143,73
380,892,1107,JK006478,7673,1064,1282,173,98
380,892,1105,JK009268,3953,345,558,172,100
380,689,1105,Shia003749,225,430,826,316,94
380,689,866,Sham19Y0011326,65,1103,1258,126,87
380,885,1105,Shamela0023632,3026,756,987,177,95
380,698,1037,Shamela0001419,393,839,1146,246,89
380,892,1105,ShamAY0037387,120,1134,1348,172,99
380,892,1105,ShamAY0036821,1660,448,658,169,98
380,704,857,Shia003752Vols,396,446,600,124,99
380,704,1037,Tafsir10066,1529,656,1109,152,32
380,772,1041,Kraken210622021811,332,484,666,118,55
380,892,1105,Shia002356Vols,1032,575,786,169,98
380,721,930,JK001496,1384,1054,1233,133,76
380,892,1107,JK001496,1942,199,417,173,98
380,892,1112,Tafsir04056,1206,322,542,176,99
380,890,1105,JK009266,7702,332,547,172,99
380,892,1105,Masaha000554Vols,5009,222,432,169,98
380,892,1105,Shamela0029743,917,94,307,172,100
380,721,871,Sham19Y0095660,1418,889,1037,118,96
380,698,876,Shamela0000432,4415,920,1089,127,84
380,949,1105,Shamela0000432,4416,53,209,126,100
380,721,921,Shamela0000432,5892,1359,1528,125,75
380,721,871,Shamela0000432,6131,1113,1264,119,96
380,871,1105,Shia002382Vols,2101,590,849,181,86
380,857,1107,Shamela0009702,126,324,562,188,93
380,949,1105,JK009270,4259,333,489,126,100
380,698,1037,Shamela0001340,205,766,1068,241,87
380,892,1107,JK007018,632,584,799,173,100
380,892,1105,QuranAnalysis001,197,1063,1276,172,100
380,871,1105,Shamela0010523,224,766,1005,178,93
380,892,1105,Shamela0023628,2969,821,1368,172,38
380,925,1105,JK009362,6794,1,182,146,99
380,885,1105,Shamela0023591,5885,790,1021,177,95
380,970,1105,Shamela0023591,5887,1,136,109,100
380,892,1105,Rafed0003943Vols,1328,635,1217,172,36
380,892,1112,Shamela0023578,2672,1148,1365,175,98
380,689,866,Shamela0004445,317,1036,1196,130,90
380,721,866,Sham19Y0020891,3941,129,274,118,100
380,892,1105,Sham19Y0020891,5364,915,1128,172,100
380,981,1119,Tafsir03097,1374,931,1524,104,22
380,892,1105,JK009396,1328,745,958,172,100
380,689,1105,Sham19Y0145435,4983,358,752,318,94
380,698,876,Sham19Y0150960,1032,1096,1260,127,86
380,949,1105,ShamIbadiyya0000075,775,34,330,126,52
380,892,1105,Shamela0008473,4098,269,482,172,100
381,581,783,Tafsir09085,658,322,604,148,67
381,525,783,Tafsir01005,4994,827,1137,161,61
385,258,484,JK000906,9228,592,805,172,94
407,228,338,Rafed0003257Vols,3345,245,356,80,93
407,228,338,Shamela0004473,954,72,183,83,96
407,228,338,Shamela0004473,6307,392,494,80,92
407,234,338,Shamela0026141,7,396,501,78,96
407,228,333,Hindawi039418519,105,209,306,76,92
407,228,333,Shamela0009384,32,1239,1345,76,93
407,228,338,ShamAY0002038,533,159,270,83,96
407,228,338,Tafsir07076,6065,1,112,83,96
407,228,338,Tafsir07076,8523,82,193,83,96
433,88,622,JK000791,1969,860,1017,113,26
433,88,590,Shamela0007798,7880,1200,1324,100,24
433,88,590,Shamela0021821,1579,706,830,100,24
433,88,592,Tafsir04056,1206,411,537,101,25
433,88,592,Shamela0009702,126,436,562,101,25
433,88,592,JK007018,632,673,799,101,25
433,88,590,Tafsir03097,1374,931,1510,124,20
433,88,590,Sham19Y0145435,4983,628,752,100,24
441,1203,1386,JK000906,9225,1311,1501,133,85
441,1203,1386,JK000458,2887,873,1063,133,85
449,836,1045,ShamAY0036795,36,1399,1643,156,75
449,836,1084,Sham19Y0001729,334,1148,1437,196,82
449,832,1084,Shamela0001417,84,90,378,204,85
449,720,1084,Shamela0001524,1003,726,1114,210,54
449,832,1084,Shamela0007798,39,463,755,202,83
449,842,1084,Shamela0030067,2,435,718,196,83
449,832,1084,JK009246,31,1083,1370,203,85
449,832,1084,Shamela0021765,2087,490,750,182,76
449,832,1084,JK000331,5,1281,1581,203,81
449,874,1084,JK008001,308,855,1101,171,83
449,925,1084,JK000465,536,1,160,134,100
449,836,1084,JK001006,155,443,730,195,82
449,832,1084,Shamela0006947,5546,468,778,203,79
449,836,1084,Shamela0021635,180,1010,1226,160,77
449,891,1084,JK000707,399,31,229,155,93
449,832,1084,JK000906,1173,503,788,196,80
449,941,1133,JK000232,556,1,186,129,80
449,874,1084,Sham19Y0127677,1620,914,1144,155,78
449,874,1084,Zaydiyya0000059,966,1022,1250,161,80
449,720,1084,JK000166,6482,1246,1585,236,70
449,855,1084,JK001297,313,1233,1494,170,75
449,826,968,Shia001174Vols,4022,462,641,107,74
449,832,1084,JK009390,1617,1225,1501,182,74
449,832,1084,Shamela0002386,313,1302,1589,203,85
449,836,981,JK000467,973,1249,1446,106,66
449,855,1084,JK001295,394,1,260,181,82
449,832,1084,JK000585,1567,1272,1501,151,63
449,900,1084,JK009270,15,1,184,153,99
449,832,1084,Shamela0008204,13,478,763,193,79
449,836,1084,JK007043,1310,308,605,191,76
449,911,1084,Shamela0026539,5,18,192,145,99
449,836,1084,Shamela0001397,20,1172,1456,190,79
449,832,1084,Shamela0008353,95,950,1260,203,79
449,832,1133,Shamela0037458,506,206,616,215,60
449,832,1084,ShamAY0033885,29,1208,1501,197,81
449,832,1084,Shamela0011433,24,1192,1431,194,93
449,874,1084,Shamela0001438,2654,388,631,164,79
449,832,1084,Shamela0001438,3979,402,937,161,33
449,896,1075,JK006801,838,29,215,144,93
449,720,1084,Shamela0022676,54,1098,1537,259,67
449,832,1084,ShamAY0033657,26,75,348,194,84
449,832,1084,Shamela0008473,45,372,665,203,83
449,874,1084,Shamela0012884,943,1,248,171,82
450,274,805,ShamAY0007299,4068,318,877,336,65
450,281,647,JK000166,6481,1112,1550,210,54
450,649,898,JK000166,6482,46,574,150,34
450,281,815,Shamela0012399,959,242,1071,310,44
450,264,898,JK001295,90,869,1502,398,67
450,353,695,JK000585,1579,639,1177,123,22
450,346,695,JK001503,878,822,1425,125,21
450,264,795,Sham19Y0150960,130,67,632,323,64
451,1201,1420,Sham19Y0014827,163,1251,1493,131,64
451,1422,1525,Sham19Y0014827,164,1,104,81,100
451,1201,1525,Sham19Y0014827,343,690,1037,213,75
451,1201,1525,Sham19Y0014827,519,663,1010,213,75
451,1172,1525,Sham19Y0018103,235,9,475,226,62
451,1288,1525,Sham19Y0018103,501,82,359,185,84
451,1172,1525,Sham19Y0018103,1004,656,1122,226,62
451,1288,1525,Sham19Y0018103,1266,102,379,185,84
451,1172,1525,Sham19Y0018103,1518,807,1273,226,62
451,1172,1525,Sham19Y0018103,1755,756,1222,226,62
451,1314,1525,Sham19Y0018103,2014,1,252,163,82
451,1172,1525,Sham19Y0018103,2270,717,1183,226,62
451,1172,1525,Sham19Y0018103,2528,1059,1529,226,61
451,1190,1525,Sham19Y0018103,2796,1,452,218,61
451,1172,1525,Sham19Y0018103,3053,217,687,226,61
451,1172,1525,Sham19Y0018103,3295,451,921,226,61
451,1288,1525,Sham19Y0018103,3531,80,357,185,84
451,1172,1525,Sham19Y0018103,3778,625,1095,226,61
451,1172,1525,Sham19Y0018103,4042,760,1230,226,61
451,504,960,JK000166,6479,399,1114,249,41
451,718,960,Shamela0022676,51,110,703,125,25
451,1288,1525,Sham19Y0014592,224,79,316,189,100
451,1172,1525,Sham19Y0014592,478,219,647,244,69
451,1288,1525,Sham19Y0014592,752,1,238,189,100
451,1330,1525,Sham19Y0014592,1026,1,196,155,100
451,1210,1525,Sham19Y0014592,1310,5,400,224,69
451,1172,1420,Sham19Y0014592,1575,1272,1595,161,59
451,1422,1525,Sham19Y0014592,1576,1,104,81,100
451,1172,1525,Sham19Y0014592,1840,1022,1450,242,68
451,1172,1525,Sham19Y0014592,2110,235,663,242,68
451,1172,1504,Sham19Y0014592,2359,1127,1534,226,67
451,1172,1525,Sham19Y0014592,2607,334,766,242,67
451,1172,1525,Sham19Y0014592,2856,482,914,243,69
454,524,1432,Rafed0003630Vols,141,14,1171,513,50
454,513,831,JK006478,487,1157,1519,240,83
454,831,1432,JK006478,488,1,811,383,54
454,597,911,ShamIbadiyya0000279,272,63,413,247,88
454,547,911,Sham19Y0029676,21,247,634,253,73
454,932,1432,JK009266,227,9,631,303,53
454,932,1386,Shamela0009823,329,511,1127,241,44
454,925,1446,Tafsir04040,378,54,647,291,51
454,513,1432,ShamIbadiyya0000229,86,179,1293,608,62
455,302,481,Hindawi092963020,582,6,183,134,95
455,265,481,Shamela0006947,14507,209,414,153,88
461,749,940,JK006950,457,504,682,134,87
461,370,554,Tafsir02102,935,1163,1337,135,91
461,370,554,JK007064,474,73,247,135,91
461,370,554,Tafsir07057,1201,709,883,135,91
461,745,940,Hindawi073920283,96,448,637,121,73
461,370,554,Shamela0009993,44,1299,1469,128,87
461,370,554,Shamela0006947,18028,14,188,135,91
461,749,940,JK000094,346,1352,1540,145,92
461,370,554,JK000094,773,269,443,135,91
461,749,940,JK000381,6150,986,1164,134,87
461,370,554,Shamela0012076,44,993,1167,135,91
461,749,940,Sham19Y0018259,29,1103,1290,141,90
464,1399,1532,Tafsir02102,935,1163,1295,103,98
464,1381,1532,JK007064,474,54,205,105,88
464,1372,1532,Tafsir07057,1201,653,841,114,76
464,1399,1532,Shamela0009993,44,1299,1427,99,94
464,1399,1532,Shamela0006947,18028,14,146,103,98
464,1263,1448,JK000250,20,829,1084,121,61
464,1381,1532,JK000094,773,250,401,105,88
464,1381,1532,Shamela0012076,44,974,1125,105,88
469,194,381,Sham19Y0146127,3562,211,424,140,79
469,190,381,Shamela0021715,4278,481,670,151,97
469,63,344,Shamela0000894,8049,7,258,141,53
469,63,344,Shamela0000894,8077,1034,1285,141,53
469,7,363,Sham19Y0018176,1003,846,1559,251,42
469,63,381,Sham19Y0127656,301,507,810,212,78
469,190,412,Sham19Y0018106,1858,782,1355,176,37
469,63,381,Shamela0000041,582,521,987,205,49
469,194,344,Shamela0004473,11650,233,380,117,96
469,190,381,Sham19Y0018103,1833,834,1023,151,97
469,190,381,Shamela0026884,141,1106,1293,148,94
469,190,381,Sham19Y0009763,60,453,642,151,97
469,11,384,JK009324,2612,32,352,227,71
469,63,381,Shamela0010517,1503,370,733,184,53
469,175,381,Shamela0010517,2135,323,525,154,91
469,200,381,Sham19Y0013605,390,265,448,143,95
469,190,381,Sham19Y0013605,2391,1059,1248,151,97
469,63,381,JK000110,646,410,827,220,62
469,63,381,Sham19Y0017747,2210,306,683,192,59
469,63,306,Sham19Y0016584,2020,112,462,164,54
469,230,381,Sham19Y0016684,1016,1,150,119,97
469,200,381,Shamela0005756,979,540,719,140,93
469,190,381,Shamela0005756,8412,91,280,151,97
472,1087,1424,JK000094,996,497,1165,253,47
472,1412,1607,JK000094,997,1,214,160,91
472,1087,1408,JK000166,9926,1172,1486,148,47
472,1087,1211,Hindawi030536269,464,276,399,96,95
474,801,1144,Shamela0021715,7006,473,908,209,54
474,801,1052,Tafsir09084,784,1167,1530,166,53
474,801,1144,Shamela0021766,1391,442,760,217,74
474,801,1144,Sham19Y0127656,552,816,1283,216,53
474,801,1144,Sham19Y0018106,2952,608,1043,214,55
474,759,1144,JK000818,149,894,1320,240,61
474,765,1144,JK000465,1063,304,697,230,63
474,759,1144,JK000888,3408,763,1103,220,67
474,801,1144,Sham19Y0018103,2849,28,463,209,54
474,801,1144,MMS00013,1815,478,931,215,53
474,801,969,Sham19Y0013252,6740,1194,1471,115,49
474,801,1144,JK009336,305,774,1230,219,54
474,801,1144,Sham19Y0020638,1480,872,1184,215,73
474,801,1144,Shamela0036446,914,908,1303,203,55
474,854,1144,Sham19Y0013605,3457,1,389,181,52
474,300,475,JK000123,896,704,911,97,54
474,354,512,JK000201,1746,32,185,121,95
474,801,1144,JK000110,1206,285,720,214,55
474,801,1144,Shamela0037458,1055,687,1012,218,74
474,801,1144,Sham19Y0016584,3206,332,767,209,54
474,801,1144,Sham19Y0150960,1319,645,1094,213,53
474,820,969,Kraken230110004547,43,1138,1389,114,55
474,801,1144,Sham19Y0014309,346,490,799,203,69
474,759,1144,Sham19Y0149697,10197,188,613,231,58
474,801,1144,Shamela0008473,1704,516,954,210,54
474,801,1144,Tafsir09050,923,631,1021,219,64
474,801,1144,Shamela0012884,1761,99,550,213,53
474,801,1144,Shamela0037837,928,252,685,214,55
477,1432,1595,JK000279,412,5,241,130,67
477,1388,1595,Hindawi025273163,140,782,1002,157,84
477,1398,1595,Sham19Y0122142,497,1383,1654,138,62
483,1026,1175,Shia001432Vols,19104,1181,1336,117,95
483,1026,1175,Sham19Y0001729,2100,408,560,114,91
483,1026,1175,Shamela0021715,5687,924,1080,117,94
483,998,1175,Shamela0021715,10541,315,493,138,97
483,1026,1175,Kraken230106005528,204,262,416,112,90
483,1026,1175,Shamela0001524,1738,978,1133,114,93
483,1026,1175,JK009152,1994,1126,1281,117,95
483,1222,1363,Shamela0007798,4466,183,330,106,89
483,1026,1175,Sham19Y0018176,1334,192,348,117,94
483,980,1175,Sham19Y0018176,1504,218,410,138,89
483,998,1175,Sham19Y0018176,2458,968,1147,139,98
483,1026,1175,Sham19Y0127656,417,666,821,117,95
483,980,1175,Sham19Y0127656,490,70,262,142,92
483,998,1175,Sham19Y0127656,800,684,863,139,98
483,1026,1175,Shamela0012749,45,187,339,113,91
483,1026,1175,JK006838,632,993,1152,117,93
483,1026,1175,JK000475,1568,1039,1195,117,94
483,1026,1175,Sham19Y0018106,2476,459,615,117,94
483,980,1175,Sham19Y0018106,2696,1079,1271,138,89
483,998,1175,Sham19Y0018106,4056,345,524,139,98
483,998,1175,Masaha003955Vols,123,182,360,135,96
483,1222,1336,Meshkat0014420,1985,235,349,93,100
483,1222,1336,Shamela0023788,428,913,1027,93,100
483,1026,1175,JK008001,5710,745,900,117,95
483,1206,1336,JK010001,3506,128,258,102,96
483,1222,1344,JK010001,3659,1011,1133,100,100
483,1026,1175,Shamela0009810,1415,682,832,113,92
483,1026,1175,Sham19Y0016976,1411,749,904,117,95
483,1026,1175,Sham19Y0122406,3429,1323,1478,117,95
483,1021,1152,Sham19Y0122406,3430,810,1261,82,22
483,1026,1175,ShamAY0034005,1264,93,249,113,92
483,1026,1175,Sham19Y0148271,1197,1219,1376,113,91
483,1026,1175,Sham19Y0018103,2364,346,502,117,94
483,980,1175,Sham19Y0018103,2599,452,644,138,89
483,998,1175,Sham19Y0018103,4035,896,1074,138,97
483,1026,1175,JK007065,164,849,1004,114,93
483,1039,1175,Sham19Y0014119,430,1,139,107,97
483,1026,1175,Sham19Y0017063,1100,1313,1468,117,95
483,998,1175,Shamela0035100,80,1013,1186,132,91
483,1026,1175,Sham19Y0013252,5906,682,838,117,94
483,1039,1158,Sham19Y0013252,6252,151,272,92,97
483,980,1175,Sham19Y0013252,6278,940,1132,138,89
483,998,1175,Sham19Y0013252,10145,1137,1315,138,97
483,998,1175,JK000842,365,182,366,139,95
483,1044,1175,Sham19Y0017616,362,1,134,103,97
483,1026,1166,Shamela0026441,17,323,469,109,95
483,1026,1175,Shamela0001727,1280,1263,1418,117,95
483,1222,1336,Shamela0010551,172,1328,1442,93,100
483,1026,1175,Rafed0003489,180,1050,1200,113,92
483,998,1187,JK009324,3379,165,362,142,89
483,1026,1175,JK000141,745,476,626,112,91
483,998,1175,Shamela0026662,36,1151,1331,134,95
483,1026,1175,Sham19Y0127677,1407,1283,1438,117,95
483,1026,1175,Sham19Y0017791,1514,573,728,117,95
483,994,1180,Shamela0026568,939,997,1190,139,92
483,1026,1175,JK009274,518,1178,1333,117,95
483,1222,1336,JK001001,226,104,218,93,100
483,1026,1175,JK009336,467,709,864,114,93
483,1206,1336,Tafsir07055,3642,1484,1614,102,96
483,1222,1344,Tafsir07055,3813,998,1120,100,100
483,1026,1175,JK009390,1297,395,551,117,94
483,1026,1175,JK001303,337,154,312,117,93
483,1026,1175,Sham19Y0020638,1023,819,974,117,95
483,1026,1175,Shamela0036446,1008,1385,1540,111,91
483,1026,1175,Sham19Y0013605,2939,114,270,117,94
483,980,1131,Sham19Y0013605,3191,539,687,108,90
483,998,1175,Sham19Y0013605,4821,572,1175,135,28
483,1026,1175,Sham19Y0018144,2301,716,866,113,92
483,1026,1175,Sham19Y0013614,658,902,1057,117,95
483,980,1175,JK000110,1049,919,1111,138,89
483,998,1175,JK000110,1837,1160,1339,139,98
483,998,1175,Shamela0096283,427,225,404,139,98
483,998,1175,Shamela0010906,265,207,380,132,91
483,1026,1175,Shamela0004445,1519,609,764,117,95
483,1026,1158,Shamela0004445,2888,62,298,99,54
483,1026,1175,Shamela0001438,2224,325,480,117,95
483,1026,1175,Shamela0029976,4,1301,1459,117,93
483,1026,1175,Sham19Y0016584,2628,484,640,117,94
483,1017,1175,Sham19Y0016584,2911,1,161,122,94
483,1069,1175,Sham19Y0016584,4568,1,109,83,97
483,1026,1180,JK007045,628,286,446,118,93
483,1026,1175,Kraken230110004547,87,229,474,114,59
483,1222,1336,JK006476,572,298,529,93,49
483,1222,1336,Shamela0010283,1476,1318,1432,93,100
483,1026,1175,Sham19Y0016684,1330,858,1014,117,94
483,1026,1175,Sham19Y0014309,547,400,555,117,95
483,1222,1336,Kraken220413030940,71,990,1104,93,100
483,998,1180,Shamela0023685,1086,1131,1374,136,71
483,1026,1175,Shamela0021659,650,746,901,117,95
483,1026,1180,Sham19Y0122257,2637,618,777,116,93
483,1066,1175,Shamela0005756,10118,1,113,85,96
483,980,1175,Shamela0005756,10753,1003,1195,138,89
483,980,1131,Shamela0005756,10755,1289,1437,108,90
483,998,1175,Shamela0005756,14902,425,603,138,97
484,1421,1609,Shamela0021751,7561,906,1154,123,62
485,77,329,Shia003721Vols,210,135,649,98,20
485,77,329,Sham19Y0145435,5009,731,1250,91,17
486,1259,1563,Shamela0002215BK1,123,42,422,236,75
486,1259,1563,Shamela0001717,2982,226,576,220,74
487,88,233,Shamela0005756,13879,1,153,103,83
491,1071,1604,Shamela0023788,144,237,619,128,26
491,1071,1604,JK010001,2748,762,948,96,22
491,1071,1589,JK000162,799,1359,1542,96,21
491,1071,1279,JK010629,138,732,1124,87,27
491,1066,1565,JK009266,5763,806,956,88,22
491,1071,1604,Tafsir07055,2867,945,1131,96,22
491,1066,1565,Tafsir02079,2552,201,344,88,23
491,1066,1560,Shamela0023591,4472,635,777,87,22
491,1066,1565,Shamela0001466,1587,934,1080,88,23
491,444,878,JK001019,315,354,643,167,41
492,669,1281,JK006478,3442,742,1163,57,7
492,669,1119,Shamela0011790,1163,142,289,102,28
493,251,459,JK000381,3657,157,329,125,74
496,968,1079,Shia002069Vols,747,535,646,83,96
498,858,1121,Sham19Y0017437,1250,1006,1272,150,67
498,818,1053,JK000264,1587,788,1060,156,72
498,804,1053,JK000165,2614,454,720,158,74
498,855,1053,JK000166,6714,1141,1359,145,83
498,858,1053,Shamela0021537,4783,683,898,143,83
499,832,1564,JK000213,342,181,886,482,77
499,857,1564,Shamela0012715,342,202,797,284,41
499,832,944,Shia001663Vols,438,1468,1580,90,100
499,944,1564,Shia001663Vols,439,1,582,419,82
499,832,997,Sham19Y0023644,5213,1359,1526,113,77
499,997,1564,Sham19Y0023644,5214,1,413,276,59
499,832,1564,Shamela0000736,5972,676,1395,487,75
499,1320,1564,Sham19Y0029560,684,465,707,166,79
499,762,1564,ShamIbadiyya0000433,553,498,1327,556,78
499,832,1197,ShamIbadiyya0000433,761,1090,1458,253,77
499,1203,1564,ShamIbadiyya0000433,762,1,363,278,94
499,832,1564,Sham19Y0020762,2269,258,806,356,57
499,832,1349,Shamela0009091,497,867,1453,337,67
499,1349,1564,Shamela0009091,498,1,212,142,75
499,832,1492,Shamela0010013,379,966,1542,401,72
499,832,1101,Shamela0003722,7509,1171,1424,179,76
499,1105,1564,Shamela0003722,7510,9,438,305,80
499,1025,1313,Zaydiyya0000161,187,101,402,148,53
499,832,1564,Shamela0012406,2729,486,1144,426,65
499,1005,1313,Shia004014Vols,170,1222,1537,158,54
499,857,1308,Shia003764Vols,791,813,1212,191,43
499,832,1163,Shamela0001000,1704,1136,1474,228,75
499,1163,1564,Shamela0001000,1705,1,427,310,90
499,1037,1564,Shamela0006624,267,1,393,220,48
499,832,1564,JK001233,116,518,1298,475,69
499,837,1121,Shamela0003118,7376,1208,1484,188,73
499,1150,1558,Shamela0003118,7377,17,410,281,83
499,854,1564,JK007011,218,640,1416,413,58
499,846,1473,JK000134,3768,383,657,198,38
499,879,1564,Shamela0037325,962,1,657,451,76
499,832,1320,Zaydiyya0000454,256,506,961,331,81
499,1037,1496,Shamela0011786,32,1185,1533,189,46
499,832,1564,JK000916,25237,594,1308,481,74
499,837,1535,Sham19Y0149213,2048,104,714,402,67
499,854,1564,Hindawi017160604,387,1,744,517,82
499,832,1146,Rafed0000040Vols,1706,1224,1519,211,81
499,1101,1564,Rafed0000040Vols,1707,1,473,331,83
500,1,619,JK000213,342,886,1513,469,90
500,1,669,Shamela0012715,342,797,1332,407,74
500,1,824,Shia001663Vols,439,582,1388,570,81
500,1,465,JK000159,1501,1109,1502,274,68
500,1,802,Sham19Y0023644,5214,413,1170,553,83
500,223,802,Shamela0000736,5973,1,578,414,87
500,1,669,Sham19Y0029560,684,707,1410,494,83
500,170,669,ShamIbadiyya0000433,554,1,493,384,94
500,1,669,ShamIbadiyya0000433,762,363,1051,482,82
500,1,526,JK009248,2168,1145,1523,270,60
500,1,669,Sham19Y0020762,2269,806,1452,475,83
500,1,802,Shamela0009091,498,212,1061,573,80
500,124,802,Shamela0010013,380,94,716,457,83
500,1,802,Shamela0003722,7510,438,1211,568,86
500,1,383,Shamela0012406,2729,1144,1525,285,89
500,386,802,Shamela0012406,2730,5,451,282,76
500,1,669,JK000179,1934,12,551,371,66
500,1,669,JK000179,2477,390,937,379,67
500,1,802,Shamela0001000,1705,427,1286,592,83
500,27,669,Shamela0006624,267,373,951,410,75
500,254,807,JK001233,117,1,611,406,82
500,1,802,Shamela0003118,7377,422,1193,565,85
500,173,669,JK007011,219,1,507,374,87
500,1,669,Shamela0037325,962,657,1322,499,89
500,333,818,Sham19Y0145435,6272,650,1162,329,77
500,27,669,Shamela0011786,33,46,632,412,75
500,212,802,JK000916,25238,1,589,421,87
500,27,802,Sham19Y0149213,2048,701,1372,480,75
500,1,669,Hindawi017160604,387,744,1396,511,93
500,1,321,Rafed0000040Vols,1707,473,763,232,89
501,1381,1603,Sham19Y0026523,232,1,222,174,94
502,820,966,Hindawi070706142,48,113,259,120,100
502,150,363,Sham19Y0026523,232,276,416,117,65
506,1156,1639,Shamela0000107,635,886,1384,131,22
506,1094,1579,Shamela0021537,5615,56,410,164,36
506,1094,1579,Shamela0021537,6303,227,578,154,34
506,1094,1579,JK008250Vols,746,60,386,140,27
507,521,1036,JK000166,7778,1201,1430,107,24
508,1352,1582,ShamAY0034457,27,757,1059,131,54
509,5,393,Rafed0002679Vols,220,505,697,96,28
509,5,393,Sham19Y0147062,2327,1252,1509,84,19
510,466,986,Tafsir02102,2112,591,1055,334,76
510,494,968,Shamela0021715,2334,1046,1505,343,87
510,850,986,Shamela0021715,2336,59,267,109,65
510,629,954,Shamela0021715,7085,269,808,232,51
510,497,986,Kraken230106005528,129,264,766,336,79
510,693,986,Sham19Y0133357,698,1,267,202,84
510,494,725,Shamela0007798,4607,65,300,145,70
510,516,986,Sham19Y0018176,596,1,467,346,86
510,494,986,Sham19Y0018106,1097,550,1034,358,86
510,796,986,ShamAY0035884,1441,1,189,135,84
510,494,986,Shia003461Vols,585,427,914,327,77
510,494,926,JK009268,2247,1229,1581,232,66
510,494,986,ShamAY0034005,902,97,552,320,77
510,494,986,Sham19Y0018103,1167,428,905,358,87
510,477,730,JK007065,141,1188,1451,160,69
510,730,986,JK007065,142,1,231,180,85
510,494,986,Sham19Y0013252,2520,158,635,358,87
510,477,986,Sham19Y0013572,320,527,996,338,79
510,494,986,Shamela0001875,650,516,981,349,85
510,497,986,JK009324,988,317,766,327,80
510,497,1152,JK009336,319,735,1419,377,60
510,473,986,JK000917,792,433,939,348,77
510,673,986,Sham19Y0020638,1391,15,288,216,85
510,497,1159,Shamela0036446,924,881,1405,339,56
510,473,1105,Shamela0000432,5875,244,820,366,70
510,494,974,JK000585,3036,256,681,211,49
510,459,954,Shamela0012031,229,732,1116,255,62
510,538,986,Sham19Y0013605,1637,983,1420,328,87
510,494,986,JK000110,339,608,1086,359,87
510,494,986,Shamela0023628,1600,95,557,323,76
510,473,986,Tafsir01005,2655,870,1332,346,80
510,673,986,Shamela0023578,1404,1,298,222,87
510,516,986,Shamela0003118,7710,771,1180,286,73
510,477,768,Sham19Y0018272,1486,1043,1369,194,67
510,529,986,Sham19Y0016584,1244,944,1415,314,74
510,586,986,Sham19Y0016584,1245,6,736,200,34
510,469,789,Sham19Y0145435,5587,1158,1463,215,79
510,796,986,Sham19Y0145435,5588,1,191,152,99
510,477,899,Zaydiyya0000142,2810,1169,1473,211,60
510,477,1159,Sham19Y0150960,1330,399,985,384,62
510,494,986,Kraken230110004547,48,563,1036,335,80
510,477,986,Shamela0021809,3080,711,1224,321,68
510,512,986,Shamela0011314,166,831,1284,323,80
510,477,986,Shamela0010283,4228,464,995,371,82
510,494,986,Sham19Y0016684,520,13,498,359,86
510,516,873,JK000916,25990,1215,1519,206,69
510,497,869,Sham19Y0014309,380,1179,1563,264,81
510,494,796,ShamIbadiyya0000220,102,1212,1514,208,77
510,796,1020,ShamIbadiyya0000220,103,1,232,161,87
510,494,835,ShamAY0035035,1880,1032,1380,173,49
510,258,741,Shamela0037837,341,946,1427,210,41
510,749,993,Shamela0037837,342,1,238,178,85
510,494,986,Shamela0005756,5326,1031,1524,359,85
510,258,986,Sham19Y0014592,1841,619,1511,517,68
510,613,986,Kraken220727035853,1810,375,751,235,70
511,308,693,JK000906,3845,650,1362,215,35
514,147,334,Shamela0036543,326,1194,1386,138,90
514,90,331,JK000166,8204,1195,1417,144,68
514,147,334,ShamAY0036050,12,115,299,138,94
521,380,738,JK006950,1285,218,496,174,59
521,429,738,JK000677,3,4,305,228,93
521,615,744,Sham19Y0001729,855,1,128,94,91
521,395,620,Sham19Y0146127,590,1251,1471,152,85
521,380,738,JK000154,621,569,952,253,80
521,395,738,ShamAY0033975,832,256,593,246,90
521,395,738,JK009152,490,874,1131,179,64
521,395,738,JK009141,382,63,316,180,67
521,395,744,JK000475,191,164,471,222,80
521,395,738,Zaydiyya0000229,180,131,493,243,83
521,413,738,Shamela0007597,126,1139,1365,160,63
521,413,738,Shamela0004473,10638,763,1106,229,82
521,417,738,JK007044,1427,184,521,162,52
521,395,738,Sham19Y0127713,353,331,632,212,78
521,395,738,JK000147,3481,19,322,224,82
521,395,738,Shamela0025794,2965,99,440,220,74
521,398,738,JK000271,86,237,507,184,67
521,385,738,Sham19Y0017729,56,282,613,242,87
521,395,738,JK000707,94,68,403,244,89
521,395,744,ShamAY0033910,175,965,1272,222,80
521,395,696,Sham19Y0145212,942,1188,1481,213,88
521,429,738,Shamela0003722,6609,17,307,220,89
521,398,738,Zaydiyya0000049,106,9,347,228,80
521,380,738,JK000381,6979,1,279,174,59
521,398,738,Shamela0012399,536,923,1275,262,95
521,509,722,Shamela0012399,538,15,572,153,35
521,395,744,JK009336,1436,904,1282,233,76
521,395,800,Shamela0009804,163,1088,1444,224,70
521,395,738,JK000474,3948,676,1007,217,73
521,395,738,JK000467,290,229,569,214,73
521,395,738,JK000484,1133,768,1095,213,75
521,395,744,JK000130,177,64,371,222,80
521,395,722,Zaydiyya0000352,191,397,743,233,83
521,398,744,JK000585,798,9,349,245,89
521,395,738,JK009408,1895,671,1006,245,89
521,395,744,Shamela0002863,487,350,688,238,84
521,395,705,Shamela0013033,2,1104,1412,221,88
521,380,738,JK000201,560,660,1032,248,79
521,395,744,JK000481,213,162,511,211,70
521,395,738,Shamela0028107,283,253,597,247,89
521,395,744,Shamela0023700,2086,616,965,228,78
521,395,738,JK009138,224,980,1234,181,66
521,395,738,Shamela0021479,101,611,943,238,87
521,395,738,Sham19Y0014462,30,499,836,246,90
521,395,738,ShamAY0035950,292,852,1187,238,85
521,395,738,JK000477,329,736,1075,243,87
521,395,738,Sham19Y0006684,438,55,404,255,93
521,395,701,JK007045,172,1139,1437,217,88
521,522,738,JK000754,479,1,506,156,40
521,395,738,Sham19Y0016599,982,1056,1392,245,90
521,395,738,Shamela0021809,2347,84,439,237,80
521,429,738,ShamIbadiyya0000155,35,572,940,214,71
521,395,738,Shamela0026865,74,870,1197,214,75
521,395,738,Sham19Y0131336,568,394,724,238,86
521,380,738,Sham19Y0017903,143,203,540,251,88
521,475,738,JK000222,144,870,1073,121,60
521,395,738,Sham19Y0122257,771,1109,1478,240,80
521,395,738,Shamela0012534,64,937,1260,212,74
522,648,854,JK000677,41,419,576,109,67
522,648,854,Shamela0013033,37,121,280,109,66
522,945,1122,Sham19Y0006684,443,271,492,133,70
522,547,964,JK007045,158,306,728,185,49
524,59,547,JK008001,2705,1027,1334,148,36
524,433,547,JK000166,1155,905,1021,89,95
524,430,547,JK000754,327,174,293,91,95
525,206,373,Sham19Y0017616,67,210,477,90,43
525,239,481,Shia002264,666,320,752,117,32
528,743,938,Shamela0004473,16091,1408,1704,126,49
528,743,938,JK000279,270,1336,1630,126,49
528,743,1006,Shamela0000432,4334,1096,1444,166,54
531,728,979,Shamela0001002,792,82,347,189,87
532,479,761,Shamela0006947,9696,521,1138,162,31
532,547,761,JK000124,1135,514,727,139,73
532,566,860,JK007140,9716,1,241,109,48
532,547,761,Shamela0001687,6976,957,1191,139,67
532,547,761,Sham19Y0013631,1647,268,473,132,69
533,97,258,Shamela0022881,84,1020,1215,119,76
533,97,241,Shamela0010283,1378,1375,1551,103,73
534,529,907,Shamela0001002,459,349,982,217,41
540,242,442,JK000855,341,1,199,146,85
540,538,707,JK000855,346,79,258,133,92
540,222,442,Shamela0012403,358,425,646,173,95
540,538,799,Shamela0012403,363,520,783,205,96
540,538,733,Shamela0010013,270,851,1047,156,98
540,222,442,JK000094,813,1287,1507,173,95
540,538,782,JK000094,818,1257,1505,196,98
549,495,1555,Shamela0001002,2010,532,1623,766,82
550,644,1023,Sham19Y0146127,2491,970,1175,149,48
550,644,1023,JK000299,1922,121,370,179,60
550,644,1023,Shamela0021744,2235,376,625,179,60
554,140,783,Zaydiyya0000149,130,781,1105,130,22
558,1259,1467,Shamela0001002,128,952,1161,166,99
558,1264,1467,Hindawi059616186Vols,64,1198,1418,162,91
558,1253,1467,Hindawi020790318Vols,140,338,554,170,98
565,967,1123,Sham19Y0147312,1589,405,561,123,100
565,967,1123,Meshkat0014420,3668,435,591,123,100
566,813,956,Tafsir09085,221,829,975,110,94
566,813,952,Sham19Y0122406,2319,1104,1243,110,98
566,826,952,Shamela0025794,1540,1029,1154,99,97
566,813,952,Shamela0025794,1554,76,215,109,97
566,813,952,Tafsir09083,168,315,457,110,96
566,756,952,JK001429,58,1240,1429,124,78
566,756,952,Shamela0001875,643,1050,1226,124,78
566,813,952,Shamela0001727,872,595,734,110,98
566,813,952,Sham19Y0020638,685,120,262,110,96
566,813,952,JK006897,222,738,877,110,98
568,853,1097,Shamela0001002,461,594,940,130,46
568,858,1097,JK003609,1785,554,885,126,47
568,943,1097,Shamela0007328,96,430,572,98,78
568,844,1110,Shamela0009788,1981,760,1115,136,48
570,1105,1267,Rafed0002341Vols,1406,1053,1272,128,73
570,1105,1267,Hindawi042414252,46,969,1188,127,72
571,31,172,Shamela0011056BK2,5,986,1514,101,24
571,94,260,ShamAY0034637,97,5,286,119,53
571,21,156,JK001021,55,92,234,88,78
571,31,243,Sham19Y0023644,6327,529,962,155,44
571,31,139,Shia001544Vols,892,1248,1357,78,90
571,16,139,Shamela0010018,357,569,695,80,80
571,31,243,Shamela0004473,882,691,1235,157,35
571,31,243,Shamela0001043,290,86,410,159,61
571,31,139,Shamela0000728,156,14,290,76,34
571,31,139,JK001412,476,123,400,75,34
571,31,139,Shamela0006947,12844,939,1211,76,35
571,94,281,Shamela0012398,693,210,513,128,53
571,31,243,Shamela0030665,72,29,351,159,61
571,31,156,Shamela0007830,102,631,758,86,85
571,31,243,JK011658,61,417,959,161,36
571,31,243,Sham19Y0038155,35,321,815,163,40
571,94,243,JK007054,422,55,315,114,54
571,31,243,JK010743,63,843,1224,140,42
571,94,243,JK000761,199,40,300,114,54
571,31,156,Shamela0005351,42,1316,1450,86,81
571,31,243,JK003609,5397,114,658,156,35
571,31,194,Shia000814VolsBK1,30,525,647,89,68
571,31,156,Shamela0023741,60,931,1058,86,85
571,31,243,Shamela0012406,3509,7,440,161,46
571,31,156,Shamela0007473,21,1084,1268,84,58
571,21,143,JK009320,98,1352,1477,82,84
571,31,243,Shia001402,49,83,620,156,36
571,31,178,ShamAY0001760,60,1023,1502,107,28
571,31,156,Shamela0027084,228,203,551,84,30
571,31,139,Hindawi082959503,84,1307,1528,74,42
571,31,243,Sham19Y0026523,111,601,1147,161,36
571,31,243,Shamela0026731,37,366,688,159,61
571,31,243,Shamela0095735,35,689,1124,161,45
571,31,243,Shamela0004445,5417,679,1112,161,46
571,52,260,ShamAY0037746,64,1,255,113,53
571,94,243,Shamela0010016,35,94,355,117,55
571,31,243,JK009226,72,623,1055,158,45
571,31,237,Kraken21042921,231,952,1270,140,55
571,31,243,Shamela0036075,132,215,696,137,33
571,31,243,JK009245,44,719,1155,158,45
571,31,139,Zaydiyya0000018,86,898,1008,74,85
571,31,188,ShamAY0034646,62,1352,1568,85,49
571,16,194,Shia003636Vols,15076,579,752,123,84
571,31,194,Sham19Y0016728,42,687,1177,120,30
571,21,139,Shamela0010283,512,1019,1139,82,86
571,31,243,JK009296,708,796,1286,161,40
571,31,260,Shamela0006739,773,454,1001,161,35
571,31,256,Masaha004568Vols,72,969,1248,151,67
571,31,156,Shamela0011790,2391,1327,1508,82,58
571,31,139,Shamela0005683,47,785,895,78,89
571,31,139,ShamAY0033598,97,1161,1437,78,35
571,94,281,Sham19Y0014592,763,85,390,120,48
571,31,243,Sham19Y0014592,2517,304,628,156,60
571,31,243,Shamela0009788,1276,481,1026,156,35
577,1162,1320,Shamela0007798,4748,1304,1463,130,98
577,1162,1313,JK000116,129,71,222,125,100
577,1144,1313,Shamela0002386,106,1024,1194,128,91
577,1162,1320,Shamela0000432,4981,1362,1520,131,100
581,746,958,Tafsir09084,784,922,1125,158,92
582,1397,1532,Hindawi025273163,115,848,984,106,98
583,737,890,Shamela0006947,16470,1,155,122,98
583,630,890,Shamela0006947,16651,218,479,209,99
583,639,770,Hindawi025273163,176,1227,1352,98,93
583,630,890,Hindawi025273163,190,602,862,208,98
584,1239,1457,Sham19Y0146127,423,47,244,151,88
584,767,1062,JK000786,218,671,874,119,52
584,1239,1457,JK000022,3321,836,1052,157,90
584,767,863,Sham19Y0020881,1149,1018,1114,74,98
584,767,863,Sham19Y0020944,154,800,896,74,98
584,1239,1457,Shamela0026370,19,295,526,167,92
584,1225,1470,Shamela0012399,348,1119,1390,175,82
584,1239,1457,JK000484,775,517,755,161,84
584,1239,1457,JK000484,808,750,969,162,90
584,1239,1457,JK000585,1764,1094,1314,166,93
584,1235,1457,JK001503,359,715,949,172,93
584,767,960,JK000142,166,773,1079,127,50
584,1310,1457,Shamela0121376,347,1374,1516,111,95
584,1239,1457,Shamela0021479,41,363,595,167,89
584,1239,1457,Sham19Y0014462,62,889,1131,171,90
584,767,863,Sham19Y0131521,1041,1089,1185,74,98
584,1239,1457,ShamAY0033633,33,637,869,160,86
584,767,1084,Shamela0008540,939,513,750,104,41
584,767,863,Shamela0008540,968,1012,1108,74,98
584,1222,1457,Sham19Y0006684,265,65,319,176,88
584,1295,1457,Shamela0026365,22,1,158,125,96
584,1217,1461,Shamela0021473,10,450,717,165,75
584,767,1120,JK000227,72,998,1466,251,68
584,605,750,JK000227,72,1,166,99,74
584,1254,1457,JK000222,135,440,652,156,91
585,1251,1482,Sham19Y0122406,607,496,732,173,84
585,352,1099,JK000913,1407,670,1457,262,30
585,371,957,JK000227,72,1002,1391,166,33
586,675,926,Sham19Y0146127,450,1121,1419,146,52
586,658,906,JK007083,52,785,1130,158,54
586,730,926,Shamela0012293,3149,1,201,112,69
586,646,906,Sham19Y0020944,201,270,688,174,51
586,708,906,JK000382,883,15,283,136,61
586,675,906,Sham19Y0127700,98,361,814,157,42
586,319,926,JK000094,713,754,1184,208,34
586,658,906,Shamela0006366,434,992,1352,168,57
586,675,926,ShamAY0034282,515,797,1163,175,59
586,621,926,JK009137,916,1038,1293,143,52
586,730,926,JK009336,1319,1,214,111,65
586,650,926,JK000484,862,165,708,185,40
586,650,906,JK000142,218,535,933,172,53
586,658,926,JK009138,191,888,1366,158,37
586,658,906,Sham19Y0014325,706,963,1297,143,47
586,650,906,Sham19Y0131521,1344,559,965,172,52
586,650,906,Sham19Y0016599,1231,124,486,159,52
586,650,926,Sham19Y0131336,476,602,1142,181,40
586,658,906,JK009313,3324,375,839,184,50
587,1331,1476,JK000094,714,21,263,110,56
587,1326,1469,JK000484,1068,1050,1289,105,54
587,1362,1469,Shamela0002863,474,125,424,78,33
587,1331,1469,JK009138,192,114,332,91,47
587,1331,1469,Sham19Y0131336,479,607,830,108,58
589,366,742,Shamela0021715,10206,380,741,215,73
589,202,809,Tafsir07057,3715,614,1480,319,39
589,479,742,Zaydiyya0000220,230,456,701,181,87
589,479,672,Shia001663Vols,255,116,291,133,88
589,366,731,Shamela0000894,230,888,1237,212,74
589,194,454,Sham19Y0039268,43,1131,1380,129,62
589,366,742,Sham19Y0039268,254,1052,1401,212,71
589,479,742,JK009152,1642,906,1149,179,86
589,202,731,Tafsir09084,1671,566,1401,311,42
589,366,694,Sham19Y0018176,2390,1183,1496,185,72
589,471,742,Masaha001946Vols,800,417,673,193,90
589,479,690,Zaydiyya0000153,239,962,1204,154,78
589,366,742,Sham19Y0018106,3958,61,422,215,73
589,479,731,Rafed0001826,237,25,257,179,89
589,479,758,JK010001,2451,1194,1458,189,84
589,189,454,Shamela0010835,264,578,892,122,35
589,366,742,Sham19Y0018103,3922,832,1193,215,73
589,366,742,Sham19Y0013252,9792,367,728,215,73
589,366,742,JK000365,1297,126,488,218,74
589,366,758,JK000842,398,754,1100,183,58
589,479,742,Shia001555Vols,490,39,301,197,95
589,189,454,Shia002069Vols,746,939,1231,117,36
589,366,742,JK009324,2916,389,750,215,73
589,471,731,JK000165,3049,1227,1487,191,88
589,325,731,Hindawi080948138,11,264,649,201,52
589,471,731,JK009137,2567,228,459,175,85
589,366,758,Tafsir07055,2562,1042,1424,224,72
589,366,742,Sham19Y0020638,1089,483,844,215,73
589,366,742,Sham19Y0013605,4692,1,362,215,73
589,189,454,JK007043,41,1208,1473,120,39
589,366,742,JK000110,1779,688,1049,215,73
589,471,809,JK009229,1039,866,1285,220,65
589,189,644,Shamela0001466,482,955,1566,211,34
589,471,731,Shamela0006610,862,1243,1490,191,91
589,366,731,Shamela0008381,5222,62,413,212,70
589,366,742,Sham19Y0016584,4432,998,1359,215,73
589,366,731,Zaydiyya0000142,2075,224,578,215,74
589,366,742,Shia004456Vols,719,96,462,217,74
589,537,742,Kraken230110004547,154,1,213,149,89
589,366,742,JK009313,4867,894,1255,215,73
589,366,742,Sham19Y0016684,1923,421,782,215,73
589,479,742,Shamela0005756,14608,421,664,180,87
590,738,918,JK000132,720,309,506,127,76
590,753,924,Shamela0021715,6121,77,695,121,24
590,738,918,JK000475,589,204,405,130,78
590,738,918,JK000475,2382,1094,1295,130,78
590,738,929,Shamela0012981,1364,209,415,132,77
590,738,918,Sham19Y0020944,524,785,968,125,80
590,738,924,Shamela0004473,8138,415,864,127,34
590,710,924,Sham19Y0122406,1554,970,1198,140,70
590,738,918,Shamela0009376,19,980,1175,125,75
590,710,924,Shamela0001727,588,202,430,140,70
590,710,924,Sham19Y0095660,1864,1118,1351,146,73
590,710,932,Sham19Y0020638,464,607,843,146,71
590,738,918,Tafsir02100,75,439,640,130,78
590,738,918,JK000585,1375,1055,1238,125,80
590,738,959,JK000142,541,719,950,137,69
590,738,924,Sham19Y0014325,2046,238,434,127,76
590,710,918,JK009362,954,1051,1231,105,53
590,738,918,Sham19Y0131521,3307,753,937,127,81
590,809,959,Sham19Y0014601,3723,1325,1493,93,68
590,738,959,Sham19Y0020591,885,390,994,137,27
591,390,609,Sham19Y0014827,163,1251,1493,131,64
591,611,813,Sham19Y0014827,164,1,240,147,77
591,390,790,Sham19Y0014827,343,690,1149,272,72
591,390,790,Sham19Y0014827,519,663,1122,272,72
591,361,790,Sham19Y0018103,235,9,587,285,62
591,477,790,Sham19Y0018103,501,82,471,244,78
591,361,813,Sham19Y0018103,1004,656,1270,304,62
591,477,790,Sham19Y0018103,1266,102,491,244,78
591,361,790,Sham19Y0018103,1518,807,1385,285,62
591,361,813,Sham19Y0018103,1755,756,1368,304,62
591,503,790,Sham19Y0018103,2014,1,364,222,77
591,361,790,Sham19Y0018103,2270,717,1295,285,62
591,361,714,Sham19Y0018103,2528,1059,1529,226,61
591,379,790,Sham19Y0018103,2796,1,564,277,62
591,361,790,Sham19Y0018103,3053,217,799,285,62
591,361,790,Sham19Y0018103,3295,451,1033,285,62
591,477,790,Sham19Y0018103,3531,80,469,244,78
591,361,893,Sham19Y0018103,3778,625,1393,313,50
591,361,813,Sham19Y0018103,4042,760,1376,304,62
591,477,790,Sham19Y0014592,224,79,428,248,88
591,361,790,Sham19Y0014592,478,219,759,303,68
591,477,790,Sham19Y0014592,752,1,350,248,88
591,519,790,Sham19Y0014592,1026,1,308,214,87
591,399,813,Sham19Y0014592,1310,5,538,284,65
591,361,609,Sham19Y0014592,1575,1272,1595,161,59
591,611,794,Sham19Y0014592,1576,1,220,141,81
591,361,790,Sham19Y0014592,1840,1022,1562,301,68
591,361,790,Sham19Y0014592,2110,235,775,301,68
591,361,693,Sham19Y0014592,2359,1127,1534,226,67
591,361,790,Sham19Y0014592,2607,334,878,301,67
591,361,790,Sham19Y0014592,2856,482,1026,302,68
595,191,329,JK000791,771,1227,1584,106,36
595,992,1195,Tafsir02102,1855,1048,1192,117,70
595,91,329,Rafed0003257Vols,2436,415,882,124,33
595,1,410,Rafed0003257Vols,2882,830,1034,93,28
595,191,329,Sham19Y0023608,1374,368,725,106,36
595,1,410,Tafsir09068,578,203,714,97,17
595,1,410,Zaydiyya0000062,805,1143,1347,93,28
595,191,304,Shamela0021821,626,1159,1491,86,31
595,195,329,Shia003721Vols,81,1,355,103,35
595,1200,1512,Shia003721Vols,88,1312,1443,102,40
595,191,329,Meshkat0014420,1755,727,1083,105,36
595,233,751,Zaydiyya0000476,316,889,1437,222,41
595,589,1232,JK010001,565,49,257,160,31
595,992,1195,JK010001,3033,1,145,117,70
595,191,329,Shamela0010273,877,1010,1367,106,36
595,191,329,Rafed0001713Vols,853,235,592,106,36
595,191,329,JK009268,1997,876,1233,106,36
595,1,410,Shamela0023632,1800,127,331,93,28
595,992,1195,Shamela0023632,3565,89,233,117,70
595,1,410,Shia002356Vols,529,83,287,93,28
595,992,1195,JK001496,2383,1361,1505,117,70
595,169,385,Tafsir04056,2994,303,859,98,22
595,992,1188,Tafsir04056,7179,92,594,119,28
595,589,1232,Tafsir07055,604,394,600,160,31
595,959,1195,Tafsir07055,3157,496,674,131,66
595,1025,1188,JK001420,768,1078,1340,94,44
595,1,410,JK009270,2240,1010,1214,93,28
595,191,329,JK007018,219,1086,1445,106,36
595,191,329,QuranAnalysis001,69,6,363,106,36
595,191,329,Shamela0023628,1331,648,1161,111,26
595,1,410,Shamela0023628,1861,925,1129,93,28
595,1,410,Shamela0037458,1838,632,836,93,28
595,191,329,Shamela0023591,3196,769,1126,106,36
595,992,1195,Rafed0003943Vols,1586,351,495,117,70
595,1,410,Shamela0023578,1558,114,318,93,28
595,191,329,Shamela0004445,171,333,690,106,36
595,1,410,Shamela0004445,172,1,205,93,28
595,1200,1512,Shamela0004445,177,1109,1248,110,42
595,992,1195,Sham19Y0020891,6490,259,403,117,70
595,1001,1195,Zaydiyya0000473,86,279,414,110,69
595,191,747,Shamela0010283,2362,547,1330,225,27
595,191,329,JK000385,133,957,1314,106,36
595,992,1195,Tafsir07076,9324,265,409,117,70
595,992,1195,Shamela0008473,1964,1123,1267,117,70
595,1001,1195,Shamela0008473,5079,1313,1448,107,68
595,992,1195,Shamela0005756,9640,900,1044,117,70
595,589,751,Sham19Y0014592,1538,1292,1455,128,99
596,269,428,Sham19Y0146127,707,628,787,105,77
596,241,400,Shamela0021715,5356,502,645,114,89
596,290,428,Shia001663Vols,27,810,970,90,61
596,241,400,Shamela0000894,4704,953,1103,120,94
596,283,428,JK009152,2403,1,284,111,47
596,241,428,JK000435,121,309,469,118,78
596,241,1045,Shamela0007798,4129,236,708,230,33
596,241,400,Sham19Y0018176,1230,938,1088,120,94
596,110,412,Sham19Y0127656,393,497,984,210,53
596,241,428,JK000386,1093,588,821,128,67
596,241,400,Sham19Y0018106,2346,32,182,120,94
596,769,1032,Zaydiyya0000062,555,651,969,146,57
596,928,1345,Shia003721Vols,99,12,638,162,23
596,783,1032,Meshkat0014420,1760,419,729,147,60
596,228,406,JK000055,359,289,462,126,89
596,107,374,Shamela0000041,947,458,1029,162,35
596,228,400,JK010001,804,150,288,102,74
596,177,852,Shamela0004473,11311,800,1528,179,22
596,789,1040,JK006478,4029,1257,1573,149,58
596,219,428,Sham19Y0127713,1684,336,577,152,76
596,241,400,Sham19Y0018103,2243,547,690,114,89
596,241,400,Sham19Y0013252,5678,11,154,114,89
596,121,400,Sham19Y0013252,5680,1033,1371,167,55
596,250,428,Shamela0013174,187,122,302,116,75
596,121,433,Sham19Y0127677,4877,60,404,133,38
596,214,386,Sham19Y0150639,322,73,244,114,77
596,241,428,Sham19Y0035453,56,1,166,104,62
596,121,400,Tafsir07055,863,737,1081,154,51
596,783,1032,Hindawi083863050,33,617,928,147,59
596,250,433,JK000484,1361,534,719,117,74
596,789,1032,JK009270,1637,728,1032,142,59
596,241,400,Sham19Y0013605,2816,171,314,114,89
596,241,400,JK000110,855,258,401,114,89
596,107,400,Shamela0096283,265,629,1032,213,65
596,789,1032,Shamela0023578,1227,419,730,142,57
596,821,1376,Shamela0004445,187,623,1478,215,25
596,1146,1574,Shamela0004445,188,73,434,152,32
596,107,428,Shamela0001438,6995,603,971,148,49
596,241,400,Sham19Y0016584,2498,1002,1145,114,89
596,107,371,Sham19Y0145435,4930,782,1123,130,46
596,121,400,JK009313,3065,73,334,146,55
596,107,400,Sham19Y0016684,1275,699,1372,180,30
596,236,400,Shamela0005756,9739,633,781,114,87
596,107,428,Sham19Y0014592,1560,1,602,217,44
597,1050,1387,Shia001432Vols,3493,1260,1506,181,66
597,1,164,Shia001432Vols,3494,342,473,99,76
597,760,961,Shia001432Vols,3514,1120,1376,100,40
597,1050,1214,Shia001432Vols,22744,1233,1397,133,100
597,1050,1214,JK000791,774,255,419,133,100
597,1,164,JK000791,1049,1012,1144,104,79
597,692,961,Tafsir02102,1871,72,346,205,91
597,1044,1222,Tafsir02102,3147,139,317,145,100
597,1,204,Tafsir07057,2673,366,854,129,32
597,1039,1214,Tafsir07057,3914,450,625,142,100
597,692,937,JK009249,34,1263,1464,154,77
597,1050,1214,Rafed0003257Vols,2440,1409,1573,133,100
597,1,164,Rafed0003257Vols,2884,1449,1581,104,79
597,1039,1222,Rafed0003257Vols,4026,1317,1500,149,100
597,1050,1387,Sham19Y0023608,1378,144,390,181,66
597,692,961,Sham19Y0023608,1381,950,1213,209,97
597,1,164,Sham19Y0023608,1895,499,631,104,79
597,705,961,JK000435,120,979,1239,182,83
597,1054,1222,Tafsir09084,1988,1162,1321,120,86
597,687,882,Shamela0021766,1609,1145,1511,104,34
597,764,961,Shamela0021766,2037,1298,1562,146,68
597,734,961,Shamela0007798,4128,10,236,169,89
597,1039,1222,Shamela0007798,4130,306,489,149,100
597,1,164,Sham19Y0014404,648,560,920,106,37
597,1050,1387,Sham19Y0147312,764,705,950,182,66
597,1,164,Sham19Y0147312,984,681,1056,105,35
597,692,994,Tafsir09068,416,494,798,218,84
597,1,164,Tafsir09068,579,427,761,107,40
597,1039,1214,Tafsir02091,832,168,684,137,32
597,1050,1387,Zaydiyya0000062,558,81,326,182,66
597,1,164,Zaydiyya0000062,808,199,330,104,80
597,1050,1387,Shamela0021821,628,476,722,181,66
597,705,961,Shamela0021821,629,1230,1444,157,75
597,1,164,Shamela0021821,834,836,968,104,79
597,1050,1387,Shia003721Vols,96,455,701,181,66
597,1,164,Shia003721Vols,99,1217,1348,103,79
597,705,961,Shia003721Vols,105,56,330,201,91
597,1050,1387,Meshkat0014420,1760,729,974,182,66
597,1075,1371,Meshkat0014420,1763,1163,1589,148,37
597,61,164,Meshkat0014420,2372,1331,1434,82,100
597,1050,1222,JK000328,18,782,954,140,100
597,705,965,Shamela0026484,293,100,469,147,44
597,764,961,JK008001,1003,1184,1349,124,75
597,687,961,Shamela0000041,947,811,1271,146,36
597,1044,1214,Kraken220413194022,3057,786,961,130,87
597,1039,1222,JK010001,2761,1125,1307,149,99
597,1036,1222,Shamela0004473,11112,251,435,145,96
597,1,164,Shamela0004473,11590,211,343,104,79
597,1050,1387,Sham19Y0023618,649,248,494,181,66
597,1,164,Sham19Y0023618,847,699,831,104,79
597,1050,1387,Shamela0010273,881,823,1069,181,66
597,1050,1214,Shamela0010273,882,918,1279,131,44
597,1,164,Shamela0010273,1215,154,286,104,79
597,1032,1214,Shamela0010273,2223,785,984,143,89
597,1050,1387,Rafed0001713Vols,857,594,840,181,66
597,1,164,Rafed0001713Vols,1136,1247,1379,104,79
597,1,168,JK006478,4941,1091,1442,110,39
597,1050,1387,JK009268,2008,1065,1311,181,66
597,1,164,JK009268,2482,1239,1371,104,79
597,1050,1387,Shia003749,106,1234,1480,181,66
597,705,961,JK000447,266,815,1015,137,63
597,705,961,Sham19Y0148271,307,1,236,164,73
597,1050,1214,Shamela0023632,1350,1082,1246,133,100
597,1050,1395,Tafsir02094,2833,1080,1560,196,44
597,705,961,Shamela0025794,2514,1170,1427,194,92
597,1036,1222,JK000365,2138,1338,1527,145,93
597,1169,1387,Tafsir09083,471,350,652,95,39
597,1050,1387,Shia002356Vols,384,45,286,177,65
597,1,164,Shia002356Vols,531,79,209,103,79
597,1,164,JK001496,952,114,246,103,79
597,795,961,Sham19Y0127677,2362,1,129,100,73
597,705,865,Sham19Y0023625,1431,1320,1499,125,88
597,687,961,JK000166,4378,761,1040,214,93
597,1050,1222,Tafsir04056,5768,1365,1531,135,96
597,1050,1387,JK009266,4105,916,1161,182,66
597,1,164,JK009266,4964,532,662,103,79
597,1050,1214,Masaha000554Vols,4056,188,353,133,99
597,1039,1222,Tafsir07055,814,130,307,142,95
597,1039,1222,Tafsir07055,2881,154,337,149,100
597,1284,1515,Tafsir07055,3557,798,1040,92,32
597,738,961,JK009390,2556,823,1009,133,69
597,1050,1387,Shia002333,38,1294,1536,178,65
597,705,961,JK000917,954,398,641,149,63
597,1050,1387,Shamela0029743,321,475,721,181,66
597,1,164,Shamela0029743,455,990,1122,104,79
597,1050,1387,Hindawi083863050,33,928,1174,181,66
597,705,961,JK000467,1006,254,466,154,73
597,705,961,JK000637,2236,229,414,141,69
597,1050,1387,JK009270,1640,46,291,182,66
597,1039,1214,JK009220,122,1243,1418,142,100
597,705,961,JK007043,1593,233,488,167,76
597,705,961,JK006474,1255,1121,1376,186,88
597,1,168,JK007018,303,1143,1280,106,79
597,1050,1387,QuranAnalysis001,69,879,1125,181,66
597,1,164,QuranAnalysis001,98,1102,1234,104,79
597,1050,1387,Shamela0023628,1339,1269,1515,181,66
597,724,961,Shamela0023628,1348,316,575,121,47
597,1,164,Shamela0023628,1863,18,150,104,79
597,1050,1214,Shamela0037458,1313,878,1042,133,100
597,817,961,JK009229,1307,1,213,65,32
597,1050,1362,Meshkat00042488,528,912,1613,161,24
597,1050,1387,Shamela0023591,3197,109,355,181,66
597,1,164,Shamela0023591,3926,1,133,104,79
597,1050,1387,Rafed0003943Vols,443,792,1038,181,66
597,1,164,Rafed0003943Vols,662,1028,1160,104,79
597,1050,1400,Tafsir06048,363,583,918,188,56
597,1050,1387,Shamela0023578,1228,521,869,182,50
597,760,961,Shamela0023578,1236,170,433,101,40
597,1,164,Shamela0023578,1560,1280,1412,104,79
597,1,172,Shamela0023578,1561,724,1044,107,42
597,1050,1387,Shamela0004445,185,396,642,181,66
597,1,168,Shamela0004445,188,434,570,107,80
597,290,461,Shamela0004445,188,1294,1503,64,39
597,705,961,Shamela0004445,193,1070,1339,202,94
597,705,961,Shamela0004445,2070,287,540,187,89
597,1050,1387,Sham19Y0020891,2142,792,1038,181,66
597,1,164,Sham19Y0020891,2819,1178,1310,104,79
597,764,961,Shamela0001438,2800,1198,1363,125,75
597,1050,1387,JK009396,488,674,920,181,66
597,1,164,JK009396,647,451,583,104,79
597,824,961,Sham19Y0145435,4930,1,146,110,93
597,1050,1395,JK006476,508,1168,1422,188,67
597,1039,1387,JK006476,509,249,651,188,49
597,1,164,JK006476,705,807,939,104,79
597,1,154,Tafsir04042,1081,873,1061,97,65
597,764,961,JK009313,2303,810,1070,147,69
597,1,164,Shamela0010283,2378,1130,1262,104,79
597,1050,1214,ShamIbadiyya0000075,277,1383,1606,133,73
597,1054,1421,Tafsir07076,3412,267,751,136,27
597,1050,1470,Tafsir10098,509,489,1246,243,38
597,1,164,Tafsir10098,680,988,1356,103,35
597,1050,1387,Shamela0008473,1968,958,1204,181,66
597,705,961,Shamela0008473,1970,49,318,202,94
597,1044,1222,Shamela0008473,3558,684,862,145,100
597,1054,1222,Shamela0008473,3933,723,882,120,86
597,705,961,Shamela0009567,559,125,342,163,77
597,791,961,Shamela0009567,667,1,132,96,67
597,1039,1387,JK000876,1058,4,236,170,57
597,1050,1387,Tafsir02067,314,244,650,181,48
597,1050,1409,Tafsir02067,697,232,508,201,67
597,1039,1214,Zaydiyya0000413Vols,2991,123,298,142,100
597,1044,1169,Shamela0001535,5359,158,283,101,100
597,1050,1222,Sham19Y0014592,1561,17,189,140,100
597,687,961,Sham19Y0014592,1571,1235,1492,159,64
598,1,455,Shia001432Vols,3495,199,1083,194,21
598,12,175,JK000435,274,32,177,90,63
598,48,162,Shamela0007798,7120,465,703,65,33
598,48,175,Tafsir02091,1549,240,540,81,31
598,1,472,Shia003721Vols,97,1145,1612,159,26
598,48,175,Shia003721Vols,104,19,198,94,62
598,21,455,Shamela0004445,186,432,1221,141,18
598,48,186,Shamela0004445,192,997,1192,105,66
599,1038,1461,Shia003721Vols,183,962,1372,230,58
599,879,1461,JK009266,6961,429,919,291,54
599,1038,1461,Shamela0004445,271,346,776,231,57
599,1038,1461,Sham19Y0145435,4994,1177,1587,230,58
600,458,1096,Shia001432Vols,3847,743,1225,200,31
600,458,1096,JK000791,1066,92,574,200,31
600,391,1096,Rafed0003257Vols,2901,691,1073,162,24
600,701,1096,Sham19Y0023608,1913,157,486,118,25
600,391,796,Shamela0007798,5082,432,981,135,24
600,458,792,Sham19Y0014404,655,830,1416,160,28
600,458,568,Meshkat00057178,1985,117,223,83,96
600,458,558,Sham19Y0147312,998,284,384,78,100
600,102,753,Sham19Y0023644,403,647,1064,199,35
600,458,792,Zaydiyya0000062,819,582,825,159,60
600,458,1096,Shamela0021821,843,364,846,200,31
600,391,1096,Shia003721Vols,175,348,729,162,24
600,385,753,Shia003721Vols,180,887,1183,87,20
600,102,558,Meshkat0014420,2394,1034,1408,166,39
600,701,1096,Meshkat0014420,2397,792,1118,120,26
600,391,1096,Shamela0000041,1248,848,1374,164,20
600,452,568,JK010001,567,676,798,91,95
600,753,1096,Sham19Y0023618,854,1,277,82,22
600,391,1096,JK000818,259,95,807,163,19
600,753,1086,JK000465,1803,956,1455,78,15
600,458,1096,Rafed0001713Vols,1151,416,899,200,31
600,458,1096,JK009268,2498,923,1405,200,31
600,437,792,Shamela0023632,1826,608,868,157,56
600,391,753,MMS00013,2646,1330,1512,92,29
600,458,1096,ShamAY0036821,1195,879,1351,197,31
600,465,1096,Tafsir04038,285,1112,1446,202,39
600,701,1096,Shia002356Vols,538,319,642,118,25
600,458,1096,JK009266,4993,54,528,199,31
600,458,842,JK000805,14,105,404,166,54
600,391,842,Shamela0009637,15,427,629,129,35
600,458,805,JK009270,2271,715,965,160,59
600,391,792,JK007018,309,1079,1417,145,40
600,391,1096,QuranAnalysis001,100,306,687,162,24
600,391,792,Shamela0023628,1880,510,654,114,35
600,391,792,Shamela0037458,1864,704,848,114,35
600,759,1096,Shamela0037458,1867,831,1042,85,25
600,391,813,Meshkat00042488,754,531,953,135,28
600,458,1096,Shamela0023591,3950,841,1323,200,31
600,701,1096,Shamela0023591,3959,462,791,118,25
600,701,1096,Rafed0003943Vols,672,1066,1396,118,25
600,391,1096,Shamela0023578,1571,12,393,158,22
600,401,792,Shamela0023578,1573,576,864,105,23
600,102,792,Shamela0004445,262,874,1392,231,38
600,385,753,Shamela0004445,268,276,576,90,21
600,391,792,Shamela0003118,2885,521,1114,121,18
600,701,1096,Sham19Y0020891,2859,137,466,118,25
600,465,792,Shamela0000922,641,35,333,141,41
600,482,792,JK009396,660,316,737,126,28
600,102,1096,Sham19Y0145435,4986,220,972,278,30
600,437,558,Sham19Y0145435,4991,427,547,83,90
600,420,753,JK006476,716,664,967,126,41
600,458,792,Tafsir04042,1088,484,1044,155,28
600,465,792,Shamela0010283,2449,1,361,160,50
600,391,792,Shamela0012884,2633,1040,1308,123,32
600,458,562,Sham19Y0014592,1377,782,886,81,100
601,1003,1151,Shamela0012935,44,495,644,108,81
602,1454,1613,JK000906,3034,1394,1556,131,97
604,613,784,JK000906,8733,639,781,105,77
604,882,1115,JK000906,10923,242,408,125,67
604,680,784,Shamela0023591,5703,959,1063,83,100
605,1494,1645,Shamela0011438,58,1386,1545,115,89
608,1271,1411,Shia002185Vols,4076,1294,1412,78,72
608,135,354,Sham19Y0145166,653,432,685,122,53
608,163,401,ShamAY0035884,212,12,297,172,75
608,167,362,JK009247,147,1293,1502,128,73
608,135,354,JK000471,2014,110,333,150,77
608,135,354,Shamela0026568,395,77,364,155,66
608,135,401,Shamela0012406,772,78,422,174,60
608,135,354,Shamela0009701,4,666,953,157,69
608,135,354,JK000105,1005,601,882,159,71
608,1061,1251,Shamela0023789,1403,381,678,110,46
608,135,401,JK009313,5128,887,1264,191,63
608,135,354,Sham19Y0007233,283,436,717,159,71
608,135,354,Shamela0023653,630,476,699,151,77
608,135,354,Shamela0023685,389,52,336,154,67
609,357,540,JK010344,387,1112,1294,148,99
610,1300,1490,Shamela0010428BK29,5,1276,1472,152,95
610,1300,1490,Shamela0010428BK2,126,379,575,152,95
610,1307,1490,ShamAY0035859,263,141,323,145,97
610,1307,1504,Hindawi030353837,564,998,1197,148,91
611,305,492,Tafsir02102,369,1,175,130,86
611,347,492,ShamAY0007299,2105,885,1031,107,91
611,347,492,Kraken230106005528,94,497,645,104,88
611,327,513,ShamAY0033108,164,1098,1260,117,77
611,305,453,Shamela0021766,348,1238,1412,106,72
611,327,513,Tafsir02091,218,55,217,117,77
611,310,492,Sham19Y0020944,456,542,759,125,71
611,310,492,JK000465,376,47,253,122,70
611,343,484,JK007104,298,798,945,109,92
611,327,492,Shamela0001875,1104,241,438,119,74
611,327,492,JK000165,2711,784,951,115,86
611,305,492,Tafsir04056,626,1159,1359,121,68
611,327,492,Shamela0001442,715,110,307,119,74
611,347,492,JK009336,269,1218,1367,107,89
611,347,492,Shamela0036446,894,167,315,109,92
611,347,492,JK000467,873,851,989,100,85
611,347,492,JK000484,4399,313,449,98,84
611,347,492,JK000961,382,786,932,108,92
611,347,492,JK000142,475,820,966,107,91
611,327,484,Hindawi030536269,247,693,841,116,93
611,330,492,Shamela0023628,287,1057,1216,113,86
611,327,492,Tafsir01005,785,852,1048,119,75
611,355,492,JK009362,1176,1,141,103,92
611,327,492,Sham19Y0131521,2885,915,1112,119,74
611,256,492,ShamIbadiyya0000391,23,435,656,144,74
611,327,492,Shamela0023578,360,473,637,117,88
611,327,492,Sham19Y0150960,1287,675,890,119,70
611,305,492,JK000436,28,1261,1473,130,72
611,347,492,ShamAY0037152,644,29,187,105,82
611,347,492,Sham19Y0014309,303,1198,1344,107,91
611,327,492,Shamela0008473,689,995,1200,119,71
611,310,492,Shamela0012884,645,360,590,130,70
611,305,447,Sham19Y0014592,1932,1406,1559,97,76
611,327,492,Sham19Y0020591,774,652,849,119,74
612,370,535,Shamela0022579,842,156,441,115,47
612,361,535,MMS00013,1720,635,901,119,52
612,1171,1627,Hindawi014964935,69,642,1525,341,46
612,370,535,Masaha002028Vols,198,1096,1368,110,48
613,1199,1442,Shamela0010428BK29,5,838,1094,192,92
613,1259,1442,Shamela0010428BK2,126,1,197,144,91
613,1199,1442,ShamAY0035859,262,1319,1583,175,78
613,1247,1442,Hindawi030353837,564,812,998,135,83
614,638,896,Masaha001961Vols,1203,142,453,141,53
614,638,896,Shamela0021715,6523,1166,1503,148,53
614,638,896,Sham19Y0018176,1573,528,865,148,53
614,638,792,JK001236,193,91,312,123,67
614,638,896,Sham19Y0018106,2783,180,517,148,53
614,539,792,Sham19Y0020944,426,456,697,136,55
614,638,896,Sham19Y0018103,2693,364,701,148,53
614,638,896,Shamela0001875,812,467,759,146,61
614,638,896,Shamela0008362BK1,675,528,833,143,58
614,638,777,Sham19Y0013605,3288,431,626,113,71
614,658,792,JK000142,447,1,172,107,74
614,549,792,Sham19Y0131521,2707,822,1052,133,55
614,638,792,JK001012,183,1122,1329,122,71
614,638,792,Shamela0004445,1952,397,597,125,77
614,638,896,Sham19Y0016584,3021,946,1283,148,53
614,638,792,Shamela0037837,97,1007,1185,119,79
614,638,792,Shamela0005756,10983,444,654,125,73
614,638,792,Shamela0022712,224,214,400,124,82
614,651,792,Sham19Y0020591,724,1,179,112,75
615,1012,1321,Shamela0000758,41,1098,1515,159,46
615,298,543,Sham19Y0001729,1795,1118,1318,134,67
615,298,569,Sham19Y0146127,3327,796,1021,133,59
615,289,543,Shamela0021715,5950,1013,1260,186,93
615,289,543,Shamela0021715,5951,149,901,184,31
615,302,569,Shamela0012415,733,1,254,172,78
615,419,839,JK000778,1148,44,639,189,37
615,298,543,Shamela0001524,555,568,799,153,73
615,1160,1421,Masaha004387Vols,65,135,555,134,39
615,333,543,Kraken22021606123201,443,1,169,121,74
615,289,543,JK009152,1801,165,357,140,70
615,920,1468,EScr20120309,257,774,1354,312,60
615,178,543,Sham19Y0018176,1405,364,750,210,61
615,298,543,Sham19Y0018176,2034,766,1026,184,89
615,298,543,Shamela0009773,2914,101,313,137,67
615,289,543,JK009141,1457,381,567,136,69
615,289,543,Sham19Y0127656,452,107,356,187,93
615,289,543,Shamela0022579,645,323,590,185,86
615,264,443,JK000159,231,1270,1459,113,71
615,917,1468,JK000159,368,775,1296,377,83
615,1157,1421,JK000159,370,367,793,132,38
615,1160,1421,JK006838,236,453,879,129,37
615,321,543,JK006838,242,488,673,131,72
615,298,543,JK000475,1689,298,524,152,72
615,298,543,Shamela0021765,1653,281,529,170,84
615,1231,1421,Shamela0021525,139,1038,1299,94,44
615,413,839,Shamela0021525,521,281,936,220,39
615,845,1460,Sham19Y0023644,929,268,720,305,62
615,298,543,Sham19Y0023644,937,763,1040,181,82
615,298,543,JK007128,558,493,683,132,65
615,924,1460,Shamela0012981,1418,243,814,363,75
615,298,543,Shamela0012981,1526,1188,1424,159,75
615,1203,1468,JK000298,2884,1,262,192,90
615,289,543,Sham19Y0018106,2571,961,1208,187,93
615,298,543,Sham19Y0018106,3428,14,274,184,89
615,298,543,ShamAY0035884,1061,445,705,180,87
615,317,447,Shamela0012220,666,832,976,98,86
615,917,1468,ShamAY0034447,1958,272,920,380,68
615,1088,1468,ShamAY0034447,1966,258,892,252,47
615,289,472,Shamela0026484,642,33,232,135,84
615,848,1468,JK007143,2478,275,816,381,76
615,917,1285,Shamela0000736,657,1135,1487,273,93
615,917,1460,JK005004,196,187,673,363,83
615,1160,1421,JK005004,201,1126,1532,134,39
615,937,1192,JK005020,655,1287,1504,167,81
615,1192,1460,JK005020,656,1,262,194,92
615,1015,1468,Shamela0010637,48,1,697,320,55
615,924,1460,Shamela0005446,633,383,893,275,57
615,933,1468,Shamela0037473BK1,87,349,1059,284,47
615,298,543,Sham19Y0148271,1111,1030,1290,184,89
615,1160,1406,Hindawi080746828,31,808,1092,178,76
615,289,543,Sham19Y0018103,2458,792,1039,187,93
615,298,621,Sham19Y0018103,3341,139,463,194,73
615,298,543,JK007065,563,802,1066,187,90
615,302,543,MMS00013,1865,836,1010,112,58
615,1160,1421,Sham19Y0000760,1031,177,602,141,41
615,289,543,Sham19Y0013252,6076,84,331,187,93
615,289,510,Sham19Y0013252,6077,888,1106,169,97
615,298,543,Rafed0002654Vols,174,188,449,172,82
615,298,543,Sham19Y0013572,613,851,1117,187,89
615,917,1468,Shamela0009631,61,405,849,276,60
615,845,1468,Shamela0096337,72,622,1253,356,61
615,298,543,Shamela0025794,1028,511,771,184,89
615,298,543,Shamela0025794,1069,970,1227,174,84
615,298,543,Shamela0025794,1144,129,387,179,86
615,955,1460,JK000882,99,806,1306,291,66
615,917,1460,Shamela0021635,172,132,653,310,65
615,240,543,JK009324,1789,831,1135,196,78
615,920,1468,Sham19Y0127698,37,411,852,174,36
615,298,543,Shamela0007435,784,1144,1406,177,82
615,298,543,JK000367,212,450,714,186,90
615,298,543,JK000927,524,135,356,150,73
615,997,1468,ShamAY0035240,4,1,429,322,85
615,924,1468,Shamela0027103,3,123,651,373,81
615,178,543,JK009336,2495,1038,1368,212,69
615,959,1468,Sham19Y0120143,11,1,760,300,46
615,917,1460,ShamAY0032931,5,352,863,381,86
615,917,1460,JK000474,2773,157,687,407,94
615,289,543,Sham19Y0020638,911,469,738,190,89
615,289,543,Sham19Y0020638,1468,794,1042,187,93
615,289,543,Shamela0036446,1269,1139,1378,172,82
615,298,543,JK000484,6007,494,725,167,82
615,917,1468,JK000637,3379,477,1023,428,97
615,298,543,JK009408,848,322,499,129,66
615,917,1468,Sham19Y0122096,2111,395,850,333,75
615,178,413,Sham19Y0013605,3042,309,568,114,48
615,413,543,Sham19Y0013605,3043,38,165,96,93
615,321,543,Sham19Y0013605,3996,714,979,116,48
615,298,543,ShamAY0033996,72,792,1018,154,75
615,949,1460,JK005005,226,1,459,344,82
615,178,543,JK000110,971,667,1053,210,61
615,298,543,JK000110,1478,105,363,183,89
615,178,543,Sham19Y0016946,507,545,946,210,57
615,839,1468,Shamela0006617,231,824,1374,271,49
615,908,1308,ShamAY0033623,17,898,1383,209,49
615,1231,1468,ShamAY0033623,20,94,325,173,90
615,917,1468,ShamAY0033623,21,816,1312,192,32
615,289,543,Shamela0096283,296,941,1188,187,93
615,920,1157,JK001091,222,1267,1476,150,74
615,1160,1460,JK001091,223,1,294,224,93
615,839,1468,JK010344,40,665,1318,247,36
615,917,1460,JK005007,158,89,588,371,83
615,917,1421,JK010724,5,574,1181,312,60
615,549,839,Shamela0023700,2630,212,676,162,42
615,959,1421,JK000216,309,435,1083,227,39
615,806,1460,Shamela0023789,900,860,1337,317,60
615,178,543,JK009362,1576,831,1195,204,65
615,941,1468,JK001020,89,866,1430,304,58
615,1012,1468,Shamela0004445,835,1,459,342,92
615,1088,1468,Shamela0004445,839,82,707,235,43
615,178,543,Shamela0004445,848,340,699,209,61
615,917,1421,Shamela0023644,94,725,1193,282,64
615,1160,1421,Shamela0023644,99,409,950,135,31
615,924,1421,Shamela0003118,6341,457,982,313,67
615,302,543,Shia001561,61,1007,1263,173,83
615,289,543,Shia001561,62,723,985,187,88
615,264,510,Shia001561,63,1001,1198,120,56
615,260,543,Sham19Y0020891,325,1021,1328,193,79
615,549,745,Shamela0012129,27,1277,1475,126,71
615,937,1460,JK000599,24,371,904,390,88
615,178,543,Sham19Y0016584,2749,96,474,210,62
615,298,549,Sham19Y0016584,3747,375,640,185,87
615,924,1468,Shamela0012862,692,51,598,377,80
615,302,543,Kraken230110004547,447,146,351,139,71
615,1120,1460,Sham19Y0014313,18,415,652,145,52
615,302,514,Zaydiyya0000454,137,1398,1576,118,68
615,917,1460,Shamela0012579,2266,755,1288,386,86
615,298,543,Meshkat00042485,512,158,351,127,64
615,298,543,Sham19Y0131336,1550,367,597,167,83
615,298,543,JK009313,675,1217,1445,162,81
615,959,1421,JK009313,679,736,1376,220,38
615,578,839,JK009313,1187,1134,1500,144,48
615,289,543,Sham19Y0017535,8,1026,1273,187,93
615,917,1460,Shamela0026579,24,388,903,375,83
615,298,543,JK000747,21,959,1185,152,72
615,917,1460,Shamela0010283,289,173,758,328,66
615,917,1195,Shamela0010437,144,1301,1569,183,75
615,1195,1460,Shamela0010437,145,1,266,195,90
615,178,543,Sham19Y0016684,1373,363,741,210,62
615,1160,1421,JK000916,968,778,1196,132,38
615,178,476,Masaha002028Vols,357,984,1422,168,46
615,917,1347,Masaha004568Vols,331,1014,1455,254,63
615,549,839,JK010491,353,131,578,178,49
615,1165,1421,Hindawi030807493,67,987,1406,131,38
615,298,543,JK000378,144,300,564,186,90
615,538,701,JK010646,196,1334,1590,102,47
615,917,1468,Shamela0023653,72,514,1010,376,85
615,604,773,Shamela0009770,285,266,521,133,64
615,908,1364,JK009216,17,743,1485,239,38
615,1269,1468,JK009216,20,1,193,143,89
615,917,1468,JK009216,21,802,1273,185,31
615,289,543,Shamela0037837,829,405,697,189,81
615,543,773,Shamela0005756,10329,11,274,141,58
615,352,543,Shamela0005756,10378,1,179,133,88
615,298,543,Shamela0005756,13076,525,786,184,88
615,264,543,Shamela0022712,192,885,1151,195,89
615,538,773,Shamela0022712,193,364,702,158,56
615,1179,1468,Shamela0001585,27,64,383,207,81
616,455,643,ShamAY0007299,4219,388,606,146,84
616,32,249,JK001288,135,43,326,146,64
616,1,244,Masaha004387Vols,63,658,1062,165,50
616,455,643,JK000159,370,18,381,145,50
616,93,249,Shamela0021525,140,170,364,119,74
616,1,249,Sham19Y0023644,929,720,982,162,67
616,1,480,Shamela0012981,1418,814,1239,176,33
616,93,249,Shamela0010798,230,257,452,111,70
616,1,249,Shamela0012581,567,133,454,171,64
616,1,319,ShamAY0034447,1958,920,1429,185,41
616,1,249,ShamAY0034447,1966,892,1215,175,67
616,455,643,JK007143,366,1023,1240,146,85
616,1,249,Shamela0000736,658,166,412,161,70
616,1,301,JK005004,196,673,956,165,61
616,93,249,JK005004,202,509,701,122,77
616,1,249,Shamela0010637,48,702,1094,155,49
616,9,249,Shamela0005446,633,893,1158,140,64
616,1,249,Shamela0037473BK1,87,1059,1452,150,47
616,455,643,Hindawi080746828,31,629,819,135,85
616,93,249,ShamAY0032275,405,139,331,122,77
616,93,249,MMS00013,2002,1136,1328,123,78
616,1,249,Shamela0005644,418,993,1222,145,63
616,1,249,Shia003686,43,511,865,148,44
616,1,249,Shamela0009631,61,849,1099,137,57
616,93,249,Shamela0005803,278,100,294,119,74
616,93,249,JK010370,27,99,291,123,78
616,93,249,Shamela0012406,442,1208,1400,123,78
616,1,249,Shamela0027103,3,651,916,180,78
616,1,227,Hindawi050926304,170,1342,1628,121,52
616,93,249,Shamela0008494,368,1100,1254,123,97
616,1,249,ShamAY0032931,5,863,1112,166,72
616,1,249,JK000474,2773,687,962,187,80
616,1,319,JK000637,3379,1023,1362,237,82
616,93,249,JK009320,58,668,860,123,78
616,1,249,JK005005,226,459,705,156,68
616,1,249,ShamAY0033623,20,331,706,156,52
616,67,249,Shia001373,231,22,253,132,69
616,1,315,JK001091,223,294,719,209,55
616,1,249,Sham19Y0026523,6202,1295,1508,142,68
616,1,258,JK005007,158,588,843,159,67
616,1,274,Shamela0004445,834,893,1233,151,47
616,1,315,Shamela0004445,835,459,822,209,71
616,1,249,Shamela0004445,839,707,1066,176,61
616,1,249,Shamela0023644,95,414,643,145,63
616,1,249,Hindawi024069693,4,290,618,150,55
616,93,258,JK006907,225,1144,1345,124,76
616,1,249,JK000599,24,913,1194,184,77
616,1,249,ShamAY0034478,51,1064,1251,124,60
616,1,265,Shamela0012862,692,598,862,152,59
616,32,249,Sham19Y0017535,8,105,388,146,65
616,1,249,Shamela0026579,24,903,1151,157,68
616,1,249,Shamela0010283,289,758,1029,151,64
616,1,249,Shamela0010437,145,266,513,153,65
616,93,249,JK000916,969,203,395,121,77
616,93,254,JK010738,241,372,570,128,79
616,1,254,Masaha004568Vols,332,119,372,161,67
616,1,249,Shamela0009429,159,263,620,155,54
616,1,249,Shamela0023653,72,1010,1256,161,70
616,455,643,Shamela0023653,73,1004,1209,146,90
616,93,249,Shamela0023653,74,688,881,123,78
616,1,249,Shamela0031382,69,1097,1436,150,54
616,37,249,JK009216,16,1,310,153,61
618,213,354,Shamela0006947,8849,797,943,102,86
618,207,408,Sham19Y0016946,13,709,1146,120,32
618,216,331,Hindawi037942742,5,737,852,94,100
623,246,931,Tafsir07057,266,210,820,462,79
623,471,622,Hindawi039418519,60,801,972,87,66
625,376,641,Sham19Y0014328,538,620,1028,187,54
625,379,615,JK001036,42,256,468,121,58
625,368,641,Kraken22021606123201,374,127,772,168,30
625,379,636,Sham19Y0016976,1793,930,1499,163,32
625,379,615,Shamela0036543,189,526,744,120,57
625,376,641,Shamela0010895,145,182,578,183,54
625,376,641,ShamAY0037387,199,897,1299,186,55
625,379,574,Sham19Y0017063,1500,980,1498,111,24
625,379,615,JK000913,3214,1180,1342,127,66
625,368,641,JK001303,479,300,701,182,54
625,368,641,JK007045,807,20,608,170,33
625,379,641,Sham19Y0122257,3309,762,1330,167,33
626,368,685,JK009139,7026,522,800,144,49
626,368,670,Masaha001946Vols,517,248,454,126,52
626,539,685,Sham19Y0013252,180,1,147,116,97
626,520,685,Shamela0009728,14,1,201,128,79
626,499,670,JK000481,138,1176,1345,76,40
626,520,685,Shamela0023833,880,1,167,131,97
626,504,635,Shamela0004445,1769,697,884,95,63
626,423,635,ShamAY0037152,989,230,465,121,60
626,513,718,JK001093,10,227,563,114,43
626,368,640,Masaha002028Vols,1709,1308,1538,173,75
626,368,581,JK000415,100,762,1229,127,30
626,368,685,Shamela0023653,622,173,392,163,63
626,368,662,MMS00024,98,1128,1457,113,37
626,482,685,Shamela0009770,619,1202,1408,148,88
628,1295,1474,Sham19Y0018176,2289,1,369,129,44
628,784,961,JK010729,138,266,470,109,61
628,1257,1474,Sham19Y0018106,3804,180,738,158,36
628,784,901,JK000055,79,877,982,82,88
628,1257,1418,Sham19Y0018103,3759,1031,1367,120,45
628,784,985,JK000140,813,46,346,118,48
628,784,901,Shamela0026884,191,15,115,75,82
628,1257,1474,Sham19Y0013252,9225,604,1025,158,47
628,1220,1448,Sham19Y0013252,9226,1201,1429,151,77
628,911,1041,JK009317,3,243,495,93,48
628,1257,1474,JK009324,3515,402,617,165,95
628,784,1066,JK009336,3175,947,1318,103,26
628,784,901,Shamela0036446,1124,1319,1423,82,88
628,1220,1428,Shamela0000432,4570,1054,1219,125,75
628,1257,1474,Sham19Y0013605,4500,89,495,158,49
628,1257,1474,JK000110,1692,918,1312,158,50
628,1257,1418,Sham19Y0016584,4231,531,804,120,55
628,784,901,JK000916,1081,1248,1353,83,89
628,1349,1474,Shamela0037837,756,940,1129,90,59
629,584,825,Sham19Y0001729,689,479,744,184,80
629,584,950,Sham19Y0001729,779,240,609,193,49
629,39,433,Shamela0021715,4001,282,1081,251,37
629,181,433,Shamela0021715,8106,1046,1324,184,78
629,181,405,Shamela0021715,8112,632,1145,172,42
629,584,825,Shamela0021715,9109,1329,1557,180,90
629,584,825,Shamela0001524,488,358,595,185,91
629,584,825,Shamela0001341,24,861,1089,173,85
629,584,950,Shamela0096178,38,926,1269,213,70
629,1050,1410,JK009152,2176,158,557,110,29
629,14,405,JK009152,2361,670,1048,226,63
629,14,348,Shamela0021766,2127,1270,1566,145,44
629,7,405,Shamela0021766,4058,806,1144,230,70
629,39,433,Sham19Y0018176,946,12,811,251,37
629,181,433,Sham19Y0018176,1941,339,616,184,78
629,584,825,JK009141,480,202,416,161,79
629,194,433,Masaha001946Vols,779,287,516,146,64
629,584,825,JK000011,42,332,565,177,87
629,170,433,Shamela0012981,96,26,329,171,67
629,39,433,Sham19Y0018106,1741,490,1289,251,37
629,181,433,Sham19Y0018106,3302,1187,1464,184,78
629,584,825,Sham19Y0018106,3608,551,779,180,90
629,584,825,JK000725,361,67,343,188,80
629,39,433,ShamAY0035884,3639,524,948,193,47
629,14,405,Shamela0000041,2332,804,1038,172,55
629,181,433,Shamela0000041,2612,596,877,184,77
629,584,811,Shamela0029967,25,1483,1681,129,60
629,17,405,Sham19Y0016976,1517,915,1238,225,72
629,584,825,ShamAY0034005,220,937,1205,169,69
629,39,433,ShamAY0034005,951,1023,1451,201,45
629,39,405,Sham19Y0018103,1731,693,1432,240,38
629,181,433,Sham19Y0018103,3196,249,527,184,78
629,584,825,Sham19Y0018103,3551,521,749,180,90
629,17,405,Sham19Y0014119,480,739,1061,225,72
629,31,405,Sham19Y0017063,1273,999,1305,225,75
629,181,433,Shamela0006947,20113,658,936,184,78
629,39,391,Sham19Y0013252,4280,741,1466,228,37
629,181,433,Sham19Y0013252,7528,1115,1393,184,78
629,584,825,Sham19Y0013252,8773,1071,1299,180,90
629,39,433,Shia002069Vols,784,179,590,181,41
629,39,433,JK009324,2207,475,1274,251,37
629,584,794,JK009324,3156,438,626,142,81
629,584,825,Shamela0005772,169,422,639,165,83
629,17,285,Sham19Y0017791,1682,1188,1434,171,78
629,92,345,Sham19Y0017791,1683,405,605,137,64
629,285,405,JK000166,6902,1009,1457,95,26
629,82,371,Sham19Y0013605,2276,329,990,182,32
629,181,433,Sham19Y0013605,3831,914,1191,184,78
629,584,825,Sham19Y0013605,4247,280,503,173,86
629,584,807,ShamAY0038116,64,1240,1490,164,77
629,17,405,Sham19Y0013614,705,410,733,225,72
629,39,334,JK000110,598,787,1459,195,34
629,181,433,JK000110,1400,411,688,184,78
629,584,825,JK000110,1584,981,1209,179,90
629,17,405,Shamela0029677,2040,405,778,223,63
629,39,423,Kraken210809220219,408,113,802,223,38
629,584,825,Shamela0010803,104,667,921,175,79
629,14,405,Shamela0010803,158,450,858,238,63
629,17,405,JK007045,700,63,371,210,67
629,921,1410,Masaha003104,40,427,784,156,40
629,584,825,JK000088,178,1103,1335,179,88
629,39,433,Sham19Y0016684,950,183,981,251,37
629,584,825,Sham19Y0016684,1824,1015,1243,180,90
629,624,825,Shamela0037837,129,1,197,155,90
629,39,405,Shamela0037837,974,979,1275,171,48
629,17,405,Sham19Y0122257,2934,778,1090,229,74
629,181,433,Shamela0005756,12561,162,442,184,78
629,584,848,Shamela0005756,13663,694,1014,196,71
630,866,1082,Shamela0021715,139,515,741,150,78
630,432,921,Shamela0021715,5013,259,729,223,44
630,870,1082,Shamela0021715,5595,706,937,168,90
630,432,921,Shamela0021715,8917,893,1404,228,43
630,432,921,Shamela0021715,9201,40,526,239,46
630,1,287,Tafsir07057,4717,598,878,159,63
630,436,682,Shamela0001524,446,1148,1386,170,84
630,477,745,Shamela0001524,1533,1,236,162,76
630,436,677,Kraken220413202218,483,1362,1568,133,69
630,59,477,Tafsir09084,2263,1085,1437,203,54
630,436,715,Shamela0021766,1966,906,1209,195,78
630,55,247,Shamela0021766,4114,612,785,118,77
630,866,1082,Sham19Y0018176,32,935,1161,150,78
630,432,921,Sham19Y0018176,1172,528,954,232,58
630,870,1241,Sham19Y0018176,1310,773,1138,196,61
630,432,745,Sham19Y0018176,2116,844,1130,198,76
630,432,702,Sham19Y0018176,2184,1193,1460,199,88
630,432,745,Sham19Y0127656,373,676,993,208,76
630,870,1245,Sham19Y0127656,408,652,1029,178,50
630,432,745,Sham19Y0127656,693,618,903,198,76
630,59,311,Sham19Y0023644,1189,514,719,151,75
630,436,745,Sham19Y0023644,1494,790,1176,188,59
630,870,1082,Sham19Y0018106,25,4,210,148,84
630,432,715,Sham19Y0018106,2206,993,1248,190,84
630,870,1082,Sham19Y0018106,2443,415,646,168,90
630,432,745,Sham19Y0018106,3545,400,686,198,76
630,432,715,Sham19Y0018106,3642,860,1140,209,89
630,432,715,ShamAY0035884,371,377,691,186,71
630,594,715,ShamAY0034447,1049,4,143,83,72
630,436,745,Shamela0000041,2626,741,1031,198,76
630,432,715,Shamela0004473,1419,379,659,209,89
630,870,1121,Shamela0004473,1550,38,351,176,70
630,870,1245,Shamela0004473,9638,993,1303,161,44
630,59,356,JK000465,3725,762,994,168,71
630,432,745,Sham19Y0016976,1765,442,757,198,70
630,494,745,Shamela0010637,97,1,218,149,72
630,866,1082,Sham19Y0132963,69,843,1069,150,78
630,610,715,Sham19Y0122406,1453,905,1030,74,71
630,436,745,ShamAY0034005,1030,965,1220,156,61
630,432,715,Sham19Y0148271,96,1028,1292,172,75
630,59,362,Sham19Y0148271,129,996,1261,188,78
630,866,1082,Sham19Y0148271,952,1266,1501,153,78
630,866,1082,Sham19Y0018103,40,74,300,150,78
630,432,715,Sham19Y0018103,2121,311,566,190,84
630,870,1082,Sham19Y0018103,2331,816,1047,168,90
630,432,921,Sham19Y0018103,3479,821,1250,223,48
630,432,715,Sham19Y0018103,3586,1168,1448,209,89
630,436,637,JK007065,754,1216,1432,157,89
630,432,745,Sham19Y0014119,562,1075,1392,198,69
630,59,477,ShamAY0037387,223,601,949,209,60
630,432,745,ShamAY0037387,257,279,648,213,69
630,432,938,Sham19Y0017063,1482,68,638,232,38
630,432,921,Sham19Y0013252,5355,451,846,220,47
630,870,1241,Sham19Y0013252,5878,159,530,198,63
630,432,745,Sham19Y0013252,8587,412,698,198,76
630,432,715,Sham19Y0013252,8849,46,326,209,89
630,507,715,JK000137,1100,434,663,149,78
630,436,715,Sham19Y0013572,697,1083,1368,208,88
630,866,1241,Shamela0025794,554,242,604,183,56
630,59,477,Shamela0025794,2179,591,906,173,53
630,432,699,Shamela0025794,2238,1179,1428,161,75
630,432,745,Sham19Y0017616,139,928,1310,212,68
630,467,745,Sham19Y0127700,40,1,244,161,71
630,432,715,Shamela0001875,656,1109,1412,202,80
630,870,1111,Shamela0001875,663,1106,1421,167,65
630,432,745,JK000080,925,741,1109,210,69
630,432,715,Shamela0001727,540,254,559,200,79
630,1053,1273,Shamela0022721,530,534,699,123,71
630,870,1106,JK009324,6,488,739,160,72
630,436,702,JK009324,1726,1283,1529,177,82
630,432,745,JK009324,3081,1168,1462,198,75
630,432,715,Sham19Y0036110,320,133,403,193,84
630,432,715,Shamela0029900,26,821,1087,190,85
630,432,921,Sham19Y0017791,1957,873,1404,246,55
630,432,715,JK000021,2392,409,699,172,70
630,436,745,JK000330,924,407,784,218,71
630,436,740,Shamela0026568,512,1081,1360,197,79
630,715,1082,Shamela0026568,1150,369,713,161,47
630,432,715,Sham19Y0132524,880,138,443,200,79
630,59,333,Shamela0012406,718,439,637,144,66
630,870,1087,Shamela0010517,1047,1286,1511,158,85
630,870,1087,Shamela0010517,1109,874,1093,152,83
630,870,1106,Shamela0010517,1234,572,865,169,71
630,432,715,JK000977,915,870,1162,190,76
630,432,745,Sham19Y0020638,429,1038,1403,215,71
630,436,633,JK000734,234,1318,1532,143,82
630,870,1106,Shamela0009702,141,661,932,161,71
630,938,1241,Sham19Y0013605,2904,973,1256,145,53
630,432,745,Sham19Y0013605,4160,93,379,198,76
630,472,745,Sham19Y0013605,4289,1,336,196,71
630,870,1082,Sham19Y0018144,2339,1085,1369,144,61
630,870,1082,ShamAY0033555,17,976,1209,163,87
630,432,706,JK007070,112,1177,1445,205,92
630,866,1082,JK000110,3,881,1106,148,77
630,432,921,JK000110,792,156,542,219,48
630,874,1082,JK000110,900,1269,1496,165,90
630,432,745,JK000110,1546,306,592,198,76
630,432,745,JK000110,1602,755,1129,223,73
630,436,745,JK006897,226,274,658,213,68
630,879,1241,Shamela0096283,6,40,404,181,47
630,432,745,Shamela0096283,247,188,524,203,69
630,436,682,Shamela0028107,62,1205,1371,117,57
630,436,745,Shamela0023628,3482,704,1062,205,69
630,432,715,Shamela0021479,77,823,1146,191,72
630,436,715,Sham19Y0014462,215,652,973,195,74
630,432,715,Shamela0010803,89,829,1156,200,73
630,415,745,Shamela0001466,3786,502,845,211,70
630,432,745,Shamela0012014,172,997,1354,223,76
630,866,1087,Shamela0004445,57,585,823,152,75
630,432,715,Shamela0004445,2664,156,471,198,75
630,432,715,Shamela0011433,19,831,1117,188,76
630,432,745,Shamela0006610,1138,515,872,211,73
630,580,745,JK000097,555,1,184,113,75
630,902,1082,Sham19Y0016584,28,1129,1345,131,72
630,432,715,Sham19Y0016584,2363,778,1033,190,84
630,870,1241,Sham19Y0016584,2592,616,978,195,57
630,432,660,Sham19Y0016584,4021,725,950,166,86
630,436,715,Sham19Y0016584,4022,66,377,120,45
630,432,715,JK007045,798,755,1037,171,66
630,59,324,JK000436,164,1351,1537,134,63
630,59,238,JK009313,1896,1047,1212,122,85
630,432,745,JK009313,2785,497,785,188,71
630,866,1082,Sham19Y0017535,133,580,817,154,76
630,874,1087,Sham19Y0016684,21,1,208,149,84
630,432,921,Sham19Y0016684,1209,905,1376,225,43
630,432,745,Sham19Y0016684,1803,90,376,198,76
630,494,715,Zaydiyya0000185,73,1,219,164,90
630,59,356,Shamela0008473,4409,351,610,183,78
630,436,745,ShamAY0035960,597,206,537,230,85
630,59,356,Shamela0012884,4663,226,476,183,77
630,436,921,Shamela0023685,505,937,1347,233,59
630,432,715,Shamela0037837,427,803,1061,183,80
630,432,921,Shamela0037837,711,465,986,223,41
630,432,932,Sham19Y0122257,3279,391,937,217,37
630,866,1082,Shamela0005756,162,477,703,150,78
630,432,682,Shamela0005756,9347,1298,1520,164,82
630,870,1121,Shamela0005756,10025,67,361,186,79
630,432,745,Shamela0005756,13466,941,1225,196,75
630,432,715,Shamela0005756,13747,798,1077,204,87
630,472,745,Masaha003032,80,1,323,195,72
631,615,733,Shamela0026430,4,158,275,94,98
631,619,733,JK009152,2183,585,697,90,97
631,619,733,JK008001,2468,702,831,92,86
631,619,733,ShamAY0037387,284,1393,1505,90,97
631,619,733,Shamela0009091,24,1270,1382,91,98
631,619,733,Shamela0009091,25,412,524,91,98
631,615,733,Sham19Y0127700,29,739,855,94,98
631,619,733,ShamAY0033733,3,868,980,90,97
631,619,733,JK009390,7241,1313,1434,85,80
631,615,733,Shamela0036446,1129,562,679,95,99
631,619,733,Shamela0012031,59,18,138,91,92
631,615,733,Shamela0026554,13,242,359,94,98
631,619,733,Shamela0000700,5,237,350,91,98
631,615,733,Shamela0023644,352,662,778,93,97
631,619,733,Shamela0001438,7295,216,345,92,86
631,619,733,JK000139,65,709,822,91,98
631,619,733,Masaha003104,43,287,399,90,97
631,615,733,Shamela0010283,3871,818,934,94,98
631,619,733,JK000088,81,114,227,91,98
631,619,733,JK000916,908,148,261,92,99
631,615,733,Shamela0023653,693,473,589,94,98
631,619,733,Masaha003032,82,1056,1169,91,98
631,615,733,Sham19Y0014592,1213,214,330,94,98
632,66,216,JK006890,41,644,789,112,90
635,1394,1534,Shamela0021715,208,652,792,110,100
635,1394,1534,Sham19Y0018176,51,752,892,110,100
635,1394,1534,JK009141,11,336,476,110,100
635,1394,1534,Sham19Y0127656,16,292,466,101,68
635,1346,1534,Sham19Y0023644,1508,262,453,107,61
635,1394,1534,Sham19Y0018106,58,1348,1488,110,100
635,1394,1534,JK009231,43,1434,1574,110,100
635,1394,1534,Sham19Y0132963,132,186,326,110,100
635,1394,1534,ShamAY0034005,21,356,496,105,91
635,1394,1534,Sham19Y0148271,2231,827,961,105,95
635,1394,1534,Sham19Y0018103,91,53,193,110,100
635,1394,1534,Shamela0010463,92,713,853,110,100
635,1394,1534,JK009324,28,1381,1511,102,92
635,1394,1534,Shamela0009823,321,693,833,110,100
635,1394,1534,Sham19Y0020638,1065,265,405,110,100
635,1394,1534,JK000564,7,1228,1365,102,88
635,1394,1534,JK000585,910,565,706,110,99
635,1394,1534,Sham19Y0013605,142,991,1131,110,100
635,1394,1534,JK000110,9,1142,1282,110,100
635,1394,1534,JK000583,187,907,1041,105,95
635,1394,1534,Shamela0096283,10,312,452,110,100
635,1394,1534,JK000216,183,668,808,110,100
635,1394,1534,Shamela0010803,115,718,857,109,99
635,1394,1534,Sham19Y0018272,695,375,515,110,100
635,1394,1534,Sham19Y0016684,44,1018,1158,110,100
635,1394,1534,Shamela0005756,367,11,151,110,100
637,1265,1369,Sham19Y0009800,415,960,1070,82,94
637,1163,1421,JK007021,77,575,776,116,57
637,1163,1369,Shamela0001524,1098,1123,1267,97,60
637,1163,1421,JK000159,537,253,478,116,57
637,1163,1421,Masaha001946Vols,119,657,872,115,58
637,1210,1384,Shamela0012935,85,568,767,100,62
637,1265,1369,Sham19Y0073348,63,19,123,82,100
637,1265,1369,Sham19Y0073348,187,54,158,82,100
637,1260,1369,Shamela0004473,1019,1425,1534,85,99
637,1265,1369,ShamAY0001202,82,1334,1438,79,97
637,1265,1369,MMS00013,1932,705,809,82,100
637,1260,1369,Hindawi059616186Vols,183,1366,1475,86,100
637,1265,1378,Hindawi042908302,90,354,462,85,95
637,1265,1369,Rafed0000185Vols,295,52,156,82,100
637,1265,1369,Hindawi070427368,5,177,281,82,100
637,1163,1421,JK000333,225,159,402,119,60
637,1265,1369,Hindawi050926304,158,691,795,79,97
637,1265,1378,Hindawi020604026,147,284,397,83,93
637,1255,1369,Hindawi020604026,149,580,703,86,88
637,1265,1369,Hindawi020604026,158,672,781,82,95
637,1265,1369,Hindawi059429042,73,1017,1115,77,94
637,1265,1421,Shamela0023833,151,598,745,99,80
637,1265,1369,Hindawi095382805,7,134,238,79,97
637,1163,1421,Hindawi093681649,28,507,717,119,60
637,1265,1369,Hindawi092028080,18,1,105,82,100
637,1265,1421,Shamela0004445,1081,52,199,99,80
637,1163,1369,Hindawi074719294,81,642,833,107,66
637,1265,1369,Sham19Y0145435,6075,668,772,82,100
637,1265,1421,Zaydiyya0000142,2475,368,515,99,80
637,1158,1374,Hindawi030353837,611,321,460,102,60
637,1265,1426,Shamela0010283,3230,91,239,101,80
637,1163,1434,Tafsir07076,4705,527,844,131,52
637,1265,1421,Tafsir07076,5375,202,409,105,65
637,1265,1421,Masaha002028Vols,420,314,461,99,80
637,1265,1369,Sham19Y0021575,202,1204,1308,82,100
637,1265,1369,Hindawi018175075,190,903,1007,82,100
637,1163,1421,Shamela0009770,164,1035,1287,122,60
638,1185,1319,Hindawi025273163,38,1303,1435,71,63
641,689,903,Meshkat0014420,2095,720,934,172,100
641,689,910,JK010001,3503,1281,1518,178,93
641,694,903,Sham19Y0035312BK2,24,1181,1390,168,100
641,694,910,Shamela0036578,26,687,919,174,93
641,689,910,Tafsir07055,3640,879,1116,178,93
641,642,903,JK000917,809,189,426,180,86
641,694,903,JK001420,415,1222,1431,168,100
641,689,910,MMS00031,155,171,408,178,93
641,694,910,Rafed0003799Vols,1810,451,682,174,92
641,689,903,JK000796,15,448,662,172,100
641,694,903,Masaha000147,79,860,1069,168,100
641,694,910,Shamela0004445,1277,1,233,174,93
641,694,903,Shamela0037325,44,491,700,168,100
641,694,910,Shamela0008473,2926,362,594,174,93
643,680,902,Sham19Y0009800,199,7,285,157,69
643,188,360,Shamela0021715,5012,423,622,126,77
643,287,902,Shamela0021715,5013,51,514,240,42
643,633,902,Shamela0021715,8917,878,1202,191,75
643,671,902,Shamela0021715,8918,208,525,131,47
643,188,339,Kraken230106005528,463,910,1072,117,89
643,665,902,JK000918,19,4,264,152,65
643,178,339,JK000918,30,1156,1348,122,78
643,633,869,Shamela0001524,446,1145,1386,156,77
643,690,902,Shamela0001524,1533,1,259,148,72
643,178,329,Shamela0030623Vols,4,720,931,115,67
643,636,902,Shamela0021766,1966,906,1209,183,73
643,188,902,Sham19Y0018176,1172,218,783,310,45
643,633,902,Sham19Y0018176,2116,829,1153,191,75
643,633,889,Sham19Y0018176,2184,1178,1460,186,83
643,626,902,Sham19Y0127656,373,648,931,186,80
643,636,902,Sham19Y0127656,693,606,926,193,76
643,721,902,JK006838,143,1,198,116,70
643,188,339,Sham19Y0018106,2206,361,541,120,82
643,633,902,Sham19Y0018106,2206,965,1248,190,82
643,633,902,Sham19Y0018106,3545,385,709,191,75
643,633,902,Sham19Y0018106,3642,845,1140,196,84
643,188,339,JK008001,3864,422,604,120,80
643,633,902,Shamela0000041,2626,738,1054,185,72
643,623,902,Shamela0004473,1419,348,659,198,80
643,636,902,Sham19Y0016976,1765,425,780,186,66
643,178,339,Sham19Y0016976,1767,248,438,123,80
643,178,380,JK001197,168,993,1232,141,73
643,708,902,Shamela0010637,97,1,237,141,74
643,178,339,ShamAY0034005,1021,541,728,122,79
643,633,902,Shia001421Vols,159,727,1050,179,71
643,241,902,Sham19Y0018103,2121,1,566,290,49
643,633,902,Sham19Y0018103,3479,806,1128,188,74
643,633,902,Sham19Y0018103,3586,1153,1448,196,84
643,178,339,JK007065,1147,1090,1280,124,81
643,636,896,Sham19Y0014119,562,1058,1409,181,65
643,633,902,ShamAY0037387,257,264,589,191,74
643,653,902,Sham19Y0017063,1482,72,406,180,68
643,188,902,Sham19Y0013252,5355,183,706,310,47
643,633,902,Sham19Y0013252,8587,397,721,191,75
643,633,902,Sham19Y0013252,8849,31,326,196,84
643,633,902,Sham19Y0013572,697,1080,1368,188,80
643,633,902,Sham19Y0017616,139,900,1233,194,73
643,680,902,Sham19Y0127700,40,1,265,155,74
643,633,902,Shamela0001727,540,239,559,194,75
643,178,339,JK009324,1520,168,351,123,83
643,188,889,JK009324,1726,1098,1529,289,48
643,636,902,JK009324,3081,1172,1485,184,72
643,752,902,Sham19Y0145212,3489,1255,1451,107,70
643,633,902,Shamela0029900,26,806,1087,179,80
643,636,902,Sham19Y0017791,1957,856,1211,186,66
643,671,902,Sham19Y0017791,1958,70,315,128,56
643,178,339,Sham19Y0017791,1959,813,1003,123,80
643,626,902,JK000330,924,390,717,194,73
643,636,902,Sham19Y0132524,880,126,443,193,76
643,140,339,Sham19Y0038171,1411,895,1122,135,67
643,188,339,Shamela0021475,4,692,875,119,79
643,636,854,JK009137,2146,1264,1464,125,67
643,178,339,JK009336,1137,927,1117,126,82
643,701,902,JK009336,3178,1,233,140,76
643,665,902,Shamela0010262,25,204,434,135,65
643,633,902,Sham19Y0020638,429,1023,1343,194,75
643,188,781,Sham19Y0013605,2686,1127,1517,226,41
643,781,902,Sham19Y0013605,2687,1,125,84,81
643,633,902,Sham19Y0013605,4160,78,402,191,75
643,685,902,Sham19Y0013605,4289,1,241,163,85
643,653,893,JK007070,112,1185,1445,177,84
643,263,902,JK000110,792,1,411,251,44
643,633,902,JK000110,1546,291,615,191,75
643,633,902,JK000110,1602,740,1036,198,84
643,633,902,JK006897,226,271,583,188,73
643,215,902,Shamela0096283,247,1,443,287,49
643,633,902,Shamela0028107,87,925,1242,195,78
643,633,902,Shamela0023628,3482,701,1006,180,73
643,633,902,Sham19Y0014462,215,649,973,182,70
643,633,902,Shamela0010803,89,803,1156,187,67
643,178,344,Shamela0012014,154,413,608,126,80
643,636,902,Shamela0012014,172,980,1270,191,82
643,633,902,Shamela0004445,2664,141,471,191,73
643,188,339,Shamela0001438,6428,367,549,120,80
643,188,902,Sham19Y0016584,2363,514,1033,310,47
643,653,902,JK007045,798,759,1037,148,61
643,188,344,Shamela0021809,407,317,504,120,79
643,653,902,Masaha003104,36,698,1002,169,70
643,188,383,ShamIbadiyya0000109,7349,933,1140,129,77
643,633,902,Sham19Y0016684,1209,877,1160,190,82
643,633,920,Sham19Y0016684,1803,75,413,197,73
643,708,902,Zaydiyya0000185,73,1,219,146,84
643,188,339,JK000001,1964,485,674,119,77
643,164,339,Sham19Y0014309,1279,961,1137,130,89
643,623,902,ShamAY0035960,597,186,479,200,82
643,633,902,Shamela0001483,11,292,609,195,78
643,178,339,Shamela0037837,374,1253,1442,123,80
643,633,902,Shamela0037837,427,788,1061,183,82
643,633,902,Shamela0037837,711,450,774,191,75
643,653,902,Sham19Y0122257,3279,395,749,180,64
643,633,902,Shamela0005756,13466,926,1248,189,74
643,685,902,Masaha003032,80,1,299,159,67
643,140,383,Masaha003032,99,837,1112,153,66
643,178,339,Sham19Y0014592,1177,1242,1445,113,69
644,57,311,Sham19Y0001729,1433,257,515,192,88
644,34,281,Sham19Y0147597,384,1315,1551,175,80
644,57,311,Shamela0021715,4000,226,486,201,93
644,57,311,Shamela0021715,8105,106,363,201,93
644,159,311,Zaydiyya0000080,392,473,630,123,94
644,511,692,JK009152,1399,241,418,142,96
644,555,692,Sham19Y0023608,57,711,1262,111,24
644,489,692,JK007083,189,360,562,149,89
644,90,311,Sham19Y0018176,945,5,228,177,96
644,489,692,Sham19Y0018176,1928,1216,1422,150,88
644,57,311,Sham19Y0018176,1939,778,1035,201,93
644,536,692,Sham19Y0127656,630,27,179,122,96
644,53,311,JK000159,2030,486,756,193,84
644,57,311,Masaha001946Vols,776,455,715,196,90
644,57,311,Shamela0012981,94,250,509,198,90
644,57,311,Sham19Y0018106,1740,443,703,201,93
644,489,692,Sham19Y0018106,3292,417,632,150,85
644,57,311,Sham19Y0018106,3301,162,419,201,93
644,57,311,ShamAY0035884,3637,855,1107,195,90
644,489,692,Shamela0009111,114,983,1189,150,88
644,57,311,Shamela0000041,2610,1186,1447,203,94
644,57,311,ShamAY0034005,950,18,284,192,87
644,57,311,Sham19Y0018103,1730,647,907,201,93
644,57,311,Sham19Y0018103,3194,768,1025,201,93
644,564,692,Shia002261Vols,44,1197,1330,97,90
644,57,311,Shamela0006947,20111,1149,1406,201,93
644,57,311,Sham19Y0013252,4279,699,959,201,93
644,489,692,Sham19Y0013252,7494,960,1175,150,85
644,57,311,Sham19Y0013252,7527,175,432,201,93
644,477,692,JK001492,214,1233,1443,151,82
644,57,311,Shia002069Vols,782,631,894,195,89
644,57,311,JK009324,2206,424,684,201,93
644,511,692,JK009324,2411,8,185,142,96
644,41,311,JK009324,2418,1204,1469,195,83
644,564,692,Sham19Y0127677,311,1179,1312,97,90
644,564,692,Sham19Y0022884,210,409,532,99,96
644,564,692,JK007111,1145,1294,1427,97,90
644,564,692,JK009274,146,818,951,97,90
644,555,692,Sham19Y0038171,972,290,436,108,91
644,555,692,Shamela0010517,176,1,138,111,100
644,555,692,Shamela0010517,2150,1,138,111,100
644,564,692,JK009390,301,397,530,97,90
644,555,692,Sham19Y0122096,551,1267,1408,104,90
644,57,288,Sham19Y0013605,2274,319,556,184,93
644,564,692,Sham19Y0013605,3819,714,837,99,96
644,57,311,Sham19Y0013605,3829,592,849,201,93
644,57,311,JK000110,597,737,997,201,93
644,489,692,JK000110,1396,283,489,150,88
644,57,311,JK000110,1398,937,1194,201,93
644,489,692,Shamela0096283,377,912,1118,150,88
644,564,692,Hindawi071608050,272,144,267,99,96
644,57,311,Kraken210809220219,407,201,437,180,83
644,489,692,Sham19Y0017747,1513,819,1025,147,87
644,31,311,JK009362,1202,1341,1604,198,83
644,495,692,Hindawi015197275,133,1361,1555,146,90
644,57,311,Shamela0001466,3738,693,950,178,81
644,564,692,Shamela0001438,668,1448,1581,97,90
644,564,692,Shamela0006610,771,488,616,93,91
644,57,311,Sham19Y0016584,1903,654,914,201,93
644,57,311,Sham19Y0016584,3573,720,977,201,93
644,57,311,Sham19Y0016684,949,136,396,201,93
644,555,692,Sham19Y0016684,1710,1415,1547,107,96
644,555,692,ShamIbadiyya0000075,145,339,471,107,96
644,57,311,ShamAY0035035,3816,652,909,185,85
644,555,692,ShamAY0035035,3831,156,302,108,91
644,79,325,Shamela0037837,972,961,1235,193,86
644,57,281,Shamela0005756,7993,1298,1528,178,93
644,489,692,Shamela0005756,12530,421,627,150,88
644,57,311,Shamela0005756,12559,695,950,200,92
644,53,311,Hindawi082068526,185,254,517,203,93
645,612,853,Sham19Y0009800,842,74,308,152,74
645,597,857,Masaha001961Vols,1073,383,668,163,67
645,597,853,Shia001432Vols,6636,783,1018,160,78
645,597,853,Shia001432Vols,9925,1197,1431,165,82
645,584,834,JK007021,161,1183,1435,160,74
645,597,857,JK007021,162,87,417,160,61
645,597,857,Sham19Y0146127,3293,656,893,170,83
645,597,857,Shamela0021715,4423,1000,1241,174,85
645,712,857,Zaydiyya0000220,234,1,134,95,83
645,597,728,Shamela0001524,1911,1304,1429,90,87
645,645,857,ShamAY0038083,218,1,198,142,84
645,597,857,JK001173,396,699,947,179,87
645,584,790,Sham19Y0023608,3682,302,500,112,65
645,612,786,Tafsir09084,2271,1235,1432,115,70
645,612,857,Shamela0007798,8401,1104,1329,161,82
645,597,857,Sham19Y0018176,1036,1043,1284,174,85
645,612,857,Sham19Y0127656,318,505,1064,162,35
645,597,857,JK006838,849,454,695,164,80
645,612,857,Masaha001946Vols,489,295,884,142,27
645,584,857,JK001263,6,181,459,178,74
645,597,834,Zaydiyya0000286,54,1317,1535,158,85
645,597,857,Zaydiyya0000286,55,76,361,161,71
645,571,728,Shamela0012293,6243,62,347,109,48
645,601,857,Shamela0026039,233,371,650,173,73
645,638,857,Shamela0000041,2383,56,255,147,85
645,597,853,Rafed0001713Vols,2475,738,974,162,80
645,612,857,Sham19Y0148271,1884,523,751,162,82
645,597,857,JK007065,1154,1077,1315,170,83
645,597,857,Shamela0025794,3520,139,386,168,79
645,597,857,Sham19Y0017729,290,1,583,170,35
645,597,857,Shamela0013174,1245,1173,1404,160,79
645,597,857,Shamela0013174,1246,27,321,154,65
645,597,857,JK000165,3391,1154,1392,169,83
645,612,857,ShamAY0034282,1227,1194,1416,163,84
645,597,853,ShamAY0034282,1228,23,666,155,30
645,597,857,Sham19Y0022884,261,710,935,156,77
645,597,857,Shamela0001442,517,830,1069,166,81
645,597,728,Zaydiyya0000161,153,1346,1490,90,78
645,597,857,Shamela0026568,227,771,1009,173,85
645,597,857,JK009336,2207,1171,1413,167,81
645,597,857,JK009336,2208,39,343,157,65
645,597,857,JK001303,386,176,413,166,81
645,597,857,JK000474,3771,710,953,168,81
645,597,857,Shamela0036446,836,914,1155,174,85
645,597,728,JK000484,5950,1305,1430,90,87
645,597,853,ShamAY0002038,490,386,670,157,65
645,597,857,JK000105,729,410,692,152,63
645,597,857,Shamela0096283,221,995,1236,174,85
645,612,853,Tafsir04003,3614,824,1048,158,83
645,597,803,Shamela0010906,391,1266,1457,130,79
645,597,857,Shia001553,179,230,562,167,61
645,657,853,Shia001378,17,5,223,105,59
645,607,857,Shamela0023578,2913,138,381,165,78
645,597,857,Shamela0003118,6491,301,546,166,79
645,584,754,Shamela0006610,976,1242,1448,105,59
645,638,857,Tafsir02096,1887,1,202,147,85
645,597,857,Sham19Y0016584,2088,794,1384,174,36
645,597,857,Sham19Y0016584,2089,18,322,157,65
645,597,857,Sham19Y0145435,5261,1142,1384,172,84
645,597,857,Sham19Y0145435,5262,10,318,157,64
645,597,857,Zaydiyya0000142,2308,104,343,169,83
645,597,857,Shamela0021809,2409,428,679,166,77
645,597,857,Shia001416,407,1239,1485,169,81
645,601,857,Shamela0010283,3575,358,703,178,63
645,612,853,ShamAY0037152,969,1251,1475,158,83
645,597,803,Sham19Y0016684,1059,1260,1447,137,84
645,634,853,Zaydiyya0000185,62,1,243,159,81
645,597,857,JK000916,22592,1161,1403,164,79
645,597,857,JK000916,22593,19,313,162,69
645,597,728,JK000122,503,1312,1437,90,87
645,597,857,Rafed0000167,65,806,1047,172,84
645,597,728,Shamela0009429,4318,581,706,90,87
645,597,857,Tafsir10098,1481,116,393,149,65
645,612,857,Shamela0008473,4425,243,470,164,85
645,597,853,Shamela0012884,4667,1128,1364,168,83
645,622,857,Shamela0012884,4668,1,279,151,68
645,597,857,Shamela0023685,224,174,413,171,83
645,597,857,Shamela0005756,8594,886,1123,171,84
645,601,853,JK000362,1289,257,492,150,70
647,1030,1226,Sham19Y0009800,39,356,552,158,100
647,1030,1226,Sham19Y0009800,276,654,850,158,100
647,1030,1226,Sham19Y0009800,477,7,203,158,100
647,1030,1226,Shia001432Vols,2446,190,386,158,100
647,1030,1226,Shia001432Vols,6093,205,402,158,99
647,1030,1391,JK000791,594,1167,1358,143,47
647,1030,1226,Tafsir02102,726,1205,1401,158,100
647,1030,1226,Rafed0003257Vols,1949,47,243,158,100
647,1030,1226,Shamela0021821,501,391,587,158,100
647,1030,1226,Meshkat0014420,1358,748,944,158,100
647,1030,1226,Shamela0004473,3089,17,213,158,100
647,1030,1226,Sham19Y0023618,512,1325,1521,158,100
647,1030,1226,Shamela0010273,693,1098,1294,158,100
647,1030,1226,JK009268,1656,109,305,158,100
647,1030,1376,Tafsir06051,168,1351,1515,134,47
647,1030,1376,Tafsir06051,212,749,913,134,47
647,1030,1376,Shamela0006947,10271,614,778,134,47
647,1030,1226,Shia002356Vols,299,727,923,158,100
647,1030,1226,Shamela0003055,3174,165,361,158,100
647,1030,1226,Hindawi070427368,54,495,691,158,100
647,1030,1226,JK000333,110,1128,1324,158,100
647,1030,1226,JK009266,3287,54,250,158,100
647,1030,1376,Sham19Y0016953Vols,1431,483,647,134,47
647,1030,1226,Shamela0029743,245,304,500,158,100
647,1030,1226,JK009270,1284,921,1117,158,100
647,1030,1226,JK007018,169,1260,1457,158,99
647,1030,1226,QuranAnalysis001,52,605,801,158,100
647,1030,1226,JK009362,2355,265,463,158,98
647,1030,1226,Shamela0023591,2693,476,672,158,100
647,1030,1226,Sham19Y0020891,1779,566,762,158,100
647,1030,1226,Shamela0008381,792,1290,1486,158,100
647,1030,1226,Shamela0008381,832,1254,1450,158,100
647,1030,1226,JK009396,376,326,522,158,100
647,1030,1226,Shamela0008473,1652,1341,1537,158,100
647,1030,1376,Shamela0008473,3613,435,599,134,47
647,1050,1376,Shamela0009770,220,1,145,118,44
647,1030,1226,Shamela0012884,1673,727,922,157,99
652,1349,1502,Shia001432Vols,5406,629,782,121,100
652,1349,1502,Shia001432Vols,23080,1227,1380,121,100
652,318,492,JK000791,998,613,788,140,99
652,1349,1526,Shamela0009789,348,393,568,127,91
652,1349,1502,JK000343,723,996,1149,121,100
652,1349,1536,Shamela0008612,112,630,832,132,83
652,1349,1502,Rafed0003257Vols,5350,781,934,121,100
652,1349,1502,Sham19Y0023608,4166,940,1093,121,100
652,296,492,Shamela0007798,4899,687,892,154,93
652,1349,1461,Shamela0007798,9352,171,432,89,42
652,318,487,Sham19Y0014404,622,769,938,136,100
652,318,487,Meshkat00057178,1907,561,730,136,100
652,318,487,Sham19Y0147312,938,1171,1340,136,100
652,318,480,Zaydiyya0000062,765,289,451,130,100
652,1349,1502,Zaydiyya0000062,2119,189,347,121,96
652,1349,1483,Shamela0021821,1962,1427,1561,106,100
652,1349,1502,Meshkat0014420,4804,69,222,121,100
652,1374,1502,Shamela0000041,2713,286,414,101,100
652,296,492,JK010001,667,247,450,152,93
652,1349,1474,JK010001,1247,1409,1534,99,100
652,312,492,Shamela0004473,12793,191,372,145,99
652,1349,1536,Sham19Y0023618,1828,99,294,117,72
652,1349,1502,Rafed0001713Vols,2857,385,538,121,100
652,312,487,JK006478,4812,783,957,137,97
652,1349,1502,JK009268,4540,572,725,121,100
652,312,476,Shamela0022653,51,1377,1536,127,95
652,1349,1502,Shamela0023632,3673,457,610,121,100
652,312,487,Sham19Y0018103,4272,581,772,141,91
652,1349,1502,Shia004552Vols,127,871,1024,121,100
652,1349,1536,Shamela0006947,7234,1348,1528,132,87
652,1349,1506,Shamela0006947,20429,227,388,124,97
652,318,492,Sham19Y0013550,299,172,347,140,99
652,1374,1502,Shia002356Vols,1346,1,129,101,100
652,1349,1502,JK000381,4916,86,239,121,100
652,1349,1502,Hindawi083828042,9,5,158,121,100
652,318,487,JK001496,907,1255,1424,136,100
652,1349,1536,JK001496,2473,52,248,132,86
652,1349,1502,JK009266,9333,691,844,121,100
652,1349,1506,Masaha000554Vols,6643,1292,1449,122,98
652,296,492,Tafsir07055,721,340,542,151,92
652,1349,1488,Tafsir07055,1320,1398,1537,110,100
652,1349,1461,Zaydiyya0000355,37,173,293,89,93
652,1349,1502,Shamela0029743,1180,722,875,121,100
652,312,487,JK001420,439,149,325,141,99
652,1374,1502,Shia002382Vols,2480,964,1121,101,81
652,1349,1502,JK009270,1971,386,539,121,100
652,1349,1502,Hindawi020604026,173,239,392,121,100
652,1349,1502,Shamela0026539,38,155,308,121,100
652,1349,1461,JK007018,834,1402,1514,89,100
652,318,492,Shamela0022371,202,490,664,136,97
652,1349,1456,Tafsir07053,297,1574,1681,85,100
652,1349,1502,Tafsir07053,298,1169,1322,121,100
652,1349,1502,Tafsir07053,299,991,1144,121,100
652,1374,1502,Tafsir07053,303,402,927,101,24
652,1349,1502,QuranAnalysis001,254,86,239,121,100
652,1349,1536,Shamela0029677,1661,592,777,130,88
652,1353,1502,Meshkat00042488,1832,386,1044,109,21
652,1349,1502,JK009362,9009,91,244,121,100
652,1349,1502,JK009362,9041,731,884,121,100
652,1349,1502,Zaydiyya0000274,771,428,581,121,100
652,1349,1502,Shamela0023591,6763,424,577,121,100
652,1349,1502,Shamela0023591,6764,873,1026,121,100
652,1349,1502,Rafed0003943Vols,1621,107,260,121,100
652,1349,1502,Shamela0023578,3362,1,154,121,100
652,1349,1536,Sham19Y0020891,6704,548,729,129,88
652,1349,1536,Hindawi085925824,24,1027,1199,129,87
652,1349,1502,JK009396,1727,568,721,121,100
652,312,487,Sham19Y0145435,4914,152,340,141,93
652,1374,1488,JK006476,1979,1245,1359,90,100
652,1236,1502,Shamela0009918,1600,414,656,130,57
652,1349,1502,Shia003636Vols,625,507,660,121,100
652,1335,1502,Hindawi030353837,581,154,317,126,95
652,1349,1502,ShamAY0037152,336,1079,1232,121,100
652,312,487,Sham19Y0016684,2044,492,690,141,88
652,1349,1461,Tafsir07076,2972,46,158,89,100
652,1349,1536,Tafsir07076,8848,1246,1434,134,90
652,1374,1514,Tafsir07076,9366,915,1052,107,97
652,1338,1536,Shamela0002300,156,719,938,133,77
652,1349,1502,Shamela0008473,4999,301,454,121,100
652,1349,1461,Shamela0008473,5001,96,388,89,38
652,1349,1502,Shamela0007380,84,1357,1510,121,100
652,1305,1502,Hindawi017160604,571,52,255,132,82
656,674,893,Sham19Y0014328,538,623,1028,168,50
656,674,938,JK001036,42,256,540,137,59
656,674,893,JK009152,2442,225,940,165,28
656,674,893,JK009141,1339,250,943,160,28
656,674,938,Sham19Y0127656,414,268,1061,186,29
656,674,938,Sham19Y0018106,2463,462,1260,186,29
656,674,938,Shamela0000041,1807,303,1091,184,29
656,670,893,Shamela0000736,174,1205,1483,166,73
656,674,888,Sham19Y0016976,1793,930,1499,164,35
656,674,938,Sham19Y0148271,1578,637,1425,185,29
656,657,938,Shamela0036543,189,205,816,151,31
656,674,938,Sham19Y0018103,2349,463,1257,186,29
656,674,938,Shamela0010895,145,185,648,182,48
656,674,938,ShamAY0037387,199,900,1368,182,47
656,674,867,JK000913,3214,1180,1342,122,76
656,674,938,Rafed0003489,184,32,846,185,28
656,674,938,JK000330,956,175,960,186,29
656,674,938,JK009266,6804,42,803,169,28
656,662,893,JK001303,479,300,701,167,51
656,674,938,JK000110,911,469,1267,186,29
656,674,938,Shamela0096283,280,542,1340,186,29
656,674,893,Shamela0004445,2153,756,1395,155,30
656,674,938,Shamela0004445,2891,520,1333,185,28
656,674,893,JK007045,807,39,608,168,36
656,674,938,Sham19Y0145435,5346,125,917,186,29
656,747,938,Sham19Y0016684,1320,73,732,126,24
656,712,938,Sham19Y0017903,362,1,762,142,23
656,674,938,Sham19Y0122257,3309,762,1406,186,35
656,674,938,Shamela0005756,10074,167,964,187,29
660,424,667,Sham19Y0001729,689,479,744,185,81
660,424,667,Sham19Y0001729,779,240,508,178,78
660,410,667,Shamela0021715,9109,1315,1557,181,86
660,410,667,Shamela0001341,24,847,1089,174,82
660,424,667,Shamela0096178,38,926,1154,178,89
660,533,667,Sham19Y0018176,2164,5,132,101,90
660,410,667,JK009141,480,188,416,164,77
660,410,667,JK000011,42,318,565,178,84
660,410,667,Sham19Y0018106,3608,537,779,181,86
660,410,667,JK000725,361,53,343,191,79
660,424,653,Shamela0029967,25,1483,1681,129,59
660,424,667,ShamAY0034005,220,937,1205,169,68
660,410,667,Sham19Y0018103,3551,507,749,181,86
660,410,667,Sham19Y0013252,8773,1057,1299,181,86
660,7,153,JK009317,3,229,495,94,45
660,424,636,JK009324,3156,438,626,139,79
660,424,667,Shamela0005772,169,422,639,165,82
660,417,667,Sham19Y0013605,4247,273,503,173,84
660,424,649,ShamAY0038116,64,1240,1490,163,76
660,410,667,JK000110,1584,967,1209,182,87
660,410,667,Shamela0010803,104,653,921,176,77
660,424,667,JK000088,178,1103,1335,177,87
660,410,667,Sham19Y0016684,1824,1001,1243,181,86
660,467,667,Shamela0037837,129,1,197,153,90
660,410,667,Shamela0005756,13663,680,922,182,87
662,509,793,Sham19Y0009800,257,1,320,147,56
662,619,1195,Tafsir02102,639,11,795,295,42
662,481,659,JK009247,209,477,673,107,65
662,488,793,Shamela0022721,530,576,881,146,50
662,752,1195,JK000105,662,659,1373,256,41
662,619,1170,JK000796,29,697,1369,240,35
662,488,659,ShamAY0001760,173,868,1063,128,80
662,727,1190,JK006886,95,1015,1536,227,47
662,488,659,Hindawi092028080,117,1325,1528,134,82
662,488,793,Shamela0023645,51,320,690,155,40
662,492,793,Shamela0010283,3855,185,539,162,55
662,509,793,Shamela0023653,698,330,639,108,29
665,1466,1608,JK010001,1794,1408,1550,117,100
665,1466,1608,Tafsir07055,1880,716,858,117,100
666,630,891,JK006838,1242,58,288,175,79
666,630,891,Shamela0035100,398,503,760,195,87
666,630,891,Tafsir07055,1487,842,1099,147,58
666,630,891,JK000105,965,1120,1388,206,92
666,630,841,Shamela0010906,582,1271,1495,165,91
668,272,462,Shamela0021715,9213,1188,1387,134,76
668,272,462,Shamela0021715,9214,71,398,145,54
668,277,462,Kraken230106005528,28,107,295,120,71
668,272,462,Shamela0001524,650,281,491,141,82
668,277,469,Shamela0001341,50,357,558,132,75
668,272,462,JK009152,81,787,966,136,85
668,277,462,Sham19Y0023608,3220,41,245,135,79
668,277,632,Shamela0021766,1350,552,863,164,51
668,277,457,Shamela0021766,3694,1425,1635,130,74
668,272,632,Sham19Y0018176,2187,883,1222,163,46
668,272,462,Sham19Y0018176,2531,407,625,139,78
668,272,462,JK009141,810,981,1156,128,80
668,272,632,JK000011,84,152,455,164,47
668,335,462,Shamela0000041,2109,1,155,101,81
668,272,462,Sham19Y0018103,3591,1163,1362,134,76
668,272,462,Sham19Y0018103,4149,1107,1310,136,80
668,277,462,Shamela0006947,5886,363,553,136,85
668,272,462,Sham19Y0013252,8859,1274,1473,134,76
668,277,462,Sham19Y0013252,8860,158,388,141,75
668,272,462,Sham19Y0013252,10409,592,795,136,80
668,311,462,JK009324,3199,1232,1406,113,81
668,277,425,Sham19Y0145212,235,539,706,105,75
668,277,465,Sham19Y0023625,2136,99,307,138,77
668,277,462,JK009336,122,948,1180,147,78
668,277,462,Shamela0036446,31,197,391,130,76
668,320,632,Sham19Y0013605,4295,884,1193,142,45
668,272,462,JK007043,2672,66,279,142,80
668,272,462,JK000110,1902,1046,1253,139,82
668,272,462,Shamela0023628,2885,333,542,136,78
668,277,462,Shamela0037458,3487,857,1060,136,80
668,311,462,JK000216,238,795,966,112,78
668,277,462,Shamela0010803,164,950,1185,147,77
668,277,462,Shamela0023645,210,1253,1458,139,84
668,277,462,Shamela0037325,1850,375,580,139,84
668,272,462,Sham19Y0016584,4721,944,1147,136,80
668,277,462,JK007045,33,444,666,146,82
668,330,462,Kraken230110004547,9,587,731,104,89
668,277,462,JK009313,2800,925,1164,147,76
668,277,462,JK009313,5189,958,1152,143,89
668,272,462,Zaydiyya0000185,73,287,486,132,75
668,330,462,Rafed0000167,76,60,202,105,91
668,277,462,Sham19Y0014309,104,1192,1395,147,90
668,272,462,Shamela0005756,13757,71,271,133,75
668,272,462,Shamela0005756,15183,863,1033,121,78
669,771,908,Shamela0009300,2,640,752,74,67
669,351,469,Sham19Y0018176,2164,1075,1194,90,86
669,351,473,Sham19Y0127656,707,805,931,92,84
669,351,469,Sham19Y0018106,3609,583,702,90,86
669,351,469,Sham19Y0018103,3552,848,967,90,86
669,351,469,Sham19Y0013252,8774,583,702,90,86
669,351,469,Sham19Y0009763,96,1386,1504,90,87
669,351,469,JK009324,3156,1227,1346,90,86
669,351,469,Shamela0005772,169,925,1043,90,87
669,771,908,JK000021,1817,782,894,74,67
669,351,469,Sham19Y0013605,4248,397,516,90,86
669,351,469,ShamAY0035250,61,621,740,90,86
669,351,469,JK000110,1585,518,637,90,86
669,351,469,Shamela0096283,401,733,851,90,87
669,351,469,Sham19Y0016584,3980,723,842,90,86
669,351,469,Shamela0005756,13665,1090,1209,90,86
670,960,1273,Sham19Y0001729,204,535,813,191,76
670,960,1273,Shamela0021715,9058,284,640,155,44
670,960,1273,Shamela0021715,9748,261,628,229,78
670,1052,1247,Shamela0021715,9749,30,1060,123,15
670,964,1273,JK000943,52,121,404,195,78
670,1124,1273,Tafsir09084,1726,1278,1429,114,95
670,960,1273,Sham19Y0018176,2152,982,1345,183,55
670,960,1273,Sham19Y0018176,2301,300,667,229,78
670,964,1273,Sham19Y0127656,19,12,351,210,74
670,964,1247,JK000475,2107,240,605,165,55
670,960,1238,Shamela0012851,332,17,563,137,29
670,960,1273,Sham19Y0018106,3591,1107,1470,183,55
670,1105,1247,Sham19Y0018106,3592,1,153,95,81
670,960,1273,Sham19Y0018106,3822,134,501,229,78
670,960,1226,Shamela0021821,436,354,742,175,56
670,964,1273,JK009154,45,791,1168,154,40
670,964,1273,Sham19Y0148271,1895,861,1251,229,74
670,960,1273,Sham19Y0018103,3532,515,818,220,88
670,960,1273,Sham19Y0018103,3782,20,387,229,78
670,964,1226,JK007065,226,241,729,104,23
670,960,1273,JK000384,52,1119,1411,193,76
670,960,1254,Sham19Y0013252,9287,1081,1429,214,77
670,1009,1273,Shamela0025794,2446,184,585,181,58
670,955,1273,Shamela0025794,4138,638,1263,158,32
670,964,1273,Shamela0025794,4163,565,942,161,43
670,1023,1273,Sham19Y0009763,149,1,295,190,81
670,1004,1273,JK000063,30,210,484,161,64
670,964,1268,ShamAY0035990,187,1118,1527,144,36
670,1014,1226,JK007054,105,185,492,158,64
670,960,1222,Shamela0001727,42,1115,1428,95,28
670,980,1273,JK009324,3540,339,588,180,75
670,964,1273,JK009336,2555,996,1383,149,38
670,960,1210,JK000474,3794,1030,1362,140,50
670,960,1238,JK009408,1815,346,799,170,47
670,1080,1273,Sham19Y0013605,4224,1,181,141,93
670,960,1156,Sham19Y0013605,4525,584,834,137,69
670,964,1226,Sham19Y0018144,30,1172,1438,146,65
670,980,1273,ShamAY0035250,60,1,333,143,42
670,960,1273,JK000110,1575,297,653,155,44
670,960,1273,JK000110,1702,118,484,225,78
670,960,1238,ShamAY0032757,2,4,359,164,55
670,1004,1273,Sham19Y0132415,461,929,1101,125,59
670,960,1210,Shamela0003118,6624,718,1116,154,44
670,1105,1247,Sham19Y0016584,3956,57,209,95,81
670,1068,1273,Sham19Y0016584,4255,1,256,157,78
670,964,1222,JK009313,3155,1050,1432,171,57
670,995,1210,Sham19Y0017535,21,78,325,96,39
670,1014,1247,Shamela0006739,36,263,762,93,20
670,964,1273,JK000916,23109,203,519,199,72
670,964,1273,Rafed0000167,14,169,499,211,76
670,964,1273,Shamela0008473,3420,828,1204,224,75
670,964,1247,JK000735,46,244,611,165,55
670,1052,1273,Shamela0037837,52,1,279,170,77
670,960,1273,Shamela0005756,13611,392,749,154,43
670,960,1156,Shamela0005756,14199,1238,1489,137,68
671,261,423,Sham19Y0146127,2287,592,744,108,79
671,281,543,JK000465,2775,919,1157,133,62
671,257,442,JK000094,1480,184,382,139,87
671,243,423,Sham19Y0029676,739,1183,1367,108,63
671,243,548,JK009336,1742,256,629,146,41
671,251,423,JK000484,4235,328,517,123,75
671,243,423,Shamela0023628,2570,275,527,128,64
671,236,442,Shamela0001717,3992,285,507,101,48
671,251,423,JK009313,3986,62,309,122,62
673,599,868,Sham19Y0009800,174,1044,1293,202,92
673,1119,1461,ShamAY0009682,28,271,380,77,28
673,599,868,JK009247,202,153,404,199,90
673,1119,1457,Shamela0001385,61,1209,1355,77,30
673,1119,1461,Shamela0006947,15181,846,964,83,31
673,599,875,Rafed0003537Vols,102,615,871,206,92
673,1119,1461,JK009137,2966,136,409,82,25
673,599,868,Shamela0023645,31,835,1084,202,92
673,608,868,JK009313,2778,817,1114,186,75
677,1030,1301,JK000533,1356,1153,1374,169,76
677,1030,1292,ShamAY0034447,2123,1252,1513,207,96
677,1133,1301,Sham19Y0029560,35,1303,1471,132,94
677,1008,1264,JK001164,16,1385,1605,165,74
677,1012,1301,Shamela0035100,495,1193,1496,225,90
677,1044,1301,Shamela0009862,151,1123,1379,201,95
677,1012,1243,Rafed0000185Vols,332,1328,1574,185,92
677,1030,1301,Shamela0023833,196,1077,1347,217,97
677,1133,1301,Shamela0023700,1270,1,168,129,92
677,1012,1301,Shamela0010906,89,1092,1395,225,90
677,1020,1301,AOCP2023090619,55,16,282,176,68
677,1012,1609,Shamela0012318,396,204,613,259,48
677,1030,1301,Masaha002028Vols,510,742,1013,217,98
677,1030,1301,Shamela0009770,185,734,1005,215,97
678,871,1064,Sham19Y0009800,406,1120,1310,150,96
678,1276,1592,Sham19Y0009800,407,373,661,225,84
678,1270,1592,Masaha001961Vols,587,437,770,239,81
678,1,211,Masaha001961Vols,648,913,1114,153,91
678,1276,1592,JK000132,773,115,422,237,89
678,1276,1575,Sham19Y0122173,538,695,1041,189,61
678,857,1176,Shamela0009789,368,226,762,212,47
678,1439,1592,Shamela0009789,369,1,158,122,92
678,1276,1592,Tafsir02102,1439,554,860,242,90
678,1,211,Shamela0021715,6058,1247,1466,152,86
678,1,192,JK000479,140,1298,1490,119,74
678,834,1064,EShia0086596,61,13,232,142,70
678,1276,1592,Rafed0003726Vols,1469,801,1087,201,72
678,1276,1592,Shamela0001524,888,735,1051,240,87
678,1,211,Shamela0001524,1861,340,560,152,87
678,857,1592,ShamIbadiyya0000050,2118,309,1454,468,47
678,1276,1592,Rafed0003257Vols,5080,367,704,237,85
678,1276,1528,JK000022,117,1265,1505,188,88
678,857,1176,Shia002185Vols,1283,526,1183,203,38
678,1276,1592,Shia002185Vols,1284,120,436,234,84
678,1,211,JK009152,2222,182,400,150,86
678,1,211,Sham19Y0018176,1433,948,1167,152,86
678,1,211,JK009141,1358,311,531,153,87
678,950,1592,JK000159,638,1,1041,366,41
678,1,211,JK006838,448,324,508,140,81
678,1329,1592,Hindawi037926480,79,959,1229,216,96
678,1,211,Sham19Y0023644,1002,925,1103,132,76
678,1276,1592,Hindawi092024806,72,551,902,231,80
678,1,211,Sham19Y0018106,2609,236,455,152,86
678,1276,1519,Tafsir09068,177,1400,1676,171,71
678,750,1176,Tafsir09068,294,1097,1653,223,43
678,1276,1592,Tafsir09068,295,124,408,222,85
678,1276,1592,Tafsir09068,1150,501,854,249,86
678,1,211,Shamela0021493,18,1036,1257,151,86
678,1276,1592,Shamela0012935,304,1222,1529,240,89
678,857,1064,Shamela0012935,304,127,328,153,90
678,863,1064,ShamAY0034447,2116,446,669,135,72
678,1276,1592,ShamAY0034447,2117,198,516,253,95
678,1,211,JK010475,47,83,306,152,82
678,1329,1592,Shamela0004473,4778,167,411,195,87
678,762,1592,Shamela0004473,11095,223,871,366,51
678,1276,1592,Shamela0004473,17022,1056,1385,241,87
678,1,163,Shamela0009654,74,356,507,115,89
678,857,1064,Shamela0010695,74,1057,1259,160,93
678,1276,1592,Shamela0010695,75,636,949,238,86
678,857,1176,Shamela0010637,141,715,1198,214,53
678,1276,1592,Shamela0010637,142,34,331,242,92
678,1,211,ShamAY0034434,57,1181,1402,152,87
678,857,1176,Shamela0022593,669,686,1114,206,55
678,1276,1592,Shamela0022593,670,67,374,243,93
678,1,211,JK009247,36,594,782,145,85
678,857,1064,ShamAY0033660,21,1023,1227,155,91
678,1276,1592,ShamAY0033660,22,575,876,238,88
678,857,1064,Sham19Y0148271,372,1054,1258,155,91
678,1276,1592,Sham19Y0148271,373,580,882,233,86
678,1,211,Sham19Y0018103,2500,164,383,152,86
678,1,211,JK007065,1422,898,1119,153,87
678,30,211,Hindawi096385968,66,436,608,127,84
678,1276,1583,Zaydiyya0000025,9,959,1254,188,72
678,857,1064,Zaydiyya0000025,43,16,222,161,94
678,1281,1592,Zaydiyya0000025,44,1,318,245,92
678,1,211,AOCP2023090638Vols,90,344,535,143,82
678,1318,1592,Shamela0006947,7477,1133,1460,207,75
678,1409,1592,Shamela0035100,63,5,182,140,91
678,814,1491,Shamela0035100,500,705,1562,364,47
678,1,153,Sham19Y0013252,6126,1302,1453,116,95
678,857,1064,Shamela0025794,387,601,805,155,91
678,1276,1592,Shamela0025794,388,174,479,241,89
678,1276,1592,Shamela0025794,4251,1266,1577,241,88
678,857,1064,Shamela0025794,4251,147,351,155,91
678,1,211,JK000365,2140,365,575,146,83
678,1,211,Shamela0013174,1273,798,1022,150,81
678,857,1064,JK009191,13,344,548,155,91
678,1439,1592,JK009191,14,1,180,124,84
678,1276,1592,Shamela0008571,23,464,766,235,88
678,1276,1592,Shamela0003055,3053,253,555,235,88
678,1276,1592,Hindawi059616186Vols,2174,171,506,216,70
678,1276,1592,Rafed0000185Vols,65,490,853,240,80
678,857,1176,Rafed0000185Vols,334,536,1111,229,48
678,1276,1592,Rafed0000185Vols,335,97,395,238,89
678,857,1058,JK000330,53,1351,1549,151,91
678,1276,1592,JK000330,54,954,1256,237,87
678,724,1592,Hindawi070427368,11,65,905,378,39
678,807,1592,JK000333,174,674,1600,470,57
678,857,1176,Shamela0012406,505,953,1400,198,49
678,1276,1592,Shamela0012406,506,302,614,235,84
678,1270,1583,Masaha000554Vols,3308,860,1150,197,75
678,863,1064,JK000089,27,1264,1480,147,83
678,857,1064,JK000089,28,120,323,154,90
678,1276,1592,JK000089,28,1234,1539,241,89
678,1,211,JK009336,3344,941,1162,152,87
678,1,211,Sham19Y0020638,1373,536,755,152,86
678,1318,1592,Shamela0036446,770,371,643,215,90
678,807,1064,Hindawi029285358,7,1196,1496,180,72
678,1270,1592,Hindawi029285358,8,479,837,246,84
678,706,1130,JK000637,1845,744,1441,174,27
678,1276,1592,JK000637,1846,1124,1449,244,88
678,871,1176,JK000637,1846,25,621,210,43
678,857,1176,Shamela0012031,193,481,911,214,56
678,1276,1477,Shamela0012031,193,1385,1570,143,82
678,1284,1592,JK009270,2995,1,309,245,94
678,1313,1583,Rafed0003799Vols,1783,757,1010,177,77
678,1276,1583,Rafed0003799Vols,1798,102,422,192,69
678,863,1395,Rafed0003799Vols,1828,546,1619,306,34
678,1395,1592,Rafed0003799Vols,1829,1,192,151,89
678,871,1592,Hindawi020604026,155,6,861,409,50
678,1276,1519,Hindawi063827241,11,1420,1655,182,92
678,871,1064,Hindawi063827241,11,714,911,156,97
678,1,211,JK000110,994,464,665,150,86
678,1264,1583,Shamela0006617,257,390,717,223,75
678,1,211,JK001324,140,272,482,146,83
678,857,1176,Shia002958,71,904,1336,197,49
678,1270,1592,Shia002958,72,240,570,232,79
678,857,1176,Shamela0023833,199,161,787,224,44
678,1276,1512,Shamela0023833,199,1355,1589,183,92
678,1,211,Shamela0096283,301,968,1187,152,86
678,1,211,Shamela0023628,1614,822,1043,153,87
678,1,204,JK000764,363,1340,1559,143,81
678,814,1583,Shamela0010906,94,592,1533,430,50
678,1276,1592,Shamela0010906,248,965,1258,231,87
678,807,1064,Shamela0010906,1112,758,994,164,76
678,1276,1592,Shamela0010906,1113,79,385,239,87
678,1318,1592,Zaydiyya0000087BK1,56,173,455,193,78
678,1,211,Shamela0003118,371,151,371,144,79
678,1,179,Shamela0003118,3511,1303,1472,127,89
678,1293,1528,Sham19Y0020891,2570,483,670,132,64
678,1276,1592,Shamela0001001,209,1247,1558,241,88
678,1,211,Shamela0037325,49,1134,1353,152,86
678,30,211,Sham19Y0016584,2799,1297,1489,134,88
678,1,211,Shamela0009898,30,522,735,145,82
678,857,1176,Sham19Y0145435,5143,676,1319,215,41
678,1276,1592,Sham19Y0145435,5144,229,555,251,91
678,4,211,Kraken230110004547,664,1,230,145,80
678,1313,1583,JK000911,500,372,625,177,77
678,1,211,Shamela0008206,945,398,638,144,71
678,857,1064,Shamela0021809,459,23,226,154,90
678,1276,1592,Shamela0021809,459,1194,1501,234,85
678,1313,1592,Shia003636Vols,621,1267,1524,193,81
678,857,1176,Shia003636Vols,6124,336,992,223,41
678,1276,1592,Shia003636Vols,6125,694,1000,242,90
678,1313,1592,JK009313,887,1254,1542,226,93
678,863,1064,JK009313,887,28,218,140,86
678,1,204,JK009313,902,877,1088,143,85
678,857,1592,Shamela0010283,3266,151,1568,486,41
678,1,211,JK007117,1841,784,1003,152,87
678,857,1064,ShamAY0037152,393,1334,1535,154,90
678,1276,1592,ShamAY0037152,394,773,1079,242,90
678,767,1592,Shamela0012318,396,868,1497,307,40
678,1,211,Sham19Y0016684,1394,1120,1339,152,86
678,1,211,JK000916,11269,27,277,154,76
678,1448,1592,Tafsir07076,2707,1,153,118,94
678,857,1064,Sham19Y0007233,154,1231,1437,162,94
678,1276,1592,Sham19Y0007233,155,795,1117,249,91
678,857,1176,Masaha002028Vols,527,434,1059,224,44
678,1276,1592,Masaha002028Vols,528,42,348,242,90
678,1,211,Shamela0023653,199,1132,1351,150,86
678,857,1064,Shamela0009567,514,272,476,155,91
678,1276,1471,Shamela0009567,514,1401,1578,141,86
678,857,1064,Shamela0009770,187,899,1133,163,85
678,1276,1592,Shamela0009770,188,455,757,241,90
678,1,211,Shamela0012884,2379,846,1029,133,79
678,1313,1583,Rafed0000066,29,1040,1293,177,77
678,1,211,Shamela0037837,843,1128,1335,140,80
678,1,211,Shamela0005756,10499,51,271,153,87
678,1381,1592,Shamela0022712,207,1,215,170,94
679,1,559,Sham19Y0009800,407,661,1291,368,68
679,578,711,Sham19Y0009800,408,99,231,65,52
679,1,508,Masaha001961Vols,587,803,1581,354,55
679,1,261,JK000132,773,422,770,203,70
679,132,438,Sham19Y0122173,538,1097,1456,213,71
679,1,559,Shamela0009789,369,158,882,387,60
679,1,522,Tafsir02102,1439,860,1558,384,67
679,1,229,Rafed0003726Vols,1469,1087,1271,138,73
679,1,624,Shamela0001524,888,1051,1423,214,36
679,1,154,ShamIbadiyya0000050,2118,1454,1601,121,94
679,132,700,ShamIbadiyya0000050,2119,60,902,322,45
679,1,229,Rafed0003257Vols,5080,704,888,138,73
679,1,704,JK000022,118,79,1005,461,57
679,1,711,Shia002185Vols,1284,436,1486,474,54
679,1,494,JK000159,638,1218,1628,283,64
679,1,261,Hindawi037926480,79,1229,1557,208,77
679,1,383,Hindawi092024806,72,902,1319,241,63
679,1,229,Tafsir09068,178,68,252,138,73
679,8,704,Tafsir09068,295,419,1050,317,47
679,1,229,Tafsir09068,1150,854,1038,138,73
679,74,704,Shamela0012935,305,1,845,399,53
679,1,660,ShamAY0034447,2117,516,1576,430,48
679,1,157,Shamela0004473,4778,411,567,130,100
679,148,618,Shamela0004473,7284,960,1587,313,61
679,1,433,Shamela0004473,11095,871,1425,346,74
679,8,636,Shamela0001515,280,72,824,356,51
679,1,438,Shamela0010695,75,949,1568,345,68
679,1,704,Shamela0010637,142,331,1270,443,55
679,1,700,Shamela0022593,670,374,1232,421,55
679,1,522,ShamAY0033660,22,876,1552,378,66
679,1,522,Sham19Y0148271,373,882,1553,375,66
679,1,127,Zaydiyya0000025,9,1254,1380,105,100
679,1,733,Zaydiyya0000025,44,318,1302,471,56
679,1,177,Shamela0006947,7477,1515,1693,144,97
679,1,711,Shamela0035100,63,182,924,333,42
679,261,704,Shamela0035100,501,162,534,180,45
679,1,704,Shamela0025794,388,479,1408,458,56
679,8,704,Shamela0025794,4252,1,923,451,56
679,1,704,JK009191,14,180,1129,460,56
679,1,559,Shamela0008571,23,766,1514,407,65
679,1,693,Shamela0003055,3053,555,1448,454,59
679,1,389,Hindawi059616186Vols,2174,506,779,199,60
679,1,329,Rafed0000185Vols,65,853,1290,266,74
679,1,522,Rafed0000185Vols,335,395,1140,383,63
679,1,250,JK000330,54,1256,1597,196,68
679,250,704,JK000330,55,1,679,277,49
679,1,603,Hindawi070427368,11,905,1365,266,51
679,50,704,JK000333,175,1,703,324,45
679,1,700,Shamela0012406,506,614,1458,449,60
679,1,541,Masaha000554Vols,3308,1150,1639,326,69
679,50,704,JK000089,29,1,881,404,52
679,1,704,Shamela0036446,770,643,1213,307,46
679,1,433,Hindawi029285358,8,837,1447,348,69
679,1,140,JK000637,1846,1449,1590,113,96
679,132,704,JK000637,1847,73,772,328,53
679,1,678,Shamela0012031,194,131,1082,438,54
679,1,627,JK009270,2995,309,990,358,57
679,1,478,Rafed0003799Vols,1783,1010,1411,291,74
679,1,711,Rafed0003799Vols,1829,192,933,340,44
679,1,546,Hindawi020604026,155,861,1541,386,65
679,1,700,Hindawi063827241,12,74,1137,400,42
679,1,559,Shamela0006617,257,750,1549,347,51
679,1,663,Shia002958,72,603,1568,414,50
679,1,711,Shamela0023833,200,89,1052,467,57
679,261,704,Shamela0010906,95,26,403,184,46
679,1,428,Shamela0010906,248,1258,1617,208,47
679,1,704,Shamela0010906,1113,385,1165,377,48
679,1,700,Zaydiyya0000087BK1,56,455,941,287,46
679,1,618,Shamela0004445,1117,462,1354,422,56
679,1,644,Sham19Y0020891,2570,692,1261,290,45
679,50,624,Shamela0001001,210,1,707,361,58
679,1,704,Sham19Y0145435,5144,555,1476,442,55
679,1,678,JK000911,500,625,1331,398,61
679,105,704,Shamela0021809,460,1,815,362,51
679,45,624,Shia003636Vols,622,9,666,268,38
679,1,329,Shia003636Vols,6125,1033,1557,263,61
679,321,711,Shia003636Vols,6126,17,500,211,48
679,1,711,JK009313,888,70,974,469,61
679,34,711,Shamela0010283,3267,1,873,432,56
679,1,379,ShamAY0037152,394,1079,1613,309,70
679,379,711,ShamAY0037152,395,1,405,165,46
679,1,624,Tafsir07076,2707,153,1023,378,47
679,1,356,Sham19Y0007233,155,1117,1615,285,69
679,349,704,Sham19Y0007233,156,7,494,171,42
679,1,711,Masaha002028Vols,528,348,1304,464,57
679,1,624,Shamela0009567,515,130,1039,441,58
679,1,559,Shamela0009770,188,757,1500,406,64
679,1,417,Rafed0000066,29,1293,1653,263,75
680,4,372,Sham19Y0009800,408,681,1257,237,50
680,4,174,Shamela0009789,369,1207,1574,117,38
680,4,372,Tafsir02102,1440,530,1113,252,54
680,4,372,EShia0086596,62,421,796,191,54
680,4,186,ShamIbadiyya0000050,2119,1147,1500,123,43
680,4,372,Shia002185Vols,1285,19,536,189,42
680,4,366,JK006838,348,324,770,168,37
680,4,366,Meshkat00057178,1242,973,1271,167,52
680,1,259,Shamela0012935,305,1119,1521,160,47
680,4,372,ShamAY0034447,2118,240,952,228,38
680,4,372,Shamela0004473,7285,619,994,209,63
680,1,273,Shamela0001515,280,1324,1578,152,60
680,4,366,Shamela0010695,76,519,1077,245,53
680,141,372,Shamela0010637,142,1290,1506,140,72
680,1,372,ShamAY0033660,23,480,1004,206,45
680,1,372,Sham19Y0148271,374,499,1034,236,52
680,164,372,Zaydiyya0000025,45,52,267,126,66
680,4,366,Shamela0035100,63,1000,1286,171,56
680,1,372,Shamela0025794,389,120,655,232,52
680,122,372,Shamela0025794,4253,1,266,170,78
680,20,372,JK009191,15,41,394,171,54
680,4,350,Rafed0000185Vols,336,615,1262,207,38
680,1,350,JK000330,55,961,1468,223,52
680,4,372,JK000333,175,833,1315,219,51
680,1,375,Shamela0012406,507,144,697,242,53
680,1,181,JK000089,29,1165,1517,113,40
680,4,372,JK000637,1847,1058,1471,213,55
680,159,375,Shamela0012031,195,1,233,142,73
680,4,378,JK007043,2538,836,1165,155,45
680,4,372,Shamela0006617,258,493,1174,210,35
680,4,430,Shia002958,73,468,1185,231,37
680,1,159,Shamela0023833,200,1367,1563,87,56
680,122,372,Shamela0023833,201,108,391,181,80
680,4,366,Shamela0010906,249,455,740,171,57
680,4,372,Zaydiyya0000087BK1,56,1031,1286,156,51
680,4,366,Shamela0004445,1118,153,601,171,39
680,4,375,Shamela0001001,210,976,1524,240,53
680,4,372,Sham19Y0145435,5145,205,773,248,54
680,20,315,JK000911,500,1402,1595,127,53
680,1,259,Shamela0021809,460,1100,1519,181,53
680,4,366,Shia003636Vols,6126,749,1318,235,50
680,127,372,JK009313,889,39,285,152,72
680,9,246,Shamela0010283,3267,1119,1523,149,45
680,1,372,ShamAY0037152,395,620,1154,254,60
680,4,401,Shamela0012318,397,189,471,161,48
680,4,372,Sham19Y0007233,156,859,1527,243,44
680,1,372,Masaha002028Vols,529,1,593,254,54
680,122,372,Shamela0009567,516,86,333,156,72
680,4,372,Shamela0009770,189,353,890,236,52
680,4,372,Rafed0000066,30,309,566,161,53
682,10,177,ShamAY0033659,7,944,1220,94,40
682,10,177,JK006474,2579,509,789,93,39
682,1086,1563,Shamela0023653,673,28,729,229,38
682,10,177,Shamela0012884,4908,692,971,93,40
683,895,1382,Sham19Y0009800,888,81,944,238,30
683,1019,1382,JK000022,471,870,1434,246,53
683,842,1338,JK009152,1746,736,1509,260,40
683,880,1138,Sham19Y0018176,1556,750,1254,161,40
683,1160,1382,Sham19Y0018176,1557,17,245,152,78
683,1062,1372,JK009141,1450,1,397,178,52
683,934,1382,Sham19Y0127656,504,9,762,293,47
683,1019,1229,Zaydiyya0000258,156,75,381,134,52
683,842,1372,JK006838,930,132,1020,296,40
683,934,1382,Shamela0012062,25,92,852,296,47
683,880,1312,Masaha001946Vols,157,125,961,259,38
683,880,1194,JK000475,1738,554,1300,199,33
683,880,1138,Sham19Y0018106,2762,640,1144,161,40
683,1133,1382,Sham19Y0018106,2763,25,278,157,73
683,944,1397,Shamela0004473,10058,1060,1321,121,29
683,1019,1382,Sham19Y0122406,3710,226,761,251,57
683,1019,1382,ShamAY0034005,1097,699,1281,240,50
683,880,1229,Sham19Y0148271,1188,850,1508,229,44
683,934,1382,Sham19Y0018103,2670,56,834,303,47
683,690,1382,JK007065,169,415,1385,344,39
683,934,1229,Shia004020,159,288,925,209,40
683,1019,1382,Shamela0035100,242,43,451,236,67
683,880,1363,Sham19Y0013252,6390,624,1506,308,43
683,934,1382,Sham19Y0017616,415,550,1365,305,45
683,953,1210,ShamAY0035990,210,487,836,134,41
683,880,1382,Shia001555Vols,451,442,1344,322,44
683,934,1382,Shamela0026441,15,21,914,305,41
683,880,1382,Shamela0001727,1398,191,1095,321,44
683,880,1229,Zaydiyya0000059,1120,701,1283,196,42
683,1019,1382,Kraken220413030759,421,367,896,231,54
683,1128,1382,JK000330,58,1,275,155,68
683,690,1382,JK009336,3357,187,1138,346,41
683,966,1382,Sham19Y0020638,1160,1,767,291,46
683,1019,1382,Shamela0036446,785,141,485,236,77
683,848,1229,Hindawi029285358,10,1,852,258,37
683,997,1382,Shamela0012031,340,180,727,246,55
683,1019,1382,JK000105,755,717,1273,265,58
683,997,1382,Sham19Y0013605,3264,586,1129,256,57
683,880,1382,Sham19Y0018144,2519,95,1053,307,40
683,880,1382,JK000110,1092,218,1107,323,45
683,880,1382,Shamela0096283,321,642,1428,250,36
683,842,1382,JK006886,113,771,1472,340,56
683,1019,1382,Shamela0010906,426,879,1287,234,66
683,886,1229,Shia001368,356,787,1407,200,41
683,842,1229,JK009362,4605,173,701,225,47
683,880,1363,Shamela0004445,1806,692,1502,300,45
683,1080,1382,Shamela0003118,3654,10,296,168,65
683,690,1382,Shamela0001001,214,206,1157,340,39
683,880,1104,Sham19Y0016584,2991,669,1117,142,40
683,842,1382,Sham19Y0016584,2992,296,901,291,53
683,880,1382,Shia004456Vols,680,167,1069,322,44
683,842,1382,Kraken230110004547,671,454,1354,305,41
683,880,1382,Shamela0021809,3351,453,1407,242,27
683,1019,1335,JK009313,1985,1006,1520,211,50
683,1029,1382,JK000747,71,1,565,232,50
683,934,1382,Sham19Y0016684,1479,13,926,303,40
683,1094,1382,Zaydiyya0000185,110,1,379,185,59
683,1019,1382,JK000916,11995,589,1149,244,53
683,690,1104,JK000916,11996,868,1443,171,31
683,1080,1382,JK000916,11997,135,459,177,62
683,1019,1382,JK000485,1403,325,885,244,54
683,886,1372,Kraken22021817402401,18,168,716,254,51
683,880,1382,Shamela0037837,421,95,958,315,45
683,880,1382,Shamela0005756,10919,88,982,320,44
684,1305,1448,Masaha001961Vols,1090,1,215,101,59
684,195,619,Sham19Y0018176,1422,598,1264,229,40
684,276,674,Sham19Y0127656,162,684,1151,170,37
684,337,561,Sham19Y0018106,2596,236,740,135,32
684,1174,1448,Shamela0004473,11098,722,977,125,48
684,1292,1448,Sham19Y0016976,1257,1324,1477,118,91
684,337,561,ShamAY0034005,353,1013,1359,134,44
684,337,790,Sham19Y0018103,2486,349,1264,260,35
684,1234,1448,Sham19Y0014119,361,52,252,135,78
684,980,1462,ShamAY0037387,404,6,447,217,47
684,1284,1448,Sham19Y0017063,911,1434,1585,121,92
684,487,790,Sham19Y0013252,6116,1,671,169,30
684,1296,1448,JK000137,1784,1160,1312,122,100
684,1068,1448,Sham19Y0017616,260,776,1056,169,53
684,1284,1448,Sham19Y0017729,247,1305,1464,115,85
684,1289,1448,JK000471,2011,1336,1496,116,89
684,1292,1448,Sham19Y0145212,2425,1242,1392,120,96
684,360,1258,JK000330,58,246,852,188,22
684,1289,1448,Sham19Y0018611,217,1056,1238,119,82
684,1289,1448,Shamela0012406,731,823,982,117,89
684,1284,1448,Sham19Y0020638,798,1169,1346,122,87
684,1289,1448,Sham19Y0018144,1685,993,1382,117,38
684,195,561,JK000110,985,958,1448,198,46
684,525,790,Sham19Y0016584,2782,1,607,133,28
684,980,1448,Sham19Y0145435,5275,908,1346,169,33
684,1284,1448,Sham19Y0017903,508,787,955,118,85
684,1234,1448,Sham19Y0122257,2330,1136,1345,139,81
686,28,249,JK010344,468,861,1130,171,78
686,28,249,Shamela0022712,201,698,960,149,66
687,196,398,Zaydiyya0000037Vols,132,587,781,133,76
687,196,398,JK000778,459,141,350,133,74
687,196,355,JK010552,176,1277,1439,99,72
687,196,398,Sham19Y0023608,1813,993,1213,133,71
687,196,398,JK006838,1231,1041,1245,135,77
687,196,398,Shamela0010480,1901,767,977,134,73
687,231,398,ShamAY0035884,1744,1,198,111,66
687,196,374,Shia003461Vols,291,1260,1441,124,81
687,196,398,Sham19Y0148271,1007,403,617,137,75
687,196,398,ShamAY0037387,409,567,779,139,77
687,196,398,Shamela0035100,388,625,823,136,80
687,196,398,Shamela0025794,508,226,439,138,75
687,196,398,Shamela0026568,428,342,540,146,89
687,149,395,Hindawi095927048,26,465,734,139,53
687,196,398,Shamela0036446,15,70,277,134,74
687,196,398,JK000637,325,142,348,137,77
687,196,398,JK000105,973,736,946,145,83
687,196,398,Shamela0023833,854,980,1189,137,77
687,200,398,Shamela0023700,1139,314,522,134,76
687,196,398,Shamela0004445,2144,848,1059,138,77
687,196,398,Sham19Y0145435,358,1139,1348,128,69
687,196,398,Sham19Y0145435,5352,353,567,137,75
687,196,398,JK000911,606,1295,1487,129,74
687,196,398,Shamela0006739,55,982,1193,134,76
687,196,398,Masaha002028Vols,1668,1023,1232,137,77
687,196,398,Shamela0009567,92,805,1018,138,75
687,196,398,Shamela0023685,422,34,232,146,89
688,424,584,Sham19Y0009800,414,965,1132,111,79
688,619,740,Sham19Y0009800,415,86,207,97,100
688,424,775,Zaydiyya0000037Vols,111,829,1137,133,43
688,424,775,Shia001432Vols,11690,389,907,229,55
688,424,584,JK007021,77,262,422,126,100
688,424,550,EShia0086596,47,1192,1351,94,73
688,454,740,Masaha004387Vols,149,1,662,213,40
688,428,740,Shia002185Vols,2780,86,692,201,40
688,424,584,JK009139,6986,904,1067,115,82
688,410,584,JK000159,536,80,292,132,78
688,424,584,Masaha001946Vols,119,113,273,126,100
688,387,740,Shamela0012935,79,440,1208,239,37
688,410,740,ShamAY0034447,2088,29,705,234,43
688,387,550,Zaydiyya0000543,914,813,957,93,71
688,424,775,Shia001349Vols,52,422,943,232,55
688,428,584,MMS00013,1931,1078,1217,106,87
688,619,740,MMS00013,1932,146,263,94,96
688,424,584,ShamAY0037387,118,638,795,123,97
688,424,740,Shamela0035100,473,789,1229,144,35
688,447,584,Shamela0009862,94,6,151,108,94
688,619,740,Rafed0000185Vols,294,957,1078,97,100
688,406,740,Shamela0009384,32,22,735,234,42
688,372,740,Hindawi070427368,4,932,1408,243,62
688,437,584,JK000333,224,1364,1517,113,93
688,432,584,Shamela0012406,493,1109,1269,114,90
688,410,740,Shamela0009783BK1,755,55,712,235,44
688,437,575,Rafed0003799Vols,1780,1172,1313,93,81
688,424,740,Hindawi020604026,146,90,813,235,40
688,477,740,Hindawi059429042,73,1,669,187,35
688,387,740,Shia002958,42,724,1426,215,38
688,619,740,Shamela0023833,150,1240,1361,97,100
688,410,584,Shamela0023833,150,591,752,116,80
688,424,584,Hindawi093681649,28,30,190,126,100
688,424,740,Shamela0010906,67,612,1052,144,35
688,437,740,Hindawi092028080,17,886,1235,198,64
688,410,740,Shamela0004445,1080,242,929,236,42
688,488,740,Sham19Y0145435,1408,1,627,192,38
688,424,550,Zaydiyya0000142,3374,1288,1415,95,95
688,387,740,JK000911,488,11,661,243,45
688,437,550,Shia003636Vols,617,1246,1368,87,90
688,387,682,Shia003636Vols,11886,862,1491,177,35
688,424,740,JK009313,822,254,956,238,42
688,432,740,Shamela0010283,3229,473,1156,228,42
688,410,740,Masaha002028Vols,419,407,1097,235,42
688,424,740,Shamela0023653,106,254,942,237,43
688,410,740,Shamela0009770,164,5,694,238,43
689,1225,1446,ShamAY0007299,2677,1093,1306,146,82
689,1283,1446,Shamela0026484,274,14,124,81,61
689,1154,1451,JK007059,5,509,815,213,82
689,1173,1458,Shamela0023833,788,346,621,158,66
689,1225,1446,Shamela0023700,1068,1150,1392,139,71
689,1220,1446,AOCP2023090619,43,648,870,132,73
689,1220,1446,Shamela0004445,2012,1143,1379,142,74
689,1220,1446,JK009313,2237,843,1075,139,73
689,1154,1451,Shamela0023735,2710,1254,1559,208,81
689,1173,1487,Masaha002028Vols,1569,895,1188,166,63
690,322,630,Masaha001961Vols,1433,1036,1274,144,56
690,445,630,JK000159,1874,775,992,107,64
690,280,430,ShamAY0035884,2119,170,435,113,51
690,464,630,Shamela0026568,432,1266,1427,128,96
690,483,630,Shamela0012402,286,638,775,109,93
690,1,179,JK003504,72,935,1096,102,67
690,458,630,JK009313,2667,1145,1379,108,59
690,458,624,Shamela0009770,599,71,275,98,62
690,464,630,Shamela0023685,426,599,761,127,96
691,289,589,Shamela0022579,855,179,650,132,28
691,253,485,JK007143,1871,369,552,142,75
691,253,485,JK007059,10,1029,1205,141,75
691,285,573,Shamela0023700,741,870,1229,137,37
691,253,485,Shamela0023735,3239,74,248,134,71
694,762,1077,Sham19Y0009800,380,829,1148,239,94
694,791,1077,Shia001432Vols,2463,202,488,227,100
694,791,1045,JK000791,1352,1238,1492,202,100
694,771,1077,Tafsir07057,2521,640,932,232,95
694,766,1085,Rafed0003257Vols,1041,1179,1484,241,94
694,791,1077,Rafed0003257Vols,3368,277,563,227,100
694,791,1077,Sham19Y0023608,2327,1178,1464,227,100
694,838,1077,Sham19Y0014404,808,1039,1491,188,52
694,791,1077,Hindawi068305130,58,608,894,227,100
694,853,1077,Zaydiyya0000062,1034,27,438,179,54
694,791,1085,Shamela0021821,1046,1137,1431,234,100
694,766,1062,Shamela0012935,91,1174,1485,225,91
694,913,1090,Meshkat0014420,2886,1,177,132,94
694,771,1077,Masaha001023,103,38,330,232,95
694,798,1077,Shamela0000041,1501,1,371,220,75
694,791,1077,Sham19Y0023618,1022,297,583,227,100
694,913,1077,Shamela0010273,1583,1,165,130,100
694,753,1077,Rafed0001713Vols,1422,172,515,235,81
694,791,1085,JK006478,5803,127,423,234,99
694,866,1077,JK009268,2936,1,212,169,100
694,771,1077,Shamela0010895,172,1221,1513,232,95
694,766,1077,Shia004695Vols,2981,850,1147,233,94
694,791,1077,Shamela0022721,618,528,814,227,100
694,791,1077,Shia002356Vols,666,601,885,225,99
694,791,1085,JK001496,1215,771,1067,234,99
694,766,1090,Tafsir04056,3789,794,1113,244,94
694,791,1077,JK009266,5879,697,983,227,100
694,791,1077,Masaha000554Vols,4267,524,804,222,97
694,791,1077,Shamela0029743,580,553,839,227,100
694,791,1077,JK009270,2819,48,334,227,100
694,897,1090,Rafed0003799Vols,1733,1,220,153,87
694,1115,1295,JK000105,573,1199,1381,146,98
694,762,1077,Hindawi020604026,60,1125,1421,235,93
694,791,1085,JK007018,386,130,424,234,100
694,791,1077,QuranAnalysis001,125,1148,1434,227,100
694,766,1077,Shamela0023833,179,947,1273,237,92
694,791,1077,Shamela0023628,2289,1019,1305,227,100
694,791,1077,Hindawi017580716,79,502,788,227,100
694,791,1077,JK009362,4787,429,715,227,100
694,771,1077,JK009362,9352,1200,1492,232,95
694,791,1077,Shamela0023591,4534,454,740,227,100
694,806,1077,Shamela0023591,4550,1,272,215,100
694,791,1077,Rafed0003943Vols,939,555,841,227,100
694,791,1077,Shamela0023578,1886,420,706,227,100
694,771,1085,Shamela0004445,1083,757,1057,239,95
694,913,1077,Sham19Y0020891,3467,72,238,127,96
694,791,1077,Hindawi093849638,68,799,1085,227,100
694,791,1077,JK009396,835,890,1176,227,100
694,791,1077,Shia001131Vols,37,908,1194,227,100
694,849,1077,Shamela0010283,3249,1,229,182,100
694,791,1077,ShamAY0037152,356,867,1153,227,100
694,791,1077,ShamIbadiyya0000075,231,117,403,227,100
694,791,1256,Tafsir07076,350,893,1211,216,58
694,791,1085,Tafsir07076,1511,547,841,234,100
694,786,1085,Tafsir07076,2782,174,473,238,100
694,791,1085,Tafsir07076,2853,1,295,234,100
694,791,1085,Tafsir07076,2948,200,494,234,100
694,791,1085,Tafsir07076,3654,68,362,234,100
694,766,1085,Tafsir07076,3753,690,1008,239,94
694,791,1085,Tafsir07076,4710,901,1195,234,100
694,753,1085,Tafsir07076,6238,368,714,249,86
694,782,1085,Tafsir07076,6416,518,822,235,97
694,766,1085,Tafsir07076,8879,42,418,240,80
694,825,1085,Masaha002028Vols,467,1,261,208,100
694,771,1085,Shamela0008473,461,256,556,239,95
695,904,1313,Shia001432Vols,6125,297,792,160,37
695,872,1313,Shia001349Vols,163,9,542,164,35
695,436,834,Shamela0026568,101,793,1178,116,26
695,722,1010,Shamela0023700,752,749,1260,155,35
695,304,834,Shamela0010283,3313,148,652,154,26
695,904,1313,Masaha001978Vols,77,362,878,166,36
696,866,1140,Tafsir07057,1607,1059,1399,202,72
696,866,1191,ShamIbadiyya0000050,2107,106,468,219,72
696,866,1140,Shamela0021766,1334,1092,1310,152,63
696,866,1137,Shamela0007798,3416,1155,1499,199,70
696,866,1183,JK000465,1030,1113,1503,233,71
696,866,1140,JK000906,2524,1106,1458,208,71
696,840,1095,AOCP2023090608,33,491,756,185,82
696,840,1027,AOCP2023090610Vols,92,1380,1575,130,78
696,866,1168,Tafsir02011,433,993,1347,214,73
696,866,1191,Shamela0023833,369,672,1058,261,83
696,840,1191,Shamela0023628,1036,279,707,247,69
696,866,1140,JK000436,77,1227,1440,149,62
696,866,1191,Shamela0010283,3375,119,495,257,83
696,866,1191,Masaha002028Vols,840,545,931,261,83
696,866,1199,Shamela0023653,238,580,957,259,83
696,866,1183,Shamela0012884,1665,777,1163,232,71
697,13,381,JK000159,1730,701,1412,133,20
698,1125,1373,Sham19Y0013252,180,147,388,138,60
698,1135,1373,Sham19Y0013252,6562,102,371,138,58
698,1125,1358,Shamela0009728,14,206,501,134,49
698,1125,1373,Shamela0023833,880,167,463,143,52
698,1074,1336,Masaha002028Vols,1328,441,776,142,52
698,1125,1373,Masaha002028Vols,1710,47,341,143,52
698,1125,1487,JK000415,101,105,672,169,35
698,1135,1373,Shamela0023653,622,398,641,137,58
699,239,475,Hindawi025273163,182,1416,1637,171,86
699,475,895,Hindawi025273163,183,1,893,305,41
702,1085,1360,JK000637,1557,457,985,114,25
704,1427,1567,Sham19Y0009800,178,1419,1559,109,95
704,352,790,Shia001432Vols,5511,632,1185,250,52
704,352,790,Shia001432Vols,18531,156,709,214,41
704,1385,1571,Shamela0010614,198,30,255,128,71
704,352,790,JK010605,168,90,558,252,67
704,352,758,Shamela0001524,501,1001,1459,187,45
704,352,679,JK008001,2082,886,1376,174,39
704,352,790,Shia001148,268,228,783,215,41
704,694,790,Shamela0035073,73,953,1050,75,98
704,352,790,Sham19Y0017879,13,27,491,297,75
704,1431,1571,Shamela0008506,192,562,703,109,95
704,357,790,Shamela0029751,14,364,789,267,66
704,348,796,JK001460,21,654,1084,280,69
704,352,790,JK010593,1,456,942,209,47
704,690,790,JK000906,4573,380,480,78,100
704,357,790,Sham19Y0127677,4493,1,481,241,53
704,348,790,JK000021,509,806,1230,270,67
704,352,679,JK000919BK1,7,1129,1446,178,65
704,352,733,Shamela0021491,6,1174,1517,185,52
704,471,790,JK009390,6087,186,575,222,67
704,471,790,JK009390,7299,48,456,222,64
704,348,796,JK007140,82,154,562,264,66
704,352,763,JK009325,1144,1256,1594,178,49
704,425,790,JK010226,39,32,273,154,49
704,357,790,ShamAY0032748,14,787,1213,268,67
704,352,790,JK006474,2170,375,891,269,59
704,362,790,Shamela0008273,3,336,838,309,74
704,1431,1571,ShamAY0035859,258,315,456,110,95
704,352,679,JK000216,214,1114,1433,179,65
704,348,790,JK000742,202,304,733,263,65
704,352,679,Shamela0003118,397,1091,1409,177,65
704,362,790,JK010748,44,809,1260,263,62
704,352,666,Shamela0001438,6450,1170,1499,173,54
704,471,790,Sham19Y0020949,41,650,1038,184,50
704,348,790,JK000916,1038,328,745,269,67
704,352,679,Shamela0001032,161,531,933,177,55
704,352,790,Shamela0008473,3516,844,1334,269,61
705,1235,1374,JK000140,923,964,1096,109,94
705,1240,1399,JK000094,206,312,472,131,99
705,1235,1409,Shamela0010781,21,1223,1433,129,70
706,721,893,Shamela0011755,596,340,527,128,86
706,755,893,JK001020,80,5,161,109,88
706,721,893,Shamela0036191,21,272,459,128,86
709,1210,1419,Meshkat0014420,2095,725,934,168,100
709,1210,1426,JK010001,3503,1286,1518,174,93
709,1205,1419,Sham19Y0035312BK2,24,1176,1390,171,99
709,1198,1426,Shamela0036578,26,675,919,180,91
709,1210,1426,Tafsir07055,3640,884,1116,174,93
709,1210,1419,JK000917,809,217,426,168,100
709,1210,1419,JK001420,415,1222,1431,168,100
709,1210,1426,MMS00031,155,176,408,174,93
709,1210,1426,Rafed0003799Vols,1810,451,682,174,92
709,1210,1419,JK000796,15,453,662,168,100
709,1205,1419,Masaha000147,79,855,1069,172,100
709,1210,1426,Shamela0004445,1277,1,233,174,93
709,1210,1419,Shamela0037325,44,491,700,168,100
709,1210,1426,Shamela0008473,2926,362,594,174,93
712,1335,1575,Shamela0000728,4,621,928,126,42
712,932,1058,Sham19Y0020638,1053,1104,1348,83,43
712,1339,1579,ShamAY0037134,157,211,392,140,71
712,1335,1579,Sham19Y0026523,6286,1174,1482,132,43
712,897,1078,Shamela0004445,2659,741,1236,84,20
712,1339,1579,JK009313,5297,896,1094,131,64
716,1027,1328,Tafsir02102,49,1094,1339,166,66
716,1157,1417,Tafsir02102,2850,524,812,157,68
716,1137,1472,Tafsir07057,3529,343,602,170,64
716,1151,1472,Shamela0012293,194,10,305,164,60
716,1151,1331,JK010001,1655,252,433,143,97
716,1114,1323,Shamela0004473,9683,1009,1232,152,81
716,1151,1280,Shamela0009231,32,650,779,104,100
716,1151,1331,Tafsir07055,1737,1248,1429,143,97
716,1157,1323,Rafed0003799Vols,1814,273,439,134,100
716,1145,1323,Shamela0029677,675,125,302,142,98
716,1137,1296,Shamela0029677,676,1416,1578,119,90
716,1151,1314,Shamela0008381,127,328,491,131,100
716,1033,1314,Shamela0008381,913,1100,1365,147,66
716,1033,1472,Shamela0002300,172,786,1182,182,46
716,1027,1417,Shamela0002300,173,825,1215,178,48
716,1137,1472,Shamela0008473,3137,940,1225,181,64
717,1,310,Sham19Y0009800,380,896,1200,217,84
717,1,253,Shia001432Vols,2463,236,488,201,100
717,1,221,JK000791,1352,1272,1492,176,100
717,1,253,Tafsir07057,2521,680,932,201,100
717,1,261,Rafed0003257Vols,1041,1224,1484,208,100
717,1,253,Rafed0003257Vols,3368,311,563,201,100
717,1,253,Sham19Y0023608,2327,1212,1464,201,100
717,14,253,Sham19Y0014404,808,1039,1491,188,52
717,1,253,Hindawi068305130,58,642,894,201,100
717,29,253,Zaydiyya0000062,1034,27,438,179,54
717,1,261,Shamela0021821,1046,1171,1431,208,100
717,1,238,Shamela0012935,91,1248,1485,189,100
717,89,253,Meshkat0014420,2886,1,165,130,100
717,1,253,Masaha001023,103,78,330,201,100
717,14,253,Shamela0000041,1501,119,371,190,94
717,1,253,Sham19Y0023618,1022,331,583,201,100
717,89,253,Shamela0010273,1583,1,165,130,100
717,1,253,Rafed0001713Vols,1422,263,515,201,100
717,1,261,JK006478,5803,161,423,208,99
717,42,253,JK009268,2936,1,212,169,100
717,1,253,Shamela0010895,172,1261,1513,201,100
717,1,253,Shia004695Vols,2981,895,1147,200,99
717,1,310,Shamela0022721,618,562,867,211,77
717,1,253,Shia002356Vols,666,635,885,199,99
717,1,261,JK001496,1215,805,1067,208,99
717,1,261,Tafsir04056,3789,847,1107,208,100
717,1,253,JK009266,5879,731,983,201,100
717,1,253,Masaha000554Vols,4267,558,804,196,97
717,1,253,Shamela0029743,580,587,839,201,100
717,1,253,JK009270,2819,82,334,201,100
717,73,600,Rafed0003799Vols,1733,1,513,218,38
717,1,272,Hindawi020604026,60,1169,1432,207,95
717,1,261,JK007018,386,164,424,208,100
717,1,253,QuranAnalysis001,125,1182,1434,201,100
717,1,253,Shamela0023833,179,1021,1273,201,100
717,1,253,Shamela0023628,2289,1053,1305,201,100
717,1,253,Hindawi017580716,79,536,788,201,100
717,1,253,JK009362,4787,463,715,201,100
717,1,253,JK009362,9352,1240,1492,201,100
717,1,253,Shamela0023591,4534,488,740,201,100
717,1,272,Shamela0023591,4550,20,286,210,97
717,1,253,Rafed0003943Vols,939,589,841,201,100
717,1,253,Shamela0023578,1886,454,706,201,100
717,1,305,Shamela0004445,1083,797,1091,218,87
717,89,253,Sham19Y0020891,3467,72,238,127,96
717,1,253,Hindawi093849638,68,833,1085,201,100
717,1,253,JK009396,835,924,1176,201,100
717,1,253,Shia001131Vols,37,942,1194,201,100
717,25,286,Shamela0010283,3249,1,253,187,90
717,1,253,ShamAY0037152,356,901,1153,201,100
717,1,305,ShamIbadiyya0000075,231,151,474,216,84
717,70,272,Tafsir07076,350,948,1157,157,94
717,1,572,Tafsir07076,1511,581,1036,263,51
717,1,261,Tafsir07076,2782,213,473,208,100
717,1,261,Tafsir07076,2853,35,295,208,100
717,1,261,Tafsir07076,2948,234,494,208,100
717,1,261,Tafsir07076,3654,102,362,208,100
717,1,305,Tafsir07076,3753,748,1029,218,90
717,1,837,Tafsir07076,4508,791,1420,258,35
717,1,572,Tafsir07076,4710,935,1421,277,52
717,108,637,Tafsir07076,5184,1,453,180,32
717,1,261,Tafsir07076,6238,454,714,208,100
717,1,261,Tafsir07076,6416,562,822,208,100
717,1,577,Tafsir07076,8879,103,804,279,44
717,1,261,Masaha002028Vols,467,1,261,208,100
717,1,272,Shamela0008473,461,296,568,214,98
718,837,993,Shamela0021765,125,184,344,119,93
718,822,993,Shamela0011755,596,359,527,127,95
718,834,993,ShamAY0032899,7,183,351,121,91
718,834,993,Sham19Y0038171,2235,1245,1411,118,87
718,834,993,Shamela0010488,173,369,542,117,85
718,837,993,Shamela0026510,33,645,810,119,90
718,834,993,Tafsir02011,1533,1215,1385,121,90
718,837,993,JK001020,80,5,161,123,100
718,834,993,ShamAY0034059,1080,208,378,125,93
718,834,993,ShamAY0034059,5988,19,189,121,90
718,822,993,Shamela0036191,21,291,459,127,95
720,1178,1420,Shamela0021715,10957,412,655,196,97
720,1178,1420,Sham19Y0018176,2539,672,915,196,97
720,1178,1420,Sham19Y0018106,4172,523,766,196,97
720,1178,1420,Sham19Y0018103,4162,1081,1324,196,97
720,1178,1420,Sham19Y0013252,10437,535,778,196,97
720,1178,1420,JK000279,836,194,439,193,95
720,1178,1319,JK009324,3654,1436,1575,111,97
720,1178,1420,Shamela0005772,191,628,869,187,93
720,1178,1420,Sham19Y0013605,4979,393,636,196,97
720,1178,1420,JK000110,1910,311,554,196,97
720,1152,1420,JK001325,1323,422,741,215,81
720,1178,1420,Sham19Y0016584,4738,686,929,196,97
720,1152,1420,JK000122,658,420,702,207,88
720,1220,1420,Shamela0005756,15213,9,191,147,89
722,522,859,ShamAY0035131,35,1311,1645,267,97
740,278,784,Masaha001961Vols,650,917,1381,202,39
740,278,751,Sham19Y0001729,2331,293,734,196,48
740,414,595,Sham19Y0146127,3033,35,194,112,77
740,278,602,Shamela0021715,3718,448,712,158,53
740,414,585,Shamela0021715,6059,1316,1487,133,100
740,384,602,Shamela0021715,8912,1254,1485,135,69
740,414,751,Shamela0001524,1862,455,870,186,50
740,414,602,Masaha004387Vols,207,1167,1401,145,79
740,278,576,ShamAY0038083,61,55,323,136,47
740,414,764,Shamela0023695,205,165,465,164,57
740,414,718,JK009152,2223,257,830,161,33
740,278,602,Sham19Y0018176,887,994,1258,158,53
740,414,751,Sham19Y0018176,1434,1087,1465,189,59
740,288,718,Sham19Y0018176,2115,485,1239,190,30
740,414,718,JK009141,1359,404,977,161,33
740,414,751,Sham19Y0127656,462,19,745,205,36
740,278,602,JK000159,824,477,782,169,60
740,278,602,Sham19Y0145166,160,153,442,154,48
740,390,585,ShamAY0038409,7,1296,1496,137,80
740,414,576,JK006838,441,242,395,100,74
740,414,718,JK006838,449,425,1054,157,30
740,278,751,Sham19Y0023644,1003,504,1014,206,48
740,278,602,Sham19Y0018106,1627,429,693,158,53
740,414,751,Sham19Y0018106,2610,354,1099,205,35
740,384,718,Sham19Y0018106,3543,499,1151,176,34
740,278,602,Shamela0021493,17,55,373,164,59
740,414,602,Shamela0021493,19,1113,1314,147,93
740,390,718,Masaha003955Vols,29,860,1440,218,47
740,414,751,JK010475,48,60,387,159,57
740,414,751,Shamela0000041,1111,1039,1444,197,57
740,384,602,Shamela0004473,12383,1182,1452,139,65
740,278,751,Shamela0010637,192,557,985,193,43
740,527,751,ShamAY0034434,59,1,637,116,23
740,414,602,Shamela0029911,387,113,267,105,67
740,414,602,JK009247,58,237,392,104,68
740,390,751,Shamela0005539,195,614,1351,230,39
740,278,642,ShamAY0034005,1263,649,1017,195,59
740,414,751,Sham19Y0148271,2196,552,1254,207,37
740,278,602,Sham19Y0018103,1637,603,867,158,53
740,414,751,Sham19Y0018103,2501,295,1040,205,35
740,456,751,Sham19Y0018103,3478,1,681,160,30
740,414,751,JK007065,1423,1030,1403,182,58
740,414,751,JK007065,1427,113,469,143,38
740,414,784,Shamela0035100,574,503,905,156,38
740,278,751,Shamela0035100,580,434,820,175,40
740,278,602,Sham19Y0013252,4023,641,905,158,53
740,442,751,Sham19Y0013252,6128,1,718,183,32
740,384,718,Sham19Y0013252,8581,812,1466,176,34
740,278,751,Shamela0025794,4891,531,988,195,47
740,414,718,JK000365,2082,107,770,183,35
740,414,602,ShamAY0038413,16,117,298,128,82
740,278,602,Shamela0013174,1274,762,1054,155,56
740,414,718,JK009324,3076,118,698,159,34
740,414,751,JK000906,3813,674,1008,159,56
740,414,751,Shamela0026662,10,870,1260,202,63
740,278,602,ShamAY0033733,15,526,792,153,51
740,278,751,Shamela0008657,75,470,894,197,50
740,283,751,JK009336,3345,908,1442,208,47
740,278,751,JK009336,3349,78,538,175,38
740,283,751,Sham19Y0020638,1374,484,1391,233,33
740,288,751,Shamela0036446,779,894,1353,183,43
740,278,595,JK000484,5543,372,684,161,59
740,414,718,Shamela0012031,45,7,657,191,37
740,278,602,Sham19Y0013605,2173,546,1150,164,32
740,414,751,Sham19Y0013605,3088,1074,1452,189,59
740,384,718,Sham19Y0013605,4158,411,1064,177,34
740,414,751,JK000110,995,575,1319,205,35
740,288,718,JK000110,1545,7,757,190,30
740,409,602,Shamela0006617,271,986,1160,120,72
740,414,751,Shamela0096283,302,1113,1469,189,62
740,283,751,Shamela0023628,1615,839,1378,215,47
740,414,576,JK000764,369,443,592,105,81
740,414,784,Shamela0010906,168,962,1364,156,38
740,278,669,Shamela0010906,174,964,1304,163,45
740,278,602,JK007116,83,1124,1404,155,50
740,414,751,Shamela0001466,1021,224,588,175,56
740,414,602,Shamela0004445,1279,518,718,147,94
740,283,718,Shamela0003118,372,78,960,225,32
740,485,595,Sham19Y0020891,5843,1,129,85,85
740,278,602,Sham19Y0016584,1792,518,782,158,53
740,414,751,Sham19Y0016584,2801,538,1283,205,35
740,288,751,Sham19Y0016584,3891,892,1385,184,40
740,414,751,Sham19Y0145435,5164,615,994,188,59
740,414,718,Kraken230110004547,665,226,819,157,32
740,278,602,Shamela0008206,946,372,653,159,58
740,283,544,JK009313,903,1114,1399,122,53
740,390,602,JK009313,1229,1171,1415,151,79
740,414,602,Sham19Y0122397,114,107,313,136,79
740,278,602,Sham19Y0016684,871,429,693,158,53
740,414,602,Sham19Y0016684,1395,1275,1463,147,100
740,414,602,Shamela0023653,200,1264,1453,147,99
740,278,751,Shamela0012884,2380,683,1146,183,41
740,414,602,Shamela0037837,844,1283,1464,141,94
740,278,602,Shamela0005756,7604,629,893,158,53
740,414,751,Shamela0005756,10500,192,940,205,35
740,384,602,Shamela0005756,13461,1154,1392,136,68
745,129,293,JK000781,160,969,1163,128,80
748,1,341,Shamela0000894,390,859,1259,170,51
748,1,192,JK000022,1554,641,857,132,75
748,1,192,JK009141,198,1005,1176,118,76
748,1,341,Zaydiyya0000153,85,288,604,143,53
748,1,192,Sham19Y0122406,3517,499,689,133,84
748,1,192,JK007065,82,846,1031,131,84
748,65,232,Shamela0006947,12620,617,1245,127,25
748,65,202,JK000137,2181,1349,1521,110,79
748,1,192,Sham19Y0013572,179,784,969,128,81
748,5,192,Sham19Y0017616,389,1,187,130,83
748,1,192,Shamela0001727,1319,972,1162,133,84
748,1,192,JK000381,4681,716,898,129,83
748,121,341,Sham19Y0132524,2410,890,1345,94,27
748,1,202,JK009336,3430,1186,1403,139,77
748,1,232,Shia001626Vols,394,173,813,148,28
748,116,341,Sham19Y0095660,2126,1,285,98,42
748,1,192,Shia001368,281,149,322,119,77
748,1,192,Shamela0022868,168,205,397,127,77
748,1,232,Sham19Y0020891,6105,323,559,147,74
748,1,232,Kraken230110004547,686,426,896,143,36
748,1,341,Masaha004768Vols,1525,191,533,152,50
759,622,839,JK000094,1355,537,762,149,81
761,1042,1303,Sham19Y0147597,615,162,415,172,78
761,1350,1523,Shamela0021715,5985,1153,1367,102,58
761,1401,1523,Shamela0021715,7392,311,427,93,95
761,1063,1385,JK009152,2207,700,1138,171,46
761,1063,1288,Tafsir09084,586,1121,1365,173,86
761,1361,1523,Sham19Y0018176,1415,1,222,119,65
761,1063,1288,Sham19Y0018176,1683,690,948,173,81
761,1063,1288,JK000475,863,89,341,172,83
761,1075,1303,JK007128,312,820,1093,138,57
761,1350,1523,Sham19Y0018106,2584,69,301,126,66
761,1063,1288,Sham19Y0018106,2935,1173,1424,173,84
761,1084,1303,JK000465,857,6,244,169,84
761,1063,1288,ShamAY0034005,1240,675,904,160,79
761,1350,1523,Sham19Y0018103,2474,112,319,102,60
761,1063,1288,Sham19Y0018103,2836,603,847,173,86
761,1063,1288,JK007065,247,835,1101,168,75
761,1063,1288,JK000140,979,899,1149,177,86
761,1350,1523,Sham19Y0013252,6098,1144,1366,103,57
761,1063,1288,Sham19Y0013252,6711,421,665,173,86
761,1067,1303,JK001492,258,204,508,168,67
761,1063,1288,JK000488,228,536,824,170,72
761,1063,1288,ShamAY0033910,644,531,779,168,80
761,1063,1303,JK000474,1076,116,481,174,57
761,1063,1288,JK000130,645,776,1023,167,80
761,1051,1303,JK001295,65,597,817,155,70
761,1051,1419,JK009270,1014,457,899,193,49
761,1063,1288,Sham19Y0013605,3443,624,868,173,86
761,1063,1288,JK007043,618,407,662,174,83
761,1350,1523,JK000110,978,1147,1363,126,71
761,1063,1288,JK000110,1197,1162,1405,172,85
761,1063,1303,Shamela0037458,829,866,1139,180,79
761,1063,1350,Shamela0010803,10,934,1305,176,56
761,1350,1523,Sham19Y0016584,2767,971,1263,107,40
761,1063,1220,Sham19Y0016584,3189,448,628,119,82
761,1051,1314,Sham19Y0150960,1308,89,501,188,55
761,1350,1523,Sham19Y0016684,1380,978,1192,103,59
761,1063,1288,Shamela0008473,1328,900,1148,173,85
761,1084,1288,Shamela0012884,1426,1,224,157,83
761,1350,1523,Shamela0005756,10417,593,827,124,63
761,1063,1288,Shamela0005756,11396,1005,1250,173,86
762,1382,1552,Shamela0021715,2077,1310,1476,126,92
762,1382,1552,Sham19Y0018176,538,451,613,123,90
762,1382,1552,Sham19Y0018106,987,817,979,123,90
762,1382,1552,Shamela0004473,16500,726,892,126,92
762,1382,1552,Sham19Y0018103,1072,517,679,123,90
762,1382,1523,Shamela0000347,272,923,1060,102,91
762,1382,1552,Sham19Y0013252,2289,792,954,123,90
762,1386,1552,Sham19Y0013252,2290,30,188,125,93
762,1382,1552,JK001429,25,391,622,113,61
762,1386,1552,JK009324,874,415,573,126,94
762,1386,1573,ShamIbadiyya0000438,953,873,1057,130,86
762,1386,1552,JK000829,35,1310,1474,123,90
762,1382,1552,Sham19Y0013605,1527,509,671,123,90
762,1382,1552,JK000110,299,515,681,126,92
762,1395,1552,JK000216,258,817,935,85,67
762,1386,1545,Shia001237Vols,411,678,840,117,87
762,1386,1552,Shia001401,17,360,539,126,86
762,1382,1552,Sham19Y0016584,1132,550,712,123,90
762,1386,1552,Shamela0005756,4832,74,251,125,84
764,246,446,Sham19Y0147597,385,89,343,145,70
764,234,382,Zaydiyya0000153,35,1372,1509,108,91
764,250,446,JK001310,24,405,642,104,48
764,890,1033,Kraken220218125253,739,448,574,99,86
764,546,795,JK000105,652,249,491,179,88
764,835,1029,Shamela0023833,409,319,493,113,72
764,246,446,JK009362,6415,743,973,150,80
764,886,1029,Shamela0004445,1395,931,1065,105,91
764,206,360,Shamela0023645,327,1294,1436,101,77
764,206,391,Shamela0009918,1690,131,550,123,35
764,206,446,JK009313,5268,627,851,160,79
764,881,1029,Masaha002028Vols,923,889,1030,107,88
764,210,588,MMS00020,138,1051,1541,186,43
764,886,1029,Shamela0023653,275,993,1125,102,89
764,597,780,Shamela0012884,2191,1328,1530,132,80
769,1360,1506,JK000095,124,1296,1513,93,56
769,1360,1513,Sham19Y0014119,287,1218,1388,97,72
769,1360,1513,Sham19Y0017063,707,394,565,98,73
769,1360,1513,Sham19Y0013252,7556,719,878,104,80
769,1360,1513,Shamela0001727,781,723,947,99,58
769,1378,1513,JK000094,1421,1078,1231,94,79
769,1360,1513,Sham19Y0020638,618,738,962,99,58
769,1360,1513,Sham19Y0018144,1135,434,763,86,33
771,445,711,Sham19Y0146127,1455,248,544,130,48
771,439,711,Shamela0021715,2622,467,820,145,52
771,533,670,Shamela0021715,2623,209,739,80,19
771,229,839,JK000154,1413,107,656,188,30
771,495,711,Shia001663Vols,371,1138,1435,121,50
771,524,670,Shia001663Vols,406,922,1107,79,52
771,495,711,JK009152,1020,1007,1287,123,55
771,439,711,Sham19Y0018176,657,113,466,145,52
771,445,711,Sham19Y0127656,207,38,385,140,51
771,439,711,JK000386,425,527,881,144,51
771,495,711,JK000386,445,996,1278,124,54
771,439,711,JK000386,727,969,1316,144,52
771,495,711,Sham19Y0018106,1215,46,325,124,56
771,445,711,ShamAY0034447,1285,447,795,139,50
771,404,711,Sham19Y0122406,1717,331,758,148,41
771,445,711,ShamAY0034005,427,1064,1368,137,51
771,439,711,Sham19Y0018103,1281,143,496,145,52
771,445,711,JK001284,150,852,1200,141,51
771,439,711,Sham19Y0013252,2864,515,868,145,52
771,546,670,JK000137,1243,861,1029,67,49
771,293,711,Sham19Y0017616,158,115,494,160,40
771,229,658,Shia000075Vols,1343,1123,1510,142,35
771,293,849,Sham19Y0017729,203,485,990,204,40
771,445,670,Shamela0001875,826,1157,1467,106,42
771,293,711,Shamela0001727,653,36,415,160,40
771,445,711,JK009324,1265,1114,1461,140,51
771,445,711,Shamela0003722,7051,87,377,139,53
771,293,711,JK000165,2002,864,1338,158,38
771,439,849,JK000254,335,613,1206,174,32
771,495,711,JK009137,1678,764,1047,123,54
771,293,711,JK000977,1106,766,1132,157,40
771,293,711,Sham19Y0020638,512,271,650,160,40
771,445,711,JK000484,2733,549,845,130,48
771,495,711,JK000105,401,388,673,122,53
771,439,711,Sham19Y0013605,1771,1025,1378,145,52
771,445,711,Sham19Y0018144,860,364,664,139,52
771,293,789,Shamela0023422,234,774,1415,188,30
771,439,711,JK000110,381,837,1190,145,52
771,439,711,Sham19Y0016946,254,405,760,145,51
771,445,711,Sham19Y0123510,384,410,758,139,50
771,439,711,Shamela0096283,146,618,971,145,52
771,495,711,JK009138,405,99,377,123,56
771,495,711,Shamela0006610,542,5,239,96,52
771,439,711,Sham19Y0016584,1365,682,1035,145,52
771,439,711,Sham19Y0016684,617,31,384,145,52
771,293,849,Sham19Y0017903,443,566,1069,197,39
771,287,711,Shamela0037837,279,722,1455,156,24
771,439,711,Shamela0005756,5867,766,1120,145,51
772,1209,1417,Shamela0012843,150,1137,1351,142,83
772,1209,1398,Sham19Y0014442,3246,1246,1425,138,92
772,1209,1378,Shamela0026440,9,900,1076,130,94
772,1209,1406,Sham19Y0014593,41,408,608,134,84
772,1209,1374,Shamela0021735,938,1315,1485,127,95
772,1209,1447,JK000983,1845,1182,1383,142,76
772,1209,1378,ShamAY0034282,1340,1037,1207,127,93
772,1209,1378,Sham19Y0018611,96,243,409,127,95
772,1209,1378,Shamela0012399,2889,544,715,131,98
772,1209,1378,Shamela0012399,2906,227,440,130,78
772,1209,1378,Sham19Y0018607,2739,715,888,127,91
772,1209,1378,JK000585,4153,590,760,130,97
772,1209,1378,JK001503,2756,790,961,131,98
772,1191,1378,JK007098,921,207,393,136,90
772,1222,1447,JK007098,1567,242,430,132,74
772,1209,1378,Shamela0028107,570,144,315,130,97
772,1209,1391,Shamela0021479,217,1204,1393,135,90
772,1209,1378,Sham19Y0014462,159,1096,1267,130,97
772,1209,1378,Hindawi073941747,88,1294,1464,130,97
772,1209,1447,Sham19Y0006684,2927,173,370,146,78
772,1209,1378,Shamela0119492,419,505,680,129,94
772,1209,1447,Shamela0030522,56,71,344,146,68
772,1209,1378,JK000227,1930,355,523,123,92
772,1209,1378,JK000415,152,889,1060,131,98
772,1209,1378,JK000222,1002,1019,1189,130,97
782,182,339,Shamela0009810,603,992,1148,123,99
782,182,339,JK000140,351,1035,1197,123,95
782,182,339,Shamela0001875,537,1176,1332,123,99
782,224,358,JK000141,296,1,131,95,91
782,182,339,JK000367,54,1269,1430,124,97
782,182,339,JK009313,3504,240,397,122,97
782,182,339,Sham19Y0014592,1833,575,730,122,98
786,107,591,JK000781,114,991,1531,358,80
786,343,679,Zaydiyya0000015,1205,947,1290,263,94
786,807,958,JK000279,382,1441,1590,111,86
786,986,1146,JK000279,383,1421,1581,132,100
786,1146,1551,JK000279,384,1,384,299,92
786,986,1564,Hindawi025273163,164,1240,1478,163,33
787,439,791,JK000122,429,1,600,241,49
787,747,1014,JK000122,431,446,716,200,90
788,1174,1634,Sham19Y0014218,25,316,781,312,77
788,475,601,JK000122,1350,1329,1456,99,98
799,1441,1594,Shamela0006947,16470,1,155,123,99
799,1334,1594,Shamela0006947,16651,218,479,210,99
799,459,594,Hindawi025273163,115,848,984,106,98
799,1343,1474,Hindawi025273163,176,1227,1352,98,93
799,1334,1594,Hindawi025273163,190,602,862,209,99
800,1027,1648,Sham19Y0029676,932,516,1574,486,56
801,27,707,Sham19Y0029676,933,9,908,494,67
806,466,685,Sham19Y0014827,163,1251,1493,131,64
806,687,889,Sham19Y0014827,164,1,240,147,77
806,466,866,Sham19Y0014827,343,690,1149,272,72
806,466,866,Sham19Y0014827,519,663,1122,272,72
806,437,866,Sham19Y0018103,235,9,587,285,62
806,553,866,Sham19Y0018103,501,82,471,244,78
806,437,889,Sham19Y0018103,1004,656,1270,304,62
806,553,866,Sham19Y0018103,1266,102,491,244,78
806,437,866,Sham19Y0018103,1518,807,1385,285,62
806,437,889,Sham19Y0018103,1755,756,1368,304,62
806,579,866,Sham19Y0018103,2014,1,364,222,77
806,437,866,Sham19Y0018103,2270,717,1295,285,62
806,437,790,Sham19Y0018103,2528,1059,1529,226,61
806,455,866,Sham19Y0018103,2796,1,564,277,62
806,437,866,Sham19Y0018103,3053,217,799,285,62
806,437,866,Sham19Y0018103,3295,451,1033,285,62
806,553,866,Sham19Y0018103,3531,80,469,244,78
806,437,866,Sham19Y0018103,3778,625,1207,285,62
806,437,889,Sham19Y0018103,4042,760,1376,304,62
806,553,866,Sham19Y0014592,224,79,428,248,88
806,437,866,Sham19Y0014592,478,219,759,303,68
806,553,866,Sham19Y0014592,752,1,350,248,88
806,595,866,Sham19Y0014592,1026,1,308,214,87
806,475,889,Sham19Y0014592,1310,5,538,284,65
806,437,685,Sham19Y0014592,1575,1272,1595,161,59
806,687,870,Sham19Y0014592,1576,1,220,141,81
806,437,866,Sham19Y0014592,1840,1022,1562,301,68
806,437,866,Sham19Y0014592,2110,235,775,301,68
806,437,769,Sham19Y0014592,2359,1127,1534,226,67
806,437,866,Sham19Y0014592,2607,334,878,301,67
806,437,866,Sham19Y0014592,2856,482,1026,302,68
807,818,968,JK000803,1,1308,1462,102,84
807,790,1059,Shamela0023789,1009,970,1180,134,59
808,85,369,JK006919,990,887,1138,177,73
808,85,358,Sham19Y0001729,2354,367,648,183,77
808,85,358,Shamela0021715,5788,938,1213,207,93
808,85,358,Shamela0021715,5789,68,633,206,45
808,85,358,Sham19Y0018176,1361,594,869,207,93
808,85,388,Sham19Y0127660,53,824,1157,206,71
808,85,358,Sham19Y0018106,2512,1080,1355,207,93
808,1301,1537,JK000397,37,1060,1299,182,96
808,85,358,Shamela0021493,60,741,1013,204,92
808,85,388,Sham19Y0018103,2401,230,618,224,72
808,1260,1537,Shamela0006947,6686,115,316,140,64
808,85,358,Sham19Y0013252,5984,1095,1370,207,93
808,1301,1537,Sham19Y0021505,240,767,998,174,92
808,1314,1537,Shamela0009783BK1,1881,1,207,157,89
808,188,358,Sham19Y0013605,2978,768,882,91,67
808,85,378,JK009158,520,1098,1417,185,65
808,85,358,JK000110,939,658,933,207,93
808,1319,1537,JK000803,20,9,202,146,84
808,85,358,Sham19Y0016584,2670,519,794,207,93
808,1301,1537,Sham19Y0145435,2193,296,535,182,96
808,85,388,Sham19Y0145435,5577,175,522,229,82
808,151,378,JK009313,4997,1197,1426,167,88
808,85,358,Sham19Y0016684,1350,635,910,207,93
808,85,358,JK000916,14886,1022,1387,176,59
808,676,867,ShamAY0035035,9571,504,700,142,87
808,85,358,Shamela0021536,562,923,1184,206,94
808,85,358,Shamela0005756,10215,498,779,207,91
810,491,645,Hindawi053075185,29,438,639,121,73
810,476,684,Shamela0000552,81,354,622,159,71
810,476,690,Hindawi039308515,105,854,1137,160,69
810,476,695,Shamela0010283,4234,509,796,165,69
811,886,988,Hindawi025273163,38,1311,1425,67,75
811,1374,1609,Shamela0096180,189,271,505,172,86
812,1000,1124,Shamela0096180,187,1084,1212,90,91
812,792,1227,Shamela0096180,189,699,1037,226,62
812,922,1227,JK000412,85,40,295,141,50
812,782,1220,Shamela0021751,7121,1136,1492,236,64
815,1311,1510,Shamela0096180,178,43,277,147,76
816,883,1115,Shamela0096180,183,824,1004,123,67
817,861,1106,Masaha001961Vols,1563,385,653,156,68
817,854,1093,JK000482,173,161,487,156,60
817,866,1106,Sham19Y0001729,2361,1,263,161,71
817,861,1106,JK000786,4202,1096,1379,169,74
817,286,596,Sham19Y0018176,488,593,896,173,66
817,846,1106,Shia003461Vols,648,590,910,166,65
817,264,596,Sham19Y0013252,2025,334,741,171,47
817,846,1106,JK000707,495,633,914,156,64
817,281,596,Sham19Y0145212,1061,981,1347,169,51
817,277,614,JK000165,1276,971,1331,179,53
817,374,596,JK000166,1723,54,285,142,69
817,846,1106,Shamela0008657,422,511,796,150,61
817,846,1106,JK009185,61,990,1290,151,60
817,854,1106,Shamela0009783BK1,1818,167,490,166,65
817,866,1106,ShamAY0035791,49,263,552,170,74
817,846,1119,JK000467,1026,61,398,175,66
817,281,596,JK000201,1142,332,661,173,55
817,866,1207,JK000803,138,224,832,238,48
817,846,1106,Shamela0003118,4386,370,678,171,70
817,854,1093,Sham19Y0145435,567,1178,1486,157,64
817,399,596,JK000754,1309,5,211,132,73
817,322,600,Sham19Y0014309,1703,102,390,164,65
817,846,1106,Shamela0012884,2541,65,353,169,72
818,219,946,Shia001432Vols,10109,763,1442,459,74
818,219,896,Hindawi074603536Vols,130,636,1299,407,68
818,219,995,JK000482,165,427,1255,521,76
818,219,995,JK000482,193,436,1271,522,76
818,219,995,Shamela0021715,5796,53,865,584,90
818,322,964,Shamela0021715,5797,6,1485,476,41
818,265,1005,Shamela0021715,6278,4,766,492,76
818,487,995,Shamela0021715,6279,63,1136,363,42
818,219,901,Kraken230106005528,861,659,1401,428,69
818,219,746,Shamela0009322,7,821,1408,345,71
818,746,995,Shamela0009322,8,1,257,181,86
818,219,995,Shamela0009322,41,380,1210,532,79
818,505,995,Shamela0021766,756,431,881,317,78
818,640,779,Sham19Y0018176,1164,774,918,102,90
818,219,790,Sham19Y0018176,1363,873,1433,420,93
818,790,995,Sham19Y0018176,1364,1,239,156,80
818,219,545,Sham19Y0018176,1497,1213,1524,188,65
818,545,1005,Sham19Y0018176,1498,1,483,323,81
818,219,717,JK009141,1390,982,1457,278,63
818,749,995,JK009141,1391,1,233,165,80
818,640,773,Sham19Y0127656,371,373,510,97,90
818,219,955,Sham19Y0127656,430,580,1408,537,80
818,219,984,Sham19Y0023644,2044,223,989,531,83
818,219,700,JK000136,504,109,305,117,32
818,640,768,Sham19Y0018106,2191,1344,1477,93,89
818,219,930,Sham19Y0018106,2515,737,1393,489,87
818,858,995,Sham19Y0018106,2516,1,131,102,94
818,311,1005,Sham19Y0018106,2688,1,716,458,75
818,246,995,Rafed0001826,187,544,1235,497,80
818,219,685,Shamela0026484,503,983,1465,268,62
818,685,995,Shamela0026484,504,1,372,230,74
818,238,566,JK007044,6627,720,1243,231,56
818,671,930,JK007044,6629,790,1460,155,28
818,219,627,ShamAY0034005,1049,938,1419,284,74
818,627,995,ShamAY0034005,1050,1,392,255,75
818,317,995,Sham19Y0148271,1116,8,652,376,61
818,640,955,Sham19Y0018103,2106,697,939,113,39
818,219,995,Sham19Y0018103,2404,337,1133,574,89
818,219,1005,Sham19Y0018103,2590,317,1110,510,74
818,219,717,JK007065,576,898,1391,362,89
818,717,995,JK007065,577,4,302,203,82
818,219,553,JK000140,1211,1099,1378,165,58
818,553,995,JK000140,1212,1,567,316,68
818,219,995,Sham19Y0013252,5986,153,949,574,89
818,219,827,Sham19Y0013252,6265,892,1500,389,73
818,827,1005,Sham19Y0013252,6266,1,186,120,77
818,219,995,JK000264,1958,30,749,536,85
818,242,995,Sham19Y0013572,633,491,1253,550,88
818,242,433,JK009256BK1,1644,808,998,145,96
818,219,995,Shamela0025794,1092,193,948,438,62
818,640,1204,Shamela0025794,1129,9,512,285,53
818,681,995,Sham19Y0017729,224,1040,1293,148,52
818,635,930,Sham19Y0017729,277,1108,1373,132,50
818,219,584,ShamAY0037807,3,1060,1428,271,94
818,584,995,ShamAY0037807,4,1,437,305,85
818,640,779,JK009324,1707,822,966,102,90
818,219,995,Sham19Y0145212,3729,91,1253,567,61
818,341,700,JK000906,1577,1153,1555,218,62
818,700,995,JK000906,1578,1,299,207,80
818,640,1023,JK000165,3310,918,1329,177,40
818,219,995,Shamela0008657,393,63,844,551,84
818,219,468,Shamela0096180,182,1150,1407,182,89
818,468,995,Shamela0096180,183,1,549,383,85
818,1,150,Shamela0096180,184,1295,1442,117,97
818,219,995,JK009336,2372,327,1150,574,87
818,219,995,Sham19Y0020638,1107,57,855,565,86
818,359,995,Shamela0036446,1195,442,1074,439,84
818,852,1197,JK000146,369,14,402,153,43
818,219,925,Shamela0012031,106,769,1426,490,88
818,834,1223,Shamela0012031,107,6,273,143,39
818,640,779,Sham19Y0013605,2671,1131,1275,102,90
818,219,790,Sham19Y0013605,2981,472,1029,420,93
818,790,995,Sham19Y0013605,2982,413,651,156,80
818,219,579,Sham19Y0013605,3182,1167,1508,210,67
818,549,1005,Sham19Y0013605,3183,225,687,307,79
818,640,779,JK000110,784,1167,1311,102,90
818,238,509,JK000110,940,1182,1439,196,92
818,509,995,JK000110,941,1,524,373,89
818,219,1005,JK000110,1044,570,1358,505,75
818,219,784,Shamela0006617,869,594,1449,348,48
818,784,1036,Shamela0006617,870,1,214,109,46
818,225,995,Shamela0096283,289,327,988,468,73
818,219,541,JK000803,112,1050,1384,235,88
818,541,995,JK000803,113,1,510,348,85
818,219,627,Shia001553,201,96,510,253,70
818,238,1005,Tafsir01005,1337,6,782,432,58
818,640,779,Tafsir01005,2568,13,157,101,89
818,219,1005,Shamela0004445,1545,207,1001,509,74
818,219,562,Shamela0004445,3428,1090,1416,245,91
818,562,995,Shamela0004445,3429,1,467,326,87
818,627,779,Shamela0006610,948,448,592,95,73
818,219,1197,Shamela0037325,269,236,1235,533,54
818,640,779,Sham19Y0016584,2348,250,394,102,90
818,295,995,Sham19Y0016584,2673,676,1397,525,90
818,219,1005,Sham19Y0016584,2900,436,1229,510,74
818,219,1032,JK007045,859,515,1327,536,77
818,155,995,Sham19Y0145435,5579,392,1250,580,82
818,219,995,Zaydiyya0000142,3364,240,983,430,61
818,363,995,Kraken230110004547,413,537,1167,404,71
818,242,394,Shamela0026324,2634,1099,1247,106,86
818,219,930,JK009313,5045,673,1457,497,76
818,640,779,Sham19Y0016684,1198,163,307,102,90
818,219,1005,Sham19Y0016684,1445,481,1274,510,74
818,351,995,JK000916,14990,1002,1456,302,58
818,219,717,JK000916,14991,908,1425,325,76
818,717,995,JK000916,14992,4,235,150,60
818,646,779,Sham19Y0017903,545,1113,1248,100,94
818,219,995,Shamela0008473,1031,60,834,505,75
818,363,649,Shamela0012884,1139,1139,1460,180,67
818,649,995,Shamela0012884,1140,1,321,232,80
818,219,920,Shamela0037837,418,681,1423,521,87
818,301,1032,Sham19Y0122257,3454,1,795,522,81
818,614,779,Shamela0005756,9309,330,500,112,83
818,238,995,Shamela0005756,10224,13,799,572,91
818,219,925,Shamela0005756,10730,751,1471,459,74
819,554,705,Hindawi060208373,116,162,458,85,36
819,501,764,Sham19Y0017048,140,1176,1444,107,42
820,1396,1547,Sham19Y0017048,146,381,576,120,77
820,1396,1530,Sham19Y0127698,575,792,942,105,88
820,1396,1547,Shamela0001000,1542,604,791,119,80
821,433,771,Sham19Y0073348,682,605,1455,234,33
821,1154,1332,Sham19Y0017048,141,734,1018,115,48
821,945,1314,Shamela0012398,96,1037,1550,103,18
821,550,771,Shamela0001002,176,1,636,173,33
822,730,1250,Shamela0005858BK1,475,642,1145,175,34
822,208,598,Rafed0002654Vols,9687,919,1304,307,97
822,1308,1501,Rafed0002654Vols,9704,575,769,160,99
822,878,1138,Rafed0002654Vols,9780,453,862,136,41
822,1097,1308,Rafed0002654Vols,9784,26,236,164,99
822,1102,1326,Shamela0003722,4821,1231,1414,110,57
822,1119,1339,Shamela0010906,1968,548,712,103,56
822,1102,1339,Shamela0003118,4682,64,269,116,57
822,1102,1339,JK000134,2299,227,409,120,60
822,1102,1339,JK000916,16011,710,925,117,55
822,1097,1339,Sham19Y0149213,1258,1206,1409,115,56
822,208,598,Shia004092Vols,9880,628,1019,307,99
822,1308,1501,Shia004092Vols,9895,912,1106,160,99
822,1097,1226,Shia004092Vols,9973,1294,1422,100,99
822,1102,1368,ShamAY0035035,910,530,732,110,49
823,146,378,Shia001432Vols,15243,768,985,120,63
823,146,273,JK000022,930,956,1087,98,95
823,146,312,Kraken22021606123201,552,356,539,120,82
823,990,1511,Kraken22021606123201,552,643,909,160,38
823,146,460,Shia003707Vols,586,460,727,158,60
823,146,312,Shamela0012286,1870,577,774,104,66
823,146,460,Sham19Y0023644,3472,500,778,152,52
823,696,863,Shia001544Vols,124,948,1108,107,76
823,146,312,Shamela0021493,328,589,742,114,87
823,146,273,Shia001423Vols,953,172,315,98,85
823,730,863,Shamela0011789,93,288,416,94,85
823,1016,1498,Shamela0035100,1594,970,1421,139,27
823,391,624,Rafed0002654Vols,6743,229,401,93,46
823,146,273,Rafed0002654Vols,6744,1123,1247,90,90
823,146,264,Rafed0002654Vols,9685,1008,1131,89,88
823,1,134,Rafed0002654Vols,9715,144,283,105,94
823,146,273,Rafed0002654Vols,9718,1053,1178,98,97
823,472,726,Rafed0002654Vols,9722,353,607,201,100
823,754,863,Hindawi081316951,296,4,113,84,98
823,146,312,Shamela0003722,4822,1193,1380,120,81
823,226,562,JK000927,3261,88,668,194,41
823,146,460,Kraken220413030759,496,1088,1307,148,55
823,146,273,Shamela0008494,170,328,467,97,87
823,134,286,JK009325,43,190,340,100,84
823,146,460,Shia003702,204,915,1169,157,59
823,142,498,Shamela0012031,359,88,389,180,61
823,726,863,Shamela0010512,268,1044,1174,84,74
823,730,863,Shamela0001000,846,667,792,93,86
823,146,273,JK010768,9,908,1050,94,81
823,154,312,Shamela0023644,1646,1159,1308,106,83
823,146,373,Shamela0003118,4683,480,817,150,53
823,146,498,ShamAY0034857,14,5,264,167,57
823,106,554,JK000134,2299,462,932,150,27
823,1016,1511,JK000134,2299,857,1121,169,42
823,146,273,Shia000806Vols,203,717,858,98,88
823,134,460,Shia003716,35,1095,1335,155,54
823,146,273,Shia003636Vols,1929,294,421,98,98
823,146,312,Shamela0002114,374,889,1093,106,65
823,146,305,JK000916,16015,980,1133,104,81
823,146,378,Sham19Y0149213,1259,625,994,145,45
823,146,273,Shia004092Vols,4655,1350,1481,98,95
823,146,273,Shia004092Vols,7047,1068,1192,90,90
823,146,264,Shia004092Vols,9878,745,868,89,88
823,1,134,Shia004092Vols,9906,531,670,105,94
823,146,273,Shia004092Vols,9909,1059,1184,98,97
823,472,726,Shia004092Vols,9913,368,622,201,100
824,1395,1511,Rafed0002654Vols,9697,112,228,94,100
824,288,382,Rafed0002654Vols,9724,312,406,73,100
824,795,911,Rafed0002654Vols,9776,243,359,92,100
824,623,746,JK000134,2298,456,872,96,29
824,727,1135,Shia003636Vols,1942,1,516,169,35
824,1395,1511,Shia004092Vols,9888,407,523,94,100
824,288,382,Shia004092Vols,9915,337,431,73,100
824,795,911,Shia004092Vols,9967,481,597,92,100
825,1141,1538,Shia001384,68,1158,1483,136,40
825,1141,1538,Shia003707Vols,624,440,769,137,40
825,1138,1471,Rafed0002654Vols,4352,120,492,167,48
825,1377,1538,Rafed0002654Vols,9833,915,1075,127,96
825,1138,1538,Rafed0002654Vols,9873,1124,1530,159,49
825,553,1538,Rafed0002654Vols,9874,532,1517,790,99
825,1141,1538,Shia003727Vols,184,680,1204,141,25
825,1,118,Shia004092Vols,9888,523,641,94,99
825,1377,1538,Shia004092Vols,10015,75,236,130,100
825,553,789,Shia004092Vols,10055,1335,1569,182,98
825,789,1538,Shia004092Vols,10056,1,751,606,99
826,640,825,Shia001432Vols,24444,334,569,88,49
826,512,634,Shia001432Vols,24445,1,160,90,72
826,455,634,JK000022,978,874,1153,127,56
826,1211,1478,Kraken22021606123201,554,1,346,118,34
826,455,634,Shia003707Vols,633,859,1070,128,75
826,1089,1254,Shamela0035100,1849,953,1388,117,34
826,455,821,Rafed0002654Vols,6761,365,650,139,45
826,54,1535,Rafed0002654Vols,9875,1,1180,948,79
826,1089,1299,Shamela0003722,6292,225,594,134,47
826,1089,1263,JK003609,856,938,1258,123,49
826,1089,1259,Masaha004395Vols,1262,855,1305,120,33
826,1089,1254,Shamela0010906,1974,514,1051,121,28
826,1089,1254,JK000134,3098,859,1039,120,81
826,1103,1254,Shamela0037325,404,1277,1389,65,54
826,1089,1299,Shamela0037325,2186,900,1498,130,28
826,901,1024,Sham19Y0013226,417,599,723,95,95
826,558,821,Shia003716,41,168,748,122,23
826,455,634,Shia003636Vols,2001,927,1103,119,79
826,1103,1313,JK000916,21403,719,1179,71,17
826,455,821,Shia004092Vols,7064,389,674,139,45
826,1,825,Shia004092Vols,10056,751,1563,652,98
826,825,1535,Shia004092Vols,10057,1,421,338,59
827,787,1150,Shamela0096178,219,1084,1394,214,68
827,780,1150,Shamela0009773,2305,535,849,197,65
827,784,1150,Shamela0001043,838,821,1200,271,88
827,774,1150,Shamela0012398,142,424,822,284,89
827,774,1150,Zaydiyya0000195,35,517,891,252,79
827,1,422,Rafed0002654Vols,9875,1180,1595,342,98
827,422,614,Rafed0002654Vols,9876,1,193,156,99
827,799,1150,EScr202211221604,164,805,1151,213,69
827,774,1150,JK010344,789,692,1074,267,84
827,787,1024,Hindawi026382506Vols,773,1399,1581,131,64
827,774,1150,Shia003636Vols,10606,533,888,254,84
827,1,614,Shia004092Vols,10057,421,1029,497,98
827,774,1078,Rafed0000040Vols,2072,1186,1497,215,84
828,641,800,Shamela0010798,3296,732,892,128,98
828,641,800,Zaydiyya0000195,35,88,248,128,98
828,934,1152,JK003609,3573,1155,1419,130,59
828,641,805,Shamela0023790,168,649,815,128,95
828,641,800,Shamela0000558,292,1260,1474,125,72
828,641,754,Sham19Y0014786,164,1050,1256,70,42
828,641,800,Sham19Y0016435,40,1042,1199,127,98
828,641,800,Shamela0003118,2458,991,1151,128,98
828,641,800,Zaydiyya0000074,144,216,374,128,99
828,641,800,Shia003636Vols,10606,103,264,128,97
828,641,800,JK000916,7333,1172,1330,128,99
828,934,1152,Shamela0001003,250,343,606,130,58
828,856,1152,Rafed0000040Vols,2073,1126,1457,148,51
829,666,800,Shamela0028175,53,1100,1234,105,97
829,666,800,Hindawi079072819,90,318,453,107,98
829,554,800,Sham19Y0000259,900,253,895,141,25
829,666,800,Sham19Y0021505,393,857,991,104,96
829,666,800,Zaydiyya0000090BK1,126,408,792,73,21
829,666,800,Shamela0001000,1383,539,674,107,98
829,666,800,JK009229,174,357,491,105,97
829,666,800,Shamela0006743,476,377,511,105,97
829,666,800,Hindawi030807493,179,303,437,105,97
832,150,315,JK000927,1904,264,430,116,90
832,17,315,Shamela0023790,503,243,463,151,62
832,107,319,JK000585,1656,734,942,149,89
832,506,1192,Shamela0006656,2,357,1110,298,45
833,1,217,Hindawi060208373,122,1028,1220,130,74
833,6,188,ShamAY0035884,2617,947,1238,133,58
833,6,165,Shamela0026039,365,333,543,114,66
833,6,165,Shamela0003722,5087,1007,1219,116,67
833,1,188,Kraken220413030759,538,988,1198,135,80
834,339,743,Shamela0011788,285,820,1376,118,21
834,295,405,JK000022,1897,392,502,86,100
834,410,594,JK000022,1897,1165,1400,122,66
834,602,729,JK000022,1898,1,272,87,40
834,339,729,JK000917,1206,737,1266,115,20
834,339,729,Shamela0006617,1199,1064,1499,115,22
834,347,729,Sham19Y0150966,280,413,958,122,20
835,38,308,Masaha001961Vols,1680,779,1145,155,51
835,48,244,JK001103,40,218,395,111,65
835,38,299,Sham19Y0023644,3583,1159,1501,143,50
835,119,308,Shamela0021493,322,1124,1428,141,59
835,1226,1461,Shamela0000347,523,668,1117,156,44
835,1,244,Shamela0012406,1675,954,1227,129,55
835,1226,1494,JK000585,275,866,1353,174,45
835,38,308,Shamela0006617,1191,781,1153,155,51
835,71,308,JK009229,127,720,1124,163,50
835,1,308,Shamela0095735,298,832,1139,119,35
835,1226,1461,Shamela0003118,5165,676,1124,156,44
835,119,308,Shamela0003118,5190,31,333,142,59
835,71,315,ShamAY0034857,21,523,942,163,48
835,1226,1461,JK000916,17764,1006,1453,152,43
835,119,308,JK000916,17878,53,355,142,59
835,119,308,JK000933,5,771,1074,144,60
836,738,1307,Hindawi060208373,155,913,1304,224,47
836,306,436,JK000022,1858,1037,1160,92,90
836,1137,1259,Hindawi068305130,460,1138,1261,87,81
836,1103,1307,Shamela0037063,804,44,253,164,97
836,1103,1307,Shamela0012403,2,684,893,163,97
836,1103,1307,Shamela0012403,583,27,236,160,93
836,1103,1307,Kraken220413030759,546,603,810,159,95
836,1103,1307,JK007078,384,247,456,162,96
836,747,996,Shamela0006656,90,1254,1502,174,81
836,1137,1259,Hindawi059250728,88,1219,1342,87,81
836,1103,1307,JK000916,18273,901,1110,162,96
837,812,1020,Zaydiyya0000217,80,83,292,148,83
837,783,1020,Shamela0006656,32,516,771,175,84
837,372,725,Shamela0006656,70,846,1293,222,54
838,602,757,Hindawi068305130,465,1062,1211,115,90
838,1272,1400,Shamela0011363,284,738,871,102,96
838,644,757,Shamela0023790,274,1,114,89,99
838,613,757,ShamAY0002038,352,1315,1462,111,92
838,37,359,Shamela0006656,4,112,425,210,76
838,1246,1400,Shamela0006656,19,788,1035,116,59
838,602,757,Hindawi059250728,93,1281,1430,115,90
839,742,965,Sham19Y0146127,3545,102,294,106,62
839,170,407,Zaydiyya0000035,190,1210,1460,179,90
839,235,419,JK000022,1906,1,188,145,96
839,742,965,Shamela0012403,302,935,1131,109,62
839,1201,1306,Kraken220413030759,538,285,564,79,35
839,166,419,Kraken220413030759,568,865,1126,197,94
839,742,965,JK000484,6409,749,945,107,61
839,170,419,Shamela0095735,309,776,1026,184,90
839,1201,1310,Shamela0010444,11,568,672,82,95
839,1096,1310,Shamela0006656,8,309,528,135,69
839,773,965,Shamela0006656,24,831,1020,127,80
839,1201,1310,JK000916,17695,970,1074,82,95
839,742,965,JK000916,17745,410,603,108,61
840,1119,1284,JK000022,1903,486,749,120,57
840,1053,1284,Sham19Y0023644,3672,518,930,150,47
840,1125,1284,Shamela0004473,9387,994,1265,119,56
840,422,726,JK000082,744,34,334,184,67
840,1119,1284,Kraken220413030759,566,1087,1361,118,55
840,1053,1284,Shamela0012406,1684,33,403,146,50
840,1119,1284,JK009325,70,264,551,124,55
840,415,726,Shamela0006656,7,931,1197,190,76
840,1119,1284,ShamAY0034857,27,213,462,121,62
840,1119,1279,ShamAY0035035,6706,947,1208,115,56
841,474,841,Shamela0004473,9381,750,1194,249,70
841,133,324,Shamela0012403,314,1253,1444,142,93
841,482,835,Shamela0035100,1586,998,1386,223,69
841,133,375,Kraken220413030759,569,1052,1282,113,55
841,118,375,Shamela0003118,5166,1138,1416,192,87
841,133,375,JK000916,17771,483,747,190,90
842,999,1374,Sham19Y0150676,8,677,1086,169,41
842,1085,1221,Shamela0006730,28,954,1132,109,76
843,56,422,Shamela0031215,62,655,933,197,63
843,577,790,Shamela0031215,64,1145,1347,143,81
843,1282,1437,Shamela0031215,303,94,251,120,95
843,56,367,Shamela0006730,33,1286,1531,170,64
843,409,757,Shamela0006730,34,490,1106,203,40
843,1270,1437,Shamela0006730,165,99,266,124,92
843,1282,1437,ShamAY0034657,263,191,354,116,89
843,341,757,Sham19Y0149697,57,1,268,181,54
844,206,404,Sham19Y0147597,195,14,217,154,96
844,245,483,Shamela0021688,60,1,234,183,96
844,159,395,Kraken230107021738,6,1104,1340,130,57
844,159,395,Sham19Y0039268,127,924,1200,137,53
844,159,395,Zaydiyya0000286,66,923,1161,151,67
844,159,400,Shamela0021493,391,92,305,158,81
844,159,395,JK000135,154,203,476,151,59
844,169,395,Shamela0004473,2720,505,714,166,92
844,1140,1474,Shamela0004473,17328,10,350,161,52
844,231,395,JK001084,15,10,199,122,77
844,164,395,Shamela0035100,1981,1,226,138,62
844,154,371,Sham19Y0123665,4,1167,1438,171,78
844,159,395,Shamela0003722,6418,157,441,154,60
844,169,395,Shamela9007669,67,910,1171,164,75
844,1215,1474,Shamela0031215,35,1141,1430,140,51
844,159,395,Shamela0031215,65,952,1190,187,98
844,159,395,JK007078,320,602,835,159,75
844,159,404,JK000585,37,786,1088,183,75
844,604,991,Sham19Y0013605,29,1218,1348,82,27
844,1140,1474,Shamela0003622,6,438,778,161,52
844,169,395,Shia002959,454,1007,1265,175,85
844,1352,1474,Shamela0006730,24,40,159,96,97
844,159,410,Shamela0006730,34,1191,1440,196,97
844,206,442,Hindawi030536269,480,686,910,156,80
844,159,404,Hindawi061483693,56,120,360,174,84
844,159,395,Shamela0010906,2298,850,1053,127,58
844,159,404,Shamela0021479,8,1009,1302,186,78
844,159,404,ShamAY0034223,6,273,528,174,80
844,159,404,Shamela0006733,5,209,498,189,81
844,206,404,Sham19Y0133368,75,1187,1330,110,70
844,235,395,JK000916,21896,1,130,97,75
844,164,483,Sham19Y0149697,57,304,622,247,96
844,264,395,Shamela0005756,1058,33,216,86,53
844,159,404,JK000990,38,469,709,174,84
845,648,842,Sham19Y0039268,421,1345,1534,142,90
845,962,1247,Sham19Y0039268,423,92,352,186,79
845,619,1247,JK000022,2280,844,1445,284,48
845,648,953,JK000728,142,1057,1363,222,88
845,730,1111,JK000996,100,1,409,186,46
845,629,883,Sham19Y0017807,65,346,547,140,68
845,938,1247,Masaha003955Vols,386,745,1040,196,74
845,780,1264,Shamela0010717,188,88,542,226,50
845,648,953,Shamela0010717,189,471,810,233,86
845,619,821,Sham19Y0029560,501,920,1235,133,53
845,606,809,JK007044,33,662,864,143,83
845,962,1247,Sham19Y0017372,614,412,688,190,76
845,652,1028,ShamAY0032275,66,395,798,263,83
845,648,934,JK000981,224,686,955,191,80
845,574,1028,Shamela0009091,314,251,688,248,64
845,629,1123,JK000250,32,400,950,241,42
845,962,1264,Shamela0001002,799,492,774,187,73
845,648,1381,Sham19Y0145212,4024,516,816,172,28
845,624,847,Shamela9007669,67,14,226,145,83
845,629,953,Shamela0096618,93,100,474,155,41
845,924,1247,Shamela0010826,29,159,509,210,68
845,780,1264,Shamela0031215,92,537,974,244,51
845,648,1381,JK009336,71,775,1082,186,30
845,648,1371,Shamela0009804,57,282,703,229,36
845,924,1371,Shamela0009823,78,909,1254,231,61
845,594,1028,Shamela0012031,404,546,1039,280,68
845,574,1028,Shamela0001000,1082,312,776,282,73
845,648,1111,JK000537,114,273,833,273,55
845,171,490,Shamela0006730,21,783,1294,115,23
845,924,1264,Shamela0006730,36,267,626,254,89
845,613,864,Shamela0028107,24,1233,1494,172,82
845,629,1111,Sham19Y0147311,189,110,670,267,53
845,619,809,JK009229,1289,1167,1365,143,89
845,652,953,JK007030,358,98,415,219,84
845,619,953,ShamAY0034223,15,1043,1415,241,79
845,643,874,Shamela0010016,13,1124,1309,141,76
845,619,1195,Shamela0023645,230,759,1429,286,46
845,648,953,JK009241,38,448,796,175,56
845,629,929,Shamela0025955,357,1127,1459,203,74
845,594,860,ShamAY0034857,48,1123,1414,182,75
845,594,754,Sham19Y0037370,87,1284,1507,117,64
845,1051,1260,Shamela0009918,1289,968,1382,157,47
845,943,1371,JK009313,5208,42,483,212,52
845,624,1111,Sham19Y0127654,67,247,708,208,46
845,962,1247,JK000916,13815,1088,1354,188,79
845,648,809,JK000001,49,1067,1241,118,84
845,574,891,Hindawi030807493,40,1114,1427,207,77
845,629,813,Sham19Y0122257,13,1088,1258,110,72
847,432,893,Sham19Y0147597,386,189,541,231,60
847,441,922,JK000295,10,968,1310,254,64
847,429,927,Zaydiyya0000153,279,493,1029,339,76
847,456,893,Sham19Y0023644,4478,462,903,298,77
847,441,753,Hindawi068305130,309,1296,1555,192,74
847,441,803,Hindawi092024806,206,386,679,216,73
847,429,927,ShamAY0035884,2807,186,770,365,77
847,441,728,Shamela0010717,124,1271,1502,169,71
847,441,803,JK000468,1658,844,1136,214,71
847,557,922,Shamela0009993,267,1,244,179,59
847,441,803,Shamela0001242,913,222,515,214,72
847,429,910,Shamela0006032,4,981,1513,327,71
847,429,645,Shamela0006947,10471,1188,1437,160,80
847,441,803,Shamela0006947,14044,96,389,216,73
847,441,922,JK007104,216,68,409,246,62
847,441,803,ShamIbadiyya0000279,148,446,752,197,62
847,441,761,Shamela9007669,34,1299,1569,196,74
847,441,803,Shamela9007669,66,1076,1361,211,72
847,1,181,Shamela0031215,60,784,962,117,73
847,661,922,Shamela0031215,126,1,249,193,91
847,1026,1231,Shamela0031215,137,1012,1201,146,86
847,645,927,Shamela0009804,6,1240,1509,205,90
847,441,803,Shamela0009804,74,8,284,199,67
847,567,903,Sham19Y0095660,177,7,263,186,67
847,429,927,Shamela0009783BK4,158,524,1081,338,72
847,1030,1203,Shamela0006730,45,1346,1519,138,100
847,441,803,Hindawi030536269,156,111,404,216,73
847,429,828,JK000005,146,979,1465,299,77
847,429,927,Shamela0028107,46,732,1312,360,76
847,429,922,Shamela0028107,48,457,919,308,72
847,774,927,Shamela0028107,150,1,148,111,89
847,441,922,Shia004512,74,298,658,232,54
847,463,833,Shamela0010906,2936,1129,1495,244,74
847,429,787,ShamAY0034223,47,1088,1530,264,75
847,429,927,Shamela0006733,24,390,970,361,77
848,1,118,JK011712,214,378,491,88,94
848,1,118,Shia001432Vols,5403,221,334,88,94
848,1,169,Shamela0001524,3608,175,402,129,69
848,8,132,ShamAY0038409,125,868,988,93,94
848,1,132,Masaha003955Vols,185,578,705,99,94
848,1,132,Shamela0005539,313,527,654,99,94
848,688,962,Shamela0002170,20,974,1238,146,56
848,1,118,Shamela0026568,807,43,156,88,94
848,1286,1480,Shamela0031215,137,1201,1375,131,83
848,305,569,Shamela0031215,139,477,743,190,82
848,12,177,Shamela0011079,102,832,990,128,93
848,1,132,ShamAY0033627,25,914,1053,97,81
848,337,575,ShamAY0001760,59,1,240,193,99
848,305,569,Shamela0006730,46,646,914,193,83
848,1,118,Shamela0026731,120,777,890,88,94
848,1,132,JK009313,5642,606,741,104,94
848,1,144,Shamela0023685,898,924,1054,92,82
849,1205,1470,Sham19Y0023644,4477,538,867,145,55
849,1292,1470,Shamela0010717,188,538,758,143,80
849,1314,1470,ShamAY0032275,66,853,1022,127,92
849,18,319,Shamela0031215,138,483,788,206,85
849,818,1013,Shamela0031215,156,311,499,134,82
849,1210,1470,Shamela0012406,2205,1004,1249,143,64
849,783,1214,Sham19Y0032195,26,143,408,167,49
849,1292,1470,Shamela0001000,1082,1191,1414,141,78
849,1292,1470,Shamela0006730,37,433,656,140,77
849,652,818,Shamela0006730,47,1,151,100,70
849,818,1194,Shamela0006730,47,587,932,185,50
849,1296,1470,ShamAY0034223,12,363,584,130,73
849,818,1013,JK000289,2177,383,526,97,64
849,818,1194,Sham19Y0149697,63,72,291,158,52
850,236,625,Shamela0031215,56,905,1388,244,59
850,96,231,Shamela0031215,115,1003,1283,107,48
850,236,625,Shamela0006730,30,492,892,265,78
850,964,1354,Shamela0006730,45,12,406,150,34
850,1023,1317,Shamela0028107,38,253,842,175,36
850,1055,1195,ShamAY0034223,39,1113,1463,91,31
850,648,1011,ShamAY0034223,42,36,614,196,38
851,233,374,JK000022,2283,930,1073,109,95
851,233,366,Shamela0000202,19,302,464,100,79
851,238,374,Sham19Y0036110,255,678,835,99,80
851,852,1057,Shamela0031215,159,247,438,143,84
851,577,880,Shamela0031215,349,975,1461,211,54
851,582,868,Shamela0006730,134,35,308,200,88
851,582,868,ShamAY0034657,138,529,844,198,75
851,873,1057,ShamAY0034223,11,131,321,143,90
851,126,374,ShamAY0034223,17,414,840,149,38
851,617,868,ShamAY0034230,2646,687,986,191,79
851,617,868,ShamAY0034230,5264,960,1261,191,78
851,664,817,Sham19Y0148883,162,1,206,118,72
853,34,158,Hindawi059024715,28,948,1460,84,20
853,23,505,Hindawi059024715,34,796,1419,162,26
853,23,478,Shamela0001002,188,106,675,151,26
853,23,505,Hindawi020790318Vols,163,66,688,164,26
855,760,951,Sham19Y0023644,4453,1337,1529,143,91
855,975,1138,Hindawi092963020,491,197,361,132,99
855,975,1138,Shamela0011782,305,230,393,131,98
855,975,1138,Hindawi025208620,80,294,458,132,99
855,744,951,Shamela0005742,6,933,1153,156,86
855,725,951,Shamela0000728,9,939,1167,160,82
855,760,956,AOCP2023090638Vols,370,888,1083,153,95
855,760,959,Shamela0035100,2765,1149,1347,145,89
855,975,1138,Hindawi026949253,43,145,309,126,95
855,760,951,Hindawi092480708,20,1319,1510,142,88
855,751,951,Shamela0001002,946,950,1158,160,94
855,975,1138,Shamela0001002,960,806,970,129,97
855,760,875,JK003609,4625,1488,1602,89,95
855,739,951,Shamela0001038,332,36,242,154,89
855,760,1138,Shamela0006630,18,157,884,288,48
855,975,1138,Sham19Y0145334,1636,146,310,129,97
855,744,951,JK000410,8,711,931,157,87
855,975,1138,Shamela0010906,3021,885,1049,130,98
855,760,951,Shamela0010906,3021,92,280,145,92
855,744,956,Shamela0003118,4039,1116,1346,159,84
855,523,1138,JK000911,2055,746,1315,269,40
855,975,1138,Shamela0023735,1480,1251,1413,130,97
855,609,1138,Shamela0010283,5341,290,975,324,57
855,744,963,JK000916,13520,1162,1387,157,86
855,760,959,Shamela0001003,393,217,415,150,90
855,975,1138,Shamela0011790,3419,97,261,130,98
856,40,218,Shamela0011682,1065,318,495,128,91
859,118,543,JK000532,420,67,390,84,19
859,50,381,Kraken220413030759,1278,44,195,104,37
859,118,381,Shamela0005064,4,244,442,107,47
859,118,381,Sham19Y0131521,4,200,401,108,46
859,50,381,JK000134,1181,359,545,108,39
860,221,349,Sham19Y0007729,203,50,178,102,100
860,36,349,Shamela0010717,172,938,1194,178,71
860,221,333,Shamela0003722,16,1423,1535,89,100
860,31,349,Sham19Y0150639,5,18,276,181,72
860,49,349,Kraken220413030759,1280,14,574,184,38
860,221,349,Shamela0001442,6,56,184,102,100
860,221,411,Shamela0005064,3,176,380,117,72
860,49,349,Shamela0009702,579,120,690,179,36
860,49,196,Shamela0010906,5537,299,442,94,75
860,221,411,Sham19Y0131521,3,150,366,117,68
860,36,177,Shamela0003118,2710,1352,1506,92,68
860,31,349,Sham19Y0020591,2,390,653,180,71
863,1027,1229,JK009330,15,1368,1586,155,88
863,1027,1348,Shia004028,125,769,1068,223,85
863,1032,1380,Shamela0006947,6853,418,735,252,90
863,1027,1380,Hindawi040948193,86,802,1153,244,83
863,73,292,Hindawi030536269,267,1382,1595,161,91
863,76,297,ShamAY0037746,27,213,428,161,89
863,1027,1380,ShamAY0034797,715,370,732,265,88
863,76,297,ShamAY0034646,25,654,869,161,89
864,516,681,Shamela0009943,191,150,349,115,73
864,544,992,Shamela0035100,5210,829,1230,185,43
864,516,992,JK003609,5187,873,1323,184,41
864,516,681,Hindawi013042758,333,476,619,111,86
864,516,681,Shamela0001000,857,796,974,120,85
864,544,681,Shamela0027084,218,599,744,107,94
864,516,666,Kraken22021606123100,77,235,370,93,74
864,499,681,Shamela0006730,238,8,190,114,75
864,544,657,JK000806BK1,287,1289,1409,82,87
864,548,681,ShamAY0034179,300,16,140,97,93
864,516,681,Shia004047,59,895,1027,101,75
864,516,681,Shamela0006549,255,1082,1245,108,76
864,516,681,JK001157,927,7,145,108,83
865,1008,1224,Tafsir02102,1808,1255,1460,140,76
865,994,1224,JK001254,48,1043,1249,166,88
865,994,1224,JK000090,152,743,973,186,99
865,999,1224,Shamela0012293,620,728,986,172,80
865,545,755,Hindawi092963020,30,1,184,145,86
865,39,190,Sham19Y0019199,1389,207,355,116,95
865,1064,1224,JK010475,320,1,143,110,81
865,1029,1224,Kraken220413194022,2759,311,505,158,99
865,999,1224,JK010001,3255,287,518,157,76
865,999,1224,Shamela0004473,2693,1169,1419,159,75
865,533,755,Shamela0009943,193,1,201,147,80
865,951,1224,Shamela0009943,195,1338,1622,174,71
865,994,1224,Shamela0006947,5518,471,684,165,85
865,994,1224,Shamela0006947,12219,737,943,166,88
865,994,1224,Shamela0006947,17042,371,582,162,84
865,999,1187,Shamela0012398,576,1399,1611,140,80
865,994,1129,JK001414,2722,1458,1593,109,98
865,994,1224,JK000382,344,291,524,173,89
865,994,1224,JK000382,520,811,1049,178,92
865,999,1224,JK000382,789,1052,1260,161,85
865,489,755,Shia003355,227,1016,1256,187,85
865,994,1224,Shamela0007318,127,1088,1294,166,88
865,999,1224,Shamela0007664,86,800,1022,150,75
865,1022,1253,JK000381,689,209,422,147,78
865,999,1224,JK000381,1215,983,1213,157,79
865,999,1224,JK000906,106,651,882,180,93
865,994,1224,Shamela0003055,665,337,542,165,88
865,527,755,Kraken220218125255,365,5,207,158,86
865,44,185,JK001087,24,202,377,111,77
865,999,1224,Tafsir07055,3383,471,728,172,81
865,994,1224,Shamela0011730,171,1083,1294,159,81
865,999,1224,JK000923,27,1231,1449,148,75
865,999,1224,JK000923,28,417,635,148,75
865,489,755,Shamela0001000,858,441,680,192,89
865,999,1224,JK000342,5,1094,1368,172,76
865,994,1224,Shamela0008353,19,1356,1569,165,85
865,994,1224,Shamela0008353,63,85,322,186,96
865,335,755,Shamela0008353,307,695,1078,214,56
865,994,1224,Shamela0007350,66,321,527,166,88
865,994,1224,Sham19Y0017581,383,9,239,186,99
865,999,1224,JK000098,631,615,834,156,79
865,999,1224,Shamela0037325,1260,1242,1465,152,76
865,999,1181,Shamela0037325,1270,1386,1609,136,74
865,999,1224,Shamela0018381,60,1185,1405,152,77
865,511,755,Shamela0011566,1928,378,603,165,81
865,39,185,Shamela0006739,700,1326,1471,118,99
865,994,1224,Shamela0006463,140,814,1020,166,88
865,994,1224,Shamela0030312,52,488,718,183,95
865,44,185,Shamela0006549,80,733,932,103,62
865,994,1224,Shamela0006549,104,1117,1352,183,93
865,44,185,Shamela0006549,117,1118,1282,94,70
865,999,1194,Rafed0000040Vols,114,1357,1589,147,77
865,489,755,Rafed0000040Vols,262,92,331,183,84
865,1077,1224,Rafed0000040Vols,272,1,173,118,83
865,999,1224,Rafed0000040Vols,280,219,482,172,79
865,321,755,Rafed0000040Vols,858,708,1039,216,60
865,994,1224,JK000362,1322,1026,1256,186,99
866,789,1073,Shamela0009091,626,904,1211,201,74
866,203,467,ShamAY0034657,287,716,985,180,79
866,1,186,ShamAY0034657,740,542,720,131,87
866,1120,1386,Kraken210714194926,131,702,920,116,55
866,1208,1386,Shamela0006739,700,442,612,134,95
866,1,165,Shamela0006739,701,1054,1224,128,91
866,1211,1386,Shamela0006739,735,55,212,110,79
866,1,340,ShamAY0035035,5,1,484,176,44
866,1211,1386,Shamela0006549,58,1051,1218,121,88
866,833,1073,Shamela0006549,74,487,736,187,91
867,1,376,Kraken22021606121901,50,1099,1446,215,64
867,1,376,JK001335,1250,445,798,214,64
868,1191,1410,JK001414,2665,557,731,138,78
868,289,470,JK001087,43,357,586,140,76
868,320,470,Kraken210714194926,131,5,162,114,91
868,1191,1431,Sham19Y0017581,323,1328,1538,139,67
868,1191,1436,Shamela0006549,73,779,1025,170,80
868,289,470,Shamela0006549,91,1320,1528,140,84
869,1364,1583,ShamAY0034657,287,1430,1650,179,99
869,161,469,Shamela0006739,750,56,530,185,46
869,493,831,Shamela0006739,752,249,974,270,46
870,711,1056,Shamela0009091,624,848,1193,243,78
870,711,1080,JK001087,44,181,802,276,51
870,1182,1330,Kraken210714194926,145,4,154,114,94
870,250,430,Shamela0006739,1657,1219,1385,118,81
870,766,1080,Shamela0006549,83,1,561,251,53
871,295,446,Shamela0002863,2423,639,822,120,81
871,262,446,Shamela0008353,256,37,263,141,76
871,274,446,Shamela0010906,5009,1143,1338,134,83
871,274,446,ShamAY0034179,292,510,700,134,86
872,879,1045,JK006919,22,1028,1139,89,66
872,828,1045,JK010561,621,1124,1285,81,38
872,713,1202,Zaydiyya0000101,998,801,944,97,25
872,717,1023,Shamela0011056BK2,5,986,1514,197,48
872,707,879,ShamAY0034637,96,1280,1559,122,55
872,879,1045,ShamAY0034637,97,51,217,130,97
872,717,990,JK001021,55,101,322,130,59
872,717,1045,Sham19Y0023644,6327,529,913,216,71
872,828,1045,Shia003986,319,744,1018,171,78
872,767,990,EScr202304041409,67,27,574,165,38
872,990,1202,ShamAY0032251,26,123,459,96,36
872,717,1045,Shamela0004473,882,691,1187,242,62
872,879,1029,Shamela0004473,5282,1325,1475,119,99
872,717,1045,Shamela0001043,290,86,359,175,67
872,828,1045,JK007062,92,317,586,155,72
872,717,1045,Shamela0000728,156,14,820,239,37
872,717,1045,JK001412,476,123,936,236,36
872,724,879,ShamAY0033769,89,1,159,79,65
872,879,1045,ShamAY0033769,89,695,863,120,89
872,702,879,Shamela0006947,12844,926,1103,89,64
872,879,1045,Shamela0006947,12845,87,253,133,100
872,767,1045,Shamela0012398,693,39,422,207,68
872,717,1045,Shamela0030665,72,29,302,175,67
872,717,994,Shamela0007830,102,631,907,175,80
872,717,1202,Shamela0009091,690,12,395,125,30
872,717,1045,JK011658,61,417,910,217,55
872,717,1007,Sham19Y0038155,35,321,1214,188,27
872,717,879,JK007054,421,1388,1551,87,69
872,784,1045,JK007054,422,1,267,164,79
872,717,1045,JK010743,63,843,1173,217,83
872,717,848,JK000761,198,1383,1516,63,61
872,848,1045,JK000761,199,1,252,156,78
872,717,980,Shamela0005351,42,1316,1524,116,55
872,717,1045,JK003609,5397,114,608,257,65
872,707,1045,Shia000814VolsBK1,30,516,647,93,34
872,879,990,Hindawi059616186Vols,1569,133,244,88,99
872,717,994,Shamela0023741,60,931,1208,172,79
872,717,1045,Shamela0012406,3509,7,391,211,69
872,713,1001,Shamela0007473,21,1080,1481,179,50
872,909,1019,ShamAY0034810,7,339,505,68,44
872,828,1007,JK009325,295,1388,1564,121,87
872,879,1045,Shamela0001399,18,34,139,84,63
872,717,1045,Shia001402,49,83,572,240,62
872,828,1045,JK001336,36,505,776,165,77
872,717,1029,ShamAY0001760,60,1023,1502,204,54
872,717,1001,Shamela0027084,228,203,643,207,58
872,791,1045,Hindawi082959503,85,1,256,198,98
872,113,429,Hindawi082959503,86,1,292,227,90
872,717,1045,Sham19Y0026523,111,601,1098,217,55
872,717,1045,Shamela0026731,37,366,639,174,66
872,717,1045,Shamela0095735,35,689,1073,215,71
872,767,1045,Sham19Y0017056,1554,7,709,197,35
872,717,1045,Shamela0004445,5417,679,1063,216,71
872,738,1045,ShamAY0037746,64,1,199,153,62
872,822,1045,Shamela0010016,35,28,306,173,78
872,717,1001,Shamela0003118,6343,1282,1514,143,64
872,717,1045,JK009226,72,623,1007,211,70
872,717,1039,Kraken21042921,231,952,1220,150,59
872,717,1045,Shamela0036075,132,215,647,141,40
872,717,1045,JK009245,44,719,1105,219,71
872,717,1039,ShamAY0034646,62,1352,1568,169,65
872,60,429,Shia003636Vols,4805,794,1144,257,85
872,717,879,Shia003636Vols,15076,587,803,93,56
872,717,1058,Sham19Y0016728,42,687,1190,254,64
872,717,1045,JK009296,708,796,1237,210,61
872,717,1045,Shamela0006739,773,454,944,250,64
872,60,281,Shamela0006743,622,1347,1557,143,77
872,281,429,Shamela0006743,623,1,149,110,90
872,713,990,Shamela0006743,773,858,1195,180,67
872,717,990,Masaha004568Vols,72,969,1343,167,56
872,717,935,Shamela0011790,2391,1327,1598,135,63
872,1001,1202,Shamela0011790,2392,1,276,128,58
872,879,1045,JK003502,221,7,176,126,91
872,828,1045,ShamAY0033598,98,202,471,157,73
872,822,1045,Sham19Y0014592,763,19,298,171,77
872,717,1045,Sham19Y0014592,2517,304,580,176,57
872,717,1045,Shamela0009788,1276,481,975,256,65
872,60,429,Shamela0009788,1277,667,1015,257,84
873,1,201,JK006906,124,964,1162,149,88
873,319,490,Sham19Y0023644,6328,13,182,119,89
873,319,490,JK007128,337,40,208,120,90
873,589,1200,Hindawi092963020,178,344,877,157,25
873,319,498,Sham19Y0017878,605,1205,1379,111,80
873,319,490,JK007054,422,900,1069,123,91
873,319,490,Shamela0012406,3509,582,751,123,91
873,319,490,Sham19Y0018285,353,131,300,123,91
873,319,490,Shamela0009099,98,1381,1551,108,81
873,319,498,Shia003729Vols,214,6,183,128,91
873,8,201,Hindawi082959503,85,1258,1456,153,95
873,319,490,Masaha004395Vols,927,189,357,121,90
873,319,490,Shamela0004445,5417,1290,1459,126,93
873,319,511,Shamela0036075,131,607,803,129,82
873,337,498,Hindawi091818506,42,1,165,115,87
873,319,490,JK003608,1785,500,669,123,91
873,314,490,Tafsir07076,5213,568,744,131,93
873,319,490,Tafsir07076,5509,1049,1219,132,97
873,319,490,Tafsir07076,7356,819,989,132,97
873,8,201,Shamela0006743,622,1123,1320,152,95
873,8,201,Shamela0009788,1277,450,648,153,95
874,1353,1580,Shamela0009091,878,1274,1542,113,46
874,500,1123,Shamela0001000,1134,1,661,215,32
874,455,1216,Hindawi030807493,52,137,759,239,32
875,844,1119,Hindawi017083713,88,423,709,197,79
875,614,719,Shamela0035100,7289,1459,1578,80,84
875,614,719,Shamela0009091,885,18,138,80,84
875,838,1357,Shamela0001002,471,15,515,403,95
875,818,1451,Shamela9007669,174,359,963,417,80
875,1423,1580,Shamela0096180,10,1272,1431,122,94
875,860,1357,Shamela0097927,14,1006,1480,377,93
875,818,1357,Shamela0026350,466,215,720,402,91
875,614,719,JK000916,21755,90,204,80,88
876,687,887,JK000381,294,918,1632,149,25
876,411,539,Hindawi059616186Vols,2130,373,501,100,96
876,1,233,Shamela0096180,10,1431,1668,186,96
876,233,556,Shamela0096180,11,1,326,255,96
878,1214,1370,JK000532,915,692,848,116,94
878,1214,1370,JK000556,244,1175,1331,120,96
878,1,137,Shamela0000728,64,930,1066,108,100
878,241,459,Hindawi017083713,88,299,709,172,50
878,1214,1370,Shamela0035100,7871,1064,1220,115,93
878,184,695,Shamela0001002,471,12,515,402,96
878,1214,1370,JK006975,181,531,687,122,98
878,169,695,Shamela9007669,174,351,866,408,94
878,823,943,Shamela9007669,176,538,662,94,95
878,201,695,Shamela0097927,14,1006,1480,374,93
878,169,695,Shamela0026350,466,207,720,407,94
878,1214,1370,Shamela0010906,6474,1411,1566,117,94
878,1209,1370,Shamela0023798,214,418,585,127,94
878,1214,1370,JK000754,1366,1107,1262,123,98
878,818,943,ShamAY0035035,8443,1369,1508,93,84
879,568,727,Shamela0027084,336,39,186,113,82
879,568,727,Shamela0006730,314,642,782,115,88
879,572,727,Sham19Y0038093,68,215,377,112,83
880,788,1025,Shamela0026350,464,829,1083,125,58
881,19,169,Hindawi017083713,58,1413,1560,105,88
881,269,586,Hindawi017083713,59,31,360,253,94
881,16,586,JK001412,504,496,951,307,64
881,16,472,JK000676,70,1173,1580,270,72
881,472,586,JK000676,71,1,115,91,98
881,19,586,Shamela0012320,634,955,1473,361,77
881,259,467,Hindawi040635716,125,667,897,164,88
881,341,586,Hindawi092914940,367,46,341,177,73
888,37,256,Sham19Y0014827,163,1251,1493,131,64
888,258,460,Sham19Y0014827,164,1,240,147,77
888,37,437,Sham19Y0014827,343,690,1149,272,72
888,37,437,Sham19Y0014827,519,663,1122,272,72
888,8,437,Sham19Y0018103,235,9,587,285,62
888,124,437,Sham19Y0018103,501,82,471,244,78
888,8,460,Sham19Y0018103,1004,656,1270,304,62
888,124,437,Sham19Y0018103,1266,102,491,244,78
888,8,437,Sham19Y0018103,1518,807,1385,285,62
888,8,460,Sham19Y0018103,1755,756,1368,304,62
888,150,437,Sham19Y0018103,2014,1,364,222,77
888,8,437,Sham19Y0018103,2270,717,1295,285,62
888,8,361,Sham19Y0018103,2528,1059,1529,226,61
888,26,437,Sham19Y0018103,2796,1,564,277,62
888,8,437,Sham19Y0018103,3053,217,799,285,62
888,8,437,Sham19Y0018103,3295,451,1033,285,62
888,124,437,Sham19Y0018103,3531,80,469,244,78
888,8,437,Sham19Y0018103,3778,625,1207,285,62
888,8,460,Sham19Y0018103,4042,760,1376,304,62
888,124,437,Sham19Y0014592,224,79,428,248,88
888,8,437,Sham19Y0014592,478,219,759,303,68
888,124,437,Sham19Y0014592,752,1,350,248,88
888,166,437,Sham19Y0014592,1026,1,308,214,87
888,46,460,Sham19Y0014592,1310,5,538,284,65
888,8,256,Sham19Y0014592,1575,1272,1595,161,59
888,258,441,Sham19Y0014592,1576,1,220,141,81
888,8,437,Sham19Y0014592,1840,1022,1562,301,68
888,8,437,Sham19Y0014592,2110,235,775,301,68
888,8,340,Sham19Y0014592,2359,1127,1534,226,67
888,8,437,Sham19Y0014592,2607,334,878,301,67
888,8,437,Sham19Y0014592,2856,482,1026,302,68
891,530,686,JK007060,2096,16,158,97,72
892,214,416,Hindawi052718095,136,1368,1561,146,95
892,416,644,Hindawi052718095,137,1,229,180,99
892,214,644,JK000214,193,230,666,310,88
892,214,644,Shamela0096178,63,133,541,307,88
892,214,644,Shamela0004473,4740,1217,1433,146,44
892,214,644,Shamela0006947,2878,373,987,234,45
892,262,644,JK000094,52,1,402,298,95
892,206,635,JK000427,75,669,866,131,38
892,186,644,Hindawi025273163,168,500,949,342,95
892,214,569,Shamela0008657,169,1185,1484,178,63
892,214,644,Sham19Y0014103,473,300,609,209,61
892,214,644,Kraken211201162527,25,475,956,320,83
892,214,644,Shamela0001438,4536,833,1445,234,45
892,222,644,Sham19Y0014280,1789,795,1205,288,81
894,1263,1581,JK000279,818,771,1521,219,37
894,1360,1598,Shamela0010517,2917,15,180,129,69
894,1299,1555,JK000005,250,236,841,190,39
894,1299,1555,JK000041,43,1097,1442,190,69
894,1323,1598,Sham19Y0014447,44,61,352,166,68
894,1370,1500,JK000122,1038,1207,1345,91,86
896,204,627,JK000279,892,850,1361,292,68
896,204,627,Shamela0031215,83,363,935,240,50
896,204,407,Shamela0001483,72,106,301,145,89
897,722,918,JK000154,4944,440,738,141,58
897,722,918,JK011153,4425,534,823,137,58
897,722,918,Shamela0006947,4821,1256,1561,137,55
897,708,904,Shamela0006947,8716,204,722,119,28
897,774,918,JK000094,741,96,230,106,93
897,774,918,JK000784,301,550,681,97,86
897,722,918,JK000254,1199,107,343,135,72
897,708,904,Sham19Y0026523,2686,669,1205,132,30
900,1101,1299,Sham19Y0032476,211,940,1111,112,69
900,1050,1277,JK000152,147,237,445,116,59
901,1237,1520,JK006950,457,469,807,194,68
901,1256,1520,Hindawi073920283,96,452,708,169,78
901,357,483,JK000149,269,1116,1242,99,100
901,981,1168,JK000149,314,37,218,114,70
901,1251,1435,JK000094,346,1347,1528,130,86
901,1237,1520,JK000381,6150,951,1289,194,68
901,1251,1520,Sham19Y0018259,29,1098,1413,179,69
902,426,604,ShamAY0034198,2,730,908,147,99
906,1360,1482,Hindawi052718095,91,1198,1333,99,90
906,1365,1482,Hindawi052718095,111,320,446,95,92
906,1365,1528,JK000264,2579,946,1119,130,93
906,1365,1528,Shamela0010013,260,173,342,129,91
906,1365,1528,JK000094,179,736,909,132,94
906,1365,1528,JK000201,2018,190,363,132,94
906,1210,1533,JK000005,274,794,1217,205,51
906,1360,1528,Kraken210323052137,52,1303,1444,103,72
907,57,304,JK000279,424,1292,1500,155,75
907,188,505,JK000279,425,434,775,164,57
907,876,1047,Rafed002622,565,538,728,131,81
907,876,1116,JK000005,270,974,1251,163,66
907,39,304,Masaha004768Vols,1565,381,585,140,64
908,350,603,JK000122,1304,368,690,171,68
909,1430,1564,JK000094,190,1251,1385,106,100
910,507,782,Sham19Y0022797,172,656,961,179,69
910,507,782,Sham19Y0014827,62,797,1102,179,69
910,507,782,LAL2013020402,133,1224,1531,178,69
910,1,159,JK000094,190,1385,1545,126,96
910,507,741,JK000166,10554,340,546,142,73
910,507,763,JK000005,268,1222,1478,206,100
911,496,639,JK007060,1955,488,637,116,95
914,730,990,Shamela0021735,1141,645,1024,142,45
915,503,746,Hindawi073920283,113,1,253,173,85
915,426,705,JK007060,1947,340,602,206,92
915,426,746,JK000268,146,303,578,185,68
915,426,705,JK000152,418,535,798,206,92
916,406,579,Sham20Y0021786,520,267,404,89,65
916,266,579,JK000299,2407,1051,1236,77,32
916,266,583,Shamela0021744,2803,19,208,80,33
919,1458,1623,Shamela0002215BK1,170,1076,1292,124,68
922,1435,1577,Shamela0021715,9066,637,779,113,100
922,1435,1577,Sham19Y0018176,2154,830,972,113,100
922,1439,1577,Shia003986,359,1102,1232,102,93
922,1435,1577,Sham19Y0018106,3594,474,616,113,100
922,1419,1558,Shamela0004473,11670,1365,1504,105,95
922,1435,1577,Shamela0004473,11784,1262,1405,113,99
922,1435,1577,Shamela0004473,15838,1398,1540,113,100
922,1435,1577,Shamela0009379,51,49,191,113,100
922,1435,1582,Sham19Y0018103,3535,536,683,114,97
922,1435,1577,ShamAY0000055,39,437,584,113,96
922,1457,1577,Hindawi079072819,26,723,839,93,96
922,1435,1577,Sham19Y0009763,89,1327,1469,113,100
922,1454,1577,Sham19Y0020638,39,981,1100,95,96
922,1454,1577,Shamela0000432,6079,1,123,97,99
922,1208,1577,Kraken210422114223,104,95,407,165,55
922,1435,1577,ShamAY0002038,459,392,534,108,95
922,1435,1577,Sham19Y0013605,4227,864,1006,113,100
922,1435,1577,ShamAY0035250,60,572,714,113,100
922,1435,1577,JK000110,1576,1210,1352,113,100
922,1435,1577,Shamela0096283,400,384,526,113,100
922,1435,1577,Shamela0008473,1196,217,348,102,90
922,1435,1577,Shamela0009279,3,332,474,113,100
922,1435,1577,JK007063,134,553,703,113,94
927,401,595,Shamela0006947,11976,1,536,147,34
927,401,595,Shamela0037325,607,671,1068,70,23
927,401,547,JK000967,255,985,1475,111,28
927,401,595,Shamela0008208,23,543,1106,146,32
929,1394,1608,Kraken211201162527,393,1,416,162,48
930,723,1167,JK007060,2000,1,830,351,51
930,648,805,Shamela0010013,68,860,1014,113,91
930,834,1439,Shamela0000432,5992,281,731,299,60
930,695,855,JK000152,427,1,180,119,81
942,784,979,JK001042,40,496,755,109,52
944,1078,1486,Shamela0010013,48,658,1151,203,52
944,342,513,JK000276,486,1004,1168,106,76
944,1130,1486,JK000166,10555,1,492,239,60
944,1084,1481,JK000005,276,5,579,307,66
946,134,301,Shamela0012399,2184,906,1055,102,77
946,876,1158,JK007036,213,1148,1438,164,59
947,1408,1612,JK007089,623,930,1156,147,76
947,1408,1590,JK009261,1604,507,714,126,70
947,838,1612,Hindawi025273163,140,289,1408,591,63
947,1424,1612,Shamela0001717,2844,1384,1572,120,75
948,1335,1628,Sham19Y0133369,693,1,344,229,83
948,874,1628,Hindawi025273163,142,586,1346,535,82
948,528,727,Sham19Y0014297,5112,859,1058,163,100
948,515,727,Sham19Y0149697,8743,1118,1330,174,100
949,1,370,Sham19Y0133369,693,344,709,274,92
949,1,274,Hindawi025273163,142,1346,1619,221,100
949,1137,1527,Hindawi025273163,143,102,316,126,39
949,1212,1341,JK000005,363,76,311,72,37
949,745,1030,JK000071,438,1027,1362,171,60
950,1094,1637,Sham19Y0026523,5672,500,1043,439,99
951,1530,1656,Hindawi052718095,136,1108,1254,90,78
951,1527,1656,JK000005,363,836,984,92,79
951,1269,1472,Sham19Y0026523,5672,1514,1718,169,99
951,1,448,Sham19Y0026523,5672,1043,1479,342,92
951,1472,1656,Sham19Y0026523,5673,1,185,146,99
951,1527,1656,JK000041,24,45,194,92,78
952,11,114,Hindawi052718095,110,404,519,79,88
952,641,1040,Sham19Y0147597,386,189,541,214,64
952,662,1065,JK000295,10,965,1310,236,71
952,638,1065,Zaydiyya0000153,279,493,1024,297,69
952,692,1040,Sham19Y0023644,4478,462,903,260,73
952,658,958,Hindawi068305130,309,1289,1555,192,78
952,658,1065,Hindawi092024806,206,379,713,239,71
952,638,1065,ShamAY0035884,2807,186,765,298,64
952,658,933,Shamela0010717,124,1264,1502,169,75
952,658,1065,JK000468,1658,837,1170,231,67
952,793,1065,Shamela0009993,267,1,244,168,73
952,658,1065,Shamela0001242,913,215,549,237,70
952,638,1050,Shamela0006032,4,981,1509,283,67
952,638,850,Shamela0006947,10471,1188,1406,138,79
952,658,1065,Shamela0006947,14044,89,423,239,71
952,662,1065,JK007104,216,65,409,230,70
952,650,1065,ShamIbadiyya0000279,148,446,772,220,62
952,662,966,Shamela9007669,34,1296,1569,191,77
952,658,1065,Shamela9007669,66,1069,1395,234,70
952,866,1065,Shamela0031215,126,1,249,144,67
952,850,1065,Shamela0009804,6,1240,1504,161,74
952,658,1065,Shamela0009804,74,1,318,222,66
952,803,1050,Sham19Y0095660,177,7,263,144,63
952,638,1065,Shamela0009783BK4,158,524,1076,298,67
952,658,1065,Hindawi030536269,156,104,438,239,71
952,638,992,JK000005,146,979,1424,243,68
952,638,1065,Shamela0028107,46,732,1307,297,64
952,638,1065,Shamela0028107,48,457,919,257,59
952,650,1065,Shia004512,74,298,658,227,60
952,699,992,Shamela0010906,2936,1129,1455,192,70
952,638,992,ShamAY0034223,47,1088,1530,242,68
952,638,1065,Shamela0006733,24,390,965,298,64
952,11,114,JK000122,903,1070,1185,79,88
953,995,1265,Sham19Y0146127,3655,1,355,202,71
953,995,1265,JK007060,2209,470,812,205,76
953,995,1265,JK000302,1057,299,697,197,63
953,992,1247,Shamela0035100,4603,818,1264,169,46
953,992,1160,ShamAY0032109,60,1386,1559,92,56
953,995,1265,Sham19Y0095660,1346,918,1312,205,65
953,995,1271,JK000484,6601,629,1028,203,64
953,992,1247,Shamela0010906,4619,55,497,171,47
953,995,1265,Shamela0004445,5092,1079,1364,158,63
953,995,1265,Shamela0003118,655,392,783,201,64
953,992,1207,Shamela0037325,1122,1276,1538,158,77
953,995,1312,Shamela0006669,71,382,878,189,45
953,1003,1195,Shamela0011997,309,1311,1557,132,69
953,972,1265,JK000152,482,192,553,223,77
954,1019,1245,JK007089,1,1327,1568,138,63
954,1019,1225,JK009261,1445,250,467,138,80
954,1016,1194,JK011699,1,1386,1640,124,62
954,993,1194,Sham19Y0018607,3016,766,934,124,78
954,1011,1199,Shamela0008487,672,801,979,134,90
954,1016,1194,Sham19Y0018493,97,1018,1203,134,89
954,322,471,JK000005,397,326,473,103,87
954,1019,1236,ShamAY0034230,4520,1,427,164,48
954,343,471,Shamela0037325,3056,889,1078,93,62
954,343,471,Sham19Y0014447,47,304,544,102,53
955,1005,1122,Hindawi092963020,434,24,141,94,100
955,1404,1592,Shamela0035100,4500,1,191,128,84
955,1240,1570,Shamela0001002,790,931,1264,222,76
955,1252,1575,JK003609,2453,68,403,213,75
955,1252,1570,Shamela0010906,4533,190,536,201,69
955,1240,1570,Shamela0037325,1052,879,1213,223,76
958,1526,1614,Hindawi073920283,22,540,628,67,100
958,1487,1614,Hindawi092963020,784,1267,1390,81,72
958,1526,1614,Shamela0027084,171,627,720,64,87
958,1487,1614,Shamela0006739,1696,1166,1281,81,76
959,291,587,Shamela0096611,132,1276,1593,201,76
960,247,671,Shamela0021813,256,864,1212,213,56
960,926,1030,JK000122,525,843,946,77,93
961,217,341,JK000871,85,1425,1549,98,100
961,345,1016,JK000871,86,1,897,514,69
961,242,1016,Tafsir09085,50,1,682,457,64
962,454,646,Shamela0021715,6767,721,914,147,98
962,470,646,Zaydiyya0000220,199,681,828,111,81
962,470,646,Zaydiyya0000220,239,309,474,110,79
962,457,646,Tafsir09084,122,346,587,129,64
962,454,709,Sham19Y0018176,1643,824,1149,183,72
962,430,646,Shamela0012062,101,731,927,145,85
962,446,646,JK007128,293,850,1022,131,83
962,454,654,Sham19Y0018106,2869,625,836,147,90
962,454,654,Sham19Y0018103,2782,493,693,148,96
962,510,646,JK007065,235,1,137,104,99
962,441,646,Shamela0006947,5860,413,604,142,89
962,457,651,Shamela0035100,808,72,240,123,82
962,454,630,Sham19Y0013252,6597,1271,1447,135,98
962,454,646,Sham19Y0013252,6598,76,270,137,85
962,430,646,JK009336,2419,969,1185,129,70
962,454,646,Sham19Y0013605,3385,689,881,147,98
962,454,646,JK000110,1164,6,197,146,98
962,454,646,Shamela0096283,343,931,1138,147,91
962,454,646,Sham19Y0016584,3127,1223,1416,147,98
962,430,574,Sham19Y0145435,5628,1365,1502,98,82
962,454,659,Sham19Y0016684,1521,1275,1487,153,93
962,90,646,Shia004092Vols,11558,76,406,136,26
962,454,646,Shamela0008473,435,974,1147,131,88
962,454,646,Shamela0037837,910,988,1185,129,78
962,454,646,Shamela0005756,11212,1095,1288,146,97
962,514,637,Shamela0005756,11213,200,549,92,34
963,875,1035,Shamela0000894,3937,283,444,127,98
963,883,1035,Shamela0000894,5315,952,1105,121,98
963,883,1035,JK000119,480,408,572,121,92
963,845,1035,Tafsir09084,504,363,546,129,85
963,875,1051,JK000299,1609,64,270,122,73
963,875,1057,Shamela0021744,1871,1288,1515,129,70
963,1377,1572,Sham19Y0122406,2586,489,698,141,80
963,880,1035,Sham19Y0014827,280,805,976,121,88
963,883,1035,JK000271,256,1199,1357,121,95
963,1377,1572,Shamela0001727,957,1271,1480,141,80
963,883,1035,JK009336,3298,141,294,120,98
963,1377,1572,Tafsir07055,2566,107,316,141,80
963,870,1035,Shamela0000432,5523,914,1070,106,77
963,880,1035,Shamela0000432,5574,1247,1397,119,96
963,880,1035,JK000105,1634,176,331,123,99
963,883,1035,JK000961,344,326,476,109,89
963,845,1035,JK000201,1819,1213,1370,115,75
963,889,1035,Sham19Y0017747,1774,192,339,116,98
963,849,1035,JK000762,49,336,511,131,88
963,845,1035,Shamela0008381,4965,664,856,139,86
963,870,1035,Shamela0008381,4995,988,1147,125,93
963,845,1035,Shamela0008381,5013,379,559,131,83
963,1373,1572,Shamela0037325,64,333,545,146,81
963,845,1035,Sham19Y0016584,3517,836,969,99,66
963,883,1092,ShamIbadiyya0000109,2465,361,568,126,68
963,521,705,Tafsir07076,3534,1005,1287,105,46
964,119,406,JK009143,959,647,908,169,68
964,119,356,Sham19Y0146127,2885,795,1025,175,88
964,116,356,Shamela0026440,15,999,1221,167,84
964,123,356,JK009139,6697,511,734,156,77
964,123,449,Sham19Y0127660,46,659,919,165,57
964,116,356,Shamela0026654,9,950,1176,162,81
964,75,340,JK010001,2452,976,1300,174,61
964,123,356,JK009151,802,93,306,157,78
964,116,356,Sham19Y0127713,1237,24,285,182,84
964,116,324,Sham19Y0127713,1239,145,835,159,29
964,116,334,Shamela0000347,1138,21,209,141,77
964,119,356,JK000983,1374,446,675,171,85
964,79,356,Sham19Y0013241,1541,1177,1438,183,79
964,116,356,Sham19Y0127700,276,842,1077,182,93
964,116,356,Sham19Y0122401,513,1045,1273,177,90
964,119,360,Sham19Y0032476,1049,1100,1338,168,81
964,152,356,Shamela0026566,197,1,208,153,87
964,116,356,Sham19Y0123665,1635,121,351,177,90
964,75,340,JK000166,9613,409,752,189,66
964,83,356,JK000180,529,969,1226,181,79
964,119,356,Sham19Y0018611,500,587,826,166,82
964,116,356,Shamela0012399,3387,12,256,190,97
964,116,462,Shamela0012399,3405,209,741,217,47
964,116,356,JK009336,837,73,308,182,93
964,75,340,Tafsir07055,2563,999,1323,174,61
964,123,377,JK009390,4522,834,1134,159,63
964,116,356,Shamela0009804,268,165,426,182,84
964,116,356,Shamela0036446,701,1065,1313,179,88
964,119,406,JK009286,468,698,985,188,76
964,79,356,JK000484,5287,470,739,184,77
964,116,356,JK000585,4292,61,302,182,92
964,79,356,Shamela0002863,2009,251,498,184,79
964,116,356,JK001503,3132,423,667,190,97
964,123,360,Sham19Y0018274,228,423,658,167,81
964,79,340,Sham19Y0123510,558,1244,1493,171,79
964,116,356,Shamela0028107,631,521,742,170,86
964,129,340,Sham19Y0017747,1913,1,207,154,86
964,83,356,JK000762,48,1018,1287,184,78
964,119,462,Shamela0021479,221,720,1011,192,64
964,116,356,Sham19Y0014462,172,1,238,177,87
964,116,356,JK007048,37,1239,1476,179,92
964,119,356,Shamela0009182,220,874,1112,174,85
964,123,356,Shamela0009182,549,370,600,171,86
964,119,356,JK000560,115,16,235,159,78
964,79,356,ShamAY0035950,221,962,1224,184,79
964,1,340,Shamela0001438,4786,354,683,180,62
964,116,356,Sham19Y0006684,3961,217,458,190,98
964,187,1045,Sham19Y0006684,3963,36,892,274,28
964,116,224,Shamela0037325,63,1386,1497,83,96
964,224,356,Shamela0037325,64,1,134,107,98
964,119,316,Zaydiyya0000142,2074,1268,1456,146,93
964,119,356,Zaydiyya0000176,258,444,667,151,73
964,132,310,JK000754,2137,1,373,119,40
964,116,230,JK000967,46,589,707,87,94
965,369,645,JK000122,539,58,334,203,86
967,364,675,Shamela0005858BK1,572,663,1250,101,17
967,690,822,Zaydiyya0000153,249,625,794,101,75
967,574,822,Zaydiyya0000153,280,999,1209,119,57
967,640,822,JK000136,5,1059,1221,114,72
967,1417,1632,Shamela0010717,40,379,594,179,100
967,1144,1365,Shamela0010717,41,604,1252,146,27
967,1144,1381,JK000468,592,1058,1572,151,34
967,640,822,JK000138,24,1411,1622,110,66
967,640,822,Shamela0000347,1212,867,1045,98,57
967,690,808,Sham19Y0013252,6,409,553,87,73
967,1144,1318,JK000676,439,1131,1589,124,33
967,1417,1632,JK000676,445,892,1106,178,99
967,1144,1381,JK009336,5,761,1293,146,32
967,1137,1381,Shamela0009804,50,320,855,149,33
967,690,808,ShamAY0033545,19,143,283,79,69
967,1417,1632,Shamela0012320,478,192,407,178,99
967,698,808,Shamela0010906,4279,157,280,72,72
967,686,822,Shamela0023798,30,499,655,97,78
967,640,896,JK000134,2860,963,1183,102,44
967,715,822,Shia004456Vols,164,1,118,77,82
967,679,808,ShamAY0035792,136,122,247,71,63
968,520,694,Shamela0000347,1215,59,236,128,89
969,1002,1620,Shamela0010717,48,850,1551,481,83
969,1002,1539,JK000468,595,1438,1703,205,46
969,1002,1451,JK000676,446,1205,1673,359,92
969,1451,1620,JK000676,447,12,200,128,84
969,1002,1559,Shamela0012320,479,542,1128,443,91
969,946,1559,JK000990,542,833,1362,365,71
970,722,877,Sham19Y0127656,3,154,326,101,66
970,937,1058,JK000136,12,625,928,82,33
970,722,877,Sham19Y0132524,9,1209,1383,106,69
972,451,643,Sham19Y0039268,213,399,618,147,83
972,451,643,Shamela0004473,10829,1251,1526,145,65
972,473,643,JK000837,3,32,229,136,85
972,451,593,Shamela0022921,6,1258,1405,108,91
972,451,643,Shamela0006947,14077,527,792,114,50
972,455,643,JK000279,442,770,981,149,88
972,451,643,JK000279,774,144,360,152,87
972,451,643,JK000250,24,915,1145,142,77
972,451,643,JK000087,138,1298,1553,131,58
972,451,643,JK000381,1152,221,483,130,57
972,451,643,Shamela9007669,710,163,434,143,65
972,438,643,Shamela0029702,9,652,890,150,78
972,451,643,Shamela0008476,2543,299,581,146,64
972,451,643,JK006474,876,144,417,144,65
972,451,643,JK000005,414,406,620,149,87
972,473,643,Sham19Y0151019,106,684,875,136,88
972,455,643,Shamela0023645,212,255,525,140,64
972,451,643,Shamela0021537,684,108,384,145,65
972,455,643,Shamela0006656,14,752,1008,113,52
972,451,584,JK000097,536,1331,1464,102,96
972,473,643,Shamela0037325,596,1244,1442,136,84
972,451,643,Sham19Y0018260,5,581,851,139,64
972,438,643,JK006833,111,1175,1416,155,80
972,451,643,JK000041,62,987,1200,150,86
972,451,643,Shamela0008206,65,623,1205,89,17
972,451,643,Shamela0018381,24,429,704,145,65
972,451,643,JK009313,5190,793,1071,142,63
972,451,643,Sham19Y0020879,74,6,235,153,82
972,473,643,JK000967,53,170,414,135,68
972,451,643,JK000967,454,85,358,141,64
972,451,643,JK000071,365,208,473,115,50
972,451,643,ShamAY0035960,579,475,759,135,60
972,451,643,Shamela0012884,1474,873,1146,144,65
973,1164,1355,Shamela0021715,8911,289,503,110,63
973,1169,1355,ShamAY0036572,36,511,746,135,73
973,1161,1355,Sham19Y0013252,8578,1091,1373,120,54
973,1169,1355,JK009324,3075,1029,1308,84,36
973,1164,1355,JK000166,7916,1054,1500,137,38
973,1164,1355,Sham19Y0029676,666,143,357,111,64
973,1169,1355,ShamAY0036182,99,990,1415,114,33
973,1169,1355,Sham19Y0150961,40,952,1187,135,73
973,1169,1345,JK009241,405,1338,1529,100,60
973,1217,1355,Shamela0005756,13458,1077,1237,102,78
978,1334,1479,Sham19Y0039268,331,1369,1511,112,92
978,1338,1488,Shamela0021592,75,469,613,114,90
978,1334,1510,Shamela0035100,3304,862,1044,122,72
978,1345,1510,ShamIbadiyya0000438,1221,259,449,118,74
978,1345,1583,Shamela0000432,5791,441,718,190,84
978,1345,1510,JK009241,253,999,1195,124,78
978,1345,1510,JK009241,466,919,1078,121,89
978,1345,1510,Sham19Y0016618,32,386,567,118,76
978,1334,1510,Shia004456Vols,4187,669,880,128,75
978,1338,1510,JK000041,28,649,829,124,77
978,1345,1510,JK009313,341,1108,1319,132,77
978,1338,1510,JK000873,13,888,1091,121,71
978,1334,1510,Shamela0006549,60,71,269,136,81
979,415,541,Shamela0004473,17042,426,552,101,100
979,415,541,ShamAY0036481,4,1084,1204,96,95
979,415,568,Shamela0006947,18035,518,646,103,83
979,382,568,Shamela0006947,20450,648,812,118,78
979,5,667,Shamela0000432,5791,725,1522,372,50
979,415,541,Shamela0037325,2562,1437,1557,96,95
979,415,560,Shamela0037325,2840,1364,1490,102,86
980,329,594,Tafsir02102,1445,985,1246,196,87
980,102,594,Shamela0021715,7917,17,566,250,46
980,346,594,ShamIbadiyya0000050,2127,1,245,187,89
980,685,1077,JK000298,1981,402,817,240,62
980,325,589,Zaydiyya0000062,437,378,642,193,83
980,325,594,JK001496,565,649,921,196,80
980,329,594,AOCP2023090610Vols,93,1297,1564,198,86
980,325,594,Shamela0001466,655,945,1194,175,71
980,325,594,Sham19Y0020891,1785,681,953,198,82
980,325,594,JK000876,372,1096,1368,196,80
983,108,395,JK000279,357,587,987,211,65
983,1313,1500,ShamAY0034315,4,384,580,145,89
983,1313,1500,Shamela0006739,1729,123,319,145,89
984,907,1131,JK000279,776,1221,1445,168,91
985,530,751,JK007060,2023,756,991,155,82
988,611,840,Shamela0021715,7624,514,795,110,51
988,611,857,Shamela0001417,10,917,1211,120,49
988,608,857,JK000135,10,299,654,179,63
988,611,840,Sham19Y0018103,3029,342,641,109,48
988,632,840,Sham19Y0017063,1046,733,1011,106,50
988,611,840,Sham19Y0013252,7076,473,772,109,48
988,608,878,JK000279,746,705,953,174,75
988,608,848,Shamela0005803,188,263,569,159,63
988,632,840,Sham19Y0017791,1464,1306,1583,106,49
988,611,840,JK000917,461,1196,1497,116,49
988,611,840,JK000917,1457,594,868,111,51
988,611,840,JK000474,2141,371,661,110,47
988,608,836,Shamela0006700,497,1192,1519,163,62
988,611,840,JK000585,1380,753,1044,109,45
988,611,840,Sham19Y0018144,2150,245,542,105,45
988,611,840,JK000110,1310,732,1030,111,48
988,608,861,JK000005,416,98,425,182,70
988,608,848,JK009142,152,488,828,178,65
988,471,840,Shamela0001466,3601,766,1186,132,32
988,471,848,JK000473,25,574,1021,200,53
988,471,840,Sham19Y0016584,3390,393,828,132,31
988,632,840,JK007045,608,1279,1539,106,53
988,611,1025,JK000041,63,878,1497,217,43
988,611,840,ShamAY0032850,7,376,671,110,48
988,659,840,JK000675,512,25,269,87,43
988,632,840,Sham19Y0122257,2553,766,1044,104,49
989,961,1161,Shamela0096178,50,1254,1440,132,77
989,74,378,JK000268,98,602,845,171,64
989,1031,1161,Hindawi092024806,228,1,129,99,96
989,887,1161,Shamela0009810,8,467,733,164,71
989,961,1161,Shamela0029967,15,890,1076,132,77
989,887,1161,JK000799,20,336,617,167,72
989,887,1161,Shamela0006947,14037,551,785,157,72
989,961,1161,JK000279,740,971,1169,156,97
989,1,558,JK000279,742,835,1299,181,31
989,887,1161,JK000141,3,29,297,165,72
989,961,1161,Sham19Y0127677,2702,257,449,136,79
989,887,1090,Shamela9007669,639,1408,1594,124,76
989,961,1161,JK009274,1091,747,933,133,76
989,1,327,Shamela0010517,2893,1051,1376,89,26
989,961,1161,JK009390,2927,382,569,132,76
989,887,1161,JK000448,3,586,839,149,65
989,975,1097,Shamela0098123,56,1,128,98,95
989,887,1161,JK000005,418,311,567,171,68
989,1,327,JK000005,419,511,835,95,27
989,961,1161,Shamela0001438,4386,1120,1312,136,79
989,887,1161,JK000041,64,497,789,172,69
989,1,558,JK000041,65,191,596,136,23
989,887,1161,JK006874,30,729,1009,167,72
989,1,372,JK000152,56,409,615,160,52
989,961,1161,Shamela0021659,1479,401,588,132,76
990,699,1212,Shamela0005978,215,840,1078,122,28
990,718,1216,JK006975,270,90,424,131,27
991,1330,1457,JK001198,13,1362,1488,98,96
991,1330,1525,Shamela0096178,146,199,389,131,81
991,1330,1525,JK001258,29,1203,1400,145,92
991,1330,1525,Shamela0007531,7,1057,1247,121,74
991,1330,1457,JK000135,41,1312,1441,97,93
991,1330,1525,Shamela0004473,11404,1100,1289,120,73
991,1330,1525,JK000499,5,226,416,121,74
991,1334,1530,JK000138,466,1369,1551,127,78
991,1334,1495,Shamela0023361,470,601,761,111,84
991,1,245,JK000166,10278,41,174,94,48
991,1330,1525,Shamela0021571,72,889,1092,137,83
991,1322,1525,ShamAY0034815,12,221,431,139,81
991,1330,1525,JK009241,324,339,520,135,85
991,1,245,Shamela0037325,438,706,839,96,49
991,1330,1525,ShamAY0034014,12,58,248,119,73
991,1330,1525,JK000916,21499,1240,1424,126,78
992,1,231,JK001198,14,607,839,169,89
992,72,213,Shamela0005830,1,819,968,109,88
992,77,213,JK000135,43,613,773,107,83
992,72,213,Shamela0009552,10,836,994,107,83
993,724,1588,Shamela0000432,4551,816,1611,410,48
994,1306,1502,Sham19Y0147597,46,1281,1500,154,83
994,1306,1502,Sham19Y0147597,195,233,472,152,75
994,1306,1555,Shamela0031215,66,23,344,192,74
994,30,584,Shamela0000432,4552,1,356,196,40
994,1306,1502,Sham19Y0133368,49,347,551,154,89
994,1306,1502,Sham19Y0133368,75,1346,1553,148,85
995,987,1184,Sham19Y0014197,246,1064,1253,147,88
995,7,210,Shamela0000432,4552,375,600,158,87
996,267,425,JK007115,840,226,675,119,33
998,82,629,Shamela0000432,5694,711,1030,152,28
999,732,1279,Shamela0000894,1217,878,1411,400,83
999,826,1279,Shamela0004473,2999,1,453,368,99
999,831,1245,JK000913,1585,1125,1544,323,92
999,1033,1279,Shamela0006053,47,29,247,161,80
999,917,1279,Shamela0010517,779,1,362,293,99
999,816,1050,Shamela0000432,5695,1334,1583,188,91
999,1050,1287,Shamela0000432,5696,9,243,187,97
999,816,1279,JK007074,746,348,759,297,76
999,732,1279,Shamela0021537,146,823,1358,401,83
1000,14,424,Meshkat00057178,3296,982,1408,242,66
1000,140,335,JK000917,1395,1,234,134,72
1000,28,335,Tafsir01005,5241,463,806,220,80
1001,823,1302,Shia001432Vols,16726,64,530,159,36
1001,823,1058,Shia003707Vols,907,20,387,125,35
1001,1264,1442,JK009141,1494,368,684,98,38
1001,1278,1433,JK008001,5307,1319,1452,81,62
1001,1278,1442,Sham19Y0016976,1579,12,132,75,59
1001,1260,1442,Shia001353,344,142,858,117,21
1001,1260,1442,Rafed0002565Vols,143,447,643,95,63
1001,1260,1446,Sham19Y0020638,1320,461,942,121,32
1001,823,1058,Shia003702,233,114,412,120,52
1001,1260,1464,JK006898,36,704,980,120,54
1001,1235,1488,Shamela0012320,337,1143,1407,135,58
1001,1260,1481,Shamela0012320,3743,434,646,117,63
1001,1235,1488,Hindawi027373961Vols,688,67,326,136,58
1001,414,1522,Zaydiyya0000191,261,831,1336,389,43
1001,1260,1442,JK009241,621,994,1201,114,70
1001,1260,1442,Shia003727Vols,266,174,438,118,57
1001,823,1005,Shia004030Vols,2421,1315,1594,83,35
1002,836,1173,Shia001663Vols,224,408,716,159,55
1002,1141,1345,Shamela0000894,367,5,230,149,80
1002,1125,1364,JK009214,69,124,405,184,79
1002,206,474,Rafed0001515,58,734,970,125,55
1002,1180,1329,JK008001,5312,565,720,109,87
1002,1393,1566,Shamela0004473,464,644,865,127,71
1002,1393,1566,Shamela0004473,6573,354,555,123,73
1002,1110,1364,Rafed0002654Vols,4689,945,1184,181,84
1002,1102,1304,Rafed0002654Vols,6876,1268,1458,132,82
1002,1149,1304,Rafed0002654Vols,10394,694,843,118,92
1002,1173,1326,Rafed0002654Vols,10463,281,431,116,92
1002,1180,1304,Sham19Y0127677,2648,1285,1409,100,98
1002,1158,1304,JK009390,2864,293,438,110,91
1002,836,1091,JK000467,2665,4,223,154,70
1002,1180,1364,JK000467,2666,1,168,136,90
1002,836,1364,Shamela0012320,338,69,576,360,78
1002,1444,1566,Shamela0012320,345,1061,1187,99,96
1002,836,1364,Hindawi027373961Vols,688,426,933,360,78
1002,1444,1566,Zaydiyya0000191,253,627,756,99,94
1002,1,206,Zaydiyya0000191,261,1336,1534,161,94
1002,1180,1357,Shamela0001438,4308,1210,1414,116,62
1002,1141,1326,JK009313,4363,696,874,137,91
1002,1110,1364,Shia004092Vols,5034,613,852,181,84
1002,1102,1304,Shia004092Vols,7180,114,304,132,82
1002,1149,1304,Shia004092Vols,10541,1104,1253,118,92
1002,1173,1326,Shia004092Vols,10608,330,480,116,92
1003,1212,1338,Shia001544Vols,110,1071,1178,72,72
1003,633,914,Shamela0004473,6559,1154,1478,177,63
1003,727,914,Rafed0002654Vols,10348,1276,1473,151,90
1003,727,914,Rafed0002654Vols,12734,636,838,155,92
1003,278,467,Rafed0002654Vols,12736,443,810,135,46
1003,727,914,Shamela0010517,2858,339,545,155,90
1003,1176,1401,Shamela0012320,345,1187,1396,135,74
1003,1,1161,Zaydiyya0000191,262,245,1056,659,69
1003,727,914,JK000772,157,203,403,151,91
1003,727,914,Shia004092Vols,12659,833,1035,155,92
1003,278,467,Shia004092Vols,12661,700,1066,135,46
1003,1217,1514,Shia004092Vols,13014,40,386,146,47
1003,727,914,Shia004092Vols,13016,1095,1292,151,90
1004,19,624,Zaydiyya0000191,262,1056,1654,481,96
1004,627,1421,Zaydiyya0000191,263,1,541,430,67
1009,1314,1544,Shamela0021715,7948,1,285,187,79
1009,1253,1386,Kraken220413202218,267,971,1137,100,69
1009,1234,1386,Shamela0000894,618,284,469,115,72
1009,1234,1386,Shamela0000894,7043,1285,1470,115,72
1009,1253,1386,Sham19Y0018106,3254,1032,1165,111,100
1009,1234,1386,Sham19Y0148271,584,36,221,115,72
1009,1234,1386,Shamela0025794,321,616,801,115,72
1009,1234,1386,JK000080,693,1010,1197,116,73
1009,1243,1386,Shamela0029727,2,1,168,103,71
1009,1253,1544,ShamIbadiyya0000438,988,731,1081,238,82
1009,1253,1544,JK000166,6652,1067,1412,237,82
1009,1253,1544,JK000166,6654,741,1086,237,82
1009,1234,1386,Shamela0026808,1,1116,1427,109,40
1009,1238,1386,JK009390,3369,817,1002,107,67
1009,1234,1386,JK000637,1378,1311,1496,115,72
1009,1234,1386,JK000961,368,1162,1347,115,72
1009,1253,1386,ShamAY0035955,392,671,804,111,100
1009,1253,1550,JK000201,3532,770,1117,243,83
1009,1253,1518,JK000583,453,1300,1613,215,82
1009,465,704,Sham19Y0006684,4266,243,504,145,71
1009,1253,1544,JK000754,2521,521,866,232,80
1009,1234,1386,Shamela0021809,946,823,1008,115,72
1009,1234,1386,ShamAY0034338,88,648,833,115,72
1009,1234,1386,Shamela0009567,415,963,1148,115,72
1009,1253,1554,Shamela0005756,12376,203,554,241,81
1009,1299,1569,Sham19Y0014592,435,1,806,158,22
1009,469,630,Shamela0021751,6670,1144,1357,120,71
1010,768,1477,Sham19Y0001729,2216,152,905,457,71
1010,1209,1477,Sham19Y0001729,2217,1,270,198,90
1010,823,1477,Sham19Y0146127,2784,502,1101,339,59
1010,781,1296,Shamela0021715,5171,1037,1537,304,68
1010,1,158,Shamela0021715,7947,1269,1426,129,100
1010,781,1477,Shamela0021715,8851,100,819,541,94
1010,1267,1477,Shamela0021715,8853,549,1501,168,22
1010,756,1471,Shamela0021715,8859,665,1401,388,56
1010,1067,1477,Shamela0021715,9592,1,516,266,62
1010,957,1477,Shamela0012415,588,176,761,317,64
1010,803,1477,JK000479,122,580,1227,456,81
1010,810,1049,Shamela0001524,1715,1147,1417,182,85
1010,1049,1477,Shamela0001524,1716,1,447,329,90
1010,777,1477,JK000786,2297,192,977,467,71
1010,867,1327,Kraken2106220218081,741,600,1035,245,59
1010,981,1477,JK009152,1962,799,1321,274,59
1010,839,1421,Shamela0021766,107,789,1313,329,65
1010,881,1477,Shamela0021766,5009,281,991,323,52
1010,781,1013,Shamela0007798,641,713,933,137,70
1010,781,1279,Sham19Y0018176,1206,1045,1528,291,67
1010,781,1045,Sham19Y0018176,2101,1225,1515,206,91
1010,1045,1477,Sham19Y0018176,2102,1,435,341,98
1010,781,1471,Sham19Y0018176,2104,376,1084,381,57
1010,981,1477,Sham19Y0018176,2269,18,593,296,60
1010,781,1477,JK009141,781,666,1393,412,63
1010,1141,1471,Sham19Y0127656,690,1,428,210,61
1010,815,1477,Shamela0026558,3,647,1434,443,69
1010,981,1477,JK006838,1429,830,1351,274,59
1010,787,1477,JK000475,1559,741,1356,426,74
1010,1103,1296,Shamela0007012,124,933,1117,135,89
1010,781,1121,Sham19Y0018106,2276,1283,1614,184,59
1010,781,1342,Sham19Y0018106,3524,904,1491,438,95
1010,1342,1477,Sham19Y0018106,3525,1,138,109,97
1010,703,1471,Sham19Y0018106,3527,564,1329,396,56
1010,823,1477,Sham19Y0018106,3773,657,1320,355,57
1010,842,1296,JK011153,4397,562,869,188,50
1010,1103,1296,JK000584,531,795,979,134,88
1010,1049,1421,JK008001,2388,573,1070,265,67
1010,823,1477,ShamAY0032842,12,583,1247,351,58
1010,823,1477,Shamela0000041,2839,326,944,334,56
1010,810,1477,Shamela0004473,16129,507,1196,518,94
1010,815,1477,Shamela0009810,1299,28,799,437,69
1010,947,1384,JK000883,1379,127,473,173,51
1010,1,158,ShamIbadiyya0000433,1080,1321,1476,127,98
1010,839,1438,Sham19Y0016976,1829,565,1122,346,67
1010,957,1477,ShamAY0034005,1288,207,795,315,63
1010,839,1477,Sham19Y0148271,2265,30,766,440,72
1010,781,1064,Sham19Y0018103,2180,1278,1555,145,55
1010,862,1477,Sham19Y0018103,3457,1,637,475,93
1010,781,1290,Sham19Y0018103,3460,1021,1501,272,58
1010,823,1296,Sham19Y0018103,3725,1055,1453,244,60
1010,823,1471,JK007065,1382,126,840,359,55
1010,839,1421,Sham19Y0014119,583,830,1367,341,68
1010,787,1471,Shamela0000347,620,230,846,351,58
1010,781,961,Shamela0000347,972,1234,1407,129,92
1010,961,1267,Shamela0000347,973,1,109,75,32
1010,839,1477,ShamAY0037387,353,133,824,436,76
1010,862,1421,Sham19Y0017063,1523,543,1053,322,67
1010,862,1471,Shamela0035100,687,189,785,294,52
1010,781,1471,Sham19Y0013252,5536,571,1205,373,62
1010,781,976,Sham19Y0013252,8532,1323,1518,153,100
1010,976,1477,Sham19Y0013252,8533,1,525,389,92
1010,781,1471,Sham19Y0013252,8541,468,1180,387,58
1010,823,1438,Sham19Y0013252,9148,888,1448,328,60
1010,826,1477,Shamela0025794,4658,555,1313,450,72
1010,768,1471,Shamela0025794,4669,357,1047,368,58
1010,1103,1332,Shamela0007292,103,918,1209,157,67
1010,839,1146,Sham19Y0017616,347,1053,1419,222,76
1010,1137,1477,Sham19Y0017616,348,42,396,233,80
1010,1017,1477,Sham19Y0017729,422,80,642,238,49
1010,839,1239,Sham19Y0127700,287,1047,1449,232,62
1010,947,1296,JK000800,66,910,1143,159,58
1010,1183,1477,JK000800,271,1,291,229,98
1010,839,1097,Shamela0001875,1260,1170,1443,185,81
1010,1097,1477,Shamela0001875,1261,1,381,298,98
1010,803,1471,Shamela0009556,2,420,1022,355,62
1010,839,1477,JK007054,797,411,1096,445,80
1010,781,1219,Shamela0001727,1237,897,1414,274,64
1010,1219,1477,Shamela0001727,1238,1,284,185,79
1010,957,1477,Shamela0023606,420,73,653,311,63
1010,1097,1296,Sham19Y0123665,1623,144,345,134,80
1010,842,1459,JK009324,3303,854,1460,431,84
1010,1183,1477,JK000906,11644,5,328,211,78
1010,1,158,ShamIbadiyya0000438,988,1108,1265,127,98
1010,781,1477,JK000141,677,535,1345,444,67
1010,1151,1471,JK000165,3157,8,382,204,66
1010,1049,1421,Sham19Y0127677,2579,596,914,215,69
1010,1,158,JK000166,6652,1439,1597,129,99
1010,1,184,JK000166,6653,789,978,141,89
1010,947,1477,Shamela0026568,882,545,1091,402,91
1010,1121,1421,JK009274,1054,1,214,153,63
1010,810,1477,Sham19Y0038171,104,692,1425,500,83
1010,981,1425,JK009137,2537,1021,1478,250,61
1010,1004,1471,JK009336,1161,1,638,303,58
1010,1045,1421,JK009390,2713,193,524,220,69
1010,1064,1421,JK009390,2797,1,341,207,63
1010,881,1391,JK001303,601,24,547,277,64
1010,839,1477,Sham19Y0020638,991,611,1348,437,71
1010,957,1471,Shamela0036446,1027,229,859,338,65
1010,1137,1477,JK000484,5127,1,406,212,65
1010,1,158,Shamela0000432,3614,474,625,124,96
1010,781,1456,Sham19Y0013605,2752,564,1171,365,63
1010,781,1004,Sham19Y0013605,4133,1272,1495,175,100
1010,1236,1477,Sham19Y0013605,4134,1006,1251,188,96
1010,1004,1243,Sham19Y0013605,4134,1,266,186,89
1010,823,1407,Sham19Y0013605,4459,545,1493,298,35
1010,768,1313,Sham19Y0018144,2208,700,1448,280,42
1010,1183,1425,Sham19Y0018144,2210,5,341,128,42
1010,781,1477,JK007043,2696,146,725,356,61
1010,1049,1438,JK007070,639,987,1457,226,59
1010,839,1421,Sham19Y0013614,814,41,570,337,67
1010,957,1477,JK000064,431,767,1364,302,60
1010,781,1471,JK000110,823,526,1159,373,62
1010,781,1477,JK000110,1534,375,1095,543,95
1010,823,1477,JK000110,1675,289,952,355,57
1010,1,158,JK000583,453,1079,1236,126,98
1010,839,1471,Shamela0096283,256,186,679,331,64
1010,871,1471,Shamela0023628,3760,255,1100,350,49
1010,957,1477,ShamAY0033551,31,858,1445,317,64
1010,709,1477,Kraken210809220219,434,707,1392,452,72
1010,862,1471,Shamela0010906,684,372,969,291,50
1010,881,1290,Tafsir01005,6406,666,1078,225,64
1010,823,1477,Shamela0010803,93,277,914,338,56
1010,839,1477,Shamela0001466,4209,786,1419,323,53
1010,764,1438,ShamAY0032817,9,678,1372,376,61
1010,834,1342,Sham19Y0020891,6952,808,1253,260,59
1010,1049,1421,Shamela0001438,4188,883,1201,215,69
1010,842,1471,Shamela0006610,896,295,934,353,59
1010,839,1121,Shamela0008381,266,1140,1479,213,80
1010,1125,1477,Shamela0008381,267,1,414,248,73
1010,826,1025,JK009396,86,101,313,141,84
1010,966,1425,Sham19Y0016584,2431,1,408,268,71
1010,943,1477,Sham19Y0016584,3869,905,1456,299,56
1010,781,1332,Sham19Y0016584,3869,63,565,350,76
1010,943,1471,Sham19Y0016584,3872,801,1357,257,54
1010,871,1477,Sham19Y0016584,4194,280,1009,268,39
1010,947,1421,JK007045,821,607,1070,281,68
1010,947,1433,Kraken230110004547,206,857,1448,286,58
1010,976,1471,Zaydiyya0000454,164,455,1052,301,60
1010,1,158,JK000754,2521,306,462,125,96
1010,818,1471,Shamela0000767,4909,186,801,268,47
1010,957,1254,Shamela0009918,1683,1155,1494,178,61
1010,1013,1267,JK009313,1407,974,1429,188,51
1010,881,1391,JK009313,4242,844,1375,264,59
1010,857,1471,ShamAY0037152,322,427,1043,343,59
1010,781,1290,Sham19Y0016684,1243,972,1465,299,67
1010,1267,1477,Sham19Y0016684,1795,1114,1325,166,98
1010,781,1477,Sham19Y0016684,1796,61,780,540,94
1010,1121,1477,Sham19Y0017903,888,1,479,180,44
1010,1114,1471,JK000485,941,1,400,218,64
1010,834,1471,Sham19Y0014309,1305,672,1340,370,61
1010,823,1097,Shamela0038011,294,872,1086,139,60
1010,947,1477,Shamela0023685,1031,459,1000,394,89
1010,1049,1421,Shamela0021659,1441,57,379,219,70
1010,795,1471,Shamela0005756,9528,1,631,362,61
1010,1,158,Shamela0005756,12376,580,737,127,98
1010,781,1168,Shamela0005756,13403,1125,1539,304,92
1010,1168,1477,Shamela0005756,13404,1,312,242,98
1010,781,1084,Shamela0005756,13414,1257,1489,135,50
1010,1084,1471,Shamela0005756,13415,1,480,254,65
1012,1039,1466,JK010001,1582,314,667,141,34
1012,1267,1466,JK000166,7844,824,956,91,55
1012,1267,1466,Shamela0026568,883,1223,1354,85,49
1012,799,1466,Shamela0010517,2891,193,686,164,24
1012,1267,1466,Shamela0023685,1032,1129,1261,87,52
1013,679,891,Shamela0000736,5812,126,420,162,69
1013,670,925,JK001293BK1,1682,68,300,175,86
1013,674,891,Shamela0010452,1057,1077,1328,154,74
1013,674,835,Shamela0003722,7298,1173,1386,117,69
1013,674,921,Shamela0010906,2407,540,801,172,77
1013,690,882,Shamela0009552,179,1214,1450,131,70
1013,761,891,JK000134,3668,5,140,105,96
1014,174,546,Sham19Y0038171,104,907,1419,77,14
1014,174,546,JK000110,1534,570,1089,72,12
1014,174,546,Kraken210809220219,434,891,1386,72,12
1017,699,1080,Masaha001961Vols,1323,606,971,273,88
1017,658,1067,JK007021,189,356,750,301,88
1017,614,1067,Sham19Y0146127,1204,224,651,339,94
1017,614,1067,Sham19Y0146127,2193,806,1197,306,85
1017,784,1067,Shamela0021715,2492,1,283,225,99
1017,672,1113,Shamela0012415,233,1,411,316,90
1017,621,1072,Sham19Y0150600,363,483,918,343,95
1017,614,1067,Sham19Y0011194,49,228,681,344,91
1017,614,1067,Shamela0010765,287,930,1355,322,85
1017,614,1067,Sham19Y0018176,631,383,831,354,98
1017,614,1067,JK009141,746,53,486,341,94
1017,690,1067,Masaha001946Vols,743,505,865,286,95
1017,621,1067,Sham19Y0014224,521,115,570,350,95
1017,614,1067,Sham19Y0018106,1165,659,1107,354,98
1017,614,1067,Sham19Y0018106,2808,745,1195,355,98
1017,709,1067,JK008001,2145,813,1166,281,98
1017,593,976,Shamela0004473,1726,904,1282,279,89
1017,614,976,Shamela0004473,17023,314,689,281,93
1017,776,1067,Sham19Y0018103,1236,1,291,231,99
1017,621,1067,Sham19Y0017437,700,731,1180,350,96
1017,648,1106,Sham19Y0017063,352,858,1297,290,74
1017,614,1067,Sham19Y0013252,2712,296,744,354,98
1017,614,1067,Sham19Y0013252,6493,820,1270,354,98
1017,662,1037,Sham19Y0009763,47,1,408,288,86
1017,614,916,Sham19Y0020590,117,1126,1445,206,78
1017,614,980,Shamela0022645,532,1186,1556,283,95
1017,617,976,JK009324,1085,1139,1475,260,92
1017,617,1067,Shamela0005772,47,715,1051,259,72
1017,648,1072,JK000381,5370,128,554,263,75
1017,621,1301,Sham19Y0013769,860,729,1355,392,68
1017,709,1080,Shamela0026568,308,1071,1436,288,97
1017,709,1067,JK009274,351,184,537,281,98
1017,640,1106,Shia001657Vols,324,385,816,331,90
1017,617,1067,JK009137,1444,830,1269,329,89
1017,621,1067,JK009336,2275,318,760,350,98
1017,703,1067,JK009390,635,1015,1378,282,96
1017,621,993,Sham19Y0017350,568,1199,1573,289,96
1017,621,931,JK000484,2274,1133,1428,223,91
1017,931,1083,JK000484,2275,1,152,123,99
1017,614,1083,JK000484,4074,54,513,363,97
1017,799,1067,Sham19Y0013605,1720,47,314,213,99
1017,614,976,JK000110,364,1098,1455,280,97
1017,614,1067,JK000110,1123,46,498,357,99
1017,699,1067,JK009160,3,29,397,247,79
1017,699,1067,ShamAY0034385,7,385,747,254,85
1017,614,1067,Shamela0004445,2198,367,798,342,95
1017,614,1067,JK007107,349,358,806,354,98
1017,606,1072,Shamela0008381,2825,580,1040,356,96
1017,617,976,Sham19Y0006684,863,424,750,246,86
1017,614,1072,Sham19Y0016584,1319,447,904,355,96
1017,789,1067,Kraken230110004547,390,1,296,221,93
1017,614,1067,Shamela0000767,1160,132,392,167,41
1017,614,998,Sham19Y0131336,949,1078,1441,276,88
1017,614,1062,Sham19Y0131336,1132,1032,1453,334,93
1017,617,1072,JK009313,2576,903,1362,356,96
1017,614,976,Sham19Y0017885,414,1227,1566,265,92
1017,756,1019,Rafed0000167,7,1,263,207,99
1017,614,1067,Shamela0000338,367,328,779,340,91
1017,709,1080,Shamela0023685,303,898,1261,289,97
1017,709,1067,Shamela0021659,459,913,1266,281,98
1017,614,1089,Kraken22021817402401,28,824,1282,359,95
1017,614,1083,Shamela0005756,5631,688,1165,358,93
1018,103,355,Hindawi052718095,92,123,352,173,89
1018,135,355,Shia001663Vols,444,756,922,120,70
1018,116,355,Sham19Y0039268,318,236,486,171,86
1018,103,344,Sham19Y0011194,119,921,1136,158,85
1018,139,355,Shamela0096178,16,1015,1211,145,86
1018,103,355,JK009139,7866,995,1183,125,65
1018,163,348,Sham19Y0023644,2275,951,1109,118,83
1018,103,355,JK010001,1699,779,966,141,73
1018,116,355,Sham19Y0016546,1638,792,1020,144,72
1018,103,355,Sham19Y0148271,1898,780,1031,183,91
1018,93,355,JK000252,701,258,516,175,83
1018,93,355,ShamAY0001202,170,552,789,164,79
1018,103,344,JK000140,460,687,908,166,88
1018,103,370,Shamela0006947,2874,10,240,154,71
1018,116,355,ShamAY0033075,86,1154,1354,140,75
1018,182,355,JK000264,2577,1,175,133,99
1018,116,355,JK000983,531,999,1194,137,74
1018,103,355,Shamela0025794,4141,1024,1270,184,94
1018,116,344,Shamela0025794,4153,40,240,150,84
1018,116,355,Shamela0025794,4164,252,459,130,67
1018,116,355,JK000842,45,124,338,149,77
1018,106,334,JK000250,25,761,1051,148,64
1018,106,315,ShamAY0032929,10,1202,1408,144,87
1018,103,264,JK000471,1618,1321,1472,108,87
1018,103,355,JK000094,176,1096,1341,187,96
1018,103,355,Hindawi013082050,166,394,602,152,78
1018,116,355,JK000180,677,900,1148,165,83
1018,130,355,Sham19Y0018611,60,1,185,128,74
1018,116,344,Masaha002999Vols,1281,1126,1338,142,75
1018,103,355,Tafsir07055,1782,1036,1280,187,96
1018,120,370,JK007078,152,444,648,128,64
1018,103,355,JK007078,187,87,275,136,71
1018,139,351,Zaydiyya0000267,1923,1083,1249,102,56
1018,116,355,JK000474,3871,934,1164,172,92
1018,106,370,Zaydiyya0000004,434,767,982,141,68
1018,116,298,JK007043,1528,1216,1404,125,83
1018,116,355,JK007098,363,363,558,137,74
1018,93,344,Sham19Y0032381,49,433,648,156,80
1018,66,373,Shamela0037458,990,1016,1335,188,73
1018,116,355,JK000216,287,531,748,158,85
1018,103,370,Kraken211201162527,21,392,641,185,88
1018,111,348,EScr20110913,118,884,1109,162,88
1018,125,355,Shamela0013041,146,187,377,132,75
1018,103,355,Shamela0004445,2203,562,808,182,93
1018,116,334,Shamela0003118,6628,480,778,134,56
1018,116,355,ShamAY0037574,574,911,1159,154,74
1018,178,355,Shamela0006733,93,1,134,101,74
1018,149,344,ShamIbadiyya0000185,2115,1,175,93,55
1018,224,355,Sham19Y0014601,6157,1,134,100,96
1018,103,355,Shamela0021809,2496,61,250,136,70
1018,116,344,Sham19Y0014280,1742,1195,1432,118,52
1018,116,334,Sham19Y0017885,2382,377,573,124,66
1018,106,355,Tafsir07076,4744,886,1132,183,92
1018,106,355,Tafsir07076,4899,1177,1433,181,90
1018,116,355,ShamAY0038640,487,1087,1341,57,18
1018,125,351,Sham19Y0133413,42,67,233,110,63
1018,103,344,Shamela0010781,882,1286,1468,135,72
1020,825,1014,Sham19Y0146127,1247,910,1071,107,71
1020,796,1010,JK010001,645,26,327,137,56
1020,796,1010,JK000264,1209,471,715,131,64
1020,825,1063,Shamela0012399,1240,1218,1489,147,63
1020,796,1010,Shamela0012399,1248,1108,1463,144,51
1020,796,1010,Tafsir07055,698,706,1026,141,55
1020,825,1010,JK000484,2353,84,518,114,32
1020,825,1010,Shamela0002863,964,652,995,112,39
1020,825,1014,JK001503,1065,226,426,131,81
1020,825,977,Shamela0028107,331,1241,1411,103,75
1020,832,1010,ShamAY0035950,153,18,175,87,60
1020,825,1010,JK000494,73,595,889,121,49
1022,123,293,Sham19Y0146127,1268,160,326,133,97
1022,106,293,Shamela0012415,237,1022,1206,145,97
1022,106,293,Shamela0026440,22,580,764,147,98
1022,87,293,JK000299,730,818,1019,144,86
1022,106,293,Shamela0012062,225,744,941,147,93
1022,864,1162,Masaha001946Vols,744,628,776,104,43
1022,87,293,Shamela0021744,844,1027,1228,144,86
1022,849,1154,JK000554,274,1300,1499,122,50
1022,103,284,JK008001,2277,720,922,123,73
1022,823,1154,JK000264,1232,1333,1548,116,44
1022,106,293,JK000147,574,913,1111,143,88
1022,106,293,Sham19Y0013241,672,594,773,143,95
1022,106,293,JK000471,864,1296,1489,141,88
1022,106,293,Sham19Y0123665,748,1143,1317,139,93
1022,823,1208,JK000165,1623,549,1136,151,27
1022,884,1154,JK000166,2261,60,224,103,49
1022,106,293,Shamela0012399,1347,1183,1380,147,93
1022,106,252,Shamela0012399,1349,66,275,110,66
1022,103,293,Sham19Y0018607,587,303,442,105,69
1022,123,293,JK009336,1042,461,631,131,93
1022,103,284,JK009390,4327,1194,1380,123,84
1022,106,293,JK000484,2388,835,1032,143,91
1022,106,293,Shamela0002863,980,515,692,140,92
1022,106,293,JK001503,1117,457,641,147,98
1022,106,293,Sham19Y0123510,342,1206,1385,142,95
1022,106,293,Shamela0028107,341,224,410,147,97
1022,103,293,ShamAY0031806,133,1376,1520,104,67
1022,842,1154,Shamela0000140,496,674,858,125,50
1022,874,1154,Sham19Y0131521,2162,1,166,102,45
1022,106,293,ShamAY0035950,155,736,915,143,95
1022,103,284,Shamela0001438,4806,622,793,123,86
1022,106,245,Sham19Y0006684,967,1322,1458,107,97
1022,106,293,JK000494,75,429,608,143,95
1022,106,293,Shamela0021751,6888,424,626,145,87
1022,106,293,Shamela0021751,7352,1156,1340,147,98
1024,33,162,JK000890,6,665,830,102,76
1024,33,162,Shamela0006947,11928,410,575,102,76
1027,947,1064,Shamela0003055,4346,693,1083,75,25
1027,947,1064,Shamela0003055,4358,501,663,72,58
1027,1220,1383,Hindawi057293074,16,1426,1640,125,70
1027,1220,1470,Shamela0022881,275,990,1286,188,75
1027,947,1064,Shamela0021537,806,478,919,71,21
1027,947,1064,Shamela0021537,1126,306,759,73,21
1027,947,1064,Shamela0021537,6112,452,893,71,21
1027,1220,1339,Shamela0022877,238,1385,1554,89,62
1027,1220,1470,JK011677,23,1294,1586,185,74
1027,952,1080,Shamela0005756,13596,627,837,79,52
1031,603,904,JK000917,1322,252,559,201,74
1032,190,499,JK007054,1126,806,1099,217,84
1032,208,489,Hindawi057293074,16,999,1324,218,80
1032,256,489,Shamela0022881,275,656,889,192,99
1032,190,489,JK009245,658,493,757,196,76
1032,256,489,Shamela0010283,1404,1321,1554,191,98
1032,256,499,Shamela0022877,238,542,785,193,95
1032,256,489,JK011677,23,950,1190,183,91
1033,1443,1596,Sham19Y0146127,2447,353,504,117,98
1033,1443,1596,Shamela0021715,9047,1153,1344,119,80
1033,1443,1596,Sham19Y0018176,2150,375,566,119,80
1033,1443,1596,Sham19Y0127656,702,691,916,117,66
1033,1443,1596,JK000475,2051,885,1040,109,85
1033,1443,1596,Sham19Y0018106,3588,907,1098,119,80
1033,1443,1596,Shamela0004473,3335,170,317,109,92
1033,1458,1596,Shamela0004473,3338,836,927,50,39
1033,1443,1596,Sham19Y0018103,3528,427,618,119,80
1033,1458,1596,JK007065,238,262,399,90,77
1033,1248,1416,Shamela0006947,13449,327,479,112,84
1033,1443,1596,Sham19Y0017616,332,761,958,117,75
1033,1443,1596,Shamela0001727,1200,1158,1355,117,75
1033,1443,1596,ShamAY0033910,1106,1051,1199,109,89
1033,1443,1596,Shamela0003722,4357,482,675,117,77
1033,1443,1596,Hindawi057293074,31,1331,1522,119,80
1033,1248,1369,JK000166,8087,1351,1454,71,76
1033,1443,1596,Sham19Y0020638,966,432,591,117,93
1033,1443,1596,JK000484,4535,990,1191,117,74
1033,1443,1596,JK000130,1107,1078,1226,109,89
1033,1443,1596,Sham19Y0013605,4219,57,248,119,80
1033,1443,1596,Sham19Y0018144,2128,1177,1395,117,68
1033,1443,1596,JK000142,900,901,1060,117,93
1033,1443,1596,JK000110,1573,376,565,117,79
1033,1443,1596,JK006897,59,470,625,117,96
1033,1443,1596,Sham19Y0131521,5444,915,1074,117,93
1033,1443,1596,Shamela0021537,1123,837,984,109,92
1033,1458,1596,Shamela0021537,1127,82,173,50,39
1033,1443,1596,Sham19Y0016584,3951,532,723,119,80
1033,1443,1596,Shamela0005756,13602,407,598,119,80
1033,1443,1596,Sham19Y0020591,1488,1234,1393,117,93
1034,1,387,JK000576,238,650,1333,149,22
1034,1,482,Sham19Y0001729,1963,663,1279,272,50
1034,1,491,Sham19Y0146127,2447,941,1363,209,47
1034,1,444,Sham19Y0146127,2447,504,878,132,28
1034,1,154,Shamela0021715,9047,1344,1497,121,100
1034,1,154,JK009152,1937,26,159,105,86
1034,1,453,Sham19Y0018176,2150,566,837,153,43
1034,1,163,Sham19Y0127656,702,916,1072,120,94
1034,163,482,Shamela0010322,31,58,445,241,78
1034,170,482,JK000475,2052,411,682,186,73
1034,170,465,Sham19Y0127660,127,829,1096,166,65
1034,1,154,Sham19Y0127660,128,567,678,80,66
1034,1,154,JK000386,1027,862,1027,120,91
1034,173,482,JK000386,1028,204,493,186,72
1034,1,154,Sham19Y0018106,3588,1098,1251,121,100
1034,1,154,Sham19Y0020944,934,616,778,121,94
1034,1,482,Shamela0004473,3335,317,939,313,58
1034,224,482,Shamela0004473,12385,1,314,201,81
1034,142,487,ShamIbadiyya0000433,372,331,695,227,74
1034,1,154,Sham19Y0122406,3217,909,1075,121,92
1034,1,387,Sham19Y0148271,564,477,792,152,41
1034,170,482,Sham19Y0148271,754,867,1162,205,77
1034,1,154,Shamela0036543,2022,35,210,121,87
1034,598,777,Shamela0036569,402,197,456,122,57
1034,170,482,Sham19Y0127713,1591,20,319,215,82
1034,1,444,Sham19Y0018103,3528,618,921,132,33
1034,1,229,JK007065,238,399,641,129,68
1034,170,491,JK000140,598,871,1180,198,73
1034,170,482,Sham19Y0013252,5486,744,979,159,65
1034,1,434,Sham19Y0013252,8718,364,766,178,50
1034,1,154,Sham19Y0013252,8719,47,204,116,94
1034,170,343,Shamela0025794,2872,1296,1466,120,82
1034,1,154,Shamela0025794,2953,129,383,121,60
1034,1,154,Sham19Y0017616,332,958,1124,121,92
1034,52,482,ShamAY0033910,1106,595,997,204,51
1034,1,154,JK009324,3131,510,660,118,96
1034,1,154,Shamela0003722,4357,675,841,121,92
1034,52,482,Shamela0012399,3833,389,854,266,74
1034,170,457,Shamela0012399,3841,326,925,195,39
1034,1,482,JK009336,1129,580,1443,310,44
1034,170,482,Shamela0009804,318,685,965,199,78
1034,46,482,JK000474,1059,158,648,219,43
1034,52,482,JK000653,216,205,656,192,40
1034,1,387,Sham19Y0020638,966,591,873,156,46
1034,1,482,Shamela0036446,686,910,1232,196,50
1034,554,773,JK000281,940,217,509,132,51
1034,1,154,JK000484,4535,1191,1355,120,91
1034,170,491,JK000484,4536,916,1238,218,80
1034,52,482,JK000130,1107,622,1024,204,51
1034,46,491,JK000585,3922,921,1340,217,54
1034,170,491,JK001503,3648,564,918,247,89
1034,1,190,JK000142,900,1060,1262,127,80
1034,1,154,JK000110,1573,565,718,121,100
1034,1,154,Sham19Y0020878,2377,990,1156,117,89
1034,1,154,JK006897,59,625,748,88,72
1034,52,487,Shamela0028107,695,909,1380,265,73
1034,52,482,ShamIbadiyya0000229,1101,1060,1448,148,37
1034,170,482,Shamela0021479,114,18,333,214,80
1034,52,482,Sham19Y0014462,145,722,1108,224,60
1034,1,190,Sham19Y0131521,5444,1074,1276,127,80
1034,1,287,Shamela0021537,1123,984,1445,205,55
1034,220,482,Shamela0006610,127,1,214,151,72
1034,1,195,Shamela0006785,60,1132,1347,127,75
1034,170,482,Sham19Y0013667,5528,480,752,188,74
1034,212,482,Sham19Y0006684,4251,5,294,212,93
1034,1,154,Sham19Y0016584,3951,723,876,121,100
1034,212,482,Shamela0000767,2879,1,208,136,62
1034,1,387,Shamela0000767,3675,614,941,134,40
1034,1,190,Sham19Y0014601,5307,670,879,127,78
1034,170,482,Shamela0021809,1148,233,532,205,76
1034,1,195,Shamela0021809,3215,1001,1220,122,70
1034,554,773,Sham19Y0149697,997,275,564,134,52
1034,1,163,Shamela0037837,720,935,1095,119,93
1034,170,476,Shamela0005756,2301,169,396,156,64
1034,170,491,Shamela0005756,9472,603,893,196,74
1034,1,198,Shamela0005756,13602,598,823,134,77
1034,170,407,Shamela0008236,14,1124,1359,158,77
1036,745,1045,Sham19Y0146127,1785,1028,1305,134,42
1036,887,1049,Shamela0021765,948,1128,1295,112,84
1036,887,1045,Sham19Y0127713,1462,969,1097,97,79
1036,399,524,JK001160,183,175,300,89,92
1036,745,1045,Shamela0012399,2721,778,1187,171,49
1036,887,1049,Shamela0012399,2723,14,497,113,30
1036,403,524,Shamela0023790,194,867,990,93,97
1036,868,1045,Shamela0010517,1462,314,517,130,79
1036,887,1045,Shamela0010517,1527,40,201,116,89
1036,887,1045,Shamela0010517,1833,837,997,115,89
1036,887,1045,Shamela0009804,299,761,888,95,77
1036,399,542,Shamela0009099,49,303,460,93,77
1036,887,1045,JK000484,3378,1167,1332,116,87
1036,399,524,JK007082,490,519,644,89,92
1036,745,1045,JK001503,2641,705,1078,172,54
1036,745,1045,Shamela0008476,1062,139,518,175,54
1036,399,524,JK000583,325,434,557,88,90
1036,745,1045,Shamela0028107,546,570,994,161,45
1036,399,524,Shamela0003118,3269,1139,1263,89,92
1036,887,1045,Sham19Y0006684,2759,1267,1428,116,89
1036,887,1025,JK000754,1857,1291,1436,83,69
1036,399,524,JK000916,10509,1304,1429,89,92
1036,407,528,Masaha003390Vols,206,765,891,83,79
1037,74,255,ShamAY0035000,34,695,894,138,86
1038,205,341,Meshkat00057178,1981,1164,1300,110,100
1038,205,321,Sham19Y0147312,995,1389,1505,94,100
1038,205,341,Zaydiyya0000062,816,447,583,110,100
1038,205,341,Meshkat0014420,2392,981,1117,110,100
1038,192,341,JK010001,2743,459,608,113,95
1038,205,341,JK001496,961,746,883,110,99
1038,205,341,Tafsir07055,4025,449,1001,89,18
1038,205,341,JK009362,4075,740,877,110,99
1038,205,341,Shamela0004445,262,596,732,110,100
1038,161,345,Sham19Y0014592,1629,654,822,122,82
1040,706,839,Shamela0001002,124,1352,1654,104,41
1040,706,919,Hindawi020790318Vols,136,837,1223,166,52
1040,706,919,Hindawi026382506Vols,197,1234,1415,136,77
1042,807,1181,Sham19Y0147597,140,1119,1634,212,45
1043,521,750,Shia001432Vols,4493,54,287,178,91
1043,585,750,Shia001432Vols,21779,327,492,137,100
1043,547,757,JK000791,2259,1430,1640,175,100
1043,569,761,Tafsir07057,4936,152,705,126,27
1043,547,769,Rafed0003257Vols,4986,289,498,174,94
1043,547,750,Sham19Y0023608,3873,1,204,169,100
1043,547,750,Sham19Y0014404,1475,35,238,169,100
1043,547,750,Meshkat00057178,3535,844,1047,169,100
1043,547,750,Sham19Y0147312,1923,838,1041,169,100
1043,547,750,Shia003986,191,1278,1481,169,100
1043,547,750,Zaydiyya0000062,1992,187,383,162,96
1043,547,757,Shamela0021821,1822,1015,1225,175,100
1043,702,1046,Shamela0021821,1823,183,806,104,16
1043,547,750,Meshkat0014420,4467,904,1107,169,100
1043,547,761,Zaydiyya0000476,191,1422,1637,177,97
1043,547,761,Zaydiyya0000476,246,687,902,177,97
1043,547,750,Shamela0000041,2513,971,1174,169,100
1043,547,750,Sham19Y0023618,1701,656,859,169,100
1043,554,757,JK000818,625,1,379,167,53
1043,592,750,Rafed0001713Vols,2620,1,159,131,100
1043,547,757,JK006478,8878,720,933,174,98
1043,592,750,JK009268,4300,1,159,131,100
1043,547,750,Shamela0023632,3450,667,870,169,100
1043,547,750,Shamela0009759,315,1289,1492,169,100
1043,547,750,Shamela0023606,360,574,777,169,100
1043,547,750,Hindawi014964935,78,354,557,169,100
1043,547,761,Shia002356Vols,1223,28,241,169,94
1043,547,757,JK001496,2281,1268,1481,174,98
1043,547,732,JK000330,173,1186,1371,154,100
1043,547,750,JK000330,199,152,355,169,100
1043,509,750,JK000917,1433,282,531,181,86
1043,547,750,Shamela0029743,1087,1014,1217,169,100
1043,505,757,Sham19Y0095660,569,537,796,188,86
1043,585,750,JK000467,1168,1191,1356,137,100
1043,569,750,Shia002382Vols,1768,992,1480,150,36
1043,547,750,Shia002382Vols,2348,761,964,168,99
1043,547,750,JK009270,5160,725,928,169,100
1043,547,757,JK007018,758,909,1121,174,98
1043,547,750,QuranAnalysis001,234,1380,1583,169,100
1043,547,750,Shamela0023628,3348,1254,1457,169,100
1043,547,750,Meshkat00042488,1707,379,582,169,100
1043,547,750,JK009362,8151,504,710,167,97
1043,585,750,Zaydiyya0000274,631,634,799,137,100
1043,547,750,Shamela0023591,6440,1207,1410,169,100
1043,547,750,Shamela0023591,6458,139,342,169,100
1043,517,750,Rafed0003943Vols,1537,61,335,183,80
1043,547,750,Shamela0023578,3105,134,337,169,100
1043,547,750,Sham19Y0020891,6234,1135,1338,169,100
1043,547,750,Shamela0000922,1211,87,290,169,100
1043,517,786,Shamela0008381,1019,1347,1618,196,85
1043,547,750,JK009396,1572,253,456,169,100
1043,526,769,Shamela0037325,3086,61,319,183,81
1043,547,757,Tafsir07076,2708,1158,1368,175,100
1043,547,761,Tafsir07076,9153,1476,1690,176,99
1043,547,750,Shamela0008473,4671,171,374,169,100
1043,517,769,Sham19Y0014592,1918,390,627,191,91
1045,1313,1439,JK000042,17,1188,1316,84,82
1045,1343,1439,JK000916,9875,18,116,74,96
1047,598,784,JK007113,643,1,182,133,91
1047,561,784,JK000888,662,265,490,172,97
1047,576,784,Shamela0006146,9,800,985,135,83
1047,561,739,JK000291,724,285,470,135,93
1047,561,784,Sham19Y0013783,629,1084,1305,136,67
1047,561,754,JK007041,1702,1173,1391,129,76
1047,167,438,JK000081,188,676,1504,198,28
1047,561,784,JK007135,694,762,980,161,92
1047,565,739,Shia004092Vols,294,369,548,77,52
1047,561,784,JK000196,1912,1007,1226,161,89
1048,668,853,Shia004515,7,1211,1411,105,59
1048,668,853,Sham19Y0017048,609,320,486,92,61
1048,668,853,Kraken220208041040,9,1041,1210,88,58
1049,1101,1464,Kraken220413194022,3101,324,740,292,84
1049,1101,1464,JK000375,147,1048,1464,294,85
1050,80,247,JK000346,11,144,313,136,98
1051,1152,1273,Sham19Y0029560,396,604,774,66,50
1051,984,1082,Sham19Y0017437,1514,548,645,74,98
1051,984,1082,ShamAY0033833,106,1412,1510,75,100
1051,984,1082,ShamAY0002038,212,957,1068,75,88
1051,984,1082,Shamela0001000,361,36,134,75,100
1051,938,1082,JK010344,785,1180,1397,99,57
1051,984,1082,Shamela0023789,38,999,1109,73,87
1051,984,1082,ShamAY0035792,11,1194,1292,75,100
1051,984,1082,Hindawi026859690,32,961,1070,72,86
1051,984,1082,Shamela0011790,648,325,423,75,100
1052,324,452,Shamela0000736,3260,821,948,101,97
1052,592,737,Shamela0009943,112,107,303,111,69
1052,562,737,JK003609,5818,745,948,115,67
1052,1093,1331,Shia003764Vols,502,1021,1477,141,38
1052,1443,1569,Shamela0001000,350,1365,1482,87,86
1052,318,452,Shamela0001000,485,655,789,108,100
1052,562,737,Shamela0001000,1028,1233,1451,115,63
1052,592,870,JK009321,15,1033,1498,131,35
1052,324,452,JK009186,31,656,783,101,97
1052,882,1042,Shamela0010906,3539,288,1293,91,10
1052,467,578,Kraken220603212436,186,1056,1282,77,42
1052,1443,1569,Shamela0011790,1003,1302,1419,87,86
1053,807,980,Shamela0011438,170,747,927,110,76
1053,807,989,JK000022,3601,1305,1495,116,74
1053,357,495,Sham19Y0023644,5338,16,169,100,78
1053,615,798,Sham19Y0023644,5394,461,644,131,84
1053,357,500,Shamela0010798,3460,884,1035,114,93
1053,1199,1307,Shamela0003283,335,224,550,82,31
1053,61,263,Sham19Y0019199,316,662,1056,119,36
1053,615,798,Shamela0000736,5982,1183,1366,144,97
1053,861,993,Sham19Y0029560,723,615,752,104,94
1053,347,1014,Shamela0009856,719,626,1144,221,34
1053,798,1021,Shamela0025841,186,264,486,130,64
1053,861,980,Shamela0009943,90,605,720,91,94
1053,802,993,Shamela0012398,440,207,402,121,67
1053,861,989,Shamela0035100,4377,1186,1319,104,96
1053,861,989,Shamela0009091,526,283,416,101,93
1053,615,775,Shamela0009091,1186,210,372,129,98
1053,861,980,JK000087,110,1313,1432,93,97
1053,1010,1158,Sham19Y0127698,435,887,1139,120,58
1053,38,243,JK003609,2636,858,1496,141,27
1053,861,989,JK003609,4089,726,859,104,96
1053,357,500,Hindawi040948193,265,609,763,112,87
1053,357,500,JK000906,6239,693,835,108,91
1053,1010,1175,ShamAY0033833,151,729,919,99,58
1053,798,989,JK000417,603,1150,1310,113,71
1053,861,989,Kraken220413030759,1363,517,649,103,95
1053,380,506,Kraken220413030759,1482,567,705,96,83
1053,807,989,JK000021,627,246,435,117,75
1053,798,989,Shia003764Vols,157,592,820,135,73
1053,620,798,Shia003764Vols,495,1350,1528,143,100
1053,615,798,Shamela0012031,855,1244,1427,145,97
1053,357,500,Hindawi061638096,26,1137,1258,98,84
1053,1000,1192,Shamela0001000,235,697,1029,148,54
1053,861,989,Shamela0001000,662,1381,1514,104,96
1053,615,798,Shamela0001000,1717,1184,1367,147,100
1053,54,243,JK009321,14,1,242,86,45
1053,357,500,JK009321,17,1110,1268,114,89
1053,861,989,JK009321,26,655,788,102,94
1053,620,798,ShamAY0035000,37,117,296,143,99
1053,620,798,ShamAY0035000,65,198,375,141,98
1053,861,1014,JK000081,766,162,315,110,85
1053,798,989,JK000081,894,936,1082,119,76
1053,793,989,Shamela0006624,279,357,605,132,63
1053,343,519,Hindawi086253537,31,587,767,117,75
1053,620,807,ShamAY0034857,390,875,1062,145,97
1053,864,989,Shamela0011786,192,19,149,101,95
1053,798,1000,Shamela0035276,92,421,621,119,68
1053,861,1000,JK000967,58,1349,1491,102,87
1053,38,243,JK000916,6478,63,301,97,50
1053,861,993,ShamAY0034809,128,946,1082,102,91
1053,61,243,ShamAY0035035,3652,992,1379,69,18
1053,357,500,Shamela0011790,1005,1206,1363,114,89
1053,615,798,Shamela0011790,1009,687,876,147,96
1053,861,993,Shamela0011790,1010,1005,1147,105,91
1053,798,989,Shamela0006710,278,1279,1429,118,73
1053,798,989,Zaydiyya0000413Vols,2638,181,339,120,77
1053,798,989,Sham19Y0014592,613,189,358,119,75
1054,500,867,Shamela0001002,557,404,1002,148,26
1054,500,867,Hindawi020790318Vols,963,178,566,148,38
1056,1288,1574,JK000094,436,274,478,123,50
1063,526,747,Shamela0021715,8140,749,962,161,92
1063,529,738,JK000154,3689,608,787,140,85
1063,543,753,Sham19Y0150600,629,945,1141,141,82
1063,256,738,Sham19Y0011194,97,609,1056,174,31
1063,526,719,JK009152,1395,1011,1180,131,86
1063,529,738,JK007083,191,324,524,157,95
1063,529,774,Shamela0021766,1127,1315,1546,159,79
1063,624,747,Sham19Y0018176,1948,1,124,92,95
1063,529,738,Sham19Y0127656,636,871,1060,140,84
1063,529,738,JK000190,380,135,315,141,85
1063,543,738,Sham19Y0014224,874,1025,1221,139,83
1063,529,738,JK000787BK1,571,925,1115,149,90
1063,526,747,Sham19Y0018106,3311,584,797,161,92
1063,529,738,JK011153,3484,1023,1208,145,88
1063,526,768,Shamela0000041,685,601,820,155,78
1063,520,709,Shamela0004473,5191,1366,1533,124,83
1063,558,768,Sham19Y0014591,1014,1,225,141,73
1063,526,778,Sham19Y0016976,1055,628,865,168,81
1063,529,738,JK005202,2619,939,1123,144,87
1063,543,757,JK000710,410,990,1242,145,69
1063,526,747,Sham19Y0018103,3204,700,913,161,92
1063,526,738,JK007065,786,387,579,141,83
1063,543,738,Sham19Y0017437,1269,210,416,148,88
1063,526,738,Sham19Y0014119,292,391,599,144,81
1063,526,747,Shamela0000347,883,207,420,161,92
1063,558,738,Sham19Y0017063,719,107,272,126,88
1063,529,768,Sham19Y0020699,1471,933,1151,143,75
1063,529,738,JK000225,1574,321,504,142,86
1063,543,738,Sham19Y0013572,744,695,869,137,89
1063,550,738,JK000271,248,785,963,129,85
1063,543,778,Sham19Y0127700,259,914,1133,139,70
1063,529,738,Sham19Y0032476,371,839,1032,149,89
1063,1011,1187,JK000471,1204,387,901,97,23
1063,520,738,Shamela0022645,1027,863,1092,153,82
1063,1022,1160,JK009324,2348,1341,1460,80,76
1063,546,723,JK009324,2439,1246,1404,123,87
1063,529,738,Sham19Y0145212,2080,531,1104,150,32
1063,529,738,JK000165,2726,293,484,139,82
1063,529,738,JK000254,875,1120,1299,140,85
1063,526,738,Sham19Y0022884,212,290,494,159,95
1063,526,728,JK007111,1149,687,879,133,80
1063,529,768,Shamela0010908,401,511,735,148,76
1063,529,768,JK009137,2319,538,809,153,63
1063,561,738,JK009336,3316,1,162,128,90
1063,543,738,Sham19Y0017350,881,304,510,148,88
1063,1022,1187,Sham19Y0020638,1507,306,452,104,83
1063,290,390,JK000105,1321,593,693,78,99
1063,396,687,JK000105,1342,1280,1498,133,55
1063,624,747,Sham19Y0013605,3841,1203,1326,92,95
1063,290,390,Sham19Y0018144,1112,362,483,72,76
1063,526,738,Sham19Y0013614,453,470,673,142,81
1063,526,747,JK000110,1405,727,940,161,92
1063,526,738,Sham19Y0016946,621,697,901,159,95
1063,539,738,Sham19Y0123510,734,638,939,142,56
1063,529,738,JK000148,2699,730,922,148,89
1063,529,738,JK006897,435,307,498,150,90
1063,529,768,Shamela0023628,874,778,996,155,81
1063,543,738,JK000251,470,424,611,137,87
1063,529,738,Shamela0006610,775,970,1157,144,86
1063,529,738,Shamela0008381,4574,1298,1501,151,88
1063,526,723,Sham19Y0013667,4154,787,977,146,93
1063,526,738,Sham19Y0006684,1868,1218,1402,143,85
1063,526,747,Sham19Y0016584,3587,953,1166,161,92
1063,609,733,JK007045,460,1,111,83,85
1063,543,719,Kraken230110004547,658,1249,1421,136,97
1063,526,753,JK000754,1581,862,1065,148,82
1063,529,738,Sham19Y0013785,644,1144,1327,143,87
1063,543,738,Sham19Y0018259,315,250,453,139,83
1063,290,390,Masaha001838,67,397,498,76,96
1063,348,738,Shamela0037837,462,398,797,176,46
1063,529,738,Sham19Y0122257,1947,23,214,150,90
1063,526,738,Shamela0005756,12603,1254,1458,159,95
1064,1437,1582,Tafsir07076,5509,1049,1193,96,85
1064,1437,1582,Tafsir07076,7356,819,963,96,85
1066,1277,1446,Sham19Y0018176,921,705,880,133,95
1066,1277,1446,Shamela0000736,4314,29,201,118,80
1066,1277,1446,Sham19Y0018103,1691,1130,1305,133,95
1066,1277,1446,Sham19Y0014119,85,150,403,117,54
1066,1257,1446,Sham19Y0017063,208,692,961,124,54
1066,1271,1446,JK001414,211,1113,1379,124,56
1066,1277,1446,Sham19Y0009763,208,427,600,134,97
1066,1271,1446,JK009324,2158,1071,1245,127,87
1066,1277,1446,Shamela0026568,1021,156,406,115,54
1066,40,204,JK009325,2181,1228,1392,131,100
1066,1271,1450,JK000069,107,474,728,124,56
1066,1277,1446,JK000110,578,26,201,133,95
1066,40,204,Sham19Y0148535,154,880,1044,131,100
1066,1271,1446,JK006897,365,436,617,138,95
1066,1277,1495,Sham19Y0016584,1854,1070,1319,142,72
1066,1277,1446,JK007045,141,711,972,123,56
1066,1277,1446,Sham19Y0016684,914,597,772,133,95
1066,1277,1446,JK008250Vols,578,527,769,110,53
1066,1277,1446,Shamela0023685,1168,548,798,115,54
1066,1277,1446,Shamela0005756,7830,968,1143,133,95
1071,1191,1443,JK000906,7824,1037,1324,144,54
1071,1196,1472,Hindawi025273163,94,1,279,219,98
1071,1191,1531,Shamela0010517,2008,519,877,269,93
1071,1191,1531,JK000917,1215,1093,1432,254,88
1071,1191,1531,Sham19Y0095660,1335,268,619,271,96
1071,1191,1531,Sham19Y0095660,1336,562,913,271,96
1071,1105,1472,Tafsir01005,4339,777,1124,219,70
1071,1191,1397,Shamela0023591,5335,1326,1494,124,77
1073,812,1048,Sham19Y0001729,807,979,1168,138,74
1073,793,1029,Sham19Y0146127,500,54,286,146,75
1073,996,1159,Shamela0021715,1536,769,948,129,91
1073,996,1159,Shamela0021715,1539,441,614,122,83
1073,645,1131,JK000154,467,581,1050,208,42
1073,812,955,Sham19Y0018176,409,1341,1484,112,100
1073,829,1159,Sham19Y0018176,410,625,1036,129,28
1073,996,1159,Sham19Y0018176,411,471,650,129,91
1073,996,1135,JK009141,393,779,915,95,77
1073,793,1048,JK000475,260,427,621,134,65
1073,812,1052,Sham19Y0018106,749,385,576,143,76
1073,996,1159,Sham19Y0018106,750,786,965,129,91
1073,1010,1159,Shamela0012293,4813,1205,1364,111,82
1073,652,1131,JK011153,644,323,748,179,36
1073,801,980,JK009231,1518,311,472,108,69
1073,996,1260,JK009231,1521,1132,1484,155,52
1073,804,984,JK007044,1228,440,741,110,46
1073,804,1048,Sham19Y0016976,422,743,1009,149,60
1073,812,1048,Sham19Y0018103,870,1146,1333,143,77
1073,1005,1159,Sham19Y0018103,872,1,167,119,88
1073,996,1168,JK007065,1460,1236,1419,127,82
1073,807,1048,JK007065,1461,1,197,143,73
1073,804,1029,Sham19Y0014119,86,159,410,165,84
1073,793,1048,Shamela0000347,202,1050,1253,144,70
1073,778,1048,Sham19Y0017063,209,1265,1474,154,73
1073,804,984,Sham19Y0020699,259,320,500,138,98
1073,812,1048,Sham19Y0013252,1671,1024,1211,143,77
1073,662,1048,JK000264,525,714,1040,178,53
1073,812,1029,Shamela0025794,5085,502,821,157,62
1073,853,1048,ShamAY0033910,279,1,145,106,70
1073,804,1014,JK009324,624,1169,1362,138,82
1073,804,950,Sham19Y0145212,814,1018,1169,114,96
1073,996,1159,JK000165,919,245,419,120,82
1073,804,1029,Sham19Y0017791,345,1275,1459,143,81
1073,804,1048,Sham19Y0017791,346,17,330,149,52
1073,652,964,JK000254,120,1148,1465,159,56
1073,652,1135,JK009336,1411,937,1393,222,52
1073,996,1159,Sham19Y0095660,1294,1387,1568,113,70
1073,901,1159,Sham19Y0095660,1340,238,561,159,61
1073,1010,1159,Sham19Y0095660,1387,187,351,118,89
1073,812,1159,Shamela0000432,5081,776,1144,166,53
1073,793,1048,JK000130,280,61,274,149,72
1073,812,1048,Sham19Y0013605,1282,982,1169,143,77
1073,1010,1159,Sham19Y0013605,1284,1,166,118,90
1073,996,1159,Sham19Y0013605,1285,1324,1497,122,83
1073,815,1048,ShamAY0038116,100,1,174,127,67
1073,652,1048,Shamela0008476,1582,811,1186,168,40
1073,812,1048,JK000110,210,586,773,143,77
1073,996,1159,JK000110,211,114,293,129,91
1073,1010,1159,JK000148,394,501,660,109,81
1073,812,1048,Shamela0010803,197,519,694,133,72
1073,901,1197,Shamela0006610,303,671,1013,152,48
1073,652,1048,Shamela0008381,426,1055,1431,169,40
1073,812,931,Sham19Y0016584,881,1452,1571,93,100
1073,652,1029,Sham19Y0016584,882,550,1017,168,41
1073,996,1159,Sham19Y0016584,883,785,964,129,91
1073,804,1029,JK007045,142,784,1123,159,59
1073,662,1048,Sham19Y0014601,1181,388,717,183,51
1073,996,1159,Sham19Y0016684,356,675,854,129,91
1073,829,1159,Sham19Y0017903,145,152,488,158,52
1073,652,1048,Sham19Y0017885,231,5,397,192,48
1073,652,1048,JK000485,1328,884,1252,162,37
1073,801,1152,Shamela0037837,159,61,373,183,64
1073,804,1041,Sham19Y0122257,676,118,310,145,76
1073,812,1048,Shamela0005756,3762,727,914,143,77
1073,996,1159,Shamela0005756,3766,836,1011,126,88
1079,321,599,Sham19Y0095660,1333,1020,1315,197,79
1080,1075,1266,Shamela0021715,6700,950,1232,129,56
1080,1067,1266,Shamela0000894,4822,695,989,130,54
1080,1075,1266,Sham19Y0018176,1627,377,659,129,56
1080,1075,1266,Sham19Y0018176,2476,1096,1276,139,91
1080,1067,1266,JK009141,445,655,904,118,55
1080,1120,1266,Sham19Y0023644,2148,1002,1258,104,51
1080,1075,1266,Sham19Y0018106,2849,338,620,129,56
1080,1075,1266,Sham19Y0018106,4082,778,958,139,91
1080,1075,1266,Sham19Y0018103,2760,975,1257,129,56
1080,1075,1266,Sham19Y0018103,4064,476,657,139,90
1080,1111,1266,JK007065,207,1226,1473,106,53
1080,1075,1266,Sham19Y0013252,6560,781,1063,129,56
1080,1114,1266,Sham19Y0013252,6561,228,465,99,50
1080,1063,1266,Sham19Y0013252,10215,885,1073,140,87
1080,1075,1266,Sham19Y0013605,3361,120,402,129,56
1080,1075,1266,Sham19Y0013605,4855,979,1159,139,91
1080,1075,1266,JK000110,1150,943,1225,129,56
1080,1075,1266,JK000110,1853,274,454,139,91
1080,1075,1266,Sham19Y0016584,3104,1140,1422,129,56
1080,1075,1266,Sham19Y0016584,4605,182,362,139,91
1080,1075,1266,Sham19Y0016684,1963,1061,1241,139,91
1080,1081,1266,Shamela0037837,533,1,274,121,54
1080,1081,1266,Shamela0005756,11154,145,420,124,55
1080,1075,1266,Shamela0005756,14972,94,255,124,81
1083,267,486,Sham19Y0014827,163,1251,1493,131,64
1083,488,690,Sham19Y0014827,164,1,240,147,77
1083,267,667,Sham19Y0014827,343,690,1149,272,72
1083,267,667,Sham19Y0014827,519,663,1122,272,72
1083,238,667,Sham19Y0018103,235,9,587,285,62
1083,354,667,Sham19Y0018103,501,82,471,244,78
1083,238,690,Sham19Y0018103,1004,656,1270,304,62
1083,354,667,Sham19Y0018103,1266,102,491,244,78
1083,238,667,Sham19Y0018103,1518,807,1385,285,62
1083,238,690,Sham19Y0018103,1755,756,1368,304,62
1083,380,667,Sham19Y0018103,2014,1,364,222,77
1083,238,667,Sham19Y0018103,2270,717,1295,285,62
1083,238,591,Sham19Y0018103,2528,1059,1529,226,61
1083,256,667,Sham19Y0018103,2796,1,564,277,62
1083,238,667,Sham19Y0018103,3053,217,799,285,62
1083,238,667,Sham19Y0018103,3295,451,1033,285,62
1083,354,667,Sham19Y0018103,3531,80,469,244,78
1083,238,667,Sham19Y0018103,3778,625,1207,285,62
1083,238,690,Sham19Y0018103,4042,760,1376,304,62
1083,354,667,Sham19Y0014592,224,79,428,248,88
1083,238,667,Sham19Y0014592,478,219,759,303,68
1083,354,667,Sham19Y0014592,752,1,350,248,88
1083,396,667,Sham19Y0014592,1026,1,308,214,87
1083,276,690,Sham19Y0014592,1310,5,538,284,65
1083,238,486,Sham19Y0014592,1575,1272,1595,161,59
1083,488,671,Sham19Y0014592,1576,1,220,141,81
1083,238,667,Sham19Y0014592,1840,1022,1562,301,68
1083,238,667,Sham19Y0014592,2110,235,775,301,68
1083,238,570,Sham19Y0014592,2359,1127,1534,226,67
1083,238,667,Sham19Y0014592,2607,334,878,301,67
1083,238,667,Sham19Y0014592,2856,482,1026,302,68
1084,939,1696,Hindawi018385936,2,572,1330,622,99
1085,1520,1633,ShamAY0035131,121,1496,1609,91,100
1085,1,364,Hindawi018385936,2,1330,1693,301,100
1085,364,1633,Hindawi018385936,3,1,1270,1027,99
1086,140,455,Shamela0010551,427,1052,1332,190,68
1086,1,335,Hindawi018385936,3,1270,1604,272,100
1086,335,1596,Hindawi018385936,4,1,1262,1020,99
1087,1,319,Hindawi018385936,4,1262,1580,255,99
1087,319,1617,Hindawi018385936,5,1,1297,1054,99
1088,1,339,Hindawi018385936,5,1297,1634,275,99
1088,339,1691,Hindawi018385936,6,1,1354,1110,99
1088,640,771,ShamAY0035792,569,948,1078,108,99
1089,1,317,Hindawi018385936,6,1354,1669,253,99
1089,317,1621,Hindawi018385936,7,1,1299,1061,99
1090,990,1112,Sham19Y0020881,683,432,554,99,100
1090,990,1112,Zaydiyya0000476,592,119,241,99,100
1090,990,1112,Zaydiyya0000476,613,982,1104,99,100
1090,990,1112,JK006478,3236,1282,1405,99,99
1090,990,1112,Tafsir02094,70,927,1203,99,44
1090,1474,1640,Shamela0006947,8772,149,315,136,100
1090,1,347,Hindawi018385936,7,1299,1636,274,97
1090,347,1640,Hindawi018385936,8,1,1286,1049,99
1090,990,1112,Zaydiyya0000388,23,1072,1194,99,100
1090,984,1112,Sham19Y0014592,1863,1305,1433,104,100
1091,1,1299,Shamela0006947,8772,315,1611,1053,99
1091,1299,1619,Shamela0006947,8773,1,321,262,99
1091,1,356,Hindawi018385936,8,1286,1641,290,100
1091,356,1619,Hindawi018385936,9,1,1249,1014,98
1092,999,1157,Rafed0003257Vols,1267,587,745,115,85
1092,956,1152,ShamAY0009682,28,401,604,139,78
1092,1003,1152,Shamela0004473,2360,1367,1511,110,89
1092,969,1152,JK000465,667,1,215,132,72
1092,1,1329,Shamela0006947,8773,321,1642,1073,98
1092,1329,1614,Shamela0006947,8774,1,286,228,99
1092,638,1152,Shamela0006947,15181,851,1187,176,39
1092,948,1152,JK000906,1606,203,452,153,73
1092,1172,1420,Shamela9007669,725,170,764,159,33
1092,956,1157,Tafsir04056,1299,306,540,148,76
1092,999,1152,Sham19Y0018611,27,1287,1429,113,92
1092,1,403,Hindawi018385936,9,1249,1651,335,100
1092,403,1614,Hindawi018385936,10,1,1194,963,98
1092,961,1165,Shamela0037458,644,159,422,144,65
1092,961,1152,Shamela0012884,1148,842,1061,143,78
1092,978,1152,Zaydiyya0000061,1590,692,905,125,68
1093,1,1280,Shamela0006947,8774,286,1563,1030,99
1093,1280,1582,Shamela0006947,8775,1,303,246,100
1093,309,461,Shamela9007669,738,1320,1544,105,58
1093,309,446,Shamela0009783BK1,1398,488,698,101,60
1093,1,374,Hindawi018385936,10,1194,1566,301,99
1093,374,1582,Hindawi018385936,11,1,1190,961,98
1093,309,446,Sham19Y0145435,1798,1189,1399,101,60
1094,642,761,Shia001432Vols,3919,690,809,96,100
1094,298,569,Shia001432Vols,4351,1088,1339,186,82
1094,298,569,Shia001432Vols,4353,595,906,186,71
1094,21,203,Shia001432Vols,10197,323,789,113,29
1094,642,761,JK000791,782,867,986,96,100
1094,368,569,JK000791,1721,605,808,164,99
1094,303,514,Tafsir07057,3912,724,1369,125,23
1094,642,761,Rafed0003257Vols,2458,181,301,96,99
1094,298,569,Rafed0003257Vols,4017,320,572,186,82
1094,642,761,Sham19Y0023608,1407,497,616,96,100
1094,362,569,Meshkat00057178,2797,488,910,169,49
1094,368,500,Sham19Y0147312,1517,749,881,105,98
1094,1,210,Rafed0000609Vols,98,557,873,93,32
1094,595,761,Zaydiyya0000062,570,938,1102,108,81
1094,642,769,Shamela0021821,635,1218,1365,103,86
1094,368,569,Shamela0021821,1358,901,1101,163,99
1094,642,761,Shia003721Vols,284,300,420,96,99
1094,298,569,Shia003721Vols,440,1026,1277,186,82
1094,636,761,Meshkat0014420,1793,321,446,101,100
1094,362,569,Meshkat0014420,3495,154,361,169,100
1094,298,569,Shamela0000041,1889,810,1059,186,83
1094,615,720,Shamela0004473,4640,827,1295,82,22
1094,298,569,Shamela0004473,8306,733,982,186,83
1094,298,569,Sham19Y0023618,1262,932,1183,186,82
1094,298,569,Shamela0010273,2212,686,937,186,82
1094,642,761,Rafed0001713Vols,873,910,1030,96,99
1094,298,569,Rafed0001713Vols,1865,1258,1510,186,82
1094,642,761,JK009268,2034,907,1026,96,100
1094,298,569,JK009268,3563,587,837,186,83
1094,642,761,ShamIbadiyya0000193,1242,108,420,88,34
1094,631,761,Shamela0023632,1369,687,817,102,96
1094,298,569,Shamela0023632,2675,777,1028,186,82
1094,636,761,Shamela0001419,239,1062,1182,97,96
1094,94,210,Hindawi039308515,79,203,330,92,91
1094,298,569,MMS00013,505,729,980,186,82
1094,298,569,MMS00013,944,1049,1298,186,83
1094,251,575,Shamela0006947,3484,346,652,200,72
1094,1,1263,Shamela0006947,8775,303,1590,1017,97
1094,1263,1595,Shamela0006947,8776,1,345,272,96
1094,1,210,Shia001555Vols,526,670,1485,128,19
1094,368,569,Tafsir04038,454,1,241,164,83
1094,1,210,JK010372,63,869,1309,137,39
1094,595,761,Shia002356Vols,392,808,981,107,76
1094,298,569,Shia002356Vols,861,1077,1328,186,82
1094,298,500,JK009266,7020,56,234,127,77
1094,642,761,Hindawi095926405Vols,1299,236,355,96,100
1094,642,761,Masaha000554Vols,1700,1407,1524,94,98
1094,368,569,Shamela0029743,767,91,293,164,99
1094,368,569,ShamAY0002038,374,108,310,164,99
1094,368,569,Noorlib0038508,144,803,1176,164,53
1094,298,495,JK009270,3503,918,1091,125,77
1094,298,569,Hindawi063827241,89,1220,1469,186,83
1094,642,761,Tafsir01006,522,1258,1480,94,52
1094,642,769,JK007018,224,955,1102,103,86
1094,368,569,JK007018,509,543,747,163,98
1094,373,761,Shamela0036085,15,937,1625,290,51
1094,1,362,Hindawi018385936,11,1190,1555,289,98
1094,362,1586,Hindawi018385936,12,1,1210,981,98
1094,642,761,QuranAnalysis001,71,373,492,96,100
1094,298,569,QuranAnalysis001,164,852,1101,186,83
1094,328,569,Shamela0010523,83,1242,1468,177,89
1094,642,761,Shamela0023628,1364,541,660,96,100
1094,298,569,Shamela0023628,2671,954,1205,186,82
1094,298,569,Shamela0037458,3074,930,1179,186,83
1094,631,761,Meshkat00042488,539,395,878,102,26
1094,94,203,Shia001553,188,258,649,87,27
1094,74,206,Zaydiyya0000087BK1,90,1322,1508,96,65
1094,1,210,Shamela0023789,1002,479,1042,129,27
1094,642,761,JK009362,3153,850,971,96,98
1094,373,495,JK001020,114,679,817,99,88
1094,642,761,Shamela0023591,3241,567,686,96,100
1094,298,569,Shamela0023591,5310,308,559,186,82
1094,298,569,Shamela0023591,5343,363,614,186,82
1094,642,761,Rafed0003943Vols,448,1116,1236,96,99
1094,642,761,Shamela0023578,1245,493,613,96,99
1094,298,569,Shamela0023578,2309,1258,1509,186,82
1094,642,761,Shamela0004445,372,1019,1138,96,100
1094,298,569,Shamela0004445,530,66,315,186,83
1094,595,761,Sham19Y0020891,2178,1164,1316,108,81
1094,298,533,Shamela0005455,36,304,549,157,71
1094,298,569,JK010763,49,358,603,180,82
1094,298,495,Shamela0000922,936,61,333,121,53
1094,642,761,Shamela0021537,2289,1285,1404,96,100
1094,368,575,Tafsir03097,1170,868,1427,157,33
1094,627,761,JK009396,495,372,504,101,94
1094,368,569,JK009396,1087,511,714,164,99
1094,646,761,Sham19Y0145435,1128,1194,1309,89,95
1094,298,569,Sham19Y0145435,5074,924,1173,186,83
1094,1,210,Shia004456Vols,755,729,1543,154,23
1094,298,500,JK000911,146,900,1081,130,78
1094,1,210,JK000911,859,40,508,151,40
1094,627,761,JK006476,516,807,952,103,88
1094,642,761,Meshkat00042485,2905,723,951,96,52
1094,87,210,Hindawi013538483,658,1344,1473,95,93
1094,368,569,Shamela0010283,2617,292,550,162,76
1094,1,210,Shamela0010283,4190,832,1286,132,37
1094,642,761,ShamIbadiyya0000075,283,292,814,96,22
1094,298,495,Tafsir07076,1723,854,1095,123,57
1094,298,569,Hindawi041584975,40,851,1100,186,83
1094,373,495,Hindawi041584975,41,610,747,99,89
1094,362,569,Shamela0012884,3826,624,833,168,98
1095,318,437,Shamela0095860,17,866,984,90,97
1095,318,432,Shamela0010798,2720,1273,1388,84,93
1095,312,437,JK000298,4438,508,633,97,99
1095,1,1287,Shamela0006947,8776,345,1631,1047,100
1095,1287,1442,Shamela0006947,8777,1,156,129,100
1095,312,432,JK009365,223,965,1086,93,98
1095,1,392,Hindawi018385936,12,1213,1604,317,100
1095,392,1660,Hindawi018385936,13,1,1261,1034,99
1095,539,655,Shamela0010283,1253,102,218,94,99
1095,318,432,Shamela0009788,1052,593,707,89,100
1096,1,447,Hindawi018385936,13,1261,1700,364,97
1096,447,1643,Hindawi018385936,14,1,1189,963,99
1097,571,839,Shamela9007669,714,1080,1396,206,81
1097,571,987,Sham19Y0029676,39,766,1121,155,32
1097,576,839,Shamela0007472,18,1,312,176,62
1097,1,447,Hindawi018385936,14,1189,1627,361,97
1097,447,1606,Hindawi018385936,15,1,1161,936,99
1097,571,839,Hindawi026382506Vols,42,129,451,204,76
1097,571,839,JK000911,634,763,1079,180,63
1098,300,434,Sham19Y0020699,1832,344,473,87,78
1098,1,352,Hindawi018385936,15,1161,1510,272,99
1098,352,1565,Hindawi018385936,16,1,1192,969,98
1099,1,435,Hindawi018385936,16,1192,1613,341,97
1099,435,1649,Hindawi018385936,17,1,1214,994,99
1100,406,966,Shamela0021592,520,991,1469,273,51
1100,1,463,Hindawi018385936,17,1214,1676,380,100
1100,463,1590,Hindawi018385936,18,1,1128,905,99
1101,730,894,JK009139,1183,67,231,136,100
1101,735,894,JK009139,1210,1295,1454,132,100
1101,735,886,Meshkat0014420,1637,63,214,125,100
1101,735,920,Shamela0010517,903,279,457,139,88
1101,735,920,Shamela0010517,1004,832,1010,139,88
1101,735,886,JK000917,652,416,567,125,100
1101,735,886,JK001420,357,1354,1505,125,100
1101,735,886,Shamela0000432,5157,883,1034,125,100
1101,735,886,Shamela0000432,5178,1025,1176,125,100
1101,1,470,Hindawi018385936,18,1128,1597,387,100
1101,470,1706,Hindawi018385936,19,1,1203,986,96
1101,713,886,Zaydiyya0000361,377,1246,1421,133,92
1101,735,894,Sham19Y0006684,997,1242,1401,132,100
1101,692,912,Zaydiyya0000054,138,804,1064,151,70
1101,735,894,Shamela0000767,1106,1230,1389,132,100
1102,90,826,ShamAY0035131,137,563,1265,560,91
1102,1,489,Hindawi018385936,19,1203,1681,388,97
1102,489,1622,Hindawi018385936,20,1,1119,908,98
1103,1475,1639,ShamAY0035131,107,67,226,130,95
1103,1,522,Hindawi018385936,20,1119,1641,417,93
1103,522,1699,Hindawi018385936,21,1,1179,966,99
1104,157,391,JK006919,911,851,1076,129,64
1104,85,391,Sham19Y0147597,809,885,1283,154,39
1104,74,391,Sham19Y0023644,4947,25,502,176,45
1104,81,391,JK001310,93,593,1061,173,45
1104,162,391,Shamela0000736,4073,257,533,151,63
1104,162,391,JK000910,35,517,798,153,64
1104,162,399,JK010629,62,886,1221,159,58
1104,162,391,JK007056,20,391,666,150,63
1104,162,391,Shamela0012406,2378,444,714,156,69
1104,81,333,Shamela0009783BK1,4183,1029,1482,140,37
1104,81,391,Sham19Y0026183,378,174,459,180,65
1104,162,399,JK006910,68,378,597,149,78
1104,157,391,Sham19Y0036072,115,48,280,135,67
1104,1,483,Hindawi018385936,21,1179,1661,392,100
1104,483,1629,Hindawi018385936,22,1,1124,911,97
1104,178,391,JK010768,129,1,277,138,59
1104,162,391,Shamela0003118,3804,935,1220,151,62
1104,81,399,Sham19Y0145435,4191,72,601,188,43
1104,162,391,Shamela0005880,145,136,448,155,60
1104,74,399,JK000911,2245,227,713,173,43
1104,162,399,Shamela0011997,267,397,669,139,60
1104,162,391,JK000916,13853,232,547,117,36
1104,81,285,JK000916,13867,1083,1424,116,41
1104,162,391,Hindawi017160604,308,45,339,145,60
1105,1,510,Hindawi018385936,22,1124,1626,408,98
1105,510,1668,Hindawi018385936,23,1,1155,944,98
1106,126,298,JK007089,31,864,1041,133,93
1106,1,511,Hindawi018385936,23,1155,1671,409,97
1106,511,1730,Hindawi018385936,24,1,1212,1005,99
1107,1,530,Hindawi018385936,24,1212,1741,434,99
1107,530,1606,Hindawi018385936,25,1,1068,858,98
1108,1,487,Hindawi018385936,25,1068,1554,390,100
1108,487,1572,Hindawi018385936,26,1,1087,879,99
1109,997,1129,Sham19Y0122406,2542,90,211,85,79
1109,997,1129,Sham19Y0013253,384,576,697,83,80
1109,997,1129,Sham19Y0017350,958,319,437,81,73
1109,1,497,Hindawi018385936,26,1087,1586,400,99
1109,497,1613,Hindawi018385936,27,1,1116,907,99
1110,1,503,Hindawi018385936,27,1116,1619,405,99
1110,503,1602,Hindawi018385936,28,1,1106,895,99
1111,166,347,JK006478,8291,1041,1238,130,82
1111,166,347,JK009266,8254,343,598,121,60
1111,1,532,Hindawi018385936,28,1106,1615,414,95
1111,532,1639,Hindawi018385936,29,1,1107,902,99
1111,166,347,Shamela0001466,3312,326,581,125,62
1112,1,537,Hindawi018385936,29,1107,1643,438,100
1112,537,1623,Hindawi018385936,30,1,1085,878,98
1113,831,1001,Sham19Y0022797,154,795,968,134,95
1113,831,1001,ShamIbadiyya0000129,854,270,440,133,96
1113,842,1001,Shamela0010517,2170,907,1066,130,100
1113,1,422,ShamAY0035131,68,1171,1599,338,98
1113,422,577,ShamAY0035131,69,1,156,129,100
1113,1,501,Hindawi018385936,30,1085,1592,404,98
1113,501,1617,Hindawi018385936,31,1,1097,894,98
1113,821,1001,Shamela0009182,562,260,631,130,41
1114,1,543,Hindawi018385936,31,1097,1639,443,100
1114,543,1664,Hindawi018385936,32,1,1108,896,97
1115,1451,1607,ShamAY0035131,69,356,518,121,90
1115,1,537,Hindawi018385936,32,1108,1642,434,99
1115,537,1607,Hindawi018385936,33,1,1064,863,99
1116,1,485,ShamAY0035131,69,518,1184,371,65
1116,1,565,Hindawi018385936,33,1064,1628,461,99
1116,565,1665,Hindawi018385936,34,1,1082,884,98
1117,1136,1356,Shamela0000894,2556,740,1079,156,56
1117,1136,1356,Sham19Y0095660,200,1108,1442,153,56
1117,1,572,Hindawi018385936,34,1082,1654,467,99
1117,572,1621,Hindawi018385936,35,1,1043,844,98
1117,1136,1356,Shamela0002215BK1,423,1104,1443,156,56
1118,1,567,Hindawi018385936,35,1043,1609,461,100
1118,567,1624,Hindawi018385936,36,1,1064,862,99
1119,1,575,Hindawi018385936,36,1064,1638,467,99
1119,575,1648,Hindawi018385936,37,1,1074,877,100
1120,1,356,JK000778,1136,501,896,218,62
1120,1,356,JK000159,1642,410,761,175,50
1120,1,147,Shamela0012062,171,424,567,114,95
1120,1,356,Shamela0012062,221,143,580,252,71
1120,1,356,JK000475,1711,619,1016,227,64
1120,1,356,JK007016,69,377,800,249,70
1120,1,356,Sham19Y0023644,1735,79,540,223,55
1120,1,356,Sham19Y0014224,898,1055,1453,205,56
1120,1,356,Shamela0010798,2520,200,568,240,76
1120,7,352,Shamela0000956,1595,160,535,195,55
1120,1,257,Shamela0026484,103,1228,1455,154,70
1120,1,356,JK008001,5113,671,1057,232,71
1120,1,356,Sham19Y0148271,24,506,920,233,65
1120,1,356,Shamela0012403,204,375,814,245,68
1120,1,356,Shamela0096228,571,153,553,212,59
1120,1,356,Sham19Y0017063,746,640,986,206,62
1120,1,147,Rafed0002209Vols,2249,1305,1441,106,90
1120,1,356,Shamela0025794,2853,1016,1456,245,67
1120,1,356,Shamela0003722,8213,277,621,197,62
1120,1,356,Sham19Y0127677,5366,777,1168,225,68
1120,10,356,Sham19Y0013769,1466,908,1214,174,54
1120,1,248,JK009137,1460,428,614,148,73
1120,1,147,JK009390,4123,1295,1433,104,88
1120,147,356,JK009390,4124,1,229,120,63
1120,1,356,JK009390,5602,1060,1427,221,71
1120,1,356,Sham19Y0013783,3528,246,591,194,60
1120,1,356,JK000637,1820,1009,1416,223,63
1120,1,356,JK000637,3301,613,968,238,79
1120,1,356,ShamAY0002038,300,668,1032,231,77
1120,1,356,JK009408,187,602,981,234,70
1120,121,267,JK009408,1419,601,722,87,74
1120,1,513,Hindawi018385936,37,1074,1586,406,99
1120,513,1623,Hindawi018385936,38,1,1110,914,99
1120,1,356,Shamela0023700,67,627,1034,238,68
1120,25,356,Shamela0004445,3300,976,1324,204,65
1120,1,371,Shamela0003118,2056,917,1360,244,65
1120,1,356,Shamela0003118,7019,1072,1501,246,69
1120,1,356,Shamela0001438,7447,650,1038,234,71
1120,152,356,Hindawi013538483,294,39,307,128,60
1120,1,356,Shamela0021809,78,460,845,234,69
1120,121,267,Shamela0021809,1681,192,313,87,74
1120,1,356,Shamela0021809,3239,542,977,236,64
1120,1,257,JK000747,43,1231,1448,162,78
1120,121,356,JK000916,5974,876,1086,117,54
1120,30,356,JK000916,5975,1,404,218,63
1120,1,110,JK000916,24358,1364,1471,85,97
1120,110,356,JK000916,24359,1,324,164,61
1120,1,356,Shamela0009567,507,286,728,239,65
1120,1,356,Shamela0009567,799,202,631,234,65
1120,1,360,Hindawi082068526,154,910,1356,213,56
1121,1,605,Hindawi018385936,38,1110,1712,497,99
1121,605,1653,Hindawi018385936,39,1,1042,847,99
1122,1498,1620,JK000917,1206,1139,1266,98,96
1122,1498,1620,JK001336,115,186,311,93,91
1122,1,638,Hindawi018385936,39,1042,1680,529,99
1122,638,1707,Hindawi018385936,40,1,1075,871,98
1122,1498,1620,Shamela0023789,236,177,304,98,96
1122,1493,1620,ShamAY0032443,3562,599,729,95,92
1123,1,528,Hindawi018385936,40,1075,1602,422,100
1123,528,911,Hindawi018385936,41,1,384,313,100
1128,1,396,Shamela0012320,475,564,1134,78,12
1128,1,396,Sham19Y0038093,77,100,503,78,16
1130,98,247,Shamela0006633,72,1422,1565,114,93
1130,247,393,Shamela0006633,73,1,164,116,89
1130,8,393,Shamela0005742,265,388,741,254,77
1130,8,393,ShamAY0032275,106,466,835,258,75
1130,13,310,Shamela0010548,713,1283,1630,208,70
1130,158,393,Shamela0001002,455,1,241,189,97
1130,8,377,Shamela0001038,366,1191,1528,241,76
1130,108,393,Shamela0001000,1701,1,299,228,95
1130,807,1263,Shamela0006730,260,1,456,196,43
1130,102,242,Hindawi030536269,485,1466,1611,113,95
1130,242,393,Hindawi030536269,486,1,161,120,94
1130,205,393,JK001325,122,1,189,148,96
1130,1064,1266,ShamAY0034657,761,940,1155,117,63
1130,8,295,ShamAY0034223,59,348,606,174,68
1130,8,393,Shamela0011790,623,1137,1508,255,73
1132,142,399,JK009343,13,562,853,129,52
1132,142,399,Shamela0001002,1045,902,1194,129,52
1132,142,399,Shamela0001038,329,1026,1317,129,52
1133,1424,1624,Shamela0001002,547,265,667,128,38
1134,911,1131,Shamela0001002,459,819,1216,166,51
1143,568,752,Hindawi092963020,582,1,183,140,97
1143,512,752,Shamela0006947,14507,209,414,149,79
1143,530,677,JK000410,130,1422,1569,113,97
1143,530,752,Shamela0011682,472,289,508,129,74
1144,1097,1300,JK000916,8143,745,1260,132,31
1145,16,662,JK000791,1996,181,698,285,46
1145,126,386,ShamIbadiyya0000050,5118,214,467,140,65
1145,121,364,Shamela0011438,264,227,502,194,87
1145,346,670,Shamela0011438,265,706,1109,234,70
1145,369,579,JK010136,2,1170,1439,144,64
1145,126,565,Shamela0021766,3857,94,632,196,38
1145,121,389,JK005003,52,1252,1510,180,78
1145,369,674,Shamela0010479,50,588,967,222,71
1145,140,364,JK009266,7762,887,1148,150,70
1145,369,670,JK000637,3646,987,1322,211,75
1145,364,679,Shamela0001404,124,298,722,223,65
1145,404,670,Shamela0037325,263,1,323,200,76
1145,349,670,Shamela0021809,1560,742,1120,219,71
1145,303,670,JK000967,199,930,1343,221,61
1145,140,364,JK000967,199,255,467,130,70
1145,140,640,Shamela0012884,4383,331,900,305,64
1146,466,592,JK000042,17,1188,1316,84,82
1146,496,592,JK000916,9875,18,116,74,96
1147,1481,1645,Shamela0011438,234,820,984,133,100
1147,1501,1645,Sham19Y0038155,392,203,348,114,97
1147,1501,1645,Shamela0001002,1493,943,1088,115,98
1147,1501,1645,Shamela0011363,291,529,672,115,98
1147,1501,1645,Sham19Y0017529,7,444,588,116,100
1147,1490,1671,Sham19Y0018318,22,914,1161,138,69
1147,1501,1645,JK000179,1128,161,304,114,97
1147,1501,1645,Shamela0011682,714,977,1120,115,99
1147,1501,1645,JK001210,185,664,808,116,100
1148,1069,1299,Shamela0021688,1162,555,1037,184,46
1148,1,344,Shamela0011438,234,1185,1533,274,97
1148,1110,1299,Sham19Y0023608,2507,38,292,148,71
1148,1069,1270,JK010001,1610,1208,1614,156,46
1148,1069,1299,Shamela0006947,8160,1071,1387,131,51
1148,1073,1299,JK000264,3570,1,367,141,47
1148,1069,1292,Zaydiyya0000338,40,1176,1589,148,44
1148,1069,1299,Tafsir07055,1692,936,1415,180,45
1148,1069,1299,Shamela0000432,5959,1065,1471,149,45
1148,1,327,Sham19Y0018318,22,1161,1490,207,77
1148,1069,1299,JK001336,632,613,1006,151,47
1148,1069,1299,Shamela0037458,2604,286,745,178,47
1148,1069,1243,Tafsir01005,3792,1210,1613,138,41
1148,1069,1299,JK007084,727,613,1094,181,46
1148,1069,1299,ShamAY0034230,5056,721,1184,180,47
1148,1069,1299,Shamela0037325,1804,503,958,185,49
1148,1069,1299,Rafed0002267,107,517,916,144,45
1148,1069,1299,ShamAY0036161,7,423,886,184,48
1148,1069,1299,ShamAY0034059,1854,21,418,152,47
1148,1061,1299,ShamIbadiyya0000109,7271,944,1323,157,51
1149,623,915,JK001335,1516,1,296,243,98
1149,577,915,Kraken22021606123102Vols,2956,58,430,277,89
1150,1396,1553,Rafed0002209Vols,587,457,604,116,93
1150,394,563,Shamela0006947,12563,408,576,132,98
1150,394,563,Shamela0035100,9657,633,963,126,48
1150,449,568,JK009301,626,1004,1121,86,93
1150,1396,1553,JK001111,74,547,698,116,91
1150,449,572,Hindawi092731807,123,1224,1348,88,90
1150,679,875,JK009241,723,891,1127,144,76
1150,394,568,JK000066,43,596,880,129,56
1150,449,568,JK000066,92,633,752,87,92
1150,449,563,JK007590,35,278,391,82,92
1150,423,559,Shamela0009918,1949,480,616,92,80
1150,683,905,Zaydiyya0000413Vols,1396,459,722,166,77
1150,683,905,JK001157,632,942,1204,164,78
1151,965,1099,JK000081,1049,1336,1481,98,79
1155,1148,1271,Hindawi068383692,41,1189,1303,82,87
1155,1142,1271,Hindawi025273163,38,1303,1435,97,95
1155,1153,1271,Shamela0023789,866,270,389,88,93
1155,1153,1271,Hindawi024069693,10,309,428,88,93
1156,269,823,Shamela0012320,160,191,613,102,18
1158,58,206,JK000676,147,155,302,117,95
1158,58,206,Shamela0012320,637,365,513,121,97
1158,58,206,Hindawi092914940,330,528,676,121,97
1161,293,426,Shamela0021715,9644,504,636,108,99
1161,31,133,Shamela0021715,9647,916,1018,79,99
1161,293,426,Sham19Y0018176,2279,714,846,108,99
1161,293,426,Sham19Y0018106,3789,576,708,108,99
1161,293,426,Sham19Y0148271,1778,380,502,95,83
1161,293,426,Sham19Y0018103,3743,1037,1169,108,99
1161,31,133,Sham19Y0018103,3744,1044,1146,79,99
1161,31,426,Sham19Y0014119,476,124,395,183,57
1161,293,426,Sham19Y0013252,9191,1090,1222,108,99
1161,31,133,Sham19Y0013252,9192,651,753,79,99
1161,293,426,Shamela0025794,3158,1176,1302,98,86
1161,844,1129,JK000761,359,905,1192,211,92
1161,249,426,JK009324,3498,732,981,124,61
1161,249,426,Shamela0005772,183,759,1007,125,62
1161,31,426,Shamela0011363,342,786,1230,187,47
1161,293,426,Sham19Y0013605,4482,203,335,108,99
1161,293,426,JK000110,1684,361,493,108,99
1161,844,1129,Shamela0037325,1217,411,692,206,91
1161,304,426,Sham19Y0016584,4214,1,123,100,100
1161,31,138,Sham19Y0016584,4215,176,283,80,96
1161,31,426,JK007045,690,883,1198,187,59
1161,293,426,Sham19Y0016684,1871,286,418,108,99
1161,31,133,Sham19Y0016684,1872,286,388,79,99
1161,844,1124,Shamela0006739,556,728,1013,210,94
1162,1,164,Sham19Y0023644,6328,21,182,101,80
1162,1,164,JK007128,337,48,208,102,80
1162,1,164,Sham19Y0017878,605,1213,1371,93,74
1162,1,164,JK007054,422,908,1069,101,80
1162,1,164,Shamela0012406,3509,590,751,101,80
1162,1,164,Sham19Y0018285,353,139,300,101,80
1162,1255,1536,Shamela0096180,180,337,564,153,63
1162,1,164,Shia003729Vols,214,14,175,104,82
1162,1,164,Hindawi082959503,85,1014,1175,104,82
1162,1,164,Masaha004395Vols,927,197,357,99,79
1162,1,164,Shamela0004445,5417,1298,1459,104,82
1162,11,164,Hindawi091818506,42,1,152,96,81
1162,1,164,JK003608,1785,508,669,101,80
1162,1,164,Tafsir07076,5509,1057,1219,111,87
1162,1,164,Tafsir07076,7356,827,989,111,87
1162,1,164,Shamela0009788,1277,206,367,104,82
1163,220,478,Tafsir02102,1445,995,1246,199,93
1163,224,478,Shamela0021715,7917,307,566,206,96
1163,234,478,ShamIbadiyya0000050,2127,6,245,191,94
1163,220,473,Zaydiyya0000062,437,399,642,191,91
1163,655,1050,ShamAY0032855,111,378,925,181,37
1163,1305,1529,Shamela0001002,128,957,1156,160,88
1163,220,478,JK001496,565,663,921,203,95
1163,1305,1529,Hindawi059616186Vols,64,1198,1413,164,91
1163,1,137,Shamela0096180,180,564,700,105,97
1163,220,478,AOCP2023090610Vols,93,1307,1564,201,93
1163,1305,1529,Hindawi020790318Vols,140,350,549,160,88
1163,220,478,Shamela0001466,655,959,1194,182,85
1163,220,478,Sham19Y0020891,1785,695,953,205,96
1163,1174,1296,Sham19Y0006684,4120,1227,1349,96,99
1163,992,1174,Sham19Y0006684,4121,119,276,91,50
1163,212,478,JK000876,372,1088,1368,206,89
1163,701,1050,Shamela0021751,7111,367,766,115,24
1164,737,1001,JK001021,51,1234,1488,142,58
1164,737,1001,Shamela0001515,42,1358,1569,147,69
1164,737,1001,Sham19Y0018279,375,431,639,146,69
1164,742,1001,Shamela0002215BK1,811,1091,1298,148,70
1164,727,1001,JK000967,129,264,486,153,68
1165,849,1454,JK000001,983,45,497,158,29
1167,1284,1425,Shamela0023790,499,1037,1214,101,72
1168,938,1300,Shamela0023790,502,486,729,97,29
1169,30,1035,Shamela0001002,1163,383,1217,587,73
1169,1067,1507,Shamela0001002,1164,20,499,321,82
1170,372,712,Shamela0023790,503,131,407,152,44
1171,1343,1519,Sham19Y0020990,1349,853,1025,141,96
1171,1343,1510,ShamAY0034637,154,107,275,137,98
1171,989,1171,Sham19Y0023644,7690,1240,1427,133,89
1171,1343,1510,Shamela0011746,125,75,246,137,96
1171,1343,1519,Sham19Y0016363,51,571,746,139,94
1171,1343,1515,Sham19Y0016664,226,889,1061,134,94
1171,1010,1171,Shamela0000736,2859,888,1049,128,99
1171,985,1171,Sham19Y0029560,1060,1066,1322,148,72
1171,1343,1519,Sham19Y0029560,1514,974,1144,139,95
1171,1010,1171,Shamela0012398,1259,440,551,88,68
1171,1343,1519,Shamela0012398,1456,417,588,139,95
1171,1047,1171,Shamela0009091,803,1,126,95,94
1171,1343,1510,JK003609,598,1389,1556,135,97
1171,1010,1171,JK003609,2997,263,423,124,96
1171,525,630,Shamela0023790,503,558,661,81,97
1171,985,1176,JK010733,10,13,211,148,93
1171,1010,1171,Shamela0001000,385,287,448,128,99
1171,1343,1519,Shamela0001000,1251,1416,1585,131,89
1171,985,1171,ShamAY0034569,969,326,535,144,86
1171,970,1176,Shamela0036075,63,316,468,110,66
1171,1010,1171,Shia003636Vols,8176,114,275,128,99
1171,1010,1171,Shamela0001003,187,114,274,124,96
1171,1337,1519,JK010473,152,319,496,141,93
1172,351,446,Shamela0023790,500,1315,1410,74,100
1173,301,482,Shamela0000580,103,351,487,92,65
1173,109,491,Shamela0006909,383,319,557,179,59
1173,320,482,Sham19Y0147597,891,112,275,129,99
1173,226,376,JK010561,549,447,561,90,76
1173,320,482,Shamela0026102,14,64,179,91,70
1173,301,482,JK010727,46,300,474,138,96
1173,226,500,Shia002185Vols,3777,660,801,95,43
1173,301,482,Shamela0021105,38,1161,1336,138,95
1173,320,482,Sham19Y0023644,4389,236,351,88,69
1173,320,482,Shamela0007867,6,650,814,125,96
1173,226,482,Shamela0001349,436,578,757,135,67
1173,1223,1326,Shamela0001349,439,1049,1152,75,97
1173,1167,1326,Shamela0001349,470,1166,1327,115,94
1173,320,482,EScr202304041409,12,1192,1418,85,39
1173,320,510,JK010637,314,1147,1345,138,84
1173,320,510,Sham19Y0020986,110,703,887,137,91
1173,313,423,Shamela0000736,2589,1161,1272,80,90
1173,320,423,JK010611,44,1319,1422,82,100
1173,1167,1326,JK010611,50,950,1158,116,73
1173,306,482,Shamela0005446,189,1,167,130,92
1173,320,491,Sham19Y0020762,333,862,1093,134,73
1173,320,500,Shamela0006947,14378,23,204,132,92
1173,320,500,Shamela0035100,2531,592,772,130,90
1173,320,482,Sham19Y0000259,442,941,1056,88,69
1173,1167,1326,JK010743,47,691,851,115,95
1173,226,482,Sham19Y0036110,380,117,340,157,75
1173,320,482,JK001477,232,415,578,129,99
1173,109,482,Shamela0010428BK1,15,111,447,169,43
1173,301,482,JK009365,318,494,621,97,68
1173,320,482,ShamAY0036737,158,635,798,127,98
1173,320,482,Shamela0023741,49,803,918,91,70
1173,320,482,JK000927,565,925,1088,129,99
1173,320,482,JK000927,589,637,800,129,99
1173,306,482,JK000021,2370,1094,1264,133,94
1173,320,487,Sham19Y0021505,159,1117,1238,89,67
1173,320,482,Sham19Y0021505,288,1139,1302,129,99
1173,1160,1273,Shamela0023790,502,1399,1512,82,94
1173,169,290,Shamela0023790,508,735,920,85,58
1173,320,482,Shamela0007473,27,750,865,88,69
1173,1167,1326,JK001099,78,631,791,116,95
1173,320,482,Kraken22021606121201,307,260,430,109,70
1173,1160,1326,JK009325,984,987,1154,119,94
1173,320,497,JK009320,81,334,512,132,93
1173,320,482,JK010253,5,523,686,129,99
1173,320,482,Shamela0001000,270,261,424,129,99
1173,320,487,JK001336,217,819,943,91,67
1173,301,491,Shamela0000558,276,456,640,133,89
1173,301,482,Shamela0010509,60,813,1004,138,91
1173,226,491,Sham19Y0148535,40,539,795,180,82
1173,301,487,Shamela0005433,50,814,994,139,94
1173,294,482,JK000974,144,503,691,140,93
1173,1156,1326,Hindawi051519061,41,449,620,122,94
1173,320,482,Shamela0036082,46,211,373,126,98
1173,301,482,Shamela0006944,125,1242,1429,127,86
1173,1167,1326,Sham19Y0016435,57,159,575,115,36
1173,320,500,Shamela0003118,5527,117,249,92,66
1173,1167,1326,JK010766,188,762,921,113,93
1173,320,482,JK010766,191,697,862,127,96
1173,320,491,JK006907,107,812,984,133,97
1173,109,482,Shamela0010428BK3,15,111,447,169,43
1173,1223,1326,Sham19Y0133417,53,1059,1162,73,95
1173,192,482,Rafed0002267,167,1204,1302,73,31
1173,320,482,JK007613,51,305,468,124,96
1173,301,482,Shamela0010283,497,1163,1343,133,93
1173,320,482,JK000916,19070,170,285,91,70
1173,301,482,JK010738,81,1126,1301,133,92
1173,1167,1326,JK010738,93,1240,1398,101,83
1173,1223,1326,Shamela0026536,166,306,718,74,24
1173,306,482,ShamAY0034809,404,1095,1265,134,95
1173,306,482,Masaha004568Vols,42,1143,1350,132,80
1173,306,482,Shia004021,111,284,452,131,94
1173,226,482,JK010473,158,455,863,173,49
1173,320,482,Hindawi017160604,613,389,551,129,100
1173,320,482,Shamela0009788,1006,433,596,128,98
1174,518,626,Shamela0028100,659,1057,1164,77,90
1174,518,626,Masaha000955Vols,107,310,417,77,90
1174,518,626,Shamela0001687,658,507,614,77,90
1175,63,498,Shamela0001027,51,231,334,79,23
1175,63,162,Shamela0006674,1094,1038,1136,76,98
1175,63,162,Sham19Y0000259,439,1000,1098,75,97
1175,63,162,Shamela0001002,2011,1296,1395,76,98
1175,637,746,Shamela0000558,179,1250,1359,88,100
1175,63,162,Shamela0006730,323,1393,1492,77,100
1175,63,162,Sham19Y0132965,118,1483,1583,76,98
1177,763,866,JK000927,3671,1185,1287,80,98
1177,227,1262,ShamAY0035131,30,647,1187,431,51
1177,904,1022,ShamAY0035131,31,995,1113,94,98
1177,748,866,Sham19Y0148535,18,6,130,93,92
1177,748,866,Sham19Y0150966,1122,465,584,86,90
1178,1,421,ShamAY0035131,30,1201,1605,319,93
1178,421,1131,ShamAY0035131,31,1,654,408,58
1179,28,364,ShamAY0035131,31,654,995,271,97
1179,1081,1612,ShamAY0035131,32,119,575,340,76
1180,764,936,Sham19Y0023644,6328,13,182,107,80
1180,764,936,Sham19Y0017878,605,1205,1371,97,74
1180,764,936,JK007054,422,900,1069,105,79
1180,764,936,Shamela0012406,3509,582,751,105,79
1180,764,936,Sham19Y0018285,353,131,300,105,79
1180,764,936,Shia003729Vols,214,6,175,108,81
1180,1,416,ShamAY0035131,32,575,919,259,72
1180,1268,1586,ShamAY0035131,32,1122,1438,240,89
1180,764,936,Hindawi082959503,85,1006,1175,108,81
1180,764,936,Masaha004395Vols,927,189,357,103,78
1180,764,936,Shamela0004445,5417,1290,1459,108,81
1180,782,936,Hindawi091818506,42,1,152,96,80
1180,764,940,JK003608,1785,500,677,108,78
1180,764,936,Tafsir07076,5509,1049,1219,117,87
1180,750,936,Tafsir07076,7356,812,989,123,84
1180,764,936,Shamela0009788,1277,198,367,108,81
1181,356,805,JK010670,37,271,811,274,56
1181,356,798,Shamela0023790,254,979,1503,271,57
1181,342,817,JK009325,1998,297,798,275,58
1181,352,681,JK007082,378,771,1346,174,36
1181,1198,1426,ShamAY0035131,32,894,1122,184,96
1185,1012,1282,JK000927,4062,1,308,202,82
1185,934,1282,Kraken22021606121201,1492,807,1188,228,72
1185,934,1282,JK009325,504,978,1347,235,75
1185,934,1282,Hindawi050704646,87,900,1275,248,81
1186,396,525,Shamela0001002,1256,1,133,101,97
1188,106,429,Shamela0000580,93,14,343,231,84
1188,323,429,Sham19Y0147597,1069,291,397,80,97
1188,323,466,Zaydiyya0000101,19,1485,1629,88,77
1188,323,429,Sham19Y0023644,6245,379,484,74,91
1188,317,429,Sham19Y0127698,625,463,573,78,91
1188,323,429,JK003609,245,87,193,82,99
1188,323,429,Shamela0003055,4456,1208,1313,75,92
1188,323,429,Shamela0003055,4579,989,1094,75,92
1188,323,434,Shamela0012531,405,969,1079,76,90
1188,317,429,Shamela0001000,1768,764,874,78,91
1188,106,478,Shamela0011056BK1,5,107,498,264,83
1188,323,429,JK001330,842,1303,1409,76,93
1190,7,129,JK009152,885,826,987,93,72
1190,7,129,Shamela0021544,25,1037,1208,96,70
1190,7,129,ShamAY0034282,2449,1210,1347,94,86
1190,7,129,ShamAY0034282,2450,36,207,96,70
1190,7,176,JK000021,1069,1144,1313,111,77
1190,7,129,Shamela0012399,3971,286,420,97,91
1190,7,144,JK000130,544,182,338,99,81
1190,7,129,JK001503,3761,454,588,97,91
1190,7,121,Sham19Y0014462,121,1328,1454,91,90
1190,7,129,JK007116,37,409,543,97,91
1190,7,129,Sham19Y0006684,4319,1032,1163,97,93
1190,7,129,JK007117,975,409,543,97,91
1196,465,594,Meshkat0014420,4650,712,841,104,100
1196,208,594,JK010001,3027,1002,1440,179,42
1196,465,594,Hindawi016136305,30,828,957,104,100
1196,465,586,Shamela0036543,2005,1490,1611,97,100
1196,457,594,Shamela0036543,2027,1340,1477,107,97
1196,470,594,Shia004695Vols,1369,57,372,99,39
1196,470,594,Shamela0006879,56,111,235,100,100
1196,465,594,Tafsir07055,3152,192,348,104,82
1196,470,594,Hindawi020604026,501,930,1054,100,100
1196,162,274,Hindawi040635716,90,990,1102,90,100
1203,746,1246,JK000381,4088,430,926,384,92
1204,1170,1361,Shamela0037614,234,236,426,158,99
1204,1164,1361,Hindawi030536269,657,802,999,164,100
1204,248,480,JK000375,70,1300,1551,152,70
1206,1450,1632,Shamela0006730,41,306,488,138,94
1207,27,180,JK007078,227,1270,1457,116,76
1207,21,180,Shamela0006730,41,1008,1205,126,80
1207,27,180,Shamela0037325,602,1117,1304,116,76
1208,1348,1569,Tafsir02102,1808,1255,1465,140,75
1208,1334,1569,JK001254,48,1043,1254,166,87
1208,1334,1569,JK000090,152,743,978,186,97
1208,55,413,JK001335,1533,987,1534,208,44
1208,55,194,JK001335,1534,1288,1584,112,45
1208,1339,1569,Shamela0012293,620,728,991,172,79
1208,1404,1564,JK010475,320,1,143,109,80
1208,1369,1569,Kraken220413194022,2759,311,510,158,97
1208,6,459,Kraken220413194022,2968,1174,1367,70,19
1208,1339,1569,JK010001,3255,287,523,157,75
1208,1339,1569,Shamela0004473,2693,1169,1424,159,74
1208,1297,1569,Shamela0009943,195,1345,1627,171,71
1208,1334,1569,Shamela0006947,5518,471,689,165,84
1208,1334,1569,Shamela0006947,12219,737,948,166,87
1208,1334,1569,Shamela0006947,17042,371,587,162,83
1208,1339,1527,Shamela0012398,576,1399,1611,139,80
1208,1334,1469,JK001414,2722,1458,1593,109,98
1208,1334,1569,JK000382,344,291,529,173,88
1208,1334,1569,JK000382,520,811,1054,178,90
1208,1339,1569,JK000382,789,1052,1265,161,83
1208,1334,1569,Shamela0007318,127,1088,1299,166,87
1208,1339,1569,Shamela0007664,86,800,1027,150,74
1208,1362,1569,JK000381,689,209,398,141,84
1208,1339,1569,JK000381,1215,983,1218,157,78
1208,1339,1569,JK000906,106,651,887,180,92
1208,1334,1569,Shamela0003055,665,337,547,165,86
1208,1339,1569,Tafsir07055,3383,471,733,172,80
1208,1334,1569,Shamela0011730,171,1083,1299,159,80
1208,1339,1569,JK000923,27,1231,1454,148,74
1208,1339,1569,JK000923,28,417,640,148,74
1208,1339,1569,JK000342,5,1094,1373,172,75
1208,6,459,JK000375,13,646,838,69,19
1208,1334,1569,Shamela0008353,19,1356,1574,165,84
1208,1334,1569,Shamela0008353,63,85,327,186,94
1208,1334,1569,Shamela0007350,66,321,532,166,87
1208,1334,1569,Sham19Y0017581,383,9,244,186,97
1208,1339,1569,JK000098,631,615,839,156,78
1208,1339,1569,Shamela0037325,1260,1242,1470,152,75
1208,1339,1521,Shamela0037325,1270,1386,1609,135,74
1208,1339,1569,Shamela0018381,60,1185,1410,152,76
1208,1334,1569,Shamela0006463,140,814,1025,166,87
1208,1334,1569,Shamela0030312,52,488,723,183,94
1208,1334,1569,Shamela0006549,104,1117,1357,183,92
1208,55,556,Kraken22021606123102Vols,2969,753,1524,299,47
1208,1339,1534,Rafed0000040Vols,114,1357,1589,146,76
1208,1417,1569,Rafed0000040Vols,272,1,178,118,81
1208,1339,1569,Rafed0000040Vols,280,219,487,172,78
1208,1334,1569,JK000362,1322,1026,1261,186,97
1209,638,836,Shamela0096180,31,232,416,119,75
1209,437,583,Shamela0006739,1657,1251,1389,109,91
1209,957,1181,Shamela0006549,98,451,1322,163,23
1209,1185,1601,Shamela0006549,99,89,1429,306,27
1209,1088,1247,Rafed0000040Vols,273,139,936,110,17
1210,1375,1661,Sham19Y0096605,22,976,1372,179,52
1211,643,1084,JK000166,10631,809,1313,317,77
1211,643,1100,Sham19Y0132524,2806,756,1329,284,60
1211,631,1002,Shia001174Vols,1348,806,1181,169,48
1211,643,1058,Shamela0037325,1989,1119,1614,256,61
1211,643,874,ShamAY0034179,302,1405,1630,167,90
1211,877,1084,ShamAY0034179,303,52,276,149,83
1215,594,758,JK006950,891,517,663,113,84
1215,603,758,Shamela0021715,893,749,890,112,90
1215,1350,1530,Shamela0021715,1536,739,920,137,93
1215,1249,1530,Shamela0021715,1539,286,593,151,51
1215,912,1122,Shamela0021715,3071,700,913,164,98
1215,912,1417,Shamela0001524,2112,6,484,206,39
1215,603,758,Sham19Y0150600,122,103,256,122,98
1215,227,357,Shamela0000894,4203,41,188,106,88
1215,193,475,Shamela0000894,5415,1030,1295,150,63
1215,456,970,Sham19Y0011194,17,509,908,184,45
1215,915,1122,Shamela0021766,685,761,959,144,87
1215,224,365,Sham19Y0018176,108,6,144,111,97
1215,603,758,Sham19Y0018176,224,634,775,112,90
1215,1350,1530,Sham19Y0018176,410,827,1008,137,93
1215,1249,1530,Sham19Y0018176,411,298,622,160,53
1215,912,1122,Sham19Y0018176,748,805,1018,164,98
1215,231,365,Sham19Y0127656,28,1,149,106,86
1215,451,773,Sham19Y0127656,59,597,850,142,50
1215,915,1277,Sham19Y0127656,237,617,989,191,55
1215,224,365,Sham19Y0018106,172,1057,1195,111,97
1215,603,758,Sham19Y0018106,416,825,966,112,90
1215,1350,1530,Sham19Y0018106,750,756,937,137,93
1215,912,1122,Sham19Y0018106,1375,374,587,164,98
1215,1249,1530,Shamela0012293,4813,1013,1343,157,53
1215,586,780,JK009231,408,1133,1318,109,61
1215,970,1122,JK000302,1071,47,204,114,90
1215,603,747,JK000883,2090,180,322,107,88
1215,970,1122,JK005202,875,563,711,115,96
1215,915,1137,Sham19Y0148271,927,422,630,144,80
1215,224,365,Sham19Y0018103,252,671,809,111,97
1215,603,758,Sham19Y0018103,549,802,943,112,90
1215,1389,1530,Sham19Y0018103,872,1,143,107,91
1215,912,1122,Sham19Y0018103,1413,826,1039,164,98
1215,1350,1530,JK007065,1460,1220,1388,128,88
1215,970,1122,Sham19Y0017437,863,310,459,115,96
1215,970,1122,JK000787BK2,768,1147,1293,113,94
1215,970,1122,JK000225,563,1183,1331,114,95
1215,603,758,Sham19Y0013252,1068,1270,1411,112,90
1215,606,737,Sham19Y0013252,1069,1391,1508,94,89
1215,912,1277,Sham19Y0013252,3305,922,1270,169,47
1215,912,1413,Sham19Y0013252,3306,1020,1430,213,52
1215,594,758,JK001414,953,769,934,128,95
1215,912,1413,Shamela0001875,741,835,1214,189,40
1215,603,747,Shamela0026668,283,130,271,107,89
1215,912,1089,JK000470,538,1203,1392,116,72
1215,603,758,Shia002069Vols,736,432,581,113,86
1215,214,365,Shamela0008648,663,1160,1314,117,92
1215,606,758,JK009324,326,361,499,111,90
1215,915,1122,JK009324,1478,824,1008,138,84
1215,912,1130,JK000021,1595,14,215,137,81
1215,915,1314,Shamela0010517,1276,49,441,199,56
1215,912,1089,JK000474,2699,1203,1384,130,93
1215,224,365,Sham19Y0095660,1295,815,953,111,97
1215,1350,1530,Sham19Y0095660,1340,376,533,117,79
1215,231,365,Sham19Y0013605,407,883,1014,106,97
1215,603,758,Sham19Y0013605,862,852,993,112,90
1215,1394,1530,Sham19Y0013605,1284,1,138,103,90
1215,1249,1530,Sham19Y0013605,1285,1169,1476,151,51
1215,912,1122,Sham19Y0013605,1922,855,1068,164,98
1215,446,758,JK000110,99,18,318,135,38
1215,1350,1530,JK000110,211,84,265,137,93
1215,912,1277,JK000110,450,114,451,170,49
1215,603,758,Sham19Y0016946,92,673,826,122,98
1215,1353,1530,JK000148,394,478,639,116,82
1215,970,1122,JK000148,1013,424,573,116,96
1215,214,668,Shamela0096283,22,539,926,167,40
1215,594,758,Shamela0096283,50,1272,1427,124,94
1215,1249,1530,Shamela0006610,303,665,942,147,64
1215,603,758,Sham19Y0013667,1082,720,861,111,89
1215,912,1122,Sham19Y0013667,3437,827,1022,140,84
1215,224,365,Sham19Y0016584,193,164,302,111,97
1215,603,758,Sham19Y0016584,499,669,810,112,90
1215,1350,1530,Sham19Y0016584,883,755,936,137,93
1215,912,1144,Shamela0000767,1515,42,278,138,72
1215,224,365,JK009313,3782,988,1149,111,83
1215,970,1122,Sham19Y0013785,220,710,859,115,96
1215,224,365,Sham19Y0016684,101,697,835,111,97
1215,603,758,Sham19Y0016684,209,1220,1361,112,90
1215,1350,1530,Sham19Y0016684,356,645,826,137,93
1215,912,1122,Sham19Y0016684,705,808,1021,164,98
1215,1333,1530,Sham19Y0017903,145,289,460,127,78
1215,979,1122,Shamela0037837,333,1,145,112,99
1215,224,365,Shamela0005756,1018,1001,1139,111,97
1215,603,758,Shamela0005756,2284,737,859,97,78
1215,1350,1530,Shamela0005756,3766,800,987,137,90
1215,912,1122,Shamela0005756,6549,1113,1332,161,94
1215,951,1089,Shamela0005756,6551,942,1359,70,20
1216,751,1037,Sham19Y0146127,1528,203,442,187,82
1216,751,1037,Shamela0021715,2707,373,662,224,95
1216,751,1037,Sham19Y0018176,676,219,508,224,95
1216,751,1037,Shamela0022579,76,620,919,208,84
1216,751,1037,Sham19Y0018106,1243,622,911,224,95
1216,751,970,Shamela0004473,3049,791,1009,166,92
1216,748,1037,ShamAY0034005,467,802,1091,188,73
1216,751,1037,Sham19Y0018103,1307,1059,1348,224,95
1216,748,898,JK007065,1433,1355,1509,119,97
1216,450,1037,Shamela0000347,343,842,1360,221,33
1216,751,1037,Sham19Y0013252,2967,91,380,224,95
1216,751,1029,Shamela0013174,1120,1254,1526,189,79
1216,751,1037,Shamela0001875,804,105,378,204,85
1216,771,1037,JK009324,1306,68,309,174,78
1216,724,1053,Shamela0010517,2031,117,525,244,74
1216,751,1037,JK009336,632,451,734,211,87
1216,731,1037,Sham19Y0095660,1392,1114,1408,229,93
1216,716,930,Sham19Y0095660,1451,1296,1491,152,89
1216,751,1037,Sham19Y0020638,1431,589,852,210,91
1216,751,937,Shamela0036446,386,1321,1495,138,92
1216,755,1037,JK000484,2874,1090,1357,204,89
1216,731,1062,Shamela0000432,5348,1047,1376,240,87
1216,751,1037,Sham19Y0013605,1802,143,432,224,95
1216,748,1037,JK000961,197,870,1149,207,85
1216,755,1037,JK000110,392,969,1253,220,95
1216,731,1037,JK006897,288,236,525,231,94
1216,748,1037,Shamela0006610,539,532,788,193,81
1216,835,1037,Sham19Y0016584,1392,1,199,158,98
1216,751,1037,Sham19Y0016684,640,671,960,224,95
1216,697,1037,Sham19Y0014309,734,214,551,228,81
1216,760,1037,Shamela0037837,301,8,257,199,89
1216,751,1037,Shamela0005756,5993,568,846,221,96
1236,62,201,Hindawi018385936,37,340,484,102,86
1245,1088,1307,Sham19Y0014827,163,1251,1493,131,64
1245,1309,1511,Sham19Y0014827,164,1,240,147,77
1245,1088,1488,Sham19Y0014827,343,690,1149,272,72
1245,1088,1488,Sham19Y0014827,519,663,1122,272,72
1245,1059,1488,Sham19Y0018103,235,9,587,285,62
1245,1175,1488,Sham19Y0018103,501,82,471,244,78
1245,1059,1511,Sham19Y0018103,1004,656,1270,304,62
1245,1175,1488,Sham19Y0018103,1266,102,491,244,78
1245,1059,1488,Sham19Y0018103,1518,807,1385,285,62
1245,1059,1511,Sham19Y0018103,1755,756,1368,304,62
1245,1201,1488,Sham19Y0018103,2014,1,364,222,77
1245,1059,1488,Sham19Y0018103,2270,717,1295,285,62
1245,1059,1412,Sham19Y0018103,2528,1059,1529,226,61
1245,1077,1488,Sham19Y0018103,2796,1,564,277,62
1245,1059,1488,Sham19Y0018103,3053,217,799,285,62
1245,1059,1488,Sham19Y0018103,3295,451,1033,285,62
1245,1175,1488,Sham19Y0018103,3531,80,469,244,78
1245,1059,1488,Sham19Y0018103,3778,625,1207,285,62
1245,1059,1511,Sham19Y0018103,4042,760,1376,304,62
1245,1175,1488,Sham19Y0014592,224,79,428,248,88
1245,1059,1488,Sham19Y0014592,478,219,759,303,68
1245,1175,1488,Sham19Y0014592,752,1,350,248,88
1245,1217,1488,Sham19Y0014592,1026,1,308,214,87
1245,1097,1511,Sham19Y0014592,1310,5,538,284,65
1245,1059,1307,Sham19Y0014592,1575,1272,1595,161,59
1245,1309,1533,Sham19Y0014592,1576,1,262,149,71
1245,1059,1488,Sham19Y0014592,1840,1022,1562,301,68
1245,1059,1488,Sham19Y0014592,2110,235,775,301,68
1245,1059,1391,Sham19Y0014592,2359,1127,1534,226,67
1245,1059,1488,Sham19Y0014592,2607,334,878,301,67
1245,1059,1488,Sham19Y0014592,2856,482,1026,302,68
1248,305,474,JK010637,314,24,473,131,36
1248,337,474,Hindawi092480708,59,296,478,111,74
1248,1095,1642,Shamela0023790,229,496,846,131,22
1248,337,474,Hindawi085925824,30,1233,1370,111,99
1248,337,474,Shamela0007380,84,1008,1144,109,97
1250,1374,1556,JK001477,57,1288,1455,128,87
1250,1370,1556,JK000927,2049,175,343,122,83
1250,1370,1556,JK000927,4423,396,564,122,83
1250,1370,1556,Shamela0009788,889,743,915,120,81
1252,74,188,Sham19Y0036072,128,408,775,90,30
1259,979,1176,ShamAY0035131,69,1467,1643,129,76
1262,263,406,JK010672,197,1029,1171,105,87
1262,273,406,Hindawi060292585,29,350,481,105,97
1262,239,406,Shamela0023789,1752,54,238,115,78
1262,239,406,Shamela0010283,759,408,592,118,76
1263,1535,1645,Shamela0007798,2898,1368,1478,89,100
1263,1535,1645,Meshkat0014420,1122,944,1054,89,100
1263,1535,1645,Shamela0009231,714,512,622,89,100
1263,177,315,Shamela0023789,1751,1313,1458,107,91
1263,177,315,Shamela0005406,47,182,330,107,90
1264,651,997,Shamela0001349,353,346,905,103,17
1264,651,997,Shamela0023790,102,997,1249,108,30
1267,984,1226,Shamela0012406,1299,379,755,138,44
1267,999,1226,Hindawi026382506Vols,54,468,883,133,40
1268,401,560,Sham19Y0009800,1018,129,283,124,96
1268,401,560,Shamela0001524,2138,650,809,128,100
1268,401,560,JK006838,1075,900,1060,128,99
1268,401,560,Shamela0026507,12,674,832,127,99
1268,401,560,Sham19Y0017616,244,801,960,128,100
1268,401,560,Sham19Y0017729,383,93,251,127,99
1268,401,560,Shamela0001875,1233,28,187,128,100
1268,401,560,Shamela0001727,956,820,979,128,100
1268,401,560,Sham19Y0020638,750,330,489,128,100
1268,401,560,Sham19Y0017903,797,65,224,128,100
1268,401,560,Shamela0008473,1587,1292,1451,128,100
1269,1466,1569,Shamela0006909,82,541,644,80,99
1269,1453,1569,Shia001432Vols,9216,1205,1316,88,95
1269,1453,1569,Shia002185Vols,150,1151,1262,88,95
1269,1466,1569,Sham19Y0023608,3950,294,397,81,100
1269,1466,1569,JK001046,116,1070,1173,80,99
1269,1453,1569,Rafed0002679Vols,61,676,787,88,95
1269,1466,1569,Sham19Y0017829,300,73,176,80,99
1269,1453,1569,JK007143,1641,1123,1254,88,85
1269,1448,1569,Shamela0005446,794,1367,1483,89,93
1269,1466,1569,ShamAY0037109,6,1374,1477,81,100
1269,1466,1569,ShamAY0034541,82,180,283,80,99
1269,1466,1588,Hindawi061570868,84,335,450,86,90
1269,1466,1569,JK001477,395,1214,1317,80,99
1269,1466,1569,JK009365,397,1043,1146,81,100
1269,1466,1583,JK001001,24,175,296,85,89
1269,1466,1569,JK001001,209,622,725,81,100
1269,487,1614,Sham19Y0095660,227,267,1394,881,96
1269,1466,1569,Shamela0010512,149,493,596,81,100
1269,1466,1588,JK007081,278,819,945,80,80
1269,1466,1569,Shamela0008305,15,551,654,81,100
1269,1466,1569,Sham19Y0026523,2367,126,229,81,100
1269,1453,1569,JK009362,4678,458,569,88,95
1269,1448,1569,JK009362,6010,672,788,89,93
1269,1466,1569,ShamAY0034230,4092,184,287,81,100
1269,1466,1569,Hindawi085925824,176,1247,1350,81,100
1269,1466,1569,Rafed0002267,6,927,1030,81,100
1269,1453,1569,ShamAY0034059,6034,433,543,82,90
1269,1466,1583,Shamela0007380,91,646,767,86,90
1269,1466,1611,Shamela0002573,599,415,541,90,81
1270,199,311,Shamela0006909,77,449,561,87,100
1270,199,311,Shia002185Vols,645,1371,1483,85,98
1270,184,311,Shia002185Vols,1319,350,478,90,92
1270,199,311,Shia002185Vols,4036,230,342,85,98
1270,199,311,Shamela0000135,66,6,121,84,94
1270,199,311,JK010638,85,885,997,87,100
1270,199,311,JK010729,204,1288,1400,87,100
1270,188,311,Kraken220201000819,146,252,375,93,98
1270,199,311,Shia002378,141,1061,1173,87,100
1270,199,311,ShamAY0032251,60,984,1095,87,99
1270,199,311,JK007143,2222,989,1101,87,100
1270,199,318,JK010611,15,1044,1160,84,91
1270,199,311,JK010611,102,858,970,87,100
1270,188,311,Sham19Y0000760,106,894,1048,95,79
1270,184,311,JK001213,21,671,798,97,99
1270,176,311,ShamAY0034457,93,515,647,100,95
1270,188,311,Sham19Y0147320,120,1391,1521,95,94
1270,188,311,ShamAY0034541,92,1053,1176,95,100
1270,199,311,Hindawi096918483,61,1152,1264,87,100
1270,199,311,Shamela0005448,73,872,984,85,98
1270,199,311,Sham19Y0021505,378,1068,1180,87,100
1270,199,311,Shamela0023790,509,556,668,85,98
1270,199,311,JK001001,229,1410,1522,86,99
1270,199,311,JK001099,339,147,259,87,100
1270,188,311,Sham19Y0011151,856,1312,1445,95,92
1270,199,311,Sham19Y0011151,857,184,296,87,100
1270,1,159,Sham19Y0095660,227,1394,1552,128,100
1270,159,827,Sham19Y0095660,228,1,660,525,96
1270,199,311,JK009325,1007,48,160,87,100
1270,188,306,Shia003956,262,731,988,89,45
1270,199,311,Sham19Y0016714,814,1066,1178,86,99
1270,199,311,JK009230,537,586,698,87,100
1270,199,311,Sham19Y0014786,156,931,1043,83,96
1270,188,311,Sham19Y0148535,12,1298,1435,92,87
1270,199,311,Shamela0023789,1136,179,291,87,100
1270,199,311,Sham19Y0016435,232,300,492,86,57
1270,199,311,Shamela0003118,6757,352,463,84,97
1270,188,311,Hindawi085925824,193,379,501,94,99
1270,199,311,Shamela0026552,180,1059,1171,82,95
1270,199,311,JK000911,2677,930,1042,85,98
1270,199,311,Shamela0011786,230,1429,1541,85,98
1270,184,311,Shamela0009607,1022,1279,1402,86,83
1270,199,311,JK001039,85,216,325,80,92
1270,184,311,JK000916,23569,1237,1365,97,98
1270,210,311,JK010738,278,1,102,77,98
1270,199,311,JK010738,324,1312,1424,87,100
1270,199,311,PV20220525,1350,658,770,86,99
1270,199,311,Shamela0026536,647,929,1041,86,99
1270,199,311,Shamela0002573,1166,904,1016,87,100
1271,297,1268,Sham19Y0095660,228,636,1607,789,99
1271,1268,1574,Sham19Y0095660,229,1,307,242,100
1272,1,964,Sham19Y0095660,229,307,1270,785,100
1273,370,670,Sham19Y0095660,229,1270,1570,242,100
1273,670,1549,Sham19Y0095660,230,1,880,706,99
1274,1,1116,Sham19Y0095660,54,857,1688,683,74
1274,1116,1652,Sham19Y0095660,55,1,537,433,100
1275,1,1043,Sham19Y0095660,55,537,1579,845,100
1275,1043,1610,Sham19Y0095660,56,1,569,464,99
1276,816,1092,Hindawi092963020,460,1013,1313,185,75
1276,812,1092,Shamela0001002,502,978,1294,198,78
1276,1,1019,Sham19Y0095660,56,569,1586,820,99
1276,1019,1518,Sham19Y0095660,57,1,501,395,99
1276,1,206,ShamAY0001760,239,1390,1596,168,99
1276,240,393,ShamAY0001760,240,1,156,115,93
1276,737,1092,Hindawi073941747,4,646,973,203,65
1277,1,1020,Sham19Y0095660,57,501,1520,824,100
1277,1020,1577,Sham19Y0095660,58,1,558,452,100
1277,1390,1577,Shamela0001023,172,172,375,126,72
1277,1378,1577,JK010473,187,1140,1355,126,70
1278,1,1016,Sham19Y0095660,58,558,1574,821,99
1278,1016,1592,Sham19Y0095660,59,1,577,470,100
1279,1009,1344,Shamela0001002,378,561,926,211,68
1279,1046,1303,Sham19Y0095660,2,1,300,173,68
1279,1,1051,Sham19Y0095660,59,577,1602,828,97
1279,1051,1569,Sham19Y0095660,60,1,519,415,99
1280,1,573,Sham19Y0095660,60,519,1091,470,100
1287,367,557,Shia001432Vols,22528,29,232,145,87
1287,367,557,Sham19Y0131521,6373,217,407,138,87
1287,392,557,JK000001,1748,1,182,132,91
1287,367,552,JK008250Vols,823,923,1149,138,77
1288,250,455,JK000576,120,276,492,136,75
1288,250,455,Sham19Y0146127,3637,235,452,140,75
1288,285,455,Sham19Y0146127,3688,208,378,134,98
1288,244,455,Shamela0021715,9206,1308,1501,145,86
1288,232,455,Zaydiyya0000035,26,493,708,141,77
1288,244,455,Sham19Y0018176,2186,206,399,145,86
1288,244,455,Sham19Y0127656,713,389,582,145,86
1288,250,455,Zaydiyya0000229,260,1098,1325,144,79
1288,232,455,Shamela0010798,1119,946,1185,141,72
1288,244,455,Sham19Y0018106,3644,569,762,145,86
1288,285,455,JK008001,905,556,735,134,93
1288,244,455,Shamela0004473,8257,183,413,143,76
1288,285,455,Shamela0004473,11726,532,702,136,100
1288,326,455,JK007044,5147,1,139,102,92
1288,236,455,JK001197,325,782,980,140,77
1288,232,455,Sham19Y0122406,3807,327,521,138,78
1288,244,455,Sham19Y0018103,3589,85,278,145,86
1288,232,455,JK007065,115,1151,1353,142,81
1288,232,455,Zaydiyya0000015,2376,1062,1313,136,69
1288,232,459,Shamela0026884,707,918,1162,146,74
1288,244,455,Sham19Y0013252,8854,855,1048,145,86
1288,244,455,Sham19Y0013252,8855,55,257,145,83
1288,232,455,Sham19Y0013572,258,68,271,145,82
1288,232,455,JK007054,8,734,946,145,79
1288,232,455,JK000094,104,284,519,143,72
1288,244,455,JK009324,3196,109,306,147,87
1288,285,455,Sham19Y0127677,563,847,1026,134,93
1288,250,455,Kraken220413030759,1453,212,402,136,80
1288,232,455,JK000021,1442,517,729,145,79
1288,232,455,JK000015,18,792,995,145,82
1288,285,455,JK009274,249,201,380,134,93
1288,244,455,Shamela0010517,1915,605,798,145,86
1288,232,455,JK009336,1678,977,1189,145,79
1288,285,455,JK009390,514,107,286,134,93
1288,250,455,Shamela0009823,391,315,509,142,83
1288,232,455,Sham19Y0020638,1193,1132,1326,138,78
1288,285,455,Shamela0036446,1063,36,196,125,92
1288,250,455,JK000484,6570,367,589,142,78
1288,232,455,JK000484,6662,58,270,145,79
1288,250,455,JK000027,17,689,889,143,84
1288,232,455,Zaydiyya0000352,274,683,928,147,76
1288,244,455,Sham19Y0013605,4292,170,363,145,86
1288,250,455,Sham19Y0018144,2608,452,668,136,75
1288,244,455,JK000110,1603,1075,1268,145,86
1288,244,459,Shamela0096283,404,509,702,145,85
1288,232,455,Shamela0023628,521,272,484,145,79
1288,285,455,JK000081,623,748,925,133,93
1288,250,455,Shamela0006944,29,752,974,142,78
1288,244,455,Shamela0012014,25,10,212,143,82
1288,232,455,Shamela0012014,331,590,802,145,79
1288,250,459,Shamela0003118,4126,761,977,144,83
1288,250,455,Shamela0008203,87,325,549,143,78
1288,244,455,Shamela0001438,1213,520,725,141,81
1288,250,455,JK000703,2,276,491,140,80
1288,288,455,Shamela0008244,126,17,209,132,85
1288,250,455,JK000916,13954,336,551,140,80
1288,326,455,JK000001,2999,1,136,98,88
1288,232,455,JK000485,1002,495,698,145,82
1288,250,455,MMS00020,143,471,829,144,47
1288,232,455,Shamela0012884,2494,1228,1468,145,74
1288,285,455,Shamela0021659,290,25,205,134,93
1288,244,455,Shamela0037837,730,1132,1325,145,86
1292,640,825,Sham19Y0014197,307,918,1109,123,74
1293,1172,1514,JK000927,4075,615,1139,240,58
1295,395,584,Shamela0003055,4457,466,718,107,53
1296,216,673,JK006971,19,38,701,198,34
1298,926,1209,Shamela0095696,2,1211,1460,170,70
1299,1177,1306,JK000279,893,1337,1464,95,91
1299,1306,1453,JK000279,894,1,300,111,47
1299,1173,1453,Shamela0031215,84,1004,1435,209,61
1300,139,250,JK001460,520,1257,1361,81,92
1300,43,191,JK000279,895,14,489,77,21
1300,139,250,Shamela0010275,399,852,956,81,92
1301,505,712,Shamela0006730,260,254,456,131,76
1301,505,715,ShamAY0034657,761,940,1155,130,73
1303,1071,1428,Shamela0003055,4545,1176,1639,257,67
1304,335,1336,Shamela0003055,4546,346,1463,565,59
1305,150,331,Sham19Y0147597,206,1207,1375,130,91
1305,150,323,Sham19Y0146127,3556,634,801,121,87
1305,937,1285,Shamela0021715,10150,46,355,195,64
1305,150,323,JK000154,5326,151,322,126,88
1305,150,323,Sham19Y0013571,340,1038,1204,120,88
1305,150,323,Sham19Y0014442,3213,186,338,107,72
1305,150,323,JK000299,3700,857,1002,107,75
1305,150,323,JK000475,1208,1251,1399,107,73
1305,150,323,Shamela0011212,23,1082,1249,126,90
1305,150,323,Shamela0011210,2,1055,1226,126,88
1305,150,323,Shamela0021744,4342,1097,1242,107,75
1305,169,331,JK000298,3702,80,253,121,90
1305,150,323,JK011153,5028,816,987,126,88
1305,150,323,Shamela0009111,157,472,620,107,73
1305,169,323,JK008001,2038,910,1065,118,97
1305,150,323,Shamela0009810,898,729,896,126,90
1305,169,331,JK007044,4119,1271,1431,120,94
1305,150,323,Shamela0022644,2498,59,207,107,73
1305,1018,1285,Sham19Y0018103,3906,1,228,175,81
1305,169,323,Shia002261Vols,293,525,679,118,98
1305,150,323,Sham19Y0020699,1827,403,570,126,90
1305,937,1275,Shamela0006947,16648,1264,1558,187,64
1305,937,1285,Sham19Y0013252,9701,1090,1398,198,65
1305,150,323,Sham19Y0017729,355,1077,1225,107,73
1305,150,323,JK000471,1621,200,348,107,73
1305,937,1285,Shamela0001875,1219,485,800,198,64
1305,150,323,JK000094,29,41,208,121,87
1305,937,1285,ShamIbadiyya0000438,1236,169,479,194,63
1305,150,323,JK000141,442,350,517,126,90
1305,150,323,Shamela0003055,840,1024,1195,126,88
1305,150,323,Shamela0003055,863,1033,1200,126,90
1305,169,323,Shamela0003055,4546,1251,1403,111,92
1305,937,1294,JK000165,3094,531,859,207,67
1305,1018,1289,Shamela0007435,716,4,265,175,76
1305,150,323,JK000238,1388,1395,1548,103,69
1305,1107,1289,Hindawi025273163,120,515,692,129,84
1305,150,323,Sham19Y0132524,1950,217,365,107,73
1305,169,323,JK009274,660,877,1031,118,98
1305,159,323,Sham19Y0038171,191,571,742,124,92
1305,164,323,Sham19Y0038171,1896,1203,1364,120,95
1305,154,323,JK009390,1598,193,366,123,91
1305,150,323,JK000484,6428,1152,1319,121,87
1305,169,323,Sham19Y0122096,2848,1,155,118,98
1305,150,323,JK000123,1341,1260,1434,107,64
1305,937,1285,JK000110,1769,446,758,198,64
1305,169,347,JK011225,351,1282,1450,124,89
1305,150,323,Sham19Y0017747,2183,1368,1516,107,73
1305,150,323,Shamela0000427BK2,5001,50,198,107,73
1305,169,323,Shamela0001438,2648,508,662,118,98
1305,169,323,Sham19Y0018272,1616,629,783,120,99
1305,982,1285,Sham19Y0013667,6507,1067,1400,183,61
1305,937,1285,Sham19Y0016584,4411,439,747,198,65
1305,150,323,Shamela0011380,40,480,651,126,88
1305,182,323,JK011730,1362,1,142,107,97
1305,982,1285,Shamela0000767,4803,1178,1417,161,63
1305,937,1285,ShamIbadiyya0000109,7300,66,370,189,63
1305,937,1285,Sham19Y0016684,1918,1119,1427,198,65
1305,150,323,JK000122,921,800,969,123,86
1305,150,323,Sham19Y0017903,717,580,728,106,73
1305,150,323,JK007115,12,863,1011,107,73
1305,169,323,JK000170,5002,219,344,91,71
1305,169,323,Shamela0021659,862,463,617,118,98
1305,937,1294,Shamela0005756,14563,997,1314,199,64
1305,159,323,Sham19Y0014592,2499,1128,1342,122,73
1305,145,323,Shamela0001585,66,836,994,110,72
1306,822,1033,Shamela0001002,456,801,1045,162,81
1306,99,622,Shamela0003055,4547,573,1236,303,56
1306,1367,1475,Shamela0006730,299,316,423,82,97
1306,822,1033,JK006920,39,655,899,162,81
1307,647,977,Shamela0004363,50,344,952,193,40
1307,1274,1421,Shamela0001002,124,492,627,108,89
1307,729,977,Shamela0001002,547,840,1115,153,68
1307,729,956,Shamela0031215,362,172,403,106,54
1307,1296,1421,Hindawi020790318Vols,136,6,129,99,96
1308,743,961,Shamela0012724,138,1098,1403,144,60
1308,1146,1320,Shamela0010013,179,448,612,129,89
1308,1123,1370,JK000094,72,838,1062,165,82
1308,1123,1370,JK007078,195,1085,1310,159,80
1309,651,979,Shamela0004363,32,836,1424,203,42
1309,732,979,Shamela0031215,605,956,1207,160,76
1309,607,996,Shamela0006730,227,86,437,209,62
1310,77,226,JK007084,458,944,1126,100,71
1313,1195,1349,Sham19Y0020762,1113,462,623,121,92
1313,1123,1512,Shamela0001002,461,594,910,212,63
1313,1085,1512,JK003609,1785,528,855,218,61
1313,1085,1516,Shamela0007328,96,325,550,163,47
1313,1195,1349,Shamela0023735,3064,1001,1209,116,68
1313,1085,1512,Shamela0009788,351,734,1073,222,62
1313,1109,1512,Shamela0009788,1981,750,1072,222,66
1314,632,878,Shamela0000736,1388,640,888,193,91
1314,646,878,Shamela0003583,83,223,424,156,81
1314,693,878,Sham19Y0145334,3073,1,179,139,87
1314,632,890,JK000916,22171,271,532,198,89
1314,616,856,Shamela0009788,1952,1276,1483,144,71
1316,667,851,Shamela0008657,591,11,241,78,40
1316,656,780,Shia003729Vols,162,404,530,92,89
1316,667,798,JK000467,1747,1,130,92,87
1316,656,820,JK010344,572,20,172,101,78
1316,640,780,Shamela0023789,1039,719,898,106,74
1317,1,417,Shamela0000894,7900,1126,1546,331,98
1317,815,1045,Shamela0012062,213,1149,1480,168,63
1317,772,1080,Shamela0026039,285,561,870,143,51
1317,815,1045,JK008001,6253,332,522,141,76
1317,815,1045,JK007044,3539,495,672,138,74
1317,772,1080,JK000910,184,409,805,196,57
1317,815,1045,JK000264,1615,1189,1367,138,74
1317,772,1060,Shamela0028453,283,1115,1472,186,65
1317,815,1045,Sham19Y0127677,3271,1103,1287,141,75
1317,772,1045,JK007056,53,668,951,172,64
1317,818,1045,Tafsir04056,1486,1,182,139,75
1317,815,1045,JK009390,4393,1020,1213,141,75
1317,772,1045,Shamela0008476,1667,1136,1417,145,57
1317,815,1045,JK000201,1778,543,721,139,75
1317,772,1076,JK000005,145,1123,1455,194,66
1317,815,1083,Tafsir01005,136,1013,1387,196,66
1317,815,1045,Shamela0001438,5226,619,797,139,75
1317,772,1045,Zaydiyya0000142,1866,342,642,166,61
1317,815,1045,Zaydiyya0000142,1868,638,887,131,58
1317,815,1045,Tafsir07076,1641,728,932,138,71
1317,772,1045,Shamela0008473,1157,185,451,144,56
1317,815,1045,Shamela0012884,1255,180,364,141,75
1317,885,1045,Kraken21050704,40,1,166,111,81
1318,834,1005,JK000005,147,1001,1166,125,88
1319,1184,1609,Sham19Y0095660,138,773,1238,350,91
1320,1,388,Sham19Y0095660,138,1238,1625,317,100
1320,388,1636,Sham19Y0095660,139,1,1249,1018,100
1321,1,379,Sham19Y0095660,139,1249,1627,308,100
1321,379,1628,Sham19Y0095660,140,1,1251,1017,99
1322,1200,1622,Shamela0006723BK1,172,258,1009,248,37
1322,1324,1634,JK000998,298,33,348,186,61
1322,1401,1634,ShamAY0032275,324,1,187,137,69
1322,1200,1622,Shamela0012398,2541,552,1145,225,40
1322,1320,1622,Shamela0010912,285,340,684,184,59
1322,1,367,Sham19Y0095660,140,1251,1617,296,100
1322,367,1634,Sham19Y0095660,141,1,1269,1036,99
1322,1200,1634,Hindawi074797079,168,1009,1509,256,57
1323,440,718,Shamela0035100,4350,280,537,150,61
1323,1281,1536,Shamela0096180,188,1057,1312,205,98
1323,1,348,Sham19Y0095660,141,1269,1616,277,100
1323,348,1536,Sham19Y0095660,142,1,1189,958,100
1324,1,358,Sham19Y0095660,142,1189,1546,287,100
1324,358,1226,Sham19Y0095660,143,1,857,703,98
1328,1172,1311,Shamela0021592,418,665,882,105,57
1329,1440,1660,Sham19Y0095660,95,3,223,181,100
1330,1351,1566,Shamela0000894,7901,339,569,158,78
1330,1,1498,Sham19Y0095660,95,223,1720,1237,100
1330,1498,1724,Sham19Y0095660,96,1,226,185,99
1331,1270,1446,Hindawi068305130,499,1343,1605,147,67
1331,1270,1463,Rafed0002341Vols,147,1155,1535,157,49
1331,1270,1463,JK001412,409,136,522,159,49
1331,1270,1463,Hindawi079072819,221,1110,1493,158,49
1331,1270,1463,Sham19Y0029676,788,1056,1445,158,49
1331,1270,1463,Shamela0009783BK1,4127,883,1264,160,50
1331,1,1434,Sham19Y0095660,96,226,1660,1168,99
1331,1434,1657,Sham19Y0095660,97,1,224,183,100
1331,1270,1463,Shamela0012320,330,676,1065,155,48
1331,1270,1428,Sham19Y0145435,4134,1258,1604,134,45
1331,1270,1463,Shamela0005880,24,525,904,158,49
1331,1270,1463,JK000911,2210,601,981,157,49
1331,1270,1463,Hindawi059250728,130,1308,1587,160,69
1331,1270,1463,Hindawi017160604,747,1111,1492,160,50
1332,1,1446,Sham19Y0095660,97,224,1668,1184,99
1332,1446,1665,Sham19Y0095660,98,1,220,179,100
1333,1,1406,Sham19Y0095660,98,220,1625,1145,100
1333,1406,1632,Sham19Y0095660,99,1,227,186,100
1334,131,1531,Sham19Y0095660,168,1,1400,1125,99
1335,1,123,Sham19Y0095660,168,1400,1522,95,99
1335,123,1538,Sham19Y0095660,169,1,1416,1135,99
1336,541,892,Hindawi013957902,84,59,356,180,61
1336,504,952,Shamela0011782,496,247,948,299,53
1336,504,683,Shamela0001002,265,1144,1514,129,43
1336,689,952,Shamela0001002,266,14,298,184,82
1336,1,131,Sham19Y0095660,169,1416,1545,103,99
1336,131,1515,Sham19Y0095660,170,1,1394,1110,99
1337,423,704,Rafed0002654Vols,10006,356,661,161,62
1337,413,649,JK000279,280,366,626,146,71
1337,1319,1479,Shamela0001002,950,650,883,107,55
1337,1,127,Sham19Y0095660,170,1394,1519,101,99
1337,127,1479,Sham19Y0095660,171,1,1347,1069,99
1337,403,649,Shamela0023789,25,948,1206,185,91
1337,399,649,Shamela0023789,1131,1102,1367,168,78
1337,423,704,Shia004092Vols,10181,848,1152,160,62
1338,1,128,Sham19Y0095660,171,1347,1476,101,98
1338,128,1578,Sham19Y0095660,172,1,1468,1175,98
1339,467,1571,Sham19Y0095660,30,310,1445,886,96
1339,138,486,Sham19Y0095660,173,1,360,272,93
1340,1,97,Sham19Y0095660,30,1445,1541,75,100
1340,97,1534,Sham19Y0095660,31,1,1237,998,86
1341,1,318,Sham19Y0095660,31,1237,1563,256,97
1341,318,1555,Sham19Y0095660,32,1,1246,997,99
1342,1090,1265,Shamela0001002,544,51,255,132,79
1342,1,307,Sham19Y0095660,32,1246,1552,245,99
1342,307,1523,Sham19Y0095660,33,1,1218,975,99
1343,1350,1472,Sham19Y0017437,1514,543,645,75,81
1343,1177,1488,Sham19Y0000760,533,160,441,174,69
1343,1350,1472,ShamAY0033833,106,1401,1510,81,86
1343,1,295,Sham19Y0095660,33,1218,1508,228,97
1343,295,1169,Sham19Y0095660,34,1,872,703,99
1343,1350,1485,ShamAY0002038,212,952,1081,84,78
1343,1350,1472,Shamela0001000,361,31,134,76,81
1343,1350,1472,JK010344,785,1288,1397,81,86
1343,1177,1488,Shamela0023789,38,615,1124,203,49
1343,1350,1472,ShamAY0035792,11,1189,1292,76,81
1343,1177,1488,Hindawi026859690,32,635,1085,191,52
1343,1350,1472,Shamela0011790,648,320,423,76,81
1344,697,1028,JK010552,25,477,965,208,52
1344,702,1006,JK001412,108,583,981,211,65
1344,1233,1518,Sham19Y0095660,34,1073,1358,230,100
1344,256,474,Sham19Y0095660,34,872,1091,165,95
1344,697,1028,Shamela0001000,336,621,1090,210,55
1344,697,1028,Shamela0009356,53,545,1003,201,52
1344,1,256,Shamela0023789,38,1124,1386,199,95
1344,474,632,Shamela0023789,226,79,500,105,31
1344,702,905,Shamela0023789,226,1183,1481,143,60
1344,905,1074,Shamela0023789,227,1,240,137,69
1344,691,1028,Shamela0003118,934,965,1451,208,52
1344,702,1028,Shamela0036515,136,120,440,173,58
1344,697,1028,JK000916,2249,501,983,208,53
1344,1,256,Hindawi026859690,32,1085,1341,194,93
1345,1,178,Sham19Y0095660,34,1358,1535,143,100
1345,178,402,Sham19Y0095660,35,1,225,181,100
1346,1124,1287,Shamela0007853,390,1397,1543,99,73
1346,1120,1287,Shamela0023790,138,825,971,111,85
1346,1129,1287,JK009325,483,580,769,102,67
1347,205,370,Shamela0001349,353,354,905,91,18
1347,205,370,Shamela0023790,102,1005,1249,91,46
1347,284,711,Hindawi092028080,119,878,1221,109,25
1348,951,1122,Shamela0001002,1163,261,823,115,25
1349,62,189,JK006919,661,198,347,91,78
1349,54,192,Sham19Y0147597,920,522,662,104,95
1349,81,189,JK010561,535,895,1002,77,92
1349,81,189,JK010552,235,1350,1457,80,95
1349,81,192,Rafed0003228Vols,465,574,685,83,96
1349,81,189,Shamela0009773,1800,900,1008,81,96
1349,62,189,Sham19Y0023644,2943,833,982,88,76
1349,37,189,Shamela0006911,41,835,987,97,83
1349,81,189,Hindawi069204269,4,1167,1274,82,97
1349,81,189,Shamela0012398,115,343,451,85,100
1349,81,189,Hindawi014035374,53,965,1072,82,97
1349,81,197,JK010372,83,1232,1347,81,89
1349,81,189,JK000927,1824,703,810,79,94
1349,81,189,JK000919BK1,12,157,264,82,97
1349,81,189,JK001016,27,1107,1215,85,100
1349,81,189,JK006908,21,337,444,83,98
1349,81,189,Kraken22021606121201,761,552,659,79,94
1349,81,189,Shia003994,20,1038,1146,83,98
1349,81,189,Shamela0001000,1065,377,485,85,100
1349,81,189,JK007558,57,722,830,84,99
1349,49,189,Sham19Y0148535,17,414,561,95,83
1349,81,189,Shamela0006617,1161,873,980,83,98
1349,81,189,JK009229,446,466,572,81,95
1349,81,189,Shamela0023789,1108,187,294,81,96
1349,81,189,Shamela0004445,4428,521,629,82,97
1349,81,189,Shamela0003118,5461,183,290,79,94
1349,81,189,Hindawi050704646,87,762,869,82,97
1349,81,189,Hindawi074268029,49,1110,1217,82,97
1349,81,189,Shamela0010283,4640,1119,1226,78,93
1349,62,192,Shia003675Vols,1026,999,1158,96,77
1349,81,189,Hindawi017160604,505,222,329,82,97
1350,419,681,ShamAY0001760,78,405,629,146,65
1351,1076,1264,ShamAY0001760,87,531,711,144,95
1351,1264,1417,ShamAY0001760,88,7,158,122,98
1353,401,598,Sham19Y0014197,291,887,1106,147,83
1353,401,598,Shamela0010013,611,859,1054,134,85
1353,401,598,Shamela0001002,1867,967,1198,148,76
1353,401,598,Kraken220413030809,39,809,1028,147,83
1353,408,598,ShamAY0034230,924,1,225,151,83
1354,1,158,ShamAY0001760,104,265,423,125,99
1355,955,1157,ShamAY0001760,79,1357,1548,142,88
1358,1066,1269,Shamela0004473,4838,355,678,157,60
1358,950,1238,Hindawi029620591,106,93,501,180,50
1358,1062,1257,Hindawi083096496,108,721,915,149,92
1358,988,1257,Shamela0009783BK1,1435,712,1139,190,55
1358,988,1182,Sham19Y0145435,1828,1207,1481,132,59
1358,982,1257,Shamela0010283,4084,911,1303,194,59
1358,988,1227,Sham19Y0021575,28,1235,1632,166,51
1358,1066,1257,Shamela0009770,1123,1,394,151,47
1361,719,954,Sham19Y0029560,670,925,1143,175,91
1361,727,954,JK003609,1732,989,1186,154,83
1361,719,1019,Shamela0001000,41,224,553,205,76
1361,719,954,Sham19Y0036072,63,659,899,185,92
1370,873,1142,Shamela0004473,11250,1274,1579,200,80
1372,694,871,Hindawi052718095,136,636,814,141,95
1372,694,1123,Shamela0021715,11016,882,1270,238,61
1372,694,1024,Shamela0021715,11018,614,1225,204,40
1372,694,856,JK009152,1564,770,903,107,80
1372,694,1114,Sham19Y0018176,2551,198,569,229,61
1372,694,871,Sham19Y0127656,826,880,1055,143,98
1372,694,1114,Sham19Y0018106,4188,883,1254,229,61
1372,694,1123,Sham19Y0018103,4182,648,1036,238,61
1372,694,1024,Sham19Y0013252,10479,1116,1458,195,65
1372,694,1114,JK009324,3677,1139,1510,229,61
1372,676,906,Hindawi025273163,168,306,534,158,79
1372,694,871,Sham19Y0020638,1534,284,461,145,100
1372,694,942,Sham19Y0013605,5003,280,489,160,79
1372,694,852,JK000110,1920,1378,1536,130,100
1372,694,1123,Sham19Y0016584,4763,799,1187,238,61
1372,694,1114,JK000967,520,883,1248,223,60
1372,694,871,Shamela0037837,703,936,1113,145,100
1372,694,852,Shamela0005756,15257,249,388,115,87
1376,958,1482,ShamAY0035562,51,1053,1569,364,77
1381,176,1355,Sham19Y0095660,196,426,1646,965,96
1381,1355,1662,Sham19Y0095660,197,1,308,251,100
1382,1,1276,Sham19Y0095660,197,308,1584,1028,99
1382,1276,1570,Sham19Y0095660,198,1,295,237,100
1383,1071,1257,Shamela0012062,226,154,377,133,74
1383,1071,1257,JK008001,1424,199,410,133,78
1383,1085,1257,Sham19Y0013252,5407,255,437,129,87
1383,1071,1257,JK009324,1751,1317,1502,124,80
1383,1071,1265,Sham19Y0127677,3132,799,1017,135,78
1383,1071,1257,JK007111,1547,729,945,136,78
1383,1071,1257,Shamela0012399,2106,1282,1490,140,83
1383,1085,1257,JK009137,2742,134,311,125,87
1383,1071,1257,JK009336,515,378,585,140,83
1383,1071,1265,JK009390,4469,75,309,135,72
1383,1,1225,Sham19Y0095660,198,295,1515,976,99
1383,1225,1535,Sham19Y0095660,199,1,311,254,100
1383,1085,1257,Shamela0036446,738,1206,1369,124,91
1383,1071,1230,JK001503,1712,1334,1515,119,81
1383,1071,1257,Shamela0028107,425,253,460,139,83
1383,1071,1262,Shamela0001438,4768,1034,1250,134,77
1383,1071,1257,Sham19Y0006684,1625,956,1176,139,78
1383,1085,1257,Shamela0001717,968,945,1115,126,92
1383,1071,1257,ShamAY0032443,813,175,366,132,84
1383,1071,1262,Shamela0030760,8,402,619,123,69
1384,1142,1367,ShamAY0035884,1655,644,953,170,69
1384,1142,1367,JK008001,1923,10,313,173,72
1384,1209,1367,Shamela0006947,2602,57,215,124,100
1384,1142,1311,Sham19Y0127677,3252,1150,1403,128,64
1384,1142,1367,JK009390,4146,443,690,128,53
1384,1,1303,Sham19Y0095660,199,311,1609,1054,99
1384,1303,1584,Sham19Y0095660,200,1,181,146,64
1384,1142,1367,Shamela0001438,5191,705,1008,173,72
1384,1044,1428,Hindawi038307359,88,135,537,203,54
1384,1142,1367,Hindawi063739739,144,912,1214,172,72
1385,817,1338,Shamela0000894,2556,626,1156,411,96
1385,933,1258,JK001412,401,1193,1503,201,73
1385,1,1410,Sham19Y0095660,200,181,1591,1143,99
1385,1410,1596,Sham19Y0095660,201,1,187,152,100
1385,928,1262,Hindawi018385936,35,558,778,153,56
1385,817,1338,Shamela0002215BK1,423,990,1520,411,96
1386,1,1463,Sham19Y0095660,201,187,1649,1196,100
1386,1463,1655,Sham19Y0095660,202,1,193,158,100
1386,993,1269,Shamela0008473,3658,896,1371,217,56
1391,1,112,Shamela0006744,455,439,556,88,94
1393,1270,1434,Shamela0021715,9246,687,837,120,91
1393,972,1096,JK010561,568,78,182,75,79
1393,1270,1434,Shamela0001524,2226,1096,1276,131,91
1393,821,1092,Shia002185Vols,3623,400,770,165,54
1393,1267,1434,Sham19Y0018106,3659,53,206,122,91
1393,1270,1434,Sham19Y0018103,3606,102,252,120,91
1393,1270,1434,Sham19Y0013252,8886,690,840,120,91
1393,817,1096,Shamela0023790,511,764,1151,181,59
1393,1267,1434,Sham19Y0013605,4312,933,1086,122,91
1393,972,1092,Shamela0001000,276,283,402,84,88
1393,1267,1434,JK000110,1611,331,483,120,90
1393,972,1092,Sham19Y0036072,99,135,255,93,100
1393,972,1092,Sham19Y0014786,147,96,218,92,96
1393,1270,1434,Sham19Y0016584,4042,261,411,120,91
1393,1267,1434,Shamela0005756,13786,437,591,122,91
1394,1,103,Shamela0021715,9246,858,963,79,97
1394,1,138,Shamela0001524,2226,1297,1448,91,79
1394,1,119,Sham19Y0018176,2195,120,240,83,90
1394,1,103,JK009141,855,485,590,79,97
1394,1,103,Sham19Y0018106,3659,227,332,79,97
1394,1,103,Shamela0096239,280,692,788,65,76
1394,1,103,Sham19Y0018103,3606,273,378,79,97
1394,1,103,Sham19Y0013252,8886,861,966,79,97
1394,1,138,Shamela0009091,23,585,752,86,62
1394,1,103,JK000917,1518,143,242,71,85
1394,1,92,Sham19Y0013605,4312,1107,1201,70,96
1394,1,119,JK000110,1611,504,624,83,90
1394,1,103,Shamela0000700,44,1291,1387,65,76
1394,1,103,JK000139,65,45,141,65,76
1394,1,103,Sham19Y0016584,4043,19,124,79,97
1394,1,103,Shamela0005756,13786,612,717,79,97
1394,1,149,Masaha003032,81,806,927,74,61
1396,717,918,Shia001432Vols,23461,1251,1429,121,76
1396,1283,1481,Shamela0001002,793,4,428,125,36
1396,691,843,Sham19Y0038171,1700,1205,1366,110,85
1396,691,918,JK000001,1784,470,829,142,49
1397,1319,1520,Shamela0012398,646,1003,1263,150,70
1398,275,417,Hindawi068305130,500,672,817,112,95
1398,275,417,Rafed0002341Vols,148,937,1083,107,91
1398,275,420,Hindawi079072819,222,938,1086,113,94
1398,275,420,Sham19Y0000259,608,871,1020,109,92
1398,607,1109,Shamela0001002,1163,208,1083,332,47
1398,275,417,AOCP2023082102,69,646,793,108,91
1398,275,420,Sham19Y0029676,789,800,946,116,99
1398,275,417,Shamela0009783BK1,4128,662,807,112,95
1398,275,420,Shamela0012320,331,474,624,110,92
1398,275,417,Sham19Y0145435,4135,1046,1191,112,95
1398,275,417,Shamela0005880,25,211,359,109,90
1398,275,420,JK000911,2211,389,539,110,92
1398,275,417,Hindawi059250728,131,641,786,112,95
1398,275,417,Hindawi017160604,748,904,1049,112,95
1400,197,711,Shamela0021821,967,325,547,136,32
1400,191,437,JK010001,3019,1076,1479,191,56
1400,191,711,Shamela0004473,6223,780,1008,141,32
1400,197,729,Shamela0004473,9663,1405,1633,141,32
1400,191,711,Shamela0004473,10243,219,447,141,32
1400,197,711,Shamela0006947,3123,661,883,136,32
1400,191,415,JK000917,460,167,745,182,38
1400,191,421,Zaydiyya0000004,5,1283,1643,183,60
1400,191,711,Sham19Y0020891,5580,210,447,141,32
1400,178,729,Sham19Y0021575,152,26,285,152,33
1402,571,758,JK009391,96,1271,1465,136,87
1402,817,1359,Sham19Y0014328,186,141,629,336,77
1402,1031,1369,Sham19Y0001729,275,764,1130,256,87
1402,1031,1463,Sham19Y0147597,173,168,619,272,72
1402,1031,1363,Sham19Y0146127,1295,7,352,245,86
1402,1031,1363,Sham19Y0146127,2663,14,300,191,70
1402,496,795,Sham19Y0146127,3111,38,617,217,47
1402,1067,1273,Shamela0021715,558,1270,1486,157,92
1402,907,1063,Shamela0021715,3762,1370,1554,100,67
1402,907,1020,Shamela0021715,3763,321,506,84,59
1402,1044,1363,Shamela0021715,3997,43,350,233,91
1402,1031,1363,Shamela0021715,9110,1043,1377,260,98
1402,1020,1359,Shamela0021715,9111,14,565,255,59
1402,1031,1257,Shamela0012415,544,1188,1412,176,98
1402,1048,1369,Kraken230106005528,425,488,839,222,79
1402,811,1343,Shamela0001341,43,939,1420,282,66
1402,1053,1262,ShamIbadiyya0000050,5304,1292,1495,143,79
1402,907,1020,ShamAY0038083,69,835,945,83,94
1402,1031,1363,ShamAY0038083,83,740,1083,258,95
1402,1039,1363,ShamAY0038083,117,1,327,242,90
1402,1031,1292,Kraken22021606123201,324,962,1193,176,85
1402,1048,1363,JK009152,262,116,443,228,87
1402,907,1067,Sham19Y0018176,896,729,918,103,68
1402,1044,1225,Sham19Y0018176,943,1375,1550,138,96
1402,1031,1363,Sham19Y0018176,2164,260,598,260,97
1402,1031,1363,JK009141,797,11,329,237,86
1402,912,1073,Sham19Y0127656,268,588,753,108,83
1402,1031,1363,Sham19Y0127656,273,417,785,214,65
1402,907,1363,Sham19Y0127656,282,669,1094,272,69
1402,571,795,Sham19Y0020881,123,766,1010,174,91
1402,571,795,Sham19Y0020881,461,994,1238,174,91
1402,1031,1363,JK000011,73,1073,1400,252,95
1402,662,836,JK001236,115,989,1314,106,39
1402,916,1359,ShamAY0033177,484,38,455,219,57
1402,907,1020,Sham19Y0018106,1645,1406,1515,84,96
1402,1044,1369,Sham19Y0018106,1738,892,1204,237,91
1402,1031,1369,Sham19Y0018106,3608,1092,1435,264,97
1402,1031,1363,Sham19Y0020944,549,873,1214,256,93
1402,1067,1363,JK008001,5904,497,799,218,87
1402,582,795,Shamela0002331,170,520,735,165,97
1402,1067,1363,Shamela0004473,569,1293,1603,229,92
1402,1034,1363,Shamela0004473,1776,1139,1445,235,90
1402,1044,1363,Shamela0004473,2447,1175,1505,246,93
1402,1031,1363,Shamela0004473,3937,843,1179,248,90
1402,486,795,Shamela0004473,3940,975,1363,187,60
1402,73,323,Shamela0004473,3941,849,1103,157,68
1402,1020,1319,Shamela0004473,10355,1260,1571,223,89
1402,1024,1289,Sham19Y0023618,1532,1207,1480,190,85
1402,1034,1363,Shamela0009379,119,334,702,243,80
1402,907,1067,Sham19Y0122406,2306,46,280,105,57
1402,515,795,Sham19Y0122406,3014,777,1407,208,42
1402,1031,1267,Sham19Y0122406,3385,835,1084,185,94
1402,571,795,ShamAY0034005,521,50,256,160,91
1402,571,1063,Sham19Y0148271,1092,34,517,166,28
1402,1034,1363,Sham19Y0148271,1419,474,799,233,85
1402,1031,1363,Sham19Y0127713,1632,56,400,249,89
1402,907,1063,Sham19Y0018103,1652,375,561,99,66
1402,1044,1363,Sham19Y0018103,1728,1232,1539,233,91
1402,1031,1350,Sham19Y0018103,3551,1229,1550,250,98
1402,571,795,JK007065,553,251,476,174,99
1402,912,1063,JK007065,804,954,1154,107,70
1402,1031,1363,JK007065,977,703,1046,256,93
1402,1020,1292,Shamela0026884,483,79,361,203,89
1402,1044,1369,Sham19Y0013252,4277,548,860,237,91
1402,1175,1369,Sham19Y0013252,8774,1,196,150,97
1402,520,662,JK000137,1915,89,609,83,20
1402,486,795,Sham19Y0013572,601,707,1112,203,64
1402,1031,1363,Sham19Y0013572,1085,454,793,253,92
1402,486,795,Shamela0025794,1062,1039,1385,199,71
1402,571,1067,Shamela0025794,1170,34,580,232,44
1402,1034,1340,Shamela0025794,1622,1095,1410,222,84
1402,1058,1363,Shamela0025794,1899,1,311,232,93
1402,907,1063,Shamela0025794,2385,134,343,108,66
1402,1020,1292,JK000365,1428,831,1126,201,85
1402,486,946,Sham19Y0017616,309,518,935,226,57
1402,907,1363,Sham19Y0017616,360,575,1061,283,67
1402,486,935,Sham19Y0017729,391,381,894,226,47
1402,811,1363,Sham19Y0017729,429,825,1394,276,49
1402,1164,1363,JK000913,2848,4,216,147,86
1402,1020,1363,Sham19Y0016934,6916,893,1251,260,91
1402,1020,1292,ShamAY0037807,36,89,384,201,85
1402,1058,1363,Shamela0001875,1168,1,319,235,92
1402,1020,1363,JK000080,340,461,811,252,89
1402,582,795,JK000080,797,364,585,157,91
1402,907,1067,Shamela0001727,867,608,842,105,57
1402,496,795,Shamela0001727,1115,10,680,211,38
1402,808,1284,Shamela0001727,1267,1001,1445,241,60
1402,1031,1359,Sham19Y0123665,1785,762,1104,250,90
1402,1024,1398,ShamAY0034066,1264,552,936,253,81
1402,1039,1363,JK009324,3156,660,987,249,95
1402,1053,1363,JK000165,2899,1,329,238,90
1402,597,795,Sham19Y0023625,2561,1060,1191,92,57
1402,1031,1199,JK000021,1024,1271,1439,133,100
1402,535,1058,Sham19Y0035453,125,969,1453,235,50
1402,496,795,Sham19Y0132524,2004,544,913,201,66
1402,1031,1319,Sham19Y0132524,2218,1139,1438,225,95
1402,1020,1363,Shamela0012399,3697,188,542,255,90
1402,1067,1363,JK009274,430,431,690,185,73
1402,1031,1363,Shamela0010488,278,1065,1423,253,89
1402,1020,1363,JK009336,1004,498,853,258,91
1402,486,836,JK009336,3048,805,1312,228,54
1402,1048,1363,JK009390,1080,917,1200,193,71
1402,1031,1363,Shamela0009804,324,629,962,246,89
1402,496,935,Sham19Y0020638,906,802,1396,244,48
1402,1031,1363,Sham19Y0020638,1014,331,723,259,83
1402,571,795,Shamela0036446,1076,29,241,145,81
1402,811,1185,Shamela0036446,1106,1133,1538,147,41
1402,1185,1363,Shamela0036446,1107,1,192,131,85
1402,1020,1363,JK000484,2437,255,635,252,82
1402,1031,1363,JK000484,4922,33,349,192,65
1402,571,734,JK000484,5665,1218,1409,124,82
1402,496,795,JK001249,313,1283,1539,133,51
1402,520,795,Shamela0000432,5649,325,605,194,87
1402,916,1020,Shamela0000432,5838,1367,1471,80,100
1402,1031,1486,JK000585,3999,501,962,274,63
1402,907,1020,Sham19Y0013605,2187,1245,1354,84,96
1402,1044,1363,Sham19Y0013605,2272,561,868,233,91
1402,1031,1354,Sham19Y0013605,4247,631,960,253,97
1402,1044,1369,Sham19Y0018144,1349,722,1086,231,80
1402,486,795,Sham19Y0018144,1939,507,865,185,64
1402,1031,1398,JK001503,3547,21,420,263,78
1402,496,748,JK007070,361,1200,1468,134,64
1402,574,836,JK007070,613,330,604,181,83
1402,1031,1363,JK000142,565,998,1341,256,93
1402,916,1067,JK000110,559,1,184,98,70
1402,1044,1363,JK000110,596,804,1111,233,91
1402,1031,1221,JK000110,1584,1337,1527,150,100
1402,1221,1363,JK000110,1585,1,145,110,97
1402,571,780,Shamela0009107BK1,330,1208,1431,157,87
1402,907,1077,JK006897,219,422,699,114,53
1402,817,1233,JK006897,369,1038,1443,174,41
1402,907,1063,JK006897,382,323,513,102,69
1402,907,1053,Shamela0096283,191,92,237,94,83
1402,1031,1363,Shamela0028107,681,142,489,252,90
1402,1044,1363,ShamAY0034288,5,217,525,234,92
1402,571,795,Shamela0029677,1575,1144,1291,107,59
1402,1031,1350,Shamela0001453,197,1077,1414,249,93
1402,1031,1363,Shamela0021626,6,900,1172,202,75
1402,1024,1373,JK000251,583,1127,1466,233,80
1402,1020,1363,Tafsir01005,2393,1070,1383,222,79
1402,1150,1363,JK009315,55,1,225,160,89
1402,1031,1363,Shamela0021479,118,346,680,250,92
1402,1031,1369,Sham19Y0014462,149,1060,1407,253,90
1402,1031,1363,Sham19Y0131521,3454,1011,1354,256,93
1402,1039,1363,Shamela0012014,45,1,338,249,92
1402,582,935,Shamela0012014,346,547,891,190,66
1402,486,758,Shamela0003118,1513,1191,1503,162,64
1402,1067,1363,Shamela0001438,7999,556,895,220,79
1402,1020,1390,Shamela0021537,1188,315,694,261,85
1402,1020,1390,Shamela0021537,5201,255,635,261,85
1402,1044,1359,Shamela0006610,823,751,1077,242,92
1402,582,795,Shamela0008381,6330,1291,1504,167,100
1402,1031,1373,Sham19Y0006684,4167,92,435,251,89
1402,1082,1363,Sham19Y0016584,1901,727,1002,208,93
1402,1031,1363,Sham19Y0016584,3979,782,1116,260,98
1402,1031,1363,Kraken230110004547,184,200,520,237,86
1402,571,795,Kraken230110004547,582,633,825,134,74
1402,925,1063,Shamela0000767,2425,1,185,89,63
1402,1031,1330,Sham19Y0014601,3851,213,694,228,59
1402,1044,1354,ShamIbadiyya0000109,7226,1107,1443,237,89
1402,1034,1292,Shia002264,160,655,955,187,77
1402,1031,1363,Sham19Y0016684,1825,193,527,260,98
1402,571,795,Shamela0009642,187,1086,1270,143,82
1402,486,935,Sham19Y0017903,824,765,1277,225,47
1402,811,1233,Sham19Y0017903,910,1081,1503,196,50
1402,571,795,JK000485,1093,720,942,172,98
1402,916,1020,Tafsir07076,5508,1042,1146,80,100
1402,1034,1354,Sham19Y0014309,1164,1173,1505,243,90
1402,574,836,JK000429,153,1142,1412,178,78
1402,1145,1363,Shamela0021659,589,9,178,122,68
1402,916,1020,Shamela0037837,572,1,105,80,100
1402,1031,1363,Shamela0037837,578,696,1071,255,85
1402,883,1020,Shamela0005756,7668,993,1130,89,76
1402,1044,1363,Shamela0005756,7990,627,935,233,91
1402,1031,1363,Shamela0005756,13664,234,569,260,98
1402,1031,1363,Sham19Y0014592,2881,101,434,242,88
1402,1031,1221,Sham19Y0020591,928,1273,1464,150,99
1403,800,1062,Shamela0004473,3944,755,1013,185,83
1403,1078,1247,JK000001,516,255,417,117,86
1404,83,339,Shamela0004473,3943,843,1078,164,76
1404,1332,1521,Shamela0004473,3944,409,588,141,94
1404,83,278,JK000166,8098,1018,1370,140,47
1404,83,278,JK000201,3497,370,722,140,47
1404,83,278,Shamela0005756,13608,226,539,151,59
1405,797,1123,Kraken230106005528,426,735,1028,190,70
1405,785,1142,Shamela0000894,5355,1177,1515,234,81
1405,620,1123,Sham19Y0020944,576,173,637,273,60
1405,785,1123,Sham19Y0020944,1234,889,1239,246,85
1405,598,1026,Shamela0004473,3940,587,955,228,57
1405,590,1095,Shamela0004473,10356,1045,1439,205,43
1405,794,1123,Sham19Y0016976,1161,174,508,243,88
1405,867,1123,Sham19Y0014119,325,1,249,190,92
1405,620,1123,Sham19Y0017063,817,111,510,259,63
1405,620,1123,JK000471,1464,750,1194,272,66
1405,620,1123,Shamela0001875,1266,20,566,281,52
1405,794,1123,JK007054,1016,438,760,244,91
1405,815,1123,JK000080,797,702,1000,225,89
1405,991,1123,Sham19Y0145212,2237,1047,1209,97,75
1405,801,1123,Shamela0001442,483,1,323,236,87
1405,785,1026,Shamela0026568,607,596,811,148,74
1405,785,1123,JK009137,2621,937,1241,191,68
1405,797,1123,JK009336,1006,809,1160,252,89
1405,797,1123,Shamela0036446,1107,1134,1450,244,92
1405,815,1180,JK007070,613,883,1259,223,66
1405,794,1123,JK000142,590,120,441,244,91
1405,794,1123,JK000142,1144,14,335,244,91
1405,780,1123,Shamela0000140,2030,636,963,228,78
1405,620,1123,Sham19Y0131521,3601,374,889,272,52
1405,767,1123,Sham19Y0131521,6665,831,1193,254,85
1405,972,1123,Shamela0012014,348,1,151,117,98
1405,590,1123,Shamela0021537,1189,155,606,244,47
1405,590,1123,Shamela0021537,5202,128,585,237,46
1405,773,1123,JK007045,500,339,644,220,79
1405,848,1123,Sham19Y0014601,3977,775,1254,195,49
1405,794,1123,Sham19Y0014601,6137,562,883,245,92
1405,785,1123,Shia002264,385,715,1025,230,83
1405,794,1123,Shamela0029344,17,274,579,226,85
1405,797,1123,Sham19Y0014309,1167,106,426,232,85
1405,620,1117,JK000429,154,206,698,239,50
1405,785,1026,Shamela0023685,669,1153,1368,148,74
1405,870,1123,Sham19Y0122257,2113,292,536,188,92
1405,620,1110,Sham19Y0020591,971,925,1427,262,51
1405,767,1123,Sham19Y0020591,1890,987,1349,253,85
1406,1,515,Shamela0004473,3941,103,347,161,39
1406,1043,1292,Shamela0004473,3946,1011,1263,148,64
1408,614,826,Shamela0000894,5266,1,164,129,73
1408,1294,1465,Hindawi068305130,207,1198,1381,140,92
1408,675,1472,JK001412,449,945,1626,431,60
1408,680,935,Shamela0012320,155,1135,1391,208,99
1408,942,1476,Shamela0012320,156,31,655,424,82
1408,942,1182,ShamAY0001760,188,1393,1622,124,51
1408,1182,1501,ShamAY0001760,189,1,337,248,89
1408,1294,1465,Hindawi051620274,18,1488,1671,140,92
1408,680,935,Hindawi063836061,21,370,627,197,92
1408,680,1448,Hindawi092914940,224,107,1632,533,43
1411,867,1063,JK000166,8049,898,1081,133,81
1411,867,1108,Shamela0002569,121,1045,1286,135,57
1416,410,545,Shamela0031215,137,701,847,101,87
1416,410,545,Shamela0006730,45,1118,1267,104,89
1427,925,1090,Shamela0010906,3681,661,806,97,74
1428,1336,1486,JK009343,12,1436,1578,111,92
1428,1336,1486,Shamela0001002,1045,132,274,111,92
1428,1336,1481,Shamela0001038,230,109,247,111,95
1428,1336,1486,Shamela0001038,329,259,401,111,92
1432,732,1220,Shamela0001002,793,750,1450,291,49
1433,1189,1554,Kraken220413194140,536,461,665,134,45
1433,1225,1554,Sham19Y0029560,357,605,913,196,66
1433,1128,1554,Sham19Y0017437,1514,154,645,297,72
1433,1135,1554,Shamela0012398,119,100,426,198,54
1433,1135,1554,Shamela0009091,193,1,472,279,68
1433,1128,1554,ShamAY0033833,106,1052,1510,254,61
1433,1405,1554,ShamAY0002038,212,906,1068,101,77
1433,234,556,Masaha004661,71,467,741,159,56
1433,1128,1395,Shamela0001000,360,1112,1472,200,69
1433,1401,1554,Shamela0001000,361,6,134,98,83
1433,1128,1554,JK010344,785,871,1397,265,58
1433,1401,1554,Shamela0023789,38,943,1109,103,77
1433,1128,1554,ShamAY0035792,11,812,1292,285,69
1433,1401,1554,Hindawi026859690,32,905,1070,103,77
1433,1128,1554,Shamela0011790,648,1,423,250,62
1437,646,865,Sham19Y0014827,163,1251,1493,131,64
1437,867,1069,Sham19Y0014827,164,1,240,147,77
1437,646,1046,Sham19Y0014827,343,690,1149,272,72
1437,646,1046,Sham19Y0014827,519,663,1122,272,72
1437,617,1046,Sham19Y0018103,235,9,587,285,62
1437,733,1046,Sham19Y0018103,501,82,471,244,78
1437,617,1069,Sham19Y0018103,1004,656,1270,304,62
1437,733,1046,Sham19Y0018103,1266,102,491,244,78
1437,617,1046,Sham19Y0018103,1518,807,1385,285,62
1437,617,1069,Sham19Y0018103,1755,756,1368,304,62
1437,759,1046,Sham19Y0018103,2014,1,364,222,77
1437,617,1046,Sham19Y0018103,2270,717,1295,285,62
1437,617,970,Sham19Y0018103,2528,1059,1529,226,61
1437,635,1046,Sham19Y0018103,2796,1,564,277,62
1437,617,1046,Sham19Y0018103,3053,217,799,285,62
1437,617,1046,Sham19Y0018103,3295,451,1033,285,62
1437,733,1046,Sham19Y0018103,3531,80,469,244,78
1437,617,1046,Sham19Y0018103,3778,625,1207,285,62
1437,617,1069,Sham19Y0018103,4042,760,1376,304,62
1437,733,1046,Sham19Y0014592,224,79,428,248,88
1437,617,1046,Sham19Y0014592,478,219,759,303,68
1437,733,1046,Sham19Y0014592,752,1,350,248,88
1437,775,1046,Sham19Y0014592,1026,1,308,214,87
1437,655,1069,Sham19Y0014592,1310,5,538,284,65
1437,617,865,Sham19Y0014592,1575,1272,1595,161,59
1437,867,1050,Sham19Y0014592,1576,1,220,141,81
1437,617,1046,Sham19Y0014592,1840,1022,1562,301,68
1437,617,1046,Sham19Y0014592,2110,235,775,301,68
1437,617,949,Sham19Y0014592,2359,1127,1534,226,67
1437,617,1046,Sham19Y0014592,2607,334,878,301,67
1437,617,1046,Sham19Y0014592,2856,482,1026,302,68
1443,320,529,Sham19Y0016976,1501,169,554,131,41
1443,338,529,Zaydiyya0000059,1385,1030,1257,152,82
1445,172,524,Noorlib0007682,182,4,379,253,82
1446,692,815,Shamela0007798,7680,1194,1317,102,100
1446,688,815,Shamela0000432,4464,514,649,104,93
1447,1235,1510,Zaydiyya0000037Vols,506,47,335,212,90
1447,1308,1510,Sham19Y0001729,180,1,236,147,77
1447,1232,1400,JK000786,524,1068,1228,123,92
1447,1232,1510,JK000022,3588,823,1139,203,77
1447,1298,1400,Shamela0023695,702,464,559,72,90
1447,1232,1510,JK009141,24,723,1016,213,89
1447,1252,1400,JK007128,660,471,728,86,39
1447,1016,1423,JK000298,4791,661,1031,158,36
1447,1232,1510,Shamela0030327,204,1032,1317,178,72
1447,1232,1510,Sham19Y0017442,183,45,337,213,90
1447,1232,1356,Sham19Y0122406,154,540,682,98,87
1447,1232,1400,Shamela0030240,17,56,236,124,85
1447,1298,1451,JK000137,249,843,1009,114,83
1447,1232,1561,Shamela0025794,2040,16,373,186,62
1447,1232,1510,Shamela0025794,2050,542,859,216,85
1447,1232,1510,Sham19Y0017616,12,603,894,214,90
1447,1232,1400,JK000609,3,328,508,124,85
1447,1232,1510,Shamela0026668,371,529,910,166,51
1447,1232,1510,Shamela0001727,50,1003,1312,213,85
1447,1232,1510,JK010370,96,764,1054,164,66
1447,1225,1446,Shamela0011244,56,757,990,164,86
1447,1235,1510,Sham19Y0036110,45,845,1155,211,83
1447,1235,1400,ShamAY0038406,81,510,658,111,84
1447,1235,1400,JK000166,1550,28,187,123,94
1447,1248,1420,Sham19Y0133377,33,1004,1170,118,82
1447,1208,1472,Sham19Y0035453,6,1254,1515,181,77
1447,1235,1510,JK009336,135,763,1046,208,88
1447,1232,1510,JK000977,88,47,334,211,88
1447,1232,1510,Sham19Y0020638,29,61,352,213,90
1447,1232,1510,JK000585,1938,93,384,212,88
1447,1232,1523,Sham19Y0018144,43,357,682,173,65
1447,1252,1400,Shamela0009059BK3,2090,38,180,110,93
1447,1248,1415,JK000216,439,625,786,125,94
1447,1232,1510,Shamela0004445,4019,877,1167,178,71
1447,1232,1451,Sham19Y0008889,345,344,565,157,83
1447,1232,1510,JK000916,22613,120,402,173,69
1447,1225,1510,Sham19Y0014309,122,582,884,216,89
1447,1232,1510,JK000606,6,899,1184,178,72
1447,1232,1400,ShamAY0035035,1678,6,419,115,35
1447,1235,1400,JK000071,443,175,326,116,89
1447,1252,1566,JK000552,17,363,885,115,21
1447,1235,1400,Shamela0005756,4024,1080,1239,123,94
1447,1232,1510,Shamela0009074,1,471,781,186,72
1448,187,365,Sham19Y0146127,921,418,597,139,97
1448,1038,1244,Shamela0012062,220,643,910,130,62
1448,193,372,JK007128,403,1140,1320,139,96
1448,196,372,JK009231,1610,800,968,136,95
1448,5,519,Sham19Y0017745,153,729,1039,118,25
1448,196,403,Sham19Y0014827,622,572,799,142,78
1448,193,365,ShamAY0034005,307,292,461,136,98
1448,193,365,JK009256BK1,2531,1131,1304,133,96
1448,168,372,Sham19Y0127700,123,516,719,147,85
1448,196,365,JK001492,996,983,1148,132,96
1448,196,365,Shamela0010463,736,683,844,130,95
1448,203,372,Shamela0001727,443,1,168,132,95
1448,179,304,Sham19Y0145212,1119,837,959,89,87
1448,193,365,Sham19Y0013253,129,1219,1384,132,95
1448,187,372,JK009176,26,151,333,137,92
1448,196,365,JK009137,1192,433,602,136,100
1448,196,372,JK009336,1448,573,759,140,91
1448,187,372,Shamela0021577,13,736,914,130,88
1448,179,365,Sham19Y0020638,348,746,921,140,93
1448,187,365,JK000484,1764,369,545,132,92
1448,193,365,Shamela0023628,3429,1012,1194,133,89
1448,187,365,Tafsir01005,5784,67,246,140,95
1448,193,365,Sham19Y0131521,1498,740,905,132,95
1448,179,365,Shamela0003118,3947,676,863,134,90
1448,196,365,JK007107,238,581,748,134,97
1448,196,372,Sham19Y0016584,926,206,371,128,90
1448,179,365,JK007045,209,1074,1252,142,95
1448,193,365,Shamela0021809,2258,1250,1422,135,97
1448,187,365,Sham19Y0131336,773,315,491,132,92
1448,187,365,JK000916,13190,231,409,134,93
1448,193,309,Shamela0012884,5012,1384,1500,92,100
1448,223,365,Sham19Y0122257,890,1,143,115,100
1454,1349,1668,JK006950,92,353,787,255,71
1454,1349,1668,JK000381,5785,429,863,255,71
1455,13,226,JK006950,93,153,366,175,99
1455,13,226,JK000381,5786,258,471,175,99
1457,775,942,Shamela0026484,236,456,671,115,66
1457,780,942,Sham19Y0013252,535,1234,1397,128,98
1457,775,942,Shamela0008362BK1,628,473,702,115,62
1457,775,942,Shamela0023833,751,70,301,122,64
1457,775,942,Shamela0004445,1957,924,1154,122,64
1457,687,931,Sham19Y0013667,4073,335,824,126,32
1457,775,942,Masaha002028Vols,1489,618,849,122,64
1457,780,942,Shamela0005756,1041,426,588,128,99
1459,893,1160,Shia001544Vols,1866,744,1060,197,74
1459,1187,1420,Shamela0004473,16281,1,227,168,91
1459,885,1160,JK006478,2524,166,471,207,78
1459,877,1169,JK009268,1221,135,480,221,78
1459,1190,1439,Rafed0002654Vols,10006,351,632,139,56
1459,1166,1431,JK000279,280,366,631,197,92
1459,890,1160,Shamela0022721,374,720,1004,188,72
1459,1166,1420,Sham19Y0095660,171,287,522,154,77
1459,1166,1420,Shamela0023789,25,958,1206,144,68
1459,1166,1420,Shamela0023789,1131,1116,1367,172,83
1460,754,972,Kraken220413030927,46,1320,1466,72,32
1461,1254,1380,JK000791,2024,537,664,102,99
1461,1254,1380,Rafed0003257Vols,4576,1421,1548,102,99
1461,1254,1380,Sham19Y0023608,3417,692,819,102,99
1461,1254,1380,Sham19Y0023608,3419,639,956,102,39
1461,1230,1385,Shamela0007798,8014,1288,1431,111,88
1461,1261,1385,Shamela0007798,8015,446,775,100,37
1461,1254,1380,Sham19Y0014404,1299,145,550,102,31
1461,1234,1380,JK000116,86,307,463,104,83
1461,1254,1380,Meshkat00057178,3202,608,734,102,100
1461,1254,1380,Shamela0021821,1617,1262,1389,102,99
1461,1234,1380,Meshkat0014420,4027,1064,1196,107,90
1461,1254,1380,Meshkat0014420,4028,799,1103,98,40
1461,1234,1380,Shamela0004473,15623,218,374,104,83
1461,1254,1373,JK000818,540,441,586,96,82
1461,1254,1380,Shamela0010273,2802,1376,1503,102,99
1461,1254,1380,JK000465,3505,1,479,102,26
1461,1254,1380,Rafed0001713Vols,2306,212,339,102,99
1461,1254,1380,JK009268,4019,527,654,102,99
1461,1223,1380,Shamela0022593,2265,584,997,106,32
1461,1254,1380,Sham19Y0011326,9,84,211,102,99
1461,1254,1380,Shamela0023632,3097,406,533,102,99
1461,1240,1380,Tafsir02094,3417,486,981,108,27
1461,1254,1385,Tafsir09083,1346,1257,1387,105,99
1461,1254,1380,JK000381,2298,38,165,102,99
1461,1254,1385,JK001496,2011,1069,1201,106,99
1461,1254,1380,JK009266,7852,275,400,101,99
1461,1223,1380,Shamela0012769,7,420,581,110,84
1461,1254,1380,Sham19Y0016953Vols,1101,857,984,102,99
1461,1254,1380,Shamela0029743,948,693,820,102,99
1461,1254,1380,Tafsir05047,787,567,847,102,45
1461,1254,1380,JK009270,4418,43,168,101,99
1461,1261,1380,JK009237,3979,1297,1416,96,100
1461,1234,1380,PV20230913,11,884,1040,104,83
1461,1254,1380,JK007018,653,133,260,102,99
1461,1254,1380,QuranAnalysis001,204,1077,1204,102,99
1461,1250,1380,Shamela0010523,251,507,638,102,93
1461,1254,1380,JK009362,7036,666,793,102,99
1461,1254,1380,Shamela0023591,5995,1407,1534,102,99
1461,1254,1380,Rafed0003943Vols,1370,832,959,102,99
1461,1254,1380,Shia002380Vols,686,958,1184,102,55
1461,1254,1380,Shamela0023578,2748,846,973,102,99
1461,1254,1380,Shamela0023578,2749,746,873,102,99
1461,1254,1380,Sham19Y0020891,5551,946,1073,102,99
1461,1254,1380,JK009396,1365,176,303,102,99
1461,1254,1373,JK006476,1530,1403,1523,96,99
1461,1234,1380,Shamela0009918,970,172,322,105,86
1461,1254,1380,ShamAY0034059,5789,270,397,102,99
1461,1254,1380,Shamela0010283,2469,367,494,102,99
1461,1230,1380,ShamIbadiyya0000075,795,763,1102,105,38
1461,1254,1380,Shamela0008473,4181,397,524,102,99
1461,1254,1380,Sham19Y0014592,794,539,665,102,100
1465,173,531,Shamela0003283,521,1040,1445,118,28
1465,531,704,ShamAY0035131,39,1185,1366,129,87
1465,123,531,ShamAY0035792,123,25,466,161,45
1465,344,531,Shamela0006739,1721,628,798,106,66
1466,1,283,Hindawi073920283,22,561,862,211,86
1466,1,268,Hindawi092963020,784,1315,1582,150,58
1466,1,268,ShamAY0002038,343,498,827,154,55
1466,1,280,Shamela0027084,171,648,1015,186,62
1466,1,268,ShamAY0035792,120,1134,1485,163,54
1466,48,283,ShamAY0035792,124,1,287,173,72
1466,1,275,Shamela0006739,1696,1214,1530,208,80
1467,788,1298,JK000279,469,956,1494,396,91
1467,1298,1468,JK000279,470,1,166,126,92
1467,848,1468,Shamela0001002,1886,919,1402,308,60
1467,1025,1468,Shamela0031215,887,1,451,322,87
1467,935,1429,Shamela0006549,76,1,716,302,50
1470,1,1261,ShamAY0035131,40,70,987,749,72
1471,8,761,ShamAY0035131,40,1000,1636,497,78
1473,613,1357,Sham19Y0026523,5188,982,1673,386,60
1473,1394,1601,Sham19Y0026523,5189,92,316,144,80
1478,451,615,JK007580,224,1344,1508,132,100
1478,451,777,Rafed0002341Vols,1406,889,1272,261,84
1478,451,777,Hindawi042414252,46,805,1188,259,84
1480,467,602,Sham19Y0009800,966,1129,1262,102,94
1480,439,570,JK000159,1897,1302,1482,97,68
1480,459,602,Rafed0000185Vols,753,1175,1333,110,88
1480,439,602,JK000089,41,1139,1355,120,70
1480,470,602,Shamela0009701,2,36,173,103,95
1480,439,602,JK000105,1003,283,477,118,75
1480,439,602,ShamAY0037152,386,1145,1312,114,86
1480,439,602,ShamAY0037152,990,908,1081,116,86
1480,439,602,Sham19Y0007233,162,1295,1470,123,85
1480,439,602,Masaha002028Vols,1327,1213,1398,116,80
1480,439,602,Shamela0023653,627,240,437,122,79
1480,625,779,Shamela0009770,627,76,236,122,93
1480,439,602,Shamela0009770,629,235,405,115,87
1482,931,1212,Noorlib0007682,120,1156,1435,203,91
1488,1381,1532,JK010561,930,1267,1429,111,82
1488,1381,1532,Shamela0007853,642,1132,1294,111,82
1488,1381,1532,Shia002185Vols,4131,1041,1186,111,91
1488,1234,1532,Sham19Y0023644,3924,1,235,161,66
1488,1290,1532,Sham19Y0000259,398,689,939,183,88
1488,1199,1532,Shamela0005675,22,359,696,160,53
1488,1317,1532,JK009325,125,869,1058,147,84
1488,1199,1532,JK007082,491,937,1283,174,56
1488,1381,1532,JK009288,368,904,1067,106,78
1488,1199,1532,JK009230,567,513,864,263,94
1488,1199,1532,Shamela0005433,27,722,1099,243,77
1488,1199,1543,ShamAY0033560,5,868,1228,172,54
1488,1199,1532,Shamela0023789,39,636,1019,198,58
1488,1199,1532,Shamela0006944,197,781,1170,252,81
1488,1342,1532,Shamela0010283,1206,1,193,149,96
1488,1264,1532,Shamela0001585,42,542,828,151,63
1494,1162,1453,Shamela0003055,4459,17,304,176,72
1496,458,899,Shamela0000894,7901,578,1018,365,98
1501,139,558,Shamela0006723BK1,172,245,1022,279,43
1501,247,558,JK000998,298,33,356,190,63
1501,324,558,ShamAY0032275,324,1,195,135,68
1501,150,558,Shamela0012398,2541,552,1158,237,45
1501,263,558,Shamela0010912,285,389,697,188,66
1501,150,558,Sham19Y0095660,141,834,1277,307,82
1501,139,555,Hindawi074797079,168,966,1514,275,61
1504,955,1176,Hindawi073920283,22,540,851,163,66
1504,1181,1397,JK000298,1373,675,898,146,78
1504,920,1169,Hindawi092963020,784,1267,1582,168,63
1504,308,824,Sham19Y0029560,404,1036,1486,322,79
1504,460,811,Shamela0012398,164,1,263,202,72
1504,308,824,Shamela0009091,233,530,1026,373,90
1504,397,814,Shamela0010013,215,701,1102,311,94
1504,388,604,Hindawi015792571,24,461,670,121,66
1504,1254,1406,JK000166,10278,1,174,112,80
1504,1194,1406,Sham19Y0095660,716,38,360,147,54
1504,388,811,JK009325,625,732,1418,223,40
1504,397,824,ShamAY0002038,209,385,952,300,66
1504,920,1125,ShamAY0002038,343,433,633,113,64
1504,308,563,ShamAY0002038,422,1179,1484,152,57
1504,308,824,Shamela0001000,649,212,745,389,91
1504,594,824,JK001336,142,10,234,130,70
1504,955,1125,Shamela0027084,171,627,819,128,82
1504,1235,1406,Shamela0023789,40,78,500,96,27
1504,1181,1406,Shamela0037325,438,600,839,166,84
1504,388,811,ShamIbadiyya0000109,7528,186,664,255,64
1504,920,1125,ShamAY0035792,120,1069,1298,123,61
1504,920,1176,Shamela0006739,1696,1166,1530,175,57
1504,397,824,Shamela0001585,57,818,1343,250,60
1505,360,537,Shamela0001002,378,618,804,112,64
1505,298,537,Sham19Y0095660,2,1,258,142,62
1505,360,537,Sham19Y0095660,60,46,211,111,71
1507,1202,1405,JK000927,2715,918,1122,158,97
1507,1004,1405,Kraken22021606121201,1096,584,1383,169,23
1509,1236,1559,Hindawi013957902,84,35,259,142,56
1509,1236,1559,Shamela0011782,496,247,779,210,48
1509,1236,1479,Shamela0001002,265,1144,1503,158,51
1509,1236,1559,Sham19Y0095660,170,374,664,135,47
1521,1261,1585,Masaha001961Vols,1095,396,714,244,92
1521,778,1234,Masaha001961Vols,1097,1101,1506,246,61
1521,964,1256,Sham19Y0122173,562,1138,1434,220,92
1521,788,1256,Sham19Y0014328,112,93,562,248,51
1521,964,1256,Shamela0009789,311,890,1175,222,95
1521,1033,1310,Shamela0021715,6700,1,275,193,88
1521,1261,1585,Sham19Y0127656,10,823,1164,260,94
1521,778,1256,JK000159,1894,240,703,263,54
1521,987,1256,Sham19Y0145166,640,1131,1340,152,68
1521,778,1256,Sham19Y0023644,1204,108,422,195,47
1521,778,1256,Shamela0012935,278,1085,1478,198,43
1521,778,1256,ShamAY0034447,2041,774,1157,251,63
1521,955,1256,JK007044,4287,1123,1421,230,96
1521,778,1256,Shamela0010637,209,430,915,270,64
1521,955,1256,JK009247,147,257,598,239,87
1521,964,1256,Sham19Y0000760,731,1164,1465,223,91
1521,885,1211,Zaydiyya0000025,106,1365,1665,190,65
1521,973,1256,ShamAY0037387,401,1,222,173,75
1521,778,1249,JK000471,2014,1071,1471,259,65
1521,778,1256,Rafed0000185Vols,744,658,1154,278,66
1521,778,1256,JK000330,75,664,1050,257,67
1521,924,1261,JK001493,264,250,584,226,74
1521,964,1256,Shamela0012406,725,15,319,226,93
1521,752,1265,Shamela0037475,17,83,473,221,54
1521,938,1310,Shamela0037475,107,89,463,232,71
1521,778,1174,Shamela0009701,6,1206,1529,203,60
1521,942,1256,JK006910,89,960,1228,163,56
1521,980,1256,Shamela0010262,27,1,278,219,99
1521,980,1164,JK000467,1319,1,224,133,75
1521,950,1256,JK009325,1356,867,1086,149,62
1521,938,1379,Shamela0000432,4017,391,890,239,53
1521,950,1310,JK000105,1002,904,1351,279,78
1521,778,1256,Shamela0012320,1151,810,1095,177,43
1521,964,1261,ShamAY0035955,137,803,1100,233,98
1521,955,1256,Kraken22031816264700,81,61,386,234,90
1521,987,1230,JK001020,80,530,780,190,95
1521,964,1256,Shamela0004445,1901,19,332,223,88
1521,788,1256,Hindawi048242959,23,56,498,255,57
1521,1036,1249,Shia003636Vols,657,1,214,169,99
1521,942,1256,JK009313,5126,592,937,231,84
1521,950,1256,Sham19Y0007233,220,1193,1438,179,71
1521,938,1279,Shamela0009429,1938,501,784,183,60
1521,778,1279,Shamela0023653,625,999,1434,265,61
1521,778,1279,Shamela0009770,626,800,1217,271,65
1521,1058,1256,Shamela0023685,385,1,193,147,92
1521,987,1256,Shamela0005756,11153,355,609,202,93
1522,462,930,Sham19Y0009800,404,242,784,332,71
1522,462,986,Sham19Y0009800,966,396,916,382,86
1522,80,434,Sham19Y0009800,968,1,359,282,97
1522,462,986,Masaha001961Vols,1088,829,1398,374,78
1522,462,893,Shia001432Vols,6100,1039,1552,298,68
1522,462,1000,Shia001432Vols,6679,861,1262,252,56
1522,281,926,Sham19Y0014328,106,107,973,456,64
1522,439,885,Masaha004387Vols,126,963,1511,294,61
1522,439,782,JK000159,1896,964,1494,257,60
1522,782,961,JK000159,1897,1,175,127,88
1522,462,952,Sham19Y0145166,635,664,1158,334,76
1522,462,926,JK006838,352,921,1448,329,72
1522,439,836,Sham19Y0023644,1206,233,606,221,63
1522,478,1000,ShamAY0033659,13,1,544,322,65
1522,63,425,ShamAY0036107,4,1100,1486,290,93
1522,434,1000,Shamela0012935,283,496,1185,376,64
1522,425,952,Shamela0001515,282,590,1232,363,68
1522,455,952,JK009248,1956,911,1440,342,74
1522,503,976,ShamAY0034434,169,179,575,204,46
1522,439,952,JK009247,146,829,1356,378,86
1522,462,1000,ShamAY0033660,45,919,1492,356,70
1522,462,926,Zaydiyya0000025,108,432,963,341,75
1522,428,761,ShamAY0037387,402,1173,1483,199,64
1522,462,926,AOCP2023090638Vols,168,1112,1467,242,61
1522,439,934,Zaydiyya0000148,208,971,1464,371,90
1522,439,926,JK000471,2015,551,1043,366,87
1522,462,926,Sham19Y0036540,4716,337,865,350,81
1522,425,926,JK009191,28,510,902,254,59
1522,434,782,Rafed0000185Vols,752,1336,1669,246,88
1522,782,986,Rafed0000185Vols,753,1,185,120,67
1522,503,952,Shamela0026568,392,1,483,329,80
1522,462,1000,Shamela0012406,730,337,786,282,61
1522,462,926,Shamela0009783BK1,1004,608,1137,343,75
1522,493,926,Hindawi015814636,57,297,802,319,76
1522,462,926,JK000089,42,304,782,363,91
1522,434,1000,Shamela0009701,2,732,1360,408,80
1522,462,836,Shia003695Vols,45,1089,1453,267,83
1522,434,663,JK000105,1002,1293,1512,176,94
1522,663,926,JK000105,1003,1,267,212,98
1522,46,434,JK000105,1004,241,641,299,88
1522,455,952,JK000179,1655,179,706,342,75
1522,462,926,Shamela0012320,1150,719,1243,321,70
1522,434,815,ShamAY0035955,137,1196,1549,255,77
1522,439,976,Shamela0023700,79,901,1330,209,43
1522,439,926,JK001020,80,788,1201,309,77
1522,618,1000,Shamela0004445,1132,1,443,250,65
1522,462,1000,Shamela0023644,137,855,1453,360,69
1522,485,1000,Shamela0005816,147,213,695,279,62
1522,485,747,Shamela0009898,147,1257,1524,185,76
1522,462,1000,Sham19Y0145435,1551,191,776,362,71
1522,462,986,Shia003700,234,411,1035,339,64
1522,434,870,Shia003636Vols,654,1161,1577,322,91
1522,462,926,JK009313,893,439,964,320,69
1522,462,1000,JK009313,5130,666,1263,345,66
1522,434,926,ShamAY0037152,387,334,829,359,86
1522,601,934,ShamAY0037152,990,1,338,251,90
1522,462,976,Sham19Y0007233,161,1011,1527,332,73
1522,434,986,Shamela0009429,1997,905,1385,317,66
1522,451,926,Shamela0023653,627,868,1340,373,96
1522,434,926,Shamela0009770,629,880,1390,379,91
1522,462,952,Shamela0023685,386,1,524,362,82
1523,1236,1592,JK000159,1905,502,746,189,67
1523,1423,1586,Masaha001946Vols,950,1422,1565,113,85
1523,1242,1592,JK000330,79,540,861,244,87
1523,1232,1332,Hindawi070427368,86,1397,1492,72,95
1523,1332,1540,Hindawi070427368,87,1,140,108,65
1523,1232,1592,Sham19Y0007233,284,181,533,255,85
1523,1232,1592,Masaha002028Vols,1745,203,541,259,90
1523,1232,1592,Shamela0009770,633,1015,1348,256,89
1524,868,1122,JK000533,404,915,1186,160,71
1524,883,1122,JK007037,54,1155,1424,151,72
1524,906,1207,Masaha001946Vols,949,384,788,170,54
1524,868,1130,JK009247,216,1149,1379,158,75
1524,860,1130,Shamela0010895,182,723,977,178,82
1524,945,1130,Hindawi070427368,87,668,853,140,97
1524,860,1130,JK000333,214,855,1106,171,78
1524,916,1207,JK001303,467,709,1096,166,54
1524,953,1207,JK009270,1390,965,1270,150,63
1524,945,1130,AOCP2023090619,19,1,188,137,90
1524,957,1100,Shamela0000315,52,1132,1274,105,92
1524,860,1130,Shamela0023645,123,116,370,177,82
1524,860,1122,JK009313,4076,1166,1413,168,80
1524,945,1207,Sham19Y0007233,275,55,327,160,75
1524,945,1130,Masaha002028Vols,1746,60,245,140,97
1524,941,1207,Shamela0009770,637,206,487,168,76
1525,751,1044,Hindawi074257591,188,1091,1395,239,96
1525,1208,1423,JK001103,38,1078,1293,147,80
1525,701,920,Shamela0003283,73,1419,1639,154,83
1525,629,1044,Shamela0004473,12528,868,1212,249,73
1525,1135,1423,Shamela0006947,4386,621,918,214,88
1525,701,1044,Shamela0011404,63,198,554,249,84
1525,710,1044,Hindawi084859728,4,646,1015,251,82
1525,758,1034,Hindawi013538483,436,1314,1601,218,89
1525,701,1044,Shamela0011566,662,448,807,257,87
1525,701,960,Shamela0010283,4138,1386,1652,182,82
1525,701,1044,Hindawi029535929,66,412,771,256,87
1525,751,1044,Hindawi063739739,130,931,1232,234,93
1525,701,1044,Shamela0009770,981,1068,1415,244,83
1525,701,1044,JK001330,8,843,1191,250,85
1525,1208,1423,Shamela0001585,216,953,1221,159,75
1526,585,797,Sham19Y0014328,538,623,832,122,71
1526,581,770,Sham19Y0146127,1669,1188,1442,90,35
1526,581,797,Shamela0021715,5647,1275,1490,124,71
1526,581,756,Shamela0021715,5649,150,629,89,20
1526,581,797,JK009152,2442,221,437,124,71
1526,581,797,Sham19Y0018176,1324,975,1190,124,71
1526,581,797,JK009141,1339,246,460,130,71
1526,581,797,Sham19Y0127656,414,264,479,124,71
1526,581,797,JK006838,1215,1136,1380,127,63
1526,512,731,Hindawi068305130,388,982,1303,119,45
1526,581,797,Sham19Y0018106,2463,458,673,124,71
1526,517,731,ShamAY0035884,2071,337,626,107,44
1526,581,797,Shamela0000041,1807,299,514,125,72
1526,612,756,JK007044,6321,1341,1471,67,56
1526,581,797,Sham19Y0148271,1578,633,847,125,73
1526,581,797,Sham19Y0018103,2349,459,674,124,71
1526,581,797,JK007065,187,952,1164,124,71
1526,585,797,Shamela0010895,145,185,385,121,70
1526,581,766,ShamAY0000055,280,439,555,92,62
1526,585,797,ShamAY0037387,199,900,1108,121,71
1526,581,797,JK000083,264,76,288,122,70
1526,581,797,Sham19Y0013252,5898,943,1158,124,71
1526,581,797,Rafed0003489,184,28,251,121,69
1526,505,731,Rafed0000185Vols,879,105,436,127,47
1526,581,792,Sham19Y0017791,1983,447,741,115,47
1526,581,797,JK000330,956,171,386,123,71
1526,581,783,JK009266,6804,38,220,101,63
1526,505,731,Shamela0012406,1433,662,975,114,42
1526,517,731,Shamela0009783BK1,1094,149,376,121,68
1526,585,797,JK009336,3210,605,820,124,74
1526,585,797,JK001303,479,311,518,124,73
1526,581,797,Sham19Y0020638,1033,992,1211,124,71
1526,585,797,Shamela0036446,1147,1293,1499,120,71
1526,581,797,JK000484,3145,517,745,124,67
1526,581,797,Sham19Y0013605,2922,678,893,124,71
1526,581,797,JK009237,1299,514,727,123,71
1526,581,797,JK000110,911,465,680,124,71
1526,505,731,Shia002958,358,752,1075,112,43
1526,517,731,Shamela0023833,860,8,323,120,47
1526,581,797,Shamela0096283,280,538,753,124,71
1526,581,797,Shamela0023628,2594,380,595,123,70
1526,581,797,Shamela0029677,927,1076,1287,127,73
1526,581,797,Shamela0010803,44,213,427,124,71
1526,505,731,Shamela0004445,2150,968,1297,128,47
1526,581,797,Shamela0004445,2153,752,971,126,70
1526,581,797,Shamela0004445,2891,516,738,121,69
1526,517,731,Shamela0003118,2840,209,515,121,48
1526,517,731,Sham19Y0145435,1598,209,435,123,68
1526,581,797,Sham19Y0145435,5346,121,336,124,71
1526,581,797,Kraken230110004547,625,257,479,124,71
1526,512,731,Hindawi059250728,14,1041,1361,119,45
1526,517,797,JK009313,2714,517,1076,171,36
1526,505,707,Shamela0010283,3736,1239,1395,70,36
1526,517,731,JK000916,26862,183,489,121,48
1526,621,797,Sham19Y0017903,362,1,180,92,65
1526,505,731,Masaha002028Vols,1674,119,450,127,47
1526,505,731,Shamela0023653,600,904,1235,125,46
1526,505,713,Shamela0009770,603,1086,1401,108,42
1526,581,797,Shamela0037837,345,560,779,122,70
1526,581,797,Shamela0005756,10074,163,378,124,71
1527,204,500,Sham19Y0009800,966,1129,1423,223,91
1527,1,144,Masaha001961Vols,1314,315,463,115,96
1527,161,307,JK000159,1897,1302,1482,98,70
1527,307,500,JK000159,1898,1,219,134,76
1527,260,500,Zaydiyya0000148,209,1,233,173,90
1527,181,500,Rafed0000185Vols,753,1175,1496,224,85
1527,1,147,Hindawi070427368,88,710,856,111,95
1527,147,500,JK000089,41,1129,1514,247,79
1527,207,500,Shamela0009701,2,36,333,224,93
1527,161,500,JK000105,1003,283,636,240,84
1527,1,144,JK009313,5137,212,355,115,100
1527,161,500,ShamAY0037152,386,1145,1481,227,80
1527,161,500,ShamAY0037152,990,908,1243,227,82
1527,161,363,Sham19Y0007233,162,1295,1487,138,87
1527,370,500,Sham19Y0007233,163,5,135,100,96
1527,1,144,Sham19Y0007233,277,1094,1237,113,98
1527,161,427,Masaha002028Vols,1327,1213,1484,180,84
1527,1,144,Masaha002028Vols,1747,162,305,113,98
1527,152,500,Shamela0023653,627,232,598,247,84
1527,161,500,Shamela0009770,629,235,563,238,87
1527,1,144,Shamela0009770,645,445,588,115,100
1529,410,592,JK007064,914,429,650,122,71
1529,363,592,JK007083,156,1238,1464,139,67
1529,363,592,Sham19Y0148271,38,94,325,140,66
1529,359,592,Hindawi019272704,58,882,1089,120,64
1529,363,592,Shamela0025794,4557,802,1032,139,66
1529,400,592,JK000165,3386,6,178,121,78
1529,359,596,JK006890,123,735,902,110,61
1529,359,596,JK000105,631,215,422,135,70
1529,363,592,JK006897,336,363,569,136,71
1529,359,592,Shamela0006610,972,634,886,136,62
1529,363,592,Shamela0021809,3152,236,468,137,68
1530,15,259,Tafsir02102,2092,162,792,169,32
1530,15,259,JK000105,640,258,886,170,32
1531,541,746,Shamela0004473,12133,226,434,155,91
1533,1162,1459,JK010561,425,564,856,128,53
1533,903,1267,Shamela0023790,179,827,1335,191,43
1533,135,264,Sham19Y0026183,428,608,736,99,96
1533,903,1102,JK009288,447,1181,1461,82,36
1533,1328,1459,Shamela0001000,1804,949,1205,104,50
1533,903,1102,ShamAY0001760,238,460,718,105,51
1533,131,264,ShamAY0001760,239,379,511,102,96
1533,1181,1363,JK000916,22545,301,883,94,19
1533,135,264,JK010738,285,549,677,99,96
1535,53,341,Shamela0012398,1059,70,506,186,50
1535,431,752,Shamela0035100,5767,306,847,128,29
1535,595,752,Shamela0001000,1031,422,823,108,34
1535,29,341,Shamela0001000,1431,106,526,198,53
1537,935,1115,Shia003634Vols,891,462,641,128,86
1537,715,1115,Zaydiyya0000474,222,8,652,207,37
1537,935,1115,JK001325,141,988,1168,129,86
1537,987,1115,Sham19Y0148529,278,1,128,100,96
1540,347,475,Shamela0022371,142,841,969,104,100
1541,552,697,Shamela0007853,390,1402,1543,96,80
1541,481,697,Shia002185Vols,3613,438,600,97,59
1541,1,453,Shamela0001349,353,346,909,117,20
1541,572,697,Hindawi039520625,23,619,756,69,63
1541,1,449,Shamela0023790,102,997,1249,92,21
1541,552,697,Shamela0023790,138,841,971,97,87
1543,484,825,JK000022,571,699,946,139,48
1543,484,825,Kraken220413030759,476,1019,1256,139,49
1543,484,825,Shamela0001000,556,893,1137,139,48
1543,484,825,Shia003636Vols,11007,225,474,139,48
1544,109,1038,Kraken220413030759,477,1,763,386,48
1544,234,1038,Shamela0001000,557,1,600,353,53
1544,109,1038,Shia003636Vols,11007,718,1445,364,46
1546,22,1397,JK000213,342,391,1513,720,62
1546,328,1457,Shamela0012715,342,610,1332,446,46
1546,22,1457,Shia001663Vols,439,94,1196,702,59
1546,22,1457,Sham19Y0023644,5214,20,1046,640,54
1546,22,838,Shamela0000736,5972,888,1450,361,54
1546,866,1457,Shamela0000736,5973,1,438,302,63
1546,328,1457,Sham19Y0029560,684,473,1410,617,65
1546,22,789,ShamIbadiyya0000433,553,771,1441,416,63
1546,798,1457,ShamIbadiyya0000433,554,1,493,344,65
1546,175,1457,ShamIbadiyya0000433,762,1,1051,707,66
1546,280,1237,JK009248,2168,899,1508,332,41
1546,22,1457,Sham19Y0020762,2269,358,1452,677,56
1546,347,1457,Shamela0009091,498,1,890,577,61
1546,556,1457,Shamela0010013,380,5,602,393,54
1546,90,1457,Shamela0003722,7510,1,1071,680,60
1546,22,1099,Shamela0012406,2729,692,1525,507,54
1546,1102,1457,Shamela0012406,2730,5,302,195,66
1546,22,293,Shia003764Vols,791,909,1212,157,61
1546,608,1470,JK000179,1934,1,560,323,45
1546,280,1457,JK000179,2477,144,937,432,45
1546,119,1457,Shamela0001000,1705,1,1085,711,64
1546,22,1457,Shamela0006624,267,1,951,568,46
1546,22,897,JK001233,116,722,1524,452,58
1546,897,1457,JK001233,117,1,421,290,63
1546,98,1457,Shamela0003118,7377,1,1071,678,60
1546,801,1457,JK007011,219,1,507,346,66
1546,22,1457,Shamela0037325,962,161,1322,753,62
1546,1049,1457,Sham19Y0145435,6272,650,1007,238,69
1546,556,1457,Shamela0011786,33,1,632,404,52
1546,22,838,JK000916,25237,805,1486,419,60
1546,862,1457,JK000916,25238,8,449,305,63
1546,22,1457,Sham19Y0149213,2048,246,1231,628,54
1546,22,1457,Hindawi017160604,387,184,1396,785,65
1546,98,954,Rafed0000040Vols,1707,21,740,449,61
1547,305,716,JK000213,342,261,606,100,23
1547,440,716,Shia001663Vols,439,14,300,73,23
1547,333,716,Shamela0000736,5972,676,1111,112,25
1547,440,716,ShamIbadiyya0000433,553,691,1030,77,22
1547,333,716,Shamela0010013,379,966,1374,92,19
1547,305,716,Shamela0037325,962,31,377,101,23
1547,440,716,Zaydiyya0000454,256,628,909,76,23
1547,333,716,JK000916,25237,594,1028,112,25
1552,604,867,Shamela0004473,2287,828,1459,124,21
1552,604,867,Shamela0001002,242,382,1012,122,20
1585,841,1222,JK001412,272,229,700,208,49
1585,862,1001,Shamela0012320,198,1399,1538,108,90
1585,1040,1193,Hindawi081380829,376,169,322,111,83
1585,862,1001,Zaydiyya0000061,1579,247,379,108,94
1585,1048,1193,Hindawi082068526,149,925,1083,113,88
1589,1167,1533,Sham19Y0014197,336,1258,1609,250,81
1589,1175,1607,Shamela0026350,427,271,753,321,81
1590,24,190,JK000268,282,1134,1300,131,98
1590,24,185,JK000298,747,848,1009,125,97
1590,1,185,Sham19Y0014197,337,75,253,129,88
1590,1,185,Shamela0036569,431,50,228,129,88
1590,24,185,JK011705,566,1230,1390,116,90
1590,24,185,Shamela0095565,112,359,518,115,90
1590,382,568,ShamAY0001760,104,244,423,141,95
1590,1,185,Shamela0026350,427,767,942,137,93
1590,24,185,Sham19Y0132965,208,1184,1343,118,92
1590,14,185,JK003608,3375,516,681,127,92
1594,1166,1282,Shamela0006909,91,606,722,92,100
1594,1134,1282,Sham19Y0020762,254,621,769,103,88
1594,1166,1282,Sham19Y0000760,28,333,449,90,98
1594,1134,1282,Shamela0006947,14105,100,270,101,75
1594,1138,1282,JK011658,165,1382,1508,100,87
1594,1160,1282,JK010372,5,421,557,94,87
1594,1166,1282,JK009230,429,1317,1433,90,98
1594,1166,1282,Sham19Y0036072,289,242,358,89,97
1594,1138,1282,Shamela0006040,7,127,283,98,78
1594,1166,1282,JK010766,288,1250,1366,92,100
1594,1138,1282,Masaha003390Vols,200,95,245,101,85
1595,717,839,Shia004042Vols,113,1356,1477,98,98
1595,717,839,Shia002770Vols,1101,298,438,98,85
1595,717,839,Shia000297,45,1251,1372,98,98
1595,717,839,Shia002766Vols,9,957,1078,98,98
1595,717,839,ShamAY0034797,184,244,365,98,98
1595,694,880,Zaydiyya0000413Vols,2856,557,737,115,66
1597,254,612,Hindawi092963020,460,1001,1313,240,83
1597,278,612,Shamela0001002,502,982,1294,235,84
1597,243,536,Sham19Y0095660,56,1305,1586,150,54
1597,243,612,Hindawi073941747,4,646,973,243,83
1598,412,761,Shamela0021715,7944,314,557,127,45
1598,401,767,Shamela0021715,9679,700,1074,274,95
1598,473,998,Shamela0021715,9680,178,965,256,36
1598,412,767,Kraken230106005528,444,132,548,194,53
1598,412,609,Tafsir07057,3329,1403,1595,137,89
1598,623,767,Tafsir07057,3330,1,149,106,92
1598,401,767,JK009152,2360,547,864,227,79
1598,412,767,Shamela0021766,309,254,609,270,97
1598,443,767,Shamela0021766,1387,1,319,239,94
1598,412,761,Sham19Y0018176,1899,559,802,127,45
1598,401,767,Sham19Y0018176,2286,578,956,272,93
1598,401,767,JK009141,954,1027,1334,216,75
1598,412,985,Sham19Y0127656,619,603,944,155,32
1598,412,761,Sham19Y0018106,3253,182,425,127,45
1598,481,767,Sham19Y0018106,3800,1,295,218,96
1598,401,767,Shamela0000041,232,409,790,272,93
1598,401,985,Shamela0004473,6436,233,709,260,52
1598,557,773,JK007044,5560,360,755,125,40
1598,412,609,Sham19Y0016976,1516,1352,1549,149,96
1598,609,985,Sham19Y0016976,1517,1,225,147,51
1598,417,985,ShamAY0034005,1187,399,819,230,48
1598,401,658,Sham19Y0148271,768,1224,1488,186,89
1598,658,985,Sham19Y0148271,769,1,170,110,44
1598,412,761,Sham19Y0018103,3140,223,466,127,45
1598,401,767,Sham19Y0018103,3753,307,681,274,95
1598,484,767,JK007065,332,1,283,214,96
1598,412,536,Sham19Y0014119,479,1351,1471,93,96
1598,536,985,Sham19Y0014119,480,1,324,203,56
1598,412,767,Sham19Y0017063,1272,1041,1383,260,94
1598,412,761,Sham19Y0013252,7325,965,1208,127,45
1598,412,761,Sham19Y0013252,7326,872,1115,127,45
1598,401,576,Sham19Y0013252,9212,1314,1497,128,90
1598,576,767,Sham19Y0013252,9213,1,192,146,100
1598,412,767,JK000080,1086,701,1045,260,94
1598,412,761,JK009324,2335,499,736,127,45
1598,412,767,JK009324,3507,275,626,256,91
1598,586,767,Sham19Y0145212,3109,1,182,138,100
1598,412,761,Shamela0005772,129,1213,1451,120,42
1598,493,767,JK000381,2257,37,316,86,30
1598,412,985,Sham19Y0017791,1681,291,712,296,66
1598,412,767,JK009266,1236,318,666,260,92
1598,417,761,Shamela0010517,2324,43,285,119,43
1598,412,767,JK009336,2493,839,1194,270,97
1598,434,750,JK000474,1341,461,737,146,57
1598,401,761,Sham19Y0020638,627,764,1038,126,42
1598,412,761,Sham19Y0020638,1357,334,577,127,45
1598,412,767,Shamela0036446,1345,1154,1477,244,88
1598,412,761,Sham19Y0013605,3771,1166,1409,127,45
1598,401,623,Sham19Y0013605,4493,513,747,162,90
1598,623,767,Sham19Y0013605,4494,10,154,110,100
1598,412,718,JK000110,1372,1254,1453,95,38
1598,401,767,JK000110,1690,245,619,274,95
1598,434,767,Sham19Y0020587,76,1097,1402,97,29
1598,601,786,Shamela0000140,572,368,577,109,63
1598,412,767,JK000057,183,214,460,140,48
1598,401,581,Shamela0001466,229,1395,1582,131,90
1598,581,985,Shamela0001466,230,1,265,167,53
1598,412,727,Shamela0012014,79,1165,1476,232,94
1598,401,981,Sham19Y0008889,355,978,1379,285,63
1598,401,767,Sham19Y0016584,4226,20,394,274,95
1598,412,767,JK007045,699,713,1011,223,81
1598,412,767,Kraken230110004547,446,476,779,222,79
1598,412,761,Shamela0021809,1190,92,333,130,47
1598,438,767,Kraken220208041038,9,740,1044,204,75
1598,397,767,JK009313,3992,261,639,269,92
1598,401,767,Sham19Y0016684,1877,1004,1378,274,95
1598,488,767,Sham19Y0014309,1226,1,280,202,91
1598,412,767,JK000071,464,15,386,259,87
1598,412,761,Shamela0012884,632,648,887,125,45
1598,458,767,Shamela0037837,444,1,375,236,82
1598,412,767,Sham19Y0122257,2933,855,1210,270,97
1598,412,761,Shamela0005756,12372,585,826,123,43
1598,401,985,Shamela0005756,14137,637,1082,301,66
1598,412,767,Sham19Y0014592,897,1,335,254,92
1599,828,1047,Sham19Y0001729,1843,441,664,143,68
1599,519,629,Shamela0021715,9669,348,459,88,98
1599,519,629,Sham19Y0018176,2284,642,753,88,98
1599,519,629,JK009141,75,1218,1329,88,98
1599,519,669,JK009141,946,337,485,96,75
1599,828,1042,Shamela0010798,3251,11,230,134,66
1599,519,629,Sham19Y0018106,3796,1115,1226,88,98
1599,519,629,JK008001,2174,12,129,87,92
1599,519,629,Sham19Y0122406,1383,661,772,88,98
1599,519,629,Sham19Y0018103,3750,585,696,88,98
1599,519,629,JK007065,137,426,537,88,98
1599,519,629,Sham19Y0013252,9205,929,1040,88,98
1599,496,629,Sham19Y0013252,9206,559,699,106,94
1599,828,1050,ShamAY0032855,111,388,624,148,70
1599,483,629,Sham19Y0017729,433,534,680,107,89
1599,828,1055,JK000707,316,586,802,144,71
1599,519,629,Shamela0001875,625,1112,1224,87,95
1599,496,629,JK009324,3505,96,236,106,94
1599,519,643,Sham19Y0127677,590,603,733,81,77
1599,828,1050,JK000330,1035,123,320,137,72
1599,519,629,Sham19Y0132524,837,337,448,87,97
1599,519,629,JK009274,298,283,401,86,89
1599,509,629,Sham19Y0038171,1793,130,249,89,92
1599,519,629,JK009336,2477,256,370,87,94
1599,504,629,JK009390,572,940,1078,92,83
1599,519,629,Sham19Y0020638,404,928,1039,88,98
1599,519,629,Shamela0036446,5,1209,1323,87,94
1599,519,629,Sham19Y0013605,4490,1055,1166,88,98
1599,828,1050,JK001503,3480,1116,1332,138,70
1599,519,629,JK000110,1688,539,650,88,98
1599,519,629,Noorlib0007682,54,764,875,87,97
1599,519,629,JK006897,216,345,456,88,98
1599,519,629,Shamela0029677,2042,782,893,87,97
1599,519,639,JK000216,175,400,517,88,90
1599,828,1050,Sham19Y0014462,25,581,812,147,70
1599,519,629,JK000057,192,673,784,87,97
1599,828,1047,Shamela0023644,993,326,554,146,70
1599,519,629,Shamela0001438,1394,782,894,85,93
1599,828,1050,Sham19Y0006684,4116,960,1196,148,70
1599,519,629,Sham19Y0016584,4222,395,506,88,98
1599,828,1042,Shamela0012862,739,878,1205,134,50
1599,519,629,Sham19Y0016684,1875,1228,1339,88,98
1599,509,629,ShamAY0035035,6699,405,524,89,92
1599,519,629,ShamAY0035035,6839,1037,1148,88,98
1599,519,629,Shamela0021659,416,1068,1186,86,89
1599,781,1047,Sham19Y0122257,3361,604,894,140,52
1599,519,629,Shamela0005756,14127,210,321,87,97
1600,25,509,Sham19Y0095660,55,47,280,111,25
1602,1,207,ShamAY0035131,137,86,291,168,98
1603,402,689,Masaha001961Vols,1660,293,930,197,36
1603,363,689,Kraken230106005528,955,310,994,204,36
1603,363,736,Shamela0001524,2746,55,784,217,34
1603,374,689,Masaha004387Vols,395,401,922,160,39
1603,557,736,JK009141,1472,1,321,108,37
1603,464,736,JK006838,1564,117,513,159,43
1603,363,689,Sham19Y0023644,3130,746,1395,207,37
1603,363,585,ShamAY0035884,2314,656,1138,121,30
1603,363,736,Shamela0021493,188,309,1019,214,34
1603,363,736,Shamela0026484,608,688,1390,221,36
1603,359,680,JK007044,6525,269,464,107,35
1603,464,736,Sham19Y0122406,3742,196,609,159,41
1603,359,579,ShamAY0034005,1484,310,1037,117,20
1603,402,736,Sham19Y0148271,2109,828,1440,200,36
1603,363,736,JK007065,1491,522,1223,212,34
1603,359,689,Sham19Y0014119,602,906,1076,114,41
1603,363,585,Sham19Y0017063,1560,836,1211,132,40
1603,363,585,Sham19Y0017616,437,831,1226,136,40
1603,363,585,JK000609,35,501,874,128,39
1603,363,736,Shamela0001727,1417,143,834,215,35
1603,363,585,Sham19Y0132524,2674,238,611,130,40
1603,402,736,Shamela0008657,614,853,1450,197,36
1603,402,684,ShamAY0034438,18,265,676,179,51
1603,363,736,JK009336,2735,145,829,216,35
1603,363,736,Sham19Y0020638,1174,734,1416,215,35
1603,363,736,Shamela0036446,1382,122,798,215,35
1603,471,689,JK009288,278,911,1332,133,36
1603,895,1168,Shamela0012320,98,882,1183,170,67
1603,359,689,Sham19Y0013614,827,1348,1518,115,41
1603,370,585,JK010761,863,851,1270,136,38
1603,479,736,JK000216,194,1,396,150,40
1603,402,670,Shamela0004445,4140,949,1504,179,37
1603,402,579,Shamela0023644,510,373,731,116,37
1603,359,680,Sham19Y0018272,750,645,902,173,62
1603,359,689,JK007045,845,1078,1213,105,39
1603,402,689,JK007045,847,102,668,194,40
1603,464,736,Sham19Y0145435,5799,121,532,159,41
1603,363,632,Kraken230110004547,497,751,1450,165,28
1603,359,689,Sham19Y0122257,3412,682,836,105,37
1603,363,585,Sham19Y0122257,3415,19,393,129,39
1605,407,506,Sham19Y0023608,2865,147,415,70,33
1605,407,506,JK006478,6936,1207,1427,71,41
1608,1280,1495,Shamela0001002,471,12,353,171,60
1608,1258,1495,Shamela9007669,174,351,704,185,62
1608,1297,1495,Shamela0097927,14,1006,1316,147,55
1608,1258,1495,Shamela0026350,466,202,557,184,61
1609,1121,1235,Sham19Y0020762,367,1150,1272,86,89
1609,1121,1235,JK011658,24,126,240,90,99
1613,1052,1339,Sham19Y0149697,9819,1345,1504,118,51
1616,915,1134,Sham19Y0014827,163,1251,1493,131,64
1616,1136,1338,Sham19Y0014827,164,1,240,147,77
1616,915,1315,Sham19Y0014827,343,690,1149,272,72
1616,915,1315,Sham19Y0014827,519,663,1122,272,72
1616,886,1315,Sham19Y0018103,235,9,587,285,62
1616,1002,1315,Sham19Y0018103,501,82,471,244,78
1616,886,1338,Sham19Y0018103,1004,656,1270,304,62
1616,1002,1315,Sham19Y0018103,1266,102,491,244,78
1616,886,1315,Sham19Y0018103,1518,807,1385,285,62
1616,886,1338,Sham19Y0018103,1755,756,1368,304,62
1616,1028,1315,Sham19Y0018103,2014,1,364,222,77
1616,886,1315,Sham19Y0018103,2270,717,1295,285,62
1616,886,1239,Sham19Y0018103,2528,1059,1529,226,61
1616,904,1315,Sham19Y0018103,2796,1,564,277,62
1616,886,1315,Sham19Y0018103,3053,217,799,285,62
1616,886,1315,Sham19Y0018103,3295,451,1033,285,62
1616,1002,1315,Sham19Y0018103,3531,80,469,244,78
1616,886,1315,Sham19Y0018103,3778,625,1207,285,62
1616,886,1338,Sham19Y0018103,4042,760,1376,304,62
1616,1002,1315,Sham19Y0014592,224,79,428,248,88
1616,886,1315,Sham19Y0014592,478,219,759,303,68
1616,1002,1315,Sham19Y0014592,752,1,350,248,88
1616,1044,1315,Sham19Y0014592,1026,1,308,214,87
1616,924,1338,Sham19Y0014592,1310,5,538,284,65
1616,886,1134,Sham19Y0014592,1575,1272,1595,161,59
1616,1136,1319,Sham19Y0014592,1576,1,220,141,81
1616,886,1315,Sham19Y0014592,1840,1022,1562,301,68
1616,886,1315,Sham19Y0014592,2110,235,775,301,68
1616,886,1218,Sham19Y0014592,2359,1127,1534,226,67
1616,886,1315,Sham19Y0014592,2607,334,878,301,67
1616,886,1315,Sham19Y0014592,2856,482,1026,302,68
1618,977,1718,Shamela0006947,14451,316,835,336,56
1619,53,618,Shamela0006947,14451,871,1421,278,58
1621,525,766,Hindawi069259172,28,395,604,156,80
1621,566,766,Sham19Y0026523,859,216,422,143,80
1621,552,766,JK000122,31,70,300,155,79
1624,1325,1540,Sham19Y0013257,783,1027,1192,132,76
1624,1288,1487,Shamela0023695,1088,1251,1436,138,86
1624,1325,1540,JK001131,325,38,203,132,76
1624,1325,1540,Shamela0008660,104,1235,1402,131,75
1624,1377,1615,JK001099,24,227,466,193,99
1624,1325,1540,Sham19Y0016826,2077,305,470,132,76
1624,1325,1437,Tafsir01005,1108,166,279,90,99
1624,1284,1615,Shamela0023789,1323,1200,1515,230,84
1624,1325,1592,Sham19Y0016435,19,475,1166,187,32
1624,1325,1540,Sham19Y0020891,969,1321,1488,132,75
1624,1325,1540,Sham19Y0150966,1576,30,196,131,75
1624,1437,1615,Sham19Y0150966,1577,1285,1443,125,85
1624,1301,1524,Shamela0010283,3070,1329,1541,153,83
1624,1325,1615,JK010738,334,946,1193,178,75
1624,1325,1615,JK010738,375,38,277,176,74
1624,1325,1540,Sham19Y0017724,468,1208,1373,132,76
1625,90,922,Sham19Y0013257,783,1027,1192,126,18
1625,90,922,JK001131,325,38,203,126,18
1625,348,922,Shamela0008660,104,1262,1402,107,23
1625,441,1316,JK001099,24,227,496,179,25
1625,90,922,Sham19Y0016826,2077,305,470,126,18
1625,348,1295,Shamela0023789,1323,1247,1524,166,21
1625,348,954,Sham19Y0016435,19,502,712,151,31
1625,348,922,Sham19Y0020891,969,1348,1488,108,23
1625,90,922,Sham19Y0150966,1576,30,196,125,18
1625,348,906,Shamela0010283,3070,1364,1541,121,27
1625,90,657,Sham19Y0017724,468,1208,1515,129,23
1626,1142,1356,Hindawi031861395,187,493,716,176,95
1626,1136,1356,Hindawi084739682,107,640,869,172,91
1626,1142,1356,JK001302,124,109,332,176,95
1626,1074,1317,Shamela0010548,136,372,677,171,63
1626,1136,1348,Shamela0037475,46,1195,1400,142,78
1626,1142,1356,Sham19Y0026523,2281,101,324,171,92
1627,1,150,JK001302,138,1255,1417,115,90
1627,812,1358,Shamela0006947,9709,651,1236,429,90
1627,398,639,Shamela0005388,39,1,242,197,96
1627,825,1198,Shamela0000432,6213,932,1316,298,96
1629,983,1436,Hindawi068305130,145,540,942,322,85
1629,1221,1356,Hindawi090281793,151,769,905,112,99
1629,1018,1436,Sham19Y0026523,860,204,630,324,87
1629,1018,1436,JK000122,32,388,825,335,90
1630,797,1630,Shamela0006947,14452,9,821,591,85
1631,70,949,Shamela0006947,14452,840,1666,534,71
1631,949,1608,Shamela0006947,14453,1,536,275,47
1632,899,1277,Shamela0006947,14453,806,1047,121,38
1633,685,1131,Shamela0006947,14453,1316,1632,184,50
1633,1173,1577,Shamela0006947,14454,1,230,151,45
1634,1476,1623,Tafsir02102,688,647,822,115,77
1634,1476,1623,JK006478,2516,862,1177,115,43
1634,826,1060,Shamela0006947,14454,956,1190,189,100
1634,1,396,Shamela0006947,14454,236,919,182,27
1634,1376,1623,Shamela0006947,14456,501,790,170,67
1634,894,1060,Sham19Y0036540,4399,713,1167,121,33
1635,1,164,Tafsir02102,688,822,988,132,98
1635,191,523,JK000343,627,831,1175,254,92
1635,1,164,JK006478,2516,1177,1343,132,98
1635,1,527,Shamela0006947,14456,790,1317,417,99
1635,1305,1524,Shamela0006947,14457,396,641,165,83
1635,1,164,JK000906,3038,31,197,131,97
1635,1,164,JK009266,2335,155,262,84,62
1635,1,191,Sham19Y0020891,2022,864,1056,140,91
1635,1,191,Shamela0029882,862,383,576,141,91
1636,1,946,Shamela0006947,14457,641,1555,699,89
1637,234,663,Shamela0006947,14458,620,1045,315,88
1638,164,409,Shamela0011539,427,40,253,122,56
1639,813,993,Sham19Y0014246,24,297,478,144,97
1639,714,993,JK007143,3,275,637,191,59
1639,414,908,Shamela0006947,8827,274,763,252,52
1639,763,1609,Shamela0006947,14455,317,1023,367,46
1639,530,673,Shamela0012398,721,196,372,107,72
1639,813,993,ShamAY0036821,58,916,1096,146,98
1639,530,673,Shamela0009091,706,85,208,99,86
1639,813,993,JK001496,66,667,848,147,99
1639,530,673,Shamela0001000,366,1065,1245,107,70
1639,813,993,Shamela0023591,137,454,634,146,98
1639,813,993,Sham19Y0020891,301,865,1046,147,99
1639,798,1076,Shia003636Vols,6911,540,840,193,75
1639,530,673,Shia003636Vols,7578,1031,1191,107,79
1640,1138,1536,Sham19Y0148096,3,311,720,293,85
1640,1,335,Shamela0006947,14455,1082,1592,256,60
1640,335,773,Shamela0006947,14456,1,432,324,91
1640,1138,1536,Sham19Y0017681,7,430,839,296,87
1642,1,266,Shamela0006947,14459,71,333,173,71
1642,1020,1155,Shamela0006947,14464,303,448,95,78
1643,526,928,Shamela0006947,14459,983,1603,248,46
1643,928,1600,Shamela0006947,14460,1,883,516,71
1643,289,514,JK001460,131,128,357,178,97
1643,289,514,JK001327,14,528,756,173,94
1644,13,743,Shamela0006947,14460,896,1585,482,81
1645,1,534,Shamela0006947,14461,63,238,119,27
1645,1140,1395,Shamela0006947,14461,444,660,149,72
1646,382,1394,Shamela0006947,14461,712,1566,563,66
1646,1394,1546,Shamela0006947,14462,1,156,105,80
1646,1211,1441,Sham19Y0017681,102,1172,1463,159,67
1647,1,1403,Shamela0006947,14462,156,1379,829,72
1647,1403,1586,Shamela0006947,14463,295,476,145,96
1647,239,456,Sham19Y0017681,191,310,615,117,48
1648,1,608,Shamela0006947,14463,476,1030,404,80
1649,1169,1310,Hindawi092963020,286,332,487,97,76
1649,1169,1310,Hindawi059616186Vols,2269,116,284,98,72
1649,1145,1310,JK000927,573,726,976,127,64
1649,1137,1310,Hindawi062591496,30,601,841,124,62
1649,1128,1368,Shamela0009427,169,1241,1489,179,91
1650,712,910,JK007143,2294,36,251,145,83
1650,712,910,Shamela0010545,160,543,758,146,83
1650,712,910,Sham19Y0150966,92,500,715,146,83
1651,1,143,Shamela0001687,8772,655,792,107,95
1651,14,143,JK007040,3993,30,160,102,99
1652,1363,1548,Shia003932Vols,57,643,846,136,79
1654,18,293,JK006705,654,822,1031,91,42
1654,1,325,Sham19Y0017116,1204,590,1040,153,41
1657,1301,1508,JK001460,429,202,401,139,85
1657,1301,1508,JK009241,930,1359,1578,133,75
1661,807,984,JK000849,2399,20,120,73,55
1661,807,984,Sham19Y0017726,1813,933,1029,72,54
1662,194,549,Sham19Y0016595,36,1185,1417,154,51
1662,828,988,Sham19Y0029600,26,8,181,125,85
1662,1191,1559,Shamela0006947,14465,503,829,241,79
1663,1,803,Shamela0006947,14465,837,1562,521,80
1663,803,1537,Shamela0006947,14466,1,435,330,54
1663,1175,1400,JK001460,366,298,523,175,95
1663,1201,1375,Sham19Y0036540,4398,1078,1252,129,92
1664,188,324,Sham19Y0014246,40,261,400,104,93
1664,1,464,Shamela0006947,14466,435,938,299,71
1664,196,329,Sham19Y0036540,1286,824,959,101,94
1664,529,792,Sham19Y0020562,1482,744,1002,206,95
1664,978,1128,Sham19Y0020562,1483,571,736,119,89
1665,667,806,JK006705,479,320,468,103,86
1665,166,623,Shamela0006947,14554,1127,1564,343,93
1665,623,1068,Shamela0006947,14555,1,347,193,45
1666,153,1310,Shamela0006947,14555,370,1309,723,76
1667,69,182,Shamela0011742,13,916,1030,87,95
1668,783,1424,Shamela0006947,14556,195,1177,412,49
1669,45,200,Shamela0006947,14556,1418,1562,116,90
1669,945,1630,Shamela0006947,14557,226,839,325,54
1670,561,1235,Shamela0006947,14557,979,1571,474,86
1670,1235,1581,Shamela0006947,14558,216,582,216,68
1671,597,1438,Shamela0006947,14558,679,1512,530,74
1671,1438,1575,Shamela0006947,14559,24,147,96,86
1672,1,1652,Shamela0006947,14559,147,1352,761,55
1673,320,1341,Shamela0006947,14560,1,1345,682,57
1674,89,1379,Shamela0006947,14561,122,1285,828,74
1674,1374,1622,Shamela0006947,14562,288,523,186,93
1675,450,878,Shamela0006947,14561,1280,1630,261,75
1675,1,450,Shamela0006947,14562,523,971,347,95
1675,1182,1594,Shamela0006947,14563,302,696,312,91
1675,1206,1570,Sham19Y0029676,940,933,1246,194,60
1676,569,863,Sham19Y0029600,94,91,401,234,90
1676,1,975,Shamela0006947,14563,696,1584,696,87
1676,975,1590,Shamela0006947,14564,1,603,472,93
1676,1019,1258,JK000676,611,549,781,175,90
1676,1060,1258,Shamela0012320,648,1,200,157,97
1677,1025,1162,JK006705,766,203,341,113,99
1677,1029,1425,Shamela0006947,14562,1217,1597,286,86
1677,1425,1571,Shamela0006947,14563,1,143,113,94
1677,1,931,Shamela0006947,14564,603,1546,694,88
1678,131,542,Shamela0006947,14702,1244,1664,322,92
1678,542,1600,Shamela0006947,14703,1,983,682,75
1679,1010,1637,Shamela0006947,14704,669,1297,388,73
1679,460,977,Shamela0006947,14704,7,235,148,35
1680,8,329,Shamela0006947,14704,1308,1557,183,71
1680,329,1567,Shamela0006947,14705,1,1202,715,65
1681,1,420,Shamela0006947,14705,1205,1619,325,91
1681,454,1577,Shamela0006947,14706,19,1036,699,75
1682,67,495,Shamela0006947,14706,993,1419,288,79
1682,82,1519,Shamela0006947,14707,19,1173,570,45
1683,1,384,Shamela0006947,14707,1173,1500,239,79
1683,388,1552,Shamela0006947,14708,1,1039,514,49
1684,10,529,Shamela0006947,14708,1043,1560,363,84
1684,664,874,Shamela0006947,14709,1398,1591,147,85
1684,874,1544,Shamela0006947,14710,1,539,367,66
1685,83,769,Shamela0006947,14710,479,1116,485,85
1694,1092,1475,GRAR000034,9,1,373,292,91
1694,1117,1475,JK010704,1456,1,348,270,90
1694,1019,1284,Shamela0005388,70,1375,1647,201,85
1694,1284,1475,Shamela0005388,71,1,196,152,95
1695,971,1320,JK001460,144,589,914,108,37
1695,1010,1260,ShamAY0034694,1482,49,245,86,45
1696,972,1624,Shamela0006947,8823,863,1515,528,100
1697,1239,1427,ShamAY0007299,4113,228,489,118,59
1697,1274,1427,ShamAY0007299,4788,844,992,106,87
1697,1,122,Shamela0006947,8823,1515,1636,96,100
1697,122,1593,Shamela0006947,8824,1,1471,1188,99
1697,1239,1381,Shamela0023622,5,190,438,75,40
1697,1239,1427,JK007140,6623,693,932,130,70
1697,1239,1427,Rafed0002385,87,6,361,110,41
1698,1059,1255,JK011712,716,1313,1423,57,38
1698,1,127,Shamela0006947,8824,1471,1597,102,100
1698,127,1606,Shamela0006947,8825,1,1612,1203,91
1699,28,176,Shamela0006947,8825,1464,1612,118,100
1699,1,1660,Shamela0006947,8826,10,1483,1206,88
1699,508,642,Sham19Y0020562,1030,1363,1487,95,90
1700,1376,1612,Rafed0002679Vols,1345,692,932,184,95
1700,1,201,Shamela0006947,8826,1483,1683,164,100
1700,201,1612,Shamela0006947,8827,1,1371,1113,96
1700,836,964,Kraken22021802055101,33,448,572,86,85
1700,1376,1612,Shamela0010551,11,172,409,184,96
1701,1,234,Shamela0006947,8827,1371,1604,188,100
1701,234,1595,Shamela0006947,8828,1,1357,1102,99
1701,1004,1201,JK006910,8,224,402,135,85
1702,1,257,Shamela0006947,8828,1357,1613,209,99
1702,257,1662,Shamela0006947,8829,1,1404,1147,99
1703,1,208,Shamela0006947,8829,1404,1611,168,100
1704,221,598,Sham19Y0147597,595,785,1374,257,53
1704,639,825,Hindawi079072819,8,495,692,128,75
1704,291,598,Shamela0010551,129,996,1414,218,62
1704,221,598,Sham19Y0020891,878,728,1216,216,52
1705,70,217,JK001020,71,1,149,118,99
1708,1421,1573,Shamela0006947,7413,1166,1521,99,33
1708,1421,1573,Shamela0006947,16736,1107,1462,99,33
1708,414,557,JK001020,23,281,424,111,93
1708,1495,1632,ShamAY0034797,395,356,492,110,98
1710,796,962,ShamAY0007299,4485,953,1160,120,71
1710,826,962,JK001460,101,1,316,101,40
1710,779,990,JK003609,3331,143,523,129,41
1714,62,356,JK001460,266,1265,1575,230,92
1714,62,410,Shamela0010548,114,646,1017,205,61
1714,103,410,JK003609,2894,104,460,213,70
1714,62,410,Hindawi064628479,8,979,1341,262,89
1714,57,410,JK007140,865,299,727,234,65
1714,76,350,Shamela0009788,637,1286,1660,204,68
1716,791,1043,JK006910,92,296,548,181,89
1716,861,1014,Shamela0010501,113,420,559,100,85
1716,791,1043,Shamela0009429,597,376,598,160,81
1718,869,1002,Shamela0005388,75,384,508,100,93
1730,1234,1359,JK007044,6330,1128,1257,93,85
1730,1234,1359,JK000665,11,612,741,94,86
1730,1234,1359,JK000124,1482,415,544,94,86
1730,1234,1363,Shamela0001687,3991,194,327,94,85
1730,1234,1359,Sham19Y0122257,3313,1121,1251,94,86
1731,553,752,ShamAY0007299,4178,783,986,155,88
1731,624,866,Zaydiyya0000153,350,8,232,184,90
1731,487,866,Sham19Y0014246,14,1232,1587,266,80
1731,487,866,Shamela0004473,11049,805,1157,265,81
1731,487,866,JK007143,5,381,733,261,80
1731,487,866,Hindawi079072819,28,989,1342,262,80
1731,487,866,Sham19Y0014299,2,989,1341,265,81
1731,1174,1395,Sham19Y0032194,42,181,844,174,32
1731,530,1222,Sham19Y0009937,48,1292,1576,222,39
1731,1231,1395,Sham19Y0009937,49,69,225,126,95
1731,487,866,JK000990,502,924,1275,266,81
1732,7,501,ShamAY0007299,4177,6,431,265,65
1732,7,687,Zaydiyya0000153,350,695,1376,313,45
1732,7,501,Sham19Y0014246,15,304,729,251,60
1732,165,687,Shamela0004473,11050,1,600,256,43
1732,7,501,JK007143,5,1037,1451,253,61
1732,737,993,Shamela0006947,14458,714,954,134,64
1732,7,501,Hindawi079072819,29,34,459,266,65
1732,7,687,Sham19Y0014299,3,57,777,322,44
1732,1156,1269,JK001451,90,874,990,91,97
1732,134,687,JK000990,503,8,602,263,43
1733,1383,1620,Shamela0011539,426,1115,1368,190,89
1733,1032,1200,Shamela0011539,427,55,223,86,55
1734,38,577,Shamela0096178,91,599,1538,290,36
1734,395,684,Rafed0002679Vols,181,288,678,224,70
1734,38,684,JK007143,8,314,1381,357,40
1734,406,684,Hindawi079072819,31,275,658,199,61
1734,28,542,Kraken22021802055101,47,622,1511,267,36
1734,422,684,Sham19Y0020985,462,10,376,196,66
1734,1,251,Shamela0011539,426,1368,1619,207,99
1734,251,684,Shamela0011539,427,1,442,350,97
1735,18,147,Shamela0000894,619,1227,1434,62,40
1736,1035,1177,Shamela0006947,7153,128,395,114,51
1738,468,900,Sham19Y0032194,43,830,1596,162,22
1740,45,178,Sham19Y0029600,27,484,711,100,55
1741,351,694,Hindawi051869740,11,1,408,254,71
1742,1179,1334,JK000468,102,1339,1495,132,99
1742,1179,1334,JK000676,310,932,1088,132,99
1743,247,561,Shamela0004473,11854,1,344,247,89
1743,185,458,Shamela0004473,11867,1277,1572,209,83
1743,1176,1343,JK000676,668,1117,1440,113,41
1744,348,507,Hindawi051869740,11,408,567,126,99
1744,710,1518,Hindawi051869740,11,1251,1608,290,43
1746,1,1110,Hindawi051869740,12,116,440,265,29
1747,326,793,Hindawi051869740,12,1113,1566,356,93
1748,473,1031,Hindawi051869740,13,110,675,450,97
1749,430,869,Hindawi051869740,13,663,1096,347,93
1749,994,1354,JK000468,102,1175,1554,289,91
1749,994,1354,JK000676,310,771,1147,285,90
1749,994,1354,JK009149,629,523,1041,263,60
1749,856,1354,Shamela0002573,19,883,1538,295,53
1750,145,626,Hindawi051869740,13,1120,1563,352,88
1751,11,207,Hindawi051869740,13,1123,1667,131,29
1751,1248,1488,Hindawi051869740,14,1386,1620,182,90
1751,207,387,Hindawi051869740,14,1,181,141,97
1752,1,116,Hindawi051869740,15,75,190,93,100
1752,122,562,Shamela0006947,14555,423,919,320,78
1752,1256,1572,Sham19Y0020562,11,896,1203,240,92
1753,1011,1158,Meshkat00057178,1745,1379,1511,87,75
1753,66,348,Hindawi051869740,15,661,1123,196,50
1756,114,308,Hindawi051869740,18,143,336,145,93
1757,1044,1237,Rafed0002679Vols,446,475,720,151,78
1757,939,1237,Hindawi051869740,18,680,983,216,82
1757,939,1237,JK001019,49,202,504,215,82
1759,452,584,Hindawi096069181,89,1564,1697,105,99
1759,1203,1476,Hindawi051869740,19,128,403,212,88
1759,449,584,JK001019,7,863,999,107,99
1775,1324,1618,Shamela0010706,120,250,551,222,90
1775,796,963,Shamela0010706,220,742,918,133,92
1776,1084,1185,JK010658,95,316,435,79,83
1776,1084,1185,Shamela0009091,933,1234,1348,75,79
1776,1084,1185,Sham19Y0000259,939,1076,1194,79,84
1776,1028,1185,Shamela0001002,618,483,886,105,32
1776,1033,1185,Shamela0001000,1274,1040,1505,104,28
1776,1059,1185,Hindawi013920718,135,549,675,85,75
1777,947,1081,Shamela0006687,803,588,730,106,90
1777,942,1145,Hindawi018197281,17,1301,1507,158,91
1783,773,1190,Hindawi039606949,16,255,609,146,39
1784,614,1023,Hindawi039606949,17,410,1182,224,31
1784,955,1337,Hindawi039606949,18,43,337,218,68
1794,438,728,Shamela0012024,275,163,488,132,46
1794,438,728,Sham19Y0016826,2159,831,1110,129,52
1794,466,671,Shamela0011539,1371,839,948,76,46
1797,1104,1359,JK000849,143,1098,1310,155,77
1798,405,533,Shamela0001687,2372,1047,1524,91,23
1798,1087,1246,Sham19Y0026523,5884,848,1177,89,33
1798,405,544,JK006962,2756,303,715,92,27
1799,816,1021,Shamela0001687,8153,882,1085,155,95
1799,823,1021,JK006962,2101,983,1181,153,96
1800,492,637,Shamela0008544,1087,771,970,106,65
1800,185,350,Shamela0001687,6574,1217,1483,128,60
1800,368,637,Shamela0001687,7418,245,581,214,79
1800,505,637,JK006962,641,966,1153,96,63
1801,329,448,JK007140,3796,762,882,95,96
1801,1274,1409,Shamela0001687,1470,192,328,106,90
1802,79,230,JK001460,472,1332,1482,117,94
1802,73,225,Masaha000955Vols,1002,684,836,120,94
1802,79,225,JK007140,8315,283,428,116,95
1802,1391,1538,Shamela0001687,1501,1083,1229,118,99
1802,93,230,Shamela0001687,5882,1086,1223,110,97
1803,1,155,Shamela0001687,4543,940,1386,118,33
1803,800,962,Shamela0001687,6255,1351,1562,127,73
1803,1,155,JK007040,3452,145,452,118,48
1804,437,750,JK000849,1877,1408,1635,125,44
1804,1366,1506,Shamela0001687,3852,192,332,114,100
1804,676,813,Shamela0001687,4981,1357,1483,101,91
1804,437,583,Shamela0001687,4981,147,293,110,88
1804,650,813,JK006962,494,12,201,122,78
1805,1177,1301,Shamela0001687,3873,652,865,101,58
1805,1177,1301,JK006962,263,1049,1174,90,80
1806,819,985,JK007140,5383,522,709,136,88
1806,762,985,Shamela0001687,3901,1177,1399,142,66
1806,866,990,Sham19Y0017726,1654,411,550,99,86
1807,169,428,Shamela0001687,9638,1,337,121,38
1808,736,972,Masaha000955Vols,1673,353,634,111,42
1808,1060,1234,JK007140,5527,1056,1234,139,94
1808,249,369,JK007140,8911,1151,1270,96,98
1808,821,972,JK007140,12742,805,974,84,55
1808,1065,1234,Shamela0001687,3993,1062,1235,137,95
1808,172,369,Shamela0001687,6308,542,768,156,85
1808,736,930,Shamela0001687,9892,479,954,149,40
1808,1060,1241,JK006962,2636,456,648,147,92
1809,906,1125,Sham19Y0014827,163,1251,1493,131,64
1809,1127,1329,Sham19Y0014827,164,1,240,147,77
1809,906,1306,Sham19Y0014827,343,690,1149,272,72
1809,906,1306,Sham19Y0014827,519,663,1122,272,72
1809,877,1306,Sham19Y0018103,235,9,587,285,62
1809,993,1306,Sham19Y0018103,501,82,471,244,78
1809,877,1329,Sham19Y0018103,1004,656,1270,304,62
1809,993,1306,Sham19Y0018103,1266,102,491,244,78
1809,877,1306,Sham19Y0018103,1518,807,1385,285,62
1809,877,1329,Sham19Y0018103,1755,756,1368,304,62
1809,1019,1306,Sham19Y0018103,2014,1,364,222,77
1809,877,1306,Sham19Y0018103,2270,717,1295,285,62
1809,877,1230,Sham19Y0018103,2528,1059,1529,226,61
1809,895,1306,Sham19Y0018103,2796,1,564,277,62
1809,877,1306,Sham19Y0018103,3053,217,799,285,62
1809,877,1306,Sham19Y0018103,3295,451,1033,285,62
1809,993,1306,Sham19Y0018103,3531,80,469,244,78
1809,877,1306,Sham19Y0018103,3778,625,1207,285,62
1809,877,1329,Sham19Y0018103,4042,760,1376,304,62
1809,222,421,Shamela0001687,9843,1271,1492,118,66
1809,993,1306,Sham19Y0014592,224,79,428,248,88
1809,877,1306,Sham19Y0014592,478,219,759,303,68
1809,993,1306,Sham19Y0014592,752,1,350,248,88
1809,1035,1306,Sham19Y0014592,1026,1,308,214,87
1809,915,1329,Sham19Y0014592,1310,5,538,284,65
1809,877,1125,Sham19Y0014592,1575,1272,1595,161,59
1809,1127,1310,Sham19Y0014592,1576,1,220,141,81
1809,877,1306,Sham19Y0014592,1840,1022,1562,301,68
1809,877,1306,Sham19Y0014592,2110,235,775,301,68
1809,877,1209,Sham19Y0014592,2359,1127,1534,226,67
1809,877,1306,Sham19Y0014592,2607,334,878,301,67
1809,877,1306,Sham19Y0014592,2856,482,1026,302,68
1811,1392,1591,JK010637,166,240,375,109,67
1821,1195,1587,Shia003636Vols,13276,872,1241,223,64
1821,1195,1626,JK007040,24,882,1343,336,89
1821,1195,1580,Shamela0009788,1819,401,821,228,63
1822,217,559,JK007040,23,1135,1475,264,97
1822,1,162,JK007040,24,1343,1492,116,88
1827,1237,1558,JK007143,2776,66,355,157,52
1827,1255,1574,JK001302,376,443,1121,195,32
1827,1255,1574,Sham19Y0018100,1376,75,599,202,43
1828,204,570,Shamela0004473,16318,924,1303,292,91
1828,211,429,JK007081,1071,409,601,154,84
1828,242,570,JK000064,240,1,342,260,90
1829,868,1084,Shamela0035073,97,971,1272,169,68
1829,877,1084,JK001460,269,16,307,160,67
1830,441,707,Sham19Y0020762,2059,485,758,196,87
1830,441,707,JK000882,26,1033,1293,195,91
1830,441,707,Shamela0010551,15,1279,1545,213,100
1830,510,707,Hindawi092480704,40,1,235,137,72
1830,441,707,Shamela0037475,11,673,948,213,96
1830,441,707,Shamela0010283,457,1067,1308,174,81
1830,441,707,Shamela0009429,227,693,934,188,86
1831,1126,1385,ShamAY0007299,3866,1106,1385,140,61
1831,792,964,Shamela0000135,53,565,727,123,90
1831,561,1445,Shamela0035073,97,1272,1574,161,23
1831,792,985,JK000882,13,363,584,133,72
1831,561,1393,JK001460,269,307,1569,327,26
1831,1335,1480,Hindawi092480704,4,825,971,112,94
1831,824,964,Hindawi092480704,7,1,140,107,97
1831,852,959,JK001189,30,333,444,79,86
1833,256,484,JK007081,350,869,1425,161,34
1838,1200,1428,JK000064,350,678,924,168,81
1838,1,130,Sham19Y0020562,1348,1160,1289,106,100
1838,130,566,Sham19Y0020562,1349,283,730,256,53
1839,1337,1583,JK000064,350,883,1103,179,89
1840,1020,1234,Sham19Y0003742,238,736,951,170,98
1844,481,795,JK000849,2388,293,992,201,34
1848,779,963,JK001460,366,298,469,136,91
1848,799,963,Sham19Y0036540,4398,1071,1223,118,90
1848,392,549,Sham19Y0020562,1481,761,959,116,73
1851,471,651,Shia003932Vols,57,638,926,124,52
1857,1440,1567,Sham19Y0016595,192,596,716,95,94
1859,391,581,Shia003932Vols,84,1074,1264,156,98
1859,1449,1578,Shamela0023018,711,759,888,102,99
1859,1449,1578,Sham19Y0017726,1813,757,947,102,67
1860,123,258,JK000849,2399,9,131,91,88
1860,831,1493,JK000849,2405,1192,1399,118,21
1860,134,234,Sham19Y0017726,1813,933,1029,71,95
1862,355,535,Sham19Y0020562,1370,1099,1311,137,80
1866,373,594,Hindawi059616186Vols,1088,1034,1314,147,63
1866,1085,1277,Hindawi059616186Vols,1089,1150,1342,157,94
1867,958,1152,Hindawi059616186Vols,1089,1426,1641,142,74
1868,938,1140,Shamela0010614,70,907,1109,165,96
1868,752,931,Shamela0010614,70,1,183,137,92
1868,752,931,Hindawi084739682,125,1068,1250,137,92
1868,120,400,Hindawi059616186Vols,1090,1,555,218,48
1868,1248,1646,Shamela0010706,120,269,669,311,94
1868,735,931,Hindawi030536269,286,1299,1558,149,71
1868,752,938,Hindawi030536269,679,697,882,136,89
1868,752,931,Sham19Y0026523,6103,808,991,137,92
1870,1296,1566,Hindawi059616186Vols,1091,1304,1659,125,34
1871,766,963,Hindawi059616186Vols,1093,1,368,130,41
1872,361,1306,Hindawi059616186Vols,1093,688,1023,270,35
1873,1,141,JK000849,2529,65,590,100,23
1873,378,861,Hindawi059616186Vols,1093,1018,1612,251,46
1874,180,603,Hindawi059616186Vols,1094,64,421,222,65
1875,404,802,Shamela0006947,14455,317,552,139,42
1875,926,1079,Hindawi059616186Vols,1094,1194,1347,127,99
1875,154,335,Hindawi059616186Vols,1094,811,1013,137,78
1875,364,671,Shia003636Vols,6911,448,840,142,41
1876,1180,1327,Shamela0035073,156,424,562,110,93
1876,1180,1327,JK000468,1145,186,324,110,93
1876,1180,1327,Hindawi079072819,41,911,1049,110,93
1876,597,1327,Hindawi059616186Vols,1095,42,868,325,37
1876,1180,1327,JK001437,3,1,139,110,93
1877,226,1300,Hindawi059616186Vols,1095,909,1406,394,45
1882,734,874,Hindawi039308515,46,1421,1562,113,98
1882,734,869,JK000803,36,251,385,105,95
1882,734,874,JK000916,14977,332,472,114,100
1883,539,740,Sham19Y0013257,797,325,687,91,25
1883,539,740,Sham19Y0016826,2109,1052,1442,91,24
1884,188,294,Rafed0002679Vols,376,1382,1488,82,99
1884,182,321,Shamela0010551,411,400,576,108,77
1886,472,689,Shamela0023018,118,1089,1305,155,91
1886,472,689,Sham19Y0029600,54,6,194,125,71
1886,516,684,Sham19Y0133358,543,410,558,109,81
1886,542,689,JK001327,403,102,233,92,79
1894,529,923,Hindawi062708494,4,624,1021,318,97
1898,511,682,Shamela0006947,14454,1024,1195,133,98
1898,511,682,Sham19Y0036540,4399,713,1172,124,33
1900,1076,1483,ShamAY0032184,126,1,422,245,62
1901,600,935,ShamAY0032184,126,998,1322,267,96
1907,1,211,Sham19Y0014827,163,1251,1493,131,67
1907,213,430,Sham19Y0014827,164,1,257,152,74
1907,1,392,Sham19Y0014827,343,690,1149,272,74
1907,1,392,Sham19Y0014827,519,663,1122,272,74
1907,1,392,Sham19Y0018103,235,48,587,268,63
1907,79,392,Sham19Y0018103,501,82,471,244,78
1907,1,415,Sham19Y0018103,1004,695,1270,287,63
1907,79,392,Sham19Y0018103,1266,102,491,244,78
1907,1,392,Sham19Y0018103,1518,846,1385,268,63
1907,1,415,Sham19Y0018103,1755,795,1368,287,63
1907,105,392,Sham19Y0018103,2014,1,364,222,77
1907,1,392,Sham19Y0018103,2270,756,1295,268,63
1907,1,316,Sham19Y0018103,2528,1098,1529,209,61
1907,1,392,Sham19Y0018103,2796,21,564,268,62
1907,1,392,Sham19Y0018103,3053,256,799,268,62
1907,1,392,Sham19Y0018103,3295,490,1033,268,62
1907,79,392,Sham19Y0018103,3531,80,469,244,78
1907,1,392,Sham19Y0018103,3778,664,1207,268,62
1907,1,415,Sham19Y0018103,4042,799,1376,287,62
1907,79,392,Sham19Y0014592,224,79,428,248,88
1907,1,392,Sham19Y0014592,478,252,759,284,68
1907,79,392,Sham19Y0014592,752,1,350,248,88
1907,121,392,Sham19Y0014592,1026,1,308,214,87
1907,1,415,Sham19Y0014592,1310,5,538,284,65
1907,1,211,Sham19Y0014592,1575,1305,1595,142,59
1907,213,396,Sham19Y0014592,1576,1,220,141,81
1907,1,392,Sham19Y0014592,1840,1055,1562,282,68
1907,1,392,Sham19Y0014592,2110,268,775,282,68
1907,1,295,Sham19Y0014592,2359,1160,1534,207,67
1907,1,392,Sham19Y0014592,2607,367,878,282,67
1907,1,392,Sham19Y0014592,2856,515,1026,283,68
1908,1,385,Shamela0006947,14103,1286,1670,311,99
1908,385,1578,Shamela0006947,14104,1,1120,895,92
1909,617,734,Shamela0006909,91,606,722,87,94
1909,559,734,Sham19Y0020762,254,621,769,99,73
1909,617,734,Sham19Y0000760,28,333,449,86,94
1909,1,466,Shamela0006947,14104,1120,1584,378,99
1909,466,1615,Shamela0006947,14105,1,1147,919,97
1909,555,734,JK011658,165,1373,1508,100,71
1909,611,734,JK010372,5,421,557,93,86
1909,617,739,JK009230,429,1317,1438,89,93
1909,617,734,Sham19Y0036072,289,242,358,85,93
1909,563,734,Shamela0006040,7,127,283,94,70
1909,617,754,JK010766,288,1250,1379,93,88
1909,563,734,Masaha003390Vols,200,95,245,101,75
1910,1,477,Shamela0006947,14105,1147,1623,390,100
1910,477,1622,Shamela0006947,14106,1,1164,930,98
1911,1,410,Shamela0006947,14106,1164,1576,326,98
1911,410,1600,Shamela0006947,14107,1,1148,930,95
1912,1,448,Shamela0006947,14107,1148,1600,356,97
1912,448,1633,Shamela0006947,14108,1,1182,957,97
1913,1,482,Shamela0006947,14108,1182,1659,377,92
1913,485,1598,Shamela0006947,14109,1,1115,885,97
1914,1,439,Shamela0006947,14109,1115,1551,334,92
1914,439,1627,Shamela0006947,14110,1,1186,955,96
1915,1,462,Shamela0006947,14110,1186,1648,372,99
1915,462,1648,Shamela0006947,14111,1,1185,965,99
1916,1,466,Shamela0006947,14111,1185,1651,378,99
1916,466,1543,Shamela0006947,14112,1,1077,877,99
1917,1,632,Shamela0006947,14168,1189,1642,372,71
1917,632,1638,Shamela0006947,14169,1,791,638,77
1918,1,772,Shamela0006947,14169,791,1563,613,99
1918,772,1531,Shamela0006947,14170,1,760,612,99
1919,1,789,Shamela0006947,14170,760,1550,629,98
1919,789,1568,Shamela0006947,14171,1,785,628,98
1919,909,1016,Hindawi041969168,92,363,470,86,100
1920,1,829,Shamela0006947,14171,785,1608,667,98
1920,829,1598,Shamela0006947,14172,1,772,621,99
1921,1,775,Shamela0006947,14172,772,1547,622,99
1921,775,1552,Shamela0006947,14173,1,778,623,99
1922,1,782,Shamela0006947,14173,778,1561,633,99
1922,782,1583,Shamela0006947,14174,1,802,648,99
1923,1,744,Shamela0006947,14174,802,1547,585,97
1923,744,1540,Shamela0006947,14175,1,798,643,99
1924,1,911,Shamela0006947,14175,798,1608,661,88
1924,911,1629,Shamela0006947,14176,1,719,585,100
1925,1225,1389,Shamela0006909,253,1314,1478,127,96
1925,1225,1389,Shamela0009856,324,499,661,127,96
1925,1,729,Shamela0006947,14176,719,1444,589,99
1925,714,1598,Shamela0006947,14220,222,1114,710,98
1925,1225,1389,Shamela0011469,445,775,939,126,97
1925,1206,1389,JK006910,73,1022,1204,143,98
1925,1225,1389,Shamela0001032,164,55,219,128,98
1926,498,759,JK010637,309,710,980,188,87
1926,1,461,Shamela0006947,14220,1114,1575,377,99
1926,461,1569,Shamela0006947,14221,1,1106,884,99
1926,1186,1417,JK003609,1990,1308,1539,179,97
1926,1167,1505,Shamela0001032,200,204,540,260,96
1927,1,434,Shamela0006947,14221,1106,1539,350,100
1927,434,1608,Shamela0006947,14222,1,1164,935,97
1928,1,445,Shamela0006947,14222,1164,1607,357,99
1928,445,1593,Shamela0006947,14223,1,1140,916,97
1929,1,447,Shamela0006947,14223,1140,1587,358,99
1929,447,1562,Shamela0006947,14224,1,1119,902,99
1930,1,481,Shamela0006947,14224,1119,1598,389,98
1930,481,1617,Shamela0006947,14225,1,1136,921,99
1931,719,904,Shamela0011788,329,653,881,149,79
1931,719,904,Shia003634Vols,854,1318,1456,86,56
1931,709,904,Shamela0005390,58,274,514,155,78
1931,730,904,Hindawi018605304,85,1,218,141,78
1931,719,904,Shamela0010798,128,1118,1346,144,77
1931,719,904,Sham19Y0073348,1342,844,1073,151,79
1931,719,904,Masaha004227,36,810,1038,149,79
1931,719,904,Shamela0005446,131,322,550,150,79
1931,719,856,Shamela0031371,714,874,1054,113,76
1931,719,904,Rafed0002341Vols,1393,1058,1286,148,78
1931,1,481,Shamela0006947,14225,1136,1616,392,99
1931,481,1630,Shamela0006947,14226,1,1151,930,99
1931,719,904,Shamela0012398,865,52,236,120,78
1931,713,856,Sham19Y0036540,483,1190,1333,113,96
1931,719,904,Hindawi028041486,39,839,1067,153,81
1931,719,904,JK001305,314,895,1123,153,81
1931,719,856,Shamela0001002,1472,1436,1573,111,98
1931,709,917,JK001477,139,815,1060,163,78
1931,719,904,JK003609,1988,270,456,113,59
1931,709,917,Hindawi035938090,7,735,998,166,76
1931,704,904,Shamela0021508,105,54,321,160,72
1931,719,904,Shamela0001000,80,536,765,148,78
1931,704,904,Shamela0006624,407,267,506,154,76
1931,719,904,Sham19Y0026523,3204,380,609,153,80
1931,709,904,JK010724,138,606,798,153,95
1931,719,904,Shamela0004445,5515,381,610,149,79
1931,719,904,Shamela0009229,243,178,406,151,80
1931,719,904,Hindawi094061468,279,911,1139,152,80
1931,719,904,Shamela0011056BK1,25,584,812,149,79
1931,713,904,Shamela0012086,39,667,905,149,76
1931,719,904,Shamela0009607,598,289,743,153,40
1931,719,904,Shia003636Vols,4415,452,680,149,79
1931,719,904,Shamela0023735,2979,161,389,152,80
1931,719,856,Tafsir07076,1867,107,244,113,100
1931,719,904,Hindawi041584975,61,683,869,148,96
1931,719,904,Hindawi092903907,30,172,399,153,81
1931,719,904,Shamela0011790,244,1161,1346,145,95
1931,719,917,Shamela0011790,2483,1114,1355,149,75
1931,719,904,Shamela0009788,878,92,320,151,80
1932,1,458,Shamela0006947,14226,1151,1602,366,98
1932,458,1581,Shamela0006947,14227,1,1110,877,94
1933,1,458,Shamela0006947,14227,1110,1567,368,100
1933,458,1494,Shamela0006947,14228,1,1040,829,99
1934,1,1361,Shamela0006947,14285,250,1608,1104,99
1934,1361,1601,Shamela0006947,14286,1,242,193,99
1934,678,979,JK010565,121,948,1319,183,61
1935,1446,1557,JK010665,129,443,554,88,100
1935,547,682,Rafed0002679Vols,1880,537,675,98,83
1935,1446,1557,Sham19Y0073348,890,582,693,86,98
1935,1446,1557,Shamela0006633,79,1082,1189,82,93
1935,542,682,Shamela0005446,828,171,329,99,78
1935,542,682,Sham19Y0020762,46,868,1038,103,75
1935,1,1326,Shamela0006947,14286,242,1570,1068,98
1935,1326,1562,Shamela0006947,14287,1,237,189,99
1935,553,682,ShamAY0034457,59,129,299,92,67
1935,1446,1557,Hindawi092480708,75,52,163,88,100
1935,1446,1557,Shamela0001002,1421,573,684,88,100
1935,1446,1557,Shamela0021510,70,56,171,88,96
1935,1446,1557,JK003609,1610,122,233,88,100
1935,542,682,Sham19Y0013680,940,35,188,101,81
1935,547,682,Shamela0005448,75,1030,1188,101,78
1935,547,682,JK001001,231,65,203,99,84
1935,1446,1557,JK007568,6,1190,1301,88,100
1935,1446,1557,Sham19Y0013666,236,653,764,88,100
1935,1,417,JK010565,119,962,1299,217,64
1935,1446,1557,Shamela0009229,785,1281,1393,87,97
1935,1446,1557,ShamAY0005375,201,1158,1270,88,99
1935,1446,1557,Sham19Y0073350,172,128,239,88,100
1936,1225,1374,Shamela0095860,74,881,1074,103,63
1936,306,416,Sham19Y0029560,544,1121,1231,84,98
1936,1,1355,Shamela0006947,14287,237,1591,1097,99
1936,1355,1609,Shamela0006947,14288,1,254,206,99
1936,306,447,Shamela0011056BK3,25,1140,1285,90,67
1936,306,411,Shamela0023789,151,611,716,82,100
1936,306,411,Shamela0004445,4772,61,166,81,99
1936,306,411,Shamela0005406,220,471,576,82,100
1936,1225,1374,JK007596,3,153,344,98,60
1937,765,931,Shamela0006909,292,428,602,106,74
1937,1,1373,Shamela0006947,14288,254,1580,1054,94
1937,1373,1596,Shamela0006947,14289,1,224,183,100
1937,774,931,JK010734,54,331,687,96,33
1938,1,1393,Shamela0006947,14289,224,1611,1111,97
1938,1393,1596,Shamela0006947,14290,1,204,163,100
1939,1,1355,Shamela0006947,14290,204,1546,1075,98
1939,1355,1550,Shamela0006947,14291,1,196,158,100
1940,1088,1427,JK010637,362,790,1203,190,56
1940,1088,1427,JK010744,56,224,624,188,56
1940,1,1384,Shamela0006947,14291,196,1585,1105,97
1940,1384,1587,Shamela0006947,14292,1,205,164,99
1940,1120,1427,JK001477,61,701,1227,190,45
1940,1088,1427,JK003609,5362,303,754,203,55
1940,1120,1427,Sham19Y0150966,557,667,1139,176,45
1940,1244,1427,Hindawi038697931,48,37,216,122,84
1940,1088,1427,Hindawi038697931,205,896,1339,188,49
1941,1,1355,Shamela0006947,14292,205,1558,1091,99
1941,1355,1554,Shamela0006947,14293,1,199,154,97
1942,1,1405,Shamela0006947,14293,199,1602,1137,99
1942,1405,1629,Shamela0006947,14294,1,225,184,100
1942,670,776,Shamela0001000,809,225,331,84,99
1942,670,776,Shamela0004445,5708,1054,1160,84,99
1943,1,476,Shamela0006947,14294,225,701,387,99
1943,476,737,Shamela0006947,14374,1338,1599,213,100
1943,737,1611,Shamela0006947,14375,1,866,697,98
1944,1,732,Shamela0006947,14375,866,1595,589,99
1944,732,1613,Shamela0006947,14376,1,877,712,98
1945,1315,1418,Shamela0037494,24,562,665,82,100
1945,1,767,Shamela0006947,14376,877,1645,623,99
1945,767,1607,Shamela0006947,14377,1,843,679,99
1945,1305,1425,JK001477,234,1092,1212,85,89
1945,1315,1418,JK010766,334,89,192,82,100
1945,1315,1418,Hindawi085925824,134,216,319,82,100
1946,771,947,Shamela0000580,103,347,487,91,62
1946,775,947,Shamela0006909,383,373,548,133,95
1946,785,947,Sham19Y0147597,891,112,275,129,99
1946,785,947,Shamela0026102,14,64,179,91,70
1946,775,947,JK010727,46,300,474,133,95
1946,775,947,Shamela0021105,38,1161,1336,133,95
1946,785,947,Sham19Y0023644,4389,236,351,88,69
1946,785,947,Shamela0007867,6,650,814,125,96
1946,775,947,Shamela0001349,436,630,757,89,65
1946,785,947,EScr202304041409,12,1192,1418,85,39
1946,775,947,JK010637,314,1142,1310,133,96
1946,767,947,Sham19Y0020986,110,688,864,134,93
1946,775,888,Shamela0000736,2589,1156,1272,80,88
1946,785,888,JK010611,44,1319,1422,82,100
1946,785,947,Shamela0005446,189,8,167,125,96
1946,775,947,Sham19Y0020762,333,850,1075,130,70
1946,1,763,Shamela0006947,14377,843,1605,623,100
1946,763,1552,Shamela0006947,14378,1,781,615,97
1946,785,947,Shamela0035100,2531,592,755,129,99
1946,771,947,Sham19Y0000259,442,927,1056,99,71
1946,785,965,Sham19Y0036110,380,177,348,126,87
1946,780,947,JK001477,232,410,578,131,98
1946,775,947,Shamela0010428BK1,15,279,447,129,94
1946,775,947,JK009365,318,494,621,92,67
1946,785,947,ShamAY0036737,158,635,798,127,98
1946,785,947,Shamela0023741,49,803,918,91,70
1946,785,947,JK000927,565,925,1088,129,99
1946,785,956,JK000927,589,637,822,136,91
1946,780,947,JK000021,2370,1094,1264,128,94
1946,785,947,Sham19Y0021505,159,1117,1232,88,69
1946,406,947,Sham19Y0021505,288,977,1302,168,31
1946,771,947,Shamela0007473,27,741,865,95,68
1946,785,956,Kraken22021606121201,307,260,454,116,66
1946,785,947,JK009320,81,334,498,128,98
1946,785,947,JK010253,5,523,686,129,99
1946,785,947,Shamela0001000,270,261,424,129,99
1946,785,947,JK001336,217,819,934,87,68
1946,775,947,Shamela0000558,276,456,631,133,95
1946,767,947,Shamela0010509,60,804,1004,133,84
1946,775,947,Sham19Y0148535,40,596,795,127,80
1946,775,947,Shamela0005433,50,814,989,133,95
1946,785,947,JK000974,144,528,691,129,99
1946,780,947,Shamela0036082,46,211,373,126,95
1946,785,947,Shamela0006944,125,1267,1429,123,95
1946,785,947,Shamela0003118,5527,117,231,90,70
1946,771,947,JK010766,191,688,862,133,93
1946,785,947,JK006907,107,812,976,128,98
1946,775,947,Shamela0010428BK3,15,279,447,129,94
1946,785,947,JK007613,51,305,468,124,96
1946,785,947,Shamela0010283,497,1180,1343,123,95
1946,785,947,JK000916,19070,170,285,91,70
1946,775,947,JK010738,81,1126,1301,128,92
1946,780,947,ShamAY0034809,404,1095,1265,129,94
1946,785,947,Masaha004568Vols,42,1187,1350,127,98
1946,767,947,Shia004021,111,270,452,132,91
1946,780,947,JK010473,158,694,863,128,95
1946,785,947,Hindawi017160604,613,389,551,129,100
1946,785,947,Shamela0009788,1006,433,596,128,98
1947,671,785,Hindawi086427138,8,570,686,91,98
1947,1,721,Shamela0006947,14378,781,1495,572,98
1947,721,1500,Shamela0006947,14379,1,780,619,99
1948,134,292,JK010665,35,490,638,116,92
1948,134,292,Shamela0012715,474,538,643,77,60
1948,123,292,Shamela0000623BK1,46,804,1024,122,68
1948,134,292,JK010776,153,222,434,111,64
1948,134,307,Sham19Y0023644,6209,760,996,118,63
1948,134,292,ShamAY0033832,123,83,294,114,67
1948,134,292,Shamela0023788,305,1330,1488,121,96
1948,112,292,JK010658,38,689,909,121,64
1948,145,292,Zaydiyya0000543,60,1,152,110,89
1948,134,292,JK006900,182,991,1202,119,69
1948,134,292,Sham19Y0029560,988,440,651,114,67
1948,134,307,Shamela0005446,952,30,249,117,64
1948,134,295,EScr230320080639,17,923,1140,90,52
1948,134,292,ShamAY0033644,3,156,313,116,92
1948,1,807,Shamela0006947,14379,780,1527,600,91
1948,807,1569,Shamela0006947,14380,1,764,615,99
1948,123,292,Shamela0009631,256,400,577,119,84
1948,134,292,Shamela0009091,748,193,404,110,65
1948,134,292,Sham19Y0000259,462,1314,1419,77,60
1948,134,292,Shamela0005351,13,119,330,118,68
1948,134,295,Sham19Y0127698,512,1165,1381,114,65
1948,134,292,JK003609,5835,891,1105,114,66
1948,134,307,Shamela0012396BK2,14,704,935,128,70
1948,134,292,Hindawi030207395,330,468,627,120,95
1948,134,303,Sham19Y0018147,1345,883,1051,120,89
1948,134,292,Hindawi059495261,96,410,674,115,55
1948,134,292,Shamela0010512,79,281,438,113,90
1948,134,292,Hindawi074806249,13,354,512,120,96
1948,134,292,Shamela0006624,380,661,766,77,60
1948,134,292,Shamela0005392,82,944,1156,124,73
1948,134,292,Shamela0004445,5439,713,924,113,67
1948,123,307,Shia003636Vols,12720,144,420,134,61
1948,123,292,Shamela0010283,1466,850,1019,127,91
1948,171,307,ShamAY0005375,411,1,184,94,63
1948,119,295,Shamela0006743,798,1042,1266,117,63
1948,134,292,ShamAY0037021,169,14,226,115,69
1948,123,295,Kraken220413030940,59,559,735,122,86
1948,134,292,Shamela0009788,1579,491,701,113,67
1949,1,807,Shamela0006947,14380,764,1571,652,98
1949,807,1564,Shamela0006947,14381,1,756,605,99
1950,1,295,Shamela0006947,14381,756,1059,227,90
1950,278,682,Shamela0006947,14504,1218,1625,321,92
1950,682,1662,Shamela0006947,14505,1,949,751,94
1951,1,677,Shamela0006947,14505,949,1622,541,98
1951,677,1617,Shamela0006947,14506,1,934,714,91
1952,876,1061,Hindawi092963020,582,6,188,132,89
1952,1,643,Shamela0006947,14506,934,1587,521,98
1952,643,1631,Shamela0006947,14507,1,891,703,86
1953,1,381,Shamela0006947,14507,891,1204,222,69
1953,355,1116,Shamela0006947,14508,189,937,588,93
1954,232,443,Shamela0028173,34,1262,1476,166,96
1954,226,443,Shamela0005446,36,586,806,165,94
1954,1184,1358,Shamela0012398,404,592,801,128,76
1954,232,443,JK001305,38,464,676,160,94
1954,232,447,Shamela0005448,338,529,746,166,95
1954,1184,1405,Shamela0011056BK1,204,971,1214,136,69
1955,472,613,Sham19Y0000760,19,19,146,88,78
1955,483,613,JK001305,331,427,567,99,90
1955,483,618,Sham19Y0016759,33,1381,1516,100,94
1955,483,625,Hindawi041584975,43,1125,1330,103,64
1956,476,710,Shamela0023788,371,20,370,153,56
1956,476,710,Shamela0005446,599,116,459,145,54
1956,467,710,Shamela0010551,517,200,559,130,44
1956,467,710,JK001305,339,910,1407,156,40
1956,476,710,Shamela0009427,197,527,775,109,44
1956,467,710,Shia003636Vols,8654,205,782,124,27
1957,671,840,Shamela0001002,1290,638,747,80,59
1957,260,412,JK009296,581,112,271,97,76
1958,908,1013,JK009304,9,1,443,75,21
1958,1097,1269,Shamela0001002,353,682,853,67,38
1959,456,573,Shamela0006909,91,606,722,87,94
1959,427,573,Sham19Y0020762,254,625,769,94,83
1959,1086,1331,ShamAY0033769,48,509,1182,170,30
1959,456,573,Sham19Y0000760,28,333,449,86,94
1959,427,573,Shamela0006947,14105,104,270,105,80
1959,427,573,JK011658,165,1382,1508,95,82
1959,441,573,JK010372,5,417,557,100,90
1959,1068,1198,JK003609,4943,1197,1340,106,90
1959,1068,1331,Shamela9007669,130,841,1309,197,51
1959,1027,1194,Sham19Y0095660,58,371,563,120,77
1959,456,573,JK009230,429,1317,1433,85,93
1959,456,573,Sham19Y0036072,289,242,358,85,93
1959,427,573,Shamela0006040,7,127,283,97,76
1959,456,573,JK010766,288,1250,1366,87,94
1959,1068,1331,Shamela0001003,458,861,1336,210,54
1959,427,573,Masaha003390Vols,200,95,245,97,82
1962,473,846,Zaydiyya0000090BK1,126,111,804,142,21
1962,506,839,Shamela0001000,1383,143,679,85,14
1963,977,1119,Shamela0001002,283,313,450,103,90
1963,931,1119,Shamela0006630,157,1087,1319,137,74
1963,1296,1575,Shamela0009788,1212,478,757,133,50
1964,1116,1229,JK010561,319,29,142,83,93
1964,1099,1229,Shia002185Vols,82,1158,1325,95,74
1964,1014,1229,Rafed0002209Vols,1838,1035,1254,122,64
1964,1116,1242,Shamela0006947,13497,927,1052,78,83
1964,1089,1229,Shamela0012398,195,172,312,104,96
1964,1116,1233,JK007556,116,103,220,86,95
1964,1116,1229,Hindawi019139738,116,1285,1396,84,96
1964,1089,1229,Shamela0001000,776,1138,1278,105,97
1964,1116,1229,Shamela0000558,302,681,794,83,95
1964,1116,1229,JK009230,160,1023,1136,83,95
1964,1010,1229,Shamela0003118,5143,357,576,125,66
1964,1116,1229,Hindawi050704646,131,405,516,81,93
1964,1116,1229,MMS00005,25,1015,1128,81,93
1964,1089,1229,JK000916,17667,1,136,102,93
1964,1116,1229,Hindawi017160604,474,194,307,83,95
1964,6,217,Shamela0009788,1212,606,1014,127,39
1965,1230,1379,Shia002185Vols,648,655,805,118,97
1965,1230,1379,Hindawi013957902,88,756,906,114,90
1965,1230,1379,ShamAY0032251,64,626,1060,118,33
1965,1230,1379,JK001460,516,551,701,119,98
1965,1,183,Shamela0001002,1277,428,604,113,74
1965,1230,1379,JK000919BK1,141,1130,1279,120,99
1965,1230,1379,JK009325,949,889,1143,117,57
1965,1230,1379,JK009230,654,1175,1325,116,92
1965,1230,1379,Sham19Y0018100,926,741,891,118,97
1965,1230,1385,Hindawi080603582,129,1101,1257,115,91
1965,1230,1379,Shamela0006944,110,699,848,114,90
1965,1230,1379,ShamAY0005375,193,44,194,120,98
1965,1230,1379,JK001096,7,325,475,117,96
1965,1230,1379,Shamela0001585,165,1294,1442,119,98
1966,882,1008,Shamela0028175,53,391,783,55,15
1966,867,1008,Hindawi048242959,39,444,908,96,25
1967,363,592,Sham19Y0147597,892,155,337,126,67
1967,385,783,JK010665,27,301,727,113,23
1967,674,783,JK001046,121,1416,1527,82,93
1967,674,783,Kraken220201000819,154,581,690,83,96
1967,674,783,Shamela0023788,501,520,629,86,99
1967,1110,1266,Shamela0005446,922,1113,1391,71,26
1967,376,548,JK003609,2181,844,1107,112,52
1967,1319,1424,JK000927,671,190,294,78,95
1967,376,592,JK000927,683,818,1140,145,56
1967,385,502,Sham19Y0021505,290,992,1197,92,56
1967,674,783,JK001001,241,1486,1595,87,100
1967,629,783,Sham19Y0011151,869,1145,1269,92,75
1967,674,783,Sham19Y0011151,870,36,145,87,100
1967,376,592,Kraken22021606121201,354,1041,1438,142,44
1967,376,783,Sham19Y0018147,1337,668,1259,162,27
1967,354,502,Shamela0012289,25,939,1218,111,50
1967,629,783,Hindawi085925824,43,1232,1368,104,85
1967,376,592,Shia003636Vols,4946,407,729,145,55
1967,1319,1424,Shia003636Vols,4948,34,138,78,95
1967,1319,1424,Hindawi017160604,676,970,1074,78,95
1967,376,592,Hindawi017160604,678,676,993,148,58
1968,276,419,Sham19Y0000259,1054,1154,1478,82,31
1968,276,419,Shamela0001002,1093,732,1056,88,33
1968,748,924,Shamela0001002,1178,726,1172,114,32
1969,530,643,Sham19Y0023644,6327,642,869,75,42
1969,530,643,Shamela0004473,882,910,1143,76,42
1969,530,637,Shamela0000728,156,555,714,79,61
1969,530,643,Shamela0012398,693,151,378,75,42
1969,530,643,JK011658,61,530,866,75,28
1969,530,633,Sham19Y0038155,35,815,1195,74,25
1969,530,643,JK010743,63,956,1129,75,56
1969,530,643,JK003609,5397,390,564,73,54
1969,530,643,Shamela0012406,3509,120,347,75,42
1969,530,643,ShamAY0001760,60,1136,1474,74,28
1969,530,633,Shamela0027084,228,422,638,74,43
1969,530,643,Sham19Y0026523,111,715,1054,75,28
1969,530,643,Shamela0095735,35,802,1029,75,42
1969,530,637,Sham19Y0017056,1554,440,603,80,63
1969,973,1083,ShamAY0033734,49,564,934,72,24
1969,530,643,Shamela0004445,5417,792,1019,75,42
1969,530,643,Shamela0010016,35,35,262,76,43
1969,530,643,JK009245,44,834,1061,75,42
1969,530,643,Sham19Y0016728,42,906,1133,75,42
1969,530,643,Shamela0006739,773,673,900,75,42
1969,522,637,Shamela0006743,773,1027,1198,78,57
1969,530,643,Sham19Y0014592,763,26,254,75,42
1970,683,888,JK006919,670,776,951,129,79
1970,683,814,JK006919,674,444,565,93,89
1970,314,485,Shamela0000515,34,841,999,119,86
1970,314,485,Sham19Y0023644,5107,102,308,117,66
1970,708,814,JK010637,392,623,729,85,100
1970,708,814,Shamela0006911,40,960,1066,84,99
1970,1088,1252,Sham19Y0029560,1273,593,737,91,70
1970,53,235,Shamela0005446,512,859,1274,91,27
1970,301,485,Sham19Y0020762,2218,98,216,70,45
1970,1093,1266,Shamela0009091,986,719,862,90,67
1970,708,814,Shamela0010428BK1,200,399,505,85,100
1970,1119,1257,Shamela9007669,846,1418,1583,89,62
1970,53,235,JK009365,379,994,1133,67,40
1970,314,485,JK000927,3537,69,239,131,89
1970,53,229,JK000927,3604,185,671,88,22
1970,1017,1252,JK009370Vols,1967,1149,1337,101,55
1970,999,1266,Sham19Y0018147,1619,552,721,110,51
1970,999,1266,Shamela0001000,825,992,1156,115,53
1970,544,678,Shamela0001000,1484,389,720,101,36
1970,708,814,Shamela0010428BK15,10,609,715,85,100
1970,999,1252,JK001325,311,128,277,113,55
1970,708,859,Shia003636Vols,13063,285,446,95,74
1970,703,907,Shamela0010283,877,219,443,112,56
1970,314,485,ShamAY0005375,5,98,257,125,90
1970,1124,1252,JK001330,1154,598,717,84,78
1972,604,793,JK010637,7,938,1266,141,52
1974,433,712,JK007143,2470,975,1228,154,61
1974,1003,1136,JK007143,3209,1327,1460,108,99
1974,294,716,Shamela0023789,1405,752,1119,210,56
1974,1003,1136,Shamela0023789,1437,1248,1381,108,99
1974,1147,1359,Shamela0023789,1438,740,943,141,79
1974,1173,1319,JK010766,371,245,429,96,62
1975,1,371,JK001019,313,476,628,106,35
1976,992,1195,Sham19Y0003742,649,1191,1313,88,56
1977,956,1199,JK000927,1724,253,538,146,61
1977,1067,1199,JK000927,3374,1031,1162,101,96
1977,956,1199,Shamela0023790,598,1075,1321,178,90
1977,959,1199,JK001001,55,285,559,169,75
1977,959,1199,JK006908,206,185,381,141,73
1977,998,1199,Kraken22021606121201,736,862,1119,132,65
1977,956,1205,JK009325,1779,1081,1394,151,61
1977,1041,1199,JK009288,393,312,472,114,90
1977,959,1199,Shamela0000558,122,395,648,152,75
1977,959,1199,Shamela0023789,1646,1078,1321,174,88
1977,1041,1199,JK009362,187,909,1067,126,99
1977,1094,1199,JK009362,4539,637,742,83,100
1977,1094,1199,JK006907,186,142,247,83,100
1977,1067,1199,JK007627,6,887,1018,100,95
1977,959,1199,Shamela0007380,123,375,649,168,74
1978,675,786,Rafed0002679Vols,325,585,682,73,85
1978,675,786,Shamela0010551,203,798,895,71,83
1978,1345,1523,Shamela0001002,1456,1304,1445,94,58
1978,675,786,Shamela0009429,560,94,451,76,28
1979,717,1079,JK006919,849,16,217,128,41
1979,721,1079,JK010561,369,789,980,139,47
1979,725,1079,Shamela0001304,36,812,1237,156,36
1979,759,1079,Shia002185Vols,3915,1,199,119,43
1979,256,558,JK010638,35,1224,1499,214,87
1979,717,1030,Sham19Y0023644,3745,1168,1490,128,45
1979,717,1079,Shamela0010798,1506,31,479,160,35
1979,704,1097,Shamela0000514,103,321,620,173,50
1979,709,1097,JK001302,614,1123,1369,166,53
1979,721,1069,JK009364,114,1210,1464,145,52
1979,717,1079,JK000063,209,140,561,158,37
1979,709,1079,JK001460,620,763,999,164,55
1979,721,1079,JK000927,3237,178,436,131,44
1979,721,1079,JK006910,58,468,774,150,47
1979,1097,1364,JK006910,60,579,807,94,31
1979,721,1079,JK009325,1553,857,1176,148,44
1979,721,1079,Shamela0008505,407,778,1169,157,44
1979,704,1087,Shamela0001000,1066,487,780,149,48
1979,709,1079,Shamela0009427,99,1203,1487,144,45
1979,721,1079,Shamela0009427,100,768,1137,162,38
1979,721,1079,Shamela0023789,1426,986,1255,152,47
1979,721,1079,Shamela0003118,5711,682,1110,159,36
1979,704,1087,JK010731,135,150,445,160,47
1979,721,1087,Shia003636Vols,12926,483,775,157,45
1979,721,1079,Shamela0005406,223,518,786,150,46
1979,704,1079,Sham19Y0017724,57,1152,1495,161,43
1980,143,407,Shamela0006909,19,1117,1502,151,45
1980,153,407,Shamela0010798,2375,655,858,144,70
1980,518,659,Shamela0009427,28,533,714,105,73
1980,153,407,Shamela0009427,39,497,695,141,69
1980,180,407,Shamela0000678,92,1,164,122,68
1981,345,613,Shamela0001522,161,257,495,87,30
1982,345,606,Hindawi083168619,3,315,500,102,48
1982,1049,1254,JK010658,31,1319,1554,132,70
1982,1273,1489,JK010658,32,258,475,159,91
1982,1049,1489,Shamela0010914,17,371,1082,300,53
1982,349,546,Shamela0006945,84,838,1470,148,29
1982,1063,1494,Hindawi050926304,182,138,789,326,60
1982,1063,1259,Sham19Y0026523,4003,1119,1317,151,93
1982,1259,1494,Sham19Y0026523,4004,74,295,176,93
1982,1046,1297,JK010565,117,970,1465,189,47
1982,1297,1494,JK010565,118,1,185,143,91
1982,397,602,Shamela0023789,649,323,882,157,35
1984,625,893,Shamela0003283,369,435,1087,174,33
1984,939,1174,JK001305,304,1105,1477,186,61
1984,939,1094,Shamela0001002,708,632,786,116,96
1985,1415,1548,Rafed0002341Vols,1486,823,1000,104,73
1985,1415,1548,Shamela0012398,1234,1163,1340,104,73
1985,368,488,Sham19Y0021505,431,815,979,93,70
1985,368,488,Shia003764Vols,931,1447,1612,92,69
1985,1415,1548,Shamela0001000,116,107,284,105,74
1985,368,488,JK009229,942,780,941,92,71
1985,368,488,Kraken220208041043,394,808,971,92,70
1985,1415,1548,Shia003636Vols,4533,626,803,104,73
1985,1415,1548,Hindawi020902971,70,568,745,105,74
1985,1415,1548,ShamAY0005375,429,1087,1263,101,72
1986,1418,1545,Shamela0001000,1788,1115,1485,98,33
1986,1413,1655,Shamela0012722,899,466,950,184,48
1986,1418,1655,JK001330,1427,333,810,185,49
1987,904,1147,Shamela0028175,40,1145,1540,178,55
1987,928,1221,Sham19Y0000259,679,203,1047,226,33
1987,943,1221,JK001305,96,612,1332,212,37
1987,924,1132,Sham19Y0021505,334,1181,1562,161,52
1987,937,1168,Rafed0000230Vols,572,1180,1464,176,78
1987,943,1109,Sham19Y0013226,103,1279,1497,121,69
1987,943,1109,Shamela0009788,2007,1230,1448,127,72
1987,1109,1221,Shamela0009788,2008,49,440,82,27
1989,386,615,Shamela0012398,1322,928,1172,171,80
1989,386,646,Shamela0001000,1646,817,1125,203,79
1990,1035,1197,JK001302,615,55,241,132,86
1990,1040,1192,JK000279,273,1363,1532,124,89
1992,541,943,JK007534,14,1267,1468,127,38
1992,398,731,JK007534,15,1366,1480,91,34
1992,752,866,JK007534,39,66,180,86,96
1993,57,786,Sham19Y0023644,2537,466,936,230,37
1993,57,426,JK010732,424,314,613,164,44
1993,322,759,ShamAY0033595,13,292,608,149,35
1993,975,1160,Shamela0031371,405,1131,1344,87,41
1993,1160,1271,Shia001349Vols,62,462,571,82,92
1993,1064,1154,JK007534,1,1454,1544,68,98
1993,57,426,JK007534,41,1051,1561,293,70
1993,57,322,JK003609,2846,692,1400,170,27
1993,57,631,JK000927,3156,47,225,115,24
1993,1064,1154,ShamAY0038440,154,1243,1402,60,50
1993,1064,1154,Rafed0001574,184,571,662,68,97
1993,851,1154,JK001336,410,58,425,124,41
1993,57,623,Shamela0003118,1712,423,644,118,25
1993,116,426,Sham19Y0150966,607,1219,1529,250,98
1993,1064,1154,Shamela0012086,44,395,486,68,97
1993,1160,1271,JK009313,530,249,360,88,100
1993,57,623,JK000916,4617,287,508,120,25
1993,51,426,Sham19Y0017724,218,1148,1358,168,55
1993,57,623,Sham19Y0017724,219,1307,1528,120,25
1995,1173,1363,JK007534,2,1435,1624,148,97
1995,1363,1494,JK007534,3,1,132,106,99
1996,444,691,Sham19Y0145166,365,937,1475,148,30
1996,421,691,Sham19Y0023644,1282,95,381,145,60
1996,1438,1546,Sham19Y0023644,2543,597,707,86,97
1996,381,691,Shamela0004473,4656,115,354,165,65
1996,444,691,JK007143,2502,469,961,152,33
1996,444,691,JK010732,416,449,1030,150,28
1996,444,691,JK007534,1,16,598,154,29
1996,178,318,JK007534,38,1,140,107,95
1996,1438,1546,JK007534,44,937,1047,86,97
1996,1002,1148,JK007534,47,1,149,114,98
1996,965,1148,Sham19Y0020762,187,1071,1261,133,90
1996,1438,1546,ShamAY0031975,147,1197,1305,87,100
1996,976,1153,JK011658,133,422,601,139,98
1996,1438,1546,Sham19Y0000259,474,357,467,86,97
1996,1438,1552,JK001305,291,501,617,85,92
1996,1438,1546,Sham19Y0029676,792,305,415,86,97
1996,558,691,Sham19Y0132524,2618,835,969,106,95
1996,1438,1546,JK001099,513,950,1060,86,97
1996,1438,1546,JK001099,561,261,371,86,97
1996,1438,1546,Sham19Y0018147,827,774,884,86,97
1996,1438,1546,JK009325,296,1375,1485,83,94
1996,1438,1546,Hindawi059507481,41,179,289,86,97
1996,551,691,JK000105,813,140,280,110,95
1996,1438,1546,Shamela0000558,71,421,531,86,97
1996,1438,1546,Sham19Y0018493,55,690,797,84,94
1996,1438,1546,Shamela0001687,1726,893,1003,83,94
1996,558,691,Hindawi051519061,14,891,1024,111,100
1996,558,691,Shamela0026565,7,222,356,102,92
1996,976,1148,Tafsir01005,1787,981,1154,132,97
1996,444,691,Shamela0004445,1963,136,674,148,30
1996,1438,1546,JK006907,117,455,565,83,94
1996,1438,1546,Hindawi085925824,30,786,896,83,94
1996,444,691,JK009313,2125,337,574,148,74
1996,1438,1546,ShamAY0005375,174,632,742,86,97
1996,1438,1546,Shamela0026536,963,104,214,86,97
1996,444,670,Masaha002028Vols,1508,1042,1559,131,28
1996,1438,1546,Shamela0007380,82,1290,1400,83,94
1996,444,691,Shamela0023653,541,485,1023,148,30
1996,444,691,Shamela0009770,502,420,956,148,30
1996,976,1166,Shia001171,435,1109,1303,137,91
1996,1438,1546,Shamela0001585,153,1171,1281,86,97
1997,257,559,JK007534,25,974,1276,223,90
1997,281,546,JK009364,53,69,337,209,97
1997,281,568,JK009291,221,607,894,213,92
2002,601,777,Shamela0010614,284,990,1174,130,87
2002,605,777,Sham19Y0023644,3495,17,198,125,81
2002,601,777,JK009325,113,1330,1506,132,91
2002,601,777,Zaydiyya0000013,197,1212,1363,109,76
2002,601,777,Shamela0004445,4299,1311,1462,100,65
2005,504,730,Sham19Y0147597,722,165,396,137,70
2005,1170,1341,Shamela0010614,56,83,292,125,73
2006,838,1134,Shamela0008505,442,1002,1254,92,29
2006,208,670,Shamela0008505,443,313,692,187,48
2006,838,1134,JK009296,578,644,827,76,28
2009,613,781,Shamela0023790,418,63,223,109,79
2009,345,675,Hindawi027508303,47,814,1260,203,54
2009,1398,1551,Shamela0023789,906,107,266,122,94
2009,345,675,Shamela0023789,914,900,1341,206,56
2012,361,565,Shamela0010551,237,923,1132,128,72
2012,63,194,JK006910,149,1552,1684,104,97
2013,1194,1315,Rafed0002679Vols,469,1201,1322,97,100
2013,1194,1315,JK001019,167,716,838,86,90
2014,691,1395,Shamela0005388,13,173,1157,566,70
2018,565,743,Shamela0010614,48,953,1129,122,78
2018,969,1109,Shamela0010614,55,1286,1425,114,99
2018,957,1109,JK010637,134,1241,1392,122,98
2018,1,208,JK007143,2470,668,889,155,85
2018,1,208,Shamela0009427,121,1166,1380,155,88
2019,873,1109,Shamela0023018,140,1241,1477,179,90
2019,1181,1347,Shamela0023018,468,987,1215,123,63
2019,885,1109,Sham19Y0013231,481,1407,1527,90,50
2019,889,1109,Kraken22021606121100,61,616,1132,72,15
2019,889,1109,Shia004552Vols,287,256,384,97,54
2019,873,1025,Sham19Y0017726,659,1121,1308,105,65
2020,1006,1178,JK006910,218,860,1030,127,89
2020,21,271,Hindawi053581315,61,1142,1437,138,58
2020,122,280,Hindawi053581315,80,1,157,120,94
2020,21,280,Shamela0023634,9,502,739,180,85
2021,51,203,JK006910,3,1030,1183,119,94
2021,51,218,ShamAY0035859,314,710,870,124,89
2022,384,482,Shamela0026349,8,1198,1302,75,92
2023,231,379,JK006906,225,1261,1407,113,96
2023,241,379,JK001460,237,478,792,105,41
2027,599,834,Shamela0028181,46,1185,1368,107,57
2027,1066,1373,Shamela0028181,54,570,892,242,93
2027,1120,1274,Shamela0005372,17,1,165,107,80
2027,133,361,Shamela0010551,496,173,697,176,41
2027,871,1368,JK010629,35,736,1430,236,38
2027,101,361,JK000927,177,736,1039,182,71
2027,1077,1373,JK001090,100,1,281,221,91
2027,1063,1417,JK006910,212,8,364,258,86
2028,865,1332,Shamela0028181,49,1078,1588,150,24
2029,535,649,Sham19Y0147597,808,243,357,88,99
2029,535,649,Shamela0028181,66,388,502,88,99
2029,535,654,Shamela0005446,877,1067,1186,89,96
2029,535,667,JK010629,134,670,802,90,88
2029,535,667,JK001090,171,768,908,89,82
2029,198,649,JK006910,192,522,1141,199,33
2029,535,667,Shamela0005388,32,1128,1260,93,88
2029,535,678,Shamela0009427,161,984,1122,96,86
2029,535,654,Shamela0010283,1487,1103,1220,89,95
2029,535,654,Kraken220413030940,85,613,732,89,96
2030,196,370,JK001138,108,46,345,103,44
2030,205,370,JK000927,4004,564,774,96,59
2030,205,367,Shamela0036088,9,94,306,95,55
2030,959,1133,Shamela0008505,282,126,315,124,83
2030,173,403,Shamela0009427,187,635,885,144,71
2030,196,370,Shamela0009427,195,1011,1303,103,45
2030,173,367,Shia003636Vols,8575,526,796,116,51
2030,205,370,Hindawi017160604,684,541,751,99,60
2032,1299,1483,Shamela0010614,366,1192,1371,148,97
2032,14,474,Shia002185Vols,305,190,742,327,69
2032,1299,1483,Hindawi084739682,117,1061,1246,152,98
2032,1299,1483,Shamela0004473,4707,246,447,144,82
2032,1,158,Shamela0010551,491,1106,1268,127,96
2032,1299,1483,Sham19Y0014080,2,266,468,146,85
2032,1315,1483,JK009325,1328,189,348,132,94
2032,1292,1483,Hindawi027508303,52,842,1034,154,97
2032,1299,1434,Hindawi035168479,34,1444,1579,111,100
2033,1324,1485,Shamela0010614,367,1,145,115,88
2033,1229,1455,Hindawi084739682,117,1339,1571,174,92
2033,53,339,Shamela0010551,209,971,1345,214,68
2033,454,841,Shamela0010551,210,669,1057,307,99
2033,1229,1485,JK009325,1328,438,678,179,84
2033,1245,1485,Hindawi027508303,52,1148,1388,191,97
2033,1229,1485,Sham19Y0026523,6018,188,447,196,91
2033,1245,1485,ShamAY0035859,74,80,313,185,94
2033,1229,1485,Hindawi035168479,35,143,402,197,92
2033,37,339,Shamela0009429,503,388,780,221,67
2034,97,316,Sham19Y0014827,163,1251,1493,131,64
2034,318,520,Sham19Y0014827,164,1,240,147,77
2034,97,497,Sham19Y0014827,343,690,1149,272,72
2034,97,497,Sham19Y0014827,519,663,1122,272,72
2034,68,497,Sham19Y0018103,235,9,587,285,62
2034,184,497,Sham19Y0018103,501,82,471,244,78
2034,68,520,Sham19Y0018103,1004,656,1270,304,62
2034,184,497,Sham19Y0018103,1266,102,491,244,78
2034,68,497,Sham19Y0018103,1518,807,1385,285,62
2034,68,520,Sham19Y0018103,1755,756,1368,304,62
2034,210,497,Sham19Y0018103,2014,1,364,222,77
2034,68,497,Sham19Y0018103,2270,717,1295,285,62
2034,68,421,Sham19Y0018103,2528,1059,1529,226,61
2034,86,497,Sham19Y0018103,2796,1,564,277,62
2034,68,497,Sham19Y0018103,3053,217,799,285,62
2034,68,497,Sham19Y0018103,3295,451,1033,285,62
2034,184,497,Sham19Y0018103,3531,80,469,244,78
2034,68,497,Sham19Y0018103,3778,625,1207,285,62
2034,68,520,Sham19Y0018103,4042,760,1376,304,62
2034,184,497,Sham19Y0014592,224,79,428,248,88
2034,68,497,Sham19Y0014592,478,219,759,303,68
2034,184,497,Sham19Y0014592,752,1,350,248,88
2034,226,497,Sham19Y0014592,1026,1,308,214,87
2034,106,520,Sham19Y0014592,1310,5,538,284,65
2034,68,316,Sham19Y0014592,1575,1272,1595,161,59
2034,318,501,Sham19Y0014592,1576,1,220,141,81
2034,68,497,Sham19Y0014592,1840,1022,1562,301,68
2034,68,497,Sham19Y0014592,2110,235,775,301,68
2034,68,400,Sham19Y0014592,2359,1127,1534,226,67
2034,68,497,Sham19Y0014592,2607,334,878,301,67
2034,68,497,Sham19Y0014592,2856,482,1026,302,68
2043,128,702,Sham19Y0026523,5987,1056,1632,309,62
2043,702,1041,Sham19Y0026523,5988,1,275,163,50
2044,471,721,Shamela0006947,14175,530,753,149,70
2049,1131,1287,Hindawi060585083,188,1066,1229,114,87
2059,1030,1158,Sham19Y0029676,905,354,481,96,91
2061,88,894,ShamAY0035131,36,547,1153,484,75
2064,736,859,Sham19Y0029676,904,572,702,97,92
2074,403,1029,Sham19Y0029676,932,516,1580,494,57
2074,1049,1560,Sham19Y0029676,933,9,688,392,71
2094,399,990,Sham19Y0026523,5988,518,1381,336,46
2095,1108,1306,Hindawi060585083,188,708,904,155,98
2100,868,1186,ShamAY0035131,21,1000,1319,249,96
2108,422,641,Sham19Y0014827,163,1251,1493,131,64
2108,643,845,Sham19Y0014827,164,1,240,147,77
2108,422,822,Sham19Y0014827,343,690,1149,272,72
2108,422,822,Sham19Y0014827,519,663,1122,272,72
2108,393,822,Sham19Y0018103,235,9,587,285,62
2108,509,822,Sham19Y0018103,501,82,471,244,78
2108,393,845,Sham19Y0018103,1004,656,1270,304,62
2108,509,822,Sham19Y0018103,1266,102,491,244,78
2108,393,822,Sham19Y0018103,1518,807,1385,285,62
2108,393,845,Sham19Y0018103,1755,756,1368,304,62
2108,535,822,Sham19Y0018103,2014,1,364,222,77
2108,393,822,Sham19Y0018103,2270,717,1295,285,62
2108,393,746,Sham19Y0018103,2528,1059,1529,226,61
2108,411,822,Sham19Y0018103,2796,1,564,277,62
2108,393,822,Sham19Y0018103,3053,217,799,285,62
2108,393,822,Sham19Y0018103,3295,451,1033,285,62
2108,509,822,Sham19Y0018103,3531,80,469,244,78
2108,393,822,Sham19Y0018103,3778,625,1207,285,62
2108,393,845,Sham19Y0018103,4042,760,1376,304,62
2108,509,822,Sham19Y0014592,224,79,428,248,88
2108,393,822,Sham19Y0014592,478,219,759,303,68
2108,509,822,Sham19Y0014592,752,1,350,248,88
2108,551,822,Sham19Y0014592,1026,1,308,214,87
2108,431,845,Sham19Y0014592,1310,5,538,284,65
2108,393,641,Sham19Y0014592,1575,1272,1595,161,59
2108,643,826,Sham19Y0014592,1576,1,220,141,81
2108,393,822,Sham19Y0014592,1840,1022,1562,301,68
2108,393,822,Sham19Y0014592,2110,235,775,301,68
2108,393,725,Sham19Y0014592,2359,1127,1534,226,67
2108,393,822,Sham19Y0014592,2607,334,878,301,67
2108,393,822,Sham19Y0014592,2856,482,1026,302,68
2113,221,545,Shamela0021784,293,334,653,249,96
2113,286,433,Shamela0006947,17829,1246,1396,115,94
2115,817,935,Shamela0006947,17476,1333,1453,95,98
2122,1056,1260,Shamela0006947,17477,141,343,163,98
2124,1075,1271,Shamela0006947,17479,192,375,125,80
2128,1272,1521,Shamela0021784,197,288,515,169,84
2129,940,1269,Tafsir02102,688,647,988,259,90
2129,1350,1562,JK000343,627,831,1062,160,86
2129,940,1269,JK006478,2516,862,1343,262,65
2129,901,1562,Shamela0006947,14456,620,1200,451,83
2129,1073,1269,JK000906,3038,1,197,156,96
2129,1025,1269,JK009266,2335,78,262,147,72
2129,1025,1269,Sham19Y0020891,2022,789,1030,194,95
2129,1025,1269,Shamela0029882,862,309,549,193,95
2132,116,268,Hindawi075153030,84,812,965,120,97
2132,1357,1649,Zaydiyya0000153,135,23,318,244,98
2132,1132,1402,Zaydiyya0000153,360,1358,1628,225,100
2132,1402,1644,Zaydiyya0000153,361,1,244,202,99
2132,543,820,JK009330,1,879,1518,222,42
2132,1021,1649,Shamela0010739,185,147,768,510,96
2132,610,820,Shamela0006947,6847,8,505,144,34
2132,642,820,Hindawi059507481,31,1221,1523,142,58
2132,116,268,Hindawi039091385,10,976,1128,122,100
2132,1132,1649,ShamAY0035781,64,971,1491,427,98
2132,642,820,Hindawi061638096,60,756,1034,132,56
2132,1021,1654,Shamela0012320,6,855,1491,523,98
2132,1357,1644,Hindawi030536269,414,272,559,240,100
2132,642,820,Hindawi093849638,22,1218,1520,142,58
2132,642,820,ShamAY0034797,701,81,385,142,57
2132,1088,1654,Sham19Y0145435,31,1,352,278,58
2132,1357,1527,Sham19Y0145435,5727,935,1098,133,91
2132,1132,1649,ShamAY0033182,73,772,1291,426,98
2132,642,850,ShamAY0035035,113,1267,1603,158,58
2132,1402,1649,Sham19Y0073350,8,1032,1282,202,97
2132,1021,1441,ShamAY0036018,51,1274,1693,342,95
2132,1441,1649,ShamAY0036018,52,1,212,168,96
2133,11,546,Shamela0004473,4082,997,1551,428,90
2133,6,550,Shamela0010739,192,262,808,449,98
2133,6,550,Shamela0012320,27,628,1151,433,95
2133,1347,1609,Hindawi093636939,267,566,875,214,83
2133,6,546,ShamAY0036018,52,1201,1742,448,99
2134,635,849,Shamela0006947,17477,513,735,166,93
2134,849,1154,JK001019,313,461,889,197,55
2150,1329,1665,Shamela0010614,3,907,1378,258,65
2152,341,487,Shia001432Vols,7037,1135,1281,117,100
2156,969,1192,JK006950,2559,1359,1508,108,59
2156,956,1192,Shia001432Vols,11086,569,834,157,65
2156,969,1192,Shamela0021715,5276,1288,1557,167,70
2156,969,1192,Sham19Y0018176,1228,898,1170,167,70
2156,969,1192,Sham19Y0018106,2316,14,286,167,70
2156,969,1160,Kraken220413194022,2069,240,376,97,62
2156,969,1192,JK001414,2055,475,624,108,59
2156,969,1192,JK000381,8254,550,699,108,59
2156,969,1089,JK000165,3133,1288,1445,97,76
2156,969,1192,Sham19Y0127677,5337,101,396,152,57
2156,944,1192,JK009336,2729,85,461,180,58
2156,969,1192,JK000110,841,810,1082,167,70
2156,969,1192,Sham19Y0016946,469,1068,1325,164,72
2156,956,1192,Shamela0004445,3565,481,829,152,49
2156,969,1160,Shamela0006610,889,1210,1447,140,66
2156,969,1192,Sham19Y0016584,2470,208,480,167,70
2156,969,1192,Sham19Y0016684,1261,806,1078,167,70
2156,973,1192,Shamela0005756,9642,471,726,162,72
2157,1346,1466,Rafed0003793Vols,401,763,883,95,99
2157,1350,1466,Sham19Y0020762,892,801,922,93,95
2157,1346,1466,JK010747,141,993,1113,96,100
2159,388,552,Shamela0005388,25,53,220,134,98
2162,219,473,JK000906,11564,1101,1610,182,42
2166,809,1026,MMS00013,358,755,966,168,94
2166,314,819,MMS00013,358,138,268,65,16
2166,30,331,Shamela0009793,6,344,805,117,26
2166,164,294,JK001460,20,643,779,106,94
2166,156,294,JK007140,11,588,751,113,83
2166,858,1026,Shamela0012320,758,1,168,133,95
2170,189,729,Shamela0007853,78,547,1032,371,81
2170,189,729,Rafed0002679Vols,294,795,1347,369,79
2170,231,570,Sham19Y0018254,30,1165,1521,248,83
2170,570,729,Sham19Y0018254,31,1,160,122,95
2170,189,721,Sham19Y0018254,1725,542,1024,366,80
2170,231,729,JK000584,480,555,1080,370,85
2170,318,729,JK008001,3917,1,432,249,58
2170,625,729,Sham19Y0020986,66,1334,1438,73,80
2170,231,729,Shia003461Vols,309,587,1092,352,80
2170,194,729,ShamAY0037387,412,717,1213,282,58
2170,231,729,Shamela0011469,373,668,1162,362,87
2170,189,729,Shamela0010551,112,539,1109,390,83
2170,189,729,JK000239,343,789,1154,150,29
2170,217,729,Sham19Y0127677,3810,624,1102,291,61
2170,194,521,Sham19Y0127677,5111,1159,1479,240,85
2170,529,729,Sham19Y0127677,5112,1,202,144,83
2170,255,634,Shamela0026568,465,1228,1615,305,94
2170,312,729,Shamela0037475,29,11,427,328,94
2170,271,480,JK009390,3573,1383,1574,146,83
2170,480,729,JK009390,3574,1,211,132,57
2170,271,729,JK009390,3651,964,1365,278,68
2170,260,729,JK009390,6627,499,974,347,85
2170,260,729,JK009390,7100,18,497,346,85
2170,189,729,JK009408,1183,146,680,380,82
2170,189,674,JK009408,1185,1067,1464,288,71
2170,189,729,JK010761,81,202,812,395,78
2170,189,729,Shamela0023700,1171,5,449,342,78
2170,189,729,Shamela0023789,211,164,749,403,81
2170,217,729,Shamela0001438,5526,106,554,267,57
2170,467,729,Shamela0001438,7162,1,260,177,76
2170,189,729,Shamela0021494,347,304,807,342,73
2170,189,729,Shamela0021809,1344,170,707,388,85
2170,217,657,JK009313,595,1049,1520,326,81
2170,194,729,JK000629,106,469,979,303,60
2170,189,729,Shamela0009429,539,1,489,369,81
2170,334,729,Shamela0023685,460,1,395,315,97
2172,1483,1671,Shamela0021784,106,1441,1632,153,97
2172,1544,1671,Shamela0021784,118,1,128,105,100
2172,1488,1671,Shamela0021784,294,209,540,150,54
2172,1488,1671,Shamela0004473,4675,867,1051,149,97
2172,1488,1653,Shamela0004473,11314,381,541,131,95
2172,1483,1671,Shamela0006947,17060,68,266,153,93
2172,713,876,Shamela0006947,17534,355,519,135,99
2172,1488,1671,Shamela0006947,17820,570,753,150,98
2172,1488,1629,Hindawi093636939,267,896,1037,116,98
2173,1248,1391,Shamela0021784,107,22,165,107,87
2173,1253,1391,Shamela0021784,118,681,833,110,87
2173,1212,1538,Shamela0021784,294,540,862,216,78
2173,1212,1391,Shamela0004473,4675,1051,1247,121,75
2173,1248,1391,Shamela0006947,17060,823,980,114,88
2173,1253,1526,Shamela0006947,17820,1081,1356,221,98
2173,1248,1391,Hindawi013961474,7,525,668,116,100
2175,271,965,Shamela0021784,294,630,1139,273,41
2178,759,1387,Hindawi083863050,40,922,1353,296,55
2182,1003,1164,Shamela0021784,108,87,242,124,94
2182,183,377,Hindawi080480207,65,491,685,145,89
2182,216,386,Hindawi086061691,30,847,1017,144,100
2183,17,226,Shamela0021784,108,246,453,166,96
2183,12,226,Shamela0021784,118,1263,1480,168,95
2183,12,226,Shamela0006947,17060,1415,1632,167,95
2186,1506,1655,JK007143,964,303,807,123,29
2191,1406,1520,JK010092,12,761,875,89,94
2193,1226,1465,Hindawi086061691,30,1555,1795,197,99
2193,1465,1694,Hindawi086061691,31,1,230,190,100
2194,1,166,Hindawi086061691,31,230,396,136,97
2197,1146,1442,ShamAY0007299,4237,679,884,152,61
2197,743,1045,Shamela0021784,119,774,1090,228,88
2197,743,1045,Shamela0006947,17061,932,1255,228,86
2198,1172,1568,Shia001432Vols,10090,239,665,308,90
2198,1150,1529,Sham19Y0146127,649,703,1108,222,59
2198,1164,1568,Shamela0021715,7805,500,904,316,97
2198,1164,1557,Shamela0021715,7806,187,964,295,47
2198,1164,1532,Shamela0021715,10375,491,869,264,82
2198,1053,1532,Shamela0021715,10376,249,947,278,45
2198,1164,1568,Shamela0021715,11295,447,815,283,87
2198,1217,1568,Shamela0021715,11296,1,513,266,63
2198,1175,1411,ShamAY0007299,4056,1298,1545,189,95
2198,1172,1568,Kraken230106005528,194,165,468,186,53
2198,1150,1357,JK000746,151,1258,1480,148,83
2198,1164,1510,Shamela0001524,994,770,1150,251,79
2198,1164,1433,Shamela0007798,14,1184,1476,208,88
2198,1164,1568,Sham19Y0018176,1869,312,724,315,95
2198,1138,1457,Sham19Y0018176,1883,1119,1464,221,78
2198,1252,1532,Sham19Y0018176,2424,1,291,203,81
2198,1164,1568,Sham19Y0018176,2610,1023,1391,283,87
2198,1175,1568,Sham19Y0127656,608,510,865,286,90
2198,1150,1568,Sham19Y0127656,839,761,1151,289,84
2198,1164,1568,JK009246,34,1129,1529,310,95
2198,1042,1565,Shamela0021684,13,266,788,248,49
2198,1150,1529,Shamela0012062,187,1071,1471,279,85
2198,1164,1568,JK000475,209,756,1198,300,84
2198,1164,1568,Sham19Y0018106,3211,213,625,315,95
2198,1257,1568,Sham19Y0018106,3231,1,323,225,84
2198,1164,1532,Sham19Y0018106,4004,499,877,264,82
2198,1164,1568,Sham19Y0018106,4268,323,691,283,87
2198,1164,1519,ShamAY0038638,221,1108,1487,264,85
2198,1164,1568,ShamAY0033630,17,456,924,299,79
2198,1172,1428,JK000465,2782,1368,1538,136,66
2198,1428,1568,JK000465,2783,1,141,112,100
2198,1175,1529,ShamIbadiyya0000433,21,538,936,241,69
2198,1150,1568,JK009268,6,529,1021,152,26
2198,1175,1389,ShamAY0034005,854,1190,1412,168,94
2198,1389,1568,ShamAY0034005,855,1,184,143,97
2198,1189,1568,Shamela0036543,783,889,1148,189,61
2198,1164,1568,Sham19Y0018103,3095,422,826,316,97
2198,1138,1514,Sham19Y0018103,3115,1089,1500,266,79
2198,1164,1532,Sham19Y0018103,3978,422,800,264,82
2198,1275,1568,Sham19Y0018103,4293,1,258,203,86
2198,1053,1403,JK007065,29,1104,1442,193,55
2198,1403,1568,JK007065,30,1,168,132,98
2198,1164,1514,JK000140,948,1083,1463,259,85
2198,1175,1374,Shamela0000347,1112,108,314,157,94
2198,1175,1568,Sham19Y0013252,7203,12,405,313,98
2198,1138,1568,Sham19Y0013252,7271,945,1415,294,77
2198,1164,1532,Sham19Y0013252,10008,904,1282,264,82
2198,1164,1462,Sham19Y0013252,10701,1285,1583,232,96
2198,1053,1568,Sham19Y0013572,66,952,1417,327,78
2198,1150,1565,Shamela0025794,81,693,1137,270,73
2198,1138,1486,Shamela0025794,82,142,537,198,57
2198,1172,1568,Shamela0008506,19,299,710,300,88
2198,1172,1568,Shamela0010548,311,407,818,300,88
2198,1311,1568,ShamAY0038630,457,1,215,161,78
2198,1164,1568,Shia001555Vols,476,116,469,271,83
2198,1172,1568,Shamela0001875,490,436,871,296,84
2198,1175,1568,Shamela0010463,5,185,578,313,98
2198,1138,1568,Shamela0026566,7,852,1336,282,71
2198,1150,1568,Shia002069Vols,743,668,1136,289,76
2198,1164,1568,ShamAY0033910,194,729,1163,300,85
2198,1175,1532,JK009324,3016,711,1081,256,82
2198,1175,1568,JK009324,3553,520,908,312,98
2198,1179,1403,JK009324,3782,1278,1483,149,79
2198,1175,1568,JK000021,725,630,1074,273,76
2198,1172,1568,Shamela0008657,304,656,1040,305,95
2198,1175,1568,JK009336,442,484,898,311,93
2198,1164,1374,JK000977,717,63,708,160,30
2198,1283,1532,Sham19Y0020638,327,775,1018,169,79
2198,1193,1568,Shamela0036446,998,748,1033,226,74
2198,1175,1565,JK000484,1250,579,1021,283,79
2198,1164,1381,JK000130,195,1256,1475,166,94
2198,1175,1565,JK000585,1566,433,825,262,77
2198,1164,1357,Sham19Y0013605,3719,1115,1316,145,90
2198,1357,1568,Sham19Y0013605,3720,304,515,170,100
2198,1323,1568,Sham19Y0013605,3744,446,700,172,82
2198,1164,1532,Sham19Y0013605,4755,525,903,264,82
2198,1267,1568,Sham19Y0013605,5138,179,444,210,86
2198,1164,1568,Sham19Y0018144,1027,885,1318,294,82
2198,1150,1565,Sham19Y0018144,1028,944,1405,298,80
2198,1164,1568,JK000110,1349,103,507,316,97
2198,1175,1568,JK000110,1360,344,756,286,85
2198,1164,1529,JK000110,1807,1109,1487,264,83
2198,1164,1568,JK000110,1975,113,481,283,87
2198,1164,1568,Shamela0001404,314,6,574,315,69
2198,1175,1532,JK000481,132,26,509,166,35
2198,1164,1568,Shamela0096283,368,418,842,319,93
2198,1175,1568,Hindawi091931968,19,1061,1467,313,95
2198,1172,1457,Shamela0037458,2919,1276,1572,225,94
2198,1207,1529,Shamela0023700,2333,4,361,220,69
2198,1164,1496,JK000216,200,1272,1464,146,53
2198,1033,1568,JK009362,53,725,1174,289,61
2198,1047,1444,JK009362,5654,855,1166,198,55
2198,1150,1532,Shamela0029976,9,999,1450,276,76
2198,1164,1568,Sham19Y0016584,3458,854,1258,316,97
2198,1198,1568,Sham19Y0016584,3481,735,1156,242,70
2198,1164,1532,Sham19Y0016584,4498,474,852,264,82
2198,1243,1568,Sham19Y0016584,4887,1,290,229,87
2198,1164,1568,Shamela0022676,38,443,847,316,97
2198,1164,1568,Shia004456Vols,705,82,486,314,96
2198,1164,1471,Sham19Y0150960,131,1196,1504,239,96
2198,1352,1557,JK000754,717,221,787,125,25
2198,1164,1549,JK009313,3926,1045,1458,302,90
2198,1150,1568,JK000967,483,793,1206,313,90
2198,1164,1568,Sham19Y0016684,1686,482,886,316,97
2198,1189,1568,Sham19Y0014309,524,1,304,232,74
2198,1164,1568,JK008250Vols,661,165,593,276,78
2198,1164,1568,Shamela0008473,48,421,825,313,96
2198,1172,1568,Shamela0012884,3709,796,1188,315,98
2198,1164,1568,Shamela0037837,988,840,1245,314,95
2198,1164,1568,Shamela0005756,12240,308,713,316,97
2198,1175,1568,Shamela0005756,12302,23,450,285,81
2198,1164,1568,Shamela0005756,15477,1079,1391,237,72
2199,1,345,ShamAY0036795,29,160,559,209,61
2199,1,360,Shia001432Vols,10090,665,1064,273,84
2199,1,349,Sham19Y0146127,649,1073,1443,218,67
2199,1,349,Shamela0021715,7805,904,1276,273,89
2199,7,179,Shamela0021715,7806,1247,1528,138,61
2199,7,349,Shamela0021715,7870,358,755,214,67
2199,1,400,Shamela0021715,10375,913,1366,238,61
2199,1,349,Shamela0021715,11295,815,1139,222,73
2199,7,360,Shamela0021715,11296,532,1030,243,58
2199,1,419,ShamAY0007299,4057,178,742,270,56
2199,1,500,JK000746,152,244,876,341,66
2199,1,315,Shamela0001524,994,1194,1527,170,53
2199,1189,1447,Shamela0023596,16,1203,1450,185,85
2199,1,345,Shamela0007798,15,156,669,248,61
2199,1,349,Sham19Y0018176,1869,724,1096,273,89
2199,7,423,Sham19Y0018176,1884,126,642,234,53
2199,1,349,Sham19Y0018176,2424,335,741,224,64
2199,1,349,Sham19Y0127656,608,865,1253,265,84
2199,1,423,Sham19Y0127656,839,1151,1461,188,51
2199,1,387,JK009246,35,1,392,284,85
2199,1,419,Shamela0021684,13,788,1309,269,60
2199,7,349,Shamela0012062,188,41,424,221,72
2199,1,216,JK000475,209,1198,1480,163,72
2199,1,349,Sham19Y0018106,3211,625,997,273,89
2199,7,349,Sham19Y0018106,3231,323,720,214,67
2199,1,349,Sham19Y0018106,4004,921,1327,224,64
2199,1,349,Sham19Y0018106,4268,691,1015,222,73
2199,1,349,ShamAY0038638,222,57,536,243,61
2199,1,349,ShamAY0033630,17,924,1437,254,62
2199,1,353,JK000465,2783,141,515,269,87
2199,1,423,ShamIbadiyya0000433,21,897,1352,275,69
2199,1,349,JK009268,6,1021,1331,211,72
2199,11,500,JK000453,1,440,1045,261,44
2199,1,345,ShamAY0034005,855,184,560,236,72
2199,1,349,Sham19Y0018103,3095,826,1198,272,89
2199,7,349,Sham19Y0018103,3116,60,457,214,67
2199,1,349,Sham19Y0018103,3978,844,1249,223,63
2199,1,349,Sham19Y0018103,4293,258,581,221,73
2199,1,360,JK007065,30,168,592,266,77
2199,1,345,JK000140,949,58,523,218,55
2199,1,500,Sham19Y0013252,7203,405,932,359,79
2199,45,423,Sham19Y0013252,7272,6,479,203,50
2199,1,419,Sham19Y0013252,10702,71,513,252,63
2199,76,353,Sham19Y0013572,67,1,325,203,77
2199,1,289,Shamela0025794,81,1137,1510,202,66
2199,1,345,Shamela0008506,19,710,1057,203,67
2199,11,500,Shamela0037649,6,821,1434,269,46
2199,1,345,Shamela0010548,311,818,1195,229,71
2199,11,419,JK001122,15,246,811,258,56
2199,1,349,ShamAY0038630,457,215,530,224,81
2199,1,360,Shia001555Vols,476,469,779,225,79
2199,7,597,Shamela0001875,490,871,1463,331,64
2199,1,349,Shamela0010463,5,578,945,269,88
2199,1,247,ShamAY0033910,194,1163,1505,181,67
2199,1,345,JK009324,3016,1125,1527,221,63
2199,1,353,JK009324,3553,908,1284,273,89
2199,1,349,Shamela0008657,304,1040,1441,254,78
2199,1189,1301,ShamAY0036836,62,1456,1569,88,98
2199,1307,1447,ShamAY0036836,63,5,136,104,88
2199,1,400,JK009336,442,898,1362,279,73
2199,11,500,Sham19Y0020638,327,447,1300,272,35
2199,11,349,Shamela0036446,998,941,1307,204,58
2199,1,345,JK000484,1250,1021,1504,240,62
2199,1,423,JK000130,196,216,844,280,56
2199,1,349,JK000585,1566,825,1226,227,65
2199,1,349,Sham19Y0013605,3720,515,887,273,89
2199,7,423,Sham19Y0013605,3744,700,1216,234,53
2199,1,349,Sham19Y0013605,5138,444,768,222,73
2199,1,349,JK000110,1349,507,879,273,89
2199,7,423,JK000110,1360,756,1272,234,53
2199,1,349,JK000110,1808,45,452,225,64
2199,1,419,JK000110,1975,481,884,250,68
2199,1,353,Shamela0001404,314,574,987,259,78
2199,1,436,Shamela0096283,368,842,1289,297,74
2199,1,158,Hindawi091931968,19,1467,1606,111,87
2199,158,353,Hindawi091931968,20,1,190,150,95
2199,1,367,Shamela0037458,2920,122,535,278,82
2199,1,349,Shamela0023700,2333,322,744,252,72
2199,1,310,JK000216,201,70,404,242,88
2199,1,353,JK009362,53,1174,1470,221,77
2199,11,216,Sham19Y0018272,810,1023,1244,152,84
2199,1,345,Shamela0029976,10,13,444,246,69
2199,1,169,Sham19Y0016584,3458,1258,1437,135,93
2199,7,319,Sham19Y0016584,3481,1156,1523,190,64
2199,1,349,Sham19Y0016584,4498,896,1302,224,64
2199,1,349,Sham19Y0016584,4887,290,614,222,73
2199,1,349,Shamela0022676,38,847,1245,270,83
2199,1,360,Shia004456Vols,705,486,864,272,87
2199,1,353,Sham19Y0150960,132,98,569,184,39
2199,1,419,JK009313,3927,20,436,291,81
2199,1189,1447,Shamela0022642,23,857,1102,187,87
2199,1,303,JK000967,483,1206,1495,215,83
2199,1,349,Sham19Y0016684,1686,886,1258,273,89
2199,1,349,Sham19Y0014309,524,304,663,246,79
2199,1,349,JK008250Vols,661,593,1051,244,67
2199,1,387,Shamela0008473,48,825,1227,284,84
2199,1,349,Shamela0012884,3709,1188,1502,218,71
2199,1,224,Shamela0037837,988,1245,1483,172,88
2199,1,349,Shamela0005756,12240,713,1088,273,89
2202,711,951,Shamela0021784,104,635,854,161,75
2203,170,601,Shamela0021784,280,1,283,222,64
2204,823,948,Shamela0021784,280,525,650,101,100
2205,1330,1615,ShamAY0007299,4087,338,622,233,99
2219,971,1503,Hindawi026382506Vols,43,1067,1606,415,91
2223,612,1449,Zaydiyya0000153,361,328,1136,657,95
2223,612,1111,Shamela0012320,34,1183,1651,377,92
2223,1111,1449,Shamela0012320,35,1,339,280,100
2223,612,1284,Hindawi061483693,68,980,1621,518,94
2223,1284,1449,Hindawi061483693,69,1,166,137,100
2223,612,1443,Hindawi092914940,203,534,1337,645,94
2223,616,843,Hindawi092914940,326,1326,1555,183,98
2232,728,964,Shamela0021784,156,900,1153,180,89
2232,728,969,Zaydiyya0000211,177,1172,1427,174,82
2232,728,969,Shia003636Vols,100,110,377,180,84
2233,866,993,Shamela0021784,156,980,1143,102,77
2233,866,993,Shia003636Vols,100,193,356,102,77
2235,938,1244,Shamela0021784,164,64,561,217,53
2236,111,250,JK006800,164,1237,1361,91,80
2236,67,342,JK000415,355,14,366,204,73
2237,171,445,Shamela0021784,164,525,810,210,91
2239,1,342,Shamela0021784,140,835,1215,263,85
2242,1150,1551,Shamela0012320,1360,315,1275,324,41
2242,1150,1344,Shamela0006617,991,658,932,145,65
2242,1150,1525,Hindawi038307359,62,688,1309,302,59
2246,3,280,Shamela0021784,143,582,881,219,90
2246,1273,1416,JK001030,206,74,245,114,83
2247,122,353,ShamAY0007299,376,473,672,142,75
2247,122,308,Shamela0001524,1990,1348,1492,110,74
2247,184,353,Hindawi026931350,139,1,120,90,68
2247,1293,1537,Shamela0021784,190,314,580,153,71
2247,184,332,Sham19Y0013252,6040,179,329,106,91
2247,122,353,JK000927,3325,160,345,143,77
2247,122,353,JK000927,3327,993,1199,143,73
2247,649,787,Shamela0012406,3355,1349,1487,110,100
2247,623,787,Shamela0004445,5325,184,332,117,90
2247,184,338,Shamela0036515,2705,222,381,112,90
2248,1306,1546,JK000778,301,159,520,168,53
2248,1306,1577,Shamela0026484,593,454,640,146,67
2248,1306,1550,JK000672,21,1253,1468,167,84
2248,1306,1577,JK007534,46,1037,1278,192,88
2248,1306,1577,Shamela0023100,150,676,918,189,86
2248,1306,1546,Shamela0035100,937,193,403,166,85
2248,1436,1546,Kraken220218125253,854,845,1064,87,49
2248,1306,1577,JK003609,3518,1194,1381,147,67
2248,1306,1577,JK000927,753,140,381,191,87
2248,1306,1546,Shamela0008657,602,1192,1508,167,59
2248,1306,1546,Shamela0009823,491,203,519,158,57
2248,1306,1577,JK000474,779,825,1067,190,87
2248,1436,1546,JK000467,1735,6,268,87,41
2248,1306,1577,JK000637,2687,1165,1406,191,87
2248,1306,1577,JK000637,3074,871,1066,150,68
2248,1306,1577,JK009408,649,278,624,190,63
2248,1306,1546,AOCP2023090623,32,865,1187,165,58
2248,1306,1546,Sham19Y0016714,308,867,1230,168,52
2248,1306,1546,Shamela0006617,890,647,857,161,83
2248,1306,1577,JK000764,691,663,904,190,87
2248,1306,1546,Shamela0023700,808,1138,1499,168,53
2248,1306,1577,Shamela0010906,933,591,833,191,87
2248,1306,1546,Shamela0004445,2586,708,1069,168,53
2248,1306,1577,Shamela0037325,195,615,856,190,87
2248,1306,1577,Shamela0009564,77,349,591,190,87
2248,1306,1577,Shamela0036515,611,278,516,184,85
2248,1306,1546,Shamela0010283,4314,245,605,168,53
2248,1306,1577,JK000916,6864,741,982,190,87
2248,1306,1546,Sham19Y0007233,53,871,1233,167,52
2248,1306,1577,JK008250Vols,1104,77,318,192,88
2249,1,177,JK000778,301,345,575,136,74
2249,1274,1436,Rafed0000609Vols,700,1227,1390,128,96
2249,1,177,Shamela0026484,593,640,869,136,74
2249,1,177,JK007534,46,1278,1454,139,99
2249,1274,1436,Hindawi068383692,52,352,515,131,98
2249,69,177,Shamela0026842,17,600,708,84,98
2249,69,177,Shamela0003722,2031,854,962,86,100
2249,1,126,JK003609,3518,1381,1505,95,96
2249,1,177,JK000927,753,381,557,136,97
2249,1274,1436,JK000927,3325,1356,1518,129,97
2249,16,177,Shamela0008657,602,1347,1563,126,73
2249,16,177,Shamela0009823,491,358,574,124,72
2249,1,177,JK000467,1735,92,323,139,75
2249,1261,1436,Shamela0008505,87,678,855,139,96
2249,16,177,AOCP2023090623,32,1020,1241,126,71
2249,1,126,Sham19Y0016714,308,1053,1179,96,96
2249,1,122,JK000764,691,904,1025,94,97
2249,1,126,Shamela0023700,808,1324,1448,95,96
2249,1,122,Shamela0010906,933,833,954,94,97
2249,1274,1436,ShamAY0033734,10,268,430,129,97
2249,1274,1436,Shamela0023789,1398,912,1072,131,98
2249,1,177,Shamela0004445,2586,894,1124,137,74
2249,1,122,Shamela0037325,195,856,977,94,97
2249,1,122,Shamela0009564,77,591,714,95,96
2249,1,177,Shamela0010283,4314,431,660,136,74
2249,16,122,JK000916,6864,1041,1147,84,99
2249,69,177,Sham19Y0149213,502,1161,1269,84,98
2249,1,177,Sham19Y0007233,53,1058,1288,137,74
2249,1,177,JK008250Vols,1104,318,494,139,99
2249,1274,1436,Hindawi017160604,523,904,1067,132,98
2249,69,177,Shamela0031382,97,112,275,83,64
2251,378,546,JK000927,3129,761,935,133,95
2253,1,239,Shia003932Vols,751,1041,1277,173,86
2253,1,239,Shamela0007853,312,205,433,166,84
2253,1,239,Shamela0008505,130,971,1223,182,88
2253,1,233,JK010766,511,1070,1329,175,84
2256,526,731,ShamAY0007299,47,89,292,150,85
2256,526,740,ShamAY0007299,91,1406,1613,155,84
2256,526,747,ShamAY0007299,4424,1098,1310,158,83
2256,526,740,JK001296,8,772,986,159,86
2256,558,740,Kraken2106220218081,97,399,576,129,83
2256,526,747,JK001292,518,783,999,153,78
2256,597,735,Hindawi068305130,141,10,147,109,98
2256,526,743,Sham19Y0014246,20,553,770,157,82
2256,520,735,JK007143,1128,1,201,136,69
2256,526,740,Shamela0035073,124,1223,1430,155,84
2256,526,735,JK001302,217,258,463,151,83
2256,526,740,Hindawi079072819,66,1117,1326,157,85
2256,526,731,JK001460,139,1210,1415,152,85
2256,526,740,JK001460,605,365,576,158,86
2256,520,735,Hindawi090281793,132,814,1056,151,70
2256,526,747,JK009266,3844,793,1013,153,76
2256,526,747,Tafsir02079,1745,975,1195,155,77
2256,526,731,JK000153,44,269,454,132,73
2258,56,358,ShamAY0007299,4278,803,1158,164,51
2258,131,415,Shamela0001341,65,19,292,180,77
2258,135,331,JK000786,2567,1315,1497,143,89
2258,178,648,JK000786,2568,194,669,225,51
2258,135,348,Shamela0011438,306,1011,1236,160,88
2258,135,415,JK000011,107,1157,1486,174,64
2258,138,331,JK000584,177,13,204,128,75
2258,56,331,Shamela0004473,1307,887,1276,176,53
2258,135,648,JK009175,44,671,1499,264,36
2258,113,648,Zaydiyya0000059,1459,392,885,367,80
2258,121,648,JK000166,8302,1,540,420,95
2258,135,366,Shamela0008494,219,1020,1232,144,76
2260,98,275,ShamAY0007299,47,960,1143,131,87
2260,98,663,ShamAY0007299,53,1195,1513,226,49
2260,98,655,ShamAY0007299,4425,1178,1523,222,49
2260,934,1088,ShamAY0007299,4437,906,1058,116,94
2260,98,275,ShamAY0007299,4501,583,763,131,89
2260,534,672,JK001296,8,981,1109,88,82
2260,934,1072,Zaydiyya0000153,74,1373,1508,101,93
2260,539,700,Hindawi068305130,141,153,295,101,81
2260,98,275,Shamela0037063,1202,201,380,123,82
2260,101,275,Sham19Y0014246,20,907,1066,123,88
2260,101,275,JK001302,217,1249,1409,129,91
2260,79,275,Hindawi017083713,130,211,422,123,65
2260,937,1081,JK000627,68,1024,1160,103,89
2260,101,275,JK001460,140,71,244,134,91
2260,98,275,Shamela0010548,238,1268,1437,130,88
2260,937,1088,Shamela0010548,242,1134,1284,113,89
2260,101,275,Sham19Y0036540,6,908,1191,134,57
2260,101,275,JK007140,1907,519,685,124,84
2260,79,275,Shamela0007328,69,881,1079,131,74
2260,101,275,Shamela0001687,1301,1223,1389,124,84
2260,937,1088,Sham19Y0026523,1122,1001,1145,113,93
2260,937,1081,Shia000049Vols,2,1260,1397,103,89
2260,937,1081,Shamela0003118,5502,258,394,102,89
2260,954,1088,Shamela0023775,20,1,136,107,99
2260,937,1081,ShamAY0034556,48,641,777,103,89
2260,101,275,JK006962,2146,277,439,121,81
2260,101,275,Hindawi030807493,16,280,440,121,81
2262,640,1095,ShamAY0007299,48,316,770,348,95
2262,640,1128,ShamAY0007299,4514,959,1439,367,93
2262,886,1399,ShamAY0007299,4518,1,519,305,64
2262,622,834,ShamAY0007299,4544,1255,1490,165,88
2262,834,1128,ShamAY0007299,4545,1,432,216,61
2262,644,991,JK001296,2,1017,1522,255,62
2262,626,904,Shamela0021784,178,136,393,186,78
2262,626,858,Shamela0035100,2450,1203,1399,98,44
2262,640,1128,JK001460,99,107,621,352,80
2262,1161,1408,Shia003355,103,1042,1299,199,95
2262,1187,1384,Sham19Y0145334,2211,100,319,141,78
2267,1244,1362,ShamAY0007299,4323,303,421,96,100
2267,644,890,Shamela0010548,234,1354,1600,197,99
2267,644,956,Hindawi030536269,694,1263,1573,248,98
2267,459,581,Sham19Y0026523,2941,761,883,97,98
2267,644,999,Sham19Y0026523,2945,75,427,279,96
2267,1244,1362,JK006912,27,839,957,96,100
2267,644,999,Shamela0023775,936,215,565,272,94
2271,869,1065,Shamela0010548,235,764,959,157,99
2271,1103,1476,JK009230,641,827,1006,95,30
2273,306,578,Shamela0021784,144,450,738,191,83
2273,356,578,Shamela0004473,4681,1368,1589,176,99
2275,164,524,Shamela0021784,188,1069,1511,184,47
2275,709,916,Shamela0021784,189,38,242,140,76
2275,182,691,JK000927,37,586,1318,295,51
2277,1,143,Shamela0003722,4197,744,954,97,58
2277,1,236,JK000134,1974,1226,1485,132,63
2278,807,937,Shamela0021784,153,133,263,104,100
2278,354,469,Sham19Y0023644,192,1192,1372,88,62
2278,144,299,JK006478,3252,697,869,102,70
2278,172,299,Shamela0023628,980,738,929,101,65
2278,172,291,Shamela0037458,963,431,596,93,70
2278,172,453,Shamela0023591,2574,542,683,61,24
2278,172,453,Sham19Y0020891,1689,699,1165,84,23
2278,172,299,Kraken220727035853,1067,402,591,99,65
2279,569,897,ShamAY0007299,4115,1276,1541,175,61
2279,518,949,JK001295,237,701,1137,336,92
2279,518,945,Sham19Y0014255,30,395,1070,224,41
2279,518,739,Sham19Y0150960,1470,1473,1693,178,96
2279,739,945,Sham19Y0150960,1471,1,210,166,95
2279,518,770,Shamela0038011,440,1281,1538,204,97
2281,814,955,Kraken2106220218081,232,812,1157,101,36
2281,814,955,Kraken2106220218081,1084,617,761,97,81
2281,752,955,Shamela0007292,36,1172,1384,161,93
2281,731,960,Shamela0010548,232,21,265,181,91
2281,731,955,Hindawi030536269,426,1280,1539,176,84
2281,752,871,Shamela0037325,1080,1457,1576,98,100
2282,763,987,JK007040,23,1247,1470,176,98
2283,310,486,Shamela0021784,120,70,243,138,96
2283,310,486,Shamela0006947,17062,244,417,137,95
2284,294,475,Shamela0021784,108,1017,1248,139,71
2285,156,344,Shamela0006947,17826,1,214,128,76
2292,1261,1409,Shamela0021715,9275,530,717,91,56
2292,1266,1432,Shamela0001524,503,971,1162,129,86
2292,1261,1459,Sham19Y0023608,2864,354,572,140,78
2292,1269,1484,Shamela0021766,3302,363,589,139,75
2292,1266,1432,JK009141,842,379,539,114,82
2292,517,761,Shamela0021784,96,529,808,173,75
2292,1261,1432,Masaha001946Vols,1113,843,1007,127,94
2292,1266,1432,Shamela0004473,1495,697,884,121,82
2292,1254,1432,JK000465,2888,680,886,127,76
2292,1269,1432,Sham19Y0016976,1441,530,717,127,87
2292,1266,1432,Sham19Y0122406,3397,1315,1508,128,85
2292,1261,1437,Sham19Y0018103,3615,1114,1311,122,75
2292,1266,1432,JK007065,1241,247,440,121,81
2292,1269,1484,Sham19Y0014119,446,883,1103,144,77
2292,1292,1432,Sham19Y0017063,1159,1305,1472,108,83
2292,1261,1437,Shamela0006947,426,1086,1241,110,81
2292,1266,1432,JK000137,2125,1334,1527,128,85
2292,1274,1432,Sham19Y0017616,360,1101,1289,117,80
2292,1277,1432,JK007054,458,355,538,106,72
2292,1266,1432,Shamela0001727,1271,1213,1404,129,86
2292,1269,1484,Sham19Y0017791,1564,995,1246,144,74
2292,1261,1444,JK000676,210,933,1150,142,83
2292,1266,1424,Sham19Y0132524,2205,841,998,120,98
2292,1261,1451,Shamela0026047,467,11,238,141,79
2292,1269,1432,JK009336,1205,250,453,126,79
2292,1261,1484,Sham19Y0020638,1017,32,348,149,59
2292,1261,1437,Shamela0009702,122,128,334,125,75
2292,1261,1432,Sham19Y0013605,3050,935,1130,117,72
2292,1266,1432,Sham19Y0018144,2277,1068,1267,128,82
2292,1269,1484,Sham19Y0013614,672,1120,1365,143,72
2292,1269,1432,JK000201,3552,552,740,127,86
2292,1266,1432,Shamela0023628,2655,678,869,123,83
2292,1261,1437,Shamela0037458,3048,645,843,124,78
2292,1274,1484,JK009229,1015,742,964,128,63
2292,1261,1451,Tafsir01005,4304,576,803,141,79
2292,1266,1432,Shamela0010803,135,38,235,129,84
2292,1266,1462,Shamela0002569,483,446,746,129,55
2292,1269,1484,Shamela0006610,1110,951,1210,136,61
2292,1269,1432,JK007045,648,148,317,112,76
2292,1266,1432,Kraken230110004547,213,865,1039,113,75
2292,1269,1424,Sham19Y0014309,1346,1311,1502,119,79
2292,1261,1432,JK000196,7727,844,1045,133,85
2292,1261,1437,Shamela0031382,44,1174,1356,120,82
2292,1269,1432,Sham19Y0122257,2715,318,506,127,86
2292,1236,1432,Shamela0005756,10395,840,1033,128,75
2297,270,429,ShamAY0007299,4435,809,978,127,91
2297,258,429,ShamAY0007299,4549,778,959,135,91
2297,258,429,JK001296,35,35,224,134,87
2297,236,786,Shamela0009427,43,982,1479,250,43
2298,41,314,ShamAY0007299,1323,1148,1464,212,84
2298,41,314,ShamAY0007299,4811,609,925,213,84
2298,54,314,Shamela0021525,22,635,924,205,89
2298,54,314,JK000927,1875,486,746,205,99
2299,37,263,Hindawi086820252,42,1226,1446,168,91
2302,677,951,Shamela0021784,179,378,659,216,95
2303,997,1269,Shamela0021784,179,391,659,200,88
2303,201,397,JK001293BK1,1336,529,739,146,84
2305,159,321,Shamela0010614,101,158,388,128,64
2305,686,1044,Shamela0010614,366,260,616,279,95
2305,645,1044,ShamAY0007299,4204,1098,1312,158,47
2305,686,1044,ShamAY0007299,4208,555,774,179,60
2305,686,1044,Hindawi084739682,117,142,504,281,96
2305,686,1044,Hindawi092024806,29,432,619,153,51
2305,679,1044,Shamela0010548,550,1173,1540,288,97
2305,679,1044,Hindawi093813583,28,56,423,285,96
2305,686,1044,JK009325,1327,833,1194,280,95
2305,659,1044,Hindawi027508303,41,714,1068,267,84
2305,686,1044,Sham19Y0026523,6017,569,930,282,96
2305,690,1044,Hindawi035168479,34,527,885,282,97
2305,159,316,Sham19Y0017724,29,1298,1457,121,84
2307,45,147,Shia001432Vols,11602,13,115,77,96
2307,45,147,Shia001432Vols,14062,400,503,75,93
2307,1,147,Hindawi092024806,135,1042,1175,105,91
2307,1194,1417,Sham19Y0014246,24,692,1211,118,27
2307,5,152,JK007143,1489,1295,1456,113,87
2307,45,147,Shia001349Vols,909,1271,1374,75,93
2307,23,152,Sham19Y0036540,223,535,659,99,96
2307,27,147,Hindawi017506357,153,838,953,88,92
2307,45,152,JK007140,8673,1394,1500,83,98
2307,45,147,JK009288,639,1389,1491,78,97
2307,45,147,Sham19Y0014443,366,462,564,77,96
2307,5,152,Shamela0001687,6165,296,437,109,93
2307,45,152,JK010344,614,1303,1410,82,97
2307,45,147,Shia003636Vols,1616,348,451,75,93
2307,1,147,Shia003636Vols,1674,452,593,111,95
2307,45,152,JK010473,185,633,740,82,97
2307,45,152,JK001437,1276,712,819,84,98
2308,20,139,Sham19Y0014246,24,1187,1306,94,100
2308,17,643,JK007143,9,810,1498,242,34
2309,199,369,Shamela0010548,233,759,930,139,98
2312,1135,1361,Shamela0021784,283,57,301,180,91
2313,193,418,Shamela0021784,283,552,781,172,91
2317,1187,1416,ShamAY0007299,4797,773,1000,177,97
2317,1195,1416,ShamAY0007299,4798,32,254,160,91
2317,1195,1409,Shamela0000636,34,120,336,165,95
2317,1187,1416,Shamela0023785,147,1112,1341,179,98
2317,1187,1383,ShamAY0034434,9,783,981,132,84
2317,1190,1376,Shamela0037473BK1,240,1020,1218,124,79
2317,1195,1383,MMS00013,581,65,251,134,88
2317,1195,1383,MMS00013,1022,869,1055,134,88
2317,1187,1383,Hindawi050704724,15,619,814,146,92
2317,1187,1409,JK001493,152,44,265,152,86
2317,1187,1416,Shamela0009783BK1,612,709,936,165,90
2317,1195,1383,Sham19Y0148535,6,168,356,138,93
2317,1195,1409,Shamela0023833,37,803,1015,130,78
2317,1187,1416,Shamela0023789,197,187,416,166,92
2317,1195,1409,Shamela0004445,767,753,965,130,78
2317,1187,1383,JK006907,60,357,549,141,90
2317,1187,1416,Sham19Y0145435,1314,504,731,164,90
2317,1195,1383,Rafed0002267,123,869,1059,129,86
2317,1195,1409,Masaha002028Vols,117,1264,1534,128,60
2317,1187,1383,Masaha004568Vols,106,561,757,145,90
2317,942,1383,JK010491,169,803,1312,159,29
2317,1127,1383,Sham19Y0120922,127,704,935,163,79
2317,1195,1409,Shamela0009770,84,135,291,102,61
2318,1249,1494,Hindawi081947462,43,185,413,74,30
2318,1249,1494,Rafed0002341Vols,94,911,1139,73,33
2318,1249,1494,JK000927,918,791,1019,73,33
2318,1249,1494,Hindawi030536269,23,317,545,73,33
2318,1249,1494,Hindawi017160604,74,44,272,73,33
2322,1337,1490,Shamela0009702,610,66,242,109,76
2322,1376,1519,Shamela0036515,2631,450,612,103,79
2322,1337,1519,JK007040,9,1048,1230,147,100
2325,812,962,Shamela0021784,175,1033,1175,111,90
2327,667,831,Hindawi031861395,135,811,981,125,88
2327,647,814,Shamela0010548,608,1104,1249,115,84
2327,644,845,ShamAY0035859,300,1234,1439,128,75
2327,679,831,Hindawi035168479,31,187,336,115,92
2327,667,861,Shamela0023775,417,1029,1235,156,92
2330,858,1021,JK007040,4,1135,1301,135,97
2331,1010,1250,JK001335,1509,323,668,191,68
2331,1041,1250,JK001335,1516,1,774,163,26
2331,1095,1250,Shamela0008353,78,148,367,111,61
2331,1010,1250,Kraken22021606123102Vols,2956,105,909,188,29
2331,1016,1250,Sham19Y0014592,2311,561,935,182,60
2331,1010,1250,Shamela0002573,1142,659,1224,187,40
2332,825,969,ShamAY0007299,4482,1,143,114,98
2332,821,969,Kraken2106220218081,923,1201,1347,116,97
2332,821,946,JK007143,2621,1385,1509,98,96
2332,821,969,Shamela0010548,236,1100,1246,117,98
2332,821,969,JK000927,1227,748,894,117,98
2332,821,969,Hindawi093813583,34,454,597,115,96
2332,821,969,Hindawi048607936,298,369,515,117,98
2332,821,969,Kraken22021606121201,566,337,484,111,90
2332,821,969,Shamela0007328,70,560,703,112,91
2332,821,969,Hindawi030536269,560,932,1078,117,98
2332,821,969,Shamela0009788,873,973,1119,117,98
2332,821,969,Shamela0009788,1972,1299,1445,117,98
2333,695,851,JK000927,311,63,302,114,59
2334,108,241,ShamAY0007299,4480,124,266,103,90
2334,108,241,JK007143,2618,34,176,103,90
2334,108,241,JK009325,559,652,794,103,90
2334,108,241,Hindawi030536269,231,152,294,103,90
2334,108,241,Sham19Y0150966,1365,1164,1300,103,91
2334,833,953,JK007040,6,211,331,96,100
2334,108,241,Shamela0009788,1973,156,292,103,91
2337,816,1214,JK001302,629,228,658,216,50
2337,816,1214,JK001460,576,342,779,221,51
2338,504,651,ShamAY0007299,4546,275,442,108,81
2338,507,680,Shamela0023789,1389,119,390,130,61
2339,1184,1394,Hindawi079072819,140,106,318,106,47
2339,1184,1537,JK001460,565,598,1071,232,58
2339,92,419,Shamela0007328,48,504,1078,114,23
2340,454,630,ShamAY0007299,4434,246,422,143,100
2340,179,630,ShamAY0007299,4515,985,1345,210,51
2340,445,630,JK001296,13,496,676,144,95
2340,454,630,JK001460,100,229,399,138,96
2340,192,630,Shamela0010548,228,1114,1458,198,49
2342,1295,1473,ShamAY0007299,4433,1139,1338,131,83
2342,1295,1473,ShamAY0007299,4513,651,856,135,83
2342,1299,1473,ShamAY0007299,4515,741,924,135,91
2342,1299,1477,JK001296,13,76,291,135,79
2342,1299,1473,Shamela0021784,132,373,556,135,91
2343,1095,1298,JK009225,45,634,1067,120,35
2343,1086,1298,Shamela0006897,174,1074,1252,113,64
2343,985,1139,Shamela0010548,666,942,1074,71,51
2343,1086,1298,JK009320,50,324,555,117,63
2343,953,1302,JK010766,360,461,784,170,54
2343,1086,1302,Hindawi030807493,97,38,379,120,44
2350,270,542,Shamela0012320,370,1183,1457,222,97
2350,270,598,Hindawi092914940,476,798,1255,131,27
2352,866,1067,Shamela0023735,2317,329,526,154,95
2354,870,1235,Shamela0021784,209,257,748,178,46
2355,110,478,Shamela0021784,210,514,933,265,77
2359,1240,1485,Shamela0021525,24,1060,1516,195,52
2359,1240,1543,Hindawi014942790,4,1184,1510,180,56
2359,1209,1553,Shamela0011253,13,665,1235,260,54
2360,220,398,Shamela0021784,198,1117,1381,131,60
2360,1,141,Shamela0021525,25,87,224,107,95
2360,879,1028,Shamela0023785,19,514,704,102,66
2360,1,141,Shamela0010548,662,927,1035,75,68
2360,1,141,Shamela0011253,13,1235,1375,111,100
2362,826,1061,Shamela0021784,218,637,797,128,67
2363,1260,1536,Shamela0021784,252,666,907,143,56
2364,994,1206,Hindawi091480429,535,1235,1393,128,74
2364,921,1206,Shamela0021784,218,821,1100,226,97
2364,978,1212,Sham19Y0023644,5112,965,1138,131,69
2364,994,1206,Shamela0010798,2561,9,167,128,74
2364,994,1206,Hindawi039141640,47,898,1056,128,74
2364,994,1206,JK007143,504,818,1100,129,56
2364,994,1212,JK007143,747,1128,1290,128,72
2364,994,1206,JK007143,760,1057,1215,128,74
2364,994,1206,Shamela0000736,3221,1161,1319,128,74
2364,994,1206,Shamela0001515,128,220,377,127,73
2364,994,1206,Sham19Y0013900,28,1262,1420,128,74
2364,994,1206,Sham19Y0147062,1172,253,411,128,74
2364,994,1212,Shamela0037632,11,873,1035,128,72
2364,994,1206,Shamela0010548,664,614,772,128,74
2364,994,1212,Sham19Y0131003,42,326,489,127,71
2364,994,1206,JK001477,145,1298,1456,128,74
2364,994,1206,JK010568,240,276,762,128,29
2364,994,1206,Hindawi046946197,136,727,885,128,74
2364,994,1206,Sham19Y0013680,727,748,909,127,74
2364,994,1206,Sham19Y0021505,222,1229,1389,128,73
2364,994,1206,Shamela0012406,2861,1333,1490,127,73
2364,994,1206,JK007512,2,675,831,111,64
2364,994,1206,JK009320,50,1190,1348,128,74
2364,964,1206,JK010734,73,760,952,128,62
2364,994,1206,Sham19Y0016714,969,34,182,100,57
2364,1015,1206,JK009230,489,1,138,108,69
2364,994,1206,JK010724,73,154,361,128,60
2364,994,1206,Shamela0005449,15,732,890,127,73
2364,994,1206,Shamela0005449,19,827,985,128,74
2364,994,1206,JK010766,402,1287,1445,124,72
2364,994,1206,JK006912,49,976,1133,124,72
2364,994,1206,Shamela0010283,69,168,325,126,73
2364,994,1212,Shamela0010283,1513,1039,1352,131,51
2364,994,1206,Shamela0037488,25,387,1065,133,24
2364,994,1206,JK000916,3119,509,667,123,71
2364,994,1206,Shamela0001032,13,170,328,128,74
2364,994,1206,Sham19Y0017724,324,334,492,126,73
2365,114,271,Hindawi091480429,535,1235,1446,109,64
2365,103,509,Sham19Y0023644,5112,949,1311,168,38
2365,114,509,Shamela0010798,2561,9,349,161,38
2365,114,266,Hindawi039141640,47,898,1155,109,52
2365,99,289,JK007143,504,797,1330,142,33
2365,114,266,JK007143,747,1128,1336,109,64
2365,295,581,JK007143,748,738,1073,196,66
2365,114,266,JK007143,760,1057,1295,109,57
2365,295,581,JK007143,761,708,1050,197,65
2365,103,509,Shamela0000736,3221,1139,1504,169,38
2365,88,266,Shamela0037632,11,845,1081,125,66
2365,103,266,JK010568,240,250,660,112,33
2365,114,266,Hindawi046946197,136,727,984,109,52
2365,99,231,Sham19Y0013680,727,733,865,98,92
2365,99,213,JK006910,161,1136,1249,91,98
2365,114,266,JK007512,2,675,879,85,51
2365,84,509,JK009325,1143,210,601,201,46
2365,99,271,JK010734,73,787,1056,122,56
2365,99,289,Shamela0009427,14,66,658,140,29
2365,99,458,JK010724,73,139,576,161,37
2365,99,213,JK001020,51,491,605,93,100
2365,114,581,JK001020,107,419,835,253,60
2365,103,509,Shamela0003118,1189,1063,1445,167,36
2365,103,266,JK010766,402,1276,1543,114,53
2365,114,266,JK006912,49,976,1232,106,51
2365,103,266,Shamela0010283,69,157,373,115,65
2365,103,509,JK000916,3119,487,849,167,37
2365,88,266,Shamela0001032,13,142,427,125,54
2365,103,266,Sham19Y0017724,324,301,591,118,50
2366,762,1157,Shamela0021784,219,193,876,282,51
2366,192,401,Shamela0021784,220,961,1173,157,88
2367,1080,1447,Shamela0021784,220,1159,1522,287,98
2367,460,677,JK000927,5083,6,211,125,67
2367,1085,1483,Hindawi050704646,121,564,956,291,92
2372,694,1180,Shamela0021525,342,1161,1460,74,14
2372,694,1180,Shamela0023785,80,618,747,64,15
2372,694,1180,Hindawi039141640,71,123,425,73,14
2372,840,996,Shamela0009427,10,112,268,113,91
2372,694,1180,JK006912,68,723,1024,73,14
2373,380,603,Shamela0023785,84,1031,1245,162,88
2378,934,1106,Shamela0009427,134,552,696,87,65
2379,429,744,ShamAY0007299,4553,1,276,208,80
2379,332,717,JK001460,607,345,755,255,70
2379,332,717,Sham19Y0017724,11,172,582,254,69
2380,795,1102,Shamela0008189,36,71,418,166,54
2380,795,1102,Shamela0021525,160,681,1036,199,63
2380,795,1058,Sham19Y0073348,548,232,448,164,76
2380,857,1102,JK010637,306,1,243,186,92
2380,795,1058,JK009208,58,1276,1405,74,35
2380,795,1102,MMS00013,2104,239,596,196,61
2380,795,1051,Shamela0010551,214,1362,1492,100,48
2380,804,1058,Hindawi097496815,51,1,169,126,62
2380,795,1102,JK000927,953,1134,1488,200,63
2380,795,1051,Hindawi094614731,65,1302,1516,131,65
2380,795,1102,Shamela0021508,15,613,967,202,64
2380,795,1019,JK006908,121,125,266,102,57
2380,795,1102,Sham19Y0018147,474,140,406,200,81
2380,795,1058,Shamela0036082,33,713,1059,136,49
2380,795,1051,Shamela0005416,166,764,980,159,77
2380,821,1102,Shamela0009229,173,28,301,152,68
2380,795,1051,Hindawi050704646,33,844,1141,129,48
2380,795,1096,JK000911,346,1,347,191,62
2380,795,1102,Shamela0010283,1100,605,954,230,80
2380,795,1058,JK010738,269,439,699,145,60
2380,795,1106,Shamela0021554,131,108,460,193,60
2382,1,194,ShamAY0007299,1223,427,660,151,81
2382,38,189,ShamAY0007299,4666,300,451,121,100
2382,1,189,Shamela0023785,67,723,951,150,82
2382,38,194,JK007143,695,356,494,106,85
2382,87,189,Rafed0002163Vols,56,444,547,73,91
2383,1007,1456,JK000927,3254,875,1244,189,48
2384,415,688,Shamela0021784,102,1,241,182,78
2385,557,727,Sham19Y0036540,2699,1386,1557,136,99
2385,727,870,Sham19Y0036540,2700,1,144,112,99
2386,1014,1331,ShamAY0007299,4491,69,443,238,81
2386,1050,1191,ShamAY0007299,4669,563,705,103,93
2386,966,1297,JK007143,695,1145,1508,225,77
2386,1102,1277,Hindawi048607936,122,284,451,92,61
2386,986,1164,Sham19Y0124335,230,1328,1494,113,81
2386,1164,1331,Sham19Y0124335,231,1,179,125,85
2386,986,1331,Shamela0037488,131,381,739,249,87
2386,986,1331,Shamela0011253,144,88,446,249,87
2387,76,589,Sham19Y0124335,291,606,872,153,36
2389,1082,1267,Shamela0005449,127,351,737,86,23
2390,630,1289,Shamela0006904,78,428,1361,192,18
2390,630,1289,JK007522,1,111,951,187,18
2390,630,1289,Shamela0021525,303,190,1029,187,19
2390,663,834,JK010732,20,35,302,125,58
2390,622,785,Sham19Y0147062,717,384,547,124,95
2390,630,834,MMS00013,1148,79,479,164,50
2390,674,834,JK010747,164,591,909,125,48
2390,630,834,Shamela0000136,174,30,570,156,36
2391,854,1258,Shamela0021525,191,576,1012,100,18
2391,854,1258,Hindawi039141640,50,646,1133,102,17
2391,854,1258,Shamela0005449,122,885,1367,104,19
2391,854,1258,Shamela0005449,127,737,1195,106,20
2391,854,1258,JK006912,65,703,1188,109,19
2391,854,1258,JK007518,2,639,1127,102,17
2394,1032,1170,Shamela0009427,69,1327,1469,109,97
2395,193,395,Shamela0021525,210,472,770,137,58
2395,275,395,Sham19Y0023644,767,1,350,85,30
2395,217,395,JK007143,1905,819,1020,129,80
2395,217,322,JK010743,12,548,653,81,98
2395,217,399,JK001477,400,895,1121,124,69
2395,217,363,JK000927,5070,1274,1512,105,56
2395,271,395,JK009325,284,822,1039,88,50
2395,217,322,JK009325,1654,756,861,81,98
2395,217,322,Sham19Y0016435,134,339,582,81,42
2395,217,322,Shamela0026536,374,1257,1362,81,98
2409,759,879,Shamela0012286,1607,1051,1239,88,60
2409,759,879,Shamela0002114,77,407,586,88,63
2416,182,287,Shamela0012286,1077,666,888,76,44
2423,1399,1529,Shamela0012286,1030,766,962,103,65
2425,135,354,Sham19Y0014827,163,1251,1493,131,64
2425,356,558,Sham19Y0014827,164,1,240,147,77
2425,135,535,Sham19Y0014827,343,690,1149,272,72
2425,135,535,Sham19Y0014827,519,663,1122,272,72
2425,106,535,Sham19Y0018103,235,9,587,285,62
2425,222,535,Sham19Y0018103,501,82,471,244,78
2425,106,558,Sham19Y0018103,1004,656,1270,304,62
2425,222,535,Sham19Y0018103,1266,102,491,244,78
2425,106,535,Sham19Y0018103,1518,807,1385,285,62
2425,106,580,Sham19Y0018103,1755,756,1395,304,60
2425,248,535,Sham19Y0018103,2014,1,364,222,77
2425,106,535,Sham19Y0018103,2270,717,1295,285,62
2425,106,459,Sham19Y0018103,2528,1059,1529,226,61
2425,124,535,Sham19Y0018103,2796,1,564,277,62
2425,106,535,Sham19Y0018103,3053,217,799,285,62
2425,106,535,Sham19Y0018103,3295,451,1033,285,62
2425,222,535,Sham19Y0018103,3531,80,469,244,78
2425,106,535,Sham19Y0018103,3778,625,1207,285,62
2425,106,558,Sham19Y0018103,4042,760,1376,304,62
2425,222,535,Sham19Y0014592,224,79,428,248,88
2425,106,535,Sham19Y0014592,478,219,759,303,68
2425,222,535,Sham19Y0014592,752,1,350,248,88
2425,264,535,Sham19Y0014592,1026,1,308,214,87
2425,144,558,Sham19Y0014592,1310,5,538,284,65
2425,106,354,Sham19Y0014592,1575,1272,1595,161,59
2425,356,539,Sham19Y0014592,1576,1,220,141,81
2425,106,535,Sham19Y0014592,1840,1022,1562,301,68
2425,106,535,Sham19Y0014592,2110,235,775,301,68
2425,106,438,Sham19Y0014592,2359,1127,1534,226,67
2425,106,535,Sham19Y0014592,2607,334,878,301,67
2425,106,535,Sham19Y0014592,2856,482,1026,302,68
2428,298,1641,Hindawi025273163,2,101,1418,1067,97
2429,1160,1578,Shamela0006947,17336,1001,1408,316,93
2429,1,226,Hindawi025273163,2,1418,1643,185,100
2429,226,1610,Hindawi025273163,3,1,1393,1092,95
2430,1,1549,Hindawi025273163,4,188,1667,1210,95
2430,1549,1658,Hindawi025273163,5,1,110,88,100
2431,1,1512,Hindawi025273163,5,110,1612,1221,99
2432,267,375,Shamela0006947,15179,1276,1384,86,100
2432,271,375,Sham19Y0016934,8414,453,557,83,100
2432,1,1505,Hindawi025273163,6,94,1556,1180,97
2433,1,1527,Hindawi025273163,7,55,1534,1188,96
2433,1298,1508,Shamela0023789,5,1268,1484,170,97
2434,6,1522,Hindawi025273163,8,1,1478,1185,97
2435,129,1678,Hindawi025273163,9,1,1544,1265,99
2436,1,125,Hindawi025273163,9,1544,1668,102,100
2436,125,1611,Hindawi025273163,10,1,1488,1205,99
2437,1,123,Hindawi025273163,10,1488,1610,100,100
2437,123,1630,Hindawi025273163,11,1,1467,1191,96
2438,1,151,Hindawi025273163,11,1467,1617,121,100
2438,151,1562,Hindawi025273163,12,1,1412,1138,99
2439,1,150,Hindawi025273163,12,1412,1562,119,98
2439,150,1522,Hindawi025273163,13,1,1325,1056,96
2440,1,182,Hindawi025273163,13,1325,1506,144,100
2440,182,1542,Hindawi025273163,14,1,1337,1072,97
2441,853,1077,JK009234,110,1231,1439,157,87
2441,592,756,Hindawi060938635,37,683,848,132,99
2441,1,215,Hindawi025273163,14,1337,1551,172,100
2441,215,1559,Hindawi025273163,15,1,1345,1084,99
2441,592,751,Hindawi026382506Vols,802,909,1068,128,100
2442,1,216,Hindawi025273163,15,1345,1560,174,100
2442,216,1543,Hindawi025273163,16,1,1332,1068,99
2442,167,409,Shamela0026047,396,442,1153,193,33
2442,167,409,JK000917,1185,925,1170,194,97
2442,167,409,Tafsir01005,4214,453,699,195,97
2443,1,214,Hindawi025273163,16,1332,1545,173,100
2443,214,1619,Hindawi025273163,17,1,1363,1105,96
2444,194,398,Tafsir02102,910,814,1011,139,81
2444,180,398,ShamAY0009682,25,113,333,158,84
2444,180,405,Shamela0006947,15178,678,926,171,83
2444,194,398,JK000166,10274,537,734,139,81
2444,1,244,Hindawi025273163,17,1363,1606,194,100
2444,244,1522,Hindawi025273163,18,1,1601,1003,75
2445,1,205,JK000343,806,1026,1452,156,45
2445,1,1529,Hindawi025273163,19,62,1554,1190,95
2446,1,1713,Hindawi025273163,20,32,1713,1374,96
2447,42,226,JK000279,655,1059,1310,141,69
2447,1,1563,Hindawi025273163,21,8,1507,1201,95
2447,1212,1563,JK000201,1244,13,681,178,31
2448,5,150,Shamela0006947,14743,1152,1298,117,99
2448,46,1575,Hindawi025273163,22,1,1478,1196,96
2449,98,1584,Hindawi025273163,23,1,1457,1173,96
2450,1,139,Hindawi025273163,23,1457,1595,114,100
2450,139,1600,Hindawi025273163,24,1,1405,1134,95
2451,1,180,Hindawi025273163,24,1405,1584,145,100
2451,180,1575,Hindawi025273163,25,1,1395,1130,99
2452,955,1113,JK001335,9,289,453,128,94
2452,540,682,Shamela0006947,15168,251,388,103,89
2452,23,217,Hindawi025273163,25,1395,1589,157,100
2452,217,1618,Hindawi025273163,26,1,1374,1117,97
2452,392,635,JK001157,927,1241,1621,194,62
2452,689,865,JK001157,928,1443,1648,142,84
2453,1,242,Hindawi025273163,26,1374,1616,194,99
2453,242,1557,Hindawi025273163,27,1,1301,1048,98
2454,1,264,Hindawi025273163,27,1301,1568,215,98
2454,264,1694,Hindawi025273163,28,1,1431,1177,99
2455,1,249,Hindawi025273163,28,1431,1679,201,100
2455,192,1371,Hindawi025273163,29,519,1685,929,96
2455,1371,1613,Hindawi025273163,30,1,243,200,100
2456,1,1384,Hindawi025273163,30,243,1587,1086,97
2456,1384,1592,Hindawi025273163,31,1,209,172,100
2456,375,478,Shamela0000432,5788,741,844,80,100
2457,1130,1288,JK000279,10,611,769,129,99
2457,1,1422,Hindawi025273163,31,209,1638,1154,99
2457,1422,1612,Hindawi025273163,32,1,191,152,100
2458,661,976,JK000268,45,1109,1541,239,68
2458,962,1144,JK000268,46,20,461,141,39
2458,1446,1568,Shamela0004473,547,1507,1629,101,100
2458,661,1131,Shamela0009993,46,203,733,226,45
2458,661,958,JK000094,22,1146,1515,236,79
2458,962,1131,JK000094,23,56,476,137,40
2458,22,1373,Hindawi025273163,32,191,1543,1088,99
2458,1373,1568,Hindawi025273163,33,1,178,144,90
2458,649,1131,Sham19Y0018100,1174,70,290,145,34
2458,763,933,Shia004456Vols,1018,58,261,128,79
2458,661,1144,JK000041,155,546,1424,348,46
2458,860,1026,JK000122,645,83,347,122,58
2459,1,1485,Hindawi025273163,33,178,1660,1212,99
2460,1,1550,Hindawi025273163,34,160,1705,1271,99
2460,1550,1691,Hindawi025273163,35,1,142,114,100
2461,923,1057,Sham19Y0023644,3664,810,932,97,90
2461,1,172,Hindawi068305130,496,1327,1506,134,92
2461,192,421,Hindawi068305130,497,1,294,172,73
2461,465,774,Hindawi092963020,568,1305,1603,224,87
2461,1,421,Rafed0002341Vols,143,621,1198,314,67
2461,1,421,JK001412,404,899,1461,310,68
2461,1,421,Hindawi079072819,217,502,1067,315,69
2461,476,787,JK007042,588,294,588,225,88
2461,1,218,Sham19Y0000259,605,1265,1577,166,66
2461,476,695,Shamela0001002,2386,1433,1652,172,96
2461,1,356,AOCP2023082102,64,423,881,267,71
2461,926,1057,Hindawi015792571,41,1,132,103,97
2461,1,421,Sham19Y0029676,784,545,1106,316,70
2461,1,1427,Hindawi025273163,35,142,1568,1150,99
2461,1427,1582,Hindawi025273163,36,1,156,128,100
2461,900,1057,Sham19Y0021505,179,609,767,124,96
2461,1,421,Shamela0009783BK1,4123,254,832,314,67
2461,900,1057,JK009325,625,376,533,127,100
2461,1,421,Shamela0012320,326,108,670,322,71
2461,580,787,Shamela0011682,1303,1,209,163,95
2461,900,1057,Shamela0023789,22,785,942,127,100
2461,1,421,Sham19Y0145435,4130,674,1252,314,67
2461,134,421,Shamela0005880,20,1,431,182,50
2461,1,114,JK000911,2205,1491,1603,90,99
2461,114,421,JK000911,2206,1,460,228,62
2461,1,221,Hindawi059250728,127,1289,1606,167,66
2461,221,421,Hindawi059250728,128,1,265,150,70
2461,900,1057,Shamela0010283,1226,319,475,127,99
2461,900,1057,ShamAY0005375,417,377,535,122,94
2461,1057,1209,JK000933,16,824,993,111,81
2461,900,1057,Hindawi030807493,124,639,796,127,100
2461,1,421,Hindawi017160604,743,516,1094,314,67
2462,1,1539,Hindawi025273163,36,156,1699,1264,99
2462,1539,1690,Hindawi025273163,37,1,152,123,100
2463,863,1059,Shamela0004473,548,131,347,155,86
2463,1,1574,Hindawi025273163,37,152,1685,1260,97
2463,1574,1700,Hindawi025273163,38,1,127,104,100
2464,935,1129,Shia002185Vols,3030,161,590,131,36
2464,960,1129,Hindawi068305130,428,746,971,133,74
2464,935,1056,JK001310,12,466,583,90,94
2464,1022,1253,Hindawi068383692,41,1079,1303,113,63
2464,1,1330,Hindawi025273163,38,127,1512,1060,95
2464,1330,1505,Hindawi025273163,39,1,176,142,100
2464,940,1129,Shamela0023790,16,1,455,138,37
2464,935,1056,Shamela0005433,15,156,277,95,99
2464,1135,1253,Shamela0023789,866,270,389,88,93
2464,1135,1253,Hindawi024069693,10,309,428,88,93
2464,960,1129,Hindawi059250728,54,1291,1516,133,74
2465,1,1483,Hindawi025273163,39,176,1631,1182,97
2465,1483,1645,Hindawi025273163,40,1,163,133,100
2465,296,411,Shamela0023790,22,542,657,80,91
2465,921,1340,Hindawi026382506Vols,429,433,911,324,80
2465,1081,1347,Hindawi079708060,45,1150,1366,161,71
2465,296,418,Shamela0001585,231,735,861,80,80
2466,1,1491,Hindawi025273163,40,163,1636,1202,98
2466,1491,1639,Hindawi025273163,41,1,149,121,100
2467,1,1524,Hindawi025273163,41,149,1622,1197,96
2468,99,244,Shamela0021715,5752,1051,1254,115,70
2468,99,244,Shamela0000894,1628,1273,1447,113,79
2468,99,244,Sham19Y0018176,1349,408,550,108,88
2468,99,244,Sham19Y0018106,2499,644,786,108,88
2468,73,217,JK000365,1554,598,849,82,39
2468,99,244,JK000365,2148,1359,1501,108,88
2468,99,244,Shamela9007669,714,414,566,116,95
2468,1,1436,Hindawi025273163,42,108,1549,1154,99
2468,99,244,JK009336,823,400,542,108,88
2468,99,244,Sham19Y0020638,1088,295,437,108,88
2468,99,244,JK000146,363,811,959,113,92
2468,99,244,JK000110,931,412,554,108,88
2468,99,244,Shamela0037837,806,1067,1209,108,88
2469,978,1176,Sham19Y0001729,2359,252,474,136,73
2469,978,1176,Sham19Y0146127,2804,566,781,155,90
2469,978,1173,Shamela0021715,5800,1250,1454,155,95
2469,989,1176,Shamela0021715,5807,616,960,146,53
2469,985,1176,Shia002185Vols,2455,674,879,149,91
2469,978,1176,JK009152,1546,57,252,141,82
2469,978,1176,Sham19Y0018176,1366,465,677,157,92
2469,978,1176,JK009141,1388,1024,1213,140,84
2469,996,1176,Sham19Y0127656,433,1,190,143,94
2469,978,1176,Shamela0012062,303,1113,1320,155,93
2469,978,1176,Shamela0012062,309,1181,1389,151,88
2469,1,368,Kraken211005012007,344,835,1166,256,84
2469,48,322,Kraken211005012007,346,231,802,167,34
2469,978,1176,Sham19Y0018106,2518,847,1059,157,92
2469,978,1176,Shamela0004473,5491,270,477,157,95
2469,978,1176,Hindawi029620591,129,81,274,133,75
2469,985,1176,JK007044,6669,551,759,129,75
2469,975,1176,ShamAY0034005,1467,802,1030,147,77
2469,978,1176,Sham19Y0018103,2407,405,612,157,95
2469,978,1176,JK007065,44,140,352,155,91
2469,933,1133,Sham19Y0014119,615,934,1095,127,79
2469,978,1176,Sham19Y0013252,5992,76,283,157,95
2469,989,1176,Sham19Y0013252,5994,13,603,148,31
2469,992,1176,Sham19Y0013572,93,5,198,140,88
2469,1096,1520,JK000365,255,1184,1621,303,76
2469,1,368,JK000365,1295,1100,1449,277,92
2469,1096,1343,Shamela0021512,53,1336,1563,155,71
2469,1343,1548,Shamela0021512,54,1,246,169,83
2469,1,368,Shamela0021512,249,235,585,278,92
2469,985,1133,Sham19Y0145212,3749,717,865,114,96
2469,978,1176,JK000165,2487,913,1126,157,92
2469,978,1176,Shamela9007669,760,172,360,142,85
2469,1,1499,Hindawi025273163,43,101,1603,1207,98
2469,978,1176,Shamela0008657,416,963,1196,135,70
2469,978,1176,Shamela0012406,1069,1138,1349,156,92
2469,978,1176,JK009336,840,607,819,155,91
2469,978,1176,Sham19Y0020638,1101,324,531,157,95
2469,978,1176,Shamela0036446,704,575,785,153,90
2469,933,1176,JK000484,5158,866,1155,172,75
2469,978,1176,JK000146,366,1266,1473,157,95
2469,978,1176,Sham19Y0013605,2986,298,582,157,69
2469,978,1176,JK000110,943,802,1014,157,92
2469,978,1176,JK001325,32,246,458,157,92
2469,978,1176,JK000803,6,471,678,157,95
2469,933,1176,Shamela0023700,1610,155,414,172,80
2469,978,1176,Shamela0023700,1768,482,696,156,91
2469,996,1176,Shamela0003118,2547,6,199,127,75
2469,985,1176,Shamela0006610,702,330,536,151,92
2469,978,1176,Shamela0037325,74,932,1145,157,92
2469,978,1176,Sham19Y0016584,2678,513,720,157,95
2469,978,1176,Sham19Y0145435,5575,39,246,157,95
2469,1005,1176,Shia004456Vols,747,1,180,136,94
2469,1032,1176,Sham19Y0016684,1354,1,145,115,100
2469,985,1173,JK000916,7693,1227,1433,134,75
2469,978,1176,JK000916,17523,127,332,140,79
2469,978,1176,JK000698,192,738,952,155,91
2469,1000,1176,JK000001,3172,1,177,140,99
2469,978,1176,Sham19Y0014309,952,267,498,147,78
2469,978,1176,Shamela0037837,813,957,1169,157,92
2469,904,1133,Sham19Y0122257,3466,88,282,139,76
2469,978,1176,Shamela0005756,10229,687,895,157,94
2470,229,686,Shia001432Vols,10382,828,1229,214,59
2470,232,540,Shia001663Vols,80,450,744,196,74
2470,232,661,Shia001663Vols,237,1211,1516,224,65
2470,232,869,Hindawi029620591,181,237,747,199,34
2470,232,513,Shia001278Vols,168,336,631,168,62
2470,1,128,Shamela0021512,53,1015,1168,97,79
2470,540,695,Zaydiyya0000238,41,379,535,123,99
2470,621,835,JK000839,140,1,253,156,76
2470,1,1426,Hindawi025273163,44,104,1511,1119,97
2470,540,835,Shamela0012406,1145,137,326,151,63
2470,540,835,Shamela0009783BK1,1884,645,963,235,92
2470,540,695,Shia001626Vols,112,1215,1371,122,98
2470,365,540,Shia001626Vols,113,1,185,119,74
2470,540,835,Sham19Y0145435,575,379,697,235,92
2470,229,686,JK000911,948,1007,1415,218,59
2470,540,851,Shia003636Vols,1331,47,594,178,36
2470,229,700,Shamela0010283,4271,457,749,201,53
2470,540,835,Rafed0000040Vols,1221,906,1228,231,89
2470,540,835,Rafed0000040Vols,1598,277,592,232,90
2471,1,1539,Hindawi025273163,45,79,1571,1207,96
2472,1,1554,Hindawi025273163,46,49,1603,1259,99
2472,782,998,Shamela0012320,163,62,334,174,78
2472,782,998,Hindawi092914940,261,261,611,166,56
2473,1,1558,Hindawi025273163,47,43,1601,1265,99
2474,1,1612,Hindawi025273163,48,48,1622,1272,97
2475,1,165,Hindawi083096496,154,1447,1611,134,100
2475,1,1570,Hindawi025273163,49,14,1576,1263,99
2476,1,1598,Hindawi025273163,50,9,1607,1298,99
2477,1486,1638,Hindawi061827135,20,116,251,113,88
2477,1,1653,Hindawi025273163,51,9,1600,1299,96
2477,1486,1638,JK010344,649,819,970,126,98
2478,47,1723,Hindawi025273163,52,1,1677,1381,99
2479,53,1713,Hindawi025273163,53,1,1661,1367,99
2480,56,1591,Hindawi025273163,54,1,1550,1243,98
2481,108,1596,Hindawi025273163,55,1,1487,1207,99
2482,1,107,Hindawi025273163,55,1487,1593,85,100
2482,88,1600,Hindawi025273163,56,93,1557,1186,96
2482,1147,1420,Sham19Y0014325,6385,272,508,138,57
2482,1118,1519,JK000043,6,381,773,321,97
2483,877,1110,JK000334,90,988,1225,173,87
2483,49,1605,Hindawi025273163,57,1,1540,1251,98
2484,62,1619,Hindawi025273163,58,1,1536,1250,98
2485,913,1047,Shamela0021715,5484,364,501,107,96
2485,913,1047,Shamela0000894,507,1305,1442,108,97
2485,913,1047,Shamela0000894,544,1325,1459,108,98
2485,340,459,Shamela0009076,407,375,495,91,95
2485,913,1047,Kraken22021606123201,575,124,261,107,96
2485,918,1047,JK009152,1534,1054,1186,103,96
2485,913,1236,Tafsir09084,559,651,1162,183,40
2485,340,459,Shamela0021766,1003,222,340,91,96
2485,340,459,Sham19Y0018176,2485,857,976,93,98
2485,913,1047,JK006838,1481,1100,1234,108,97
2485,913,1047,Sham19Y0018106,2399,758,895,107,96
2485,340,459,Sham19Y0018106,4095,107,226,93,98
2485,913,1047,JK008001,2016,1228,1364,107,97
2485,597,818,JK010001,25,761,1021,144,67
2485,913,1047,Sham19Y0016976,1197,850,986,107,97
2485,597,818,Sham19Y0016976,1198,877,1270,136,43
2485,340,459,Sham19Y0016976,1200,706,825,93,98
2485,913,1047,Sham19Y0018103,2289,1164,1301,107,96
2485,597,818,Sham19Y0014119,339,281,455,137,76
2485,340,459,Sham19Y0017063,857,965,1084,93,98
2485,913,1047,Shamela0006947,14880,747,884,107,96
2485,913,1047,Shamela0006947,16038,760,895,109,99
2485,913,1047,Shamela0006947,16650,1294,1428,109,100
2485,913,1047,Shamela0035100,619,50,184,108,97
2485,913,1047,Sham19Y0013252,5766,419,556,107,96
2485,913,1047,Sham19Y0013252,5780,299,436,107,96
2485,913,1047,Kraken22021606122501,47,992,1129,107,96
2485,913,1053,JK000365,1311,139,292,109,86
2485,913,1047,Sham19Y0017729,225,885,1020,109,99
2485,913,1047,Sham19Y0020594,52,821,955,109,98
2485,913,1047,Shamela0001875,1258,122,256,108,98
2485,913,1047,Shamela0001727,1058,1014,1149,109,99
2485,586,759,Sham19Y0145212,2303,117,314,96,61
2485,913,1047,JK000165,3147,751,894,107,92
2485,913,1047,Sham19Y0017791,1211,1300,1436,107,97
2485,597,818,Sham19Y0017791,1213,57,514,145,38
2485,78,1604,Hindawi025273163,59,1,1517,1225,98
2485,913,1047,Hindawi025273163,177,770,905,109,99
2485,1148,1478,JK009137,2549,90,516,178,43
2485,586,1040,JK009336,807,592,895,166,38
2485,586,818,Tafsir07055,26,584,870,149,64
2485,913,1047,Sham19Y0095660,1750,1193,1330,107,96
2485,913,1047,JK000484,5146,703,839,104,94
2485,913,1047,Sham19Y0013605,2860,1067,1204,107,96
2485,340,459,Sham19Y0013605,4871,1400,1519,93,98
2485,913,1047,ShamAY0035250,51,804,941,107,96
2485,913,1047,Sham19Y0013614,540,1182,1318,107,97
2485,913,1047,JK000110,878,1004,1141,107,96
2485,340,459,JK000110,1860,1092,1211,93,98
2485,913,1478,JK006897,396,695,1019,219,44
2485,913,1047,Shamela0096283,269,759,896,107,96
2485,340,459,ShamIbadiyya0000229,2557,720,839,93,98
2485,913,1047,Shamela0010906,616,233,367,108,97
2485,913,1047,Shamela0001438,2669,827,963,108,97
2485,913,1047,Shamela0006610,893,917,1054,107,96
2485,302,459,Shamela0008381,4056,335,476,98,78
2485,913,1047,Sham19Y0016584,2545,694,831,107,96
2485,340,459,Sham19Y0016584,4624,1354,1473,93,98
2485,597,818,JK007045,517,1089,1310,138,78
2485,314,459,JK007045,518,756,897,99,87
2485,586,818,Zaydiyya0000142,3323,703,943,142,75
2485,597,1040,Kraken230110004547,145,1065,1309,162,44
2485,597,1047,Shamela0000767,3357,346,859,153,24
2485,296,459,Shamela0035276,35,948,1094,109,82
2485,913,1047,Sham19Y0017903,480,548,678,105,96
2485,913,1236,Shamela0008473,1276,391,902,183,40
2485,913,1047,Shamela0021659,927,1193,1329,107,97
2485,913,1047,Sham19Y0122257,2185,184,320,107,97
2485,586,818,Sham19Y0122257,2187,313,567,145,72
2485,913,1047,Shamela0005756,9892,572,709,107,96
2485,340,459,Shamela0005756,15003,1016,1135,93,98
2485,913,1040,Rafed0002202Vols,655,1022,1168,94,80
2485,340,459,Shamela0001585,61,519,638,93,98
2486,239,354,Sham19Y0122406,2886,286,401,90,100
2486,239,354,JK007065,911,624,732,85,93
2486,239,354,Sham19Y0017616,300,414,529,90,100
2486,239,354,Shamela0001727,1058,705,820,90,100
2486,95,1606,Hindawi025273163,60,1,1506,1211,98
2486,239,359,Sham19Y0020638,864,177,297,91,97
2486,239,354,Sham19Y0017903,476,1013,1121,85,93
2487,92,1595,Hindawi025273163,61,1,1504,1218,99
2488,75,1564,Hindawi025273163,62,1,1487,1199,99
2489,92,1735,Hindawi025273163,63,1,1629,1346,99
2490,99,1625,Hindawi025273163,64,1,1527,1243,99
2490,1014,1298,Hindawi036480695,9,703,988,218,95
2490,1440,1625,Hindawi036480695,13,235,443,144,83
2490,1471,1625,Shamela0022881,22,951,1106,124,98
2491,88,1675,Hindawi025273163,65,1,1589,1306,99
2491,738,1525,Hindawi036480695,27,322,1296,638,78
2491,8,260,Shamela0022881,22,1121,1373,201,100
2491,280,470,Shamela0022881,25,1171,1387,150,81
2491,1,260,Shamela0022877,13,822,1075,199,95
2491,310,470,Shamela0022877,15,360,536,120,82
2491,120,260,Shamela0009429,3004,253,395,113,98
2492,75,292,ShamAY0009682,126,1241,1446,163,93
2492,75,292,Shamela0006947,3116,493,698,162,92
2492,75,292,Shamela0006947,15507,108,312,163,93
2492,112,1609,Hindawi025273163,66,1,1476,1194,98
2492,1141,1447,Hindawi025273163,67,116,288,124,50
2493,1,141,Hindawi025273163,66,1476,1616,117,100
2493,141,1665,Hindawi025273163,67,1,1526,1247,99
2494,1,118,Hindawi025273163,67,1526,1643,95,100
2494,118,1679,Hindawi025273163,68,1,1554,1262,97
2495,1,134,Hindawi025273163,68,1554,1687,109,100
2495,134,1635,Hindawi025273163,69,1,1504,1220,99
2496,1,115,Hindawi025273163,69,1504,1618,91,100
2496,123,1375,Hindawi025273163,70,1,1538,979,77
2496,1375,1529,Hindawi025273163,71,1,155,123,100
2496,1157,1529,Hindawi025273163,84,191,509,201,62
2497,1,1448,Hindawi025273163,71,155,1577,1153,98
2497,1471,1590,Hindawi025273163,72,1,120,96,100
2498,90,273,Hindawi084739682,11,1178,1357,146,97
2498,100,273,Hindawi080746828,3,83,254,139,98
2498,90,273,Sham19Y0000259,826,319,500,147,98
2498,1,1524,Hindawi025273163,72,120,1634,1237,99
2498,1524,1641,Hindawi025273163,73,1,118,95,100
2498,90,273,Sham19Y0021505,112,496,677,144,96
2498,90,273,Sham19Y0026523,2134,324,503,146,97
2498,90,273,Shamela0023789,188,964,1145,147,98
2498,90,273,Hindawi030807493,60,763,944,147,98
2499,974,1093,Hindawi068305130,536,1009,1138,93,91
2499,1,1492,Hindawi025273163,73,118,1600,1201,99
2499,929,1097,Hindawi051620274,51,288,498,119,68
2499,974,1097,Hindawi095382805,131,190,320,95,92
2500,570,919,Hindawi025273163,70,574,1097,135,25
2500,1,1460,Hindawi025273163,74,112,1535,1138,96
2501,1,1521,Hindawi025273163,75,79,1599,1234,99
2502,1315,1453,Sham19Y0023644,3157,1217,1369,92,76
2502,1210,1399,JK000140,459,41,195,113,76
2502,1210,1453,Sham19Y0127700,283,205,708,168,41
2502,1210,1453,Sham19Y0122401,480,252,507,116,53
2502,1210,1399,Sham19Y0016934,6335,239,558,115,42
2502,1194,1453,Sham19Y0145212,2327,928,1197,120,48
2502,1,1471,Hindawi025273163,76,85,1509,1127,95
2502,1250,1453,Shamela0036446,562,241,633,145,46
2502,1210,1399,JK000637,1296,175,474,104,38
2502,1210,1453,JK000486,13,257,496,118,56
2502,1210,1453,JK007045,525,317,769,151,39
2502,1199,1447,JK000415,153,510,1094,190,41
2502,1199,1453,Sham19Y0014592,530,812,1284,183,47
2503,781,1133,Shamela0001524,1986,270,714,235,61
2503,719,985,Shamela0009773,2618,221,670,181,51
2503,1009,1248,Shamela0009773,3059,323,592,115,46
2503,985,1183,Zaydiyya0000153,61,1298,1506,123,75
2503,792,980,ShamAY0035884,695,1,243,140,72
2503,719,1193,Shamela0010013,122,258,783,202,44
2503,951,1248,Shamela0003722,2146,923,1207,110,32
2503,1,1235,Hindawi025273163,77,25,1408,968,88
2503,1235,1424,Hindawi025273163,78,1,190,151,100
2503,693,1193,JK000585,1688,879,1395,314,70
2503,770,920,Shamela0009702,542,994,1158,96,77
2503,693,1033,JK001503,3121,1034,1416,222,71
2503,770,980,JK001324,21,8,225,156,90
2503,985,1133,Shamela0003118,6630,929,1073,114,96
2503,703,1193,JK009241,211,11,715,316,53
2503,752,1193,Shamela0011997,41,207,611,196,50
2503,838,1193,JK009313,5093,1,634,204,36
2503,729,980,Sham19Y0016684,1039,1280,1534,178,86
2503,686,1133,Sham19Y0016684,1040,50,395,160,38
2503,1138,1248,JK000916,7181,438,545,80,90
2503,985,1183,JK000916,23146,46,249,134,81
2503,207,547,JK000415,153,666,1428,139,21
2503,453,848,JK000415,154,1,355,132,34
2504,1,1329,Hindawi025273163,78,190,1518,1066,100
2504,1329,1511,Hindawi025273163,79,1,183,144,100
2504,453,949,Shamela0023653,636,87,275,103,25
2505,322,534,Masaha001961Vols,1323,241,431,145,88
2505,297,534,Hindawi052718095,92,118,352,143,72
2505,322,534,Hindawi052718095,110,14,263,154,79
2505,297,534,Shamela0012415,780,712,971,158,74
2505,326,534,Kraken230106005528,973,37,265,132,70
2505,292,534,Shia001663Vols,444,716,922,128,65
2505,313,545,JK000214,192,1039,1232,128,70
2505,297,534,Sham19Y0039268,332,942,1218,152,67
2505,313,526,JK009152,1563,214,398,128,75
2505,341,534,JK000728,57,23,236,129,73
2505,326,534,JK009139,7866,1003,1183,119,76
2505,322,534,JK000559,1119,364,551,126,73
2505,297,534,Sham19Y0020944,805,842,1120,161,72
2505,341,534,JK010001,1699,792,966,117,77
2505,364,534,JK009151,1026,53,184,89,65
2505,268,545,JK007044,4121,817,1102,139,54
2505,322,534,Sham19Y0016976,1209,1084,1274,145,88
2505,322,534,JK000252,701,279,516,140,72
2505,234,534,Shamela0036543,1620,1012,1286,171,68
2505,268,534,Shamela0036543,1708,261,525,150,62
2505,252,534,Shamela0036543,1726,179,487,174,63
2505,322,534,Sham19Y0014119,343,128,318,145,88
2505,322,534,Shia004526,74,397,592,140,84
2505,181,534,Sham19Y0017063,868,10,374,179,60
2505,313,534,Sham19Y0122256,84,1246,1415,128,75
2505,322,534,Shamela0006947,2874,23,225,130,68
2505,181,534,ShamAY0033075,86,997,1354,177,60
2505,181,530,Sham19Y0013252,10420,522,846,137,41
2505,175,534,JK000983,531,920,1194,184,66
2505,313,534,Shamela0025794,4164,243,459,138,76
2505,313,534,JK000842,45,115,338,134,68
2505,297,538,JK001304,540,300,494,133,70
2505,367,534,Sham19Y0032193,286,1269,1472,115,73
2505,181,462,JK000471,1618,1147,1472,143,56
2505,322,534,Sham19Y0016934,6334,808,1018,140,78
2505,297,534,JK000470,121,317,535,147,78
2505,322,534,Sham19Y0145212,2324,257,466,145,81
2505,313,534,Sham19Y0127677,1083,797,995,137,75
2505,331,534,Kraken220413202953,35,1009,1163,104,64
2505,297,534,JK000180,677,877,1148,160,75
2505,1,1277,Hindawi025273163,79,183,1466,1014,99
2505,1277,1477,Hindawi025273163,80,1,201,160,100
2505,258,534,JK007111,1721,756,1023,147,64
2505,322,534,Shamela0001442,936,1008,1268,155,76
2505,336,534,Sham19Y0018611,60,1,185,124,79
2505,313,530,Masaha002999Vols,1281,1117,1347,125,62
2505,326,534,JK009137,2927,764,919,114,71
2505,297,534,JK009336,2771,1015,1253,153,78
2505,313,534,JK000474,3871,925,1164,151,79
2505,313,534,Shamela0036446,564,269,521,167,85
2505,252,534,Shamela0002386,296,334,654,176,67
2505,175,534,JK007098,363,288,558,183,65
2505,322,534,JK000142,794,282,541,155,76
2505,360,534,Sham19Y0032381,43,1,207,117,68
2505,376,534,JK000005,262,7,184,104,73
2505,292,534,Shamela0037458,990,1033,1321,161,69
2505,341,534,JK009138,754,781,966,130,83
2505,313,534,JK000762,8,187,441,166,83
2505,313,534,JK000216,287,522,748,147,78
2505,322,534,Sham19Y0131521,4814,122,381,155,76
2505,414,521,Sham19Y0131521,4815,566,1005,70,21
2505,249,534,ShamAY0037574,574,867,1159,160,62
2505,341,534,JK007045,524,254,425,130,87
2505,350,530,Sham19Y0014601,4902,1,214,131,78
2505,313,511,Sham19Y0014280,1742,1186,1402,134,78
2505,297,534,Shamela0009642,44,678,935,152,71
2505,297,534,JK000122,903,246,513,162,75
2505,297,534,JK000122,1157,735,1007,161,74
2505,292,534,ShamAY0035754,6,378,668,173,75
2505,297,534,Sham19Y0017903,718,1067,1328,165,79
2505,313,534,ShamAY0038640,403,973,1155,125,72
2505,313,534,ShamAY0038640,487,1078,1341,70,23
2505,322,484,JK000415,154,1264,1432,117,88
2505,181,534,JK000152,359,1100,1460,197,61
2505,322,534,Sham19Y0122257,2223,983,1191,144,80
2505,322,511,Sham19Y0020591,1307,1206,1442,137,74
2506,23,403,Shamela0021715,6596,5,396,180,45
2506,36,567,Shia001663Vols,352,233,1028,239,34
2506,28,403,Sham19Y0018176,1595,678,1072,181,46
2506,28,493,Sham19Y0127656,518,88,521,241,61
2506,116,399,JK000159,1928,582,755,96,38
2506,36,477,Masaha001946Vols,828,642,1125,264,69
2506,212,403,Sham19Y0018106,2809,1146,1342,145,94
2506,28,403,Sham19Y0018103,2719,687,1131,209,53
2506,212,477,JK007065,318,279,552,170,75
2506,135,493,Sham19Y0013252,6498,121,672,209,47
2506,212,403,Rafed0002654Vols,7539,1054,1248,149,97
2506,209,688,Rafed0002654Vols,11685,284,776,207,46
2506,159,576,Zaydiyya0000238,6,177,528,178,54
2506,1,1281,Hindawi025273163,80,201,1481,1020,100
2506,1281,1481,Hindawi025273163,81,1,201,160,100
2506,139,576,Shamela0009783BK1,1107,415,887,128,26
2506,233,403,JK009336,2276,1,157,122,91
2506,116,688,JK000653,68,738,1376,228,39
2506,201,493,Sham19Y0020638,892,896,1182,178,77
2506,212,493,Shamela0036446,869,362,596,158,71
2506,28,403,Sham19Y0013605,3316,904,1298,181,47
2506,28,403,JK000110,1123,951,1349,181,46
2506,135,403,Sham19Y0016946,543,1001,1392,174,55
2506,40,493,Shamela0096283,328,372,827,237,59
2506,36,403,Shamela0004445,2204,912,1371,213,57
2506,110,493,Shia001561,44,682,1306,196,38
2506,116,576,Sham19Y0145435,359,202,775,161,30
2506,212,559,Sham19Y0145435,5353,614,900,172,63
2506,135,403,Kraken230110004547,390,602,802,136,65
2506,201,403,Shia003636Vols,1215,127,285,124,78
2506,135,403,Sham19Y0016684,1497,782,1151,177,59
2506,310,688,Shia004092Vols,7834,1,800,173,27
2506,209,576,Shia004092Vols,13200,1011,1299,171,60
2506,135,493,Shamela0037837,893,278,787,216,53
2507,1154,1479,JK000778,901,214,634,258,76
2507,1007,1479,Sham19Y0014224,365,281,843,254,47
2507,1,1364,Hindawi025273163,81,201,1566,1096,98
2507,1364,1577,Hindawi025273163,82,1,214,171,100
2507,1007,1303,Kraken220413030759,290,563,789,145,60
2507,1159,1479,Hindawi030536269,455,1108,1415,162,49
2507,971,1382,Shamela0036515,2592,1111,1440,169,44
2507,1154,1479,Shamela0010283,4176,671,1091,247,71
2507,1096,1479,Sham19Y0007233,138,164,598,220,58
2507,1164,1399,Sham19Y0014309,1175,1097,1339,163,77
2507,971,1298,JK000415,28,596,920,154,41
2507,971,1448,JK000415,35,128,627,178,34
2507,1128,1479,JK000415,154,927,1324,168,40
2507,1154,1452,JK000415,161,775,1036,180,73
2507,996,1399,Shamela0005756,5268,444,756,175,46
2508,1,1394,Hindawi025273163,82,214,1604,1130,99
2508,1394,1595,Hindawi025273163,83,1,203,159,99
2509,1,1354,Hindawi025273163,83,203,1560,1094,99
2509,1354,1559,Hindawi025273163,84,1,206,163,100
2509,400,550,Shamela0005756,5268,419,652,115,59
2510,54,214,Hindawi025273163,70,1371,1528,125,97
2510,1,1325,Hindawi025273163,84,206,1530,1066,100
2510,1325,1537,Hindawi025273163,85,1,213,170,100
2511,1290,1542,JK000365,1751,858,1229,203,67
2511,1290,1436,Shamela0021512,421,775,921,119,100
2511,1,1398,Hindawi025273163,85,213,1571,1100,97
2511,1398,1588,Hindawi025273163,86,1,190,154,99
2511,1290,1542,ShamAY0035288,184,910,1283,203,67
2512,153,337,JK000343,908,977,1167,148,95
2512,1,1448,Hindawi025273163,86,190,1637,1180,99
2512,1448,1641,Hindawi025273163,87,1,194,158,100
2512,1331,1542,Hindawi025273163,88,996,1203,160,88
2513,1,1430,Hindawi025273163,87,194,1624,1163,99
2513,1430,1628,Hindawi025273163,88,1,199,163,100
2514,1,1455,Hindawi025273163,88,199,1624,1157,97
2514,1455,1601,Hindawi025273163,89,1,147,115,99
2515,442,596,JK001103,4,449,597,105,79
2515,442,596,JK009152,1551,816,964,105,79
2515,442,596,JK009152,1563,944,1092,105,79
2515,479,596,JK000559,1122,1,118,92,100
2515,442,596,Sham19Y0023644,1525,722,870,105,79
2515,442,596,Shamela0012293,4912,352,500,104,79
2515,442,596,Shia000163VolsBK2,3936,700,845,114,92
2515,442,596,JK006803,989,32,180,105,79
2515,442,596,Sham19Y0020944,802,644,792,105,79
2515,442,596,JK000871,2322,104,252,105,79
2515,434,596,Sham19Y0016976,1209,44,197,109,78
2515,449,596,Shamela0021735,755,221,414,111,73
2515,1015,1183,JK000365,1754,106,270,130,94
2515,442,596,JK000271,300,765,913,105,79
2515,442,556,Shia000317Vols,13861,1475,1584,87,95
2515,442,596,JK007104,555,1374,1522,104,79
2515,442,596,JK000080,767,71,219,105,79
2515,442,596,Sham19Y0145212,2323,764,912,105,79
2515,1,1419,Hindawi025273163,89,147,1565,1147,99
2515,1419,1580,Hindawi025273163,90,1,162,131,100
2515,789,1211,Hindawi025273163,123,325,820,209,43
2515,442,596,Shamela0001442,932,1088,1222,105,86
2515,442,596,JK006877,32,273,421,105,79
2515,442,596,JK009137,2938,39,192,120,98
2515,442,596,Sham19Y0018607,2981,727,899,122,89
2515,442,596,Shamela0010517,2008,1043,1191,105,79
2515,442,596,Shamela0036446,562,45,193,104,79
2515,442,596,JK000734,354,748,898,117,96
2515,442,596,Shamela0002863,2378,1165,1313,105,79
2515,442,596,JK001503,2953,811,959,105,79
2515,442,596,JK007070,788,1179,1327,105,79
2515,442,596,JK000142,790,733,881,105,79
2515,442,596,JK006897,476,143,291,105,79
2515,442,596,Shamela0037458,985,968,1116,105,79
2515,442,596,Shamela0096257,2600,1141,1293,105,79
2515,442,596,Shia001553,186,257,405,104,79
2515,442,596,Sham19Y0014325,6414,159,307,105,79
2515,442,596,Sham19Y0131521,4789,427,575,105,79
2515,442,596,Sham19Y0016787,272,642,790,104,79
2515,442,596,Sham19Y0014601,4890,1216,1364,105,79
2515,442,596,Sham19Y0131336,1601,778,913,106,87
2515,442,596,Shamela0001717,2819,64,233,117,87
2515,442,596,ShamAY0034059,2526,517,678,110,81
2515,442,596,Shia002264,757,1405,1553,105,79
2515,442,596,Sham19Y0017885,2376,1,170,119,87
2515,442,596,Shia000277Vols,3651,412,558,114,93
2515,309,596,JK011677,138,711,1355,206,40
2515,1015,1183,ShamAY0035288,187,125,292,134,98
2515,442,588,Sham19Y0020591,1300,853,978,95,82
2516,835,1014,Zaydiyya0000035,221,321,460,97,65
2516,512,774,JK000094,1282,11,266,197,95
2516,1,1392,Hindawi025273163,90,162,1544,1111,99
2516,841,1124,JK000104,20,1,290,224,95
2517,1307,1490,JK008001,1972,221,470,110,52
2517,559,776,JK000871,815,331,556,170,95
2517,1307,1490,Shamela0006947,2840,929,1097,133,91
2517,250,383,Shamela0006947,2876,905,1034,100,95
2517,1307,1490,Shamela0025794,2757,246,385,109,74
2517,250,383,JK000094,77,850,979,100,95
2517,1307,1490,JK000165,3737,776,944,133,91
2517,1307,1490,Sham19Y0127677,4736,319,458,109,74
2517,1,1362,Hindawi025273163,91,154,1515,1088,100
2517,1307,1490,Shamela0023700,1273,1152,1291,109,74
2517,1307,1490,Shamela0003118,3278,491,634,105,71
2517,1307,1490,Shamela0001438,6725,1041,1180,109,74
2517,1307,1490,Shamela0006610,1091,838,1007,134,91
2517,1307,1490,JK000916,10551,219,362,105,71
2517,242,383,Sham19Y0018259,748,1133,1562,90,26
2517,1337,1490,Shamela0009567,372,1,124,97,79
2518,1,141,JK008001,1972,422,675,103,51
2518,674,808,ShamAY0038316,73,277,562,100,43
2518,1,141,Shamela0025794,2757,336,593,108,52
2518,1,141,Sham19Y0127677,4736,409,662,108,53
2518,1,1383,Hindawi025273163,92,129,1509,1105,99
2518,1383,1518,Hindawi025273163,93,5,140,108,100
2518,1,115,JK009390,6811,1240,1469,85,47
2518,1,141,Shamela0003118,3278,585,842,108,52
2518,1,141,Shamela0001438,6725,1131,1384,108,53
2518,1,141,Shamela0006610,1091,1007,1215,102,62
2518,1,141,Shamela0021809,1532,11,274,102,49
2518,1,141,JK000916,10551,313,569,108,53
2518,1,141,Shamela0009567,372,75,285,104,61
2519,703,983,Shamela0021715,1004,524,826,201,84
2519,729,983,Shamela0021715,1024,476,855,182,61
2519,703,983,Shamela0021715,3918,301,616,202,81
2519,729,983,JK007064,775,812,1105,194,84
2519,703,974,JK000154,2163,286,532,155,70
2519,729,974,Sham19Y0013571,179,273,569,175,75
2519,729,983,JK000175,289,564,837,178,77
2519,703,983,ShamAY0038083,100,894,1251,190,68
2519,733,983,ShamAY0038083,206,1,319,181,72
2519,729,983,JK009152,1234,629,941,170,66
2519,703,983,Sham19Y0018176,254,475,777,201,84
2519,729,974,Sham19Y0018176,260,733,1075,175,65
2519,703,983,Sham19Y0018176,927,407,722,202,81
2519,729,974,Sham19Y0018176,1026,36,377,180,67
2519,703,983,JK009141,408,38,317,183,76
2519,729,1017,Sham19Y0127656,70,62,366,196,80
2519,729,983,Sham19Y0127656,276,899,1173,196,89
2519,729,983,JK000299,3707,1036,1306,185,86
2519,688,983,JK000475,1220,1135,1424,178,72
2519,729,983,Shamela0021744,4351,711,981,185,86
2519,818,983,Sham19Y0018106,479,1,185,128,89
2519,703,983,Sham19Y0018106,1707,320,635,202,81
2519,729,974,Sham19Y0018106,1908,73,414,180,67
2519,847,983,JK009231,598,6,161,105,87
2519,791,983,Shamela0004473,1669,1,227,152,84
2519,729,983,ShamAY0033181,1401,89,355,183,85
2519,729,983,Shamela0021735,948,569,892,180,68
2519,703,998,Sham19Y0018103,614,992,1302,204,81
2519,729,974,Sham19Y0018103,627,534,876,175,65
2519,703,983,Sham19Y0018103,1702,535,850,202,81
2519,729,924,Sham19Y0018103,1878,1222,1505,150,67
2519,729,983,JK007065,254,101,377,195,89
2519,729,983,JK000225,2056,360,621,172,80
2519,729,974,Sham19Y0013252,1203,338,679,173,64
2519,703,983,Sham19Y0013252,4195,383,698,202,81
2519,729,974,Sham19Y0013252,4701,583,924,180,67
2519,703,983,Shamela0025794,5191,951,1292,195,73
2519,729,983,JK000842,450,49,282,153,71
2519,729,983,JK000471,1627,720,988,183,86
2519,703,983,Shamela0005803,341,489,787,197,82
2519,729,983,Shamela0001875,937,243,517,196,89
2519,729,983,Sham19Y0123665,480,308,589,192,85
2519,773,983,JK009324,376,1,229,164,90
2519,745,1008,JK009324,2171,192,472,200,88
2519,1366,1520,JK000906,7824,1008,1238,104,55
2519,729,983,JK000165,3739,804,1077,191,87
2519,1,1400,Hindawi025273163,93,140,1538,1125,99
2519,1400,1529,Hindawi025273163,94,1,130,101,100
2519,729,1017,Sham19Y0022884,275,1189,1470,179,70
2519,745,983,Shamela0010517,1759,666,925,175,80
2519,745,983,Shamela0010517,1856,513,772,175,80
2519,1395,1529,Shamela0010517,2008,519,669,104,88
2519,729,983,JK009336,980,19,350,186,72
2519,1366,1529,JK000917,1215,1016,1243,127,71
2519,1395,1529,Sham19Y0095660,1335,268,411,104,93
2519,1395,1529,Sham19Y0095660,1336,562,705,104,93
2519,729,974,JK000484,3494,805,1151,172,63
2519,812,983,Sham19Y0013605,953,1,191,133,89
2519,729,974,Sham19Y0013605,971,222,563,175,65
2519,703,889,Sham19Y0013605,2242,643,845,129,80
2519,889,983,Sham19Y0013605,2243,35,148,73,83
2519,729,974,Sham19Y0013605,2439,702,1043,180,67
2519,729,944,Sham19Y0018144,1327,567,1255,165,30
2519,703,983,JK000110,118,56,357,198,83
2519,729,974,JK000110,121,813,1153,172,64
2519,703,1021,JK000110,583,596,1042,220,63
2519,729,974,JK000110,667,8,348,177,67
2519,729,974,Sham19Y0016946,110,760,1047,172,73
2519,729,952,JK006897,367,1230,1472,172,88
2519,729,944,Shamela0096283,58,1228,1475,166,85
2519,729,983,Shamela0023628,407,163,468,180,73
2519,1366,1529,Tafsir01005,4339,748,1000,127,64
2519,729,974,Sham19Y0014325,3303,881,1206,174,66
2519,1366,1520,Shamela0023591,5335,1297,1431,102,85
2519,729,983,Shamela0003118,3278,81,462,187,62
2519,729,983,Shamela0006610,1092,159,426,182,83
2519,818,983,Sham19Y0016584,577,1054,1214,109,76
2519,729,889,Sham19Y0016584,577,4,171,124,94
2519,729,974,Sham19Y0016584,592,227,568,175,65
2519,703,983,Sham19Y0016584,1868,1084,1399,202,81
2519,776,974,Sham19Y0016584,2068,20,277,147,72
2519,729,960,JK007045,423,1165,1430,149,65
2519,703,983,Shamela0000767,869,248,510,170,74
2519,729,983,Sham19Y0013785,905,185,438,175,81
2519,776,983,Sham19Y0016684,237,1,227,163,91
2519,799,974,Sham19Y0016684,242,1,235,126,69
2519,729,974,Sham19Y0016684,1051,252,593,180,67
2519,729,983,Masaha001838,101,728,1076,179,63
2519,703,983,Shamela0037837,104,679,982,201,84
2519,729,983,Sham19Y0122257,1784,431,776,182,66
2519,879,983,Shamela0005756,2579,1,124,80,83
2519,703,983,Shamela0005756,7879,113,436,202,79
2520,1,1482,Hindawi025273163,94,130,1602,1188,98
2520,1482,1610,Hindawi025273163,95,1,129,102,100
2520,1,150,Shamela0010517,2008,669,818,120,98
2520,1,150,JK000917,1215,1243,1392,120,98
2520,1,150,Sham19Y0095660,1335,411,560,122,100
2520,1,150,Sham19Y0095660,1336,705,854,122,100
2521,1,1469,Hindawi025273163,95,129,1582,1179,98
2521,1469,1591,Hindawi025273163,96,1,123,98,100
2522,1,1436,Hindawi025273163,96,123,1558,1156,99
2522,1436,1577,Hindawi025273163,97,1,142,117,100
2522,564,915,Shamela0012320,257,872,1213,261,86
2522,738,915,JK001325,25,159,323,133,91
2523,1,1520,Hindawi025273163,97,142,1640,1209,97
2524,1328,1481,Shamela0009773,190,1018,1172,115,90
2524,1502,1643,Shamela0004473,13213,76,217,113,100
2524,1,1548,Hindawi025273163,98,101,1651,1258,98
2524,1323,1481,Shamela0005816,41,770,917,114,88
2524,1323,1481,Shamela0009898,42,48,195,114,88
2524,1350,1481,Hindawi030353837,615,357,546,107,69
2525,1,1496,Hindawi025273163,99,96,1597,1208,98
2525,1496,1600,Hindawi025273163,100,1,105,83,100
2526,1,1443,Hindawi025273163,100,105,1546,1162,99
2526,1443,1560,Hindawi025273163,101,1,118,96,100
2527,1,1571,Hindawi025273163,101,118,1653,1254,97
2528,1,1109,Hindawi025273163,102,80,1188,891,98
2528,1097,1552,Hindawi025273163,103,18,474,360,99
2528,1410,1552,Hindawi025273163,107,1295,1427,99,88
2529,601,1159,Shamela0006947,16642,277,1256,229,26
2529,1,1045,Hindawi025273163,103,474,1518,842,100
2529,1045,1536,Hindawi025273163,104,1,492,393,100
2530,1,1055,Hindawi025273163,104,492,1545,850,99
2530,1062,1566,Hindawi025273163,105,6,510,406,99
2531,1,1082,Hindawi025273163,105,510,1577,864,98
2531,1082,1568,Hindawi025273163,106,1,455,360,91
2532,1,1171,Hindawi025273163,106,455,1590,922,96
2532,1171,1604,Hindawi025273163,107,1,433,349,99
2533,863,1184,Hindawi025273163,103,332,588,189,71
2533,1,1118,Hindawi025273163,107,433,1550,900,100
2533,1118,1549,Hindawi025273163,108,1,433,348,99
2534,1,1160,Hindawi025273163,108,433,1599,942,99
2534,1160,1604,Hindawi025273163,109,1,445,360,100
2535,1,1107,Hindawi025273163,109,445,1558,886,98
2535,1107,1586,Hindawi025273163,110,1,466,381,96
2536,696,995,Sham19Y0009800,719,762,1128,242,81
2536,1,1197,Hindawi025273163,110,466,1649,957,97
2536,1197,1653,Hindawi025273163,111,1,435,355,94
2537,1,1171,Hindawi025273163,111,435,1576,920,97
2537,1199,1564,Hindawi025273163,112,1,366,295,100
2538,1031,1188,JK000791,270,847,1004,129,100
2538,1031,1188,Shamela0036427,304,439,596,128,99
2538,1031,1188,Shamela0021821,254,504,661,129,100
2538,1031,1188,Shamela0004473,5237,727,884,129,100
2538,1031,1188,JK006478,2163,1095,1253,128,98
2538,1031,1188,Shamela0006947,20552,978,1134,128,98
2538,1031,1188,Sham19Y0013550,103,1366,1523,129,100
2538,1031,1188,JK001496,292,594,751,128,99
2538,1,1341,Hindawi025273163,112,366,1605,1003,92
2538,1341,1611,Hindawi025273163,113,1,271,218,100
2538,1031,1188,JK007018,89,1058,1215,128,99
2538,1031,1188,Shamela0029677,676,546,703,129,100
2538,1031,1188,Zaydiyya0000046,160,223,380,129,100
2538,1026,1188,Shamela0008473,522,6,174,133,96
2539,1,1361,Hindawi025273163,113,271,1596,1074,97
2539,1361,1603,Hindawi025273163,114,1,242,195,99
2540,198,496,Shamela0006947,16548,647,899,185,77
2540,16,366,Shamela0006947,16641,941,1318,183,58
2540,1,1480,Hindawi025273163,114,242,1674,1173,96
2540,1480,1676,Hindawi025273163,115,1,198,157,98
2541,1,1297,Hindawi025273163,115,198,1484,1022,99
2541,1297,1489,Hindawi025273163,116,1,193,155,100
2542,587,1040,Shamela0006947,16642,541,1030,308,75
2542,1,227,Shamela0006947,16642,560,792,181,96
2542,1,1340,Hindawi025273163,116,193,1533,1076,99
2542,1340,1539,Hindawi025273163,117,1,200,162,100
2543,549,960,Shamela0006947,16642,1093,1509,318,94
2543,781,960,Shamela0006947,16643,701,1059,144,50
2543,1,1464,Hindawi025273163,117,200,1560,1093,92
2544,708,1042,Shamela0006947,16642,1337,1509,103,38
2544,708,1042,Shamela0006947,16643,708,1059,114,34
2544,708,1042,Hindawi025273163,117,884,1056,103,38
2544,1,1530,Hindawi025273163,118,95,1569,1194,96
2545,1,1517,Hindawi025273163,119,61,1577,1227,100
2546,457,630,Shamela0021715,10150,181,355,129,91
2546,457,630,Sham19Y0127656,775,21,209,129,85
2546,457,630,Sham19Y0018103,3906,55,228,128,91
2546,1450,1611,Shamela0006947,16645,262,423,125,98
2546,457,620,Shamela0006947,16648,1399,1558,121,93
2546,457,630,Sham19Y0013252,9701,1225,1398,128,91
2546,457,630,Shamela0001875,1219,627,800,128,91
2546,457,630,ShamIbadiyya0000438,1236,311,479,124,85
2546,457,630,JK000165,3094,666,849,132,88
2546,469,634,Shamela0007435,716,93,265,128,93
2546,235,761,Hindawi025273163,119,1418,1520,63,15
2546,1,1597,Hindawi025273163,120,59,1609,1260,97
2546,457,630,JK000110,1769,581,758,131,93
2546,457,630,Sham19Y0013667,6507,1226,1400,129,88
2546,457,630,Sham19Y0016584,4411,574,747,128,91
2546,457,630,Shamela0000767,4803,1237,1417,134,93
2546,457,630,ShamIbadiyya0000109,7300,201,370,126,89
2546,457,634,Sham19Y0016684,1918,1254,1431,128,89
2546,457,630,Shamela0005756,14563,1132,1305,128,91
2547,1,307,Shamela0006947,16645,423,729,245,99
2547,1,1585,Hindawi025273163,121,15,1596,1280,99
2548,153,505,JK000279,520,996,1453,280,76
2548,1,1676,Hindawi025273163,122,11,1647,1340,97
2549,667,833,JK000365,1754,106,270,130,95
2549,363,864,Hindawi025273163,89,935,1357,203,41
2549,32,1571,Hindawi025273163,123,1,1511,1211,97
2549,667,833,ShamAY0035288,187,125,292,134,99
2550,895,1213,Shamela0006947,6283,38,772,196,32
2550,297,691,JK000279,257,776,1307,314,71
2550,691,974,JK000279,258,708,991,229,99
2550,986,1456,JK000279,259,1,464,379,98
2550,63,1618,Hindawi025273163,124,1,1526,1233,97
2551,75,1552,Hindawi025273163,125,1,1485,1193,99
2552,81,1658,Hindawi025273163,126,1,1597,1292,98
2553,66,1311,Hindawi025273163,127,1,1245,1005,99
2553,1322,1584,Hindawi025273163,128,1,263,211,100
2554,234,566,Sham19Y0147597,943,1077,1494,137,34
2554,346,623,Shamela0006947,16646,1139,1529,150,47
2554,490,637,Shamela0006947,16647,581,771,103,67
2554,1,1252,Hindawi025273163,128,263,1520,1001,99
2554,1252,1531,Hindawi025273163,129,1,280,227,100
2554,374,628,Hindawi025273163,135,841,1090,121,51
2555,1,1269,Hindawi025273163,129,280,1549,1018,99
2555,1269,1527,Hindawi025273163,130,1,208,165,80
2556,1231,1478,JK000166,10677,411,881,194,50
2556,1,1385,Hindawi025273163,130,208,1584,1117,99
2556,1385,1596,Hindawi025273163,131,1,212,171,99
2557,24,1409,Hindawi025273163,131,212,1596,1123,99
2557,1409,1605,Hindawi025273163,132,1,197,162,100
2558,178,378,Shamela0006947,16646,1120,1321,153,94
2558,1,1530,Hindawi025273163,132,197,1575,1102,89
2558,487,928,JK009362,2616,142,623,69,10
2559,634,781,JK000279,677,816,958,118,95
2559,1,1501,Hindawi025273163,133,58,1558,1209,100
2559,634,781,Sham19Y0095660,833,114,256,118,95
2560,1,1566,Hindawi025273163,134,54,1581,1227,96
2561,881,1172,Shamela0006947,16646,1306,1529,158,66
2561,1001,1211,Shamela0006947,16647,588,784,141,85
2561,928,1177,Hindawi025273163,128,636,890,121,51
2561,1,1484,Hindawi025273163,135,19,1397,1091,92
2561,14,250,JK000460,160,28,294,155,68
2562,149,361,Sham19Y0147320,44,802,1145,154,55
2562,169,361,JK000768,105,512,687,127,79
2562,63,1509,Hindawi025273163,136,1,1441,1154,99
2562,169,361,Shia003956,95,466,655,119,75
2562,1313,1509,JK001019,191,1,178,142,90
2563,75,1499,Hindawi025273163,137,1,1414,1126,99
2563,1,409,JK001019,191,178,565,306,94
2564,537,703,Masaha001961Vols,423,1150,1279,93,71
2564,560,703,Kraken220413194132,205,1072,1195,98,86
2564,565,703,Sham19Y0122255,224,300,415,92,83
2564,74,1509,Hindawi025273163,138,1,1403,1123,97
2564,514,703,Shamela0026568,525,1151,1306,119,79
2564,664,880,Shamela0026568,526,1111,1286,124,72
2564,565,703,Shamela0002569,454,576,691,92,83
2564,514,703,Shamela0023685,518,1018,1173,119,79
2564,664,971,Shamela0023685,519,1028,1272,138,55
2565,999,1295,Shamela0022579,224,1,340,210,75
2565,939,1295,Shamela0007292,39,761,1126,256,83
2565,939,1295,JK000279,716,255,618,262,86
2565,964,1295,JK001477,59,135,488,204,69
2565,1,116,Hindawi025273163,138,1403,1518,94,100
2565,116,1572,Hindawi025273163,139,1,1376,1104,93
2565,981,1295,Shamela0023790,354,1049,1389,231,83
2566,1330,1579,JK007089,623,890,1156,159,67
2566,1009,1199,JK000279,412,1,268,154,71
2566,1378,1557,JK009261,1604,507,714,126,70
2566,1,180,Hindawi025273163,139,1376,1555,144,100
2566,180,1639,Hindawi025273163,140,1,1468,1192,99
2566,962,1199,Sham19Y0122142,497,1383,1681,176,68
2566,1391,1579,Shamela0001717,2844,1384,1572,120,75
2567,1,180,Hindawi025273163,140,1471,1650,146,100
2567,180,1696,Hindawi025273163,141,1,1494,1225,97
2568,1282,1628,Sham19Y0133369,693,1,397,266,84
2568,1,200,Hindawi025273163,141,1494,1693,163,100
2568,200,1628,Hindawi025273163,142,1,1399,1136,97
2569,1,317,Sham19Y0133369,693,397,709,234,92
2569,1,221,Hindawi025273163,142,1399,1619,179,100
2569,221,1574,Hindawi025273163,143,1,1356,1094,99
2570,1,257,Shamela0006947,16638,714,951,178,87
2570,1411,1567,Shamela0006947,16644,1,157,125,100
2570,1,199,Hindawi025273163,143,1356,1554,157,100
2570,199,1567,Hindawi025273163,144,1,1337,1081,97
2571,1,253,Hindawi025273163,144,1337,1589,207,100
2571,253,1560,Hindawi025273163,145,1,1312,1050,99
2572,1322,1607,Shamela0006947,16639,710,1064,131,38
2572,1325,1607,Shamela0006947,16645,948,1326,145,42
2572,1,228,Hindawi025273163,145,1312,1539,184,100
2572,228,1526,Hindawi025273163,146,1,1672,1021,73
2573,1,148,Shamela0006947,16645,1326,1472,113,95
2573,1049,1402,Sham19Y0036540,2637,1104,1457,291,98
2573,1,1508,Hindawi025273163,147,82,1560,1183,96
2573,1,148,Hindawi025273163,153,391,537,113,95
2574,870,1354,Sham19Y0147597,945,1190,1388,140,35
2574,885,1159,Hindawi025273163,146,1421,1563,108,49
2574,1,1548,Hindawi025273163,148,63,1610,1259,99
2574,1225,1340,Hindawi025273163,150,221,620,88,28
2575,818,1064,JK000677,135,1231,1462,154,79
2575,818,1081,JK009152,1599,323,600,186,80
2575,824,1253,JK000475,1434,904,1411,215,41
2575,818,1076,JK000147,2784,9,264,171,74
2575,899,1081,Sham19Y0013241,1486,1,216,139,81
2575,818,1076,Sham19Y0127700,271,925,1222,182,76
2575,100,211,JK000094,527,82,193,86,100
2575,824,1253,ShamAY0033910,1021,300,813,216,41
2575,818,1196,JK009324,2984,725,1141,224,55
2575,818,1047,JK000166,9745,402,574,105,59
2575,551,695,JK000166,10457,1243,1595,97,34
2575,379,530,JK000166,10469,1,152,120,100
2575,1,1428,Hindawi025273163,149,79,1508,1140,99
2575,818,1076,JK007111,1358,343,980,169,32
2575,865,1076,Shamela0012399,3513,1,332,166,63
2575,818,1076,JK009137,2469,946,1218,186,81
2575,803,1196,Sham19Y0018607,4425,233,694,167,38
2575,851,1253,JK009336,961,1,463,201,47
2575,100,211,Tafsir07055,3415,945,1056,86,100
2575,100,192,Tafsir07055,3429,989,1087,71,93
2575,824,1253,JK000130,1022,406,920,216,41
2575,860,1076,JK000585,3132,1,249,168,85
2575,791,1076,Shamela0002863,1940,905,1190,178,71
2575,818,1076,JK001503,3244,200,496,203,86
2575,818,1196,Shamela0013033,119,917,1320,222,68
2575,791,1076,Sham19Y0123510,931,1157,1455,180,68
2575,818,1076,Shamela0028107,644,530,823,201,87
2575,876,1253,Sham19Y0014462,113,1,406,197,52
2575,818,1076,JK007048,45,761,1061,197,83
2575,791,1081,ShamAY0035950,437,785,1085,179,68
2575,896,1196,JK000766,42,306,689,119,32
2575,818,1076,Sham19Y0006684,3817,193,486,199,86
2575,100,211,JK000041,163,157,268,86,100
2575,100,211,JK000041,203,909,1020,86,100
2575,824,1196,Shamela0021809,2041,502,963,218,49
2575,886,1196,Shamela0001717,3714,1,296,170,58
2575,767,1076,JK000494,259,1040,1361,186,67
2575,818,1076,Sham19Y0014309,1112,615,1291,192,36
2575,893,1081,JK000198,1268,1138,1359,145,83
2575,818,1076,JK000222,959,980,1266,195,84
2576,148,547,Hindawi025273163,148,1287,1402,88,28
2576,1,1511,Hindawi025273163,150,74,1549,1188,97
2577,1,1603,Hindawi025273163,151,37,1601,1263,96
2577,1,138,Shamela0010283,1224,1186,1326,110,97
2578,1,1539,Hindawi025273163,152,17,1555,1236,99
2579,287,437,Shamela0006947,16639,954,1085,104,87
2579,287,562,Shamela0006947,16645,1197,1472,220,100
2579,293,562,Hindawi025273163,147,1,229,172,80
2579,1,1655,Hindawi025273163,153,20,1628,1315,97
2579,338,539,Hindawi025273163,191,342,536,125,72
2580,12,1795,Hindawi025273163,154,1,1778,1476,99
2581,12,1589,Hindawi025273163,155,1,1565,1266,98
2582,664,985,Shamela0006947,16638,948,1271,235,90
2582,29,1595,Hindawi025273163,156,1,1454,1175,92
2583,1,128,Hindawi025273163,156,1454,1580,104,99
2583,128,1582,Hindawi025273163,157,1,1458,1170,99
2584,113,1694,Hindawi025273163,158,1,1579,1293,99
2585,31,298,Kraken210323052121,212,225,489,175,69
2585,104,1634,Hindawi025273163,159,1,1523,1235,98
2585,958,1211,Hindawi025273163,160,225,474,158,74
2585,73,294,Shamela0010517,2403,702,907,144,72
2585,59,365,Sham19Y0017811,28,370,665,184,63
2585,59,294,ShamAY0034198,73,1347,1618,186,80
2585,294,485,ShamAY0034198,74,1,521,123,27
2586,1,107,Hindawi025273163,159,1523,1629,85,100
2586,107,1560,Hindawi025273163,160,1,1457,1165,99
2587,95,1543,Hindawi025273163,161,1,1413,1130,95
2588,1,137,Hindawi025273163,161,1413,1549,107,100
2588,137,1544,Hindawi025273163,162,1,1406,1130,99
2589,812,1042,JK000365,245,933,1162,186,98
2589,610,927,JK000365,896,346,659,174,61
2589,1265,1496,JK000365,2024,1262,1494,187,99
2589,610,927,Shamela0021512,175,699,1013,175,62
2589,1265,1474,Shamela0021512,479,1366,1575,168,99
2589,1,152,Hindawi025273163,162,1406,1557,121,100
2589,152,1496,Hindawi025273163,163,1,1321,1055,98
2589,597,1007,Shia004014Vols,207,1118,1506,205,57
2590,155,257,Hindawi025273163,147,833,935,81,100
2590,1,226,Hindawi025273163,163,1321,1478,122,69
2590,226,1575,Hindawi025273163,164,1,1314,1052,96
2591,1199,1494,Shamela0006947,16652,1207,1494,174,69
2591,157,422,JK000279,383,648,924,160,66
2591,1,289,Hindawi025273163,164,1314,1602,236,100
2591,289,1543,Hindawi025273163,165,1,1452,1007,86
2592,138,1665,Hindawi025273163,166,1,1507,1223,97
2593,1192,1524,Kraken211005012007,589,479,820,262,92
2593,574,1575,JK000871,1602,1,825,329,32
2593,1192,1466,JK000365,2119,1275,1567,217,91
2593,1,150,Hindawi025273163,166,1507,1656,123,100
2593,150,1575,Hindawi025273163,167,1,1412,1137,98
2593,529,1082,Shamela0023582,332,734,1224,226,48
2594,470,637,Hindawi052718095,136,636,819,133,88
2594,661,863,Hindawi052718095,136,1364,1561,150,97
2594,863,1095,Hindawi052718095,137,1,229,177,96
2594,470,814,Shamela0021715,11016,882,1147,169,58
2594,661,1145,JK000214,193,226,691,320,81
2594,661,1095,Shamela0096178,63,129,541,308,88
2594,470,814,Sham19Y0018176,2551,198,469,167,57
2594,470,632,Sham19Y0127656,826,880,1055,134,92
2594,470,814,Sham19Y0018106,4188,883,1154,167,57
2594,661,1095,Shamela0004473,4740,1213,1433,150,45
2594,1,141,JK000871,1602,825,956,104,93
2594,661,1020,JK000760,21,1138,1449,188,65
2594,470,814,Sham19Y0018103,4182,648,913,169,58
2594,661,1095,Shamela0006947,2878,369,987,246,47
2594,971,1342,Sham19Y0013252,10420,189,578,165,47
2594,470,814,Sham19Y0013252,10479,1116,1411,166,57
2594,991,1295,JK000279,737,1,264,119,49
2594,1122,1302,JK000094,52,1206,1388,116,81
2594,709,1095,JK000094,52,1,402,295,93
2594,470,814,JK009324,3677,1139,1410,167,57
2594,754,1465,Zaydiyya0000059,951,45,537,195,35
2594,1136,1337,JK000166,10539,15,193,124,81
2594,665,1200,JK000427,75,677,920,138,31
2594,1,147,Hindawi025273163,167,1412,1549,109,93
2594,147,1430,Hindawi025273163,168,1,1284,1020,100
2594,661,1020,Shamela0008657,169,1181,1484,188,65
2594,661,1104,Sham19Y0014103,473,296,614,219,62
2594,470,637,Sham19Y0020638,1534,284,466,134,89
2594,470,641,Sham19Y0013605,5003,280,466,138,90
2594,470,613,JK000110,1920,1378,1536,118,89
2594,661,1095,Kraken211201162527,25,471,956,321,83
2594,661,1095,Shamela0001438,4536,829,1445,246,47
2594,470,814,Sham19Y0016584,4763,799,1064,169,58
2594,673,1095,Sham19Y0014280,1789,795,1205,285,80
2594,470,814,JK000967,520,883,1149,167,57
2594,470,632,Shamela0037837,703,936,1113,133,90
2595,17,214,Hindawi025273163,168,1284,1481,159,99
2595,223,1657,Hindawi025273163,169,1,1393,1141,97
2596,954,1279,JK000365,249,716,1319,256,53
2596,1279,1548,JK000365,254,1212,1543,218,81
2596,954,1279,Shamela0021512,51,854,1453,256,53
2596,31,283,Hindawi025273163,169,1393,1645,203,100
2596,283,1567,Hindawi025273163,170,1,1284,1037,99
2597,245,549,Hindawi025273163,165,246,726,96,21
2597,1,298,Hindawi025273163,170,1284,1560,222,92
2597,298,1553,Hindawi025273163,171,1,1256,1013,99
2598,326,626,Sham19Y0001729,2232,1132,1421,200,80
2598,332,626,Shamela0021715,5750,446,731,208,86
2598,342,626,Shamela0021715,5751,25,344,197,73
2598,332,626,Sham19Y0018176,1348,1140,1425,208,86
2598,332,626,Sham19Y0127656,425,554,820,201,85
2598,332,626,Sham19Y0006603,22,827,1099,201,84
2598,332,626,Sham19Y0013252,5961,540,825,208,86
2598,342,626,Hindawi042908302,41,601,835,184,82
2598,332,620,Shamela9007669,713,1160,1434,206,89
2598,1,293,Hindawi025273163,171,1256,1551,234,98
2598,293,1541,Hindawi025273163,172,1,1239,992,98
2598,345,631,Shamela0036578,56,866,1102,184,81
2598,332,626,JK009336,822,1070,1336,201,85
2598,332,648,Sham19Y0095660,507,501,841,217,76
2599,14,198,JK001173,220,934,1096,116,73
2599,1,147,Kraken211005012007,356,604,752,112,95
2599,783,975,ShamAY0034434,265,984,1181,153,96
2599,1,198,JK000365,1309,136,333,158,100
2599,1,198,Shamela0021512,254,888,1085,158,100
2599,1,319,Hindawi025273163,172,1239,1557,258,100
2599,319,1581,Hindawi025273163,173,1,1263,1021,99
2599,783,975,Shamela0009783BK1,1478,321,514,154,99
2599,783,975,Shamela0005816,248,7,202,153,97
2599,783,975,Shamela0009898,249,539,734,153,97
2599,783,975,Sham19Y0145435,1858,167,360,154,99
2600,737,917,JK000022,1875,165,376,129,75
2600,741,917,Hindawi068305130,456,975,1148,120,77
2600,1,358,Hindawi025273163,173,1263,1614,291,98
2600,358,1631,Hindawi025273163,174,1,1271,1031,99
2600,728,917,Kraken220413030759,536,908,1113,130,76
2600,741,917,Hindawi059250728,84,1056,1229,120,77
2601,509,697,Hindawi091480429,545,1359,1481,97,64
2601,509,697,Shia002185Vols,3486,1188,1354,131,87
2601,509,697,JK009139,7078,312,478,131,87
2601,509,697,JK000159,2121,1020,1191,128,83
2601,509,697,ShamAY0034447,1551,558,743,126,74
2601,509,697,JK008001,1821,70,237,131,86
2601,509,697,Shamela0004473,4158,648,813,123,78
2601,512,697,Shamela0004473,7041,1230,1402,129,82
2601,509,697,Hindawi029620591,11,1266,1454,150,100
2601,562,697,Shamela0021670,4,8,143,109,100
2601,509,697,ShamAY0034434,236,801,969,130,85
2601,509,697,Shamela0026884,213,1124,1303,127,79
2601,509,629,Sham19Y0000259,771,345,465,92,96
2601,509,697,Sham19Y0127677,2783,202,348,112,73
2601,509,697,Hindawi042908302,54,1114,1279,129,86
2601,509,697,Shamela9007669,714,1267,1396,103,68
2601,509,697,Sham19Y0029676,39,957,1121,128,85
2601,1,301,Hindawi025273163,174,1271,1571,238,100
2601,301,1078,Hindawi025273163,175,1,794,606,94
2601,1019,1309,Hindawi025273163,175,1242,1562,231,90
2601,1309,1511,Hindawi025273163,176,1,203,163,100
2601,509,683,Shamela0008657,208,1310,1465,120,84
2601,509,697,Shamela0036578,61,498,667,131,85
2601,509,697,Shamela0036578,1327,908,1077,131,85
2601,509,697,Shamela0009783BK1,1172,345,533,150,100
2601,509,697,Hindawi084858130,64,37,159,97,64
2601,509,697,JK009390,3776,464,631,131,86
2601,509,697,Hindawi020604026,68,534,699,129,86
2601,509,697,Hindawi020604026,483,565,730,129,86
2601,509,697,Shamela0007472,18,183,312,103,68
2601,509,697,JK001324,12,74,244,131,85
2601,509,697,Shamela0023833,924,1222,1391,131,85
2601,509,697,JK006886,158,526,694,130,85
2601,509,732,Hindawi061585791,121,1091,1342,159,79
2601,509,697,Shamela0004445,2438,105,274,131,85
2601,509,697,Shamela0004445,3065,186,352,131,87
2601,509,697,Hindawi026382506Vols,42,322,451,103,68
2601,509,629,Hindawi024069693,5,35,155,95,100
2601,509,697,Shamela0005816,218,617,780,123,82
2601,509,697,Shamela0009898,219,1112,1275,123,82
2601,509,697,Sham19Y0145435,1654,1002,1190,150,100
2601,509,697,JK000911,634,950,1079,103,68
2601,512,697,Shamela0011997,57,154,320,129,85
2601,509,697,Shamela0010283,3988,871,1054,144,96
2601,550,697,Shamela0012318,482,1046,1200,117,94
2601,509,697,Masaha002028Vols,1769,412,581,131,85
2601,509,697,JK000415,6,664,830,131,87
2601,509,697,Shamela0009770,677,388,554,131,87
2602,1124,1304,Shamela0006947,16470,1,432,133,38
2602,1032,1157,Shamela0006947,16651,227,358,98,93
2602,1,1357,Hindawi025273163,176,203,1551,1082,98
2602,1357,1534,Hindawi025273163,177,1,170,133,95
2602,192,308,Hindawi025273163,183,910,1305,72,23
2602,1032,1157,Hindawi025273163,190,611,741,97,93
2602,1021,1304,Hindawi025273163,192,285,716,147,37
2603,578,736,JK006950,3891,867,1025,127,99
2603,479,736,Sham19Y0146127,2796,982,1295,184,73
2603,569,736,Shamela0021715,5484,332,501,132,97
2603,569,736,Shamela0001524,3265,954,1122,129,94
2603,582,736,Shamela0000894,507,1289,1442,114,90
2603,569,736,Shamela0000894,544,1293,1459,133,98
2603,569,840,Kraken22021606123201,575,111,358,140,63
2603,606,736,JK009152,1534,1054,1186,104,96
2603,569,736,JK006838,1481,1082,1234,119,88
2603,569,736,Sham19Y0018106,2399,726,895,132,97
2603,601,736,JK008001,2016,1228,1364,107,96
2603,569,736,Shamela0004473,13212,362,530,133,98
2603,569,840,Shamela0004473,15884,121,382,154,71
2603,569,736,Sham19Y0016976,1197,818,986,131,96
2603,569,736,ShamAY0034005,742,380,549,133,97
2603,569,736,Sham19Y0148271,1481,837,1016,123,85
2603,569,736,Sham19Y0018103,2289,1132,1301,132,97
2603,601,736,Shamela0006947,14880,747,884,108,97
2603,493,736,Shamela0006947,16038,667,895,143,70
2603,407,736,Shamela0006947,16650,952,1428,136,26
2603,569,736,Shamela0035100,619,18,184,133,98
2603,569,736,Sham19Y0013252,5766,387,556,132,97
2603,578,736,Sham19Y0013252,5780,276,436,126,97
2603,569,736,Kraken22021606122501,47,960,1129,132,97
2603,569,736,Shamela0025794,1474,133,309,123,85
2603,550,736,JK000365,48,407,598,140,89
2603,413,736,Sham19Y0017729,225,672,1020,185,66
2603,550,736,Sham19Y0020594,52,771,955,144,93
2603,569,736,Shamela0001875,1258,90,256,133,98
2603,569,736,Shamela0001727,1058,982,1149,134,99
2603,578,736,Rafed0003489,197,770,947,125,87
2603,578,736,JK000381,9586,1171,1329,127,99
2603,601,736,Shamela0003055,3872,717,862,108,91
2603,569,736,JK000165,3147,719,894,132,93
2603,569,736,Sham19Y0017791,1211,1268,1436,131,96
2603,601,736,Hindawi025273163,59,821,956,110,100
2603,1,1344,Hindawi025273163,177,170,1514,1077,99
2603,1344,1520,Hindawi025273163,178,1,177,140,100
2603,479,729,JK009336,807,453,895,177,49
2603,569,736,Sham19Y0095660,1750,1161,1330,132,97
2603,407,736,Sham19Y0020638,864,148,465,159,47
2603,479,736,JK000484,5146,367,839,193,50
2603,564,736,JK009270,1269,279,459,132,91
2603,569,736,Sham19Y0013605,2860,1035,1204,132,97
2603,569,736,ShamAY0035250,51,772,941,132,97
2603,569,736,Sham19Y0013614,540,1150,1318,131,96
2603,569,736,JK000110,878,972,1141,132,97
2603,569,736,JK009265,8,1051,1240,127,84
2603,569,736,Sham19Y0020878,2276,292,468,123,85
2603,569,736,Shamela0096283,269,727,896,132,97
2603,569,736,Shamela0010906,616,201,367,133,98
2603,569,736,Shamela0004445,732,651,833,132,90
2603,578,736,Shamela0004445,2905,157,334,125,87
2603,578,736,JK006983,10,52,210,127,99
2603,601,736,Shamela0001438,2669,827,963,108,97
2603,569,736,Shamela0006610,893,885,1054,132,97
2603,569,736,Sham19Y0016584,2545,662,831,132,97
2603,559,736,JK007045,517,629,797,120,79
2603,578,736,Sham19Y0145435,5721,567,730,127,96
2603,479,729,Kraken230110004547,145,968,1309,149,51
2603,569,736,Sham19Y0017903,480,516,678,130,96
2603,601,736,Shamela0021659,927,1193,1329,107,96
2603,569,736,Shamela0037837,790,211,393,132,90
2603,483,736,Sham19Y0122257,2185,1,320,163,63
2603,569,736,Shamela0005756,9892,540,709,132,97
2603,479,729,Rafed0002202Vols,655,849,1168,120,36
2604,387,1037,Sham19Y0147597,949,609,835,165,32
2604,1,1382,Hindawi025273163,178,177,1567,1086,93
2604,1382,1594,Hindawi025273163,179,1,213,173,100
2605,332,742,Sham19Y0023644,1563,190,545,174,48
2605,376,622,Hindawi029620591,14,356,585,165,82
2605,357,617,Sham19Y0000259,745,593,821,152,70
2605,357,617,Hindawi042908302,80,301,571,196,89
2605,1,1319,Hindawi025273163,179,213,1513,1037,98
2605,1319,1482,Hindawi025273163,180,1,164,128,100
2605,479,742,Kraken220413030759,101,635,870,135,67
2605,357,617,Shamela0012406,864,584,847,198,94
2605,479,745,Shamela0036578,62,837,1074,139,66
2605,479,745,Shamela0036578,1328,1156,1393,139,66
2605,357,617,Shamela0009783BK1,1184,1163,1404,184,89
2605,479,742,Shamela0007472,19,251,568,144,52
2605,357,617,Shamela0004445,3069,1207,1457,191,92
2605,357,579,Sham19Y0145435,1661,1368,1585,166,94
2605,364,579,Hindawi013538483,81,1223,1458,164,87
2605,373,617,Hindawi013538483,610,368,762,180,57
2605,357,742,Shamela0010283,3991,215,533,225,73
2606,1346,1557,ShamAY0009682,127,1,212,168,99
2606,1259,1557,Shamela0006947,3116,698,999,240,98
2606,1259,1557,Shamela0006947,15507,312,613,240,98
2606,1,1404,Hindawi025273163,180,164,1528,1099,97
2606,1404,1557,Hindawi025273163,181,1,154,122,98
2607,1,1432,Hindawi025273163,181,154,1561,1136,98
2608,1,1562,Hindawi025273163,182,136,1637,1222,95
2609,852,1247,Hindawi025273163,176,394,510,72,23
2609,1,1524,Hindawi025273163,183,82,1582,1212,98
2610,1,1451,Hindawi025273163,184,43,1491,1155,99
2610,440,899,Shamela0012320,1203,49,618,366,79
2611,1,1567,Hindawi025273163,185,33,1563,1232,96
2612,757,1155,JK006950,2460,252,640,258,71
2612,728,1011,JK006950,2525,1199,1561,212,72
2612,970,1195,JK006950,2570,470,673,131,72
2612,765,1155,Sham19Y0001729,144,108,537,262,75
2612,757,1155,Sham19Y0146127,2838,731,1154,268,78
2612,757,1155,Sham19Y0146127,3248,14,414,253,74
2612,757,1155,Shamela0021715,10895,845,1257,261,78
2612,757,1210,Shamela0012415,237,162,713,308,70
2612,757,1097,JK000475,688,1116,1476,223,76
2612,757,1210,JK000116,92,370,877,290,72
2612,757,1155,Sham19Y0018106,4154,788,1200,261,78
2612,757,1155,Sham19Y0018103,4142,1035,1447,261,78
2612,757,1155,Sham19Y0006603,5,734,1173,267,76
2612,757,1155,Shamela0008227,36,139,554,266,79
2612,757,1155,Sham19Y0013252,10387,348,760,261,78
2612,714,1210,JK000365,1494,190,739,345,77
2612,444,1268,JK000365,2023,518,1347,655,98
2612,714,1169,Shamela0021512,315,127,630,336,83
2612,438,728,Shamela0021512,479,763,1055,233,96
2612,757,1210,JK000008,67,1062,1519,302,75
2612,757,1094,ShamAY0033910,844,1124,1481,221,76
2612,757,1155,JK000381,8154,974,1362,258,71
2612,728,1155,JK000381,8220,380,873,307,74
2612,970,1155,JK000381,8264,1349,1510,124,83
2612,774,1155,ShamIbadiyya0000438,352,934,1310,239,75
2612,732,1160,Shamela0003055,2720,86,574,291,72
2612,944,1160,Shamela0003055,2828,234,455,162,92
2612,1,1497,Hindawi025273163,186,4,1468,1167,97
2612,757,1155,JK000021,999,219,667,263,73
2612,835,1155,Shamela0001442,255,1,368,210,70
2612,741,1155,Sham19Y0018611,565,187,386,113,33
2612,757,1155,Shamela0001449,247,713,1154,264,75
2612,757,1155,Sham19Y0016953Vols,1387,1086,1509,301,88
2612,757,1155,Sham19Y0020638,17,727,1171,267,75
2612,757,1155,Sham19Y0013605,4953,914,1326,261,78
2612,757,1155,JK000110,1898,57,469,261,78
2612,757,1160,JK001325,17,57,492,267,76
2612,728,1155,Shamela0011181,7,97,600,286,64
2612,757,1160,JK006886,159,919,1320,281,79
2612,757,1155,Shamela0005737,75,646,1024,244,72
2612,732,1160,Shamela0011380,20,27,515,291,72
2612,757,1155,JK000071,113,424,877,268,73
2613,47,1539,Hindawi025273163,187,1,1440,1149,95
2614,93,1635,Hindawi025273163,188,1,1467,1179,92
2615,1,180,Hindawi025273163,188,1467,1646,147,100
2615,180,1686,Hindawi025273163,189,1,1461,1199,96
2616,980,1134,Shamela0006947,16470,1,155,124,100
2616,869,1134,Shamela0006947,16651,213,479,213,99
2616,883,1013,Hindawi025273163,176,1227,1352,97,93
2616,1,231,Hindawi025273163,189,1461,1691,191,100
2616,231,1639,Hindawi025273163,190,1,1367,1111,97
2617,579,773,Shamela0006947,16645,1248,1449,125,72
2617,603,773,Hindawi025273163,147,22,206,124,80
2617,579,773,Hindawi025273163,153,313,514,125,72
2617,1,241,Hindawi025273163,190,1367,1608,194,98
2617,241,1634,Hindawi025273163,191,1,1398,1133,99
2618,563,994,Shamela0006947,16470,20,432,253,68
2618,731,1036,Shamela0006947,16654,92,404,224,84
2618,508,994,Hindawi025273163,176,1216,1498,147,33
2618,1,230,Hindawi025273163,191,1398,1619,177,96
2618,230,1582,Hindawi025273163,192,1,1304,1051,95
2619,1,275,Hindawi025273163,192,1304,1578,221,100
2619,275,1639,Hindawi025273163,193,1,1373,1116,99
2620,730,949,Sham19Y0014827,163,1251,1493,131,64
2620,951,1153,Sham19Y0014827,164,1,240,147,77
2620,730,1130,Sham19Y0014827,343,690,1149,272,72
2620,730,1130,Sham19Y0014827,519,663,1122,272,72
2620,701,1130,Sham19Y0018103,235,9,587,285,62
2620,817,1130,Sham19Y0018103,501,82,471,244,78
2620,701,1153,Sham19Y0018103,1004,656,1270,304,62
2620,817,1130,Sham19Y0018103,1266,102,491,244,78
2620,701,1130,Sham19Y0018103,1518,807,1385,285,62
2620,701,1153,Sham19Y0018103,1755,756,1368,304,62
2620,843,1130,Sham19Y0018103,2014,1,364,222,77
2620,701,1130,Sham19Y0018103,2270,717,1295,285,62
2620,701,1054,Sham19Y0018103,2528,1059,1529,226,61
2620,719,1130,Sham19Y0018103,2796,1,564,277,62
2620,701,1130,Sham19Y0018103,3053,217,799,285,62
2620,701,1130,Sham19Y0018103,3295,451,1033,285,62
2620,817,1130,Sham19Y0018103,3531,80,469,244,78
2620,701,1130,Sham19Y0018103,3778,625,1207,285,62
2620,701,1153,Sham19Y0018103,4042,760,1376,304,62
2620,1,283,Hindawi025273163,193,1373,1655,230,100
2620,283,521,Hindawi025273163,194,1,240,200,99
2620,817,1130,Sham19Y0014592,224,79,428,248,88
2620,701,1130,Sham19Y0014592,478,219,759,303,68
2620,817,1130,Sham19Y0014592,752,1,350,248,88
2620,859,1130,Sham19Y0014592,1026,1,308,214,87
2620,739,1153,Sham19Y0014592,1310,5,538,284,65
2620,701,949,Sham19Y0014592,1575,1272,1595,161,59
2620,951,1134,Sham19Y0014592,1576,1,220,141,81
2620,701,1130,Sham19Y0014592,1840,1022,1562,301,68
2620,701,1130,Sham19Y0014592,2110,235,775,301,68
2620,701,1033,Sham19Y0014592,2359,1127,1534,226,67
2620,701,1130,Sham19Y0014592,2607,334,878,301,67
2620,701,1130,Sham19Y0014592,2856,482,1026,302,68
2624,113,447,Hindawi018385936,41,460,800,261,92
2626,68,272,Hindawi060585083,188,712,916,156,96
2627,862,1371,Hindawi063836061,1,991,1502,413,97
2665,532,887,Shamela0012320,3497,1358,1737,296,92
2665,887,1107,Shamela0012320,3498,1,236,179,93
2668,760,1046,Sham19Y0014827,163,1251,1493,124,41
2668,1048,1250,Sham19Y0014827,164,1,240,147,77
2668,760,1227,Sham19Y0014827,343,690,1149,265,56
2668,760,1227,Sham19Y0014827,519,663,1122,276,65
2668,731,1227,Sham19Y0018103,235,9,587,291,59
2668,914,1227,Sham19Y0018103,501,82,471,244,78
2668,731,1250,Sham19Y0018103,1004,656,1270,310,60
2668,914,1227,Sham19Y0018103,1266,102,491,244,78
2668,731,1227,Sham19Y0018103,1518,807,1385,290,60
2668,731,1250,Sham19Y0018103,1755,756,1368,310,60
2668,940,1227,Sham19Y0018103,2014,1,364,222,77
2668,731,1227,Sham19Y0018103,2270,717,1295,289,58
2668,731,1151,Sham19Y0018103,2528,1059,1529,224,50
2668,749,1227,Sham19Y0018103,2796,1,564,275,52
2668,731,1227,Sham19Y0018103,3053,217,799,283,52
2668,731,1227,Sham19Y0018103,3295,451,1033,283,52
2668,914,1227,Sham19Y0018103,3531,80,469,244,78
2668,731,1227,Sham19Y0018103,3778,625,1207,283,52
2668,731,1250,Sham19Y0018103,4042,760,1376,302,53
2668,914,1227,Sham19Y0014592,224,79,428,248,88
2668,731,1227,Sham19Y0014592,478,219,759,307,65
2668,914,1227,Sham19Y0014592,752,1,350,248,88
2668,956,1227,Sham19Y0014592,1026,1,308,214,87
2668,769,1250,Sham19Y0014592,1310,5,538,288,62
2668,731,1046,Sham19Y0014592,1575,1272,1595,165,55
2668,1048,1231,Sham19Y0014592,1576,1,220,141,81
2668,731,1227,Sham19Y0014592,1840,1022,1562,305,64
2668,731,1227,Sham19Y0014592,2110,235,775,305,64
2668,731,1130,Sham19Y0014592,2359,1127,1534,230,63
2668,731,1227,Sham19Y0014592,2607,334,878,305,64
2668,731,1227,Sham19Y0014592,2856,482,1026,306,65
2676,1070,1257,Sham19Y0001729,2139,1367,1562,131,81
2676,1083,1453,Shamela0021715,5578,657,1141,219,55
2676,1075,1343,Kraken230106005528,849,376,696,168,60
2676,1105,1307,Tafsir07057,256,130,363,147,74
2676,1070,1453,Shamela0001524,768,59,470,214,58
2676,958,1449,Shamela0000894,1096,737,1179,257,59
2676,1075,1449,Shamela0000894,5677,10,537,238,55
2676,1070,1307,JK009152,2150,803,1029,156,77
2676,1083,1449,Sham19Y0018176,1305,1183,1499,201,66
2676,1083,1307,JK009141,109,950,1168,157,83
2676,1083,1307,JK009141,836,962,1170,157,87
2676,961,1307,Sham19Y0127656,406,1100,1473,202,65
2676,1083,1322,JK006838,166,989,1221,154,74
2676,1190,1453,Sham19Y0018106,2437,1,218,125,58
2676,1070,1453,Shamela0021544,6,966,1363,207,54
2676,1083,1307,ShamAY0034447,211,158,399,168,85
2676,921,1379,Shamela0004473,2647,1007,1503,343,84
2676,961,1343,Shamela0004473,3280,531,977,203,45
2676,1105,1561,Shamela0004473,3648,33,481,353,96
2676,1070,1449,Sham19Y0122406,3451,26,404,201,51
2676,1124,1430,ShamIbadiyya0000193,3199,73,333,168,64
2676,1141,1307,Sham19Y0018103,2326,1,167,135,100
2676,1083,1449,JK007065,976,610,980,207,61
2676,967,1307,Shamela0010895,60,952,1263,179,58
2676,1070,1449,Shamela0035100,696,866,1256,206,62
2676,1083,1343,Sham19Y0013252,5866,778,1059,191,82
2676,1083,1379,Sham19Y0013572,1083,51,337,184,70
2676,1083,1322,Shamela0096337,195,1133,1400,179,83
2676,1070,1453,Shamela0025794,1667,336,722,208,59
2676,1070,1379,Shamela0001727,1288,644,1360,217,38
2676,1083,1330,JK000906,8539,621,871,174,81
2676,967,1322,Shamela0026568,641,12,380,183,48
2676,1099,1307,Shamela0036578,48,117,317,162,96
2676,1099,1307,Shamela0036578,138,386,586,162,96
2676,1083,1311,Shamela0030267Vols,71,787,1018,167,88
2676,1086,1311,JK009336,2325,1246,1500,169,83
2676,1066,1307,Shamela0012034,56,1084,1330,183,91
2676,1105,1379,Sham19Y0020638,1041,268,838,199,43
2676,1075,1307,Shamela0036446,1118,68,285,153,77
2676,1083,1330,JK009270,1464,583,813,164,79
2676,1083,1449,Sham19Y0013605,2899,21,386,206,58
2676,1070,1307,JK009158,346,1038,1262,163,82
2676,1070,1449,Sham19Y0018144,2323,69,456,204,56
2676,1083,1339,JK000110,897,1144,1409,177,82
2676,961,1307,Tafsir04040,1825,965,1381,168,37
2676,961,1509,Shamela0096283,276,250,903,242,41
2676,1083,1449,Shamela0023628,2834,44,385,209,64
2676,1032,1307,ShamIbadiyya0000229,26,1229,1498,161,65
2676,1083,1307,Sham19Y0016584,2586,174,415,173,89
2676,1105,1307,Hindawi086148607,129,266,492,146,74
2676,1083,1434,Kraken230110004547,401,836,1142,207,73
2676,1105,1307,Masaha003104,30,1313,1515,153,87
2676,1099,1307,ShamAY0034059,4984,508,727,145,74
2676,1075,1456,JK009313,428,157,543,179,45
2676,1075,1307,JK009313,4509,32,280,166,79
2676,1083,1343,Sham19Y0017535,9,542,813,189,87
2676,967,1307,Tafsir07076,1178,282,630,201,62
2676,1105,1339,Tafsir07076,6517,1139,1360,169,90
2676,1131,1307,Tafsir07076,8541,1016,1191,142,99
2676,1105,1549,Shamela0008473,3831,300,697,182,42
2676,1176,1453,Shamela0012884,4082,1,225,134,54
2676,967,1449,Shamela0023685,703,240,711,196,37
2676,961,1449,Shamela0037837,795,662,1129,198,39
2676,1124,1307,Shamela0005756,10004,1,184,148,100
2677,44,430,Shamela0004473,3648,472,879,297,88
2677,194,301,Shamela0008473,3833,1,112,85,96
2680,1386,1595,Shamela0006947,17156,1324,1533,160,91
2681,118,711,Shamela0006947,17157,1,596,482,98
2684,548,676,Rafed0003257Vols,40,419,547,104,100
2687,626,845,Tafsir09084,459,151,335,130,72
2687,626,845,Shamela0008473,1075,262,454,140,78
2692,894,1265,Tafsir07057,4149,377,746,141,34
2692,533,815,Tafsir09084,1943,891,1224,204,75
2692,533,745,JK009141,108,1195,1388,147,85
2692,533,815,Shamela0010480,1058,575,869,188,76
2692,533,745,JK000832,5,303,525,166,92
2692,786,1265,Shamela0004473,3648,347,749,190,42
2692,533,756,Sham19Y0148271,184,1014,1240,162,83
2692,533,745,JK000140,748,753,965,158,87
2692,533,815,Shamela0025794,2459,653,958,187,75
2692,540,815,Sham19Y0017729,11,1095,1451,183,64
2692,554,815,JK001492,459,723,964,157,70
2692,588,745,Sham19Y0127677,554,1,141,98,68
2692,588,745,Sham19Y0127677,1111,864,1021,124,95
2692,533,745,JK009336,461,1184,1406,166,91
2692,554,756,JK009237,2622,428,642,152,88
2692,146,325,Shamela0001687,7430,967,1224,136,63
2692,562,745,JK000030,157,103,289,146,97
2692,585,745,Sham19Y0018272,638,704,996,115,48
2692,1217,1467,ShamAY0034059,4984,1,467,128,31
2692,1107,1261,JK000772,142,833,978,115,94
2692,540,756,Sham19Y0017903,18,23,275,161,80
2692,533,751,Shamela0008473,3830,973,1201,160,83
2692,1161,1419,Shamela0008473,3833,8,525,181,43
2692,545,815,Shamela0012884,2548,875,1274,169,50
2693,1,198,JK000343,927,1094,1291,148,93
2700,1,179,Shia001432Vols,9021,975,1205,132,69
2700,1,179,Kraken230106005528,942,766,1047,129,56
2700,1,166,Shia001370,110,623,842,116,64
2700,1,179,Shamela0001524,650,679,909,133,70
2700,1,166,Shamela0001524,2811,616,834,127,72
2700,1,179,Shamela0011438,5,414,642,130,69
2700,1,179,Shamela0021766,695,460,688,133,70
2700,1,179,Shamela0021766,4010,794,1025,133,69
2700,1,166,Shamela0011211,59,43,200,106,74
2700,1,179,JK009141,174,139,362,130,69
2700,1,166,JK000334,2,256,410,100,64
2700,1,166,ShamAY0036022,86,1202,1417,124,70
2700,8,179,ShamAY0036022,87,31,238,113,66
2700,1,179,JK008001,98,727,950,130,69
2700,1,166,JK008001,3992,939,1158,127,71
2700,1,179,Shamela0007597,5,550,777,129,69
2700,1,166,Shamela0004473,10215,133,350,117,65
2700,1,179,JK000799,22,134,360,129,68
2700,1,179,Sham19Y0011326,89,1219,1448,131,69
2700,1,166,JK000140,861,1034,1252,127,72
2700,1,166,Shia002261Vols,347,1080,1298,127,72
2700,1,179,Sham19Y0017063,64,1206,1434,133,70
2700,1,179,Shamela0006947,9303,229,396,108,66
2700,1,179,Shamela0003055,2614,1259,1487,128,68
2700,1,166,Shamela0003055,3088,902,1058,106,75
2700,1,166,Shamela0003055,3160,1028,1247,124,70
2700,1,179,JK000367,24,498,725,133,71
2700,8,179,Tafsir04056,1231,16,230,115,66
2700,1,166,Sham19Y0132524,2809,1178,1389,118,66
2700,1,166,JK009274,769,141,379,127,66
2700,1,166,JK009390,1819,338,557,127,71
2700,1,166,Masaha001922,110,1191,1410,116,64
2700,8,173,JK001303,671,108,324,117,68
2700,1,179,Shamela0036446,30,633,862,132,70
2700,1,179,JK000467,155,906,1137,121,65
2700,1,179,JK000146,174,16,244,132,70
2700,1,179,Shamela0008204,18,245,409,102,61
2700,1,166,Sham19Y0122096,3353,719,939,127,71
2700,1,179,JK009158,10,1161,1317,99,62
2700,1,179,JK000583,139,82,310,134,71
2700,1,179,Shia004038,36,801,998,106,56
2700,1,179,Tafsir01005,1259,753,978,131,69
2700,1,179,Shamela0001438,3198,565,792,133,71
2700,1,179,Shamela0006610,677,267,497,132,69
2700,1,152,JK000097,481,1220,1424,116,70
2700,1,179,ShamAY0034289,4,736,964,134,71
2700,1,179,JK007045,37,1154,1378,130,69
2700,1,166,Shamela0008206,72,148,325,122,80
2700,1,179,JK006874,5,291,526,127,66
2700,1,179,JK006874,32,93,323,134,70
2700,1,179,Shamela0012001,31,156,386,132,69
2700,1,179,Shamela0004482,397,834,1058,128,68
2700,1,166,JK000772,36,751,970,127,71
2700,1,179,ShamAY0035960,523,789,1016,133,71
2700,1,173,Shamela0008208,50,809,1043,124,65
2700,8,179,Shamela0012884,1081,102,316,115,66
2700,1,166,Rafed0000040Vols,15,724,1206,100,23
2700,1,166,Rafed0000040Vols,25,472,690,127,72
2700,1,166,Shamela0021659,1011,925,1143,127,72
2701,1284,1425,JK009268,3778,221,343,97,86
2702,574,757,JK010001,3364,208,391,147,100
2708,866,1150,Shamela0021765,2439,49,259,117,49
2708,1097,1276,Shamela0008362BK1,617,1112,1325,137,79
2708,707,1150,JK000637,3208,525,1048,151,29
2708,1097,1385,Shamela0023833,738,390,779,156,41
2708,866,1257,Shamela0023700,1230,1052,1372,106,25
2708,866,1257,Shamela0021570,316,616,942,122,31
2708,1071,1385,Shamela0004445,1928,266,623,170,54
2708,883,1002,JK000916,10116,236,376,85,79
2708,866,1002,JK000485,557,538,686,93,75
2708,1097,1385,Masaha002028Vols,1476,927,1260,161,53
2708,1097,1385,Shamela0009770,490,58,333,143,50
2709,903,1047,Shamela0012738,191,1183,1475,110,46
2712,1336,1591,JK001198,86,35,321,172,68
2712,1336,1591,JK000583,594,647,866,150,69
2713,312,663,JK001198,85,142,260,97,33
2715,959,1636,JK001335,1509,288,969,217,26
2715,1042,1447,JK001335,1516,1,438,285,79
2715,959,1447,Kraken22021606123102Vols,2956,70,572,315,74
2715,959,1636,Sham19Y0014592,2311,531,1241,211,25
2716,749,926,JK000345,5,793,990,138,86
2717,1,476,Rafed0003257Vols,924,264,1051,233,33
2721,8,164,Shamela0000432,568,1303,1522,125,68
2721,198,681,Shamela0000432,569,416,708,176,41
2724,331,518,Shamela0004473,3023,454,702,151,73
2724,331,518,Shamela0004473,3190,1164,1410,151,74
2725,193,350,Rafed0002478,188,393,550,124,100
2725,193,303,Sham19Y0020891,3232,480,590,87,100
2725,193,350,Zaydiyya0000044,174,127,284,124,100
2725,193,469,Sham19Y0014592,2084,1190,1389,117,51
2726,486,687,Tafsir07057,256,130,363,147,73
2726,486,687,Shamela0001524,768,110,339,155,83
2726,245,835,Shamela0000894,1096,564,1179,237,39
2726,486,687,Shamela0000894,5677,73,271,152,92
2726,477,687,JK009152,2150,815,1029,140,72
2726,486,687,Sham19Y0018176,1305,1222,1424,155,92
2726,477,687,JK009141,109,950,1168,146,76
2726,477,687,JK009141,836,962,1170,146,80
2726,486,691,Sham19Y0127656,406,1269,1477,153,89
2726,477,687,JK006838,166,989,1202,142,74
2726,486,687,JK000475,2451,944,1151,146,82
2726,573,917,Sham19Y0018106,2437,1,248,96,25
2726,446,848,Shamela0021544,6,966,1372,173,43
2726,486,687,ShamAY0034447,211,197,399,153,90
2726,210,687,Shamela0004473,2647,943,1426,222,42
2726,210,687,Shamela0004473,3280,444,916,261,59
2726,486,835,Shamela0004473,3648,33,376,178,47
2726,477,657,Sham19Y0122406,3450,966,1485,125,29
2726,446,835,Sham19Y0122406,3451,26,404,188,47
2726,505,679,ShamIbadiyya0000193,3199,73,256,132,86
2726,519,687,Sham19Y0018103,2326,1,167,129,92
2726,446,835,Shamela0035100,696,866,1256,187,49
2726,486,687,Sham19Y0013252,5866,817,1019,155,92
2726,486,687,Sham19Y0013572,1083,77,282,152,90
2726,210,687,Shamela0096337,195,939,1381,222,45
2726,434,687,Shamela0025794,1667,324,586,170,78
2726,328,835,Shamela0001727,1288,510,1022,210,40
2726,1132,1496,JK000906,8538,864,1239,280,91
2726,486,691,JK000906,8539,647,863,163,93
2726,200,703,Shamela0011363,78,1042,1512,206,37
2726,509,687,Shamela0036578,48,145,317,137,94
2726,480,687,Shamela0036578,138,386,586,157,94
2726,486,687,Shamela0030267Vols,71,813,1014,153,92
2726,486,691,JK009336,2325,1282,1500,158,88
2726,200,687,Shamela0012034,56,1015,1330,212,50
2726,486,691,Sham19Y0020638,1041,268,503,153,79
2726,509,687,Shamela0036446,1118,103,285,137,89
2726,486,687,Tafsir02100,144,453,660,146,82
2726,486,687,JK009270,1464,538,791,152,72
2726,486,917,Sham19Y0013605,2899,60,486,180,37
2726,477,687,JK009158,346,1050,1262,141,74
2726,446,943,Sham19Y0018144,2323,69,567,173,28
2726,486,687,JK000110,897,1183,1385,155,92
2726,486,687,Tafsir04040,1825,1173,1381,155,89
2726,486,1032,Shamela0096283,276,437,857,161,26
2726,486,835,Shamela0023628,2834,88,385,179,62
2726,38,687,ShamIbadiyya0000229,26,950,1498,246,40
2726,486,679,Shamela0023644,1158,962,1168,117,65
2726,486,687,Sham19Y0016584,2586,213,415,155,92
2726,486,687,Hindawi086148607,129,266,492,141,71
2726,490,687,Kraken230110004547,401,862,1051,141,84
2726,486,687,Masaha003104,30,1313,1515,145,81
2726,480,687,ShamAY0034059,4984,508,727,141,72
2726,200,720,JK009313,428,45,425,216,48
2726,486,687,JK009313,4509,79,280,148,85
2726,486,687,Sham19Y0017535,9,568,770,155,92
2726,486,687,Tafsir07076,1178,425,630,155,90
2726,486,687,Tafsir07076,6517,1139,1337,152,92
2726,509,687,Tafsir07076,8541,1016,1191,135,91
2726,531,679,Tafsir09050,3301,1,155,111,85
2726,559,687,Shamela0012884,4082,1,140,105,92
2726,486,917,Shamela0037837,795,786,1228,176,34
2726,505,687,Shamela0005756,10004,1,184,140,91
2728,19,159,Sham19Y0014827,163,1354,1493,110,97
2728,161,363,Sham19Y0014827,164,1,240,147,77
2728,19,340,Sham19Y0014827,343,793,1149,251,87
2728,19,340,Sham19Y0014827,519,766,1122,251,87
2728,27,340,Sham19Y0018103,235,198,587,244,78
2728,27,340,Sham19Y0018103,501,82,471,244,78
2728,27,363,Sham19Y0018103,1004,845,1270,263,77
2728,27,340,Sham19Y0018103,1266,102,491,244,78
2728,27,340,Sham19Y0018103,1518,996,1385,244,78
2728,27,363,Sham19Y0018103,1755,945,1368,263,77
2728,53,340,Sham19Y0018103,2014,1,364,222,77
2728,27,340,Sham19Y0018103,2270,906,1295,244,78
2728,27,264,Sham19Y0018103,2528,1252,1529,185,84
2728,27,340,Sham19Y0018103,2796,175,564,244,78
2728,27,340,Sham19Y0018103,3053,410,799,244,78
2728,27,340,Sham19Y0018103,3295,644,1033,244,78
2728,27,340,Sham19Y0018103,3531,80,469,244,78
2728,27,340,Sham19Y0018103,3778,818,1207,244,78
2728,27,363,Sham19Y0018103,4042,953,1376,263,77
2728,27,340,Sham19Y0014592,224,79,428,248,88
2728,27,340,Sham19Y0014592,478,410,759,248,88
2728,27,340,Sham19Y0014592,752,1,350,248,88
2728,69,340,Sham19Y0014592,1026,1,308,214,87
2728,27,363,Sham19Y0014592,1310,163,538,253,84
2728,27,159,Sham19Y0014592,1575,1463,1595,107,100
2728,161,344,Sham19Y0014592,1576,1,220,141,81
2728,27,340,Sham19Y0014592,1840,1213,1562,248,88
2728,27,340,Sham19Y0014592,2110,426,775,248,88
2728,27,243,Sham19Y0014592,2359,1318,1534,173,100
2728,27,340,Sham19Y0014592,2607,529,878,248,88
2728,27,340,Sham19Y0014592,2856,677,1026,248,88
2737,76,217,Shamela0023653,486,39,180,115,100
2738,863,975,Sham19Y0020762,1509,1026,1137,78,87
2738,863,975,JK010747,141,873,985,78,87
2738,849,975,LAL2017040401,62,230,353,90,90
2738,845,975,Shamela0023790,102,692,819,93,90
2738,845,975,Shamela0000558,182,952,1073,92,89
2738,863,975,Sham19Y0036072,312,1046,1158,89,100
2739,374,722,JK000022,1872,576,1138,164,34
2739,374,722,Sham19Y0023644,1691,810,1242,223,63
2739,356,722,Hindawi068305130,396,159,638,283,72
2739,351,722,Shamela0004473,8012,377,853,262,64
2739,356,722,JK001412,331,349,850,274,67
2739,356,652,Sham19Y0000259,540,996,1255,192,77
2739,356,652,Sham19Y0021505,92,727,979,184,73
2739,313,652,Shamela0023789,76,931,1424,256,63
2739,356,722,ShamIbadiyya0000391,36,183,662,270,68
2739,356,722,Shamela0010283,1314,999,1479,284,73
2739,1,107,Tafsir07076,2607,1201,1307,84,100
2740,581,690,Shamela0023790,32,695,804,88,100
2741,811,987,Masaha001961Vols,764,1312,1554,119,59
2741,761,994,Sham19Y0147597,385,46,350,156,65
2741,806,994,ShamIbadiyya0000050,2583,334,602,128,58
2741,757,1016,Rafed0003257Vols,1268,372,792,172,52
2741,811,994,Sham19Y0023608,1537,1276,1523,119,60
2741,767,1016,ShamAY0009682,29,121,478,157,55
2741,836,994,Shamela0004473,8357,1082,1268,101,62
2741,776,994,Shamela0004473,16382,1,311,142,57
2741,767,987,JK009247,82,470,800,147,55
2741,767,1016,Shamela0006947,15182,665,1024,154,53
2741,761,994,JK000927,776,1071,1459,152,48
2741,811,994,Shamela0009783BK1,842,538,793,127,61
2741,836,987,Hindawi020604026,253,732,918,110,74
2741,836,994,Shamela0006617,470,1,206,90,47
2741,761,994,Shamela0023833,409,335,668,143,54
2741,806,994,JK009362,6415,772,980,137,78
2741,811,994,Shamela0004445,1395,985,1238,122,59
2741,811,994,Sham19Y0145435,1459,705,959,127,61
2741,794,994,JK009313,1451,536,817,139,60
2741,767,1025,JK009313,5268,631,931,169,68
2741,761,994,Shamela0010283,3427,43,403,124,40
2741,811,994,Masaha002028Vols,923,950,1205,126,61
2741,811,994,Shamela0023653,275,1046,1301,127,61
2741,761,994,Masaha004768Vols,1526,391,656,141,67
2741,70,389,Hindawi082068526,82,1022,1328,239,93
2742,35,147,Shia002185Vols,3683,431,543,84,94
2742,42,147,Shamela0023785,55,877,982,81,97
2742,35,147,ShamAY0009682,26,1108,1220,83,93
2742,42,151,ShamAY0032247,129,472,580,83,96
2742,42,147,Sham19Y0020762,1766,760,1030,81,37
2742,42,151,MMS00013,764,458,566,83,96
2742,42,151,MMS00013,1198,517,625,83,96
2742,24,147,Sham19Y0000760,1084,409,540,79,77
2742,42,151,Shamela0006947,147,268,375,82,95
2742,42,147,Rafed0000212,64,87,245,81,64
2742,42,151,Shamela0000722,94,400,508,83,96
2742,42,147,Shamela0008505,557,946,1104,81,64
2742,42,151,Sham19Y0036072,316,170,278,83,96
2742,42,147,Shamela0000740,3,928,1166,81,42
2742,35,147,Shamela0022881,16,1171,1283,83,93
2742,42,151,Sham19Y0026523,2077,299,407,83,96
2742,42,151,Shamela0005449,186,897,1005,83,96
2742,42,147,JK006907,31,1379,1484,81,97
2742,35,147,JK000911,1489,328,440,83,93
2742,42,147,Shamela0036515,2676,777,935,81,64
2743,37,225,Sham19Y0146127,3094,1098,1465,87,30
2743,37,225,JK000135,297,572,945,81,27
2743,37,216,Shamela0000347,49,629,994,82,28
2743,37,225,Tafsir04056,596,789,1168,83,28
2743,583,776,Shamela0023790,90,735,959,145,81
2743,37,225,JK000484,5639,952,1326,85,28
2743,592,776,Shamela0023789,60,674,881,134,79
2743,37,225,Shamela0012884,617,878,1251,85,29
2744,755,875,Shamela0006656,42,277,403,93,92
2747,88,412,Sham19Y0001729,1693,28,399,240,81
2747,88,400,Sham19Y0146127,3200,1186,1485,205,76
2747,97,572,Shamela0001524,1498,575,1015,247,52
2747,88,412,JK000475,1824,51,407,234,81
2747,106,412,Sham19Y0020944,599,1090,1403,214,84
2747,88,400,Shia003461Vols,326,1205,1481,176,62
2747,88,412,Sham19Y0016976,1278,856,1159,197,73
2747,88,412,JK000469,1410,333,692,244,86
2747,88,572,Sham19Y0014119,370,246,744,223,43
2747,88,579,ShamAY0033592,8,555,1000,265,62
2747,106,412,Sham19Y0017063,932,900,1189,189,73
2747,88,412,Sham19Y0017729,294,201,552,220,77
2747,220,412,JK000707,361,1,205,148,89
2747,88,357,JK011645,5,1257,1483,154,72
2747,88,412,Shamela0003722,1279,566,928,232,78
2747,88,412,ShamAY0034282,1232,351,712,240,83
2747,88,412,JK009336,514,968,1307,218,78
2747,88,572,JK000474,213,513,1042,261,50
2747,88,412,JK000653,162,560,843,171,59
2747,88,572,JK000467,2006,258,794,267,53
2747,97,412,JK000484,5805,106,443,236,86
2747,88,366,Sham19Y0013614,587,1198,1461,170,73
2747,88,412,JK000142,614,13,352,220,80
2747,88,412,JK000216,232,917,1261,219,79
2747,88,412,Sham19Y0131521,3745,303,642,220,80
2747,88,572,Shamela0003118,405,143,635,265,57
2747,88,405,Sham19Y0018272,851,836,1184,208,74
2747,88,405,JK000289,816,1031,1379,220,76
2747,88,372,JK007045,557,685,917,160,72
2747,88,424,Sham19Y0014601,4118,697,1055,221,77
2747,97,303,Shamela0026324,4548,1009,1153,87,49
2747,106,572,Shamela0021809,3142,142,462,190,47
2747,103,412,JK000916,1078,1,329,222,82
2747,88,366,JK000122,698,1073,1381,196,81
2747,88,412,Sham19Y0017903,570,604,935,221,82
2747,88,576,Masaha001838,54,793,1234,245,60
2747,88,329,Sham19Y0122257,2366,382,610,151,74
2747,88,412,Sham19Y0020591,1008,923,1262,220,80
2747,88,405,Shamela0021751,907,603,923,210,74
2748,1142,1481,Shamela0021715,9454,989,1392,226,68
2748,1224,1423,Shamela0021715,9456,517,756,149,79
2748,1142,1423,Shamela0001524,2245,1105,1451,196,69
2748,1142,1481,JK009152,2201,538,964,229,65
2748,1142,1423,Sham19Y0018176,2241,637,1195,193,43
2748,1142,1481,Sham19Y0018106,3728,981,1384,226,68
2748,1270,1423,Sham19Y0018106,3729,1,142,111,90
2748,988,1481,Shamela0026726,11,521,1004,237,46
2748,1142,1481,Sham19Y0016976,1796,623,1052,248,73
2748,1309,1473,Shamela0010637,351,1,180,130,91
2748,1156,1381,JK005202,1030,775,961,139,78
2748,1224,1423,Sham19Y0018103,3682,1,393,143,44
2748,1142,1481,JK000140,570,589,1049,251,70
2748,1142,1481,Sham19Y0014119,571,905,1333,248,73
2748,1064,1481,Sham19Y0017063,1502,139,665,271,65
2748,1142,1423,Sham19Y0013252,9044,531,1089,193,43
2748,988,1481,JK001429,75,932,1418,241,47
2748,1070,1481,ShamAY0033910,662,169,546,223,62
2748,1224,1481,Kraken220218125253,198,663,924,199,95
2748,1146,1481,Shamela0011417,27,1,333,221,74
2748,1070,1481,Sham19Y0145212,3535,1070,1377,239,73
2748,575,724,Rafed0000185Vols,877,1168,1343,104,69
2748,1142,1481,Sham19Y0017791,1985,1037,1466,247,73
2748,988,1481,Sham19Y0017791,1986,234,818,234,40
2748,1070,1473,Shamela0010826,53,108,461,235,71
2748,1283,1449,Sham19Y0132524,1352,430,616,131,89
2748,988,1478,Shamela0012399,2160,687,1171,238,47
2748,1146,1473,JK000917,886,537,818,198,75
2748,988,1481,JK001303,619,752,1197,224,49
2748,1156,1481,Shamela0036446,1254,489,927,226,63
2748,1070,1481,JK000130,663,406,784,223,62
2748,1142,1481,JK000585,144,613,1080,242,65
2748,1142,1481,JK009408,2468,363,839,242,64
2748,1224,1423,Sham19Y0013605,4406,182,360,139,88
2748,988,1481,Sham19Y0018144,1878,645,1115,236,48
2748,988,1478,JK001503,1796,19,503,238,47
2748,1142,1481,Sham19Y0013614,800,486,914,248,73
2748,1182,1423,JK000110,1651,19,520,169,41
2748,1156,1381,JK000148,1203,173,359,138,78
2748,581,788,Shamela0023833,858,1089,1427,136,49
2748,1142,1481,Shamela0028107,433,689,1178,242,63
2748,1070,1374,Shamela0021479,74,1014,1455,187,54
2748,988,1481,Shamela0010803,45,134,583,241,50
2748,1142,1478,JK007048,44,754,1210,234,64
2748,581,819,Shamela0004445,2149,792,1186,142,41
2748,1035,1481,Shamela0004445,2943,575,1103,275,64
2748,1156,1481,Shamela0026655,5,1,307,212,76
2748,988,1481,Shamela0030294,26,581,1077,241,46
2748,1224,1478,Sham19Y0006684,1703,6,275,197,91
2748,988,1423,Sham19Y0016584,4136,240,869,156,23
2748,1142,1435,JK007045,807,1139,1475,207,75
2748,581,724,JK009313,2712,1180,1326,99,77
2748,1070,1473,JK009313,4265,964,1415,231,62
2748,581,788,Shamela0010283,3735,1085,1388,136,54
2748,581,724,Masaha002028Vols,1672,1242,1388,99,77
2748,1070,1481,JK000415,297,138,480,232,69
2748,581,718,Shamela0023653,599,679,829,94,72
2748,1142,1481,Sham19Y0122257,3310,1046,1461,247,75
2748,1142,1423,Shamela0005756,13958,550,1109,193,43
2748,1142,1481,JK006851,562,600,1011,238,72
2749,1,150,Shamela0010826,53,224,610,78,22
2749,1,329,JK001303,619,990,1443,156,36
2749,1,150,JK000585,144,847,1275,79,21
2750,604,1026,Shamela0001002,1163,254,1083,290,43
2755,1150,1265,Shamela0001002,285,12,127,92,100
2756,1000,1122,Hindawi051971317,226,878,1001,89,91
2756,1000,1102,Shia003634Vols,316,547,649,81,100
2756,977,1102,Shia003634Vols,626,178,311,91,86
2756,1000,1102,ShamAY0000454,185,525,893,81,27
2756,1000,1122,Sham19Y0145210,1637,912,1035,89,91
2756,1000,1102,JK010638,53,1395,1497,81,100
2756,1000,1102,Hindawi013957902,66,780,882,81,100
2756,1000,1102,JK010778,37,1156,1258,81,100
2756,1000,1122,Hindawi017291520,15,20,143,89,91
2756,1000,1102,JK006900,600,316,418,81,100
2756,1000,1102,Shamela0035100,5550,76,178,81,100
2756,1000,1122,Sham19Y0000259,1126,1214,1336,88,91
2756,1000,1102,Shamela0010548,682,519,621,81,100
2756,1000,1102,JK001305,342,540,642,81,100
2756,1000,1102,Sham19Y0148534,41,679,781,81,100
2756,1000,1122,JK009365,260,246,369,88,91
2756,1000,1102,JK007610,26,828,930,81,100
2756,1000,1102,JK006908,77,270,372,81,100
2756,995,1102,Shia002374Vols,291,778,885,84,99
2756,1000,1122,Hindawi082959503,234,181,304,89,91
2756,1000,1102,GRAR000032,32,606,708,81,100
2756,1000,1102,Sham19Y0013226,200,510,612,81,100
2756,1000,1148,Shia003636Vols,3513,876,1030,93,75
2756,1000,1102,Shia003636Vols,12334,38,140,81,100
2756,1000,1102,Shamela0010283,1051,516,618,81,100
2756,1000,1102,Shamela0006743,9,1123,1225,81,100
2756,1000,1102,Shamela0011790,2272,964,1066,81,100
2758,220,432,Shamela0006687,342,128,546,149,43
2758,220,432,Shamela0011790,1397,140,547,149,44
2759,74,312,Shia001432Vols,20069,1053,1302,153,72
2759,62,288,JK000791,750,698,904,131,70
2759,74,288,Tafsir02102,1779,1195,1424,169,93
2759,69,288,Shia004049,172,474,701,171,95
2759,62,288,ShamAY0033108,634,41,299,153,70
2759,74,312,Rafed0003257Vols,2392,74,323,154,73
2759,77,288,Shamela0021766,1567,1005,1215,148,85
2759,69,288,Meshkat00057178,1462,135,371,150,75
2759,62,288,Tafsir02091,809,177,435,153,70
2759,74,263,Zaydiyya0000062,538,1397,1579,136,88
2759,74,410,Shamela0012820,177,547,825,161,55
2759,74,288,Rafed0001713Vols,833,351,575,157,86
2759,74,410,JK009268,1946,1018,1332,185,65
2759,50,288,Shamela0001385,117,164,376,128,64
2759,69,288,Tafsir09083,463,823,1071,153,78
2759,74,410,JK001492,338,346,667,172,58
2759,74,296,JK007054,649,282,494,130,70
2759,346,519,JK007054,725,1308,1506,106,60
2759,341,627,Sham19Y0123665,1812,377,650,146,53
2759,91,498,JK000906,3166,589,934,174,52
2759,74,410,JK001496,669,812,1123,190,68
2759,74,288,Tafsir04056,2901,468,682,140,73
2759,341,623,Shamela0012399,3761,1023,1426,179,52
2759,341,627,Shamela0012399,3762,108,698,149,30
2759,341,531,JK000010,80,1388,1599,122,64
2759,479,750,JK000010,81,454,739,163,61
2759,74,228,Masaha000554Vols,1627,1451,1623,111,76
2759,62,239,Tafsir05047,256,1373,1547,126,86
2759,341,627,JK000585,976,319,595,146,53
2759,479,750,JK000105,1089,906,1191,163,61
2759,341,578,JK000105,1089,227,500,156,66
2759,341,627,JK001503,3586,475,746,145,53
2759,62,498,JK000583,650,127,494,208,61
2759,341,623,Shamela0028107,687,60,458,178,52
2759,74,228,Tafsir04003,1552,1343,1509,111,78
2759,341,623,JK007013,1,82,387,187,75
2759,74,288,Tafsir01005,2373,151,381,150,75
2759,74,259,Shamela0001466,785,1349,1546,145,93
2759,69,288,JK007084,1036,371,584,134,66
2759,59,288,Shamela0023578,1204,101,355,155,74
2759,74,410,Sham19Y0020891,2094,1150,1461,190,68
2759,336,623,Sham19Y0132416,139,1124,1452,161,55
2759,74,288,Meshkat00042485,2827,1157,1379,144,76
2759,373,623,Shamela0001717,4002,517,775,163,75
2759,77,288,ShamAY0034059,1715,942,1176,147,75
2759,341,623,Noorlib0025675,47,911,1406,181,44
2759,77,288,ShamIbadiyya0000075,268,1168,1349,130,75
2759,349,631,JK000415,410,225,624,170,51
2759,77,288,JK000876,446,1304,1507,148,85
2759,59,498,Shamela0001535,2673,38,432,219,59
2760,907,1336,Shia001432Vols,20458,171,634,185,45
2760,829,1023,Shamela0021715,8758,239,403,120,73
2760,1,287,Hindawi092024806,46,719,1008,218,93
2760,907,1441,JK000166,7755,670,1194,208,42
2760,1,571,JK000676,528,1064,1635,455,99
2760,571,814,JK000676,529,1,244,190,98
2760,863,1374,ShamAY0033561,163,470,1067,382,77
2760,1113,1434,Shamela0026568,860,40,459,160,46
2760,863,1374,JK000010,21,667,1261,393,81
2760,264,628,Shamela0000432,4344,559,733,137,47
2760,863,1243,JK000105,1029,1142,1520,301,98
2760,1,814,Shamela0012320,556,646,1461,648,99
2760,907,1336,JK000201,2800,458,918,186,46
2760,17,258,ShamAY0037152,43,138,378,191,97
2760,1,814,Hindawi092914940,374,26,884,579,77
2761,78,577,JK001198,95,1119,1499,206,49
2761,78,565,JK001160,386,528,1491,283,34
2761,203,492,JK000105,1071,193,446,121,42
2761,83,574,JK000583,649,729,1515,281,41
2761,385,584,JK001271,35,558,1060,157,38
2762,1,121,JK000222,30,1153,1542,87,28
2763,1035,1217,Shamela0006687,334,393,665,117,50
2763,1035,1217,Hindawi017083713,92,1264,1518,110,49
2763,1035,1217,Sham19Y0026523,2038,1367,1628,113,49
2763,986,1217,Hindawi018197281,19,5,357,129,43
2764,684,1279,Shamela0006687,332,183,946,344,50
2764,588,1279,Shamela0026336,142,514,1310,457,64
2764,588,1279,Sham19Y0026523,3184,704,1498,456,67
2764,588,1098,Kraken220308195636,195,446,1037,295,60
2764,588,1059,Hindawi018197281,5,995,1703,332,56
2764,1059,1279,Hindawi018197281,6,1,236,175,91
2764,1388,1653,Hindawi018197281,119,989,1444,136,35
2765,1,259,ShamAY0032247,29,975,1548,189,40
2765,154,309,Hindawi040948193,136,1,239,85,38
2765,1,313,JK000410,159,711,1327,240,48
2765,1,313,Sham19Y0148529,111,643,1257,237,47
2765,79,313,Hindawi018197281,120,1,385,182,59
2766,1432,1669,Sham19Y0017729,297,881,1192,111,33
2766,1432,1659,JK000080,695,165,633,132,34
2766,1432,1659,JK000961,369,1045,1481,131,37
2766,1432,1669,Sham19Y0017903,576,211,526,111,33
2768,627,772,JK009152,1399,286,427,111,93
2768,607,764,Sham19Y0023608,57,701,1262,116,25
2768,476,764,JK007083,189,360,562,128,55
2768,476,764,Sham19Y0018176,1928,1216,1422,129,55
2768,627,764,Sham19Y0127656,630,47,179,107,96
2768,627,764,Sham19Y0018106,3292,500,632,107,96
2768,462,764,Shamela0009111,114,971,1189,134,55
2768,636,764,Shia002261Vols,44,1197,1330,97,90
2768,627,764,Sham19Y0013252,7494,1043,1175,107,96
2768,476,764,JK001492,214,1233,1443,129,55
2768,627,764,JK009324,2411,53,185,107,96
2768,636,764,Sham19Y0127677,311,1179,1312,97,90
2768,636,764,Sham19Y0022884,210,409,532,99,96
2768,636,764,JK007111,1145,1294,1427,97,90
2768,636,764,JK009274,146,818,951,97,90
2768,627,772,Sham19Y0038171,972,290,444,110,88
2768,627,764,Shamela0010517,176,1,138,111,100
2768,627,764,Shamela0010517,2150,1,138,111,100
2768,636,764,JK009390,301,397,530,97,90
2768,636,764,Sham19Y0122096,551,1275,1408,97,90
2768,636,764,Sham19Y0013605,3819,714,837,99,96
2768,476,764,JK000110,1396,283,489,129,55
2768,462,764,Shamela0096283,377,900,1118,134,55
2768,636,764,Hindawi071608050,272,144,267,99,96
2768,462,764,Sham19Y0017747,1513,807,1025,131,54
2768,627,764,Hindawi015197275,133,1423,1555,107,96
2768,636,764,Shamela0001438,668,1448,1581,97,90
2768,636,764,Shamela0006610,771,488,616,93,91
2768,612,764,Sham19Y0016684,1710,1400,1547,114,92
2768,627,772,ShamIbadiyya0000075,145,339,491,107,84
2768,627,764,ShamAY0035035,3831,156,302,108,91
2768,476,772,Shamela0005756,12530,421,639,135,56
2769,1496,1638,Sham19Y0029560,1018,561,884,110,42
2769,1485,1638,Shamela0012398,830,162,511,118,41
2769,895,1048,JK001420,237,1168,1315,105,84
2769,564,1027,Shamela0000432,5618,1051,1580,171,35
2769,1485,1638,Shamela0001000,75,1102,1451,119,42
2769,1496,1638,Shamela0006743,314,645,923,109,48
2769,1485,1638,Hindawi096809026,118,99,448,119,42
2770,973,1168,JK000927,205,953,1216,142,67
2770,589,750,Shamela0009788,1685,24,185,129,100
2772,8,233,Shamela0008460,380,1248,1544,84,26
2772,14,305,JK000150,3959,191,580,120,30
2772,26,305,Shamela0012415,782,1071,1394,94,25
2772,14,305,Shamela0010614,213,408,765,124,34
2772,14,305,Shamela0007853,218,888,1241,128,34
2772,8,305,Sham19Y0014442,3251,1096,1470,137,35
2772,8,299,Hindawi068305130,302,1089,1443,134,36
2772,8,305,Shamela0026484,473,982,1354,135,35
2772,14,299,JK008001,1950,694,1211,129,27
2772,14,269,Shamela0004473,7050,1109,1562,115,26
2772,8,305,Shamela0021735,761,1051,1409,136,36
2772,8,305,JK001412,122,572,942,134,35
2772,14,299,Shamela0006947,2879,513,1020,129,27
2772,14,305,Hindawi079072819,196,1051,1399,116,32
2772,14,299,JK000365,1354,443,946,128,26
2772,14,305,Shamela0010013,167,568,921,121,32
2772,165,299,ShamAY0038630,276,998,1133,107,98
2772,143,299,ShamAY0038630,316,155,327,113,82
2772,8,292,JK009261,58,566,910,111,29
2772,14,299,JK000471,1639,394,741,121,33
2772,14,299,JK000094,73,170,683,128,26
2772,14,299,Sham19Y0127677,3093,146,661,129,26
2772,8,305,Shamela9007669,752,927,1295,132,35
2772,8,305,Shamela0008657,350,279,643,125,33
2772,14,305,Shamela0023790,57,837,1199,116,31
2772,14,305,Shamela0021719,5,270,440,119,52
2772,14,305,Hindawi084858130,75,703,1060,131,35
2772,14,233,JK009390,4153,974,1417,81,19
2772,14,305,JK009325,173,547,902,132,36
2772,14,305,Sham19Y0013783,3535,1064,1420,133,36
2772,172,305,Shamela0008505,7,137,271,102,95
2772,14,305,Shamela0012320,233,810,1173,129,34
2772,14,305,JK000123,1347,545,1038,138,30
2772,14,305,Shamela0022881,77,848,1211,129,34
2772,8,305,JK009138,759,452,819,126,33
2772,14,305,Sham19Y0014325,6441,1070,1471,126,31
2772,26,305,Shamela0023789,54,364,703,102,29
2772,14,305,JK001020,84,142,498,124,33
2772,14,305,GVDB20200219,7,700,1084,120,31
2772,14,305,Hindawi026382506Vols,190,447,809,128,34
2772,14,305,Shamela0003118,3660,640,984,117,32
2772,14,299,Shamela0001438,5178,82,599,129,26
2772,8,305,JK000477,931,555,919,126,33
2772,14,305,JK000477,932,389,760,120,31
2772,14,305,ShamIbadiyya0000185,2114,133,488,122,33
2772,8,305,Hindawi013538483,553,919,1293,138,36
2772,14,305,Sham19Y0131336,1610,305,657,121,32
2772,8,299,Shamela0001717,2865,563,1007,134,30
2772,8,305,Shamela0010283,1369,761,1128,138,36
2772,14,305,JK000916,12033,197,541,119,32
2772,14,299,JK000916,12034,94,608,129,27
2772,14,305,Hindawi030807493,99,902,1260,131,35
2772,8,305,Sham19Y0018608,655,730,1105,124,32
2773,1038,1302,JK000906,7824,1037,1324,144,52
2773,699,1333,Hindawi025273163,94,12,279,215,42
2773,1038,1426,Shamela0010517,2008,519,911,308,97
2773,1038,1434,JK000917,1215,1093,1474,299,93
2773,1038,1426,Sham19Y0095660,1335,268,653,301,94
2773,1038,1426,Sham19Y0095660,1336,562,947,301,94
2773,993,1528,Tafsir01005,4339,777,1254,326,70
2773,1038,1256,Shamela0023591,5335,1326,1494,124,72
2774,967,1602,JK010552,256,460,1210,343,50
2774,1229,1571,Sham19Y0023644,4471,1,545,166,38
2774,967,1602,Shamela0000736,3693,257,984,356,54
2774,982,1602,Shamela0005355,104,621,1308,347,58
2774,967,1602,Shamela0012406,2198,465,1196,357,54
2774,928,1602,Hindawi061571979,7,1,696,402,66
2774,1008,1602,Shamela0003118,5454,319,934,324,57
2774,967,1602,Shia003636Vols,11269,483,1097,302,47
2774,967,1602,JK000916,18893,769,1512,350,52
2775,357,1563,JK010552,257,205,1513,523,45
2775,387,1579,Shamela0000736,3694,9,1310,578,52
2775,285,1485,Shamela0005355,105,121,1520,538,44
2775,357,1573,Shamela0012406,2199,155,1505,581,51
2775,1,200,Hindawi061571979,7,696,1002,130,54
2775,490,1579,Shamela0003118,5455,71,1229,492,47
2775,485,1579,Shia003636Vols,11270,10,838,358,36
2775,693,1579,ShamAY0035792,95,623,1483,295,33
2775,17,1191,JK000916,18894,6,1397,508,42
2776,610,1207,Sham19Y0146127,1892,1,508,285,52
2776,355,1207,Shamela0012415,387,636,1484,475,58
2776,355,1182,Kraken230106005528,993,593,1530,437,51
2776,435,1207,Shamela0000894,2791,15,902,454,58
2776,355,1207,Shamela0000894,3113,18,912,480,59
2776,355,1197,JK000533,1884,436,1156,399,50
2776,359,1207,JK009152,1260,195,980,427,52
2776,355,1207,Shamela0026039,143,397,1277,502,61
2776,349,1207,JK008001,5611,267,1103,473,58
2776,359,1207,Shamela0021735,984,92,990,516,64
2776,491,1238,JK000147,1467,55,727,386,56
2776,359,975,Sham19Y0013241,1144,930,1474,300,54
2776,975,1207,Sham19Y0013241,1145,1,285,142,56
2776,355,538,Shamela0005803,244,1162,1383,117,63
2776,355,1120,JK007132,3242,700,1471,409,55
2776,355,1001,Shamela0026566,25,884,1448,340,58
2776,996,1207,Shamela0026566,26,1,259,154,74
2776,349,1188,Sham19Y0127677,3064,667,1486,451,57
2776,359,1207,ShamAY0034282,2502,614,1425,446,55
2776,355,1207,Shamela0012399,2754,219,1184,511,59
2776,359,663,Shamela0012399,2758,781,1523,223,36
2776,992,1201,Shamela0012399,2761,1142,1508,154,52
2776,355,1127,JK009137,1993,749,1528,426,57
2776,355,652,Shamela0010517,1581,1222,1570,219,74
2776,652,1207,Shamela0010517,1582,1,540,296,57
2776,355,1207,Shamela0010517,1741,318,1204,512,63
2776,355,482,Shamela0010517,1850,1411,1537,85,77
2776,491,1207,Shamela0010517,1851,47,747,428,66
2776,355,1021,JK009336,2828,912,1542,360,58
2776,1021,1207,JK009336,2829,1,252,148,74
2776,359,1096,Hindawi084858130,77,853,1553,390,55
2776,349,513,JK009390,4571,1211,1441,108,60
2776,513,1207,JK009390,4572,1,633,382,59
2776,1207,1529,Sham19Y0095660,1,132,488,260,90
2776,359,1021,Shamela0036446,555,971,1542,341,56
2776,355,569,JK000281,4125,1233,1514,154,69
2776,569,1226,JK000281,4126,1,622,338,56
2776,497,1207,JK000484,3573,1,697,391,60
2776,359,756,Shamela0002863,1440,1029,1420,216,59
2776,777,1207,Shamela0002863,1441,9,422,214,52
2776,355,1207,JK001503,2676,436,1324,510,63
2776,355,732,Shamela0028107,549,1021,1407,236,66
2776,732,1207,Shamela0028107,550,1,496,277,61
2776,359,801,Zaydiyya0000361,836,1120,1515,227,57
2776,912,1207,Zaydiyya0000361,837,1,304,177,61
2776,359,1207,Shamela0003118,4233,216,1028,475,58
2776,359,1242,ShamAY0035950,336,355,1237,451,53
2776,339,1207,Shamela0001438,4965,260,1106,476,58
2776,359,1207,JK000272,752,553,1329,432,55
2776,355,1041,Sham19Y0006684,2864,834,1487,387,62
2776,1041,1207,Sham19Y0006684,2865,1,232,132,71
2776,575,1207,Zaydiyya0000054,327,4,536,306,53
2776,762,1163,Shamela0021721,2106,484,930,184,46
2776,435,801,JK000754,1875,881,1521,227,41
2776,1071,1207,JK000754,1876,803,1143,108,40
2776,889,1075,JK000754,1876,39,359,120,47
2776,359,622,Shamela0001717,1704,1266,1587,185,69
2776,622,1207,Shamela0001717,1705,1,514,289,55
2776,359,1207,JK000494,194,565,1426,443,54
2776,388,1207,JK000916,14416,1,786,451,57
2776,359,957,Sham19Y0149697,7830,1010,1534,304,55
2776,957,1207,Sham19Y0149697,7831,1,311,180,68
2776,359,1207,Sham19Y0018146,507,619,1372,395,49
2776,877,1207,Hindawi082068526,190,479,735,152,54
2777,1217,1443,Shamela0001002,378,605,851,156,75
2777,1,1144,Sham19Y0095660,1,488,1631,934,100
2777,1144,1592,Sham19Y0095660,2,1,449,357,100
2777,1217,1443,Sham19Y0095660,60,29,253,161,85
2778,1,1089,Sham19Y0095660,2,449,1539,878,99
2778,1089,1590,Sham19Y0095660,3,1,503,408,99
2779,1,1154,Sham19Y0095660,3,503,1655,940,99
2779,1154,1325,Sham19Y0095660,4,1,172,142,100
2783,397,669,JK000927,2715,863,1122,207,94
2783,394,669,Kraken22021606121201,1096,922,1383,174,44
2784,935,1055,Shamela0011788,151,1218,1338,91,92
2784,1328,1437,Shia002185Vols,3378,1427,1535,74,85
2784,1328,1442,JK010729,70,773,886,78,86
2784,1328,1437,JK007514,4,538,648,87,99
2784,1446,1564,Shia002378,109,239,357,93,100
2784,1328,1437,Shamela0026484,203,403,511,75,86
2784,1328,1442,Sham19Y0017879,959,1021,1133,77,85
2784,1328,1437,Sham19Y0020762,398,199,403,75,46
2784,1328,1437,Sham19Y0020762,1987,1176,1284,75,86
2784,1437,1564,Sham19Y0000760,1144,687,821,99,94
2784,1328,1437,ShamAY0037109,29,1392,1500,75,86
2784,1328,1437,JK010747,199,40,148,74,85
2784,1328,1437,Sham19Y0000259,474,177,286,87,100
2784,1328,1437,Hindawi038246146,66,408,517,87,100
2784,15,146,Hindawi063950852,134,42,217,86,59
2784,15,146,JK000927,213,958,1152,86,53
2784,1328,1437,Sham19Y0029676,791,1451,1560,87,100
2784,1328,1437,ShamAY0033733,81,239,348,87,100
2784,1437,1564,ShamAY0033733,82,999,1126,100,100
2784,1437,1564,JK001099,546,172,299,100,100
2784,1328,1437,JK001099,553,1441,1550,87,100
2784,1328,1437,Sham19Y0014786,19,1066,1172,75,86
2784,1328,1437,JK000974,110,326,434,75,86
2784,27,146,JK010768,113,1171,1354,78,51
2784,1446,1564,Sham19Y0016435,371,240,358,93,100
2784,1328,1437,Sham19Y0016435,375,1055,1362,87,35
2784,1437,1564,Shamela0010508,23,211,347,96,90
2784,942,1105,JK000001,1141,983,1174,111,73
2784,1437,1564,Shamela0026536,937,1165,1291,99,99
2784,1328,1437,JK010473,47,928,1037,87,100
2784,1328,1437,Masaha003390Vols,538,642,750,75,86
2787,1404,1568,JK010729,73,521,712,121,78
2787,1410,1568,Shamela0098087,162,554,727,118,85
2787,1023,1176,JK000365,593,1175,1347,108,73
2787,1404,1568,JK000021,2976,96,290,118,75
2787,1404,1568,ShamAY0035000,260,81,295,118,69
2787,1404,1568,JK010768,5,212,411,127,79
2787,1404,1568,Shamela0003118,3432,598,819,117,65
2787,1404,1568,JK000916,11106,544,761,115,65
2787,1410,1568,JK000001,1957,956,1139,125,85
2787,1404,1568,ShamAY0034809,521,77,272,117,75
2788,1113,1296,Shamela0005406,24,1173,1341,125,85
2789,225,330,Sham19Y0029560,544,1121,1226,82,100
2789,198,355,Shamela0006947,14287,529,678,98,79
2789,211,334,Shamela0011056BK3,25,1123,1249,89,91
2789,211,330,Shamela0023789,151,583,716,92,88
2789,211,330,Shamela0004445,4772,44,166,91,95
2789,211,330,Shamela0005406,220,443,576,92,88
2790,1037,1151,Shamela0023789,129,427,544,86,94
2790,1041,1151,Shamela0010283,575,486,599,85,96
2793,1246,1371,Shamela0005433,51,1213,1347,90,85
2794,993,1115,ShamAY0002038,303,1230,1347,92,93
2794,993,1115,ShamIbadiyya0000109,7279,929,1045,92,94
2794,997,1115,JK000001,1821,972,1084,89,94
2795,621,819,Shia003634Vols,1303,340,616,108,46
2795,294,473,Shamela0000894,7263,492,665,120,82
2795,299,478,Shia002185Vols,3241,79,304,133,75
2795,284,406,Shamela0012286,2867,1350,1467,91,94
2795,299,406,Rafed0002679Vols,388,220,327,82,97
2795,1388,1520,Hindawi068305130,445,354,486,104,100
2795,261,406,Shamela0023788,305,807,955,99,81
2795,299,473,ShamAY0032251,59,668,945,133,60
2795,299,406,JK007044,5241,1401,1508,82,97
2795,299,473,JK010611,89,1145,1422,132,60
2795,299,478,Masaha004524,49,168,449,130,59
2795,365,478,Masaha004524,74,1,215,83,49
2795,299,473,Sham19Y0020762,2301,673,943,129,60
2795,277,473,Sham19Y0000760,106,476,889,133,41
2795,277,406,Shamela0010551,418,472,602,90,85
2795,299,473,JK010743,44,989,1266,133,60
2795,299,473,JK003609,652,444,554,87,62
2795,299,406,Hindawi046946197,131,1358,1465,85,100
2795,299,406,JK000927,3605,957,1177,83,47
2795,1388,1520,Sham19Y0029676,885,1313,1449,104,97
2795,299,473,JK000919BK1,231,849,1178,133,51
2795,99,201,Shamela0023790,16,353,455,81,100
2795,299,406,JK001099,359,757,864,85,100
2795,299,473,Kraken22021606121201,1365,128,237,87,62
2795,299,473,JK009325,254,714,937,129,73
2795,621,819,Shamela0001000,947,253,523,108,47
2795,299,406,Shamela0000558,294,1361,1468,82,97
2795,277,473,Sham19Y0148535,141,261,767,138,34
2795,299,473,Shamela0009752,14,450,724,127,57
2795,294,418,ShamAY0036197,11,303,422,83,81
2795,1388,1520,Shamela0023789,27,131,268,101,94
2795,247,473,Shamela0006944,119,171,410,137,61
2795,299,473,Sham19Y0016435,246,78,518,130,36
2795,299,473,JK010766,479,543,876,128,48
2795,299,473,JK006907,106,6,335,133,51
2795,299,473,Hindawi094061468,281,19,296,133,60
2795,1388,1520,Hindawi059250728,72,104,236,104,100
2795,1388,1520,Shamela0010283,1229,916,1048,104,100
2795,299,473,JK010473,47,508,729,130,72
2796,242,368,Shamela0023790,220,1258,1421,94,72
2796,242,368,JK007082,320,1119,1282,92,73
2796,242,368,JK000583,363,22,191,92,70
2796,242,368,JK000916,17605,628,791,92,73
2800,502,629,JK009152,885,826,987,93,72
2800,502,629,Shamela0021544,25,1042,1208,94,72
2800,576,780,Shamela0021735,898,1,261,98,39
2800,502,629,ShamAY0034282,2449,1215,1347,92,89
2800,502,629,ShamAY0034282,2450,41,207,94,72
2800,502,629,JK000021,1069,1149,1278,90,87
2800,502,629,Shamela0012399,3971,291,420,95,93
2800,502,629,JK000130,544,187,323,95,88
2800,502,629,JK001503,3761,459,588,95,93
2800,502,621,Sham19Y0014462,121,1333,1454,89,93
2800,502,629,JK007116,37,414,543,95,93
2800,502,629,Sham19Y0006684,4319,1037,1163,93,91
2800,502,629,JK007117,975,414,543,95,93
2801,441,618,Shamela0009773,2600,96,350,83,34
2801,464,629,Shamela0012981,1680,30,242,85,47
2801,1338,1456,JK007617,9,322,440,94,99
2801,1338,1456,Shamela0023790,189,19,137,95,100
2801,435,629,Sham19Y0013783,2398,924,1304,125,38
2801,425,603,JK009362,1203,905,1173,120,53
2802,308,565,Masaha004092,282,279,927,149,27
2802,429,565,Shamela0001002,1387,1168,1304,109,99
2804,124,316,JK000150,831,874,1052,141,90
2804,124,316,Sham19Y0001729,1150,660,846,150,95
2804,104,321,Shamela0010541,124,1080,1258,126,68
2804,104,316,Sham19Y0133357,709,327,500,137,78
2804,124,316,Shamela0000894,2143,475,656,147,93
2804,100,316,JK009152,875,193,394,155,88
2804,124,316,Tafsir09084,1109,110,291,147,93
2804,124,316,JK008001,2229,411,564,120,76
2804,124,316,Shamela0000041,345,957,1144,150,94
2804,124,316,JK000465,1551,1330,1511,147,93
2804,104,274,Shamela0010835,183,1237,1397,123,88
2804,124,316,Sham19Y0122406,1435,570,751,147,93
2804,104,316,ShamAY0034005,375,848,1038,150,86
2804,104,321,Sham19Y0127713,1629,742,938,150,85
2804,124,316,Shia002261Vols,350,361,514,120,76
2804,124,316,Tafsir02094,1623,733,915,145,93
2804,124,316,Sham19Y0017616,137,1207,1388,147,93
2804,124,316,Sham19Y0017729,161,893,1074,146,92
2804,104,259,Shamela0009759,261,1447,1602,112,88
2804,124,413,Shamela0001875,603,733,1026,175,64
2804,124,420,Shamela0001727,532,334,810,179,42
2804,100,316,Shia002069Vols,788,882,1095,143,76
2804,124,316,Sham19Y0123665,1753,543,725,148,93
2804,124,295,ShamAY0033910,538,1090,1531,124,32
2804,124,316,Sham19Y0127677,1762,940,1093,120,76
2804,124,316,Sham19Y0132524,868,807,988,147,93
2804,124,316,Shamela0012399,3677,288,481,157,99
2804,124,316,JK009274,773,992,1165,117,68
2804,104,274,Shamela0030592Vols,181,1293,1453,123,88
2804,104,316,JK000977,903,1164,1355,149,86
2804,124,316,JK009390,1824,730,884,120,76
2804,128,321,Shamela0009804,324,1,183,142,90
2804,124,316,JK000130,539,1303,1476,141,89
2804,173,330,JK000585,3213,1,161,123,94
2804,124,316,Sham19Y0122096,3373,853,1006,119,76
2804,124,316,JK001503,3522,1299,1492,157,99
2804,116,304,JK009318,50,1430,1581,114,73
2804,152,316,Shamela0028107,678,1,169,134,97
2804,124,316,Shamela0037458,1603,492,673,147,93
2804,79,316,JK009138,560,457,673,155,81
2804,104,321,Shamela0021479,159,989,1185,151,84
2804,124,316,Sham19Y0014462,119,376,569,157,99
2804,124,316,JK007116,34,676,849,140,88
2804,124,316,Shamela0001438,3215,320,473,120,76
2804,124,316,Sham19Y0006684,4146,836,1029,157,99
2804,104,316,Sham19Y0131336,1134,1240,1431,151,87
2804,124,316,JK007117,921,625,798,140,88
2804,124,316,Sham19Y0017903,368,508,689,147,93
2804,104,316,JK000485,1204,1128,1314,147,85
2804,124,316,ShamAY0035035,2219,315,496,145,92
2804,104,316,Sham19Y0149697,2153,382,559,137,77
2804,100,316,Shamela0009429,4042,374,552,136,74
2804,124,316,Shamela0008473,2272,438,619,147,93
2804,124,316,Shamela0021659,1015,870,1023,120,76
2806,1405,1554,Shamela0021715,10150,206,355,119,100
2806,1385,1554,Sham19Y0127656,775,21,209,121,81
2806,1405,1564,Sham19Y0018103,3906,79,243,120,92
2806,1405,1544,Shamela0006947,16648,1424,1558,107,96
2806,1405,1554,Sham19Y0013252,9701,1249,1398,119,100
2806,1405,1554,Shamela0001875,1219,651,800,119,100
2806,1405,1559,ShamIbadiyya0000438,1236,335,484,116,94
2806,1405,1554,Shamela0007435,716,106,259,115,91
2806,1405,1554,Hindawi025273163,120,540,688,115,94
2806,1405,1559,JK000110,1769,605,766,122,95
2806,1405,1554,Sham19Y0013667,6507,1251,1400,119,100
2806,1405,1559,Sham19Y0016584,4411,598,760,119,92
2806,1405,1554,Shamela0000767,4803,1264,1417,119,97
2806,1405,1554,ShamIbadiyya0000109,7300,226,370,112,94
2806,1405,1559,Sham19Y0016684,1918,1278,1431,119,96
2806,1405,1554,Shamela0005756,14563,1156,1305,119,100
2807,795,936,JK006950,2396,1386,1612,102,58
2807,1286,1500,JK006950,2397,605,903,167,70
2807,267,766,Tafsir02102,905,355,1353,263,29
2807,795,993,Tafsir02102,906,186,472,144,61
2807,1286,1474,Tafsir02102,906,1039,1226,146,97
2807,267,606,JK001103,12,1144,1510,210,69
2807,1286,1448,JK001103,13,1471,1616,115,89
2807,267,593,Hindawi073920283,160,343,650,205,75
2807,332,593,Sham19Y0017437,1599,769,1161,173,53
2807,267,603,JK000008,1,361,856,235,58
2807,1286,1500,JK000008,2,1209,1505,168,71
2807,795,993,JK000008,2,377,659,149,66
2807,267,603,JK000381,8090,507,1004,232,57
2807,1286,1474,JK000381,8091,1303,1490,146,98
2807,795,993,JK000381,8091,473,755,148,66
2807,271,593,Shamela0008353,884,1009,1472,219,57
2807,236,788,Sham19Y0036111,10,463,1090,169,26
2808,1,167,JK006950,2397,903,1069,130,98
2808,1,167,Tafsir02102,906,1334,1500,130,98
2808,1,167,JK001103,14,135,302,130,97
2808,1302,1580,JK000022,1472,405,682,163,70
2808,1055,1328,Shamela0026484,166,1052,1266,80,31
2808,1068,1524,ShamIbadiyya0000433,300,1030,1492,248,66
2808,22,167,JK000008,3,1,146,117,100
2808,1,167,JK000381,8092,54,220,130,98
2808,1302,1580,Kraken220218125255,147,797,1092,159,63
2808,1068,1529,Shamela0006706,108,423,864,166,37
2808,1055,1584,Shia003636Vols,10948,448,979,300,69
2808,1295,1512,Shia003675Vols,1147,516,1098,135,29
2808,1,167,Sham19Y0036111,12,600,763,124,92
2809,447,1192,Shia002942,242,166,898,442,70
2809,385,1192,JK000022,1473,14,837,498,71
2809,447,821,Shamela0021493,292,1261,1512,136,45
2809,821,1192,Shamela0021493,293,6,416,262,76
2809,195,1192,JK009306,45,1,1032,482,46
2809,385,1027,ShamIbadiyya0000433,301,840,1468,402,72
2809,1,392,ShamIbadiyya0000433,301,57,424,250,81
2809,1032,1282,ShamIbadiyya0000433,302,1,267,182,84
2809,385,665,Shamela0010452,322,1161,1400,148,64
2809,746,1192,Shamela0010452,323,6,500,319,78
2809,723,957,JK001030,260,416,826,141,39
2809,447,1192,Sham19Y0145212,3927,352,1099,454,72
2809,1,392,Shamela0003722,2307,447,825,231,72
2809,572,1192,Shamela0003722,2308,11,635,376,70
2809,385,1226,Kraken220218125255,148,392,1308,453,55
2809,385,889,Kraken220413030759,739,958,1468,270,61
2809,889,1192,Kraken220413030759,740,1,340,204,73
2809,343,938,Shamela0009823,141,951,1510,306,60
2809,385,1192,Shamela0010906,1937,497,1201,413,62
2809,385,1202,Shamela0006706,115,287,901,352,47
2809,1,392,Shia003636Vols,10948,979,1350,251,81
2809,385,1263,Shia003636Vols,10949,308,1139,545,74
2809,558,1051,Shia003675Vols,1148,871,1477,254,49
2812,864,1605,Sham19Y0095660,118,860,1621,605,97
2813,1,1502,Sham19Y0095660,119,67,1568,1206,99
2814,1265,1554,JK000132,393,1080,1505,119,31
2814,1265,1575,Sham19Y0001729,890,400,934,133,28
2814,1265,1575,Sham19Y0146127,744,394,902,142,31
2814,1265,1575,Shamela0021715,3313,107,490,145,41
2814,1265,1575,JK000479,136,281,717,112,24
2814,1265,1575,JK007083,122,693,1068,145,41
2814,1265,1575,Sham19Y0018176,430,754,1130,143,41
2814,1265,1575,Sham19Y0018176,801,176,559,145,41
2814,1265,1575,Sham19Y0127656,196,1066,1442,141,40
2814,1265,1575,Sham19Y0018106,782,399,775,143,41
2814,1265,1575,Sham19Y0018106,1460,1108,1491,145,41
2814,1430,1575,ShamIbadiyya0000433,275,1188,1330,101,84
2814,1265,1575,Sham19Y0018103,898,248,624,143,41
2814,1265,1575,Sham19Y0018103,1489,1039,1417,145,41
2814,1265,1575,JK007065,1327,936,1459,137,29
2814,1265,1530,Sham19Y0013252,1759,1142,1474,109,35
2814,1265,1575,Sham19Y0013252,3591,268,651,145,41
2814,1265,1575,Sham19Y0017616,100,37,562,139,30
2814,1265,1575,Shamela0001875,475,199,575,141,40
2814,1265,1575,Shamela0001727,395,30,555,139,30
2814,1355,1575,JK009324,1200,702,1057,135,47
2814,1265,1575,Sham19Y0145212,1030,868,1297,130,32
2814,1265,1575,JK000165,1043,1036,1406,145,42
2814,1265,1575,Shamela0006366,1406,222,602,145,41
2814,1418,1575,Shamela0006366,1408,1038,1338,105,44
2814,1265,1575,Sham19Y0038171,514,185,557,143,41
2814,1265,1575,Shamela0010517,1108,687,1151,149,39
2814,1265,1575,JK009336,1535,581,1106,139,30
2814,1,1575,Sham19Y0095660,120,55,1495,1163,91
2814,1265,1575,Sham19Y0020638,303,445,970,139,30
2814,1368,1575,JK007121,183,647,978,122,46
2814,1265,1575,JK000110,222,883,1259,143,41
2814,1265,1575,JK000110,484,587,970,145,41
2814,1265,1575,Shia000403,51,1053,1431,147,42
2814,1355,1575,JK000720,154,205,663,110,31
2814,1265,1575,Sham19Y0016584,918,543,919,143,41
2814,1265,1575,Sham19Y0016584,1618,26,404,145,41
2814,1265,1561,Shamela0004482,221,1000,1504,128,28
2814,1430,1575,Shia004056,4,78,220,101,84
2814,1265,1575,Sham19Y0016684,765,483,861,145,41
2814,1265,1575,JK000889,29,228,778,137,27
2814,1265,1575,ShamAY0035035,1725,572,943,147,42
2814,1265,1575,Shamela0023685,1220,994,1470,138,32
2814,1265,1575,Shamela0005756,3907,960,1336,143,41
2814,1265,1575,Shamela0005756,6998,953,1330,145,41
2815,1134,1444,JK000132,383,497,918,192,57
2815,1134,1444,Shamela0021715,3308,4,317,235,92
2815,1041,1444,Shamela0012415,155,380,894,212,46
2815,1033,1444,JK000154,669,292,675,252,71
2815,1134,1444,JK001173,386,715,1009,210,82
2815,1134,1444,JK009152,545,996,1318,228,85
2815,1134,1444,Shamela0021766,2543,1090,1402,211,77
2815,1108,1444,Sham19Y0018176,800,730,1108,250,83
2815,920,1444,Sham19Y0127656,196,509,962,289,66
2815,1134,1444,Zaydiyya0000258,153,41,344,210,79
2815,1210,1444,JK000299,455,1,250,183,91
2815,1134,1444,Shamela0021744,530,224,558,239,90
2815,920,1444,Sham19Y0023644,1704,422,816,245,57
2815,1033,1444,Sham19Y0018106,1459,536,937,261,76
2815,1292,1444,JK011153,552,1,155,110,89
2815,926,1444,Shamela0026039,43,719,1209,269,59
2815,1134,1444,JK008001,3050,969,1301,220,77
2815,1193,1444,Shamela0021315,116,1,264,183,81
2815,1134,1444,Noorlib0024469,157,1021,1349,240,92
2815,1164,1444,Shamela0004473,674,1,272,207,91
2815,1134,1444,Shamela0004473,1610,159,484,236,90
2815,1041,1444,Shamela0004473,10141,340,785,269,73
2815,1227,1444,Shamela0012872,165,1,274,163,75
2815,1203,1444,ShamIbadiyya0000433,275,1,244,190,97
2815,936,1438,ShamAY0036481,27,906,1371,268,64
2815,1108,1444,ShamAY0033181,302,359,722,234,78
2815,1134,1434,ShamAY0034005,396,512,865,225,80
2815,1130,1438,Shamela0036569,406,817,1148,222,78
2815,1134,1444,Sham19Y0127713,396,156,447,197,74
2815,920,1444,Sham19Y0018103,1488,982,1465,292,67
2815,1134,1419,JK007065,45,1290,1570,206,85
2815,920,1444,JK007065,917,916,1373,265,53
2815,920,1444,Shia004020,156,49,535,237,47
2815,1134,1367,Shamela0026884,543,399,664,179,83
2815,920,1444,Sham19Y0013252,3590,878,1375,292,67
2815,1152,1444,Sham19Y0013252,3592,1,161,113,49
2815,1134,1444,Sham19Y0013572,96,180,497,223,82
2815,920,1444,Sham19Y0013572,956,185,661,273,62
2815,1252,1444,JK000365,2014,1,195,149,96
2815,1134,1444,JK000471,650,331,647,229,87
2815,920,1338,Shamela0001875,474,1043,1420,195,51
2815,920,1444,JK009324,1200,194,591,260,62
2815,1134,1463,Sham19Y0145212,1037,688,1036,221,76
2815,1235,1444,JK000165,1044,1,212,163,97
2815,1215,1444,Sham19Y0127677,2948,1,230,180,98
2815,1172,1367,Kraken220413030759,131,86,288,147,87
2815,920,1444,JK000021,990,269,817,270,55
2815,1215,1438,Zaydiyya0000161,219,491,681,139,77
2815,1185,1444,Shamela0026568,1076,897,1158,195,92
2815,1134,1444,Shamela0012399,466,273,603,228,83
2815,1134,1444,Shamela0008657,269,1015,1314,219,83
2815,1134,1444,JK000024,45,297,645,240,86
2815,1027,1444,Shamela0010517,727,145,578,265,70
2815,1235,1444,Shamela0010517,1109,1,211,163,97
2815,1240,1444,Shamela0008590,14,1,197,135,78
2815,926,1352,JK009336,1537,1047,1471,180,36
2815,1134,1444,JK009390,4321,421,761,240,88
2815,1134,1444,Shamela0009804,167,857,1148,197,74
2815,65,1547,Sham19Y0095660,121,1,1483,1192,99
2815,920,1434,Sham19Y0020638,303,1050,1509,279,64
2815,926,1444,Shamela0036446,247,868,1365,259,58
2815,1152,1438,Shia003764Vols,793,401,633,170,74
2815,1041,1444,JK000484,1435,452,1085,212,39
2815,1145,1444,JK000484,1436,1,368,230,79
2815,920,1423,Sham19Y0013605,2008,22,483,276,66
2815,1134,1367,JK007121,184,1221,1460,178,94
2815,1134,1444,JK000201,1470,1100,1427,229,84
2815,1193,1444,JK000110,484,1,252,198,98
2815,1134,1438,Sham19Y0016946,290,1105,1414,227,88
2815,1134,1444,Shamela0001397,74,4,309,209,80
2815,926,1444,JK006897,121,691,1159,270,57
2815,1190,1444,Shamela0028107,276,1,259,185,86
2815,1134,1444,ShamIbadiyya0000229,1474,1,296,211,83
2815,1323,1444,ShamIbadiyya0000229,1892,1,127,92,92
2815,1199,1444,Sham19Y0017747,869,1248,1492,185,90
2815,1134,1444,Shia001368,348,389,683,218,84
2815,1134,1444,Shia000403,64,403,718,230,88
2815,920,1444,JK007107,169,175,620,286,67
2815,1134,1444,Shamela0001438,4974,100,399,220,85
2815,1134,1444,Shamela0006610,241,698,1007,223,85
2815,1300,1444,Shamela0008381,1662,1,147,110,95
2815,1134,1444,Sham19Y0006684,390,369,682,212,78
2815,1152,1444,Sham19Y0016584,1617,19,313,229,97
2815,926,1444,JK007045,194,9,438,253,59
2815,1055,1367,Sham19Y0145435,5572,95,430,200,66
2815,1235,1415,Kraken230110004547,260,7,186,138,94
2815,1134,1438,Zaydiyya0000454,262,148,446,213,83
2815,1152,1338,JK000754,414,55,709,136,25
2815,1185,1338,Shamela0026324,3908,1074,1272,108,64
2815,1134,1367,Shamela0004482,222,234,463,172,91
2815,1041,1444,JK007117,662,204,656,258,69
2815,1134,1444,Shia004056,16,797,1111,230,88
2815,1134,1415,Sham19Y0016684,764,1167,1465,220,92
2815,1134,1438,Rafed0000167,48,304,568,180,71
2815,1134,1444,ShamAY0034809,182,760,1133,238,80
2815,920,1438,Sham19Y0014309,1774,131,637,211,43
2815,1181,1438,Shia000107Vols,1129,1150,1406,184,85
2815,1134,1444,JK000889,27,1141,1451,220,82
2815,920,1415,JK000889,28,987,1493,211,43
2815,1134,1408,ShamAY0035035,1726,1267,1530,197,84
2815,1134,1444,Shamela0006549,60,685,1056,241,81
2815,920,1444,JK000415,54,22,599,275,50
2815,1185,1444,Shamela0023685,1223,873,1124,194,93
2815,920,1444,Shamela0037837,260,709,1165,273,60
2815,926,1444,Sham19Y0122257,840,102,531,253,59
2815,1055,1345,Shamela0005756,6993,1093,1433,192,71
2816,55,1582,Sham19Y0095660,122,1,1528,1239,100
2817,1316,1574,Sham19Y0020944,1072,354,750,191,60
2817,1316,1574,JK000279,827,591,1066,145,35
2817,1316,1574,Shamela0008590,5,1250,1524,179,79
2817,61,411,Sham19Y0095660,123,1,351,284,100
2817,1288,1574,JK000142,1004,374,900,203,47
2817,1288,1574,Sham19Y0131521,5968,436,970,203,47
2817,1316,1574,JK000041,13,354,665,187,74
2817,1316,1574,Rafed0000040Vols,25,1,285,193,82
2818,1,263,Tafsir02102,1738,569,731,121,58
2818,110,273,Shamela0001524,650,800,968,122,90
2818,107,263,JK000189BK1,3963,320,486,112,85
2818,6,263,JK000279,827,624,933,147,54
2818,6,269,Shamela0006879,128,321,595,147,56
2818,110,263,JK000583,139,201,350,112,86
2818,90,269,Shamela0023628,1256,102,334,134,73
2818,1,269,Shamela0037458,1230,704,1010,188,72
2818,110,263,ShamAY0034289,4,855,1004,112,86
2818,110,269,JK006874,32,213,368,116,86
2818,1,263,Shamela0010781,745,125,374,157,67
2820,915,1268,Sham19Y0022797,257,214,574,258,89
2820,898,1268,Shamela0004473,16108,1038,1433,264,82
2820,756,891,Sham19Y0122406,44,1267,1414,108,91
2820,915,1287,Sham19Y0122406,45,782,1158,281,95
2820,752,903,ShamAY0034005,105,1142,1307,115,86
2820,915,1268,ShamAY0034005,106,274,622,253,91
2820,915,1268,Shamela0012403,756,715,1069,249,87
2820,756,1272,JK009256BK1,4144,134,608,333,78
2820,925,1268,Shamela0005848,114,788,1087,186,64
2820,756,891,Zaydiyya0000461,260,1166,1311,103,88
2820,960,1268,Zaydiyya0000461,262,22,345,238,93
2820,898,1268,JK000279,549,1123,1518,263,82
2820,915,1287,Shamela0001727,14,896,1277,285,95
2820,756,891,Shamela0001727,14,205,352,108,91
2820,756,891,Shia001255Vols,953,618,765,108,91
2820,915,1118,Shia001255Vols,953,1309,1518,144,86
2820,1118,1268,Shia001255Vols,954,8,170,118,92
2820,11,240,JK000381,4086,338,682,118,45
2820,738,891,Shia004050,421,779,935,119,91
2820,744,891,Zaydiyya0000336,307,836,1018,109,73
2820,340,686,Shia001657Vols,241,105,1129,150,16
2820,1094,1220,Shia001657Vols,290,298,424,97,98
2820,752,891,Shamela0013041,129,1040,1197,111,88
2820,915,1268,Shamela0012579,520,571,890,176,58
2820,912,1268,Shia003636Vols,5913,422,745,191,64
2820,752,891,Shia001416,207,664,821,111,88
2821,907,1059,Masaha001023,20,1,191,110,72
2821,920,1059,Shia001423Vols,498,872,999,93,84
2821,879,1384,Rafed0003537Vols,225,521,1140,235,39
2821,879,1318,Sham19Y0026523,2351,136,483,193,52
2821,901,1059,Masaha001108Vols,478,14,219,108,64
2821,858,1044,Shia004024,4,21,293,123,54
2821,901,1096,Shia000147Vols,2,1238,1472,120,55
2822,411,597,Shamela0008353,75,350,554,98,54
2823,1188,1455,Shamela0006947,18606,1195,1477,212,91
2826,1363,1588,Shamela0006687,535,1372,1599,182,99
2826,1363,1575,Shamela0026336,165,1394,1601,161,91
2826,1363,1592,Hindawi020790318Vols,314,319,538,177,95
2826,1171,1285,JK000105,1013,82,191,80,84
2826,1363,1592,Hindawi051620274,37,929,1148,176,95
2826,1367,1592,Shamela0011790,1319,304,503,139,76
2827,620,890,Shamela0006687,48,1280,1655,163,51
2827,645,1114,Sham19Y0019199,396,631,1155,227,42
2828,228,454,Shamela0006687,532,1346,1595,159,78
2828,169,636,Sham19Y0073348,2391,712,1329,255,48
2828,58,522,Hindawi019507951,32,766,1543,279,40
2828,554,991,Hindawi019507951,33,1,796,297,44
2828,228,454,Kraken220810162528,6,606,854,158,77
2828,169,636,Hindawi060292585,24,812,1433,252,47
2829,61,298,Shamela0006687,535,1066,1295,184,94
2829,61,298,Hindawi019507951,66,527,772,185,88
2829,646,1002,Hindawi019507951,73,1069,1598,205,42
2829,78,298,Hindawi020790318Vols,314,1,246,167,80
2829,646,1057,Hindawi070930825,228,743,1049,194,52
2829,753,1011,Shamela0011790,1482,549,894,156,50
2830,17,484,Shamela0006687,656,27,870,285,41
2830,782,1117,JK009278,1,1058,1737,184,32
2830,1117,1465,JK009278,2,1,505,243,58
2830,17,236,Hindawi092963020,610,248,572,176,66
2830,236,463,Shamela0035100,9993,24,225,110,59
2830,479,947,Hindawi019507951,62,951,1654,239,36
2830,467,747,Shamela0001002,909,167,445,198,79
2830,502,731,Shamela0001002,1051,1000,1240,185,92
2830,17,463,JK003609,4184,1328,1598,167,45
2830,17,463,Shamela0001003,308,599,862,158,42
2830,17,484,Shamela0011790,1498,61,802,225,34
2831,1298,1697,Shamela0023789,885,843,1250,302,92
2831,1298,1697,Sham19Y0148883,11,526,916,193,51
2834,1133,1555,Sham19Y0073350,314,47,470,322,93
2839,222,503,Sham19Y0026523,5915,1300,1564,190,79
2845,366,526,ShamAY0035131,158,1449,1627,128,85
2845,526,1644,ShamAY0035131,159,1,1186,906,92
2846,1,358,ShamAY0035131,159,1186,1545,293,99
2846,551,709,Sham19Y0026523,5915,1584,1740,125,92
2846,741,1001,Sham19Y0026523,5916,13,280,204,90
2851,1,683,Sham19Y0026523,5915,86,925,338,43
2855,312,746,Sham19Y0026523,5914,1053,1455,229,62
2867,1189,1367,JK006900,89,557,1061,120,30
2867,1196,1367,Shamela0001002,505,635,1122,121,31
2867,1189,1367,JK000410,25,496,999,124,31
2867,1189,1349,Shamela0009788,1170,392,877,114,30
2887,376,843,Shamela0005440,567,1161,1627,381,98
2887,843,1735,Shamela0005440,568,1,909,727,97
2888,1,812,Shamela0005440,568,909,1697,641,95
2888,812,1667,Shamela0005440,569,1,852,669,94
2889,1,168,Shamela0005440,569,852,1016,131,98
2894,885,1105,Hindawi029620591,63,140,362,173,94
2894,747,1105,Shamela0012320,200,99,681,254,47
2894,683,977,Hindawi092914940,375,594,814,115,41
2900,1,168,Shamela0001002,2012,639,820,125,89
2900,1,114,Sham19Y0132965,164,671,784,86,98
2903,355,596,Shamela0000728,4,621,928,126,42
2903,359,600,ShamAY0037134,157,211,392,140,71
2903,355,600,Sham19Y0026523,6286,1174,1482,132,43
2903,359,600,JK009313,5297,896,1094,131,64
2911,1006,1225,Sham19Y0014827,163,1251,1493,131,64
2911,1227,1437,Sham19Y0014827,164,1,249,150,76
2911,1006,1406,Sham19Y0014827,343,690,1149,272,72
2911,1006,1444,Sham19Y0014827,519,663,1154,284,70
2911,977,1406,Sham19Y0018103,235,9,587,285,62
2911,1093,1406,Sham19Y0018103,501,82,471,244,78
2911,977,1429,Sham19Y0018103,1004,656,1270,304,62
2911,1093,1406,Sham19Y0018103,1266,102,491,244,78
2911,977,1406,Sham19Y0018103,1518,807,1385,285,62
2911,977,1429,Sham19Y0018103,1755,756,1368,304,62
2911,1119,1406,Sham19Y0018103,2014,1,364,222,77
2911,977,1406,Sham19Y0018103,2270,717,1295,285,62
2911,977,1330,Sham19Y0018103,2528,1059,1529,226,61
2911,995,1406,Sham19Y0018103,2796,1,564,277,62
2911,977,1406,Sham19Y0018103,3053,217,799,285,62
2911,977,1406,Sham19Y0018103,3295,451,1033,285,62
2911,1093,1406,Sham19Y0018103,3531,80,469,244,78
2911,977,1406,Sham19Y0018103,3778,625,1207,285,62
2911,977,1429,Sham19Y0018103,4042,760,1376,304,62
2911,1093,1406,Sham19Y0014592,224,79,428,248,88
2911,977,1406,Sham19Y0014592,478,219,759,303,68
2911,1093,1406,Sham19Y0014592,752,1,350,248,88
2911,1135,1406,Sham19Y0014592,1026,1,308,214,87
2911,1015,1429,Sham19Y0014592,1310,5,538,284,65
2911,977,1225,Sham19Y0014592,1575,1272,1595,161,59
2911,1227,1410,Sham19Y0014592,1576,1,220,141,81
2911,977,1406,Sham19Y0014592,1840,1022,1562,301,68
2911,977,1406,Sham19Y0014592,2110,235,775,301,68
2911,977,1309,Sham19Y0014592,2359,1127,1534,226,67
2911,977,1406,Sham19Y0014592,2607,334,878,301,67
2911,977,1406,Sham19Y0014592,2856,482,1026,302,68
2925,547,862,Shamela0006947,5584,162,788,201,37
2926,906,1475,Shamela0000894,2556,632,1165,408,88
2926,1021,1385,JK001412,401,1193,1503,203,68
2926,234,477,Sham19Y0095660,199,405,577,134,67
2926,530,1475,Sham19Y0095660,200,658,1524,669,85
2926,1016,1389,Hindawi018385936,35,558,778,153,51
2926,906,1471,Shamela0002215BK1,423,996,1525,408,89
2929,468,1157,JK000154,1913,761,1298,311,53
2929,454,863,Shamela0001524,2641,1210,1459,177,53
2929,454,1056,Shamela0096178,52,973,1522,440,90
2929,454,1104,JK006838,1429,59,487,268,49
2929,468,972,ShamAY0033647,40,957,1441,300,65
2929,468,787,Shamela0010480,141,1241,1518,209,78
2929,491,948,Shamela0021765,878,965,1475,299,67
2929,597,1157,Sham19Y0023644,1542,1,542,382,77
2929,468,1104,JK001040,39,129,808,402,67
2929,454,1104,Shamela0026039,139,201,797,459,84
2929,491,669,JK008001,1267,1263,1512,125,64
2929,669,1104,JK008001,1268,1,417,259,64
2929,454,1132,Sham19Y0148271,1703,11,593,464,84
2929,482,1104,JK001412,479,40,685,375,64
2929,468,889,Shamela0026884,98,1049,1495,278,71
2929,491,1056,JK001293BK1,1696,963,1366,281,60
2929,454,1157,Shamela0025794,40,779,1482,484,76
2929,454,1104,Sham19Y0127700,363,1005,1456,297,54
2929,468,1012,Sham19Y0016934,2860,308,778,265,56
2929,409,1104,JK000080,644,97,810,381,57
2929,417,1104,Shamela0003722,5493,832,1424,473,84
2929,491,1104,Sham19Y0127677,3277,724,1387,374,62
2929,528,1047,ShamAY0034282,2312,906,1360,292,63
2929,468,1104,JK000021,3055,36,654,344,54
2929,558,1104,JK009390,4459,1,517,311,61
2929,468,1104,JK007070,402,792,1415,378,66
2929,468,907,ShamAY0031806,475,314,593,212,60
2929,351,1104,JK000216,430,59,788,444,62
2929,727,1104,JK000486,5,1,378,220,60
2929,640,1104,Shamela0001438,4785,1,446,280,65
2929,468,1012,Shamela0021721,1525,578,1066,276,58
2929,491,1104,JK000629,366,869,1427,436,86
2929,468,1147,Shamela0026542,215,762,1449,398,63
2929,468,898,Shia000107Vols,3127,1110,1501,247,64
2929,454,1104,Shamela0008473,841,184,739,445,84
2930,587,960,Shamela0021765,880,32,470,247,68
2930,587,960,Sham19Y0148271,1920,814,1261,248,67
2930,587,960,Shamela0025794,3784,636,1077,251,69
2930,631,960,JK000080,645,545,883,223,79
2930,587,960,JK000637,1197,686,1147,248,65
2930,587,960,JK007070,403,456,917,244,65
2930,587,960,Shamela0003118,4212,289,725,243,68
2930,587,960,Shamela0021809,2561,572,998,236,65
2930,587,960,JK000916,14322,814,1253,250,69
2930,587,872,Shamela0009567,354,1033,1417,199,65
2940,381,660,Sham19Y0095660,1333,1020,1315,199,80
2941,1141,1332,Shamela0021715,6700,950,1232,129,56
2941,1133,1332,Shamela0000894,4822,695,989,130,54
2941,1141,1332,Sham19Y0018176,1627,377,659,129,56
2941,1141,1332,Sham19Y0018176,2476,1096,1276,139,91
2941,1133,1332,JK009141,445,655,904,118,55
2941,1186,1332,Sham19Y0023644,2148,1002,1258,104,51
2941,1141,1332,Sham19Y0018106,2849,338,620,129,56
2941,1141,1332,Sham19Y0018106,4082,778,958,139,91
2941,1141,1332,Sham19Y0018103,2760,975,1257,129,56
2941,1141,1332,Sham19Y0018103,4064,476,657,139,90
2941,1177,1332,JK007065,207,1226,1473,106,53
2941,1141,1332,Sham19Y0013252,6560,781,1063,129,56
2941,1180,1332,Sham19Y0013252,6561,228,465,99,50
2941,1129,1332,Sham19Y0013252,10215,885,1073,140,87
2941,1141,1332,Sham19Y0013605,3361,120,402,129,56
2941,1141,1332,Sham19Y0013605,4855,979,1159,139,91
2941,1141,1332,JK000110,1150,943,1225,129,56
2941,1141,1332,JK000110,1853,274,454,139,91
2941,1141,1332,Sham19Y0016584,3104,1140,1422,129,56
2941,1141,1332,Sham19Y0016584,4605,182,362,139,91
2941,1141,1332,Sham19Y0016684,1963,1061,1241,139,91
2941,1147,1332,Shamela0037837,533,1,274,121,54
2941,1147,1332,Shamela0005756,11154,145,420,124,55
2941,1141,1332,Shamela0005756,14972,94,255,124,81
2944,1161,1670,Shamela0004473,3941,611,1103,317,67
2944,972,1184,Shamela0004473,3942,200,460,143,68
2945,194,384,JK009391,96,1278,1465,132,83
2945,75,619,Sham19Y0146127,3111,32,762,260,41
2945,194,419,Sham19Y0020881,123,773,1010,169,91
2945,194,419,Sham19Y0020881,461,1001,1238,169,91
2945,288,423,JK001236,115,989,1264,81,35
2945,191,419,Shamela0002331,170,497,735,169,90
2945,164,423,Shamela0004473,3940,1126,1368,159,75
2945,989,1300,Shamela0004473,3944,409,714,241,96
2945,211,419,Sham19Y0122406,3014,1194,1407,163,97
2945,211,419,ShamAY0034005,521,61,256,148,88
2945,194,601,Sham19Y0148271,1092,41,425,192,48
2945,211,419,JK007065,553,262,476,162,96
2945,211,608,Sham19Y0013572,601,897,1332,195,43
2945,194,419,Shamela0025794,1062,1155,1385,164,88
2945,194,419,Shamela0025794,1170,41,283,166,88
2945,75,608,Sham19Y0017616,309,523,930,223,50
2945,211,608,Sham19Y0017729,391,544,818,175,52
2945,174,601,JK000080,797,318,751,191,43
2945,75,419,Shamela0001727,1115,4,680,221,41
2945,90,601,Sham19Y0035453,125,949,1360,216,51
2945,75,423,Sham19Y0132524,2004,538,918,196,57
2945,75,601,JK009336,3048,810,1312,213,41
2945,75,608,Sham19Y0020638,906,796,1399,226,41
2945,211,419,Shamela0036446,1076,40,241,132,77
2945,191,360,JK000484,5665,1221,1409,120,81
2945,22,429,Shamela0000432,5649,265,611,233,70
2945,182,423,Shamela0000432,5933,1013,1189,119,62
2945,194,419,Sham19Y0018144,1939,647,865,156,85
2945,81,374,JK007070,361,1200,1468,134,48
2945,194,419,JK007070,613,334,562,157,86
2945,194,406,Shamela0009107BK1,330,1215,1431,156,91
2945,194,419,Shamela0029677,1575,1151,1291,105,59
2945,208,613,Shamela0012014,346,544,899,174,42
2945,75,384,Shamela0003118,1513,1196,1503,148,46
2945,160,419,Shamela0008381,6330,1249,1504,178,86
2945,211,419,Kraken230110004547,582,644,825,121,70
2945,211,419,Shamela0009642,187,1097,1270,133,81
2945,211,608,Sham19Y0017903,824,927,1199,175,52
2945,198,608,JK000485,1093,723,1072,206,55
2945,211,502,JK000429,153,1150,1428,163,70
2946,1321,1513,Shamela0004473,3940,587,800,111,58
2946,619,887,Shamela0004473,3943,843,1078,140,60
2946,16,300,Shamela0004473,3944,749,1013,205,90
2946,619,826,JK000166,8098,1018,1370,116,37
2946,619,826,JK000201,3497,370,722,116,37
2946,619,826,Shamela0005756,13608,226,539,127,47
2947,796,1440,Sham19Y0014328,186,141,681,350,68
2947,1051,1384,Sham19Y0001729,275,764,1126,254,87
2947,1029,1384,Sham19Y0147597,173,147,511,256,87
2947,1051,1440,Sham19Y0146127,1295,7,429,267,77
2947,1051,1440,Sham19Y0146127,2663,14,383,215,62
2947,1087,1293,Shamela0021715,558,1270,1486,156,91
2947,1064,1384,Shamela0021715,3997,43,350,230,90
2947,1033,1384,Shamela0021715,9110,1018,1377,262,92
2947,1051,1380,Shamela0021715,9111,27,565,249,58
2947,1033,1277,Shamela0012415,544,1163,1412,180,90
2947,1068,1384,Kraken230106005528,425,488,833,219,79
2947,790,1364,Shamela0001341,43,939,1420,287,63
2947,1364,1462,Shamela0001341,44,1,99,61,77
2947,940,1029,ShamIbadiyya0000050,1183,796,886,65,95
2947,1073,1282,ShamIbadiyya0000050,5304,1292,1495,143,79
2947,1,319,Shamela0000894,5355,1234,1496,199,78
2947,1051,1388,ShamAY0038083,83,740,1087,256,93
2947,1059,1440,ShamAY0038083,117,1,417,265,78
2947,1051,1312,Kraken22021606123201,324,962,1193,175,84
2947,1068,1384,JK009152,262,116,443,231,87
2947,1064,1245,Sham19Y0018176,943,1375,1550,137,95
2947,1033,1384,Sham19Y0018176,2164,235,598,262,91
2947,1051,1384,JK009141,797,11,329,234,85
2947,921,1444,Sham19Y0127656,282,674,1269,266,46
2947,790,1384,JK000011,73,834,1400,299,59
2947,1064,1421,Sham19Y0018106,1738,892,1243,244,81
2947,1033,1384,Sham19Y0018106,3608,1067,1430,262,91
2947,1051,1416,Sham19Y0020944,549,873,1254,270,87
2947,1,319,Sham19Y0020944,576,376,637,198,78
2947,1,319,Sham19Y0020944,1234,980,1239,198,77
2947,1087,1332,JK008001,2211,1116,1374,185,87
2947,1087,1402,JK008001,5904,497,823,224,83
2947,1087,1402,Shamela0004473,569,1293,1611,233,88
2947,1054,1388,Shamela0004473,1776,1139,1449,233,88
2947,1064,1384,Shamela0004473,2447,1175,1505,243,91
2947,1051,1455,Shamela0004473,3937,843,1370,290,68
2947,1,222,Shamela0004473,3940,800,955,126,70
2947,468,727,Shamela0004473,3941,103,347,186,86
2947,1051,1340,Shamela0004473,10355,1273,1571,220,91
2947,1,291,Shamela0004473,10356,1222,1439,161,69
2947,1064,1309,Sham19Y0023618,1532,1223,1480,186,88
2947,1,455,Sham19Y0016976,1161,246,567,229,62
2947,1054,1440,Shamela0009379,119,334,806,263,66
2947,1054,1384,Sham19Y0148271,1419,474,799,230,84
2947,1064,1384,Sham19Y0018103,1728,1232,1539,230,90
2947,1033,1371,Sham19Y0018103,3551,1204,1550,252,92
2947,1087,1440,Shamela0011755,592,240,574,198,65
2947,915,1455,JK007065,977,536,1126,285,48
2947,16,455,Sham19Y0014119,325,1,332,219,57
2947,1,319,Sham19Y0017063,817,248,510,198,77
2947,1051,1312,Shamela0026884,483,92,361,199,91
2947,1064,1384,Sham19Y0013252,4277,548,855,230,90
2947,1196,1440,Sham19Y0013252,8774,1,328,168,62
2947,1051,1388,Sham19Y0013572,1085,454,797,253,91
2947,1078,1444,Shamela0025794,1899,1,405,258,80
2947,1064,1444,JK000365,1428,858,1364,224,54
2947,1051,1444,Sham19Y0017616,360,713,1172,281,74
2947,422,815,Sham19Y0017729,234,58,458,138,32
2947,790,1440,Sham19Y0017729,429,781,1456,325,51
2947,532,772,JK000913,1890,12,439,122,33
2947,1,319,JK000471,1464,945,1194,187,74
2947,1051,1444,Sham19Y0016934,6916,906,1288,274,85
2947,1064,1444,ShamAY0037807,36,116,622,224,54
2947,1078,1440,Shamela0001875,1168,1,382,253,83
2947,1,561,Shamela0001875,1266,304,810,231,38
2947,1,319,JK007054,1016,497,760,199,78
2947,1051,1440,JK000080,340,474,969,279,70
2947,1,319,JK000080,797,736,1000,200,78
2947,912,1304,Shamela0001727,1267,1001,1445,218,50
2947,1051,1380,Sham19Y0123665,1785,762,1104,248,90
2947,1064,1476,ShamAY0034066,1264,568,1051,270,69
2947,1059,1440,JK009324,3156,660,1030,268,87
2947,187,455,Sham19Y0145212,2237,1047,1294,123,53
2947,1073,1440,JK000165,2899,1,396,253,80
2947,1241,1462,Sham19Y0029676,711,1,434,144,40
2947,1033,1219,JK000021,1024,1246,1439,137,89
2947,1,319,Shamela0001442,483,53,323,198,75
2947,1,222,Shamela0026568,607,627,811,129,72
2947,1051,1343,Sham19Y0132524,2218,1139,1442,226,94
2947,1051,1440,Shamela0012399,3697,201,647,277,77
2947,1087,1384,JK009274,430,431,690,185,73
2947,16,319,JK009137,2621,1010,1241,166,68
2947,1051,1384,Shamela0010488,278,1065,1423,250,87
2947,1051,1388,JK009336,1004,511,857,255,92
2947,1,319,JK009336,1006,884,1160,215,83
2947,921,1087,JK009336,2658,890,1079,105,71
2947,1068,1384,JK009390,1080,917,1200,193,71
2947,921,1440,Shamela0009804,324,524,1114,289,58
2947,1051,1402,Sham19Y0020638,1014,331,742,266,82
2947,422,772,Sham19Y0020638,1190,627,1325,129,21
2947,1087,1205,Shamela0036446,1106,1420,1538,93,98
2947,1,319,Shamela0036446,1107,1182,1450,207,79
2947,1051,1449,JK000484,2437,268,687,267,76
2947,1033,1402,JK000484,4922,8,362,203,62
2947,1033,1388,JK000585,3999,476,841,255,86
2947,1064,1440,Sham19Y0013605,2272,561,948,253,80
2947,1033,1375,Sham19Y0013605,4247,606,960,255,91
2947,1064,1384,Sham19Y0018144,1349,722,1080,229,80
2947,1051,1384,JK001503,3547,21,363,252,91
2947,1,373,JK007070,613,913,1259,202,59
2947,1033,1384,JK000142,565,973,1341,259,88
2947,1,561,JK000142,590,179,752,240,41
2947,1,319,JK000142,1144,73,335,199,78
2947,1064,1440,JK000110,596,804,1191,253,80
2947,1033,1241,JK000110,1584,1312,1527,154,90
2947,1241,1440,JK000110,1585,1,268,130,62
2947,1087,1253,JK006897,369,1275,1443,129,97
2947,1033,1440,Shamela0028107,681,117,571,282,77
2947,921,1029,Shamela0023628,386,1213,1321,82,99
2947,1064,1384,ShamAY0034288,5,217,525,231,90
2947,1033,1371,Shamela0001453,197,1052,1414,251,87
2947,1051,1440,Shamela0021626,6,900,1308,225,59
2947,1064,1384,JK000251,583,1153,1462,221,85
2947,1038,1440,Tafsir01005,2393,1049,1456,252,70
2947,1033,1444,Shamela0021479,118,321,730,284,85
2947,1033,1444,Sham19Y0014462,149,1035,1451,288,85
2947,1,451,Shamela0000140,2030,701,1159,220,44
2947,796,1083,JK009236,411,462,707,129,56
2947,1033,1384,Sham19Y0131521,3454,986,1354,259,88
2947,1,319,Sham19Y0131521,3601,627,889,199,78
2947,1,319,Sham19Y0131521,6665,931,1193,200,78
2947,1059,1402,Shamela0012014,45,1,366,255,87
2947,532,772,Shamela0012014,337,776,1227,122,31
2947,168,319,Shamela0012014,348,1,151,117,98
2947,1087,1384,Shamela0001438,7999,556,895,217,78
2947,1051,1440,Shamela0021537,1188,328,709,274,85
2947,1,455,Shamela0021537,1189,350,683,220,61
2947,1051,1440,Shamela0021537,5201,268,650,274,85
2947,1,455,Shamela0021537,5202,305,648,237,64
2947,912,1440,Shamela0006610,823,551,1144,308,65
2947,1102,1440,Sham19Y0016584,1901,727,1087,220,75
2947,1033,1440,Sham19Y0016584,3979,757,1244,289,73
2947,16,319,JK007045,500,416,644,168,69
2947,1051,1384,Kraken230110004547,184,200,520,234,85
2947,1,561,Sham19Y0014601,3977,779,1454,249,37
2947,1,561,Sham19Y0014601,6137,621,1072,227,42
2947,1064,1375,ShamIbadiyya0000109,7226,1107,1443,236,88
2947,1,561,Shia002264,385,758,1207,262,54
2947,6,319,Shamela0029344,17,325,579,178,70
2947,1033,1384,Sham19Y0016684,1825,168,527,262,92
2947,422,815,Sham19Y0017903,492,560,964,138,32
2947,1054,1375,Sham19Y0014309,1164,1173,1505,240,88
2947,1,319,Sham19Y0014309,1167,175,426,195,76
2947,1,451,JK000429,154,374,836,212,47
2947,1,222,Shamela0023685,669,1184,1368,129,72
2947,1161,1384,Shamela0021659,589,4,178,125,68
2947,1033,1384,Shamela0037837,578,671,1071,257,80
2947,19,455,Sham19Y0122257,2113,292,619,218,62
2947,1064,1384,Shamela0005756,7990,627,935,230,90
2947,1033,1384,Shamela0005756,13664,209,569,262,92
2947,1051,1440,Sham19Y0014592,2881,101,535,265,71
2947,1033,1241,Sham19Y0020591,928,1248,1464,154,90
2947,1,306,Sham19Y0020591,971,1178,1427,189,77
2947,1,319,Sham19Y0020591,1890,1087,1349,199,78
2948,42,208,Shamela0004473,3945,1336,1489,93,56
2948,458,770,Shamela0004473,3946,965,1263,204,75
2950,637,862,JK006950,2395,1364,1590,146,75
2950,1265,1405,JK006950,2396,1386,1612,101,57
2950,637,1236,Tafsir02102,905,355,1353,328,36
2950,1265,1462,Tafsir02102,906,186,472,143,61
2950,637,1073,JK001103,12,1144,1510,202,55
2950,637,1060,Hindawi073920283,160,343,650,204,58
2950,708,932,Shamela0004473,2361,35,470,117,33
2950,702,1060,Sham19Y0017437,1599,769,1161,235,69
2950,637,1070,JK000008,1,361,856,297,72
2950,1265,1462,JK000008,2,377,659,148,66
2950,637,1070,JK000381,8090,507,1004,290,69
2950,1265,1462,JK000381,8091,473,755,147,65
2950,641,1060,Shamela0008353,884,1009,1472,279,71
2950,606,1258,Sham19Y0036111,10,463,1090,188,31
2951,253,634,JK006950,2397,605,1069,295,80
2951,253,634,Tafsir02102,906,1039,1500,292,78
2951,253,415,JK001103,13,1471,1616,115,89
2951,415,634,JK001103,14,1,302,166,68
2951,253,489,JK000008,2,1209,1526,184,73
2951,489,634,JK000008,3,1,146,117,100
2951,253,441,JK000381,8091,1303,1490,146,98
2951,441,634,JK000381,8092,28,220,151,97
2951,345,634,Sham19Y0036111,12,446,763,208,77
2956,1,331,Shamela0012062,156,986,1282,209,76
2956,6,331,Sham19Y0023644,1788,857,1131,184,64
2956,68,331,Hindawi071859316,57,1005,1286,164,62
2956,1,331,Shamela0026039,261,918,1223,211,74
2956,1,331,Kraken220413030759,135,909,1211,199,70
2956,1,331,Shamela0012406,1010,1132,1455,210,76
2956,1,331,Shamela0008494,116,484,791,210,74
2956,1,331,Shamela0012031,292,1100,1398,206,74
2956,73,331,Tafsir07053,310,437,724,160,65
2956,1,331,ShamAY0035000,162,817,1115,206,74
2956,68,271,JK010748,42,1274,1474,126,74
2956,1,331,Sham19Y0020882,92,45,352,210,74
2956,6,331,Sham19Y0014592,823,631,957,205,72
2956,68,331,Hindawi082068526,142,650,910,163,66
2958,1046,1174,Shamela0022371,142,841,969,104,100
2959,1176,1321,Shamela0007853,390,1402,1543,96,80
2959,1105,1321,Shia002185Vols,3613,438,600,97,59
2959,625,1077,Shamela0001349,353,346,909,117,20
2959,1196,1321,Hindawi039520625,23,619,756,69,63
2959,625,1073,Shamela0023790,102,997,1249,92,20
2959,1176,1321,Shamela0023790,138,841,971,97,87
2962,833,1112,Kraken230106005528,941,478,726,188,82
2962,730,1112,Shia001370,109,1081,1396,206,59
2962,730,1112,Shia001370,145,691,975,196,62
2962,833,1112,Shamela0001524,2784,9,297,222,93
2962,925,1112,ShamIbadiyya0000050,1490,1,191,136,80
2962,942,1112,Sham19Y0145210,2215,1,178,133,89
2962,843,1112,JK000503,38,830,1095,175,71
2962,833,1112,JK009152,2434,865,1133,188,75
2962,830,1112,Sham19Y0023608,1166,564,852,214,88
2962,877,1112,Shamela0009773,408,1,232,151,74
2962,833,1112,JK006838,1590,1210,1474,202,85
2962,781,1112,Rafed0001515,108,751,1106,226,74
2962,833,1091,Sham19Y0020944,978,1248,1510,200,91
2962,833,1112,Shamela0004473,546,34,312,212,89
2962,833,1112,Shamela0004473,7967,1304,1610,207,79
2962,781,1112,Sham19Y0023618,334,695,1007,226,78
2962,830,1112,Shamela0001515,403,488,779,187,76
2962,934,1112,JK007044,5706,443,1154,135,23
2962,833,1112,Sham19Y0016976,1543,619,903,214,90
2962,833,1112,Sham19Y0014119,491,348,636,215,89
2962,833,1112,Sham19Y0017063,1302,1047,1335,215,89
2962,866,1112,Shamela0006947,19536,468,741,188,81
2962,838,1112,Shamela0006947,19760,884,1160,204,86
2962,814,1112,Shamela0035100,630,703,1005,220,85
2962,830,1112,Rafed0003537Vols,207,197,481,210,86
2962,830,1112,Rafed0003537Vols,502,661,955,209,83
2962,814,1106,Shia002069Vols,140,57,359,181,67
2962,781,1112,ShamAY0034066,295,470,782,226,78
2962,833,1112,Sham19Y0145212,3176,615,895,215,91
2962,730,1112,Shamela0003722,2908,968,1248,201,65
2962,833,1112,Shamela0003055,2155,880,1160,207,85
2962,833,1112,Sham19Y0017791,1720,88,372,213,89
2962,866,1112,Sham19Y0029676,106,1127,1351,154,76
2962,833,1112,JK009336,2701,858,1134,210,89
2962,833,1112,Shamela0012027,314,573,855,217,91
2962,730,1112,Masaha001922,110,157,472,206,59
2962,730,1112,Masaha001922,145,1080,1363,199,63
2962,833,1112,JK001303,680,733,1005,205,86
2962,866,1112,Shamela0036446,1374,1204,1454,187,88
2962,833,1112,JK006898,20,76,355,214,90
2962,790,1112,ShamAY0001760,24,35,360,220,81
2962,833,1112,Sham19Y0013614,712,148,418,216,95
2962,833,1112,JK000142,930,462,750,222,93
2962,833,1122,Sham19Y0020642,405,975,1279,228,91
2962,814,1112,Shamela0010906,627,932,1234,220,85
2962,833,1112,Sham19Y0131521,5612,675,963,222,93
2962,730,1112,Shamela0003118,2928,403,735,217,60
2962,814,1112,JK009226,968,565,827,184,75
2962,866,1122,Hindawi038307359,90,757,1055,186,72
2962,833,1112,JK007045,718,368,631,202,85
2962,833,1058,Sham19Y0014601,5419,1299,1520,178,97
2962,833,1112,Sham19Y0014601,5420,156,765,218,44
2962,833,1112,Shamela0021809,340,275,555,216,91
2962,866,1112,Shamela0004482,849,170,419,186,88
2962,730,1112,JK000916,8872,995,1327,214,59
2962,781,1112,Shamela0021536,615,57,362,210,74
2962,833,1112,Kraken21040109,283,302,580,177,70
2962,833,1112,Sham19Y0122257,2989,305,587,217,91
2962,833,1112,Sham19Y0020591,1542,927,1215,222,93
2968,277,398,Shamela0012320,235,1,118,94,95
2970,1,136,Shamela0021715,10150,225,355,104,96
2970,4,136,Sham19Y0127656,775,82,209,101,95
2970,1,136,Sham19Y0018103,3906,98,228,104,96
2970,1,136,Sham19Y0013252,9701,1268,1398,104,96
2970,1,136,Shamela0001875,1219,670,800,104,96
2970,1,136,ShamIbadiyya0000438,1236,354,479,100,92
2970,4,144,JK000110,1769,631,766,102,92
2970,1,136,Sham19Y0013667,6507,1270,1400,104,96
2970,1,136,Sham19Y0016584,4411,617,747,104,96
2970,4,140,Shamela0000767,4803,1290,1420,104,95
2970,1,136,Sham19Y0016684,1918,1297,1427,104,96
2970,1,144,Shamela0005756,14563,1175,1309,107,93
2972,639,894,JK006950,2258,822,1010,131,63
2972,1376,1496,Sham19Y0146127,3446,1,141,82,73
2972,938,1241,Sham19Y0146127,3662,212,496,189,71
2972,592,894,Shamela0021715,4681,124,456,156,51
2972,592,894,Shamela0021715,5345,118,438,164,55
2972,938,1241,JK000154,5116,673,949,191,72
2972,1268,1496,Kraken230106005528,469,730,888,101,55
2972,929,1496,JK010561,657,510,1035,275,53
2972,938,1241,JK000786,1875,894,1114,143,54
2972,916,1241,JK009152,1691,1047,1348,173,59
2972,610,894,Sham19Y0018176,1096,8,304,148,53
2972,592,964,Sham19Y0018176,1248,1002,1450,190,47
2972,938,1487,Shamela0030774,10,695,1138,245,48
2972,1281,1496,Shamela0030774,34,1275,1490,110,52
2972,938,1241,JK000475,890,531,810,183,69
2972,587,969,JK000559,1099,662,1339,171,29
2972,616,894,Shamela0021765,1695,866,1130,123,46
2972,567,957,JK000106,5,985,1328,195,59
2972,894,1268,JK000106,12,1155,1565,239,65
2972,718,894,JK000298,2916,97,294,116,68
2972,592,957,Sham19Y0018106,2046,1220,1530,167,50
2972,592,894,Sham19Y0018106,2341,153,473,164,55
2972,1064,1241,JK011153,4864,30,209,131,90
2972,916,1496,Sham19Y0020944,540,870,1353,271,50
2972,961,1276,JK008001,1357,700,989,185,66
2972,916,1241,JK000871,1798,593,903,195,68
2972,916,1241,Sham19Y0016976,1242,1090,1414,182,61
2972,916,1241,Shamela0022593,959,5,309,185,64
2972,1281,1496,ShamAY0034005,583,1023,1247,127,60
2972,592,964,Sham19Y0148271,714,1084,1448,145,42
2972,1281,1496,Sham19Y0148271,1591,30,250,124,59
2972,656,894,JK009175,9,920,1152,109,48
2972,592,894,Sham19Y0018103,1988,95,426,156,51
2972,1281,1496,JK007065,1216,990,1218,123,56
2972,938,1241,Shamela0012403,644,1069,1353,189,71
2972,916,1241,Sham19Y0014119,356,57,381,182,61
2972,1250,1496,Sham19Y0017063,896,297,497,66,24
2972,938,1241,Sham19Y0017063,898,1079,1371,172,62
2972,1250,1496,Sham19Y0013252,5001,889,1292,74,17
2972,592,964,Shamela0025794,2995,802,1233,149,37
2972,938,1487,Shamela0025794,3179,206,649,244,48
2972,1281,1496,Sham19Y0017616,257,388,621,123,55
2972,916,1167,ShamAY0032929,16,1070,1355,154,63
2972,916,1241,Sham19Y0016934,7675,538,839,196,68
2972,938,1241,JK000488,235,35,319,189,71
2972,592,894,JK000080,467,960,1390,145,37
2972,1281,1496,Shamela0001727,1094,892,1112,122,57
2972,938,1241,ShamAY0033910,760,283,562,186,70
2972,942,1241,Kraken220218125253,369,272,553,168,62
2972,592,957,JK009324,1561,326,673,181,54
2972,575,894,Shamela0003055,4297,1126,1461,157,50
2972,902,1080,Shamela0003055,4298,1284,1500,101,54
2972,938,1496,Shamela0003055,4299,464,1273,321,43
2972,1074,1276,Sham19Y0127677,301,1118,1317,96,53
2972,961,1276,Sham19Y0127677,520,614,897,185,67
2972,916,1496,JK000166,4034,551,821,165,34
2972,938,1241,JK000784,285,631,915,194,72
2972,916,1241,Shamela0001442,449,812,1127,201,70
2972,1281,1496,Sham19Y0132524,1356,1086,1295,121,60
2972,911,1496,Sham19Y0132524,1357,40,458,229,45
2972,567,898,JK009137,2867,963,1231,151,55
2972,1250,1496,JK009137,2881,688,955,118,45
2972,916,1241,Shamela0001449,31,93,409,201,69
2972,916,1241,JK009336,1150,879,1265,210,62
2972,957,1276,JK009390,705,369,661,182,65
2972,556,1241,JK000917,747,7,797,342,46
2972,1268,1496,JK000653,46,959,1153,110,51
2972,1250,1496,Sham19Y0020638,891,894,1177,134,52
2972,916,1178,Shamela0036446,753,1215,1456,142,55
2972,938,1250,JK000467,763,374,656,159,56
2972,938,1250,JK000484,6613,743,1044,191,69
2972,592,1496,Shamela0000432,5767,5,756,430,56
2972,938,1241,JK000130,761,478,757,186,70
2972,718,894,Sham19Y0122096,2127,582,770,115,70
2972,1281,1496,Sham19Y0018144,1886,1133,1353,124,59
2972,938,1241,Sham19Y0018144,1887,241,517,182,69
2972,961,1241,JK007070,779,207,458,133,51
2972,916,1276,Sham19Y0013614,567,666,1035,191,55
2972,916,1241,JK000142,556,1032,1352,201,69
2972,592,957,JK000110,723,162,597,178,46
2972,592,964,JK000110,853,277,693,190,53
2972,938,1271,JK000776,72,502,787,183,64
2972,592,957,Shamela0096283,265,303,687,184,54
2972,916,1241,Shamela0023628,1537,501,883,212,65
2972,592,894,Shamela0021672,7,989,1221,128,49
2972,1268,1496,Shamela0011404,281,846,1050,111,53
2972,1281,1496,JK007084,649,154,366,123,60
2972,938,1241,Shamela0012014,290,130,340,143,54
2972,1281,1496,Shamela0003118,3931,738,957,124,59
2972,961,1276,Shamela0001438,1359,563,854,186,69
2972,592,1141,Shamela0006610,997,738,1528,294,43
2972,592,894,Sham19Y0016584,2204,747,1078,156,51
2972,592,894,Kraken230110004547,205,140,399,157,62
2972,592,924,Shamela0021809,1066,252,567,145,49
2972,961,1119,Shamela0010283,1358,1,198,84,54
2972,592,898,Sham19Y0016684,1120,875,1210,157,51
2972,938,1241,JK000916,10886,308,611,193,67
2972,1281,1496,JK000916,13107,635,858,124,58
2972,567,957,Sham19Y0017903,488,687,1152,194,47
2972,630,1241,Sham19Y0017885,2289,834,1317,224,37
2972,916,1241,Sham19Y0014309,1295,468,1163,231,41
2972,616,894,Sham19Y0014309,1296,1,215,148,65
2972,938,1241,Shamela0013122,301,791,1077,194,72
2972,620,902,Shamela0037837,388,1,226,128,56
2972,902,1241,JK010195,11,159,423,157,51
2972,592,894,Shamela0005756,8951,540,876,153,50
2972,556,961,Sham19Y0014592,1094,875,1287,206,53
2972,969,1241,Sham19Y0020591,913,76,325,169,71
2973,734,1057,Shamela0001349,316,816,1058,134,50
2973,734,1057,JK000279,458,576,840,140,48
2973,734,1057,Shamela0026568,532,1169,1403,149,55
2973,734,1057,Shamela0023645,51,733,961,137,52
2973,734,1057,Shamela0010283,3855,582,809,141,52
2973,734,1057,Shamela0023653,698,63,283,139,52
2973,734,1057,Shamela0023685,525,1260,1490,146,53
2974,120,349,JK000643,18,341,633,127,51
2974,124,253,Shamela0005805,142,31,168,90,83
2974,124,349,JK007116,78,410,610,124,70
2974,137,349,Shamela0029976,36,680,942,118,53
2974,124,349,JK007117,1765,442,704,122,58
2977,86,296,Kraken220413202218,41,24,240,168,94
2977,86,296,Shamela0006947,6908,283,499,171,96
2977,86,296,ShamIbadiyya0000292,1,858,1064,145,80
2977,131,329,Shamela0010016,22,174,334,104,65
2977,86,296,JK000001,90,948,1164,171,96
2979,321,533,Sham19Y0014197,337,75,379,120,50
2979,321,533,Shamela0036569,431,50,359,132,53
2979,1302,1569,Shamela0025794,1411,430,676,118,52
2979,329,533,JK011705,566,1222,1530,130,51
2979,338,533,Shamela0026350,427,782,1077,110,43
2979,1349,1482,Sham19Y0014325,763,842,967,92,88
2979,329,533,Sham19Y0132965,209,1043,1201,96,60
2983,341,664,Shamela0001524,2858,1040,1381,202,66
2983,320,559,Tafsir09084,1623,1241,1493,152,68
2983,341,638,JK007113,2164,1145,1446,205,78
2983,397,638,JK010001,2280,73,337,180,81
2983,397,638,Sham19Y0017878,394,1106,1373,154,68
2983,341,638,ShamAY0033181,1283,1230,1504,138,55
2983,341,638,Sham19Y0148271,41,554,856,204,77
2983,341,638,JK000469,1649,365,647,177,68
2983,320,664,Sham19Y0017437,1757,249,672,227,62
2983,341,664,JK000264,2010,939,1329,218,64
2983,341,664,Shamela0025794,5194,185,575,219,64
2983,320,664,JK000165,2080,1014,1438,230,62
2983,341,649,Sham19Y0014032,68,708,1009,197,72
2983,397,638,JK009137,2818,467,729,177,81
2983,341,664,Tafsir07055,2386,14,409,219,63
2983,320,654,JK000474,204,864,1229,190,60
2983,332,664,JK000484,6037,598,1409,172,24
2983,341,664,Shamela0000432,5275,404,794,216,64
2983,320,608,Shamela0006610,576,1202,1508,193,72
2983,341,664,Shamela0012862,271,686,1040,202,63
2983,341,664,Shamela0021809,3151,560,928,213,65
2983,320,729,Shamela0008473,3246,1048,1468,222,61
2983,341,664,Shamela0009567,335,440,832,224,66
2983,341,632,Shamela0001440Vols,601,1157,1423,173,67
2990,1475,1684,Shamela0004473,6970,558,726,126,68
2993,63,227,Sham19Y0148271,405,921,1088,120,87
2993,63,220,Shamela0025794,4031,9,165,119,92
2993,63,227,ShamIbadiyya0000220,234,720,884,125,91
2996,959,1156,Sham19Y0146127,2167,1126,1333,147,89
2996,959,1152,JK000533,1617,36,226,146,96
2996,959,1152,JK000022,3186,49,232,124,80
2996,1017,1152,Shamela0000956,1218,1,135,104,97
2996,689,1146,JK000471,1862,964,1279,153,38
2996,959,1232,Shamela0003722,4493,718,971,161,74
2996,834,1152,JK003609,5008,1050,1346,150,56
2996,959,1146,JK000474,3102,25,220,144,94
2996,959,1091,JK000467,2002,1239,1385,99,88
2996,959,1152,JK000484,4033,943,1141,149,95
2996,979,1152,JK000637,1700,55,230,134,97
2996,828,1152,JK009408,1793,214,422,123,48
2996,959,1152,Shamela0023700,1832,448,613,114,70
2996,959,1152,Shamela0003118,2034,95,280,129,84
2996,959,1152,ShamAY0034585,873,506,700,149,97
2996,689,1146,Shamela0000427BK2,6923,639,990,151,36
2996,580,1017,JK000134,2128,5,761,133,21
2996,959,1152,Shamela0021494,364,710,896,122,79
2996,959,1156,ShamAY0034122,910,594,786,121,75
2996,959,1152,JK000916,5893,935,1120,129,84
2996,729,1146,Sham19Y0149213,1173,710,1153,179,42
2996,959,1232,Shamela0000338,243,37,350,153,60
2996,683,1156,JK000415,151,333,757,173,38
2996,959,1152,Shamela0001440Vols,173,833,979,107,71
2997,535,774,Shamela0022881,5,144,368,178,91
2997,863,1100,Shamela0022881,23,1,239,192,99
2997,1118,1361,Shamela0022881,236,940,1197,200,92
2997,535,774,Sham19Y0017533,31,613,813,148,72
2997,510,759,Sham19Y0014325,6397,1356,1559,134,67
2997,535,774,Shamela0022877,8,1122,1310,148,76
2997,848,1054,Shamela0022877,14,1,197,137,78
2997,1118,1361,Shamela0022877,202,1079,1370,199,82
2997,535,774,Sham19Y0149697,8736,413,611,144,73
3011,766,951,Sham19Y0146127,526,5,180,115,73
3011,413,961,JK000154,3455,92,441,230,52
3011,719,961,Shamela0000894,4161,649,923,157,65
3011,702,951,Tafsir09084,1701,702,906,139,65
3011,362,632,Shamela0007798,6826,1230,1468,163,74
3011,751,951,Shamela0021744,6149,1105,1322,149,82
3011,760,951,JK000189BK2,506,98,267,117,69
3011,751,951,JK010001,2606,694,856,109,62
3011,362,694,JK010001,2609,42,321,190,69
3011,737,951,Shamela0004473,682,159,325,106,60
3011,719,951,Shamela0004473,4023,832,1074,167,81
3011,719,951,Tafsir09085,469,66,291,152,74
3011,711,951,Sham19Y0014827,559,563,803,158,75
3011,719,951,Shamela0006947,7136,1349,1546,136,67
3011,719,951,Shamela0006947,7592,637,869,128,56
3011,719,971,Shamela0006947,9166,139,352,136,62
3011,719,951,Shamela0006947,21706,567,797,165,81
3011,706,945,JK000471,348,1170,1396,150,76
3011,706,951,Shamela0001875,1056,558,790,155,76
3011,719,951,JK000080,730,1060,1285,161,79
3011,694,951,JK000775,94,887,1104,133,63
3011,719,951,Sham19Y0145212,2673,987,1173,126,66
3011,706,951,JK000165,2583,971,1178,132,64
3011,760,951,JK000021,2223,702,890,116,69
3011,706,951,JK009137,1945,1019,1209,118,58
3011,702,971,Shamela0010517,1981,9,235,145,64
3011,702,951,Shamela0010517,2035,867,1126,144,61
3011,737,951,Shamela0010517,2073,636,853,155,84
3011,714,951,Shamela0010517,2336,753,995,165,79
3011,702,951,JK009336,2999,18,231,147,68
3011,706,951,Tafsir07055,2723,491,708,146,68
3011,413,694,Tafsir07055,2726,112,383,192,81
3011,706,961,Tafsir07055,3017,678,890,139,63
3011,706,951,JK000484,1007,194,412,128,62
3011,702,1077,Shamela0000432,554,419,825,200,56
3011,702,961,Shamela0000432,3661,203,484,181,75
3011,706,971,Shamela0000432,3706,540,777,142,62
3011,702,971,Shamela0000432,3772,567,886,181,66
3011,746,951,Shamela0000432,5516,1315,1529,148,82
3011,719,971,JK000961,96,850,1076,131,57
3011,821,951,JK000961,405,1,135,98,88
3011,719,951,Shamela0002863,457,1160,1376,151,78
3011,706,964,JK007070,270,257,510,163,72
3011,719,951,JK000142,891,560,790,164,81
3011,785,961,Shamela0037458,2858,1,141,103,69
3011,702,961,Tafsir01005,4092,198,459,168,71
3011,719,951,Sham19Y0014325,522,1106,1302,134,66
3011,702,951,Sham19Y0131521,5397,804,1046,168,78
3011,702,951,Shamela0000427BK2,6775,272,550,165,69
3011,714,951,Shamela0006610,132,1,217,151,77
3011,706,951,Shamela0006610,731,1099,1302,132,65
3011,702,951,Shamela0008381,4078,1014,1274,165,73
3011,719,951,JK007045,603,344,512,112,58
3011,702,951,Sham19Y0131336,556,1071,1270,123,55
3011,760,951,Shia002264,743,592,799,147,86
3011,711,961,Shamela0002300,4505,913,1159,150,68
3011,706,951,Shamela0008473,3379,857,1065,136,64
3011,413,610,Shamela0012884,3657,1284,1471,128,75
3011,610,951,Shamela0012884,3658,1,587,190,37
3011,766,951,Sham19Y0122257,2536,5,165,118,76
3011,702,951,Sham19Y0020591,1473,1061,1303,168,78
3014,858,1025,JK000475,1843,655,801,102,74
3014,858,1025,JK007025,30,1032,1179,102,74
3014,879,1025,Sham19Y0038171,1700,1214,1353,91,73
3014,858,1025,Shamela0009563,5,1075,1222,102,74
3014,879,1029,JK011730,1300,182,381,99,57
3015,60,202,Hindawi068305130,500,672,817,112,95
3015,60,202,Rafed0002341Vols,148,937,1083,107,91
3015,485,785,Shamela0012398,646,1008,1386,219,68
3015,60,205,Hindawi079072819,222,938,1086,113,94
3015,60,205,Sham19Y0000259,608,871,1020,109,92
3015,485,785,Shamela0001002,377,613,942,162,51
3015,60,202,AOCP2023082102,69,646,793,108,91
3015,60,205,Sham19Y0029676,789,800,946,116,99
3015,60,202,Shamela0009783BK1,4128,662,807,112,95
3015,481,598,Shamela0010488,318,51,168,95,100
3015,60,205,Shamela0012320,331,474,624,110,92
3015,662,785,Shamela0026350,342,1,179,96,66
3015,60,202,Sham19Y0145435,4135,1046,1191,112,95
3015,60,202,Shamela0005880,25,211,359,109,90
3015,60,205,JK000911,2211,389,539,110,92
3015,60,202,Hindawi059250728,131,641,786,112,95
3015,60,202,Hindawi017160604,748,904,1049,112,95
3052,744,963,Sham19Y0014827,163,1251,1493,131,64
3052,965,1167,Sham19Y0014827,164,1,240,147,77
3052,744,1144,Sham19Y0014827,343,690,1149,272,72
3052,744,1144,Sham19Y0014827,519,663,1122,272,72
3052,715,1144,Sham19Y0018103,235,9,587,285,62
3052,831,1144,Sham19Y0018103,501,82,471,244,78
3052,715,1167,Sham19Y0018103,1004,656,1270,304,62
3052,831,1144,Sham19Y0018103,1266,102,491,244,78
3052,715,1144,Sham19Y0018103,1518,807,1385,285,62
3052,715,1167,Sham19Y0018103,1755,756,1368,304,62
3052,857,1144,Sham19Y0018103,2014,1,364,222,77
3052,715,1144,Sham19Y0018103,2270,717,1295,285,62
3052,715,1068,Sham19Y0018103,2528,1059,1529,226,61
3052,733,1144,Sham19Y0018103,2796,1,564,277,62
3052,715,1144,Sham19Y0018103,3053,217,799,285,62
3052,715,1144,Sham19Y0018103,3295,451,1033,285,62
3052,831,1144,Sham19Y0018103,3531,80,469,244,78
3052,715,1144,Sham19Y0018103,3778,625,1207,285,62
3052,715,1167,Sham19Y0018103,4042,760,1376,304,62
3052,831,1144,Sham19Y0014592,224,79,428,248,88
3052,715,1144,Sham19Y0014592,478,219,759,303,68
3052,831,1144,Sham19Y0014592,752,1,350,248,88
3052,873,1144,Sham19Y0014592,1026,1,308,214,87
3052,753,1167,Sham19Y0014592,1310,5,538,284,65
3052,715,963,Sham19Y0014592,1575,1272,1595,161,59
3052,965,1148,Sham19Y0014592,1576,1,220,141,81
3052,715,1144,Sham19Y0014592,1840,1022,1562,301,68
3052,715,1144,Sham19Y0014592,2110,235,775,301,68
3052,715,1047,Sham19Y0014592,2359,1127,1534,226,67
3052,715,1144,Sham19Y0014592,2607,334,878,301,67
3052,715,1144,Sham19Y0014592,2856,482,1026,302,68
3058,1324,1507,Shamela0001043,915,755,943,140,92
3058,1324,1534,Noorlib0007682,121,278,480,154,90
3058,1324,1521,Shamela0013079,24,105,306,143,89
3058,1324,1534,Sham19Y0016599,262,1128,1328,148,86
3058,1324,1507,Sham19Y0148883,75,207,394,136,90
3059,943,1133,JK003609,669,686,870,133,90
3060,826,1117,Shamela0001002,843,1078,1273,85,36
3060,826,1109,Hindawi020790318Vols,977,183,361,81,37
3060,826,1117,Hindawi020790318Vols,982,57,330,84,28
3063,733,956,Noorlib0007682,12,958,1369,166,49
3063,766,956,Sham19Y0148883,559,51,314,112,45
3079,1061,1246,JK003609,669,690,870,131,91
3081,146,370,JK010637,309,756,980,179,99
3081,777,922,Hindawi092963020,214,162,308,63,52
3081,990,1291,Shamela0005742,216,814,1106,226,92
3081,1042,1291,Shamela0000728,300,5,254,201,98
3081,618,762,Shamela0037632,53,497,679,112,75
3081,1406,1512,Sham19Y0000760,837,1376,1482,85,100
3081,146,370,Shamela0006947,14221,75,299,177,98
3081,582,731,JK003609,1323,675,837,95,64
3081,1406,1512,JK009370Vols,2123,521,899,84,27
3081,1406,1512,Hindawi050926304,184,118,224,85,100
3081,1406,1512,Sham19Y0026523,4005,1130,1236,84,99
3081,391,503,JK007596,4,534,647,86,99
3081,618,762,Shamela0001032,55,639,819,116,78
3081,618,762,Shamela0009788,110,999,1179,116,78
3082,879,1009,JK009143,1171,813,948,107,96
3082,879,1009,JK010561,134,1237,1367,105,98
3082,879,1009,Shamela0030623Vols,232,1104,1235,104,96
3082,871,1050,Shamela0095860,48,574,752,140,96
3082,879,1009,JK001046,118,1033,1163,106,99
3082,879,1009,Shamela0035888,123,239,370,104,96
3082,621,759,Sham19Y0023644,7148,541,730,74,48
3082,863,1050,Hindawi0061961973Vols,55,947,1126,142,93
3082,863,1009,JK009151,1078,1293,1436,114,95
3082,879,1055,Shamela0005446,149,1149,1325,139,97
3082,871,1047,Sham19Y0147062,2193,146,308,119,84
3082,820,1009,Sham19Y0020762,1915,1215,1365,118,73
3082,879,1009,Shamela0035100,6938,1210,1340,106,99
3082,879,1055,Sham19Y0000259,444,559,735,139,97
3082,879,1009,Sham19Y0032476,1203,1046,1181,107,96
3082,879,1009,JK010568,118,320,450,104,97
3082,879,1009,Sham19Y0013680,896,532,956,106,30
3082,621,807,JK009370Vols,1969,728,1388,139,26
3082,879,1009,Shamela0006744,489,273,403,106,99
3082,879,1009,JK001001,220,1236,1367,107,99
3082,879,1009,Sham19Y0011151,824,1450,1580,107,100
3082,853,1009,JK009286,573,141,296,111,77
3082,879,1009,Shamela0027084,234,804,934,106,99
3082,879,1009,JK007589,406,271,402,104,96
3082,933,1050,JK010766,494,1,118,91,98
3082,879,1003,Shamela0021556,269,178,301,101,99
3082,879,1050,JK010473,148,1228,1400,136,97
3082,886,1055,Rafed0002202Vols,238,61,229,126,92
3082,817,1009,Shamela0009788,1305,1128,1304,116,73
3083,1,203,JK010637,51,423,622,146,89
3083,1,203,Hindawi092963020,214,579,777,144,88
3083,1295,1431,Hindawi063836061,1,1582,1692,85,80
3084,1,1477,Hindawi063836061,2,92,1569,1190,99
3085,14,299,Shamela0012320,4446,1028,1628,150,28
3085,1,1442,Hindawi063836061,3,103,1603,1165,95
3085,1442,1599,Hindawi063836061,4,1,158,127,100
3086,681,1169,Shamela0012320,4453,624,1200,142,26
3086,1,1450,Hindawi063836061,4,158,1610,1176,99
3086,1450,1618,Hindawi063836061,5,1,169,137,100
3087,1,1385,Hindawi063836061,5,169,1552,1112,99
3087,1385,1548,Hindawi063836061,6,1,164,133,100
3088,165,309,JK007042,492,317,493,117,80
3088,165,309,Shamela0001002,2197,1353,1530,116,79
3088,165,309,Shamela0012320,4461,732,902,113,77
3088,165,309,Shamela0011682,874,1247,1424,116,79
3088,1,1459,Hindawi063836061,6,164,1625,1187,99
3088,1459,1647,Hindawi063836061,7,1,189,156,99
3089,1,1469,Hindawi063836061,7,189,1657,1198,99
3089,1469,1652,Hindawi063836061,8,1,184,152,100
3090,1,1452,Hindawi063836061,8,184,1635,1181,99
3090,1452,1623,Hindawi063836061,9,1,172,140,100
3091,1,1382,Hindawi063836061,9,172,1552,1109,99
3091,1382,1556,Hindawi063836061,10,1,176,143,99
3092,1,1426,Hindawi063836061,10,176,1600,1154,99
3092,1426,1601,Hindawi063836061,11,1,176,144,100
3093,1,1435,Hindawi063836061,11,176,1608,1160,99
3093,1435,1594,Hindawi063836061,12,1,160,128,99
3094,811,1105,Shamela0037022,111,630,975,226,82
3094,811,1105,Shamela0012320,4529,948,1293,233,84
3094,1,1433,Hindawi063836061,12,160,1598,1157,99
3094,1433,1611,Hindawi063836061,13,1,179,147,100
3095,1109,1563,JK007567,9,783,1292,354,87
3095,877,1166,Shamela0037022,119,1326,1612,72,18
3095,1166,1563,Shamela0037022,120,1,453,303,84
3095,1109,1563,Shamela0012320,4538,210,717,355,87
3095,1,1454,Hindawi063836061,13,179,1635,1182,99
3095,1454,1610,Hindawi063836061,14,1,157,124,100
3096,25,359,JK007567,10,1015,1410,252,79
3096,25,359,Shamela0037022,121,242,634,257,81
3096,25,359,Shamela0012320,4539,479,870,256,81
3096,1,1408,Hindawi063836061,14,157,1564,1135,99
3096,1408,1575,Hindawi063836061,15,1,167,134,99
3097,821,983,JK007567,11,550,711,127,97
3097,827,983,Shamela0037022,121,1227,1382,122,97
3097,860,983,Shamela0012320,4540,1,124,96,97
3097,1,1430,Hindawi063836061,15,167,1597,1155,99
3097,1430,1612,Hindawi063836061,16,1,183,150,100
3098,1,1496,Hindawi063836061,16,183,1676,1224,99
3098,1496,1638,Hindawi063836061,17,1,143,112,100
3099,103,485,JK000998,233,729,1197,224,61
3099,191,485,Shamela0012724,197,8,376,198,69
3099,109,485,ShamAY0032275,288,598,1060,214,59
3099,731,971,Rafed0002654Vols,12583,966,1204,187,96
3099,183,485,Shia001555Vols,647,931,1314,188,58
3099,731,979,Shia001555Vols,650,616,861,194,97
3099,183,772,Shia004014Vols,267,1078,1563,206,34
3099,772,989,Shia004014Vols,268,1,249,162,81
3099,787,967,Shamela0012320,230,1,182,146,99
3099,191,442,ShamAY0037134,150,223,576,142,50
3099,1,1344,Hindawi063836061,17,143,1485,1072,99
3099,1344,1504,Hindawi063836061,18,1,161,129,99
3099,183,485,Shia004456Vols,877,111,494,188,58
3099,731,940,Shia004456Vols,879,1339,1550,168,99
3099,191,340,JK003608,1364,1349,1514,107,83
3099,731,971,Shia004092Vols,12510,819,1053,184,94
3100,515,766,Hindawi092963020,570,301,475,130,63
3100,997,1547,Shamela0012724,196,1061,1544,349,73
3100,515,838,Shamela0001002,2202,372,752,241,75
3100,541,1241,MMS00011,692,915,1583,368,56
3100,541,838,Shamela0011682,879,442,854,218,63
3100,1,1387,Hindawi063836061,18,161,1546,1111,99
3100,1387,1547,Hindawi063836061,19,1,161,130,100
3100,997,1547,JK003608,1364,854,1324,340,72
3101,534,816,Shamela0001002,2209,257,885,158,29
3101,1120,1593,JK000676,192,90,708,357,71
3101,1120,1593,Shamela0012320,680,667,1317,355,67
3101,1,1410,Hindawi063836061,19,161,1573,1140,99
3101,1410,1593,Hindawi063836061,20,1,184,151,99
3102,350,741,Shamela0001002,2203,165,558,278,78
3102,350,741,Shamela0037022,37,193,633,313,87
3102,815,1025,Shamela0037022,68,615,825,165,96
3102,350,741,Shamela0012320,4455,1005,1445,306,85
3102,815,1025,Shamela0012320,4486,1172,1382,167,97
3102,350,741,MMS00011,690,597,1039,298,84
3102,350,741,Shamela0011682,880,291,678,276,87
3102,1,1403,Hindawi063836061,20,184,1586,1132,99
3102,1403,1588,Hindawi063836061,21,1,186,154,100
3103,175,327,Shamela0000894,5266,1,164,111,82
3103,185,447,Shamela0012320,155,1135,1396,197,90
3103,1,1503,Hindawi063836061,21,186,1688,1230,99
3103,1503,1670,Hindawi063836061,22,1,168,136,100
3103,143,442,Hindawi092914940,224,71,674,211,41
3104,8,189,Shamela0012320,156,968,1161,143,91
3104,1372,1614,Shamela0012320,160,1224,1537,185,68
3104,1,1537,Hindawi063836061,22,168,1704,1267,100
3104,1537,1713,Hindawi063836061,23,1,177,145,100
3104,8,189,Hindawi092914940,168,26,212,137,87
3105,1,1517,Hindawi063836061,23,177,1706,1247,99
3107,1352,1535,Shamela0001043,915,755,943,140,92
3107,1319,1535,Noorlib0007682,121,209,461,157,76
3107,1352,1535,Shamela0013079,24,105,292,140,93
3107,1352,1535,Sham19Y0016599,262,1128,1309,140,93
3107,1352,1535,Sham19Y0148883,75,207,394,136,90
3108,32,365,Noorlib0007682,120,1178,1529,247,84
3108,175,378,Shamela0013079,23,756,1023,140,66
3108,179,360,Sham19Y0016599,262,554,783,124,66
3108,175,378,Sham19Y0148883,74,981,1237,143,70
3109,476,964,Noorlib0007682,175,86,766,189,27
3109,574,972,Sham19Y0148883,138,55,361,151,38
3110,1,304,ShamAY0033769,29,1201,1467,181,72
3110,4,269,ShamAY0001760,91,1355,1582,158,70
3110,1,301,Noorlib0007682,176,184,483,207,82
3110,1,301,Sham19Y0148883,139,300,617,204,77
3111,1331,1536,Noorlib0007682,181,586,795,132,68
3111,1331,1536,Sham19Y0148883,146,785,1001,134,67
3113,67,233,Sham19Y0148883,149,93,242,111,81
3113,848,1531,Sham19Y0148883,149,719,1368,255,35
3114,1213,1436,Shamela9007669,827,1,198,150,82
3114,114,320,Shamela0031215,340,353,528,96,54
3114,812,1436,Shamela0031215,340,729,1134,217,44
3114,528,686,Shia003633,174,1219,1384,113,82
3114,575,686,Shamela0012320,235,1,112,89,99
3114,789,1436,Noorlib0007682,183,960,1524,293,48
3114,114,413,Noorlib0007682,183,621,933,187,68
3114,528,686,Hindawi026382506Vols,191,1493,1657,110,81
3114,1176,1436,Shamela0037325,742,1021,1225,143,70
3114,509,672,Hindawi059250728,147,1503,1646,105,80
3114,832,1440,Sham19Y0148883,150,434,950,302,56
3114,145,418,Sham19Y0148883,150,1,276,195,81
3115,366,1525,Noorlib0007682,184,64,1118,430,36
3115,366,689,Sham19Y0148883,150,1060,1397,200,64
3115,882,1525,Sham19Y0148883,151,50,678,274,47
3119,1247,1572,Shamela0005440,481,1,449,209,58
3119,1166,1476,Sham19Y0021505,202,368,966,98,17
3119,1166,1476,JK009269,68,772,1370,98,17
3119,1166,1476,Hindawi085205353,95,260,857,98,17
3120,1382,1645,Shamela0005440,484,32,470,207,59
3128,495,613,Shamela0005440,542,1,119,97,100
3130,835,1303,Shamela0005440,413,1,612,260,48
3139,1022,1188,Shamela0005440,212,1368,1576,118,68
3139,1188,1341,Shamela0005440,213,1,153,123,97
3139,1022,1341,Shamela0005440,816,1227,1587,241,80
3145,1,185,Sham19Y0147597,1087,494,674,141,92
3145,67,185,Sham19Y0029676,969,373,493,94,93
3148,22,277,Shamela0005440,205,965,1220,192,81
3148,22,277,Shamela0005440,809,793,1048,192,81
3150,1320,1743,Shamela0005440,247,10,436,351,98
3150,1320,1477,Shamela0005440,850,1426,1593,129,93
3150,1477,1743,Shamela0005440,851,1,269,222,98
3151,1,1419,Shamela0005440,247,436,1829,1140,95
3151,1419,1800,Shamela0005440,248,1,379,300,93
3151,1,1586,Shamela0005440,851,269,1828,1275,95
3151,1586,1800,Shamela0005440,852,1,213,166,92
3152,456,622,Hindawi018051482,99,1582,1746,127,91
3159,641,870,Shamela0006947,16184,1452,1687,191,97
3159,870,1680,Shamela0006947,16185,1,809,657,99
3160,1,827,Shamela0006947,16185,809,1629,664,98
3160,827,1625,Shamela0006947,16186,1,798,651,99
3161,1,890,Shamela0006947,16186,798,1685,731,99
3161,890,1705,Shamela0006947,16187,1,815,668,99
3162,1,894,Shamela0006947,16187,815,1702,732,99
3162,894,1691,Shamela0006947,16188,1,797,647,99
3163,1,867,Shamela0006947,16188,797,1659,702,98
3163,867,1638,Shamela0006947,16189,1,774,627,99
3164,1,813,Shamela0006947,16189,774,1581,649,99
3164,813,1541,Shamela0006947,16190,1,729,582,97
3165,173,392,Sham19Y0014827,163,1251,1493,131,64
3165,394,596,Sham19Y0014827,164,1,240,147,77
3165,173,573,Sham19Y0014827,343,690,1149,272,72
3165,173,573,Sham19Y0014827,519,663,1122,272,72
3165,144,573,Sham19Y0018103,235,9,587,285,62
3165,260,573,Sham19Y0018103,501,82,471,244,78
3165,144,596,Sham19Y0018103,1004,656,1270,304,62
3165,260,573,Sham19Y0018103,1266,102,491,244,78
3165,144,573,Sham19Y0018103,1518,807,1385,285,62
3165,144,596,Sham19Y0018103,1755,756,1368,304,62
3165,286,573,Sham19Y0018103,2014,1,364,222,77
3165,144,573,Sham19Y0018103,2270,717,1295,285,62
3165,144,497,Sham19Y0018103,2528,1059,1529,226,61
3165,162,573,Sham19Y0018103,2796,1,564,277,62
3165,144,573,Sham19Y0018103,3053,217,799,285,62
3165,144,573,Sham19Y0018103,3295,451,1033,285,62
3165,260,573,Sham19Y0018103,3531,80,469,244,78
3165,144,573,Sham19Y0018103,3778,625,1207,285,62
3165,144,596,Sham19Y0018103,4042,760,1376,304,62
3165,260,573,Sham19Y0014592,224,79,428,248,88
3165,144,573,Sham19Y0014592,478,219,759,303,68
3165,260,573,Sham19Y0014592,752,1,350,248,88
3165,302,573,Sham19Y0014592,1026,1,308,214,87
3165,182,596,Sham19Y0014592,1310,5,538,284,65
3165,144,392,Sham19Y0014592,1575,1272,1595,161,59
3165,394,577,Sham19Y0014592,1576,1,220,141,81
3165,144,573,Sham19Y0014592,1840,1022,1562,301,68
3165,144,573,Sham19Y0014592,2110,235,775,301,68
3165,144,476,Sham19Y0014592,2359,1127,1534,226,67
3165,144,573,Sham19Y0014592,2607,334,878,301,67
3165,144,573,Sham19Y0014592,2856,482,1026,302,68
3187,1567,1698,Shamela0006947,19485,394,526,102,94
3188,938,1523,Shamela0006947,19356,852,1364,209,34
3188,1,1175,Shamela0006947,19485,519,1684,934,96
3188,1175,1653,Shamela0006947,19486,1,434,347,89
3188,625,1182,Shamela0006947,19490,1214,1661,311,68
3188,1302,1523,Shamela0006947,19492,575,757,143,81
3188,1523,1653,Shamela0006947,19493,90,267,104,71
3189,1,1158,Shamela0006947,19486,434,1622,910,92
3189,1158,1620,Shamela0006947,19487,1,405,326,87
3189,1,283,Shamela0006947,19493,267,542,223,97
3189,1447,1620,Shamela0006947,19496,273,444,136,97
3189,1127,1447,Shamela0006947,19497,650,906,207,79
3190,1302,1561,Shamela0006947,19358,390,903,164,35
3190,1,1165,Shamela0006947,19487,405,1564,916,95
3190,1165,1586,Shamela0006947,19488,1,421,340,98
3190,1,187,Shamela0006947,19496,444,634,150,96
3190,443,1108,Shamela0006947,19547,301,890,463,84
3191,1,1130,Shamela0006947,19488,421,1492,848,92
3191,348,888,Shamela0006947,19550,292,821,149,21
3193,940,1345,Shamela0006947,19491,1206,1606,309,92
3210,62,264,Sham19Y0014827,164,1,240,147,77
3210,1,241,Sham19Y0014827,343,873,1149,188,85
3210,1,241,Sham19Y0014827,519,846,1122,188,85
3210,1,241,Sham19Y0018103,235,311,587,188,85
3210,1,241,Sham19Y0018103,501,195,471,188,85
3210,1,264,Sham19Y0018103,1004,958,1270,207,83
3210,1,241,Sham19Y0018103,1266,215,491,188,85
3210,1,241,Sham19Y0018103,1518,1109,1385,188,85
3210,1,264,Sham19Y0018103,1755,1058,1368,207,83
3210,1,241,Sham19Y0018103,2014,88,364,188,85
3210,1,241,Sham19Y0018103,2270,1019,1295,188,85
3210,1,165,Sham19Y0018103,2528,1365,1529,129,100
3210,1,241,Sham19Y0018103,2796,288,564,188,85
3210,1,241,Sham19Y0018103,3053,523,799,188,85
3210,1,241,Sham19Y0018103,3295,757,1033,188,85
3210,1,241,Sham19Y0018103,3531,193,469,188,85
3210,1,282,Sham19Y0018103,3778,931,1248,189,75
3210,1,264,Sham19Y0018103,4042,1066,1376,207,83
3210,1,241,Sham19Y0014592,224,152,428,188,85
3210,1,241,Sham19Y0014592,478,483,759,188,85
3210,1,241,Sham19Y0014592,752,74,350,188,85
3210,1,241,Sham19Y0014592,1026,32,308,188,85
3210,1,264,Sham19Y0014592,1310,236,538,193,80
3210,62,245,Sham19Y0014592,1576,1,220,141,81
3210,1,241,Sham19Y0014592,1840,1286,1562,188,85
3210,1,241,Sham19Y0014592,2110,499,775,188,85
3210,1,144,Sham19Y0014592,2359,1391,1534,113,100
3210,1,241,Sham19Y0014592,2607,602,878,188,85
3210,1,241,Sham19Y0014592,2856,750,1026,188,85
3213,1309,1500,Shamela0006633,205,248,395,90,58
3213,1309,1520,Shamela0005742,47,595,810,143,84
3213,1309,1520,Shamela0000728,71,431,645,141,84
3213,1273,1520,Sham19Y0020762,1660,24,257,155,78
3213,1331,1520,Shamela0001002,456,1138,1326,146,98
3213,724,849,Shamela0001002,639,193,318,98,100
3213,1337,1500,Shamela0006744,73,1212,1374,124,97
3213,1250,1520,Shamela0000558,93,1017,1249,149,70
3213,1309,1520,Shamela0010025,7,482,695,138,81
3213,1309,1520,Shamela0009357,6,612,826,135,80
3213,1386,1520,Sham19Y0013235,138,1,136,99,92
3213,1337,1520,JK006920,39,998,1178,140,97
3213,1337,1520,JK006920,48,1099,1281,136,94
3213,1309,1520,ShamAY0033598,239,112,329,142,83
3215,1400,1557,Shamela0004363,42,1062,1218,115,90
3215,1400,1557,Sham19Y0023644,6535,877,1029,118,93
3215,1395,1557,Hindawi092963020,84,34,191,122,93
3215,1400,1557,ShamAY0032251,25,249,401,120,94
3215,1400,1557,JK006900,1577,1054,1208,111,87
3215,1400,1557,Sham19Y0029560,1020,149,302,120,94
3215,1395,1557,Shamela0012398,835,74,232,122,93
3215,1400,1557,Shamela0035100,6344,822,974,120,94
3215,1400,1557,Shamela0009091,771,1443,1595,119,93
3215,54,193,Shamela0001002,886,1234,1538,104,43
3215,960,1149,Shamela0021510,263,1003,1240,154,79
3215,83,329,JK003609,1541,378,731,186,66
3215,1400,1557,JK003609,4943,1345,1497,120,94
3215,1400,1557,Shamela0031215,967,382,535,109,86
3215,1400,1557,Shamela0012406,3630,1201,1354,118,93
3215,1400,1557,Shamela0011769,175,1001,1160,118,92
3215,1395,1557,Shamela0001000,812,1143,1300,122,93
3215,1395,1557,Shamela0006730,208,254,410,121,92
3215,1400,1557,Shamela0005392,138,89,243,106,83
3215,1341,1557,ShamAY0034569,5,1141,1353,136,70
3215,1400,1557,Shamela0001031,68,1246,1398,120,94
3215,1400,1557,Shamela0004445,5487,230,384,120,94
3215,1400,1557,Shamela0003118,4190,35,190,114,90
3215,1400,1557,Shamela0037325,1562,1017,1169,118,93
3215,1400,1557,Shamela0023735,603,448,605,116,92
3215,960,1149,ShamAY0005375,225,310,548,155,79
3215,1334,1557,JK000916,14233,906,1120,140,69
3215,1400,1557,JK000916,14235,466,618,120,94
3215,1334,1557,Shamela0001003,458,1008,1178,134,74
3215,1400,1557,Shamela0006549,170,554,706,119,93
3215,1389,1557,Hindawi036050924,22,751,914,123,91
3215,83,324,Shamela0023156,110,139,462,184,71
3215,1008,1149,Shamela0009788,2044,58,200,116,98
3216,23,296,Sham19Y0023644,4220,374,647,209,94
3216,93,287,JK006900,1583,1297,1498,149,91
3216,23,296,Shamela0000736,46,480,753,208,94
3216,23,296,JK003609,5513,1129,1399,214,95
3216,23,296,Shamela0010275,565,967,1240,208,94
3216,23,296,Shamela0012406,1970,283,556,208,94
3216,23,184,Hindawi049270639,11,301,462,125,96
3216,23,184,Shamela0005392,66,578,739,124,96
3216,23,296,Shamela0023735,604,1046,1317,211,94
3216,34,296,Shamela0001003,519,1,263,212,98
3218,749,903,JK003502,1825,317,604,121,50
3219,743,997,Sham19Y0000259,601,128,267,111,54
3219,1448,1561,Shamela0001002,34,839,959,88,94
3219,649,997,Shamela0001002,685,19,780,209,31
3219,649,997,Sham19Y0021505,93,91,586,182,37
3219,649,997,Hindawi030807493,199,197,692,184,37
3226,1372,1562,JK000132,356,330,505,74,50
3226,1416,1562,JK009141,577,55,166,58,50
3226,1416,1562,Sham19Y0014224,336,837,966,57,50
3226,1372,1562,Sham19Y0122406,833,1034,1214,74,48
3226,1416,1562,JK000710,174,1323,1452,57,50
3226,1372,1562,Shamela0000347,135,308,488,74,48
3226,1372,1562,Sham19Y0013572,1201,631,811,74,48
3226,1386,1562,Sham19Y0017729,103,592,751,56,44
3226,1372,1562,JK000471,567,977,1242,71,35
3226,1372,1562,Shamela0001727,299,337,517,74,48
3226,1372,1562,Shamela0026568,1038,941,1121,74,48
3226,1426,1562,Shamela0012399,436,1274,1435,55,45
3226,1372,1562,Sham19Y0018607,297,839,998,73,52
3226,1372,1562,JK009336,1384,872,1067,78,50
3226,1372,1562,Sham19Y0018144,464,965,1135,74,51
3226,1372,1562,Shamela0002863,526,1041,1299,79,40
3226,1372,1562,Sham19Y0014462,20,681,861,74,48
3226,1372,1562,Sham19Y0014462,72,1095,1360,71,35
3226,1372,1562,Shamela0023645,292,1198,1382,73,44
3226,1372,1562,JK007107,191,260,440,74,48
3226,1372,1562,Shamela0006610,262,112,292,74,48
3226,1416,1562,Sham19Y0013667,2570,226,349,61,54
3226,1372,1562,Sham19Y0006684,329,14,258,74,40
3226,1372,1562,JK011730,319,1181,1444,59,20
3226,1426,1562,JK000754,337,124,371,49,19
3226,1372,1562,JK009313,5229,517,695,59,26
3226,1372,1562,JK000227,142,805,985,74,48
3226,1386,1562,Sham19Y0017903,249,924,1083,56,44
3226,1416,1562,JK000990,413,1024,1135,58,50
3233,716,903,JK001198,141,594,816,139,77
3233,703,903,Shamela0096178,152,1291,1512,141,75
3233,675,895,Shamela0006947,1085,481,687,135,75
3233,724,903,ShamAY0037293,39,1337,1561,127,67
3233,716,903,JK000092,17,1210,1433,138,76
3235,1163,1326,JK000917,705,195,358,127,96
3237,699,890,ShamAY0007299,1687,495,702,146,85
3237,699,885,Shamela0006947,6380,202,515,145,57
3237,699,885,Shamela0010548,25,1147,1427,147,65
3237,890,1412,JK001160,21,162,841,239,37
3237,699,885,JK007140,988,901,1214,145,57
3237,647,885,JK007041,1341,1,289,191,81
3237,689,885,JK001451,415,1,194,156,97
3237,890,1062,JK005005,443,1243,1473,92,41
3237,699,885,Shamela0001687,669,570,889,147,57
3237,635,885,ShamAY0034694,351,644,884,169,77
3237,614,885,Shamela0037458,1639,239,551,215,81
3237,699,905,ShamAY0035950,566,792,1326,155,35
3237,656,885,Sham19Y0014601,1467,709,1035,164,62
3237,699,885,JK007040,580,1099,1418,146,56
3237,895,1412,Shamela0012884,2658,699,893,101,22
3237,627,885,Sham19Y0014592,2492,76,387,199,76
3237,371,885,Kraken220727035853,1878,929,1343,255,55
3238,175,1617,Sham19Y0029676,904,21,1444,1145,97
3239,70,294,Hindawi059024715,192,559,834,132,50
3239,7,294,Shamela0009631,436,1291,1490,142,58
3239,1,197,Sham19Y0029676,904,1444,1639,160,99
3239,197,1617,Sham19Y0029676,905,1,1386,1114,96
3239,70,294,Shamela0023735,2760,120,396,132,50
3240,1,230,Sham19Y0029676,905,1386,1615,189,100
3240,230,1728,Sham19Y0029676,906,1,1476,1208,97
3241,1,260,Sham19Y0029676,906,1476,1730,211,98
3241,260,1725,Sham19Y0029676,907,1,1419,1158,95
3242,56,188,Shamela0005390,332,210,342,100,94
3242,61,216,Shamela0003283,656,758,898,103,86
3242,1,248,Sham19Y0029676,907,1419,1666,196,100
3242,248,1642,Sham19Y0029676,908,1,1318,1071,93
3242,61,188,Masaha004846,27,991,1111,91,92
3242,67,216,Shamela0037345,28,1121,1262,100,87
3243,1,369,Sham19Y0029676,908,1318,1683,293,95
3243,369,1598,Sham19Y0029676,909,1,1198,963,96
3244,1,417,Sham19Y0029676,909,1198,1615,337,97
3244,417,1647,Sham19Y0029676,910,1,1215,986,98
3245,722,926,JK009258,172,1371,1572,161,98
3245,1,427,Sham19Y0029676,910,1215,1616,324,93
3245,427,1603,Sham19Y0029676,911,1,1171,950,99
3246,1,461,Sham19Y0029676,911,1171,1631,378,99
3246,461,1644,Sham19Y0029676,912,1,1179,953,98
3247,799,1111,Shamela0006947,14563,325,672,197,65
3247,1,438,Sham19Y0029676,912,1179,1616,351,98
3247,438,668,Sham19Y0029676,913,1,234,184,97
3247,660,1540,Sham19Y0029676,940,793,1674,711,99
3248,1,1566,Sham19Y0029676,941,71,1603,1237,96
3248,1107,1430,Shamela0001403,98,109,962,227,31
3249,1,1523,Sham19Y0029676,942,39,1551,1203,96
3250,908,1112,JK000298,3699,220,405,127,75
3250,1,1445,Sham19Y0029676,943,34,1451,1140,97
3250,1445,1563,Sham19Y0029676,966,843,954,90,94
3250,908,1112,Masaha001941,167,143,355,147,83
3250,908,1112,Shamela0012824,2,1007,1217,139,76
3251,1176,1410,Zaydiyya0000153,346,557,751,138,73
3251,1176,1404,JK000279,507,1254,1486,178,96
3251,1167,1399,Sham19Y0122401,369,239,480,177,92
3251,1171,1399,Sham19Y0123665,1339,419,657,177,93
3251,1,665,Sham19Y0029676,966,954,1611,528,97
3251,665,1626,Sham19Y0029676,967,1,961,783,99
3252,1,650,Sham19Y0029676,967,961,1591,506,96
3252,650,1603,Sham19Y0029676,968,1,917,742,95
3253,169,386,Shia003634Vols,1417,221,438,135,72
3253,210,361,Shia002185Vols,22,914,1065,120,98
3253,193,361,Zaydiyya0000100,452,1233,1396,119,88
3253,161,361,Sham19Y0029560,993,906,1140,146,73
3253,210,361,Shia001107Vols,5,877,1028,120,98
3253,169,369,Shamela0005446,854,1019,1226,143,86
3253,210,361,Shamela0037025,80,400,548,113,93
3253,193,361,Shamela0006947,394,563,761,125,78
3253,200,361,Shamela0006947,2354,1247,1404,118,91
3253,193,361,Shamela0006947,18642,968,1155,125,82
3253,161,361,Shamela0012398,801,740,937,146,86
3253,161,372,Shamela0009091,754,989,1224,148,74
3253,169,361,Shamela0001002,1659,1132,1314,140,89
3253,169,361,JK003609,529,329,513,138,88
3253,176,361,JK009365,229,351,533,121,75
3253,8,761,Sham19Y0029676,968,922,1673,618,99
3253,761,1673,Sham19Y0029676,969,1,891,720,96
3253,169,361,Shia003633,166,846,1067,146,81
3253,176,361,JK009325,779,968,1181,139,80
3253,220,361,Shamela0001000,1263,1,141,109,95
3253,186,361,Shia002958,469,954,1142,125,82
3253,169,361,Hindawi097024639,79,158,359,146,86
3253,169,361,JK001325,713,1061,1243,140,89
3253,169,361,Shamela0026350,47,779,961,140,89
3253,169,361,Sham19Y0026523,1543,994,1212,126,72
3253,193,361,Rafed0000230Vols,316,1316,1496,131,90
3253,169,361,Hindawi026382506Vols,208,771,992,146,81
3253,176,369,Hindawi026382506Vols,745,1321,1520,143,87
3253,152,361,Hindawi048242959,49,531,745,144,81
3253,210,365,Shia003636Vols,14588,163,318,110,89
3253,161,361,ShamAY0005375,239,1314,1534,141,75
3253,210,361,Shamela0006743,586,425,576,120,98
3253,161,361,Hindawi030807493,49,1409,1606,138,81
3254,1,740,Sham19Y0029676,969,891,1600,571,95
3254,740,954,Sham19Y0029676,970,1,212,170,98
3256,948,1055,Shamela0031371,655,586,805,79,45
3258,948,1522,JK009330,11,113,736,430,79
3258,948,1522,Shamela0006947,6995,619,1222,426,79
3258,1013,1356,Hindawi059616186Vols,1565,1,321,233,73
3258,697,841,Shamela0002215BK1,663,959,1103,113,89
3258,948,1509,ShamAY0034797,710,650,1275,437,81
3258,692,841,Shamela0001717,1665,644,793,115,94
3258,668,841,Sham19Y0149697,8084,1332,1494,118,80
3259,1309,1627,Shamela0096611,86,595,1017,242,68
3265,1002,1198,Sham19Y0026523,5188,391,607,130,69
3266,1498,1630,JK000917,1558,480,622,92,81
3270,102,522,Shia003636Vols,9911,785,1273,107,17
3270,600,914,Shia003636Vols,9912,55,1003,253,32
3273,829,1065,Hindawi051703160,133,481,1109,185,36
3279,1221,1504,Shamela0001731,27,1,332,212,79
3279,1094,1504,Shamela0095565,121,285,719,309,84
3279,1058,1504,JK009362,1703,144,727,306,63
3285,1359,1575,Hindawi051703160,233,585,1246,170,31
3298,80,242,JK000791,1306,404,557,120,90
3298,63,226,Shamela0007798,5851,258,421,131,98
3298,80,226,Shamela0012293,4846,1396,1542,120,100
3298,80,242,Shamela0021821,1013,1475,1629,120,90
3298,80,226,Shamela0004473,3704,658,804,120,100
3298,80,242,JK006478,5638,958,1114,120,89
3298,80,226,Shamela0010531,2,1293,1439,120,100
3298,69,242,JK007018,376,440,603,123,86
3298,80,226,Hindawi040635716,216,62,208,120,100
3309,292,518,Shamela0006947,14175,530,720,141,76
3310,194,785,Sham19Y0026523,5988,518,1381,336,46
3312,245,1420,Sham19Y0026523,5908,508,1682,962,99
3312,1420,1672,Sham19Y0026523,5909,1,253,203,99
3313,1,1395,Sham19Y0026523,5909,253,1639,1120,98
3313,1395,1637,Sham19Y0026523,5910,1,243,198,98
3314,1,1352,Sham19Y0026523,5910,243,1598,1085,98
3314,1352,1588,Sham19Y0026523,5911,1,237,192,100
3315,1,1453,Sham19Y0026523,5911,237,1684,1175,98
3315,1453,1656,Sham19Y0026523,5912,1,204,159,98
3316,1,1472,Sham19Y0026523,5912,204,1680,1204,98
3316,1472,1703,Sham19Y0026523,5913,1,232,190,100
3317,1,1415,Sham19Y0026523,5913,232,1647,1150,99
3317,1415,1638,Sham19Y0026523,5914,1,224,181,99
3318,1,1426,Sham19Y0026523,5914,224,1664,1159,98
3318,1426,1677,Sham19Y0026523,5915,1,253,206,98
3319,1,1597,Sham19Y0026523,5915,253,1766,1247,93
3319,1597,1763,Sham19Y0026523,5916,1,167,139,100
3320,1,1624,Sham19Y0026523,5916,167,1789,1345,99
3320,1624,1758,Sham19Y0026523,5917,1,135,108,100
3321,1,1495,Sham19Y0026523,5917,135,1644,1215,98
3321,1495,1666,Sham19Y0026523,5918,1,172,142,100
3322,1,897,Sham19Y0026523,5918,172,1066,730,99
3322,897,1599,Sham19Y0026523,5987,799,1497,560,98
3323,143,664,Sham19Y0026523,5988,1,514,415,97
3323,664,831,Sham19Y0026523,5988,1381,1548,133,100
3323,831,1545,Sham19Y0026523,5989,1,706,559,97
3324,1,803,Sham19Y0026523,5989,706,1507,637,99
3324,803,1517,Sham19Y0026523,5990,1,707,566,98
3325,1,831,Sham19Y0026523,5990,707,1541,663,98
3325,831,1641,Sham19Y0026523,5991,1,805,659,97
3326,1,972,Sham19Y0026523,5991,805,1774,798,98
3326,972,1734,Sham19Y0026523,5992,1,754,610,97
3327,1,895,Sham19Y0026523,5992,754,1641,715,98
3327,895,1640,Sham19Y0026523,5993,1,742,604,98
3328,1,944,Sham19Y0026523,5993,742,1687,773,99
3328,944,1780,Sham19Y0026523,5994,1,834,699,99
3329,1,991,Sham19Y0026523,5994,834,1812,809,98
3331,785,1004,Sham19Y0014827,163,1251,1493,131,64
3331,1006,1208,Sham19Y0014827,164,1,240,147,77
3331,785,1185,Sham19Y0014827,343,690,1149,272,72
3331,785,1185,Sham19Y0014827,519,663,1122,272,72
3331,756,1185,Sham19Y0018103,235,9,587,285,62
3331,872,1185,Sham19Y0018103,501,82,471,244,78
3331,756,1208,Sham19Y0018103,1004,656,1270,304,62
3331,872,1185,Sham19Y0018103,1266,102,491,244,78
3331,756,1185,Sham19Y0018103,1518,807,1385,285,62
3331,756,1208,Sham19Y0018103,1755,756,1368,304,62
3331,898,1185,Sham19Y0018103,2014,1,364,222,77
3331,756,1185,Sham19Y0018103,2270,717,1295,285,62
3331,756,1109,Sham19Y0018103,2528,1059,1529,226,61
3331,774,1185,Sham19Y0018103,2796,1,564,277,62
3331,756,1185,Sham19Y0018103,3053,217,799,285,62
3331,756,1185,Sham19Y0018103,3295,451,1033,285,62
3331,872,1185,Sham19Y0018103,3531,80,469,244,78
3331,756,1185,Sham19Y0018103,3778,625,1207,285,62
3331,756,1208,Sham19Y0018103,4042,760,1376,304,62
3331,872,1185,Sham19Y0014592,224,79,428,248,88
3331,756,1185,Sham19Y0014592,478,219,759,303,68
3331,872,1185,Sham19Y0014592,752,1,350,248,88
3331,914,1185,Sham19Y0014592,1026,1,308,214,87
3331,794,1208,Sham19Y0014592,1310,5,538,284,65
3331,756,1004,Sham19Y0014592,1575,1272,1595,161,59
3331,1006,1189,Sham19Y0014592,1576,1,220,141,81
3331,756,1185,Sham19Y0014592,1840,1022,1562,301,68
3331,756,1185,Sham19Y0014592,2110,235,775,301,68
3331,756,1088,Sham19Y0014592,2359,1127,1534,226,67
3331,756,1185,Sham19Y0014592,2607,334,878,301,67
3331,756,1185,Sham19Y0014592,2856,482,1026,302,68
3332,1308,1470,Shamela0006947,14424,1232,1385,116,86
3332,237,430,Shamela0006947,14424,1011,1232,132,75
3332,570,1054,Shamela0006947,14425,180,670,279,60
3333,1,125,Shamela0006947,14424,1397,1521,101,100
3333,1357,1487,Sham19Y0026523,5990,936,1078,93,82
3334,857,1014,Shamela0006947,14425,323,481,129,99
3334,1137,1295,Sham19Y0026523,5990,77,233,91,72
3335,828,1548,Sham19Y0026523,5990,233,936,409,60
3338,775,1043,Sham19Y0023644,4821,1,235,180,85
3338,897,1043,Shamela0000736,844,1,134,101,88
3338,775,1080,Shamela0010525,423,19,307,209,84
3338,775,1040,JK003609,1046,1292,1555,147,59
3338,775,1043,Shamela0012406,2459,253,487,177,83
3340,1413,1543,JK009152,885,826,987,93,71
3340,1409,1543,Shamela0021544,25,1033,1208,103,74
3340,1409,1543,Shia002069Vols,797,522,692,103,76
3340,1409,1543,ShamAY0034282,2449,1206,1347,102,92
3340,1409,1543,ShamAY0034282,2450,32,207,103,74
3340,1409,1543,JK000021,1069,1140,1278,100,90
3340,1409,1543,Shamela0012399,3971,282,420,105,96
3340,1409,1543,JK000130,544,178,323,105,91
3340,1409,1543,JK001503,3761,450,588,105,96
3340,1409,1535,Sham19Y0014462,121,1324,1454,99,96
3340,1409,1543,JK007116,37,405,543,105,96
3340,1409,1543,Sham19Y0006684,4319,1028,1163,103,94
3340,1409,1543,JK007117,975,405,543,105,96
3343,499,711,Shamela0021715,451,1098,1306,168,97
3343,572,700,Zaydiyya0000220,352,1,111,87,84
3343,499,778,Shamela0001524,2511,524,782,187,81
3343,499,700,Shamela0000894,908,903,1104,162,99
3343,499,700,Sham19Y0018176,116,876,1077,162,99
3343,482,700,JK009141,190,1233,1432,151,85
3343,499,704,Sham19Y0127656,21,151,355,162,98
3343,499,700,Sham19Y0018106,192,1310,1511,162,99
3343,468,700,Rafed0001826,159,845,1078,155,74
3343,499,662,ShamAY0035884,1784,153,527,127,41
3343,499,700,Sham19Y0132963,358,960,1161,163,100
3343,499,704,Sham19Y0018103,279,1058,1263,162,98
3343,540,700,Shamela0006947,12870,1,161,128,99
3343,499,700,Shamela0006947,14042,178,381,161,98
3343,499,700,Sham19Y0013252,576,473,674,162,99
3343,600,700,Sham19Y0013252,577,1,101,78,99
3343,499,700,JK009324,109,490,670,146,89
3343,499,700,Shamela9007669,642,299,497,157,95
3343,499,711,JK009336,2077,807,1001,157,91
3343,450,700,Sham19Y0013605,454,1171,1406,165,83
3343,499,700,Sham19Y0018144,2511,524,728,162,98
3343,499,700,JK000110,38,1,202,162,99
3343,502,681,JK000005,106,817,987,138,92
3343,499,700,Shamela0096283,24,834,1035,162,99
3343,499,700,Kraken211201162527,32,161,363,162,99
3343,549,700,Sham19Y0016584,220,541,692,120,99
3343,482,711,Sham19Y0016584,221,263,589,169,63
3343,468,711,JK007117,133,185,411,177,90
3343,499,657,Sham19Y0016684,110,1351,1509,128,99
3343,499,618,JK000122,655,1450,1567,94,94
3343,499,711,Shamela0005756,1126,1191,1406,168,96
3343,468,700,Shamela0001440Vols,187,944,1139,156,82
3343,600,700,JK000990,15,1,101,79,100
3346,413,702,JK000576,240,1135,1410,179,78
3346,413,661,Sham19Y0146127,2826,638,888,157,79
3346,431,661,ShamIbadiyya0000050,4234,427,649,155,85
3346,426,652,Shamela0009076,659,1,236,156,86
3346,413,657,JK009152,2107,175,402,150,79
3346,417,657,Tafsir09084,2294,52,310,173,85
3346,413,728,JK009141,867,347,928,202,43
3346,413,652,Zaydiyya0000229,244,658,908,172,87
3346,413,603,JK000055,155,1199,1398,128,79
3346,413,702,Shamela0013039,38,643,928,182,78
3346,417,652,Sham19Y0020944,1139,345,572,168,91
3346,436,728,JK000302,2295,139,489,158,49
3346,436,676,Shamela0007597,227,499,764,163,75
3346,413,652,JK001253,7,511,762,159,80
3346,417,652,Sham19Y0023618,1203,1053,1283,173,94
3346,413,652,JK000883,2053,649,895,156,80
3346,413,679,Zaydiyya0000328,146,157,491,191,72
3346,523,652,Sham19Y0148271,567,1,132,91,86
3346,413,652,Shamela0012403,104,802,1043,156,81
3346,426,657,Sham19Y0014119,462,1,239,166,86
3346,523,652,Shia002261Vols,368,1,124,88,89
3346,413,679,Sham19Y0017063,1217,903,1247,179,65
3346,436,630,Sham19Y0013252,8810,1313,1502,140,93
3346,413,652,Shamela0025794,2958,107,364,168,83
3346,417,728,Shamela0010463,630,301,711,205,64
3346,417,702,JK000080,786,789,1136,184,64
3346,466,657,JK000080,975,1,192,142,95
3346,417,652,ShamAY0034066,1009,829,1062,173,94
3346,417,657,Sham19Y0145212,2984,685,1412,179,31
3346,417,652,Sham19Y0036110,79,1144,1386,178,92
3346,417,679,Sham19Y0017791,1618,94,778,77,11
3346,447,596,Sham19Y0023625,2520,1345,1489,110,94
3346,436,652,JK006877,35,1156,1388,164,90
3346,417,728,JK009336,1734,484,1157,217,41
3346,436,728,Shamela0036446,1049,384,670,202,88
3346,413,666,JK000484,5195,723,985,156,75
3346,417,732,JK001249,305,558,918,198,69
3346,417,732,Shamela0000432,6037,861,1246,187,57
3346,487,652,JK000637,2470,6,167,114,89
3346,413,657,Zaydiyya0000352,257,832,1100,182,87
3346,436,728,JK000123,1488,814,980,108,46
3346,436,657,JK007070,480,163,388,165,94
3346,436,652,JK007070,668,926,1147,164,95
3346,413,702,JK000142,1065,1076,1351,182,78
3346,431,657,Kraken220413030905,154,1135,1350,156,89
3346,417,732,JK006897,395,451,792,198,73
3346,442,728,Sham19Y0017747,2382,1,285,193,82
3346,413,702,Sham19Y0131521,6277,840,1119,185,79
3346,413,652,Shamela0008203,28,818,1057,167,87
3346,436,652,Shamela0001438,3367,792,1010,141,83
3346,436,657,JK007045,669,996,1228,164,91
3346,417,657,Shamela0021809,3211,1093,1344,172,87
3346,436,661,Shia002264,376,493,713,154,87
3346,413,652,JK011642,26,804,1006,139,76
3346,481,728,JK000071,462,1,335,159,59
3346,528,657,Sham19Y0122257,2809,1292,1421,96,96
3346,413,702,Sham19Y0020591,1772,427,706,185,79
3350,322,471,Shamela0001002,1594,69,574,90,22
3352,685,889,Shamela0004473,4838,355,678,157,60
3352,535,857,Hindawi029620591,106,75,501,190,50
3352,528,876,Hindawi083096496,108,312,915,208,41
3352,607,876,Shamela0009783BK1,1435,712,1139,191,55
3352,607,801,Sham19Y0145435,1828,1207,1481,133,60
3352,596,876,Shamela0010283,4084,911,1303,198,61
3352,607,846,Sham19Y0021575,28,1235,1632,167,52
3352,685,876,Shamela0009770,1123,1,394,151,47
3353,388,562,Hindawi013957902,84,184,356,122,83
3353,401,577,Shamela0011782,496,699,901,139,87
3353,388,577,Shamela0001002,266,14,251,148,79
3353,388,577,Sham19Y0095660,170,568,786,149,86
3356,994,1631,Sham19Y0095660,1,148,818,503,91
3357,663,1090,Shamela0001002,378,334,851,200,43
3357,1,791,Sham19Y0095660,1,835,1631,632,96
3357,791,1577,Sham19Y0095660,2,1,778,619,97
3357,864,1090,Sham19Y0095660,60,29,253,161,85
3358,1,757,Sham19Y0095660,2,778,1539,603,98
3358,757,1596,Sham19Y0095660,3,1,839,679,99
3359,1,695,Sham19Y0095660,3,839,1544,543,93
3360,85,249,Sham19Y0095660,4,1,163,131,96
3368,684,1213,Hindawi025273163,47,1189,1492,247,56
3370,492,1089,Hindawi025273163,40,323,935,463,90
3371,1,669,Hindawi025273163,40,967,1576,446,79
3373,467,703,JK000132,383,487,827,155,56
3373,1130,1446,Sham19Y0001729,889,326,596,211,84
3373,1130,1446,Sham19Y0146127,744,79,325,189,73
3373,1130,1446,Shamela0021715,1911,750,1022,205,81
3373,474,703,Shamela0021715,3308,1,240,173,90
3373,1124,1446,Shamela0021715,3312,83,423,192,62
3373,401,703,Shamela0012415,155,380,775,164,49
3373,1124,1461,JK000154,668,648,939,218,80
3373,303,703,JK000154,669,191,596,220,62
3373,1130,1432,Tafsir07057,5242,11,269,192,80
3373,1130,1446,Shamela0001524,482,760,1039,207,78
3373,1130,1485,Shamela0000894,2080,589,901,216,75
3373,477,703,JK001173,386,715,934,168,90
3373,467,703,JK009152,545,986,1234,184,93
3373,467,703,Shamela0021766,2543,1079,1320,170,82
3373,1130,1450,Sham19Y0018176,499,648,924,206,81
3373,419,703,Sham19Y0018176,800,711,1031,201,78
3373,1182,1518,JK009141,596,930,1337,215,59
3373,303,703,Sham19Y0127656,196,421,885,252,60
3373,474,703,Zaydiyya0000258,153,38,255,164,87
3373,1109,1446,JK000299,455,577,829,162,55
3373,546,703,JK000299,455,1,171,125,91
3373,1121,1446,Sham19Y0018609,158,714,975,205,79
3373,1130,1446,JK000475,270,118,390,213,84
3373,1109,1446,Shamela0021744,530,885,1137,162,55
3373,474,703,Shamela0021744,530,221,479,178,87
3373,474,703,Sham19Y0023644,1704,522,734,164,86
3373,1130,1461,Sham19Y0018106,912,335,617,209,80
3373,415,703,Sham19Y0018106,1459,553,860,192,77
3373,1060,1446,Shamela0012293,3366,924,1288,234,72
3373,1130,1432,Shamela0012293,3369,772,1023,194,80
3373,1121,1446,Shamela0012293,3381,679,931,188,73
3373,1121,1446,Shamela0012293,3404,274,526,188,73
3373,1121,1446,Shamela0012293,4754,353,605,188,73
3373,1121,1446,Shamela0012293,4812,11,292,219,84
3373,1130,1461,JK011153,551,211,489,214,81
3373,1121,1446,Sham19Y0020944,283,762,1018,199,76
3373,303,703,Shamela0026039,43,630,1118,252,60
3373,464,703,JK008001,3050,955,1224,176,79
3373,337,703,Noorlib0024469,157,839,1272,230,66
3373,511,703,Shamela0004473,674,1,202,150,93
3373,1121,1450,Shamela0004473,1417,59,313,194,73
3373,467,703,Shamela0004473,1610,149,404,181,89
3373,1121,1446,Shamela0004473,10133,706,973,205,78
3373,398,703,Shamela0004473,10141,337,708,206,70
3373,563,703,Shamela0012872,165,1,165,110,84
3373,539,703,ShamIbadiyya0000433,275,1,165,132,100
3373,303,703,ShamAY0036481,27,906,1299,202,47
3373,1130,1446,Sham19Y0122406,1075,1115,1391,214,84
3373,1321,1446,ShamAY0033181,301,1,126,98,99
3373,443,703,ShamAY0033181,302,359,630,179,79
3373,467,834,ShamAY0034005,396,502,981,208,49
3373,467,703,Shamela0036569,406,801,1057,168,79
3373,467,703,Sham19Y0127713,396,146,368,152,77
3373,1242,1446,Sham19Y0018103,1011,4,208,164,100
3373,312,703,Sham19Y0018103,1488,903,1388,249,60
3373,477,703,JK007065,45,1290,1513,172,92
3373,307,703,JK007065,917,797,1295,250,61
3373,350,703,Shia004020,156,1,446,209,57
3373,1087,1413,Shamela0006947,19359,1314,1587,188,69
3373,467,703,Shamela0026884,543,389,664,181,81
3373,1130,1461,Sham19Y0013252,2091,187,469,209,80
3373,337,703,Sham19Y0013252,3590,813,1298,242,62
3373,477,749,Sham19Y0013572,96,180,491,178,70
3373,340,703,Sham19Y0013572,956,111,589,227,54
3373,1130,1446,Shamela0096337,282,256,491,166,63
3373,1124,1446,Shamela0025794,4857,273,574,214,83
3373,588,703,JK000365,2014,1,117,91,99
3373,1130,1446,Sham19Y0017729,115,83,352,206,80
3373,1130,1437,Sham19Y0018567,818,28,266,174,71
3373,1250,1446,Sham19Y0127700,142,1,186,146,93
3373,1121,1491,JK000471,649,1202,1528,232,75
3373,467,703,JK000471,650,321,568,185,94
3373,307,674,Shamela0001875,474,941,1420,232,60
3373,1130,1446,Shamela0001727,394,1054,1330,214,84
3373,1130,1446,ShamAY0033910,344,420,692,211,84
3373,1130,1491,JK009324,777,1139,1450,217,75
3373,303,703,JK009324,1200,103,514,223,66
3373,467,703,Sham19Y0145212,1037,678,919,181,93
3373,1121,1461,JK000165,1042,428,720,215,77
3373,571,703,JK000165,1044,1,133,105,100
3373,551,703,Sham19Y0127677,2948,1,153,122,100
3373,1130,1446,Sham19Y0022884,72,1041,1276,183,72
3373,521,703,Kraken220413030759,131,99,288,140,88
3373,1130,1446,JK000021,989,1072,1352,214,83
3373,307,739,JK000021,990,186,783,264,52
3373,1160,1446,JK007111,242,1010,1263,170,70
3373,1130,1508,Shamela0026568,1073,758,1552,226,32
3373,499,703,Shamela0026568,1076,886,1080,146,90
3373,1130,1446,Sham19Y0132524,642,1165,1470,214,77
3373,1124,1446,Shamela0012399,463,288,602,224,86
3373,1301,1504,Shamela0012399,464,234,481,124,52
3373,467,703,Shamela0012399,466,263,520,174,83
3373,467,674,Shamela0012399,468,316,649,161,60
3373,428,703,Shamela0008657,269,978,1232,176,78
3373,1130,1432,Sham19Y0038171,514,671,929,204,84
3373,1124,1446,JK000024,44,866,1182,220,84
3373,467,703,JK000024,45,287,562,185,84
3373,1175,1456,JK009137,1083,1205,1446,186,83
3373,398,703,Shamela0010517,727,157,499,217,78
3373,571,841,Shamela0010517,1109,1,316,135,45
3373,1121,1446,Shamela0008590,12,1077,1349,214,82
3373,1121,1461,JK009336,1535,28,304,215,79
3373,477,688,JK009336,1537,1262,1471,162,92
3373,1121,1461,JK000977,668,1030,1320,220,80
3373,464,703,JK009390,4321,407,683,185,84
3373,337,703,Shamela0009804,167,640,1069,204,56
3373,303,703,Sham19Y0095660,121,870,1303,234,62
3373,474,703,Sham19Y0020638,303,1188,1442,182,90
3373,477,703,Shamela0036446,247,1081,1287,157,84
3373,491,703,Shia003764Vols,793,393,557,120,73
3373,1130,1450,JK000484,1434,394,674,215,83
3373,401,789,JK000484,1435,452,981,185,40
3373,495,739,JK000484,1436,8,334,175,64
3373,1130,1446,JK000130,345,550,822,211,84
3373,1130,1446,JK000585,1472,775,1054,215,84
3373,1130,1446,Sham19Y0013605,1454,792,1064,205,81
3373,303,703,Sham19Y0013605,2008,38,427,216,56
3373,1130,1432,Sham19Y0018144,746,640,891,195,80
3373,1121,1432,JK000123,359,659,916,191,76
3373,474,703,JK007121,184,1218,1460,182,94
3373,1121,1446,JK000142,304,501,762,204,79
3373,401,703,JK000201,1470,955,1337,211,66
3373,1130,1446,JK000110,270,99,371,205,81
3373,529,703,JK000110,484,1,175,140,100
3373,467,703,Sham19Y0016946,290,1095,1342,185,94
3373,474,749,Shamela0001397,74,1,303,192,80
3373,1130,1446,Shamela0001397,76,156,423,210,83
3373,303,703,JK006897,121,701,1081,208,63
3373,1124,1446,Shamela0028107,275,640,946,220,85
3373,526,703,Shamela0028107,276,1,180,134,89
3373,1182,1446,JK009146,48,70,306,181,84
3373,477,703,ShamIbadiyya0000229,1474,1,214,170,94
3373,467,659,ShamIbadiyya0000229,1891,1303,1489,140,87
3373,1121,1446,Sham19Y0017747,471,419,674,199,77
3373,535,703,Sham19Y0017747,869,1248,1424,135,95
3373,535,834,JK000251,245,687,920,158,66
3373,474,703,Shia001368,348,386,600,165,89
3373,1130,1446,JK009315,17,977,1253,214,84
3373,1130,1456,Shamela0021479,36,774,1042,212,81
3373,1121,1446,Sham19Y0014462,52,54,332,220,84
3373,1060,1446,Shamela0009924,222,501,861,230,71
3373,1130,1446,JK009362,8788,925,1197,205,81
3373,1121,1446,Sham19Y0131521,1855,230,491,204,79
3373,467,703,Shia000403,64,393,640,185,94
3373,1130,1446,JK000929,246,910,1174,206,81
3373,1121,1491,Shamela0000427BK2,1414,463,779,193,61
3373,303,703,JK007107,169,49,542,256,59
3373,1130,1504,JK007107,169,740,1310,252,51
3373,1175,1446,Shamela0008540,1666,181,402,171,79
3373,474,703,Shamela0001438,4974,97,322,172,91
3373,1103,1461,Shamela0006610,240,329,656,225,73
3373,464,703,Shamela0006610,241,685,927,180,91
3373,1124,1446,JK000720,153,1019,1323,216,83
3373,1121,1446,Shamela0008381,1661,1038,1304,206,79
3373,1124,1359,Sham19Y0006684,386,1276,1503,157,82
3373,1130,1446,Sham19Y0016584,1052,423,695,205,81
3373,495,703,Sham19Y0016584,1617,15,236,166,94
3373,467,703,JK007045,194,126,356,174,90
3373,415,716,Sham19Y0145435,5572,95,441,200,69
3373,571,703,Kraken230110004547,260,7,138,101,93
3373,474,703,Zaydiyya0000454,262,145,375,171,89
3373,495,834,JK000754,414,51,849,166,24
3373,1214,1413,Sham19Y0014601,2262,1124,1311,143,90
3373,1293,1504,Sham19Y0014601,2263,912,1153,132,65
3373,477,674,Shamela0026324,3908,1097,1272,111,68
3373,1124,1446,Shamela0004482,221,492,766,214,82
3373,415,703,Shamela0004482,222,205,463,184,80
3373,401,834,JK007117,662,204,797,239,45
3373,467,703,Shia004056,16,787,1034,185,94
3373,1121,1446,JK000967,133,89,354,203,78
3373,1130,1491,Sham19Y0016684,431,163,478,224,78
3373,467,703,Sham19Y0016684,764,1157,1417,185,89
3373,366,703,Sham19Y0017885,286,1,373,206,69
3373,337,703,Rafed0000167,48,108,489,185,54
3373,467,703,ShamAY0034809,182,750,1036,185,81
3373,499,703,Sham19Y0014309,1774,349,518,126,77
3373,1130,1485,Sham19Y0014309,1776,740,1012,180,60
3373,507,703,Shia000107Vols,1129,1142,1333,139,85
3373,467,703,JK000889,27,1131,1368,177,89
3373,350,703,JK000889,28,948,1437,193,51
3373,1130,1432,ShamAY0035035,1725,1057,1315,203,84
3373,474,703,ShamAY0035035,1726,1264,1489,170,88
3373,467,739,Shamela0006549,60,675,1022,194,67
3373,1124,1446,JK000415,53,935,1310,220,71
3373,303,703,JK000415,54,38,497,217,50
3373,1130,1432,JK000219,439,506,762,191,79
3373,1130,1491,Shamela0023685,1220,685,1030,216,64
3373,499,703,Shamela0023685,1223,862,1051,143,88
3373,303,703,Shamela0037837,260,621,1087,249,58
3373,467,703,Sham19Y0122257,840,219,449,174,90
3373,1282,1446,Shamela0005756,4456,1,166,131,99
3373,1305,1552,Shamela0005756,4457,810,1394,115,23
3373,389,681,Shamela0005756,6993,1077,1433,194,66
3373,1130,1446,Shamela0005756,6998,344,614,201,80
3373,1182,1446,Sham19Y0020591,497,1186,1419,183,87
3373,1130,1446,Shamela0021751,6684,733,1041,215,83
3375,746,1096,Sham19Y0146127,747,849,1274,104,25
3375,746,998,JK000556,121,989,1224,154,75
3375,746,1096,Sham19Y0013252,3594,564,794,89,24
3375,754,1096,JK009324,1202,185,419,86,23
3375,746,1096,JK009336,1538,881,1194,108,32
3375,746,1096,Shamela0028107,276,378,650,115,41
3375,779,998,JK000754,416,1256,1447,128,75
3376,442,628,Hindawi031861395,171,310,662,146,48
3376,332,645,Hindawi092963020,162,1119,1722,233,45
3376,128,654,Hindawi092963020,323,609,1352,275,40
3376,442,654,Shamela0001242,250,46,481,163,44
3376,296,654,Shamela0010521,133,202,958,287,45
3376,296,654,Shamela0026336,62,939,1658,280,46
3376,337,645,Sham19Y0036540,1472,589,1202,170,32
3376,203,654,Shamela0012348,182,702,1613,255,33
3376,296,654,JK003609,3583,393,988,228,44
3376,296,654,Hindawi050597179,15,160,863,287,48
3376,296,645,Sham19Y0026523,5942,885,1559,271,47
3376,296,505,ShamAY0035859,379,880,1233,170,58
3376,296,654,Shia003636Vols,4449,584,1313,280,45
3376,296,510,Shamela0009788,956,1203,1551,172,60
3377,645,940,JK000468,805,232,626,206,61
3377,671,827,Shamela0009943,123,658,813,126,96
3377,671,827,JK000098,183,584,739,126,97
3377,671,827,Hindawi070930825,164,101,254,126,97
3378,698,916,Hindawi092963020,324,48,264,154,85
3378,684,916,Shamela0010521,134,117,372,171,79
3378,582,921,Shamela0026336,63,287,907,266,52
3378,582,916,JK003609,3583,1173,1649,182,41
3378,487,726,Hindawi059616186Vols,1746,1387,1689,141,53
3378,726,950,Hindawi059616186Vols,1747,1,187,129,68
3378,582,861,Sham19Y0026523,5943,138,695,217,47
3378,582,921,ShamAY0035859,380,226,840,262,52
3378,1093,1318,ShamAY0034797,713,310,562,171,82
3378,1323,1562,ShamAY0034797,713,1229,1461,166,80
3378,670,921,Shia003636Vols,4450,71,551,196,50
3378,582,916,Shamela0009788,957,719,1233,201,42
3383,737,1068,Shamela0012320,160,1195,1537,274,96
3383,766,991,Hindawi063836061,22,1539,1704,120,61
3385,395,541,Shia003986,289,1465,1619,109,87
3385,395,962,Shamela0012320,198,671,1271,377,70
3385,709,846,Hindawi081380829,376,160,322,100,78
3385,675,846,Hindawi082068526,149,929,1083,103,73
3393,1234,1590,Shamela0010551,38,758,1173,203,57
3394,21,527,Shamela0010551,40,798,1303,400,97
3395,837,976,Shamela0006909,218,995,1177,107,71
3395,1349,1499,Shamela0022579,394,660,824,111,82
3395,157,255,Hindawi037926480,310,782,880,77,100
3395,150,255,JK000106,186,695,800,80,97
3395,807,965,Shamela0010798,1897,91,263,117,85
3395,150,255,Sham19Y0029560,271,1375,1480,81,98
3395,1354,1499,Sham19Y0029560,449,757,900,97,79
3395,1349,1499,Rafed0002209Vols,1838,1039,1198,109,82
3395,1354,1499,Shamela0009091,264,474,616,104,90
3395,837,965,JK010672,117,793,921,102,99
3395,837,965,JK010743,63,298,471,102,73
3395,150,255,Kraken220218125253,486,459,565,81,97
3395,837,965,Shamela0001002,67,85,213,99,96
3395,832,965,Shamela0001002,1782,693,831,106,95
3395,837,976,Shamela0001013,63,639,832,103,66
3395,150,255,JK001099,17,502,607,79,96
3395,818,965,Shamela0001000,398,1258,1422,118,89
3395,1354,1499,Shamela0001000,776,1077,1222,111,97
3395,157,255,Sham19Y0016435,15,173,271,76,98
3395,1349,1499,Shamela0003118,5143,365,520,109,84
3395,150,255,Sham19Y0014592,2712,374,479,80,97
3396,158,531,Sham19Y0095660,118,920,1451,101,20
3397,1131,1244,Hindawi068305130,707,738,851,84,92
3398,14,433,Tafsir07057,2370,497,878,277,77
3398,14,433,Tafsir09068,498,959,1427,317,81
3398,999,1196,Shamela0001002,378,618,843,130,66
3398,20,407,Shamela0001002,1607,1024,1499,306,78
3398,14,294,JK000917,812,1215,1572,215,73
3398,999,1204,Sham19Y0095660,2,81,303,132,72
3398,991,1196,Sham19Y0095660,60,41,245,134,73
3398,20,433,Tafsir01005,2682,130,630,321,78
3406,1,939,Hindawi027373961Vols,443,98,1516,528,44
3416,1219,1448,JK006900,866,509,733,165,90
3416,1219,1448,Shamela0001002,283,313,542,181,99
3416,1219,1401,Shamela0006630,157,1180,1362,134,91
3418,1460,1605,Hindawi096069181,115,512,642,101,88
3418,1239,1485,Sham19Y0029560,934,715,964,176,84
3418,1243,1479,Shamela0012398,720,1297,1536,174,87
3418,1479,1605,Shamela0012398,721,1,128,100,99
3418,1243,1485,Shamela0009091,705,976,1231,177,83
3418,1243,1605,Shamela0010525,137,267,630,259,86
3418,1243,1589,JK003609,2859,404,760,261,89
3418,1243,1605,Kraken220218125255,347,450,820,262,86
3418,1455,1605,Shamela0006744,308,460,600,105,88
3418,1243,1605,Shamela0001000,366,630,996,274,91
3418,1433,1605,Sham30K0033307,68,282,439,118,88
3418,1433,1605,Sham30K0033307,263,406,563,118,88
3418,1433,1605,Sham30K0033307,458,552,709,118,88
3418,1441,1605,Shamela0006624,359,1352,1516,128,99
3418,1494,1605,JK010724,16,1363,1474,86,98
3418,1494,1605,JK010766,212,581,694,88,98
3418,1243,1605,Shamela0011056BK1,45,1072,1441,269,90
3418,1267,1605,Shia003636Vols,7585,995,1328,224,76
3418,1243,1589,Shamela0011790,788,168,502,240,81
3418,1267,1605,Shamela0009788,602,1015,1348,224,76
3419,866,979,Shamela0010551,220,224,455,84,45
3420,1109,1237,Sham19Y0147597,861,1293,1439,86,77
3420,1145,1280,Hindawi092529537,11,1390,1526,94,90
3420,501,679,Sham19Y0023644,3797,803,1105,109,45
3420,417,679,Sham19Y0023644,4140,1075,1344,154,66
3420,506,679,Shamela0000736,3919,198,368,106,77
3420,1,174,Shamela0005446,512,833,1293,123,34
3420,1145,1280,JK009304,271,585,721,68,66
3420,1157,1280,Hindawi092480708,78,1,170,84,65
3420,896,1093,Shamela0001002,1178,726,1193,145,39
3420,1,174,JK001477,93,664,1135,121,32
3420,18,174,JK009365,379,981,1157,86,52
3420,1145,1280,JK000927,1315,1165,1346,93,67
3420,1,174,JK000927,3604,157,690,126,30
3420,1140,1280,JK000919BK1,81,1228,1428,97,64
3420,432,679,Shamela0012406,1876,1,247,163,80
3420,1145,1280,JK010621,240,590,727,90,83
3420,1109,1237,Sham19Y0018147,1128,548,691,79,73
3420,1109,1384,Shamela0001000,269,1170,1427,143,67
3420,1145,1280,Hindawi091797130,114,856,991,103,98
3420,179,423,Shamela0006739,185,728,936,119,55
3420,891,1102,Sham19Y0073350,235,483,690,139,80
3420,1113,1384,Hindawi017160604,603,655,926,122,49
3421,1424,1579,ShamAY0032251,25,591,746,123,98
3421,1431,1579,Shamela0011789,237,829,977,120,100
3421,1304,1579,ShamAY0033769,48,509,1224,209,36
3421,1431,1579,Shamela0010013,470,650,798,116,97
3421,1013,1172,Sham19Y0000259,573,1283,1442,121,96
3421,963,1172,Shamela0001002,856,994,1335,151,55
3421,137,464,Shamela0001002,1865,321,772,244,64
3421,1286,1416,JK003609,4943,1197,1340,106,90
3421,1461,1579,JK003609,4944,1,118,95,99
3421,1286,1579,Shamela9007669,130,841,1351,223,53
3421,1247,1420,Sham19Y0095660,58,371,569,128,80
3421,1431,1579,Shamela0001000,813,1167,1315,119,99
3421,1431,1579,Shamela0006730,208,1261,1409,120,100
3421,1431,1579,Shia003636Vols,10185,775,1067,113,48
3421,1286,1579,Shamela0001003,458,861,1378,232,54
3421,137,464,Sham19Y0073350,548,427,865,237,63
3422,622,880,Shamela0035100,7693,807,1087,175,75
3422,648,880,Shamela0001002,2454,8,280,173,76
3422,669,880,JK003609,434,1395,1551,114,68
3422,777,880,Shamela0001000,1273,45,147,77,93
3422,195,354,Shamela0006730,153,1102,1261,127,100
3422,195,354,Shamela0011682,1106,1023,1237,127,74
3422,195,354,JK010473,143,334,493,127,100
3423,256,465,Shamela0001002,415,235,530,135,53
3423,246,465,Rafed0000230Vols,382,488,930,89,22
3423,256,465,Shamela0006739,1951,104,399,135,53
3424,1,203,Shamela0001002,1060,565,788,164,90
3424,1,203,Sham19Y0026523,6339,61,278,159,87
3426,1407,1522,ShamAY0034541,95,135,250,94,100
3426,1407,1522,Shia003956,270,609,758,94,77
3426,1407,1522,JK010724,71,14,129,94,100
3432,747,874,Sham19Y0000259,1066,272,406,91,79
3432,747,874,Shia003764Vols,634,1445,1575,90,81
3432,747,874,Shamela0001000,928,34,164,90,81
3432,747,874,Shia003636Vols,497,126,258,90,80
3432,747,874,Shamela0006743,7,47,177,90,81
3433,1323,1463,JK000927,825,1187,1352,100,72
3438,1106,1325,Sham19Y0014827,163,1251,1493,131,64
3438,1327,1529,Sham19Y0014827,164,1,240,147,77
3438,1106,1506,Sham19Y0014827,343,690,1149,272,72
3438,1106,1506,Sham19Y0014827,519,663,1122,272,72
3438,1077,1506,Sham19Y0018103,235,9,587,285,62
3438,1193,1506,Sham19Y0018103,501,82,471,244,78
3438,1077,1529,Sham19Y0018103,1004,656,1270,304,62
3438,1193,1506,Sham19Y0018103,1266,102,491,244,78
3438,1077,1506,Sham19Y0018103,1518,807,1385,285,62
3438,1077,1529,Sham19Y0018103,1755,756,1368,304,62
3438,1219,1506,Sham19Y0018103,2014,1,364,222,77
3438,1077,1506,Sham19Y0018103,2270,717,1295,285,62
3438,1077,1430,Sham19Y0018103,2528,1059,1529,226,61
3438,1095,1506,Sham19Y0018103,2796,1,564,277,62
3438,1077,1506,Sham19Y0018103,3053,217,799,285,62
3438,1077,1506,Sham19Y0018103,3295,451,1033,285,62
3438,1193,1506,Sham19Y0018103,3531,80,469,244,78
3438,1077,1506,Sham19Y0018103,3778,625,1207,285,62
3438,1077,1529,Sham19Y0018103,4042,760,1376,304,62
3438,1193,1506,Sham19Y0014592,224,79,428,248,88
3438,1077,1506,Sham19Y0014592,478,219,759,303,68
3438,1193,1506,Sham19Y0014592,752,1,350,248,88
3438,1235,1506,Sham19Y0014592,1026,1,308,214,87
3438,1115,1529,Sham19Y0014592,1310,5,538,284,65
3438,1077,1325,Sham19Y0014592,1575,1272,1595,161,59
3438,1327,1510,Sham19Y0014592,1576,1,220,141,81
3438,1077,1506,Sham19Y0014592,1840,1022,1562,301,68
3438,1077,1506,Sham19Y0014592,2110,235,775,301,68
3438,1077,1409,Sham19Y0014592,2359,1127,1534,226,67
3438,1077,1506,Sham19Y0014592,2607,334,878,301,67
3438,1077,1506,Sham19Y0014592,2856,482,1026,302,68
3444,315,833,JK000468,102,1146,1715,380,78
3444,315,1022,JK000676,310,742,1482,483,73
3444,264,1017,JK009149,629,380,1320,539,68
3444,264,783,Shamela0002573,19,1062,1604,372,81
3444,783,1057,Shamela0002573,20,1,267,172,71
3446,687,1187,Shamela0010717,41,469,1187,339,57
3446,687,1170,JK000468,592,922,1432,313,69
3446,687,1187,JK000676,439,997,1556,326,66
3446,687,1187,JK009336,5,608,1214,334,64
3446,687,1187,Shamela0009804,50,168,780,319,60
3446,687,1063,Hindawi070930825,100,1050,1196,96,32
3447,953,1289,JK000279,268,1197,1550,202,63
3449,310,480,JK000468,1349,1523,1692,128,93
3449,480,795,JK000468,1350,13,440,251,70
3449,310,795,Hindawi079072819,31,878,1484,386,77
3449,310,795,JK000676,608,651,1270,380,74
3449,310,628,Hindawi070930825,19,1380,1741,248,82
3449,533,795,Hindawi070930825,20,11,242,157,64
3450,907,1281,Hindawi079072819,169,175,586,225,56
3450,127,403,JK000906,53,481,1151,182,33
3450,249,392,JK001295,357,1050,1222,113,81
3452,124,375,Shamela0010717,14,542,810,150,58
3452,1,396,JK000468,37,337,823,232,56
3452,1,396,JK000676,114,780,1271,240,58
3452,1,396,ShamIbadiyya0000229,54,661,1112,223,56
3454,686,1460,Sham19Y0147597,1082,917,1667,593,92
3455,1,1013,Sham19Y0147597,1083,150,1156,776,91
3460,435,597,JK010658,88,636,798,127,96
3460,435,597,JK006900,645,1058,1221,127,96
3460,435,597,Shamela0021510,105,190,351,131,99
3460,435,611,JK009370Vols,2220,1078,1251,137,95
3471,1321,1549,JK000917,1019,846,1168,147,54
3472,331,1155,JK000917,1329,263,1526,471,44
3472,765,1507,JK000917,1330,28,552,258,38
3473,102,450,JK000162,343,767,1103,100,26
3473,1,372,JK000917,1330,552,1033,201,51
3473,361,1006,JK000917,1331,447,1131,304,44
3473,102,422,JK001020,38,794,1187,85,19
3473,102,422,JK001157,805,871,1074,79,23
3474,706,1034,JK000279,327,512,855,236,81
3474,1105,1382,JK000279,328,1,327,221,83
3475,164,586,Hindawi018385936,16,1150,1613,178,39
3475,586,927,Hindawi018385936,17,1,342,266,93
3486,611,902,Hindawi036480695,24,710,1025,212,83
3486,881,1188,Hindawi036480695,26,22,330,255,99
3486,611,902,Hindawi097053705,40,363,671,207,81
3486,881,1188,Hindawi097053705,41,1346,1654,253,98
3488,1492,1673,ShamAY0034282,2449,965,1347,114,35
3488,1489,1673,Shamela0028107,709,567,714,116,79
3488,1492,1673,ShamIbadiyya0000155,56,836,976,108,75
3497,775,1021,Shamela0004473,11793,1041,1401,143,49
3497,775,1274,JK000279,496,713,1469,283,44
3497,229,683,Sham19Y0123663,4,281,996,270,44
3500,1198,1631,Sham19Y0095660,110,862,1297,353,99
3501,1,355,Sham19Y0095660,110,1297,1652,288,99
3501,355,1654,Sham19Y0095660,111,1,803,660,61
3502,1,869,Sham19Y0095660,111,803,1672,710,99
3502,869,1631,Sham19Y0095660,112,1,775,620,98
3503,1390,1547,Sham19Y0018315,211,897,1054,122,100
3503,1390,1551,ShamAY0032826,762,1316,1479,125,98
3503,1385,1514,ShamAY0036163,8,1040,1156,79,74
3503,1390,1551,JK008001,4510,512,662,95,70
3503,1390,1542,ShamAY0035247,20,257,393,91,73
3503,1390,1551,Zaydiyya0000067,80,1275,1425,95,70
3503,1390,1551,Sham19Y0127677,1557,440,590,95,70
3503,1390,1547,JK001297,282,377,529,118,96
3503,1390,1600,Sham19Y0038171,895,1200,1392,137,84
3503,1390,1514,JK000024,4,1299,1415,79,77
3503,1,872,Sham19Y0095660,112,775,1647,715,99
3503,1385,1542,JK005005,586,774,931,118,93
3503,1385,1590,JK001091,192,455,575,90,57
3503,1390,1569,Shamela0001438,2559,1223,1370,95,66
3503,1433,1547,Shamela0012738,115,1,115,89,100
3503,1390,1542,Shamela0012884,2360,786,921,90,73
3504,1,137,Sham19Y0018315,211,1256,1392,109,100
3504,352,711,Sham19Y0018315,215,26,511,198,48
3504,760,918,JK007025,71,1018,1168,104,85
3504,760,918,JK005004,643,819,972,110,91
3504,399,722,Shamela0009993,107,126,433,214,78
3504,760,918,Sham19Y0017817,280,221,398,112,83
3504,1311,1487,ShamAY0035247,9,96,284,139,91
3504,213,418,ShamAY0035247,11,603,985,130,42
3504,760,918,ShamAY0035247,17,322,482,108,86
3504,1,137,ShamAY0035247,21,822,958,108,99
3504,760,918,Shamela0030725,4,737,887,104,85
3504,760,910,Shia001555Vols,1073,229,395,108,83
3504,9,137,Zaydiyya0000049,557,1140,1271,95,87
3504,213,418,JK000281,1592,804,1061,97,35
3504,760,906,JK000281,1594,321,474,105,86
3504,1102,1487,JK005005,576,187,651,291,76
3504,13,137,JK005005,587,667,804,99,89
3504,394,707,JK005005,590,978,1295,195,71
3504,128,640,JK001091,192,604,1009,156,33
3504,760,918,JK005007,506,1165,1323,107,87
3504,1,137,Shamela0012744,4,44,182,107,97
3504,1,137,JK009226,659,847,987,106,91
3504,760,910,Shia004456Vols,1797,1049,1215,108,83
3504,749,918,Sham19Y0149697,2353,1213,1384,114,82
3504,213,418,Sham19Y0149697,2354,260,501,102,54
3504,162,707,Shamela0012738,115,193,692,231,46
3504,760,918,JK007063,383,1129,1286,97,78
3505,48,156,ShamAY0032826,31,390,504,84,94
3505,48,156,JK008001,273,16,128,84,96
3505,616,914,JK006478,5748,1209,1540,172,62
3505,37,291,Shamela0006947,1883,705,1270,170,37
3505,940,1180,JK001160,127,537,767,154,74
3505,672,914,JK000906,5824,707,944,191,97
3505,685,914,JK001496,1206,210,439,169,87
3505,48,156,Sham19Y0127677,390,914,1026,84,96
3505,48,156,JK001297,19,788,896,82,96
3505,685,914,JK009266,5842,1063,1282,147,71
3505,48,156,JK009390,388,136,244,81,92
3505,43,159,JK005005,771,908,1024,89,99
3505,914,1180,JK005005,821,845,1129,213,92
3505,43,181,JK001091,192,304,455,107,90
3505,685,908,Tafsir02079,2576,151,350,139,72
3505,48,156,JK009236,271,353,468,82,92
3505,685,914,Shamela0023591,4527,155,365,158,83
3505,48,156,Shamela0001438,849,278,390,84,96
3505,601,914,Sham19Y0014309,147,1212,1509,190,67
3505,48,181,Shamela0012738,114,1336,1463,98,94
3506,54,1288,Shamela0005388,209,195,1549,913,81
3506,1288,1473,Shamela0005388,210,1,192,150,93
3507,1,385,Shamela0005388,210,938,1547,304,62
3507,385,1330,Shamela0005388,211,1,1142,730,78
3508,1380,1580,Shamela0000580,96,339,531,123,67
3508,669,922,ShamAY0007299,4084,849,1091,145,66
3508,1290,1609,Sham19Y0029560,1490,1168,1520,160,52
3508,1438,1609,Shamela0009091,1179,837,1021,115,78
3508,1438,1609,Shamela0001002,2657,234,424,112,73
3508,669,1033,JK000676,168,206,578,243,69
3508,1,198,Shamela0005388,24,473,694,151,86
3508,749,1033,Shamela0012320,654,1,304,228,92
3508,1438,1609,JK000806BK1,327,110,301,120,79
3509,654,834,JK001302,615,60,246,134,87
3509,553,829,JK000279,273,1274,1538,215,95
3509,1319,1499,JK001090,107,709,1119,125,37
3509,940,1306,Shamela0005388,116,1336,1650,187,55
3509,1266,1620,Shamela0005388,117,156,632,243,60
3510,44,144,JK006919,649,298,396,76,98
3510,44,139,Hindawi092529537,56,251,344,71,96
3510,756,975,Hindawi079072819,168,926,1236,131,50
3510,39,139,Hindawi080268240,89,230,329,74,96
3510,558,1085,JK000676,189,331,724,221,46
3510,44,139,JK000927,709,1064,1158,73,98
3510,44,139,JK000927,1785,373,467,73,98
3510,1,310,JK001090,108,510,852,222,82
3510,1,310,Shamela0005388,117,632,1004,235,80
3510,558,1080,Shamela0012320,676,468,854,220,47
3510,44,139,Shamela0010283,847,782,876,73,98
3512,920,1225,Shamela0005388,13,1028,1341,239,94
3513,190,995,ShamAY0035131,36,547,1153,481,74
3514,847,1479,Shamela0001417,267,194,1323,359,36
3514,302,475,JK010778,122,331,500,139,97
3514,236,475,Shamela0005446,208,21,236,164,81
3514,847,1479,Hindawi092480704,44,74,1230,353,34
3514,847,1183,JK001295,648,518,1218,196,33
3514,1139,1479,JK001295,649,1,252,176,63
3514,869,1033,Tafsir01005,2849,71,234,108,78
3514,888,1479,Sham19Y0150960,1081,185,1085,357,45
3514,302,475,Shia003636Vols,3559,171,341,126,85
3514,290,475,Shamela0006743,56,1204,1391,138,85
3514,302,475,Shamela0037032,1,842,1014,133,89
3515,472,668,Shamela0005354,54,845,1257,82,23
3515,472,727,JK010778,208,244,397,79,40
3515,422,758,Shamela0005446,203,872,1485,147,24
3515,472,727,Sham19Y0020762,285,1331,1484,79,40
3515,422,871,JK010743,71,852,1438,125,18
3515,620,920,Hindawi073640603,217,1272,1398,79,33
3515,422,768,Shamela0037460,10,652,1282,153,24
3515,472,727,Shia003636Vols,3602,425,578,79,40
3515,472,727,Shamela0006743,112,1245,1404,79,40
3515,620,871,Hindawi030807493,167,1129,1412,86,28
3515,472,668,Sham19Y0120922,632,842,1255,75,19
3515,314,727,Shamela0011790,2256,372,1095,168,26
3515,472,727,Shamela0037032,57,358,517,79,40
3516,599,1056,Shamela0012720,10,62,649,295,58
3516,130,465,Shamela0012720,18,1020,1470,208,58
3516,782,1061,ShamIbadiyya0000379,43,13,429,172,46
3517,738,1442,JK000298,2612,199,822,232,30
3517,499,693,JK000556,314,952,1201,124,60
3517,376,594,Shamela0012399,4023,894,1133,134,69
3517,882,1387,Sham19Y0122096,1865,1073,1322,107,23
3517,376,590,JK001503,3468,28,410,135,44
3517,138,433,ShamAY0035131,121,1,387,213,67
3517,738,873,Shamela0001390,113,800,961,107,79
3517,376,590,Shamela0028107,672,256,486,133,70
3517,376,590,Sham19Y0006684,4108,204,428,134,71
3517,515,693,JK000754,2300,1118,1446,133,50
3518,843,1091,Hindawi017083713,88,438,709,192,84
3518,826,1331,Shamela0001002,471,12,515,404,99
3518,826,1339,Shamela9007669,174,366,880,398,94
3518,843,1331,Shamela0097927,14,1006,1480,377,95
3518,826,1331,Shamela0026350,466,222,720,397,96
3519,941,1193,Shamela0004363,106,305,548,171,75
3519,1270,1469,JK000532,915,481,661,106,59
3519,1236,1469,JK000985,60,956,1166,163,87
3519,91,379,Hindawi092963020,463,992,1152,82,37
3519,1236,1529,JK000556,244,888,1164,209,87
3519,1262,1469,Shamela0035100,7871,831,1033,121,64
3519,1236,1469,JK000981,76,750,962,161,86
3519,812,964,Shamela0001002,466,238,396,100,79
3519,941,1193,Shamela0001002,468,239,459,175,83
3519,468,789,Shamela0096180,188,1052,1374,258,97
3519,453,789,Sham19Y0095660,142,905,1254,263,90
3519,812,964,Sham19Y0145334,2538,353,519,100,75
3519,1,171,Shamela0026350,445,1313,1482,126,91
3519,1024,1193,Shamela0026350,447,1,196,135,83
3519,1262,1469,Shamela0010906,6474,1157,1380,109,54
3519,1236,1469,Shamela0023798,215,828,1038,163,87
3519,1236,1529,JK000754,1366,827,1096,210,89
3519,1236,1469,JK007117,1180,568,778,163,87
3520,12,167,JK000532,915,692,848,118,95
3520,1085,1622,Shia003362Vols,879,140,281,116,26
3520,1,238,JK000556,244,1164,1425,186,88
3520,409,1622,ShamAY0032275,225,918,1266,266,27
3520,12,167,Shamela0035100,7871,1064,1220,117,94
3520,664,790,Shamela0001002,471,1476,1602,102,99
3520,409,653,Shamela0001002,471,542,794,190,91
3520,1044,1628,Shamela0001002,472,799,1596,425,62
3520,1,238,JK006975,181,520,970,186,51
3520,398,653,Shamela0026350,466,762,1021,195,92
3520,664,877,Shamela0026350,467,29,246,164,94
3520,1044,1429,Shamela0026350,467,1083,1566,256,56
3520,1442,1628,Shamela0026350,468,9,231,149,80
3520,12,167,Shamela0010906,6474,1411,1566,118,96
3520,5,238,Shamela0023798,214,423,684,153,74
3520,1,246,JK000754,1366,1096,1341,196,100
3520,416,653,JK006920,53,131,369,188,95
3520,664,877,JK006920,53,1039,1254,168,96
3521,708,1157,Shamela0004363,106,554,1048,291,70
3521,280,465,JK001480,15,410,596,153,99
3521,1183,1644,ShamAY0032275,226,110,547,343,89
3521,708,840,Shamela0001002,468,465,606,107,93
3521,1195,1644,Shamela0001002,474,532,993,363,96
3521,708,922,Shamela0026463,22,699,916,159,84
3521,1216,1644,JK000917,615,492,953,313,83
3521,708,1157,Shamela0026350,447,202,812,344,68
3521,1216,1593,Shamela0037325,828,1141,1520,307,98
3522,1,998,ShamAY0032275,226,547,1593,800,94
3522,998,1449,ShamAY0032275,227,1,461,353,95
3522,1,579,Shamela0001002,474,993,1593,470,95
3522,579,1449,Shamela0001002,475,1,809,638,90
3522,1,565,JK000917,615,953,1595,434,80
3522,591,1449,JK000917,616,1,885,601,78
3522,1,1449,Shamela0037325,829,62,1536,1163,97
3523,1323,1621,ShamAY0032275,228,926,1225,241,99
3523,543,697,ShamAY0032275,228,768,916,115,91
3523,543,766,Shamela0001002,477,1357,1570,165,91
3523,766,1621,Shamela0001002,478,1,856,688,99
3523,599,1165,JK000917,1371,1034,1586,433,93
3523,1165,1621,JK000917,1372,1,436,345,93
3524,249,413,Shamela0006234,11,965,1111,67,43
3524,249,413,Shamela0006729,36,1529,1680,70,45
3524,249,408,Shamela0027084,109,738,963,70,34
3524,222,408,Shamela0001003,265,505,682,97,54
3524,222,902,ShamAY0037021,57,736,931,116,20
3525,1357,1624,Shamela0006633,172,738,942,156,71
3525,1394,1624,JK006900,535,588,766,142,76
3525,1394,1624,Shamela0035100,6881,253,483,185,99
3525,1365,1624,Shamela0001002,501,314,615,203,81
3525,1394,1624,Shamela0021510,179,1223,1453,185,99
3525,490,957,Shamela0031215,1045,982,1571,245,45
3525,1365,1624,Shamela0031215,1046,672,913,188,89
3525,1370,1624,JK009370Vols,2262,1319,1584,198,92
3525,728,976,Shamela0006730,152,45,690,171,32
3525,1370,1618,Shamela0009788,989,542,787,190,93
3526,1,172,Shamela0006633,172,942,1113,134,98
3526,1,172,JK006900,535,766,938,133,97
3526,1,172,Shamela0035100,6881,483,655,133,97
3526,1,172,Shamela0001002,501,615,786,134,98
3526,1,172,Shamela0021510,179,1453,1619,127,93
3526,1,172,Shamela0031215,1046,913,1084,132,97
3526,42,172,JK009370Vols,2263,1,131,103,98
3526,50,172,Shamela0009788,989,783,905,98,99
3527,100,476,Hindawi092963020,460,997,1320,249,82
3527,128,476,Shamela0001002,502,982,1301,241,83
3527,712,850,Shamela0096180,235,612,766,101,76
3527,128,393,Sham19Y0095660,56,1383,1586,135,61
3527,89,469,Hindawi073941747,4,646,973,246,78
3529,93,613,Sham19Y0147597,330,976,1350,260,61
3529,86,348,JK000532,831,1323,1446,83,41
3529,86,538,Shamela0035100,6880,1249,1471,129,37
3529,1333,1492,Shamela0001002,462,589,755,106,72
3529,86,348,Shamela0001002,496,290,418,83,40
3529,93,613,Shamela0031215,1045,142,621,272,64
3529,86,348,Sham19Y0001994,468,988,1111,83,41
3529,86,348,ShamAY0035866,162,942,1065,81,38
3530,257,411,Sham19Y0020762,1113,462,623,121,92
3530,811,1294,Shamela0006947,12664,286,713,336,87
3530,292,517,JK001460,547,1,180,112,61
3530,170,794,Shamela0010525,55,649,1198,390,75
3530,811,1294,Shamela0001002,240,369,795,320,81
3530,1299,1462,Shamela0001002,376,943,1089,110,84
3530,158,794,Shamela0001002,461,572,1212,509,98
3530,1,170,Shamela0001002,462,755,921,125,90
3530,170,794,JK003609,1785,544,1157,485,95
3530,257,773,Shamela0001386,4,1,374,192,40
3530,170,794,Sham19Y0145334,484,899,1494,408,77
3530,248,568,Shamela0007328,96,374,607,164,63
3530,147,731,Shamela0027084,36,1020,1579,357,69
3530,158,794,Sham19Y0013235,114,488,1102,408,74
3530,257,416,Shamela0023735,3064,1001,1214,117,67
3530,811,1271,JK006920,29,1061,1463,311,85
3530,1299,1457,JK006920,35,620,779,122,95
3530,170,794,Shamela0009788,351,754,1373,477,93
3530,180,806,Shamela0009788,1981,769,1395,434,82
3531,11,387,Shamela0004363,66,1129,1566,297,83
3531,387,1370,Shamela0004363,67,1,910,526,53
3531,60,1370,Sham19Y0073348,3312,1,1253,787,62
3531,85,286,Shamela0006947,12665,1,204,142,83
3531,650,1370,Shamela0006947,12665,225,785,381,61
3531,1009,1370,Shamela0035100,5566,969,1254,186,63
3531,5,570,Hindawi026949253,85,274,599,229,48
3531,5,912,Shamela0001002,235,702,1608,688,88
3531,919,1370,Shamela0001002,236,1,648,346,66
3531,11,286,Shamela0001002,238,705,954,154,65
3531,1,406,Shamela0026350,335,1235,1677,285,72
3531,406,1370,Shamela0026350,336,1,959,576,59
3531,1165,1370,Shamela0010906,5329,190,375,137,79
3531,11,286,JK006920,30,701,1002,192,75
3531,650,1370,JK006920,30,1023,1527,364,61
3531,11,250,Shamela0009788,1977,942,1176,117,55
3531,1173,1370,Shamela0009788,1978,608,805,145,87
3532,1362,1573,Sham19Y0009800,1084,1264,1475,168,100
3532,1362,1573,Sham19Y0009800,1189,1101,1312,168,100
3532,1362,1566,Shia001432Vols,6898,14,218,158,95
3532,1362,1573,Hindawi074603536Vols,307,338,549,168,100
3532,54,599,Shamela0004363,69,1075,1461,260,56
3532,602,1461,Shamela0004363,70,210,1188,493,52
3532,1362,1566,Shamela0001524,2158,1131,1335,162,100
3532,1362,1573,Shamela0023695,726,659,910,168,84
3532,1362,1566,Sham19Y0023608,1733,1297,1501,162,100
3532,850,1561,Hindawi068305130,161,1003,1665,376,54
3532,1362,1566,Zaydiyya0000062,721,555,759,162,100
3532,1362,1566,Meshkat0014420,2181,383,587,162,100
3532,54,599,Sham19Y0073348,3314,1239,1573,235,53
3532,1347,1531,JK010001,3758,119,302,145,99
3532,1362,1566,Shamela0004473,1321,123,327,162,100
3532,1362,1566,Shamela0004473,4314,710,916,162,99
3532,1362,1566,Sham19Y0023618,781,103,307,162,100
3532,1362,1566,Shamela0010273,1090,620,824,162,100
3532,1362,1566,Shia003461Vols,31,818,1055,162,86
3532,1362,1566,Rafed0001713Vols,1044,1304,1508,162,100
3532,1362,1573,JK006478,4605,915,1126,168,100
3532,1362,1566,JK009268,2327,128,332,162,100
3532,1,111,Shamela0006947,12666,1200,1585,79,25
3532,111,1573,Shamela0006947,12667,9,1550,988,70
3532,1362,1566,JK000382,166,682,886,162,100
3532,54,336,Shamela0001002,238,1354,1613,186,83
3532,394,606,Shamela0001002,239,734,942,164,97
3532,619,921,Shamela0001002,373,1352,1666,224,86
3532,921,1382,Shamela0001002,374,1,477,214,40
3532,1362,1566,Shia002356Vols,479,1283,1488,162,99
3532,1362,1566,JK000367,356,353,557,162,100
3532,1362,1566,JK009266,4652,539,743,162,100
3532,1347,1531,Tafsir07055,3917,397,580,145,99
3532,1362,1566,Sham19Y0016953Vols,332,659,864,162,99
3532,1362,1566,Shamela0029743,406,440,644,162,100
3532,1362,1566,JK009270,2043,1147,1351,162,100
3532,626,1566,Hindawi051620274,23,1,842,517,59
3532,1362,1573,JK007018,278,138,349,168,100
3532,1362,1566,QuranAnalysis001,87,991,1195,162,100
3532,54,599,Shamela0026350,338,852,1246,273,58
3532,602,1406,Shamela0026350,339,42,898,409,45
3532,1362,1566,Shamela0037458,1656,1013,1217,162,100
3532,1406,1566,Shamela0023591,3676,1,161,127,100
3532,1362,1566,Rafed0003943Vols,579,317,521,162,100
3532,1362,1566,Shamela0023578,1464,422,626,162,100
3532,1362,1573,Shamela0004445,2085,166,377,168,100
3532,1356,1573,Zaydiyya0000082,34,615,832,173,100
3532,1362,1566,JK009396,598,86,290,162,100
3532,1362,1566,Hindawi030353837,963,1357,1561,162,100
3532,1362,1566,Shamela0010283,3407,796,1000,162,100
3532,54,1028,JK006920,32,728,1626,587,65
3532,1028,1566,JK006920,33,1,654,414,78
3532,1371,1566,Shamela0008473,2330,1,196,155,100
3532,925,1566,Hindawi096809026,272,341,1057,274,40
3533,130,866,Shamela0004363,71,12,792,423,61
3533,452,891,Hindawi068305130,162,117,545,326,91
3533,52,891,Shamela0006947,12668,212,1050,664,97
3533,48,699,Shamela0001002,374,779,1578,388,55
3533,1388,1567,Shamela0001002,378,6,180,138,97
3533,361,648,Hindawi051620274,23,842,1138,198,77
3533,60,468,Shamela0026350,339,1199,1646,222,54
3533,480,866,Shamela0026350,340,96,489,246,74
3533,1,654,JK006920,33,654,1602,508,65
3533,654,891,JK006920,34,1,242,185,95
3533,480,891,Hindawi096809026,273,83,500,252,69
3533,377,891,Shamela0009788,1981,16,570,310,62
3534,1,682,Shamela0001002,378,180,863,539,95
3534,703,1263,Shamela0001002,462,1196,1624,352,76
3534,1263,1608,Shamela0001002,463,1,372,272,89
3534,423,670,Sham19Y0095660,2,74,300,156,75
3534,410,703,Sham19Y0095660,60,1,276,190,77
3534,703,1526,Shamela0026350,351,765,1322,419,60
3534,721,891,Sham19Y0013235,153,1242,1448,109,57
3535,368,1060,Shamela0096180,180,10,676,337,48
3536,1163,1508,Shamela0096180,183,1160,1484,167,54
3536,806,1113,Shamela0096180,184,1155,1442,160,54
3537,641,1238,Shamela0096180,189,275,667,224,39
3540,786,1030,Meshkat00057178,3296,1049,1290,179,90
3540,836,1124,JK000917,1395,5,302,220,94
3540,786,1124,Tafsir01005,5241,528,874,262,95
3543,513,800,Shamela0036357,800,1068,1342,185,74
3543,809,1218,Shamela0036357,802,1049,1479,310,88
3543,502,733,JK000533,820,59,322,185,86
3543,1252,1518,JK000533,823,117,428,195,76
3543,491,790,Sham19Y0018315,145,537,871,241,89
3543,809,1482,Sham19Y0018315,147,640,1487,520,76
3543,1,257,JK000556,259,809,1152,174,60
3543,491,628,JK000138,358,7,150,95,83
3543,513,741,JK001293BK1,518,955,1204,173,84
3543,502,733,Shamela0001584,91,503,766,186,87
3543,1378,1518,Shamela0001584,92,1,144,107,96
3543,491,790,JK005005,452,1175,1516,239,86
3543,809,1218,JK005005,454,1067,1498,316,89
3543,1218,1510,JK005005,455,1,401,195,56
3543,1,257,JK000754,1456,935,1205,194,87
3543,513,648,Shamela0005832,56,1304,1478,92,60
3543,491,767,Shamela0012738,101,608,897,211,86
3543,855,993,Shamela0012738,102,1361,1496,89,75
3543,1252,1518,Shamela0012738,103,238,538,123,41
3544,152,336,Shamela0036357,804,873,1092,131,73
3544,1,162,JK000533,823,428,583,114,86
3544,351,577,JK000533,831,757,968,168,92
3544,1,131,Sham19Y0018315,148,37,167,104,100
3544,152,351,Sham19Y0018315,150,482,720,141,72
3544,351,577,Sham19Y0018315,152,853,1079,182,100
3544,1,577,Shamela0001584,92,144,1186,368,44
3544,1,131,JK005005,455,401,531,104,100
3544,152,351,JK005005,457,746,985,141,71
3544,351,577,JK005005,459,930,1156,181,99
3544,351,577,Sham30K0033307,17,1053,1265,169,93
3544,351,577,Sham30K0033307,212,1169,1381,169,93
3544,351,577,Sham30K0033307,407,1303,1515,169,93
3544,362,566,Shamela0012738,105,1074,1238,120,72
3544,1077,1290,Shamela0021751,6929,816,1067,74,33
3544,890,1290,Shamela0021751,7172,947,1510,278,61
3546,390,902,Sham19Y0014197,163,846,1337,367,87
3546,395,902,Shamela0012398,1819,459,945,370,86
3546,366,902,Kraken22021817402301,99,243,780,367,79
3546,395,910,Shamela0001002,1825,132,626,376,87
3546,390,902,Shamela0011682,373,237,733,382,89
3546,473,902,ShamAY0034230,308,867,1255,275,76
3546,721,861,JK000170,3686,227,392,112,83
3547,1220,1396,Shamela0006947,4212,1390,1591,141,87
3547,1396,1582,Shamela0006947,4213,1,175,131,86
3547,1220,1579,JK000917,482,690,1094,282,85
3547,1309,1579,Sham19Y0014555,370,754,1046,197,80
3547,1220,1432,JK009362,2203,1349,1567,165,92
3547,158,350,ShamAY0034230,309,15,628,135,26
3547,1170,1450,ShamAY0034230,441,1093,1429,129,46
3547,1139,1450,ShamAY0032443,587,984,1207,147,55
3548,357,696,Shamela0006947,4213,507,1276,255,41
3548,5,187,JK000917,481,492,668,137,92
3548,5,187,Shamela0000432,449,535,693,124,84
3548,5,187,Shamela0000432,5719,642,800,125,84
3548,5,177,JK009362,2203,1153,1318,131,94
3548,357,696,ShamAY0034230,442,239,1047,261,40
3552,133,391,Tafsir02102,1267,462,686,133,61
3552,133,391,JK000906,2298,1221,1445,133,63
3552,1242,1527,Shamela0000432,2356,1209,1473,193,79
3552,1242,1540,Shamela0002215BK1,597,1149,1454,214,78
3552,133,391,Shamela0001535,2127,653,880,133,60
3553,115,359,Shamela0036569,87,361,577,111,57
3553,142,442,Zaydiyya0000171,14,201,537,186,67
3553,142,392,Zaydiyya0000171,27,773,1045,188,87
3553,934,1105,JK000906,10270,751,999,130,63
3553,95,375,JK000281,1321,758,1027,172,74
3553,95,312,Shamela0000432,2357,682,904,162,91
3553,102,392,Shamela0002215BK1,599,38,349,229,92
3553,658,880,ShamAY0034230,334,1087,1328,174,90
3553,142,392,ShamAY0034230,337,70,356,188,82
3553,934,1105,ShamAY0036128,11,65,311,129,64
3553,115,375,Sham19Y0149697,1762,188,421,137,66
3553,1,359,Sham19Y0149697,2666,608,1026,226,64
3553,945,1130,Shamela0001535,6166,532,835,123,50
3554,1244,1485,Sham19Y0146127,3490,687,1301,186,38
3554,1186,1485,JK000264,2868,482,774,169,66
3554,985,1285,JK001421,54,1211,1344,83,33
3554,1288,1485,JK001421,55,327,526,150,95
3554,956,1485,Sham19Y0150639,316,306,631,241,57
3554,1288,1485,Shia001626Vols,468,16,207,129,77
3554,985,1273,JK000467,894,1321,1442,73,31
3554,1018,1285,JK000281,1754,181,369,121,55
3554,393,894,JK000281,1755,912,1452,216,41
3554,985,1485,JK000484,6316,611,1361,243,34
3554,956,1485,Shamela0002863,2433,341,1190,194,22
3554,1238,1445,JK009146,674,489,658,105,59
3554,1244,1445,Shamela0026324,5653,163,623,154,42
3554,728,894,ShamAY0034059,1914,1143,1334,85,48
3554,1304,1445,Shia000126Vols,1954,47,195,107,92
3554,443,894,Sham19Y0149697,1299,130,639,216,52
3554,959,1285,Sham19Y0149697,2621,853,1207,152,42
3557,1013,1537,JK000222,279,199,822,308,54
3558,229,837,JK000917,1602,1049,1532,206,37
3558,65,164,Shamela0008487,94,1024,1123,76,97
3561,1321,1540,Sham19Y0014827,163,1251,1493,131,64
3561,1321,1638,Sham19Y0014827,343,690,1030,207,74
3561,1321,1638,Sham19Y0014827,519,663,1003,207,74
3561,1292,1638,Sham19Y0018103,235,9,468,220,61
3561,1408,1638,Sham19Y0018103,501,82,352,179,83
3561,1159,1638,Sham19Y0018103,1004,641,1115,238,49
3561,1408,1638,Sham19Y0018103,1266,102,372,179,83
3561,1159,1638,Sham19Y0018103,1518,792,1266,233,48
3561,1159,1638,Sham19Y0018103,1755,741,1215,233,48
3561,1434,1638,Sham19Y0018103,2014,1,245,157,81
3561,1159,1638,Sham19Y0018103,2270,702,1176,233,48
3561,1292,1638,Sham19Y0018103,2528,1059,1522,220,60
3561,1310,1638,Sham19Y0018103,2796,1,445,212,61
3561,1159,1638,Sham19Y0018103,3053,202,680,233,48
3561,1159,1638,Sham19Y0018103,3295,436,914,233,48
3561,1408,1638,Sham19Y0018103,3531,80,350,179,83
3561,1159,1638,Sham19Y0018103,3778,610,1088,233,48
3561,1159,1638,Sham19Y0018103,4042,745,1223,233,48
3561,1408,1638,Sham19Y0014592,224,79,309,183,100
3561,1292,1638,Sham19Y0014592,478,219,640,238,68
3561,1408,1638,Sham19Y0014592,752,1,231,183,100
3561,1450,1638,Sham19Y0014592,1026,1,189,149,100
3561,1330,1638,Sham19Y0014592,1310,5,393,218,69
3561,1292,1540,Sham19Y0014592,1575,1272,1595,161,59
3561,1292,1638,Sham19Y0014592,1840,1022,1443,236,68
3561,1292,1638,Sham19Y0014592,2110,235,656,236,68
3561,1292,1624,Sham19Y0014592,2359,1127,1534,226,67
3561,1292,1638,Sham19Y0014592,2607,334,759,236,67
3561,1292,1638,Sham19Y0014592,2856,482,907,237,68
3562,1098,1636,JK000806BK1,315,281,814,424,96
3563,745,975,Shamela0012286,2006,1,243,187,94
3563,1,372,JK000806BK1,315,814,1181,300,98
3564,619,736,JK009336,49,180,439,81,38
3565,1156,1497,Shamela0096178,134,618,1077,179,42
3565,1288,1497,Zaydiyya0000153,128,676,1122,162,44
3565,1395,1533,JK005004,1028,280,414,109,96
3565,1109,1395,Shamela0006053,6,1213,1590,195,62
3565,1081,1395,Shamela0010517,2952,815,1377,160,31
3566,1352,1532,JK001198,9,1061,1288,144,78
3566,454,753,JK000299,322,1,261,190,77
3566,377,753,Shamela0021744,378,903,1219,212,66
3566,410,792,JK000985,78,413,832,264,72
3566,370,642,Shamela0009810,515,709,976,168,71
3566,410,851,JK005004,553,215,616,304,83
3566,410,771,JK000555,210,946,1334,259,78
3566,454,796,JK000981,107,1,322,248,89
3566,410,851,JK001492,890,722,1104,243,61
3566,410,851,JK000480,91,424,840,315,87
3566,1352,1532,Shamela0006053,19,818,1037,138,75
3566,429,753,Shamela0096618,37,458,731,208,78
3566,410,851,JK009336,52,369,792,330,92
3566,486,753,JK006973,118,989,1197,136,63
3566,45,239,JK005007,12,85,444,84,29
3566,370,740,ShamAY0037574,965,1247,1568,213,66
3566,497,796,JK000605,21,1,321,224,84
3566,557,851,JK000804,22,1,285,210,84
3567,287,458,Shamela0021715,431,1082,1269,125,80
3567,294,458,Kraken230106005528,1053,1,171,113,82
3567,152,328,JK001198,1,1182,1620,133,38
3567,328,512,JK001198,2,1,204,147,90
3567,287,458,Sham19Y0039268,164,17,216,131,83
3567,197,553,Shamela0096178,60,435,849,170,46
3567,152,553,JK001258,2,773,1464,306,55
3567,246,462,Zaydiyya0000153,54,545,798,151,71
3567,273,458,Zaydiyya0000286,47,1346,1522,127,82
3567,287,553,Sham19Y0018106,179,1055,1335,151,64
3567,287,512,ShamAY0035884,822,184,492,163,67
3567,79,553,Shamela0004473,11389,210,1012,264,38
3567,206,553,JK007044,6674,65,407,164,54
3567,287,458,Sham19Y0132963,338,109,296,124,79
3567,152,458,ShamAY0034005,92,553,1088,191,42
3567,287,458,Sham19Y0018103,261,899,1086,125,80
3567,287,553,JK007065,85,698,966,151,58
3567,287,458,Shamela0006947,18512,1266,1495,131,72
3567,287,449,Sham19Y0013572,183,1288,1470,125,86
3567,152,269,Sham19Y0013572,871,1389,1510,88,92
3567,155,458,JK000480,127,75,538,222,58
3567,152,512,Shamela0006053,11,433,1064,263,50
3567,200,458,Shamela0008657,605,834,1139,140,59
3567,206,553,JK009336,2984,323,671,183,61
3567,313,462,Shamela0009823,491,626,783,107,80
3567,287,458,Sham19Y0020638,6,35,215,127,84
3567,113,424,Shamela0036446,49,1254,1538,172,67
3567,331,458,Sham19Y0013605,424,496,631,92,79
3567,200,553,JK000110,35,490,920,182,50
3567,200,458,Sham19Y0016946,44,748,1033,154,66
3567,287,458,JK009389,4,914,1082,126,89
3567,290,443,Rafed0002385,112,1360,1559,115,71
3567,229,458,Kraken230110004547,569,15,247,149,78
3567,287,458,Sham19Y0016684,103,786,973,125,80
3567,273,458,Sham19Y0007233,56,640,858,139,80
3567,287,458,Shamela0005756,1058,309,496,125,80
3567,263,553,JK000990,14,884,1162,158,64
3568,1309,1437,JK001198,13,1362,1488,99,96
3568,1309,1476,Shamela0096178,146,199,374,114,73
3568,1309,1492,JK001258,29,1203,1394,130,85
3568,1309,1492,JK000996,163,32,222,110,63
3568,1309,1476,Shamela0007531,7,1057,1232,104,65
3568,1309,1437,JK000135,41,1312,1441,98,93
3568,1309,1476,Shamela0004473,11404,1100,1274,103,65
3568,1309,1476,JK000499,5,226,401,104,70
3568,1313,1492,JK000138,466,1369,1540,109,66
3568,1309,1492,JK000981,454,376,566,110,63
3568,1313,1468,Shamela0023361,470,601,761,101,76
3568,1319,1492,Shamela0096618,141,869,1079,101,53
3568,1309,1492,Shamela0021571,72,889,1086,122,76
3568,1309,1492,JK000537,183,848,1038,106,66
3568,1301,1492,ShamAY0034815,12,221,425,124,74
3568,1319,1492,Shamela0096878,218,971,1195,115,58
3568,1309,1492,JK009241,324,339,514,120,78
3568,1309,1476,ShamAY0034014,12,58,233,102,64
3568,1309,1476,JK000916,21499,1240,1409,109,75
3569,12,383,JK001198,14,405,825,295,88
3569,12,255,JK001258,30,411,1400,172,22
3569,72,387,Shamela0005830,1,703,972,152,59
3569,247,383,JK000135,43,613,773,107,83
3569,383,837,Shamela0010717,82,1202,1689,340,80
3569,383,837,JK005004,1032,449,920,371,94
3569,383,621,Sham19Y0013631,2423,1348,1577,172,85
3569,625,837,Sham19Y0013631,2424,1,222,169,88
3569,383,837,JK001091,184,1042,1525,336,79
3569,501,709,JK009389,55,107,331,112,52
3569,481,687,JK005007,17,1,203,159,93
3569,242,387,Shamela0009552,10,836,999,110,83
3569,506,687,Shamela0009642,2,1,215,140,77
3569,383,837,Shamela0012738,7,30,488,355,90
3570,315,491,JK001198,138,688,922,118,63
3570,315,491,Shamela0004473,2949,421,655,118,63
3570,315,491,JK000096,5,503,737,118,63
3570,337,646,Shamela0006947,1085,1,394,137,36
3570,381,488,JK000583,840,659,765,79,92
3570,315,491,JK000092,15,859,1093,118,63
3572,602,770,JK001198,81,769,1008,111,52
3572,1455,1577,JK005014,99,392,514,84,87
3572,1455,1559,JK005017,46,140,244,81,100
3572,1460,1559,JK000583,706,363,467,76,93
3572,1419,1559,Sham19Y0017744,19,931,1067,94,76
3572,1455,1559,JK000674,22,491,595,81,100
3573,734,873,JK001198,21,860,999,111,100
3573,97,338,JK001198,134,220,434,101,47
3573,738,1041,Sham19Y0013631,2421,17,286,122,47
3573,668,873,JK000674,1,646,862,115,68
3573,734,873,Shamela0005455,154,1306,1445,107,97
3573,734,857,Shamela0012738,4,711,884,93,68
3574,937,1115,Shamela0010798,1936,493,690,137,87
3574,575,1514,Shamela0006065,1,1,913,696,92
3574,937,1234,JK005007,101,369,924,161,33
3575,162,310,JK000791,1410,1085,1234,105,87
3575,5,246,JK000533,673,1053,1498,139,39
3575,854,1018,JK001480,23,168,416,101,47
3575,854,1070,JK001236,35,28,309,95,32
3575,1,595,Shamela0006065,1,913,1415,394,84
3575,595,1464,Shamela0006065,2,1,861,665,94
3575,33,473,JK000096,11,1,447,235,52
3575,831,1273,Shamela0001875,497,214,726,175,31
3575,1076,1290,JK009324,3567,485,875,142,45
3575,1,325,JK006670,22,1305,1602,205,72
3575,5,214,JK006670,41,1094,1507,118,35
3575,1,365,JK000381,1010,85,434,248,78
3575,162,310,Shamela0012406,185,1007,1156,105,87
3575,835,1277,Sham19Y0038171,857,1112,1444,161,40
3575,1020,1277,Shamela0010517,2004,1280,1536,142,59
3575,716,1437,JK000583,847,137,643,278,44
3575,374,1111,Shamela0011760,1,887,1278,197,30
3575,162,310,JK005007,146,937,1061,93,80
3575,520,1323,Sham19Y0132416,159,687,1391,290,35
3575,1,157,Shamela0037325,899,782,937,115,85
3575,149,329,Shamela0037325,1007,97,262,115,82
3575,162,365,ShamAY0034059,3500,1134,1332,122,73
3575,5,473,JK000092,21,1,453,242,51
3575,847,1277,ShamAY0035035,3363,1,300,149,39
3576,6,186,JK001198,160,1171,1368,127,79
3576,1,622,Shamela0006065,2,861,1454,448,89
3576,622,1429,Shamela0006065,3,1,787,615,95
3576,6,186,JK000096,25,943,1141,127,78
3576,6,122,Shia001555Vols,31,501,619,83,87
3576,802,1001,JK007054,1066,1,297,139,58
3576,1,194,Sham19Y0145212,3692,1154,1377,124,68
3576,1,186,JK000583,847,710,932,131,73
3576,36,279,Shamela0011760,2,1,306,132,55
3576,648,1289,Shamela0011760,2,508,805,187,36
3576,30,337,JK005007,245,720,978,122,48
3576,30,148,Zaydiyya0000142,1674,189,749,88,20
3576,1,186,Zaydiyya0000142,2222,332,553,125,69
3576,6,122,Shia004456Vols,31,987,1105,83,87
3576,6,186,JK000092,35,648,845,127,79
3577,1,691,Shamela0006065,3,787,1432,491,88
3577,691,1413,Shamela0006065,4,1,719,561,98
3577,154,782,Shamela0006065,5,720,1497,143,17
3577,623,1387,Shamela0011760,2,1013,1335,152,23
3578,1,804,Shamela0006065,4,719,1406,542,85
3578,804,1520,Shamela0006065,5,1,711,575,99
3579,153,1040,JK001198,163,593,1279,291,33
3579,1,1058,Shamela0006065,5,711,1511,634,75
3579,1058,1444,Shamela0006065,6,1,386,303,99
3579,109,1040,JK000096,28,227,848,308,37
3579,109,616,JK000092,37,1219,1488,157,37
3579,631,1040,JK000092,38,1,362,155,37
3580,1,1178,Shamela0006065,6,386,1416,794,84
3580,1178,1446,Shamela0006065,7,1,269,212,100
3580,923,1446,JK000096,28,753,972,130,31
3580,46,262,JK009137,1643,1138,1318,118,71
3580,923,1446,JK000092,38,267,462,122,29
3581,1,575,JK001198,164,684,1364,231,31
3581,1,1287,Shamela0006065,7,269,1458,942,92
3581,1287,1450,Shamela0006065,8,1,164,127,100
3581,1,575,JK000096,28,972,1453,224,38
3581,349,569,JK001091,73,225,729,108,25
3581,1,1099,JK000092,38,462,1264,378,36
3582,940,1271,JK001198,165,1119,1310,104,40
3582,1,1327,Shamela0006065,8,164,1480,1043,98
3582,1332,1492,Shamela0006065,9,4,163,125,99
3582,940,1271,JK000096,29,818,967,101,38
3582,940,1271,JK000092,39,234,383,101,38
3583,337,510,JK001198,166,277,783,56,12
3583,679,1229,JK001198,167,107,679,215,39
3583,1,1269,Shamela0006065,9,163,1450,992,96
3583,1269,1456,Shamela0006065,10,1,190,147,98
3583,471,1347,JK000096,30,10,789,370,46
3583,215,1281,JK000583,850,85,718,238,26
3583,330,1096,Shamela0011760,4,138,610,200,33
3583,789,911,JK005007,674,693,884,83,53
3583,337,1096,Sham19Y0132416,162,424,818,181,30
3583,204,1064,JK000092,39,249,1357,384,37
3584,703,837,JK000786,4237,1239,1375,94,84
3584,218,337,JK000737,12,348,741,75,24
3584,1,1247,Shamela0006065,10,190,1441,958,95
3584,1247,1431,Shamela0006065,11,1,181,131,90
3584,703,848,Rafed0002654Vols,6268,1119,1257,100,84
3584,935,1278,JK000583,851,1,395,138,38
3584,436,975,Shamela0011760,4,959,1400,220,45
3584,1025,1410,Shamela0011760,5,35,346,134,35
3584,815,1278,Sham19Y0132416,163,6,519,175,35
3584,703,837,JK000629,516,769,873,82,76
3584,703,848,Shia004092Vols,12797,834,972,100,84
3585,1,685,Shamela0006065,11,181,918,543,92
3585,1033,1252,Sham19Y0014827,163,1251,1493,131,64
3585,1254,1464,Sham19Y0014827,164,1,249,150,76
3585,1033,1433,Sham19Y0014827,343,690,1149,272,72
3585,1033,1471,Sham19Y0014827,519,663,1154,284,70
3585,1004,1433,Sham19Y0018103,235,9,587,285,62
3585,1120,1433,Sham19Y0018103,501,82,471,244,78
3585,1004,1456,Sham19Y0018103,1004,656,1270,304,62
3585,1120,1433,Sham19Y0018103,1266,102,491,244,78
3585,1004,1433,Sham19Y0018103,1518,807,1385,285,62
3585,1004,1456,Sham19Y0018103,1755,756,1368,304,62
3585,1146,1433,Sham19Y0018103,2014,1,364,222,77
3585,1004,1433,Sham19Y0018103,2270,717,1295,285,62
3585,1004,1357,Sham19Y0018103,2528,1059,1529,226,61
3585,1022,1433,Sham19Y0018103,2796,1,564,277,62
3585,1004,1433,Sham19Y0018103,3053,217,799,285,62
3585,1004,1433,Sham19Y0018103,3295,451,1033,285,62
3585,1120,1433,Sham19Y0018103,3531,80,469,244,78
3585,1004,1433,Sham19Y0018103,3778,625,1207,285,62
3585,1004,1456,Sham19Y0018103,4042,760,1376,304,62
3585,280,666,JK007039,397,98,725,150,24
3585,54,407,JK000583,851,481,765,163,57
3585,54,407,Shamela0011760,5,396,688,170,59
3585,54,407,Sham19Y0132416,163,606,884,159,55
3585,1120,1433,Sham19Y0014592,224,79,428,248,88
3585,1004,1433,Sham19Y0014592,478,219,759,303,68
3585,1120,1433,Sham19Y0014592,752,1,350,248,88
3585,1162,1433,Sham19Y0014592,1026,1,308,214,87
3585,1042,1456,Sham19Y0014592,1310,5,538,284,65
3585,1004,1252,Sham19Y0014592,1575,1272,1595,161,59
3585,1254,1437,Sham19Y0014592,1576,1,220,141,81
3585,1004,1433,Sham19Y0014592,1840,1022,1562,301,68
3585,1004,1433,Sham19Y0014592,2110,235,775,301,68
3585,1004,1336,Sham19Y0014592,2359,1127,1534,226,67
3585,1004,1433,Sham19Y0014592,2607,334,878,301,67
3585,1004,1433,Sham19Y0014592,2856,482,1026,302,68
3588,1167,1401,Sham19Y0133369,17,1256,1569,147,56
3588,909,1242,JK009261,24,411,623,111,41
3588,1167,1418,JK009261,25,81,536,116,32
3588,668,996,JK007132,3695,1251,1398,120,44
3588,1224,1401,JK011705,452,5,474,123,31
3588,897,1401,JK000238,1387,674,1073,226,53
3588,668,996,JK000281,4386,227,379,121,45
3588,909,1401,JK007115,13,574,1502,233,28
3588,1167,1401,Sham19Y0149697,8725,676,907,163,80
3588,1173,1415,JK005201,2554,1176,1478,168,68
3589,1,194,Sham19Y0018279,326,761,1006,124,60
3589,1,612,JK009261,29,35,742,271,36
3589,1416,1553,JK000906,7824,1037,1238,82,47
3589,1028,1553,Hindawi025273163,94,12,121,86,20
3589,1416,1553,Shamela0010517,2008,519,660,107,95
3589,1416,1553,JK000917,1215,1093,1234,107,95
3589,1416,1553,Sham19Y0095660,1335,268,402,98,85
3589,1416,1553,Sham19Y0095660,1336,562,696,98,85
3589,1,194,Shamela0002215BK1,703,803,1059,129,63
3590,1,159,Hindawi025273163,94,121,279,128,99
3590,1,249,Shamela0010517,2008,660,911,198,97
3590,1,257,JK000917,1215,1234,1474,189,90
3590,1,249,Sham19Y0095660,1335,402,653,200,98
3590,1,249,Sham19Y0095660,1336,696,947,200,98
3590,1,351,Tafsir01005,4339,991,1254,199,69
3593,9,223,JK006950,2291,380,587,152,86
3593,9,223,JK006982,5,877,1084,152,86
3593,597,831,JK009139,7880,532,771,171,84
3593,34,356,JK007089,16,689,1015,258,97
3593,630,826,Shamela0004473,2413,759,961,159,96
3593,34,286,Shamela0004473,15089,909,1165,203,96
3593,34,227,JK001412,120,1453,1648,151,93
3593,622,826,Sham19Y0016934,6363,240,449,154,88
3593,34,356,JK011699,15,316,641,255,96
3593,39,223,JK011699,291,607,789,140,87
3593,9,223,JK000381,7985,1047,1254,152,86
3593,47,223,JK000104,206,410,583,134,87
3593,487,877,Shamela0022881,79,450,895,250,66
3593,877,1144,Shamela0022881,80,413,672,76,24
3596,905,1343,ShamAY0034242,296,97,252,81,23
3597,29,965,JK007089,159,1106,1533,288,37
3597,533,1433,JK007089,160,431,1191,252,30
3597,42,1322,JK011699,97,988,1498,336,32
3598,1379,1589,Shamela0006947,2876,792,1019,156,82
3598,1379,1589,JK000094,77,737,964,156,82
3598,1475,1589,Hindawi025273163,91,403,521,88,94
3599,16,137,Tafsir02102,1489,56,177,94,98
3599,1,409,Shamela0006947,2876,1076,1483,307,92
3599,1188,1559,JK009261,171,1095,1522,206,50
3599,649,1122,JK007132,3826,825,1618,269,39
3599,1,409,JK000094,77,1021,1447,315,92
3599,649,1290,JK011705,461,357,1005,455,84
3599,649,1006,JK007085,1322,1215,1489,181,56
3599,751,1206,JK007119,967,441,1013,241,46
3599,967,1206,Shamela0002215BK1,5,144,462,171,66
3599,963,1206,Sham19Y0014605,666,374,684,167,64
3599,672,1206,Sham19Y0014297,5205,109,576,289,59
3599,677,1225,ShamIbadiyya0000109,5681,821,1357,298,56
3599,903,1178,ShamIbadiyya0000109,5684,86,485,149,40
3599,649,1071,ShamAY0032443,3793,523,1530,292,34
3599,649,832,Sham19Y0016684,999,1379,1562,131,78
3599,839,1206,Sham19Y0016684,1000,21,444,242,66
3599,967,1225,JK007115,75,1093,1365,207,94
3599,649,1225,JK005201,2602,297,887,355,64
3600,656,825,JK000150,3906,611,780,140,100
3601,499,643,Sham19Y0133369,69,1488,1612,89,77
3601,422,661,JK009261,174,107,389,157,67
3601,734,1058,JK009261,175,585,918,239,87
3601,872,1044,JK011699,196,451,635,132,89
3601,30,217,JK000094,84,939,1113,140,93
3602,876,1157,Shamela0007798,2979,1160,1452,217,92
3602,48,442,JK000094,97,202,568,205,55
3602,876,1162,JK000094,99,13,311,229,94
3602,876,1157,Hindawi069179508,85,1240,1504,203,86
3602,918,1125,Tafsir04039,1038,355,605,125,60
3602,886,1143,Sham19Y0018606,60,742,1145,187,54
3602,876,1157,Shamela0000767,3435,362,652,224,94
3602,675,1157,JK000227,2279,143,583,247,50
3604,1186,1312,Shamela0021744,4470,1225,1540,96,38
3604,1095,1348,JK000471,1637,549,1018,146,35
3604,669,813,JK000094,83,241,383,114,96
3604,1186,1474,Shia000963Vols,842,179,489,97,29
3605,688,817,Masaha004743,157,1356,1515,83,58
3605,688,1027,Rafed0003793Vols,1119,874,1174,183,59
3605,614,1021,JK000871,803,887,1195,171,50
3605,1188,1434,JK000094,84,1,291,198,83
3605,702,1021,JK009324,2626,389,617,81,33
3605,688,1027,ShamAY0034282,1538,717,978,171,63
3605,614,1021,Shamela0012399,2949,961,1368,247,65
3605,620,900,Shamela0012399,2950,1139,1513,141,41
3605,614,1021,Shamela0006222,669,1079,1405,173,48
3605,614,1021,JK001503,2787,593,987,247,67
3605,614,1021,Shamela0028107,574,563,963,237,62
3605,614,1027,Sham19Y0006684,3019,473,889,251,65
3605,726,1033,JK000754,1936,350,753,212,65
3606,349,527,Tafsir02102,1489,814,1044,142,76
3606,40,227,Shamela0000894,5174,1,191,149,96
3606,1,227,Sham19Y0014827,434,1326,1552,180,99
3606,349,527,Shamela0006947,2877,950,1187,142,73
3606,349,527,JK000094,78,942,1174,142,75
3606,1,222,Zaydiyya0000027,26,649,870,178,100
3606,831,995,JK000104,154,75,336,118,55
3606,1,227,Zaydiyya0000361,967,768,994,178,98
3606,1,222,Sham19Y0006684,2945,1233,1454,178,100
3606,63,227,Zaydiyya0000054,381,1,165,129,97
3606,1,222,Tafsir07076,2795,1214,1435,178,100
3607,6,499,Shamela0036543,1734,173,1568,385,34
3608,679,1085,JK007089,426,1057,1304,123,34
3608,685,1019,Masaha002999Vols,1186,627,1265,149,26
3609,1095,1276,JK007089,597,1094,1243,114,79
3609,684,1027,Shamela0036543,735,1041,1359,256,89
3609,684,838,Shamela0036543,1768,216,356,115,90
3609,684,838,Shamela0036543,1769,1405,1549,118,92
3609,1095,1276,Shamela0036569,411,890,1039,114,79
3609,684,1027,JK000094,744,567,911,282,99
3610,1,143,Sham19Y0146127,1864,729,880,103,86
3610,1291,1535,Sham19Y0146127,3699,286,580,142,61
3610,654,1025,JK000154,5495,530,953,95,21
3610,1,143,JK009139,2921,1455,1576,86,76
3610,1,148,JK000299,3938,483,643,99,80
3610,1,148,Shamela0021744,4622,836,996,99,80
3610,840,1025,ShamAY0034005,753,1002,1147,101,71
3610,840,1042,Shamela0036543,1730,172,338,115,71
3610,1,143,Sham19Y0133369,176,198,340,96,84
3610,13,204,Sham19Y0020699,894,785,958,93,62
3610,1,148,Sham19Y0016934,3278,1358,1530,100,74
3610,776,1025,JK000165,3777,145,440,148,58
3610,776,1025,Sham19Y0013253,25,1033,1315,148,61
3610,1339,1540,ShamAY0034282,1393,368,607,147,78
3610,1339,1549,Shamela0012399,2947,740,958,159,91
3610,1,143,JK000917,1033,317,440,85,76
3610,1031,1535,JK000484,6681,791,1237,187,35
3610,654,1025,JK000734,364,521,1144,179,35
3610,1,192,JK000104,8,1349,1545,151,96
3610,1339,1535,Shamela0002863,2436,92,319,146,80
3610,1339,1549,JK001503,2784,703,922,160,92
3610,1339,1549,Shamela0028107,574,150,371,160,91
3610,1,148,Masaha001108Vols,301,549,692,92,76
3610,1,143,Tafsir01005,3534,920,1067,100,87
3610,1328,1549,Kraken211201162527,398,1233,1466,165,90
3610,706,1025,Zaydiyya0000361,957,1054,1449,135,35
3610,776,1025,Shamela0006610,1099,1124,1420,127,45
3610,1,143,JK000477,890,1,333,98,38
3610,1339,1549,Sham19Y0006684,3009,1162,1381,162,93
3610,1,143,Shamela0021721,1878,418,604,103,70
3610,1351,1549,JK000754,1935,512,729,154,89
3610,1,175,JK009313,3675,820,1016,110,72
3610,1,143,Shia000126Vols,488,486,644,101,81
3610,1,148,JK000415,400,921,1084,103,81
3610,1,148,Sham19Y0018608,314,861,1042,106,75
3610,1,143,Shia000033Vols,739,242,401,101,81
3613,291,484,JK007060,379,502,693,156,98
3613,849,1357,JK007060,380,1,575,355,72
3618,618,882,JK001460,193,254,608,182,62
3618,642,882,Sham19Y0013235,8,134,447,151,58
3638,643,1025,ShamAY0033537,1,773,1254,208,49
3639,436,771,Shamela0005440,651,838,1330,202,52
3640,787,1477,Shamela0009841,17,215,835,120,13
3640,787,1487,Shamela0011575,43,590,1177,129,15
3640,198,529,Shamela0010730,28,543,1073,188,43
3642,865,1335,Shamela9007669,605,378,712,115,28
3642,1151,1566,JK001086,11,304,968,249,46
3642,874,1498,ShamAY0034641,65,484,1165,234,32
3643,167,510,Shamela0010730,54,313,804,146,31
3652,839,1075,Hindawi060585083,188,684,904,172,90
3664,1379,1482,JK006919,633,147,250,82,100
3664,1367,1482,JK006919,654,49,157,86,93
3664,1372,1482,Shamela0000580,2,443,553,84,96
3664,1379,1482,Shamela0010614,479,72,175,82,100
3664,1379,1482,JK000062,175,367,469,80,98
3664,1379,1488,Shamela0026102,61,759,866,82,94
3664,1367,1482,Shamela0000515,66,109,232,87,89
3664,1379,1482,JK009248,2108,170,273,82,100
3664,1379,1488,Shamela0005446,520,19,128,85,98
3664,1372,1482,JK001063,9,460,570,86,98
3664,1367,1482,Sham19Y0020762,1895,257,367,79,83
3664,1379,1482,Shamela0008160,24,1090,1193,82,100
3664,1372,1482,Sham19Y0000760,24,73,183,85,97
3664,1379,1482,JK000058,23,329,432,82,100
3664,1379,1493,JK010743,99,800,912,87,96
3664,1379,1482,JK000082,209,92,195,82,100
3664,1372,1482,Hindawi080268240,4,956,1066,88,100
3664,1367,1482,JK001477,130,1302,1427,87,88
3664,1379,1488,Shamela0006945,27,842,958,80,87
3664,1372,1482,Hindawi094050268,14,141,251,84,96
3664,1372,1482,Shamela0026568,844,1357,1466,84,96
3664,1379,1493,Shamela0012406,2618,265,377,87,96
3664,1379,1493,Hindawi014758020,20,611,724,88,97
3664,1379,1482,Sham19Y0026183,259,1034,1137,82,100
3664,1379,1482,Shamela0012034,474,88,191,82,100
3664,1367,1482,JK006910,230,1394,1514,86,90
3664,1379,1482,Hindawi079405794,17,523,626,82,100
3664,1339,1482,Sham19Y0018318,21,331,467,91,81
3664,1379,1482,JK000179,1918,1400,1503,82,100
3664,1367,1482,Shamela0010512,104,346,454,86,93
3664,1379,1482,ShamAY0001760,34,781,884,82,100
3664,1379,1482,JK001325,560,26,129,82,100
3664,1367,1482,Sham19Y0013666,338,1346,1454,86,93
3664,1372,1482,JK000081,831,645,754,84,96
3664,1372,1482,JK000081,1015,734,843,84,96
3664,1379,1488,Shamela0023789,781,1034,1150,80,87
3664,1379,1482,Shamela0023789,1576,1341,1445,80,97
3664,1379,1493,JK010478,4,1189,1303,84,93
3664,1362,1482,JK009291,250,1182,1308,91,91
3664,1379,1482,Shia003636Vols,7024,983,1086,82,100
3664,1367,1482,Shia003636Vols,7042,1127,1250,87,89
3664,1379,1482,Shia003636Vols,7213,977,1080,82,100
3664,1367,1482,Shia003636Vols,11627,367,475,86,93
3664,1372,1482,Shamela0023775,86,1077,1187,85,97
3664,1379,1482,Shamela0005406,52,457,560,82,100
3664,1379,1482,ShamAY0035792,212,1110,1213,82,100
3664,1372,1482,Shamela0023685,935,730,839,84,96
3692,337,581,ShamAY0035792,566,401,627,145,64
3701,35,686,Sham19Y0029676,904,15,833,466,67
3701,976,1293,Hindawi025273163,1,962,1277,256,98
3707,716,1052,Hindawi025273163,48,1146,1496,266,91
3708,1087,1544,ShamAY0009682,126,342,800,346,94
3708,511,839,ShamAY0009682,127,707,1092,245,76
3708,831,1034,ShamAY0009682,128,695,886,147,88
3708,1087,1491,Shamela0006947,3115,1138,1541,311,96
3708,583,839,Shamela0006947,3117,1,324,197,74
3708,883,1034,Shamela0006947,3118,1,145,118,94
3708,1087,1544,Shamela0006947,15506,753,1212,346,93
3708,511,839,Shamela0006947,15507,1109,1494,245,76
3708,831,1034,Shamela0006947,15508,1115,1311,150,90
3708,619,839,Shamela0006947,17239,719,972,172,82
3709,1,258,ShamAY0009682,126,803,1075,189,84
3709,1,258,Shamela0006947,3116,55,327,189,84
3709,1,258,Shamela0006947,15506,1215,1487,190,85
3710,1019,1550,Sham19Y0147597,938,403,978,388,80
3710,345,456,Shamela0006947,15069,1476,1629,80,66
3711,6,200,Sham19Y0147597,938,983,1178,151,98
3716,1018,1131,Hindawi071490515,32,1063,1179,89,94
3732,191,885,Shia003408Vols,1953,172,753,295,43
3733,800,1701,Sham19Y0026523,5672,1,896,728,97
3734,880,1015,Hindawi052718095,136,1108,1259,97,81
3734,864,1015,Shamela0006947,8714,475,682,106,64
3734,877,1015,Shamela0010517,236,486,639,96,77
3734,877,1015,JK000005,363,836,989,99,82
3734,1,822,Sham19Y0026523,5672,896,1718,675,99
3734,822,1023,Sham19Y0026523,5673,1,198,152,95
3734,877,1015,JK000041,24,45,199,99,82
3753,135,670,Masaha003970,35,527,1052,380,82
3754,106,275,Shamela0006947,14453,1409,1632,128,68
3754,317,637,Shamela0006947,14454,1,306,160,44
3759,67,477,Shamela0006947,14104,804,1220,320,91
3759,1244,1359,Shamela0006947,14374,1381,1501,78,78
3760,347,576,Shamela0006947,14110,130,339,154,80
3762,486,655,Shamela0006947,14222,1160,1328,132,98
3763,1442,1653,JK001296,8,772,990,155,82
3763,1436,1642,JK007143,1128,1,201,136,72
3763,1442,1653,Shamela0035073,124,1223,1434,151,80
3763,1442,1642,JK001302,217,258,463,144,79
3763,1442,1653,Hindawi079072819,66,1117,1330,153,81
3763,1436,1642,Hindawi090281793,132,814,1056,144,67
3763,1442,1642,JK009266,3844,793,1003,146,79
3763,1442,1642,Tafsir02079,1745,975,1185,146,79
3764,655,815,ShamAY0007299,47,960,1143,121,83
3764,655,976,ShamAY0007299,53,1195,1499,205,75
3764,655,976,ShamAY0007299,4425,1178,1517,211,76
3764,655,815,ShamAY0007299,4501,583,763,120,83
3764,876,976,Hindawi068305130,141,153,257,79,96
3764,655,815,Shamela0037063,1202,201,380,114,79
3764,658,876,Sham19Y0014246,20,907,1114,123,66
3764,658,826,JK001302,217,1249,1420,117,80
3764,636,826,Hindawi017083713,130,211,433,125,69
3764,658,876,JK001460,140,71,292,137,72
3764,655,815,Shamela0010548,238,1268,1437,128,94
3764,658,826,Sham19Y0036540,6,908,1202,125,53
3764,658,826,JK007140,1907,519,696,117,77
3764,636,826,Shamela0007328,69,881,1090,125,71
3764,658,826,Shamela0001687,1301,1223,1400,117,77
3764,658,826,JK006962,2146,277,450,114,75
3764,658,826,Hindawi030807493,16,280,455,114,74
3771,609,1605,Hindawi060585083,187,319,1279,747,90
3772,1,427,Hindawi060585083,187,1279,1679,330,93
3772,427,1411,Hindawi060585083,188,1,996,730,86
3776,86,288,Sham19Y0095660,141,630,834,161,97
3776,284,430,Sham19Y0095660,142,605,751,118,100
3779,168,806,Sham19Y0147597,1084,1,633,491,95
3791,141,581,Shamela0006947,14451,561,960,228,60
3792,848,1447,Hindawi060585083,187,891,1679,328,45
3796,713,868,Sham19Y0147597,1084,286,441,123,99
3804,84,303,Shia003408Vols,1953,578,819,89,36
3825,1386,1616,Shamela0004473,16632,62,331,81,29
3826,647,772,Shamela0001037,723,1520,1650,102,96
3828,569,788,Sham19Y0014827,163,1251,1493,131,64
3828,790,992,Sham19Y0014827,164,1,240,147,77
3828,569,969,Sham19Y0014827,343,690,1149,272,72
3828,569,969,Sham19Y0014827,519,663,1122,272,72
3828,540,969,Sham19Y0018103,235,9,587,285,62
3828,656,969,Sham19Y0018103,501,82,471,244,78
3828,540,992,Sham19Y0018103,1004,656,1270,304,62
3828,656,969,Sham19Y0018103,1266,102,491,244,78
3828,540,969,Sham19Y0018103,1518,807,1385,285,62
3828,540,992,Sham19Y0018103,1755,756,1368,304,62
3828,682,969,Sham19Y0018103,2014,1,364,222,77
3828,540,969,Sham19Y0018103,2270,717,1295,285,62
3828,540,893,Sham19Y0018103,2528,1059,1529,226,61
3828,558,969,Sham19Y0018103,2796,1,564,277,62
3828,540,969,Sham19Y0018103,3053,217,799,285,62
3828,540,969,Sham19Y0018103,3295,451,1033,285,62
3828,656,969,Sham19Y0018103,3531,80,469,244,78
3828,540,969,Sham19Y0018103,3778,625,1207,285,62
3828,540,992,Sham19Y0018103,4042,760,1376,304,62
3828,656,969,Sham19Y0014592,224,79,428,248,88
3828,540,969,Sham19Y0014592,478,219,759,303,68
3828,656,969,Sham19Y0014592,752,1,350,248,88
3828,698,969,Sham19Y0014592,1026,1,308,214,87
3828,578,992,Sham19Y0014592,1310,5,538,284,65
3828,540,788,Sham19Y0014592,1575,1272,1595,161,59
3828,790,973,Sham19Y0014592,1576,1,220,141,81
3828,540,969,Sham19Y0014592,1840,1022,1562,301,68
3828,540,969,Sham19Y0014592,2110,235,775,301,68
3828,540,872,Sham19Y0014592,2359,1127,1534,226,67
3828,540,969,Sham19Y0014592,2607,334,878,301,67
3828,540,969,Sham19Y0014592,2856,482,1026,302,68
3844,684,828,Shamela0005390,52,792,928,95,84
3844,679,828,Rafed0002297,161,125,252,87,75
3844,730,828,Hindawi061830848,119,289,387,74,96
3844,711,828,JK009365,56,846,964,83,90
3844,665,828,Filaha003,15,1287,1470,89,62
3844,730,828,JK010478,22,95,193,74,96
3844,684,828,Shamela0011056BK1,24,1416,1561,93,82
3844,684,828,Sham19Y0013226,50,762,898,91,81
3844,684,828,Sham19Y0073350,233,833,978,90,80
3844,684,828,Shamela0001032,136,697,834,95,84
3845,170,434,Shamela0031371,655,562,825,190,86
3848,236,1558,Hindawi025273163,2,319,1643,1076,99
3849,879,1263,Shamela0006947,17336,1001,1384,304,98
3849,1,1272,Hindawi025273163,3,56,1324,1020,98
3856,688,1059,Shamela0006947,14453,1124,1632,208,48
3856,1101,1421,Shamela0006947,14454,1,306,160,44
3869,18,183,Hindawi060585083,188,1083,1254,119,86
3871,34,1161,Shamela0006947,14453,973,1632,328,33
3871,1203,1393,Shamela0006947,14454,1,160,111,70
3879,1051,1262,Sham19Y0095660,58,371,563,122,68
3890,1533,1678,Hindawi060585083,188,700,895,105,67
3891,356,850,Shia003408Vols,1953,482,1107,206,37
3898,1394,1632,Sham19Y0147597,1083,532,772,187,97
3899,1,301,Sham19Y0147597,1083,772,1071,247,99
3918,722,888,Shamela0006947,14222,1160,1328,130,97
3922,340,535,Sham19Y0095660,141,633,834,156,95
3922,531,678,Sham19Y0095660,142,605,751,116,97
3932,763,1645,Hindawi060585083,187,291,1159,705,98
3933,1,515,Hindawi060585083,187,1165,1679,424,100
3933,515,1603,Hindawi060585083,188,1,1087,874,99
3934,1,406,Hindawi060585083,188,1087,1489,324,97
3935,681,909,ShamAY0035792,566,407,627,141,73
3942,101,1600,Shamela0012286,2579,1,1537,1207,96
3945,613,932,Hindawi060585083,188,708,996,185,73
3954,306,720,Hindawi060585083,188,408,904,212,52
3960,1561,1740,Shamela0011365,130,206,487,152,63
3965,1724,1889,Hindawi025273163,29,1,215,137,76
3966,161,358,Hindawi025273163,70,551,799,161,79
3966,358,568,Hindawi025273163,102,1182,1634,169,45
3966,585,734,Hindawi025273163,127,1289,1574,118,49
3966,734,1116,Hindawi025273163,146,630,1036,322,94
3966,1116,1260,Hindawi025273163,165,76,277,117,70
3966,1252,1455,Hindawi025273163,175,775,1282,164,40
3979,987,1556,Hindawi060585083,188,413,652,133,28
3980,1310,1529,Sham19Y0014827,163,1251,1493,131,64
3980,1531,1669,Sham19Y0014827,164,1,175,105,77
3980,1310,1669,Sham19Y0014827,343,690,1108,237,70
3980,1310,1669,Sham19Y0014827,519,663,1081,237,70
3980,1281,1669,Sham19Y0018103,235,9,546,250,59
3980,1397,1669,Sham19Y0018103,501,82,430,209,76
3980,1281,1669,Sham19Y0018103,1004,656,1193,250,59
3980,1397,1669,Sham19Y0018103,1266,102,450,209,76
3980,1281,1669,Sham19Y0018103,1518,807,1344,250,59
3980,1281,1669,Sham19Y0018103,1755,756,1293,250,59
3980,1423,1669,Sham19Y0018103,2014,1,323,187,74
3980,1281,1669,Sham19Y0018103,2270,717,1254,250,59
3980,1281,1634,Sham19Y0018103,2528,1059,1529,226,61
3980,1299,1669,Sham19Y0018103,2796,1,523,242,59
3980,1281,1669,Sham19Y0018103,3053,217,758,250,59
3980,1281,1669,Sham19Y0018103,3295,451,992,250,59
3980,1397,1669,Sham19Y0018103,3531,80,428,209,76
3980,1281,1669,Sham19Y0018103,3778,625,1166,250,59
3980,1281,1669,Sham19Y0018103,4042,760,1301,250,59
3980,1397,1669,Sham19Y0014592,224,79,387,213,87
3980,1281,1669,Sham19Y0014592,478,219,718,268,66
3980,1397,1669,Sham19Y0014592,752,1,309,213,87
3980,1439,1669,Sham19Y0014592,1026,1,267,179,85
3980,1319,1669,Sham19Y0014592,1310,5,471,248,66
3980,1281,1529,Sham19Y0014592,1575,1272,1595,161,59
3980,1531,1669,Sham19Y0014592,1576,1,175,105,77
3980,1281,1669,Sham19Y0014592,1840,1022,1521,266,65
3980,1281,1669,Sham19Y0014592,2110,235,734,266,65
3980,1281,1613,Sham19Y0014592,2359,1127,1534,226,67
3980,1281,1669,Sham19Y0014592,2607,334,837,266,64
3980,1281,1669,Sham19Y0014592,2856,482,985,267,65
3988,536,747,ShamAY0035131,21,1000,1319,166,65
3990,587,1201,Hindawi060585083,187,1165,1556,226,43
3991,727,1672,Hindawi060585083,188,413,904,315,41
3992,392,793,Hindawi060585083,188,939,1229,186,55
4010,483,955,ShamAY0035792,567,990,1346,137,34
4012,1184,1342,Hindawi060585083,188,1076,1229,113,89
4016,1272,1380,Sham19Y0016714,731,593,897,81,33
4016,1272,1380,Sham19Y0016435,219,136,244,86,100
4016,1272,1380,Shamela0026536,620,1394,1502,86,100
4017,6,323,ShamAY0035131,21,1000,1319,249,97
4020,225,482,Shamela0011056BK2,5,880,1514,125,24
4020,482,834,Shamela0011056BK2,6,1,367,222,67
4020,403,553,ShamAY0034637,97,5,265,115,55
4020,225,466,JK001021,55,43,234,115,57
4020,340,553,Sham19Y0023644,6327,529,962,157,45
4020,225,449,Shia001544Vols,892,1200,1357,99,55
4020,325,449,Shamela0010018,357,569,695,84,84
4020,340,553,Shamela0004473,882,691,1235,159,36
4020,232,553,Shamela0001043,290,14,410,188,51
4020,340,449,Shamela0000728,156,14,290,79,36
4020,340,449,JK001412,476,123,400,77,35
4020,347,449,ShamAY0033769,89,1,267,72,34
4020,217,449,Shamela0006947,12844,833,1211,107,31
4020,403,553,Shamela0012398,693,210,470,114,54
4020,340,553,Shamela0030665,72,29,351,163,63
4020,340,466,Shamela0007830,102,631,758,89,89
4020,340,566,JK011658,61,417,966,163,36
4020,340,553,Sham19Y0038155,35,321,815,166,41
4020,403,553,JK007054,422,55,315,115,55
4020,340,572,JK010743,63,843,1242,144,41
4020,403,553,JK000761,199,40,300,115,55
4020,340,466,Shamela0005351,42,1316,1450,89,85
4020,340,566,JK003609,5397,114,666,160,36
4020,340,504,Shia000814VolsBK1,30,525,647,89,68
4020,340,466,Shamela0023741,60,931,1058,89,89
4020,340,553,Shamela0012406,3509,7,440,163,47
4020,340,466,Shamela0007473,21,1084,1268,86,60
4020,330,453,JK009320,98,1352,1477,85,88
4020,340,553,Shia001402,49,83,620,158,36
4020,340,488,ShamAY0001760,60,1023,1502,109,29
4020,340,466,Shamela0027084,228,203,551,86,31
4020,340,449,Hindawi082959503,84,1307,1528,77,44
4020,340,553,Sham19Y0026523,111,601,1147,163,37
4020,232,563,Shamela0026731,37,334,698,181,51
4020,340,553,Shamela0095735,35,689,1124,163,46
4020,257,396,Shamela0010906,5535,87,363,80,34
4020,232,553,Shamela0004445,5417,553,1112,179,39
4020,361,553,ShamAY0037746,64,1,247,113,57
4020,403,553,Shamela0010016,35,94,355,118,56
4020,340,553,JK009226,72,623,1055,156,45
4020,340,547,Kraken21042921,231,952,1270,144,56
4020,340,553,Shamela0036075,132,215,696,137,33
4020,340,579,JK009245,44,719,1173,165,44
4020,340,449,Zaydiyya0000018,86,898,1008,79,91
4020,225,498,ShamAY0034646,62,1256,1568,116,43
4020,209,504,Shia003636Vols,15076,529,752,155,65
4020,340,823,Sham19Y0016728,42,687,1376,283,43
4020,330,449,Shamela0010283,512,1019,1139,85,90
4020,340,566,JK009296,708,796,1299,165,41
4020,340,563,Shamela0006739,773,454,1001,163,36
4020,340,553,Masaha004568Vols,72,969,1235,150,70
4020,340,466,Shamela0011790,2391,1327,1508,87,61
4020,340,449,Shamela0005683,47,785,895,81,93
4020,340,443,JK003502,220,1259,1528,74,35
4020,340,449,ShamAY0033598,97,1161,1437,81,37
4020,403,553,Sham19Y0014592,763,85,349,118,55
4020,340,553,Sham19Y0014592,2517,304,628,160,61
4020,340,553,Shamela0009788,1276,481,1026,159,36
4023,361,644,Sham19Y0095660,96,965,1319,196,65
4023,1087,1426,Shamela0012320,160,1189,1537,279,96
4041,206,398,Hindawi060585083,188,712,904,152,99
4043,577,723,Hindawi060585083,188,1083,1229,116,98
4071,450,981,Hindawi059616186Vols,1410,1139,1686,426,94
4072,1467,1736,Hindawi059616186Vols,1411,28,297,223,100
4073,101,287,Hindawi059616186Vols,1411,1541,1736,151,95
4073,287,473,Hindawi059616186Vols,1412,1,181,146,94
4079,573,898,Tafsir02102,688,647,988,254,88
4079,979,1240,JK000343,627,831,1121,200,87
4079,573,898,JK006478,2516,862,1343,257,64
4079,534,1240,Shamela0006947,14456,620,1259,484,82
4079,706,898,JK000906,3038,1,197,151,93
4079,658,854,JK009266,2335,78,253,137,85
4079,658,898,Sham19Y0020891,2022,789,1030,189,93
4079,658,898,Shamela0029882,862,309,549,188,93
4083,1075,1231,ShamAY0035131,21,1000,1319,121,48
4091,1384,1653,Hindawi018385936,4,362,638,223,97
4096,915,1124,Shamela0012286,3017,364,602,148,69
4096,991,1187,Shia003408Vols,2439,12,168,118,73
4096,915,1124,Shamela0002114,44,76,314,148,69
4102,853,1134,Shamela0011365,130,206,575,204,61
4116,388,607,Sham19Y0014827,163,1251,1493,131,64
4116,609,811,Sham19Y0014827,164,1,240,147,77
4116,388,788,Sham19Y0014827,343,690,1149,272,72
4116,388,788,Sham19Y0014827,519,663,1122,272,72
4116,359,788,Sham19Y0018103,235,9,587,285,62
4116,475,788,Sham19Y0018103,501,82,471,244,78
4116,359,811,Sham19Y0018103,1004,656,1270,304,62
4116,475,788,Sham19Y0018103,1266,102,491,244,78
4116,359,788,Sham19Y0018103,1518,807,1385,285,62
4116,359,811,Sham19Y0018103,1755,756,1368,304,62
4116,501,788,Sham19Y0018103,2014,1,364,222,77
4116,359,788,Sham19Y0018103,2270,717,1295,285,62
4116,359,712,Sham19Y0018103,2528,1059,1529,226,61
4116,377,788,Sham19Y0018103,2796,1,564,277,62
4116,359,788,Sham19Y0018103,3053,217,799,285,62
4116,359,788,Sham19Y0018103,3295,451,1033,285,62
4116,475,788,Sham19Y0018103,3531,80,469,244,78
4116,359,788,Sham19Y0018103,3778,625,1207,285,62
4116,359,811,Sham19Y0018103,4042,760,1376,304,62
4116,475,788,Sham19Y0014592,224,79,428,248,88
4116,359,788,Sham19Y0014592,478,219,759,303,68
4116,475,788,Sham19Y0014592,752,1,350,248,88
4116,517,788,Sham19Y0014592,1026,1,308,214,87
4116,397,811,Sham19Y0014592,1310,5,538,284,65
4116,359,607,Sham19Y0014592,1575,1272,1595,161,59
4116,609,792,Sham19Y0014592,1576,1,220,141,81
4116,359,788,Sham19Y0014592,1840,1022,1562,301,68
4116,359,788,Sham19Y0014592,2110,235,775,301,68
4116,359,691,Sham19Y0014592,2359,1127,1534,226,67
4116,359,788,Sham19Y0014592,2607,334,878,301,67
4116,359,788,Sham19Y0014592,2856,482,1026,302,68
4138,1390,1561,Hindawi063836061,1,998,1166,138,97
4144,834,1434,ShamAY0034857,20,423,873,102,14
4160,725,961,Hindawi025273163,1,1531,1756,183,94
4161,209,400,Shamela0021784,106,1449,1640,159,100
4161,412,590,Shamela0021784,107,10,165,105,67
4161,265,420,Shamela0021784,118,1,155,127,99
4161,447,590,Shamela0021784,118,677,833,104,76
4161,209,590,Shamela0021784,294,209,714,282,64
4161,209,624,Shamela0004473,4675,867,1277,310,88
4161,54,374,Shamela0004473,11314,309,541,166,62
4161,209,420,Shamela0006947,17060,83,293,174,99
4161,404,590,Shamela0006947,17060,794,980,115,67
4161,11,590,Shamela0006947,17820,432,1219,345,49
4161,209,350,Hindawi093636939,267,896,1037,118,100
4161,204,590,Hindawi013961474,7,399,668,213,65
4163,802,968,Shamela0004473,924,1566,1722,126,93
4163,968,1097,Shamela0004473,925,1,150,106,85
4165,40,230,Shamela0006947,19353,1299,1499,157,95
4165,532,958,Shamela0006947,19354,548,975,342,99
4165,988,1340,Shamela0006947,19355,361,745,263,86
4165,40,230,Shamela0006947,19494,715,915,156,94
4218,645,913,Tafsir02102,1481,1291,1581,182,71
4218,693,929,Tafsir09084,787,1021,1255,186,97
4218,693,929,Sham19Y0148271,1049,805,1064,180,85
4218,693,929,Shamela0025794,8,422,674,181,85
4218,693,929,Sham19Y0127677,2722,971,1193,172,88
4218,693,929,JK000441,100,1165,1414,188,91
4218,698,929,JK009362,2422,1211,1433,179,95
4218,693,929,Tafsir07076,2792,989,1223,186,97
4218,778,929,Tafsir07076,3733,1,152,122,100
4218,693,929,Shamela0008473,1709,447,696,185,92
4227,1501,1631,Hindawi025273163,1,1195,1324,106,99
4246,1290,1509,Sham19Y0014827,163,1251,1493,131,64
4246,1511,1639,Sham19Y0014827,164,1,163,98,77
4246,1290,1639,Sham19Y0014827,343,690,1096,230,69
4246,1290,1639,Sham19Y0014827,519,663,1069,230,69
4246,1261,1639,Sham19Y0018103,235,9,534,243,59
4246,1377,1639,Sham19Y0018103,501,82,418,202,75
4246,1261,1639,Sham19Y0018103,1004,656,1181,243,59
4246,1377,1639,Sham19Y0018103,1266,102,438,202,75
4246,1261,1639,Sham19Y0018103,1518,807,1332,243,59
4246,1261,1639,Sham19Y0018103,1755,756,1281,243,59
4246,1403,1639,Sham19Y0018103,2014,1,311,180,73
4246,1261,1639,Sham19Y0018103,2270,717,1242,243,59
4246,1261,1614,Sham19Y0018103,2528,1059,1529,226,61
4246,1279,1639,Sham19Y0018103,2796,1,511,235,59
4246,1261,1639,Sham19Y0018103,3053,217,746,243,58
4246,1261,1639,Sham19Y0018103,3295,451,980,243,58
4246,1377,1639,Sham19Y0018103,3531,80,416,202,75
4246,1261,1639,Sham19Y0018103,3778,625,1154,243,58
4246,1261,1639,Sham19Y0018103,4042,760,1289,243,58
4246,1377,1639,Sham19Y0014592,224,79,375,206,87
4246,1261,1639,Sham19Y0014592,478,219,706,261,65
4246,1377,1639,Sham19Y0014592,752,1,297,206,87
4246,1419,1639,Sham19Y0014592,1026,1,255,172,85
4246,1299,1639,Sham19Y0014592,1310,5,459,241,65
4246,1261,1509,Sham19Y0014592,1575,1272,1595,161,59
4246,1511,1639,Sham19Y0014592,1576,1,163,98,77
4246,1261,1639,Sham19Y0014592,1840,1022,1509,259,65
4246,1261,1639,Sham19Y0014592,2110,235,722,259,65
4246,1261,1593,Sham19Y0014592,2359,1127,1534,226,67
4246,1261,1639,Sham19Y0014592,2607,334,825,259,64
4246,1261,1639,Sham19Y0014592,2856,482,973,260,65
4272,616,761,Hindawi060585083,188,1083,1229,110,93
4274,811,954,Hindawi060585083,188,712,855,112,98
4290,690,972,Shamela0005440,220,1320,1590,220,95
4290,972,1441,Shamela0005440,221,1,426,300,74
4290,690,1164,Shamela0005440,824,1155,1574,304,73
4290,1164,1441,Shamela0005440,825,1,280,216,95
4307,1616,1823,Sham19Y0029676,910,159,367,165,97
4308,1,547,Sham19Y0029676,910,367,912,439,99
4327,1410,1594,Hindawi018385936,6,302,433,104,67
4327,1404,1594,ShamAY0035792,569,942,1078,111,70
4343,1206,1444,Tafsir07057,61,1402,1642,186,93
4343,1451,1677,Tafsir07057,62,1,227,185,100
4344,492,838,Tafsir07057,42,316,699,222,62
4344,1381,1639,Tafsir07057,60,9,265,194,92
4345,1,358,Tafsir07057,60,265,1113,249,36
4345,321,752,Tafsir07057,61,43,486,285,71
4347,964,1137,Tafsir09083,41,791,938,108,74
4347,97,543,Tafsir09083,78,549,772,134,33
4349,1,272,Tafsir07057,75,453,724,203,91
4349,1,149,Tafsir07057,1939,799,942,99,77
4351,1037,1324,Tafsir07057,6,282,1022,188,31
4351,680,859,Tafsir09083,109,5,185,107,73
4352,523,809,Tafsir07057,266,453,731,211,90
4352,491,640,Hindawi039418519,60,801,972,82,63
4353,585,1198,Tafsir07057,47,393,1040,479,90
4353,1468,1663,Tafsir07057,78,1215,1416,156,95
4354,812,1014,Tafsir07057,39,46,163,92,55
4354,8,502,Tafsir07057,78,1416,1592,139,34
4378,433,793,Shamela9007669,504,1,528,202,40