ms1,b1,e1,id2,ms2,b2,e2,ch_match,matches_percent
1,233,542,Zaydiyya0000209,37,466,1023,151,28
1,1,1563,Masaha0003164Vols,1,13,1581,1265,99
2,386,947,Shia002992Vols,4670,717,1329,168,28
2,418,823,Shia002953Vols,1175,679,895,95,26
2,1347,1498,Shamela0036357,73,577,708,83,66
2,1,1478,Masaha0003164Vols,2,20,1498,1182,99
3,80,235,Shia002992Vols,168,223,358,100,80
3,376,638,Shamela0012286,408,245,588,79,21
3,13,187,Shia002984Vols,146,118,453,122,44
3,80,235,Shia002970Vols,138,640,759,94,76
3,80,272,Shia002953Vols,42,394,558,105,67
3,1,1484,Masaha0003164Vols,3,26,1509,1186,99
3,1001,1270,Masaha0003164Vols,230,1141,1333,80,33
4,658,774,Shia002935,139,934,1049,90,98
4,658,774,Shia003636Vols,2697,440,678,90,47
4,333,965,Shia003021,30,731,1411,207,29
4,19,491,Shia003021,30,49,448,74,12
4,658,812,Shia002984Vols,158,168,329,109,87
4,638,837,Masaha005108Vols,488,1036,1206,107,66
4,658,953,Shia002970Vols,83,552,862,135,51
4,658,960,Shia002948Vols,17,647,907,124,42
4,658,998,Shia002953Vols,48,108,477,136,34
4,638,837,Shia002932VolsBK2,259,555,725,107,66
4,1,1478,Masaha0003164Vols,4,31,1507,1180,99
4,19,753,Masaha0003164Vols,5,421,777,168,28
4,169,539,Masaha0003164Vols,224,1194,1514,141,44
5,1,766,Shia002992Vols,183,480,1053,176,25
5,1,567,Shia002970Vols,83,775,1064,131,26
5,1135,1503,Shia002948Vols,633,1,682,199,35
5,1,521,Shia002953Vols,48,981,1278,123,25
5,1202,1503,Shia002962,512,520,1318,156,25
5,402,758,Masaha0003164Vols,4,49,782,168,29
5,1,1489,Masaha0003164Vols,5,20,1508,1192,99
5,432,904,Masaha0003164Vols,173,707,1108,173,43
5,192,515,Masaha0003164Vols,176,305,559,81,28
6,1,1466,Masaha0003164Vols,6,22,1487,1170,99
7,1,1441,Masaha0003164Vols,7,23,1467,1145,99
7,1224,1422,Masaha0003164Vols,93,549,911,76,24
8,1299,1486,Shia002992Vols,3784,900,1101,124,77
8,1216,1486,Shia003021,581,295,547,100,43
8,1196,1517,Shia002953Vols,1752,317,598,121,36
8,1,1499,Masaha0003164Vols,8,32,1530,1202,99
8,18,496,Masaha0003164Vols,11,54,701,113,16
8,1250,1486,Masaha0003164Vols,144,641,865,143,65
9,1311,1529,Shia002934,128,191,413,160,82
9,1311,1529,Shia002992Vols,6759,1098,1323,163,82
9,14,251,Shia003636Vols,3037,631,995,181,62
9,1142,1549,Shia003636Vols,3105,703,1154,177,44
9,36,243,Shia002931,240,50,431,156,51
9,1,1571,Masaha0003164Vols,9,38,1608,1274,99
10,93,728,Shia003636Vols,3116,4,572,150,20
10,1,1452,Masaha0003164Vols,10,32,1483,1155,99
10,541,998,Masaha0003164Vols,248,1038,1263,106,28
10,893,1393,Masaha0003164Vols,260,1179,1339,62,14
11,22,603,Shia003636Vols,13971,262,660,131,25
11,22,669,Masaha0003164Vols,8,49,527,101,15
11,1,1493,Masaha0003164Vols,11,33,1526,1198,99
12,103,494,Shia002992Vols,6930,952,1315,169,45
12,103,532,Shia003636Vols,3260,722,1151,230,53
12,103,381,Shia002940,134,957,1489,120,23
12,103,505,Masaha004722,135,402,1119,173,24
12,555,826,Shia003366Vols,2157,850,1142,164,62
12,1,1487,Masaha0003164Vols,12,34,1522,1190,99
13,1,1528,Masaha0003164Vols,13,35,1562,1233,99
14,717,1119,Shia002992Vols,364,867,1195,222,65
14,909,1119,Shia002992Vols,5799,176,386,166,96
14,875,1119,Shia001663Vols,686,182,396,173,85
14,743,1119,Shia002972Vols,442,913,1387,207,46
14,909,1091,Shia003764Vols,845,1003,1184,144,96
14,901,1091,Shia003764Vols,946,523,723,140,80
14,774,1119,Shia003636Vols,3891,1179,1447,157,51
14,875,1136,Shia003636Vols,4166,901,1130,180,83
14,774,1105,Shia003021,42,13,241,165,58
14,717,1119,Shia003026VolsBK2,14,20,320,218,65
14,918,1119,Shia003026VolsBK2,40,1256,1457,165,99
14,875,1119,Shia003026VolsBK2,401,457,726,189,85
14,306,794,Shia002984Vols,194,516,1118,155,23
14,909,1119,Shia002970Vols,861,1062,1281,149,80
14,909,1119,Shia002931,241,579,789,165,95
14,918,1119,Shia002964Vols,107,321,522,165,99
14,1,1560,Masaha0003164Vols,14,26,1587,1265,99
15,1,402,Shia002992Vols,368,149,738,133,22
15,1,373,Shia003636Vols,3379,594,795,112,32
15,1,1478,Masaha0003164Vols,15,31,1508,1183,100
15,769,1104,Masaha0003164Vols,182,893,1546,86,12
16,1,1498,Masaha0003164Vols,16,36,1534,1202,99
16,497,917,Masaha0003164Vols,245,342,559,114,31
17,1,1526,Masaha0003164Vols,17,31,1556,1231,100
18,652,1081,Shia001255Vols,1354,1,404,193,46
18,984,1453,Shia001142Vols,308,104,783,177,25
18,1,1485,Masaha0003164Vols,18,30,1517,1189,99
18,1279,1460,Masaha0003164Vols,258,762,945,142,96
19,1,1464,Masaha0003164Vols,19,35,1498,1168,99
20,1,1503,Masaha0003164Vols,20,43,1545,1208,99
21,860,1053,Shia003026VolsBK2,453,595,715,84,53
21,860,1053,Shia002941,9,498,616,83,51
21,860,1142,Shia002984Vols,245,1251,1522,121,49
21,853,1282,Shia002948Vols,31,747,1081,101,23
21,860,1053,Shia002931,62,793,904,82,52
21,1,1495,Masaha0003164Vols,21,40,1535,1201,99
22,1,1469,Masaha0003164Vols,22,37,1505,1176,100
22,75,464,Masaha0003164Vols,69,605,758,65,18
23,1,1494,Masaha0003164Vols,23,38,1531,1199,99
23,655,799,Masaha0003164Vols,84,103,580,62,17
24,1193,1423,Shia003362Vols,55,502,932,108,30
24,1,1474,Masaha0003164Vols,24,45,1517,1178,99
25,916,1512,Shia002992Vols,443,576,1060,228,40
25,923,1484,Shia002970Vols,85,1070,1416,212,46
25,8,302,Shia002948Vols,33,979,1387,133,36
25,911,1484,Shia002948Vols,35,1076,1418,150,28
25,923,1484,Shia002953Vols,85,182,495,173,34
25,1,1480,Masaha0003164Vols,25,43,1522,1187,100
26,740,1176,Shia003636Vols,3906,8,649,178,31
26,669,1070,Shia002955Vols,96,416,751,190,55
26,669,1000,Shia002948Vols,36,1390,1515,71,26
26,1,1489,Masaha0003164Vols,26,45,1533,1196,100
27,243,505,Shia002992Vols,1912,670,917,127,60
27,326,505,Shia002931,89,182,337,114,82
27,847,1278,Masaha0003164Vols,21,645,1182,94,18
27,1,1467,Masaha0003164Vols,27,38,1515,1156,97
27,851,1282,Masaha0003164Vols,118,947,1396,139,31
27,1,505,Masaha0003164Vols,153,444,736,135,29
28,1,1451,Masaha0003164Vols,28,53,1503,1159,99
29,234,342,Shamela0009788,304,1168,1479,69,28
29,1,300,Shia001270Vols,35,866,1327,114,28
29,1,384,Shia001270Vols,38,835,1227,309,97
29,189,356,JK003609,1714,1082,1414,100,35
29,1,1409,Masaha0003164Vols,29,52,1461,1118,99
30,906,1103,Shia003636Vols,3971,382,576,130,67
30,570,701,Rafed0000705Vols,1152,647,783,104,94
30,558,701,Shia001432Vols,17030,789,928,106,91
30,812,1169,Shamela0036075,106,59,341,164,54
30,184,624,Shia003366Vols,6857,1187,1369,121,34
30,848,1076,Shamela0012398,757,1392,1592,164,87
30,848,975,Shia002953Vols,90,744,870,100,97
30,852,1169,Shamela0009091,733,1,313,240,86
30,848,1169,Shamela0001000,64,1177,1534,262,88
30,852,1169,Shamela0006730,60,335,658,250,90
30,883,1118,Shamela0096878,121,949,1158,131,63
30,575,701,Shia001146,402,466,593,102,99
30,848,1169,Sham19Y0029560,965,533,857,239,82
30,1,1504,Masaha0003164Vols,30,50,1553,1211,99
31,1,1456,Masaha0003164Vols,31,41,1496,1165,100
32,1092,1496,Shia002992Vols,648,376,810,228,62
32,1145,1430,Shia003636Vols,4011,412,706,174,66
32,1152,1449,Shia002948Vols,41,292,611,173,60
32,1152,1422,Shia003366Vols,4053,751,967,104,42
32,1152,1351,Shia002931,57,21,241,151,82
32,1,1445,Masaha0003164Vols,32,45,1490,1154,99
32,645,1168,Masaha0003164Vols,264,746,1072,124,27
33,1,1446,Masaha0003164Vols,33,52,1499,1154,99
34,928,1301,Shia002984Vols,334,60,327,110,30
34,928,1408,Shia002948Vols,42,352,854,134,25
34,928,1357,Shia002931,55,781,1087,104,25
34,1,1499,Masaha0003164Vols,34,54,1553,1207,99
35,662,1232,Shia002992Vols,656,645,1230,160,23
35,825,1232,Shia003636Vols,4091,476,754,128,36
35,852,1509,Shia002953Vols,99,628,908,122,22
35,1,1483,Masaha0003164Vols,35,54,1536,1190,99
35,1241,1509,Masaha0003164Vols,37,78,660,94,18
36,182,645,Shia002992Vols,1379,409,841,203,50
36,82,626,Shia003636Vols,4108,527,1519,272,32
36,182,645,Shia003636Vols,7855,962,1374,203,51
36,221,596,Shia003366Vols,5879,1118,1442,182,56
36,182,645,Shia002931,40,895,1326,202,50
36,1,1433,Masaha0003164Vols,36,47,1481,1138,99
37,1069,1376,Shamela0012398,652,1082,1433,173,51
37,1,1469,Masaha0003164Vols,37,45,1511,1174,99
38,357,1231,Shia003026VolsBK2,422,546,741,151,21
38,803,1231,Shamela0036357,221,449,618,133,37
38,636,775,Shamela0036357,260,212,354,85,61
38,1,1441,Masaha0003164Vols,38,60,1502,1151,99
38,863,1076,Masaha0003164Vols,154,959,1194,145,75
39,863,1402,Shia003636Vols,4138,583,949,199,40
39,767,981,Shia003026VolsBK2,503,339,555,163,90
39,772,1402,Shia003366Vols,5840,830,1262,261,46
39,1,1486,Masaha0003164Vols,39,80,1565,1198,100
40,59,466,Shia002992Vols,631,690,1105,189,42
40,1,1468,Masaha0003164Vols,40,68,1535,1177,99
41,1,1418,Masaha0003164Vols,41,64,1483,1130,99
42,41,198,Shia002992Vols,1998,260,431,109,74
42,464,790,Shia003636Vols,4194,412,1177,186,29
42,464,790,Shia002931,62,919,1280,160,45
42,333,881,Shia001217Vols,7753,1120,1398,114,22
42,1,1431,Masaha0003164Vols,42,71,1502,1143,99
43,1180,1451,Masaha003536,11,81,431,135,41
43,1199,1451,Shia002928,178,629,963,123,38
43,1199,1451,Shia003026VolsBK2,763,1305,1458,99,48
43,1,1392,Masaha0003164Vols,43,58,1450,1103,99
43,637,847,Masaha0003164Vols,56,577,1170,76,16
44,1,617,Masaha003536,11,431,1293,401,58
44,1,461,Shia002928,178,963,1489,327,78
44,345,485,Shia002928,182,60,199,111,99
44,327,485,Shia002992Vols,1998,280,431,110,85
44,1,244,Zaydiyya0000180,29,1005,1263,192,92
44,277,485,Zaydiyya0000180,30,554,769,159,91
44,351,485,Shia003636Vols,4181,29,158,101,93
44,286,490,Shia001255Vols,85,1298,1467,109,67
44,79,244,Shia002930,11,256,436,131,90
44,79,244,Shia003026VolsBK2,763,380,560,131,90
44,42,244,Shia003026VolsBK2,764,1,218,161,91
44,79,244,Zaydiyya0000184,12,694,874,131,90
44,345,503,Shia002970Vols,178,1,153,115,92
44,1,1436,Masaha0003164Vols,44,60,1496,1148,99
44,116,303,Masaha0003164Vols,63,174,355,134,88
44,248,485,Masaha0003164Vols,188,697,998,137,57
45,1197,1399,Shia003636Vols,4245,86,325,123,64
45,1,1447,Masaha0003164Vols,45,64,1510,1159,100
45,1275,1399,Masaha0003164Vols,292,865,1022,98,78
45,1275,1399,Masaha0003164Vols,526,753,882,98,96
46,1,1476,Masaha0003164Vols,46,62,1538,1189,99
47,1,1365,Masaha0003164Vols,47,69,1438,1077,99
48,1076,1179,Shia002953Vols,116,983,1387,58,17
48,1,1433,Masaha0003164Vols,48,80,1515,1149,99
49,382,996,Shia002992Vols,738,507,1005,144,21
49,564,774,Shia001217Vols,7008,844,1259,102,32
49,1,1426,Masaha0003164Vols,49,90,1515,1142,100
50,427,611,Shia002992Vols,765,1,190,132,77
50,392,590,Shia002972Vols,449,219,386,116,69
50,442,611,Shia003636Vols,4578,384,546,127,92
50,399,611,Shia001255Vols,674,614,808,152,88
50,399,587,Shia003026VolsBK2,41,215,402,135,89
50,399,587,Shia003026VolsBK2,50,1253,1437,136,84
50,399,582,Shia002970Vols,70,871,1035,108,63
50,399,611,Shia002948Vols,57,539,732,154,89
50,392,611,Shia003366Vols,4164,1190,1469,126,56
50,399,582,Shia002953Vols,130,1002,1176,129,82
50,363,611,Shia002931,48,365,598,158,77
50,399,632,Shia002980Vols,362,1033,1220,138,73
50,386,587,Shia002964Vols,110,845,1022,135,84
50,405,611,Shia002964Vols,330,578,764,147,88
50,1,1391,Masaha0003164Vols,50,87,1477,1098,98
51,479,1089,Shia002992Vols,896,57,532,153,27
51,750,911,Shamela0006744,278,38,222,90,59
51,750,1089,Shia003636Vols,4764,1132,1379,116,40
51,770,1089,Shia002955Vols,103,1,219,100,37
51,1248,1467,Shia003366Vols,2162,1317,1603,167,71
51,1,1471,Masaha0003164Vols,51,80,1552,1189,99
52,1,1465,Masaha0003164Vols,52,97,1561,1181,99
52,984,1448,Masaha0003164Vols,232,338,496,74,19
53,64,464,Shia002992Vols,4020,1289,1502,103,31
53,18,494,Shia001255Vols,224,1048,1390,147,34
53,18,408,Shia002953Vols,998,529,722,98,30
53,1,1383,Masaha0003164Vols,53,110,1493,1100,99
53,1190,1443,Masaha0003164Vols,187,54,317,108,40
54,1248,1442,Shia002992Vols,1176,885,1156,109,52
54,1268,1442,Shia003636Vols,5998,463,1021,97,22
54,1276,1442,Shia002984Vols,634,675,946,82,36
54,1276,1442,Masaha005108Vols,43,734,1104,96,33
54,1276,1455,Shia002948Vols,102,1275,1517,93,49
54,984,1462,Shia002936,18,509,954,127,26
54,1276,1442,Shia002932VolsBK2,34,1179,1404,94,53
54,1248,1442,Shia002931,78,689,956,106,50
54,1,1366,Masaha0003164Vols,54,96,1472,1087,98
54,1366,1473,Masaha0003164Vols,55,1,108,84,100
55,574,820,Shia004050,238,959,1240,159,66
55,570,815,Shia003636Vols,6003,421,688,158,65
55,574,820,Shia001255Vols,118,509,785,159,68
55,626,820,Shia001367,127,809,1074,138,61
55,235,851,Shia003366Vols,7760,1063,1497,272,52
55,1,1416,Masaha0003164Vols,55,108,1506,1119,98
55,570,815,Masaha0003164Vols,389,371,509,97,49
56,123,472,Shia002992Vols,1179,122,431,181,59
56,498,680,Shia001134,3,554,712,73,49
56,498,791,Shia001134,330,1194,1472,79,22
56,123,505,Shia003021,158,504,839,156,44
56,724,858,Shia002941,26,45,159,81,73
56,251,858,Shia002970Vols,89,712,956,136,28
56,171,484,Shia002948Vols,103,139,395,175,65
56,171,479,Shia002953Vols,237,85,406,163,52
56,171,944,Shia002931,79,1174,1487,185,27
56,171,846,Shia001217Vols,7761,598,1241,200,27
56,498,732,Shia001334,386,649,875,76,28
56,484,1077,Masaha0003164Vols,43,694,905,76,16
56,1,1405,Masaha0003164Vols,56,94,1498,1121,99
57,153,627,Shia003026VolsBK2,789,285,607,251,66
57,930,1437,Shia002953Vols,242,417,991,216,37
57,1,1407,Masaha0003164Vols,57,103,1509,1125,100
58,1,1430,Masaha0003164Vols,58,88,1517,1148,100
59,1,1390,Masaha0003164Vols,59,100,1491,1109,99
60,835,1249,Shia002992Vols,1214,983,1461,195,46
60,692,1072,Shia004514,48,389,613,126,40
60,878,1102,Shia003636Vols,6213,882,1152,133,61
60,692,1057,Shia002940,23,782,1031,151,52
60,893,1102,Shia002958,492,806,1015,129,70
60,878,1176,Shamela0035100,4960,905,1237,139,53
60,692,1077,Shia002941,27,11,257,130,41
60,893,1102,Shia001544Vols,34,1206,1582,152,50
60,692,1057,Masaha004722,23,870,1120,151,52
60,893,1176,Shamela0036357,530,686,983,130,51
60,893,1249,Shia002931,79,519,970,191,52
60,1,1392,Masaha0003164Vols,60,98,1491,1113,99
61,144,560,Shia002992Vols,1215,196,983,250,38
61,144,560,Shia001663Vols,672,364,663,212,62
61,144,530,Shia004514,48,613,847,120,39
61,144,555,Shia003764Vols,327,695,1180,244,60
61,217,585,Shia003636Vols,6216,305,1035,233,38
61,144,486,Shia002940,22,223,591,165,45
61,144,555,Shia001255Vols,729,826,1171,247,74
61,160,495,Shia002930,1,1371,1567,132,48
61,144,500,Shia002955Vols,111,970,1168,141,48
61,144,483,Shia002941,27,310,457,79,30
61,160,495,Zaydiyya0000184,2,992,1188,132,48
61,144,483,Shia002984Vols,672,800,1049,94,30
61,144,483,Masaha004175,49,1252,1511,143,51
61,144,486,Masaha004722,22,322,695,165,45
61,144,822,Shia002948Vols,110,230,734,296,54
61,139,495,Shia002953Vols,250,354,677,179,63
61,144,555,Shia002931,80,18,828,246,36
61,1,1389,Masaha0003164Vols,61,120,1511,1112,99
61,1389,1515,Masaha0003164Vols,62,1,127,101,100
61,784,1112,Masaha0003164Vols,159,1106,1405,118,42
62,132,770,Shia002992Vols,1229,726,1430,196,27
62,145,561,Shia002935,147,1,517,145,30
62,132,491,Shia003636Vols,6281,91,567,152,32
62,182,698,Shia002970Vols,90,693,1124,161,34
62,297,703,Shia002948Vols,111,71,834,165,24
62,274,456,Shia002953Vols,253,1117,1329,115,67
62,1,1358,Masaha0003164Vols,62,127,1484,1081,99
63,1029,1366,Shia003021,170,1062,1437,81,21
63,423,1051,Shia003026VolsBK2,791,1,666,489,92
63,219,779,Shia002984Vols,689,893,1341,97,16
63,1350,1479,Shia002984Vols,697,72,258,78,48
63,506,668,Shia002931,167,330,542,106,61
63,54,235,Masaha0003164Vols,44,175,362,134,88
63,1,1399,Masaha0003164Vols,63,121,1519,1122,99
63,1399,1510,Masaha0003164Vols,64,1,112,86,100
63,418,814,Masaha0003164Vols,159,135,545,152,45
64,774,1096,Shia003021,196,24,645,128,22
64,1,1401,Masaha0003164Vols,64,112,1515,1125,99
64,1401,1537,Masaha0003164Vols,65,1,137,110,100
65,1386,1542,Shamela0010798,1725,1233,1411,124,87
65,754,1420,Shamela0010798,1725,26,700,427,69
65,486,1104,JK000916,4652,787,1319,251,40
65,479,1245,JK000916,4654,976,1514,428,69
65,1250,1542,JK000916,4658,472,864,235,74
65,1006,1382,Shamela0012406,3413,660,1018,243,68
65,486,1116,Shamela0000736,2741,1109,1511,323,63
65,1116,1342,Shamela0000736,2742,1,181,130,72
65,1250,1542,Shamela0000736,2742,897,1225,228,86
65,1,1411,Masaha0003164Vols,65,137,1549,1136,99
65,1411,1542,Masaha0003164Vols,66,1,132,105,100
66,139,814,Shia002992Vols,1337,33,393,126,23
66,1,1366,Masaha0003164Vols,66,132,1497,1089,99
66,126,672,Masaha0003164Vols,84,318,572,75,16
67,713,1044,Shamela0009788,206,546,898,237,78
67,688,1044,Shia003636Vols,4425,398,783,256,80
67,741,995,JK003609,1534,53,333,176,78
67,371,632,Zaydiyya0000209,223,1,296,127,41
67,1,1461,Masaha0003164Vols,67,125,1572,1169,98
67,1461,1583,Masaha0003164Vols,68,1,124,96,99
68,1,1338,Masaha0003164Vols,68,124,1461,1063,100
68,1338,1469,Masaha0003164Vols,69,1,132,105,100
69,474,627,Masaha0003164Vols,22,111,500,65,18
69,1,1412,Masaha0003164Vols,69,132,1510,1102,97
69,491,712,Masaha0003164Vols,227,146,443,113,42
70,1,1417,Masaha0003164Vols,70,106,1526,1136,99
70,302,673,Masaha0003164Vols,134,790,1423,161,29
71,1,1410,Masaha0003164Vols,71,104,1512,1129,99
71,808,1061,Masaha0003164Vols,342,84,322,119,57
72,1,1429,Masaha0003164Vols,72,107,1535,1148,100
73,7,1390,Masaha0003164Vols,73,105,1488,1102,99
74,1,1457,Masaha0003164Vols,74,101,1557,1174,99
74,1176,1545,Masaha0003164Vols,100,514,1137,113,20
75,1,1437,Masaha0003164Vols,75,98,1534,1155,100
76,353,734,Shia002992Vols,1497,852,1271,105,21
76,353,734,Shia003636Vols,8020,157,532,102,22
76,120,299,Shia001134,278,146,392,132,67
76,353,1264,Shia002970Vols,857,950,1537,148,15
76,120,299,Shia004030Vols,425,706,951,134,68
76,93,299,Shia004030Vols,1601,840,1104,136,62
76,120,299,Shia004030Vols,2311,1007,1243,134,71
76,353,734,Shia002931,32,631,1036,110,23
76,1,1498,Masaha0003164Vols,76,88,1585,1214,99
77,1154,1313,Zaydiyya0000257,34,39,255,126,72
77,1114,1313,Zaydiyya0000029,14,422,736,137,55
77,1,1422,Masaha0003164Vols,77,88,1511,1136,99
78,934,1364,Shia002992Vols,1565,139,641,217,51
78,934,1203,Shia003636Vols,8251,919,1334,154,44
78,941,1272,Shia002953Vols,364,151,515,154,44
78,1,1379,Masaha0003164Vols,78,106,1484,1098,100
78,342,812,Masaha0003164Vols,100,448,1118,106,16
79,1,1409,Masaha0003164Vols,79,102,1511,1128,99
79,1409,1508,Masaha0003164Vols,80,1,100,78,100
80,211,343,Shia002992Vols,1568,44,521,70,17
80,283,702,Shia003636Vols,8299,1041,1478,135,30
80,1,1419,Masaha0003164Vols,80,100,1514,1132,99
80,297,486,Masaha0003164Vols,213,727,910,90,50
81,1,1438,Masaha0003164Vols,81,89,1526,1155,99
81,422,661,Masaha0003164Vols,84,318,908,104,22
82,1,1389,Masaha0003164Vols,82,99,1487,1107,99
83,295,448,Shia003636Vols,431,1067,1238,107,74
83,295,448,Shia003636Vols,14393,287,486,108,66
83,94,266,Shia003366Vols,26,457,673,100,49
83,94,266,Shia002953Vols,371,884,1085,94,54
83,1,1440,Masaha0003164Vols,83,100,1539,1159,100
84,1,466,Masaha0003164Vols,23,704,836,69,19
84,205,458,Masaha0003164Vols,66,257,803,77,18
84,205,752,Masaha0003164Vols,81,511,715,104,24
84,1,1451,Masaha0003164Vols,84,114,1565,1168,99
84,1451,1555,Masaha0003164Vols,85,1,105,83,100
84,1,618,Masaha0003164Vols,248,785,1196,134,22
85,1,1470,Masaha0003164Vols,85,105,1574,1190,100
85,1470,1576,Masaha0003164Vols,86,1,107,85,100
86,892,1469,Shia002992Vols,1623,8,862,160,20
86,763,1391,Shia003636Vols,8821,128,723,133,21
86,899,1567,Shia003026VolsBK2,798,738,1117,96,16
86,1,1438,Masaha0003164Vols,86,107,1549,1162,99
86,1438,1567,Masaha0003164Vols,87,1,130,103,100
87,1228,1537,Shia002931,140,401,709,136,39
87,1,1410,Masaha0003164Vols,87,130,1539,1135,100
87,1410,1540,Masaha0003164Vols,88,1,131,104,100
87,777,1513,Masaha0003164Vols,313,843,1225,211,34
88,105,393,Shia002992Vols,4992,1082,1325,182,76
88,105,361,Shia002931,213,1279,1490,157,74
88,1,1441,Masaha0003164Vols,88,131,1516,1110,96
89,1,1402,Masaha0003164Vols,89,66,1469,1117,99
90,203,512,Shia002992Vols,1638,156,567,193,58
90,1324,1508,Shia002992Vols,2209,1225,1387,116,78
90,245,428,Shia003636Vols,8924,1250,1433,144,100
90,1319,1508,Shia003636Vols,10209,47,197,119,79
90,203,330,Shia003021,246,751,903,89,75
90,1324,1508,Shia002931,107,989,1151,116,78
90,1,1434,Masaha0003164Vols,90,81,1514,1149,100
90,1142,1459,Masaha0003164Vols,314,1173,1507,154,44
91,1,1492,Masaha0003164Vols,91,75,1567,1205,99
92,1,1466,Masaha0003164Vols,92,78,1545,1182,99
93,472,834,Masaha0003164Vols,7,1249,1448,76,24
93,1,1392,Masaha0003164Vols,93,77,1469,1109,99
94,1,1457,Masaha0003164Vols,94,97,1553,1173,100
95,135,665,Shia001255Vols,728,845,1262,253,54
95,9,496,Shia002984Vols,979,467,873,130,32
95,1,1451,Masaha0003164Vols,95,89,1541,1168,99
96,1005,1165,Shia001432Vols,18,481,648,95,68
96,1284,1407,Shia001255Vols,173,582,1164,82,17
96,981,1165,Shia003358,361,1168,1408,115,59
96,1,1443,Masaha0003164Vols,96,101,1543,1159,99
97,768,947,Shia003636Vols,6220,669,829,118,80
97,768,947,Shia001255Vols,735,387,550,118,80
97,1139,1515,Masaha0003164Vols,29,15,535,105,18
97,1,1440,Masaha0003164Vols,97,84,1518,1149,99
98,544,782,Sham19Y0001994,293,677,1212,95,21
98,1,1458,Masaha0003164Vols,98,81,1538,1174,100
99,1,1441,Masaha0003164Vols,99,82,1522,1157,100
100,207,443,Shia002992Vols,1989,1176,1499,127,51
100,207,472,Shia003636Vols,9653,1088,1439,148,52
100,207,353,Shia002940,39,177,358,101,73
100,207,495,Shia001432Vols,17557,716,971,116,45
100,207,353,Masaha004722,39,98,266,96,70
100,207,495,Shia002953Vols,464,511,798,123,46
100,207,353,Shia002931,90,1180,1373,101,69
100,198,375,Zaydiyya0000209,298,646,1044,115,36
100,433,886,Masaha0003164Vols,74,1276,1516,94,27
100,367,1037,Masaha0003164Vols,78,447,917,106,16
100,1,1384,Masaha0003164Vols,100,82,1465,1100,100
100,982,1355,Masaha0003164Vols,225,16,496,111,27
101,271,651,Kraken22041020274100,6,1380,1577,135,44
101,278,669,Shia001255Vols,1030,186,476,163,48
101,271,672,Shia003366Vols,1463,1213,1504,191,59
101,1,1417,Masaha0003164Vols,101,81,1481,1116,98
101,981,1303,Masaha0003164Vols,117,979,1287,158,47
102,1,1422,Masaha0003164Vols,102,88,1508,1135,99
103,6,306,Shia002934,49,607,914,221,84
103,6,245,Shia002992Vols,2016,1345,1593,178,84
103,6,306,Shia003636Vols,9723,992,1291,210,79
103,16,490,Shia002953Vols,474,400,786,224,56
103,1,1419,Masaha0003164Vols,103,67,1487,1134,99
104,652,824,Shia002992Vols,2220,277,709,97,27
104,661,824,Shia002941,45,385,571,68,47
104,1,1416,Masaha0003164Vols,104,84,1486,1110,97
105,928,1532,Masaha0003164Vols,74,991,1322,125,26
105,1,1460,Masaha0003164Vols,105,79,1538,1175,100
106,1,1396,Masaha0003164Vols,106,78,1484,1092,96
106,1321,1541,Masaha0003164Vols,107,1,221,176,100
107,1030,1385,Shia003636Vols,10967,777,1087,204,74
107,1030,1332,Shia003358,275,74,353,182,73
107,1030,1332,Shia003366Vols,6034,127,377,190,80
107,1,1282,Masaha0003164Vols,107,221,1500,1022,99
107,1282,1501,Masaha0003164Vols,108,1,220,175,100
108,15,499,Shia002992Vols,2549,961,1378,295,73
108,15,631,Shia003636Vols,11066,689,1285,334,61
108,82,423,Shia003026VolsBK2,500,1173,1434,192,70
108,82,631,Shia002931,123,849,1456,320,59
108,82,499,Shia002980Vols,80,48,452,279,77
108,1,1246,Masaha0003164Vols,108,220,1465,989,100
108,1246,1493,Masaha0003164Vols,109,1,249,203,99
109,130,365,Shia002972Vols,681,202,438,137,64
109,780,1005,Shamela0000736,3523,665,914,145,63
109,1,1286,Masaha0003164Vols,109,249,1536,1030,99
109,1286,1521,Masaha0003164Vols,110,1,238,187,98
110,883,1094,Shia002992Vols,2863,990,1178,118,61
110,895,1094,Shia003021,419,478,652,116,65
110,731,1040,Shia002970Vols,97,1149,1503,176,50
110,1,1265,Masaha0003164Vols,110,238,1502,1010,99
110,1265,1485,Masaha0003164Vols,111,1,221,173,100
111,522,709,Shia002992Vols,2907,216,432,129,75
111,1257,1434,Shia002992Vols,2918,417,572,114,82
111,353,636,Shia003021,426,49,528,138,32
111,353,749,Shia002948Vols,271,620,1000,220,66
111,448,694,Shia002931,132,57,241,130,67
111,1257,1434,Shia002931,132,850,1007,113,81
111,1,1264,Masaha0003164Vols,111,221,1475,998,98
111,1264,1503,Masaha0003164Vols,112,1,240,189,99
112,260,566,Masaha002493,114,1038,1411,120,35
112,260,548,Shia001432Vols,15328,1179,1505,126,42
112,1033,1370,Shia003021,440,523,954,99,24
112,1,1224,Masaha0003164Vols,112,240,1467,974,99
112,1224,1496,Masaha0003164Vols,113,1,273,221,100
113,425,583,ShamAY0034815,62,205,363,123,97
113,1,1262,Masaha0003164Vols,113,273,1535,1013,99
113,1262,1530,Masaha0003164Vols,114,1,269,216,100
114,710,1169,Shia003636Vols,7592,384,670,144,42
114,727,1045,Shia001423Vols,1854,227,490,149,56
114,775,1045,Shia001286,285,1249,1466,147,63
114,592,935,Shia002984Vols,1453,747,1470,146,23
114,1,1221,Masaha0003164Vols,114,269,1489,972,100
114,1221,1475,Masaha0003164Vols,115,1,255,202,100
115,484,735,Shia002992Vols,3009,732,984,197,97
115,513,670,Shia002940,83,21,177,117,92
115,484,750,Shia002948Vols,286,811,1044,175,79
115,484,1358,Shia002931,148,701,1206,355,49
115,442,735,Rafed0000040Vols,1821,149,425,205,86
115,1,1299,Masaha0003164Vols,115,255,1560,1045,98
115,1299,1557,Masaha0003164Vols,116,1,260,206,99
115,135,404,Masaha0003164Vols,222,20,440,128,33
115,99,925,Masaha0003164Vols,272,50,568,76,9
116,290,614,Shia003366Vols,1460,1338,1610,176,63
116,1,1277,Masaha0003164Vols,116,260,1546,1027,98
116,1277,1540,Masaha0003164Vols,117,1,265,210,99
117,715,918,Shia002992Vols,2818,1405,1523,81,50
117,715,969,Shia001432Vols,41,1048,1193,102,50
117,715,1097,Shia001134,364,524,790,112,29
117,121,295,Zaydiyya0000358,133,174,379,112,67
117,715,1097,Shia001149Vols,1136,975,1240,115,30
117,715,1097,Shia002953Vols,662,513,778,115,30
117,595,955,Shia002953Vols,1297,739,988,106,35
117,715,1097,Shia001217Vols,7641,353,618,115,30
117,715,1023,Masaha0003164Vols,101,1062,1367,158,49
117,1,1266,Masaha0003164Vols,117,265,1514,1000,98
117,1266,1508,Masaha0003164Vols,118,1,243,190,99
118,112,354,Zaydiyya0000257,75,161,352,91,46
118,705,1207,Masaha0003164Vols,27,888,1363,161,33
118,1,1300,Masaha0003164Vols,118,243,1542,1049,100
118,1300,1564,Masaha0003164Vols,119,1,265,214,100
119,655,1065,Masaha0003164Vols,116,935,1469,108,22
119,1,1230,Masaha0003164Vols,119,265,1494,979,100
119,1230,1467,Masaha0003164Vols,120,1,238,187,100
119,707,908,Masaha0003164Vols,222,20,452,120,35
120,1,1251,Masaha0003164Vols,120,238,1489,998,99
120,1251,1504,Masaha0003164Vols,121,1,334,202,75
121,972,1170,Shia001146,267,1216,1434,116,63
121,1,1232,Masaha0003164Vols,121,256,1491,981,99
121,1232,1483,Masaha0003164Vols,122,1,252,200,100
121,749,933,Masaha0003164Vols,153,1114,1320,107,55
121,23,218,Masaha0003164Vols,184,966,1112,91,59
121,1013,1223,Masaha0003164Vols,220,707,855,115,69
122,1,1231,Masaha0003164Vols,122,252,1483,981,99
122,1231,1502,Masaha0003164Vols,123,1,272,220,100
123,1,1256,Masaha0003164Vols,123,272,1523,1000,99
123,1256,1494,Masaha0003164Vols,124,1,239,188,100
124,1,1203,Masaha0003164Vols,124,241,1444,953,99
124,1203,1442,Masaha0003164Vols,125,1,240,188,100
125,431,662,Shia001552,272,640,893,148,67
125,426,662,Shia001432Vols,14878,357,625,150,66
125,431,662,Shia001237Vols,2532,1171,1430,148,68
125,431,662,Shia001357,231,576,837,145,66
125,366,662,Shia001362Vols,656,361,855,177,43
125,1,1281,Masaha0003164Vols,125,240,1503,1014,98
125,1281,1533,Masaha0003164Vols,126,1,254,204,99
126,1,1236,Masaha0003164Vols,126,254,1489,983,100
126,1236,1458,Masaha0003164Vols,127,1,224,174,99
126,105,323,Masaha0003164Vols,166,11,334,102,31
127,988,1212,Shamela0010275,648,391,627,129,58
127,745,1007,Shamela0010275,669,1,237,157,69
127,564,1375,Shia002928,194,1,657,476,72
127,504,1212,Shamela0003583,110,4,401,269,46
127,374,1247,Shia003764Vols,600,354,1122,564,80
127,374,731,JK000952,1184,418,683,172,54
127,841,937,JK010746,82,431,527,73,97
127,737,1098,Shamela0012406,3441,1272,1579,223,77
127,374,841,Shamela0000736,4261,588,1027,344,91
127,841,1209,Shamela0000736,4262,430,740,232,80
127,765,983,Sham19Y0023644,6245,484,732,149,73
127,841,988,JK010729,172,1279,1426,115,98
127,841,988,Shamela0001349,436,81,229,115,97
127,1,1251,Masaha0003164Vols,127,224,1474,998,100
127,1251,1509,Masaha0003164Vols,128,1,260,210,99
128,1,1247,Masaha0003164Vols,128,260,1508,989,99
128,1247,1482,Masaha0003164Vols,129,1,236,187,100
129,71,383,Shia003636Vols,6220,1164,1358,121,45
129,71,383,Shia001255Vols,735,891,1090,121,45
129,301,653,Shia002984Vols,1691,61,289,89,31
129,71,623,Shia002948Vols,339,222,1007,153,20
129,301,661,Shia002953Vols,885,930,1405,96,18
129,888,1142,Shia002931,189,1086,1472,178,56
129,1,1236,Masaha0003164Vols,129,236,1481,984,99
129,1236,1476,Masaha0003164Vols,130,1,241,191,100
130,163,560,Shia001432Vols,12164,1,441,174,40
130,57,425,Shia001134,265,912,1314,189,51
130,62,425,Shia004030Vols,667,1,369,183,54
130,1,1270,Masaha0003164Vols,130,241,1511,1018,99
130,1270,1523,Masaha0003164Vols,131,1,254,204,100
130,957,1096,Masaha0003164Vols,342,1173,1510,97,36
131,1,1315,Masaha0003164Vols,131,254,1553,1044,98
131,1315,1542,Masaha0003164Vols,132,1,228,180,100
132,1,1289,Masaha0003164Vols,132,228,1517,1033,99
132,1289,1530,Masaha0003164Vols,133,1,242,195,100
133,1,1257,Masaha0003164Vols,133,242,1499,1002,99
133,1257,1497,Masaha0003164Vols,134,1,241,194,100
134,557,1167,Shia003366Vols,5840,988,1235,130,27
134,550,1184,Masaha0003164Vols,70,407,781,156,28
134,1,1296,Masaha0003164Vols,134,241,1535,1040,99
134,1296,1538,Masaha0003164Vols,135,1,243,197,100
135,1,1288,Masaha0003164Vols,135,243,1531,1031,99
135,1288,1505,Masaha0003164Vols,136,1,218,172,100
135,120,651,Masaha0003164Vols,168,563,1053,116,19
136,773,1215,Shia003366Vols,4089,1046,1321,137,34
136,1,1302,Masaha0003164Vols,136,218,1519,1046,100
136,1302,1519,Masaha0003164Vols,137,1,218,172,100
136,448,679,Masaha0003164Vols,153,1137,1343,120,58
136,34,376,Masaha0003164Vols,162,350,1120,139,20
137,963,1478,Shia002992Vols,3698,274,721,100,18
137,944,1320,Shia003021,568,939,1500,71,12
137,1,1284,Masaha0003164Vols,137,218,1501,1026,99
137,1284,1510,Masaha0003164Vols,138,1,227,181,100
137,958,1348,Masaha0003164Vols,231,298,942,120,20
138,27,1177,Shia003021,569,142,1204,324,28
138,1201,1472,Masaha0003164Vols,10,559,1102,91,19
138,1,1273,Masaha0003164Vols,138,227,1499,1017,100
138,1273,1504,Masaha0003164Vols,139,1,232,186,100
139,1125,1508,Shia002953Vols,937,539,994,119,28
139,1,1285,Masaha0003164Vols,139,232,1516,1029,100
139,1285,1516,Masaha0003164Vols,140,1,232,186,100
140,1,1292,Masaha0003164Vols,140,232,1522,1033,99
140,1292,1511,Masaha0003164Vols,141,1,220,175,100
140,880,983,Masaha0003164Vols,487,533,811,82,37
141,928,1170,Shia002935,155,546,1091,130,30
141,595,1291,Shia002970Vols,102,101,716,202,27
141,878,1263,Shia002953Vols,951,470,723,119,36
141,1,1270,Masaha0003164Vols,141,220,1488,1010,99
141,1270,1496,Masaha0003164Vols,142,1,227,183,100
142,126,555,Shia001375,92,8,721,341,57
142,86,658,Shia003366Vols,4563,685,1502,396,55
142,1,1323,Masaha0003164Vols,142,227,1553,1066,99
142,1323,1538,Masaha0003164Vols,143,1,216,171,100
143,75,601,Shia001432Vols,15546,242,415,114,26
143,310,601,Shia003358,363,557,1254,227,40
143,473,601,Shia002984Vols,2479,994,1221,78,44
143,75,601,Shia003366Vols,7626,504,1093,325,60
143,1,1264,Masaha0003164Vols,143,216,1476,1004,99
143,1264,1463,Masaha0003164Vols,144,1,198,155,98
143,306,755,Masaha0003164Vols,146,406,911,191,38
144,223,572,Shia002992Vols,3775,665,951,109,38
144,429,673,Shia002992Vols,3784,830,1106,139,55
144,496,955,Shia003021,581,365,782,125,26
144,241,634,Shia003026VolsBK2,767,966,1372,99,21
144,338,879,Shia002970Vols,102,841,1232,119,22
144,512,796,Shia002970Vols,118,598,986,137,38
144,844,1025,Zaydiyya0000358,171,278,543,93,43
144,460,805,Shia002953Vols,1752,347,674,163,54
144,415,1127,Masaha0003164Vols,4,139,745,126,15
144,444,668,Masaha0003164Vols,8,1281,1517,133,57
144,1,1280,Masaha0003164Vols,144,198,1477,1020,99
144,1280,1493,Masaha0003164Vols,145,1,214,170,99
145,608,1087,Shia002992Vols,2493,1194,1402,104,25
145,601,971,Shia002992Vols,3782,284,841,194,36
145,608,1051,Shia001148,164,592,751,108,30
145,544,1129,Shia001255Vols,1357,1054,1207,100,21
145,608,1051,Shia001137,156,96,255,109,30
145,847,1051,Shia001134,3,554,712,110,66
145,847,1123,Shia001134,330,1194,1412,127,58
145,608,1051,Shia001172,132,164,324,109,30
145,608,1163,Shia003021,580,484,1148,197,32
145,608,1087,Shia001237Vols,310,1,192,101,26
145,769,1217,Shia003026VolsBK2,684,13,464,123,22
145,608,1272,Shia003026VolsBK2,787,1067,1452,138,22
145,1097,1286,Shia001136,115,823,974,80,52
145,608,1051,Shia001140Vols,312,1255,1415,109,31
145,1097,1286,Shia001542Vols,321,1293,1443,80,52
145,705,1305,Shia002984Vols,1798,573,1273,207,29
145,847,1104,Shia001334,386,649,875,120,55
145,1,1276,Masaha0003164Vols,145,214,1489,1017,100
145,1276,1511,Masaha0003164Vols,146,1,236,193,100
146,175,393,Shia003358,363,557,1133,137,28
146,852,1289,Shia003366Vols,7454,238,785,150,26
146,631,1215,Masaha0003164Vols,86,141,547,133,25
146,171,678,Masaha0003164Vols,143,521,970,191,38
146,1,1343,Masaha0003164Vols,146,236,1577,1081,99
146,1343,1560,Masaha0003164Vols,147,1,218,176,100
147,238,560,Shia003366Vols,7454,960,1470,175,40
147,9,1352,Masaha0003164Vols,147,227,1571,1085,99
147,1352,1546,Masaha0003164Vols,148,1,195,153,100
148,24,162,Shia003764Vols,188,15,142,94,87
148,409,691,Shia003026VolsBK2,41,731,1167,127,32
148,769,912,Zaydiyya0000142,1199,826,1010,103,68
148,365,691,Shia002984Vols,1808,622,987,111,30
148,421,691,Shia003366Vols,2834,464,655,88,37
148,44,197,Shia003355,242,1598,1744,107,88
148,1,1284,Masaha0003164Vols,148,195,1478,1024,100
148,1284,1486,Masaha0003164Vols,149,1,203,161,100
149,1,1275,Masaha0003164Vols,149,203,1477,1011,99
149,1275,1486,Masaha0003164Vols,150,1,212,168,99
149,630,1125,Masaha0003164Vols,152,516,1090,157,27
150,1,1379,Masaha0003164Vols,150,212,1591,1120,99
150,1379,1599,Masaha0003164Vols,151,1,221,177,100
151,471,731,Shia002992Vols,3999,1337,1551,148,68
151,471,849,Shia003021,594,820,1322,184,41
151,462,731,Shia003026VolsBK2,15,408,642,138,61
151,471,738,Shia002948Vols,370,455,708,155,69
151,540,788,Shia002931,172,900,1145,179,83
151,1,1295,Masaha0003164Vols,151,221,1516,1034,99
151,1295,1506,Masaha0003164Vols,152,1,211,167,99
151,814,1223,Masaha0003164Vols,167,358,868,152,33
151,529,799,Masaha0003164Vols,350,743,1040,204,82
152,874,1201,Shia001217Vols,9,348,474,72,26
152,306,881,Masaha0003164Vols,149,832,1327,167,31
152,1,1276,Masaha0003164Vols,152,211,1485,1016,99
152,1276,1488,Masaha0003164Vols,153,1,214,170,99
153,197,529,Shia002992Vols,1912,697,923,139,52
153,245,529,Shia002931,89,149,343,125,55
153,231,523,Masaha0003164Vols,27,38,542,135,29
153,901,1107,Masaha0003164Vols,121,1003,1187,107,55
153,924,1130,Masaha0003164Vols,136,665,896,120,58
153,1,1258,Masaha0003164Vols,153,214,1471,1000,100
153,1258,1487,Masaha0003164Vols,154,1,230,186,100
153,175,983,Masaha0003164Vols,351,934,1524,232,31
154,730,965,Masaha0003164Vols,38,924,1137,145,75
154,1,1325,Masaha0003164Vols,154,230,1554,1067,100
154,1325,1557,Masaha0003164Vols,155,1,216,175,92
154,952,1235,Masaha0003164Vols,240,1062,1399,159,59
155,207,681,Shia001217Vols,7677,759,974,110,29
155,1,1325,Masaha0003164Vols,155,216,1540,1062,99
155,1325,1518,Masaha0003164Vols,156,1,194,153,100
156,79,391,Shia002992Vols,4040,54,414,178,61
156,82,351,Shia002972Vols,473,164,458,154,65
156,29,419,Shia002948Vols,375,781,1154,173,49
156,109,346,Shia002931,166,188,453,141,65
156,1,1269,Masaha0003164Vols,156,194,1462,1007,99
156,1269,1456,Masaha0003164Vols,157,1,188,147,100
157,1,1293,Masaha0003164Vols,157,188,1481,1029,99
157,1293,1503,Masaha0003164Vols,158,1,217,169,96
158,1,1249,Masaha0003164Vols,158,217,1465,989,100
158,1249,1460,Masaha0003164Vols,159,1,212,170,100
159,1,315,Shia002992Vols,4043,766,1050,189,73
159,1,335,Shia003026VolsBK2,791,98,404,116,41
159,1168,1475,Shia002984Vols,1864,13,596,124,24
159,1,339,Shia002948Vols,376,469,743,192,69
159,1,174,Shia002953Vols,1002,1007,1147,101,74
159,1,238,Shia002931,167,342,553,153,78
159,896,1195,Masaha0003164Vols,61,903,1231,119,42
159,1,335,Masaha0003164Vols,63,638,934,112,41
159,1114,1459,Masaha0003164Vols,87,265,621,99,25
159,1,1282,Masaha0003164Vols,159,212,1492,1020,99
159,1282,1478,Masaha0003164Vols,160,1,197,155,100
160,932,1496,Masaha0003164Vols,126,835,1455,151,25
160,1,1308,Masaha0003164Vols,160,197,1506,1048,99
160,1308,1516,Masaha0003164Vols,161,1,209,166,100
160,841,1179,Masaha0003164Vols,166,533,852,92,25
161,1,1293,Masaha0003164Vols,161,209,1502,1033,99
161,1293,1501,Masaha0003164Vols,162,1,207,165,99
162,144,914,Masaha0003164Vols,136,251,593,138,20
162,1,1289,Masaha0003164Vols,162,207,1496,1025,99
162,1289,1493,Masaha0003164Vols,163,1,205,163,100
163,660,1412,Shia002992Vols,4048,1021,1508,253,40
163,221,699,Shia002992Vols,4057,751,1279,263,54
163,660,901,Shia002935,153,1200,1420,146,72
163,221,423,Shia002940,72,1107,1319,146,80
163,221,423,Masaha004722,73,257,469,146,80
163,221,709,Shia002948Vols,377,820,1305,232,44
163,660,827,Shia002953Vols,1004,1286,1420,102,76
163,221,559,Shia002953Vols,1007,1061,1351,189,62
163,221,559,Shia002931,171,307,661,219,73
163,660,901,Shia002964Vols,199,943,1154,143,70
163,1,1280,Masaha0003164Vols,163,205,1483,1019,99
163,1280,1486,Masaha0003164Vols,164,1,207,166,100
164,433,931,Shia003021,610,23,314,110,22
164,1,1342,Masaha0003164Vols,164,207,1548,1080,99
164,1342,1533,Masaha0003164Vols,165,1,192,151,100
165,454,618,Zaydiyya0000358,175,149,281,94,71
165,1,1282,Masaha0003164Vols,165,192,1474,1022,99
165,1282,1503,Masaha0003164Vols,166,1,222,180,100
166,1,1512,Masaha0003164Vols,166,222,1365,914,75
167,128,551,Masaha0003164Vols,151,341,509,66,20
167,523,1033,Masaha0003164Vols,151,1035,1444,152,33
167,1,166,Masaha0003164Vols,166,1365,1530,132,100
167,166,1488,Masaha0003164Vols,167,1,1323,1055,100
167,42,467,Masaha0003164Vols,185,881,1460,165,30
168,528,1204,Masaha0003164Vols,135,318,893,169,25
168,1,152,Masaha0003164Vols,167,1323,1474,118,100
168,152,1465,Masaha0003164Vols,168,1,1314,1045,99
169,38,333,Shia002992Vols,4068,443,709,176,74
169,64,333,Shia002955Vols,172,798,1013,165,75
169,72,319,Shia003026VolsBK2,26,1035,1207,127,63
169,72,239,Shia002984Vols,1888,167,331,121,83
169,64,362,Shia002970Vols,69,1226,1433,120,48
169,72,355,Shia002970Vols,75,546,702,111,49
169,64,352,Shia002948Vols,379,727,911,138,60
169,38,298,Shia002953Vols,1012,314,469,110,53
169,72,298,Shia002931,171,1005,1202,155,83
169,1,169,Masaha0003164Vols,168,1314,1482,135,100
169,169,1459,Masaha0003164Vols,169,1,1287,1021,99
170,1,171,Masaha0003164Vols,169,1287,1454,132,98
170,171,1547,Masaha0003164Vols,170,1,1381,1112,99
171,988,1245,Shia003021,624,33,373,83,21
171,664,851,Shia003366Vols,738,173,339,102,56
171,1,186,Masaha0003164Vols,170,1381,1566,150,100
171,186,1563,Masaha0003164Vols,171,1,1379,1110,99
172,1,177,Masaha0003164Vols,171,1379,1555,141,100
172,177,1539,Masaha0003164Vols,172,1,1363,1096,99
172,865,1058,Masaha0003164Vols,173,810,1011,114,62
172,351,987,Masaha0003164Vols,214,1,516,149,21
173,756,908,Shia002984Vols,2011,725,881,66,55
173,872,1273,Masaha0003164Vols,5,451,923,173,43
173,1,166,Masaha0003164Vols,172,1363,1528,130,100
173,166,1459,Masaha0003164Vols,173,1,1296,1028,99
174,591,785,Shia002992Vols,4371,1012,1273,141,67
174,571,718,Shia002970Vols,83,239,404,110,78
174,591,718,Shia002970Vols,160,1077,1215,102,90
174,591,718,Shia002948Vols,414,32,159,104,100
174,591,785,Shia002931,197,493,751,143,68
174,1,184,Masaha0003164Vols,173,1296,1479,149,100
174,184,1533,Masaha0003164Vols,174,1,1353,1083,99
175,378,735,Shia001136,39,213,539,174,52
175,378,735,Shia001542Vols,165,409,734,174,53
175,1,165,Masaha0003164Vols,174,1353,1517,131,100
175,165,1501,Masaha0003164Vols,175,1,1339,1066,99
175,1184,1444,Masaha0003164Vols,176,953,1472,129,28
176,468,722,Masaha0003164Vols,5,211,534,86,32
176,1,164,Masaha0003164Vols,175,1339,1503,131,99
176,164,1527,Masaha0003164Vols,176,1,1365,1094,99
176,993,1199,Masaha0003164Vols,221,639,1358,123,19
177,984,1156,Shia001431,126,1136,1376,89,46
177,1022,1156,Shia001148,88,567,746,81,56
177,1022,1156,Shia001173,83,575,754,81,56
177,1156,1431,Shia003366Vols,1462,684,846,99,43
177,1022,1156,Shia004030Vols,1114,83,270,80,54
177,1022,1156,Shia001142Vols,436,1005,1184,81,56
177,1,149,Masaha0003164Vols,176,1365,1513,117,100
177,149,1583,Masaha0003164Vols,177,1,1437,1164,99
177,727,1226,Masaha0003164Vols,244,1072,1459,121,28
178,70,221,Shia003366Vols,1026,612,772,113,83
178,66,221,Shia003366Vols,4238,1067,1231,116,83
178,1,158,Masaha0003164Vols,177,1437,1594,127,100
178,158,1459,Masaha0003164Vols,178,1,1308,1031,99
179,128,1479,Masaha0003164Vols,179,1,1352,1077,100
179,187,735,Masaha0003164Vols,239,386,734,138,28
180,320,1073,Shia001255Vols,1695,452,927,206,31
180,1,136,Masaha0003164Vols,179,1352,1487,109,100
180,136,1520,Masaha0003164Vols,180,1,1385,1110,100
181,1,135,Masaha0003164Vols,180,1385,1519,108,100
181,135,1563,Masaha0003164Vols,181,1,1429,1154,100
182,335,638,Shia001270Vols,284,692,1006,244,94
182,995,1160,Shia001417,227,58,222,128,95
182,1,124,Masaha0003164Vols,181,1429,1552,97,100
182,124,1574,Masaha0003164Vols,182,1,1453,1176,99
182,714,1146,Masaha0003164Vols,203,210,906,155,24
183,902,1275,Shia002992Vols,4672,1230,1534,170,50
183,923,1154,Zaydiyya0000180,63,427,857,141,35
183,931,1211,Masaha003516,45,412,663,121,48
183,931,1154,Shia002940,117,401,570,138,75
183,931,1263,Shia001255Vols,741,753,1313,189,38
183,931,1120,Shia003021,717,1428,1575,121,77
183,923,1263,Shia002955Vols,184,767,1121,173,50
183,936,1255,Shia003026VolsBK2,13,1250,1564,175,60
183,902,1154,Shia002941,87,1319,1533,147,70
183,936,1120,Shia002984Vols,2149,1,135,107,69
183,838,1154,Shia002970Vols,80,1215,1444,135,46
183,931,1154,Masaha004722,117,1206,1375,138,75
183,931,1275,Shia002953Vols,1175,922,1245,161,44
183,931,1263,Shia002931,245,534,1116,192,37
183,931,1120,Shia001217Vols,7817,427,562,111,71
183,1,122,Masaha0003164Vols,182,1453,1574,96,100
183,122,1525,Masaha0003164Vols,183,1,1404,1128,100
184,1102,1247,Masaha0003164Vols,121,278,474,91,59
184,1,138,Masaha0003164Vols,183,1404,1541,112,100
184,138,1463,Masaha0003164Vols,184,1,1329,1050,99
184,483,942,Masaha0003164Vols,248,865,1258,109,25
185,689,1009,Shia001148,242,539,715,97,42
185,686,872,Shia001432Vols,25483,755,851,57,34
185,689,885,Shia001140Vols,301,1116,1220,61,35
185,686,872,Shia001217Vols,725,734,830,57,34
185,1,135,Masaha0003164Vols,184,1329,1463,110,100
185,135,1486,Masaha0003164Vols,185,1,1352,1075,100
185,374,761,Masaha0003164Vols,200,320,683,104,23
185,603,1377,Masaha0003164Vols,238,273,1185,163,15
185,243,670,Masaha0003164Vols,272,274,568,119,30
186,22,507,Masaha0003164Vols,167,208,429,100,25
186,1,114,Masaha0003164Vols,185,1352,1465,89,100
186,114,1495,Masaha0003164Vols,186,1,1382,1100,99
186,57,918,Masaha0003164Vols,200,132,1071,127,10
187,785,1455,Shia002992Vols,4741,133,1211,165,15
187,118,633,Shia002992Vols,6120,78,567,145,27
187,783,1432,Shia003021,727,361,1181,200,25
187,174,460,Shia002931,263,263,518,101,39
187,1,121,Masaha0003164Vols,186,1382,1502,96,100
187,121,1475,Masaha0003164Vols,187,1,1355,1078,100
188,843,1119,Masaha003536,11,775,992,134,61
188,843,1095,Shia002928,178,1303,1489,114,57
188,980,1119,Shia002928,182,60,199,111,100
188,843,1119,Zaydiyya0000180,30,560,769,131,60
188,957,1166,Shia003636Vols,4181,1,243,144,71
188,953,1119,Shia001255Vols,85,1298,1462,109,75
188,948,1119,Shia003026VolsBK2,490,1268,1434,118,78
188,980,1119,Shia002970Vols,178,1,140,111,100
188,818,1119,Masaha0003164Vols,44,307,544,137,57
188,1,114,Masaha0003164Vols,187,1355,1468,89,99
188,121,1489,Masaha0003164Vols,188,1,1367,1091,99
189,1,143,Masaha0003164Vols,188,1367,1510,116,99
189,143,1484,Masaha0003164Vols,189,1,1343,1066,99
190,185,574,Shia003366Vols,717,807,1389,172,34
190,1,128,Masaha0003164Vols,189,1343,1470,101,100
190,128,1461,Masaha0003164Vols,190,1,1334,1059,100
190,8,851,Masaha0003164Vols,196,554,1279,211,23
191,6,520,Shia001270Vols,341,1005,1368,76,14
191,587,1022,Shia002970Vols,107,14,704,122,18
191,603,913,Shia002970Vols,119,479,814,79,22
191,587,933,Shia002948Vols,451,76,658,136,28
191,1,123,Masaha0003164Vols,190,1334,1456,96,100
191,123,1495,Masaha0003164Vols,191,1,1376,1098,99
192,463,880,Shia002948Vols,451,194,593,168,41
192,1,136,Masaha0003164Vols,191,1376,1511,109,100
192,136,1562,Masaha0003164Vols,192,1,1393,1124,97
193,1208,1397,Shia002992Vols,4327,31,219,136,87
193,1128,1397,Shia002931,189,258,536,181,76
193,1,148,Masaha0003164Vols,192,1393,1540,115,100
193,148,1458,Masaha0003164Vols,193,1,1312,1041,99
194,1083,1465,Shia001148,155,312,821,175,39
194,1217,1462,Shia001432Vols,22382,837,1066,115,57
194,1234,1417,Shia001432Vols,24099,56,209,113,78
194,938,1260,Shia001137,6,680,1262,192,39
194,521,672,Shia001134,194,432,985,84,18
194,521,1120,Shia001134,199,813,1465,171,24
194,975,1260,Shia001134,200,1,500,179,40
194,975,1221,Shia001217Vols,2087,349,852,102,25
194,1,164,Masaha0003164Vols,193,1312,1475,132,100
194,164,1492,Masaha0003164Vols,194,1,1324,1053,99
195,987,1504,Shia003366Vols,1386,1028,1448,154,31
195,1,154,Masaha0003164Vols,194,1324,1478,121,99
195,154,1543,Masaha0003164Vols,195,1,1391,1120,99
196,862,1269,Masaha0003164Vols,190,9,410,169,48
196,1,149,Masaha0003164Vols,195,1391,1539,117,100
196,149,1444,Masaha0003164Vols,196,1,1299,1026,99
197,1,168,Masaha0003164Vols,196,1299,1466,136,100
197,168,1506,Masaha0003164Vols,197,1,1351,1069,99
197,831,1242,Masaha0003164Vols,252,1208,1502,82,20
198,1,137,Masaha0003164Vols,197,1351,1487,109,100
198,137,1455,Masaha0003164Vols,198,1,1320,1045,99
199,322,634,Shia002992Vols,6500,601,1086,150,40
199,191,551,Shia002931,288,173,590,153,41
199,1,120,Masaha0003164Vols,198,1320,1439,92,100
199,120,1494,Masaha0003164Vols,199,1,1374,1096,99
200,14,649,Masaha0003164Vols,138,819,1287,140,23
200,469,832,Masaha0003164Vols,185,240,627,104,23
200,536,1220,Masaha0003164Vols,186,236,804,116,15
200,1,151,Masaha0003164Vols,199,1365,1523,122,94
200,151,1505,Masaha0003164Vols,200,1,1356,1082,99
201,570,1149,Shia002992Vols,4922,480,1209,207,30
201,1137,1308,Shia003021,752,172,577,103,33
201,605,1145,Shia002948Vols,462,228,605,167,34
201,605,1167,Shia002953Vols,1238,870,1128,132,30
201,605,835,Shia002931,244,216,520,99,34
201,598,1149,Rafed0000040Vols,1822,1314,1626,139,27
201,1,136,Masaha0003164Vols,200,1356,1491,107,100
201,136,1498,Masaha0003164Vols,201,1,1364,1090,99
202,1,557,Shia002992Vols,4932,82,550,140,21
202,406,579,Shia002970Vols,108,683,1109,83,25
202,1,151,Masaha0003164Vols,201,1364,1514,122,100
202,151,1595,Masaha0003164Vols,202,1,1445,1172,100
203,372,685,Masaha0003164Vols,182,591,1410,149,23
203,1,163,Masaha0003164Vols,202,1445,1607,134,100
203,163,1533,Masaha0003164Vols,203,1,1373,1098,99
204,1,174,Masaha0003164Vols,203,1373,1546,145,100
204,174,1557,Masaha0003164Vols,204,1,1387,1106,99
205,1,259,Shia002992Vols,4943,1027,1267,178,83
205,1,237,Shia002940,115,992,1264,166,69
205,1,182,Shia001255Vols,1965,1166,1341,120,80
205,1,209,Shia002941,92,63,277,145,78
205,1,237,Shia002984Vols,2241,118,486,182,60
205,1,237,Masaha004722,116,259,531,166,69
205,1,603,Shia002948Vols,465,333,758,256,53
205,4,603,Shia002953Vols,1244,1,603,235,36
205,75,1067,Shia002931,238,1,825,243,21
205,1,136,Masaha0003164Vols,204,1387,1522,110,100
205,136,1540,Masaha0003164Vols,205,1,1405,1128,99
205,457,1223,Masaha0003164Vols,208,361,1313,171,16
205,1013,1361,Masaha0003164Vols,238,273,736,120,25
206,1,128,Masaha0003164Vols,205,1405,1532,102,100
206,128,1523,Masaha0003164Vols,206,1,1396,1120,100
207,435,632,Masaha003536,10,1,294,99,42
207,279,632,Shia002928,191,531,994,140,36
207,380,627,Shia001217Vols,7831,759,1047,108,44
207,1,117,Masaha0003164Vols,206,1396,1512,91,100
207,117,1430,Masaha0003164Vols,207,1,1312,1037,99
208,770,1275,Shia001255Vols,671,223,633,116,21
208,790,1431,Masaha0003164Vols,205,434,1088,193,26
208,1,119,Masaha0003164Vols,207,1312,1428,87,94
208,119,1502,Masaha0003164Vols,208,1,1384,1110,100
208,201,686,Masaha0003164Vols,372,573,1010,188,39
209,1072,1550,Masaha0003164Vols,208,1046,1530,225,44
209,628,834,Masaha0003164Vols,208,58,436,87,28
209,147,1317,Masaha0003164Vols,209,1,1172,946,99
210,1,1536,Masaha0003164Vols,209,24,1562,1240,99
210,1287,1499,Masaha0003164Vols,229,1130,1392,103,47
211,531,991,Shia003021,764,308,901,106,16
211,1,1472,Masaha0003164Vols,210,24,1478,1157,98
212,659,1079,Shia002992Vols,4983,435,791,231,62
212,668,1171,Shia002759BK1,353,508,1092,289,56
212,1190,1330,Shia002759BK1,353,1323,1462,113,98
212,865,1037,Shia001255Vols,1945,1047,1197,115,86
212,744,1171,Shia001149Vols,1,830,1344,274,63
212,1190,1330,Shia001149Vols,2,1,141,114,99
212,59,473,Shia001149Vols,1139,669,1076,283,81
212,1,1529,Masaha0003164Vols,211,9,1540,1229,99
213,28,298,Masaha005108Vols,262,602,899,143,62
213,1,1487,Masaha0003164Vols,212,21,1506,1185,99
214,711,980,Shia003636Vols,8299,1066,1492,74,17
214,296,600,Shia001111,305,315,505,107,41
214,711,894,Masaha0003164Vols,80,393,582,90,50
214,1,1503,Masaha0003164Vols,213,18,1519,1204,99
214,861,1115,Masaha0003164Vols,229,1123,1384,91,42
214,273,656,Masaha0003164Vols,252,1327,1525,114,37
215,340,820,Shia002984Vols,2273,1030,1417,149,31
215,1,506,Masaha0003164Vols,172,185,811,141,20
215,1,1443,Masaha0003164Vols,214,11,1452,1142,99
215,287,836,Masaha0003164Vols,215,46,375,165,37
216,33,362,Masaha0003164Vols,214,297,846,165,37
216,1,1425,Masaha0003164Vols,215,14,1438,1126,100
217,662,957,Rafed0003882,110,714,1344,93,16
217,1,1516,Masaha0003164Vols,216,13,1528,1217,100
218,1247,1467,Shia003695Vols,381,150,287,98,58
218,1247,1467,Shia001146,287,870,1014,98,57
218,1247,1467,Shia001142Vols,305,999,1143,98,57
218,1,1491,Masaha0003164Vols,217,10,1502,1192,99
219,1313,1518,Shia003026VolsBK2,507,712,925,162,91
219,1,1497,Masaha0003164Vols,218,15,1511,1198,99
220,1,177,Shia003026VolsBK2,507,925,1063,112,78
220,1,1513,Masaha0003164Vols,219,22,1534,1215,100
221,898,1323,Zaydiyya0000358,217,1162,1509,148,40
221,693,808,Shia001146,267,1276,1434,70,55
221,693,841,Masaha0003164Vols,121,1269,1482,115,68
221,1,1502,Masaha0003164Vols,220,15,1517,1205,99
222,619,1339,Masaha0003164Vols,176,830,1036,123,19
222,1,1476,Masaha0003164Vols,221,21,1495,1174,99
222,590,1369,Masaha0003164Vols,238,569,1174,112,12
223,1326,1489,Zaydiyya0000352,163,776,947,90,68
223,13,421,Masaha0003164Vols,115,407,661,131,37
223,1,433,Masaha0003164Vols,119,971,1172,116,35
223,1,1468,Masaha0003164Vols,222,20,1488,1172,99
224,847,995,Shamela0009788,1858,566,967,102,31
224,949,1249,Shamela0011758,80,726,1039,178,62
224,1289,1498,Masaha0003164Vols,137,1175,1368,83,46
224,1,1501,Masaha0003164Vols,223,22,1521,1204,99
225,160,350,Shia003636Vols,12200,1182,1317,63,35
225,160,350,Shia003744Vols,200,284,536,119,57
225,126,350,Shia002940,116,611,905,124,51
225,160,350,Shia001270Vols,491,580,688,61,41
225,160,354,Shia003366Vols,6555,174,344,95,60
225,96,350,Shia002931,242,596,881,108,46
225,1170,1533,Masaha0003164Vols,4,199,623,160,44
225,1,1502,Masaha0003164Vols,224,24,1526,1207,99
226,332,988,Shia002953Vols,1339,52,705,227,34
226,110,465,Masaha0003164Vols,100,1134,1436,87,27
226,1,1483,Masaha0003164Vols,225,32,1517,1185,99
226,26,451,Masaha0003164Vols,244,624,1418,96,12
227,865,1035,Shia002992Vols,5300,43,321,111,47
227,865,984,Masaha003516,42,282,460,75,48
227,870,1059,Shia003636Vols,9143,947,1155,106,62
227,865,1028,Shia002940,113,1075,1373,112,44
227,865,1028,Shia002941,97,817,1087,109,48
227,860,1129,Shia002970Vols,111,1161,1360,134,58
227,865,1028,Masaha004722,114,261,559,112,44
227,865,1134,Shia002948Vols,494,356,768,161,46
227,865,1040,Shia003366Vols,220,952,1169,131,72
227,103,329,Shia003355,94,611,820,152,77
227,860,1035,Shia002931,226,1137,1419,112,47
227,1,1458,Masaha0003164Vols,226,37,1494,1163,100
228,559,1002,Shia001432Vols,14127,475,1046,317,67
228,295,446,Shia001237Vols,2961,6,203,88,57
228,559,1002,Shia001380,67,865,1413,324,72
228,288,435,Shia002984Vols,2369,43,291,70,38
228,118,415,Masaha0003164Vols,69,622,843,109,41
228,1,1404,Masaha0003164Vols,227,29,1434,1108,99
229,825,1108,Shia002992Vols,38,602,791,107,46
229,817,1113,Shia002992Vols,5308,104,762,197,36
229,825,1108,Shia002972Vols,450,126,363,121,47
229,825,1108,Shia003764Vols,136,294,683,141,40
229,825,999,Sham19Y0145334,2539,421,601,115,84
229,825,1117,Shia003636Vols,3894,299,526,130,53
229,960,1108,Shia001255Vols,674,1195,1409,98,57
229,980,1121,Shia003026VolsBK2,14,665,859,91,59
229,960,1108,Shia003026VolsBK2,38,729,972,108,55
229,960,1108,Shia003026VolsBK2,50,1019,1243,107,59
229,814,1108,Shia003026VolsBK2,887,241,530,136,43
229,825,1137,Shia001544Vols,33,857,1549,194,35
229,814,1108,Shia002970Vols,73,1075,1345,126,43
229,617,1065,Shia002948Vols,497,975,1461,149,27
229,825,1108,Shia003366Vols,246,725,1135,131,37
229,980,1321,Shia003366Vols,662,803,999,73,25
229,825,1108,Shia002953Vols,1348,103,402,130,41
229,651,1108,Shia002931,254,602,1392,217,32
229,980,1108,Shia002980Vols,330,1361,1526,83,63
229,825,1056,Shia002964Vols,110,1368,1560,103,48
229,1,1440,Masaha0003164Vols,228,35,1474,1145,100
230,394,744,JK001293BK1,1430,579,914,263,89
230,1359,1518,Shia003636Vols,13889,431,665,121,63
230,1359,1518,Shia002940,116,1097,1304,112,66
230,1352,1518,Shia002941,98,710,885,105,64
230,1359,1518,Shia002984Vols,2381,1117,1294,105,73
230,394,599,Shamela0005832,130,464,652,150,87
230,1359,1518,Masaha004722,117,308,514,113,67
230,938,1117,Shamela0000736,901,545,923,100,33
230,1359,1518,Shia002948Vols,499,113,283,109,71
230,1359,1518,Shia002953Vols,1349,1141,1311,108,70
230,394,750,Shamela0036357,1868,74,412,266,90
230,1359,1518,Shia002931,243,1228,1398,108,70
230,1105,1367,Masaha0003164Vols,209,1311,1525,108,49
230,1098,1359,Masaha0003164Vols,213,877,1131,91,42
230,1,1482,Masaha0003164Vols,229,27,1507,1186,99
231,1111,1303,Masaha0003164Vols,3,1026,1295,81,33
231,1,1533,Masaha0003164Vols,230,30,1562,1238,99
232,570,991,Shia002992Vols,5352,510,1141,162,29
232,566,975,Shia003021,826,1060,1417,156,40
232,1,1447,Masaha0003164Vols,231,35,1482,1148,99
232,818,1019,Masaha0003164Vols,235,871,1433,78,15
232,264,971,Masaha0003164Vols,253,357,1009,165,22
233,575,825,Shia002992Vols,5354,1026,1284,77,28
233,575,825,Shia003021,827,116,277,77,40
233,307,465,Masaha0003164Vols,52,1080,1544,74,19
233,740,1316,Masaha0003164Vols,176,854,1505,157,24
233,1,1441,Masaha0003164Vols,232,32,1474,1148,99
234,1,1445,Masaha0003164Vols,233,43,1492,1153,99
235,1046,1282,Masaha003536,11,106,389,180,80
235,1020,1282,Shia002928,178,604,921,185,72
235,995,1282,Shia003636Vols,4232,17,304,183,78
235,574,887,Shia003358,274,1286,1579,230,91
235,1042,1282,Shia003366Vols,112,137,394,183,89
235,574,1164,Shia003366Vols,6035,151,704,341,63
235,1,1473,Masaha0003164Vols,234,45,1517,1179,99
236,228,358,Shia002934,109,26,156,105,99
236,228,358,Shia002992Vols,5364,684,814,105,99
236,370,595,Shia001663Vols,672,1297,1512,152,75
236,201,358,Shia001663Vols,673,58,211,110,83
236,218,346,Shia002969,200,492,622,98,93
236,101,467,Shia003636Vols,14100,978,1361,216,61
236,228,346,Shia002940,105,498,616,96,100
236,162,471,Shia001255Vols,738,579,848,178,66
236,208,471,Shia001255Vols,740,200,707,118,24
236,228,346,Shia002955Vols,207,744,862,96,100
236,228,346,Shia002970Vols,843,215,333,95,99
236,370,636,Shia002948Vols,506,11,266,180,74
236,228,346,Shia002953Vols,1365,281,400,96,99
236,520,636,Shia002931,252,747,873,93,91
236,828,1390,Masaha0003164Vols,231,853,1054,78,15
236,1,1462,Masaha0003164Vols,235,42,1505,1172,99
236,838,1281,Masaha0003164Vols,265,478,936,193,44
237,773,1412,Shia002984Vols,2410,974,1354,113,21
237,773,1305,Shia002948Vols,506,1302,1549,97,23
237,773,1324,Shia003366Vols,1553,217,633,236,46
237,1,1529,Masaha0003164Vols,236,52,1580,1238,99
238,817,988,Shia002934,130,1,173,142,99
238,603,1179,Shia002992Vols,5374,1,690,301,48
238,700,940,Shia003636Vols,14014,777,1001,180,89
238,728,883,Shia002970Vols,273,372,500,93,73
238,737,851,Shia002948Vols,636,1,119,91,94
238,728,981,Shia002953Vols,1843,904,1160,199,91
238,1,1514,Masaha0003164Vols,237,56,1569,1224,100
238,988,1409,Masaha0003164Vols,244,1179,1403,105,30
239,996,1467,Shia002953Vols,1199,79,529,123,24
239,223,1293,Masaha0003164Vols,185,469,1366,233,20
239,223,686,Masaha0003164Vols,205,878,1226,120,25
239,519,1124,Masaha0003164Vols,221,610,1388,112,12
239,1,1411,Masaha0003164Vols,238,51,1461,1121,100
239,148,723,Masaha0003164Vols,241,99,721,135,17
240,330,678,Masaha0003164Vols,179,60,608,138,28
240,1,1407,Masaha0003164Vols,239,57,1463,1117,100
241,1,327,Shia001146,373,1147,1366,145,50
241,1024,1361,Masaha0003164Vols,154,1181,1464,159,59
241,1,1418,Masaha0003164Vols,240,57,1456,1107,98
242,59,681,Masaha0003164Vols,238,198,773,127,17
242,1,1498,Masaha0003164Vols,241,41,1538,1201,99
243,223,1213,Shia001255Vols,791,125,991,334,33
243,1,1497,Masaha0003164Vols,242,39,1535,1202,99
244,1261,1477,JK003609,88,911,1141,109,46
244,1,1460,Masaha0003164Vols,243,33,1491,1165,99
245,57,736,Shia002992Vols,5505,50,635,198,28
245,57,844,Shia003021,842,851,1266,209,32
245,79,587,Shia002984Vols,1623,871,1060,115,27
245,271,587,Shia001146,466,188,457,173,67
245,587,1381,Masaha0003164Vols,225,57,482,96,12
245,1142,1366,Masaha0003164Vols,237,1043,1464,105,30
245,1,1447,Masaha0003164Vols,244,37,1484,1152,99
246,497,910,Shia002992Vols,5560,778,1284,263,59
246,654,980,Shia002972Vols,677,1,320,202,74
246,624,910,Shia002940,183,885,1181,210,80
246,624,910,Shia001255Vols,1202,547,838,218,88
246,624,915,Shia003358,90,986,1239,191,80
246,624,808,Shia002970Vols,113,1066,1252,138,87
246,624,910,Masaha004722,184,582,878,210,80
246,624,915,Shia002948Vols,516,166,466,210,80
246,624,910,Shia002936,14,60,336,210,86
246,624,910,Shia002953Vols,1419,64,359,210,81
246,377,521,Shia001146,145,936,1064,73,65
246,305,521,Masaha0003164Vols,16,532,953,113,31
246,1,1493,Masaha0003164Vols,245,36,1531,1197,99
247,1,1490,Masaha0003164Vols,246,29,1520,1197,99
248,464,709,Shamela0038067,49,380,724,147,48
248,426,709,Shamela0038067,367,631,1432,180,27
248,426,709,Shamela0000736,1238,668,1007,184,63
248,426,690,Shamela0036357,1987,22,320,120,39
248,1,1504,Masaha0003164Vols,247,44,1547,1211,100
249,997,1222,Masaha0003164Vols,10,572,1029,106,28
249,744,1155,Masaha0003164Vols,84,114,732,134,22
249,978,1185,Masaha0003164Vols,168,363,736,114,39
249,824,1217,Masaha0003164Vols,184,346,806,116,27
249,1,1457,Masaha0003164Vols,248,42,1497,1162,99
250,305,1003,Shia003021,860,482,1031,122,20
250,15,356,Shia002931,138,16,250,139,48
250,1,1459,Masaha0003164Vols,249,42,1499,1164,99
250,467,691,Masaha0003164Vols,250,67,222,40,14
251,1022,1238,Shamela0000355,121,1332,1600,138,63
251,31,186,Masaha0003164Vols,249,508,733,40,14
251,1,1487,Masaha0003164Vols,250,37,1521,1193,99
251,966,1247,Masaha0003164Vols,395,601,1011,177,51
252,1,1406,Masaha0003164Vols,251,47,1454,1110,99
253,525,1209,Shia001432Vols,18393,941,1397,143,21
253,1166,1487,Masaha0003164Vols,197,666,1101,91,22
253,1285,1525,Masaha0003164Vols,213,289,780,133,31
253,1,1483,Masaha0003164Vols,252,43,1525,1190,99
254,307,957,Masaha0003164Vols,231,298,1006,165,22
254,1,1494,Masaha0003164Vols,253,51,1547,1204,99
255,785,957,JK003609,1140,555,894,80,28
255,785,1063,Shamela0012398,757,711,1048,91,23
255,1,1445,Masaha0003164Vols,254,50,1495,1155,99
256,1339,1509,Shia002992Vols,3212,847,993,90,60
256,1339,1459,Shia002972Vols,438,92,230,79,70
256,1339,1509,Shia002931,140,511,657,90,60
256,1339,1494,Shia002964Vols,103,1134,1339,87,51
256,1,1464,Masaha0003164Vols,255,71,1534,1175,100
257,429,619,Shia001270Vols,284,1152,1351,137,86
257,34,400,Shamela0023735,967,1172,1360,134,43
257,1,1428,Masaha0003164Vols,256,58,1485,1139,100
258,1,1382,Masaha0003164Vols,257,60,1442,1093,99
259,704,887,Masaha0003164Vols,18,1311,1492,142,96
259,1,1479,Masaha0003164Vols,258,59,1537,1189,99
260,1,1483,Masaha0003164Vols,259,68,1550,1192,99
261,338,521,Shia001349Vols,408,691,873,147,99
261,333,521,Zaydiyya0000142,1101,487,675,145,96
261,338,521,JK007626,4,1335,1519,141,94
261,1124,1284,Masaha0003164Vols,10,924,1424,62,14
261,1,1472,Masaha0003164Vols,260,54,1527,1184,99
262,1280,1528,Shia002992Vols,5889,1102,1567,149,38
262,1308,1528,Shia002948Vols,543,582,787,145,74
262,1308,1528,Shia002931,271,424,859,145,41
262,1,1465,Masaha0003164Vols,261,68,1532,1177,100
263,1,1469,Masaha0003164Vols,262,64,1532,1181,100
264,1,1410,Masaha0003164Vols,263,76,1486,1121,99
265,687,1013,Masaha0003164Vols,32,689,1213,124,27
265,1,1437,Masaha0003164Vols,264,59,1496,1149,99
265,99,801,Masaha0003164Vols,402,355,763,143,25
266,165,598,Shia002992Vols,6139,455,1029,142,23
266,768,1008,Masaha004568Vols,103,630,866,106,53
266,165,353,Shia002948Vols,561,444,757,126,48
266,183,453,Shia002931,262,1022,1410,132,35
266,411,869,Masaha0003164Vols,235,881,1324,193,44
266,1,1442,Masaha0003164Vols,265,68,1512,1154,99
267,1253,1691,Kraken220228162440,7,783,1465,281,48
267,95,752,Shia003366Vols,46,1372,1689,190,35
267,95,752,Shia003366Vols,241,765,1048,197,36
267,1106,1285,Shia003366Vols,2725,1200,1359,101,60
267,1,1609,Masaha0003164Vols,266,80,1688,1321,99
268,1064,1406,Shia003026VolsBK2,457,918,1268,136,34
268,1,1526,Masaha0003164Vols,267,83,1613,1236,99
269,1,106,Shia002992Vols,6274,1049,1176,75,75
269,1,155,Shia002955Vols,231,1085,1264,93,64
269,12,712,Shia003366Vols,1877,685,1582,296,35
269,1,106,Shia002931,281,277,404,75,75
269,1,1511,Masaha0003164Vols,268,92,1602,1226,100
270,207,467,Shia002992Vols,6286,150,734,185,38
270,215,467,Shia002972Vols,450,396,941,139,28
270,215,467,Shia001255Vols,675,916,1522,183,35
270,215,373,Shia002941,114,116,263,112,84
270,274,467,Shia002984Vols,2706,787,1081,117,48
270,215,496,Shia002948Vols,580,402,994,146,26
270,987,1310,Shia003366Vols,665,91,717,169,29
270,215,467,Shia002931,281,404,994,182,37
270,215,467,Shia002964Vols,111,311,842,139,28
270,1,1445,Masaha0003164Vols,269,76,1520,1159,99
271,874,1154,Shia002992Vols,6475,394,824,75,16
271,272,908,Shia002935,166,383,966,171,26
271,272,534,Shia002970Vols,117,12,445,130,34
271,1175,1457,Shia003366Vols,554,1028,1315,221,91
271,187,421,Shia002953Vols,1665,963,1193,113,53
271,1218,1500,Rafed0002654Vols,693,928,1153,130,54
271,1,1432,Masaha0003164Vols,270,81,1513,1146,99
272,1,1412,Masaha0003164Vols,271,90,1502,1128,99
273,180,490,Masaha0003164Vols,115,591,1185,98,20
273,196,490,Masaha0003164Vols,185,109,536,119,30
273,1,667,Masaha0003164Vols,272,79,746,531,99