ms1,b1,e1,id2,ms2,b2,e2,ch_match,matches_percent
2,796,981,ArabCommAph051931955Vols,2,1242,1426,142,96
2,869,981,ArabCommAph052065977,2,19,131,87,99
2,789,981,ArabCommAph052132655Vols,1,1092,1284,151,97
2,869,981,ArabCommAph052065149,1,1079,1191,88,100
2,789,981,ArabCommAph053356462,5,103,295,151,97
2,789,1172,ArabCommAph052065228Vols,1,397,925,264,61
2,796,981,GRAR000052,1,89,274,149,100
2,796,981,ArabCommAph051688866Vols,12,698,881,148,98
2,789,981,ArabCommAph052131329Vols,1,1040,1234,151,96
2,869,981,ArabCommAph052131919Vols,14,396,505,86,97
2,796,1155,ArabCommAph052844770,1,928,1297,263,87
2,1032,1155,ArabCommAph052097758Vols,4,632,755,101,100
2,796,981,ArabCommAph051689293Vols,1,96,281,149,100
2,869,981,ArabCommAph051689293Vols,2,162,274,88,100
2,869,981,ArabCommAph051689293Vols,3,232,344,88,100
2,869,981,ArabCommAph051689293Vols,6,1109,1221,88,100
7,1211,1356,ArabCommAph051931955Vols,60,1360,1505,111,99
7,118,501,ArabCommAph052132655Vols,23,490,844,164,43
7,1211,1356,ArabCommAph052132655Vols,29,683,833,111,96
7,118,305,ArabCommAph053356462,25,1023,1189,122,83
7,1211,1356,ArabCommAph053356462,30,921,1066,111,99
7,1211,1356,ArabCommAph052065228Vols,47,669,823,112,94
7,1218,1356,GRAR000052,8,270,404,91,81
7,118,305,ArabCommAph052132317Vols,26,237,402,122,82
7,1211,1356,ArabCommAph052132317Vols,36,824,969,112,100
7,118,300,ArabCommAph051688866Vols,72,1202,1364,120,84
7,1211,1356,ArabCommAph051688866Vols,91,22,167,111,99
7,118,300,ArabCommAph052131919Vols,248,1043,1207,123,86
7,1190,1356,ArabCommAph052131919Vols,343,16,185,115,85
7,1218,1356,ArabCommAph052131919Vols,344,633,1065,92,28
7,1230,1356,ArabCommAph052131919Vols,345,8,165,60,45
7,1200,1356,ArabCommAph052844770,107,733,878,104,81
7,1200,1356,ArabCommAph052097758Vols,54,153,474,113,44
7,118,305,ArabCommAph051689293Vols,93,305,473,124,84
7,1211,1356,ArabCommAph051689293Vols,113,1271,1416,111,99
8,685,1556,ArabCommAph051931955Vols,60,767,1120,230,32
8,685,924,ArabCommAph052132655Vols,29,112,352,175,90
8,703,924,GRAR000086,113,604,829,165,90
8,703,924,Shamela0000240,7,898,1127,161,85
8,685,924,ArabCommAph053356462,30,664,898,170,87
8,685,939,ArabCommAph052065228Vols,47,49,302,184,84
8,703,927,GRAR000052,8,35,273,164,87
8,672,924,ArabCommAph052132317Vols,36,194,431,168,84
8,681,924,ArabCommAph051688866Vols,90,147,390,179,91
8,685,924,ArabCommAph052131919Vols,340,121,362,177,89
8,675,901,ArabCommAph052844770,106,1287,1537,169,82
8,685,927,ArabCommAph052097758Vols,53,985,1520,165,38
8,685,924,ArabCommAph051689293Vols,113,371,610,179,92
10,37,199,ArabCommAph051931955Vols,43,1231,1387,129,95
10,37,221,ArabCommAph052132655Vols,21,812,996,138,87
10,510,678,Shamela0010706,185,1,158,122,88
10,37,279,ArabCommAph052065149,48,1373,1605,130,51
10,37,204,ArabCommAph053356462,24,656,813,125,90
10,37,199,ArabCommAph052065228Vols,35,792,947,129,95
10,37,225,ArabCommAph052132317Vols,23,93,277,137,86
10,37,199,ArabCommAph051688866Vols,68,893,1048,127,94
10,37,221,ArabCommAph052131329Vols,15,391,573,138,87
10,37,199,ArabCommAph052844770,75,1137,1293,126,92
10,37,238,ArabCommAph051689293Vols,86,261,485,141,72
12,763,1100,Shamela0010706,165,1282,1612,240,85
13,1444,1655,ArabCommAph051931955Vols,6,903,1119,166,95
13,1437,1655,ArabCommAph052132655Vols,2,1040,1266,171,93
13,1444,1655,ArabCommAph052065149,4,521,737,168,96
13,1444,1655,ArabCommAph053356462,11,867,1080,169,98
13,1444,1655,ArabCommAph052065228Vols,5,155,371,169,97
13,1455,1655,GRAR000052,1,684,893,160,94
13,1444,1655,ArabCommAph051688866Vols,19,351,563,163,93
13,1444,1655,ArabCommAph052131919Vols,23,466,683,168,96
13,1444,1655,ArabCommAph052844770,9,209,427,167,95
13,1491,1627,ArabCommAph052097758Vols,7,1283,1444,95,66
13,1444,1655,ArabCommAph051689293Vols,10,121,336,167,96
13,1,204,ArabCommAph051689293Vols,378,782,989,162,98
14,6,239,ArabCommAph051931955Vols,6,1125,1390,174,80
14,6,239,ArabCommAph052132655Vols,2,1272,1537,171,77
14,6,239,ArabCommAph053356462,11,1086,1355,178,81
14,6,239,ArabCommAph052065228Vols,5,377,646,181,82
14,6,239,GRAR000052,1,899,1171,179,80
14,6,239,ArabCommAph051688866Vols,19,569,838,178,81
14,6,239,ArabCommAph052844770,9,433,697,177,80
14,6,254,ArabCommAph051689293Vols,10,342,633,180,75
16,556,806,ArabCommAph051931955Vols,59,1103,1302,117,55
16,12,130,ArabCommAph051931955Vols,59,969,1082,87,94
16,12,832,ArabCommAph052132655Vols,28,868,1222,226,34
16,12,806,ArabCommAph053356462,30,35,306,187,28
16,12,806,ArabCommAph052065228Vols,46,823,1283,202,26
16,19,776,GRAR000052,7,1163,1364,145,24
16,1,921,ArabCommAph052132317Vols,35,533,1297,222,20
16,12,679,ArabCommAph051688866Vols,88,79,183,80,15
16,12,130,ArabCommAph052131919Vols,336,333,451,91,98
16,675,806,ArabCommAph052131919Vols,337,494,622,96,87
16,12,125,ArabCommAph052844770,105,1086,1204,87,94
16,675,806,ArabCommAph052844770,106,459,590,98,89
16,675,806,ArabCommAph052097758Vols,53,262,596,95,35
16,644,806,ArabCommAph051689293Vols,111,1050,1219,113,81
16,12,130,ArabCommAph051689293Vols,111,457,575,91,98
18,971,1629,ArabCommAph053356462,23,455,966,128,18
20,400,565,Shamela0010706,170,1290,1458,104,72
20,1228,1549,Shamela0010706,269,642,1459,211,31
21,1,148,ArabCommAph051931955Vols,19,259,406,121,100
21,472,669,Kraken22021606123102Vols,236,1347,1518,102,57
21,1,225,ArabCommAph052132655Vols,11,120,340,134,67
21,472,758,Shamela0010706,15,186,464,171,63
21,472,758,PV20230224,896,711,995,170,62
21,1,156,ArabCommAph052065149,12,1118,1273,123,97
21,1,148,ArabCommAph053356462,14,522,666,117,96
21,1,191,ArabCommAph052065228Vols,15,92,285,133,81
21,1,162,GRAR000052,3,51,211,118,90
21,1,156,ArabCommAph051688866Vols,34,890,1045,122,96
21,1,148,ArabCommAph052131919Vols,73,74,221,121,100
21,1,148,ArabCommAph052844770,31,460,607,121,100
21,1,148,ArabCommAph051689293Vols,31,752,899,121,100
22,780,906,GRAR000078,46,76,198,92,88
22,780,906,ArabCommAph051931955Vols,24,131,584,12,2
22,780,906,ArabCommAph052132655Vols,13,392,515,93,89
22,915,1306,Shamela0010706,124,549,1046,238,56
22,791,906,GRAR000052,3,1138,1250,84,88
22,780,906,ArabCommAph052131329Vols,8,325,448,93,89
22,780,906,ArabCommAph052131919Vols,118,275,393,90,86
22,791,906,ArabCommAph052131919Vols,119,701,813,84,88
22,780,906,ArabCommAph052844770,46,1499,1622,93,89
23,461,736,GRAR000078,46,326,564,172,72
23,457,746,ArabCommAph051931955Vols,22,120,369,187,74
23,457,746,ArabCommAph052132655Vols,12,673,930,194,77
23,436,708,ArabCommAph052065149,14,746,995,161,66
23,457,746,ArabCommAph053356462,15,73,326,186,74
23,451,746,ArabCommAph052065228Vols,18,1326,1588,181,72
23,478,746,GRAR000052,3,595,842,180,78
23,457,746,ArabCommAph051688866Vols,38,572,824,190,76
23,457,773,ArabCommAph052131329Vols,6,1161,1445,199,70
23,457,636,ArabCommAph052131919Vols,96,1412,1578,126,82
23,444,746,ArabCommAph052844770,37,1183,1458,212,83
23,524,686,ArabCommAph052097758Vols,19,1294,1650,106,33
24,133,731,ArabCommAph053356462,15,84,363,105,20
24,133,731,ArabCommAph052065228Vols,18,1343,1628,102,18
24,133,663,ArabCommAph052132317Vols,10,635,1191,122,20
28,292,610,ArabCommAph051931955Vols,20,646,1047,223,66
28,292,538,ArabCommAph052132655Vols,11,1408,1648,173,85
28,591,916,Shamela0010706,16,231,656,226,64
28,591,995,PV20230224,897,868,1319,214,51
28,292,610,ArabCommAph053356462,14,1090,1474,201,59
28,292,610,ArabCommAph052065228Vols,15,1126,1518,217,66
28,310,594,GRAR000052,3,201,562,199,67
28,292,610,ArabCommAph051688866Vols,36,102,494,221,67
28,292,601,ArabCommAph052131329Vols,6,467,769,184,72
28,292,1158,ArabCommAph052131919Vols,79,256,951,280,32
28,292,610,ArabCommAph052844770,32,226,628,216,65
28,292,610,ArabCommAph051689293Vols,33,552,942,223,68
32,379,566,ArabCommAph051931955Vols,26,758,937,138,93
32,390,571,ArabCommAph051931955Vols,28,579,878,132,55
32,1296,1414,ArabCommAph051931955Vols,48,466,583,93,97
32,397,566,GRAR000092,3,1107,1272,120,84
32,373,571,ArabCommAph052132655Vols,14,872,1062,148,93
32,1296,1414,ArabCommAph052132655Vols,23,1427,1545,94,99
32,344,534,ArabCommAph052065149,21,1157,1327,117,78
32,408,566,ArabCommAph053356462,18,1,159,123,98
32,1296,1487,ArabCommAph053356462,26,186,357,109,70
32,397,566,GRAR000052,4,117,289,125,90
32,1307,1448,GRAR000052,6,790,933,94,80
32,379,566,ArabCommAph052132317Vols,13,564,744,141,94
32,1296,1417,ArabCommAph052132317Vols,27,35,155,92,93
32,390,558,ArabCommAph051688866Vols,48,496,678,134,92
32,390,571,ArabCommAph052131329Vols,9,228,410,137,94
32,390,566,ArabCommAph052131919Vols,137,642,821,132,91
32,1307,1448,ArabCommAph052131919Vols,255,359,495,94,83
32,1296,1417,ArabCommAph052097758Vols,45,37,270,94,50
32,390,582,ArabCommAph051689293Vols,54,181,379,141,88
32,379,566,ArabCommAph051689293Vols,57,235,436,130,76
33,694,823,ArabCommAph052065228Vols,70,22,151,105,100
33,694,947,ArabCommAph051688866Vols,123,1323,1528,119,57
34,1219,1531,Shamela0010706,304,1008,1398,238,71
37,227,338,ArabCommAph051931955Vols,83,1105,1216,85,91
37,1029,1169,ArabCommAph052132655Vols,41,645,772,101,90
37,1173,1371,Shamela0010706,305,959,1149,129,75
37,227,338,ArabCommAph053356462,38,1282,1393,85,91
37,1059,1173,ArabCommAph053356462,39,1,115,91,100
37,227,338,ArabCommAph052065228Vols,69,10,121,85,91
37,1040,1169,ArabCommAph052065228Vols,69,189,318,102,99
37,1047,1173,GRAR000052,12,306,432,97,97
37,1040,1173,ArabCommAph052132317Vols,56,783,917,106,99
37,1029,1298,ArabCommAph051688866Vols,123,148,415,141,54
37,1002,1169,ArabCommAph052131919Vols,490,128,280,112,83
37,227,338,ArabCommAph052844770,154,915,1026,85,91
37,1029,1180,ArabCommAph052844770,155,935,1078,110,92
37,1040,1173,ArabCommAph051689293Vols,168,1421,1554,105,99
38,1314,1438,ArabCommAph051931955Vols,84,1346,1457,89,88
38,5,705,ArabCommAph053356462,39,1,235,123,21
38,1,685,ArabCommAph052065228Vols,69,204,609,140,23
38,141,705,ArabCommAph052132317Vols,57,6,212,103,21
38,1,685,ArabCommAph051688866Vols,123,167,624,147,21
38,1,685,ArabCommAph052131329Vols,23,740,1032,129,21
38,90,685,ArabCommAph052097758Vols,74,1,349,116,20
39,730,886,GRAR000078,55,1013,1172,117,93
39,719,965,ArabCommAph051931955Vols,81,948,1248,146,55
39,719,886,ArabCommAph052132655Vols,40,668,829,118,86
39,1454,1634,Shamela0010706,306,585,761,130,86
39,719,953,ArabCommAph053356462,38,451,669,152,80
39,714,877,ArabCommAph052132317Vols,54,1389,1552,127,97
39,719,877,ArabCommAph051688866Vols,121,156,314,126,99
39,719,877,ArabCommAph052131329Vols,22,1231,1379,117,92
39,719,877,ArabCommAph052131919Vols,486,546,695,116,92
39,719,957,ArabCommAph052844770,152,450,738,134,57
39,719,877,ArabCommAph052097758Vols,72,1207,1534,125,47
39,714,965,ArabCommAph051689293Vols,163,540,775,151,68
40,45,389,GRAR000078,55,651,981,236,86
40,34,472,ArabCommAph051931955Vols,24,574,1000,321,90
40,45,472,ArabCommAph052132655Vols,13,681,1102,318,90
40,45,350,ArabCommAph052065149,2,857,1151,223,91
40,45,226,ArabCommAph052065149,26,1016,1184,127,87
40,45,217,ArabCommAph053356462,10,1408,1573,125,90
40,45,472,ArabCommAph052065228Vols,3,53,490,323,89
40,63,472,GRAR000052,1,278,680,300,89
40,45,226,ArabCommAph052132317Vols,4,895,1073,133,89
40,45,226,ArabCommAph052132317Vols,123,1271,1462,135,88
40,195,472,ArabCommAph051688866Vols,16,1,279,215,96
40,944,1560,ArabCommAph051688866Vols,18,930,1461,109,15
40,37,472,ArabCommAph052131329Vols,2,631,1053,314,88
40,45,472,ArabCommAph052131919Vols,15,787,1202,318,91
40,45,481,ArabCommAph052844770,6,263,695,316,87
40,45,472,ArabCommAph051689293Vols,7,545,960,321,93
40,63,226,ArabCommAph051689293Vols,59,415,581,127,95
41,272,542,Shamela0010706,311,268,606,158,47
42,583,730,ArabCommAph051931955Vols,51,1163,1300,108,93
42,583,813,ArabCommAph052132655Vols,25,461,696,131,66
42,583,730,ArabCommAph052065149,51,72,209,108,93
42,583,739,ArabCommAph053356462,27,626,774,109,87
42,583,730,ArabCommAph052132317Vols,29,1169,1306,108,93
42,579,730,ArabCommAph051688866Vols,79,1101,1246,109,88
42,576,730,ArabCommAph052131329Vols,18,1000,1153,104,76
42,568,730,ArabCommAph052131919Vols,269,1375,1524,110,84
42,583,730,ArabCommAph051689293Vols,102,545,682,108,93
43,720,978,Shamela0010706,125,1,310,188,72
44,462,1200,GRAR000052,12,924,1263,163,26
45,167,372,ArabCommAph052132655Vols,43,141,327,124,72
45,210,348,ArabCommAph052132317Vols,60,705,1141,104,28
45,210,348,ArabCommAph052131919Vols,496,1098,1226,105,92
46,613,738,ArabCommAph053356462,40,493,618,99,100
46,613,738,ArabCommAph052065228Vols,71,803,928,98,99
46,624,738,GRAR000052,12,1328,1442,88,98
46,613,738,ArabCommAph052132317Vols,61,558,683,99,100
46,613,738,ArabCommAph052131919Vols,499,88,224,97,87
46,613,738,ArabCommAph052844770,161,1116,1241,99,100
46,613,738,ArabCommAph051689293Vols,174,193,315,97,97
47,1257,1469,ArabCommAph051931955Vols,80,1224,1436,163,97
47,82,215,ArabCommAph051931955Vols,92,817,940,98,92
47,1257,1469,ArabCommAph052132655Vols,40,129,341,167,99
47,82,215,ArabCommAph052132655Vols,44,1185,1312,98,89
47,1257,1469,ArabCommAph053356462,38,147,359,166,98
47,1257,1469,ArabCommAph053356462,57,100,308,162,96
47,1257,1469,ArabCommAph052065228Vols,67,173,386,164,97
47,1257,1469,ArabCommAph052065228Vols,106,1046,1258,165,98
47,1257,1469,GRAR000052,11,1253,1466,166,98
47,103,215,GRAR000052,13,196,308,89,100
47,1257,1469,ArabCommAph052132317Vols,54,372,584,165,98
47,1257,1400,ArabCommAph051688866Vols,119,1515,1658,114,98
47,82,215,ArabCommAph051688866Vols,127,380,512,98,86
47,1239,1469,ArabCommAph051688866Vols,170,731,957,167,91
47,1257,1478,ArabCommAph052131329Vols,22,739,954,159,91
47,82,215,ArabCommAph052131329Vols,25,982,1104,97,91
47,1257,1464,ArabCommAph052131329Vols,34,629,828,151,92
47,1257,1469,ArabCommAph052131919Vols,474,662,866,159,94
47,82,215,ArabCommAph052131919Vols,512,1409,1532,98,92
47,1257,1469,ArabCommAph052844770,151,556,768,165,98
47,82,215,ArabCommAph052844770,164,1188,1311,98,92
47,1257,1478,ArabCommAph052097758Vols,72,433,953,141,32
47,1257,1377,ArabCommAph051689293Vols,161,1473,1593,95,98
47,1257,1387,ArabCommAph051689293Vols,162,811,953,103,89
47,82,215,ArabCommAph051689293Vols,175,1299,1422,98,92
47,1257,1494,ArabCommAph051689293Vols,246,98,378,180,80
49,169,464,ArabCommAph051931955Vols,25,969,1246,223,93
49,197,384,GRAR000092,3,1384,1569,141,90
49,150,464,ArabCommAph052132655Vols,14,173,467,227,89
49,296,469,ArabCommAph052065149,25,1,175,137,97
49,169,464,ArabCommAph053356462,18,530,808,225,94
49,169,464,ArabCommAph052065228Vols,26,194,477,225,92
49,197,464,GRAR000052,4,306,571,213,98
49,169,484,ArabCommAph052132317Vols,13,1266,1555,218,83
49,169,430,ArabCommAph051688866Vols,49,1378,1620,196,92
49,169,464,ArabCommAph052131329Vols,9,736,1013,223,93
49,169,464,ArabCommAph052131919Vols,149,207,482,220,92
49,169,373,ArabCommAph052844770,54,1302,1490,150,90
49,169,400,ArabCommAph052097758Vols,26,489,817,159,54
49,169,464,ArabCommAph051689293Vols,55,391,669,225,94
50,1,382,Shamela0010706,303,1101,1453,240,73
50,808,1158,Shamela0010706,311,1231,1613,203,60
50,1096,1484,Shamela0010706,312,1,374,241,68
54,765,912,ArabCommAph051931955Vols,75,723,870,122,99
54,765,912,ArabCommAph053356462,36,183,330,122,99
54,765,912,ArabCommAph052132317Vols,49,171,322,123,97
54,765,912,ArabCommAph051688866Vols,113,527,677,122,97
54,765,912,ArabCommAph052131919Vols,452,679,826,122,99
54,765,912,ArabCommAph052844770,141,1097,1244,122,99
54,765,912,ArabCommAph051689293Vols,149,7,154,122,99
55,296,469,ArabCommAph053356462,36,1026,1183,123,88
55,296,520,ArabCommAph052065228Vols,63,672,906,147,72
55,332,469,GRAR000052,11,1,137,104,90
55,296,500,ArabCommAph052132317Vols,49,1311,1504,136,81
55,296,520,ArabCommAph051688866Vols,114,94,297,131,69
55,296,520,ArabCommAph052131329Vols,20,633,819,130,73
55,296,469,ArabCommAph052131919Vols,454,256,418,124,87
55,1169,1443,ArabCommAph052131919Vols,455,206,712,144,30
55,273,505,ArabCommAph052844770,142,1163,1384,147,77
55,296,469,ArabCommAph051689293Vols,150,438,600,125,87
57,313,824,ArabCommAph052097758Vols,69,612,1042,130,26
58,507,744,ArabCommAph051931955Vols,79,764,1019,183,84
58,507,732,ArabCommAph052132655Vols,39,248,476,175,89
58,203,387,JK001437,993,303,485,130,80
58,211,387,JK007140,7016,1238,1416,127,81
58,507,732,ArabCommAph053356462,37,872,1100,177,91
58,184,387,JK005202,2508,109,306,138,77
58,507,732,ArabCommAph052065228Vols,65,1098,1327,166,80
58,399,732,GRAR000052,11,713,982,181,61
58,507,732,ArabCommAph052132317Vols,52,481,703,170,86
58,507,732,ArabCommAph051688866Vols,117,1303,1518,165,85
58,507,732,ArabCommAph052131919Vols,466,1187,1415,164,79
58,507,732,ArabCommAph052844770,148,320,548,166,81
58,507,744,ArabCommAph051689293Vols,157,937,1178,179,87
59,1221,1363,ArabCommAph052132655Vols,26,255,387,103,90
59,1221,1363,ArabCommAph053356462,28,662,794,102,90
59,1226,1363,ArabCommAph052131329Vols,19,439,564,99,90
59,1221,1363,ArabCommAph052131919Vols,300,546,684,100,84
59,1226,1381,ArabCommAph052131919Vols,303,41,195,103,80
59,1226,1363,ArabCommAph052844770,97,1186,1312,99,90
59,1226,1398,ArabCommAph052097758Vols,49,679,1045,114,37
60,275,554,ArabCommAph052132655Vols,39,667,925,203,83
60,275,526,ArabCommAph053356462,37,1332,1571,194,88
60,275,526,ArabCommAph052065228Vols,66,592,831,194,88
60,296,526,GRAR000052,11,986,1215,186,92
60,275,537,ArabCommAph052132317Vols,53,233,494,202,85
60,275,526,ArabCommAph051688866Vols,118,1476,1716,192,88
60,275,526,ArabCommAph052131329Vols,21,1475,1708,189,86
60,275,526,ArabCommAph052131919Vols,469,542,782,194,88
60,275,554,ArabCommAph052844770,149,1089,1352,207,86
60,262,526,ArabCommAph051689293Vols,160,101,354,199,87
62,862,1037,ArabCommAph051931955Vols,62,139,293,123,86
62,862,1051,ArabCommAph052132655Vols,30,671,831,121,78
62,862,1037,ArabCommAph053356462,31,1208,1366,126,88
62,862,1037,ArabCommAph052065228Vols,48,322,486,117,74
62,862,1037,GRAR000052,8,710,866,116,76
62,862,1037,ArabCommAph052131919Vols,347,343,500,117,77
62,862,1043,ArabCommAph052844770,111,739,910,118,73
62,890,1051,ArabCommAph052844770,112,57,609,109,24
62,862,1037,ArabCommAph051689293Vols,115,1346,1503,125,88
63,641,899,ArabCommAph051931955Vols,66,5,263,199,92
63,641,884,ArabCommAph052132655Vols,32,415,651,181,93
63,441,887,GRAR000086,8,1011,1442,228,56
63,641,893,ArabCommAph053356462,33,591,831,190,93
63,641,893,ArabCommAph052065228Vols,52,943,1199,194,91
63,659,884,GRAR000052,9,245,471,179,98
63,641,903,ArabCommAph052132317Vols,40,1121,1392,199,89
63,641,899,ArabCommAph051688866Vols,98,1337,1614,200,87
63,641,884,ArabCommAph052131919Vols,377,119,355,190,97
63,635,884,ArabCommAph052844770,122,360,604,193,95
63,641,884,ArabCommAph052097758Vols,59,619,1158,183,41
63,641,834,ArabCommAph051689293Vols,121,1371,1557,149,95
65,652,828,ArabCommAph051931955Vols,63,1225,1408,118,73
65,1157,1449,ArabCommAph051931955Vols,64,23,270,153,61
65,234,957,ArabCommAph053356462,32,39,676,220,29
65,256,935,ArabCommAph052065228Vols,49,1,614,200,26
65,213,785,GRAR000052,8,851,1086,138,28
65,1161,1449,ArabCommAph052132317Vols,39,349,546,121,50
65,663,874,ArabCommAph051688866Vols,95,548,828,121,49
65,635,785,ArabCommAph051689293Vols,117,1327,1458,98,82
66,189,397,Shamela0010706,127,1385,1615,146,74
66,481,701,ArabCommAph051688866Vols,108,726,1368,131,25
67,405,816,ArabCommAph051931955Vols,72,877,1248,217,54
67,405,652,ArabCommAph052132655Vols,35,910,1148,194,95
67,498,661,ArabCommAph053356462,35,1,173,124,85
67,405,652,ArabCommAph052065228Vols,58,1407,1647,194,94
67,426,667,GRAR000052,10,529,800,194,87
67,405,679,ArabCommAph051688866Vols,107,541,831,202,80
67,409,652,ArabCommAph052131919Vols,353,282,533,192,93
67,405,652,ArabCommAph052131919Vols,428,975,1215,194,94
67,405,667,ArabCommAph052844770,135,67,346,200,84
67,405,652,ArabCommAph052097758Vols,64,824,1352,174,39
67,405,652,ArabCommAph051689293Vols,141,923,1163,193,94
68,1263,1392,ArabCommAph052132655Vols,36,410,540,101,93
68,1263,1423,ArabCommAph053356462,35,1198,1377,121,81
68,1263,1441,ArabCommAph052065228Vols,60,828,1014,122,76
68,1274,1423,GRAR000052,10,1061,1222,111,83
68,1256,1392,ArabCommAph052131919Vols,437,567,710,103,87
68,1263,1445,ArabCommAph052844770,137,1320,1510,127,77
69,681,1206,ArabCommAph051931955Vols,74,525,1048,278,52
69,681,919,ArabCommAph052132655Vols,36,667,902,186,88
69,681,922,ArabCommAph053356462,35,1334,1568,190,92
69,664,919,ArabCommAph052065228Vols,61,544,787,202,93
69,699,919,GRAR000052,10,1190,1410,187,100
69,714,934,ArabCommAph052132317Vols,48,1,225,178,93
69,681,929,ArabCommAph051688866Vols,111,479,717,193,91
69,681,919,ArabCommAph052131919Vols,441,1103,1334,196,97
69,714,919,ArabCommAph052844770,139,1,206,174,99
69,681,919,ArabCommAph051689293Vols,146,392,623,193,93
70,969,1188,Shamela0010706,127,881,1104,173,90
70,10,212,Shamela0010706,132,1451,1724,118,48
71,22,368,Shamela0010706,132,926,1264,211,68
72,1,299,ArabCommAph051931955Vols,64,361,677,226,84
72,1,294,ArabCommAph052132655Vols,31,811,1117,199,72
72,1,299,ArabCommAph053356462,32,1158,1477,227,84
72,11,280,ArabCommAph052065228Vols,50,168,440,186,74
72,11,247,GRAR000052,8,1211,1440,167,79
72,1,299,ArabCommAph052132317Vols,39,709,1029,232,86
72,1,303,ArabCommAph051688866Vols,96,723,1057,237,83
72,11,264,ArabCommAph052844770,115,124,380,197,87
72,1,280,ArabCommAph051689293Vols,119,322,628,218,86
73,585,815,ArabCommAph051931955Vols,71,1361,1578,177,94
73,815,1049,ArabCommAph051931955Vols,72,1,314,151,56
73,577,964,ArabCommAph052132655Vols,35,259,638,273,80
73,1241,1423,Shamela0010706,137,472,674,132,78
73,585,964,ArabCommAph053356462,34,1063,1450,296,90
73,577,957,ArabCommAph052065228Vols,57,1121,1497,287,89
73,772,937,ArabCommAph052065228Vols,58,716,1291,125,26
73,601,949,GRAR000052,10,168,525,278,94
73,585,1126,ArabCommAph052132317Vols,45,1032,1554,317,64
73,585,964,ArabCommAph051688866Vols,106,699,1081,290,88
73,585,949,ArabCommAph052131919Vols,425,31,391,281,91
73,585,949,ArabCommAph052844770,133,174,533,285,93
73,747,937,ArabCommAph052844770,134,241,1314,144,16
73,585,964,ArabCommAph051689293Vols,140,544,925,293,91
74,1365,1516,ArabCommAph051931955Vols,65,1098,1251,118,95
74,82,371,Shamela0001032,204,426,738,173,59
74,82,371,Shamela0010706,139,554,877,180,60
74,1365,1573,ArabCommAph053356462,33,355,595,138,71
74,1365,1558,ArabCommAph052132317Vols,40,561,747,135,86
74,1365,1561,ArabCommAph051688866Vols,98,488,694,145,85
74,1365,1495,ArabCommAph052131919Vols,374,1489,1619,102,98
74,1365,1516,ArabCommAph052844770,121,17,169,119,96
74,1365,1551,ArabCommAph051689293Vols,121,620,833,137,77
75,687,938,ArabCommAph051931955Vols,70,876,1122,188,87
75,285,900,ArabCommAph052132655Vols,34,1146,1551,232,42
75,687,861,ArabCommAph052065149,54,1440,1606,135,95
75,285,900,ArabCommAph053356462,34,370,661,236,47
75,285,866,ArabCommAph052065228Vols,56,1296,1659,226,47
75,728,913,GRAR000052,10,1,188,142,92
75,285,900,ArabCommAph052132317Vols,44,498,1038,262,42
75,303,938,ArabCommAph051688866Vols,105,461,1053,243,34
75,763,900,ArabCommAph052131919Vols,416,1,138,113,100
75,710,861,ArabCommAph052097758Vols,63,1,608,117,23
75,303,775,ArabCommAph051689293Vols,121,892,1055,97,23
75,687,913,ArabCommAph051689293Vols,136,349,579,175,90
76,1210,1379,Shamela0010704,2425,1031,1187,123,85
76,1162,1379,ArabCommAph051931955Vols,67,856,1066,170,95
76,1218,1379,ArabCommAph052132655Vols,33,1,162,132,99
76,1162,1379,ArabCommAph052065149,54,238,447,165,91
76,1162,1507,ArabCommAph053356462,33,1097,1411,190,66
76,1162,1379,ArabCommAph052065228Vols,53,1341,1555,169,91
76,1180,1507,GRAR000052,9,601,853,183,67
76,1155,1379,ArabCommAph052132317Vols,42,322,539,173,93
76,1162,1379,ArabCommAph051688866Vols,100,370,580,171,96
76,1166,1379,ArabCommAph052131919Vols,389,1,207,167,95
76,1162,1379,ArabCommAph052844770,125,284,494,171,96
76,1162,1667,ArabCommAph051689293Vols,123,455,953,225,41
77,353,801,Shamela0010704,2425,1140,1675,214,43
77,485,834,ArabCommAph051931955Vols,68,101,466,277,92
77,353,834,ArabCommAph052132655Vols,33,769,1154,295,72
77,1240,1554,Shamela0010706,133,632,952,165,51
77,353,775,ArabCommAph053356462,33,1260,1584,225,58
77,485,850,ArabCommAph052065228Vols,54,1065,1437,276,89
77,341,834,GRAR000052,9,742,1145,311,76
77,485,834,ArabCommAph052132317Vols,42,1219,1584,273,90
77,485,834,ArabCommAph051688866Vols,101,1115,1497,266,82
77,485,834,ArabCommAph052131919Vols,403,745,1100,275,93
77,485,834,ArabCommAph052844770,127,1130,1483,272,92
77,525,775,ArabCommAph052097758Vols,61,193,781,190,39
77,474,834,ArabCommAph051689293Vols,127,641,998,272,89
78,665,792,Shamela0010704,2426,232,353,99,95
78,1337,1623,ArabCommAph051931955Vols,69,503,799,180,70
78,637,786,ArabCommAph052132655Vols,34,319,452,96,76
78,1337,1636,ArabCommAph052132655Vols,34,728,1006,185,74
78,1337,1524,ArabCommAph053356462,34,192,352,130,85
78,637,786,ArabCommAph053356462,34,60,192,108,88
78,637,786,ArabCommAph052065228Vols,55,1294,1426,108,88
78,1337,1630,ArabCommAph052065228Vols,56,612,891,152,58
78,1355,1515,GRAR000052,9,1273,1434,123,93
78,1337,1655,ArabCommAph052132317Vols,43,1329,1618,175,64
78,637,786,ArabCommAph052132317Vols,43,847,979,108,88
78,637,786,ArabCommAph051688866Vols,103,676,808,108,88
78,1337,1623,ArabCommAph051688866Vols,104,74,340,146,56
78,637,786,ArabCommAph052131919Vols,407,333,466,105,86
78,1337,1515,ArabCommAph052131919Vols,412,314,487,132,90
78,637,786,ArabCommAph052844770,129,705,837,108,88
78,1337,1552,ArabCommAph052844770,130,878,1115,151,75
78,637,786,ArabCommAph051689293Vols,130,189,321,108,88
78,1337,1552,ArabCommAph051689293Vols,132,486,723,149,73
79,1210,1674,Shamela0010706,802,335,909,329,67
80,275,417,Shamela0010704,76,769,923,97,79
80,254,417,ArabCommAph051931955Vols,124,1273,1435,117,86
80,254,425,ArabCommAph052132655Vols,59,41,216,113,75
80,429,634,JK001437,993,303,507,140,77
80,433,598,JK007140,7016,1238,1416,130,87
80,254,406,ArabCommAph053356462,53,1062,1203,109,91
80,411,598,JK005202,2508,96,306,138,79
80,254,417,ArabCommAph052065228Vols,97,1130,1277,109,85
80,275,406,GRAR000052,18,197,328,100,96
80,1227,1606,ArabCommAph052132317Vols,34,574,910,118,36
80,258,406,ArabCommAph052132317Vols,52,261,398,102,87
80,254,406,ArabCommAph052132317Vols,89,652,794,109,90
80,275,417,ArabCommAph051688866Vols,159,309,774,100,27
80,254,411,ArabCommAph052131329Vols,30,352,499,112,89
80,254,406,ArabCommAph052131919Vols,663,1097,1238,109,91
80,254,406,ArabCommAph052097758Vols,96,689,1166,109,28
80,254,406,ArabCommAph051689293Vols,231,732,873,109,91
81,188,338,Shamela0023685,1050,123,268,113,86
81,188,338,JK009313,5449,1115,1261,112,84
81,188,338,Shamela0010706,1306,63,209,111,84
81,210,338,JK000010,28,1,127,96,85
81,188,338,Shamela0026568,901,522,666,111,84
81,198,338,JK009149,75,446,607,110,83
83,1,280,Shamela0010706,264,506,847,161,49
83,293,513,Shamela0010706,265,840,1291,144,39
85,918,1161,Shamela0010706,804,204,472,186,85
86,1114,1245,ArabCommAph051931955Vols,189,527,647,86,86
86,114,317,ArabCommAph051931955Vols,213,979,1187,127,68
86,114,317,ArabCommAph051931955Vols,238,344,552,127,68
86,1114,1245,ArabCommAph052132655Vols,81,1423,1540,84,83
86,1114,1245,ArabCommAph053356462,71,877,995,85,84
86,114,290,ArabCommAph052065228Vols,152,471,644,116,77
86,1135,1245,GRAR000052,26,52,161,83,99
86,135,274,GRAR000052,28,1250,1393,103,85
86,1114,1245,ArabCommAph052132317Vols,128,681,801,84,84
86,114,447,ArabCommAph052132317Vols,147,1037,1365,142,40
86,1114,1263,ArabCommAph051688866Vols,212,780,922,93,80
86,114,290,ArabCommAph051688866Vols,232,423,594,120,80
86,1114,1245,ArabCommAph052131329Vols,53,698,817,86,86
86,114,274,ArabCommAph052131919Vols,955,1248,1395,112,86
86,1114,1245,ArabCommAph051689293Vols,327,509,629,87,87
86,114,274,ArabCommAph051689293Vols,360,921,1070,114,85
88,117,610,ArabCommAph052131919Vols,900,663,983,122,25
89,495,938,ArabCommAph051931955Vols,124,865,1020,80,22
89,676,851,Shamela0010706,859,1078,1337,129,59
89,950,1220,Shamela0010706,860,531,1094,140,29
89,495,812,ArabCommAph052131919Vols,662,792,986,100,38
90,443,874,Shamela0010706,821,100,546,303,77
93,924,1321,ArabCommAph053356462,74,786,1319,108,19
94,491,686,Shamela0010706,166,1114,1316,162,96
95,1506,1639,ArabCommAph052066009Vols,28,1079,1211,108,99
96,937,1086,ArabCommAph051931955Vols,130,39,188,118,100
96,937,1086,ArabCommAph052132655Vols,61,885,1031,112,92
96,1111,1252,Shamela0010706,860,597,1071,101,26
96,937,1086,ArabCommAph053356462,55,828,979,116,96
96,937,1086,ArabCommAph052065228Vols,101,693,844,116,96
96,948,1086,GRAR000052,19,100,240,107,96
96,937,1086,ArabCommAph052132317Vols,94,436,588,117,97
96,933,1086,ArabCommAph051688866Vols,163,1031,1186,117,95
96,937,1086,ArabCommAph052131329Vols,32,575,726,115,95
96,937,1086,ArabCommAph052131919Vols,693,348,495,112,93
96,937,1086,ArabCommAph051689293Vols,239,104,260,117,94
97,594,714,Shamela0010706,117,1082,1202,93,99
98,403,893,Shamela0010706,171,29,379,249,59
99,918,1175,Shamela0010706,62,451,864,197,58
99,918,1181,PV20230224,936,1250,1670,197,57
99,1194,1550,PV20230224,937,589,845,185,60
99,596,745,ArabCommAph053356462,71,1121,1269,115,97
99,596,741,ArabCommAph052065228Vols,139,18,158,107,91
99,596,773,ArabCommAph051688866Vols,213,20,219,128,80
99,585,745,ArabCommAph052131329Vols,53,1203,1351,115,90
99,574,745,ArabCommAph052131919Vols,894,882,1044,115,84
99,596,766,ArabCommAph051689293Vols,328,693,892,118,72
100,1255,1462,ArabCommAph051931955Vols,158,680,878,123,70
100,1255,1447,ArabCommAph053356462,64,630,799,116,74
100,1255,1392,ArabCommAph052132317Vols,114,329,460,96,85
100,1255,1392,ArabCommAph052131329Vols,43,311,438,93,82
100,1255,1389,ArabCommAph051689293Vols,285,476,603,96,87
103,343,599,ArabCommAph051931955Vols,37,284,520,175,85
103,380,599,ArabCommAph052065149,34,1,215,162,94
103,335,693,ArabCommAph053356462,22,1136,1459,201,70
103,343,622,ArabCommAph052065228Vols,33,139,407,192,86
103,371,599,GRAR000052,5,638,865,175,98
103,465,599,ArabCommAph052132317Vols,20,1,138,102,95
103,343,629,ArabCommAph051688866Vols,60,177,461,190,82
103,343,599,ArabCommAph052131329Vols,12,1155,1387,169,83
103,343,599,ArabCommAph052131919Vols,201,141,382,184,91
103,443,599,ArabCommAph052844770,69,1,161,122,97
103,331,599,ArabCommAph052097758Vols,35,367,862,181,45
103,335,599,ArabCommAph051689293Vols,69,1128,1381,184,87
103,374,585,ArabCommAph051689293Vols,70,144,435,147,62
104,1241,1585,Shamela0010706,1013,1019,1474,222,58
104,910,1235,Shamela0010706,1016,428,700,199,74
105,754,1242,ArabCommAph051931955Vols,100,858,1444,220,39
105,969,1353,ArabCommAph052132655Vols,48,98,440,172,55
105,136,664,Shamela0010706,1014,264,756,338,75
105,969,1171,ArabCommAph053356462,43,1274,1474,127,76
105,969,1119,ArabCommAph052065228Vols,78,639,789,115,96
105,980,1106,GRAR000052,14,327,450,98,97
105,963,1106,ArabCommAph052132317Vols,67,1185,1328,112,98
105,969,1106,ArabCommAph051688866Vols,134,921,1058,109,100
105,969,1106,ArabCommAph052131329Vols,29,295,431,106,97
105,969,1106,ArabCommAph052131919Vols,531,1280,1426,108,93
105,969,1106,ArabCommAph052844770,177,1233,1370,109,100
105,969,1085,ArabCommAph052097758Vols,82,341,537,85,55
105,969,1106,ArabCommAph051689293Vols,190,625,762,109,100
105,980,1106,ArabCommAph051689293Vols,369,76,202,100,100
106,709,1328,ArabCommAph051931955Vols,109,1205,1549,147,30
107,112,356,Shamela0010706,35,1338,1585,194,89
107,112,368,PV20230224,771,669,931,205,90
108,401,653,ArabCommAph051931955Vols,113,897,1189,135,49
108,1349,1557,Shamela0010706,111,972,1181,170,96
109,769,1122,Shamela0010706,1066,52,338,186,65
112,1,357,Shamela0010706,872,517,1695,281,28
112,338,1297,Shamela0010706,873,1,1457,503,42
112,1,219,PV20230224,934,1177,1705,180,40
112,219,995,PV20230224,935,19,1689,443,32
112,995,1329,PV20230224,936,1,545,180,37
113,1437,1619,Shamela0010706,15,259,464,131,76
113,1437,1619,PV20230224,896,784,995,136,79
114,978,1134,Shamela0010704,700,1285,1424,101,83
114,959,1248,ArabCommAph051931955Vols,127,876,1125,158,65
114,964,1134,ArabCommAph052132655Vols,60,682,851,127,92
114,964,1146,ArabCommAph053356462,54,1225,1414,139,94
114,964,1143,ArabCommAph052065228Vols,99,340,526,135,93
114,951,1134,GRAR000052,18,831,1031,132,83
114,964,1160,ArabCommAph052132317Vols,92,262,458,135,87
114,964,1284,ArabCommAph051688866Vols,161,131,415,188,72
114,964,1248,ArabCommAph052131329Vols,31,554,838,176,75
114,964,1104,ArabCommAph052131919Vols,676,1354,1500,109,94
114,959,1163,ArabCommAph052097758Vols,98,486,887,138,45
114,964,1134,ArabCommAph051689293Vols,236,305,475,132,98
115,612,899,Shamela0010706,1090,800,1105,159,63
117,846,1625,ArabCommAph051931955Vols,126,163,795,279,42
118,1267,1401,ArabCommAph051931955Vols,127,543,861,84,33
118,691,1325,ArabCommAph052132655Vols,60,86,591,131,18
118,792,1329,ArabCommAph053356462,54,808,1121,110,21
118,810,1325,GRAR000052,18,712,862,71,16
118,792,1325,ArabCommAph052131329Vols,31,112,484,100,16
119,881,1441,ArabCommAph051931955Vols,235,819,1069,149,31
120,916,1158,ArabCommAph051931955Vols,117,848,1076,158,77
120,916,1102,ArabCommAph052065149,62,1073,1252,136,88
120,916,1105,ArabCommAph053356462,51,460,640,139,91
120,916,1102,ArabCommAph052065228Vols,91,1234,1410,139,94
120,937,1102,GRAR000052,17,88,254,129,98
120,916,1139,ArabCommAph052132317Vols,82,975,1214,155,75
120,916,1102,ArabCommAph052131919Vols,625,190,366,135,91
120,916,1136,ArabCommAph051689293Vols,217,718,960,152,74
121,1190,1563,Shamela0010706,176,532,867,144,46
122,377,578,ArabCommAph052066009Vols,28,1012,1206,114,68
122,603,782,ArabCommAph052066009Vols,30,262,474,113,60
122,615,782,ArabCommAph051931955Vols,55,221,418,115,70
122,377,782,ArabCommAph052132655Vols,26,1118,1444,155,47
122,593,782,ArabCommAph052132317Vols,32,477,706,124,65
123,412,624,Shamela0010706,90,8,388,175,55
123,298,624,PV20230224,954,211,700,204,48
124,544,683,ArabCommAph051931955Vols,211,801,926,98,89
124,151,445,ArabCommAph051931955Vols,216,597,1068,85,15
124,544,683,ArabCommAph051931955Vols,236,152,277,98,89
124,562,699,GRAR000052,28,851,993,96,85
124,555,683,ArabCommAph052097758Vols,135,1341,1484,95,82
125,962,1111,Shamela0023685,1050,123,268,111,83
125,962,1111,JK009313,5449,1115,1261,111,83
125,922,1111,Shamela0010706,1306,53,209,119,71
125,985,1111,JK000010,28,1,127,95,83
125,962,1111,Shamela0026568,901,522,666,109,82
125,972,1111,JK009149,75,446,607,107,80
126,1620,1728,ArabCommAph053356462,67,1266,1374,83,98
126,1620,1728,ArabCommAph052065228Vols,130,1324,1432,83,98
126,1627,1728,GRAR000052,24,1070,1171,77,98
126,1620,1728,ArabCommAph052132317Vols,121,10,118,81,96
126,1620,1728,ArabCommAph051688866Vols,201,77,185,74,78
126,1609,1728,ArabCommAph052131329Vols,47,1149,1263,85,89
126,1620,1728,ArabCommAph052131919Vols,862,1296,1408,70,72
126,1602,1728,ArabCommAph051689293Vols,300,452,571,89,90
128,258,365,Shamela0010704,1175,1304,1412,84,98
128,258,378,Shamela0010704,1223,1307,1430,95,95
128,237,372,ArabCommAph053356462,39,896,1024,100,90
128,237,414,ArabCommAph052065228Vols,70,377,549,115,70
128,258,372,GRAR000052,12,740,855,90,98
128,237,372,ArabCommAph051688866Vols,124,226,354,100,90
128,237,414,ArabCommAph052131329Vols,24,18,188,111,76
128,237,372,ArabCommAph052131919Vols,492,1339,1467,97,88
128,237,372,ArabCommAph052844770,157,1260,1385,100,92
128,237,378,ArabCommAph051689293Vols,170,1017,1164,105,83
130,212,434,Shamela0010706,326,395,638,154,71
130,439,688,Shamela0010706,328,599,1101,182,44
132,333,570,ArabCommAph051931955Vols,206,1258,1485,178,94
132,333,570,ArabCommAph051931955Vols,231,641,868,178,94
132,253,570,ArabCommAph052132655Vols,88,493,851,201,70
132,570,798,Shamela0010706,75,1165,1616,180,49
132,674,848,PV20230224,999,171,391,134,73
132,314,574,ArabCommAph053356462,76,1070,1305,181,88
132,333,580,ArabCommAph052065228Vols,148,111,348,180,91
132,351,574,GRAR000052,28,19,242,172,97
132,333,574,ArabCommAph052132317Vols,142,1278,1509,179,93
132,333,574,ArabCommAph051688866Vols,226,342,577,182,95
132,314,570,ArabCommAph052131329Vols,59,1081,1322,184,91
132,328,562,ArabCommAph052131919Vols,937,1327,1555,176,94
132,333,570,ArabCommAph052097758Vols,134,221,666,177,49
132,333,574,ArabCommAph051689293Vols,351,58,293,182,95
133,329,532,Shamela0010706,222,570,774,151,89
136,158,721,GRAR000052,17,452,962,126,18
139,498,819,ArabCommAph051931955Vols,157,1139,1505,141,38
139,498,615,ArabCommAph052132317Vols,113,1510,1631,91,94
139,498,647,ArabCommAph052131329Vols,42,1179,1353,112,81
140,954,1104,Shamela0010706,104,1533,1685,116,92
141,651,973,ArabCommAph051931955Vols,92,1194,1514,214,77
141,674,852,ArabCommAph052132655Vols,44,1429,1600,124,84
141,674,938,ArabCommAph053356462,41,71,325,186,86
141,674,918,ArabCommAph052065228Vols,72,1322,1554,171,86
141,695,938,GRAR000052,13,312,556,181,91
141,674,957,ArabCommAph052132317Vols,62,880,1173,196,78
141,674,938,ArabCommAph051688866Vols,127,680,937,187,86
141,636,962,ArabCommAph052131329Vols,25,1096,1366,186,68
141,636,938,ArabCommAph052131919Vols,513,1023,1334,197,76
141,674,938,ArabCommAph052844770,165,245,499,187,87
141,674,938,ArabCommAph051689293Vols,176,129,394,189,84
145,1074,1186,ArabCommAph053356462,65,1173,1278,77,83
145,1081,1186,ArabCommAph052065228Vols,126,241,342,75,87
145,924,1208,ArabCommAph051688866Vols,196,346,620,142,55
145,1088,1291,ArabCommAph052131329Vols,45,234,398,87,53
145,1070,1186,ArabCommAph052131919Vols,837,1004,1106,75,79
145,1081,1186,ArabCommAph051689293Vols,291,1151,1251,74,86
146,473,615,ArabCommAph051931955Vols,184,1209,1351,112,98
146,473,615,ArabCommAph052132655Vols,80,707,849,114,100
146,473,615,ArabCommAph053356462,70,1095,1240,113,97
146,473,711,ArabCommAph052065228Vols,135,496,677,127,65
146,484,615,GRAR000052,25,846,977,105,100
146,473,615,ArabCommAph052132317Vols,126,135,256,93,83
146,473,615,ArabCommAph051688866Vols,209,607,728,96,85
146,473,711,ArabCommAph052131329Vols,51,694,923,126,66
146,473,711,ArabCommAph052131919Vols,878,125,547,162,48
146,473,596,ArabCommAph052131919Vols,893,326,447,46,51
146,473,615,ArabCommAph051689293Vols,317,669,811,113,99
147,1088,1271,Rafed0003591Vols,364,148,339,138,90
147,1088,1271,Shia001432Vols,19239,1,191,139,91
147,1072,1271,Shamela0010706,58,119,318,158,98
147,1072,1271,PV20230224,1005,1038,1238,159,99
148,563,774,Shamela0010706,1665,765,984,149,80
148,563,774,ArabCommAph052131919Vols,447,1124,1334,145,76
149,1141,1331,JK000102,189,1346,1522,114,69
151,441,609,ArabCommAph051931955Vols,133,1507,1657,121,88
151,441,844,ArabCommAph052132655Vols,63,11,377,216,61
151,441,701,ArabCommAph053356462,56,555,804,201,92
151,441,701,ArabCommAph052065228Vols,105,577,820,192,88
151,462,701,GRAR000052,19,1091,1324,186,92
151,441,695,ArabCommAph052132317Vols,96,1347,1594,193,89
151,424,701,ArabCommAph051688866Vols,167,238,497,194,82
151,434,710,ArabCommAph052131329Vols,33,1042,1294,199,87
151,441,701,ArabCommAph052131919Vols,719,577,821,198,92
151,441,701,ArabCommAph051689293Vols,243,438,687,195,89
152,1493,1624,ArabCommAph053356462,59,567,691,98,93
152,1493,1624,ArabCommAph052065228Vols,111,61,185,97,92
152,1493,1624,ArabCommAph052132317Vols,103,576,700,97,92
152,1493,1624,ArabCommAph051688866Vols,177,1469,1593,97,92
152,1493,1624,ArabCommAph052131919Vols,761,183,307,99,93
152,1493,1624,ArabCommAph051689293Vols,255,2129,2253,98,93
153,711,982,ArabCommAph051931955Vols,150,176,441,210,95
153,711,878,ArabCommAph053356462,61,1300,1459,122,91
153,711,982,ArabCommAph052065228Vols,116,465,720,202,91
153,729,982,GRAR000052,22,304,548,192,93
153,729,982,ArabCommAph052132317Vols,108,391,641,199,97
153,711,982,ArabCommAph052132317Vols,109,603,868,209,95
153,711,990,ArabCommAph051688866Vols,185,151,423,212,94
153,711,982,ArabCommAph052131329Vols,39,1164,1427,207,94
153,711,982,ArabCommAph052131919Vols,783,604,864,207,94
153,729,892,ArabCommAph052131919Vols,788,1156,1312,99,77
153,711,1006,ArabCommAph052097758Vols,111,429,1009,198,42
153,711,982,ArabCommAph051689293Vols,266,83,347,207,94
156,1161,1359,ArabCommAph051931955Vols,148,882,1073,150,95
156,1161,1359,ArabCommAph052132655Vols,69,13,202,139,88
156,1139,1359,ArabCommAph053356462,61,589,806,154,86
156,1161,1359,ArabCommAph052065228Vols,115,138,326,147,93
156,88,670,GRAR000052,21,496,919,88,13
156,1161,1359,ArabCommAph052132317Vols,108,95,291,150,93
156,1161,1359,ArabCommAph051688866Vols,183,1210,1399,147,93
156,1161,1359,ArabCommAph052131329Vols,39,293,483,149,95
156,1161,1359,ArabCommAph052131919Vols,779,1061,1245,143,91
156,1161,1359,ArabCommAph052097758Vols,110,719,1065,146,51
156,1149,1359,ArabCommAph051689293Vols,264,478,677,155,93
158,139,350,ArabCommAph051931955Vols,139,1216,1424,125,71
158,164,308,ArabCommAph053356462,58,1016,1158,98,80
158,164,308,ArabCommAph052065228Vols,109,686,829,95,79
158,175,308,GRAR000052,20,951,1083,93,83
158,164,308,ArabCommAph052132317Vols,101,1163,1308,96,79
158,164,350,ArabCommAph051688866Vols,175,472,652,117,76
158,164,308,ArabCommAph052131329Vols,36,319,458,95,78
158,164,308,ArabCommAph052131919Vols,756,1016,1148,92,75
158,164,308,ArabCommAph051689293Vols,253,131,275,99,81
160,1039,1206,ArabCommAph051931955Vols,141,952,1117,133,98
160,1039,1234,ArabCommAph053356462,59,393,578,124,76
160,1039,1227,ArabCommAph052065228Vols,110,864,1044,139,91
160,1039,1206,ArabCommAph052131329Vols,36,1258,1422,126,94
160,1039,1206,ArabCommAph052131919Vols,760,181,359,131,89
160,1039,1206,ArabCommAph051689293Vols,255,213,370,124,91
161,141,272,ArabCommAph052132317Vols,106,808,932,96,92
162,698,863,Shamela0010706,1592,1270,1467,118,72
163,571,984,ArabCommAph051931955Vols,145,428,825,144,31
163,1144,1365,ArabCommAph051931955Vols,145,1081,1303,162,88
163,571,1012,ArabCommAph052132655Vols,67,724,1071,143,36
163,1144,1350,ArabCommAph052132655Vols,67,1123,1323,142,83
163,1144,1350,ArabCommAph053356462,60,643,840,154,93
163,1223,1365,ArabCommAph052065228Vols,113,1,150,101,84
163,1165,1350,GRAR000052,21,659,842,141,95
163,1144,1350,ArabCommAph052132317Vols,105,671,852,140,85
163,1144,1358,ArabCommAph051688866Vols,180,138,330,142,83
163,1144,1350,ArabCommAph052131329Vols,38,94,290,148,90
163,1076,1350,ArabCommAph052131919Vols,769,1175,1451,167,74
163,1144,1315,ArabCommAph052097758Vols,108,1129,1453,107,40
163,1144,1350,ArabCommAph051689293Vols,258,547,744,153,93
164,1102,1439,ArabCommAph051931955Vols,138,998,1473,248,64
164,1281,1439,ArabCommAph053356462,58,188,368,127,86
164,1281,1439,ArabCommAph052065228Vols,108,1310,1485,129,90
164,1292,1439,GRAR000052,20,647,812,119,88
164,1285,1439,ArabCommAph051688866Vols,174,1,176,122,85
164,1281,1439,ArabCommAph052131329Vols,35,1016,1170,119,87
164,1281,1439,ArabCommAph051689293Vols,250,1046,1214,126,91
166,1497,1604,ArabCommAph053356462,61,45,153,81,96
166,1497,1615,ArabCommAph052065228Vols,114,346,487,86,78
166,558,999,GRAR000052,20,320,887,84,12
166,1497,1604,ArabCommAph052131919Vols,774,449,556,81,97
166,1497,1604,ArabCommAph051689293Vols,262,249,358,81,95
169,1405,1631,ArabCommAph052132655Vols,71,108,325,140,76
169,1451,1631,ArabCommAph052065228Vols,119,696,872,130,88
169,1462,1631,ArabCommAph052132317Vols,111,530,703,128,92
169,1451,1631,ArabCommAph052131329Vols,41,282,453,127,88
170,602,916,Shamela0010706,81,1075,1450,207,59
170,602,916,PV20230224,920,591,959,201,58
171,1289,1406,ArabCommAph051931955Vols,185,989,1104,91,95
171,1289,1406,ArabCommAph052132655Vols,80,1165,1281,92,99
171,1289,1406,ArabCommAph053356462,70,1337,1453,92,99
171,1289,1406,ArabCommAph052065228Vols,136,749,866,93,100
171,1300,1406,GRAR000052,25,981,1087,84,100
171,1289,1406,ArabCommAph052132317Vols,126,706,824,93,99
171,1289,1406,ArabCommAph052131329Vols,51,1217,1333,90,97
171,1289,1406,ArabCommAph051689293Vols,319,346,462,92,99
173,578,751,ArabCommAph052132655Vols,76,799,955,93,63
173,1493,1646,Shamela0010706,181,1459,1646,115,74
174,1322,1456,ArabCommAph051931955Vols,167,929,1055,98,94
174,1289,1476,ArabCommAph052132655Vols,76,20,210,114,72
174,1462,1647,Shamela0010706,34,1008,1202,132,81
174,1322,1456,ArabCommAph053356462,66,745,876,98,91
174,1322,1516,ArabCommAph052065228Vols,127,710,963,124,62
174,1340,1456,GRAR000052,24,365,498,90,87
174,1322,1456,ArabCommAph052132317Vols,118,1174,1318,99,84
174,1322,1456,ArabCommAph051688866Vols,197,1363,1504,89,70
174,1322,1456,ArabCommAph052131329Vols,46,10,153,98,83
174,1322,1456,ArabCommAph051689293Vols,294,456,587,99,92
176,1417,1674,Rafed0003591Vols,318,505,673,112,51
176,1432,1674,Shamela0010706,26,979,1258,155,59
176,907,1111,Shamela0010706,37,1,206,160,92
176,750,1111,PV20230224,772,775,1158,242,77
176,1432,1674,PV20230224,900,647,948,154,54
177,383,586,Shamela0010706,35,831,1136,135,54
177,383,586,PV20230224,771,172,472,139,57
177,383,586,ShamAY0033561,18,427,672,119,59
178,1085,1236,ArabCommAph051931955Vols,148,58,253,108,69
178,1085,1326,ArabCommAph052132655Vols,68,1192,1410,121,59
178,1085,1210,ArabCommAph053356462,61,172,313,93,82
178,1085,1210,ArabCommAph052065228Vols,114,764,906,95,83
178,1096,1210,GRAR000052,21,1175,1306,86,82
178,1085,1210,ArabCommAph052132317Vols,107,788,929,92,81
178,1085,1244,ArabCommAph051688866Vols,183,383,554,101,73
178,1080,1201,ArabCommAph052131329Vols,38,1381,1524,91,78
178,1085,1210,ArabCommAph052131919Vols,778,185,327,95,83
178,1085,1210,ArabCommAph051689293Vols,263,763,905,95,83
179,1013,1230,ArabCommAph052131919Vols,871,607,1129,122,29
180,412,762,ArabCommAph051931955Vols,219,918,1308,136,36
181,760,1129,ArabCommAph051931955Vols,225,767,1151,136,33
181,802,1112,ArabCommAph052132655Vols,86,259,540,96,29
181,1106,1276,Shamela0010706,168,1433,1626,120,73
181,802,1106,ArabCommAph053356462,75,410,573,86,35
181,802,1102,ArabCommAph052065228Vols,144,1253,1489,93,31
181,802,1112,ArabCommAph052132317Vols,138,971,1422,122,29
181,802,1112,ArabCommAph051688866Vols,221,842,1081,80,27
181,802,1112,ArabCommAph051689293Vols,342,493,722,98,32
184,1015,1227,ArabCommAph051931955Vols,32,770,1020,141,69
184,929,1584,ArabCommAph053356462,43,317,631,142,24
184,929,1517,ArabCommAph052132317Vols,66,1205,1594,112,21
186,1002,1527,ArabCommAph051931955Vols,103,852,1208,141,27
186,1002,1527,ArabCommAph052132655Vols,49,980,1219,124,26
186,996,1527,ArabCommAph053356462,44,1124,1335,143,33
186,1391,1527,ArabCommAph052065228Vols,81,186,306,91,84
186,1391,1527,ArabCommAph052132317Vols,70,69,194,95,87
186,1391,1521,ArabCommAph051689293Vols,195,1424,1544,91,87
186,1412,1527,ArabCommAph051689293Vols,369,1287,1400,88,96
187,407,615,ArabCommAph051931955Vols,104,1022,1291,129,59
187,407,566,ArabCommAph052132655Vols,50,552,704,109,88
187,407,546,ArabCommAph053356462,45,396,532,103,92
187,413,560,ArabCommAph052065228Vols,81,1355,1496,101,89
187,407,566,GRAR000052,15,80,230,99,80
187,407,566,ArabCommAph052132317Vols,71,159,319,112,87
187,413,566,ArabCommAph051688866Vols,138,95,249,112,92
187,413,546,ArabCommAph052131919Vols,546,787,920,104,100
187,413,546,ArabCommAph051689293Vols,197,427,561,104,98
187,424,546,ArabCommAph051689293Vols,370,1104,1223,90,93
188,105,459,GRAR000052,15,95,440,107,25
189,421,1002,GRAR000052,15,374,770,118,21
189,398,916,ArabCommAph052132317Vols,72,260,798,107,17
192,252,483,ArabCommAph051931955Vols,106,254,471,173,92
192,246,516,ArabCommAph052132655Vols,51,106,401,176,68
192,236,483,GRAR000052,15,427,654,157,75
192,252,483,ArabCommAph052132317Vols,72,764,989,174,91
192,252,502,ArabCommAph051688866Vols,139,1041,1303,187,86
192,252,483,ArabCommAph052131919Vols,552,177,403,175,91
192,252,483,ArabCommAph051689293Vols,199,467,689,177,94
192,268,483,ArabCommAph051689293Vols,376,19,236,171,97
193,415,1082,ArabCommAph052132655Vols,52,1386,1524,89,17
198,335,562,Shamela0010704,2541,103,333,168,89
198,304,570,ArabCommAph051931955Vols,156,326,570,184,87
198,304,570,ArabCommAph052132655Vols,72,87,326,172,78
198,304,495,ArabCommAph052065149,64,1049,1225,137,90
198,304,547,ArabCommAph053356462,63,655,895,178,89
198,304,547,ArabCommAph052065228Vols,121,412,646,175,89
198,304,562,ArabCommAph052132317Vols,112,1113,1363,187,90
198,304,562,ArabCommAph051688866Vols,190,498,755,186,87
198,304,562,ArabCommAph052131329Vols,42,209,443,179,87
198,304,547,ArabCommAph052131919Vols,809,1055,1282,171,87
198,304,562,ArabCommAph051689293Vols,278,1119,1378,186,87
199,313,409,ArabCommAph051931955Vols,102,602,697,74,98
199,306,421,ArabCommAph053356462,44,683,807,78,80
199,313,421,ArabCommAph052097758Vols,83,314,760,72,21
200,1453,1636,ArabCommAph051931955Vols,104,494,673,111,73
200,1453,1603,ArabCommAph053356462,45,156,310,100,77
200,1453,1598,ArabCommAph052132317Vols,70,1162,1303,102,85
200,1453,1636,ArabCommAph051688866Vols,137,997,1333,126,45
200,1474,1608,ArabCommAph051689293Vols,370,217,355,97,86
202,720,824,ArabCommAph051931955Vols,157,412,515,77,94
202,720,824,ArabCommAph052132655Vols,72,770,873,77,94
202,720,841,ArabCommAph053356462,63,1303,1452,86,72
202,720,1053,ArabCommAph052065228Vols,122,791,1101,103,28
202,720,979,ArabCommAph051688866Vols,191,560,896,127,48
202,720,891,ArabCommAph051689293Vols,279,1356,1540,108,69
203,208,390,Shamela0010704,2933,465,633,123,83
203,190,643,ArabCommAph051931955Vols,115,313,744,203,55
203,190,417,ArabCommAph052132655Vols,55,87,294,147,78
203,190,390,ArabCommAph053356462,50,247,441,151,94
203,190,410,ArabCommAph052065228Vols,90,185,391,145,80
203,208,429,GRAR000052,16,1067,1271,143,80
203,232,473,ArabCommAph052132317Vols,81,1,319,163,64
203,190,446,ArabCommAph051688866Vols,149,40,257,153,75
203,215,390,ArabCommAph052131919Vols,584,1,170,134,96
203,270,489,ArabCommAph052131919Vols,586,541,933,113,32
203,190,489,ArabCommAph052097758Vols,90,887,1528,170,30
203,190,437,ArabCommAph051689293Vols,211,297,564,170,72
204,1019,1207,Shamela0010706,219,114,314,134,83
206,1,115,Shamela0010706,222,799,916,85,91
207,1192,1307,GRAR000078,57,1487,1601,91,99
207,1188,1307,ArabCommAph052132655Vols,16,310,434,95,95
207,1188,1321,ArabCommAph052065149,27,163,303,102,92
207,1188,1307,ArabCommAph053356462,20,97,216,95,100
207,1188,1321,GRAR000052,4,888,1025,103,94
207,1188,1307,ArabCommAph052132317Vols,15,402,521,95,100
207,1188,1315,ArabCommAph051688866Vols,52,1016,1143,96,95
207,1188,1307,ArabCommAph052131919Vols,153,1048,1167,95,100
207,1188,1307,ArabCommAph052844770,57,1258,1377,95,100
207,1188,1321,ArabCommAph051689293Vols,62,579,723,96,82
208,294,548,Shamela0010706,267,46,600,143,32
209,1185,1308,ArabCommAph051931955Vols,103,1338,1477,94,87
209,1179,1318,ArabCommAph052132655Vols,49,1358,1513,102,82
209,1226,1373,ArabCommAph053356462,45,1,180,110,76
209,1179,1352,ArabCommAph052132317Vols,70,581,762,124,84
209,1185,1379,ArabCommAph051688866Vols,137,231,450,142,81
209,1185,1352,ArabCommAph052131919Vols,543,584,760,117,81
209,1217,1352,ArabCommAph052097758Vols,84,380,629,98,51
209,1179,1382,ArabCommAph051689293Vols,196,187,465,147,66
210,949,1133,Shamela0010706,172,1012,1237,116,58
211,818,970,ArabCommAph051931955Vols,44,1144,1637,83,19
211,1414,1614,ArabCommAph051931955Vols,45,1065,1301,161,81
211,1414,1652,ArabCommAph052132655Vols,22,102,435,178,64
211,1414,1575,ArabCommAph053356462,24,1421,1592,133,92
211,1,438,ArabCommAph052065228Vols,32,623,1129,105,17
211,1414,1614,ArabCommAph052065228Vols,36,216,476,157,73
211,1294,1623,GRAR000052,6,30,321,171,55
211,934,1623,ArabCommAph052132317Vols,24,13,639,226,28
211,1414,1614,ArabCommAph051688866Vols,70,893,1111,156,82
211,1485,1614,ArabCommAph052131329Vols,16,1,130,105,99
211,832,1559,ArabCommAph052131919Vols,229,971,1704,188,21
211,1414,1623,ArabCommAph052844770,80,651,906,160,76
211,1444,1614,ArabCommAph052097758Vols,41,1165,1475,125,48
211,1414,1623,ArabCommAph051689293Vols,90,1260,1511,162,77
212,763,1179,ArabCommAph051931955Vols,45,1250,1661,202,53
212,1179,1448,ArabCommAph051931955Vols,46,1,288,213,89
213,1,414,ArabCommAph051931955Vols,101,660,1084,305,86
213,1,389,ArabCommAph052132655Vols,48,654,1047,261,79
213,1,414,ArabCommAph053356462,44,126,569,286,75
213,1,335,ArabCommAph052065228Vols,78,1208,1554,174,48
213,1,349,GRAR000052,14,486,849,184,49
213,1,349,ArabCommAph052132317Vols,68,431,786,275,97
213,1,414,ArabCommAph051688866Vols,135,227,657,205,48
213,1,349,ArabCommAph052131919Vols,533,360,740,270,87
213,10,229,ArabCommAph052097758Vols,82,1146,1310,126,71
213,1,349,ArabCommAph051689293Vols,192,473,836,190,51
214,115,233,ArabCommAph051931955Vols,97,143,264,93,97
214,115,248,ArabCommAph052132655Vols,46,1301,1440,92,82
214,110,289,ArabCommAph053356462,42,1179,1370,109,71
214,104,233,ArabCommAph052065228Vols,76,1033,1174,99,89
214,115,233,ArabCommAph052132317Vols,66,124,242,93,100
214,115,233,ArabCommAph051688866Vols,131,1178,1306,93,92
214,115,248,ArabCommAph052131329Vols,27,1218,1351,93,88
214,115,242,ArabCommAph052131919Vols,526,249,389,98,88
214,115,233,ArabCommAph052844770,174,972,1093,93,97
215,1,964,ArabCommAph051931955Vols,78,311,1027,301,30
215,1,170,ArabCommAph052132655Vols,38,729,905,131,94
215,1,187,ArabCommAph053356462,37,458,663,138,86
215,1,170,ArabCommAph052065228Vols,64,1278,1443,121,87
215,1,170,GRAR000052,11,474,649,127,91
215,1,170,ArabCommAph052132317Vols,51,518,697,126,89
215,1,170,ArabCommAph051688866Vols,116,1025,1206,131,92
215,6,170,ArabCommAph052131919Vols,463,1,173,127,94
215,1,170,ArabCommAph052844770,146,68,245,128,92
216,1251,1429,ArabCommAph053356462,49,508,678,136,95
216,1251,1514,ArabCommAph052065228Vols,88,1018,1311,179,74
216,1269,1459,GRAR000052,16,610,790,136,91
216,593,1114,ArabCommAph052132317Vols,78,259,597,108,19
216,1251,1500,ArabCommAph052132317Vols,79,413,667,160,75
216,1251,1459,ArabCommAph051688866Vols,146,732,964,149,78
216,1251,1422,ArabCommAph052097758Vols,89,641,901,127,59
216,1251,1429,ArabCommAph051689293Vols,208,73,244,137,96
217,1525,1687,ArabCommAph051931955Vols,118,44,218,126,93
217,1525,1687,ArabCommAph052132655Vols,56,380,549,120,91
217,1525,1687,ArabCommAph053356462,51,1065,1239,126,93
217,1519,1687,ArabCommAph052065228Vols,92,812,991,126,90
217,1536,1687,GRAR000052,17,258,418,114,92
217,1525,1687,ArabCommAph052132317Vols,83,152,323,126,94
217,1525,1687,ArabCommAph051688866Vols,152,1320,1491,126,94
217,1545,1675,ArabCommAph051688866Vols,153,1,372,85,29
217,1525,1687,ArabCommAph052131919Vols,627,639,805,122,91
217,1548,1679,ArabCommAph052131919Vols,630,1,136,91,79
218,1119,1258,ArabCommAph051931955Vols,29,215,363,106,90
218,1119,1258,ArabCommAph052132655Vols,15,724,863,109,98
218,1119,1258,ArabCommAph053356462,16,1099,1238,111,100
218,1119,1258,ArabCommAph052065228Vols,23,201,343,110,96
218,1130,1253,GRAR000052,3,1405,1531,97,96
218,1119,1258,ArabCommAph052132317Vols,12,829,967,109,98
218,1119,1258,ArabCommAph051688866Vols,46,331,470,111,100
218,1119,1258,ArabCommAph052131329Vols,8,915,1056,109,96
218,1119,1258,ArabCommAph052131919Vols,125,1383,1522,109,95
218,1119,1258,ArabCommAph052844770,49,223,362,107,93
218,1119,1258,ArabCommAph051689293Vols,51,258,397,111,100
219,40,448,ArabCommAph051931955Vols,17,115,521,313,93
219,40,448,ArabCommAph052132655Vols,10,57,471,312,91
219,40,448,ArabCommAph053356462,13,954,1365,316,92
219,32,481,ArabCommAph052065228Vols,13,126,612,329,83
219,330,461,ArabCommAph052065228Vols,14,939,1483,105,23
219,63,396,GRAR000052,2,1178,1520,260,94
219,40,448,ArabCommAph051688866Vols,29,948,1357,312,91
219,40,473,ArabCommAph052131329Vols,5,228,645,321,91
219,40,448,ArabCommAph052131919Vols,64,700,1112,315,92
219,40,448,ArabCommAph052844770,27,1081,1500,315,91
219,168,345,ArabCommAph052844770,29,1242,1558,109,43
219,235,361,ArabCommAph052097758Vols,15,803,1181,94,31
219,40,448,ArabCommAph051689293Vols,20,886,1298,315,92
219,119,213,ArabCommAph051689293Vols,23,1383,1477,72,98
219,213,361,ArabCommAph051689293Vols,26,440,633,113,72
220,959,1567,ArabCommAph052844770,69,200,746,99,13
221,374,993,ArabCommAph051931955Vols,8,35,713,289,41
221,374,555,ArabCommAph052132655Vols,3,1416,1597,143,94
221,374,580,ArabCommAph052065149,5,413,637,148,79
221,374,555,ArabCommAph052065228Vols,6,1270,1451,143,94
221,374,555,ArabCommAph051688866Vols,21,922,1103,143,94
221,374,766,ArabCommAph052131329Vols,3,723,1101,173,42
221,363,555,ArabCommAph052131919Vols,31,899,1090,146,89
221,641,1093,ArabCommAph052131919Vols,34,113,688,186,30
221,374,555,ArabCommAph052844770,13,1175,1356,143,94
221,374,580,ArabCommAph051689293Vols,13,416,621,143,85
222,109,930,ArabCommAph051931955Vols,10,915,1596,341,40
222,1299,1636,Shamela0002573,2297,158,393,165,59
222,580,1042,GRAR000070,14,854,1071,123,33
222,60,765,ArabCommAph052132655Vols,5,937,1600,246,34
222,765,1064,ArabCommAph052132655Vols,6,1,793,227,35
222,1047,1543,Shamela0010706,119,1359,1776,324,80
222,681,1042,ArabCommAph052065149,11,1394,1531,110,37
222,18,1064,ArabCommAph053356462,12,679,1352,424,47
222,113,1042,ArabCommAph052065228Vols,9,216,809,383,49
222,60,1042,GRAR000052,2,94,639,348,41
222,109,1042,ArabCommAph052132317Vols,7,447,1499,347,32
222,48,1042,ArabCommAph051688866Vols,25,396,1392,391,34
222,674,1042,ArabCommAph051688866Vols,27,1,529,283,66
222,109,1064,ArabCommAph052131329Vols,4,150,728,392,50
222,670,1034,ArabCommAph052131919Vols,43,341,1086,284,47
222,681,1042,ArabCommAph052131919Vols,53,555,964,150,31
222,631,787,ArabCommAph052844770,19,1444,1576,104,82
222,787,1076,ArabCommAph052844770,20,1,666,231,43
222,709,962,ArabCommAph052844770,21,252,615,132,41
222,705,1031,ArabCommAph052844770,22,64,718,162,27
222,644,1034,ArabCommAph052844770,24,1338,1509,124,39
222,569,1042,ArabCommAph051689293Vols,16,89,582,320,78
223,213,728,ArabCommAph051931955Vols,10,955,1596,173,26
223,1189,1609,ArabCommAph051931955Vols,13,47,554,287,65
223,1134,1430,ArabCommAph052065977,4,1281,1581,201,81
223,1206,1519,ArabCommAph052132655Vols,7,406,729,250,95
223,1,138,Shamela0010706,120,44,223,108,74
223,1200,1602,ArabCommAph052065149,11,1132,1495,191,57
223,213,731,ArabCommAph053356462,12,854,1224,159,35
223,1206,1519,ArabCommAph053356462,13,523,834,247,96
223,283,731,ArabCommAph052065228Vols,9,247,699,157,30
223,1206,1546,ArabCommAph052065228Vols,11,29,358,252,90
223,993,1519,GRAR000052,2,595,1120,279,55
223,251,731,GRAR000052,2,197,526,159,37
223,1145,1446,ArabCommAph052132317Vols,8,644,940,201,82
223,1206,1519,ArabCommAph051688866Vols,28,1180,1495,244,95
223,283,731,ArabCommAph052131329Vols,4,185,592,149,31
223,1206,1456,ArabCommAph052131329Vols,4,1336,1588,201,97
223,402,738,ArabCommAph052131919Vols,43,361,607,142,47
223,1206,1511,ArabCommAph052131919Vols,50,1168,1475,245,98
223,488,731,ArabCommAph052844770,20,1,154,97,49
223,1217,1511,ArabCommAph052844770,23,1051,1339,229,94
223,1224,1446,ArabCommAph052844770,24,536,958,158,45
223,1224,1511,ArabCommAph052844770,25,644,926,122,35
223,1206,1515,ArabCommAph052097758Vols,13,533,840,238,93
223,402,731,ArabCommAph051689293Vols,16,227,473,132,45
223,1206,1511,ArabCommAph051689293Vols,19,599,908,247,98
225,1101,1549,ArabCommAph051931955Vols,9,738,1170,289,72
225,1190,1442,ArabCommAph052132655Vols,5,1,253,201,99
225,1107,1442,ArabCommAph052065149,7,1049,1383,265,98
225,1107,1546,ArabCommAph053356462,12,429,884,283,68
225,1107,1442,ArabCommAph052065228Vols,7,1202,1551,261,93
225,1252,1442,ArabCommAph052065228Vols,8,273,782,150,36
225,1118,1268,GRAR000052,1,1344,1509,115,89
225,1268,1499,GRAR000052,2,1,253,162,79
225,1176,1454,ArabCommAph052132317Vols,7,1,162,111,50
225,1107,1499,ArabCommAph051688866Vols,24,526,917,284,88
225,1107,1428,ArabCommAph052131329Vols,3,1401,1626,179,69
225,1107,1442,ArabCommAph052131919Vols,36,474,821,262,93
225,1107,1442,ArabCommAph052844770,17,524,866,264,95
225,1107,1350,ArabCommAph052097758Vols,10,887,1410,193,46
225,1216,1442,ArabCommAph051689293Vols,15,1,228,182,99
226,847,1102,ArabCommAph051931955Vols,14,799,1119,164,61
226,847,1009,ArabCommAph052132655Vols,8,437,937,80,18
226,847,1004,ArabCommAph053356462,16,778,932,123,96
226,847,1004,ArabCommAph052065228Vols,22,748,903,123,96
226,858,1004,GRAR000052,3,1254,1401,116,97
226,847,1102,ArabCommAph052132317Vols,11,1294,1544,164,74
226,847,985,ArabCommAph051688866Vols,44,1500,1635,103,94
226,837,1030,ArabCommAph052131329Vols,8,517,709,135,85
226,847,1004,ArabCommAph052131919Vols,121,974,1133,125,97
226,847,1004,ArabCommAph052844770,47,195,350,117,93
226,776,1004,ArabCommAph051689293Vols,50,277,476,141,69
227,466,1070,ArabCommAph051931955Vols,14,38,532,145,25
227,1132,1329,ArabCommAph051931955Vols,16,1,191,151,94
227,1126,1329,ArabCommAph052132655Vols,9,243,442,158,95
227,1132,1329,ArabCommAph053356462,15,748,937,150,93
227,1132,1329,ArabCommAph052065228Vols,20,1209,1399,150,93
227,1143,1329,GRAR000052,3,955,1134,134,86
227,1132,1329,ArabCommAph052132317Vols,11,206,396,151,94
227,1132,1436,ArabCommAph051688866Vols,42,199,523,174,66
227,1104,1329,ArabCommAph052131329Vols,7,576,783,154,84
227,1112,1329,ArabCommAph052131919Vols,114,519,734,163,93
227,1132,1376,ArabCommAph052844770,44,1246,1470,155,77
227,226,844,ArabCommAph052844770,47,302,1100,145,16
227,1126,1329,ArabCommAph051689293Vols,46,995,1198,161,98
228,628,884,Shamela0010706,257,1057,1375,163,59
229,946,1082,ArabCommAph052132655Vols,17,963,1099,111,100
229,1,102,ArabCommAph052065149,29,1118,1219,78,99
229,1,102,ArabCommAph052065228Vols,81,483,590,76,90
229,1,110,ArabCommAph052132317Vols,18,984,1096,70,72
229,1,110,ArabCommAph052132317Vols,70,663,766,72,85
229,946,1082,ArabCommAph051688866Vols,55,559,695,111,100
229,1,110,ArabCommAph051688866Vols,137,307,420,71,80
229,946,1082,ArabCommAph052131329Vols,11,607,742,110,99
229,1,102,ArabCommAph052131919Vols,543,659,760,79,100
229,946,1082,ArabCommAph052844770,63,1298,1434,109,98
229,946,1082,ArabCommAph051689293Vols,64,1230,1366,111,100
229,1,102,ArabCommAph051689293Vols,65,637,738,79,100
229,1,102,ArabCommAph051689293Vols,196,272,377,70,84
230,19,516,Shamela0010704,2675,1149,1556,135,29
230,8,871,ArabCommAph051931955Vols,49,202,681,293,42
230,8,580,ArabCommAph052132655Vols,24,380,779,250,52
230,8,580,ArabCommAph053356462,26,1146,1493,249,54
230,8,580,ArabCommAph052065228Vols,40,883,1512,259,39
230,351,580,GRAR000052,6,1035,1259,163,89
230,8,438,ArabCommAph052132317Vols,28,334,679,143,35
230,422,580,ArabCommAph051688866Vols,77,1,158,121,96
230,8,580,ArabCommAph052131329Vols,17,954,1336,248,53
230,340,580,ArabCommAph052131919Vols,258,966,1209,186,96
230,340,630,ArabCommAph052844770,89,902,1207,189,79
230,378,591,ArabCommAph052844770,91,134,699,116,25
230,340,564,ArabCommAph052097758Vols,46,134,766,171,34
230,340,580,ArabCommAph051689293Vols,98,791,1030,186,97
231,508,905,ArabCommAph051931955Vols,152,974,1355,294,90
231,508,905,ArabCommAph052132655Vols,70,691,1072,294,90
231,508,905,ArabCommAph053356462,62,125,537,293,87
231,508,875,ArabCommAph052065228Vols,117,751,1116,276,92
231,519,858,GRAR000052,22,552,890,259,93
231,508,872,ArabCommAph052132317Vols,110,1061,1430,286,94
231,508,866,ArabCommAph051688866Vols,186,943,1305,278,94
231,562,681,ArabCommAph051688866Vols,187,333,994,85,15
231,661,858,ArabCommAph051688866Vols,188,220,502,119,54
231,508,905,ArabCommAph052131329Vols,40,880,1248,283,86
231,508,858,ArabCommAph052131919Vols,790,659,1018,278,94
231,508,905,ArabCommAph051689293Vols,272,558,968,297,89
231,637,760,ArabCommAph051689293Vols,274,467,753,73,32
234,743,965,Shamela0010706,111,972,1190,177,95
235,97,599,Shamela0011566,140,326,1104,356,54
235,11,421,Shia001432Vols,19457,338,1344,302,36
235,97,860,Shamela0010706,151,387,1396,525,60
235,165,860,ShamAY0035929,408,432,1042,264,39
235,113,860,JK009278,1077,248,1115,395,49
236,928,1079,ArabCommAph051931955Vols,127,1332,1503,114,81
236,933,1066,ArabCommAph053356462,55,7,141,105,95
236,928,1079,ArabCommAph052065228Vols,99,650,810,120,91
236,944,1073,GRAR000052,18,1035,1169,99,88
236,933,1066,ArabCommAph052132317Vols,92,785,918,103,94
236,933,1073,ArabCommAph051688866Vols,161,759,897,107,92
236,933,1079,ArabCommAph052131329Vols,31,884,1026,113,95
236,933,1063,ArabCommAph051689293Vols,236,1071,1201,104,97
237,863,1258,ArabCommAph051931955Vols,130,1158,1558,314,92
237,863,1140,ArabCommAph052132655Vols,61,1355,1630,221,97
237,863,1271,ArabCommAph053356462,55,998,1411,326,93
237,863,1508,ArabCommAph052065228Vols,102,686,1496,352,47
237,874,1258,GRAR000052,19,244,629,295,91
237,857,1208,ArabCommAph052132317Vols,94,1217,1569,283,97
237,863,1274,ArabCommAph051688866Vols,164,949,1374,324,91
237,863,1274,ArabCommAph052131329Vols,32,926,1342,302,83
237,851,1258,ArabCommAph052131919Vols,695,1056,1454,311,90
237,863,1258,ArabCommAph051689293Vols,240,36,433,320,96
239,1212,1576,ArabCommAph051931955Vols,132,1085,1467,280,90
239,1212,1652,ArabCommAph052132655Vols,62,532,959,297,79
239,1212,1613,ArabCommAph053356462,56,38,469,291,83
239,1212,1524,ArabCommAph052065228Vols,103,1365,1652,224,89
239,1261,1535,ArabCommAph052065228Vols,104,213,970,172,27
239,1223,1613,GRAR000052,19,633,1020,275,83
239,1212,1348,ArabCommAph052132317Vols,95,1506,1640,106,97
239,1348,1652,ArabCommAph052132317Vols,96,1,427,208,60
239,1170,1515,ArabCommAph051688866Vols,165,1297,1623,244,88
239,1258,1462,ArabCommAph051688866Vols,166,200,596,157,50
239,1212,1567,ArabCommAph052131329Vols,33,157,501,269,95
239,1212,1576,ArabCommAph052131919Vols,703,597,981,285,92
239,1212,1576,ArabCommAph052097758Vols,101,314,1260,236,31
239,1212,1576,ArabCommAph051689293Vols,242,121,503,278,89
240,555,770,GRAR000052,19,812,915,74,44
241,1095,1221,Shamela0010704,175,1308,1423,77,79
241,1084,1221,ArabCommAph052132655Vols,74,984,1128,93,79
241,1084,1195,ArabCommAph053356462,65,746,846,77,89
241,1084,1195,ArabCommAph052065228Vols,125,1023,1128,81,94
241,1095,1195,GRAR000052,23,1157,1251,72,94
241,1084,1195,ArabCommAph051688866Vols,195,1084,1184,77,89
241,1084,1195,ArabCommAph051689293Vols,290,946,1049,79,91
242,694,802,ArabCommAph052132655Vols,78,1093,1210,84,90
242,694,802,ArabCommAph052065228Vols,132,1101,1218,77,81
242,694,808,ArabCommAph052132317Vols,123,685,819,85,80
242,694,802,ArabCommAph051688866Vols,206,559,677,83,88
242,694,797,ArabCommAph052131919Vols,868,1493,1605,76,83
242,694,802,ArabCommAph051689293Vols,310,1367,1484,83,89