ms1,b1,e1,id2,ms2,b2,e2,ch_match,matches_percent
1,372,1056,Shamela0000722,92,1179,1599,325,58
1,1056,1602,Shamela0000722,93,0,320,247,55
1,1087,1602,Shamela0006947,147,391,737,279,66
1,388,1602,Sham19Y0026523,2088,129,806,521,52
1,1193,1527,Sham19Y0005414,273,817,988,135,50
1,388,1251,JK007528,1,219,1393,308,25
1,1193,1353,Sham19Y0036072,316,1463,1614,121,94
1,388,1142,MMS00013,763,1073,1561,381,62
1,1198,1602,MMS00013,764,0,228,180,55
1,388,1516,MMS00013,1199,893,1539,511,56
1,1193,1562,ShamAY0032247,128,907,1112,140,47
1,388,883,Shamela0026484,327,950,1123,137,34
2,0,1611,Shamela0000722,93,320,1334,627,43
2,0,323,Shamela0006947,147,737,943,166,63
2,850,1187,Shamela0006947,147,1067,1332,210,78
2,0,372,Sham19Y0026523,2088,806,1060,197,65
2,842,1393,Sham19Y0026523,2088,1104,1539,285,59
2,896,1187,JK007528,1,435,1281,166,25
2,442,614,JK007528,2,0,302,105,43
2,185,1005,JK010370,43,237,673,246,34
2,950,1521,Sham19Y0020762,1811,648,975,101,17
2,0,1400,Sham19Y0036072,317,138,694,438,38
2,0,1611,MMS00013,764,228,1248,631,44
2,0,1611,MMS00013,1200,74,1094,631,44
2,950,1611,ShamAY0032247,128,1129,1311,150,27
2,185,950,JK006907,32,109,528,274,42
3,811,1414,JK009320,55,683,1036,168,31
3,927,1407,Shamela0036515,2693,1324,1525,122,32
3,934,1414,Shamela0003118,6978,0,149,113,29
3,811,1414,Shamela0023789,1361,855,1072,171,35
3,16,288,Shamela0000722,93,1162,1488,157,51
3,288,1414,Shamela0000722,94,12,700,376,37
3,1111,1414,Shamela0008505,279,655,760,80,33
3,927,1414,Shamela0008505,557,208,417,128,33
3,927,1165,Shamela0022881,16,1059,1164,84,44
3,927,1414,Rafed0000212,64,86,295,128,33
3,927,1414,Sham19Y0000760,1084,312,470,116,29
3,927,1165,Sham19Y0014579,2749,1382,1487,81,42
3,416,1414,Shamela0006947,148,0,569,414,52
3,811,1414,Shamela0006947,7500,138,357,167,34
3,344,570,Shamela0006947,8970,1547,1663,82,46
3,927,1414,Shia002185Vols,853,1018,1227,127,33
3,927,1414,Shia002185Vols,3681,1071,1227,122,31
3,927,1414,JK009325,148,565,719,115,29
3,927,1414,Shia002378,184,724,932,125,32
3,927,1414,Sham19Y0145334,1170,1149,1358,127,33
3,927,1165,ShamAY0009682,26,1196,1301,84,44
3,927,1414,JK000911,1489,386,595,166,42
3,927,1232,Shamela0006909,33,549,758,119,44
3,66,1414,Sham19Y0026523,2089,148,1116,580,50
3,437,978,Sham19Y0005414,273,1084,1204,90,20
3,927,1165,JK001269,77,472,577,84,44
3,23,1414,JK007528,2,91,1328,559,38
3,66,233,JK010370,43,559,832,89,41
3,927,1414,JK010370,43,832,1041,164,41
3,811,1414,Sham19Y0020762,1690,773,1117,172,32
3,811,1165,Sham19Y0020762,1811,868,1299,131,28
3,927,1414,Shamela0010283,1208,982,1137,118,30
3,927,1414,Shamela0010283,4648,1182,1393,166,42
3,117,1414,Sham19Y0036072,317,680,1489,606,58
3,16,347,MMS00013,764,1076,1519,212,52
3,347,1414,MMS00013,765,0,630,333,34
3,16,450,MMS00013,1200,922,1468,286,59
3,450,1414,MMS00013,1201,63,484,262,32
3,174,505,ShamAY0032247,128,1311,1530,172,65
3,756,1362,ShamAY0032247,129,21,346,255,52
3,756,1414,Shamela0023785,55,723,993,183,35
3,934,1414,ShamAY0007299,2192,0,148,113,29
3,927,1414,ShamAY0007299,4828,67,223,120,31
3,927,1414,JK010491,391,162,410,90,20
3,124,1414,Shamela0005449,187,688,1497,506,45
3,927,1414,Shamela0011758,62,677,833,116,29
3,450,1414,Shamela0028174,222,1194,1465,213,27
3,450,1396,JK000927,4818,1167,1570,268,33
3,802,1414,JK006907,32,804,1082,217,44
3,16,351,JK006907,32,582,813,131,48
4,236,581,Shamela0000722,94,700,1135,180,46
4,40,726,Shamela0006947,148,569,804,174,32
4,236,721,Sham19Y0026523,2089,1116,1485,180,42
4,524,726,Sham19Y0005414,273,1204,1316,89,55
4,315,581,JK007528,3,0,378,152,43
4,285,515,Sham19Y0020762,1811,1080,1245,101,57
4,59,726,Sham19Y0036072,318,0,209,161,30
4,236,581,MMS00013,765,630,1066,184,47
4,236,581,MMS00013,1201,484,920,184,47
4,236,726,ShamAY0032247,129,346,507,128,32
4,236,581,JK000927,4819,18,514,206,46
4,40,581,JK006907,32,1134,1302,93,22
5,364,999,JK010611,89,387,921,305,56
5,364,902,Shamela0001535,816,470,755,169,35
5,1204,1440,Shamela0008505,593,326,834,169,41
5,1286,1496,JK007143,127,109,788,153,28
5,1229,1496,JK006912,93,199,572,138,40
5,451,717,Sham19Y0020973,8,545,741,99,46
5,364,910,Shamela0029882,273,1005,1182,133,30
5,421,897,JK009225,190,1135,1296,127,33
5,1262,1503,Shamela0006905,16,372,645,170,79
5,364,897,JK010729,205,974,1460,161,31
5,421,717,JK010729,206,26,408,134,42
5,1229,1381,Shia002378,134,1115,1218,78,66
5,421,897,Shia002378,321,718,879,127,33
5,421,897,Sham19Y0016435,316,125,285,125,32
5,421,897,Sham19Y0026523,6386,879,1039,127,32
5,1084,1396,JK010727,19,1304,1515,158,63
5,1229,1440,Shamela0010521,249,1134,1344,149,85
5,1136,1496,Masaha003390Vols,443,774,1132,233,81
5,421,897,Sham19Y0020762,822,5,384,213,50
5,396,539,Shamela0006944,119,0,143,106,95
5,254,999,Sham19Y0014786,157,742,1437,365,51
5,421,609,Shamela0001687,8038,744,1288,129,30
5,421,897,Hindawi059507481,41,589,751,126,33
5,1229,1381,Sham19Y0016421,36,972,1094,81,69
5,254,531,Sham19Y0029600,182,232,443,88,35
5,1094,1496,JK010748,6,186,760,234,49
5,1084,1440,MMS00013,2053,419,729,180,59
5,1229,1386,JK000974,261,911,1069,104,79
5,421,897,Shamela0026536,827,1327,1482,121,31
5,1229,1440,Shamela0000636,9,1291,1403,82,50
5,421,897,AOCP20251104066,17,1036,1199,124,32
5,421,897,Sham19Y0036110,249,1351,1510,123,32
6,0,1423,Shamela0008505,593,844,1478,407,34
6,1036,1502,Shamela0008505,594,0,309,181,49
6,88,388,JK007143,128,939,1260,82,20
6,1006,1373,JK007143,129,35,357,86,18
6,599,1114,JK007143,130,1129,1525,95,15
6,242,505,JK007143,130,148,434,67,19
6,1218,1477,JK007143,132,44,531,89,18
6,0,388,JK006912,93,582,902,198,56
6,1055,1477,JK006912,94,68,610,172,34
6,440,662,Sham19Y0018254,667,914,1053,66,38
6,440,654,Rafed0003793Vols,390,1164,1272,85,50
6,206,632,Shia002185Vols,3842,1265,1462,127,38
6,440,632,Shia002185Vols,3940,999,1329,74,29
6,0,707,JK009325,892,917,1329,170,26
6,0,388,Shamela0006905,16,645,979,200,55
6,792,1480,Shamela0006905,17,79,726,215,26
6,1055,1477,JK001296,53,93,364,115,27
6,0,1272,JK010727,20,111,1397,409,26
6,0,277,Shamela0010521,249,1352,1520,130,59
6,277,1502,Shamela0010521,250,0,699,448,44
6,434,654,Masaha003390Vols,160,340,454,87,50
6,0,374,Masaha003390Vols,443,1320,1570,147,43
6,155,1167,Masaha003390Vols,444,657,1553,244,19
6,899,1477,Masaha003390Vols,445,125,658,158,22
6,440,662,JK007140,4128,0,172,71,42
6,0,1477,Sham19Y0020762,1895,675,1501,461,38
6,388,493,Sham19Y0016946,629,184,530,81,29
6,440,584,Shamela0001687,2944,1254,1493,80,42
6,155,654,Shamela0001687,3306,1182,1342,87,21
6,0,388,JK010748,6,771,1096,153,37
6,1006,1373,JK010748,6,1096,1392,94,25
6,206,1477,JK010748,7,139,1467,317,20
6,440,632,JK000718,8,452,569,66,45
6,0,845,MMS00013,2053,739,1212,275,39
6,1323,1484,MMS00013,2053,1265,1475,92,54
6,382,654,Shamela0000636,10,0,112,85,39
7,42,732,Shamela0000722,97,1301,1513,162,28
7,732,1568,Shamela0000722,98,0,613,358,48
7,1243,1575,JK007143,661,258,435,141,51
7,42,760,Shamela0005416,51,587,826,169,29
7,168,770,Sham19Y0020762,1565,1371,1592,164,33
7,770,1575,Sham19Y0020762,1566,0,428,282,41
7,1243,1575,Sham19Y0016714,640,74,255,140,50
7,713,1575,Shamela0021525,78,0,478,329,47
7,1243,1575,Shamela0005449,209,1113,1293,140,50
7,1243,1575,Shamela0005449,236,840,1020,140,50
7,1243,1575,Shamela0005449,258,871,1051,140,50
7,168,792,JK000927,1681,1207,1586,178,28
7,168,1575,JK007514,12,589,1257,436,38
8,744,1132,Shamela0001535,859,1213,1432,170,54
8,0,1251,Shamela0000722,98,509,1552,514,43
8,1251,1558,Shamela0000722,99,0,263,171,68
8,107,1007,Sham19Y0017724,521,800,1574,402,44
8,0,1558,JK007143,661,435,1258,547,44
8,1187,1302,JK007143,2706,1172,1287,85,93
8,0,1302,Sham19Y0133417,66,318,1297,576,51
8,162,452,Shamela0029882,286,746,911,122,53
8,107,452,Shia002378,276,278,499,171,62
8,1406,1558,Hindawi052963131,8,1191,1346,114,91
8,0,1558,Sham19Y0020762,1566,428,1480,634,48
8,0,1558,Sham19Y0016714,640,255,1259,654,49
8,216,665,Sham19Y0148535,151,71,291,145,41
8,0,1027,Sham19Y0150966,1829,876,1569,433,50
8,0,1302,Shamela0021525,78,478,1507,567,47
8,1400,1558,Shamela0021525,79,21,180,121,94
8,1187,1302,ShamAY0007299,4706,923,1038,85,93
8,1229,1558,ShamAY0007299,4836,554,779,168,64
8,430,1558,Shamela0005449,210,0,666,441,49
8,0,1027,Shamela0005449,236,1020,1534,352,43
8,1075,1558,Shamela0005449,237,0,379,253,65
8,0,859,Shamela0005449,258,1051,1525,314,46
8,994,1558,Shamela0005449,259,0,416,283,63
8,0,162,JK010743,59,242,393,82,64
8,398,1558,JK007514,13,0,1089,544,49
9,12,588,Shamela0000722,99,329,634,226,49
9,0,480,JK007143,661,1258,1480,178,46
9,12,588,JK009365,580,61,273,161,35
9,12,588,Shia002351,192,1127,1543,319,69
9,608,1565,JK010747,77,667,1252,381,46
9,12,588,Shia002378,273,773,1191,325,70
9,12,361,JK001001,24,1312,1557,193,68
9,12,367,Sham19Y0011151,141,428,680,199,69
9,12,588,Sham19Y0122257,2267,920,1226,239,51
9,635,815,Hindawi074291969Vols,244,110,244,105,72
9,12,588,Shamela0007380,92,471,776,241,52
9,635,1565,JK010732,120,80,1282,538,49
9,12,588,Tafsir06051,223,915,1347,325,68
9,12,588,JK009362,255,1221,1392,129,28
9,12,594,Sham19Y0020762,1567,13,234,170,36
9,0,119,Sham19Y0016714,640,1259,1384,96,95
9,126,588,Sham19Y0016714,641,0,257,152,36
9,0,367,Shamela0021525,79,180,444,211,71
9,0,119,ShamAY0007299,4836,779,898,96,100
9,5,588,Shamela0005449,210,673,1040,248,48
9,5,588,Shamela0005449,237,386,753,248,48
9,5,588,Shamela0005449,259,423,790,248,48
9,635,1565,Shamela0006904,7,2,1271,539,47
9,12,361,Sham19Y0020891,172,797,1047,195,68
9,0,367,JK007514,13,1089,1368,209,68
10,480,1566,Sham19Y0017724,110,1091,1531,291,32
10,480,1566,JK007143,3041,634,1088,274,29
10,1015,1379,Tafsir07055,158,1155,1270,93,31
10,0,451,JK010747,77,1252,1576,191,46
10,0,438,Shamela0023735,1918,319,634,179,44
10,1011,1206,Sham19Y0005361,42,390,637,86,32
10,1015,1379,JK010001,154,473,588,93,31
10,0,391,JK001296,167,128,438,171,46
10,1011,1251,Sham19Y0120922,283,511,671,120,61
10,536,1566,JK010732,33,980,1378,281,33
10,1011,1200,Shamela0037492,37,431,624,102,58
10,536,1566,Sham19Y0016714,306,40,456,282,34
10,1011,1212,JK001131,506,174,305,95,57
10,1011,1220,Sham19Y0017681,337,676,863,119,65
10,536,1566,Sham19Y0150966,257,57,456,289,34
10,733,1379,Sham19Y0150966,1875,721,932,167,31
10,1011,1200,Sham19Y0150966,1876,1296,1485,101,58
10,544,1379,Sham19Y0017916,77,16,293,222,32
10,500,968,Shamela0000136,79,519,1078,218,39
10,1251,1379,Shamela0000136,80,560,760,75,39
10,1011,1212,JK009366,114,630,805,105,62
11,301,1172,Shamela0000563,24,1270,1563,193,27
11,307,1559,Sham19Y0017724,111,0,359,274,27
11,181,1442,JK007143,3041,1103,1507,297,29
11,181,756,JK010732,33,1393,1553,121,26
11,843,1559,JK010732,34,6,324,206,36
11,181,1559,Sham19Y0016714,306,474,949,322,29
11,181,1559,Sham19Y0150966,257,471,914,326,29
11,181,1442,Sham19Y0017916,77,293,622,243,24
11,181,447,Shamela0000136,80,1175,1512,117,41
11,599,1116,Shamela0000136,81,160,850,174,25
11,1367,1559,Shamela0000136,82,120,383,77,33
12,362,558,Sham19Y0017724,493,1393,1547,116,69
12,350,1090,JK007143,802,317,811,362,60
12,381,1502,JK000919BK3,42,812,1570,596,65
12,396,1347,JK010747,101,135,619,319,42
12,411,667,JK009225,220,115,368,155,64
12,963,1090,Shia002185Vols,3843,32,142,85,84
12,533,1188,JK009325,273,1121,1275,121,22
12,667,836,JK001483,149,1047,1154,82,60
12,396,1531,Sham19Y0000259,1094,680,1408,560,61
12,381,1082,Sham19Y0021505,345,1035,1535,363,62
12,1082,1531,Sham19Y0021505,346,0,304,239,66
12,368,1392,JK010732,439,493,1258,581,69
12,396,1527,Shamela0005410,33,478,1256,611,66
12,396,982,Sham19Y0016714,364,985,1392,298,63
12,1082,1347,JK009283,8,1280,1488,160,75
12,945,1090,JK009245,556,0,133,101,84
12,460,778,JK001129,1,750,1507,196,31
12,1154,1542,JK001129,5,49,1393,230,21
12,533,1531,ShamAY0037893,6,32,781,524,61
12,396,1090,Sham19Y0017916,104,1021,1468,340,60
12,533,667,Hindawi096918483,30,715,849,85,78
12,396,1531,JK010491,410,240,1339,598,51
12,381,1347,Shamela0005449,186,56,692,488,62
12,368,716,ShamAY0037226,1,127,640,236,54
12,772,1332,ShamAY0037226,2,105,1545,340,28
13,576,995,JK007143,2480,882,1213,258,77
13,8,1551,JK000919BK3,43,25,993,761,61
13,656,814,JK010747,79,1022,1177,109,90
13,576,1446,JK010747,101,881,1333,349,49
13,576,814,JK009325,273,1275,1482,158,84
13,272,1551,Sham19Y0000259,1095,0,873,684,65
13,8,1551,Sham19Y0021505,346,347,1305,745,59
13,576,814,Shamela0005416,87,1095,1303,158,84
13,8,682,JK010732,439,1258,1536,218,39
13,682,1551,JK010732,440,0,594,459,65
13,8,612,Shamela0005410,33,1302,1539,181,37
13,612,1551,Shamela0005410,34,0,730,571,75
13,576,709,ShamAY0001760,76,1003,1109,84,79
13,1193,1393,JK001129,11,847,1267,97,27
13,8,1249,ShamAY0037893,6,824,1526,526,52
13,1249,1551,ShamAY0037893,7,0,228,181,74
13,8,323,JK010491,410,1382,1531,116,46
13,466,1551,JK010491,411,0,868,646,72
13,914,1504,Shamela0005449,186,736,1191,347,72
13,242,629,ShamAY0037226,4,683,1588,204,24
13,656,1037,ShamAY0037226,5,75,1348,263,25
13,1064,1209,ShamAY0037226,6,216,1187,113,14
13,1235,1551,ShamAY0037226,7,327,1576,230,22
14,0,349,JK007143,1993,606,867,209,73
14,1012,1169,JK007143,2720,1421,1563,108,84
14,1237,1568,JK007143,3183,772,1024,201,74
14,0,814,JK000919BK3,43,993,1574,455,68
14,814,1568,JK000919BK3,44,0,588,450,73
14,0,945,Sham19Y0000259,1095,873,1581,556,72
14,961,1568,Sham19Y0000259,1096,0,460,362,73
14,439,1568,Sham19Y0021505,347,0,863,671,73
14,0,1426,JK010732,440,594,1574,747,64
14,836,1012,Shamela0005410,23,575,1375,128,20
14,0,1091,Shamela0005410,34,730,1569,654,74
14,1091,1568,Shamela0005410,35,0,331,259,66
14,286,480,JK001129,14,487,1427,133,17
14,516,721,JK001129,15,402,1290,140,19
14,925,1162,JK001129,17,493,1453,160,20
14,0,1568,ShamAY0037893,7,228,1400,902,71
14,0,940,JK010491,411,868,1572,551,72
14,956,1568,JK010491,412,0,465,351,70
14,203,343,ShamAY0037226,8,1140,1438,96,40
14,430,784,ShamAY0037226,9,549,1518,249,31
14,784,1335,ShamAY0037226,10,106,1529,384,33
14,1364,1611,ShamAY0037226,11,337,1116,151,23
14,1237,1416,JK006907,216,237,387,113,78
15,830,1288,Shamela0023789,641,156,334,101,26
15,1000,1128,Shamela0000736,3387,268,421,100,82
15,839,1288,Sham19Y0017724,392,342,527,134,35
15,863,1436,JK007143,2953,265,519,189,40
15,5,806,JK000919BK3,44,603,1111,388,60
15,1000,1128,JK000585,1679,356,477,87,86
15,863,1288,JK006912,91,329,531,154,44
15,830,1288,Shamela0006905,18,945,1238,162,42
15,1000,1128,Shamela0000558,92,518,643,89,89
15,0,806,Sham19Y0000259,1096,471,932,352,54
15,0,806,Sham19Y0021505,347,874,1385,391,60
15,830,1436,Hindawi079072819,88,235,634,210,36
15,1000,1136,JK010727,28,1090,1214,94,86
15,823,1288,JK010732,437,1189,1391,147,37
15,0,806,JK010732,441,102,615,395,60
15,1027,1128,Masaha003390Vols,273,626,727,78,98
15,863,1436,JK010766,222,543,799,187,40
15,211,502,Shamela0005410,29,497,1266,147,23
15,0,806,Shamela0005410,35,342,855,397,60
15,450,577,JK001129,22,47,583,90,21
15,0,294,ShamAY0037893,7,1411,1578,131,55
15,294,806,ShamAY0037893,8,0,344,266,62
15,863,1288,Shamela0021525,396,1170,1373,151,44
15,863,1436,JK000919BK1,352,767,1056,191,41
15,1000,1128,JK000919BK1,361,244,422,100,70
15,830,1436,Shamela0000136,208,13,430,220,37
15,0,806,JK010491,412,476,987,388,59
15,158,723,ShamAY0037226,12,211,1440,349,33
15,830,1436,JK006907,79,416,755,203,40
16,1301,1469,Hindawi048607936,41,395,508,85,64
16,845,1136,Shamela0023789,641,381,648,163,70
16,24,1136,JK007143,2953,564,1553,458,41
16,459,902,Shamela0009773,3568,1248,1501,122,28
16,845,1136,JK006912,91,575,1099,165,38
16,1301,1469,JK006912,92,869,979,85,63
16,1021,1246,JK009225,417,613,1094,92,25
16,505,1528,JK009325,927,931,1262,172,20
16,845,1246,Shamela0006905,17,1014,1416,198,52
16,1289,1469,Shamela0006905,18,370,498,91,63
16,360,845,Shamela0006905,19,33,700,190,28
16,845,1246,Sham19Y0000259,1100,764,1132,150,42
16,845,1003,Shamela0026552,128,1187,1291,72,58
16,845,1136,Hindawi079072819,88,678,1203,166,38
16,1301,1469,Hindawi079072819,89,965,1075,85,63
16,845,1301,Shamela0028181,29,688,1285,151,28
16,360,951,JK010344,659,780,940,117,24
16,1214,1469,JK010732,438,1264,1509,134,56
16,791,1136,JK010732,438,257,526,142,50
16,24,611,JK010766,222,844,1497,283,45
16,791,1525,JK010766,223,126,1032,452,55
16,19,615,Sham19Y0020762,1100,656,1020,240,47
16,510,1469,Sham19Y0020762,1101,376,1189,234,20
16,840,1525,Sham19Y0020762,1102,92,532,272,50
16,1301,1469,Shamela0021525,398,26,139,85,62
16,24,412,JK000919BK1,352,1101,1374,135,44
16,412,1474,JK000919BK1,353,90,1449,513,39
16,165,1149,Shamela0000136,208,484,1444,357,34
16,1199,1528,Shamela0000136,209,15,287,97,31
16,24,1131,JK006907,79,798,1531,369,35
16,1199,1469,JK006907,80,5,212,123,58
17,50,160,Hindawi048607936,40,1051,1162,83,95
17,45,209,JK000294,23,126,291,127,97
17,38,214,Shamela0023789,641,636,818,116,82
17,50,209,Sham19Y0017724,392,635,793,124,98
17,850,1314,JK007143,2734,586,790,153,41
17,45,256,JK007143,2954,92,303,166,98
17,0,209,Shamela0009773,3569,212,529,136,54
17,50,209,JK006912,91,1254,1417,105,83
17,820,1314,JK009325,779,517,747,161,41
17,4,309,Shamela0006905,18,168,626,206,57
17,850,1314,Shamela0006905,55,533,819,154,36
17,50,209,Sham19Y0000259,1100,1339,1498,109,88
17,50,209,Shia002378,48,380,538,120,95
17,45,160,JK001296,53,733,848,89,96
17,502,833,JK010646,206,1178,1533,186,53
17,850,958,Masaha004568Vols,327,1206,1314,81,96
17,45,209,JK010732,438,874,1039,113,87
17,0,285,JK010766,223,1087,1439,222,78
17,50,160,Shamela0037487,311,948,1058,87,100
17,50,160,Shamela0001687,329,1476,1586,84,97
17,1211,1314,Sham19Y0017681,376,755,912,80,64
17,315,1448,Sham19Y0150966,433,584,1140,351,38
17,624,1314,Shamela0021525,211,0,375,241,41
17,50,209,Shamela0021525,397,571,730,108,86
17,850,1261,MMS00013,1994,589,739,115,36
17,0,309,JK000919BK1,354,325,721,245,77
17,0,309,Shamela0000136,209,287,611,206,79
17,506,833,JK000974,81,770,1019,167,59
17,760,952,Sham19Y0018147,528,345,614,121,55
17,506,1448,JK000927,5069,334,867,314,38
18,82,803,JK009325,779,741,963,169,29
18,82,636,Shamela0006905,55,813,1044,125,28
18,96,803,Sham19Y0150966,433,1140,1357,168,29
18,82,803,Shamela0021525,211,369,591,173,30
18,589,803,JK006907,15,81,244,89,53
19,494,861,Shamela0023775,371,954,1106,122,41
19,494,808,JK010611,84,1374,1473,78,31
19,91,861,JK010734,118,1107,1379,208,34
19,494,861,Shamela0000678,75,212,420,122,35
19,99,1022,JK007143,2734,845,1164,253,34
19,494,671,JK010747,60,847,1002,86,63
19,494,671,Shamela0009429,1939,849,955,83,59
19,99,1012,Shamela0006905,55,654,1444,203,19
19,494,861,JK010729,201,1145,1354,129,44
19,494,808,Sham19Y0018194,30,1376,1531,120,48
19,494,861,Shamela0036082,29,300,509,129,44
19,506,808,Sham19Y0020762,2099,0,143,112,47
19,99,531,Shamela0005372,73,1279,1448,76,23
19,614,855,Shamela0005372,74,66,171,82,42
19,494,861,JK010738,84,233,385,122,41
19,494,861,JK010738,277,204,411,120,35
19,99,1549,Shamela0021525,211,648,1053,314,27
19,494,874,JK001477,401,569,732,124,40
19,494,861,MMS00013,1994,857,1066,129,44
19,494,861,Shamela0023785,48,1019,1228,126,43
19,494,808,Sham19Y0018147,528,667,766,78,31
19,494,861,JK006919,314,163,314,120,40
19,494,835,JK000927,5085,1355,1537,107,40
19,99,861,JK000927,5091,462,795,179,30
19,494,1022,JK006907,15,301,612,166,40
20,875,1528,JK000882,351,252,885,223,35
20,719,1474,JK007143,600,774,1315,207,27
20,695,1277,JK007143,1639,934,1536,323,55
20,1277,1420,JK007143,1640,0,172,100,71
20,727,1135,Sham19Y0014075,832,1190,1560,249,70
20,1135,1399,Sham19Y0014075,833,0,296,177,69
20,792,1533,Sham19Y0000760,269,44,774,432,62
20,727,1266,Shamela0006896,130,1069,1588,370,79
20,782,1474,Hindawi039141640,14,28,699,277,41
20,733,1528,JK009225,158,636,1422,541,79
20,139,377,JK009325,779,1174,1284,86,45
20,687,1386,AOCP20251104137,76,950,1602,377,59
20,1211,1474,Shamela0023358,1973,575,784,115,53
20,792,1528,Sham19Y0150964,294,442,1166,428,62
20,766,1528,Shamela0011253,53,252,922,193,25
20,984,1537,Shamela0006897,259,666,1046,195,43
20,1258,1528,JK010635,61,0,275,132,58
20,733,1474,JK010625,19,410,835,227,38
20,1218,1537,Masaha003390Vols,127,0,385,184,55
20,782,1295,Sham19Y0150966,587,1184,1383,132,31
20,99,377,Shamela0021525,211,1045,1180,99,44
20,909,1420,Kraken220216061222,464,119,645,207,42
20,792,1528,JK001477,400,662,1389,429,62
20,1005,1528,MMS00013,787,0,287,198,46
20,613,1434,Shamela0023785,49,67,846,585,83
20,699,1036,JK000927,5077,1226,1532,215,73
20,1036,1453,JK000927,5078,0,410,324,95
20,687,1207,JK000239,84,1078,1497,290,67
20,1207,1474,JK000239,85,0,277,211,94
20,867,1399,Shamela0010262,296,0,412,227,46
20,1104,1528,JK009366,26,405,822,178,47
21,177,571,Sham19Y0017724,174,1443,1577,103,32
21,171,952,JK006912,79,1116,1387,209,33
21,1135,1266,JK009325,1646,749,906,96,77
21,1246,1515,JK009325,1647,18,670,166,32
21,1282,1492,Shamela0000492,41,568,1103,105,25
21,171,285,Sham19Y0150966,432,1301,1415,91,99
21,270,952,Shamela0021525,209,5,181,139,25
21,114,952,JK000927,5080,788,1558,322,35
22,20,896,JK006912,79,1387,1571,140,19
22,1153,1517,JK006912,80,13,119,77,27
22,20,1517,Shamela0021525,209,181,489,232,19
22,20,907,JK000927,5081,453,931,221,26
23,299,615,Sham19Y0017724,174,1330,1439,85,33
23,299,615,JK007143,1642,358,467,86,34
23,865,1068,JK006912,79,968,1116,108,66
23,19,354,JK006912,80,119,390,87,21
23,299,623,Sham19Y0016714,596,685,957,98,27
23,850,1068,JK010738,339,510,664,115,65
23,16,683,Sham19Y0150966,433,194,502,175,32
23,19,1068,Shamela0021525,209,489,1067,280,30
23,299,620,ShamAY0007299,4729,122,243,90,34
23,1197,1317,Shamela0005449,129,662,837,72,53
23,16,354,JK000927,5081,1315,1551,149,50
23,568,1068,JK000927,5082,0,613,203,32
24,276,455,JK006962,479,225,418,117,71
24,282,509,JK000849,562,127,319,122,65
24,0,1446,JK007518,7,15,894,303,21
24,272,532,Masaha003390Vols,244,917,1327,147,42
24,311,455,Shamela0001687,5211,98,245,102,79
24,286,441,Shamela0023790,112,489,638,105,80
24,282,434,JK000919BK1,437,584,732,112,85
24,0,120,Shamela0005449,129,748,880,62,62
24,657,957,Shamela0005449,129,900,1493,153,33
24,286,509,Sham19Y0013249,229,757,947,129,70
25,1134,1313,JK007143,2166,1252,1428,131,92
25,226,1063,JK007518,7,944,1218,200,30
25,1134,1452,JK007518,8,155,535,234,76
25,1313,1452,JK010766,236,1400,1542,105,87
25,1191,1452,Shamela0021525,197,0,300,191,77
25,226,1452,Shamela0005449,130,124,1101,427,32
25,1004,1405,Shamela0009427,32,0,224,85,22
26,427,741,Sham19Y0020562,2561,524,675,92,37
26,211,527,JK007143,2584,635,1176,199,46
26,390,748,JK007518,8,1159,1448,154,51
26,748,1532,JK007518,9,0,485,304,45
26,390,872,Shamela0000790,73,1127,1477,241,61
26,1049,1228,Shamela0021525,196,1086,1267,137,94
26,211,1470,Shamela0021525,197,344,1497,587,46
26,211,390,Shamela0005449,130,1147,1374,135,73
26,390,1532,Shamela0005449,131,171,898,468,48
26,211,437,JK006908,87,411,601,87,36
27,136,964,Sham19Y0000259,1117,188,928,497,70
27,1100,1500,Hindawi079072819,70,0,317,246,76
27,136,605,JK007518,15,927,1469,353,80
27,605,964,JK007518,16,0,476,253,65
27,1147,1500,JK007516,3,178,456,171,51
27,136,773,Shamela0021525,199,735,1508,460,73
27,773,964,Shamela0021525,200,0,192,146,95
27,1141,1500,Shamela0021525,315,1027,1305,174,51
27,1124,1500,Shamela0005449,91,544,840,180,52
27,136,522,Shamela0005449,117,317,482,109,35
27,136,964,Shamela0005449,135,361,1327,608,78
28,664,1009,Shamela0023775,838,363,521,128,45
28,155,292,Shamela0023735,2744,1383,1497,89,81
28,791,1009,Sham19Y0005361,17,1049,1157,87,49
28,155,1613,Hindawi079072819,70,319,1209,517,39
28,155,1176,JK007516,3,458,1466,353,30
28,1205,1613,JK007516,4,0,153,117,35
28,155,292,JK010731,27,24,137,89,82
28,155,292,Shamela0021525,315,1305,1416,88,81
28,429,1613,Shamela0021525,316,23,657,424,41
28,155,1184,Shamela0005449,91,840,1536,383,39
28,1222,1613,Shamela0005449,92,0,156,123,38
29,340,565,JK010749,118,1404,1572,133,74
29,15,119,Shamela0023789,258,473,577,82,100
29,238,395,Shamela0005502,18,1188,1298,89,70
29,319,724,JK010724,166,694,826,93,29
29,15,119,JK010638,148,1031,1135,82,100
29,18,119,Shamela0005448,205,1034,1135,80,100
29,15,119,Shamela0005446,853,570,674,82,100
29,15,119,Shamela0009429,200,1034,1138,82,100
29,340,737,JK009325,802,712,1117,267,74
29,15,119,JK009325,804,813,917,81,99
29,340,449,JK008250Vols,26,162,271,84,98
29,238,724,Sham19Y0021505,226,430,594,133,33
29,488,724,JK010637,293,0,241,152,79
29,842,1342,Shamela0005416,17,718,1046,257,64
29,238,395,JK001296,18,101,211,89,70
29,340,724,Shamela0006909,27,536,646,88,28
29,449,580,Shamela0006909,78,403,535,94,89
29,15,119,Sham19Y0029560,492,916,1020,82,100
29,15,623,Hindawi079072819,70,1209,1479,176,36
29,241,777,Hindawi079072819,71,0,334,242,55
29,15,724,Shamela0028181,20,222,677,313,55
29,15,119,JK010552,292,593,697,82,100
29,15,119,Shamela0012396BK2,4,1116,1474,82,29
29,15,119,Shamela0007853,888,1133,1237,82,100
29,15,119,Shamela0001000,508,198,302,82,100
29,15,119,Masaha003390Vols,71,308,412,82,100
29,65,724,JK007516,4,156,615,297,56
29,176,586,Sham19Y0020762,539,219,616,217,52
29,238,724,Sham19Y0020762,1633,712,827,89,22
29,340,737,Sham19Y0014786,149,1151,1275,87,27
29,15,724,JK009230,458,732,1512,394,53
29,15,119,Shamela0010283,1496,1376,1480,82,100
29,15,119,Shamela0007326,6,256,360,82,100
29,15,724,Shamela0021525,316,657,1312,380,59
29,319,724,Sham19Y0020986,51,297,424,91,28
29,15,119,JK010568,124,613,717,82,100
29,340,569,Shamela0010548,701,866,1096,94,34
29,449,623,JK000974,69,1224,1372,110,77
29,15,119,JK010676,54,130,234,82,100
29,238,565,Kraken22021606121201,945,512,743,180,67
29,15,119,Shamela0010614,165,488,592,82,100
29,238,724,Shamela0005449,82,773,1053,218,56
29,15,724,Shamela0005449,92,156,810,341,49
29,15,119,Shamela0095696,132,861,965,82,100
29,172,724,Sham19Y0018147,526,250,475,141,31
29,15,119,JK006919,288,794,898,82,100
29,449,565,Sham19Y0026183,497,1090,1206,92,99
29,231,724,JK006908,12,39,643,275,53
30,419,570,Sham19Y0016826,1872,212,325,91,74
30,1300,1548,Shamela0005416,55,1298,1425,100,50
30,419,570,Sham19Y0017116,2289,68,181,91,74
30,1300,1548,Shamela0021525,319,737,865,95,48
30,1279,1548,Shamela0005449,98,343,485,103,47
31,1258,1430,Sham19Y0017724,419,1372,1494,94,67
31,1258,1443,Shamela0023735,3083,698,833,110,72
31,826,1024,JK009225,350,970,1108,103,66
31,1258,1538,JK009325,561,506,640,103,46
31,1258,1566,JK007516,6,540,743,148,60
31,61,871,JK007516,12,678,1050,266,42
31,1258,1566,Sham19Y0016714,761,410,728,156,52
31,1258,1566,Sham19Y0029600,165,840,1034,136,55
31,1350,1538,Sham19Y0150966,1366,764,901,111,72
31,1242,1566,Shamela0021525,318,1315,1535,153,56
31,0,1235,Shamela0021525,319,827,1322,354,35
31,1258,1538,ShamAY0007299,4478,578,712,104,46
31,1242,1566,Shamela0005449,95,1219,1429,152,58
31,942,1235,Shamela0005449,98,724,942,161,68
31,0,540,Shamela0005449,98,448,719,185,42
31,1258,1538,Hindawi030536269,565,1157,1291,104,46
31,1258,1538,JK000927,1228,516,649,103,46
32,960,1334,Sham19Y0017724,420,503,822,178,52
32,176,1175,JK007143,1625,660,1417,323,34
32,176,724,Shamela0010508,8,321,569,138,30
32,176,423,LAL2017040401,55,760,898,75,38
32,176,1312,JK007516,6,778,1421,292,29
32,0,1101,Sham19Y0016714,761,728,1429,308,29
32,684,1334,Sham19Y0016714,762,29,165,100,19
32,301,724,JK009230,459,988,1263,179,52
32,176,724,Shamela0021554,10,728,991,137,30
32,324,1334,Shamela0021525,319,33,706,323,33
32,960,1344,Shamela0023785,32,1314,1420,74,25
32,176,389,Shamela0005449,95,1461,1565,79,46
32,389,1339,Shamela0005449,96,0,621,276,30
32,176,423,JK006908,12,1353,1491,107,54
32,985,1334,JK006908,13,0,113,88,32
33,1203,1487,JK009228,220,980,1192,158,69
33,287,469,JK003609,5851,977,1159,139,97
33,292,1331,Sham19Y0017724,166,584,1506,606,68
33,1331,1487,Sham19Y0017724,167,0,155,118,91
33,292,394,JK007143,2334,1430,1531,79,99
33,394,1487,JK007143,2335,0,1032,668,68
33,4,274,JK007143,2336,27,342,167,62
33,712,992,Shia003634Vols,1419,460,836,138,34
33,282,825,JK010737,8,1070,1201,95,23
33,1203,1487,JK009325,892,155,416,207,88
33,661,882,JK009325,1203,1293,1456,110,64
33,325,825,Sham19Y0017726,1946,252,373,76,19
33,282,759,Hindawi080746828,35,682,805,89,24
33,1203,1383,JK010344,368,375,532,114,80
33,292,741,JK007516,14,1073,1443,245,69
33,741,1479,JK007516,15,0,650,402,62
33,292,825,Shamela0005421,155,917,1038,91,22
33,287,836,Shamela0005421,156,832,969,97,23
33,712,992,Sham19Y0020762,445,1007,1285,219,97
33,287,1487,Sham19Y0016714,430,408,1400,694,70
33,1203,1383,JK010738,252,391,548,107,76
33,292,1203,Sham19Y0150966,421,447,1377,592,71
33,505,642,Sham19Y0150966,549,56,195,84,76
33,4,1218,Shamela0021525,330,367,1483,681,63
33,1218,1487,Shamela0021525,331,0,248,185,84
33,292,414,ShamAY0007299,4841,787,909,95,100
33,282,793,Shamela0005449,99,1069,1494,252,56
33,793,1487,Shamela0005449,100,0,673,464,77
34,0,228,JK009228,220,1192,1420,171,91
34,0,322,Sham19Y0017724,167,155,477,251,96
34,0,322,JK007143,2335,1032,1304,197,75
34,389,590,Sham19Y0017726,177,1115,1480,137,48
34,389,1507,JK007516,7,90,763,492,55
34,0,322,JK007516,15,645,924,199,74
34,54,329,Sham19Y0016714,431,0,283,213,91
34,389,513,Sham19Y0016714,565,1180,1306,94,96
34,54,265,JK010738,252,548,705,112,66
34,342,1507,Shamela0021525,327,227,924,518,54
34,0,322,Shamela0021525,331,248,570,235,89
34,342,1507,Shamela0005449,88,589,1277,513,54
34,0,322,Shamela0005449,100,673,996,236,90
34,389,509,JK006910,248,484,612,94,93
35,1338,1611,JK010646,185,828,1087,119,40
35,33,1197,JK007516,7,773,1473,425,43
35,1197,1451,JK007516,8,0,236,171,81
35,197,371,Sham19Y0016714,1234,1303,1423,87,61
35,1053,1391,JK010738,387,810,915,80,29
35,20,1157,Shamela0021525,327,916,1509,394,43
35,1153,1451,Shamela0021525,328,7,275,200,84
35,20,559,Shamela0005449,88,1269,1545,165,38
35,611,1451,Shamela0005449,89,3,610,425,59
36,298,1390,Sham19Y0017724,182,313,853,260,24
36,941,1405,JK009325,792,156,383,165,43
36,414,1390,Shamela0006911,25,432,871,303,38
36,1231,1395,JK000147,297,1173,1368,122,78
36,398,1390,Shia002378,250,10,304,225,27
36,817,1390,JK010637,292,1150,1472,263,56
36,1390,1542,Shamela0005416,17,1225,1384,86,64
36,414,1400,Shamela0028181,20,697,1096,320,39
36,1231,1390,JK000439,42,1332,1490,121,95
36,1231,1390,Shamela0003328,42,1189,1345,121,94
36,6,1390,JK007516,8,239,912,509,45
36,817,1390,Sham19Y0020762,2087,1216,1371,125,26
36,941,1363,Sham19Y0020762,2166,569,863,191,57
36,1231,1353,Sham19Y0016714,565,1315,1439,95,93
36,817,1390,Sham19Y0014786,29,717,1090,254,54
36,298,479,Shamela0025837,228,44,171,99,64
36,1231,1395,Shamela0009182,81,1097,1290,122,78
36,1231,1395,Shamela0009182,507,825,986,123,93
36,1134,1390,JK010738,288,913,1068,115,56
36,162,1390,Sham19Y0029600,42,485,1034,297,26
36,6,1400,Shamela0021525,328,275,960,497,43
36,162,479,Shamela0009856,922,1459,1642,147,56
36,1134,1390,Shamela0010548,702,200,355,119,57
36,6,1400,Shamela0005449,89,610,1291,488,43
36,414,1390,JK006910,60,853,1455,241,23
36,1134,1395,JK010777,40,674,891,174,82
36,941,1376,JK006908,11,1323,1575,196,56
37,899,1050,Shamela0025837,405,966,1069,74,62
38,123,303,Shamela0023789,475,275,384,82,58
38,123,303,Shamela0023790,181,581,690,85,60
38,123,303,JK007537,23,584,692,83,58
38,123,307,Shamela0023785,37,128,241,83,58
39,958,1537,JK010732,101,1034,1540,328,61
40,0,552,JK010732,102,16,370,228,49
41,795,1528,JK007143,1141,0,600,429,70
41,384,525,Sham19Y0120922,573,382,535,84,69
41,567,800,JK010629,101,1309,1530,157,75
42,16,328,JK010566,122,1018,1443,207,59
42,324,803,JK010566,123,0,467,336,86
42,1041,1347,JK010732,105,7,192,142,56
42,134,1001,JK010629,102,26,1072,657,78
43,201,1689,JK010732,105,282,746,361,30
44,35,450,Shamela0006911,49,172,309,110,33
44,1108,1466,Shamela0005416,24,738,897,110,37
44,214,1040,JK010732,105,789,1069,205,31
47,900,1111,Masaha004743,120,1303,1448,112,67
47,391,802,JK010670,21,447,815,82,16
47,391,1484,JK010747,168,756,1363,448,51
47,900,1060,Shamela0023735,1472,344,438,69,56
47,391,1531,JK010732,104,641,1341,541,59
47,900,1111,Masaha003390Vols,234,29,173,111,66
47,900,1111,Sham19Y0020762,1562,1323,1489,115,69
47,391,1531,JK001095,4,319,973,506,55
47,569,861,ShamAY0007299,4611,224,454,106,41
48,661,1305,Shamela0037488,187,610,1397,413,60
48,739,1301,Hindawi039141640,45,651,1346,387,65
48,25,586,JK010732,104,1335,1575,171,37
48,25,586,JK001095,4,967,1206,168,37
48,666,1223,Shamela0021525,335,954,1504,299,59
48,773,1301,Kraken22021606121201,1698,0,550,375,81
48,712,1319,JK000927,4680,484,1128,420,78
48,1394,1518,JK000927,4684,1086,1220,98,91
49,918,1547,Kraken220415100046Vols,1443,1240,1481,173,34
49,133,281,Shia002378,98,72,224,87,66
49,674,1547,JK010732,85,83,380,233,32
49,133,246,Meshkat00042485,5366,146,286,81,75
49,97,641,Sham19Y0020762,1906,915,1348,234,47
49,0,154,JK000927,4684,1220,1379,118,94
49,176,646,JK000927,4685,157,727,334,71
50,110,1021,JK010732,85,376,1139,374,39
51,0,1020,Shamela0009250,229,571,804,176,21
51,72,1442,JK007143,1861,0,451,339,30
51,0,1513,JK010732,83,331,928,446,36
51,969,1105,JK007140,5935,1318,1417,74,68
52,409,1066,Sham19Y0017724,155,43,291,185,36
52,438,1562,JK007143,438,63,453,291,32
52,0,287,JK007143,1861,456,599,103,45
52,422,1562,JK010732,82,750,1300,425,46
52,447,1116,Sham19Y0016714,240,973,1250,199,38
52,506,1562,Shamela0021525,338,6,416,314,36
52,403,1116,Shamela0023785,79,989,1264,207,37
52,907,1562,JK000927,4681,446,872,249,41
53,343,851,Shamela0005446,494,794,938,111,27
53,972,1438,JK010732,82,19,199,144,38
53,460,859,JK010732,83,0,195,156,48
53,337,820,Sham19Y0150966,390,297,559,168,44
53,0,820,Shamela0021525,338,416,818,271,39
53,910,1132,Shamela0021525,344,0,160,98,52
53,0,859,JK000927,4681,872,1271,314,45
54,518,1066,Hindawi079072819,131,731,877,116,26
54,0,1409,JK010732,82,199,664,368,32
55,391,1565,JK010732,86,250,904,445,47
55,1063,1565,Shamela0021525,341,526,814,189,46
56,0,483,JK010732,86,904,1204,232,59
56,478,1479,JK010732,89,282,769,370,45
56,79,478,Shamela0021525,341,814,1073,201,63
57,901,1668,Kraken220415100046Vols,1202,723,1045,252,40
57,753,1668,JK010732,84,704,1092,306,40
57,0,711,JK010732,89,787,1028,188,32
57,743,1241,Shamela0021525,345,637,860,144,36
57,758,1241,Kraken22021606121201,1701,416,630,137,35
57,1275,1668,JK006910,96,616,771,128,39
57,758,1241,JK000927,4679,955,1168,143,37
58,166,1561,JK010732,84,1092,1494,321,28
58,472,1462,JK006910,96,777,1480,240,22
59,552,1451,Sham19Y0017724,282,230,599,242,33
59,552,1368,JK007143,3131,608,1033,231,36
59,1124,1361,JK000916,4139,116,516,99,27
59,547,1318,JK006912,19,189,507,223,36
59,552,682,Shia002378,73,909,1016,80,75
59,1210,1451,Sham19Y0020762,2231,440,641,148,77
59,1227,1451,Sham19Y0020762,2232,0,185,137,76
59,319,459,Sham19Y0148535,115,861,971,80,69
59,552,675,Shamela0021525,336,1262,1362,70,69
59,552,682,Sham19Y0018147,533,1226,1333,73,68
59,552,1368,JK000927,4686,129,739,241,28
60,281,943,JK009234,47,959,1604,206,25
60,609,712,Shamela0023789,777,341,444,72,90
60,894,1249,Shamela0009250,223,817,1009,82,23
60,609,1605,Shamela0006947,148,867,1343,382,47
60,609,943,Shamela0023735,1878,710,861,117,44
60,368,1605,JK010732,90,0,756,384,34
60,269,491,AOCP20251104101,81,1191,1369,131,71
60,609,1249,JK010766,130,833,1126,156,26
60,330,736,Shamela0000492,15,919,1373,176,44
60,609,943,Shamela0021525,344,473,624,117,44
60,609,1249,JK000919BK1,147,163,459,166,32
60,337,536,ShamAY0007299,4598,195,349,103,63
60,281,1605,JK007502,3,58,1001,412,30
61,1078,1205,JK006962,629,970,1178,80,46
61,1085,1218,Shamela0023358,402,441,614,89,60
61,1085,1205,Shamela0001687,6553,570,853,78,33
61,124,572,Shamela0000136,149,760,1094,154,39
61,1221,1645,Shamela0010614,111,430,648,134,40
62,1076,1562,Shamela0000790,65,409,549,106,27
62,205,1578,Shamela0000136,150,191,1350,405,27
63,270,1139,Shamela0000136,151,0,578,302,36
66,14,700,JK007143,773,325,1138,293,34
66,813,987,JK010729,198,1294,1464,119,87
66,746,987,Shamela0021525,542,781,972,129,68
67,896,1507,Hindawi048607936,168,1127,1288,114,23
67,896,1507,JK007143,774,107,378,158,31
67,997,1119,Shamela0001687,9213,368,815,91,25
67,896,1170,JK010629,84,1005,1177,96,44
67,896,1507,JK000927,315,1053,1484,332,68
68,35,639,Sham19Y0017724,459,28,274,194,39
68,958,1164,JK007143,774,461,619,81,49
68,337,639,JK000778,332,959,1148,150,60
68,337,639,JK000533,749,987,1127,113,45
68,337,639,Shamela0023700,803,1073,1263,150,60
68,593,828,Shamela0023735,790,1095,1281,143,75
68,337,639,JK009225,393,359,515,125,50
68,337,639,Shia003461Vols,293,678,867,148,60
68,597,732,Sham19Y0013609,412,1189,1366,107,75
68,337,579,Sham19Y0016714,1130,1126,1294,68,33
68,337,511,Sham19Y0150966,1498,766,887,99,68
68,958,1333,Sham19Y0150966,1728,90,299,119,39
68,958,1333,JK007531,2,219,430,116,38
68,958,1333,JK000927,316,27,235,124,41
68,35,828,JK000927,319,885,1481,476,73
69,216,1032,Shamela0008505,296,327,694,224,31
69,216,1032,Sham19Y0017724,502,582,849,149,21
69,220,692,JK007143,774,679,873,143,38
69,458,797,JK009325,1036,0,145,114,41
69,216,1032,Shamela0005372,120,961,1324,271,41
69,455,1032,Sham19Y0150966,1728,145,699,168,27
69,455,911,JK007531,2,271,481,85,22
69,366,797,Shamela0023785,101,308,457,115,33
69,647,1040,JK000974,132,1041,1258,116,30
69,455,797,AOCP20251104066,2,460,608,115,41
69,455,1032,JK000927,316,82,548,165,29
70,424,788,Shamela0001003,148,718,1092,250,79
70,566,788,JK010621,194,135,360,158,90
70,572,782,Shamela0003118,1491,1336,1547,151,91
70,572,788,Shamela0012398,261,124,339,154,87
70,424,788,JK003609,2665,307,693,249,78
70,572,788,JK009229,1147,1198,1416,162,94
70,506,788,JK000415,193,1087,1326,126,55
70,572,788,Shamela0023789,1378,856,1074,170,98
70,566,788,Shamela0023789,1393,1174,1401,173,94
70,572,788,JK009237,1833,602,763,109,63
70,446,788,Shamela0008505,298,81,372,181,67
70,572,788,Sham19Y0017724,503,5,223,153,90
70,879,1333,Sham19Y0017724,521,83,342,194,52
70,572,762,ShamAY0033598,182,1277,1469,138,91
70,432,678,JK007143,775,1329,1576,139,67
70,491,678,Shamela0009773,1318,74,313,109,59
70,572,788,Shamela0009773,3388,725,941,162,95
70,424,788,JK010724,1,988,1404,213,62
70,572,788,Shamela0004445,3808,360,578,153,90
70,554,678,Sham19Y0018608,51,755,866,81,83
70,496,678,JK000533,590,874,1061,134,89
70,577,678,Shamela0000432,5747,0,101,80,100
70,572,788,JK009390,4509,103,320,159,92
70,630,788,Shamela0023735,2092,6,165,121,96
70,572,788,Shia002185Vols,2387,1072,1288,171,99
70,550,788,Sham19Y0020761,62,591,823,162,87
70,572,788,Shia003461Vols,428,182,400,157,92
70,539,678,Shia003461Vols,429,114,243,89,82
70,554,788,Shamela0000558,341,19,249,171,92
70,424,736,JK008250Vols,620,1244,1515,157,54
70,424,788,Sham19Y0000259,1166,223,521,216,71
70,491,678,Shamela0023358,729,436,597,104,72
70,550,788,Sham19Y0021505,257,117,359,172,89
70,572,678,Shia002378,174,1047,1153,78,94
70,597,788,Shamela0004473,5524,140,330,85,44
70,424,788,JK001296,29,799,1291,209,54
70,566,788,Shamela0005406,217,945,1169,168,95
70,554,788,Shamela0006909,22,8,179,125,68
70,572,788,Sham19Y0029560,522,942,1159,154,89
70,506,788,Hindawi079072819,68,59,380,199,77
70,566,678,JK010635,51,1081,1195,81,91
70,424,736,Sham19Y0023644,2723,940,1387,177,50
70,424,788,JK010370,81,695,958,161,54
70,572,788,Shamela0001000,1443,255,472,162,93
70,572,678,JK000955,131,506,612,84,100
70,572,788,Sham19Y0016714,1228,531,811,162,73
70,566,788,JK001095,11,957,1183,155,88
70,572,788,Shamela0026560,15,946,1166,156,90
70,424,788,Shamela0010283,634,173,465,187,62
70,539,788,JK009245,187,507,747,171,87
70,566,678,JK010738,335,1098,1210,86,97
70,572,678,JK010738,373,1006,1112,78,94
70,424,678,Sham19Y0016421,132,974,1271,151,62
70,572,788,JK008001,1181,1062,1275,157,92
70,891,1372,JK007531,3,1126,1420,221,56
70,572,788,JK007531,16,71,293,158,89
70,566,788,Shamela0009091,330,383,612,156,86
70,554,678,Sham19Y0016934,6384,510,621,85,87
70,566,788,Sham19Y0016934,8339,242,479,168,89
70,496,788,JK000302,2282,1065,1364,188,78
70,577,788,Sham19Y0127677,3433,162,372,154,92
70,879,1372,Sham19Y0020949,148,301,728,113,24
70,424,678,Shamela0023785,101,513,908,154,48
70,572,779,ShamAY0007299,4864,1284,1492,156,95
70,539,678,ShamAY0007299,4883,172,317,98,84
70,572,674,JK010752,58,1396,1497,75,93
70,674,788,JK010752,59,0,114,89,98
70,572,678,Hindawi094061468,281,1169,1275,81,97
70,539,678,AOCP20251104066,11,606,734,92,84
70,424,788,Shamela0026484,265,939,1300,270,91
70,566,788,JK009139,8385,755,993,170,90
70,572,678,Sham19Y0020891,4587,691,797,84,100
70,301,554,JK000927,316,541,900,141,40
70,539,788,JK000927,317,440,670,176,89
70,572,788,JK000927,318,555,772,168,97
70,572,678,Rafed0003799Vols,2426,638,744,78,94
70,554,788,Shamela0008243,9,696,934,163,87
70,572,678,Shamela0012406,1341,772,878,82,98
70,589,788,Shamela0012406,1342,0,201,139,89
71,897,1338,Shamela0001535,2764,1120,1256,94,26
71,1086,1520,Shamela0008505,297,983,1211,173,49
71,1086,1497,Sham19Y0020762,428,1342,1546,147,44
71,897,1426,Sham19Y0016714,1149,1251,1529,195,45
71,207,774,Shamela0025837,530,298,617,99,17
71,897,1592,Shamela0005372,120,114,617,377,67
71,1086,1520,Sham19Y0150966,1827,497,862,239,62
71,906,1575,JK007531,3,0,519,310,52
71,63,854,JK007531,4,54,338,191,31
72,88,618,JK010637,76,542,774,179,42
72,1140,1562,JK010738,289,499,719,117,34
72,767,1562,JK007531,3,610,902,168,25
72,572,1194,Shamela0026484,218,1237,1389,109,21
73,1258,1593,Shamela0008505,295,0,177,142,51
73,1399,1593,JK009325,795,0,116,93,58
73,1239,1593,JK010729,189,1031,1229,156,54
73,1112,1593,Hindawi014252850,76,1109,1357,196,50
73,787,1593,Hindawi071490515,54,472,884,326,50
73,1088,1294,Shamela0028181,20,1421,1547,86,51
73,1112,1593,JK010766,459,429,677,192,49
73,1422,1593,Sham19Y0020762,560,7,207,80,46
73,787,1468,JK007531,1,1046,1371,238,43
73,1112,1593,JK000919BK1,327,884,1209,193,42
73,1112,1593,Shamela0026484,218,326,571,183,47
73,1112,1593,JK000927,324,313,628,203,48
74,0,256,JK010749,119,605,760,121,58
74,31,256,Shamela0003118,1490,936,1060,96,52
74,31,256,Shamela0026350,49,428,550,96,52
74,0,420,Shamela0008505,295,177,389,160,47
74,31,420,Zaydiyya0000077Vols,344,881,1061,130,42
74,31,256,Shamela0005502,6,770,894,97,53
74,31,256,JK007063,370,403,527,96,52
74,0,262,Shamela0004445,3809,282,444,122,57
74,0,656,Shamela0005446,501,669,936,197,36
74,0,1047,Shamela0006947,16907,656,914,195,23
74,31,256,Shamela0001002,1666,1167,1291,96,52
74,31,420,JK009325,794,1313,1495,135,43
74,0,656,JK010729,189,1229,1495,194,36
74,0,420,Hindawi014252850,76,1357,1570,167,49
74,31,420,Sham19Y0000259,1166,7,189,134,43
74,0,1047,Hindawi071490515,54,884,1310,330,39
74,31,256,JK007082,454,263,387,97,53
74,0,631,Sham19Y0021505,256,1365,1550,142,27
74,31,256,Shamela0006909,21,232,356,95,52
74,31,256,Sham19Y0026523,2809,729,853,95,52
74,0,256,Shamela0028181,21,77,231,124,59
74,31,256,Hindawi050926304,225,421,545,95,52
74,0,256,Sham19Y0023644,2725,1063,1218,121,58
74,31,420,Shamela0026525,4,774,955,133,42
74,31,420,JK000049,11,578,759,132,42
74,31,256,LAL2017040401,17,43,167,97,53
74,0,1020,JK010766,459,677,1127,326,40
74,31,420,JK007001,610,367,546,130,42
74,31,656,Sham19Y0020762,39,364,603,160,31
74,0,240,Sham19Y0020762,559,1234,1511,106,34
74,1086,1195,Sham19Y0016714,1166,716,827,86,96
74,0,1047,JK009230,600,1103,1363,198,23
74,0,420,JK009230,674,117,329,155,46
74,31,256,JK010738,280,1081,1263,103,56
74,31,403,JK007054,265,1296,1462,121,41
74,31,656,JK007531,2,20,206,126,25
74,1086,1195,JK007531,8,1327,1438,87,97
74,0,420,JK000919BK1,327,1209,1466,166,49
74,608,1047,JK000919BK1,328,0,401,147,29
74,31,256,Sham19Y0013235,79,899,1023,95,52
74,0,994,Shamela0026484,218,571,896,237,30
74,31,403,JK000927,311,1315,1480,125,41
74,0,656,JK000927,324,628,896,209,39
74,0,256,Shamela0012406,1343,92,247,121,58
74,31,656,JK006908,16,430,667,180,36
75,643,864,JK007040,539,0,422,99,30
75,860,1211,JK007531,9,397,784,158,40
76,1300,1565,JK010749,119,830,1038,118,56
76,1118,1525,JK007143,2432,497,729,127,39
76,1300,1565,AOCP20251104084,106,398,615,107,52
76,1300,1565,Shamela0005446,501,978,1187,120,56
76,1300,1565,JK009325,795,178,508,147,44
76,1300,1565,JK010637,294,1186,1475,121,47
76,1118,1520,Sham19Y0016714,1166,840,1076,122,38
76,1300,1565,JK009230,600,712,920,120,57
76,1300,1565,Shamela0010283,582,1107,1376,169,78
76,103,1041,JK010738,341,1300,1467,127,16
76,226,880,JK007531,9,842,1480,262,36
76,1118,1511,JK007531,10,0,228,116,37
76,1118,1565,JK006908,16,754,1026,212,59
77,609,742,Shamela0010551,422,592,702,85,81
77,1165,1338,JK010646,164,1189,1364,140,97
77,207,432,Sham19Y0016714,726,212,546,126,43
77,207,819,Sham19Y0150966,1782,1061,1326,181,37
77,207,1338,JK007531,4,355,1382,553,48
77,1171,1338,Shamela0028174,160,1132,1300,134,97
77,1171,1568,Shamela0026484,218,934,1158,177,54
77,1171,1568,JK006908,16,1058,1286,182,55
78,1079,1480,Hindawi079072819,71,421,617,151,47
78,616,1063,JK007531,5,8,293,181,51
78,1096,1480,JK007531,33,83,275,130,42
79,36,1236,Hindawi079072819,71,617,1246,490,51
79,36,1150,JK007531,33,320,704,276,31
80,398,1633,JK007531,23,40,624,405,40
81,600,840,JK010670,8,460,575,92,47
81,467,840,Shamela0023735,1645,63,229,132,44
81,0,1584,JK007531,23,624,1356,523,41
82,657,1114,Shamela0003118,1489,728,839,87,24
82,657,1118,Shamela0003118,4633,54,396,208,58
82,651,1114,JK000916,15826,935,1279,212,58
82,603,712,ShamAY0035884,2055,348,459,84,93
82,657,1114,JK010747,250,888,1053,112,31
82,657,1114,JK010729,77,859,970,88,24
82,657,1114,JK000911,1579,654,766,86,23
82,657,1118,Shamela0009783BK1,2944,808,923,91,24
82,597,1114,Shamela0028181,31,465,581,81,20
82,657,1114,JK010727,18,143,254,88,24
82,657,1114,JK010768,31,468,573,82,22
82,657,1118,Sham19Y0145435,679,792,907,91,24
82,657,1114,Sham19Y0023644,2724,617,728,87,24
82,657,1114,Sham19Y0023644,3476,419,530,88,24
82,657,1114,Shamela0001000,1443,1116,1226,87,24
82,657,1118,JK009230,405,1045,1217,117,31
82,232,1114,JK007531,24,17,713,443,57
82,657,1118,JK000927,3478,1127,1296,110,30
83,0,1075,Hindawi083828042,93,48,623,462,53
83,1355,1547,JK007531,11,1184,1380,115,72
83,7,1075,JK007531,26,371,1078,410,42
83,119,243,Shamela0010906,1312,604,823,62,34
83,54,867,JK000927,1002,1073,1343,207,31
84,353,566,Sham19Y0148535,155,315,491,105,55
84,146,1554,JK007531,12,9,980,643,53
85,28,1186,JK007531,12,983,1438,335,36
87,173,413,JK009325,1912,684,847,98,48
87,279,420,Sham19Y0020762,1997,69,192,79,73
87,62,1324,JK007531,6,485,1271,481,48
88,714,1093,JK007143,1224,1114,1333,162,54
88,132,469,JK007531,34,0,196,140,52
89,1072,1496,JK007143,2132,266,783,210,45
89,1072,1496,Shamela0009236,158,490,1135,281,54
89,1057,1496,Sham19Y0000760,150,34,355,169,43
89,179,445,JK007040,835,817,1221,165,49
89,174,445,JK009266,8626,218,485,112,36
89,174,445,Tafsir01005,5592,287,533,112,38
89,139,445,Shamela0001687,3042,97,384,150,52
89,1049,1496,Sham19Y0017916,165,1006,1344,209,56
89,219,445,JK000718,25,490,824,152,55
89,813,1496,Shamela0023785,100,91,610,285,48
89,912,1496,Kraken22021606121201,179,911,1498,359,73
89,956,1496,JK000927,306,34,563,348,76
89,1172,1496,JK000927,3672,8,532,168,38
90,0,568,Hindawi048607936,170,279,707,280,59
90,572,1354,Shamela0023789,159,385,1039,247,32
90,555,1394,JK007143,553,580,1137,271,39
90,0,568,JK007143,2132,783,1128,202,42
90,0,405,Shamela0009236,158,1135,1470,255,76
90,308,512,Shamela0009773,1465,1048,1198,117,72
90,0,120,Shia002185Vols,4048,524,636,77,81
90,568,1354,JK009325,1882,219,808,322,48
90,0,120,JK001296,30,1219,1331,77,81
90,681,1161,Shamela0005406,49,23,340,140,37
90,204,390,JK007531,5,1220,1411,145,94
90,0,252,Sham19Y0017916,165,1344,1536,139,66
90,458,568,Sham19Y0017916,166,15,118,82,93
90,580,1354,Shamela0023785,99,383,1147,368,50
90,0,580,Shamela0023785,100,610,1043,289,58
90,580,1354,JK000927,306,727,1301,316,48
90,308,568,JK000927,3672,1090,1312,161,78
91,61,173,Sham19Y0020562,649,36,149,88,98
91,56,173,Shamela0023789,159,1177,1295,91,97
91,56,178,JK007143,553,1310,1433,93,95
91,56,178,Shamela0009773,3538,899,1023,92,94
91,61,173,JK007531,11,645,760,89,97
91,403,1178,JK007531,19,430,1211,478,70
91,1324,1497,JK007531,28,1026,1208,133,91
91,556,709,Sham19Y0036072,211,285,388,81,67
92,868,1136,JK000882,581,341,993,184,35
92,242,431,ShamAY0038405,413,140,313,132,86
92,889,1081,JK009291,227,49,223,132,81
92,858,1008,Shamela0004445,3809,470,619,119,99
92,889,1041,Sham19Y0018254,1664,176,355,115,80
92,242,431,Shamela0023735,2904,1218,1394,130,84
92,255,431,JK009225,67,706,867,128,89
92,1168,1489,JK001296,27,1205,1414,139,56
92,882,1008,Shamela0001687,7691,692,820,98,93
92,255,431,Masaha004546Vols,202,1282,1445,121,84
92,694,1126,Sham19Y0150966,827,0,500,296,68
92,1292,1489,JK007531,31,818,982,116,75
92,889,1011,ShamAY0007299,4010,987,1113,94,93
92,889,1008,ShamAY0007299,4229,522,647,95,95
92,1279,1489,JK000927,3474,507,677,125,77
92,858,1008,Shamela0012406,1343,315,464,115,96
93,895,1059,Rafed0002209Vols,2173,19,176,109,84
93,890,1059,Shia001334,156,182,346,117,84
93,435,1059,JK003609,6290,1072,1404,196,36
93,747,890,Shamela0009773,1532,0,141,74,50
93,423,1059,Shamela0003722,7451,311,1071,298,41
93,662,1059,Rafed0000609Vols,128,295,681,243,69
93,423,1059,JK000778,1011,231,580,234,46
93,662,934,Shia002185Vols,476,1275,1528,154,61
93,428,1059,Shia002185Vols,3540,979,1325,189,34
93,428,666,Shia002185Vols,3541,722,981,150,73
93,423,1059,Shia003461Vols,547,201,504,206,40
93,919,1059,Zaydiyya0000017,158,1221,1359,105,92
93,666,924,JK010344,547,0,201,132,64
93,662,898,Sham19Y0023644,1934,594,836,132,57
93,569,890,JK010370,100,14,293,180,71
93,435,1086,Hindawi083828042,92,876,1362,271,45
93,428,1059,Shia001749,64,1086,1433,193,35
93,435,1059,Shamela0001524,2957,815,1147,196,37
93,662,1059,Shamela0010283,4208,440,725,195,61
93,662,1062,Zaydiyya0000142,2710,347,795,244,62
93,0,151,JK007531,31,1055,1209,116,94
93,662,1059,Kraken22021606121201,495,1008,1421,223,60
93,662,1059,Shia003996Vols,827,570,948,247,70
93,423,1059,Shamela0026484,25,621,970,236,46
93,662,944,Sham19Y0018147,737,457,720,150,58
93,435,849,JK000927,990,959,1316,242,74
93,463,844,JK000927,991,0,315,193,61
93,33,174,JK000927,3474,670,803,94,86
93,451,844,Shamela0000552,43,0,327,204,61