ms1,b1,e1,id2,ms2,b2,e2,ch_match,matches_percent
1,122,611,JK009333,1,258,750,396,98
3,67,792,Sham19Y0014197,83,72,1098,482,52
3,227,461,Shia003362Vols,138,1240,1724,119,29
7,302,885,Sham19Y0147062,52,562,974,195,40
8,933,1284,Sham19Y0011151,369,399,755,245,83
8,1085,1284,Sham19Y0124755,440,0,200,143,85
13,604,803,JK006705,668,1062,1301,155,81
13,604,803,Shia003928Vols,1057,1051,1287,150,80
15,1149,1551,Zaydiyya0000413Vols,1354,183,541,254,75
16,802,1029,Sham19Y0013620,989,1103,1506,140,42
16,798,1033,ShamAY0034200,198,198,568,167,57
16,0,362,Zaydiyya0000413Vols,1354,541,808,199,67
16,798,1029,JK007110,135,1196,1554,166,58
16,798,1029,Shamela0002573,1786,1068,1421,166,59
17,1228,1552,Kraken220414225509,172,1257,1577,232,84
18,188,397,JK000057,107,97,337,125,59
18,0,365,Kraken220414225509,173,77,634,265,59
18,162,365,JK000013,3,13,299,127,50
22,25,1375,AOCP20251104144,180,124,1486,968,81
23,481,1564,AOCP20251104144,181,0,1078,722,75
23,748,854,Sham19Y0149697,3668,663,769,78,93
24,0,474,AOCP20251104144,181,1078,1537,343,87
24,474,1627,AOCP20251104144,182,0,1160,872,89
25,858,1127,AOCP20251104144,182,1346,1606,207,95
25,0,201,AOCP20251104144,182,1160,1354,144,88
25,1127,1593,AOCP20251104144,183,0,471,333,79
25,1022,1127,Hindawi051519061,88,260,365,84,100
25,1022,1127,Shia004456Vols,2654,408,513,84,100
25,975,1127,Kraken220413030847,57,642,796,118,96
25,1022,1127,Shamela0023685,635,1412,1517,84,100
25,1022,1127,Shia003636Vols,13759,7,191,84,57
25,975,1127,JK007603,77,1175,1333,121,96
25,1022,1127,Shamela0026568,595,1246,1351,84,100
25,1022,1127,Shia001174Vols,5944,658,763,83,99
25,1022,1127,Hindawi081316951,173,482,587,84,100
25,1012,1127,Sham19Y0029676,592,1138,1265,89,88
25,975,1127,ShamAY0037820,70,411,719,120,49
26,6,645,AOCP20251104144,68,560,1066,183,28
26,0,1127,AOCP20251104144,183,471,1550,816,87
26,1127,1596,AOCP20251104144,184,0,425,290,68
26,288,397,Hindawi051519061,87,672,781,86,100
26,281,397,ShamAY0034059,651,1026,1164,89,81
26,288,397,Shia003636Vols,13757,1212,1403,85,56
26,288,397,JK007021,223,1306,1415,86,100
26,288,397,ShamAY0037820,69,679,886,86,52
27,0,832,AOCP20251104144,184,425,1251,644,95
27,1102,1313,Sham19Y0032194,14,507,828,133,51
28,1497,1704,ShamAY0034059,3,711,867,118,69
28,1422,1704,JK000030,46,652,860,128,57
28,1497,1708,Kraken220414225509,3,179,340,130,75
28,1497,1704,JK009174,28,672,819,111,67
28,1497,1704,Shamela0010273,944,267,430,118,65
28,1497,1704,JK009365,391,320,469,121,71
28,1497,1704,AOCP20251104112,119,1233,1384,121,72
29,1011,1610,Shamela0009823,532,16,592,388,73
29,757,992,JK009321,143,0,287,182,77
29,744,893,Kraken220218125255,426,696,844,117,96
29,741,961,Kraken220208041040,493,727,936,156,87
29,741,995,JK001160,62,637,881,184,88
29,720,992,Rafed0003943Vols,720,477,753,193,81
29,724,1002,JK011730,1185,1077,1333,187,81
29,724,893,ShamAY0035035,5965,91,256,126,92
29,720,992,Sham19Y0123663,117,1070,1341,200,90
29,724,893,JK000087,78,323,482,121,88
29,1033,1610,Kraken220414225509,80,649,1179,407,85
29,720,1011,Shamela0010273,766,488,788,211,82
29,724,969,Shamela0010273,2993,270,516,184,92
30,0,254,Shamela0009823,532,592,821,174,83
30,1353,1552,JK000170,5018,14,215,144,85
30,0,254,Kraken220414225509,80,1179,1422,194,93
31,718,1074,JK011730,583,1009,1286,199,67
31,718,1074,ShamAY0035035,7223,74,422,262,89
31,744,1060,ShamAY0035035,9172,479,723,192,74
31,748,1060,JK009237,460,392,802,237,70
31,731,1074,JK000298,3840,133,475,275,97
32,103,483,Shamela0009823,389,312,631,231,75
32,103,483,Kraken220208041038,193,817,1146,222,69
32,278,483,JK000030,159,23,179,113,70
32,268,483,Sham19Y0029560,478,553,718,124,71
32,278,483,JK006851,571,401,559,115,70
32,103,483,JK000179,555,78,394,229,75
32,119,483,AOCP20251104125,102,78,303,154,53
32,268,483,Shamela0010016,128,84,248,123,70
32,96,483,Kraken220414225509,132,601,934,244,78
32,123,487,Sham19Y0132973,172,592,837,169,59
32,123,483,Shamela0008353,493,1164,1385,152,54
32,119,483,Sham19Y0023618,1455,1053,1285,155,54
32,268,508,Sham19Y0023644,4365,429,627,119,61
32,119,483,Shamela0010273,2721,304,536,159,55
32,278,483,Shamela0009091,292,182,333,114,70
34,126,275,ShamIbadiyya0000109,7590,794,951,121,93
34,113,306,Kraken220414225509,135,533,728,138,84
35,424,1289,ShamIbadiyya0000109,7592,47,829,443,57
35,434,656,ShamAY0034059,1758,1160,1365,140,76
35,656,980,ShamAY0034059,1759,0,322,239,84
35,1371,1662,ShamAY0034059,4888,544,864,186,62
35,378,620,Kraken220414225509,135,1299,1572,168,77
35,620,1315,Kraken220414225509,136,0,926,462,58
35,1329,1662,Sham19Y0132973,78,438,817,203,59
35,1341,1494,Sham19Y0018272,1671,357,508,122,92
35,648,1242,JK000298,3841,102,562,307,63
35,359,1008,JK009365,381,281,924,431,75
35,1043,1315,JK006919,918,971,1166,149,66
36,1121,1323,Shia004456Vols,4282,931,1178,134,67
36,779,890,Sham19Y0122096,2986,52,209,85,68
36,493,890,Sham19Y0038171,1318,235,853,178,34
36,727,890,ShamAY0035035,5359,63,249,127,87
36,727,890,JK000298,3841,901,1068,118,88
36,1121,1323,Shamela0004473,6569,548,791,117,54
36,1121,1323,JK006973,50,349,615,117,50
36,1177,1323,Shamela0002241,26,896,1059,107,81
36,1121,1294,Shamela0001565,9,1242,1472,110,58
37,374,570,Shia001432Vols,23366,11,199,132,80
37,418,899,Sham19Y0149697,3872,1247,1554,218,54
37,981,1750,Sham19Y0149697,3873,0,787,537,75
37,316,570,Shia001174Vols,3063,693,900,143,68
38,0,610,Sham19Y0149697,3873,787,1381,382,66
38,1053,1375,JK000298,2825,170,465,186,66
39,0,231,JK011730,859,477,707,189,98
39,0,231,JK000298,1529,897,1126,190,99
39,835,1259,JK009333,1,750,1179,353,98
40,706,1474,JK009333,1,944,1179,188,29
41,1033,1192,JK007044,248,878,1042,118,90
41,1036,1203,JK011730,682,464,625,109,80
41,176,506,JK011730,1737,1006,1232,165,61
41,780,1192,Kraken220414225509,39,779,1186,313,93
41,191,467,Sham19Y0149697,469,980,1517,155,32
41,147,506,JK009333,1,1229,1586,289,99
43,227,360,Sham19Y0014556,114,298,432,103,94
43,1299,1441,Sham19Y0123663,169,622,764,113,98
43,227,352,Sham19Y0149697,373,414,539,99,98
43,219,352,JK000281,410,331,463,103,96
43,219,360,Shamela0021688,152,69,207,109,95
44,1314,1449,Sham19Y0014249,403,605,723,82,80
44,729,1030,JK000281,967,247,572,226,87
44,681,986,Shamela0021688,168,111,400,211,82
45,658,755,Tafsir07076,3208,361,458,76,100
45,653,755,JK007065,947,68,170,79,99
45,658,755,Sham19Y0020638,1303,906,1003,76,100
45,653,755,Shamela0023628,798,861,963,79,99
45,653,755,Shamela0025794,1436,320,422,79,99
46,1301,1489,JK009141,571,1275,1434,117,76
46,1301,1552,PV2024060602,3295,164,423,187,88
46,1304,1555,Shamela0021766,2590,0,257,186,87
46,1301,1555,Shamela0021766,4918,51,282,169,80
46,1301,1552,Sham19Y0017616,358,360,619,187,88
46,1301,1552,JK000467,2331,1070,1267,144,71
46,1181,1552,JK001012,280,518,929,270,80
46,1304,1552,JK009336,1617,619,861,182,89
46,1340,1555,Shia001432Vols,7041,25,186,113,64
46,1301,1552,ShamIbadiyya0000050,3752,317,522,157,77
46,1304,1555,JK007045,19,607,842,179,86
46,1372,1489,Sham19Y0132524,2247,1378,1497,93,95
46,1301,1552,Sham19Y0018144,2227,680,1295,180,36
46,1301,1520,Sham19Y0018144,2228,217,417,130,67
46,1283,1552,Shamela0011438,141,1177,1434,177,75
46,1278,1552,JK000137,723,565,826,189,85
46,1361,1552,JK000137,2101,923,1108,148,96
46,1304,1555,Sham19Y0122257,132,682,917,179,86
46,1304,1552,Kraken230106005528,618,94,322,161,75
46,1283,1548,Shia002264,266,30,305,195,84
46,1301,1520,JK009273,122,948,1122,137,77
46,1344,1552,JK009313,2644,284,447,124,72
46,1340,1520,JK009313,3894,4,146,105,69
46,1301,1552,Shamela0023685,391,1210,1395,143,69
46,1301,1526,Shamela0021494,355,1353,1519,128,70
46,1301,1542,JK000943,146,209,402,137,68
46,1301,1552,AOCP20251104125,12,704,911,153,76
46,1301,1552,JK001303,469,466,656,141,69
46,1331,1552,Shia000178,2,1131,1340,150,80
46,1301,1542,ShamAY0034134,848,568,805,182,93
46,1304,1520,ShamAY0034134,849,616,826,125,61
46,1335,1555,Shamela0008476,264,0,232,163,84
46,1304,1552,JK007054,268,535,799,182,86
46,1301,1552,Sham19Y0023625,1229,764,1005,185,91
46,1310,1552,JK007065,1284,0,224,171,88
46,1348,1552,Shamela0000041,1545,5,211,158,92
46,1301,1552,Sham19Y0020638,1012,748,1003,179,84
46,1301,1548,Shamela0023628,2341,151,390,176,86
46,1304,1542,Sham19Y0149697,470,692,934,180,90
46,1301,1552,ShamAY0034005,1157,1066,1245,136,67
46,1304,1552,Sham19Y0023644,103,1250,1443,129,60
46,1375,1552,Shamela0001524,2543,0,146,110,73
46,1201,1552,Zaydiyya0000015,169,155,479,221,70
46,1237,1552,Shamela0008381,478,725,1057,193,67
46,1301,1552,Kraken230110004547,272,377,598,162,77
46,1262,1548,Shamela0012293,3112,728,1053,193,71
46,1283,1552,JK000940,173,1089,1329,175,78
46,1301,1552,JK010001,1304,218,441,158,77
46,1301,1530,Masaha001946Vols,1178,904,1116,168,91
46,1301,1514,JK001249,116,1282,1490,159,92
46,1304,1555,Shia003695Vols,127,160,400,129,54
46,1301,1552,Tafsir07055,1364,504,762,188,89
46,1304,1552,JK001236,269,111,380,183,82
46,1301,1552,Sham19Y0122406,3345,746,1005,187,88
46,1304,1552,Shamela0001466,1732,588,813,174,86
46,1304,1520,JK000105,552,881,1031,116,67
46,1301,1552,JK000105,940,467,646,139,69
46,1301,1555,JK006838,1197,896,1093,146,70
46,1304,1552,Shamela0000327,24,1096,1308,166,82
46,1304,1555,Sham19Y0145212,155,1191,1426,179,86
46,1301,1542,JK000069,114,960,1198,176,89
46,1348,1552,Shia001237Vols,23,1191,1383,145,86
46,1348,1552,Shia001237Vols,1529,390,586,148,88
46,1301,1552,Shamela0001727,1263,37,296,187,88
46,1304,1552,Shamela0000107,661,810,1086,188,83
46,1245,1552,Shamela0000107,1439,681,975,137,45
46,1301,1552,JK009256BK1,2338,625,834,148,74
46,1348,1552,JK000302,462,311,476,131,79
47,1450,1558,Sham19Y0000259,681,963,1072,84,97
47,1450,1562,Kraken220208041040,253,411,525,88,97
47,1450,1562,Shamela0009702,285,594,708,87,96
47,1450,1562,JK000916,12341,1077,1191,83,92
47,881,1057,Sham19Y0014249,185,1376,1553,126,82
47,1450,1571,Shamela0000736,4056,1270,1409,86,78
47,1450,1585,Shamela0012398,255,732,863,87,83
47,1450,1558,Shamela0010906,3089,688,797,82,95
47,1450,1558,Sham19Y0023644,4485,1062,1171,83,96
47,1450,1562,Shamela0003118,3739,812,925,87,97
47,1450,1558,Sham19Y0013252,147,167,276,84,97
47,1450,1562,Shamela0021556,58,13,126,81,92
47,1450,1562,Shamela0003722,3644,189,303,86,95
47,830,1400,JK009333,2,0,576,455,96
48,114,357,Shamela0012406,2214,74,409,164,58
48,109,389,JK009301,111,944,1246,215,85
48,88,357,JK009262BK2,68,972,1208,123,52
48,114,385,Shamela0001000,688,684,976,158,57
48,109,380,ShamAY0033733,130,144,367,146,60
48,114,385,Sham19Y0149213,948,750,1001,159,62
48,92,339,Shamela0003118,3741,1177,1507,138,48
48,114,385,Shamela0003722,3645,1129,1445,157,53
48,1259,1478,Kraken22021606122504,38,813,1058,165,83
51,579,895,Sham19Y0014297,355,300,639,212,74
51,992,1638,JK000281,306,257,854,460,86
52,542,822,JK000281,402,859,1148,174,65
52,829,1311,JK000281,403,100,658,375,83
53,1160,1319,ShamAY0032443,120,674,830,123,96
53,889,996,Sham19Y0018607,169,433,539,85,99
54,427,972,ShamAY0031806,44,994,1469,188,37
54,1197,1521,Sham19Y0149697,975,649,991,242,86
55,0,345,Sham19Y0014309,1508,864,1199,246,84
55,0,258,Sham19Y0017616,75,1172,1459,206,89
55,617,1105,Shamela0001717,380,1132,1620,366,90
55,1105,1470,Shamela0001717,381,0,360,266,88
55,7,167,JK009336,1296,1305,1477,119,83
55,0,345,Shamela0011730,135,682,1049,249,82
55,0,258,JK000871,5,437,693,170,76
55,0,345,JK006889,1,1213,1558,242,81
55,7,345,Sham19Y0122096,911,289,552,181,64
55,0,345,Sham19Y0122096,2779,829,1169,242,82
55,0,345,Shamela0037458,35,995,1294,208,71
55,7,345,Sham19Y0017350,356,13,389,224,72
55,0,345,Shamela0008473,123,268,660,253,80
55,0,345,JK000381,535,737,1103,250,82
55,0,345,JK000381,1630,711,1058,236,79
55,0,249,JK000381,4318,1239,1489,172,79
55,0,345,JK000381,4320,894,1269,256,84
55,0,345,JK000381,7033,396,748,259,88
55,0,345,Shamela0008540,1001,605,953,245,81
55,7,345,JK000906,70,64,344,183,63
55,0,345,Shamela0011285,13,401,744,243,81
55,26,345,Shamela0011285,15,16,352,240,87
55,0,232,JK007104,399,1425,1647,156,78
55,0,345,Sham19Y0038171,369,1042,1394,262,89
55,0,331,Tafsir02102,17,1144,1487,250,87
55,0,345,JK000154,401,879,1225,246,82
55,0,345,Shamela0001404,176,1080,1471,264,82
55,0,345,Zaydiyya0000343,32,611,958,251,81
55,0,345,JK011153,414,809,1149,242,82
55,0,136,JK009143,6,1316,1470,104,85
55,0,345,JK007045,131,739,1075,242,81
55,0,345,Rafed0003726Vols,7,334,668,244,83
55,7,345,Sham19Y0131336,421,875,1142,187,65
55,7,325,Sham19Y0131336,605,790,1093,221,82
55,0,345,Kraken22021817402400,228,994,1295,196,67
55,0,345,Tafsir06051,3,167,519,260,89
55,0,345,ShamAY0035035,1163,358,711,262,89
55,0,136,Shamela0022642,898,41,193,103,84
55,26,345,Sham19Y0013667,1254,9,310,230,86
55,0,345,Kraken220413194022,715,691,1045,262,89
55,7,345,JK009237,6045,750,1077,233,82
55,0,345,Sham19Y0127677,1614,634,959,241,83
55,812,980,Sham19Y0020966,15,526,825,122,51
55,0,345,Sham19Y0017729,84,324,676,259,88
55,7,325,Shamela0030327,26,569,858,196,72
55,0,345,Sham19Y0014325,651,262,636,255,82
55,0,345,Tafsir07076,8,1099,1479,247,75
55,0,345,Shia002261Vols,303,414,745,238,81
55,7,345,Shamela0002300,1570,221,516,192,64
55,7,249,Shamela0002300,1618,760,1021,173,76
55,7,345,Shamela0002300,1620,70,394,231,79
55,7,345,Shamela0002300,1641,33,331,200,65
55,7,345,Shamela0002300,1754,818,1116,200,65
55,7,345,Shamela0002300,2206,844,1105,181,63
55,7,325,Shamela0012415,109,960,1312,220,72
55,12,345,JK009268,92,0,262,184,65
55,0,345,JK000216,368,299,634,238,80
55,0,345,Sham19Y0014119,76,974,1304,243,83
55,0,345,Sham19Y0013614,146,930,1273,246,82
55,0,345,Shamela0036446,157,684,1023,241,80
55,0,208,Shamela0006610,172,1344,1558,157,89
55,0,345,Sham19Y0014827,515,1108,1465,267,91
55,7,345,JK007065,1112,310,668,257,87
55,0,198,Shamela0023628,2,1269,1476,139,80
55,7,325,Shamela0006744,630,1241,1506,199,76
55,0,345,JK000484,747,65,407,248,85
55,7,345,JK009236,61,1092,1352,194,70
55,7,345,Shamela0001875,238,1000,1345,258,89
55,0,345,Sham19Y0016976,397,220,561,246,82
55,0,345,Sham19Y0023618,23,1123,1453,239,82
55,0,1276,Sham19Y0149697,975,276,1533,647,48
55,1291,1470,Sham19Y0149697,976,0,179,145,100
55,26,345,JK007006,1223,894,1356,209,52
55,7,325,ShamAY0034005,859,494,815,220,77
55,97,311,Shamela0021821,4,0,215,151,79
55,0,345,Sham19Y0017903,207,791,1148,266,91
55,16,345,Shamela0000432,5208,0,251,181,65
55,0,345,Shamela0006947,16863,747,1156,243,74
55,7,345,Shamela0012293,3111,526,835,203,67
55,0,345,Shamela0021659,900,248,578,238,81
55,0,345,JK001414,691,349,747,249,78
55,0,345,Sham19Y0017791,312,515,856,246,82
55,26,345,JK000298,3604,436,851,204,56
55,0,345,Sham19Y0017063,188,256,586,243,83
55,0,345,Sham19Y0020891,6952,52,400,242,79
55,136,345,JK009270,14,0,202,162,95
55,0,345,JK000471,392,824,1164,242,80
55,16,345,Sham19Y0122406,622,11,741,246,41
55,0,345,Kraken220413194135,143,676,1071,239,72
55,7,325,Shamela0009270,50,805,1144,228,82
55,7,345,Sham19Y0013572,1392,708,1066,255,86
55,7,345,Sham19Y0018567,764,1179,1451,165,55
55,0,345,JK009231,1362,45,410,254,84
55,7,325,Zaydiyya0000062,10,927,1218,212,79
55,7,345,JK000913,1319,1094,1434,252,87
55,46,345,Shamela0010463,27,0,288,227,94
55,7,345,JK000631,19,863,1208,226,72
55,35,227,Shamela0021537,2029,0,206,132,80
55,7,345,Shamela0000107,1501,506,739,119,45
55,0,345,Sham19Y0016953Vols,998,391,765,253,82
55,0,345,Shamela0022653,163,117,464,236,79
55,0,345,Shamela0022653,179,1049,1413,258,87
56,938,1110,Sham19Y0014297,587,72,240,127,88
56,1160,1444,Sham19Y0149697,976,280,530,194,83
57,77,417,Sham19Y0014249,186,16,261,187,64
57,1280,1628,Sham19Y0014556,113,1118,1501,249,80
57,1199,1611,Sham19Y0149697,372,1053,1512,306,82
57,473,788,Sham19Y0149697,981,247,562,253,98
57,0,417,JK009333,2,667,1077,331,96
57,1203,1628,JK000281,409,416,840,322,91
58,360,603,JK009141,459,1012,1240,158,80
58,360,595,JK009152,296,486,713,153,78
58,360,595,PV2024060602,2350,970,1228,178,87
58,442,595,Sham19Y0017616,72,10,163,118,97
58,360,533,Sham19Y0132524,529,1059,1255,126,82
58,442,570,JK000137,813,502,631,99,97
58,110,595,Sham19Y0017729,74,703,1184,222,45
58,360,595,Shamela0000767,756,906,1165,178,86
58,422,595,Sham19Y0020638,246,0,178,128,91
58,360,595,JK000484,1305,129,394,177,84
58,1190,1343,Sham19Y0149697,779,1338,1492,124,99
58,110,595,Sham19Y0017903,183,517,1008,206,39
58,360,595,Sham19Y0122406,872,603,861,178,87
58,360,509,JK009231,1064,870,1005,86,70
58,360,595,Shamela0001727,318,827,1085,178,87
60,950,1509,Shamela0036357,1066,206,822,199,30
60,603,1220,JK000629,213,917,1515,422,80
60,962,1157,ShamIbadiyya0000198Vols,2128,1229,1428,99,55
60,725,1152,Shamela0012738,28,1090,1490,309,90
60,1152,1446,Shamela0012738,29,0,259,162,63
60,827,1469,Sham19Y0018315,174,0,657,433,80
60,962,1157,ShamIbadiyya0000229,206,964,1164,98,55
60,603,1460,JK000271,16,516,1352,562,77
60,786,1148,Sham19Y0127677,3942,424,940,175,39
60,580,1157,Sham19Y0014580,243,955,1500,384,77
60,1157,1460,Sham19Y0014580,244,0,328,206,79
60,588,1114,ShamAY0034134,150,1042,1501,339,78
60,1114,1363,ShamAY0034134,151,0,259,168,79
60,853,1148,JK009137,371,493,865,153,47
60,570,1363,JK009137,374,81,838,508,75
60,846,1180,JK009390,3810,803,1335,204,46
60,786,1148,Shamela0001438,6066,613,1128,177,40
60,611,1401,JK005005,496,536,1277,497,74
60,725,1177,JK001091,6,781,1208,334,92
60,607,1067,Zaydiyya0000133,19,1112,1501,290,77
60,1067,1363,Zaydiyya0000133,20,0,315,217,82
60,872,1177,Masaha000984,6,393,965,157,34
60,603,911,Shia003101Vols,398,1169,1447,191,72
60,911,1363,Shia003101Vols,399,0,441,316,84
60,753,885,ShamIbadiyya0000476,90,0,149,99,84
61,615,841,Sham19Y0018100,788,4,171,119,64
61,318,860,Shamela0009823,668,884,1273,239,49
61,314,841,Shamela0012227BK2,26,163,695,232,45
61,510,841,JK000309,23,1340,1604,205,75
61,256,841,Kraken220413030905,338,498,1403,365,46
61,314,841,JK007130,18,816,1285,194,37
61,520,841,Zaydiyya0000162,528,316,584,170,60
61,510,841,JK000219,81,364,822,202,50
61,277,841,Shia004012,72,290,974,144,21
61,883,1385,Sham19Y0014297,197,411,889,327,77
61,318,841,Shamela0006146,29,620,1175,333,64
61,302,841,JK007135,116,408,877,247,47
61,510,841,JK000192,36,775,1088,185,60
61,302,841,JK007113,75,187,665,251,47
61,269,544,JK009139,101,1376,1556,122,53
61,544,841,JK009139,102,4,294,189,73
61,308,841,JK009298,826,754,1494,225,36
61,308,896,Sham19Y0017817,42,3,775,249,33
61,265,841,ShamAY0034059,1294,524,1330,345,49
61,520,821,Sham19Y0018315,175,769,1101,136,43
61,406,841,JK000170,80,57,503,221,51
61,520,821,Sham19Y0127677,3942,711,1009,142,47
61,520,841,Sham19Y0127677,3943,258,623,119,39
61,574,860,Sham19Y0013783,114,5,394,109,26
61,514,834,Sham19Y0014580,243,357,727,194,62
61,510,841,Sham19Y0014325,106,489,869,204,64
61,535,841,JK000179,104,0,305,184,62
61,269,841,Masaha001075,7,417,998,188,34
61,76,664,ShamAY0034134,146,990,1514,394,80
61,664,852,ShamAY0034134,147,0,186,144,94
61,520,821,ShamAY0034134,148,856,1188,136,43
61,621,841,Shamela0010517,260,0,229,123,64
61,544,860,JK009137,370,0,463,208,52
61,520,821,JK009137,371,637,934,142,47
61,982,1385,Sham19Y0023625,409,1032,1409,263,78
61,302,535,Sham19Y0023625,416,68,253,141,74
61,535,852,Sham19Y0023625,417,264,582,251,97
61,520,821,Shamela0001438,6066,900,1197,142,47
61,314,841,ShamIbadiyya0000200,27,836,1375,257,51
61,510,841,JK000272,27,1199,1453,181,66
61,510,841,Shamela0021843BK1,30,732,1007,157,48
61,654,841,ShamAY0034797,488,1112,1579,88,21
61,106,370,Shamela0000432,4852,1245,1527,198,84
61,370,841,Shamela0000432,4853,0,459,325,78
61,514,685,JK000559,99,1265,1484,126,69
61,581,841,JK000888,104,0,265,156,59
61,510,841,Shamela0021721,82,172,513,198,60
61,514,841,AOCP20251104138,19,737,1101,158,42
61,101,292,JK001249,25,1293,1484,150,96
61,292,855,JK001249,26,0,516,400,87
61,260,841,Masaha000984,6,231,945,149,19
61,535,841,JK000203,22,0,299,183,62
61,277,841,JK007073,13,528,1078,247,46
61,318,841,JK000196,433,1011,1416,237,50
61,510,841,JK009248,289,52,322,157,49
61,510,793,JK000913,351,1434,1646,152,65
61,277,841,JK005200,7,939,1491,237,44
61,514,841,Shamela0001142,107,604,976,201,64
61,283,866,Sham19Y0016934,99,495,1198,291,45
61,314,841,JK011703,22,1070,1576,241,46
61,520,841,JK007041,298,0,351,226,74
61,122,841,Shamela0021848BK1,86,76,881,394,52
62,1178,1364,Sham19Y0018100,1125,507,677,134,91
62,1201,1364,Shamela0001717,179,126,299,125,92
62,1178,1368,Shamela0008540,234,130,313,131,89
62,1178,1368,JK009265,442,106,306,146,93
62,1201,1394,ShamAY0035035,735,313,493,115,69
62,1178,1536,Sham19Y0014556,150,604,1086,257,66
62,1178,1368,Sham19Y0014556,831,535,734,146,93
62,1211,1364,Sham19Y0127677,2101,311,466,116,96
62,1178,1364,ShamAY0034134,136,879,1154,143,66
62,1178,1364,JK009137,380,563,730,128,88
62,1211,1364,JK009390,2207,1145,1299,117,97
62,1211,1364,JK009390,2328,1087,1243,116,95
62,1192,1398,JK007084,33,645,859,143,86
62,1211,1368,Sham19Y0018607,18,580,737,119,96
62,1192,1415,JK009274,918,797,1088,144,62
62,1178,1368,Shamela0004445,7212,155,355,146,93
62,1214,1368,Shamela0008544,319,600,764,117,91
62,1178,1364,Sham19Y0013571,18,917,1102,141,96
62,1211,1364,JK008001,3488,500,655,116,96
62,1178,1364,ShamAY0033975,303,503,688,142,97
62,1211,1364,Shamela0021659,1247,859,1011,116,97
62,1178,1368,JK000171,8,857,1056,146,93
62,1178,1364,Sham19Y0016599,274,265,451,143,98
63,1084,1470,JK007044,672,79,498,230,59
63,1084,1266,Sham19Y0122257,403,1389,1587,136,84
63,1266,1496,Sham19Y0122257,404,0,748,169,28
63,0,273,Sham19Y0014556,150,1203,1469,177,77
63,481,623,JK005021,32,0,127,99,88
63,1084,1483,Sham19Y0013614,100,361,824,303,82
63,1070,1470,JK000555,72,40,523,289,72
63,1070,1429,Sham19Y0023625,391,508,872,239,74
63,1070,1492,JK000298,5305,206,626,327,96
63,259,623,JK000001,259,1051,1357,177,57
64,51,544,JK000198,289,945,1457,165,30
64,14,384,Shia000922,30,891,1320,206,51
64,594,894,JK000913,255,616,1333,224,38
65,0,356,JK000080,78,7,314,207,69
65,88,804,Sham19Y0122096,4153,657,1128,309,53
65,214,337,ShamAY0033975,186,733,1100,84,28
65,88,414,JK000298,5305,1149,1461,245,93
65,414,854,JK000298,5306,0,401,318,89
66,286,1571,Sham19Y0014297,199,234,1097,295,24
66,587,983,Sham19Y0014556,137,513,851,240,71
66,593,966,Sham19Y0123663,168,289,527,129,42
66,670,953,ShamAY0034134,150,153,419,106,37
66,670,953,ShamAY0034134,152,49,651,102,18
66,726,953,Sham19Y0023625,418,432,591,86,43
66,587,772,Sham19Y0149697,299,667,844,138,91
66,1177,1571,Sham19Y0149697,386,253,578,140,38
66,670,953,JK001249,26,591,857,106,37
66,670,959,JK000105,521,235,486,102,37
66,587,989,JK000281,277,329,690,266,78
67,0,177,JK000465,2298,112,269,113,79
67,3,511,JK000080,83,705,1160,349,85
67,3,308,JK000080,539,46,348,195,76
67,0,294,JK000467,655,704,1006,204,83
67,65,177,JK007044,5903,1309,1418,81,90
67,0,177,Shamela0037458,2393,142,294,115,82
67,3,339,Sham19Y0014297,199,883,1116,171,62
67,0,198,Shamela0021765,223,832,1010,136,87
67,65,177,Shamela0001404,288,857,965,81,91
67,0,294,JK000883,306,620,877,195,83
67,0,177,Shamela0012884,3166,849,1001,115,82
67,3,308,Shamela0010517,590,834,1146,213,83
67,3,339,Shamela0010517,591,181,499,235,87
67,65,294,Shamela0036446,67,1268,1485,165,89
67,0,294,JK009137,383,40,308,185,75
67,41,294,JK009390,3614,929,1181,153,70
67,191,484,Sham19Y0023625,403,127,575,163,40
67,46,339,Sham19Y0149697,386,318,597,155,67
67,3,339,JK000637,265,530,844,239,89
67,3,177,JK000637,2239,675,836,123,89
67,0,294,ShamAY0033672,25,766,1055,202,82
68,1387,1539,JK009321,161,1197,1344,106,85
68,39,438,Sham19Y0014249,186,245,584,272,82
68,1387,1539,Shamela0004445,4688,949,1096,104,84
68,112,371,Sham19Y0149697,340,1008,1302,198,78
68,39,681,JK009333,2,1061,1652,483,90
68,1387,1539,JK000001,2783,33,180,106,85
69,1385,1605,JK000080,956,1294,1471,127,71
69,1382,1609,Shamela0008473,1009,1220,1401,124,66
69,1382,1609,JK000746,143,69,265,126,66
69,1382,1609,Shamela0008243,60,976,1164,129,70
69,1382,1640,Sham19Y0038171,1737,1125,1322,126,60
69,1382,1609,Sham19Y0146127,3568,994,1162,115,63
69,1502,1613,Tafsir02102,656,887,999,75,80
69,1382,1613,Shamela0009567,624,1019,1210,127,67
69,1385,1646,Shamela0006610,1142,184,401,145,69
69,1382,1613,Sham19Y0148271,2053,465,648,125,66
69,1385,1628,JK000637,2630,1235,1433,137,70
69,1196,1362,JK000298,5278,439,583,106,74
69,1382,1609,Shamela0025794,4477,906,1097,126,66
69,1370,1609,Zaydiyya0000059,1046,1062,1263,123,59
70,1434,1666,JK000298,5210,264,679,167,47
71,687,982,Sham19Y0122096,1734,997,1337,214,79
71,561,1208,Sham19Y0122096,1735,28,598,213,30
71,285,471,Sham19Y0149697,488,1109,1369,138,60
71,475,599,Sham19Y0035453,198,176,318,93,81
71,568,985,JK000298,2456,440,794,229,64
71,990,1203,JK000298,2456,1327,1534,150,83
71,0,237,JK000298,5210,679,909,181,93
73,629,987,PV2024060602,5794,910,1225,175,53
73,591,909,JK000080,61,971,1323,203,67
73,1143,1567,Sham19Y0122096,4056,907,1325,189,45
73,629,827,JK000140,9,1197,1446,138,68
73,629,987,Shamela0023777,176,797,1111,175,53
73,1283,1567,JK000298,5162,0,280,220,94
73,629,827,Shamela0000782,9,1259,1508,138,68
74,0,472,JK000264,20,23,563,305,67
74,249,433,Sham19Y0122096,4057,22,201,127,85
74,0,433,JK000298,5162,280,727,333,91
74,0,441,JK000201,91,10,724,299,51
75,211,387,Sham19Y0014297,17,623,890,130,59
75,1458,1651,Shamela0026808,14,1053,1250,147,91
75,127,365,Sham19Y0149697,141,138,379,154,78
75,560,704,Sham19Y0149697,167,654,802,108,90
75,1008,1252,JK000298,5154,1056,1319,158,69
75,713,1377,JK009333,2,1402,1593,145,25
75,205,365,JK000281,17,549,721,121,84
75,560,704,JK000281,68,1371,1524,112,90
76,643,1145,ShamAY0035059,12,116,447,204,47
76,0,171,Shamela0026808,14,1250,1371,97,70
77,118,394,Masaha001075,170,1210,1431,171,75
77,10,394,JK009229,1057,638,980,250,79
78,436,835,ShamAY0034059,1302,1191,1562,255,72
78,436,835,ShamAY0034059,1304,155,526,255,72
78,436,835,Tafsir04040,183,598,1233,281,54
78,436,835,Tafsir04040,1875,100,736,286,54
79,1355,1664,Sham19Y0149697,680,6,328,168,56
79,607,1004,Sham19Y0149697,1251,507,896,294,90
79,419,1139,JK009333,3,38,719,554,94
80,1252,1559,Shamela0021751,183,524,848,225,84
80,900,1171,Shamela0121376,225,884,1172,194,78
80,728,1559,JK000281,672,263,1014,571,82
80,232,441,JK000281,673,1360,1598,104,48
81,1193,1564,Shamela0021751,272,1097,1445,237,71
81,1388,1667,Sham19Y0149697,787,0,278,218,95
81,1221,1667,JK000281,790,1117,1533,306,80
82,842,1385,JK009298,846,907,1356,300,64
82,1463,1590,Sham19Y0032195,480,834,954,93,90
82,1421,1590,Sham19Y0149697,1248,123,304,133,91
82,1428,1590,JK000281,1065,215,382,128,95
82,347,529,JK000281,1068,500,668,134,91
83,523,820,JK000080,138,813,1163,210,76
83,936,1101,Sham19Y0122096,3846,460,833,63,19
83,241,448,Sham19Y0014469,26,946,1060,70,43
83,349,905,Sham19Y0038171,2422,243,615,162,32
83,176,750,Sham19Y0127677,2177,14,692,185,25
83,913,1094,Sham19Y0127677,2178,516,972,94,25
83,841,1146,Shia002261Vols,431,498,797,112,37
83,559,926,Shamela0001438,3949,959,1442,138,29
83,349,597,Shamela0001438,3950,21,567,140,32
83,841,1094,JK008001,2688,440,949,132,32
83,349,887,JK008001,2690,249,762,146,25
83,316,1025,JK000637,334,446,1087,151,20
83,321,597,Shamela0000432,5158,221,506,156,66
83,1268,1488,Shamela0000140,531,187,584,142,42
83,827,981,ShamIbadiyya0000438,1230,1377,1518,80,61
83,1033,1193,ShamIbadiyya0000438,1231,0,175,106,64
84,807,1090,Sham19Y0014309,1667,65,474,191,57
84,807,1228,JK000080,136,972,1421,269,67
84,860,1096,JK007044,1371,658,875,152,77
84,860,1090,JK007113,435,374,581,147,77
84,807,1144,JK007107,206,18,359,203,71
84,846,1228,Shia002264,73,907,1278,190,57
84,799,1079,Tafsir01005,4589,1261,1529,173,75
84,903,1250,JK007117,1060,0,534,183,42
84,860,1096,Sham19Y0014325,1302,725,1058,143,49
84,1339,1493,Sham19Y0149697,1251,605,742,109,88
84,1000,1250,JK008001,2704,39,356,114,37
84,335,514,JK000298,4860,551,736,112,69
84,568,713,JK000298,4862,426,565,109,95
84,869,1185,JK009231,1104,989,1252,128,49
84,807,1075,JK000913,1698,1107,1315,141,67
84,1339,1493,JK009333,3,287,435,117,95
85,1127,1535,JK001412,340,1046,1444,304,92
85,644,952,JK001239,102,577,946,176,52
85,679,952,JK000298,3928,725,1064,170,54
85,757,952,Shamela0004473,17140,544,687,116,73
86,0,403,JK000010,199,334,750,288,82
86,51,403,JK001412,341,0,351,280,98
86,0,403,JK000105,1211,892,1308,289,83
87,1115,1623,JK009333,3,719,1228,407,99
88,1052,1618,Sham19Y0014297,530,190,665,295,56
88,398,822,Sham19Y0149697,725,169,609,329,93
88,1170,1549,Sham19Y0149697,883,275,834,170,29
88,0,134,JK009333,3,1228,1372,112,93
88,404,807,JK000281,704,1065,1478,318,96
88,906,1008,AOCP20251104112,49,1505,1606,81,99
89,860,1058,Shia000151,107,1158,1358,149,94
89,1240,1547,Shia000151,108,857,1406,183,40
89,1240,1416,Shamela0098087,17,362,835,100,26
89,889,1416,ShamIbadiyya0000209,4,84,513,219,46
89,686,909,Shia004042Vols,802,1243,1652,127,35
89,915,1547,Shia004042Vols,803,4,999,317,35
89,701,1553,JK001197,26,87,1100,415,42
89,701,941,JK000001,314,1126,1513,156,47
89,941,1416,JK000001,315,0,689,222,39
90,300,780,Shia000151,109,565,1258,357,63
90,382,692,Kraken220413202218,99,1147,1534,186,55
90,0,529,Shia004042Vols,803,1036,1568,252,41
90,529,780,Shia004042Vols,804,0,467,187,49
90,65,283,JK009229,623,1158,1423,124,59
90,93,283,JK000001,316,1255,1446,117,72
90,300,780,JK000001,317,453,1179,371,62
90,837,1357,AOCP20251104112,71,491,1036,356,73
91,465,639,JK000001,308,1459,1584,88,54
93,897,1072,AOCP20251104112,70,1342,1503,114,81
94,1157,1578,Sham19Y0014249,278,447,823,286,80
94,1167,1369,Sham19Y0014556,197,1409,1579,123,75
94,1369,1570,Sham19Y0014556,198,0,199,158,96
94,0,322,JK000062,145,1248,1598,236,83
95,1108,1637,Sham19Y0014309,1735,395,837,345,80
95,1108,1637,Sham19Y0122096,1407,182,678,379,86
95,1268,1624,Sham19Y0122096,1408,0,573,236,48
95,1127,1637,JK000754,625,894,1340,344,82
95,1127,1637,JK000123,364,580,1037,357,85
95,1511,1637,JK000123,586,1030,1158,96,90
95,1127,1344,Sham19Y0038171,372,498,718,174,96
95,1127,1384,Sham19Y0038171,1923,1235,1499,204,94
95,1443,1637,Sham19Y0038171,1924,9,203,154,98
95,328,783,Sham19Y0014249,278,278,1016,215,32
95,1108,1239,JK000022,1805,878,1009,106,100
95,1127,1344,ShamAY0035035,1202,328,512,146,80
95,1127,1637,ShamAY0035035,7038,836,1298,356,85
95,42,200,Sham19Y0014556,107,199,407,127,75
95,1127,1637,Sham19Y0127677,939,241,710,364,86
95,1108,1637,JK000179,503,811,1301,378,87
95,1127,1637,Shia002261Vols,147,915,1384,358,85
95,750,919,ShamAY0034242,22,1440,1615,133,91
95,583,731,Tafsir07057,3665,1061,1178,93,77
95,1127,1637,JK009390,989,970,1440,358,85
95,1127,1344,Shamela0001438,1877,1343,1551,164,91
95,1353,1637,Shamela0001438,1878,0,235,185,81
95,1127,1637,JK009274,398,77,546,358,85
95,1108,1637,Sham19Y0149697,1186,758,1208,347,79
95,1108,1637,JK007006,667,759,1469,355,58
95,1127,1637,JK008001,2640,263,720,359,86
95,1127,1637,Shamela0021659,593,614,1083,358,85
95,1108,1637,Sham19Y0018272,905,640,1418,364,54
95,1112,1522,JK000298,2095,784,1491,269,43
95,1522,1637,JK000298,2096,0,125,92,92
95,1112,1637,Kraken22031816264701,8,979,1408,322,74
96,403,715,Kraken220414225447,22,656,966,236,95
96,735,1522,Sham19Y0014309,1736,0,550,393,59
96,731,1313,JK000264,697,998,1482,360,76
96,0,133,JK000179,503,1301,1455,98,81
96,817,1220,Shamela0010517,476,795,1141,260,77
96,0,133,Sham19Y0149697,1186,1208,1351,103,92
96,731,1495,Sham19Y0014601,1530,590,1264,496,79
96,723,1537,Sham19Y0018272,906,232,1000,553,79
96,21,715,JK000298,2096,227,1129,294,31
96,731,1187,Sham19Y0150639,123,1110,1519,309,83
96,1187,1552,Sham19Y0150639,124,0,373,282,94
96,370,718,JK000208,663,961,1286,222,77
96,960,1522,Shamela0007562,61,0,452,333,72
96,707,1528,JK000201,946,248,891,426,59
97,163,636,JK007060,219,474,721,166,43
97,0,761,Sham19Y0150639,124,373,1096,554,89
99,412,1185,JK009333,3,1343,1614,224,35
99,1185,1449,JK009333,4,0,266,215,98
100,371,476,Sham19Y0014297,528,1182,1286,78,95
100,1358,1587,AOCP20251104112,50,298,511,166,90
101,1119,1339,JK000137,670,1343,1581,122,50
101,961,1321,Sham19Y0014224,282,39,343,168,49
101,749,890,JK000281,913,14,155,115,98
102,178,658,Sham19Y0014297,527,436,899,362,92
102,178,1056,Sham19Y0014297,528,656,1176,319,41
102,1143,1392,Sham19Y0014297,529,976,1186,156,77
103,1051,1247,Sham19Y0131521,1080,248,646,144,43
103,14,689,ShamAY0032443,120,59,674,480,85
103,18,427,Sham19Y0014555,132,50,530,288,72
103,1144,1333,ShamAY0035035,1257,1006,1394,148,46
103,427,601,Sham19Y0032195,392,1017,1139,98,69
103,765,966,Sham19Y0149697,941,545,755,163,92
103,765,956,Sham19Y0122406,653,644,880,148,76
103,750,966,JK000281,926,1046,1264,177,97
103,985,1333,JK001197,34,655,827,140,49
103,1013,1333,JK000001,339,937,1356,252,72
103,765,1160,Sham19Y0013769,495,801,1587,261,38
104,752,1492,Sham19Y0149697,1289,147,706,221,29
104,760,1492,JK000281,1099,392,1502,508,54
105,245,993,Sham19Y0131521,1153,870,1662,526,74
105,792,1010,Shia000151,134,513,708,148,83
105,683,1501,Sham19Y0122257,1298,25,410,236,33
105,792,1010,Shia001542Vols,144,1337,1527,149,83
105,683,1013,Shamela0022676,105,13,303,194,65
105,245,629,JK000087,140,144,529,263,79
105,792,1013,JK001080,20,4,199,144,81
105,683,1010,JK001197,71,276,568,196,67
105,792,1010,JK000001,555,49,247,152,86
106,587,784,Sham19Y0014309,524,0,193,152,92
106,559,787,Shamela0021766,1680,1356,1592,173,87
106,559,787,Shamela0021766,4625,182,413,173,89
106,559,784,Shamela0021766,4958,1319,1556,170,83
106,1278,1658,Sham19Y0014297,742,0,349,223,71
106,559,787,JK007045,342,627,857,173,89
106,573,784,JK011677,121,1005,1212,160,91
106,559,787,Sham19Y0122257,1297,951,1181,174,89
106,14,170,ShamAY0034002,129,354,521,118,89
106,568,821,Shamela0004482,223,1042,1273,179,84
106,34,459,ShamAY0033729,79,0,392,267,74
106,1085,1212,JK007084,47,1088,1444,101,35
106,14,262,JK007084,48,1233,1503,186,84
106,472,784,JK007084,50,910,1243,236,85
106,10,250,JK007084,547,51,322,155,73
106,34,189,JK000254,83,972,1131,109,84
106,600,784,Tafsir09085,780,1295,1474,125,75
106,1278,1658,Sham19Y0149697,1166,1113,1470,198,57
106,519,784,Shamela0000432,4401,198,414,167,75
106,559,787,Shamela0006947,5294,236,479,173,84
106,31,170,Sham19Y0035453,247,1135,1285,105,88
106,1212,1355,Sham19Y0150676,241,97,232,108,93
106,578,784,Sham19Y0029676,964,438,664,158,83
106,10,186,JK000105,267,1123,1305,127,88
106,621,784,Shia001237Vols,930,0,172,124,80
106,1003,1355,JK000281,1036,606,963,271,93
106,14,170,Sham19Y0016599,889,974,1146,118,86
107,92,678,Sham19Y0150960,422,11,589,438,92
107,92,247,Sham19Y0001729,344,859,1012,122,98
107,92,316,Kraken220413202218,200,1418,1566,112,59
107,321,678,Kraken220413202218,201,0,358,276,96
107,1097,1497,Sham19Y0149697,915,1122,1336,157,48
107,690,1086,Sham19Y0149697,1167,42,329,217,63
107,1097,1497,Sham19Y0149697,1249,1204,1418,157,48
107,135,518,Shamela0021715,7834,124,381,149,46
107,115,687,JK000166,6572,0,572,438,94
107,92,468,ShamAY0032275,416,1262,1560,228,74
107,468,678,ShamAY0032275,417,0,205,160,94
108,578,1022,JK009333,4,266,699,342,94
109,1303,1490,Sham19Y0123663,50,497,674,132,85
109,1059,1538,JK009333,4,320,485,123,31
110,25,266,Sham19Y0123663,4,521,947,128,32
110,509,1138,JK009333,4,470,674,151,29
111,716,1327,JK009333,4,693,1295,482,97
112,193,444,JK000474,2396,418,648,159,77
112,193,412,Shamela0026668,97,1216,1435,134,69
112,193,444,JK000022,1398,1199,1425,163,79
112,193,444,JK000132,568,333,571,148,70
112,193,459,JK000883,1937,915,1154,163,73
112,193,412,Shamela0021494,170,39,260,137,71
112,196,444,JK000637,460,417,686,150,64
112,193,444,JK009231,1201,743,926,129,63
113,955,1133,Sham19Y0014297,558,1124,1321,114,72
113,1242,1612,Sham19Y0014297,571,72,462,285,91
113,955,1133,Sham19Y0149697,926,1032,1231,118,75
113,1248,1587,Sham19Y0149697,944,1195,1348,108,39
114,40,329,Sham19Y0123665,367,233,898,129,20
114,0,307,Sham19Y0014297,571,462,720,202,79
114,768,890,ShamAY0032443,128,1180,1302,94,99
114,768,890,Sham19Y0014556,229,1321,1441,89,91
115,1260,1469,JK009141,514,51,459,127,33
115,1260,1469,JK009336,878,579,798,164,91
115,1260,1444,Sham19Y0127700,105,1312,1495,136,87
115,1260,1606,Shamela0036446,1328,338,737,255,78
115,1260,1469,Shamela0006610,187,745,967,161,88
115,1260,1469,JK007065,302,389,642,161,78
115,1264,1469,Sham19Y0011194,29,0,203,162,98
115,1260,1606,Kraken230110004547,166,732,1006,189,64
115,1260,1527,JK009231,1402,847,1381,169,36
116,1168,1489,Shia001432Vols,21840,758,1579,218,32
116,590,715,Sham19Y0018607,182,1348,1474,85,75
116,1168,1504,Kraken220413202218,454,209,744,199,44
117,33,414,Sham19Y0149697,902,328,524,137,44
118,263,530,ShamAY0031806,81,1056,1380,203,76
118,658,936,JK009333,4,1295,1568,214,92
118,936,1340,JK009333,5,0,399,328,98
119,550,1052,JK000238,320,934,1198,127,30
119,865,1002,JK000289,155,1005,1146,107,94
119,1354,1634,Shamela0000427BK2,1279,111,244,87,38
119,1472,1634,JK000559,241,280,518,104,50
119,1018,1166,JK000281,927,1350,1498,114,90
120,1477,1659,JK000917,1100,986,1184,131,80
120,1436,1659,Sham19Y0149697,992,140,335,156,84
120,873,1111,Sham19Y0149697,1250,540,712,131,67
120,1404,1659,JK000281,936,677,933,207,99
121,540,762,JK000281,888,1345,1564,119,54
121,0,196,JK000281,936,933,1127,151,95
123,1424,1590,JK009298,1098,809,975,132,100
123,995,1216,ShamAY0035035,7120,963,1231,148,67
123,1088,1532,Sham19Y0149697,1248,1252,1510,188,52
123,1263,1424,Sham19Y0149697,1249,3,164,130,100
123,189,925,JK009333,5,399,1134,592,98
123,995,1199,Kraken2107192213391,320,508,973,144,38
123,995,1216,JK000001,2146,664,873,152,83
124,720,930,Shamela0001438,2162,712,1177,112,29
124,603,1376,Sham19Y0149697,1249,197,705,387,61
125,1165,1306,Sham19Y0014442,367,1240,1583,97,34
125,182,380,Sham19Y0149697,775,396,575,140,84
125,182,389,JK000281,772,865,1087,159,87
126,716,957,Shamela0010541,58,1182,1501,170,62
126,712,957,Sham19Y0149697,1306,621,982,176,59
126,97,1398,JK009333,5,684,931,186,17
126,752,957,JK000281,1115,447,743,160,67
126,725,957,Shamela0021688,178,1043,1366,166,60
127,0,152,Shamela0001717,406,0,154,110,83
127,1222,1380,Sham19Y0014297,821,108,241,94,75
127,720,1107,ShamAY0032443,140,523,843,229,72
127,1222,1375,Sham19Y0149697,1304,528,687,106,76
127,1093,1397,JK000281,1110,129,460,212,77
128,1501,1665,Sham19Y0014442,719,928,1089,114,85
128,1075,1440,JK009333,5,1134,1481,270,91
128,707,914,JK000281,697,19,232,156,92
129,0,228,Sham19Y0014442,719,1089,1323,163,85
130,976,1185,Sham19Y0018607,447,1002,1225,161,90
130,759,1185,Sham19Y0149697,2505,371,771,296,83
130,759,1185,JK000281,1658,971,1392,322,92
131,1271,1449,JK000281,1574,44,254,140,80
131,272,430,JK001197,51,0,149,119,93
131,0,280,JK000001,452,1235,1469,181,77
131,280,430,JK000001,453,0,140,113,92
132,715,1444,ShamAY0035035,7303,112,1075,486,58
132,715,1248,JK009365,366,180,646,334,75
132,488,609,JK009333,6,0,121,93,100
132,715,1444,JK000001,2245,62,739,480,79
133,1340,1532,Shamela0008487,86,221,406,116,76
133,1375,1551,JK000289,454,1012,1188,139,98
133,1378,1503,Sham19Y0014442,676,1479,1604,92,92
133,1270,1539,Sham19Y0149697,2212,708,964,136,64
133,486,782,ShamAY0034797,577,1176,1462,212,86
133,498,788,JK010255,17,393,660,192,79
133,486,692,JK001197,284,1384,1579,152,91
133,486,788,JK000001,2261,1171,1466,229,91
134,0,289,JK000289,454,1188,1475,230,99
134,289,456,JK000289,455,0,170,131,97
134,671,899,Sham19Y0014442,675,26,591,127,27
134,667,899,Sham19Y0149697,2214,948,1372,94,26
135,665,809,ShamAY0035033,5,78,207,90,80
135,701,809,Sham19Y0122096,335,656,763,71,85
135,704,817,Tafsir09085,136,868,983,73,83
135,1339,1690,Sham19Y0149697,2629,1186,1474,213,72
135,450,691,Sham19Y0149697,2643,746,991,162,84
135,711,809,Shamela0007516,24,1285,1380,66,81
135,124,400,JK009333,6,100,370,211,93
135,1339,1690,JK000281,1779,833,1425,229,44
135,450,660,JK000281,1811,1143,1353,164,98
135,711,809,Shamela0011363,60,1026,1126,70,91
135,711,825,Shamela0011363,262,1337,1452,80,91
136,918,1087,Rafed0002202Vols,32,362,522,117,87
136,650,843,Sham19Y0014555,858,853,1067,146,84
136,650,843,Sham19Y0014556,726,164,348,134,87
136,1428,1601,JK007084,1122,508,679,140,96
136,654,843,Sham19Y0149697,2644,937,1103,127,84
136,38,467,JK000281,1780,182,557,243,69
136,893,1234,JK000281,1812,995,1327,250,91
136,654,843,JK000281,1813,174,363,148,98
137,1229,1411,ShamIbadiyya0000024,25,20,216,132,84
137,1249,1392,JK009313,1001,284,425,110,95
137,0,429,JK007084,1122,679,1499,336,50
137,1246,1463,JK001451,695,621,845,169,93
137,1258,1411,Shia001174Vols,4735,173,329,103,80
137,1249,1463,JK000189BK1,3965,580,795,172,97
137,0,429,JK000281,1767,582,1280,290,47
137,1271,1411,Sham19Y0150966,525,92,233,111,99
138,518,813,Sham19Y0014249,692,52,350,206,75
141,0,801,JK009298,211,466,1253,557,81
141,0,334,ShamAY0035035,7327,1148,1569,252,74
141,334,801,ShamAY0035035,7328,0,455,289,68
141,3,520,ShamAY0002038,500,671,1253,358,73
141,0,801,JK007084,1120,244,1021,514,72
141,0,793,Kraken220413202218,753,731,1138,238,38
141,1489,1636,JK009333,6,394,542,120,97
141,112,801,JK001197,284,0,657,458,76
141,0,317,JK000001,2260,1256,1595,239,85
141,317,801,JK000001,2261,0,424,298,73
142,1151,1364,ShamAY0035035,5373,542,755,164,93
142,1490,1705,Sham19Y0020583,475,286,457,132,72
142,1160,1367,Shamela0010541,8,359,545,126,73
142,1151,1364,Kraken220413202218,424,872,1091,158,89
142,1498,1705,Sham19Y0018493,66,1113,1269,113,62
142,1142,1617,Sham19Y0149697,3586,911,1306,289,71
142,486,696,JK007132,1060,1070,1328,152,71
142,1088,1364,Sham19Y0036110,88,957,1277,174,64
142,1138,1364,Hindawi059507481,185,1076,1266,133,73
142,0,371,JK009333,6,542,899,286,95
142,1151,1364,JK000001,1368,673,889,169,96
143,650,850,JK001157,890,875,1073,160,98
143,338,471,Sham19Y0018493,4,1476,1608,109,97
144,828,1386,Sham19Y0014297,2027,368,880,399,87
144,144,599,JK000289,252,1012,1501,342,84
144,599,805,JK000289,253,0,180,143,86
144,363,686,JK000289,1268,5,279,168,58
144,822,1383,Sham19Y0149697,3585,519,1013,352,71
144,400,686,Sham19Y0149697,10132,0,303,169,63
144,828,1383,ShamAY0036161,20,525,1011,372,82
144,144,686,Shamela0021688,184,863,1451,360,70
145,54,334,ShamAY0035035,5345,0,404,203,62
145,334,575,ShamAY0035035,5346,957,1311,174,61
145,14,327,Sham19Y0035453,18,1067,1355,220,85
145,334,586,Sham19Y0035453,20,55,333,180,80
145,334,583,Sham19Y0018610,23,402,655,185,89
145,0,327,Sham19Y0036110,184,128,447,250,94
145,0,327,JK000001,1349,1172,1491,250,94
145,334,583,JK000001,1351,245,501,188,90
146,727,839,Sham19Y0036128,3,1180,1290,78,80
146,865,1060,Shamela0001717,4004,1337,1537,154,94
146,1060,1707,Shamela0001717,4005,0,515,381,69
146,857,1707,Shamela0002215BK1,854,35,824,632,89
146,136,334,JK011677,135,1329,1507,134,80
146,688,846,ShamAY0035035,5341,655,829,112,77
146,857,1205,Sham19Y0020583,474,1183,1519,260,91
146,881,1132,AOCP20251104131Vols,694,495,722,154,69
146,688,846,Kraken220413202218,415,249,413,109,78
146,885,1707,Sham19Y0149697,3589,113,786,458,65
146,688,846,Sham19Y0036110,175,625,829,114,71
146,724,839,Shia004042Vols,435,17,135,85,85
146,688,839,Hindawi059507481,184,1224,1376,107,84
146,692,846,JK001197,156,426,578,101,79
146,688,846,Zaydiyya0000059,1358,65,211,103,80
146,688,846,JK000001,1347,472,637,112,81
146,136,364,JK000001,1349,891,1097,159,84
147,339,587,ShamAY0035035,5327,123,506,181,56
147,321,486,Sham19Y0036110,143,144,331,124,81
147,321,587,JK000001,1336,1131,1413,194,82
148,0,247,Sham19Y0018100,340,925,1158,184,91
148,0,257,ShamAY0035035,5327,880,1194,185,72
148,328,840,Sham19Y0018493,7,317,897,369,78
148,0,268,JK000001,1337,184,445,207,95
149,874,1100,JK000264,3200,739,903,131,71
149,874,1134,JK000137,251,410,635,168,76
149,0,243,JK000289,752,1049,1291,188,96
149,10,251,JK000289,2019,879,1118,182,92
149,10,243,Shamela0031215,81,594,822,179,96
149,874,1134,Sham19Y0023625,2421,789,977,150,71
149,473,1134,AOCP20251104131Vols,693,457,1079,454,81
149,1263,1504,AOCP20251104131Vols,694,1197,1449,179,87
149,581,728,JK001157,890,1073,1221,108,88
149,868,1207,Sham19Y0149697,3584,1091,1322,179,65
149,10,251,Sham19Y0149697,9006,946,1174,169,86
149,886,1096,Sham19Y0036110,91,1399,1569,112,59
150,207,438,JK007070,754,1073,1346,179,81
150,207,390,JK009141,887,1293,1471,139,93
150,207,438,Sham19Y0014309,1185,613,840,174,89
150,207,438,PV2024060602,3696,1218,1451,178,92
150,207,465,JK000165,3216,1209,1449,179,84
150,207,438,JK000080,829,0,232,178,92
150,207,438,Sham19Y0017616,315,818,1051,178,92
150,207,438,ShamIbadiyya0000074,152,905,1082,141,73
150,207,438,ShamIbadiyya0000074,314,1137,1314,141,73
150,200,442,JK000584,277,577,747,113,57
150,207,438,JK009336,1025,319,550,178,92
150,106,438,Sham19Y0145435,5010,502,873,209,65
150,207,438,Shamela0012014,64,1197,1428,178,92
150,124,438,ShamIbadiyya0000050,367,653,1035,199,59
150,200,442,JK000718,120,901,1071,113,57
150,1118,1546,Shamela0002215BK1,855,144,680,294,66
150,207,438,Sham19Y0132524,2753,20,253,172,86
150,207,438,JK007049,31,339,567,176,90
150,207,438,Sham19Y0014592,2812,236,473,123,53
150,207,438,Tafsir01005,211,1260,1493,178,92
150,207,442,Sham19Y0017729,429,309,545,179,90
150,207,438,JK001297,605,932,1081,116,60
150,207,442,Shamela0006879,102,396,631,182,92
150,101,472,Shia003721Vols,179,1040,1441,212,60
150,207,442,Sham19Y0036112,3,1025,1191,111,57
150,168,438,Kraken22021606123201,368,1239,1508,186,83
150,207,438,JK007054,163,54,285,178,92
150,207,438,Shamela0006610,1171,842,1021,141,74
150,207,438,Shamela0008353,889,910,1173,180,82
150,101,472,Shamela0004445,267,1021,1434,218,60
150,966,1546,AOCP20251104131Vols,692,106,750,326,55
150,207,442,JK007065,1137,663,903,179,90
150,207,465,Shamela0021536,444,978,1245,183,80
150,207,438,Sham19Y0020638,1378,641,874,178,92
150,219,432,AOCP20251104134,125,9,204,147,83
150,207,438,Shamela0023628,56,399,630,178,92
150,66,526,Sham19Y0018493,10,158,704,285,64
150,223,438,Sham19Y0149697,3585,0,219,171,92
150,1115,1291,Sham19Y0149697,3586,1346,1542,140,87
150,1291,1546,Sham19Y0149697,3587,0,239,180,83
150,207,438,Sham19Y0017903,910,1241,1474,179,92
150,207,432,Zaydiyya0000454,70,148,310,122,66
150,207,438,Kraken230110004547,189,11,251,171,86
150,207,438,Shamela0009107BK1,74,671,900,172,87
150,207,438,Shamela0004473,3748,36,273,178,90
150,207,438,Shamela0025794,4174,217,465,161,75
150,106,438,Sham19Y0029676,392,435,921,237,58
150,280,438,Sham19Y0122406,4224,183,348,124,92
150,168,442,JK009248,79,987,1273,187,78
150,207,438,Shamela0007853,71,712,868,120,63
150,207,438,JK009245,201,196,427,178,92
150,207,438,Shamela0001727,1664,1090,1323,178,92
150,212,465,Shamela0021537,271,0,238,178,83
150,116,465,Shamela0021537,5957,162,516,220,70
150,207,438,Shamela0008648,36,261,507,167,78
151,0,376,Shamela0002215BK1,855,680,1382,266,46
151,0,501,AOCP20251104131Vols,692,750,1579,332,47
151,501,912,AOCP20251104131Vols,693,0,306,235,72
151,438,790,JK001157,890,1221,1494,204,72
151,1096,1522,Sham19Y0149697,3587,641,1007,261,75
151,0,376,Sham19Y0149697,3587,239,608,288,93
152,706,869,Sham19Y0123663,134,1026,1193,133,97
152,258,492,Sham19Y0023618,1391,382,612,163,78
152,9,609,Sham19Y0149697,3587,971,1547,381,74
153,458,733,Sham19Y0123663,135,391,655,206,88
153,1196,1413,AOCP20251104131Vols,688,1046,1292,137,72
153,1000,1196,AOCP20251104131Vols,695,552,751,135,81
153,1220,1444,JK001157,891,869,1093,149,80
153,105,1624,Sham19Y0149697,3588,125,913,498,39
154,621,799,Shamela0002215BK1,854,847,1015,135,92
154,92,603,Sham19Y0018493,4,970,1470,394,92
154,0,799,Sham19Y0149697,3588,913,1568,493,75
155,1155,1334,ShamAY0034198,134,214,597,118,38
155,516,650,Sham19Y0147313,614,1051,1330,106,47
155,482,650,JK000289,750,1362,1506,115,85
155,1127,1334,JK000289,752,1314,1514,159,95
155,516,664,Shamela0021735,27,481,822,112,40
155,1443,1687,JK009333,6,936,1177,195,97
155,516,664,Sham19Y0123685,13,80,250,101,74
156,0,200,JK009333,6,1177,1379,163,98
157,966,1531,EScr20112411,6,524,1187,366,66
158,675,940,ShamAY0034059,198,521,819,128,43
158,233,659,EScr20112411,8,0,400,282,79
159,635,1047,Kraken220413030759,702,836,1243,295,84
159,626,1047,JK000022,1202,375,796,317,92
159,635,1047,Sham19Y0017530,57,257,733,290,75
159,650,1047,ShamAY0035562,35,4,431,272,79
159,635,1047,JK000087,29,191,636,295,81
159,640,1047,Shamela0011334,56,0,442,295,83
159,1151,1435,EScr20112411,4,1108,1506,174,53
159,471,618,JK000298,1997,1254,1405,114,96
159,471,618,JK000298,2058,1212,1363,113,96
159,471,897,Shamela0010273,1172,887,1463,265,53
159,897,1047,Shamela0010273,1173,0,150,111,94
159,467,622,Shamela0010273,1338,102,274,120,89
159,467,1047,Shamela0010273,2083,105,825,370,59
159,477,618,JK009323,3,949,1093,108,96
159,635,1047,Sham19Y0036110,390,1116,1556,320,90
159,723,1047,Shia001237Vols,2768,361,656,164,61
159,728,1047,Shamela0003055,2812,756,1058,208,80
159,635,1190,Shamela0002386,90,950,1469,313,61
160,1169,1457,EScr20112411,7,816,1259,163,41
160,734,952,EScr20112411,18,761,995,161,86
161,925,1318,JK006478,730,231,743,188,40
161,925,1348,ShamAY0035035,7352,350,1272,287,38
161,900,1318,JK009362,1697,230,660,221,57
161,801,1077,Kraken220413202218,760,1201,1588,175,51
161,1044,1318,Kraken220413202218,761,0,313,176,64
161,1318,1533,Kraken220413202218,761,984,1446,151,38
161,1025,1348,Shia004042Vols,589,1114,1512,149,42
161,796,1455,JK001197,287,235,1185,412,49
161,1318,1455,JK000001,2273,1544,1693,114,90
161,801,1318,JK000001,2273,102,882,340,52
162,1001,1519,JK000906,10782,317,826,319,66
162,976,1382,Sham19Y0014297,1011,740,1135,246,67
162,1321,1450,Sham19Y0014297,1012,702,832,88,77
162,1039,1267,JK000238,87,1304,1479,134,72
162,1011,1491,JK000198,128,885,1341,256,61
162,1011,1321,Sham19Y0023625,2528,23,319,150,46
162,991,1407,AOCP20251104131Vols,641,980,1474,300,72
162,1407,1519,AOCP20251104131Vols,642,112,250,89,81
162,998,1519,JK001157,883,856,1468,374,73
162,198,443,Sham19Y0149697,1617,746,987,181,89
162,1039,1519,JK009149,285,805,1205,173,42
163,357,630,Sham19Y0014556,748,1034,1243,167,75
163,79,1186,Sham19Y0149697,1617,1015,1567,276,27
163,1186,1596,Sham19Y0149697,1618,0,332,242,69
163,1500,1642,JK009333,6,1438,1579,119,96
164,815,1076,Sham19Y0014297,4348,408,747,99,30
164,600,1534,Sham19Y0149697,1618,438,1029,318,38
164,155,524,Sham19Y0149697,1620,31,347,189,57
164,46,550,JK009333,7,0,366,291,71
165,98,346,JK007070,862,316,550,181,91
165,103,288,Sham19Y0023625,2530,883,1003,92,62
165,49,346,Sham19Y0023625,2533,1117,1395,217,91
165,20,258,AOCP20251104131Vols,648,1217,1433,162,83
165,113,1198,Sham19Y0149697,1618,638,1590,427,36
165,0,346,JK001249,312,360,692,255,91
166,1330,1637,Shamela0021592,178,177,404,154,61
166,1342,1581,ShamAY0035035,7508,1365,1560,141,72
166,998,1277,Sham19Y0014556,749,714,989,217,96
166,49,1134,Sham19Y0149697,1619,148,961,575,63
166,1342,1637,JK000001,2340,575,814,177,73
167,623,850,Sham19Y0014556,748,1339,1566,176,97
167,850,1053,Sham19Y0014556,749,0,202,154,96
167,651,1203,Sham19Y0149697,1619,1156,1583,240,46
167,69,487,Sham19Y0149697,1619,931,1266,184,45
167,1203,1509,Sham19Y0149697,1620,0,141,105,42
168,1000,1389,JK009241,142,676,1059,297,97
168,180,489,Shamela0008353,366,537,840,201,72
168,50,489,JK005005,748,184,796,190,32
168,722,885,JK000298,3741,353,907,117,25
168,50,489,JK009245,1008,980,1413,227,53
168,325,508,JK005004,848,0,358,99,33
169,1204,1591,JK000148,1155,358,733,246,72
169,1261,1613,Sham19Y0017090,33,0,338,234,81
169,1204,1591,JK005202,991,395,770,247,73
169,1204,1613,Shamela0023685,1311,548,947,260,73
169,1245,1613,Sham19Y0013783,1016,487,873,266,82
169,1308,1591,Shamela0010517,1266,929,1239,187,70
169,1204,1613,Shamela0026568,1207,899,1297,259,72
169,362,848,Sham19Y0149697,1620,209,406,150,37
169,1308,1591,Shamela0021715,2528,1265,1553,190,76
169,1209,1613,Sham19Y0145212,1813,768,1136,235,68
170,0,125,Shamela0096876,163,1315,1439,95,97
170,0,133,Sham19Y0016772,406,530,658,93,90
170,0,125,JK007127,181,553,681,88,87
170,0,125,Shamela0010284,3,252,376,95,97
170,1197,1372,Sham19Y0014442,290,1171,1344,128,83
170,0,130,Sham19Y0013783,1016,873,1001,97,96
170,0,133,Sham19Y0149697,1620,471,601,99,94
170,150,355,Shamela0009279,39,201,441,158,77
170,1433,1660,JK009333,7,366,598,183,97
170,1204,1372,JK000281,954,325,517,127,78
171,1222,1572,Sham19Y0023625,2673,1084,1433,271,93
171,917,1356,AOCP20251104131Vols,644,285,699,304,80
171,906,1572,JK001157,888,99,751,485,84
171,692,835,JK000001,2344,1230,1399,103,74
172,0,260,Rafed0000705Vols,1284,153,460,191,75
172,992,1630,Sham19Y0014249,648,552,1165,465,85
172,0,922,JK001157,888,751,1488,489,60
172,992,1594,Sham19Y0149697,1275,827,1423,421,79
172,0,300,Zaydiyya0000015,1888,933,1285,200,68
173,216,766,Sham19Y0014249,648,0,422,322,72
173,699,1623,JK000198,127,212,932,389,47
173,1253,1556,AOCP20251104131Vols,645,317,650,180,58
173,932,1101,JK001157,885,1339,1502,110,79
173,556,1623,Sham19Y0149697,1620,678,1183,376,42
174,1103,1434,JK000906,10785,696,1113,165,42
174,1073,1434,AOCP20251104131Vols,646,909,1367,171,42
174,1067,1362,JK001157,887,1204,1608,128,35
174,0,1103,Sham19Y0149697,1620,1183,1575,276,30
174,1299,1434,AOCP20251104037Vols,960,583,702,92,85
174,338,1013,JK009333,7,488,655,129,24
175,409,1437,JK009321,92,0,618,412,49
175,427,678,Kraken220218125255,302,887,1159,184,83
175,1208,1437,Kraken22021606122001,32,944,1165,155,81
175,1144,1437,Kraken220413030759,1553,215,533,201,76
175,393,678,Sham19Y0017817,223,984,1280,218,92
175,1161,1410,Sham19Y0017817,223,1280,1571,157,64
175,393,594,ShamAY0036182,203,1373,1572,148,88
175,393,671,Shia002185Vols,2301,1029,1303,187,80
175,461,671,ShamAY0035035,7356,0,213,159,92
175,393,661,ShamAY0035035,7521,1231,1500,205,93
175,710,1056,ShamAY0035035,7522,1157,1442,149,46
175,1086,1440,ShamAY0035035,7523,0,249,162,55
175,369,678,Sham19Y0032197,759,806,1107,215,86
175,393,671,JK010204,8,232,507,201,86
175,529,671,ShamAY0033741,10,0,141,110,97
175,393,671,Sham19Y0023644,5331,108,401,193,79
175,369,678,Kraken22021606123003,45,826,1127,221,87
175,1161,1437,Sham19Y0145212,1672,0,221,109,50
175,760,869,Kraken2107192213391,45,651,761,70,67
175,77,306,JK000001,2349,24,259,178,89
176,966,1300,JK000001,1684,11,448,213,59
177,797,1380,Shia001432Vols,22653,176,791,451,91
177,971,1380,ShamAY0035035,6316,228,855,311,60
177,1045,1377,JK006675,207,725,956,124,38
177,797,1385,Shamela0010517,2974,745,1353,447,90
177,785,1385,Shamela0009993,101,596,1211,458,92
177,234,579,JK009333,7,803,1159,271,94
177,466,579,AOCP20251104102,20,1381,1502,86,90
177,797,1377,JK000001,1746,782,1458,443,81
178,6,296,Zaydiyya0000371,7,301,573,196,83
178,1334,1559,Sham19Y0006684,288,660,926,156,67
178,0,296,Shia001372,76,788,1055,185,73
178,6,599,Shia001432Vols,27818,918,1405,243,45
178,1380,1559,Shamela0021479,180,0,228,127,65
178,1293,1559,Shamela0008473,119,820,1206,174,53
178,6,468,Sham19Y0038171,495,651,1179,278,60
178,1357,1559,Shamela0001404,174,0,273,157,72
178,123,296,JK009298,62,0,190,133,88
178,406,765,Masaha002872,90,327,679,201,59
178,0,425,Sham19Y0017817,527,352,758,251,64
178,406,762,Sham19Y0017817,531,153,446,208,69
178,1334,1559,Shamela0012399,386,80,336,153,69
178,1349,1559,Shamela0012399,389,423,1007,155,33
178,6,468,ShamAY0035035,1636,557,1087,267,58
178,387,793,ShamAY0035035,1646,1018,1419,242,65
178,397,762,Zaydiyya0000259,279,625,1006,218,62
178,147,296,Zaydiyya0000259,281,0,153,111,91
178,1297,1559,Shamela0021751,6749,1078,1401,141,47
178,1334,1536,Kraken2106220218081,979,440,674,135,65
178,1334,1559,Sham19Y0014462,137,950,1207,151,66
178,1334,1559,JK000585,3791,332,594,156,68
178,26,429,JK009236,223,635,927,185,54
178,0,583,Shamela0006053,35,701,1153,295,62
178,1334,1559,JK001503,393,24,282,153,69
178,0,599,ShamAY0034080,365,758,1277,288,54
178,1334,1559,Shamela0013000,14,102,362,156,69
178,0,210,Shia001237Vols,1313,1368,1542,124,67
178,1334,1559,Sham19Y0016599,1080,79,336,151,66
178,0,296,JK000001,385,1127,1454,224,85
178,392,798,JK000001,389,399,786,202,49
179,795,1264,JK009141,1160,84,556,355,90
179,216,635,Shamela0000894,827,356,791,304,86
179,769,1357,Sham19Y0014309,290,106,759,388,67
179,94,624,PV2024060602,1388,398,922,337,73
179,216,624,PV2024060602,3294,603,979,178,50
179,1073,1264,PV2024060602,3765,1101,1285,140,92
179,769,1264,PV2024060602,6729,372,879,381,93
179,766,1264,Shamela0012872,4,524,986,312,75
179,769,1264,JK000080,522,841,1320,349,84
179,190,624,ShamAY0034230,4989,840,1267,316,89
179,1097,1264,Shamela0009810,123,0,160,121,91
179,216,671,JK009336,2050,813,1318,333,81
179,769,1264,JK009336,2320,451,990,352,77
179,479,1394,Shamela0010460,32,138,1340,529,50
179,1073,1387,ShamAY0033541,13,271,591,174,63
179,769,1264,JK000140,944,637,1144,381,93
179,1324,1556,JK000140,945,200,708,171,42
179,216,624,Shamela0008473,122,159,578,308,91
179,782,1264,Shamela0008473,172,5,480,349,86
179,94,547,Sham19Y0013605,3753,876,1319,273,69
179,94,671,Zaydiyya0000171,42,72,602,361,74
179,308,624,Shamela0005756,12284,0,314,228,89
179,232,624,Tafsir02102,17,4,399,293,92
179,1016,1264,Shamela0004003,21,5,249,165,79
179,1083,1264,Shamela0001404,97,723,919,141,89
179,769,1264,Shamela0001404,198,204,707,368,88
179,1073,1556,JK007045,333,992,1364,240,62
179,769,997,Shamela0023644,1590,1250,1490,173,89
179,1073,1357,Sham19Y0150960,169,1008,1287,161,66
179,232,671,Sham19Y0150960,174,612,890,142,37
179,795,1357,ShamAY0032955,10,650,1203,290,55
179,1073,1556,Sham19Y0122257,1269,124,500,246,64
179,795,1264,Kraken230106005528,86,307,809,311,71
179,769,1264,JK000132,536,480,1011,315,67
179,216,624,Sham19Y0016684,1699,305,720,305,91
179,216,624,Sham19Y0018103,3133,780,1193,303,91
179,1108,1264,Sham19Y0127677,1296,1317,1475,117,88
179,769,1357,JK009313,3927,511,1102,407,79
179,216,624,Sham19Y0018106,3280,855,1270,305,91
179,769,1170,Shamela0012884,44,1118,1516,294,86
179,1108,1264,Shia002261Vols,172,911,1069,117,93
179,1078,1542,Sham19Y0014119,193,207,502,211,57
179,769,960,ShamAY0033729,119,1270,1465,139,88
179,960,1394,ShamAY0033729,120,0,430,265,64
179,769,1434,Shamela0036446,904,334,1164,410,58
179,912,1357,Sham19Y0001729,794,0,414,268,68
179,769,1264,Sham19Y0001729,920,143,671,308,67
179,1108,1264,JK009390,1183,984,1142,116,87
179,216,624,Shamela0006610,1082,757,1150,276,81
179,1108,1264,Shamela0001438,2079,1389,1547,117,88
179,216,624,Shamela0013129,15,702,1121,305,91
179,1108,1264,JK009274,460,763,921,116,87
179,216,624,JK007065,709,1026,1478,308,85
179,1073,1264,JK001429,89,1213,1408,150,96
179,1324,1556,JK001429,91,341,661,165,63
179,94,671,JK009324,3597,424,917,347,74
179,1073,1264,JK000141,47,847,1031,140,92
179,232,360,JK007128,668,1024,1154,98,92
179,387,624,Shamela0009642,227,0,255,123,49
179,216,635,EScr20112614,75,618,980,241,70
179,1073,1382,Shamela0001875,491,855,1155,174,68
179,225,671,Shamela0001875,504,34,504,307,77
179,232,624,Shamela0001875,971,1074,1473,292,90
179,1108,1264,Sham19Y0016976,711,557,702,112,90
179,769,1357,Sham19Y0149697,1211,83,724,379,65
179,1108,1264,JK007006,768,128,372,110,55
179,1108,1256,JK008001,296,1322,1471,112,93
179,216,624,Zaydiyya0000015,1967,270,661,179,49
179,216,624,Kraken230110004547,340,556,959,259,75
179,216,519,Shamela0021715,7783,1231,1534,219,88
179,94,624,JK000110,1388,398,922,337,73
179,1108,1264,Shamela0021659,734,950,1108,118,93
179,1108,1256,Sham19Y0018272,1025,61,310,104,50
179,1108,1264,JK000298,2349,417,717,112,45
179,216,787,Sham19Y0127656,610,80,680,358,74
179,1083,1542,Sham19Y0017063,462,595,1085,225,45
179,83,624,Sham19Y0013252,7273,797,1343,338,70
179,94,671,Shamela0004473,13110,139,722,359,69
179,216,630,Shamela0025794,2145,759,1204,232,60
179,769,1264,JK001236,37,718,1206,358,87
179,216,624,Sham19Y0122406,3344,403,779,178,50
179,248,646,JK000961,276,7,368,243,75
179,94,624,Sham19Y0018176,1908,407,929,337,73
179,216,671,ShamAY0034080,141,368,852,329,85
179,656,1264,ShamAY0034080,150,377,993,337,62
179,94,354,Sham19Y0016584,3519,903,1158,137,55
179,320,624,Sham19Y0016584,3520,302,624,212,84
179,769,1264,Shamela0000782,971,825,1327,374,91
179,1324,1556,Shamela0000782,972,496,1081,171,36
179,232,635,Shia004510,1,604,1033,294,85
179,216,624,Shamela0001727,1262,474,850,178,50
179,94,671,Shamela0010463,24,466,960,365,77
179,782,960,JK010189,4,1284,1464,135,92
179,960,1264,JK010189,5,5,286,220,89
179,1073,1264,JK000946,68,263,427,122,77
179,646,977,JK000001,561,413,760,180,60
179,766,1264,JK011593,4,483,911,286,70
179,769,1357,Shamela0012981,1998,467,1002,343,68
180,485,763,JK009141,1162,24,330,196,74
180,1088,1466,JK009141,1163,234,802,259,51
180,125,457,JK009152,663,653,963,193,65
180,990,1375,Shamela0000894,181,726,1141,198,49
180,1073,1363,Shamela0000894,441,476,759,205,80
180,1024,1402,Shamela0000894,7986,615,965,229,66
180,141,457,JK000465,31,854,1347,201,47
180,185,542,Sham19Y0014309,282,0,431,182,50
180,485,763,Sham19Y0014309,288,1113,1457,215,77
180,1024,1363,Sham19Y0014309,289,681,1010,210,70
180,163,542,PV2024060602,1391,0,673,248,44
180,1073,1466,PV2024060602,2453,723,1485,270,41
180,485,1048,PV2024060602,2454,320,880,293,52
180,488,763,JK000080,533,412,743,210,78
180,488,1363,JK000080,534,89,790,442,56
180,485,1251,Sham19Y0017616,538,847,1478,379,54
180,485,763,JK000028,73,1048,1362,213,83
180,478,763,ShamAY0034230,4989,462,801,207,74
180,492,1363,JK009336,2319,645,1372,438,57
180,144,457,JK009336,2335,266,852,236,49
180,485,763,JK000475,1711,634,948,204,77
180,1024,1363,JK000791,11,4,245,154,56
180,1073,1466,Shamela0012014,233,390,649,122,30
180,488,822,Shamela0012014,238,279,748,238,63
180,485,763,JK000474,2762,88,406,211,80
180,488,788,ShamIbadiyya0000050,1251,399,779,185,59
180,141,457,Shamela0008473,172,653,1196,238,53
180,475,779,JK000381,4319,97,436,223,80
180,485,763,JK000381,4684,807,1093,194,77
180,475,779,Shamela0011285,13,749,1089,226,81
180,485,763,Shamela0030435,36,657,974,203,77
180,488,763,Zaydiyya0000171,43,340,652,211,83
180,303,447,Shamela0005756,11984,22,186,91,68
180,141,457,Shamela0005756,12296,569,1121,237,52
180,485,818,Tafsir02102,17,542,922,243,78
180,144,457,Tafsir02102,342,201,764,226,48
180,488,652,Tafsir02102,495,1264,1459,123,77
180,485,763,Shamela0001404,180,354,693,214,78
180,32,457,JK007045,328,213,890,284,51
180,980,1473,JK007045,329,120,710,314,61
180,488,1098,JK007045,330,782,1302,306,54
180,478,763,Sham19Y0132524,672,1112,1430,216,84
180,485,763,JK000657,206,327,659,209,77
180,141,457,JK000916,2982,826,1199,186,53
180,1083,1363,JK000916,7291,141,405,189,78
180,485,763,Sham19Y0018144,1039,357,715,179,56
180,485,818,Masaha002872,38,688,1155,234,63
180,1024,1466,Masaha002872,49,172,987,286,39
180,485,763,JK000022,1489,991,1340,212,74
180,485,763,JK001492,120,462,676,147,65
180,141,457,JK009246,48,93,637,236,53
180,488,611,Sham19Y0122257,1247,795,935,92,80
180,144,488,Kraken230106005528,83,780,1168,182,56
180,488,1296,Kraken230106005528,85,771,1540,342,39
180,27,457,Shamela0023100,18,368,942,223,45
180,1098,1363,Zaydiyya0000067,197,991,1240,183,78
180,141,457,Sham19Y0018103,3137,651,1217,227,48
180,134,542,JK009241,914,117,561,221,56
180,1098,1363,Sham19Y0127677,392,863,1105,187,82
180,485,763,JK001079,10,334,631,190,71
180,141,542,JK009313,4239,544,907,195,49
180,141,457,Shamela0012884,43,506,1007,206,48
180,1098,1363,Shia002261Vols,61,671,913,187,82
180,141,457,JK001303,590,1064,1389,185,61
180,575,818,JK009315,23,0,281,167,73
180,485,788,Shamela0012415,186,794,1206,196,57
180,134,418,Shamela0012524,5,973,1448,164,40
180,121,457,Sham19Y0014119,188,1021,1381,263,90
180,1093,1473,Sham19Y0014119,189,585,935,261,80
180,485,859,Sham19Y0014119,190,1033,1476,289,80
180,478,763,ShamAY0033729,117,901,1229,216,81
180,485,818,JK000159,461,641,1080,211,59
180,485,818,Sham19Y0013614,264,0,362,241,82
180,141,457,ShamAY0038638,220,151,680,225,50
180,144,361,Shamela0036446,902,1181,1420,135,61
180,488,1172,Shamela0036446,903,1088,1529,269,42
180,141,457,JK009390,6451,896,1386,197,46
180,485,784,Shamela0021670,43,36,381,226,80
180,27,457,Shamela0001438,6477,808,1463,230,41
180,125,457,JK007065,256,350,922,248,53
180,485,637,JK007065,453,1252,1410,113,87
180,975,1363,JK007065,1231,814,1226,186,39
180,990,1466,JK001429,91,761,1432,314,53
180,141,542,JK009324,3603,691,1259,264,55
180,990,1260,Sham19Y0018569,389,501,1138,164,30
180,478,763,JK007128,505,45,342,189,74
180,485,1048,Sham19Y0020638,325,958,1505,294,53
180,485,831,Shamela0023628,2,544,990,233,65
180,1073,1363,Shamela0023628,15,296,561,197,79
180,485,822,Shamela0023628,426,902,1312,204,59
180,485,1363,Shamela0001875,506,410,1347,467,52
180,121,457,Sham19Y0016976,697,169,529,263,90
180,579,1064,Sham19Y0016976,703,493,1301,205,25
180,485,813,Sham19Y0016976,703,67,412,235,82
180,485,763,Shamela0023842,47,745,1089,214,76
180,488,763,Sham19Y0023618,25,1080,1307,162,68
180,134,457,Sham19Y0149697,1209,91,476,191,61
180,488,1363,Sham19Y0149697,1210,833,1519,434,54
180,1122,1473,JK008001,325,0,342,231,73
180,141,457,JK008001,5116,911,1426,197,44
180,141,457,Shamela0037837,961,772,1321,236,52
180,485,763,ShamAY0034005,861,681,1055,208,68
180,485,763,Shamela0027095,20,584,919,214,78
180,1073,1363,Shamela0027095,21,508,830,205,71
180,485,763,Sham19Y0122173,147,599,903,194,74
180,141,457,Shamela0001524,1333,1007,1570,230,48
180,485,763,Shamela0001524,1930,326,680,208,72
180,485,1112,Sham19Y0017903,956,929,1442,315,56
180,485,763,Shamela0000432,4396,1095,1421,214,81
180,513,1363,Kraken230110004547,401,0,594,382,52
180,141,457,Kraken230110004547,403,159,766,227,45
180,141,457,Shamela0021715,7798,600,1168,227,47
180,478,637,JK000146,206,1423,1606,115,77
180,163,542,JK000110,1391,0,673,248,44
180,1098,1363,Shamela0021659,248,887,1129,187,82
180,141,457,Sham19Y0017791,677,0,327,247,93
180,1024,1363,Sham19Y0017791,679,1261,1583,205,71
180,485,818,Sham19Y0017791,684,130,501,247,82
180,488,740,Shamela0009918,206,418,645,151,66
180,106,457,Sham19Y0017063,453,1167,1505,255,87
180,501,915,Sham19Y0017063,457,756,1494,314,52
180,1073,1363,Shamela0003118,6217,1181,1467,202,78
180,488,822,JK001480,22,1129,1472,219,73
180,485,763,ShamAY0033672,3,343,1029,202,36
180,485,818,Shamela0004473,13109,964,1358,239,75
180,149,457,Shamela0004473,13735,0,558,221,47
180,488,708,JK001236,35,1184,1449,167,77
180,708,1363,JK001236,36,0,457,268,45
180,475,763,Sham19Y0133367,10,161,482,216,82
180,485,637,Sham19Y0122406,1133,1360,1517,114,89
180,640,1048,Sham19Y0122406,1134,0,373,179,43
180,485,763,Sham19Y0013572,500,72,378,214,86
180,32,457,Shamela0021809,140,328,1016,267,46
180,980,1466,JK006888,1,488,1011,296,59
180,141,457,Sham19Y0018176,1911,528,1095,228,48
180,501,818,ShamAY0034080,136,0,433,230,65
180,27,457,ShamAY0034080,153,524,936,291,81
180,32,457,ShamAY0034080,155,640,1371,260,42
180,134,457,JK009408,229,757,1297,189,42
180,488,818,Zaydiyya0000062,4,1035,1441,235,72
180,980,1255,Sham19Y0145212,1522,955,1288,183,67
180,488,708,Sham19Y0145212,1525,194,457,169,78
180,485,763,Shamela0021315,145,364,690,213,81
180,141,542,Shamela0096283,396,170,860,254,44
180,1073,1363,Shia002069Vols,678,1050,1330,204,81
180,1073,1466,Shamela0001727,421,602,1364,270,41
180,485,1048,Shamela0001727,422,185,745,293,52
180,134,532,Shamela0010463,16,774,1445,251,44
180,1073,1466,Shamela0010463,21,49,252,130,38
180,488,648,Shamela0010463,22,1242,1455,117,68
180,1088,1473,Shamela0021537,2432,1322,1509,112,33
180,1088,1473,Shamela0021537,3457,528,715,112,33
180,1079,1473,Shamela0021537,5483,547,794,117,28
180,1088,1473,Shamela0021537,5588,619,806,112,33
180,990,1466,Shamela0021537,5744,972,1330,141,29
180,980,1466,Shamela0003055,3563,254,782,299,59
180,1073,1363,Shamela0038067,307,380,658,199,75
181,429,858,JK000465,4456,116,613,270,64
181,977,1312,JK000465,4516,922,1265,217,71
181,444,774,Sham19Y0014309,514,840,1166,226,81
181,1376,1515,PV2024060602,1975,1247,1385,106,93
181,977,1312,PV2024060602,2456,323,635,192,64
181,0,155,PV2024060602,6732,529,878,122,44
181,420,793,PV2024060602,6735,156,584,266,77
181,797,1312,PV2024060602,6736,777,1291,296,61
181,432,785,JK000080,541,760,1126,244,81
181,987,1477,JK000080,542,678,1151,229,51
181,1079,1515,JK000080,543,620,986,163,41
181,432,619,JK000080,543,356,544,126,80
181,432,822,Shamela0012579,1250,15,466,222,57
181,429,797,JK001012,377,467,831,240,76
181,432,1020,JK009336,2331,54,664,308,54
181,785,1312,Shamela0010460,44,327,879,292,61
181,977,1312,JK000754,743,342,597,170,61
181,432,767,JK001154,7,518,840,199,70
181,0,155,JK000140,947,801,1150,122,44
181,420,793,JK000140,950,423,851,266,77
181,797,1160,JK000140,951,1046,1379,178,52
181,1160,1312,JK000140,952,0,180,121,84
181,420,774,Shamela0008473,5144,185,545,247,83
181,1376,1515,Shamela0008473,5203,608,747,107,94
181,756,1160,Shamela0008473,5205,1115,1474,165,42
181,1160,1312,Shamela0008473,5206,0,179,120,83
181,953,1477,JK000381,5149,128,583,240,53
181,420,881,Shamela0001404,463,875,1367,241,53
181,1376,1515,JK007045,331,112,251,107,94
181,429,858,Masaha002872,77,518,997,253,61
181,1376,1515,Masaha002872,79,1093,1232,105,92
181,432,767,Shamela0023578,808,280,603,207,71
181,432,767,Shamela0005805,182,392,714,202,70
181,1376,1515,Sham19Y0122257,1251,516,655,107,94
181,797,1312,Shamela0009317,47,463,963,236,47
181,953,1216,Kraken220413194022,2689,1215,1478,164,73
181,439,774,Tafsir01005,1539,306,604,175,58
181,987,1312,Tafsir01005,6410,4,274,177,66
181,1376,1515,Tafsir01005,6410,765,908,104,89
181,1376,1515,Sham19Y0018103,4235,620,758,106,93
181,420,797,JK006476,2095,472,834,221,69
181,420,767,Shamela0009567,696,1038,1358,173,52
181,1160,1515,Sham19Y0014119,191,81,494,167,44
181,977,1312,ShamAY0033729,156,969,1252,178,63
181,420,1020,ShamAY0033729,156,86,713,299,48
181,1376,1515,Shamela0010906,4164,1202,1340,108,94
181,432,774,Shamela0036446,908,110,463,222,73
181,977,1312,Shamela0095735,324,149,505,247,85
181,444,774,Sham19Y0018569,403,807,1144,236,86
181,797,1477,Sham19Y0020638,328,655,1245,265,42
181,429,838,JK009236,71,380,827,229,60
181,797,1515,Shamela0001875,510,674,1398,348,50
181,1376,1515,Sham19Y0016976,704,856,1009,107,85
181,420,774,JK000637,2338,271,698,172,42
181,432,774,Shamela0021821,2070,481,756,162,56
181,447,767,JK005020,561,1041,1318,177,64
181,432,858,JK000021,800,1006,1395,179,45
181,977,1312,JK000021,807,592,898,178,58
181,1376,1515,Shamela0021715,10963,639,776,107,93
181,1376,1515,JK000110,1975,1247,1385,106,93
181,953,1312,JK001414,2654,663,1033,246,78
181,1376,1515,Sham19Y0017791,686,429,582,107,85
181,432,774,Shia002389Vols,3315,964,1241,162,56
181,432,785,Shia002389Vols,3366,1101,1393,167,55
181,1103,1312,ShamAY0033672,38,0,213,149,81
181,1376,1515,Sham19Y0013252,10555,729,875,107,91
181,1376,1515,Shamela0004473,15335,855,1007,106,85
181,977,1312,Shamela0025794,1759,305,561,163,56
181,420,774,Shamela0025794,2414,903,1358,172,39
181,432,767,JK000846,5,1009,1331,202,70
181,432,858,JK001236,38,557,1091,288,66
181,977,1312,Sham19Y0122406,1137,1132,1443,192,64
181,0,155,ShamAY0034080,202,1165,1399,122,66
181,432,822,ShamAY0034080,285,942,1399,256,65
181,432,645,ShamAY0034080,292,1153,1357,149,87
181,432,838,ShamAY0034080,296,715,1080,196,56
181,797,1312,ShamAY0034080,304,61,548,277,61
181,455,838,ShamAY0034080,305,292,730,223,58
181,1015,1312,Sham19Y0017581,299,0,310,219,86
181,1376,1515,Sham19Y0016584,4849,854,992,106,93
181,469,675,Zaydiyya0000062,2184,0,301,145,59
181,977,1312,JK000448,33,1014,1278,170,59
181,1156,1515,Sham19Y0145212,1526,357,683,164,54
181,977,1312,JK007043,500,0,287,186,64
181,420,619,Shamela0021315,221,440,812,115,38
181,432,826,Shia001237Vols,982,926,1256,184,56
181,1376,1515,Shamela0096283,465,798,951,107,85
181,439,774,Shamela0000782,978,0,348,243,86
181,797,1312,Shamela0000782,979,856,1410,296,59
181,977,1312,Shamela0001727,424,195,507,192,64
181,977,1312,Shamela0010463,852,414,769,246,84
181,400,774,Zaydiyya0000373Vols,84,1129,1501,211,66
181,420,826,Shia003101Vols,254,832,1168,191,55
182,150,655,JK009336,906,52,676,224,36
182,254,489,JK000754,2432,1125,1331,146,80
182,0,489,JK007045,331,251,936,358,65
182,975,1308,ShamAY0034059,2355,911,1302,198,54
182,0,489,Sham19Y0014119,191,494,1158,359,68
182,150,556,ShamAY0034134,870,704,1379,238,44
182,615,1308,ShamAY0033729,116,461,955,374,67
182,254,615,Shamela0000041,2841,623,1159,253,59
182,264,655,Shamela0023628,3780,1045,1498,245,67
182,150,556,JK001249,121,194,856,235,44
182,146,489,Sham19Y0017063,459,807,1263,239,65
182,979,1308,Zaydiyya0000142,1683,918,1197,210,78
183,419,1129,JK000995,422,702,1131,211,34
183,624,1135,JK001258,19,415,665,174,42
183,592,1135,Shamela0001391,264,94,464,197,41
183,842,958,JK000137,69,1177,1292,89,98
183,391,1478,JK006675,199,149,933,512,55
183,1478,1594,JK006675,200,144,259,92,94
183,1259,1393,JK000761,306,550,680,105,95
183,1143,1594,JK000761,307,313,485,128,34
183,585,1135,JK006975,267,161,577,218,42
183,975,1129,Shamela0004473,11415,1188,1346,110,87
184,1001,1432,Shamela0000894,1208,430,903,285,66
184,1018,1432,JK007074,746,347,758,222,53
184,998,1432,Shamela0010517,784,879,1342,287,66
184,81,284,JK007084,1190,789,994,164,95
184,81,284,Shamela0006739,1733,0,207,161,92
184,1001,1460,Sham19Y0014579,1000,604,1132,301,63
184,81,284,ShamAY0034315,2,456,658,165,97
184,1221,1432,Shamela0006053,47,92,251,113,65
184,1018,1437,Shamela0000432,5796,1017,1514,284,64
184,1001,1432,Shamela0004473,2999,288,762,289,66
184,1039,1442,JK000913,1586,821,1275,280,69
184,1001,1230,Shamela0021537,146,1376,1575,147,76
184,1221,1432,Shamela0021537,147,88,275,150,87
185,5,329,Sham19Y0017350,245,1020,1301,222,80
185,20,390,Sham19Y0013783,432,122,334,139,45
185,5,329,JK000710,116,63,361,210,71
185,5,329,Sham19Y0013769,416,340,589,190,69
186,1181,1354,Shamela0000894,346,1144,1334,126,77
186,1186,1401,Shamela0000894,427,950,1295,154,54
186,603,1178,Sham19Y0017350,244,263,850,448,93
186,1193,1396,ShamAY0034809,584,527,764,157,82
186,1181,1308,Shamela0010517,2694,1279,1407,96,94
186,1181,1308,Shamela0010517,2718,427,555,96,94
186,1181,1396,Shamela0008476,891,312,527,145,79
186,597,1178,JK000710,114,905,1502,448,92
186,1401,1602,Sham19Y0149697,2353,170,319,120,73
186,1201,1354,Shamela0000432,4600,577,739,118,90
186,612,1178,Sham19Y0014224,216,21,673,305,50
186,1201,1354,Shamela0004473,11475,215,377,118,90
186,713,1178,Shamela0005978,225,128,577,337,86
186,1201,1450,JK000281,1589,1290,1533,193,96
186,1201,1602,ShamAY0035247,2,70,434,275,81
186,603,1036,Sham19Y0013769,414,1111,1553,328,91
186,1036,1178,Sham19Y0013769,415,0,142,117,100
187,4,385,Sham19Y0149697,2353,326,652,219,72
187,139,323,Shamela0004473,11456,574,758,138,95
187,4,309,JK000281,1590,114,427,231,92
187,4,309,ShamAY0035247,2,441,759,231,92
188,540,729,Sham19Y0014249,527,445,629,121,77
188,540,853,JK000289,479,311,603,169,65
188,729,1031,JK000289,480,51,474,181,47
188,576,1212,Sham19Y0018607,484,202,1325,420,44
188,576,1212,Shamela0096257,445,420,1397,395,48
189,579,885,JK000995,430,1110,1366,189,72
189,1041,1268,JK000995,431,1261,1437,121,62
189,885,1031,JK000995,431,268,599,111,42
189,1268,1482,JK000995,432,25,245,168,93
189,431,885,Shamela0029882,647,625,1074,179,39
189,653,1486,Shamela0029882,648,0,945,561,66
189,574,1031,Shamela0031371,872,785,1244,292,68
189,623,885,JK006972,9,809,1014,130,55
189,623,885,ShamAY0034018,52,775,952,132,62
189,627,885,JK009336,49,1123,1326,158,75
189,615,1490,Shamela0036543,687,137,1008,512,60
189,1038,1490,JK000583,854,0,422,296,76
189,623,1563,JK000981,105,330,755,215,27
189,1191,1508,JK000981,108,0,332,237,84
189,1064,1535,Shamela0006068,22,423,828,275,72
189,574,885,JK007030,179,1131,1370,184,72
189,574,885,Sham19Y0132617,252,195,415,172,69
189,1064,1482,ShamAY0034405,25,247,589,260,77
189,623,880,Shamela0005756,1057,1248,1416,125,61
189,536,1031,Shamela0096178,134,988,1373,273,68
189,627,873,Shamela0096618,38,549,733,141,71
189,623,1116,Sham19Y0017807,29,50,286,150,37
189,606,890,JK001492,1116,783,1041,169,68
189,623,890,ShamAY0000134,9,1143,1325,133,61
189,606,894,Sham19Y0131336,506,327,563,174,74
189,890,1486,Shia002968,122,314,875,388,77
189,627,890,Shamela0012738,80,80,278,135,61
189,579,885,Zaydiyya0000153,130,511,758,198,80
189,1160,1490,JK006675,205,586,964,225,73
189,574,1026,JK000138,163,903,1402,291,64
189,1031,1475,JK000138,167,1076,1494,296,75
189,1041,1486,Shamela0035261,86,0,416,263,64
189,623,1031,Shia001414,163,1221,1618,227,58
189,1038,1544,Shia001414,164,182,816,286,49
189,1105,1482,JK005007,180,0,390,274,82
189,660,1563,ShamAY0033729,116,0,456,201,24
189,623,885,JK000162,240,327,504,132,62
189,606,885,JK000804,16,488,729,171,71
189,606,890,JK009138,200,272,467,154,67
189,1196,1490,JK005005,278,0,281,224,94
189,631,885,Shia001626Vols,276,232,448,154,71
189,606,1105,Shia002943,39,995,1480,273,59
189,1049,1482,Shia002943,40,0,409,290,76
189,1085,1482,JK000985,79,788,1432,287,53
189,602,894,Shamela0006053,6,1230,1483,171,68
189,890,1246,Zaydiyya0000015,807,1132,1468,217,70
189,574,885,Zaydiyya0000015,807,395,654,208,83
189,1209,1482,Zaydiyya0000015,808,0,287,216,91
189,623,885,Shamela0000432,4307,281,463,130,60
189,631,885,Shamela0009993,105,523,735,155,73
189,574,885,Shia001663Vols,438,706,962,189,74
189,1049,1563,JK006975,277,658,1182,347,74
189,627,885,Zaydiyya0000142,1683,725,905,132,62
189,533,885,JK006971,19,8,286,174,54
189,1085,1490,Shamela0005978,220,307,780,233,51
189,623,1563,JK000537,42,12,437,214,27
189,515,1246,JK001295,716,739,1444,476,74
189,1206,1563,JK001295,717,3,332,260,88
189,606,1464,Shamela0002241,61,610,1485,508,60
189,631,880,ShamAY0037293,39,163,357,145,71
189,631,890,Sham19Y0013631,2422,0,175,121,57
189,574,869,JK009149,935,1294,1568,173,64
189,579,873,Shamela0096878,67,1328,1556,179,74
189,1038,1482,Shamela0096878,68,944,1356,291,75
189,1064,1486,JK005004,242,920,1339,301,82
189,623,1554,Shamela0026802,20,710,1045,200,26
190,1271,1418,Sham19Y0013605,428,188,337,117,96
190,1271,1391,Shamela0005756,1074,1423,1542,96,99
190,1271,1479,Shamela0009993,121,770,967,141,83
190,461,871,JK009333,7,1159,1541,293,87
190,871,1215,JK009333,8,0,341,253,91
191,127,368,Sham19Y0013605,423,1220,1449,165,80
191,127,368,Shamela0005756,1054,827,1050,166,83
191,127,368,JK000137,73,734,1012,168,68
191,1139,1519,Shamela0035261,86,899,1403,269,61
191,134,368,Sham19Y0018106,181,155,339,133,71
192,243,801,ShamIbadiyya0000109,7620,736,1190,311,66
192,219,578,ShamAY0035035,8029,1065,1524,250,65
192,578,919,ShamAY0035035,8030,0,370,188,54
192,889,1205,ShamAY0035035,8030,1046,1437,232,74
192,227,1205,Shamela0006879,141,137,983,540,66
192,219,510,Kraken220413202218,935,1232,1548,205,71
192,219,919,JK000001,2597,513,1260,454,68
192,867,1205,JK000001,2598,53,388,246,91
193,0,697,Sham19Y0016684,104,1107,1518,285,49
193,591,792,Sham19Y0016684,105,9,242,144,74
193,0,258,Shamela0021715,432,1327,1584,203,94
193,258,792,Shamela0021715,433,0,527,385,82
194,350,612,JK000281,4449,128,550,157,47
195,773,1141,Shia001174Vols,3258,67,434,148,37
195,91,439,Shamela0002569,294,505,1108,210,44
196,18,242,Sham19Y0131521,4841,431,685,134,62
196,62,307,Shia000181,197,467,717,192,95
196,430,696,Sham19Y0017437,1658,820,1073,183,75
196,58,307,JK009266,6600,19,244,167,82
196,0,227,Zaydiyya0000295Vols,1104,119,336,135,68
196,58,307,JK006478,6489,672,923,187,89
196,38,307,Sham19Y0122257,2256,896,1303,179,54
196,18,227,Shamela0023591,4995,887,1117,121,54
196,62,307,Sham19Y0020891,4005,126,377,194,96
196,108,307,Kraken220727035853,3060,1294,1496,150,89
196,405,696,JK000166,8141,225,546,238,90
196,15,307,Shamela0001466,2009,7,281,164,62
196,62,307,Zaydiyya0000062,1221,145,395,193,95
196,62,257,JK001496,1432,1357,1557,153,94
197,281,419,Sham19Y0123663,143,1463,1605,99,78
198,1357,1509,Sham19Y0013605,2569,854,1013,118,94
198,1357,1488,Shamela0005756,8967,1357,1495,101,92
198,1233,1509,Sham19Y0018106,2085,202,433,123,55
198,0,235,Shamela0012001,77,297,854,105,22
198,0,353,Sham19Y0016976,768,433,875,143,36
198,111,353,JK000298,5227,41,318,171,70
199,56,1050,ShamAY0032443,1427,318,922,261,31
199,350,621,JK000289,1008,1151,1391,164,75
199,269,1050,Shamela0021751,2353,22,885,562,81
199,171,551,Shamela0021751,7505,975,1417,227,60
199,314,1050,Shamela0021751,7506,62,514,278,43
199,167,1044,Sham19Y0150676,855,853,1365,249,36
199,171,1050,JK007132,1559,548,1066,263,37
199,1360,1512,JK009333,8,344,497,122,99
199,61,411,JK000281,2858,1004,1478,159,36
199,411,1050,JK000281,2859,0,655,495,95
200,989,1304,JK000754,2477,1041,1405,205,64
200,989,1417,Shamela0023685,1042,36,573,321,71
200,989,1417,Shamela0026568,928,769,1326,325,70
200,826,1242,Shamela0021715,10400,392,830,238,55
200,800,1238,JK000298,2875,1064,1488,219,49
200,559,826,JK000166,9992,1286,1512,175,78
200,826,1587,JK000166,9993,0,881,560,72
200,4,387,JK009333,8,502,883,292,96
201,1121,1294,JK000238,1674,798,978,134,92
201,1074,1361,Sham19Y0014556,809,1266,1568,219,90
201,547,917,Sham19Y0016684,1959,756,1234,233,58
201,547,917,JK007117,2059,865,1296,217,57
201,1082,1566,Sham19Y0013253,522,595,1150,338,75
201,547,917,Sham19Y0013253,523,338,812,230,58
201,1314,1566,Sham19Y0013252,10159,755,1023,164,72
201,547,917,Sham19Y0013252,10160,306,775,230,59
201,1082,1566,Sham19Y0122406,3431,920,1457,331,75
201,602,917,Sham19Y0122406,3432,980,1320,209,73
201,3,421,JK000166,9993,884,1302,315,90
201,539,814,JK000166,9995,1091,1420,190,71
202,0,247,Sham19Y0014556,810,232,480,182,91
202,0,247,Sham19Y0013253,522,1150,1451,181,74
202,560,1529,Sham19Y0149697,491,824,1186,274,35
202,737,911,Shamela0021715,10482,292,453,128,92
202,0,247,Sham19Y0013252,10159,1023,1307,169,72
202,12,247,Sham19Y0122406,3432,9,260,162,78
202,661,904,JK000166,10094,67,300,168,83
202,1254,1529,JK000166,10095,1083,1376,201,80
203,299,582,Sham19Y0122096,3766,1042,1369,148,46
203,4,577,Sham19Y0149697,491,1186,1520,261,56
203,257,822,Shamela0021715,10482,183,907,401,66
203,449,822,Sham19Y0018272,801,475,847,246,75
203,455,822,Sham19Y0018272,2017,95,417,213,66
203,257,634,JK000298,4746,397,826,249,70
203,1043,1503,JK000298,4947,1088,1506,328,85
203,455,822,Sham19Y0150639,445,421,741,218,68
203,455,825,Shamela0000140,1388,502,822,203,62
203,455,822,Shamela0000140,1987,330,525,126,42
203,455,822,JK000166,10094,1080,1442,255,81
207,576,710,JK006671,72,596,738,102,91
207,576,1128,Tafsir09083,303,185,711,379,85
207,573,1064,ShamIbadiyya0000050,1851,614,1201,307,58
207,576,1047,JK009266,2894,161,744,298,58
207,573,972,AOCP2023090610Vols,79,675,1072,243,64
207,576,1047,Shamela0022769,300,804,1285,285,65
207,564,1128,JK000876,314,748,1319,410,86
207,669,1145,JK001492,265,0,515,344,79
207,573,1047,Rafed0001713Vols,569,150,658,337,79
207,576,904,Meshkat00042485,2256,294,606,247,94
207,576,1014,ShamAY0034059,1175,1161,1627,312,80
207,576,1128,Tafsir01006,357,239,732,373,82
207,573,1175,Tafsir07076,1879,56,991,348,45
207,564,920,JK009268,1491,1075,1538,248,63
207,576,1028,Shamela0023624,269,740,1277,290,65
207,576,1054,JK000458,781,87,540,334,87
207,653,1098,Rafed0003257Vols,1673,4,656,312,57
207,576,1032,Rafed0003257Vols,1867,812,1525,336,57
207,576,876,Tafsir07057,1289,1289,1608,209,75
207,876,1123,Tafsir07057,1290,0,448,192,53
207,576,1047,Tafsir02091,557,46,694,253,45
207,576,1047,ShamAY0033108,424,726,1374,253,45
207,576,1054,Tafsir03095,220,138,640,296,69
207,573,1123,Shamela0010273,562,207,816,367,72
207,605,1098,Shamela0011314,122,0,785,360,56
207,573,880,Sham19Y0020891,1530,1272,1576,227,88
207,880,1054,Sham19Y0020891,1531,0,178,137,97
207,584,1054,Shamela0001466,554,259,780,335,75
207,576,1074,Zaydiyya0000149,268,740,1456,290,46
207,549,1054,Zaydiyya0000062,352,760,1254,348,82
207,573,1001,JK001496,483,1139,1567,320,90
208,633,943,Sham19Y0127677,1242,10,338,119,33
208,633,943,JK009390,3131,476,804,136,44
208,633,986,Shamela0001438,4692,426,726,145,45
208,699,943,JK008001,6589,837,1100,137,60
209,183,525,Sham19Y0014297,1871,882,1186,125,33
209,177,525,JK007132,941,393,674,166,52
209,1404,1639,JK000166,3141,913,1256,184,63
209,815,1234,JK009333,8,888,1281,299,88
209,356,664,JK000281,2344,15,250,146,52
210,833,1144,Shamela0001390,112,686,1085,184,55
210,514,857,JK000298,2600,968,1562,197,36
210,857,1141,JK000298,2601,0,263,184,78
211,692,1050,Sham19Y0017437,1609,381,641,121,40
211,706,913,Shamela0005756,7767,497,734,80,36
211,486,955,Shamela0005756,14444,342,801,236,49
211,265,955,JK000166,9316,152,906,419,62
211,516,1050,JK000201,1972,143,597,204,44
211,0,955,ShamIbadiyya0000438,866,306,847,295,35
212,95,432,JK007070,655,303,573,210,78
212,297,432,JK006897,495,0,128,101,94
212,95,432,JK009141,63,14,291,215,80
212,95,432,Zaydiyya0000080,269,250,526,211,77
212,95,432,PV2024060602,2107,569,845,214,79
212,95,432,PV2024060602,4158,221,500,209,75
212,270,432,PV2024060602,4294,0,154,120,91
212,95,436,Shamela0021766,640,1236,1512,213,78
212,95,432,Sham19Y0017616,230,634,893,199,74
212,95,432,Shamela0009810,891,542,822,210,76
212,95,432,Shamela0009810,1129,411,688,201,71
212,95,432,Shamela0012014,383,368,641,212,79
212,95,436,JK000381,9590,710,985,213,77
212,95,441,JK006950,3890,883,1167,216,77
212,95,432,Shamela0011290,8,756,1034,215,80
212,95,432,Sham19Y0022884,274,37,314,215,80
212,95,432,Shamela0022644,2560,954,1232,216,80
212,95,448,Shamela0029967,98,10,307,220,77
212,95,432,Shamela0009111,165,29,309,216,80
212,169,432,JK000137,330,51,253,155,74
212,95,432,Sham19Y0127677,1344,31,309,213,79
212,95,432,Sham19Y0017729,10,425,702,215,80
212,95,432,Sham19Y0017747,2228,1123,1398,214,79
212,95,429,Shia002261Vols,186,1302,1560,201,75
212,95,441,JK006983,8,1102,1386,216,77
212,305,432,JK009390,1233,0,121,95,93
212,95,432,Shamela0001438,2154,744,1021,214,80
212,87,432,JK009274,482,714,999,215,79
212,95,351,JK007065,981,1252,1453,160,77
212,116,432,JK000141,440,4,255,192,75
212,95,432,JK000141,575,1102,1378,200,70
212,95,432,Sham19Y0020638,45,29,306,215,80
212,95,432,JK000484,3415,942,1154,158,58
212,95,432,JK008001,6250,673,950,214,80
212,95,432,Sham19Y0017903,16,826,1097,210,78
212,95,432,Sham19Y0035453,121,560,825,205,76
212,95,432,Shamela0021659,647,486,758,209,78
212,95,432,AOCP20240501183,243,952,1229,215,80
212,95,432,AOCP20240501183,275,744,1026,215,79
212,95,432,JK007083,223,556,831,212,79
212,95,432,Shamela0000140,2168,598,871,212,79
212,95,432,Shamela0004473,2727,272,552,198,70
212,95,351,Shamela0025794,1414,863,1136,144,62
212,95,432,Sham19Y0122406,221,1011,1287,214,79
212,95,432,Shamela0009270,237,82,294,158,58
212,95,432,Sham19Y0013572,1044,1234,1506,209,78
212,270,432,ShamIbadiyya0000438,1024,12,166,122,95
212,95,432,Shamela0001727,75,431,707,214,79
212,95,432,Shamela0021537,1049,431,711,199,71
213,1137,1491,JK000298,3731,510,893,256,84
214,1135,1466,JK000264,3617,319,774,213,57
214,102,299,JK000467,691,585,879,132,58
214,1135,1470,JK000583,281,271,669,229,73
214,170,275,JK000583,557,26,184,81,66
214,1135,1470,Sham19Y0122096,1570,576,916,243,89
214,183,333,Sham19Y0122096,2893,530,967,116,34
214,855,1001,JK007044,5152,1200,1344,109,91
214,1135,1470,JK001160,154,748,1152,238,74
214,90,275,Shamela0021494,419,782,974,88,44
214,27,275,Shia002261Vols,316,161,339,96,42
214,27,275,JK009390,1727,951,1218,106,38
214,1152,1345,Sham19Y0023625,2664,465,690,137,76
214,14,275,JK009274,699,818,1044,96,39
214,1135,1466,Shamela0001442,909,766,1214,218,60
214,14,250,JK007006,1264,1041,1430,83,26
214,1135,1396,Sham19Y0014601,5972,532,911,183,61
214,183,275,Shamela0021659,1095,877,969,71,100
214,14,280,Sham19Y0018272,1628,297,587,98,31
214,855,1312,JK000298,2283,1037,1582,324,69
214,1312,1466,JK000298,2284,0,136,98,80
214,90,333,JK000298,3734,615,788,109,57
214,1152,1466,JK001249,342,717,1094,222,74
214,27,280,ShamAY0036018,74,409,591,106,54
214,102,275,ShamAY0032799,26,247,461,107,61
215,1391,1565,ShamIbadiyya0000155,113,639,821,130,92
215,633,960,Sham19Y0131521,6396,181,381,117,43
215,1391,1519,Shamela0021481,38,1320,1441,92,89
215,624,1058,JK000080,998,1186,1460,121,30
215,1058,1565,JK000080,999,0,637,366,72
215,1391,1565,Shamela0026484,114,749,926,126,90
215,1391,1534,Sham19Y0006684,4293,1310,1452,113,99
215,1391,1565,JK000467,56,206,388,130,92
215,1391,1565,JK009336,3450,9,189,130,93
215,1391,1565,ShamAY0036197,33,996,1176,130,93
215,605,926,Sham19Y0122096,1040,1009,1531,162,36
215,435,834,JK007044,5205,99,293,135,40
215,1391,1565,Shamela0021479,71,1012,1194,130,92
215,1391,1511,Sham19Y0146127,2848,886,1431,69,14
215,1391,1565,JK006877,6,879,1065,130,90
215,1391,1565,Zaydiyya0000352,334,992,1163,119,85
215,1391,1565,JK000916,3682,1150,1349,130,84
215,1391,1565,Shamela0012399,3935,1227,1407,130,93
215,302,740,ShamAY0035035,6190,707,1020,206,57
215,1386,1569,Sham19Y0014592,1963,1092,1262,127,86
215,1391,1565,Shamela0021751,7419,1025,1209,124,88
215,339,729,JK005021,342,49,368,200,55
215,1391,1565,Sham19Y0014462,81,538,718,130,93
215,633,834,Shia002261Vols,101,659,818,123,77
215,1391,1565,JK000585,2277,646,826,130,93
215,1391,1565,Zaydiyya0000353,13,700,886,130,90
215,633,1009,Shamela0001438,1269,245,788,184,37
215,1356,1569,Kraken220413202218,508,127,329,130,72
215,1386,1565,Shamela0029677,2087,1312,1503,127,86
215,1391,1565,Shamela0028107,725,1134,1314,129,92
215,633,851,Shamela0006947,17031,894,1182,134,58
215,605,834,Sham19Y0018272,633,214,660,134,36
215,605,834,JK000298,1540,527,640,73,37
215,1391,1565,JK007007,43,1064,1240,119,86
215,1391,1534,Shamela0003118,1370,314,809,109,28
215,1391,1565,JK001503,3740,641,821,130,93
215,1391,1550,Zaydiyya0000229,319,236,400,119,92
215,1391,1565,JK009408,327,374,547,118,85
215,1391,1569,Shamela0013039,12,643,802,125,88
215,1386,1569,Zaydiyya0000330BK1,39,406,578,128,86
215,1391,1565,Shamela0030868,270,742,948,124,78
215,440,789,JK000001,1699,666,1017,199,65
216,203,410,JK009141,847,92,364,112,52
216,203,465,JK000080,998,1061,1318,206,97
216,203,410,JK009336,3449,1182,1337,120,70
216,618,1604,JK000754,2566,262,1294,659,72
216,618,802,Shamela0005756,14206,1055,1227,128,87
216,911,1604,Sham19Y0001729,1964,0,622,476,84
216,203,410,Shamela0029677,2087,1078,1231,118,69
216,203,410,JK000071,178,395,611,116,58
216,203,410,JK000071,380,1163,1321,116,69
216,1193,1555,Sham19Y0122406,4222,1251,1438,112,36
216,476,618,JK000166,8916,1085,1208,96,84
216,790,1604,JK000166,8917,626,1406,592,88
216,618,790,JK000166,8918,1007,1178,136,99
216,356,1365,ShamIbadiyya0000438,978,610,1513,528,55
216,1365,1604,ShamIbadiyya0000438,979,0,232,177,89
216,203,410,JK009245,59,82,242,116,68
217,0,252,JK000754,2566,1294,1486,151,75
217,0,252,Sham19Y0001729,1964,622,849,153,69
217,7,107,JK000166,8917,1413,1513,79,100
217,114,252,JK000166,8918,0,138,109,100
217,0,258,ShamIbadiyya0000438,979,232,466,170,81
217,397,589,JK009333,8,1281,1474,140,84
217,594,1116,JK009333,9,0,503,396,95
218,513,895,Sham19Y0131521,6403,574,942,183,46
218,452,570,JK007044,5239,328,752,80,24
218,678,835,Sham19Y0038171,1638,714,937,120,68
218,678,937,ShamAY0035035,6275,469,1009,198,46
218,689,937,Shamela0005675,18,849,1089,176,88
218,283,526,Sham19Y0023625,2350,204,730,157,37
218,678,895,JK007128,800,519,704,119,70
218,543,943,Shamela0000432,6279,46,429,227,66
218,287,526,Shamela0021715,243,695,1026,131,47
218,283,526,Shamela0021715,3968,1167,1397,123,59
218,230,895,Sham19Y0018272,268,7,312,161,29
218,452,570,Sham19Y0017063,1195,955,1343,77,25
218,283,526,JK000166,143,860,1283,143,42
218,283,526,Sham19Y0018176,60,867,1164,154,62
218,283,526,ShamIbadiyya0000438,1217,211,576,144,49
218,780,937,JK001197,197,0,158,121,96
218,659,943,JK000001,1733,523,818,204,83
219,0,238,Shamela0000894,4525,695,940,173,89
219,0,235,PV2024060602,672,733,968,177,95
219,0,227,PV2024060602,1664,213,397,128,72
219,0,231,PV2024060602,3700,266,484,139,75
219,0,255,JK009336,3115,40,284,160,78
219,0,235,Sham19Y0013605,2421,924,1159,177,95
219,0,190,Sham19Y0013605,4365,1167,1329,111,74
219,0,235,Shamela0005756,8467,1163,1398,177,95
219,0,227,Shamela0005756,13863,609,793,128,72
219,8,200,JK007045,709,640,828,111,65
219,597,1016,JK011730,1420,970,1543,203,37
219,5,165,JK011730,1422,564,833,96,46
219,0,235,ShamAY0035035,6402,1138,1401,137,59
219,644,1075,ShamAY0035035,6403,54,469,254,66
219,0,280,Sham19Y0016684,1036,565,818,184,83
219,5,238,ShamAY0002038,467,768,986,161,85
219,0,235,Sham19Y0018103,1868,311,546,177,95
219,0,227,Sham19Y0018103,3663,803,987,128,72
219,68,235,Sham19Y0127677,2400,1372,1510,110,82
219,0,235,Sham19Y0018106,1909,147,382,177,95
219,0,227,Sham19Y0018106,3754,197,381,128,72
219,0,200,Sham19Y0014119,463,269,466,112,64
219,17,235,Shamela0036446,1083,239,456,159,92
219,68,235,JK009390,2649,842,982,110,82
219,17,238,JK007054,1086,840,1073,150,76
219,5,235,Shamela0006610,1141,736,943,145,79
219,68,255,Shamela0001438,4360,858,1017,117,78
219,0,235,Shamela0007435,646,991,1212,161,84
219,68,227,JK009274,1030,1026,1157,104,82
219,0,171,JK007065,207,1308,1469,117,86
219,17,235,JK009324,2644,618,836,164,95
219,5,231,Sham19Y0020638,1380,1192,1404,134,75
219,0,200,Sham19Y0016976,1462,158,360,112,62
219,68,235,JK008001,1042,728,867,110,83
219,0,245,Shamela0037837,603,883,1198,179,72
219,17,235,Shamela0005772,143,1115,1318,147,85
219,0,123,Shamela0021715,4293,1439,1561,88,90
219,123,235,Shamela0021715,4294,0,112,89,100
219,0,227,Shamela0021715,9240,774,957,126,71
219,0,235,JK000110,672,733,968,177,95
219,0,227,JK000110,1664,213,397,128,72
219,68,235,Shamela0021659,1448,737,876,110,83
219,0,235,Sham19Y0127656,308,1045,1270,169,90
219,13,200,Sham19Y0017063,1183,1055,1233,108,66
219,0,235,Sham19Y0013252,4626,974,1209,177,95
219,0,227,Sham19Y0013252,8979,548,730,128,71
219,0,231,Sham19Y0122406,4231,167,385,139,75
219,5,235,Sham19Y0018176,1030,0,230,173,95
219,0,227,Sham19Y0018176,2248,659,843,128,72
219,597,741,Hindawi059507481,138,831,978,97,78
219,0,235,Sham19Y0016584,2062,719,954,177,95
219,0,227,Sham19Y0016584,4129,1144,1328,128,72
219,8,200,Sham19Y0145212,2926,1209,1396,109,64
219,5,235,Shamela0096283,231,1023,1270,172,88
219,0,231,Shamela0001727,1668,143,361,139,75
219,0,245,ShamAY0038083,191,386,613,165,85
219,644,1062,JK000001,1786,125,547,261,67
220,20,317,JK000080,1043,615,1071,172,49
220,91,568,Sham19Y0038171,1636,299,676,171,36
220,91,568,ShamAY0035035,6273,146,523,171,36
220,211,417,Sham19Y0127677,1330,457,641,139,86
220,211,388,Shamela0010906,3984,418,574,118,85
220,63,582,JK009390,3339,408,711,199,47
220,211,1019,Shamela0001438,2140,618,1104,278,44
220,244,824,JK008001,95,0,305,216,48
220,211,411,JK000044,1,1239,1425,123,75
220,211,388,ShamAY0032920,9,263,417,115,82
220,211,388,ShamAY0032109,35,769,944,118,77
220,211,388,Shamela0012750,517,199,355,118,85
221,269,598,JK000264,3456,1269,1547,226,83
221,285,703,Sham19Y0122096,489,1115,1493,235,67
221,703,1045,Sham19Y0122096,490,0,327,192,63
221,1301,1533,Shamela0005756,336,81,220,69,31
221,1050,1556,Sham19Y0132524,118,965,1490,284,61
221,0,264,ShamAY0035035,6274,1031,1391,196,65
221,115,1045,Sham19Y0132963,164,660,1526,657,82
221,1060,1533,Sham19Y0013253,14,296,819,242,54
221,781,1045,Sham19Y0023625,2350,0,258,189,86
221,456,1045,Shamela0021715,3968,767,1221,316,63
221,790,1045,Sham19Y0018272,19,1201,1454,192,87
221,0,493,Sham19Y0018272,276,1176,1472,238,59
221,1110,1533,Shia001174Vols,3504,108,568,231,55
221,1060,1364,Sham19Y0122406,173,1147,1474,148,53
221,115,1045,JK000166,143,49,914,649,82
221,0,229,JK000201,3368,1196,1527,173,63
221,807,1045,Sham19Y0018176,60,690,921,182,92
221,1064,1552,JK007140,8669,1178,1514,132,27
221,115,482,ShamIbadiyya0000438,1216,1225,1520,224,73
221,807,1045,ShamIbadiyya0000438,1217,21,265,183,89
222,1054,1296,Shamela0023578,1443,60,392,166,61
223,815,1070,Shamela0012579,2265,0,379,163,51
223,799,1070,Shamela0021485,20,924,1339,185,55
223,20,441,Shamela0023578,1443,965,1490,294,65
223,804,1070,Shamela0023578,1444,875,1299,186,54
223,457,785,Shamela0023578,1444,0,408,213,63
223,804,1070,Shamela0029847Vols,40,945,1353,160,48
223,804,1070,Shamela0007798,4694,66,493,185,53
223,804,1070,JK000776,19,868,1259,156,48
223,20,799,JK007011,46,519,1497,500,58
224,1269,1437,Sham19Y0013605,3872,53,230,128,92
224,1269,1428,Shamela0005756,12640,253,413,125,99
224,1269,1428,Sham19Y0016684,1733,465,625,125,99
224,1269,1472,Sham19Y0016946,633,377,599,135,77
224,1269,1428,Sham19Y0018103,3241,325,485,125,99
224,1269,1428,Sham19Y0018106,3379,837,997,125,99
224,1078,1366,JK000216,462,21,239,136,56
224,1269,1433,Sham19Y0014119,302,1145,1286,106,80
224,718,903,Shamela0010527,412,1221,1366,116,77
224,1269,1428,JK007054,973,733,893,125,99
224,983,1245,Shamela0001438,4214,487,663,140,66
224,965,1345,JK007065,1452,968,1110,83,27
224,1269,1428,JK007065,1499,259,422,125,97
224,1272,1428,Sham19Y0014579,1063,1344,1501,123,99
224,1272,1558,JK009324,2466,297,575,176,68
224,1272,1507,Sham19Y0018569,607,317,495,93,46
224,1272,1472,Sham19Y0016976,1069,307,452,104,67
224,1269,1428,Shamela0037837,463,14,162,100,71
224,1269,1428,Shamela0021715,8101,32,192,125,99
224,684,903,Sham19Y0018272,19,851,1193,149,53
224,1248,1558,Sham19Y0018272,2137,84,297,149,58
224,1269,1428,Sham19Y0013252,7632,1243,1403,125,99
224,1269,1428,Shamela0025794,5221,1123,1284,125,98
224,1269,1428,Shamela0025794,5232,1069,1231,125,98
224,1258,1428,JK000961,317,505,672,106,70
224,1269,1428,Sham19Y0018176,1985,504,664,125,99
224,1269,1428,Sham19Y0016584,3647,463,623,125,99
224,1258,1428,Sham19Y0145212,2098,575,727,107,76
225,1353,1613,Sham19Y0013605,3872,1140,1446,188,69
225,1353,1613,Shamela0005756,12641,529,825,181,67
225,565,740,Sham19Y0016946,633,930,1093,117,81
225,1353,1613,Sham19Y0018103,3241,1132,1428,185,69
225,0,520,JK009324,2466,575,1103,258,51
225,0,740,JK007128,1072,282,1014,283,38
225,1391,1613,Shamela0021715,8102,0,282,174,75
225,0,1219,Sham19Y0018272,2137,297,1494,909,89
225,1311,1616,Sham19Y0018272,2138,17,338,235,89
225,213,451,Shamela0000140,2004,1303,1529,177,91
225,340,647,Sham19Y0013252,7634,670,938,137,53
225,0,616,JK000166,6969,847,1459,483,96
225,616,1616,JK000166,6970,0,1045,747,83
226,808,1080,PV2024060602,2886,185,677,203,52
226,931,1275,JK000165,2159,522,829,163,50
226,1253,1535,JK000754,1873,234,436,105,37
226,272,414,Shia001432Vols,22652,997,1138,110,98
226,1095,1302,Shamela0021715,3491,862,1046,118,67
226,0,304,Sham19Y0018272,2138,338,632,203,81
226,1337,1535,Sham19Y0014605,386,0,302,107,41
226,1083,1535,JK007132,2016,256,788,183,35
226,808,1080,Sham19Y0122406,2243,675,1167,203,52
226,1095,1229,JK000166,3194,1209,1343,105,95
226,0,237,JK000166,6970,1045,1280,190,97
226,1095,1229,JK000201,2007,199,333,105,95
226,4,208,JK000201,2759,932,1149,155,85
226,31,185,Sham19Y0145212,2098,1359,1572,90,49
226,808,1080,Shamela0001727,854,64,556,203,52
227,1442,1564,Sham19Y0131521,4648,106,223,93,94
227,1442,1564,Sham19Y0014309,215,283,406,97,98
227,1442,1564,JK000165,2159,1215,1336,96,97
227,0,283,JK000754,1873,436,688,189,79
227,345,1360,ShamAY0032443,1995,16,1197,265,21
227,992,1427,Sham19Y0014442,2199,950,1488,240,54
227,1442,1564,ShamIbadiyya0000433,847,794,1200,98,30
227,67,283,Sham19Y0018493,110,1030,1294,159,73
227,91,482,Sham19Y0014605,386,348,625,174,54
227,1442,1564,JK000166,3195,380,501,96,97
227,1442,1564,JK000201,2007,1172,1293,96,97
228,0,342,Sham19Y0131521,4648,223,564,276,98
228,0,189,JK000165,2159,1336,1537,150,88
228,287,501,JK009151,112,840,1044,110,56
228,797,1021,Sham19Y0146127,1792,728,965,167,85
228,0,255,Shamela0005756,7281,293,546,198,94
228,411,670,JK000192,876,21,325,135,50
228,797,947,JK009139,2306,30,208,104,69
228,797,1021,Shamela0002863,1410,832,1171,157,58
228,229,974,JK007117,1384,294,862,246,33
228,797,1017,JK000560,85,649,996,159,57
228,0,196,Sham19Y0017747,1117,20,257,149,74
228,1171,1324,Sham19Y0017747,1117,1065,1214,104,82
228,242,974,Sham19Y0014580,1352,246,768,213,30
228,242,501,JK000180,111,125,469,146,46
228,250,501,JK007060,103,1274,1532,130,53
228,797,1014,Shamela0012415,363,329,591,153,67
228,797,931,Sham19Y0013241,1053,1289,1428,102,88
228,797,1021,JK000484,3442,504,768,172,81
228,797,931,ShamIbadiyya0000433,847,483,618,104,96
228,0,242,Shamela0000432,5480,1299,1519,164,78
228,118,757,Shamela0021715,3492,0,476,200,32
228,811,947,JK001503,2676,1106,1235,95,88
228,0,1017,JK000166,3195,501,1480,770,92
228,1171,1341,JK000166,3196,433,586,106,76
228,0,266,JK000201,2007,1293,1558,217,98
228,266,1014,JK000201,2008,0,711,548,89
228,242,501,Shamela0001142,1735,547,810,146,58
229,910,1232,Shamela0013152,26,569,818,186,72
229,910,1232,JK009141,871,277,562,216,82
229,1105,1235,JK009152,2127,560,687,99,90
229,978,1232,Shamela0000894,4492,1068,1416,149,45
229,988,1398,Shamela0009823,393,337,732,221,60
229,910,1232,PV2024060602,3498,383,711,247,91
229,907,1232,Sham19Y0017616,460,455,793,249,89
229,978,1583,Shia001432Vols,22641,447,795,184,33
229,0,114,Shia001432Vols,22650,256,370,90,99
229,1241,1398,Shia001432Vols,22651,439,585,108,86
229,1241,1398,Shamela0008243,34,1175,1321,105,84
229,1268,1464,Sham19Y0038171,1669,732,1108,122,40
229,1054,1235,ShamAY0033181,1265,899,1080,138,90
229,1054,1235,ShamAY0033181,1335,379,560,138,90
229,910,1232,Sham19Y0018264,8,158,425,172,63
229,0,114,ShamAY0035035,6306,16,147,88,84
229,1241,1398,ShamAY0034059,77,999,1146,108,86
229,910,1232,Kraken220413194022,1334,382,661,185,63
229,1105,1232,Sham19Y0017747,2371,893,1018,94,87
229,1132,1376,Shamela0006610,956,0,398,113,34
229,902,1232,Sham19Y0020638,1209,469,807,254,92
229,910,1219,JK000021,1468,1067,1402,231,82
229,910,1232,JK001414,1306,1057,1336,186,67
229,978,1583,Shia001174Vols,3394,51,397,183,33
229,1169,1515,Sham19Y0017063,1183,0,393,83,16
229,910,1232,Sham19Y0122406,3825,520,848,247,91
229,1132,1398,Shia004042Vols,489,489,868,146,47
229,910,1232,Shamela0001727,1466,264,592,247,91
229,1241,1427,JK000001,1744,378,553,119,77
230,0,821,Shia001432Vols,22641,795,1525,450,60
230,828,1081,Shia001432Vols,22642,0,241,173,79
230,0,1081,Shia001174Vols,3394,397,1392,634,65
230,303,846,Sham19Y0122406,3826,336,1079,291,45
231,560,754,Sham19Y0131521,6323,192,372,137,87
231,1167,1491,Shia001432Vols,22651,839,1155,237,90
231,637,754,Sham19Y0038171,1666,0,116,92,98
231,560,754,ShamAY0035035,6306,174,443,153,71
231,1020,1152,Sham19Y0014556,720,379,506,96,93
231,1167,1491,Kraken220413202218,524,478,773,222,84
231,560,754,JK000001,1742,175,386,142,84
231,1167,1491,JK000001,1744,1055,1534,194,44
232,216,544,JK000080,976,373,728,255,89
232,213,367,JK009391,96,1254,1374,78,63
232,246,448,JK007040,4399,1193,1365,97,59
232,667,969,Shamela0005756,8533,494,677,98,35
232,246,448,Shamela0001687,9828,447,613,94,53
232,277,490,Shia002264,470,1200,1411,154,85
232,105,537,Sham19Y0016684,1044,121,379,133,35
232,1148,1356,Sham19Y0016684,1044,913,1125,166,96
232,667,801,JK009324,2670,224,528,96,40
232,1130,1356,ShamAY0035961,240,5,227,175,95
232,943,1356,Shamela0021715,4341,5,262,198,59
232,277,519,JK000298,4207,1081,1545,173,44
232,1148,1334,Shamela0000140,563,266,451,129,80
232,122,372,Shamela0025794,5302,5,463,102,24
232,392,1058,JK000166,3765,421,1166,255,33
233,14,261,Shia001432Vols,22651,0,240,181,88
233,1244,1362,Shia001432Vols,22651,245,343,73,80
233,1257,1544,Sham19Y0038171,1668,639,998,180,57
233,1257,1538,ShamAY0035035,6309,266,605,170,55
233,1244,1432,JK005021,357,440,674,120,61
233,1194,1544,JK000001,1743,885,1090,142,50
233,0,399,JK000001,1743,250,621,199,51
234,982,1195,Sham19Y0131521,6397,31,235,162,93
234,1218,1552,JK000080,1025,695,967,182,63
234,831,1195,Shia001432Vols,22652,1138,1493,274,91
234,0,668,Shamela0008243,34,265,973,395,63
234,0,222,Sham19Y0038171,1668,998,1467,170,44
234,195,680,Sham19Y0038171,1669,15,523,294,62
234,691,803,Zaydiyya0000461,185,540,647,77,88
234,85,557,ShamAY0035035,6309,900,1468,308,61
234,831,1195,ShamAY0035035,6314,857,1504,269,50
234,1445,1552,Shamela0010517,1807,1038,1151,80,87
234,691,799,Shamela0021715,4341,302,411,78,87
234,691,803,JK000166,3766,721,833,80,86
234,1448,1552,JK000961,317,701,811,79,87
234,1448,1552,Sham19Y0145212,2947,1170,1282,81,90
234,0,385,JK000001,1743,1090,1449,240,72
234,385,672,JK000001,1744,0,282,220,94
234,831,1195,JK000001,1746,206,567,284,96
235,782,1123,JK007070,807,0,423,179,46
235,729,1149,Sham19Y0131521,1691,924,1356,294,79
235,729,1114,Shamela0029882,246,77,608,231,48
235,3,173,JK000080,1025,981,1109,87,64
235,729,1336,Shia001432Vols,22650,428,1007,426,83
235,729,1123,ShamAY0035035,6306,779,1472,296,52
235,754,930,ShamAY0034059,2356,0,181,138,91
235,729,930,ShamAY0034059,3890,141,351,159,92
235,729,930,ShamAY0034059,5482,746,960,162,92
235,758,1103,JK000170,6172,296,643,184,55
235,720,1119,Sham19Y0017747,2371,142,540,189,54
235,720,1103,JK000179,1868,616,1029,162,40
235,856,1114,Sham19Y0023625,2658,13,494,129,32
235,736,1149,JK007128,1097,864,1324,241,59
235,729,1349,Kraken220413202218,523,113,688,404,79
235,729,897,ShamAY0034797,179,18,192,134,94
235,742,930,Shamela0000432,4393,0,192,146,92
235,742,934,Shamela0001535,695,457,655,118,68
235,729,1114,JK001249,340,814,1457,222,37
235,729,1119,Hindawi059507481,89,922,1348,297,85
235,924,1247,JK001197,198,55,278,147,53
235,729,1336,JK000001,1742,392,960,416,82
236,1039,1430,Sham19Y0131521,6380,423,840,264,72
236,1114,1328,JK008250Vols,834,513,742,148,77
236,22,391,Shia001432Vols,22652,17,387,298,98
236,1032,1548,Shia001432Vols,22654,146,647,390,94
236,22,391,ShamAY0035035,6312,287,833,283,63
236,1020,1548,ShamAY0035035,6320,178,1179,382,47
236,1117,1334,Sham19Y0014579,1288,947,1137,148,85
236,12,366,Sham19Y0029676,495,1174,1563,269,84
236,22,351,Hindawi059507481,90,521,849,256,95
236,636,970,JK009333,9,503,833,250,91
236,22,391,JK000001,1745,340,709,296,98
236,1099,1548,JK000001,1748,0,471,336,86
237,471,667,Shia003956,225,890,1217,142,51
238,112,661,Sham19Y0131521,4424,58,545,331,74
238,277,635,Shamela0009323,52,215,524,203,67
238,277,655,Shamela0008243,32,718,1085,218,63
238,99,331,ShamAY0035035,6318,987,1402,161,48
238,277,488,Sham19Y0127677,3421,874,1081,121,65
238,1136,1516,JK009390,1163,550,737,134,44
238,257,605,JK009390,4377,1128,1420,168,57
238,277,635,JK009390,7580,887,1190,184,58
238,277,635,Shamela0001438,5026,12,321,200,66
238,1136,1516,JK009274,454,563,736,84,23
238,277,655,JK000415,358,405,808,212,57
238,277,635,JK011497,48,363,653,192,65
238,1136,1516,JK008001,935,1167,1340,84,23
238,277,635,JK008001,5304,1077,1386,200,66
238,1131,1500,Sham19Y0018272,1012,1049,1222,85,24
238,277,635,Shamela0003118,6633,835,1150,195,63
238,287,655,JK006800,395,0,347,205,61
238,231,666,JK001197,198,712,1110,246,66
238,99,666,JK000001,1747,438,1030,363,70
239,683,1089,JK009321,196,334,735,296,89
239,35,544,Sham19Y0122096,1593,452,836,229,53
239,683,1089,ShamAY0035035,9119,783,1176,273,83
239,679,985,ShamAY0034059,1104,1258,1556,210,85
239,261,544,JK011658,211,1065,1309,182,76
239,707,977,Sham19Y0023644,6038,896,1127,124,58
239,20,544,JK000298,2312,674,1267,367,70
239,55,645,JK000298,2313,0,314,138,25
239,249,544,Sham19Y0029676,511,1089,1346,178,71
240,847,1393,JK009333,9,833,1380,443,98
241,0,523,Masaha004651,7,421,882,287,59
241,1202,1417,Masaha004651,7,1110,1323,142,76
241,1202,1417,Shia000151,281,435,667,156,84
241,235,523,Shia000151,281,0,206,146,58
241,185,523,Shia001432Vols,23612,0,255,189,66
241,1202,1417,Shia001432Vols,23612,484,713,157,86
241,0,436,ShamIbadiyya0000109,7439,1078,1557,255,57
241,1123,1408,ShamAY0035035,6347,1114,1415,162,58
241,103,290,JK000176,898,0,173,118,76
241,0,246,Shia002379,51,21,301,153,65
241,7,290,JK007119,412,1259,1532,195,82
241,752,1044,AOCP20251104131Vols,701,0,233,185,76
241,0,369,Sham19Y0149697,3866,1173,1534,245,75
241,711,1417,Sham19Y0149697,3867,9,380,221,38
241,630,1044,JK001249,309,330,772,287,72
241,656,1036,Shamela0010273,3089,1248,1473,170,55
241,1123,1408,Hindawi081316951,486,426,632,149,65
241,379,523,Sham19Y0029676,497,340,483,116,98
241,0,463,JK000001,1757,840,1562,341,57
241,463,599,JK000001,1758,0,157,104,83
241,1123,1504,JK000001,1758,157,643,239,57
242,985,1272,JK007070,392,1255,1483,140,58
242,1027,1272,JK007070,474,178,380,147,72
242,1380,1502,AOCP202502141237,150,534,650,85,88
242,1027,1377,JK000080,683,1130,1463,209,69
242,1027,1398,JK000080,981,594,921,209,68
242,1019,1272,Shamela0012579,1629,833,1031,145,68
242,1334,1502,Shia000151,276,263,435,128,91
242,1085,1535,Shamela0036543,2100,5,416,162,40
242,1380,1553,Sham19Y0122096,1452,1046,1201,120,87
242,1334,1506,Shia001432Vols,23610,4,186,130,91
242,1334,1506,ShamIbadiyya0000109,7428,391,576,114,76
242,1372,1506,Shia004012,166,1021,1200,98,68
242,985,1502,JK000906,5745,783,1146,167,41
242,1280,1502,Sham19Y0038171,1677,1073,1377,141,59
242,1380,1496,Masaha001108Vols,77,1073,1187,89,95
242,16,250,Shamela0002506,87,494,790,156,66
242,1334,1502,Shia002185Vols,1823,693,844,112,84
242,1380,1502,JK006476,1713,652,775,89,90
242,1027,1318,Sham19Y0017878,66,279,511,168,69
242,1027,1293,Sham19Y0017878,531,945,1152,149,67
242,1380,1502,Shia002261Vols,153,1218,1340,95,98
242,1363,1506,Shia001402,128,1164,1311,110,94
242,1322,1506,Tafsir02091,1974,27,235,126,73
242,1363,1502,Zaydiyya0000348,4,66,241,104,74
242,1331,1535,JK007054,55,207,429,146,79
242,1380,1548,Shamela0001438,1903,594,744,117,88
242,1380,1553,JK009274,417,674,829,121,88
242,1331,1502,Shamela0008241,5,868,1058,128,84
242,1331,1496,JK001336,150,340,547,110,66
242,1358,1502,Shia002382Vols,1701,1044,1198,106,85
242,1358,1502,Shia002382Vols,2274,297,451,106,85
242,1380,1502,Kraken220413202218,528,426,547,94,97
242,10,1506,Sham19Y0149697,3867,531,1264,539,45
242,1380,1553,JK008001,1048,289,444,120,87
242,1331,1502,JK007082,719,223,460,126,67
242,1358,1548,Shia000298Vols,3032,692,863,114,75
242,1380,1548,Shamela0021659,602,1277,1427,117,88
242,1334,1506,Shia002389Vols,2768,1008,1183,113,79
242,1380,1506,Hindawi081316951,485,125,260,97,91
242,355,848,JK000166,8229,71,537,290,71
242,1380,1506,Shia004042Vols,473,232,360,97,96
242,1354,1502,Tafsir04042,2095,962,1103,97,77
242,1331,1502,Shamela0013039,27,166,360,130,85
242,1334,1502,Shia001237Vols,2210,1090,1262,124,90
242,1331,1528,JK001274,37,713,972,137,66
242,1300,1557,JK000001,1751,301,605,160,63
243,555,1005,Shia000181,370,1004,1360,269,70
243,635,998,Shamela0021766,4109,0,404,224,60
243,62,312,Sham19Y0122096,1453,1013,1178,125,62
243,1389,1517,Shia001432Vols,23549,225,353,102,98
243,1079,1198,ShamIbadiyya0000109,7430,328,441,80,83
243,555,1005,JK011730,1222,1029,1372,269,71
243,635,1005,Rafed0001713Vols,2513,7,445,256,62
243,1084,1198,Shia002185Vols,1824,489,597,80,90
243,469,1005,ShamAY0035035,6326,601,1073,322,67
243,555,782,Meshkat00042485,6247,503,691,149,79
243,782,1005,Meshkat00042485,6248,743,909,135,73
243,555,1005,Tafsir01006,1386,70,422,285,77
243,1084,1193,Shamela0008241,9,216,342,85,85
243,555,879,Shia002382Vols,1701,1236,1520,229,85
243,555,884,Shia002382Vols,2274,489,896,231,62
243,629,1631,Sham19Y0149697,3868,0,895,715,87
243,62,312,JK000298,2150,533,799,182,80
243,555,935,Kraken220727035853,4469,1024,1541,255,55
243,1084,1193,Shamela0013039,30,774,900,85,85
244,86,251,Sham19Y0014556,720,1135,1298,129,96
244,0,1091,Sham19Y0149697,3868,895,1603,491,55
244,1091,1576,Sham19Y0149697,3869,0,451,269,62
245,853,1371,Sham19Y0149697,3869,618,992,271,63
246,77,438,Shamela0001002,1930,263,569,218,72
246,123,434,Sham19Y0026523,5404,1314,1579,193,74
246,1203,1459,Sham19Y0018493,59,1174,1447,177,76
246,564,974,Sham19Y0149697,3869,997,1394,256,71
246,123,438,JK010584,6,805,1087,203,75
247,398,868,Sham19Y0149697,3870,21,326,207,51
248,184,1253,Sham19Y0149697,3870,354,740,243,28
249,1015,1573,Sham19Y0013605,122,963,1508,415,91
249,1056,1536,Shamela0005756,317,351,823,334,83
249,1214,1606,Shamela0009702,588,456,612,115,35
249,1221,1606,Shamela0002170,1393,383,1201,172,26
249,70,214,Shamela0002215BK1,815,938,1092,108,84
249,1221,1606,Shia001270Vols,508,240,1083,170,26
249,1265,1606,JK000134,1580,308,569,117,33
249,1051,1606,Shamela0030327,11,743,1033,153,31
249,1265,1609,Shamela0010452,516,272,643,124,32
249,47,214,Sham19Y0018493,57,80,233,119,88
249,1221,1609,Sham19Y0149213,865,833,1298,120,22
249,1286,1609,Shamela0003722,3359,0,275,109,38
249,1221,1609,JK000753,20,18,625,134,24
250,431,703,Masaha004651,18,1292,1467,126,56
250,431,758,Shia000151,292,986,1381,158,39
250,431,758,Shia001432Vols,23621,489,950,199,47
250,464,758,ShamIbadiyya0000109,7449,618,871,185,72
250,0,243,Sham19Y0013605,123,52,292,182,87
250,431,758,ShamIbadiyya0000135,214,1043,1351,202,70
250,4,243,Shamela0005756,317,1079,1401,112,35
250,543,758,ShamAY0035035,6374,1021,1295,116,43
250,209,543,ShamAY0035035,6374,6,246,78,20
250,431,758,Shia000234Vols,6966,926,1308,115,25
250,82,243,Shamela0030327,11,1162,1384,105,53
250,431,758,Shia000215Vols,287,657,1030,115,26
250,480,1192,Sham19Y0149697,3870,972,1387,260,44
250,1051,1248,JK000166,8227,96,563,149,40
250,431,758,JK000001,1772,937,1231,206,73
251,1092,1240,JK009152,1493,820,965,113,97
251,1092,1240,PV2024060602,1483,1143,1288,113,97
251,1104,1472,JK009336,2997,1072,1442,187,53
251,530,982,Sham19Y0009763,239,0,325,174,43
251,1092,1240,Sham19Y0013605,3957,285,430,113,97
251,1270,1386,Shamela0005756,10397,0,298,88,37
251,1270,1468,Sham19Y0016684,1381,1121,1448,108,36
251,1270,1386,Sham19Y0018103,2482,1071,1369,88,37
251,1092,1240,Sham19Y0018103,3315,739,884,113,97
251,1084,1390,JK009313,4656,391,566,92,35
251,1270,1386,Sham19Y0018106,2620,594,892,88,37
251,1092,1240,Sham19Y0018106,3443,812,957,113,97
251,1076,1306,Shamela0010517,2135,809,1100,146,60
251,1095,1254,Shamela0010517,2416,125,314,119,76
251,1092,1240,JK000485,920,1007,1146,106,91
251,1092,1386,Kraken230110004547,574,18,258,157,60
251,1270,1390,Shamela0021715,5918,691,994,91,38
251,493,758,Shamela0021715,8328,1002,1296,201,81
251,1092,1240,JK000110,1483,1143,1288,113,97
251,1270,1390,Sham19Y0127656,451,242,576,89,34
251,1092,1240,Sham19Y0127656,654,466,680,113,66
251,1122,1373,ShamAY0035884,3711,185,623,148,43
251,1270,1386,Sham19Y0013252,6112,49,348,88,37
251,1092,1240,Sham19Y0013252,7949,846,991,113,97
251,493,758,JK000166,7275,15,388,211,70
251,1270,1386,Sham19Y0018176,1431,993,1291,88,37
251,1092,1240,Sham19Y0018176,2031,530,675,113,97
251,1270,1386,Sham19Y0016584,2789,252,550,88,37
251,452,758,ShamIbadiyya0000438,743,129,578,238,66
251,0,394,JK009333,10,112,494,293,93
251,1092,1240,Shamela0012981,2364,667,842,106,76
252,1178,1366,JK000916,27083,941,1332,128,41
252,0,313,Sham19Y0017747,1780,1205,1457,158,58
252,733,1084,Sham19Y0017747,1782,1138,1440,221,78
252,1084,1492,Sham19Y0017747,1783,0,368,278,83
252,1240,1481,JK000559,979,0,457,177,49
252,804,1481,Shamela0021715,10692,790,1378,365,60
252,1227,1481,Shamela0003118,7364,528,1212,178,32
252,5,326,JK000166,7276,583,902,254,98
252,420,761,JK000166,7279,1224,1533,216,76
252,761,1492,JK000166,7280,0,740,557,94
253,273,460,JK000467,1188,478,706,102,50
253,906,1107,Sham19Y0122096,3750,1214,1464,158,77
253,218,460,JK000123,1081,400,633,130,60
253,0,460,Sham19Y0017747,1783,368,743,233,61
253,255,460,JK009137,2731,4,417,142,40
253,0,460,JK000559,979,559,1282,236,39
253,1107,1563,JK000298,159,978,1450,204,42
253,902,1107,JK000298,4726,242,484,157,77
253,346,471,Sham19Y0017063,762,824,1009,93,61
253,0,479,JK000166,7280,740,1244,357,87
253,346,460,Shamela0009059BK1,3193,496,663,87,63
254,114,484,Shamela0012579,1883,1123,1457,84,21
254,0,620,Sham19Y0038171,1703,776,1533,255,32
254,406,759,JK010250,16,8,246,176,63
254,7,678,ShamAY0035035,6373,136,967,293,35
254,1245,1599,JK007084,200,174,543,288,95
254,1253,1599,Sham19Y0149697,3871,163,523,270,89
254,106,768,JK000298,162,211,822,384,69
254,0,500,ShamIbadiyya0000476,148,725,1001,188,45
255,1443,1679,Sham19Y0018493,56,90,241,92,48
255,0,356,Sham19Y0149697,3871,523,765,127,44
256,889,1170,Sham19Y0038171,1699,236,427,137,60
256,581,834,JK011730,1430,359,644,113,45
256,889,1170,ShamAY0035035,6358,1111,1302,137,60
256,1087,1357,JK000298,3301,984,1359,172,57
256,581,693,JK000001,1692,319,507,82,55
257,906,1118,Shamela0012034,562,1266,1477,126,72
257,102,271,Shamela0012739,21,56,339,114,51
257,906,1114,Hindawi052406949,9,1058,1267,130,75
257,906,1114,Hindawi097260461,77,1154,1363,128,74
257,906,1118,Shamela0012398,939,16,226,146,81
257,102,271,ShamAY0034809,381,979,1225,107,53
257,102,271,JK000021,2190,905,1188,104,45
257,161,789,JK000298,3301,0,735,423,65
257,871,1123,Shamela0010273,2015,199,453,183,86
258,474,1048,JK007070,492,162,619,231,46
258,474,687,Masaha004651,7,1331,1584,172,81
258,687,1048,Masaha004651,8,0,595,226,47
258,1291,1588,Masaha004651,13,568,1168,162,32
258,474,1048,Shia000151,281,675,1525,387,56
258,459,1013,Shia001432Vols,23612,704,1539,377,56
258,1120,1278,Shia001432Vols,23616,1024,1190,119,91
258,468,1048,ShamAY0035035,6348,160,1070,449,60
258,1114,1278,ShamAY0035035,6355,977,1176,125,79
258,1305,1588,ShamAY0035035,6356,0,731,208,35
258,647,1048,Zaydiyya0000348,5,158,716,199,37
258,1189,1465,Kraken220413202218,534,480,991,185,45
258,442,1024,Sham19Y0035453,114,955,1539,421,81
258,1114,1254,Hindawi081316951,487,1511,1654,105,91
258,1284,1588,Hindawi081316951,488,204,860,225,42
258,474,793,Zaydiyya0000256,259,986,1378,224,70
258,864,1048,Zaydiyya0000256,260,0,191,144,92
258,672,1013,JK001197,200,907,1061,113,42
258,468,1048,JK000001,1758,643,1249,456,91
258,1114,1521,JK000001,1762,643,1581,285,38
259,1397,1594,Shamela0002215BK1,815,518,663,114,71
259,384,578,Sham19Y0017747,2348,143,371,144,80
259,1397,1575,Sham19Y0020583,444,438,564,98,68
259,302,859,Sham19Y0149697,3872,251,373,72,16
259,384,584,JK000166,8228,444,688,149,77
260,0,137,Shamela0002215BK1,815,663,799,108,96
260,278,1429,Sham19Y0149697,3872,605,1067,306,32
260,733,1089,Shamela0002569,510,64,351,163,50
260,698,1197,Sham19Y0122255,257,554,1005,237,53
261,888,1303,JK007070,477,68,520,148,34
261,888,1303,JK000080,985,794,1241,148,34
261,921,1200,Sham19Y0017437,1534,621,1004,115,38
261,1072,1303,Shamela0036543,2101,266,627,111,37
261,677,907,ShamAY0034815,357,737,1047,138,57
261,714,1303,JK006877,22,947,1317,229,48
261,709,808,Shia002185Vols,1824,484,581,56,70
261,1072,1303,Sham19Y0013667,6338,942,1264,107,40
261,888,1200,Shamela0000767,4601,1108,1433,116,34
261,1072,1303,JK000707,338,1081,1438,111,37
261,1006,1303,Sham19Y0035453,111,742,1195,149,43
261,1072,1303,Shamela0004473,11155,935,1211,99,44
261,686,1303,JK000166,8230,0,487,311,56
262,1160,1413,JK007070,683,76,293,151,73
262,1209,1390,ShamIbadiyya0000075,858,28,262,132,69
262,1217,1404,Shamela0000894,3948,0,241,131,66
262,0,291,Masaha004651,14,427,838,205,62
262,1226,1487,JK000080,834,5,265,203,96
262,29,291,Shia000151,288,0,379,182,60
262,1209,1390,JK009336,1789,1270,1504,132,69
262,1195,1393,Shia001432Vols,23606,1038,1239,136,81
262,0,291,Shia001432Vols,23617,564,845,205,86
262,1244,1437,JK000746,137,555,787,125,66
262,1217,1408,Shamela0021765,540,729,974,145,72
262,1217,1393,Shamela0021765,1922,964,1195,134,71
262,1186,1390,JK011730,1327,253,490,141,73
262,1182,1393,Shamela0098087,133,929,1151,154,82
262,1186,1393,JK006801,646,640,916,140,63
262,1209,1393,Shia001300,191,0,186,136,89
262,10,291,ShamAY0035035,6359,0,592,193,40
262,1226,1390,Shia002264,777,1175,1400,122,66
262,1186,1393,Sham19Y0014592,3013,682,907,130,70
262,864,982,Sham19Y0123663,91,782,938,91,74
262,1182,1413,Shamela0010517,1977,635,874,176,90
262,1244,1393,JK009390,2906,977,1143,112,82
262,1186,1413,JK007054,239,987,1230,167,82
262,1182,1472,Shamela0006610,1155,361,654,197,81
262,1186,1393,Shamela0006549,284,1043,1246,156,91
262,1209,1393,Shamela0013127,10,0,181,135,89
262,1195,1393,Shamela0006744,645,253,447,150,91
262,1217,1390,Sham19Y0149697,4519,120,333,129,74
262,1186,1393,Sham19Y0000760,414,285,517,131,70
262,1209,1390,Sham19Y0035453,21,209,431,132,73
262,1226,1393,Sham19Y0035453,126,1227,1429,122,73
262,0,291,JK000298,3300,1089,1372,142,50
262,1186,1390,Sham19Y0020891,6005,308,507,153,90
262,1195,1393,Zaydiyya0000256,249,1022,1246,139,74
262,1195,1393,Shia001217Vols,3417,95,296,138,82
262,1186,1413,Shamela0010798,635,1065,1289,165,88
262,1244,1390,Shamela0000782,699,21,190,109,78
262,511,1110,JK009333,10,499,1102,472,96
262,0,291,JK001197,202,705,1041,205,77
262,1186,1442,JK000653,296,561,870,184,72
262,1213,1404,ShamAY0034808,3,754,977,136,75
262,0,183,JK000001,1764,1242,1488,134,67
263,445,765,Sham19Y0131521,6292,1158,1476,253,99
263,445,711,Sham19Y0131521,6293,892,1543,210,40
263,711,905,Sham19Y0131521,6294,6,276,107,43
263,445,732,JK000142,1107,1142,1427,227,98
263,499,862,Sham19Y0014309,2079,115,437,241,80
263,445,862,PV2024060602,5704,1025,1393,287,86
263,499,722,JK009336,1790,1257,1472,171,95
263,445,914,JK000474,3257,811,1326,208,37
263,986,1139,ShamAY0032443,3863,0,149,114,92
263,956,1064,JK000289,2016,1433,1541,84,96
263,436,873,JK000216,444,256,642,297,85
263,493,862,Shamela0036446,1108,584,783,144,49
263,445,862,JK007054,198,1000,1372,283,84
263,1329,1518,Sham19Y0149697,3871,765,955,150,99
263,956,1164,Sham19Y0149697,9005,319,511,140,83
263,445,582,Sham19Y0014601,5919,1323,1458,108,98
263,445,862,Sham19Y0014601,5920,371,959,284,56
263,130,416,JK000298,4832,976,1497,219,52
263,445,862,Sham19Y0020591,1811,66,434,287,86
263,469,857,Sham19Y0020944,1133,784,1120,260,83
263,445,914,Shamela0025794,3247,889,1240,159,38
263,430,905,Sham19Y0036110,343,361,767,295,76
263,445,914,Shamela0021809,1903,810,1155,155,37
264,413,573,Sham19Y0036128,10,270,414,88,66
264,835,1457,JK000583,797,547,925,224,42
264,464,825,JK000137,255,37,493,221,54
264,77,306,JK000289,2018,405,631,159,87
264,348,830,Shamela0009059BK3,2092,101,713,308,57
264,930,1457,Shamela0021542,47,8,247,184,42
264,835,1014,JK005021,378,1071,1202,102,69
264,499,785,Shamela0010283,1402,892,1327,139,32
264,413,624,Shamela0022877,239,696,1039,141,51
264,417,624,JK007054,237,29,281,147,70
264,505,825,AOCP20251104131Vols,695,0,417,187,50
264,0,825,Sham19Y0149697,3871,955,1342,295,44
264,360,825,Sham19Y0035453,17,385,965,273,53
264,348,552,JK000196,7006,1326,1558,154,80
264,580,835,JK000196,7007,94,384,141,50
264,835,1014,JK000001,1840,219,351,108,73
265,1113,1252,Masaha004651,14,88,229,89,76
265,1257,1405,Masaha004651,37,1363,1508,115,97
265,1095,1252,Shia000151,287,975,1144,99,71
265,105,706,JK000583,708,935,1107,98,21
265,302,546,Sham19Y0122096,3871,144,388,151,74
265,1257,1405,Shia001432Vols,23631,760,899,111,93
265,105,706,JK001160,422,1073,1260,108,22
265,370,506,Sham19Y0038171,1630,665,795,104,95
265,1257,1405,JK011730,869,44,189,112,92
265,105,496,JK011730,1250,734,1201,186,41
265,105,858,Shamela0012738,167,1146,1363,130,21
265,370,506,ShamAY0035035,6265,1121,1251,104,95
265,1095,1252,ShamAY0035035,6358,377,878,106,27
265,1257,1405,ShamAY0035035,6384,195,337,98,80
265,1260,1405,Shamela0010488,119,204,346,108,90
265,0,633,Shamela0008241,26,96,598,168,30
265,8,633,JK005005,744,0,188,117,22
265,105,633,Shamela0095735,251,1349,1467,85,21
265,1172,1405,Shamela0000432,6077,748,993,135,64
265,105,706,Shamela0008381,6267,1106,1312,97,21
265,202,637,JK000298,4892,0,382,293,85
265,105,827,Sham19Y0017063,1192,1070,1400,141,24
265,105,633,Shamela0022566,7,1453,1572,85,21
265,1257,1405,Shia004042Vols,476,592,738,115,97
265,1257,1405,JK000001,1775,1064,1211,103,86
265,105,637,JK005004,836,380,645,111,25
266,525,897,Sham19Y0018493,53,675,1047,298,95
267,969,1402,Kraken220208041040,150,943,1348,149,34
267,701,1204,JK009301,129,337,1301,312,37
267,1204,1429,JK009301,130,422,665,154,78
267,1402,1599,JK009333,10,755,888,101,63
268,303,472,Sham19Y0123663,91,814,938,69,50
268,950,1112,Shamela0003118,6334,422,589,95,71
268,1067,1462,JK009333,10,921,1102,133,41
269,1228,1418,Sham19Y0014556,721,752,1116,111,38
269,1161,1618,JK009333,10,1102,1553,359,96
270,828,997,Sham19Y0122096,3832,275,440,121,89
270,1118,1296,Sham19Y0038171,1711,145,341,120,74
270,660,997,Sham19Y0038171,1716,961,1266,150,47
270,1106,1296,ShamAY0035035,6384,674,876,123,71
270,660,997,ShamAY0035035,6394,60,368,149,47
270,1118,1239,ShamAY0034059,2189,962,1101,91,84
270,655,997,JK005021,365,5,225,142,53
270,1134,1296,JK000429,117,895,1060,122,93
270,828,997,JK000298,4841,70,227,126,92
270,655,997,JK000001,1781,20,241,144,54
271,985,1305,JK007070,504,791,1010,136,56
271,578,1305,Masaha004651,23,883,1333,318,55
271,586,1305,Shia000151,297,599,1046,309,54
271,578,762,Shia001432Vols,23655,794,977,138,91
271,989,1350,Sham19Y0017350,88,47,336,163,58
271,985,1295,ShamIbadiyya0000109,7463,815,1034,121,42
271,762,977,ShamIbadiyya0000109,7464,1087,1309,158,85
271,623,770,ShamIbadiyya0000109,7464,21,167,105,89
271,662,996,JK009325,611,764,1108,202,73
271,982,1305,ShamAY0035035,6391,619,931,195,68
271,770,977,ShamAY0035035,6393,1184,1406,159,90
271,586,770,ShamAY0035035,6393,262,468,133,80
271,982,1305,ShamAY0002038,470,221,505,193,74
271,985,1305,Sham19Y0013783,3625,1081,1318,160,64
271,977,1295,Shamela0010488,126,688,953,178,71
271,777,970,JK009230,192,1306,1497,141,89
271,658,1295,Shamela0010283,628,796,1351,212,40
271,977,1264,Shamela0001349,47,320,520,122,54
271,1033,1305,JK001412,312,0,220,142,64
271,989,1305,AOCP20251104131Vols,696,1068,1249,121,48
271,683,989,JK001336,154,696,977,173,70
271,586,762,Kraken220413202218,540,170,346,135,96
271,989,1305,JK000429,117,324,562,157,63
271,757,977,Shamela0000432,6083,1060,1283,163,87
271,569,902,Shamela0006947,198,1200,1609,223,63
271,1061,1305,Sham19Y0035453,110,0,201,136,67
271,578,762,Shia001615Vols,3472,852,1044,134,82
271,989,1305,JK001249,313,346,591,168,68
271,762,996,Hindawi081316951,490,939,1140,130,64
271,781,970,Hindawi059250728,136,619,806,126,81
271,578,743,Shia004042Vols,456,1350,1523,118,80
271,762,977,Hindawi059507481,137,546,764,159,86
271,781,977,Shamela0007853,768,734,895,113,68
271,781,970,Hindawi068305130,507,1085,1273,125,80
271,982,1311,JK000001,1779,721,1021,191,70
271,586,977,JK000001,1780,586,1379,289,44
271,989,1350,Sham19Y0013769,195,617,886,172,61
272,8,321,Hindawi049424259,16,1267,1554,115,37
272,321,588,Hindawi049424259,17,0,273,201,91
272,0,386,JK006900,510,1090,1600,153,28
272,1214,1509,Sham19Y0122406,3810,0,329,197,69
272,50,583,Shamela0021510,12,166,899,389,64
272,0,583,Sham19Y0073348,899,589,1233,318,58
272,0,607,Shamela0011682,315,821,1470,316,46
273,1184,1562,JK007070,503,65,402,193,63
273,343,1570,Masaha004651,22,197,1208,606,54
273,389,1568,Shia000151,296,0,945,563,53
273,1273,1570,Sham19Y0122096,753,283,596,207,78
273,1305,1570,Shia001432Vols,23654,875,1156,203,90
273,1273,1562,Sham19Y0017350,87,664,957,188,69
273,337,886,ShamIbadiyya0000109,7462,791,1296,371,81
273,1184,1562,JK000123,1473,1295,1532,151,46
273,1305,1562,Shia000376Vols,192,136,408,191,84
273,343,886,Shia001333,32,88,542,232,46
273,1273,1562,JK000238,1527,59,401,185,64
273,1279,1570,JK011730,1235,618,923,195,71
273,1269,1562,JK000137,328,1264,1469,147,58
273,337,1570,ShamAY0035035,6389,74,1320,647,54
273,337,529,AOCP202502141228,91,1283,1479,141,89
273,529,886,AOCP202502141228,92,0,315,231,76
273,1241,1562,JK000198,1430,592,881,188,67
273,1079,1562,Sham19Y0017747,2363,362,766,183,36
273,343,763,Shamela0010488,125,1147,1556,270,72
273,1273,1562,Sham19Y0023625,2534,1201,1475,189,73
273,1279,1562,AOCP20251104131Vols,696,47,312,188,77
273,1273,1562,Shamela0008544,120,195,383,134,54
273,1273,1562,JK000429,116,951,1217,179,69
273,1088,1484,Sham19Y0149697,427,1291,1533,177,52
273,1273,1562,Sham19Y0035453,109,536,808,184,71
273,348,889,JK000298,157,556,1001,324,73
273,1273,1562,JK001249,312,955,1229,189,73
273,1305,1548,Shia004042Vols,454,4,264,177,83
273,1279,1427,Hindawi059507481,136,1454,1617,106,80
273,1279,1570,JK001197,205,592,883,216,87
273,1184,1562,Sham19Y0016599,369,376,770,180,44
273,337,1570,JK000001,1778,25,994,615,56
273,1273,1562,Sham19Y0013769,194,1238,1513,201,81
274,12,299,JK007070,503,442,663,144,65
274,0,283,Masaha004651,22,1208,1485,208,91
274,875,1152,JK000080,978,663,930,206,90
274,4,408,Shia000151,296,951,1357,304,91
274,808,1209,Sham19Y0017437,110,723,1076,152,35
274,0,408,Sham19Y0122096,753,596,788,149,45
274,0,368,Shia001432Vols,23654,1156,1520,280,92
274,0,164,ShamIbadiyya0000109,7457,696,837,106,78
274,4,408,JK011730,1235,928,1185,197,60
274,0,134,ShamAY0035035,6389,1320,1503,100,66
274,134,408,ShamAY0035035,6390,0,488,215,54
274,68,299,EScr21011311,15,0,208,124,66
274,925,1518,Sham19Y0149697,428,494,775,192,38
274,0,408,Sham19Y0149697,428,83,483,316,96
274,12,408,Shia004042Vols,454,371,716,210,60
274,901,1209,JK009245,99,0,296,178,63
274,0,408,JK001197,205,883,1150,207,63
274,0,408,JK000001,1778,994,1399,310,93
275,493,988,JK007070,478,920,1461,366,83
275,1090,1464,JK007070,479,4,490,227,52
275,115,557,JK000080,978,939,1320,255,66
275,489,1433,JK000080,987,390,1371,712,89
275,493,1170,Sham19Y0017747,2351,752,1414,430,72
275,669,967,JK001303,584,12,206,136,57
275,493,967,Shamela0013127,9,565,1284,326,53
275,493,872,Shamela0010900,43,1053,1424,246,77
275,534,795,Sham19Y0149697,426,1286,1555,201,92
275,795,1389,Sham19Y0149697,427,0,502,312,56
275,130,896,Sham19Y0035453,112,725,1532,320,36
275,493,1003,Shamela0010463,675,724,1255,348,78
275,493,967,Kraken21042921,24,608,1064,320,80
276,518,804,JK007070,478,284,851,173,36
276,634,804,JK000080,987,66,276,117,71
276,8,943,Shamela0005756,13737,226,955,504,64
276,550,804,JK001227,146,743,988,133,64
276,513,852,Sham19Y0017747,2351,168,766,161,32
276,682,804,Shamela0026884,175,338,466,88,89
276,150,289,Sham19Y0149697,427,748,876,96,85
276,946,1468,Sham19Y0149697,427,876,1029,103,25
276,8,792,Shamela0021715,9104,899,1271,229,35
276,0,466,JK000166,8230,973,1456,367,95
276,466,943,JK000166,8231,0,557,378,83
276,408,804,JK009245,93,507,1135,212,41
277,50,474,Sham19Y0149697,427,1016,1268,181,54
277,1315,1485,Sham19Y0016599,371,652,855,126,76
278,1274,1534,ShamAY0035035,4569,430,706,168,68
278,1317,1534,JK001412,263,716,920,154,86
278,548,1489,Sham19Y0149697,850,1081,1514,317,41
278,1373,1478,Sham19Y0149697,4518,1428,1532,84,99
278,548,899,Sham19Y0149697,4518,1069,1395,218,71
278,1242,1387,Shamela0006947,1123,1489,1652,113,87
278,1387,1534,Shamela0006947,1124,0,99,78,66
278,945,1221,JK000298,560,560,745,142,63
278,978,1534,Hindawi059507481,135,982,1286,192,39
278,1274,1534,JK001197,126,1316,1524,162,78
278,1265,1534,JK000001,1066,794,1026,169,74
279,854,1180,Sham19Y0131521,6274,1036,1375,252,91
279,422,617,JK000080,736,0,181,120,73
279,827,1079,JK000264,3566,1177,1365,141,66
279,422,660,Sham19Y0038171,1109,216,403,115,61
279,1352,1584,JK011730,1277,540,740,153,81
279,422,660,ShamAY0035035,4571,1229,1416,114,60
279,827,1065,Sham19Y0018272,2139,1351,1567,169,83
279,1202,1611,JK000298,5024,1199,1592,307,91
279,490,699,JK000298,5025,1103,1287,129,74
279,175,412,JK000298,5025,206,433,180,92
279,404,1079,JK000201,2691,184,462,169,29
279,404,617,JK000961,375,430,628,134,75
280,1233,1529,Sham19Y0038171,1108,389,572,145,59
280,0,130,Shamela0001687,8054,536,665,102,98
280,1210,1576,JK011730,1278,166,497,259,87
280,0,130,Shamela0023691,61,1058,1187,102,98
280,909,1319,Shamela0001438,402,991,1527,177,35
280,1328,1585,Sham19Y0149697,850,733,980,195,93
280,1328,1585,Sham19Y0149697,4518,737,968,185,88
280,1210,1585,JK000298,560,93,458,284,92
280,190,847,JK009333,11,146,845,504,89
280,0,130,Sham19Y0013631,80,360,487,99,95
281,1180,1637,JK011730,908,288,951,284,46
281,1180,1475,JK011730,1401,1294,1445,120,49
281,415,942,Shamela0001438,4227,449,928,332,71
281,1101,1275,JK007006,1706,372,517,104,73
281,1193,1700,JK000298,5035,0,514,402,94
281,942,1070,JK000298,5036,54,182,103,98
282,890,1172,Sham19Y0122096,3976,92,617,166,38
282,298,549,JK011730,859,730,897,113,55
282,15,475,JK011730,908,943,1217,204,54
282,890,1143,Shamela0001438,4228,782,989,134,59
282,731,1152,JK000637,2659,445,746,154,40
282,114,549,JK000298,1529,1149,1595,213,48
282,0,549,JK000298,5035,514,1008,398,89
282,946,1188,JK000298,5036,187,377,140,73
283,1222,1472,JK007070,510,945,1204,183,88
283,1248,1472,PV2024060602,2820,289,658,154,52
283,1274,1506,JK000080,735,0,228,183,98
283,1202,1472,Shamela0010517,2224,819,1133,175,69
283,1222,1472,Shamela0010517,2316,281,557,166,76
283,1222,1472,JK007065,723,1027,1263,164,80
283,1222,1506,JK000961,374,489,758,208,91
283,1261,1478,JK009245,107,5,220,171,97
283,555,978,JK009333,11,392,509,94,27
283,1248,1472,Shamela0001727,788,157,526,154,52
284,0,276,JK007070,510,1218,1551,217,80
284,0,384,JK000080,735,237,634,304,94
284,0,276,JK000474,4801,50,356,178,70
284,0,384,Shia002264,739,930,1252,245,78
284,38,351,Sham19Y0014592,1470,5,349,207,71
284,0,276,Shamela0009567,428,1140,1426,211,87
284,0,276,Sham19Y0148271,2093,47,334,211,87
284,0,289,Shamela0001875,1117,1196,1492,221,87
284,0,315,JK000637,1402,918,1241,244,94
284,1358,1550,Sham19Y0018272,2239,492,800,113,44
284,0,114,Shamela0025794,5373,1380,1496,91,96
284,114,276,Shamela0025794,5374,0,171,119,80
284,0,384,JK000961,374,762,1139,299,96
284,0,276,JK009245,106,1087,1427,220,80
284,1138,1287,JK009333,11,550,690,105,90
285,1385,1558,JK000995,631,917,1234,86,28
285,1398,1558,Shia001555Vols,479,655,755,72,54
285,1398,1571,Sham19Y0131521,5491,1137,1251,83,57
285,128,720,Masaha004651,23,298,870,367,70
285,1398,1571,Shamela0026484,24,596,700,75,51
285,1398,1558,Shia004456Vols,712,1008,1108,72,54
285,128,720,Shia000151,297,12,586,358,68
285,1363,1563,Rafed0002209Vols,2172,240,399,93,52
285,1385,1558,Tafsir04056,6772,299,413,83,57
285,1398,1571,Shia001432Vols,10128,64,185,89,61
285,128,720,Shia001432Vols,23655,195,781,365,68
285,81,592,Sham19Y0017350,87,1102,1542,271,61
285,81,417,ShamIbadiyya0000109,7465,1211,1577,197,61
285,1398,1563,Shamela0009702,500,1228,1371,106,76
285,128,601,JK011730,1235,1209,1465,175,45
285,128,601,JK000137,329,14,326,207,53
285,1398,1571,JK000778,1009,1278,1392,83,57
285,777,1303,Sham19Y0133357,933,986,1493,309,68
285,270,720,ShamAY0035035,6391,11,560,284,57
285,78,472,ShamAY0002038,469,1073,1548,257,62
285,889,1371,Shamela0023632,3295,914,1496,354,75
285,144,601,Shamela0012001,34,33,357,215,57
285,1398,1571,AOCP20251104137,90,36,205,74,40
285,81,607,AOCP20251104131Vols,696,453,980,272,54
285,81,720,Kraken220413202218,539,436,1225,382,57
285,777,1371,Sham19Y0023618,1616,1092,1512,233,49
285,81,601,Sham19Y0035453,109,939,1441,222,42
285,81,706,Shia001615Vols,3472,399,852,315,60
285,1356,1571,Sham19Y0149213,2050,552,726,94,49
285,245,601,JK001249,313,0,314,202,66
285,889,1375,JK001480,877,623,1113,380,97
285,1398,1571,Shamela0003722,7450,170,283,83,57
285,1398,1558,Sham19Y0150966,1098,1300,1416,85,63
285,1395,1571,Shamela0009770,441,1213,1325,78,53
285,81,601,Sham19Y0016599,369,818,1196,228,49
285,128,720,JK000001,1779,74,701,368,66
286,0,273,Sham19Y0131521,5491,1251,1528,219,95
286,0,287,Shamela0026484,24,700,1039,207,74
286,10,267,Rafed0002209Vols,2171,9,288,208,91
286,0,339,Shia001432Vols,10128,185,507,250,88
286,62,267,JK003609,6290,0,210,165,96
286,83,339,JK000778,1010,5,276,194,86
286,0,287,AOCP20251104137,90,205,528,215,81
286,1153,1376,JK000166,8234,591,816,177,95
286,1153,1376,JK000201,2751,201,426,176,95
286,0,339,Shamela0003722,7450,283,662,261,83
286,1474,1634,JK009333,11,865,1026,130,97
286,10,267,JK000927,998,229,509,112,42
287,467,1047,Shamela0002215BK1,774,932,1505,433,91
287,1047,1551,Shamela0002215BK1,775,0,501,353,82
287,0,216,JK009333,11,1026,1243,170,96
288,0,1114,Shamela0002215BK1,775,509,1653,830,81
288,1114,1738,Shamela0002215BK1,776,0,566,424,82
288,659,1738,Sham19Y0020583,449,565,1256,403,43
288,659,1667,Sham19Y0013644,100,826,1452,369,42
289,309,1217,Shamela0001717,3476,384,1248,595,76
289,0,1057,Shamela0002215BK1,776,574,1606,794,89
289,1057,1658,Shamela0002215BK1,777,0,879,411,53
290,1125,1558,Sham19Y0122096,105,1402,1604,155,43
290,0,473,Shamela0002215BK1,777,879,1376,370,90
290,467,1578,Shamela0002215BK1,778,393,1502,772,78
290,1125,1575,Sham19Y0020583,450,646,970,244,66
290,1125,1575,Sham19Y0013644,101,812,1147,259,71
290,1134,1288,JK010001,1598,193,345,95,73
290,1134,1288,Shamela0004473,16190,293,444,94,72
290,1134,1288,Tafsir07055,1663,1238,1390,95,73
291,61,1324,Shamela0002215BK1,779,0,1198,922,88
291,1324,1493,Shamela0002215BK1,780,1309,1500,130,85
291,325,833,Sham19Y0020583,450,1007,1387,286,68
291,1382,1599,Sham19Y0013644,101,581,802,156,84
292,0,1390,Shamela0002215BK1,781,108,1616,1008,76
292,1390,1699,Shamela0002215BK1,782,0,323,243,87
292,219,1659,Sham19Y0020583,451,0,1289,979,82
292,184,410,Sham19Y0013644,101,1330,1541,163,86
292,420,1699,Sham19Y0013644,102,0,1141,841,79
293,1080,1306,ShamAY0034230,138,1087,1319,176,90
293,1101,1311,Shamela0095578,12,1083,1304,166,91
293,0,549,Shamela0002215BK1,782,323,901,387,80
293,8,447,Sham19Y0020583,451,1268,1603,229,61
293,0,447,Sham19Y0013644,102,1141,1477,229,60
294,1224,1405,ShamAY0034230,2117,570,743,137,95
294,543,1098,Sham19Y0123663,129,71,648,429,89
294,227,510,JK010001,1598,1355,1612,190,81
294,227,621,Tafsir07055,1664,892,1214,234,70
295,44,225,JK010001,1599,666,850,144,96
295,44,225,Tafsir07055,1665,197,381,144,96
295,590,707,Shamela0010717,111,742,869,87,86
297,1342,1552,JK000080,1055,649,819,135,79
297,927,1136,JK009333,11,1063,1243,132,77
298,208,795,JK007070,652,6,580,175,25
298,392,853,JK000080,1054,917,1456,275,63
298,161,560,JK000080,1055,828,1213,245,71
298,523,1195,Sham19Y0122257,2633,523,743,99,18
298,830,1157,Shamela0001438,8386,0,529,165,33
298,541,1089,ShamAY0034129,9,534,825,149,35
298,1144,1544,JK000298,4622,325,719,293,89
298,536,1116,Sham19Y0145212,2802,0,141,78,16
298,513,858,JK009245,233,9,649,218,40
299,284,1057,Sham19Y0014309,1316,671,1303,465,71
299,284,787,JK000165,3163,1004,1510,385,91
299,787,1204,JK000165,3164,0,333,250,70
299,1168,1372,Sham19Y0122096,3663,464,683,152,83
299,1179,1321,JK007044,4986,812,966,103,78
299,1185,1321,Sham19Y0017350,767,306,456,103,80
299,277,1062,JK000906,2292,825,1517,506,75
299,300,450,JK000906,7765,927,1087,117,92
299,1168,1321,Shamela0009702,1055,1218,1379,111,78
299,277,998,Sham19Y0132524,2279,395,1142,426,61
299,1168,1321,JK000137,1571,86,248,113,79
299,284,1057,JK000137,2120,323,1058,563,86
299,1172,1321,JK007036,234,1207,1352,101,78
299,1138,1330,JK000552,111,1338,1526,132,79
299,277,1057,JK000552,368,345,989,494,76
299,1185,1321,Shamela0001442,616,1190,1340,103,80
299,1523,1714,Sham19Y0149697,2315,1087,1276,132,84
299,23,270,JK000637,1574,589,773,103,53
299,1168,1321,Sham19Y0014224,755,1080,1242,113,79
299,1185,1335,Sham19Y0035453,207,1357,1520,113,80
299,787,1342,JK010001,474,420,1027,171,24
299,808,1321,Sham19Y0018272,1990,857,1406,138,19
299,1168,1330,JK000298,4619,733,897,136,98
299,1335,1515,JK000298,4620,1273,1403,107,71
299,0,277,JK000298,4622,719,1086,144,41
299,333,1057,Masaha001946Vols,60,622,1212,446,74
299,305,711,Sham19Y0017063,1103,1276,1607,248,73
299,787,1057,Shamela0000140,2059,1043,1480,177,43
299,305,774,Sham19Y0013252,5509,799,1251,298,70
299,787,1342,Tafsir07055,506,75,682,177,28
299,288,1062,Sham19Y0020891,1635,161,958,505,67
299,284,998,Sham19Y0122406,3382,112,788,439,68
299,273,1130,ShamIbadiyya0000438,1235,338,1098,576,78
299,461,1138,Kraken22020817055002,45,0,580,415,71
299,1185,1335,Sham19Y0013769,1224,176,349,113,77
300,1028,1260,Sham19Y0122096,3663,997,1258,109,48
300,1343,1525,Kraken220216061221,145,250,389,93,56
300,141,499,Sham19Y0149697,2316,0,284,202,65
300,998,1382,Sham19Y0149697,2316,238,493,198,64
300,106,472,Sham19Y0149697,2643,1257,1475,164,53
300,1037,1260,Sham19Y0149697,2644,0,168,124,69
300,1405,1599,JK000298,593,269,471,132,77
300,556,991,Sham19Y0122406,3383,155,651,265,62
301,1130,1419,JK007070,652,1132,1389,200,84
301,1108,1550,JK009152,1975,1010,1474,243,54
301,1155,1555,JK000080,1056,0,376,287,86
301,1115,1550,JK000264,2830,828,1290,243,54
301,1130,1521,JK000906,2946,145,682,251,51
301,1208,1555,Shamela0021765,155,0,331,243,82
301,1108,1544,ShamAY0034059,2369,982,1376,301,83
301,1108,1419,ShamAY0034059,3137,501,781,210,80
301,1108,1544,Shia002264,846,1017,1432,307,83
301,1130,1521,JK001137,17,537,987,210,45
301,21,209,Sham19Y0149697,2316,501,668,129,82
301,1108,1651,Sham19Y0149697,2316,680,1136,367,83
301,34,270,JK007006,160,138,313,131,67
301,1130,1521,Shamela0000432,4178,533,1080,266,54
301,1108,1544,Shamela0000432,4214,1153,1542,296,82
301,303,1103,JK000298,329,176,946,586,85
301,34,266,JK000298,592,206,435,184,96
301,1134,1555,JK009245,235,10,464,279,68
301,573,838,JK009229,22,1328,1574,150,59
301,573,847,JK000001,54,1313,1568,160,62
302,961,1225,JK009152,59,981,1271,199,84
302,961,1381,JK007044,260,662,1026,231,63
302,1220,1381,JK009266,1550,1151,1314,118,86
302,961,1381,Sham19Y0122257,134,567,975,271,74
302,944,1381,ShamAY0035035,98,9,384,248,70
302,1220,1381,Shamela0000041,311,408,572,118,86
302,1220,1381,Shamela0023628,354,817,982,118,88
302,936,1459,Sham19Y0149697,2316,1250,1597,256,59
302,944,1381,JK000116,502,310,761,299,79
302,936,1580,JK000298,592,701,1336,468,85
302,944,1371,Shamela0009918,575,1052,1328,163,46
302,961,1381,JK000201,2875,202,566,230,63
302,0,158,JK009333,11,1370,1538,119,86
302,158,886,JK009333,12,0,707,541,91
302,961,1211,Shamela0037325,1794,185,459,195,87
303,604,1609,Shamela0001717,4037,381,931,421,51
303,275,1609,Shamela0002215BK1,856,148,1431,972,88
303,279,1609,Sham19Y0020583,442,63,1174,846,77
303,920,1269,Sham19Y0149697,2317,67,223,127,44
303,634,1532,ShamIbadiyya0000438,1236,13,626,437,59
304,0,544,Shamela0001717,4037,931,1521,381,77
304,704,1561,ShamAY0032443,3809,408,1261,643,91
304,80,626,Shamela0002215BK1,857,0,522,387,86
304,41,580,Shamela0012399,879,443,698,127,28
304,906,1450,JK009273,476,12,443,220,44
304,936,1554,Shamela0021751,3611,180,1220,422,50
304,447,580,Shamela0021751,3614,15,265,85,41
304,936,1300,Shamela0021751,6964,1054,1509,251,68
304,1300,1561,Shamela0021751,6965,0,575,179,38
304,134,453,Sham19Y0020583,442,1206,1532,249,94
304,6,124,Shamela0023842,644,221,335,84,87
304,41,580,Shamela0028107,318,933,1183,123,30
305,0,189,ShamAY0032443,3809,1261,1492,148,80
305,189,1537,ShamAY0032443,3810,0,1267,950,85
305,335,496,JK009273,476,688,855,106,80
305,0,172,Shamela0021751,3611,1229,1494,126,60
305,172,1045,Shamela0021751,3612,0,955,353,36
305,1224,1537,Shamela0021751,3613,0,407,225,67
305,0,504,Shamela0021751,6965,575,1472,356,49
305,1040,1432,Shamela0021751,6966,952,1509,274,61
305,41,512,Shamela0021735,1317,603,1399,331,51
305,1040,1537,Shamela0021735,1318,569,1304,351,58
305,41,264,JK000281,1260,201,439,166,86
306,1052,1477,Sham19Y0123665,1698,556,955,310,88
306,1052,1512,JK000028,35,412,938,325,74
306,1025,1469,JK000101,474,744,1179,320,86
306,1009,1469,Kraken220216061221,16,664,1121,314,80
306,582,787,Shamela0009702,1056,801,1045,159,75
306,0,322,ShamAY0032443,3810,1267,1512,173,66
306,571,827,JK000137,763,598,887,199,82
306,1052,1276,ShamAY0035035,89,1109,1524,168,50
306,1052,1477,JK000954,8,102,531,325,92
306,1052,1477,JK000362,1352,4,421,323,92
306,1052,1477,JK000146,121,949,1367,314,89
306,1022,1460,JK009229,18,905,1375,313,77
306,1108,1477,JK000001,180,0,374,282,91
307,0,409,ShamAY0034179,301,1252,1613,285,84
307,409,1616,ShamAY0034179,302,0,1218,946,96
307,0,309,Shamela0036427,177,1364,1601,185,71
307,309,1508,Shamela0036427,178,0,1336,633,50
307,0,1295,Sham19Y0132524,2802,88,1541,848,68
307,702,1203,Sham19Y0014579,1212,1018,1459,317,77
307,13,1460,Shia001174Vols,1352,481,1610,646,52
307,0,1261,JK000166,10660,369,1583,954,92
307,1261,1616,JK000166,10661,0,365,284,96
307,570,1374,Sham19Y0013631,2540,195,772,309,44
307,0,796,Shamela0037325,1990,821,1640,566,79
307,796,1616,Shamela0037325,1991,0,1092,469,51
308,0,389,ShamAY0034179,302,1218,1554,267,84
308,389,1104,ShamAY0034179,303,0,725,556,96
308,737,1114,Sham19Y0132524,2804,1072,1511,179,44
308,0,1104,JK000166,10661,365,1428,822,92
308,1164,1566,JK000166,10662,1084,1511,301,84
309,1050,1351,Shamela0036427,174,873,1412,229,52
309,797,1050,AOCP20251104106,15,227,467,195,91
309,1050,1473,JK000101,475,931,1541,321,63
309,817,1307,Kraken220216061221,17,0,994,387,47
309,794,1050,JK000954,12,946,1212,211,95
309,1050,1606,JK000954,13,300,1329,411,48
309,948,1606,JK000362,1359,263,1672,457,37
309,797,1307,JK000146,122,190,1128,383,49
309,51,496,JK000166,10663,0,385,294,82
309,631,741,JK000166,10664,717,832,81,91
309,794,1050,JK009229,20,1206,1471,203,89
309,1050,1534,JK009229,21,58,365,195,44
309,794,1050,JK000001,184,1075,1342,211,95
309,1050,1606,JK000001,185,416,1446,417,49
311,127,363,JK001157,717,1376,1628,189,91
311,370,520,JK001157,718,12,163,118,97
311,127,477,Zaydiyya0000413Vols,2200,1362,1641,210,71
312,0,592,AOCP20251104154,223,253,529,127,21
312,1526,1621,JK001157,782,1058,1154,74,97
312,1526,1621,Shamela0021715,11003,671,767,74,97
313,1312,1476,Sham19Y0039268,451,325,702,113,39
313,0,619,Sham19Y0016684,2021,625,1200,281,48
313,1312,1476,Shamela0012403,263,1038,1226,112,77
313,1312,1476,Shamela0012403,264,237,415,120,87
313,279,619,JK007081,79,840,1171,183,55
313,0,346,JK001157,782,1154,1506,271,94
313,366,619,JK001157,783,160,411,200,97
313,0,619,Shamela0021715,11003,767,1477,484,83
313,1312,1476,JK000005,258,887,1040,100,75
314,128,441,JK000363,35,595,1152,169,33
314,140,607,ShamAY0034179,273,183,692,373,88
314,128,441,JK000381,1133,788,1414,172,30
314,128,441,Shamela0007664,137,158,742,171,32
314,140,610,ShamAY0035035,220,106,611,378,91
314,1152,1653,Sham19Y0014556,39,353,818,368,90
314,128,441,Shamela0008353,22,743,1175,172,44
314,128,441,Shamela0018381,3,882,1497,164,30
314,128,441,Shamela0006947,5556,442,875,175,44
314,140,610,JK000166,10664,873,1347,376,97
314,117,411,Sham19Y0016618,9,238,762,171,41
315,1117,1588,AOCP20251104106,50,166,831,343,62
315,106,318,Sham19Y0014556,40,107,537,168,48
315,1179,1307,ShamAY0034059,6014,1128,1291,90,66
315,1151,1307,Sham19Y0014404,1337,41,212,121,88
315,1151,1397,Shamela0023645,120,826,1210,195,62
315,1151,1397,Masaha001946Vols,981,138,490,185,63
316,4,298,AOCP20251104106,50,834,1142,214,88
316,160,262,ShamIbadiyya0000109,8127,1335,1444,81,93
316,334,694,Shamela0023632,3792,27,492,192,43
316,534,974,Shamela0023628,170,19,449,91,17
316,1038,1199,JK000298,1797,658,795,107,82
316,819,983,JK000298,1802,670,818,114,88
316,9,298,Masaha001946Vols,981,530,1030,192,45
316,476,685,JK001480,1129,696,908,151,87
316,121,314,Sham19Y0013252,10557,89,241,114,75
316,834,978,AOCP20251104112,15,396,581,93,63
317,62,986,Tafsir09083,1833,496,934,213,27
317,35,345,JK001480,1131,1161,1478,226,88
317,354,1374,JK001480,1132,0,771,509,60
318,18,214,ShamAY0035955,131,1009,1198,145,87
318,1522,1658,JK000298,1801,867,1003,101,92
318,1198,1384,Shamela0010273,7,31,343,101,39
318,253,483,JK001480,1132,1234,1496,131,51
319,174,506,ShamAY0034059,7160,1107,1410,162,55
319,134,468,JK000298,1782,1073,1432,172,51
319,1023,1471,JK000298,1793,313,662,163,34
320,0,283,JK000298,1793,845,1415,153,28
320,337,570,JK000298,1794,184,652,152,39
320,596,1010,JK001480,915,1160,1513,243,69
321,152,723,JK000166,10664,5,586,425,85
321,946,1229,JK009333,12,520,707,118,50
322,1060,1546,JK009333,12,718,1195,372,95
324,515,832,AOCP2025021445,25,1163,1473,224,87
324,832,1390,AOCP2025021445,26,0,618,373,69
324,1230,1390,Zaydiyya0000413Vols,1868,149,354,111,66
324,921,1253,Zaydiyya0000413Vols,1871,0,369,252,85
324,300,475,JK009333,12,980,1144,123,88
325,322,504,Shamela0021735,11,659,852,104,58
325,315,1437,JK009333,12,1100,1505,320,35
325,1437,1596,JK009333,13,0,152,118,94
326,488,636,Sham19Y0123663,128,633,774,110,94
326,1217,1340,JK007084,1039,676,799,93,90
326,0,358,JK009333,13,152,515,280,94
328,658,1162,JK011730,184,652,1151,374,86
328,527,1162,JK000066,25,321,931,448,82
328,623,1149,JK009273,560,725,1405,392,68
328,1361,1503,JK009241,722,1431,1575,115,96
328,570,771,JK009241,724,1341,1551,147,83
328,771,1162,JK009241,725,0,289,213,64
328,587,961,AOCP20251104131Vols,122,1306,1667,250,79
328,570,1162,JK001157,633,457,1079,459,88
328,577,1047,Zaydiyya0000413Vols,1343,0,485,349,84
329,0,517,JK009241,723,173,714,387,85
330,1303,1585,Kraken220208041040,809,0,250,191,81
330,1120,1585,ShamAY0035035,5218,114,592,339,84
330,1172,1466,ShamAY0035035,5743,745,1067,217,83
330,1120,1426,ShamAY0035035,5746,1216,1524,221,86
330,1438,1585,ShamAY0035035,5747,7,155,114,97
330,0,116,JK009241,716,911,1028,91,98
330,1127,1585,Hindawi092731807,125,1239,1606,278,73
330,1135,1426,JK009401,11,1216,1513,231,94
330,1438,1585,JK009401,12,7,156,113,95
330,1135,1585,ShamAY0034797,358,226,679,336,90
331,307,734,EShia0071807,1001,572,867,192,51
331,1221,1476,AOCP20251104144,220,65,301,187,89
331,0,179,Kraken22021606122001,83,350,532,116,79
331,0,401,Kraken220208041040,809,272,640,260,82
331,179,653,ShamAY0035035,513,885,1229,234,61
331,0,863,ShamAY0035035,3020,1052,1460,309,43
331,179,868,ShamAY0035035,5217,707,1265,415,73
331,0,863,ShamAY0035035,5747,180,583,301,42
331,0,868,JK009401,12,181,994,594,82
331,0,868,ShamAY0034797,358,704,1540,590,79
331,1221,1476,JK000298,4988,223,471,193,92
331,1221,1476,JK009323,16,146,395,191,91
332,691,1013,AOCP20251104144,97,123,705,162,34
332,781,1118,AOCP20251104144,220,505,841,270,96
335,603,730,Shamela0000736,3046,1445,1570,101,98
335,603,730,Shamela0011438,174,708,833,101,98
335,603,730,Shamela0012398,535,493,618,101,98
335,603,730,Shamela0010906,4834,1109,1234,101,98
335,596,730,Shamela0004445,5154,1070,1202,103,95
335,593,730,Sham19Y0023644,5754,754,889,109,98
335,603,730,Shamela0035100,5089,105,230,101,98
335,603,730,Hindawi081316951,141,930,1055,101,98
335,603,730,Shamela0037325,1194,539,664,101,98
336,635,745,Masaha004105Vols,110,206,316,89,100
336,577,745,Shamela0010273,370,655,823,127,90
337,246,370,JK006478,345,117,244,88,87
337,485,675,Shamela0010273,970,508,709,139,87
338,897,1312,AOCP20251104144,188,232,640,177,42
338,807,1053,JK009229,465,456,648,149,73
339,13,545,Kraken220218125255,254,390,868,342,77
339,1449,1606,Kraken220218125255,255,0,197,122,77
339,13,223,Masaha001961Vols,1743,1305,1518,169,97
339,223,535,Masaha001961Vols,1744,0,251,180,69
339,1385,1606,Masaha001961Vols,1744,701,941,170,89
339,13,545,JK009229,465,795,1271,358,82
339,1385,1606,JK009229,466,242,504,172,82
340,296,665,Kraken220218125255,254,986,1460,265,68
340,0,720,Kraken220218125255,255,197,498,225,38
340,1402,1573,JK009301,28,137,252,89,65
340,336,659,JK003609,3189,279,674,190,57
340,160,296,Shia003764Vols,221,16,135,96,87
340,316,659,Shamela0001000,404,580,1014,185,48
340,374,659,Shamela0009091,590,366,771,182,51
340,420,639,Kraken220413202903,93,1149,1416,118,50
340,300,866,Masaha001961Vols,1744,339,928,281,52
340,0,714,JK009229,466,504,816,233,40
340,420,798,Shamela0006624,302,979,1291,147,42
341,0,563,JK009301,28,252,886,438,84
341,1227,1626,Shamela0000736,3046,8,318,245,76
341,872,1065,Shamela0011438,176,0,143,96,59
341,1217,1626,Hindawi092731807,74,253,624,270,79
341,1224,1597,Shamela0010906,4836,1249,1476,141,46
341,1217,1626,Shamela0004445,5160,420,657,118,33
342,0,343,Shamela0012034,35,430,703,148,52
342,0,418,Shamela0000736,3046,318,738,328,96
342,0,418,Hindawi092731807,74,624,1056,318,89
342,43,261,Shamela0010906,4837,0,220,159,89
342,966,1563,JK009333,13,515,1106,462,94
342,116,257,Shamela0037325,1202,0,137,102,91
343,598,814,Rafed0002209Vols,1869,1187,1410,168,92
343,609,923,AOCP20251104106,261,1246,1611,163,45
343,627,808,JK001293BK1,1201,50,232,144,96
343,627,808,Shamela0036357,1532,924,1106,143,96
343,894,1235,Sham19Y0016363,15,1052,1535,246,64
343,1235,1606,Sham19Y0016363,16,2,592,221,44
343,358,619,JK000066,48,86,336,189,88
343,627,808,Hindawi092963020,797,1119,1277,127,85
343,0,308,JK009333,13,1106,1416,245,96
344,0,681,Sham19Y0016363,16,592,1231,449,77
344,0,355,JK000066,23,1160,1466,232,81
344,0,355,JK000066,91,912,1559,234,42
344,769,910,JK009273,559,1124,1345,99,54
344,967,1286,JK009273,560,133,434,181,66
344,765,1286,JK009241,724,825,1337,284,58
344,776,1286,AOCP20251104131Vols,122,575,1250,339,58
344,951,1195,Sham19Y0014579,1151,767,983,155,76
344,951,1292,JK001157,633,136,463,243,84
344,951,1227,Zaydiyya0000413Vols,1393,1252,1540,214,91
344,0,355,JK007590,21,799,1126,236,79
344,955,1233,AOCP20240816431,54,1101,1290,112,48
345,1471,1620,Sham19Y0016363,14,484,634,120,98
345,1067,1251,JK000066,18,1309,1495,141,94
345,1123,1340,JK000066,89,12,230,166,94
345,1176,1334,JK000330,759,918,1023,83,65
345,1176,1340,JK000362,1161,79,190,89,67
345,64,278,JK000298,1178,323,487,120,68
345,77,278,Shamela0001535,6205,1014,1164,115,71
345,77,278,Shamela0010273,259,1241,1493,106,43
345,71,295,Shamela0010273,2047,164,343,127,70
345,77,278,JK009323,1,1370,1521,116,72
345,693,1048,JK007590,18,1054,1439,238,76
345,1098,1340,JK007590,19,140,399,183,88
346,364,1338,Shia004456Vols,1116,179,1181,683,76
346,395,824,JK009301,355,1122,1592,333,84
346,824,1715,JK009301,356,0,926,663,83
346,395,945,Hindawi020790318Vols,984,1015,1562,434,94
346,1176,1521,Hindawi020790318Vols,985,0,386,230,68
346,437,606,ShamAY0032275,133,1503,1608,84,61
347,1321,1535,Shamela0010548,618,310,533,125,64
347,371,845,Shia004456Vols,1116,1181,1531,138,27
347,0,548,JK009301,356,926,1513,423,88
347,819,982,Hindawi020790318Vols,977,448,772,117,45
347,1321,1574,Hindawi020790318Vols,979,562,830,185,83
347,1109,1287,Sham19Y0073350,548,1054,1226,125,82
347,1321,1535,JK009237,2900,943,1127,132,74
347,572,819,Shamela0001002,558,532,743,145,68
347,819,982,Shamela0001002,559,27,272,113,59
347,1109,1287,Shamela0001002,561,1151,1322,126,83
347,1321,1574,Shamela0001002,562,510,764,185,87
347,1309,1574,Hindawi024957531,116,902,1205,152,62
347,819,982,Shamela0027084,358,88,427,114,43
347,1296,1550,Hindawi092963020,471,541,719,93,45
347,865,982,Shamela0023764BK4,14,513,630,91,99
347,1321,1574,Hindawi081316951,51,880,1113,158,76
347,819,1104,ShamAY0032275,133,451,794,190,67
347,865,982,Sham19Y0014075,1002,964,1081,91,99
347,819,982,Sham19Y0145334,2695,130,476,119,43
348,56,282,Rafed0002209Vols,587,1173,1406,165,89
348,906,1314,JK000418,73,929,1175,117,36
348,1152,1336,Shamela0000131,1057,621,1180,110,24
348,1062,1178,Shia004517,8,1416,1521,80,84
348,1178,1548,Shia004517,9,0,212,145,47
348,716,1630,Hindawi020790318Vols,982,357,1282,722,94
348,716,1548,Kraken220218125252,176,716,1581,610,81
348,957,1615,Shia003764Vols,883,188,435,191,35
348,691,1553,Shamela0012398,1459,550,1382,562,74
348,1093,1309,Sham19Y0017372,659,1105,1333,140,72
348,742,1548,JK000176,472,823,1447,449,66
348,66,282,Shamela0001002,565,1214,1433,168,96
348,332,652,Shamela0001002,566,510,910,209,63
348,585,1559,Shamela0001002,567,263,1643,764,66
348,691,1244,Shamela0026350,439,1070,1622,359,76
348,823,1444,Hindawi024957531,153,1056,1429,289,55
348,827,1069,Shamela0006739,2096,443,767,140,51
348,1128,1314,Shamela0006739,2097,0,544,127,29
348,957,1615,Shamela0001242,120,242,722,383,69
348,768,1473,Shamela0037345,153,937,1604,494,85
348,121,282,Hindawi081316951,116,68,230,125,97
348,585,1615,ShamAY0032275,134,285,1068,559,61
349,999,1261,Kraken220208041038,457,653,993,147,51
349,0,323,Hindawi020790318Vols,982,1282,1614,249,90
349,380,682,Hindawi020790318Vols,983,7,313,229,86
349,1269,1457,Sham19Y0123663,136,363,565,140,83
349,0,682,Shamela0001002,568,78,731,486,82
349,694,1254,Shamela0001002,572,620,1299,394,70
349,419,682,ShamAY0032275,134,1103,1310,149,64
349,881,1254,ShamAY0032275,135,676,1051,275,85
350,1390,1702,JK009301,525,1160,1428,201,75
350,865,1071,Hindawi050246818,74,570,777,159,93
351,160,1101,JK009301,526,0,1226,733,73
352,258,659,Sham19Y0014197,190,1049,1586,268,58
354,1478,1625,JK009333,13,739,884,115,96
355,461,1513,Rafed0002209Vols,590,407,1192,577,68
355,736,1513,JK001111,74,0,697,525,82
355,675,1359,JK000066,47,557,1157,421,73
355,1359,1468,Sham19Y0014579,1151,1474,1585,86,96
356,566,776,Shamela0000894,4842,609,821,159,92
356,0,265,Rafed0002209Vols,588,1404,1670,213,97
356,265,770,Rafed0002209Vols,589,0,514,395,93
356,448,770,Shamela0036543,379,865,1191,241,88
356,0,776,JK001293BK1,1521,635,1406,618,97
356,0,776,Shamela0036357,1965,325,1092,615,96
356,0,770,JK001111,72,770,1530,594,94
356,0,243,ShamIbadiyya0000038,245,59,302,199,100
356,448,776,JK001245,26,1190,1514,245,90
356,560,776,Shamela0037325,2181,754,972,169,94
357,260,405,JK009333,13,1049,1194,114,90
358,1232,1440,ShamAY0034059,7155,1181,1366,132,83
358,1229,1450,Shamela0004473,9718,71,272,149,88
359,456,787,Shamela0010273,3679,0,275,223,82
359,0,312,Shamela0004473,9717,929,1256,228,85
360,188,308,Shamela0010273,1799,995,1115,94,99
360,198,308,Shamela0037325,3043,1289,1399,86,99
361,854,1154,JK009257,871,365,803,155,39
361,842,1154,Shamela0010273,3030,576,1040,173,42
361,802,1154,JK009270,4821,169,688,183,42
362,205,793,Kraken21042901,75,133,872,292,39
363,299,792,EShia0071807,403,0,523,304,66
363,392,792,AOCP20251104144,235,9,415,313,95
363,292,495,AOCP20251104106,168,363,620,143,66
363,459,792,Kraken220413030759,2025,0,364,181,55
363,292,546,Rafed0003943Vols,6,1255,1532,168,71
363,339,792,Kraken220414225512,46,0,490,251,54
363,292,546,JK007094,4,1243,1532,173,70
364,825,1183,JK009333,13,1341,1524,146,51
364,1183,1617,JK009333,14,0,425,337,94
365,0,219,JK009333,14,425,645,172,98
366,1144,1441,Sham19Y0014556,49,1159,1460,236,96
366,384,994,JK009333,14,178,375,156,31
367,443,630,JK001044,17,202,493,106,43
367,429,630,Sham19Y0017878,471,128,469,98,36
367,522,630,JK005021,464,67,196,85,79
367,185,613,Kraken220414225509,115,220,893,165,25
367,443,630,Shamela0001438,2775,546,728,91,45
367,443,630,JK009274,673,886,1009,85,56
367,429,625,Shamela0021659,972,678,875,90,47
367,742,1269,JK009333,14,382,535,113,26
367,449,630,JK000001,2921,1213,1442,109,53
368,411,918,EScr20112411,41,716,1201,214,39
368,951,1631,JK009333,14,548,810,199,36
369,730,1390,ShamIbadiyya0000185,621,818,1295,341,63
369,721,1082,Masaha004092,326,77,457,256,79
369,721,1425,Kraken220414225509,103,84,856,539,86
369,746,1093,Kraken21040812,180,819,1205,244,79
369,0,649,JK009333,14,810,1443,506,95
372,1160,1553,Sham19Y0123663,83,888,1415,286,67
372,1231,1461,Sham19Y0123663,134,6,245,149,71
373,923,1089,JK009321,324,824,986,117,86
373,1317,1489,JK000170,3572,0,143,99,70
373,1066,1489,JK009241,318,875,1283,300,84
373,923,1097,Sham19Y0123663,11,57,226,124,85
373,0,138,Sham19Y0123663,83,1415,1551,106,95
373,211,486,Sham19Y0123663,134,539,764,182,80
373,1115,1492,JK007074,2449,370,732,289,93
373,0,194,Kraken21032823,110,1145,1343,150,94
373,914,1097,JK000967,150,1065,1276,131,74
375,440,735,Kraken220414225509,15,788,1385,227,47
376,911,1331,Tafsir02096,44,796,1115,240,70
376,1029,1331,JK007085,1649,4,202,151,62
377,1231,1549,Sham19Y0122096,3881,992,1418,182,48
377,642,773,Sham19Y0149697,1169,353,484,99,96
377,1374,1566,JK000298,4905,903,1073,134,86
377,180,302,JK009333,14,1443,1564,97,99
377,302,863,JK009333,15,0,538,420,92
378,23,556,Sham19Y0122096,3881,806,1030,119,27
378,689,920,Shamela0036446,898,1377,1550,89,42
378,15,172,JK000298,4905,36,257,111,59
379,428,799,JK009152,105,242,512,206,70
379,271,721,PV2024060602,6753,1006,1403,266,72
379,752,962,PV2024060602,6754,113,309,101,51
379,1160,1351,JK000981,268,0,328,126,49
379,463,962,JK000140,969,0,579,313,62
379,752,962,JK000381,4288,510,716,102,49
379,361,782,JK000381,4289,733,1111,253,72
379,752,962,Shamela0012081,24,554,762,104,49
379,288,782,Shamela0012081,25,766,1231,296,71
379,1098,1339,JK006675,657,916,1327,109,31
379,1050,1351,JK000138,338,247,529,182,71
379,1091,1339,Shamela0035261,224,224,465,177,86
379,752,962,Hindawi061483693,44,557,766,104,49
379,288,782,Hindawi061483693,45,745,1212,295,71
379,271,531,Shamela0010517,2744,806,1022,122,57
379,271,531,Shamela0010517,2750,126,342,122,57
379,1050,1351,Shamela0025955,243,82,413,184,64
379,288,962,Sham19Y0023618,10,180,835,374,62
379,1050,1339,JK006973,131,951,1208,136,54
379,428,953,JK000201,3666,644,1231,146,24
379,1088,1351,JK000537,129,990,1396,169,51
379,1050,1339,Shamela0002241,79,108,397,185,71
379,433,962,Shamela0000782,998,10,580,339,69
380,147,430,Sham19Y0131521,4911,1294,1544,194,84
380,430,918,Sham19Y0131521,4912,0,836,344,48
380,929,1503,JK000264,2648,974,1566,458,95
380,1503,1621,JK000264,2649,0,114,88,93
380,1053,1190,JK000906,8,859,997,84,74
380,941,1621,Sham19Y0150960,1128,539,1240,522,90
380,1081,1621,Sham19Y0039268,34,175,856,405,72
380,1040,1621,ShamAY0035035,3051,0,518,394,81
380,707,913,Shamela0023632,9,390,604,149,84
380,941,1558,JK000162,374,663,1493,458,66
380,703,981,Sham19Y0023618,9,463,746,169,70
380,77,674,Shamela0000432,4430,901,1285,205,39
380,74,373,Sham19Y0018272,2094,170,589,203,57
380,937,1621,Sham19Y0150639,291,550,1245,542,97
380,991,1621,JK001295,766,5,647,496,96
381,601,1248,Sham19Y0014309,274,442,1286,407,61
381,1303,1634,Sham19Y0014309,275,0,419,257,73
381,0,586,JK000264,2649,114,651,417,86
381,601,1242,JK009336,256,679,1506,419,63
381,1248,1634,JK009336,257,213,691,301,75
381,43,567,Sham19Y0122096,127,216,696,372,85
381,586,748,Sham19Y0122096,3880,1301,1456,118,92
381,748,1537,Sham19Y0122096,3881,0,790,608,91
381,1248,1601,AOCP20251104106,235,792,1167,245,71
381,48,292,JK007044,515,1119,1358,179,84
381,77,292,JK009396,7,836,1220,128,38
381,0,314,Sham19Y0150960,1128,1240,1562,255,95
381,314,567,Sham19Y0150960,1129,0,205,159,77
381,586,1613,JK011730,1382,522,1551,812,96
381,43,292,ShamAY0035035,3037,1328,1614,194,79
381,292,840,ShamAY0035035,3038,0,478,195,35
381,1248,1552,ShamAY0035035,3041,553,1033,232,57
381,0,626,ShamAY0035035,3051,518,865,171,29
381,619,1528,Shia002758,38,90,777,408,48
381,601,1448,JK009268,58,52,872,427,56
381,0,567,JK000162,375,64,611,411,84
381,121,418,Hindawi030536269,429,0,290,231,94
381,760,1601,Shia002382Vols,26,5,1536,577,46
381,613,1552,Zaydiyya0000053,416,805,1534,376,44
381,586,1631,JK000298,4904,487,1534,836,96
381,0,311,Sham19Y0150639,291,1245,1557,253,98
381,311,573,Sham19Y0150639,292,0,212,167,78
381,601,1389,JK000201,3665,876,1607,382,54
381,1061,1528,JK009365,514,1061,1561,334,76
381,0,567,JK001295,766,647,1175,412,87
381,601,1414,ShamIbadiyya0000438,1181,1142,1567,244,35
381,607,1379,Sham19Y0013631,1819,743,1303,283,39
381,601,897,JK000001,568,1138,1532,175,53
381,900,1634,JK000001,569,0,1560,539,42
382,1452,1642,Kraken220414225447,111,606,920,148,58
382,1452,1649,Sham19Y0038093,19,473,665,153,93
382,1005,1244,Shamela0000894,108,1090,1309,171,87
382,1054,1215,Sham19Y0020970,47,0,311,101,40
382,1005,1460,AOCP20251104106,236,373,707,243,64
382,1244,1431,JK007044,523,303,482,146,95
382,519,1180,Shamela0037458,7,1112,1454,274,50
382,139,449,Shamela0037458,9,301,652,248,86
382,134,449,Tafsir04056,934,701,1390,248,43
382,519,1649,JK000676,412,25,887,647,66
382,139,449,JK000676,414,931,1288,248,84
382,102,449,Sham19Y0150960,1135,398,745,283,99
382,519,807,Sham19Y0150960,1137,1248,1548,224,90
382,807,1431,Sham19Y0150960,1138,0,621,496,96
382,1446,1649,Sham19Y0150960,1140,402,606,162,97
382,1141,1446,JK011730,188,0,460,171,45
382,1041,1431,JK011730,354,1121,1485,199,52
382,1244,1431,JK011730,404,643,838,153,95
382,90,449,JK011730,1385,268,611,243,76
382,519,1418,Shamela0012738,81,305,747,321,43
382,559,1320,ShamAY0035035,3040,824,1563,567,89
382,98,449,ShamAY0035035,3054,123,458,273,94
382,1436,1600,ShamAY0035035,3081,1292,1474,132,88
382,563,709,Shamela0010906,5638,487,641,116,91
382,559,941,JK000162,380,1154,1553,281,83
382,592,1584,JK000468,419,0,682,487,56
382,139,449,JK000468,421,262,621,244,83
382,1015,1431,JK007081,273,978,1638,237,43
382,503,709,Zaydiyya0000413Vols,3858,1334,1535,155,90
382,559,1000,Shamela0006947,556,1160,1601,329,89
382,983,1266,Shamela0006947,557,302,490,120,48
382,980,1208,Shamela0006947,19822,210,442,167,85
382,1244,1431,Shamela0010273,2,723,908,149,96
382,584,1000,JK006986,110,830,1368,315,70
382,102,243,JK001295,772,1505,1645,116,99
382,248,449,JK001295,773,0,198,161,98
382,519,1390,JK001295,775,687,1570,697,96
382,1446,1649,JK001295,777,1220,1424,163,98
382,506,1418,Sham19Y0013631,2418,1145,1552,309,42
382,563,713,Shamela0037325,1548,1259,1421,121,92
382,524,709,Shamela0008648,38,1226,1412,145,96
382,617,1436,Shamela0008648,39,0,815,655,98
382,1436,1649,Shamela0008648,41,85,300,162,90
382,519,1431,Shamela0002573,39,118,598,378,49
383,4,299,Kraken220414225447,111,965,1275,225,91
383,0,296,Sham19Y0038093,19,665,982,189,67
383,54,296,JK009301,8,1115,1455,180,65
383,0,280,JK000676,412,887,1191,206,81
383,0,299,Sham19Y0150960,1140,606,904,235,98
383,0,299,ShamAY0035035,3082,51,364,233,91
383,599,1356,Sham19Y0014556,745,0,761,562,91
383,0,296,Hindawi057468526,50,1005,1331,194,68
383,0,280,JK000468,419,693,975,203,85
383,0,299,Shamela0010273,2,301,662,215,71
383,0,133,JK001295,777,1424,1559,104,95
383,133,296,JK001295,778,0,160,129,96
383,0,296,Shamela0008648,41,300,479,142,60
384,22,145,JK006897,126,1290,1427,95,86
384,181,838,Shamela0009823,147,575,1187,277,38
384,1435,1633,ShamAY0034230,4995,276,534,149,66
384,324,431,Shamela0010531,6,1133,1239,85,99
384,439,729,Shia001544Vols,1552,70,349,215,91
384,4,150,Shamela0001404,110,300,480,110,75
384,0,742,Sham19Y0150960,216,519,1275,565,90
384,582,886,Sham19Y0150960,217,283,555,180,70
384,4,178,ShamAY0038630,260,226,421,117,72
384,695,860,ShamAY0035035,2927,134,298,128,96
384,10,145,Shamela0004482,225,407,545,98,86
384,0,191,Shamela0010517,1055,1182,1450,111,47
384,443,860,Shamela0001417,426,161,449,230,68
384,0,860,JK001295,216,386,1261,666,92
384,457,675,JK000913,598,1412,1651,165,81
384,443,656,Shamela0002573,473,1538,1750,171,96
384,656,886,Shamela0002573,474,0,211,164,87
385,0,755,Sham19Y0132524,739,39,841,339,42
385,1018,1244,ShamAY0035035,5168,0,246,160,78
385,380,670,Tafsir01005,4550,1241,1551,237,91
385,373,777,Tafsir07057,4074,625,859,145,40
385,380,650,JK007084,745,1265,1534,223,99
385,650,777,JK007084,746,0,125,96,94
385,406,607,Masaha000554Vols,4362,1451,1651,165,99
385,607,777,Masaha000554Vols,4363,0,171,137,97
385,399,777,Sham19Y0149697,1168,5,382,309,99
385,410,777,Shamela0004473,4214,188,449,190,59
385,442,777,Sham19Y0023608,3071,1255,1496,179,66
385,380,777,Shamela0021537,928,567,959,307,94
385,380,777,Shamela0021537,4855,1146,1538,307,94
385,380,777,Shamela0003055,4267,550,942,307,94
385,1003,1244,JK000001,1272,289,534,179,89
386,839,1618,ShamAY0034230,4969,624,1421,611,92
386,435,806,ShamAY0035035,5157,9,708,238,39
386,52,389,Shamela0037886,12,812,1100,205,69
386,61,533,Shamela0010283,818,536,988,337,87
386,11,1634,Sham19Y0149697,1168,480,1558,848,64
386,61,812,JK000001,1268,840,1540,530,85
387,604,845,Kraken220414225447,111,1287,1519,170,86
387,845,1310,Kraken220414225447,112,0,437,319,83
387,133,515,Sham19Y0149697,1169,11,353,252,80
387,703,940,JK000298,955,1184,1397,156,79
387,743,1285,Hindawi081316951,218,92,854,328,48
388,1226,1342,JK003609,3627,282,398,86,94
388,579,920,JK009298,754,867,1229,245,85
388,548,910,JK007084,735,1013,1359,273,95
390,466,584,JK007135,3193,986,1377,65,19
390,466,610,JK007113,3517,1296,1538,91,47
390,50,296,JK007084,731,719,945,144,74
390,466,610,Sham19Y0018272,2188,1045,1289,88,45
390,780,1094,JK000298,3191,701,1152,157,41
390,204,750,JK000298,3724,413,796,154,26
392,15,1055,JK007084,725,292,1369,750,82
392,50,871,Shamela0021688,1161,725,1571,581,80
392,879,1078,Shamela0021688,1162,5,201,139,86
393,788,977,Tafsir01005,4548,767,949,140,92
393,1283,1548,Shamela0010283,800,0,240,164,70
393,647,977,JK000447,636,584,994,163,45
393,1111,1548,Shamela0010273,2388,185,599,222,52
393,1178,1548,JK000001,1273,229,565,218,65
394,1312,1587,ShamAY0034230,5000,468,808,200,72
394,609,1587,JK000289,211,462,1396,721,88
394,0,418,Sham19Y0149697,1169,432,685,174,52
395,45,1479,JK000289,212,129,1522,1060,89
395,1212,1344,Shamela0031215,671,667,827,101,79
395,1212,1369,Shamela0006730,287,824,1003,111,77
396,292,566,LMN20200928,49,1124,1424,167,65
396,0,145,JK000289,213,91,234,116,97
396,1116,1293,ShamAY0035035,5076,29,280,132,64
396,619,1197,Shamela0010283,808,1010,1605,235,36
396,623,841,Shamela0010283,835,738,892,105,56
396,1338,1607,JK007084,734,1189,1469,191,82
396,623,841,Sham19Y0026523,5630,1475,1663,131,68
396,1093,1293,Sham19Y0026523,5631,283,498,153,87
396,257,841,Sham19Y0149697,1169,690,1076,286,59
396,623,1293,Hindawi084739682,218,116,837,303,41
396,1085,1302,Kraken21042901,149,407,659,154,73
396,1102,1227,Shamela0010273,2388,1128,1261,96,90
396,1085,1302,Kraken220204081839,2,1302,1520,166,92
396,858,1097,Kraken220204081839,3,680,899,167,82
396,1338,1607,ShamAY0036161,8,343,618,202,86
396,1338,1607,Sham19Y0036571,53,773,1041,194,83
396,623,1288,JK000001,1244,460,1178,301,41
397,1370,1495,Shamela0011438,245,0,124,100,98
397,1288,1491,ShamAY0035035,5193,21,488,162,42
397,1249,1554,Sham19Y0014592,2069,735,1021,192,71
397,707,1461,Shamela0010283,787,941,1481,210,28
397,1254,1491,ShamAY0034809,265,1082,1342,155,69
397,1261,1495,JK000087,212,632,913,158,68
397,1239,1495,JK007084,732,268,788,178,41
397,73,546,JK007084,735,0,475,376,95
397,1331,1495,Shamela0004445,4516,444,644,130,79
397,1254,1432,JK000021,1540,1172,1470,111,45
397,1331,1495,Shamela0035100,2065,462,652,123,79
397,1288,1491,Zaydiyya0000142,2662,747,1000,142,69
397,707,1491,JK010133,21,461,1030,232,30
397,0,546,ShamAY0036161,8,618,1155,431,95
397,1249,1426,Shamela0000248,15,895,1088,121,76
397,0,546,Sham19Y0036571,53,1041,1581,428,93
397,1331,1491,Zaydiyya0000059,1446,683,878,127,80
397,1326,1498,Shamela0003055,4250,39,238,136,83
397,1249,1491,JK000001,1275,1100,1364,188,86
398,769,1424,ShamAY0034230,3034,413,1219,458,69
398,215,549,ShamAY0034059,1872,403,614,144,51
398,380,719,Sham19Y0149697,1169,1155,1435,175,60
398,210,719,JK009333,15,538,1041,395,96
399,0,230,JK000289,1476,700,938,175,91
399,27,210,JK000289,2029,937,1130,128,79
399,0,210,Shamela0031215,868,1002,1357,126,42
399,41,210,Shamela0031215,1016,1003,1258,114,50
399,1359,1518,Shamela0010541,24,242,402,124,94
399,1359,1518,JK007084,723,18,176,124,95
400,667,1041,JK000906,8289,0,348,250,76
400,699,1041,Sham19Y0132524,739,1051,1511,195,48
400,667,1024,Shamela0023685,1348,514,846,240,76
400,667,1024,Shamela0026568,1247,454,785,237,76
400,667,977,JK000166,1542,1351,1609,199,78
400,711,1041,Sham19Y0145212,1138,516,821,214,73
401,1183,1591,Tafsir01005,3530,734,1147,299,81
401,763,1591,JK007084,721,450,1362,642,84
402,0,157,JK007084,723,1271,1448,125,88
405,0,370,Kraken220414225447,112,472,910,217,52
405,902,1654,Sham19Y0149697,1170,0,488,388,61
406,610,1070,Rafed0002202Vols,182,463,964,359,87
406,1146,1635,ShamAY0035035,5283,829,1301,170,31
406,1078,1635,Sham19Y0032195,116,230,984,353,52
406,0,455,Sham19Y0149697,1170,488,908,347,91
406,1093,1375,JK009245,153,1205,1503,217,86
406,1393,1635,JK009245,154,223,449,176,87
406,1146,1657,JK000001,1311,759,1148,186,40
407,1490,1661,Shamela0008494,378,4,172,131,92
407,1340,1661,JK000022,1566,946,1264,252,96
407,1343,1661,Shamela0011438,14,583,888,226,82
407,1312,1661,JK007084,75,824,1211,278,89
407,371,809,Sham19Y0149697,1170,920,1460,237,48
407,1368,1661,ShamAY0036052,11,842,1078,130,49
407,1359,1661,Shamela0004473,7937,533,818,209,80
407,200,782,JK009333,15,1041,1587,422,86
407,782,1172,JK009333,16,0,290,229,72
407,1334,1577,Shamela0000248,10,479,692,160,77
408,0,319,Shamela0008494,378,172,493,241,90
408,0,207,JK000022,1566,1264,1457,140,84
408,0,299,JK007084,75,1211,1522,233,92
409,1256,1624,Shamela0009823,148,865,1245,241,74
409,1312,1535,JK000125,34,621,882,127,54
409,693,879,Shamela0010736BK1,128,136,323,151,97
409,1323,1535,Shamela0021766,1679,638,859,121,58
409,1312,1540,Sham19Y0150960,222,1265,1497,174,92
409,1242,1552,ShamAY0035955,370,184,478,208,78
409,76,279,ShamAY0035955,380,314,508,143,88
409,1295,1624,ShamAY0035035,2961,1042,1370,252,91
409,1319,1535,ShamAY0034059,1971,1219,1438,165,93
409,1319,1540,ShamAY0034059,4860,177,392,157,87
409,1051,1624,JK009241,527,291,872,461,95
409,1104,1535,JK007074,370,200,620,302,82
409,1291,1513,Shamela0000432,5007,1251,1494,165,84
409,1312,1535,JK000298,781,80,307,166,89
409,1242,1624,JK001295,220,151,770,296,57
409,100,360,Sham19Y0145212,1589,1422,1620,158,74
409,1331,1535,JK000913,600,686,883,132,75
410,1005,1594,JK000264,3597,651,1109,289,57
410,406,1625,ShamAY0034230,5078,521,1495,703,70
410,548,1618,Shamela0037458,2604,230,1007,595,68
410,1005,1482,ShamIbadiyya0000109,7293,1298,1639,256,64
410,1005,1601,ShamAY0034059,1869,1082,1562,372,75
410,988,1433,Shamela0037886,26,1184,1551,270,69
410,1433,1618,Shamela0037886,27,0,161,124,82
410,1100,1243,Tafsir01005,3530,1322,1458,112,95
410,406,1633,Tafsir01005,3797,219,1289,836,83
410,1005,1618,Zaydiyya0000338,40,970,1487,381,73
410,302,1641,JK007084,727,37,1226,915,82
410,1038,1530,Sham19Y0014579,1149,1150,1380,184,45
410,1005,1594,JK001336,632,584,1065,312,61
410,1005,1157,Shamela0000432,6061,1476,1621,120,95
410,1163,1618,Shamela0000432,6062,0,357,279,75
410,975,1601,Shamela0006947,8207,384,794,297,57
410,1005,1618,Rafed0002267,107,597,1101,361,67
410,319,1489,JK010001,1640,634,1600,721,75
410,1489,1633,JK010001,1641,0,131,105,87
410,1018,1625,Shamela0001417,751,4,498,384,77
410,1005,1346,Shia004028,40,1436,1668,183,65
410,319,1413,Tafsir07055,1706,640,1602,728,81
410,1413,1633,Tafsir07055,1707,0,202,163,89
410,406,1544,Kraken220727035853,2925,856,1603,552,59
410,302,524,ShamAY0036161,6,1357,1523,130,72
410,524,1618,ShamAY0036161,7,0,960,749,83
410,548,1618,Sham19Y0023608,2514,826,1589,583,66
410,1005,1618,JK009229,901,392,895,399,79
410,402,1644,Shamela0021688,1162,208,1155,745,72
410,481,1633,Shamela0037325,1805,335,1177,652,69
410,1005,1618,Zaydiyya0000059,1481,385,898,394,77
411,1336,1492,Sham19Y0017531,12,373,534,104,77
411,919,1557,Shamela0012738,194,627,1152,169,26
411,1336,1557,Shamela0021542,50,232,458,174,95
411,730,1108,JK010473,175,1116,1488,265,83
411,53,203,JK007084,744,205,354,117,99
411,991,1154,Sham19Y0149697,1170,934,1099,113,79
412,884,1341,ShamAY0036182,144,934,1195,181,47
412,1215,1412,ShamAY0035035,5241,252,529,145,62
412,550,805,JK000001,1294,1208,1569,152,51
412,985,1412,JK000001,1295,490,1216,318,54
413,560,740,Rafed0002202Vols,187,827,1007,134,88
413,1300,1564,Sham19Y0014556,743,924,1202,129,46
414,1121,1399,Sham19Y0123663,150,48,302,186,83
414,215,576,JK009390,4513,223,663,157,37
414,609,1061,JK000967,196,738,1178,307,79
414,309,576,JK000967,196,274,463,146,68
415,1002,1384,JK007084,747,937,1376,299,82
416,1031,1364,Rafed0002202Vols,187,655,931,211,76
416,1460,1629,JK009241,867,169,360,113,73
416,492,606,Shamela0010283,827,501,639,90,82
416,475,676,Sham19Y0149697,1170,1463,1656,148,91
416,676,971,Sham19Y0149697,1171,0,150,97,42
416,492,606,JK000001,1303,1254,1397,90,79
417,0,403,JK009241,867,360,765,301,91
417,69,403,Shamela0008648,682,1132,1420,205,75
418,153,452,Kraken220413030759,1685,194,534,212,73
418,465,812,Shamela0010283,828,567,781,142,49
418,992,1271,Sham19Y0123663,149,1307,1583,215,95
418,465,812,JK000001,1305,103,323,146,50
419,489,653,Sham19Y0014249,47,1194,1361,128,94
419,0,171,ShamAY0035035,5269,398,571,131,89
419,0,171,Shamela0010283,829,936,1109,133,94
419,347,680,Sham19Y0123663,149,937,1228,220,81
419,0,171,JK000001,1308,1048,1234,134,87
420,41,548,Sham19Y0123663,160,76,529,332,78
420,670,786,JK009333,16,179,295,92,100
421,393,1550,JK009333,16,255,1158,675,72
422,0,373,JK000154,5147,881,1245,120,27
422,1113,1342,Kraken220413202218,542,151,342,120,65
422,1236,1393,Hindawi059507481,138,678,856,100,68
422,14,405,JK009333,16,1162,1494,243,74
422,1254,1393,JK001197,207,146,336,94,62
422,1113,1393,JK000001,1785,932,1218,168,66
423,501,654,Shamela0002215BK1,829,712,890,122,85
423,501,654,AOCP20251104131Vols,727,274,451,122,86
423,810,1231,Kraken220413202218,334,803,1183,190,44
423,1067,1244,Sham19Y0036110,363,0,166,124,87
423,209,416,JK000001,1012,684,963,147,64
423,810,1296,JK000001,1048,289,872,341,68
424,0,502,Shamela0012034,85,1192,1634,358,86
424,0,269,JK000381,4280,1041,1454,199,58
424,115,588,Sham19Y0150960,1122,0,417,338,87
424,162,596,JK011730,1032,753,1044,219,60
424,0,449,Shamela0012081,16,803,1517,261,41
424,200,588,Shamela0012081,17,1149,1581,155,33
424,0,516,ShamAY0035035,3048,1150,1590,343,80
424,596,778,JK001480,15,955,1140,132,87
424,0,588,JK001295,763,161,698,431,88
426,133,247,JK000080,1014,0,112,91,98
426,1446,1557,JK011730,1421,311,438,81,76
426,447,582,JK007006,198,413,559,94,75
426,434,586,Sham19Y0018272,232,454,663,104,59
426,447,897,JK000298,702,818,1452,335,65
426,62,239,Shamela0003055,2065,877,1059,129,84
427,285,577,Shia004456Vols,2663,728,1050,217,83
427,605,957,JK000583,692,449,734,180,60
427,285,577,JK007044,5223,884,1211,216,81
427,605,957,JK001160,413,712,1010,181,59
427,601,957,Sham19Y0038171,1040,543,908,176,50
427,0,577,JK011730,1421,441,994,368,72
427,601,957,Sham19Y0017878,437,1196,1475,173,54
427,601,883,JK005021,191,1269,1411,97,43
427,1240,1479,Shamela0021715,9114,81,319,181,92
427,0,577,JK000298,754,35,564,388,82
427,1236,1537,JK000166,8239,353,659,229,91
427,595,957,JK000001,889,450,826,168,40
427,1312,1479,JK001081,4,169,508,97,37
428,386,886,JK000298,2150,824,1364,386,87
428,0,312,JK000166,8239,659,1290,169,30
429,707,1256,JK011730,1422,7,547,277,53
429,711,957,ShamAY0035035,2239,1105,1362,151,60
429,744,1256,JK000298,753,849,1408,269,54
429,997,1256,JK009323,9,82,354,100,31
430,794,1063,Shamela0023700,1846,303,566,189,83
430,643,836,Sham19Y0127677,1483,950,1101,75,37
430,736,1063,JK000216,321,202,552,242,85
430,401,836,Shamela0001438,2442,410,668,139,34
430,1324,1581,Sham19Y0020891,1685,381,618,92,40
430,893,1070,JK000166,10161,0,178,139,96
430,794,1063,JK009408,1563,18,513,205,51
430,1324,1581,JK001496,536,1056,1299,93,41
431,529,1002,Shia001174Vols,3437,383,868,147,31
432,1161,1391,Sham19Y0038171,1602,1159,1513,118,35
432,0,345,Sham19Y0132524,2715,232,638,233,68
432,771,963,Sham19Y0132524,2715,665,993,129,50
432,1270,1442,JK005021,345,361,537,136,95
432,1280,1569,ShamAY0034005,775,365,803,82,19
432,1063,1577,JK000001,1712,431,741,201,47
433,1448,1575,PV2024060602,3493,60,196,103,93
433,1435,1575,Shamela0036543,2102,651,811,113,87
433,1448,1575,JK000474,3412,1182,1318,103,93
433,462,736,JK000123,1422,1244,1530,180,74
433,1448,1575,Sham19Y0038171,1604,739,875,103,93
433,1368,1575,Sham19Y0132524,2724,960,1187,123,68
433,1148,1312,ShamAY0035035,6221,847,1012,135,97
433,1448,1575,ShamAY0035035,6223,614,750,103,93
433,1368,1575,Sham19Y0017729,234,133,319,123,71
433,517,1008,Sham19Y0017747,2304,0,413,255,62
433,1448,1575,Shamela0026884,712,244,376,98,88
433,1359,1575,Sham19Y0020638,1206,725,986,116,48
433,1368,1575,Sham19Y0017903,492,1155,1341,123,71
433,1156,1312,JK000298,4591,755,911,131,100
433,466,641,Shamela0004473,15903,1149,1330,134,94
433,1448,1575,Sham19Y0122406,3815,272,408,103,93
433,0,1090,JK000166,8133,159,1307,837,90
433,79,466,JK000201,2646,169,559,180,43
433,1448,1575,Shamela0021809,2042,1116,1252,103,93
433,1448,1575,JK000653,24,598,738,103,90
434,0,742,JK007070,562,983,1439,287,44
434,891,1058,Sham19Y0131521,3481,130,324,119,75
434,0,395,PV2024060602,3493,196,843,280,53
434,0,763,JK000080,970,837,1323,317,49
434,19,395,JK009336,3087,0,600,240,49
434,0,742,Shamela0036543,2102,811,1269,287,46
434,0,395,Shamela0012014,332,310,654,226,64
434,215,395,Sham19Y0132524,2725,761,958,144,90
434,905,1058,JK000137,2318,1010,1196,119,78
434,0,664,Shamela0006610,1128,778,1138,227,42
434,14,395,Sham19Y0023625,2554,493,1192,193,29
434,215,406,JK007065,346,435,625,134,81
434,0,395,Sham19Y0020638,1206,986,1453,253,60
434,806,1058,Sham19Y0014601,3877,0,256,143,60
434,14,395,Kraken230110004547,591,79,334,177,57
434,215,395,JK009153,41,65,239,122,77
434,0,395,JK001249,316,783,1216,223,51
434,215,395,Shamela0000140,2007,136,355,144,81
434,0,395,Sham19Y0122406,3815,408,1055,280,53
434,453,595,Shamela0010480,905,1067,1241,97,70
434,0,687,JK009245,109,196,538,208,37
434,0,395,JK000913,1891,202,517,213,63
434,0,395,Shamela0001727,1461,69,716,280,53
434,0,395,JK009229,1303,1348,1496,112,34
434,887,1058,JK009229,1304,271,466,120,76
435,526,759,JK000080,966,750,962,146,78
435,637,759,Zaydiyya0000265,1201,8,131,95,96
435,533,759,Shamela0006610,1126,1059,1248,143,80
435,771,1036,Sham19Y0013644,6,972,1492,146,31
435,1266,1554,Sham19Y0013644,7,97,377,150,58
435,637,814,JK008001,1070,470,702,67,26
436,920,1356,Sham19Y0013644,8,663,1121,305,82
437,1230,1581,Kraken220414225447,93,929,1487,224,50
437,629,1213,Kraken220414225447,93,0,598,356,64
438,61,1519,Kraken220414225447,94,4,1479,1004,77
438,906,1299,Shia001555Vols,1164,609,1006,291,86
438,906,1299,Shia004456Vols,1895,981,1378,291,86
438,0,998,Kraken21042901,258,478,1554,667,72
438,998,1519,Kraken21042901,259,0,578,372,78
439,339,572,Sham19Y0038171,1760,481,693,125,60
439,328,463,JK011730,1342,42,157,68,57
439,339,572,ShamAY0035035,6499,144,355,126,60
439,328,572,JK000298,4791,1192,1425,139,64
440,227,416,Shamela0021715,9897,1042,1217,133,86
440,917,1473,JK000298,4784,194,776,436,89
440,261,416,Shamela0004473,3034,0,185,117,75
440,227,416,JK000166,9273,400,620,151,85
441,1234,1459,JK000165,3673,481,676,142,78
441,389,674,JK000165,3673,66,399,212,79
441,945,1313,JK000754,1486,632,936,185,58
441,389,606,Sham19Y0009763,210,103,400,136,58
441,389,674,ShamIbadiyya0000433,985,964,1452,213,54
441,33,243,Shamela0005772,95,680,853,114,67
441,1234,1463,Shamela0000432,4169,45,247,136,72
441,945,1313,Shamela0021715,9895,1059,1470,222,61
441,613,1364,JK000116,430,554,1027,310,51
441,389,1544,JK000166,9277,14,1293,854,80
441,290,631,JK000201,2257,0,415,266,79
441,389,556,JK009248,2934,482,651,130,96
441,255,556,ShamIbadiyya0000438,862,451,822,224,72
442,1068,1265,JK000165,3672,853,1059,130,74
442,427,1157,JK000165,3673,658,1360,279,36
442,1434,1622,JK000264,2373,286,472,154,97
442,1068,1212,JK000556,264,285,408,97,84
442,1212,1405,JK000754,1487,1081,1229,110,69
442,806,1291,Shamela0021715,9896,0,353,158,32
442,1063,1573,JK000166,9272,982,1498,408,95
442,0,127,JK000166,9277,1293,1420,102,100
442,147,1048,JK000166,9278,0,1083,666,72
442,1103,1599,JK000201,2255,866,1364,386,93
442,1068,1212,Sham19Y0018176,2390,33,203,116,84
442,1063,1622,ShamIbadiyya0000438,860,981,1523,411,87
443,292,442,Sham19Y0132524,1803,858,1007,111,83
443,292,442,JK000281,2339,359,506,110,82
444,486,1215,Sham19Y0014297,5253,449,983,334,53
444,638,1215,Shamela0021751,3597,696,1259,390,81
444,787,1215,JK007085,1372,441,812,248,69
444,510,787,Sham19Y0018493,67,1324,1526,148,65
444,787,1160,Sham19Y0018493,68,0,363,238,69
444,787,1215,JK007132,3876,247,675,271,72
444,178,497,Shamela0096257,1077,8,354,240,86
446,1089,1259,Shamela0009702,929,848,987,103,75
446,1086,1254,Shamela0010527,788,178,341,124,85
446,1086,1259,Sham19Y0122402,623,666,799,98,69
446,1074,1302,JK000281,4705,1224,1456,159,81
446,940,1401,JK000281,4706,476,941,178,38
447,80,222,Sham19Y0038171,1020,936,1095,109,86
447,80,222,JK005021,187,592,726,101,91
447,287,463,Hindawi052829692,56,206,374,117,85
447,245,542,JK007084,942,962,1252,222,94
447,1135,1423,JK007006,77,840,1132,214,88
447,910,1103,JK000298,323,105,292,138,92
448,152,466,Sham19Y0131521,4415,797,1192,238,74
448,152,466,Sham19Y0132524,1806,939,1378,242,68
448,580,811,Sham19Y0132524,1807,0,228,180,94
448,277,597,Tafsir01005,2059,884,1198,178,62
448,0,811,Sham19Y0149697,3364,114,753,440,66
448,900,1629,JK009333,17,16,693,527,89
448,14,819,JK000281,2344,487,1199,555,84
449,436,662,Sham19Y0006684,1784,32,272,170,85
449,1144,1615,JK007115,353,1099,1563,363,91
450,489,747,JK006671,29,95,259,99,46
450,582,747,Shamela0029882,498,1011,1323,94,36
450,812,1371,JK000165,3684,274,822,427,94
450,582,829,JK000556,263,907,1138,108,44
450,620,842,JK000754,1481,562,789,154,83
450,489,747,JK000175,234,882,1173,136,50
450,497,812,Shamela0005756,14429,515,1045,208,48
450,707,1029,Sham19Y0017747,2161,0,285,221,84
450,620,1286,Tafsir07057,481,661,1177,160,23
450,431,741,JK009137,3054,1245,1513,85,26
450,0,222,JK007115,354,7,180,131,73
450,497,812,Shamela0021715,9922,668,1171,211,53
450,523,1198,Sham19Y0013252,9563,153,506,183,34
450,620,1371,JK000166,9300,474,1232,588,96
450,511,747,Sham19Y0016584,4415,159,373,103,48
451,829,1076,ShamAY0032443,638,1235,1477,193,94
451,1157,1293,Sham19Y0023618,181,1023,1159,110,99
451,943,1076,Sham19Y0149697,3346,0,132,107,99
451,923,1076,JK000281,2334,0,153,125,100
452,1110,1298,PV2024060602,1463,146,287,101,65
452,1110,1298,Sham19Y0013605,3912,551,692,101,65
452,1110,1426,Shamela0005756,12791,1276,1522,140,55
452,0,689,Tafsir02102,378,4,479,358,65
452,901,1031,Tafsir02102,379,395,569,102,72
452,128,324,Zaydiyya0000295Vols,3182,987,1163,128,80
452,128,324,JK006478,1749,1046,1233,131,82
452,0,799,JK000876,140,450,1012,419,65
452,1334,1466,ShamAY0035955,443,0,132,103,98
452,67,882,Shia002369Vols,433,778,1582,508,67
452,308,991,Tafsir01006,183,189,824,243,35
452,1110,1365,Sham19Y0018103,3275,1164,1347,120,57
452,1110,1298,Sham19Y0018106,3412,17,158,101,65
452,138,319,Shamela0023591,1188,1377,1540,118,83
452,312,553,Shamela0023591,1189,173,483,182,73
452,749,1031,Shamela0023591,1191,481,841,220,75
452,47,799,JK009268,773,259,848,429,69
452,761,1025,JK000458,347,841,1168,178,68
452,1106,1318,JK009324,2534,1311,1478,117,67
452,1110,1310,Shamela0021715,8222,1030,1185,110,66
452,308,553,Shamela0021715,10631,1253,1481,176,88
452,1110,1298,JK000110,1463,146,287,101,65
452,553,823,Sham19Y0147312,251,263,758,187,43
452,0,290,Sham19Y0020891,811,810,1599,213,32
452,293,799,Sham19Y0020891,813,94,536,324,76
452,757,1031,Sham19Y0020891,814,0,314,217,85
452,0,799,Shia002356Vols,103,784,1422,448,65
452,723,1031,Shia002356Vols,104,7,260,146,52
452,1103,1298,Shamela0022882,223,222,376,107,65
452,1087,1310,JK000105,1482,1310,1507,127,65
452,1110,1298,Sham19Y0018176,2008,125,266,101,65
452,1110,1298,Sham19Y0016584,3692,622,763,101,65
452,38,369,Zaydiyya0000062,136,1077,1356,213,81
452,0,1031,JK001496,228,172,1456,777,73
453,1044,1477,Shia001555Vols,489,974,1344,254,70
453,1033,1477,JK000465,4073,475,891,269,70
453,1044,1477,PV2024060602,1455,966,1361,283,78
453,1044,1477,PV2024060602,1794,548,936,278,78
453,1044,1408,PV2024060602,2848,1113,1436,225,73
453,1044,1368,PV2024060602,7903,1136,1423,205,76
453,1044,1318,PV2024060602,7942,1271,1510,152,61
453,1044,1477,Shia001368,220,142,520,235,61
453,1050,1477,Sham19Y0017616,205,0,367,255,72
453,1044,1477,Shia004456Vols,723,10,414,282,77
453,1053,1477,JK009336,416,845,1197,234,67
453,1044,1477,JK000475,996,375,782,278,76
453,1044,1477,JK000475,1957,283,690,278,76
453,1041,1327,Shia001432Vols,20568,304,567,163,64
453,200,526,JK000123,1020,962,1347,239,77
453,1044,1477,Shamela0008473,4821,611,1048,262,64
453,1041,1373,JK000906,10762,1002,1335,210,69
453,1044,1483,JK000130,822,987,1386,281,77
453,1044,1472,JK000130,861,1111,1497,255,68
453,1084,1284,Sham19Y0013605,4657,0,154,117,72
453,1044,1268,Shamela0005756,12718,1326,1520,131,67
453,1044,1477,Shamela0005756,14464,753,1200,283,72
453,1033,1388,JK000154,5170,177,490,211,71
453,1033,1388,JK011153,4916,778,1076,213,74
453,1041,1327,Shia001115Vols,727,710,973,157,61
453,1044,1388,JK007045,500,862,1177,192,61
453,1033,1277,Sham19Y0132524,1529,179,387,142,70
453,1053,1477,Sham19Y0150960,1410,607,1011,267,73
453,1044,1477,ShamAY0035249,6,49,456,278,76
453,1050,1477,Sham19Y0016928,107,277,648,261,75
453,1044,1477,Sham19Y0018144,1181,482,881,274,74
453,1044,1412,Shamela0023578,3215,479,818,200,62
453,1053,1380,Sham19Y0131336,1275,1181,1453,190,69
453,1044,1354,Rafed0001713Vols,2716,1086,1390,194,69
453,1044,1388,Tafsir04003,3900,298,598,196,69
453,1050,1297,Sham19Y0122257,1975,0,202,147,73
453,1044,1440,Sham19Y0016684,1739,1080,1446,258,77
453,1053,1477,Shamela0002863,1821,273,668,264,71
453,1044,1477,Kraken21052523,26,618,982,262,73
453,1044,1477,Sham19Y0018103,3262,529,926,281,78
453,1044,1340,Sham19Y0018103,3907,1197,1453,187,76
453,205,513,Sham19Y0017747,1659,100,427,241,91
453,1033,1432,Zaydiyya0000286,92,104,452,229,66
453,1044,1453,Sham19Y0018106,3399,1013,1402,273,78
453,1044,1453,Sham19Y0018106,3986,1095,1471,268,78
453,1041,1340,Shamela0012884,5064,1286,1544,185,75
453,1044,1477,Shamela0029900,10,615,1040,272,68
453,1044,1388,Sham19Y0014119,305,785,1131,207,64
453,1044,1477,Shamela0010906,1288,1150,1492,234,65
453,1044,1388,Sham19Y0013614,467,4,367,221,68
453,1044,1318,ShamAY0038638,178,1254,1475,161,72
453,1044,1477,Shamela0036446,1005,277,674,266,72
453,1044,1388,Rafed0001826,175,21,289,183,64
453,1041,1399,Sham19Y0014827,629,756,1076,229,79
453,1041,1477,JK007065,1392,259,666,274,73
453,1044,1477,JK009324,1934,483,876,273,76
453,1044,1477,JK009324,2505,907,1308,282,78
453,1044,1477,Shamela0000041,2605,899,1325,279,74
453,1009,1477,Shia001626Vols,299,220,698,272,60
453,1050,1477,Sham19Y0020638,643,125,492,254,72
453,1041,1477,Shamela0023628,3471,573,983,278,75
453,1050,1477,JK000484,4798,90,475,256,69
453,1044,1508,Sham19Y0016976,1079,915,1383,243,57
453,1107,1477,ShamAY0034005,964,0,327,221,72
453,684,927,Shamela0021715,8223,0,267,158,69
453,1044,1477,Shamela0021715,9964,64,418,255,71
453,1044,1477,JK000110,1455,966,1361,283,78
453,1044,1477,JK000110,1794,548,936,278,78
453,1044,1388,Sham19Y0017791,1078,985,1348,222,68
453,1009,1373,Shamela0021744,2788,703,986,192,62
453,1061,1483,Sham19Y0013252,7718,0,385,277,79
453,1044,1477,Sham19Y0013252,9603,773,1177,282,76
453,1050,1477,Shamela0025794,5015,372,744,266,75
453,1053,1412,Meshkat00057178,3619,0,310,194,68
453,0,370,JK000166,7150,1087,1479,281,88
453,370,1001,JK000166,7151,0,700,482,85
453,1044,1477,Sham19Y0018176,1999,425,844,292,79
453,1044,1477,Sham19Y0018176,2402,111,523,287,77
453,1044,1477,Sham19Y0016584,3676,116,513,281,78
453,1044,1477,Sham19Y0016584,4431,1042,1430,278,78
453,1009,1376,JK000299,2370,998,1286,192,62
453,1044,1331,Sham19Y0145212,2113,40,282,181,78
453,1044,1477,Shamela0001727,816,980,1382,271,72
453,1033,1348,Sham19Y0023608,4008,327,710,158,45
453,1044,1477,ShamAY0033910,815,281,672,277,77
453,1044,1477,ShamAY0033910,854,190,582,259,69
453,1044,1477,Shamela0012981,2403,475,830,241,69
454,67,329,JK000165,2800,921,1232,176,66
454,1262,1549,JK000264,2382,0,279,203,87
454,1343,1533,JK000754,1489,269,454,130,84
454,67,329,JK000123,1010,710,930,153,74
454,67,329,Sham19Y0017747,1639,465,769,160,57
454,273,547,JK000469,1159,27,350,155,54
454,67,329,Shamela0022593,2654,782,1180,174,53
454,1343,1525,Shamela0021715,9879,197,384,141,91
454,67,300,JK000166,7062,99,324,155,81
454,1138,1549,JK000166,9266,0,438,318,88
454,596,739,JK000166,9330,1111,1287,113,78
454,273,591,JK000166,9331,326,632,240,93
454,273,473,Shamela0010765,376,1147,1432,129,55
455,55,275,JK000165,3671,76,206,106,59
455,55,464,JK000754,1488,1273,1526,198,57
455,464,750,JK000754,1489,0,249,206,86
455,55,450,JK000123,1325,1384,1554,136,42
455,450,750,JK000123,1326,0,293,241,96
455,904,1338,Sham19Y0014556,461,452,910,295,72
455,55,456,Sham19Y0017747,2152,1108,1537,308,87
455,456,756,Sham19Y0017747,2153,0,303,238,93
455,55,537,Shamela0021715,9878,1248,1576,257,62
455,0,750,JK000166,9266,438,1431,577,69
455,0,275,JK000201,2263,901,1350,147,33
455,761,875,JK009333,17,348,463,92,99
456,1182,1530,Tafsir09083,1571,1304,1643,262,91
456,140,483,ShamAY0032443,637,714,1060,230,78
456,0,463,Sham19Y0014555,398,1080,1559,343,86
456,570,697,Sham19Y0132963,183,1335,1469,87,80
456,732,936,JK007084,156,94,310,146,82
456,144,322,Sham19Y0032195,892,1401,1579,130,85
456,125,326,Shamela0036569,138,763,974,134,74
456,472,959,Sham19Y0149697,3343,1000,1461,331,82
456,125,483,Sham19Y0149697,3344,99,495,247,74
456,1126,1545,JK001480,941,1214,1602,306,90
456,570,697,JK000166,162,834,968,89,81
456,520,942,JK000281,2332,11,438,322,94
457,1311,1522,Shia001432Vols,7136,358,593,145,71
457,1340,1497,ShamIbadiyya0000050,5579,76,233,125,100
457,1311,1522,JK009266,8328,696,936,154,76
457,263,401,ShamAY0032443,1530,940,1074,110,95
457,1311,1502,Shamela0023578,2944,18,223,143,88
457,1311,1522,Rafed0001713Vols,2514,854,1085,144,72
457,1350,1522,Tafsir04003,3645,0,189,124,79
457,1311,1497,ShamAY0033645,4,319,500,143,96
457,1110,1522,Tafsir01005,5424,985,1474,185,38
457,1256,1522,Shamela0000041,2406,610,881,171,68
457,1311,1497,Shamela0023628,3237,1252,1434,138,90
457,53,407,Sham19Y0149697,5005,1167,1501,259,90
457,433,644,Shamela0001417,372,280,440,116,67
457,1311,1502,Shamela0011314,267,191,391,139,85
457,1311,1522,Meshkat00057178,3387,1213,1490,164,74
457,1361,1522,Shamela0001466,3314,4,202,120,73
457,53,407,JK000281,2911,167,524,273,94
457,1373,1502,Sham19Y0013231,3785,0,130,91,83
457,1311,1489,Shamela0008648,9,331,512,135,91
458,43,396,JK003609,3591,780,1137,97,21
458,43,396,JK000778,1232,48,389,105,23
458,60,396,JK000159,1182,147,457,141,43
458,252,396,Shamela0001524,1394,378,510,101,85
458,1045,1560,Shamela0000140,2017,555,959,283,62
458,596,761,JK001480,880,873,1026,125,92
458,1040,1615,JK000166,8247,594,1219,432,80
458,1040,1615,ShamIbadiyya0000438,942,483,1108,419,76
459,0,210,JK000754,2317,1199,1395,127,72
459,0,705,Shamela0005756,13753,267,659,308,53
459,1322,1526,Shamela0023632,165,137,342,165,99
459,1322,1526,Shamela0023591,493,582,851,142,62
459,1314,1526,Sham19Y0023618,81,1220,1433,166,95
459,439,700,Sham19Y0018272,926,908,1120,157,74
459,0,751,Shamela0000140,2017,959,1332,248,40
459,0,700,JK000166,8247,1219,1603,308,54
459,0,751,ShamIbadiyya0000438,942,1108,1544,342,55
459,1000,1134,JK000001,1707,176,447,96,44
460,413,712,ShamIbadiyya0000075,247,1399,1562,96,40
460,400,715,JK000876,425,1053,1263,111,41
460,570,715,Rafed0001713Vols,785,199,335,110,93
460,1322,1551,Rafed0001713Vols,2092,938,1190,150,68
460,570,715,Meshkat00042485,2701,50,186,110,93
460,409,559,Tafsir01006,474,1129,1281,109,83
460,13,130,Tafsir01005,313,611,725,82,86
460,0,130,Shamela0023632,165,549,672,93,90
460,787,966,Kraken220413202218,543,394,531,111,75
460,409,559,Shamela0010273,795,26,221,108,66
460,1382,1551,Sham19Y0020891,4986,1323,1481,123,90
460,1043,1551,Shia002356Vols,963,393,898,169,28
460,570,715,Shamela0001466,737,1141,1270,86,73
460,409,567,Shamela0001466,738,587,739,111,85
460,1330,1551,Zaydiyya0000062,1608,278,462,135,71
460,1341,1551,JK001496,1828,931,1118,142,81
460,787,966,JK000001,1789,535,682,113,77
461,84,284,Shia000181,74,375,572,152,91
461,84,284,Shia000181,316,923,1129,151,87
461,586,1332,JK009318,74,1049,1543,267,37
461,522,992,Tafsir02102,462,976,1569,313,59
461,919,1368,Tafsir02102,463,737,1140,243,55
461,133,284,JK000876,1201,151,300,117,91
461,341,576,JK001480,133,1329,1534,157,82
461,6,284,Sham19Y0020891,4987,453,683,179,78
461,0,284,JK001496,1828,1118,1353,183,78
461,522,992,JK000001,420,216,858,314,58
461,919,1368,JK000001,421,275,678,244,55
462,222,335,Sham19Y0122096,750,148,273,77,82
462,528,736,Rafed0001713Vols,572,993,1236,149,75
462,1108,1335,Rafed0001713Vols,573,0,179,131,73
462,528,736,Meshkat00042485,2261,83,306,150,82
462,1074,1241,Shamela0023591,2383,1174,1339,93,61
462,234,402,Shia001402,45,425,608,101,69
462,249,402,AOCP20251104157,191,73,313,72,38
462,246,335,Shamela0008353,541,127,351,57,34
462,106,335,Sham19Y0149697,1156,729,959,167,87
462,1049,1374,Sham19Y0020891,1538,196,468,173,63
462,234,335,Hindawi081316951,473,1404,1505,70,92
462,1056,1335,Shamela0001466,557,441,681,160,69
462,246,335,Shia001237Vols,2187,486,575,68,100
462,0,457,JK009333,17,1119,1564,331,87
462,559,1374,JK001496,486,567,1245,263,34
464,963,1181,Sham19Y0131521,6258,621,766,109,61
464,980,1181,JK000264,3558,766,926,113,64
464,1276,1401,JK000754,2574,0,129,102,96
464,1407,1659,JK000754,2575,180,434,199,96
464,1407,1612,JK000123,1475,1171,1372,134,75
464,791,1230,JK000137,2087,46,551,193,35
464,1429,1606,JK007117,1989,728,1054,84,32
464,1407,1612,Sham19Y0017747,2365,752,961,134,73
464,992,1411,Sham19Y0023625,2608,176,614,214,50
464,963,1542,Sham19Y0149697,1156,308,667,280,59
464,736,891,JK008001,3339,511,767,103,48
464,318,478,Shamela0022593,2591,716,866,113,83
464,638,1181,Sham19Y0035453,209,808,1188,169,34
464,791,1230,Sham19Y0018272,250,898,1390,227,46
464,1242,1407,Sham19Y0018272,251,16,184,129,90
464,1407,1633,Sham19Y0018272,251,1297,1520,173,94
464,673,1230,JK011712,691,931,1400,208,38
464,992,1216,Sham19Y0013252,9109,1322,1482,108,57
464,1407,1659,JK000166,8561,438,680,192,92
464,1238,1407,JK000166,8562,860,1024,123,85
464,980,1230,JK000201,3555,1251,1476,148,65
465,306,1377,JK000754,2574,872,1524,495,56
465,3,189,JK000754,2575,444,629,133,89
465,1090,1303,Sham19Y0023625,2608,621,827,161,92
465,322,525,JK009324,3086,690,1020,133,47
465,642,1145,ShamIbadiyya0000433,1065,1124,1523,123,26
465,342,479,Shamela0021715,9410,444,570,87,69
465,306,1429,Sham19Y0018272,251,415,1160,545,58
465,0,163,Shamela0000140,1373,586,743,88,63
465,322,525,Sham19Y0013252,9113,33,351,133,49
465,302,1429,JK000166,8560,519,1503,511,44
465,0,163,JK000166,8561,687,850,130,99
465,294,611,JK009245,324,321,626,211,74
466,319,868,AOCP20251104103Vols,240,800,1146,135,26
466,729,1385,Sham19Y0131521,6209,875,1394,369,66
466,434,754,JK000080,58,0,288,88,32
466,319,868,Kraken220413030905,113,650,971,138,29
466,343,1543,Sham19Y0122096,750,160,593,315,32
466,767,1009,JK007044,5200,1115,1347,162,81
466,419,767,Sham19Y0038171,151,52,653,158,31
466,439,880,Sham19Y0122257,2749,1305,1526,72,17
466,955,1543,ShamAY0035035,6198,0,822,412,60
466,419,767,JK009315,44,188,526,83,21
466,343,457,Shia001402,45,425,538,76,81
466,793,1400,Shia001402,46,110,667,308,56
466,419,754,Shamela0008353,277,407,654,81,32
466,368,457,Shamela0008353,541,127,351,57,34
466,353,1030,Sham19Y0149697,1156,840,1257,242,40
466,319,457,Hindawi081316951,473,1379,1505,80,71
466,793,1381,Hindawi081316951,474,967,1568,415,81
466,1400,1526,Hindawi081316951,475,4,135,97,92
466,118,303,JK000166,8560,204,389,143,95
466,639,767,JK000166,10414,160,286,89,89
466,767,1009,JK000201,2717,1230,1462,153,74
466,639,767,JK000201,3690,1080,1206,89,89
466,747,1421,Hindawi059507481,132,1032,1538,292,50
466,348,457,Shia001237Vols,2187,472,575,72,87
466,793,1009,Shia000182VolsBK2,1301,1034,1297,135,60
466,747,1543,JK001197,190,156,526,258,39
466,747,1543,JK000001,1702,363,1176,560,81
467,1227,1588,JK000123,1482,0,197,126,44
467,0,304,ShamAY0035035,6198,822,1122,227,91
467,1175,1306,ShamAY0035035,6202,1249,1431,104,71
467,1306,1624,ShamAY0035035,6203,0,374,247,80
467,1202,1588,JK009273,246,151,480,165,49
467,1179,1588,Sham19Y0017747,2373,780,1026,148,46
467,1202,1588,Sham19Y0023625,2626,41,373,175,52
467,1164,1481,AOCP20251104131Vols,712,529,805,136,51
467,1202,1588,JK000429,168,9,335,173,52
467,22,437,Sham19Y0149697,1156,1206,1403,122,32
467,848,1079,Shamela0021715,10705,191,449,155,67
467,1202,1588,JK001249,334,446,778,175,52
467,805,1056,JK000166,10413,1243,1504,199,92
467,805,1117,JK000201,3690,643,982,244,88
467,1235,1624,Shia004042Vols,459,995,1503,233,52
467,0,129,Hindawi059507481,133,119,248,105,98
467,1175,1588,Hindawi059507481,133,921,1116,160,46
467,1460,1633,JK001197,190,1305,1463,117,82
467,0,288,JK000001,1702,1176,1457,224,96
467,1175,1633,JK000001,1705,712,1169,361,96
468,178,668,JK007070,799,185,677,303,71
468,192,463,Sham19Y0131521,4838,913,1159,167,70
468,762,1381,JK000080,1022,1096,1450,240,47
468,854,1414,JK000080,1043,425,1011,412,86
468,178,340,JK000123,1482,275,458,114,75
468,340,668,JK011730,1259,352,650,186,68
468,0,678,ShamAY0035035,6203,458,1437,484,57
468,178,601,JK009273,246,488,876,283,80
468,178,388,Sham19Y0017747,2373,1104,1335,153,80
468,830,1391,AOCP20251104062,68,812,1229,236,50
468,840,1418,Shamela0010517,1357,827,1267,295,63
468,762,1418,Shamela0010517,1790,1021,1538,309,59
468,878,1418,Shamela0010517,1931,988,1325,233,52
468,840,1418,Shamela0010517,2571,263,703,295,63
468,188,597,Sham19Y0023625,2626,1128,1518,273,77
468,188,478,Shia000233,986,207,428,143,58
468,192,668,AOCP20251104131Vols,712,875,1339,295,72
468,178,668,JK000429,168,343,822,306,73
468,758,1418,Shamela0000432,6278,65,340,211,40
468,762,1028,Sham19Y0035453,103,573,695,95,45
468,178,668,JK001249,334,786,1258,312,74
468,295,589,Hindawi081316951,477,0,294,229,93
468,160,637,Shia004042Vols,460,0,588,234,44
468,200,589,Hindawi059507481,133,1121,1470,248,75
468,134,678,JK001197,191,0,549,423,92
468,0,329,JK000001,1705,1169,1466,220,79
468,329,678,JK000001,1706,0,342,274,96
469,1134,1446,ShamAY0034005,777,1160,1296,72,26
469,255,1562,JK009333,18,0,893,667,63
469,1129,1562,AOCP20251104112,106,638,1465,141,17
470,689,1144,JK007070,120,1063,1422,237,57
470,641,1266,JK009141,878,536,1040,268,43
470,676,912,AOCP20251104103Vols,247,1215,1460,175,86
470,641,901,JK009152,2130,410,645,172,79
470,633,1224,PV2024060602,7081,873,1417,237,37
470,644,1144,JK000080,1013,716,1306,400,82
470,644,1262,JK009336,3018,650,1136,282,50
470,617,921,JK000583,768,274,601,202,75
470,633,901,JK000140,1296,1135,1396,188,83
470,641,930,JK007045,718,936,1214,202,81
470,689,901,JK001324,366,1095,1313,147,78
470,1220,1655,Sham19Y0014556,816,0,689,317,55
470,641,1262,ShamAY0033645,1,131,698,274,43
470,641,907,Sham19Y0014592,2623,829,1121,203,85
470,641,901,Sham19Y0127677,1843,647,905,178,81
470,641,901,Sham19Y0014119,469,280,562,206,91
470,517,901,Sham19Y0013614,690,144,489,225,68
470,689,930,Shamela0036446,1109,125,381,187,88
470,671,901,JK009390,1959,737,986,172,84
470,667,901,Shamela0012001,39,1156,1428,157,67
470,945,1136,Shamela0006610,757,78,273,139,84
470,641,1144,Shamela0006610,1138,381,1214,366,51
470,689,1014,Shamela0001438,3487,555,919,204,60
470,689,901,JK009274,822,1190,1410,167,92
470,641,1078,Sham19Y0016976,1474,969,1393,274,71
470,804,1262,Shia000922,508,208,506,81,15
470,537,901,JK008001,144,209,681,245,60
470,644,885,Sham19Y0017903,909,1242,1467,167,83
470,689,901,Shamela0021659,1090,685,907,169,93
470,641,901,Sham19Y0017791,1608,692,974,206,91
470,658,1266,Sham19Y0017063,1201,1000,1501,294,50
470,644,901,Sham19Y0013252,5881,52,311,179,81
470,633,1266,Shamela0000782,1349,697,1375,283,38
470,537,1144,JK009245,121,256,682,180,28
470,0,421,JK009333,18,893,1223,258,75
470,0,257,AOCP20251104112,106,1465,1689,89,30
471,452,666,ShamAY0033599,91,381,599,136,77
471,415,656,Sham19Y0000259,452,1329,1548,146,75
471,431,656,Shamela0001717,9,949,1180,161,87
471,452,604,JK007044,5263,562,716,97,79
471,415,656,JK007078,304,447,704,151,73
471,282,400,Sham19Y0014297,5652,1141,1261,62,51
471,849,1086,JK000238,1688,107,459,164,56
471,415,656,Masaha002064Vols,236,1102,1390,146,61
471,548,656,JK009298,350,398,507,87,99
471,445,656,Shamela0000736,1832,304,518,132,78
471,452,656,Shamela0007473,19,631,837,133,80
471,452,604,Sham19Y0122257,2777,730,884,97,79
471,0,805,Sham19Y0014556,816,689,1317,482,72
471,415,656,Sham19Y0014592,753,68,212,107,56
471,415,656,JK009237,4739,719,955,145,75
471,452,656,JK009237,5964,4,211,135,82
471,445,656,Zaydiyya0000013,291,1078,1293,137,79
471,415,656,ShamAY0002038,166,250,502,110,46
471,452,656,Tafsir01005,5426,177,481,139,57
471,1207,1576,Shamela0021751,7199,445,796,272,91
471,427,656,JK010766,203,1051,1237,134,72
471,548,656,Shamela0010016,6,87,197,84,94
471,548,656,Masaha004755,9,893,1002,85,97
471,548,656,Shamela0038011,619,1046,1155,86,98
471,452,656,JK006906,144,738,949,131,77
471,282,400,Sham19Y0149697,9938,577,696,61,50
471,452,656,Shia003986,320,1090,1393,143,58
471,395,656,Shamela0006947,11757,668,1004,160,55
471,410,656,JK001021,28,808,1137,142,50
471,410,686,JK000005,53,19,419,159,49
471,548,656,Shamela0010273,1019,0,109,85,97
471,452,656,Shamela0010273,3096,94,299,139,84
471,535,656,Sham19Y0029676,10,466,591,89,89
471,405,656,JK009270,1204,53,446,161,51
471,405,656,Shamela0001466,620,540,932,163,52
471,445,656,JK010733,13,308,523,134,79
471,548,656,JK000001,12,515,624,85,97
472,744,1376,Shia001432Vols,22887,195,577,241,47
472,842,1503,ShamAY0035035,7129,297,1070,456,68
472,0,701,Shamela0021751,7199,796,1507,516,88
472,842,1376,Kraken220413202218,700,197,624,291,65
472,842,1452,JK001197,258,776,1091,208,42
472,842,1505,JK000001,2152,312,924,462,85
473,328,583,AOCP20251104103Vols,1103,901,1207,168,65
473,797,1298,Shia001432Vols,22884,1147,1584,337,81
473,1309,1551,Shia001432Vols,22885,0,241,196,97
473,341,503,Shamela0021765,78,1121,1296,114,77
473,25,483,Sham19Y0038171,1955,775,1449,203,33
473,483,583,Sham19Y0038171,1956,0,100,72,91
473,341,583,Shamela0026324,45,795,1159,154,53
473,797,1551,ShamAY0035035,7119,282,1045,524,75
473,105,583,ShamAY0035035,7130,230,705,317,79
473,797,1361,Kraken220413202218,696,1197,1523,167,34
473,315,583,Shamela0009107BK1,347,203,512,147,56
473,341,583,JK000486,46,533,859,141,54
473,315,583,Shamela0025794,4028,565,933,157,53
473,341,503,Shamela0010480,566,1094,1264,106,71
473,341,503,Shamela0021809,55,1241,1418,116,81
473,442,583,Shia004042Vols,241,386,512,98,88
473,1176,1343,Hindawi059507481,152,747,894,90,67
473,829,1548,JK001197,256,1050,1402,253,42
473,0,297,JK001197,258,1146,1356,157,66
473,328,583,Shamela0010262,227,127,387,157,70
473,797,1551,JK000001,2145,305,1000,532,83
473,0,259,JK000001,2152,924,1424,199,49
473,259,583,JK000001,2153,0,334,236,89
474,166,289,ShamAY0036031,79,694,819,93,96
474,0,142,Shia001432Vols,22885,241,376,105,94
474,160,289,Sham19Y0014592,2517,278,406,89,89
474,170,289,Sham19Y0123663,45,840,960,89,95
474,170,289,Kraken21032823,101,726,1152,90,27
474,170,289,Shamela0010273,513,495,613,90,98
474,170,289,Shamela0010273,2992,1322,1440,90,98
474,170,289,JK009323,3,632,753,90,96
474,170,289,Hindawi081316951,92,537,658,90,96
474,9,145,Shia004042Vols,235,230,364,89,76
474,0,142,JK000001,2145,1000,1135,105,94
475,1448,1587,Sham19Y0017372,387,0,169,103,75
475,335,573,Sham19Y0018103,3683,437,690,83,30
475,545,878,Sham19Y0023625,2199,692,1156,167,41
475,335,873,Sham19Y0122406,3271,116,806,277,45
475,1267,1404,JK000166,8401,248,478,111,59
475,1404,1587,JK000166,8401,1284,1468,141,94
475,1267,1404,JK000201,3562,1129,1359,111,59
476,1217,1584,JK000080,722,1143,1543,254,77
476,807,994,JK000583,43,1221,1390,94,53
476,1285,1606,JK000583,559,650,902,194,74
476,90,726,Sham19Y0014556,805,277,872,467,90
476,1206,1606,Shia002264,333,273,573,171,48
476,1285,1606,JK005002,31,240,499,198,76
476,1285,1459,JK009324,3270,497,635,92,59
476,1285,1555,Sham19Y0014601,5955,402,1052,173,32
476,1131,1273,JK000166,8368,1034,1172,107,95
476,1131,1273,JK000201,3560,664,802,107,94
477,523,835,Sham19Y0131521,6351,906,1218,218,79
477,912,1174,Sham19Y0014309,150,1212,1457,189,85
477,866,1404,Shamela0005756,13888,135,625,313,65
477,578,1228,Sham19Y0132524,2149,770,1123,207,36
477,599,1186,JK005202,1022,275,505,159,32
477,975,1207,Shamela0021715,9269,585,844,135,56
477,595,1298,Sham19Y0018272,71,443,755,164,27
477,254,496,JK000298,264,507,699,150,78
477,912,1404,JK000166,8368,525,1030,391,95
477,523,1404,JK000201,3560,35,660,450,61
478,453,889,ShamAY0035035,3886,1133,1470,216,57
478,889,1589,ShamAY0035035,3887,0,616,450,77
478,980,1348,Sham19Y0023625,2193,638,1005,182,56
478,87,524,JK000298,262,1345,1472,99,28
478,524,1589,JK000298,263,0,1064,829,93
478,0,433,JK000166,8370,984,1364,281,80
478,980,1348,Shamela0009059BK1,3018,756,1116,183,58
479,628,1583,Sham19Y0149697,3339,476,1080,431,54
479,1026,1297,JK000298,263,1161,1548,198,60
479,1297,1523,JK000298,264,0,200,155,82
479,694,1006,JK000298,1665,824,1153,240,89
479,707,1010,Sham19Y0017063,1161,93,545,200,54
480,898,1105,Sham19Y0122096,1611,1261,1456,119,67
480,666,1122,JK007044,5134,613,823,127,33
480,671,1122,Shamela0005756,9297,86,540,220,48
480,634,1513,Sham19Y0132524,2153,666,1312,337,39
480,634,1122,JK000137,2057,480,985,326,73
480,634,1122,Sham19Y0122257,2711,1123,1402,186,45
480,492,1139,JK009313,5291,408,860,173,27
480,468,965,Sham19Y0149697,3339,1084,1566,374,91
480,965,1513,Sham19Y0149697,3340,0,545,419,95
480,1226,1413,JK000298,2335,1342,1536,103,61
480,634,1122,Sham19Y0013252,5321,473,1125,245,44
480,547,1122,Sham19Y0122406,3265,896,1485,360,69
480,634,931,JK000201,3566,1234,1556,203,70
481,347,658,ShamAY0032443,633,1255,1554,186,66
481,436,720,JK010473,13,604,938,167,59
481,1392,1505,Sham19Y0122406,3265,14,151,90,82
482,367,646,Shamela0000894,3966,819,1253,152,39
482,874,1023,JK000080,973,6,266,87,42
482,798,1011,JK009336,3085,404,881,124,30
482,740,922,ShamIbadiyya0000050,5438,1267,1530,68,25
482,846,1023,Shia002264,822,504,817,110,44
482,817,1023,Sham19Y0018106,3762,787,1254,141,38
482,882,1023,Shamela0006610,1129,0,173,81,52
482,1240,1477,Sham19Y0014601,6181,0,258,158,71
482,785,1023,Sham19Y0013252,8995,702,1114,152,47
482,1046,1187,JK000166,8360,67,212,100,88
482,1116,1477,JK000166,8361,1101,1511,229,66
482,367,655,JK000166,8374,197,430,171,73
482,817,1023,Sham19Y0018176,2254,61,400,142,53
482,740,922,Kraken22041319410300,159,421,795,93,29
483,280,1220,JK000754,2563,376,1474,710,78
483,1220,1484,JK000754,2564,0,231,153,71
483,294,692,JK007117,2002,80,570,169,41
483,91,366,Shamela0008353,914,1262,1584,143,44
483,366,1242,Shamela0008353,915,0,519,380,53
483,30,703,Sham19Y0014601,6181,239,908,493,86
483,86,366,Shamela0021715,9264,3,267,187,77
483,1341,1464,JK000116,445,425,548,95,98
483,86,244,Sham19Y0018272,1578,786,938,117,92
483,294,692,Sham19Y0122406,3407,767,1249,169,42
483,0,1458,JK000166,8362,12,1489,1130,94
484,808,1492,JK009141,947,710,1275,431,79
484,808,1474,JK009152,2371,397,924,399,75
484,808,1162,PV2024060602,1730,1193,1473,213,75
484,1162,1474,PV2024060602,1731,0,308,241,97
484,808,1492,PV2024060602,2578,3,536,276,42
484,808,1474,PV2024060602,4513,500,1047,233,36
484,808,1474,Shamela0009810,1499,366,913,233,36
484,880,1474,JK000584,387,2,483,238,46
484,974,1474,JK009336,1006,658,1494,206,26
484,808,1138,Sham19Y0013605,4516,1227,1484,195,74
484,1138,1417,Sham19Y0013605,4517,0,274,215,97
484,572,845,Sham19Y0038171,2051,1163,1459,185,74
484,808,1474,Shamela0005756,14145,324,911,447,84
484,808,1474,JK000786,3786,67,619,277,48
484,1327,1474,JK007045,753,0,148,108,86
484,875,1283,Sham19Y0132524,878,0,287,101,25
484,962,1474,JK010127,10,531,925,249,56
484,808,1474,Shamela0008203,245,78,776,442,72
484,1327,1474,Sham19Y0122257,2910,767,929,107,78
484,421,548,ShamAY0035035,7424,655,788,100,92
484,572,785,ShamAY0035035,7754,239,442,161,92
484,808,1006,Sham19Y0016684,1884,1365,1532,126,79
484,1006,1474,Sham19Y0016684,1885,0,412,320,86
484,808,1480,Sham19Y0014592,930,674,1281,456,84
484,1194,1474,Sham19Y0014592,2593,973,1271,163,60
484,808,1368,JK000883,2198,899,1428,323,65
484,808,1504,Sham19Y0018103,3786,436,1044,452,81
484,880,1484,Sham19Y0127677,632,679,1179,241,46
484,1190,1474,Sham19Y0127677,805,240,550,168,59
484,928,1219,JK000983,1843,0,261,130,48
484,808,1434,Sham19Y0018106,3871,954,1502,424,84
484,880,1474,Sham19Y0145210,2568,8,514,358,75
484,866,1474,Shamela0012884,4507,0,599,248,40
484,421,548,JK005021,432,991,1128,101,90
484,572,779,JK005021,446,1297,1494,152,88
484,857,1474,Shamela0097927,76,97,718,269,49
484,1219,1474,JK009268,936,265,487,154,73
484,910,1474,JK000294,43,0,499,297,61
484,862,1219,Sham19Y0013253,162,195,538,106,27
484,962,1474,Sham19Y0014119,490,624,1022,240,55
484,962,1474,Sham19Y0013614,710,587,983,239,55
484,808,1378,Sham19Y0001729,1127,977,1466,198,32
484,1103,1474,Sham19Y0001729,1128,1017,1346,160,48
484,1194,1474,JK009390,681,694,999,168,60
484,862,1488,JK000977,923,255,713,258,47
484,1194,1474,JK009274,369,81,384,168,60
484,888,1474,JK007065,699,49,241,102,22
484,808,1474,JK000141,795,243,790,233,36
484,852,1474,Sham19Y0020638,433,493,981,256,42
484,866,1474,JK000733,22,0,642,407,73
484,808,1474,JK000473,163,325,1052,272,37
484,808,1484,ShamAY0034282,2471,636,1318,303,47
484,962,1474,Sham19Y0016976,1520,465,862,240,55
484,808,1504,JK000239,342,141,598,247,42
484,1194,1474,JK008001,862,184,491,166,59
484,1190,1474,JK008001,869,719,1036,175,61
484,866,1474,Shamela0037837,358,53,842,352,52
484,808,1312,ShamAY0034005,1192,932,1446,300,63
484,1312,1474,ShamAY0034005,1193,0,164,126,94
484,808,1219,Sham19Y0017903,918,1203,1424,105,28
484,1186,1474,Sham19Y0017903,919,11,280,179,73
484,808,1194,JK000021,2868,1004,1377,231,67
484,1197,1474,JK000021,2869,0,281,202,86
484,808,1202,Shamela0021715,9591,1205,1517,237,75
484,1202,1484,Shamela0021715,9592,0,280,217,95
484,808,1162,JK000110,1730,1193,1473,213,75
484,1162,1474,JK000110,1731,0,308,241,97
484,1194,1474,Shamela0021659,490,423,725,166,60
484,962,1474,Sham19Y0017791,1681,528,925,240,55
484,1219,1474,Tafsir03097,263,206,459,191,92
484,808,1474,Sham19Y0127656,737,662,1280,449,81
484,962,1474,Sham19Y0017063,1272,25,423,240,55
484,888,1237,JK000279,624,5,166,117,41
484,888,1446,Sham19Y0013252,2648,618,776,79,17
484,896,1474,Sham19Y0013252,9254,0,519,401,87
484,848,1488,Shamela0025794,1995,832,1435,248,37
484,862,1492,Sham19Y0122406,1457,0,504,259,42
484,1154,1604,JK000166,8811,195,713,135,21
484,808,1378,Sham19Y0018176,2324,1010,1504,382,83
484,808,1474,Sham19Y0016584,4285,834,1415,447,84
484,1190,1492,Shamela0001727,546,76,415,194,64
484,792,1484,Shamela0011363,342,262,856,427,76
484,421,572,JK000001,2305,140,298,114,88
484,299,785,JK000001,2461,979,1273,215,53
485,979,1262,Shamela0098087,158,29,626,176,33
485,665,1112,Kraken220413202218,606,202,1124,285,35
485,736,1262,JK000001,1930,0,1478,322,25
486,303,719,JK007070,563,260,628,171,43
486,303,1361,JK000080,971,407,1232,471,49
486,1209,1511,JK000264,1000,1274,1472,117,43
486,303,982,JK000583,793,373,714,218,39
486,875,1341,Shia001432Vols,20074,389,706,210,54
486,686,982,JK001198,169,555,772,147,61
486,1053,1277,JK006801,643,56,384,163,62
486,292,744,Shia002264,818,62,600,236,47
486,785,1272,Sham19Y0014592,2846,849,1337,181,32
486,1385,1595,Sham19Y0127677,2444,1049,1250,155,94
486,1311,1595,JK000216,495,44,315,179,77
486,1316,1577,JK009390,2731,711,994,152,64
486,1316,1595,Shamela0001438,3003,52,293,175,81
486,1385,1595,JK008001,2935,372,573,155,94
486,382,1341,JK000637,2639,213,931,398,44
486,379,982,JK000021,1560,485,977,170,27
486,1209,1595,Shamela0021476,48,79,431,146,37
486,1316,1595,JK000486,42,136,434,153,56
486,800,1355,JK009245,496,163,777,324,59
486,886,1277,JK009229,227,4,391,251,70
486,800,1277,ShamAY0034290,1,208,640,308,75
486,1053,1277,ShamAY0034290,4,701,1034,151,54
487,939,1272,JK007070,563,23,361,162,49
487,830,1437,JK000080,971,0,626,373,66
487,38,363,Shamela0012001,70,362,656,143,49
487,1328,1533,Shamela0000432,6023,744,959,148,85
487,38,320,Sham19Y0018272,2240,759,942,105,42
487,1347,1533,JK009248,760,1340,1518,122,78
488,426,594,Sham19Y0000259,352,801,961,126,90
488,1246,1386,JK000583,397,147,287,114,100
488,1158,1477,Sham19Y0122096,2061,332,1459,166,17
488,21,684,JK007044,4593,403,1026,281,38
488,426,684,Shia001432Vols,20089,1214,1457,184,83
488,0,447,Shia001432Vols,20091,781,1231,313,84
488,1087,1317,Shamela0006068,108,542,1010,94,24
488,1087,1386,JK001160,222,686,1155,139,28
488,702,1553,JK001198,143,123,932,260,27
488,1022,1324,JK011730,1247,1293,1557,126,45
488,1087,1553,Shamela0012738,151,115,563,151,28
488,1191,1588,Sham19Y0127677,1137,146,453,195,61
488,702,948,Sham19Y0127677,2443,583,800,123,58
488,1022,1632,Shia002261Vols,221,292,723,231,40
488,1087,1215,JK005007,583,68,434,82,26
488,1246,1386,JK009390,1363,111,245,109,95
488,1246,1509,Shamela0001438,2360,1090,1542,144,35
488,1246,1386,JK009274,532,1106,1246,114,100
488,1087,1588,JK009274,533,5,286,149,34
488,1246,1386,JK005005,692,386,526,114,100
488,1235,1632,JK007006,940,85,836,272,43
488,1022,1632,JK008001,4716,758,1299,299,59
488,1246,1386,Shamela0013041,86,33,172,112,98
488,0,447,Shamela0000432,6023,906,1369,312,82
488,0,217,Shamela0021715,5190,1374,1604,160,85
488,217,405,Shamela0021715,5191,0,187,147,95
488,1246,1386,Shamela0021659,792,352,492,114,100
488,1057,1228,Sham19Y0018272,1222,751,1252,81,17
488,1235,1632,Sham19Y0018272,1223,21,776,260,42
488,1246,1448,JK000298,2821,1016,1330,143,53
488,1087,1215,JK000298,2821,176,510,76,28
488,0,399,JK000298,5250,633,1056,281,80
488,43,410,JK009248,761,0,378,274,87
488,426,677,JK009229,652,191,427,178,82
488,0,447,JK009229,654,585,1043,314,83
488,1087,1386,JK005004,766,768,1356,179,34
489,371,529,Shamela0000894,6195,931,1118,109,72
489,1227,1535,JK000289,2159,908,1213,233,95
489,645,910,JK000289,2161,0,223,170,78
489,366,540,ShamAY0034570,54,963,1164,118,73
489,1246,1535,Sham19Y0149697,8738,9,271,198,86
489,344,529,JK009333,36,895,1059,124,82
490,0,146,JK000289,2159,1213,1384,115,85
490,633,1025,Sham19Y0013241,1711,15,197,99,32
490,770,1414,JK000298,4731,820,1126,204,38
490,822,1032,JK000298,4992,1310,1520,162,94
490,866,1115,JK000201,4502,34,291,148,65
491,197,1105,JK000165,3690,249,1095,615,81
491,1256,1531,JK000165,3691,133,410,214,95
491,286,544,JK000123,1334,1112,1296,121,58
491,197,1239,Sham19Y0017747,2172,634,1300,390,46
491,246,733,Sham19Y0013253,376,0,829,304,43
491,390,969,JK000251,886,491,764,190,39
491,0,611,Sham19Y0122406,2483,696,1470,286,40
491,689,1253,Sham19Y0122406,2485,18,845,274,40
491,197,969,JK000166,9344,760,1488,539,83
491,969,1253,JK000166,9345,0,279,209,92
491,1246,1504,JK000166,9346,1286,1546,199,94
491,1256,1531,JK000201,2261,480,751,209,93
492,0,771,JK000165,3691,410,1146,515,77
492,797,1086,JK007044,3822,1173,1490,174,67
492,130,667,Sham19Y0132524,1792,0,644,312,53
492,868,1230,Sham19Y0122257,2054,159,603,258,73
492,64,396,Sham19Y0017747,2173,1294,1553,183,67
492,1198,1500,Sham19Y0017747,2174,784,1040,144,51
492,982,1230,Sham19Y0013614,496,21,314,183,78
492,1091,1269,Shamela0021715,9845,1054,1353,84,36
492,855,1036,Sham19Y0018272,2175,420,642,125,70
492,731,1015,JK000298,1648,1256,1524,159,66
492,0,771,JK000166,9347,29,800,548,82
492,771,1526,JK000166,9349,504,1328,587,88
492,945,1234,JK000201,2260,0,357,202,69
492,0,771,JK000201,2261,751,1483,514,78
492,64,667,JK000281,2419,268,738,283,53
492,539,667,Sham19Y0013769,1663,675,867,59,40
493,785,1122,Shamela0000894,5015,874,1210,156,56
493,1016,1389,Sham19Y0014309,991,928,1333,203,51
493,1410,1597,Sham19Y0014309,992,0,182,144,93
493,727,1086,PV2024060602,1709,771,1280,165,37
493,351,603,JK000123,1335,597,806,142,68
493,727,1094,Sham19Y0038171,764,19,139,81,28
493,746,1028,Sham19Y0038171,1731,100,414,77,20
493,889,1086,ShamAY0033728,64,1246,1465,133,67
493,727,1086,JK007117,684,77,352,127,37
493,1225,1539,JK007117,684,905,1470,179,40
493,889,1086,Sham19Y0018103,3747,247,526,134,59
493,1007,1378,Shamela0023685,1330,1299,1593,198,62
493,13,591,Sham19Y0017747,2174,1040,1538,359,75
493,889,1086,Sham19Y0018106,3833,1174,1479,131,53
493,727,963,Shamela0038202,19,42,451,123,32
493,889,1090,Sham19Y0020638,1235,139,503,108,36
493,1007,1389,Shamela0026568,1229,726,1041,203,61
493,1378,1597,Sham19Y0014601,2424,121,491,155,50
493,429,603,JK000116,137,0,172,135,92
493,727,1086,JK000110,1709,771,1280,165,37
493,889,1597,Sham19Y0018272,169,102,613,338,54
493,727,1086,Sham19Y0127656,730,580,961,137,31
493,727,1086,JK001503,922,456,567,78,27
493,785,1086,Sham19Y0013252,9165,1057,1484,148,39
493,889,1136,Sham19Y0013252,9166,71,341,146,61
493,1056,1389,JK000166,8647,177,673,254,61
493,1402,1597,JK000166,8647,1274,1465,152,94
493,0,192,JK000166,9349,1328,1519,152,98
493,192,614,JK000166,9350,0,398,287,79
493,1206,1597,ShamIbadiyya0000438,587,77,503,305,88
493,723,1090,JK001197,75,795,915,83,28
494,1378,1542,JK006870,40,434,606,129,92
494,167,706,Sham19Y0014309,992,217,837,318,56
494,1300,1542,PV2024060602,7899,1098,1315,156,73
494,1378,1542,Sham19Y0011326,240,412,584,129,92
494,1378,1542,Sham19Y0011326,241,316,488,129,92
494,1372,1542,JK009336,3412,1190,1376,137,90
494,167,558,Sham19Y0122096,350,976,1391,250,67
494,0,874,JK000754,762,1071,1511,336,47
494,445,711,JK000754,763,237,496,187,88
494,1300,1542,JK000130,818,934,1151,156,73
494,983,1258,Sham19Y0038171,1725,53,349,103,31
494,171,339,JK007117,685,953,1227,109,47
494,1092,1542,JK000735,221,330,738,213,50
494,542,706,Shamela0023685,1331,11,173,114,85
494,187,306,JK000585,3434,331,535,86,53
494,1378,1542,Shamela0012001,55,904,1076,129,92
494,1387,1542,Shamela0006610,1093,1207,1383,127,88
494,171,339,Sham19Y0023625,2612,457,654,111,62
494,542,711,Shamela0026568,1229,1041,1219,118,82
494,1387,1542,ShamIbadiyya0000433,985,67,244,127,87
494,1378,1542,Shamela0011334,183,436,608,129,92
494,1378,1542,Shamela0008381,163,636,808,129,92
494,1378,1542,JK000116,435,1225,1397,129,92
494,1300,1542,JK000116,436,157,361,144,68
494,0,887,Sham19Y0018272,169,613,1305,517,71
494,0,706,Shamela0000140,2101,126,1472,433,39
494,87,887,JK000166,8648,0,791,576,84
494,1253,1542,JK000166,9288,27,328,231,92
494,1387,1542,JK000201,2256,637,813,127,88
494,983,1186,Sham19Y0016584,4410,271,545,102,50
494,0,1002,ShamIbadiyya0000438,587,503,1384,581,68
494,920,1510,JK000001,1789,732,1153,163,30
494,1300,1542,ShamAY0033910,811,270,487,156,73
495,348,643,JK009141,893,335,840,121,25
495,93,421,PV2024060602,4141,477,833,153,45
495,215,421,JK000165,2771,785,954,111,60
495,201,421,Shamela0009810,859,315,504,118,59
495,820,950,JK011730,1293,692,848,85,69
495,643,931,ShamAY0035035,6411,167,1041,213,31
495,201,544,JK000312,271,61,327,139,43
495,525,931,Sham19Y0023625,2575,657,1078,144,32
495,93,421,JK000141,423,217,573,153,45
495,1022,1511,JK000116,419,221,712,83,12
495,201,421,JK000116,440,307,496,118,59
495,1177,1415,JK000298,2538,868,1058,121,61
495,525,931,JK001249,321,672,1096,144,32
495,812,931,Sham19Y0017063,1170,1161,1325,90,69
495,0,421,JK000166,9288,328,855,288,62
495,495,931,Shamela0013039,54,691,1338,268,50
495,362,729,JK000001,1789,889,1458,246,54
495,729,931,JK000001,1790,0,367,152,52
495,1001,1361,AOCP20251104112,5,120,265,87,30
496,379,624,Shia001555Vols,1197,95,211,91,46
496,361,585,PV2024060602,3321,233,570,161,58
496,238,478,JK009336,2117,80,491,132,36
496,361,585,JK000475,2199,269,682,143,42
496,379,585,JK007104,610,1215,1347,107,64
496,242,585,Sham19Y0038171,1729,806,1456,207,40
496,364,624,JK007045,702,223,452,144,59
496,361,589,Sham19Y0018144,2175,172,802,155,30
496,379,624,JK000137,2131,5,187,132,67
496,364,624,Sham19Y0122257,2716,14,259,144,56
496,260,441,Kraken230106005528,798,712,835,85,59
496,238,478,JK009273,235,525,713,134,67
496,238,585,JK007117,1546,896,1512,212,42
496,361,585,Sham19Y0127677,2568,595,814,159,86
496,361,585,JK000735,59,452,855,143,43
496,379,620,Sham19Y0013253,517,643,828,127,64
496,379,624,Sham19Y0014119,458,321,517,130,60
496,364,624,JK007054,304,230,429,148,70
496,361,585,Sham19Y0023625,2594,351,628,158,70
496,356,624,Sham19Y0020638,1029,1174,1459,190,79
496,379,624,Sham19Y0016976,1449,203,393,130,61
496,0,180,JK000298,2537,1126,1258,106,70
496,379,589,Sham19Y0017063,1163,420,556,107,63
496,361,585,Sham19Y0122406,3409,995,1332,161,58
496,382,948,Sham19Y0122406,3412,769,1179,152,28
496,238,496,Sham19Y0013572,1235,1041,1470,137,36
496,257,441,JK000961,284,684,801,84,56
496,361,585,Shamela0001727,1289,104,441,161,58
497,353,654,PV2024060602,4559,195,589,208,65
497,356,579,Shamela0009810,1579,1032,1252,168,95
497,288,832,JK000583,598,1086,1480,246,55
497,353,654,JK000475,2280,587,985,204,63
497,455,1478,JK001160,345,0,812,503,56
497,424,846,Sham19Y0127677,1204,523,815,188,55
497,356,654,JK000735,140,332,725,203,64
497,362,846,Sham19Y0001729,1970,0,755,266,44
497,372,846,JK009390,2523,0,247,141,35
497,356,846,JK009324,3632,1315,1508,131,33
497,1379,1516,Shamela0021715,10775,422,543,92,84
497,308,829,Shamela0021715,10775,19,650,350,69
497,356,846,Sham19Y0013252,10438,243,447,124,31
497,308,662,JK000166,10477,1184,1533,268,93
497,667,1516,JK000166,10478,5,850,645,94
497,348,846,JK009179,69,727,1273,189,40
497,348,654,JK000682,736,239,579,174,62
497,280,596,JK007043,110,1037,1330,173,68
497,1243,1459,JK007043,111,342,865,96,24
498,143,438,JK001160,345,701,1077,137,44
498,920,1440,Shamela0005756,15165,1295,1479,142,33
498,930,1200,Sham19Y0016684,1999,557,828,192,86
498,925,1165,Sham19Y0018103,4171,1254,1493,146,72
498,1228,1435,JK000552,425,1253,1438,119,67
498,494,906,JK009324,3633,192,1160,170,22
498,925,1228,Sham19Y0014224,1034,11,424,204,62
498,0,693,Shamela0021715,10775,546,1084,316,52
498,935,1200,Sham19Y0017063,1469,781,1135,192,67
498,0,741,Sham19Y0013252,10438,324,1019,186,22
498,0,596,JK000166,10478,853,1450,455,94
498,596,1465,JK000166,10479,0,873,669,94
498,1018,1200,Sham19Y0013769,1645,6,281,128,58
499,82,384,Shamela0009810,52,452,716,146,57
499,1172,1454,JK001012,300,1023,1339,176,63
499,1364,1488,Kraken220413030905,117,507,634,95,92
499,48,384,JK000123,1488,384,727,203,67
499,440,1061,Sham19Y0132524,2797,666,1488,430,64
499,0,384,JK000137,2351,816,1221,240,68
499,1309,1488,JK000943,142,835,1032,117,74
499,440,764,Sham19Y0023625,1215,642,970,218,77
499,0,384,Sham19Y0023625,1216,277,563,186,60
499,1323,1488,Shamela0037837,665,999,1165,125,94
499,1309,1484,Sham19Y0017903,881,481,653,124,86
499,1334,1550,Shamela0021715,8691,0,384,155,51
499,0,301,Shamela0021715,10775,713,1222,131,29
499,1309,1488,JK001249,125,1116,1314,138,88
499,0,666,JK000166,10479,873,1487,487,89
499,666,1104,JK000166,10480,0,441,344,96
500,431,646,JK009141,1503,451,690,115,53
500,421,646,Shamela0023700,1178,719,1000,150,66
500,431,646,Shamela0023700,1548,430,719,139,58
500,431,646,Shamela0021765,1474,811,1100,139,58
500,228,646,JK001227,4,934,1481,199,41
500,185,297,ShamAY0035955,540,555,663,87,96
500,225,646,ShamAY0035035,9382,298,804,189,41
500,431,646,ShamAY0033926,154,27,316,141,59
500,431,646,Shamela0009567,931,818,1107,138,58
500,225,646,Sham19Y0132973,7,756,1301,196,39
500,431,646,Shamela0004445,6791,282,572,138,58
500,240,646,Shamela0021536,4,337,883,190,39
500,431,646,Sham19Y0148271,1530,678,968,139,58
500,32,297,Shamela0021715,8691,1336,1463,88,41
500,452,646,JK001503,1044,1025,1278,128,62
500,431,646,Shamela0025794,2941,1073,1363,138,58
500,64,1309,JK000166,7714,0,1244,892,84
500,474,646,Shamela0021809,1955,0,208,114,66
500,431,646,JK000483,158,93,383,141,59
500,431,646,JK007043,568,1029,1313,135,58
501,1023,1543,JK000080,1213,575,1064,285,57
501,1040,1543,Shia002264,601,880,1378,167,26
502,671,993,JK000165,1613,1176,1504,229,86
502,1282,1607,Sham19Y0017437,555,473,742,214,80
502,1233,1362,Sham19Y0017437,1661,377,513,100,94
502,127,381,Sham19Y0122096,4120,144,486,127,40
502,109,381,Sham19Y0038171,1609,123,295,124,55
502,461,605,JK011730,1248,810,958,113,93
502,105,381,ShamAY0035035,6237,1018,1196,127,55
502,5,377,JK005021,347,699,985,149,41
502,671,1003,Shamela0010517,2847,41,370,245,92
502,0,217,Shamela0001875,576,1074,1340,101,34
502,707,1016,Shamela0000432,4676,616,951,212,79
502,1233,1355,Sham19Y0018272,537,863,1031,83,65
502,1233,1459,JK000298,2467,897,1102,149,77
502,226,401,JK000298,5249,1072,1238,121,83
502,671,1003,JK000166,2123,1109,1437,244,92
502,1233,1596,JK000166,8134,1291,1610,248,82
502,1233,1607,JK000201,2645,706,1038,259,83
502,5,385,JK000001,1718,33,381,169,42
503,0,130,Sham19Y0017437,555,742,872,101,96
503,416,1470,Sham19Y0017437,556,0,1374,785,70
503,142,422,Sham19Y0009763,224,556,727,103,45
503,387,999,Shamela0005756,13662,0,598,417,80
503,346,885,Sham19Y0017747,2294,1036,1459,287,66
503,891,1495,Sham19Y0017747,2295,0,524,371,71
503,142,422,Shia003986,348,1292,1463,104,45
503,145,628,Shamela0021715,3886,197,610,288,71
503,145,620,Sham19Y0018272,537,1108,1498,269,67
503,620,1475,Sham19Y0018272,538,0,839,561,76
503,255,620,JK000298,1356,657,1173,202,45
503,160,337,Shamela0000140,696,737,927,109,70
503,433,1470,Shamela0000140,697,380,1131,397,43
503,138,259,JK000166,3469,820,951,95,90
503,0,130,JK000166,8135,12,141,96,92
503,357,1522,JK000166,8136,238,1464,825,81
503,0,130,JK000201,2645,1038,1167,101,96
504,721,1287,JK009152,84,35,433,136,28
504,481,1366,Sham19Y0017437,548,680,1414,500,66
504,12,263,Sham19Y0017437,557,477,678,142,66
504,850,1103,JK007044,5277,1295,1516,143,68
504,721,1040,JK000123,1416,1267,1509,188,71
504,1040,1366,JK000123,1417,0,286,198,75
504,12,241,Sham19Y0017747,2295,541,842,92,30
504,677,1366,Sham19Y0017747,2296,0,632,462,82
504,3,898,Sham19Y0018272,538,871,1568,352,39
504,898,1570,Sham19Y0018272,539,0,516,394,71
504,12,340,Shamela0000140,696,1087,1336,167,59
504,352,709,Shamela0000140,697,1205,1532,228,76
504,709,1083,Shamela0000140,698,0,317,228,73
504,0,272,JK000166,8135,1241,1505,159,59
504,382,1570,JK000166,8137,0,1187,921,94
504,850,1103,Sham19Y0018176,2198,131,347,149,70
504,927,1287,Sham19Y0013769,681,0,228,142,46
505,137,576,Sham19Y0017437,550,926,1418,327,81
505,61,623,Sham19Y0017747,2296,638,1255,272,44
505,1135,1534,Sham19Y0149697,2170,1167,1407,173,52
505,860,1139,Sham19Y0149697,2172,309,595,204,87
505,870,1139,Sham19Y0018272,539,661,934,212,97
505,1044,1534,Shamela0000140,699,125,494,229,56
505,0,312,JK000166,8137,1194,1565,220,68
505,312,1419,JK000166,8138,0,1502,816,67
505,1419,1534,JK000166,8139,0,121,93,95
505,750,1124,Sham19Y0013769,684,684,1135,237,64
506,147,963,Sham19Y0017437,549,365,1041,464,64
506,126,818,JK000123,1417,856,1529,389,60
506,856,1646,JK000123,1418,17,365,248,38
506,126,1646,Sham19Y0017747,2297,102,1329,751,56
506,219,408,Shamela0010517,1511,69,260,149,95
506,140,408,Shamela0010517,1527,760,1053,212,88
506,209,400,Shamela0021715,3886,1362,1555,152,95
506,400,1422,Shamela0021715,3887,0,961,722,86
506,50,1412,JK000166,8139,127,1518,1056,93
506,1422,1646,JK000166,8140,0,180,133,71
506,231,497,Sham19Y0013769,681,442,739,160,63
507,1259,1394,JK006897,196,674,819,106,93
507,1259,1378,JK009141,684,1161,1283,92,94
507,1259,1378,JK009152,828,903,1019,86,86
507,1259,1378,PV2024060602,1130,990,1116,94,94
507,1259,1394,JK000165,1610,922,1076,104,86
507,1168,1394,JK000080,1214,145,441,140,60
507,1259,1373,JK006884,49,273,627,80,28
507,0,382,Sham19Y0017437,549,1117,1506,292,90
507,1168,1394,Sham19Y0017437,689,1268,1471,132,64
507,1259,1378,JK000467,1383,380,518,91,84
507,1168,1378,Shamela0012014,351,866,1099,112,49
507,760,958,JK000123,1418,574,796,139,75
507,1259,1378,Sham19Y0013771,370,499,623,94,95
507,1259,1378,Sham19Y0013605,3301,194,318,94,95
507,1246,1394,JK009266,5785,330,507,114,81
507,1259,1378,Shamela0005756,10983,575,699,94,95
507,1259,1394,JK000154,997,542,684,104,92
507,1259,1378,Shamela0026324,1934,811,930,91,97
507,1259,1394,JK011153,890,66,203,103,93
507,1259,1518,Sham19Y0022884,109,480,735,141,58
507,1168,1587,JK007045,270,557,1000,210,51
507,1259,1378,JK001227,275,741,871,91,89
507,1268,1394,Sham19Y0132524,772,451,597,93,76
507,1168,1394,JK000057,86,877,1204,145,57
507,1168,1525,Sham19Y0122257,1040,1118,1488,165,46
507,1168,1394,JK000030,116,308,586,130,57
507,1246,1523,ShamIbadiyya0000229,2103,855,1156,149,50
507,1259,1378,Sham19Y0018103,2711,1029,1153,94,95
507,1168,1523,Sham19Y0017729,137,999,1317,164,54
507,1259,1394,Sham19Y0017747,707,1095,1224,87,76
507,0,245,Sham19Y0017747,2297,1329,1565,161,77
507,245,958,Sham19Y0017747,2298,0,406,270,43
507,1242,1394,Sham19Y0013783,689,1206,1380,116,84
507,1259,1378,Sham19Y0018106,2828,336,460,94,95
507,1246,1378,Sham19Y0014325,1465,719,878,100,78
507,1259,1523,Shamela0006610,415,821,1043,126,56
507,1246,1394,JK007084,858,1033,1209,112,80
507,1259,1378,Shamela0004445,1887,963,1087,94,95
507,1259,1523,JK007065,1238,796,1112,138,55
507,1168,1394,Shamela0021536,102,228,554,144,54
507,1246,1378,JK000097,368,647,815,102,76
507,1246,1378,ShamAY0035960,367,947,1115,102,76
507,1268,1394,JK007128,35,0,121,91,88
507,1168,1394,Sham19Y0020638,384,514,858,140,52
507,1168,1589,JK000429,136,175,622,155,36
507,1259,1373,Shamela0001875,575,1293,1408,90,95
507,1259,1394,Shamela0037837,888,126,278,106,88
507,1168,1394,Sham19Y0017903,315,1139,1395,140,69
507,1259,1394,JK000559,476,53,193,89,76
507,1259,1378,Kraken230110004547,602,353,478,94,95
507,1259,1378,Shamela0021715,6464,61,185,94,95
507,1259,1378,JK000110,1130,990,1116,94,94
507,1168,1523,ShamAY0035003,5,78,391,151,49
507,1168,1394,Sham19Y0127656,155,791,1012,128,67
507,1259,1378,ShamAY0035884,1179,358,499,90,79
507,387,1050,Shamela0000140,699,768,1527,463,71
507,1259,1378,Sham19Y0013252,6469,235,359,94,95
507,1259,1394,Sham19Y0013252,6473,1096,1282,106,72
507,1259,1378,JK000166,1973,568,683,86,87
507,0,1075,JK000166,8140,180,1284,814,90
507,1259,1394,JK000201,1652,191,321,88,77
507,1168,1589,JK000829,25,300,717,230,62
507,1259,1394,JK000961,380,484,657,106,78
507,1259,1378,Shamela0021809,1570,565,697,94,90
507,1259,1378,JK006838,1615,317,444,75,68
507,1259,1378,Sham19Y0018176,1595,961,1085,94,95
507,1259,1539,Sham19Y0145212,1320,151,404,154,64
507,1158,1589,JK000913,2369,225,682,220,55
507,1259,1390,Sham19Y0016953Vols,393,23,157,102,96
507,1168,1373,JK009256BK1,1294,583,741,109,63
508,541,847,JK000165,1606,1246,1555,210,81
508,995,1223,JK000165,1607,1204,1384,135,75
508,0,278,JK000080,1214,1074,1370,216,88
508,654,1232,JK000754,835,63,507,244,45
508,346,817,Sham19Y0017747,709,189,708,214,50
508,599,1044,ShamIbadiyya0000433,706,921,1498,196,32
508,446,1223,JK000166,1972,7,731,516,81
508,541,847,JK000201,1651,495,803,209,80
509,537,928,ShamIbadiyya0000433,707,125,812,172,28
509,146,492,JK000166,1968,240,719,201,50
509,226,492,ShamIbadiyya0000438,559,660,997,176,63
509,995,1398,JK009333,18,1228,1546,248,75
509,1421,1565,JK009333,19,0,126,99,86
510,630,843,AOCP20251104103Vols,295,792,1145,137,49
510,660,833,Shamela0009823,658,548,734,128,85
510,660,820,JK000583,668,5,130,82,66
510,630,820,Shia001432Vols,25171,655,851,93,49
510,630,820,Rafed0002202Vols,362,1218,1394,124,82
510,630,774,ShamAY0035059,16,1349,1497,105,89
510,660,820,Sham19Y0123663,30,16,160,109,85
510,510,849,JK007084,35,1184,1586,134,31
510,660,833,JK009236,182,1028,1232,131,80
510,630,843,Shia001615Vols,3616,1221,1495,112,47
510,1155,1614,JK000298,1458,419,903,352,87
510,1043,1349,Shamela0004473,1775,184,410,145,57
510,630,843,Shia001217Vols,215,81,314,106,49
510,624,843,Shia004021,188,568,794,111,54
510,660,843,Shia000401Vols,446,352,573,101,49
510,0,988,JK009333,19,126,841,537,68
510,630,833,JK007011,302,173,345,104,62
511,1133,1548,JK000264,3537,462,901,307,85
511,101,391,Sham19Y0122096,179,533,753,123,52
511,1251,1588,Shamela0005756,8470,0,249,143,51
511,1140,1297,JK000137,2494,1419,1582,128,93
511,1303,1548,JK000137,2495,8,256,179,88
511,1125,1548,JK000555,643,91,540,315,86
511,176,486,Sham19Y0018272,77,1292,1597,190,66
511,491,1615,Sham19Y0018272,78,3,915,668,71
511,1229,1556,Sham19Y0013252,4629,405,665,173,63
511,417,997,JK000166,8241,539,1151,412,74
511,282,889,Sham19Y0013631,360,527,738,119,24
512,378,555,JK000916,1091,205,700,117,29
512,680,1116,Shamela0021715,5449,376,724,124,27
512,672,977,Shamela0002569,634,977,1239,195,76
512,478,1133,Sham19Y0122255,346,879,1441,362,65
513,0,273,PV2024060602,600,310,651,136,43
513,856,1060,JK000264,3447,724,907,120,72
513,0,127,Shamela0005756,7882,710,842,97,90
513,0,345,Sham19Y0018144,2393,899,1447,147,27
513,0,127,Sham19Y0016684,926,836,1012,102,72
513,0,273,Sham19Y0018103,1716,813,1052,129,52
513,0,127,Sham19Y0018106,1736,570,701,100,93
513,0,127,Tafsir07076,6145,1123,1254,100,93
513,0,127,JK009390,2677,593,719,101,99
513,0,127,Shamela0001438,2976,1208,1334,101,99
513,0,127,JK009274,1041,222,348,101,99
513,0,127,JK008001,4401,276,403,102,100
513,0,127,Shamela0021715,3893,555,686,100,93
513,477,722,Shamela0021715,5393,446,700,137,67
513,0,273,JK000110,600,310,651,136,43
513,0,127,Shamela0021659,1459,1337,1463,101,99
513,0,127,Sham19Y0013252,4205,1207,1338,100,93
513,0,127,JK009270,4389,1241,1420,102,70
513,856,1107,JK000166,4473,652,896,184,91
513,229,374,JK000166,4474,20,246,94,47
513,0,127,Sham19Y0018176,943,1132,1263,100,93
513,0,127,Sham19Y0016584,1891,823,954,100,93
514,242,433,Sham19Y0017878,592,85,486,132,41
514,755,891,Shamela0008353,751,1394,1553,95,72
514,226,346,Shamela0000432,4466,276,408,90,85
514,261,433,JK000166,4478,0,391,131,42
516,622,1042,JK009141,1374,778,1095,106,26
516,612,723,JK009336,2339,868,976,80,91
516,629,723,JK009265,199,114,207,72,98
516,612,723,Sham19Y0013253,538,1061,1174,81,89
516,612,723,Shamela0036446,1141,337,445,79,90
516,622,723,Masaha003955Vols,384,1185,1283,75,95
516,512,831,JK000166,4474,425,822,233,72
516,850,1100,JK000166,4476,612,806,144,72
516,850,1100,JK000201,3969,713,904,142,70
516,1321,1459,JK000281,2336,1334,1478,100,80
517,6,527,Sham19Y0017350,1043,912,1482,394,86
517,680,785,ShamAY0035059,8,0,104,83,99
517,384,537,JK000137,2011,459,660,113,70
517,384,537,Shamela0010517,1939,924,1122,113,72
517,384,527,Sham19Y0023625,1938,26,207,107,75
517,351,527,Sham19Y0023625,2089,305,530,114,64
517,0,501,Sham19Y0149697,3357,989,1475,354,86
517,384,527,Sham19Y0014224,1131,1402,1595,107,69
517,1339,1514,JK000298,1282,1325,1491,129,90
517,0,557,JK000281,2337,59,635,425,92
518,189,508,Shamela0001687,1593,503,827,221,80
518,652,971,Masaha004844,91,1170,1504,136,40
518,221,508,Shamela0023691,1213,1084,1384,219,90
518,248,508,Sham19Y0023625,2617,651,1019,197,66
518,689,1583,JK001157,512,0,903,692,93
518,44,265,Shia003961Vols,1354,492,614,91,52
518,681,1218,JK007008,144,107,778,387,69
518,221,508,Sham19Y0013631,1750,1130,1405,199,85
519,763,904,Sham19Y0018100,570,205,351,109,94
519,763,898,JK006897,234,226,366,104,95
519,763,904,AOCP20251104103Vols,975,244,380,106,95
519,971,1384,Sham19Y0014309,1856,862,1440,267,54
519,763,898,PV2024060602,473,892,1031,103,95
519,763,898,PV2024060602,2637,477,623,104,91
519,1198,1420,JK000165,1756,1237,1466,151,76
519,763,898,Sham19Y0017616,144,7,153,104,91
519,922,1404,JK000556,216,999,1476,369,93
519,1258,1531,JK000754,1034,1254,1491,188,83
519,763,898,Shamela0012014,267,158,293,105,100
519,763,898,JK000024,25,1297,1442,103,91
519,922,1119,Shamela0005756,6638,1169,1506,140,51
519,763,898,Shamela0005756,6680,1163,1303,104,95
519,763,898,JK000154,1321,1302,1441,104,95
519,763,898,JK011153,1164,15,154,104,95
519,425,537,Shamela0026723,16,204,319,86,96
519,763,898,Sham19Y0016684,731,701,841,104,95
519,763,904,JK009237,1364,437,588,108,90
519,703,898,JK007117,987,418,645,122,69
519,763,898,Sham19Y0018103,1451,628,768,104,95
519,763,898,Sham19Y0017729,163,657,803,104,91
519,763,898,Sham19Y0018106,1424,918,1058,104,95
519,763,898,Shamela0026884,533,1190,1322,95,85
519,763,898,Shamela0010517,1048,624,785,104,83
519,763,898,Shamela0010517,1054,336,472,105,99
519,587,1039,Shamela0001438,580,330,835,176,34
519,763,898,JK009324,1125,1108,1248,104,95
519,763,904,Sham19Y0020638,476,1205,1356,108,90
519,763,898,ShamAY0032798,19,1012,1158,104,91
519,763,898,JK000484,2650,48,191,100,89
519,763,898,Shamela0001875,666,731,866,105,100
519,766,898,Shamela0037837,240,0,268,102,48
519,763,898,Shamela0021715,3127,981,1121,104,95
519,763,898,JK000110,473,892,1031,103,95
519,944,1539,Sham19Y0018272,241,17,609,390,72
519,763,898,Sham19Y0013252,3406,1199,1339,104,95
519,763,898,Shamela0025794,1453,301,447,104,91
519,763,898,Sham19Y0122406,1587,596,742,104,91
519,821,1198,JK000166,2816,253,745,211,47
519,1198,1404,JK000166,2817,336,545,155,89
519,568,1046,Sham19Y0018176,773,890,1474,149,22
519,763,898,Sham19Y0018176,778,1258,1398,104,95
519,866,1420,ShamIbadiyya0000438,333,802,1366,208,36
519,763,898,Shamela0001727,605,363,509,104,91
520,27,150,JK000556,217,89,211,99,99
520,1283,1621,ShamAY0032443,241,0,348,242,78
520,0,355,Sham19Y0018272,241,609,913,244,85
520,895,1203,Sham19Y0122406,1190,334,842,174,40
521,1409,1657,Sham19Y0122096,3823,399,600,143,70
521,299,563,ShamAY0032443,240,1224,1462,176,81
521,1416,1657,JK000298,4828,0,177,137,70
522,0,185,Sham19Y0122096,3823,600,786,144,96
522,670,1052,Sham19Y0122257,301,1280,1540,175,56
522,1200,1396,Sham19Y0147597,235,82,280,145,89
522,1200,1396,Shia003986,265,27,211,130,79
522,1200,1396,Shamela0006947,6966,7,210,146,88
522,296,1104,JK000298,4827,646,1518,593,82
522,0,284,JK000298,4828,177,457,225,98
522,1170,1396,JK000298,4941,55,216,99,56
522,1200,1396,Sham19Y0133368,96,728,932,147,87
522,1200,1396,JK000001,107,693,1023,144,54
523,1036,1151,Shia000220Vols,3840,177,324,79,67
523,998,1151,Shamela0012579,2695,874,1018,103,87
523,998,1578,Shia001149Vols,1086,108,768,339,58
523,939,1301,JK000467,2388,1173,1460,165,51
523,1301,1570,JK000467,2389,0,343,190,67
523,789,1170,Shamela0008494,309,1060,1404,185,50
523,998,1578,Shia001432Vols,22612,128,789,338,58
523,998,1578,Shia001432Vols,24248,273,934,340,58
523,770,1334,Shia001432Vols,24250,925,1410,220,37
523,1036,1155,Shamela0008473,4125,157,277,85,87
523,988,1416,JK009325,5,981,1441,258,61
523,1396,1578,JK009325,6,0,187,140,88
523,770,1338,Shamela0021765,2602,792,1452,431,80
523,1338,1578,Shamela0021765,2603,14,274,179,83
523,789,1473,Shamela0009773,2135,113,701,328,52
523,988,1146,JK006478,375,838,986,112,90
523,770,994,Shamela0023644,1342,132,264,93,52
523,815,1578,ShamAY0033584,14,0,865,516,67
523,770,1578,Shia001153,15,711,1465,402,52
523,770,1097,Zaydiyya0000352,183,1152,1489,222,71
523,1097,1578,Zaydiyya0000352,184,0,518,310,66
523,770,1155,JK001493,281,1292,1460,79,23
523,770,1578,JK000916,21692,293,1231,626,83
523,770,1458,JK000916,21693,548,1405,461,63
523,27,429,JK009298,356,894,1266,246,68
523,988,1578,JK000022,1016,697,1397,396,65
523,998,1151,Sham19Y0017817,604,1080,1227,105,89
523,770,1578,JK006801,751,404,1332,514,61
523,873,1578,JK009154,121,12,779,452,64
523,777,1578,ShamAY0033551,21,0,910,563,71
523,770,1575,ShamAY0033926,274,232,993,450,59
523,770,1578,Sham19Y0127677,712,355,1188,636,95
523,1155,1367,Sham19Y0017878,391,1091,1279,142,83
523,770,1578,Shamela0009107BK5,15,438,1321,531,67
523,773,1331,Shamela0010488,152,762,1436,392,68
523,1338,1578,Shamela0010488,153,34,355,171,65
523,770,1578,Shamela0010614,206,603,1320,400,54
523,998,1146,LAL2016110801,8,293,443,111,91
523,998,1146,JK009268,156,59,201,111,95
523,994,1367,Shia003636Vols,851,411,821,217,63
523,770,1103,Shamela0026884,193,1119,1444,238,87
523,1103,1578,Shamela0026884,194,0,575,323,65
523,812,1578,Shamela0026884,195,0,895,536,69
523,770,1547,Shamela0026884,633,635,1472,505,68
523,773,1416,ShamAY0032834,12,689,1422,447,70
523,763,1578,JK009390,856,567,1411,638,94
523,770,1182,ShamAY0033705,23,1009,1440,313,87
523,1182,1578,ShamAY0033705,24,0,485,286,72
523,794,1367,Shamela0021635,153,574,1192,273,46
523,998,1578,Shia001385,18,721,1370,337,59
523,770,1578,Shamela0001438,1624,524,1350,629,94
523,1151,1578,JK011658,110,452,854,220,51
523,998,1578,Shia001134,264,492,1153,338,58
523,988,1578,Shamela0021536,389,57,753,392,64
523,998,1575,PV2024060601,4814,814,1466,339,58
523,789,1496,Shamela0006656,23,911,1503,376,58
523,998,1146,Zaydiyya0000015,844,1432,1570,108,93
523,770,1565,Shamela0013041,963,532,1475,597,77
523,341,734,Shamela0000432,4591,838,1205,135,30
523,27,306,Shamela0000432,6130,301,578,193,82
523,789,1151,JK000933,14,303,619,247,83
523,998,1151,Shamela0022593,921,709,856,106,90
523,858,1578,Shamela0026510,29,0,808,491,69
523,770,1578,Shamela0003118,6234,309,1248,626,83
523,770,1578,Shamela0003118,7294,324,1113,536,75
523,998,1146,Tafsir04040,154,824,962,108,93
523,770,985,JK000486,152,1244,1458,165,91
523,985,1578,JK000486,153,0,641,395,74
523,1202,1575,Shia001148,171,26,505,226,53
523,770,1578,JK000471,1078,166,1086,596,79
523,770,1464,Zaydiyya0000229,173,753,1480,444,66
523,773,1578,ShamAY0033606,67,9,829,425,51
523,988,1151,JK006919,910,670,822,105,84
523,770,1575,JK000483,280,247,1010,451,59
523,27,269,ShamIbadiyya0000459,38,1234,1474,184,91
523,1036,1155,Sham19Y0023608,3382,88,215,89,91
523,1021,1155,Tafsir09084,2109,766,919,95,80
523,770,1578,Shamela0009107BK2,34,326,1077,500,69
523,27,269,JK000001,68,587,832,187,91
523,770,1263,Shamela0026542,53,1005,1474,306,69
523,1270,1578,Shamela0026542,54,34,387,205,68
524,617,1011,JK007070,669,1127,1527,303,93
524,1011,1605,JK007070,670,0,489,370,75
524,1385,1605,Zaydiyya0000035,19,553,786,167,88
524,636,1433,Zaydiyya0000035,203,216,883,349,46
524,1385,1605,JK009141,975,1065,1282,148,75
524,1385,1605,Sham19Y0014309,936,1238,1480,171,88
524,1385,1605,PV2024060602,6010,931,1170,164,83
524,672,1605,JK000080,801,0,954,729,93
524,631,1004,JK000467,96,508,914,292,88
524,617,1256,JK000467,1892,121,360,135,24
524,617,957,JK000467,2229,1051,1458,242,70
524,617,1071,JK000467,2553,327,861,336,77
524,1155,1605,JK009336,827,34,487,282,71
524,1155,1433,JK000475,1672,131,434,146,54
524,1137,1605,JK010191,2,857,1357,244,58
524,613,1605,JK000474,3636,142,938,346,33
524,1385,1558,JK000140,225,1206,1389,135,93
524,631,1076,Shamela0008473,4962,204,721,351,83
524,631,1071,JK000746,227,821,1362,341,77
524,1155,1345,JK000130,916,1226,1418,120,66
524,636,1019,Shamela0021765,1475,1085,1488,298,90
524,1155,1360,Shamela0021765,2683,1278,1478,130,69
524,1250,1605,Sham19Y0038171,1072,0,278,157,53
524,1155,1454,JK006478,787,1204,1486,172,68
524,1155,1433,JK000365,269,27,344,152,53
524,631,1071,Zaydiyya0000352,260,20,426,280,72
524,1385,1558,JK011730,1584,1275,1515,112,55
524,631,932,Shamela0008203,91,1156,1486,234,86
524,932,1071,Shamela0008203,92,0,192,111,71
524,636,1071,JK000022,3027,786,1312,244,54
524,1137,1605,ShamAY0035035,4392,827,1210,211,51
524,636,1433,Shia002264,768,508,1030,284,42
524,1155,1429,Zaydiyya0000046,82,370,648,166,74
524,623,927,Shamela0023100,605,1072,1400,234,88
524,932,1071,Shamela0023100,606,0,202,113,68
524,1155,1345,ShamAY0033926,155,113,300,141,88
524,1433,1605,Sham19Y0127677,367,825,1004,127,85
524,664,1071,Sham19Y0127677,2679,695,1193,301,70
524,1220,1433,Sham19Y0127677,5060,13,213,105,58
524,636,1071,Shamela0010488,391,653,1005,209,50
524,1159,1345,Shamela0021494,339,1003,1180,104,60
524,631,1071,Shamela0009567,479,23,542,344,81
524,722,927,Zaydiyya0000093,25,376,593,160,90
524,617,1091,Zaydiyya0000037Vols,2664,490,896,282,71
524,617,1071,Shamela0029728,8,190,708,268,58
524,626,1063,Shamela0026884,632,818,1340,249,54
524,1385,1605,Shamela0010517,893,19,268,163,79
524,1385,1605,Shamela0010517,1793,844,1080,163,83
524,1155,1325,Sham19Y0001729,650,1313,1479,131,95
524,667,1071,Sham19Y0001729,1593,0,424,308,88
524,1345,1605,JK009137,3004,78,389,165,62
524,640,854,JK009390,2996,1207,1420,139,71
524,854,1071,JK009390,2997,0,323,170,65
524,1155,1345,JK009390,3281,1052,1235,127,75
524,1151,1593,JK009390,7527,274,835,209,44
524,631,1433,Shamela0006610,1156,97,830,468,62
524,617,932,JK001412,260,996,1306,226,88
524,636,1091,JK001412,549,179,566,299,79
524,1433,1605,Shamela0001438,812,168,343,124,83
524,664,1081,Shamela0001438,4518,390,894,305,70
524,1155,1433,Shamela0001438,7301,667,965,138,57
524,1188,1433,Shamela0004445,7020,868,1163,118,46
524,1360,1605,Shamela0021536,329,380,618,174,86
524,640,932,Kraken220413202218,319,97,393,218,90
524,631,1007,Sham19Y0148271,299,1093,1482,295,92
524,1159,1345,JK000484,5313,994,1164,104,65
524,664,1071,JK008001,2106,940,1439,301,70
524,1433,1605,JK008001,2107,696,883,127,81
524,631,820,JK000637,1716,1340,1536,149,92
524,820,1099,JK000637,1717,0,200,156,68
524,1385,1605,Zaydiyya0000015,2386,805,1044,161,82
524,631,1071,JK000021,2651,59,601,344,78
524,1368,1605,Shamela0021715,9822,248,508,170,81
524,1155,1397,JK000707,352,1091,1293,156,80
524,1159,1558,Sham19Y0035453,149,652,1009,203,55
524,631,1071,JK001213,77,732,1192,285,74
524,1385,1605,AOCP20240501183,235,438,666,167,90
524,1360,1605,Shamela0001417,368,346,596,174,80
524,1155,1345,Shamela0012862,375,722,913,100,57
524,617,1011,Shamela0004473,13514,1153,1565,293,86
524,623,957,JK000486,249,1095,1441,251,88
524,704,1397,JK009226,949,17,216,147,26
524,631,1071,Shamela0025794,2610,4,521,344,82
524,631,859,Zaydiyya0000142,2841,1130,1380,177,85
524,636,1605,Zaydiyya0000142,2874,756,1385,294,31
524,640,1127,JK000201,3032,733,933,142,35
524,640,1071,Zaydiyya0000229,247,0,386,277,73
524,617,1091,Zaydiyya0000388,33,829,1239,290,72
524,617,1063,Sham19Y0017533,54,136,598,239,61
524,1188,1345,Sham19Y0017533,124,821,952,89,69
524,1155,1605,Shia001553,232,737,1184,270,67
524,640,1004,JK006838,1584,360,839,275,70
524,1155,1345,JK000483,159,218,405,141,88
524,1155,1554,JK007043,548,569,1066,203,48
524,1385,1605,Shamela0000782,229,975,1214,164,83
524,631,1063,Zaydiyya0000328,122,784,1183,276,71
524,617,1071,JK000685,149,184,702,335,77
524,714,927,JK000967,414,0,219,165,90
524,1155,1345,ShamAY0033910,909,37,229,120,66
524,1155,1433,Shamela0012981,1521,407,693,146,59
525,0,445,JK007070,670,489,942,356,98
525,63,241,Sham19Y0014309,937,811,1000,126,84
525,89,445,PV2024060602,6542,868,1231,274,93
525,89,320,PV2024060602,7997,856,1476,155,29
525,224,418,JK001310,7,1227,1426,150,94
525,0,559,JK000080,801,954,1494,380,81
525,89,418,JK000467,95,718,1065,212,67
525,177,562,JK009336,827,0,300,205,67
525,241,412,Shamela0036427,210,1371,1563,103,62
525,89,418,JK000475,1671,1069,1308,169,61
525,96,418,JK000475,1672,0,323,234,84
525,118,418,JK010191,2,472,695,178,73
525,89,418,JK000474,3631,840,1110,182,69
525,108,418,JK000474,3632,0,278,206,81
525,89,399,JK000474,3635,1165,1457,170,61
525,220,418,JK000474,3639,713,928,125,64
525,89,422,JK000140,757,1129,1469,265,97
525,89,418,JK000130,916,702,1418,213,34
525,6,418,Sham19Y0038171,1071,773,1147,185,52
525,89,422,Sham19Y0146127,2849,177,852,178,30
525,89,418,JK000786,3364,89,352,176,67
525,92,193,JK000365,268,1365,1476,79,88
525,193,445,JK000365,269,0,272,173,71
525,89,418,Shamela0000736,494,662,995,243,86
525,89,435,JK000022,2621,746,1088,234,78
525,6,418,ShamAY0035035,4392,165,540,183,51
525,89,606,JK007049,112,508,933,223,53
525,241,430,Zaydiyya0000046,80,588,788,113,66
525,39,430,JK009273,39,665,999,204,61
525,89,418,Shamela0006753,13,164,500,262,97
525,204,440,Sham19Y0127677,329,539,765,176,93
525,220,418,Sham19Y0127677,838,541,737,129,69
525,104,559,Sham19Y0127677,4661,561,940,196,48
525,6,559,JK009313,4333,559,986,259,58
525,89,445,Sham19Y0017729,228,864,1224,270,93
525,515,836,Sham19Y0017747,2411,185,514,182,55
525,89,418,Shamela0021494,339,866,1180,164,54
525,89,418,JK000585,479,831,1130,186,66
525,204,440,Shamela0036446,711,319,562,173,84
525,89,412,Sham19Y0001729,170,282,600,230,86
525,0,412,Sham19Y0001729,172,50,641,217,40
525,89,412,Sham19Y0001729,173,471,750,181,67
525,204,440,JK009390,331,158,390,177,94
525,220,418,JK009390,934,529,728,133,76
525,204,418,JK009390,6728,1240,1469,139,69
525,89,418,Shamela0021477,164,1002,1335,243,86
525,204,440,Shamela0001438,724,460,705,184,93
525,220,418,Shamela0001438,1798,404,603,133,76
525,63,435,Shamela0008353,643,670,978,198,66
525,92,418,Shamela0095735,50,616,853,180,69
525,118,430,Shamela0029677,1672,958,1251,138,46
525,190,601,Sham19Y0148271,1804,6,410,182,41
525,0,418,JK000481,498,879,1282,202,52
525,104,418,JK008001,2017,314,600,169,60
525,204,440,JK008001,2105,1170,1396,176,93
525,0,418,JK008001,2108,553,1044,183,34
525,89,601,Sham19Y0023644,2609,106,520,195,44
525,89,326,Sham19Y0017903,485,662,909,189,95
525,127,422,Shamela0006947,2593,443,721,187,68
525,89,418,JK000707,353,253,575,235,86
525,891,1510,JK000298,2287,780,1413,480,93
525,652,836,JK000298,2288,350,534,127,76
525,616,836,Shamela0004473,2944,869,1053,146,79
525,89,418,JK000486,90,214,485,183,70
525,89,422,JK009226,887,927,1210,182,67
525,131,422,JK009226,969,0,242,153,63
525,89,418,Shamela0025794,3416,713,1009,181,62
525,127,418,Zaydiyya0000142,2874,955,1185,166,67
525,616,836,JK000166,8694,693,876,145,79
525,89,422,Shamela0021809,2279,970,1272,184,62
525,89,445,Shia001553,220,607,969,269,92
525,92,562,Shia001553,232,622,999,259,69
525,89,430,Shamela0003722,3143,941,1246,192,67
525,89,418,JK007043,548,68,342,179,68
525,89,445,Shamela0000782,776,139,502,274,93
525,89,418,JK000630,141,851,1040,131,50
525,89,418,JK000725,335,882,1181,209,74
525,89,418,ShamAY0033910,908,983,1227,176,67
525,183,422,ShamAY0033910,909,0,233,166,81
526,879,1636,Sham19Y0014309,1113,15,572,427,68
526,757,1152,Shamela0001391,20,1142,1547,276,75
526,1152,1495,Shamela0001391,21,430,764,266,96
526,1495,1636,Shamela0001391,22,488,630,114,98
526,353,1636,Shamela0023685,916,517,1554,683,59
526,353,1460,Sham19Y0017747,2411,756,1526,489,48
526,1460,1636,Sham19Y0017747,2412,0,137,105,73
526,738,1204,JK000166,8695,1079,1560,369,90
526,1204,1636,JK000166,8696,0,430,346,98
526,720,1556,Zaydiyya0000059,1638,811,1530,528,72
527,1491,1605,Sham19Y0014309,1457,281,462,85,58
527,0,851,Shamela0001391,22,630,1511,626,83
527,1491,1605,JK000264,459,7,167,90,69
527,60,840,Shamela0023685,917,44,958,524,63
527,1040,1477,JK005201,203,279,471,103,29
527,1491,1605,JK000166,1017,126,286,89,68
527,0,851,JK000166,8696,430,1303,626,83
527,1249,1461,JK000281,745,175,444,151,67
527,0,851,Zaydiyya0000059,1639,81,962,590,77
528,1126,1327,AOCP20251104103Vols,295,788,1103,123,48
528,1170,1506,Shamela0009823,658,551,965,167,49
528,0,297,Sham19Y0014309,1457,462,785,176,57
528,0,184,JK000165,537,1386,1572,118,74
528,0,184,JK000264,459,167,434,140,66
528,886,1064,JK000583,650,615,813,137,86
528,881,1064,JK000583,651,171,367,132,84
528,83,297,JK000754,231,0,218,117,53
528,1130,1327,Shia001432Vols,25171,651,851,96,51
528,886,1064,JK001160,385,693,872,128,84
528,886,1064,JK001160,386,336,525,134,89
528,1130,1327,Rafed0002202Vols,362,1214,1394,124,79
528,1130,1281,ShamAY0035059,16,1345,1497,102,83
528,886,1064,Shamela0012738,31,748,923,123,81
528,909,1064,JK000179,502,731,892,120,90
528,1170,1338,Sham19Y0123663,30,19,167,113,84
528,997,1327,JK007084,35,1184,1500,151,56
528,909,1073,JK001091,10,121,261,107,82
528,1170,1327,JK009236,182,1031,1198,123,92
528,0,194,Sham19Y0014601,1018,756,966,124,70
528,1130,1331,Shia001615Vols,3616,1217,1423,102,55
528,0,297,JK000166,1017,286,623,187,61
528,1130,1327,Shia001217Vols,215,77,276,96,51
528,1126,1327,Shia004021,188,568,773,105,56
528,1170,1331,Shia000401Vols,446,355,520,85,52
528,1144,1327,JK009333,19,558,702,102,72
528,300,566,JK000281,745,450,819,150,45
528,874,1085,JK000281,750,730,950,148,83
528,1121,1327,JK007011,302,164,333,103,61
529,141,582,JK000080,613,829,1075,160,41
529,141,455,JK000467,575,906,1074,116,44
529,966,1156,JK000754,763,769,1017,112,53
529,219,433,Shamela0026324,5158,77,338,90,34
529,966,1218,Sham19Y0122257,1321,1250,1580,140,50
529,1296,1519,Sham19Y0122257,1322,203,412,125,68
529,1280,1423,ShamAY0035035,3161,808,943,107,91
529,141,337,Sham19Y0014592,641,610,745,103,65
529,219,455,JK005021,111,195,380,122,63
529,141,320,JK007054,128,1286,1420,95,60
529,1007,1151,Sham19Y0018569,412,461,640,93,64
529,966,1151,Shamela0021715,9477,895,1144,110,52
529,713,1519,Sham19Y0017791,716,526,1131,144,17
529,713,1423,JK000298,377,470,1215,567,93
529,320,703,JK000298,378,901,1450,254,54
529,1007,1156,Shamela0007562,238,14,202,95,62
529,137,455,JK000001,603,432,730,171,59
530,1072,1619,JK009141,1086,1038,1281,114,23
530,1317,1615,Sham19Y0131521,2014,1096,1473,164,47
530,1053,1619,Shamela0000894,8037,626,808,124,27
530,1053,1601,Sham19Y0014309,993,1299,1463,98,22
530,1053,1619,PV2024060602,3559,407,698,133,25
530,1321,1485,Shamela0005756,14057,191,358,125,92
530,1053,1619,Sham19Y0132524,2858,112,349,140,28
530,1067,1619,JK000137,2378,0,136,99,22
530,1317,1485,Shamela0012399,1016,638,849,133,76
530,1341,1619,JK009324,3488,708,1040,176,63
530,891,1619,Sham19Y0020638,1254,737,1097,129,18
530,1097,1622,ShamIbadiyya0000433,734,814,1311,96,13
530,1317,1485,Sham19Y0014601,2424,791,959,133,95
530,1496,1622,Shamela0021715,9478,1357,1484,101,99
530,1079,1619,Sham19Y0013252,9167,414,953,218,37
530,1317,1622,JK000166,8648,1147,1452,241,97
530,1062,1619,Sham19Y0013572,992,0,152,105,23
530,1317,1588,ShamIbadiyya0000438,585,1372,1587,158,71
530,232,948,JK009333,19,836,1529,506,84
530,1053,1619,Shamela0001727,1527,293,584,133,25
531,113,951,Sham19Y0014309,994,414,836,308,45
531,113,671,Shamela0012399,1016,849,1286,195,35
531,730,880,Sham19Y0014601,2424,1351,1502,117,96
531,579,713,Sham19Y0014601,2425,89,234,92,82
531,28,951,Sham19Y0018272,2283,340,908,386,52
531,28,1401,JK000166,8649,0,1592,1018,75
531,0,1425,ShamIbadiyya0000438,586,37,1505,898,64
532,334,1088,Shia002394Vols,350,567,1443,530,69
532,469,739,Shamela0021766,286,502,875,145,47
532,1109,1352,Shia001432Vols,284,1409,1656,186,88
532,1164,1358,Shia001432Vols,2331,0,241,146,71
532,308,1358,Shia001432Vols,7099,755,1572,474,51
532,314,580,JK000906,885,765,1509,169,26
532,334,1358,Rafed0001713Vols,244,41,1516,663,50
532,444,772,Meshkat00042485,1445,0,340,258,93
532,772,1358,Meshkat00042485,1447,725,1344,400,71
532,308,893,Tafsir01006,172,821,1601,440,68
532,893,1358,Tafsir01006,173,36,510,318,72
532,806,1358,JK000458,329,243,1188,330,40
532,91,391,JK001480,112,547,775,153,59
533,88,775,JK000080,936,587,1278,554,96
533,108,574,JK000080,1007,1117,1568,204,40
533,847,1462,Sham19Y0122096,750,1247,1507,196,38
533,85,775,Shamela0021765,1873,369,1380,491,58
533,1201,1378,Sham19Y0038171,1594,666,1220,139,30
533,1488,1680,Sham19Y0038171,1595,19,210,148,94
533,1105,1462,Shia002185Vols,2085,419,622,155,51
533,1215,1378,ShamAY0035035,6207,1064,1593,128,29
533,1327,1680,ShamAY0035035,6208,198,677,243,59
533,55,494,Sham19Y0014592,2762,346,636,190,49
533,1467,1680,Shamela0008241,2,737,946,160,91
533,125,732,ShamAY0035960,598,120,611,285,48
533,108,732,Sham19Y0035453,211,738,1212,297,51
533,1467,1680,Shamela0012531,260,418,630,160,92
533,862,1680,Hindawi081316951,477,816,1175,263,38
533,494,775,JK000201,2742,874,1157,229,96
533,85,775,JK009245,347,754,1412,504,84
533,189,767,JK009245,667,12,479,227,38
533,841,1378,JK000001,1707,810,1619,373,52
533,1378,1753,JK000001,1708,10,488,220,48
534,353,965,Sham19Y0131521,6416,282,923,318,50
534,1231,1557,PV2024060602,6131,349,939,193,41
534,1231,1557,JK000080,1217,9,361,250,89
534,1144,1454,JK009336,3143,101,472,184,59
534,1231,1557,JK000140,346,617,1207,193,41
534,88,827,ShamAY0035035,6209,6,939,524,65
534,1394,1557,Shamela0000782,354,51,356,122,50
534,360,610,JK001197,191,1299,1512,138,61
534,1045,1341,Sham19Y0016934,1148,497,758,127,43
534,124,327,Shamela0009851,6069,766,950,100,55
534,0,820,JK000001,1708,488,1348,588,77
535,208,927,ShamAY0034230,342,160,830,493,82
535,1163,1416,Sham19Y0038171,1172,1236,1497,134,48
535,1125,1331,ShamAY0035035,4705,1312,1513,149,84
535,1282,1516,JK000001,1123,0,244,123,62
536,1252,1430,Tafsir09083,992,1292,1603,71,24
536,560,815,AOCP20251104106,403,1288,1539,153,67
536,196,374,Sham19Y0014555,907,0,198,143,89
536,560,916,JK009313,5211,751,1288,248,55
536,1059,1208,Shamela0023645,222,293,454,119,92
536,436,944,Shamela0023645,223,12,423,309,74
536,1004,1274,Shamela0009918,1268,536,897,167,55
537,0,557,Shamela0007597,275,73,594,378,82
537,322,494,Shamela0012034,304,383,568,137,92
537,0,521,Masaha004105Vols,213,169,622,324,73
537,810,1151,Shamela0001391,250,1142,1495,257,92
537,1362,1463,Shamela0001391,251,51,157,78,92
537,0,322,Shamela0012027,18,388,673,213,83
537,327,539,Shamela0012027,114,1260,1508,169,84
537,0,557,Shia004509,60,832,1410,396,81
537,309,483,Shia004509,134,1362,1554,133,83
537,0,464,AOCP20251104106,405,1096,1545,328,84
537,464,1463,AOCP20251104106,406,0,1076,753,87
537,47,343,Shia001432Vols,5446,0,231,166,70
537,1049,1356,Shia001432Vols,5446,240,568,234,89
537,619,806,Shamela0021479,82,346,524,124,83
537,1199,1356,Shamela0021479,85,835,1063,125,67
537,577,1463,JK000381,158,0,827,623,87
537,0,546,JK000381,159,73,572,375,84
537,91,521,ShamAY0038409,126,0,364,266,73
537,557,762,JK000499,56,1323,1498,122,70
537,619,801,ShamAY0034580,13,681,855,128,88
537,22,546,Shamela0011079,102,1051,1463,271,64
537,0,557,Shamela0026731,120,307,812,374,81
537,561,1463,JK000376,62,305,1224,689,93
537,0,546,JK000376,63,519,1048,398,88
537,1204,1367,Shamela0036515,490,394,623,118,61
537,87,561,JK001226,245,0,460,342,86
537,0,317,Shamela0007663,113,1202,1472,197,75
537,317,546,Shamela0007663,114,0,268,182,84
537,810,1187,ShamAY0035035,1456,1060,1451,278,90
537,1356,1463,ShamAY0035035,1457,4,116,79,89
537,327,546,Shia004520,9,801,1039,162,83
537,1058,1367,Sham19Y0132974,42,630,878,125,40
537,767,1356,Shamela0031215,113,516,1094,359,67
537,44,561,Shamela0031215,141,5,493,315,73
537,5,815,JK009313,5212,321,1544,505,46
537,822,1463,JK009313,5213,16,1017,459,55
537,0,1187,JK009313,5651,363,1515,778,74
537,1356,1463,JK009313,5652,4,120,76,84
537,0,322,Shamela0023685,864,794,1065,209,81
537,313,472,Shamela0023685,1394,174,374,101,56
537,322,566,Sham19Y0017747,1065,888,1162,186,83
537,810,959,Shamela0009801,148,140,299,106,82
537,30,406,JK001303,834,0,299,183,57
537,592,789,JK000585,224,186,633,151,43
537,19,546,Shamela0009943,399,187,594,289,66
537,0,195,ShamAY0033627,25,1300,1495,133,78
537,195,894,ShamAY0033627,26,0,447,318,54
537,64,1463,Shamela0023645,225,0,1387,1037,90
537,691,1187,ShamAY0038406,14,751,1287,298,67
537,0,561,ShamAY0038406,15,542,1064,383,82
537,0,546,JK001011,79,42,561,379,85
537,0,200,Sham19Y0014579,848,1221,1426,147,86
537,313,472,ShamAY0038413,70,456,676,121,69
537,64,510,JK000383BK1,17,0,329,249,69
537,142,322,Shamela0026568,802,0,150,117,80
537,327,455,Shamela0026764,12,1455,1593,100,90
537,0,402,Shamela0026764,46,66,529,195,45
537,1199,1356,Rafed0002654Vols,4493,831,1060,124,66
537,1058,1367,Rafed0002654Vols,10193,1138,1386,125,40
537,1049,1253,Rafed0002654Vols,10194,695,1290,95,18
537,1049,1199,Rafed0002654Vols,10195,350,512,115,90
537,1054,1356,Rafed0002654Vols,10231,349,636,176,61
537,1204,1323,Rafed0002654Vols,10260,181,351,90,66
537,1054,1356,Rafed0002654Vols,12927,43,336,160,53
537,22,406,Shamela0001483,111,0,491,224,57
537,0,551,Shamela0001524,3583,582,1290,397,70
537,19,546,Shamela0000432,4476,614,1283,382,70
537,0,279,Masaha003955Vols,183,1272,1526,190,85
537,279,472,Masaha003955Vols,184,0,241,153,79
537,686,1463,Masaha003955Vols,383,368,953,355,51
537,758,947,Shamela0009804,57,1230,1379,112,74
537,327,506,JK000116,252,562,740,142,97
537,0,566,Shamela0023695,1203,753,1344,417,85
537,0,557,JK000367,326,175,734,396,84
537,0,566,JK001472,69,809,1391,366,69
537,0,322,JK000098,461,321,581,186,69
537,322,561,Rafed0000040Vols,1047,258,479,129,67
537,327,546,Rafed0000040Vols,1069,618,831,157,89
537,0,237,Shamela0009918,1278,1087,1518,168,47
537,214,494,Shamela0009918,1279,39,791,204,33
537,592,987,Shamela0009918,1280,213,1401,300,32
537,987,1392,Shamela0009918,1281,165,1291,315,35
537,27,406,JK011712,214,340,659,202,64
537,0,506,Shamela0004473,5603,216,689,356,87
537,0,551,Zaydiyya0000142,1552,320,872,401,87
537,0,506,Shamela0005539,313,461,964,371,88
537,0,557,Shamela0031372,98,199,734,394,85
537,1199,1339,Shia004092Vols,4859,1304,1492,109,71
537,1058,1367,Shia004092Vols,10372,1072,1320,125,40
537,1049,1253,Shia004092Vols,10373,629,1226,95,18
537,1049,1199,Shia004092Vols,10374,294,456,115,90
537,1054,1356,Shia004092Vols,10410,228,515,176,61
537,1054,1295,Shia004092Vols,12851,1305,1475,117,60
538,0,426,Shamela0001391,251,157,533,258,75
538,20,483,AOCP20251104106,406,1094,1510,281,74
538,483,872,AOCP20251104106,407,0,340,230,67
538,0,426,JK000381,158,827,1182,258,75
538,265,426,JK000376,63,0,159,125,95
538,0,426,ShamAY0035035,1457,116,513,273,79
538,0,426,JK009313,5213,1017,1456,254,65
538,431,872,JK009313,5214,42,540,238,49
538,0,767,JK009313,5652,120,719,339,51
538,0,483,Shamela0023685,906,593,997,262,65
538,141,872,Shamela0023645,226,9,765,557,91
538,1117,1435,JK007006,1481,828,1070,183,69
538,20,483,Masaha003955Vols,383,888,1313,250,60
538,1117,1435,Sham19Y0018272,1882,964,1213,191,72
538,1117,1362,JK000298,4358,1094,1455,140,47
538,10,544,Shamela0009918,1282,236,1522,342,32
538,710,875,Shamela0009918,1283,602,979,124,41
539,764,937,Sham19Y0038171,156,634,864,123,66
539,745,925,JK005021,11,804,971,128,86
539,402,601,JK000298,2379,1313,1515,156,93
539,1462,1660,JK009408,880,991,1172,139,89
539,745,925,JK000001,93,618,787,131,88
540,1352,1558,AOCP20250214676,51,686,890,162,94
540,1352,1577,JK009321,368,783,1007,180,96
540,1352,1577,Kraken220208041038,26,1245,1475,176,91
540,943,1128,JK000583,161,1238,1372,75,49
540,1352,1577,ShamAY0035035,5996,365,585,178,95
540,134,335,JK011658,48,212,407,137,83
540,157,335,Sham19Y0000760,1216,676,861,125,82
541,917,1121,JK009141,1069,292,686,114,35
541,1188,1508,Sham19Y0131521,6260,832,1213,217,71
541,1188,1500,JK000142,1100,787,1163,214,71
541,1188,1500,PV2024060602,5697,670,1046,214,71
541,917,1427,JK000080,555,625,1177,199,38
541,1026,1264,JK000467,573,436,781,120,36
541,1026,1130,JK007044,2631,953,1055,81,98
541,1208,1500,Shamela0012014,206,411,927,203,49
541,1026,1500,JK000735,94,110,457,166,39
541,1205,1449,JK000179,737,870,1128,171,84
541,979,1500,Shamela0026884,416,5,596,154,23
541,1026,1312,Sham19Y0023625,2264,407,634,122,54
541,1026,1144,JK000021,274,781,898,93,97
541,1205,1500,Sham19Y0020944,1125,779,1154,208,70
541,1192,1564,JK000071,180,76,640,223,50
541,960,1139,Shamela0004473,5992,631,889,122,59
541,911,1264,JK001236,16,607,1105,169,40
541,1245,1500,JK000105,555,298,550,152,62
542,3,168,Shamela0001391,152,645,853,124,75
542,0,146,JK007044,2631,1318,1467,80,64
542,13,168,Shamela0012014,206,593,744,102,78
542,23,158,JK000123,1498,1427,1601,94,69
542,3,158,ShamIbadiyya0000050,4885,1059,1183,87,68
542,0,168,JK007107,262,402,579,112,74
542,950,1618,JK009298,242,349,1034,527,93
542,40,226,Shia002264,708,1077,1222,108,73
542,3,158,Zaydiyya0000067,224,958,1126,103,71
542,3,168,JK000271,105,703,872,109,73
542,0,185,JK009313,5675,126,315,120,80
542,20,158,Sham19Y0013783,542,279,407,88,76
542,13,158,JK000179,737,1197,1335,95,80
542,40,158,Shia002261Vols,388,1328,1434,78,80
542,0,158,JK007074,392,1120,1304,112,78
542,40,158,JK009390,1998,1124,1230,78,80
542,0,158,Sham19Y0023625,2265,314,473,108,79
542,40,158,JK009274,838,472,578,78,80
542,40,158,Shamela0021659,1182,802,908,78,80
542,0,158,JK001249,268,227,387,108,79
542,40,158,JK000071,180,258,377,92,99
542,0,158,JK000201,4228,1104,1261,108,79
542,13,168,JK000913,1959,294,445,102,78
542,0,158,Tafsir09084,1968,295,452,108,79
543,1425,1655,Shamela0001391,19,90,313,129,63
543,0,399,JK009298,242,1034,1439,297,86
543,1414,1584,Shamela0023685,916,143,354,130,73
543,1418,1657,Shamela0023645,236,1347,1560,134,67
543,565,1279,JK009333,20,42,816,512,76
544,912,1638,Sham19Y0123663,23,487,1366,509,65
545,1280,1501,ShamAY0035035,6048,965,1256,177,73
545,0,167,Sham19Y0123663,23,1366,1538,133,97
545,1280,1501,JK000001,1641,1237,1459,178,98
546,287,428,JK007044,5210,480,617,108,96
546,1052,1199,JK007044,5210,622,762,103,84
546,1255,1493,JK005021,339,158,291,98,52
546,1255,1490,JK000943,2,1211,1373,115,62
546,287,428,Sham19Y0023625,2469,161,298,108,96
546,1255,1493,JK000001,1687,0,152,113,60
546,1052,1176,JK000001,1690,991,1119,97,93
547,1370,1546,JK000080,265,903,1098,131,85
547,1370,1546,JK000080,994,174,365,134,89
547,288,690,JK000080,997,892,1281,275,78
547,1390,1546,ShamIbadiyya0000193,3179,941,1090,104,80
547,1374,1546,JK000871,2274,855,1061,127,77
547,0,271,JK007044,5231,351,606,189,85
547,1374,1546,JK000474,3917,529,705,118,80
547,1374,1546,Shamela0008473,3747,990,1163,126,89
547,1296,1546,JK000906,8397,778,1001,142,67
547,1374,1546,JK000746,146,688,865,123,83
547,0,509,Sham19Y0038171,1573,95,646,276,55
547,1374,1546,Sham19Y0016636,230,810,984,131,92
547,288,407,JK007045,714,882,1033,91,76
547,1374,1546,Shamela0023578,2453,56,233,113,73
547,0,518,ShamAY0035035,6155,16,579,283,56
547,1296,1546,Shamela0012884,4015,116,347,142,67
547,0,264,JK005021,339,291,542,188,89
547,1374,1546,Kraken220413202218,508,517,674,110,81
547,1374,1546,Sham19Y0148271,1877,726,898,126,89
547,1374,1546,JK000486,29,338,511,126,89
547,1424,1546,Shamela0025794,4217,0,122,94,95
547,1374,1546,Tafsir02100,138,785,945,117,85
547,288,407,Sham19Y0145212,2943,9,141,91,87
547,292,690,JK009245,62,458,774,212,61
547,1374,1546,Sham19Y0023608,3100,1033,1205,121,86
547,1390,1546,Tafsir09050,3250,322,488,117,88
547,1144,1353,JK000001,1685,993,1305,107,35
547,0,264,JK000001,1687,152,404,194,92
547,1374,1546,JK000435,292,932,1140,131,79
548,517,684,JK007070,560,7,124,93,69
548,0,191,JK009141,334,1273,1439,131,84
548,191,684,JK009141,335,0,432,317,77
548,305,722,Tafsir09068,1265,786,1144,272,79
548,0,124,JK009152,11,1363,1486,99,99
548,124,684,JK009152,12,0,491,331,67
548,0,703,Shamela0009823,265,297,930,456,77
548,0,485,PV2024060602,4508,1041,1429,277,67
548,0,684,PV2024060602,6653,531,1135,439,77
548,0,1163,JK000080,994,365,1490,871,92
548,1163,1516,JK000080,995,0,352,252,85
548,0,722,Shamela0021766,3052,585,1207,461,77
548,6,563,Shamela0021766,3449,1092,1605,382,84
548,0,722,ShamIbadiyya0000193,3179,1090,1369,205,35
548,0,563,JK000467,1113,172,859,312,54
548,0,590,Shamela0009810,1489,240,755,340,66
548,0,703,JK009336,2665,46,739,491,80
548,0,456,JK000871,2274,1061,1483,303,77
548,0,684,JK000475,2535,26,595,430,76
548,0,703,Shamela0012014,320,942,1553,447,73
548,0,283,Shia001432Vols,27106,244,544,167,63
548,0,684,JK000474,3917,705,1252,361,60
548,0,684,JK000474,3926,707,1404,284,39
548,0,684,JK000474,3927,191,834,335,54
548,0,684,JK000140,868,787,1391,439,77
548,0,666,ShamIbadiyya0000050,4773,260,771,367,65
548,0,402,Shamela0008473,3747,1163,1507,266,81
548,402,780,Shamela0008473,3748,0,335,212,64
548,509,684,JK000381,1954,727,843,92,65
548,421,684,JK000381,3431,133,337,129,57
548,0,283,JK000381,6926,1303,1548,192,84
548,283,689,JK000381,6927,15,358,234,67
548,0,684,Shamela0030725,10,207,807,420,71
548,6,309,JK000906,8397,1006,1260,181,71
548,0,670,JK000746,146,865,1447,400,70
548,0,485,JK000085,182,224,478,150,37
548,0,670,JK006950,1229,932,1542,413,69
548,463,684,Shia001544Vols,872,136,322,124,64
548,0,463,JK000094,1391,1070,1460,299,77
548,452,684,JK006877,6,263,528,129,52
548,111,722,JK007045,11,0,513,380,75
548,212,684,JK010250,3,499,746,175,45
548,0,689,Shamela0023578,2453,233,717,322,55
548,380,684,Shamela0008203,90,758,1000,162,63
548,477,684,Shamela0098087,130,837,987,111,65
548,0,522,Sham19Y0008889,294,1073,1559,364,83
548,0,283,Rafed0001713Vols,2029,474,763,160,62
548,0,283,Tafsir04003,3144,108,397,160,62
548,23,179,Sham19Y0122257,84,1353,1484,106,83
548,124,463,Sham19Y0122257,87,210,620,160,41
548,468,722,Sham19Y0122257,88,1142,1338,134,61
548,0,703,Kraken230106005528,929,328,1001,487,81
548,6,684,ShamAY0034059,5653,412,925,363,65
548,0,265,Shamela0011244,50,1362,1592,175,80
548,265,780,Shamela0011244,51,0,398,295,70
548,428,684,Shamela0011244,52,289,621,123,40
548,0,684,Sham19Y0127677,1745,751,1268,366,61
548,0,388,Shamela0012884,1472,1092,1495,219,63
548,6,684,Shamela0012884,4015,354,911,410,73
548,428,703,ShamIbadiyya0000482,144,1367,1606,155,62
548,380,684,Shamela0002300,303,582,953,148,42
548,421,684,Shamela0002300,4982,701,924,144,64
548,0,684,Sham19Y0014119,7,166,761,446,79
548,6,361,Shamela0009082,496,1094,1480,204,62
548,0,283,Tafsir07057,4103,10,254,174,71
548,0,703,Sham19Y0133377,1,150,836,461,72
548,388,703,Shamela0010517,71,751,983,153,56
548,0,703,Shamela0010517,893,742,1364,450,77
548,0,527,Sham19Y0018568,112,997,1478,365,84
548,0,666,Sham19Y0013614,35,911,1486,429,78
548,0,703,Shamela0036446,10,248,923,489,82
548,414,684,JK009362,4785,387,611,158,70
548,98,684,JK009390,1856,0,383,279,56
548,0,703,Shamela0012836,9,424,1039,464,79
548,689,1066,Sham19Y0023625,2454,923,1370,228,60
548,1025,1385,Sham19Y0023625,2455,5,417,246,71
548,231,485,Sham19Y0023625,2459,663,924,167,78
548,0,309,Sham19Y0023625,2877,725,1008,213,82
548,309,703,Sham19Y0023625,2878,653,992,249,75
548,0,722,Shamela0001438,3310,648,1210,386,61
548,0,684,JK009274,775,303,798,356,61
548,0,590,JK000141,790,795,1291,337,67
548,0,130,Shamela0000041,2002,1388,1517,104,99
548,161,684,Shamela0000041,2003,6,474,313,69
548,0,275,Masaha000554Vols,4433,514,794,153,61
548,0,658,Kraken220413202218,508,674,1494,402,53
548,0,237,Shamela0023628,2791,1348,1546,150,76
548,258,703,Shamela0023628,2792,0,415,287,73
548,0,670,Sham19Y0148271,1877,898,1473,417,73
548,0,689,Sham19Y0016976,88,864,1464,448,79
548,0,780,Sham19Y0023618,1339,454,1060,463,72
548,0,703,JK008001,6213,564,1032,331,55
548,0,684,JK008001,6215,259,766,363,61
548,0,428,Shamela0011334,3,580,813,177,51
548,0,283,Shamela0021821,1462,1248,1515,163,67
548,0,684,Sham19Y0017903,904,49,631,431,74
548,0,684,JK000021,1510,242,902,330,51
548,428,684,Shamela0012293,458,1288,1523,147,61
548,477,684,Shamela0012293,2515,767,927,117,68
548,428,684,Shamela0012293,6512,78,289,148,67
548,505,684,JK000116,530,1066,1203,102,68
548,0,540,Shamela0021659,1051,1105,1516,297,64
548,0,684,Sham19Y0017791,43,103,698,446,79
548,0,283,Shia002389Vols,2249,69,369,160,61
548,0,684,Sham19Y0035312BK2,15,326,1022,436,68
548,0,380,JK001249,298,1113,1459,270,86
548,380,784,JK001249,299,0,265,194,58
548,0,703,JK001249,370,718,1333,459,78
548,0,780,Sham19Y0017063,21,35,753,495,73
548,0,703,Sham19Y0017745,129,937,1483,409,70
548,298,428,Sham19Y0017745,130,123,253,102,97
548,0,218,JK000071,371,1369,1561,154,86
548,218,863,JK000071,372,0,728,386,57
548,0,258,Shamela0004473,258,1268,1533,175,71
548,291,689,Shamela0004473,259,125,553,260,67
548,517,730,Shamela0004473,1397,1056,1241,107,56
548,0,684,JK000486,29,511,1079,404,70
548,0,283,Sham19Y0020891,4873,935,1214,222,97
548,0,684,Shamela0025794,4217,122,722,432,74
548,0,684,Shamela0022882,302,496,1078,416,73
548,0,473,Shamela0001466,2554,1131,1476,260,68
548,0,784,Shamela0023423,354,303,956,475,71
548,104,283,Shamela0023423,356,747,1241,112,28
548,298,784,Shamela0023423,357,191,1399,263,24
548,0,658,Tafsir02100,138,945,1487,410,75
548,0,780,Shamela0021809,2525,194,829,458,71
548,0,684,JK009365,3,239,926,492,82
548,0,171,Sham19Y0145212,107,415,567,117,82
548,0,540,Shamela0000782,892,989,1493,371,83
548,0,791,JK009245,57,870,1500,478,74
548,61,863,Shamela0010463,493,0,833,489,62
548,6,380,Sham19Y0023608,3100,1210,1544,241,75
548,0,563,Shamela0021537,3667,876,1521,371,68
548,0,703,JK009329,11,0,543,404,69
548,0,758,Tafsir09084,1913,69,724,441,67
548,0,722,Tafsir09050,3250,488,767,205,35
548,509,684,Shamela0003055,4000,626,751,99,70
548,0,380,JK000435,292,1140,1439,228,74
549,0,655,JK000080,995,352,999,477,88
549,363,655,JK000474,3876,150,446,213,86
549,70,655,JK000585,895,593,1155,394,80
549,70,655,Shamela0026884,440,243,814,396,79
549,950,1116,Sham19Y0133377,15,524,699,128,92
549,375,655,JK001503,3754,974,1238,191,84
549,692,880,JK000166,8913,1278,1450,134,88
549,935,1116,JK000166,8914,0,189,141,93
550,339,953,JK000080,1000,808,1308,371,75
550,38,330,JK007044,5209,853,1189,234,85
550,700,854,JK007044,5212,366,506,101,81
550,462,953,Shamela0021765,1923,962,1282,230,59
550,43,330,ShamAY0035035,6178,1024,1371,228,79
550,339,989,Shamela0006610,1133,482,1018,303,57
550,1393,1554,Sham19Y0023625,2463,738,1209,101,26
550,700,1000,Sham19Y0023625,2464,277,547,152,63
550,43,172,Hindawi081316951,472,747,876,104,99
550,38,330,JK000201,3082,169,505,234,85
550,33,394,Shia004042Vols,394,192,623,239,66
550,43,330,JK000001,1694,1081,1410,230,85
551,94,335,Sham19Y0122096,3649,373,793,147,43
551,398,1095,JK000754,2297,940,1528,386,60
551,449,716,JK011730,1432,126,404,197,87
551,763,1220,JK011730,1432,854,1084,146,40
551,459,669,Sham19Y0008889,162,129,594,153,41
551,507,1216,ShamAY0035035,6174,0,238,149,25
551,1242,1579,Sham19Y0014556,742,679,1017,260,92
551,398,716,JK000298,4603,714,1126,227,68
551,716,1213,JK000298,4604,70,512,352,87
552,788,1072,Sham19Y0122096,3854,532,783,165,67
552,1124,1582,JK007044,5205,571,1090,339,78
552,1076,1582,JK011730,1198,438,827,274,62
552,1136,1582,Sham19Y0122257,2752,514,1008,334,81
552,0,174,Sham19Y0014556,742,1052,1215,129,91
552,1139,1551,Sham19Y0023625,2466,894,1551,302,55
552,1246,1582,Shamela0021715,9207,0,238,170,60
552,1084,1582,JK000298,4873,26,539,390,93
552,1286,1582,Hindawi081316951,471,198,638,201,56
553,1090,1361,JK009321,114,464,705,180,80
553,1368,1539,JK009321,117,807,978,127,94
553,1113,1312,Kraken22021606122001,72,718,913,139,84
553,0,433,JK011730,1198,827,1121,198,55
553,1094,1368,Sham19Y0008889,176,576,764,133,61
553,1094,1368,JK000137,248,457,649,136,61
553,1131,1368,Sham19Y0023625,2470,752,1275,140,32
553,1398,1539,Sham19Y0023644,5489,157,282,86,78
553,0,440,JK000298,4873,539,985,351,96
553,1253,1368,JK001249,300,0,110,78,79
553,1094,1368,Sham19Y0017745,75,385,575,139,62
553,191,433,JK000166,4946,21,232,148,73
553,590,927,JK009333,20,822,1181,255,86
554,1002,1134,JK000080,1000,1313,1451,97,89
554,1139,1465,JK000080,1001,6,354,252,91
554,395,584,JK000080,1127,10,224,130,76
554,1020,1192,JK009336,3449,682,855,120,87
554,330,651,JK007044,5212,1095,1427,229,83
554,1179,1465,JK007044,5213,215,470,181,76
554,80,1385,Sham19Y0038171,1582,795,1335,309,28
554,334,981,Sham19Y0038171,1583,49,485,287,52
554,465,600,JK000916,19747,0,154,86,71
554,163,584,JK009298,518,695,1016,167,48
554,343,584,Shamela0000736,1719,241,490,186,96
554,343,584,Shamela0002506,81,6,266,172,80
554,568,729,Sham19Y0122257,2755,779,951,113,83
554,76,981,ShamAY0035035,6174,708,1389,376,46
554,346,600,JK000883,1745,660,927,163,74
554,346,584,Sham19Y0127677,5296,718,988,165,74
554,765,978,JK005021,341,205,504,146,59
554,346,600,Shamela0010906,1492,1062,1277,122,58
554,442,584,Shamela0001438,7569,0,169,104,80
554,1024,1172,JK000327,5,1093,1253,107,85
554,346,584,JK008001,2414,502,750,153,76
554,346,584,JK000637,3760,1084,1334,159,78
554,1006,1454,Sham19Y0035453,225,1095,1536,294,75
554,346,600,Shamela0035100,1128,882,1149,163,74
554,346,600,Shamela0003118,5722,202,470,163,74
554,1020,1172,JK000071,153,319,476,85,57
554,1006,1172,JK009226,210,579,715,86,65
554,343,584,JK000533,3592,1028,1310,158,69
554,80,729,Shia004042Vols,393,326,818,290,54
554,67,600,Shamela0013039,18,217,814,337,65
554,330,1126,JK000001,1693,112,837,325,39
554,1020,1202,JK010655,9,859,1018,102,62
555,0,224,JK000080,1001,354,606,176,88
555,33,224,Shamela0012579,2122,431,633,133,82
555,0,224,JK007044,5213,470,661,142,80
555,33,224,Sham19Y0127677,5568,123,316,131,83
555,33,218,Shamela0021570,457,108,591,138,36
555,33,224,Shamela0001438,7902,1175,1368,131,83
555,33,224,JK008001,1204,92,270,114,72
555,36,203,JK000637,3747,126,556,131,38
555,33,224,JK000021,1522,1031,1230,130,82
555,36,224,JK000201,3081,0,199,144,91
555,1227,1663,JK009333,20,1172,1542,278,78
556,49,272,JK009333,21,0,207,162,87
556,1212,1557,AOCP20251104112,109,103,403,140,43
557,4,175,ShamAY0035035,4685,127,295,133,96
557,790,1166,Shamela0023632,1448,479,845,141,39
557,4,175,JK000298,4680,157,328,133,97
557,218,702,Shamela0001417,1085,214,576,273,69
557,753,1627,Shamela0010273,951,84,981,448,53
557,790,1627,JK001480,350,478,1280,583,81
557,212,724,JK001480,793,1139,1584,355,84
557,753,1519,Sham19Y0020891,2315,619,1237,260,37
557,860,1605,JK000166,10523,524,936,196,30
557,998,1591,Shamela0001466,908,1251,1536,151,31
558,1296,1413,Shamela0009788,838,743,860,94,99
558,901,1027,JK001480,595,1385,1511,102,100
558,396,624,JK001480,642,733,966,184,96
558,630,839,JK001480,675,1360,1565,157,88
558,1296,1413,JK009365,146,528,645,94,99
558,1250,1413,JK009333,21,48,200,119,88
559,300,862,ShamIbadiyya0000185,612,680,1067,210,45
559,288,1012,Kraken220414225509,54,674,1438,545,87
559,1098,1592,JK009333,21,207,697,387,95
560,1367,1522,Sham19Y0014297,480,1076,1212,106,85
560,264,390,Kraken220414225509,82,1414,1552,95,83
560,1111,1328,Sham19Y0149697,830,1141,1365,151,79
560,677,1147,JK009333,21,268,505,152,41
561,1272,1595,JK000583,301,26,261,130,49
561,1345,1502,Kraken220413030759,325,88,321,113,60
561,1354,1511,ShamIbadiyya0000109,7507,1111,1278,115,84
561,669,962,Sham19Y0149697,835,510,628,95,39
561,1350,1595,JK000298,2364,926,1246,175,63
561,1354,1511,Sham19Y0036110,380,485,668,110,73
561,204,348,JK000281,853,50,256,113,68
561,204,348,JK000281,862,1310,1446,106,92
561,1345,1511,JK000001,1030,1064,1274,119,70
562,905,1217,Shia001432Vols,22885,1361,1609,158,59
562,1217,1352,Shia001432Vols,22886,3,139,109,98
562,908,1352,ShamAY0035035,7123,8,637,330,64
562,901,1309,Sham19Y0014592,2007,380,815,180,45
562,1411,1718,JK009333,21,701,1001,235,90
562,908,1352,Kraken2107192213391,316,522,953,304,81
562,912,1352,JK000001,2148,0,462,338,88
563,4,228,Sham19Y0014297,2181,1160,1387,171,92
563,4,228,Sham19Y0149697,3835,772,999,171,92
563,10,259,JK007132,1169,1064,1316,163,77
563,0,332,JK009333,21,1001,1342,258,93
564,1302,1438,Sham19Y0122096,331,289,414,95,87
564,1302,1438,Sham19Y0127677,170,1182,1305,95,88
564,1291,1684,Shamela0000427BK2,6798,980,1282,166,48
564,1302,1684,JK005007,556,773,1004,152,48
564,1302,1442,JK009390,134,1118,1266,98,77
564,1302,1497,Shamela0001438,393,1346,1524,114,72
564,1306,1442,JK009274,83,0,122,92,86
564,1302,1624,JK001091,56,588,1042,155,37
564,1302,1438,JK008001,6413,172,295,95,88
564,1295,1442,Shamela0021659,187,645,784,101,84
564,1311,1438,Sham19Y0018272,157,0,438,90,26
564,1291,1684,JK000471,1818,985,1364,157,39
564,521,1168,JK009333,21,882,1102,172,32
564,1302,1684,JK005004,703,362,576,155,49
565,135,730,Sham19Y0014297,2181,674,923,154,33
565,760,1233,JK011730,1480,435,811,99,22
565,760,1095,Shamela0011092,9,32,163,100,36
565,354,752,JK000298,554,331,819,291,71
565,146,1311,JK000298,555,18,971,457,38
566,118,329,Sham19Y0131521,132,734,930,154,91
566,118,348,Sham19Y0014309,2129,1015,1236,157,84
566,178,340,Sham19Y0017437,190,558,1114,125,28
566,105,281,JK007044,4854,1283,1508,110,57
566,100,304,Shamela0005756,1829,1141,1379,147,74
566,105,249,Shamela0002569,114,1375,1532,90,65
566,118,348,JK000166,562,915,1130,168,92
566,118,329,Sham19Y0018176,170,907,1104,150,90
566,348,1142,JK009333,21,1235,1580,267,41
566,1147,1589,JK009333,22,0,435,335,90
566,662,830,JK000001,243,1291,1465,135,96
567,853,1355,Sham19Y0131521,2015,1027,1344,91,19
567,1425,1589,JK000465,2730,743,886,105,80
567,1425,1589,MMS00008,1371,1021,1192,119,87
567,850,1316,Sham19Y0017124,537,838,1213,127,30
567,147,400,JK000381,4789,1051,1163,81,39
567,1425,1589,Sham19Y0013605,4414,50,215,122,92
567,1425,1589,JK000094,670,322,469,99,74
567,1425,1589,Sham19Y0146127,3041,1148,1294,101,75
567,850,1336,Shamela0001687,801,560,916,196,49
567,914,1500,JK011730,1489,68,613,279,47
567,1425,1589,Sham19Y0018144,2181,1137,1283,98,74
567,1425,1589,Sham19Y0018103,3703,39,204,122,92
567,1425,1589,Sham19Y0018106,3788,930,1095,122,92
567,1425,1589,Shamela0010906,1690,203,371,121,90
567,830,1336,Shamela0008476,2219,963,1289,150,32
567,1425,1589,JK009390,6503,790,925,97,74
567,446,817,JK007084,315,37,580,298,66
567,850,1336,Shamela0023691,1279,952,1286,190,48
567,1425,1589,Shamela0001438,6987,915,1051,97,73
567,1374,1589,JK009324,3057,732,931,136,78
567,1425,1589,JK000484,5643,835,981,98,74
567,1425,1589,JK000481,508,1094,1236,102,78
567,1425,1589,JK000485,1474,388,555,104,68
567,914,1316,JK007006,1606,207,367,95,29
567,1425,1589,JK008001,3442,695,931,95,46
567,1425,1589,ShamAY0034005,812,937,1116,109,70
567,1425,1589,JK010001,2641,913,1042,89,67
567,1425,1589,Shamela0035100,1586,934,1102,121,90
567,914,1311,Sham19Y0018272,2024,258,425,92,28
567,914,1336,JK000298,4700,267,653,256,72
567,1425,1589,Shamela0012531,258,299,445,95,72
567,1346,1589,Tafsir07055,2731,60,479,159,48
567,1425,1589,Sham19Y0018176,2271,1254,1419,122,92
567,850,1336,JK007140,1181,209,348,77,19
567,1425,1589,Shamela0096283,437,497,662,122,92
567,1425,1589,Shamela0012750,13,643,789,98,74
567,850,1336,Sham19Y0013631,1844,39,299,135,35
567,1417,1589,Shamela0026816,27,206,357,103,75
568,681,922,Sham19Y0017437,1562,450,722,183,84
568,1111,1372,Shamela0005756,13934,876,1346,186,50
568,1111,1372,Shamela0021715,9325,878,1198,181,69
568,600,922,JK010001,2637,1035,1331,211,82
568,600,922,Tafsir07055,2727,118,414,211,82
568,1111,1489,JK000166,8445,689,1165,274,70
568,19,513,JK000166,8468,716,1151,335,85
568,518,922,JK000166,8470,415,823,303,90
568,662,922,JK000201,3444,286,546,199,95
569,340,639,Sham19Y0131521,3629,795,1306,187,45
569,402,639,Sham19Y0131521,5694,0,361,163,56
569,471,639,Sham19Y0131521,5702,309,901,119,25
569,346,639,JK000142,615,569,1071,182,45
569,393,639,JK000142,981,34,405,170,57
569,346,639,PV2024060602,5212,464,966,182,45
569,437,639,PV2024060602,5578,5,294,133,56
569,393,639,PV2024060602,7966,962,1406,171,48
569,393,639,JK000467,1386,716,1073,162,57
569,393,667,Sham19Y0145435,5335,630,1010,177,58
569,331,639,Shamela0037458,3778,9,343,158,48
569,393,639,JK000475,737,820,1264,171,48
569,430,639,Tafsir04056,6424,89,374,131,53
569,393,639,JK000130,885,804,1248,171,48
569,331,639,Sham19Y0146127,2902,152,537,171,47
569,0,147,Shamela0005756,13934,1087,1479,116,36
569,393,639,JK001492,766,564,939,162,52
569,327,653,Sham19Y0014592,1003,0,383,163,50
569,393,639,Sham19Y0127677,4248,826,1252,170,50
569,331,639,Sham19Y0017729,260,23,391,170,50
569,393,647,Shamela0012884,2530,888,1332,174,48
569,500,653,Shamela0012884,4448,54,262,114,67
569,393,647,JK000585,1110,772,1210,172,48
569,447,639,Masaha001838,37,10,287,126,55
569,331,639,Shamela0021493,222,248,622,171,49
569,430,639,Shamela0036446,877,177,488,143,57
569,437,667,JK009137,2323,6,322,142,54
569,393,639,JK009137,2893,660,1058,169,52
569,393,639,JK009390,5654,316,723,166,50
569,961,1565,Kraken220414225509,52,970,1563,410,82
569,393,639,Shamela0004445,1947,884,1323,171,49
569,307,639,Shamela0001442,486,533,1032,193,46
569,447,639,JK000469,1429,229,510,131,57
569,340,639,Shamela0026568,267,862,1349,177,45
569,346,639,Shamela0026568,662,140,618,166,42
569,393,639,JK000484,5397,142,597,170,47
569,331,639,ShamAY0034282,1270,949,1318,165,48
569,508,639,JK008001,4008,0,187,98,65
569,393,633,Sham19Y0020591,1602,447,812,165,56
569,323,639,Sham19Y0020891,2718,331,838,179,41
569,0,397,JK000166,8445,1165,1513,257,78
569,397,892,JK000166,8446,0,532,378,89
569,311,639,Shamela0006617,627,624,1069,173,45
569,393,639,Shamela0010480,484,30,446,158,47
569,430,639,JK007043,627,209,532,144,55
569,460,639,Zaydiyya0000373Vols,588,305,530,120,64
569,452,639,ShamAY0033910,878,23,304,128,56
570,51,503,Shamela0009823,671,458,755,219,60
570,211,674,ShamIbadiyya0000229,295,905,1300,151,28
570,25,1051,Kraken220414225509,53,0,1101,729,77
570,1226,1572,JK001480,618,470,815,269,97
571,1524,1642,Shamela0001717,4015,152,265,73,72
571,58,468,Sham19Y0014297,479,289,579,199,59
571,120,479,Sham19Y0014556,718,842,1147,247,84
571,919,1184,Sham19Y0014556,762,840,1324,168,43
572,875,1073,JK007084,1022,1371,1563,147,93
572,1073,1507,JK007084,1023,0,470,339,88
573,508,1079,JK007070,710,1025,1356,158,29
573,913,1143,AOCP20251104103Vols,976,203,425,167,88
573,913,1211,JK000080,699,702,988,216,89
573,104,255,ShamAY0034857,8,278,439,118,92
573,508,676,JK000906,7324,54,167,87,64
573,487,676,ShamAY0005375,452,814,1007,137,86
573,1396,1567,Tafsir02102,3052,1350,1521,137,97
573,104,255,Shamela0012031,350,496,657,118,92
573,104,255,JK000022,567,608,769,115,90
573,508,676,Kraken2107192215372,125,140,307,114,85
573,104,255,Shia003636Vols,11067,1180,1337,116,93
573,104,263,Shamela0010906,1878,965,1132,117,87
573,104,263,Kraken220413202218,498,364,528,107,78
573,119,255,Sham19Y0127713,258,223,352,89,80
573,913,1121,Shamela0006947,21822,154,347,149,88
573,295,676,JK000062,140,571,1015,284,78
573,1396,1567,JK000062,167,1400,1572,138,98
573,925,1139,JK009245,72,1224,1427,152,86
573,360,676,JK009245,76,0,377,228,75
573,508,676,Sham19Y0023608,2735,746,912,113,84
573,104,263,Hindawi080268240,85,1355,1493,92,69
573,100,255,JK000001,1675,584,743,112,89
573,311,547,JK010655,7,981,1191,152,76
574,436,1023,Sham19Y0122096,1032,386,909,397,82
574,74,426,Tafsir02102,3053,0,360,270,89
574,426,1023,Shamela0011786,468,778,1325,409,83
574,426,960,JK000030,127,1023,1536,381,82
574,499,1023,ShamAY0034809,619,5,487,366,85
574,426,1003,Shamela0021536,36,657,1198,401,82
574,417,1023,JK000429,172,991,1492,341,65
574,426,1023,JK000062,156,570,1128,418,84
574,41,426,JK000062,168,0,395,298,91
575,98,246,Tafsir02102,3053,646,899,114,54
575,680,924,JK000062,140,1296,1497,132,68
575,98,246,JK000062,168,673,928,113,53
575,98,246,JK010655,111,1168,1413,114,56
576,781,1435,Shamela0011786,467,921,1517,446,84
576,731,1549,JK000030,126,0,969,538,67
576,784,1523,ShamAY0002038,661,31,716,511,84
576,698,1549,ShamAY0034809,617,544,1436,633,85
576,675,1493,Shamela0021536,34,205,1326,513,53
576,698,1027,JK000062,154,1195,1521,259,98
576,1030,1549,JK000062,155,58,561,377,89
577,0,739,Shamela0011786,468,100,754,494,81
577,0,537,JK000030,126,969,1482,342,73
577,46,768,ShamAY0034809,618,0,656,503,83
577,0,768,JK000062,155,561,1267,537,84
577,773,1624,JK009333,22,449,886,332,47
578,734,1457,JK009321,376,336,1076,316,43
578,699,1251,JK000028,218,914,1508,234,40
578,714,1457,ShamAY0035035,6123,203,920,318,44
578,703,1559,Kraken21040802,51,90,944,645,88
578,703,930,Sham19Y0014592,733,1323,1525,116,59
578,1078,1457,Kraken22021606121202,184,122,532,175,45
578,812,1324,Hindawi081316951,412,476,1031,251,47
578,8,146,JK000062,198,596,733,109,98
578,401,627,JK000062,229,70,387,149,60
578,8,146,ShamAY0035131,79,1443,1573,104,93
578,401,627,JK010655,38,553,869,149,59
579,1073,1466,Sham19Y0149697,537,898,1223,254,78
580,0,462,Sham19Y0123663,21,292,732,346,91
580,1411,1600,Sham19Y0123663,119,174,340,133,86
580,456,793,Sham19Y0149697,537,1223,1428,156,57
581,0,1298,Sham19Y0123663,119,340,1537,903,82
581,1298,1605,Sham19Y0123663,120,0,269,205,79
582,0,1290,Sham19Y0123663,120,269,1486,931,89
582,1290,1541,Sham19Y0123663,121,0,250,198,98
583,0,1083,Sham19Y0123663,121,250,1377,851,91
584,1222,1492,JK009239,35,1362,1619,182,71
584,203,638,Shamela0021751,7208,74,511,315,88
584,825,1103,Shamela0003283,526,513,743,185,81
584,1150,1492,Shamela0003283,615,828,1193,232,65
584,183,621,JK007084,141,20,458,339,96
584,793,1103,Shamela0006739,1682,1213,1525,252,99
584,0,187,JK000281,919,1195,1439,138,71
585,456,885,Sham19Y0131521,5442,383,804,217,49
585,447,589,JK000123,1407,1012,1135,88,76
585,447,885,Sham19Y0132524,2122,1122,1470,253,69
585,424,892,Sham19Y0017747,2280,484,959,327,82
585,456,885,Sham19Y0014601,5325,77,527,220,48
585,470,892,JK000298,855,133,688,271,56
585,409,892,JK000166,7991,712,1139,320,79
585,419,775,JK009245,779,1127,1599,275,71
585,1108,1514,JK009333,22,612,886,219,66
586,476,619,Sham19Y0014442,1338,1247,1382,110,93
586,213,457,JK007084,1023,880,1123,170,82
586,468,704,Sham19Y0149697,3834,320,546,174,90
586,1292,1635,JK009333,22,886,1238,253,85
586,821,912,JK000281,2531,1104,1206,70,89
586,465,774,JK000281,2532,976,1283,242,93
587,714,1553,JK000062,159,0,1178,490,48
587,0,312,JK009333,22,1238,1547,230,90
588,1225,1611,Shamela0010273,1222,0,339,163,48
588,992,1493,JK001480,414,265,624,234,56
588,0,413,JK000062,159,1178,1589,274,71
588,457,937,JK000062,160,425,1051,310,60
589,954,1120,Sham19Y0014556,643,838,1088,121,60
589,636,799,Meshkat00042485,3452,1049,1219,110,83
589,196,694,Tafsir01006,683,1454,1569,71,17
589,401,786,Shamela0010273,1222,607,969,220,60
589,55,610,JK001480,414,630,952,217,46
589,641,799,Kraken220727035853,2116,491,663,100,71
590,1115,1383,JK007070,439,980,1179,139,64
590,730,973,JK007070,568,651,887,159,80
590,730,973,JK007070,569,1055,1300,166,80
590,730,1536,JK007070,700,9,739,402,51
590,722,973,PV2024060602,7835,730,973,174,84
590,733,1153,JK000080,854,892,1283,270,75
590,1084,1536,JK000080,855,260,890,309,55
590,1084,1489,JK000080,900,997,1488,259,58
590,733,1153,Shamela0021766,3043,851,1237,248,71
590,733,1006,JK009336,3075,1036,1317,210,93
590,722,973,Shamela0001304,43,840,1070,171,86
590,794,973,JK000475,1193,0,176,131,87
590,722,973,ShamIbadiyya0000279,553,88,314,161,78
590,1088,1465,Shamela0008473,1220,967,1265,192,63
590,1088,1465,Shamela0008473,3470,834,1148,201,64
590,722,988,Shamela0008473,4751,544,794,187,87
590,722,973,JK000130,754,580,823,174,84
590,790,973,Shamela0008243,89,967,1139,135,91
590,1084,1465,Tafsir02102,831,35,348,186,52
590,730,1153,JK000842,393,954,1301,205,58
590,759,1006,ShamAY0033181,848,542,787,188,92
590,733,1153,Sham19Y0122257,2001,916,1308,226,57
590,733,1006,Kraken230106005528,1086,1164,1437,174,73
590,733,973,Shamela0002863,1864,402,630,159,79
590,1088,1439,Sham19Y0014592,949,1123,1440,218,71
590,755,973,Sham19Y0017729,326,0,205,156,90
590,1073,1465,Shamela0012884,1319,20,334,195,60
590,730,988,Shamela0012884,3620,1161,1413,194,93
590,1088,1465,Shamela0009567,599,69,380,184,52
590,722,1153,Shamela0012415,518,786,1162,209,50
590,755,988,JK009268,3406,568,785,157,80
590,730,1153,Sham19Y0014119,310,707,1082,218,60
590,1084,1439,Shamela0010517,1972,571,868,224,75
590,1073,1465,Shamela0010517,2508,1193,1512,194,60
590,763,1006,Shamela0036446,527,121,367,154,77
590,722,992,JK009137,2525,1186,1416,170,79
590,730,997,Shamela0001875,1161,1082,1331,194,90
590,730,973,Sham19Y0016976,1094,663,909,170,83
590,733,1153,ShamAY0034338,43,532,859,215,61
590,1088,1470,JK000637,2733,723,1177,239,56
590,730,1153,Sham19Y0017903,637,440,758,208,62
590,722,1153,JK000707,301,71,471,214,49
590,730,973,Sham19Y0017791,1095,1188,1434,170,83
590,722,1019,Sham19Y0017063,751,728,1052,198,74
590,1248,1383,JK000071,184,0,124,97,89
590,759,896,Shamela0021744,2366,1411,1545,105,94
590,1088,1465,Shamela0025794,4636,1127,1438,184,52
590,1129,1383,Shamela0011788,153,934,1113,112,52
590,1285,1536,JK000961,377,818,1250,196,56
590,1088,1383,Shamela0021809,2652,1276,1488,159,67
590,837,1006,JK000299,2014,0,168,135,99
590,730,965,Sham19Y0145212,2134,1271,1483,157,84
590,1143,1383,Tafsir09084,1763,0,180,140,71
590,730,988,Tafsir09084,2456,151,393,181,87
590,722,973,ShamAY0033910,747,337,580,174,84
591,14,519,JK007070,700,624,1173,287,60
591,143,519,Sham19Y0131521,3382,126,354,167,54
591,143,519,JK000142,572,390,605,164,54
591,143,346,PV2024060602,3132,856,1055,151,91
591,143,519,PV2024060602,5169,281,496,164,54
591,0,470,JK000080,855,890,1539,352,65
591,143,398,Sham19Y0017616,262,1077,1326,171,81
591,152,519,JK009336,1797,517,889,266,88
591,152,375,Shamela0012014,346,1375,1597,176,96
591,147,519,JK000130,685,128,636,146,27
591,143,519,Shamela0013122,279,262,498,165,52
591,143,470,Sham19Y0018144,1870,674,954,181,65
591,143,519,Sham19Y0018144,1871,139,432,185,57
591,147,323,Shamela0001449,26,1276,1454,140,95
591,193,315,Sham19Y0127677,1368,737,860,98,98
591,139,398,Sham19Y0017729,230,545,820,173,72
591,143,346,Shamela0000767,4672,212,416,151,89
591,172,342,Shia002261Vols,194,1030,1217,124,80
591,193,405,Sham19Y0014119,359,586,875,141,62
591,152,421,Shamela0010517,2509,875,1087,160,74
591,156,512,Hindawi074603536Vols,259,201,397,151,52
591,143,519,JK000784,273,148,384,165,52
591,193,342,JK009390,1270,214,386,117,84
591,193,342,JK009274,494,277,449,117,84
591,143,405,JK007065,216,64,316,190,89
591,147,405,Sham19Y0020638,893,1015,1305,186,76
591,143,346,Sham19Y0148271,228,221,420,150,91
591,193,346,Sham19Y0016976,1234,115,267,118,95
591,193,519,JK008001,1379,393,578,142,53
591,143,346,ShamAY0034005,703,980,1219,147,73
591,147,519,JK000021,1324,339,698,190,54
591,143,519,Sham19Y0014601,3804,885,1113,165,53
591,147,405,Kraken230110004547,306,421,652,176,82
591,152,405,Sham19Y0035453,91,236,493,199,96
591,193,342,Shamela0021659,654,902,1074,117,84
591,193,346,Sham19Y0017791,1258,1327,1479,118,95
591,139,346,Sham19Y0017791,1259,0,348,153,54
591,193,323,JK000298,2543,43,348,105,42
591,143,519,Sham19Y0020591,923,191,419,167,54
591,168,431,Sham19Y0017063,892,965,1174,159,74
591,143,519,Sham19Y0020944,532,854,1085,163,51
591,193,405,Sham19Y0013252,4950,1043,1286,158,77
591,143,398,Shamela0025794,4437,1172,1490,174,67
591,152,346,Kraken220218125253,262,343,521,135,85
591,143,346,Sham19Y0122406,2959,1132,1331,151,91
591,0,147,JK000961,377,1250,1388,109,91
591,143,421,Shamela0021809,237,1208,1426,166,74
591,139,346,Sham19Y0145212,2365,580,784,155,91
591,143,346,Shamela0001727,1100,730,929,151,91
592,981,1353,Sham19Y0122096,2185,428,724,225,73
592,887,1353,JK000298,2973,590,1144,327,66
592,94,625,JK009333,22,1338,1547,151,35
593,130,584,JK009333,23,43,470,329,89
594,349,572,ShamAY0034230,1252,1026,1245,155,82
594,587,694,ShamAY0034230,1253,27,147,82,85
594,1057,1534,JK007084,496,166,745,216,37
594,778,968,Sham19Y0149697,3837,140,355,150,85
594,278,1043,JK000281,2535,746,1170,276,42
594,413,694,JK000281,2536,0,283,215,92
595,48,491,Shamela0021751,7261,887,1466,201,35
595,6,309,JK007084,496,751,1073,231,90
595,568,745,JK007084,497,1239,1421,136,96
595,344,680,JK007084,497,10,410,186,48
595,455,1204,JK009333,23,237,462,165,27
596,1223,1546,JK009298,1155,543,854,236,90
596,751,1184,Sham19Y0149697,3839,769,1008,171,49
596,9,629,JK009333,23,470,1097,460,86
596,1223,1520,JK000001,774,1227,1452,142,61
597,0,156,JK009298,1155,854,1031,105,73
597,0,669,ShamAY0035035,3722,176,1209,422,47
597,1144,1290,ShamAY0035035,3723,999,1115,89,75
597,1144,1290,Sham19Y0014556,724,504,621,87,73
597,701,1375,Sham19Y0149697,3839,1107,1359,189,35
597,79,669,JK000001,775,4,501,386,80
598,829,1140,JK000906,7095,154,494,219,76
598,1168,1441,Tafsir01005,3991,0,270,203,88
598,826,1140,Sham19Y0127677,3444,529,834,228,89
598,815,1378,Shamela0013174,1735,489,1458,425,54
598,735,1050,Shamela0012884,3569,1188,1512,197,72
598,1050,1441,Shamela0012884,3570,0,389,300,95
598,826,1140,JK009390,4661,1119,1437,211,76
598,819,1157,Shamela0001438,5234,133,472,243,86
598,826,1140,JK008001,6509,512,833,231,88
598,932,1441,JK010001,2442,0,487,344,78
598,826,1441,JK001503,2165,734,1370,439,81
598,826,1441,Tafsir07055,2527,527,1144,423,78
599,499,1098,Shia002264,6,344,994,448,84
599,1148,1258,AOCP20251104112,37,862,973,80,94
600,1201,1360,Shamela0023632,3712,1114,1263,97,71
600,1201,1360,Sham19Y0023618,1855,68,217,93,69
600,1198,1374,JK001480,1077,1144,1305,113,78
601,83,551,JK009333,23,1097,1554,357,92
602,696,876,ShamAY0035035,3855,1256,1439,141,93
602,696,876,JK000001,817,778,960,136,89
602,946,1106,AOCP20251104112,36,1403,1563,120,90
604,1398,1647,Shamela0021765,1052,1077,1300,83,32
604,805,1072,ShamAY0035035,3856,182,749,206,44
604,302,486,Sham19Y0014592,2637,179,366,132,82
604,1076,1227,JK007084,490,1340,1491,117,96
604,265,486,JK007084,490,777,1020,154,79
604,1227,1387,JK007084,491,0,153,123,94
604,1398,1647,JK000485,841,396,618,82,30
604,805,1090,JK000001,817,1149,1420,213,90
605,0,257,Sham19Y0122096,330,1053,1381,109,36
605,0,230,Sham19Y0014592,2637,598,783,103,48
605,0,230,Sham19Y0127677,170,1058,1439,130,38
605,0,268,JK009313,5403,88,310,113,47
605,0,230,Shia002261Vols,25,201,325,95,51
605,737,1073,JK007084,489,1181,1516,267,98
605,1073,1205,JK007084,490,0,126,97,93
605,0,257,JK008001,6413,32,382,97,29
606,1300,1536,JK007084,490,415,656,190,97
606,519,1250,JK009333,24,0,727,556,93
607,43,584,Sham19Y0132524,1467,777,1432,245,41
607,244,599,Sham19Y0013769,1432,629,1111,182,45
608,1183,1575,JK009298,1043,308,709,291,90
608,1249,1575,Shamela0023790,650,7,316,225,85
608,1192,1459,Sham19Y0036072,221,1265,1544,177,77
608,1192,1575,Shamela0023789,1726,769,1159,262,82
608,1196,1575,Sham19Y0023644,3496,460,796,227,74
608,67,325,JK009333,24,121,254,110,51
608,1192,1575,JK001197,90,561,861,218,70
608,1180,1575,JK000001,754,1139,1535,300,93
609,884,1436,JK010522,39,683,1279,328,67
609,795,1436,Shamela0009773,3228,333,991,446,84
609,891,1436,JK009225,532,718,1301,313,65
609,884,1436,Hindawi080268240,38,155,751,320,66
610,27,516,Shia001137,244,0,464,217,43
610,225,516,Kraken21050704,30,1041,1295,192,77
610,204,516,Shia001432Vols,32369,0,357,179,50
610,154,516,Masaha001108Vols,307,16,400,196,52
610,175,516,JK009139,4420,4,292,225,81
610,0,115,Shamela0023578,2187,1165,1272,84,93
610,581,687,Shamela0023790,684,145,251,85,100
610,133,516,ShamAY0034122,593,424,765,213,63
610,44,516,ShamIbadiyya0000185,3131,726,1145,245,59
610,3,147,Tafsir02091,1467,633,788,101,79
610,27,516,Shia001171,422,948,1479,222,39
610,130,516,JK011658,125,82,476,255,70
610,1306,1643,Sham19Y0149697,5327,448,683,178,63
610,225,516,Shia003961Vols,910,132,350,141,52
610,23,516,Shia002389Vols,1988,682,1264,227,40
610,23,516,Shia001148,269,42,502,219,43
610,133,516,Shia000126Vols,573,709,1163,205,48
610,133,516,ShamAY0033944,158,74,429,217,63
610,0,119,JK000533,1863,1147,1255,85,90
610,528,687,Shamela0000558,322,45,190,109,86
610,0,115,JK000725,293,413,524,87,96
610,133,516,JK009225,477,640,980,219,62
610,133,516,Sham19Y0016934,5105,616,990,247,70
611,170,549,Sham19Y0132963,242,148,577,210,55
611,1166,1344,JK007084,486,1367,1548,142,95
611,0,978,Sham19Y0149697,5327,683,1114,292,37
611,317,707,Shamela0004473,7186,730,1103,242,74
611,331,714,JK000166,222,0,383,300,98
612,1226,1634,JK007084,473,551,906,283,85
612,318,519,JK007084,490,1020,1224,148,89
612,318,459,Sham19Y0149697,419,352,497,109,94
612,52,640,Sham19Y0149697,4518,26,215,153,31
612,318,519,JK000281,452,90,292,146,89
612,535,683,JK000001,816,1244,1487,119,60
613,905,1071,Sham19Y0014442,1613,0,175,129,92
613,864,1305,Sham19Y0149697,4499,15,441,308,85
613,909,1417,JK000281,2764,0,429,339,82
614,507,699,Sham19Y0014297,2581,1168,1361,138,85
614,835,1244,Shamela0013075,82,91,435,154,45
614,20,184,ShamAY0035035,3857,347,678,108,39
614,1310,1507,JK007084,499,972,1174,158,97
614,459,683,Sham19Y0149697,4495,114,347,169,91
614,202,1269,Sham19Y0149697,4499,438,1449,760,87
614,829,1244,Sham19Y0149697,4974,327,670,154,41
614,459,653,JK007132,1433,1255,1456,133,80
614,202,1269,JK000281,2764,451,1444,766,89
614,20,184,JK000001,817,1413,1575,125,93
615,1370,1622,ShamAY0032443,1300,682,941,176,82
615,204,1094,JK009333,24,727,1572,666,90
616,23,238,ShamAY0032443,1300,1110,1356,138,66
616,113,427,Sham19Y0014555,457,964,1274,149,56
616,298,539,ShamAY0035035,3896,1027,1542,177,43
616,36,238,Shamela0021688,605,1218,1483,113,48
616,322,754,JK000001,828,12,419,284,82
617,489,664,Shamela0009823,375,952,1562,89,16
617,703,1600,Shamela0009823,376,5,509,345,44
617,245,1347,Kraken21050704,85,334,1224,586,62
617,1119,1594,JK009298,1187,0,429,270,64
617,955,1083,Hindawi027427314,46,0,132,89,78
617,719,973,ShamAY0035035,3823,558,995,184,50
617,1367,1600,Sham19Y0014592,2695,305,537,180,90
617,239,1279,JK009317,27,795,1562,539,60
617,1279,1644,JK009317,28,0,365,279,89
617,485,680,Sham19Y0132973,554,1154,1298,105,67
617,929,1133,Shia000233,859,1113,1294,93,50
617,806,1071,Hindawi059507481,167,413,658,185,85
617,489,680,JK009229,1007,105,252,103,67
617,239,485,JK001197,95,209,461,199,96
617,239,844,JK000001,805,870,1545,421,70
617,844,1644,JK000001,806,0,789,610,91
618,0,218,JK009317,28,365,565,151,82
618,346,501,Sham19Y0132973,554,1005,1154,119,94
618,0,227,JK001197,95,496,685,150,81
618,0,523,JK000001,806,789,1616,353,51
619,45,313,Sham19Y0014297,347,695,961,210,98
619,801,977,ShamAY0034059,7326,529,706,120,83
619,12,318,Sham19Y0149697,617,795,1061,183,75
619,366,586,Sham19Y0149697,4523,1432,1558,98,55
619,586,1104,Sham19Y0149697,4524,0,479,350,82
619,449,740,JK001197,96,929,1066,101,42
619,806,986,JK000001,782,1407,1590,133,89
619,449,788,JK000001,812,430,783,255,87
620,475,787,JK000080,709,278,750,109,23
620,1201,1526,Sham19Y0038171,1006,52,375,252,98
620,1201,1526,ShamAY0033053,240,965,1253,139,47
620,946,1397,JK009298,1180,988,1445,284,68
620,1397,1526,JK009298,1181,48,178,97,94
620,171,592,ShamAY0035035,3915,854,1271,205,47
620,1201,1526,Shamela0012884,1303,673,963,139,46
620,946,1308,JK005021,182,1158,1456,155,51
620,1205,1452,JK000485,521,889,1302,154,45
620,475,769,ShamAY0034338,58,835,1013,89,36
620,1205,1526,JK000637,1415,1176,1463,137,47
620,1201,1526,Shamela0021821,195,304,599,140,46
620,475,787,Shamela0008381,4603,931,1289,110,26
620,1201,1526,Shamela0012862,338,711,999,143,48
620,475,769,Sham19Y0013252,7587,11,189,88,35
620,181,1526,JK001197,99,665,1276,437,41
620,141,518,JK000001,831,179,511,131,31
620,700,985,JK000001,831,1093,1311,102,38
620,940,1526,JK000001,832,564,1339,400,60
621,740,1016,Sham19Y0131521,2919,1194,1336,110,47
621,740,1080,Shamela0098087,52,1098,1326,165,57
621,740,1074,ShamAY0034059,1037,701,984,225,81
621,245,542,Kraken21042917,40,1079,1484,178,51
621,740,1080,Kraken220413202218,269,533,756,158,55
621,740,1074,Shia000126Vols,564,896,1224,223,69
621,1096,1349,JK009333,24,1047,1251,158,75
621,740,1064,JK000001,777,1362,1623,215,79
622,5,722,JK000675,217,631,1391,406,59
622,0,492,JK009291,237,742,1270,276,59
622,0,708,ShamAY0035035,4947,258,957,374,57
622,1135,1375,ShamAY0034059,5066,904,1146,169,86
622,398,735,JK001332,72,26,425,209,60
622,1135,1370,JK000298,1800,9,227,145,74
622,188,735,JK000682,633,4,574,283,54
622,0,735,JK009229,1019,580,1391,566,86
623,547,1592,JK007084,1041,390,1213,569,64
623,1331,1507,JK007084,1042,923,1104,142,96
624,288,1043,JK007084,1042,108,887,494,71
625,358,576,JK000165,3636,42,283,159,81
625,172,410,Sham19Y0014556,798,1015,1266,161,73
625,227,462,ShamAY0033598,188,934,1474,145,31
625,358,576,Shamela0021715,8785,601,836,163,83
625,358,576,JK000166,7844,247,491,168,86
626,102,543,JK007070,526,694,970,201,54
626,102,446,Sham19Y0131521,2860,1153,1451,136,37
626,71,548,JK000080,715,1025,1499,352,88
626,81,446,JK009336,3347,67,373,200,63
626,96,446,Sham19Y0013667,4144,11,282,193,66
626,281,548,JK009137,2460,613,1132,160,36
626,624,783,Shamela0001438,1494,300,447,118,91
626,624,743,Sham19Y0132973,413,207,312,79,83
626,115,743,Sham19Y0149697,4488,819,1261,280,54
626,624,783,JK008001,2071,601,741,101,76
626,975,1361,JK001480,226,0,310,146,35
626,624,743,Shamela0004473,7097,290,410,95,98
626,102,548,JK009245,866,914,1304,276,75
626,627,743,Sham19Y0016934,6348,567,687,93,95
627,108,303,JK000080,716,0,207,156,93
627,1284,1484,Sham19Y0023618,133,682,870,120,73
627,1266,1368,Sham19Y0149697,190,1089,1191,81,100
627,1015,1306,JK001480,101,644,895,192,82
627,394,965,JK009333,25,66,641,450,97
627,715,879,AOCP20251104112,114,133,695,93,21
628,241,542,Sham19Y0014556,728,1003,1309,223,88
628,829,1127,Sham19Y0014556,731,195,565,219,74
628,1172,1426,Sham19Y0127677,1126,698,904,134,64
628,1172,1430,JK009390,1340,281,504,132,59
628,1172,1426,Shamela0001438,2321,933,1338,173,51
628,1172,1426,JK009274,523,101,290,132,65
628,1150,1430,Shamela0021659,675,945,1201,140,58
629,143,494,JK007070,730,1208,1536,230,73
629,494,866,JK007070,731,0,350,227,73
629,86,565,JK000080,842,1026,1473,331,82
629,565,866,JK000080,843,0,315,224,87
629,110,726,JK000635,1,503,1087,419,80
629,90,726,JK000629,411,667,1246,411,76
629,90,994,Shamela0012884,1725,136,981,528,67
629,183,726,ShamAY0034809,279,0,517,370,79
629,90,742,Sham19Y0001729,1866,560,1170,449,83
629,128,726,Shamela0021536,38,144,661,285,52
629,138,726,Shamela0095735,167,20,518,340,67
629,90,618,JK000021,1662,1005,1503,339,75
629,90,591,JK000707,308,1058,1516,343,84
629,138,726,ShamAY0036509,1,217,718,340,67
629,90,742,Shamela0010480,195,629,1248,445,80
629,90,273,JK000961,376,1318,1508,142,89
629,273,866,JK000961,377,0,489,334,66
630,135,324,ShamAY0032443,18,713,899,147,97
630,0,489,JK000281,176,986,1501,384,93
630,489,1202,JK000281,177,0,717,538,93
631,691,1050,AOCP20251104144,207,1274,1590,239,79
631,1104,1606,Sham19Y0018147,1004,34,708,210,34
631,1319,1610,JK000917,1208,0,220,159,68
631,1257,1612,ShamAY0032443,3562,0,289,183,63
631,889,1606,Shamela0023789,233,8,871,345,39
631,1200,1610,JK001336,113,0,381,191,52
631,1104,1383,Sham19Y0023644,3569,967,1184,115,53
631,1149,1606,Shamela0011788,289,986,1432,256,61
631,351,527,JK000281,4217,1212,1377,129,86
631,725,996,JK010637,4,985,1229,188,84
632,12,297,Shamela0012034,506,499,829,162,55
632,1366,1568,Sham19Y0018147,1005,1036,1474,124,34
632,1087,1425,ShamAY0033599,179,220,539,143,38
632,1094,1266,JK001477,27,578,751,125,88
632,306,454,Shamela0012406,1657,1343,1484,92,76
632,45,297,Shamela0012406,1657,0,245,147,67
632,1094,1266,Shamela0023785,161,420,592,124,87
632,188,297,Shia001432Vols,7320,440,549,87,100
632,3,762,JK000917,1208,225,1436,489,48
632,708,1021,JK000917,1209,350,678,179,59
632,1472,1584,JK000917,1209,1077,1179,78,86
632,0,372,ShamAY0032443,3562,289,671,212,60
632,708,1011,Shamela0011056BK1,40,949,1296,159,53
632,3,297,Shamela0011056BK1,40,21,366,169,60
632,306,482,JK000916,4026,337,508,114,82
632,368,539,JK000916,26873,840,1011,124,90
632,1087,1266,JK000916,26874,676,856,126,85
632,188,297,Shamela0001515,310,1277,1386,80,93
632,12,297,JK000090,165,311,635,137,44
632,188,297,Sham19Y0020762,561,457,566,79,92
632,368,539,Hindawi083851413,61,494,664,126,91
632,1084,1199,ShamAY0037109,215,92,208,87,93
632,0,297,Shamela0001000,278,1003,1327,179,66
632,1379,1584,Shamela0001000,280,0,437,126,36
632,1094,1266,Shamela0001000,1669,1270,1443,125,88
632,368,539,JK010738,176,770,940,122,88
632,1087,1266,Shia003636Vols,5250,1227,1423,128,80
632,0,297,JK010552,45,164,510,167,53
632,306,482,JK010552,46,150,318,111,78
632,3,297,Shamela0004445,4439,58,344,176,70
632,708,1014,Shamela0004445,4439,1097,1450,158,51
632,306,482,Shamela0004445,4440,15,175,114,81
632,3,372,Shamela0023789,233,883,1372,194,46
632,708,1373,Shamela0023789,234,1016,1406,206,32
632,306,1021,Shamela0023789,234,81,746,339,50
632,1472,1584,Shamela0023789,235,349,451,78,86
632,3,762,JK001336,113,399,1394,398,40
632,708,1584,JK001336,114,291,1127,312,31
632,777,961,JK010635,107,81,266,119,80
632,0,297,Sham19Y0132403,82,276,535,160,61
632,3,372,EScr20120309,106,489,1145,224,41
632,396,1316,EScr20120309,107,4,914,418,46
632,739,961,Sham19Y0023644,3354,165,391,140,77
632,297,482,Sham19Y0023644,3651,1223,1393,124,84
632,1278,1584,Sham19Y0023644,3652,10,609,144,26
632,12,297,Shamela0007350,18,504,860,158,50
632,1094,1266,ShamAY0033734,92,505,675,126,90
632,0,351,Shamela0003118,1507,574,1002,216,64
632,45,297,JK010629,88,83,327,118,49
632,368,539,JK007550,3,390,564,126,89
632,767,961,JK007143,304,54,248,149,94
632,119,297,Shia001349Vols,149,735,864,101,70
632,87,240,Shamela0011788,290,10,160,103,77
632,306,767,Shamela0011788,290,641,1081,221,52
632,860,1584,Shamela0011788,291,0,803,269,29
632,712,1584,Shamela0006617,1200,764,1490,373,43
632,326,482,Shamela0005355,27,217,374,110,87
632,1366,1584,Shamela0005355,27,509,971,138,36
632,1087,1425,Sham19Y0073348,130,396,830,182,45
632,1379,1581,Sham19Y0150966,280,297,784,127,33
632,0,297,JK009306,53,938,1329,181,58
632,708,1512,JK009306,54,430,1194,254,30
632,784,961,JK010637,17,1062,1239,136,94
633,0,168,Sham19Y0021505,332,980,1254,126,58
633,0,157,Shamela0012406,1658,615,1043,118,35
633,0,265,JK000917,1209,1179,1498,185,68
633,14,176,Shamela0009773,2108,912,1098,79,55
633,0,265,ShamAY0032443,3563,4,337,178,64
633,14,176,Shamela0011790,3401,651,828,79,58
633,0,157,Shamela0001000,280,437,865,118,35
633,0,171,JK010552,46,904,1343,126,36
633,0,163,JK006908,18,1213,1318,83,63
633,0,265,Sham19Y0016714,567,356,922,169,36
633,43,265,Shamela0023789,225,481,760,144,61
633,0,265,Shamela0023789,235,451,992,179,40
633,0,157,ShamAY0033733,55,584,1013,118,34
633,5,233,JK001336,114,1133,1528,158,49
633,0,265,Shamela0011788,291,803,1341,178,40
633,38,179,Shamela0006617,1201,0,210,106,64
633,5,171,Shamela0005355,27,977,1411,120,35
634,1275,1551,Sham19Y0038171,1042,0,248,173,75
634,1133,1357,Sham19Y0014249,668,887,1336,132,35
634,1249,1471,Shamela0012738,188,532,689,55,24
634,707,883,Sham19Y0014556,535,0,147,108,76
634,1249,1551,JK005021,192,830,1057,166,69
634,1249,1551,JK000001,892,1138,1449,119,32
635,896,1157,JK009298,1260,945,1261,175,66
635,1388,1581,Kraken220414225509,70,0,214,151,86
635,891,1140,JK000001,897,660,912,198,96
636,1123,1341,Sham19Y0123665,1303,438,682,133,65
636,1142,1395,JK000754,1754,691,907,160,75
636,1123,1324,Sham19Y0017350,737,1160,1366,127,71
636,1142,1324,Sham19Y0014297,3187,1641,1797,126,84
636,613,810,Sham19Y0014249,669,1159,1358,156,97
636,886,1411,JK009261,854,911,1332,283,64
636,892,1440,JK007085,827,445,889,304,62
636,882,1023,Sham19Y0032195,1387,889,1040,109,91
636,886,1023,JK007115,422,310,448,109,99
636,1142,1395,ShamIbadiyya0000433,838,823,1046,160,75
636,1142,1391,Sham19Y0149697,5478,1207,1441,166,78
636,892,1440,JK005201,1576,46,484,305,63
636,1123,1324,Sham19Y0122401,346,1000,1201,123,70
636,886,1156,JK000281,3077,1241,1512,215,97
636,1156,1440,JK000281,3078,0,284,219,93
636,1120,1324,Sham19Y0123685,1275,684,902,119,63
637,55,213,Shamela0000894,3047,609,766,124,96
637,933,1063,Sham19Y0014297,3250,278,415,102,88
637,50,241,JK009298,1261,1245,1389,95,63
637,71,241,AOCP20251104134,92,1168,1349,138,93
637,924,1063,Sham19Y0149697,5586,257,417,109,81
637,919,1063,JK007132,1895,1389,1540,109,86
637,350,779,JK009333,25,645,1066,334,91
638,1220,1568,Sham19Y0131521,6347,160,440,211,72
638,523,1203,JK009298,1220,738,1366,399,69
638,523,1203,ShamAY0035035,4091,276,1278,451,54
638,1220,1568,ShamAY0035035,4092,0,742,271,44
638,753,1098,ShamAY0002038,565,1120,1474,240,76
638,523,1380,JK001197,105,25,849,609,86
638,519,976,JK000001,867,1101,1513,308,82
638,982,1568,JK000001,868,0,708,462,80
639,0,230,Sham19Y0131521,6347,448,708,135,62
639,366,992,JK009298,1213,557,1265,364,57
639,486,919,ShamAY0035035,4112,1054,1513,280,68
639,363,722,ShamAY0035000,34,202,434,144,51
639,363,992,ShamAY0002038,45,406,1008,365,66
639,428,878,ShamAY0002038,134,0,388,261,71
639,363,992,Shamela0010517,1896,55,621,411,80
639,357,992,JK000001,876,111,670,414,81
640,287,1451,JK009333,25,896,1580,509,53
640,1451,1595,JK009333,26,0,150,113,94
641,0,1037,JK009298,1070,471,1204,327,31
642,169,615,Shamela0009702,894,884,1284,275,74
642,196,1451,ShamAY0035035,4219,0,1531,711,49
642,344,615,JK007060,56,36,303,197,90
642,180,1451,Kraken220413202218,309,13,638,415,39
642,1136,1542,JK009333,25,1333,1456,91,28
642,890,1451,JK001197,114,1191,1481,203,42
642,169,1451,JK000001,911,367,1445,770,71
643,419,624,Sham19Y0038171,1053,260,695,141,40
643,0,213,Shamela0098087,64,270,481,165,95
643,0,624,ShamAY0035035,4220,65,1011,432,54
643,704,1153,ShamAY0035035,4222,40,465,249,61
643,371,616,JK005021,195,300,597,132,55
643,351,563,JK007074,2428,1249,1533,95,37
643,0,1043,Kraken220413202218,309,699,1284,424,49
643,58,195,AOCP20251104134,93,0,150,108,87
643,29,624,JK000001,912,0,936,444,58
643,716,1066,JK000001,913,245,553,240,80
644,0,978,Shamela0098087,64,740,1215,293,36
644,0,195,ShamAY0035035,4225,1450,1646,139,85
644,200,497,ShamAY0035035,4226,21,497,208,54
644,645,978,ShamAY0035035,4230,123,447,212,70
644,0,306,Kraken220413202218,309,1300,1545,149,53
644,306,978,Kraken220413202218,310,0,503,234,34
644,651,978,AOCP20251104134,93,425,759,199,68
644,541,1607,JK009333,26,56,708,520,59
644,0,978,JK001197,115,99,718,467,59
644,0,497,JK000001,914,1096,1581,369,90
644,629,978,JK000001,917,251,550,223,78
645,25,531,ShamAY0035035,4235,0,673,389,71
645,145,713,Kraken220413202218,311,861,1332,230,38
645,210,855,Shamela0000432,5483,0,667,265,34
645,142,855,Shamela0000432,5508,397,1111,313,40
645,0,466,Shamela0006947,14943,1053,1545,356,89
645,466,687,Shamela0006947,14944,0,281,171,71
645,687,855,Shamela0006947,14944,1210,1380,136,98
645,142,262,JK001197,116,320,438,93,97
645,0,476,JK000001,920,1043,1545,364,89
645,484,687,JK000001,921,9,324,156,58
645,729,855,JK000001,922,0,126,102,99
646,911,1468,Sham19Y0014442,31,243,752,318,63
646,911,1367,Shamela0021751,12,1012,1505,322,81
646,1367,1572,Shamela0021751,13,0,218,164,92
646,899,1454,JK000281,128,940,1502,436,97
646,722,843,JK001197,115,1172,1288,91,95
646,215,439,AOCP20251104102,97,1019,1203,135,70
646,704,843,JK000001,919,97,252,110,89
647,940,1250,JK001325,861,243,553,237,96
647,307,699,Shamela0009702,786,1133,1506,278,86
647,423,695,JK000192,763,197,450,189,84
647,940,1307,Shamela0098087,66,114,423,180,58
647,383,695,Sham19Y0150961,342,0,265,205,81
647,328,799,ShamAY0035035,4234,0,770,357,56
647,994,1321,ShamAY0035035,4302,5,478,227,58
647,423,695,Sham19Y0014580,2697,1292,1547,184,81
647,446,699,Sham19Y0014325,2619,350,599,183,85
647,484,699,Sham19Y0032197,26,430,622,128,73
647,940,1421,Kraken220413202218,313,1034,1419,221,57
647,307,699,Sham19Y0149697,8454,577,939,271,83
647,307,699,JK000281,4302,739,1104,275,85
647,928,1307,JK001197,117,94,354,173,57
647,909,1557,Shamela0021688,1052,0,666,489,90
647,294,799,JK000001,920,101,607,390,93
647,940,1307,JK000001,948,1132,1506,282,94
648,0,899,Shamela0021688,1052,666,1506,658,89
648,899,1588,Shamela0021688,1053,0,689,546,97
649,951,1161,Sham19Y0131521,4035,406,912,117,29
649,873,1165,JK007044,3409,1202,1504,213,85
649,1234,1559,JK007044,3410,0,572,252,54
649,93,309,Shamela0098087,67,129,409,123,49
649,1002,1559,AOCP20251104108,21,649,876,153,34
649,911,1306,Kraken220414225509,73,853,1190,254,78
649,1417,1559,Kraken220414225509,74,0,160,114,88
649,842,1559,Shamela0021688,1053,713,1433,530,85
649,214,358,JK000001,967,10,485,104,26
650,193,1334,ShamAY0032443,3806,691,1576,556,55
650,1334,1575,ShamAY0032443,3807,0,209,153,77
650,308,921,Shamela0021751,3818,0,623,459,88
650,971,1571,Shamela0021751,3819,616,1284,440,79
650,967,1530,Sham19Y0018607,3331,292,684,238,49
650,363,1575,JK007132,3873,29,971,552,51
650,161,581,JK000281,4521,989,1435,283,72
650,593,1571,JK000281,4522,0,841,616,74
650,906,1543,Shamela0096257,1042,148,734,337,58
650,967,1530,Shamela0096257,2827,374,757,237,50
650,149,1575,Shamela0021688,1054,0,1416,1134,98
651,0,1623,ShamAY0032443,3807,209,1557,820,57
651,174,727,JK000289,2027,10,727,252,33
651,200,1477,Shamela0021751,3822,253,1579,988,89
651,646,832,Sham19Y0149697,8788,1316,1509,152,96
651,200,646,Sham19Y0014605,676,538,941,278,73
651,0,870,JK007132,3873,971,1575,406,55
651,870,1519,JK007132,3874,0,605,284,45
651,646,832,JK000281,4446,199,392,152,96
651,0,790,JK000281,4522,859,1525,478,70
651,181,1623,Shamela0021688,1055,17,1439,1138,96
652,611,774,Sham19Y0018260,36,654,822,126,93
652,1028,1217,Shamela0005756,5559,1303,1529,135,74
652,590,1004,JK000289,1479,608,1070,271,70
652,599,889,JK000289,2027,1072,1564,222,56
652,889,1493,JK000289,2028,0,815,460,70
652,611,774,Sham19Y0018607,4649,0,168,125,92
652,1028,1286,JK009324,1070,110,417,184,71
652,1325,1476,Sham19Y0149697,9040,1474,1625,119,94
652,1009,1277,Sham19Y0149697,9042,375,636,193,85
652,1031,1286,Sham19Y0013252,2672,1085,1395,189,76
652,0,142,Shamela0021688,1055,1439,1579,111,96
652,142,1493,Shamela0021688,1056,0,1307,1021,94
653,107,793,Sham19Y0148529,394,136,775,461,80
653,62,664,Sham19Y0032195,1892,1045,1562,408,83
653,0,143,Shamela0021688,1056,1307,1462,113,88
653,143,1252,Shamela0021688,1057,0,1080,844,91
654,971,1264,ShamAY0035035,4439,695,1314,200,40
654,298,587,JK000298,2631,0,257,192,76
654,731,1256,JK000001,1008,626,1454,331,47
654,1256,1506,JK000001,1009,0,255,182,82
655,397,690,ShamAY0034230,3,213,523,174,64
655,92,345,ShamAY0035035,4440,793,1135,188,67
655,474,1351,Sham19Y0014556,447,665,1535,676,94
655,1351,1505,Sham19Y0014556,448,0,154,124,100
655,400,690,Sham19Y0014442,1064,236,560,177,68
655,474,690,Shamela0021751,1101,524,753,145,75
655,85,342,JK000001,1009,259,525,197,94
656,575,1609,JK007084,374,480,1530,802,92
656,0,525,JK009333,26,747,1276,417,97
657,0,1529,JK007084,375,7,1506,1175,94
658,0,1506,JK007084,376,16,1478,1150,94
659,0,331,JK007084,377,11,332,251,95
659,1329,1504,JK007084,378,495,666,137,95
659,373,551,JK000281,140,1338,1514,138,97
659,551,1504,JK000281,141,0,879,590,76
659,413,1015,Shamela0096257,1380,248,897,402,73
660,418,675,ShamAY0034230,940,1208,1443,143,70
660,675,806,ShamAY0034230,941,65,197,98,92
660,1172,1380,ShamIbadiyya0000229,2572,319,519,154,87
660,265,437,JK007084,373,499,691,115,76
660,0,260,JK007084,378,666,966,199,82
660,444,801,JK007084,379,641,1004,268,92
660,954,1157,JK009333,26,1127,1284,121,72
660,1168,1515,JK000001,447,1081,1429,278,97
661,7,588,ShamAY0035035,2243,551,1574,445,53
661,0,872,ShamIbadiyya0000229,2572,68,1092,645,75
661,937,1482,Sham19Y0018607,4647,318,823,144,24
661,19,459,Kraken220413202218,141,1217,1576,219,58
661,546,872,Kraken220413202218,142,0,271,175,63
661,933,1171,JK009333,26,1276,1511,183,97
661,1171,1563,JK009333,27,0,386,302,96
661,154,872,JK000001,448,0,709,567,96
662,638,1527,JK007070,321,297,1266,594,70
662,650,1384,Sham19Y0131521,2231,487,1328,505,69
662,410,543,Sham19Y0131521,2248,638,786,104,84
662,638,1419,JK000080,291,726,1533,615,93
662,1419,1538,JK000080,292,0,120,96,99
662,725,1527,Sham19Y0017437,553,0,797,612,91
662,650,919,Shamela0008540,2020,104,390,187,74
662,656,919,Sham19Y0013667,3030,1055,1359,175,66
662,1075,1282,JK000585,747,1133,1281,94,54
662,734,905,Shamela0001442,301,0,175,140,97
662,638,879,ShamAY0033733,165,173,397,170,83
662,638,1067,Shamela0021715,2451,164,546,277,79
662,650,919,Sham19Y0017063,388,300,522,150,65
662,410,543,JK000201,1309,1090,1240,108,88
662,0,353,JK009333,27,386,680,219,77
663,557,1156,Tafsir01005,1029,147,518,175,36
663,623,1239,JK000585,744,177,1089,431,57
663,195,331,JK009390,2225,727,850,58,53
663,550,1490,Sham19Y0149697,2173,279,865,364,47
663,188,331,Shamela0021659,1260,490,641,60,47
663,477,1536,JK000281,1485,36,1094,812,94
664,342,519,ShamAY0034230,380,71,240,124,90
664,1075,1270,JK007117,971,456,654,147,92
664,54,285,JK000585,556,639,868,170,93
664,338,464,Sham19Y0149697,2170,899,1044,94,83
664,1059,1535,Sham19Y0149697,2171,207,690,368,92
664,124,599,Sham19Y0149697,2173,893,1130,150,40
664,0,423,JK000281,1485,1094,1470,289,86
664,423,1535,JK000281,1486,0,1168,876,92
665,760,879,Shamela0012579,660,331,450,79,79
665,760,1066,JK008250Vols,360,1073,1357,115,40
665,760,879,JK008250Vols,361,33,161,88,82
665,717,911,JK000754,2606,145,341,140,88
665,763,883,Zaydiyya0000274,10,1256,1387,79,76
665,735,883,Sham19Y0038171,2154,869,1032,106,80
665,760,879,Shamela0005756,5546,694,829,94,88
665,727,879,Shamela0005756,5567,277,435,121,96
665,1352,1484,JK007045,288,1277,1415,69,68
665,760,879,JK000916,20165,1361,1483,81,80
665,760,879,JK000601,16,874,996,79,78
665,727,879,JK000251,305,61,221,116,91
665,0,404,Sham19Y0149697,2171,690,1091,314,95
665,760,1066,JK000576,115,959,1186,105,45
665,760,883,Shamela0003118,5832,484,610,82,79
665,1352,1469,Sham19Y0020944,339,564,1001,64,17
665,722,1494,JK000166,2239,32,827,549,81
665,1292,1494,JK000201,1307,275,548,143,64
665,760,870,Shamela0001466,305,94,204,86,99
665,1352,1445,Sham19Y0145212,1387,1334,1428,43,64
665,0,367,JK000281,1486,1168,1531,289,97
666,866,967,JK007070,320,460,560,75,98
666,785,967,Sham19Y0131521,2242,1113,1280,113,79
666,861,967,JK000142,379,0,111,79,92
666,0,127,JK009152,881,998,1114,80,75
666,785,967,PV2024060602,4975,1226,1392,113,78
666,710,1047,PV2024060602,7640,811,1387,146,30
666,0,127,JK000165,1687,128,264,100,92
666,796,1201,JK000080,288,9,437,289,86
666,1341,1503,JK000080,305,0,171,129,93
666,755,967,JK000264,1292,881,1066,39,15
666,1280,1443,JK000467,737,284,447,111,83
666,796,1047,JK009336,2785,911,1176,170,78
666,793,1047,JK000475,524,528,918,135,44
666,793,967,JK000474,1601,815,985,129,96
666,826,990,JK009318,61,354,527,103,72
666,785,967,Shamela0008540,2031,718,875,101,70
666,710,1047,JK000130,559,660,1236,146,30
666,9,382,Shamela0022347,5,767,1090,165,54
666,793,967,Tafsir02102,459,598,766,127,94
666,793,990,JK007045,288,535,731,136,86
666,755,967,JK011730,1282,1204,1335,47,32
666,793,967,JK000929,215,50,225,116,81
666,796,967,JK000022,2739,532,718,118,78
666,793,967,Shia003488Vols,102,469,631,114,81
666,793,990,Sham19Y0122257,1105,124,320,136,86
666,796,967,Kraken230106005528,979,1169,1334,104,69
666,796,967,Sham19Y0013667,3017,312,474,102,73
666,1280,1443,Sham19Y0014592,970,143,310,124,95
666,853,967,Sham19Y0127677,1217,341,460,86,93
666,719,967,Sham19Y0017729,161,34,288,149,71
666,793,967,Shamela0012884,883,1249,1417,127,94
666,1204,1459,Shamela0012884,892,1027,1290,152,65
666,1280,1443,Shamela0009567,260,136,290,119,92
666,785,976,JK000585,752,69,261,128,83
666,785,967,JK000585,3387,1211,1380,113,78
666,853,967,Shamela0036446,328,526,646,86,92
666,796,967,Sham19Y0001729,1192,749,917,113,85
666,793,967,Sham19Y0001729,1196,787,953,120,89
666,1183,1443,Sham19Y0001729,1198,929,1337,164,48
666,1280,1443,Shamela0021570,102,946,1100,113,83
666,853,967,JK009390,2528,1110,1229,86,93
666,853,981,Shamela0001438,4225,625,768,90,81
666,853,967,JK009274,985,1022,1141,86,93
666,785,967,JK009324,1071,554,728,117,81
666,796,967,JK009324,1078,467,626,112,85
666,853,967,ShamAY0033733,165,423,545,85,90
666,796,967,JK000469,693,1091,1259,112,80
666,719,967,Shamela0001875,627,26,340,157,60
666,1280,1443,JK000485,228,268,422,113,83
666,853,1056,JK008001,2342,313,557,120,53
666,293,467,JK000637,858,450,624,124,86
666,719,990,Sham19Y0017903,367,994,1256,148,60
666,793,967,JK000021,1086,583,755,118,85
666,785,967,Sham19Y0014601,2641,875,1041,115,79
666,755,967,Sham19Y0014601,2642,230,359,39,17
666,796,967,JK000707,194,833,1007,113,82
666,1280,1443,JK000707,197,635,789,113,83
666,785,967,Sham19Y0020591,606,713,880,113,79
666,793,999,Sham19Y0020944,342,502,714,131,74
666,853,967,Sham19Y0013252,2675,1019,1138,85,92
666,1280,1443,Shamela0025794,3374,1143,1297,114,85
666,0,167,JK000166,2239,827,1005,126,87
666,0,167,JK000201,1307,548,721,126,89
666,826,972,Shamela0021735,896,1246,1380,100,89
666,866,990,Sham19Y0145212,1386,787,917,90,90
666,290,488,JK009245,973,634,829,144,89
666,290,467,Shamela0026525,139,820,997,126,86
666,719,981,JK000653,191,901,1236,141,53
667,42,370,JK007070,324,497,803,202,76
667,37,725,JK000165,1691,547,1150,357,60
667,42,379,JK000080,303,849,1189,245,85
667,49,351,JK009336,2793,596,908,223,91
667,45,269,Shamela0036543,2116,838,1060,162,88
667,62,351,JK000583,751,275,573,221,92
667,86,351,Shamela0012014,149,0,243,187,89
667,42,351,Tafsir02102,460,490,790,229,94
667,42,379,Kraken230106005528,983,349,660,200,73
667,42,351,Shia002264,132,879,1221,210,70
667,77,326,Sham19Y0014592,358,274,490,144,75
667,42,281,Sham19Y0014592,969,1174,1423,177,91
667,397,725,Sham19Y0017747,790,167,446,205,78
667,62,351,Shamela0012884,892,4,293,222,97
667,65,273,JK009324,1066,660,830,126,77
667,42,379,EScr20112614,47,299,567,168,61
667,42,351,Shamela0008381,5761,250,544,202,76
667,42,351,Kraken230110004547,510,294,552,186,75
667,45,630,Shamela0021715,2447,27,807,138,16
667,269,725,Shamela0000140,1048,702,1337,281,51
667,405,725,JK000166,2234,449,931,207,48
668,1192,1441,Sham19Y0131521,2258,261,529,173,82
668,1156,1327,JK000264,1304,118,301,133,89
668,1014,1559,JK000754,2600,5,801,219,30
668,113,372,JK007006,1588,0,175,119,57
668,866,1559,Sham19Y0014601,2653,90,644,296,48
668,845,1386,Shamela0021715,2373,167,680,278,56
668,104,660,JK000298,4651,264,870,364,72
668,807,1559,JK000166,2179,433,1219,526,80
669,175,498,Sham19Y0131521,2258,1273,1501,152,56
669,726,1610,Sham19Y0131521,2259,0,860,467,58
669,995,1239,JK000264,1302,1280,1592,184,71
669,1239,1346,JK000264,1303,0,107,85,99
669,185,505,JK000264,1304,573,876,181,59
669,118,430,JK000556,349,63,260,141,54
669,0,619,JK000754,2600,801,1363,322,51
669,534,1618,JK000754,2601,207,1362,600,55
669,118,903,Sham19Y0017747,772,428,1446,493,56
669,1124,1618,Sham19Y0017747,773,16,438,146,32
669,463,903,ShamIbadiyya0000433,492,1026,1359,187,48
669,995,1393,ShamIbadiyya0000433,493,274,738,300,78
669,730,903,Shamela0021715,2374,731,914,125,82
669,30,1397,Shamela0000140,637,324,1487,660,49
669,1393,1587,Shamela0000140,638,133,321,118,73
669,0,283,JK000166,2179,1219,1535,211,79
669,290,1387,JK000166,2180,49,1296,786,73
669,1397,1618,JK000166,2181,87,311,154,82
669,185,619,JK000201,3213,1007,1485,336,85
669,118,406,Sham19Y0018176,616,1329,1501,121,50
669,505,1397,ShamIbadiyya0000438,359,40,1004,590,69
670,6,485,Sham19Y0131521,2259,869,1318,305,75
670,175,615,JK000754,2602,0,668,337,62
670,723,941,Sham19Y0001729,1180,1163,1475,158,63
670,464,710,Shamela0021715,2374,1123,1354,172,84
670,69,386,Masaha003390Vols,277,447,798,123,33
670,710,1036,JK000166,2180,1296,1566,205,78
670,0,615,JK000166,2181,325,1246,468,62
671,802,1043,JK000584,753,641,957,137,47
671,412,759,Sham19Y0122096,2891,338,570,154,54
671,419,1177,ShamAY0035035,3746,714,1077,193,32
671,317,759,JK000216,380,63,503,288,74
671,765,1177,JK000298,3731,934,1313,259,74
671,412,720,JK000298,3732,176,458,214,84
672,93,629,JK011730,994,861,1224,273,61
672,764,998,JK000916,2028,810,989,126,65
672,105,509,JK009298,1084,727,1127,95,23
672,764,998,Shamela0004445,4687,365,524,99,52
672,764,998,JK007082,20,212,393,131,68
672,764,998,JK007082,609,1186,1366,130,68
672,764,998,Shamela0003118,870,1366,1545,127,65
672,1265,1390,JK009333,27,300,425,101,100
672,764,998,Sham19Y0145334,46,1348,1511,114,61
672,761,998,JK000001,843,567,758,135,68
674,228,432,ShamAY0035035,3955,623,1221,141,29
674,491,815,ShamAY0035035,3956,0,518,222,51
674,1187,1685,ShamAY0035035,3957,0,1181,391,39
674,1387,1685,JK001197,102,428,720,231,88
674,216,474,JK000001,843,1052,1475,116,27
674,474,1685,JK000001,844,0,1139,895,88
675,302,1304,ShamAY0035035,3958,19,1404,712,60
675,183,396,JK001197,102,714,925,156,88
675,0,508,JK000001,844,1139,1628,367,88
675,508,1304,JK000001,845,0,744,589,88
676,120,757,JK009321,134,0,1335,319,25
676,180,608,Shamela0021681,18,28,366,125,31
676,1147,1313,JK000123,1443,353,538,126,87
676,180,608,JK000916,12856,821,1190,119,26
676,10,268,JK000916,15911,1273,1512,186,89
676,1195,1307,JK009298,998,418,543,89,89
676,180,608,Shamela0000736,4145,505,824,123,32
676,49,608,Shamela0012031,940,1051,1439,153,31
676,1151,1307,ShamAY0035035,6048,486,709,122,69
676,21,315,ShamAY0035035,6058,1057,1338,204,84
676,180,608,ShamAY0034809,287,846,1186,131,33
676,180,594,Sham19Y0023644,4794,1172,1412,113,32
676,180,608,JK000021,1696,260,599,129,32
676,180,608,JK009186,15,791,1117,125,32
676,1151,1387,JK000001,1641,969,1606,181,35
677,648,857,JK009321,133,578,790,157,90
677,633,871,ShamAY0035035,6068,200,429,160,81
677,876,1115,Shia002264,35,900,1179,189,83
677,304,480,Kraken220414225509,71,104,280,118,80
678,526,1064,Sham19Y0122096,3595,987,1507,324,63
678,992,1175,JK000754,2368,579,774,139,85
678,992,1175,Shia001432Vols,20600,1044,1283,146,75
678,0,379,JK011730,1539,1259,1531,179,52
678,393,1175,JK011730,1540,118,955,458,57
678,234,372,Sham19Y0122257,86,464,613,102,84
678,0,1000,ShamAY0035035,3534,64,1198,485,43
678,239,372,Sham19Y0133377,7,403,544,92,82
678,393,570,JK007006,1550,29,176,100,69
678,53,434,Sham19Y0018272,1956,725,956,60,14
678,742,972,Sham19Y0018272,1957,0,425,155,44
678,0,657,JK000298,4542,597,1431,443,62
678,667,1175,JK000298,4543,108,595,376,88
678,681,972,Shamela0007562,156,289,764,195,49
678,992,1175,JK000166,7306,204,489,146,63
678,393,570,JK000201,3135,680,838,100,65
678,987,1175,JK009245,560,601,861,141,67
678,1249,1629,JK009333,27,690,1063,294,95
679,743,1558,JK009298,990,585,1409,607,88
679,764,1489,ShamAY0035035,6063,747,1438,473,75
679,0,445,JK009333,27,1063,1507,351,96
680,621,830,JK009321,133,72,315,160,81
680,1027,1383,JK007044,5208,490,893,249,73
680,601,830,ShamAY0035035,6040,366,596,167,87
680,1102,1508,Kraken220414225509,70,843,1264,315,90
681,1332,1556,Sham19Y0014556,766,916,1141,172,93
681,599,1257,JK007084,218,456,1144,510,93
682,329,487,Sham19Y0014556,768,1112,1270,126,100
682,501,719,JK007084,220,773,1001,156,83
682,709,913,JK009333,27,1023,1226,160,97
683,0,388,JK009333,27,1250,1507,194,60
683,388,1490,JK009333,28,0,796,653,71
688,128,493,JK000916,17721,374,677,219,74
688,85,493,JK000022,1866,0,405,304,89
688,0,496,ShamAY0035035,9426,147,638,344,82
688,128,493,Shamela0004445,4395,203,512,221,74
688,128,493,JK007082,445,560,863,222,75
688,128,493,JK007082,607,40,334,213,72
688,11,493,ShamAY0038174,83,778,1251,344,86
688,128,493,Shamela0003118,5158,764,1065,220,74
688,0,162,JK000071,524,1340,1487,107,80
688,11,493,Shamela0008216,84,209,684,344,86
688,0,493,JK000001,3127,740,1215,355,88
689,826,944,JK007070,115,63,396,63,22
689,813,955,Shamela0021766,711,211,557,81,29
689,813,973,Sham19Y0122096,3915,790,1235,81,20
689,324,502,ShamAY0035035,6433,391,612,119,64
689,775,973,Sham19Y0127677,2283,42,395,95,28
689,356,487,JK005021,368,1132,1261,99,93
689,826,973,JK009390,2269,653,825,75,53
689,775,944,Sham19Y0023625,2269,749,914,107,78
689,813,973,JK009274,969,208,367,77,60
689,710,877,Tafsir05047,99,1098,1334,81,43
689,813,944,JK007006,1680,1195,1440,80,41
689,710,973,JK008001,824,246,905,124,21
689,826,973,Shamela0021659,1399,1210,1408,79,50
689,813,1006,Sham19Y0018272,2112,390,723,123,46
689,775,966,Shamela0000140,178,983,1166,112,69
691,1406,1516,Sham19Y0020891,2221,1037,1150,87,94
691,263,961,JK009333,28,691,1270,449,77
691,1406,1516,JK001496,731,1145,1258,87,94
691,849,967,AOCP20251104112,90,518,1020,77,19
692,887,1006,JK007006,1624,953,1067,84,86
693,379,604,JK007070,145,1136,1334,108,48
693,408,609,Sham19Y0014309,1619,1404,1558,120,74
693,413,604,Sham19Y0038171,1700,1172,1337,130,82
693,360,604,Sham19Y0038171,1772,503,761,133,57
693,413,604,Sham19Y0038171,1781,736,884,113,73
693,413,604,ShamAY0035035,6365,974,1139,129,82
693,413,604,ShamAY0035035,6568,121,270,113,73
693,379,604,Shia002261Vols,181,24,211,118,66
693,413,623,Shamela0001438,8368,1004,1178,124,73
693,168,322,JK007006,734,400,557,123,98
693,421,815,JK007006,798,320,610,127,32
693,379,623,JK008001,6247,602,1061,118,30
693,451,623,Shamela0021659,742,230,373,105,76
693,451,815,Sham19Y0018272,1059,221,470,120,33
693,451,919,JK000298,2426,817,1179,214,48
693,1103,1485,JK001480,1136,0,331,253,80
694,951,1231,ShamIbadiyya0000109,7216,336,544,154,69
694,969,1190,ShamIbadiyya0000050,605,585,796,127,60
694,182,615,Shia001544Vols,527,0,392,191,49
694,1065,1478,Sham19Y0038171,1772,11,437,227,56
694,951,1140,JK011730,935,1124,1267,102,65
694,951,1140,Shamela0098087,147,790,938,99,62
694,951,1478,ShamAY0035035,6521,612,1212,271,48
694,969,1483,JK005021,378,235,557,222,54
694,969,1140,Kraken220413202218,571,160,278,88,64
694,951,1169,AOCP20251104049,120,1361,1526,120,68
694,951,1483,JK000001,1839,208,671,313,66
695,393,810,ShamIbadiyya0000109,7283,6,366,124,28
695,28,158,JK000123,1446,888,1019,89,75
695,310,1446,JK000123,1462,71,1053,501,49
695,363,724,Sham19Y0038171,1737,773,1073,114,32
695,687,810,Sham19Y0008889,182,0,188,75,51
695,9,158,JK007117,1940,572,722,102,76
695,373,1446,Sham19Y0017747,2346,178,1437,566,48
695,9,174,JK000585,1084,1049,1216,113,77
695,347,635,JK000216,20,1141,1476,133,41
695,570,810,Sham19Y0127660,1543,4,562,99,23
695,657,810,Sham19Y0023625,2870,996,1256,99,48
695,9,158,Sham19Y0020986,22,1017,1167,103,77
695,28,259,ShamIbadiyya0000433,1043,1021,1246,152,75
695,13,158,Sham19Y0023618,406,0,146,100,76
695,1146,1470,Sham19Y0018272,61,481,738,155,59
695,789,1234,Sham19Y0018272,2248,1335,1547,138,38
695,653,810,JK000071,194,707,893,104,73
695,18,158,JK001503,3503,0,141,95,75
695,9,163,Sham19Y0013252,4975,1083,1201,93,75
695,9,187,Sham19Y0013252,8574,1307,1446,100,71
695,1152,1456,Sham19Y0013252,8931,742,1183,139,36
695,28,269,JK000166,8248,605,846,165,80
695,806,1194,JK000166,8300,902,1376,257,61
695,526,806,JK000166,8300,0,271,207,93
695,1189,1491,JK000166,8301,88,405,233,92
695,18,259,JK000201,2671,629,871,162,79
695,810,1465,JK000201,2744,724,1215,378,71
695,329,1039,Sham19Y0018176,2233,1129,1504,188,30
695,992,1389,Sham19Y0018176,2234,18,311,170,51
695,28,259,ShamIbadiyya0000438,937,109,340,155,77
696,695,889,Sham19Y0017437,1655,70,342,132,60
696,533,1484,JK000754,2309,3,994,622,68
696,641,889,Shia001432Vols,22945,679,1059,152,47
696,559,1142,JK000123,1448,355,1030,423,74
696,210,384,JK000123,1462,1090,1247,106,70
696,0,207,Sham19Y0013605,4337,1267,1510,125,61
696,0,207,Shamela0005756,13807,634,870,118,57
696,636,879,Shamela0098087,141,1117,1474,164,54
696,695,879,ShamAY0035035,6442,868,1131,130,62
696,517,632,Sham19Y0017747,2328,1506,1615,88,94
696,632,1148,Sham19Y0017747,2329,0,609,411,82
696,210,384,Sham19Y0017747,2347,11,163,106,71
696,620,1359,Hindawi040635716,108,321,939,162,19
696,401,977,Shamela0021715,9178,721,1446,424,70
696,977,1497,Shamela0021715,9179,0,549,344,70
696,512,668,Sham19Y0018272,61,733,884,115,91
696,3,207,JK000298,232,896,1066,126,78
696,0,994,JK000166,8301,405,1490,769,87
696,994,1564,JK000166,8302,0,544,411,85
696,641,889,JK000001,1799,612,985,162,52
697,1185,1470,Shamela0021592,195,1177,1487,173,61
697,704,907,Shia001432Vols,19821,1071,1279,158,90
697,704,1090,Shia001432Vols,21842,190,566,301,92
697,1175,1470,ShamIbadiyya0000109,7168,951,1277,112,32
697,713,1090,Tafsir02102,4170,820,1187,294,94
697,704,907,JK006478,96,1230,1436,155,89
697,704,1090,ShamAY0035035,5801,34,422,285,82
697,713,1090,Rafed0003591Vols,379,740,1057,213,64
697,1166,1654,JK000172,635,488,1152,276,47
697,1175,1654,Sham19Y0032197,756,449,1309,346,49
697,1182,1509,Sham19Y0122142,890,390,1149,219,35
697,713,1076,Shia004704,174,842,1154,207,64
697,704,907,Shia003961Vols,1848,451,657,156,90
697,1175,1654,Sham19Y0014252,511,390,1018,351,68
697,713,1076,Tafsir04040,1457,138,526,203,60
697,218,630,JK009333,28,1284,1682,327,95
697,751,1090,JK000001,1529,0,329,266,94
698,307,513,Shamela0026668,292,1050,1270,145,83
698,326,513,JK009390,3624,962,1158,102,65
698,1165,1425,JK007084,783,0,266,191,91
698,307,513,Shamela0009107BK1,120,818,1007,115,70
700,628,918,Shamela0009823,532,362,699,210,76
700,673,918,JK011730,584,947,1179,174,82
700,988,1213,JK011730,681,418,620,127,70
700,1014,1213,Kraken220414225509,41,1070,1277,153,92
700,628,918,Kraken220414225509,80,977,1284,223,88
700,632,918,Shia001391,184,1290,1594,192,73
701,563,998,ShamAY0035035,5812,347,1358,310,38
701,1002,1265,ShamAY0035035,5813,53,360,196,76
701,1484,1597,Kraken220414225509,42,1008,1125,89,94
701,1002,1272,JK000298,1576,223,486,201,87
701,586,998,JK000298,3700,78,728,277,50
701,672,1265,JK000001,1535,66,1166,451,50
701,1272,1422,JK000001,1536,408,565,121,93
702,1272,1545,Sham19Y0123663,150,989,1275,211,92
702,211,530,Sham19Y0123663,152,185,449,187,70
702,0,198,Kraken220414225509,42,1125,1407,150,69
702,0,198,ShamAY0034797,177,464,659,151,98
703,774,1197,AOCP20251104144,220,65,473,313,90
703,0,260,Sham19Y0123663,150,1275,1537,204,97
703,260,405,Sham19Y0123663,151,0,148,118,97
703,605,1204,JK000298,4988,60,655,461,93
703,714,1204,JK009323,16,63,558,361,86
704,730,920,JK011730,679,738,884,106,70
704,1229,1546,Sham19Y0123663,151,849,1099,125,49
704,693,913,Kraken220414225509,41,1285,1498,157,85
704,913,1060,Kraken220414225509,42,0,147,108,92
705,339,471,Sham19Y0038171,931,46,489,68,18
705,270,908,Kraken220414225509,43,61,351,217,41
705,1379,1658,JK000001,1562,624,1241,212,42
706,1147,1308,Kraken220208041040,724,451,601,121,92
706,977,1588,Shamela0098087,116,963,1427,230,41
706,1065,1588,ShamAY0035035,5836,201,1004,349,53
706,514,885,ShamAY0035035,5866,64,809,249,41
706,1083,1588,Kraken220413202218,469,471,899,233,51
706,1016,1573,JK000001,1548,785,1554,401,63
706,444,590,JK000001,1563,1282,1510,87,49
706,590,865,JK000001,1564,85,518,193,54
707,1319,1518,AOCP20251104122,129,697,893,155,95
707,1319,1531,JK009141,934,1066,1276,166,95
707,1314,1591,Shamela0000894,769,262,558,183,70
707,1319,1574,Shamela0000894,3805,612,889,179,75
707,1319,1555,Sham19Y0014309,314,607,894,175,73
707,1319,1518,PV2024060602,6766,1156,1351,156,96
707,1319,1518,Shamela0021766,188,106,301,156,96
707,1319,1518,Shamela0021766,1085,1055,1250,153,94
707,1314,1555,Tafsir02096,219,428,691,170,76
707,1319,1518,JK009336,277,1275,1469,155,95
707,1319,1518,Sham19Y0145435,4909,404,593,146,90
707,1363,1518,JK000475,2419,0,150,113,85
707,1319,1518,Tafsir04056,813,450,645,156,96
707,1319,1518,ShamIbadiyya0000050,1195,677,870,144,87
707,1319,1621,Shamela0008473,823,693,1126,202,56
707,1319,1518,Sham19Y0038171,1507,64,267,156,92
707,1319,1518,JK007045,18,1179,1374,156,96
707,1319,1518,Sham19Y0150960,1294,475,670,155,95
707,1319,1531,JK011730,679,1324,1612,162,67
707,1319,1518,Shamela0011438,33,1091,1289,149,87
707,1319,1518,Tafsir06051,478,1334,1536,155,92
707,1319,1518,ShamAY0035035,5804,209,412,155,92
707,1319,1518,Rafed0003591Vols,381,656,851,156,96
707,1319,1555,Kraken230106005528,101,609,913,172,67
707,1319,1518,Shamela0001397,433,1327,1529,153,91
707,1319,1518,Sham19Y0014592,1280,1067,1247,135,82
707,1319,1518,Tafsir01005,1015,752,935,146,90
707,1319,1518,Sham19Y0127677,730,1222,1418,155,95
707,1319,1531,Sham19Y0017729,432,1111,1321,166,95
707,1319,1518,Shamela0012884,856,129,324,156,96
707,1319,1518,JK000679,143,684,879,156,96
707,815,1118,Sham19Y0123663,151,373,625,144,54
707,1319,1518,Shia002261Vols,123,807,1008,156,93
707,1319,1518,AOCP20251104125,12,439,643,155,91
707,1319,1518,JK009268,18,1370,1565,156,96
707,1319,1518,Sham19Y0014119,10,949,1144,156,96
707,1319,1518,Rafed0003257Vols,836,434,629,156,96
707,1319,1518,Tafsir07057,599,1123,1332,146,80
707,1319,1591,Sham19Y0013614,45,1005,1284,176,77
707,1319,1518,Shamela0036446,919,15,217,153,91
707,1319,1518,Sham19Y0001729,427,795,956,127,77
707,1319,1534,JK009362,7311,930,1140,160,91
707,1319,1591,JK009390,657,230,464,173,76
707,1319,1621,Shamela0001438,1631,808,1178,210,65
707,1319,1587,JK009274,349,542,771,172,77
707,1319,1518,Shamela0004445,88,563,752,149,91
707,1319,1555,Shamela0023628,389,163,430,175,78
707,1319,1518,Sham19Y0016976,121,120,315,156,96
707,1319,1518,Sham19Y0023618,227,723,920,155,95
707,1319,1518,JK000485,999,529,690,127,77
707,1319,1587,JK008001,137,1145,1368,173,79
707,1319,1531,Sham19Y0017903,917,51,242,151,86
707,1319,1518,Shia004704,173,527,736,156,90
707,1319,1518,Zaydiyya0000413Vols,841,1058,1254,147,87
707,1314,1518,Shamela0006947,4944,640,841,155,93
707,1322,1621,Shamela0006947,7687,760,1041,175,70
707,1319,1621,Shamela0006947,20434,213,496,180,71
707,1319,1518,JK000940,187,674,874,147,86
707,1319,1591,Shamela0021659,572,1077,1310,173,76
707,1319,1518,Sham19Y0017791,61,1148,1343,156,96
707,1319,1462,Shamela0008061,11,1312,1458,112,90
707,1319,1518,Shia001174Vols,1330,969,1143,138,85
707,1319,1518,Shia001174Vols,3075,723,893,134,82
707,1319,1621,Sham19Y0017063,30,55,400,202,68
707,1319,1518,Kraken220204081839,239,749,945,155,95
707,1319,1518,Tafsir04040,1457,939,1129,152,93
707,1319,1462,Shamela0004473,6250,1474,1612,112,95
707,1319,1555,Kraken220727035853,486,712,977,165,73
707,1319,1518,JK000056,265,161,350,150,92
707,1319,1518,Shamela0007798,1776,952,1149,154,94
707,1319,1494,Shamela0007798,1777,1406,1572,118,75
707,1319,1518,Tafsir02100,22,1201,1386,141,84
707,1319,1518,Kraken2107192213391,74,584,779,155,95
707,1319,1518,Sham19Y0023608,51,884,1086,155,92
707,1319,1518,Sham19Y0023608,1521,1009,1206,149,88
707,1305,1518,Sham19Y0023608,2390,1044,1261,158,88
707,1319,1518,JK006474,437,423,627,152,89
707,1319,1518,Tafsir09050,349,527,717,143,85
708,1322,1417,Sham19Y0123663,151,1468,1562,69,93
708,783,904,JK010473,46,1063,1180,89,92
708,783,920,Shamela0010273,113,732,871,109,97
708,783,915,Shamela0010273,3090,372,504,106,100
708,502,1272,JK009333,29,24,798,579,88
708,783,935,AOCP20251104112,87,876,1027,116,96
709,0,242,JK009321,145,106,662,114,22
709,1090,1339,Sham19Y0038171,1191,549,745,135,67
709,1090,1339,ShamAY0035035,4730,1018,1214,135,67
709,1110,1339,JK005021,229,1321,1446,87,46
709,1110,1231,JK010473,46,1063,1180,89,92
709,1110,1242,Shamela0010273,113,732,864,106,100
709,1110,1246,Shamela0010273,3090,372,508,107,98
709,1090,1246,JK009333,29,282,439,121,94
709,1090,1339,JK000001,1130,687,941,131,52
709,1110,1246,AOCP20251104112,87,876,1012,106,96
710,1330,1468,Shia000806Vols,210,1459,1594,77,64
710,737,923,Hindawi085853519,78,435,638,135,80
710,733,923,ShamIbadiyya0000109,7599,1101,1305,141,83
710,733,923,Sham19Y0038171,2082,587,822,141,72
710,733,923,ShamAY0035035,7905,706,936,140,72
710,733,923,Shia004042Vols,182,934,1125,138,83
710,1330,1539,Shia003723,3,303,496,113,63
710,748,923,JK000001,2541,11,186,127,87
711,616,785,JK009321,107,1261,1457,127,81
711,603,781,Kraken220413030759,454,636,862,134,74
711,616,792,Sham19Y0017817,206,1153,1361,135,81
711,616,798,Sham19Y0036110,266,1255,1448,133,85
712,775,1760,JK009333,29,687,1075,292,34
713,792,1229,JK009390,2255,105,581,113,19
713,792,1229,JK009274,957,676,1072,109,20
713,780,1090,JK007006,1668,878,1226,179,52
713,780,1090,Sham19Y0018272,2097,423,806,177,48
713,0,498,JK009333,29,1075,1578,399,96
714,1480,1605,JK010191,17,434,556,96,96
714,1480,1605,JK000001,999,383,530,99,85
715,1303,1524,AOCP20251104103Vols,1101,731,1353,154,30
715,1303,1511,JK009152,2391,1197,1437,121,56
715,1299,1524,Shamela0098087,13,795,1065,139,61
715,1328,1588,Kraken220809002354,198,511,865,130,45
715,1328,1514,JK000585,2282,526,787,112,52
715,1299,1524,JK007054,1104,1125,1385,139,64
715,63,597,Shamela0001438,3749,578,884,147,30
715,1299,1524,Kraken220413202218,55,512,764,135,61
715,87,314,JK008001,1007,697,959,58,18
715,1328,1514,JK000005,183,1216,1477,107,51
715,1424,1524,JK000001,129,924,1024,75,90
715,1299,1592,JK000001,995,335,614,217,90
716,1186,1439,Sham19Y0014297,95,89,217,100,49
716,591,990,Sham19Y0014297,2045,773,1302,187,34
716,1182,1431,JK000241,99,728,854,96,48
716,683,967,Sham19Y0149697,3611,226,559,72,22
716,600,931,JK007132,1073,0,592,156,27
716,1186,1439,JK000281,158,1031,1160,100,49
718,682,979,Shamela0037458,2311,679,869,142,60
718,750,1044,Shamela0012884,3071,1141,1442,209,81
718,674,1435,Shamela0012884,3072,0,680,278,38
718,1186,1511,Shamela0012884,3073,233,574,221,80
718,462,621,JK001480,492,242,411,106,70
718,685,979,JK000961,80,160,362,134,53
719,666,892,JK009141,867,434,649,141,75
719,666,892,Sham19Y0131521,6285,194,405,138,73
719,666,892,JK000142,1106,78,285,132,69
719,2,338,Shia001432Vols,23128,1197,1451,169,60
719,2,121,JK007045,724,1184,1308,92,95
719,638,882,JK007045,729,491,732,147,68
719,2,240,Sham19Y0122257,2802,1124,1322,129,64
719,666,882,ShamAY0035035,4711,68,277,154,92
719,666,882,Shia002264,376,508,713,132,73
719,2,380,Sham19Y0014592,669,168,496,226,70
719,1111,1517,Shamela0012884,3075,1078,1469,280,78
719,1111,1576,Shamela0012884,3076,349,762,118,20
719,2,121,Shamela0012884,3077,1345,1468,92,95
719,178,491,Shamela0012884,3078,6,351,237,84
719,662,882,Shia002261Vols,394,930,1153,159,90
719,666,882,Shamela0010517,162,1268,1482,156,92
719,666,882,Shamela0010517,2034,562,775,156,93
719,666,882,Shamela0010517,2547,103,316,156,93
719,666,882,JK009390,2015,899,1112,156,93
719,2,352,JK000015,39,622,1064,184,52
719,666,882,Shamela0001438,3603,956,1168,151,88
719,666,882,JK009274,851,986,1199,156,93
719,666,892,Shamela0008241,18,327,552,143,73
719,666,782,JK000055,158,280,495,78,45
719,666,882,Sham19Y0148271,560,10,230,137,73
719,666,882,Sham19Y0023618,1209,629,832,133,73
719,655,882,JK007006,1530,80,528,163,46
719,192,359,JK000021,2278,30,203,130,95
719,666,882,Shamela0021659,1191,977,1191,156,92
719,740,882,JK000298,4494,110,439,103,40
719,666,789,Sham19Y0020591,1808,1333,1445,72,66
719,666,882,Shamela0025794,3012,1202,1420,137,74
719,2,240,Sham19Y0145212,2981,1224,1408,129,68
719,740,882,Sham19Y0145212,3001,0,146,101,88
719,666,889,Zaydiyya0000328,145,470,681,140,75
720,180,549,JK000080,877,1010,1323,160,52
720,0,424,JK000583,534,1123,1355,128,37
720,387,573,Shamela0021765,1825,1250,1443,136,87
720,177,549,JK011730,1613,100,472,138,34
720,379,549,ShamAY0035035,4773,1352,1521,122,87
720,742,1096,ShamAY0035035,4788,319,665,220,66
720,376,573,Shamela0009379,14,549,777,141,78
720,742,1096,ShamAY0034059,6333,760,1052,214,74
720,177,642,Shia002264,415,348,793,159,31
720,376,573,JK000883,639,1065,1286,137,78
720,150,424,Shamela0013174,1200,294,588,166,69
720,0,652,Shamela0012884,3076,762,1465,491,86
720,379,549,JK005021,236,0,150,107,77
720,376,573,JK000485,594,580,784,144,88
720,376,718,JK000021,2271,544,1052,255,63
720,376,573,JK000476,56,905,1119,135,80
720,376,573,JK009226,697,946,1163,142,82
720,180,549,JK000961,412,924,1214,166,55
720,44,642,JK010244,6,512,966,230,44
720,379,642,JK000001,1146,1026,1234,138,66
720,742,932,JK000001,1151,1345,1524,138,91
721,89,1562,JK009321,305,0,1381,806,55
721,1019,1444,JK000916,21420,745,1171,298,85
721,1054,1417,Shamela0001347,97,1174,1485,209,71
721,1019,1437,ShamAY0034059,801,94,509,303,89
721,415,804,Shamela0010906,5636,127,522,282,84
721,509,811,Shamela0006739,865,0,294,201,78
721,374,811,Shamela0035100,6509,428,863,293,77
721,1062,1417,Shamela0003118,6162,0,356,264,92
722,0,170,JK009321,305,1381,1545,127,94
722,170,302,JK009321,306,0,139,101,94
722,22,302,Kraken220208041038,261,1117,1436,211,83
722,834,1568,AOCP20251104127,17,152,1056,521,66
722,1262,1449,Shia001544Vols,1217,592,777,141,90
722,111,302,Shamela0001347,129,0,195,141,93
722,552,834,ShamAY0035035,4546,372,830,216,56
722,966,1482,ShamAY0035035,4547,17,911,346,45
722,43,298,Kraken21040802,120,390,662,140,59
722,819,1270,ShamAY0002038,555,272,716,281,66
722,552,1228,Kraken220413202218,338,0,808,329,39
722,1482,1653,Kraken220413202218,339,1172,1321,112,70
722,25,305,Sham19Y0023644,5405,739,1011,167,70
722,544,952,Shamela0006947,751,944,1684,308,50
722,952,1482,Shamela0006947,752,0,721,367,58
722,1482,1653,Shamela0006947,784,1109,1288,143,94
722,536,1525,Shamela0010273,2929,1058,1647,443,54
722,25,302,JK000279,414,244,461,161,74
722,0,309,JK000279,915,442,676,153,64
722,853,1254,JK001197,123,0,430,267,66
722,1482,1653,JK001197,124,558,722,129,84
722,43,302,Shamela0037325,3042,481,711,121,51
722,552,853,JK000001,1055,1165,1510,227,78
722,844,1482,JK000001,1056,273,1007,460,70
723,695,1421,Shamela0098087,75,448,1309,271,31
723,695,994,ShamAY0035035,4579,972,1513,182,36
723,1123,1381,Kraken220413202218,343,1136,1481,161,53
723,56,309,Shamela0006947,785,724,1141,142,42
723,400,660,Shamela0006947,1111,30,299,204,94
723,0,1643,Shamela0010273,2930,87,1364,976,72
723,400,652,Hindawi081316951,399,1014,1288,190,87
723,400,660,JK001197,125,529,793,199,92
723,695,1034,JK001197,128,760,1288,272,62
723,1034,1455,JK001197,129,69,608,254,53
723,400,660,JK000001,1062,224,495,203,93
723,797,1034,JK000001,1071,0,236,191,97
723,1034,1455,JK000001,1071,852,1464,253,47
724,0,943,AOCP20251104127,19,243,1282,392,35
724,0,752,Kraken220413030759,322,260,1254,422,46
724,201,732,ShamAY0035035,4595,30,1401,387,34
724,0,321,Shamela0010273,2930,1364,1618,204,78
724,321,1424,Shamela0010273,2931,0,824,551,56
724,201,457,Hindawi081316951,398,1140,1588,181,48
724,457,878,Hindawi081316951,399,0,479,334,85
724,283,752,Sham19Y0036110,374,276,900,320,60
724,446,752,Hindawi059507481,178,270,617,227,77
724,0,196,JK000001,1076,1179,1445,139,65
724,201,882,JK000001,1078,343,1277,518,67
725,0,770,ShamAY0035035,4358,134,1497,592,53
725,770,922,ShamAY0035035,4359,0,231,118,64
725,973,1199,ShamAY0035035,4788,108,304,131,63
725,0,415,Shamela0000432,5484,882,1194,244,72
725,0,453,JK000913,4412,312,735,251,65
725,1207,1337,JK009333,29,1438,1578,101,91
725,0,835,JK000001,978,663,1509,640,92
726,98,291,Sham19Y0014297,2033,605,883,125,55
726,826,1592,JK009333,30,0,732,587,94
727,228,398,Shamela0098087,213,1333,1492,113,79
727,805,1465,Shamela0098087,214,878,1450,353,59
727,412,819,Shamela0098087,214,140,510,219,60
727,486,819,ShamAY0035035,7530,56,636,233,49
727,812,1465,ShamAY0035035,7534,370,1633,465,44
727,228,819,Kraken220413202218,796,94,901,330,45
727,812,1612,Kraken220413202218,797,329,1488,435,41
727,252,569,Shia004042Vols,613,1249,1566,128,39
727,819,1457,Shia004042Vols,614,978,1604,306,51
727,195,657,JK001197,296,951,1561,305,58
727,812,1465,JK001197,297,930,1492,387,67
727,657,819,JK001197,297,0,205,107,61
727,195,383,JK000001,2351,70,248,117,70
727,395,819,JK000001,2352,55,541,295,73
727,812,1465,JK000001,2353,949,1635,487,84
728,649,843,JK009321,177,0,189,145,92
728,625,852,Sham19Y0038171,2305,115,329,164,90
728,625,902,ShamAY0035035,9143,675,969,179,73
728,1153,1545,Sham19Y0014556,749,1222,1539,244,76
729,118,568,Sham19Y0122096,1654,893,1297,174,37
729,278,770,Kraken220413030759,1808,208,981,348,54
729,760,1435,Kraken220413030759,1809,148,1025,438,58
729,248,636,ShamIbadiyya0000109,7906,5,435,128,26
729,44,242,JK011730,1155,1131,1310,134,80
729,664,1130,JK011730,1156,743,1112,198,47
729,300,645,ShamAY0035035,7551,793,1462,263,48
729,861,1179,ShamAY0035035,7554,0,544,205,42
729,1194,1346,ShamAY0035035,7555,1493,1644,112,88
729,1191,1350,Sham19Y0032197,755,65,234,120,88
729,1210,1360,Sham19Y0023625,2795,11,166,110,90
729,760,1179,Sham19Y0122142,887,678,997,228,64
729,103,560,JK000298,2384,86,457,237,62
729,44,696,JK000298,4412,22,592,314,49
729,791,1130,JK000298,4413,0,289,183,61
729,1191,1360,Sham19Y0014252,510,321,500,129,89
729,70,513,Shia004042Vols,616,444,1049,203,33
729,61,636,JK001197,299,575,1264,379,59
729,664,1306,JK001197,300,67,389,172,31
729,44,310,JK000001,2358,1018,1471,215,57
729,300,753,JK000001,2359,410,1090,342,60
729,835,1179,JK000001,2361,0,337,224,71
729,1194,1422,JK000001,2362,646,871,169,92
731,0,506,JK009321,320,94,631,333,70
731,663,1017,Sham19Y0123663,36,930,1257,203,64
731,233,595,Shamela0009801,99,11,398,186,51
731,242,419,JK009236,509,811,967,119,81
732,441,1683,JK000088,226,0,1398,757,58
732,542,1066,Shamela0001524,2428,1069,1609,313,63
732,1047,1673,Shamela0001524,2429,10,500,298,51
737,1013,1247,Shamela0001417,640,199,376,143,74
737,1062,1247,JK001480,1111,1116,1303,147,96
738,434,863,ShamAY0035250,65,253,639,286,82
738,434,852,JK009141,1082,665,1014,266,82
738,434,1382,JK009152,715,776,1401,440,56
738,606,852,Shamela0000894,7868,0,199,151,77
738,434,852,PV2024060602,1701,53,433,282,83
738,413,852,Shia000181,515,932,1312,284,82
738,1110,1388,JK000264,3663,763,944,136,60
738,426,1361,JK001012,94,441,1419,334,30
738,434,852,JK009336,956,1011,1406,272,77
738,434,875,JK000011,125,495,886,290,83
738,593,863,JK000583,447,0,208,158,74
738,584,1388,Sham19Y0122096,2246,0,1073,425,42
738,413,863,Shamela0012014,395,609,1038,296,78
738,617,1539,JK000123,1508,0,1005,523,54
738,446,852,Sham19Y0013605,4448,952,1307,273,85
738,1096,1388,Sham19Y0013605,4449,4,257,183,75
738,482,852,Sham19Y0038171,781,49,473,239,64
738,434,1012,Shamela0005756,14018,204,733,340,73
738,1007,1539,Shamela0005756,14019,490,980,323,68
738,434,863,JK007045,365,710,1078,270,80
738,449,852,Shamela0023644,1461,994,1424,248,61
738,482,997,ShamAY0035035,3208,433,1057,306,57
738,434,779,Sham19Y0016684,1873,1189,1541,264,94
738,426,852,Sham19Y0014592,736,27,260,151,43
738,426,852,Sham19Y0014592,2779,291,661,269,79
738,1145,1382,Sham19Y0016946,700,0,241,179,91
738,587,881,Tafsir01005,1153,0,253,176,75
738,587,1388,Sham19Y0018103,3731,0,445,309,48
738,482,867,Sham19Y0127677,1507,1083,1399,232,77
738,426,852,Shamela0023685,1342,945,1302,264,79
738,434,1007,Sham19Y0017747,2432,69,1050,393,48
738,1080,1539,Sham19Y0017747,2433,12,458,305,75
738,434,852,Sham19Y0018106,3817,1079,1459,282,83
738,434,852,Sham19Y0127700,200,893,1269,273,81
738,79,326,Sham19Y0123663,178,42,277,177,87
738,482,852,Shia002261Vols,243,476,791,244,84
738,455,881,Sham19Y0014119,208,1012,1393,276,80
738,434,765,ShamAY0034134,513,1064,1409,246,87
738,434,779,Shamela0036446,1367,1146,1470,238,85
738,482,852,JK009390,1458,501,820,243,83
738,590,852,ShamAY0033741,45,0,208,159,78
738,651,863,Sham19Y0023625,2781,190,344,116,69
738,482,755,JK009274,574,1230,1521,206,86
738,439,852,JK007065,295,0,364,275,84
738,434,863,JK009324,3470,396,776,282,83
738,418,852,Sham19Y0020638,1253,291,708,293,80
738,434,852,Shamela0001341,75,408,774,277,84
738,455,852,Sham19Y0016976,768,957,1300,266,85
738,1065,1388,JK007006,1021,92,264,120,45
738,482,852,JK008001,279,224,543,243,83
738,500,852,Shamela0037837,745,0,318,233,81
738,576,852,Sham19Y0017903,945,0,234,171,77
738,598,852,Shamela0008381,5875,0,203,156,79
738,434,852,Kraken230110004547,177,547,912,261,78
738,455,875,Sham19Y0132416,98,526,872,262,79
738,434,863,Shamela0021715,9427,945,1339,292,84
738,945,1539,Shamela0021715,9428,392,1243,303,37
738,434,852,JK000110,1701,53,433,282,83
738,482,852,Shamela0021659,712,693,1011,244,83
738,871,1209,Sham19Y0018272,1313,134,443,119,30
738,455,786,Sham19Y0017791,759,1075,1402,254,98
738,576,852,Sham19Y0017791,760,415,735,169,58
738,871,1388,JK000298,3048,577,1376,277,37
738,455,863,Masaha001946Vols,1278,144,483,264,82
738,434,863,Sham19Y0127656,728,1003,1437,284,74
738,410,863,JK001249,364,327,741,297,80
738,455,852,Sham19Y0017063,499,359,703,264,85
738,871,1513,Shamela0000140,2213,502,1251,379,53
738,617,863,Shamela0000140,2214,184,375,144,75
738,1141,1375,Sham19Y0013252,9130,1354,1590,164,82
738,939,1513,Shamela0007562,232,522,1138,305,53
738,446,863,JK001236,149,13,378,276,84
738,871,1539,JK000166,8584,300,1436,511,55
738,871,1189,JK000201,4109,1177,1554,169,47
738,658,863,JK000201,4110,756,914,111,68
738,434,1199,Sham19Y0018176,2290,450,1037,407,65
738,446,852,Sham19Y0016584,4216,830,1181,272,85
738,546,863,Sham19Y0145212,1679,810,1074,195,79
738,434,852,Shamela0096283,438,739,1123,284,83
738,434,863,Shamela0021537,5750,684,1071,284,81
738,635,852,Zaydiyya0000059,1342,0,166,124,74
738,881,1007,Zaydiyya0000059,1344,1086,1210,98,94
739,24,671,JK001012,94,1281,1516,118,22
739,5,703,Shamela0005756,14019,983,1523,238,34
739,590,750,ShamAY0035035,3209,199,349,114,83
739,5,936,Sham19Y0017747,2433,461,1296,456,50
739,601,1584,Shamela0021715,9429,51,1053,309,27
739,594,1079,JK000298,3049,0,359,164,35
739,16,299,Shamela0000140,2213,1261,1546,210,89
739,299,462,Shamela0000140,2214,0,190,127,82
739,590,1193,Shamela0000140,2214,812,1505,356,53
739,1198,1584,Shamela0000140,2215,0,536,252,53
739,5,418,Sham19Y0013252,9130,406,1023,153,25
739,111,1363,JK000166,8585,0,1527,925,71
739,1363,1584,JK000166,8586,0,503,164,41
739,492,817,JK000201,4110,248,591,229,78
740,0,289,JK001012,94,882,1164,221,89
740,0,289,Sham19Y0122096,2247,464,728,210,88
740,4,397,ShamAY0035035,3209,527,892,282,87
740,0,226,Sham19Y0017747,2433,1347,1570,184,98
740,226,818,Sham19Y0017747,2434,0,555,374,74
740,0,402,Shamela0021715,9429,1053,1446,305,91
740,0,802,JK000298,3049,671,1104,334,51
740,0,753,Shamela0000140,2215,536,1565,507,56
740,0,818,JK000166,8586,503,1351,626,89
742,786,1005,PV2024060602,2000,531,754,157,81
742,786,1005,Sham19Y0006684,4087,54,280,156,82
742,793,1011,Shamela0011730,432,22,251,167,87
742,744,941,Sham19Y0122096,967,497,696,121,73
742,793,1011,JK000381,349,532,761,167,87
742,786,1005,Sham19Y0013605,5108,445,668,157,81
742,796,1011,ShamAY0033996,75,870,1118,155,76
742,786,1005,Shamela0005756,15417,1239,1462,157,81
742,782,1011,JK000260,4,1060,1277,141,77
742,1093,1512,Sham19Y0132524,2776,30,858,237,31
742,790,1011,Sham19Y0014556,48,1210,1455,157,80
742,786,1016,ShamAY0034059,2939,884,1121,165,82
742,978,1512,Shamela0011244,18,288,922,268,42
742,786,1038,Sham19Y0016684,2042,473,725,169,77
742,793,1016,JK001046,136,729,963,170,86
742,786,941,Sham19Y0018103,4284,1367,1518,113,85
742,793,1011,JK006476,501,720,958,150,80
742,786,1021,Sham19Y0018106,4321,1082,1328,168,81
742,793,1005,Shamela0021494,173,378,573,141,84
742,793,1011,JK000585,3278,1132,1403,163,76
742,796,1011,Shamela0029728,10,716,952,134,69
742,725,1011,JK009390,524,920,1349,192,56
742,774,1011,JK000232,682,203,452,166,76
742,786,1011,JK000362,1731,717,953,163,84
742,725,1011,JK009274,241,507,934,192,56
742,779,1011,Shamela0012860,376,616,871,172,84
742,774,993,EScr20112614,50,1279,1502,158,82
742,796,1005,AOCP20251104099,60,1278,1442,125,74
742,725,1307,JK008001,62,52,613,220,35
742,808,1005,ShamAY0034005,1224,0,220,137,72
742,786,1005,Shamela0000432,1260,357,580,157,81
742,779,1005,Tafsir02104,242,732,968,147,74
742,786,1005,Shamela0021715,11099,198,421,157,81
742,786,1005,JK000110,2000,531,754,157,81
742,725,1011,Shamela0021659,293,662,1089,192,56
742,793,1011,JK001503,1035,419,690,163,76
742,786,1016,Sham19Y0013252,10660,248,489,164,80
742,779,1005,Tafsir06048,514,498,738,151,73
742,718,1011,JK000760,34,567,980,184,57
742,793,1011,Sham19Y0127657,42,731,1001,162,75
742,786,1005,Sham19Y0018176,2631,810,1033,157,81
742,786,1005,Sham19Y0016584,4907,606,829,157,81
742,796,1011,JK001263,126,391,644,157,75
742,779,1005,Tafsir09084,1650,1166,1397,154,77
742,793,1064,Sham19Y0016953Vols,712,691,958,177,76
742,796,1034,Shamela0030594Vols,163,452,723,166,74
743,48,262,JK000137,2340,0,218,150,85
743,550,707,ShamAY0035035,10019,93,275,123,85
743,31,273,Shamela0011244,18,1213,1479,163,76
743,311,894,Shamela0006879,143,1006,1515,380,79
743,85,254,JK000552,421,1389,1553,114,83
743,26,262,ShamIbadiyya0000438,1078,208,447,173,89
743,443,894,JK001197,359,0,439,336,92
743,311,894,JK000001,3280,934,1450,382,79
744,500,648,Shia004456Vols,2454,108,290,108,75
744,804,980,AOCP20251104127,13,337,501,128,90
744,1027,1225,AOCP20251104127,17,1265,1459,155,97
744,515,812,ShamIbadiyya0000109,7615,1148,1382,139,57
744,449,812,ShamAY0035035,7999,0,216,158,54
744,3,334,ShamAY0035035,8017,983,1439,255,67
744,1027,1225,Shamela0006947,784,1442,1635,154,96
744,19,372,Shia004042Vols,165,616,902,169,56
744,804,1617,JK009333,30,672,1173,396,59
744,1027,1225,JK000001,1060,214,407,153,95
744,449,812,JK000001,2581,945,1161,158,54
744,0,372,JK000001,2593,527,914,293,92
745,0,341,JK009333,30,1173,1522,251,82
746,1289,1398,JK000080,633,288,404,81,89
746,1289,1398,JK000080,956,836,944,81,90
746,1289,1546,JK000080,1091,389,647,118,49
746,1289,1549,JK000080,1119,515,811,120,48
746,317,714,Shamela0009856,1026,1343,1672,265,81
746,1289,1398,Shamela0009307,6,435,553,81,88
746,1289,1575,Shamela0008473,4806,767,1086,124,41
746,317,653,JK000906,7757,606,897,227,81
746,1289,1398,JK009396,1631,1315,1429,81,85
746,1289,1398,JK009325,5,20,133,74,77
746,1289,1398,Shamela0026563,7,391,507,81,89
746,1289,1398,Shamela0022347,12,390,498,81,90
746,1289,1575,Sham19Y0038171,2191,522,1061,148,34
746,1289,1409,Shamela0001404,411,930,1050,89,94
746,1289,1409,Shamela0000736,2674,1194,1313,89,89
746,1289,1409,MMS00020,110,774,888,89,93
746,1289,1398,Shamela0029785,10,920,1028,81,90
746,1289,1398,JK001332,672,755,861,79,90
746,1289,1546,JK000883,747,593,909,118,48
746,1289,1409,Tafsir01005,5832,1318,1438,89,88
746,1289,1398,Shamela0022526,5,532,647,81,85
746,1224,1447,JK005021,493,1342,1491,85,46
746,1289,1398,Shamela0010283,1143,1396,1514,75,75
746,1289,1398,Shamela0010482,7,222,337,81,90
746,1289,1398,Shamela0008246,4,1048,1156,81,90
746,1289,1398,Shamela0021635,265,1048,1201,81,67
746,1289,1398,ShamAY0034569,919,775,878,81,94
746,1289,1398,Shamela0030769,4,722,836,78,88
746,1289,1553,JK000637,3748,199,504,131,52
746,1293,1600,Shia003986,37,1343,1573,122,48
746,203,451,Shamela0006876,12,1367,1652,193,82
746,504,794,Shamela0006876,13,3,299,223,92
746,1289,1398,JK000021,413,1310,1424,80,88
746,1289,1553,Shamela0022593,921,1023,1189,110,53
746,1289,1398,JK000476,83,889,997,81,90
746,1289,1409,Shamela0010273,336,1286,1411,89,85
746,317,589,AOCP20251104119,161,204,888,169,28
746,574,790,AOCP20251104119,162,1083,1292,161,92
746,1289,1398,Shamela0004473,17148,563,672,81,89
746,317,790,Sham19Y0020891,4472,1182,1621,329,81
746,1289,1409,Shamela0001466,3716,998,1117,89,89
746,574,790,JK000081,518,792,1016,162,89
746,1289,1398,ShamAY0032786,16,482,604,80,84
746,1167,1616,Shia004042Vols,718,95,541,172,37
746,1289,1398,Shamela0012750,549,360,483,81,79
746,1289,1541,Tafsir09084,2484,1198,1410,109,52
746,1289,1398,JK006474,2671,194,306,81,87
746,1289,1447,JK000001,2732,665,989,116,44
747,645,763,JK000583,696,533,1066,78,17
747,928,1717,ShamIbadiyya0000109,7850,825,1601,496,68
747,645,763,Shia001544Vols,1714,0,237,67,34
747,624,763,Sham19Y0038171,1107,760,1251,83,20
747,982,1698,Shamela0098087,218,1133,1541,275,46
747,645,763,JK009390,2226,1043,1166,78,79
747,645,763,JK009274,934,248,358,76,80
747,1085,1738,Kraken220413202218,811,0,657,403,64
747,945,1717,Shia001401,23,142,1265,505,51
747,963,1738,JK001197,302,0,405,301,47
747,945,1738,JK000001,2383,912,1631,536,80
748,190,445,JK000213,103,987,1235,174,81
748,93,301,JK009321,163,1409,1625,164,93
748,450,639,JK009321,164,1304,1489,143,93
748,301,445,JK009321,164,0,132,93,81
748,171,445,Kraken220413030759,1550,508,793,181,72
748,197,415,Kraken220208041040,411,108,299,127,71
748,190,432,ShamAY0034857,138,84,316,171,86
748,190,432,Shia001544Vols,743,1042,1272,178,93
748,197,426,JK003609,2753,1037,1254,155,84
748,131,463,Shamela0000736,2720,1132,1472,208,73
748,171,435,Shamela0012031,531,475,726,181,84
748,202,432,Shamela0001347,38,1213,1439,164,87
748,84,432,ShamAY0035035,7698,1172,1519,261,89
748,420,696,ShamAY0035035,7717,546,816,191,81
748,190,364,ShamAY0034059,2016,1420,1588,123,89
748,267,445,Tafsir01005,241,0,163,118,83
748,202,415,Shamela0010906,4704,0,183,132,79
748,144,426,Shamela0006739,428,570,842,196,83
748,171,432,Sham19Y0023644,5676,705,954,164,73
748,144,475,Shamela0035100,4972,544,859,209,75
748,197,415,Kraken220413202903,9,1018,1211,128,71
748,190,415,Shamela0001585,175,651,853,148,80
749,990,1185,Kraken220413030905,140,119,330,141,82
749,1062,1185,Sham19Y0038171,2067,1135,1259,95,96
749,910,1045,JK000022,2481,311,441,99,89
749,1062,1185,JK001297,303,548,676,95,91
749,1298,1606,Sham19Y0149697,35,919,1178,179,71
749,910,1045,JK008001,6160,0,130,99,89
749,1304,1509,Shamela0010273,2514,383,526,108,65
749,1062,1280,JK000829,51,923,1115,117,68
749,1062,1185,Shia001417,115,984,1115,97,93
749,243,613,JK000001,2401,558,912,193,61
750,1225,1342,JK006897,502,42,160,88,94
750,1254,1516,Sham19Y0122096,1365,320,604,154,61
750,1225,1342,Shamela0012014,131,202,320,88,94
750,103,795,ShamIbadiyya0000109,7834,431,992,320,57
750,1225,1365,Sham19Y0009763,179,646,775,97,85
750,1220,1506,Sham19Y0038171,1247,1266,1438,118,51
750,1225,1365,Sham19Y0132524,2898,1451,1585,102,88
750,626,1102,JK000916,8242,759,1281,299,70
750,1225,1342,Shamela0009111,167,1215,1336,90,95
750,473,1102,JK000057,114,569,1169,331,57
750,650,1102,JK000022,1041,0,505,326,81
750,630,961,Sham19Y0014592,2801,1089,1438,233,84
750,630,1102,Shamela0012884,372,877,1393,304,73
750,1225,1342,Shamela0021494,191,18,136,88,92
750,626,1102,ShamAY0034809,233,492,1023,301,70
750,166,1087,JK001412,295,567,1473,476,55
750,103,795,JK001336,419,210,868,363,63
750,626,1102,JK000013,23,354,810,251,59
750,1225,1397,Sham19Y0020638,1365,684,876,105,63
750,0,393,Sham19Y0149697,35,1189,1554,273,84
750,452,1102,Sham19Y0149697,36,0,672,476,86
750,1225,1347,Sham19Y0017903,920,556,682,91,92
750,626,1102,JK000021,1406,546,1078,300,70
750,1225,1342,JK007083,229,791,912,90,95
750,1225,1397,Sham19Y0017063,1287,478,678,114,68
750,626,1102,Shamela0003118,2681,427,944,297,70
750,630,1087,Shamela0010273,2514,565,999,333,91
750,1225,1342,Shamela0001466,1451,232,353,90,95
750,482,614,Shamela0007798,8359,944,1076,90,83
750,569,987,Shamela0001585,173,0,427,287,83
750,1114,1342,JK009333,30,1173,1338,129,70
750,1225,1391,JK000685,1,868,1014,106,81
751,1153,1331,PV2024060602,3685,290,873,98,21
751,1153,1270,JK009336,2784,1368,1586,79,45
751,1153,1369,JK009336,2785,59,393,105,38
751,950,1096,JK000137,2485,756,899,111,95
751,969,1096,Sham19Y0122257,2949,120,242,95,93
751,942,1096,JK007117,1991,317,480,113,86
751,950,1096,JK000552,454,569,712,111,95
751,1153,1281,Sham19Y0014119,495,944,1114,88,65
751,1153,1369,Shamela0036446,331,721,956,100,47
751,950,1096,JK000555,739,368,512,111,95
751,1119,1281,Sham19Y0020638,1365,503,805,105,44
751,1153,1281,Sham19Y0016976,1531,412,816,88,27
751,0,144,JK007006,646,865,976,77,68
751,1153,1497,JK008001,889,716,850,82,29
751,1135,1298,Kraken230110004547,508,1149,1377,98,56
751,1182,1401,Shamela0021715,9675,821,1088,137,57
751,969,1096,Sham19Y0018272,879,585,711,100,99
751,1153,1289,Sham19Y0017791,1699,367,817,90,26
751,0,927,JK000298,2039,149,1012,655,87
751,1114,1281,Sham19Y0017063,1287,223,599,107,36
751,950,1396,Shamela0000140,912,37,487,210,51
751,1243,1401,JK000166,8935,566,791,124,68
751,0,144,JK000201,3249,998,1109,77,68
751,768,924,Sham19Y0014075,1023,1015,1169,110,88
751,740,924,Sham19Y0014075,1232,638,797,121,79
751,1153,1281,Sham19Y0018176,2342,1073,1245,92,68
751,1153,1331,Shamela0001727,1653,151,734,98,21
752,0,235,JK007070,116,606,848,114,49
752,0,235,PV2024060602,6618,224,466,114,49
752,0,235,JK009336,3434,871,1116,112,47
752,0,235,JK000140,833,490,732,114,49
752,0,235,JK009318,16,658,896,109,47
752,16,231,JK000057,126,298,485,102,53
752,20,235,Sham19Y0122257,2953,1078,1261,99,52
752,0,235,Sham19Y0127677,1392,1179,1421,114,49
752,541,1601,Sham19Y0123663,107,0,1020,760,86
752,0,235,Shia002261Vols,204,280,522,114,49
752,0,235,Sham19Y0014119,497,70,310,110,47
752,0,235,Shamela0036446,1388,748,989,112,48
752,0,235,JK009390,1307,361,603,114,49
752,0,235,Shamela0001438,2268,360,602,114,49
752,20,235,JK009274,508,26,207,101,54
752,20,235,JK000055,411,15,196,99,53
752,20,235,JK001429,107,15,196,101,54
752,16,235,JK000013,38,108,284,101,55
752,0,266,Sham19Y0016976,1534,391,652,123,48
752,20,235,JK008001,889,953,1137,98,51
752,0,235,Sham19Y0122173,514,123,365,114,49
752,0,114,Shamela0021715,9676,107,221,86,98
752,0,235,Shamela0021659,774,180,421,111,48
752,0,122,Sham19Y0018272,261,1347,1465,90,95
752,0,235,Sham19Y0017063,1292,440,677,110,47
752,0,249,Shamela0000140,911,869,1067,129,66
752,16,235,Shamela0004473,5073,296,474,103,55
752,39,235,JK000166,8936,0,152,106,69
752,0,235,Sham19Y0145212,3135,866,1106,110,47
752,0,235,Shia002069Vols,116,463,650,86,40
752,16,235,Shamela0000782,856,373,558,104,55
752,16,235,JK009245,724,690,872,101,53
753,0,564,Sham19Y0123663,107,1020,1570,433,95
753,564,1489,Sham19Y0123663,108,0,924,707,94
754,0,612,Sham19Y0123663,108,924,1484,438,87
754,612,1612,Sham19Y0123663,109,0,982,774,93
755,1029,1321,JK000465,1999,35,556,172,40
755,1100,1288,Shamela0037458,2080,249,432,138,91
755,1029,1331,JK006478,5330,392,699,211,81
755,1029,1246,JK000876,710,757,1077,136,48
755,475,1012,Shamela0023632,1982,414,1209,406,62
755,0,376,Sham19Y0123663,109,982,1304,231,76
755,1100,1246,Shamela0023628,2062,900,1041,110,93
755,760,965,Sham19Y0023618,927,19,329,135,52
755,1044,1321,Sham19Y0147312,1102,605,878,144,61
755,1029,1282,Sham19Y0020891,3111,1275,1525,176,82
755,1060,1246,Shia002356Vols,595,415,599,126,79
755,1029,1331,JK001496,1096,429,729,214,85
757,799,1200,ShamAY0035000,36,765,961,141,43
757,1307,1478,Sham19Y0123663,82,954,1124,135,98
757,772,1200,JK007006,864,1003,1322,225,65
757,1316,1478,JK009323,5,777,944,130,95
758,459,1056,JK009333,31,0,600,462,93
759,384,653,Shamela0000894,4851,821,1084,205,88
759,417,653,Sham19Y0014309,99,999,1250,163,70
759,384,653,AOCP20251104106,389,18,283,163,63
759,373,653,ShamAY0038316,91,1161,1404,143,54
759,373,653,JK000381,899,927,1170,143,54
759,365,653,JK001006,226,959,1227,205,86
759,373,653,JK000094,1235,1259,1526,193,77
759,384,653,Shamela0027083,10,599,860,215,95
759,365,653,Shamela0029967,21,718,1003,222,89
759,365,593,JK007084,70,1343,1579,183,93
759,369,653,Shamela0008353,838,1222,1488,192,76
759,384,653,Shamela0022666,86,969,1238,166,65
759,373,593,Sham19Y0018645,344,1331,1550,163,85
759,1011,1639,Sham19Y0149697,380,517,1031,339,64
759,369,653,Sham19Y0151019,36,898,1135,184,78
759,365,653,Sham19Y0151019,101,1207,1482,227,94
759,447,653,JK000941,10,0,201,160,91
759,365,653,JK000005,309,1199,1482,226,93
759,369,653,JK000335,12,1041,1306,204,84
759,365,653,JK006892,126,1013,1258,147,54
759,369,585,JK000279,773,1428,1619,152,83
759,1011,1541,JK000281,420,1096,1592,345,77
759,365,653,Shamela0021688,121,577,880,233,93
759,369,653,Sham19Y0016618,168,1081,1353,197,77
759,365,653,Shamela0037325,102,243,526,227,93
759,422,653,JK006880,14,5,212,167,85
759,369,653,JK000967,503,824,1103,220,92
760,617,956,JK000165,153,966,1300,269,96
760,1330,1596,Sham19Y0017437,158,0,347,209,74
760,645,956,Sham19Y0017350,90,574,868,225,87
760,617,852,JK000123,45,330,558,168,84
760,610,956,JK000137,527,1012,1355,276,97
760,83,321,ShamAY0035035,699,191,481,144,60
760,610,956,Sham19Y0017747,90,773,1115,256,88
760,1009,1209,Sham19Y0149697,3303,840,1047,149,80
760,603,956,Shamela0006947,5101,428,674,190,66
760,1111,1362,Shamela0004473,6004,239,500,105,41
760,1281,1596,JK000166,8032,93,472,245,80
760,332,438,JK009333,31,94,198,81,98
760,617,956,JK000281,422,422,758,270,97
760,1435,1596,Zaydiyya0000059,1514,665,833,133,95
760,645,921,Sham19Y0016599,157,665,911,183,79
761,593,1209,JK000165,161,73,390,149,26
761,214,1015,Sham19Y0017437,156,735,1570,531,71
761,1015,1209,Sham19Y0017437,157,0,666,156,28
761,1333,1612,ShamAY0035035,861,347,613,191,79
761,1062,1409,Sham19Y0149697,3303,1110,1492,168,41
761,558,722,Shamela0000432,1086,828,1009,119,81
761,1333,1624,Shamela0004473,6007,1101,1533,216,61
761,222,1089,JK000166,8036,182,1220,605,67
761,1089,1624,JK000166,8037,46,1154,417,45
761,558,722,Shamela0005064,38,678,867,115,75
761,558,722,JK000913,209,111,292,121,82
761,344,501,Zaydiyya0000059,1513,307,468,127,97
762,912,1106,Shamela0012579,237,106,304,151,94
762,1311,1604,Sham19Y0017437,168,400,690,188,71
762,908,1090,JK001293BK1,26,718,905,141,93
762,908,1090,Shamela0036357,54,1263,1449,139,93
762,908,1090,Sham19Y0038171,306,1261,1452,141,91
762,912,1106,JK009146,418,22,201,136,86
762,908,1090,ShamAY0035035,800,250,436,141,94
762,799,1061,ShamAY0035035,828,535,832,154,62
762,0,442,ShamAY0035035,838,818,1316,343,84
762,908,1090,JK007117,239,909,1094,140,93
762,512,776,Sham19Y0149697,3303,1216,1596,152,43
762,776,1592,Sham19Y0149697,3304,0,636,504,76
762,889,1106,Sham19Y0017903,117,221,445,168,93
762,76,449,Shamela0004473,6008,0,433,269,76
762,0,412,JK000166,8037,1154,1622,326,86
762,1311,1604,JK000166,8045,450,913,224,59
762,950,1061,JK000201,3505,1098,1212,88,95
762,1302,1454,Zaydiyya0000059,1530,1222,1581,116,39
762,1454,1604,Zaydiyya0000059,1531,0,150,115,92
763,747,1445,Sham19Y0018100,1359,1087,1486,283,49
763,243,393,Sham19Y0018100,1372,0,153,121,98
763,473,747,JK000165,161,879,1089,148,64
763,463,1144,JK000264,41,537,833,224,40
763,463,752,Sham19Y0017437,166,1264,1481,161,69
763,1061,1283,Sham19Y0017437,167,1316,1533,174,96
763,756,1066,Sham19Y0017437,167,0,326,232,85
763,0,441,Sham19Y0017437,168,690,1116,327,88
763,473,747,Sham19Y0017350,130,473,680,150,66
763,473,747,Shamela0008540,71,103,305,151,68
763,180,338,ShamAY0035955,602,4,222,117,67
763,473,747,JK000137,531,449,655,154,70
763,224,756,Sham19Y0149697,3304,695,884,126,29
763,497,747,Sham19Y0014224,105,1339,1526,128,62
763,473,1061,Shamela0021715,8944,368,673,226,46
763,38,450,Shamela0021715,8946,394,772,202,56
763,473,1383,Shamela0004473,6466,599,1324,303,33
763,463,1207,JK000166,8044,647,1546,511,64
763,1207,1566,JK000166,8045,0,360,278,96
763,473,747,JK000201,3499,188,387,149,67
763,463,1407,Zaydiyya0000059,1530,128,1217,646,67
763,0,470,Zaydiyya0000059,1531,150,526,291,74
764,734,1042,Sham19Y0131521,267,342,766,123,29
764,790,1297,Sham19Y0017437,180,839,1376,363,83
764,1158,1280,JK000484,240,723,846,86,87
764,63,291,Sham19Y0149697,3304,891,1055,124,66
764,1158,1280,JK007091,37,198,323,88,89
764,804,1358,JK000166,8035,0,568,424,91
765,1121,1301,Sham19Y0017437,175,1151,1337,108,67
765,1358,1512,Sham19Y0017437,176,254,411,123,96
765,1180,1301,JK000754,2355,161,283,91,95
765,821,1057,ShamAY0035955,602,259,502,175,85
765,1180,1301,ShamIbadiyya0000433,1064,228,350,91,95
765,1180,1301,Shamela0021715,8944,786,907,95,100
765,1188,1512,Shamela0004473,6470,0,363,254,87
765,1067,1512,JK000166,8046,935,1317,278,78
765,1067,1512,JK000201,3501,382,763,276,77
765,1180,1434,Zaydiyya0000059,1529,944,1199,186,93
766,1185,1609,AOCP20251104103Vols,225,543,1021,287,65
766,579,1009,AOCP20251104103Vols,226,180,656,272,67
766,57,358,Sham19Y0017437,175,759,981,162,66
766,1430,1599,JK009325,1201,727,900,121,84
766,1189,1609,JK011677,136,787,1201,275,69
766,1009,1609,JK009298,943,152,539,166,28
766,1189,1370,ShamAY0036182,45,179,379,115,64
766,586,890,ShamAY0036182,47,143,487,224,80
766,467,1012,Sham19Y0149697,328,1207,1581,228,50
766,1012,1609,Sham19Y0149697,329,0,521,324,58
766,125,361,Shamela0004473,6469,1155,1328,131,67
766,57,366,JK000166,8046,534,748,166,67
766,88,366,JK000201,3501,0,196,155,70
766,32,366,Zaydiyya0000059,1529,688,948,179,67
766,651,806,Shamela0003055,4369,592,769,124,87
766,1185,1609,JK000001,274,702,1523,266,35
766,579,890,JK000001,277,499,825,250,93
767,0,921,AOCP20251104103Vols,225,1021,1685,370,41
767,1019,1399,Sham19Y0014555,878,817,1310,92,19
767,0,159,JK009298,943,669,1137,116,29
767,688,921,ShamAY0036182,45,1389,1620,156,71
767,1327,1566,ShamAY0035955,604,1014,1560,159,34
767,0,159,ShamAY0035035,844,1196,1403,116,68
767,1030,1437,Sham19Y0014556,753,921,1062,99,30
767,284,654,Sham19Y0014556,754,55,450,281,86
767,0,1331,Sham19Y0149697,329,521,1603,793,71
767,1331,1620,Sham19Y0149697,330,0,296,232,96
767,1035,1417,Sham19Y0016787,422,949,1061,83,27
767,1019,1417,JK000171,77,550,682,90,28
767,707,921,JK001197,17,707,885,136,73
767,91,921,JK000001,275,0,871,303,28
768,323,1088,Sham19Y0017437,169,669,1327,251,32
768,1260,1400,Sham19Y0017437,170,279,417,99,86
768,860,1404,Sham19Y0149697,327,161,791,201,28
768,0,259,Sham19Y0149697,330,296,553,211,98
768,544,1107,Shamela0021715,8944,1243,1577,201,40
768,1281,1560,Shamela0021715,8945,119,336,155,67
768,805,1333,Sham19Y0018272,793,490,922,202,39
768,1400,1603,Shamela0004473,6476,361,565,157,95
768,323,833,JK000166,8050,1040,1538,328,75
768,833,1607,JK000166,8051,0,1204,468,42
768,1256,1414,Sham19Y0018176,2178,1068,1222,105,80
768,311,795,Zaydiyya0000059,1518,1052,1577,312,68
768,795,1603,Zaydiyya0000059,1519,0,1224,491,43
769,87,299,Sham19Y0017437,170,669,878,165,96
769,503,801,ShamAY0035955,605,97,607,150,33
769,743,855,Sham19Y0014556,753,1437,1549,88,100
769,503,863,Sham19Y0149697,328,810,1065,202,70
769,103,379,Shamela0000140,1687,89,344,166,72
769,103,331,Shamela0004473,7943,401,605,128,67
769,87,295,JK000166,8053,851,1058,162,96
769,1060,1602,JK009333,31,600,1136,397,89
769,94,374,Zaydiyya0000059,1520,951,1558,214,42
770,131,381,Sham19Y0017437,173,1246,1485,192,90
770,131,613,Shamela0005756,13587,127,478,273,69
770,131,350,Sham19Y0149697,3304,1312,1532,182,99
770,131,1614,Shamela0021715,8947,755,1552,588,46
770,131,596,JK000298,3676,875,1302,289,73
770,277,1617,JK000166,8048,0,1376,1060,94
770,131,376,JK000201,3501,1168,1412,200,97
770,131,628,Zaydiyya0000059,1527,1087,1575,394,96
770,628,825,Zaydiyya0000059,1528,0,478,155,39
771,518,810,AOCP20251104103Vols,222,880,1116,175,73
771,518,743,ShamIbadiyya0000229,626,145,367,168,86
771,511,817,JK007117,233,1004,1337,226,82
771,518,867,Shamela0004473,6472,554,994,233,63
771,0,246,JK000166,8048,1376,1572,155,77
771,250,514,JK000166,8049,3,275,208,93
771,518,748,Sham19Y0145212,407,809,1044,171,83
771,518,757,ShamIbadiyya0000438,972,282,509,170,84
771,246,511,Zaydiyya0000059,1528,244,453,146,63
771,526,810,JK000001,270,773,1165,194,59
772,1207,1600,JK000165,3644,705,1048,272,81
772,108,555,Sham19Y0017437,174,136,670,314,73
772,827,1095,Sham19Y0122096,3681,536,802,190,87
772,155,480,JK000754,2353,1084,1366,149,49
772,1165,1622,Shia001432Vols,19411,705,1041,223,52
772,243,555,Shamela0023685,465,832,1176,223,77
772,243,555,Shamela0026568,487,644,997,223,77
772,827,1076,JK000298,4640,165,393,178,88
772,1165,1592,Shamela0002569,718,29,408,272,73
772,1165,1600,JK000166,7746,1195,1578,306,82
772,148,683,JK000166,8049,272,851,386,80
772,1165,1622,JK000201,2777,8,478,324,73
772,152,555,JK000201,3504,707,1159,311,85
772,152,555,Zaydiyya0000059,1528,563,1046,300,75
773,568,768,Sham19Y0017531,88,1174,1373,156,94
773,523,797,JK000583,7,9,283,215,95
773,428,768,JK000583,837,650,946,167,59
773,543,787,JK001293BK1,642,768,1041,183,81
773,347,797,JK000906,10334,751,1192,321,83
773,509,768,Shamela0012738,114,579,834,178,84
773,879,1234,Sham19Y0014556,793,1192,1499,244,84
773,1234,1571,Sham19Y0014556,794,0,342,262,96
773,594,768,Shamela0026566,200,1167,1322,92,63
773,568,768,JK000678,26,52,239,144,85
773,543,768,JK000624,157,378,630,164,77
773,887,1476,Sham19Y0149697,1398,1051,1598,405,81
773,1476,1571,Sham19Y0149697,1399,0,97,71,96
773,178,292,JK000298,22,1424,1540,91,95
773,292,797,JK000298,23,0,761,382,61
773,506,787,Shamela0003118,977,625,940,178,65
774,0,1222,Sham19Y0014556,794,342,1504,899,90
774,1290,1594,Sham19Y0014556,795,732,1033,229,88
774,0,1222,Sham19Y0149697,1399,97,1158,810,82
774,1233,1594,Sham19Y0149697,1400,114,461,242,74
774,727,1021,JK007021,246,412,851,131,33
774,727,994,Sham19Y0018567,932,905,1139,92,29
775,682,936,Sham19Y0006684,4266,274,456,131,63
775,0,428,Sham19Y0014556,795,1033,1472,327,93
775,698,948,Shamela0021751,6666,990,1215,149,68
775,703,997,JK007084,276,0,269,187,75
775,0,428,Sham19Y0149697,1400,461,884,325,94
775,1034,1437,JK009333,31,796,1215,301,90
776,171,345,Sham19Y0122096,3681,95,262,132,92
776,372,752,ShamAY0035955,603,584,937,258,84
776,1381,1501,Sham19Y0133357,546,431,555,77,71
776,1381,1501,Shamela0023632,1065,225,360,77,66
776,1376,1501,Sham19Y0023618,517,693,832,79,66
776,910,1248,JK009333,31,1215,1556,275,96
776,1248,1598,JK009333,32,0,347,274,96
777,475,1197,Sham19Y0014297,758,548,1323,553,88
777,380,538,JK000916,24592,368,481,60,50
777,380,538,JK009241,56,884,996,55,45
777,475,1172,Sham19Y0149697,1192,890,1496,410,66
777,475,859,JK000298,3592,683,1038,192,54
777,0,204,JK009333,32,347,554,167,98
777,1223,1354,JK000281,1041,1094,1228,105,97
777,368,538,Shamela0021848BK1,312,854,992,59,42
778,515,637,JK000264,1142,265,598,89,35
778,1150,1509,Sham19Y0014556,233,1170,1515,251,83
778,515,691,Shamela0023685,1181,1382,1518,57,41
778,511,691,Sham19Y0017747,478,16,155,60,43
778,515,637,JK000166,1600,780,1027,89,47
778,515,691,JK000201,1011,1310,1445,57,42
778,83,374,JK000281,1048,345,614,181,74
779,0,1250,Sham19Y0014556,234,23,1161,851,83
780,369,656,PV2024060602,5959,1138,1318,138,59
780,517,934,ShamAY0032443,267,358,878,258,54
780,1404,1613,Sham19Y0014556,222,666,876,146,82
780,21,296,Sham19Y0014556,232,503,753,177,76
780,702,934,Sham19Y0014556,233,79,288,166,88
780,277,568,Sham19Y0014442,477,1319,1520,137,58
780,344,628,JK000179,518,380,565,133,58
780,320,628,Shamela0023628,3651,650,862,131,50
780,385,1007,Sham19Y0017791,439,120,469,186,35
780,702,947,Sham19Y0014605,77,935,1198,161,70
780,349,628,Kraken220727035853,5200,1370,1517,99,45
780,369,656,Shamela0000782,177,1237,1417,132,57
781,1110,1355,JK006897,250,603,889,144,58
781,1143,1289,PV2024060602,3481,1164,1351,117,78
781,1133,1289,Sham19Y0006684,4115,389,553,118,88
781,1143,1289,Sham19Y0122096,1617,555,701,108,93
781,1143,1289,Shia001432Vols,23256,632,813,113,78
781,52,168,Sham19Y0014297,781,0,116,90,100
781,1133,1307,ShamAY0034580,70,228,425,127,81
781,1160,1289,JK007045,735,709,838,104,100
781,32,165,Sham19Y0014249,370,577,705,85,84
781,1133,1289,Shamela0012399,4047,1169,1345,118,82
781,0,317,Sham19Y0014556,222,876,1223,151,49
781,1102,1289,Sham19Y0127677,1294,454,731,133,59
781,365,500,Shamela0023685,1193,1439,1577,106,94
781,1146,1289,JK001297,612,441,583,108,91
781,1133,1289,Sham19Y0014462,87,316,480,118,88
781,1160,1273,Shia002261Vols,171,1510,1622,91,99
781,0,168,JK007085,242,1284,1442,120,90
781,1133,1289,JK000585,2352,320,487,120,90
781,1160,1310,Sham19Y0014119,479,669,817,109,90
781,1133,1289,Sham19Y0001729,1952,310,496,117,77
781,1160,1289,JK009390,1182,567,697,104,99
781,1160,1289,Shamela0001438,2076,94,222,103,99
781,1143,1289,JK009274,459,669,815,108,93
781,1143,1289,ShamAY0032924,4,63,260,115,73
781,1160,1300,Sham19Y0020638,1198,689,837,109,89
781,365,756,Shamela0026568,1087,535,873,248,76
781,1143,1539,Shamela0001875,725,605,1080,181,37
781,1146,1289,Sham19Y0016976,1498,240,389,114,95
781,0,168,JK000241,552,988,1161,122,86
781,0,165,Sham19Y0149697,1240,740,1064,110,42
781,1300,1580,Sham19Y0149697,2348,832,1058,173,74
781,1133,1289,Shamela0028107,694,745,916,118,85
781,1143,1289,JK008001,990,1182,1341,110,87
781,1130,1289,Shamela0021659,633,939,1088,111,87
781,1102,1289,Masaha001946Vols,1267,1184,1420,141,72
781,1156,1289,JK007007,41,4,151,107,90
781,1160,1289,Sham19Y0017063,1240,233,362,104,100
781,1160,1289,Shamela0000140,1750,1000,1130,102,97
781,1133,1289,JK001503,3505,532,696,118,88
781,68,165,JK007132,306,19,119,74,96
781,1156,1289,Sham19Y0122406,3787,682,824,107,93
781,446,857,JK000166,1821,0,446,309,84
781,1138,1289,Sham19Y0017748,3,1292,1478,120,80
781,1160,1267,Sham19Y0145212,3020,602,709,86,100
781,1156,1289,Shia001237Vols,2979,399,532,101,92
781,938,1539,JK000913,3032,431,1151,221,28
781,1300,1580,JK000281,1587,230,462,183,80
781,1143,1289,Shamela0001727,1449,1036,1223,117,78
781,1143,1289,Masaha004568Vols,184,852,1016,113,86
782,337,684,Sham19Y0150960,211,497,667,122,44
782,1070,1308,ShamAY0033561,61,775,990,151,78
782,1098,1308,ShamAY0035059,17,858,1022,110,66
782,701,866,Sham19Y0133357,546,403,582,100,67
782,337,544,ShamAY0035035,2913,427,550,93,57
782,701,866,Shamela0023632,1065,195,384,97,60
782,133,324,Sham19Y0123663,175,752,922,138,87
782,1109,1308,JK009362,2384,62,252,129,79
782,701,839,Sham19Y0023618,517,674,832,92,69
782,54,839,JK009333,32,58,250,144,23
783,584,798,Sham19Y0038171,628,101,316,153,87
783,584,798,ShamAY0035035,2402,481,695,153,87
783,584,834,JK005021,77,339,862,184,44
783,967,1483,Sham19Y0149697,2496,655,1450,331,48
783,664,861,Kraken220204081839,136,0,288,86,39
783,0,156,JK000166,1809,523,687,109,78
783,967,1483,JK000281,1649,627,1436,368,57
783,584,798,JK000001,462,982,1218,160,86
784,1011,1334,Sham19Y0131521,1854,20,752,229,39
784,1011,1334,JK000142,314,296,1031,229,39
784,265,769,Sham19Y0014309,110,0,495,233,46
784,197,466,PV2024060602,1599,119,377,189,85
784,172,611,PV2024060602,2444,293,780,233,52
784,1011,1334,PV2024060602,4911,164,899,229,39
784,183,848,JK000080,1092,848,1521,502,91
784,905,1532,JK000080,1093,4,661,465,86
784,216,1028,JK009336,127,0,873,528,67
784,714,1405,JK009336,127,755,1402,322,46
784,90,466,Sham19Y0013605,4214,1051,1431,212,62
784,197,466,Shamela0005756,13552,518,776,189,85
784,90,515,Sham19Y0132524,659,34,454,206,51
784,172,466,Shamela0000736,1259,393,704,217,84
784,183,1324,Shia002264,512,546,1495,609,62
784,197,466,Sham19Y0016684,1821,609,867,189,85
784,172,515,Shamela0002863,632,116,706,217,41
784,197,438,Sham19Y0018103,3535,1256,1485,167,83
784,197,466,Sham19Y0018106,3636,660,923,193,87
784,1185,1515,JK000330,924,292,688,182,54
784,112,466,JK000216,185,838,1213,197,56
784,1014,1405,Shamela0010906,663,544,950,171,40
784,172,710,Shamela0036446,33,1043,1437,287,63
784,172,404,JK007065,1339,1287,1520,176,90
784,404,752,JK007065,1340,0,530,230,54
784,633,1405,JK009324,3548,785,1147,233,38
784,90,752,Sham19Y0020638,318,159,853,246,34
784,172,474,JK000484,1664,320,616,195,70
784,361,657,Shamela0037837,146,614,859,112,39
784,172,657,Sham19Y0017903,276,850,1360,207,43
784,1011,1172,Sham19Y0014601,2267,1148,1296,112,88
784,1185,1334,Sham19Y0014601,2269,384,537,116,97
784,197,466,JK000110,1599,119,377,189,85
784,1014,1405,Shamela0035100,668,374,780,171,40
784,1011,1172,Sham19Y0020591,505,795,943,113,89
784,1185,1334,Sham19Y0020591,506,442,598,116,95
784,1011,1405,Sham19Y0020944,280,60,905,264,38
784,276,466,Sham19Y0013252,8691,0,184,136,89
784,197,466,Sham19Y0018176,2170,331,594,193,87
784,197,562,Sham19Y0016584,3980,224,666,220,56
784,112,308,JK007043,264,1205,1464,95,38
784,172,611,Shamela0001727,412,169,656,233,52
784,1189,1287,JK009256BK1,4148,1110,1210,76,98
784,197,466,Shamela0010803,277,35,298,183,79
785,565,773,JK000554,548,1328,1526,161,95
785,1210,1641,JK000554,549,113,521,262,68
785,1210,1653,Sham19Y0122096,2064,760,1190,282,72
785,246,773,Sham19Y0132963,170,631,981,270,63
785,853,993,Sham19Y0132963,171,1162,1532,108,35
785,993,1658,Sham19Y0132963,172,0,608,460,81
785,1151,1305,ShamAY0002038,323,264,410,109,85
785,246,477,Shamela0001438,1260,1039,1173,111,58
785,853,1151,Sham19Y0014299,590,927,1285,181,59
785,221,1453,Sham19Y0149697,3808,910,1524,432,42
785,1453,1658,Sham19Y0149697,3809,0,197,159,95
785,589,763,Kraken210323052121,209,719,881,123,87
785,464,1658,Sham19Y0018272,626,58,864,573,57
785,679,1658,JK000298,2824,0,780,469,51
785,853,1277,Shamela0000140,363,1134,1322,88,24
785,518,773,JK000166,148,946,1187,185,89
785,773,1658,JK000166,150,63,932,614,77
785,221,442,JK009333,32,330,560,179,94
786,306,1206,JK000554,549,521,1123,387,51
786,0,1213,Sham19Y0132963,172,608,1643,825,82
786,766,1218,Sham19Y0018106,85,763,1274,263,58
786,306,1332,Sham19Y0149697,3809,232,1276,742,82
786,306,758,JK007006,473,1342,1568,171,44
786,883,1332,Shamela0021715,256,24,552,329,74
786,0,301,Sham19Y0018272,626,864,1166,239,95
786,306,1332,Sham19Y0018272,627,55,1043,781,90
786,164,301,JK000298,1473,587,723,112,99
786,0,723,JK000166,150,932,1604,530,89
786,723,1332,JK000166,151,0,609,488,96
786,306,1332,Sham19Y0018176,63,56,783,497,54
786,1390,1711,JK009333,32,560,880,254,96
787,12,181,Sham19Y0131521,3311,1081,1269,114,71
787,12,181,JK000142,560,325,513,114,71
787,1329,1526,PV2024060602,1179,376,654,156,69
787,12,181,PV2024060602,4062,401,584,114,73
787,12,181,PV2024060602,5157,202,390,114,71
787,17,181,Shia001362Vols,348,1188,1394,123,73
787,1329,1526,Shamela0021766,2003,1037,1315,156,69
787,12,181,Shamela0021766,2875,163,365,120,74
787,1329,1526,Tafsir02096,817,284,550,141,65
787,12,181,Shamela0009810,699,817,1000,114,73
787,1329,1526,Sham19Y0145435,5365,29,307,156,69
787,1329,1526,JK000475,2469,592,873,157,69
787,12,181,Shamela0012014,272,192,378,114,71
787,1395,1526,Sham19Y0013605,3379,591,725,105,97
787,1329,1526,Shamela0005756,11162,50,327,156,70
787,1329,1526,Sham19Y0016684,1518,910,1187,156,70
787,1329,1526,Sham19Y0018103,2782,309,586,156,70
787,1329,1526,JK009313,2346,1136,1420,155,68
787,1329,1526,Sham19Y0018106,2900,412,689,156,70
787,1329,1526,Shamela0010283,3665,716,994,156,69
787,12,181,Sham19Y0014119,132,1194,1372,114,75
787,1329,1526,JK000159,1701,382,667,156,68
787,1329,1526,ShamAY0033705,75,493,770,156,70
787,12,181,Shamela0006610,485,714,892,114,75
787,924,1195,JK007084,161,0,317,208,81
787,1242,1526,JK007084,166,0,302,226,94
787,715,920,JK007084,181,62,332,113,47
787,17,181,Shamela0001438,3601,16,425,123,38
787,1329,1526,Shamela0004445,2093,979,1257,157,70
787,12,181,JK000141,344,162,345,114,73
787,1422,1526,Shamela0000041,1172,5,110,84,99
787,12,181,Sham19Y0016976,535,629,807,114,75
787,511,750,Sham19Y0149697,1773,1262,1529,191,87
787,750,1526,Sham19Y0149697,1774,0,653,414,59
787,1329,1526,Shamela0037837,903,309,587,157,70
787,1329,1526,ShamAY0034005,1436,386,665,157,70
787,17,181,Shamela0008381,2445,1247,1430,113,72
787,1329,1526,Shamela0021715,6642,753,1028,156,69
787,1329,1526,JK000110,1179,376,654,156,69
787,12,181,Sham19Y0017791,487,1114,1292,114,75
787,1092,1195,Sham19Y0150639,461,570,763,61,40
787,1399,1526,Sham19Y0127656,526,0,128,102,98
787,12,181,Shamela0000140,1747,296,498,110,65
787,12,181,Sham19Y0020944,520,481,669,114,71
787,1329,1526,Sham19Y0013252,6591,1082,1359,156,70
787,1329,1526,Shamela0001466,1092,974,1271,156,65
787,1329,1526,Tafsir02100,73,737,1018,157,69
787,1329,1526,Sham19Y0018176,1652,1118,1395,156,70
787,1341,1526,Sham19Y0016584,3147,32,297,146,68
787,12,181,JK000913,3034,862,1050,114,71
787,0,455,JK009333,32,880,1337,350,95
788,234,640,JK000142,1162,928,1356,220,54
788,671,948,JK009152,1378,1239,1486,176,78
788,341,605,Sham19Y0014309,181,1191,1436,154,64
788,234,640,PV2024060602,5759,798,1226,220,54
788,1146,1274,PV2024060602,6688,1245,1378,102,96
788,57,311,PV2024060602,7060,1095,1393,188,77
788,651,807,JK000103,227,1340,1493,95,66
788,332,659,Shamela0021766,1870,0,270,178,68
788,651,948,Sham19Y0006684,1967,13,336,229,88
788,57,311,JK000467,2391,554,855,183,75
788,352,640,JK009336,169,259,506,175,72
788,66,311,JK009336,2473,461,757,182,75
788,663,948,JK009336,3346,872,1181,219,87
788,60,407,JK007044,6761,823,1167,199,58
788,651,842,JK000754,1617,682,1178,150,38
788,57,311,JK000475,1797,253,570,188,73
788,66,311,Shia001432Vols,12473,1243,1501,159,70
788,1146,1274,JK000140,904,96,229,102,96
788,28,276,Sham19Y0038171,2407,1172,1443,131,51
788,671,948,Sham19Y0146127,2393,495,754,187,85
788,57,407,Shamela0001001,35,526,892,208,59
788,683,851,JK007045,487,0,159,119,88
788,656,1048,JK000227,890,608,956,225,67
788,1146,1274,Shamela0023644,1274,1298,1425,97,91
788,651,948,JK000916,27124,141,467,233,90
788,651,948,Sham19Y0131336,1198,225,553,232,89
788,651,948,Shamela0012399,2260,474,795,229,88
788,651,798,Shamela0012399,2262,1373,1532,112,85
788,671,851,Sham19Y0122257,1933,7,178,128,89
788,979,1107,Sham19Y0039268,432,893,1196,97,41
788,28,276,ShamAY0035035,9536,41,312,131,51
788,341,640,Kraken230106005528,46,1188,1435,147,55
788,1146,1286,ShamAY0032921,178,585,735,112,93
788,1146,1274,Tafsir01005,5127,138,265,97,91
788,600,1048,Shamela0013174,1715,708,1128,233,56
788,332,917,JK009313,356,746,1190,223,40
788,170,640,JK009313,2269,56,489,235,58
788,28,293,Shamela0023685,1359,652,946,132,46
788,1146,1274,Sham19Y0127700,350,1041,1168,97,91
788,352,917,ShamAY0034447,2027,300,803,260,50
788,234,640,Shamela0010283,3847,66,428,209,57
788,693,1048,Sham19Y0014462,76,0,377,233,74
788,477,917,Masaha003032,94,0,441,138,26
788,760,948,JK000585,2145,0,201,148,92
788,600,851,Sham19Y0014119,295,922,1168,151,68
788,375,917,JK000159,165,8,528,155,23
788,600,917,Sham19Y0013614,452,981,1294,176,64
788,234,640,Shamela0036446,1126,977,1357,196,55
788,646,948,JK009137,2415,479,782,203,77
788,234,640,Shamela0023645,57,560,912,201,54
788,600,1048,JK009390,7782,211,634,237,56
788,359,880,JK007054,349,3,491,205,44
788,659,917,Shamela0006610,771,782,1084,159,60
788,145,332,JK007084,168,5,191,139,92
788,337,640,JK007084,171,446,708,193,77
788,651,948,JK007084,173,644,943,234,98
788,861,1107,JK007084,174,167,453,118,39
788,1112,1516,JK007084,175,355,1180,313,46
788,646,948,JK009138,589,1067,1354,200,81
788,57,311,JK000747,63,653,970,188,73
788,600,1048,Shamela0001438,8307,590,1009,231,55
788,346,640,Shamela0007435,660,44,327,188,70
788,352,640,Shamela0004445,2042,887,1135,184,78
788,651,948,Sham19Y0127713,1073,1206,1488,197,82
788,28,234,Shamela0026568,1258,1310,1545,116,51
788,656,948,JK000484,4490,386,707,225,88
788,600,1274,Shamela0001875,1096,481,1247,307,44
788,600,851,Sham19Y0016976,1047,1133,1379,151,68
788,0,1185,Sham19Y0149697,1774,653,1480,510,50
788,707,948,Shamela0028107,490,6,229,163,80
788,847,1274,JK008001,4042,1022,1415,168,43
788,668,948,JK007111,1093,762,1019,186,81
788,57,293,Rafed0002654Vols,3655,1239,1518,173,75
788,60,346,Rafed0002654Vols,8936,871,1471,115,20
788,57,311,Rafed0002654Vols,9124,332,615,179,73
788,28,332,Rafed0002654Vols,12455,882,1205,215,79
788,600,757,Sham19Y0017903,595,1289,1479,106,72
788,757,948,Sham19Y0017903,596,8,212,150,92
788,170,640,Shamela0000432,5802,937,1280,198,52
788,979,1107,JK000021,2535,441,832,95,31
788,57,311,Shamela0008381,786,578,876,178,72
788,651,948,Shamela0009804,249,1143,1429,201,84
788,600,851,Sham19Y0017791,1044,648,894,151,68
788,671,880,Sham19Y0017791,1045,223,464,143,72
788,337,640,Masaha001946Vols,682,673,936,196,79
788,346,640,Sham19Y0020591,1894,535,817,186,69
788,328,640,Shamela0009918,435,449,890,173,43
788,600,948,ShamAY0035884,1978,226,647,254,76
788,671,948,Sham19Y0017063,713,238,595,206,71
788,392,912,Sham19Y0020944,1196,0,403,204,42
788,659,948,JK001503,2167,816,1130,222,87
788,1146,1274,JK000471,1827,1057,1190,102,96
788,57,276,JK000166,5637,15,219,109,51
788,388,944,JK000166,8512,908,1409,203,35
788,337,640,JK000201,3497,799,1078,195,74
788,57,407,Shia003752Vols,287,922,1304,204,59
788,337,640,JK000961,174,759,1027,185,72
788,28,276,Sham19Y0145166,836,1038,1287,129,52
788,600,948,JK000105,1334,577,995,222,61
788,659,948,JK006838,1079,567,850,198,81
788,337,640,JK006838,1136,575,822,163,61
788,600,851,Sham19Y0145212,2069,230,475,151,68
788,1149,1269,Sham19Y0145212,2861,244,368,96,96
788,1146,1274,JK007043,566,757,895,102,92
788,1146,1274,Shamela0000782,929,874,1007,102,96
788,57,311,Shamela0000782,1326,573,871,188,77
788,332,640,JK009245,306,1061,1295,162,65
788,57,337,Shia004092Vols,4035,1195,1506,193,73
788,57,311,Shia004092Vols,9368,1071,1354,179,73
788,28,332,Shamela0021688,58,624,949,216,79
789,732,943,JK000838,37,538,819,139,59
789,392,667,ShamAY0034857,431,707,1086,164,52
789,511,667,Shamela0012031,916,74,217,101,85
789,1218,1529,JK007084,163,339,812,218,55
789,0,309,JK007084,175,1180,1466,184,69
789,309,885,JK007084,176,0,560,443,95
789,908,1133,JK007084,181,293,522,171,92
789,0,1429,Sham19Y0149697,1775,111,890,500,43
790,531,1146,Shamela0004363,27,833,1507,467,85
790,1131,1269,Shamela0004363,28,4,139,99,89
790,477,1252,Shamela0021751,1574,367,1352,594,73
790,340,1197,JK007084,164,390,1554,669,70
790,1197,1321,JK007084,165,0,597,89,18
790,157,845,Sham19Y0149697,1775,890,1586,330,45
790,845,1500,Sham19Y0149697,1776,0,394,267,49
791,303,755,JK007084,170,722,1317,231,44
791,1060,1207,JK007084,174,16,162,105,85
791,1308,1496,JK007084,174,921,1169,142,72
791,4,1539,Sham19Y0149697,1776,394,1355,652,50
792,601,865,Shamela0001717,3999,1274,1504,160,70
792,601,971,Sham19Y0018260,38,1119,1486,284,95
792,673,1034,Shamela0004363,29,0,317,209,69
792,338,534,JK007084,183,408,744,134,52
792,525,1069,JK007084,184,535,1124,422,89
792,601,1034,Sham19Y0018607,4651,194,690,334,83
792,1206,1339,Sham19Y0149697,1777,0,128,103,96
792,696,1034,Sham19Y0013252,9086,179,520,256,92
793,518,690,JK000264,3748,1377,1515,90,64
793,518,994,ShamAY0034815,399,1114,1535,209,46
793,472,999,JK007084,181,545,1298,404,66
793,1272,1359,JK007084,188,210,297,65,98
793,894,1201,JK007084,189,201,669,170,44
793,398,1347,Sham19Y0149697,1777,145,942,471,53
793,530,754,Sham19Y0018272,1998,158,405,125,54
793,530,754,Sham19Y0150639,463,555,800,124,53
793,518,1081,JK000166,8515,77,611,232,43
794,966,1102,JK006897,249,1320,1451,101,92
794,966,1107,PV2024060602,2629,1050,1192,109,97
794,899,1197,JK000165,1803,441,757,159,63
794,461,1197,JK000080,373,645,1445,402,56
794,889,1197,Sham19Y0017616,151,869,1234,171,57
794,966,1262,JK009336,1638,50,351,160,59
794,889,1124,Sham19Y0132524,946,1244,1497,142,58
794,173,395,Sham19Y0014249,525,1314,1523,143,72
794,731,1200,Shia002264,178,812,1306,173,37
794,173,489,Sham19Y0014442,768,1033,1397,219,74
794,859,1208,Shamela0006610,487,524,1076,169,36
794,966,1262,JK007065,381,1169,1428,154,61
794,728,1192,JK001429,33,1115,1422,188,50
794,899,1148,Sham19Y0020638,471,143,381,138,70
794,873,1208,Shamela0001875,719,673,1152,204,55
794,166,489,Sham19Y0149697,2355,847,1209,223,78
794,728,1295,Shamela0006053,67,4,552,244,45
794,966,1107,Sham19Y0122406,1565,862,1004,109,97
794,966,1262,Sham19Y0013572,389,83,332,151,56
794,805,1288,ShamAY0035238,7,798,1384,199,35
794,173,489,JK000281,1588,861,1211,215,74
794,966,1107,Shamela0001727,597,917,1059,109,97
794,310,724,Shamela0011363,136,458,916,157,34
795,7,307,Sham19Y0123665,825,759,1130,215,70
795,317,579,Shamela0007669,349,87,335,169,71
795,703,1485,JK001324,286,30,1093,493,54
795,7,616,Sham19Y0014249,527,816,1527,434,71
795,7,645,JK000289,479,743,1493,455,74
795,961,1263,JK000366,66,369,737,147,41
795,70,307,JK005005,594,171,351,132,66
795,672,884,Shamela0006053,72,1295,1487,137,78
795,62,307,JK000298,4980,554,747,132,64
795,67,307,Shamela0016439,29,357,541,141,71
795,70,307,JK005004,641,1112,1292,137,70
796,1092,1276,Sham19Y0131521,3311,1067,1273,129,73
796,1092,1272,JK000142,560,311,513,126,72
796,910,1276,PV2024060602,4062,206,588,146,33
796,1092,1272,PV2024060602,5157,188,390,126,72
796,4,496,PV2024060602,6054,880,1367,261,53
796,190,496,JK000165,1804,1007,1184,128,53
796,1062,1276,Shia001362Vols,348,1139,1398,146,68
796,4,258,JK000080,372,1206,1462,200,94
796,258,1080,JK000080,373,3,807,583,84
796,1029,1276,Shamela0021766,2875,68,369,151,63
796,1092,1276,Shamela0009810,699,803,1004,129,74
796,45,521,JK009336,2540,0,665,299,55
796,1110,1282,JK007044,2400,593,788,112,67
796,1092,1299,Shamela0012014,272,178,399,138,71
796,4,258,JK000140,269,1146,1394,90,30
796,261,708,JK000140,270,0,445,222,50
796,190,496,JK000094,1380,654,792,104,43
796,708,1046,Sham19Y0038171,625,44,431,122,31
796,4,496,AOCP20251104070Vols,175,467,679,117,29
796,208,793,JK000842,304,293,702,159,33
796,4,496,Shamela0006886,81,612,982,189,47
796,1092,1276,JK000916,13446,1062,1268,125,70
796,758,1080,Shia002264,185,836,996,97,37
796,1110,1276,Sham19Y0127677,1917,903,1060,114,84
796,190,496,Sham19Y0127677,3750,368,547,129,52
796,4,533,JK009313,3915,190,687,261,57
796,4,496,Shamela0012884,5318,730,1110,206,48
796,758,1023,JK005021,76,581,810,71,24
796,190,577,Shamela0008244,232,31,299,148,44
796,217,418,JK000216,240,0,201,154,98
796,1092,1276,Shamela0010517,1245,67,635,125,28
796,1299,1518,Shamela0010517,1248,88,314,170,90
796,23,461,Shamela0036446,341,1336,1510,109,30
796,746,1295,Sham19Y0020699,479,816,1136,188,42
796,1110,1276,JK009390,2087,260,418,114,84
796,1092,1518,Shamela0006610,485,700,986,180,48
796,4,508,Shamela0006610,486,645,937,174,42
796,1118,1295,Shamela0001438,3514,1161,1326,110,76
796,1110,1276,Shamela0001438,3601,19,429,126,39
796,190,496,Shamela0001438,6012,9,188,129,52
796,4,708,JK001429,34,131,675,338,58
796,1092,1276,JK000141,344,148,349,129,74
796,217,702,Shamela0030623Vols,524,83,512,196,43
796,217,496,Sham19Y0148271,1661,10,143,91,40
796,1092,1276,ShamAY0032767,24,983,1194,129,71
796,4,457,Shamela0001875,718,1029,1401,279,77
796,190,496,JK008001,5482,45,224,129,52
796,1092,1295,Shamela0008381,2445,1220,1447,137,69
796,1092,1276,Shamela0012293,4965,361,544,128,81
796,1092,1276,Shamela0012293,4966,410,593,128,81
796,1092,1276,Shamela0012293,5903,1209,1385,124,81
796,1092,1276,Shamela0012293,6185,121,345,120,63
796,1092,1276,Shamela0012293,6186,110,345,129,70
796,1092,1276,Shamela0012293,6358,44,227,128,81
796,1092,1299,Shamela0000140,1747,282,519,133,65
796,1113,1276,Shamela0000140,1785,112,354,101,51
796,1092,1514,Sham19Y0020944,520,467,783,176,49
796,183,788,Shamela0004473,13174,210,957,284,41
796,217,517,Shamela0025794,296,1179,1448,182,75
796,1303,1518,JK000166,1570,1073,1285,164,93
796,4,332,ShamAY0035238,11,755,1007,147,55
796,1118,1276,Sham19Y0018176,1082,3,201,88,52
796,1062,1272,Shia001217Vols,4003,722,982,147,69
796,179,708,Shamela0000782,275,130,691,275,51
796,1092,1518,JK000913,3034,848,1197,181,50
796,1110,1276,JK009333,32,896,1063,130,99
797,302,732,JK000165,1428,516,1069,293,61
797,426,675,Shamela0005756,4053,915,1118,125,62
797,937,1124,Shamela0005756,4054,141,328,137,89
797,914,1124,Shamela0023685,1275,80,290,155,90
797,1119,1534,Shamela0023685,1275,923,1347,316,89
797,104,296,Shamela0010517,1246,192,386,146,93
797,0,113,Shamela0010517,1248,314,427,90,100
797,914,1124,Shamela0026568,1170,657,867,155,90
797,1119,1534,Shamela0026568,1171,28,453,316,89
797,1119,1534,Sham19Y0149697,2344,695,1111,325,95
797,113,296,Shamela0000432,5419,289,473,142,96
797,937,1103,Sham19Y0014601,3734,628,798,130,95
797,426,671,Shamela0021715,1681,127,346,127,61
797,937,1103,Sham19Y0018272,392,228,387,117,87
797,334,732,JK000166,1569,989,1462,272,66
797,0,183,JK000166,1570,1285,1486,144,88
797,0,113,JK000201,1421,408,521,90,100
797,914,1176,JK000281,1579,1102,1491,208,66
797,1183,1534,JK000281,1580,6,356,281,99
798,481,777,JK000080,370,143,458,171,58
798,0,385,Sham19Y0149697,2344,1111,1443,253,82
798,789,1174,Sham19Y0149697,2364,1100,1369,202,63
798,1183,1539,JK009333,32,1121,1291,131,45
798,0,396,JK000281,1580,356,702,214,58
798,789,1174,JK000281,1602,940,1194,201,63
799,732,912,Sham19Y0149697,2364,6,182,143,97
799,1189,1352,JK009333,32,1342,1515,126,87
799,1352,1567,JK009333,33,0,219,170,96
799,502,912,JK000281,1602,428,871,252,62
800,709,953,Shamela0012027,362,839,1029,142,74
800,724,953,JK007016,255,944,1305,85,23
800,709,953,JK000166,1716,566,762,147,77
800,828,953,JK000201,1149,738,862,96,97
800,0,363,JK009333,33,219,534,208,71
801,1144,1420,Sham19Y0038171,2164,758,1426,173,32
801,1178,1420,ShamAY0035035,8211,0,623,148,29
801,1174,1420,JK005021,484,523,727,100,51
801,1379,1563,JK005021,487,39,219,140,94
801,1144,1420,JK000001,2687,224,580,179,61
802,243,361,JK000080,1172,1355,1472,93,99
802,243,361,ShamAY0036031,139,477,592,92,97
802,243,361,Sham19Y0122096,524,841,959,93,98
802,243,361,Sham19Y0122096,2185,1377,1495,93,98
802,243,361,JK007044,5561,126,244,93,98
802,243,465,JK007044,5655,62,268,114,64
802,243,358,JK007104,453,1140,1252,90,97
802,1131,1603,JK009298,587,1093,1599,376,88
802,642,947,Shamela0098087,274,594,815,109,41
802,642,1618,ShamAY0035035,8298,324,1422,629,63
802,588,772,Shamela0036075,12,317,519,106,61
802,243,361,Shia002264,560,480,597,93,99
802,642,790,Shamela0010283,1141,1410,1557,105,83
802,797,1622,Shamela0010283,1142,6,769,533,73
802,243,361,Shia002261Vols,234,1345,1463,93,98
802,236,358,Sham19Y0016879,13,921,1040,91,93
802,243,361,JK009390,1419,1003,1122,93,97
802,243,361,JK009274,556,1139,1282,93,81
802,642,947,Kraken220413202218,982,653,875,107,40
802,236,361,Shamela0021659,808,506,636,99,94
802,642,957,Shia004042Vols,318,148,503,120,39
802,642,1618,JK000001,2727,690,1603,637,74
803,1103,1284,JK009321,253,969,1137,132,89
803,1333,1489,Tafsir01005,5717,968,1159,109,69
803,1333,1442,JK007006,993,1415,1523,85,99
803,1300,1504,JK010001,3584,470,707,131,68
803,1333,1433,Sham19Y0018272,1283,1416,1515,78,99
803,1300,1504,Tafsir07055,3687,586,822,131,68
804,1298,1403,Shamela0001391,83,945,1051,80,98
804,1298,1403,Shia004456Vols,4503,93,199,81,99
804,1243,1403,Shia004456Vols,4673,363,602,107,58
804,1291,1403,JK007599,12,1145,1270,83,86
804,1298,1403,Hindawi097186416,9,1032,1138,78,96
804,1262,1403,JK001325,945,1310,1461,86,74
804,1291,1403,JK007044,36,57,170,82,94
804,1247,1403,Rafed0003726Vols,1298,121,254,100,82
804,1298,1403,Zaydiyya0000017,208,1118,1224,81,99
804,1262,1403,JK001324,233,721,840,89,81
804,1459,1560,JK001324,265,1100,1202,81,99
804,1298,1403,Masaha002872,4,805,911,81,99
804,531,919,ShamAY0035059,18,1093,1422,243,75
804,1298,1403,Rafed0003537Vols,608,1106,1216,77,91
804,1227,1403,Rafed0001633,19,519,684,104,71
804,1298,1403,Hindawi097029505,11,1099,1202,73,87
804,1247,1403,Rafed0003799Vols,2264,1235,1409,92,67
804,1227,1435,Zaydiyya0000199,34,830,1021,115,70
804,1284,1413,JK009313,4740,456,602,87,79
804,1288,1403,Shamela0023685,939,1255,1371,79,90
804,1254,1403,JK000179,350,15,142,96,82
804,1110,1403,Shia003716,2,26,357,133,41
804,1254,1403,Shia004525,472,1306,1438,91,79
804,1110,1403,Masaha003104,4,316,609,129,44
804,1243,1403,Masaha003104,29,719,870,90,75
804,1298,1403,JK007042,556,96,203,78,95
804,1298,1403,Shamela0009775,20,1309,1416,78,95
804,1262,1403,Shia003754Vols,420,579,698,89,81
804,1298,1400,Masaha000554Vols,4578,1027,1129,78,98
804,1243,1403,Zaydiyya0000161,84,479,635,98,78
804,543,695,Sham19Y0149697,3671,1367,1619,110,52
804,1298,1403,Rafed0002654Vols,356,655,762,80,97
804,1298,1403,Rafed0002654Vols,399,1059,1165,81,99
804,1298,1403,Rafed0002654Vols,565,508,614,81,99
804,1230,1403,Rafed0002654Vols,3437,829,984,92,61
804,1298,1426,Rafed0002654Vols,3489,724,846,88,89
804,1298,1403,Rafed0002654Vols,6530,1265,1371,78,96
804,1254,1403,Rafed0002654Vols,6658,1318,1453,97,84
804,1298,1403,Rafed0002654Vols,8588,445,554,80,95
804,1298,1403,Rafed0002654Vols,8667,789,896,80,97
804,1298,1403,Rafed0002654Vols,8720,966,1072,81,99
804,1298,1403,Rafed0002654Vols,8773,249,355,81,99
804,1247,1403,Rafed0002654Vols,12248,184,326,103,85
804,1254,1403,Rafed0002654Vols,12404,1295,1421,90,76
804,1298,1403,Rafed0002654Vols,12405,398,504,81,99
804,1243,1403,Zaydiyya0000185,27,286,418,94,76
804,1298,1403,Shia004266Vols,192,5,111,81,99
804,1298,1403,ShamAY0038440,59,996,1102,78,96
804,1298,1403,Shamela0096337,348,247,354,78,95
804,1247,1403,Rafed0000040Vols,1507,431,564,91,75
804,1247,1403,JK009296,1028,1202,1340,97,80
804,1298,1447,Rafed0000230Vols,8,1117,1236,89,77
804,1298,1403,Rafed0000230Vols,114,661,771,78,92
804,1298,1403,Shamela0037345,158,693,799,78,96
804,1240,1403,Zaydiyya0000142,672,85,218,97,76
804,1247,1403,Zaydiyya0000142,893,689,827,94,77
804,1262,1403,Shia003752Vols,320,247,404,87,72
804,1266,1403,Shamela0036091,7,22,144,86,81
804,1298,1403,Shamela0019542,52,885,991,79,97
804,1298,1403,Shia004092Vols,1040,1020,1126,81,99
804,1298,1426,Shia004092Vols,3873,1131,1253,88,89
804,1298,1403,Shia004092Vols,6846,72,178,78,96
804,1254,1403,Shia004092Vols,6973,252,387,97,84
804,1266,1403,Shia004092Vols,8880,374,492,87,80
804,1298,1403,Shia004092Vols,9004,312,419,79,96
804,1247,1403,Shia004092Vols,12221,144,286,103,85
804,1298,1403,Shia004092Vols,13140,331,457,80,82
804,1243,1403,Shia004092Vols,13166,318,541,100,58
804,0,965,JK009333,33,432,1139,520,65
804,1298,1403,JK001286,69,680,787,78,95
805,24,615,Shamela0008473,4241,9,350,118,19
805,3,615,Tafsir02102,3513,286,649,131,21
805,0,282,JK001324,265,1202,1483,213,93
805,286,744,JK001324,266,0,470,358,93
805,1111,1334,ShamAY0035059,19,855,1068,163,87
805,33,209,Shamela0000041,2275,0,349,113,41
805,209,660,Kraken220413194132,416,751,941,137,37
806,1334,1552,Masaha002871,63,161,594,144,40
806,1167,1548,Tafsir04056,6536,1123,1452,104,27
806,1334,1521,Zaydiyya0000211,35,215,481,122,58
806,1249,1552,Zaydiyya0000461,432,474,794,229,89
806,1334,1521,Zaydiyya0000461,433,1169,1369,100,51
806,963,1552,JK001324,264,627,1280,446,84
806,1167,1548,JK001324,348,143,625,118,23
806,303,418,JK000916,26275,1220,1336,93,99
806,422,826,ShamAY0036182,194,742,1157,287,84
806,1155,1548,Rafed0001713Vols,2365,803,1326,126,30
806,293,418,Sham19Y0014592,1527,759,884,95,94
806,1334,1552,JK000883,460,422,837,144,42
806,1334,1552,Shia003704,399,96,582,141,35
806,1151,1548,Shia003754Vols,383,1028,1553,156,33
806,963,1548,Shia003754Vols,429,16,682,415,76
806,1334,1552,JK000637,3067,522,943,149,43
806,963,1275,Rafed0002654Vols,393,584,756,94,37
806,1334,1521,Rafed0002654Vols,1113,826,1026,100,51
806,1372,1533,Rafed0002654Vols,1124,436,552,84,64
806,1334,1552,Rafed0002654Vols,8387,1101,1481,143,45
806,1324,1552,Rafed0002654Vols,8581,1171,1573,136,40
806,1334,1521,Rafed0002654Vols,9478,364,564,100,51
806,1334,1552,Rafed0002654Vols,12663,835,1255,148,43
806,1334,1552,Shia004266Vols,146,1037,1464,147,42
806,1334,1521,Shia004266Vols,150,483,683,100,51
806,1167,1548,Shia002389Vols,2609,588,867,101,29
806,293,418,Shamela0003118,7834,1185,1311,101,99
806,1334,1552,Zaydiyya0000142,677,839,1241,134,39
806,1334,1521,Shia004092Vols,1541,1254,1449,100,52
806,1372,1533,Shia004092Vols,1552,922,1038,84,64
806,1334,1521,Shia004092Vols,8680,1164,1462,125,53
806,1324,1521,Shia004092Vols,8873,1212,1521,113,43
806,1334,1521,Shia004092Vols,9700,125,325,100,51
806,1334,1552,Shia004092Vols,12617,639,1059,148,43
806,1334,1552,Shia001334,243,899,1332,143,40
807,418,953,JK001324,265,535,1095,341,69
807,114,418,JK001324,266,511,1089,233,51
807,564,789,Tafsir01005,5159,225,463,156,79
807,418,789,Shia003754Vols,429,1087,1547,230,58
807,564,789,Rafed0002654Vols,396,526,740,153,83
807,549,780,Shamela0010273,2875,844,1102,161,75
808,989,1294,Shia001544Vols,787,1439,1572,93,38
808,696,1128,Shamela0001001,16,34,693,196,31
808,0,440,JK001324,225,1080,1514,320,86
808,440,1559,JK001324,226,0,1087,828,90
808,401,1559,Shia003754Vols,418,249,1614,789,68
808,659,1447,Kraken220413194132,494,532,1528,394,40
808,706,1288,Rafed0002654Vols,8532,1013,1452,194,33
808,669,935,Rafed0002654Vols,8537,980,1492,132,27
808,406,1054,Shia001553,43,81,595,349,61
809,1331,1514,Shia004456Vols,349,785,1030,133,67
809,593,752,JK000474,3716,1124,1277,111,84
809,593,752,Rafed0003376Vols,1014,620,771,117,88
809,519,758,JK000906,8514,1159,1352,152,75
809,105,256,JK000906,8515,158,387,110,58
809,593,752,Shamela0001001,194,1350,1503,112,85
809,0,387,JK001324,226,1087,1483,303,95
809,387,1514,JK001324,227,0,1114,847,90
809,593,752,JK009158,637,719,869,106,78
809,593,752,ShamAY0035035,5661,1168,1317,115,85
809,593,752,Shamela0023685,351,995,1147,117,88
809,593,752,Shamela0023685,604,1286,1436,109,82
809,593,752,Sham19Y0127700,385,837,987,105,76
809,593,752,JK001303,566,171,317,105,78
809,593,752,Shamela0004445,2811,1130,1281,110,82
809,593,785,Rafed0003489,103,1125,1313,115,71
809,593,752,Shamela0026568,370,579,731,116,87
809,593,752,Shamela0026568,562,793,943,110,82
809,593,758,Kraken220413194132,421,430,591,122,91
809,0,758,Kraken220413194132,495,218,695,321,50
809,593,752,JK000637,3210,29,178,112,87
809,74,256,Rafed0002654Vols,7741,212,361,108,72
809,74,256,Rafed0002654Vols,8553,1183,1332,108,72
809,74,238,Rafed0002654Vols,8756,1375,1512,100,73
809,593,752,Shamela0001524,1172,627,778,110,82
809,519,758,Shamela0006947,13694,1335,1535,149,73
809,334,441,Shamela0006947,13695,35,164,79,76
809,593,752,ShamAY0032889,7,863,1016,112,85
809,593,752,Sham19Y0145166,596,556,703,116,89
809,593,752,Shamela0036091,141,662,813,115,87
809,74,256,Shia004092Vols,8045,337,486,108,72
809,74,256,Shia004092Vols,8846,46,195,108,72
809,74,256,Shia004092Vols,13157,693,842,108,72
809,593,752,Masaha001961Vols,332,436,589,112,85
810,0,406,JK001324,227,1114,1538,330,93
810,406,776,JK001324,228,0,318,254,85
810,776,924,JK001324,228,1394,1544,120,95
810,15,450,Shamela0001515,60,1222,1624,307,80
810,1009,1115,ShamAY0035059,18,1113,1219,83,99
810,21,373,Kraken220413194132,423,1343,1676,256,87
810,373,955,Kraken220413194132,424,0,334,223,45
810,950,1228,Sham19Y0149697,3671,1288,1586,175,68
810,21,189,Rafed0002654Vols,356,1148,1494,88,33
810,11,518,Rafed0002654Vols,6556,664,1189,395,89
810,11,553,Shia004092Vols,13086,73,631,402,86
810,932,1111,JK009333,33,691,823,98,68
811,649,1029,AOCP20251104144,194,414,731,205,58
811,0,1258,Sham19Y0149697,9817,256,1496,882,87
811,1258,1473,Sham19Y0149697,9818,0,250,175,85
812,704,1324,JK009237,424,604,1087,325,62
812,704,1530,Shamela0010710,132,367,1270,438,54
812,704,1324,Shia003726,12,674,1300,386,71
813,1329,1544,JK007070,172,770,999,144,75
813,953,1170,JK001324,270,1342,1571,161,84
813,1176,1329,JK001324,271,5,159,120,96
813,1329,1534,JK001324,271,1292,1498,157,90
813,1340,1544,Shia003754Vols,393,1225,1446,157,87
813,956,1139,Shia003754Vols,432,859,1103,128,65
813,1329,1552,Shia003754Vols,433,720,956,174,89
813,377,759,Sham19Y0149697,3672,1004,1353,274,88
813,1340,1552,Rafed0002654Vols,8755,345,574,160,80
813,827,929,JK005201,2800,806,1222,75,22
813,27,284,Shamela0010710,132,1027,1275,127,54
813,0,137,Shia003726,12,1366,1511,91,78
813,1340,1552,Shia004092Vols,13155,1107,1331,160,81
813,1340,1544,Shamela0021688,181,507,722,156,89
814,0,812,JK001324,272,19,1292,603,55
814,1013,1505,Shamela0005440,587,751,1295,247,49
814,987,1116,JK009237,425,1468,1591,95,92
814,1116,1593,JK009237,426,0,554,300,64
814,987,1325,JK009237,427,1238,1546,218,82
814,180,481,ShamAY0038440,57,1438,1680,149,57
814,1036,1229,JK000298,4613,1316,1485,125,82
814,987,1563,Shamela0010710,133,858,1383,292,61
814,1028,1563,Shia003726,14,0,621,330,63
814,822,969,JK009333,33,898,1050,118,96
815,1060,1427,JK000583,206,514,992,261,66
815,1075,1381,Sham19Y0122096,1305,761,1015,177,68
815,1068,1427,JK000917,1450,329,694,173,54
815,1068,1427,JK001160,112,46,495,226,63
815,1068,1427,JK000480,276,695,1180,234,59
815,572,720,JK001324,272,1292,1443,118,97
815,1054,1427,JK001324,275,192,572,270,88
815,1068,1427,JK000916,16485,481,975,227,58
815,1068,1427,Shamela0000736,1125,687,1176,228,58
815,1071,1427,Sham19Y0014592,2515,1036,1436,236,70
815,6,200,JK009237,426,559,794,127,63
815,6,200,JK009237,428,273,508,127,63
815,240,556,JK009237,5150,23,310,185,66
815,1068,1450,Shamela0030340,9,685,1196,243,60
815,1075,1467,Shamela0021494,27,10,534,248,59
815,1068,1427,Shamela0021494,98,740,1186,232,64
815,1068,1427,JK005007,298,991,1404,177,51
815,1071,1407,JK000216,224,966,1244,193,69
815,1068,1427,Shamela0004445,3661,767,1225,237,64
815,1068,1470,Tafsir09085,730,499,939,225,56
815,1068,1427,Shamela0010835,125,0,481,236,61
815,240,556,Rafed0002654Vols,3476,302,620,193,64
815,1054,1424,Rafed0002654Vols,11566,232,699,232,63
815,1068,1357,JK000298,1953,358,545,138,60
815,1071,1427,Shamela0003118,4807,225,671,235,65
815,1079,1457,Sham19Y0014075,904,170,508,219,68
815,240,556,Shia004092Vols,3860,613,930,193,65
815,1110,1427,Hindawi096385968,43,970,1224,129,46
816,900,1010,Shia004456Vols,4200,0,110,89,100
816,855,1010,Shia004456Vols,4481,97,253,119,95
816,855,1010,Sham19Y0017812,24,700,855,119,96
816,864,1010,Zaydiyya0000098,195,713,904,115,74
816,855,1010,Shamela0000131,996,601,756,119,96
816,855,1016,Shia001432Vols,7769,208,369,127,98
816,654,1010,Masaha002880Vols,257,0,636,214,42
816,855,1010,JK000906,9631,63,218,122,98
816,855,1010,Zaydiyya0000101,422,97,298,119,74
816,855,1010,JK006478,8051,1357,1511,119,94
816,855,1010,Sham19Y0022797,298,881,1036,119,96
816,855,1010,JK001324,211,789,944,122,98
816,3,182,JK001324,279,1117,1297,133,95
816,173,797,JK001324,280,426,1038,449,84
816,178,503,JK001324,354,730,1101,175,51
816,855,1010,JK000916,2919,454,609,120,96
816,855,1010,JK000916,20242,787,942,116,93
816,855,1010,Masaha002872,7,1229,1433,119,73
816,848,1010,Shia003764Vols,644,1235,1397,125,96
816,855,1010,Rafed0003537Vols,609,133,288,107,88
816,1103,1488,ShamAY0034059,3092,194,387,117,37
816,855,1010,Rafed0003799Vols,2178,509,664,122,98
816,840,1010,Sham19Y0014592,340,932,1102,131,96
816,840,1010,Sham19Y0014592,2324,778,944,126,92
816,855,1010,Shamela0031215,278,306,461,115,93
816,3,361,JK009313,4745,393,1064,116,19
816,1107,1385,Shamela0006730,49,774,1028,173,75
816,855,1010,Shia003727Vols,2,1066,1221,119,96
816,855,1010,Shia003636Vols,18,1267,1421,118,95
816,178,390,Shia003636Vols,868,143,378,134,69
816,855,1010,Shia003716,10,499,654,122,98
816,875,1010,Shamela0010906,3477,0,135,105,97
816,855,1010,Masaha003104,78,355,510,122,98
816,855,1010,Shamela0006739,203,1099,1254,119,96
816,864,1010,Shamela0006549,248,542,688,116,98
816,815,1010,Shamela0009775,21,93,272,126,80
816,173,632,Shia003754Vols,435,1064,1505,307,76
816,855,1004,Shia003754Vols,499,985,1133,116,97
816,855,1010,Shia003754Vols,641,937,1142,114,69
816,855,1010,Shamela0012860,38,202,357,119,96
816,855,1004,Masaha000554Vols,5344,583,733,114,95
816,848,1010,Masaha000554Vols,5347,502,664,125,96
816,855,1010,JK001330,403,567,722,118,95
816,855,1010,Shamela0009788,1745,638,793,119,96
816,855,1039,Rafed0002654Vols,386,861,1051,126,84
816,855,1004,Rafed0002654Vols,3488,594,743,114,95
816,178,503,Rafed0002654Vols,3628,122,494,185,51
816,855,1010,Rafed0002654Vols,6531,1251,1407,119,95
816,855,1010,Rafed0002654Vols,6658,470,625,121,97
816,855,1010,Rafed0002654Vols,7034,900,1105,114,69
816,855,1010,Rafed0002654Vols,8588,270,426,119,95
816,161,503,Rafed0002654Vols,8746,0,322,174,51
816,756,1010,Rafed0002654Vols,8759,143,417,172,74
816,178,503,Rafed0002654Vols,12361,531,936,196,54
816,840,1010,Sham19Y0023644,4781,1060,1230,129,95
816,855,1010,Shia004266Vols,169,964,1120,119,95
816,855,1010,Shamela0035100,3410,383,538,118,95
816,178,503,Shamela0010710,136,543,901,188,54
816,855,1010,Shamela0006733,55,465,620,122,98
816,845,1010,Shamela0003118,1121,767,932,128,96
816,840,1010,Shamela0003118,5857,331,502,131,95
816,855,1010,Rafed0000230Vols,8,911,1066,120,96
816,855,1010,Rafed0000230Vols,114,1265,1420,122,98
816,218,503,Shia003726,17,4,351,176,54
816,855,1010,Rafed0003228Vols,365,1235,1439,116,71
816,815,1010,Shamela0036091,7,370,550,123,78
816,855,1004,Shia004092Vols,3872,949,1098,114,95
816,178,503,Shia004092Vols,4008,616,993,185,51
816,855,1010,Shia004092Vols,6972,977,1132,121,97
816,855,1010,Shia004092Vols,8880,206,362,119,95
816,178,503,Shia004092Vols,12328,692,1098,196,53
816,855,1010,Shia004092Vols,13085,995,1151,119,95
816,108,503,Shia004092Vols,13145,917,1292,215,57
816,617,974,Shia004092Vols,13159,1064,1526,208,49
816,836,1010,Sham19Y0016618,135,1316,1485,127,91
816,855,1010,Shamela0037325,714,56,211,118,95
816,178,503,Kraken220413194118,363,129,510,175,48
816,178,503,JK000927,1981,1058,1430,185,51
816,840,1010,Sham19Y0145334,2290,508,675,129,94
816,855,1010,JK010667,31,782,937,115,92
816,855,1010,Shia001392Vols,151,1177,1331,121,97
816,848,1010,JK007011,80,245,506,123,59
816,178,503,Kraken22021606121201,837,984,1436,188,46
817,261,573,Shia001555Vols,1176,893,1107,144,56
817,261,573,Shia001555Vols,1193,597,829,152,59
817,261,573,Shia004456Vols,1924,1245,1477,152,59
817,245,573,Shia004456Vols,3574,1221,1457,143,46
817,261,573,Shia004456Vols,3584,1061,1287,152,59
817,261,573,Meshkat00042485,5224,514,736,149,59
817,261,573,Tafsir01006,1164,969,1192,152,59
817,261,573,Shia002382Vols,1434,818,1055,152,59
817,261,520,Shia002382Vols,1958,1396,1579,110,51
817,261,573,Sham19Y0018272,870,869,1084,152,60
817,261,573,Shia002380Vols,615,795,1032,152,59
818,832,996,JK006478,3041,324,505,119,81
818,1098,1518,Sham19Y0133357,411,460,849,240,65
818,1133,1518,Shamela0023632,820,0,427,241,70
818,1091,1518,JK009362,1963,1143,1520,239,65
819,1224,1514,JK001324,247,98,431,233,86
819,1224,1514,Rafed0002654Vols,6661,203,535,222,82
819,1224,1514,Shia004092Vols,6975,551,885,222,81
820,270,428,JK000011,180,1270,1435,129,95
820,0,1136,JK001324,247,431,1537,837,88
820,1136,1427,JK001324,248,0,296,224,94
820,1427,1592,JK001324,248,880,1082,134,81
820,23,535,Sham19Y0008889,367,1043,1524,226,42
820,30,136,JK010649,51,1279,1475,65,40
820,136,548,JK010649,52,0,347,153,35
820,270,428,Sham19Y0014592,303,651,822,129,92
820,270,693,Tafsir01005,5429,204,520,211,60
820,270,689,Masaha003104,174,562,1108,242,46
820,270,535,Masaha003104,189,361,631,167,73
820,30,234,Masaha003104,206,206,635,134,36
820,270,428,Shamela0001341,107,530,695,129,95
820,127,521,JK008001,805,289,596,153,45
820,0,1027,Rafed0002654Vols,6661,535,1541,694,76
820,1027,1592,Rafed0002654Vols,6662,0,562,381,77
820,327,689,JK000071,483,0,803,251,37
820,270,421,ShamAY0032826,300,918,1066,114,86
820,270,421,ShamAY0032826,301,1085,1233,114,86
820,0,596,Shia004092Vols,6975,885,1535,435,79
820,596,1592,Shia004092Vols,6976,0,919,646,76
820,705,1155,Shia004092Vols,13161,662,1106,240,57
820,270,428,JK000630,203,532,684,120,91
821,0,197,JK001324,248,1082,1283,158,97
821,360,877,JK001324,250,48,520,196,36
821,593,877,JK001324,358,871,1244,185,59
821,348,630,JK009241,828,899,1196,95,27
821,583,954,Shia003754Vols,381,0,402,229,63
821,371,859,Shia003754Vols,426,1074,1572,159,29
821,0,176,Kraken220413194132,429,921,1122,136,82
821,443,877,Sham19Y0149697,3683,920,1386,313,84
821,348,630,Rafed0002654Vols,6653,22,311,160,64
821,0,197,Rafed0002654Vols,6662,562,745,139,86
821,1260,1479,JK000298,2981,824,1027,151,83
821,348,447,JK000298,2981,314,420,59,74
821,348,443,Shia004092Vols,3504,1386,1499,67,76
821,348,630,Shia004092Vols,6967,643,932,160,64
821,0,197,Shia004092Vols,6976,919,1102,139,86
822,62,360,JK009237,426,854,1154,207,80
822,62,360,JK009237,428,568,868,207,80
822,420,550,JK009333,33,1400,1519,95,89
822,550,1351,JK009333,34,0,755,598,90
823,510,687,JK000906,6472,764,928,121,83
823,510,1083,JK011730,98,678,1274,262,39
823,458,682,JK011730,257,295,488,138,72
823,530,682,JK011730,468,970,1124,122,95
823,530,677,Rafed0001713Vols,534,1436,1582,120,98
823,452,1083,Rafed0001713Vols,535,0,556,362,60
823,530,1083,Meshkat00042485,2195,212,952,439,71
823,530,682,ShamAY0034059,1103,429,581,124,97
823,530,1046,Tafsir01006,338,941,1638,408,70
823,719,1083,JK007081,1049,498,871,288,91
823,541,682,JK000298,3234,0,140,115,98
823,530,1083,Shamela0010273,526,568,1284,438,73
823,1106,1305,JK001480,209,1255,1453,159,96
823,530,682,Shamela0001466,526,1270,1421,124,98
824,30,391,Sham19Y0122096,2838,942,1360,261,76
824,107,553,JK000637,1659,72,396,82,18
824,812,1568,JK000298,3666,0,722,555,86
824,369,740,JK000298,3667,20,193,125,42
824,1280,1552,JK000367,132,940,1238,179,66
824,1280,1552,Shamela0009859,30,468,745,173,68
825,36,372,Sham19Y0122096,2839,752,974,167,59
825,1145,1430,Sham19Y0014556,15,1389,1622,185,80
825,1430,1611,Sham19Y0014556,16,0,198,146,90
825,36,793,JK000298,3667,664,1455,596,92
825,166,793,JK000166,10317,0,894,452,62
826,1212,1445,JK000467,2174,910,1139,161,76
826,1271,1464,JK000583,260,89,273,139,86
826,1256,1433,Sham19Y0122096,1532,1364,1548,139,91
826,1293,1671,Sham19Y0122096,1533,779,1359,240,50
826,530,816,Sham19Y0016728,46,227,552,229,83
826,859,1077,Sham19Y0016728,47,289,508,169,90
826,1212,1409,ShamAY0033590,41,726,911,121,66
826,1212,1409,JK000020,55,18,215,133,71
826,1212,1464,JK001324,293,698,935,172,80
826,0,463,Sham19Y0014556,16,198,705,340,79
826,1212,1445,JK000883,787,410,643,151,69
826,1256,1445,Sham19Y0127677,1089,345,561,150,84
826,1212,1428,Shamela0021494,406,51,290,142,64
826,1271,1445,Kraken22021802055100,440,686,881,134,81
826,466,816,Shamela0009943,197,1331,1608,194,61
826,1256,1484,JK009390,1102,613,822,159,86
826,1256,1635,Shamela0001438,1957,308,865,264,54
826,1212,1445,Shamela0007435,636,309,544,150,68
826,1256,1445,JK009274,429,449,637,150,97
826,1256,1497,JK007006,729,189,620,174,48
826,1256,1445,JK008001,2093,397,580,147,95
826,1256,1491,JK008001,4557,1338,1527,142,73
826,1212,1445,JK007015,53,955,1190,156,70
826,1249,1491,Shamela0021659,544,324,554,167,82
826,1256,1445,Sham19Y0018272,979,1106,1430,127,43
826,1473,1671,JK000298,2244,685,904,157,89
826,1212,1409,Shamela0010480,233,1088,1277,124,68
826,537,808,Kraken22021606123000,3,1393,1694,215,85
826,1249,1445,ShamIbadiyya0000438,1111,587,800,153,87
826,472,1077,Shamela0021688,64,618,1203,464,90
827,59,216,Sham19Y0122096,1533,1302,1510,100,55
827,627,803,Shamela0001687,2423,428,618,135,85
827,627,803,Shamela0023691,101,398,577,128,84
827,211,608,JK000298,2242,1178,1569,314,96
827,608,813,JK000298,2243,0,231,156,80
827,0,216,JK000298,2244,904,1136,167,88
828,234,453,JK009152,2286,689,903,151,81
828,216,428,PV2024060602,7058,659,884,170,93
828,216,407,Shamela0026484,645,1033,1225,154,99
828,80,428,Shamela0021766,3572,455,758,186,62
828,216,407,Shamela0012579,1558,431,603,138,89
828,216,407,JK009336,2357,221,418,143,90
828,216,428,JK000140,1273,940,1165,170,93
828,693,1372,JK000238,153,514,1062,317,51
828,220,428,JK007045,927,30,251,157,85
828,21,335,Sham19Y0132524,2661,1069,1571,200,45
828,216,407,Shamela0096178,239,209,381,138,89
828,216,407,Shamela0000736,3533,796,968,138,89
828,205,407,Sham19Y0032476,294,1144,1332,135,81
828,254,407,JK009158,550,64,217,123,100
828,216,428,Sham19Y0122257,3437,830,1064,168,88
828,254,407,Kraken22021606123102Vols,2936,584,737,121,98
828,216,428,Sham19Y0014119,621,934,1140,163,93
828,216,440,Sham19Y0013614,839,452,667,167,91
828,80,407,Shamela0036446,1204,1189,1488,162,55
828,239,407,JK009362,7065,1085,1243,127,94
828,216,407,Shamela0008353,837,54,250,141,90
828,592,1372,AOCP20251104131Vols,434,42,697,356,48
828,216,407,Shamela0000041,2391,647,859,154,90
828,216,407,Shamela0010781,408,842,1014,138,89
828,80,407,Tafsir09085,694,519,806,156,54
828,216,407,Shamela0023628,3400,554,731,135,85
828,216,432,Sham19Y0016976,1888,1282,1493,165,92
828,1004,1429,Sham19Y0149697,9795,437,907,234,59
828,216,407,Shamela0013041,435,585,762,137,85
828,205,407,JK000146,358,998,1228,143,71
828,216,428,Sham19Y0017791,2098,262,468,162,93
828,216,407,Shamela0012735,2,360,565,152,92
828,216,407,Sham19Y0017063,1580,771,966,154,97
828,216,407,Shamela0025794,3901,307,499,154,99
828,216,423,Shamela0025794,3906,296,479,147,87
828,970,1396,JK007132,4252,491,988,211,45
828,216,407,Shamela0003722,3938,653,825,138,89
828,216,428,Sham19Y0145212,3710,39,272,167,88
828,1004,1429,JK000281,4655,889,1376,238,56
828,247,407,Sham19Y0016618,168,7,167,125,97
828,80,407,Shamela0037325,1343,273,518,161,61
828,216,407,JK000653,200,162,334,138,89
828,205,423,Zaydiyya0000107,51,1168,1387,155,79
828,216,407,Shamela0026542,196,244,416,138,89
829,453,978,ShamAY0033599,188,766,1446,317,50
829,208,1589,JK001324,337,0,1436,1051,86
829,159,423,Rafed0003537Vols,128,1217,1492,197,84
829,418,965,Rafed0003537Vols,129,282,606,236,52
829,154,922,Shia003754Vols,459,632,1526,423,45
829,453,988,Rafed0002654Vols,12744,57,686,254,39
829,423,988,Shia004092Vols,13578,298,1079,269,36
829,138,1589,Shamela0021688,1186,164,1545,980,77
830,857,1032,ShamAY0033599,187,851,1011,108,75
830,1354,1517,Shia004456Vols,393,381,543,123,90
830,1101,1268,Kraken220218125255,67,1465,1618,114,85
830,818,1016,Rafed0001915,168,369,565,106,62
830,1140,1517,Rafed0001915,169,753,958,146,47
830,1159,1308,Shia003366Vols,5533,528,644,80,61
830,892,1016,Shamela0012406,1387,1058,1174,86,81
830,857,1020,Zaydiyya0000102,183,849,1029,111,74
830,882,1016,Rafed0002565Vols,223,1382,1508,94,82
830,0,135,JK001324,337,1436,1577,107,94
830,135,460,JK001324,338,0,366,210,68
830,388,1027,JK001324,338,681,1438,448,68
830,1027,1517,JK001324,339,387,880,384,97
830,857,1016,JK000916,10626,1175,1391,106,56
830,605,1517,Rafed0003537Vols,129,608,1490,619,79
830,886,1016,Rafed0000609Vols,533,6,128,91,82
830,132,388,Shamela0021570,410,299,430,102,51
830,605,1517,Shia003754Vols,460,22,1233,654,63
830,132,388,JK000485,215,191,322,102,51
830,1137,1517,Rafed0002654Vols,12745,800,1353,252,53
830,857,1016,Sham19Y0023644,2860,1240,1441,106,60
830,822,1020,Shamela0035100,1170,1116,1328,124,66
830,857,1016,Hindawi093024958,33,63,242,111,71
830,857,1016,ShamAY0035884,2416,376,593,106,56
830,857,1016,Shamela0003118,3298,1116,1333,106,56
830,892,1016,Zaydiyya0000142,3620,422,538,86,81
830,99,258,Shamela0006617,1087,1115,1286,95,64
830,834,1027,ShamIbadiyya0000438,467,0,195,142,87
830,1137,1347,Shia004092Vols,13579,1174,1379,130,69
830,1358,1517,Shia004092Vols,13580,18,175,121,91
830,104,830,Shamela0011997,175,1012,1355,232,39
830,813,1027,Shamela0011997,176,270,505,161,82
830,55,460,Shamela0021688,1187,0,449,273,74
830,388,1088,Shamela0021688,1187,716,1491,480,68
830,1088,1517,Shamela0021688,1188,0,414,322,94
831,0,354,ShamAY0033599,186,526,878,210,65
831,0,354,Rafed0001915,169,958,1335,192,55
831,20,354,Zaydiyya0000102,185,730,1334,178,35
831,0,205,Rafed0002565Vols,223,1061,1331,127,58
831,0,205,Shamela0021512,218,1227,1488,122,57
831,0,260,Zaydiyya0000017,24,625,919,174,75
831,0,205,JK000365,1045,764,1025,121,57
831,0,639,JK001324,339,880,1511,439,79
831,639,1556,JK001324,340,0,1052,709,82
831,30,1191,Rafed0003537Vols,130,0,822,463,44
831,698,1070,JK000159,310,699,1175,192,44
831,1338,1543,JK000159,937,845,1052,100,51
831,0,319,Shia003754Vols,460,1233,1512,151,53
831,319,1191,Shia003754Vols,461,0,849,590,78
831,38,205,Shia004019,29,0,260,93,43
831,0,1114,Shamela0021688,1188,414,1499,759,78
831,1114,1556,Shamela0021688,1189,0,549,343,76
832,909,1261,ShamAY0034312,18,1108,1485,255,80
832,1261,1522,ShamAY0034312,19,4,277,197,86
832,0,347,JK001324,340,1052,1471,263,79
832,347,1360,JK001324,341,0,1470,714,58
832,1360,1535,JK001324,342,0,181,145,96
832,1237,1492,Shamela0012398,56,1196,1397,146,68
832,1261,1492,ShamAY0034059,2570,0,237,188,96
832,909,1522,JK006986,121,839,1496,465,86
832,1253,1517,Shamela0021688,1185,1234,1498,207,91
832,0,754,Shamela0021688,1189,549,1432,509,70
832,804,1535,Shamela0021688,1190,311,1060,559,89
833,364,838,Sham19Y0018147,892,674,1147,259,59
833,317,469,Rafed0000789,52,1330,1546,108,63
833,536,745,Rafed0000789,53,9,250,124,57
833,116,426,Shia004014Vols,243,1289,1555,203,81
833,426,879,Shia004014Vols,244,0,456,351,95
833,95,879,JK001324,343,0,813,604,93
833,274,849,Rafed0003537Vols,130,938,1497,386,78
833,282,838,Shamela0006669,25,659,1280,326,62
833,274,826,Shia003754Vols,461,959,1518,396,83
833,964,1418,Shia001626Vols,280,224,564,254,70
833,413,838,JK001330,128,0,456,254,64
833,964,1132,Shamela0006947,5566,1230,1397,117,86
833,1255,1459,Shamela0006947,5567,938,1142,156,93
833,964,1418,Shia004028,64,547,873,224,60
833,964,1157,Hindawi081316951,479,124,318,134,87
833,364,569,Zaydiyya0000142,3541,0,207,155,93
833,964,1459,Zaydiyya0000142,3908,701,1136,293,73
833,48,253,Shamela0011997,177,643,858,123,66
833,964,1275,JK000001,1717,89,372,189,77
833,1255,1455,JK000001,1718,899,1099,151,93
834,1130,1575,ShamAY0034230,1655,896,1334,283,75
834,1180,1379,Zaydiyya0000274,542,738,969,130,68
834,1180,1390,ShamIbadiyya0000050,5126,535,749,122,73
834,950,1548,Sham19Y0149697,8739,474,799,197,37
834,1176,1379,JK000298,1678,483,715,137,75
834,1023,1432,Shia001174Vols,1491,37,307,162,45
834,1176,1386,Sham19Y0020891,5357,166,404,140,72
834,967,1130,Sham19Y0122406,2900,433,770,122,44
834,239,637,JK009229,317,1131,1520,294,89
834,637,893,JK009229,318,0,339,202,72
834,683,893,JK009229,605,1110,1311,156,89
835,112,782,Shia001416,254,871,1514,497,91
835,143,745,Shia003764Vols,220,210,504,188,38
835,143,285,Shamela0023718,223,680,1041,80,29
835,138,341,Shamela0001349,402,908,1084,118,70
835,243,663,Zaydiyya0000037Vols,675,1264,1435,121,35
835,143,721,JK010344,757,399,672,179,38
835,105,848,JK009229,317,374,1131,585,96
836,1277,1493,Shamela0000894,6195,1245,1466,159,90
836,267,579,Shamela0009823,205,39,465,195,58
836,1290,1482,JK009321,147,818,1001,120,73
836,51,406,Kraken220413030759,536,178,636,198,51
836,1290,1493,ShamIbadiyya0000109,7448,32,239,153,92
836,1295,1482,Sham19Y0038171,1706,380,605,138,74
836,1290,1482,JK011730,1226,151,334,112,63
836,138,590,JK000916,25936,336,730,142,33
836,42,579,JK000022,1875,113,830,313,52
836,568,755,JK000022,1875,1105,1362,107,47
836,1295,1482,ShamAY0035035,6376,1205,1430,140,74
836,138,613,Shamela0003118,7657,680,1070,146,33
836,568,755,Shamela0010798,3567,877,1140,108,46
836,839,1544,JK009333,34,568,748,142,24
836,1290,1482,JK000001,1773,524,716,141,87
837,252,1037,JK001324,331,0,886,576,75
837,1045,1597,JK001324,332,576,1209,417,81
837,265,668,Shia001404,199,132,539,290,84
837,1045,1233,Shia001663Vols,276,90,285,148,95
837,4,668,Zaydiyya0000142,3666,968,1571,425,74
837,726,1037,Zaydiyya0000142,3667,0,426,242,70
838,1017,1141,JK000786,3249,919,1042,95,98
838,0,279,JK001324,332,1209,1512,221,89
838,279,639,JK001324,333,0,536,238,51
838,700,1547,JK001324,334,0,983,620,78
838,731,1141,Shamela0011146,135,849,1290,320,88
838,822,1160,Sham19Y0019199,886,1023,1234,150,55
838,610,1106,Zaydiyya0000142,3734,1106,1589,363,89
838,1106,1547,Zaydiyya0000142,3735,0,563,301,66
838,731,1141,Shamela0011997,163,429,836,324,97
838,723,1160,Sham19Y0016618,157,712,1170,322,83
839,1224,1463,JK001324,324,0,224,171,88
839,36,701,JK001324,335,666,1514,486,67
839,701,874,JK001324,336,0,198,131,82
839,948,1468,JK006675,706,74,621,278,55
839,44,198,Shamela0011997,167,258,410,118,97
839,948,1394,Sham19Y0016618,172,1153,1591,305,81
840,292,627,JK009333,34,804,1151,267,89
841,1103,1335,JK007102,34,257,453,128,57
841,1103,1335,JK009248,630,8,198,129,62
841,970,1511,JK009333,34,1002,1137,103,22
842,13,568,JK007084,21,168,1278,412,45
843,1391,1506,Kraken220413030759,1450,930,1047,93,98
843,1398,1629,ShamAY0035035,8984,1159,1416,183,88
843,49,282,JK007084,1,510,794,172,76
843,830,1315,JK007084,7,209,657,325,74
843,1391,1633,JK000001,2965,638,875,184,92
844,193,859,ShamAY0035035,8987,0,698,494,81
844,172,1147,Kraken220413202218,1079,646,1420,344,36
844,1355,1640,JK009333,34,1202,1484,229,97
844,0,172,JK001197,322,93,257,125,90
844,0,172,JK000001,2965,875,1039,125,90
844,167,862,JK000001,2966,745,1473,545,88
844,940,1147,JK000001,2968,635,825,148,84
845,0,171,Sham19Y0150960,217,967,1138,137,98
845,1054,1399,JK001480,10,0,355,269,90
845,637,842,JK001480,12,186,391,143,86
845,0,171,JK001295,217,127,299,137,98
846,565,817,Shamela0036076,1,1182,1425,179,85
846,262,447,Tafsir02102,3739,1372,1552,144,96
846,276,511,ShamAY0035035,3003,752,1185,175,48
846,541,923,ShamAY0035035,3025,33,578,262,58
846,504,870,JK005021,98,779,1030,95,25
846,583,817,Shia002382Vols,24,1320,1551,169,88
846,583,933,Shamela0006947,19272,72,414,261,92
846,276,484,Shamela0010273,739,1424,1590,116,69
846,269,511,JK000001,556,935,1181,193,96
846,541,1018,JK000001,565,287,1120,337,50
848,151,447,ShamAY0036821,13,985,1185,131,55
848,191,444,Shamela0037475,78,800,1027,163,79
848,293,444,JK000906,192,656,782,93,76
848,1470,1685,Tafsir02102,1551,883,1092,166,92
848,1447,1685,Zaydiyya0000295Vols,2529,656,925,179,78
848,159,410,Shamela0010551,315,664,1025,161,52
848,165,447,JK000876,12,1085,1365,172,72
848,151,342,Rafed0001713Vols,26,1159,1408,138,71
848,1164,1685,JK007126,1338,819,1093,208,48
848,151,410,Shamela0023591,41,1330,1485,104,49
848,1470,1685,Shamela0023591,2882,988,1191,160,90
848,1467,1685,Rafed0003669Vols,810,1241,1455,168,90
848,1474,1685,Zaydiyya0000053,451,869,1082,160,87
848,151,447,Sham19Y0020891,135,194,510,214,83
848,880,1252,Sham19Y0020891,1900,454,808,103,23
848,1470,1685,Sham19Y0020891,1901,101,310,166,92
848,1164,1685,Zaydiyya0000062,471,966,1251,205,47
848,293,447,Tafsir08090,9,1314,1454,108,87
848,177,447,JK001496,26,4,279,193,84
848,880,1685,JK001496,609,766,1358,268,32
852,1262,1620,JK000916,12966,699,1013,159,50
852,1262,1620,JK009298,103,624,983,278,94
852,1409,1634,ShamAY0035035,3023,0,262,169,76
852,1404,1620,Shamela0003118,3898,18,170,111,65
852,1171,1634,JK000001,564,157,622,348,90
853,1171,1593,Shamela0029882,304,364,696,189,50
853,616,903,JK007044,524,793,993,151,66
853,1388,1578,JK000906,10,756,948,140,84
853,597,1098,JK009396,11,1041,1565,154,25
853,379,903,Sham19Y0038171,719,49,540,248,47
853,542,1021,Sham19Y0150960,1138,1206,1554,255,63
853,1021,1593,Sham19Y0150960,1139,0,556,440,95
853,347,496,ShamAY0035035,126,425,543,90,72
853,867,1191,JK000162,379,929,1363,164,44
853,1167,1383,JK007081,273,1101,1297,155,89
853,529,1593,JK001295,776,367,1376,772,88
853,529,994,Shamela0008648,39,1112,1508,301,80
853,994,1593,Shamela0008648,40,0,589,463,94
853,347,515,JK000001,189,703,872,83,56
853,0,297,JK000001,564,622,928,209,82
853,579,1593,Shamela0002573,39,602,1244,480,58
854,0,195,Shamela0029882,304,696,874,138,86
854,1009,1214,Sham19Y0014309,275,243,432,112,55
854,1009,1214,JK009336,257,517,704,114,55
854,309,903,JK000906,10,223,659,318,65
854,866,1171,JK000676,412,1272,1569,231,93
854,0,975,Sham19Y0150960,1139,556,1568,728,83
854,975,1317,Sham19Y0150960,1140,0,347,274,98
854,318,657,Shamela0012884,944,578,846,209,74
854,678,1108,JK000162,369,882,1588,306,52
854,1117,1317,JK000162,370,101,281,141,86
854,0,296,Sham19Y0018272,876,28,278,179,65
854,0,116,JK001295,776,1376,1491,94,99
854,116,1317,JK001295,777,0,1160,901,90
854,0,1272,Shamela0008648,40,585,1586,807,78
854,1009,1298,JK000001,569,1288,1656,209,65
854,0,296,Shamela0002573,39,1244,1540,242,99
854,978,1214,Shamela0002573,40,0,239,188,97
855,59,325,JK009333,35,0,266,217,99
856,1329,1485,JK000125,17,657,838,121,85
856,952,1098,Shamela0023700,1961,257,785,83,21
856,960,1098,Sham19Y0038171,696,1128,1276,94,83
856,931,1299,Sham19Y0150960,212,312,677,266,91
856,960,1098,Sham19Y0122397,65,1125,1272,89,79
856,960,1098,ShamAY0035035,2915,705,853,94,83
856,1329,1436,JK007117,671,633,743,83,96
856,1178,1299,ShamAY0034134,668,496,631,96,89
856,973,1098,ShamAY0034134,671,5,132,84,86
856,976,1098,Sham19Y0023625,1046,823,934,79,83
856,1104,1325,Shamela0001417,425,278,512,158,86
856,937,1098,Sham19Y0013252,7266,620,805,85,55
856,931,1061,JK001295,212,1275,1404,100,99
856,1061,1325,JK001295,213,0,291,194,86
856,130,881,JK009333,35,292,1044,593,97
857,340,941,Sham19Y0131521,1893,628,1044,173,29
857,340,941,JK000142,321,118,533,173,29
857,1273,1543,JK000125,17,959,1250,218,91
857,765,1018,JK000125,18,1275,1538,194,90
857,357,941,PV2024060602,4918,0,398,164,28
857,286,605,ShamAY0035035,2921,174,527,241,84
857,734,941,JK000179,1097,737,1011,135,63
857,247,605,JK005021,93,902,1236,223,72
857,765,941,ShamAY0034134,679,1181,1419,126,67
857,835,1200,ShamAY0033729,47,338,887,152,29
857,734,1200,Sham19Y0023625,1054,307,779,153,28
857,743,941,Sham19Y0023618,419,915,1160,136,69
857,734,941,JK001249,95,49,326,136,63
857,340,1007,Sham19Y0020944,286,25,452,197,30
857,1273,1487,JK009365,273,12,299,110,44
857,912,1200,JK001295,212,656,854,139,61
857,221,493,JK000001,538,1291,1557,174,73
858,0,235,JK000125,17,1250,1485,164,85
858,237,1486,JK000125,18,4,1275,929,85
858,1202,1486,Kraken220413030905,110,860,1030,116,47
858,1169,1486,JK007044,2539,888,1164,181,67
858,1159,1486,Kraken220413030759,1194,877,1086,143,49
858,478,849,Shamela0008473,97,907,1100,137,44
858,1159,1489,Shamela0008473,98,290,619,258,95
858,1169,1486,Sham19Y0150960,213,784,1131,235,81
858,478,849,JK009246,82,545,731,137,45
858,1268,1489,JK009246,83,0,208,162,91
858,854,1494,Sham19Y0122257,1295,0,411,253,48
858,1169,1477,ShamAY0035035,2919,827,1080,157,57
858,373,555,JK009273,97,1376,1575,142,86
858,639,1486,JK009273,98,0,449,248,32
858,1154,1486,JK000179,1097,370,761,250,77
858,213,954,ShamAY0034134,677,170,755,344,51
858,678,954,ShamAY0034134,678,586,1073,133,32
858,1176,1471,JK000555,218,660,981,140,52
858,0,213,Sham19Y0023625,1050,1201,1391,125,75
858,206,714,Sham19Y0023625,1051,881,1467,275,46
858,446,1251,Sham19Y0023625,1052,658,1464,284,32
858,1251,1486,Sham19Y0023625,1054,41,331,170,71
858,1198,1486,Shamela0021715,7843,258,536,165,64
858,1159,1486,Sham19Y0018272,398,724,1079,171,56
858,1159,1489,JK000298,1079,641,1016,149,47
858,1169,1486,Shamela0001417,425,809,1159,243,84
858,373,1415,JK001249,94,736,1539,515,55
858,1154,1486,Shamela0000140,1527,367,755,248,77
858,1159,1494,JK000166,6607,296,668,169,54
858,1159,1486,JK000201,3658,707,1059,167,55
858,0,396,Sham19Y0013785,101,928,1165,144,41
858,1169,1486,JK001295,213,720,1074,243,83
859,721,1153,JK000125,19,1019,1520,273,63
859,1153,1560,JK000125,20,0,636,286,51
859,441,677,Sham19Y0150960,212,871,1132,181,88
859,441,680,ShamAY0035035,2918,20,304,170,75
859,437,606,JK000228,124,1150,1298,105,76
859,441,677,JK000162,265,366,611,175,89
859,429,685,JK000555,218,1009,1281,187,87
859,468,677,ShamAY0033731,21,633,861,158,88
859,426,677,Shamela0001417,425,471,724,186,92
859,441,677,JK001295,213,270,512,182,96
860,0,745,JK000125,20,639,1411,551,85
860,1126,1293,Shamela0007795,3,934,1063,94,69
860,1126,1371,Shamela0012093,1,1274,1512,173,86
860,1100,1371,Shamela0022869,25,847,1127,187,79
860,1104,1293,Shamela0038740,102,552,697,104,64
861,1413,1615,JK009298,105,1306,1499,150,90
861,24,570,JK009333,35,747,870,97,22
861,606,1299,JK001197,69,643,1302,416,62
861,764,1299,JK000001,550,0,819,417,61
862,83,371,Sham19Y0123665,557,196,475,193,78
862,83,468,JK009298,105,913,1274,288,90
862,77,468,ShamAY0035035,1165,1026,1325,222,66
862,1133,1453,ShamAY0035035,3011,589,1027,254,69
862,1112,1349,Shamela0006947,643,1176,1410,177,90
862,618,801,JK001197,71,626,808,132,87
862,618,801,JK000001,556,1388,1574,143,94
862,1133,1548,JK000001,559,991,1399,327,97
863,212,485,ShamAY0035035,2907,475,667,129,55
863,212,492,JK007006,322,240,466,146,56
863,212,488,Sham19Y0018272,399,301,552,130,46
863,212,492,JK000298,1081,769,989,133,50
863,888,1554,JK009333,35,987,1548,431,78
863,3,169,JK000001,562,222,450,112,62
864,820,1575,JK009141,1120,698,1533,515,71
864,802,1044,Shamela0000894,4996,1227,1538,139,54
864,1044,1229,Shamela0000894,4997,0,250,140,70
864,802,1533,Sham19Y0014309,1078,719,1560,520,71
864,806,1612,PV2024060602,6976,445,1399,575,71
864,775,1612,Shamela0001391,247,297,1335,590,67
864,820,1612,Shamela0008970,160,141,1063,533,66
864,791,1612,JK000080,528,269,1272,595,70
864,782,1612,Shia001372,56,148,808,356,48
864,806,1612,JK000467,375,306,1287,525,61
864,1081,1612,JK001012,188,1019,1577,392,83
864,820,1105,JK001012,189,742,1008,180,81
864,779,1516,JK009336,921,639,1518,492,65
864,802,1612,Shamela0010460,115,291,1266,589,72
864,974,1612,Sham19Y0122096,1430,588,990,269,47
864,866,1332,Sham19Y0122096,1431,0,799,244,35
864,820,1275,Shamela0026866,1,1000,1524,303,67
864,1275,1612,Shamela0026866,2,7,367,250,79
864,1085,1612,JK007044,1616,93,629,398,87
864,997,1612,Shia001432Vols,27774,7,529,287,50
864,802,1612,Shia001432Vols,28695,582,1115,332,47
864,806,1612,JK000474,2714,862,1379,329,46
864,782,1612,JK000263,27,414,1317,538,63
864,806,1410,JK000140,1191,700,1459,415,65
864,1410,1612,JK000140,1192,0,191,155,92
864,802,1275,Shamela0008473,107,909,1498,315,65
864,1275,1612,Shamela0008473,108,0,370,262,81
864,820,1244,Masaha002064Vols,172,1011,1517,284,69
864,1244,1612,Masaha002064Vols,173,0,420,262,68
864,802,1612,JK000916,20176,981,1511,336,49
864,802,1612,JK000916,20178,146,1116,526,61
864,802,1612,JK009246,91,628,1144,334,47
864,802,1612,JK009246,92,365,1316,579,72
864,802,1123,Kraken230106005528,400,1099,1442,193,68
864,1127,1605,Kraken230106005528,401,0,670,347,60
864,857,1612,Zaydiyya0000259,307,222,1089,541,70
864,791,1178,Sham19Y0014592,1142,335,743,236,65
864,816,1612,Zaydiyya0000067,77,55,945,564,75
864,791,1105,Tafsir01005,3111,1124,1461,189,64
864,956,1612,Sham19Y0127677,2584,648,1376,473,73
864,956,1612,Sham19Y0127677,4927,127,906,501,76
864,802,1612,Shamela0012884,2744,577,1542,593,72
864,802,1612,Shamela0012884,4223,890,1416,347,49
864,1360,1612,JK000943,147,0,168,129,60
864,853,1612,Shamela0009801,146,370,1108,337,41
864,974,1612,Shia002261Vols,151,378,764,270,48
864,816,1267,JK005007,451,1047,1507,264,63
864,1275,1612,JK005007,452,11,361,248,79
864,820,1612,Shamela0026884,386,567,1471,537,69
864,802,1612,Shamela0010906,3282,656,1355,455,61
864,802,1612,Shamela0010517,2658,600,1583,583,71
864,857,1178,Shamela0036446,1350,1061,1380,221,77
864,1185,1612,Shamela0036446,1351,0,449,327,85
864,941,1612,JK009390,1020,554,987,269,46
864,909,1612,JK009390,3896,501,1296,474,66
864,956,1259,JK009390,5291,1111,1452,200,66
864,1267,1612,JK009390,5292,20,421,262,75
864,956,1259,Shamela0001438,4371,1230,1569,204,67
864,1267,1612,Shamela0001438,4372,7,406,256,73
864,956,1612,Shamela0001438,7245,661,1321,437,70
864,956,1612,Shamela0001438,8423,655,1432,501,77
864,974,1612,JK009274,408,1069,1469,269,47
864,802,1612,JK005005,541,544,1016,315,45
864,1332,1612,Shamela0030623Vols,559,0,227,148,57
864,816,1410,Zaydiyya0000133,74,845,1504,360,60
864,820,1459,Shamela0008612,65,896,1558,408,70
864,1271,1605,JK007006,679,44,608,189,38
864,1233,1612,JK008001,384,1138,1475,229,64
864,956,1612,JK008001,385,558,1326,459,66
864,802,1070,JK008001,386,825,1049,149,71
864,941,1612,JK008001,3181,26,799,480,70
864,802,1178,Shamela0013041,782,894,1202,227,76
864,820,1612,ShamAY0033598,288,247,1145,556,72
864,802,1612,Shamela0008381,1083,183,701,331,47
864,974,1612,Shamela0021659,598,360,764,267,47
864,820,1178,JK000761,432,1077,1432,255,85
864,1178,1612,JK000761,433,57,508,302,73
864,782,1612,Masaha001946Vols,1247,142,1214,592,66
864,1016,1612,ShamAY0034585,689,710,1105,267,50
864,802,1612,Shamela0003118,5835,262,794,338,49
864,802,1612,JK009226,186,126,957,468,58
864,791,1612,JK001236,245,40,1050,590,69
864,1081,1612,Shamela0010480,1825,5,582,317,56
864,820,1178,Shamela0010480,1826,117,472,248,84
864,1233,1612,ShamAY0034080,89,584,958,209,54
864,816,1031,ShamAY0034080,90,1357,1575,123,68
864,1034,1612,ShamAY0034080,91,0,772,429,67
864,802,1612,Masaha003294,63,498,1460,588,71
864,782,1612,Shia001237Vols,992,783,1432,348,47
864,802,1612,Shamela0000782,1235,167,1126,578,71
864,802,1612,JK005004,588,825,1329,329,47
864,816,1612,JK005004,589,570,1412,515,68
865,0,1168,JK009141,1121,38,1090,796,83
865,0,1298,Sham19Y0014309,1079,80,1499,945,79
865,1298,1554,Sham19Y0014309,1080,0,288,147,62
865,128,1168,PV2024060602,6977,0,982,721,84
865,0,670,JK000675,345,62,534,310,55
865,0,234,Shamela0001391,247,1335,1568,189,97
865,234,1202,Shamela0001391,248,0,864,614,77
865,0,670,Shamela0001391,249,175,640,308,55
865,0,467,Shamela0008970,160,1063,1533,370,97
865,467,1072,Shamela0008970,161,0,564,398,78
865,0,283,JK000080,528,1272,1556,231,98
865,283,1475,JK000080,529,0,1142,855,86
865,0,533,Shia001372,56,808,1344,396,87
865,0,455,Shia001372,92,149,522,255,66
865,0,275,JK000467,375,1287,1564,227,98
865,275,1072,JK000467,376,0,756,546,83
865,0,590,JK001012,189,0,599,456,91
865,590,1014,JK001012,189,1096,1469,263,72
865,0,1123,JK009336,922,97,1149,785,84
865,0,288,Shamela0010460,115,1266,1557,235,96
865,288,1076,Shamela0010460,116,0,743,562,88
865,0,393,Kraken220413030905,375,1170,1562,306,94
865,393,554,Kraken220413030905,376,0,147,114,90
865,0,603,Sham19Y0122096,1430,990,1462,317,61
865,31,932,Sham19Y0122096,1432,115,1154,302,24
865,0,1145,Shamela0026866,2,367,1534,791,78
865,0,603,JK007044,1616,629,1288,456,83
865,0,447,Shia001432Vols,27746,399,771,252,65
865,0,533,Shia001432Vols,27774,529,1068,395,86
865,0,517,Shia001432Vols,28695,1115,1504,263,59
865,0,262,Shia001432Vols,30440,1304,1566,193,85
865,0,447,Shia001340,289,1045,1526,311,75
865,131,670,JK000474,2715,0,341,212,47
865,0,486,Masaha001072,236,133,660,335,72
865,0,313,JK000263,27,1317,1630,254,96
865,313,1072,JK000263,28,0,710,524,85
865,0,1168,JK000140,1192,191,1303,827,86
865,0,670,Shamela0008473,107,127,604,317,56
865,0,1181,Shamela0008473,108,370,1531,859,86
865,162,1097,Masaha002064Vols,173,382,1280,590,74
865,36,670,JK000916,20177,0,423,279,52
865,0,431,JK000916,20178,1116,1549,341,96
865,431,1160,JK000916,20179,0,699,451,70
865,151,670,Shamela0026390,28,0,316,202,46
865,0,525,Shamela0012738,48,1259,1581,227,53
865,0,543,JK009246,91,1144,1561,283,61
865,0,262,JK009246,92,1316,1578,215,98
865,262,1181,JK009246,93,0,882,625,80
865,0,828,Kraken230106005528,401,677,1505,583,80
865,0,756,Zaydiyya0000259,307,1089,1587,305,45
865,756,1062,Zaydiyya0000259,308,0,291,199,77
865,0,620,Zaydiyya0000067,77,945,1558,484,96
865,620,1072,Zaydiyya0000067,78,0,407,290,77
865,0,170,Sham19Y0127677,2584,1376,1546,139,97
865,4,590,Sham19Y0127677,2585,13,592,451,95
865,0,637,Sham19Y0127677,4927,906,1541,499,95
865,637,1072,Sham19Y0127677,4928,0,389,293,82
865,0,1072,Shamela0012884,2745,0,1047,790,88
865,0,590,JK000943,147,168,611,302,60
865,0,473,Shamela0009801,146,1108,1583,378,97
865,0,590,Shia002261Vols,151,764,1205,297,59
865,0,447,Masaha001075,168,989,1360,253,65
865,0,1076,JK005007,452,361,1154,568,64
865,55,1076,Shamela0026884,387,0,998,721,84
865,0,151,Shamela0010906,3282,1355,1508,124,98
865,479,1160,Shamela0010906,3283,4,408,296,54
865,21,1168,Shamela0010517,2659,0,1061,805,84
865,0,1072,Shamela0036446,1351,449,1451,753,85
865,0,610,JK009390,1020,987,1459,308,59
865,0,262,JK009390,3896,1296,1560,216,98
865,262,590,JK009390,3897,0,321,240,91
865,0,590,JK009390,5292,421,1008,456,94
865,0,590,Shamela0001438,4372,406,988,458,95
865,0,275,Shamela0001438,7245,1321,1596,225,97
865,278,587,Shamela0001438,7246,6,297,221,90
865,136,590,Shamela0001438,8424,0,445,349,95
865,45,603,JK009274,409,0,415,267,56
865,0,590,JK005005,541,1016,1468,307,61
865,0,670,Shamela0030623Vols,559,227,670,295,52
865,0,554,Zaydiyya0000133,75,110,656,423,94
865,0,590,Shamela0008612,66,95,672,431,86
865,0,533,JK007006,679,672,1350,274,43
865,31,603,JK008001,385,0,467,285,55
865,179,587,JK008001,386,0,494,314,79
865,0,590,JK008001,3181,799,1379,457,95
865,1100,1464,Shamela0000432,4370,1065,1245,124,39
865,1066,1488,Shamela0000432,4371,102,323,146,43
865,0,393,ShamAY0033598,288,1145,1542,318,97
865,393,1083,ShamAY0033598,289,0,649,467,82
865,0,670,Shamela0008381,1083,701,1173,313,56
865,0,603,Shamela0021659,598,764,1223,303,59
865,0,598,Sham19Y0018272,920,795,1576,316,44
865,162,1072,JK000761,433,470,1295,565,74
865,52,603,JK000298,2126,58,789,265,38
865,0,269,Masaha001946Vols,1247,1214,1484,217,97
865,204,1181,Masaha001946Vols,1248,508,1408,639,79
865,0,670,Shamela0003118,5835,794,1250,307,54
865,0,554,JK009226,186,957,1500,412,91
865,0,486,JK001236,245,1050,1538,389,97
865,486,1195,JK001236,246,0,696,468,75
865,1118,1464,JK000201,4247,417,824,270,80
865,90,486,Shamela0009270,321,360,746,302,93
865,0,554,Shamela0010480,1825,582,1124,414,92
865,0,447,ShamAY0034080,89,958,1320,249,65
865,0,572,ShamAY0034080,91,772,1154,287,62
865,0,486,JK000196,1734,317,798,381,96
865,90,1072,Masaha003294,64,5,970,713,86
865,96,486,Shia001237Vols,993,0,395,289,87
865,0,422,Shamela0000782,1235,1126,1550,338,97
865,422,1174,Shamela0000782,1236,0,687,493,80
865,0,447,Shia000042,167,1151,1521,253,65
865,0,313,JK007041,1513,1248,1557,248,95
865,313,486,JK007041,1514,0,172,132,97
865,0,204,JK005004,588,1329,1533,165,97
865,308,1076,JK005004,590,0,671,478,75
866,527,1648,Sham19Y0014309,521,747,1477,388,39
866,704,914,Shamela0021766,4794,293,576,138,58
866,837,1535,Sham19Y0122096,1298,687,1109,218,37
866,837,1648,Shamela0005756,12321,138,643,318,43
866,474,1021,Sham19Y0132524,663,1150,1449,134,25
866,0,284,Shamela0012738,49,231,483,194,83
866,837,1021,Shia002264,249,580,737,116,78
866,1186,1648,JK007117,669,993,1562,257,47
866,837,1424,Sham19Y0018106,3291,627,808,134,27
866,627,929,Hindawi040635716,220,284,602,165,56
866,724,914,Sham19Y0014119,195,539,774,119,61
866,698,1021,ShamAY0034134,693,764,907,85,32
866,842,1021,ShamAY0033729,58,921,1448,122,28
866,837,1021,Shamela0001875,488,351,838,126,31
866,724,944,Shamela0008381,2757,1107,1311,135,76
866,837,1412,Shamela0021715,7816,1171,1588,160,25
866,704,1025,Shamela0021715,7819,678,1161,91,17
866,1114,1618,Sham19Y0018272,838,441,815,284,67
866,842,1298,Sham19Y0017791,700,323,496,103,27
866,698,1021,JK001249,97,1131,1274,85,32
866,1040,1448,JK000166,6581,1076,1579,293,69
866,837,1424,Sham19Y0018176,1916,724,1002,165,34
866,513,914,ShamAY0034080,74,79,325,128,37
866,292,434,JK009333,35,1179,1327,106,87
867,668,882,Zaydiyya0000098,61,835,1067,169,86
867,1451,1620,JK000754,2284,768,978,138,78
867,712,1343,Sham19Y0149697,3679,396,988,431,78
867,1451,1620,JK000298,2326,276,506,138,72
867,898,1123,Shamela0006617,1563,407,622,156,77
868,1349,1583,AOCP20251104127,18,441,648,134,70
868,121,293,Sham19Y0017056,912,843,1009,113,81
868,1368,1583,Kraken220413202218,340,365,688,88,31
868,1102,1583,Shamela0006947,1111,21,720,347,60
868,1102,1456,Hindawi081316951,399,1005,1380,225,69
868,887,1051,JK009333,36,28,192,129,98
868,1102,1583,JK001197,125,520,1130,343,67
868,1102,1583,JK000001,1062,215,1042,349,51
869,497,969,Masaha004651,9,908,1188,180,45
869,497,969,Shia000151,283,232,530,174,43
869,1271,1553,Sham19Y0122096,2028,7,744,146,22
869,497,969,Shia001432Vols,23614,133,441,173,42
869,497,969,Shia002185Vols,1829,919,1299,224,56
869,177,451,ShamAY0035035,4564,931,1272,181,64
869,538,960,ShamAY0035035,6351,521,1283,233,34
869,1271,1390,JK009390,1351,576,682,82,86
869,1271,1548,JK009390,1353,989,1334,104,29
869,896,1022,Shamela0001438,8404,461,570,82,83
869,1271,1390,JK009274,528,137,242,84,88
869,497,969,Kraken220413202218,532,99,415,198,50
869,1271,1519,JK009236,141,144,702,102,18
869,1276,1519,JK007006,924,1003,1492,139,32
869,1271,1553,JK008001,405,562,758,152,66
869,177,451,Shamela0006947,1112,962,1242,200,86
869,497,969,Sham19Y0035453,115,1108,1518,241,57
869,1271,1390,Shamela0021659,680,65,170,84,88
869,1350,1553,Sham19Y0018272,1206,105,453,105,31
869,497,969,Hindawi081316951,486,771,1056,173,44
869,177,451,JK001197,126,571,812,161,69
869,177,451,JK000001,1064,463,743,200,86
869,497,969,JK000001,1760,287,674,258,63
869,497,687,Shamela0002573,1605,1259,1452,124,75
870,811,1258,JK000467,2030,1031,1291,170,47
870,0,548,Sham19Y0122096,3798,221,863,124,21
870,853,1258,JK000474,225,177,407,160,50
870,956,1276,Sham19Y0038171,58,0,138,100,39
870,739,1264,Sham19Y0038171,1920,439,833,205,42
870,151,381,JK009298,938,151,412,160,72
870,195,372,ShamAY0035035,4643,7,191,136,90
870,739,1268,ShamAY0035035,7023,947,1345,208,42
870,876,1258,Sham19Y0127677,5464,1071,1284,153,50
870,739,1021,JK000216,394,637,1045,190,58
870,811,1258,JK009390,5445,708,942,155,44
870,811,1258,JK009390,5845,894,1148,157,44
870,909,1258,Shamela0001438,7757,0,174,128,46
870,0,572,JK007006,1634,654,848,91,19
870,876,1258,JK008001,5013,72,280,152,50
870,739,1138,JK000637,1809,766,1109,222,68
870,876,1258,Rafed0002654Vols,6384,1110,1319,153,50
870,849,1258,Rafed0002654Vols,7711,288,532,161,48
870,1203,1379,JK000298,4149,1136,1351,123,66
870,853,1138,JK000298,4150,728,1004,209,89
870,0,518,JK000298,4791,1120,1227,67,16
870,853,1242,JK009226,73,1242,1473,146,45
870,876,1258,Shia004092Vols,6707,689,897,152,50
870,849,1258,Shia004092Vols,8014,1122,1366,161,48
870,849,1008,Shia004092Vols,8689,1109,1287,112,79
870,876,1258,Shia004092Vols,8690,18,245,150,47
870,113,381,JK000001,1097,312,586,206,93
871,1187,1500,JK007070,669,491,727,186,74
871,291,427,JK007070,683,751,880,100,94
871,1213,1327,Sham19Y0018100,1267,30,145,89,97
871,229,591,Sham19Y0131521,6294,605,1015,166,40
871,229,573,JK000142,1108,243,624,150,39
871,1168,1340,Shamela0000894,5170,1045,1236,136,88
871,1135,1327,PV2024060602,1863,622,820,146,92
871,229,604,PV2024060602,3488,93,523,146,33
871,229,573,PV2024060602,5705,119,500,150,39
871,1138,1500,JK000080,799,719,1075,273,93
871,232,565,JK000080,831,1081,1451,224,74
871,236,427,JK000080,922,801,977,133,90
871,236,568,Sham19Y0017616,464,649,968,171,64
871,232,573,JK009336,1750,139,485,185,64
871,1108,1532,JK009336,1752,135,847,271,46
871,229,427,JK000871,2364,674,869,127,83
871,1118,1500,Shamela0036543,2095,502,870,249,77
871,1008,1500,JK000583,199,564,1268,256,39
871,1118,1500,JK007044,5313,330,933,204,40
871,1150,1410,Shamela0012014,74,940,1194,176,85
871,229,573,JK000474,2947,451,835,171,52
871,1054,1500,JK001160,105,0,778,227,34
871,291,427,JK007104,430,145,274,100,94
871,1135,1327,Sham19Y0013605,4806,1240,1438,146,92
871,1041,1500,Sham19Y0038171,1190,221,993,234,38
871,255,573,Sham19Y0146127,1896,395,683,164,66
871,1138,1500,Shamela0005756,4792,460,826,269,89
871,1135,1332,Shamela0005756,14838,476,660,131,81
871,244,584,Sham19Y0132524,2707,65,359,184,64
871,244,427,JK000916,21271,369,539,126,89
871,1041,1500,ShamAY0035035,4729,723,1492,235,39
871,229,427,ShamAY0033551,23,466,669,140,85
871,229,568,Shamela0009379,119,888,1253,164,49
871,1187,1500,Shia002264,376,1223,1473,188,74
871,1187,1410,Shia002264,767,558,771,122,69
871,790,1327,Tafsir01005,3359,689,823,51,10
871,1135,1327,Sham19Y0018103,4036,477,674,146,92
871,1135,1327,Sham19Y0018106,4102,411,609,146,92
871,236,427,Shamela0010517,2160,140,316,133,90
871,1150,1407,Shamela0010517,2539,681,956,176,76
871,236,427,Shamela0010517,2731,797,954,118,80
871,229,427,Masaha004231Vols,454,600,819,139,80
871,1187,1349,Shamela0036446,1074,274,431,124,95
871,1008,1327,JK009137,2811,735,985,146,56
871,1135,1407,JK007065,838,191,538,170,56
871,989,1444,JK009324,2834,156,592,180,38
871,229,427,ShamAY0033733,4,958,1157,136,86
871,255,591,Sham19Y0020638,1202,1096,1459,173,60
871,1013,1318,Sham19Y0020638,1203,1141,1456,153,51
871,1158,1327,JK000429,79,445,604,108,71
871,229,427,JK000484,3632,67,264,138,87
871,229,427,JK000484,3828,863,1053,140,91
871,229,427,JK000484,5627,977,1167,140,91
871,229,427,JK011321,4,181,363,121,77
871,1135,1327,ShamIbadiyya0000220,151,1291,1499,150,91
871,1135,1327,Shamela0037837,523,975,1168,150,98
871,1187,1327,Shamela0000432,6170,401,538,108,97
871,229,427,Sham19Y0014601,5921,474,668,129,83
871,1163,1382,Shamela0008381,3341,369,566,138,79
871,1135,1340,Kraken230110004547,298,1190,1376,131,77
871,1135,1327,Shamela0021715,10346,542,740,146,92
871,1135,1327,JK000110,1863,622,820,146,92
871,229,573,Sham19Y0020591,1811,744,1128,150,39
871,1138,1327,Sham19Y0127656,794,509,689,140,92
871,232,573,Sham19Y0020944,1134,144,627,199,52
871,229,427,ShamAY0032879,7,6,202,141,90
871,1135,1444,Sham19Y0013252,10104,385,792,179,46
871,1187,1410,Shamela0004473,10485,219,449,119,61
871,236,565,Shamela0004473,16107,988,1259,168,65
871,1163,1322,Shamela0004473,16926,1487,1645,122,95
871,229,427,JK009226,804,226,431,136,84
871,282,568,Shamela0025794,1091,0,290,136,58
871,229,568,Sham19Y0122406,3800,67,444,158,41
871,1008,1481,JK000166,3504,472,1230,150,22
871,236,427,Sham19Y0013572,523,1021,1205,133,86
871,1135,1407,Sham19Y0013572,809,159,481,173,61
871,989,1371,Sham19Y0036110,55,112,521,201,52
871,199,509,Sham19Y0036110,340,424,750,176,67
871,1135,1327,Sham19Y0018176,2478,418,616,146,92
871,1135,1332,Sham19Y0016584,4588,970,1173,147,91
871,770,985,JK009333,36,352,553,160,91
871,255,604,Shamela0001727,1456,5,401,168,43
871,268,427,Shamela0021537,448,342,490,115,93
871,258,427,Shamela0021537,1102,1394,1552,123,93
872,664,811,Shamela0000894,6195,953,1118,108,81
872,1283,1507,Sham19Y0146127,2841,575,800,105,55
872,1283,1507,JK000839,10,565,788,116,59
872,1201,1493,ShamAY0035059,19,1219,1497,142,55
872,642,823,ShamAY0034570,54,971,1164,122,76
872,1350,1574,Sham19Y0127677,3093,301,494,142,78
872,1350,1525,Shamela0012884,1364,66,203,103,76
872,1350,1574,JK009390,4408,111,356,148,72
872,1350,1574,Shamela0001438,4940,1158,1400,167,85
872,1350,1507,JK008001,2007,1298,1469,113,84
872,320,882,JK009333,36,558,1133,434,92
873,64,398,JK009152,1539,433,923,175,41
873,1178,1305,Shamela0000894,542,36,597,97,22
873,1063,1267,PV2024060602,1893,440,711,145,67
873,7,293,PV2024060602,3103,263,987,193,33
873,1063,1267,Sham19Y0013605,4868,834,1107,147,67
873,1186,1344,JK006877,25,215,527,100,40
873,152,419,Sham19Y0132524,1383,412,739,190,72
873,1063,1267,Sham19Y0018103,4090,72,412,150,52
873,72,425,Sham19Y0017729,226,606,1002,240,70
873,1063,1281,Sham19Y0018106,4153,740,1143,151,46
873,72,293,JK000216,77,578,801,146,76
873,1063,1267,JK009324,3419,1016,1238,150,78
873,7,293,Sham19Y0020638,873,237,623,182,56
873,1063,1267,Shamela0037837,525,513,854,147,53
873,72,425,Sham19Y0017903,481,798,1174,225,66
873,1063,1276,Shamela0006947,12207,174,469,134,53
873,147,298,Shamela0006947,14975,1043,1226,117,78
873,72,415,JK000146,278,235,473,131,45
873,1063,1267,JK000110,1893,440,711,145,67
873,1063,1281,Sham19Y0013252,10234,1101,1405,151,61
873,1063,1267,Sham19Y0013252,10235,942,1208,154,70
873,1063,1267,Shamela0021741,12,434,712,146,65
873,7,134,Sham19Y0122406,2895,58,306,89,45
873,1063,1260,Sham19Y0017533,26,1113,1394,144,63
873,72,293,Sham19Y0017533,49,3,502,153,37
873,1063,1267,Sham19Y0018176,2513,697,1010,146,58
873,1063,1267,Sham19Y0016584,4657,664,944,147,65
873,7,293,Shamela0001727,1071,136,860,193,33
873,64,293,Shamela0027247,134,1179,1415,155,79
873,1063,1276,JK000967,327,992,1289,136,53
874,37,255,Shamela0023632,2112,1328,1519,138,77
874,37,260,Sham19Y0023618,984,1077,1269,134,73
874,669,881,Sham19Y0149697,4668,1120,1346,154,88
874,669,870,Sham19Y0149697,8737,685,869,130,77
874,18,610,Shamela0001417,544,6,475,296,58
874,133,613,Shamela0010273,1506,1015,1483,253,60
874,33,610,JK001480,482,707,1213,366,76
874,881,1115,JK009333,36,881,1065,150,78
874,640,876,JK000281,2820,393,656,175,85
874,586,870,Shamela0021688,539,556,872,181,70
875,518,769,JK010191,16,1265,1518,187,88
875,1284,1481,Rafed0003726Vols,1502,1554,1704,106,64
875,518,787,ShamAY0035035,4409,387,950,202,43
875,722,1481,JK009333,36,1080,1581,387,63
875,252,487,JK000001,889,156,376,135,65
875,514,787,JK000001,998,1006,1281,209,93
876,819,1018,PV2024060602,3105,1040,1245,160,96
876,819,1018,Sham19Y0017616,311,746,951,160,96
876,33,377,Shamela0036427,197,22,432,203,59
876,37,328,JK000137,1859,477,781,189,71
876,803,1018,Sham19Y0017729,228,422,642,170,94
876,1321,1616,AOCP20251104131Vols,681,887,1177,222,92
876,795,1018,Sham19Y0020638,875,125,690,176,38
876,1205,1616,Sham19Y0149697,8739,1023,1494,255,62
876,28,387,Sham19Y0149697,8739,363,645,215,69
876,803,1018,Shamela0012293,2828,666,900,173,91
876,28,174,Shia001174Vols,1490,1291,1520,112,58
876,800,1018,Rafed0000040Vols,1437,650,881,172,92
876,803,1029,Shamela0004473,11252,221,438,160,86
876,819,1025,Sham19Y0122406,2898,742,1165,165,47
876,10,462,Sham19Y0122406,2900,259,825,284,59
876,37,328,JK000201,2418,106,410,186,70
876,800,1018,Shamela0096283,460,633,870,166,86
876,819,1018,Shamela0001727,1073,905,1110,160,96
876,800,1039,Shamela0021537,1041,1264,1528,181,83
876,792,1018,Shamela0003055,2326,194,448,165,76
876,800,1018,Shamela0003055,2340,1219,1459,164,80
876,860,1029,Sham19Y0095660,295,9,181,134,95
876,803,1029,Sham19Y0095660,592,289,534,178,89
877,0,134,AOCP20251104131Vols,681,1177,1366,101,66
877,1138,1510,JK007006,1285,665,1259,141,23
877,1160,1300,Sham19Y0018272,1651,945,1523,91,20
877,416,947,JK009333,36,1351,1581,171,39
877,752,932,Shamela0000107,3445,868,1033,119,82
878,1399,1634,Sham19Y0122096,2637,901,1227,143,50
878,1303,1693,Sham19Y0038171,25,524,743,127,38
878,1424,1684,Sham19Y0038171,1072,1034,1622,157,31
878,1303,1693,Zaydiyya0000286,73,1046,1433,187,52
878,1303,1693,JK008001,3803,52,274,172,53
878,114,619,JK009333,37,6,474,367,87
878,1303,1693,ShamIbadiyya0000459,40,418,605,109,34
879,140,476,AOCP20251104103Vols,1101,993,1178,109,38
879,140,329,JK000583,453,112,280,107,59
879,140,469,ShamIbadiyya0000109,7318,544,881,98,22
879,395,1036,JK010191,3,562,1117,235,36
879,847,1027,JK001160,447,954,1126,137,92
879,871,1027,Sham19Y0038171,1072,647,772,104,80
879,850,1027,JK001297,41,174,369,140,83
879,127,476,JK000001,128,1107,1367,143,49
887,1198,1634,AOCP20251104131Vols,428,679,1147,290,71
887,1175,1649,JK001157,973,126,627,340,78
887,1175,1481,Shia004038,303,1294,1628,216,76
888,642,1099,Shia001555Vols,251,0,468,325,81
888,829,1099,Shia004456Vols,260,0,301,205,83
888,582,1050,Shia001416,270,63,784,297,50
888,0,984,JK001157,973,627,1597,713,85
888,1358,1633,Sham19Y0023618,1389,566,789,157,68
888,661,1050,Shia001551,25,625,1019,240,72
888,1335,1633,EScr20112411,110,78,326,182,73
888,1358,1633,Shamela0010273,2573,873,1082,153,65
889,603,861,Kraken220414225447,14,67,338,199,90
889,612,861,JK011730,784,342,604,200,92
889,421,586,Kraken220809002354,159,804,973,124,86
889,616,857,ShamAY0034059,842,1126,1371,191,92
889,1463,1595,Shamela0031215,137,612,772,102,80
889,414,597,Sham19Y0123663,96,1009,1193,143,93
889,0,586,EScr20112411,110,326,901,394,78
889,589,756,Shamela0010273,2573,1416,1655,137,69
889,318,857,Shamela0010273,3285,1080,1644,249,42
889,612,792,Sham19Y0145212,335,925,1107,144,93
890,113,743,JK007070,673,0,917,445,59
890,1160,1352,Sham19Y0122096,2637,496,685,152,93
890,1061,1307,JK011730,788,169,351,111,51
890,743,993,Shamela0031215,137,931,1200,118,42
890,59,386,Sham19Y0035453,150,14,430,173,49
890,1236,1368,JK000298,3457,0,132,110,100
891,1109,1511,Shamela0009823,519,229,524,215,64
891,386,628,JK009298,219,604,857,182,89
891,910,1230,JK009298,302,1137,1466,232,88
891,1237,1511,JK009298,303,20,302,213,95
891,31,210,Shamela0013039,16,817,1138,119,43
891,973,1422,JK000001,131,1180,1529,232,63
892,935,1510,Shamela0002215BK1,846,806,1370,358,74
892,208,470,JK009298,324,1258,1510,182,81
892,1015,1366,Sham19Y0147597,106,530,880,255,87
892,1015,1317,Sham19Y0020583,471,355,642,202,82
892,1030,1510,AOCP20251104131Vols,721,495,990,362,89
892,649,864,Shamela0095735,493,1089,1253,108,65
893,112,1626,Shamela0002215BK1,847,0,1502,1134,87
893,936,1413,Shamela0004363,28,884,1195,202,52
893,101,1050,Sham19Y0147597,106,880,1573,491,60
893,1050,1626,Sham19Y0147597,107,0,386,284,61
893,57,1438,Sham19Y0020583,471,642,1518,626,54
893,0,662,AOCP20251104131Vols,721,990,1650,537,98
893,662,1626,AOCP20251104131Vols,722,0,954,676,80
893,684,1261,Sham19Y0149697,1773,744,1234,367,78
893,970,1273,Shamela0008648,727,750,1032,215,85
894,483,767,JK007084,193,1267,1568,176,63
894,732,1502,JK007084,194,21,788,590,91
894,6,184,AOCP20251104131Vols,722,971,1169,141,87
895,1215,1429,JK000238,1562,479,719,158,81
895,852,1573,Shamela0002215BK1,829,504,1270,490,76
895,846,1573,AOCP20251104131Vols,727,57,824,521,79
896,1209,1359,JK009286,358,626,772,112,92
896,1179,1359,Shamela0005756,7234,968,1140,127,88
896,1209,1359,JK009143,741,527,672,112,93
896,1152,1359,Sham19Y0014555,902,1212,1384,129,78
896,0,175,Shamela0002215BK1,829,1317,1544,131,70
896,1209,1369,Sham19Y0032476,969,1296,1457,117,89
896,632,812,JK007084,155,929,1122,136,88
896,1160,1355,Sham19Y0023625,2061,393,578,134,85
896,1160,1359,Sham19Y0023625,2067,1138,1326,138,86
896,1160,1355,JK000298,4538,686,851,120,78
896,1160,1359,JK001249,238,306,495,135,84
896,1160,1359,JK001249,239,102,290,137,86
897,290,668,JK007074,2468,28,322,195,62
897,1290,1478,Kraken220413202218,375,916,1244,89,29
898,18,1082,ShamAY0035035,4845,8,1547,757,58
898,1217,1617,JK009333,37,503,897,297,87
898,0,206,JK000001,1173,1221,1437,149,85
898,206,1158,JK000001,1174,0,914,707,90
899,1439,1563,JK007084,809,1207,1328,90,86
899,0,354,JK009333,37,897,1255,286,98
900,445,693,Kraken220208041040,544,119,369,191,94
900,781,1264,JK000906,6162,0,384,236,53
900,826,1102,JK008004,2,1063,1531,81,16
900,982,1532,JK008004,8,257,426,129,29
900,790,934,JK008004,11,0,456,107,29
900,1102,1321,JK008004,11,809,1276,162,42
900,987,1515,JK008004,12,228,539,122,23
900,769,1151,AOCP2025021446,329,1338,1724,297,93
900,1151,1589,AOCP2025021446,330,0,441,336,95
901,699,1047,Sham19Y0123663,144,1163,1530,213,61
901,0,320,AOCP2025021446,330,446,762,235,90
902,934,1074,Masaha004105Vols,70,176,316,96,85
902,493,814,Sham19Y0123663,82,1155,1459,232,89
902,924,1074,JK010473,175,238,389,105,87
902,934,1074,JK000298,1721,814,952,89,80
902,924,1074,AOCP2025021446,224,1429,1581,106,88
905,825,1061,JK009321,324,824,1075,163,75
905,105,730,Sham19Y0123663,10,973,1572,474,93
905,783,1535,Sham19Y0123663,11,11,701,518,83
905,105,799,JK000041,121,920,1578,501,86
905,809,1535,JK000041,122,10,674,473,77
905,105,992,Shamela0009993,225,679,1543,637,85
905,992,1535,Shamela0009993,226,0,410,294,63
905,145,1227,JK000967,150,425,1492,712,73
905,1298,1535,JK000967,151,22,252,180,94
906,26,780,Sham19Y0123663,11,711,1494,602,94
906,810,1078,Sham19Y0123663,99,1012,1267,181,80
906,26,780,JK000041,122,684,1467,591,90
906,26,780,Shamela0009993,226,420,1197,577,89
906,1128,1292,JK009333,37,727,876,108,78
906,1161,1292,AOCP20251104112,17,361,491,92,80
906,419,743,JK000967,151,891,1212,254,91
907,947,1243,Shia004704,134,1058,1394,87,26
907,942,1243,Shamela0010273,2482,1239,1458,147,61
907,947,1243,AOCP20251117068,681,761,1103,64,15
907,545,869,Kraken21042921,119,1088,1355,168,65
908,1432,1676,Sham19Y0123663,86,761,996,183,92
908,908,1332,Shamela0010273,775,101,536,331,91
908,198,582,Shamela0010273,2483,37,447,281,83
908,198,437,Shamela0010273,2695,164,358,137,70
909,258,1218,Sham19Y0123663,20,807,1424,419,50
909,258,539,JK009333,37,974,1255,227,99
910,0,103,Sham19Y0014249,47,766,1361,61,12
910,172,627,JK009237,547,1021,1561,309,66
910,627,750,JK009237,548,0,196,90,57
910,1243,1455,JK009237,552,1310,1551,133,66
911,445,695,JK009237,548,618,1095,159,41
911,1084,1242,Sham19Y0123663,83,123,284,123,95
911,1068,1381,JK009333,37,1261,1562,228,90
911,1377,1592,JK009333,38,28,235,169,94
912,321,684,Sham19Y0123663,83,45,489,229,55
912,0,110,JK009333,38,235,345,88,100
915,600,1072,JK009141,1066,1027,1474,350,88
915,1072,1487,JK009141,1067,0,439,326,92
915,603,969,Shamela0000894,1275,1252,1633,286,91
915,969,1487,Shamela0000894,1276,0,551,405,91
915,603,1182,Shamela0000894,5066,973,1585,464,92
915,1029,1487,Shamela0000894,5067,34,326,214,56
915,608,1487,Sham19Y0014309,1139,251,1101,598,77
915,600,988,PV2024060602,1725,1066,1459,308,94
915,988,1487,PV2024060602,1726,0,525,390,92
915,884,1487,JK000675,467,0,522,359,69
915,719,1487,JK000080,551,0,801,599,91
915,608,1461,Shamela0021766,1563,696,1580,672,93
915,608,961,Shamela0021766,3376,1191,1545,274,92
915,961,1491,Shamela0021766,3377,0,531,395,89
915,608,1343,JK009336,993,757,1526,579,91
915,1343,1487,JK009336,994,0,144,111,96
915,888,1364,JK007044,2618,93,981,321,45
915,608,1487,Shamela0012014,303,107,1010,669,88
915,655,793,JK000123,1497,1025,1171,114,94
915,626,1270,Sham19Y0013605,4505,0,677,513,93
915,1267,1487,Sham19Y0013605,4505,1272,1502,173,94
915,600,1354,Sham19Y0038171,120,876,1612,509,76
915,600,993,Shamela0005756,14123,1182,1584,315,94
915,993,1487,Shamela0005756,14124,0,517,389,94
915,592,1487,JK007045,352,110,1013,678,90
915,600,1487,JK000022,2892,623,1306,433,56
915,618,942,Sham19Y0122257,1339,896,1225,262,97
915,950,1289,Sham19Y0122257,1340,1254,1607,258,88
915,1289,1487,Sham19Y0122257,1341,0,139,109,69
915,608,1487,Kraken230106005528,423,412,1257,567,72
915,655,793,Kraken21040802,30,968,1114,113,93
915,1276,1491,Kraken220413194022,3018,0,218,161,93
915,600,1241,Sham19Y0017530,7,906,1569,491,88
915,1053,1487,Sham19Y0017530,8,3,282,204,57
915,608,988,Sham19Y0014592,103,1214,1625,283,78
915,988,1487,Sham19Y0014592,104,0,500,342,80
915,608,1063,Kraken220414225529,8,1146,1621,347,88
915,1068,1487,Kraken220414225529,9,6,378,250,68
915,600,923,Sham19Y0018103,3775,1262,1588,256,93
915,923,1487,Sham19Y0018103,3776,0,585,442,94
915,669,1487,Sham19Y0127677,718,11,813,580,83
915,600,1155,ShamAY0034002,41,887,1488,401,76
915,1155,1487,ShamAY0034002,42,0,397,237,72
915,655,793,Sham19Y0017747,2398,148,294,114,94
915,832,1487,Shamela0030327,12,368,981,344,58
915,600,1487,Sham19Y0018106,3862,365,1295,701,92
915,608,1495,Shamela0012884,366,181,956,521,68
915,618,1487,JK009315,24,136,996,615,81
915,655,1457,Sham19Y0014119,201,186,1185,613,74
915,600,1495,Shamela0026884,413,597,1539,604,72
915,655,1487,Shamela0036446,1316,77,879,599,85
915,600,1487,Sham19Y0001729,379,33,1033,556,60
915,592,1487,JK009390,655,447,1412,615,73
915,608,961,Shamela0006610,1188,1165,1495,263,89
915,961,1487,Shamela0006610,1189,0,532,371,80
915,592,793,Sham19Y0023625,85,784,1005,140,76
915,655,897,Shamela0001438,1649,1331,1594,186,79
915,897,1487,Shamela0001438,1650,0,572,406,81
915,608,1019,Sham19Y0132973,817,161,550,286,81
915,608,1059,JK000362,318,1098,1506,207,49
915,1059,1491,JK000362,319,0,387,210,56
915,655,838,JK009274,347,1247,1459,144,78
915,849,1487,JK009274,348,8,632,441,82
915,600,1491,JK007065,1043,111,1023,695,93
915,608,1033,JK001429,100,1044,1487,327,91
915,1041,1487,JK001429,101,0,473,352,93
915,592,1402,AOCP2025021445,127,643,1648,551,62
915,608,954,JK009324,3513,1145,1491,261,87
915,954,1491,JK009324,3514,0,570,420,92
915,608,1019,Shamela0095735,699,841,1190,259,73
915,600,1308,Kraken220413202218,207,838,1363,398,66
915,1187,1487,Kraken220413202218,208,0,313,231,92
915,560,1442,Sham19Y0020638,1239,619,1541,687,91
915,714,1457,Sham19Y0127713,210,0,1372,503,45
915,832,1487,Sham19Y0148271,2006,726,1285,318,56
915,1191,1487,JK000597,2,0,244,143,55
915,608,894,Sham19Y0016976,741,1142,1511,192,58
915,894,1457,Sham19Y0016976,742,0,643,429,81
915,600,1237,JK000742,148,17,567,323,55
915,655,849,JK008001,242,1281,1500,150,78
915,849,1487,JK008001,243,0,613,438,82
915,600,1364,Shamela0037837,751,629,1436,602,91
915,1364,1487,Shamela0037837,752,0,123,96,98
915,600,1250,ShamAY0034005,1142,898,1529,399,64
915,636,1270,Sham19Y0147311,194,990,1615,470,86
915,1270,1487,Sham19Y0147311,195,0,213,165,95
915,560,1487,JK007025,35,473,1454,616,71
915,600,1487,JK000021,271,38,952,606,76
915,603,884,Shamela0006947,10174,706,959,197,84
915,645,1407,Shamela0006947,17600,888,1594,516,79
915,608,1256,Kraken230110004547,181,668,1328,492,87
915,1256,1487,Kraken230110004547,182,0,234,178,95
915,600,1374,Shamela0021715,9560,765,1570,613,93
915,1374,1487,Shamela0021715,9561,0,117,88,94
915,875,1457,Shamela0021715,9562,46,1080,445,54
915,560,1308,Shamela0009563,9,722,1503,492,70
915,1319,1487,Shamela0009563,10,8,202,125,81
915,600,988,JK000110,1725,1066,1459,308,94
915,988,1487,JK000110,1726,0,525,390,92
915,655,1487,Shamela0021659,471,555,1400,591,81
915,655,1457,Sham19Y0017791,723,437,1430,612,75
915,626,1457,Sham19Y0017791,724,0,1486,616,50
915,584,1487,Masaha001946Vols,1298,281,1190,653,83
915,608,1487,Sham19Y0127656,735,33,943,695,94
915,655,1457,Sham19Y0017063,483,36,1018,608,74
915,838,1107,Shamela0000140,1896,1085,1655,202,43
915,1220,1487,Shamela0000140,1898,235,522,179,74
915,744,1487,JK000071,479,0,715,508,79
915,608,1487,Sham19Y0013252,9227,8,916,700,95
915,655,793,Shamela0004473,12817,560,700,114,98
915,618,1487,Shamela0025794,1411,279,1049,440,60
915,608,1487,JK001236,14,315,1232,683,89
915,1161,1457,JK000166,8758,14,487,123,26
915,608,1487,Shamela0009270,220,34,898,470,59
915,608,1487,Sham19Y0013572,1254,187,1097,663,87
915,714,1491,JK000375,51,0,810,610,93
915,600,1487,Sham19Y0018176,2318,261,1191,701,92
915,600,1276,Sham19Y0016584,4274,443,1144,535,93
915,1276,1487,Sham19Y0016584,4275,230,445,166,97
915,592,988,Sham19Y0145212,1595,696,1093,307,93
915,988,1487,Sham19Y0145212,1596,131,649,389,93
915,584,1328,JK000069,72,748,1557,569,83
915,1328,1487,JK000069,73,0,161,119,90
915,608,961,Shamela0096283,441,1148,1521,289,94
915,961,1487,Shamela0096283,442,0,559,411,91
915,608,996,JK009379,104,1159,1568,291,82
915,996,1487,JK009379,105,0,490,321,74
915,832,1487,AOCP2025021446,328,472,1191,382,58
915,600,1487,Sham19Y0020868,536,221,1036,449,58
915,600,1487,JK007063,585,571,1474,639,82
915,697,1491,Shamela0003055,714,21,782,427,61
915,600,1270,Shamela0012981,2153,823,1496,414,63
915,1270,1487,Shamela0012981,2154,0,252,168,84
916,1452,1640,Shamela0009631,377,230,392,109,69
916,79,595,Sham19Y0014309,1141,0,476,329,72
916,1041,1202,Sham19Y0014309,1141,481,654,123,85
916,1368,1605,JK009321,351,1307,1541,187,97
916,405,1064,ShamAY0036163,11,765,971,134,25
916,548,1064,ShamAY0038316,83,935,1036,75,18
916,548,1064,JK000381,891,558,659,75,18
916,37,386,Sham19Y0023625,105,883,1189,240,81
916,1429,1640,Sham19Y0023644,5405,1011,1191,124,71
916,699,1205,Shamela0021715,9563,455,711,159,36
916,787,1123,Shamela0000140,1898,1186,1539,240,78
916,0,438,JK000166,8757,775,1213,331,88
916,405,1202,JK000166,8758,458,1253,585,85
916,0,386,JK000201,4275,633,1030,321,97
916,533,1064,JK000201,4276,253,595,149,30
917,0,209,JK009321,352,35,267,159,87
917,735,1040,ShamAY0036182,232,705,1005,201,76
917,731,1040,AOCP2025021446,318,173,682,217,54
918,1284,1696,Shamela0010736BK1,122,61,670,267,52
918,718,1053,Shia004517,5,197,574,203,62
918,1251,1640,Shia004517,5,1099,1477,188,47
918,286,945,Sham19Y0123663,146,623,1114,186,29
919,706,1141,AOCP20251104144,250,802,968,106,30
919,422,618,AOCP20251104144,251,137,734,145,30
919,1363,1555,Shia004520,30,955,1132,135,83
919,1363,1555,JK009333,38,152,345,155,99
920,163,432,JK007070,194,612,889,200,93
920,616,824,JK009141,818,489,655,120,74
920,487,597,JK009141,860,371,484,85,94
920,620,828,JK010561,141,372,564,139,86
920,837,1253,Sham19Y0131521,6536,952,1405,146,29
920,616,828,Sham19Y0131521,6537,8,220,162,97
920,491,898,JK000142,1159,405,962,226,48
920,206,427,PV2024060602,964,0,244,168,88
920,356,597,PV2024060602,1665,982,1178,106,51
920,491,898,PV2024060602,5756,290,847,226,48
920,464,597,Shia001368,157,374,573,102,64
920,134,487,JK000080,1051,1069,1434,265,91
920,356,1272,JK000080,1052,0,925,575,70
920,134,716,JK009336,1746,516,1017,286,58
920,356,989,JK009336,1747,8,1125,387,42
920,1133,1272,JK009336,1748,20,231,101,60
920,134,427,Shamela0037458,802,622,940,208,81
920,616,716,Kraken220413030759,60,1398,1498,77,97
920,131,427,ShamIbadiyya0000050,1770,311,576,182,79
920,616,898,Shamela0010512,105,1052,1334,154,60
920,131,427,Sham19Y0013605,2994,5,342,219,83
920,356,597,Sham19Y0013605,4369,830,1026,106,51
920,191,427,Shamela0005756,10229,24,285,180,88
920,356,597,Shamela0005756,13869,822,1019,106,51
920,131,343,JK000916,17130,177,410,142,74
920,356,597,Sham19Y0016684,1860,944,1140,106,51
920,131,416,Sham19Y0014592,8,547,865,184,74
920,789,1263,Sham19Y0014592,8,798,1386,216,37
920,356,660,Sham19Y0016946,690,994,1231,134,53
920,131,427,Sham19Y0018103,2422,604,941,219,83
920,356,597,Sham19Y0018103,3666,941,1137,106,51
920,134,915,JK000063,260,456,1276,418,54
920,151,432,Shamela0023685,1466,499,768,194,87
920,131,427,Sham19Y0018106,2557,510,847,219,83
920,356,597,Sham19Y0018106,3756,1059,1255,106,51
920,131,416,JK000179,2890,1272,1503,156,66
920,131,450,ShamAY0034447,4,193,603,237,74
920,1125,1279,Shamela0036446,1078,708,927,100,55
920,115,528,Shamela0036446,1078,221,577,198,53
920,131,427,Shamela0009371,29,1060,1350,183,73
920,131,528,JK007065,814,595,976,246,76
920,169,597,JK007065,815,0,498,174,34
920,163,665,Shamela0009376,13,162,444,119,30
920,243,427,Kraken220413202218,584,0,227,104,51
920,178,597,Sham19Y0020638,1218,96,497,159,34
920,131,427,Shamela0023628,798,203,490,200,81
920,151,432,Shamela0026568,1368,254,525,194,87
920,898,1222,Shamela0005803,149,971,1298,111,32
920,131,427,JK000485,708,721,1013,179,72
920,159,427,Shamela0037837,691,723,1092,181,60
920,131,427,ShamAY0034005,1055,378,687,184,71
920,356,597,Shamela0001524,2758,139,330,105,51
920,131,660,Shamela0000432,4646,442,931,266,63
920,163,665,JK000477,100,1018,1300,119,30
920,1125,1258,Sham19Y0014601,6076,1138,1340,97,60
920,616,934,Sham19Y0014601,6077,703,1168,197,49
920,131,456,Kraken230110004547,297,431,704,174,65
920,131,427,Shamela0021715,5750,444,778,220,83
920,270,427,Shamela0021715,5751,31,268,118,63
920,356,597,Shamela0021715,9247,58,253,107,52
920,206,427,JK000110,964,0,244,168,88
920,356,597,JK000110,1665,982,1178,106,51
920,491,824,Sham19Y0020591,1889,412,805,202,58
920,131,427,Shamela0009107BK1,444,903,1158,159,67
920,151,440,Sham19Y0017063,1234,39,452,181,56
920,491,820,Sham19Y0020944,1191,556,1145,187,39
920,131,427,Sham19Y0013252,6013,501,838,219,83
920,134,427,Sham19Y0013252,6019,109,447,214,81
920,487,597,Sham19Y0013252,8981,63,172,83,96
920,131,427,JK000486,299,899,1243,195,68
920,131,427,Sham19Y0020891,2307,1088,1476,199,63
920,131,416,Sham19Y0020891,5892,397,773,195,64
920,131,716,Sham19Y0013572,773,71,641,309,61
920,131,427,Sham19Y0018176,1384,20,357,219,83
920,356,597,Sham19Y0018176,2250,139,335,106,51
920,883,1197,Sham19Y0018176,2251,0,287,118,37
920,131,427,Sham19Y0016584,2706,202,539,219,83
920,356,597,Sham19Y0016584,4132,1250,1446,106,51
920,131,427,Shamela0096283,310,579,897,222,89
920,238,416,Shamela0001727,1481,3,186,109,72
920,491,898,Zaydiyya0000059,1409,880,1436,222,47
921,0,125,JK007084,252,880,1118,100,51
922,26,1125,JK009321,293,0,982,757,82
922,730,1125,Sham19Y0017350,367,416,707,231,69
922,0,257,Sham19Y0017350,367,171,442,202,89
922,0,730,ShamAY0035035,8773,865,1569,554,92
922,0,569,Sham19Y0023625,6,228,729,383,80
923,234,415,AOCP20250214676,312,1073,1243,115,75
923,234,415,Kraken220208041038,75,248,428,134,93
923,70,419,Kraken220413030759,1721,822,1289,224,61
923,234,362,JK007641,231,453,953,91,23
923,234,415,ShamAY0034857,520,474,653,117,83
923,234,419,ShamAY0034857,545,594,776,121,85
923,234,419,JK000347,65,92,277,131,90
923,234,415,JK009298,746,1145,1324,139,98
923,234,415,Shamela0012031,1040,211,390,117,83
923,313,415,Shamela0012031,1075,6,108,78,99
923,234,415,JK000022,3523,1157,1335,127,90
923,286,419,Sham19Y0018318,22,0,131,88,85
923,222,415,Shia002185Vols,2095,173,368,139,91
923,234,619,ShamAY0035035,8708,747,1240,241,55
923,234,419,ShamAY0034059,5242,133,314,126,87
923,222,419,JK009237,2588,515,704,142,91
923,234,415,Shia004692,159,283,464,116,82
923,234,415,Hindawi086253537,154,485,670,118,84
923,234,415,Shamela0001002,1908,426,608,132,92
923,234,409,JK009233,43,381,551,117,86
923,234,415,Hindawi059290385,1,562,744,139,96
923,313,415,JK009304,168,3,105,78,99
923,234,415,Shamela0095735,748,1275,1451,114,81
923,132,419,Kraken220413202218,1028,1091,1359,147,59
923,66,452,Sham19Y0000760,1000,64,465,250,76
923,234,419,Sham19Y0023644,5244,342,527,122,86
923,234,419,Shamela0000432,6058,539,725,139,95
923,234,628,Hindawi092963020,747,249,611,256,78
923,234,409,Shamela0010273,157,996,1166,131,96
923,88,656,Tafsir04040,1914,724,1289,331,68
923,234,356,Shamela0004473,9208,595,718,91,90
923,234,419,Hindawi081316951,185,733,916,139,96
923,41,415,Hindawi081316951,362,365,1002,226,43
923,234,415,Hindawi093849638,91,254,433,135,96
923,222,415,Shamela0021508,74,331,525,149,96
923,82,415,Shamela0005406,234,730,1061,228,85
923,132,409,Shamela0009229,292,927,1170,154,72
923,234,430,Sham19Y0016953Vols,979,162,395,98,46
923,234,415,AOCP20251104090,93,415,594,121,85
923,88,628,JK000001,2858,778,1256,338,76
923,234,419,JK010625,101,653,841,107,68
924,1063,1299,Shamela0010273,1236,1322,1555,183,96
925,1217,1487,ShamIbadiyya0000050,4570,954,1217,174,73
925,1260,1423,JK009301,401,1061,1224,99,68
925,1221,1487,Sham19Y0023618,1275,663,948,179,71
926,574,932,AOCP20251104112,72,1105,1423,181,59